1,2,3.8072034728955106
1,3,6.181950147313679
1,4,9.011323094505027
1,5,11.583581456633262
1,6,10.240222672085187
1,7,9.927664215647942
1,8,13.268988450493495
1,9,14.978465717661406
1,10,14.274908522445578
1,11,15.79033410080695
1,12,18.651056512791328
1,13,22.150539197927934
1,14,22.885319767545834
1,15,24.660125306312615
1,16,22.59717609411083
1,17,24.218027040743564
1,18,25.66044364291327
1,19,27.92040696146676
1,20,31.096921732000215
1,21,33.99868685301134
1,22,37.230018362487016
1,23,39.584610041391095
1,24,37.835156550884676
1,25,38.34879368873824
1,26,41.97419794007491
1,27,43.16784796826503
1,28,46.719509558192456
1,29,46.051145390003775
1,30,46.949306785805035
1,31,48.82927376463203
1,32,46.41939182330598
1,33,43.7828053764059
1,34,41.089354238322514
1,35,39.26900282697066
1,36,36.34811469536543
1,37,36.4243210948676
1,38,33.453232834555436
1,39,32.31582465569815
1,40,29.153412287339645
1,41,29.726651737452812
1,42,27.803291194449958
1,43,27.72583126680542
1,44,26.24132383587345
1,45,23.15305059385427
1,46,20.3487283172895
1,47,20.76053327121661
1,48,22.86792361648428
1,49,21.533797988854612
1,50,25.186548334999795
1,51,27.534074000382667
1,52,30.365444301409145
1,53,28.97940935709311
1,54,28.469433891716374
1,55,27.06698596987272
1,56,30.188792173508645
1,57,31.46195056944041
1,58,33.298832639841116
1,59,34.24051873029283
1,60,35.179874408887066
1,61,36.744221059591055
1,62,37.84750283253677
1,63,36.69843420366677
1,64,39.17887428083634
1,65,38.343521225630944
1,66,40.51416373531348
1,67,40.428646605653384
1,68,42.87903928617652
1,69,45.247238228733565
1,70,47.226352950327076
1,71,50.03789629250657
1,72,51.24432666152702
1,73,54.84481694453069
1,74,55.0314992115622
1,75,52.7157847382524
1,76,49.485079905002465
1,77,48.07901043053378
1,78,45.20783526190664
1,79,45.52882116152534
1,80,43.855027597348645
1,81,42.07756818321971
1,82,40.685284435008676
1,83,37.46072026790755
1,84,35.983279206877526
1,85,32.82426590944903
1,86,31.064111252808274
1,87,30.698169292479257
1,88,29.586917389000796
1,89,28.076225431132094
1,90,28.267027222047968
1,91,27.515322149946247
1,92,31.074780943006733
1,93,32.95107066363062
1,94,33.476510926278294
2,1,3.8072034728955106
2,3,3.8089694956497455
2,4,6.559986753334086
2,5,8.469735878404363
2,6,6.552652902488302
2,7,6.413877576933124
2,8,9.894883089818626
2,9,11.248883427052197
2,10,10.575495424536788
2,11,12.395065529508987
2,12,15.13783908251909
2,13,18.633539889187894
2,14,19.251797979398606
2,15,21.13199736963756
2,16,19.305299244797606
2,17,21.216336871668886
2,18,22.892874556645584
2,19,25.459680874161485
2,20,28.55076557382701
2,21,31.66885435677122
2,22,34.77060423526957
2,23,37.24037923213555
2,24,35.39463886657644
2,25,35.64303852853288
2,26,39.32138226509977
2,27,40.683495870879256
2,28,44.19468127504914
2,29,43.633839137074126
2,30,44.75258440343968
2,31,46.72667252047777
2,32,44.29342582518651
2,33,41.828498357695246
2,34,39.00428401776837
2,35,37.30938816680529
2,36,34.34735774117737
2,37,34.39813068058017
2,38,31.21950385160319
2,39,29.813919584322893
2,40,26.486095835023196
2,41,26.73526201862723
2,42,24.55446713497179
2,43,24.46261628228722
2,44,22.876473116417124
2,45,19.951077189652388
2,46,17.13948116256343
2,47,17.688401910211162
2,48,19.753284268194484
2,49,18.800377442024157
2,50,22.542288757787748
2,51,25.08280082640716
2,52,27.664238873307944
2,53,25.979952561754097
2,54,25.360475908863368
2,55,23.746422255057645
2,56,26.77574918163958
2,57,27.921933242426366
2,58,29.631867196202084
2,59,30.55529626998853
2,60,31.604233685784326
2,61,33.23357474383031
2,62,34.4976984852138
2,63,33.501126865174534
2,64,36.144579619134305
2,65,35.55452246844726
2,66,37.94318996011742
2,67,38.017176329907464
2,68,40.67574149052913
2,69,43.040511617159325
2,70,45.23161727175773
2,71,48.030262406880034
2,72,49.473233679117044
2,73,53.089927226189666
2,74,53.05675086822507
2,75,50.68450951377472
2,76,47.462901967723525
2,77,45.89608454529307
2,78,42.88756211748111
2,79,42.95811109815971
2,80,41.07584184784516
2,81,39.23941238747875
2,82,37.64134800147282
2,83,34.387432358355
2,84,32.74198779906967
2,85,29.475115139821074
2,86,27.56514977248543
2,87,27.060382079277087
2,88,25.87100471496038
2,89,24.42952149042174
2,90,24.661837632954402
2,91,24.097240332536284
2,92,27.720906276382205
2,93,29.809054757694717
2,94,30.489237467312932
3,1,6.181950147313679
3,2,3.8089694956497455
3,4,3.7915277215468532
3,5,5.546095464952998
3,6,5.2784465764099515
3,7,6.2537066199621085
3,8,8.589878512712668
3,9,10.10995934038157
3,10,10.80063950725696
3,11,12.67073043599979
3,12,14.587112422006555
3,13,18.322202367238212
3,14,19.28171869338218
3,15,21.69197940391213
3,16,20.488757272650233
3,17,22.90813162471258
3,18,24.757053250582835
3,19,27.65998248044372
3,20,30.538981319963806
3,21,33.824760570469216
3,22,36.83527089887677
3,23,39.30425255436144
3,24,37.235539779624105
3,25,37.28254418468717
3,26,41.031316449767075
3,27,42.44851705218629
3,28,45.95857508934293
3,29,45.62993175892979
3,30,46.895912598486234
3,31,49.03597438354288
3,32,46.66890318933191
3,33,44.393517885451985
3,34,41.51405706478117
3,35,39.979687328801816
3,36,36.99903068575111
3,37,36.957240336483565
3,38,33.61563713452905
3,39,32.01108602710724
3,40,28.55317746225688
3,41,28.343151437830596
3,42,25.762679983282418
3,43,25.454846665898668
3,44,23.43709748000092
3,45,20.671949161752778
3,46,17.5381186817455
3,47,17.488639189167177
3,48,18.872051387588062
3,49,17.679147243140154
3,50,21.304729582656517
3,51,24.21603313835206
3,52,26.56745402196345
3,53,24.984824964299637
3,54,24.84554286927166
3,55,23.44487481280828
3,56,26.58635958506332
3,57,27.86620657530633
3,58,29.20099684769634
3,59,30.39785139300258
3,60,31.882736431338415
3,61,33.78056021674065
3,62,35.425547084171704
3,63,34.74959066880037
3,64,37.64247654797845
3,65,37.40368342310399
3,66,40.03920539544937
3,67,40.286114106973926
3,68,43.13213616138693
3,69,45.455644572354615
3,70,47.813307913180296
3,71,50.55154672759892
3,72,52.172164545295054
3,73,55.810681115122385
3,74,55.620043751477404
3,75,53.237246403202086
3,76,50.04931953830405
3,77,48.354565643981104
3,78,45.22699253932943
3,79,45.02994639916207
3,80,42.90406995514249
3,81,40.984338633355605
3,82,39.087978207888185
3,83,35.773984230785345
3,84,33.79820720482369
3,85,30.39140948261632
3,86,28.085521229761643
3,87,27.28462051471137
3,88,25.655620111698067
3,89,24.113920695582404
3,90,23.858650553942255
3,91,23.101697954221336
3,92,26.6168459316782
3,93,28.64256310031414
3,94,29.727588246843734
4,1,9.011323094505027
4,2,6.559986753334086
4,3,3.7915277215468532
4,5,3.8082582603440747
4,6,5.41588087922914
4,7,5.190830876799
4,8,5.995997009038876
4,9,8.534031134890009
4,10,9.98849851879604
4,11,10.974386256765296
4,12,12.301786622150646
4,13,16.13607652416818
4,14,17.741229189715217
4,15,20.60720617241067
4,16,19.82659514808677
4,17,22.657720454079286
4,18,24.24412074375031
4,19,27.360099181713252
4,20,29.890246315801875
4,21,33.197119749271806
4,22,36.23282117487036
4,23,38.505506409066214
4,24,36.13613631477348
4,25,36.19474500926785
4,26,39.99667250383197
4,27,41.266085911290666
4,28,44.82849886270363
4,29,44.808438158756964
4,30,46.06188613597447
4,31,48.44076210342973
4,32,46.285260977639744
4,33,44.23728971534025
4,34,41.45892005767696
4,35,40.25687831333216
4,36,37.270857426936445
4,37,36.888211742046614
4,38,33.4520105632933
4,39,31.9183718938268
4,40,28.51949851020938
4,41,27.89683971296328
4,42,25.12045900396621
4,43,24.298865294951437
4,44,21.827184031021748
4,45,18.990993753752512
4,46,15.54721882538309
4,47,14.820709264550755
4,48,15.777281497590964
4,49,14.241837069226174
4,50,17.76228994396935
4,51,20.75702740921673
4,52,23.079438126631292
4,53,21.702660006250248
4,54,21.90322540216867
4,55,20.884529786961213
4,56,24.226117599462096
4,57,25.879390863196605
4,58,27.188588195123764
4,59,28.791468738830233
4,60,30.503697959861736
4,61,32.754698257236946
4,62,34.64655888792006
4,63,34.35300929547121
4,64,37.44664550916307
4,65,37.47263291084693
4,66,40.298033972659134
4,67,40.43190365154879
4,68,43.35864292563472
4,69,45.44943533844544
4,70,47.85957188781289
4,71,50.40039278585574
4,72,52.126671946580096
4,73,55.82858752584625
4,74,55.58084201889524
4,75,53.342369258073305
4,76,50.30319037105891
4,77,48.67110505172067
4,78,45.55148164569385
4,79,45.16142861479455
4,80,42.83831472846398
4,81,40.65195056758573
4,82,38.52509945617396
4,83,35.053366656018
4,84,32.774480192902374
4,85,29.436184989852848
4,86,26.8261754824323
4,87,26.18956039041934
4,88,24.143893250125128
4,89,22.178990772873373
4,90,21.443419992190822
4,91,20.253241322405277
4,92,23.612672021531775
4,93,25.38717930071585
4,94,26.528706738726868
5,1,11.583581456633262
5,2,8.469735878404363
5,3,5.546095464952998
5,4,3.8082582603440747
5,6,3.8070143248140784
5,7,5.588103652230532
5,8,5.148558734412033
5,9,6.114944454169978
5,10,8.622857984339507
5,11,10.36085551076208
5,12,10.900000533506134
5,13,14.611168807060473
5,14,15.845501669330087
5,15,18.82638168805158
5,16,18.554969522521205
5,17,21.62426187865452
5,18,23.64496038123575
5,19,27.00070531881817
5,20,29.460579251993302
5,21,32.972733231690405
5,22,35.73710622102595
5,23,38.21120150622123
5,24,35.871144546014314
5,25,35.52973964614928
5,26,39.32045559043292
5,27,40.87494584944363
5,28,44.30629608476325
5,29,44.314211215096165
5,30,45.86170820309422
5,31,48.22970562649563
5,32,45.97141767198866
5,33,44.069339857604184
5,34,41.112342440906176
5,35,39.919871744724304
5,36,36.94818093495116
5,37,36.72349423718499
5,38,33.142072154577484
5,39,31.229657120944456
5,40,27.663409665850477
5,41,26.71541360936873
5,42,23.636048309479513
5,43,23.011829006996788
5,44,20.518716241744876
5,45,18.185735462434963
5,46,14.936170668849305
5,47,14.421979423872259
5,48,14.990982171397386
5,49,14.165822327063665
5,50,17.612199788143236
5,51,20.948658145178605
5,52,22.728026060217108
5,53,20.90542285482258
5,54,21.053095807905954
5,55,19.677420704597562
5,56,22.745400096373082
5,57,24.04377536208647
5,58,24.929051870707525
5,59,26.40704032504954
5,60,28.35994522155244
5,61,30.5904232561563
5,62,32.703268164650176
5,63,32.531518625522395
5,64,35.75447996224975
5,65,36.06412880104644
5,66,39.07057512029243
5,67,39.52457227347819
5,68,42.65327393111203
5,69,44.83849630694048
5,70,47.47538004934467
5,71,50.071824179656275
5,72,52.030283244640216
5,73,55.67870030712379
5,74,55.17658282180642
5,75,52.804575872537114
5,76,49.72814442951269
5,77,47.853094199721944
5,78,44.57430329694923
5,79,43.92363082847166
5,80,41.41884317100011
5,81,39.33111105676209
5,82,37.0061438438355
5,83,33.635316271253764
5,84,31.221052105159806
5,85,27.711734686213074
5,86,24.936239636722455
5,87,23.851819462220437
5,88,21.71226656140746
5,89,20.07916463771268
5,90,19.36419916935217
5,91,18.605939138240586
5,92,22.016476155647172
5,93,24.18170180794816
5,94,25.736381801086704
6,1,10.240222672085187
6,2,6.552652902488302
6,3,5.2784465764099515
6,4,5.41588087922914
6,5,3.8070143248140784
6,7,3.764585783407941
6,8,5.4240157522673815
6,9,5.247624607111956
6,10,6.13846095650999
6,11,8.806190717080103
6,12,10.342359746244025
6,13,13.867051065708752
6,14,14.380585662669967
6,15,16.80618897786798
6,16,15.991566475364483
6,17,18.715707284299153
6,18,20.907768406432876
6,19,24.115413484328688
6,20,26.842139111201533
6,21,30.348071852471133
6,22,33.092558650079376
6,23,35.726818246964584
6,24,33.644168444587706
6,25,33.299422791836854
6,26,37.04643657743946
6,27,38.72466024371683
6,28,42.11271065495596
6,29,41.85370789631668
6,30,43.41488520545232
6,31,45.594541043482316
6,32,43.17510896817444
6,33,41.11961028354042
6,34,38.0874976678985
6,35,36.69368808676025
6,36,33.72077465306905
6,37,33.708635571215254
6,38,30.177181554925046
6,39,28.217936302691257
6,40,24.614780180765642
6,41,23.9973558318548
6,42,21.130552259088383
6,43,20.919744733813953
6,44,18.91299666036771
6,45,16.57150339676551
6,46,13.697073835869226
6,47,14.133831074138289
6,48,15.533706987795426
6,49,15.313012172630668
6,50,18.982926563327315
6,51,22.042630223032017
6,52,23.92252072081556
6,53,21.74584611709679
6,54,21.223697633692733
6,55,19.325636108011953
6,56,22.16136154820843
6,57,23.08436136137465
6,58,24.247875570036847
6,59,25.276891036957732
6,60,26.821267336041114
6,61,28.70742908697655
6,62,30.49698564229274
6,63,29.972441501551174
6,64,33.01532229128995
6,65,33.07238742785307
6,66,35.93398669651148
6,67,36.401980210913834
6,68,39.4699303590369
6,69,41.79202723579161
6,70,44.39384804908793
6,71,47.11893725210648
6,72,49.01909491602468
6,73,52.62709026302854
6,74,52.15522722984479
6,75,49.695319119905356
6,76,46.530782931132315
6,77,44.63677070080277
6,78,41.36846447290334
6,79,40.871576528719
6,80,38.52542930394448
6,81,36.58977808899375
6,82,34.48210574342626
6,83,31.203800560857594
6,84,29.086908426922626
6,85,25.565706400972598
6,86,23.14711798169925
6,87,22.1280029765781
6,88,20.51026108230112
6,89,19.211398682153096
6,90,19.222389162612654
6,91,18.98163513396164
6,92,22.629277473821055
6,93,25.099795499471927
6,94,26.341885624992518
7,1,9.927664215647942
7,2,6.413877576933124
7,3,6.2537066199621085
7,4,5.190830876799
7,5,5.588103652230532
7,6,3.764585783407941
7,8,3.8214078802406997
7,9,5.567338989634715
7,10,5.254648516557936
7,11,6.436103651311064
7,12,8.777418826600945
7,13,12.394678280313961
7,14,13.491071130569727
7,15,15.947814879856168
7,16,14.794700904933057
7,17,17.500706807087905
7,18,19.100306125038
7,19,22.21693538870009
7,20,24.813867710090822
7,21,28.16523982591476
7,22,31.14730760992106
7,23,33.52431983188695
7,24,31.28672903793443
7,25,31.27541239472693
7,26,35.05654630712084
7,27,36.44178139867591
7,28,39.95893627300035
7,29,39.80678975555111
7,30,41.130688820042096
7,31,43.430235293876294
7,32,41.19636150890943
7,33,39.14872827350672
7,34,36.317518328279725
7,35,35.12153656084116
7,36,32.13692861035781
7,37,31.784675914862174
7,38,28.315937639813633
7,39,26.73049707050478
7,40,23.33173821419649
7,41,22.782571517768137
7,42,20.135912814198267
7,43,19.457035994013044
7,44,17.303385507784075
7,45,14.435764874888823
7,46,11.299433338612298
7,47,11.575041257208524
7,48,13.474073214013995
7,49,12.957867495398574
7,50,16.739536914302228
7,51,19.440860181710065
7,52,21.708277052528988
7,53,19.75294950586604
7,54,19.10822495903011
7,55,17.4838701163656
7,56,20.590221882723746
7,57,21.94042355162178
7,58,23.601441028024205
7,59,24.87187533699341
7,60,26.189274346853594
7,61,28.236199287769665
7,62,29.88186067757994
7,63,29.432924102549094
7,64,32.439587711090624
7,65,32.36591764937095
7,66,35.15908127569791
7,67,35.24589925156958
7,68,38.176680916239135
7,69,40.27001918859836
7,70,42.71167195228131
7,71,45.27763209537188
7,72,47.05639636817102
7,73,50.74134259544906
7,74,50.43680323700487
7,75,48.171983125146696
7,76,45.13271227768732
7,77,43.4930225458719
7,78,40.38149828117825
7,79,40.00857638954493
7,80,37.72554549642589
7,81,35.539873328874194
7,82,33.51010750019227
7,83,30.05547391560478
7,84,27.93775312225579
7,85,24.643667919266953
7,86,22.285929733328217
7,87,21.882940595826888
7,88,20.231664606790503
7,89,18.410449644016918
7,90,18.36105022913575
7,91,17.68367548582398
7,92,21.311263099061684
7,93,23.477381619488433
7,94,24.26494263691357
8,1,13.268988450493495
8,2,9.894883089818626
8,3,8.589878512712668
8,4,5.995997009038876
8,5,5.148558734412033
8,6,5.4240157522673815
8,7,3.8214078802406997
8,9,3.808423479499213
8,10,5.595351815897268
8,11,5.685145262725902
8,12,6.312342654264997
8,13,10.148158638543931
8,14,11.961747456986906
8,15,15.091171970822694
8,16,14.811131924331354
8,17,18.066983683557687
8,18,19.59379203014278
8,19,23.009859168740512
8,20,25.161139091937176
8,21,28.60404506169504
8,22,31.44702146873287
8,23,33.70476029931343
8,24,31.174668850222815
8,25,30.96765908604055
8,26,34.78285078937889
8,27,36.150619995519115
8,28,39.644852872734354
8,29,39.83028155290193
8,30,41.280598557629844
8,31,43.80627498835051
8,32,41.743024754317446
8,33,39.99845745840448
8,34,37.19775856726079
8,35,36.32824505269023
8,36,33.3740352632267
8,37,32.77959583402723
8,38,29.18421548774705
8,39,27.492471944383865
8,40,24.110174025720095
8,41,22.95516139629898
8,42,19.946101013508525
8,43,18.791810412351467
8,44,16.06172715919705
8,45,13.430358834283007
8,46,9.981482670274888
8,47,9.351924467793445
8,48,10.407121674050085
8,49,9.891354606445793
8,50,13.577591404989406
8,51,16.631462900970742
8,52,18.570906822451942
8,53,16.593815815765506
8,54,16.36425527649993
8,55,15.01340123792605
8,56,18.264919975856095
8,57,19.893896949101645
8,58,21.26871099596475
8,59,22.966810189820052
8,60,24.707207947736862
8,61,27.14234930581773
8,62,29.18862239707297
8,63,29.218888835827013
8,64,32.48586578221743
8,65,32.83481956166876
8,66,35.88701286356938
8,67,36.039730816332735
8,68,39.12926942298488
8,69,41.039183371876575
8,70,43.62790421196594
8,71,46.021252082770104
8,72,48.00049162112374
8,73,51.70329210983747
8,74,51.227151882908274
8,75,49.04099630584085
8,76,46.13422937183059
8,77,44.438235162747446
8,78,41.26929490787523
8,79,40.58127257720805
8,80,38.023630329731674
8,81,35.64344978664718
8,82,33.27827023976311
8,83,29.73413400516252
8,84,27.2170469265071
8,85,23.913190399850514
8,86,21.108875312559483
8,87,20.61963642657763
8,88,18.403895238694727
8,89,16.238930576839778
8,90,15.558347922940397
8,91,14.545010159717027
8,92,18.069027214575005
8,93,20.17122293807382
8,94,21.287561553010033
9,1,14.978465717661406
9,2,11.248883427052197
9,3,10.10995934038157
9,4,8.534031134890009
9,5,6.114944454169978
9,6,5.247624607111956
9,7,5.567338989634715
9,8,3.808423479499213
9,10,3.85399587345758
9,11,5.710851325457607
9,12,5.639449097478216
9,13,8.985617930184386
9,14,9.756781358975282
9,15,12.761325577194294
9,16,12.859938818561593
9,17,16.220961668226725
9,18,18.33991611111684
9,19,21.91221754736217
9,20,24.116799132574386
9,21,27.753926783797837
9,22,30.283080780412345
9,23,32.832128331858065
9,24,30.48752759570436
9,25,29.852580811570746
9,26,33.61991023046616
9,27,35.35106021563364
9,28,38.67467990101082
9,29,38.74290333429523
9,30,40.497032399351085
9,31,42.900534884471085
9,32,40.649554524145096
9,33,38.97111368235856
9,34,35.95609432410217
9,35,34.98506525928129
9,36,32.05715217930909
9,37,31.748502571036536
9,38,28.049929904186236
9,39,25.934510371280034
9,40,22.363076041364067
9,41,21.01467018866722
9,42,17.75785383652531
9,43,17.071664560481533
9,44,14.602230524150317
9,45,12.656328316318326
9,46,9.829063879685917
9,47,10.146588115699235
9,48,11.135377566971924
9,49,11.818139808395982
9,50,15.264414919366153
9,51,18.400798662265384
9,52,19.764146572235063
9,53,17.185626807523196
9,54,16.535608476544667
9,55,14.465002166390333
9,56,17.189865082565195
9,57,18.148325490438662
9,58,19.16720242278072
9,59,20.465864996837205
9,60,22.278476110473107
9,61,24.516472964641114
9,62,26.654270344106756
9,63,26.63626183107515
9,64,29.961304279923766
9,65,30.489544915396568
9,66,33.6591393211953
9,67,34.1611604427855
9,68,37.42266938516069
9,69,39.50343934818192
9,70,42.29783977565328
9,71,44.81475947070572
9,72,46.986528375499496
9,73,50.605667261681
9,74,49.89656881191943
9,75,47.5299758892272
9,76,44.539821144249665
9,77,42.58718297505194
9,78,39.26297177698105
9,79,38.38601623430748
9,80,35.72043684058962
9,81,33.52893453481469
9,82,31.061904911891286
9,83,27.676723406295952
9,84,25.16358469630891
9,85,21.64364305598973
9,86,18.821954377992725
9,87,17.816234420287294
9,88,15.749592824162928
9,89,14.188484542399054
9,90,13.993336395162718
9,91,13.885549593332133
9,92,17.555782949648282
9,93,20.249790870077938
9,94,21.65013128472023
10,1,14.274908522445578
10,2,10.575495424536788
10,3,10.80063950725696
10,4,9.98849851879604
10,5,8.622857984339507
10,6,6.13846095650999
10,7,5.254648516557936
10,8,5.595351815897268
10,9,3.85399587345758
10,11,3.8148270367332255
10,12,5.916819723264057
10,13,8.690321326638335
10,14,8.712187189625629
10,15,10.89714198885627
10,16,10.010302409668675
10,17,13.017510382954004
10,18,15.088596544367439
10,19,18.5057556229018
10,20,20.9833758211515
10,21,24.571708248389207
10,22,27.214158378959453
10,23,29.833273872718113
10,24,27.692526183196353
10,25,27.21951799215842
10,26,30.97221486011057
10,27,32.701229296901595
10,28,36.05294469064748
10,29,35.87622843127006
10,30,37.531770522357625
10,31,39.79395768065824
10,32,37.447591543672
10,33,35.593680519707846
10,34,32.57857145636833
10,35,31.47393568242419
10,36,28.520633658539357
10,37,28.281226600832543
10,38,24.639906280210564
10,39,22.633776349492994
10,40,19.07859591418118
10,41,18.140080318050277
10,42,15.222553302813873
10,43,14.801688042672637
10,44,12.882196621843423
10,45,10.62225205722496
10,46,8.228014075193546
10,47,9.787860656686549
10,48,11.960693944080479
10,49,12.984980911536432
10,50,16.53581435717233
10,51,19.134542304104034
10,52,20.786116244895236
10,53,18.08439725047105
10,54,16.703014436486406
10,55,14.246120082898141
10,56,16.78157878589535
10,57,17.507916312258537
10,58,19.114336860664494
10,59,19.992366915097843
10,60,21.181086989959937
10,61,23.085942782239634
10,62,24.765548249500974
10,63,24.366714061655443
10,64,27.47819206595994
10,65,27.648692958563164
10,66,30.636463531185118
10,67,30.96704365759885
10,68,34.1101865078169
10,69,36.242506401264556
10,70,38.93023300896453
10,71,41.52193019678477
10,72,43.574581977442804
10,73,47.19783914490771
10,74,46.60479541364336
10,75,44.229105727020155
10,76,41.191130975468695
10,77,39.33457024484473
10,78,36.08507188851817
10,79,35.43974817754822
10,80,32.974381256278015
10,81,30.82134582413198
10,82,28.632986201734923
10,83,25.24690577132005
10,84,23.074451847874865
10,85,19.643875912377535
10,86,17.29540120533805
10,87,16.721536788238474
10,88,15.325521723038163
10,89,13.928560411538593
10,90,14.595956672520057
10,91,14.828586725797257
10,92,18.596957060118118
10,93,21.348090296199302
10,94,22.170553679952075
11,1,15.79033410080695
11,2,12.395065529508987
11,3,12.67073043599979
11,4,10.974386256765296
11,5,10.36085551076208
11,6,8.806190717080103
11,7,6.436103651311064
11,8,5.685145262725902
11,9,5.710851325457607
11,10,3.8148270367332255
11,12,3.8032920013720437
11,13,6.511860760224243
11,14,7.826146580718244
11,15,10.358850370474174
11,16,9.590374546774143
11,17,12.796920751976382
11,18,13.9968343668347
11,19,17.441006648563977
11,20,19.483667527906874
11,21,22.934553437359405
11,22,25.766941608394355
11,23,28.030141712012696
11,24,25.5566876143173
11,25,25.356960557928304
11,26,29.168713900643358
11,27,30.565439520526244
11,28,34.05203260650563
11,29,34.16281365189643
11,30,35.62566720339621
11,31,38.130179703236536
11,32,36.07080258412344
11,33,34.38204390901305
11,34,31.610432180876693
11,35,30.891092551402085
11,36,27.96247987026101
11,37,27.224301717745863
11,38,23.607772338930307
11,39,21.990532004362723
11,40,18.73548761195475
11,41,17.554183204277727
11,42,14.762356270742806
11,43,13.449105720124924
11,44,10.988727627008574
11,45,8.06503570698539
11,46,4.948445315879617
11,47,6.218882960051092
11,48,8.939751513716663
11,49,9.971474373290354
11,50,13.458419962424301
11,51,15.699565562952676
11,52,17.57093442802144
11,53,15.034001514786029
11,54,13.558373362971155
11,55,11.467265165034148
11,56,14.409631244605656
11,57,15.803933777886993
11,58,17.875856821747988
11,59,19.239519323463025
11,60,20.35889600126498
11,61,22.628961756892515
11,62,24.331557490246244
11,63,24.26981169932111
11,64,27.43528287802135
11,65,27.6725558440911
11,66,30.682780735059136
11,67,30.632404923623266
11,68,33.68437253322199
11,69,35.47060945874386
11,70,38.04962149438349
11,71,40.38113110394821
11,72,42.39920777098708
11,73,46.104145144822084
11,74,45.604524446428215
11,75,43.4758177934655
11,76,40.6425331694662
11,77,39.03377445313988
11,78,35.940251118645705
11,79,35.278570138343376
11,80,32.76393772197474
11,81,30.25787671710191
11,82,28.000340178524684
11,83,24.39194551057453
11,84,22.02195529418737
11,85,18.890144481123773
11,86,16.404941576648664
11,87,16.55834472571572
11,88,14.862155855932771
11,89,12.65359420095676
11,90,12.959732955863444
11,91,12.547447484047696
11,92,16.221416156823704
11,93,18.616320642345986
11,94,19.035517282457285
12,1,18.651056512791328
12,2,15.13783908251909
12,3,14.587112422006555
12,4,12.301786622150646
12,5,10.900000533506134
12,6,10.342359746244025
12,7,8.777418826600945
12,8,6.312342654264997
12,9,5.639449097478216
12,10,5.916819723264057
12,11,3.8032920013720437
12,13,3.836329405638197
12,14,6.275158381588465
12,15,9.781611858542059
12,16,10.441630504092046
12,17,14.129217481827327
12,18,15.40405807923697
12,19,19.076674602691465
12,20,20.592811014483
12,21,24.120792173519
12,22,26.65448177784995
12,23,28.844553844605706
12,24,26.137594994566875
12,25,25.58551670831881
12,26,29.378615624476144
12,27,30.852751126780163
12,28,34.23436340684755
12,29,34.677996500289396
12,30,36.35261138131805
12,31,39.03790056538232
12,32,37.115801394478424
12,33,35.76711891046406
12,34,32.99213663561027
12,35,32.56498067929028
12,36,29.71479798768219
12,37,28.845404068715236
12,38,25.138828483393123
12,39,23.309677150202734
12,40,20.089174400302173
12,41,18.21092014736051
12,42,14.979322118925069
12,43,13.256167993377263
12,44,10.112632589299142
12,45,7.981976718923738
12,46,4.92293235341491
12,47,4.895130914638388
12,48,6.218918616375109
12,49,8.096794978471571
12,50,11.206464019893307
12,51,13.84941221558833
12,52,15.066015117726383
12,53,12.21431182455486
12,54,11.063028043920971
12,55,8.99278314211872
12,56,12.023174533375247
12,57,13.608783453999706
12,58,15.202904257451506
12,59,17.031371213017724
12,60,18.73163312952209
12,61,21.423091083726003
12,62,23.63532007647534
12,63,24.117641482319222
12,64,27.558651765371305
12,65,28.310013771273194
12,66,31.591087418508593
12,67,31.73151828890824
12,68,34.96416220774755
12,69,36.60862166575265
12,70,39.37394624580339
12,71,41.55490940483797
12,72,43.81095431824344
12,73,47.484489430159904
12,74,46.752365667349295
12,75,44.65787738375046
12,76,41.945485728752146
12,77,40.210193124402956
12,78,37.033162990373874
12,79,35.99869374311654
12,80,33.18505343128091
12,81,30.562032775656157
12,82,27.92012083527018
12,83,24.302728083374422
12,84,21.482248358290033
12,85,18.299611679247967
12,86,15.24971849869112
12,87,15.116639101466047
12,88,12.69716661152947
12,89,10.126039408205465
12,90,9.68254929477432
12,91,9.12437289792056
12,92,12.855792333032474
12,93,15.453114300566257
12,94,16.39084947539139
13,1,22.150539197927934
13,2,18.633539889187894
13,3,18.322202367238212
13,4,16.13607652416818
13,5,14.611168807060473
13,6,13.867051065708752
13,7,12.394678280313961
13,8,10.148158638543931
13,9,8.985617930184386
13,10,8.690321326638335
13,11,6.511860760224243
13,12,3.836329405638197
13,14,3.8351743632043958
13,15,7.309269048339911
13,16,8.938349953734427
13,17,12.657548546468536
13,18,13.645576258146885
13,19,17.356253797569675
13,20,18.30905237802668
13,21,21.827720898146044
13,22,24.067350405798393
13,23,26.18561142502257
13,24,23.379214948272722
13,25,22.541781640972548
13,26,26.28265586008335
13,27,27.840077170231627
13,28,31.10915638679089
13,29,31.741138673198414
13,30,33.579635153322876
13,31,36.35992109937262
13,32,34.54755329571114
13,33,33.496397128836676
13,34,30.7631255240098
13,35,30.656043313281046
13,36,27.922891067427415
13,37,26.875978647529916
13,38,23.1534354573076
13,39,21.24961576339202
13,40,18.244616039514003
13,41,15.826167314348124
13,42,12.513593157569321
13,43,10.302042262372717
13,44,6.801390228376175
13,45,5.629512433825227
13,46,4.183395804458041
13,47,4.9951185692966495
13,48,6.015271106467379
13,49,9.281390267514494
13,50,11.42473589882142
13,51,13.466119102525829
13,52,14.014134905482099
13,53,10.629117288314744
13,54,8.609192154976716
13,55,5.703607902605098
13,56,8.303861654069326
13,57,9.796722997868404
13,58,11.629357984830655
13,59,13.557617796859532
13,60,15.198005460026144
13,61,18.096965067402184
13,62,20.432233441138834
13,63,21.285267095260878
13,64,24.821666077231512
13,65,25.87740284193315
13,66,29.28973099579397
13,67,29.42701151117599
13,68,32.732016972074625
13,69,34.17485343090102
13,70,37.0488333052304
13,71,39.06807356990806
13,72,41.50805292447031
13,73,45.13832718844143
13,74,44.22778925115335
13,75,42.203492951545634
13,76,39.641234092953
13,77,37.88492927210496
13,78,34.72420510271888
13,79,33.44516341821232
13,80,30.463874992114135
13,81,27.683233204030277
13,82,24.844787073901426
13,83,21.205631263534087
13,84,18.15269652495148
13,85,15.117063051329916
13,86,11.876143878979391
13,87,12.107001980771456
13,88,9.558252427059102
13,89,6.569409228445089
13,90,6.529665315818129
13,91,6.69643110522987
13,92,10.353931990177058
13,93,13.310341557737617
13,94,14.045876840077923
14,1,22.885319767545834
14,2,19.251797979398606
14,3,19.28171869338218
14,4,17.741229189715217
14,5,15.845501669330087
14,6,14.380585662669967
14,7,13.491071130569727
14,8,11.961747456986906
14,9,9.756781358975282
14,10,8.712187189625629
14,11,7.826146580718244
14,12,6.275158381588465
14,13,3.8351743632043958
14,15,3.8360346498655606
14,16,6.166454899149768
14,17,9.905598483322796
14,18,11.642796760865188
14,19,15.425672131811801
14,20,16.592223004322207
14,21,20.30615340252402
14,22,22.22226369649255
14,23,24.748564845020578
14,24,22.327654483105697
14,25,21.064468799864564
14,26,24.735381603660496
14,27,26.738278962460562
14,28,29.817410520608284
14,29,30.135467798206218
14,30,32.25664110111349
14,31,34.79145519045899
14,32,32.69389384140876
14,33,31.58977506283261
14,34,28.6078771212913
14,35,28.285655782511526
14,36,25.572593066098484
14,37,24.914567077346785
14,38,21.121675730549978
14,39,18.756700249647565
14,40,15.527195400853376
14,41,13.00058237739365
14,42,9.397615785438077
14,43,8.025090858788946
14,44,5.450253084034143
14,45,5.717168806958616
14,46,6.116961194661014
14,47,8.462422604558078
14,48,9.83803973422839
14,49,13.075277085053994
14,50,15.23249720772501
14,51,17.146393926091807
14,52,17.475493817939718
14,53,13.905462113130746
14,54,11.442715585879984
14,55,7.87797108073182
14,56,8.982760282317622
14,57,8.899111298539589
14,58,10.58897053694639
14,59,11.483627729196824
14,60,12.786439806560972
14,61,15.231952880353543
14,62,17.456507266827245
14,63,18.029045189670363
14,64,21.583937117493587
14,65,22.676325230374918
14,66,26.157027876231826
14,67,26.619137061301206
14,68,30.065776021118193
14,69,31.754161358655484
14,70,34.79756359234189
14,71,37.017524953072815
14,72,39.583472503568544
14,73,43.12253131264336
14,74,42.03894838433746
14,75,39.79587307971853
14,76,37.09502402863827
14,77,35.097783070166884
14,78,31.79043447715296
14,79,30.42604807510201
14,80,27.41548282815955
14,81,24.873566776436693
14,82,22.044789526580725
14,83,18.56429833787976
14,84,15.683422079609995
14,85,12.282268618555406
14,86,9.194969146183901
14,87,8.924669937971235
14,88,7.068786301793761
14,89,5.442476741199147
14,90,7.396364220840741
14,91,9.237771862591885
14,92,12.600373816222037
14,93,15.963473132820456
14,94,16.695361802480306
15,1,24.660125306312615
15,2,21.13199736963756
15,3,21.69197940391213
15,4,20.60720617241067
15,5,18.82638168805158
15,6,16.80618897786798
15,7,15.947814879856168
15,8,15.091171970822694
15,9,12.761325577194294
15,10,10.89714198885627
15,11,10.358850370474174
15,12,9.781611858542059
15,13,7.309269048339911
15,14,3.8360346498655606
15,16,3.791008121849231
15,17,6.849918352154077
15,18,8.846966673005339
15,19,12.48933152009176
15,20,13.61673861474734
15,21,17.38666979634626
15,22,19.0043630231013
15,23,21.794626922179848
15,24,19.723031136415322
15,25,18.175653096514477
15,26,21.753983940408318
15,27,24.057627788624767
15,28,26.983331443327355
15,29,27.030195008690953
15,30,29.31971275512185
15,31,31.65949542831622
15,32,29.38582216367353
15,33,28.276607442534537
15,34,25.16982441519238
15,35,24.797559345117207
15,36,22.14710675230554
15,37,21.675943340616097
15,38,17.883436246091474
15,39,15.247987211364284
15,40,12.019388870485438
15,41,9.313312403459825
15,42,5.6081571642910735
15,43,5.032264088746671
15,44,4.426257336530161
15,45,6.128896816551071
15,46,8.257588582841171
15,47,11.340740060166567
15,48,13.162135358017983
15,49,16.448458454022965
15,50,18.465460021339393
15,51,19.91943352371313
15,52,20.20178411736655
15,53,16.613622264597666
15,54,13.610338623619171
15,55,9.868539686187882
15,56,9.791477024807564
15,57,8.512597646208526
15,58,10.567073828888661
15,59,10.292198207604283
15,60,10.544107180120722
15,61,12.349375091294215
15,62,14.104481557341309
15,63,14.347298108975371
15,64,17.825902630510473
15,65,18.841559150908527
15,66,22.328037447861618
15,67,22.86784988814068
15,68,26.36800865716819
15,69,28.139154002366205
15,70,31.266894463295838
15,71,33.576586307208835
15,72,36.219889134363484
15,73,39.6923587788643
15,74,38.508997466057146
15,75,36.16690436245077
15,76,33.42176083367493
15,77,31.336496392473755
15,78,27.99277831994935
15,79,26.610928437551312
15,80,23.626420436677787
15,81,21.16361949048536
15,82,18.437354522817273
15,83,15.021606325798574
15,84,12.425086245519195
15,85,8.893551475608092
15,86,6.44353959631521
15,87,6.618646997021865
15,88,6.52549182131736
15,89,6.425195895245334
15,90,9.680422029691874
15,91,12.100394276807714
15,92,14.998638009957226
15,93,18.340550784756363
15,94,18.627918404792375
16,1,22.59717609411083
16,2,19.305299244797606
16,3,20.488757272650233
16,4,19.82659514808677
16,5,18.554969522521205
16,6,15.991566475364483
16,7,14.794700904933057
16,8,14.811131924331354
16,9,12.859938818561593
16,10,10.010302409668675
16,11,9.590374546774143
16,12,10.441630504092046
16,13,8.938349953734427
16,14,6.166454899149768
16,15,3.791008121849231
16,17,3.829080763756371
16,18,6.17407026206564
16,19,9.870541545306208
16,20,11.862966671586719
16,21,15.65780759784654
16,22,17.738566019271364
16,23,20.64596645022433
16,24,18.83772153374985
16,25,17.798179406663277
16,26,21.42588763259838
16,27,23.58884603325875
16,28,26.677183691742403
16,29,26.329486203108264
16,30,28.34121549062797
16,31,30.49309460454064
16,32,28.054316579206148
16,33,26.51665935139743
16,34,23.38362173145467
16,35,22.655679520459206
16,36,19.841095602135663
16,37,19.501588294245
16,38,15.708828537489216
16,39,13.283412720420943
16,40,9.81531390354001
16,41,8.189503648512774
16,42,5.371827536239208
16,43,5.61480959755058
16,44,6.128649620409004
16,45,6.085071423858652
16,46,8.115798390963127
16,47,11.77558538306956
16,48,14.460681808840485
16,49,17.241671478793172
16,50,19.680312761059945
16,51,20.97290221640988
16,52,21.877860618742393
16,53,18.56072430208591
16,54,15.48273854756525
16,55,11.9943276197032
16,56,12.480253632177755
16,57,11.68219342352156
16,58,14.175332414572285
16,59,13.759505715927128
16,60,13.354714333112739
16,61,14.538172822307995
16,62,15.447790136127562
16,63,14.865889525427852
16,64,17.884721137094047
16,65,18.118222178253145
16,66,21.252365711364835
16,67,21.48267136946991
16,68,24.783378540456916
16,69,26.73067573549635
16,70,29.644746975201087
16,71,32.14119581701502
16,72,34.51273686677101
16,73,38.05543002842217
16,74,37.153970651943474
16,75,34.77848751767744
16,76,31.879644247017264
16,77,29.96156626962405
16,78,26.709955578277647
16,79,25.819483234584954
16,80,23.22959494814856
16,81,20.87748287467712
16,82,18.716201705599886
16,83,15.29905487628982
16,84,13.445155688599522
16,85,10.239313664702012
16,86,8.996051749689123
16,87,9.726741996173427
16,88,10.281296473801982
16,89,9.97626019994718
16,90,12.913694894183923
16,91,14.725182891955495
16,92,17.818723772231678
16,93,20.877834925298185
16,94,20.753428458714282
17,1,24.218027040743564
17,2,21.216336871668886
17,3,22.90813162471258
17,4,22.657720454079286
17,5,21.62426187865452
17,6,18.715707284299153
17,7,17.500706807087905
17,8,18.066983683557687
17,9,16.220961668226725
17,10,13.017510382954004
17,11,12.796920751976382
17,12,14.129217481827327
17,13,12.657548546468536
17,14,9.905598483322796
17,15,6.849918352154077
17,16,3.829080763756371
17,18,3.7845070870407937
17,19,6.78826588192694
17,20,9.324109695984069
17,21,13.011644948056103
17,22,14.967479783419884
17,23,18.153609373007942
17,24,16.92049897599244
17,25,15.91718779287145
17,26,19.340083421704904
17,27,21.661068441466476
17,28,24.613670192055455
17,29,23.80890340014559
17,30,25.810364653687238
17,31,27.652791576152065
17,32,24.979694590939246
17,33,23.221820998148097
17,34,19.966797911975505
17,35,18.989101972144365
17,36,16.15395069504251
17,37,16.10851034196704
17,38,12.361298609389223
17,39,9.77314939732702
17,40,6.151592462225152
17,41,5.533784910546971
17,42,4.48358307350763
17,43,6.297716234207296
17,44,8.586685912016943
17,45,8.869232081968814
17,46,11.335904105955358
17,47,15.065926481298797
17,48,17.967282366732828
17,49,20.651950250155636
17,50,23.03268890192429
17,51,23.989791662670317
17,52,24.984318761618333
17,53,21.764590589857143
17,54,18.452869000227945
17,55,15.067905184080654
17,56,15.06939884917993
17,57,13.854518597596115
17,58,16.475480950317774
17,59,15.403581107314096
17,60,14.079685085034262
17,61,14.36104304216526
17,62,14.305000971388123
17,63,12.944342783096841
17,64,15.419402388501489
17,65,15.04879795474549
17,66,17.904592155486462
17,67,17.999611712658957
17,68,21.212724583608793
17,69,23.323828707554107
17,70,26.189626951100347
17,71,28.85546901847217
17,72,31.154550614621705
17,73,34.65728947877223
17,74,33.803878669256534
17,75,31.331678567533775
17,76,28.32615637395353
17,77,26.426641151286226
17,78,23.212681284842425
17,79,22.592642765073006
17,80,20.293023661448622
17,81,18.11883702981318
17,82,16.47568919852822
17,83,13.289511439003586
17,84,12.346810047484588
17,85,9.671512783681825
17,86,9.92155448344572
17,87,11.108158427278736
17,88,12.737189954895182
17,89,13.005349862823524
17,90,16.24817866014688
17,91,18.182589488201636
17,92,21.042434516588578
17,93,23.984659337483976
17,94,23.501860875591916
18,1,25.66044364291327
18,2,22.892874556645584
18,3,24.757053250582835
18,4,24.24412074375031
18,5,23.64496038123575
18,6,20.907768406432876
18,7,19.100306125038
18,8,19.59379203014278
18,9,18.33991611111684
18,10,15.088596544367439
18,11,13.9968343668347
18,12,15.40405807923697
18,13,13.645576258146885
18,14,11.642796760865188
18,15,8.846966673005339
18,16,6.17407026206564
18,17,3.7845070870407937
18,19,3.7999956444487455
18,20,6.047237618103726
18,21,9.715164747046613
18,22,12.190829553353623
18,23,15.033948849767581
18,24,13.580192585127222
18,25,13.121747401160578
18,26,16.64890686784667
18,27,18.570983736820416
18,28,21.751058506259103
18,29,21.05526732572434
18,30,22.746421672505175
18,31,24.785474789075597
18,32,22.36258944899271
18,33,20.646425106508175
18,34,17.698529057251605
18,35,17.17593034003187
18,36,14.358414140601123
18,37,13.557763097166339
18,38,9.801133300984153
18,39,8.107974432957192
18,40,5.517981420697963
18,41,5.261721896031396
18,42,5.898305934070975
18,43,6.136792528550288
18,44,8.660439184885053
18,45,8.65368686664746
18,46,11.58050551845075
18,47,15.127942407887835
18,48,18.200623963775236
18,49,20.767640942661373
18,50,22.834575236617116
18,51,23.194503547179234
18,52,24.32686225916675
18,53,21.39115248240956
18,54,17.87385378113343
18,55,14.900253512571824
18,56,14.816168090359287
18,57,14.049123728898456
18,58,17.22214196796056
18,59,16.450406016678034
18,60,14.71054133605492
18,61,15.118849025987833
18,62,14.65930176086361
18,63,13.529490274877617
18,64,15.65790794742406
18,65,15.031160111360933
18,66,17.591760462805485
18,67,16.909854647796653
18,68,19.822624738603547
18,69,21.475354798872633
18,70,24.10104418720245
18,71,26.504075800065177
18,72,28.6753067291271
18,73,32.303725420939884
18,74,31.657149411065237
18,75,29.482801085044716
18,76,26.70247764444097
18,77,25.228607223982443
18,78,22.334533461597243
18,79,21.921373639988456
18,80,19.799252355281705
18,81,17.198788384309996
18,82,15.810572555566283
18,83,12.411717435248875
18,84,11.689353452115018
18,85,9.96872886125955
18,86,10.669434431887476
18,87,12.936728418216388
18,88,14.423741862553099
18,89,14.09030127588628
18,90,17.125008018245534
18,91,18.6343537321947
18,92,21.169350562909884
18,93,23.68286320235175
18,94,22.60625875074756
19,1,27.92040696146676
19,2,25.459680874161485
