1,2,3.8416477086814163
1,3,6.9095112305672135
1,4,10.102981333747481
1,5,13.212103628895669
1,6,16.630343173340027
1,7,20.300906417768672
1,8,23.31602495685034
1,9,26.343068138201005
1,10,29.262424278045913
1,11,33.0618731615967
1,12,33.959752647665624
1,13,36.846453198227906
1,14,37.595016482544814
1,15,34.99194362474998
1,16,32.8409173142711
1,17,29.870997751869197
1,18,27.673968685387788
1,19,24.150950686691154
1,20,22.527048740552303
1,21,19.385507149373655
1,22,19.621080288314765
1,23,23.22930517609621
1,24,22.28110318833692
1,25,19.828678905747445
1,26,16.818835602191754
1,27,18.37268923412879
1,28,15.214508621439723
1,29,13.718092606099553
1,30,16.389080238462196
1,31,18.788211983816716
1,32,21.90135779750638
1,33,23.61758513589884
1,34,27.331830785719244
1,35,29.426998625319555
1,36,31.661780541171375
1,37,34.37162405982001
1,38,33.768040854681836
1,39,37.59162631956258
1,40,39.047288541665445
1,41,36.14352354763994
1,42,33.039206135977125
1,43,29.54317310880776
1,44,26.376189271408105
1,45,22.638371714252894
1,46,19.815470583374143
1,47,16.010272230644937
1,48,13.47979451113947
1,49,9.710124911629936
1,50,9.009613825577802
1,51,6.487045176495487
1,52,5.426685467145982
1,53,8.178996077749948
1,54,10.944602922988484
1,55,11.204603882991785
1,56,12.442626455020235
1,57,14.214810409552497
1,58,16.308051671064124
1,59,17.678027606417427
1,60,16.42617204840459
1,61,19.63297111885443
1,62,20.78085324648988
1,63,24.015782413727354
1,64,26.47927788163013
1,65,29.955189147416807
1,66,32.77665041401433
1,67,35.75199351597802
1,68,38.4402308824023
1,69,37.99662320470188
1,70,37.50637738482437
1,71,34.701628933492756
1,72,31.54762704033557
1,73,29.159608350443623
1,74,25.60481870191876
1,75,23.407421652379963
1,76,20.675715672493663
1,77,18.005669522279348
1,78,18.38306088913462
1,79,16.59448536173139
1,80,19.99104084081003
1,81,19.106876664296546
1,82,22.287858169830265
2,1,3.8416477086814163
2,3,3.8133201229209877
2,4,6.6122611754866645
2,5,9.835807679020446
2,6,13.10584614845024
2,7,16.758347261079898
2,8,19.865798951116812
2,9,22.7370856838549
2,10,25.759866609128625
2,11,29.55207816366539
2,12,30.294581853181615
2,13,33.11642357770735
2,14,33.81042820111698
2,15,31.17257342151093
2,16,29.00437653551867
2,17,26.038082265833964
2,18,23.85101153111118
2,19,20.335728414373545
2,20,18.811278659505092
2,21,15.794006089400511
2,22,16.400318502666238
2,23,19.94887255969509
2,24,18.91396308017034
2,25,16.79010742284731
2,26,13.532655175967282
2,27,15.071505479240598
2,28,12.048996525105084
2,29,10.262341235986765
2,30,12.654028339174081
2,31,15.084525168005479
2,32,18.120820155617835
2,33,19.980559974908598
2,34,23.718153024497244
2,35,25.78814098973697
2,36,28.170047156021326
2,37,30.924389339420422
2,38,30.48057838335231
2,39,34.277102464729616
2,40,35.56825083459358
2,41,32.5866256094372
2,42,29.4204259536208
2,43,25.985467390816105
2,44,22.73223207732601
2,45,18.99221042824689
2,46,16.04548105681502
2,47,12.242341246272623
2,48,9.64018656652569
2,49,5.8725254918799825
2,50,5.653882531267683
2,51,4.580429425067056
2,52,4.808732308078085
2,53,8.353035807758577
2,54,9.841800063655947
2,55,9.251696453049702
2,56,11.367644552973491
2,57,13.395340794115572
2,58,14.634008562049917
2,59,15.329889906910282
2,60,13.525421837788466
2,61,16.43813270940985
2,62,17.24571058128834
2,63,20.40537602475276
2,64,22.751914396088942
2,65,26.206957067149624
2,66,28.989577621773844
2,67,31.95485654315877
2,68,34.638658022965636
2,69,34.27212694779924
2,70,33.803195179458875
2,71,31.064396029570702
2,72,27.96257064162093
2,73,25.675787326349873
2,74,22.195878703491534
2,75,20.214959135975192
2,76,17.76659210995053
2,77,15.246197583969485
2,78,16.26079779026103
2,79,15.042666629936134
2,80,18.488743199379268
2,81,18.32093065872443
2,82,21.64200107832872
3,1,6.9095112305672135
3,2,3.8133201229209877
3,4,3.803633064874263
3,5,6.331185709272292
3,6,9.887966797094366
3,7,13.470967544045624
3,8,16.58799373445574
3,9,19.593558358969208
3,10,22.573391155385433
3,11,26.375656121447555
3,12,27.271832863366996
3,13,30.287740967657086
3,14,31.197638033705374
3,15,28.79349261957414
3,16,26.749357317164222
3,17,23.59553855032872
3,18,21.666415547763197
3,19,17.989867303007557
3,20,16.750796340652766
3,21,13.664301891287788
3,22,14.445699670144975
3,23,18.095521207190806
3,24,17.586534311547027
3,25,15.920695109774458
3,26,12.714717021351811
3,27,14.782564622606378
3,28,12.4271818685888
3,29,10.38727979006273
3,30,11.663705116665561
3,31,13.883096905243084
3,32,16.34581091002679
3,33,18.252762586447364
3,34,21.9928272395693
3,35,23.611643699810447
3,36,25.95985724547889
3,37,28.444461463628034
3,38,27.767885924596065
3,39,31.550815127147523
3,40,32.77712574648657
3,41,29.718710954814274
3,42,26.734713971523398
3,43,23.235544672398557
3,44,20.168326268935942
3,45,16.366704901587507
3,46,13.652987546267806
3,47,10.034358871992211
3,48,7.79913591440514
3,49,4.786249021633315
3,50,5.019974231678278
3,51,5.748385135164291
3,52,5.0804722410232905
3,53,8.65781261899704
3,54,9.251160817673815
3,55,7.220517757601864
3,56,9.218807341599028
3,57,11.92448057112923
3,58,12.529380530317162
3,59,13.137609643293514
3,60,10.81214479416681
3,61,13.482943377879948
3,62,14.23741948799681
3,63,17.670718749967378
3,64,19.96578658425873
3,65,23.59574103980374
3,66,26.301232188115435
3,67,29.468218364720087
3,68,31.97767291346259
3,69,31.337707283479503
3,70,31.0328376094862
3,71,28.099654697187013
3,72,25.075305904049266
3,73,22.52480262245742
3,74,19.04975558837299
3,75,16.795235760377174
3,76,14.400282619699949
3,77,11.623256754716644
3,78,12.681002733543446
3,79,11.620477801754578
3,80,15.003813566871669
3,81,15.26625162675457
3,82,18.633121463620554
4,1,10.102981333747481
4,2,6.6122611754866645
4,3,3.803633064874263
4,5,3.793150526868642
4,6,6.606866924086863
4,7,10.361353082392542
4,8,13.287231225117857
4,9,16.28293532904437
4,10,19.185184313462386
4,11,22.98080146101729
4,12,23.890689190701313
4,13,26.833999172539936
4,14,27.729833463306544
4,15,25.366618092686828
4,16,23.43305442784922
4,17,20.423238238384037
4,18,18.79202503915886
4,19,15.162932369064297
4,20,14.549645088038739
4,21,12.028994970974153
4,22,13.753815512483916
4,23,17.084739491723848
4,24,16.400349530054314
4,25,15.522264684742739
4,26,12.059608387581477
4,27,13.662310558525473
4,28,11.618126221706689
4,29,8.852861896937183
4,30,9.212861923531808
4,31,10.725402208312254
4,32,12.935728017856887
4,33,14.593773037833634
4,34,18.309272154904185
4,35,19.862657640742164
4,36,22.160359882781204
4,37,24.67590351596188
4,38,24.09278706069123
4,39,27.873613608824822
4,40,29.10863469799392
4,41,26.102487155970792
4,42,23.060228287309275
4,43,19.55464829149769
4,44,16.46243755310339
4,45,12.676725371562
4,46,10.108156050862233
4,47,6.515154161720449
4,48,5.327246522111097
4,49,3.6555378061395873
4,50,6.1898818275133705
4,51,8.608244265600607
4,52,8.796204808387445
4,53,12.179684692845434
4,54,12.01108744981179
4,55,9.36203616150077
4,56,11.629792158503252
4,57,14.453003394819715
4,58,14.153358631408231
4,59,13.931830877403264
4,60,10.783538134400883
4,61,12.482119305192994
4,62,12.229573537328648
4,63,15.552922148711412
4,64,17.304302058260827
4,65,20.956343862725078
4,66,23.36766886510162
4,67,26.624838941436426
4,68,28.961762874403117
4,69,28.473522248579613
4,70,28.437045368809514
4,71,25.596212300350388
4,72,22.826904322969124
4,73,20.36605873955766
4,74,17.161264620292854
4,75,15.185281119530066
4,76,13.548053716688027
4,77,10.855453975502865
4,78,12.66980872228443
4,79,12.136282160414378
4,80,15.024814611789056
4,81,15.977636142037177
4,82,19.076191878982662
5,1,13.212103628895669
5,2,9.835807679020446
5,3,6.331185709272292
5,4,3.793150526868642
5,6,3.7872602250614085
5,7,7.187878343918949
5,8,10.359195448360966
5,9,13.359224042947801
5,10,16.35149357267943
5,11,20.14416114363179
5,12,21.082595081039656
5,13,24.235476881649554
5,14,25.34489222858338
5,15,23.23113601132894
5,16,21.399903802282914
5,17,18.12592080070043
5,18,16.73237670826755
5,19,12.994677307859488
5,20,12.651402245128256
5,21,10.169740758710379
5,22,11.962715077969667
5,23,15.174570258482959
5,24,15.182816433404975
5,25,14.843205981165655
5,26,11.848026471187973
5,27,13.956135107364537
5,28,12.893545342738513
5,29,10.60082776073817
5,30,9.643501823041976
5,31,10.915211416179432
5,32,12.08053885319398
5,33,13.965455837102024
5,34,17.514209255642015
5,35,18.44427549163979
5,36,20.818073067490104
5,37,22.980844152161282
5,38,22.225286861757557
5,39,25.918619444045518
5,40,26.905738026072832
5,41,23.721471937623356
5,42,20.90492295517899
5,43,17.428128581329638
5,44,14.578441305304963
5,45,10.817091182150403
5,46,8.58142600048047
5,47,5.935080753451627
5,48,5.601986216080723
5,49,6.210644879064138
5,50,7.796617976948417
5,51,10.66589089961285
5,52,10.607707135909049
5,53,13.357563594015907
5,54,12.355465907381312
5,55,8.967086189935628
5,56,10.931488333969465
5,57,13.82027382995691
5,58,12.683475383750098
5,59,12.110788564289328
5,60,8.547099131512885
5,61,9.523719738183443
5,62,9.11428072685935
5,63,12.6887987939319
5,64,14.437181917747523
5,65,18.23296778453735
5,66,20.627650115514584
5,67,24.043924781775623
5,68,26.242923619714176
5,69,25.417476137372958
5,70,25.45278561319243
5,71,22.406549641379648
5,72,19.679490858003398
5,73,16.95526227616242
5,74,13.761534646130613
5,75,11.549736679814359
5,76,10.139391108346157
5,77,7.440241557263287
5,78,9.720318605031968
5,79,9.996491197166945
5,80,12.58862370610492
5,81,14.32785897099596
5,82,17.390174186800618
6,1,16.630343173340027
6,2,13.10584614845024
6,3,9.887966797094366
6,4,6.606866924086863
6,5,3.7872602250614085
6,7,3.793380269828146
6,8,6.80682042435159
6,9,9.739671001945618
6,10,12.7200275690969
6,11,16.51687562068475
6,12,17.43189217097567
6,13,20.549695955447365
6,14,21.690412613656104
6,15,19.69085180344598
6,16,18.02852503500368
6,17,14.873806681436578
6,18,13.98328010481413
6,19,10.409258621320497
6,20,11.08421282122113
6,21,9.663440893588207
6,22,12.33989402491543
6,23,14.853813928572054
6,24,14.820241835256562
6,25,15.425854531538473
6,26,12.594923473023709
6,27,14.135672028032166
6,28,13.695568818542371
6,29,11.257070182720799
6,30,9.12827236115234
6,31,9.224691805667419
6,32,9.352378303985486
6,33,10.933347968055877
6,34,14.25676699517797
6,35,14.83327410434616
6,36,17.20119443953975
6,37,19.28742654741902
6,38,18.643318271188658
6,39,22.2886141385376
6,40,23.165185093198925
6,41,19.96038713650682
6,42,17.118205119575826
6,43,13.657038998815025
6,44,10.843555213598126
6,45,7.133788302507081
6,46,5.470237387412676
6,47,4.376524266452558
6,48,6.304701268579722
6,49,8.502366832790925
6,50,10.679566775966205
6,51,13.990709059377151
6,52,14.32522261189613
6,53,17.016069799744194
6,54,15.668291924191188
6,55,12.2696044165157
6,56,14.256703199619546
6,57,16.97066753623378
6,58,15.237320897543453
6,59,13.973633294355189
6,60,10.142817500055166
6,61,9.663931884738785
6,62,7.790459003483512
6,63,10.90625524879
6,64,11.769097815453499
6,65,15.543665676500478
6,66,17.521558299030513
6,67,21.059407829136475
6,68,23.010373437749106
6,69,22.29506078278039
6,70,22.658685408565702
6,71,19.714944825584258
6,72,17.361017105530976
6,73,14.774367151999108
6,74,12.09863254281532
6,75,10.433230551682872
6,76,10.323268995216093
6,77,8.34523308570701
6,78,11.193262987640662
6,79,12.116557422746032
6,80,13.89032785738326
6,81,16.234773674181437
6,82,18.858506117575786
7,1,20.300906417768672
7,2,16.758347261079898
7,3,13.470967544045624
7,4,10.361353082392542
7,5,7.187878343918949
7,6,3.793380269828146
7,8,3.7767565725117507
7,9,6.20970421907565
7,10,9.409923872899583
7,11,13.147194698072301
7,12,13.93359709967852
7,13,17.192970934215282
7,14,18.511730831191596
7,15,16.808513611960127
7,16,15.347744873919137
7,17,12.064813225150894
7,18,11.76273473253067
7,19,8.494370802131227
7,20,10.062004795517142
7,21,9.593591633821244
7,22,12.427198597397489
7,23,14.17837918233599
7,24,14.647111336175767
7,25,16.05138503428864
7,26,13.867473629792375
7,27,15.337985891901253
7,28,15.756286320831578
7,29,13.776800091498513
7,30,10.871243964823567
7,31,10.393383882875
7,32,9.069256026271269
7,33,10.562593649909081
7,34,13.244247277958978
7,35,12.985139954504382
7,36,15.40915642376968
7,37,17.074017053211193
7,38,16.45218518520632
7,39,19.869443313658046
7,40,20.34132399099154
7,41,16.94102262358841
7,42,14.32632643432524
7,43,11.081490732186596
7,44,8.695768177302805
7,45,5.645273359177441
7,46,5.376888238842057
7,47,6.739075750300855
7,48,9.04626664427959
7,49,11.918263248780109
7,50,13.734772661305684
7,51,17.177115093215498
7,52,17.58657028270906
7,53,19.909998415501853
7,54,18.083785748038945
7,55,14.614202230893778
7,56,16.396121797405783
7,57,18.838598290592998
7,58,16.481839952869368
7,59,14.728583977039357
7,60,11.006686253621282
7,61,9.180363321924457
7,62,6.336065523184795
7,63,8.77943447312236
7,64,8.84410171691345
7,65,12.595764085512746
7,66,14.261488762900939
7,67,17.958228308006834
7,68,19.64900025935687
7,69,18.70670582349934
7,70,19.289855301476237
7,71,16.263215326346113
7,72,14.216037893665623
7,73,11.570873068098548
7,74,9.451311101365347
7,75,8.2648953520939
7,76,9.486665815915382
7,77,8.557198086154246
7,78,11.671478058034223
7,79,13.43661699152105
7,80,14.500241469511263
7,81,17.473142143732886
7,82,19.766700431152202
8,1,23.31602495685034
8,2,19.865798951116812
8,3,16.58799373445574
8,4,13.287231225117857
8,5,10.359195448360966
8,6,6.80682042435159
8,7,3.7767565725117507
8,9,3.839110338928462
8,10,6.025717261800949
8,11,9.816618607413998
8,12,11.261976864768885
8,13,14.6899107189231
8,14,16.35476574053588
8,15,15.248485025806625
8,16,14.392790883064999
8,17,11.606408541350449
8,18,12.48373564501691
8,19,10.034249935280767
8,20,12.57395697325884
8,21,12.895018355367403
8,22,15.835826466069426
8,23,17.121166001057027
8,24,17.626536537709054
8,25,19.437923861773427
8,26,17.356255149042113
8,27,18.455227125614012
8,28,18.944575989202008
8,29,16.731914316141076
8,30,13.671486203270918
8,31,12.26373781372651
8,32,10.144764669902836
8,33,10.431541296753544
8,34,12.282577961527284
8,35,11.074315191544423
8,36,12.848470023152846
8,37,13.941150139561925
8,38,12.936664282896963
8,39,16.30985887397229
8,40,16.921009767957845
8,41,13.658059230857715
8,42,11.391086143108444
8,43,8.038640778882238
8,44,6.6776281239450235
8,45,4.949556064558995
8,46,7.069274526968742
8,47,9.382344442315855
8,48,12.366220974966147
8,49,15.151513791661044
8,50,17.309784085379352
8,51,20.71169304244338
8,52,20.935261702280474
8,53,23.401812951051884
8,54,21.732147399672286
8,55,18.172763825314593
8,56,19.641865200880233
8,57,22.253408158063294
8,58,19.88615352568396
8,59,18.215808949523538
8,60,14.590830994196294
8,61,12.435683933273694
8,62,9.379185998644216
8,63,10.948874719638683
8,64,9.732081686587247
8,65,12.982966512262857
8,66,13.638519698519284
8,67,17.472994865759492
8,68,18.45979164326458
8,69,17.44696235281982
8,70,18.765879074684598
8,71,15.846666271950523
8,72,14.632053773258749
8,73,12.10668528177575
8,74,11.042090332767351
8,75,10.191968714754427
8,76,12.182867295324908
8,77,11.343850073045935
8,78,13.93186045029343
8,79,15.502178022530478
8,80,15.727756322306101
8,81,18.810789482338404
8,82,20.493027696501322
9,1,26.343068138201005
9,2,22.7370856838549
9,3,19.593558358969208
9,4,16.28293532904437
9,5,13.359224042947801
9,6,9.739671001945618
9,7,6.20970421907565
9,8,3.839110338928462
9,10,3.786578531469151
9,11,7.213831238907732
9,12,7.744723396747639
9,13,11.112656779445796
9,14,12.730802007180689
9,15,11.731964486669483
9,16,11.041101631304267
9,17,8.364542712024553
9,18,10.012016029040765
9,19,8.553500825293174
9,20,11.764133020661914
9,21,13.120341479493346
9,22,16.13233677728176
9,23,16.547088731250938
9,24,17.112792729039413
9,25,19.569716377507138
9,26,18.01314939024947
9,27,18.767633314653434
9,28,19.92328953408727
9,29,18.17424238746701
9,30,14.682331322990517
9,31,13.012612382306271
9,32,9.998642194201427
9,33,10.319824120588644
9,34,11.241246911404978
9,35,9.352386865379518
9,36,11.444128693210251
9,37,12.296144332567742
9,38,11.97668675542005
9,39,14.8402981532603
9,40,14.65094070980235
9,41,11.050194638946687
9,42,8.775424083983825
9,43,6.231509936361924
9,44,5.466149493633336
9,45,5.713015599525504
9,46,8.1457112768961
9,47,11.39697948583107
9,48,14.29686557399727
9,49,17.5740217485766
9,50,19.551269729494223
9,51,23.14810835727233
9,52,23.768825375336217
9,53,26.010083488042394
9,54,23.936599005884975
9,55,20.54849471284933
9,56,22.250209140810245
9,57,24.468428157406397
9,58,21.700839384546825
9,59,19.496862942112895
9,60,16.09865432383187
9,61,13.260320217478
9,62,9.75670902159069
9,63,9.909889678997416
9,64,7.484330404278929
9,65,10.01732065953233
9,66,10.044707032762673
9,67,13.872790229977724
9,68,14.651595789861464
9,69,13.749398538034919
9,70,15.250085026710995
9,71,12.594417861580434
9,72,11.921358283199734
9,73,10.05009741215388
9,74,10.084690839576501
9,75,10.52476010965541
9,76,13.371106272403614
9,77,13.565780393848389
9,78,16.445135687874597
9,79,18.571766428500773
9,80,18.733838320444534
9,81,22.060024387934966
9,82,23.70606540504528
10,1,29.262424278045913
10,2,25.759866609128625
10,3,22.573391155385433
10,4,19.185184313462386
10,5,16.35149357267943
10,6,12.7200275690969
10,7,9.409923872899583
10,8,6.025717261800949
10,9,3.786578531469151
10,11,3.8032196620088405
10,12,5.848874625761824
10,13,9.38948195148173
10,14,11.565315097869034
10,15,11.630017157627428
10,16,11.87283654106952
10,17,10.192622429442302
10,18,12.752883303092721
10,19,11.996378670885766
10,20,15.400499580299007
10,21,16.903625482211755
10,22,19.869153866377548
10,23,20.161757595873677
10,24,20.778871847931743
10,25,23.33297378979352
10,26,21.768614941315427
10,27,22.383656933124954
10,28,23.44692678797769
10,29,21.479621736990158
10,30,18.0461910367196
10,31,15.943178335354952
10,32,12.792168482398205
10,33,12.132013404944717
10,34,12.1398155267999
10,35,9.273055125541424
10,36,10.13880348181436
10,37,9.860943181138113
10,38,8.951295458354606
10,39,11.519982421747791
10,40,11.407489851268492
10,41,7.992966713034564
10,42,6.667070806905254
10,43,4.627275441569789
10,44,6.323644476527969
10,45,8.038605023905047
10,46,11.269701349685985
10,47,14.513423853191371
10,48,17.696310358094788
10,49,20.794098001981325
10,50,22.985884050737006
10,51,26.5169574215802
10,52,26.91057495637262
10,53,29.274525244694654
10,54,27.37046110474526
10,55,23.866474744192015
10,56,25.28761198412841
10,57,27.692218423665572
10,58,24.986241908970513
10,59,22.968943168680344
10,60,19.604881799774326
10,61,16.762548614723006
10,62,13.40664695954856
10,63,13.42591390146458
10,64,10.641610119717082
10,65,12.388344284377
10,66,11.305933919811206
10,67,14.910943906125869
10,68,14.711974652969579
10,69,13.696533836315833
10,70,16.0476359849991
10,71,13.680654382886708
10,72,13.965457196974295
10,73,12.313761386182264
10,74,13.073041246296507
10,75,13.416434908910876
10,76,16.406819865119004
10,77,16.429509122807893
10,78,18.853956796048273
10,79,20.73329385380636
10,80,20.28482023264512
10,81,23.58548045413108
10,82,24.69785841436326
11,1,33.0618731615967
11,2,29.55207816366539
11,3,26.375656121447555
11,4,22.98080146101729
11,5,20.14416114363179
11,6,16.51687562068475
11,7,13.147194698072301
11,8,9.816618607413998
11,9,7.213831238907732
11,10,3.8032196620088405
11,12,3.8083639266481795
11,13,6.947534879275218
11,14,9.592531942764275
11,15,10.861959255384718
11,16,11.982620006512235
11,17,11.26130872513192
11,18,14.48673810242972
11,19,14.5856774054399
11,20,18.12577612600233
11,21,20.02718187809
11,22,22.896250664791097
11,23,22.74857155638949
11,24,23.46098520278262
11,25,26.29486971279459
11,26,25.00273080862481
11,27,25.446350156036385
11,28,26.753798529367806
11,29,24.91902888686415
11,30,21.389158258429795
11,31,19.10190809893951
11,32,15.697309812931966
11,33,14.719953629078876
11,34,13.844696780698005
11,35,10.365942816160322
11,36,10.394256783275694
11,37,8.880225704723998
11,38,8.091065351883355
11,39,9.443508277923875
11,40,8.503155284261913
11,41,5.159328314766034
11,42,5.677527294120513
11,43,5.906072487975315
11,44,8.879257173485486
11,45,11.442230025997914
11,46,14.738632375157541
11,47,18.15168697592833
11,48,21.344605326574193
11,49,24.52651417595944
11,50,26.696768058015248
11,51,30.25917893883397
11,52,30.6855426093937
11,53,32.98372123116783
11,54,30.977819932312865
11,55,27.49165703635482
11,56,28.841954697510175
11,57,31.152042393182974
11,58,28.304788630265364
11,59,26.178915175403652
11,60,22.977534610940026
11,61,19.90348943235738
11,62,16.57437246714152
11,63,16.014953106817245
11,64,12.802957913056265
11,65,13.561289454840033
11,66,11.464925128097068
11,67,14.550204673299879
11,68,13.380570441497703
11,69,12.328251258359476
11,70,15.373435451741738
11,71,13.5480365456743
11,72,14.824650967989058
11,73,13.777581019897033
11,74,15.389269314387978
11,75,16.16688483219624
11,76,19.445316421161465
11,77,19.79317067852358
11,78,22.078096626031055
11,79,24.06741287035997
11,80,23.296507867872222
11,81,26.662138156872036
11,82,27.472053768393174
12,1,33.959752647665624
12,2,30.294581853181615
12,3,27.271832863366996
12,4,23.890689190701313
12,5,21.082595081039656
12,6,17.43189217097567
12,7,13.93359709967852
12,8,11.261976864768885
12,9,7.744723396747639
12,10,5.848874625761824
12,11,3.8083639266481795
12,13,3.798499354515387
12,14,6.283864294562501
12,15,7.535707196423537
12,16,8.80086007451639
12,17,8.527266149252911
12,18,12.07282292370648
12,19,13.045057785197606
12,20,16.615841603112443
12,21,19.086319390736275
12,22,21.913549738218943
12,23,21.170039361119805
12,24,21.77843323690524
12,25,24.94734311924893
12,26,24.04799247451739
12,27,24.216002599198877
12,28,25.974983528829014
12,29,24.583237045353854
12,30,20.878410142381206
12,31,18.66853996526169
12,32,14.99739730811509
12,33,14.429618450542527
12,34,13.185026971283321
12,35,9.838596792689689
12,36,10.69421110446454
12,37,9.764403405716594
12,38,10.401505026173684
12,39,11.274569202800796
12,40,9.258744210773957
12,41,5.612393987865642
12,42,5.438135121178283
12,43,6.923272357781364
12,44,9.133565799056294
12,45,11.976669975198744
12,46,14.78992853899575
12,47,18.474404630953643
12,48,21.429276193253003
12,49,24.91364844689531
12,50,26.888785324326108
12,51,30.580110750650324
12,52,31.416239751856473
12,53,33.53365218294998
12,54,31.21196939257525
12,55,27.947713797500878
12,56,29.636233084779096
12,57,31.58916209524091
12,58,28.507825585441147
12,59,25.962440408741656
12,60,22.94355642421067
12,61,19.61571520087944
12,62,16.156620615788036
12,63,14.749750131687179
12,64,11.124326157445081
12,65,10.911010825639371
12,66,8.186367287324787
12,67,10.9204398834418
12,68,9.643158749665128
12,69,9.043978649224346
12,70,12.081358253643469
12,71,10.83178951202887
12,72,12.519282650622712
12,73,12.403130641597235
12,74,14.54958427879827
12,75,16.19858566489588
12,76,19.69196938204515
12,77,20.63612862726793
12,78,23.329854030036415
12,79,25.714684947366887
12,80,25.332286014302973
12,81,28.828321551999785
12,82,29.984062883771326
13,1,36.846453198227906
13,2,33.11642357770735
13,3,30.287740967657086
13,4,26.833999172539936
13,5,24.235476881649554
13,6,20.549695955447365
13,7,17.192970934215282
13,8,14.6899107189231
13,9,11.112656779445796
13,10,9.38948195148173
13,11,6.947534879275218
13,12,3.798499354515387
13,14,2.88331312158049
13,15,5.6781871706007925
13,16,7.972827854568184
13,17,9.293186014714207
13,18,13.046531885495858
13,19,14.911772476295523
13,20,18.474682244603393
13,21,21.396634076405533
13,22,24.262646089476384
13,23,23.080172445838457
13,24,23.399689235258613
13,25,26.810212600158902
13,26,26.099243960467298
13,27,25.82406161968398
13,28,27.787034120824156
13,29,26.57814911654805
13,30,22.851302885364237
13,31,20.41976218680998
13,32,16.64446985475522
13,33,15.826158323939838
13,34,13.78771483234543
13,35,10.46467397783632
13,36,10.99338315491925
13,37,9.857745253844117
13,38,11.523813497147483
13,39,11.393220004298437
13,40,8.44803558831968
13,41,5.652403161250772
13,42,6.098851849514584
13,43,9.04451921270269
13,44,11.263828795226798
13,45,14.548818450669932
13,46,17.232449190697963
13,47,21.033818014562083
13,48,23.977682626964302
13,49,27.55891418397496
13,50,29.591728754832957
13,51,33.35235134211471
13,52,34.45742198166944
13,53,36.584717274925126
13,54,34.17635238790882
13,55,31.059068050176258
13,56,32.96265130759655
13,57,34.776250787520986
13,58,31.62976912807489
13,59,28.866781949276557
13,60,25.93180144866569
13,61,22.556141520217842
13,62,19.032662427525484
13,63,17.137819598823153
13,64,13.332712366762053
13,65,12.148148733799705
13,66,8.68841844818733
13,67,10.160981596667371
13,68,8.007040748867812
13,69,8.594647617614848
13,70,11.83672038921488
13,71,11.799680289245527
13,72,14.09313706357116
13,73,14.87810922325839
13,74,17.344576871452738
13,75,19.439393912455056
13,76,22.965498877849356
13,77,24.102199069659147
13,78,26.940948293755376
13,79,29.382447768844077
13,80,29.10170201586107
13,81,32.59097090612307
13,82,33.772811614203874
14,1,37.595016482544814
14,2,33.81042820111698
14,3,31.197638033705374
14,4,27.729833463306544
14,5,25.34489222858338
14,6,21.690412613656104
14,7,18.511730831191596
14,8,16.35476574053588
14,9,12.730802007180689
14,10,11.565315097869034
14,11,9.592531942764275
14,12,6.283864294562501
14,13,2.88331312158049
14,15,3.7702768914507976
14,16,6.523721813478969
14,17,8.924347813423832
14,18,12.540427834460761
14,19,14.991663261317365
14,20,18.450752312495286
14,21,21.688672440012937
14,22,24.594853246384517
14,23,23.11758108645638
14,24,23.10803293263993
14,25,26.65148432184398
14,26,26.069424268457585
14,27,25.421131277628227
14,28,27.539304593101004
14,29,26.543328818306826
14,30,22.840102712952866
14,31,20.346728198503932
14,32,16.583185475428188
14,33,15.80177930526343
14,34,13.40215366032971
14,35,10.498804721582243
14,36,11.328821967557309
14,37,10.763734935693943
14,38,13.17366666075576
14,39,12.932656961161912
14,40,9.901964460069346
14,41,7.63192383831064
14,42,7.355633228872748
14,43,10.461459525824809
14,44,12.118722824788673
14,45,15.45239520789615
14,46,17.80941790973646
14,47,21.630367697788248
14,48,24.45700459289464
14,49,28.108331467482678
14,50,30.13393777075173
14,51,33.93459786562266
14,52,35.32793665145545
14,53,37.439958816405536
14,54,34.9550605218612
14,55,32.020911912842514
14,56,34.184752889412266
14,57,35.84202937919571
14,58,32.6756478732537
14,59,29.713358030024434
14,60,26.839751244768156
14,61,23.49861006863167
14,62,19.926270840005355
14,63,17.6983832064768
14,64,13.874734242715501
14,65,12.149591777411052
14,66,8.57638198305125
14,67,9.13665315851696
14,68,7.042178282501456
14,69,8.897358145936385
14,70,11.641138347031841
14,71,12.359170772192233
14,72,14.621188739134507
14,73,15.988709960208325
14,74,18.434806464663424
14,75,20.865033506663735
14,76,24.320728999312266
14,77,25.595847962086143
14,78,28.6539758661877
14,79,31.15614731812706
14,80,31.148293576127028
14,81,34.61494904619381
14,82,35.99206461912986
15,1,34.99194362474998
15,2,31.17257342151093
15,3,28.79349261957414
15,4,25.366618092686828
15,5,23.23113601132894
15,6,19.69085180344598
15,7,16.808513611960127
15,8,15.248485025806625
15,9,11.731964486669483
15,10,11.630017157627428
15,11,10.861959255384718
15,12,7.535707196423537
15,13,5.6781871706007925
15,14,3.7702768914507976
15,16,2.88745555023526
15,17,6.055686509750489
15,18,9.380852866902599
15,19,12.120675441186401
15,20,15.481284226993479
15,21,18.90396183620795
15,22,21.928892052067464
15,23,20.405233550906335
15,24,19.98426201100726
15,25,23.5337168782299
15,26,22.915425746181608
15,27,21.988506467132602
15,28,24.162069340070595
15,29,23.337311068207928
15,30,19.674737082618805
15,31,17.241821822968635
15,32,13.547971915634852
15,33,13.110015867150423
15,34,10.856888193534333
15,35,8.731101468318471
15,36,10.687516685598474
15,37,11.419978243474135
15,38,14.140695768055549
15,39,14.739016772045945
15,40,12.352602833803358
15,41,9.66836398156809
15,42,7.788252354595998
15,43,10.02745413441346
15,44,10.486780475119303
15,45,13.494943440712467
15,46,15.30032988831664
15,47,19.052980902422416
15,48,21.68349428843613
15,49,25.37121161347254
15,50,27.35789910380739
15,51,31.168937415477252
15,52,32.839481184133554
15,53,34.94126226933548
15,54,32.4349825514953
15,55,29.702145281156348
15,56,32.16076105185877
15,57,33.68732754438512
15,58,30.592443598227767
15,59,27.49388072272654
15,60,24.61309091608919
15,61,21.440950546151452
15,62,17.814997150706372
15,63,15.470235140668995
15,64,11.771478292728176
15,65,10.058300947359209
15,66,7.072749778210766
15,67,7.742895399768559
15,68,7.32924679648442
15,69,9.734323860379707
15,70,11.434027882451717
15,71,12.03591544968693
15,72,13.478840971194872
15,73,14.998187103070155
15,74,16.967685602804348
15,75,19.559374017962583
15,76,22.772666020947163
15,77,24.05329768133046
15,78,27.380176154084577
15,79,29.88084309654641
15,80,30.32258492818657
15,81,33.70008664581757
15,82,35.42400280080116
16,1,32.8409173142711
16,2,29.00437653551867
16,3,26.749357317164222
16,4,23.43305442784922
16,5,21.399903802282914
16,6,18.02852503500368
16,7,15.347744873919137
16,8,14.392790883064999
16,9,11.041101631304267
16,10,11.87283654106952
16,11,11.982620006512235
16,12,8.80086007451639
16,13,7.972827854568184
16,14,6.523721813478969
16,15,2.88745555023526
16,17,3.8304368169710536
16,18,6.664437648141415
16,19,9.649664351254307
16,20,12.83780010716915
16,21,16.373722748918485
16,22,19.396516565205726
16,23,17.81649406073872
16,24,17.19788743318825
16,25,20.75425840423626
16,26,20.193952016094407
16,27,19.19246863273504
16,28,21.488885777586543
16,29,20.883891665832586
16,30,17.227768952398296
16,31,15.045113256817643
16,32,11.445339345638768
16,33,11.6409163257643
16,34,9.942074128022917
16,35,8.64829125686644
16,36,11.469419035607483
16,37,12.938878664221665
16,38,15.513404034610167
16,39,16.686833757693126
16,40,14.684269621080341
16,41,11.69489054282674
16,42,9.162984918309455
16,43,10.440454012616735
16,44,9.859400546974053
16,45,12.261854997159052
16,46,13.44425628132323
16,47,17.073978036712578
16,48,19.425524701362306
16,49,23.154682411925883
16,50,24.98808487162237
16,51,28.787296422647067
16,52,30.632664141108958
16,53,32.64085377533316
16,54,30.065233380367598
16,55,27.493037470198153
16,56,30.123916389578536
16,57,31.49618824094533
16,58,28.422288852685472
16,59,25.222926392233685
16,60,22.40918575936651
16,61,19.342288826253718
16,62,15.764359297033833
16,63,13.29101875092781
16,64,9.802332879948931
16,65,8.130490533344563
16,66,6.009478996707342
16,67,6.941315502751521
16,68,7.994074494332402
16,69,10.276489451085082
16,70,11.113383300062033
16,71,11.443919460022787
16,72,12.139211742190028
16,73,13.71943988897044
16,74,15.301371805750712
16,75,18.017841034897156
16,76,21.025592900660122
16,77,22.39219778837761
16,78,25.8832936050636
16,79,28.440591534478827
16,80,29.205409328256497
16,81,32.53106967701104
16,82,34.516207971353275
17,1,29.870997751869197
17,2,26.038082265833964
17,3,23.59553855032872
17,4,20.423238238384037
17,5,18.12592080070043
17,6,14.873806681436578
17,7,12.064813225150894
17,8,11.606408541350449
17,9,8.364542712024553
17,10,10.192622429442302
17,11,11.26130872513192
17,12,8.527266149252911
17,13,9.293186014714207
17,14,8.924347813423832
17,15,6.055686509750489
17,16,3.8304368169710536
17,18,3.7697550400100286
17,19,6.200359375827073
17,20,9.542340472788295
17,21,12.905475927022431
17,22,15.88628095126119
17,23,14.537187603937298
17,24,14.289312507778373
17,25,17.757603848177386
17,26,17.18572231828584
17,27,16.733458525372924
17,28,19.06174639205803
17,29,18.496367642661028
17,30,14.73448600583167
17,31,13.060822191272775
17,32,9.499131344680897
17,33,10.62228284478992
17,34,10.177663828312598
17,35,9.132707167139412
17,36,12.42432995321723
17,37,14.038250697691957
17,38,15.86099465059357
17,39,17.67520207535857
17,40,16.082256705375194
17,41,12.585922707793843
17,42,9.836642847017927
17,43,9.867839506963492
17,44,8.535281037896555
17,45,10.005160512788477
17,46,10.75018131959678
17,47,14.304738559944836
17,48,16.438103035449586
17,49,20.23054350814968
17,50,21.822457971774877
17,51,25.607248877762135
17,52,27.317241352942265
17,53,29.18918414423335
17,54,26.53159490123991
17,55,23.894611165601994
17,56,26.43905207141515
17,57,27.7760484104962
17,58,24.654355810929435
17,59,21.48687771432343
17,60,18.673294605185784
17,61,15.537387611301163
17,62,11.970043089080653
17,63,9.525426749769872
17,64,6.0066685683482035
17,65,5.098770683355888
17,66,4.413880157766448
17,67,7.041811104869436
17,68,9.02449110402301
17,69,10.064714146500915
17,70,10.439104819431208
17,71,9.612135559797768
17,72,9.359789473215365
17,73,10.396727183891326
17,74,11.585503792251409
17,75,14.258189298043451
17,76,17.20841178404187
17,77,18.66585741868566
17,78,22.191273429710847
17,79,24.86464794485011
17,80,25.741638690809697
17,81,29.091382131486867
17,82,31.21660775763909
18,1,27.673968685387788
18,2,23.85101153111118
18,3,21.666415547763197
18,4,18.79202503915886
18,5,16.73237670826755
18,6,13.98328010481413
18,7,11.76273473253067
18,8,12.48373564501691
18,9,10.012016029040765
18,10,12.752883303092721
18,11,14.48673810242972
18,12,12.07282292370648
18,13,13.046531885495858
18,14,12.540427834460761
18,15,9.380852866902599
18,16,6.664437648141415
18,17,3.7697550400100286
18,19,3.7758175740643587
18,20,6.255739256171727
18,21,9.931173026760174
18,22,12.815092949368992
18,23,11.270829952447556
18,24,10.633638517396415
18,25,14.166055241558954
18,26,13.813807152188321
18,27,13.276826134948523
18,28,15.923594657856054
18,29,15.890853936188977
18,30,12.236478895709407
18,31,11.322066520761362
18,32,8.382357740767288
18,33,10.717297559094062
18,34,11.230486262837294
18,35,11.358581677886718
18,36,15.024773637674365
18,37,17.161702382673298
18,38,18.898770057161606
18,39,21.05048440154753
18,40,19.70923208132051
18,41,16.19667000193785
18,42,13.212240552384333
18,43,12.593677255346599
18,44,10.310443286143832
18,45,10.524296383514455
18,46,9.882556775539237
18,47,12.85641713817189
18,48,14.24895876150773
18,49,18.04483671008633
18,50,19.254523468748935
18,51,22.976752597502237
18,52,25.005658869700202
18,53,26.657524977001078
18,54,23.85189375613676
18,55,21.556290209311964
18,56,24.391254114570014
18,57,25.395036214496233
18,58,22.308940966848407
18,59,18.94746302025977
18,60,16.353553830002717
18,61,13.473477962620484
18,62,10.201341438108763
18,63,7.481127503533505
18,64,5.146266579618524
18,65,4.740822950066326
18,66,6.52432603122211
18,67,8.466007637101818
18,68,11.486963186785164
18,69,12.44130584911944
18,70,11.71002389066824
18,71,10.740641766300973
18,72,9.23848960522866
18,73,10.31439566760531
18,74,10.607696900995876
18,75,13.410006066049089
18,76,15.825820801937281
18,77,17.46782513828185
18,78,21.18867490646112
18,79,23.9307738938723
18,80,25.323873993854953
18,81,28.53143968676464
18,82,31.03068031954242
19,1,24.150950686691154
19,2,20.335728414373545
19,3,17.989867303007557
19,4,15.162932369064297
19,5,12.994677307859488
19,6,10.409258621320497
19,7,8.494370802131227
19,8,10.034249935280767
19,9,8.553500825293174
19,10,11.996378670885766
19,11,14.5856774054399
19,12,13.045057785197606
19,13,14.911772476295523
19,14,14.991663261317365
19,15,12.120675441186401
19,16,9.649664351254307
19,17,6.200359375827073
19,18,3.7758175740643587
19,20,3.8000584474198145
19,21,6.817025252007018
19,22,10.137057432476126
19,23,9.621748752955815
19,24,9.146964454436567
19,25,12.15799585941622
19,26,11.192416739295794
19,27,11.318698031363956
19,28,13.535371341610462
19,29,13.163900585384939
19,30,9.461951974986203
19,31,9.048355177771063
19,32,6.584029594874162
19,33,9.615918689720564
19,34,11.323924485761397
19,35,11.757300419138963
19,36,15.406793487755541
19,37,17.690673488836552
19,38,18.815069228418253
19,39,21.49849839332219
19,40,20.725568014225328
19,41,17.098915416396895
19,42,13.969654521961518
19,43,12.331332424829395
19,44,9.455905317818551
19,45,8.346416840392328
19,46,6.890228027030062
19,47,9.512027327687106
19,48,10.773437142191804
19,49,14.584285953934003
19,50,15.786635017874016
19,51,19.534371465898914
19,52,21.375350887322845
19,53,23.11596520919842
19,54,20.4292955407034
19,55,17.960168792815097
19,56,20.768915438112654
19,57,21.973086150883926
19,58,19.02646284688448
19,59,15.867515082202225
19,60,12.95389652682947
19,61,10.289665008563933
19,62,6.859310163325142
19,63,5.154483190409477
19,64,4.11433189952791
19,65,6.407732677351555
19,66,8.936114640717935
19,67,11.650614064731029
19,68,14.462111124719112
19,69,14.688318179969935
19,70,14.121903384816992
19,71,12.231229264022724
19,72,9.952489965443123
19,73,9.664980437363843
19,74,8.697321218825458
19,75,10.749897254021636
19,76,12.727149437813633
19,77,13.996333926425475
19,78,17.760224500983902
19,79,20.350436234357673
19,80,21.94273111465727
19,81,25.0213470018825
19,82,27.652725185545364
20,1,22.527048740552303
20,2,18.811278659505092
20,3,16.750796340652766
20,4,14.549645088038739
20,5,12.651402245128256
20,6,11.08421282122113
20,7,10.062004795517142
20,8,12.57395697325884
20,9,11.764133020661914
20,10,15.400499580299007
20,11,18.12577612600233
20,12,16.615841603112443
20,13,18.474682244603393
20,14,18.450752312495286
20,15,15.481284226993479
20,16,12.83780010716915
20,17,9.542340472788295
20,18,6.255739256171727
20,19,3.8000584474198145
20,21,3.8092413646607923
20,22,6.777065531041983
20,23,6.1787072323664916
20,24,5.4310601540569055
20,25,8.399846939309828
20,26,7.913275592667652
20,27,8.506936588313664
20,28,11.202151889830656
20,29,11.736431516139941
20,30,8.521646701677632
20,31,9.636449482632264
20,32,8.564915077723429
20,33,12.180047083536468
20,34,14.361012990588861
20,35,15.31327770083156
20,36,19.00867044668982
20,37,21.43159861966749
20,38,22.476065153679233
20,39,25.25436633112486
20,40,24.51428469816083
20,41,20.866667016589584
20,42,17.767799595325073
20,43,16.008484969576575
20,44,12.963329119949924
20,45,11.180590426176352
20,46,8.657821020969836
20,47,9.907195439370472
20,48,9.736607607175545
20,49,13.31288962042418
20,50,13.705020202538247
20,51,17.266041911245814
20,52,19.420207527690884
20,53,20.725641824245592
20,54,17.765664740399835
20,55,15.772651891101212
20,56,18.839774422918627
20,57,19.52017502093045
20,58,16.572628579784034
20,59,13.166941178564695
20,60,10.733857869691022
20,61,8.53158589400032
20,62,6.1995307294095
20,63,4.63393536316423
20,64,6.22180482813945
20,65,8.2344210782713
20,66,11.566735754649562
20,67,13.72504253100986
20,68,16.989986020932236
20,69,17.093876466495644
20,70,15.787296402423541
20,71,13.890873588699474
20,72,10.874281834455285
20,73,10.595371367022707
20,74,8.753392851942934
20,75,10.677028094885152
20,76,11.76001732993136
20,77,13.349441442394607
20,78,17.137641350392805
20,79,19.827637867981153
20,80,21.930108044492485
20,81,24.81255857632169
20,82,27.792465454745805
21,1,19.385507149373655
21,2,15.794006089400511
21,3,13.664301891287788
21,4,12.028994970974153
21,5,10.169740758710379
21,6,9.663440893588207
21,7,9.593591633821244
21,8,12.895018355367403
21,9,13.120341479493346
21,10,16.903625482211755
21,11,20.02718187809
21,12,19.086319390736275
21,13,21.396634076405533
21,14,21.688672440012937
21,15,18.90396183620795
21,16,16.373722748918485
21,17,12.905475927022431
21,18,9.931173026760174
21,19,6.817025252007018
21,20,3.8092413646607923
21,22,3.801275249448591
21,23,5.459442088593245
21,24,5.346679394880651
21,25,6.584205121578731
21,26,5.53684083536431
21,27,7.7372036197773495
21,28,9.761429484278388
21,29,10.347240267362022
21,30,7.863523372642539
21,31,10.15108659651306
21,32,10.195259120358449
21,33,13.848064937102126
21,34,16.657709077091784
21,35,17.743074360676715
21,36,21.268097288997303
21,37,23.681271941007214
21,38,24.25141048100148
21,39,27.31775608849529
21,40,26.93693262532398
21,41,23.27199032605382
21,42,20.225371278083067
21,43,17.944799338383902
21,44,14.789821473972117
21,45,12.177150846513426
21,46,9.10816820268317
21,47,8.960897542326391
21,48,7.61331146546383
21,49,10.736083288897715
21,50,10.46121074538135
