1,2,3.8223867683600368
1,3,5.704466669895297
1,4,5.034897480714439
1,5,5.970859336250742
1,6,8.578442910062702
1,7,10.24004394415747
1,8,10.474854303599798
1,9,12.017654175253206
1,10,13.9408952002661
1,11,15.625590025466371
1,12,16.398245377847996
1,13,20.23668645309765
1,14,21.386017682023866
1,15,19.938958227261487
1,16,22.31601799695643
1,17,21.619518575463736
1,18,22.20504607068323
1,19,19.58932975651262
1,20,17.033557377680165
1,21,17.66644077150819
1,22,17.490081200825614
1,23,14.07365375014074
1,24,12.818514188688846
1,25,14.88535702136716
1,26,13.20103642914887
1,27,9.66821154452713
1,28,11.913846338919129
1,29,14.306218858057969
1,30,12.069094326451369
1,31,8.373802625722325
1,32,8.74491768780362
1,33,9.493771053764316
1,34,6.518684720688375
1,35,7.024907115848877
1,36,10.709382227224095
1,37,10.92250318847953
1,38,9.576700713313178
1,39,12.064751922052821
1,40,14.783774980890769
1,41,14.133812220419603
1,42,14.849212161038585
1,43,17.473103318898527
1,44,19.158441817517165
1,45,18.864642954595844
1,46,20.671190634014977
1,47,23.389737216897323
1,48,24.41789300821374
1,49,24.545039787464496
1,50,27.69442825422308
1,51,29.8705734415381
2,1,3.8223867683600368
2,3,3.8081217882092155
2,4,5.327017930070209
2,5,5.0661659955024225
2,6,6.1573795692233935
2,7,8.928838956088619
2,8,10.030972606689781
2,9,10.5769042448126
2,10,11.989306236882461
2,11,14.468018532247369
2,12,15.467619691441632
2,13,19.265827856943233
2,14,20.347425913147248
2,15,18.363960552991728
2,16,20.235159226994885
2,17,19.037130663527375
2,18,19.461459279179305
2,19,17.21786684840378
2,20,14.578403434380506
2,21,14.591112658695648
2,22,14.558252647711742
2,23,11.504918031228163
2,24,9.641382923151639
2,25,11.39580048692203
2,26,10.156177770772473
2,27,6.40353155031331
2,28,8.276596849700878
2,29,11.067146352679998
2,30,9.513741746660902
2,31,5.9300900063696025
2,32,7.920001221624204
2,33,8.581594332539426
2,34,5.45575536898537
2,35,7.874913869890587
2,36,10.814908457184801
2,37,9.843342892983005
2,38,9.189313041787557
2,39,12.426906377557513
2,40,14.290507728432466
2,41,13.218799396886212
2,42,14.769866731244948
2,43,17.51064182350069
2,44,18.46631188644622
2,45,18.261850919601116
2,46,20.680759353506723
2,47,23.109372080935838
2,48,23.720425817350403
2,49,24.25805423152946
2,50,27.430369839204953
2,51,29.987423448373885
3,1,5.704466669895297
3,2,3.8081217882092155
3,4,3.7957923631312642
3,5,5.4641906947630305
3,6,5.090544030215389
3,7,6.717839668128181
3,8,8.97510940744184
3,9,10.198054780952612
3,10,10.558015878927426
3,11,12.839698600516304
3,12,14.71592083916998
3,13,18.333318988458423
3,14,20.0797308561875
3,15,18.3980546139623
3,16,20.045232604271174
3,17,18.59370848770323
3,18,19.70081643319474
3,19,17.8752386482769
3,20,14.662667419447704
3,21,14.735750898575443
3,22,15.64844690420937
3,23,12.92870370025996
3,24,10.336432691358862
3,25,12.556065014521694
3,26,12.398316774624508
3,27,8.73770904183555
3,28,9.952541042245148
3,29,13.39458347449695
3,30,12.638635102136924
3,31,9.282468592881303
3,32,11.658477972647521
3,33,12.282009407307111
3,34,8.917854315827986
3,35,10.948383066101183
3,36,13.98908372747059
3,37,12.586990676997674
3,38,11.162838282084275
3,39,14.628703349918831
3,40,16.478563799566096
3,41,14.634691323796078
3,42,15.785001420121116
3,43,19.029163337624478
3,44,19.73806889675346
3,45,18.820040801614002
3,46,21.34012791152141
3,47,24.07377398314042
3,48,24.209596217156808
3,49,24.358590762930774
3,50,27.172221383902805
3,51,29.636087579399316
4,1,5.034897480714439
4,2,5.327017930070209
4,3,3.7957923631312642
4,5,3.822884808600959
4,6,5.475386108512682
4,7,5.604443313415474
4,8,6.485238251758805
4,9,8.814334923727847
4,10,9.956977386360515
4,11,11.252800015074577
4,12,12.76602407689541
4,13,16.447231480291
4,14,18.261900811930246
4,15,17.167885288507815
4,16,19.39550724569363
4,17,18.63161620309789
4,18,19.985174915824317
4,19,17.700148025041443
4,20,14.545556196194216
4,21,15.574422075464932
4,22,16.38098754338936
4,23,13.208375675496967
4,24,11.416658208594452
4,25,14.343009120963766
4,26,13.785277360473504
4,27,10.356675871750232
4,28,12.58397656806576
4,29,15.682679381603334
4,30,14.515436734783924
4,31,11.136537071540888
4,32,12.715529095546769
4,33,12.628604243320344
4,34,8.916661164944157
4,35,9.640182377406648
4,36,12.92364118374092
4,37,11.934053770225276
4,38,9.515882992941306
4,39,12.586301676635527
4,40,14.967068202859327
4,41,13.092872059977246
4,42,13.403167902300687
4,43,16.760408011200507
4,44,17.93394717186932
4,45,16.719489719421016
4,46,18.77649895416135
4,47,21.821834285349258
4,48,22.18287936372978
4,49,21.914878726871976
4,50,24.679283843179448
4,51,26.85368281959491
5,1,5.970859336250742
5,2,5.0661659955024225
5,3,5.4641906947630305
5,4,3.822884808600959
5,6,3.7991823871858728
5,7,5.44322034843725
5,8,5.164137671092499
5,9,6.055118015062798
5,10,8.217678570754057
5,11,10.004087126693275
5,12,10.62976099929948
5,13,14.473723948133186
5,14,15.656796297091262
5,15,14.143492337591807
5,16,16.468226879702954
5,17,15.909807291304833
5,18,16.842528005924784
5,19,14.262781022939226
5,20,11.42847124313667
5,21,12.65418054205041
5,22,12.993953627562636
5,23,9.604477207126921
5,24,8.430766621826518
5,25,11.563146965313113
5,26,10.706755276718765
5,27,7.749003593407857
5,28,10.719315890756873
5,29,13.376482204625685
5,30,12.339746382313745
5,31,9.550100387232648
5,32,11.239928951211413
5,33,10.165131654645732
5,34,6.3837471290645675
5,35,7.36932018777227
5,36,9.968560636132638
5,37,8.370352185431825
5,38,6.009281122441194
5,39,9.467151286071324
5,40,11.386094989616149
5,41,9.46936866026504
5,42,10.360558617948996
5,43,13.585493455926676
5,44,14.50182737002193
5,45,13.69375967076024
5,46,16.04263454316374
5,47,18.757378608536445
5,48,19.197892046677055
5,49,19.410977202027325
5,50,22.47839039626137
5,51,24.96670475580908
6,1,8.578442910062702
6,2,6.1573795692233935
6,3,5.090544030215389
6,4,5.475386108512682
6,5,3.7991823871858728
6,7,3.814626951521866
6,8,5.767624240857896
6,9,5.499512982826882
6,10,5.8877089393403335
6,11,8.735138815509524
6,12,10.254067201510637
6,13,13.818403776521038
6,14,15.323540472234944
6,15,13.404321081462479
6,16,14.95608371388509
6,17,13.635183305777963
6,18,14.85313754187338
6,19,12.99335525319002
6,20,9.648747087951435
6,21,10.198205740730833
6,22,11.41363320585935
6,23,8.792445676063785
6,24,6.337549247169949
6,25,9.555679931628248
6,26,9.97549944773761
6,27,7.221343478002705
6,28,9.264019556117384
6,29,12.445916854934184
6,30,12.481912485434496
6,31,10.131482706142446
6,32,12.855800552752505
6,33,12.011158908610287
6,34,8.5238223319122
6,35,10.583250377915842
6,36,12.627356133655018
6,37,10.117978556714242
6,38,8.471117704739099
6,39,12.202983058377743
6,40,13.210528303047187
6,41,10.630980875021953
6,42,12.11312201193686
6,43,15.478255393702781
6,44,15.50292104431781
6,45,14.42203336816978
6,46,17.359916783561644
6,47,19.859209792556836
6,48,19.609063286635603
6,49,20.019488332705773
6,50,22.84682729778621
6,51,25.614914889429137
7,1,10.24004394415747
7,2,8.928838956088619
7,3,6.717839668128181
7,4,5.604443313415474
7,5,5.44322034843725
7,6,3.814626951521866
7,8,3.811985818186349
7,9,5.365304920183996
7,10,4.766871175380831
7,11,6.192400456259576
7,12,8.641179394759266
7,13,11.959575254716889
7,14,14.26267791309725
7,15,13.199739639276398
7,16,14.919620518348026
7,17,13.956547428329715
7,18,16.009532598645876
7,19,14.294534290747594
7,20,10.683945700030474
7,21,12.028170184594359
7,22,13.870632983405136
7,23,11.435126289138065
7,24,9.3464841659364
7,25,12.845391186782148
7,26,13.558411312342274
7,27,11.00380490021177
7,28,12.996485018655314
7,29,16.22919800770598
7,30,16.255036360862356
7,31,13.727290166745538
7,32,16.15591685372098
7,33,15.2410738491585
7,34,11.554840938050308
7,35,12.738795849806472
7,36,15.002393030364297
7,37,12.741501032510586
7,38,10.170911187909875
7,39,13.503149515724246
7,40,14.801423577886421
7,41,11.770062551739883
7,42,12.193834363110957
7,43,15.920919835016113
7,44,16.033502686159913
7,45,14.087577209685785
7,46,16.720248830919065
7,47,19.65375009280582
7,48,19.099827675437094
7,49,18.82519606309351
7,50,21.22043859779923
7,51,23.69401161922325
8,1,10.474854303599798
8,2,10.030972606689781
8,3,8.97510940744184
8,4,6.485238251758805
8,5,5.164137671092499
8,6,5.767624240857896
8,7,3.811985818186349
8,9,3.8123658196251538
8,10,5.55041447034405
8,11,5.461329222130843
8,12,6.351043546801425
8,13,10.011399242042778
8,14,11.941577626808984
8,15,11.39305873102557
8,16,13.935682795697844
8,17,13.960268413895003
8,18,15.839371507760891
8,19,13.44408967995919
8,20,10.324649445158391
8,21,12.673050419816528
8,22,13.890639198827241
8,23,10.998175070646315
8,24,10.181633308972609
8,25,13.944285846660591
8,26,13.955421500482933
8,27,11.793746021953668
8,28,14.610188407695444
8,29,17.31012050508446
8,30,16.883692024789525
8,31,14.500696300420403
8,32,16.261457784647344
8,33,14.665314982421398
8,34,11.060430684184649
8,35,11.205757072540797
8,36,13.156980305792287
8,37,11.220687286760034
8,38,7.9458024267299905
8,39,10.671159036853947
8,40,12.203800280640978
8,41,9.211755992995542
8,42,8.796906054702273
8,43,12.586195970576926
8,44,13.12043878135631
8,45,11.037433696481273
8,46,13.264133328999048
8,47,16.414823092023777
8,48,16.236187584783316
8,49,15.747964133477103
8,50,18.347566115462687
8,51,20.68362135339148
9,1,12.017654175253206
9,2,10.5769042448126
9,3,10.198054780952612
9,4,8.814334923727847
9,5,6.055118015062798
9,6,5.499512982826882
9,7,5.365304920183996
9,8,3.8123658196251538
9,10,3.8056658636454093
9,11,5.265865394544007
9,12,5.078099005306232
9,13,8.786116349913728
9,14,9.92987181409957
9,15,8.380688427243209
9,16,10.683484319235392
9,17,10.58245621740934
9,18,12.118841263315513
9,19,9.666920710030391
9,20,6.573617338272547
9,21,9.118937420560574
9,22,10.24685225026848
9,23,7.6340781871589005
9,24,7.263179598635138
9,25,11.064248278838106
9,26,11.37260439064019
9,27,10.08278728212858
9,28,12.888880990686632
9,29,15.184260110680755
9,30,15.30729319565258
9,31,13.700688844125132
9,32,15.791859044481209
9,33,13.686325016730189
9,34,10.50930373847901
9,35,11.295399796258824
9,36,12.274931631401316
9,37,9.453508996817506
9,38,6.963409175854335
9,39,9.915688535759626
9,40,10.261013334587018
9,41,6.788243887108429
9,42,7.648079371603558
9,43,11.196675061954945
9,44,10.79008384359831
9,45,9.107139755011447
9,46,12.162997124777633
9,47,14.685202715173862
9,48,14.207349439758092
9,49,14.537437763644991
9,50,17.404614358271523
9,51,20.2807760004725
10,1,13.9408952002661
10,2,11.989306236882461
10,3,10.558015878927426
10,4,9.956977386360515
10,5,8.217678570754057
10,6,5.8877089393403335
10,7,4.766871175380831
10,8,5.55041447034405
10,9,3.8056658636454093
10,11,3.81260805007504
10,12,5.888944314029077
10,13,8.66496751126378
10,14,10.698819647519956
10,15,9.177698760006304
10,16,10.32855345914205
10,17,9.271585282472174
10,18,11.661700486536063
10,19,10.355895220425886
10,20,6.6319779222902575
10,21,8.459702747238072
10,22,10.88740374137594
10,23,9.345857326216333
10,24,7.751576846243072
10,25,11.32519763994707
10,26,12.784769211580292
10,27,11.490812855203249
10,28,13.389080618503378
10,29,16.11915204429909
10,30,16.934537001821617
10,31,15.364988667344445
10,32,18.051900057158814
10,33,16.402490555867004
10,34,13.172496356344455
10,35,14.559017653386626
10,36,15.74217978228242
10,37,12.684204294816974
10,38,10.599261418635797
10,39,13.704774419445295
10,40,13.796116326784947
10,41,10.196977888687448
10,42,11.114870945251058
10,43,14.606840774191873
10,44,13.630467607128253
10,45,11.527957865595013
10,46,14.749656953494364
10,47,17.15147384394273
10,48,15.910090923601544
10,49,16.096853932022967
10,50,18.39610904960557
10,51,21.329868934798903
11,1,15.625590025466371
11,2,14.468018532247369
11,3,12.839698600516304
11,4,11.252800015074577
11,5,10.004087126693275
11,6,8.735138815509524
11,7,6.192400456259576
11,8,5.461329222130843
11,9,5.265865394544007
11,10,3.81260805007504
11,12,3.821868411575203
11,13,6.042101212508406
11,14,9.018568494336817
11,15,8.944349395081149
11,16,10.634088959959694
11,17,10.654202097192492
11,18,13.536234779652146
11,19,12.096533651400277
11,20,8.859737326044872
11,21,11.52870194400405
11,22,13.811386835191001
11,23,12.163136935801475
11,24,11.285609778401376
11,25,14.945516652351252
11,26,16.098716541748484
11,27,14.779075706544667
11,28,17.009878700571203
11,29,19.675685976898183
11,30,20.181559151432072
11,31,18.39719679061286
11,32,20.696563233405563
11,33,18.85746721758548
11,34,15.500882360078291
11,35,16.078716114164447
11,36,17.3216364733372
11,37,14.670563244769912
11,38,11.897287243584119
11,39,14.344451959855588
11,40,14.713878720517178
11,41,11.03207585296254
11,42,10.67046569167923
11,43,14.239879823748899
11,44,13.486224445683682
11,45,10.533760030000371
11,46,13.164944190431507
11,47,15.972462498060882
11,48,14.53764637630754
11,49,13.89118452563624
11,50,15.744455280566644
11,51,18.34073447629725
12,1,16.398245377847996
12,2,15.467619691441632
12,3,14.71592083916998
12,4,12.76602407689541
12,5,10.62976099929948
12,6,10.254067201510637
12,7,8.641179394759266
12,8,6.351043546801425
12,9,5.078099005306232
12,10,5.888944314029077
12,11,3.821868411575203
12,13,3.860919548234036
12,14,5.759452953004893
12,15,6.063644693966911
12,16,8.787294599838157
12,17,10.048251362462898
12,18,12.389838866940716
12,19,10.258673053480864
12,20,7.916602576685325
12,21,11.414176586551205
12,22,12.897283756549191
12,23,11.125273872496411
12,24,11.498679069687393
12,25,15.108817736710169
12,26,15.716544720351505
12,27,14.992243750794364
12,28,17.723320521149933
12,29,19.805841754952944
12,30,20.10190507211067
12,31,18.699451935262807
12,32,20.56727580335924
12,33,18.132425456499085
12,34,15.14948703051361
12,35,15.192468803103148
12,36,15.729980947060499
12,37,13.173859911032467
12,38,10.437551956114037
12,39,12.108768190535159
12,40,12.026476288910393
12,41,8.388589899133898
12,42,7.5728758286065565
12,43,10.840041440824384
12,44,9.90750335957952
12,45,6.744764990391683
12,46,9.43025325670375
12,47,12.151008112161852
12,48,10.864854399839048
12,49,10.40266490707966
12,50,12.745285012392978
12,51,15.578894297144812
13,1,20.23668645309765
13,2,19.265827856943233
13,3,18.333318988458423
13,4,16.447231480291
13,5,14.473723948133186
13,6,13.818403776521038
13,7,11.959575254716889
13,8,10.011399242042778
13,9,8.786116349913728
13,10,8.66496751126378
13,11,6.042101212508406
13,12,3.860919548234036
13,14,3.802718767354836
13,15,5.926873323868792
13,16,7.910626151365344
13,17,9.946421809803956
13,18,12.695504104514765
13,19,11.258824707179388
13,20,9.646127830352917
13,21,13.144942349078956
13,22,14.880984123382367
13,23,13.867395548896456
13,24,14.440631994744273
13,25,17.7878135394538
13,26,18.7502217479889
13,27,18.43725679472735
13,28,20.965251540173938
13,29,22.907574108355476
13,30,23.50577855239876
13,31,22.352646733824987
13,32,24.280228001807227
13,33,21.703356819859277
13,34,18.882525996498273
13,35,18.863292339032654
13,36,19.084051317813298
13,37,16.489461885011153
13,38,13.978354461725523
13,39,15.180718235961287
13,40,14.612909608859843
13,41,11.13847194750473
13,42,10.042406073859702
13,43,12.561965958432737
13,44,10.988981843710853
13,45,7.42831426482631
13,46,9.563565178812134
13,47,11.787361425088864
13,48,9.489584737243334
13,49,8.554826009638294
13,50,9.994592955874365
13,51,12.946299757568406
14,1,21.386017682023866
14,2,20.347425913147248
14,3,20.0797308561875
14,4,18.261900811930246
14,5,15.656796297091262
14,6,15.323540472234944
14,7,14.26267791309725
14,8,11.941577626808984
14,9,9.92987181409957
14,10,10.698819647519956
14,11,9.018568494336817
14,12,5.759452953004893
14,13,3.802718767354836
14,15,3.7968751220664934
14,16,6.373721939375699
14,17,9.55093259668269
14,18,11.367224696398218
14,19,9.547609656500226
14,20,9.262319693260459
14,21,12.927723780568343
14,22,13.86548350287835
14,23,13.122711006232016
14,24,14.642632425790602
14,25,17.62877209021872
14,26,18.247477268409927
14,27,18.602317505915305
14,28,21.29394197100207
14,29,22.643130287659968
14,30,23.226615667554512
14,31,22.58105771868907
14,32,24.240526687193015
14,33,21.24610509429436
14,34,18.94562126622277
14,35,18.758743062177814
14,36,18.21680601587236
14,37,15.64777025909711
14,38,13.680669689035946
14,39,14.215406672798744
14,40,12.867599820579699
14,41,9.829359237690017
14,42,8.953875073006458
14,43,10.462912584285805
14,44,8.162199223894312
14,45,4.976836821784691
14,46,7.265775557718863
14,47,8.553599374316
14,48,5.910871597374696
14,49,6.087684987148214
14,50,8.334322802717503
14,51,11.867529725282344
15,1,19.938958227261487
15,2,18.363960552991728
15,3,18.3980546139623
15,4,17.167885288507815
15,5,14.143492337591807
15,6,13.404321081462479
15,7,13.199739639276398
15,8,11.39305873102557
15,9,8.380688427243209
15,10,9.177698760006304
15,11,8.944349395081149
15,12,6.063644693966911
15,13,5.926873323868792
15,14,3.7968751220664934
15,16,3.7807859569188085
15,17,6.635788419196204
15,18,7.874857530310261
15,19,5.7706465692671065
15,20,5.798070984668291
15,21,9.381934442435112
15,22,10.12230217342879
15,23,9.771256552142972
15,24,11.472174600735816
15,25,14.136146147788027
15,26,14.911771327412316
15,27,15.688541473364081
15,28,18.160094876939088
15,29,19.271413874283738
15,30,20.155868112187598
15,31,19.896282357418517
15,32,21.78157668634634
15,33,18.783821102538354
15,34,16.736211253851742
15,35,17.1392974363643
15,36,16.338384232458804
15,37,13.287611212440462
15,38,12.01287354060289
15,39,13.055935628302603
15,40,11.143629528479645
15,41,7.947845725015141
15,42,8.630676304908349
15,43,10.206269400538027
15,44,7.288718336454739
15,45,5.416614826882505
15,46,8.936640878449648
15,47,9.683476154477729
15,48,7.562177316846219
15,49,9.180205846246773
15,50,11.83691280647502
15,51,15.482911888776227
16,1,22.31601799695643
16,2,20.235159226994885
16,3,20.045232604271174
16,4,19.39550724569363
16,5,16.468226879702954
16,6,14.95608371388509
16,7,14.919620518348026
16,8,13.935682795697844
16,9,10.683484319235392
16,10,10.32855345914205
16,11,10.634088959959694
16,12,8.787294599838157
16,13,7.910626151365344
16,14,6.373721939375699
16,15,3.7807859569188085
16,17,3.820623937188492
16,18,5.390883876173603
16,19,5.355059284949683
16,20,5.967850184823056
16,21,8.472282516229026
16,22,9.836710418737255
16,23,10.833405095567546
16,24,12.079448417462473
16,25,14.10189497472083
16,26,15.66814009690543
16,27,16.885416501046755
16,28,18.705604635269797
16,29,19.70489649322232
16,30,21.24832437356156
16,31,21.376552699815843
16,32,23.666781546710702
16,33,20.83443382214052
16,34,18.94648112295223
16,35,19.922977771206885
16,36,19.05094367120193
16,37,15.664064934824932
16,38,14.914645610073347
16,39,16.31248006268062
16,40,14.07761482488597
16,41,11.022140215280196
16,42,12.297294200802138
16,43,13.70002606771008
16,44,10.424245693856685
16,45,9.087783712416167
16,46,12.422169815774794
16,47,12.54868808098181
16,48,9.831017281536207
16,49,11.750564940871081
16,50,13.696733647860187
16,51,17.452400052474562
17,1,21.619518575463736
17,2,19.037130663527375
17,3,18.59370848770323
17,4,18.63161620309789
17,5,15.909807291304833
17,6,13.635183305777963
17,7,13.956547428329715
17,8,13.960268413895003
17,9,10.58245621740934
17,10,9.271585282472174
17,11,10.654202097192492
17,12,10.048251362462898
17,13,9.946421809803956
17,14,9.55093259668269
17,15,6.635788419196204
17,16,3.820623937188492
17,18,3.80019243594889
17,19,5.515956533633451
17,20,4.9343655663048835
17,21,5.862259138950393
17,22,8.328735588267952
17,23,10.025205867746019
17,24,10.256636578638316
17,25,11.85494804197586
17,26,14.206703481046265
17,27,15.39241247517075
17,28,16.545168163174875
17,29,17.751007925385846
17,30,19.797922034929208
17,31,20.009147972145996
17,32,22.764056341275772
17,33,20.351950363511293
17,34,18.41169043640965
17,35,20.072294503303112
17,36,19.519252539440757
17,37,15.836936283367713
17,38,15.398555792618485
17,39,17.523009125870296
17,40,15.47804890676457
17,41,12.310354432143587
17,42,14.23069515837133
17,43,16.105554789924348
17,44,13.087606237411268
17,45,11.945838003342049
17,46,15.566723155658345
17,47,16.00266338089019
17,48,13.551052328974212
17,49,15.329418628759896
17,50,17.241075453126676
17,51,20.920437392572353
18,1,22.20504607068323
18,2,19.461459279179305
18,3,19.70081643319474
18,4,19.985174915824317
18,5,16.842528005924784
18,6,14.85313754187338
18,7,16.009532598645876
18,8,15.839371507760891
18,9,12.118841263315513
18,10,11.661700486536063
18,11,13.536234779652146
18,12,12.389838866940716
18,13,12.695504104514765
18,14,11.367224696398218
18,15,7.874857530310261
18,16,5.390883876173603
18,17,3.80019243594889
18,19,3.807263967354415
18,20,5.57240210320277
18,21,5.369029049030152
18,22,6.2333896055561855
18,23,8.94279390499184
18,24,10.038375850997857
18,25,10.643952572587759
18,26,12.71435298872934
18,27,14.776370521514048
18,28,15.791610394497805
18,29,16.186669473428918
18,30,18.398809607557865
18,31,19.304028843311116
18,32,21.871406575010557
18,33,19.267978508888294
18,34,18.003013989242294
18,35,19.802411235099402
18,36,18.627524465229108
18,37,14.92958737429662
18,38,15.380222599979648
18,39,17.207320919323752
18,40,14.56587209128278
18,41,12.088160236995996
18,42,14.689706082801077
18,43,15.875940006822397
18,44,12.622307539248897
18,45,12.609525799565066
18,46,16.215502252762523
18,47,15.9732320365054
18,48,13.971130348976525
18,49,16.520871324965686
18,50,18.827491387734373
18,51,22.623170350128476
19,1,19.58932975651262
19,2,17.21786684840378
19,3,17.8752386482769
19,4,17.700148025041443
19,5,14.262781022939226
19,6,12.99335525319002
19,7,14.294534290747594
19,8,13.44408967995919
19,9,9.666920710030391
19,10,10.355895220425886
19,11,12.096533651400277
19,12,10.258673053480864
19,13,11.258824707179388
19,14,9.547609656500226
19,15,5.7706465692671065
19,16,5.355059284949683
19,17,5.515956533633451
19,18,3.807263967354415
19,20,3.8155064580884095
19,21,5.432022142739383
19,22,4.9359755425870455
19,23,6.283390535639083
19,24,8.46735835547805
19,25,9.809731305243279
19,26,10.85789621489302
19,27,12.762371503331245
19,28,14.59154277310042
19,29,14.95461560184528
19,30,16.476629025236974
19,31,17.153406323809644
19,32,19.3109105937085
19,33,16.387713596986792
19,34,15.11854261639932
19,35,16.49434971466102
19,36,15.14579520761312
19,37,11.566338703724794
19,38,11.936174164406795
19,39,13.478623655473406
19,40,10.781265404988277
19,41,8.365628175082653
19,42,11.11980105988113
19,43,12.192946392876678
19,44,9.120655517146533
19,45,9.491841787007719
19,46,13.13392885264491
19,47,13.079392579026155
19,48,11.735925801758466
19,49,14.331109433415822
19,50,17.199191860367417
19,51,20.922672845673645
20,1,17.033557377680165
20,2,14.578403434380506
20,3,14.662667419447704
20,4,14.545556196194216
20,5,11.42847124313667
20,6,9.648747087951435
20,7,10.683945700030474
20,8,10.324649445158391
20,9,6.573617338272547
20,10,6.6319779222902575
20,11,8.859737326044872
20,12,7.916602576685325
20,13,9.646127830352917
20,14,9.262319693260459
20,15,5.798070984668291
20,16,5.967850184823056
20,17,4.9343655663048835
20,18,5.57240210320277
20,19,3.8155064580884095
20,21,3.813881107828666
20,22,5.392091140843098
20,23,5.489014831990556
20,24,6.130736853710989
20,25,8.59710784756791
20,26,10.139417606079443
20,27,10.985748067862103
20,28,12.833177780350377
20,29,14.139638600643703
20,30,15.588283453212707
20,31,15.525279658007822
20,32,18.05863060285327
20,33,15.560829274133638
20,34,13.53126487655376
20,35,15.150327783577234
20,36,14.698714367190423
20,37,11.009646130995716
20,38,10.579806834516107
20,39,12.974609253777635
20,40,11.24197037919206
20,41,8.022313995055734
20,42,10.49559544413148
20,43,12.693689641252613
20,44,10.34897779181664
20,45,9.646135211372787
20,46,13.463717105081972
20,47,14.443372486785345
20,48,13.06116695429196
20,49,14.793874785870862
20,50,17.54565137668186
20,51,21.102689139360322
21,1,17.66644077150819
21,2,14.591112658695648
21,3,14.735750898575443
21,4,15.574422075464932
21,5,12.65418054205041
21,6,10.198205740730833
21,7,12.028170184594359
21,8,12.673050419816528
21,9,9.118937420560574
21,10,8.459702747238072
21,11,11.52870194400405
21,12,11.414176586551205
21,13,13.144942349078956
21,14,12.927723780568343
21,15,9.381934442435112
21,16,8.472282516229026
21,17,5.862259138950393
21,18,5.369029049030152
21,19,5.432022142739383
21,20,3.813881107828666
21,22,3.7747831532512075
21,23,5.678808591910949
21,24,5.060400610499747
21,25,5.998459989050476
21,26,8.681951424935347
21,27,10.039312646649627
21,28,10.804163083269462
21,29,11.92790631036027
21,30,14.169100962432971
21,31,14.63170301526238
21,32,17.609005891553764
21,33,15.559110184341787
21,34,13.925598239654889
21,35,16.339005721084224
21,36,15.899529435358007
21,37,12.077923776446031
21,38,12.514887354745555
21,39,15.26345269058693
21,40,13.465419508534966
21,41,10.792986135004385
21,42,13.7846530696926
21,43,15.82185995065968
21,44,13.514723813026295
21,45,13.327235386726867
21,46,17.13534444174615
21,47,17.865709885641593
21,48,16.520899929298256
21,49,18.49879717847179
21,50,21.174438226836422
21,51,24.788359932126237
22,1,17.490081200825614
22,2,14.558252647711742
22,3,15.64844690420937
22,4,16.38098754338936
22,5,12.993953627562636
22,6,11.41363320585935
22,7,13.870632983405136
22,8,13.890639198827241
22,9,10.24685225026848
22,10,10.88740374137594
22,11,13.811386835191001
22,12,12.897283756549191
22,13,14.880984123382367
22,14,13.86548350287835
22,15,10.12230217342879
22,16,9.836710418737255
22,17,8.328735588267952
22,18,6.2333896055561855
22,19,4.9359755425870455
22,20,5.392091140843098
22,21,3.7747831532512075
22,23,3.793159376795491
22,24,5.358056271091575
22,25,5.176309790163025
22,26,6.520475206800077
22,27,9.040635385537197
22,28,10.188528781880205
22,29,10.198599749938245
22,30,12.195042917610559
22,31,13.366074730970917
22,32,15.858903295129643
22,33,13.402848830061291
22,34,12.57546342302474
22,35,14.88479599674609
22,36,13.69296768072139
22,37,9.950546635076163
22,38,11.390131620040789
22,39,13.635772710684723
22,40,11.31824053924926
22,41,9.55648288472026
22,42,13.099792861723438
22,43,14.408375202412355
22,44,12.182361878107638
22,45,13.057696453456046
22,46,16.676127139751912
22,47,16.940540226658207
22,48,16.238345175225366
22,49,18.70527084548188
22,50,21.785664682293422
22,51,25.416375152164836
23,1,14.07365375014074
23,2,11.504918031228163
23,3,12.92870370025996
23,4,13.208375675496967
23,5,9.604477207126921
23,6,8.792445676063785
23,7,11.435126289138065
23,8,10.998175070646315
23,9,7.6340781871589005
23,10,9.345857326216333
23,11,12.163136935801475
23,12,11.125273872496411
23,13,13.867395548896456
23,14,13.122711006232016
23,15,9.771256552142972
23,16,10.833405095567546
23,17,10.025205867746019
23,18,8.94279390499184
23,19,6.283390535639083
23,20,5.489014831990556
23,21,5.678808591910949
23,22,3.793159376795491
23,24,3.800514921761684
23,25,5.497967300018631
23,26,5.150845061585812
23,27,6.623948751472672
23,28,9.04499579501976
23,29,9.600704468466533
23,30,10.495192454487908
23,31,10.889919396988423
23,32,13.089953051794966
23,33,10.418847737753712
23,34,9.126744325017842
23,35,11.192930001415133
23,36,10.28735718374443
23,37,6.466269925483402
23,38,7.6480595051724345
23,39,10.174527535864827
23,40,8.465794621100683
23,41,6.650345463788024
23,42,10.25202066125521
23,43,11.92450829930196
23,44,10.547946505116487
23,45,11.359965224951788
23,46,14.788344890996536
23,47,15.660113626466213
23,48,15.560336234438191
23,49,17.591800413221804
23,50,20.94417340757495
23,51,24.340773576788255
24,1,12.818514188688846
24,2,9.641382923151639
24,3,10.336432691358862
24,4,11.416658208594452
24,5,8.430766621826518
24,6,6.337549247169949
24,7,9.3464841659364
24,8,10.181633308972609
24,9,7.263179598635138
24,10,7.751576846243072
24,11,11.285609778401376
24,12,11.498679069687393
24,13,14.440631994744273
24,14,14.642632425790602
24,15,11.472174600735816
24,16,12.079448417462473
24,17,10.256636578638316
24,18,10.038375850997857
24,19,8.46735835547805
24,20,6.130736853710989
24,21,5.060400610499747
24,22,5.358056271091575
24,23,3.800514921761684
24,25,3.819876143743765
24,26,5.251554785569913
24,27,5.195530440670869
24,28,6.767836010060528
24,29,8.648923297560977
24,30,10.057987370253835
24,31,9.802480244704334
24,32,12.84664764562962
24,33,11.142649954525876
24,34,9.16248339110837
24,35,11.975349752351267
24,36,12.178049901551127
24,37,8.57632495532094
24,38,9.0739372862046
24,39,12.407557127013881
24,40,11.593091800857813
24,41,9.336038151069188
24,42,12.419573075180944
24,43,14.822636984118878
24,44,13.678574233247078
24,45,13.699966514178984
24,46,17.229777358900787
24,47,18.60147624490643
24,48,18.14286005586886
24,49,19.724841508396864
24,50,22.80450306954942
24,51,26.13662015986823
25,1,14.88535702136716
25,2,11.39580048692203
25,3,12.556065014521694
25,4,14.343009120963766
25,5,11.563146965313113
25,6,9.555679931628248
25,7,12.845391186782148
25,8,13.944285846660591
25,9,11.064248278838106
25,10,11.32519763994707
25,11,14.945516652351252
25,12,15.108817736710169
25,13,17.7878135394538
25,14,17.62877209021872
25,15,14.136146147788027
25,16,14.10189497472083
25,17,11.85494804197586
25,18,10.643952572587759
25,19,9.809731305243279
25,20,8.59710784756791
25,21,5.998459989050476
25,22,5.176309790163025
25,23,5.497967300018631
25,24,3.819876143743765
25,26,3.822600844971157
25,27,5.561388366067302
25,28,5.264371469107852
25,29,5.968068721314709
25,30,8.570863490581603
25,31,9.608642385735434
25,32,12.79088302669786
25,33,11.445088074397045
25,34,10.579478993446278
25,35,13.856021944514547
25,36,13.566436502101103
25,37,10.14696393330755
25,38,11.794063759354549
25,39,14.805168569764914
25,40,13.550937777479248
25,41,12.035271806671048
25,42,15.502838234147806
25,43,17.366851970158557
25,44,16.003568020855234
25,45,16.636332689732587
25,46,20.179095977296473
25,47,21.0582706814209
25,48,20.644306137242413
25,49,22.669444750509218
25,50,25.792220322009914
25,51,29.26292073493502
26,1,13.20103642914887
26,2,10.156177770772473
26,3,12.398316774624508
26,4,13.785277360473504
26,5,10.706755276718765
26,6,9.97549944773761
26,7,13.558411312342274
26,8,13.955421500482933
26,9,11.37260439064019
26,10,12.784769211580292
26,11,16.098716541748484
26,12,15.716544720351505
26,13,18.7502217479889
26,14,18.247477268409927
26,15,14.911771327412316
26,16,15.66814009690543
26,17,14.206703481046265
26,18,12.71435298872934
26,19,10.85789621489302
26,20,10.139417606079443
26,21,8.681951424935347
26,22,6.520475206800077
26,23,5.150845061585812
26,24,5.251554785569913
26,25,3.822600844971157
26,27,3.7954915783618253
26,28,5.091344720862267
26,29,4.538118546372771
26,30,5.69875584331287
26,31,7.170262185161598
26,32,9.668649784627847
26,33,7.885006436650582
26,34,7.799069541515002
26,35,10.976952332710285
26,36,10.271442571670082
26,37,7.2465251249378
26,38,9.755637033671384
26,39,12.362435965162607
26,40,11.285001336240594
26,41,10.733395540618156
26,42,14.276991877619526
26,43,15.708511603197554
26,44,14.965199082889697
26,45,16.200688090026894
26,46,19.372282318392777
26,47,20.215621113379164
26,48,20.503523977830323
26,49,22.574721085346408
26,50,26.014434145195633
26,51,29.339627904723827
27,1,9.66821154452713
27,2,6.40353155031331
27,3,8.73770904183555
27,4,10.356675871750232
27,5,7.749003593407857
27,6,7.221343478002705
27,7,11.00380490021177
27,8,11.793746021953668
27,9,10.08278728212858
27,10,11.490812855203249
27,11,14.779075706544667
27,12,14.992243750794364
27,13,18.43725679472735
27,14,18.602317505915305
27,15,15.688541473364081
27,16,16.885416501046755
27,17,15.39241247517075
27,18,14.776370521514048
27,19,12.762371503331245
27,20,10.985748067862103
27,21,10.039312646649627
27,22,9.040635385537197
27,23,6.623948751472672
27,24,5.195530440670869
27,25,5.561388366067302
27,26,3.7954915783618253
27,28,3.781699654998129
27,29,5.646922510436122
27,30,5.459886794155559
27,31,4.622388767499865
27,32,7.7865890138797145
27,33,6.853138524215122
27,34,5.38609800388562
27,35,9.038866228349958
27,36,9.702235003278464
27,37,7.143782928163458
27,38,8.586846808377404
27,39,11.803582997049768
27,40,11.89353855248749
27,41,10.985391289678969
27,42,13.953213597313898
27,43,16.03761365252537
27,44,15.933571561697521
27,45,16.560726643602116
27,46,19.581382537607297
27,47,21.09618939590512
27,48,21.46505841675535
27,49,22.960792565017176
27,50,26.33657901902634
27,51,29.431885185906395
28,1,11.913846338919129
28,2,8.276596849700878
28,3,9.952541042245148
28,4,12.58397656806576
28,5,10.719315890756873
28,6,9.264019556117384
28,7,12.996485018655314
28,8,14.610188407695444
28,9,12.888880990686632
28,10,13.389080618503378
28,11,17.009878700571203
28,12,17.723320521149933
28,13,20.965251540173938
28,14,21.29394197100207
28,15,18.160094876939088
28,16,18.705604635269797
28,17,16.545168163174875
28,18,15.791610394497805
28,19,14.59154277310042
28,20,12.833177780350377
28,21,10.804163083269462
28,22,10.188528781880205
28,23,9.04499579501976
28,24,6.767836010060528
28,25,5.264371469107852
28,26,5.091344720862267
28,27,3.781699654998129
28,29,3.804588103105276
28,30,5.4086638895994925
28,31,5.548524663271813
28,32,9.220890615595923
28,33,9.436679251521037
28,34,8.692268121508631
28,35,12.481734762944873
28,36,13.162345628815403
28,37,10.743000753850717
28,38,12.35412430588919
28,39,15.564331108154764
28,40,15.424709441644119
28,41,14.43672924375462
28,42,17.533556484176376
28,43,19.624969466410388
28,44,19.18567105294795
28,45,19.771350611066634
28,46,22.995283039237133
28,47,24.367855185825523
28,48,24.43925228837852
28,49,26.06884919177437
28,50,29.31361906105173
28,51,32.53142563874418
29,1,14.306218858057969
29,2,11.067146352679998
29,3,13.39458347449695
29,4,15.682679381603334
29,5,13.376482204625685
29,6,12.445916854934184
29,7,16.22919800770598
29,8,17.31012050508446
29,9,15.184260110680755
29,10,16.11915204429909
29,11,19.675685976898183
29,12,19.805841754952944
29,13,22.907574108355476
29,14,22.643130287659968
29,15,19.271413874283738
29,16,19.70489649322232
29,17,17.751007925385846
29,18,16.186669473428918
29,19,14.95461560184528
29,20,14.139638600643703
29,21,11.92790631036027
29,22,10.198599749938245
29,23,9.600704468466533
29,24,8.648923297560977
29,25,5.968068721314709
29,26,4.538118546372771
29,27,5.646922510436122
29,28,3.804588103105276
29,30,3.789890430406707
29,31,6.471235050984434
29,32,9.149235839622989
29,33,9.023099029398475
29,34,9.77162881222602
29,35,13.334403868866316
29,36,13.047074866157615
29,37,10.881738336932433
29,38,13.489163709275658
29,39,16.089219858938478
29,40,15.39140971415415
29,41,15.153819559429651
29,42,18.58445215263905
29,43,20.010381439306997
29,44,19.449417484323355
29,45,20.716693096520295
29,46,23.85128407576201
29,47,24.708470355964103
29,48,25.02768733962482
29,49,27.097805359220537
29,50,30.51061542671346
29,51,33.83089710466696
30,1,12.069094326451369
30,2,9.513741746660902
30,3,12.638635102136924
30,4,14.515436734783924
30,5,12.339746382313745
30,6,12.481912485434496
30,7,16.255036360862356
30,8,16.883692024789525
30,9,15.30729319565258
30,10,16.934537001821617
30,11,20.181559151432072
30,12,20.10190507211067
30,13,23.50577855239876
30,14,23.226615667554512
30,15,20.155868112187598
30,16,21.24832437356156
30,17,19.797922034929208
30,18,18.398809607557865
30,19,16.476629025236974
30,20,15.588283453212707
30,21,14.169100962432971
30,22,12.195042917610559
30,23,10.495192454487908
30,24,10.057987370253835
30,25,8.570863490581603
30,26,5.69875584331287
30,27,5.459886794155559
30,28,5.4086638895994925
30,29,3.789890430406707
30,31,3.833586626425326
30,32,5.492697806518282
30,33,5.811957493573627
30,34,7.365474977855648
30,35,10.660227415773491
30,36,10.547797094688836
30,37,9.372927749747856
30,38,12.08852396669296
30,39,14.325984475005754
30,40,14.272264569253057
30,41,14.666024906392884
30,42,17.76947448716643
30,43,19.035328260283592
30,44,19.18901112046952
30,45,20.62234380710669
30,46,23.355567448413943
30,47,24.41666629823568
30,48,25.26518573407633
30,49,27.122762094878894
30,50,30.700728754604278
30,51,33.7948652082844
31,1,8.373802625722325
31,2,5.9300900063696025
31,3,9.282468592881303
31,4,11.136537071540888
31,5,9.550100387232648
31,6,10.131482706142446
31,7,13.727290166745538
31,8,14.500696300420403
31,9,13.700688844125132
31,10,15.364988667344445
31,11,18.39719679061286
31,12,18.699451935262807
31,13,22.352646733824987
31,14,22.58105771868907
31,15,19.896282357418517
31,16,21.376552699815843
31,17,20.009147972145996
31,18,19.304028843311116
31,19,17.153406323809644
31,20,15.525279658007822
31,21,14.63170301526238
31,22,13.366074730970917
31,23,10.889919396988423
31,24,9.802480244704334
31,25,9.608642385735434
31,26,7.170262185161598
31,27,4.622388767499865
31,28,5.548524663271813
31,29,6.471235050984434
31,30,3.833586626425326
31,32,3.8227136593493074
31,33,5.22830543364295
31,34,5.097737343362538
31,35,8.567258207961038
31,36,9.817216947672119
31,37,8.978739356594296
31,38,10.62723171363126
31,39,13.260283959907976
31,40,14.137541648686948
31,41,14.131871158134592
31,42,16.696149040408883
31,43,18.50358517715615
31,44,19.126539713082447
31,45,20.010380095546463
31,46,22.595290267130054
31,47,24.22609003255718
31,48,25.099456636634386
31,49,26.448088528221348
31,50,29.93963424579493
31,51,32.814186574669044
32,1,8.74491768780362
32,2,7.920001221624204
32,3,11.658477972647521
32,4,12.715529095546769
32,5,11.239928951211413
32,6,12.855800552752505
32,7,16.15591685372098
32,8,16.261457784647344
32,9,15.791859044481209
32,10,18.051900057158814
32,11,20.696563233405563
32,12,20.56727580335924
32,13,24.280228001807227
32,14,24.240526687193015
32,15,21.78157668634634
32,16,23.666781546710702
32,17,22.764056341275772
32,18,21.871406575010557
32,19,19.3109105937085
32,20,18.05863060285327
32,21,17.609005891553764
32,22,15.858903295129643
32,23,13.089953051794966
32,24,12.84664764562962
32,25,12.79088302669786
32,26,9.668649784627847
32,27,7.7865890138797145
32,28,9.220890615595923
32,29,9.149235839622989
32,30,5.492697806518282
32,31,3.8227136593493074
32,33,3.794527432352661
32,34,5.485578213477756
32,35,7.535602799298738
32,36,8.576686421146661
32,37,9.280893713805593
32,38,11.14386861122387
32,39,12.838589046868023
32,40,14.134506930022571
32,41,15.029471767856442
32,42,17.246599981726778
32,43,18.52870429202608
32,44,19.748649085142787
32,45,21.017784626956484
32,46,23.108959688897308
32,47,24.665071271448333
32,48,26.085618306579086
32,49,27.39765756599936
32,50,31.03311167825231
32,51,33.70287547110596
33,1,9.493771053764316
33,2,8.581594332539426
33,3,12.282009407307111
33,4,12.628604243320344
33,5,10.165131654645732
33,6,12.011158908610287
33,7,15.2410738491585
33,8,14.665314982421398
33,9,13.686325016730189
33,10,16.402490555867004
33,11,18.85746721758548
33,12,18.132425456499085
33,13,21.703356819859277
33,14,21.24610509429436
33,15,18.783821102538354
33,16,20.83443382214052
33,17,20.351950363511293
33,18,19.267978508888294
33,19,16.387713596986792
33,20,15.560829274133638
33,21,15.559110184341787
33,22,13.402848830061291
33,23,10.418847737753712
33,24,11.142649954525876
33,25,11.445088074397045
33,26,7.885006436650582
33,27,6.853138524215122
33,28,9.436679251521037
33,29,9.023099029398475
33,30,5.811957493573627
33,31,5.22830543364295
33,32,3.794527432352661
33,34,3.8001936783072328
33,35,5.465785021572253
33,36,5.186867754126125
33,37,5.774888371734648
33,38,8.266338843509585
33,39,9.58716109800042
33,40,10.469446326663093
33,41,11.710351506121217
33,42,14.092502255511668
33,43,15.027976859602335
33,44,16.17296956215079
33,45,17.744760703042402
33,46,19.781042312755982
33,47,21.092620267029442
33,48,22.629292371549507
33,49,24.128257237610722
33,50,27.846393321381854
33,51,30.574757144895912
34,1,6.518684720688375
34,2,5.45575536898537
34,3,8.917854315827986
34,4,8.916661164944157
34,5,6.3837471290645675
34,6,8.5238223319122
34,7,11.554840938050308
34,8,11.060430684184649
34,9,10.50930373847901
34,10,13.172496356344455
34,11,15.500882360078291
34,12,15.14948703051361
34,13,18.882525996498273
