1,2,3.822494769303747
1,3,5.848661456774227
1,4,8.382503963198667
1,5,8.125354652333845
1,6,8.641876108990274
1,7,10.942208844664519
1,8,12.764475990010933
1,9,13.05774506938948
1,10,14.632034956374772
1,11,16.694915162637376
1,12,18.095273399027725
1,13,18.65421574070446
1,14,20.61328768544189
1,15,22.75691757213889
1,16,26.469282227898834
1,17,28.300238943997012
1,18,26.22242687781532
1,19,27.73139221373419
1,20,25.888624970234407
1,21,26.133053197483896
1,22,24.591300573193873
1,23,21.737507704355604
1,24,20.776986822823822
1,25,21.49292146781401
1,26,19.027005692638223
1,27,16.458347744215754
1,28,17.45725738281511
1,29,16.558076861316017
1,30,13.020258097977964
1,31,12.753071396392235
1,32,14.962027706694325
1,33,13.308240219468573
1,34,10.056724598087863
1,35,11.056295168278274
1,36,13.874323834856796
1,37,12.316568260328665
1,38,14.63007180729819
1,39,17.686662666190443
1,40,17.297098120709805
1,41,17.064475761443184
1,42,20.096422527520602
1,43,22.261476945884404
1,44,21.685157268105392
1,45,22.531182303246833
1,46,25.473839489902044
1,47,26.551422776284713
1,48,26.29491480003033
1,49,28.2336807946265
1,50,31.13113479021018
1,51,31.471845469533257
1,52,31.733318877755536
1,53,35.37855360090944
1,54,36.032684027210294
2,1,3.822494769303747
2,3,3.7911198651084264
2,4,4.855836889747351
2,5,5.212625136587596
2,6,6.963075565971869
2,7,8.608232954141263
2,8,9.778074522605664
2,9,10.868134453442028
2,10,12.83294745727311
2,11,14.188858759048216
2,12,15.497193850965262
2,13,16.714884577700573
2,14,18.534352547163888
2,15,20.224281606884865
2,16,24.037195144586306
2,17,25.576901314143555
2,18,23.540621317977507
2,19,25.362825473486875
2,20,23.91491960336398
2,21,24.028875660725117
2,22,22.065256609572447
2,23,19.413692670732836
2,24,18.85700568261762
2,25,19.18182574413971
2,26,16.327626155005085
2,27,14.290499065577109
2,28,15.563394394866824
2,29,14.076372865061012
2,30,10.487181829026513
2,31,11.212010981296881
2,32,13.202356740698542
2,33,11.027277289515618
2,34,7.373253590330908
2,35,8.024208482594226
2,36,10.439496453186733
2,37,8.720087394009013
2,38,10.824703036865019
2,39,13.938808289639116
2,40,13.800642345377478
2,41,13.55238014372603
2,42,16.407211069018647
2,43,18.690317973771858
2,44,18.37642286473841
2,45,19.119918409547015
2,46,21.909771389360483
2,47,23.201232695135612
2,48,23.147374718495364
2,49,24.895180781931725
2,50,27.767820113006316
2,51,28.358969455235126
2,52,28.696872461776465
2,53,32.423471693225366
2,54,33.128493024891576
3,1,5.848661456774227
3,2,3.7911198651084264
3,4,3.8137034060823827
3,5,5.433345795227531
3,6,5.459717042939806
3,7,5.832830276042769
3,8,8.182297354482959
3,9,9.575290877117592
3,10,10.514198667218547
3,11,11.82487064513045
3,12,13.923670088635209
3,13,14.99185132746867
3,14,16.193796989897532
3,15,18.192246608515756
3,16,21.93322406856823
3,17,23.841389382973837
3,18,22.26764954671007
3,19,24.331278738563196
3,20,23.089349002519363
3,21,23.7640574564
3,22,21.709029803952696
3,23,18.730847297838373
3,24,18.767694960064212
3,25,19.552316762545058
3,26,16.47251142838769
3,27,14.505242762477021
3,28,16.603691093010656
3,29,15.395940520071838
3,30,11.628771177512622
3,31,12.955860831508234
3,32,15.489487983870216
3,33,13.608461726569859
3,34,9.762825792151439
3,35,10.625380041773909
3,36,12.073951398432266
3,37,9.360389178124866
3,38,10.690894673469149
3,39,14.269825795732226
3,40,14.115346230471278
3,41,12.831920417787996
3,42,15.686090522490545
3,43,18.364022965446168
3,44,17.606535424316327
3,45,17.741177663450276
3,46,20.87430026851992
3,47,22.262272467577485
3,48,21.659210582774076
3,49,23.250405157996795
3,50,26.421033066319563
3,51,26.943448923766155
3,52,26.81506789148787
3,53,30.459256030892888
3,54,30.809716750770264
4,1,8.382503963198667
4,2,4.855836889747351
4,3,3.8137034060823827
4,5,3.8018866760548002
4,6,5.7628560145152745
4,7,5.288229801217521
4,8,5.801392472424312
4,9,8.267869887355824
4,10,10.007620603688787
4,11,10.281802298962036
4,12,11.881442434889355
4,13,13.803562441927697
4,14,15.045109452601809
4,15,16.316325429852117
4,16,20.155447804468523
4,17,21.567240486495532
4,18,19.87679316501024
4,19,22.180254612695993
4,20,21.321741010999702
4,21,21.664054949288737
4,22,19.208723562801904
4,23,16.61354010074377
4,24,16.940278552003388
4,25,17.1517412587123
4,26,13.770443049339114
4,27,12.502561864393108
4,28,14.638341574861476
4,29,12.815693520507198
4,30,9.289469898525189
4,31,11.534402978378704
4,32,13.580802369174938
4,33,11.360737798107763
4,34,7.62330792411784
4,35,8.123054104888876
4,36,8.72122984051719
4,37,5.811799974083152
4,38,6.890774844493513
4,39,10.46032576090856
4,40,10.517258407944553
4,41,9.377303860617978
4,42,12.071194069409831
4,43,14.759829222017277
4,44,14.387088562874151
4,45,14.607279284001875
4,46,17.481286035964125
4,47,19.038968977029867
4,48,18.840108011660213
4,49,20.303729727114497
4,50,23.330213924796144
4,51,24.12062488126862
4,52,24.262588769083056
4,53,28.017314123011705
4,54,28.589456656224655
5,1,8.125354652333845
5,2,5.212625136587596
5,3,5.433345795227531
5,4,3.8018866760548002
5,6,3.7909094293283974
5,7,5.600215681557001
5,8,5.248088995900891
5,9,6.011259357576148
5,10,8.75955867587435
5,11,9.854970140386188
5,12,10.499045469014883
5,13,11.918860983986459
5,14,14.03290830115907
5,15,15.413154887351826
5,16,19.21803449897954
5,17,20.58714959666673
5,18,18.387325144071305
5,19,20.161268773251553
5,20,18.807950171011306
5,21,18.953524101033516
5,22,16.909607897781633
5,23,14.224979367008316
5,24,13.906897333964551
5,25,14.312060142122261
5,26,11.334820411041472
5,27,9.37243244814035
5,28,11.27226990606016
5,29,9.988699397305778
5,30,6.207815284918303
5,31,7.961962347620917
5,32,10.521310671987308
5,33,9.094298708377329
5,34,5.468858144249119
5,35,7.729332873063624
5,36,8.299802724036416
5,37,5.303729273557391
5,38,8.141514542501996
5,39,10.90892808605687
5,40,9.704325422014989
5,41,9.197418583480248
5,42,12.58585226487699
5,43,14.4335425985072
5,44,13.581759301065414
5,45,14.687958573198344
5,46,17.634418611517972
5,47,18.463790139063928
5,48,18.327899919383285
5,49,20.428774360412213
5,50,23.143389051325478
5,51,23.45346108823924
5,52,23.96671693617367
5,53,27.663111542251567
5,54,28.638732214557766
6,1,8.641876108990274
6,2,6.963075565971869
6,3,5.459717042939806
6,4,5.7628560145152745
6,5,3.7909094293283974
6,7,3.8281960775969095
6,8,5.39186223532468
6,9,4.676373537870932
6,10,6.108486960245235
6,11,8.393643447887316
6,12,9.7177840614705
6,13,10.082914908125622
6,14,12.017998095619138
6,15,14.223073815686243
6,16,17.872279539872146
6,17,19.870910795961446
6,18,17.97545367838159
6,19,19.572854136755872
6,20,17.96245339467345
6,21,18.807948528577732
6,22,17.164132614276
6,23,13.907271775288176
6,24,13.745785424891672
6,25,15.113963443364197
6,26,12.43878445705626
6,27,9.906691893090363
6,28,12.431310071572831
6,29,12.185555647815201
6,30,8.505104686260353
6,31,9.677343455340422
6,32,12.987677094086747
6,33,12.356971671947566
6,34,8.978009532936262
6,35,11.500215122074604
6,36,11.931644806631986
6,37,8.574793527261086
6,38,10.860302697320746
6,39,13.776493018256579
6,40,12.208050196802064
6,41,10.809137103589558
6,42,14.374527762271452
6,43,16.255758820598853
6,44,14.593528899255292
6,45,15.373169107594908
6,46,18.777543614754876
6,47,19.29164335920114
6,48,18.414596135395353
6,49,20.708440527256602
6,50,23.622885514161904
6,51,23.496155628419277
6,52,23.587268583561446
6,53,27.106126250633505
6,54,27.83348492061363
7,1,10.942208844664519
7,2,8.608232954141263
7,3,5.832830276042769
7,4,5.288229801217521
7,5,5.600215681557001
7,6,3.8281960775969095
7,8,3.78677345076851
7,9,5.189708610989898
7,10,5.137856366263433
7,11,6.0377915390524075
7,12,8.568829206043581
7,13,9.652698657256735
7,14,10.420857900396362
7,15,12.454171783644998
7,16,16.144080599279995
7,17,18.232757572970034
7,18,16.944410156992696
7,19,19.15702368328929
7,20,18.223490646193067
7,21,19.4075775030182
7,22,17.267120073299235
7,23,14.064325570826957
7,24,14.908113626266903
7,25,16.129244334137894
7,26,12.973628258786256
7,27,11.35365639689989
7,28,14.451736777817738
7,29,13.74339401295533
7,30,10.299247346221723
7,31,12.483088578907514
7,32,15.43525459186816
7,33,14.355623470350709
7,34,10.900232257617553
7,35,12.61062563990708
7,36,12.337237424397344
7,37,8.609912396219938
7,38,9.526948949828359
7,39,12.7590186140544
7,40,11.752080318531638
7,41,9.333792611375486
7,42,12.45855165558822
7,43,14.933075402744844
7,44,13.281119524091583
7,45,13.150296748262127
7,46,16.69479783781379
7,47,17.6735394293528
7,48,16.481478557917082
7,49,18.28737563886021
7,50,21.527442239926984
7,51,21.698714061293213
7,52,21.349986793468705
7,53,24.89621895158461
7,54,25.246289364087403
8,1,12.764475990010933
8,2,9.778074522605664
8,3,8.182297354482959
8,4,5.801392472424312
8,5,5.248088995900891
8,6,5.39186223532468
8,7,3.78677345076851
8,9,3.80637173031572
8,10,5.609282876553028
8,11,4.978954078869286
8,12,6.090014186753826
8,13,8.369260762762064
8,14,9.606153842981652
8,15,10.600639977845876
8,16,14.45223338013325
8,17,15.883924391547243
8,18,14.202649607848224
8,19,16.548526804961813
8,20,15.90396798225569
8,21,16.62717044580755
8,22,14.113227048014505
8,23,11.294842650316529
8,24,12.35570271944814
8,25,12.988726998251085
8,26,9.555452539084104
8,27,8.654486963045347
8,28,11.826803106631008
8,29,10.717946711321655
8,30,7.73637272380731
8,31,10.70374660014098
8,32,13.198833052201302
8,33,12.20405973238929
8,34,9.298760538208402
8,35,11.077143786980688
8,36,9.816450594839434
8,37,6.020763221663975
8,38,7.023688797736652
8,39,9.6185511509166
8,40,8.130887158410085
8,41,5.7307836016310985
8,42,9.176887721749763
8,43,11.289720640211643
8,44,9.708113483098971
8,45,10.084513739450657
8,46,13.465766222238818
8,47,14.315882894770684
8,48,13.605164688188514
8,49,15.586148639272539
8,50,18.558382485757534
8,51,18.84525478566788
8,52,18.986865378344778
8,53,22.67457943679083
8,54,23.465372653678052
9,1,13.05774506938948
9,2,10.868134453442028
9,3,9.575290877117592
9,4,8.267869887355824
9,5,6.011259357576148
9,6,4.676373537870932
9,7,5.189708610989898
9,8,3.80637173031572
9,10,3.8069929636799866
9,11,5.318789510784614
9,12,5.271039850477005
9,13,5.914392473817881
9,14,8.363688822691161
9,15,10.034470130285845
9,16,13.675106269174842
9,17,15.419517671729926
9,18,13.334372094559367
9,19,14.923733916220105
9,20,13.520029633289848
9,21,14.463748574549886
9,22,12.67732399059323
9,23,9.341378640253076
9,24,9.757719525216746
9,25,11.286186601328218
9,26,8.603012165189242
9,27,6.47623234670985
9,28,9.871721086998246
9,29,10.025212788461003
9,30,7.165651477039327
9,31,9.163186026610308
9,32,12.33487570128734
9,33,12.421228171520521
9,34,9.914072243077745
9,35,12.721180657794045
9,36,11.770522313170419
9,37,8.265500636479272
9,38,10.314263629525941
9,39,12.329834398716706
9,40,9.866918354382992
9,41,8.139824373902059
9,42,11.838350395926943
9,43,13.028997145063984
9,44,10.682147330146124
9,45,11.83756937057931
9,46,15.281362745408426
9,47,15.204821247798153
9,48,14.19921147122314
9,49,16.881839965573363
9,50,19.547530150370932
9,51,19.106408646430147
9,52,19.412909935596666
9,53,22.88626334719307
9,54,23.940146128460196
10,1,14.632034956374772
10,2,12.83294745727311
10,3,10.514198667218547
10,4,10.007620603688787
10,5,8.75955867587435
10,6,6.108486960245235
10,7,5.137856366263433
10,8,5.609282876553028
10,9,3.8069929636799866
10,11,3.7950282234769146
10,12,5.629535504150854
10,13,4.974079059947087
10,14,6.036280986903156
10,15,8.839811489443276
10,16,12.209233895361951
10,17,14.75075665306963
10,18,13.478531388012408
10,19,15.19852821656564
10,20,13.993316167195816
10,21,15.836526723872261
10,22,14.260424049730489
10,23,10.64101277389749
10,24,11.768731299014998
10,25,13.924234534846416
10,26,11.478066612243294
10,27,9.641291817346248
10,28,13.221398326011016
10,29,13.700393712911412
10,30,10.971472922860205
10,31,12.785938970795799
10,32,16.09722768122546
10,33,16.170039110862014
10,34,13.426938425097125
10,35,15.973747727640921
10,36,15.066966800247304
10,37,11.34975321880418
10,38,12.59204647033115
10,39,14.917337528038713
10,40,12.804691112669792
10,41,10.216560762866955
10,42,13.48957095569495
10,43,15.019986422696043
10,44,12.241570256488549
10,45,12.467644556163144
10,46,16.218607656054616
10,47,16.159322569523884
10,48,14.281946292098763
10,49,16.76802524053343
10,50,19.75056205362709
10,51,19.07278832452624
10,52,18.665897157607958
10,53,21.918142379803186
10,54,22.474149297562303
11,1,16.694915162637376
11,2,14.188858759048216
11,3,11.82487064513045
11,4,10.281802298962036
11,5,9.854970140386188
11,6,8.393643447887316
11,7,6.0377915390524075
11,8,4.978954078869286
11,9,5.318789510784614
11,10,3.7950282234769146
11,12,3.8129388204531365
11,13,5.399318682790737
11,14,4.961389749206651
11,15,6.459755569722619
11,16,10.14186675804144
11,17,12.29967505980112
11,18,11.448672449285072
11,19,13.966067646510847
11,20,13.721784900875543
11,21,15.460209479184538
11,22,13.159943214418066
11,23,10.014233289665501
11,24,12.167924804654763
11,25,13.643060102150868
11,26,10.724248226574138
11,27,10.18442255631574
11,28,13.929598640911918
11,29,13.731602599014423
11,30,11.46176585040668
11,31,14.15457794711548
11,32,16.89942851983645
11,33,16.585188348899106
11,34,14.032147988866797
11,35,15.99141853152359
11,36,14.328068356478544
11,37,10.677748259979921
11,38,10.88027257121212
11,39,12.866483156681753
11,40,11.086931427714825
11,41,7.821507308600783
11,42,10.503550345449003
11,43,12.236445159095751
11,44,9.485552933248814
11,45,8.974199236568822
11,46,12.785451741789695
11,47,13.076094537847304
11,48,11.10355929446681
11,49,13.216793707213034
11,50,16.401055081907916
11,51,16.114767320383617
11,52,15.565894170306091
11,53,19.00423276749993
11,54,19.480654781278297
12,1,18.095273399027725
12,2,15.497193850965262
12,3,13.923670088635209
12,4,11.881442434889355
12,5,10.499045469014883
12,6,9.7177840614705
12,7,8.568829206043581
12,8,6.090014186753826
12,9,5.271039850477005
12,10,5.629535504150854
12,11,3.8129388204531365
12,13,3.800487811277797
12,14,5.102642196916811
12,15,5.090555236181521
12,16,8.813860598520435
12,17,10.217226352981221
12,18,8.416112173836193
12,19,10.681569145012848
12,20,10.377035694060659
12,21,11.753796427722534
12,22,9.366249292204031
12,23,6.278203553418573
12,24,8.703257230355847
12,25,10.032424228362165
12,26,7.392736532710996
12,27,7.388764414616831
12,28,11.11319376189358
12,29,11.249289532045495
12,30,9.86941000521697
12,31,12.532400121887271
12,32,14.958732367267048
12,33,15.248815479679998
12,34,13.479213889779585
12,35,15.785857901418554
12,36,13.637903477739679
12,37,10.43020448111572
12,38,11.164553050547216
12,39,12.130372215088308
12,40,9.461420217293043
12,41,6.928770271079448
12,42,9.740511853113611
12,43,10.275692860326798
12,44,6.972323501137735
12,45,7.806216287227046
12,46,11.305686620691215
12,47,10.688083036454042
12,48,9.110949699446683
12,49,12.028551614030535
12,50,14.598034822989272
12,51,13.927572261853342
12,52,14.171059564456794
12,53,17.634012666166285
12,54,18.846818052783508
13,1,18.65421574070446
13,2,16.714884577700573
13,3,14.99185132746867
13,4,13.803562441927697
13,5,11.918860983986459
13,6,10.082914908125622
13,7,9.652698657256735
13,8,8.369260762762064
13,9,5.914392473817881
13,10,4.974079059947087
13,11,5.399318682790737
13,12,3.800487811277797
13,14,3.806406958127402
13,15,5.718074408597808
13,16,8.59087570218184
13,17,10.877748343709918
13,18,9.196046982469792
13,19,10.379317467736955
13,20,9.116044005012963
13,21,11.348426716264392
13,22,10.14069875066644
13,23,6.447681353923941
13,24,8.238429858421789
13,25,10.86237814709001
13,26,9.30599465006683
13,27,8.118493338403104
13,28,11.725477495310939
13,29,12.970990791485656
13,30,11.5122306948777
13,31,13.23076196885473
13,32,16.183366537372805
13,33,17.098992030231525
13,34,15.306677298623024
13,35,18.13924578300414
13,36,16.48563521228545
13,37,13.194926314174623
13,38,14.484365419189777
13,39,15.692033064085711
13,40,12.803903964281789
13,41,10.598316483213122
13,42,13.540089159242907
13,43,13.860606455580163
13,44,10.364374728473193
13,45,11.286706208429887
13,46,14.699311615532226
13,47,13.525157383740357
13,48,11.444587748716517
13,49,14.62488581428084
13,50,16.981061401712292
13,51,15.566274089844468
13,52,15.569470610347473
13,53,18.581441426320993
13,54,19.729251762666312
14,1,20.61328768544189
14,2,18.534352547163888
14,3,16.193796989897532
14,4,15.045109452601809
14,5,14.03290830115907
14,6,12.017998095619138
14,7,10.420857900396362
14,8,9.606153842981652
14,9,8.363688822691161
14,10,6.036280986903156
14,11,4.961389749206651
14,12,5.102642196916811
14,13,3.806406958127402
14,15,3.793408296582817
14,16,6.362881746490103
14,17,9.45882306327573
14,18,9.187785502846184
14,19,11.096600637740508
14,20,10.895568484767688
14,21,13.625506736616934
14,22,12.112799602874992
14,23,8.9188341236415
14,24,11.554816020417098
14,25,13.858739951191247
14,26,12.026136018158097
14,27,11.556827069763191
14,28,15.251042999139061
14,29,16.05692589824215
14,30,14.50181881589492
14,31,16.652432488306008
14,32,19.510184942705347
14,33,20.003611975927864
14,34,17.9218220974735
14,35,20.31768194918657
14,36,18.47004249240636
14,37,15.011304911011793
14,38,15.426780094713202
14,39,16.786164982216256
14,40,14.453761369486063
14,41,11.501687841026472
14,42,13.761536741269499
14,43,14.515017896636508
14,44,10.992661352556327
14,45,10.655659484639594
14,46,14.157460628631064
14,47,13.303826324341072
14,48,10.40496066618539
14,49,13.023075096896308
14,50,15.75900991464271
14,51,14.41022570473128
14,52,13.529170420903979
14,53,16.404851496549536
14,54,16.94891687383151
15,1,22.75691757213889
15,2,20.224281606884865
15,3,18.192246608515756
15,4,16.316325429852117
15,5,15.413154887351826
15,6,14.223073815686243
15,7,12.454171783644998
15,8,10.600639977845876
15,9,10.034470130285845
15,10,8.839811489443276
15,11,6.459755569722619
15,12,5.090555236181521
15,13,5.718074408597808
15,14,3.793408296582817
15,16,3.8550204350327877
15,17,6.0076476735762405
15,18,5.974032302922457
15,19,8.725079836263443
15,20,9.719636211416546
15,21,12.098187941262333
15,22,9.989697192913782
15,23,7.703215554452676
15,24,11.17254925345983
15,25,12.709360994934867
15,26,10.924507515539332
15,27,11.673229984762783
15,28,15.17010828313843
15,29,15.616114765583479
15,30,14.801390537696047
15,31,17.372648228836198
15,32,19.647862991322548
15,33,20.10599685316937
15,34,18.50545740720897
15,35,20.60119015126014
15,36,18.14014309835284
15,37,15.082803546792038
15,38,15.022707733096473
15,39,15.586610583283292
15,40,13.271315799411871
15,41,10.457285905164435
15,42,11.922630542730195
15,43,12.061434483647389
15,44,8.44273789244486
15,45,7.975089851709078
15,46,11.044493246960387
15,47,9.805496773918028
15,48,6.693314621353732
15,49,9.5193477678579
15,50,12.020368388342247
15,51,10.655475566942707
15,52,10.03356986717739
15,53,13.15660436476258
15,54,14.1466126710339
16,1,26.469282227898834
16,2,24.037195144586306
16,3,21.93322406856823
16,4,20.155447804468523
16,5,19.21803449897954
16,6,17.872279539872146
16,7,16.144080599279995
16,8,14.45223338013325
16,9,13.675106269174842
16,10,12.209233895361951
16,11,10.14186675804144
16,12,8.813860598520435
16,13,8.59087570218184
16,14,6.362881746490103
16,15,3.8550204350327877
16,17,3.814080631142116
16,18,5.716401772585342
16,19,7.83559842124809
16,20,9.653395846852392
16,21,12.512156883990764
16,22,11.030513862635544
16,23,9.55310546100678
16,24,13.087343952242826
16,25,14.72664586920322
16,26,13.686865403057508
16,27,14.66765833212817
16,28,17.893659809542143
16,29,18.677182615310684
16,30,18.273872499957836
16,31,20.64837028832367
16,32,22.82200198884563
16,33,23.56154766039269
16,34,22.19272427119535
16,35,24.32906197115143
16,36,21.729959344051377
16,37,18.82459488044418
16,38,18.645670048017916
16,39,18.889533924020885
16,40,16.57643604597041
16,41,13.96021370382553
16,42,14.900351247705395
16,43,14.547719377317652
16,44,11.017120454239377
16,45,10.388625603200275
16,46,12.64781506242798
16,47,10.771466209130221
16,48,7.207687113746353
16,49,9.695793039859538
16,50,11.473008451028166
16,51,9.20642597813272
16,52,8.02061004152273
16,53,10.358852809859373
16,54,11.409128835521267
17,1,28.300238943997012
17,2,25.576901314143555
17,3,23.841389382973837
17,4,21.567240486495532
17,5,20.58714959666673
17,6,19.870910795961446
17,7,18.232757572970034
17,8,15.883924391547243
17,9,15.419517671729926
17,10,14.75075665306963
17,11,12.29967505980112
17,12,10.217226352981221
17,13,10.877748343709918
17,14,9.45882306327573
17,15,6.0076476735762405
17,16,3.814080631142116
17,18,3.81208112374596
17,19,6.389097731342698
17,20,9.471200572179024
17,21,11.48112363534083
17,22,9.62738211618522
17,23,9.522866800718171
17,24,13.20486773398104
17,25,13.981210478097482
17,26,13.247891437169988
17,27,15.121396938927779
17,28,17.907320254462807
17,29,18.413635282298344
17,30,18.713794694071765
17,31,21.248406155549684
17,32,22.84685092844101
17,33,23.617935278756136
17,34,22.76589957643701
17,35,24.668858550598216
17,36,21.665103575713633
17,37,19.266098823503864
17,38,18.879057820004736
17,39,18.355559798348835
17,40,16.080438863676374
17,41,13.992134620423755
17,42,14.227031477513904
17,43,13.062639844325949
17,44,9.889974452067118
17,45,9.574068734089371
17,46,10.751040127135573
17,47,8.173221915115127
17,48,5.010278210704529
17,49,7.589560967189334
17,50,8.319970450339753
17,51,5.559432197005789
17,52,5.414634870490515
17,53,7.978775862832478
17,54,10.135825916877437
18,1,26.22242687781532
18,2,23.540621317977507
18,3,22.26764954671007
18,4,19.87679316501024
18,5,18.387325144071305
18,6,17.97545367838159
18,7,16.944410156992696
18,8,14.202649607848224
18,9,13.334372094559367
18,10,13.478531388012408
18,11,11.448672449285072
18,12,8.416112173836193
18,13,9.196046982469792
18,14,9.187785502846184
18,15,5.974032302922457
18,16,5.716401772585342
18,17,3.81208112374596
18,19,3.795123229391267
18,20,6.579895671915334
18,21,7.98588164114203
18,22,5.8352006442476085
18,23,6.027162138631304
18,24,9.632505682487974
18,25,10.202627984811269
18,26,9.822583686512704
18,27,11.823121851708574
18,28,14.31447898662113
18,29,15.009824770891353
18,30,15.6828272575347
18,31,17.99644012326218
18,32,19.419552729116045
18,33,20.492316691637203
18,34,19.996453244820348
18,35,22.12594584288322
18,36,19.159096724359436
18,37,16.98602979954459
18,38,17.175967564959596
18,39,16.41979398235822
18,40,13.625068581350291
18,41,12.165797621349226
18,42,12.943063248508313
18,43,11.24304164218599
18,44,7.844287719095726
18,45,8.999426651257693
18,46,10.337606509753439
18,47,7.2461812722998635
18,48,5.356485972925869
18,49,8.99346024976676
18,50,9.532023402007571
18,51,7.129526194464699
18,52,8.555910919164683
18,53,11.294209769416486
18,54,13.81708778032873
19,1,27.73139221373419
19,2,25.362825473486875
19,3,24.331278738563196
19,4,22.180254612695993
19,5,20.161268773251553
19,6,19.572854136755872
19,7,19.15702368328929
19,8,16.548526804961813
19,9,14.923733916220105
19,10,15.19852821656564
19,11,13.966067646510847
19,12,10.681569145012848
19,13,10.379317467736955
19,14,11.096600637740508
19,15,8.725079836263443
19,16,7.83559842124809
19,17,6.389097731342698
19,18,3.795123229391267
19,20,3.8124033704537426
19,21,5.472430114060465
19,22,5.318587877215442
19,23,6.1909647976740905
19,24,8.80627094935811
19,25,9.827814559221128
19,26,10.814488894206475
19,27,12.346935999220577
19,28,14.231760355095648
19,29,15.7460307255287
19,30,16.83974923937616
19,31,18.4700000434872
19,32,19.857306671696456
19,33,21.578019280530683
19,34,21.460995962111053
19,35,23.974842647574402
19,36,21.20438012158149
19,37,19.18905889535181
19,38,19.95383966034295
19,39,19.11699519932915
19,40,15.935417765169586
19,41,15.00783085438163
19,42,16.16222178626128
19,43,14.10053089105223
19,44,10.836264093055815
19,45,12.615188810107822
19,46,13.771405974082379
19,47,10.35562429482725
19,48,9.044006522281572
19,49,12.5475619800206
19,50,12.421146674465055
19,51,9.432417646253372
19,52,11.186128973259184
19,53,13.064266267077826
19,54,15.919502407138443
20,1,25.888624970234407
20,2,23.91491960336398
20,3,23.089349002519363
20,4,21.321741010999702
20,5,18.807950171011306
20,6,17.96245339467345
20,7,18.223490646193067
20,8,15.90396798225569
20,9,13.520029633289848
20,10,13.993316167195816
20,11,13.721784900875543
20,12,10.377035694060659
20,13,9.116044005012963
20,14,10.895568484767688
20,15,9.719636211416546
20,16,9.653395846852392
20,17,9.471200572179024
20,18,6.579895671915334
20,19,3.8124033704537426
20,21,3.8050449695475774
20,22,5.473601357144105
20,23,5.0354528357151604
20,24,6.263662626043203
20,25,8.42647994873582
20,26,10.04264260587541
20,27,10.492869148701521
20,28,12.135138509732583
20,29,14.430096760445332
20,30,15.373967058584583
20,31,16.32839022186571
20,32,18.0297735326647
20,33,20.20017115774714
20,34,20.10160042276805
20,35,23.048807544248902
20,36,20.730461284567614
20,37,18.623492315767948
20,38,20.07513449781167
20,39,19.600671263891684
20,40,16.079145220923394
20,41,15.397373971525623
20,42,17.3329869678246
20,43,15.512500094007041
20,44,12.151281719477998
20,45,14.404584038962083
20,46,16.127120759760945
20,47,13.01311101048986
20,48,11.818513882932574
20,49,15.542909904288113
20,50,15.861847759003009
20,51,13.114951271213867
20,52,14.655724656896593
20,53,16.64141722179652
20,54,19.23421263457353
21,1,26.133053197483896
21,2,24.028875660725117
21,3,23.7640574564
21,4,21.664054949288737
21,5,18.953524101033516
21,6,18.807948528577732
21,7,19.4075775030182
21,8,16.62717044580755
21,9,14.463748574549886
21,10,15.836526723872261
21,11,15.460209479184538
21,12,11.753796427722534
21,13,11.348426716264392
21,14,13.625506736616934
21,15,12.098187941262333
21,16,12.512156883990764
21,17,11.48112363534083
21,18,7.98588164114203
21,19,5.472430114060465
21,20,3.8050449695475774
21,22,3.8053897276978876
21,23,5.495638595551025
21,24,5.435517946906055
21,25,6.052150984435975
21,26,8.759084602325778
21,27,9.834540649069448
21,28,10.404420126631694
21,29,12.624337249999162
21,30,14.450631415350012
21,31,15.210889395833524
21,32,16.167821953048485
21,33,18.581936538333053
21,34,19.184197629902652
21,35,22.00691244488668
21,36,19.567553649653416
21,37,18.10690547343078
21,38,19.751998514222638
21,39,18.696067269086328
21,40,15.074228499648008
21,41,15.293807649852942
21,42,17.038783135132082
21,43,14.613061314950693
21,44,11.869483785383002
21,45,14.843105951520917
21,46,15.971652631198626
21,47,12.736923846291676
21,48,12.677519744934687
21,49,16.327678632681984
21,50,16.149142846349967
21,51,13.79087575711436
21,52,16.139021442077002
21,53,18.258349901983404
21,54,21.245153440671203
22,1,24.591300573193873
22,2,22.065256609572447
22,3,21.709029803952696
22,4,19.208723562801904
22,5,16.909607897781633
22,6,17.164132614276
22,7,17.267120073299235
22,8,14.113227048014505
22,9,12.67732399059323
22,10,14.260424049730489
22,11,13.159943214418066
22,12,9.366249292204031
22,13,10.14069875066644
22,14,12.112799602874992
22,15,9.989697192913782
22,16,11.030513862635544
22,17,9.62738211618522
22,18,5.8352006442476085
22,19,5.318587877215442
22,20,5.473601357144105
22,21,3.8053897276978876
22,23,3.797322641662118
22,24,5.510798058934583
22,25,4.843336888778644
22,26,6.160888720007493
22,27,8.421633436615911
22,28,9.648956015592006
22,29,10.796018706236882
22,30,12.536007258943261
22,31,14.174194017767098
22,32,14.983941158627315
22,33,16.737638043972073
22,34,17.14604242962957
22,35,19.574661003490785
22,36,16.770454165870692
22,37,15.323658022526654
22,38,16.515984078020622
22,39,15.25905408982813
22,40,11.793876151420674
22,41,11.921550256616491
22,42,13.34237377340959
22,43,10.842494941813118
22,44,8.135194302060562
22,45,11.23481170915649
22,46,12.252596847296813
22,47,9.189014528916374
22,48,9.527007859690652
22,49,13.109982969506696
22,50,13.174417097676809
22,51,11.42601582622264
22,52,13.876350479566906
22,53,16.5480440060845
22,54,19.42291690751653
23,1,21.737507704355604
23,2,19.413692670732836
23,3,18.730847297838373
23,4,16.61354010074377
23,5,14.224979367008316
23,6,13.907271775288176
23,7,14.064325570826957
23,8,11.294842650316529
23,9,9.341378640253076
23,10,10.64101277389749
23,11,10.014233289665501
23,12,6.278203553418573
23,13,6.447681353923941
23,14,8.9188341236415
23,15,7.703215554452676
23,16,9.55310546100678
23,17,9.522866800718171
23,18,6.027162138631304
23,19,6.1909647976740905
23,20,5.0354528357151604
23,21,5.495638595551025
23,22,3.797322641662118
23,24,3.8020407075786418
23,25,5.383304540246781
23,26,5.386679595633762
23,27,6.2113013020419
23,28,8.656839834509721
23,29,10.154532669029525
23,30,10.767113063381554
23,31,12.412113450714878
23,32,14.137005006650504
23,33,15.759897903318969
23,34,15.422256842019475
23,35,18.182240382369528
23,36,15.780858565233796
23,37,13.616506747995137
23,38,15.080986022831619
23,39,14.709460113008705
23,40,11.161587824867926
23,41,10.521074985961318
23,42,12.793030487645694
23,43,11.306344041392846
23,44,7.9744312799293935
23,45,10.647192211650681
23,46,12.789274977403364
23,47,10.401106711862512
23,48,9.710826062536782
23,49,13.447144773989544
23,50,14.502745415532694
23,51,12.81881739300453
23,52,14.37406467160735
23,53,17.30016329982103
23,54,19.605188866637157
24,1,20.776986822823822
24,2,18.85700568261762
24,3,18.767694960064212
24,4,16.940278552003388
24,5,13.906897333964551
24,6,13.745785424891672
24,7,14.908113626266903
24,8,12.35570271944814
24,9,9.757719525216746
24,10,11.768731299014998
24,11,12.167924804654763
24,12,8.703257230355847
24,13,8.238429858421789
24,14,11.554816020417098
24,15,11.17254925345983
24,16,13.087343952242826
24,17,13.20486773398104
24,18,9.632505682487974
24,19,8.80627094935811
24,20,6.263662626043203
24,21,5.435517946906055
24,22,5.510798058934583
24,23,3.8020407075786418
24,25,3.792264012242278
24,26,5.479146245717644
24,27,4.753831218234964
24,28,5.930090385579568
24,29,8.619715799930223
24,30,9.624797760964707
24,31,10.149936754091705
24,32,11.835714457585443
24,33,14.204678343876079
24,34,14.355073898923584
24,35,17.5256473018188
24,36,15.626370578729395
24,37,13.845480598346775
24,38,16.132694339789428
24,39,15.794632984671855
24,40,12.025284353109376
24,41,12.262769415012936
24,42,14.966911279294198
24,43,13.414683006073755
24,44,10.6642892179177
24,45,13.767948711948486
24,46,15.80584473287037
24,47,13.544164916380351
24,48,13.372058142870515
24,49,17.05636381702871
24,50,17.948454008256537
24,51,16.30292875405267
24,52,18.09807409420946
24,53,20.91153877081739
24,54,23.329225278288778
25,1,21.49292146781401
25,2,19.18182574413971
25,3,19.552316762545058
25,4,17.1517412587123
25,5,14.312060142122261
25,6,15.113963443364197
25,7,16.129244334137894
25,8,12.988726998251085
25,9,11.286186601328218
25,10,13.924234534846416
25,11,13.643060102150868
25,12,10.032424228362165
25,13,10.86237814709001
25,14,13.858739951191247
25,15,12.709360994934867
25,16,14.72664586920322
25,17,13.981210478097482
25,18,10.202627984811269
25,19,9.827814559221128
25,20,8.42647994873582
25,21,6.052150984435975
25,22,4.843336888778644
25,23,5.383304540246781
25,24,3.792264012242278
25,26,3.8063445081085066
25,27,5.269760580828587
25,28,5.032516207849457
25,29,6.61463893649859
25,30,8.951757943822793
25,31,9.90225202516926
25,32,10.368467578187358
25,33,12.59717899833644
25,34,13.528184606419433
25,35,16.2307684606128
25,36,13.899750896831158
25,37,12.93510313766662
25,38,15.048352846041622
25,39,13.894189632821789
25,40,10.156130665140498
25,41,11.388919586740634
25,42,13.545601086039193
25,43,11.341006546910796
25,44,9.438069350401594
25,45,13.069061288090031
25,46,14.358961301398676
25,47,12.163950242030971
25,48,13.067946122286681
25,49,16.47722192482847
25,50,16.949361419756695
25,51,15.826684320085574
25,52,18.20452929747841
25,53,21.155944597187304
25,54,23.84789503891326
26,1,19.027005692638223
26,2,16.327626155005085
26,3,16.47251142838769
26,4,13.770443049339114
26,5,11.334820411041472
26,6,12.43878445705626
26,7,12.973628258786256
26,8,9.555452539084104
26,9,8.603012165189242
26,10,11.478066612243294
26,11,10.724248226574138
26,12,7.392736532710996
26,13,9.30599465006683
26,14,12.026136018158097
26,15,10.924507515539332
26,16,13.686865403057508
26,17,13.247891437169988
26,18,9.822583686512704
26,19,10.814488894206475
26,20,10.04264260587541
26,21,8.759084602325778
26,22,6.160888720007493
26,23,5.386679595633762
26,24,5.479146245717644
26,25,3.8063445081085066
26,27,3.7993849470493846
26,28,5.445531606340824
26,29,5.190015350100117
26,30,6.524330838668621
26,31,8.816191662516552
26,32,9.661607643687612
26,33,10.822139380563774
26,34,11.013683676077818
26,35,13.445229151659513
26,36,10.854179574306555
26,37,9.466252603780763
26,38,11.331107804864185
26,39,10.443915324295222
26,40,6.663190332018271
26,41,7.61997278786559
26,42,10.062782952222442
26,43,8.482017884174951
26,44,6.607683688077106
26,45,10.114249979693305
26,46,11.844058210776074
26,47,10.482631051115003
26,48,11.337598261761679
26,49,14.466923423655183
26,50,15.620677491721906
26,51,15.134170212280246
26,52,17.089327038547626
26,53,20.459064932160366
26,54,22.740563263744775
27,1,16.458347744215754
27,2,14.290499065577109
27,3,14.505242762477021
27,4,12.502561864393108
27,5,9.37243244814035
27,6,9.906691893090363
27,7,11.35365639689989
27,8,8.654486963045347
27,9,6.47623234670985
27,10,9.641291817346248
27,11,10.18442255631574
27,12,7.388764414616831
27,13,8.118493338403104
27,14,11.556827069763191
27,15,11.673229984762783
27,16,14.66765833212817
27,17,15.121396938927779
27,18,11.823121851708574
27,19,12.346935999220577
27,20,10.492869148701521
27,21,9.834540649069448
27,22,8.421633436615911
27,23,6.2113013020419
27,24,4.753831218234964
27,25,5.269760580828587
27,26,3.7993849470493846
27,28,3.79121502418743
27,29,5.183876865729512
27,30,4.967431596668094
27,31,6.231105528032011
27,32,8.389826553125971
27,33,10.045811110749867
27,34,9.682270409447629
27,35,12.896181347653437
27,36,11.280424945118247
27,37,9.354999520748773
27,38,12.098091626527218
27,39,12.253575468155594
27,40,8.63361919230389
27,41,9.133415876147906
27,42,12.401646081913757
27,43,11.696251203016834
27,44,9.590951664748552
27,45,12.559518127786024
27,46,14.95380351715383
27,47,13.790230004701005
27,48,13.939709016529857
27,49,17.203126509941235
27,50,18.755118263878177
27,51,17.978353991899723
27,52,19.501332796662304
27,53,22.818049914120046
27,54,24.838896425490653
28,1,17.45725738281511
28,2,15.563394394866824
28,3,16.603691093010656
28,4,14.638341574861476
28,5,11.27226990606016
28,6,12.431310071572831
28,7,14.451736777817738
28,8,11.826803106631008
28,9,9.871721086998246
28,10,13.221398326011016
28,11,13.929598640911918
28,12,11.11319376189358
28,13,11.725477495310939
28,14,15.251042999139061
28,15,15.17010828313843
28,16,17.893659809542143
28,17,17.907320254462807
28,18,14.31447898662113
28,19,14.231760355095648
28,20,12.135138509732583
28,21,10.404420126631694
28,22,9.648956015592006
28,23,8.656839834509721
28,24,5.930090385579568
28,25,5.032516207849457
28,26,5.445531606340824
28,27,3.79121502418743
28,29,3.8192564437179546
28,30,5.585446459590783
28,31,5.096331160426063
28,32,5.947408859370827
28,33,8.749284735335666
28,34,9.765691077674191
28,35,12.969958228311851
28,36,11.659994188886726
28,37,10.883717813740386
28,38,13.98891012073163
28,39,13.562698193601348
28,40,10.03447752131366
28,41,11.717832418769184
28,42,14.628089539176528
28,43,13.375125909907315
28,44,11.99415844401089
28,45,15.378981002745427
28,46,17.18531590550953
28,47,15.854358258530269
28,48,16.655128197161588
28,49,19.890508653499484
28,50,20.96169768168999
28,51,20.208768780404387
28,52,22.21617113207155
28,53,25.418688158756297
28,54,27.762431541724933
29,1,16.558076861316017
29,2,14.076372865061012
29,3,15.395940520071838
29,4,12.815693520507198
29,5,9.988699397305778
29,6,12.185555647815201
29,7,13.74339401295533
29,8,10.717946711321655
29,9,10.025212788461003
29,10,13.700393712911412
29,11,13.731602599014423
29,12,11.249289532045495
29,13,12.970990791485656
29,14,16.05692589824215
29,15,15.616114765583479
29,16,18.677182615310684
29,17,18.413635282298344
29,18,15.009824770891353
29,19,15.7460307255287
29,20,14.430096760445332
29,21,12.624337249999162
29,22,10.796018706236882
29,23,10.154532669029525
29,24,8.619715799930223
29,25,6.61463893649859
29,26,5.190015350100117
29,27,5.183876865729512
29,28,3.8192564437179546
29,30,3.814715008998733
29,31,5.170907734269828
29,32,4.625140398903552
29,33,6.005023471053818
29,34,7.387409389768622
29,35,9.921427467309936
29,36,8.132417413865367
29,37,8.084858794891222
29,38,11.032002011188283
29,39,10.20634627523123
29,40,6.998300464991089
29,41,9.532145831311212
29,42,12.095107482378149
29,43,11.029012460827238
29,44,10.628013958435508
29,45,13.907060646945986
29,46,15.387624069906698
29,47,14.763795747536168
29,48,16.12570025970666
29,49,18.875945120374872
29,50,20.065138641467904
29,51,20.011853464350036
29,52,22.051481663865868
29,53,25.50335855642436
29,54,27.730321898724092
30,1,13.020258097977964
30,2,10.487181829026513
30,3,11.628771177512622
30,4,9.289469898525189
30,5,6.207815284918303
30,6,8.505104686260353
30,7,10.299247346221723
30,8,7.73637272380731
30,9,7.165651477039327
30,10,10.971472922860205
30,11,11.46176585040668
30,12,9.86941000521697
30,13,11.5122306948777
30,14,14.50181881589492
30,15,14.801390537696047
30,16,18.273872499957836
30,17,18.713794694071765
30,18,15.6828272575347
30,19,16.83974923937616
30,20,15.373967058584583
30,21,14.450631415350012
30,22,12.536007258943261
30,23,10.767113063381554
30,24,9.624797760964707
30,25,8.951757943822793
30,26,6.524330838668621
30,27,4.967431596668094
30,28,5.585446459590783
30,29,3.814715008998733
30,31,3.7984657053208806
30,32,5.513820188364319
30,33,5.587908686974089
30,34,4.76023836769031
30,35,7.988223037615548
30,36,6.964911484387904
30,37,5.594652037397602
30,38,9.136718962089901
30,39,9.685065178514597
30,40,6.894883570107896
30,41,8.35712297415944
30,42,11.623946212586507
30,43,11.759481400302574
30,44,11.019931507486508
30,45,13.598587209437252
30,46,15.818468280812517
30,47,15.742984085630587
30,48,16.45244457451102
30,49,19.082281543117315
30,50,20.936816236062135
30,51,20.97231725839751
30,52,22.417145198687585
30,53,26.017476503616013
30,54,27.78800853641479
31,1,12.753071396392235
31,2,11.212010981296881
31,3,12.955860831508234
31,4,11.534402978378704
31,5,7.961962347620917
31,6,9.677343455340422
31,7,12.483088578907514
31,8,10.70374660014098
31,9,9.163186026610308
31,10,12.785938970795799
31,11,14.15457794711548
31,12,12.532400121887271
31,13,13.23076196885473
31,14,16.652432488306008
31,15,17.372648228836198
31,16,20.64837028832367
31,17,21.248406155549684
31,18,17.99644012326218
31,19,18.4700000434872
31,20,16.32839022186571
31,21,15.210889395833524
31,22,14.174194017767098
31,23,12.412113450714878
31,24,10.149936754091705
31,25,9.90225202516926
31,26,8.816191662516552
31,27,6.231105528032011
31,28,5.096331160426063
31,29,5.170907734269828
31,30,3.7984657053208806
31,32,3.8341826715666643
31,33,5.7320197713543815
31,34,5.866856203896421
31,35,9.516287290100207
31,36,9.664484562103514
31,37,8.919613682312264
31,38,12.660576660183434
31,39,13.246601291623309
31,40,10.535624170917206
31,41,12.122001772170819
31,42,15.40257295024128
31,43,15.275818492217676
31,44,14.37439133762208
31,45,17.159556741696075
31,46,19.37025228236949
31,47,18.9220685909003
31,48,19.557239888863464
31,49,22.452010752905277
31,50,24.12777044265483
31,51,23.812025171222075
31,52,25.378542116026033
31,53,28.832645566540684
31,54,30.739438339395814
32,1,14.962027706694325
32,2,13.202356740698542
32,3,15.489487983870216
32,4,13.580802369174938
32,5,10.521310671987308
32,6,12.987677094086747
32,7,15.43525459186816
32,8,13.198833052201302
32,9,12.33487570128734
32,10,16.09722768122546
32,11,16.89942851983645
32,12,14.958732367267048
32,13,16.183366537372805
32,14,19.510184942705347
32,15,19.647862991322548
32,16,22.82200198884563
32,17,22.84685092844101
32,18,19.419552729116045
32,19,19.857306671696456
32,20,18.0297735326647
