1,2,3.7880795350814163
1,3,7.122457395697108
1,4,10.324976093780156
1,5,13.968702008046995
1,6,17.343671734409686
1,7,19.09469928310474
1,8,22.444312672832424
1,9,24.081483504133057
1,10,27.884886142708826
1,11,28.848909452756537
1,12,31.681529339375114
1,13,35.18387005371156
1,14,34.86960268985849
1,15,31.903403819049498
1,16,29.207587715726348
1,17,25.7195391446771
1,18,23.369583509916094
1,19,20.016865058511698
1,20,16.829049460911964
1,21,13.446426788422494
1,22,10.807120762273218
1,23,7.292512736833877
1,24,5.382900996687629
1,25,5.907475494094559
1,26,9.101116162830452
1,27,12.36654565837124
1,28,15.971920219751729
1,29,16.33896855941162
1,30,13.534708361145855
1,31,14.970972456263574
1,32,13.549489959984937
1,33,15.022563276810146
1,34,14.97908836411724
1,35,16.4905509063421
1,36,18.23715388677875
1,37,19.21830345048211
1,38,21.89212935291304
1,39,21.77855444483567
1,40,25.140379232700376
1,41,26.70294423122904
1,42,24.423523080528533
1,43,23.731713708574276
1,44,21.950098342647614
1,45,23.634082895263308
1,46,22.123191564029327
1,47,23.457448209966117
1,48,22.530586879153557
1,49,20.040734266175935
1,50,20.088099352218535
1,51,18.814659873020673
1,52,18.492318909628388
1,53,19.41782403681893
1,54,20.5066680321729
1,55,20.235406467328204
1,56,23.089565834752854
1,57,23.708398650777184
1,58,24.473284966673504
1,59,23.03953653370243
1,60,24.023939631848098
1,61,27.47888650842266
1,62,28.671241675842495
1,63,28.049387220038916
1,64,30.722748203269028
1,65,28.723600271697116
1,66,25.312808142755205
1,67,24.488902114506303
1,68,21.755111905895316
1,69,20.84255557664762
1,70,17.884793526346456
1,71,17.017305596481624
1,72,14.15483255027224
1,73,11.21021867288208
1,74,13.561575703495928
1,75,15.562158168046418
1,76,18.749208681064133
1,77,19.9340412682014
1,78,23.49780230093354
1,79,25.067602483927264
1,80,28.870560239489055
1,81,31.886577841701452
1,82,30.618607618822974
1,83,33.306603893700526
1,84,33.72301144159946
1,85,33.074339269382754
1,86,29.652923734147297
1,87,28.585464518278243
1,88,25.522751196962865
1,89,21.79855571442521
1,90,19.70106677846578
1,91,16.120593028585137
1,92,14.01135486302446
1,93,12.038191570926756
1,94,10.230015931260004
1,95,10.482746015488102
1,96,10.049441819268255
1,97,13.525656092379464
1,98,14.039003767770845
1,99,13.79893380361628
1,100,13.048104134549469
1,101,11.190599975333276
1,102,10.55765283723578
1,103,7.394250550668397
1,104,7.922557164394836
1,105,6.818505138167521
1,106,9.619988299180875
1,107,10.974126453064192
1,108,13.755353256640696
1,109,16.371086262139926
1,110,18.802754091144582
1,111,22.357249866313474
1,112,24.692989925201626
1,113,28.32714477815092
1,114,30.943285366130215
1,115,34.59452047562032
1,116,36.50763713107732
1,117,39.73782615457045
2,1,3.7880795350814163
2,3,3.78523640574113
2,4,6.63890155488661
2,5,10.344930626810935
2,6,13.640038015784917
2,7,15.306702415886727
2,8,18.67590771904432
2,9,20.421508977796943
2,10,24.235299209801052
2,11,25.35899868911611
2,12,28.28336508972345
2,13,31.77268413172313
2,14,31.661276355406205
2,15,28.6791584934165
2,16,26.064805832554182
2,17,22.467988994799228
2,18,20.266500305683607
2,19,16.817887800840847
2,20,13.87322763289874
2,21,10.550619150677989
2,22,8.217459564171266
2,23,5.511419707357637
2,24,5.334942739507002
2,25,7.440636022259251
2,26,10.133453412213724
2,27,13.812560601052933
2,28,17.057790034009777
2,29,17.747328531160107
2,30,14.626534413248054
2,31,15.730203405942444
2,32,13.702116275934975
2,33,14.704913961723133
2,34,13.705368259423603
2,35,14.84150224747571
2,36,15.905138550226928
2,37,16.804394705446644
2,38,19.133028103172755
2,39,19.01297781326322
2,40,22.385453507301325
2,41,24.14958123637251
2,42,22.240633338302146
2,43,21.660720291640907
2,44,19.79231017237063
2,45,21.500802269061012
2,46,20.20681969353393
2,47,21.229939034207185
2,48,20.64875958497738
2,49,18.619174153848252
2,50,19.08661320413355
2,51,18.44134504599003
2,52,18.178457052429142
2,53,19.76378435454318
2,54,20.644030242526092
2,55,19.892772491363004
2,56,22.26611051836881
2,57,22.852186509436866
2,58,23.16725730579037
2,59,21.76416875707774
2,60,22.535347526575425
2,61,26.136364292557815
2,62,27.347677539986126
2,63,26.27966455734578
2,64,28.656337864756384
2,65,26.329020332304708
2,66,23.0228041596653
2,67,22.37421261294378
2,68,19.758167324594584
2,69,19.2389735343098
2,70,16.708881081276157
2,71,16.198676989292533
2,72,13.880933850797039
2,73,10.363773919025164
2,74,11.82928666189789
2,75,13.642252729122234
2,76,16.377364981777085
2,77,17.343607188401588
2,78,20.767036997147105
2,79,22.24427841471621
2,80,26.022813406801372
2,81,29.01946186979991
2,82,27.51785295460899
2,83,30.09323005095281
2,84,30.32805234521624
2,85,29.823264724957518
2,86,26.465075740863018
2,87,25.16586600170259
2,88,22.147702182141966
2,89,18.442165281547446
2,90,16.516936194344243
2,91,13.126381129527724
2,92,11.252975677664939
2,93,10.1322144506753
2,94,9.17443894742452
2,95,10.778054959363649
2,96,11.238408418584097
2,97,14.974288406354374
2,98,15.954706632513599
2,99,16.18597765231867
2,100,15.995675465759897
2,101,14.388123864769298
2,102,13.114639019704043
2,103,9.592045968951904
2,104,8.603008649872622
2,105,5.891408915923555
2,106,7.252509270127985
2,107,7.600283384079506
2,108,10.35135611767269
2,109,12.90528502867569
2,110,15.174167102677714
2,111,18.712302997177886
2,112,21.113627207644306
2,113,24.693963947618425
2,114,27.41680603635829
2,115,31.028752727508188
2,116,33.066215213358404
2,117,36.2234109297951
3,1,7.122457395697108
3,2,3.78523640574113
3,4,3.7832699090576134
3,5,7.008952827452778
3,6,10.623158237398078
3,7,12.608545166397251
3,8,15.656879043370278
3,9,17.048747646814693
3,10,20.83143707865798
3,11,21.734936553940457
3,12,24.630667113293306
3,13,28.10185003437546
3,14,27.90363338204393
3,15,24.92152573492538
3,16,22.296646499276736
3,17,18.723573240630394
3,18,16.5807858828667
3,19,13.229508501864222
3,20,10.46718117515615
3,21,7.000442453347864
3,22,5.536693408670179
3,23,4.266578230468131
3,24,6.594409516724663
3,25,9.30627314371912
3,26,10.832437547879044
3,27,14.431252076227482
3,28,17.115327488555636
3,29,17.752358247519215
3,30,14.342082393634913
3,31,14.855983716205174
3,32,12.297969875025721
3,33,12.804755763474654
3,34,11.0066079105257
3,35,11.967841985093637
3,36,12.590126538899751
3,37,13.78610183347845
3,38,16.065160659655415
3,39,16.402295126574614
3,40,19.934327771337866
3,41,22.1432874942096
3,42,20.667937746967898
3,43,19.765610065452886
3,44,17.488018734549723
3,45,18.818350735672066
3,46,17.39361606535417
3,47,17.990531127907555
3,48,17.456967962920668
3,49,15.717880801472615
3,50,16.40714650738894
3,51,16.29520345575637
3,52,16.137054503310637
3,53,18.314769559679718
3,54,19.125900400708485
3,55,18.14478894419254
3,56,20.074603056396025
3,57,20.410806531285623
3,58,20.280694374033413
3,59,18.82550104911067
3,60,19.408897561309406
3,61,23.06863323687896
3,62,24.299360479391186
3,63,22.970889729842046
3,64,25.156517594842796
3,65,22.702623523974243
3,66,19.43446256551939
3,67,18.882959620359127
3,68,16.417989680319252
3,69,16.297331605565677
3,70,14.242737232039785
3,71,14.360407820420988
3,72,12.846525637709572
3,73,9.240317115529699
3,74,9.491492843906075
3,75,10.652060823481202
3,76,13.06742136140054
3,77,13.713202604853759
3,78,17.048662319002368
3,79,18.4823147968238
3,80,22.25300312756539
3,81,25.272475930968575
3,82,23.805921296706977
3,83,26.46515991431673
3,84,26.829706833398603
3,85,26.46084809049202
3,86,23.01924761303589
3,87,21.80742767108037
3,88,18.983796265258086
3,89,15.39237913261083
3,90,13.167606481778874
3,91,9.956436589717464
3,92,7.7872544696301675
3,93,7.463322417692507
3,94,7.13552975952345
3,95,9.908093883247844
3,96,11.09014236421071
3,97,14.777231437268917
3,98,16.209267520766872
3,99,17.00705991134105
3,100,17.419647610280023
3,101,16.206513830866896
3,102,14.310052285443334
3,103,10.847631912758162
3,104,8.831638509883499
3,105,5.603251349361126
3,106,5.249499126085268
3,107,4.817112029364154
3,108,8.236622239945879
3,109,9.949328991815682
3,110,11.891377032421623
3,111,15.577496718068181
3,112,17.67254505096024
3,113,21.32810662908308
3,114,23.88638917701488
3,115,27.516505966611053
3,116,29.42348541621596
3,117,32.622125897870525
4,1,10.324976093780156
4,2,6.63890155488661
4,3,3.7832699090576134
4,5,3.8067635254105383
4,6,7.028136059889819
4,7,9.131693307666913
4,8,12.245167584980893
4,9,13.8500886159131
4,10,17.668258159004615
4,11,18.990654482178897
4,12,21.924018549269114
4,13,25.439770922705865
4,14,25.63724196771531
4,15,22.77489743168845
4,16,20.183163992201212
4,17,16.44806879960742
4,18,14.396739112578889
4,19,10.810857317488443
4,20,8.497556121951778
4,21,5.926244366142372
4,22,5.203029172562418
4,23,6.299546966082207
4,24,8.864065165275232
4,25,11.769151791259853
4,26,13.061665058269808
4,27,16.662083104051103
4,28,18.974212644328627
4,29,20.099516076121617
4,30,16.85075615401569
4,31,17.420747922122672
4,32,14.86871922491258
4,33,15.205591164414901
4,34,12.699399575753954
4,35,13.2987337804335
4,36,12.881004276570824
4,37,13.991943114134141
4,38,15.530764881942545
4,39,15.861454333506638
4,40,19.219293349742806
4,41,21.613287236267663
4,42,20.711214908532767
4,43,20.098709920496603
4,44,17.86951609888155
4,45,19.15680232968036
4,46,18.07011589829858
4,47,18.099494510781454
4,48,17.97755835749658
4,49,16.882698989456966
4,50,17.824891472696763
4,51,18.229633927069443
4,52,17.86470803720851
4,53,20.363227682214347
4,54,20.70194867072324
4,55,19.121811512431837
4,56,20.439558178513504
4,57,20.99663448452537
4,58,20.542784377925912
4,59,19.44039252082085
4,60,19.962564044992508
4,61,23.583109694810048
4,62,24.965943383725914
4,63,23.190079990474427
4,64,24.86331056986691
4,65,22.050604256868375
4,66,18.968288610600442
4,67,18.467812932890784
4,68,16.09960930333697
4,69,16.263170334115955
4,70,14.776198494780656
4,71,14.950615347960923
4,72,13.978149682686155
4,73,10.289661658661073
4,74,9.576280261726088
4,75,10.689683031036003
4,76,12.082201609103663
4,77,12.690956975360127
4,78,15.704896702922536
4,79,17.186523872717395
4,80,20.80684425746373
4,81,23.846954492147823
4,82,22.0818928818732
4,83,24.57328267144369
4,84,24.619838457801986
4,85,24.622343497738353
4,86,21.337515672705482
4,87,19.654559979640908
4,88,17.037390823415297
4,89,13.622061793508609
4,90,11.869982602909198
4,91,9.462390900504992
4,92,7.973246561911547
4,93,9.334864824019444
4,94,9.878170561836265
4,95,13.16856479549092
4,96,14.442456029417425
4,97,18.06593475980803
4,98,19.42039625104398
4,99,20.23460833578323
4,100,20.9584721574339
4,101,19.872327358544442
4,102,18.043809338152467
4,103,14.624514190925742
4,104,12.448937176393134
4,105,9.038349825172475
4,106,7.345599229442316
4,107,4.670345032499905
4,108,7.024428619112498
4,109,8.2180614997901
4,110,9.290215833672116
4,111,12.90231202865314
4,112,15.051101745553602
4,113,18.53242667300084
4,114,21.309455708397103
4,115,24.80167115889826
4,116,26.91807995129056
4,117,29.908205615307395
5,1,13.968702008046995
5,2,10.344930626810935
5,3,7.008952827452778
5,4,3.8067635254105383
5,6,3.816373707464407
5,7,6.52631510111293
5,8,8.959172318891447
5,9,10.131339418894223
5,10,13.935894526730733
5,11,15.191622746000563
5,12,18.133611534415042
5,13,21.6399544165624
5,14,21.9237291779102
5,15,19.108626293468323
5,16,16.556871410869782
5,17,12.778800845423003
5,18,10.939817926894023
5,19,7.438769860811308
5,20,6.122359382808622
5,21,4.815661836823461
5,22,6.306959097012816
5,23,8.91578224055907
5,24,12.048927270437304
5,25,14.952955255896168
5,26,15.58469886544866
5,27,18.903908138068267
5,28,20.665649031591524
5,29,21.78630312157671
5,30,18.53789167520497
5,31,18.658193111636148
5,32,15.90876705864544
5,33,15.756456688452042
5,34,12.602693952450498
5,35,12.762255732409816
5,36,11.405038957707905
5,37,12.652207151934622
5,38,13.630624006323405
5,39,14.429717865759756
5,40,17.683482395334405
5,41,20.486736536502928
5,42,20.234171739229648
5,43,19.46166376834675
5,44,17.00270501956053
5,45,17.841443644349113
5,46,16.847162654903137
5,47,16.202263355602618
5,48,16.353442243827477
5,49,15.922222161951122
5,50,17.142493731012305
5,51,18.200119860027755
5,52,17.9142843534051
5,53,20.858152705428918
5,54,21.009148343906354
5,55,19.153199184950154
5,56,19.78856686827831
5,57,20.137558593664792
5,58,19.12096289673394
5,59,18.134944137044744
5,60,18.381904580840896
5,61,21.908927650195412
5,62,23.29995466934316
5,63,21.124418571167386
5,64,22.339212723961523
5,65,19.28072795074581
5,66,16.439370908231258
5,67,16.134099035767083
5,68,14.140967786529643
5,69,14.912566328477068
5,70,14.297967710711793
5,71,15.094923750287169
5,72,15.0664716054192
5,73,11.777139397156104
5,74,9.79553370155637
5,75,9.929795388365614
5,76,10.144713804690848
5,77,10.174622904909704
5,78,12.688039784062452
5,79,14.050995746227876
5,80,17.508579670742318
5,81,20.52904703879625
5,82,18.66059015470672
5,83,21.134177228144132
5,84,21.17432254663132
5,85,21.48628420724315
5,86,18.227783904386275
5,87,16.44301477449582
5,88,14.223644222407938
5,89,11.202734485125323
5,90,9.470936593157749
5,91,8.159884988516595
5,92,7.139448787648467
5,93,9.892464976258195
5,94,11.169158379109692
5,95,14.861756836554171
5,96,16.496500357462004
5,97,19.841775734863973
5,98,21.425339819860223
5,99,22.569030346701837
5,100,23.65309320725369
5,101,22.80860508204389
5,102,20.68675948656869
5,103,17.41881392645417
5,104,14.85244023631774
5,105,11.580254939859508
5,106,9.023872949818504
5,107,5.853239012426505
5,108,7.242918849570005
5,109,6.605236076681904
5,110,6.240347971892502
5,111,9.860949424048563
5,112,11.54931707883852
5,113,15.00894527309955
5,114,17.680412520254194
5,115,21.12604142761912
5,116,23.191692940584378
5,117,26.142722272220666
6,1,17.343671734409686
6,2,13.640038015784917
6,3,10.623158237398078
6,4,7.028136059889819
6,5,3.816373707464407
6,7,3.7714946827204443
6,8,5.693152260544781
6,9,7.227415472014954
6,10,10.986460660546452
6,11,12.95441491542892
6,12,15.897858028595355
6,13,19.367706366976105
6,14,20.23343920778682
6,15,17.659289593991303
6,16,15.319783838811837
6,17,11.542291752269895
6,18,10.161899145000282
6,19,6.944008190473261
6,20,7.19876573902611
6,21,7.76257826715451
6,22,9.367002433733433
6,23,12.343626487635238
6,24,15.232847757425512
6,25,18.1109782701369
6,26,18.710637737648085
6,27,21.959625901194325
6,28,23.47792991029617
6,29,24.904801238830565
6,30,21.840555170677952
6,31,22.032949327248524
6,32,19.387263818841376
6,33,19.16274272193834
6,34,15.807163854436517
6,35,15.67903716582618
6,36,13.637983293238154
6,37,14.578476815747138
6,38,14.645060585938076
6,39,15.3244202134259
6,40,18.088986261372202
6,41,20.91262208254715
6,42,21.26489612204874
6,43,20.84017141582643
6,44,18.617215320824695
6,45,19.394988644038477
6,46,18.8287245936996
6,47,17.723334879085495
6,48,18.30735732939966
6,49,18.48665035695378
6,50,19.85873169947766
6,51,21.239362600552226
6,52,20.836098482090737
6,53,23.876179749028072
6,54,23.689348986618906
6,55,21.456461041686605
6,56,21.540210175299176
6,57,22.059756092334833
6,58,20.783522328793474
6,59,20.163858683465026
6,60,20.308139454880415
6,61,23.619102302145947
6,62,25.06660742338703
6,63,22.53372379686731
6,64,23.15043484599229
6,65,19.82589180627044
6,66,17.42158242025996
6,67,17.24953211206058
6,68,15.58923948446332
6,69,16.614507189373892
6,70,16.577086043772503
6,71,17.34661863029194
6,72,17.68454777443747
6,73,14.592433244943281
6,74,12.287965970196018
6,75,12.346643646013943
6,76,11.45548495992597
6,77,11.329397951015217
6,78,12.982058115039097
6,79,14.189726913810658
6,80,17.160534675936358
6,81,20.01660752092449
6,82,17.80484219117481
6,83,19.914543637566734
6,84,19.491976701255602
6,85,20.295256873591576
6,86,17.407162305857955
6,87,15.040636421808815
6,88,13.30087140207845
6,89,10.922904515253636
6,90,10.189652237126538
6,91,10.195861850736483
6,92,10.124460963529524
6,93,13.343531745659556
6,94,14.886954539007043
6,95,18.619917119457472
6,96,20.242841378674147
6,97,23.54532812216757
6,98,25.051621549691315
6,99,26.156933865689087
6,100,27.361819739430107
6,101,26.54487826678831
6,102,24.493637001763346
6,103,21.20838774904737
6,104,18.620669713565523
6,105,15.262067477893376
6,106,12.473435234977917
6,107,8.9719171280661
6,108,8.947089076299445
6,109,7.6554149398242535
6,110,5.565821300383628
6,111,8.188688835402887
6,112,9.71776650806524
6,113,12.649456134875393
6,114,15.578758491932879
6,115,18.72502901822468
6,116,21.070067084996413
6,117,23.684653866288624
7,1,19.09469928310474
7,2,15.306702415886727
7,3,12.608545166397251
7,4,9.131693307666913
7,5,6.52631510111293
7,6,3.7714946827204443
7,8,3.8056799984440723
7,9,7.0692928442276175
7,10,10.466640126902602
7,11,12.985029028076514
7,12,16.310977335837617
7,13,19.383000440298712
7,14,20.695446342930982
7,15,17.942049731891448
7,16,16.32007645948122
7,17,12.69899100972068
7,18,12.381934912722697
7,19,9.854331885585031
7,20,10.787805281715311
7,21,11.012483148919229
7,22,12.6372217190924
7,23,15.154264872637482
7,24,17.840945362997694
7,25,20.73627823308544
7,26,21.774992021506915
7,27,25.18942124606604
7,28,26.945385802039006
7,29,28.258335662947907
7,30,25.05848824869168
7,31,25.114306594767154
7,32,22.222313356876626
7,33,21.61112546678108
7,34,18.151210775147444
7,35,17.34203518883662
7,36,14.855477885371549
7,37,14.857651027982401
7,38,14.09263377981549
7,39,14.007934440662021
7,40,16.207706150087688
7,41,18.696643376311126
7,42,19.345435492941792
7,43,19.48733654212197
7,44,17.82672827278696
7,45,19.037787929237417
7,46,19.21904384744495
7,47,18.359063732812803
7,48,19.65324633940896
7,49,20.32074154174576
7,50,22.22168517387974
7,51,23.91663942515586
7,52,23.9222867841674
7,53,27.08389467647819
7,54,27.153156538318868
7,55,25.0778654645595
7,56,25.164491458564505
7,57,25.47449997169209
7,58,23.936408183033834
7,59,23.031561530969068
7,60,22.699427187859303
7,61,26.056322721570524
7,62,27.10473615476983
7,63,24.269311133682933
7,64,24.739850761225068
7,65,21.166569813337965
7,66,19.254561740511924
7,67,19.701861976175334
7,68,18.545987129578123
7,69,19.97799771798386
7,70,20.099341669085728
7,71,21.028692098486765
7,72,21.259245511485062
7,73,18.01433964300476
7,74,15.897058785564127
7,75,15.792146626163937
7,76,14.874530998605259
7,77,14.141664787839488
7,78,15.224373011864069
7,79,15.614055422078108
7,80,18.268658855986853
7,81,20.599450381148603
7,82,17.816233618278257
7,83,19.263996562935407
7,84,18.18124032334503
7,85,18.776198739552743
7,86,16.337412286488217
7,87,13.445559758104498
7,88,11.446873927918064
7,89,9.237257637797851
7,90,9.863585162116458
7,91,10.447415264322649
7,92,11.639886120998938
7,93,14.907852196249777
7,94,17.0775363603218
7,95,20.772734747483643
7,96,22.7729724042259
7,97,26.08409675315748
7,98,27.860311142496915
7,99,29.001459701877828
7,100,29.867182787765202
7,101,28.779193756043156
7,102,26.58887418939668
7,103,23.102816766391832
7,104,20.25397882420417
7,105,16.684397879974988
7,106,13.507308890867181
7,107,9.808463159285655
7,108,8.225986046133407
7,109,6.930491392025718
7,110,4.837819576808783
7,111,6.052946684989026
7,112,8.60058278649052
7,113,11.0510425368996
7,114,14.492932533788956
7,115,17.524620501388036
7,116,20.36963828812646
7,117,22.85883634521621
8,1,22.444312672832424
8,2,18.67590771904432
8,3,15.656879043370278
8,4,12.245167584980893
8,5,8.959172318891447
8,6,5.693152260544781
8,7,3.8056799984440723
8,9,3.7999798580805217
8,10,6.751353622864641
8,11,9.571217878985566
8,12,12.8740655719582
8,13,15.780371261484612
8,14,17.39057787320156
8,15,14.837566589510622
8,16,13.542516128178423
8,17,10.244522650341473
8,18,10.728526718754315
8,19,9.2403737630712
8,20,11.425357734442745
8,21,12.603106155249941
8,22,14.876936017649282
8,23,17.841181597631266
8,24,20.817562988377315
8,25,23.716932056914462
8,26,24.328201823272078
8,27,27.521919410661997
8,28,28.88409511326575
8,29,30.168775598407564
8,30,27.031652594840015
8,31,26.809052604694635
8,32,23.90130042295083
8,33,23.03971365605612
8,34,19.368690811274202
8,35,18.351406113898747
8,36,15.369235751514577
8,37,15.447079551903583
8,38,14.087752080827434
8,39,14.496837702337828
8,40,16.28729776002878
8,41,19.064126862558982
8,42,20.385980350040082
8,43,20.33310434542725
8,44,18.55412835507441
8,45,19.2088240147357
8,46,19.483453249792248
8,47,17.99830527818523
8,48,19.50036092504846
8,49,20.733258299570437
8,50,22.719181982509774
8,51,24.81307909330127
8,52,24.847855523054832
8,53,28.204122661103693
8,54,28.115588476939326
8,55,25.90239265049801
8,56,25.445286608197357
8,57,25.58270923967378
8,58,23.640957883232115
8,59,22.91848176898588
8,60,22.362811258668035
8,61,25.426509301861543
8,62,26.441672479627204
8,63,23.329707368863662
8,64,23.233067624517936
8,65,19.549797604374586
8,66,18.142993727033662
8,67,18.803487125997478
8,68,18.17453382657433
8,69,20.025140008883085
8,70,20.831370727940804
8,71,22.127946497367112
8,72,22.96095978805223
8,73,20.081549772985465
8,74,17.416088668140254
8,75,16.739622000916963
8,76,14.995838687594123
8,77,13.800931385032133
8,78,13.94469725876516
8,79,13.990654387796292
8,80,16.035509492790148
8,81,18.107454190814167
8,82,15.192691661828635
8,83,16.38880547436928
8,84,15.146189996703127
8,85,16.296931674220225
8,86,14.138360965847493
8,87,11.032882036135083
8,88,10.017731983981097
8,89,9.052443997031967
8,90,10.03179906206199
8,91,11.838750829273994
8,92,13.217326311361807
8,93,16.85754386620582
8,94,19.18644813227829
8,95,22.96385870660403
8,96,25.07515788118582
8,97,28.159444290069047
8,98,30.02788884993328
8,99,31.371076871633136
8,100,32.50828944291923
8,101,31.619433358521913
8,102,29.268011347316488
8,103,25.9284221241807
8,104,22.939249097949943
8,105,19.556162122363826
8,106,16.210318798493734
8,107,12.736240604929149
8,108,11.248346923658392
8,109,8.908189828036457
8,110,5.540708000818507
8,111,4.863406127448041
8,112,5.994032623141227
8,113,7.7551868564204
8,114,11.136045826354831
8,115,13.938555063957825
8,116,16.81520958888229
8,117,19.143236571505312
9,1,24.081483504133057
9,2,20.421508977796943
9,3,17.048747646814693
9,4,13.8500886159131
9,5,10.131339418894223
9,6,7.227415472014954
9,7,7.0692928442276175
9,8,3.7999798580805217
9,10,3.8208110487903943
9,11,6.09713259285036
9,12,9.249768758063166
9,13,12.416988600306157
9,14,13.824188155041831
9,15,11.479220774851415
9,16,9.925084588613165
9,17,6.79017620328968
9,18,7.6719615450506256
9,19,7.336136463285578
9,20,10.489308477000977
9,21,12.493998702306767
9,22,15.297238294280735
9,23,18.634011074251028
9,24,21.909462166699146
9,25,24.755163812767325
9,26,24.79102395103834
9,27,27.65535434401413
9,28,28.5513485577425
9,29,29.748269605049437
9,30,26.734558784376816
9,31,26.245523007770633
9,32,23.444109573645306
9,33,22.48638837514533
9,34,18.752405114680265
9,35,17.854201885137073
9,36,14.734521951380495
9,37,15.383641023447883
9,38,14.098608293058147
9,39,15.407351715044843
9,40,17.272205508969922
9,41,20.466834565769684
9,42,22.030755965408648
9,43,21.416824748477122
9,44,19.188701985387397
9,45,19.090933731834518
9,46,18.96555186950813
9,47,16.812542010799582
9,48,18.060368996526943
9,49,19.541078069741907
9,50,21.32887288828997
9,51,23.634443235776825
9,52,23.568805177113802
9,53,27.020863639809647
9,54,26.743185440550306
9,55,24.4443690705017
9,56,23.505932735151262
9,57,23.47077392822655
9,58,21.24187931240514
9,59,20.768486226768943
9,60,20.190972901135794
9,61,22.928005119787706
9,62,24.080569687852464
9,63,20.902811845117384
9,64,20.38208717485743
9,65,16.76316900373258
9,66,15.573952798557581
9,67,16.15062368506501
9,68,15.873114899915416
9,69,17.98947935540774
9,70,19.403179889021434
9,71,21.05179853614245
9,72,22.49483376566228
9,73,20.09909529401624
9,74,16.936461177380693
9,75,15.686863631348755
9,76,13.2426091451103
9,77,11.744890468480797
9,78,11.120183798422323
9,79,11.211919093621082
9,80,12.84325470277147
9,81,15.04003364465488
9,82,12.45041761880796
9,83,14.0121675658896
9,84,13.319970083785092
9,85,15.05283907268546
9,86,12.737937714616075
9,87,10.126421602787707
9,88,10.197984745673436
9,89,10.042088608390964
9,90,10.253295439955618
9,91,12.605221009847206
9,92,13.514358598184163
9,93,17.306633353312137
9,94,19.47625089981405
9,95,23.24918732105515
9,96,25.303672784486157
9,97,28.103822116945985
9,98,29.959358566074517
9,99,31.49234237171116
9,100,32.99288326018777
9,101,32.40988769533124
9,102,29.957807781856932
9,103,26.88336865935507
9,104,23.896311538480276
9,105,20.834361794740374
9,106,17.556323154845895
9,107,14.445649365093551
9,108,13.662906491666197
9,109,10.706245036888099
9,110,6.92038308364401
9,111,6.287932622806087
9,112,4.894629430171259
9,113,6.465455566394237
9,114,8.930235314288252
9,115,11.711674072157082
9,116,14.055003909916822
9,117,16.48308458589472
10,1,27.884886142708826
10,2,24.235299209801052
10,3,20.83143707865798
10,4,17.668258159004615
10,5,13.935894526730733
10,6,10.986460660546452
10,7,10.466640126902602
10,8,6.751353622864641
10,9,3.8208110487903943
10,11,3.8163114919268315
10,12,6.510317517939656
10,13,9.169323442073047
10,14,11.290658513263747
10,15,9.519777102456166
10,16,8.853178712680858
10,17,7.0626401404207915
10,18,9.113621736111646
10,19,10.103887608899106
10,20,13.633502354602271
10,21,15.976350367556588
10,22,18.89126517474976
10,23,22.31480191873343
10,24,25.62725089509219
10,25,28.447370074612028
10,26,28.310869967076687
10,27,31.02465162765634
10,28,31.668981083133207
10,29,32.85556946456616
10,30,29.93918352244337
10,31,29.286757580767972
10,32,26.528596708611715
10,33,25.401333820901243
10,34,21.650296014473877
10,35,20.57299252601528
10,36,17.238445497496812
10,37,17.745712752765794
10,38,15.96253846819683
10,39,17.388650967022837
10,40,18.666676569676
10,41,21.82522628736099
10,42,23.90844290554178
10,43,23.308751345261246
10,44,21.215776664008796
10,45,20.765056739128212
10,46,20.86043213985769
10,47,18.330821741017925
10,48,19.79141758691717
10,49,21.74403503114978
10,50,23.57886674764207
10,51,26.147069325303892
10,52,26.13165457636288
10,53,29.639891477032513
10,54,29.243737489235123
10,55,26.884802719062723
10,56,25.507239379470924
10,57,25.339129992543036
10,58,22.8171986852439
10,59,22.540326542257773
10,60,21.743236841587528
10,61,24.057475397370542
10,62,25.094150098492072
10,63,21.723946753753278
10,64,20.54754079424351
10,65,16.976588904393193
10,66,16.5523659411652
10,67,17.37150519995113
10,68,17.69328587405223
10,69,20.061329597712685
10,70,21.97356937461609
10,71,23.7999647490695
10,72,25.591321597224926
10,73,23.465520411498993
10,74,20.12609453503252
10,75,18.61591739859741
10,76,15.73381018986135
10,77,14.00142721621647
10,78,12.413593207691726
10,79,11.99191091096142
10,80,12.474024794685612
10,81,14.018417030697778
10,82,11.368569079610586
10,83,12.276593291160092
10,84,11.272613457674233
10,85,13.791081057372525
10,86,12.211386784507178
10,87,9.627241172349418
10,88,11.020222361127265
10,89,12.093480262560227
10,90,12.765149416487256
10,91,15.672128755820491
10,92,16.79545943561026
10,93,20.60213599251375
10,94,22.86005387232627
10,95,26.586852416726433
10,96,28.700957918615114
10,97,31.323926858021522
10,98,33.22696029418297
10,99,34.86176062791622
10,100,36.48774636309057
10,101,35.998110746412905
10,102,33.468227799119305
10,103,30.47759735817929
10,104,27.424201581441665
10,105,24.460040563251894
10,106,21.114640877903486
10,107,18.114396013505864
10,108,17.133282120059373
10,109,14.002692341461374
10,110,10.266843312193846
10,111,8.560383818898082
10,112,6.001708445140304
10,113,5.19213273994063
10,114,6.646403487187044
10,115,8.551191198403636
10,116,10.907794138105666
10,117,12.918247469830762
11,1,28.848909452756537
11,2,25.35899868911611
11,3,21.734936553940457
11,4,18.990654482178897
11,5,15.191622746000563
11,6,12.95441491542892
11,7,12.985029028076514
11,8,9.571217878985566
11,9,6.09713259285036
11,10,3.8163114919268315
11,12,3.7767016019102715
11,13,6.580139931536599
11,14,7.830040019889731
11,15,5.760078455888867
11,16,5.289127889978536
11,17,4.66545753883224
11,18,7.830915478477097
11,19,10.126152591614305
11,20,13.896337564802353
11,21,16.26591984853928
11,22,19.581294639309952
11,23,22.990269774820728
11,24,26.52937055838071
11,25,29.276776864240624
11,26,28.764449202024448
11,27,31.2050070544487
11,28,31.567234225241048
11,29,32.426040896468315
11,30,29.528177010683404
11,31,28.45772475864262
11,32,25.69234438299143
11,33,24.26821252238445
11,34,20.573018813478335
11,35,19.372989871028402
11,36,15.998770267844101
11,37,16.75723095467943
11,38,15.054486753536805
11,39,17.15843240744114
11,40,18.459788622675287
11,41,21.888474120092795
11,42,24.056287251160335
11,43,22.92021494479439
11,44,20.511446970073973
11,45,19.398000836065705
11,46,19.22098086995521
11,47,16.244721890724282
11,48,17.58270986362304
11,49,19.860521887216333
11,50,21.672001764718146
11,51,24.514206378415064
11,52,24.698279344374463
11,53,28.294796279001286
11,54,28.0105922292648
11,55,25.88016480934342
11,56,24.24907118575281
11,57,23.62200528755936
11,58,20.72794127566334
11,59,20.360442435758266
11,60,19.248072860993336
11,61,21.230166104817343
11,62,22.104982094291174
11,63,18.65569750317218
11,64,17.124292666369836
11,65,13.643793920557131
11,66,13.716209348761355
11,67,14.83056666081517
11,68,15.831613364200491
11,69,18.624219407617943
11,70,21.035732838319817
11,71,23.343515173258893
11,72,25.556864825554655
11,73,23.81453209178862
11,74,20.22879728860719
11,75,18.08870282138569
11,76,14.989180211618866
11,77,12.679440088935518
11,78,10.227279052836375
11,79,9.226537480386945
11,80,8.955427259677968
11,81,10.32337347043544
11,82,8.017540019106706
11,83,9.402495719018418
11,84,9.411670725074242
11,85,12.128569544606869
11,86,10.317290496927978
11,87,8.832641430923383
11,88,10.95235032179491
11,89,12.491239414619475
11,90,12.51931295000487
11,91,15.692871074923136
11,92,16.614248383812324
11,93,20.31019334333725
11,94,22.55853989423805
11,95,26.127949461172133
11,96,28.344287128848837
11,97,30.596054361882437
11,98,32.646349863905684
11,99,34.52093578930288
11,100,36.30012925739875
11,101,36.00780008942808
11,102,33.28882248237189
11,103,30.557617160227792
11,104,27.43938689936802
11,105,24.83976576200054
11,106,21.548438210131103
11,107,19.032481675218584
11,108,18.46874803461559
11,109,14.970407026731863
11,110,11.437152391762577
11,111,9.993921756298587
11,112,6.450276163743848
11,113,5.836071513347761
11,114,5.152552980245627
11,115,7.2655123834340785
11,116,8.492844781265516
11,117,11.150996654601336
12,1,31.681529339375114
12,2,28.28336508972345
12,3,24.630667113293306
12,4,21.924018549269114
12,5,18.133611534415042
12,6,15.897858028595355
12,7,16.310977335837617
12,8,12.8740655719582
12,9,9.249768758063166
12,10,6.510317517939656
12,11,3.7767016019102715
12,13,3.797604011790029
12,14,5.24734876475093
12,15,5.2468456806503045
12,16,4.972220697423014
12,17,6.478715471818615
12,18,9.115367930616165
12,19,12.081842408472236
12,20,15.818145857565542
12,21,18.634500486139256
12,22,21.871246306656023
12,23,25.418902250623308
12,24,28.940846177035215
12,25,31.584194705526798
12,26,30.718723875260213
12,27,32.86223607517828
12,28,32.818651024527256
12,29,33.747487501885104
12,30,31.115430446823083
12,31,30.021233112156903
12,32,27.539117207291113
12,33,26.253043210227414
12,34,22.718560245086508
12,35,21.816840497949972
12,36,18.65191708956318
12,37,19.781706732820282
12,38,18.270557380204444
12,39,20.639280384418008
12,40,21.874518792995907
12,41,25.325500776296476
12,42,27.58466913532362
12,43,26.277325741998467
12,44,23.749066102151048
12,45,22.269531487165107
12,46,21.821442331027924
12,47,18.524525548080778
12,48,19.472276476145602
12,49,21.74402798247843
12,50,23.158516245879834
12,51,25.95266484155385
12,52,25.87718378795961
12,53,29.347095799151056
12,54,28.736298719226152
12,55,26.460058356279177
12,56,24.336173810532554
12,57,23.74777634835301
12,58,20.789868073460806
12,59,20.940309829661988
12,60,20.027012941122116
12,61,21.407402041010226
12,62,22.50903622395386
12,63,19.216882761800434
12,64,17.07161902652297
12,65,14.076544693022694
12,66,14.558608265625145
12,67,15.28863306698777
12,68,16.534462402620385
12,69,19.192318548337713
12,70,22.003345322001806
12,71,24.308882441568247
12,72,26.89698646843993
12,73,25.59267063698144
12,74,21.877152040349742
12,75,19.650568706919017
12,76,16.17898462630489
12,77,14.15820671151687
12,78,11.210663876846716
12,79,10.584790995535046
12,80,9.212479323874769
12,81,10.281480033688576
12,82,9.089547490765735
12,83,10.375105474027814
12,84,10.915593578930757
12,85,14.146020005659574
12,86,12.791380974610053
12,87,11.921586823631676
12,88,14.476749562133609
12,89,16.19041153070454
12,90,15.973566699195475
12,91,19.048115660718867
12,92,19.58790766832014
12,93,23.174936154519486
12,94,25.119435470140452
12,95,28.58443898664685
12,96,30.574928899455056
12,97,32.63260942482031
12,98,34.500878618548185
12,99,36.39284095115393
12,100,38.457422491245815
12,101,38.39799147006788
12,102,35.75698577465259
12,103,33.22966529355646
12,104,30.258884848069417
12,105,27.842165951977094
12,106,24.723023525330415
12,107,22.317426464097768
12,108,22.029706509761866
12,109,18.55901563152325
12,110,15.014983445737336
12,111,13.758338298844576
12,112,10.221141646357516
12,113,9.175615063201125
12,114,7.441758891427105
12,115,7.914602485797747
12,116,7.719685426424356
12,117,9.638151252525686
13,1,35.18387005371156
13,2,31.77268413172313
13,3,28.10185003437546
13,4,25.439770922705865
13,5,21.6399544165624
13,6,19.367706366976105
13,7,19.383000440298712
13,8,15.780371261484612
13,9,12.416988600306157
13,10,9.169323442073047
13,11,6.580139931536599
13,12,3.797604011790029
13,14,3.809924113513874
13,15,5.471261548841992
13,16,7.293904712542178
13,17,9.724600830936328
13,18,12.698384902479713
13,19,15.789614114789826
13,20,19.53504474376108
13,21,22.227325908888012
13,22,25.55324693264429
13,23,29.045951585038708
13,24,32.60943772127828
13,25,35.264646979659915
13,26,34.39526316361418
13,27,36.498342367534875
13,28,36.391006771049206
13,29,37.19239786192457
13,30,34.555449983575905
13,31,33.26415703954711
13,32,30.727386372587905
13,33,29.196857404258076
13,34,25.69391774964382
13,35,24.502011232456535
13,36,21.215459254218082
13,37,22.01059439494704
13,38,20.10970505565061
13,39,22.401090526669527
13,40,23.102671767472444
13,41,26.391690978188638
13,42,29.009974873408087
13,43,27.734422849777186
13,44,25.428172696499207
13,45,23.742276572701073
13,46,23.602390067417648
13,47,20.2369041894356
13,48,21.471176272111585
13,49,24.123726961570224
13,50,25.701877786033684
13,51,28.713614627386516
13,52,28.865080644020406
13,53,32.363843684334235
13,54,31.84859582418065
13,55,29.711377293894262
13,56,27.43350042179276
13,57,26.606419534705775
13,58,23.446251074490174
13,59,23.516669783198182
13,60,22.259610762718648
13,61,23.26400045306057
13,62,24.000483004499173
13,63,20.624825037887263
13,64,18.000411048122313
13,65,15.281609975820098
13,66,16.60141212751571
13,67,17.74978821626244
13,68,19.512028212629787
13,69,22.352558825455706
13,70,25.35896868289448
13,71,27.822994256097243
13,72,30.52086892790025
13,73,29.28893504422546
13,74,25.551352199878178
13,75,23.165024179719982
13,76,19.71220214474166
13,77,17.46518992226491
13,78,14.213500305268768
13,79,12.949860084733489
13,80,10.654603312546655
13,81,10.396785920886407
13,82,9.41013658952458
13,83,9.515604379454091
13,84,9.946912457812155
13,85,13.547225603074251
13,86,13.137423183889748
13,87,12.692540396084608
13,88,15.891174119907298
13,89,18.26830186873486
13,90,18.43382324377377
13,91,21.79203006750822
13,92,22.649156729605384
13,93,26.190967765731518
13,94,28.323142069893436
13,95,31.714024341450507
13,96,33.861758374922836
13,97,35.76117571638209
13,98,37.7707713526208
13,99,39.7727447683768
13,100,41.81195363999342
13,101,41.75378465380344
13,102,38.98640661346195
13,103,36.49481441029812
13,104,33.40766545120518
13,105,31.051047852633307
13,106,27.826808196096742
13,107,25.507518232248447
13,108,24.96780429418054
13,109,21.395776838636163
13,110,17.958552834684568
13,111,16.164033447830487
13,112,12.528546676424643
13,113,10.573213847149713
13,114,7.790541852622922
13,115,6.550641775060066
13,116,4.985049050130974
13,117,6.1736892265028835
14,1,34.86960268985849
14,2,31.661276355406205
14,3,27.90363338204393
14,4,25.63724196771531
14,5,21.9237291779102
14,6,20.23343920778682
14,7,20.695446342930982
14,8,17.39057787320156
14,9,13.824188155041831
14,10,11.290658513263747
14,11,7.830040019889731
14,12,5.24734876475093
14,13,3.809924113513874
14,15,3.802688728250963
14,16,5.722172718992317
14,17,9.215746903603277
14,18,12.092100372457196
14,19,15.642181251096366
14,20,19.219346131887324
14,21,21.76310216686038
14,22,25.241246042875133
14,23,28.610091327284174
14,24,32.26856915208011
14,25,34.81019634249952
14,26,33.649230245822906
14,27,35.49101398501634
14,28,35.17323031167095
14,29,35.666186112683484
14,30,33.08988089041349
14,31,31.485469804037805
14,32,29.025224427823865
14,33,27.333806290555955
14,34,24.029343459511942
14,35,22.879164139024844
14,36,19.817666264700463
14,37,20.913843903087418
14,38,19.377875418735584
14,39,22.146353684445284
14,40,23.065226924017704
14,41,26.529272796736976
14,42,28.964560220911682
14,43,27.221657871196786
14,44,24.619503275975575
14,45,22.454611168873594
14,46,21.91830715232396
14,47,18.32861159015639
14,48,19.2120682124159
14,49,21.920078888733777
14,50,23.326369616152544
14,51,26.426180587507496
14,52,26.715067164425463
14,53,30.18262506419388
14,54,29.789578954183515
14,55,27.930085564642283
14,56,25.55375421224175
14,57,24.32344998581985
14,58,20.949785954858072
14,59,20.933035984877478
14,60,19.485648941721816
14,61,20.110107320231144
14,62,20.729912386761214
14,63,17.45762598243021
14,64,14.555696200966823
14,65,12.207461092272192
14,66,13.941051632302297
14,67,15.197674618354998
14,68,17.463789898440368
14,69,20.497049241143024
14,70,23.770890222908484
14,71,26.55514085355629
14,72,29.496462462638654
14,73,28.593943394337302
14,74,24.793691123352076
14,75,22.0127653600382
14,76,18.618876030655038
14,77,16.110184306298994
14,78,12.502884870143104
14,79,10.997036666166606
14,80,7.971438458441213
14,81,7.417919932026199
14,82,7.740604199593042
14,83,8.721697236458636
14,84,10.571715949923362
14,85,13.66190687862019
14,86,12.775832705257784
14,87,13.338963162505248
14,88,16.41994108166929
14,89,18.64683206300476
14,90,18.168803548545934
14,91,21.388468786764353
14,92,21.922028516871208
14,93,25.204337525984485
14,94,27.182722237094936
14,95,30.339858406354114
14,96,32.47798804120308
14,97,34.03151407557185
14,98,36.10114547148609
14,99,38.260714487817324
14,100,40.40348823672332
14,101,40.522768537863605
14,102,37.66389850844292
14,103,35.44579027053378
14,104,32.40657456964962
14,105,30.410715988476976
14,106,27.3625980336127
14,107,25.48046984076355
14,108,25.365159510910818
14,109,21.690689046058125
14,110,18.526582566695687
14,111,17.211286858669965
14,112,13.441180121482521
14,113,12.283874474160173
14,114,9.221974562388906
14,115,8.869629495460885
14,116,6.356351735347421
14,117,8.404068271619343
15,1,31.903403819049498
15,2,28.6791584934165
15,3,24.92152573492538
15,4,22.77489743168845
15,5,19.108626293468323
15,6,17.659289593991303
15,7,17.942049731891448
15,8,14.837566589510622
15,9,11.479220774851415
15,10,9.519777102456166
15,11,5.760078455888867
15,12,5.2468456806503045
15,13,5.471261548841992
15,14,3.802688728250963
15,16,3.816286851734115
15,17,6.699414594660508
15,18,10.159974906806706
15,19,13.473680716914119
15,20,17.044628807207168
15,21,19.156756204679468
15,22,22.774195231283628
15,23,25.979869686733824
15,24,29.69091389987379
15,25,32.29669422578587
15,26,31.374715376005557
15,27,33.427192019910514
15,28,33.43637005716853
15,29,33.779552455592246
15,30,30.945436390512636
15,31,29.255058336052763
15,32,26.51320327677931
15,33,24.599142315513923
15,34,21.15877758512374
15,35,19.678435983539732
15,36,16.419539820595983
15,37,17.250212258116964
15,38,15.588757532835833
15,39,18.349877274378205
15,40,19.343608953098006
15,41,22.866591397226603
15,42,25.20902148422737
15,43,23.445545358889653
