1,2,3.809919211969976
1,3,6.907972765019376
1,4,9.834871980903607
1,5,12.9471394648314
1,6,15.180950933151681
1,7,18.639703619213115
1,8,21.715753113995003
1,9,25.387627878902954
1,10,28.543700915445598
1,11,31.366774618579786
1,12,34.85414524501796
1,13,37.53528957560076
1,14,40.886989033233306
1,15,39.56953117775423
1,16,36.78856931973271
1,17,33.38746225431033
1,18,29.936483566572548
1,19,26.355859226276557
1,20,24.429258683158682
1,21,20.786766300426
1,22,18.390639768085332
1,23,14.764900228455113
1,24,13.641023109255526
1,25,13.384034803978388
1,26,15.53673152844117
1,27,14.282533656384851
1,28,14.813568503476525
1,29,18.112461536237507
1,30,17.146545200582576
1,31,14.496509345281373
1,32,15.555603555881461
1,33,14.195675120504877
1,34,15.54340125926985
1,35,16.870413513569947
1,36,18.60026383594585
1,37,21.521984897852168
1,38,24.01546630642262
1,39,26.919702288773056
1,40,29.86879401446831
1,41,32.947793872054774
1,42,33.315394371720735
1,43,35.49258452194968
1,44,33.12181150331067
1,45,29.70238456320849
1,46,26.19487239907485
1,47,26.512807324830856
1,48,29.68870669687127
1,49,28.34546803306047
1,50,27.303178737044043
1,51,23.849750151289566
1,52,24.3036155471531
1,53,21.441168161885358
1,54,21.260688752195293
1,55,19.53989721419972
1,56,19.014685137059697
1,57,21.268575578078224
1,58,21.562765615653706
1,59,24.571744163813314
1,60,26.66614330003885
1,61,30.393971359269678
1,62,31.63402349445463
1,63,34.60961626447488
1,64,37.737892959663725
1,65,37.464628528551096
1,66,40.005740634043455
1,67,41.836184660373846
1,68,41.60706941612826
1,69,38.54409385633891
1,70,35.25837419259079
1,71,31.998946851366775
1,72,28.28754022662853
1,73,25.01950114071186
1,74,21.261000117946498
1,75,18.456760192335686
1,76,14.887197080659913
1,77,12.66362744727282
1,78,10.528700577155158
1,79,9.818577324779756
1,80,12.67440006563661
1,81,14.878862668599714
1,82,17.9374158718599
1,83,17.283288139250562
1,84,13.94204712615771
1,85,11.62980857335791
1,86,8.154729780069816
1,87,7.458087356989327
1,88,10.35309710694397
1,89,9.901532595164161
1,90,12.529726578779703
1,91,15.873127681465169
1,92,17.28418478002055
1,93,20.06795991733876
1,94,23.157917048357962
1,95,25.525524898868113
1,96,29.115311906215485
1,97,32.415638116669435
1,98,36.04331691904888
1,99,37.71205775777744
1,100,40.911699638607956
1,101,44.269378133119616
2,1,3.809919211969976
2,3,3.7752944340694454
2,4,6.706858378624406
2,5,9.366774007730562
2,6,11.741599945770151
2,7,15.297894509154395
2,8,18.177581257687415
2,9,21.903215542866388
2,10,24.984850197685233
2,11,27.92133686377038
2,12,31.374317334084214
2,13,34.152860789364844
2,14,37.4261878531153
2,15,35.98954860873831
2,16,33.26616093631576
2,17,29.816320850083553
2,18,26.438946122675958
2,19,22.81703263807243
2,20,21.092960018294885
2,21,17.50602371510921
2,22,15.477817892771734
2,23,12.064031104723208
2,24,11.606534225409188
2,25,12.102792031254056
2,26,14.256607111805872
2,27,13.152534325022764
2,28,14.575696001033778
2,29,17.79377238390486
2,30,17.241980912347064
2,31,14.080315685799517
2,32,14.20505436512368
2,33,12.050173620783564
2,34,12.939035867928165
2,35,13.663075528574838
2,36,15.161690816637837
2,37,17.912592547532892
2,38,20.312404416881634
2,39,23.143577072674244
2,40,26.094589150527334
2,41,29.16109502498533
2,42,29.56970767096954
2,43,31.790202770060553
2,44,29.472193852803414
2,45,26.112242023679656
2,46,22.59626337591519
2,47,23.13719737515284
2,48,26.253621804667468
2,49,24.79287602748256
2,50,23.849469491331437
2,51,20.392606965193416
2,52,21.003153234676876
2,53,18.35013318975947
2,54,18.36924659794505
2,55,17.090256371484937
2,56,16.765066148799985
2,57,18.592523588004173
2,58,18.635663997387926
2,59,21.400716844689086
2,60,23.343127848603416
2,61,27.024968542041112
2,62,28.08634207347371
2,63,31.05618527929759
2,64,34.11181864341545
2,65,33.73446276219298
2,66,36.22860893834859
2,67,38.05400334893158
2,68,37.812644723899915
2,69,34.739108198846836
2,70,31.46800828097276
2,71,28.192307953860343
2,72,24.484887819979047
2,73,21.213383560924644
2,74,17.45229122607522
2,75,14.692708108838977
2,76,11.148328861386103
2,77,9.251276870199108
2,78,7.774585266921518
2,79,8.244033510935113
2,80,11.630978035532962
2,81,14.599723395639737
2,82,17.854360563213188
2,83,16.785704852538874
2,84,13.88797865548462
2,85,10.79597246750966
2,86,7.073490460725527
2,87,5.395992923010924
2,88,7.1974968372676775
2,89,6.143394687085567
2,90,8.92422228599854
2,91,12.118964234101277
2,92,13.560969957196965
2,93,16.47704400271634
2,94,19.44778000518027
2,95,21.836771580852957
2,96,25.384253581829636
2,97,28.696351057932482
2,98,32.29827384183054
2,99,33.95535493794995
2,100,37.19469141571179
2,101,40.5181816241927
3,1,6.907972765019376
3,2,3.7752944340694454
3,4,3.761705887958716
3,5,6.5678801730774055
3,6,8.291386987811153
3,7,11.81288288323201
3,8,14.857903113433807
3,9,18.50504149924054
3,10,21.66755625807283
3,11,24.46953643812522
3,12,27.981873921040798
3,13,30.71436309129915
3,14,34.06641802550775
3,15,32.81765082841346
3,16,30.135672430568135
3,17,26.678034315116598
3,18,23.24908264592833
3,19,19.62945535928331
3,20,17.629410060702188
3,21,13.955229825538236
3,22,11.752380465421208
3,23,8.310615724054871
3,24,8.087829219320747
3,25,9.04954722399373
3,26,11.31136783641601
3,27,10.791677683661806
3,28,13.001097773105922
3,29,16.259676786779128
3,30,16.47358034538416
3,31,13.291147413672167
3,32,12.89824365035047
3,33,10.19446487883405
3,34,11.440656251824755
3,35,11.603847875174724
3,36,13.509496497480516
3,37,15.801981705435379
3,38,18.398278008806727
3,39,21.001515861079625
3,40,24.17727522265778
3,41,27.20244056850368
3,42,27.742919044743346
3,43,30.247045794980945
3,44,28.18047911977997
3,45,25.049021172344645
3,46,21.562947928177014
3,47,22.66756511028676
3,48,25.537903689512284
3,49,23.662476999009986
3,50,22.668997906144877
3,51,19.09007738164359
3,52,19.450204304391054
3,53,16.821018529145714
3,54,16.398414680265383
3,55,15.141813753322277
3,56,14.326182148956908
3,57,15.702896187958208
3,58,15.307934127899184
3,59,18.15802917694341
3,60,20.389248058786198
3,61,24.069914804734204
3,62,25.30894301749883
3,63,28.491414072911866
3,64,31.460953081730036
3,65,31.154240966730956
3,66,33.760535802830844
3,67,35.380991142849155
3,68,35.17736396611568
3,69,32.28371277812609
3,70,29.043079660125887
3,71,25.803330581226952
3,72,22.157337893002115
3,73,18.79112974223012
3,74,15.142682907408075
3,75,12.265584774914375
3,76,9.07679530731289
3,77,7.2657601075813645
3,78,7.102697275424146
3,79,7.896098711029528
3,80,11.723846028272847
3,81,14.86747976480113
3,82,18.434628473859735
3,83,17.6379878263374
3,84,15.330886596154878
3,85,12.079736916940394
3,86,8.711502402710623
3,87,7.5537190982104345
3,88,7.66949119721349
3,89,5.398900312380462
3,90,8.093367619927388
3,91,10.517178779457794
3,92,11.031315050310946
3,93,14.08456394333732
3,94,17.130020994007218
3,95,19.077466937895366
3,96,22.704838729343
3,97,25.839414320567236
3,98,29.507037786051523
3,99,31.098677281899032
3,100,34.19232164512098
3,101,37.62725902897165
4,1,9.834871980903607
4,2,6.706858378624406
4,3,3.761705887958716
4,5,3.796338933142975
4,6,6.146629719966599
4,7,9.095631504506564
4,8,12.372656965917669
4,9,15.9632456746333
4,10,19.36311929656416
4,11,22.31226507960008
4,12,25.932423881222128
4,13,28.894912418004253
4,14,32.196431826983584
4,15,30.98749350503992
4,16,28.615017057390393
4,17,25.0049378120078
4,18,21.772512194671158
4,19,18.06828159732898
4,20,16.072350350368136
4,21,12.369381451597484
4,22,10.406550115326416
4,23,7.321211384480251
4,24,6.979494977918575
4,25,9.443752644677794
4,26,12.218526009716292
4,27,12.703323445622404
4,28,15.467158572911657
4,29,18.708832415485677
4,30,19.46086798389994
4,31,16.349317873739754
4,32,15.526905573426529
4,33,12.372097154114616
4,34,13.29433526930759
4,35,12.386110581325912
4,36,13.803545789504284
4,37,15.30620407346888
4,38,17.467354838841434
4,39,19.522977823850947
4,40,22.554134154943505
4,41,25.251411142246788
4,42,25.465372499620727
4,43,28.24639306438458
4,44,26.552423350953152
4,45,23.47991931062972
4,46,20.258682998357585
4,47,21.861505133112466
4,48,24.739759838492624
4,49,22.893259256688594
4,50,22.383313466545996
4,51,18.989437608071615
4,52,19.722749652105087
4,53,17.621078915620632
4,54,17.34794120186855
4,55,16.648869675253252
4,56,15.688037613840947
4,57,16.209272159986707
4,58,14.944482645552371
4,59,17.46137626413487
4,60,19.75360933005086
4,61,23.255250907972005
4,62,24.2469269843945
4,63,27.55237552821044
4,64,30.211286607799966
4,65,29.570457589731472
4,66,31.97436091603078
4,67,33.31140609614245
4,68,32.802927081368985
4,69,29.940374241885277
4,70,26.544648223340705
4,71,23.54414742203423
4,72,19.878883733340786
4,73,16.77894140078254
4,74,13.254443645877055
4,75,11.02408311369355
4,76,8.601669355252762
4,77,8.304083034817067
4,78,9.629427265123192
4,79,11.164231996562762
4,80,14.963422930289651
4,81,18.251249387817627
4,82,21.829581220440947
4,83,20.90386476760182
4,84,18.809231439817864
4,85,15.378675604948928
4,86,12.096656201499247
4,87,10.292334306511622
4,88,9.388041261538692
4,89,5.904807865449073
4,90,6.776937578806403
4,91,8.759397208063229
4,92,8.461085648559475
4,93,10.975780031564284
4,94,14.350981602488423
4,95,16.218563004070738
4,96,19.95028442888622
4,97,23.128880035800588
4,98,26.851444194861056
4,99,28.741050103067398
4,100,31.76726363497502
4,101,35.229005473095015
5,1,12.9471394648314
5,2,9.366774007730562
5,3,6.5678801730774055
5,4,3.796338933142975
5,6,3.8023526063745177
5,7,6.609516552613174
5,8,9.253761623946843
5,9,12.966598821164224
5,10,16.19804411217717
5,11,19.389691222965553
5,12,22.91870679341646
5,13,26.04601794987957
5,14,29.184600811837996
5,15,27.742134647063082
5,16,25.469457825176047
5,17,21.791779553409178
5,18,18.736681993586583
5,19,14.990868011575886
5,20,13.501082709259586
5,21,10.087866826853904
5,22,9.255248389873099
5,23,7.3911091124321615
5,24,8.576958889518549
5,25,11.516486777037423
5,26,13.680549868123904
5,27,14.15495943279068
5,28,17.347977482305378
5,29,20.16842568851714
5,30,21.073106828998778
5,31,17.753848237474106
5,32,16.129138435741822
5,33,12.535849054631694
5,34,12.586680187679194
5,35,10.653428745813159
5,36,11.347588913005087
5,37,12.229327710382394
5,38,14.031628545373021
5,39,15.846827643608847
5,40,18.820575677004307
5,41,21.467298387353164
5,42,21.7265640378111
5,43,24.541636386658777
5,44,22.93007410437668
5,45,19.984604999934923
5,46,16.843575486357445
5,47,18.777450216069724
5,48,21.48160351834788
5,49,19.53321971170516
5,50,19.246470730879896
5,51,16.022451279978863
5,52,17.041090076429576
5,53,15.482564305927708
5,54,15.604455780188681
5,55,15.698860695752902
5,56,15.18724820293286
5,57,14.98062884967895
5,58,13.357274432953307
5,59,15.215059030293268
5,60,17.101692807301685
5,61,20.42446783253315
5,62,21.047277762041826
5,63,24.277267052327026
5,64,26.801313293954852
5,65,25.97180514288327
5,66,28.271954036404363
5,67,29.63555563706036
5,68,29.101466625899274
5,69,26.18498263507394
5,70,22.800395324922068
5,71,19.76405251901812
5,72,16.08847837991553
5,73,13.01023321452753
5,74,9.503265646529682
5,75,7.626493609576977
5,76,5.951765237095926
5,77,7.243390595221736
5,78,9.842031721235614
5,79,12.323215667935466
5,80,15.812764818236143
5,81,19.377577444818726
5,82,22.782674830686577
5,83,21.489350051939653
5,84,19.871557561346005
5,85,16.22830392566014
5,86,13.384160710646318
5,87,11.341118507454498
5,88,9.13835001386168
5,89,5.56841327842487
5,90,5.083152574788749
5,91,5.512356470039594
5,92,4.680157181746877
5,93,7.550042634799934
5,94,10.682771623735347
5,95,12.640182363245238
5,96,16.31333256846457
5,97,19.562699548214514
5,98,23.24529313400864
5,99,25.13324645109271
5,100,28.261430518156125
5,101,31.650972193025655
6,1,15.180950933151681
6,2,11.741599945770151
6,3,8.291386987811153
6,4,6.146629719966599
6,5,3.8023526063745177
6,7,3.8194254742857425
6,8,6.591541434663391
6,9,10.215536076260456
6,10,13.42823664431793
6,11,16.303636178164954
6,12,19.8716335687643
6,13,22.796116814427478
6,14,26.08827371784191
6,15,24.90079295100161
6,16,22.499005795246585
6,17,18.908789559351547
6,18,15.653900682566528
6,19,11.9678539676432
6,20,9.982463549172886
6,21,6.391864490854335
6,22,5.581826662802049
6,23,4.740554201466566
6,24,7.247000656724396
6,25,10.125811723665302
6,26,11.587764128718883
6,27,12.436727506610469
6,28,15.994389983169995
6,29,18.446673673013173
6,30,19.892479884855195
6,31,16.79505030844038
6,32,14.79703325339235
6,33,11.17610324486741
6,34,11.519182747457155
6,35,9.249968425965015
6,36,10.594163752487091
6,37,10.873451679959139
6,38,13.13148144837669
6,39,14.766448144413264
6,40,18.10942394270017
6,41,20.826669432922813
6,42,21.551722900727924
6,43,24.527655207448284
6,44,23.095714814443546
6,45,20.605097048997262
6,46,17.51551733314667
6,47,19.815839598017693
6,48,21.99505355968586
6,49,19.492956755747755
6,50,18.819221337073838
6,51,15.505262125070562
6,52,15.839742178735875
6,53,14.204375934869647
6,54,13.619824224283946
6,55,13.659198502060502
6,56,12.673499449381065
6,57,11.877094902270128
6,58,9.792507146499196
6,59,11.734219103334098
6,60,14.015692101855135
6,61,17.36674460778783
6,62,18.403851531121816
6,63,21.865287373301555
6,64,24.413965067738488
6,65,23.925656379050587
6,66,26.521660128023946
6,67,27.742996873212594
6,68,27.497082098120014
6,69,24.88849546263097
6,70,21.73508404090871
6,71,18.650869045542855
6,72,15.239567256627309
6,73,11.9282778372029
6,74,8.911372053992045
6,75,6.648576576340209
6,76,6.166825814477723
6,77,7.155461126210859
6,78,10.356880865809474
6,79,12.479855032778733
6,80,15.722839710346873
6,81,19.06805904026247
6,82,22.511049781424756
6,83,21.578382124427275
6,84,20.49698433999955
6,85,17.05586776685212
6,86,14.705028297432003
6,87,13.490227543435036
6,88,11.076157303784443
6,89,8.184129566767428
6,90,8.418902744879897
6,91,7.506363910175349
6,92,5.185671124918966
6,93,8.146817536837823
6,94,10.669573507212345
6,95,11.553923278025898
6,96,15.153468787354239
6,97,17.95111851736483
6,98,21.65643585777565
6,99,23.18410091737692
6,100,26.103839856743182
6,101,29.637211152414938
7,1,18.639703619213115
7,2,15.297894509154395
7,3,11.81288288323201
7,4,9.095631504506564
7,5,6.609516552613174
7,6,3.8194254742857425
7,8,3.819268960479491
7,9,6.978624930631836
7,10,10.557028991726526
7,11,13.377758932104356
7,12,17.074521703939133
7,13,20.145135929500594
7,14,23.423017891564868
7,15,22.462974718617463
7,16,20.4375392786621
7,17,16.792158641717624
7,18,13.829757474515148
7,19,10.311811759852985
7,20,8.166090937709749
7,21,5.112150521356845
7,22,5.3516786984883735
7,23,6.466840655059709
7,24,8.634181297812086
7,25,11.882783493688496
7,26,13.252832833241541
7,27,14.850331803688025
7,28,18.537177756140096
7,29,20.80012473430223
7,30,22.703414960051045
7,31,19.861950802979006
7,32,17.742959696876778
7,33,14.228898998543679
7,34,14.53846025181279
7,35,11.82662622697648
7,36,12.771725712283676
7,37,11.933267140707635
7,38,13.589761765270657
7,39,14.266554457596103
7,40,17.41749524595221
7,41,19.646751115752277
7,42,20.211271109125285
7,43,23.52612245524494
7,44,22.659183426179073
7,45,20.56327081860268
7,46,17.954195346038137
7,47,20.801409929372937
7,48,22.655205232836323
7,49,20.053397375457134
7,50,19.74354364286657
7,51,16.81773224816476
7,52,17.195293884772695
7,53,16.157911794541597
7,54,15.463449704948554
7,55,15.884334354392905
7,56,14.64993509470505
7,57,12.956849165843469
7,58,9.943570782440688
7,59,11.159961186734208
7,60,13.524217301115801
7,61,16.3947331258537
7,62,17.30172706949116
7,63,20.900913864503753
7,64,23.000225977305227
7,65,22.3054848408429
7,66,24.764635324527564
7,67,25.531953388487832
7,68,25.07627773960684
7,69,22.725406804054554
7,70,19.56615194990604
7,71,16.854558344273368
7,72,13.731953045152942
7,73,10.912088708786142
7,74,8.84983370389384
7,75,7.932867062800395
7,76,9.028596505425943
7,77,10.67747689662979
7,78,14.06733777949937
7,79,16.134833296289138
7,80,19.252400092014238
7,81,22.477932157758854
7,82,25.893801380314265
7,83,25.055741150139234
7,84,24.18047884526468
7,85,20.779294547013123
7,86,18.518047668211253
7,87,17.23495907448048
7,88,14.664422960187402
7,89,11.684526478780922
7,90,11.067671409271057
7,91,9.36752499917867
7,92,5.859031336886103
7,93,7.166495965316593
7,94,9.341516590767705
7,95,9.144363574299316
7,96,12.712655699828836
7,97,15.187829897899043
7,98,18.938297441606665
7,99,20.62288814864451
7,100,23.292110495406167
7,101,26.922818915133252
8,1,21.715753113995003
8,2,18.177581257687415
8,3,14.857903113433807
8,4,12.372656965917669
8,5,9.253761623946843
8,6,6.591541434663391
8,7,3.819268960479491
8,9,3.7845387547747653
8,10,7.007316798844412
8,11,10.191130966577344
8,12,13.750943527726212
8,13,17.00993186730383
8,14,20.095499616445018
8,15,18.871967221735083
8,16,16.940233915534183
8,17,13.216945607233932
8,18,10.510309671682277
8,19,7.04710222982021
8,20,5.912606686542451
8,21,4.610263687292895
8,22,7.2082776678896066
8,23,9.50664294424095
8,24,12.212826050495927
8,25,15.155371029289062
8,26,15.902412633279555
8,27,17.217842218618454
8,28,20.949643270718298
8,29,22.744068228891614
8,30,24.66366147299685
8,31,21.782206471257435
8,32,19.14928107259682
8,33,15.631720684606607
8,34,15.231880158303841
8,35,11.930547344535205
8,36,12.114304793598935
8,37,10.200217340328534
8,38,11.235021835130906
8,39,11.209242211247988
8,40,14.286437748747831
8,41,16.369226112017575
8,42,17.222269753696622
8,43,20.557065582816932
8,44,19.903941592944513
8,45,18.27593481188165
8,46,15.985251391389907
8,47,19.15797408361622
8,48,20.491376434870915
8,49,17.682422288558637
8,50,17.51561804200915
8,51,15.018678692415794
8,52,15.42953398161977
8,53,15.144966112469836
8,54,14.738908335402137
8,55,15.964670332365769
8,56,15.238100840335207
8,57,12.805090676653078
8,58,9.617198542290504
8,59,9.467330495147362
8,60,11.093240355004346
8,61,13.477925489378217
8,62,13.944606455749769
8,63,17.484143610181
8,64,19.361077135722837
8,65,18.540941438610222
8,66,20.979432874833584
8,67,21.727670244605484
8,68,21.375460749349013
8,69,19.093023145490776
8,70,16.09759928231441
8,71,13.353468415529976
8,72,10.52006477815276
8,73,7.867120168243458
8,74,6.940098973582673
8,75,7.1354037627574405
8,76,9.699756126179945
8,77,12.028657517817354
8,78,15.726918692278327
8,79,18.143834716266124
8,80,20.82685662688139
8,81,24.07505807423632
8,82,27.225014325991395
8,83,26.165176618304024
8,84,25.736247802856656
8,85,22.35142904465545
8,86,20.524488015787178
8,87,19.256922611608918
8,88,16.183608276227538
8,89,13.68378880775129
8,90,12.72518088344128
8,91,9.990569134320241
8,92,6.501112552018241
8,93,7.083094176983524
8,94,7.567758674037217
8,95,6.3327747534221155
8,96,9.486972520538265
8,97,11.707680390609973
8,98,15.399029462190189
8,99,16.885007007912716
8,100,19.630222121145028
8,101,23.231095133941402
9,1,25.387627878902954
9,2,21.903215542866388
9,3,18.50504149924054
9,4,15.9632456746333
9,5,12.966598821164224
9,6,10.215536076260456
9,7,6.978624930631836
9,8,3.7845387547747653
9,10,3.77990823878696
9,11,6.7532752977111254
9,12,10.378425440913032
9,13,13.749592532217374
9,14,16.782036697037203
9,15,15.836982739340488
9,16,14.328728214431594
9,17,10.702923720626522
9,18,8.59561917117444
9,19,6.093100198859521
9,20,5.479263878732028
9,21,6.398942392922408
9,22,9.36778887969101
9,23,12.36998397328846
9,24,14.923575901963673
9,25,17.72645861709342
9,26,18.152272894552443
9,27,19.775463698748105
9,28,23.498710154407522
9,29,24.989573948037574
9,30,27.219343344598837
9,31,24.58360766703382
9,32,21.843294280697535
9,33,18.534429084265916
9,34,18.14921470323501
9,35,14.804823506025324
9,36,14.863479014051052
9,37,12.300737322211646
9,38,12.788550959348118
9,39,11.770814944554065
9,40,14.42150584295931
9,41,15.886339288832826
9,42,16.828760500568347
9,43,20.307745574990953
9,44,20.247170037627413
9,45,19.27289047264334
9,46,17.559519592270956
9,47,21.011194625151393
9,48,21.813070527632032
9,49,18.89556384829673
9,50,18.886295617623514
9,51,16.894728706165846
9,52,17.088747226894007
9,53,17.288944278487904
9,54,16.69716070299465
9,55,18.13913864121637
9,56,17.283244954956874
9,57,14.277431776610793
9,58,10.795117412861465
9,59,9.66358422493216
9,60,10.97561254229847
9,61,12.423958683983441
9,62,12.752729260263607
9,63,16.270639114745265
9,64,17.566613872081657
9,65,16.699338960384402
9,66,19.05490811409916
9,67,19.274279559611543
9,68,18.907538970755944
9,69,17.121077161000265
9,70,14.441256906497932
9,71,12.245234481192824
9,72,10.324584696374453
9,73,8.69104299464266
9,74,9.338636216689695
9,75,10.288152929670611
9,76,13.257853622883486
9,77,15.545787814648675
9,78,19.241893138611914
9,79,21.525630391126043
9,80,24.017504196973444
9,81,27.09487600640573
9,82,30.15331567895372
9,83,29.218867113729956
9,84,29.05806394593244
9,85,25.782476947273643
9,86,24.134099921118043
9,87,22.992047723904037
9,88,19.863533186179293
9,89,17.458977019806788
9,90,16.378021249761346
9,91,13.45116138139189
9,92,10.00854192782398
9,93,9.635454701378816
9,94,9.115589224317722
9,95,6.286228332228132
9,96,8.261049815539339
9,97,9.356885151717828
9,98,12.87843811199909
9,99,14.188357977959708
9,100,16.525644468702946
9,101,20.245517585838243
10,1,28.543700915445598
10,2,24.984850197685233
10,3,21.66755625807283
10,4,19.36311929656416
10,5,16.19804411217717
10,6,13.42823664431793
10,7,10.557028991726526
10,8,7.007316798844412
10,9,3.77990823878696
10,11,3.7429574770337735
10,12,6.924550492875932
10,13,10.477716053289484
10,14,13.261328318337556
10,15,12.084090471492116
10,16,10.71716116769156
10,17,7.120359446066963
10,18,5.840225127841551
10,19,4.885126479662482
10,20,6.173894956354776
10,21,8.773442535377956
10,22,12.213890202265336
10,23,15.512908271798738
10,24,18.343119644817236
10,25,20.868171696242445
10,26,20.824567160214112
10,27,22.202673468516835
10,28,25.856943691458426
10,29,26.916679946638727
10,30,29.15468241505424
10,31,26.598023903933942
10,32,23.55872534902728
10,33,20.434360137362372
10,34,19.654457992796758
10,35,16.200388828211903
10,36,15.850971005040705
10,37,12.695773872847331
10,38,12.614605198612285
10,39,10.853290308491644
10,40,13.096762146731583
10,41,14.212654597072806
10,42,15.657771324069666
10,43,18.932977562393393
10,44,19.1542608894468
10,45,18.881086611736475
10,46,17.609569862158054
10,47,21.12045995453065
10,48,21.257830287700365
10,49,18.17915646374829
10,50,18.159502215099984
10,51,16.74859431597764
10,52,16.72248822452166
10,53,17.553745787379054
10,54,17.075781897978967
10,55,19.011243870011597
10,56,18.520696426559358
10,57,15.121080540202527
10,58,11.937565872701732
10,59,9.629923756812481
10,60,9.849622947482883
10,61,10.166885091080998
10,62,10.000971550946206
10,63,13.301233658376132
10,64,14.15735710515215
10,65,13.34393762836378
10,66,15.775131622541466
10,67,15.850266870987923
10,68,15.835013685067274
10,69,14.432130931966858
10,70,12.353228153127583
10,71,10.390850379594825
10,72,9.569461328863579
10,73,8.726458922600516
10,74,10.665091796031296
10,75,12.042504632107654
10,76,15.443016864615931
10,77,17.79971010479983
10,78,21.492247930101364
10,79,23.844254179880235
10,80,25.931520434209542
10,81,28.890783697603084
10,82,31.678283728563937
10,83,30.670064981827043
10,84,30.91676876032658
10,85,27.77100852966692
10,86,26.514342180625764
10,87,25.523990173023673
10,88,22.18584284763553
10,89,20.197641068255788
10,90,19.14054306828662
10,91,15.864753004185388
10,92,12.813859664730753
10,93,12.368653593164007
10,94,10.782187057653129
10,95,7.483625997956749
10,96,7.686412445953492
10,97,7.403503262456098
10,98,10.367920642880538
10,99,10.946043959360649
10,100,13.158688145706023
10,101,16.886031847317454
11,1,31.366774618579786
11,2,27.92133686377038
11,3,24.46953643812522
11,4,22.31226507960008
11,5,19.389691222965553
11,6,16.303636178164954
11,7,13.377758932104356
11,8,10.191130966577344
11,9,6.7532752977111254
11,10,3.7429574770337735
11,12,3.767662553114092
11,13,7.022346831473258
11,14,10.121469155967153
11,15,9.771031721801483
11,16,8.650540013691927
11,17,5.8651783795571175
11,18,5.531773746357683
11,19,6.651403972155178
11,20,7.529192250276831
11,21,10.816620556162675
11,22,13.985733479568106
11,23,17.603816320379007
11,24,20.362521720883922
11,25,22.535672723737623
11,26,22.061856875215216
11,27,23.60814834442936
11,28,27.139191223194047
11,29,27.834537985224458
11,30,30.354393241267125
11,31,28.14181501729875
11,32,25.115141207232345
11,33,22.326069964022555
11,34,21.785086950948845
11,35,18.578326577930355
11,36,18.566995388798055
11,37,15.411218373565333
11,38,15.510505854838977
11,39,13.69218790791578
11,40,15.707185567522956
11,41,16.525812380973615
11,42,18.217782600747707
11,43,21.309277857743105
11,44,21.785967530425346
11,45,21.951028874820306
11,46,20.869843525366928
11,47,24.321191593723842
11,48,24.104160902791627
11,49,20.890196305428262
11,50,20.60737087665189
11,51,19.367342588526725
11,52,18.809424062019286
11,53,19.61902077125557
11,54,18.669892960406436
11,55,20.434118525827582
11,56,19.66668032968656
11,57,16.014244694027227
11,58,12.906788329601268
11,59,10.260759594368796
11,60,10.441817487914667
11,61,9.784193379153146
11,62,10.11792966990933
11,63,13.199281476675004
11,64,13.57407285588642
11,65,13.360779135168265
11,66,15.910150246556357
11,67,15.463111907384933
11,68,15.884706089850315
11,69,15.345989445695771
11,70,14.056665914700396
11,71,12.691594023272563
11,72,12.705488205396861
11,73,12.179843143735189
11,74,14.249796104699676
11,75,15.306932948584247
11,76,18.600601316047843
11,77,20.578296279154603
11,78,24.15175830500925
11,79,26.183510367355563
11,80,28.0613053406037
11,81,30.730185249503048
11,82,33.42652079188795
11,83,32.70427912012581
11,84,33.21500576346242
11,85,30.276999889595917
11,86,29.21779788802418
11,87,28.545126585712122
11,88,25.29883362681257
11,89,23.41385219040852
11,90,22.62765462548214
11,91,19.44007942633417
11,92,16.343785073768633
11,93,16.00185881615909
11,94,14.497427412184411
11,95,11.081750050566688
11,96,10.718778485836998
11,97,9.263770855371604
11,98,11.259412921103294
11,99,10.923115595645344
11,100,12.152373307674612
11,101,15.907281356582057
12,1,34.85414524501796
12,2,31.374317334084214
12,3,27.981873921040798
12,4,25.932423881222128
12,5,22.91870679341646
12,6,19.8716335687643
12,7,17.074521703939133
12,8,13.750943527726212
12,9,10.378425440913032
12,10,6.924550492875932
12,11,3.767662553114092
12,13,3.794261464249531
12,14,6.404783516249596
12,15,6.229848523351462
12,16,5.893931362277412
12,17,4.612921741959875
12,18,6.4996156402853575
12,19,9.123451042024405
12,20,10.712264946662843
12,21,14.268736260193664
12,22,17.50658669074316
12,23,21.17359420223383
12,24,24.023684964324374
12,25,26.044310929429038
12,26,25.312324348763774
12,27,26.703853014383377
12,28,30.130132312299683
12,29,30.5055212170349
12,30,33.01746852383011
12,31,30.91595273135791
12,32,27.74494098028556
12,33,25.149287742533613
12,34,24.378998199266487
12,35,21.205509698082984
12,36,20.939123192027544
12,37,17.56977028981028
12,38,17.27172445844306
12,39,15.059456502333344
12,40,16.479696995537136
12,41,16.81535534483799
12,42,18.78467858623202
12,43,21.511500558133655
12,44,22.295785352456903
12,45,23.079693067120367
12,46,22.428147464038947
12,47,25.80739831038897
12,48,25.05558012519488
12,49,21.862156872670404
12,50,21.596881467050082
12,51,20.90332376410744
12,52,20.187168147945897
12,53,21.436143008238304
12,54,20.588709635746973
12,55,22.614584840333073
12,56,22.10655712167915
12,57,18.350655901521733
12,58,15.649230503052408
12,59,12.543500518902334
12,60,11.871775572127577
12,61,9.974643073596882
12,62,9.801444220601242
12,63,12.045153830419055
12,64,11.538103814996326
12,65,11.595172015620225
12,66,13.996203699158945
12,67,13.114639693189382
12,68,14.045046450141434
12,69,14.307965567804153
12,70,13.975730598946512
12,71,13.218067484257098
12,72,14.231349103338298
12,73,14.342716578422245
12,74,16.947858247415944
12,75,18.21583933064127
12,76,21.647369829250916
12,77,23.645901143420854
12,78,27.164848963382447
12,79,29.21089832851362
12,80,30.799869863550487
12,81,33.33848975493413
12,82,35.80205693836636
12,83,35.05285046799544
12,84,35.85942231747822
12,85,33.04763441126021
12,86,32.2548118652857
12,87,31.675782368475783
12,88,28.32793262789986
12,89,26.68772617793102
12,90,25.88630572709083
12,91,22.53737567171684
12,92,19.65821782389853
12,93,19.22149909874142
12,94,17.2549258166545
12,95,13.807996183193952
12,96,12.536557546457328
12,97,10.123964186085292
12,98,10.85174478252937
12,99,9.37952439096737
12,100,9.740971292464549
12,101,13.27403369628964
13,1,37.53528957560076
13,2,34.152860789364844
13,3,30.71436309129915
13,4,28.894912418004253
13,5,26.04601794987957
13,6,22.796116814427478
13,7,20.145135929500594
13,8,17.00993186730383
13,9,13.749592532217374
13,10,10.477716053289484
13,11,7.022346831473258
13,12,3.794261464249531
13,14,3.774132886020582
13,15,5.5020998622231545
13,16,5.458334843157054
13,17,6.514894738890736
13,18,8.580471376408704
13,19,11.802234340411026
13,20,13.110179716833644
13,21,16.808772556857814
13,22,19.82102768898404
13,23,23.583369300333214
13,24,26.441557195742735
13,25,28.089163323998395
13,26,26.940902089439295
13,27,28.285333115845596
13,28,31.510763051718108
13,29,31.48396132455031
13,30,34.125473118117455
13,31,32.341699365289735
13,32,29.185086245077443
13,33,26.95458995250239
13,34,26.310522907541863
13,35,23.41842818187275
13,36,23.396908056670025
13,37,20.137126151336282
13,38,20.059136948299088
13,39,18.038963542124232
13,40,19.41163840214896
13,41,19.74606473914056
13,42,21.97336217212993
13,43,24.407586830925283
13,44,25.182703525267705
13,45,26.219094657271697
13,46,25.584021038608608
13,47,28.80749093675426
13,48,27.787117461209533
13,49,24.487706588866335
13,50,23.88987327764655
13,51,23.300588462686985
13,52,22.111113893185657
13,53,23.291991033223592
13,54,22.104666274681193
13,55,23.970012574675163
13,56,23.362194658764384
13,57,19.579930228281466
13,58,17.243729276112084
13,59,14.075074226037206
13,60,13.280876753849993
13,61,10.750309862877272
13,62,11.092583170137688
13,63,12.725802577579639
13,64,11.893415893410486
13,65,12.862967269291284
13,66,15.305585510681373
13,67,14.230654818686686
13,68,15.78868490130255
13,69,16.713343574508997
13,70,17.027479712765953
13,71,16.453381323740718
13,72,17.728696396677844
13,73,17.75234558120522
13,74,20.292913866218868
13,75,21.23911115938043
13,76,24.548803286153117
13,77,26.21335272146494
13,78,29.567111933682305
13,79,31.339270154647046
13,80,32.64436668419627
13,81,34.877845488997075
13,82,37.16240391895984
13,83,36.650937999946656
13,84,37.74564644983084
13,85,35.176280359842444
13,86,34.640281546721276
13,87,34.3770117200336
13,88,31.11033671164925
13,89,29.661887353534464
13,90,29.148631212752505
13,91,25.860499132481216
13,92,23.029093724029824
13,93,22.841230783103597
13,94,20.951302690274428
13,95,17.5618714965897
13,96,16.27417105561159
13,97,13.704950915025575
13,98,13.873779396624045
13,99,11.710063712941922
13,100,11.129750372484779
13,101,14.092207398467478
14,1,40.886989033233306
14,2,37.4261878531153
14,3,34.06641802550775
14,4,32.196431826983584
14,5,29.184600811837996
14,6,26.08827371784191
14,7,23.423017891564868
14,8,20.095499616445018
14,9,16.782036697037203
14,10,13.261328318337556
14,11,10.121469155967153
14,12,6.404783516249596
14,13,3.774132886020582
14,15,3.805601858558729
14,16,5.952427116579599
14,17,8.354110177478672
14,18,11.34665249212491
14,19,14.754699945800441
14,20,16.546249293274453
14,21,20.266944779425
14,22,23.424029606756218
14,23,27.159025877688244
14,24,30.060725765622845
14,25,31.790533143109432
14,26,30.660535450354043
14,27,31.90626036127962
14,28,35.11763554780312
14,29,35.00043161176235
14,30,37.553316818823234
14,31,35.73486437384482
14,32,32.4720665021105
14,33,30.25237638426975
14,34,29.349372264339777
14,35,26.378930690194796
14,36,26.000252633626467
14,37,22.574044388332222
14,38,22.02218083983769
14,39,19.627049520749555
14,40,20.35740892294889
14,41,20.13461630405446
14,42,22.36452563685946
14,43,24.435270526771337
14,44,25.56191785390981
14,45,27.107562084547425
14,46,26.942409398611915
14,47,30.10361617456507
14,48,28.68413431209141
14,49,25.58112729421135
14,50,25.21386436363601
14,51,25.15312519854109
14,52,24.10554177386501
14,53,25.713840953785212
14,54,24.83443976917562
14,55,26.97523541532198
14,56,26.65943556721564
14,57,22.89115095043051
14,58,20.742570664057684
14,59,17.39785159981866
14,60,16.081046949661395
14,61,13.062720591275529
14,62,12.631299971575672
14,63,13.22892242407324
14,64,11.355129025018485
14,65,12.231619916726595
14,66,14.032254043993806
14,67,12.412562191047058
14,68,14.287247737802991
14,69,15.982085734293761
14,70,17.10959468454274
14,71,17.17892411762942
14,72,19.15421102420381
14,73,19.775879814897042
14,74,22.707425426627907
14,75,24.00144732576723
14,76,27.456362913573173
14,77,29.31605154558208
14,78,32.69021577627458
14,79,34.610401393196945
14,80,35.79250891171407
14,81,38.040044357859635
14,82,40.167108533468046
14,83,39.51264393042203
14,84,40.74325422941751
14,85,38.18597609704952
14,86,37.76399701057752
14,87,37.41227771032103
14,88,34.02432773590384
14,89,32.68366756840744
14,90,31.983439341070326
14,91,28.540817487302494
14,92,25.864202445281396
14,93,25.42835477077138
14,94,23.154746449643717
14,95,19.762583380112673
14,96,17.846420563700676
14,97,14.783102347811978
14,98,13.956040046621807
14,99,11.149032288563886
14,100,9.583656442834622
14,101,11.772314902211429
15,1,39.56953117775423
15,2,35.98954860873831
15,3,32.81765082841346
15,4,30.98749350503992
15,5,27.742134647063082
15,6,24.90079295100161
15,7,22.462974718617463
15,8,18.871967221735083
15,9,15.836982739340488
15,10,12.084090471492116
15,11,9.771031721801483
15,12,6.229848523351462
15,13,5.5020998622231545
15,14,3.805601858558729
15,16,3.791053070024893
15,17,6.233561143909409
15,18,9.848532896497371
15,19,13.231069739955982
15,20,15.768495190129252
15,21,19.451421870781544
15,22,22.929197822151405
15,23,26.529693788946904
15,24,29.644286798647197
15,25,31.542637112970603
15,26,30.549862837725048
15,27,31.49029103617269
15,28,34.777444967147915
15,29,34.76350305986845
15,30,37.02399465800747
15,31,34.916604320855974
15,32,31.47825695646007
15,33,29.0918040979971
15,34,27.76209048178759
15,35,24.618594496930374
15,36,23.761403003820508
15,37,20.193009022294653
15,38,19.20126988587576
15,39,16.59480009936642
15,40,16.97836441912816
15,41,16.67123869584593
15,42,19.118682142167746
15,43,20.941276983728763
15,44,21.991020997545014
15,45,23.713897694183547
15,46,23.71944028533104
15,47,26.780063195732904
15,48,25.161623862914833
15,49,22.15931324905764
15,50,21.960731585196065
15,51,22.247223404863515
15,52,21.4688228431462
15,53,23.48508259833942
15,54,23.105122176924926
15,55,25.656578512365968
15,56,25.825428988567925
15,57,22.118519452491945
15,58,20.132249369133465
15,59,16.555187084108507
15,60,14.608596933385106
15,61,11.450405366750005
15,62,10.045225212881144
15,63,10.173664974955976
15,64,7.915256677942729
15,65,8.434248180461974
15,66,10.332750348074265
15,67,9.151456555845279
15,68,11.401454462265319
15,69,12.784740620904289
15,70,14.122196415239976
15,71,14.070550069053015
15,72,16.335439623026954
15,73,17.210766719380143
15,74,20.402176540831988
15,75,21.965030571651376
15,76,25.537289289034238
15,77,27.647922108807276
15,78,31.042387627248512
15,79,33.2484728471234
15,80,34.35291996910451
15,81,36.77571233058517
15,82,38.79400474052359
15,83,37.815788173954736
15,84,39.05784479649062
15,85,36.42414219957256
15,86,36.08378886469127
15,87,35.56509840238275
15,88,32.03408824054314
15,89,30.888225783650544
15,90,30.037250607358533
15,91,26.44976201194396
15,92,24.094329171482677
15,93,23.65196119936069
15,94,21.009039559621424
15,95,17.864278915891532
15,96,15.617222033477894
15,97,12.626072230094008
15,98,11.55322865548831
15,99,8.293688702871911
15,100,7.515521868403214
15,101,9.744854010503705
16,1,36.78856931973271
16,2,33.26616093631576
16,3,30.135672430568135
16,4,28.615017057390393
16,5,25.469457825176047
16,6,22.499005795246585
16,7,20.4375392786621
16,8,16.940233915534183
16,9,14.328728214431594
16,10,10.71716116769156
16,11,8.650540013691927
16,12,5.893931362277412
16,13,5.458334843157054
16,14,5.952427116579599
16,15,3.791053070024893
16,17,3.797981024480507
16,18,6.909413910639019
16,19,10.55889836010009
16,20,13.1608538956326
16,21,16.89343978812864
16,22,20.366828512563373
16,23,23.928788502381185
16,24,27.225544864477392
16,25,28.872181332407532
16,26,27.64207555752031
16,27,28.318209676477128
16,28,31.509512113613294
16,29,31.34579583699406
16,30,33.50845435231687
16,31,31.433146868791503
16,32,27.951072267271563
16,33,25.707551961676277
16,34,24.355500612472895
16,35,21.372665120579732
16,36,20.706363009246342
16,37,17.28532234421451
16,38,16.73357004561302
16,39,14.66997801418017
16,40,15.7149573778722
16,41,16.261539845036218
16,42,19.119647352361888
16,43,20.96267855203819
16,44,21.3616078529915
16,45,22.70342491349457
16,46,22.169241788588693
16,47,25.07072071951902
16,48,23.587274434893423
16,49,20.273679583548763
16,50,19.535693540929756
16,51,19.490191303086714
16,52,18.297350610470588
16,53,20.10127914866615
16,54,19.523926098713208
16,55,22.038370675182072
16,56,22.29881200813448
16,57,18.634885188490774
16,58,16.953852528803683
16,59,13.27391988615816
16,60,11.076540811431459
16,61,7.739507605248399
16,62,6.764205623887819
16,63,7.452102707881075
16,64,6.514348111416859
16,65,8.131343005643284
16,66,11.168676936057246
16,67,11.20897875708832
16,68,13.617217040319405
16,69,14.096622298809473
16,70,14.842252955806757
16,71,13.791804814458306
16,72,15.405118010133434
16,73,15.50559055265544
16,74,18.35690183482248
16,75,19.42480857132919
16,76,22.845310978328577
16,77,24.667286674331187
16,78,27.920339373356374
16,79,29.990930730477928
16,80,30.904590212708314
16,81,33.2101844670256
16,82,35.14363616615792
16,83,34.2356532608014
16,84,35.59564172697169
16,85,33.091262134284904
16,86,32.93170967088336
16,87,32.65229986661038
16,88,29.192668099303233
16,89,28.279790594927157
16,90,27.78744650578773
16,91,24.291978592898243
16,92,22.078053860175554
16,93,22.191683093360783
16,94,19.766936975697217
16,95,16.887416975855
16,96,15.237003129895603
16,97,12.961822534651542
16,98,12.82902378395095
16,99,9.933191825523906
16,100,10.416342919282645
16,101,12.936037545683993
17,1,33.38746225431033
17,2,29.816320850083553
17,3,26.678034315116598
17,4,25.0049378120078
17,5,21.791779553409178
17,6,18.908789559351547
17,7,16.792158641717624
17,8,13.216945607233932
17,9,10.702923720626522
17,10,7.120359446066963
17,11,5.8651783795571175
17,12,4.612921741959875
17,13,6.514894738890736
17,14,8.354110177478672
17,15,6.233561143909409
17,16,3.797981024480507
17,18,3.7617935253402295
17,19,7.061076544506561
17,20,9.930403938749702
17,21,13.542657120902081
17,22,17.154105173195838
17,23,20.63622737579724
17,24,23.916924711024127
17,25,25.80561039349984
17,26,24.89050356975515
17,27,25.648630401047292
17,28,29.00689138863308
17,29,29.210079148193042
17,30,31.32522230697484
17,31,29.01437287375731
17,32,25.570918750568513
17,33,23.009349107693087
17,34,21.67362440219297
17,35,18.458992845309865
17,36,17.74709526387103
17,37,14.248573750795657
17,38,13.740032476803158
17,39,11.668984486915477
17,40,13.175956823872692
17,41,14.074455843130176
17,42,16.741067396643587
17,43,19.023154657787593
17,44,19.247462817709568
17,45,20.105000787501353
17,46,19.294202994112805
17,47,22.393187609770354
17,48,21.350770071365712
17,49,17.990770354521562
17,50,17.42149246590553
17,51,16.9733637552806
17,52,16.125185017715793
17,53,17.77473723119692
17,54,17.33106409083179
17,55,19.85760418307865
17,56,20.049793610080055
17,57,16.389661339260538
17,58,14.318087813756314
17,59,10.732980206814883
17,60,8.814723402784486
17,61,6.388108166433165
17,62,5.271900684770428
17,63,7.5785590857038505
17,64,7.774697409788147
17,65,8.255309614201682
17,66,11.433770754695752
17,67,11.791854544850441
17,68,13.41133747138225
17,69,12.996008259185059
17,70,12.784130166132979
