1,2,3.7988170819499687
1,3,6.904569417246687
1,4,8.956107221781952
1,5,10.7874770738937
1,6,8.499200094401612
1,7,7.897450831357747
1,8,11.669450766916036
1,9,12.4187715068814
1,10,10.99907752420418
1,11,12.594513237338202
1,12,15.688253022723723
1,13,16.713308895169664
1,14,19.042802583383402
1,15,21.42446836956439
1,16,24.19330468100904
1,17,24.823285331035553
1,18,27.636835396596698
1,19,29.391841960135135
1,20,28.21120305377193
1,21,30.14972884675908
1,22,29.429656672089656
1,23,28.6156188072003
1,24,25.84492006627324
1,25,24.18593313464253
1,26,24.759510596661794
1,27,22.913546209903036
1,28,19.993797523062877
1,29,19.07923799429041
1,30,18.986180708765545
1,31,17.08450474237689
1,32,14.10709158083799
1,33,13.997002336160552
1,34,15.8671184173164
1,35,18.810773645739296
1,36,18.016246371932446
1,37,19.84343360080023
1,38,21.296229008433148
1,39,19.771679582312064
1,40,22.836515360022872
1,41,22.13483137983954
1,42,19.74475040962819
1,43,20.672842951951097
1,44,19.788923498638987
1,45,21.00679525600912
1,46,22.943476582113625
1,47,24.447114200926844
1,48,23.001349273895656
1,49,19.97110387051006
1,50,22.21441202664215
1,51,24.1823121868285
1,52,21.254744832085404
1,53,20.11757041230772
1,54,23.818052133094888
1,55,23.896494638336243
1,56,22.065395865591487
1,57,23.930671497497453
1,58,25.912101711860302
1,59,29.143608598053664
1,60,27.694210041384103
1,61,24.542942587387408
1,62,25.857543935380498
1,63,23.200343535575136
1,64,23.91481909477407
1,65,22.65473646828854
1,66,20.568659410006966
1,67,22.974197505952286
1,68,23.599967930132227
1,69,25.181629092725448
1,70,27.090887328278114
1,71,26.97727207747612
1,72,30.4293558314012
1,73,30.557546435217784
1,74,29.817088515025755
1,75,27.14558718643184
1,76,27.373780440153986
1,77,25.075634791627195
1,78,25.057370259002752
1,79,24.49141816079622
1,80,24.066359858875465
1,81,25.8501474751027
1,82,26.298044648597855
1,83,30.029491777704163
1,84,32.19157300368718
1,85,29.885396924050475
1,86,28.369872849244604
1,87,25.761901682076235
1,88,24.48514087784419
1,89,24.512161237093487
1,90,26.544189651400544
1,91,25.306855272254765
1,92,27.928682467480257
1,93,27.051976101784806
1,94,29.05436324388605
1,95,28.10364700391896
1,96,29.511295987928943
1,97,29.431992735274445
1,98,29.91793993019488
1,99,30.508455466919187
1,100,29.8494285645237
1,101,28.23186164184371
1,102,24.800535171659234
1,103,23.746898164897466
1,104,20.425622867496074
1,105,19.279258339638663
1,106,19.199630797720268
1,107,18.12690348453453
1,108,18.595353672976202
1,109,19.930425200708743
1,110,16.834914323774683
1,111,16.485448129732063
1,112,13.847023836536492
1,113,15.292058423485802
1,114,17.9538813047265
1,115,20.96655383420541
1,116,20.930968810281147
1,117,24.19654370335823
1,118,26.417080303701585
1,119,26.127288515423533
1,120,27.688877868046845
1,121,31.117812210529475
1,122,33.758112031277626
2,1,3.7988170819499687
2,3,3.8036293604519327
2,4,6.909587294924474
2,5,8.04908577478029
2,6,6.137621770953543
2,7,7.079367530725191
2,8,10.343760809655397
2,9,10.991594166608806
2,10,10.744120203845021
2,11,12.703087332681461
2,12,15.08664014872066
2,13,15.65252576503464
2,14,18.222957803207287
2,15,20.120924838294517
2,16,23.232552834452605
2,17,24.376000605221112
2,18,27.431401010032317
2,19,29.29944519371178
2,20,28.158706023890662
2,21,30.490187698097316
2,22,30.213891467876078
2,23,29.554456888967945
2,24,26.454592322755
2,25,25.039667771536774
2,26,26.117494640086676
2,27,24.15159415523943
2,28,20.913427739920785
2,29,20.44793309533159
2,30,20.839771855894664
2,31,18.598161825127903
2,32,15.472027914651346
2,33,16.17457326518669
2,34,17.817702353118673
2,35,21.128993577042838
2,36,20.835024247038827
2,37,22.53880374427932
2,38,23.531742155780552
2,39,21.56589740322589
2,40,24.28932516784355
2,41,23.04526839137715
2,42,20.28124857793011
2,43,20.543159864533703
2,44,19.31180697162513
2,45,19.840582914424587
2,46,21.607733590030605
2,47,22.652695400242436
2,48,20.774278860657105
2,49,17.465363839427436
2,50,19.285488344036555
2,51,21.483946005096946
2,52,18.70826222055681
2,53,17.10126976052753
2,54,20.738276898555874
2,55,21.105872235952855
2,56,19.05381436189722
2,57,20.58799587181455
2,58,22.482601353362046
2,59,25.59333705380666
2,60,24.046931581749767
2,61,20.908446517873763
2,62,22.40630870627607
2,63,19.978196349460866
2,64,20.929235662240036
2,65,20.08460990507033
2,66,18.146457393534597
2,67,20.688783060755544
2,68,21.592620335454516
2,69,22.95954855667402
2,70,25.048166493840604
2,71,24.697752325259533
2,72,27.997547329691365
2,73,28.26823047152864
2,74,27.916162778403603
2,75,25.436866700031434
2,76,26.068625823255676
2,77,24.176048721516214
2,78,24.727252742851658
2,79,24.546287982580104
2,80,24.697432342152435
2,81,26.772492153983972
2,82,27.724773842469133
2,83,31.510375101138564
2,84,33.981298035512786
2,85,31.886071170804787
2,86,30.6292463350876
2,87,28.23707905840737
2,88,27.200596204603656
2,89,27.12591939246186
2,90,28.946619904097357
2,91,27.431516143415482
2,92,29.708613100688407
2,93,28.384721828983857
2,94,29.959958237955103
2,95,28.553676197306295
2,96,29.57116883354529
2,97,29.059507974904907
2,98,29.129791917220242
2,99,29.255108813296143
2,100,28.428021744393053
2,101,26.537151626461377
2,102,23.21575894590941
2,103,22.141758627034825
2,104,18.612827409412603
2,105,17.2918481844526
2,106,16.58730841273247
2,107,15.190680623707362
2,108,15.206730299366413
2,109,16.525952629198763
2,110,13.63205479758123
2,111,13.893156927631756
2,112,11.684594842920587
2,113,13.93029361505026
2,114,16.853612367010406
2,115,20.144109909133515
2,116,20.67914612882681
2,117,24.091871781617506
2,118,25.893151954816442
2,119,25.845357567100965
2,120,27.84871575778627
2,121,31.04236156565879
2,122,33.98491560054897
3,1,6.904569417246687
3,2,3.8036293604519327
3,4,3.773470414024242
3,5,5.211821626488453
3,6,5.265236583651915
3,7,6.400905475440951
3,8,8.573105522881088
3,9,10.077627764839397
3,10,10.975594402718045
3,11,12.277008710116812
3,12,13.976255497098046
3,13,14.774126606367918
3,14,17.86613389649045
3,15,19.638941293771175
3,16,23.0674628269077
3,17,24.323832076973215
3,18,27.67943297117593
3,19,29.266568671774763
3,20,27.80967877393452
3,21,30.27660722562611
3,22,30.1980838149625
3,23,29.982575572887395
3,24,26.73770777874662
3,25,25.1832682973542
3,26,26.731393635016726
3,27,25.071256940346775
3,28,21.557885946786616
3,29,21.03370765778603
3,30,22.077454483078274
3,31,20.040434672078362
3,32,16.597036826682984
3,33,17.590344830811624
3,34,18.536345417891148
3,35,22.095457090044427
3,36,22.0908582061036
3,37,23.41347894341005
3,38,24.039061458813936
3,39,21.548620560801808
3,40,23.785489760894382
3,41,22.214744550269906
3,42,19.41942337560274
3,43,19.317010654336936
3,44,18.291593426145614
3,45,18.38813057813364
3,46,20.442261823390677
3,47,21.418790227211595
3,48,19.509336649978458
3,49,15.939444970762816
3,50,17.34118716651954
3,51,19.244958370204
3,52,16.264501918166985
3,53,14.412335474159296
3,54,17.88293403107405
3,55,17.956528553173932
3,56,15.641257748825083
3,57,17.309765996553033
3,58,19.069182648368724
3,59,22.30708798957887
3,60,20.926469845783405
3,61,17.85595792173056
3,62,19.237633096310727
3,63,16.678212054783636
3,64,17.331004375139177
3,65,16.41006082928979
3,66,14.380361322808072
3,67,16.932871042752566
3,68,17.99380270929228
3,69,19.44093926873875
3,70,21.761462390860984
3,71,21.585869748969078
3,72,24.908647883348056
3,73,25.521022769873472
3,74,25.45982618058317
3,75,23.34622407833195
3,76,24.44936601057068
3,77,22.69318376480031
3,78,23.67089571525407
3,79,23.46295894023847
3,80,24.115287713424085
3,81,26.121121644265784
3,82,27.446066822248223
3,83,31.26398977195703
3,84,33.90732369128751
3,85,31.876959371162616
3,86,31.059165973791483
3,87,28.75984682771167
3,88,28.20460406870817
3,89,28.370101254143943
3,90,30.10786710742372
3,91,28.15804455848762
3,92,30.09956285392839
3,93,28.40191532951571
3,94,29.62679430896207
3,95,27.97840605788811
3,96,28.519225241685977
3,97,27.879407448070346
3,98,27.499728402296522
3,99,27.32360383215447
3,100,26.101446625962556
3,101,23.864862516856366
3,102,20.502744101573597
3,103,19.111396883875287
3,104,15.436632753137939
3,105,13.7841574404839
3,106,12.885887809569965
3,107,11.412878190181642
3,108,11.701812647966474
3,109,13.13862343677952
3,110,10.302281769921043
3,111,10.602926056667824
3,112,8.290047259263034
3,113,11.009967193951391
3,114,14.26661987836377
3,115,17.50642844333693
3,116,18.62136499474102
3,117,21.94153220311124
3,118,23.5268992838437
3,119,23.908420023713514
3,120,26.106539761480843
3,121,29.11800811133858
3,122,32.27859921506356
4,1,8.956107221781952
4,2,6.909587294924474
4,3,3.773470414024242
4,5,3.829437391159851
4,6,5.553311454673954
4,7,5.110057675465023
4,8,6.035384679596293
4,9,8.745985252495531
4,10,10.041970505750355
4,11,10.235073421310446
4,12,11.54999392887899
4,13,13.027860852862771
4,14,16.52180094837973
4,15,18.58806603287502
4,16,22.065618415215642
4,17,23.003974891140874
4,18,26.524719745792563
4,19,27.671910999798534
4,20,25.81239701854524
4,21,28.161576510743007
4,22,28.042923814713948
4,23,28.25170346206772
4,24,25.048753805107275
4,25,23.200315113757426
4,26,25.025082226041455
4,27,23.802967321401255
4,28,20.16749266471316
4,29,19.362796993042384
4,30,20.957869785400565
4,31,19.352063169456745
4,32,15.669265868691559
4,33,16.69870721176684
4,34,16.89112140639536
4,35,20.55113593701514
4,36,20.82165492200211
4,37,21.75962066234833
4,38,22.01768030013912
4,39,19.139556133236635
4,40,20.962962328461963
4,41,19.225984049561784
4,42,16.54802417178602
4,43,16.408117177310647
4,44,15.85362291127719
4,45,16.028734826664802
4,46,18.58156987712054
4,47,19.95601299356511
4,48,18.533954346107542
4,49,15.0579460291732
4,50,16.573046153100716
4,51,17.767017272600743
4,52,14.37893739304911
4,53,13.045925909470311
4,54,16.391718409275505
4,55,15.748788380408284
4,56,13.670725595529806
4,57,16.040172667589978
4,58,17.996259559950907
4,59,21.549935066694268
4,60,20.739659856798358
4,61,18.01595197668209
4,62,19.272822244656066
4,63,16.521629099456998
4,64,16.33243847886923
4,65,14.827404482670547
4,66,12.153901983649742
4,67,14.188041101845485
4,68,14.774034340500673
4,69,16.340319766508077
4,70,18.556580828531924
4,71,18.725351255667626
4,72,22.24525498277882
4,73,22.97067829141466
4,74,22.756011546153
4,75,20.810670060513534
4,76,22.030864107966913
4,77,20.065036125125115
4,78,21.074378528615412
4,79,20.58836116720122
4,80,21.45540794026359
4,81,23.26149164321406
4,82,24.77464138125515
4,83,28.580704368168742
4,84,31.29811445269713
4,85,29.321351936713775
4,86,28.86367069153022
4,87,26.682186544350273
4,88,26.560648692343282
4,89,26.957355102962502
4,90,28.617182045232514
4,91,26.29420021752263
4,92,27.958208998960693
4,93,26.03836096323322
4,94,27.07070567399986
4,95,25.40383750187531
4,96,25.66970290423903
4,97,25.177888068046514
4,98,24.63321732682996
4,99,24.52975023756682
4,100,23.06557229891893
4,101,20.758250620462483
4,102,17.242659060671645
4,103,15.638182545003017
4,104,12.015310982350709
4,105,10.457170761478402
4,106,10.287328794959203
4,107,9.70885031028848
4,108,11.157493165654428
4,109,12.180541131398634
4,110,8.969032461002401
4,111,8.050402650641063
4,112,5.001038661585715
4,113,7.289562519980188
4,114,10.655134803282408
4,115,13.770160309379682
4,116,15.022155242586129
4,117,18.26026243612473
4,118,19.85255469916751
4,119,20.42420424555616
4,120,22.597901535467905
4,121,25.567544919511892
4,122,28.775055801757542
5,1,10.7874770738937
5,2,8.04908577478029
5,3,5.211821626488453
5,4,3.829437391159851
5,6,3.7735446745176375
5,7,5.386983442756759
5,8,4.9225763401357
5,9,6.425119814448043
5,10,8.915986933158285
5,11,9.851968021427703
5,12,10.222570370754806
5,13,10.691825289924509
5,14,14.080263788838957
5,15,15.59001673413264
5,16,19.22812061279011
5,17,20.632052309345095
5,18,24.222383511000967
5,19,25.58225661805931
5,20,23.98657655028552
5,21,26.71689545554842
5,22,27.086060502878844
5,23,27.203105326085847
5,24,23.73748027441439
5,25,22.38305353550689
5,26,24.54122249399607
5,27,23.01786996038347
5,28,19.270944073623482
5,29,19.17735916886978
5,30,20.95037607748973
5,31,18.89571797614515
5,32,15.439348756858427
5,33,17.293643277326975
5,34,17.684143694844103
5,35,21.481178009651337
5,36,22.336015792187425
5,37,23.441676636705324
5,38,23.2197562493088
5,39,20.318880070214014
5,40,22.001461099085926
5,41,19.72107297273122
5,42,16.549161708519698
5,43,15.598717817110812
5,44,14.28528517196018
5,45,13.734161139311057
5,46,15.80106587212225
5,47,16.697021601715818
5,48,14.94290728974303
5,49,11.358513846547426
5,50,12.817899905621218
5,51,14.272429645671723
5,52,11.11750256715115
5,53,9.64008229226888
5,54,13.210189162860924
5,55,13.141199668821917
5,56,11.390528816283528
5,57,13.5034448092608
5,58,15.971212697824658
5,59,19.470606434860713
5,60,18.883737576565643
5,61,16.511323912047537
5,62,18.450205673258207
5,63,16.331269124335932
5,64,16.33452927324201
5,65,15.497354031492101
5,66,12.743847998854877
5,67,14.348162827354836
5,68,14.66670796546763
5,69,15.355999159097218
5,70,17.24555603901537
5,71,16.678483561856787
5,72,19.95316649221477
5,73,20.367044608414545
5,74,20.285615435383907
5,75,18.219194803399372
5,76,19.538520122504593
5,77,18.065099738866145
5,78,19.5239218486916
5,79,19.710988281223315
5,80,20.995349558675233
5,81,23.313634433936056
5,82,25.25059354859386
5,83,28.97929487794854
5,84,31.995987743363013
5,85,30.421891522452402
5,86,29.936722708114072
5,87,28.156862865104383
5,88,27.937266118927425
5,89,27.889919488610545
5,90,29.217319417150527
5,91,26.87960095637764
5,92,28.221581615856504
5,93,25.972226298658388
5,94,26.603328603654223
5,95,24.485481043454705
5,96,24.58507890809862
5,97,23.557915052466996
5,98,22.83762003742411
5,99,22.36286277462789
5,100,21.119674511086192
5,101,18.886487503549354
5,102,15.695157058232363
5,103,14.717608925419912
5,104,11.170739547350678
5,105,10.357462130225432
5,106,9.463054813180722
5,107,9.244850242121029
5,108,10.045609421150306
5,109,10.020948583656985
5,110,6.40880223346204
5,111,5.949527224068067
5,112,4.846280410755462
5,113,7.73281475858614
5,114,10.390612532075234
5,115,13.991051492448138
5,116,15.315858190009063
5,117,18.827028885270824
5,118,19.752974946081416
5,119,20.051880217557628
5,120,22.727217760961096
5,121,25.38440203156685
5,122,28.748072925332426
6,1,8.499200094401612
6,2,6.137621770953543
6,3,5.265236583651915
6,4,5.553311454673954
6,5,3.7735446745176375
6,7,3.797551905406102
6,8,5.358208647414787
6,9,5.1706472468462135
6,10,6.465331087600015
6,11,8.630687941588961
6,12,9.892740646869722
6,13,9.902495061294744
6,14,12.731271527765212
6,15,14.44942148909616
6,16,17.821864064643115
6,17,19.159231847863225
6,18,22.5029450788819
6,19,24.2234300046994
6,20,22.9984392668913
6,21,25.668811780257727
6,22,25.902710298502328
6,23,25.52433933968784
6,24,22.10248387189481
6,25,20.963777057753003
6,26,22.734993824449845
6,27,20.802984679003767
6,28,17.204417236386295
6,29,17.33482442305216
6,30,18.5691771518323
6,31,16.145747618693616
6,32,12.894557662616622
6,33,14.832534244213303
6,34,15.93045587591633
6,35,19.638957991947017
6,36,20.450247445835412
6,37,21.963627195224785
6,38,21.93088753619958
6,39,19.49498432432666
6,40,21.70516944552095
6,41,19.639570986218665
6,42,16.337618926701733
6,43,15.707467952153902
6,44,13.967503718538854
6,45,13.952218863562644
6,46,15.61048703876556
6,47,16.612848531292858
6,48,14.89187734130151
6,49,11.625651209299479
6,50,13.81319354904191
6,51,15.686246779701442
6,52,12.869565280383137
6,53,11.840247063869903
6,54,15.61241446725285
6,55,15.989223535791348
6,56,14.683961655075002
6,57,16.557468920887306
6,58,19.21051807621728
6,59,22.547693891068192
6,60,21.795681212914747
6,61,19.34519529423778
6,62,21.48480751173313
6,63,19.488274260099875
6,64,19.848569557857413
6,65,19.091158312929238
6,66,16.428661158581075
6,67,18.06541631676071
6,68,18.178635199664306
6,69,18.731209503811506
6,70,20.243735744986534
6,71,19.401623097084755
6,72,22.590696509338507
6,73,22.48845725673224
6,74,21.98690346823867
6,75,19.39271919719463
6,76,20.053731228465605
6,77,18.419420552163132
6,78,19.376632776906128
6,79,19.698401140012535
6,80,20.455179835880127
6,81,22.99364891466399
6,82,24.62762888474146
6,83,28.351105498011076
6,84,31.28429593714356
6,85,29.72737548379899
6,86,28.784614290235634
6,87,27.008139172325965
6,88,26.305906189092347
6,89,25.904235225997642
6,90,27.226320994643526
6,91,25.263734125745696
6,92,26.878541832827118
6,93,24.915045783058385
6,94,25.86105930846611
6,95,23.912395156914812
6,96,24.563076003955526
6,97,23.611800745098662
6,98,23.449160343293382
6,99,23.343083561781913
6,100,22.66411912607113
6,101,20.94083688590156
6,102,17.859170224544428
6,103,17.395371406402994
6,104,14.130589846001504
6,105,13.79825083317252
6,106,13.192579074285389
6,107,12.942616878128462
6,108,13.332178958626816
6,109,13.256579168045135
6,110,9.715248295867156
6,111,9.332729120530887
6,112,8.25666695289176
6,113,10.32452867907924
6,114,12.472372951365909
6,115,16.16961979161874
6,116,16.701123462426924
6,117,20.40156359117563
6,118,21.536843820674015
6,119,21.22990141632727
6,120,23.742504561801393
6,121,26.59727510905369
6,122,29.72790949666601
7,1,7.897450831357747
7,2,7.079367530725191
7,3,6.400905475440951
7,4,5.110057675465023
7,5,5.386983442756759
7,6,3.797551905406102
7,8,3.833221514337356
7,9,5.287911968459689
7,10,5.126088821500471
7,11,5.907553532145973
7,12,8.154217178138818
7,13,9.515314419753421
7,14,12.581708201124176
7,15,15.146583889439782
7,16,18.263991995013438
7,17,18.848605712119046
7,18,22.16457757012496
7,19,23.44881258892224
7,20,21.814388846323336
7,21,24.061855288030376
7,22,23.830223538385873
7,23,23.661546980137686
7,24,20.492224903250822
7,25,18.797337346845882
7,26,20.394280543478718
7,27,18.89905693788766
7,28,15.324549680554778
7,29,14.73192083050932
7,30,16.109034263922577
7,31,14.283043303213308
7,32,10.659182259226672
7,33,12.051858514568778
7,34,12.674580642174956
7,35,16.403998848830682
7,36,17.089430108332326
7,37,18.40347713281902
7,38,18.432936185788968
7,39,15.918498130910026
7,40,18.2026129921184
7,41,16.42687851071452
7,42,13.408992986836736
7,43,13.472054146946135
7,44,12.464785934011813
7,45,13.363031383287192
7,46,15.69692087155149
7,47,17.511411040017933
7,48,16.567174304436215
7,49,13.644194068453949
7,50,16.19367265473556
7,51,17.368129282896298
7,52,14.128860300212011
7,53,13.829742362371416
7,54,17.482967531884633
7,55,17.09029168564978
7,56,16.02069935551546
7,57,18.538900470080666
7,58,21.18854484301635
7,59,24.762945091443964
7,60,24.26860669847911
7,61,21.840807528735393
7,62,23.613172740705284
7,63,21.200641771337715
7,64,21.02155856875782
7,65,19.587018403924414
7,66,16.582787014745893
7,67,17.93408017494452
7,68,17.60866539592606
7,69,18.537267942031193
7,70,19.876408014545838
7,71,19.56794198102259
7,72,23.04337961216856
7,73,22.95516019470491
7,74,22.002393213089224
7,75,19.35587996552095
7,76,19.722713422174735
7,77,17.44549547981527
7,78,17.842148983025087
7,79,17.50948627264944
7,80,17.877515891622167
7,81,20.049492911027713
7,82,21.41505535938398
7,83,25.198705425311417
7,84,27.977056877199512
7,85,26.224871281365676
7,86,25.343969922843588
7,87,23.4219939457646
7,88,22.883484733482607
7,89,22.775844073498153
7,90,24.25408739058024
7,91,22.146474953227475
7,92,23.88539413407813
7,93,22.085513741067132
7,94,23.312222509497857
7,95,21.74112202589287
7,96,22.56676992464618
7,97,22.161031059541166
7,98,22.274069228681068
7,99,22.69002766408976
7,100,21.95421763009397
7,101,20.406310200166736
7,102,17.048093952246845
7,103,16.393619716636145
7,104,13.348790097114101
7,105,13.185504422424701
7,106,13.62574007064886
7,107,13.946624941550466
7,108,15.246364398686504
7,109,15.326259299513435
7,110,11.606869331136078
7,111,10.029251421823755
7,112,7.95172285789698
7,113,8.706700985352766
7,114,10.658859036294642
7,115,14.067127694946223
7,116,14.0766625463573
7,117,17.6956057766256
7,118,19.319872272645068
7,119,18.923418928387925
7,120,21.02653859880757
7,121,24.157734349616028
7,122,27.09567550693011
8,1,11.669450766916036
8,2,10.343760809655397
8,3,8.573105522881088
8,4,6.035384679596293
8,5,4.9225763401357
8,6,5.358208647414787
8,7,3.833221514337356
8,9,3.803239327048638
8,10,5.723047915448621
8,11,5.244541541466174
8,12,5.583997947718508
8,13,7.192586265180701
8,14,10.828222033991167
8,15,13.242760359352788
8,16,16.573048851553537
8,17,17.209036449054672
8,18,20.79755174349458
8,19,21.734066734714204
8,20,19.804338508180805
8,21,22.251617831685966
8,22,22.384557044199948
8,23,22.686886463358395
8,24,19.350733778779706
8,25,17.693051752957828
8,26,19.92151645151613
8,27,18.739860270015292
8,28,14.96516020905061
8,29,14.613992682840331
8,30,16.787042968562332
8,31,15.170092939061735
8,32,11.613314017074735
8,33,13.582343734387203
8,34,13.400960937503449
8,35,17.21712048315903
8,36,18.52852114195124
8,37,19.45922396621017
8,38,18.780987620959838
8,39,15.789889496515183
8,40,17.362886713488088
8,41,14.940936839866817
8,42,11.66461734599828
8,43,10.887887189676613
8,44,9.867507349442917
8,45,10.202033278398885
8,46,12.88115664828621
8,47,14.786042314248048
8,48,14.135303468544965
8,49,11.293557719182443
8,50,13.765303286632506
8,51,14.30286147482853
8,52,10.834150698830129
8,53,11.081592451802118
8,54,14.523546191867363
8,55,13.742540502008465
8,56,13.152151088653095
8,57,16.02930678594615
8,58,18.94771966370401
8,59,22.627809097883
8,60,22.6740380641493
8,61,20.716017431127362
8,62,22.62195663658442
8,63,20.419222742527882
8,64,19.75919246002871
8,65,18.309732035925247
8,66,14.958695564766355
8,67,15.609166865699937
8,68,14.741379606837235
8,69,15.215909021159264
8,70,16.240554715643718
8,71,15.832483665459106
8,72,19.32090185428015
8,73,19.212234442364437
8,74,18.249795774805225
8,75,15.754839327327025
8,76,16.42415127952855
8,77,14.271672686619008
8,78,15.166091502361374
8,79,15.026756602761207
8,80,16.107319527474623
8,81,18.42365013850493
8,82,20.383759329561826
8,83,24.090825341073963
8,84,27.16404753418956
8,85,25.738927974826
8,86,25.305700140189575
8,87,23.77526422822802
8,88,23.70047848292156
8,89,23.604123308926653
8,90,24.770463241195742
8,91,22.241351800056837
8,92,23.39990215494271
8,93,21.07347499495714
8,94,21.721942635426185
8,95,19.735525028981264
8,96,20.018285028951308
8,97,19.336685514500942
8,98,19.02460094878547
8,99,19.17858156403042
8,100,18.241162180655447
8,101,16.58667209040048
8,102,13.25373540537749
8,103,12.785166258219165
8,104,9.90953689155204
8,105,10.43826470111539
8,106,11.159089600426997
8,107,12.38438605611058
8,108,14.11092323761868
8,109,13.449583425904054
8,110,9.64478761315139
8,111,7.201342199948479
8,112,5.963801500413631
8,113,6.099548796980821
8,114,7.3690674416931445
8,115,11.052248569504952
8,116,11.377145911474216
8,117,15.115036338886188
8,118,16.211404264319384
8,119,15.925474305751276
8,120,18.445104356840243
8,121,21.279546941022218
8,122,24.453868150836982
9,1,12.4187715068814
9,2,10.991594166608806
9,3,10.077627764839397
9,4,8.745985252495531
9,5,6.425119814448043
9,6,5.1706472468462135
9,7,5.287911968459689
9,8,3.803239327048638
9,10,3.8314472545304104
9,11,5.466236633505416
9,12,5.29486371375826
9,13,4.745646744757479
9,14,7.865288077144684
9,15,10.00829152013371
9,16,13.353638132449683
9,17,14.38955983913703
9,18,17.909908986444563
9,19,19.330926146716656
9,20,17.94495557260914
9,21,20.724191801586333
9,22,21.2284736367794
9,23,21.065505884025292
9,24,17.50574667725052
9,25,16.530027377008764
9,26,18.774255943111356
9,27,17.00069422146562
9,28,13.2429264617194
9,29,13.828117707990195
9,30,15.738861195384185
9,31,13.447961044190443
9,32,10.375712932018665
9,33,13.173441662978382
9,34,13.686099231029113
9,35,17.416877563528324
9,36,19.136865073905216
9,37,20.45908184499856
9,38,19.56497589647727
9,39,16.992763383795253
9,40,18.779646121092533
9,41,16.16218343889804
9,42,12.5077413707281
9,43,11.215378340487861
9,44,8.963633182597846
9,45,8.953497046304637
9,46,10.68606060651183
9,47,12.263839129719054
9,48,11.424060164887118
9,49,8.8844346029047
9,50,11.974639268793451
9,51,12.967443428739735
9,52,10.115921551630644
9,53,10.682658682838719
9,54,14.259855404204544
9,55,14.303480805130052
9,56,14.249148203914226
9,57,16.626416233294503
9,58,19.899309056097845
9,59,23.353475888376266
9,60,23.419488244396547
9,61,21.65445886636563
9,62,24.058271222975527
9,63,22.315500096176123
9,64,22.044443276966415
9,65,21.09488571668385
9,66,17.88749390648274
9,67,18.476663046924358
9,68,17.531822115654347
9,69,17.345608571254697
9,70,17.911838645182815
9,71,16.724710248019843
9,72,19.826537530672695
9,73,19.086861377073838
9,74,17.951962674567948
9,75,14.965225559139647
9,76,15.15686261895736
9,77,13.400555405059366
9,78,14.318662986887292
9,79,14.998259441420705
9,80,16.03679635445734
9,81,18.947341361793537
9,82,21.007089531133385
9,83,24.57131984200607
9,84,27.78924669168732
9,85,26.721847479922754
9,86,25.95029948392363
9,87,24.761760159286002
9,88,24.271917465331086
9,89,23.56732324753369
9,90,24.430761173814364
9,91,22.194438036260948
9,92,23.250757919405416
9,93,20.873553251229065
9,94,21.37727130642813
9,95,19.11614620126977
9,96,19.667238891176773
9,97,18.529881569656073
9,98,18.498505749998937
9,99,18.584201387648488
9,100,18.318335046419875
9,101,17.159927869936844
9,102,14.353148208329777
9,103,14.787042978540805
9,104,12.314166175689438
9,105,13.39872717354851
9,106,13.574149035409489
9,107,14.694301203480215
9,108,15.695836432732895
9,109,14.483587442570133
9,110,10.742921296500947
9,111,9.048475276814088
9,112,9.053202770884573
9,113,9.603514382189672
9,114,10.094102367617575
9,115,13.803041043813225
9,116,13.694621149774644
9,117,17.528517621810764
9,118,18.183962730171494
9,119,17.26908283660531
9,120,20.009953169644117
9,121,22.63388343900962
9,122,25.70840421879043
10,1,10.99907752420418
10,2,10.744120203845021
10,3,10.975594402718045
10,4,10.041970505750355
10,5,8.915986933158285
10,6,6.465331087600015
10,7,5.126088821500471
10,8,5.723047915448621
10,9,3.8314472545304104
10,11,3.829997445590504
10,12,5.906077729336173
10,13,6.1493957391715135
10,14,8.206256198148147
10,15,11.143106667530104
10,16,13.773718624523395
10,17,14.093145279267056
10,18,17.223851791546803
10,19,18.710160317915243
10,20,17.441932980142173
10,21,19.77675791469363
10,22,19.740891887437964
10,23,19.167322403554547
10,24,15.868575795370578
10,25,14.686525677131595
10,26,16.305836091494985
10,27,14.355700261530314
10,28,10.751152358949536
10,29,11.039385392323876
10,30,12.39535722727955
10,31,10.032515679665426
10,32,6.804401228836554
10,33,9.51231710251777
10,34,10.573313789894517
10,35,14.201887399173096
10,36,15.802405835998028
10,37,17.42394544902125
10,38,16.792034582331393
10,39,14.719819192452313
10,40,17.099925534564743
10,41,15.003276248189064
10,42,11.557570058865728
10,43,11.26755721956893
10,44,9.324456975387326
10,45,10.677198847154612
10,46,12.358832309115233
10,47,14.451859125705576
10,48,14.09954591063736
10,49,12.118215889626159
10,50,15.474855399251144
10,51,16.480289750051995
10,52,13.761197455995013
10,53,14.50988673642237
10,54,18.074148794414626
10,55,18.008050648005923
10,56,17.945867735392017
10,57,20.401359049552102
10,58,23.589048340931416
10,59,27.067025224961235
10,60,26.965555727239025
10,61,24.97085300544334
10,62,27.227499567956738
10,63,25.237613962935317
10,64,25.027693814226346
10,65,23.800228971784605
10,66,20.580700680273246
10,67,21.321975884057814
10,68,20.30621537907306
10,69,20.451233406867043
10,70,20.912524377293746
10,71,19.990855071376313
10,72,23.163976153746077
10,73,22.242632213493394
10,74,20.6706755406219
10,75,17.429842199318465
10,76,16.91317811489964
10,77,14.626016142785296
10,78,14.551840963307829
10,79,14.803108257412028
10,80,14.908804371916679
10,81,17.7087266313096
10,82,19.195945807799998
10,83,22.780742566818397
10,84,25.762979439366127
10,85,24.544885836302818
10,86,23.343754557772012
10,87,22.034455541765816
10,88,21.146553968608828
10,89,20.27272627781594
10,90,21.259539744082186
10,91,19.337128820008306
10,92,20.812811870590135
10,93,18.900808701311405
10,94,19.989638448442356
10,95,18.249426935827767
10,96,19.51230411010947
10,97,18.91050694946161
10,98,19.60480901794887
10,99,20.365506604371582
10,100,20.468747414277797
10,101,19.752472685648662
10,102,16.895190610460563
10,103,17.34378071434589
10,104,15.07240815803416
10,105,16.09604969664563
10,106,16.724688791367424
10,107,17.7009878141852
10,108,18.82019176342003
10,109,18.017777037787965
10,110,14.229382212051886
10,111,12.429644397867463
10,112,11.581384420993418
10,113,11.57126239782668
10,114,11.964949166120157
10,115,15.336431091242337
10,116,14.392624545550833
10,117,18.146968841757317
10,118,19.341972473636964
10,119,17.97776167127852
10,120,20.181403740607124
10,121,23.141022062682552
10,122,25.831816257309903
11,1,12.594513237338202
11,2,12.703087332681461
11,3,12.277008710116812
11,4,10.235073421310446
11,5,9.851968021427703
11,6,8.630687941588961
11,7,5.907553532145973
11,8,5.244541541466174
11,9,5.466236633505416
11,10,3.829997445590504
11,12,3.804509159489934
11,13,6.355614678204483
11,14,8.956049595476502
11,15,12.403157236359922
11,16,14.872061352640868
11,17,14.461946269194206
11,18,17.688050287062
11,19,18.402259505914095
11,20,16.418778056435915
11,21,18.359574903491833
11,22,17.975825824100554
11,23,18.040313045405064
11,24,14.966182142246987
11,25,13.004726849419407
11,26,14.865504330586836
11,27,13.787740775955385
11,28,10.113103547227002
11,29,9.400497234392382
11,30,11.616409345748057
11,31,10.384243681765474
11,32,6.811269000420404
11,33,8.879008942907392
11,34,8.49578115031517
11,35,12.277748374506942
11,36,14.078112468672908
11,37,15.146744514906526
11,38,14.148531456166038
11,39,11.548592642843683
11,40,13.578639889451058
11,41,11.381952485573443
11,42,8.022857901208571
11,43,8.228501469818942
11,44,7.423564132879813
11,45,9.61440426398435
11,46,12.257498758429488
11,47,15.0639884003617
11,48,15.429175363271495
11,49,13.619198359777343
11,50,16.857139266963674
11,51,17.063496822343616
11,52,13.940345319011374
11,53,15.201511318215546
11,54,18.486609476262206
11,55,17.62468673340836
11,56,17.768788023459816
11,57,20.758057571105667
11,58,23.886876869063208
11,59,27.553673087184936
11,60,27.779859072832185
11,61,25.91403729356595
11,62,27.866475397794513
11,63,25.616499479924673
11,64,24.84950771863203
11,65,23.133256006246395
11,66,19.652106490421442
11,67,19.94348030758557
11,68,18.460387549590628
11,69,18.798576968193224
11,70,19.04403024810004
11,71,18.657030888056077
11,72,22.037222397288406
11,73,21.270624372682416
11,74,19.40587051848218
11,75,16.364039049551042
11,76,15.842138645582649
11,77,12.950617734887121
11,78,12.527291728336694
11,79,11.98158651838238
11,80,12.054824562076073
11,81,14.479364381150377
11,82,16.046432579577658
11,83,19.737781917743167
11,84,22.74221872282219
11,85,21.430394698408502
11,86,20.624137677943196
11,87,19.31780940158568
11,88,18.974721440594855
11,89,18.561117130924444
11,90,19.5952386217604
11,91,17.163015369481197
11,92,18.439701042381113
11,93,16.353486076668872
11,94,17.43512779379175
11,95,15.890269666934264
11,96,16.97795256129356
11,97,16.88267443697891
11,98,17.56569150340252
11,99,18.696237957111787
11,100,18.52290478215602
11,101,17.853363420754484
11,102,14.781476267288511
11,103,15.043201086394232
11,104,13.163236724086422
11,105,14.481109408992475
11,106,15.949871818692808
11,107,17.50945238367419
11,108,19.3552860089026
11,109,18.56271097029298
11,110,14.761423426887946
11,111,12.094677613692545
11,112,10.863286561449476
11,113,9.624612725428452
11,114,9.346364611445932
11,115,12.262639143134441
11,116,10.848285027709904
11,117,14.512667327387803
11,118,15.979890309352921
11,119,14.62064632289875
11,120,16.57110714587739
11,121,19.699876223067115
11,122,22.340906130985317
12,1,15.688253022723723
12,2,15.08664014872066
12,3,13.976255497098046
12,4,11.54999392887899
12,5,10.222570370754806
12,6,9.892740646869722
12,7,8.154217178138818
12,8,5.583997947718508
12,9,5.29486371375826
12,10,5.906077729336173
12,11,3.804509159489934
12,13,3.806355090525428
12,14,6.945179766215355
12,15,10.100706247851747
12,16,12.773261662416418
12,17,12.55246709954443
12,18,16.112135097606917
12,19,16.54205503742081
12,20,14.334631106957666
12,21,16.701205424907368
12,22,16.965926261627224
12,23,17.49025251949321
12,24,14.132358879654266
12,25,12.52378772706324
12,26,15.21325730629707
12,27,14.338443340107272
12,28,10.571049466883741
12,29,10.616566341814083
12,30,13.51948277394099
12,31,12.309649535866132
12,32,9.342165797211866
12,33,11.97469053706161
12,34,11.11244200621204
12,35,14.656725001441178
12,36,16.998798745660586
12,37,17.752293085332845
12,38,16.076800126978245
12,39,13.173975387129756
12,40,14.28845355336149
12,41,11.26174220502971
12,42,7.502218794311213
12,43,5.933241516067102
12,44,4.368981813377932
12,45,5.914614022923869
12,46,8.935124544117956
12,47,11.89650236445337
12,48,12.675717405112726
12,49,11.234859182457123
12,50,14.405320310540333
12,51,13.99316325623188
12,52,10.962008739667882
12,53,12.933167539776923
12,54,15.837216787702127
12,55,14.822552399754903
12,56,15.626210273955746
12,57,18.687762617126335
12,58,22.041821609219646
12,59,25.654494813362593
12,60,26.343238094620453
12,61,24.94867914904209
12,62,27.09404968940583
12,63,25.170857120339264
12,64,24.14705590472738
12,65,22.612956921710865
12,66,19.000184935278163
12,67,18.68940096794861
12,68,16.75111011088275
12,69,16.4177879357149
12,70,16.143796650775997
12,71,15.406638440786068
12,72,18.61764541610344
12,73,17.61274758004971
12,74,15.631717673659164
12,75,12.561396180063879
12,76,12.18073193170953
12,77,9.446321314204047
12,78,9.730742343738353
12,79,9.821910894172172
12,80,11.013368091889053
12,81,13.848620400398184
12,82,16.226006471657307
12,83,19.709726060038207
12,84,23.073318248819838
12,85,22.251851545600097
12,86,21.890033857388296
12,87,21.104236925617233
12,88,21.155193576351753
12,89,20.627717320356325
12,90,21.232758253709203
12,91,18.49371788751109
12,92,19.02316781703617
12,93,16.292932516174286
12,94,16.523884785513975
12,95,14.282468029319912
12,96,14.689815490774194
12,97,14.019640718145222
12,98,14.232836740788116
12,99,15.037413440166226
12,100,14.863969431778054
12,101,14.28833983921623
12,102,11.471064837768443
12,103,12.359693578979135
12,104,11.001836229675945
12,105,13.148389855142275
12,106,14.628962932054485
12,107,16.804056584206897
12,108,18.71492374937129
12,109,17.24460485795933
12,110,13.62132339152173
12,111,10.664218228581953
12,112,10.550459524917564
12,113,9.051447590092934
12,114,7.639164123202446
12,115,10.617855145163228
12,116,9.43743779351568
12,117,13.188512665649712
12,118,13.79192466356156
12,119,12.325767290791582
12,120,14.937141033090441
12,121,17.592102496951906
12,122,20.521453945477727
13,1,16.713308895169664
13,2,15.65252576503464
13,3,14.774126606367918
13,4,13.027860852862771
13,5,10.691825289924509
13,6,9.902495061294744
13,7,9.515314419753421
13,8,7.192586265180701
13,9,4.745646744757479
13,10,6.1493957391715135
13,11,6.355614678204483
13,12,3.806355090525428
13,14,3.8109079804573467
13,15,6.467807193843104
13,16,9.52376391155561
13,17,10.15563802669186
13,18,13.855534233492937
13,19,14.914040616387863
13,20,13.408458641847878
13,21,16.403072735179204
13,22,17.360900002127977
13,23,17.423093801473176
13,24,13.719145451935708
13,25,13.1498512722917
13,26,15.955183811982145
13,27,14.378835508610818
13,28,10.685757753111437
13,29,12.001675091178681
13,30,14.52213674287211
13,31,12.51035321015343
13,32,10.202244555608567
13,33,13.562715434200998
13,34,13.499614270452248
13,35,16.895661511200096
13,36,19.441684749786734
13,37,20.545780093962897
13,38,18.815916818728688
13,39,16.307109186603245
13,40,17.519570485606376
13,41,14.39312265062311
13,42,10.569555472649022
13,43,8.298956444187164
13,44,5.034411568547356
13,45,4.807172878563629
13,46,6.318324769882168
13,47,8.73887546549482
13,48,9.279186757762995
13,49,8.259994461349853
13,50,11.807208833840292
13,51,11.757747524822426
13,52,9.433862468555763
13,53,11.575584273967436
13,54,14.471087130113657
13,55,14.30370883723566
13,56,15.457668438371092
13,57,17.972078454806873
13,58,21.578155540147936
13,59,24.941401906506606
13,60,25.64820952534928
13,61,24.472904779106756
13,62,27.05487951010286
13,63,25.594287802490555
13,64,24.936770481078167
13,65,23.950474799179382
13,66,20.51310977611222
13,67,20.2748154278506
13,68,18.51502828836452
13,69,17.584013384656494
13,70,17.122504571784855
13,71,15.533342061223463
13,72,18.27965157842087
13,73,16.77396271222485
13,74,14.91241359919398
13,75,11.464605407988946
13,76,10.87822084323728
13,77,9.089930743570745
13,78,9.99276851149647
13,79,11.407914453855561
13,80,12.854339166858258
13,81,16.21918843832425
13,82,18.74831882482299
13,83,21.98924241978375
13,84,25.475529105080277
13,85,25.01479160100037
13,86,24.417692663392454
13,87,23.9197170975881
13,88,23.619813358481327
13,89,22.564106705962303
13,90,22.87340262075463
13,91,20.45756146206137
13,92,20.818295919207763
13,93,18.00212485290739
13,94,17.884878259884328
13,95,15.18619064876556
13,96,15.591982309451382
13,97,14.089707971385845
13,98,14.253897738740658
13,99,14.554188634060248
13,100,14.954267610234753
13,101,14.63467146315155
13,102,12.467569381201496
13,103,14.031054156247516
13,104,12.71177379590077
13,105,14.978631346376483
13,106,15.665991142630851
13,107,17.636401139247642
13,108,18.88651920749303
13,109,16.935480259646116
13,110,13.470800659269356
13,111,11.248638662134482
13,112,12.107729146612305
13,113,11.564171995082761
13,114,10.381031025749056
13,115,13.558319660150996
13,116,12.75386438188484
13,117,16.417726295320886
13,118,16.403781603339134
13,119,14.74417030716365
13,120,17.692549662932965
13,121,19.899306451319255
13,122,22.836112215266255
14,1,19.042802583383402
14,2,18.222957803207287
14,3,17.86613389649045
14,4,16.52180094837973
14,5,14.080263788838957
14,6,12.731271527765212
14,7,12.581708201124176
14,8,10.828222033991167
14,9,7.865288077144684
14,10,8.206256198148147
14,11,8.956049595476502
14,12,6.945179766215355
14,13,3.8109079804573467
14,15,3.797603183200393
14,16,5.971973524271491
14,17,6.553478520157248
14,18,10.184165492811605
14,19,11.675946694674966
14,20,10.875070665870222
14,21,14.130651777790623
14,22,15.513839866556122
14,23,15.076557331904757
14,24,11.253093119110288
14,25,11.677264911988134
14,26,14.427707841027424
14,27,12.398311078684111
14,28,9.135151005159743
14,29,11.575272545027598
14,30,13.768832955843715
14,31,11.488051842391592
14,32,10.328350902082756
14,33,14.038070632570227
14,34,14.335736003352961
14,35,17.245244012672153
14,36,20.17519063619863
14,37,21.47041600881863
14,38,19.47018621715922
14,39,17.51617086687125
14,40,18.755996871592078
14,41,15.687389775433806
14,42,12.022528202193726
14,43,9.7241408537275
14,44,5.9858243441748025
14,45,5.912653054688686
14,46,5.263308311193509
14,47,7.58875922545176
14,48,8.866408074551504
14,49,9.282811968367678
14,50,12.979089486528228
14,51,12.948330528555244
14,52,11.60766904291969
14,53,14.047533201749166
14,54,16.610474459645523
14,55,16.87440729451832
14,56,18.4565036064845
14,57,20.637843584356084
14,58,24.364182714782675
14,59,27.506218047689117
14,60,28.309184549755248
14,61,27.329190760866478
14,62,30.14534354959281
14,63,28.93156194980191
14,64,28.418703013903762
14,65,27.610257895015533
14,66,24.215462744094225
14,67,23.87817545803835
14,68,21.984592832639372
14,69,20.72299151408227
14,70,19.821834730368288
14,71,17.847569592426492
14,72,20.10485394871969
14,73,17.970582302481333
14,74,15.741599195492737
14,75,11.970483525548818
14,76,10.342207420311128
14,77,9.033884566582381
14,78,9.41034060318951
14,79,11.666098958800236
14,80,12.79563073969499
14,81,16.525185047352547
14,82,18.9988171215829
14,83,21.87280110960865
14,84,25.390517055586653
14,85,25.378841496416886
14,86,24.50998027093829
14,87,24.47606899068311
14,88,23.87098574538903
14,89,22.246877471216763
14,90,22.122707998022623
14,91,20.04066034138147
14,92,20.130628054161953
14,93,17.344405504473315
