1,2,3.812621828320459
1,3,7.1610763943853994
1,4,10.117686243100433
1,5,13.430363673323988
1,6,16.280145827292205
1,7,19.961579147786306
1,8,21.948262018837166
1,9,25.224987362742205
1,10,28.094029445746575
1,11,31.512191489687442
1,12,33.54102265021784
1,13,32.17217433788871
1,14,29.398861345479663
1,15,25.815488824251958
1,16,23.162907120464666
1,17,19.705293829944257
1,18,16.57427106136801
1,19,12.843688440614839
1,20,10.524932903628669
1,21,7.0862021042666825
1,22,5.153696119271305
1,23,5.177918123955775
1,24,7.0731696029238575
1,25,10.158023167527823
1,26,9.788623559713956
1,27,9.390736397505707
1,28,12.000815319275889
1,29,14.132528524181998
1,30,13.993011894766848
1,31,14.95065140756828
1,32,17.945394966035174
1,33,18.99632825183471
1,34,19.231748436256847
1,35,21.31812582006742
1,36,23.278523098925525
1,37,24.33571472757314
1,38,25.368571227780635
1,39,27.329187096724453
1,40,29.35065456439222
1,41,31.080277545113926
1,42,29.779899678059152
1,43,30.81827431982136
1,44,29.354885069333516
1,45,26.794867688243613
1,46,25.531780403367822
1,47,22.419085060306433
1,48,21.919223938004897
1,49,19.045280984481842
1,50,18.60345132761785
1,51,16.373618153781216
1,52,15.804108912731762
1,53,14.317061109532641
1,54,11.70173191847603
1,55,14.752228737332274
1,56,17.02688263560114
1,57,20.4355162316246
1,58,21.96636749822099
1,59,25.701363536022473
1,60,27.918401890398425
1,61,31.655271361471787
2,1,3.812621828320459
2,3,3.805317001837726
2,4,6.6365913151108
2,5,9.813212878383176
2,6,12.859385307237307
2,7,16.474759751120764
2,8,18.750513770165202
2,9,21.85945558169862
2,10,24.913727052928603
2,11,28.267272781850238
2,12,30.330528772041163
2,13,28.789757289173213
2,14,26.147555963605367
2,15,22.47801479891489
2,16,20.07458882694636
2,17,16.56266555870069
2,18,13.727306994057212
2,19,10.087663153216893
2,20,8.356547113590336
2,21,5.866972331360324
2,22,5.644341152252783
2,23,6.0275793076846345
2,24,5.81051429455152
2,25,9.410121439020148
2,26,9.638872983329987
2,27,8.004101184101735
2,28,9.942728440211598
2,29,12.841702142061807
2,30,12.770306566786047
2,31,12.788085295028084
2,32,15.891296856697874
2,33,17.526836167147795
2,34,17.39899370686554
2,35,18.988099845958203
2,36,21.35545578529172
2,37,22.584771212906443
2,38,23.1542732887817
2,39,25.007720988450178
2,40,27.371515316060524
2,41,28.844515272086362
2,42,27.194420109108062
2,43,28.238196336182302
2,44,26.798341333313967
2,45,23.98503682071178
2,46,22.559387814697445
2,47,19.299971966589524
2,48,18.59145334245327
2,49,15.660502895165521
2,50,14.989204984015549
2,51,12.835769433864426
2,52,12.708020436538808
2,53,11.139618940257208
2,54,8.126526687678052
2,55,11.02927770971598
2,56,13.526713602212954
2,57,16.92545257398347
2,58,18.752760594735985
2,59,22.431821366209974
2,60,24.884844563795593
2,61,28.62297432447646
3,1,7.1610763943853994
3,2,3.805317001837726
3,4,3.790099616312022
3,5,6.3971457596695505
3,6,9.524466254961295
3,7,13.037845223155664
3,8,15.333791328302997
3,9,18.506923241971275
3,10,21.539408062765155
3,11,24.98321960484021
3,12,26.84592962615665
3,13,25.222800562180396
3,14,22.474153458487187
3,15,18.81110539202457
3,16,16.3440846321552
3,17,12.783537859098798
3,18,10.045428406974185
3,19,6.451027505428778
3,20,5.639033677037491
3,21,4.647525832120954
3,22,6.746473426790968
3,23,8.378922391524036
3,24,7.463773123628949
3,25,10.517660965266971
3,26,10.341217128822192
3,27,7.413344277315034
3,28,9.095874711137627
3,29,12.267295971918756
3,30,11.532675104626836
3,31,10.698277950565103
3,32,14.129127859637283
3,33,15.9052590569466
3,34,15.07336442380898
3,35,16.4469095728954
3,36,19.23445909457847
3,37,20.21657957690815
3,38,20.333179859107915
3,39,22.37855072615512
3,40,24.8646496840671
3,41,25.97532124685509
3,42,24.191663187588887
3,43,25.520184147256103
3,44,24.41549463843642
3,45,21.557895061839524
3,46,20.382875674055178
3,47,17.24311079379044
3,48,16.75533491833171
3,49,14.172390142251517
3,50,13.363147311732293
3,51,11.727785218034208
3,52,12.572037203090535
3,53,10.613691957240794
3,54,7.014231125832653
3,55,8.757514858160897
3,56,11.169226762450775
3,57,14.174750134167025
3,58,15.993232814817874
3,59,19.550645735094164
3,60,21.972262355375694
3,61,25.760448326307394
4,1,10.117686243100433
4,2,6.6365913151108
4,3,3.790099616312022
4,5,3.8087076316483035
4,6,6.268121406964557
4,7,9.94938279000841
4,8,12.22525714235476
4,9,15.238338477660891
4,10,18.34540457587143
4,11,21.64872860806081
4,12,23.781505164016842
4,13,22.292327722940662
4,14,19.815556348293818
4,15,16.162065921960302
4,16,14.04809553148235
4,17,10.802410060363773
4,18,8.319514194735754
4,19,5.595980167340626
4,20,5.1404586393942795
4,21,6.443907990418057
4,22,8.511398541590589
4,23,9.57357955870128
4,24,7.434435317334576
4,25,9.623060696104021
4,26,9.960618389591572
4,27,6.56540381584262
4,28,6.725396537708794
4,29,10.236487820222417
4,30,9.886700918358843
4,31,8.054192054037474
4,32,11.176338957749527
4,33,13.545166864270154
4,34,12.699813610519888
4,35,13.41831355668023
4,36,16.35605831183741
4,37,17.723404218194542
4,38,17.588156276534605
4,39,19.272643971738518
4,40,22.03502807617347
4,41,23.13169478724836
4,42,21.08580746999759
4,43,22.169481015920038
4,44,20.90843009510609
4,45,17.911249595486424
4,46,16.616863946744868
4,47,13.466390360414245
4,48,13.120475288228432
4,49,10.854864938117526
4,50,10.556025100782836
4,51,9.859809799765207
4,52,10.816537514236089
4,53,8.161984841686067
4,54,4.891327086473722
4,55,5.670156229570709
4,56,7.479505540280686
4,57,10.513508382851901
4,58,12.297379485973742
4,59,15.90190873993879
4,60,18.42714624536632
4,61,22.17668381364879
5,1,13.430363673323988
5,2,9.813212878383176
5,3,6.3971457596695505
5,4,3.8087076316483035
5,6,3.8020869789200744
5,7,6.852769617416716
5,8,9.759705248084536
5,9,12.49078826846408
5,10,15.815227763621419
5,11,19.105135530353614
5,12,20.99236472720278
5,13,19.13021606654955
5,14,16.670716114914246
5,15,12.90218934756633
5,16,11.107124673624883
5,17,7.757764636591041
5,18,6.4009840297859295
5,19,5.06771866809331
5,20,6.9702932348933055
5,21,9.233818241223537
5,22,11.992379720892133
5,23,13.367754558329445
5,24,11.152334868830179
5,25,13.118819962487875
5,26,13.441620692030948
5,27,9.842198204379022
5,28,9.460226237395672
5,29,12.783028977624374
5,30,12.08414082614504
5,31,9.321603440800851
5,32,12.213024006485776
5,33,14.798848141010692
5,34,13.158838569015943
5,35,13.162120905396538
5,36,16.61067171078873
5,37,17.751021748218257
5,38,16.805064350843814
5,39,18.533613381165274
5,40,21.561461557907677
5,41,22.051056268151186
5,42,19.631927594023615
5,43,20.998945605270166
5,44,20.12590560869345
5,45,16.943662242750673
5,46,15.731641277655255
5,47,12.683852160513805
5,48,12.176594807729906
5,49,10.30234222253728
5,50,9.347473207043562
5,51,9.201457830673604
5,52,11.368710393232993
5,53,9.195436426761717
5,54,6.177128745014516
5,55,4.53041347126101
5,56,6.36820233906468
5,57,8.462945412066976
5,58,10.727447658643534
5,59,13.917619259655064
5,60,16.668873623741938
5,61,20.37623256868985
6,1,16.280145827292205
6,2,12.859385307237307
6,3,9.524466254961295
6,4,6.268121406964557
6,5,3.8020869789200744
6,7,3.7823337153366534
6,8,6.138996709266053
6,9,9.011231794606053
6,10,12.20662142062671
6,11,15.516493989035252
6,12,17.562111557442403
6,13,16.044725461900928
6,14,13.706869403571396
6,15,10.100530141792799
6,16,8.503851624204161
6,17,6.0520102663252775
6,18,5.2633790393062645
6,19,6.066828486332052
6,20,7.898408924427624
6,21,11.156218682730692
6,22,13.865303090123092
6,23,15.238350822190583
6,24,12.909614609912845
6,25,13.902774710370261
6,26,14.051296352214841
6,27,10.49755259008177
6,28,9.321631882080156
6,29,11.99712727691389
6,30,11.179461678395104
6,31,7.693166180425707
6,32,9.926362213883445
6,33,12.635842149872273
6,34,10.66522954806255
6,35,9.92818758631032
6,36,13.553718251117235
6,37,14.741755136513245
6,38,13.416201700409612
6,39,14.944111781627454
6,40,18.12000485553045
6,41,18.47093177634704
6,42,15.902782735140146
6,43,17.240899966059008
6,44,16.505666158401095
6,45,13.382518632278058
6,46,12.547866010126253
6,47,9.97899298671182
6,48,10.337710025169475
6,49,9.679414298510418
6,50,9.743671889890255
6,51,10.989568203394784
6,52,13.002788185899448
6,53,10.321573174641312
6,54,8.42160475138237
6,55,5.700667635758569
6,56,4.987590947758372
6,57,5.687949291111058
6,58,7.211813736614225
6,59,10.347641014396299
6,60,12.90793408342822
6,61,16.646381441413897
7,1,19.961579147786306
7,2,16.474759751120764
7,3,13.037845223155664
7,4,9.94938279000841
7,5,6.852769617416716
7,6,3.7823337153366534
7,8,3.7877017365114836
7,9,5.709314033570291
7,10,9.178347350315558
7,11,12.36061969547757
7,12,14.220503473488254
7,13,12.397998852585356
7,14,10.271447325853659
7,15,6.627473163365509
7,16,6.122246236052589
7,17,5.003423155081415
7,18,6.5783778982945655
7,19,8.878012430444278
7,20,11.308541683561668
7,21,14.71420845478509
7,22,17.58509712407465
7,23,19.013480491508464
7,24,16.598846074779495
7,25,17.41357130195097
7,26,17.609670873160862
7,27,14.123215501221527
7,28,12.682579876025786
7,29,14.988768736540475
7,30,14.114107123254144
7,31,10.422784189857644
7,32,11.866311817086457
7,33,14.502217736242482
7,34,12.094725069599221
7,35,10.432648962341016
7,36,14.162669279248698
7,37,15.126068838766784
7,38,12.909929235510067
7,39,14.183469137392532
7,40,17.5602261421346
7,41,17.20378116044279
7,42,14.196775877359965
7,43,15.719471903245891
7,44,15.462272156569103
7,45,12.319768131448596
7,46,11.760198692871173
7,47,9.82729045469838
7,48,10.303691399607578
7,49,10.619691562507523
7,50,10.529080820943951
7,51,12.494158672812414
7,52,14.987533109317788
7,53,12.74451265323886
7,54,11.391935307242026
7,55,7.961631481988091
7,56,6.568734377811116
7,57,4.854706799158295
7,58,6.197594148553031
7,59,8.136771074439523
7,60,10.799737267261284
7,61,14.317215345200763
8,1,21.948262018837166
8,2,18.750513770165202
8,3,15.333791328302997
8,4,12.22525714235476
8,5,9.759705248084536
8,6,6.138996709266053
8,7,3.7877017365114836
8,9,3.817408727176238
8,10,6.2121410690385055
8,11,9.792337980127162
8,12,11.60654339392343
8,13,10.632296391396919
8,14,8.339650936727876
8,15,5.518640078700694
8,16,4.787830989753286
8,17,5.800298691395507
8,18,7.171007563659893
8,19,10.2748686318693
8,20,12.265477327674223
8,21,16.00056221563498
8,22,18.810178598851454
8,23,20.426289526834246
8,24,18.294440688099915
8,25,18.461924621434875
8,26,18.18346217870058
8,27,14.905676730386373
8,28,13.45784279152201
8,29,14.882225649596451
8,30,13.621669496136432
8,31,10.032027761576432
8,32,10.781881870187027
8,33,12.826907270620483
8,34,10.040541274022724
8,35,7.9033449695946025
8,36,11.528827620227
8,37,12.073081993207056
8,38,9.414797077473995
8,39,10.768140290690532
8,40,14.043698411038859
8,41,13.45356687917846
8,42,10.505511558206965
8,43,12.363784558624388
8,44,12.651163137741099
8,45,10.060625541702095
8,46,10.643397433971694
8,47,9.89874119119104
8,48,11.627391100732403
8,49,12.884129029356695
8,50,13.624415255696535
8,51,15.91647715477046
8,52,18.02764861690391
8,53,15.366451961234466
8,54,14.270651763626025
8,55,11.106317162288182
8,56,8.86876361818177
8,57,6.491549979036193
8,58,5.380979489492906
8,59,6.533993151003082
8,60,8.016399232965924
8,61,11.623816053425227
9,1,25.224987362742205
9,2,21.85945558169862
9,3,18.506923241971275
9,4,15.238338477660891
9,5,12.49078826846408
9,6,9.011231794606053
9,7,5.709314033570291
9,8,3.817408727176238
9,10,3.801678332866226
9,11,6.653289159809974
9,12,8.824098684466415
9,13,7.615034522243896
9,14,6.532318254474684
9,15,4.6226683075654815
9,16,6.524951576017604
9,17,8.517501626910407
9,18,10.74318085007755
9,19,13.82623404311781
9,20,15.924640720766115
9,21,19.601192465671456
9,22,22.31870689201614
9,23,23.660808666986924
9,24,21.20847770784626
9,25,21.278844778828905
9,26,21.400241941143257
9,27,18.258060972484298
9,28,16.347119921435702
9,29,17.741250714929926
9,30,16.93547862184327
9,31,13.28571887376818
9,32,13.316181772659375
9,33,15.559195733535006
9,34,13.082012120338069
9,35,10.20840368318902
9,36,13.350019655955316
9,37,14.134088066817794
9,38,10.994144821794011
9,39,11.344885152199128
9,40,14.800822638072322
9,41,13.642886401301856
9,42,10.10595548763804
9,43,11.536594671948436
9,44,11.98980075725751
9,45,9.345667151917828
9,46,9.840345538656825
9,47,9.795137357643945
9,48,11.340142707021002
9,49,13.348145612188649
9,50,14.09538207670047
9,51,16.926799587701367
9,52,19.16118035443794
9,53,16.89806404381204
9,54,16.403252992888277
9,55,12.88353132724192
9,56,10.360374607520637
9,57,6.935813096678267
9,58,5.7939906855799
9,59,4.592892261357443
9,60,6.290903188210139
9,61,9.255165345445564
10,1,28.094029445746575
10,2,24.913727052928603
10,3,21.539408062765155
10,4,18.34540457587143
10,5,15.815227763621419
10,6,12.20662142062671
10,7,9.178347350315558
10,8,6.2121410690385055
10,9,3.801678332866226
10,11,3.8052038316437073
10,12,5.655841665625993
10,13,5.968559820928819
10,14,5.403199136982242
10,15,5.890741109943201
10,16,7.78668905243793
10,17,10.831169346814539
10,18,12.94997091745542
10,19,16.350109957142703
10,20,18.267067327828034
10,21,22.05193587661102
10,22,24.755548837678273
10,23,26.25984993876682
10,24,24.038357080482754
10,25,23.73940814173359
10,26,23.517892003160956
10,27,20.558717607167246
10,28,18.753603210577214
10,29,19.524839020985816
10,30,18.448590659312043
10,31,15.100248555520063
10,32,14.62846940361092
10,33,16.182861257492462
10,34,13.58138086524863
10,35,10.560300381715987
10,36,13.032234933748581
10,37,13.216996612453894
10,38,9.624363225797447
10,39,9.673068664852938
10,40,12.709818462365456
10,41,10.816140639573264
10,42,7.247004920640991
10,43,9.121897531923771
10,44,10.653330694790045
10,45,9.132996450998649
10,46,10.883771652031674
10,47,12.029314600586694
10,48,14.22784470316175
10,49,16.678034486575154
10,50,17.75876444120518
10,51,20.676723486988486
10,52,22.76422666324635
10,53,20.32400633207766
10,54,19.888116530677816
10,55,16.494612501790098
10,56,13.762945544971736
10,57,10.37451503820001
10,58,8.216027958626585
10,59,5.946046134865801
10,60,5.093511462937764
10,61,7.172766028657561
11,1,31.512191489687442
11,2,28.267272781850238
11,3,24.98321960484021
11,4,21.64872860806081
11,5,19.105135530353614
11,6,15.516493989035252
11,7,12.36061969547757
11,8,9.792337980127162
11,9,6.653289159809974
11,10,3.8052038316437073
11,12,3.8130429066971323
11,13,5.38945058394939
11,14,7.130918658900933
11,15,8.765173211406951
11,16,11.350497007026744
11,17,14.438624099800103
11,18,16.704255144480186
11,19,20.04027357179241
11,20,21.883658684689355
11,21,25.653541161054722
11,22,28.222529905321775
11,23,29.49840565231461
11,24,27.085250806554654
11,25,26.593229102801317
11,26,26.621457556938413
11,27,23.83992760811026
11,28,21.711961947986183
11,29,22.33168825220366
11,30,21.602521162030385
11,31,18.294578525534323
11,32,17.295945921384657
11,33,18.884195249146586
11,34,16.66086741605504
11,35,13.328740783053004
11,36,15.169199030913664
11,37,15.571625697918344
11,38,12.043816452184824
11,39,11.075647838280453
11,40,13.848805676956587
11,41,11.627574156919396
11,42,8.067043106276495
11,43,8.932586616063816
11,44,10.63442564806673
11,45,9.685840631165274
11,46,11.46824219365517
11,47,13.368655448733998
11,48,15.483882304488064
11,49,18.428058954180052
11,50,19.670396755224477
11,51,22.900264191872623
11,52,24.885012385132896
11,53,22.659887317562568
11,54,22.688519775150937
11,55,19.213905895111914
11,56,16.29182219607858
11,57,12.654372497379951
11,58,10.497682964588616
11,59,7.162805578092087
11,60,5.599770522941736
11,61,5.349122681702447
12,1,33.54102265021784
12,2,30.330528772041163
12,3,26.84592962615665
12,4,23.781505164016842
12,5,20.99236472720278
12,6,17.562111557442403
12,7,14.220503473488254
12,8,11.60654339392343
12,9,8.824098684466415
12,10,5.655841665625993
12,11,3.8130429066971323
12,13,3.810071039249492
12,14,5.895155866151342
12,15,8.995895739241687
12,16,11.618812310511856
12,17,15.171556277870161
12,18,17.804600391366773
12,19,21.410910040897917
12,20,23.598573639791077
12,21,27.37994982445009
12,22,30.231135314204074
12,23,31.866542863523126
12,24,29.674586412750468
12,25,29.385597955210553
12,26,29.10193957105861
12,27,26.14252658102661
12,28,24.403326396354924
12,29,25.047932122196244
12,30,23.861166263650002
12,31,20.644921383216523
12,32,20.03109932142855
12,33,21.239847713520884
12,34,18.591203838438147
12,35,15.67361593074055
12,36,17.55168510532099
12,37,17.204856341376065
12,38,13.471282442057905
12,39,13.15528846525966
12,40,15.29961625897452
12,41,12.324633265919353
12,42,9.418703865377017
12,43,11.18948812362967
12,44,13.675788103221105
12,45,13.195196632725901
12,46,15.203721511211267
12,47,16.927932475379187
12,48,18.909956307815126
12,49,21.595584650477615
12,50,22.443402061471097
12,51,25.441286043612745
12,52,27.746526136424617
12,53,25.595388007188507
12,54,25.226398277057424
12,55,21.68530742066697
12,56,19.100771364584066
12,57,15.527330188943044
12,58,13.623337295327737
12,59,10.644677217593213
12,60,9.03459686522597
12,61,8.61728591666504
13,1,32.17217433788871
13,2,28.789757289173213
13,3,25.222800562180396
13,4,22.292327722940662
13,5,19.13021606654955
13,6,16.044725461900928
13,7,12.397998852585356
13,8,10.632296391396919
13,9,7.615034522243896
13,10,5.968559820928819
13,11,5.38945058394939
13,12,3.810071039249492
13,14,3.8272140236789585
13,15,6.672903889013653
13,16,10.035959539612596
13,17,13.305662588620459
13,18,16.45864691786604
13,19,19.99246733523852
13,20,22.608065698773892
13,21,26.287000591557717
13,22,29.326223465323764
13,23,30.992275867702585
13,24,28.677969278908282
13,25,28.850370764381577
13,26,28.760523802024064
13,27,25.537025548526643
13,28,23.88138248211273
13,29,25.087892505056136
13,30,23.9266635548217
13,31,20.46221508221886
13,32,20.390119538603134
13,33,22.038510916325578
13,34,19.219776202513252
13,35,16.43977860178047
13,36,18.964026405633938
13,37,18.831610116551122
13,38,15.094389504540139
13,39,15.251888737299709
13,40,17.847336121876904
13,41,15.176994176075983
13,42,12.003824148528219
13,43,13.87141607916542
13,44,15.780782314378417
13,45,14.416451050845708
13,46,15.647526489952241
13,47,16.5815214262654
13,48,17.888933355618118
13,49,20.155087454330143
13,50,20.40411594593367
13,51,23.19587015848265
13,52,25.850315575773536
13,53,24.059272200943365
13,54,23.49652777206057
13,55,19.82006898920506
13,56,17.69643729539995
13,57,14.15540546529341
13,58,13.152784304663797
13,59,10.513254608832094
13,60,10.267835854478879
13,61,10.726685805088648
14,1,29.398861345479663
14,2,26.147555963605367
14,3,22.474153458487187
14,4,19.815556348293818
14,5,16.670716114914246
14,6,13.706869403571396
14,7,10.271447325853659
14,8,8.339650936727876
14,9,6.532318254474684
14,10,5.403199136982242
14,11,7.130918658900933
14,12,5.895155866151342
14,13,3.8272140236789585
14,15,3.8292645708418243
14,16,6.546685693144618
14,17,10.053712690711563
14,18,13.21132966066073
14,19,16.866842452839013
14,20,19.621184686665597
14,21,23.265890063450843
14,22,26.47383164686932
14,23,28.45072872308663
14,24,26.43523495712791
14,25,26.78849283571153
14,26,26.34989005019818
14,27,22.989958788916947
14,28,21.787715316433808
14,29,23.048995463002747
14,30,21.457249151310634
14,31,18.111808032763328
14,32,18.580975323280498
14,33,19.988664935433697
14,34,16.81929034107555
14,35,14.57573758943911
14,36,17.438806757318005
14,37,16.90004549075181
14,38,13.229317321824068
14,39,14.29259172768276
14,40,16.806480000690634
14,41,14.290721957965163
14,42,11.39968743120939
14,43,14.016349203991982
14,44,15.986987838301562
14,45,14.482620379750577
14,46,15.850281251226516
14,47,16.29478598730328
14,48,17.72249421719829
14,49,19.510353798916533
14,50,19.59516924383635
14,51,22.00246094076517
14,52,24.75483846654578
14,53,22.745788461073133
14,54,21.65330445579377
14,55,18.12488514159799
14,56,16.302841689363362
14,57,13.147164406525341
14,58,12.214640365884568
14,59,10.541214909622704
14,60,10.480658181172782
14,61,12.058465691002358
15,1,25.815488824251958
15,2,22.47801479891489
15,3,18.81110539202457
15,4,16.162065921960302
15,5,12.90218934756633
15,6,10.100530141792799
15,7,6.627473163365509
15,8,5.518640078700694
15,9,4.6226683075654815
15,10,5.890741109943201
15,11,8.765173211406951
15,12,8.995895739241687
15,13,6.672903889013653
15,14,3.8292645708418243
15,16,3.821416840576058
15,17,6.654781229428237
15,18,9.990178839364953
15,19,13.469559762403698
15,20,16.360752634639123
15,21,19.928027790059414
15,22,23.14949717474013
15,23,25.053574098710964
15,24,22.96140419949256
15,25,23.583238812330173
15,26,23.297397539921015
15,27,19.81244026558438
15,28,18.659419613407245
15,29,20.323723911804475
15,30,18.839790193126564
15,31,15.349490515086368
15,32,16.279421186161237
15,33,18.07992973014634
15,34,14.967271582570945
15,35,12.93987257584188
15,36,16.300645183742937
15,37,16.179876261889888
15,38,12.857368492890831
15,39,14.219570770522315
15,40,17.155420333913497
15,41,15.37281197523444
15,42,12.320940756436984
15,43,14.721441448837416
15,44,15.938813868998245
15,45,13.7164723704952
15,46,14.435297314011766
15,47,14.051701942635058
15,48,15.107385065419631
15,49,16.38730666808612
15,50,16.218892585992158
15,51,18.39701682265936
15,52,21.213919057633404
15,53,19.239330116674623
15,54,17.94785246696414
15,55,14.44365509322659
15,56,12.92818080711947
15,57,10.096092320179288
15,58,9.862878590221877
15,59,9.212531572387494
15,60,10.312717311160316
15,61,12.860105000595627
16,1,23.162907120464666
16,2,20.07458882694636
16,3,16.3440846321552
16,4,14.04809553148235
16,5,11.107124673624883
16,6,8.503851624204161
16,7,6.122246236052589
16,8,4.787830989753286
16,9,6.524951576017604
16,10,7.78668905243793
16,11,11.350497007026744
16,12,11.618812310511856
16,13,10.035959539612596
16,14,6.546685693144618
16,15,3.821416840576058
16,17,3.7999380234815074
16,18,6.7355122475175095
16,19,10.434994025456511
16,20,13.338667557558448
16,21,16.888830297940856
16,22,20.245738979072975
16,23,22.508743755054294
16,24,20.849105858260092
16,25,21.5457436164966
16,26,20.776311381433665
16,27,17.227823929795388
16,28,16.67443031028694
16,29,18.23397841520087
16,30,16.22391786239091
16,31,13.032302913125363
16,32,14.575692188337621
16,33,15.938360551794956
16,34,12.530955271910331
16,35,11.371616102009646
16,36,14.880255578734097
16,37,14.31784665733076
16,38,11.418234046762628
16,39,13.66679039241787
16,40,16.291189274266543
16,41,14.910910150773764
16,42,12.460826200545174
16,43,15.254599898981523
16,44,16.44324548102882
16,45,14.372264589489777
16,46,15.306023229480134
16,47,14.597056936655994
16,48,15.909466580037652
16,49,16.68646726571249
16,50,16.572080429850672
16,51,18.255147660328674
16,52,20.923391969899853
16,53,18.60406110829075
16,54,16.754565639489158
16,55,13.678541193247264
16,56,12.493910459559302
16,57,10.506981362831985
16,58,10.133047273166616
16,59,10.67901800762666
16,60,11.564882202873417
16,61,14.665581154418597
17,1,19.705293829944257
17,2,16.56266555870069
17,3,12.783537859098798
17,4,10.802410060363773
17,5,7.757764636591041
17,6,6.0520102663252775
17,7,5.003423155081415
17,8,5.800298691395507
17,9,8.517501626910407
17,10,10.831169346814539
17,11,14.438624099800103
17,12,15.171556277870161
17,13,13.305662588620459
17,14,10.053712690711563
17,15,6.654781229428237
17,16,3.7999380234815074
17,18,3.806446577068037
17,19,7.089438105303377
17,20,10.414722364896138
17,21,13.721958234153332
17,22,17.19959520388916
17,23,19.510857814472345
17,24,17.916279752780966
17,25,19.099559973738607
17,26,18.40585662284904
17,27,14.686861188690893
17,28,14.505292200995067
17,29,16.60430395697182
17,30,14.63327519442393
17,31,11.528411583713375
17,32,13.875166667355959
17,33,15.517036604433802
17,34,12.35358032526917
17,35,11.874147827889814
17,36,15.602292413460278
17,37,15.403587378711768
17,38,13.206951571581197
17,39,15.603372682946514
17,40,18.33041610039217
17,41,17.59275839062989
17,42,15.247556425653677
17,43,17.71956284302736
17,44,18.278863372035065
17,45,15.772902762429025
17,46,16.035185643246436
17,47,14.454091843996979
17,48,15.201471910884843
17,49,15.112597706362674
17,50,14.549671913220319
17,51,15.596850652966967
17,52,18.315688227135972
17,53,16.104483537203727
17,54,13.750057357750705
17,55,11.001850521282593
17,56,10.687018053387177
17,57,9.78154032761367
17,58,10.413737146930531
17,59,12.081946445242398
17,60,13.742430441664002
17,61,17.20931238676664
18,1,16.57427106136801
18,2,13.727306994057212
18,3,10.045428406974185
18,4,8.319514194735754
18,5,6.4009840297859295
18,6,5.2633790393062645
18,7,6.5783778982945655
18,8,7.171007563659893
18,9,10.74318085007755
18,10,12.94997091745542
18,11,16.704255144480186
18,12,17.804600391366773
18,13,16.45864691786604
18,14,13.21132966066073
18,15,9.990178839364953
18,16,6.7355122475175095
18,17,3.806446577068037
18,19,3.775286644358496
18,20,6.764898347100993
18,21,10.177437515922604
18,22,13.639451862341756
18,23,16.154685645813977
18,24,14.954921267895296
18,25,16.07022786814023
18,26,14.96808096651649
18,27,11.266313749363023
18,28,11.673330490693075
18,29,13.637387264357985
18,30,11.333598205317598
18,31,8.68222680307071
18,32,11.665753484787654
18,33,12.976419108039664
18,34,10.008621440052634
18,35,10.550617039163106
18,36,14.103073511887265
18,37,13.921907525486496
18,38,12.616093521799808
18,39,15.304578450627888
18,40,17.76429412110415
18,41,17.744982690547015
18,42,15.888977122649925
18,43,18.186329292761293
18,44,18.37824504786344
18,45,16.00260291685024
18,46,16.257576328197572
18,47,14.43893835971331
18,48,15.418441565071058
18,49,14.92665464609347
18,50,14.747368486239477
18,51,15.385556593527376
18,52,17.54892691995547
18,53,14.911055949399916
18,54,12.240899167716835
18,55,10.327468302266164
18,56,10.209668546444002
18,57,10.413536698264904
18,58,10.789354153326531
18,59,13.331098206812339
18,60,14.83935940106055
18,61,18.557939708869625
19,1,12.843688440614839
19,2,10.087663153216893
19,3,6.451027505428778
19,4,5.595980167340626
19,5,5.06771866809331
19,6,6.066828486332052
19,7,8.878012430444278
19,8,10.2748686318693
19,9,13.82623404311781
19,10,16.350109957142703
19,11,20.04027357179241
19,12,21.410910040897917
19,13,19.99246733523852
19,14,16.866842452839013
19,15,13.469559762403698
19,16,10.434994025456511
19,17,7.089438105303377
19,18,3.775286644358496
19,20,3.792278922945234
19,21,6.6546006020400945
19,22,10.23503319466002
19,23,12.85925467323202
19,24,11.955935702100671
19,25,13.608277714850889
19,26,12.47603307725859
19,27,8.740888626471596
19,28,9.943149570689865
19,29,12.347080698408451
19,30,10.215690931450172
19,31,8.29613771016447
19,32,11.906558187914976
19,33,13.260270664703569
19,34,11.046771350222667
19,35,12.298962020543732
19,36,15.555597662481496
19,37,15.728634276724108
19,38,15.184797297906897
19,39,17.76126873366801
19,40,20.13368384555168
19,41,20.649447252103084
19,42,18.95827008796133
19,43,20.925125724737487
19,44,20.62431639778892
19,45,18.098935456770302
19,46,17.863204347551406
19,47,15.489000782422513
19,48,16.010552461014914
19,49,14.69809875044734
19,50,14.308832179805128
19,51,14.127611124409972
19,52,15.917811701624736
19,53,13.344866617402493
19,54,10.160713048455257
19,55,9.376710387262364
19,56,10.258986565291742
19,57,11.738136483970058
19,58,12.677262890427436
19,59,15.791149786862787
19,60,17.623484797669015
19,61,21.432674950978296
20,1,10.524932903628669
20,2,8.356547113590336
20,3,5.639033677037491
20,4,5.1404586393942795
20,5,6.9702932348933055
20,6,7.898408924427624
20,7,11.308541683561668
20,8,12.265477327674223
20,9,15.924640720766115
20,10,18.267067327828034
20,11,21.883658684689355
20,12,23.598573639791077
20,13,22.608065698773892
20,14,19.621184686665597
20,15,16.360752634639123
20,16,13.338667557558448
20,17,10.414722364896138
20,18,6.764898347100993
20,19,3.792278922945234
20,21,3.805565127827816
20,22,6.920791929186855
20,23,9.599531038555362
20,24,9.189996111359244
20,25,10.463482575928683
20,26,8.832816383905524
20,27,5.230836918078478
20,28,7.359161980628804
20,29,9.38633680775316
20,30,7.20186635165808
20,31,6.455527734301893
20,32,10.247880737516073
20,33,11.214596009774372
20,34,9.884417025890487
20,35,11.88965456839684
20,36,14.52589489919007
20,37,14.9685581753473
20,38,15.338468198499896
20,39,17.749659537828762
20,40,19.836474775104538
20,41,21.031303576039104
20,42,19.72010283161543
20,43,21.302522245147617
20,44,20.587900346505602
20,45,18.284102677258325
20,46,18.012776304302562
20,47,15.643072108534204
20,48,16.418366770782168
20,49,14.98848226183803
20,50,15.241134240890963
20,51,14.943634784695888
20,52,15.84848539984385
20,53,12.871597107311958
20,54,9.9560495340384
20,55,10.264718248386218
20,56,10.892837122991356
20,57,13.017080108098769
20,58,13.533497027939411
20,59,17.00570062137628
20,60,18.621451376521783
20,61,22.431294919277118
21,1,7.0862021042666825
21,2,5.866972331360324
21,3,4.647525832120954
21,4,6.443907990418057
21,5,9.233818241223537
21,6,11.156218682730692
21,7,14.71420845478509
21,8,16.00056221563498
21,9,19.601192465671456
21,10,22.05193587661102
21,11,25.653541161054722
21,12,27.37994982445009
21,13,26.287000591557717
21,14,23.265890063450843
21,15,19.928027790059414
21,16,16.888830297940856
21,17,13.721958234153332
21,18,10.177437515922604
21,19,6.6546006020400945
21,20,3.805565127827816
21,22,3.787688958253465
21,23,7.097959697760674
21,24,7.887628750674997
21,25,9.86568764815092
21,26,8.02217273051622
21,27,5.406197478385647
21,28,8.656662483970997
21,29,10.61146669940199
21,30,8.894380169648391
21,31,9.384040949033785
21,32,12.967425280380587
21,33,13.657248951300133
21,34,12.978532848030007
21,35,15.317643327357132
21,36,17.576417436134488
21,37,18.055551702550645
21,38,18.837628149021114
21,39,21.22299955582941
21,40,23.114962556110722
21,41,24.53742313687026
21,42,23.40142252774056
21,43,24.88096615350721
21,44,23.980202875605567
21,45,21.687327644084903
21,46,21.171752831531805
21,47,18.56364157755693
21,48,18.95930153131596
21,49,16.974169811226172
21,50,16.957505621111366
21,51,15.885000135499375
21,52,16.345004025616607
21,53,13.747363445725357
21,54,10.648869689723451
21,55,12.113852407313725
21,56,13.475863691069481
21,57,16.1364950353562
21,58,16.973501779752077
21,59,20.56080237303339
21,60,22.295040659151653
21,61,26.094778143852178
22,1,5.153696119271305
22,2,5.644341152252783
22,3,6.746473426790968
22,4,8.511398541590589
22,5,11.992379720892133
22,6,13.865303090123092
22,7,17.58509712407465
22,8,18.810178598851454
22,9,22.31870689201614
22,10,24.755548837678273
22,11,28.222529905321775
22,12,30.231135314204074
22,13,29.326223465323764
22,14,26.47383164686932
22,15,23.14949717474013
22,16,20.245738979072975
22,17,17.19959520388916
22,18,13.639451862341756
22,19,10.23503319466002
22,20,6.920791929186855
22,21,3.787688958253465
22,23,3.772462036323058
22,24,6.069469697023901
22,25,7.78120516802044
22,26,5.803958331930815
22,27,5.1323398564854665
22,28,8.60478779770264
22,29,9.99057350111447
22,30,9.161240551340027
22,31,10.706031276819271
22,32,13.715518007339705
22,33,14.21037563746126
22,34,14.507983271321796
22,35,16.985534733594985
22,36,18.65725781314872
22,37,19.495189039638063
22,38,20.83962423307326
22,39,22.893808229508046
22,40,24.618542409509264
22,41,26.510819399132934
22,42,25.547933169478686
22,43,26.62680277117079
22,44,25.323786378603383
22,45,23.14667810080128
22,46,22.4236351772917
22,47,19.78095477256059
22,48,20.120504448046074
22,49,17.962663612636543
22,50,18.303926055143148
22,51,17.047137398692723
22,52,16.66228793931078
22,53,14.102823003016873
22,54,11.594942580034587
22,55,13.882594176182861
22,56,15.161842360536403
22,57,18.196584379021214
22,58,18.936286469936995
22,59,22.65473412196801
22,60,24.35882077576522
22,61,28.07348784234148
23,1,5.177918123955775
23,2,6.0275793076846345
23,3,8.378922391524036
23,4,9.57357955870128
23,5,13.367754558329445
23,6,15.238350822190583
23,7,19.013480491508464
23,8,20.426289526834246
23,9,23.660808666986924
23,10,26.25984993876682
23,11,29.49840565231461
23,12,31.866542863523126
23,13,30.992275867702585
23,14,28.45072872308663
23,15,25.053574098710964
23,16,22.508743755054294
23,17,19.510857814472345
23,18,16.154685645813977
23,19,12.85925467323202
23,20,9.599531038555362
23,21,7.097959697760674
23,22,3.772462036323058
23,24,3.7624355735119215
23,25,5.395057922366855
23,26,4.968981382062427
23,27,6.005201636258195
23,28,8.305149516170008
23,29,9.657410748547028
23,30,10.269269994497307
23,31,11.860789698849672
23,32,14.181749598573436
23,33,15.084596896985996
23,34,16.13531265953107
23,35,18.20888921028327
23,36,19.580707187803302
23,37,21.03178847359069
23,38,22.535424261766412
23,39,24.07575364538744
23,40,25.94572101353938
23,41,28.12945165879555
23,42,27.014354435630267
23,43,27.605052638636412
23,44,25.81290699376249
23,45,23.52739625589716
23,46,22.35058532954098
23,47,19.544115843301174
23,48,19.57195391668618
23,49,17.18405292479583
23,50,17.79087271354039
23,51,16.424168441875892
23,52,15.214340273871747
23,53,12.835981579442885
23,54,11.130185840021383
23,55,14.057286808954464
23,56,15.30942290809911
23,57,18.686892150101798
23,58,19.57975431624414
23,59,23.358722349765944
23,60,25.26127299422559
23,61,28.851848478985932
24,1,7.0731696029238575
24,2,5.81051429455152
24,3,7.463773123628949
24,4,7.434435317334576
24,5,11.152334868830179
24,6,12.909614609912845
24,7,16.598846074779495
24,8,18.294440688099915
24,9,21.20847770784626
24,10,24.038357080482754
24,11,27.085250806554654
24,12,29.674586412750468
24,13,28.677969278908282
24,14,26.43523495712791
24,15,22.96140419949256
24,16,20.849105858260092
24,17,17.916279752780966
24,18,14.954921267895296
24,19,11.955935702100671
24,20,9.189996111359244
24,21,7.887628750674997
24,22,6.069469697023901
24,23,3.7624355735119215
24,25,3.7716607636047876
24,26,5.599254948525038
24,27,5.486839250881661
24,28,6.08094949670202
24,29,8.4842506747738
24,30,9.92225164934731
24,31,10.449363996807625
24,32,12.497343503506253
24,33,14.291629102058986
24,34,15.30472089714521
24,35,16.64761165084761
24,36,18.297852777046295
24,37,20.233010489138575
24,38,21.333570518591586
24,39,22.505357719734416
24,40,24.804353072715603
24,41,26.864478102835708
24,42,25.32406463508838
24,43,25.670680617030655
24,44,23.645260990922996
24,45,21.033117719662776
24,46,19.438307144548855
24,47,16.38137797512658
24,48,16.065187611164298
24,49,13.52905785417504
24,50,14.24150179738205
24,51,13.074073506077083
24,52,11.676833651024609
24,53,9.128258861465937
24,54,7.856580726592253
24,55,10.898556844520574
24,56,12.102135476579598
24,57,15.648801747680592
24,58,16.847667554467893
24,59,20.611645045769894
24,60,22.83836633185907
24,61,26.36716283476648
25,1,10.158023167527823
25,2,9.410121439020148
25,3,10.517660965266971
25,4,9.623060696104021
25,5,13.118819962487875
25,6,13.902774710370261
25,7,17.41357130195097
25,8,18.461924621434875
25,9,21.278844778828905
25,10,23.73940814173359
25,11,26.593229102801317
25,12,29.385597955210553
25,13,28.850370764381577
25,14,26.78849283571153
25,15,23.583238812330173
25,16,21.5457436164966
25,17,19.099559973738607
25,18,16.07022786814023
25,19,13.608277714850889
25,20,10.463482575928683
25,21,9.86568764815092
25,22,7.78120516802044
25,23,5.395057922366855
25,24,3.7716607636047876
25,26,3.8111659406834484
25,27,5.477513639675226
25,28,5.033143383407419
25,29,5.872062055658057
25,30,8.349201442783801
25,31,9.55020744875455
25,32,10.610881727395876
25,33,12.108488167332542
25,34,13.956868028306
25,35,15.287500832022705
25,36,16.232542614624418
25,37,18.463289720721864
25,38,20.033279232134355
25,39,20.821779213839008
25,40,22.872405815471858
25,41,25.337529761459553
25,42,24.06224358240398
25,43,24.020764042270738
25,44,21.738307592423734
25,45,19.494679398392357
25,46,18.085174878366665
25,47,15.483689012720317
25,48,15.795690735582998
25,49,13.940593816305556
25,50,15.581124212978013
25,51,15.20638157482455
25,52,13.460244045726764
25,53,10.42331932359495
25,54,10.15403177250967
25,55,12.580139936929852
25,56,12.695733920826493
25,57,15.913399182346263
25,58,16.37073611999063
25,59,20.03866503287402
25,60,21.850293611685697
25,61,25.182592583902107
26,1,9.788623559713956
26,2,9.638872983329987
26,3,10.341217128822192
26,4,9.960618389591572
26,5,13.441620692030948
26,6,14.051296352214841
26,7,17.609670873160862
26,8,18.18346217870058
26,9,21.400241941143257
26,10,23.517892003160956
26,11,26.621457556938413
26,12,29.10193957105861
26,13,28.760523802024064
26,14,26.34989005019818
26,15,23.297397539921015
26,16,20.776311381433665
26,17,18.40585662284904
26,18,14.96808096651649
26,19,12.47603307725859
26,20,8.832816383905524
26,21,8.02217273051622
26,22,5.803958331930815
26,23,4.968981382062427
26,24,5.599254948525038
26,25,3.8111659406834484
26,27,3.7908392439011784
26,28,5.570226585927151
26,29,5.179127244622819
26,30,6.055420922960736
26,31,8.48223919541604
26,32,10.090338143367905
26,33,10.493433382322124
26,34,12.175017695812285
26,35,14.36727828353024
26,36,15.147119725808523
26,37,16.720026284765744
26,38,18.643145685097444
26,39,19.946471321059253
26,40,21.5483428546474
26,41,24.045887010404254
26,42,23.229718406480682
26,43,23.593512761436074
26,44,21.756728118777186
26,45,19.90562601340932
26,46,19.187866332116805
26,47,16.972255359578963
26,48,17.88056655366893
26,49,16.374492192889146
26,50,17.898382247340333
26,51,17.57786244547857
26,52,16.436458915041275
26,53,13.225446688398456
26,54,12.120005452812917
26,55,14.122153704269493
26,56,14.124954800706966
26,57,16.990511679187723
26,58,16.96980667408601
26,59,20.622899167145096
26,60,21.977071754782457
26,61,25.41494204959153
27,1,9.390736397505707
27,2,8.004101184101735
27,3,7.413344277315034
27,4,6.56540381584262
27,5,9.842198204379022
27,6,10.49755259008177
27,7,14.123215501221527
27,8,14.905676730386373
27,9,18.258060972484298
27,10,20.558717607167246
27,11,23.83992760811026
27,12,26.14252658102661
27,13,25.537025548526643
27,14,22.989958788916947
27,15,19.81244026558438
27,16,17.227823929795388
27,17,14.686861188690893
27,18,11.266313749363023
27,19,8.740888626471596
27,20,5.230836918078478
27,21,5.406197478385647
27,22,5.1323398564854665
27,23,6.005201636258195
27,24,5.486839250881661
27,25,5.477513639675226
27,26,3.7908392439011784
27,28,3.788980878044997
27,29,5.313994785873829
27,30,4.857740120833163
27,31,5.906580460056804
27,32,8.659363254761578
27,33,9.688147261166037
27,34,10.256890837334122
27,35,12.279655170800893
27,36,13.928397949465374
27,37,15.284404227543435
27,38,16.56290323411917
27,39,18.204551296478105
27,40,20.16898018234506
27,41,22.187051466071324
27,42,21.042262562875393
27,43,21.798737217677207
27,44,20.288371256210823
27,45,18.113571290570107
27,46,17.440373017453464
27,47,15.02204473454867
27,48,15.854165079400492
27,49,14.319151047423919
27,50,15.457587865351568
27,51,15.221932348383794
27,52,14.832538744101763
27,53,11.508179929823497
27,54,9.691552206598399
27,55,11.154466606212976
27,56,11.311717116260018
27,57,14.08265402203454
27,58,14.31761304835015
27,59,18.02990199311172
27,60,19.60345523184906
27,61,23.236827850647796
28,1,12.000815319275889
28,2,9.942728440211598
28,3,9.095874711137627
28,4,6.725396537708794
28,5,9.460226237395672
28,6,9.321631882080156
28,7,12.682579876025786
28,8,13.45784279152201
28,9,16.347119921435702
28,10,18.753603210577214
28,11,21.711961947986183
28,12,24.403326396354924
28,13,23.88138248211273
28,14,21.787715316433808
28,15,18.659419613407245
28,16,16.67443031028694
28,17,14.505292200995067
28,18,11.673330490693075
28,19,9.943149570689865
28,20,7.359161980628804
28,21,8.656662483970997
28,22,8.60478779770264
28,23,8.305149516170008
28,24,6.08094949670202
28,25,5.033143383407419
28,26,5.570226585927151
28,27,3.788980878044997
28,29,3.7749491484813
28,30,5.418973120682493
28,31,4.8828604078807345
28,32,6.455387647827147
28,33,8.749843396623064
28,34,9.769452417839979
28,35,10.684652330479652
28,36,12.322332771153203
28,37,14.498927501741177
28,38,15.51112987054267
28,39,16.454128963652202
28,40,18.833934524279847
28,41,20.921537771920928
28,42,19.388070411884247
28,43,19.628592408007577
