1,2,3.8564037123752417
1,3,6.726212555345634
1,4,9.2539171810762
1,5,12.784348250231654
1,6,15.628922436598778
1,7,19.426632055373883
1,8,20.17654552056018
1,9,23.907796376096933
1,10,26.462470347052584
1,11,29.657012951841843
1,12,32.97176862051531
1,13,36.22672076079054
1,14,38.581244386465926
1,15,37.0286164338381
1,16,34.25447706823359
1,17,30.853521184427823
1,18,27.912464021765153
1,19,24.420915704576444
1,20,22.922707002311995
1,21,19.577864604778355
1,22,17.893466562881954
1,23,15.02652818401335
1,24,14.463424402796848
1,25,15.71103046936428
1,26,13.6665589584412
1,27,15.391060191520857
1,28,14.60373461849049
1,29,15.738409634520325
1,30,13.475509442862073
1,31,15.232420405325886
1,32,15.375532612989359
1,33,17.04669342722346
1,34,19.421507680083344
1,35,21.069305061191265
1,36,24.20750769032762
1,37,26.235412135968495
1,38,29.69430315778174
1,39,31.187874353296404
1,40,34.552705872801226
1,41,37.23590588189493
1,42,34.832368116143826
1,43,31.38263118144019
1,44,29.643091858305283
1,45,26.38732181631192
1,46,23.512768280748713
1,47,24.71280418902651
1,48,22.977445432617245
1,49,24.47910866066087
1,50,22.633568028678145
1,51,20.636979863885994
1,52,18.44184037697086
1,53,20.133595106636513
1,54,19.35259315807305
1,55,21.224578028681922
1,56,20.51440622763304
1,57,23.171861169078884
1,58,24.399952509301784
1,59,27.999916530528342
1,60,28.493554383133247
1,61,32.30869643980874
1,62,32.75215344822253
1,63,30.848762864584412
1,64,33.112587059440756
1,65,35.988535504853786
1,66,38.24533285210276
1,67,38.0796366201133
1,68,38.347050231283816
1,69,34.72222578205645
1,70,31.88038328466276
1,71,28.756743935606867
1,72,25.172258996154316
1,73,22.16244278076947
1,74,18.451724657257436
1,75,16.071255196105955
1,76,12.619627455292308
1,77,11.06128796729168
1,78,10.605289364802173
1,79,10.365893579233411
1,80,11.741663502602671
1,81,11.311145077078544
1,82,7.746661607977853
1,83,7.966028266481196
1,84,7.337736370884942
1,85,9.412894158071916
1,86,12.950101063474374
1,87,14.673669636108897
1,88,17.91268767708934
1,89,21.05587109632444
1,90,24.361612870556836
1,91,27.65912923794228
1,92,29.899864489051225
1,93,33.59402541520485
1,94,36.21889479779217
1,95,36.210469902483
2,1,3.8564037123752417
2,3,3.863001915799711
2,4,6.563041270064945
2,5,9.59388257022512
2,6,12.825821617217526
2,7,16.595291044445023
2,8,17.1932908438008
2,9,20.806385392078823
2,10,23.320095092255535
2,11,26.346661594147545
2,12,29.619854379176026
2,13,32.79362127951773
2,14,35.161166315492785
2,15,33.69218317435956
2,16,30.785735988477512
2,17,27.484448879230623
2,18,24.402834969919642
2,19,20.97953457028061
2,20,19.384655119381243
2,21,16.127644453749873
2,22,14.502442975025847
2,23,11.56265109624886
2,24,11.363954024530173
2,25,12.680704789274015
2,26,10.859725658476249
2,27,13.044783952044778
2,28,11.923253845655447
2,29,12.460657077140258
2,30,9.82656101465007
2,31,11.617053517582598
2,32,11.753629388905921
2,33,13.800803190459531
2,34,16.254033186255278
2,35,18.337214555716688
2,36,21.567462620755325
2,37,23.98310624979517
2,38,27.465313245638825
2,39,29.2918781350542
2,40,32.7486225061668
2,41,35.38332929953941
2,42,33.0316291826092
2,43,29.7804907113642
2,44,27.849916569499868
2,45,24.71790845279413
2,46,21.5252724737402
2,47,22.35036781435021
2,48,20.265809216511904
2,49,21.374312128675427
2,50,19.28377926239751
2,51,17.47029449613047
2,52,15.124098321919995
2,53,16.496297021906027
2,54,15.592114299566756
2,55,17.371608032798957
2,56,16.7064091360032
2,57,19.423594799275907
2,58,20.76786191929722
2,59,24.4320923911892
2,60,25.167630540682822
2,61,28.97826474977394
2,62,29.566386157442153
2,63,27.891170774132547
2,64,30.17404084780937
2,65,33.229894471689825
2,66,35.65686469598148
2,67,35.433669546703136
2,68,36.00227340195383
2,69,32.4589463425596
2,70,29.567501622429155
2,71,26.26968822986909
2,72,22.815833877285005
2,73,19.541682455735366
2,74,15.902279104822684
2,75,13.074240175162098
2,76,9.615745022146587
2,77,7.5057867420757605
2,78,7.403486684282111
2,79,7.5149196502925015
2,80,9.891100065200892
2,81,10.196313326497492
2,82,6.723712609410165
2,83,5.888606306559701
2,84,4.928952043276463
2,85,7.973033859229195
2,86,10.94277311367997
2,87,12.347702507399546
2,88,15.887678227497911
2,89,18.699806238305648
2,90,22.208937367161262
2,91,25.424842823345326
2,92,27.32042675496397
2,93,31.043825021860194
2,94,33.44193400295331
2,95,33.16306523719483
3,1,6.726212555345634
3,2,3.863001915799711
3,4,3.779078947080015
3,5,6.548334607766853
3,6,9.314582309790946
3,7,13.102457286948113
3,8,14.203592784507387
3,9,17.793637700897428
3,10,20.654398945941796
3,11,23.63225697287095
3,12,27.08475214870637
3,13,30.1458108589907
3,14,32.760878335197035
3,15,31.590149232088926
3,16,28.761994732720435
3,17,25.398690089153146
3,18,22.275445243350816
3,19,18.696175811964398
3,20,16.70877926686518
3,21,13.185262403458331
3,22,11.208842293931706
3,23,8.443443160394363
3,24,8.427765718637497
3,25,10.643884387134628
3,26,9.964724131988335
3,27,13.022546119521857
3,28,12.537033655169713
3,29,12.671040539037147
3,30,9.660148419854265
3,31,11.730651647115788
3,32,11.303082404655706
3,33,13.629626107878156
3,34,15.430373844450555
3,35,17.69266351506624
3,36,20.563167731755545
3,37,23.11114797598194
3,38,26.345169390358205
3,39,28.128407144046193
3,40,31.451857571717355
3,41,34.29649396301681
3,42,32.284129827894766
3,43,29.23670586297647
3,44,27.553574586345555
3,45,24.775121392398
3,46,21.412474672856767
3,47,22.32396578810917
3,48,20.281768326662252
3,49,20.844884445333527
3,50,18.828219907883078
3,51,17.729279850330236
3,52,15.561066754408905
3,53,16.188868605463032
3,54,14.907616044770801
3,55,15.876029447107793
3,56,14.52979751813342
3,57,17.383023894544586
3,58,19.181287418800483
3,59,22.849299002455798
3,60,23.762653851488125
3,61,27.512840695792846
3,62,28.566322804534657
3,63,26.884891935600063
3,64,28.794645807082112
3,65,31.986939599446867
3,66,34.284385617010344
3,67,33.67590296740275
3,68,34.32653590710865
3,69,30.939714966425594
3,70,27.794822586595167
3,71,24.595854930889438
3,72,21.12104179262636
3,73,17.898468241709324
3,74,14.482790434062306
3,75,11.740963434167613
3,76,9.032707856240885
3,77,7.318104541080215
3,78,8.832674560639655
3,79,9.449652708647784
3,80,12.624703911919053
3,81,13.450534149138782
3,82,10.173204791224657
3,83,8.338508675080138
3,84,5.8612185555861
3,85,7.962950408985949
3,86,10.046894760382212
3,87,10.261170705916495
3,88,14.0008215702745
3,89,16.349877887521117
3,90,19.72682378432836
3,91,23.129496536303648
3,92,24.990637301325258
3,93,28.786816290771164
3,94,31.029868685567557
3,95,30.64079201604406
4,1,9.2539171810762
4,2,6.563041270064945
4,3,3.779078947080015
4,5,3.8269352220505897
4,6,6.606091891878979
4,7,10.33264484478366
4,8,10.946796311102215
4,9,14.683935474259243
4,10,17.4080075532496
4,11,20.616535605022282
4,12,24.064795997381488
4,13,27.286859174469242
4,14,29.811683251235156
4,15,28.524585238968463
4,16,25.91377366241515
4,17,22.390344445296734
4,18,19.514368628902954
4,19,15.823166092698198
4,20,14.200330675211262
4,21,10.749995397856763
4,22,9.580926571637296
4,23,7.954474029781941
4,24,9.465215309318056
4,25,12.403430024004571
4,26,12.521904440489662
4,27,15.868338274647295
4,28,15.03842160712149
4,29,14.29335387647855
4,30,10.722075803535432
4,31,11.819324499369658
4,32,10.183797081435424
4,33,11.815618192327113
4,34,12.827680553506948
4,35,14.745606061160457
4,36,17.293412671130863
4,37,19.715886444565452
4,38,22.813358946190846
4,39,24.50453703867506
4,40,27.7715901668192
4,41,30.68304670787621
4,42,28.80592862040249
4,43,25.841495166478243
4,44,24.337468073765976
4,45,21.78776206197463
4,46,18.423832960846763
4,47,19.57752282532849
4,48,17.868235982231333
4,49,18.362016831452138
4,50,16.84264525227914
4,51,16.279125864213185
4,52,14.824567621858623
4,53,15.430285079925381
4,54,14.722774128660317
4,55,15.132041781745713
4,56,13.124537085708013
4,57,15.388328623145005
4,58,16.89539708204254
4,59,20.372429453557572
4,60,20.935069282713386
4,61,24.650329414615502
4,62,25.787440851445687
4,63,23.848697552697246
4,64,25.537185135745744
4,65,28.654578304490325
4,66,30.794757353739776
4,67,30.09777109382193
4,68,30.647732529434723
4,69,27.274558706531206
4,70,24.08454760015616
4,71,20.96131048522264
4,72,17.435940687876386
4,73,14.330655960811304
4,74,10.978820466613664
4,75,8.640570691049376
4,76,6.659861601478564
4,77,6.5317798763785
4,78,9.401657266528805
4,79,11.304309610086937
4,80,14.593457932300296
4,81,14.963183002103742
4,82,11.704348691878932
4,83,8.75435632861285
4,84,5.302250807703118
4,85,5.833532603553255
4,86,6.832327476927718
4,87,6.500982667455969
4,88,10.251127758004182
4,89,12.595176932864955
4,90,15.987162466009075
4,91,19.371556920338804
4,92,21.319936887841664
4,93,25.10992589341758
4,94,27.466389569196636
4,95,27.275011051220645
5,1,12.784348250231654
5,2,9.59388257022512
5,3,6.548334607766853
5,4,3.8269352220505897
5,6,3.8551029113574793
5,7,7.265031490921946
5,8,7.752661598933421
5,9,11.288014306453846
5,10,14.123585297418176
5,11,17.105569477385895
5,12,20.591398644018486
5,13,23.68575935577984
5,14,26.32582372926978
5,15,25.256191681429055
5,16,22.556703835039226
5,17,19.1205344390835
5,18,16.090802150688468
5,19,12.398450485496774
5,20,10.453401131419525
5,21,6.93744502469348
5,22,6.015955661685635
5,23,5.31638020467414
5,24,8.125285880117174
5,25,11.317143326692218
5,26,12.355658832155672
5,27,15.940957815307259
5,28,15.11411920418268
5,29,13.640297662498751
5,30,10.030426718585648
5,31,10.791940915383618
5,32,8.719113513514445
5,33,10.559334619426412
5,34,10.96066090858866
5,35,13.339998825078363
5,36,15.60684076649005
5,37,18.43327959611752
5,38,21.32000408231688
5,39,23.312462956507662
5,40,26.538666444958924
5,41,29.413230116206215
5,42,27.75969744753645
5,43,25.16460386015946
5,44,23.612340338833803
5,45,21.44376340741409
5,46,17.87168684022148
5,47,18.601132380635303
5,48,16.66124772506058
5,49,16.394472296533095
5,50,14.779385000984654
5,51,14.933157216195287
5,52,13.671264568668688
5,53,13.45965418417803
5,54,12.606555326566555
5,55,12.223821004987593
5,56,9.69151845714606
5,57,11.892093463282801
5,58,13.749830545869715
5,59,17.212891559444774
5,60,18.11087588993702
5,61,21.730124843501855
5,62,23.24244605360916
5,63,21.574991000339004
5,64,23.064450504390166
5,65,26.391767782751327
5,66,28.62797181183582
5,67,27.716485261256146
5,68,28.623390490171897
5,69,25.458284280631094
5,70,22.170581818566863
5,71,18.962708867850154
5,72,15.716569268575908
5,73,12.449312372830331
5,74,9.649750103330792
5,75,7.082977272639906
5,76,6.541520323712646
5,77,6.634057366307418
5,78,10.163734198611282
5,79,12.286162213251231
5,80,15.889207814369023
5,81,16.747886413192376
5,82,14.022583142102999
5,83,10.888782826092156
5,84,7.950907838133299
5,85,8.377252987092424
5,86,7.667667608497639
5,87,5.906573223753234
5,88,9.511527026778499
5,89,10.786930487692866
5,90,14.220669629145252
5,91,17.447858152865358
5,92,18.887817858912054
5,93,22.68802942885789
5,94,24.689223955483616
5,95,24.142204127395146
6,1,15.628922436598778
6,2,12.825821617217526
6,3,9.314582309790946
6,4,6.606091891878979
6,5,3.8551029113574793
6,7,3.8067172231515234
6,8,5.733914829544236
6,9,9.087383275407078
6,10,12.496717695350574
6,11,15.422312171580455
6,12,19.121271612392583
6,13,22.042898136492134
6,14,24.975535237121125
6,15,24.302695299486277
6,16,21.910668651439188
6,17,18.435395646353065
6,18,15.64515036975941
6,19,11.923750736311126
6,20,9.613875724459104
6,21,6.027904010192048
6,22,5.027879263284068
6,23,6.2389090014153386
6,24,9.010415098998955
6,25,12.637750732978759
6,26,14.550659755109406
6,27,18.310295074343756
6,28,18.04428780953028
6,29,16.619629994629037
6,30,13.266869196086112
6,31,14.113444372535074
6,32,11.89328318469728
6,33,13.427575096759941
6,34,12.90163711834892
6,35,14.909340121409452
6,36,16.3663762831344
6,37,18.96401973003689
6,38,21.320807977319408
6,39,23.018381093713604
6,40,25.91225864368622
6,41,29.01871303446933
6,42,27.84410646212799
6,43,25.52374152036155
6,44,24.43393993448496
6,45,22.7586091901309
6,46,19.332333760988135
6,47,20.296953386414117
6,48,18.73257628275761
6,49,18.034068506510927
6,50,16.835979497583985
6,51,17.684599458560168
6,52,16.79628076443971
6,53,16.077956544134086
6,54,15.06420237726055
6,55,13.782818526238511
6,56,10.510847423955749
6,57,12.34589300429454
6,58,14.539468740481471
6,59,17.61926770856616
6,60,18.51787710347756
6,61,21.847139117856596
6,62,23.86057905473018
6,63,22.117035250821328
6,64,22.98937164818222
6,65,26.292377487922984
6,66,28.194178900852137
6,67,26.785330514839938
6,68,27.64281686574043
6,69,24.74300249080255
6,70,21.20744980720692
6,71,18.37340627765593
6,72,15.230070107132374
6,73,12.506288260147342
6,74,10.520317178603667
6,75,9.063637312590588
6,76,9.765650028074603
6,77,10.430980208077962
6,78,14.000792656516753
6,79,15.99436960402364
6,80,19.65700621095151
6,81,20.58816379335086
6,82,17.770883988866895
6,83,14.61561289946796
6,84,11.413666535016434
6,85,11.02214563142748
6,86,9.70721254235738
6,87,6.624279186634607
6,88,9.349061135906739
6,89,9.564210379405589
6,90,12.36177270514442
6,91,15.792334634101604
6,92,17.28350815440948
6,93,21.07806097408798
6,94,22.91992963028839
6,95,22.378537069415536
7,1,19.426632055373883
7,2,16.595291044445023
7,3,13.102457286948113
7,4,10.33264484478366
7,5,7.265031490921946
7,6,3.8067172231515234
7,8,3.797803268304224
7,9,6.038519624673161
7,10,9.77923444588148
7,11,12.433730920785823
7,12,16.203926713227915
7,13,18.93033058432783
7,14,22.04268271743868
7,15,21.721345559259337
7,16,19.595494294378575
7,17,16.21332757114157
7,18,13.71806206800409
7,19,10.242333595103736
7,20,7.871477362483715
7,21,5.1852944501122495
7,22,5.465268197108115
7,23,8.400107740935077
7,24,11.34442434375438
7,25,14.800404458290211
7,26,17.268809052752818
7,27,21.003831614811975
7,28,20.823058794201167
7,29,19.05189652081877
7,30,15.889097205610945
7,31,16.364772140394493
7,32,13.897034825372863
7,33,15.044454417443728
7,34,13.67080757547828
7,35,15.423703614925047
7,36,16.084538431557384
7,37,18.592990810496897
7,38,20.382935354385104
7,39,22.023154389854994
7,40,24.610722837114043
7,41,27.749156467199423
7,42,27.013690232210006
7,43,25.137853642741984
7,44,24.323020796587667
7,45,23.20986021271918
7,46,19.909169155842704
7,47,20.763516149632732
7,48,19.43030152314291
7,49,18.15515913518801
7,50,17.34472868510006
7,51,18.93368182112317
7,52,18.519834791695096
7,53,17.298865065701396
7,54,16.40846734641745
7,55,14.313128922488946
7,56,10.584255936869884
7,57,11.607862326148027
7,58,13.86861640117432
7,59,16.398544262196605
7,60,17.329298432330408
7,61,20.263480149344584
7,62,22.737400529759515
7,63,21.100718288403485
7,64,21.406469691728162
7,65,24.706043972126054
7,66,26.39576015612255
7,67,24.58045106154127
7,68,25.59819701801161
7,69,23.051900251559008
7,70,19.412894407722984
7,71,16.884414642695717
7,72,14.189758034901518
7,73,11.994398669138016
7,74,11.150788659713596
7,75,10.526256137652624
7,76,12.32771152498724
7,77,13.403047720689223
7,78,17.065494932210825
7,79,19.19914419799685
7,80,22.882101645920965
7,81,23.886078273995363
7,82,21.258459069257214
7,83,17.97397318277423
7,84,14.876168643106414
7,85,14.142224639777346
7,86,12.09727499938895
7,87,8.534755611646139
7,88,9.97106834482482
7,89,8.663132213162465
7,90,10.65553782151908
7,91,13.811537172772097
7,92,14.882960247851344
7,93,18.552724657785816
7,94,20.03503495559516
7,95,19.31856267525063
8,1,20.17654552056018
8,2,17.1932908438008
8,3,14.203592784507387
8,4,10.946796311102215
8,5,7.752661598933421
8,6,5.733914829544236
8,7,3.797803268304224
8,9,3.8230298458435774
8,10,6.838556957081247
8,11,10.078878241421155
8,12,13.702032859631531
8,13,16.87366407010923
8,14,19.593133010547515
8,15,18.773990967833026
8,16,16.67193337703719
8,17,13.072522796668245
8,18,10.778451763713598
8,19,7.162488718864852
8,20,6.005894901577301
8,21,4.477127285219292
8,22,6.998457409803281
8,23,9.932952827769078
8,24,13.466294161361088
8,25,16.662178580535322
8,26,18.74495205714714
8,27,22.341493097246946
8,28,21.512690167118503
8,29,19.229085025396206
8,30,15.870028851898347
8,31,15.453538324562885
8,32,12.39415625272096
8,33,12.696002446155322
8,34,10.621918408103255
8,35,12.015554146369459
8,36,12.37660637103536
8,37,14.959900034154884
8,38,16.766737247089356
8,39,18.659291514484412
8,40,21.40317362420898
8,41,24.37826555064666
8,42,23.513909219264804
8,43,21.73059513913679
8,44,20.77693575767482
8,45,19.80999472416788
8,46,16.524123201352047
8,47,17.24835953974161
8,48,16.10158850291359
8,49,14.74610527494694
8,50,14.413436870025956
8,51,16.354416018339037
8,52,16.599223748422542
8,53,15.59033791744616
8,54,15.509708954713666
8,55,13.452261197093213
8,56,9.773470135671115
8,57,9.683188677406319
8,58,11.090524459133633
8,59,13.364728733277959
8,60,13.83122921131367
8,61,16.833887104782168
8,62,19.15218205924653
8,63,17.35349357305693
8,64,17.722386554831054
8,65,21.019850976321724
8,66,22.82267769642198
8,67,21.231434049299065
8,68,22.323888440893214
8,69,19.651478760024364
8,70,16.114590861673236
8,71,13.325915805234086
8,72,10.722352552188985
8,73,8.375660420026854
8,74,8.076247569381529
8,75,8.036554998313775
8,76,10.781510442440169
8,77,12.6194497473557
8,78,16.365914930590932
8,79,19.06242013032759
8,80,22.550866301240738
8,81,23.21145613752008
8,82,20.843455774503234
8,83,17.29172605075193
8,84,14.474413395359338
8,85,13.424499001225298
8,86,10.602302922333806
8,87,7.212325619478972
8,88,7.79389367443714
8,89,5.873724487777371
8,90,8.337789879209906
8,91,11.072572156217733
8,92,11.874647183549524
8,93,15.620753008528732
8,94,17.28759230662669
8,95,16.71147274704047
9,1,23.907796376096933
9,2,20.806385392078823
9,3,17.793637700897428
9,4,14.683935474259243
9,5,11.288014306453846
9,6,9.087383275407078
9,7,6.038519624673161
9,8,3.8230298458435774
9,10,3.8357008199512412
9,11,6.521922522553071
9,12,10.252094781249212
9,13,13.228218807710341
9,14,16.13273475366601
9,15,15.726256026435351
9,16,13.837841839272594
9,17,10.466136160400957
9,18,8.571532657796608
9,19,5.7592676232720414
9,20,5.06867821975492
9,21,5.905343676710724
9,22,8.886138252512344
9,23,12.37823918043325
9,24,15.859691819100819
9,25,18.76986071940866
9,26,21.21515407742508
9,27,24.709784370496646
9,28,23.932940764250972
9,29,21.37043626032438
9,30,18.325707443834858
9,31,17.66014301511591
9,32,14.687782283287524
9,33,14.779965528888825
9,34,12.191030199027518
9,35,13.388407521804513
9,36,12.91838274581362
9,37,15.42033594124189
9,38,16.527574042379882
9,39,18.508433639481204
9,40,20.8946939159419
9,41,23.713195454814898
9,42,23.290347371789903
9,43,22.110195563621186
9,44,21.317941677676917
9,45,20.961119809816054
9,46,17.88134066186234
9,47,18.218972508088665
9,48,17.19732116015357
9,49,15.1404934955541
9,50,15.122372374157699
9,51,17.734220491717497
9,52,18.34332392137741
9,53,16.798332331675148
9,54,16.796140733180632
9,55,14.080998089676658
9,56,10.402137462501528
9,57,9.279729593765452
9,58,10.57464786184372
9,59,11.954558305807756
9,60,12.587320315801662
9,61,14.962787571122208
9,62,17.830287180115388
9,63,16.39578550520353
9,64,16.135349918119672
9,65,19.464310494550272
9,66,21.14733727340936
9,67,19.160735682255392
9,68,20.652416362471385
9,69,18.483798910214894
9,70,15.004429006682827
9,71,12.5661845907812
9,72,10.946803501762464
9,73,9.374682992308848
9,74,10.439158184963391
9,75,10.850832542035706
9,76,13.99395524319059
9,77,15.751129841222275
9,78,19.36646412837223
9,79,22.014370262113484
9,80,25.479605707570833
9,81,26.307451682935994
9,82,24.20712682873322
9,83,20.68773087813742
9,84,18.09393075039801
9,85,17.101891286680043
9,86,14.070728367589094
9,87,10.826043762230382
9,88,10.619650299163911
9,89,7.607432390510148
9,90,8.723029526816912
9,91,10.419541881361274
9,92,10.111571967634312
9,93,13.533530751372032
9,94,14.510157211847718
9,95,13.443454031302139
10,1,26.462470347052584
10,2,23.320095092255535
10,3,20.654398945941796
10,4,17.4080075532496
10,5,14.123585297418176
10,6,12.496717695350574
10,7,9.77923444588148
10,8,6.838556957081247
10,9,3.8357008199512412
10,11,3.8218496344176693
10,12,7.070602853801549
10,13,10.529876102475068
10,14,12.925305268064776
10,15,12.10277846283818
10,16,10.495689777417907
10,17,6.991251114185124
10,18,6.130189402036118
10,19,4.650401685272827
10,20,6.388673761835466
10,21,8.680643100101769
10,22,12.14239475428412
10,23,15.474659322373132
10,24,19.105168363114103
10,25,21.773229238812423
10,26,24.023767268818364
10,27,27.35020470510912
10,28,26.184382797967537
10,29,23.273373774220342
10,30,20.293750813450423
10,31,18.969202515578466
10,32,15.786111461436741
10,33,15.093887146089784
10,34,11.88172630032843
10,35,12.407463616988561
10,36,11.059646870536646
10,37,13.35110047474951
10,38,13.919824858152348
10,39,16.134905407736934
10,40,18.38354783028378
10,41,20.886274923196236
10,42,20.60925363322219
10,43,19.905393800946918
10,44,19.119925363043503
10,45,19.287834344241734
10,46,16.505989136605745
10,47,16.514947831235414
10,48,15.862560798685077
10,49,13.462914888242588
10,50,14.192209555560932
10,51,17.309057572350785
10,52,18.641229119416522
10,53,17.1680304694779
10,54,17.863411281873354
10,55,15.143916677778824
10,56,11.921394666044867
10,57,9.554733832451289
10,58,9.573844941571869
10,59,9.777127683346057
10,60,9.765510850095616
10,61,11.631093568573933
10,62,14.643362395794934
10,63,13.24398987273876
10,64,12.553542199935007
10,65,15.850836146470886
10,66,17.546138686408458
10,67,15.563175041897836
10,68,17.370510576915557
10,69,15.41694623101254
10,70,12.196356593974262
10,71,9.834431773282011
10,72,9.264165322164112
10,73,8.41388735129698
10,74,10.704682021918726
10,75,11.798348411830098
10,76,15.390911649501113
10,77,17.519055835196138
10,78,20.96707345081838
10,79,23.894760750943103
10,80,27.1222407436847
10,81,27.719905312301115
10,82,25.92651028873588
10,83,22.337000577837934
10,84,20.078670731890654
10,85,18.91621077697384
10,86,15.519314477113436
10,87,12.76239909439848
10,88,11.71494534408155
10,89,8.344571431536332
10,90,8.783342568906152
10,91,9.005426073174826
10,92,7.467234986811639
10,93,10.53519667432923
10,94,11.24276624028147
10,95,10.064727979573671
11,1,29.657012951841843
11,2,26.346661594147545
11,3,23.63225697287095
11,4,20.616535605022282
11,5,17.105569477385895
11,6,15.422312171580455
11,7,12.433730920785823
11,8,10.078878241421155
11,9,6.521922522553071
11,10,3.8218496344176693
11,12,3.776961552577579
11,13,6.830720263751609
11,14,9.620956382436509
11,15,9.612901886059523
11,16,8.050028675598881
11,17,5.549300238268651
11,18,5.426515976145245
11,19,6.182967725427721
11,20,7.676763247230786
11,21,10.829059211952435
11,22,14.082238476549984
11,23,17.53580891456328
11,24,21.001202299429867
11,25,23.31093996720719
11,26,25.80415433986524
11,27,28.96021422337406
11,28,27.88361013631998
11,29,24.810683320812867
11,30,22.231459067927688
11,31,20.86345585810589
11,32,18.023319639509516
11,33,17.501708807378403
11,34,14.402950526657854
11,35,15.137834678425289
11,36,13.624425113524303
11,37,15.88474357675198
11,38,15.964908256892262
11,39,18.290444456129034
11,40,20.165332423579834
11,41,22.291282232732144
11,42,22.33922384198573
11,43,22.194223600151048
11,44,21.38639986268684
11,45,21.910855502583097
11,46,19.285732855198177
11,47,18.768938586329558
11,48,17.954430857789166
11,49,14.989800344232124
11,50,15.609191421864168
11,51,19.03634070757317
11,52,20.388227654642964
11,53,18.384079972779638
11,54,18.945421336401353
11,55,15.804558273485112
11,56,12.947965086271747
11,57,10.13743075673796
11,58,10.204114142447569
11,59,9.384844974085368
11,60,10.003217530035881
11,61,10.806000993103613
11,62,14.37022828334141
11,63,13.84169835291139
11,64,12.667480702741608
11,65,15.918863641004073
11,66,17.6190610427583
11,67,15.382963941997527
11,68,17.813233347991325
11,69,16.568064359474295
11,70,13.8008077092725
11,71,11.943275534167006
11,72,12.346776777892304
11,73,11.809626508110316
11,74,14.258472287093307
11,75,15.041130221655587
11,76,18.537831686768833
11,77,20.299165489451905
11,78,23.5515011945381
11,79,26.266166050838198
11,80,29.46875219770133
11,81,30.346838808700003
11,82,28.823558226909615
11,83,25.371975234949904
11,84,23.326181538702933
11,85,22.458600882337574
11,86,19.132642341931824
11,87,16.422247518075515
11,88,15.531093168894385
11,89,12.144833876777293
11,90,12.173048291746039
11,91,11.729183527111772
11,92,9.204573080628712
11,93,11.203766180421088
11,94,10.568046744953683
11,95,8.167098112248716
12,1,32.97176862051531
12,2,29.619854379176026
12,3,27.08475214870637
12,4,24.064795997381488
12,5,20.591398644018486
12,6,19.121271612392583
12,7,16.203926713227915
12,8,13.702032859631531
12,9,10.252094781249212
12,10,7.070602853801549
12,11,3.776961552577579
12,13,3.8268911090976645
12,14,5.898150854922167
12,15,6.072214597262265
12,16,5.25423288816636
12,17,4.414322977173977
12,18,6.387683204952559
12,19,8.792293888748116
12,20,10.893262293772832
12,21,14.323859828630132
12,22,17.628446454026435
12,23,20.980786679971043
12,24,24.442129206175156
12,25,26.529398737679745
12,26,28.94801545855672
12,27,31.934379456209058
12,28,30.670837225659437
12,29,27.40149068341716
12,30,25.013121687587464
12,31,23.30234653959435
12,32,20.527345856294748
12,33,19.64006561513903
12,34,16.40682278070971
12,35,16.753740311872104
12,36,14.757635287958726
12,37,16.64668363475781
12,38,16.107429535773537
12,39,18.483299548882595
12,40,19.97309195301602
12,41,21.577400210783498
12,42,21.90065871015239
12,43,22.374709909799943
12,44,21.608419897467652
12,45,22.634630215025027
12,46,20.398153384469385
12,47,19.49749152872044
12,48,18.933474938851887
12,49,15.728753316382436
12,50,16.784384691398646
12,51,20.44305375015211
12,52,22.202322524240557
12,53,20.168444590356195
12,54,21.08974498302566
12,55,17.984139352251287
12,56,15.650677849467838
12,57,12.367907205655149
12,58,11.64935062859492
12,59,9.565433346388629
12,60,9.805333486661336
12,61,9.202422857385796
12,62,12.943038924138692
12,63,13.006086164455695
12,64,11.203544351484279
12,65,14.119534771784515
12,66,15.726496484573303
12,67,13.451736783973981
12,68,16.418311738108013
12,69,15.835970982668917
12,70,13.760250276077237
12,71,12.447178194312722
12,72,13.8982755306872
12,73,13.929762900674616
12,74,16.81746219793236
12,75,17.814845681172336
12,76,21.38552838782356
12,77,23.21187887865013
12,78,26.266656906984363
12,79,29.039864987956392
12,80,32.05528996263274
12,81,32.862926861413136
12,82,31.60979773944703
12,83,28.195863328185514
12,84,26.402671035195763
12,85,25.52108973390764
12,86,22.084437920080344
12,87,19.650701579738772
12,88,18.44872648175849
12,89,15.06276397884255
12,90,14.713948751111836
12,91,13.370277745938074
12,92,10.059123261327406
12,93,10.814014355625487
12,94,9.102938430771575
12,95,5.835554931346311
13,1,36.22672076079054
13,2,32.79362127951773
13,3,30.1458108589907
13,4,27.286859174469242
13,5,23.68575935577984
13,6,22.042898136492134
13,7,18.93033058432783
13,8,16.87366407010923
13,9,13.228218807710341
13,10,10.529876102475068
13,11,6.830720263751609
13,12,3.8268911090976645
13,14,3.837838949300436
13,15,6.426654176168393
13,16,6.457272482734715
13,17,7.601088344909238
13,18,9.381607677890447
13,19,12.075491717315458
13,20,13.58796579352046
13,21,17.08539572583575
13,22,20.076535143067645
13,23,23.47280276887964
13,24,26.713989483877025
13,25,28.56352762551065
13,26,31.19529349367776
13,27,34.057132257504946
13,28,32.9809629755349
13,29,29.708243048418012
13,30,27.63380527683129
13,31,26.05551885648882
13,32,23.574097006730486
13,33,22.937543635535746
13,34,19.88811429657673
13,35,20.424171564063744
13,36,18.472656713994613
13,37,20.28821851184121
13,38,19.49482991417153
13,39,21.734124592923827
13,40,22.859576733369117
13,41,24.218327765155973
13,42,24.858095932812354
13,43,25.684271719844453
13,44,25.006132162516035
13,45,26.217151146794137
13,46,24.083021677561653
13,47,22.99201104393205
13,48,22.323378379535132
13,49,18.93412751711053
13,50,19.773793074865665
13,51,23.45422829877563
13,52,25.068435281580737
13,53,22.692196162917266
13,54,23.349570758566397
13,55,20.020740930803314
13,56,17.951749174689493
13,57,14.80067179180217
13,58,14.413070987834507
13,59,12.082471989288178
13,60,12.811864685361202
13,61,11.470868055313268
13,62,15.190148683765843
13,63,15.910317725990797
13,64,13.881012938373441
13,65,16.379026874092595
13,66,17.725826764038615
13,67,15.280322790213576
13,68,18.475573132480687
13,69,18.550724227937287
13,70,16.827124973898158
13,71,15.963820977751112
13,72,17.63657366066521
13,73,17.7525247652662
13,74,20.5804521111679
13,75,21.38922022162838
13,76,24.859546776120858
13,77,26.42457664151449
13,78,29.386061068190312
13,79,31.945665660715957
13,80,34.97808899214389
13,81,36.02223538850211
13,82,34.88334303900511
13,83,31.56922061192729
13,84,29.81887336495316
13,85,29.100939840702203
13,86,25.73754810223009
13,87,23.194450148099598
13,88,22.125622210825785
13,89,18.667858725008987
13,90,18.113628055793512
13,91,16.692089322302547
13,92,13.282933194665484
13,93,13.377317152690273
13,94,10.7593136904439
13,95,6.924424774462391
14,1,38.581244386465926
14,2,35.161166315492785
14,3,32.760878335197035
14,4,29.811683251235156
14,5,26.32582372926978
14,6,24.975535237121125
14,7,22.04268271743868
14,8,19.593133010547515
14,9,16.13273475366601
14,10,12.925305268064776
14,11,9.620956382436509
14,12,5.898150854922167
14,13,3.837838949300436
14,15,3.876712768492141
14,16,5.683143198081002
14,17,8.204453856818487
14,18,10.977842140183121
14,19,14.182783243078285
14,20,16.352217403655846
14,21,19.95672070121537
14,22,23.17360964696453
14,23,26.442365405622297
14,24,29.80419393424273
14,25,31.578567080432634
14,26,33.99031919446763
14,27,36.73847494082231
14,28,35.365570841139665
14,29,31.927072678665944
14,30,29.87861858411611
14,31,27.91446933450997
14,32,25.369572537153
14,33,24.272834176722732
14,34,21.097200634614907
14,35,21.17708959723954
14,36,18.875897900105947
14,37,20.286841263051258
14,38,19.056653865871372
14,39,21.297924283802804
14,40,22.134881552003833
14,41,22.92397111194366
14,42,23.688762453010668
14,43,25.005294928903474
14,44,24.33692694435186
14,45,25.938392546896374
14,46,24.219602196634845
14,47,22.86732809982842
14,48,22.524591731718704
14,49,19.163360905444716
14,50,20.48427646945701
14,51,24.22733499562753
14,52,26.27574649311351
14,53,24.126005436798426
14,54,25.26423239611948
14,55,22.19030065700499
14,56,20.47942989129166
14,57,16.991925964997225
14,58,15.824654837811012
14,59,12.78428773447584
14,60,12.843710754357762
14,61,10.449159375030069
14,62,13.776526316673204
14,63,14.888814338871253
14,64,12.486431762377087
14,65,14.378187694031816
14,66,15.595862697016033
14,67,13.443186431056937
14,68,16.9733150017434
14,69,17.55804645659837
14,70,16.599610312185145
14,71,16.11996579180822
14,72,18.477946080291776
14,73,18.984738783090254
14,74,22.103969255995192
14,75,23.16882072871507
14,76,26.70919300931372
14,77,28.46251554164817
14,78,31.259741329734343
14,79,33.975871926231704
14,80,36.78339080108218
14,81,37.612858620033016
14,82,36.695967640489734
14,83,33.38808144028635
14,84,31.872080123739188
14,85,31.059321595993172
14,86,27.581479574907164
14,87,25.365736437060438
14,88,23.984746195480874
14,89,20.629155349890716
14,90,19.94523508274321
14,91,17.919439453663927
14,92,14.200566288037807
14,93,13.440398274304657
14,94,10.42640691139171
14,95,6.816971834952477
15,1,37.0286164338381
15,2,33.69218317435956
15,3,31.590149232088926
15,4,28.524585238968463
15,5,25.256191681429055
15,6,24.302695299486277
15,7,21.721345559259337
15,8,18.773990967833026
15,9,15.726256026435351
15,10,12.10277846283818
15,11,9.612901886059523
15,12,6.072214597262265
15,13,6.426654176168393
15,14,3.876712768492141
15,16,3.831344610819503
15,17,6.221119418915075
15,18,9.706869844833744
15,19,12.974825224842988
15,20,15.86281955632872
15,21,19.401090854733873
15,22,22.901037961460727
15,23,25.97809479736371
15,24,29.532253391274285
15,25,31.386701408451817
15,26,33.4631416745776
15,27,36.19634968464934
15,28,34.48090054979061
15,29,30.95308066062612
15,30,28.72122305963448
15,31,26.403991682078193
15,32,23.652359153034322
15,33,22.06122885365548
15,34,18.742218493840358
15,35,18.364511932320674
15,36,15.844165212619071
15,37,17.033137462316624
15,38,15.75086103819783
15,39,18.206214019218958
15,40,19.234142526332374
15,41,19.787791349901422
15,42,20.253159738187986
15,43,21.58962941116593
15,44,20.75496647854577
15,45,22.443016203898992
15,46,20.93255115681182
15,47,19.469585488259074
15,48,19.415583655301237
15,49,16.2332741427459
15,50,18.058044000762816
15,51,21.780193307533363
15,52,24.227716964483168
15,53,22.518009440580006
15,54,24.178152778827855
15,55,21.489882296796626
15,56,19.89530950538255
15,57,16.167930539786063
15,58,14.227723069265055
15,59,10.888590894902086
15,60,10.010211518792785
15,61,7.198564353571042
15,62,10.259047864658593
15,63,11.207961164529154
15,64,8.705472178769709
15,65,10.620695908483366
15,66,12.226484494090336
15,67,10.615329202489802
15,68,14.301740596840718
15,69,14.573012622981489
15,70,13.953052902458293
15,71,13.303181989379716
15,72,15.980120474921554
15,73,16.626759194419687
15,74,19.89014849256322
15,75,21.193100232518333
15,76,24.765678973756465
15,77,26.784147367000248
15,78,29.47551192696617
15,79,32.422749253208465
15,80,35.0307079151536
15,81,35.536176996513454
15,82,34.716607604642434
15,83,31.38447647857242
15,84,30.052258037418483
15,85,29.107876149979685
15,86,25.56228818700601
15,87,23.73429326634836
15,88,22.121392988102556
15,89,19.024549076866737
15,90,18.518708882292522
15,91,16.219208101521048
15,92,12.48206559113529
15,93,11.658513590507503
15,94,9.279892755616533
15,95,6.494628972344705
16,1,34.25447706823359
16,2,30.785735988477512
16,3,28.761994732720435
16,4,25.91377366241515
16,5,22.556703835039226
16,6,21.910668651439188
16,7,19.595494294378575
16,8,16.67193337703719
16,9,13.837841839272594
16,10,10.495689777417907
16,11,8.050028675598881
16,12,5.25423288816636
16,13,6.457272482734715
16,14,5.683143198081002
16,15,3.831344610819503
16,17,3.848805584856699
16,18,6.525921442677485
16,19,10.167966819586102
16,20,12.948874325217874
16,21,16.60537985969946
16,22,20.04197422554531
16,23,22.922954731580774
16,24,26.417162228067916
16,25,28.045901584016192
16,26,30.032530604313227
16,27,32.63830073416327
16,28,30.87687683940711
16,29,27.30822137587214
16,30,25.234004425543784
16,31,22.916908166114375
16,32,20.37486894303726
16,33,19.042143952728217
16,34,15.996431375454426
16,35,16.236111128456617
16,36,14.3667808582613
16,37,16.354844530145574
16,38,15.947881789020508
16,39,18.90723348417924
16,40,20.603754286899676
16,41,21.428557810621346
16,42,21.28263806322624
16,43,22.012955151020474
16,44,20.63937172163804
16,45,21.70101255810551
16,46,19.664335071753968
16,47,17.883091313522858
16,48,17.148135154507937
16,49,13.647437260340727
16,50,14.911995495869288
16,51,18.64814843127481
16,52,20.849819759349607
16,53,18.90586741346024
16,54,20.474289794481145
16,55,17.785148168308808
16,56,16.434983606242028
16,57,12.655078576233564
16,58,10.724432632741642
16,59,7.333671665500612
16,60,7.3763122444686084
16,61,5.2090239075882065
16,62,8.861457309205347
16,63,10.244360254894437
16,64,8.971055031047008
16,65,11.880405255740184
16,66,14.314574803801051
16,67,13.167719995653002
16,68,16.677312508866777
16,69,16.134211023941724
16,70,14.992038525151765
16,71,13.363095914136657
16,72,15.350831429697166
16,73,15.116687002099185
16,74,17.956078797016456
16,75,18.675727084495122
16,76,22.060269529140076
16,77,23.741734211585985
16,78,26.283481323783317
16,79,29.070351437725105
16,80,31.664297109196
16,81,32.37552147920644
16,82,31.696096666481562
16,83,28.50142074442032
16,84,27.348597566363928
16,85,26.780030862254023
16,86,23.40071880768306
16,87,21.657322799800042
16,88,20.570127350229328
16,89,17.720804825754588
16,90,17.952594559261527
16,91,16.32543902860363
16,92,12.918076798663316
16,93,13.202482469329526
16,94,11.57720227513069
16,95,8.67500079772331
17,1,30.853521184427823
17,2,27.484448879230623
17,3,25.398690089153146
17,4,22.390344445296734
17,5,19.1205344390835
17,6,18.435395646353065
17,7,16.21332757114157
17,8,13.072522796668245
17,9,10.466136160400957
17,10,6.991251114185124
17,11,5.549300238268651
17,12,4.414322977173977
17,13,7.601088344909238
17,14,8.204453856818487
17,15,6.221119418915075
17,16,3.848805584856699
17,18,3.7890576808066148
17,19,6.828936939710374
17,20,10.031508795063983
17,21,13.4639080734804
17,22,17.067996719593374
17,23,19.988683415259338
17,24,23.620867810218762
17,25,25.573112511199668
17,26,27.509735939601725
17,27,30.337544779553287
17,28,28.60401983933764
17,29,25.16038884748382
17,30,22.70984316709966
17,31,20.497871355802832
17,32,17.612794059509156
17,33,16.214027559150228
17,34,12.91625112176425
17,35,13.088612353600746
17,36,11.213307353751285
17,37,13.436804920837275
17,38,13.424025114639566
17,39,16.41326294533049
17,40,18.485900490169147
17,41,19.842813967288297
17,42,19.47388441860141
17,43,19.67209461618424
17,44,18.336181357371515
17,45,19.096293825287127
17,46,16.774687115367026
17,47,15.440218150483437
17,48,14.75788168491098
17,49,11.472030611972198
17,50,12.835498314016961
17,51,16.54851888317984
17,52,18.700919123565672
17,53,17.034488549746225
17,54,18.594789635642865
17,55,15.98847573113267
17,56,14.092873758652363
17,57,10.404403701492848
17,58,8.494685914149432
17,59,5.895458439457743
17,60,5.406663120486569
17,61,5.274564926566632
17,62,8.919338001618986
17,63,8.962116666237586
17,64,8.016016155996677
17,65,11.504663939140315
17,66,13.955117499524489
17,67,12.663514058781457
17,68,15.658958803284468
17,69,14.380241506360756
17,70,12.551598512836998
17,71,10.377487660373559
17,72,11.832885309437886
17,73,11.397152336197706
17,74,14.248608672370763
17,75,15.151536013914539
17,76,18.677571132979846
17,77,20.614296887548335
17,78,23.40833724251692
17,79,26.366502553334325
17,80,29.103023813487624
17,81,29.66487394908332
17,82,28.682389443806294
17,83,25.330175162427587
17,84,23.93513933099344
17,85,23.1635893208417
17,86,19.72117088560606
17,87,17.886890679306568
17,88,16.732222553660844
17,89,13.887459685965965
17,90,14.308751650539474
17,91,12.997662204304614
17,92,9.932556283286358
17,93,11.116123937796255
17,94,10.474377200380454
17,95,8.233606076924161
18,1,27.912464021765153
18,2,24.402834969919642
18,3,22.275445243350816
18,4,19.514368628902954
18,5,16.090802150688468
18,6,15.64515036975941
18,7,13.71806206800409
18,8,10.778451763713598
18,9,8.571532657796608
18,10,6.130189402036118
18,11,5.426515976145245
18,12,6.387683204952559
18,13,9.381607677890447
18,14,10.977842140183121
18,15,9.706869844833744
18,16,6.525921442677485
18,17,3.7890576808066148
18,19,3.7949530820100645
18,20,6.67319190457792
18,21,10.223116961918132
18,22,13.724488048703673
18,23,16.48799550442899
18,24,20.060198338999424
18,25,21.863755557666316
18,26,23.797775725350895
18,27,26.591490104018913
18,28,24.929129635029664
18,29,21.512038842609385
18,30,19.136279733067724
18,31,17.112505145723063
18,32,14.417683258841459
18,33,13.580109115421031
18,34,10.69527890213538
18,35,11.897861023186048
18,36,11.10117449869965
18,37,14.135610929335437
18,38,15.060980954346402
18,39,18.20561336854471
18,40,20.73299934850278
18,41,22.39735069419689
18,42,21.616072418125754
18,43,21.193119150759514
18,44,19.50899718003385
18,45,19.539977850006146
18,46,16.644666706952993
18,47,15.249777210930104
18,48,13.751159308631832
18,49,10.345359668220379
18,50,10.651037912056944
18,51,14.238674221968108
18,52,15.832163547464864
18,53,13.82307605664149
18,54,15.023419426941032
18,55,12.277452240675464
18,56,10.317163338188873
18,57,6.629400630901095
18,58,5.26795502266709
18,59,4.002182787134215
18,60,5.530471320393611
18,61,7.2781775158746385
18,62,10.482129347798189
18,63,10.578064203845095
18,64,10.791870869818103
18,65,14.523812153294195
18,66,17.227434776882248
18,67,16.117742910844605
18,68,18.82781447896088
18,69,17.057678257498374
18,70,14.779012940801445
18,71,11.956939469717383
18,72,12.270191725901785
