1,2,3.815658259965644
1,3,6.617013531656989
1,4,8.491495874592431
1,5,6.690346067011399
1,6,6.617350433194072
1,7,10.041113960939096
1,8,11.164045556382101
1,9,10.75306534714123
1,10,12.453677221144757
1,11,15.04812120718792
1,12,15.930567227777434
1,13,16.59999031098305
1,14,18.539594137501197
1,15,20.46635621959184
1,16,21.550923576314467
1,17,22.74942054732006
1,18,24.66761697823709
1,19,26.216602439324056
1,20,27.520657396863687
1,21,28.72855789979013
1,22,30.176745582367662
1,23,32.02366597132533
1,24,33.526754545766906
1,25,34.497610204815736
1,26,35.936752733124685
1,27,38.373191772726706
1,28,39.25800193782504
1,29,39.99572342981899
1,30,41.87238425902679
1,31,44.219305865145834
1,32,47.377238880666255
1,33,47.5035154375554
1,34,50.27167413614535
1,35,49.0893320315305
1,36,45.335804885705
1,37,43.47708084849242
1,38,39.94020579848912
1,39,41.263461292798894
1,40,39.81605745178506
1,41,36.20962853585574
1,42,35.474930301418425
1,43,36.44589449416174
1,44,34.90822909138967
1,45,31.44355415535079
1,46,32.257870596309125
1,47,33.425517205713135
1,48,30.218934609171153
1,49,28.184312186349988
1,50,30.613287053567507
1,51,30.58201740503684
1,52,26.81264399476261
1,53,26.705860516422003
1,54,29.77864531002221
1,55,31.952910576989495
1,56,34.71580590221441
1,57,37.36325763653913
1,58,39.82113784289252
1,59,40.559280940673446
1,60,39.391064934656356
1,61,38.91703763047901
1,62,39.64653970915186
1,63,43.058463565042615
1,64,42.7975791102527
1,65,41.488278127804655
1,66,38.90700998491757
1,67,37.85056457918779
1,68,37.331957625670825
1,69,35.321072723792355
1,70,33.06939878902554
1,71,32.85779642304011
1,72,31.79691729424912
1,73,28.877193063585423
1,74,27.844418490287694
1,75,28.282018038749992
1,76,26.270610641383968
1,77,23.390547910213918
1,78,23.37617449187226
1,79,23.754729099827866
1,80,21.075414280480402
1,81,18.529060887057565
1,82,19.35778513787551
1,83,19.546864798123096
1,84,16.018361733409993
1,85,14.92825137541999
1,86,17.241725520469902
1,87,15.814838330744227
1,88,12.267611608227082
1,89,14.126066891058038
1,90,16.151683203420692
1,91,13.397547208982473
1,92,12.192962647202844
1,93,15.898940610937649
1,94,16.56544830023369
1,95,14.083458003340224
1,96,15.591184380781904
1,97,19.076543144552804
1,98,18.859975244882634
1,99,18.152560720903995
1,100,20.995601447089122
1,101,23.107242204238712
1,102,22.39707876458517
1,103,20.561893876897283
2,1,3.815658259965644
2,3,3.8169513346942936
2,4,5.763006860729539
2,5,5.718108199839526
2,6,6.4938380206935395
2,7,8.768847952347667
2,8,10.246350020670045
2,9,11.130536403101594
2,10,12.537092838034301
2,11,14.434355006787511
2,12,15.980943702759696
2,13,17.20802894244015
2,14,18.53736062551167
2,15,20.253816253380602
2,16,21.97200971692003
2,17,23.162437436400307
2,18,24.538175671886673
2,19,26.269762176821274
2,20,28.00410857680033
2,21,28.955478825716487
2,22,30.032014958697353
2,23,32.17947231146067
2,24,33.86505962391477
2,25,34.46187753623612
2,26,35.72872527493111
2,27,38.45033183248498
2,28,39.30323724016202
2,29,39.68005767573051
2,30,41.57053178738832
2,31,44.17295741996203
2,32,47.202271501966315
2,33,47.083029642049205
2,34,49.87859075715315
2,35,48.67084388383364
2,36,44.96347490603519
2,37,43.285618811585664
2,38,39.796852104562724
2,39,41.39307309200884
2,40,40.26593002742435
2,41,36.79462042124473
2,42,36.16835346101284
2,43,36.777788806024404
2,44,35.0562216179996
2,45,31.76260169321869
2,46,32.42741317583989
2,47,33.20640195194211
2,48,29.950210873125485
2,49,27.974288248886364
2,50,30.09545000555315
2,51,29.75407718799303
2,52,25.9540389605264
2,53,25.766094599085978
2,54,28.517503748295802
2,55,30.926450371976728
2,56,33.73276989895263
2,57,36.57031195369306
2,58,38.99936079781757
2,59,40.085907511502256
2,60,38.940867405494096
2,61,38.222397580574366
2,62,38.90972537672395
2,63,42.195832996882956
2,64,41.94594563866382
2,65,40.427828879382766
2,66,38.078733222106486
2,67,37.14731055296495
2,68,36.272115265006875
2,69,34.18772024305004
2,70,32.272945943700506
2,71,31.90563968959618
2,72,30.45600130764777
2,73,27.733738601453656
2,74,26.96137790463097
2,75,26.984844684141713
2,76,24.670152246236256
2,77,22.179820153165387
2,78,22.2499108015151
2,79,22.062626130545095
2,80,19.204983210621673
2,81,17.17128898847506
2,82,17.900320901809078
2,83,17.403818965970167
2,84,13.853517422996303
2,85,13.251685838379649
2,86,15.047867226185563
2,87,13.00542006294131
2,88,9.73884946545218
2,89,11.981667378712661
2,90,13.334829716555042
2,91,10.213244842718217
2,92,9.774625540674908
2,93,13.500400956200693
2,94,13.575095590207814
2,95,11.336033225476902
2,96,13.54656615426488
2,97,16.674666529960337
2,98,16.22408702980954
2,99,16.157902864831616
2,100,19.142508492898017
2,101,20.844994128135852
2,102,20.387644354779
2,103,18.15730093263348
3,1,6.617013531656989
3,2,3.8169513346942936
3,4,3.815358563913179
3,5,5.491892548229809
3,6,5.1315875952108865
3,7,5.9193112382851165
3,8,8.401607603854046
3,9,9.866579139535668
3,10,10.321602609802008
3,11,11.88591648893288
3,12,14.16328043131938
3,13,15.359179771387252
3,14,16.00863862202992
3,15,17.863371984911467
3,16,20.010123636561215
3,17,20.858445153721714
3,18,21.893196771898754
3,19,23.962159161171765
3,20,25.8247990297695
3,21,26.399426898422067
3,22,27.361829892196432
3,23,29.799565839411876
3,24,31.412607633750987
3,25,31.693050788112767
3,26,33.01077004077772
3,27,35.89399191542473
3,28,36.55901724376741
3,29,36.748986433376615
3,30,38.78001151863785
3,31,41.489434558715956
3,32,44.377868982514954
3,33,44.22025051972806
3,34,47.12470249570278
3,35,46.060914260109705
3,36,42.36064721452928
3,37,40.918655778871624
3,38,37.39430568204045
3,39,39.030775976025005
3,40,38.16695554884008
3,41,34.78834178192502
3,42,34.46527351518982
3,43,34.930847589088586
3,44,32.911033864435126
3,45,29.818629049225745
3,46,30.663766822590045
3,47,31.09387671775291
3,48,27.68351768790563
3,49,26.045526262800948
3,50,28.16556810879047
3,51,27.414149918153644
3,52,23.60219732996827
3,53,23.787594188803034
3,54,26.30424201694599
3,55,29.026536888997747
3,56,31.595214641396158
3,57,34.65582740805767
3,58,36.839918584212796
3,59,38.07673688207436
3,60,36.70496686422622
3,61,35.69311313689373
3,62,36.1349419594443
3,63,39.29850337502583
3,64,38.87607964820867
3,65,37.17333172283998
3,66,34.86072403653766
3,67,34.13848485999574
3,68,33.1742028591179
3,69,30.91429860668417
3,70,29.184811279488002
3,71,28.96312498505346
3,72,27.301344813103782
3,73,24.53610323724607
3,74,24.10024061864095
3,75,24.137894554352535
3,76,21.554387126073326
3,77,19.18286898137147
3,78,19.686514597008077
3,79,19.414115377415435
3,80,16.244491619585013
3,81,14.591724296132478
3,82,15.868458143246976
3,83,15.077937866944998
3,84,11.365159274674074
3,85,11.709795620894775
3,86,13.706508601474761
3,87,11.283882705835742
3,88,8.680002954915588
3,89,11.86825820909022
3,90,12.967739865193675
3,91,10.078242646952518
3,92,10.884523992189704
3,93,14.528868092857557
3,94,14.295936134181709
3,95,12.889541281850473
3,96,15.609851516880184
3,97,18.28009722812621
3,98,17.84176606253008
3,99,18.49553338430618
3,100,21.413754132482655
3,101,22.780161112842357
3,102,22.66042645842337
3,103,20.082125763737327
4,1,8.491495874592431
4,2,5.763006860729539
4,3,3.815358563913179
4,5,3.8004420218437067
4,6,5.503905325964005
4,7,5.055818519770448
4,8,5.986710819995396
4,9,8.597110516901276
4,10,9.762617914324787
4,11,10.255639919383956
4,12,12.287419809843332
4,13,14.346082669365524
4,14,15.008105733968113
4,15,16.09418052446484
4,16,18.459768110494473
4,17,19.841087131856472
4,18,20.5035578154388
4,19,22.187246852967974
4,20,24.462392620316397
4,21,25.288280533100437
4,22,25.807248102962852
4,23,28.128938283482732
4,24,30.13571886665268
4,25,30.418035061390775
4,26,31.331528236288445
4,27,34.29241209156872
4,28,35.27343537752858
4,29,35.282624924582535
4,30,37.024407515930726
4,31,39.86237921146348
4,32,42.80594695309896
4,33,42.391410039042526
4,34,45.12074729261111
4,35,43.82030297967673
4,36,40.18387432998318
4,37,38.63180326357567
4,38,35.24107040438881
4,39,37.141719168532575
4,40,36.347948180479264
4,41,33.08748117096814
4,42,32.53348099872152
4,43,32.6940833738748
4,44,30.83013898657252
4,45,27.761637205938403
4,46,28.221260330493173
4,47,28.58673656180193
4,48,25.3505857931403
4,49,23.44262874238317
4,50,25.251856526833972
4,51,24.633173771377113
4,52,20.858338802235465
4,53,20.647194534205735
4,54,23.127374727224904
4,55,25.736171863893144
4,56,28.48788815843794
4,57,31.482055823293933
4,58,33.82605286960912
4,59,35.180546582881725
4,60,34.05003157041327
4,61,33.15707949095
4,62,33.88222278293936
4,63,37.0864158120277
4,64,36.973932064581845
4,65,35.43760469924338
4,66,33.345050997374365
4,67,32.33738130585529
4,68,31.161930523218967
4,69,29.20746646960616
4,70,27.500798469485456
4,71,26.834596272760287
4,72,25.198528269848104
4,73,22.75206859037178
4,74,21.989720597687278
4,75,21.62411384572126
4,76,19.25630983255689
4,77,17.067752168088557
4,78,17.02017476312999
4,79,16.462346009703005
4,80,13.620936651251824
4,81,11.878692177959971
4,82,12.54570605015483
4,83,11.706484502844877
4,84,8.134022342031368
4,85,8.082498421845715
4,86,9.915386053712687
4,87,7.7374814098606945
4,88,4.929143090894505
4,89,8.298790798760136
4,90,9.675954224417634
4,91,7.464737239421353
4,92,8.44317488058129
4,93,11.935534268489661
4,94,12.221749238688671
4,95,11.633194961582559
4,96,14.086973523952121
4,97,16.55240803138097
4,98,16.806490322506168
4,99,17.792341030489396
4,100,20.215847205328842
4,101,21.7583154948969
4,102,22.25318628682072
4,103,19.935307173287626
5,1,6.690346067011399
5,2,5.718108199839526
5,3,5.491892548229809
5,4,3.8004420218437067
5,6,3.80157587067336
5,7,5.43375518320963
5,8,4.99951072006648
5,9,6.228287974637838
5,10,8.579971968030828
5,11,9.784498652592255
5,12,10.74192194848038
5,13,12.627437995815631
5,14,14.211522409105037
5,15,15.279956356723728
5,16,16.95811522453215
5,17,18.6792081332656
5,18,19.909530793823436
5,19,21.202286323326636
5,20,23.17390591052461
5,21,24.467610254821942
5,22,25.2669155214308
5,23,27.1833535967088
5,24,29.17992670096713
5,25,29.93241489356806
5,26,30.887018517397735
5,27,33.55915303557547
5,28,34.73463265647799
5,29,35.10407524215873
5,30,36.711046081201786
5,31,39.3163172653027
5,32,42.45901151887362
5,33,42.22125126213912
5,34,44.84954740269031
5,35,43.46105989764694
5,36,39.77918025785155
5,37,37.937763525835834
5,38,34.52543552143547
5,39,36.23298209945652
5,40,35.06860899827778
5,41,31.658854310671007
5,42,30.840081827864832
5,43,31.30064771312392
5,44,29.72920356533657
5,45,26.400169803326968
5,46,26.854617346363195
5,47,27.70871458402614
5,48,24.581086648746975
5,49,22.405437080372582
5,50,24.498824047484003
5,51,24.377219652257367
5,52,20.61173823086904
5,53,20.281309336248462
5,54,23.232291897992333
5,55,25.46662273802584
5,56,28.29690580377823
5,57,31.021627831412985
5,58,33.515287891537994
5,59,34.49414710075857
5,60,33.45669045727427
5,61,32.93310923561474
5,62,33.85642529514541
5,63,37.254274068072135
5,64,37.26910476011175
5,65,36.05401790977965
5,66,33.760849661653616
5,67,32.46795333962559
5,68,31.638748137945377
5,69,29.89866210108446
5,70,27.763279888232514
5,71,27.09349815697785
5,72,25.96562840013452
5,73,23.38115822438615
5,74,22.115110443420715
5,75,22.122955629288764
5,76,20.259987529580226
5,77,17.58372948482676
5,78,17.14247351881151
5,79,17.273664047217093
5,80,14.86040620228382
5,81,12.235913483453759
5,82,12.715342243271854
5,83,12.97841032217484
5,84,9.605784227489538
5,85,8.252908440532678
5,86,10.851538689119822
5,87,9.91320757886588
5,88,6.437404648545751
5,89,8.745467402750245
5,90,11.31196220101139
5,91,9.62029513700658
5,92,9.104808263382887
5,93,12.74709586080009
5,94,13.968895134257965
5,95,12.97488143073415
5,96,14.604103655503005
5,97,17.597462010596658
5,98,18.281603425236646
5,99,18.590913004169952
5,100,20.8105052089509
5,101,22.918864682245427
5,102,23.29650628368905
5,103,21.43382632657262
6,1,6.617350433194072
6,2,6.4938380206935395
6,3,5.1315875952108865
6,4,5.503905325964005
6,5,3.80157587067336
6,7,3.7950991213791223
6,8,5.363818383965639
6,9,5.1180443441756935
6,10,6.100538784657679
6,11,8.501094106039615
6,12,9.943528356011004
6,13,10.759415027651555
6,14,12.173753651807123
6,15,14.105963242833447
6,16,15.63688028138803
6,17,16.69390949317329
6,18,18.26285566972823
6,19,20.0232694117867
6,20,21.571470630528182
6,21,22.542253802067794
6,22,23.788002792833137
6,23,25.86188350976666
6,24,27.43352421976129
6,25,28.157508674358688
6,26,29.536031435826107
6,27,32.13254630809188
6,28,32.97010201788333
6,29,33.52933652511763
6,30,35.43961493824688
6,31,37.904164482523974
6,32,40.985367065212984
6,33,41.03216916839527
6,34,43.85613012016692
6,35,42.75624657719705
6,36,38.99939910373528
6,37,37.31787760936527
6,38,33.74242290661674
6,39,35.14699708738475
6,40,33.96663414888238
6,41,30.45893019428098
6,42,30.005454404199913
6,43,30.76714928595062
6,44,28.92192380075916
6,45,25.63423761943457
6,46,26.6249788287692
6,47,27.446702728872285
6,48,24.07172358445224
6,49,22.354695773362938
6,50,24.870147207968458
6,51,24.474396581356057
6,52,20.677454709816093
6,53,21.030441118871185
6,54,23.99611149421881
6,55,26.44841887282679
6,56,28.909988237232355
6,57,31.76598295058849
6,58,33.95031871649975
6,59,34.76985428376346
6,60,33.34829777618681
6,61,32.63686474135241
6,62,33.1887271012058
6,63,36.547704956242455
6,64,36.21114366682873
6,65,34.87106755694081
6,66,32.30742137011629
6,67,31.27962926052882
6,68,30.743293584175092
6,69,28.706809240816725
6,70,26.46870815579099
6,71,26.31129277014198
6,72,25.247454039833837
6,73,22.270173896527933
6,74,21.31132482853393
6,75,21.888261582176778
6,76,19.857470914237734
6,77,16.85880044052539
6,78,17.120851225089428
6,79,17.765108071251674
6,80,14.977361811321662
6,81,12.36497455179423
6,82,13.887586612365729
6,83,14.344357399347068
6,84,10.744721807731375
6,85,10.328310125583414
6,86,13.436584175267393
6,87,12.285724361115763
6,88,9.390188587228183
6,89,12.245424916026092
6,90,14.588255812766706
6,91,12.703427470648846
6,92,12.693484654637452
6,93,16.38715752409513
6,94,17.235450953149822
6,95,16.081415163939745
6,96,18.02765221578258
6,97,21.02840870904485
6,98,21.333466391165352
6,99,21.632114955174064
6,100,24.13898186108613
6,101,26.0834031081919
6,102,26.1692336792461
6,103,24.042234685374098
7,1,10.041113960939096
7,2,8.768847952347667
7,3,5.9193112382851165
7,4,5.055818519770448
7,5,5.43375518320963
7,6,3.7950991213791223
7,8,3.8124440320815984
7,9,5.440395765088019
7,10,5.00435841124141
7,11,5.9757213051430815
7,12,8.59977327245742
7,13,9.92054722927839
7,14,10.246854051201373
7,15,11.95627443849241
7,16,14.27144218388374
7,17,15.15112809376316
7,18,16.02313973128143
7,19,18.05918516911807
7,20,20.02582078875219
7,21,20.625237691985756
7,22,21.478176690551596
7,23,23.89431150854468
7,24,25.59163064438897
7,25,25.89705573937576
7,26,27.132720861269373
7,27,29.999564868381686
7,28,30.76200387052826
7,29,30.977279742753865
7,30,32.927706325213556
7,31,35.613951317991635
7,32,38.55183770616857
7,33,38.40584071682197
7,34,41.28193170923311
7,35,40.22346823841594
7,36,36.50302584240326
7,37,35.05065871013571
7,38,31.499525330575874
7,39,33.11279182178333
7,40,32.29467521498472
7,41,28.961419481159304
7,42,28.74371243435708
7,43,29.156175402629597
7,44,27.032975864758107
7,45,24.005702303675246
7,46,24.986902718980993
7,47,25.334067258268696
7,48,21.853102327833675
7,49,20.401803169224138
7,50,22.71476513532257
7,51,21.86990136046258
7,52,18.05648389372905
7,53,18.647078142660035
7,54,21.275669343516682
7,55,24.054532853698507
7,56,26.355180300784983
7,57,29.447748109358546
7,58,31.44837652888977
7,59,32.543492751339386
7,60,31.000868730492094
7,61,29.98418166860561
7,62,30.390105484075
7,63,33.62288171616639
7,64,33.23349505569756
7,65,31.715069322471756
7,66,29.31541472117498
7,67,28.417020619665365
7,68,27.62015138445781
7,69,25.490132328598797
7,70,23.51801047721943
7,71,23.3026174133728
7,72,21.927927213943057
7,73,19.042542663469145
7,74,18.372038903943327
7,75,18.722197345934287
7,76,16.397394769984455
7,77,13.629619847471455
7,78,14.209387971756415
7,79,14.558887184939632
7,80,11.479249685695837
7,81,9.31994129337939
7,82,11.328131905270498
7,83,11.364037730065121
7,84,7.708965882349855
7,85,8.42499672196996
7,86,11.505581701233847
7,87,10.136183986364319
7,88,8.245899732983219
7,89,11.658446589190337
7,90,13.574689399502947
7,91,12.145188472679271
7,92,13.114505026969804
7,93,16.49847113778433
7,94,17.075682595890736
7,95,16.67778303035796
7,96,18.969273848957066
7,97,21.485809637737063
7,98,21.858880426729037
7,99,22.785183472702577
7,100,25.16728391385306
7,101,26.803930901955724
7,102,27.268779400350915
7,103,24.916882984161333
8,1,11.164045556382101
8,2,10.246350020670045
8,3,8.401607603854046
8,4,5.986710819995396
8,5,4.99951072006648
8,6,5.363818383965639
8,7,3.8124440320815984
8,9,3.7837944965669226
8,10,5.442468361594587
8,11,5.093416051026765
8,12,6.343746523469367
8,13,8.863131814373537
8,14,9.88419967467363
8,15,10.486298771270693
8,16,12.608404169719535
8,17,14.395433638455339
8,18,15.185807397228002
8,19,16.47747640994791
8,20,18.740179413066848
8,21,19.929393962270915
8,22,20.446174252933336
8,23,22.46860620944335
8,24,24.599864328802322
8,25,25.193653985012485
8,26,26.004187213890216
8,27,28.77863238073669
8,28,29.995742821576734
8,29,30.22772055017446
8,30,31.784951332086777
8,31,34.47051880607479
8,32,37.576999643431805
8,33,37.261130393501944
8,34,39.89374063523237
8,35,38.53293460947378
8,36,34.851859778118005
8,37,33.10788589276857
8,38,29.683298052869002
8,39,31.473612724513238
8,40,30.507137984945267
8,41,27.206401561672422
8,42,26.567135815234924
8,43,26.824812920202174
8,44,25.049097502225116
8,45,21.871012589562508
8,46,22.409659194295536
8,47,22.991325815884462
8,48,19.758758474209557
8,49,17.79698011983675
8,50,19.95523111441091
8,51,19.575990700215197
8,52,15.77747752886723
8,53,15.822199327928436
8,54,18.7471913342408
8,55,21.18320576415215
8,56,23.757170710711414
8,57,26.63082874447899
8,58,28.91199940034394
8,59,29.92022594395403
8,60,28.696477501007394
8,61,28.031395253959506
8,62,28.87212088007267
8,63,32.26126676209193
8,64,32.28006917750053
8,65,31.12282159927518
8,66,28.85899487355884
8,67,27.492109617366097
8,68,26.66494404764621
8,69,25.00538078600068
8,70,22.82281801138326
8,71,22.099866119636605
8,72,21.066725521385592
8,73,18.492164467072882
8,74,17.118260306196877
8,75,17.223540653070444
8,76,15.499469198267407
8,77,12.664996387570614
8,78,12.24637677895728
8,79,12.740457686646355
8,80,10.416278039813287
8,81,7.431386872385011
8,82,8.54549691556983
8,83,9.435572086362317
8,84,6.250590396942049
8,85,5.470361293089973
8,86,9.066163971993875
8,87,8.930363627524649
8,88,6.891738834067376
8,89,9.519933284226141
8,90,12.173265320650502
8,91,11.677472119180257
8,92,12.071256193655076
8,93,15.146230655790072
8,94,16.494796168153826
8,95,16.493185337162803
8,96,18.175638834439752
8,97,20.682390640706796
8,98,21.715865934869303
8,99,22.560326546766333
8,100,24.458853343909123
8,101,26.43777531165039
8,102,27.27717888909788
8,103,25.33314548915012
9,1,10.75306534714123
9,2,11.130536403101594
9,3,9.866579139535668
9,4,8.597110516901276
9,5,6.228287974637838
9,6,5.1180443441756935
9,7,5.440395765088019
9,8,3.7837944965669226
9,10,3.7827980776085184
9,11,5.429120196794448
9,12,5.192414371288087
9,13,6.478602240537005
9,14,8.704083672812546
9,15,9.911085575304885
9,16,10.982470338475194
9,17,12.70990217946315
9,18,14.401505476075291
9,19,15.555937242868202
9,20,17.15920069487341
9,21,18.64538212177403
9,22,19.759766937676343
9,23,21.44034106077855
9,24,23.26808976577049
9,25,24.325272004811282
9,26,25.448096764935503
9,27,27.86675721876022
9,28,29.05398871135124
9,29,29.757133719294444
9,30,31.368098036599307
9,31,33.72731111299981
9,32,36.97261263329228
9,33,37.00100062912404
9,34,39.64826456228441
9,35,38.38861064482378
9,36,34.63817191046129
9,37,32.726193636694994
9,38,29.197751747912275
9,39,30.59408995313518
9,40,29.24709608705935
9,41,25.73356457442914
9,42,25.05752913023202
9,43,25.82775873098163
9,44,24.185038055564533
9,45,20.774774656084485
9,46,21.668035706573654
9,47,22.73615018212504
9,48,19.495723672271012
9,49,17.592707940307534
9,50,20.290157717854104
9,51,20.245240866695436
9,52,16.547924882498723
9,53,16.91161196781263
9,54,20.19532585323021
9,55,22.342026401705112
9,56,24.718417784634944
9,57,27.36815158283454
9,58,29.57754895404693
9,59,30.122087888663053
9,60,28.763961530332136
9,61,28.34468761551487
9,62,29.132698559373797
9,63,32.64508651389117
9,64,32.56271343332472
9,65,31.62689509790509
9,66,29.034989998264944
9,67,27.585817131459756
9,68,27.274341791583854
9,69,25.64495734011909
9,70,23.03366035473242
9,71,22.651186908573568
9,72,22.147516163055734
9,73,19.258823739303207
9,74,17.641277875749832
9,75,18.474757190728184
9,76,17.159193736134068
9,77,13.808602257681526
9,78,13.501543063021455
9,79,14.92280652545148
9,80,12.882980219483803
9,81,9.475561801233942
9,82,10.917791705075414
9,83,12.639734114915106
9,84,9.790911868435469
9,85,8.683533656258657
9,86,12.421904641036427
9,87,12.661369874758552
9,88,10.291973827174589
9,89,12.47465628139746
9,90,15.509861448986351
9,91,14.838854738028648
9,92,14.598331883302421
9,93,17.852048388375067
9,94,19.469915516011742
9,95,18.984736107421664
9,96,20.3727724093678
9,97,23.252622855255876
9,98,24.28239248084814
9,99,24.651687389905234
9,100,26.61211186640799
9,101,28.869262172722838
9,102,29.426272704495933
9,103,27.633548182019066
10,1,12.453677221144757
10,2,12.537092838034301
10,3,10.321602609802008
10,4,9.762617914324787
10,5,8.579971968030828
10,6,6.100538784657679
10,7,5.00435841124141
10,8,5.442468361594587
10,9,3.7827980776085184
10,11,3.7991669167922724
10,12,5.368036476337631
10,13,5.175958553216234
10,14,6.1040185352844665
10,15,8.491885544767655
10,16,10.005369236025675
10,17,10.65012095118163
10,18,12.267513130722365
10,19,14.23992603288218
10,20,15.643959249270054
10,21,16.447853666605493
10,22,17.81423816814837
10,23,19.942500536054766
10,24,21.374253428401524
10,25,22.08937792261323
10,26,23.591481991752914
10,27,26.131514146672078
10,28,26.889023232904833
10,29,27.54855631337053
10,30,29.521923910200183
10,31,31.897991822101538
10,32,34.97526467948767
10,33,35.15744154091721
10,34,38.043269268598785
10,35,37.10231086625446
10,36,33.310356123113216
10,37,31.731372099549628
10,38,28.065917839766126
10,39,29.297875720059256
10,40,28.197420335332048
10,41,24.712316710569134
10,42,24.59860653937308
10,43,25.42619491464593
10,44,23.307388348399495
10,45,20.156623094536958
10,46,21.593399713603354
10,47,22.266756976308564
10,48,18.7214680499017
10,49,17.52688999623001
10,50,20.429546217688863
10,51,19.782568599036082
10,52,16.102971261702347
10,53,17.277358799649107
10,54,20.23974636591449
10,55,22.787414468165334
10,56,24.70629126004882
10,57,27.61981415474361
10,58,29.409208650369532
10,59,30.015734960040746
10,60,28.2235350184789
10,61,27.395489914826463
10,62,27.69932260231664
10,63,31.06686894055481
10,64,30.584526016580647
10,65,29.37595816766098
10,66,26.620783611360817
10,67,25.559605923947206
10,68,25.356608409201705
10,69,23.338965097103234
10,70,20.82046871167099
10,71,20.95627003275635
10,72,20.27993357167137
10,73,17.047761629894186
10,74,16.003416495386766
10,75,17.26600510204589
10,76,15.571397059312686
10,77,12.098197003738942
10,78,12.817147421728052
10,79,14.457184327783768
10,80,11.931026542069919
10,81,9.060248894544475
10,82,11.68027219101806
10,83,13.059061516133617
10,84,10.15749666908491
10,85,10.425084334130995
10,86,14.103694212031236
10,87,13.828614892858816
10,88,12.128099376181872
10,89,14.954515240579527
10,90,17.48670107221182
10,91,16.621369347293868
10,92,17.09307233306955
10,93,20.39873183974908
10,94,21.51476711430897
10,95,21.127104894122347
10,96,22.997583392822747
10,97,25.70778301569142
10,98,26.396782140930497
10,99,27.0514206990153
10,100,29.258111945669796
10,101,31.208714274790534
10,102,31.68147278441479
10,103,29.54083007400564
11,1,15.04812120718792
11,2,14.434355006787511
11,3,11.88591648893288
11,4,10.255639919383956
11,5,9.784498652592255
11,6,8.501094106039615
11,7,5.9757213051430815
11,8,5.093416051026765
11,9,5.429120196794448
11,10,3.7991669167922724
11,12,3.8096353723547005
11,13,5.506849019853098
11,14,5.0435378452000705
11,15,5.991881105685509
11,16,8.661171941635244
11,17,9.77251555087898
11,18,10.287808212670145
11,19,12.111041289963817
11,20,14.314609405990437
11,21,15.062569284283219
11,22,15.670331689812564
11,23,17.979803866996008
11,24,19.880326125964523
11,25,20.275279557207792
11,26,21.314943262041687
11,27,24.13993788750472
11,28,25.11492444938214
11,29,25.370783135013532
11,30,27.142302724969785
11,31,29.79391705609149
11,32,32.8234559632364
11,33,32.667791353504484
11,34,35.46737843075955
11,35,34.369446831041266
11,36,30.62894199212583
11,37,29.115412724018597
11,38,25.545283989513276
11,39,27.15353827714455
11,40,26.372404855415237
11,41,23.10815850366523
11,42,22.974923247432034
11,43,23.288016342526188
11,44,21.070134523702627
11,45,18.116868135836217
11,46,19.237043165491592
11,47,19.496740862416814
11,48,15.94944218815408
11,49,14.733549881121256
11,50,17.312490828719927
11,51,16.408072039761755
11,52,12.65496451067235
11,53,13.837940368272381
11,54,16.60261477776692
11,55,19.334486340510928
11,56,21.24686229531641
11,57,24.31053293650832
11,58,26.084922971173572
11,59,26.964799215396436
11,60,25.240486334130896
11,61,24.277034350747336
11,62,24.701137310272298
11,63,28.046733930152968
11,64,27.768288864464026
11,65,26.56684155513694
11,66,24.08571621569849
11,67,22.864182797255864
11,68,22.31063703176098
11,69,20.469614406492003
11,70,18.115918478059836
11,71,17.826128953512686
11,72,16.98066078297263
11,73,14.018898020869232
11,74,12.818880508936424
11,75,13.671759758621649
11,76,11.996426305422837
11,77,8.610989639996172
11,78,9.126508048880982
11,79,10.666343989787274
11,80,8.299640278736392
11,81,5.340714320778821
11,82,8.32112242413798
11,83,9.83170023365918
11,84,7.553685798076107
11,85,8.315197169942362
11,86,11.818416331981698
11,87,11.98557172125116
11,88,11.213826286856888
11,89,13.877515211850644
11,90,16.206418201452244
11,91,16.06399044417727
11,92,16.96036975774063
11,93,19.82426219278453
11,94,20.996747368049448
11,95,21.28619129690073
11,96,23.141449166320424
11,97,25.4513913457349
11,98,26.43223402227567
11,99,27.50137602323555
11,100,29.41063485522554
11,101,31.243093724055065
11,102,32.1472585688838
11,103,30.024606059813404
12,1,15.930567227777434
12,2,15.980943702759696
12,3,14.16328043131938
12,4,12.287419809843332
12,5,10.74192194848038
12,6,9.943528356011004
12,7,8.59977327245742
12,8,6.343746523469367
12,9,5.192414371288087
12,10,5.368036476337631
12,11,3.8096353723547005
12,13,3.7969544739979066
12,14,5.424307157302358
12,15,5.04063770981163
12,16,6.329607794991238
12,17,8.695486566838277
12,18,9.836894492476212
12,19,10.540651910045101
12,20,12.582847779020144
12,21,14.251060568343574
12,22,14.923181577829851
12,23,16.502528488425654
12,24,18.65293377609373
12,25,19.691236079518816
12,26,20.496341612144633
12,27,22.95215282632173
12,28,24.370202235467275
12,29,24.969413673683707
12,30,26.3692469893759
12,31,28.783604652133675
12,32,32.062806896402854
12,33,31.97320258537996
12,34,34.535516775031304
12,35,33.21180158245868
12,36,29.47108309595935
12,37,27.548916975423783
12,38,24.0367471048676
12,39,25.549537020873398
12,40,24.34690184996277
12,41,20.955096595790522
12,42,20.34862216898509
12,43,20.864333014338534
12,44,19.101222304959894
12,45,15.786869931452689
12,46,16.702914977687012
12,47,17.589067564086314
12,48,14.304783247717964
12,49,12.5437547661007
12,50,15.409921191247504
12,51,15.285423733705425
12,52,11.687520156243497
12,53,12.508423674888821
12,54,15.830299727558183
12,55,17.952032346659553
12,56,19.98463593178456
12,57,22.650215034280343
12,58,24.653303453661042
12,59,25.11576455145883
12,60,23.62093236200906
12,61,23.200542645444056
12,62,24.03396907451092
12,63,27.59813169230993
12,64,27.657455398952052
12,65,26.967160840549038
12,66,24.433339071242766
12,67,22.705260777518117
12,68,22.48581648433575
12,69,21.168649593219087
12,70,18.359487221453247
12,71,17.786966442926058
12,72,17.695596780741205
12,73,14.949287161008803
12,74,12.845908621104378
12,75,13.951347683892356
12,76,13.293292433522744
12,77,9.747614721715314
12,78,9.114448804754575
12,79,11.440098684128074
12,80,10.24303234923171
12,81,6.615402018824241
12,82,8.435099873093295
12,83,11.15896717907657
12,84,9.59219404694867
12,85,8.932567611480964
12,86,12.556703163126468
12,87,13.712167945330133
12,88,12.585347824151315
12,89,14.421943517614407
12,90,17.34397391633756
12,91,17.629244898779614
12,92,17.821122146888296
12,93,20.528523751629244
12,94,22.316516713424758
12,95,22.57035960636014
12,96,23.868958321877315
12,97,26.3480605052572
12,98,27.746511188522373
12,99,28.49517009874775
12,100,30.103646454591658
12,101,32.306738665379676
12,102,33.30120217714935
12,103,31.54230582544215
13,1,16.59999031098305
13,2,17.20802894244015
13,3,15.359179771387252
13,4,14.346082669365524
13,5,12.627437995815631
13,6,10.759415027651555
13,7,9.92054722927839
13,8,8.863131814373537
13,9,6.478602240537005
13,10,5.175958553216234
13,11,5.506849019853098
13,12,3.7969544739979066
13,14,3.7831910683201024
13,15,5.393823084632952
13,16,5.209770738904006
13,17,6.360701995614221
13,18,8.76193124586422
13,19,9.972517579731596
13,20,10.923763541330144
13,21,12.402102546667235
13,22,13.996359119947996
13,23,15.519845761352384
13,24,16.98712662999397
13,25,18.2770882125347
13,26,19.707132346674715
13,27,21.860269593177442
13,28,22.91182317530043
13,29,23.960378307634386
13,30,25.677352490335895
13,31,27.76594594690456
13,32,31.04460646620274
13,33,31.3979995699834
13,34,34.13264397807129
13,35,33.137022431712474
13,36,29.3306396317544
13,37,27.504381896766624
13,38,23.82859629583684
13,39,24.806928242160353
13,40,23.3961953705616
13,41,19.809926624907394
13,42,19.598613798389685
13,43,20.709030806157084
13,44,18.75701674684918
13,45,15.447040859091867
13,46,17.148256389128864
13,47,18.219035359782087
13,48,14.807329601129561
13,49,13.732202066748243
13,50,17.103541782308962
13,51,16.862744848201203
13,52,13.55904816046316
13,53,15.100126174107766
13,54,18.305749860538334
13,55,20.388774584034586
13,56,21.932456385671564
13,57,24.517604548802
13,58,26.15507483504546
13,59,26.254021952481917
13,60,24.372018796496498
13,61,23.895537028380286
13,62,24.31832496962971
13,63,27.84177735811183
13,64,27.516677714568228
13,65,26.82652825461363
13,66,23.899774843978804
13,67,22.410190493679917
13,68,22.748101819791998
13,69,21.18506590643512
13,70,18.105718504843416
13,71,18.26591643161089
13,72,18.499018760824285
13,73,15.310823291029958
13,74,13.524323310791019
13,75,15.518496121574884
13,76,14.886451115624867
13,77,11.100256240683553
13,78,11.382866967991765
13,79,14.187863091337835
13,80,12.779350261160614
13,81,9.601970059952016
13,82,12.01650893425805
13,83,14.547639160365941
13,84,12.740778672888624
13,85,12.501862470804511
13,86,16.1954418272295
13,87,16.970303026839677
13,88,15.632275488947911
13,89,17.769771115140774
13,90,20.676423363896884
13,91,20.53186656219566
13,92,20.68840128305703
13,93,23.67801677175108
13,94,25.31601602969929
13,95,25.20795037319353
13,96,26.635210339042327
13,97,29.329923756054566
13,98,30.47533058788684
13,99,31.036900078317345
13,100,32.89110058923212
13,101,35.109775757655655
13,102,35.811678521802065
13,103,33.94093996281649
14,1,18.539594137501197
14,2,18.53736062551167
14,3,16.00863862202992
14,4,15.008105733968113
14,5,14.211522409105037
14,6,12.173753651807123
14,7,10.246854051201373
14,8,9.88419967467363
14,9,8.704083672812546
14,10,6.1040185352844665
14,11,5.0435378452000705
14,12,5.424307157302358
14,13,3.7831910683201024
14,15,3.809356349318184
14,16,5.454871551834362
14,17,5.003955641127978
14,18,6.219295051662241
14,19,8.657059600911774
14,20,10.02317246770746
14,21,10.431771026755426
14,22,11.770588152165873
14,23,14.076937416765938
14,24,15.41276053808505
14,25,15.988420356103827
14,26,17.555447734884115
14,27,20.107939962021483
14,28,20.79723070147177
14,29,21.471758370686448
14,30,23.489108171818195
14,31,25.830046705373295
14,32,28.881255350732697
14,33,29.14400650168844
14,34,32.090237746749295
14,35,31.317237347392048
14,36,27.506661828978793
14,37,26.101902180768946
14,38,22.36019200364692
14,39,23.457264813389713
14,40,22.579131477097814
14,41,19.219544001815798
14,42,19.60772662096981
14,43,20.3584186424953
14,44,17.830469566398946
14,45,15.018289923180902
14,46,17.001107263671834
14,47,17.30063464382331
14,48,13.588962451564997
14,49,13.300777866696938
14,50,16.503620580630546
14,51,15.440201215012403
14,52,12.172998639776532
14,53,14.43927138950605
14,54,17.084813942546717
14,55,19.658228753112535
14,56,20.794408700710083
14,57,23.73110730965911
14,58,24.969005679904217
14,59,25.378357726701527
14,60,23.14533409623603
14,61,22.117751250269176
14,62,22.095087571097995
14,63,25.433507983548182
14,64,24.802879500039342
14,65,23.764736994485986
14,66,20.840548284500485
14,67,19.709676096696015
14,68,19.882092878207185
14,69,17.95437000010221
14,70,15.106086383678228
14,71,15.594000993886192
14,72,15.462333034906404
14,73,12.033331183608766
14,74,10.881823898352696
14,75,13.085856550041024
14,76,12.039325840613715
14,77,8.288705502019539
14,78,9.667278805134186
14,79,12.440183717899528
14,80,10.757009441333699
14,81,8.448194702231826
14,82,11.665385076592928
14,83,13.689377060354518
14,84,12.163500810385562
14,85,13.003165953111981
14,86,16.41302546138939
14,87,16.854894428570372
14,88,16.25005213518932
14,89,18.77344468656923
14,90,21.1841720572877
14,91,21.10184267105308
14,92,21.914953690062948
14,93,24.79858180020986
14,94,26.03929375416238
14,95,26.248288903636144
14,96,28.056038143860768
14,97,30.4565745526613
14,98,31.42833411783289
14,99,32.393842868519705
14,100,34.33706078538445
14,101,36.23939043073539
14,102,37.054065722652794
14,103,34.909561205766
15,1,20.46635621959184
15,2,20.253816253380602
15,3,17.863371984911467
15,4,16.09418052446484
15,5,15.279956356723728
15,6,14.105963242833447
15,7,11.95627443849241
15,8,10.486298771270693
15,9,9.911085575304885
15,10,8.491885544767655
15,11,5.991881105685509
15,12,5.04063770981163
15,13,5.393823084632952
15,14,3.809356349318184
15,16,3.8080554669820867
15,17,5.291228525586951
15,18,4.988616076209748
15,19,6.12582466147187
15,20,8.686003393312642
15,21,9.767342581981053
15,22,10.025438810078676
15,23,12.042003261990537
15,24,14.214748082991175
15,25,14.848253135743178
15,26,15.632975629488163
15,27,18.305386730464377
15,28,19.583046467933194
15,29,19.993996145873307
15,30,21.50995742457209
15,31,24.03738849662166
15,32,27.207867406002862
15,33,27.110528090807577
15,34,29.808354892920306
15,35,28.689506881291887
15,36,24.915327256540373
15,37,23.295944647792222
15,38,19.674801239477723
15,39,21.18767028456088
15,40,20.396548269586937
15,41,17.20002026742128
15,42,17.224774296092882
15,43,17.483528025754612
15,44,15.115931101472569
15,45,12.259728324514779
15,46,13.734396510837078
15,47,13.927719207624573
15,48,10.27959153588602
15,49,9.636204191268826
15,50,12.728261018346705
15,51,11.819993212107164
15,52,8.513592915544582
15,53,10.743761593272717
15,54,13.491377503332625
15,55,15.899773668181105
15,56,17.088762625380323
15,57,19.97312935510689
15,58,21.35635965514707
15,59,21.825133379743452
15,60,19.806961996633426
15,61,18.97042751977047
15,62,19.388704315361057
15,63,22.883496503081723
15,64,22.732373656019742
15,65,22.032940106918108
15,66,19.417501289377416
15,67,17.72953027760788
15,68,17.677866389300718
15,69,16.333681980328194
15,70,13.373665999450742
15,71,13.069986903390243
15,72,13.274204443539436
15,73,10.370156806737365
15,74,8.218698005605608
15,75,10.174072538932023
15,76,9.960007539351748
15,77,6.264480002118053
15,78,6.5230291852694355
15,79,9.84604280440965
15,80,9.258571286696974
15,81,6.8537780900477685
15,82,9.446754716598841
15,83,12.075704543775112
15,84,11.551931979992665
15,85,12.046875554232347
15,86,15.118849260861838
15,87,16.31201867872019
15,88,16.17740838367377
15,89,18.14111474381698
15,90,20.592525510732454
15,91,21.19674662919795
15,92,21.958202291614167
15,93,24.41429849251653
15,94,25.95683231785672
15,95,26.615692468209645
15,96,28.13784901749739
15,97,30.302989230362
15,98,31.675030144112103
15,99,32.78030665008282
15,100,34.35092746246018
15,101,36.32847595974715
15,102,37.50360653570599
15,103,35.56442043012125
16,1,21.550923576314467
16,2,21.97200971692003
16,3,20.010123636561215
16,4,18.459768110494473
16,5,16.95811522453215
16,6,15.63688028138803
16,7,14.27144218388374
16,8,12.608404169719535
16,9,10.982470338475194
16,10,10.005369236025675
16,11,8.661171941635244
16,12,6.329607794991238
16,13,5.209770738904006
16,14,5.454871551834362
16,15,3.8080554669820867
16,17,3.7997549418995624
16,18,5.45156459385197
16,19,5.06390453959563
16,20,6.319464202539573
16,21,8.594355462262493
16,22,9.640587393670524
16,23,10.601519209914217
16,24,12.562711432152216
16,25,14.13647121486161
16,26,15.085790289055538
16,27,17.087043129506064
16,28,18.591052697127942
16,29,19.66994516848257
16,30,20.989988599024535
16,31,23.026715426865024
16,32,26.434591926002117
16,33,26.693256742166987
16,34,29.246681249931555
16,35,28.121070715602393
16,36,24.331580817071927
16,37,22.36247544877772
16,38,18.716740259054102
16,39,19.74034642408375
16,40,18.33735340531134
16,41,14.83362235851959
16,42,14.61434641666275
16,43,15.547069429861821
16,44,13.557184202867976
16,45,10.254036277346776
16,46,12.146871441324658
16,47,13.21950566815918
16,48,9.909164232659109
16,49,9.20851483293394
16,50,12.872514034053921
16,51,12.786417690129026
16,52,10.1277800532192
16,53,12.189135971915473
16,54,15.225516804832154
16,55,16.91655713727277
16,56,17.898408917036534
16,57,20.253264806649398
16,58,21.610726618565323
16,59,21.409340123409105
16,60,19.399163102280088
16,61,19.114344478055422
16,62,19.674145187060066
16,63,23.293888961684225
16,64,23.229876306925416
16,65,23.030675839730744
16,66,20.176377568915274
16,67,18.18981566602166
16,68,18.83683183508224
16,69,17.874773375230692
16,70,14.440407671947176
16,71,14.362352482718705
16,72,15.458584341922228
16,73,12.685328388197807
16,74,10.12994052878071
16,75,12.635916058640346
16,76,13.199929532409552
16,77,9.708788231327109
16,78,9.481935580976446
16,79,13.087214738828498
16,80,12.959238966613254
16,81,10.281720006699333
16,82,12.256956868117667
16,83,15.341049470781124
16,84,14.777204629764963
16,85,14.581560477440224
16,86,17.814529317596694
16,87,19.319645534909597
16,88,18.717491979639046
16,89,20.37176141812297
16,90,23.211616470863174
16,91,23.794891725823682
16,92,24.06467770029489
16,93,26.594633575357953
16,94,28.463941563476364
16,95,28.872444431936263
16,96,30.09177041678584
16,97,32.50340854176126
16,98,34.016066023937654
16,99,34.786238106841495
16,100,36.28766121407004
16,101,38.538268517072176
16,102,39.60682399473809
16,103,37.86502560665374
17,1,22.74942054732006
17,2,23.162437436400307
17,3,20.858445153721714
17,4,19.841087131856472
17,5,18.6792081332656
17,6,16.69390949317329
17,7,15.15112809376316
17,8,14.395433638455339
17,9,12.70990217946315
17,10,10.65012095118163
17,11,9.77251555087898
17,12,8.695486566838277
17,13,6.360701995614221
17,14,5.003955641127978
17,15,5.291228525586951
17,16,3.7997549418995624
17,18,3.8001291798433225
17,19,5.4390594017880805
17,20,5.29461293171079
17,21,6.0685343614362965
17,22,8.23033364021896
17,23,9.860149820387232
17,24,10.796107758772388
17,25,12.038478498410974
17,26,13.847340378108242
17,27,15.854504799090694
17,28,16.626371685283726
17,29,17.878562886392054
17,30,19.78738016810941
17,31,21.698947254393623
17,32,24.910469972358015
17,33,25.52805665120878
17,34,28.410531612627086
17,35,27.771495993946147
17,36,23.94828668324626
17,37,22.43468692366471
17,38,18.634451905481423
17,39,19.211862919165707
17,40,18.05800982562346
17,41,14.59603819359823
17,42,15.313871225109624
17,43,16.514157137450525
