1,2,3.8026902074204627
1,3,6.4315611435658475
1,4,5.7314771625835395
1,5,5.118024470176087
1,6,7.638934647611523
1,7,10.187056502576272
1,8,12.464008384067581
1,9,12.588265939314734
1,10,16.257180506450492
1,11,18.289487777494777
1,12,21.97904588243771
1,13,24.23620750421425
1,14,27.840164148575443
1,15,29.743978813935588
1,16,31.09563380759164
1,17,27.829586415247118
1,18,25.01225833311121
1,19,21.43377428948856
1,20,19.08273949225597
1,21,15.51384316966902
1,22,13.325117152814201
1,23,10.348101976512424
1,24,9.00983418683272
1,25,9.304967613732822
1,26,7.960932772448007
1,27,10.684087843225662
1,28,14.130399102177872
1,29,15.778453637081876
1,30,14.854752343236893
1,31,16.392455591203422
1,32,17.656730873631126
1,33,15.567847382052031
1,34,16.932476850504905
1,35,17.004219611571404
1,36,18.08405271313467
1,37,19.613927194891005
1,38,20.189462909943078
1,39,23.391814196291232
1,40,24.898371162759048
1,41,26.645908393843943
1,42,23.37957292738945
1,43,24.59242502519217
1,44,21.76709579246094
1,45,22.68236281267685
1,46,21.752946727955532
1,47,22.217817322469514
1,48,21.893251352502674
1,49,20.65868840946598
1,50,20.783837649503553
1,51,20.76706477613689
1,52,22.233620065575277
1,53,21.704482675001888
1,54,24.003623070741334
1,55,23.879326867882472
1,56,24.2794651556315
1,57,25.346014421243375
1,58,26.80909493737614
1,59,27.57441692979341
1,60,29.121195658635227
1,61,29.0142160382738
1,62,30.834930422394077
1,63,28.80453332257198
1,64,26.612900014696418
1,65,27.033801510817806
1,66,24.231692209052216
1,67,24.081403983100177
1,68,21.4287666707733
1,69,21.03963354048416
1,70,19.1130246977302
1,71,19.73458276649882
1,72,18.900142671982927
1,73,17.36016996364609
1,74,13.667926794868787
1,75,14.584074301881527
1,76,15.215494265131387
1,77,16.346378924949594
1,78,18.440154555187778
1,79,21.143212882628525
1,80,22.363302916471792
1,81,25.894544895645414
1,82,28.85771731987561
1,83,26.910629523391517
1,84,29.388484244209103
1,85,27.370412071189097
1,86,24.05956434738244
1,87,21.22266416280036
1,88,17.565852166243793
1,89,16.286274317127265
1,90,13.75694832110786
1,91,12.117216823818882
1,92,12.65870065385553
1,93,13.111956713277117
1,94,15.780153986632312
1,95,18.105190687419917
1,96,21.415854738301828
1,97,23.875411187758843
1,98,26.509594181675666
1,99,29.591577928164572
1,100,31.046695901247762
1,101,29.546919850838847
1,102,26.445355513497343
1,103,24.080725480607324
1,104,20.724494729320885
1,105,17.669911427859834
1,106,16.049547831876104
1,107,12.38246929120318
1,108,11.359291948712444
1,109,8.280100399260661
1,110,8.438057528442545
1,111,11.530081045855509
1,112,13.589156491155688
1,113,16.577337467456466
1,114,19.525686843763676
1,115,22.432353790761837
1,116,26.02423161636739
1,117,26.100424549045606
2,1,3.8026902074204627
2,3,3.823300960160663
2,4,5.5919243292543825
2,5,7.167172273301292
2,6,10.095253001946594
2,7,13.237411853266963
2,8,15.715743506950137
2,9,15.804208808666596
2,10,19.41878703567031
2,11,21.502969976973052
2,12,25.108181566710797
2,13,27.191216307542444
2,14,30.881374522138042
2,15,32.51312535143033
2,16,33.79763604692733
2,17,30.60909537443598
2,18,27.586367468704022
2,19,24.151705368467518
2,20,21.560796158630595
2,21,17.842196001926368
2,22,15.314323942368203
2,23,11.804083890275098
2,24,9.891466943396996
2,25,8.639719639324749
2,26,6.5361468254997845
2,27,8.047528155625832
2,28,11.799899625769203
2,29,12.900368743809524
2,30,12.384576957846091
2,31,14.592487453509234
2,32,16.057920653674326
2,33,14.68839825799198
2,34,16.538590823296385
2,35,17.374655077381874
2,36,18.512638317144592
2,37,20.560503077788276
2,38,21.202316453014593
2,39,24.67908520885858
2,40,26.460036344942605
2,41,27.779239156888558
2,42,24.274142364296857
2,43,25.10028970623907
2,44,22.02897896669896
2,45,22.89546060264423
2,46,21.63985691546899
2,47,22.48954691950975
2,48,21.826479062156775
2,49,20.094836838856004
2,50,20.369649110862927
2,51,19.770536709566215
2,52,21.410446290420577
2,53,21.395102168670924
2,54,24.134449521975927
2,55,23.830314500738844
2,56,24.715512114319033
2,57,25.757279239685463
2,58,27.56836938270408
2,59,28.371524706235455
2,60,30.21831520249088
2,61,30.15217941981537
2,62,32.22525548889014
2,63,30.55832158520103
2,64,28.369613683329305
2,65,28.644240529599386
2,66,25.648546491200854
2,67,25.385952152122776
2,68,22.39443084331697
2,69,21.786621834166944
2,70,19.393645474194184
2,71,20.29993636845337
2,72,18.9385099515431
2,73,16.704567481273518
2,74,13.36440273996423
2,75,15.161144236934756
2,76,15.950061939856809
2,77,17.80201586394015
2,78,20.03395765098118
2,79,23.121762266080573
2,80,24.40181213023602
2,81,28.092022132412637
2,82,31.03523659860598
2,83,29.153175921680667
2,84,31.68073922467196
2,85,29.455842468948976
2,86,26.332593468289495
2,87,23.186666515112893
2,88,19.456383199828306
2,89,17.84802264042489
2,90,14.741030036226482
2,91,12.697764112562613
2,92,12.08122247755823
2,93,11.604789306280244
2,94,13.543402793852765
2,95,15.419414088694756
2,96,18.956154477017115
2,97,21.491356537649693
2,98,23.799649625871005
2,99,27.097917646387835
2,100,28.315232989359608
2,101,26.692573371934206
2,102,23.817436480280904
2,103,21.303198700945842
2,104,17.911266903359873
2,105,15.027276522717163
2,106,14.077348929868297
2,107,10.563932909360322
2,108,10.747022434552841
2,109,8.708766473249707
2,110,10.041809057837252
2,111,13.351243262007317
2,112,16.04482846756599
2,113,19.09468707206715
2,114,22.148975363514573
2,115,25.149415830685335
2,116,28.760206547520426
2,117,28.908086277111774
3,1,6.4315611435658475
3,2,3.823300960160663
3,4,3.802445739513319
3,5,7.04039979734092
3,6,9.813534881014181
3,7,13.365243000912619
3,8,16.07927234583504
3,9,16.531084111689626
3,10,20.11966602968386
3,11,21.853201691236517
3,12,25.32086913086033
3,13,26.950412339459582
3,14,30.696394382358502
3,15,31.92571189023644
3,16,32.96998646794775
3,17,29.87067468471579
3,18,26.596120121075177
3,19,23.42886793309157
3,20,20.549772600990366
3,21,16.782221963516314
3,22,14.005608426452632
3,23,10.208896947783197
3,24,8.269491842173437
3,25,5.9481775316682715
3,26,4.840542863487216
3,27,5.444060615075137
3,28,8.899099038532055
3,29,9.67526993649293
3,30,8.656772585510074
3,31,10.887350835368839
3,32,12.263764967217542
3,33,11.15461261113217
3,34,13.348425913563856
3,35,14.763228313536182
3,36,16.272618789580928
3,37,18.849661582102453
3,38,19.982281453892554
3,39,23.617133255540804
3,40,25.86725018237307
3,41,27.062242675708593
3,42,23.468799851626812
3,43,23.734249116702983
3,44,20.343999464247748
3,45,20.723799418328348
3,46,18.987567080262767
3,47,19.789375303387434
3,48,18.73620766307889
3,49,16.674874765808166
3,50,16.949691067241254
3,51,16.133080872291952
3,52,17.94889933574327
3,53,18.30680429735582
3,54,21.187509405218893
3,55,20.630660827385817
3,56,21.75572105173794
3,57,22.75540919185935
3,58,24.81979521888969
3,59,25.746587943637213
3,60,27.894360979577815
3,61,28.05342533572362
3,62,30.442579079810717
3,63,29.141577250200477
3,64,26.785212291345434
3,65,26.73779865641233
3,66,23.53745148707661
3,67,23.084018489682386
3,68,19.849799267695495
3,69,19.114206211594905
3,70,16.50264566048356
3,71,17.793811160913545
3,72,16.350495985501247
3,73,13.81622368629063
3,74,10.790645062823435
3,75,12.91186689819279
3,76,13.481768521515564
3,77,15.838139442050768
3,78,18.11089200632196
3,79,21.510665682706602
3,80,22.930507907153068
3,81,26.727759826335014
3,82,29.707495456208957
3,83,28.091060635172198
3,84,30.820128832417954
3,85,28.616583250450123
3,86,25.819955283435842
3,87,22.479811721725177
3,88,18.870961933016382
3,89,16.64103085982494
3,90,13.199980334204852
3,91,10.54360563996565
3,92,9.238694213313158
3,93,8.047512971608601
3,94,9.912339639370355
3,95,11.796467004495552
3,96,15.227342805438749
3,97,17.829389712184927
3,98,20.294605819518484
3,99,23.51040717769898
3,100,24.94506996273902
3,101,23.604046375704264
3,102,20.592195657306267
3,103,18.391589644721012
3,104,14.824812104590265
3,105,12.243016279481598
3,106,11.187037911257377
3,107,8.06062639896735
3,108,8.894885036038085
3,109,7.5370578951350575
3,110,10.212742579465651
3,111,12.910411935852762
3,112,15.821655522045031
3,113,19.133407395457837
3,114,21.931028520384935
3,115,25.1983498460974
3,116,28.79798061638919
3,117,29.38491538550467
4,1,5.7314771625835395
4,2,5.5919243292543825
4,3,3.802445739513319
4,5,3.7917551177289237
4,6,6.146771811025122
4,7,9.731714725985675
4,8,12.494877615595401
4,9,13.26991758283227
4,10,16.886628311177375
4,11,18.315039621175643
4,12,21.77812723903251
4,13,23.27849141123614
4,14,27.00510959428305
4,15,28.252647065170635
4,16,29.233730779460256
4,17,26.092834091459792
4,18,22.833112066097126
4,19,19.643373495291417
4,20,16.772416225739278
4,21,13.003228230602152
4,22,10.321396507561534
4,23,6.580274865505708
4,24,5.369086405363283
4,25,4.679771922575736
4,26,5.550133226941869
4,27,7.739196691079918
4,28,10.445829948094973
4,29,11.826830300716694
4,30,10.00968917141842
4,31,11.110034021564962
4,32,12.032865952437112
4,33,9.847713853034167
4,34,11.50825088378198
4,35,12.211388413115525
4,36,13.937455818540398
4,37,16.27195260922012
4,38,17.67313856156029
4,39,21.14900233666325
4,40,23.416838066941676
4,41,25.02309517452218
4,42,21.61262941194764
4,43,21.991903132967476
4,44,18.664083314064765
4,45,18.821412039686024
4,46,17.198309621076405
4,47,17.48639757640155
4,48,16.648126369696126
4,49,15.069668333800681
4,50,15.181316565381689
4,51,15.114056454587528
4,52,16.852695284673
4,53,16.74872033727594
4,54,19.152710810894117
4,55,18.621342620857778
4,56,19.236098699870013
4,57,20.221824744479996
4,58,22.014310735392986
4,59,22.960943772440206
4,60,24.949348078617085
4,61,25.18611937316696
4,62,27.498526840532662
4,63,25.993240787011857
4,64,23.5007111137776
4,65,23.429139614930317
4,66,20.271714687628396
4,67,19.85022625423642
4,68,16.806569202354872
4,69,16.30215724510196
4,70,14.12931707995702
4,71,15.392848941212597
4,72,14.627639347250831
4,73,12.84109149638918
4,74,9.38684642279553
4,75,10.47670914299003
4,76,10.578989942046542
4,77,12.431544954733585
4,78,14.618243748424858
4,79,17.88968433771668
4,80,19.343916312712878
4,81,23.109482701086645
4,82,26.166970671773743
4,83,24.620328892833466
4,84,27.45063446049015
4,85,25.45967305145779
4,86,22.646134991718135
4,87,19.465908116332397
4,88,15.959028472021444
4,89,13.590705355802845
4,90,10.467392232887251
4,91,7.6949710834882
4,92,7.684979575680346
4,93,7.7282030748187465
4,94,10.769659428401543
4,95,13.319603074879277
4,96,16.280550204281386
4,97,18.721710457184514
4,98,21.66635587928375
4,99,24.51181302337362
4,100,26.3300383043153
4,101,25.26761306584336
4,102,21.930984872902933
4,103,20.07874523990631
4,104,16.574143776529063
4,105,13.907388475492759
4,106,11.852396165744619
4,107,8.694237567353849
4,108,7.991561267989728
4,109,5.391470758358399
4,110,7.9610827118916445
4,111,10.00457961842254
4,112,12.497749264687432
4,113,16.015135414914926
4,114,18.54967753951074
4,115,21.941611947023333
4,116,25.53631109107977
4,117,26.34855418967545
5,1,5.118024470176087
5,2,7.167172273301292
5,3,7.04039979734092
5,4,3.7917551177289237
5,6,3.811047990175643
5,7,6.617074486033483
5,8,9.52531435082707
5,9,10.86449781204795
5,10,14.644813933878325
5,11,15.780729374561776
5,12,19.4263917391778
5,13,21.050903246233297
5,14,24.66971790920863
5,15,26.278943055085744
5,16,27.205245253581115
5,17,23.86113716948171
5,18,20.76747274219628
5,19,17.401424993717605
5,20,14.616299831287067
5,21,10.982926616175062
5,22,8.351232562182135
5,23,5.326021529336166
5,24,4.4098691827888885
5,25,6.247404404727271
5,26,7.010070683230571
5,27,10.312955184229246
5,28,12.790917313650345
5,29,14.887620854128995
5,30,13.298672423146398
5,31,13.698343318585513
5,32,14.758038488474275
5,33,12.127053830473892
5,34,13.403462043666547
5,35,13.292257238567993
5,36,15.105790054006373
5,37,16.85704598303795
5,38,18.265531169864047
5,39,21.39417876433342
5,40,23.364569955656094
5,41,25.467966437327576
5,42,22.34326374338425
5,43,23.121404890608694
5,44,20.07386603250747
5,45,20.217931127556067
5,46,18.884598769171166
5,47,18.620733115519464
5,48,18.015872454607162
5,49,16.89283032738968
5,50,16.5618846577327
5,51,16.953973688856554
5,52,18.181768676293967
5,53,17.309776362393993
5,54,19.258193703235303
5,55,19.205251567383485
5,56,19.39847371790461
5,57,20.646091912724945
5,58,22.153689482070604
5,59,23.238962831870218
5,60,24.968981934275497
5,61,25.301077995895824
5,62,27.38187884581522
5,63,25.45901581352964
5,64,22.848259758514658
5,65,22.795592432826318
5,66,19.77974040992219
5,67,19.269054086473215
5,68,16.557400512977765
5,69,16.04361428127788
5,70,14.311889100277908
5,71,14.889806590712976
5,72,14.544552198581437
5,73,13.603008158807814
5,74,9.826257806428709
5,75,9.896732842130644
5,76,10.261489344237859
5,77,11.269811655388459
5,78,13.60365454532457
5,79,16.44078273562515
5,80,18.084216719476675
5,81,21.67162406938681
5,82,24.885013453624477
5,83,23.39032983208232
5,84,26.26451096652695
5,85,24.618588256019624
5,86,21.599960938667177
5,87,18.83696488771629
5,88,15.469741290471573
5,89,13.40691825641396
5,90,11.103351821479212
5,91,8.776835008795166
5,92,10.212945338195619
5,93,10.962407298015618
5,94,14.285578366223552
5,95,16.836799802283064
5,96,19.546556868596394
5,97,22.042984713880458
5,98,25.151653162758688
5,99,27.84498721786332
5,100,29.85236208340772
5,101,28.921974726095144
5,102,25.506518307456126
5,103,23.764938315156602
5,104,20.29024754039482
5,105,17.60011000095753
5,106,15.29107466632866
5,107,12.10530418015962
5,108,10.551832333439767
5,109,7.056823753610729
5,110,8.09560022324049
5,111,9.656886776252447
5,112,11.126941077194749
5,113,14.702176044338758
5,114,16.969794701303112
5,115,20.329268668712178
5,116,23.907163198569112
5,117,24.70291480052575
6,1,7.638934647611523
6,2,10.095253001946594
6,3,9.813534881014181
6,4,6.146771811025122
6,5,3.811047990175643
6,7,3.791788363603523
6,8,6.377060302077246
6,9,7.5940095607343165
6,10,11.228837208329132
6,11,12.266437752581776
6,12,15.810713503160475
6,13,17.408467082261843
6,14,21.086920377611584
6,15,22.63182184306753
6,16,23.742091960772825
6,17,20.515645688448824
6,18,17.525581426375574
6,19,14.056581015197594
6,20,11.60536498194284
6,21,7.963104385062976
6,22,6.3969103139293555
6,23,4.464089805018433
6,24,6.306978871296279
6,25,8.827757083375658
6,26,10.538440627572992
6,27,13.525945463146666
6,28,15.720239955090419
6,29,17.491381976776413
6,30,15.244272892120202
6,31,15.326959253829322
6,32,15.544988732180174
6,33,12.255323522711327
6,34,12.436289654175535
6,35,11.283276493946989
6,36,12.693977471978211
6,37,13.850092192924796
6,38,15.225804524016805
6,39,18.090268557435056
6,40,19.97077733867964
6,41,22.336130759023497
6,42,19.446022678632506
6,43,20.37774060235853
6,44,17.58823482644687
6,45,17.743387692354183
6,46,16.848342705338325
6,47,16.368309038339287
6,48,16.37576776324044
6,49,16.04876284463048
6,50,16.073049262074242
6,51,17.308770767097876
6,52,18.805940420582527
6,53,17.92377272577934
6,54,19.2449909916878
6,55,18.822114198172716
6,56,18.28379714537559
6,57,19.053769074221442
6,58,19.982570963789474
6,59,20.702578978794726
6,60,22.03420394522584
6,61,22.147896416279625
6,62,23.987212786185527
6,63,21.869807030723127
6,64,19.363320451092054
6,65,19.5926060235812
6,66,16.860568485408102
6,67,16.830256775486188
6,68,14.638637806627376
6,69,14.911104358234676
6,70,14.048102076336809
6,71,14.995478780000902
6,72,15.600061037859183
6,73,15.285328535019044
6,74,11.736084145997312
6,75,10.708744909884995
6,76,9.82822716506163
6,77,9.649150801455747
6,78,11.11292931729796
6,79,13.571562240781876
6,80,14.757593715478926
6,81,18.291009041159814
6,82,21.36129525632388
6,83,19.692752459086716
6,84,22.492572659745516
6,85,20.869541412776552
6,86,17.827656030081233
6,87,15.178294636253279
6,88,11.943207830311161
6,89,10.022980232531568
6,90,8.403109492923278
6,91,6.963030727467988
6,92,9.628544856678856
6,93,11.593588129293071
6,94,15.265604312394663
6,95,18.328295293117268
6,96,20.759040784801623
6,97,22.78155593099484
6,98,26.091169105847047
6,99,28.447810909765945
6,100,30.542940111240195
6,101,29.6468885445518
6,102,26.054638516005703
6,103,24.469974523534507
6,104,21.25818192614282
6,105,18.413503044338004
6,106,15.5110797520117
6,107,12.531434782173147
6,108,9.937293386820775
6,109,6.285959877541195
6,110,6.3091245474951965
6,111,6.5556013001512285
6,112,7.407747951335457
6,113,11.057881880192214
6,114,13.17304642568785
6,115,16.584107924287864
6,116,20.15107951833849
6,117,21.102005259401277
7,1,10.187056502576272
7,2,13.237411853266963
7,3,13.365243000912619
7,4,9.731714725985675
7,5,6.617074486033483
7,6,3.791788363603523
7,8,3.0856948196177125
7,9,5.843839802249867
7,10,9.250658697855178
7,11,9.491571328008998
7,12,13.153959990493542
7,13,14.752057046605124
7,14,18.25448532351398
7,15,20.158811007010765
7,16,21.170723348631665
7,17,17.760809443329464
7,18,15.03122257887452
7,19,11.417005836907698
7,20,9.281138652117182
7,21,6.255450210960955
7,22,5.7619217168187
7,23,6.195671742088398
7,24,8.371153498232449
7,25,11.677272831576074
7,26,13.36151012686399
7,27,16.68421764778042
7,28,18.636254101355902
7,29,20.766396850458296
7,30,18.608978504504528
7,31,18.219713221409304
7,32,18.461844175516976
7,33,15.019993793093247
7,34,14.876969113057523
7,35,13.112606592597583
7,36,14.491201733062661
7,37,14.947065386855293
7,38,16.33131458485113
7,39,18.597241461240166
7,40,20.129489668540124
7,41,22.982441178144093
7,42,20.554477461424817
7,43,21.76281311762318
7,44,19.370648939731325
7,45,19.398823005537846
7,46,18.79321668417411
7,47,17.750357814696695
7,48,17.99547096314324
7,49,18.14531292779927
7,50,17.815781298101292
7,51,19.453390495289522
7,52,20.519063689053283
7,53,19.062425746798528
7,54,19.78349693187344
7,55,19.72769758381347
7,56,18.687725354614475
7,57,19.58840528119247
7,58,20.097455679961065
7,59,20.894857421128442
7,60,21.86475849234752
7,61,22.09356704574596
7,62,23.62507767765763
7,63,21.11175286214568
7,64,18.527049860895882
7,65,18.75913249981675
7,66,16.35480739773637
7,67,16.29349856617505
7,68,14.725065850733381
7,69,15.13382293315486
7,70,14.954726832557254
7,71,15.302893413326045
7,72,16.476622471493506
7,73,16.97002622241893
7,74,13.554726061892062
7,75,11.65168307831128
7,76,10.793795251985824
7,77,9.417201083263015
7,78,10.563958593658409
7,79,12.122246335939966
7,80,13.391264533434162
7,81,16.52862705035933
7,82,19.690758518142037
7,83,18.163015926143576
7,84,20.979099256482176
7,85,19.867212378243952
7,86,16.757200957977584
7,87,14.7985125971397
7,88,12.117540449639234
7,89,10.712871859187198
7,90,10.402286945888903
7,91,9.660110346500087
7,92,12.890382157945417
7,93,15.036741157660405
7,94,18.769725345103094
7,95,21.79501244567464
7,96,23.980971427339945
7,97,25.993307883859682
7,98,29.428310619400065
7,99,31.597412908201484
7,100,33.86992208290227
7,101,33.13455321547078
7,102,29.47857237492362
7,103,28.053414771409216
7,104,24.885060420422832
7,105,22.09812844272509
7,106,19.05932824755413
7,107,16.210464423479035
7,108,13.36609618891075
7,109,9.809817711213789
7,110,8.90001955802926
7,111,8.134184442327621
7,112,7.064558114745779
7,113,10.313315163511477
7,114,11.66417010571472
7,115,14.945128244939369
7,116,18.35647493715979
7,117,19.428843655727114
8,1,12.464008384067581
8,2,15.715743506950137
8,3,16.07927234583504
8,4,12.494877615595401
8,5,9.52531435082707
8,6,6.377060302077246
8,7,3.0856948196177125
8,9,3.799698867952138
8,10,6.557759823147951
8,11,6.4988230351665415
8,12,10.230920296610773
8,13,12.138995138500539
8,14,15.580553828065904
8,15,17.75835918081274
8,16,19.0564762907766
8,17,15.731198468331666
8,18,13.443233653964619
8,19,9.670808434157859
8,20,8.514061321854506
8,21,6.443086429635958
8,22,7.602975556087965
8,23,8.898674500114389
8,24,11.417474737059573
8,25,14.702115330366647
8,26,16.392922324711375
8,27,19.681323162711642
8,28,21.67838726857349
8,29,23.700096153995755
8,30,21.384679284965337
8,31,20.988529990747757
8,32,20.922747230782942
8,33,17.31881498590535
8,34,16.62715171557142
8,35,14.273674730399385
8,36,15.10152937683503
8,37,14.777934608232659
8,38,15.805437935889296
8,39,17.535390958982642
8,40,18.630791248202062
8,41,21.766656837553537
8,42,19.734511399049325
8,43,21.28045043016083
8,44,19.358552377336125
8,45,19.5664015881136
8,46,19.484879782840824
8,47,18.35264742613445
8,48,19.12720573635268
8,49,19.82793298156697
8,50,19.71331333376104
8,51,21.736908860327254
8,52,22.87271453660666
8,53,21.37592569769574
8,54,21.695520980930265
8,55,21.524584176565803
8,56,20.00937035586455
8,57,20.57970131870193
8,58,20.53438510110528
8,59,20.98271057256922
8,60,21.42902795907404
8,61,21.389152480026585
8,62,22.47435997493415
8,63,19.619418313310486
8,64,17.299892881743325
8,65,17.93897835548183
8,66,16.080783769342744
8,67,16.497117922527814
8,68,15.624464083153425
8,69,16.571569561240512
8,70,16.995900632046055
8,71,17.377138531016495
8,72,18.97404645071719
8,73,19.754691207634437
8,74,16.468704481555097
8,75,14.269996355684876
8,76,13.029405124881835
8,77,10.92546722415395
8,78,11.163915059580816
8,79,11.808534210123511
8,80,12.445157536406507
8,81,15.15896690060213
8,82,18.058141362456382
8,83,16.29381427428914
8,84,18.851684628471734
8,85,17.904235267996118
8,86,14.660106774323156
8,87,13.223671516702497
8,88,10.979966214099237
8,89,10.398655979744913
8,90,11.10381825015495
8,91,11.327903464613412
8,92,14.82763578251571
8,93,17.406572642379338
8,94,21.160789798570775
8,95,24.364420124610024
8,96,26.48406589546336
8,97,28.24962786976698
8,98,31.71416996233396
8,99,33.73050113385601
8,100,35.975736244358025
8,101,35.18574649316668
8,102,31.492787674773286
8,103,30.072672632650633
8,104,27.08507476136582
8,105,24.177970545888098
8,106,20.96983757438033
8,107,18.194182189700452
8,108,14.979584531589106
8,109,11.619571590297753
8,110,9.885806267652397
8,111,8.409412712357554
8,112,6.054931740622179
8,113,8.465306687899503
8,114,9.390684290600344
8,115,12.380444672593821
8,116,15.684389239450393
8,117,16.689591826672878
9,1,12.588265939314734
9,2,15.804208808666596
9,3,16.531084111689626
9,4,13.26991758283227
9,5,10.86449781204795
9,6,7.5940095607343165
9,7,5.843839802249867
9,8,3.799698867952138
9,10,3.8202292439816663
9,11,5.954399072482486
9,12,9.495214819724971
9,13,12.231725833903951
9,14,15.71718448673975
9,15,17.94478288127317
9,16,19.927941803957157
9,17,17.02667440217812
9,18,15.161096549935213
9,19,11.414303045602406
9,20,11.095031198182447
9,21,9.126252091631805
9,22,10.592089692097275
9,23,11.11788522169335
9,24,13.65375466769735
9,25,16.421745774915
9,26,17.850165976927144
9,27,20.88543814150898
9,28,23.288516190642643
9,29,24.88635352264978
9,30,22.422907401145036
9,31,22.569372692510115
9,32,22.18003825391994
9,33,18.558197271827115
9,34,17.471027518386784
9,35,14.876560232573892
9,36,14.7664887196638
9,37,13.856674832852052
9,38,13.980531034377245
9,39,15.566749746747767
9,40,16.14075408226044
9,41,19.168023446507775
9,42,17.185440839781233
9,43,19.23854124592143
9,44,17.724482286397613
9,45,18.622805382185682
9,46,19.184496467978388
9,47,18.658726060214477
9,48,20.012948916846547
9,49,20.9788690054826
9,50,21.508150229341748
9,51,23.59052940812795
9,52,25.20529015881508
9,53,24.136468899441923
9,54,24.61309151131371
9,55,24.020731396263344
9,56,22.43664894925447
9,57,22.495029828721723
9,58,22.16236400773174
9,59,22.006766011075438
9,60,22.061716284214977
9,61,21.370094639993486
9,62,22.0432502388447
9,63,19.05329247103595
9,64,17.37573951134025
9,65,18.761206936443983
9,66,17.329682383805864
9,67,18.46015563315353
9,68,17.781289426544884
9,69,19.207426674953044
9,70,19.633767874668287
9,71,20.497812716707646
9,72,21.99263124199338
9,73,22.367884719683303
9,74,18.976350909927703
9,75,17.17689226895253
9,76,15.650073977438462
9,77,13.752510539229782
9,78,13.4411388426225
9,79,14.00900625968683
9,80,13.69700661083701
9,81,16.282739942117466
9,82,18.60036243980142
9,83,16.141002307652748
9,84,18.105628150586565
9,85,16.603083010452576
9,86,12.998443566182134
9,87,11.449545322948271
9,88,8.934971648736191
9,89,9.535099182401687
9,90,10.466471215188339
9,91,11.72101344697979
9,92,14.995206038881657
9,93,17.968017572379722
9,94,21.599264506716796
9,95,25.035053189587295
9,96,27.396794873258575
9,97,28.85030291016666
9,98,32.1574389567889
9,99,34.22026642193493
9,100,36.15107309751781
9,101,35.00788049590529
9,102,31.384890174491915
9,103,29.689309182608064
9,104,26.953487364011778
9,105,23.744832225672408
9,106,20.540054256934912
9,107,17.663773163442603
9,108,14.160826628784134
9,109,11.092245269386009
9,110,8.305112491823534
9,111,6.882581382006036
9,112,4.519992867136213
9,113,5.8607844884965745
9,114,7.9087938412378405
9,115,10.399427666760117
9,116,13.858158070130022
9,117,14.19699367901622
10,1,16.257180506450492
10,2,19.41878703567031
10,3,20.11966602968386
10,4,16.886628311177375
10,5,14.644813933878325
10,6,11.228837208329132
10,7,9.250658697855178
10,8,6.557759823147951
10,9,3.8202292439816663
10,11,3.8103894814078068
10,12,6.452843563402255
10,13,9.754597175270238
10,14,12.9812858091342
10,15,15.369589989075164
10,16,17.8445480886935
10,17,15.372984586458152
10,18,14.245065118424481
10,19,10.805727756864556
10,20,11.750922434280044
10,21,10.867374132530207
10,22,13.26140655078522
10,23,14.367803777748565
10,24,17.219981361636904
10,25,20.018479660975967
10,26,21.613978402013085
10,27,24.565551502449747
10,28,26.899194651831507
10,29,28.36200692418118
10,30,25.701376381004547
10,31,25.761603914163352
10,32,25.02317628911648
10,33,21.297644475531225
10,34,19.67924165103835
10,35,16.610614980393237
10,36,15.90482567897415
10,37,14.097021231054091
10,38,13.698964072541068
10,39,14.35856170637441
10,40,14.215513198031527
10,41,17.553988287452984
10,42,16.263382036756134
10,43,18.67370660355909
10,44,17.887453821050578
10,45,18.946516533454673
10,46,20.128563382705117
10,47,19.53013744150399
10,48,21.434982136108914
10,49,22.97346860514565
10,50,23.729154536481154
10,51,26.18889046986102
10,52,27.88480666524995
10,53,26.83372413161283
10,54,26.914934798323593
10,55,26.14428256774441
10,56,24.109194105998146
10,57,23.760429904046575
10,58,22.824644558346325
10,59,22.209249605608502
10,60,21.614889270309742
10,61,20.53281552851821
10,62,20.56975746808559
10,63,17.24728688073423
10,64,16.1302601323174
10,65,18.079711752437483
10,66,17.422998283456042
10,67,19.11506125642608
10,68,19.176178428427885
10,69,21.118959671674087
10,70,22.102178879506496
10,71,23.064582718237958
10,72,24.958650597891346
10,73,25.595097576836576
10,74,22.365524912034328
10,75,20.27854206985885
10,76,18.386204086750112
10,77,15.981607528418182
10,78,14.871393968782096
10,79,14.561163971225366
10,80,13.391727313935743
10,81,15.252451534431902
10,82,16.943567083460476
10,83,14.124679860302992
10,84,15.493991118567312
10,85,14.123914455543986
10,86,10.41933562489812
10,87,9.812943346656613
10,88,8.369297211620745
10,89,10.19496623293113
10,90,12.223494183386318
10,91,14.265266068762623
10,92,17.620885907672314
10,93,20.901673664413533
10,94,24.47818717066777
10,95,28.045591410956845
10,96,30.245752617880136
10,97,31.384668446504662
10,98,34.70372314911045
10,99,36.52988019499849
10,100,38.43239400098384
10,101,37.27648101931677
10,102,33.64259647682566
10,103,32.03615779451026
10,104,29.56319525424968
10,105,26.335282251972416
10,106,22.99085392104447
10,107,20.38067977194505
10,108,16.67866773896467
10,109,14.093405265202701
10,110,11.087759734404
10,111,9.004351553273427
10,112,5.881991891732688
10,113,4.590168801988666
10,114,5.660607555873974
10,115,7.101996746977238
10,116,10.354499323977455
10,117,10.48857751423498
11,1,18.289487777494777
11,2,21.502969976973052
11,3,21.853201691236517
11,4,18.315039621175643
11,5,15.780729374561776
11,6,12.266437752581776
11,7,9.491571328008998
11,8,6.4988230351665415
11,9,5.954399072482486
11,10,3.8103894814078068
11,12,3.80128065621672
11,13,6.579498850745285
11,14,9.838881670397495
11,15,12.407499393306319
11,16,14.509793273907256
11,17,11.794171613833312
11,18,10.836607069397159
11,19,7.507029754919159
11,20,9.124101971089338
11,21,9.380792207898008
11,22,12.392211197250235
11,23,14.46781160290368
11,24,17.544132323355598
11,25,20.719935880313358
11,26,22.683890969999883
11,27,25.774405493997218
11,28,27.69767844278565
11,29,29.416971677195086
11,30,26.71440218482346
11,31,26.222756163147622
11,32,25.48687912845329
11,33,21.68907645637629
11,34,20.00724706186868
11,35,16.78234577057884
11,36,16.556418453641935
11,37,14.746493894720771
11,38,15.07263404287371
11,39,15.364449990807794
11,40,15.501613278068753
11,41,19.13235505448374
11,42,18.179902150595346
11,43,20.168593013633387
11,44,19.34269034747021
11,45,19.731699612474895
11,46,20.656698035193752
11,47,19.364767526682574
11,48,21.120110026240628
11,49,22.859242988449687
11,50,23.201728122666015
11,51,25.914073074307918
11,52,27.244278612080542
11,53,25.848453247468175
11,54,25.442141191328624
11,55,24.888571644199867
11,56,22.53269814919831
11,57,22.31117743169243
11,58,21.139707881154884
11,59,20.762769665756757
11,60,20.055454656064022
11,61,19.405470688285124
11,62,19.446595682317845
11,63,16.0014148664132
11,64,14.491407222552963
11,65,16.05704979607944
11,66,15.601568541608227
11,67,17.076962669733277
11,68,17.627091649417956
11,69,19.596481457264144
11,70,21.067804387382896
11,71,21.717542825984047
11,72,24.032575967321726
11,73,25.220737805688078
11,74,22.259737731444364
11,75,19.645004677446313
11,76,17.664995334521276
11,77,14.693104758266902
11,78,13.282438488947408
11,79,12.175812535375597
11,80,11.119302409355267
11,81,12.476389032046288
11,82,14.367371021837048
11,83,12.071973119318827
11,84,13.830429191779881
11,85,13.352495494903591
11,86,10.119234799771096
11,87,10.307950142655466
11,88,9.813204552794401
11,89,10.960219663221709
11,90,13.479449164256371
11,91,15.173330748414147
11,92,18.841838410723483
11,93,22.03841248442146
11,94,25.71949606319836
11,95,29.194900762662378
11,96,31.046407079836406
11,97,32.244786541304165
11,98,35.74183113258674
11,99,37.34299690977158
11,100,39.55186288416659
11,101,38.74894180846619
11,102,35.016237983704244
11,103,33.75107501557316
11,104,31.198334900863816
11,105,28.2271151092532
11,106,24.735947655177345
11,107,22.36229077435975
11,108,18.707414174080053
11,109,16.059931729928163
11,110,13.649954771368217
11,111,11.05256785058599
11,112,7.349666709003721
11,113,6.59264384979116
11,114,5.2991900602571125
11,115,6.94842181279339
11,116,9.7112563944847
11,117,10.920163196766953
12,1,21.97904588243771
12,2,25.108181566710797
12,3,25.32086913086033
12,4,21.77812723903251
12,5,19.4263917391778
12,6,15.810713503160475
12,7,13.153959990493542
12,8,10.230920296610773
12,9,9.495214819724971
12,10,6.452843563402255
12,11,3.80128065621672
12,13,3.803253463416055
12,14,6.554312238599424
12,15,9.253114326372348
12,16,11.899972763824136
12,17,9.895317134221928
12,18,10.048422567983165
12,19,7.769888391336033
12,20,10.638122683467524
12,21,11.887280884727986
12,22,15.327427375566403
12,23,17.688142219935944
12,24,20.968845113102272
12,25,24.105006581359646
12,26,26.26784465158285
12,27,29.2501247443532
12,28,31.042363213735303
12,29,32.62986954473158
12,30,29.744225918547325
12,31,29.118980439678204
12,32,28.064699292980322
12,33,24.24067726835797
12,34,22.14116049203357
12,35,18.63453436499465
12,36,18.009989455223177
12,37,15.58974309463675
12,38,15.672945995368762
12,39,15.035771475876674
12,40,14.660394842604676
12,41,18.451058123221227
12,42,18.25329983310976
12,43,20.267321055627647
12,44,20.06059360727063
12,45,20.375616173037557
12,46,21.72733183554031
12,47,20.28938328365763
12,48,22.441481786404744
12,49,24.665309240955395
12,50,25.167607173932122
12,51,28.19084024841988
12,52,29.558736432868518
12,53,28.216278411033848
12,54,27.415111966738674
12,55,26.680490464815858
12,56,23.93230324403529
12,57,23.311067170063946
12,58,21.555090362401195
12,59,20.759902052300912
12,60,19.398639109067734
12,61,18.477462781029864
12,62,17.864001477276236
12,63,14.184028516386071
12,64,13.26780016311246
12,65,15.264394347328558
12,66,15.719163138896485
12,67,17.665782874628743
12,68,18.97080534569166
12,69,21.36422969524838
12,70,23.333175703887527
12,71,24.09479028468988
12,72,26.74795955631852
12,73,28.157482431454913
12,74,25.42089061610477
12,75,22.605993212654035
12,76,20.320230384494995
12,77,17.059697711448912
12,78,14.988803993527858
12,79,13.07266156366671
12,80,11.17901626753211
12,81,11.403274033705026
12,82,12.40312652060925
12,83,9.959986688692412
12,84,11.02767455246626
12,85,11.15004494446449
12,86,8.397985376764764
12,87,9.974036836598572
12,88,10.849085149712876
12,89,12.547404564163466
12,90,15.692585047043233
12,91,17.81597293611697
12,92,21.460522430146355
12,93,24.831389491995164
12,94,28.42968364903643
12,95,31.971990773880087
12,96,33.60123290252315
12,97,34.50690588762791
12,98,38.014103397593146
12,99,39.33926951891907
12,100,41.56672956289614
12,101,40.83955816609149
12,102,37.1051604355469
12,103,36.010907921288464
12,104,33.6926035051683
12,105,30.791565987490674
12,106,27.19268642331348
12,107,25.117087083384934
12,108,21.379100434702888
12,109,19.119169666240534
12,110,16.708641519814247
12,111,13.761467371884367
12,112,10.046913441147803
12,113,8.165396118901727
12,114,5.380175550167938
12,115,5.131591351803903
12,116,6.717450750578186
12,117,8.515770509874084
13,1,24.23620750421425
13,2,27.191216307542444
13,3,26.950412339459582
13,4,23.27849141123614
13,5,21.050903246233297
13,6,17.408467082261843
13,7,14.752057046605124
13,8,12.138995138500539
13,9,12.231725833903951
13,10,9.754597175270238
13,11,6.579498850745285
13,12,3.803253463416055
13,14,3.7957027671761314
13,15,5.839909963711842
13,16,8.165125188730185
13,17,6.285642318802799
13,18,6.94182699040684
13,19,5.94243258016194
13,20,9.546132971750344
13,21,11.825988969849762
13,22,15.54656013378588
13,23,18.406158553546426
13,24,21.869573277122626
13,25,25.037899342726476
13,26,27.590140121977726
13,27,30.461754998141686
13,28,31.840806450186204
13,29,33.42943509687767
13,30,30.416681845065224
13,31,29.36100363595891
13,32,28.111143070940862
13,33,24.33101547470806
13,34,22.03378596529391
13,35,18.457043504269382
13,36,18.07137316123226
13,37,15.666049706948597
13,38,16.351791827835754
13,39,15.396231321620315
13,40,15.455795549340337
13,41,19.23993719340013
13,42,19.30688579810938
13,43,20.75046126394361
13,44,20.540245163764386
13,45,20.212325913209533
13,46,21.377074175240217
13,47,19.40560660621829
13,48,21.501724895543806
13,49,24.004987023290607
13,50,24.320957242849808
13,51,27.599345777311925
13,52,28.773229093215328
13,53,27.35904592577791
13,54,26.08095408783461
13,55,25.30653510073925
13,56,22.227338409801398
13,57,21.455052041997355
13,58,19.328494691449194
13,59,18.551699431394056
13,60,16.950064888033115
13,61,16.387726246319318
13,62,15.743847427527411
13,63,12.152956306234278
13,64,10.956824017345198
13,65,12.588867750894154
13,66,13.540943416357347
13,67,15.485235767732355
13,68,17.432794290444694
13,69,20.02338216284371
13,70,22.50027015681247
13,71,23.24187810682007
13,72,26.277431152955923
13,73,28.053951477461446
13,74,25.718122938015018
13,75,22.58736606451675
13,76,20.051530257185494
13,77,16.495044083428624
13,78,13.931251772955122
13,79,11.244419876597462
13,80,9.069917386765031
13,81,8.267018015010953
13,82,9.061223708405844
13,83,7.342137657464104
13,84,8.8740052546801
13,85,10.08632977238282
13,86,8.493612665792734
13,87,10.537808206423184
13,88,12.183637016947237
13,89,13.227280922332952
13,90,16.625058556201548
13,91,18.566740022159994
13,92,22.242117623857585
13,93,25.541528046749853
13,94,29.07748118716744
13,95,32.52593538452942
13,96,33.74832848027868
13,97,34.52369079694429
13,98,38.11916614894305
13,99,39.12772113647862
13,100,41.577114948696995
13,101,41.180390598524994
13,102,37.407684270679006
13,103,36.68565808524065
13,104,34.43770569381644
13,105,31.828878514093354
13,106,28.12810693020566
13,107,26.432426030949586
13,108,22.79257501865146
13,109,20.763346664119073
13,110,18.89025694166623
13,111,15.563699229958381
13,112,11.88096354946511
13,113,10.441834460969915
13,114,6.865362656736631
13,115,6.938450573911793
13,116,7.49675965634464
13,117,10.492503987205538
14,1,27.840164148575443
14,2,30.881374522138042
14,3,30.696394382358502
14,4,27.00510959428305
14,5,24.66971790920863
14,6,21.086920377611584
14,7,18.25448532351398
14,8,15.580553828065904
14,9,15.71718448673975
14,10,12.9812858091342
14,11,9.838881670397495
14,12,6.554312238599424
14,13,3.7957027671761314
14,15,3.8060400057572523
14,16,6.269348968339957
14,17,5.727217646893039
14,18,8.276682907337733
14,19,8.712446388985818
14,20,12.481523979058386
14,21,15.229446771536558
14,22,18.91965828418878
14,23,21.975990367803252
14,24,25.381197795984434
14,25,28.634673547133442
14,26,31.192445300164135
14,27,34.12185984902728
14,28,35.41339154531237
14,29,37.074970558564324
14,30,34.06979309029974
14,31,32.86967178281533
14,32,31.59601551586091
14,33,27.85152181915366
14,34,25.49647552795134
14,35,21.908880668153127
14,36,21.485580588893473
14,37,18.923491043411836
14,38,19.491709460233015
14,39,18.03362671133192
14,40,17.694407495749584
14,41,21.413254901649935
14,42,22.013437085636905
14,43,23.455805149169567
14,44,23.6175288459227
14,45,23.211625581856214
14,46,24.51223534166369
14,47,22.393096262330662
14,48,24.536662227568723
14,49,27.20259909040112
14,50,27.412253584303688
14,51,30.786957688223335
14,52,31.78380745558949
14,53,30.228561838213075
14,54,28.628208828970326
14,55,27.971659914785963
14,56,24.702257327924283
14,57,23.87911913876264
14,58,21.440975257181798
14,59,20.59070234535905
14,60,18.57766218463726
14,61,18.0570562040812
14,62,16.879803578722218
14,63,13.369204227648098
14,64,12.71186654426974
14,65,14.247961560480404
14,66,15.862320919444102
14,67,17.748207891217614
14,68,20.16022356809783
14,69,22.74368173999347
14,70,25.481416452743236
14,71,26.016249205527995
14,72,29.217134830183188
14,73,31.248634563698968
14,74,29.057769245841538
14,75,25.778654668563444
14,76,23.307983056985755
14,77,19.635499739841897
14,78,17.005343130666667
14,79,13.88737033286827
14,80,11.73606383317684
14,81,9.77726952006893
14,82,9.55178059607559
14,83,8.616374200921877
14,84,9.125087541647146
14,85,11.417128205603127
14,86,10.744245240464405
14,87,13.516355547500806
14,88,15.635988453508572
14,89,16.849830816101758
14,90,20.334818818944974
14,91,22.293085639212787
14,92,25.954571672243897
14,93,29.23577825857238
14,94,32.746158059395306
14,95,36.16398301259944
14,96,37.253760904651095
14,97,37.95875201596272
14,98,41.567637865075845
14,99,42.418952268623876
14,100,44.92764497521341
14,101,44.629276025657795
14,102,40.8639691714273
14,103,40.25442115625955
14,104,38.079990979302984
14,105,35.52690811070439
14,106,31.808129509341974
14,107,30.194027688919565
14,108,26.55243010206849
14,109,24.558168824282706
14,110,22.628286887131484
14,111,19.32579533960624
14,112,15.64249162590534
14,113,13.94985724749444
14,114,10.352202872445373
14,115,9.422571961317882
14,116,8.506799160324885
14,117,11.404011080284981
15,1,29.743978813935588
15,2,32.51312535143033
15,3,31.92571189023644
15,4,28.252647065170635
15,5,26.278943055085744
15,6,22.63182184306753
15,7,20.158811007010765
15,8,17.75835918081274
15,9,17.94478288127317
15,10,15.369589989075164
15,11,12.407499393306319
15,12,9.253114326372348
15,13,5.839909963711842
15,14,3.8060400057572523
15,16,3.79792442471857
15,17,5.302473118519195
15,18,7.997919404764498
15,19,9.634958544662895
15,20,13.25400095096848
15,21,16.190873608241084
15,22,19.9419508461693
15,23,23.01913734231435
15,24,26.599474381750294
15,25,29.648660451076637
15,26,32.51482180983334
15,27,35.18139142028579
15,28,36.20434319865203
15,29,37.6342335835157
15,30,34.4393024596577
15,31,33.057966497057016
15,32,31.437499739475932
15,33,27.79947819540527
15,34,25.13390723344905
15,35,21.514281407560272
15,36,20.959074371002323
15,37,18.2968872925456
15,38,19.088773991321283
15,39,17.25865997196355
15,40,17.193837934686186
15,41,20.69738005480368
15,42,21.59586277367739
15,43,22.538385119707684
