1,2,3.792374705237123
1,3,5.42588241066942
1,4,6.077488305988711
1,5,9.495221444435254
1,6,12.386572224004075
1,7,14.925722495697718
1,8,14.5935191314542
1,9,18.37191468436838
1,10,20.934708234504978
1,11,24.61159609078002
1,12,27.000168824413542
1,13,30.766716330417424
1,14,31.72783753896747
1,15,32.644390851831915
1,16,29.808889383977128
1,17,26.911616626476942
1,18,23.235282665353136
1,19,20.359603166516756
1,20,16.82724406632745
1,21,14.367864082509511
1,22,11.291738397691942
1,23,9.726131849523004
1,24,8.20059811462236
1,25,8.351721021345133
1,26,10.329463655666428
1,27,13.677316056703432
1,28,15.533473046628021
1,29,13.830181488343918
1,30,17.00892062922084
1,31,17.159640621493715
1,32,15.426182540805641
1,33,16.876190254801347
1,34,16.586903250654323
1,35,17.863256062055488
1,36,20.119467109843555
1,37,20.80002159703921
1,38,24.01646033607719
1,39,24.689369287988402
1,40,25.65429870001951
1,41,24.898398347965372
1,42,22.551436158078086
1,43,19.89895324810968
1,44,21.949838801925335
1,45,21.05968953976186
1,46,22.04474298061655
1,47,21.72513282705455
1,48,20.256886762651312
1,49,20.27951259937252
1,50,20.751858497396867
1,51,19.3780426551003
1,52,23.01219683125256
1,53,23.746334082011373
1,54,23.253864081734417
1,55,24.23444631003367
1,56,24.528400938434007
1,57,26.887216699082675
1,58,28.206576749424624
1,59,30.650098248988055
1,60,28.72187652821715
1,61,25.21666084880782
1,62,23.790520633430425
1,63,20.805959603850578
1,64,21.096760594061433
1,65,19.069632441142183
1,66,18.28406307157019
1,67,17.79590796708073
1,68,18.970972282331456
1,69,16.699211020927983
1,70,13.714333816963178
1,71,14.163945722993622
1,72,15.195092780578975
1,73,16.865629785025927
1,74,18.77671194568831
1,75,22.2599447994
1,76,24.361521763020964
1,77,27.605541071807632
1,78,29.904645503724392
1,79,28.846855474463243
1,80,30.878771782893462
1,81,30.59409788635135
1,82,29.664984637158923
1,83,26.212107322279127
1,84,25.080394162971242
1,85,22.25058323298618
1,86,18.439530351721608
1,87,16.80551282798717
1,88,13.595416652197061
1,89,12.033396575331023
1,90,11.68103135324631
1,91,11.911055464903729
1,92,13.855784946165347
1,93,14.640814683259697
1,94,18.414753185535993
1,95,20.52130744286263
1,96,17.91087890228733
1,97,18.679230972445843
1,98,15.534702345909565
1,99,13.261281646262782
1,100,9.46898570516168
1,101,9.285720697515107
1,102,7.9260529742443175
1,103,9.091220165813416
1,104,12.365778709084054
1,105,14.987995409977025
1,106,18.381492833374427
1,107,21.06330859031076
1,108,24.59611570469904
1,109,27.623082028592215
1,110,30.99063918442344
1,111,30.609663414929965
1,112,32.8060063053748
1,113,30.347460146392883
1,114,30.470896453064473
1,115,30.318811922236957
2,1,3.792374705237123
2,3,3.804120177357758
2,4,6.59252421494081
2,5,10.2320994134042
2,6,13.649741430040715
2,7,16.442132949320094
2,8,16.53497128228076
2,9,20.223612516847794
2,10,22.371413817725212
2,11,26.077620674994293
2,12,28.084100174752386
2,13,31.732820425190248
2,14,32.3175887771364
2,15,32.891785563955295
2,16,30.153464543362325
2,17,26.99334319593592
2,18,23.479539794535317
2,19,20.431558826311406
2,20,16.95060868860168
2,21,14.27794141178124
2,22,10.711602447449403
2,23,8.430373711955923
2,24,5.708393430191478
2,25,5.829035136095114
2,26,6.911323149841496
2,27,10.297418441638401
2,28,11.819286529221468
2,29,10.088868677843905
2,30,13.40513256116664
2,31,13.911397349852754
2,32,12.69435359345968
2,33,14.669722946353312
2,34,15.176517275250202
2,35,16.956490631431517
2,36,19.772872245192822
2,37,20.95376192783144
2,38,24.4407170321631
2,39,25.589456682008947
2,40,26.434905603378443
2,41,25.13922060449207
2,42,22.404365959270944
2,43,19.526946374552466
2,44,21.07526413625744
2,45,19.654301370826268
2,46,20.73663353359636
2,47,19.9475815026365
2,48,17.941109399474644
2,49,17.58212078248037
2,50,17.580386783950058
2,51,16.097041602141978
2,52,19.72674300250774
2,53,20.82314220413302
2,54,20.749895221398603
2,55,22.002099074349964
2,56,22.34692177608493
2,57,25.000495656585937
2,58,26.524159682927092
2,59,29.27513246822095
2,60,27.759601192826562
2,61,24.08883812269597
2,62,22.396797961990455
2,63,19.1644284907608
2,64,19.33721969258302
2,65,16.870092527846616
2,66,16.047490255899444
2,67,14.975685100847834
2,68,16.39627809816035
2,69,14.705819770409612
2,70,11.356768170648822
2,71,12.441654387980076
2,72,13.576478819434824
2,73,15.880527955169363
2,74,17.970801962860698
2,75,21.6664928633359
2,76,23.953317809744668
2,77,27.08633077568498
2,78,29.654709270677
2,79,28.987900338872528
2,80,31.114704198497822
2,81,31.157874775678604
2,82,29.888670437717096
2,83,26.40058943826808
2,84,25.78392828403692
2,85,22.934568588193525
2,86,19.153574517801925
2,87,16.926529527612658
2,88,13.451162985977323
2,89,11.171785386300158
2,90,9.837811716358045
2,91,9.018111103281207
2,92,10.558569071448606
2,93,11.003219669787363
2,94,14.724824007282963
2,95,17.010233515221376
2,96,14.67624160694213
2,97,15.940412284595691
2,98,13.104456444268315
2,99,11.036854286304127
2,100,7.499688772197156
2,101,8.50469769115428
2,102,8.144366185123793
2,103,10.682024738134338
2,104,13.371614063309284
2,105,16.230191447222566
2,106,19.785833091367
2,107,22.095075879267796
2,108,25.794186080911032
2,109,28.511372126624472
2,110,32.01876232175564
2,111,32.0693248602002
2,112,34.55984201142134
2,113,32.13277768067453
2,114,32.30072038746346
2,115,31.746516154641636
3,1,5.42588241066942
3,2,3.804120177357758
3,4,3.776042475996602
3,5,6.958526701288877
3,6,10.605570097175809
3,7,13.395569710731197
3,8,13.73218265048621
3,9,17.266395970719426
3,10,19.09666379182313
3,11,22.783745507568344
3,12,24.58568891971491
3,13,28.169767809449166
3,14,28.637438477373024
3,15,29.13257942853591
3,16,26.435568344053678
3,17,23.25884440500898
3,18,19.76763338480353
3,19,16.775765920816298
3,20,13.26119932992934
3,21,10.763190833831262
3,22,7.210014879594577
3,23,5.746243186089161
3,24,4.371395815010395
3,25,6.846246917818863
3,26,8.464195735645257
3,27,10.903181131472255
3,28,12.324078779291936
3,29,10.002610659895659
3,30,12.51295066069811
3,31,12.215038505585355
3,32,10.122690373842438
3,33,11.796269494214249
3,34,11.809060692311952
3,35,13.798238806896872
3,36,16.55309922380804
3,37,18.05729973880572
3,38,21.550237296253083
3,39,22.99854340794156
3,40,24.2118721800243
3,41,22.836793669649783
3,42,20.29438866509776
3,43,17.09262605530331
3,44,18.35199572467183
3,45,16.78473093151594
3,46,17.444729817832027
3,47,16.65303257812669
3,48,14.972324384199807
3,49,14.875848329346802
3,50,15.552272715905731
3,51,14.407052402982023
3,52,18.10318546342347
3,53,18.590644197026304
3,54,18.201187777058482
3,55,19.007316083721005
3,56,19.167415674168954
3,57,21.61197252874313
3,58,23.056301899056603
3,59,25.6663191883929
3,60,24.025417030456083
3,61,20.390282064741324
3,62,18.777778977777732
3,63,15.672088933170276
3,64,16.120399171825923
3,65,14.085159784253976
3,66,13.856789947657719
3,67,13.49307002916088
3,68,15.442794147269863
3,69,13.501131367045963
3,70,10.008847743461331
3,71,10.042858797404234
3,72,10.409171462598191
3,73,12.322480865424163
3,74,14.213938751146204
3,75,17.910143935776905
3,76,20.14951684903801
3,77,23.30152192624659
3,78,25.8514293311373
3,79,25.226046832322382
3,80,27.415553200998534
3,81,27.604436134905775
3,82,26.371444540649236
3,83,22.812637010259454
3,84,22.372710927645837
3,85,19.70659734560148
3,86,16.012132149912173
3,87,13.491366965311578
3,88,10.188295924412222
3,89,7.581968554797856
3,90,6.934605833054646
3,91,7.121172299750607
3,92,9.887521998720278
3,93,11.459126639185556
3,94,14.949321390502707
3,95,17.520044796758786
3,96,15.154613797168347
3,97,16.223479822217726
3,98,13.052804043087274
3,99,10.1182525885753
3,100,6.9416718922907155
3,101,6.561791844539911
3,102,5.29791047983106
3,103,8.422061986634882
3,104,10.360395836341134
3,105,13.02624198075319
3,106,16.682389059420355
3,107,18.680326444926614
3,108,22.435351452485794
3,109,24.97993171974597
3,110,28.50466456070664
3,111,28.750826657572475
3,112,31.395860488696574
3,113,29.05380105688048
3,114,29.375033537277314
3,115,28.64426413961121
4,1,6.077488305988711
4,2,6.59252421494081
4,3,3.776042475996602
4,5,3.7330152958579896
4,6,7.069097167380112
4,7,9.910938882800412
4,8,10.52028498692863
4,9,14.152191859837123
4,10,16.000576747929372
4,11,19.7727649650271
4,12,21.712160444604827
4,13,25.408703078093758
4,14,26.25643762318907
4,15,26.882813083603907
4,16,23.971657203982232
4,17,20.9438194216151
4,18,17.33084813951316
4,19,14.328652691291323
4,20,10.847033554503673
4,21,8.309679072356952
4,22,5.391225009033974
4,23,5.219063114473441
4,24,6.187184665341304
4,25,8.714890921047658
4,26,11.366079276391472
4,27,13.469506769212224
4,28,15.413345896681484
4,29,13.332563167650623
4,30,15.46044738279393
4,31,14.865318577372348
4,32,12.103717520151847
4,33,13.313770892150238
4,34,12.295229386271176
4,35,14.096776704535705
4,36,16.201518559183093
4,37,17.580040307154825
4,38,20.778115190408577
4,39,22.050735331897265
4,40,23.74772986730034
4,41,22.823522420573493
4,42,20.81041830822039
4,43,17.578697218127935
4,44,18.96814179518811
4,45,17.682580161499963
4,46,17.76040144616164
4,47,17.209196336810336
4,48,16.187315021830617
4,49,16.296699226799426
4,50,17.622286542721994
4,51,16.46219588657933
4,52,19.97483748883389
4,53,19.828179032543783
4,54,18.734656672384077
4,55,19.216034434912345
4,56,19.509944976150916
4,57,21.633280203207804
4,58,23.028871495587065
4,59,25.182596808574253
4,60,23.061360307369824
4,61,19.6644730077338
4,62,18.152286921070097
4,63,15.314734446100013
4,64,15.687790960041173
4,65,14.29438555269614
4,66,14.109082909470619
4,67,14.700982060221587
4,68,16.349774326615663
4,69,13.686121078726455
4,70,10.79476046847824
4,71,9.74231065831659
4,72,9.93618519941342
4,73,10.985461101421723
4,74,12.880040343304675
4,75,16.25892372405378
4,76,18.518501924783813
4,77,21.644396739971924
4,78,24.056399840901136
4,79,23.22397325574856
4,80,25.553735663755234
4,81,25.685508489317208
4,82,24.93133494686778
4,83,21.274013162847833
4,84,20.5306184195221
4,85,18.19346891032913
4,86,14.580673322793892
4,87,12.33864201078007
4,88,9.702246191219741
4,89,7.5379617539949715
4,90,8.705846400414957
4,91,10.040857170117434
4,92,13.284815364921519
4,93,15.119359152576278
4,94,18.47555220364883
4,95,21.15707623596636
4,96,18.785019151847983
4,97,19.6473548220695
4,98,16.281728520646418
4,99,13.028100228731079
4,100,9.955491141424469
4,101,8.217897303408314
4,102,5.124023511622414
4,103,6.91205546725178
4,104,8.622096805485091
4,105,10.490434666783907
4,106,14.25973112872929
4,107,16.234628707143916
4,108,19.919469163660448
4,109,22.58437322910218
4,110,25.93603038502999
4,111,25.900143991704333
4,112,28.379802772315223
4,113,26.211084827702003
4,114,26.801069184509732
4,115,26.387600225435484
5,1,9.495221444435254
5,2,10.2320994134042
5,3,6.958526701288877
5,4,3.7330152958579896
5,6,3.752818698916018
5,7,6.472327217536418
5,8,7.492373250305373
5,9,10.859682158078293
5,10,12.369003315863345
5,11,16.1442811835904
5,12,17.986769605892864
5,13,21.680261298896777
5,14,22.58897932729236
5,15,23.274602654778455
5,16,20.342902617123976
5,17,17.438216871206755
5,18,13.756480268866408
5,19,10.946760591067328
5,20,7.408014832245331
5,21,5.514396896056294
5,22,4.148434904292676
5,23,6.471228783660258
5,24,8.907184746972748
5,25,11.92491815567956
5,26,14.581824071618701
5,27,16.159063473220428
5,28,17.963655119673223
5,29,15.687403812459152
5,30,17.123332626444043
5,31,15.8921382966521
5,32,12.546175256197586
5,33,13.022460805397602
5,34,11.052534643881637
5,35,12.640700745428395
5,36,14.126924521107455
5,37,15.61334469174943
5,38,18.531514135950115
5,39,19.928874217903655
5,40,22.10603574590717
5,41,21.35806548887106
5,42,19.82635455216157
5,43,16.504892815287374
5,44,17.688513848483044
5,45,16.56248859840422
5,46,16.027568866504204
5,47,15.744369336546294
5,48,15.4791404521368
5,49,16.018810206489853
5,50,18.077530557319157
5,51,17.335758242873574
5,52,20.65013425580091
5,53,19.81358543422096
5,54,18.27188524673169
5,55,18.10644290477727
5,56,18.171419275280723
5,57,19.793707409683336
5,58,20.95549575342071
5,59,22.700465462860116
5,60,20.23006487256766
5,61,17.078276526514426
5,62,15.866892360973482
5,63,13.5255329107274
5,64,14.262004241763096
5,65,13.791641583726634
5,66,14.276811157235946
5,67,15.730448909668608
5,68,17.592216456235153
5,69,14.75132163933762
5,70,12.270081871112609
5,71,10.065471614492012
5,72,9.194733636364543
5,73,8.903206251707898
5,74,10.21100545899065
5,75,13.250252919236523
5,76,15.304032483973522
5,77,18.460471153041293
5,78,20.681957640849966
5,79,19.703049904403347
5,80,22.090849130821045
5,81,22.269523880930226
5,82,21.780451008559083
5,83,18.070391230350413
5,84,17.30098014748044
5,85,15.33963155561372
5,86,11.98842429719872
5,87,9.789367561326536
5,88,8.115259803743323
5,89,6.5303254479163915
5,90,9.218253212794822
5,91,11.544065627463803
5,92,15.190014366034125
5,93,17.585245533837604
5,94,20.670077161398588
5,95,23.378770338220022
5,96,20.99512203225862
5,97,21.58305818665099
5,98,18.099324822750567
5,99,14.512915504792202
5,100,12.02625308108028
5,101,9.34208765337902
5,102,5.694466066399747
5,103,6.401734284254545
5,104,6.524334299100881
5,105,7.3154212994841545
5,106,11.137214537889204
5,107,12.745988801160019
5,108,16.416991041433935
5,109,18.989365048133614
5,110,22.280200601734222
5,111,22.289588383547933
5,112,24.840320757251433
5,113,22.795806209990474
5,114,23.60770744074219
5,115,23.164868808517358
6,1,12.386572224004075
6,2,13.649741430040715
6,3,10.605570097175809
6,4,7.069097167380112
6,5,3.752818698916018
6,7,3.0271074423352897
6,8,5.437680204062313
6,9,8.384273822041923
6,10,9.525473906837805
6,11,13.343791880269421
6,12,15.22861775725074
6,13,18.997066399621506
6,14,20.381300577985087
6,15,21.159845269460753
6,16,17.992843132479287
6,17,15.365115929524194
6,18,11.695318631527604
6,19,9.090997083988109
6,20,6.2145740749221945
6,21,5.151814344877824
6,22,6.228976532033697
6,23,9.025503206849779
6,24,12.056192520530502
6,25,14.83584582162703
6,26,17.833108485668554
6,27,19.171609982786514
6,28,21.229763963377607
6,29,19.153204347691517
6,30,20.360863751210584
6,31,19.046368797481314
6,32,15.521339921334903
6,33,15.717726038774378
6,34,13.20970159867659
6,35,14.506474548972044
6,36,15.190179200026558
6,37,16.51363208541674
6,38,18.8882498072201
6,39,20.106316930489925
6,40,22.75712693290864
6,41,22.45132953729531
6,42,21.5052163164425
6,43,18.321924135031043
6,44,19.44087922687196
6,45,18.56752193227785
6,46,17.46155458700565
6,47,17.36083989784262
6,48,17.67604173471142
6,49,18.290438310724955
6,50,20.70985517890039
6,51,19.96504106464453
6,52,22.98575938875828
6,53,21.65938292694472
6,54,19.571767086036726
6,55,19.087461544044693
6,56,19.291096719646273
6,57,20.489129835273204
6,58,21.566145448147356
6,59,22.721585642460504
6,60,19.816842180044638
6,61,17.148996098345208
6,62,16.121709268451113
6,63,14.328648352677561
6,64,14.908150634738579
6,65,15.181936419086195
6,66,15.707814210901713
6,67,17.837232794085335
6,68,19.373651080973715
6,69,16.19645407267105
6,70,14.438562127983522
6,71,11.663662906461179
6,72,10.679767465915567
6,73,9.307619485392916
6,74,10.279313833068048
6,75,12.415498401353856
6,76,14.34309303349059
6,77,17.240386809104642
6,78,19.211942318387838
6,79,18.051855838856497
6,80,20.601410649304142
6,81,20.791485273413397
6,82,20.938605692540154
6,83,17.251408386828423
6,84,16.227248488193165
6,85,14.945560890628256
6,86,12.131361684054093
6,87,10.528953893963992
6,88,10.135367853038195
6,89,9.326542157978528
6,90,12.55720885495918
6,91,15.086648369572407
6,92,18.803750863556942
6,93,21.242327590255275
6,94,24.216033731922504
6,95,27.008229097403024
6,96,24.680139392359354
6,97,25.205326872512092
6,98,21.68781638881683
6,99,18.03967979701941
6,100,15.675112623056757
6,101,12.724921031449092
6,102,9.00265748116596
6,103,8.42645165581065
6,104,7.714461340254107
6,105,6.528094776638433
6,106,9.90374368058799
6,107,11.058374312157206
6,108,14.420369921728629
6,109,16.96558091409196
6,110,19.921964997720558
6,111,19.624678221362405
6,112,21.977100769167674
6,113,20.26545323441995
6,114,21.51634577077512
6,115,21.436840627871497
7,1,14.925722495697718
7,2,16.442132949320094
7,3,13.395569710731197
7,4,9.910938882800412
7,5,6.472327217536418
7,6,3.0271074423352897
7,8,3.784812542841214
7,9,5.747616130203872
7,10,6.692207366924711
7,11,10.479621030373755
7,12,12.58761268192621
7,13,16.40991341127908
7,14,18.091819029472436
7,15,19.176698872759985
7,16,16.035516783226438
7,17,13.86849932480117
7,18,10.23445062486539
7,19,8.441642045694795
7,20,6.2866145864564125
7,21,6.845495934474077
7,22,8.872571290442151
7,23,11.959788763681575
7,24,15.046571936671256
7,25,17.860621775078872
7,26,20.83382809368943
7,27,22.143031870414685
7,28,24.11267048546235
7,29,21.915917196865813
7,30,22.923421757600284
7,31,21.314270548923677
7,32,17.65843185126001
7,33,17.35322376035566
7,34,14.375895969038584
7,35,15.130545294287634
7,36,15.061417203208133
7,37,16.07013234835039
7,38,17.92455115065439
7,39,18.936577755713376
7,40,21.89910638289127
7,41,21.96183432416578
7,42,21.531910824001105
7,43,18.57271764095103
7,44,19.717406820643518
7,45,19.236446866619083
7,46,17.86687233679293
7,47,18.19018154406031
7,48,19.087735705664947
7,49,20.05666458714555
7,50,22.793318538089405
7,51,22.33407987196857
7,52,25.234163455845245
7,53,23.59966282909573
7,54,21.34529649790353
7,55,20.428901460760077
7,56,20.39276379183546
7,57,21.077869840533072
7,58,21.79985541282938
7,59,22.4988904612013
7,60,19.275961197231048
7,61,17.054488662298866
7,62,16.529561773512086
7,63,15.384369020350515
7,64,16.259465006665838
7,65,17.13853564798523
7,66,17.990110515764258
7,67,20.404551847568364
7,68,21.978906380676623
7,69,18.791404610200274
7,70,17.23756859247021
7,71,14.226201167132674
7,72,12.858815660949391
7,73,10.732157412194224
7,74,10.868195539314376
7,75,12.20700593973397
7,76,13.540094297302328
7,77,16.352506233013585
7,78,17.838198613684803
7,79,16.288611420744918
7,80,18.706923622010223
7,81,18.697054535612033
7,82,19.276452559970085
7,83,15.737553383021028
7,84,14.37553422593939
7,85,13.565166219180611
7,86,11.286764247324966
7,87,10.416115356832048
7,88,11.00193249634799
7,89,11.051127988644964
7,90,14.600224203765915
7,91,17.485245262218086
7,92,21.23367581977926
7,93,23.889455040115326
7,94,26.80945712230135
7,95,29.50099468342025
7,96,27.072053898091063
7,97,27.337243367413816
7,98,23.748427567655547
7,99,20.04812500360505
7,100,17.89693390655898
7,101,14.61988139433973
7,102,10.99629468509286
7,103,9.622448879786154
7,104,8.172913469099658
7,105,5.600644623697122
7,106,8.09766400372171
7,107,8.943002040095314
7,108,11.952355079586992
7,109,14.575992484944289
7,110,17.322959318444322
7,111,16.772342780849563
7,112,19.009083863331025
7,113,17.389125686220293
7,114,18.82534591521976
7,115,18.955183873842454
8,1,14.5935191314542
8,2,16.53497128228076
8,3,13.73218265048621
8,4,10.52028498692863
8,5,7.492373250305373
8,6,5.437680204062313
8,7,3.784812542841214
8,9,3.8087712352154877
8,10,6.768696249076224
8,11,10.20850495963985
8,12,13.123246701773839
8,13,16.929502022361934
8,14,18.54979609530882
8,15,20.280296643293873
8,16,17.57728891281544
8,17,15.874745811115698
8,18,12.216880588552945
8,19,11.20577830637901
8,20,8.673773538116777
8,21,9.697498248856146
8,22,10.906781858271643
8,23,13.849512335795556
8,24,16.3465920301387
8,25,19.117412847303616
8,26,21.84616876465705
8,27,23.635421129146042
8,28,25.330410693519433
8,29,22.787918765003994
8,30,24.002199524411335
8,31,22.13416124374965
8,32,18.54458723537343
8,33,17.734049664090882
8,34,14.54621178901192
8,35,14.403763623893843
8,36,13.881418140898079
8,37,14.044494169954751
8,38,15.682522010845487
8,39,16.1208043596706
8,40,18.92853975976017
8,41,19.386021538007306
8,42,19.180998992208888
8,43,16.63426240909943
8,44,18.387811975831987
8,45,18.597953877168123
8,46,17.773539989177248
8,47,18.8054876533894
8,48,19.934583230138937
8,49,21.433584727294757
8,50,24.16054020770404
8,51,24.0514362031454
8,52,27.211982761811335
8,53,25.809988754035448
8,54,23.934974884730575
8,55,22.87527597816777
8,56,22.34877819323177
8,57,22.827173916789743
8,58,23.049107786884953
8,59,23.833115344110496
8,60,20.605849950512052
8,61,18.38870227462728
8,62,18.45580307992182
8,63,17.50089483576186
8,64,18.94132826002275
8,65,19.698239270774224
8,66,20.7458885063947
8,67,22.779682085358466
8,68,24.607124071553315
8,69,21.550137421775183
8,70,19.522045787745764
8,71,16.835215315583746
8,72,15.332337545401804
8,73,13.374141178177755
8,74,12.946162265370544
8,75,14.46290739408095
8,76,15.05181215689133
8,77,18.22527409686258
8,78,19.189893278623135
8,79,17.025941118144583
8,80,18.774244641919566
8,81,18.023920809387445
8,82,18.44532919651004
8,83,15.181466385676977
8,84,13.085329681152293
8,85,11.685902195036684
8,86,9.196366272340857
8,87,9.410801086778491
8,88,9.989672854222544
8,89,11.151868930881118
8,90,14.569579989668378
8,91,17.800186233835873
8,92,21.38350076490491
8,93,24.208717079668663
8,94,27.324526138905874
8,95,29.639672163872394
8,96,26.845425283629993
8,97,26.622029039726854
8,98,22.891316272007472
8,99,19.289578598928134
8,100,17.14259494901562
8,101,13.567400081683148
8,102,10.18645949399238
8,103,7.663369631041601
8,104,6.275876693949461
8,105,3.7561228527941872
8,106,5.6785078414091466
8,107,7.993661872302814
8,108,10.87362828612396
8,109,14.163955603340812
8,110,17.06036528452385
8,111,16.166144733808796
8,112,18.233634280023285
8,113,15.99329199530768
8,114,16.759788734295615
8,115,17.021818293177837
9,1,18.37191468436838
9,2,20.223612516847794
9,3,17.266395970719426
9,4,14.152191859837123
9,5,10.859682158078293
9,6,8.384273822041923
9,7,5.747616130203872
9,8,3.8087712352154877
9,10,3.8186788659523665
9,11,6.6312457061563315
9,12,9.91998805094762
9,13,13.624376661630684
9,14,15.480824854427803
9,15,17.62728207121107
9,16,15.17783723274977
9,17,14.200820681516875
9,18,10.92433520336699
9,19,11.117556756885937
9,20,9.608288521329518
9,21,11.742096004198816
9,22,13.728841910282608
9,23,17.026531370310888
9,24,19.759166106391934
9,25,22.699245301856127
9,26,25.37614100188189
9,27,26.961733489112316
9,28,28.530303723858662
9,29,25.888967173130208
9,30,26.746970588259295
9,31,24.56153345286398
9,32,20.866615796769032
9,33,19.579877736537433
9,34,16.029709167470152
9,35,15.403850619258048
9,36,13.983237442159036
9,37,13.855603559981446
9,38,14.641115160582242
9,39,14.915426010615944
9,40,18.17178162610191
9,41,19.018520512805726
9,42,19.523517769741343
9,43,17.294163660301173
9,44,18.814147222976057
9,45,19.390974347669964
9,46,18.163916672123147
9,47,19.585217549851855
9,48,21.345668975091648
9,49,23.157829393223114
9,50,26.22429914666812
9,51,26.43745408324835
9,52,29.394763102001217
9,53,27.613278903145005
9,54,25.572776909521792
9,55,24.030974305656553
9,56,23.23783070329641
9,57,23.112662290656207
9,58,22.911805644369867
9,59,23.128157006574845
9,60,19.637566003010484
9,61,18.049265788023263
9,62,18.704962840749236
9,63,18.50291494618833
9,64,20.222780408917576
9,65,21.612004820235615
9,66,23.04353560930613
9,67,25.409074690501026
9,68,27.334951033304417
9,69,24.321227875057748
9,70,22.50235286572668
9,71,19.49554589503095
9,72,17.569238133358958
9,73,14.954100895724354
9,74,13.749414278505684
9,75,14.331835905941192
9,76,14.11196997807578
9,77,17.033538894789327
9,78,17.309275536229798
9,79,14.68282474044696
9,80,16.113186313510226
9,81,15.079824315048521
9,82,16.075227120680392
9,83,13.149208255110107
9,84,10.654435152644496
9,85,10.155547607805376
9,86,8.898147445455407
9,87,10.033497421935834
9,88,11.835357475856672
9,89,13.559059089654166
9,90,17.172050959511278
9,91,20.629864759512063
9,92,24.232806442836424
9,93,27.287722602551185
9,94,30.222189298447816
9,95,32.47272482038041
9,96,29.68252925962634
9,97,29.247490851507596
9,98,25.547493573243347
9,99,21.929081610332265
9,100,20.193885055524955
9,101,16.466238047674317
9,102,13.398432142082237
9,103,10.847930035447488
9,104,8.63406222650503
9,105,5.123398230554245
9,106,4.240530297397344
9,107,5.594549869184467
9,108,7.572237476262151
9,109,10.958688303939901
9,110,13.561625367405405
9,111,12.408124110366622
9,112,14.438321059953479
9,113,12.222699915527087
9,114,13.243871855130973
9,115,13.661794381403677
10,1,20.934708234504978
10,2,22.371413817725212
10,3,19.09666379182313
10,4,16.000576747929372
10,5,12.369003315863345
10,6,9.525473906837805
10,7,6.692207366924711
10,8,6.768696249076224
10,9,3.8186788659523665
10,11,3.8218388346342156
10,12,6.379509384913022
10,13,10.204597566032335
10,14,12.170161794392452
10,15,14.058361278504863
10,16,11.444615354819682
10,17,10.689423394288717
10,18,7.775716828486603
10,19,8.822054464448264
10,20,8.616148569177657
10,21,11.465456551992476
10,22,14.270257330372162
10,23,17.852666621852947
10,24,20.992910708199783
10,25,24.13948257675331
10,26,26.81805065566665
10,27,27.92371207826553
10,28,29.467171121348212
10,29,26.93187610674313
10,30,27.32821876906692
10,31,25.032462474458658
10,32,21.25492062856409
10,33,19.90503767538654
10,34,16.274406311431818
10,35,15.947849078531476
10,36,14.326830095361005
10,37,14.814566876446452
10,38,15.326890619629493
10,39,16.181902130853988
10,40,19.75162508171412
10,41,20.3352719884332
10,42,21.013135994131748
10,43,18.607708858722102
10,44,19.41023582377998
10,45,19.656841475348863
10,46,17.730613544804612
10,47,18.91306707228198
10,48,20.996613704681913
10,49,22.719307483992107
10,50,26.040173640611773
10,51,26.347965650382392
10,52,28.94961451496295
10,53,26.73283611404906
10,54,24.403087656886793
10,55,22.522294067542056
10,56,21.763056413766602
10,57,21.25576251948393
10,58,21.035042721453113
10,59,20.749657018689465
10,60,17.080934268265942
10,61,16.0141254493566
10,62,16.78813421782734
10,63,17.143413429243946
10,64,18.81038586086183
10,65,20.794596323579487
10,66,22.500128865360626
10,67,25.281257190281245
10,68,27.20798933332872
10,69,24.28573474172544
10,70,22.847779928040808
10,71,19.475391902798275
10,72,17.22059451468204
10,73,14.043106119035869
10,74,12.4137349163102
10,75,12.024440328611275
10,76,11.514092852991302
10,77,13.964549582776387
10,78,14.046569957538555
10,79,11.535525676945054
10,80,13.370684029548064
10,81,12.935476730551006
10,82,14.41765127253991
10,83,11.462973029140795
10,84,9.616232526024481
10,85,10.374658761356695
10,86,10.084227457215
10,87,10.707223398980483
10,88,13.217907361256026
10,89,14.600226028988486
10,90,18.386142974531555
10,91,21.790000854190257
10,92,25.48963470981267
10,93,28.632385897248575
10,94,31.260165418362867
10,95,33.69277701864373
10,96,31.168395864805095
10,97,30.912194881095477
10,98,27.346777174799925
10,99,23.640519840816417
10,100,22.240656263730646
10,101,18.580257832800644
10,102,15.567516704573652
10,103,13.687912570645889
10,104,10.915875578786878
10,105,7.088527845159227
10,106,6.025601677240372
10,107,4.553136197239578
10,108,5.920777443170258
10,109,8.38409472199507
10,110,10.773836324601543
10,111,10.10161393965417
10,112,12.572119542253029
10,113,11.059173438185919
10,114,12.945559263660753
10,115,13.011968110220266
11,1,24.61159609078002
11,2,26.077620674994293
11,3,22.783745507568344
11,4,19.7727649650271
11,5,16.1442811835904
11,6,13.343791880269421
11,7,10.479621030373755
11,8,10.20850495963985
11,9,6.6312457061563315
11,10,3.8218388346342156
11,12,3.797720636847814
11,13,7.167400403680532
11,14,9.59133579370832
11,15,12.15333471961181
11,16,10.168370022908094
11,17,10.73626520823125
11,18,8.960371285362404
11,19,11.228164594667918
11,20,11.818480190685051
11,21,14.975719619564915
11,22,17.922923294466305
11,23,21.569590010508918
11,24,24.725790560282793
11,25,27.92945869563198
11,26,30.545713506690653
11,27,31.581388684054463
11,28,33.0052928194171
11,29,30.387594387355215
11,30,30.569558710027795
11,31,28.06058927988805
11,32,24.302600986223073
11,33,22.60778689225085
11,34,18.86139149611426
11,35,18.09964427468864
11,36,15.835869554172374
11,37,15.956929431032913
11,38,15.583566387098058
11,39,16.184724188882456
11,40,19.93783562409525
11,41,20.881986482904548
11,42,22.182581188119215
11,43,20.202434000451756
11,44,20.828019168793247
11,45,21.443981011600652
11,46,19.33203682525556
11,47,20.857508217937237
11,48,23.38889479163084
11,49,25.354114116593088
11,50,28.847020870594825
11,51,29.424865383613128
11,52,31.85729996620461
11,53,29.41154929685411
11,54,27.045680820255818
11,55,24.813787884472646
11,56,23.80561775636149
11,57,22.743375559416933
11,58,22.06766219664035
11,59,21.19182654979611
11,60,17.4258334381792
11,61,17.149090334958142
11,62,18.508129154079008
11,63,19.525308657779387
11,64,21.382660764821733
11,65,23.75476726436618
11,66,25.698843148799096
11,67,28.613834298922658
11,68,30.599687218630073
11,69,27.756533102211783
11,70,26.42851113639448
11,71,22.961729865746474
11,72,20.51367657713373
11,73,17.101583715111758
11,74,15.005032247697416
11,75,13.844551314693819
11,76,12.445414365497209
11,77,14.310495032747403
11,78,13.39900644564266
11,79,10.365884541403256
11,80,11.53152392461854
11,81,10.70348056195602
11,82,13.0404664272144
11,83,10.895137066789587
11,84,8.830767343017099
11,85,10.774060796877773
11,86,11.755115070657189
11,87,13.055151437515093
11,88,16.06867275230438
11,89,17.822847198588047
11,90,21.567311815483855
11,91,25.075512202944065
11,92,28.710787701680236
11,93,31.990586965956105
11,94,34.49707356595168
11,95,36.81715607822001
11,96,34.27166714175044
11,97,33.80610137826827
11,98,30.284403472617583
11,99,26.634320761836108
11,100,25.50330170920029
11,101,21.775180593751983
11,102,19.003269643728675
11,103,16.971420163911983
11,104,14.033760183451992
11,105,10.303108343214664
11,106,8.046948813785901
11,107,5.710261914878297
11,108,4.270885291611989
11,109,5.938076284731175
11,110,7.415074946061743
11,111,6.298068348625586
11,112,8.855943387438229
11,113,7.65202791144998
11,114,10.120163562680343
11,115,10.34150478155529
12,1,27.000168824413542
12,2,28.084100174752386
12,3,24.58568891971491
12,4,21.712160444604827
12,5,17.986769605892864
12,6,15.22861775725074
12,7,12.58761268192621
12,8,13.123246701773839
12,9,9.91998805094762
12,10,6.379509384913022
12,11,3.797720636847814
12,13,3.850404570655403
12,14,6.363912345403948
12,15,8.528643158114553
12,16,6.566757418296795
12,17,7.944533110489545
12,18,7.461568920542609
12,19,10.613295065967048
12,20,12.3028509992192
12,21,15.694206092160753
12,22,18.99413887552392
12,23,22.712452401885944
12,24,26.058940784359283
12,25,29.39784573771619
12,26,31.919664769920143
12,27,32.53623688870741
12,28,33.860249074345695
12,29,31.345008390743796
12,30,31.101269971605394
12,31,28.520548526896576
12,32,24.808291314874065
12,33,23.083940743367815
12,34,19.44383907152827
12,35,18.965138191742177
12,36,16.707199452027176
12,37,17.394040779153
12,38,16.924335907746663
12,39,18.09540387757868
12,40,21.90075967977631
12,41,22.46908925427151
12,42,23.778175858928012
12,43,21.65988345941566
12,44,21.62433890497925
12,45,21.892762536010355
12,46,19.24819613298728
12,47,20.487455475796274
12,48,23.230390909301757
12,49,25.079961549679584
12,50,28.709091217435706
12,51,29.410264001201604
12,52,31.46488697957365
12,53,28.675268402992714
12,54,26.154121941110905
12,55,23.619802603903967
12,56,22.60614995687212
12,57,21.14001407363724
12,58,20.403459025897448
12,59,18.984271113207473
12,60,15.195222367691875
12,61,15.616359073431331
12,62,17.11827847440132
12,63,18.712742238853806
12,64,20.5045354383277
12,65,23.345990896682856
12,66,25.536032466082617
12,67,28.700201860465675
12,68,30.70402650902977
12,69,28.065018364251692
12,70,27.03495260949158
12,71,23.38770750923134
12,72,20.705964438522805
12,73,17.022524988821083
12,74,14.624820561926004
12,75,12.55148365873302
12,76,10.746297805991277
12,77,11.743423910906792
12,78,10.388095670845175
12,79,7.621800915047006
12,80,9.220122949419501
12,81,9.433535110404172
12,82,12.161458360367348
12,83,10.267493071024893
12,84,9.424984686907703
12,85,12.20922136997128
12,86,13.698660514486702
12,87,14.428442208198824
12,88,17.707301319519793
12,89,19.130068795425277
12,90,22.840317740566533
12,91,26.211032258295866
12,92,29.83349238198097
12,93,33.148691784229754
12,94,35.338103071468396
12,95,37.76890637497489
12,96,35.488045253914386
12,97,35.17672780573003
12,98,31.825388837080304
12,99,28.165220604033266
12,100,27.34748217999693
12,101,23.746593482718378
12,102,21.10194126451389
12,103,19.59678161950762
12,104,16.381314866701665
12,105,12.722195420480816
12,106,10.832496858755878
12,107,7.548203706735937
12,108,5.881609985291691
12,109,4.899994426828073
12,110,5.511724523008859
12,111,5.971470870292675
12,112,9.027332513334272
12,113,8.988448914139013
12,114,11.901110195364693
12,115,11.454560952784028
13,1,30.766716330417424
13,2,31.732820425190248
13,3,28.169767809449166
13,4,25.408703078093758
13,5,21.680261298896777
13,6,18.997066399621506
13,7,16.40991341127908
13,8,16.929502022361934
13,9,13.624376661630684
13,10,10.204597566032335
13,11,7.167400403680532
13,12,3.850404570655403
13,14,3.8086666606532646
13,15,6.340399898002233
13,16,5.893409173758389
13,17,8.879756401859177
13,18,9.892945260469535
13,19,13.451731759379477
13,20,15.59420299006826
13,21,19.060476763423473
13,22,22.430199388482563
13,23,26.160933582903617
13,24,29.532296378484425
13,25,32.9384663925498
13,26,35.36421479464148
13,27,35.7969217953035
13,28,36.98607553387187
13,29,34.46247571913044
13,30,33.935231129231425
13,31,31.2176554986721
13,32,27.593812474357552
13,33,25.675591073215756
13,34,22.098513011023364
13,35,21.47206051113881
13,36,18.944714718491603
13,37,19.592316898393022
13,38,18.59788122021305
13,39,19.79647318885541
13,40,23.573133934071674
13,41,24.177433263888545
13,42,25.827723366041848
13,43,23.965756566749835
13,44,23.575093670268465
13,45,23.934454408178695
13,46,21.077782572048317
13,47,22.388124087564705
13,48,25.409349230488576
13,49,27.338595069756554
13,50,31.056866079456178
13,51,31.980750676839666
13,52,33.76391261021908
13,53,30.74746976990943
13,54,28.218122517424685
13,55,25.394212322744323
13,56,24.217965600523648
13,57,22.25005969478134
13,58,21.169654963274024
13,59,19.123331965552616
13,60,15.502607249905514
13,61,16.805920090761823
13,62,18.692513016090253
13,63,20.853096402157405
13,64,22.69884702769344
13,65,25.854758913005693
13,66,28.247683768647157
13,67,31.514272360395378
13,68,33.558785077235484
13,69,31.084747549970892
13,70,30.20422129947893
13,71,26.500038707558843
13,72,23.67112663334201
13,73,19.89226462366495
13,74,17.244420620993726
13,75,14.611211718509525
13,76,12.256710353818882
13,77,12.29174180716792
13,78,9.936518016237871
13,79,7.338009470261553
13,80,8.111528801518135
13,81,8.66692622889686
13,82,12.02942185576561
13,83,11.199809579790964
13,84,10.941718971974247
13,85,14.360371621852599
13,86,16.52783044519831
13,87,17.37884309939547
13,88,20.866367047951094
13,89,22.363233341169366
13,90,25.975878841114348
13,91,29.322900384856975
13,92,32.860841667997136
13,93,36.25080007213032
13,94,38.23132929593583
13,95,40.605383044603705
13,96,38.422860316689004
13,97,38.03341891126806
13,98,34.80009359391793
13,99,31.20545953517674
13,100,30.66471612979767
13,101,27.095851587216703
13,102,24.646337063432583
13,103,23.22732124149672
13,104,19.883918448235953
13,105,16.336749680485525
13,106,14.17298595674471
13,107,10.740111515643184
13,108,8.29142753326401
13,109,5.63306035718637
13,110,3.725240778667452
13,111,5.4052587664509755
13,112,8.191896681134578
13,113,9.254104869534578
13,114,12.33505843519884
13,115,11.6222053700231
14,1,31.72783753896747
14,2,32.3175887771364
14,3,28.637438477373024
14,4,26.25643762318907
14,5,22.58897932729236
14,6,20.381300577985087
14,7,18.091819029472436
14,8,18.54979609530882
14,9,15.480824854427803
14,10,12.170161794392452
14,11,9.59133579370832
14,12,6.363912345403948
14,13,3.8086666606532646
14,15,3.844341319962208
14,16,5.4477287706937405
14,17,8.50772348558359
14,18,10.136902062301168
14,19,13.946358990751872
14,20,16.088579580477987
14,21,19.745971895752724
14,22,22.959400890721994
14,23,26.721851548790458
14,24,29.955462277008174
14,25,33.539460152349776
14,26,35.63507608011946
14,27,35.8769022867107
14,28,36.70518618987925
14,29,34.0650098276162
14,30,33.16725328033133
14,31,30.21734256439006
14,32,26.759329309176465
14,33,24.537390562919295
14,34,21.09317169004475
14,35,20.319612912912167
14,36,17.670527081207272
14,37,18.55741865948057
14,38,17.410722985855337
14,39,19.091032526608977
14,40,22.72891218799231
14,41,22.922183328733855
14,42,24.589341767347577
14,43,22.806251185754768
14,44,21.892946173940782
14,45,22.20180957203077
14,46,19.177120453265434
14,47,20.58283930230069
14,48,23.876535289599154
14,49,26.00971868709994
14,50,29.79022822847665
14,51,31.106745509935617
14,52,32.70034641559571
14,53,29.593130229868013
14,54,27.327973113257006
14,55,24.181801418638894
14,56,22.581022408609005
14,57,20.163997820076776
14,58,18.623591748144914
14,59,16.286513080883495
14,60,12.891984914645333
14,61,14.74567833395048
14,62,17.161222051298807
14,63,19.825173324290013
14,64,22.042320833073504
14,65,25.379815291188823
14,66,28.163068752419942
14,67,31.318072306269972
14,68,33.65422685006341
14,69,31.527211517115507
14,70,30.497197711607992
14,71,26.83454072112798
14,72,23.668843333390903
14,73,19.88110164142616
14,74,16.778051018118415
14,75,13.939227427809397
14,76,10.888589201367962
14,77,10.58639983962786
14,78,7.441199728417344
14,79,4.78428074867498
14,80,4.755724890969407
14,81,6.372267089633532
14,82,9.444760232575772
14,83,9.213622349940174
14,84,10.06130661498982
14,85,13.723656806470231
14,86,16.33343846542737
14,87,16.97884177369257
14,88,20.631969552812514
14,89,22.184289670198492
14,90,25.561928898453203
14,91,28.852997457783463
14,92,32.203660193026515
14,93,35.70439607210244
14,94,37.38758782297548
14,95,39.60828080398043
14,96,37.5519609462556
14,97,37.05981782275666
14,98,34.03409703036988
14,99,30.56974811478753
14,100,30.494693448351633
14,101,27.055930195309337
14,102,25.028020929509452
14,103,23.986369686316724
14,104,20.388342267959985
14,105,17.201779008861386
14,106,15.051785184176701
14,107,11.36967660920494
14,108,9.122928260539187
14,109,5.470827515032164
14,110,4.224963186541278
14,111,7.726988118224199
14,112,10.806656189150665
14,113,11.30327005724839
14,114,13.628401633313288
14,115,11.849097795989074
15,1,32.644390851831915
15,2,32.891785563955295
15,3,29.13257942853591
15,4,26.882813083603907
15,5,23.274602654778455
15,6,21.159845269460753
15,7,19.176698872759985
15,8,20.280296643293873
15,9,17.62728207121107
15,10,14.058361278504863
15,11,12.15333471961181
15,12,8.528643158114553
15,13,6.340399898002233
15,14,3.844341319962208
15,16,3.780028581349717
15,17,6.914140360208268
15,18,9.79611770342405
15,19,13.443731854144518
15,20,16.200006004816238
15,21,19.645071006653346
15,22,22.966423062208765
15,23,26.59608149277852
15,24,29.918800536910137
15,25,33.49773429122725
15,26,35.51165234822214
15,27,35.34725923767327
15,28,36.144125122522894
15,29,33.730740427070934
15,30,32.51695768092067
15,31,29.692048796280943
15,32,26.3689162827771
15,33,24.396016441195854
15,34,21.270647750224352
15,35,21.068850365159303
15,36,18.893065675962536
15,37,20.430728551116708
15,38,19.735153763744314
15,39,21.886893024923367
15,40,25.4400789031122
15,41,25.17089186485276
15,42,26.45989752227156
15,43,24.347345729758747
15,44,22.955261194242468
15,45,22.666072813478706
15,46,19.266904786739556
15,47,20.039018299223553
15,48,23.19282076715187
15,49,24.95626641483678
15,50,28.69603421264366
15,51,29.9529530490697
15,52,31.14498523128623
15,53,27.802415590403413
15,54,25.402180853459626
15,55,22.153219622704412
15,56,20.75640559127673
15,57,18.176303725818904
15,58,16.906041458081855
15,59,14.155396607857165
15,60,10.968565179099164
15,61,13.392183269176925
15,62,15.513749911239396
15,63,18.470070610546337
15,64,20.374094894807197
15,65,23.962058784777344
15,66,26.802685797335535
15,67,30.09576181904623
15,68,32.33822366484276
15,69,30.44175340768764
15,70,29.74022800515071
15,71,26.0492249738817
15,72,22.872276565671086
