1,2,3.794509510341664
1,3,7.044469712071543
1,4,9.956613771112686
1,5,13.189461514452725
1,6,16.08522782463694
1,7,19.82599553310759
1,8,21.884539225371256
1,9,25.268251388953935
1,10,28.14795976083374
1,11,31.614381462735658
1,12,33.36474156248171
1,13,31.120758073255214
1,14,29.44017463909577
1,15,25.74558679246708
1,16,22.99946216547649
1,17,19.44425875284223
1,18,16.265866244790697
1,19,12.519894512593897
1,20,10.111172967118991
1,21,6.588629241906187
1,22,4.529725133538568
1,23,4.849516880952573
1,24,7.139528632655107
1,25,9.938592377611382
1,26,9.739222883620217
1,27,8.807034899020916
1,28,11.656058241047726
1,29,13.68146991224702
1,30,13.505850125091223
1,31,14.826562678871001
1,32,17.587188295596427
1,33,18.551022884649086
1,34,18.774397375956802
1,35,21.001172611441216
1,36,23.196040481205895
1,37,23.587238261599545
1,38,24.788508651439216
1,39,26.893787719223642
1,40,29.324423328486954
1,41,30.765769872369088
1,42,29.580578737354514
1,43,30.483163450403975
1,44,29.10884878941532
1,45,26.212035177169284
1,46,24.96076328999263
1,47,21.498233724658245
1,48,20.880467439700286
1,49,17.84627019274296
1,50,17.764716641747288
1,51,15.909902946399628
1,52,15.002230907161907
1,53,13.846477818825091
1,54,11.64354963704758
1,55,14.766470922759074
1,56,16.74410750019238
1,57,20.271199157775314
1,58,21.676723489374638
1,59,25.462352186238
1,60,27.607074565865737
1,61,31.229018020764993
1,62,32.61571788131239
1,63,35.699013309512885
2,1,3.794509510341664
2,3,3.7926899874112325
2,4,6.600148105871814
2,5,9.732198334944089
2,6,12.838889011024994
2,7,16.503389025626433
2,8,18.889863838306937
2,9,22.103370634401745
2,10,25.193063136781756
2,11,28.633925613199136
2,12,30.310582338341742
2,13,27.867607371585077
2,14,26.327809504078008
2,15,22.611093731681063
2,16,20.127011021802392
2,17,16.473201005860588
2,18,13.640396183295627
2,19,9.984788515849415
2,20,8.240247596809763
2,21,5.658577055868658
2,22,5.5108598724361695
2,23,5.923729526200125
2,24,6.056159218846385
2,25,9.58842826670771
2,26,9.850241874450017
2,27,7.70031097126203
2,28,9.87569802086122
2,29,12.729332949647857
2,30,12.546059318457594
2,31,12.901747213583542
2,32,15.855168628461756
2,33,17.408161898052974
2,34,17.255701159258212
2,35,19.007871031917947
2,36,21.631687578308288
2,37,22.21845030215554
2,38,22.915087704361884
2,39,24.93888081483314
2,40,27.6832747323611
2,41,28.82654243776764
2,42,27.268273679197364
2,43,28.197450048061306
2,44,26.799992120364895
2,45,23.674207232583775
2,46,22.222031869273067
2,47,18.634660205423362
2,48,17.727316053345216
2,49,14.6137311390515
2,50,14.247413818245038
2,51,12.332851181148241
2,52,11.894955376916167
2,53,10.692073632222002
2,54,8.04378929785275
2,55,11.075705616429449
2,56,13.331315028959729
2,57,16.90178691740804
2,58,18.663587649048736
2,59,22.42131902489053
2,60,24.84116321972978
2,61,28.449865476855706
2,62,29.99735762025718
2,63,33.26035609002643
3,1,7.044469712071543
3,2,3.7926899874112325
3,4,3.772363803378374
3,5,6.242386152108362
3,6,9.473382156525846
3,7,13.06664772464186
3,8,15.483735661015606
3,9,18.751200619794457
3,10,21.837813973633803
3,11,25.37598824797215
3,12,26.83964000277883
3,13,24.38063713238105
3,14,22.677386908680322
3,15,18.938313926095628
3,16,16.399566437429947
3,17,12.713716990356556
3,18,9.972872953683858
3,19,6.376204581187032
3,20,5.579509676453409
3,21,4.548776928241487
3,22,6.767633636699103
3,23,8.343000702872372
3,24,7.703480902831925
3,25,10.818594851657776
3,26,10.47770166926257
3,27,7.194796582314835
3,28,9.101534771215142
3,29,12.170278903635026
3,30,11.235843658277766
3,31,10.789472264034451
3,32,14.170069390398055
3,33,15.787962576807173
3,34,14.92683764931876
3,35,16.540204021000108
3,36,19.533555280125498
3,37,19.88072025200317
3,38,20.121223796882536
3,39,22.351732769680147
3,40,25.1663267729056
3,41,25.946544011513737
3,42,24.266117373015508
3,43,25.49235601415243
3,44,24.40635945918638
3,45,21.2723170068519
3,46,20.072093833315634
3,47,16.584991461862295
3,48,15.900371359836592
3,49,13.177325327755218
3,50,12.842423428379691
3,51,11.27238425982786
3,52,11.945154203225815
3,53,10.246484746437753
3,54,6.842236623455316
3,55,8.764739103403592
3,56,10.855056067390855
3,57,14.119290726376477
3,58,15.885322005571913
3,59,19.544285568146652
3,60,21.938631328928135
3,61,25.626386253851432
3,62,26.995528249280575
3,63,30.334033587839087
4,1,9.956613771112686
4,2,6.600148105871814
4,3,3.772363803378374
4,5,3.793314313028465
4,6,6.310886110434256
4,7,10.011401329733598
4,8,12.414868470066947
4,9,15.525318387412279
4,10,18.677947257134516
4,11,22.079141983044305
4,12,23.78958057707903
4,13,21.3530325604139
4,14,20.009715977636525
4,15,16.367908161894416
4,16,14.205908247537952
4,17,10.715358425948176
4,18,8.34360787973866
4,19,5.620818885493339
4,20,5.23762471016788
4,21,6.4550353823550575
4,22,8.65181680108883
4,23,9.565571078162174
4,24,7.593923779046673
4,25,10.063872540594081
4,26,10.066375803899609
4,27,6.479979718725609
4,28,6.831498390168152
4,29,10.27073746785535
4,30,9.663361679575681
4,31,8.153558327518725
4,32,11.309701241351132
4,33,13.527892014431902
4,34,12.659663626789175
4,35,13.599796192607851
4,36,16.775149169877363
4,37,17.554367013468156
4,38,17.499947537146824
4,39,19.376722352623275
4,40,22.454881165944702
4,41,23.19402511518883
4,42,21.23057832934219
4,43,22.218868879551938
4,44,20.9512992742932
4,45,17.688906887410077
4,46,16.345527221849448
4,47,12.83939556580156
4,48,12.227854461771544
4,49,9.784145116936829
4,50,9.98409416109935
4,51,9.379002309527047
4,52,10.391386283447241
4,53,7.8743288067424135
4,54,4.753316428231504
4,55,5.754803819331168
4,56,7.179887693553546
4,57,10.479676901391326
4,58,12.235499412557603
4,59,15.93466955757261
4,60,18.4592642691023
4,61,22.078564452783674
4,62,23.665303652280144
4,63,27.062360115438167
5,1,13.189461514452725
5,2,9.732198334944089
5,3,6.242386152108362
5,4,3.793314313028465
5,6,3.786034662664965
5,7,6.969311409819634
5,8,9.896725602615916
5,9,12.830444282983775
5,10,16.161789449083585
5,11,19.652042301418206
5,12,20.94335506908309
5,13,18.27644802999088
5,14,16.77214737005746
5,15,13.057907899805038
5,16,11.083008412857152
5,17,7.467854683282723
5,18,6.080013166645573
5,19,4.716110192575064
5,20,6.759818293749062
5,21,8.996364044564933
5,22,11.941464701010464
5,23,13.295646751725474
5,24,11.351053831959957
5,25,13.620335342636059
5,26,13.400970622024612
5,27,9.674994034729679
5,28,9.617501906551656
5,29,12.784109178666773
5,30,11.622062274378777
5,31,9.19848758515342
5,32,12.381910346193038
5,33,14.633064052681767
5,34,12.894403657615841
5,35,13.339093972666774
5,36,16.93873104404286
5,37,17.4414380242962
5,38,16.59105666230407
5,39,18.62889874762169
5,40,21.813966895103793
5,41,21.93427869450073
5,42,19.670343030103407
5,43,21.04720858040812
5,44,20.182929885889475
5,45,16.882691827215055
5,46,15.731322156948863
5,47,12.471304932604015
5,48,11.829680161966115
5,49,10.006449126276825
5,50,9.72085484718567
5,51,9.336351396288725
5,52,11.598550683536217
5,53,9.443724679604767
5,54,6.283498163884933
5,55,4.883454066504601
5,56,6.193236228904379
5,57,8.631862267310876
5,58,10.781214976906993
5,59,14.125477731506336
5,60,16.79810226109834
5,61,20.4208724311427
5,62,21.862524469798466
5,63,25.4177201419794
6,1,16.08522782463694
6,2,12.838889011024994
6,3,9.473382156525846
6,4,6.310886110434256
6,5,3.786034662664965
6,7,3.7975683854296536
6,8,6.264861550158329
6,9,9.291925432176367
6,10,12.524552573119959
6,11,15.989710920284809
6,12,17.507580828839224
6,13,15.066641269547688
6,14,13.772451719340959
6,15,10.22287928100414
6,16,8.54193505256462
6,17,5.653079193978098
6,18,5.109170886566252
6,19,5.9739265764653995
6,20,7.942131062362612
6,21,11.15345739650994
6,22,14.023312685122546
6,23,15.295853379345251
6,24,13.097923920091786
6,25,14.484683078039055
6,26,14.062136776957466
6,27,10.571521237905984
6,28,9.598771358696371
6,29,12.154510299046693
6,30,10.901853172187915
6,31,7.62218687642683
6,32,10.266651669339247
6,33,12.63749766322644
6,34,10.579740336846896
6,35,10.262953201604011
6,36,14.015492994415673
6,37,14.659978813630335
6,38,13.3615208746994
6,39,15.17550409484644
6,40,18.491241039591387
6,41,18.450616301181753
6,42,15.999619262210825
6,43,17.341701154310904
6,44,16.58812158500647
6,45,13.349833987377634
6,46,12.535438515662669
6,47,9.690297651011731
6,48,9.844855532567472
6,49,9.25759352640037
6,50,9.990180296681489
6,51,10.962573515373014
6,52,13.285903966114248
6,53,10.5687318648088
6,54,8.483485140075935
6,55,5.935054416119741
6,56,4.712882796069087
6,57,5.739690444380344
6,58,7.234426989199113
6,59,10.48572796031133
6,60,13.02797802713438
6,61,16.675801396023573
6,62,18.07962618693733
6,63,21.643758874911452
7,1,19.82599553310759
7,2,16.503389025626433
7,3,13.06664772464186
7,4,10.011401329733598
7,5,6.969311409819634
7,6,3.7975683854296536
7,8,3.8059464532672633
7,9,5.9356627218630145
7,10,9.452508535733077
7,11,12.850162615990035
7,12,14.051176080995866
7,13,11.370854023799875
7,14,10.253626189386294
7,15,6.830388892534006
7,16,6.282929790764607
7,17,4.755182196488968
7,18,6.6407678795475755
7,19,8.973637054201532
7,20,11.442232285020626
7,21,14.802736400258953
7,22,17.784956785241448
7,23,19.067265577824596
7,24,16.734888331408342
7,25,17.933200134477907
7,26,17.556670289799783
7,27,14.205634357706236
7,28,12.883407388179993
7,29,15.085725067614606
7,30,13.816106040764366
7,31,10.242063681672834
7,32,12.134041190551931
7,33,14.444828077349875
7,34,11.990983407270992
7,35,10.757841624946792
7,36,14.521721273662676
7,37,15.10262227835636
7,38,12.898221804963962
7,39,14.44042221272311
7,40,17.82662496679498
7,41,17.0956050393979
7,42,14.194590579624348
7,43,15.744781627732925
7,44,15.37683401225858
7,45,12.253145547464166
7,46,11.707703992229506
7,47,9.653307090346164
7,48,9.964121101235621
7,49,10.490275649348655
7,50,11.082782385589292
7,51,12.583914390674781
7,52,15.399051312005707
7,53,12.99604016425382
7,54,11.397500794745673
7,55,8.04953197683672
7,56,6.209068794822086
7,57,4.713484229561847
7,58,6.076867063985017
7,59,8.210248329404358
7,60,10.87543462314144
7,61,14.310085838550195
7,62,15.652242572576785
7,63,19.35651580051023
8,1,21.884539225371256
8,2,18.889863838306937
8,3,15.483735661015606
8,4,12.414868470066947
8,5,9.896725602615916
8,6,6.264861550158329
8,7,3.8059464532672633
8,9,3.8003531120191774
8,10,6.3624331424444005
8,11,10.005288367060958
8,12,11.488228670490557
8,13,9.630601598973124
8,14,8.401577378594947
8,15,5.604865543947925
8,16,5.083399189581197
8,17,5.6940358153714286
8,18,7.43105858359768
8,19,10.522201794341056
8,20,12.560507197034584
8,21,16.26643633885958
8,22,19.178888779302213
8,23,20.62669500509617
8,24,18.510028408183576
8,25,19.037040087208823
8,26,18.188150470711527
8,27,15.184824703805866
8,28,13.762362132835621
8,29,15.066720069017155
8,30,13.483733065675287
8,31,9.953636782295005
8,32,11.163105740168186
8,33,12.87298051941338
8,34,10.077510132765758
8,35,8.340761349448027
8,36,11.887750624260617
8,37,12.185443800512639
8,38,9.488712502749769
8,39,11.027507768100214
8,40,14.283466651086826
8,41,13.323903774043126
8,42,10.455497657970234
8,43,12.30974763687545
8,44,12.492223245236914
8,45,9.913866958828223
8,46,10.507377111285143
8,47,9.544375841557176
8,48,11.166435490024922
8,49,12.620974726986919
8,50,14.042363169414015
8,51,15.993759020481296
8,52,18.486607368836605
8,53,15.678225530403177
8,54,14.396201108942305
8,55,11.321935256014164
8,56,8.677199518294463
8,57,6.343486796273651
8,58,5.180244532966489
8,59,6.342280655624228
8,60,7.8994325529202
8,61,11.49690466073193
8,62,12.293513237623303
8,63,15.88565477867006
9,1,25.268251388953935
9,2,22.103370634401745
9,3,18.751200619794457
9,4,15.525318387412279
9,5,12.830444282983775
9,6,9.291925432176367
9,7,5.9356627218630145
9,8,3.8003531120191774
9,10,3.8034882001803716
9,11,6.933220892329751
9,12,8.400834692292438
9,13,6.228667661217199
9,14,6.2440115701640435
9,15,4.8644484264131345
9,16,6.816682062234383
9,17,8.50667696962163
9,18,11.010253298373314
9,19,14.116352320127138
9,20,16.25093397786594
9,21,19.901186030639415
9,22,22.735636065179804
9,23,23.92880991384924
9,24,21.507693874951205
9,25,21.96254678435009
9,26,21.45463254381697
9,27,18.585080595506874
9,28,16.734566513969632
9,29,18.018548371862305
9,30,16.843373889168458
9,31,13.214847798775063
9,32,13.720926704272275
9,33,15.6214898318538
9,34,13.116015528023938
9,35,10.609102474845137
9,36,13.668759093009019
9,37,14.302933347265276
9,38,11.098517808579833
9,39,11.6869495487394
9,40,14.932330269161183
9,41,13.3788980301152
9,42,9.910601689496165
9,43,11.46525851836082
9,44,11.782098631871621
9,45,9.428844292487279
9,46,10.008817211758565
9,47,10.013611555251005
9,48,11.458707521450894
9,49,13.674711389199928
9,50,14.97050964950827
9,51,17.336800460991793
9,52,20.000965208520956
9,53,17.483517324263005
9,54,16.706472725870288
9,55,13.259239721795371
9,56,10.466304209632156
9,57,7.08223378928186
9,58,5.892214871864016
9,59,4.676105382563936
9,60,6.3333897155668835
9,61,9.196211229446282
9,62,10.274766971711223
9,63,14.034031584544676
10,1,28.14795976083374
10,2,25.193063136781756
10,3,21.837813973633803
10,4,18.677947257134516
10,5,16.161789449083585
10,6,12.524552573119959
10,7,9.452508535733077
10,8,6.3624331424444005
10,9,3.8034882001803716
10,11,3.8009241010149153
10,12,5.534996223663924
10,13,5.207946102546576
10,14,5.562057712741629
10,15,6.265184044921739
10,16,8.299276369491873
10,17,11.02878186043308
10,18,13.363435621066754
10,19,16.742520573583477
10,20,18.674075882821185
10,21,22.441640758749486
10,22,25.237546788695457
10,23,26.566056613988618
10,24,24.330893950503963
10,25,24.379317760067902
10,26,23.551798366157854
10,27,20.957458141570513
10,28,19.141919983087423
10,29,19.792142658946478
10,30,18.431958644200648
10,31,15.079126645764678
10,32,15.0450866949305
10,33,16.28767506821449
10,34,13.722374025651165
10,35,11.000956499212789
10,36,13.281423059803199
10,37,13.54376975285322
10,38,9.911025889696035
10,39,10.070173408632034
10,40,12.774008424302771
10,41,10.557210224038416
10,42,7.031546839877053
10,43,9.002448006276785
10,44,10.359223988058838
10,45,9.21924645781805
10,46,11.010400415790176
10,47,12.134649856403676
10,48,14.266386302790737
10,49,16.891001893497226
10,50,18.537187186650375
10,51,21.054515856527395
10,52,23.57568950612568
10,53,20.881127601386787
10,54,20.20775005619132
10,55,16.894266608034194
10,56,13.891379287597918
10,57,10.505987912286734
10,58,8.318495060196716
10,59,5.898523704784217
10,60,5.041299786047932
10,61,7.112334820580497
10,62,7.042929633544733
10,63,10.642063683492607
11,1,31.614381462735658
11,2,28.633925613199136
11,3,25.37598824797215
11,4,22.079141983044305
11,5,19.652042301418206
11,6,15.989710920284809
11,7,12.850162615990035
11,8,10.005288367060958
11,9,6.933220892329751
11,10,3.8009241010149153
11,12,3.8148701574839166
11,13,5.2996778484571605
11,14,7.417300444594344
11,15,9.4129249515077
11,16,11.93767371041183
11,17,14.763237332748723
11,18,17.15002902669425
11,19,20.473645190031906
11,20,22.271387228465684
11,21,26.02861511975741
11,22,28.677100440838032
11,23,29.79166557549335
11,24,27.390654703918997
11,25,27.20581092487815
11,26,26.55904736323219
11,27,24.19679371968956
11,28,22.07534391445245
11,29,22.515549169702126
11,30,21.477585171106625
11,31,18.17309501872517
11,32,17.55386643503463
11,33,18.78238293283429
11,34,16.60999157576705
11,35,13.514790860580025
11,36,15.091787606571796
11,37,15.652038941531936
11,38,12.072603631934545
11,39,11.1884618222446
11,40,13.447960704940662
11,41,10.937059255526343
11,42,7.439049443495685
11,43,8.47499611325029
11,44,10.053087754088644
11,45,9.828465133250866
11,46,11.787527409834242
11,47,13.827992795265661
11,48,15.980578273679985
11,49,19.071897623594865
11,50,20.82928111325954
11,51,23.653278805131425
11,52,26.078803097435525
11,53,23.477743056652272
11,54,23.226047912313096
11,55,19.856989892484734
11,56,16.704535409524336
11,57,13.078080782543964
11,58,10.791131896539934
11,59,7.408183990291777
11,60,5.640824977732116
11,61,5.296667102530427
11,62,4.980384730150957
11,63,8.290110926361306
12,1,33.36474156248171
12,2,30.310582338341742
12,3,26.83964000277883
12,4,23.78958057707903
12,5,20.94335506908309
12,6,17.507580828839224
12,7,14.051176080995866
12,8,11.488228670490557
12,9,8.400834692292438
12,10,5.534996223663924
12,11,3.8148701574839166
12,13,3.801034647835576
12,14,5.632160777197879
12,15,8.876204899607517
12,16,11.84286876349576
12,17,15.1415816354251
12,18,18.02865837643237
12,19,21.598547934784303
12,20,23.870292365783165
12,21,27.624524510458567
12,22,30.579303246110555
12,23,32.00214663577539
12,24,29.735295522794573
12,25,29.881379772945767
12,26,29.079664460719155
12,27,26.43006887624011
12,28,24.645751393752445
12,29,25.30906846397009
12,30,23.900556430724446
12,31,20.59789421432925
12,32,20.494118715981102
12,33,21.55998883495717
12,34,18.949208041856973
12,35,16.281652892746365
12,36,18.08054741273242
12,37,18.051278026811573
12,38,14.283698281441314
12,39,14.084397867564608
12,40,15.919878432503904
12,41,12.834323470860992
12,42,9.859034653356803
12,43,11.696191723669052
12,44,13.739779075325998
12,45,13.520243931352553
12,46,15.327700812551845
12,47,16.96845413661145
12,48,18.74886145544173
12,49,21.55069582796068
12,50,22.81744150827319
12,51,25.29843861604983
12,52,28.081802180491124
12,53,25.716836759435925
12,54,25.07407454779559
12,55,21.540779385671165
12,56,18.792977601238977
12,57,15.21057645810337
12,58,13.49938271216785
12,59,10.464334456920026
12,60,9.221211058028782
12,61,9.03158853392058
12,62,7.9341812318510625
12,63,10.43560266595037
13,1,31.120758073255214
13,2,27.867607371585077
13,3,24.38063713238105
13,4,21.3530325604139
13,5,18.27644802999088
13,6,15.066641269547688
13,7,11.370854023799875
13,8,9.630601598973124
13,9,6.228667661217199
13,10,5.207946102546576
13,11,5.2996778484571605
13,12,3.801034647835576
13,14,3.796325566571395
13,15,6.430882170871059
13,16,10.002148997995972
13,17,12.846535287732523
13,18,16.073721840635518
13,19,19.493312792151876
13,20,22.040279279396135
13,21,25.682625663481538
13,22,28.718960022936884
13,23,30.059308829915228
13,24,27.64201397234758
13,25,28.18225997468136
13,26,27.65237240970827
13,27,24.741321677154367
13,28,22.962285156893213
13,29,24.16183215148317
13,30,22.864696907670275
13,31,19.332746052562346
13,32,19.660301374980573
13,33,21.2330187337697
13,34,18.56871097689721
13,35,15.995024493749655
13,36,18.456222436201145
13,37,18.68509137361104
13,38,15.00296391102774
13,39,15.185666476915621
13,40,17.665427600892528
13,41,15.00361571606999
13,42,11.653489517417535
13,43,13.410713248924147
13,44,14.691321326801779
13,45,13.465287997619635
13,46,14.44119440136998
13,47,15.376527573893739
13,48,16.521073104245165
13,49,19.010625433683778
13,50,19.820430920211017
13,51,22.106213020625752
13,52,25.090078401844355
13,53,23.01335905244414
13,54,22.273605114864758
13,55,18.608408877243956
13,56,16.196650369961937
13,57,12.652037096823678
13,58,11.781929776530749
13,59,9.170569714886824
13,60,9.38961683861787
13,61,10.113500126168168
13,62,10.230256514110383
13,63,13.384607275988406
14,1,29.44017463909577
14,2,26.327809504078008
14,3,22.677386908680322
14,4,20.009715977636525
14,5,16.77214737005746
14,6,13.772451719340959
14,7,10.253626189386294
14,8,8.401577378594947
14,9,6.2440115701640435
14,10,5.562057712741629
14,11,7.417300444594344
14,12,5.632160777197879
14,13,3.796325566571395
14,15,3.7788113841560302
14,16,7.019299122155491
14,17,10.337314002349602
14,18,13.664569205410833
14,19,17.288707347091307
14,20,20.0872413598725
14,21,23.710293027659095
14,22,26.983186769413813
14,23,28.740920431978974
14,24,26.694060359473223
14,25,27.422637218025947
14,26,26.49290770903461
14,27,23.39455715105431
14,28,22.15668888707797
14,29,23.361369709726798
14,30,21.53347028004024
14,31,18.20573122487634
14,32,19.123009046250775
14,33,20.304868531950486
14,34,17.185754738280277
14,35,15.27539002305154
14,36,17.9774929340318
14,37,17.534919708796785
14,38,13.87139573787277
14,39,14.990545778251334
14,40,17.259929143911915
14,41,14.510070349777369
14,42,11.624292982288368
14,43,14.244559117601934
14,44,15.913336559318484
14,45,14.621529190160619
14,46,15.871992715078278
14,47,16.249080076015808
14,48,17.512853796468644
14,49,19.495484931520764
14,50,20.168040576765478
14,51,21.991237517453957
14,52,25.101288324609573
14,53,22.928276137165984
14,54,21.59456893303561
14,55,18.064166270802776
14,56,15.971715220920272
14,57,12.878808630646411
14,58,12.093424051292118
14,59,10.415300729997192
14,60,10.560509703275065
14,61,12.21619068550901
14,62,11.67845440907692
14,63,14.770478849736302
15,1,25.74558679246708
15,2,22.611093731681063
15,3,18.938313926095628
15,4,16.367908161894416
15,5,13.057907899805038
15,6,10.22287928100414
15,7,6.830388892534006
15,8,5.604865543947925
15,9,4.8644484264131345
15,10,6.265184044921739
15,11,9.4129249515077
15,12,8.876204899607517
15,13,6.430882170871059
15,14,3.7788113841560302
15,16,3.793588276556498
15,17,6.638876970360007
15,18,10.09471668267108
15,19,13.628019829048325
15,20,16.559601043058578
15,21,20.10723817885847
15,22,23.433002845231133
15,23,25.23466166581596
15,24,23.25348758820766
15,25,24.225008544133576
15,26,23.31247733483748
15,27,20.043256702432473
15,28,19.015600270951722
15,29,20.523609856084615
15,30,18.626535072363286
15,31,15.283441844195577
15,32,16.72214930296388
15,33,18.100972043741834
15,34,14.918627154705542
15,35,13.419906582552088
15,36,16.62644103681738
15,37,16.247386376322105
15,38,12.935856418375078
15,39,14.589649182596004
15,40,17.257382476854804
15,41,15.129710413075928
15,42,12.261448814047355
15,43,14.837043256453695
15,44,15.953886335037938
15,45,13.982740197618321
15,46,14.780266902402081
15,47,14.326879222567095
15,48,15.336985332503165
15,49,16.782240124794942
15,50,17.29506967915038
15,51,18.820358034639113
15,52,21.93907401648779
15,53,19.75128735032847
15,54,18.117558424224605
15,55,14.688670093081788
15,56,12.877996030931975
15,57,10.258954966787119
15,58,10.015987314070347
15,59,9.531999871265548
15,60,10.574594579267918
15,61,13.197482215499628
15,62,13.232697916638969
15,63,16.659139432486864
16,1,22.99946216547649
16,2,20.127011021802392
16,3,16.399566437429947
16,4,14.205908247537952
16,5,11.083008412857152
16,6,8.54193505256462
16,7,6.282929790764607
16,8,5.083399189581197
16,9,6.816682062234383
16,10,8.299276369491873
16,11,11.93767371041183
16,12,11.84286876349576
16,13,10.002148997995972
16,14,7.019299122155491
16,15,3.793588276556498
16,17,3.811069974228796
16,18,6.842520037122311
16,19,10.562620825256381
16,20,13.523890240506791
16,21,17.052819152912882
16,22,20.499802564524394
16,23,22.660253852743683
16,24,21.111407914028167
16,25,22.124785206049637
16,26,20.787826903238592
16,27,17.457317060739047
16,28,17.013446356696655
16,29,18.40271289892122
16,30,16.024659309037947
16,31,13.04928436947868
16,32,15.073361329405651
16,33,16.01444613542558
16,34,12.552499377215833
16,35,11.960485024623798
16,36,15.296855545691711
16,37,14.402874377110814
16,38,11.560487953203948
16,39,14.050255764710368
16,40,16.54069236626214
16,41,14.857606371954589
16,42,12.605803654908428
16,43,15.461437641540586
16,44,16.579471217028033
16,45,14.57486701127138
16,46,15.532750969579908
16,47,14.562405477303209
16,48,15.79085070518114
16,49,16.678071988893933
16,50,17.3120890288382
16,51,18.429887055292827
16,52,21.35298808822551
16,53,18.933697119684137
16,54,16.812043406172496
16,55,13.842909885848757
16,56,12.306328671190283
16,57,10.58447456474095
16,58,10.238879729222932
16,59,10.90969114665697
16,60,11.793605976656236
16,61,15.001042505983277
16,62,14.80091901299418
16,63,18.08463124855536
17,1,19.44425875284223
17,2,16.473201005860588
17,3,12.713716990356556
17,4,10.715358425948176
17,5,7.467854683282723
17,6,5.653079193978098
17,7,4.755182196488968
17,8,5.6940358153714286
17,9,8.50667696962163
17,10,11.02878186043308
17,11,14.763237332748723
17,12,15.1415816354251
17,13,12.846535287732523
17,14,10.337314002349602
17,15,6.638876970360007
17,16,3.811069974228796
17,18,3.7930185806818186
17,19,7.139833119296637
17,20,10.434727252367978
17,21,13.761147652935508
17,22,17.277701540547497
17,23,19.42648104903034
17,24,17.917647198404918
17,25,19.347761290484137
17,26,18.170915206850328
17,27,14.59977619095127
17,28,14.465724795094477
17,29,16.382715615703347
17,30,14.09105729226815
17,31,11.208041840500444
17,32,13.914760828130936
17,33,15.211408544132505
17,34,12.022516660517521
17,35,12.011668219531243
17,36,15.669081153664862
17,37,15.092434919620192
17,38,12.973478007157684
17,39,15.563304391133657
17,40,18.33556022597631
17,41,17.322714816651658
17,42,15.108011933185601
17,43,17.537587126279615
17,44,17.983898043648285
17,45,15.421941154816462
17,46,15.678458133941287
17,47,13.816098750799151
17,48,14.481763560143396
17,49,14.539522153478067
17,50,14.825762738775834
17,51,15.427026544496888
17,52,18.291306641152264
17,53,15.992431798209841
17,54,13.472139547572235
17,55,10.801952213716607
17,56,9.979259546530292
17,57,9.378567835872897
17,58,9.997171399745564
17,59,11.86049040265459
17,60,13.540029536932748
17,61,17.07218041767971
17,62,17.460377176672267
17,63,20.894265764658535
18,1,16.265866244790697
18,2,13.640396183295627
18,3,9.972872953683858
18,4,8.34360787973866
18,5,6.080013166645573
18,6,5.109170886566252
18,7,6.6407678795475755
18,8,7.43105858359768
18,9,11.010253298373314
18,10,13.363435621066754
18,11,17.15002902669425
18,12,18.02865837643237
18,13,16.073721840635518
18,14,13.664569205410833
18,15,10.09471668267108
18,16,6.842520037122311
18,17,3.7930185806818186
18,19,3.785067530864254
18,20,6.823382169214874
18,21,10.226482798123072
18,22,13.75388374868146
18,23,16.15479792307933
18,24,15.081420780050447
18,25,16.430340097231156
18,26,14.86591570894323
18,27,11.30752698100757
18,28,11.812737093287133
18,29,13.572458145447738
18,30,10.944590643566894
18,31,8.655195730197795
18,32,11.943590290221538
18,33,12.881786098804065
18,34,9.87583314830099
18,35,10.905245117416614
18,36,14.422561662596971
18,37,13.717646378431942
18,38,12.524660317342853
18,39,15.412741217305003
18,40,18.028005055758417
18,41,17.72572444941218
18,42,16.023760732782247
18,43,18.247478408484415
18,44,18.416775192523087
18,45,15.868477240906719
18,46,16.11632258328707
18,47,13.869426548295818
18,48,14.73666099362217
18,49,14.260100512516322
18,50,14.885596135520222
18,51,15.208351733785218
18,52,17.503286804210227
18,53,14.895422953131796
18,54,12.11979516535238
18,55,10.37679638561152
18,56,9.787117430780464
18,57,10.334146456692809
18,58,10.692911942399771
18,59,13.354060816906856
18,60,14.861356585135837
18,61,18.621515465158165
18,62,19.029536571653946
18,63,22.293249686850718
19,1,12.519894512593897
19,2,9.984788515849415
19,3,6.376204581187032
19,4,5.620818885493339
19,5,4.716110192575064
19,6,5.9739265764653995
19,7,8.973637054201532
19,8,10.522201794341056
19,9,14.116352320127138
19,10,16.742520573583477
19,11,20.473645190031906
19,12,21.598547934784303
19,13,19.493312792151876
19,14,17.288707347091307
19,15,13.628019829048325
19,16,10.562620825256381
19,17,7.139833119296637
19,18,3.785067530864254
19,20,3.783861155906572
19,21,6.6536376445760865
19,22,10.283651171082946
19,23,12.803802754730969
19,24,12.072111590908612
19,25,13.88175908092743
19,26,12.37425587789061
19,27,8.658804073171408
19,28,9.994594219047848
19,29,12.183875717195622
19,30,9.763514326821479
19,31,8.3081409253661
19,32,12.056120083899875
19,33,13.096654979034238
19,34,10.863061077898362
19,35,12.515078683756487
19,36,15.82657569876553
19,37,15.404467689921509
19,38,15.008725193283125
19,39,17.768487153102413
19,40,20.38677449009545
19,41,20.62232375876179
19,42,19.073285788186045
19,43,20.934631838333626
19,44,20.632281990888853
19,45,17.871583358314187
19,46,17.622627278532892
19,47,14.808145527124637
19,48,15.198097746843883
19,49,13.830373584780176
19,50,14.206125387809157
19,51,13.853982086112948
19,52,15.658198595604997
19,53,13.191792789065648
19,54,10.015912508184934
19,55,9.441047541939982
19,56,9.850244701971691
19,57,11.681797318858003
19,58,12.572292357579347
19,59,15.799819446324017
19,60,17.611758799004484
19,61,21.41442240857111
19,62,22.137850138614443
19,63,25.391200690222487
20,1,10.111172967118991
20,2,8.240247596809763
20,3,5.579509676453409
20,4,5.23762471016788
20,5,6.759818293749062
20,6,7.942131062362612
20,7,11.442232285020626
20,8,12.560507197034584
20,9,16.25093397786594
20,10,18.674075882821185
20,11,22.271387228465684
20,12,23.870292365783165
20,13,22.040279279396135
20,14,20.0872413598725
20,15,16.559601043058578
20,16,13.523890240506791
20,17,10.434727252367978
20,18,6.823382169214874
20,19,3.783861155906572
20,21,3.8014524734019433
20,22,6.992353190959783
20,23,9.565282323996186
20,24,9.307592373899814
20,25,10.687811919115402
20,26,8.748796171448781
20,27,5.191011898867433
20,28,7.424445972769035
20,29,9.223540701058642
20,30,6.843436992490126
20,31,6.66705253352352
20,32,10.39630590400424
20,33,11.122420023731308
20,34,9.802229843576473
20,35,12.069964141578879
20,36,14.846124239738357
20,37,14.662357723405695
20,38,15.187947498328375
20,39,17.738144927183527
20,40,20.188276992995824
20,41,21.109901325346907
20,42,19.91716478578302
20,43,21.35176502254732
20,44,20.68534169240481
20,45,18.047983163869
20,46,17.74965916125827
20,47,14.852057458716404
20,48,15.483324707997099
20,49,13.892394648068478
20,50,14.837352575804832
20,51,14.588682674527643
20,52,15.501254217957445
20,53,12.695917657684308
20,54,9.948145549785055
20,55,10.485140556635663
20,56,10.6810069665856
20,57,13.046280066285695
20,58,13.501588011208966
20,59,17.0182207964823
20,60,18.618790083340915
20,61,22.395835203336194
20,62,23.2299169144937
20,63,26.278225847574312
21,1,6.588629241906187
21,2,5.658577055868658
21,3,4.548776928241487
21,4,6.4550353823550575
21,5,8.996364044564933
21,6,11.15345739650994
21,7,14.802736400258953
21,8,16.26643633885958
21,9,19.901186030639415
21,10,22.441640758749486
21,11,26.02861511975741
21,12,27.624524510458567
21,13,25.682625663481538
21,14,23.710293027659095
21,15,20.10723817885847
21,16,17.052819152912882
21,17,13.761147652935508
21,18,10.226482798123072
21,19,6.6536376445760865
21,20,3.8014524734019433
21,22,3.7901036559133883
21,23,7.0141062980101445
21,24,7.981663552082346
21,25,9.93323097499495
21,26,8.077136505841846
21,27,5.261500397781255
21,28,8.624645779682279
21,29,10.426753163275288
21,30,8.69962877714552
21,31,9.64916564829281
21,32,13.04895702050799
21,33,13.614938553090997
21,34,12.958127911502554
21,35,15.460344795070805
21,36,17.901579079134077
21,37,17.764698061511915
21,38,18.703281771438434
21,39,21.195126478611517
21,40,23.505461787668956
21,41,24.660634248981054
21,42,23.615461942951594
21,43,24.926385600415
21,44,24.07524072117351
21,45,21.407407660655522
21,46,20.838878571317707
21,47,17.719167202568908
21,48,17.934758863051766
21,49,15.735327048228093
21,50,16.29336785984471
21,51,15.341654914855619
21,52,15.651031927360131
21,53,13.338986161150313
21,54,10.51640979238614
21,55,12.201680173695857
21,56,13.217448959526655
21,57,16.11006380203375
21,58,16.905732192120034
21,59,20.541385412392007
21,60,22.27044096272448
21,61,26.017358044355436
21,62,26.953544819974347
21,63,29.964573263532518
22,1,4.529725133538568
22,2,5.5108598724361695
22,3,6.767633636699103
22,4,8.65181680108883
22,5,11.941464701010464
22,6,14.023312685122546
22,7,17.784956785241448
22,8,19.178888779302213
22,9,22.735636065179804
22,10,25.237546788695457
22,11,28.677100440838032
22,12,30.579303246110555
22,13,28.718960022936884
22,14,26.983186769413813
22,15,23.433002845231133
22,16,20.499802564524394
22,17,17.277701540547497
22,18,13.75388374868146
22,19,10.283651171082946
22,20,6.992353190959783
22,21,3.7901036559133883
22,23,3.7875785397370305
22,24,6.283534454407366
22,25,7.853081091933597
22,26,6.159035837567804
22,27,5.165588793226671
22,28,8.708127675130328
22,29,9.992778453914449
22,30,9.282670732558516
22,31,11.163513762685115
22,32,13.888518708158687
22,33,14.346982355726784
22,34,14.651192498241548
22,35,17.190057040576967
22,36,19.113318938688437
22,37,19.327369529905493
22,38,20.814640311894507
22,39,22.96459958239107
22,40,25.166087422258926
22,41,26.783239314574384
22,42,25.896219032273468
22,43,26.804168026792034
22,44,25.592742380533036
22,45,22.995352867804275
22,46,22.219263559384792
22,47,19.06766103061047
22,48,19.2098336000306
22,49,16.778693649513745
22,50,17.54844777155771
22,51,16.566860598454276
22,52,15.99216102748242
22,53,13.798474821901326
22,54,11.685384282691647
22,55,14.156623985015397
22,56,15.17131889439498
22,57,18.342877426236807
22,58,19.038161330119834
22,59,22.765217554279157
22,60,24.461293209824003
22,61,28.09117039786482
22,62,29.214921450494344
22,63,32.09276079428064
23,1,4.849516880952573
23,2,5.923729526200125
23,3,8.343000702872372
23,4,9.565571078162174
23,5,13.295646751725474
23,6,15.295853379345251
23,7,19.067265577824596
23,8,20.62669500509617
23,9,23.92880991384924
23,10,26.566056613988618
23,11,29.79166557549335
23,12,32.00214663577539
23,13,30.059308829915228
23,14,28.740920431978974
23,15,25.23466166581596
23,16,22.660253852743683
23,17,19.42648104903034
23,18,16.15479792307933
23,19,12.803802754730969
23,20,9.565282323996186
23,21,7.0141062980101445
23,22,3.7875785397370305
23,24,3.793133562140351
23,25,5.302381693071477
23,26,5.405300482802995
23,27,5.870715514474166
23,28,8.22316628966833
23,29,9.627119645729554
23,30,10.378629758102896
23,31,12.145934421341549
23,32,14.153450106297734
23,33,15.13991139311977
23,34,16.183558474297083
23,35,18.22225614177801
23,36,19.934877570629418
23,37,20.805935766405383
23,38,22.405012732112567
23,39,24.035676573146972
23,40,26.423096357798887
23,41,28.299301736735302
23,42,27.223701957699074
23,43,27.64388130052179
23,44,25.940384976273744
23,45,23.219728757201477
23,46,21.974940685788564
23,47,18.718261609674183
23,48,18.51558781827091
23,49,15.822777245740452
23,50,16.692277518213388
23,51,15.792298129749218
23,52,14.383911078247571
23,53,12.373452421690034
23,54,11.181360581946514
23,55,14.228395979888647
23,56,15.278947431630648
23,57,18.70364138181105
23,58,19.54865031507006
23,59,23.320288773912292
23,60,25.224300638123548
23,61,28.672063327320252
23,62,30.19708817025866
23,63,33.08116710490864
24,1,7.139528632655107
24,2,6.056159218846385
24,3,7.703480902831925
24,4,7.593923779046673
24,5,11.351053831959957
24,6,13.097923920091786
24,7,16.734888331408342
24,8,18.510028408183576
24,9,21.507693874951205
24,10,24.330893950503963
24,11,27.390654703918997
24,12,29.735295522794573
24,13,27.64201397234758
24,14,26.694060359473223
24,15,23.25348758820766
24,16,21.111407914028167
24,17,17.917647198404918
24,18,15.081420780050447
24,19,12.072111590908612
24,20,9.307592373899814
24,21,7.981663552082346
24,22,6.283534454407366
24,23,3.793133562140351
24,25,3.807064221677101
24,26,5.801562547800463
24,27,5.326720488135035
24,28,5.921003029189736
24,29,8.388482293142209
24,30,9.902944806137235
24,31,10.615678341700056
24,32,12.345783261631174
24,33,14.220734943370564
24,34,15.282674957865261
24,35,16.591126510038464
24,36,18.576075650533802
24,37,19.977568818618884
24,38,21.173830511758155
24,39,22.436994961846995
24,40,25.201832129663018
24,41,26.946738230167654
24,42,25.45501355565287
24,43,25.623774716299593
24,44,23.634226826379603
24,45,20.65039440857059
24,46,18.98451926562928
24,47,15.56867429333264
24,48,15.008120257475092
24,49,12.178516066619224
24,50,13.148457522124955
24,51,12.592993777357053
24,52,11.035909893937395
24,53,8.735667500419733
24,54,8.142654623977549
24,55,11.228446803485909
24,56,12.178347138895324
24,57,15.70665141849322
24,58,16.8103006841189
24,59,20.57039899462142
24,60,22.780858596035547
24,61,26.108842581876274
24,62,27.980719739281394
24,63,31.00844697775576
25,1,9.938592377611382
25,2,9.58842826670771
25,3,10.818594851657776
25,4,10.063872540594081
25,5,13.620335342636059
25,6,14.484683078039055
25,7,17.933200134477907
25,8,19.037040087208823
25,9,21.96254678435009
25,10,24.379317760067902
25,11,27.20581092487815
25,12,29.881379772945767
25,13,28.18225997468136
25,14,27.422637218025947
25,15,24.225008544133576
25,16,22.124785206049637
25,17,19.347761290484137
25,18,16.430340097231156
25,19,13.88175908092743
25,20,10.687811919115402
25,21,9.93323097499495
25,22,7.853081091933597
25,23,5.302381693071477
25,24,3.807064221677101
25,26,3.8052398201043913
25,27,5.601164167153929
25,28,5.28608544060438
25,29,6.046196890326012
25,30,8.60793903601816
25,31,10.02189568479961
25,32,10.717303199446317
25,33,12.253670520149235
25,34,14.17999555321587
25,35,15.452738660863279
25,36,16.731237132981676
25,37,18.422345236702746
25,38,20.12527461749158
25,39,21.00227019703949
25,40,23.52284292012183
25,41,25.713438683804863
25,42,24.52331146845267
25,43,24.305515558602067
25,44,22.125243192767748
25,45,19.49936761357606
25,46,18.066606657447853
25,47,15.07905331579156
25,48,15.20111678077497
25,49,13.04248523929535
25,50,14.927683584392554
25,51,15.20005019895041
25,52,13.472629851768378
25,53,10.688318016962347
25,54,10.924145258611178
25,55,13.435191910562416
25,56,13.380578794588043
25,57,16.473243944510923
25,58,16.804723659073996
25,59,20.401494703297313
25,60,22.165112331398667
25,61,25.295178022646734
25,62,27.123104065422066
25,63,29.85015585117773
26,1,9.739222883620217
26,2,9.850241874450017
26,3,10.47770166926257
26,4,10.066375803899609
26,5,13.400970622024612
26,6,14.062136776957466
26,7,17.556670289799783
26,8,18.188150470711527
26,9,21.45463254381697
26,10,23.551798366157854
26,11,26.55904736323219
26,12,29.079664460719155
26,13,27.65237240970827
26,14,26.49290770903461
26,15,23.31247733483748
26,16,20.787826903238592
26,17,18.170915206850328
26,18,14.86591570894323
26,19,12.37425587789061
26,20,8.748796171448781
26,21,8.077136505841846
26,22,6.159035837567804
26,23,5.405300482802995
26,24,5.801562547800463
26,25,3.8052398201043913
26,27,3.812865540054372
26,28,5.352244186089122
26,29,4.736675006886616
26,30,5.92639479803835
26,31,8.50599216858367
26,32,9.682632291354096
26,33,10.150625879487976
26,34,11.891783246143588
26,35,13.96769405227683
26,36,15.07066852960415
26,37,16.108806483925473
26,38,18.14808039789552
26,39,19.4867598785236
26,40,21.63268761338635
26,41,23.868883570387922
26,42,23.113178962537933
26,43,23.27300462175755
26,44,21.574199226493075
26,45,19.279097577172774
26,46,18.55497296777443
26,47,15.842748624275114
26,48,16.655965710828344
26,49,14.92952112634353
26,50,16.92999007082981
26,51,17.205266659365872
26,52,16.14058178053756
26,53,13.105293518959474
26,54,12.457453803951614
26,55,14.494912524201293
26,56,14.154525880713619
26,57,16.926892377364226
26,58,16.75576812771504
26,59,20.316074031824883
26,60,21.621325322328715
26,61,24.92460794574851
26,62,26.252874099148826
26,63,28.824308173487058
27,1,8.807034899020916
27,2,7.70031097126203
27,3,7.194796582314835
27,4,6.479979718725609
27,5,9.674994034729679
27,6,10.571521237905984
27,7,14.205634357706236
27,8,15.184824703805866
27,9,18.585080595506874
27,10,20.957458141570513
27,11,24.19679371968956
27,12,26.43006887624011
27,13,24.741321677154367
27,14,23.39455715105431
27,15,20.043256702432473
27,16,17.457317060739047
27,17,14.59977619095127
27,18,11.30752698100757
27,19,8.658804073171408
27,20,5.191011898867433
27,21,5.261500397781255
27,22,5.165588793226671
27,23,5.870715514474166
27,24,5.326720488135035
27,25,5.601164167153929
27,26,3.812865540054372
27,28,3.7919194738379445
27,29,5.351453754302283
27,30,5.014813273729381
27,31,6.336729583771283
27,32,8.828640318783746
27,33,9.883637101793799
27,34,10.449926152867121
27,35,12.458370020980967
27,36,14.452958375980021
27,37,15.229700432438511
27,38,16.582565226389388
27,39,18.319244519201835
27,40,20.793166763399505
27,41,22.4947962702637
27,42,21.388103361685232
27,43,21.974481646866977
27,44,20.54333492230557
27,45,17.916565802250645
27,46,17.15378781785177
27,47,14.148629998260711
27,48,14.742463732859234
27,49,12.883376373817152
27,50,14.506261899105375
27,51,14.599785216386811
