1,2,3.79035264839842
1,3,6.993848668462813
1,4,10.055463210675887
1,5,13.216181503739946
1,6,16.318765280202946
1,7,19.96449959281754
1,8,22.159155942787457
1,9,25.678482062658375
1,10,28.37812411042829
1,11,31.91671195646525
1,12,33.674301350191314
1,13,31.46141499770202
1,14,29.440651718253317
1,15,25.79488064952672
1,16,22.893684780208627
1,17,19.27956479499598
1,18,16.28548192972538
1,19,12.505048681193301
1,20,10.169617556139
1,21,6.622458526643001
1,22,4.833710605745217
1,23,5.200300117312735
1,24,7.4341703527872225
1,25,10.225711905769609
1,26,10.044541021086095
1,27,9.147396022862731
1,28,11.9880355851451
1,29,14.139502662508729
1,30,13.836060264500453
1,31,14.89478775793082
1,32,17.79907056151421
1,33,18.754561827885
1,34,18.984283606239035
1,35,21.144626946962937
1,36,23.184732955721525
1,37,23.64674351917509
1,38,24.957785394546992
1,39,27.012544284502884
1,40,29.36182189578859
1,41,30.621350783598153
1,42,29.904344993953316
1,43,30.880399413458672
1,44,29.855182192298486
1,45,26.724879703829803
1,46,25.632925283849133
1,47,22.212134021643276
1,48,22.055168372561738
1,49,18.840574822879613
1,50,18.581558096902523
1,51,17.005298542444738
1,52,15.736764573120753
1,53,14.815889507594408
1,54,11.980075558562035
1,55,14.757559781609057
1,56,17.102801652382865
1,57,20.60680699256229
1,58,22.11043411004874
1,59,25.860193174018608
1,60,27.99426187906254
1,61,31.63752879259022
1,62,33.00524586205051
2,1,3.79035264839842
2,3,3.7837066760466285
2,4,6.639173288960681
2,5,9.763572073817334
2,6,12.992802629097872
2,7,16.58186012181468
2,8,19.051860828430403
2,9,22.426974453486388
2,10,25.333887627691897
2,11,28.835766471292384
2,12,30.58326235940587
2,13,28.19146426486308
2,14,26.34166506020885
2,15,22.647992945032396
2,16,20.004862252566088
2,17,16.316272317258427
2,18,13.657536297212859
2,19,9.985350500418951
2,20,8.204974141643593
2,21,5.622440021362924
2,22,5.556889865653918
2,23,5.755182914229294
2,24,5.877587621550986
2,25,9.368980771149689
2,26,9.722297912729235
2,27,7.703191442049765
2,28,9.847603766487728
2,29,12.75997827592461
2,30,12.550652126414821
2,31,12.687655403795018
2,32,15.695505476440456
2,33,17.253498888086394
2,34,17.194805898806035
2,35,18.852081192271186
2,36,21.28791787624325
2,37,22.01330260502394
2,38,22.883573087442556
2,39,24.8252909424353
2,40,27.49118390145114
2,41,28.533770354042776
2,42,27.439951989348284
2,43,28.4281345056766
2,44,27.253282727216735
2,45,23.926398839761397
2,46,22.60305380025284
2,47,19.075360898158408
2,48,18.640858832937738
2,49,15.430170419565032
2,50,14.956333099128837
2,51,13.435036676624987
2,52,12.528362836736806
2,53,11.482531339176512
2,54,8.353194220978624
2,55,11.0163709189593
2,56,13.561798652023091
2,57,17.096278228254068
2,58,18.898541117711698
2,59,22.640446525274232
2,60,25.028841578373676
2,61,28.637315818341346
2,62,30.220731381697597
3,1,6.993848668462813
3,2,3.7837066760466285
3,4,3.793084962902871
3,5,6.274235014809344
3,6,9.616678848638495
3,7,13.108569006895472
3,8,15.578446800528745
3,9,18.99696739112051
3,10,21.89939154786783
3,11,25.482507162618024
3,12,27.042931630612475
3,13,24.642170077958543
3,14,22.65567291079016
3,15,18.952127487771186
3,16,16.25323531355178
3,17,12.548687054228989
3,18,9.977007238617386
3,19,6.368850798604119
3,20,5.50474714930372
3,21,4.500241929932143
3,22,6.774605952819897
3,23,8.154815452226764
3,24,7.4938530224045214
3,25,10.539335536615942
3,26,10.307017728345263
3,27,7.09902915857904
3,28,8.983610097153969
3,29,12.093054551663098
3,30,11.160833936023453
3,31,10.481091876817244
3,32,13.883974387003478
3,33,15.529308840663086
3,34,14.767474787390775
3,35,16.26412364598005
3,36,19.09377862767014
3,37,19.60143946186933
3,38,20.01674072111894
3,39,22.173119003574637
3,40,24.898864630954872
3,41,25.584430999123075
3,42,24.389535969462404
3,43,25.67405431337313
3,44,24.732668094003017
3,45,21.358900849090194
3,46,20.254705477087693
3,47,16.862113801254825
3,48,16.58663302081608
3,49,13.815418782324796
3,50,13.410253945006756
3,51,12.46251015989766
3,52,12.401846578780136
3,53,10.655752173971583
3,54,7.249625156597069
3,55,8.70115721214573
3,56,11.01821733920857
3,57,14.227757990394844
3,58,15.999873851458148
3,59,19.64122121867448
3,60,21.99002235750155
3,61,25.667006825814582
3,62,27.12868487544391
4,1,10.055463210675887
4,2,6.639173288960681
4,3,3.793084962902871
4,5,3.8050615050514116
4,6,6.431649340762126
4,7,10.115744811265476
4,8,12.544772615439689
4,9,15.839386501000916
4,10,18.798715561627315
4,11,22.248139472004453
4,12,24.07560102816111
4,13,21.697891352701717
4,14,20.076708689053817
4,15,16.458622211268537
4,16,14.135636674748879
4,17,10.618316240226905
4,18,8.342869451886747
4,19,5.605288040153998
4,20,5.140052333185611
4,21,6.400615252321477
4,22,8.648052458174423
4,23,9.398813829693198
4,24,7.420451764267471
4,25,9.75963097889747
4,26,9.860692128078693
4,27,6.312296899135721
4,28,6.626353411335902
4,29,10.067790440009619
4,30,9.481050621513516
4,31,7.760895634955526
4,32,10.904877199428025
4,33,13.155932395088838
4,34,12.405002830038354
4,35,13.231204724062861
4,36,16.236833795354592
4,37,17.19395194174495
4,38,17.35482965015893
4,39,19.1549151585894
4,40,22.1587150924638
4,41,22.86281867984281
4,42,21.343561558865723
4,43,22.40555297599723
4,44,21.231842026013585
4,45,17.761584983916837
4,46,16.496199687296293
4,47,13.077387856204464
4,48,12.878666259391508
4,49,10.310532109700418
4,50,10.397799565639891
4,51,10.34735493902946
4,52,10.391633932361705
4,53,7.836659043165835
4,54,5.031260728598298
4,55,5.652744841089711
4,56,7.341640854984286
4,57,10.62075790682641
4,58,12.356029007762498
4,59,16.05604344752411
4,60,18.532711323702912
4,61,22.137258908038227
4,62,23.81337872658429
5,1,13.216181503739946
5,2,9.763572073817334
5,3,6.274235014809344
5,4,3.8050615050514116
5,6,3.7998754855627412
5,7,6.9219248732221565
5,8,9.833917748855017
5,9,12.976215921397682
5,10,16.14874453772114
5,11,19.681686544421957
5,12,21.128124249525218
5,13,18.52099353416015
5,14,16.764739822383046
5,15,13.044767232524588
5,16,10.888477697893109
5,17,7.27896996132751
5,18,6.026859108135992
5,19,4.6865840766884155
5,20,6.690342069924675
5,21,8.98183287203231
5,22,11.95957646838312
5,23,13.147051768435999
5,24,11.181932659574814
5,25,13.340320977556882
5,26,13.237670971319119
5,27,9.530343073040184
5,28,9.418034438508897
5,29,12.558540165729525
5,30,11.438294746041851
5,31,8.788750811135785
5,32,11.891303698029596
5,33,14.214504454536312
5,34,12.556495171816401
5,35,12.82472795987134
5,36,16.333466880775802
5,37,17.03590202306056
5,38,16.3695281550858
5,39,18.35757031678165
5,40,21.463982936607092
5,41,21.552927765835634
5,42,19.743527392001127
5,43,21.219572880917116
5,44,20.29397407723966
5,45,16.740726044132206
5,46,15.600065500865355
5,47,12.448209933076075
5,48,12.069164975233626
5,49,10.283188754486108
5,50,9.949074590777869
5,51,10.341796458117186
5,52,11.63547280564705
5,53,9.1579248792805
5,54,6.639508085820483
5,55,4.845430150151505
5,56,6.196955147088376
5,57,8.56419425096127
5,58,10.659640044153123
5,59,14.035563150057135
5,60,16.6576187697513
5,61,20.259773662454194
5,62,21.899075693502844
6,1,16.318765280202946
6,2,12.992802629097872
6,3,9.616678848638495
6,4,6.431649340762126
6,5,3.7998754855627412
6,7,3.8039872906309635
6,8,6.254448835764583
6,9,9.438519671073328
6,10,12.525817853804712
6,11,16.00338997831125
6,12,17.68834073924591
6,13,15.270860051272576
6,14,13.787507331076204
6,15,10.276029989881291
6,16,8.51558224391865
6,17,5.683019509307092
6,18,5.242216944740906
6,19,6.153734576810149
6,20,8.13271219527187
6,21,11.340340580161651
6,22,14.230252870241257
6,23,15.354747058358418
6,24,13.145983197080652
6,25,14.42852733845758
6,26,14.142613466969856
6,27,10.649112012858883
6,28,9.60698661635235
6,29,12.09912332616511
6,30,10.932639113480185
6,31,7.484781223861718
6,32,9.911741444033787
6,33,12.387549979697857
6,34,10.397044303125288
6,35,9.821243114571688
6,36,13.527317644031246
6,37,14.398620473028203
6,38,13.253865293081784
6,39,14.99659885625117
6,40,18.260084685691847
6,41,18.201664249545594
6,42,16.13254371459343
6,43,17.574478087121975
6,44,16.682889300037225
6,45,13.14621704394819
6,46,12.256685345995834
6,47,9.513127458274942
6,48,9.770249639837909
6,49,9.110536734797817
6,50,9.748880130540789
6,51,11.45239637033763
6,52,12.78677476176727
6,53,9.734088268402699
6,54,8.613563164398725
6,55,5.79594178535813
6,56,4.541281920532765
6,57,5.543395498960765
6,58,7.023760245903127
6,59,10.317670726401682
6,60,12.859515130278636
6,61,16.47075530735414
6,62,18.119556624712267
7,1,19.96449959281754
7,2,16.58186012181468
7,3,13.108569006895472
7,4,10.115744811265476
7,5,6.9219248732221565
7,6,3.8039872906309635
7,8,3.799472381674268
7,9,6.160242951724802
7,10,9.60311690273797
7,11,13.02117863845219
7,12,14.355762576516804
7,13,11.652427507353044
7,14,10.3161497574934
7,15,6.839635063286759
7,16,6.165165883311185
7,17,4.691653142780345
7,18,6.648813846497059
7,19,9.010771706093202
7,20,11.588589892171328
7,21,14.92122859067111
7,22,17.968375534167162
7,23,19.156374904404657
7,24,16.854203859915888
7,25,18.03279550711623
7,26,17.769252225937272
7,27,14.35974181270996
7,28,13.075940117548198
7,29,15.2377221338179
7,30,14.008386434470882
7,31,10.379003870980373
7,32,12.097248202583794
7,33,14.46372505372067
7,34,12.015398681584298
7,35,10.590727648397353
7,36,14.36675540286423
7,37,15.102791839512873
7,38,13.025377119561195
7,39,14.596642338545683
7,40,17.893922111529335
7,41,17.147536418137886
7,42,14.625305203010736
7,43,16.370649321983343
7,44,15.699403271437228
7,45,12.272785065473345
7,46,11.571674015247622
7,47,9.637650759507716
7,48,9.77009844411439
7,49,10.366012258324892
7,50,10.792645114863207
7,51,12.952672690746253
7,52,14.95749775846216
7,53,12.210485042743716
7,54,11.573573137427877
7,55,8.082168725483942
7,56,6.223092951268092
7,57,4.652027472894668
7,58,6.021608819717321
7,59,8.193924843233004
7,60,10.862319439131536
7,61,14.248005472800388
7,62,15.930480479504826
8,1,22.159155942787457
8,2,19.051860828430403
8,3,15.578446800528745
8,4,12.544772615439689
8,5,9.833917748855017
8,6,6.254448835764583
8,7,3.799472381674268
8,9,3.7961939765602346
8,10,6.341712598221133
8,11,9.97936552280262
8,12,11.559504115467448
8,13,9.598361607867856
8,14,8.216669268097496
8,15,5.511452163213481
8,16,5.052549770892746
8,17,5.720917921648787
8,18,7.417348375001619
8,19,10.58014797766411
8,20,12.793256139950651
8,21,16.474758842008292
8,22,19.468755655527385
8,23,20.874108193320655
8,24,18.80382818294119
8,25,19.339296207953666
8,26,18.590253465455536
8,27,15.471523524920235
8,28,14.116612860115081
8,29,15.39840898045384
8,30,13.842363115733146
8,31,10.329130411484382
8,32,11.364361000662367
8,33,13.11162543685819
8,34,10.279471895591499
8,35,8.381548731783763
8,36,11.965397203012644
8,37,12.365669109583035
8,38,9.738733052957391
8,39,11.327558430412903
8,40,14.465750226102134
8,41,13.435281051507593
8,42,10.916002080068901
8,43,12.966486759143045
8,44,12.845368915873726
8,45,9.853617663437568
8,46,10.268718055027849
8,47,9.481066785925801
8,48,10.859179172132452
8,49,12.307930875357238
8,50,13.611399248671859
8,51,16.230665912973134
8,52,17.84432064869489
8,53,14.730030624552109
8,54,14.529105007728237
8,55,11.30263175936765
8,56,8.643902198919978
8,57,6.263358783198643
8,58,5.095911555361183
8,59,6.183496076301226
8,60,7.788778164560745
8,61,11.341768401207684
8,62,12.496548226899314
9,1,25.678482062658375
9,2,22.426974453486388
9,3,18.99696739112051
9,4,15.839386501000916
9,5,12.976215921397682
9,6,9.438519671073328
9,7,6.160242951724802
9,8,3.7961939765602346
9,10,3.7839293727735828
9,11,6.903517349642459
9,12,8.439379071262358
9,13,6.163683661915781
9,14,6.0138080331238974
9,15,4.715152934686375
9,16,6.753011051871207
9,17,8.609826142049572
9,18,11.037944550380704
9,19,14.246950219580684
9,20,16.539089709688117
9,21,20.18415896357654
9,22,23.119631854732464
9,23,24.31100837424528
9,24,21.975408150600618
9,25,22.427173301761336
9,26,21.954775870484852
9,27,18.969780762280617
9,28,17.226928778764428
9,29,18.42711759398933
9,30,17.218881550425007
9,31,13.655581928544516
9,32,14.006877887519204
9,33,15.861527741120957
9,34,13.258737719499923
9,35,10.656634047707682
9,36,13.761319177182067
9,37,14.399600129655822
9,38,11.232575910308578
9,39,11.979755835766646
9,40,15.06666745323677
9,41,13.497297645228004
9,42,10.325179061223892
9,43,12.237232298702752
9,44,12.079659603232574
9,45,9.461302903473415
9,46,9.870385165605262
9,47,10.113090286899757
9,48,11.201514324707869
9,49,13.55834496889623
9,50,14.753626028088316
9,51,17.690136879384884
9,52,19.60262785667758
9,53,16.777593113677312
9,54,17.070650927712045
9,55,13.575069855424356
9,56,10.716911849648904
9,57,7.325196490542941
9,58,6.015263775751701
9,59,4.68078843963565
9,60,6.215016053552415
9,61,8.983781839115192
9,62,10.462469069303127
10,1,28.37812411042829
10,2,25.333887627691897
10,3,21.89939154786783
10,4,18.798715561627315
10,5,16.14874453772114
10,6,12.525817853804712
10,7,9.60311690273797
10,8,6.341712598221133
10,9,3.7839293727735828
10,11,3.79323711675222
10,12,5.627584572171706
10,13,5.17143806351125
10,14,5.456319180685022
10,15,6.344556603813619
10,16,8.353086587038675
10,17,11.111455908112767
10,18,13.223770651736432
10,19,16.683553375972437
10,20,18.75080407685443
10,21,22.512679226138587
10,22,25.39958311543335
10,23,26.76530010807019
10,24,24.64459435445429
10,25,24.69104463090047
10,26,23.864252444522563
10,27,21.132083846540908
10,28,19.45353823301527
10,29,20.01376492471222
10,30,18.594226403785225
10,31,15.361471416433787
10,32,15.212902521946543
10,33,16.378617944879664
10,34,13.684569410745807
10,35,10.970900999104355
10,36,13.33692603911949
10,37,13.518849572047513
10,38,9.901771928373247
10,39,10.336805587422498
10,40,12.848391903635846
10,41,10.661588890652284
10,42,7.435947797789253
10,43,9.795736475826043
10,44,10.577404266296444
10,45,9.08693706894561
10,46,10.751637553604793
10,47,12.09873623111139
10,48,13.909226361374508
10,49,16.5836874695987
10,50,18.199331688709062
10,51,21.289974804265892
10,52,22.971324860463334
10,53,19.960248292606803
10,54,20.400617534465773
10,55,17.063476834574246
10,56,13.988535762489466
10,57,10.660340947617337
10,58,8.342891311236576
10,59,5.88782789932249
10,60,4.840544256735634
10,61,6.9037304514364015
10,62,7.265784000480688
11,1,31.91671195646525
11,2,28.835766471292384
11,3,25.482507162618024
11,4,22.248139472004453
11,5,19.681686544421957
11,6,16.00338997831125
11,7,13.02117863845219
11,8,9.97936552280262
11,9,6.903517349642459
11,10,3.79323711675222
11,12,3.8097949665459616
11,13,5.188498186422062
11,14,7.334441398893604
11,15,9.457262197440544
11,16,11.97140395461587
11,17,14.844439559873676
11,18,17.0060195195754
11,19,20.42211573565959
11,20,22.355363417800476
11,21,26.116625142575977
11,22,28.87019088237097
11,23,30.054228537288385
11,24,27.7885425551045
11,25,27.603162878975507
11,26,26.915716094381597
11,27,24.404647536710797
11,28,22.4390103920198
11,29,22.76302391423638
11,30,21.633537591749636
11,31,18.48147806853325
11,32,17.765391195350325
11,33,18.87195072498394
11,34,16.541222903883984
11,35,13.500503728471697
11,36,15.168438574379254
11,37,15.570217004548338
11,38,11.973896354067655
11,39,11.411777233766312
11,40,13.480694991328692
11,41,11.062438410563088
11,42,7.6492747912729735
11,43,9.276282119949212
11,44,10.165179527233203
11,45,9.752403487133506
11,46,11.597255976257339
11,47,13.844134018754957
11,48,15.634060508270915
11,49,18.790484415299773
11,50,20.53019917992894
11,51,23.838312674448368
11,52,25.489730895389314
11,53,22.60587281465823
11,54,23.458284295634034
11,55,20.111960877438513
11,56,16.8662697180462
11,57,13.307031438878555
11,58,10.872931795880154
11,59,7.494434664446743
11,60,5.508876255207882
11,61,5.077868941961338
11,62,5.155012286018999
12,1,33.674301350191314
12,2,30.58326235940587
12,3,27.042931630612475
12,4,24.07560102816111
12,5,21.128124249525218
12,6,17.68834073924591
12,7,14.355762576516804
12,8,11.559504115467448
12,9,8.439379071262358
12,10,5.627584572171706
12,11,3.8097949665459616
12,13,3.7938335824905414
12,14,5.754582189697108
12,15,9.08608065926391
12,16,11.996850384149967
12,17,15.37511302349158
12,18,18.02058313019241
12,19,21.662425663352664
12,20,24.042713048009453
12,21,27.78774776326581
12,22,30.826615706951433
12,23,32.30222595423992
12,24,30.17142166367221
12,25,30.304840061569987
12,26,29.474578806372804
12,27,26.69858982541738
12,28,25.06814294405751
12,29,25.610163809262723
12,30,24.124005814618208
12,31,20.962928464751844
12,32,20.745587355780597
12,33,21.702628845238777
12,34,18.95776492391043
12,35,16.334247361634024
12,36,18.222049779029177
12,37,18.061518499515245
12,38,14.286441960677957
12,39,14.395584049680489
12,40,16.006915782932623
12,41,12.987072990725245
12,42,10.213721901658559
12,43,12.489642841071113
12,44,13.860186184156824
12,45,13.455472176517969
12,46,15.168401433883947
12,47,17.05309725459934
12,48,18.473297946261514
12,49,21.452219968386814
12,50,22.725759751835774
12,51,25.766633522492985
12,52,27.800519495735347
12,53,25.058978818433552
12,54,25.50788845317768
12,55,21.977806653426793
12,56,19.095946654520805
12,57,15.5399015985906
12,58,13.642616638133598
12,59,10.584541813374887
12,60,9.09923296365036
12,61,8.79467242970195
12,62,8.116207834525008
13,1,31.46141499770202
13,2,28.19146426486308
13,3,24.642170077958543
13,4,21.697891352701717
13,5,18.52099353416015
13,6,15.270860051272576
13,7,11.652427507353044
13,8,9.598361607867856
13,9,6.163683661915781
13,10,5.17143806351125
13,11,5.188498186422062
13,12,3.7938335824905414
13,14,3.81200299910961
13,15,6.486134308471155
13,16,10.017631042210583
13,17,13.045303763222188
13,18,16.103406536817484
13,19,19.610651231920748
13,20,22.259920017158755
13,21,25.901760366876488
13,22,29.023172075507716
13,23,30.3807841247062
13,24,28.077536732972618
13,25,28.590354236879964
13,26,28.05376924130619
13,27,25.041208217408332
13,28,23.387329139171445
13,29,24.458925514859992
13,30,23.10464763653812
13,31,19.6680755832906
13,32,19.845076224335084
13,33,21.33214706030192
13,34,18.55729967209251
13,35,15.944948429000597
13,36,18.471217860635402
13,37,18.641216821308667
13,38,14.971982961560197
13,39,15.39376402139395
13,40,17.6748071560034
13,41,15.058873711372957
13,42,11.961497740587745
13,43,14.140161071717223
13,44,14.75283204918703
13,45,13.369388747351778
13,46,14.232749040269255
13,47,15.43539195210564
13,48,16.21389085404266
13,49,18.99703505893805
13,50,19.80158461477495
13,51,22.648956801387857
13,52,24.971832399000586
13,53,22.485800223386303
13,54,22.787906640772494
13,55,19.12160970922359
13,56,16.53643855688627
13,57,12.960236232673267
13,58,11.857656626631567
13,59,9.18779133980697
13,60,9.144871498032057
13,61,9.726620135914763
13,62,10.319738612540121
14,1,29.440651718253317
14,2,26.34166506020885
14,3,22.65567291079016
14,4,20.076708689053817
14,5,16.764739822383046
14,6,13.787507331076204
14,7,10.3161497574934
14,8,8.216669268097496
14,9,6.0138080331238974
14,10,5.456319180685022
14,11,7.334441398893604
14,12,5.754582189697108
14,13,3.81200299910961
14,15,3.800874585755576
14,16,6.931027263146929
14,17,10.388592795560623
14,18,13.51954156803101
14,19,17.18859387217376
14,20,20.080998574176665
14,21,23.68101143737561
14,22,27.014999614070458
14,23,28.764886138614823
14,24,26.817053510534652
14,25,27.53615996820356
14,26,26.64172177388423
14,27,23.440233454840435
14,28,22.32275619445133
14,29,23.452372611727967
14,30,21.595107319859533
14,31,18.329218416603805
14,32,19.124059378864928
14,33,20.279672834761747
14,34,17.07460127105703
14,35,15.125502433233686
14,36,17.93351594645241
14,37,17.489305218016604
14,38,13.85965281338093
14,39,15.218131228916688
14,40,17.310779002442015
14,41,14.573294818022342
14,42,12.06950824658754
14,43,14.965501989311987
14,44,16.026983941934326
14,45,14.389350858201622
14,46,15.509646521780539
14,47,16.116913790654102
14,48,17.057159745897682
14,49,19.28079143619387
14,50,19.9446830159132
14,51,22.449413617875177
14,52,24.80100740161786
14,53,22.16704370283391
14,54,21.873399642843566
14,55,18.279193489745637
14,56,16.045469671418726
14,57,12.919094438468884
14,58,11.963016675701407
14,59,10.255251969100488
14,60,10.24541425664746
14,61,11.873442001162806
14,62,11.868613456107635
15,1,25.79488064952672
15,2,22.647992945032396
15,3,18.952127487771186
15,4,16.458622211268537
15,5,13.044767232524588
15,6,10.276029989881291
15,7,6.839635063286759
15,8,5.511452163213481
15,9,4.715152934686375
15,10,6.344556603813619
15,11,9.457262197440544
15,12,9.08608065926391
15,13,6.486134308471155
15,14,3.800874585755576
15,16,3.8026530783804
15,17,6.7577465691690906
15,18,10.117748746076062
15,19,13.655006187913651
15,20,16.702130885614036
15,21,20.207852713879284
15,22,23.588133680954268
15,23,25.322965890269295
15,24,23.385713369264934
15,25,24.375282806222014
15,26,23.574254320541396
15,27,20.204710494183775
15,28,19.247814764808226
15,29,20.745628269928165
15,30,18.882861958304062
15,31,15.530126639972995
15,32,16.834525263759033
15,33,18.276787590041273
15,34,15.06614106551834
15,35,13.443953771884255
15,36,16.750860918652954
15,37,16.48414733975986
15,38,13.244380360226701
15,39,15.0210549318165
15,40,17.561314986496185
15,41,15.419933975016683
15,42,12.948793941554898
15,43,15.701003780046545
15,44,16.265346787214394
15,45,13.883313120039345
15,46,14.471732639881836
15,47,14.207740831886486
15,48,14.870185369425958
15,49,16.5394748548818
15,50,16.963122597319156
15,51,19.2029380184145
15,52,21.571843036914913
15,53,18.963871638758217
15,54,18.347009259137707
15,55,14.790395580238037
15,56,12.8874867613459
15,57,10.188062483145044
15,58,9.895786042094686
15,59,9.378253754167408
15,60,10.41099947037966
15,61,12.981173191730436
15,62,13.576373496725584
16,1,22.893684780208627
16,2,20.004862252566088
16,3,16.25323531355178
16,4,14.135636674748879
16,5,10.888477697893109
16,6,8.51558224391865
16,7,6.165165883311185
16,8,5.052549770892746
16,9,6.753011051871207
16,10,8.353086587038675
16,11,11.97140395461587
16,12,11.996850384149967
16,13,10.017631042210583
16,14,6.931027263146929
16,15,3.8026530783804
16,17,3.7990896031640533
16,18,6.773791372408719
16,19,10.467802682726562
16,20,13.5803817658822
16,21,17.050170520006358
16,22,20.546697521997515
16,23,22.63593594769232
16,24,21.119753077138665
16,25,22.176045422941076
16,26,20.980823612505706
16,27,17.5341974378914
16,28,17.16188883634063
16,29,18.600464500631645
16,30,16.27619877362889
16,31,13.249600295911746
16,32,15.177476201704728
16,33,16.229762151534818
16,34,12.769245610422361
16,35,12.044309918228693
16,36,15.480133176253544
16,37,14.745101855811354
16,38,11.980599345790857
16,39,14.531147721028068
16,40,16.904394542938924
16,41,15.12524240212242
16,42,13.329777422610862
16,43,16.26751513516557
16,44,17.006098256853143
16,45,14.493612309257657
16,46,15.272329247078515
16,47,14.45566551211649
16,48,15.432715726107222
16,49,16.40607742637481
16,50,16.933016932564296
16,51,18.82924044728781
16,52,20.89091069706004
16,53,18.06088236822321
16,54,16.91069779078542
16,55,13.728174048922149
16,56,12.189065075217169
16,57,10.42579688523182
16,58,10.11655727459833
16,59,10.773982394495782
16,60,11.694141398956113
16,61,14.881939740833237
16,62,15.165464800464777
17,1,19.27956479499598
17,2,16.316272317258427
17,3,12.548687054228989
17,4,10.618316240226905
17,5,7.27896996132751
17,6,5.683019509307092
17,7,4.691653142780345
17,8,5.720917921648787
17,9,8.609826142049572
17,10,11.111455908112767
17,11,14.844439559873676
17,12,15.37511302349158
17,13,13.045303763222188
17,14,10.388592795560623
17,15,6.7577465691690906
17,16,3.7990896031640533
17,18,3.7962895912314676
17,19,7.051507510947152
17,20,10.444764140500482
17,21,13.716017472315885
17,22,17.2622209106982
17,23,19.30238505970374
17,24,17.81275397181541
17,25,19.249254316316335
17,26,18.220637265243877
17,27,14.580050521942015
17,28,14.488822942286589
17,29,16.4367875692054
17,30,14.211002538958878
17,31,11.225484576648617
17,32,13.822383173468344
17,33,15.222261754432013
17,34,12.07149753736661
17,35,11.892360044158352
17,36,15.583428298736791
17,37,15.191230735207316
17,38,13.184217855975279
17,39,15.78908533175191
17,40,18.452545458814285
17,41,17.35160309156653
17,42,15.62077198332393
17,43,18.134370624648184
17,44,18.32399154135406
17,45,15.321671952020639
17,46,15.454984092979215
17,47,13.729355345193067
17,48,14.286055520945409
17,49,14.404501453274985
17,50,14.596324990330906
17,51,16.00601145097643
17,52,17.97034891818557
17,53,15.248813895230196
17,54,13.605426064787116
17,55,10.68258491193335
17,56,9.877537978459138
17,57,9.242122630757294
17,58,9.880834261441297
17,59,11.762767272513655
17,60,13.447048966294304
17,61,16.959824860575004
17,62,17.736441798327782
18,1,16.28548192972538
18,2,13.657536297212859
18,3,9.977007238617386
18,4,8.342869451886747
18,5,6.026859108135992
18,6,5.242216944740906
18,7,6.648813846497059
18,8,7.417348375001619
18,9,11.037944550380704
18,10,13.223770651736432
18,11,17.0060195195754
18,12,18.02058313019241
18,13,16.103406536817484
18,14,13.51954156803101
18,15,10.117748746076062
18,16,6.773791372408719
18,17,3.7962895912314676
18,19,3.7981779008399745
18,20,6.883530906689446
18,21,10.283185336043829
18,22,13.818719308391056
18,23,16.127613041572108
18,24,15.079886378304483
18,25,16.3582740979577
18,26,14.904609175984593
18,27,11.29995511728675
18,28,11.817178364316916
18,29,13.558264025323732
18,30,10.965784521218907
18,31,8.51941259320852
18,32,11.694049972548342
18,33,12.689005263784631
18,34,9.699589772899866
18,35,10.563901956893469
18,36,14.051426323206195
18,37,13.500535893926191
18,38,12.400499270228702
18,39,15.27246034538059
18,40,17.76699461218924
18,41,17.32183284261507
18,42,16.139137270789007
18,43,18.413557580939113
18,44,18.559590418291922
18,45,15.594940187929241
18,46,15.848715059966827
18,47,13.78131496788833
18,48,14.761643750856623
18,49,14.24632130342069
18,50,14.851084284582267
18,51,16.03418879445909
18,52,17.293428404927063
18,53,14.296047100799711
18,54,12.375310594510676
18,55,10.308401579418605
18,56,9.742754521141054
18,57,10.246465682499336
18,58,10.542706926008062
18,59,13.162159048359117
18,60,14.610943557399999
18,61,18.361355485234753
18,62,19.003544492799165
19,1,12.505048681193301
19,2,9.985350500418951
19,3,6.368850798604119
19,4,5.605288040153998
19,5,4.6865840766884155
19,6,6.153734576810149
19,7,9.010771706093202
19,8,10.58014797766411
19,9,14.246950219580684
19,10,16.683553375972437
19,11,20.42211573565959
19,12,21.662425663352664
19,13,19.610651231920748
19,14,17.18859387217376
19,15,13.655006187913651
19,16,10.467802682726562
19,17,7.051507510947152
19,18,3.7981779008399745
19,20,3.7903499311530604
19,21,6.682022703498789
19,22,10.317873068031673
19,23,12.7271213604685
19,24,12.015124111251959
19,25,13.738710188097809
19,26,12.337232555602522
19,27,8.606191187274785
19,28,9.947145855751877
19,29,12.14064424806937
19,30,9.73745075723702
19,31,8.059368162631229
19,32,11.774927079994892
19,33,12.860602226980115
19,34,10.681365111601904
19,35,12.199035454699704
19,36,15.41471854495842
19,37,15.148114408804194
19,38,14.882471099873657
19,39,17.595698478850426
19,40,20.10079348283074
19,41,20.20021572828185
19,42,19.174191912572294
19,43,21.074505625167895
19,44,20.854054607267933
19,45,17.734895125273862
19,46,17.535709855734446
19,47,14.871971256303453
19,48,15.503867538219984
19,49,14.055055327894518
19,50,14.392026241479087
19,51,14.857350064735611
19,52,15.648946147067765
19,53,12.881728457110391
19,54,10.327935131619949
19,55,9.357170017348063
19,56,9.88773182644571
19,57,11.68352809943054
19,58,12.545072294808078
19,59,15.731986439865718
19,60,17.487742508913147
19,61,21.277422641571313
19,62,22.164390989847803
20,1,10.169617556139
20,2,8.204974141643593
20,3,5.50474714930372
20,4,5.140052333185611
20,5,6.690342069924675
20,6,8.13271219527187
20,7,11.588589892171328
20,8,12.793256139950651
20,9,16.539089709688117
20,10,18.75080407685443
20,11,22.355363417800476
20,12,24.042713048009453
20,13,22.259920017158755
20,14,20.080998574176665
20,15,16.702130885614036
20,16,13.5803817658822
20,17,10.444764140500482
20,18,6.883530906689446
20,19,3.7903499311530604
20,21,3.7893486297572627
20,22,6.994705909889275
20,23,9.493933093254613
20,24,9.286604672312334
20,25,10.56463307922987
20,26,8.7124722046454
20,27,5.137801159834474
20,28,7.404478462445179
20,29,9.23431671538865
20,30,6.85923147012709
20,31,6.4665700916200555
20,32,10.220576025058627
20,33,10.960486630998433
20,34,9.736802344579107
20,35,11.916264419894967
20,36,14.519227095587723
20,37,14.473945898062725
20,38,15.154906164477875
20,39,17.61746190814051
20,40,19.96914560270852
20,41,20.75581883452835
20,42,20.054287530860115
20,43,21.489674744026537
20,44,21.057685224163567
20,45,18.08624934756471
20,46,17.874242596972813
20,47,15.087864993741382
20,48,16.04322820866547
20,49,14.17550591838421
20,50,15.03553570442902
20,51,15.434313837269222
20,52,15.291712734261319
20,53,12.37997394482611
20,54,10.080039255707685
20,55,10.302112657929706
20,56,10.762319682889107
20,57,13.174490251226809
20,58,13.658273606251084
20,59,17.12236538223195
20,60,18.69152393327473
20,61,22.46065418261712
20,62,23.360189708371177
21,1,6.622458526643001
21,2,5.622440021362924
21,3,4.500241929932143
21,4,6.400615252321477
21,5,8.98183287203231
21,6,11.340340580161651
21,7,14.92122859067111
21,8,16.474758842008292
21,9,20.18415896357654
21,10,22.512679226138587
21,11,26.116625142575977
21,12,27.78774776326581
21,13,25.901760366876488
21,14,23.68101143737561
21,15,20.207852713879284
21,16,17.050170520006358
21,17,13.716017472315885
21,18,10.283185336043829
21,19,6.682022703498789
21,20,3.7893486297572627
21,22,3.7815802790252233
21,23,6.909467761931747
21,24,7.919376621788493
21,25,9.765894101211213
21,26,7.981881282721776
21,27,5.221216600181617
21,28,8.590654095136733
21,29,10.458459901960138
21,30,8.718254560534257
21,31,9.447772734226396
21,32,12.900756777112754
21,33,13.473963416743198
21,34,12.917895663665616
21,35,15.33575095070243
21,36,17.58607529015135
21,37,17.578892044035385
21,38,18.664319227276614
21,39,21.057829297453186
21,40,23.271256417137828
21,41,24.278229978571265
21,42,23.730212378107957
21,43,25.03387408052478
21,44,24.47226143459186
21,45,21.503035128064752
21,46,21.05291633389085
21,47,18.02985755813964
21,48,18.64356026021841
21,49,16.205289215849785
21,50,16.68126262316421
21,51,16.31611254471272
21,52,15.729508673769706
21,53,13.418894561578572
21,54,10.704916313735936
21,55,12.048566368842593
21,56,13.345748361847747
21,57,16.256050471023343
21,58,17.0883069438049
21,59,20.672588596257462
21,60,22.369169922601444
21,61,26.112800423129514
21,62,27.083982749103622
22,1,4.833710605745217
22,2,5.556889865653918
22,3,6.774605952819897
22,4,8.648052458174423
22,5,11.95957646838312
22,6,14.230252870241257
22,7,17.968375534167162
22,8,19.468755655527385
22,9,23.119631854732464
22,10,25.39958311543335
22,11,28.87019088237097
22,12,30.826615706951433
22,13,29.023172075507716
22,14,27.014999614070458
22,15,23.588133680954268
22,16,20.546697521997515
22,17,17.2622209106982
22,18,13.818719308391056
22,19,10.317873068031673
22,20,6.994705909889275
22,21,3.7815802790252233
22,23,3.7893458199153245
22,24,6.364933004886488
22,25,7.776771926825153
22,26,6.07469064493351
22,27,5.219121046863855
22,28,8.755484700326413
22,29,10.103015521848993
22,30,9.32898362582345
22,31,11.039480975454882
22,32,13.846950506429284
22,33,14.267163038822202
22,34,14.669660925176165
22,35,17.165252587629304
22,36,18.85727790774527
22,37,19.16591267516767
22,38,20.813512000577624
22,39,22.8531070290129
22,40,24.965540132144007
22,41,26.444515653559826
22,42,26.024941356909657
22,43,26.917751921749453
22,44,26.09614283331416
22,45,23.247394486970645
22,46,22.63024347475858
22,47,19.539967180111702
22,48,20.151518772699706
22,49,17.388538206968143
22,50,18.047031521243607
22,51,17.459884383956123
22,52,16.081522384686398
22,53,14.090072776346606
22,54,11.809614902337502
22,55,14.033520270903137
22,56,15.380634899766838
22,57,18.59749318039292
22,58,19.350855435836273
22,59,23.029572338011107
22,60,24.702358181279017
22,61,28.34099470102929
22,62,29.422051315998324
23,1,5.200300117312735
23,2,5.755182914229294
23,3,8.154815452226764
23,4,9.398813829693198
23,5,13.147051768435999
23,6,15.354747058358418
23,7,19.156374904404657
23,8,20.874108193320655
23,9,24.31100837424528
23,10,26.76530010807019
23,11,30.054228537288385
23,12,32.30222595423992
23,13,30.3807841247062
23,14,28.764886138614823
23,15,25.322965890269295
23,16,22.63593594769232
23,17,19.30238505970374
23,18,16.127613041572108
23,19,12.7271213604685
23,20,9.493933093254613
23,21,6.909467761931747
23,22,3.7893458199153245
23,24,3.794004902440148
23,25,5.243866878935418
23,26,5.387993612195135
23,27,5.923985516177048
23,28,8.243913527107015
23,29,9.79009524366382
23,30,10.462573100371419
23,31,12.032823943029678
23,32,14.15893092314182
23,33,15.134559287798162
23,34,16.24925632793742
23,35,18.23614427564223
23,36,19.73598871309778
23,37,20.708267789800708
23,38,22.46043984472612
23,39,23.97877593798852
23,40,26.328446850629792
23,41,28.089124324776193
23,42,27.3942629990761
23,43,27.83043830894437
23,44,26.519877272131858
23,45,23.598917154387085
23,46,22.501324302004956
23,47,19.23421253190816
23,48,19.51407986900717
23,49,16.399710818037896
23,50,17.05965131428404
23,51,16.26198774514462
23,52,14.180791418426422
23,53,12.650759955884006
23,54,10.953413034240295
23,55,13.910229914647978
23,56,15.387685178816275
23,57,18.902632650874622
23,58,19.870017053362062
23,59,23.62398754349718
23,60,25.55193880175789
23,61,29.021627360175373
23,62,30.478263488458424
24,1,7.4341703527872225
24,2,5.877587621550986
24,3,7.4938530224045214
24,4,7.420451764267471
24,5,11.181932659574814
24,6,13.145983197080652
24,7,16.854203859915888
24,8,18.80382818294119
24,9,21.975408150600618
24,10,24.64459435445429
24,11,27.7885425551045
24,12,30.17142166367221
24,13,28.077536732972618
24,14,26.817053510534652
24,15,23.385713369264934
24,16,21.119753077138665
24,17,17.81275397181541
24,18,15.079886378304483
24,19,12.015124111251959
24,20,9.286604672312334
24,21,7.919376621788493
24,22,6.364933004886488
24,23,3.794004902440148
24,25,3.802126492218047
24,26,5.89469660292051
24,27,5.473697422207394
24,28,6.033873816770796
24,29,8.61643717149946
24,30,10.058719870241044
24,31,10.579829851094159
24,32,12.406189134644835
24,33,14.274313140288593
24,34,15.405790026985857
24,35,16.651339566752
24,36,18.431667536677708
24,37,19.950846930688705
24,38,21.321161535775964
24,39,22.485009721511258
24,40,25.23227050007024
24,41,26.905448532210404
24,42,25.746467271011664
24,43,25.979206374906195
24,44,24.30381262191119
24,45,21.17006291803994
24,46,19.628468283250662
24,47,16.178370113373102
24,48,16.08880656030079
24,49,12.809611093250926
24,50,13.459244854342652
24,51,12.808601711399678
24,52,10.538081275129217
24,53,8.93755115220593
24,54,7.700332053852928
24,55,10.860218332367928
24,56,12.315695827367625
24,57,15.957453472039424
24,58,17.211212005912884
24,59,20.97475887071669
24,60,23.225620506551987
24,61,26.571016336718124
24,62,28.39033759704187
25,1,10.225711905769609
25,2,9.368980771149689
25,3,10.539335536615942
25,4,9.75963097889747
25,5,13.340320977556882
25,6,14.42852733845758
25,7,18.03279550711623
25,8,19.339296207953666
25,9,22.427173301761336
25,10,24.69104463090047
25,11,27.603162878975507
25,12,30.304840061569987
25,13,28.590354236879964
25,14,27.53615996820356
25,15,24.375282806222014
25,16,22.176045422941076
25,17,19.249254316316335
25,18,16.3582740979577
25,19,13.738710188097809
25,20,10.56463307922987
25,21,9.765894101211213
25,22,7.776771926825153
25,23,5.243866878935418
25,24,3.802126492218047
25,26,3.8060665818795094
25,27,5.565989828272553
25,28,5.2569842729440674
25,29,6.20794961617876
25,30,8.660825953568219
25,31,9.961780922950524
25,32,10.792873840526592
25,33,12.294084586977904
25,34,14.28116398619361
25,35,15.542581255624686
25,36,16.59439802983053
25,37,18.372985317306043
25,38,20.251062152897784
25,39,21.01185590654965
25,40,23.54318245288363
25,41,25.67195842534216
25,42,24.74768315504595
25,43,24.56229666111055
25,44,22.80085731870936
25,45,20.029767183880644
25,46,18.728476184506768
25,47,15.647324368216237
25,48,16.218803798728107
25,49,13.351847514268067
25,50,14.932758758098924
25,51,15.051660115409728
25,52,12.400837309477174
25,53,10.31185179373952
25,54,10.248313255834967
25,55,12.929073758110517
25,56,13.376821319018797
25,57,16.67981293900531
25,58,17.197757209986726
25,59,20.807690084889508
25,60,22.646006873076804
25,61,25.81180663052863
25,62,27.514736211224037
26,1,10.044541021086095
26,2,9.722297912729235
26,3,10.307017728345263
26,4,9.860692128078693
26,5,13.237670971319119
26,6,14.142613466969856
26,7,17.769252225937272
26,8,18.590253465455536
26,9,21.954775870484852
26,10,23.864252444522563
26,11,26.915716094381597
26,12,29.474578806372804
26,13,28.05376924130619
26,14,26.64172177388423
26,15,23.574254320541396
26,16,20.980823612505706
26,17,18.220637265243877
26,18,14.904609175984593
26,19,12.337232555602522
26,20,8.7124722046454
26,21,7.981881282721776
26,22,6.07469064493351
26,23,5.387993612195135
26,24,5.89469660292051
26,25,3.8060665818795094
26,27,3.809202849309034
26,28,5.383761206439989
26,29,4.945495203855617
26,30,6.038640894871123
26,31,8.51780399806934
26,32,9.805828545236713
26,33,10.225796747735986
26,34,12.05889060745458
26,35,14.12827621690709
26,36,14.969360459318175
26,37,16.090351846024458
26,38,18.29788785113594
26,39,19.492022615302872
26,40,21.616997794923826
26,41,23.75973363227656
26,42,23.324321609372042
26,43,23.44767825849956
26,44,22.22461835235649
26,45,19.706760553631376
26,46,19.111088398814726
26,47,16.359704553890236
26,48,17.590020097317982
26,49,15.183497915643361
26,50,16.985736688811404
26,51,17.386145797311308
26,52,15.277896312647979
26,53,12.67383853582567
26,54,12.045661719549157
26,55,14.113804165963064
26,56,14.214556601981524
26,57,17.1865139031959
26,58,17.170268993589648
26,59,20.707701885468662
26,60,22.068061600671932
26,61,25.39476248870846
26,62,26.603119282684258
27,1,9.147396022862731
27,2,7.703191442049765
27,3,7.09902915857904
27,4,6.312296899135721
27,5,9.530343073040184
27,6,10.649112012858883
27,7,14.35974181270996
27,8,15.471523524920235
27,9,18.969780762280617
27,10,21.132083846540908
27,11,24.404647536710797
27,12,26.69858982541738
27,13,25.041208217408332
27,14,23.440233454840435
27,15,20.204710494183775
27,16,17.5341974378914
27,17,14.580050521942015
27,18,11.29995511728675
27,19,8.606191187274785
27,20,5.137801159834474
27,21,5.221216600181617
27,22,5.219121046863855
27,23,5.923985516177048
27,24,5.473697422207394
27,25,5.565989828272553
27,26,3.809202849309034
27,28,3.798489272200583
27,29,5.403625640919309
27,30,5.003162699336847
27,31,6.167814647101251
27,32,8.725592286191619
27,33,9.740599517610471
27,34,10.422342296317343
27,35,12.390933587255434
27,36,14.135870413470679
27,37,15.027686241748192
27,38,16.567329027986172
27,39,18.18190346699282
27,40,20.602059385769035
27,41,22.21261618175448
27,42,21.49599205032494
27,43,22.07925520611087
27,44,21.015931210654006
27,45,18.15010748168148
27,46,17.515568029353222
27,47,14.548360526131715
27,48,15.566776548734849
27,49,13.197050051025444
27,50,14.653278293375815
27,51,15.065991484636758
27,52,13.672553480706714
27,53,10.790080671265905
27,54,9.474154094178123
27,55,11.03827327241323
27,56,11.325045936653819
27,57,14.319200653117464
27,58,14.634788530768105
27,59,18.289961994517935
27,60,19.90710722576983
27,61,23.443598109882995
27,62,24.68780795476042
28,1,11.9880355851451
28,2,9.847603766487728
28,3,8.983610097153969
28,4,6.626353411335902
28,5,9.418034438508897
28,6,9.60698661635235
28,7,13.075940117548198
28,8,14.116612860115081
28,9,17.226928778764428
28,10,19.45353823301527
28,11,22.4390103920198
28,12,25.06814294405751
28,13,23.387329139171445
28,14,22.32275619445133
28,15,19.247814764808226
28,16,17.16188883634063
28,17,14.488822942286589
28,18,11.817178364316916
