1,2,3.8110125399736514
1,3,5.40049876957823
1,4,5.397845723127739
1,5,8.94340745818598
1,6,10.450195453661383
1,7,14.133230539288881
1,8,17.61819223653434
1,9,20.9552679706339
1,10,22.733558140878262
1,11,19.741099717116573
1,12,19.581099207828757
1,13,22.296780031372244
1,14,20.65719606061169
1,15,16.99364158894065
1,16,17.3533694128005
1,17,21.14914780544911
1,18,22.191147033352873
1,19,19.997916613297768
1,20,20.45814288905209
1,21,21.185042549951785
1,22,18.718806997308015
1,23,16.119188033344308
1,24,14.877562400877544
1,25,14.321274003682904
1,26,12.900326295884327
1,27,15.300331765724557
1,28,14.017833677091385
1,29,15.61279431621057
1,30,15.034040487141898
1,31,18.47921486976684
1,32,16.983467514761404
1,33,20.046188965254917
1,34,22.73767757677942
1,35,24.88696509863151
1,36,25.920122903154738
1,37,29.694804796966352
1,38,30.995494352986174
1,39,28.351305834078243
1,40,30.641951444737163
1,41,29.49964556885893
1,42,26.015802330668052
1,43,24.356946076780787
1,44,21.85806143786628
1,45,22.940325803760214
1,46,21.815954619044174
1,47,19.1371769820241
1,48,18.104225278293494
1,49,14.748801759695734
1,50,12.82635046522303
1,51,9.046308698037578
1,52,9.829742365342552
1,53,7.925034936789568
1,54,5.187700763799466
1,55,8.797339437059719
1,56,11.183052299884237
1,57,9.490236921948972
1,58,10.12777930844609
1,59,13.508940859908172
1,60,14.524106788654539
1,61,12.023739000410343
1,62,10.586225251854806
1,63,10.629688853986982
1,64,10.415955881614686
1,65,13.438264130955803
1,66,15.209500706799231
1,67,18.974750670113895
1,68,20.275741264223367
1,69,19.35122747211541
1,70,20.054006596282196
1,71,23.20053759882939
1,72,24.275203098367392
1,73,21.9110862004925
1,74,22.382616991940562
1,75,26.225129131095578
1,76,26.59237184590941
1,77,25.534854737363524
1,78,27.16783875997738
1,79,24.15848813272366
1,80,26.342017006141734
1,81,23.681583373172
1,82,19.994784004666574
1,83,17.776266955042903
1,84,19.069100246482652
1,85,17.28888061641622
1,86,19.156360163580146
1,87,19.2819454693888
1,88,20.140277629409354
1,89,22.399576708553713
1,90,24.406118502197874
1,91,23.84382396157039
1,92,25.084081584974165
1,93,24.19503142747978
1,94,24.982671605005176
1,95,24.154624616265536
1,96,22.72991960256846
1,97,21.510676406691463
1,98,22.316071389732187
1,99,21.971131137114632
1,100,18.977506714704212
1,101,19.08875760174876
1,102,18.059363241149722
1,103,16.345217833618864
1,104,19.884793505830963
1,105,20.670577546915542
1,106,17.60846843078559
1,107,18.715410894240645
1,108,22.239100504093116
1,109,21.447981736397093
1,110,19.5962611970448
1,111,22.14354559720756
1,112,24.961613101459687
1,113,23.83789473848961
1,114,22.491776604638844
1,115,25.109121308621866
2,1,3.8110125399736514
2,3,3.8261727902632123
2,4,5.439226844048521
2,5,8.100751952721904
2,6,10.362322091250329
2,7,13.8727010034386
2,8,17.44200278816256
2,9,20.926498574997694
2,10,22.090258593374983
2,11,18.762455741458783
2,12,18.99539774958469
2,13,21.30742083325938
2,14,19.0996461059876
2,15,15.607547570249455
2,16,16.55030852414685
2,17,20.35114068953172
2,18,20.7725951521069
2,19,18.43683326895426
2,20,18.797484041726204
2,21,20.11896120448954
2,22,18.248235723621253
2,23,15.857465342868778
2,24,15.506139778458936
2,25,15.404714555551688
2,26,14.861538086250324
2,27,17.346371710031143
2,28,16.61321385234435
2,29,18.187326819085452
2,30,18.073871775734894
2,31,21.617717353995417
2,32,20.323686293592612
2,33,23.29867988742117
2,34,25.802254336204896
2,35,27.64909542101856
2,36,28.313448990185947
2,37,31.999746376921767
2,38,33.540580910275274
2,39,30.950098908069066
2,40,33.46972913140001
2,41,32.55425685216583
2,42,29.163995753243945
2,43,27.72707501078048
2,44,25.27295035757105
2,45,26.562418923541323
2,46,25.521894552369034
2,47,22.925584922972714
2,48,21.8178600155954
2,49,18.44701912082535
2,50,16.394108517872397
2,51,12.688869237615293
2,52,13.008372979428058
2,53,10.533389047980855
2,54,7.747375024229683
2,55,10.822251829427731
2,56,12.719709079563616
2,57,10.05284346683766
2,58,10.257177931058125
2,59,13.988700719064703
2,60,13.897601983717683
2,61,11.333814453706495
2,62,10.917368839673406
2,63,10.944207032746801
2,64,11.62819218625913
2,65,14.71421161676462
2,66,16.917297008550463
2,67,20.66567923647663
2,68,22.085755201420714
2,69,20.57117386915903
2,70,21.0095886731156
2,71,24.404043501074494
2,72,25.00519918758216
2,73,22.642622808420676
2,74,23.67220858389531
2,75,27.45480142450926
2,76,27.38548691916709
2,77,26.553582542154267
2,78,28.622146153170622
2,79,25.941629387819585
2,80,28.474151890824444
2,81,26.148442341644266
2,82,22.601345301903912
2,83,20.487001006048136
2,84,21.312891690241425
2,85,19.199250251934284
2,86,20.444920067649427
2,87,20.076942771456583
2,88,20.26734558836865
2,89,22.186012795883034
2,90,23.687112157642233
2,91,23.273221421268
2,92,25.050861922586357
2,93,24.710637270987643
2,94,25.651561659086106
2,95,25.37933416277051
2,96,24.39752553021776
2,97,23.67613431564212
2,98,24.854912099539742
2,99,24.933277522021026
2,100,22.11505721234152
2,101,22.157899496893723
2,102,21.150541714906385
2,103,19.062662169702833
2,104,22.36089068988573
2,105,23.181430180424737
2,106,19.896893853328667
2,107,20.538014658423847
2,108,24.115171754085026
2,109,23.207153099737095
2,110,20.843627526022857
2,111,23.18511444160177
2,112,26.08224006314688
2,113,24.580198597434293
2,114,22.732274156456757
2,115,25.259086711020043
3,1,5.40049876957823
3,2,3.8261727902632123
3,4,3.826239831575708
3,5,6.469886454256256
3,6,9.680456757055989
3,7,12.67361185649517
3,8,16.45721004269772
3,9,19.57809992184994
3,10,20.673600679630386
3,11,17.230944675727493
3,12,16.83160137447555
3,13,18.863324412664085
3,14,16.84807072243732
3,15,13.181341761110192
3,16,13.534298898184842
3,17,17.25845533627623
3,18,17.700424113509385
3,19,15.135658159423732
3,20,15.317691402297005
3,21,16.387877764893418
3,22,14.433429505527426
3,23,12.164433512777316
3,24,12.073621379108692
3,25,12.554753638290139
3,26,12.621053690943247
3,27,15.559667115031887
3,28,15.594712627313022
3,29,17.82803580883494
3,30,18.30871915532093
3,31,21.55889326012616
3,32,19.872400642696277
3,33,22.386942085776482
3,34,24.97656120732336
3,35,26.47569048785092
3,36,27.095200090163242
3,37,30.710580247282195
3,38,32.59626422135568
3,39,30.357027909048046
3,40,33.04447859803685
3,41,31.975992696228555
3,42,28.74031989649201
3,43,27.598415558865028
3,44,25.565578914445275
3,45,26.96126467026253
3,46,25.516632251683646
3,47,23.060797011258195
3,48,21.377490545735196
3,49,18.160511068054824
3,50,15.634798536361048
3,51,12.312914406117027
3,52,11.949125515285267
3,53,8.727306622292941
3,54,6.879052401366558
3,55,9.560046392317679
3,56,10.341396101436345
3,57,7.105446525335927
3,58,8.243118623484188
3,59,11.662934465998262
3,60,10.192057426974461
3,61,7.509215518876131
3,62,7.416877135941833
3,63,8.161642030407343
3,64,9.87617935361827
3,65,13.426429257749417
3,66,16.28188162646758
3,67,19.801230151482642
3,68,21.83500960324468
3,69,20.490231842636202
3,70,20.25796364538226
3,71,23.413602208820752
3,72,23.630693737797298
3,73,20.853453592662902
3,74,21.776238906082654
3,75,25.531660157787424
3,76,25.112654664087692
3,77,23.977604199319497
3,78,26.244860993896413
3,79,23.751334601843347
3,80,26.54271251703505
3,81,24.438763203039397
3,82,21.009886984206943
3,83,18.79308612590053
3,84,19.01626555163767
3,85,16.46627476919286
3,86,17.38777629054996
3,87,16.61752299558846
3,88,16.734680777178237
3,89,18.46460424475061
3,90,20.05774688630741
3,91,19.87176030219626
3,92,21.592225813077032
3,93,21.25508698764397
3,94,22.05642895805131
3,95,21.983496135864637
3,96,21.327111261743063
3,97,20.905463781688702
3,98,22.508093670862444
3,99,23.0172064076424
3,100,20.407701826390202
3,101,20.327291493324935
3,102,19.569012653876584
3,103,17.301658624788068
3,104,20.323397700726453
3,105,20.84171932970757
3,106,17.33150528875754
3,107,17.79131013703674
3,108,21.247225784424934
3,109,20.10475331758079
3,110,17.503758436343574
3,111,19.871786082623007
3,112,22.656202516749136
3,113,20.949403017029503
3,114,19.032816405957185
3,115,21.66205971384083
4,1,5.397845723127739
4,2,5.439226844048521
4,3,3.826239831575708
4,5,3.8163780420452764
4,6,6.261455081682774
4,7,9.470535756590287
4,8,13.204699446715841
4,9,16.34919571901417
4,10,17.87797468023146
4,11,14.73922034290943
4,12,14.326235252678197
4,13,16.92291565054756
4,14,15.38151569495347
4,15,11.66905913459497
4,16,12.011817095052761
4,17,15.826747910996747
4,18,16.953968710568716
4,19,15.067841359344772
4,20,16.090753356388184
4,21,17.02819293176555
4,22,14.678662444179238
4,23,11.630810554515888
4,24,10.734053043752867
4,25,10.104678265885477
4,26,9.821942806431027
4,27,12.26256171653656
4,28,12.186113151214458
4,29,14.225826330235302
4,30,15.026985598143733
4,31,18.284703035557293
4,32,16.920760543538613
4,33,19.480093191228793
4,34,21.748689625247646
4,35,23.131633148462626
4,36,23.557167504213
4,37,27.16077442314158
4,38,29.011081571826583
4,39,26.717529359014755
4,40,29.487836534288466
4,41,28.610183872575885
4,42,25.443295602613144
4,43,24.51560414368005
4,44,22.574816574683734
4,45,24.33000287671257
4,46,23.11243891105493
4,47,21.069749809063968
4,48,19.564776967874778
4,49,16.0915288977775
4,50,14.068419914708228
4,51,10.908026163476796
4,52,11.528175611108022
4,53,8.16401067741576
4,54,7.4984424832716305
4,55,10.8977183465045
4,56,11.536491186748185
4,57,8.87958447655795
4,58,11.03712361009305
4,59,14.05579410562629
4,60,11.776028822905301
4,61,8.376917948515953
4,62,6.575878854132515
4,63,5.64686429215318
4,64,6.337016722252862
4,65,9.708018765425898
4,66,12.467486034289312
4,67,16.014792982751803
4,68,18.015038448746786
4,69,16.714441021050877
4,70,16.529919419549437
4,71,19.686573312249426
4,72,20.110386197265985
4,73,17.47999319578348
4,74,18.374962256001794
4,75,22.160585071632593
4,76,22.033459378079478
4,77,21.117504360506928
4,78,23.21090779776058
4,79,20.623645850867785
4,80,23.319187938133876
4,81,21.24253668477702
4,82,17.865589394745413
4,83,15.89897613948822
4,84,16.349339088614272
4,85,14.298503030696187
4,86,15.291766311905507
4,87,15.277508137543796
4,88,15.496169236280718
4,89,17.916363197928575
4,90,19.593591910448467
4,91,18.72938691861958
4,92,20.208404536641154
4,93,19.740358462916795
4,94,21.003086286591028
4,95,20.67794437004266
4,96,19.520153288997758
4,97,19.115083127237163
4,98,20.273459940215425
4,99,20.817363527025464
4,100,18.495983424811694
4,101,19.09043007746404
4,102,18.9459640853561
4,103,17.354630676393384
4,104,20.591697770244647
4,105,20.540963410707633
4,106,16.975233739573085
4,107,18.21199081720839
4,108,21.385090447829818
4,109,19.763705089653396
4,110,17.631857210376737
4,111,20.55479337225709
4,112,22.8991268478861
4,113,21.064884208600656
4,114,19.73433472187215
4,115,22.795660252008126
5,1,8.94340745818598
5,2,8.100751952721904
5,3,6.469886454256256
5,4,3.8163780420452764
5,6,3.812130012537897
5,7,6.237781048058104
5,8,10.015368995223474
5,9,13.179275274032438
5,10,14.302434152544445
5,11,11.01499728634283
5,12,10.921477927935106
5,13,13.49383336161014
5,14,11.808394723179594
5,15,8.242249465881306
5,16,9.304281269303116
5,17,13.097005497049656
5,18,14.15799753408982
5,19,12.862894519158123
5,20,14.647316409208154
5,21,16.087177030153697
5,22,14.16865288522216
5,23,10.821861152027791
5,24,10.496107176187202
5,25,9.541623602430622
5,26,10.29189266238728
5,27,12.07502442568892
5,28,12.70220643894378
5,29,14.457233626097782
5,30,16.059730302196087
5,31,19.196339291347957
5,32,18.30823334535342
5,33,20.627086672065722
5,34,22.346449418446973
5,35,23.18212044125335
5,36,22.987672532909702
5,37,26.36400846228105
5,38,28.491681664799522
5,39,26.340406531151466
5,40,29.412689476768072
5,41,28.930965576626242
5,42,26.02891866732661
5,43,25.590691090299554
5,44,23.896627538325298
5,45,26.113833112593777
5,46,25.11841062538152
5,47,23.53344988021386
5,48,22.07010028215772
5,49,18.535435860578676
5,50,16.820802221572674
5,51,14.017012946542879
5,52,14.839199715571949
5,53,11.295732139640311
5,54,11.22194508744063
5,55,14.440827109727884
5,56,14.500549952046946
5,57,11.5667795412343
5,58,14.008628323426711
5,59,16.8264870246931
5,60,12.640498001501223
5,61,8.84777134438462
5,62,7.264971999927584
5,63,4.7740952702884085
5,64,5.843179959095164
5,65,8.42299450591411
5,66,11.54182907192109
5,67,14.763602526173916
5,68,16.941912124119867
5,69,15.077652009795202
5,70,14.382552927901655
5,71,17.673050682940218
5,72,17.566844018097722
5,73,15.042338788362603
5,74,16.605575193523467
5,75,20.21145238196806
5,76,19.73311387779364
5,77,19.28897968680976
5,78,21.74659702019196
5,79,19.608145613929437
5,80,22.59353915707921
5,81,21.05916316510575
5,82,18.079305877070194
5,83,16.56789654845823
5,84,16.556035807066017
5,85,14.661687578218888
5,86,14.792658535733581
5,87,14.820083131431257
5,88,14.210543320927348
5,89,16.762319853828473
5,90,17.84019518205092
5,91,16.499097644347327
5,92,18.377310866669795
5,93,18.50557796325453
5,94,20.3589137785568
5,95,20.517325143238473
5,96,19.524401752365723
5,97,19.789160545239728
5,98,20.979883362212703
5,99,22.054143425495145
5,100,20.284663948615172
5,101,21.306913561041206
5,102,21.684849123756752
5,103,20.296974084305024
5,104,23.345491396069036
5,105,22.84231120797466
5,106,19.138651485356114
5,107,20.455259137416324
5,108,23.31222453571402
5,109,21.187339970113335
5,110,18.97525518815652
5,111,22.042535245636344
5,112,23.980723989036417
5,113,21.633097407449725
5,114,20.31996078527756
5,115,23.608911554867976
6,1,10.450195453661383
6,2,10.362322091250329
6,3,9.680456757055989
6,4,6.261455081682774
6,5,3.812130012537897
6,7,3.8168321103415046
6,8,7.202650672887516
6,9,10.688333406039435
6,10,12.382556123462845
6,11,9.734743535124478
6,12,10.159970066615692
6,13,13.428378539596899
6,14,12.318445624896624
6,15,9.316629677057788
6,16,10.620086095828825
6,17,14.079486597329229
6,18,15.708124704501977
6,19,15.23951537779187
6,20,17.58560020601041
6,21,18.930124007002192
6,22,16.858444348057983
6,23,13.208528817222419
6,24,12.205140990064521
6,25,10.062376160252771
6,26,10.204661035089462
6,27,10.765287481748897
6,28,10.963429376936874
6,29,11.88375629010042
6,30,13.758126412979642
6,31,16.88576238766267
6,32,16.685872328644045
6,33,19.11741615564258
6,34,20.29309977298941
6,35,21.04034877128761
6,36,20.52363004497621
6,37,23.833779654208474
6,38,25.78335441818703
6,39,23.44357778521867
6,40,26.56405461813301
6,41,26.442110882088095
6,42,23.633460327647246
6,43,23.39361794625847
6,44,21.69739845625584
6,45,24.275922497471136
6,46,23.731697994330478
6,47,22.600880219917116
6,48,21.575046180869965
6,49,17.901205265891086
6,50,16.94229959587713
6,51,14.389131896177883
6,52,16.0740729835264
6,53,12.939977031562131
6,54,13.219353130850772
6,55,16.74169062969971
6,56,17.057742157014303
6,57,14.607687997225261
6,58,17.182184149265858
6,59,19.954911831994135
6,60,16.043687772885395
6,61,12.230398990274898
6,62,9.905686024937454
6,63,6.480204413612201
6,64,5.2220852908968025
6,65,6.039358765443807
6,66,8.4718432881
6,67,11.711568637984412
6,68,13.501747743874898
6,69,11.373663278808575
6,70,11.013494096352918
6,71,14.528148792616637
6,72,14.80691896586858
6,73,12.823863800027892
6,74,14.54911647149122
6,75,18.08432945131876
6,76,18.101158836009382
6,77,18.18044380655033
6,78,20.321850373163247
6,79,18.119573893147347
6,80,20.833117245035588
6,81,19.356425596149826
6,82,16.558334325090282
6,83,15.537852562079996
6,84,15.977948784516663
6,85,14.93988780140899
6,86,15.182556429589654
6,87,16.090879605997642
6,88,15.605485380743657
6,89,18.66015024187129
6,90,19.696751408787705
6,91,17.700536565178687
6,92,19.297159148181766
6,93,19.337099931830565
6,94,21.61549852520583
6,95,21.487511612996663
6,96,19.959513544560636
6,97,20.154021100662423
6,98,20.703719187963664
6,99,21.645344946011306
6,100,20.184813190730925
6,101,21.826729497717583
6,102,22.616274752866556
6,103,21.826876226812093
6,104,25.040048640649427
6,105,24.231449696155728
6,106,20.67856136977416
6,107,22.55476879568331
6,108,25.192039126004595
6,109,22.851560466338146
6,110,21.136078960608117
6,111,24.492132377235997
6,112,26.122080300764154
6,113,23.81687993381727
6,114,22.983703223397477
6,115,26.4578300576525
7,1,14.133230539288881
7,2,13.8727010034386
7,3,12.67361185649517
7,4,9.470535756590287
7,5,6.237781048058104
7,6,3.8168321103415046
7,8,3.808460389212953
7,9,7.059123770067611
7,10,8.646300195191763
7,11,6.219638077935491
7,12,6.6769182550614605
7,13,10.170789938253755
7,14,9.638957477544876
7,15,7.353700848638523
7,16,8.814843750260371
7,17,11.671864730598179
7,18,13.58978121672467
7,19,14.012238158646692
7,20,16.984173097936864
7,21,18.383071338727383
7,22,16.594973542294365
7,23,12.918201291838438
7,24,12.193126178159643
7,25,9.822982437300164
7,26,10.87683305890261
7,27,10.684542561373373
7,28,11.82831611460916
7,29,12.63169927485794
7,30,15.325900098972953
7,31,17.932292674548997
7,32,17.995722794103415
7,33,19.886935527236016
7,34,20.516457239699413
7,35,20.566004974629116
7,36,19.427155708535143
7,37,22.380801709036895
7,38,24.686397332295407
7,39,22.699815282184044
7,40,26.091889905063724
7,41,26.276516631044103
7,42,23.86982096160132
7,43,24.21148252272726
7,44,22.989305051865056
7,45,25.899643095867006
7,46,25.39509428308572
7,47,24.734610423583746
7,48,23.57921114387091
7,49,20.067759624482708
7,50,19.24689977361862
7,51,17.196193972702503
7,52,18.774682536791687
7,53,15.525427257617444
7,54,16.3842588704159
7,55,19.661940528386403
7,56,19.402841891099147
7,57,16.937791870662043
7,58,19.850227421573322
7,59,22.291007402942352
7,60,17.158223251302626
7,61,13.402103593349624
7,62,11.196118486217104
7,63,7.446491277783611
7,64,6.557796335067805
7,65,5.80471340007817
7,66,8.339864119010983
7,67,10.552180206246996
7,68,12.753914496403768
7,69,10.334434609619944
7,70,8.869223857388272
7,71,12.219184103157549
7,72,11.73590714702017
7,73,9.79055654222155
7,74,12.199401544377679
7,75,15.40914709011158
7,76,15.041932198236692
7,77,15.601957231465107
7,78,18.032126466533068
7,79,16.39881140345199
7,80,19.35296735164897
7,81,18.552095926987406
7,82,16.354786249385224
7,83,15.845181508943506
7,84,15.6823185107804
7,85,14.894098522671634
7,86,14.297180031486329
7,87,15.361556242567412
7,88,14.280781567312316
7,89,17.44307102368733
7,90,18.01875596738871
7,91,15.47931225718351
7,92,17.142486630756114
7,93,17.62027187006048
7,94,20.405801306975814
7,95,20.628117858311388
7,96,19.24094846740906
7,97,20.065739250781796
7,98,20.629863888728334
7,99,22.1102496833612
7,100,21.27437033631255
7,101,23.22828833193062
7,102,24.51997441138082
7,103,23.939750317468175
7,104,26.891758444771856
7,105,25.619680791499718
7,106,22.04443354096965
7,107,24.001874069020214
7,108,26.240814226526332
7,109,23.471241977760346
7,110,21.844517635645975
7,111,25.293173506675284
7,112,26.442187492777574
7,113,23.788903569386747
7,114,23.176076504546
7,115,26.805644622678017
8,1,17.61819223653434
8,2,17.44200278816256
8,3,16.45721004269772
8,4,13.204699446715841
8,5,10.015368995223474
8,6,7.202650672887516
8,7,3.808460389212953
8,9,3.824603894182107
8,10,5.780551020415395
8,11,5.016861051616618
8,12,6.357836217336242
8,13,9.846447059095073
8,14,10.11454633489517
8,15,9.191149619501907
8,16,10.758885711326743
8,17,12.654666624696508
8,18,14.760316560546263
8,19,16.06015433016848
8,20,19.424318153637692
8,21,20.845495005061515
8,22,19.256883920597666
8,23,15.660718188440192
8,24,14.902207208024846
8,25,12.20355773245945
8,26,13.245477540926203
8,27,12.034838804003025
8,28,13.240584173388037
8,29,13.26391354657403
8,30,16.33274949839324
8,31,18.511700394218025
8,32,19.207676021940284
8,33,20.82275423915651
8,34,20.72780711804467
8,35,20.281067692519013
8,36,18.48370022447965
8,37,21.003767641674397
8,38,23.342259228994703
8,39,21.479183207285786
8,40,25.007354320774915
8,41,25.703513494564877
8,42,23.683886356497972
8,43,24.492823425001827
8,44,23.543136163514088
8,45,26.78635894356496
8,46,26.635920830826528
8,47,26.481597026610444
8,48,25.573956448153755
8,49,22.153132555898164
8,50,21.81201290399055
8,51,20.0931545285125
8,52,21.965149915284215
8,53,18.906515158952384
8,54,19.967301404583537
8,55,23.26737098728812
8,56,22.955891029629914
8,57,20.63404349421024
8,58,23.628657575569058
8,59,25.98127329723423
8,60,20.568711367056544
8,61,16.899978657950054
8,62,14.664965113439106
8,63,10.901761840447175
8,64,9.588565544115195
8,65,7.393925150869637
8,66,8.623312726225448
8,67,9.609179598566396
8,68,11.436229161491275
8,69,8.55725223613173
8,70,6.521413831917786
8,71,9.766979970231553
8,72,8.878190044098382
8,73,7.947323738997574
8,74,11.061498708613849
8,75,13.638226999554576
8,76,13.387218255098071
8,77,14.846035423669516
8,78,17.129233609831758
8,79,15.989442360284551
8,80,18.744613376075126
8,81,18.499470821982364
8,82,16.944165965527773
8,83,17.088184605804006
8,84,16.897601459914476
8,85,16.779149095331395
8,86,15.838435885154576
8,87,17.34240144714634
8,88,16.038529741837973
8,89,19.278256182924743
8,90,19.482230002973125
8,91,16.41759852010794
8,92,17.926554832902763
8,93,18.65889739579748
8,94,21.857846903484504
8,95,22.14300390312673
8,96,20.612705995686646
8,97,21.70808764079947
8,98,21.890921171709092
8,99,23.516353623377913
8,100,23.183770010315317
8,101,25.545620901844373
8,102,27.211241376719517
8,103,26.987104449292342
8,104,29.877800397459055
8,105,28.305236547380833
8,106,24.85537638669057
8,107,27.041237916096563
8,108,28.992806752466105
8,109,25.990228889392856
8,110,24.64325429900169
8,111,28.181603074388025
8,112,28.966821764535695
8,113,26.20701256028215
8,114,25.890940352623005
8,115,29.600173775980476
9,1,20.9552679706339
9,2,20.926498574997694
9,3,19.57809992184994
9,4,16.34919571901417
9,5,13.179275274032438
9,6,10.688333406039435
9,7,7.059123770067611
9,8,3.824603894182107
9,10,3.817032187595352
9,11,5.481570909064891
9,12,5.8257885549140696
9,13,8.811624317678943
9,14,10.405672458873324
9,15,10.476774801476308
9,16,11.364787965068961
9,17,12.135518685776608
9,18,14.627730382508917
9,19,16.674325676391298
9,20,20.273522442849664
9,21,21.408156040236037
9,22,19.947545453157574
9,23,16.558659622244814
9,24,15.803685125682069
9,25,13.075375064980223
9,26,14.487621273169427
9,27,12.71428516696417
9,28,14.538785175179056
9,29,14.55431643898062
9,30,18.05255329320327
9,31,19.577831796076218
9,32,20.372797939962293
9,33,21.363923965807388
9,34,20.77107119155072
9,35,19.624053730593722
9,36,17.283271047404234
9,37,19.264738048269145
9,38,21.933504066986266
9,39,20.595521617222953
9,40,24.265264110585388
9,41,25.176969196965555
9,42,23.649654971381356
9,43,25.003039966227135
9,44,24.595107015219277
9,45,27.99997992304616
9,46,27.813526642487624
9,47,28.08777540553799
9,48,27.04877301466533
9,49,23.900816374732194
9,50,23.68536552079088
9,51,22.46592513551284
9,52,24.236128423046974
9,53,21.238492441962293
9,54,22.78176182107361
9,55,25.849589276116255
9,56,25.125458011049638
9,57,22.99925033698358
9,58,26.248030653569735
9,59,28.24869877977226
9,60,22.291873160068135
9,61,18.86435254835454
9,62,16.62678292588257
9,63,13.047117765078859
9,64,11.891029581005112
9,65,9.220477688464639
9,66,10.077150132083476
9,67,9.601821022013647
9,68,11.71073492738068
9,69,9.370667311180352
9,70,6.137681304226005
9,71,8.044271953108204
9,72,5.869045123179271
9,73,5.412924215923024
9,74,9.111677368541217
9,75,10.867352864068867
9,76,10.277512881742181
9,77,12.408282357632087
9,78,14.725744714706645
9,79,14.324936538774349
9,80,17.088670597142933
9,81,17.603800350230397
9,82,16.81533718833291
9,83,17.46417837558496
9,84,16.779095530168306
9,85,17.051027707984236
9,86,15.534786564798086
9,87,17.280779571499863
9,88,15.76679040539787
9,89,18.984700788187492
9,90,18.931708440038538
9,91,15.45344340904832
9,92,16.591867847886725
9,93,17.51349834321984
9,94,21.02920731069494
9,95,21.46025404903712
9,96,19.995296161334448
9,97,21.548961238644484
9,98,21.624460997417717
9,99,23.643134807316173
9,100,23.919149993209665
9,101,26.511722941720794
9,102,28.60647006172023
9,103,28.649259760697962
9,104,31.26881300032386
9,105,29.288441844083145
9,106,25.96922998512321
9,107,28.263320453642187
9,108,29.777658645264026
9,109,26.485844172516508
9,110,25.40524568686226
9,111,28.96705972526949
9,112,29.256879784813883
9,113,26.366539252003676
9,114,26.421263868176645
9,115,30.18180180439869
10,1,22.733558140878262
10,2,22.090258593374983
10,3,20.673600679630386
10,4,17.87797468023146
10,5,14.302434152544445
10,6,12.382556123462845
10,7,8.646300195191763
10,8,5.780551020415395
10,9,3.817032187595352
10,11,3.829064363797395
10,12,5.567374447278224
10,13,7.10392108961986
10,14,8.375135151862048
10,15,9.737971860884834
10,16,11.371380554726718
10,17,11.55437496159459
10,18,13.241228669993033
10,19,15.763327033501147
10,20,19.531370534982102
10,21,21.15640827917826
10,22,20.364130777702336
10,23,17.309862990149185
10,24,17.380331226664985
10,25,15.288405329987906
10,26,17.280078799463706
10,27,16.013875021829953
10,28,18.012742822430024
10,29,18.204083772046438
10,30,21.594911988339334
10,31,23.307871381569758
10,32,24.011912462839355
10,33,25.04985619807192
10,34,24.554503249715378
10,35,23.326239500323528
10,36,20.892544516905573
10,37,22.639847444042164
10,38,25.417511883201175
10,39,24.226658690640956
10,40,27.907876231893376
10,41,28.9178938579727
10,42,27.457259824871976
10,43,28.81304757438488
10,44,28.33785641312386
10,45,31.7171010040235
10,46,31.495637666131305
10,47,31.607648234749238
10,48,30.468415267155923
10,49,27.25254771371606
10,50,26.760906225799186
10,51,25.283919918982154
10,52,26.788294298379405
10,53,23.515688940736965
10,54,24.779021083808612
10,55,27.80126392549551
10,56,26.954334379039665
10,57,24.444647444444392
10,58,27.533807381868577
10,59,29.602402279213447
10,60,22.978609255854735
10,61,19.658454526696115
10,62,18.08256565971472
10,63,14.705919859966265
10,64,14.35584376749357
10,65,12.334948065106133
10,66,13.635036999287005
10,67,13.412968644370448
10,68,15.350205229224235
10,69,12.668747500122723
10,70,9.765713539237003
10,71,11.505796678101762
10,72,8.75962774966761
10,73,8.514296585734803
10,74,12.32249963343054
10,75,13.576246565839778
10,76,12.136095439860176
10,77,14.461249560766761
10,78,17.228935232540575
10,79,17.36667834677729
10,80,20.322320105126504
10,81,21.10725707156141
10,82,20.380481571425435
10,83,20.88583249749221
10,84,19.871140335852875
10,85,19.694074517313762
10,86,17.716515850400967
10,87,18.826360714644135
10,88,16.60777098635725
10,89,19.313298792434534
10,90,18.50718137455142
10,91,15.054821251754726
10,92,16.851906395028195
10,93,18.550988869565074
10,94,22.16260838546306
10,95,23.196712314080287
10,96,22.272466093175403
10,97,24.20026657183297
10,98,24.672710767038815
10,99,26.920924673611243
10,100,27.145526850067462
10,101,29.514440726632223
10,102,31.46728616503744
10,103,31.185282079958398
10,104,33.713041942857025
10,105,31.827250758318527
10,106,28.365140316351884
10,107,30.31448261964241
10,108,31.87761160488953
10,109,28.557746421840726
10,110,27.11070589957358
10,111,30.472496190731306
10,112,30.77205549520695
10,113,27.59566521033955
10,114,27.30088186001915
10,115,30.953232573118004
11,1,19.741099717116573
11,2,18.762455741458783
11,3,17.230944675727493
11,4,14.73922034290943
11,5,11.01499728634283
11,6,9.734743535124478
11,7,6.219638077935491
11,8,5.016861051616618
11,9,5.481570909064891
11,10,3.829064363797395
11,12,3.8246841391684536
11,13,5.796835456502295
11,14,5.561292522143212
11,15,6.229633600904686
11,16,8.587925354490391
11,17,9.652855951941588
11,18,10.911454682716194
11,19,12.834184290440003
11,20,16.484103522927594
11,21,18.401238588929132
11,22,17.67417449925136
11,23,14.591124911662941
11,24,15.039786007442498
11,25,13.381716574246054
11,26,15.588578553256205
11,27,15.122703692166324
11,28,17.09154576669984
11,29,17.78424146029105
11,30,20.91299835170935
11,31,23.07977011996867
11,32,23.34985106621057
11,33,24.70470321682202
11,34,24.81008349268633
11,35,24.038864149086816
11,36,22.12260599025615
11,37,24.355675421311563
11,38,27.103967450037057
11,39,25.675166078807074
11,40,29.304064236679256
11,41,29.923767379485962
11,42,28.060198510092338
11,43,28.992163307186008
11,44,28.19768072530534
11,45,31.34272231523721
11,46,30.878396465247654
11,47,30.526792379457866
11,48,29.215759249047572
11,49,25.871855316248254
11,50,24.96902057262331
11,51,23.135918309095402
11,52,24.361747158487926
11,53,20.885913784519683
11,54,21.84400239857341
11,55,24.82993359257376
11,56,24.028074568750796
11,57,21.255943574216985
11,58,24.174388951194608
11,59,26.371081750356037
11,60,19.734683267757692
11,61,16.350970019629635
11,62,15.111922159447923
11,63,11.867472061009673
11,64,12.145635783538507
11,65,11.053423591851347
11,66,13.197766638237246
11,67,13.991558764188424
11,68,16.21460892132301
11,69,13.447243943773506
11,70,10.924855862704296
11,71,13.423239884761333
11,72,11.232793013327564
11,73,9.891558531915425
11,74,13.403697797350887
11,75,15.477956119466285
11,76,13.948109129933908
11,77,15.427233131177033
11,78,18.47962714467121
11,79,18.113664301193403
11,80,21.351238982690486
11,81,21.617813928730182
11,82,20.281473935271038
11,83,20.24284339409227
11,84,19.228194421939993
11,85,18.4074374191512
11,86,16.577378888643043
11,87,17.15650683254615
11,88,14.834014879044117
11,89,17.402114625784645
11,90,16.686068859032957
11,91,13.655746109321704
11,92,15.96440380698602
11,93,17.671928150554265
11,94,21.00200957605342
11,95,22.147157680894058
11,96,21.448164220785284
11,97,23.22397983666588
11,98,24.098637594481847
11,99,26.255127401623884
11,100,26.012234426665614
11,101,28.007889401849198
11,102,29.59037152859986
11,103,28.91593750066081
11,104,31.497136612516737
11,105,29.923162978711265
11,106,26.300097781698707
11,107,27.957776152930503
11,108,29.821615710149892
11,109,26.69887974493207
11,110,24.87332089662144
11,111,28.11509037360668
11,112,28.784093354894107
11,113,25.594490883977457
11,114,24.881736943475463
11,115,28.459237738268474
12,1,19.581099207828757
12,2,18.99539774958469
12,3,16.83160137447555
12,4,14.326235252678197
12,5,10.921477927935106
12,6,10.159970066615692
12,7,6.6769182550614605
12,8,6.357836217336242
12,9,5.8257885549140696
12,10,5.567374447278224
12,11,3.8246841391684536
12,13,3.8242400679885162
12,14,5.422960579159546
12,15,5.382247831855974
12,16,5.9129554353803915
12,17,6.549229107319195
12,18,8.865242586875445
12,19,10.889936579832673
12,20,14.54929374036908
12,21,15.828104855865108
12,22,14.818108066053242
12,23,11.768163674625411
12,24,12.080993841040547
12,25,10.567295585714245
12,26,13.271446049756202
12,27,12.946075533871417
12,28,15.58305753629988
12,29,16.90870699296543
12,30,20.26334825861927
12,31,22.088434969738586
12,32,21.899993927398565
12,33,22.807847426887605
12,34,23.07296929843516
12,35,22.07993389981258
12,36,20.332386329616117
12,37,22.568175835023144
12,38,25.59819985468235
12,39,24.52905424593121
12,40,28.170600928913878
12,41,28.441322990671953
12,42,26.669931562268506
12,43,27.721509678514632
12,44,27.26654206586336
12,45,30.297337782448796
12,46,29.449205307551996
12,47,29.150577574635182
12,48,27.46329885818243
12,49,24.376199429032113
12,50,23.25236607965827
12,51,21.830437825842804
12,52,22.72596827535525
12,53,19.259364255639092
12,54,20.782578065106136
12,55,23.41080131283611
12,56,22.119336410460832
12,57,19.629501238308716
12,58,22.87002529259461
12,59,24.60695481503611
12,60,17.66036694940397
12,61,14.53006601285614
12,62,13.122206882273504
12,63,10.179579177505152
12,64,10.834478549928622
12,65,9.951432015604647
12,66,12.61084546665493
12,67,13.129562881015465
12,68,16.06741527626622
12,69,14.061125573890838
12,70,10.978600377108837
12,71,12.873511908580124
12,72,10.474974395595632
12,73,8.030260801138649
12,74,11.091832327282134
12,75,13.29148452293556
12,76,11.343049571515374
12,77,12.200917569582494
12,78,15.508514941476774
12,79,15.25056509154732
12,80,18.747884676337407
12,81,19.158850919174913
12,82,17.959171614231476
12,83,17.858212086793756
12,84,16.306507529689604
12,85,15.317416969722052
12,86,13.091979854585931
12,87,13.622011800868982
12,88,11.255939162708966
12,89,13.99045628145132
12,90,13.55167729025728
12,91,10.326460569537407
12,92,12.289858840325568
12,93,13.861539683042185
12,94,17.240180014381924
12,95,18.422511647699423
12,96,17.868824954408304
12,97,19.905232951726514
12,98,21.00929201650137
12,99,23.469420828409003
12,100,23.465277605367085
12,101,25.39240545844861
12,102,27.188516763799036
12,103,26.593970543120673
12,104,28.89929260906232
12,105,27.064293151640133
12,106,23.508207513856455
12,107,25.17055028446213
12,108,26.734332040334774
12,109,23.45033697761014
12,110,21.762609776504963
12,111,25.02553842322295
12,112,25.407056178414084
12,113,22.182397503850265
12,114,21.7534628040566
12,115,25.40087052226893
13,1,22.296780031372244
13,2,21.30742083325938
13,3,18.863324412664085
13,4,16.92291565054756
13,5,13.49383336161014
13,6,13.428378539596899
13,7,10.170789938253755
13,8,9.846447059095073
13,9,8.811624317678943
13,10,7.10392108961986
13,11,5.796835456502295
13,12,3.8242400679885162
13,14,3.8295189674241965
13,15,5.94699253255405
13,16,6.3239264762896665
13,17,4.9793078632603756
13,18,6.329894366360082
13,19,9.375695784597221
13,20,13.17920166686975
13,21,14.690985537319936
13,22,14.553313724197974
13,23,12.279766398652896
13,24,13.549667775243174
13,25,12.948360429411101
13,26,16.154049696875912
13,27,16.16425776095683
13,28,19.08152198044853
13,29,20.618428344236616
13,30,23.992870354677017
13,31,25.73540786445339
13,32,25.374885859533265
13,33,26.059516510134
13,34,26.353856945635577
13,35,25.110232091439922
13,36,23.260220948393428
13,37,25.193496935730238
13,38,28.440792030624664
13,39,27.69743932665931
13,40,31.367440960737962
13,41,31.631763595351828
13,42,30.03574427660644
13,43,31.215956382408375
13,44,30.908721221451664
13,45,33.89482615405243
13,46,32.88647770488752
13,47,32.540852752646956
13,48,30.6332433716352
13,49,27.66857792495473
13,50,26.27519812572856
13,51,24.88245754896355
13,52,25.376257892075166
13,53,21.776990189548872
13,54,23.259969623515303
13,55,25.582356174324392
13,56,23.93305474824569
13,57,21.278029415228975
13,58,24.406337589272873
13,59,25.901365923514575
13,60,18.193545208669335
13,61,15.55367324354639
13,62,14.962444022190697
13,63,12.686613944323973
13,64,14.096814949178084
13,65,13.635965690867405
13,66,16.397695027096674
13,67,16.716834697233324
13,68,19.69758259741245
13,69,17.69084371274282
13,70,14.472235111625311
13,71,15.960618253048407
13,72,13.02209180946246
13,73,10.773857445864012
13,74,13.719549293535515
13,75,15.289320632247176
13,76,12.545067181635321
13,77,13.376515401684875
13,78,17.020931560909965
13,79,17.437094690455112
13,80,21.062347560982158
13,81,21.882961297667926
13,82,20.961734920694195
13,83,20.835073803723038
13,84,18.79831853545092
13,85,17.471843294892846
13,86,14.66581481457335
13,87,14.443076366488897
13,88,11.301038052589504
13,89,13.14931949534576
13,90,11.700212648944714
13,91,8.486510123640008
13,92,11.132744939775966
13,93,13.659584988478716
13,94,17.046256656739907
13,95,18.96049911934813
13,96,19.125079158770554
13,97,21.66072612422959
13,98,23.18494378117484
13,99,25.977859815254437
13,100,26.12534682280256
13,101,27.809637808744153
13,102,29.584112574317302
13,103,28.755521136774494
13,104,30.751854756840057
13,105,28.87736348391013
13,106,25.32140790194849
13,107,26.58440937846005
13,108,27.950123164582312
13,109,24.60707649946266
13,110,22.67261586032053
13,111,25.610440434641117
13,112,25.770845786884003
13,113,22.25804809964663
13,114,21.61538710044205
13,115,25.071079755406082
14,1,20.65719606061169
14,2,19.0996461059876
14,3,16.84807072243732
14,4,15.38151569495347
14,5,11.808394723179594
14,6,12.318445624896624
14,7,9.638957477544876
14,8,10.11454633489517
14,9,10.405672458873324
14,10,8.375135151862048
14,11,5.561292522143212
14,12,5.422960579159546
14,13,3.8295189674241965
14,15,3.82108291748589
14,16,6.203222532904764
14,17,6.399768194478385
14,18,5.936851836445458
14,19,8.094397623659336
14,20,11.791534838415032
14,21,14.158877250794195
14,22,14.396138414795182
14,23,12.181881558617075
14,24,13.997540586894434
14,25,13.788980044689835
14,26,16.878332402272022
14,27,17.44842470689021
14,28,19.957052920716478
14,29,21.499528142266108
14,30,24.52710923664695
14,31,26.75063806279878
14,32,26.33155567347028
14,33,27.486687362439092
14,34,28.115374283384355
14,35,27.319847760802148
14,36,25.71821186750728
14,37,27.968241840231514
14,38,31.02020900815797
14,39,29.903675017632725
14,40,33.52985398094915
14,41,33.741986383696585
14,42,31.82192859963074
14,43,32.63649580154455
14,44,31.91502675565272
14,45,34.77967081305024
14,46,33.81151103419107
14,47,33.08430675397702
14,48,31.258127959944506
14,49,28.07770253705054
14,50,26.473284612032234
14,51,24.578701527236177
14,52,24.971168047097375
14,53,21.210536623634898
14,54,22.09037853774621
14,55,24.51120792720373
14,56,23.146261746603724
14,57,20.07213819241107
14,58,22.815223976154595
14,59,24.66050901648527
14,60,17.02571734565749
14,61,14.260279385271469
14,62,14.265070698450936
14,63,12.13002116485079
14,64,13.99428934583864
14,65,14.20626985565013
14,66,17.207766716241814
14,67,18.272272446999782
14,68,21.007833939940074
14,69,18.58102051153281
14,70,15.894739121947824
14,71,18.089732550055732
14,72,15.560332654562092
14,73,13.406887268450681
14,74,16.442059132106102
14,75,18.471722306483727
14,76,16.059031328088963
14,77,16.73716432698509
14,78,20.322173515543984
14,79,20.278193941594182
14,80,23.906102193671256
14,81,24.26807037647146
14,82,22.84177165630738
14,83,22.35482535695315
14,84,20.642818773756737
14,85,18.91304565786107
14,86,16.50991980128095
14,87,15.843251043040535
14,88,12.708029931372717
14,89,14.216301744177288
14,90,12.678775097297141
14,91,10.30814556434913
14,92,13.542571328109968
14,93,16.015542820175135
14,94,19.00970239118778
14,95,20.96218659421482
14,96,21.223148429181542
14,97,23.442650265519116
14,98,25.14152961515895
14,99,27.66579847555772
14,100,27.307945326533012
14,101,28.707637355336548
14,102,30.035648654049982
14,103,28.810346273631662
14,104,30.982808864473796
14,105,29.543528279416137
14,106,25.827138930090886
14,107,26.788714984676293
14,108,28.588572765303805
14,109,25.539291353501934
14,110,23.17080312199474
14,111,25.940341747034616
14,112,26.613646096463548
14,113,23.12260997940343
14,114,21.876328594465125
14,115,25.175509251477614
15,1,16.99364158894065
15,2,15.607547570249455
15,3,13.181341761110192
15,4,11.66905913459497
15,5,8.242249465881306
15,6,9.316629677057788
15,7,7.353700848638523
15,8,9.191149619501907
15,9,10.476774801476308
15,10,9.737971860884834
15,11,6.229633600904686
15,12,5.382247831855974
15,13,5.94699253255405
15,14,3.82108291748589
15,16,3.814593690831748
15,17,6.2929502288445285
15,18,6.676775897715386
15,19,7.145922848081906
15,20,10.513179301739415
15,21,12.628256428268315
15,22,12.127575593953527
15,23,9.381113018165719
15,24,10.934862800687148
15,25,10.772659250625253
15,26,13.70282299183488
15,27,14.772416583746883
15,28,17.090938303834523
15,29,18.93740686518598
15,30,21.70555204622452
15,31,24.115093289885625
15,32,23.406393264476144
15,33,24.76357569619617
15,34,25.787807744813534
15,35,25.40268242969329
15,36,24.260112196125167
15,37,26.904942406013767
15,38,29.796686752445552
15,39,28.448495242380204
15,40,31.95712269560902
15,41,31.857769701047047
15,42,29.64756409196483
15,43,30.133460758249203
15,44,29.222985941964613
15,45,31.882176406956326
15,46,30.76922335594448
15,47,29.789943962576686
15,48,27.910127652911424
15,49,24.69928295774429
15,50,22.93087669562582
15,51,20.909540090959595
15,52,21.222984071766778
15,53,17.44257529669959
15,54,18.270968054662386
15,55,20.716821739292058
15,56,19.467151687017807
15,57,16.391642137042208
15,58,19.191774621343875
15,59,21.143974740121966
15,60,13.91672952074561
15,61,10.80830668069532
15,62,10.588191109469271
15,63,8.449679690411406
15,64,10.645786143443921
15,65,11.560882257486975
15,66,14.937732064906129
15,67,16.60268002753418
15,68,19.455134622031864
15,69,17.26127360199496
