1,2,3.8068607078545726
1,3,7.194509052333277
1,4,10.463317688617478
1,5,11.632507999284131
1,6,8.875706429291883
1,7,11.22222490485406
1,8,11.428194963683492
1,9,15.160148304264712
1,10,16.59916015805819
1,11,17.255213934930477
1,12,18.876183932852616
1,13,21.62458406364318
1,14,21.811149082751932
1,15,22.06979174537736
1,16,20.23400881235976
1,17,16.98842556706424
1,18,15.623884553512113
1,19,15.286701447728317
1,20,14.344219441988962
1,21,16.947757350200195
1,22,17.065682692402092
1,23,19.76500026343012
1,24,17.246828770382383
1,25,18.936570113318215
1,26,17.502645738881775
1,27,19.407973315068922
1,28,20.05350992277361
1,29,21.673631704056966
1,30,23.198331700732382
1,31,22.073603615395715
1,32,24.629501447421212
1,33,27.834227767710853
1,34,27.25491756054971
1,35,29.15154163281482
1,36,28.995217629707053
1,37,31.620760325369698
1,38,31.633192591078164
1,39,28.351829998003982
1,40,27.142989308926197
1,41,26.433332699505623
1,42,28.79127830310505
1,43,30.05713624591019
1,44,31.71458680833284
1,45,33.80472867457381
1,46,35.04099765199275
1,47,32.121087829551044
1,48,34.42744392033598
1,49,33.1612988173837
1,50,35.91574378859761
1,51,34.686582172266505
1,52,31.48665399765895
1,53,30.478096793451797
1,54,29.736965244811568
1,55,26.66433148057934
1,56,25.188140188445864
1,57,23.750315623180036
1,58,26.659197801084616
1,59,25.83719267209586
1,60,25.551708992401554
1,61,28.610414306013762
1,62,29.462187231485483
1,63,31.553219800868845
1,64,32.80070288562753
1,65,33.96956290721212
1,66,36.76917318872666
1,67,35.98104065420303
1,68,38.836313511897146
1,69,38.340257933941345
1,70,40.089098391994646
1,71,36.54465583338879
1,72,34.33239968074087
1,73,31.14863965255534
1,74,28.971218051211086
1,75,26.890950728088555
1,76,25.095832200443084
1,77,24.502449780191466
1,78,23.14777642123286
1,79,26.235165561263134
1,80,24.978072370736662
1,81,24.962347433317507
1,82,21.297117399651334
1,83,19.42827732874708
1,84,17.402825581979123
1,85,17.643556320159178
1,86,15.392992051523436
1,87,16.552935973369518
1,88,19.257825865952004
1,89,20.572613985522054
1,90,20.694648197805762
1,91,19.00842573821561
1,92,18.756722149520677
1,93,16.61002106998864
1,94,18.60708076501758
1,95,19.996664127997853
1,96,23.504062121416997
2,1,3.8068607078545726
2,3,3.8024107459715912
2,4,6.8137244460847555
2,5,7.904621967411618
2,6,5.423444975801052
2,7,8.247052022391337
2,8,9.125057997770742
2,9,12.897019100374179
2,10,14.28262046911399
2,11,15.48009641303274
2,12,16.78412808730329
2,13,19.83566114975338
2,14,20.478406409906405
2,15,20.555853021689792
2,16,18.201115020379365
2,17,14.701150973673647
2,18,12.837807997700487
2,19,11.925287042544884
2,20,10.690478699528235
2,21,13.155893712498283
2,22,13.357239869874947
2,23,16.14753093754917
2,24,13.791097229955698
2,25,15.431069772557318
2,26,14.143918547600782
2,27,16.11723597967917
2,28,17.159193572911956
2,29,18.88529180366762
2,30,20.828409890716927
2,31,20.035926591567748
2,32,22.62579294612362
2,33,26.007692875234167
2,34,25.33498563282068
2,35,26.903014716604304
2,36,26.577807776783768
2,37,29.37830097445759
2,38,29.309686929473493
2,39,26.11673117989481
2,40,25.167529287217096
2,41,24.465618609091827
2,42,27.088799673509477
2,43,28.476299045773224
2,44,29.85318035157257
2,45,32.1376314366854
2,46,33.04727091275894
2,47,29.933626939361837
2,48,32.05723344037616
2,49,30.591246050863564
2,50,33.13833931506979
2,51,31.860450718726945
2,52,28.51661706597975
2,53,27.597535985349833
2,54,27.182773394133662
2,55,23.998118095035554
2,56,22.413110158890017
2,57,20.635522074805287
2,58,23.34669492993367
2,59,22.612361403405465
2,60,22.665660859911966
2,61,25.93680030227086
2,62,26.948223847096248
2,63,29.34614009075444
2,64,30.805849938577282
2,65,32.33500273061493
2,66,35.23628288244683
2,67,34.73363618846336
2,68,37.799407821336274
2,69,37.26434439506409
2,70,38.69020068781306
2,71,35.03325139098443
2,72,32.635535075369525
2,73,29.55741277646248
2,74,27.07465950017585
2,75,24.97587297050655
2,76,22.81249783930888
2,77,22.157858240018314
2,78,20.47463000766575
2,79,23.51485115581957
2,80,22.06438618008822
2,81,22.314000845285737
2,82,18.736294026286384
2,83,16.646502961349533
2,84,14.96192561600641
2,85,15.276485833903592
2,86,12.899272933875793
2,87,14.492244815284318
2,88,17.375638157161074
2,89,18.111155810983146
2,90,17.978834636309113
2,91,15.909857150496705
2,92,15.617494735186138
2,93,13.32978447619326
2,94,15.28524308470808
2,95,16.802164018483204
2,96,20.44223495058648
3,1,7.194509052333277
3,2,3.8024107459715912
3,4,3.8049076692740442
3,5,5.248961437574977
3,6,4.743648488055743
3,7,8.419787171160092
3,8,10.42345673261148
3,9,13.91400302514843
3,10,14.956158076436237
3,11,16.489595748774775
3,12,17.09222773981444
3,13,20.175138889072446
3,14,20.97710337205907
3,15,20.503892959234637
3,16,17.761634688597486
3,17,14.025026376998047
3,18,12.078984629406117
3,19,10.185510035497122
3,20,8.934949273103586
3,21,10.722398470414822
3,22,10.908669074845188
3,23,14.202258880682404
3,24,12.590062699395277
3,25,14.15351404695171
3,26,13.134321655377786
3,27,14.808399161708357
3,28,16.184455471154994
3,29,17.55183860668011
3,30,19.759405761134563
3,31,18.96511031889527
3,32,21.19819481801845
3,33,24.801495439990056
3,34,24.408516072562946
3,35,25.82220064875116
3,36,25.635990061877845
3,37,28.74445724599376
3,38,28.856725647924254
3,39,25.940579929355106
3,40,25.059740043741012
3,41,24.054048918346002
3,42,26.716379265000395
3,43,27.904329490006887
3,44,28.816170193734628
3,45,31.043292250414755
3,46,31.54531154732556
3,47,28.2081371254599
3,48,29.967370289770653
3,49,28.151774955877155
3,50,30.60519062247294
3,51,29.56394154744182
3,52,26.17527443289196
3,53,25.018542902057526
3,54,24.960452605728868
3,55,21.90050844558157
3,56,19.896383298760256
3,57,17.789397559605312
3,58,20.256131931205065
3,59,19.225932406471486
3,60,19.49070263128894
3,61,22.85461755721221
3,62,24.208074484971252
3,63,26.773356876709833
3,64,28.576732735114764
3,65,30.35669114859355
3,66,33.45794270273834
3,67,33.33529423021299
3,68,36.60202019872208
3,69,36.27177259594113
3,70,37.42948535866106
3,71,33.730782057081676
3,72,31.041725495167753
3,73,27.93914474808423
3,74,25.13881184412576
3,75,22.777544945172707
3,76,20.242269514058496
3,77,19.21967459641087
3,78,17.17871456923562
3,79,20.029390532452823
3,80,18.37597330612858
3,81,18.61951919144905
3,82,15.080112218966221
3,83,13.000231255387371
3,84,11.694776092785002
3,85,12.493097372461179
3,86,10.583277820052082
3,87,12.994572650272962
3,88,15.536559881160372
3,89,15.636125898848782
3,90,15.764413211390892
3,91,13.206085658169885
3,92,12.32962268085877
3,93,9.693832934229743
3,94,11.505737800768228
3,95,13.122416619976857
3,96,16.73241007111996
4,1,10.463317688617478
4,2,6.8137244460847555
4,3,3.8049076692740442
4,5,3.8010303648693937
4,6,5.5199295697020805
4,7,8.366227480931165
4,8,10.382956693250412
4,9,13.267356691410658
4,10,14.532372808127072
4,11,16.785841342081234
4,12,17.25367406468839
4,13,20.605547913694213
4,14,21.987762409481757
4,15,21.54005001664732
4,16,18.358543067027878
4,17,14.647926981854924
4,18,12.033982691986639
4,19,9.241677435916671
4,20,6.95619297905626
4,21,7.63711175245957
4,22,7.198192848020847
4,23,10.636399945805445
4,24,9.56641283090145
4,25,11.456003788136341
4,26,11.272193125331377
4,27,13.291913067921762
4,28,15.466739486921883
4,29,17.106843023678778
4,30,19.87103100140297
4,31,19.656319199555806
4,32,21.87510697149978
4,33,25.53398442377689
4,34,24.961218998215315
4,35,25.857089661298136
4,36,25.332902699442975
4,37,28.503105216553248
4,38,28.354367236926056
4,39,25.542390687683127
4,40,25.149808382593527
4,41,24.36142711947993
4,42,27.311713455161453
4,43,28.706150821726894
4,44,29.331521809420785
4,45,31.777859878753585
4,46,31.90077745367352
4,47,28.404487390611386
4,48,29.88444800812932
4,49,27.81343807152389
4,50,29.888159124996374
4,51,28.780390655688212
4,52,25.21432074950323
4,53,24.252303307686702
4,54,24.73735053355787
4,55,21.59927265138737
4,56,19.49166642014247
4,57,16.80786444690626
4,58,18.70556585630174
4,59,17.75274946107129
4,60,18.742534925851103
4,61,22.3572293116312
4,62,24.010563525620864
4,63,26.944836773665532
4,64,29.020138712109567
4,65,31.19873478803697
4,66,34.36148771587607
4,67,34.55407147487854
4,68,37.97653458005765
4,69,37.59278243477259
4,70,38.3951547357537
4,71,34.63484972010975
4,72,31.804210089145304
4,73,28.90576360946
4,74,25.822155650014512
4,75,23.496024685798428
4,76,20.540276216668058
4,77,19.353251273558282
4,78,16.771439045845277
4,79,19.268488718925347
4,80,17.12070403620374
4,81,17.537140397734035
4,82,14.229226867109064
4,83,12.247113027133935
4,84,11.98019278812457
4,85,13.128227346948373
4,86,11.424617233559824
4,87,14.209545863592204
4,88,16.729737180863268
4,89,15.972143029072953
4,90,15.71522217175133
4,91,12.576008504842903
4,92,11.449885058749727
4,93,8.348563275862624
4,94,9.328389252576303
4,95,10.574011628324769
4,96,14.37444378229228
5,1,11.632507999284131
5,2,7.904621967411618
5,3,5.248961437574977
5,4,3.8010303648693937
5,6,3.782570736710633
5,7,6.1417386693255125
5,8,9.224210857009439
5,9,11.78183440372746
5,10,12.118383980408893
5,11,14.078356747100901
5,12,13.978543524060285
5,13,17.187579911035897
5,14,18.598203946438655
5,15,17.996282544789675
5,16,14.695676302330588
5,17,11.018367183799755
5,18,8.409562693925539
5,19,5.501077251619363
5,20,4.104316418531798
5,21,5.940024207136049
5,22,7.485107623486726
5,23,10.549647787659044
5,24,9.227032564037346
5,25,9.801210293957569
5,26,8.6275161676531
5,27,9.959110686274673
5,28,11.813937590890053
5,29,13.313423999694555
5,30,16.085799549935523
5,31,16.02504520064575
5,32,18.37207969301325
5,33,21.97294755968911
5,34,21.251278082415883
5,35,22.066501591791816
5,36,21.545510152750616
5,37,24.746727461051115
5,38,24.716618365710733
5,39,22.005954833634398
5,40,21.51069698091801
5,41,20.624044578175244
5,42,23.590173846449254
5,43,25.026287275680197
5,44,25.63540609504854
5,45,28.18762675266095
5,46,28.324675777548293
5,47,24.871546380759185
5,48,26.498151185290173
5,49,24.628238636428215
5,50,26.690071288468385
5,51,25.370599054185544
5,52,21.804384654411415
5,53,21.04950236267941
5,54,21.369940592754904
5,55,18.08636734489265
5,56,16.280628821935803
5,57,13.78230995699098
5,58,16.007025457214105
5,59,15.603664774818219
5,60,16.381279003350702
5,61,20.006038847486963
5,62,21.256483878921152
5,63,24.249157757996677
5,64,26.089482731968495
5,65,28.344895875299073
5,66,31.357819194514235
5,67,31.48339255639369
5,68,34.900074352858354
5,69,34.327018022781964
5,70,35.03049175987379
5,71,31.245010217783864
5,72,28.506462809552648
5,73,25.77116620280811
5,74,22.72906123701119
5,75,20.724634931846673
5,76,17.868007213608827
5,77,17.23444184433757
5,78,14.988068712841601
5,79,17.876024460865256
5,80,16.262629771070987
5,81,17.451981565238864
5,82,14.501033261869148
5,83,11.699360057433882
5,84,10.923956987597359
5,85,11.045265857142226
5,86,8.67484368866258
5,87,11.08771864460158
5,88,13.906409424475822
5,89,13.095613110807086
5,90,12.30494859071338
5,91,9.373772419113163
5,92,9.170097437642616
5,93,7.107145145396273
5,94,9.29454035627792
5,95,11.682263085594775
5,96,15.326450301692017
6,1,8.875706429291883
6,2,5.423444975801052
6,3,4.743648488055743
6,4,5.5199295697020805
6,5,3.782570736710633
6,7,3.8096846935606554
6,8,6.617655828696744
6,9,9.86084681357384
6,10,10.345393856672775
6,11,11.84819045076435
6,12,12.436636754484775
6,13,15.679125784179172
6,14,16.84797092158283
6,15,16.766294135465454
6,16,13.857899129691804
6,17,10.257506228351021
6,18,7.780076234001745
6,19,6.558927141599486
6,20,5.660699996796997
6,21,8.780857569288589
6,22,10.240540679446843
6,23,12.777176480890029
6,24,10.419410073743931
6,25,11.008213574595693
6,26,9.140706289398933
6,27,10.744172139710422
6,28,11.911568540768556
6,29,13.776249519246132
6,30,16.1232466324571
6,31,15.907585073074946
6,32,18.69857700378785
6,33,22.09878535576622
6,34,21.110746227745413
6,35,22.227535855924536
6,36,21.64799323092369
6,37,24.550906911674367
6,38,24.41655342578381
6,39,21.366220322658958
6,40,20.651458392498398
6,41,19.99571577376953
6,42,22.90445443840171
6,43,24.51852170600045
6,44,25.671053747817144
6,45,28.259562305844305
6,46,28.89799092210051
6,47,25.696517159497958
6,48,27.78443071878574
6,49,26.349191022406135
6,50,28.613310029783595
6,51,27.06267779700279
6,52,23.6018114497503
6,53,23.044957416684284
6,54,22.821575039450895
6,55,19.41574957093439
6,56,18.102066460271963
6,57,16.179232797070885
6,58,18.84352776253954
6,59,18.712554589151317
6,60,19.01394174023388
6,61,22.453184502096516
6,62,23.256529700810653
6,63,25.98216450598142
6,64,27.401158417796555
6,65,29.32512334494173
6,66,32.133053312547084
6,67,31.813818182030378
6,68,35.02486971092844
6,69,34.244718332633404
6,70,35.27731343634099
6,71,31.522441542013237
6,72,29.094446488582765
6,73,26.32771925051397
6,74,23.65389562096824
6,75,21.907033987352474
6,76,19.533618037420446
6,77,19.32923432817984
6,78,17.610080135562622
6,79,20.803409893774777
6,80,19.53433923548805
6,81,20.63846029014641
6,82,17.507776943270123
6,83,14.684364031281346
6,84,13.163448669255894
6,85,12.726278957936055
6,86,9.71248974901368
6,87,11.1543284331516
6,88,14.471575468237203
6,89,14.606338888114234
6,90,13.654790907642141
6,91,11.524285376659368
6,92,12.022791207500504
6,93,10.414118444246153
6,94,12.894037358159025
6,95,15.182229849384235
6,96,18.867593624153947
7,1,11.22222490485406
7,2,8.247052022391337
7,3,8.419787171160092
7,4,8.366227480931165
7,5,6.1417386693255125
7,6,3.8096846935606554
7,8,3.7658834100448684
7,9,6.334447398157751
7,10,6.55289367061253
7,11,8.443010566084473
7,12,9.468145344363215
7,13,13.038721025841326
7,14,14.80579953775813
7,15,15.393673624199604
7,16,12.415886634190588
7,17,9.327770211870458
7,18,6.135987268191792
7,19,6.03806239863687
7,20,5.099704025475735
7,21,8.755955856987583
7,22,10.726973925832215
7,23,12.207948776194879
7,24,9.196463690288024
7,25,8.998980406799124
7,26,6.560075877733017
7,27,8.524048125451168
7,28,9.707666951738416
7,29,12.38811998834879
7,30,14.914406687850587
7,31,15.465058164385004
7,32,18.714184528351236
7,33,21.795921151146864
7,34,20.177632633221343
7,35,20.865102331479253
7,36,19.729347490580746
7,37,22.296037545786145
7,38,21.711991318737525
7,39,18.44418773912729
7,40,18.125242743109972
7,41,18.07696622539733
7,42,21.276372407265686
7,43,23.399046301997824
7,44,24.799752420414823
7,45,27.73381922628124
7,46,28.474843972318844
7,47,25.450117961120032
7,48,27.767525284185588
7,49,26.654298705381603
7,50,28.63816249681853
7,51,26.631261617832806
7,52,23.128186067869397
7,53,23.191099040041788
7,54,22.932407034324623
7,55,19.294095752601454
7,56,18.640926684478007
7,57,16.832616335548398
7,58,19.391309037547934
7,59,19.96894870193352
7,60,20.459316764393257
7,61,23.90041802929413
7,62,24.34036537059049
7,63,27.179790528852383
7,64,28.30991892626658
7,65,30.346790739419824
7,66,32.88098110374149
7,67,32.41368944218688
7,68,35.53340995967853
7,69,34.36408602767168
7,70,35.26879366909447
7,71,31.51074654971529
7,72,29.35330895229537
7,73,26.94227562640993
7,74,24.41919282585957
7,75,23.2038793320742
7,76,20.97674181562165
7,77,21.303099542746725
7,78,19.74461179151165
7,79,22.977185439321165
7,80,21.836782958893835
7,81,23.371852419992333
7,82,20.51208227042978
7,83,17.48039226893631
7,84,16.090470010517514
7,85,15.116985400301413
7,86,11.716513816932224
7,87,12.302523146797883
7,88,15.96651327273458
7,89,16.043205005159855
7,90,14.222871180373435
7,91,12.516128386949998
7,92,13.899058111772943
7,93,12.867516249672217
7,94,15.293864244272942
7,95,17.623452282719693
7,96,21.297815324007622
8,1,11.428194963683492
8,2,9.125057997770742
8,3,10.42345673261148
8,4,10.382956693250412
8,5,9.224210857009439
8,6,6.617655828696744
8,7,3.7658834100448684
8,9,3.793434952451568
8,10,5.875976607905264
8,11,8.191063086774523
8,12,10.564753638897281
8,13,14.192344979891882
8,14,16.185454193566144
8,15,17.53182200769203
8,16,14.896665342540945
8,17,12.311658022830269
8,18,9.21299782262457
8,19,9.56133389061704
8,20,7.925074874918158
8,21,11.057153374331378
8,22,12.247741338850973
8,23,13.017170822742447
8,24,9.409820979060404
8,25,9.785511271647248
8,26,8.086303815576075
8,27,10.803926765463599
8,28,12.114869335711605
8,29,15.26486963409578
8,30,17.704986671312838
8,31,18.517089557959558
8,32,21.9632089812288
8,33,24.820933744646858
8,34,22.884660244284888
8,35,23.422734244968
8,36,21.91610677262137
8,37,24.05407892038577
8,38,22.992453513166364
8,39,19.455293876509216
8,40,19.503196689166867
8,41,20.073857434766783
8,42,23.342930514508886
8,43,25.788305221786217
8,44,27.50557738829808
8,45,30.563364230903513
8,46,31.499394180298896
8,47,28.63926541864271
8,48,31.103760560264988
8,49,30.150654298551025
8,50,32.023045468049105
8,51,29.821018512254337
8,52,26.31901426493039
8,53,26.650691737812522
8,54,26.370835230669275
8,55,22.678337623534194
8,56,22.256827414812783
8,57,20.445121182273613
8,58,22.8547816196812
8,59,23.530243239173192
8,60,24.175433299412493
8,61,27.64026874855049
8,62,28.046775668249378
8,63,30.878627375048755
8,64,31.899488588343097
8,65,33.870460952573914
8,66,36.286361396310944
8,67,35.64067792983542
8,68,38.63562947096766
8,69,37.28567975770015
8,70,38.28067611623722
8,71,34.563393852194096
8,72,32.60984950822557
8,73,30.29548226330165
8,74,27.925497308976333
8,75,26.845094709300987
8,76,24.710689285936912
8,77,25.060972901720383
8,78,23.452351607720743
8,79,26.622549918090545
8,80,25.301346105759162
8,81,26.671615187852503
8,82,23.690907487668458
8,83,20.867552939693674
8,84,19.595848300786276
8,85,18.795462636824695
8,86,15.402847236686629
8,87,15.812467790605558
8,88,19.539275734998327
8,89,19.782207626156513
8,90,17.8676277819958
8,91,16.23470057074932
8,92,17.560478671879867
8,93,16.24267912546051
8,94,18.298659060809687
8,95,20.174454060687932
8,96,23.94258862353167
9,1,15.160148304264712
9,2,12.897019100374179
9,3,13.91400302514843
9,4,13.267356691410658
9,5,11.78183440372746
9,6,9.86084681357384
9,7,6.334447398157751
9,8,3.793434952451568
9,10,3.792902049586538
9,11,7.005610823072971
9,12,9.706010891241888
9,13,13.322769758126917
9,14,15.973574982306088
9,15,17.80460637540139
9,16,15.18343805653028
9,17,13.29426697577407
9,18,10.060505840409668
9,19,10.791449992488038
9,20,9.244791399054488
9,21,11.899978617145672
9,22,13.276069691043814
9,23,12.977376057125307
9,24,9.300917871107591
9,25,8.831709620336694
9,26,7.354867611191202
9,27,10.143682898323016
9,28,11.582917607074114
9,29,15.19716073418698
9,30,17.76723762437898
9,31,19.288982423873744
9,32,22.876268231739367
9,33,25.426274661426717
9,34,23.029868424176154
9,35,23.01723349468898
9,36,20.959137141451883
9,37,22.70232639473325
9,38,21.10624330975708
9,39,17.508594213419894
9,40,18.207270802545693
9,41,19.43693965640689
9,42,22.912457290961807
9,43,25.76375093071139
9,44,27.524565920698123
9,45,30.846517285268945
9,46,31.715917170520363
9,47,29.005638935148102
9,48,31.503202764763326
9,49,30.738170397094652
9,50,32.25285891191818
9,51,29.717965899577255
9,52,26.225633874573216
9,53,27.0851306356107
9,54,26.93731455745472
9,55,23.172812566310064
9,56,23.20651612026381
9,57,21.40294739985886
9,58,23.516414066024762
9,59,24.701349102101346
9,60,25.60569075009004
9,61,29.055566280497032
9,62,29.274361324256347
9,63,32.23329947078985
9,64,33.11209300350622
9,65,35.25064666995392
9,66,37.46258395516307
9,67,36.819000660419746
9,68,39.76329820628903
9,69,38.12982303812634
9,70,38.89770504571912
9,71,35.21238166648282
9,72,33.44412472758669
9,73,31.48545544868391
9,74,29.177534758450157
9,75,28.47843712072116
9,76,26.3673724057695
9,77,27.010888274330195
9,78,25.42105359626572
9,79,28.503040702695746
9,80,27.21282919015968
9,81,28.90536156176493
9,82,26.190550376635226
9,83,23.261216230311494
9,84,22.226160791787443
9,85,21.196567597245252
9,86,17.7368172243707
9,87,17.82429563252171
9,88,21.582074873078106
9,89,21.56499855885422
9,90,19.11305207283601
9,91,17.688325790237943
9,92,19.43495845452677
9,93,18.45979392022264
9,94,20.35909793683497
9,95,22.212413827277086
9,96,25.878912574552913
10,1,16.59916015805819
10,2,14.28262046911399
10,3,14.956158076436237
10,4,14.532372808127072
10,5,12.118383980408893
10,6,10.345393856672775
10,7,6.55289367061253
10,8,5.875976607905264
10,9,3.792902049586538
10,11,3.796820506754731
10,12,6.000523871203532
10,13,9.612549782565464
10,14,12.483011040102504
10,15,14.364185614475533
10,16,11.806896585030557
10,17,10.493480789522614
10,18,7.657991505970594
10,19,9.446548124974703
10,20,9.247133539226827
10,21,12.212871440917155
10,22,14.532685529321645
10,23,14.358734353071114
10,24,11.093903654298758
10,25,9.358399488871871
10,26,6.600097637430077
10,27,8.017947778414795
10,28,8.472994340106718
10,29,12.067009702581755
10,30,14.3792132374078
10,31,16.162542793062215
10,32,19.830764686367548
10,33,22.119085423483178
10,34,19.51285459189253
10,35,19.400387110098297
10,36,17.29255313212139
10,37,18.96448094078169
10,38,17.481523740835883
10,39,13.868688498425252
10,40,14.421669997004638
10,41,15.687486682638358
10,42,19.18467192971631
10,43,22.130348602088755
10,44,23.941750659295966
10,45,27.333163609046554
10,46,28.269525613720102
10,47,25.718558294990558
10,48,28.364731257280223
10,49,27.888193200444
10,50,29.374191093080814
10,51,26.673519252818704
10,52,23.32451841527374
10,53,24.410678531273522
10,54,24.01781040904014
10,55,20.265745631121
10,56,20.75739951700275
10,57,19.381320352509565
10,58,21.665243451378434
10,59,23.25719253080275
10,60,23.87339294175406
10,61,27.11075601419077
10,62,26.92416225100811
10,63,29.774229704292374
10,64,30.363103073739204
10,65,32.46840394456712
10,66,34.46842370998013
10,67,33.73760668282907
10,68,36.60454789954633
10,69,34.80665213691438
10,70,35.4951888025469
10,71,31.8508570225103
10,72,30.24939780676808
10,73,28.509220164117966
10,74,26.37740934910779
10,75,26.05389000549665
10,76,24.210947219349332
10,77,25.316006852459942
10,78,24.124783198185177
10,79,27.341210728726757
10,80,26.5042501779811
10,81,28.586605686767133
10,82,26.129776668331445
10,83,22.879007177664516
10,84,21.571655302884654
10,85,19.948568568467497
10,86,16.34561273281074
10,87,15.787668495954337
10,88,19.51889851585156
10,89,19.597669853037527
10,90,16.78877650498262
10,91,15.986460623244472
10,92,18.368735976896904
10,93,18.150396328227536
10,94,20.503823664736
10,95,22.883603913973694
10,96,26.4001080341117
11,1,17.255213934930477
11,2,15.48009641303274
11,3,16.489595748774775
11,4,16.785841342081234
11,5,14.078356747100901
11,6,11.84819045076435
11,7,8.443010566084473
11,8,8.191063086774523
11,9,7.005610823072971
11,10,3.796820506754731
11,12,3.791528294092267
11,13,6.7057711146880665
11,14,9.194086965591543
11,15,11.627497812689054
11,16,9.84001503997609
11,17,9.396449680558819
11,18,7.880770645802592
11,19,10.881141726501104
11,20,11.77024369280098
11,21,15.067235331164404
11,22,17.71832916033072
11,23,17.882768329968545
11,24,14.71717312605993
11,25,12.82912562025204
11,26,9.601243055989423
11,27,9.802051704089427
11,28,8.657648491030432
11,29,11.617582446890992
11,30,12.98781809736721
11,31,14.553425230543217
11,32,18.344837869940324
11,33,20.224121692347182
11,34,17.44778650435852
11,35,17.664319634927605
11,36,15.767240360691808
11,37,17.10737799724614
11,38,15.891323208745542
11,39,12.170398685974469
11,40,12.045222406856789
11,41,13.353447825485341
11,42,16.5729134209154
11,43,19.56802276640429
11,44,21.815435850845095
11,45,25.130266719586462
11,46,26.498447309441538
11,47,24.290698695932967
11,48,27.29400857040558
11,49,27.281316235597302
11,50,28.962989713452117
11,51,26.17333043944322
11,52,23.122435842358808
11,53,24.266334684158718
11,54,23.3071953190395
11,55,19.672418491358435
11,56,20.632942227014077
11,57,19.937163410759464
11,58,22.60349824411624
11,59,24.35154618644122
11,60,24.41893265150769
11,61,27.34576637103153
11,62,26.680073212793435
11,63,29.19353608697414
11,64,29.331189252812695
11,65,31.117886245617697
11,66,32.83135333289052
11,67,31.741495909287224
11,68,34.369731264562944
11,69,32.374765206967965
11,70,33.27864683663679
11,71,29.742491747917988
11,72,28.485487907795694
11,73,26.8559814439647
11,74,25.147999440280124
11,75,25.1909211968126
11,76,23.869961567081113
11,77,25.423489277885842
11,78,24.782736433331223
11,79,28.21846765657761
11,80,27.85554584449897
11,81,30.05872321022624
11,82,27.638960840528267
11,83,24.203195968879932
11,84,22.383415638577
11,85,20.23514156735996
11,86,16.495263572529282
11,87,15.093658908763338
11,88,18.776814622286064
11,89,19.459783767387272
11,90,16.62853190520592
11,91,16.640558275686022
11,92,19.442243868779087
11,93,19.735935527045264
11,94,22.548051497701653
11,95,25.27866326272396
11,96,28.73843402129526
12,1,18.876183932852616
12,2,16.78412808730329
12,3,17.09222773981444
12,4,17.25367406468839
12,5,13.978543524060285
12,6,12.436636754484775
12,7,9.468145344363215
12,8,10.564753638897281
12,9,9.706010891241888
12,10,6.000523871203532
12,11,3.791528294092267
12,13,3.809413864237468
12,14,6.790422557895103
12,15,8.601830912772785
12,16,6.4473845478621
12,17,6.7797884822879
12,18,6.151580864353318
12,19,9.625811299712607
12,20,11.587516234141898
12,21,14.662481584147868
12,22,17.869767392631285
12,23,18.18510600188911
12,24,15.564777577056512
12,25,13.03856539842546
12,26,9.415615973044854
12,27,8.128322839648778
12,28,5.7285243773600465
12,29,8.155055549392163
12,30,9.288822396593535
12,31,11.210501293058641
12,32,14.962038186691437
12,33,16.71836360817739
12,34,13.845875758137016
12,35,13.915602283326843
12,36,12.103525894069895
12,37,13.765918077048054
12,38,12.991157983419642
12,39,9.512733911238913
12,40,8.960625994209309
12,41,9.83401276517983
12,42,13.223697417649724
12,43,16.188392516358878
12,44,18.20494715938302
12,45,21.597564173134877
12,46,22.80723918382834
12,47,20.58849774643533
12,48,23.58407240243733
12,49,23.683269388504364
12,50,25.310570116418607
12,51,22.469765428229206
12,52,19.521178328432043
12,53,20.776838869268282
12,54,19.716812398722595
12,55,16.128789076443734
12,56,17.420516843745222
12,57,17.07323929567271
12,58,19.771007779755102
12,59,21.814355575065605
12,60,21.68788240815049
12,61,24.394499748607323
12,62,23.457665786702115
12,63,25.92889582435007
12,64,25.936514797763685
12,65,27.816146555639303
12,66,29.440152372491998
12,67,28.466724347001325
12,68,31.15548985177848
12,69,29.135031127933505
12,70,29.828127029696102
12,71,26.267481018698298
12,72,24.9813472501597
12,73,23.530755795268686
12,74,21.829696585237038
12,75,22.14432899829228
12,76,20.95505303558363
12,77,22.838237648757474
12,78,22.48578304573245
12,79,25.89774560012326
12,80,25.900345858605206
12,81,28.425884866900972
12,82,26.352573371692873
12,83,22.74723653654006
12,84,20.888970260260056
12,85,18.338802181197725
12,86,14.728160918051353
12,87,12.911593831058962
12,88,16.345296709845435
12,89,16.857955310040932
12,90,13.735978212961946
12,91,14.302009987246304
12,92,17.536649684418716
12,93,18.5158308166988
12,94,21.527926287463952
12,95,24.59896425147597
12,96,27.801885582095945
13,1,21.62458406364318
13,2,19.83566114975338
13,3,20.175138889072446
13,4,20.605547913694213
13,5,17.187579911035897
13,6,15.679125784179172
13,7,13.038721025841326
13,8,14.192344979891882
13,9,13.322769758126917
13,10,9.612549782565464
13,11,6.7057711146880665
13,12,3.809413864237468
13,14,3.7498985079934863
13,15,6.227245260497944
13,16,5.639620029145917
13,17,7.9296861630714215
13,18,8.917878692684104
13,19,12.555483630544515
13,20,15.032686315200348
13,21,17.985763420184288
13,22,21.36993606165818
13,23,21.701716453887318
13,24,19.258541771237667
13,25,16.525305243376
13,26,12.921380875848412
13,27,10.964925574269765
13,28,7.70162974707021
13,29,8.675953306997599
13,30,8.284261765286166
13,31,10.259854097408748
13,32,13.834112395526144
13,33,14.779730227322766
13,34,11.527479348336723
13,35,11.626356299123124
13,36,9.94034540273056
13,37,11.00884587412652
13,38,10.63132889003578
13,39,7.398227977719648
13,40,5.773752312272729
13,41,6.8329477303860875
13,42,9.93510446808897
13,43,13.143233761715244
13,44,15.563322528574975
13,45,18.962862135477156
13,46,20.53091853527912
13,47,18.822033546097128
13,48,22.122790393247698
13,49,22.82127855978572
13,50,24.43098967176815
13,51,21.43398485336779
13,52,18.962606003784387
13,53,20.47390677133149
13,54,18.900860036211224
13,55,15.636643063071155
13,56,17.632001093573685
13,57,18.059630489757414
13,58,20.833352313505333
13,59,23.160169528925113
13,60,22.600570246920977
13,61,24.847341275718357
13,62,23.346613376841788
13,63,25.445862130885764
13,64,24.910834443970696
13,65,26.53113636455049
13,66,27.718090907064223
13,67,26.44910357645335
13,68,28.85929899955237
13,69,26.530344527554963
13,70,27.247475818549706
13,71,23.85265446530762
13,72,23.027400832213715
13,73,21.963589119790914
13,74,20.787728720026962
13,75,21.714770978337842
13,76,21.12930321694195
13,77,23.539167697355342
13,78,23.758173264248132
13,79,27.190795838602796
13,80,27.681791964860302
13,81,30.40706429754105
13,82,28.569365176360897
13,83,24.86771439081935
13,84,22.75680253426428
13,85,19.76572721591965
13,86,16.332538712008837
13,87,13.775687819553507
13,88,16.75038925817594
13,89,17.616967953507064
13,90,14.459954385577406
13,91,15.922965109571976
13,92,19.46898292919233
13,93,21.005112151524212
13,94,24.21468602039323
13,95,27.50585329344268
13,96,30.525385105933477
14,1,21.811149082751932
14,2,20.478406409906405
14,3,20.97710337205907
14,4,21.987762409481757
14,5,18.598203946438655
14,6,16.84797092158283
14,7,14.80579953775813
14,8,16.185454193566144
14,9,15.973574982306088
14,10,12.483011040102504
14,11,9.194086965591543
14,12,6.790422557895103
14,13,3.7498985079934863
14,15,3.7905004167686758
14,16,5.509362550240436
14,17,8.335497880304901
14,18,10.565788742356593
14,19,14.30946888849816
14,20,17.155454117805483
14,21,20.301484239947055
14,22,23.707619399118105
14,23,24.489710843178234
14,24,22.041027559267615
14,25,19.551147080509025
14,26,15.81633841504776
14,27,13.780646437039168
14,28,10.267126165446209
14,29,10.157648954061981
14,30,8.49191915975108
14,31,9.234645598227395
14,32,12.551729888552847
14,33,13.073754359098753
14,34,10.115831530865519
14,35,11.274012904815736
14,36,10.7024278741008
14,37,11.661358746653272
14,38,12.274055611177833
14,39,9.749433829701436
14,40,6.810042195478208
14,41,6.48372166502636
14,42,8.378825474044334
14,43,11.06164554298843
14,44,14.008250724522474
14,45,17.008133066948776
14,46,19.137957865046463
14,47,17.772993767536146
14,48,21.36345743184736
14,49,22.416807174546946
14,50,24.414492999556806
14,51,21.662152178393878
14,52,19.590996517483113
14,53,20.731970731469854
14,54,18.544971755677516
14,55,15.648106634690626
14,56,17.744439624434634
14,57,18.80842233033743
14,58,21.927399328364103
14,59,24.035062201736057
14,60,22.884925911721595
14,61,24.7609359347127
14,62,22.92386095785842
14,63,24.539670506105075
14,64,23.605251762300636
14,65,24.748372077750485
14,66,25.721628272888733
14,67,24.05840637581599
14,68,26.230213429625863
14,69,23.863114465008433
14,70,24.973894670723418
14,71,21.69177037341335
14,72,21.149981173457125
14,73,20.00795831733157
14,74,19.33078610564793
14,75,20.458105801099453
14,76,20.467934949820364
14,77,23.124872480528254
14,78,23.86880974724639
14,79,27.425033925149922
14,80,28.308119404905224
14,81,30.943909203467676
14,82,29.098982937016302
14,83,25.392278297436143
14,84,22.83920136492006
14,85,19.563154075745526
14,86,16.279481998744966
14,87,13.134411698420486
14,88,15.729630264429668
14,89,17.314556962220827
14,90,14.624040907715493
14,91,16.680624067507935
14,92,20.19796556356262
14,93,21.97233978759054
14,94,25.457776404273496
14,95,28.923421784699983
14,96,31.866222915514314
15,1,22.06979174537736
15,2,20.555853021689792
15,3,20.503892959234637
15,4,21.54005001664732
15,5,17.996282544789675
15,6,16.766294135465454
15,7,15.393673624199604
15,8,17.53182200769203
15,9,17.80460637540139
15,10,14.364185614475533
15,11,11.627497812689054
15,12,8.601830912772785
15,13,6.227245260497944
15,14,3.7905004167686758
15,16,3.7665544621925537
15,17,7.027510496869901
15,18,10.262113172331706
15,19,13.620967273404922
15,20,16.982505647955747
15,21,19.877931009758605
15,22,23.438373501122644
15,23,24.587072931619122
15,24,22.557874375881795
15,25,20.036699103140705
15,26,16.293413297396338
15,27,13.735198557078153
15,28,10.031759395830727
15,29,8.583934990114562
15,30,5.9586762236036215
15,31,5.745447213076344
15,32,8.831243622182901
15,33,9.447777684609923
15,34,6.889172139735831
15,35,8.88505988752495
15,36,9.447237559351573
15,37,11.260975653831178
15,38,12.872854320769536
15,39,11.112298249821032
15,40,7.7694653495670485
15,41,5.4310623851445925
15,42,6.776321487946053
15,43,8.548949023636636
15,44,11.097608742476647
15,45,13.934766643275793
15,46,15.942256114967241
15,47,14.362164104844801
15,48,17.955109226067744
15,49,18.97648774833506
15,50,21.228990342304254
15,51,18.755003920989328
15,52,16.842101977972657
15,53,17.601514130098856
15,54,15.138651431749052
15,55,12.458025071279826
15,56,14.579149128008897
15,57,16.122847856130893
15,58,19.3757056157658
15,59,21.382491521321683
15,60,19.85112690836179
15,61,21.427635637926876
15,62,19.401599335166434
15,63,20.841921112584814
15,64,19.845336280961924
15,65,20.976786826897946
15,66,22.054097845949688
15,67,20.531444133553535
15,68,22.910630320269455
15,69,20.768329219756023
15,70,21.824342649361803
15,71,18.389260332682714
15,72,17.568901236501944
15,73,16.27051066134469
15,74,15.549753610804274
15,75,16.755532942812135
15,76,16.990479380839936
15,77,19.852443381644445
15,78,20.949597658614277
15,79,24.461139090372995
15,80,25.69732865076686
15,81,28.41994464203708
15,82,26.832318905118115
15,83,23.12390933840998
15,84,20.472137167569876
15,85,16.950119877351
15,86,14.0436521482873
15,87,10.586724173115888
15,88,12.605717643630243
15,89,14.26560871410292
15,90,11.791865968322965
15,91,14.412380584264973
15,92,17.9598754470555
15,93,20.201423686656888
15,94,23.79185814713072
15,95,27.439363295345245
15,96,30.10644683766807
16,1,20.23400881235976
16,2,18.201115020379365
16,3,17.761634688597486
16,4,18.358543067027878
16,5,14.695676302330588
16,6,13.857899129691804
16,7,12.415886634190588
16,8,14.896665342540945
16,9,15.18343805653028
16,10,11.806896585030557
16,11,9.84001503997609
16,12,6.4473845478621
16,13,5.639620029145917
16,14,5.509362550240436
16,15,3.7665544621925537
16,17,3.7810804282229022
16,18,6.779943067245357
16,19,9.999062681218263
16,20,13.413723606674154
16,21,16.170748661622792
16,22,19.779991560104893
16,23,20.899062002024344
16,24,19.025796759433515
16,25,16.45839120075554
16,26,12.75726438828163
16,27,10.08733659376349
16,28,6.473245443242527
16,29,5.220257085843343
16,30,3.980487749502403
16,31,4.853130173920403
16,32,8.616447912208113
16,33,10.429803896278633
16,34,8.043545835249517
16,35,9.212564726606022
16,36,9.097397816957645
16,37,11.736790759525624
16,38,12.817670241382592
16,39,10.67285281772544
16,40,8.26741910600933
16,41,6.382974992506773
16,42,9.04854399818011
16,43,10.996052169407228
16,44,12.659378100727789
16,45,15.75128861310542
16,46,16.994726702805917
16,47,14.685171913346602
16,48,17.853822099295478
16,49,18.16820048601973
16,50,20.27942358391308
16,51,17.7872458728294
16,52,15.24145746327122
16,53,15.96415779260477
16,54,14.170235339661467
16,55,10.878943204114242
16,56,12.510035008106
16,57,13.327082547574289
16,58,16.524394760644434
16,59,18.530633176686393
16,60,17.468739659862372
16,61,19.552731838258225
16,62,18.04337755227379
16,63,20.08446217291918
16,64,19.754123834079166
16,65,21.444187534763955
16,66,23.026278211966698
16,67,22.060249415643437
16,68,24.846147858870232
16,69,23.021385861931478
16,70,23.743870902474622
16,71,20.101525398703146
16,72,18.65880734584889
16,73,17.0958403028956
16,74,15.544132498957092
16,75,16.160670046047578
16,76,15.555310591026467
16,77,18.030152047413395
16,78,18.545419253743912
16,79,22.039198648293958
16,80,22.889776250497118
16,81,25.64901148002583
16,82,24.010238789561253
16,83,20.270379554851214
16,84,17.945931935189723
16,85,14.65194696992859
16,86,11.520948071930551
16,87,8.611103035675088
16,88,11.238175889600328
16,89,12.15557900724123
16,90,9.198647801818757
16,91,11.270965506541748
16,92,14.895148086920162
16,93,16.98844091972577
16,94,20.456736647150542
16,95,24.04407389193471
16,96,26.77185018716093
17,1,16.98842556706424
17,2,14.701150973673647
17,3,14.025026376998047
17,4,14.647926981854924
17,5,11.018367183799755
17,6,10.257506228351021
17,7,9.327770211870458
17,8,12.311658022830269
17,9,13.29426697577407
17,10,10.493480789522614
17,11,9.396449680558819
17,12,6.7797884822879
17,13,7.9296861630714215
17,14,8.335497880304901
17,15,7.027510496869901
17,16,3.7810804282229022
17,18,3.805132754741423
17,19,6.751184332248232
17,20,10.210509738210432
17,21,13.14953482479883
17,22,16.61342735711602
17,23,18.155466861735697
17,24,16.2835969566235
17,25,14.188011525285226
17,26,10.55345296174826
17,27,8.444959991576246
17,28,5.837077803639109
17,29,5.472371204761918
17,30,6.23805380913726
17,31,6.207356728271605
17,32,9.722472485035643
17,33,12.526072530150008
17,34,10.966320879057557
17,35,12.241950388239024
17,36,12.141630567854273
17,37,15.10701708081494
17,38,15.87824248292
17,39,13.451870229690702
17,40,11.655051820767676
17,41,10.074784479380716
17,42,12.741551348486333
17,43,14.318604626668
17,44,15.59196162576396
17,45,18.41899312637696
17,46,19.34705819041823
17,47,16.55601418155802
17,48,19.315221345812436
17,49,18.91865950024715
17,50,21.21458681937559
17,51,19.101754990616147
17,52,16.140114062157988
17,53,16.266754131563406
17,54,14.96350670717726
17,55,11.460703001513256
17,56,11.930255414323417
17,57,11.914401072252533
17,58,15.288165055977412
17,59,16.7206687234002
17,60,15.889427898256258
17,61,18.467629490465267
17,62,17.63736458126301
17,63,19.983484829669322
17,64,20.287808043436748
17,65,22.12737307512668
17,66,24.23031455111781
17,67,23.550414847226456
17,68,26.58282784877001
17,69,25.19858443666085
17,70,26.012201338258762
17,71,22.272393506394536
17,72,20.337137523220573
17,73,18.22033768640091
17,74,16.114421248825597
17,75,15.831969877566205
17,76,14.55495164995096
17,77,16.352560489929836
17,78,16.321189684079556
17,79,19.922015748431658
17,80,20.349466233868952
17,81,22.831977306593977
17,82,20.8723654357502
17,83,17.170620163254842
17,84,14.855301672915294
17,85,11.889636407606872
17,86,8.402960251003888
17,87,6.176394823895746
17,88,9.583338170602484
17,89,10.316920244866877
17,90,7.669851204238881
17,91,8.728524451330468
17,92,12.018594291742815
17,93,13.637955341943487
17,94,17.15405187975461
17,95,20.675331490529643
17,96,23.57506721779234
18,1,15.623884553512113
18,2,12.837807997700487
18,3,12.078984629406117
18,4,12.033982691986639
18,5,8.409562693925539
18,6,7.780076234001745
18,7,6.135987268191792
18,8,9.21299782262457
18,9,10.060505840409668
18,10,7.657991505970594
18,11,7.880770645802592
18,12,6.151580864353318
18,13,8.917878692684104
18,14,10.565788742356593
18,15,10.262113172331706
18,16,6.779943067245357
18,17,3.805132754741423
18,19,3.816903379177382
18,20,6.739824691367256
18,21,9.900663127430255
18,22,13.287300130037666
18,23,14.594612654584324
18,24,12.528088496427896
18,25,10.511254907587642
18,26,6.878342543100772
18,27,5.548087628291529
18,28,4.536945865125917
18,29,6.3889110608887565
18,30,8.801168881541368
18,31,9.682000463651603
18,32,13.023177810555302
18,33,15.949747090679509
18,34,14.204368287435369
18,35,14.78764426367258
18,36,13.904472057680074
18,37,16.782492110374122
18,38,16.787929006104264
18,39,13.977877246871774
18,40,13.152366640393407
18,41,12.464373612510506
18,42,15.639650558424103
18,43,17.636180142445017
18,44,18.78300276087557
18,45,21.807570110813156
18,46,22.4309902359144
18,47,19.458964767336038
18,48,21.898347357891694
18,49,21.096224706748846
18,50,23.053186494896455
18,51,20.860955926632716
18,52,17.514400248905414
18,53,17.81840618029934
18,54,17.240508397917303
18,55,13.542409125135238
18,56,13.543301800356131
18,57,12.448611987515672
