1,2,3.806671261778871
1,3,6.939838145424078
1,4,10.497924649044803
1,5,11.620191896047091
1,6,8.900273014087873
1,7,11.25187896705612
1,8,11.466151047484075
1,9,15.210695703190513
1,10,16.644941598768145
1,11,17.36594954121267
1,12,19.008940168379073
1,13,21.726407979540763
1,14,21.893555974287377
1,15,22.1568087583454
1,16,20.323213960799176
1,17,17.10600214058783
1,18,15.67079364949098
1,19,15.274470146961512
1,20,14.332895448886152
1,21,16.94446760209875
1,22,17.056393284922645
1,23,19.753014193334085
1,24,17.219058295497934
1,25,18.953165109514536
1,26,17.5226550823515
1,27,19.434686298648053
1,28,20.06871324045605
1,29,21.747648589888307
1,30,23.279332024214977
1,31,22.149275412665904
1,32,24.67844063570514
1,33,27.915322782785683
1,34,27.351896291831306
1,35,29.237510049752803
1,36,29.115326418879064
1,37,31.72284084621351
1,38,31.73338540934493
1,39,28.440303279020476
1,40,27.198007850298065
1,41,26.549605202681093
1,42,28.89543180522611
1,43,30.15529120651458
1,44,31.790115879368777
1,45,33.89381765154327
1,46,35.10584878853557
1,47,32.16648937733051
1,48,34.499513848406316
1,49,33.23757858705924
1,50,35.99074502498525
1,51,34.758715165566734
1,52,31.544646990247383
1,53,30.538834508337665
1,54,29.811710152441723
1,55,26.750035428679514
1,56,25.233901346695163
1,57,23.777408423530016
1,58,26.671728435407527
1,59,25.822869331605784
1,60,25.583809893528073
1,61,28.6302296506828
1,62,29.499685476840508
1,63,31.568525502726946
1,64,32.84757895992872
1,65,34.43122397940084
1,66,37.67153654873765
1,67,37.00921878250433
1,68,35.53456175035701
1,69,36.658849940618104
1,70,39.712234632840406
1,71,37.57942330740469
1,72,34.48367473286235
1,73,31.29028193785914
1,74,29.039086380315258
1,75,26.956029290261707
1,76,25.120097267295645
1,77,24.50509867954964
1,78,23.16646241814414
1,79,26.24529729679375
1,80,24.978024954071323
1,81,24.91911016005847
1,82,21.254025028257296
1,83,19.409573978675162
1,84,17.421342461477746
1,85,17.701448320302866
1,86,15.466180847985724
1,87,16.619117792757596
1,88,19.324328127871908
1,89,20.602450230101336
1,90,20.74570319304331
1,91,19.05261821799712
1,92,18.77914251886479
1,93,16.62358790354619
1,94,17.752583538644842
1,95,17.32599813351681
2,1,3.806671261778871
2,3,3.808119868036311
2,4,6.888376481176257
2,5,8.276504296615526
2,6,6.065008142606265
2,7,8.751302800386977
2,8,9.371230731964621
2,9,13.109805427721032
2,10,14.725337907528138
2,11,16.13332757945703
2,12,17.573413286697132
2,13,20.667063877136087
2,14,21.37846528294112
2,15,21.52378452774264
2,16,19.13375422694322
2,17,15.655716245033707
2,18,13.605765369227285
2,19,12.522746465792242
2,20,11.029950235906924
2,21,13.331227172448713
2,22,13.25854230414405
2,23,16.01051303467615
2,24,13.656236894196232
2,25,15.564432812952958
2,26,14.490189323337503
2,27,16.644714426234504
2,28,17.831447778128243
2,29,19.70003225485104
2,30,21.734552479493587
2,31,21.00243137672596
2,32,23.5753042207716
2,33,26.999671819276042
2,34,26.320125953657747
2,35,27.824122809050873
2,36,27.46704156142852
2,37,30.23735925006772
2,38,30.088949386090245
2,39,26.860920393162836
2,40,25.96610104305542
2,41,25.397350326665798
2,42,28.052208198751032
2,43,29.478697034515132
2,44,30.824449409326057
2,45,33.14430722898069
2,46,34.0008827142734
2,47,30.849666712736248
2,48,32.963113354674114
2,49,31.456446740377746
2,50,33.963377727958175
2,51,32.68628384626198
2,52,29.29673004753841
2,53,28.387039882338534
2,54,28.06373449585194
2,55,24.881447760385697
2,56,23.216836852744642
2,57,21.323650927872077
2,58,23.928629626763627
2,59,23.120608065838454
2,60,23.32749203870929
2,61,26.62029415289337
2,62,27.730692529147554
2,63,30.147946546718007
2,64,31.728955905918767
2,65,33.682773897156295
2,66,37.06175728038727
2,67,36.54067960470656
2,68,35.42624255974035
2,69,36.674718564334086
2,70,39.50259268850901
2,71,37.071323450174766
2,72,33.760966962375214
2,73,30.620827839860933
2,74,28.023853298942484
2,75,25.87945460852299
2,76,23.617460264530806
2,77,22.848905711220816
2,78,21.078031420077632
2,79,24.029367564372357
2,80,22.442557945118264
2,81,22.54890442844393
2,82,18.943101563074567
2,83,17.0108868650156
2,84,15.525304156685472
2,85,16.049362419070953
2,86,13.774514723663014
2,87,15.466491653122613
2,88,18.316098811589423
2,89,18.932038444838096
2,90,18.825781145661836
2,91,16.638850255401046
2,92,16.21741593153391
2,93,13.750750581643041
2,94,14.523003959199118
2,95,13.941902025851427
3,1,6.939838145424078
3,2,3.808119868036311
3,4,3.8389173958180076
3,5,5.496831373689899
3,6,4.900598337153475
3,7,8.511324631124088
3,8,10.433008076617073
3,9,13.94064584716716
3,10,15.031118123866484
3,11,16.612605153290264
3,12,17.292081063846748
3,13,20.353538976037076
3,14,21.138717517595467
3,15,20.70739966114377
3,16,17.989142136059613
3,17,14.276235022100655
3,18,12.271381983745831
3,19,10.38817507843659
3,20,9.10890202552949
3,21,10.930886274152302
3,22,11.059135469980735
3,23,14.326336198039105
3,24,12.644499567488864
3,25,14.307515797087138
3,26,13.283039588751773
3,27,15.011223757793472
3,28,16.375126545152312
3,29,17.817729136721525
3,30,20.024309830734158
3,31,19.220076007807066
3,32,21.45147580049766
3,33,25.06815069279865
3,34,24.676189289524057
3,35,26.088848635656014
3,36,25.920525764664013
3,37,28.9939679806347
3,38,29.082565928113617
3,39,26.14046338491834
3,40,25.22834000172606
3,41,24.306079762872447
3,42,26.952509783690374
3,43,28.153380198153084
3,44,29.070349528233496
3,45,31.31243956404493
3,46,31.81407412543322
3,47,28.472283103029294
3,48,30.27624274477582
3,49,28.484923566404568
3,50,30.941854256876162
3,51,29.888189617076538
3,52,26.48823285856868
3,53,25.341288968972776
3,54,25.280828160235384
3,55,22.228192968782764
3,56,20.206417562989955
3,57,18.094830757709477
3,58,20.54928420322274
3,59,19.498722935675964
3,60,19.802753028650685
3,61,23.14547808890784
3,62,24.505585145650098
3,63,27.043510541516937
3,64,28.898588145469738
3,65,31.031160615141317
3,66,34.53889402556889
3,67,34.28746507970335
3,68,33.48793373615352
3,69,35.01169192147343
3,70,37.614726824258234
3,71,34.96758101630061
3,72,31.508502571695868
3,73,28.296216685251505
3,74,25.43922172541537
3,75,23.07287870516204
3,76,20.522504704410032
3,77,19.479278689524975
3,78,17.466289798709532
3,79,20.308373522776936
3,80,18.641639564388964
3,81,18.81804473413387
3,82,15.271734216618427
3,83,13.24183752169862
3,84,11.967902600401136
3,85,12.804356354671443
3,86,10.899674409292109
3,87,13.268625406882645
3,88,15.806667526840622
3,89,15.91987849281086
3,90,16.065707572437464
3,91,13.521472537729686
3,92,12.6486595083144
3,93,9.997618198277468
3,94,10.860051200450329
3,95,10.709450346900852
4,1,10.497924649044803
4,2,6.888376481176257
4,3,3.8389173958180076
4,5,3.768215790222857
4,6,5.686294847306931
4,7,8.603175786835262
4,8,10.743642400895911
4,9,13.62918966294521
4,10,14.810782216757486
4,11,17.04264594800884
4,12,17.443570948202982
4,13,20.731569064533854
4,14,22.054311472807612
4,15,21.535196491431467
4,16,18.36418182809164
4,17,14.642533877643958
4,18,12.079655692500245
4,19,9.244414666118022
4,20,7.116550119742594
4,21,7.780201672214306
4,22,7.410877426200915
4,23,10.905509865875917
4,24,9.894319313969442
4,25,11.761939760739722
4,26,11.490028118968747
4,27,13.413636208088382
4,28,15.523653827938958
4,29,17.094983686186183
4,30,19.83475290470949
4,31,19.54545175967645
4,32,21.693644526806008
4,33,25.387155778599688
4,34,24.888526518897667
4,35,25.810748012016084
4,36,25.37174728340473
4,37,28.55568907968668
4,38,28.453161765892027
4,39,25.673215374102526
4,40,25.198277268889985
4,41,24.402824168683264
4,42,27.302269397310223
4,43,28.64826430825465
4,44,29.218605673964166
4,45,31.64069072019273
4,46,31.726596950457253
4,47,28.210191554068615
4,48,29.691148532107043
4,49,27.61379885795648
4,50,29.7117406660296
4,51,28.64415729441285
4,52,25.084885956805635
4,53,24.062541203735293
4,54,24.553435506317964
4,55,21.461819877455415
4,56,19.275963961029447
4,57,16.591192701913975
4,58,18.488206666018318
4,59,17.456324513135804
4,60,18.44522108746074
4,61,22.026136268866882
4,62,23.70977144804582
4,63,26.616341228548702
4,64,28.808501018988526
4,65,31.312865597463457
4,66,34.908744382112005
4,67,34.83112484071155
4,68,34.43035649263024
4,69,36.058719282042865
4,70,38.38394713840528
4,71,35.466803078585386
4,72,31.842869463521158
4,73,28.761064490935777
4,74,25.590145896169634
4,75,23.21053422705955
4,76,20.22098256354687
4,77,18.968244106586276
4,78,16.40292124664069
4,79,18.897550384403463
4,80,16.757945032444137
4,81,17.12123408813026
4,82,13.809223692533127
4,83,11.832134542285232
4,84,11.580285900760769
4,85,12.802517008660175
4,86,11.180289399200928
4,87,14.034167003021851
4,88,16.464277977331797
4,89,15.68314406720391
4,90,15.528571292427909
4,91,12.372661851100712
4,92,11.17520149859186
4,93,8.031677393010236
4,94,7.94954388892993
4,95,7.458388003619009
5,1,11.620191896047091
5,2,8.276504296615526
5,3,5.496831373689899
5,4,3.768215790222857
5,6,3.775307911568472
5,7,6.081724651422535
5,8,9.157546014084591
5,9,11.690099912333059
5,10,12.045247280467446
5,11,14.063668029796982
5,12,13.999359003201313
5,13,17.202034338814745
5,14,18.625620849223175
5,15,18.047236900854525
5,16,14.743120979046427
5,17,11.071906476693226
5,18,8.403325921130799
5,19,5.489581908281063
5,20,4.025825966508824
5,21,5.905811176066796
5,22,7.434382833907202
5,23,10.500072470163254
5,24,9.100658289912545
5,25,9.744675505797396
5,26,8.547441403761585
5,27,9.929295052213122
5,28,11.795492918020745
5,29,13.353778282542864
5,30,16.144481478520284
5,31,16.092259417269513
5,32,18.44659513038546
5,33,22.060371360022245
5,34,21.332113846953078
5,35,22.128965339276057
5,36,21.614002496430693
5,37,24.787750922997432
5,38,24.73022758396383
5,39,22.00849228251382
5,40,21.493297286914213
5,41,20.68421264989579
5,42,23.644475201420878
5,43,25.10372492050566
5,44,25.701931860897268
5,45,28.276751387653068
5,46,28.398386259436094
5,47,24.94165377286224
5,48,26.59925722180515
5,49,24.754002538141794
5,50,26.804305015472977
5,51,25.465725235132247
5,52,21.88450727777681
5,53,21.145913157169982
5,54,21.476817940048807
5,55,18.1964124981411
5,56,16.37845887197376
5,57,13.864976665890724
5,58,16.070908441379974
5,59,15.667985742356628
5,60,16.495950242897646
5,61,20.103321078196306
5,62,21.351312336107917
5,63,24.340171986338227
5,64,26.306854544364096
5,65,28.922074619450513
5,66,32.41276044241311
5,67,32.09721938596777
5,68,31.727434144435158
5,69,33.163949230302414
5,70,35.44723301602966
5,71,32.49704257908234
5,72,28.877890841426968
5,73,25.995728927408727
5,74,22.862302231852524
5,75,20.852356507258314
5,76,17.966374721970517
5,77,17.31662157074019
5,78,15.094077830623386
5,79,17.982959339161994
5,80,16.350566108551273
5,81,17.515002859766053
5,82,14.586332437611874
5,83,11.792897272480214
5,84,11.048126250155706
5,85,11.188397215336067
5,86,8.809507609763351
5,87,11.215544262768057
5,88,14.026702464801144
5,89,13.204173779139595
5,90,12.407643269841518
5,91,9.474307516208425
5,92,9.306146716429863
5,93,7.213587636564326
5,94,8.428796236081373
5,95,9.357575770549618
6,1,8.900273014087873
6,2,6.065008142606265
6,3,4.900598337153475
6,4,5.686294847306931
6,5,3.775307911568472
6,7,3.7959407610960176
6,8,6.626555581745482
6,9,9.857252039731762
6,10,10.317418108208463
6,11,11.85377425896669
6,12,12.45681990131557
6,13,15.66613527384579
6,14,16.81751718223767
6,15,16.738834912275077
6,16,13.837946569743567
6,17,10.259624928963964
6,18,7.746271345476632
6,19,6.513223347590374
6,20,5.644682353257123
6,21,8.799813314797015
6,22,10.281067064948843
6,23,12.827651405831817
6,24,10.420383345171881
6,25,11.03473185261421
6,26,9.131063305037252
6,27,10.726373314755028
6,28,11.86099639366174
6,29,13.765324261662347
6,30,16.106123886344907
6,31,15.877993841422585
6,32,18.661368618412922
6,33,22.082456194705333
6,34,21.103424769164175
6,35,22.21748993940681
6,36,21.669594566470398
6,37,24.548524968238183
6,38,24.41110875120682
6,39,21.353941563965336
6,40,20.594851418967863
6,41,19.997515764604007
6,42,22.88815253348327
6,43,24.505765033914006
6,44,25.64392377563095
6,45,28.244581819197304
6,46,28.870114573801025
6,47,25.665000500603647
6,48,27.783665453295253
6,49,26.37192358767054
6,50,28.63532139948546
6,51,27.074190218508534
6,52,23.604426023646365
6,53,23.052653214778747
6,54,22.828262347701767
6,55,19.432418521132455
6,56,18.09659178750729
6,57,16.172375746778417
6,58,18.837663697378943
6,59,18.698391466039737
6,60,19.029764407475582
6,61,22.44637354467564
6,62,23.241369899802812
6,63,25.95055651476307
6,64,27.48171481624679
6,65,29.803304433772446
6,66,33.1365113432225
6,67,32.4695512365705
6,68,31.67406210236762
6,69,32.80641708460943
6,70,35.39210801497841
6,71,32.71614196381729
6,72,29.281298119684834
6,73,26.428396102245266
6,74,23.65826922983562
6,75,21.908748967983172
6,76,19.506170101282656
6,77,19.293118863260208
6,78,17.61354573459144
6,79,20.81729948991015
6,80,19.546525582502213
6,81,20.63105107031766
6,82,17.521868202307072
6,83,14.694693775608444
6,84,13.181355030862612
6,85,12.749989860207206
6,86,9.730925651362753
6,87,11.16243598545566
6,88,14.47499782178058
6,89,14.595872070009046
6,90,13.653333728979636
6,91,11.531924173348731
6,92,12.053863378420079
6,93,10.44048899146749
6,94,12.02589433375099
6,95,12.68908495195952
7,1,11.25187896705612
7,2,8.751302800386977
7,3,8.511324631124088
7,4,8.603175786835262
7,5,6.081724651422535
7,6,3.7959407610960176
7,8,3.7632900610103235
7,9,6.323433678713655
7,10,6.545715890810529
7,11,8.484396582159379
7,12,9.525422524599547
7,13,13.073274798473937
7,14,14.82700413129599
7,15,15.416079915498335
7,16,12.442566175641577
7,17,9.38246313547969
7,18,6.171097759618008
7,19,6.046880065619365
7,20,5.079995903832083
7,21,8.736238270781817
7,22,10.71557080009896
7,23,12.222172219203099
7,24,9.165433886754068
7,25,8.997788590217763
7,26,6.562296447382597
7,27,8.532517714823243
7,28,9.69690265867327
7,29,12.411321767261684
7,30,14.933337322328825
7,31,15.476476153484674
7,32,18.723231100501348
7,33,21.82882892768303
7,34,20.219327651637414
7,35,20.9042639343719
7,36,19.797294829965914
7,37,22.3362637602609
7,38,21.74513069901549
7,39,18.469938631154296
7,40,18.10839842690975
7,41,18.12019670158307
7,42,21.30653355491627
7,43,23.43611750795841
7,44,24.821293333368732
7,45,27.76547020508409
7,46,28.49273477133969
7,47,25.46897753288898
7,48,27.80563162423706
7,49,26.712806273110694
7,50,28.691018797415847
7,51,26.674946446202636
7,52,23.16079830672984
7,53,23.225995348002375
7,54,22.97273735777265
7,55,19.344443566103017
7,56,18.663849135372196
7,57,16.84565340886652
7,58,19.401329246399424
7,59,19.967773891322686
7,60,20.49421439792986
7,61,23.9145343191936
7,62,24.34821839350672
7,63,27.1787278844615
7,64,28.473590770677447
7,65,30.925097131409316
7,66,34.07825605297227
7,67,33.08739748810925
7,68,32.29780202225267
7,69,33.062027083647315
7,70,35.61545783121955
7,71,32.95464701745761
7,72,29.593409876721825
7,73,27.108774405889413
7,74,24.46291512734184
7,75,23.23840954719852
7,76,20.973462799229587
7,77,21.28274549920266
7,78,19.757317030370974
7,79,22.99759139522288
7,80,21.84087440351565
7,81,23.355022780166035
7,82,20.518107122090182
7,83,17.486813686113713
7,84,16.111362110532504
7,85,15.155910111475789
7,86,11.757312641798384
7,87,12.360988035719188
7,88,16.01664363418057
7,89,16.069587565401676
7,90,14.260710149093999
7,91,12.54555046577063
7,92,13.945201388297196
7,93,12.881478435078353
7,94,14.381133226845389
7,95,15.067604242192413
8,1,11.466151047484075
8,2,9.371230731964621
8,3,10.433008076617073
8,4,10.743642400895911
8,5,9.157546014084591
8,6,6.626555581745482
8,7,3.7632900610103235
8,9,3.799065913671754
8,10,5.880260948166114
8,11,8.225240404884264
8,12,10.599510250397415
8,13,14.207656705430244
8,14,16.178887780292058
8,15,17.527789168826324
8,16,14.901133086984967
8,17,12.355369427596386
8,18,9.246518008495777
8,19,9.579948559542133
8,20,7.927281057890835
8,21,11.04598672149779
8,22,12.254568489356192
8,23,13.042834370356523
8,24,9.412328414586707
8,25,9.790616105819744
8,26,8.107453765468238
8,27,10.818156963617374
8,28,12.097029627077923
8,29,15.271341886507209
8,30,17.700907719626727
8,31,18.508617437861812
8,32,21.955714677056584
8,33,24.83654392249964
8,34,22.906881156213128
8,35,23.44598871976796
8,36,21.96956340836401
8,37,24.07509968456326
8,38,23.00836686835248
8,39,19.46231391101465
8,40,19.461188940388038
8,41,20.091052555862145
8,42,23.34928427850302
8,43,25.801848852132547
8,44,27.50758242568339
8,45,30.574238060513604
8,46,31.50054959692209
8,47,28.645939543736716
8,48,31.12904535945104
8,49,30.199887406766628
8,50,32.06667508161156
8,51,29.853604523026075
8,52,26.34203454654023
8,53,26.6769840635169
8,54,26.39909153378474
8,55,22.715931876752652
8,56,22.27178979246721
8,57,20.45502132930835
8,58,22.86487521756034
8,59,23.53307606952768
8,60,24.209975763706357
8,61,27.652154949230372
8,62,28.04772314769445
8,63,30.86941662310974
8,64,32.05679714772173
8,65,34.44980026667881
8,66,37.51434836432892
8,67,36.348571441269975
8,68,35.39870954830353
8,69,35.92712849577559
8,70,38.58854020552194
8,71,36.06179998074332
8,72,32.81308815449347
8,73,30.449845276009093
8,74,27.9543663037497
8,75,26.869639013655995
8,76,24.700306181165125
8,77,25.039005061139196
8,78,23.46723321112271
8,79,26.646929338415184
8,80,25.31490414827048
8,81,26.667066685799227
8,82,23.708063886307876
8,83,20.88293317795382
8,84,19.62363372572661
8,85,18.8351475219961
8,86,15.441570549220891
8,87,15.858879758009456
8,88,19.58211001429934
8,89,19.802975188954676
8,90,17.897713904839144
8,91,16.261292034738624
8,92,17.612069750633218
8,93,16.271116999415298
8,94,17.3019786880691
8,95,17.348692646685663
9,1,15.210695703190513
9,2,13.109805427721032
9,3,13.94064584716716
9,4,13.62918966294521
9,5,11.690099912333059
9,6,9.857252039731762
9,7,6.323433678713655
9,8,3.799065913671754
9,10,3.8066717840708084
9,11,7.031697939281936
9,12,9.707532530570928
9,13,13.325224489150234
9,14,15.96182170344381
9,15,17.786864808274828
9,16,15.166482883492483
9,17,13.312030032206096
9,18,10.085070361666743
9,19,10.804696615002467
9,20,9.228241213545862
9,21,11.849139452066497
9,22,13.246789658278498
9,23,12.97368162185377
9,24,9.286403503886945
9,25,8.793348562931206
9,26,7.354522805595806
9,27,10.13488039238264
9,28,11.549575393718735
9,29,15.169417402661587
9,30,17.73165857055799
9,31,19.255275205543356
9,32,22.84971825764103
9,33,25.42268923170507
9,34,23.031432563438123
9,35,23.020042053686403
9,36,20.98839390488296
9,37,22.699548498918066
9,38,21.097050980780086
9,39,17.494031171628137
9,40,18.143971066164653
9,41,19.426940107201762
9,42,22.89771257626721
9,43,25.759942782900094
9,44,27.506815112321043
9,45,30.836206843960714
9,46,31.694663673053757
9,47,28.994770668434356
9,48,31.501424445111265
9,49,30.760500710777215
9,50,32.26545033102693
9,51,29.719104017845797
9,52,26.216738117229397
9,53,27.078158425688546
9,54,26.935167651978553
9,55,23.178963850531957
9,56,23.191960699673928
9,57,21.381509274080827
9,58,23.494598388159364
9,59,24.67655314688541
9,60,25.612111379753593
9,61,29.038884222775316
9,62,29.243353872438874
9,63,32.19928473203848
9,64,33.2879509373757
9,65,35.848038929415736
9,66,38.77251665403137
9,67,37.429468973112776
9,68,36.617027368662775
9,69,36.89650168375295
9,70,39.41143495657768
9,71,36.84499519670373
9,72,33.65075789577376
9,73,31.63740074490259
9,74,29.185283524994766
9,75,28.47872110591537
9,76,26.329896332986372
9,77,26.960714982705817
9,78,25.406831509416943
9,79,28.49884821282079
9,80,27.19389080706707
9,81,28.87485359586784
9,82,26.187844477357995
9,83,23.253204614861126
9,84,22.23092791913894
9,85,21.21124449614763
9,86,17.750493529895323
9,87,17.857899591767108
9,88,21.60990016126894
9,89,21.56657456042432
9,90,19.12041131580381
9,91,17.685398685361115
9,92,19.463850286684966
9,93,18.45944160177141
9,94,19.349171752598018
9,95,19.459458716907395
10,1,16.644941598768145
10,2,14.725337907528138
10,3,15.031118123866484
10,4,14.810782216757486
10,5,12.045247280467446
10,6,10.317418108208463
10,7,6.545715890810529
10,8,5.880260948166114
10,9,3.8066717840708084
10,11,3.7926326669743466
10,12,5.974246705937719
10,13,9.594373533803132
10,14,12.448535667417417
10,15,14.318993505465233
10,16,11.76237632739267
10,17,10.481226661857646
10,18,7.669930230477293
10,19,9.453022073787562
10,20,9.231594897747069
10,21,12.174628217656615
10,22,14.516950367957254
10,23,14.387984058810382
10,24,11.098542553264616
10,25,9.347085463619957
10,26,6.616667878352678
10,27,8.00863785148491
10,28,8.428694627303296
10,29,12.025524514355709
10,30,14.320531206888083
10,31,16.10080611751585
10,32,19.780223873844893
10,33,22.091813170085633
10,34,19.491921899195244
10,35,19.388019067767143
10,36,17.312993713929522
10,37,18.954778157924892
10,38,17.47434055909901
10,39,13.854005787515204
10,40,14.34696609609742
10,41,15.658338231336435
10,42,19.14903678208976
10,43,22.10360541604881
10,44,23.903535882036195
10,45,27.299526866422262
10,46,28.229023148532804
10,47,25.691351528095055
10,48,28.346057242316746
10,49,27.89461860460501
10,50,29.374265641016645
10,51,26.663761107839903
10,52,23.305944659998346
10,53,24.391648419954684
10,54,23.997794498564936
10,55,20.25373442757663
10,56,20.724878823136123
10,57,19.347169858666334
10,58,21.639085024088324
10,59,23.226491810259045
10,60,23.867314376435047
10,61,27.08010617597272
10,62,26.873915031729766
10,63,29.718837968393398
10,64,30.534833875261207
10,65,33.06984227978124
10,66,35.82570072098432
10,67,34.30037150226276
10,68,33.508858777995
10,69,33.61806326955869
10,70,36.06480583041577
10,71,33.53074861308949
10,72,30.426870742477714
10,73,28.644062131656206
10,74,26.35900369315901
10,75,26.027927832340897
10,76,24.148426499485453
10,77,25.243698570756735
10,78,24.094781698287306
10,79,27.325033672163958
10,80,26.472335780451296
10,81,28.544568156288896
10,82,26.118479373957168
10,83,22.86035505792952
10,84,21.556084777268985
10,85,19.938145374543435
10,86,16.332019999855987
10,87,15.795993799283282
10,88,19.52493282734081
10,89,19.581700430255108
10,90,16.77786072987102
10,91,15.969287028160974
10,92,18.38193090202274
10,93,18.132719619931926
10,94,19.630730372315305
10,95,20.465262015312522
11,1,17.36594954121267
11,2,16.13332757945703
11,3,16.612605153290264
11,4,17.04264594800884
11,5,14.063668029796982
11,6,11.85377425896669
11,7,8.484396582159379
11,8,8.225240404884264
11,9,7.031697939281936
11,10,3.7926326669743466
11,12,3.7820348623738163
11,13,6.683150712503051
11,14,9.157258017653053
11,15,11.586759850872848
11,16,9.807260644217395
11,17,9.420855854627217
11,18,7.924302175464042
11,19,10.903270179827661
11,20,11.776135601664347
11,21,15.052350613813184
11,22,17.722860348392032
11,23,17.92143612243339
11,24,14.726975408152162
11,25,12.821722730637344
11,26,9.624167361939115
11,27,9.793608360935549
11,28,8.61375739557124
11,29,11.593369873309216
11,30,12.935046374582553
11,31,14.506661969320392
11,32,18.306898644710166
11,33,20.206389299069222
11,34,17.43066626131364
11,35,17.649270860000545
11,36,15.783032806358056
11,37,17.085710926407618
11,38,15.873885252262605
11,39,12.139089609846293
11,40,11.959101448319094
11,41,13.32028311332331
11,42,16.53473989460429
11,43,19.539308100959246
11,44,21.777331766187853
11,45,25.098593078551957
11,46,26.460659565995563
11,47,24.268983785691603
11,48,27.280076051835504
11,49,27.292507702168873
11,50,28.963427792323838
11,51,26.160608273219236
11,52,23.102218861335917
11,53,24.255158656786147
11,54,23.294968982077165
11,55,19.668249586451246
11,56,20.61285020660412
11,57,19.91774911390592
11,58,22.58986489568287
11,59,24.336964922829424
11,60,24.432480507693437
11,61,27.334882721610906
11,62,26.64639805052351
11,63,29.15118689941583
11,64,29.5067149191317
11,65,31.755170623649658
11,66,34.26372270766008
11,67,32.41987569776171
11,68,31.34100252562016
11,69,31.134035742105052
11,70,33.732986486173616
11,71,31.466703644044486
11,72,28.611692962225977
11,73,27.003759132934004
11,74,25.138268375793654
11,75,25.1841451317766
11,76,23.825288745223542
11,77,25.37594034508892
11,78,24.78047763092412
11,79,28.227475665913303
11,80,27.847037732880914
11,81,30.042380696244816
11,82,27.657331978043704
11,83,24.215804236018727
11,84,22.400736674343992
11,85,20.256168843810602
11,86,16.515288719130133
11,87,15.130224153593655
11,88,18.81833782354071
11,89,19.470971719983556
11,90,16.637263288972363
11,91,16.64947693574862
11,92,19.474885386207326
11,93,19.743757019594742
11,94,21.80412916981779
11,95,23.037087811465575
12,1,19.008940168379073
12,2,17.573413286697132
12,3,17.292081063846748
12,4,17.443570948202982
12,5,13.999359003201313
12,6,12.45681990131557
12,7,9.525422524599547
12,8,10.599510250397415
12,9,9.707532530570928
12,10,5.974246705937719
12,11,3.7820348623738163
12,13,3.8061724214532964
12,14,6.809842875012694
12,15,8.60821337124047
12,16,6.4503349967809145
12,17,6.831695779408209
12,18,6.220869830893446
12,19,9.662836990681017
12,20,11.596459723681344
12,21,14.646999681048435
12,22,17.866304239075635
12,23,18.212649108032988
12,24,15.553195474467737
12,25,13.014866144044355
12,26,9.419303512479964
12,27,8.10308919083622
12,28,5.683981530787132
12,29,8.142276602499498
12,30,9.253572764558227
12,31,11.195212493366185
12,32,14.957724821014814
12,33,16.73100941892381
12,34,13.854460277570622
12,35,13.913240693880207
12,36,12.120225861049171
12,37,13.743503920682002
12,38,12.962743351884226
12,39,9.469314075608862
12,40,8.880235973601586
12,41,9.817873838474394
12,42,13.207164938665915
12,43,16.189099686305074
12,44,18.19012064902059
12,45,21.592912178076915
12,46,22.790711014444458
12,47,20.589113091805004
12,48,23.58689174799053
12,49,23.70929683881868
12,50,25.31883284552692
12,51,22.46179425915093
12,52,19.50341403950789
12,53,20.774684596729013
12,54,19.71996951732115
12,55,16.13827968997534
12,56,17.41617215531455
12,57,17.0643620480753
12,58,19.762449711701144
12,59,21.80930790591502
12,60,21.716810578868284
12,61,24.401463271352682
12,62,23.44175008545654
12,63,25.91057299793761
12,64,26.16056406076379
12,65,28.50127978714302
12,66,30.939487417668385
12,67,29.09125843824179
12,68,28.22632637456547
12,69,28.054712615220446
12,70,30.464837333207146
12,71,28.062279875972433
12,72,25.163352691873616
12,73,23.721158164892394
12,74,21.851013498828724
12,75,22.16664563433108
12,76,20.934692970984123
12,77,22.8132665140635
12,78,22.501796564760376
12,79,25.922518956481056
12,80,25.89978274264355
12,81,28.42126802291841
12,82,26.388060382926678
12,83,22.77734438475025
12,84,20.92675594429128
12,85,18.382689326222497
12,86,14.772167367897335
12,87,12.989333614598412
12,88,16.425671594944628
12,89,16.900415760050198
12,90,13.769050706063089
12,91,14.327771724107722
12,92,17.582195689651908
12,93,18.529918330488332
12,94,20.94965130349668
12,95,22.758363544817957
13,1,21.726407979540763
13,2,20.667063877136087
13,3,20.353538976037076
13,4,20.731569064533854
13,5,17.202034338814745
13,6,15.66613527384579
13,7,13.073274798473937
13,8,14.207656705430244
13,9,13.325224489150234
13,10,9.594373533803132
13,11,6.683150712503051
13,12,3.8061724214532964
13,14,3.7634762515327327
13,15,6.209317044793405
13,16,5.622922522677561
13,17,7.946739350198252
13,18,8.95535357080698
13,19,12.573566213236473
13,20,15.03252204963924
13,21,17.97306774432867
13,22,21.36558769009222
13,23,21.739578910941187
13,24,19.25229327896011
13,25,16.516633158401447
13,26,12.934976891395639
13,27,10.954838880855476
13,28,7.6821657046020615
13,29,8.676637128254917
13,30,8.242958005941938
13,31,10.224434710270197
13,32,13.81243605489529
13,33,14.778566675407426
13,34,11.526438246417934
13,35,11.630859228648482
13,36,9.979521337771807
13,37,11.014346429970203
13,38,10.652647001613804
13,39,7.403013973089968
13,40,5.721513279625552
13,41,6.818701250752766
13,42,9.91663972824679
13,43,13.133412075156079
13,44,15.543846638115923
13,45,18.94704333012609
13,46,20.51070721400445
13,47,18.821355695666057
13,48,22.12176840754294
13,49,22.840159089693184
13,50,24.438921233023787
13,51,21.430698662352487
13,52,18.950866960536924
13,53,20.471747734019758
13,54,18.89652469277605
13,55,15.637351410186902
13,56,17.61588942480083
13,57,18.044137446851508
13,58,20.827900537858984
13,59,23.151171571243886
13,60,22.6172985735736
13,61,24.843570624525068
13,62,23.317799958478655
13,63,25.40986688469466
13,64,25.126440135684177
13,65,27.221689823072705
13,66,29.288041099431993
13,67,27.07970613708689
13,68,26.076814065469296
13,69,25.493744292103564
13,70,27.892165800359304
13,71,25.726659118829957
13,72,23.147151866346647
13,73,22.137842771383614
13,74,20.782719467368118
13,75,21.710835062917596
13,76,21.084862158846892
13,77,23.49254216103402
13,78,23.756053494150255
13,79,27.200545666348436
13,80,27.664910995711747
13,81,30.383918797020634
13,82,28.584186147194817
13,83,24.877589054698518
13,84,22.764934465676244
13,85,19.776867242691164
13,86,16.34135353202626
13,87,13.813887433929857
13,88,16.803133116051523
13,89,17.63884398129318
13,90,14.474641247498248
13,91,15.933826451210782
13,92,19.490488241201625
13,93,20.99571088153974
13,94,23.745369915331437
13,95,25.888325862468694
14,1,21.893555974287377
14,2,21.37846528294112
14,3,21.138717517595467
14,4,22.054311472807612
14,5,18.625620849223175
14,6,16.81751718223767
14,7,14.82700413129599
14,8,16.178887780292058
14,9,15.96182170344381
14,10,12.448535667417417
14,11,9.157258017653053
14,12,6.809842875012694
14,13,3.7634762515327327
14,15,3.7856296431019203
14,16,5.5238983121583445
14,17,8.368296387782951
14,18,10.592398767971385
14,19,14.316113975870625
14,20,17.151092038835447
14,21,20.30074394422304
14,22,23.7110030524141
14,23,24.53421439172122
14,24,22.031515236777526
14,25,19.551125688580605
14,26,15.830748998206245
14,27,13.780058979876564
14,28,10.259982690282845
14,29,10.20363327335208
14,30,8.502762554262542
14,31,9.23288203287967
14,32,12.55487414303604
14,33,13.103744583704314
14,34,10.152820486735779
14,35,11.321786643471746
14,36,10.790338348016476
14,37,11.720290907752059
14,38,12.3505867586879
14,39,9.797811503477163
14,40,6.830736155106493
14,41,6.5359701604495895
14,42,8.40984855287112
14,43,11.082348256788938
14,44,14.025933249192596
14,45,17.025544699185374
14,46,19.15628806414218
14,47,17.80580729043735
14,48,21.401944861140453
14,49,22.469138215178248
14,50,24.462116486713125
14,51,21.701946991073
14,52,19.621216913056966
14,53,20.771103455954307
14,54,18.57923771571602
14,55,15.686112552225989
14,56,17.757733619933198
14,57,18.820971188921348
14,58,21.95393497375815
14,59,24.050435093254578
14,60,22.92608856291228
14,61,24.786503317216145
14,62,22.929272064496228
14,63,24.529011270483476
14,64,23.808351499589875
14,65,25.45430573407952
14,66,27.31081849872024
14,67,24.87431590777087
14,68,23.4643206619303
14,69,22.681961309944423
14,70,25.353300443028996
14,71,23.518949468463983
14,72,21.209166366047835
14,73,20.191499649844786
14,74,19.342780476406244
14,75,20.475112565032514
14,76,20.444426402474825
14,77,23.100359842308176
14,78,23.88815691057485
14,79,27.457053952235057
14,80,28.311422871235973
14,81,30.93463519912301
14,82,29.120984225158228
14,83,25.412450479218244
14,84,22.85326327926795
14,85,19.582188718000953
14,86,16.29321970081406
14,87,13.167831773008146
14,88,15.79476345802261
14,89,17.351707577133375
14,90,14.65613118498228
14,91,16.71071734756166
14,92,20.22446086088011
14,93,21.9690996830119
14,94,25.085490901726036
14,95,27.43323665391589
15,1,22.1568087583454
15,2,21.52378452774264
15,3,20.70739966114377
15,4,21.535196491431467
15,5,18.047236900854525
15,6,16.738834912275077
15,7,15.416079915498335
15,8,17.527789168826324
15,9,17.786864808274828
15,10,14.318993505465233
15,11,11.586759850872848
15,12,8.60821337124047
15,13,6.209317044793405
15,14,3.7856296431019203
15,16,3.777638022639342
15,17,7.039377938154245
15,18,10.267202457478724
15,19,13.615819228768821
15,20,16.975281042793235
15,21,19.88197743172806
15,22,23.44439076276435
15,23,24.631718705260194
15,24,22.54147392164063
15,25,20.03564951757911
15,26,16.293927233165874
15,27,13.718291542595901
15,28,10.009964848085582
15,29,8.629286126687417
15,30,5.977572488345537
15,31,5.750716802998774
15,32,8.837257704200502
15,33,9.478206099149604
15,34,6.923424787765689
15,35,8.915595130601845
15,36,9.508614772512002
15,37,11.297456694945742
15,38,12.920185766962819
15,39,11.132121113368344
15,40,7.775456811351207
15,41,5.4817157415034075
15,42,6.799911824729558
15,43,8.566612345159603
15,44,11.108657350487688
15,45,13.951524990229068
15,46,15.955838797070918
15,47,14.386861143687659
15,48,17.990882889083668
15,49,19.02500339557958
15,50,21.27151658051088
15,51,18.78796393428508
15,52,16.86480638832144
15,53,17.638944415341204
15,54,15.17229847682105
15,55,12.494101641808902
15,56,14.591573633407897
15,57,16.13438659621244
15,58,19.400085126741192
15,59,21.397499898130736
15,60,19.89319757884245
15,61,21.456396160778095
15,62,19.410385295720257
15,63,20.833663740147376
15,64,20.04352530437928
15,65,21.685932279234002
15,66,23.624895607416057
15,67,21.321973365609132
15,68,20.054161893555563
15,69,19.59264695378137
15,70,22.20003684968865
15,71,20.149681204464436
15,72,17.643375011397264
15,73,16.458815442281757
15,74,15.565070249549622
15,75,16.77741258068688
15,76,16.97095769576249
15,77,19.834207012783228
15,78,20.97407811901998
15,79,24.49753731268043
15,80,25.703319902104674
15,81,28.4154075431778
15,82,26.860819104861694
15,83,23.15000161026298
15,84,20.490249012767293
15,85,16.97090583394676
15,86,14.056571916042921
15,87,10.620410267819672
15,88,12.677672335965722
15,89,14.307913231177967
15,90,11.821610332765808
15,91,14.442408097770304
15,92,17.981458606514014
15,93,20.196700604564118
15,94,23.58226390527835
15,95,26.316957713674213
16,1,20.323213960799176
16,2,19.13375422694322
16,3,17.989142136059613
16,4,18.36418182809164
16,5,14.743120979046427
16,6,13.837946569743567
16,7,12.442566175641577
16,8,14.901133086984967
16,9,15.166482883492483
16,10,11.76237632739267
16,11,9.807260644217395
16,12,6.4503349967809145
16,13,5.622922522677561
16,14,5.5238983121583445
16,15,3.777638022639342
16,17,3.7772321237680258
16,18,6.781021571735059
16,19,9.994368852040868
16,20,13.404751443770287
16,21,16.16774334478194
16,22,19.779688458828915
16,23,20.937358255346883
16,24,19.004559457475924
16,25,16.451977232764683
16,26,12.748728543454368
16,27,10.057030818535962
16,28,6.433216687296987
16,29,5.24615875309761
16,30,3.971862680850763
16,31,4.836363691857778
16,32,8.610546087534265
16,33,10.445336011213199
16,34,8.06066866246732
16,35,9.221609086508934
16,36,9.135257932940267
16,37,11.749596486474557
16,38,12.83462483096219
16,39,10.673530802713971
16,40,8.242798907171725
16,41,6.407864773693055
16,42,9.052256945028304
16,43,11.007440909495935
16,44,12.65518707012952
16,45,15.75745097718275
16,46,16.9903703879145
16,47,14.69052776287334
16,48,17.870898914607334
16,49,18.202962360298162
16,50,20.304671373244144
16,51,17.80101431589822
16,52,15.243965214962264
16,53,15.980404326238302
16,54,14.186252941622646
16,55,10.899905583496297
16,56,12.508071572031586
16,57,13.322717542912278
16,58,16.529311709421528
16,59,18.53008819410872
16,60,17.497914821697954
16,61,19.56462720614723
16,62,18.03401864619778
16,63,20.06534307945693
16,64,19.96389646990415
16,65,22.132345777039248
16,66,24.518289117000524
16,67,22.689064989039434
16,68,21.87205383036951
16,69,21.93452972773229
16,70,24.305304129856488
16,71,21.80859263976454
16,72,18.830715653152993
16,73,17.2832002195417
16,74,15.56067497001342
16,75,16.175798253435183
16,76,15.526882761175797
16,77,17.999027684077486
16,78,18.55728757218599
16,79,22.062552671945625
16,80,22.883750134253358
16,81,25.635222009094125
16,82,24.033490458211062
16,83,20.28951625256867
16,84,17.960758859273767
16,85,14.670147029946994
16,86,11.532509990819127
16,87,8.659253983599255
16,88,11.305691928482457
16,89,12.191379788534533
16,90,9.222578576811047
16,91,11.290978408987689
16,92,14.915317865500269
16,93,16.978568814870403
16,94,20.19256991311067
16,95,22.87686079424621
17,1,17.10600214058783
17,2,15.655716245033707
17,3,14.276235022100655
17,4,14.642533877643958
17,5,11.071906476693226
17,6,10.259624928963964
17,7,9.38246313547969
17,8,12.355369427596386
17,9,13.312030032206096
17,10,10.481226661857646
17,11,9.420855854627217
17,12,6.831695779408209
17,13,7.946739350198252
17,14,8.368296387782951
17,15,7.039377938154245
17,16,3.7772321237680258
17,18,3.7905627994916764
17,19,6.716541119417598
17,20,10.19552072205361
17,21,13.13573785722822
17,22,16.608165127921012
17,23,18.18550752122899
17,24,16.26340443376478
17,25,14.183478334640668
17,26,10.539155400172417
17,27,8.392454661295464
17,28,5.7605219196744
17,29,5.443221157225538
17,30,6.1965744738360025
17,31,6.155831083363835
17,32,9.666726015046514
17,33,12.499364647069795
17,34,10.94949609325322
17,35,12.21125426031827
17,36,12.144905183556379
17,37,15.098066596286351
17,38,15.87603751141363
17,39,13.448573682911796
17,40,11.623401599454057
17,41,10.08617920042047
17,42,12.732924319703017
17,43,14.310097128143292
17,44,15.553067226851795
17,45,18.393004177690646
17,46,19.297646533948576
17,47,16.502742952463542
17,48,19.277397884112442
17,49,18.895414902475018
17,50,21.182553423084492
17,51,19.060195924235067
17,52,16.085390299714554
17,53,16.222066416870366
17,54,14.923897318464114
17,55,11.42737433883824
17,56,11.869550052293873
17,57,11.850440669644307
17,58,15.230244011088828
17,59,16.659758623267876
17,60,15.861567881149629
17,61,18.4195437410061
17,62,17.572141900124183
17,63,19.9103607492801
17,64,20.41127279506365
17,65,22.716925233060607
17,66,25.52388785224175
17,67,24.15239531420321
17,68,23.400274287964283
17,69,23.967489206406217
17,70,26.395279811924745
17,71,23.74506875490846
17,72,20.494026077472117
17,73,18.34736987953006
17,74,16.08853852581997
17,75,15.803053326295828
17,76,14.478340892026536
17,77,16.272746395297485
17,78,16.28565175258724
17,79,19.89510087721681
17,80,20.30135877464048
17,81,22.77876551058739
17,82,20.86192463424881
17,83,17.155215276636195
17,84,14.843431608681572
17,85,11.880111771766128
17,86,8.394955901128709
17,87,6.208567194660456
17,88,9.611157339578334
17,89,10.298522659152004
17,90,7.634664862635435
17,91,8.700795050118494
17,92,12.000124483429879
17,93,13.60316389483374
17,94,16.790443072492927
17,95,19.341900363875034
18,1,15.67079364949098
18,2,13.605765369227285
18,3,12.271381983745831
18,4,12.079655692500245
18,5,8.403325921130799
18,6,7.746271345476632
18,7,6.171097759618008
18,8,9.246518008495777
18,9,10.085070361666743
18,10,7.669930230477293
18,11,7.924302175464042
18,12,6.220869830893446
18,13,8.95535357080698
18,14,10.592398767971385
18,15,10.267202457478724
18,16,6.781021571735059
18,17,3.7905627994916764
18,19,3.7896798177584783
18,20,6.722603604620457
18,21,9.885771025903917
18,22,13.279464141449347
18,23,14.637641951562623
18,24,12.520323944613347
18,25,10.53290179201369
18,26,6.893239025501451
18,27,5.542546157752195
18,28,4.513402044112489
18,29,6.38910241487409
18,30,8.788097546751068
18,31,9.642335156076872
18,32,12.982024587448155
18,33,15.93749889759734
18,34,14.210185566745675
18,35,14.798237990914473
18,36,13.955272350673486
18,37,16.815882609259837
18,38,16.827075001681123
18,39,14.016829278621968
18,40,13.144237588264122
18,41,12.496571198427933
18,42,15.649482243408423
18,43,17.644931973743518
18,44,18.769138542069705
18,45,21.798645780166154
18,46,22.406268395598364
18,47,19.43468010226955
18,48,21.88824228504422
18,49,21.103235327116757
18,50,23.058338928853892
18,51,20.862767591905868
18,52,17.50564448406895
18,53,17.80441439647411
18,54,17.228378058133824
18,55,13.541383062314255
18,56,13.506654637245198
18,57,12.40544831114349
18,58,15.322371876182178
18,59,16.64722108735906
18,60,16.662344316316396
18,61,19.72868065568428
18,62,19.48495454046779
18,63,22.24478158209488
18,64,23.21338786405808
18,65,25.777619973277165
18,66,28.751979549838023
18,67,27.591277156466436
18,68,27.021792487676926
18,69,27.688238415233105
18,70,30.017655512957184
18,71,27.238313845119844
18,72,23.87299253931467
18,73,21.692420935422412
