1,2,3.850046236886233
1,3,6.1575095846156485
1,4,8.85000279099085
1,5,12.44273940415201
1,6,14.774328364976412
1,7,16.392797478509657
1,8,13.203319434195576
1,9,11.483764688768385
1,10,8.523782755017637
1,11,10.71334579709109
1,12,10.286231619030914
1,13,13.050016286233328
1,14,12.292937608847799
1,15,8.522988225975288
1,16,7.909885592719743
1,17,9.32181463184295
1,18,13.01668434255457
1,19,15.995123696787939
1,20,16.16349497407407
1,21,19.743452207903157
1,22,18.994561489569353
1,23,17.992507384611372
1,24,20.51334949672623
1,25,20.431919742410045
1,26,18.348187952150525
1,27,21.219014180841807
1,28,21.706176700550248
1,29,21.165962789222277
1,30,18.22542451907119
1,31,18.57234094319464
2,1,3.850046236886233
2,3,3.874591094883571
2,4,5.803897967272206
2,5,9.545160455044714
2,6,11.304899599911614
2,7,12.920337800591819
2,8,9.978211522184742
2,9,8.123164091620607
2,10,5.849422971781231
2,11,9.028456926249707
2,12,9.527282475812934
2,13,12.749512349312802
2,14,12.279569975843202
2,15,8.907500961826198
2,16,7.450791784276851
2,17,7.329879364534427
2,18,10.766101311383018
2,19,13.182364564558952
2,20,12.908171215989961
2,21,16.625252140422422
2,22,16.390433780257066
2,23,15.29275929547977
2,24,17.618620577249473
2,25,17.120969588867442
2,26,15.136564668559542
2,27,18.17103807746544
2,28,18.49874785339168
2,29,18.37449389858327
2,30,15.561248201818108
2,31,15.945485819624318
3,1,6.1575095846156485
3,2,3.874591094883571
3,4,3.8134795362004406
3,5,6.829884229914613
3,6,9.22654118261265
3,7,11.659670768859236
3,8,9.299199992850262
3,9,8.906675154159887
3,10,8.043997937033435
3,11,11.605001589821669
3,12,12.932369320873027
3,13,15.88728077091767
3,14,14.817883641229614
3,15,11.733752712176553
3,16,9.214866923023218
3,17,7.943654428653941
3,18,11.276084029349072
3,19,13.065508302235873
3,20,13.323080003993729
3,21,17.006898060864213
3,22,17.37928469767749
3,23,16.91346157076863
3,24,19.345457130714788
3,25,18.464068396179982
3,26,16.926017222643615
3,27,20.143532187139755
3,28,20.087511514348762
3,29,20.39060188289474
3,30,17.51120419984207
3,31,17.29699103652466
4,1,8.85000279099085
4,2,5.803897967272206
4,3,3.8134795362004406
4,5,3.7926389587081126
4,6,6.134573150877003
4,7,8.007963513545995
4,8,5.578726828230895
4,9,6.11049209868841
4,10,6.641873809037786
4,11,10.190581866326186
4,12,12.547675829345994
4,13,15.166792375791525
4,14,13.925856178732326
4,15,11.617796902662135
4,16,8.470451850011651
4,17,5.742382136770174
4,18,8.283811729758483
4,19,9.468117136901528
4,20,9.957162507617058
4,21,13.512651624549974
4,22,14.181057419056875
4,23,14.162196984316124
4,24,16.73115811035847
4,25,15.881600731897686
4,26,15.024470683275114
4,27,18.552305240435327
4,28,18.79352448479538
4,29,19.779192459551258
4,30,17.459562518628722
4,31,17.687228918715725
5,1,12.44273940415201
5,2,9.545160455044714
5,3,6.829884229914613
5,4,3.7926389587081126
5,6,3.8104446784005304
5,7,6.212370094286064
5,8,5.437248506273659
5,9,7.880429972695477
5,10,9.708888728493942
5,11,12.954320313277558
5,12,15.805746796239488
5,13,18.130152644900278
5,14,16.63536379260247
5,15,14.829716827191882
5,16,11.351563307459218
5,17,8.029253545320366
5,18,9.346692149649794
5,19,9.193157518270421
5,20,10.174878703053016
5,21,13.21280063035746
5,22,14.628611682898425
5,23,15.292084831520693
5,24,17.75670140084071
5,25,16.600717255554326
5,26,16.42183431685302
5,27,19.986780284895286
5,28,20.019028108043884
5,29,21.546151206691988
5,30,19.483466324882297
5,31,19.463772495417786
6,1,14.774328364976412
6,2,11.304899599911614
6,3,9.22654118261265
6,4,6.134573150877003
6,5,3.8104446784005304
6,7,3.8471252634841946
6,8,5.268051896669574
6,9,7.5662140578277635
6,10,10.503133735107177
6,11,13.654060520413623
6,12,16.598987663816786
6,13,19.074187057422122
6,14,18.165882482949733
6,15,16.645847224179807
6,16,13.51264702212981
6,17,9.915558211268415
6,18,10.26514105929949
6,19,8.925216325735905
6,20,8.756192829086146
6,21,11.568938686798026
6,22,13.821761005938555
6,23,14.18852248669554
6,24,15.994076768522778
6,25,14.203439622231956
6,26,14.257288181125057
6,27,17.6345476797512
6,28,17.366778138684143
6,29,19.315358493917156
6,30,17.623769130856996
6,31,17.605492345715568
7,1,16.392797478509657
7,2,12.920337800591819
7,3,11.659670768859236
7,4,8.007963513545995
7,5,6.212370094286064
7,6,3.8471252634841946
7,8,3.8190341840534954
7,9,6.666692458532648
7,10,10.24932676652476
7,11,12.538215157504666
7,12,15.929559403491655
7,13,17.857914637213543
7,14,16.98148243795725
7,15,16.25870535752995
7,16,13.253836452680575
7,17,9.478684927282034
7,18,8.37609548157021
7,19,5.8886589959566615
7,20,5.723297928809643
7,21,7.920735630879828
7,22,10.48247256585502
7,23,11.34282827935123
7,24,13.216462166630759
7,25,11.79819079187396
7,26,12.764650891268207
7,27,16.299752439605935
7,28,16.700195827502913
7,29,19.134272708369398
7,30,18.144448585365737
7,31,18.85767885782573
8,1,13.203319434195576
8,2,9.978211522184742
8,3,9.299199992850262
8,4,5.578726828230895
8,5,5.437248506273659
8,6,5.268051896669574
8,7,3.8190341840534954
8,9,3.794957749148933
8,10,6.8344025971540345
8,11,9.138301748803316
8,12,12.581871675415291
8,13,14.456435268413706
8,14,13.354475758505671
8,15,12.492462314059829
8,16,9.436386734541308
8,17,5.674386342836709
8,18,5.059850854714136
8,19,4.265850236561463
8,20,4.881150773205238
8,21,8.084669962618657
8,22,9.258024952972917
8,23,9.92874492486365
8,24,12.58102040649318
8,25,11.968225777556126
8,26,12.370808466156921
8,27,16.15581626427124
8,28,17.0382234166576
8,29,18.94108254440221
8,30,17.66136732475937
8,31,18.688506227828604
9,1,11.483764688768385
9,2,8.123164091620607
9,3,8.906675154159887
9,4,6.11049209868841
9,5,7.880429972695477
9,6,7.5662140578277635
9,7,6.666692458532648
9,8,3.794957749148933
9,10,3.81142279786639
9,11,6.292082772100429
9,12,9.34827636132143
9,13,11.71065170576681
9,14,11.43605562731767
9,15,10.30131363627688
9,16,8.139197483502981
9,17,5.242395458563576
9,18,5.381596818836494
9,19,6.086207930055429
9,20,4.798534443042122
9,21,8.552864908773742
9,22,8.952822441206624
9,23,8.186198991979563
9,24,10.6422074567235
9,25,10.160516279891752
9,26,9.664594954438025
9,27,13.423121762121312
9,28,14.538994033643329
9,29,15.993746676008366
9,30,14.66976985272105
9,31,16.124234547716885
10,1,8.523782755017637
10,2,5.849422971781231
10,3,8.043997937033435
10,4,6.641873809037786
10,5,9.708888728493942
10,6,10.503133735107177
10,7,10.24932676652476
10,8,6.8344025971540345
10,9,3.81142279786639
10,11,3.8373653687898694
10,12,6.163477286513341
10,13,8.918112071071924
10,14,8.70682367709454
10,15,6.815868199401192
10,16,5.325686814637875
10,17,4.2509201254394
10,18,6.141173303735147
10,19,8.648073678340847
10,20,8.029879677730488
10,21,11.470584892280911
10,22,10.726639218487765
10,23,9.556007147491806
10,24,12.227424167043038
10,25,12.428602990349235
10,26,11.181597275090716
10,27,14.644805546172513
10,28,15.985890685024305
10,29,16.63710095881621
10,30,14.935079766601653
10,31,16.52430270761989
11,1,10.71334579709109
11,2,9.028456926249707
11,3,11.605001589821669
11,4,10.190581866326186
11,5,12.954320313277558
11,6,13.654060520413623
11,7,12.538215157504666
11,8,9.138301748803316
11,9,6.292082772100429
11,10,3.8373653687898694
11,12,3.8279955143611457
11,13,5.434424160579212
11,14,5.679565667497643
11,15,5.2552468632474865
11,16,5.40700228898416
11,17,5.889175693881479
11,18,6.2918164866648505
11,19,9.201428180675252
11,20,8.714118810849348
11,21,11.280161785965198
11,22,9.33070431139737
11,23,7.970841805270102
11,24,10.92117613184234
11,25,12.27381925244988
11,26,11.399211294635455
11,27,14.64676690780663
11,28,16.815008422991923
11,29,17.44300806978803
11,30,16.372182289004627
11,31,18.634459280526425
12,1,10.286231619030914
12,2,9.527282475812934
12,3,12.932369320873027
12,4,12.547675829345994
12,5,15.805746796239488
12,6,16.598987663816786
12,7,15.929559403491655
12,8,12.581871675415291
12,9,9.34827636132143
12,10,6.163477286513341
12,11,3.8279955143611457
12,13,3.8141082453138853
12,14,5.904234560750255
12,15,4.745876821144435
12,16,7.1107601033111525
12,17,8.925105453908866
12,18,10.050388087208905
12,19,13.01226378504203
12,20,12.165867972833883
12,21,14.688114055739247
12,22,12.602215286078568
12,23,10.571522546260022
12,24,12.79728788180189
12,25,14.197502055511112
12,26,12.506582284631644
12,27,15.093882991923087
12,28,17.25602804222654
12,29,17.068737338542707
12,30,15.837078429654
12,31,18.25438739323018
13,1,13.050016286233328
13,2,12.749512349312802
13,3,15.88728077091767
13,4,15.166792375791525
13,5,18.130152644900278
13,6,19.074187057422122
13,7,17.857914637213543
13,8,14.456435268413706
13,9,11.71065170576681
13,10,8.918112071071924
13,11,5.434424160579212
13,12,3.8141082453138853
13,14,3.8087004741204953
13,15,5.28042561770308
13,16,8.184427461078936
13,17,10.467436981937778
13,18,10.758872449420783
13,19,13.823082944200722
13,20,13.524869686307566
13,21,15.291533264798037
13,22,12.404468863167926
13,23,10.88532565132578
13,24,13.347702770305819
13,25,15.628374504135667
13,26,14.626577469409222
13,27,17.100511431123792
13,28,19.794940311600588
13,29,19.82441229832187
13,30,19.07941912431183
13,31,21.769153209097077
14,1,12.292937608847799
14,2,12.279569975843202
14,3,14.817883641229614
14,4,13.925856178732326
14,5,16.63536379260247
14,6,18.165882482949733
14,7,16.98148243795725
14,8,13.354475758505671
14,9,11.43605562731767
14,10,8.70682367709454
14,11,5.679565667497643
14,12,5.904234560750255
14,13,3.8087004741204953
14,15,3.8262932256407867
14,16,5.891817048966226
14,17,8.612865609128972
14,18,9.024947300417578
14,19,12.526620800912044
14,20,13.286593031731606
14,21,15.066579144925344
14,22,12.123913527466982
14,23,11.739466785438061
14,24,14.921995329302293
14,25,17.142714381787222
14,26,16.61293103423781
14,27,19.575198929227813
14,28,22.097726040088205
14,29,22.46540491524039
14,30,21.443289212465153
14,31,23.77511745192148
15,1,8.522988225975288
15,2,8.907500961826198
15,3,11.733752712176553
15,4,11.617796902662135
15,5,14.829716827191882
15,6,16.645847224179807
15,7,16.25870535752995
15,8,12.492462314059829
15,9,10.30131363627688
15,10,6.815868199401192
15,11,5.2552468632474865
15,12,4.745876821144435
15,13,5.28042561770308
15,14,3.8262932256407867
15,16,3.8400770544397758
15,17,7.273892523726748
15,18,9.232277881802489
15,19,12.931033095895925
15,20,13.436680357798922
15,21,16.02907136368949
15,22,13.786481525541259
15,23,12.998824014857902
15,24,16.024406354519975
15,25,17.499789599399065
15,26,16.303974705262437
15,27,19.310179794745153
15,28,21.276228146973367
15,29,21.286150799201724
15,30,19.6538519508296
15,31,21.543451548992337
16,1,7.909885592719743
16,2,7.450791784276851
16,3,9.214866923023218
16,4,8.470451850011651
16,5,11.351563307459218
16,6,13.51264702212981
16,7,13.253836452680575
16,8,9.436386734541308
16,9,8.139197483502981
16,10,5.325686814637875
16,11,5.40700228898416
16,12,7.1107601033111525
16,13,8.184427461078936
16,14,5.891817048966226
16,15,3.8400770544397758
16,17,3.816857031686364
16,18,6.493869502830161
16,19,10.231433864412065
16,20,11.397934764002024
16,21,14.206858020563088
16,22,12.523258592383655
16,23,12.47168570821732
16,24,15.828933223048773
16,25,16.87524896859151
16,26,16.09709547589292
16,27,19.53030861287124
16,28,21.189232783956573
16,29,21.694968982985316
16,30,19.922505341663065
16,31,21.427780365189026
17,1,9.32181463184295
17,2,7.329879364534427
17,3,7.943654428653941
17,4,5.742382136770174
17,5,8.029253545320366
17,6,9.915558211268415
17,7,9.478684927282034
17,8,5.674386342836709
17,9,5.242395458563576
17,10,4.2509201254394
17,11,5.889175693881479
17,12,8.925105453908866
17,13,10.467436981937778
17,14,8.612865609128972
17,15,7.273892523726748
17,16,3.816857031686364
17,18,3.80251503846226
17,19,7.000446946184469
17,20,8.35886236950035
17,21,11.401718139370617
17,22,10.559387137843766
17,23,10.913607344358597
17,24,14.257300379290523
17,25,14.763343294738956
17,26,14.413830686590275
17,27,18.11238169323778
17,28,19.5066409167411
17,29,20.559494362150776
17,30,18.901536524322218
17,31,20.20921199654607
18,1,13.01668434255457
18,2,10.766101311383018
18,3,11.276084029349072
18,4,8.283811729758483
18,5,9.346692149649794
18,6,10.26514105929949
18,7,8.37609548157021
18,8,5.059850854714136
18,9,5.381596818836494
18,10,6.141173303735147
18,11,6.2918164866648505
18,12,10.050388087208905
18,13,10.758872449420783
18,14,9.024947300417578
18,15,9.232277881802489
18,16,6.493869502830161
18,17,3.80251503846226
18,19,3.8295484951694054
18,20,5.93901448340737
18,21,8.160870578322752
18,22,7.061120973416762
18,23,8.311809746214365
18,24,11.911623231337568
18,25,12.855784697479926
18,26,13.460317042936381
18,27,17.229372887818272
18,28,19.061107562037094
18,29,20.687705317243932
18,30,19.70349736002846
18,31,21.4181538015556
19,1,15.995123696787939
19,2,13.182364564558952
19,3,13.065508302235873
19,4,9.468117136901528
19,5,9.193157518270421
19,6,8.925216325735905
19,7,5.8886589959566615
19,8,4.265850236561463
19,9,6.086207930055429
19,10,8.648073678340847
19,11,9.201428180675252
19,12,13.01226378504203
19,13,13.823082944200722
19,14,12.526620800912044
19,15,12.931033095895925
19,16,10.231433864412065
19,17,7.000446946184469
19,18,3.8295484951694054
19,20,3.8223545342000564
19,21,5.228630640097592
19,22,5.756913621909336
19,23,7.820394216529901
19,24,10.926361703075779
19,25,11.349271479797821
19,26,12.827352127484394
19,27,16.575479461398547
19,28,18.23524659734416
19,29,20.48996256983135
19,30,19.90493595095318
19,31,21.536426053344528
20,1,16.16349497407407
20,2,12.908171215989961
20,3,13.323080003993729
20,4,9.957162507617058
20,5,10.174878703053016
20,6,8.756192829086146
20,7,5.723297928809643
20,8,4.881150773205238
20,9,4.798534443042122
20,10,8.029879677730488
20,11,8.714118810849348
20,12,12.165867972833883
20,13,13.524869686307566
20,14,13.286593031731606
20,15,13.436680357798922
20,16,11.397934764002024
20,17,8.35886236950035
20,18,5.93901448340737
20,19,3.8223545342000564
20,21,3.7987017182274774
20,22,5.38100729868094
20,23,5.6255362493093575
20,24,7.942094074188136
20,25,7.691435512991751
20,26,9.1068944402165
20,27,12.828873969623826
20,28,14.45551900457815
20,29,16.849286083869522
20,30,16.56232268023724
20,31,18.413349898989093
21,1,19.743452207903157
21,2,16.625252140422422
21,3,17.006898060864213
21,4,13.512651624549974
21,5,13.21280063035746
21,6,11.568938686798026
21,7,7.920735630879828
21,8,8.084669962618657
21,9,8.552864908773742
21,10,11.470584892280911
21,11,11.280161785965198
21,12,14.688114055739247
21,13,15.291533264798037
21,14,15.066579144925344
21,15,16.02907136368949
21,16,14.206858020563088
21,17,11.401718139370617
21,18,8.160870578322752
21,19,5.228630640097592
21,20,3.7987017182274774
21,22,3.820510288480172
21,23,5.498891131043993
21,24,7.226439812891013
21,25,7.670170020480662
21,26,10.449207022349627
21,27,13.70921386514092
21,28,15.750325794442965
21,29,18.592723279446783
21,30,18.9995168874966
21,31,21.12074613070482
22,1,18.994561489569353
22,2,16.390433780257066
22,3,17.37928469767749
22,4,14.181057419056875
22,5,14.628611682898425
22,6,13.821761005938555
22,7,10.48247256585502
22,8,9.258024952972917
22,9,8.952822441206624
22,10,10.726639218487765
22,11,9.33070431139737
22,12,12.602215286078568
22,13,12.404468863167926
22,14,12.123913527466982
22,15,13.786481525541259
22,16,12.523258592383655
22,17,10.559387137843766
22,18,7.061120973416762
22,19,5.756913621909336
22,20,5.38100729868094
22,21,3.820510288480172
22,23,3.8191297429590456
22,24,6.867859741858335
22,25,8.977221607316292
22,26,11.277041802818268
22,27,14.495421332330428
22,28,17.163013875398256
22,29,19.530439496564245
22,30,19.920765548601036
22,31,22.422371236294058
23,1,17.992507384611372
23,2,15.29275929547977
23,3,16.91346157076863
23,4,14.162196984316124
23,5,15.292084831520693
23,6,14.18852248669554
23,7,11.34282827935123
23,8,9.92874492486365
23,9,8.186198991979563
23,10,9.556007147491806
23,11,7.970841805270102
23,12,10.571522546260022
23,13,10.88532565132578
23,14,11.739466785438061
23,15,12.998824014857902
23,16,12.47168570821732
23,17,10.913607344358597
23,18,8.311809746214365
23,19,7.820394216529901
23,20,5.6255362493093575
23,21,5.498891131043993
23,22,3.8191297429590456
23,24,3.8078246890544425
23,25,6.303546385280376
23,26,7.967119856608116
23,27,11.049279331470048
23,28,13.98079016789544
23,29,16.075652146385238
23,30,16.651224596344193
23,31,19.469709831230766
24,1,20.51334949672623
24,2,17.618620577249473
24,3,19.345457130714788
24,4,16.73115811035847
24,5,17.75670140084071
24,6,15.994076768522778
24,7,13.216462166630759
24,8,12.58102040649318
24,9,10.6422074567235
24,10,12.227424167043038
24,11,10.92117613184234
24,12,12.79728788180189
24,13,13.347702770305819
24,14,14.921995329302293
24,15,16.024406354519975
24,16,15.828933223048773
24,17,14.257300379290523
24,18,11.911623231337568
24,19,10.926361703075779
24,20,7.942094074188136
24,21,7.226439812891013
24,22,6.867859741858335
24,23,3.8078246890544425
24,25,3.830665905354189
24,26,6.161491310483293
24,27,8.308924867604512
24,28,11.576380013181845
24,29,13.974355950578722
24,30,15.375384471728728
24,31,18.479259140116653
25,1,20.431919742410045
25,2,17.120969588867442
25,3,18.464068396179982
25,4,15.881600731897686
25,5,16.600717255554326
25,6,14.203439622231956
25,7,11.79819079187396
25,8,11.968225777556126
25,9,10.160516279891752
25,10,12.428602990349235
25,11,12.27381925244988
25,12,14.197502055511112
25,13,15.628374504135667
25,14,17.142714381787222
25,15,17.499789599399065
25,16,16.87524896859151
25,17,14.763343294738956
25,18,12.855784697479926
25,19,11.349271479797821
25,20,7.691435512991751
25,21,7.670170020480662
25,22,8.977221607316292
25,23,6.303546385280376
25,24,3.830665905354189
25,26,3.868623249549827
25,27,6.195294307307966
25,28,8.619500495061367
25,29,11.601712998451076
25,30,13.009411724804561
25,31,15.764412415619033
26,1,18.348187952150525
26,2,15.136564668559542
26,3,16.926017222643615
26,4,15.024470683275114
26,5,16.42183431685302
26,6,14.257288181125057
26,7,12.764650891268207
26,8,12.370808466156921
26,9,9.664594954438025
26,10,11.181597275090716
26,11,11.399211294635455
26,12,12.506582284631644
26,13,14.626577469409222
26,14,16.61293103423781
26,15,16.303974705262437
26,16,16.09709547589292
26,17,14.413830686590275
26,18,13.460317042936381
26,19,12.827352127484394
26,20,9.1068944402165
26,21,10.449207022349627
26,22,11.277041802818268
26,23,7.967119856608116
26,24,6.161491310483293
26,25,3.868623249549827
26,27,3.8323650075054743
26,28,6.078142846263449
26,29,8.296358257761586
26,30,9.34522648047604
26,31,12.348500809175608
27,1,21.219014180841807
27,2,18.17103807746544
27,3,20.143532187139755
27,4,18.552305240435327
27,5,19.986780284895286
27,6,17.6345476797512
27,7,16.299752439605935
27,8,16.15581626427124
27,9,13.423121762121312
27,10,14.644805546172513
27,11,14.64676690780663
27,12,15.093882991923087
27,13,17.100511431123792
27,14,19.575198929227813
27,15,19.310179794745153
27,16,19.53030861287124
27,17,18.11238169323778
27,18,17.229372887818272
27,19,16.575479461398547
27,20,12.828873969623826
27,21,13.70921386514092
27,22,14.495421332330428
27,23,11.049279331470048
27,24,8.308924867604512
27,25,6.195294307307966
27,26,3.8323650075054743
27,28,3.8688401534654857
27,29,5.9915046582348435
27,30,8.543875386413433
27,31,11.91361172683778
28,1,21.706176700550248
28,2,18.49874785339168
28,3,20.087511514348762
28,4,18.79352448479538
28,5,20.019028108043884
28,6,17.366778138684143
28,7,16.700195827502913
28,8,17.0382234166576
28,9,14.538994033643329
28,10,15.985890685024305
28,11,16.815008422991923
28,12,17.25602804222654
28,13,19.794940311600588
28,14,22.097726040088205
28,15,21.276228146973367
28,16,21.189232783956573
28,17,19.5066409167411
28,18,19.061107562037094
28,19,18.23524659734416
28,20,14.45551900457815
28,21,15.750325794442965
28,22,17.163013875398256
28,23,13.98079016789544
28,24,11.576380013181845
28,25,8.619500495061367
28,26,6.078142846263449
28,27,3.8688401534654857
28,29,3.832989161662512
28,30,6.4123810262006975
28,31,9.078541920083572
29,1,21.165962789222277
29,2,18.37449389858327
29,3,20.39060188289474
29,4,19.779192459551258
29,5,21.546151206691988
29,6,19.315358493917156
29,7,19.134272708369398
29,8,18.94108254440221
29,9,15.993746676008366
29,10,16.63710095881621
29,11,17.44300806978803
29,12,17.068737338542707
29,13,19.82441229832187
29,14,22.46540491524039
29,15,21.286150799201724
29,16,21.694968982985316
29,17,20.559494362150776
29,18,20.687705317243932
29,19,20.48996256983135
29,20,16.849286083869522
29,21,18.592723279446783
29,22,19.530439496564245
29,23,16.075652146385238
29,24,13.974355950578722
29,25,11.601712998451076
29,26,8.296358257761586
29,27,5.9915046582348435
29,28,3.832989161662512
29,30,3.9104945720666406
29,31,7.11957095519311
30,1,18.22542451907119
30,2,15.561248201818108
30,3,17.51120419984207
30,4,17.459562518628722
30,5,19.483466324882297
30,6,17.623769130856996
30,7,18.144448585365737
30,8,17.66136732475937
30,9,14.66976985272105
30,10,14.935079766601653
30,11,16.372182289004627
30,12,15.837078429654
30,13,19.07941912431183
30,14,21.443289212465153
30,15,19.6538519508296
30,16,19.922505341663065
30,17,18.901536524322218
30,18,19.70349736002846
30,19,19.90493595095318
30,20,16.56232268023724
30,21,18.9995168874966
30,22,19.920765548601036
30,23,16.651224596344193
30,24,15.375384471728728
30,25,13.009411724804561
30,26,9.34522648047604
30,27,8.543875386413433
30,28,6.4123810262006975
30,29,3.9104945720666406
30,31,3.878037671426883
31,1,18.57234094319464
31,2,15.945485819624318
31,3,17.29699103652466
31,4,17.687228918715725
31,5,19.463772495417786
31,6,17.605492345715568
31,7,18.85767885782573
31,8,18.688506227828604
31,9,16.124234547716885
31,10,16.52430270761989
31,11,18.634459280526425
31,12,18.25438739323018
31,13,21.769153209097077
31,14,23.77511745192148
31,15,21.543451548992337
31,16,21.427780365189026
31,17,20.20921199654607
31,18,21.4181538015556
31,19,21.536426053344528
31,20,18.413349898989093
31,21,21.12074613070482
31,22,22.422371236294058
31,23,19.469709831230766
31,24,18.479259140116653
31,25,15.764412415619033
31,26,12.348500809175608
31,27,11.91361172683778
31,28,9.078541920083572
31,29,7.11957095519311
31,30,3.878037671426883
