1,2,3.772198320937765
1,3,6.496239127814363
1,4,8.561866390168616
1,5,11.41680198339879
1,6,14.85289969509595
1,7,17.880547157327314
1,8,20.76707475558393
1,9,24.44108933333269
1,10,27.804072710306414
1,11,28.004751000482646
1,12,31.73777798571382
1,13,33.911027028528295
1,14,34.68408138704486
1,15,38.34758713201811
1,16,40.43502461448462
1,17,44.18728746889776
1,18,45.49723231788958
1,19,45.673119999342184
1,20,43.14008711225478
1,21,39.62778488248346
1,22,36.47666601870044
1,23,32.97745777953315
1,24,30.00280052044036
1,25,26.876647738815358
1,26,23.35337124603401
1,27,19.988668124435033
1,28,16.305275361958916
1,29,14.67528394903457
1,30,12.736603456661344
1,31,14.896261943168557
1,32,13.950530961406791
1,33,16.102491260283493
1,34,17.26132585362787
1,35,19.886607820821084
1,36,18.981123652163603
1,37,17.844291071330048
1,38,20.570728193013526
1,39,22.05738138318157
1,40,25.1206526095701
1,41,27.55518951005767
1,42,29.581464432745125
1,43,32.93149518896702
1,44,32.53253691215093
1,45,35.560570793308706
1,46,35.27113659948034
1,47,31.890613078907514
1,48,33.671697135330575
1,49,31.663096384251457
1,50,32.3894894040744
1,51,30.304150915971082
1,52,27.801990528249778
1,53,25.890579976315042
1,54,24.24348196933063
1,55,23.744688673439292
1,56,24.973831480864536
1,57,28.193091478624165
1,58,29.672816201719115
1,59,30.534117264867316
1,60,34.04212691930356
1,61,35.37430413808155
1,62,32.84094562415412
1,63,33.8585648439228
1,64,36.55126474813848
1,65,39.90992933969383
1,66,40.59473952498544
1,67,38.001845913259075
1,68,38.874692095123606
1,69,39.57139067507771
1,70,38.682914598793246
1,71,35.054116980213905
1,72,32.72781952010302
1,73,29.160116692024292
1,74,28.965130917825732
1,75,26.365305014942972
1,76,27.00959340295891
1,77,23.654115151136835
1,78,21.61021733246366
1,79,19.413052551191313
1,80,18.792460774513728
1,81,17.95369499908713
1,82,21.57857951524433
1,83,24.42900278205417
1,84,27.66979121483843
1,85,29.98309655205256
1,86,33.49996865342174
1,87,36.538591653993954
1,88,40.24430882309703
1,89,43.59686746459509
1,90,42.13711866630709
1,91,43.96862419846617
1,92,43.92324577882611
1,93,42.5504294149202
1,94,39.38739726206582
1,95,39.51162754351591
1,96,36.839197765529775
1,97,33.185154394573075
1,98,30.73584072303248
1,99,27.15336994584746
1,100,24.552080357754136
1,101,21.250060180956556
1,102,18.41438049808323
1,103,17.01803568552078
1,104,13.765530230615969
1,105,14.516088214888248
1,106,14.463141202427826
1,107,13.154801108670119
1,108,15.924380542414896
1,109,16.92845518168224
1,110,20.37301087524647
1,111,22.680030112522747
1,112,26.38439556332691
1,113,28.79664076727515
1,114,32.53359451173142
1,115,35.47011560058556
1,116,38.84947855553041
1,117,41.62642540794674
1,118,44.51599862690245
1,119,48.09822396034906
1,120,49.71511646716414
1,121,53.186900569912765
2,1,3.772198320937765
2,3,3.743088359801873
2,4,4.838448727918732
2,5,8.012717132648852
2,6,11.41505411821962
2,7,14.420417749476481
2,8,17.50824304787191
2,9,21.151738674078953
2,10,24.632851063957734
2,11,24.80139915279316
2,12,28.49546819417426
2,13,30.544636601808538
2,14,31.406660977000488
2,15,35.10076657022008
2,16,37.210894601045034
2,17,40.956266709278346
2,18,42.17195654713414
2,19,42.42579408329643
2,20,40.01254566140706
2,21,36.57885345366812
2,22,33.33780675387115
2,23,29.93508633332175
2,24,26.81113617867487
2,25,23.847984872385187
2,26,20.215932502036164
2,27,17.059331962381982
2,28,13.339334343335155
2,29,12.06595665533009
2,30,10.696038578446316
2,31,12.917178537419254
2,32,12.348976988923068
2,33,14.636721838576587
2,34,15.108643749448596
2,35,18.066949937760793
2,36,17.196753149362298
2,37,15.431319757329353
2,38,17.765470082446637
2,39,18.98401176653239
2,40,21.832163469956612
2,41,24.084702675415482
2,42,25.979926040886003
2,43,29.280314146012824
2,44,28.791755678394882
2,45,31.81003275579206
2,46,31.582757573302896
2,47,28.232984113655913
2,48,30.109531464311797
2,49,28.23163745454945
2,50,28.99519307351944
2,51,27.10945046530948
2,52,24.76437113115117
2,53,23.16175017132731
2,54,21.769324043556292
2,55,21.774770169451156
2,56,23.05701261056224
2,57,26.0102771060268
2,58,27.117746608783754
2,59,27.85493959233876
2,60,31.25264175052565
2,61,32.57248953175605
2,62,29.853177486299145
2,63,30.674543684833214
2,64,33.21863900999088
2,65,36.65334215768364
2,66,37.21803467648128
2,67,34.71458952741294
2,68,35.7828970249269
2,69,36.615961733583
2,70,35.579792960496825
2,71,31.999611674557077
2,72,29.88652605146261
2,73,26.386866743029103
2,74,26.43947451983383
2,75,24.14230908491105
2,76,25.11085858123739
2,77,21.823989623714244
2,78,19.56048407941784
2,79,17.915218932505194
2,80,17.09985939406315
2,81,15.625435356661432
2,82,19.115837728890586
2,83,21.7431640594382
2,84,24.76978725156468
2,85,26.88479271582365
2,86,30.489665729868673
2,87,33.38792311191192
2,88,37.14840251979829
2,89,40.4055534270843
2,90,38.813749967568604
2,91,40.51229735665635
2,92,40.36202492900751
2,93,38.943348461347966
2,94,35.83234496004121
2,95,35.908456494552496
2,96,33.17298384157649
2,97,29.497062745084854
2,98,27.083868532858713
2,99,23.478066079559284
2,100,20.998963646553143
2,101,17.70945704805472
2,102,15.090027867156396
2,103,13.837140303480515
2,104,10.937738615411
2,105,12.14515934980498
2,106,11.806128100273627
2,107,9.874511564846676
2,108,12.363764216725531
2,109,13.186267526931786
2,110,16.65010296509493
2,111,19.02956261107611
2,112,22.716937305203253
2,113,25.23575935194752
2,114,28.965639961060848
2,115,31.970403506598117
2,116,35.37605073823237
2,117,38.16935284735583
2,118,41.1092856187035
2,119,44.69886064258517
2,120,46.4451432189153
2,121,49.8641940791281
3,1,6.496239127814363
3,2,3.743088359801873
3,4,3.812220124437028
3,5,5.953546234928101
3,6,9.687888467241269
3,7,12.038293764553714
3,8,15.128230697494839
3,9,18.62100389617478
3,10,22.13566477504443
3,11,22.779798301087496
3,12,26.38683747485439
3,13,28.209427131522187
3,14,28.729840972462412
3,15,32.35368806595496
3,16,34.25886645677287
3,17,37.97230835988025
3,18,39.16132257390913
3,19,39.24321367698208
3,20,36.76046810067792
3,21,33.25154188289525
3,22,30.120469173182858
3,23,26.667718016055424
3,24,23.694777557280915
3,25,20.685302631312315
3,26,17.1018881760208
3,27,13.861241640041504
3,28,10.25455792067507
3,29,9.580011744350086
3,30,8.29894335470226
3,31,9.760718912131338
3,32,8.860444929247272
3,33,11.030513037387182
3,34,11.387684231040542
3,35,14.444947582604332
3,36,13.869731169390233
3,37,12.10447082558086
3,38,14.637886079844511
3,39,15.722170609895707
3,40,18.77549323524758
3,41,21.207523690867244
3,42,23.44575840790617
3,43,26.80648831691311
3,44,26.697317337882925
3,45,29.899198902751706
3,46,29.684321228367025
3,47,26.167684840895618
3,48,27.716335039699153
3,49,25.55659047089212
3,50,26.04910721321431
3,51,23.949287279455316
3,52,21.618885193139725
3,53,19.806696309502037
3,54,18.59544623464665
3,55,18.665783289683745
3,56,19.646717022113073
3,57,22.597617909390664
3,58,23.71292325251035
3,59,24.702897982457923
3,60,28.0671088082085
3,61,29.626080378684623
3,62,27.041736267179548
3,63,27.776118304219438
3,64,30.457799532978147
3,65,33.77007125161229
3,66,34.3093841225537
3,67,31.62802352135003
3,68,32.56571517624917
3,69,33.21416219916188
3,70,32.221937375550375
3,71,28.592251484183393
3,72,26.335863398886197
3,73,22.79361238259892
3,74,22.771665712590693
3,75,20.409105138744756
3,76,21.426675538322737
3,77,18.21377370332904
3,78,15.839499845575933
3,79,14.296445611050238
3,80,13.621915630170909
3,81,12.01640928478584
3,82,15.586126174880226
3,83,18.169577645187744
3,84,21.318616514282905
3,85,23.5142657596982
3,86,27.060700750687015
3,87,30.054939624314308
3,88,33.766705278686715
3,89,37.112065410514454
3,90,35.68568521317994
3,91,37.56441034011461
3,92,37.644900491202904
3,93,36.278242949096175
3,94,33.06564944997853
3,95,33.355105549660315
3,96,30.850534939613887
3,97,27.255000698677463
3,98,24.602099729768412
3,99,21.07287553669723
3,100,18.24840133185558
3,101,14.980990295324121
3,102,12.053948260231005
3,103,11.141988091223851
3,104,8.168150270462867
3,105,10.192800308059864
3,106,10.787299981969943
3,107,8.531541986029401
3,108,10.477911141043757
3,109,11.32009469822984
3,110,14.552259914694348
3,111,16.890628974526958
3,112,20.650179327648427
3,113,22.82973517343515
3,114,26.591521165969027
3,115,29.361190988609387
3,116,32.8337637866919
3,117,35.45404186507854
3,118,38.43774043665718
3,119,41.956748934070426
3,120,43.580754023134844
3,121,47.062686525962306
4,1,8.561866390168616
4,2,4.838448727918732
4,3,3.812220124437028
4,5,3.783833231387552
4,6,6.996846363386716
4,7,9.803877965212036
4,8,13.1346252476897
4,9,16.68116416417153
4,10,20.286814461678446
4,11,20.490751361378344
4,12,24.10162177642392
4,13,25.96586458225902
4,14,26.88553389116785
4,15,30.597177002015783
4,16,32.72192117441724
4,17,36.45289535381672
4,18,37.58653178101394
4,19,37.94239667705352
4,20,35.64742901314905
4,21,32.31863866293614
4,22,28.977126008521786
4,23,25.699063015750816
4,24,22.413497484870447
4,25,19.664354318546135
4,26,15.942194063779455
4,27,13.136988801416981
4,28,9.5053747360996
4,29,8.953845671754653
4,30,8.719078885282228
4,31,10.72636891576908
4,32,10.88467184651015
4,33,13.246460262860449
4,34,12.7349594378232
4,35,16.09240231584966
4,36,15.52389608889927
4,37,12.935891812504423
4,38,14.590346220096025
4,39,15.171528383003785
4,40,17.660299623959176
4,41,19.59095243448693
4,42,21.392869426007334
4,43,24.587580771410146
4,44,24.03650397421591
4,45,27.130206952224153
4,46,27.083818805492506
4,47,23.745971677181387
4,48,25.690837708867313
4,49,23.95109389270139
4,50,24.62156848757902
4,51,23.011924316368102
4,52,21.0013796740161
4,53,19.834336768098282
4,54,18.990017152808903
4,55,19.76216966486458
4,56,20.911672020312572
4,57,23.421980924672766
4,58,23.964352795511164
4,59,24.644631836379926
4,60,27.809841074848396
4,61,29.219921561136267
4,62,26.293692666356648
4,63,26.732445866520962
4,64,29.065405839775643
4,65,32.56064333419367
4,66,32.88437149282859
4,67,30.44369114831578
4,68,31.784121051367286
4,69,32.7099298704709
4,70,31.42859008648952
4,71,27.909872881567626
4,72,26.0676439119615
4,73,22.676689629369843
4,74,22.98775185703915
4,75,21.176943284977593
4,76,22.50144523080103
4,77,19.372389663055895
4,78,16.954432639475318
4,79,16.17489364240566
4,80,15.037612673748859
4,81,12.735599572233161
4,82,15.838551770900807
4,83,18.117889277752273
4,84,20.79124315844797
4,85,22.673009416194013
4,86,26.351136619077987
4,87,29.085912289189935
4,88,32.89971964885068
4,89,36.030022221336004
4,90,34.277052544111186
4,91,35.84769913302021
4,92,35.594427763363974
4,93,34.1847709737285
4,94,31.09422828623345
4,95,31.10336686880884
4,96,28.338281361166146
4,97,24.658946361442187
4,98,22.28054287804842
4,99,18.68873190865665
4,100,16.318965049166888
4,101,13.150093569444964
4,102,10.949117357898677
4,103,10.303058264817679
4,104,8.351199645502861
4,105,10.575779648519957
4,106,10.090858856341878
4,107,6.967938104471827
4,108,8.312688537585425
4,109,8.473128477850787
4,110,11.837814454265608
4,111,14.211029772011196
4,112,17.897563694453574
4,113,20.463462593419372
4,114,24.186643822694972
4,115,27.233545995566367
4,116,30.660201871105123
4,117,33.46013519143423
4,118,36.44040334576925
4,119,40.031027431820654
4,120,41.89224648900455
4,121,45.25864724904521
5,1,11.41680198339879
5,2,8.012717132648852
5,3,5.953546234928101
5,4,3.783833231387552
5,6,3.7419429932159143
5,7,6.47496391175898
5,8,9.515939678225322
5,9,13.141437026749474
5,10,16.657085945212412
5,11,16.976406840626463
5,12,20.610152897300523
5,13,22.56237434381437
5,14,23.40552347109278
5,15,27.111543519203295
5,16,29.314515903123294
5,17,33.08041824724594
5,18,34.40483990522787
5,19,34.87748019665791
5,20,32.45207058702653
5,21,29.140689329888787
5,22,25.746394966894794
5,23,22.40852348099421
5,24,19.12801659229625
5,25,16.230025162530406
5,26,12.588978406766644
5,27,9.722503460514956
5,28,6.083355239436768
5,29,5.474425519109714
5,30,6.128142743404158
5,31,8.089826804707245
5,32,9.324887046146863
5,33,12.090347820115937
5,34,11.420135258615437
5,35,15.106328937537253
5,36,15.3594281021721
5,37,12.607430083009959
5,38,14.008283776062987
5,39,13.677194756578082
5,40,15.964265633966477
5,41,17.55046374487043
5,42,19.587758507411227
5,43,22.554110486801132
5,44,22.073955846441645
5,45,25.42159145982222
5,46,25.794631639498046
5,47,22.453685592033587
5,48,24.28501043529478
5,49,22.522695896336636
5,50,22.69926197572841
5,51,21.20377483463899
5,52,19.667037935673253
5,53,18.600464730758056
5,54,18.46400827978869
5,55,19.665067270585205
5,56,20.234183677381967
5,57,22.501781459895
5,58,22.707928863032986
5,59,23.741720741320737
5,60,26.637705854134158
5,61,28.412252456773988
5,62,25.50091179680264
5,63,25.461790321374323
5,64,27.675485180575013
5,65,31.088168914145136
5,66,31.04810296738428
5,67,28.455939341751275
5,68,29.96812085829963
5,69,30.647959827791215
5,70,29.06821458072938
5,71,25.51187093350425
5,72,23.664959922315038
5,73,20.251341532600545
5,74,20.293872324546804
5,75,18.808931975060474
5,76,19.950328254720468
5,77,16.76851567164865
5,78,14.701821417634214
5,79,14.373189042587633
5,80,12.604247158860959
5,81,10.135113864498258
5,82,12.811160528573614
5,83,15.214365202213958
5,84,17.726734939669214
5,85,19.82736794362418
5,86,23.43392339918814
5,87,26.26826829900775
5,88,30.08868211660897
5,89,33.17944105070028
5,90,31.348481540228985
5,91,33.01661216790141
5,92,32.77548766465901
5,93,31.646219561971737
5,94,28.401060349461783
5,95,28.271663833637277
5,96,25.63172763938008
5,97,22.05119118678276
5,98,19.76094664221086
5,99,16.393992265500664
5,100,13.897943523471318
5,101,11.242138285586032
5,102,9.478016394471657
5,103,10.1902935113386
5,104,9.120716385283394
5,105,12.264565489671027
5,106,12.296833551371627
5,107,8.769114835652868
5,108,8.521975818737685
5,109,7.301072574560778
5,110,9.822464591366375
5,111,11.472278443389753
5,112,15.192249842279884
5,113,17.420922296241326
5,114,21.149517962770016
5,115,24.104954976742608
5,116,27.445430911378992
5,117,30.29028516856857
5,118,33.151185260368116
5,119,36.76212690289935
5,120,38.4952205484507
5,121,41.90202067136384
6,1,14.85289969509595
6,2,11.41505411821962
6,3,9.687888467241269
6,4,6.996846363386716
6,5,3.7419429932159143
6,7,3.786991033144195
6,8,6.495307447680295
6,9,10.131363313454967
6,10,13.583951093074061
6,11,13.507851461942254
6,12,17.14652017643327
6,13,19.20514821579128
6,14,20.374150521998388
6,15,24.126223714017062
6,16,26.567019845163735
6,17,30.343604413307098
6,18,31.74429064445634
6,19,32.52367305564832
6,20,30.18911032646694
6,21,27.08128348144617
6,22,23.51909268886745
6,23,20.35923164358657
6,24,16.875175854174987
6,25,14.217913144890467
6,26,10.71127456971229
6,27,8.58444114299259
6,28,5.777838825191376
6,29,5.516177373499139
6,30,7.588708591467636
6,31,9.37360147809815
6,32,11.550356865456031
6,33,14.259681190621405
6,34,13.092742193477855
6,35,16.79203309889798
6,36,17.404231897965765
6,37,14.31484926255992
6,38,14.905029565775166
6,39,13.68807286842912
6,40,15.197906248263429
6,41,16.003612741460195
6,42,17.74101987961121
6,43,20.303923780852866
6,44,19.479105179624728
6,45,22.867866083153807
6,46,23.690104344753607
6,47,20.574068005085167
6,48,22.619554043076526
6,49,21.24029452268555
6,50,21.21991310564208
6,51,20.257819436426246
6,52,19.345016771056827
6,53,18.873861073499167
6,54,19.396256866343403
6,55,21.20786648238203
6,56,21.57126762098749
6,57,23.341684049768674
6,58,22.956793340168463
6,59,23.939752284342244
6,60,26.451653760427316
6,61,28.2919620151532
6,62,25.21101279023911
6,63,24.651731332869836
6,64,26.463389954437385
6,65,29.90404924445515
6,66,29.458291491758207
6,67,27.002727563663694
6,68,28.917665161225806
6,69,29.645257069925165
6,70,27.673927124739738
6,71,24.255368538237487
6,72,22.788277626497287
6,73,19.599724320274056
6,74,19.734006905640587
6,75,18.945215014015805
6,76,20.152729449752986
6,77,17.170668062310664
6,78,15.418464540552053
6,79,15.863440310487405
6,80,13.624866012414607
6,81,10.867344394934122
6,82,12.543870454200494
6,83,14.566646803436075
6,84,16.398958041262052
6,85,18.292073203464074
6,86,21.853799666122935
6,87,24.47352045325464
6,88,28.319575129990234
6,89,31.16734878848566
6,90,29.03083249867888
6,91,30.489390626258835
6,92,29.97279001783336
6,93,29.013769892736015
6,94,25.79522314980681
6,95,25.314473209311135
6,96,22.550351075302384
6,97,19.00205402129341
6,98,17.091384254834836
6,99,13.94264420312585
6,100,11.930587994119948
6,101,10.051414349871784
6,102,9.579821422631152
6,103,11.245657000987519
6,104,11.367864536242983
6,105,14.626198647410668
6,106,14.327869804068811
6,107,10.608029535691236
6,108,9.106410238944795
6,109,6.362732433872984
6,110,7.677117776363618
6,111,8.428001278995303
6,112,11.987272868662641
6,113,14.297474004999279
6,114,17.94483003078498
6,115,21.07134935943531
6,116,24.276676222620363
6,117,27.30105410878949
6,118,30.056915103967984
6,119,33.72869886654201
6,120,35.56745303150079
6,121,38.892260814457266
7,1,17.880547157327314
7,2,14.420417749476481
7,3,12.038293764553714
7,4,9.803877965212036
7,5,6.47496391175898
7,6,3.786991033144195
7,8,3.7846848510239903
7,9,6.945088757932662
7,10,10.67747110405892
7,11,11.305379568046328
7,12,14.679204664752804
7,13,16.254894760742165
7,14,17.089759485592612
7,15,20.813390611389746
7,16,23.058207150051786
7,17,26.811694102668095
7,18,28.10625160028788
7,19,28.786462740339992
7,20,26.480830552830117
7,21,23.372380261155072
7,22,19.814963962005724
7,23,16.710396491266955
7,24,13.179701672260233
7,25,10.719396081653342
7,26,7.157021367530917
7,27,5.8440296206524875
7,28,4.568448477330188
7,29,6.427547674922645
7,30,9.112897782127462
7,31,9.481432691485336
7,32,11.663367555855757
7,33,13.732181645758512
7,34,11.88906184700338
7,35,15.353696181877789
7,36,16.33052413949344
7,37,13.131686721551691
7,38,13.078298055824973
7,39,11.06603292395887
7,40,12.120202653715362
7,41,12.615430805122033
7,42,14.587774927436941
7,43,17.05179422865168
7,44,16.590437798935216
7,45,20.178920288142898
7,46,21.11778240747848
7,47,17.930089532963642
7,48,19.654722033087648
7,49,18.161373431553464
7,50,17.782107056333363
7,51,16.909335372408705
7,52,16.399850691613192
7,53,16.199213550101277
7,54,17.325025855144606
7,55,19.58481668610499
7,56,19.623096017593046
7,57,20.938719314382446
7,58,20.140524814994464
7,59,21.230665655791878
7,60,23.446564345652636
7,61,25.475477888141732
7,62,22.458294639550587
7,63,21.557639999265295
7,64,23.287709202482205
7,65,26.613814967908425
7,66,25.993215191862713
7,67,23.450489583053955
7,68,25.4343453872486
7,69,26.07572627260451
7,70,23.979766843241038
7,71,20.595045847701435
7,72,19.264290039619343
7,73,16.22273586496808
7,74,16.532714641903965
7,75,16.223596925360127
7,76,17.719438889805545
7,77,15.165477331892271
7,78,13.401353797246971
7,79,14.696760324735884
7,80,12.574860270757368
7,81,9.373334626062913
7,82,10.136220952495009
7,83,11.48379153611264
7,84,12.885683498979557
7,85,14.582131074249766
7,86,18.142979525370578
7,87,20.697404333550672
7,88,24.545242364779003
7,89,27.381564868501506
7,90,25.27460700960965
7,91,26.80748148973893
7,92,26.43850451416745
7,93,25.508879539144665
7,94,22.202691737251172
7,95,21.897151829134312
7,96,19.339246611360252
7,97,15.868794286947827
7,98,13.712088732684938
7,99,10.719271442400718
7,100,8.449614653434226
7,101,7.210426871671439
7,102,7.565947856479436
7,103,10.293398471014571
7,104,11.426446966387575
7,105,14.898258346899013
7,106,15.04084173507229
7,107,11.530581796031699
7,108,8.997317570362279
7,109,5.887477870327936
7,110,5.443312282089103
7,111,5.49327005314902
7,112,9.11675980190257
7,113,10.982244520458098
7,114,14.711151057409278
7,115,17.637797101014517
7,116,20.97490063101378
7,117,23.835920672883805
7,118,26.702896207525473
7,119,30.320006266889163
7,120,32.1484579307136
7,121,35.50503199797533
8,1,20.76707475558393
8,2,17.50824304787191
8,3,15.128230697494839
8,4,13.1346252476897
8,5,9.515939678225322
8,6,6.495307447680295
8,7,3.7846848510239903
8,9,3.7756141859451886
8,10,7.158225254600237
8,11,7.875496384093602
8,12,11.315052069015584
8,13,13.203852259273113
8,14,14.043314594222647
8,15,17.765546632426872
8,16,20.260621844977045
8,17,24.06350054255021
8,18,25.718662127252294
8,19,26.673834558019127
8,20,24.190791666116947
8,21,21.207040895696363
8,22,17.58083967562281
8,23,14.488338534179125
8,24,11.043997566207452
8,25,8.464973970434494
8,26,5.7390820649463725
8,27,5.4346978386824505
8,28,6.066383777627778
8,29,7.312197539993836
8,30,10.245824889221165
8,31,10.331270156403265
8,32,13.218752390874364
8,33,15.363614201923745
8,34,13.788485351706464
8,35,17.07517717906161
8,36,18.695105057758738
8,37,15.784676681410613
8,38,15.597542173801545
8,39,12.93823216077443
8,40,13.44641760565646
8,41,13.198947846648478
8,42,15.188710997915472
8,43,16.982378163855437
8,44,16.518396501505833
8,45,20.21325292504324
8,46,21.750017130045965
8,47,18.845628998361484
8,48,20.38660899724075
8,49,19.063615435995715
8,50,18.032800536249937
8,51,17.486510478549043
8,52,17.70622864391322
8,53,17.671705953744635
8,54,19.42844130645097
8,55,21.84877340427316
8,56,21.3396348732027
8,57,22.35600481352775
8,58,21.251253294010095
8,59,22.675020955055658
8,60,24.45302748236643
8,61,26.790579520168276
8,62,23.92601564569527
8,63,22.499400970507594
8,64,23.936670540121103
8,65,27.029357410708506
8,66,25.912579640648175
8,67,23.29608234124384
8,68,25.487506223846164
8,69,25.77853364968885
8,70,23.281852427417082
8,71,20.006846219608523
8,72,18.790260166620218
8,73,15.96095248915334
8,74,15.784028552311055
8,75,16.094144111482706
8,76,17.120651982405988
8,77,14.726808692801507
8,78,13.818754531864368
8,79,15.491520048023705
8,80,12.824287495365773
8,81,10.171777862649595
8,82,9.682310862742261
8,83,10.90988751432932
8,84,11.606781731750274
8,85,13.54606957482392
8,86,16.732777117798296
8,87,19.314244148137988
8,88,23.056911688691756
8,89,25.719016194146263
8,90,23.45454028183493
8,91,25.059421757809112
8,92,24.624038555473323
8,93,24.200882904941572
8,94,20.754439692611715
8,95,20.09195057568189
8,96,17.759542594509025
8,97,14.633425371668014
8,98,12.973747620751901
8,99,10.849197951712421
8,100,9.00486752391826
8,101,9.301259301591545
8,102,10.365009824959614
8,103,13.586226924706622
8,104,14.88072478310543
8,105,18.452077354896122
8,106,18.775576616230648
8,107,15.305113782999236
8,108,12.635133669027955
8,109,9.38510905780953
8,110,7.774317516568218
8,111,5.729955011512207
8,112,8.291077674407271
8,113,9.139395316859645
8,114,12.61959663184049
8,115,15.355943369468179
8,116,18.39851310676981
8,117,21.394388175695916
8,118,23.975262441835326
8,119,27.635893934804013
8,120,29.26963100300819
8,121,32.65983683582999
9,1,24.44108933333269
9,2,21.151738674078953
9,3,18.62100389617478
9,4,16.68116416417153
9,5,13.141437026749474
9,6,10.131363313454967
9,7,6.945088757932662
9,8,3.7756141859451886
9,10,3.835129178605855
9,11,5.642811547791037
9,12,8.357236553106393
9,13,9.690204161749335
9,14,10.29496758102252
9,15,14.023361376226795
9,16,16.523842046437377
9,17,20.32050196332267
9,18,22.001731611663953
9,19,23.093737932829317
9,20,20.65998106608683
9,21,17.858835219345572
9,22,14.161530304245987
9,23,11.342695379804075
9,24,7.862375963860215
9,25,6.038493461336176
9,26,4.813111873460267
9,27,6.81100649306556
9,28,8.996680994469358
9,29,10.745004027581173
9,30,13.614098697392622
9,31,13.071612896259527
9,32,15.809428794796064
9,33,17.4218053467
9,34,15.520277331492704
9,35,18.33248674526334
9,36,20.20570156530094
9,37,17.388552805330892
9,38,16.597638611273055
9,39,13.344877715476521
9,40,12.963165306288827
9,41,11.849459364186755
9,42,13.687153891504265
9,43,14.809939522836704
9,44,14.557743942747846
9,45,18.276878311933583
9,46,20.20073273092985
9,47,17.5737129869124
9,48,18.793014771603993
9,49,17.671410429902053
9,50,16.11332129073914
9,51,16.045307556193876
9,52,17.049757794942956
9,53,17.505840036214696
9,54,19.893713810182554
9,55,22.677038484053224
9,56,21.855473201661198
9,57,22.278126095323962
9,58,20.645370346208413
9,59,22.109189887495653
9,60,23.33678718227207
9,61,25.810283024891117
9,62,23.07253069174868
9,63,21.118965649750912
9,64,22.18027317140822
9,65,25.03093718700104
9,66,23.49478547612025
9,67,20.92666062134227
9,68,23.35251471206877
9,69,23.504031000657022
9,70,20.673403743986608
9,71,17.64786543871531
9,72,16.855750662317956
9,73,14.539682268873797
9,74,14.465180346708202
9,75,15.666280265428112
9,76,16.785690848463254
9,77,15.088228193115581
9,78,14.542065460754634
9,79,16.916932604759495
9,80,14.431541801685839
9,81,11.913167854643898
9,82,10.23044154890399
9,83,10.330454220057506
9,84,9.758904227721185
9,85,11.21433829387691
9,86,14.033699908008353
9,87,16.326308287136914
9,88,19.967630753383347
9,89,22.399625088450858
9,90,19.97753705587402
9,91,21.547216911402234
9,92,21.097366234545007
9,93,20.94239126402114
9,94,17.43409994452284
9,95,16.653202106176565
9,96,14.603360472920752
9,97,11.843881771279305
9,98,10.463042653077594
9,99,9.331598960721308
9,100,8.109929742006797
9,101,9.910452425450472
9,102,11.8659042152013
9,103,15.424211433727493
9,104,17.318614509870784
9,105,20.795918921890884
9,106,21.234323628283754
9,107,17.983159847450885
9,108,14.888057795888768
9,109,11.69390314588374
9,110,9.023038645314454
9,111,5.896870948586351
9,112,6.743477725876441
9,113,6.117742182226813
9,114,9.291486919856082
9,115,11.730186340481438
9,116,14.7140895992495
9,117,17.667628417378697
9,118,20.2219998190768
9,119,23.87061638450235
9,120,25.504738918200363
9,121,28.89224220115421
10,1,27.804072710306414
10,2,24.632851063957734
10,3,22.13566477504443
10,4,20.286814461678446
10,5,16.657085945212412
10,6,13.583951093074061
10,7,10.67747110405892
10,8,7.158225254600237
10,9,3.835129178605855
10,11,3.783523324304589
10,12,5.3020893707745955
10,13,6.816832167775984
10,14,7.315924403363803
10,15,10.930926235998141
10,16,13.797128562082595
10,17,17.577388779494136
10,18,19.70244214268
10,19,21.17717719703734
10,20,18.624138505299438
10,21,16.166003425434575
10,22,12.547237624848531
10,23,10.150299305443696
10,24,7.383567409489188
10,25,6.422504332577672
10,26,7.351935958784804
10,27,9.70935807829762
10,28,12.302216692637554
10,29,13.610019283490256
10,30,16.353954582018044
10,31,15.707294683952579
10,32,18.65267528885
10,33,20.221485833064392
10,34,18.54558507016784
10,35,21.105249754616107
10,36,23.317118255333146
10,37,20.739386608721446
10,38,19.876875694968646
10,39,16.414346900829287
10,40,15.651115361129055
10,41,14.00661553592917
10,42,15.586531704909111
10,43,15.875467594592479
10,44,15.643600661864543
10,45,19.15933649132889
10,46,21.58596355106102
10,47,19.40699374776469
10,48,20.381121861978045
10,49,19.529301107897993
10,50,17.46632098663336
10,51,17.790702724311824
10,52,19.40052019536432
10,53,20.018185686515462
10,54,22.774952667438388
10,55,25.612001100976563
10,56,24.429033285880596
10,57,24.556888695356516
10,58,22.688046809183227
10,59,24.334182444102964
10,60,25.094634018473506
10,61,27.73806180845464
10,62,25.215745160673535
10,63,22.84753970723837
10,64,23.536507954370112
10,65,26.036438258007493
10,66,24.01480482542777
10,67,21.521384975814797
10,68,24.097480265728983
10,69,23.90292361473508
10,70,20.721354084525604
10,71,18.052524220507124
10,72,17.546738598326414
10,73,15.74478754777957
10,74,15.262094775638566
10,75,17.08504012417993
10,76,17.73234855093984
10,77,16.439660194285313
10,78,16.642614731962375
10,79,19.175968215399056
10,80,16.518464449463703
10,81,14.589839371000014
10,82,12.213316807639167
10,83,11.996944336850104
10,84,10.53581621301204
10,85,11.831922611264684
10,86,13.772536363477396
10,87,15.792936502852934
10,88,19.075944088065903
10,89,21.12852307513446
10,90,18.53884020107398
10,91,20.096875573516957
10,92,19.54645103119799
10,93,20.059597135184575
10,94,16.560633505200524
10,95,15.317730438518387
10,96,13.756022162202008
10,97,11.820060773117227
10,98,11.333010803044045
10,99,11.44180697010266
10,100,10.926514368981797
10,101,13.366744239793636
10,102,15.481740879466269
10,103,19.116318601498126
10,104,21.04965920838758
10,105,24.545849809453696
10,106,25.052942682514278
10,107,21.81765392945463
10,108,18.6908571435246
10,109,15.464894428426613
10,110,12.604710097483563
10,111,9.152449821058855
10,112,8.629926973676234
10,113,6.560926868756879
10,114,8.316025756417048
10,115,10.033825404681055
10,116,12.325363536359228
10,117,15.367284864717435
10,118,17.452147056741765
10,119,21.107167211635982
10,120,22.497574580831717
10,121,25.88988861297903
11,1,28.004751000482646
11,2,24.80139915279316
11,3,22.779798301087496
11,4,20.490751361378344
11,5,16.976406840626463
11,6,13.507851461942254
11,7,11.305379568046328
11,8,7.875496384093602
11,9,5.642811547791037
11,10,3.783523324304589
11,12,3.790654674823283
11,13,6.927970450358276
11,14,9.068195974357966
11,15,12.497267801508213
11,16,15.860947399181692
11,17,19.474022306958574
11,18,21.64162545752874
11,19,23.579284049262537
11,20,21.317789969917477
11,21,19.254055329307786
11,22,15.645420203911582
11,23,13.67491890201184
11,24,10.872458450362746
11,25,10.092178520184563
11,26,10.253743456082193
11,27,12.011342484492015
11,28,13.76180965932444
11,29,14.3587344157965
11,30,17.13460103502612
11,31,17.298336868737348
11,32,20.52082778730481
11,33,22.54999872981238
11,34,20.97957771472526
11,35,23.865381403267406
11,36,25.8124467347167
11,37,22.965630286548055
11,38,22.120638776611617
11,39,18.847673911846755
11,40,18.033698941471474
11,41,16.201612472043774
11,42,17.163841566225507
11,43,17.235101570737445
11,44,16.14247232370994
11,45,19.39300908839967
11,46,22.12355638541891
11,47,20.278953819240602
11,48,21.83360507543772
11,49,21.495064386288163
11,50,19.852909213738332
11,51,20.544300788279106
11,52,22.06665049097864
11,53,22.893203598569215
11,54,25.41687408322333
11,55,28.29212319582292
11,56,27.43155138308454
11,57,27.692817634058926
11,58,25.822334644660522
11,59,27.18210162010291
11,60,28.023954237722386
11,61,30.41191111097662
11,62,27.628927347780703
11,63,25.272325137480454
11,64,25.692953151799003
11,65,28.38450591499365
11,66,26.27518101837877
11,67,24.131333863898554
11,68,26.97798841658996
11,69,27.084250333665214
11,70,23.821646684868824
11,71,21.317631233944876
11,72,21.06391347684597
11,73,19.27354761827605
11,74,18.960720434928646
11,75,20.601588218526356
11,76,21.232070776394554
11,77,19.611136130236698
11,78,19.691184673929968
11,79,21.90187238120939
11,80,19.002313953917348
11,81,16.9986889494593
11,82,15.171710295190394
11,83,15.388516668706828
11,84,14.190179463772864
11,85,15.28484118770939
11,86,17.297463465487578
11,87,18.97973804336797
11,88,22.198282256635565
11,89,23.91548900792675
11,90,20.99535584099966
11,91,22.035214138994462
11,92,20.883869681556163
11,93,21.44068093856621
11,94,18.255827533743304
11,95,16.34786666585053
11,96,14.245843621800342
11,97,12.23856546405624
11,98,12.599318791102109
11,99,12.59444375684978
11,100,12.773183601653365
11,101,14.948687629189415
11,102,17.228696982712982
11,103,20.617061077972753
11,104,22.462532950334477
11,105,25.887255988154568
11,106,25.89681117931912
11,107,22.47612538396325
11,108,19.431195842668654
11,109,15.864200831541124
11,110,13.121143656554116
11,111,9.461820493932267
11,112,8.60628464766273
11,113,7.565753783491698
11,114,8.958132124371856
11,115,11.376281465479567
11,116,13.161382776237623
11,117,16.650500156049514
11,118,18.41711532887423
11,119,22.159857113688968
11,120,23.79394803711104
11,121,26.92762127170238
12,1,31.73777798571382
12,2,28.49546819417426
12,3,26.38683747485439
12,4,24.10162177642392
12,5,20.610152897300523
12,6,17.14652017643327
12,7,14.679204664752804
12,8,11.315052069015584
12,9,8.357236553106393
12,10,5.3020893707745955
12,11,3.790654674823283
12,13,3.813590556500502
12,14,6.563259033482946
12,15,9.481943813975889
12,16,13.099499025301396
12,17,16.48279735504635
12,18,18.77125953093577
12,19,21.098145316845592
12,20,19.05619835723931
12,21,17.550706990858455
12,22,14.161351968681913
12,23,13.030659133134519
12,24,10.906066557498892
12,25,11.270827704718345
12,26,12.450500709093449
12,27,14.863894566044111
12,28,17.083184813532252
12,29,17.9622180551672
12,30,20.729551103257123
12,31,20.59457526372133
12,32,23.710600659694318
12,33,25.44803651944837
12,34,23.711918543227075
12,35,26.292995172862913
12,36,28.344704679371965
12,37,25.57117097814541
12,38,24.3781437888988
12,39,20.875180142812596
12,40,19.51864778170895
12,41,17.139270742452084
12,42,17.715815914709445
12,43,16.986077982046353
12,44,15.952105131375488
12,45,18.85595963217261
12,46,21.969220990317094
12,47,20.622763153425325
12,48,21.90393291843251
12,49,21.912707269235103
12,50,19.955108505024626
12,51,21.139390068071364
12,52,23.22251334011828
12,53,24.411143672108388
12,54,27.27598727624133
12,55,30.34734322782472
12,56,29.314872410813834
12,57,29.14566981574205
12,58,26.91918072457717
12,59,28.228082320094874
12,60,28.57540607725646
12,61,30.96932260395286
12,62,28.344830213679465
12,63,25.598768381223188
12,64,25.566289850044193
12,65,27.93169978649354
12,66,25.40469905537163
12,67,23.507525621233043
12,68,26.54357890178497
12,69,26.540248238699345
12,70,23.023446790109958
12,71,21.003631181579074
12,72,21.252321259871536
12,73,20.07107060715466
12,74,19.84626894959381
12,75,22.068177034214596
12,76,22.699515130444226
12,77,21.61172346105936
12,78,21.922936060273617
12,79,24.470389318217414
12,80,21.730410815667227
12,81,19.826286849219677
12,82,17.512026851690123
12,83,17.10328327554397
12,84,15.124868284696507
12,85,15.616152221191864
12,86,16.9228163457083
12,87,18.006839449575928
12,88,20.816382082629335
12,89,22.0104463084358
12,90,18.878755529366977
12,91,19.637342275321043
12,92,18.25412824675143
12,93,19.313453304049947
12,94,16.34065139147686
12,95,13.98333618053069
12,96,12.347339309687934
12,97,11.299249883216753
12,98,12.50472726488257
12,99,13.596172306325913
12,100,14.419570546006794
12,101,17.219396005660137
12,102,19.861547918737557
12,103,23.335717445301572
12,104,25.493070560697298
12,105,28.83802030717699
12,106,28.881868322695308
12,107,25.601429715847768
12,108,22.3515469651169
12,109,18.86837233242665
12,110,15.749803760337569
12,111,11.980636800154269
12,112,10.054117055026149
12,113,7.950801490628972
12,114,7.618578756059049
12,115,9.199631238507976
12,116,10.100609817991048
12,117,13.642356505065141
12,118,15.00514789761593
12,119,18.72137994154261
12,120,20.370696201963465
12,121,23.3801000985452
13,1,33.911027028528295
13,2,30.544636601808538
13,3,28.209427131522187
13,4,25.96586458225902
13,5,22.56237434381437
13,6,19.20514821579128
13,7,16.254894760742165
13,8,13.203852259273113
13,9,9.690204161749335
13,10,6.816832167775984
13,11,6.927970450358276
13,12,3.813590556500502
13,14,3.7437746110810237
13,15,6.456718403400612
13,16,9.921243663075437
13,17,13.221225034922538
13,18,15.18993224482674
13,19,17.58132456000475
13,20,15.858610808934278
13,21,14.702421439068432
13,22,11.43546017843825
13,23,11.153685619801276
13,24,9.50287521433874
13,25,11.144381406915995
13,26,12.920152076838692
13,27,16.01356482568909
13,28,18.66240301010751
13,29,20.190618562111606
13,30,23.01618590106877
13,31,22.426286587991147
13,32,25.19391683369612
13,33,26.43968185715807
13,34,24.32997039787298
13,35,26.5120821057098
13,36,28.505578240154342
13,37,25.78632161778299
13,38,24.135532314087552
13,39,20.471436553655437
13,40,18.542803349524405
13,41,15.70638126354338
13,42,15.96521505690811
13,43,14.613154750225391
13,44,13.957517968298992
13,45,16.636904714779384
13,46,19.842865289131208
13,47,18.795068411121076
13,48,19.647949355085867
13,49,19.855912380891816
13,50,17.64973852604915
13,51,19.260116500968188
13,52,21.8168308387198
13,53,23.408899584646324
13,54,26.55130973577856
13,55,29.83312476581679
13,56,28.740918925280166
13,57,28.086237598919407
13,58,25.494042640579764
13,59,26.638617091777114
13,60,26.530558836971224
13,61,28.8591898217049
13,62,26.401174075655764
13,63,23.35857192229099
13,64,22.9696127939834
13,65,25.051205471922838
13,66,22.26997019622903
13,67,20.57398232202298
13,68,23.73819799493044
13,69,23.765415452159488
13,70,20.121408046350325
13,71,18.532927509120015
13,72,19.328220206760466
13,73,18.763495918160316
13,74,18.951896249425143
13,75,21.665453207290344
13,76,22.64364471761216
13,77,22.147247690365052
13,78,22.31969758226838
13,79,25.281384521188308
13,80,22.96006761715866
13,81,20.883139842938938
13,82,18.241019594763753
13,83,17.027664765402122
13,84,14.360239573537022
13,85,13.992885107194546
13,86,14.793058256848598
13,87,15.209532123461736
13,88,17.765931835020663
13,89,18.617282265632376
13,90,15.32253477618141
13,91,15.87342654464053
13,92,14.452433045197134
13,93,15.646750672868269
13,94,12.738215421507503
13,95,10.310101054068143
13,96,9.166222222001046
13,97,8.931104420282125
13,98,10.502642861965702
13,99,12.563342414631066
13,100,13.870675765269805
13,101,17.2072123367516
13,102,20.186678376422147
13,103,23.677819307540602
13,104,26.23594568741302
13,105,29.408665425984502
13,106,29.55850000757108
13,107,26.549145241503428
13,108,23.065433010712958
13,109,19.83942140987645
13,110,16.36017813845888
13,111,12.723035216836914
13,112,10.073246227750232
13,113,7.039016714102974
13,114,5.118966534955208
13,115,5.617796365074256
13,116,6.32932848213249
13,117,9.883636021441655
13,118,11.549482759534813
13,119,15.312871633093883
13,120,17.241295153942904
13,121,20.25534838384756
14,1,34.68408138704486
14,2,31.406660977000488
14,3,28.729840972462412
14,4,26.88553389116785
14,5,23.40552347109278
14,6,20.374150521998388
14,7,17.089759485592612
14,8,14.043314594222647
14,9,10.29496758102252
14,10,7.315924403363803
14,11,9.068195974357966
14,12,6.563259033482946
14,13,3.7437746110810237
14,15,3.767368788491702
14,16,6.822295150281884
14,17,10.476711347512158
14,18,12.65939066661061
14,19,14.66529227535532
14,20,12.505498735433283
14,21,11.123249855935784
14,22,7.940133618244037
14,23,7.924990725970457
14,24,7.2970929252834456
14,25,9.553760650930064
14,26,12.243317356682965
14,27,15.592029006414435
14,28,18.754376362400336
14,29,20.633227978828334
14,30,23.335335677528526
14,31,22.154975983336023
14,32,24.664783606743715
14,33,25.48874666230889
14,34,23.39934564322589
14,35,25.16556463111619
14,36,27.42860453051625
14,37,25.067105337196146
14,38,23.430743997885266
14,39,19.661133169803687
14,40,17.744746666544128
14,41,15.06569074626763
14,42,15.855224687533074
14,43,14.554919659546082
14,44,14.88891213636172
14,45,17.68222338578708
14,46,20.563594487194255
14,47,19.290821833545923
14,48,19.44026110698941
14,49,19.168909781285596
14,50,16.409211915662624
14,51,17.736454148271164
14,52,20.51597110735399
14,53,21.924196429511014
14,54,25.317984538593958
14,55,28.513257990743146
14,56,27.03977180569053
14,57,26.16618571050575
14,58,23.5386353780088
14,59,24.994862494978616
14,60,24.63921929096793
14,61,27.253555053008217
14,62,25.1765268911521
14,63,22.04565446208813
14,64,21.826531953613987
14,65,23.529066535261403
14,66,20.701100462943955
14,67,18.66555910747624
14,68,21.53764199448678
14,69,21.08857996004559
14,70,17.416707190594117
14,71,15.895545896821037
14,72,16.61535760060377
14,73,16.375192354241257
14,74,16.336244165294136
14,75,19.387039578412878
14,76,20.24296921767346
14,77,20.262162627706378
14,78,20.714565142234278
14,79,23.90009086299773
14,80,21.848678956891227
14,81,20.045425305729058
14,82,16.95311794086751
14,83,15.267723857202501
14,84,12.155201022160202
14,85,11.663138840351536
14,86,11.76442346116373
14,87,12.215164373907102
14,88,14.568224038271563
14,89,15.57897683606755
14,90,12.591335303865307
14,91,13.834420411351838
14,92,13.230679584921612
14,93,14.68976157382521
14,94,11.447477754389125
14,95,9.848809558601229
14,96,9.876379564522717
14,97,10.089769866859704
14,98,10.814411020978627
14,99,13.132920771326239
14,100,13.862827952296252
14,101,17.351533021215776
14,102,20.093914983661378
14,103,23.71315502878179
14,104,26.27564946576289
14,105,29.47655481366426
14,106,30.07373498668733
14,107,27.237563558703084
14,108,23.758959116615234
