1,2,3.823488572042641
1,3,5.894182005677665
1,4,9.641616753603252
1,5,12.098870580921842
1,6,15.174893592132463
1,7,18.700524583463757
1,8,22.191335394107444
1,9,22.794300591025532
1,10,26.398516525537808
1,11,28.236813298659804
1,12,28.80771483001042
1,13,32.481233754778295
1,14,34.378489904825436
1,15,38.10963696131526
1,16,39.327167543985624
1,17,39.43398641759296
1,18,36.91318250327771
1,19,33.45856162085272
1,20,30.307974944660312
1,21,26.8274077801515
1,22,23.86007910672296
1,23,20.834359025058067
1,24,17.260237639804874
1,25,14.00921900608417
1,26,10.352864870207954
1,27,9.566910634168345
1,28,8.268129835747782
1,29,9.835309277374366
1,30,9.056387635969974
1,31,11.285445714486125
1,32,11.646089892521509
1,33,14.755491418737096
1,34,14.198270581817209
1,35,12.437942670688601
1,36,14.979476910871346
1,37,16.0306626580937
1,38,19.04624773396192
1,39,21.430310805380756
1,40,23.655424270617516
1,41,26.986399917584272
1,42,26.846391104933886
1,43,30.06978803154004
1,44,29.886040170177736
1,45,26.375555251022604
1,46,27.963538847810547
1,47,25.842485052904674
1,48,26.29858213639315
1,49,24.23719546089465
1,50,21.904584793588974
1,51,20.115781646798474
1,52,18.915776275081274
1,53,18.982549174152958
1,54,19.96421827183342
1,55,22.932884462307587
1,56,24.061333650060345
1,57,25.042299544555647
1,58,28.37797306181252
1,59,29.95539148664149
1,60,27.48236198177257
1,61,28.015839561611646
1,62,30.723620226180774
1,63,34.08579837304026
1,64,34.569183308945554
1,65,31.893178025342916
1,66,32.84097362304401
1,67,33.47915427947825
1,68,32.51228929516964
1,69,28.863170204632237
1,70,26.61059987108057
1,71,23.044362104513947
1,72,23.338566719464442
1,73,20.81211807246485
1,74,21.87356616503295
1,75,18.706207883350018
1,76,16.116599081032117
1,77,14.53420932269552
1,78,13.80262758191286
1,79,12.215285820287056
1,80,15.786194018282528
1,81,18.391818170974695
1,82,21.519607537657176
1,83,23.73598814823617
1,84,27.26846443953119
1,85,30.260899622639187
1,86,33.95882672886843
1,87,37.30212641314112
1,88,35.863385359057254
1,89,37.76480823723112
1,90,37.99204730074923
1,91,36.598756820453005
1,92,33.223220074048065
1,93,33.491208515736
1,94,30.977185245715834
1,95,27.36334261465332
1,96,24.76248299647344
1,97,21.248782256460615
1,98,18.45672764945998
1,99,15.204213097342373
1,100,12.289561079939855
1,101,11.286515703749462
1,102,8.654594428012311
1,103,10.8115217735694
1,104,10.983580692863661
1,105,8.613786361266909
1,106,10.764263701057823
1,107,11.418710809189847
1,108,14.650231905088758
1,109,16.957700505293438
1,110,20.714811309013214
1,111,22.92339559296044
1,112,26.70280355986197
1,113,29.47487511375532
1,114,32.89496475058367
1,115,35.732273209312105
1,116,38.79557886002584
1,117,42.21847282354243
1,118,44.78535682301499
2,1,3.823488572042641
2,3,3.7797338168696557
2,4,6.906012630520276
2,5,9.827625067087272
2,6,13.108705154943323
2,7,16.68185910555882
2,8,20.266195135250573
2,9,20.434819173537036
2,10,24.035842356902098
2,11,25.916217718024484
2,12,26.88471725842243
2,13,30.63614329514654
2,14,32.759560468770594
2,15,36.50932218211067
2,16,37.67716866298627
2,17,38.06136465981967
2,18,35.72150150339672
2,19,32.45705085237569
2,20,29.088604177649536
2,21,25.779759894270573
2,22,22.508439600626957
2,23,19.733925266336914
2,24,16.03212175298125
2,25,13.210997724307358
2,26,9.542810741393067
2,27,8.858758360560426
2,28,8.630891247166845
2,29,10.73280831465956
2,30,11.013761774147852
2,31,13.426135895288152
2,32,12.933806488850127
2,33,16.34217579262593
2,34,15.818741327590544
2,35,13.242919913231486
2,36,14.931705622157773
2,37,15.463451082904585
2,38,17.906425145050086
2,39,19.78080064720172
2,40,21.58068890150372
2,41,24.733351319363596
2,42,24.16231795243594
2,43,27.282655594049086
2,44,27.278097667789734
2,45,23.94721965826475
2,46,25.923900503763793
2,47,24.21992471339495
2,48,24.836879549494974
2,49,23.26183136144817
2,50,21.258962813283393
2,51,20.108181973658674
2,52,19.284754557022367
2,53,20.05334851810504
2,54,21.178752310403524
2,55,23.715285947468413
2,56,24.27324538483721
2,57,24.959365387229916
2,58,28.09238750325228
2,59,29.528291487760256
2,60,26.698612450627824
2,61,26.961688660299437
2,62,29.312218397382786
2,63,32.84246278559679
2,64,33.10941108608381
2,65,30.667977589488935
2,66,32.02092057789311
2,67,32.92307534872418
2,68,31.663813794441136
2,69,28.124186378631947
2,70,26.2818189259862
2,71,22.86511163690583
2,72,23.47287749170867
2,73,21.453561968672005
2,74,22.77953161810079
2,75,19.792811637791345
2,76,17.151945728637855
2,77,16.33288168228027
2,78,15.140337604039402
2,79,12.857341777944912
2,80,15.960615035542421
2,81,18.265125040690364
2,82,20.918376156592405
2,83,22.831997267743482
2,84,26.485846986103635
2,85,29.22245615896773
2,86,33.02102735332299
2,87,36.149459347167124
2,88,34.38695862695192
2,89,35.98794783905619
2,90,35.88972358147127
2,91,34.47220173352455
2,92,31.196117573735606
2,93,31.180594707958274
2,94,28.41082791875089
2,95,24.720134076782827
2,96,22.399990403271538
2,97,18.839248895307396
2,98,16.502333950481496
2,99,13.364792225786255
2,100,11.185069702295886
2,101,10.513468392145326
2,102,9.034069399524167
2,103,11.340167612369445
2,104,10.472075049822898
2,105,7.2264592503820895
2,106,8.66344224727738
2,107,8.606559513600043
2,108,11.92541999616635
2,109,14.24045042372621
2,110,17.915865647323702
2,111,20.50159702171402
2,112,24.237884310743265
2,113,27.283588118784685
2,114,30.68363456422633
2,115,33.68434424926692
2,116,36.78005926942128
2,117,40.323409989970436
2,118,42.93803856448434
3,1,5.894182005677665
3,2,3.7797338168696557
3,4,3.7722863772691237
3,5,6.510027343823828
3,6,9.524025203476663
3,7,13.15686912542456
3,8,16.657261582033673
3,9,17.00002608736715
3,10,20.615165842609052
3,11,22.549757731558056
3,12,23.397529056503444
3,13,27.13510097465284
3,14,29.302971150560126
3,15,33.08071316960249
3,16,34.42280630865194
3,17,34.889664379863206
3,18,32.41971004161327
3,19,29.151585691040342
3,20,25.75547323886352
3,21,22.385527341814246
3,22,19.136896919952058
3,23,16.211869919106146
3,24,12.589059430011657
3,25,9.68886325924636
3,26,6.0170073580749746
3,27,5.3497943663201815
3,28,5.996462972799255
3,29,7.960400956051387
3,30,9.24055224661344
3,31,12.003303086281731
3,32,11.352599680839356
3,33,15.058479634927577
3,34,15.341485431676256
3,35,12.621549633484683
3,36,14.075855730574776
3,37,13.743657547563583
3,38,16.02346353852849
3,39,17.601304908344325
3,40,19.66935872162028
3,41,22.628435088534985
3,42,22.169270238342005
3,43,25.54697027187004
3,44,25.924210537710703
3,45,22.579158011470643
3,46,24.399731010822418
3,47,22.6362211709484
3,48,22.75511490500212
3,49,21.260563875006856
3,50,19.696326766626463
3,51,18.611499409122167
3,52,18.474524040844432
3,53,19.642521727718094
3,54,20.183729153500426
3,55,22.497443118992837
3,56,22.744676922585615
3,57,23.793452746326054
3,58,26.67013787615988
3,59,28.4699759835038
3,60,25.68507825099581
3,61,25.470888886954356
3,62,27.7446739604532
3,63,31.18329716764831
3,64,31.11080213492534
3,65,28.503023213562308
3,66,29.997249695817843
3,67,30.646998414895247
3,68,29.117112797708398
3,69,25.541291014653023
3,70,23.671870836784326
3,71,20.232876873598954
3,72,20.58159222852142
3,73,18.861595148313995
3,74,19.99111108897092
3,75,17.009297632949483
3,76,14.665200106013593
3,77,14.284643297253282
3,78,12.518097711265103
3,79,10.05502790003903
3,80,12.764700501632218
3,81,15.18255132891598
3,82,17.70235472855434
3,83,19.834600733697787
3,84,23.412213155930587
3,85,26.256236474593255
3,86,30.058275703914703
3,87,33.16330481735432
3,88,31.349315317057144
3,89,33.06907201127846
3,90,32.99803553666156
3,91,31.84847460752876
3,92,28.43149338899886
3,93,28.317636374675413
3,94,25.6983465157627
3,95,22.111433795114586
3,96,19.841162957799288
3,97,16.49472334773734
3,98,13.992281433690906
3,99,11.33527572792694
3,100,9.526918377666966
3,101,10.205788924837668
3,102,9.544974040491603
3,103,12.725596510489833
3,104,12.416337977306357
3,105,8.816794161756528
3,106,8.751739372074413
3,107,7.409437608382395
3,108,9.895808099563201
3,109,11.523354022116084
3,110,15.241757475184484
3,111,17.46520302198063
3,112,21.20934769867002
3,113,24.134997515033326
3,114,27.4450868043489
3,115,30.47498848351457
3,116,33.45347284490468
3,117,36.977836681458705
3,118,39.486180705881864
4,1,9.641616753603252
4,2,6.906012630520276
4,3,3.7722863772691237
4,5,3.815519170789838
4,6,6.498913948201172
4,7,10.140663023104528
4,8,13.59323294337936
4,9,13.532620963028064
4,10,17.147664091544282
4,11,19.183766990837672
4,12,20.368539944856614
4,13,24.146413077763295
4,14,26.560705317019796
4,15,30.349058893546417
4,16,31.760961073864173
4,17,32.538766362854936
4,18,30.16672726547042
4,19,27.10910913781779
4,20,23.537613667278112
4,21,20.353615614639114
4,22,16.894518402357455
4,23,14.215642845315035
4,24,10.722416500622533
4,25,8.572505300416598
4,26,5.748993792730255
4,27,5.438105920809508
4,28,7.5385102642567485
4,29,9.33156656067136
4,30,11.545852722919532
4,31,14.236837771933184
4,32,13.077811480085597
4,33,16.783778773621194
4,34,17.415475508316575
4,35,14.338490385729626
4,36,14.963288187551631
4,37,13.749373875115992
4,38,15.234885744771669
4,39,16.023655059722696
4,40,17.781673276347856
4,41,20.34195098012163
4,42,19.529174084575782
4,43,22.94074762618623
4,44,23.75858533479588
4,45,20.64713961877398
4,46,22.688793611275237
4,47,21.31719886146388
4,48,21.249353428548872
4,49,20.29813843051507
4,50,19.356890384054527
4,51,18.88216975737204
4,52,19.402607267982084
4,53,21.191136023573954
4,54,21.532982108005104
4,55,23.34802924043875
4,56,22.995828212142523
4,57,23.98229992799049
4,58,26.475496607533405
4,59,28.326299169284667
4,60,25.349580302412345
4,61,24.633792026932547
4,62,26.500599563441178
4,63,29.965989272943567
4,64,29.495090446812956
4,65,27.03024363147862
4,66,28.937017379033414
4,67,29.643689955391228
4,68,27.72035209353059
4,69,24.289224388472448
4,70,22.809473332995736
4,71,19.603642049300895
4,72,20.041066807013912
4,73,19.000544880198053
4,74,20.166586029457896
4,75,17.478169335223836
4,76,15.431711674402491
4,77,15.840340577525152
4,78,13.614442604750913
4,79,10.842034403193026
4,80,12.544723404242324
4,81,14.566333498675034
4,82,16.39571139669789
4,83,18.30942963289511
4,84,21.841807949440206
4,85,24.461835295507626
4,86,28.295403133631353
4,87,31.15321358002338
4,88,29.02744826871737
4,89,30.532986717054182
4,90,30.172179442991883
4,91,29.19613250110682
4,92,25.806297442926592
4,93,25.33798577192934
4,94,22.586614175956406
4,95,19.029606696520947
4,96,17.14522122169831
4,97,14.009758979000162
4,98,12.006927187143186
4,99,10.110335309043563
4,100,9.61228540260842
4,101,11.281624192300475
4,102,11.818441194119202
4,103,15.068255596800658
4,104,14.4210432668751
4,105,10.62661961921438
4,106,9.246470551435372
4,107,6.407834487765062
4,108,7.697827801044097
4,109,8.443049948212225
4,110,11.99821959507025
4,111,14.326324193691493
4,112,17.98507670140037
4,113,21.090442038870652
4,114,24.283628283774394
4,115,27.48602982494901
4,116,30.393096867688303
4,117,34.0050005598597
4,118,36.4714122329732
5,1,12.098870580921842
5,2,9.827625067087272
5,3,6.510027343823828
5,4,3.815519170789838
5,6,3.7658810006844434
5,7,6.932551416003658
5,8,10.67014646498084
5,9,11.334153896399043
5,10,14.67392858286146
5,11,16.219714280140145
5,12,17.064027056279745
5,13,20.820169023033813
5,14,23.030488070940844
5,15,26.79616370881286
5,16,28.099283831409466
5,17,28.77586065009642
5,18,26.433559179567006
5,19,23.379819515952864
5,20,19.809127587723363
5,21,16.677736563815596
5,22,13.173310291450658
5,23,10.691787004791836
5,24,7.13996103479142
5,25,5.803624348104735
5,26,4.53526048700345
5,27,6.377934962288991
5,28,9.091313740746195
5,29,9.450157156147482
5,30,11.665056160860278
5,31,13.706065683925209
5,32,11.872607336327677
5,33,15.331409691574809
5,34,16.334686680280548
5,35,13.14384124736223
5,36,13.11022883918269
5,37,11.09926311011226
5,38,12.125958715602696
5,39,12.603805556158846
5,40,14.598362534755086
5,41,17.067943456773133
5,42,16.611488936998352
5,43,20.221633710759367
5,44,21.15224667263419
5,45,17.977255502250987
5,46,19.693803511540967
5,47,18.207441998390422
5,48,17.77855330477717
5,49,16.91891693322137
5,50,16.38143020797011
5,51,16.179154314755603
5,52,17.310329629122382
5,53,19.549479647017513
5,54,19.557659795821404
5,55,20.919033073212226
5,56,20.149762342079686
5,57,21.245482251506626
5,58,23.440919952563338
5,59,25.477818083231828
5,60,22.568817315429285
5,61,21.496778690744158
5,62,23.2905446478037
5,63,26.64326919523144
5,64,25.996654234938653
5,65,23.444023752109498
5,66,25.420973043087486
5,67,26.042665084584815
5,68,23.994480287386548
5,69,20.59912025500688
5,70,19.25656817976936
5,71,16.19993839034185
5,72,16.796074731416653
5,73,16.2053972337833
5,74,17.61729308541513
5,75,15.415692654963456
5,76,13.390721306893168
5,77,14.663905807741523
5,78,12.555905185516355
5,79,9.334504966398969
5,80,10.116782703743008
5,81,11.45649917130197
5,82,12.855516201555027
5,83,14.570814556388532
5,84,18.102742362856887
5,85,20.65667767811935
5,86,24.492447983842283
5,87,27.339260269586486
5,88,25.244067736253893
5,89,26.822790331983466
5,90,26.60915275017818
5,91,25.651625742235815
5,92,22.186627680600978
5,93,21.896468132543855
5,94,19.353792098125258
5,95,15.873679198051157
5,96,13.74050476442932
5,97,10.75521112743902
5,98,8.49580243257276
5,99,7.237913882918472
5,100,7.580367269259616
5,101,10.362053638469426
5,102,11.841406965224188
5,103,15.283050552507355
5,104,15.081857046078682
5,105,11.531960042393946
5,106,9.112138312987536
5,107,5.90906053493708
5,108,5.447912478748914
5,109,5.488473768015292
5,110,9.11312530174264
5,111,10.985712667383837
5,112,14.729483922804324
5,113,17.632557820420114
5,114,20.945581006479387
5,115,23.992354082047747
5,116,26.991915258195057
5,117,30.545314196924824
5,118,33.116526299672344
6,1,15.174893592132463
6,2,13.108705154943323
6,3,9.524025203476663
6,4,6.498913948201172
6,5,3.7658810006844434
6,7,3.7787142455981013
6,8,7.158967221425214
6,9,7.888575210920049
6,10,11.301306936384394
6,11,13.161043995513268
6,12,14.020474884660734
6,13,17.770654743583442
6,14,20.23702399108669
6,15,24.048763743542565
6,16,25.70715478227938
6,17,26.66002314111127
6,18,24.14999589339901
6,19,21.209721009148744
6,20,17.57968067911763
6,21,14.477248896542145
6,22,11.048056705944003
6,23,8.45706204170279
6,24,5.737982163515261
6,25,5.426442310432327
6,26,6.079759274852741
6,27,7.307050163563622
6,28,10.256254042714492
6,29,10.349193178962809
6,30,13.254396465771496
6,31,15.373125368747385
6,32,13.813660799674114
6,33,17.081882783952064
6,34,18.719988077882256
6,35,15.813354164550942
6,36,15.624209644168047
6,37,12.968589695565678
6,38,13.441686036878316
6,39,13.16664569239291
6,40,15.168573015389143
6,41,16.98057716374614
6,42,16.501067643581877
6,43,20.212314803170084
6,44,21.73483770244096
6,45,18.857369886897704
6,46,20.39389574908898
6,47,19.08539978808579
6,48,18.009586183106617
6,49,17.49083818854616
6,50,17.683930461277964
6,51,17.6577378782614
6,52,19.424475862090716
6,53,21.82625249785384
6,54,21.28863702428339
6,55,22.349534171555973
6,56,21.265907647344964
6,57,22.690804749942206
6,58,24.446345600506454
6,59,26.78254236648257
6,60,24.02308613889147
6,61,22.407910262947976
6,62,23.916074535995953
6,63,27.038886322454374
6,64,25.895766996459166
6,65,23.272201906751004
6,66,25.465862746104097
6,67,25.745221622820477
6,68,23.290428674445927
6,69,20.01785487014469
6,70,18.79455723215799
6,71,15.964343299929473
6,72,16.063683262787965
6,73,16.125599813820088
6,74,17.036376919494728
6,75,15.036289294835903
6,76,13.847053062910927
6,77,15.498944285995183
6,78,12.854588148976308
6,79,10.17437334256731
6,80,9.702107912991314
6,81,10.914399720379993
6,82,11.59679143036051
6,83,13.543958678997233
6,84,16.699339670057647
6,85,19.27235969880745
6,86,23.011687671404484
6,87,25.679686994723923
6,88,23.417185592140843
6,89,25.06568193101866
6,90,24.7472445542548
6,91,24.300416078208148
6,92,20.7240025902106
6,93,20.07231174531759
6,94,17.749678773622303
6,95,14.611454549111816
6,96,12.98373647152351
6,97,10.84777357626282
6,98,9.02827026735783
6,99,9.302191995683732
6,100,10.378838779569621
6,101,13.662430988258151
6,102,15.263260029491004
6,103,18.807343263857792
6,104,18.791137155477834
6,105,15.287210354902278
6,106,12.717688648728116
6,107,9.374443149115358
6,108,7.742463552919736
6,109,5.680094339624325
6,110,8.246486413107544
6,111,9.132855533102761
6,112,12.61908397934146
6,113,15.338807442334298
6,114,18.33298426916971
6,115,21.530356513351585
6,116,24.243634120035374
6,117,27.804944984541123
6,118,30.143078548228765
7,1,18.700524583463757
7,2,16.68185910555882
7,3,13.15686912542456
7,4,10.140663023104528
7,5,6.932551416003658
7,6,3.7787142455981013
7,8,3.8489056223669995
7,9,5.671078085251991
7,10,8.344453749124636
7,11,9.640792398124015
7,12,10.271087977810701
7,13,14.02998565117506
7,14,16.501872080273355
7,15,20.30707054786248
7,16,21.98698450484207
7,17,23.07865196516169
7,18,20.62325645057302
7,19,17.870868142244685
7,20,14.164755623398957
7,21,11.344182529905154
7,22,7.875246241007994
7,23,6.0479537155059875
7,24,4.823953533676793
7,25,6.82032495572717
7,26,9.02530371584377
7,27,10.756256264286376
7,28,13.638407000749702
7,29,13.109422955272924
7,30,15.861112292261376
7,31,17.449505671828653
7,32,15.568033326806333
7,33,18.354790401857393
7,34,20.245611086855718
7,35,17.425755669639894
7,36,16.620969543111528
7,37,13.371261031039046
7,38,12.949480807920558
7,39,11.801005132277202
7,40,13.644012702615733
7,41,14.795331636397142
7,42,14.509326106612075
7,43,18.241464682781547
7,44,20.148265918254513
7,45,17.561229657232946
7,46,18.776702795132245
7,47,17.673872661763436
7,48,16.073820066813084
7,49,16.042458704165075
7,50,17.02397848428536
7,51,17.494618219543504
7,52,19.89572855111579
7,53,22.66314719487057
7,54,21.8103888250177
7,55,22.27786547151703
7,56,20.660457790102825
7,57,22.123971672344076
7,58,23.329013104515425
7,59,25.792986923824646
7,60,23.150030792786673
7,61,21.007340677722993
7,62,22.142229306189833
7,63,25.023299559727665
7,64,23.462006128410682
7,65,20.888623745384216
7,66,23.32481355972966
7,67,23.46970692128219
7,68,20.676402401603216
7,69,17.66138879326452
7,70,16.867547712045383
7,71,14.559563263179111
7,72,14.71171482479447
7,73,15.658090256594033
7,74,16.61028153990199
7,75,15.360797252697068
7,76,14.582739018221622
7,77,16.94471494190834
7,78,14.481669400894054
7,79,11.935373452361441
7,80,10.269817121740909
7,81,10.35292875257676
7,82,9.765132112880385
7,83,11.21892914126628
7,84,14.004925118581987
7,85,16.28216076717374
7,86,19.92545131229247
7,87,22.360079238010826
7,88,19.934743620854757
7,89,21.54477026171118
7,90,21.19138656253969
7,91,21.00761883125622
7,92,17.39014882735908
7,93,16.616664521700052
7,94,14.572412518207186
7,95,11.79754295729773
7,96,10.453377054957
7,97,9.295490600998255
7,98,8.109318236025299
7,99,9.893375288655447
7,100,11.881698071750943
7,101,15.529446677484312
7,102,17.6737913751282
7,103,21.114543599387147
7,104,21.23150122316824
7,105,17.96522951533277
7,106,14.944805057185219
7,107,11.674768661825
7,108,8.985932376827096
7,109,5.834743512136442
7,110,6.6737490450851125
7,111,6.088728114547779
7,112,9.268496729447794
7,113,11.698853749185464
7,114,14.621661813954816
7,115,17.78994972937591
7,116,20.474563860705153
7,117,24.026818764675742
7,118,26.391977698642684
8,1,22.191335394107444
8,2,20.266195135250573
8,3,16.657261582033673
8,4,13.59323294337936
8,5,10.67014646498084
8,6,7.158967221425214
8,7,3.8489056223669995
8,9,3.807624049237774
8,10,5.308389109048016
8,11,6.796709951797545
8,12,7.300156761606249
8,13,10.930481375598774
8,14,13.771328867037683
8,15,17.55806598023393
8,16,19.687610081897954
8,17,21.155580232070434
8,18,18.57738378977992
8,19,16.14143859459922
8,20,12.530483064286663
8,21,10.13810802134305
8,22,7.379981390102053
8,23,6.390124044866875
8,24,7.329950596502563
8,25,9.681209133726952
8,26,12.30660517360722
8,27,13.597237054659654
8,28,16.344728037572107
8,29,15.706252461780654
8,30,18.66298762888631
8,31,20.211887787836485
8,32,18.57144847136641
8,33,21.09941016405578
8,34,23.33890780450017
8,35,20.768026947926902
8,36,19.895462725739783
8,37,16.435661196909273
8,38,15.648097693036494
8,39,13.981289202788329
8,40,15.579303684210394
8,41,15.912419366177819
8,42,15.647651885424713
8,43,19.17389602651829
8,44,21.576127630939347
8,45,19.442463760387373
8,46,20.40103462435088
8,47,19.55688392624539
8,48,17.443939811994696
8,49,17.796854075926824
8,50,19.38298293856768
8,51,20.002184450140017
8,52,22.776932613710883
8,53,25.590250383105033
8,54,24.363627036189573
8,55,24.541483207523616
8,56,22.690973166995658
8,57,24.35098779187044
8,58,25.09110149919191
8,59,27.728936361178565
8,60,25.304309460192513
8,61,22.74387593489825
8,62,23.520481459052306
8,63,26.044465568905608
8,64,23.999857283050783
8,65,21.490695560728252
8,66,24.07443016235573
8,67,23.86404293340019
8,68,20.713976654115527
8,69,18.061830402873635
8,70,17.539756430774226
8,71,15.749426652321766
8,72,15.424672894104997
8,73,17.04268254049381
8,74,17.478607531965622
8,75,16.637202957448363
8,76,16.637012426565597
8,77,19.15664195082633
8,78,16.51706305303829
8,79,14.57170398812574
8,80,12.198682171722059
8,81,11.978666937161009
8,82,10.507063858781937
8,83,11.820586327478352
8,84,13.720360036244324
8,85,15.736571982850657
8,86,19.029269346110258
8,87,21.08855059316151
8,88,18.496172237409905
8,89,20.109930832922807
8,90,19.617513069103968
8,91,20.12067151638012
8,92,16.546281677008466
8,93,15.31420512116313
8,94,13.770620207805289
8,95,11.829688962673936
8,96,11.373037019512973
8,97,11.445472034845823
8,98,10.94554900493404
8,99,13.367689663356042
8,100,15.503205875689629
8,101,19.23484141980245
8,102,21.38776363090734
8,103,24.855497767702772
8,104,25.061441644662363
8,105,21.813938292908283
8,106,18.765012302231238
8,107,15.472657361805961
8,108,12.606724685510489
8,109,9.144825048303334
8,110,8.626512541012332
8,111,6.596546902142561
8,112,8.335775479539329
8,113,10.030336090651815
8,114,12.215336578020725
8,115,15.4846486687917
8,116,17.693211288095256
8,117,21.208471620224916
8,118,23.257498424457843
9,1,22.794300591025532
9,2,20.434819173537036
9,3,17.00002608736715
9,4,13.532620963028064
9,5,11.334153896399043
9,6,7.888575210920049
9,7,5.671078085251991
9,8,3.807624049237774
9,10,3.7851154963431433
9,11,6.932305990461587
9,12,9.083718126192252
9,13,12.491499660229561
9,14,15.859881495809102
9,15,19.478848482656026
9,16,21.664067774358276
9,17,23.601561908990906
9,18,21.30660991624726
9,19,19.269403220576734
9,20,15.666812262083479
9,21,13.697498839030098
9,22,10.915933484294277
9,23,10.089755706198877
9,24,10.26731023656253
9,25,11.997708169422102
9,26,13.773514867032652
9,27,14.328878998205594
9,28,17.105699104283847
9,29,17.286628136743385
9,30,20.531957055396145
9,31,22.54980982871115
9,32,21.023438099798465
9,33,23.886732554667578
9,34,25.86773265205951
9,35,23.032433015342583
9,36,22.19965311383438
9,37,18.93073264127669
9,38,18.098151328356614
9,39,16.249270728807506
9,40,17.239500981509458
9,41,17.3483216606808
9,42,16.240269760184095
9,43,19.500751859972585
9,44,22.20641516828813
9,45,20.401383302983735
9,46,21.939747596497714
9,47,21.60424814517617
9,48,19.909001312464607
9,49,20.618062040910907
9,50,22.114840840770526
9,51,22.933778028821813
9,52,25.46971356211605
9,53,28.31684375789934
9,54,27.40971126027515
9,55,27.727666665779566
9,56,25.883797233375887
9,57,27.263424429801148
9,58,28.089202905240157
9,59,30.475453044435824
9,60,27.774367148588354
9,61,25.264117834558224
9,62,25.763323454447388
9,63,28.466729764483283
9,64,26.341002561836117
9,65,24.177458874057137
9,66,27.02947994127495
9,67,27.109088032234585
9,68,23.87790251970906
9,69,21.38582231608656
9,70,21.108628079957672
9,71,19.321819102386815
9,72,19.1628060214995
9,73,20.595360000547185
9,74,21.029812969908246
9,75,19.85136705016202
9,76,19.70547912664625
9,77,21.888904389974932
9,78,18.999396906516356
9,79,16.989675610872386
9,80,15.169708463867426
9,81,15.397858977163946
9,82,14.197578578608724
9,83,15.326893510878147
9,84,17.29157533045758
9,85,18.97619692606034
9,86,22.201077178196893
9,87,23.925006371848713
9,88,21.005954400679997
9,89,22.110911399618054
9,90,21.019200515451374
9,91,21.601138798662628
9,92,18.311052214856335
9,93,16.40902563258464
9,94,14.330104754805493
9,95,12.33020422657837
9,96,12.724331203264754
9,97,12.69018254223032
9,98,12.873791394513704
9,99,15.015982527755767
9,100,17.29974701748457
9,101,20.780230201076595
9,102,22.8898022714965
9,103,26.28781397264797
9,104,25.996806042338275
9,105,22.536618857390607
9,106,19.549549355411113
9,107,15.926197545417446
9,108,13.180119999216187
9,109,9.517549290986185
9,110,8.67306497965824
9,111,7.690109730580752
9,112,9.053051782810057
9,113,11.439731029288756
9,114,13.174619205725353
9,115,16.838229638603373
9,116,18.79952247978394
9,117,22.457743266667922
9,118,24.31817003188842
10,1,26.398516525537808
10,2,24.035842356902098
10,3,20.615165842609052
10,4,17.147664091544282
10,5,14.67392858286146
10,6,11.301306936384394
10,7,8.344453749124636
10,8,5.308389109048016
10,9,3.7851154963431433
10,11,3.815303015342022
10,12,6.579447985119079
10,13,9.461143282649358
10,14,13.09703366852113
10,15,16.486419809400545
10,16,18.782042481948242
10,17,21.107861105566347
10,18,19.041514997215018
10,19,17.56002958398195
10,20,14.168889997731922
10,21,13.047501305304063
10,22,10.926572248890821
10,23,11.254780188388567
10,24,12.4380266497452
10,25,14.836742246893312
10,26,17.08086506486188
10,27,17.931554090806383
10,28,20.703281175828018
10,29,20.5854996196377
10,30,23.717599073636606
10,31,25.44050904097622
10,32,23.741880254036648
10,33,26.297371406485315
10,34,28.37796983558857
10,35,25.60752511069386
10,36,24.414873582272854
10,37,20.914154373768245
10,38,19.533201227842
10,39,17.13299941883763
10,40,17.729055075137392
10,41,17.046281295210463
10,42,15.982797393212067
10,43,18.893258322153642
10,44,21.977133020959002
10,45,20.678184287517524
10,46,21.94594189793292
10,47,21.96081246755383
10,48,19.95906404524248
10,49,21.16651728533365
10,50,23.227203749363014
10,51,24.415555753723638
10,52,27.29346258125646
10,53,30.341993638427184
10,54,29.265899906737435
10,55,29.150900579703535
10,56,26.944350911396597
10,57,28.268285909137994
10,58,28.601736172691247
10,59,30.984768984105106
10,60,28.425282432906535
10,61,25.539156529123854
10,62,25.58291474105128
10,63,27.959391426029182
10,64,25.422441491204637
10,65,23.50782341994742
10,66,26.557361463078422
10,67,26.535653328380352
10,68,23.045165891081915
10,69,21.04283732276497
10,70,21.273372782300722
10,71,20.10073719859751
10,72,19.982001301925813
10,73,22.013568134577554
10,74,22.42914423414237
10,75,21.808624443012913
10,76,21.925477606086623
10,77,24.45546870864778
10,78,21.73012803086956
10,79,19.81014588369399
10,80,17.503764482810766
10,81,17.098679293332705
10,82,15.117559800377862
10,83,15.631958851648607
10,84,16.89833625656128
10,85,17.978516796959116
10,86,20.804268890495987
10,87,22.003983861719842
10,88,18.867696290773953
10,89,19.688781465244578
10,90,18.326810873694747
10,91,19.412483580796433
10,92,16.361753650077613
10,93,14.009383324473271
10,94,12.385715560459934
10,95,11.336599841565368
10,96,12.569845766807385
10,97,13.619050202518132
10,98,14.455683831663785
10,99,17.230009103903118
10,100,19.891500077104514
10,101,23.471466949374076
10,102,25.87022914488041
10,103,29.179497998768905
10,104,28.93291163221166
10,105,25.62367412484982
10,106,22.410918465147443
10,107,18.88115379075069
10,108,15.75572567891018
10,109,11.980118586312376
10,110,10.056893036892157
10,111,8.012999341098897
10,112,7.661762350975429
10,113,9.236249327568675
10,114,10.098987136178568
10,115,13.805910109720426
10,116,15.404436767007022
10,117,19.052296078231752
10,118,20.78233733106416
11,1,28.236813298659804
11,2,25.916217718024484
11,3,22.549757731558056
11,4,19.183766990837672
11,5,16.219714280140145
11,6,13.161043995513268
11,7,9.640792398124015
11,8,6.796709951797545
11,9,6.932305990461587
11,10,3.815303015342022
11,12,3.7628924380823072
11,13,6.4521030674499995
11,14,9.933318301815007
11,15,13.245774615571495
11,16,15.214129055797839
11,17,17.603577148785188
11,18,15.85722089747418
11,19,14.739851645264004
11,20,11.446739946075011
11,21,11.164153330730002
11,22,9.506345433123437
11,23,11.113334749742394
11,24,12.884564030989356
11,25,15.968404965656134
11,26,18.640202352740275
11,27,20.1436959963775
11,28,22.977871815204313
11,29,22.404211954932588
11,30,25.18813309515959
11,31,26.41870443840746
11,32,24.34346789514962
11,33,26.5000272160874
11,34,28.52137265128608
11,35,25.797364285844566
11,36,24.140771214723394
11,37,20.47750477508755
11,38,18.523891993556084
11,39,15.666859523539385
11,40,15.939281558691695
11,41,14.643842121836379
11,42,13.941609681990046
11,43,16.62647830989823
11,44,19.802311056306543
11,45,18.80810762848006
11,46,19.651161174089346
11,47,19.86611905060119
11,48,17.624048847315585
11,49,19.258737706143833
11,50,21.795148770573686
11,51,23.38998146865205
11,52,26.544734390333332
11,53,29.80739693884985
11,54,28.67263062713766
11,55,28.072305942001115
11,56,25.496625064941867
11,57,26.654007569921664
11,58,26.536645800212472
11,59,28.84779690004177
11,60,26.438911316937137
11,61,23.27153447690409
11,62,22.957102307346542
11,63,25.05137262769854
11,64,22.265732712294803
11,65,20.553326161189833
11,66,23.736906828021596
11,67,23.75172412799118
11,68,20.131733148098224
11,69,18.559064208174913
11,70,19.33864293425804
11,71,18.780429484101237
11,72,19.02090191610046
11,73,21.534625488775255
11,74,22.2730995476924
11,75,22.271408073589054
11,76,22.303319047258512
11,77,25.256351848417168
11,78,22.947515155248478
11,79,20.852487786043007
11,80,18.219404208386162
11,81,17.007615489341195
11,82,14.342446817099736
11,83,13.993958121567637
11,84,14.7639614254134
11,85,15.17539037015457
11,86,17.754350736775677
11,87,18.613433753643466
11,88,15.313715629677642
11,89,15.924015607407979
11,90,14.51720967795129
11,91,15.717369975005422
11,92,12.746668815645373
11,93,10.32268721283604
11,94,9.178548142577407
11,95,8.929824167596667
11,96,10.524535554375019
11,97,12.533031226493234
11,98,13.857980359674153
11,99,17.17583150021083
11,100,20.185230366258054
11,101,23.798893691573557
11,102,26.556361346624318
11,103,29.683850036510776
11,104,29.55973652119945
11,105,26.53839641091737
11,106,23.074967329339295
11,107,19.813510524364037
11,108,16.331345603211574
11,109,12.687499967476578
11,110,10.039965320297647
11,111,7.0441679872577305
11,112,5.112624581413421
11,113,5.640584275780568
11,114,6.329333466700338
11,115,10.063522805950301
11,116,11.981814916903067
11,117,15.717247271348082
11,118,17.830227251229203
12,1,28.80771483001042
12,2,26.88471725842243
12,3,23.397529056503444
12,4,20.368539944856614
12,5,17.064027056279745
12,6,14.020474884660734
12,7,10.271087977810701
12,8,7.300156761606249
12,9,9.083718126192252
12,10,6.579447985119079
12,11,3.7628924380823072
12,13,3.7885858305145192
12,14,6.812362386260703
12,15,10.476737759312519
12,16,12.655388443397865
12,17,14.654674834341405
12,18,12.476780924196532
12,19,11.123387813218605
12,20,7.92442885405997
12,21,7.9232758918537645
12,22,7.28403672603271
12,23,9.524013514269425
12,24,12.212180134719015
12,25,15.558238160040425
12,26,18.74746484765952
12,27,20.60942106594926
12,28,23.317029322531333
12,29,22.14754859215953
12,30,24.668275779364777
12,31,25.47545549370588
12,32,23.42341135937788
12,33,25.156017968934737
12,34,27.447779865604108
12,35,25.083650626876963
12,36,23.42824001149862
12,37,19.658431721410587
12,38,17.72045681999583
12,39,15.02222299875246
12,40,15.821704047092146
12,41,14.584424598654847
12,42,14.859379119159852
12,43,17.65551322774988
12,44,20.508701055764025
12,45,19.29665856475981
12,46,19.43027726005799
12,47,19.16560354775987
12,48,16.366326286348574
12,49,17.724625216109615
12,50,20.487861074813452
12,51,21.89976324941101
12,52,25.312914877763827
12,53,28.488196284867353
12,54,26.968069470462407
12,55,26.14476443300159
12,56,23.52811044753786
12,57,25.000147731703102
12,58,24.630517554995073
12,59,27.228175883690476
12,60,25.219876359765777
12,61,21.9230463733487
12,62,21.79085796357212
12,63,23.51335076168982
12,64,20.670034521241504
12,65,18.617318772316956
12,66,21.50978011582227
12,67,21.05097089363711
12,68,17.39683928821281
12,69,15.902131970730425
12,70,16.607753903866005
12,71,16.384960899056722
12,72,16.352860103371164
12,73,19.2387462855891
12,74,19.824330155893996
12,75,20.33206433570738
12,76,20.69479526347489
12,77,23.87940696385213
12,78,21.840488747242087
12,79,20.023182396790837
12,80,16.9327270017993
12,81,15.245271916310276
12,82,12.13079323428534
12,83,11.648109308527351
12,84,11.716084918234413
12,85,12.156486125412492
12,86,14.534202327484108
12,87,15.549568231673655
12,88,12.550652277135299
12,89,13.84978393786869
12,90,13.232679498581184
12,91,14.675713007162397
12,92,11.431465227604424
12,93,9.83778427687105
12,94,9.876498737576979
12,95,10.080864967400018
12,96,10.823976089421349
12,97,13.091779615683102
12,98,13.838082457930787
12,99,17.320557662191305
12,100,20.097249361928135
12,101,23.841579850695744
12,102,26.553009963932396
12,103,29.712879841300087
12,104,30.045189509994906
12,105,27.218951676453873
12,106,23.784329893778676
12,107,20.825914852008232
12,108,17.369934691873574
12,109,13.982265152505143
12,110,11.735597516564775
12,111,8.105745613166036
12,112,6.3696186169630415
12,113,4.917994174715455
12,114,5.557916856407954
12,115,8.452912036350073
12,116,10.43021057069413
12,117,13.914791837036274
12,118,16.123468207866143
13,1,32.481233754778295
13,2,30.63614329514654
13,3,27.13510097465284
13,4,24.146413077763295
13,5,20.820169023033813
13,6,17.770654743583442
13,7,14.02998565117506
13,8,10.930481375598774
13,9,12.491499660229561
13,10,9.461143282649358
13,11,6.4521030674499995
13,12,3.7885858305145192
13,14,3.7994294190807514
13,15,7.0457689908794014
13,16,9.701643944381876
13,17,12.175095015830841
13,18,10.210089441885266
13,19,9.895984979780472
13,20,7.770514487241666
13,21,9.245341931716942
13,22,9.960519712161059
13,23,12.57788326247202
13,24,15.631090248629977
13,25,19.00478161665319
13,26,22.33353929685672
13,27,24.20721885018674
13,28,26.846692744650838
13,29,25.510975438036695
13,30,27.950230301148054
13,31,28.55632296350475
13,32,26.53603839863641
13,33,27.96671696505679
13,34,30.367013255645194
13,35,28.198735395082853
13,36,26.422810433644287
13,37,22.635669066461396
13,38,20.495099027939222
13,39,17.667506585195724
13,40,18.23714783268105
13,41,16.461154198111938
13,42,16.97991633693724
13,43,19.26725665298042
13,44,22.210074724024306
13,45,21.442877436288036
13,46,21.171804511455374
13,47,21.09783240410936
13,48,18.061862925266954
13,49,19.660616686832512
13,50,22.761615013702023
13,51,24.29712908640069
13,52,27.88525438210275
13,53,31.06411523749721
13,54,29.337900839548542
13,55,28.186338796823463
13,56,25.396201539263238
13,57,26.887016591537407
13,58,26.04148370908298
13,59,28.645627563736195
13,60,26.95960868334962
13,61,23.439623873634357
13,62,22.948982603957813
13,63,24.13160255735993
13,64,20.94953379684138
13,65,19.16260990983506
13,66,21.986264541742102
13,67,21.22510602640403
13,68,17.471006274478004
13,69,16.695990030396565
13,70,17.807017358451372
13,71,18.256521262873893
13,72,18.083335475209875
13,73,21.341194023258364
13,74,21.732906203751536
13,75,22.706105238440717
13,76,23.393527417433823
13,77,26.682632625807784
13,78,24.786780733419057
13,79,23.21612177948879
13,80,19.901724701277974
13,81,17.94879083481034
13,82,14.544502834714185
13,83,13.675235413551155
13,84,12.717735087050627
13,85,12.370660871992712
13,86,13.790312737003896
13,87,13.99856292886832
13,88,11.018619448037045
13,89,12.149679692975141
13,90,11.565717817716274
13,91,13.89228390645619
13,92,11.211526178017413
13,93,9.542158376708484
13,94,10.835150218513613
13,95,12.220442566347774
13,96,13.375626607912672
13,97,16.155615863414564
13,98,17.100668317740695
13,99,20.701233762865954
13,100,23.493863968657973
13,101,27.21980201373923
13,102,29.986795481344657
13,103,33.08184399893691
13,104,33.52077523743088
13,105,30.81219286074645
13,106,27.340063283881282
13,107,24.486312084251292
13,108,20.97920001026239
13,109,17.661188445261836
13,110,15.20463617945819
13,111,11.54404587331226
13,112,9.077794122378739
13,113,6.293218034172344
13,114,4.577997253971822
13,115,6.161776689049785
13,116,7.122840082304958
13,117,10.377113643684917
13,118,12.388111394766675
14,1,34.378489904825436
14,2,32.759560468770594
14,3,29.302971150560126
14,4,26.560705317019796
14,5,23.030488070940844
14,6,20.23702399108669
14,7,16.501872080273355
14,8,13.771328867037683
14,9,15.859881495809102
14,10,13.09703366852113
14,11,9.933318301815007
14,12,6.812362386260703
14,13,3.7994294190807514
14,15,3.822223377324768
14,16,6.432706079870513
14,17,8.532001448653528
14,18,6.488801141807077
14,19,6.910435558157801
14,20,6.074915119011327
14,21,8.880314251953578
14,22,10.772306877924333
14,23,13.85449536411864
14,24,17.173309433270216
14,25,20.66123792144764
14,26,24.200261634315286
14,27,26.418476869729584
14,28,28.96350983903375
14,29,27.220847973453537
14,30,29.299726078422317
14,31,29.44066391000545
14,32,27.316366649965552
14,33,28.25682872184989
14,34,30.688143825262628
14,35,28.811922105906653
14,36,26.86652127565313
14,37,23.126813562689232
14,38,20.826597982584968
14,39,18.0730643273903
14,40,18.703109007238854
14,41,16.76704055621426
14,42,17.99510820089114
14,43,20.02586774594988
14,44,22.63605662824288
14,45,21.961060062946764
14,46,21.03408853876533
14,47,20.792652373964753
14,48,17.46227233855679
14,49,19.037985477935695
14,50,22.38647193915834
14,51,23.970073042532093
14,52,27.711914463747053
14,53,30.847464673447103
14,54,28.914900225537053
14,55,27.367817008391906
14,56,24.430367746572248
14,57,25.956160516008936
14,58,24.65948065914395
14,59,27.313484004561058
14,60,26.0684024466188
14,61,22.434906026582563
14,62,21.834720152521356
14,63,22.455520008773462
14,64,19.167587774925927
14,65,17.402078259808473
14,66,19.929811542749466
14,67,18.80954441660712
14,68,15.102370424808194
14,69,14.94315857872434
14,70,16.388027680174194
14,71,17.551800880759096
14,72,17.435441245966107
14,73,21.012201430604208
14,74,21.472282669911845
14,75,23.057216546243577
14,76,23.844119333987198
14,77,27.32548153829823
14,78,25.85888479134182
14,79,24.406341546977426
14,80,20.912795836534197
14,81,18.453309293279222
14,82,14.779558764086104
14,83,13.35971525567724
14,84,11.439606064708174
14,85,10.347688420665458
14,86,10.863619680360838
14,87,10.615557636120126
14,88,7.9912263618746096
14,89,9.60263296648891
14,90,9.958639408262338
14,91,12.539881865156419
14,92,10.172952516368335
14,93,9.549602660793242
14,94,11.9302751441338
14,95,13.789547777589597
14,96,14.515641806913766
14,97,17.532267999241704
14,98,18.332796347722393
14,99,21.980724268863273
14,100,24.669262049846264
14,101,28.319615221264034
14,102,31.145018479761873
14,103,34.0871875661506
14,104,34.80244795633974
14,105,32.38133610924905
14,106,28.90569804222609
14,107,26.39145238736347
14,108,22.89645738794848
14,109,19.902331803718305
14,110,17.532558898059282
14,111,13.77403983066419
14,112,11.334428557525555
14,113,7.829372728328733
14,114,6.154829682303157
14,115,5.240706381270461
14,116,5.977817235578692
14,117,8.347517501980027
14,118,10.712854890205106
15,1,38.10963696131526
15,2,36.50932218211067
15,3,33.08071316960249
15,4,30.349058893546417
15,5,26.79616370881286
15,6,24.048763743542565
15,7,20.30707054786248
15,8,17.55806598023393
15,9,19.478848482656026
15,10,16.486419809400545
15,11,13.245774615571495
15,12,10.476737759312519
15,13,7.0457689908794014
15,14,3.822223377324768
15,16,3.7822629333507423
15,17,6.491921581695814
15,18,5.61168845832413
15,19,7.995136209794821
15,20,8.778915352222056
15,21,12.102589204046684
15,22,14.359819756489395
15,23,17.52788207986114
15,24,20.880133483661236
15,25,24.380559240937938
15,26,27.952778495765195
15,27,30.216988652782955
