1,2,3.8221760555946895
1,3,7.015961514606663
1,4,9.531744965394337
1,5,13.148196693989668
1,6,16.200988630034786
1,7,19.77297702975536
1,8,22.328159167363115
1,9,25.782680637492916
1,10,27.795701556660113
1,11,31.5494315758825
1,12,31.36621069001118
1,13,27.68037521220759
1,14,26.131551775176163
1,15,23.169628101808836
1,16,19.45694851228669
1,17,16.423520850895578
1,18,12.60636868519828
1,19,9.613624686469969
1,20,5.925738448423017
1,21,4.883341637989491
1,22,4.376260529812269
1,23,7.127112399508525
1,24,10.036963397039274
1,25,12.209109348442688
1,26,10.170555214975211
1,27,10.082040693703819
1,28,13.74923680263106
1,29,14.794561570883978
1,30,13.761565613257066
1,31,15.519749190040335
1,32,18.504725691765007
1,33,18.965181790096043
1,34,18.94641481836857
1,35,21.466771557331004
1,36,23.48707699923438
1,37,23.64740275301084
1,38,25.052952293732474
1,39,27.53358546657913
1,40,26.24593764520244
1,41,27.424877670376645
1,42,26.600416370350104
1,43,25.523347645997926
1,44,21.90080443275309
1,45,21.11797186613627
1,46,18.031019569799962
1,47,17.996796857910507
1,48,15.984073205176566
1,49,16.565224054205732
1,50,15.366538135245657
1,51,12.658911516336726
1,52,14.949649890986365
1,53,16.543107715811043
1,54,20.1379229449248
1,55,22.21896139126248
1,56,25.876900498376795
1,57,28.81312676854224
1,58,32.27376961151054
2,1,3.8221760555946895
2,3,3.8326885778342494
2,4,6.684134546078161
2,5,10.239268877399642
2,6,13.651905109947
2,7,16.965133171455605
2,8,19.8867338170735
2,9,23.185962192297623
2,10,25.550871880002042
2,11,29.299000812993107
2,12,29.225190504921475
2,13,25.581289235429203
2,14,23.632799217683853
2,15,20.52087678620376
2,16,16.800971916279277
2,17,14.199919963812597
2,18,10.43002395572419
2,19,8.354570310187803
2,20,5.423875542267469
2,21,5.643887740334081
2,22,6.401055857045332
2,23,7.23149853821621
2,24,8.944247663837182
2,25,12.023349808879326
2,26,10.776452869283757
2,27,9.521620415738894
2,28,12.927818511074651
2,29,14.846376119943164
2,30,13.711907864505916
2,31,14.523847076527066
2,32,17.79568991331889
2,33,18.79196350782234
2,34,18.243535684847462
2,35,20.331721758031325
2,36,22.8506461310368
2,37,23.17879249212666
2,38,24.028862605773426
2,39,26.51640736514338
2,40,24.853451414223304
2,41,26.0430374534463
2,42,24.860454968328906
2,43,23.63492069686554
2,44,19.9913139444512
2,45,18.802558033781608
2,46,15.510609714380603
2,47,14.967668324387683
2,48,13.113014634720848
2,49,13.238639862492324
2,50,11.739672118027595
2,51,9.380970253761317
2,52,11.802832443009498
2,53,13.97317656689816
2,54,17.524947533554837
2,55,20.035258477481634
2,56,23.532657788481593
2,57,26.70059282380123
2,58,30.09464326403277
3,1,7.015961514606663
3,2,3.8326885778342494
3,4,3.843810142200651
3,5,6.784936904785936
3,6,10.341193607793283
3,7,13.525315850891586
3,8,16.47928445442548
3,9,19.81142468728703
3,10,22.22333063224839
3,11,25.913633562621367
3,12,25.696468501625855
3,13,22.040887861834793
3,14,19.967080038093982
3,15,16.7583713868397
3,16,13.02429158523427
3,17,10.538297701737202
3,18,6.865248501234032
3,19,5.7548047788622965
3,20,4.522381831828721
3,21,6.453847995315702
3,22,8.820131340548226
3,23,8.865566278413969
3,24,9.073038647427156
3,25,12.266297880622009
3,26,11.124281653143385
3,27,8.608337784444938
3,28,11.689012388320243
3,29,13.906055953687561
3,30,12.226878700764914
3,31,12.256355427994212
3,32,15.834453963760383
3,33,16.919114727153932
3,34,15.736748687651161
3,35,17.627083343330927
3,36,20.504007916149483
3,37,20.703990021918447
3,38,21.103465280413946
3,39,23.72242350696441
3,40,21.993491155933317
3,41,23.453520780822693
3,42,22.29510898950051
3,43,21.35576444026404
3,44,17.892057068918394
3,45,16.854493015598088
3,46,13.817061921166959
3,47,13.310276123032425
3,48,12.380240722472257
3,49,12.380376687484762
3,50,9.915823273143484
3,51,7.7570665697681545
3,52,9.204591470170028
3,53,11.490560592344726
3,54,14.70493168588831
3,55,17.23827016416828
3,56,20.617127211667135
3,57,23.769750241701246
3,58,27.222674184513274
4,1,9.531744965394337
4,2,6.684134546078161
4,3,3.843810142200651
4,5,3.800548781776658
4,6,7.021651326349324
4,7,10.366048255824076
4,8,13.277080537122377
4,9,16.519700578940366
4,10,18.943210836238578
4,11,22.698789625171365
4,12,22.83543670299931
4,13,19.303552309904934
4,14,17.2813038556842
4,15,14.429374029348788
4,16,10.884231102927897
4,17,8.775995606210618
4,18,5.639736946714377
4,19,5.4349813703918795
4,20,6.2151154174418
4,21,7.105799102766586
4,22,9.652361313576478
4,23,8.359120807728198
4,24,6.955885678487867
4,25,10.047380153442713
4,26,9.651188415554229
4,27,6.446202361267776
4,28,8.646477779565002
4,29,11.456240003416024
4,30,10.209835052806703
4,31,9.3791938374182
4,32,12.782937643056135
4,33,14.48687502967952
4,34,13.369366725310366
4,35,14.669573188902211
4,36,17.671146633267167
4,37,18.379567553523376
4,38,18.589613464885517
4,39,20.85128585938602
4,40,18.776923448537374
4,41,19.95567912704438
4,42,18.58390075504133
4,43,17.525395648179344
4,44,14.059993347232771
4,45,13.095451376226638
4,46,10.268604651640869
4,47,10.30382499091656
4,48,10.08069330077613
4,49,10.872303613401558
4,50,8.288215588653095
4,51,5.408676673193384
4,52,5.890008562183658
4,53,7.688416916132987
4,54,10.99172227877273
4,55,13.51500636479775
4,56,16.9362555240361
4,57,20.132785704763993
4,58,23.535108982294776
5,1,13.148196693989668
5,2,10.239268877399642
5,3,6.784936904785936
5,4,3.800548781776658
5,6,3.7676046963049035
5,7,6.75344873143444
5,8,9.834796920567879
5,9,13.043987876368702
5,10,15.623942021074365
5,11,19.306092963590924
5,12,19.375569379050276
5,13,15.889086246714738
5,14,13.61034599370942
5,15,10.711850928322725
5,16,7.268157502679024
5,17,5.94414075944954
5,18,4.317657672613119
5,19,6.503919888227079
5,20,8.886513430139724
5,21,10.390604629425962
5,22,13.267804132511177
5,23,11.796295378704158
5,24,9.605402615333222
5,25,12.202557471243091
5,26,12.098277055314043
5,27,8.414725817715452
5,28,9.402158091568968
5,29,12.289002083849537
5,30,10.730441262048293
5,31,8.646059118952971
5,32,12.015744774319396
5,33,13.91142751289671
5,34,12.029720229105527
5,35,12.701375778320632
5,36,16.145406353039025
5,37,16.81475449184783
5,38,16.309332717932424
5,39,18.581883840407414
5,40,16.3113415355649
5,41,17.7396019373773
5,42,16.30402643719844
5,43,15.590012916593862
5,44,12.529019573793455
5,45,11.764567944301099
5,46,9.611107096416616
5,47,9.720976830339016
5,48,10.847216829499045
5,49,11.426842080939686
5,50,8.166450116392364
5,51,6.375706490122074
5,52,4.4958980842135015
5,53,6.025907995932714
5,54,8.36643687270695
5,55,10.94678638949273
5,56,14.07614419541422
5,57,17.27541886682769
5,58,20.69146720845568
6,1,16.200988630034786
6,2,13.651905109947
6,3,10.341193607793283
6,4,7.021651326349324
6,5,3.7676046963049035
6,7,3.7973079799259546
6,8,6.256041226579502
6,9,9.599413758380237
6,10,11.95448598816354
6,11,15.688886328692025
6,12,15.944382993725938
6,13,12.565528442299646
6,14,10.548895079269386
6,15,8.322640297006398
6,16,5.631369429904996
6,17,5.299593121870576
6,18,5.931394616021885
6,19,8.417582055573698
6,20,11.543464495376789
6,21,12.687539263443405
6,22,15.636784236493046
6,23,13.867729729835256
6,24,11.036203279905799
6,25,12.730191786883347
6,26,12.92075503768578
6,27,9.240677886713735
6,28,8.807997243307382
6,29,11.482492229871932
6,30,10.126903936593344
6,31,6.961504385722911
6,32,9.72409537810372
6,33,11.94784380206072
6,34,9.834856844668481
6,35,9.60675230894697
6,36,13.230089920376274
6,37,14.22184527848191
6,38,13.299725848933281
6,39,15.242694494830593
6,40,12.721824090499544
6,41,14.143668063419604
6,42,12.751502652805703
6,43,12.439003259264226
6,44,9.836228599293376
6,45,9.855428531562893
6,46,8.93504883480211
6,47,10.053302961859115
6,48,12.196260670891219
6,49,13.366735045461782
6,50,10.372281890610726
6,51,8.738730526181337
6,52,5.527213610761963
6,53,4.68312449780863
6,54,5.542188481448211
6,55,7.452293998960925
6,56,10.563515955651507
6,57,13.596419485645335
6,58,17.093187678950706
7,1,19.77297702975536
7,2,16.965133171455605
7,3,13.525315850891586
7,4,10.366048255824076
7,5,6.75344873143444
7,6,3.7973079799259546
7,8,3.791541982970816
7,9,6.382916626220514
7,10,9.394328995299333
7,11,12.92870306805294
7,12,13.425323099632145
7,13,10.416044797693372
7,14,7.729591773662684
7,15,5.909810009456539
7,16,4.79528943498306
7,17,6.89608908893433
7,18,8.908553692971218
7,19,11.953905249917273
7,20,15.148505366095737
7,21,16.45159518955276
7,22,19.326695157818673
7,23,17.34542373419942
7,24,14.270889574631287
7,25,15.884778393890707
7,26,16.482409946618162
7,27,12.908224161892766
7,28,11.912483175586464
7,29,14.5483575877693
7,30,13.39607485027997
7,31,9.845479216354704
7,32,11.799217390456327
7,33,14.167516228495076
7,34,11.725317873169695
7,35,10.441574345607945
7,36,14.170046805506324
7,37,15.271342344017313
7,38,13.43658187777556
7,39,15.003286738291521
7,40,12.103529524462528
7,41,13.470108142293613
7,42,11.708576128789934
7,43,11.59148322685667
7,44,9.860378998629484
7,45,9.768262581569484
7,46,9.741925333817312
7,47,10.507185608028017
7,48,13.477186724796548
7,49,14.276259484833489
7,50,11.308492075546189
7,51,10.794285301822423
7,52,7.0972051022221505
7,53,6.169862124191445
7,54,4.548153378577909
7,55,6.404948931277553
7,56,8.347044286334217
7,57,11.459396956279093
7,58,14.709281552290244
8,1,22.328159167363115
8,2,19.8867338170735
8,3,16.47928445442548
8,4,13.277080537122377
8,5,9.834796920567879
8,6,6.256041226579502
8,7,3.791541982970816
8,9,3.7791564980097774
8,10,5.825101380126604
8,11,9.471492794372352
8,12,9.937113150013172
8,13,7.005103183416158
8,14,5.1500953224324455
8,15,5.22221549348994
8,16,6.0255057003268995
8,17,8.15757843620066
8,18,10.975096985027491
8,19,13.796642850444707
8,20,17.32932326917999
8,21,18.52103920940952
8,22,21.52926684614876
8,23,19.646112887474054
8,24,16.488622902401797
8,25,17.375342217996522
8,26,17.822185658508122
8,27,14.445747823832995
8,28,12.841071442761862
8,29,14.746190313218607
8,30,13.61056005780486
8,31,9.863083886283126
8,32,10.862058029465182
8,33,12.94085513596184
8,34,10.359727182534504
8,35,8.171318713557412
8,36,11.718824683820966
8,37,12.859401747784123
8,38,10.487037112268252
8,39,11.665383606792048
8,40,8.727053216275465
8,41,10.417990339502825
8,42,9.213665630335605
8,43,10.21723494287174
8,44,9.593920336605958
8,45,10.766462828897838
8,46,11.90319034134004
8,47,13.441011732353072
8,48,16.58402267557233
8,49,17.778548239796482
8,50,15.005549856128981
8,51,14.205375614315242
8,52,10.498376910004247
8,53,8.53023180231687
8,54,5.859488990398388
8,55,5.1513347203790545
8,56,6.303553177956743
8,57,8.5420081239706
8,58,11.995985339943006
9,1,25.782680637492916
9,2,23.185962192297623
9,3,19.81142468728703
9,4,16.519700578940366
9,5,13.043987876368702
9,6,9.599413758380237
9,7,6.382916626220514
9,8,3.7791564980097774
9,10,3.800821953417034
9,11,6.866660340068546
9,12,8.377916792060104
9,13,6.818469057959988
9,14,4.970220262681734
9,15,6.85090574851395
9,16,8.968831701075391
9,17,11.723966276367014
9,18,14.609381637553936
9,19,17.512215409741856
9,20,20.97256511272022
9,21,22.036234316346473
9,22,24.872739817497948
9,23,22.69753731639733
9,24,19.31208405601087
9,25,20.082949698075744
9,26,20.97369960492101
9,27,17.762328986901238
9,28,15.747732381580615
9,29,17.71690987930252
9,30,17.013133191924137
9,31,13.212922904897543
9,32,13.525406042535337
9,33,15.801600550086873
9,34,13.49444068858068
9,35,10.646994091982235
9,36,13.669682801515375
9,37,15.133179950853174
9,38,12.308521719034568
9,39,12.580363427045473
9,40,9.35382105120548
9,41,10.31927528687702
9,42,8.615575179975906
9,43,9.699531465960169
9,44,10.256878299582892
9,45,11.31550228275134
9,46,13.218078757905872
9,47,14.60998263692019
9,48,18.146634864068254
9,49,19.260378095914177
9,50,16.825580835718522
9,51,16.56010666883645
9,52,12.800702328685873
9,53,10.775697872018782
9,54,7.231656287131878
9,55,6.039521388544958
9,56,4.652173240363475
9,57,6.399824993206668
9,58,9.205489256260316
10,1,27.795701556660113
10,2,25.550871880002042
10,3,22.22333063224839
10,4,18.943210836238578
10,5,15.623942021074365
10,6,11.95448598816354
10,7,9.394328995299333
10,8,5.825101380126604
10,9,3.800821953417034
10,11,3.8083129047606374
10,12,5.526380867084303
10,13,4.846088669737649
10,14,5.495513323536964
10,15,8.635256114270735
10,16,11.116068524766826
10,17,13.374349611387455
10,18,16.49340329938644
10,19,19.100139768630147
10,20,22.72592766382445
10,21,23.694889343943856
10,22,26.62556899929828
10,23,24.63193379814384
10,24,21.308849547368396
10,25,21.517371876914773
10,26,22.151655443987018
10,27,19.17545856301884
10,28,16.891537859552603
10,29,18.1257527798947
10,30,17.421219852637503
10,31,13.807360319547195
10,32,13.338770121832793
10,33,15.079368736254132
10,34,12.912420181601467
10,35,9.608599483810558
10,36,11.881994842910887
10,37,13.26358300741442
10,38,10.127107163328057
10,39,9.676428164582415
10,40,6.760667762731627
10,41,8.012448327318708
10,42,7.516196940046737
10,43,9.975935483682619
10,44,11.450595670138286
10,45,13.496169485012723
10,46,15.870381556044496
10,47,17.800240666334687
10,48,21.242539915689754
10,49,22.67962907319251
10,50,20.26462272177101
10,51,19.59312564317183
10,52,15.863195935274266
10,53,13.367202470703889
10,54,9.97414032116254
10,55,7.418796008265084
10,56,5.604426378485208
10,57,4.864867004652361
10,58,7.694996216267281
11,1,31.5494315758825
11,2,29.299000812993107
11,3,25.913633562621367
11,4,22.698789625171365
11,5,19.306092963590924
11,6,15.688886328692025
11,7,12.92870306805294
11,8,9.471492794372352
11,9,6.866660340068546
11,10,3.8083129047606374
11,12,3.817363837807262
11,13,5.952190375040739
11,14,7.472654557464464
11,15,11.181027112359795
11,16,14.230085090489531
11,17,16.696223428304165
11,18,20.021751973707037
11,19,22.705652096226363
11,20,26.38562177391193
11,21,27.436657962196914
11,22,30.400327490997626
11,23,28.422493295408906
11,24,25.081568058718624
11,25,25.177119464001024
11,26,25.82184536778649
11,27,22.917059419778894
11,28,20.558759111846545
11,29,21.576840334462307
11,30,20.886475140470772
11,31,17.389398110852788
11,32,16.62598678373591
11,33,18.052840476134076
11,34,15.946707862807079
11,35,12.607153812180947
11,36,14.214189468046156
11,37,15.337877101375511
11,38,11.931783115240075
11,39,10.84931183784722
11,40,8.75466703814204
11,41,9.69410344463388
11,42,9.738342012315792
11,43,12.46701702841268
11,44,14.628166433959011
11,45,16.69656630998614
11,46,19.32665910711814
11,47,21.16023891528196
11,48,24.71601204430641
11,49,26.050044495317266
11,50,23.688064707211286
11,51,23.249973133125128
11,52,19.50147618810819
11,53,17.076063145689897
11,54,13.550591225373463
11,55,10.973826788064963
11,56,8.422865362976049
11,57,6.294752356285353
11,58,7.365782841162225
12,1,31.36621069001118
12,2,29.225190504921475
12,3,25.696468501625855
12,4,22.83543670299931
12,5,19.375569379050276
12,6,15.944382993725938
12,7,13.425323099632145
12,8,9.937113150013172
12,9,8.377916792060104
12,10,5.526380867084303
12,11,3.817363837807262
12,13,3.8063275127469614
12,14,6.44520888294094
12,15,10.120777111858342
12,16,13.389234369518393
12,17,15.698317914445614
12,18,19.312966358991474
12,19,22.078240333857316
12,20,25.86509736055686
12,21,27.330933194604494
12,22,30.572921072985977
12,23,29.01961312208987
12,24,25.955307347095342
12,25,26.19385780479442
12,26,26.30244966781121
12,27,23.231613015942887
12,28,21.340342439315123
12,29,22.0615035805811
12,30,20.741757535847547
12,31,17.476018795135666
12,32,17.138182077487475
12,33,17.859078840703226
12,34,15.238019030969566
12,35,12.467215136213298
12,36,14.112342070327331
12,37,14.252781141246954
12,38,10.499167104635994
12,39,10.253061132172055
12,40,9.244927333351919
12,41,11.431048960248102
12,42,12.267341827598147
12,43,15.244038872678532
12,44,16.873036206339272
12,45,18.98967109482367
12,46,21.16843362306464
12,47,22.86029243990325
12,48,26.26449917313101
12,49,27.365441053116914
12,50,24.60104275065875
12,51,24.121971320645514
12,52,20.396455119715405
12,53,18.288732737191392
12,54,15.113479161228998
12,55,12.76945713390111
12,56,11.082418774120557
12,57,9.476927771753358
12,58,11.089477041259382
13,1,27.68037521220759
13,2,25.581289235429203
13,3,22.040887861834793
13,4,19.303552309904934
13,5,15.889086246714738
13,6,12.565528442299646
13,7,10.416044797693372
13,8,7.005103183416158
13,9,6.818469057959988
13,10,4.846088669737649
13,11,5.952190375040739
13,12,3.8063275127469614
13,14,3.8205197781152433
13,15,6.9758755478520715
13,16,9.880906265386363
13,17,11.9373178464605
13,18,15.558621313544124
13,19,18.323610595992708
13,20,22.118570478214828
13,21,23.710834826163882
13,22,27.039046272855348
13,23,25.660906963757878
13,24,22.761158832933603
13,25,23.184812381208864
13,26,23.047872175238933
13,27,19.84194311828583
13,28,18.28225762333653
13,29,19.070506545700162
13,30,17.427926841480314
13,31,14.18538300533104
13,32,14.38806493412145
13,33,15.043569157079267
13,34,12.058588775729415
13,35,9.690517544783283
13,36,12.01673724278728
13,37,11.919693277014328
13,38,8.21314110637471
13,39,9.132519824348444
13,40,7.88158043059801
13,41,10.778247434091005
13,42,11.488764765492526
13,43,14.21539945083876
13,44,15.03928288029073
13,45,17.05360315760589
13,46,18.749386342830725
13,47,20.398836788878686
13,48,23.588344451758264
13,49,24.651330239462634
13,50,21.69221755995411
13,51,21.009514664112782
13,52,17.364702365048824
13,53,15.429912539958536
13,54,12.669664136863037
13,55,10.660706321050585
13,56,10.04326765838367
13,57,9.538412555575905
13,58,12.226080279491299
14,1,26.131551775176163
14,2,23.632799217683853
14,3,19.967080038093982
14,4,17.2813038556842
14,5,13.61034599370942
14,6,10.548895079269386
14,7,7.729591773662684
14,8,5.1500953224324455
14,9,4.970220262681734
14,10,5.495513323536964
14,11,7.472654557464464
14,12,6.44520888294094
14,13,3.8205197781152433
14,15,3.799606094554049
14,16,7.254137242284476
14,17,10.214887654511775
14,18,13.838144209664629
14,19,17.06322870344603
14,20,20.750657669587596
14,21,22.54134840772785
14,22,25.82563541093444
14,23,24.293919017357528
14,24,21.346994389975105
14,25,22.340824129371587
14,26,22.43448022960454
14,27,18.95210702062146
14,28,17.67749022586099
14,29,19.172046177446962
14,30,17.500165276004413
14,31,14.01899442229818
14,32,14.960932451565858
14,33,16.191526490410403
14,34,13.038303577340244
14,35,10.97631191035001
14,36,14.069949258322788
14,37,14.23851098516653
14,38,10.884326865493886
14,39,12.218412058485733
14,40,10.206411551027575
14,41,12.630319797071703
14,42,12.242442247530228
14,43,14.085855032979657
14,44,14.332088464050837
14,45,15.53702788488759
14,46,16.778738870269457
14,47,17.837350956924446
14,48,21.080800472455497
14,49,21.720551212416183
14,50,18.66885361432847
14,51,18.47821409557514
14,52,14.818913529412427
14,53,13.473810754529408
14,54,10.705464243159984
14,55,9.796536457517886
14,56,9.339283859870879
14,57,10.128231508665952
14,58,12.885436089614725
15,1,23.169628101808836
15,2,20.52087678620376
15,3,16.7583713868397
15,4,14.429374029348788
15,5,10.711850928322725
15,6,8.322640297006398
15,7,5.909810009456539
15,8,5.22221549348994
15,9,6.85090574851395
15,10,8.635256114270735
15,11,11.181027112359795
15,12,10.120777111858342
15,13,6.9758755478520715
15,14,3.799606094554049
15,16,3.7646849405068714
15,17,7.166828302496641
15,18,10.75118478455569
15,19,14.26354601848714
15,20,17.82367309526927
15,21,19.966954019772228
15,22,23.323910451781284
15,23,22.016124606161817
15,24,19.351537316431557
15,25,20.852745262234702
15,26,20.711576575533872
15,27,17.018309509931434
15,28,16.425258964872164
15,29,18.21920871583912
15,30,16.166482376777108
15,31,12.883913891297672
15,32,14.76229147667993
15,33,15.960966974059753
15,34,12.579798634964682
15,35,11.459360591491073
15,36,15.00810722140442
15,37,14.897969605354824
15,38,12.088378114417228
15,39,14.22705935806589
15,40,12.282489414889335
15,41,14.810079846710268
15,42,14.154646991132998
15,43,15.375226464189716
15,44,14.667069397906609
15,45,15.283194897521257
15,46,15.642419220123083
15,47,16.202342867622885
15,48,19.10664058491848
15,49,19.35928031646083
15,50,15.997947212925245
15,51,15.9283837091565
15,52,12.500221785184358
15,53,11.969842133723768
15,54,10.050485976230135
15,55,10.333968782014944
15,56,10.99326024358647
15,57,12.753073863289247
15,58,15.811162603294946
16,1,19.45694851228669
16,2,16.800971916279277
16,3,13.02429158523427
16,4,10.884231102927897
16,5,7.268157502679024
16,6,5.631369429904996
16,7,4.79528943498306
16,8,6.0255057003268995
16,9,8.968831701075391
16,10,11.116068524766826
16,11,14.230085090489531
16,12,13.389234369518393
16,13,9.880906265386363
16,14,7.254137242284476
16,15,3.7646849405068714
16,17,3.788812026699454
16,18,7.083557289779987
16,19,10.713410730913049
16,20,14.16133116641232
16,21,16.436591590701124
16,22,19.814448172761153
16,23,18.69675773105194
16,24,16.315794126288004
16,25,18.130548765151723
16,26,17.749221889549087
16,27,13.966055632089207
16,28,13.986888778880388
16,29,15.964535583424906
16,30,13.692148949937112
16,31,10.724836165469124
16,32,13.383629511380308
16,33,14.585357501865708
16,34,11.312072534477027
16,35,11.108964409035243
16,36,14.849399484212087
16,37,14.717051879117449
16,38,12.72583179065956
16,39,15.294526894085692
16,40,13.372876838503204
16,41,15.80427968095144
16,42,15.017968796092983
16,43,15.70796327420881
16,44,14.109163296348218
16,45,14.381871681593166
16,46,13.923545377464439
16,47,14.319506154289387
16,48,16.720460929041288
16,49,16.92883717507014
16,50,13.387020233817212
16,51,12.96710132091246
16,52,9.87292928145042
16,53,9.92465337612738
16,54,9.21759688891692
16,55,10.34761881447132
16,56,12.161261924291924
16,57,14.537621468572555
16,58,17.908793305124668
17,1,16.423520850895578
17,2,14.199919963812597
17,3,10.538297701737202
17,4,8.775995606210618
17,5,5.94414075944954
17,6,5.299593121870576
17,7,6.89608908893433
17,8,8.15757843620066
17,9,11.723966276367014
17,10,13.374349611387455
17,11,16.696223428304165
17,12,15.698317914445614
17,13,11.9373178464605
17,14,10.214887654511775
17,15,7.166828302496641
17,16,3.788812026699454
17,18,3.8311617310016293
17,19,7.214610962308611
17,20,10.815523013123768
17,21,13.257222140861613
17,22,16.82936221646852
17,23,16.21535614836217
17,24,14.326045094974944
17,25,16.04268177005847
17,26,15.011012633507635
17,27,11.280901555238026
17,28,12.00945067662192
17,29,13.560239112691455
17,30,10.78045817673588
17,31,8.529234217507302
17,32,11.796384785664031
17,33,12.436431482918543
17,34,9.271469397025703
17,35,10.298908289460211
17,36,13.818687988229392
17,37,13.329880870511728
17,38,12.25615139246077
17,39,15.256289584005954
17,40,13.826662047880657
17,41,16.380063107062078
17,42,16.012030753095438
17,43,16.680009003402162
17,44,14.575896639621815
17,45,15.085892623621449
17,46,14.167746470656287
17,47,14.87427531474679
17,48,16.61050992547812
17,49,17.103818763179994
17,50,13.591742906110312
17,51,12.30791962977649
17,52,9.843704653240287
17,53,9.936607473624251
17,54,10.427048814554903
17,55,11.441335704217208
17,56,14.0783158294408
17,57,16.39980652097969
17,58,20.022964381604808
18,1,12.60636868519828
18,2,10.43002395572419
18,3,6.865248501234032
18,4,5.639736946714377
18,5,4.317657672613119
18,6,5.931394616021885
18,7,8.908553692971218
18,8,10.975096985027491
18,9,14.609381637553936
18,10,16.49340329938644
18,11,20.021751973707037
18,12,19.312966358991474
18,13,15.558621313544124
18,14,13.838144209664629
18,15,10.75118478455569
18,16,7.083557289779987
18,17,3.8311617310016293
18,19,3.7781514748054295
18,20,7.096073166415285
18,21,9.705444951890314
18,22,13.261067363213808
18,23,12.949062026925045
18,24,11.626142134833323
18,25,13.732221294477919
18,26,12.391418107816303
18,27,8.746467258007211
18,28,10.534942101757723
18,29,12.253640338856387
18,30,9.502011130321444
18,31,8.248443461742696
18,32,12.022830657817304
18,33,12.700962634530297
18,34,10.330243664049306
18,35,12.085068673791397
18,36,15.312509359844519
18,37,15.022983956405962
18,38,14.805748050906072
18,39,17.730272248375865
18,40,16.284351810929497
18,41,18.440254874331984
18,42,17.866015623954006
18,43,17.94968713659648
18,44,15.192522512438671
18,45,15.259960332180562
18,46,13.521037789050988
18,47,14.005729006180328
18,48,14.895612531763453
18,49,15.390440022703693
18,50,12.05119061498622
18,51,10.198266366478821
18,52,8.800826492732666
18,53,9.618026926550725
18,54,11.448170737734795
18,55,13.054664765431708
18,56,16.21587390151349
18,57,18.87008478241634
18,58,22.516341060357274
19,1,9.613624686469969
19,2,8.354570310187803
19,3,5.7548047788622965
19,4,5.4349813703918795
19,5,6.503919888227079
19,6,8.417582055573698
19,7,11.953905249917273
19,8,13.796642850444707
19,9,17.512215409741856
19,10,19.100139768630147
19,11,22.705652096226363
19,12,22.078240333857316
19,13,18.323610595992708
19,14,17.06322870344603
19,15,14.26354601848714
19,16,10.713410730913049
19,17,7.214610962308611
19,18,3.7781514748054295
19,20,3.80909234663835
19,21,6.316589200718268
19,22,10.047185648220236
19,23,10.435549038159389
19,24,9.980722792824656
19,25,11.784986104452905
19,26,9.654639391016573
19,27,6.534262799684065
19,28,9.375669375891293
19,29,10.466603396662062
19,30,7.6364238115825005
19,31,7.975375886443005
19,32,11.710774589649748
19,33,11.928246033581502
19,34,10.477155524664695
19,35,12.988951793056383
19,36,15.597417319333353
19,37,15.297824153292982
19,38,16.007454331527867
19,39,18.855669397883638
19,40,17.72790777814512
19,41,19.658715307860124
19,42,19.31700177398644
19,43,19.250670260938758
19,44,16.215377963080066
19,45,16.432130212572265
19,46,14.440765715059333
19,47,15.247423696031492
19,48,15.382161287317512
19,49,16.287357614109684
19,50,13.46336089932081
19,51,10.818561250896462
19,52,10.416136748302923
19,53,11.008900112276233
19,54,13.539439656748474
19,55,14.916615050958617
19,56,18.425888888870865
19,57,20.975291491560885
19,58,24.66221210949021
20,1,5.925738448423017
20,2,5.423875542267469
20,3,4.522381831828721
20,4,6.2151154174418
20,5,8.886513430139724
20,6,11.543464495376789
20,7,15.148505366095737
20,8,17.32932326917999
20,9,20.97256511272022
20,10,22.72592766382445
20,11,26.38562177391193
20,12,25.86509736055686
20,13,22.118570478214828
20,14,20.750657669587596
20,15,17.82367309526927
20,16,14.16133116641232
20,17,10.815523013123768
20,18,7.096073166415285
20,19,3.80909234663835
20,21,3.8097823798719133
20,22,7.212146628819658
20,23,8.62969871299285
20,24,9.56079602636609
20,25,11.639035576758918
20,26,9.178075281195651
20,27,7.192881526616321
20,28,10.84549013435099
20,29,11.826418082038574
20,30,9.601289717726335
20,31,10.878593541009742
20,32,14.346030892039906
20,33,14.517706449026603
20,34,13.729515618733616
20,35,16.39172186361875
20,36,18.696294694784264
20,37,18.473521096936654
20,38,19.560657944167
20,39,22.32250811976465
20,40,21.218716666340658
20,41,22.89679498557626
20,42,22.41341876871223
20,43,21.96456809207611
20,44,18.643003581470026
20,45,18.456723721842195
20,46,15.929907333907442
20,47,16.368990011567266
20,48,15.601251388579088
20,49,16.333527124826198
20,50,14.003109998294095
20,51,11.230744702631105
20,52,12.065960557019032
20,53,13.214295542997434
20,54,16.294939458714254
20,55,17.995760247845862
20,56,21.605052782314768
20,57,24.312418201258957
20,58,27.939734195135845
21,1,4.883341637989491
21,2,5.643887740334081
21,3,6.453847995315702
21,4,7.105799102766586
21,5,10.390604629425962
21,6,12.687539263443405
21,7,16.45159518955276
21,8,18.52103920940952
21,9,22.036234316346473
21,10,23.694889343943856
21,11,27.436657962196914
21,12,27.330933194604494
21,13,23.710834826163882
21,14,22.54134840772785
21,15,19.966954019772228
21,16,16.436591590701124
21,17,13.257222140861613
21,18,9.705444951890314
21,19,6.316589200718268
21,20,3.8097823798719133
21,22,3.7733057359155713
21,23,5.354110298420715
21,24,7.0983525441955475
21,25,8.648476805729194
21,26,6.022146290681212
21,27,5.439610474345963
21,28,9.217541901393165
21,29,10.014036704019208
21,30,8.917559700442487
21,31,10.809064579863872
21,32,13.665005012965098
21,33,14.13140806223
21,34,14.32326838374175
21,35,16.799471101664327
21,36,18.667809345069156
21,37,19.011203024361777
21,38,20.54941041154209
21,39,22.84638884503179
21,40,21.607511001339255
21,41,22.739360521047008
21,42,22.14032283634081
21,43,21.322875005932744
21,44,17.843618798704405
21,45,17.65839284427297
21,46,15.1001060898558
21,47,15.947471331875205
21,48,14.709581262395098
21,49,16.1225672129014
21,50,14.544932398797725
21,51,11.187233208198801
21,52,12.497200053372142
21,53,13.144886191747858
21,54,16.561693615042653
21,55,18.118204543311993
21,56,21.86248227308267
21,57,24.551076654217983
21,58,28.057419708336695
22,1,4.376260529812269
22,2,6.401055857045332
22,3,8.820131340548226
22,4,9.652361313576478
22,5,13.267804132511177
22,6,15.636784236493046
22,7,19.326695157818673
22,8,21.52926684614876
22,9,24.872739817497948
22,10,26.62556899929828
22,11,30.400327490997626
22,12,30.572921072985977
22,13,27.039046272855348
22,14,25.82563541093444
22,15,23.323910451781284
22,16,19.814448172761153
22,17,16.82936221646852
22,18,13.261067363213808
22,19,10.047185648220236
22,20,7.212146628819658
22,21,3.7733057359155713
22,23,3.8150615116515065
22,24,7.251402019017921
22,25,8.459351782665985
22,26,6.444329196859891
22,27,7.65965280406889
22,28,10.918933498907098
22,29,11.668909407763987
22,30,11.60735760185059
22,31,13.680597316649719
22,32,16.01657194231277
22,33,16.71051104791892
22,34,17.470966708305458
22,35,19.75258163670273
22,36,21.348763961117918
22,37,22.023533373203346
22,38,23.77520786560391
22,39,25.78780831280616
22,40,24.42572646249903
22,41,25.138675664894578
22,42,24.329607172725243
22,43,23.089611105159218
22,44,19.487358559151584
22,45,18.985487094435882
22,46,16.203044001580935
22,47,16.91387387593757
22,48,14.934351677399569
22,49,16.497902441716516
22,50,15.7468836821649
22,51,12.374925789329657
22,52,14.444844515902298
22,53,15.171392997589416
22,54,18.8182677598011
22,55,20.502499921293637
22,56,24.2304942555884
22,57,26.996171562608314
22,58,30.34008547572832
23,1,7.127112399508525
23,2,7.23149853821621
23,3,8.865566278413969
23,4,8.359120807728198
23,5,11.796295378704158
23,6,13.867729729835256
23,7,17.34542373419942
23,8,19.646112887474054
23,9,22.69753731639733
23,10,24.63193379814384
23,11,28.422493295408906
23,12,29.01961312208987
23,13,25.660906963757878
23,14,24.293919017357528
23,15,22.016124606161817
23,16,18.69675773105194
23,17,16.21535614836217
23,18,12.949062026925045
23,19,10.435549038159389
23,20,8.62969871299285
23,21,5.354110298420715
23,22,3.8150615116515065
23,24,3.798419899012961
23,25,5.58219744111575
23,26,5.363254172565612
23,27,6.343099423609151
23,28,8.75675173408822
23,29,10.462588399451096
23,30,11.236450830011472
23,31,12.484260912360535
23,32,14.530076037333176
23,33,16.064919558567876
23,34,16.904843579668693
23,35,18.5169111715709
23,36,20.28576952665079
23,37,21.556792757635996
23,38,23.011834231322155
23,39,24.649786370069993
23,40,22.812774570250095
23,41,23.095733502893648
23,42,21.8448233118181
23,43,20.1820372388045
23,44,16.48928061477733
23,45,15.656058777197911
23,46,12.796175941747702
23,47,13.623554973051082
23,48,11.590903910781133
23,49,13.670674441599001
23,50,13.341788798770523
23,51,9.766909244507056
23,52,11.909463137207936
23,53,12.419313947053391
23,54,16.146366294426368
23,55,17.99939572058503
23,56,21.624481862549484
23,57,24.535565584118135
23,58,27.69055060494177
24,1,10.036963397039274
24,2,8.944247663837182
24,3,9.073038647427156
24,4,6.955885678487867
24,5,9.605402615333222
24,6,11.036203279905799
24,7,14.270889574631287
24,8,16.488622902401797
24,9,19.31208405601087
24,10,21.308849547368396
24,11,25.081568058718624
24,12,25.955307347095342
24,13,22.761158832933603
24,14,21.346994389975105
24,15,19.351537316431557
24,16,16.315794126288004
24,17,14.326045094974944
24,18,11.626142134833323
24,19,9.980722792824656
24,20,9.56079602636609
24,21,7.0983525441955475
24,22,7.251402019017921
24,23,3.798419899012961
24,25,3.782921333679965
24,26,5.37711112020072
24,27,4.9249239549867765
24,28,6.019431079440484
24,29,8.813944372897202
24,30,9.98685517778609
24,31,10.17802793981678
24,32,12.01692959090073
24,33,14.27261042449005
24,34,14.957856453085553
24,35,15.919153615228467
24,36,17.91923483535746
24,37,19.61173317640832
24,38,20.688980504435875
24,39,22.045359623291006
24,40,19.837289775069763
24,41,19.887725675655155
24,42,18.338622990526332
24,43,16.50351013135138
24,44,12.771810496726367
24,45,11.865805833590164
24,46,9.130264469631546
24,47,10.45028880353141
24,48,9.09624878899926
24,49,11.771487829263181
24,50,11.308495564256985
24,51,7.526579407113624
24,52,8.961947822508728
24,53,8.890131430409456
24,54,12.56384238530485
24,55,14.433727571723857
24,56,17.98284111311427
24,57,20.961298480168583
24,58,24.027962920041706
25,1,12.209109348442688
25,2,12.023349808879326
25,3,12.266297880622009
25,4,10.047380153442713
25,5,12.202557471243091
25,6,12.730191786883347
25,7,15.884778393890707
25,8,17.375342217996522
25,9,20.082949698075744
25,10,21.517371876914773
25,11,25.177119464001024
25,12,26.19385780479442
25,13,23.184812381208864
25,14,22.340824129371587
25,15,20.852745262234702
25,16,18.130548765151723
25,17,16.04268177005847
25,18,13.732221294477919
25,19,11.784986104452905
25,20,11.639035576758918
25,21,8.648476805729194
25,22,8.459351782665985
25,23,5.58219744111575
25,24,3.782921333679965
25,26,3.8304772572901262
25,27,5.386410347134692
25,28,5.002965497663722
25,29,6.648007011452472
25,30,9.092747578992826
25,31,9.866676791472356
25,32,10.590089100157748
25,33,12.748906968115389
25,34,14.361959131977187
25,35,15.22919408920297
25,36,16.483159439869226
25,37,18.5045470904181
25,38,20.081860031168993
25,39,20.99456954197463
25,40,19.012107209695326
25,41,18.672424303429683
25,42,17.464734095489508
25,43,15.749133164709738
25,44,12.295790651687373
25,45,12.247080195126076
25,46,10.4859934110401
25,47,12.77043759608408
25,48,11.829882616001552
25,49,14.989296452329588
25,50,14.715147157643713
25,51,10.966937816081495
25,52,11.694297767199922
25,53,10.468086570695267
25,54,13.634046263779904
25,55,14.595474779606572
25,56,18.11502169161456
25,57,20.62878854894726
25,58,23.584904257886745
26,1,10.170555214975211
26,2,10.776452869283757
26,3,11.124281653143385
26,4,9.651188415554229
26,5,12.098277055314043
26,6,12.92075503768578
26,7,16.482409946618162
26,8,17.822185658508122
26,9,20.97369960492101
26,10,22.151655443987018
26,11,25.82184536778649
26,12,26.30244966781121
26,13,23.047872175238933
26,14,22.43448022960454
26,15,20.711576575533872
26,16,17.749221889549087
26,17,15.011012633507635
26,18,12.391418107816303
26,19,9.654639391016573
26,20,9.178075281195651
26,21,6.022146290681212
26,22,6.444329196859891
26,23,5.363254172565612
26,24,5.37711112020072
26,25,3.8304772572901262
26,27,3.812799712286466
26,28,5.464817306461556
26,29,5.5002109286197705
26,30,6.862294916598195
26,31,8.955772196384745
26,32,10.257442984867494
26,33,11.308602187615602
26,34,12.901318474943649
26,35,14.687654765093232
26,36,15.78036114132118
26,37,17.09869991292913
26,38,19.078887953422406
26,39,20.482751804558713
26,40,19.09069596750142
26,41,19.391010016574473
26,42,18.824380012246348
26,43,17.79364408351213
26,44,14.484574911457234
26,45,14.927638139325863
26,46,13.18669999528871
26,47,15.271992738197492
26,48,14.403315903838696
26,49,17.058882538108715
26,50,16.140931254385205
26,51,12.325103675920033
26,52,12.965106560741667
26,53,12.023387834313292
26,54,15.164555787469602
26,55,15.8984599476673
26,56,19.609138312434485
26,57,21.9286013550097
26,58,25.181420166005452
27,1,10.082040693703819
27,2,9.521620415738894
27,3,8.608337784444938
27,4,6.446202361267776
27,5,8.414725817715452
27,6,9.240677886713735
27,7,12.908224161892766
27,8,14.445747823832995
27,9,17.762328986901238
27,10,19.17545856301884
27,11,22.917059419778894
27,12,23.231613015942887
27,13,19.84194311828583
27,14,18.95210702062146
27,15,17.018309509931434
27,16,13.966055632089207
27,17,11.280901555238026
27,18,8.746467258007211
27,19,6.534262799684065
27,20,7.192881526616321
27,21,5.439610474345963
27,22,7.65965280406889
27,23,6.343099423609151
27,24,4.9249239549867765
27,25,5.386410347134692
27,26,3.812799712286466
27,28,3.8182583269338566
27,29,5.439406792575189
27,30,5.254921354827286
27,31,6.20161003834458
27,32,8.642487088903563
27,33,10.036749587268504
27,34,10.573095295181414
27,35,12.288384843155036
27,36,14.165165657004474
27,37,15.287968066814988
27,38,16.676768643208582
27,39,18.429876093863076
27,40,16.815995497900314
27,41,17.55079278403663
27,42,16.844829398886795
27,43,16.020790940315486
27,44,12.642292948082586
27,45,12.998202427731954
27,46,11.168635250331633
27,47,13.07268777890809
27,48,12.822842011037269
27,49,15.132078654944644
27,50,13.528478909958917
27,51,9.849522370529789
27,52,9.852064895263995
27,53,9.048605517399764
27,54,12.17072825249486
27,55,13.189172983928097
27,56,16.964142375385475
27,57,19.497913388734794
27,58,22.929155630262745
28,1,13.74923680263106
28,2,12.927818511074651
28,3,11.689012388320243
28,4,8.646477779565002
28,5,9.402158091568968
28,6,8.807997243307382
28,7,11.912483175586464
28,8,12.841071442761862
28,9,15.747732381580615
28,10,16.891537859552603
28,11,20.558759111846545
28,12,21.340342439315123
28,13,18.28225762333653
28,14,17.67749022586099
28,15,16.425258964872164
28,16,13.986888778880388
28,17,12.00945067662192
28,18,10.534942101757723
28,19,9.375669375891293
28,20,10.84549013435099
28,21,9.217541901393165
28,22,10.918933498907098
28,23,8.75675173408822
28,24,6.019431079440484
28,25,5.002965497663722
28,26,5.464817306461556
28,27,3.8182583269338566
28,29,3.837020129685437
28,30,5.532472359991633
28,31,5.021115380522607
28,32,6.0182643451464095
28,33,8.58029499775977
28,34,9.655311054289523
28,35,10.303861587305619
28,36,11.959557524709309
28,37,13.935542290265712
28,38,15.186757790775461
28,39,16.244789839944236
28,40,14.257706601063301
28,41,14.389960468412468
28,42,13.504526300212556
28,43,12.530554006105309
28,44,9.269630230380674
28,45,10.218247429313655
28,46,9.313382920719437
28,47,12.139373479956022
28,48,12.612917382920918
28,49,15.51186108006056
28,50,14.18584275003949
28,51,10.650638915714286
28,52,9.77139700206454
28,53,7.583752702816817
28,54,10.114333985913728
28,55,10.464475153064917
28,56,14.156222701720106
28,57,16.493738219320917
28,58,19.759058587501208
29,1,14.794561570883978
29,2,14.846376119943164
29,3,13.906055953687561
29,4,11.456240003416024
29,5,12.289002083849537
29,6,11.482492229871932
29,7,14.5483575877693
29,8,14.746190313218607
29,9,17.71690987930252
29,10,18.1257527798947
29,11,21.576840334462307
29,12,22.0615035805811
29,13,19.070506545700162
29,14,19.172046177446962
29,15,18.21920871583912
29,16,15.964535583424906
29,17,13.560239112691455
29,18,12.253640338856387
29,19,10.466603396662062
29,20,11.826418082038574
29,21,10.014036704019208
29,22,11.668909407763987
29,23,10.462588399451096
29,24,8.813944372897202
29,25,6.648007011452472
29,26,5.5002109286197705
29,27,5.439406792575189
29,28,3.837020129685437
29,30,3.827916603563661
29,31,5.406737439803668
29,32,5.135785383542336
29,33,6.243354934296383
29,34,8.57434310119648
29,35,9.91138383480402
29,36,10.446025419936149
29,37,12.174667808938183
29,38,14.313567730020448
29,39,15.283788895671371
29,40,14.104819784305521
29,41,14.383927556141368
29,42,14.443658133008253
29,43,14.189637621060971
29,44,11.571507383963256
29,45,13.349335537267768
29,46,12.988988760960748
29,47,15.959748261871862
29,48,16.363624757687507
29,49,19.26391184998262
29,50,17.863092011825998
29,51,14.280969246673044
29,52,13.408038079013208
29,53,11.125097852778064
29,54,13.115567644306433
29,55,12.568780953992675
29,56,16.101083603909807
29,57,17.7588875206939
29,58,21.031039513342733
30,1,13.761565613257066
30,2,13.711907864505916
30,3,12.226878700764914
30,4,10.209835052806703
30,5,10.730441262048293
30,6,10.126903936593344
30,7,13.39607485027997
30,8,13.61056005780486
30,9,17.013133191924137
30,10,17.421219852637503
