1,2,3.805736071842712
1,3,6.742955754006925
1,4,10.182803720494444
1,5,13.381484022815041
1,6,16.87350584142568
1,7,19.72361988629696
1,8,19.159024095321183
1,9,16.570330160974333
1,10,12.882121736396835
1,11,10.679963193056084
1,12,7.267858234446392
1,13,5.883796601941098
1,14,4.21934492994786
1,15,6.661058679913291
1,16,8.812951302126878
1,17,9.866990227515444
1,18,13.347506473057672
1,19,12.941281819787513
1,20,11.926096376073795
1,21,9.686671093015958
1,22,9.990654232222742
1,23,9.860639395819879
1,24,11.047526532267092
1,25,13.392841652588722
1,26,15.25903451723044
1,27,18.281256307140655
1,28,20.499870482864313
1,29,23.59570747381705
1,30,26.532577851558088
1,31,27.97911444922039
1,32,26.793327281918597
1,33,23.53201599967723
1,34,20.858538663797727
1,35,19.629286930202845
1,36,17.873757927972317
1,37,18.872539836689477
1,38,16.51881746374836
1,39,18.53839473962089
1,40,16.666906986114878
1,41,20.014547498097343
1,42,19.64054272982103
1,43,15.992557012795444
1,44,17.51806432044616
1,45,16.54733059129232
1,46,19.791246015339894
1,47,20.05285838784864
1,48,23.191178693523717
1,49,24.899872598259844
1,50,27.006191262223965
1,51,26.910479842232654
1,52,27.96234565970685
1,53,25.98459770012077
1,54,25.25163383305688
1,55,22.604160464985
1,56,20.774789508383844
1,57,17.354010377603696
1,58,17.03078492919368
1,59,13.78503151914348
1,60,15.63011608584525
1,61,15.028360389520953
1,62,16.894521891532857
1,63,13.727714928608341
1,64,15.684569210397147
1,65,15.820154110723543
1,66,19.084328426182495
1,67,20.630215927623695
1,68,24.034385401424505
1,69,26.103678686080645
1,70,28.357597690796126
1,71,32.06191437072063
1,72,33.39547378011885
1,73,34.23697696792007
1,74,30.59146032375582
1,75,31.41463921217845
1,76,30.696378093503217
1,77,28.78959994193375
1,78,30.634661774736745
1,79,31.24260652956382
1,80,28.675723687483792
1,81,24.904082850109802
1,82,23.688085137711443
1,83,20.8933363060283
1,84,18.51742200728547
1,85,19.146599182167048
1,86,17.516007502227673
1,87,15.467100736365449
1,88,18.981774713811507
1,89,19.894604201334886
1,90,16.675698973970093
1,91,17.22524819964354
1,92,20.59555840299217
1,93,19.40083545526775
1,94,18.229271299164484
1,95,21.68092555859354
2,1,3.805736071842712
2,3,3.7919014684880987
2,4,6.668507212464543
2,5,10.140995350939498
2,6,13.507898814068106
2,7,16.60448562594531
2,8,16.552156134039137
2,9,13.960373914847915
2,10,10.527450811515221
2,11,8.350078846225847
2,12,5.959145195016937
2,13,5.466094024051648
2,14,6.307626292060887
2,15,9.279920028647584
2,16,12.127022373407218
2,17,13.124652733998104
2,18,16.479209931872724
2,19,15.428455082011723
2,20,14.218963323048968
2,21,11.266572134057968
2,22,11.151301663494882
2,23,9.75547256100733
2,24,10.672671917628461
2,25,12.040655191353721
2,26,13.82284368074969
2,27,16.36268856833191
2,28,18.701551161496504
2,29,21.468689106408764
2,30,24.661759067176927
2,31,25.802990511387613
2,32,24.430448385614127
2,33,21.429526825505565
2,34,18.82700197598674
2,35,18.21611814628568
2,36,16.786145104220225
2,37,18.407282563322674
2,38,16.474298075135884
2,39,18.80808959138779
2,40,17.543154904466597
2,41,20.85799732787722
2,42,19.875070279777706
2,43,16.10550609548054
2,44,16.927411429696207
2,45,15.57077697727667
2,46,18.50103384290719
2,47,18.259349703035333
2,48,21.397044501311868
2,49,22.763454689045055
2,50,25.13865086694626
2,51,25.423700005514032
2,52,26.201515643226973
2,53,24.239338027006227
2,54,23.06063465703588
2,55,20.436932216997363
2,56,19.04366167495493
2,57,15.61693957621182
2,58,15.87921170268184
2,59,12.9464728774201
2,60,15.329952422044467
2,61,15.374681013290651
2,62,16.64883961410774
2,63,13.094182996553494
2,64,14.236752241191683
2,65,13.973129238246601
2,66,17.083326143884054
2,67,18.340706424190465
2,68,21.8446538027939
2,69,23.781424273619642
2,70,26.29415656213905
2,71,29.89486341805135
2,72,31.071944535407408
2,73,32.248878742854025
2,74,28.731898514033347
2,75,29.906773593904134
2,76,29.152273317800557
2,77,27.053510173965478
2,78,28.56532153715866
2,79,29.055157418039855
2,80,26.628905461343205
2,81,22.874979560126217
2,82,21.323969857145542
2,83,18.54856146937117
2,84,15.752336327774536
2,85,16.227579313935895
2,86,14.22900969364959
2,87,11.857566147444329
2,88,15.27027407121525
2,89,16.386391159523697
2,90,13.255038978992408
2,91,13.606576010416594
2,92,17.106389874061946
2,93,16.283751889169015
2,94,15.148546459897966
2,95,18.474471211356693
3,1,6.742955754006925
3,2,3.7919014684880987
3,4,3.792263902674022
3,5,6.644928840361337
3,6,10.221324947986142
3,7,13.034714477216824
3,8,12.840357048705656
3,9,10.49990496949745
3,10,7.062486670990424
3,11,5.852806060817679
3,12,4.6787681260856315
3,13,6.607664133828645
3,14,8.606990573538484
3,15,12.160761481034301
3,16,14.758910909626275
3,17,16.35637817641113
3,18,19.573642411613932
3,19,18.52067808735146
3,20,16.767565755901504
3,21,13.513651947893887
3,22,12.371268733244966
3,23,10.003856726562228
3,24,9.623358564722489
3,25,9.931296003000472
3,26,10.9464823455122
3,27,13.047167767795468
3,28,15.157377498966392
3,29,17.898113295134262
3,30,21.204670575509226
3,31,22.439107407976138
3,32,21.300523512324055
3,33,18.310917045665036
3,34,16.07996590787984
3,35,15.907129997205947
3,36,15.190099310284541
3,37,17.446126141181036
3,38,16.266503910981104
3,39,19.173613235569473
3,40,18.599386191408506
3,41,22.086105991263018
3,42,21.086206966320866
3,43,17.309639304463115
3,44,17.38542097512463
3,45,15.253303226618511
3,46,17.59220267707066
3,47,16.62779395030625
3,48,19.363306114391133
3,49,20.240831874613225
3,50,22.433735140770544
3,51,23.14025175824073
3,52,24.11372998019678
3,53,22.575469296176443
3,54,21.386831129803536
3,55,19.238331777926597
3,56,18.488732024860376
3,57,15.483410003506119
3,58,16.618736508007178
3,59,14.363230584357304
3,60,17.35435378280128
3,61,18.074961802308167
3,62,19.346895506948467
3,63,15.786487754037756
3,64,16.20324197368778
3,65,15.131141653108399
3,66,17.666527773190186
3,67,18.14573718062847
3,68,21.414512693868357
3,69,22.793189255696188
3,70,25.167298249499012
3,71,28.617961693858884
3,72,29.362558181753723
3,73,30.58236467122803
3,74,27.173948592172785
3,75,28.728282276366667
3,76,28.36091400410538
3,77,26.490549199653223
3,78,27.969835528382482
3,79,28.756268226660026
3,80,26.745386626914367
3,81,23.11828496375038
3,82,21.63571903905193
3,83,19.28315762740276
3,84,16.182937513204816
3,85,16.893794712571616
3,86,14.524584842551768
3,87,11.399997820919099
3,88,14.221407711715049
3,89,15.557155419493464
3,90,12.316066405616791
3,91,11.663267380585767
3,92,15.162042476291292
3,93,14.580804167781416
3,94,12.719282645857476
3,95,15.756076584393073
4,1,10.182803720494444
4,2,6.668507212464543
4,3,3.792263902674022
4,5,3.797857149836
4,6,6.859893169774766
4,7,10.142528674766671
4,8,10.75571438031024
4,9,8.383353528400935
4,10,5.981280882490628
4,11,5.22947421924139
4,12,6.539697116740001
4,13,8.631857578029393
4,14,11.518052795540378
4,15,14.956352926433976
4,16,17.91454172828978
4,17,19.443304783792325
4,18,22.5115183969219
4,19,20.996654296366454
4,20,19.147541190810326
4,21,15.595471562078544
4,22,14.303366396881115
4,23,11.267055378938506
4,24,10.734931786057127
4,25,9.787747974722759
4,26,10.623231122395044
4,27,11.83791111562226
4,28,14.12106332421119
4,29,16.21143598248119
4,30,19.709021400206122
4,31,20.439515366358915
4,32,19.001362782852812
4,33,16.449745140016237
4,34,14.344112117320512
4,35,14.979119272989559
4,36,14.67502385424261
4,37,17.445045901992554
4,38,16.772905506160754
4,39,19.7676521341701
4,40,19.779687277081916
4,41,23.059277073216165
4,42,21.554775666563916
4,43,17.89768559500702
4,44,17.261096718459477
4,45,14.861992088002683
4,46,16.63799019187696
4,47,15.116733929285617
4,48,17.714738714214878
4,49,18.16116426907884
4,50,20.65891788738052
4,51,21.75682935225102
4,52,22.344588980856035
4,53,20.849247239217135
4,54,19.175997725159444
4,55,17.162782126664318
4,56,17.007935995411522
4,57,14.266244782834013
4,58,16.044282978966535
4,59,14.411219350122897
4,60,17.691819027297047
4,61,18.991399770785467
4,62,19.7658504800754
4,63,16.1898722246205
4,64,15.727919576268754
4,65,14.149636453065185
4,66,16.17183723087401
4,67,16.14737339477832
4,68,19.325509385419192
4,69,20.44201403418546
4,70,23.018331852054377
4,71,26.27778417587487
4,72,26.832398931529358
4,73,28.397001870368054
4,74,25.191509337558646
4,75,27.094869003836564
4,76,26.703020052774654
4,77,24.69265032016469
4,78,25.795191696192493
4,79,26.489140090149366
4,80,24.726397756423328
4,81,21.25051756027814
4,82,19.534606521314085
4,83,17.4384516577069
4,84,14.05615013792297
4,85,14.749670261989031
4,86,12.154311509970574
4,87,8.618927115202267
4,88,10.90530467387197
4,89,12.33516478582542
4,90,9.25384901114561
4,91,8.0171852078902
4,92,11.581247944047567
4,93,11.490666956450811
4,94,9.627211363178994
4,95,12.413205097797919
5,1,13.381484022815041
5,2,10.140995350939498
5,3,6.644928840361337
5,4,3.797857149836
5,6,3.7920872877556233
5,7,6.50456944986014
5,8,7.315826919645517
5,9,5.850406399191598
5,10,4.732162295611435
5,11,6.38035156870257
5,12,8.794261217767321
5,13,11.71304414089897
5,14,14.667222971670705
5,15,18.28732960949278
5,16,21.000499902586835
5,17,22.824578928709098
5,18,25.857338800888957
5,19,24.44355236471729
5,20,22.33423323171684
5,21,18.74493009891551
5,22,16.93294831531309
5,23,13.58626854009437
5,24,12.100938422115785
5,25,10.093694485961286
5,26,9.643556363622878
5,27,9.674926226099256
5,28,11.359274825625935
5,29,13.155649780829183
5,30,16.829787974997092
5,31,17.61663549312134
5,32,16.541951684670618
5,33,14.193125887636022
5,34,12.847569170437668
5,35,14.222104849291446
5,36,14.889937674997011
5,37,18.157906822929473
5,38,18.25619034899784
5,39,21.57889921845742
5,40,22.108604226360207
5,41,25.427350157472436
5,42,23.985764360067332
5,43,20.457610120454426
5,44,19.30113661030431
5,45,16.392775038087652
5,46,17.423275622825308
5,47,15.148553676800487
5,48,17.041665809810976
5,49,16.72311113346768
5,50,18.913024432161258
5,51,20.604868961177576
5,52,21.38162307061012
5,53,20.475986288004357
5,54,18.80277677268047
5,55,17.486342124751115
5,56,18.096559484315655
5,57,15.987886492367933
5,58,18.388553320410093
5,59,17.332124654217807
5,60,20.831571219068547
5,61,22.452854165390825
5,62,23.233340188052946
5,63,19.73685676562283
5,64,18.919561794071413
5,65,16.918763250427514
5,66,18.347357687679896
5,67,17.595959563151474
5,68,20.343224931555692
5,69,20.785837642449025
5,70,23.13226324945564
5,71,26.096486509121128
5,72,26.10712849033526
5,73,27.734518889724267
5,74,24.761919265699667
5,75,27.076702550522104
5,76,27.110772044812247
5,77,25.386536560726533
5,78,26.38098931489461
5,79,27.338449819469663
5,80,26.053669644336647
5,81,22.837336522282303
5,82,21.224160707655333
5,83,19.61113097971651
5,84,16.168962044708543
5,85,16.932512559201957
5,86,14.167856400471813
5,87,10.386278968167867
5,88,11.48663318951214
5,89,13.14680549568123
5,90,10.473805875373921
5,91,7.877328610487182
5,92,10.976604466416003
5,93,11.458097523683767
5,94,8.706568028714821
5,95,10.572192625338635
6,1,16.87350584142568
6,2,13.507898814068106
6,3,10.221324947986142
6,4,6.859893169774766
6,5,3.7920872877556233
6,7,3.775154572452202
6,8,6.0453349661309685
6,9,5.2072261481486075
6,10,6.589291982468151
6,11,8.415758188321753
6,12,11.666759627359356
6,13,14.447287067527943
6,14,17.752883799745238
6,15,21.285410684201523
6,16,24.154976502732467
6,17,26.031227717461164
6,18,28.895328712902742
6,19,27.179457591610795
6,20,24.932421996667124
6,21,21.214225503683092
6,22,19.249284669965416
6,23,15.628880956884206
6,24,14.054040063581986
6,25,11.259566453297634
6,26,10.538140810852159
6,27,9.368242973797928
6,28,10.98231232970803
6,29,11.652615785584098
6,30,15.319984990510727
6,31,15.431819743421052
6,32,14.079369720530135
6,33,12.442015263067542
6,34,11.550443495932665
6,35,13.840464372673996
6,36,15.052328614456165
6,37,18.61293661270604
6,38,19.27630240831931
6,39,22.57537137527749
6,40,23.6442520043148
6,41,26.721187536950506
6,42,24.981301786961765
6,43,21.711695150937107
6,44,19.949691227552787
6,45,16.876444005526615
6,46,17.15274964949406
6,47,14.329320089674917
6,48,15.719572736100886
6,49,14.750056434347112
6,50,17.085682683270957
6,51,19.235551090666938
6,52,19.641443399182997
6,53,18.98390235503135
6,54,16.946425544977657
6,55,16.101840545076477
6,56,17.46724051743842
6,57,15.973457138010982
6,58,18.90060392372491
6,59,18.543701761715965
6,60,22.14719100917294
6,61,24.22676923044042
6,62,24.728966005756963
6,63,21.409268498420392
6,64,19.949457142154188
6,65,17.514594402982777
6,66,18.218176933870982
6,67,16.800999092725657
6,68,19.109459677099764
6,69,19.021092435883492
6,70,21.34102318827893
6,71,23.95449549583958
6,72,23.612971575888345
6,73,25.520622367512313
6,74,22.86842445185142
6,75,25.5507220117299
6,76,25.70437590021073
6,77,24.02734583588481
6,78,24.670837705262684
6,79,25.667404787728763
6,80,24.818308853986057
6,81,21.93972067138317
6,82,20.33486283302768
6,83,19.26141798616093
6,84,15.882819028960467
6,85,16.782400310558685
6,86,14.182813427756555
6,87,10.535247413292673
6,88,10.413901637182763
6,89,11.799880929595306
6,90,9.731525239071072
6,91,6.257119797415985
6,92,8.426846384708961
6,93,9.579170330800311
6,94,6.655927697231086
6,95,7.37414685875814
7,1,19.72361988629696
7,2,16.60448562594531
7,3,13.034714477216824
7,4,10.142528674766671
7,5,6.50456944986014
7,6,3.775154572452202
7,8,3.7909778463472787
7,9,5.510296130861017
7,10,8.109112492797982
7,11,10.960948406476929
7,12,14.215248299177743
7,13,17.402881001227218
7,14,20.601631431897477
7,15,24.262027361091302
7,16,26.866457356395404
7,17,28.995723196254694
7,18,31.83784131854169
7,19,30.291489472268985
7,20,27.84477945233373
7,21,24.170418937364754
7,22,21.848285592697923
7,23,18.19155070386776
7,24,15.998810120985757
7,25,12.810925848982546
7,26,11.014391658596267
7,27,8.649035737665416
7,28,9.060717821805575
7,29,9.061059574252974
7,30,12.759496105709527
7,31,13.011313711017849
7,32,12.368235342309868
7,33,11.093957333898285
7,34,11.399554517372932
7,35,14.183865082401143
7,36,16.243872573117688
7,37,19.97420291842937
7,38,21.21494184640563
7,39,24.704924183776555
7,40,26.082226545437667
7,41,29.203993096186938
7,42,27.669005880896286
7,43,24.51740512766368
7,44,22.525853107245975
7,45,19.165594727742622
7,46,18.903891085903023
7,47,15.654796064783566
7,48,16.185487517959785
7,49,14.43935320793325
7,50,16.118800770179483
7,51,18.8354886478337
7,52,19.566515198792306
7,53,19.63842224423769
7,54,17.876293645743555
7,55,17.812677953867887
7,56,19.66860785925591
7,57,18.710704038876266
7,58,21.888275589546346
7,59,21.810316209128217
7,60,25.50418106074068
7,61,27.700071106769375
7,62,28.352028882982903
7,63,25.082876372311166
7,64,23.596092843856894
7,65,20.99000606572492
7,66,21.390022944010386
7,67,19.560056140017885
7,68,21.40609764710126
7,69,20.715661551855504
7,70,22.60557898818571
7,71,24.86308874863714
7,72,23.949664849710647
7,73,25.750224803584473
7,74,23.38655675162033
7,75,26.351089181953718
7,76,26.989110641616623
7,77,25.719051156826165
7,78,26.37036038836695
7,79,27.671229419887325
7,80,27.251556616944246
7,81,24.637865330991172
7,82,23.2689744083535
7,83,22.559800019986433
7,84,19.3041574458671
7,85,20.27823969152814
7,86,17.702093511629407
7,87,14.13001391974361
7,88,13.485040977104715
7,89,14.850437352528928
7,90,13.138695646264978
7,91,9.49446519829167
7,92,10.680984432541694
7,93,11.960555907140309
7,94,8.672019603127424
7,95,7.982649890869786
8,1,19.159024095321183
8,2,16.552156134039137
8,3,12.840357048705656
8,4,10.75571438031024
8,5,7.315826919645517
8,6,6.0453349661309685
8,7,3.7909778463472787
8,9,3.812410919170712
8,10,6.595262121334325
8,11,10.053308303106043
8,12,13.09662898701368
8,13,16.62861839253037
8,14,19.652968509355375
8,15,23.382970808697156
8,16,25.607789365091424
8,17,28.126713863274386
8,18,30.79803531900889
8,19,29.467242505380213
8,20,26.728198363882846
8,21,23.181903792949534
8,22,20.436153886021277
8,23,16.870871324031544
8,24,14.072962118320849
8,25,10.794184515329771
8,26,8.164732472614904
8,27,5.3775412677800825
8,28,5.307081001243486
8,29,6.101797170063712
8,30,9.891015148331288
8,31,10.96521856080023
8,32,10.931576758355115
8,33,8.809740662335107
8,34,9.41031010476271
8,35,11.782559810702617
8,36,14.23163705095781
8,37,17.913051363108327
8,38,19.438197889502355
8,39,23.11484500616429
8,40,24.594972998201342
8,41,27.849033532054275
8,42,26.753614724089058
8,43,23.652130681876287
8,44,21.70776295906607
8,45,18.114190457704492
8,46,17.764793846604476
8,47,14.537819473841976
8,48,14.7364478008748
8,49,13.115894864221886
8,50,14.161230416275014
8,51,16.74182920723167
8,52,18.13793698889765
8,53,18.556240749194284
8,54,17.5074611100146
8,55,17.723117100499678
8,56,19.390571997334543
8,57,18.61620002178439
8,58,21.76666523744164
8,59,21.72019277177858
8,60,25.49639393308284
8,61,27.706191521809668
8,62,28.850875047051847
8,63,25.683187883468523
8,64,24.488173483943548
8,65,21.742838541625023
8,66,22.172614158403476
8,67,20.293763628832146
8,68,21.974716028508126
8,69,21.146769167669884
8,70,22.55340228844988
8,71,24.926025793683202
8,72,23.95219177336902
8,73,25.219385230351456
8,74,22.679820977835345
8,75,25.469170115342976
8,76,26.4843314939048
8,77,25.64248608643229
8,78,26.798304860772532
8,79,28.525712987575453
8,80,28.152770635973948
8,81,25.492857929196497
8,82,24.60193672436263
8,83,23.9982123331679
8,84,20.958649197229956
8,85,22.3905039088339
8,86,20.054447047891237
8,87,16.41306757134267
8,88,16.380480739335045
8,89,17.359112249070236
8,90,15.033716255743764
8,91,11.777672898705173
8,92,12.963407007633544
8,93,13.227867850091084
8,94,9.489910019360257
8,95,9.401428777253098
9,1,16.570330160974333
9,2,13.960373914847915
9,3,10.49990496949745
9,4,8.383353528400935
9,5,5.850406399191598
9,6,5.2072261481486075
9,7,5.510296130861017
9,8,3.812410919170712
9,10,3.8124144464067333
9,11,6.590543463782001
9,12,9.992681244142352
9,13,13.308157981691089
9,14,16.567674645466038
9,15,20.19665195252111
9,16,22.600601921788183
9,17,25.120358398630966
9,18,27.633225182769927
9,19,26.076434841258433
9,20,23.288615206913928
9,21,19.67548456424583
9,22,16.959844025832297
9,23,13.294185887980865
9,24,10.750975479812116
9,25,7.3807104564307
9,26,5.676855438835453
9,27,4.232830604846442
9,28,6.660342175603222
9,29,7.996902733046918
9,30,11.416875670824606
9,31,12.095303779477314
9,32,11.07050239862254
9,33,8.393534642410621
9,34,7.3899218320128215
9,35,9.260632216973997
9,36,11.041484614787477
9,37,14.703993660498943
9,38,15.93283958680181
9,39,19.54237374292574
9,40,20.96546869592541
9,41,24.177501907543075
9,42,22.986761157610683
9,43,19.864004671159364
9,44,17.94884738194782
9,45,14.408934560237805
9,46,14.344544857559887
9,47,11.376526078812033
9,48,12.29539706583008
9,49,11.522658459552034
9,50,13.252276163818413
9,51,15.159259883669407
9,52,16.319869598029776
9,53,16.088726817650087
9,54,15.004117898788381
9,55,14.676631687057881
9,56,15.936559437003396
9,57,14.933975987342837
9,58,17.999938413462754
9,59,17.95333097478601
9,60,21.741235691520377
9,61,24.031668660369327
9,62,25.260896041740562
9,63,22.207989016639033
9,64,21.016910825824798
9,65,18.190467185443918
9,66,18.67289664257528
9,67,16.953182372497768
9,68,18.82087750053835
9,69,18.358451738887137
9,70,19.915293312218505
9,71,22.65240231420517
9,72,22.18399416192471
9,73,23.378757807190347
9,74,20.49058017083076
9,75,22.983709668365275
9,76,23.691371623998727
9,77,22.662297698217284
9,78,24.014888582960122
9,79,25.703908585002296
9,80,25.060338455316707
9,81,22.226144386497822
9,82,21.467053696161173
9,83,20.79279498243888
9,84,17.90831191783858
9,85,19.677944063208336
9,86,17.685398839433063
9,87,14.160879311182283
9,88,14.695557943016366
9,89,15.165596673181803
9,90,12.326308947894084
9,91,9.636473629226213
9,92,11.054088653790316
9,93,10.490183997615725
9,94,6.746794960696076
9,95,8.044626266723427
10,1,12.882121736396835
10,2,10.527450811515221
10,3,7.062486670990424
10,4,5.981280882490628
10,5,4.732162295611435
10,6,6.589291982468151
10,7,8.109112492797982
10,8,6.595262121334325
10,9,3.8124144464067333
10,11,3.812949514956016
10,12,6.501593558538388
10,13,10.077432379413331
10,14,13.066891346001679
10,15,16.78817375027667
10,16,19.085289954473907
10,17,21.569483084931818
10,18,24.219503621493903
10,19,22.90099916034295
10,20,20.239794186207437
10,21,16.719595086728425
10,22,14.150810686418456
10,23,10.707526585406184
10,24,8.258081358410623
10,25,5.884827889017563
10,26,4.9984241868379184
10,27,6.0606631801859
10,28,8.466610611504038
10,29,10.952605978196576
10,30,14.202060593749632
10,31,15.401188429269217
10,32,14.495324081646636
10,33,11.399745980286571
10,34,9.701976900682496
10,35,10.240148997016458
10,36,10.992164881326005
10,37,14.215795481319528
10,38,14.638502381959652
10,39,18.23419513054669
10,40,19.0261165006795
10,41,22.486931704881666
10,42,21.541217647576282
10,43,18.129165987515663
10,44,16.882098363594242
10,45,13.603128677299198
10,46,14.5069448310628
10,47,12.333181322756843
10,48,14.04409603702192
10,49,14.159831117630855
10,50,15.911090049977759
10,51,17.158856629920596
10,52,18.494471408044735
10,53,17.784771889926386
10,54,16.911483653218408
10,55,15.880147542965325
10,56,16.257638943275364
10,57,14.503645489626383
10,58,16.96794542014062
10,59,16.189922436249976
10,60,19.85602803765486
10,61,21.702359939540603
10,62,23.176192546255834
10,63,19.98828210439025
10,64,19.384255865199325
10,65,16.98893003907786
10,66,18.18551805552367
10,67,17.19425318665883
10,68,19.58180195792163
10,69,19.79164487922658
10,70,21.530632569054763
10,71,24.635645840650795
10,72,24.64690847772366
10,73,25.671187925197838
10,74,22.474551190578076
10,75,24.525547084873857
10,76,24.94330638459301
10,77,23.728487406442618
10,78,25.338361383558066
10,79,26.853902750913818
10,80,25.70772692862833
10,81,22.522144670610718
10,82,21.66632694583336
10,83,20.43525991396004
10,84,17.49167362142273
10,85,19.113868129688083
10,86,17.027705177463147
10,87,13.479497409546891
10,88,14.945164416578868
10,89,15.652782622073099
10,90,12.356927652995623
10,91,10.344213542191666
10,92,12.710847454660653
10,93,11.831724847908605
10,94,8.594427319051986
10,95,10.975861867596544
11,1,10.679963193056084
11,2,8.350078846225847
11,3,5.852806060817679
11,4,5.22947421924139
11,5,6.38035156870257
11,6,8.415758188321753
11,7,10.960948406476929
11,8,10.053308303106043
11,9,6.590543463782001
11,10,3.812949514956016
11,12,3.825776495080174
11,13,6.737449687569053
11,14,10.159197694789814
11,15,13.693935991550315
11,16,16.34335980814417
11,17,18.699246603637487
11,18,21.18954793978755
11,19,19.542912480739865
11,20,16.91401338355357
11,21,13.264015240615063
11,22,10.933025555214337
11,23,7.373031759773807
11,24,5.941134147564343
11,25,4.6008993511465235
11,26,6.335297190345679
11,27,8.627112803828773
11,28,11.728681081714457
11,29,13.997974233138317
11,30,16.95651503556129
11,31,17.748993323066102
11,32,16.21100165171126
11,33,13.166722256862354
11,34,10.48114772413897
11,35,10.227238396758242
11,36,9.62508630098351
11,37,12.361202175381225
11,38,11.99870256076958
11,39,15.322471296503348
11,40,15.81669977131224
11,41,19.215144383285654
11,42,18.087304908725088
11,43,14.565688428017996
11,44,13.576245985427382
11,45,10.644443807756835
11,46,12.28386757792134
11,47,10.915007265988269
11,48,13.520528763590702
11,49,14.548534661852717
11,50,16.811635165121842
11,51,17.350866894993835
11,52,18.27308529296066
11,53,16.820724349632613
11,54,15.872575492608545
11,55,14.085944352088761
11,56,13.708114394733466
11,57,11.404501486120536
11,58,13.46404894978705
11,59,12.424116526325413
11,60,16.0588054640691
11,61,17.90876216702915
11,62,19.449769984679705
11,63,16.36197200202482
11,64,15.856281734384803
11,65,13.525864287342047
11,66,14.996108493216806
11,67,14.489017441915527
11,68,17.189388858261818
11,69,18.00307593599279
11,70,19.956476790619934
11,71,23.361740843078465
11,72,23.952601889090587
11,73,24.94278965696054
11,74,21.515039136580608
11,75,23.1474807730368
11,76,23.09815183004993
11,77,21.59081863353829
11,78,23.32019406093343
11,79,24.63967303841985
11,80,23.10758947916099
11,81,19.721805415292266
11,82,18.932073932283867
11,83,17.48403914467103
11,84,14.777372720279779
11,85,16.66346308538387
11,86,15.046888993034212
11,87,11.898060977136836
11,88,14.059974023915077
11,89,14.22263922223041
11,90,10.549649938492312
11,91,9.71993342072364
11,92,12.222434028649182
11,93,10.611971127202471
11,94,8.313170590998531
11,95,11.647244706642802
12,1,7.267858234446392
12,2,5.959145195016937
12,3,4.6787681260856315
12,4,6.539697116740001
12,5,8.794261217767321
12,6,11.666759627359356
12,7,14.215248299177743
12,8,13.09662898701368
12,9,9.992681244142352
12,10,6.501593558538388
12,11,3.825776495080174
12,13,3.802338434015835
12,14,6.588499416692925
12,15,10.288025991332423
12,16,12.71004841258985
12,17,15.131507677795126
12,18,17.73891866281804
12,19,16.456454993258244
12,20,13.941569652153015
12,21,10.520511828132609
12,22,8.425545991543784
12,23,5.684719651457068
12,24,5.005957516540879
12,25,6.240415989258873
12,26,8.28334776328308
12,27,11.368484005315933
12,28,14.107942904062515
12,29,16.917845787780657
12,30,19.710507403839777
12,31,20.913817254757927
12,32,19.61663931154063
12,33,16.32864541026613
12,34,13.597718131162669
12,35,12.503943757412344
12,36,11.198601614166584
12,37,13.03819578770142
12,38,11.754721591874054
12,39,14.792768641175671
12,40,14.413528570336162
12,41,18.028902639030285
12,42,17.37381360252571
12,43,13.676959400564431
12,44,13.690753591729235
12,45,11.391380051110955
12,46,13.87864165266355
12,47,13.397413301894062
12,48,16.223232893097936
12,49,17.725366915870854
12,50,19.75332597047427
12,51,19.83524761746776
12,52,20.98926465657458
12,53,19.354730597149647
12,54,18.766443232539483
12,55,16.664429306723086
12,56,15.514843683425054
12,57,12.749570879105534
12,58,13.828136430592926
12,59,11.909026683443784
12,60,15.122717452106539
12,61,16.282251475801008
12,62,18.253672917989768
12,63,15.166741141819088
12,64,15.563720452634799
12,65,13.933997040966586
12,66,16.104411673322417
12,67,16.379218243281464
12,68,19.305934164029242
12,69,20.596158233764914
12,70,22.49595653730689
12,71,26.075319842354013
12,72,26.977318833661865
12,73,27.718276436059334
12,74,24.132089883256896
12,75,25.324864961951054
12,76,25.11625011756713
12,77,23.601160547397278
12,78,25.58636664632686
12,79,26.796239729868603
12,80,24.883609956458397
12,81,21.31687955837352
12,82,20.579282621184415
12,83,18.691762822570492
12,84,16.19029988291374
12,85,17.864874931147607
12,86,16.336716849292692
12,87,13.503081832609057
12,88,16.32228236451141
12,89,16.643972594213583
12,90,12.939139053291871
12,91,12.74632227757042
12,92,15.561951426283807
12,93,13.865826547909
12,94,12.006221491747393
12,95,15.443185937287572
13,1,5.883796601941098
13,2,5.466094024051648
13,3,6.607664133828645
13,4,8.631857578029393
13,5,11.71304414089897
13,6,14.447287067527943
13,7,17.402881001227218
13,8,16.62861839253037
13,9,13.308157981691089
13,10,10.077432379413331
13,11,6.737449687569053
13,12,3.802338434015835
13,14,3.779273461049706
13,15,7.011431198655292
13,16,10.021722639300139
13,17,12.091568049656592
13,18,14.560098924230486
13,19,12.917821108170683
13,20,10.62161760358813
13,21,7.096189505875426
13,22,6.0022139848167795
13,23,4.36932460987936
13,24,6.308368466842789
13,25,8.679739367309354
13,26,11.53861300160277
13,27,14.763225921231419
13,28,17.740648508019582
13,29,20.39256060352237
13,30,23.06261070334438
13,31,24.009135135141463
13,32,22.357629926290162
13,33,19.205958886785247
13,34,16.07928859466079
13,35,14.624282244412225
13,36,12.424901773811866
13,37,13.400366077131348
13,38,11.116489499159107
13,39,13.371678051037437
13,40,12.225864901154019
13,41,15.664049775427396
13,42,14.906064465363976
13,43,11.131360142012047
13,44,11.980753424711326
13,45,10.691675163009151
13,46,13.91917871114657
13,47,14.375808210291451
13,48,17.67637971128382
13,49,19.73279632329651
13,50,22.03511112268577
13,51,21.62783071305959
13,52,22.414947273658868
13,53,20.237534910521678
13,54,19.608429757768477
13,55,16.93757253498755
13,56,15.014631178131326
13,57,11.760674113943992
13,58,11.806267243262328
13,59,9.152628157139539
13,60,11.90209359321373
13,61,12.649737359740271
13,62,14.802103510725573
13,63,11.861316147755177
13,64,12.807646114088302
13,65,11.755070638407464
13,66,14.429508981645496
13,67,15.510736035045111
13,68,18.653810561592493
13,69,20.570088845792213
13,70,22.618011706665996
13,71,26.347441113986925
13,72,27.760160378174923
13,73,28.469100992399337
13,74,24.792916778063294
13,75,25.53603330433142
13,76,24.844568377570965
13,77,23.0572757936052
13,78,25.07780102214944
13,79,25.982264089052002
13,80,23.643708828760055
13,81,19.955920686145042
13,82,19.25135956130116
13,83,17.042626806927046
13,84,14.975978904234799
13,85,16.65617043172641
13,86,15.683782982352328
13,87,13.579186703906679
13,88,16.87961532090453
13,89,16.820697369355013
13,90,13.196152697243283
13,91,14.05306076844339
13,92,16.802369598861034
13,93,14.812317055159363
13,94,13.863666898944869
13,95,17.56880824588875
14,1,4.21934492994786
14,2,6.307626292060887
14,3,8.606990573538484
14,4,11.518052795540378
14,5,14.667222971670705
14,6,17.752883799745238
14,7,20.601631431897477
14,8,19.652968509355375
14,9,16.567674645466038
14,10,13.066891346001679
14,11,10.159197694789814
14,12,6.588499416692925
14,13,3.779273461049706
14,15,3.7989216258586107
14,16,6.454140722491406
14,17,8.558351162670595
14,18,11.255054635983962
14,19,10.269313278691342
14,20,8.358956432194107
14,21,5.740734838980156
14,22,5.839823168245658
14,23,6.535822243536775
14,24,8.579682035667043
14,25,11.675381128551457
14,26,14.251104585474595
14,27,17.69634602910443
14,28,20.367446117312763
14,29,23.335488046022245
14,30,25.900431931810832
14,31,27.159391015800203
14,32,25.736458251949127
14,33,22.422713107646864
14,34,19.384974581424895
14,35,17.564923959367785
14,36,15.218416483218292
14,37,15.569163098649602
14,38,12.823067745068254
14,39,14.531647208910355
14,40,12.485073708912289
14,41,15.86269969937418
14,42,15.736381839209603
14,43,12.172943102578383
14,44,13.97984600102608
14,45,13.335526043603796
14,46,16.797015464783836
14,47,17.66943333633879
14,48,20.907980594021936
14,49,23.12695233500754
14,50,25.1981329636182
14,51,24.561821721376504
14,52,25.561730315265415
14,53,23.387496075000076
14,54,23.0353249038958
14,55,20.322928665123296
14,56,18.06027873110371
14,57,14.78687819236938
14,58,14.091280044542026
14,59,10.962526042043443
14,60,12.76886753834006
14,61,12.468620535473656
14,62,15.025763975962
14,63,12.372864660406892
14,64,14.313542176001283
14,65,14.090056504863943
14,66,17.094249621662858
14,67,18.641930281712746
14,68,21.777772838739313
14,69,23.90205957444028
14,70,25.83554834422327
14,71,29.60714680613493
14,72,31.167629847604594
14,73,31.678297629115004
14,74,27.94525242686534
14,75,28.386247888226457
14,76,27.64183720875692
14,77,25.930981253897414
14,78,28.107529127830052
14,79,28.93667310259677
14,80,26.382206889899788
14,81,22.68406321347453
14,82,22.04634786234475
14,83,19.600654262149273
14,84,17.78916516834813
14,85,19.164103178926783
14,86,18.253326694114453
14,87,16.44249076791155
14,88,19.957931270270826
14,89,20.08945053310783
14,90,16.60783065938141
14,91,17.587171457656474
14,92,20.477163155254566
14,93,18.549703526986725
14,94,17.627188271598346
14,95,21.30927095840286
15,1,6.661058679913291
15,2,9.279920028647584
15,3,12.160761481034301
15,4,14.956352926433976
15,5,18.28732960949278
15,6,21.285410684201523
15,7,24.262027361091302
15,8,23.382970808697156
15,9,20.19665195252111
15,10,16.78817375027667
15,11,13.693935991550315
15,12,10.288025991332423
15,13,7.011431198655292
15,14,3.7989216258586107
15,16,3.801071361090773
15,17,5.21673416374249
15,18,7.610046008532891
15,19,6.549768740775624
15,20,5.334270564235836
15,21,4.199640547077825
15,22,6.463144240824764
15,23,8.764108274688889
15,24,11.499601269305057
15,25,14.867334687319277
15,26,17.694768274569643
15,27,21.233574861859882
15,28,23.997311053428636
15,29,26.923796644942833
15,30,29.353072586815102
15,31,30.52211676823165
15,32,28.951037517986077
15,33,25.685482550059437
15,34,22.473706509406203
15,35,20.38493554801268
15,36,17.615138899198158
15,37,17.26878382226366
15,38,13.99363632946803
15,39,14.757662264657416
15,40,11.900802741143462
15,41,14.766952061604949
15,42,14.921203073750604
15,43,11.792041512160921
15,44,14.47364020839381
15,45,14.787803285120285
15,46,18.488363807593906
15,47,19.989719404211375
15,48,23.35866347536991
15,49,25.91659843557716
15,50,28.0391957551779
15,51,27.029358741592976
15,52,27.86229473823
15,53,25.41253714049804
15,54,25.176571010335014
15,55,22.222692645554837
15,56,19.474131879089107
15,57,16.16521998627493
15,58,14.578982081331153
15,59,11.165155420866984
15,60,11.820407528271412
15,61,10.557783266584487
15,62,13.454004950961817
15,63,11.473793959366388
15,64,14.172127931033923
15,65,14.691945475819779
15,66,17.848480995900267
15,67,19.95035651936778
15,68,23.024954374840974
15,69,25.515014087528943
15,70,27.399757654567644
15,71,31.20152312087082
15,72,33.11418867440803
15,73,33.491548537459224
15,74,29.738873657531816
15,75,29.75594405810461
15,76,28.710681733571445
15,77,26.930578361775577
15,78,29.174588445194892
15,79,29.799750030378238
15,80,26.96532256280634
15,81,23.325560990299834
15,82,22.849188906447473
15,83,20.283429858016873
15,84,19.026013519211695
15,85,20.327045736947337
15,86,19.919942085821948
15,87,18.724603834489614
15,88,22.389041979598552
15,89,22.264739856669095
15,90,18.977946646937525
15,91,20.486854609589287
15,92,23.23617500953787
15,93,21.140131608403316
15,94,20.683114146633905
15,95,24.444237242411294
16,1,8.812951302126878
16,2,12.127022373407218
16,3,14.758910909626275
16,4,17.91454172828978
16,5,21.000499902586835
16,6,24.154976502732467
16,7,26.866457356395404
16,8,25.607789365091424
16,9,22.600601921788183
16,10,19.085289954473907
16,11,16.34335980814417
16,12,12.71004841258985
16,13,10.021722639300139
16,14,6.454140722491406
16,15,3.801071361090773
16,17,3.82149404388175
16,18,5.534971695049422
16,19,6.361571879357118
16,20,5.437896417370867
16,21,6.430234265720095
16,22,8.126767508741045
16,23,11.100740241303432
16,24,13.271038196164731
16,25,16.924699833676037
16,26,19.433323279297582
16,27,23.12035433978232
16,28,25.60357068630035
16,29,28.760667096614004
16,30,30.955397163521617
16,31,32.4394102251779
16,32,31.15875935331856
16,33,27.714623928561114
16,34,24.648472758676313
16,35,22.206289035805522
16,36,19.488623067387124
16,37,18.73339706144339
16,38,15.480570628138322
16,39,16.01702727889008
16,40,12.858189447280129
16,41,15.584561630636802
16,42,16.594943181088773
16,43,13.91917449213641
16,44,16.841099885545933
16,45,17.202193576873203
16,46,20.796871851416295
16,47,22.436656170900015
16,48,25.56957144461017
16,49,28.20591892682154
16,50,29.96742058193605
16,51,28.758021895502335
16,52,29.92884364591956
16,53,27.67508364542465
16,54,27.85019365707097
16,55,25.102476362551034
16,56,22.291620526939383
16,57,19.244123846397567
16,58,17.58889242753023
16,59,14.411210896118629
16,60,14.755183107112613
16,61,13.207710394298793
16,62,16.369092943097268
16,63,14.861114218553794
16,64,17.740258164659288
16,65,18.28953645131529
16,66,21.297411348914128
16,67,23.306800011862048
16,68,26.181290923873934
16,69,28.544663228374148
16,70,30.12927926095446
16,71,33.917010381596754
16,72,35.79090698736446
16,73,35.861617590057726
16,74,32.07635907551716
16,75,31.88379008629383
16,76,31.044102812679498
16,77,29.57334197854495
16,78,32.07504695155584
16,79,32.89590081828377
16,80,30.120350862295098
16,81,26.571784946805526
16,82,26.355864838782214
16,83,23.913169482438267
16,84,22.7801618060341
16,85,24.12284625960282
16,86,23.68200988308025
16,87,22.38041424873424
16,88,26.02584791295137
16,89,25.97808370956072
16,90,22.6155571250047
16,91,23.91939580641858
16,92,26.67584017440464
16,93,24.487050638548588
16,94,23.764966988684687
16,95,27.48704199327705
17,1,9.866990227515444
17,2,13.124652733998104
17,3,16.35637817641113
17,4,19.443304783792325
17,5,22.824578928709098
17,6,26.031227717461164
17,7,28.995723196254694
17,8,28.126713863274386
17,9,25.120358398630966
17,10,21.569483084931818
17,11,18.699246603637487
17,12,15.131507677795126
17,13,12.091568049656592
17,14,8.558351162670595
17,15,5.21673416374249
17,16,3.82149404388175
17,18,3.811806425797332
17,19,5.251626965362084
17,20,6.723415765292526
17,21,8.310009260853269
17,22,11.047290868536363
17,23,13.857590878925118
17,24,16.408648699924967
17,25,19.899435344232774
17,26,22.516968987894202
17,27,26.09553084380528
17,28,28.626190882945288
17,29,31.73872693129404
17,30,34.14233348419888
17,31,35.509938005134345
17,32,34.07339672670343
17,33,30.735543870920587
17,34,27.591431638530103
17,35,25.373664728321845
17,36,22.5752006155962
17,37,21.887332038163386
17,38,18.46771014781484
17,39,18.65657781424825
17,40,15.273680667700452
17,41,17.501628478337164
17,42,18.1571986277158
17,43,15.659890258020459
17,44,18.843960796104348
17,45,19.642639759668306
17,46,23.37365644048265
17,47,25.095933475196762
17,48,28.43634478879585
17,49,31.067944792571684
17,50,33.08496543598825
17,51,31.9453326790751
17,52,32.857258136215144
17,53,30.375545809284237
17,54,30.24316359159613
17,55,27.2183384473548
17,56,24.279382474861766
17,57,20.984659206772122
17,58,18.93421349380687
17,59,15.434946973667463
17,60,15.06356644271022
17,61,12.652539063146028
17,62,15.357620557967248
17,63,14.073856120651708
17,64,17.452085603869627
17,65,18.782463484312697
17,66,22.089877506989676
17,67,24.575065560196002
17,68,27.64227766260523
17,69,30.340571712384648
17,70,32.20722129351878
17,71,36.00221026115511
17,72,38.078127732411104
17,73,38.361263045200985
17,74,34.60731141509737
17,75,34.37050893549034
17,76,33.19195952718117
17,77,31.40550367920581
17,78,33.656284467612174
17,79,34.08019751418473
17,80,31.028225568994547
17,81,27.462580868517293
17,82,26.944588661483376
17,83,24.165886049332883
17,84,23.15622692131087
17,85,24.028019893463416
17,86,23.693040244543337
17,87,22.858779255368447
17,88,26.625075113177644
17,89,26.69268377324682
17,90,23.63383197931018
17,91,25.260317808855188
17,92,28.141716481726128
17,93,26.18739704258439
17,94,25.815419170963466
17,95,29.563099146176654
18,1,13.347506473057672
18,2,16.479209931872724
18,3,19.573642411613932
18,4,22.5115183969219
18,5,25.857338800888957
18,6,28.895328712902742
18,7,31.83784131854169
18,8,30.79803531900889
18,9,27.633225182769927
18,10,24.219503621493903
18,11,21.18954793978755
18,12,17.73891866281804
18,13,14.560098924230486
18,14,11.255054635983962
18,15,7.610046008532891
18,16,5.534971695049422
18,17,3.811806425797332
18,19,3.7822751422093552
18,20,6.03189139693451
18,21,9.1148752381492
18,22,12.001289391042775
18,23,15.387273102699213
18,24,18.122585092949794
18,25,21.778093750326576
18,26,24.58869613837692
18,27,28.282747727523585
18,28,30.94443731354703
18,29,33.9785905038296
18,30,36.118936472003085
18,31,37.39891325257656
18,32,35.86743861308064
18,33,32.55224577174215
18,34,29.283718537894355
18,35,26.741511944745113
18,36,23.662213473259776
18,37,22.37529951748839
18,38,18.78322804282633
18,39,18.26100590591901
18,40,14.574781877957552
18,41,16.15568672937161
18,42,17.31148271156028
18,43,15.512817007204058
18,44,19.040324799155727
18,45,20.37717573212581
18,46,24.062881232130152
18,47,26.250899004353137
18,48,29.534030058680383
18,49,32.4629349718845
18,50,34.386098380031875
18,51,32.84869163484627
18,52,33.702185205045154
18,53,31.112969469649236
18,54,31.276875855662592
18,55,28.25449953924069
18,56,25.02769592168477
18,57,22.003257183487232
18,58,19.534109680581825
18,59,16.338815258996767
18,60,15.336559190010757
18,61,12.742975364180527
18,62,15.759061506903013
18,63,15.35823262946618
18,64,18.750089306482568
18,65,20.109334904778226
18,66,23.129446758682967
18,67,25.699254684665288
18,68,28.465304122443197
18,69,31.231741017195283
18,70,32.82070788646185
18,71,36.57117225865746
