1,2,3.813558035981802
1,3,6.6212833916329705
1,4,8.443557273475609
1,5,6.620264687966159
1,6,6.620146978623998
1,7,10.10514602471654
1,8,11.088232296558994
1,9,10.76280800270887
1,10,12.514499147635426
1,11,14.965496026869884
1,12,15.790555905429851
1,13,16.594332294091608
1,14,18.51500345709195
1,15,20.41276045763876
1,16,21.453869062164156
1,17,22.733919631562507
1,18,24.58220268530349
1,19,26.123810394430873
1,20,27.49769197103729
1,21,28.79266539759351
1,22,30.059760251026375
1,23,31.94712021644434
1,24,33.43062603419636
1,25,34.44164157342766
1,26,35.88906106752096
1,27,38.30339885336596
1,28,39.242622181205014
1,29,39.97540211654799
1,30,41.7967208249384
1,31,44.10354726031703
1,32,47.28566229917148
1,33,47.349769308991945
1,34,50.11765345117765
1,35,48.814224420047246
1,36,45.07938750386027
1,37,43.26208654531307
1,38,39.76590632690918
1,39,41.109016821455434
1,40,39.68732110919212
1,41,36.064639750270615
1,42,35.34971010774434
1,43,36.27954245146072
1,44,34.796053599187964
1,45,31.354452041124055
1,46,32.06107694785977
1,47,33.281247813366456
1,48,30.057468654050997
1,49,27.980629960197778
1,50,30.38106883204291
1,51,30.327788880179646
1,52,26.559897608367592
1,53,26.525646556838858
1,54,29.657635672876747
1,55,31.687721839298423
1,56,34.52206647553994
1,57,37.0627464590628
1,58,39.479495128897035
1,59,40.24995315646896
1,60,39.12433564050154
1,61,38.64572495334828
1,62,39.46400629498814
1,63,42.911199964760975
1,64,42.61058954555115
1,65,41.34087312792334
1,66,38.769410409815805
1,67,37.7977833776054
1,68,37.239554945302004
1,69,35.28530570424658
1,70,33.01550070343148
1,71,32.716954473407675
1,72,31.68165031462281
1,73,28.749555794767495
1,74,27.663388406696818
1,75,28.13428602835845
1,76,26.170218271203673
1,77,23.26951895440784
1,78,23.225203874607185
1,79,23.649245386786646
1,80,20.970426946292577
1,81,18.433824016970274
1,82,19.172809781277365
1,83,19.483111490202106
1,84,15.994697162214937
1,85,14.742347609849109
1,86,17.018806171206762
1,87,15.661538197297732
1,88,12.08852243899759
1,89,13.857564009561553
1,90,15.891803143588492
1,91,13.201742522220252
1,92,11.85666169112553
1,93,15.561342051163798
1,94,16.400847409343122
1,95,13.953007656182816
1,96,15.219732511390415
1,97,18.745088224602586
1,98,18.66878723430151
1,99,17.93334463809133
1,100,20.639939744824627
1,101,22.92835461320938
1,102,22.386232310137835
1,103,21.360298707799895
2,1,3.813558035981802
2,3,3.811421082168345
2,4,5.74345672013813
2,5,5.692541956232494
2,6,6.462711754808445
2,7,8.848629377335186
2,8,10.237705890289813
2,9,11.189983857465144
2,10,12.58822463205115
2,11,14.352352968025386
2,12,15.876029249303487
2,13,17.229477064093043
2,14,18.516626993539347
2,15,20.216599993630243
2,16,21.898991955401755
2,17,23.14544806981302
2,18,24.44737409176647
2,19,26.192995018703765
2,20,27.986202106005013
2,21,29.01023368983483
2,22,29.913439271234694
2,23,32.10243106092858
2,24,33.75745164667411
2,25,34.39291433788368
2,26,35.6688014255537
2,27,38.370535677554074
2,28,39.27384309334211
2,29,39.6466905006017
2,30,41.484636852865016
2,31,44.04663005881522
2,32,47.0907674871707
2,33,46.91809565686661
2,34,49.72648416117675
2,35,48.399730081268565
2,36,44.71908425964685
2,37,43.0927465972771
2,38,39.63268716170622
2,39,41.24507303731346
2,40,40.15059825028593
2,41,36.66645564839527
2,42,36.07502170220896
2,43,36.647783788652376
2,44,34.970271310098354
2,45,31.713995399471283
2,46,32.28016813072718
2,47,33.10420663997031
2,48,29.83358698541446
2,49,27.825834927727584
2,50,29.920817235748594
2,51,29.548124801427836
2,52,25.76062636243173
2,53,25.64455159632143
2,54,28.469175737980002
2,55,30.733762038627713
2,56,33.59323038619766
2,57,36.33356969586941
2,58,38.707468746547285
2,59,39.82699105608487
2,60,38.70610927745706
2,61,37.970384138711196
2,62,38.74464551137154
2,63,42.06489908552243
2,64,41.7529375348749
2,65,40.26162309223918
2,66,37.9179968907444
2,67,37.090965663896995
2,68,36.18065822435919
2,69,34.136821730359536
2,70,32.205108087770206
2,71,31.771152012607082
2,72,30.34012088694208
2,73,27.592645849283116
2,74,26.7864779739963
2,75,26.85738936759085
2,76,24.576252686196337
2,77,22.064231088387498
2,78,22.121866322476436
2,79,21.98063609560813
2,80,19.1186314330656
2,81,17.104475432692933
2,82,17.77415744121325
2,83,17.388437073856192
2,84,13.871036107975621
2,85,13.12515281526595
2,86,14.896259800398346
2,87,12.892632493207127
2,88,9.611755904327056
2,89,11.805663797649698
2,90,13.143869224701515
2,91,10.067757312855656
2,92,9.524949701384902
2,93,13.266386555464443
2,94,13.481269070479913
2,95,11.260034379055783
2,96,13.282795863156785
2,97,16.45120491118971
2,98,16.0781048236576
2,99,15.98317749990563
2,100,18.883659103177923
2,101,20.71938000125836
2,102,20.379223845677913
2,103,18.888312708573416
3,1,6.6212833916329705
3,2,3.811421082168345
3,4,3.8051610622702
3,5,5.506803303296111
3,6,5.07419530770634
3,7,6.039642933905711
3,8,8.472093297209582
3,9,9.95689725738053
3,10,10.37967765248593
3,11,11.853127834472208
3,12,14.116345522843314
3,13,15.43125391620001
3,14,16.032598669214792
3,15,17.8891757803049
3,16,19.993507739240837
3,17,20.876050618935658
3,18,21.844591170342987
3,19,23.94100062819915
3,20,25.848402601848854
3,21,26.485729958328296
3,22,27.293507458561653
3,23,29.774564332481802
3,24,31.343164186615038
3,25,31.661117762565603
3,26,32.9925757431101
3,27,35.855863351913555
3,28,36.56615510479566
3,29,36.75345919118312
3,30,38.73879578452036
3,31,41.402047894430765
3,32,44.305941648197965
3,33,44.10716588500117
3,34,47.03240926932301
3,35,45.853731576019335
3,36,42.182366246610236
3,37,40.798534926059425
3,38,37.28912280149848
3,39,38.935128564080564
3,40,38.10441211637009
3,41,34.71043393819601
3,42,34.43294819353085
3,43,34.87456543159747
3,44,32.89071296678503
3,45,29.83800542830951
3,46,30.59479857059108
3,47,31.070980241360484
3,48,27.6495491610964
3,49,25.989194945571324
3,50,28.0860649729607
3,51,27.297333990146335
3,52,23.504952210789813
3,53,23.765462242621805
3,54,26.350286640444754
3,55,28.94891748644112
3,56,31.562151385726047
3,57,34.54185060221787
3,58,36.657749974644105
3,59,37.91596832344302
3,60,36.55407964389015
3,61,35.520709235103055
3,62,36.042643068411195
3,63,39.239299358407905
3,64,38.739664209281926
3,65,37.05781109924436
3,66,34.7457852220697
3,67,34.14109988212391
3,68,33.15129313146533
3,69,30.91807744296027
3,70,29.16452020603232
3,71,28.895845283890047
3,72,27.25295997147851
3,73,24.45039912845162
3,74,23.993000241923674
3,75,24.100513695999823
3,76,21.540193953602092
3,77,19.137482602235643
3,78,19.64903222899208
3,79,19.42786849558541
3,80,16.24274331799792
3,81,14.607643578803367
3,82,15.852135907214773
3,83,15.176776432304974
3,84,11.479994776330168
3,85,11.693423724097496
3,86,13.690160464814115
3,87,11.311453931139106
3,88,8.681723086917854
3,89,11.83792276697065
3,90,12.910459846561972
3,91,10.062231857065703
3,92,10.7746802520562
3,93,14.435635644149931
3,94,14.298971192897488
3,95,12.88329242637037
3,96,15.468510162749038
3,97,18.17610378182762
3,98,17.736605261803145
3,99,18.36122326207338
3,100,21.246997468196913
3,101,22.687273795234038
3,102,22.63395130980558
3,103,20.69332706413367
4,1,8.443557273475609
4,2,5.74345672013813
4,3,3.8051610622702
4,5,3.7941143792966447
4,6,5.406209905499313
4,7,5.049486456706133
4,8,6.017134438994699
4,9,8.652077872898268
4,10,9.737444459891712
4,11,10.115130540656132
4,12,12.17927378485953
4,13,14.334336998953635
4,14,14.917052963635618
4,15,16.01351668098228
4,16,18.35827022326187
4,17,19.755646304896036
4,18,20.343303680084794
4,19,22.073285592623755
4,20,24.388569910361923
4,21,25.26463680545195
4,22,25.62383775459964
4,23,27.990317418854744
4,24,29.948181902205256
4,25,30.26859515274442
4,26,31.20263215017019
4,27,34.143104548659934
4,28,35.162160682682504
4,29,35.17654944171688
4,30,36.87453249404849
4,31,39.67077945108412
4,32,42.614752893986186
4,33,42.16088486237417
4,34,44.92042030594795
4,35,43.51189957244238
4,36,39.906690013627575
4,37,38.41908332452993
4,38,35.04300933049432
4,39,36.949686792311994
4,40,36.195421959835095
4,41,32.925967189390896
4,42,32.42847342390866
4,43,32.56155399218999
4,44,30.724767495952012
4,45,27.71088969284756
4,46,28.091276108227227
4,47,28.491445538409735
4,48,25.237626633720915
4,49,23.319876400738178
4,50,25.113397238952672
4,51,24.445951115562377
4,52,20.691537129934087
4,53,20.569961316800743
4,54,23.126766654668387
4,55,25.608332702659702
4,56,28.3879808510488
4,57,31.302825253914374
4,58,33.568095602283435
4,59,34.95119569474994
4,60,33.81751627944552
4,61,32.890490433950596
4,62,33.688853572877605
4,63,36.92422059139733
4,64,36.72297555549106
4,65,35.19805460231011
4,66,33.09594848418735
4,67,32.21633577748888
4,68,31.015415809724328
4,69,29.079256756532228
4,70,27.360619610478327
4,71,26.657124112118442
4,72,25.032634321674227
4,73,22.539360436527602
4,74,21.7706973945784
4,75,21.475549247588816
4,76,19.121379956701944
4,77,16.903902567168362
4,78,16.88190931714081
4,79,16.387099605078173
4,80,13.517635280872488
4,81,11.806165062752266
4,82,12.474688675204922
4,83,11.742398175872518
4,84,8.179242667196844
4,85,8.042708105448366
4,86,9.897150524957777
4,87,7.757527152957658
4,88,4.969144344544503
4,89,8.338933770230256
4,90,9.683773580990172
4,91,7.5453945985191
4,92,8.465553542549015
4,93,11.956245875179492
4,94,12.30492864803887
4,95,11.742103354457269
4,96,14.103099403949082
4,97,16.566960816873838
4,98,16.790823055799653
4,99,17.811750121382723
4,100,20.20475355835888
4,101,21.725063246810834
4,102,22.298168941355932
4,103,20.55510162881508
5,1,6.620264687966159
5,2,5.692541956232494
5,3,5.506803303296111
5,4,3.7941143792966447
5,6,3.8093418476332075
5,7,5.456911061031527
5,8,4.978417917209093
5,9,6.3141337426821975
5,10,8.621183621685699
5,11,9.67590008467722
5,12,10.638303736765229
5,13,12.626063616120529
5,14,14.14019673379263
5,15,15.20843727462814
5,16,16.866626863456954
5,17,18.62519476853157
5,18,19.780118516102867
5,19,21.103416391208434
5,20,23.127346670598417
5,21,24.48089072511429
5,22,25.10635940599576
5,23,27.069309951892574
5,24,29.02573744049403
5,25,29.81684454607559
5,26,30.79577381719121
5,27,33.4450003939775
5,28,34.657673223234134
5,29,35.033217428867
5,30,36.59515423813808
5,31,39.16150671390611
5,32,42.307076185399445
5,33,42.01964176589308
5,34,44.667513453927164
5,35,43.17175411102447
5,36,39.51318378263345
5,37,37.72901190557833
5,38,34.34668863859111
5,39,36.06390534710778
5,40,34.93563211701319
5,41,31.51609191179419
5,42,30.742899511648524
5,43,31.166788955383854
5,44,29.63006580849966
5,45,26.34720737655141
5,46,26.71318251086443
5,47,27.603452667084866
5,48,24.45027770908814
5,49,22.25653966424426
5,50,24.33114401828004
5,51,24.164593491375793
5,52,20.403279872216174
5,53,20.16804551718021
5,54,23.17889849262928
5,55,25.28442227100749
5,56,28.16240561953976
5,57,30.79657946066158
5,58,33.22602109885099
5,59,34.24124470536159
5,60,33.218748379765245
5,61,32.66874181745059
5,62,33.664369821000065
5,63,37.0922691306796
5,64,37.03921368959556
5,65,35.84426177575618
5,66,33.54448689384615
5,67,32.36391328766186
5,68,31.500759794135906
5,69,29.79441856307832
5,70,27.65501737754416
5,71,26.92627524266384
5,72,25.811816379328924
5,73,23.19584790812236
5,74,21.90773502355929
5,75,21.962899959074786
5,76,20.12608291619023
5,77,17.429720841314612
5,78,16.99619507125144
5,79,17.185531660574064
5,80,14.747501151092983
5,81,12.15289420155418
5,82,12.590120211213991
5,83,12.955847075648608
5,84,9.602486499364726
5,85,8.14879127291146
5,86,10.736995335991665
5,87,9.852402603393752
5,88,6.373010623691708
5,89,8.655141121157879
5,90,11.209471307775642
5,91,9.59016380277419
5,92,9.003582290775702
5,93,12.636874908953464
5,94,13.94683058702588
5,95,13.012762111310423
5,96,14.511495020958161
5,97,17.48566554819818
5,98,18.202707435035204
5,99,18.574125753522786
5,100,20.711673583738214
5,101,22.812966810004248
5,102,23.327368201158425
5,103,22.12114537118054
6,1,6.620146978623998
6,2,6.462711754808445
6,3,5.07419530770634
6,4,5.406209905499313
6,5,3.8093418476332075
6,7,3.801393184177364
6,8,5.3638574947989595
6,9,5.227436463048261
6,10,6.173477799434779
6,11,8.455762963115838
6,12,9.899050796368003
6,13,10.834048122609317
6,14,12.169825671623018
6,15,14.11858408383045
6,16,15.62448016340748
6,17,16.70857953038227
6,18,18.202037990304976
6,19,19.99804663002114
6,20,21.60106382709522
6,21,22.622225594121428
6,22,23.704762017857682
6,23,25.840396732929392
6,24,27.36365722323359
6,25,28.111710264564934
6,26,29.51842044539964
6,27,32.09824622926539
6,28,32.96608755022333
6,29,33.51917118289559
6,30,35.395009792326285
6,31,37.817510363886896
6,32,40.911605326555964
6,33,40.91165963975335
6,34,43.75357194800347
6,35,42.550302986435966
6,36,38.81233262161412
6,37,37.19415931265181
6,38,33.64201881088053
6,39,35.05665735319469
6,40,33.915225746319216
6,41,30.392269356113513
6,42,29.99076470527607
6,43,30.721633007492716
6,44,28.903296105871508
6,45,25.65361228128802
6,46,26.560352671213792
6,47,27.41650837845888
6,48,24.014734818070544
6,49,22.2880395948552
6,50,24.778515483385867
6,51,24.326813026847564
6,52,20.531193398970053
6,53,20.98774898888539
6,54,23.98168333448829
6,55,26.34194961147518
6,56,28.857889263433524
6,57,31.641563008593526
6,58,33.75605404063065
6,59,34.60425214548961
6,60,33.19616119786145
6,61,32.45738692907834
6,62,33.07041604212121
6,63,36.45504361593033
6,64,36.050170833168536
6,65,34.72902917249181
6,66,32.164730734030826
6,67,31.253494869331572
6,68,30.683177789506733
6,69,28.673637860521627
6,70,26.426682060456375
6,71,26.215355273825242
6,72,25.161295058538503
6,73,22.15313795869478
6,74,21.17881065031031
6,75,21.81260518005469
6,76,19.79613268159511
6,77,16.77503559534423
6,78,17.064070710273157
6,79,17.751889835716348
6,80,14.919870618690531
6,81,12.34381478477445
6,82,13.832243551757983
6,83,14.382237870752512
6,84,10.78175246024386
6,85,10.285539257222508
6,86,13.380304381998577
6,87,12.276516777244785
6,88,9.358830270957494
6,89,12.189309087357518
6,90,14.499362067561854
6,91,12.659486075321139
6,92,12.572657120925202
6,93,16.27059534893875
6,94,17.194642979600903
6,95,16.071720437013294
6,96,17.888981423678743
6,97,20.89142931597513
6,98,21.212173881405327
6,99,21.54260224749329
6,100,23.987141108686018
6,101,25.957446353618188
6,102,26.162325300947643
6,103,24.696048178961775
7,1,10.10514602471654
7,2,8.848629377335186
7,3,6.039642933905711
7,4,5.049486456706133
7,5,5.456911061031527
7,6,3.801393184177364
7,8,3.8034885765407584
7,9,5.441209693849234
7,10,4.958408230784508
7,11,5.825748535444903
7,12,8.454598233945552
7,13,9.902368105269217
7,14,10.149074099719053
7,15,11.865981880690077
7,16,14.148638925905379
7,17,15.051361129169544
7,18,15.850290586702874
7,19,17.92028294536736
7,20,19.931599819134
7,21,20.58863552668339
7,22,21.284704211801223
7,23,23.747320360985128
7,24,25.395756643840386
7,25,25.738929195391535
7,26,26.99323867017509
7,27,29.837991783323545
7,28,30.64264763859118
7,29,30.859824787679088
7,30,32.766174677719654
7,31,35.40496506297604
7,32,38.35684238059333
7,33,38.172430695536555
7,34,41.06976654113913
7,35,39.901992549873235
7,36,36.20685268210218
7,37,34.81562767822903
7,38,31.277206041369386
7,39,32.89720932843853
7,40,32.1148322125099
7,41,28.76857215200388
7,42,28.603672736119023
7,43,28.992718764140474
7,44,26.897954948394307
7,45,23.914806677557372
7,46,24.81238618441201
7,47,25.19991398566466
7,48,21.705137363496927
7,49,20.244426583805883
7,50,22.53476672086262
7,51,21.64121570020125
7,52,17.843925169444166
7,53,18.53097110626112
7,54,21.199208677379637
7,55,23.888082896908053
7,56,26.230099293275845
7,57,29.25599230405465
7,58,31.176009708859247
7,59,32.28404838816703
7,60,30.744078311039264
7,61,29.704359395233027
7,62,30.179470012248803
7,63,33.44347648121526
7,64,32.97886608661825
7,65,31.485485688498034
7,66,29.078164665158788
7,67,28.296107544231315
7,68,27.47849905995828
7,69,25.376048871577385
7,70,23.379316105781772
7,71,23.119047723489576
7,72,21.76964034554254
7,73,18.84289159371712
7,74,18.149057303607414
7,75,18.581357155999427
7,76,16.28214716923821
7,77,13.472474291828735
7,78,14.080292825284298
7,79,14.500611973894676
7,80,11.390154506360249
7,81,9.241772676429838
7,82,11.242110880662993
7,83,11.406827790794395
7,84,7.754318432097929
7,85,8.386676754567189
7,86,11.493132651549336
7,87,10.2222303673774
7,88,8.30703875573522
7,89,11.681186238759837
7,90,13.583274505416622
7,91,12.231948796187035
7,92,13.113792990067662
7,93,16.494735281995915
7,94,17.141252353440155
7,95,16.776249484677148
7,96,18.96147253724268
7,97,21.478607730043816
7,98,21.834676452400736
7,99,22.797998214164412
7,100,25.138419510363647
7,101,26.755621574907195
7,102,27.318961401900893
7,103,25.55144715465302
8,1,11.088232296558994
8,2,10.237705890289813
8,3,8.472093297209582
8,4,6.017134438994699
8,5,4.978417917209093
8,6,5.3638574947989595
8,7,3.8034885765407584
8,9,3.7795929795084344
8,10,5.438056059909296
8,11,4.980698851390116
8,12,6.212813112152955
8,13,8.8218303670935
8,14,9.78285230351361
8,15,10.40029215209825
8,16,12.48581773938428
8,17,14.302861383123735
8,18,15.039300243481433
8,19,16.361797174913637
8,20,18.65708558367789
8,21,19.91346964126349
8,22,20.27363328931948
8,23,22.330472797987174
8,24,24.411565856640287
8,25,25.06147546340049
8,26,25.90463566607334
8,27,28.644654662943434
8,28,29.90016052918097
8,29,30.155823607216398
8,30,31.667809150849692
8,31,34.30443412757208
8,32,37.41659173217262
8,33,37.064223824179486
8,34,39.7188868564678
8,35,38.25317339488062
8,36,34.59384666936882
8,37,32.903017455921294
8,38,29.500036380912277
8,39,31.28870856614306
8,40,30.347734939517174
8,41,27.03295878336092
8,42,26.43961193359076
8,43,26.67719029593095
8,44,24.938048464637212
8,45,21.803502716913467
8,46,22.260027120813074
8,47,22.89139980598109
8,48,19.63693656869587
8,49,17.659819022638864
8,50,19.809737506700195
8,51,19.39213662225325
8,52,15.599356903295519
8,53,15.749555198714082
8,54,18.728191337718187
8,55,21.052412332334985
8,56,23.670984904985566
8,57,26.461160685585767
8,58,28.668752486179315
8,59,29.692534789860822
8,60,28.47574408839393
8,61,27.792200292688854
8,62,28.70240093726214
8,63,32.12559375271655
8,64,32.073070834980506
8,65,30.943017907936703
8,66,28.657597231129206
8,67,27.401880970270923
8,68,26.55770599891221
8,69,24.93059713498637
8,70,22.73170961709679
8,71,21.961178607841497
8,72,20.958491305525857
8,73,18.339969818240025
8,74,16.935581269643265
8,75,17.115151685964562
8,76,15.427293060080396
8,77,12.550647004530699
8,78,12.15110149028539
8,79,12.74102031655744
8,80,10.388418268005577
8,81,7.410024567390248
8,82,8.501860833861972
8,83,9.52654274903321
8,84,6.348250153782447
8,85,5.494430074588912
8,86,9.102393695758975
8,87,9.066520447276462
8,88,6.997960596707399
8,89,9.574977660820933
8,90,12.223198094967026
8,91,11.79235482085824
8,92,12.093818753772542
8,93,15.158849113902098
8,94,16.56256651921625
8,95,16.598332188107996
8,96,18.18419083542752
8,97,20.67284967205965
8,98,21.69056995273512
8,99,22.60302618830271
8,100,24.448577906103505
8,101,26.357014334865287
8,102,27.3122059212112
8,103,25.94965771258978
9,1,10.76280800270887
9,2,11.189983857465144
9,3,9.95689725738053
9,4,8.652077872898268
9,5,6.3141337426821975
9,6,5.227436463048261
9,7,5.441209693849234
9,8,3.7795929795084344
9,10,3.785262220609883
9,11,5.3570538918396196
9,12,5.053256988967426
9,13,6.384482705933699
9,14,8.555933599833022
9,15,9.81258816334444
9,16,10.833320569479781
9,17,12.581834366437068
9,18,14.231789914915028
9,19,15.418136187002727
9,20,17.052720399531665
9,21,18.59720240729813
9,22,19.563005548811365
9,23,21.29495220212152
9,24,23.06093307150301
9,25,24.162781935778895
9,26,25.33725729197258
9,27,27.720617562251554
9,28,28.929397057055528
9,29,29.65388974676292
9,30,31.234718625431405
9,31,33.541263431745605
9,32,36.79813461305529
9,33,36.79082209168055
9,34,39.45483442496776
9,35,38.1039917753263
9,36,34.36349175435827
9,37,32.508244656737276
9,38,29.00723803906468
9,39,30.395345629430068
9,40,29.073622501471547
9,41,25.539687088544202
9,42,24.91768342921829
9,43,25.671961028895065
9,44,24.056852368286986
9,45,20.67896561388418
9,46,21.505615192354966
9,47,22.619699925266403
9,48,19.340120813013762
9,49,17.440629149910972
9,50,20.138061309470874
9,51,20.040057834030605
9,52,16.33308463996274
9,53,16.839666643320804
9,54,20.136015795323956
9,55,22.203439923054976
9,56,24.628923982656975
9,57,27.201875634778126
9,58,29.33471865160507
9,59,29.891391346788573
9,60,28.54199490435675
9,61,28.103604889320422
9,62,28.93835053423546
9,63,32.47815479212037
9,64,32.3327187902872
9,65,31.428031073613084
9,66,28.814184496415475
9,67,27.47118291417814
9,68,27.14495652494945
9,69,25.54940770972337
9,70,22.92359260641679
9,71,22.49409114668882
9,72,22.02308265831427
9,73,19.09613578834974
9,74,17.44940586529133
9,75,18.35940374482828
9,76,17.079231287981184
9,77,13.689037965053696
9,78,13.42274699485705
9,79,14.934049325045976
9,80,12.849079112763716
9,81,9.461378978320285
9,82,10.886682265245009
9,83,12.722915335347722
9,84,9.87245258162842
9,85,8.737647507198332
9,86,12.47196555096644
9,87,12.796274893443636
9,88,10.40951166787652
9,89,12.554048390682219
9,90,15.576620675635274
9,91,14.96571907882966
9,92,14.64615125602552
9,93,17.88808652361552
9,94,19.568300069995992
9,95,19.13299463851492
9,96,20.40553320737953
9,97,23.263159413626948
9,98,24.306910501560868
9,99,24.74808711710247
9,100,26.63451995921724
9,101,28.851560667399212
9,102,29.55071550213508
9,103,28.39447544361027
10,1,12.514499147635426
10,2,12.58822463205115
10,3,10.37967765248593
10,4,9.737444459891712
10,5,8.621183621685699
10,6,6.173477799434779
10,7,4.958408230784508
10,8,5.438056059909296
10,9,3.785262220609883
10,11,3.789232985181167
10,12,5.316131520584313
10,13,5.227671968478917
10,14,6.0333741831985535
10,15,8.478975269941243
10,16,9.95304586244369
10,17,10.59641046680779
10,18,12.150354094010066
10,19,14.165325141592007
10,20,15.61039098337941
10,21,16.457314077353598
10,22,17.67760139250416
10,23,19.87187281969932
10,24,21.238214019921475
10,25,21.978687954297772
10,26,23.52224128772174
10,27,26.038903099980146
10,28,26.818937827676507
10,29,27.4796675342905
10,30,29.426381407176347
10,31,31.750960205762514
10,32,34.84650114810181
10,33,34.99295468557243
10,34,37.89619403333049
10,35,36.8609276137111
10,36,33.08229735493574
10,37,31.569557592621237
10,38,27.920407317223585
10,39,29.1522788220732
10,40,28.087778710432307
10,41,24.584220409596778
10,42,24.532230426306032
10,43,25.342175349441977
10,44,23.242027644334783
10,45,20.126320203271028
10,46,21.491588780012023
10,47,22.20072201058931
10,48,18.627890898500407
10,49,17.443656931429107
10,50,20.323820746313267
10,51,19.611839577269283
10,52,15.932339817812142
10,53,17.234977667670194
10,54,20.18104992999408
10,55,22.687777428353783
10,56,24.65821557913834
10,57,27.519523055351065
10,58,29.224200832829865
10,59,29.838360969810896
10,60,28.051007078988395
10,61,27.19956530056948
10,62,27.546642860257652
10,63,30.936714298021645
10,64,30.3869984383633
10,65,29.20493749416694
10,66,26.438758949626642
10,67,25.492947424841507
10,68,25.2701052225602
10,69,23.277482707794878
10,70,20.741365168186768
10,71,20.834870337775005
10,72,20.1822493092518
10,73,16.914881792623536
10,74,15.853634686634066
10,75,17.19867275226383
10,76,15.522518428522105
10,77,12.014742546068383
10,78,12.79115596028776
10,79,14.488579723622433
10,80,11.905201755961498
10,81,9.06377571360595
10,82,11.670376219374939
10,83,13.140777647446406
10,84,10.215237807180587
10,85,10.461132968913894
10,86,14.140960782023296
10,87,13.944802040947895
10,88,12.205712951535986
10,89,15.002541801089173
10,90,17.511087996804985
10,91,16.69873567907294
10,92,17.09100127473145
10,93,20.394702584076455
10,94,21.562103806184382
10,95,21.21100101466686
10,96,22.97874895606672
10,97,25.679199687823907
10,98,26.354989240909326
10,99,27.06524648943777
10,100,29.222147052471286
10,101,31.138824077470186
10,102,31.731173142845943
10,103,30.195810716041034
11,1,14.965496026869884
11,2,14.352352968025386
11,3,11.853127834472208
11,4,10.115130540656132
11,5,9.67590008467722
11,6,8.455762963115838
11,7,5.825748535444903
11,8,4.980698851390116
11,9,5.3570538918396196
11,10,3.789232985181167
11,12,3.798865417591077
11,13,5.63904562313366
11,14,5.089728394459731
11,15,6.0534100108236615
11,16,8.69790407260814
11,17,9.829100953870084
11,18,10.269021671819848
11,19,12.126502995385891
11,20,14.375782038192613
11,21,15.18210222733526
11,22,15.626451032646203
11,23,17.982697743877235
11,24,19.83320537746806
11,25,20.269176869618825
11,26,21.331866873852952
11,27,24.132623745501657
11,28,25.147344161818694
11,29,25.409225695937007
11,30,27.136331844859658
11,31,29.74340074816127
11,32,32.78238633225229
11,33,32.58491536046805
11,34,35.403820989694125
11,35,34.19729362244661
11,36,30.479497367313407
11,37,29.026278038952178
11,38,25.472483633500374
11,39,27.091012213611958
11,40,26.344845069406457
11,41,23.069831762211283
11,42,22.982674203796897
11,43,23.269982479499298
11,44,21.08433871899018
11,45,18.175664054125434
11,46,19.19729370316519
11,47,19.496762113478606
11,48,15.939710287112446
11,49,14.70758538067605
11,50,17.244990266909323
11,51,16.28905625265481
11,52,12.539889212668388
11,53,13.808148743844232
11,54,16.56894755929559
11,55,19.253659471018068
11,56,21.22957899675249
11,57,24.24037890429695
11,58,25.93797091241026
11,59,26.832395326767376
11,60,25.12028054315265
11,61,24.13701653636896
11,62,24.626755745430092
11,63,27.999396638572378
11,64,27.655552950052336
11,65,26.476954687228584
11,66,23.985853881996896
11,67,22.881121968307102
11,68,22.296199487431565
11,69,20.482883389437823
11,70,18.12306201937991
11,71,17.77710701050958
11,72,16.94544896266512
11,73,13.953241049971444
11,74,12.732879398333287
11,75,13.646184949560707
11,76,11.983185709670487
11,77,8.573949245810452
11,78,9.12529563681331
11,79,10.702672952341075
11,80,8.271535890071451
11,81,5.330895583765375
11,82,8.27614497738234
11,83,9.852557717218566
11,84,7.506559436130811
11,85,8.261241792864672
11,86,11.775199292251601
11,87,12.018419114970701
11,88,11.182132550635789
11,89,13.822727283470472
11,90,16.132684612663873
11,91,16.038254525944055
11,92,16.85672487314557
11,93,19.717137759699433
11,94,20.91735344249758
11,95,21.242630257720833
11,96,23.025799999581064
11,97,25.316141956652608
11,98,26.253117775780556
11,99,27.39748010235739
11,100,29.27287474248334
11,101,31.01126830887633
11,102,32.0245340006347
11,103,30.44287390189589
12,1,15.790555905429851
12,2,15.876029249303487
12,3,14.116345522843314
12,4,12.17927378485953
12,5,10.638303736765229
12,6,9.899050796368003
12,7,8.454598233945552
12,8,6.212813112152955
12,9,5.053256988967426
12,10,5.316131520584313
12,11,3.798865417591077
12,13,3.7955900108042933
12,14,5.343534651557062
12,15,5.050366325883185
12,16,6.32678768371389
12,17,8.69281327081826
12,18,9.79383406780427
12,19,10.547249051179437
12,20,12.618411078153013
12,21,14.336283637430308
12,22,14.858315100102772
12,23,16.492232220851164
12,24,18.5777488593241
12,25,19.66341997581481
12,26,20.525964483137265
12,27,22.94664570143067
12,28,24.382645213692093
12,29,25.007554405208158
12,30,26.378248408345616
12,31,28.744600385243984
12,32,32.02737986812808
12,33,31.900673404505476
12,34,34.48260707681925
12,35,33.067610766248556
12,36,29.337470737940745
12,37,27.473653857798205
12,38,23.98929088976848
12,39,25.496982802305503
12,40,24.32122985589942
12,41,20.91285377255763
12,42,20.357976900220454
12,43,20.85543215574703
12,44,19.12107307704787
12,45,15.846186981283148
12,46,16.68195306380922
12,47,17.61040181883335
12,48,14.289175435271588
12,49,12.528995194124523
12,50,15.37624909085119
12,51,15.19297143971493
12,52,11.572457677987511
12,53,12.525536909763604
12,54,15.822872715408531
12,55,17.905340534614265
12,56,20.004851467724293
12,57,22.60891755466571
12,58,24.536598248230142
12,59,25.014789907494034
12,60,23.533741195537477
12,61,23.09310401092777
12,62,23.970235572856225
12,63,27.558339956408773
12,64,27.557096587795765
12,65,26.889997130838818
12,66,24.329886850364325
12,67,22.713387907673404
12,68,22.468942163449746
12,69,21.17798076865778
12,70,18.373121775703165
12,71,17.75046843743268
12,72,17.674518516997345
12,73,14.893413536275435
12,74,12.773796200901565
12,75,13.934294243169543
12,76,13.288233462067288
12,77,9.717423234525446
12,78,9.144026347375599
12,79,11.521148997977441
12,80,10.24021810154986
12,81,6.6355986434465155
12,82,8.42928056105414
12,83,11.20078309854507
12,84,9.567859602794965
12,85,8.928531167719811
12,86,12.554456536512191
12,87,13.77228088427952
12,88,12.583071492433879
12,89,14.40074834172972
12,90,17.31274486561114
12,91,17.632924025437312
12,92,17.74858223076324
12,93,20.45244147366498
12,94,22.265972968759275
12,95,22.56145426900038
12,96,23.784212472137956
12,97,26.233042345179907
12,98,27.60547430261553
12,99,28.44826892418607
12,100,30.00664164891854
12,101,32.10099848997897
12,102,33.22785402716363
12,103,32.038650044577174
13,1,16.594332294091608
13,2,17.229477064093043
13,3,15.43125391620001
13,4,14.334336998953635
13,5,12.626063616120529
13,6,10.834048122609317
13,7,9.902368105269217
13,8,8.8218303670935
13,9,6.384482705933699
13,10,5.227671968478917
13,11,5.63904562313366
13,12,3.7955900108042933
13,14,3.7868390478228378
13,15,5.439274541770696
13,16,5.144713901164957
13,17,6.345203675092239
13,18,8.732382087776623
13,19,9.926898436390546
13,20,10.905656984880226
13,21,12.466614108717401
13,22,13.919363853753646
13,23,15.483684447308868
13,24,16.88679779688685
13,25,18.231743223103177
13,26,19.71375550725407
13,27,21.819682919519188
13,28,22.898468231707994
13,29,23.971875511104994
13,30,25.654642299795757
13,31,27.680834299667772
13,32,30.986394659809957
13,33,31.304300821663396
13,34,34.03930080849843
13,35,32.95042101964869
13,36,29.14683312955616
13,37,27.36622714695906
13,38,23.72172584910449
13,39,24.690738820677023
13,40,23.291420633862867
13,41,19.67757746984297
13,42,19.502811804097167
13,43,20.607825296200723
13,44,18.695803749062716
13,45,15.394133134557306
13,46,17.016664609498086
13,47,18.15118055745545
13,48,14.71082676429045
13,49,13.63178171614975
13,50,16.988727760934108
13,51,16.71046698067042
13,52,13.391329683054485
13,53,15.058841939306745
13,54,18.218435972609647
13,55,20.278805562881356
13,56,21.897647878122957
13,57,24.422234385645666
13,58,25.990731730342073
13,59,26.07921717205061
13,60,24.224249747177986
13,61,23.753302942299367
13,62,24.21858313590997
13,63,27.767027874577348
13,64,27.40695524070043
13,65,26.767521997090174
13,66,23.82333612775821
13,67,22.417157234333715
13,68,22.742690728104414
13,69,21.23023335753325
13,70,18.13488963301843
13,71,18.229400846607923
13,72,18.50860204665951
13,73,15.310790463285256
13,74,13.47406036716609
13,75,15.52868245712677
13,76,14.942162816803746
13,77,11.135130987365025
13,78,11.441524586934213
13,79,14.297755670182362
13,80,12.842391886635559
13,81,9.667602753301145
13,82,12.023733228386426
13,83,14.638683821094517
13,84,12.799594402810193
13,85,12.537936129427882
13,86,16.22980046561228
13,87,17.1038932307559
13,88,15.700947111973843
13,89,17.7866651696522
13,90,20.69592170293001
13,91,20.606654272458805
13,92,20.661392601285026
13,93,23.64049750133996
13,94,25.337126201694588
13,95,25.27213257661966
13,96,26.585262562761176
13,97,29.261180120747934
13,98,30.41069234098243
13,99,31.04287901265336
13,100,32.82723627347181
13,101,34.98712915565169
13,102,35.83315125506864
13,103,34.580512172518674
14,1,18.51500345709195
14,2,18.516626993539347
14,3,16.032598669214792
14,4,14.917052963635618
14,5,14.14019673379263
14,6,12.169825671623018
14,7,10.149074099719053
14,8,9.78285230351361
14,9,8.555933599833022
14,10,6.0333741831985535
14,11,5.089728394459731
14,12,5.343534651557062
14,13,3.7868390478228378
14,15,3.822659257379004
14,16,5.393963173543635
14,17,4.987740365544322
14,18,6.165886697634888
14,19,8.594864169466272
14,20,10.00637443930737
14,21,10.503138194725661
14,22,11.695042681800722
14,23,14.042424955057772
14,24,15.323096890999045
14,25,15.950829037569216
14,26,17.54573286821245
14,27,20.062286959593344
14,28,20.796643224239183
14,29,21.482603263618724
14,30,23.456120840691597
14,31,25.738126552061882
14,32,28.821418298704955
14,33,29.04862833510824
14,34,31.999040222267798
14,35,31.119985072829795
14,36,27.32026940141361
14,37,25.96529843470664
14,38,22.23707988373552
14,39,23.33761506752414
14,40,22.47927952741371
14,41,19.095926834041126
14,42,19.52173331396128
14,43,20.263382306909666
14,44,17.770136631609827
14,45,14.971990155012563
14,46,16.863877734024424
14,47,17.219949455636716
14,48,13.497857613906778
14,49,13.198124693216863
14,50,16.36704296458193
14,51,15.262705755391607
14,52,11.990780489873929
14,53,14.3544397392912
14,54,16.949122912418016
14,55,19.530168709772443
14,56,20.741564877508505
14,57,23.641212778434177
14,58,24.80415326233426
14,59,25.197589265132912
14,60,22.984102307290783
14,61,21.96042354442952
14,62,21.992121032176946
14,63,25.358758302579318
14,64,24.687380820011203
14,65,23.69854538747424
14,66,20.763712446554557
14,67,19.722741738946038
14,68,19.879059157292833
14,69,17.99822396233078
14,70,15.123252441008981
14,71,15.543925684735097
14,72,15.457624091297605
14,73,12.019834264364269
14,74,10.81131703718666
14,75,13.087658499212976
14,76,12.079500869491131
14,77,8.30204339437125
14,78,9.697377498083947
14,79,12.50581356594986
14,80,10.774663241242449
14,81,8.443925478043708
14,82,11.620949122506648
14,83,13.721848551166424
14,84,12.142903636762066
14,85,12.970621421960812
14,86,16.396804596116457
14,87,16.940119756294088
14,88,16.258745000202037
14,89,18.74049628736599
14,90,21.150959378565258
14,91,21.12417947516714
14,92,21.839545089573033
14,93,24.718556970009228
14,94,26.004510688072845
14,95,26.24963931460488
14,96,27.964576450260978
14,97,30.352563619451256
14,98,31.29748767104696
14,99,32.328734670346876
14,100,34.22670332570724
14,101,36.05284171432602
14,102,36.9882855253127
14,103,35.40791664009809
15,1,20.41276045763876
15,2,20.216599993630243
15,3,17.8891757803049
15,4,16.01351668098228
15,5,15.20843727462814
15,6,14.11858408383045
15,7,11.865981880690077
15,8,10.40029215209825
15,9,9.81258816334444
15,10,8.478975269941243
15,11,6.0534100108236615
15,12,5.050366325883185
15,13,5.439274541770696
15,14,3.822659257379004
15,16,3.8062092323606067
15,17,5.31960838857905
15,18,4.953965976021654
15,19,6.083004029370538
15,20,8.693039439589265
15,21,9.85413960684799
15,22,9.939892836283564
15,23,11.987003869715073
15,24,14.114530330112341
15,25,14.810583112328208
15,26,15.622680037092472
15,27,18.255185836137997
15,28,19.578624102484614
15,29,20.013148711787885
15,30,21.476615463020483
15,31,23.954090626764692
15,32,27.136858570674274
15,33,26.998151875660607
15,34,29.70566086226142
15,35,28.479443434466486
15,36,24.720089109918092
15,37,23.15082590893631
15,38,19.55048873264053
15,39,21.071116359007
15,40,20.305407422056067
15,41,17.098448361849762
15,42,17.15834651326879
15,43,17.39326048748359
15,44,15.063481845374785
15,45,12.243997530526443
15,46,13.608861232575263
15,47,13.849747947423072
15,48,10.19050278933939
15,49,9.531436070706523
15,50,12.581039555041315
15,51,11.626119800351361
15,52,8.303045846739364
15,53,10.63944001236641
15,54,13.324501680520417
15,55,15.75126866353071
15,56,17.016310546116436
15,57,19.863316596557706
15,58,21.16789357245932
15,59,21.631552443165038
15,60,19.632417407213318
15,61,18.793877986151895
15,62,19.271086568480104
15,63,22.794080452384705
15,64,22.601841274250273
15,65,21.94487761289275
15,66,19.30935736562537
15,67,17.714667744795516
15,68,17.638109950478135
15,69,16.340497751450382
15,70,13.378986765783365
15,71,13.000212683640443
15,72,13.241523760046505
15,73,10.331086786971955
15,74,8.126444068748881
15,75,10.13517641111783
15,76,9.958865591598585
15,77,6.256293165543441
15,78,6.53964512735776
15,79,9.892441087406997
15,80,9.25282081824376
15,81,6.83817212910064
15,82,9.391413870711306
15,83,12.062854653106452
15,84,11.488906401690821
15,85,12.015555013799185
15,86,15.093453090398349
15,87,16.380235729520173
15,88,16.181472588458035
15,89,18.109470622125727
15,90,20.55705116160798
15,91,21.21654187753395
15,92,21.897487742396503
15,93,24.339253031090564
15,94,25.902892737792165
15,95,26.611381599976244
15,96,28.066229311046687
15,97,30.197586470615747
15,98,31.528745503724398
15,99,32.73163781475682
15,100,34.25942051269813
15,101,36.102868853546454
15,102,37.40617654025935
15,103,35.99139086306445
16,1,21.453869062164156
16,2,21.898991955401755
16,3,19.993507739240837
16,4,18.35827022326187
16,5,16.866626863456954
16,6,15.62448016340748
16,7,14.148638925905379
16,8,12.48581773938428
16,9,10.833320569479781
16,10,9.95304586244369
16,11,8.69790407260814
16,12,6.32678768371389
16,13,5.144713901164957
16,14,5.393963173543635
16,15,3.8062092323606067
16,17,3.8129822599014433
16,18,5.471046850214265
16,19,5.079582813377857
16,20,6.367580206595301
16,21,8.705376977455336
16,22,9.607099694511993
16,23,10.617335171618604
16,24,12.508801966943725
16,25,14.139418280617413
16,26,15.155439002615106
16,27,17.107601959636586
16,28,18.628106812009047
16,29,19.739028252699523
16,30,21.02922964299707
16,31,23.01045943485399
16,32,26.43274745353983
16,33,26.652528808480945
16,34,29.20822275950202
16,35,27.995005161280865
16,36,24.20476462423599
16,37,22.28361736018339
16,38,18.674459245277674
16,39,19.69128126714734
16,40,18.303441343610963
16,41,14.777831521106412
16,42,14.59397170755621
16,43,15.51427398753848
16,44,13.561147571590737
16,45,10.269843221074082
16,46,12.070232018266514
16,47,13.19796575388596
16,48,9.847230982483818
16,49,9.147747166432536
16,50,12.786086305055397
16,51,12.653106516502085
16,52,9.956066927977892
16,53,12.142113680978197
16,54,15.084414165762777
16,55,16.815234120107114
16,56,17.886978664764577
16,57,20.205350381145763
16,58,21.49392351544261
16,59,21.28522640043094
16,60,19.30653085707563
16,61,19.025738893385576
16,62,19.613991578650413
16,63,23.25304646016337
16,64,23.16271511229582
16,65,23.006766143858624
16,66,20.127395557702698
16,67,18.223403979928605
16,68,18.846622229106604
16,69,17.92749413881445
16,70,14.504780791602947
16,71,14.35552987380511
16,72,15.478376409370604
16,73,12.70405995782225
16,74,10.116472929255163
16,75,12.64591918190533
16,76,13.229224658479337
16,77,9.730800341063352
16,78,9.544896696694718
16,79,13.16583294485191
16,80,12.962959286558553
16,81,10.277187175777117
16,82,12.217481043220952
16,83,15.33446008016585
16,84,14.716641244218865
16,85,14.551523616284015
16,86,17.787370778088178
16,87,19.374688701754327
16,88,18.70574711079352
16,89,20.326477593532534
16,90,23.166443916610884
16,91,23.79441627494394
16,92,23.980595832553814
16,93,26.499415903725357
16,94,28.39628471429723
16,95,28.85455070359715
16,96,29.99320059392156
16,97,32.37000655776719
16,98,33.86175431364721
16,99,34.73245162014845
16,100,36.17662231256802
16,101,38.30650297843107
16,102,39.521044200206894
16,103,38.34618514844335
17,1,22.733919631562507
17,2,23.14544806981302
17,3,20.876050618935658
17,4,19.755646304896036
17,5,18.62519476853157
17,6,16.70857953038227
17,7,15.051361129169544
17,8,14.302861383123735
17,9,12.581834366437068
17,10,10.59641046680779
17,11,9.829100953870084
17,12,8.69281327081826
17,13,6.345203675092239
17,14,4.987740365544322
17,15,5.31960838857905
17,16,3.8129822599014433
17,18,3.806458556354693
17,19,5.40317307462344
17,20,5.299561722735542
17,21,6.14661272341268
17,22,8.17649841066907
17,23,9.868275257962994
17,24,10.724869415906271
17,25,12.006055310421148
17,26,13.86956744097525
17,27,15.835533655761582
17,28,16.62992051698032
17,29,17.89427603272895
17,30,19.776488095770507
17,31,21.62525267265606
17,32,24.871726127628154
17,33,25.45510798904935
17,34,28.334442210773965
17,35,27.606883127262417
17,36,23.781843605910126
17,37,22.322088778490624
17,38,18.54147785389426
17,39,19.11514059654214
17,40,17.981217405482624
17,41,14.491587232454888
17,42,15.255359210090663
17,43,16.452451233017083
17,44,13.889742039119513
