1,2,3.8290818698807816
1,3,6.565119668986006
1,4,8.070095686516629
1,5,6.577814253581105
1,6,8.803269649832952
1,7,11.7296296393987
1,8,14.620733276932347
1,9,16.210754869279327
1,10,18.959558306380007
1,11,21.788561006915103
1,12,23.3599526906685
1,13,27.084723150702175
1,14,28.186164130108022
1,15,30.03091299003352
1,16,28.67868938840727
1,17,27.61307983317467
1,18,24.70770912858665
1,19,22.56669586164805
1,20,18.79168447654169
1,21,15.63334877808286
1,22,13.132967370826128
1,23,10.553728138163708
1,24,12.947667315215853
1,25,11.2838365007735
1,26,14.8082934146452
1,27,15.623579057558961
1,28,12.045313510508684
1,29,12.51027737562913
1,30,12.72629996177869
1,31,16.144683897852715
1,32,18.803125129493367
1,33,20.27667631837638
1,34,22.705613750246027
1,35,22.042813499015963
1,36,25.25899092269817
1,37,24.61288774954443
1,38,24.199235593458702
1,39,22.332019898671795
1,40,19.121323403411385
1,41,15.628709367391387
1,42,12.543989833065798
1,43,11.400114097944574
1,44,14.09303995931692
1,45,14.100276080668044
1,46,17.462444911631195
1,47,16.993785333627194
1,48,15.50384136363492
1,49,14.776388723631785
1,50,12.59234863829841
1,51,10.63987842775058
1,52,10.435722932813507
1,53,9.429479017312975
1,54,6.369119874056244
1,55,5.369363760367996
1,56,7.684230329536038
1,57,7.943823610090076
1,58,10.64611236738449
2,1,3.8290818698807816
2,3,3.821540363015818
2,4,5.5075570273311305
2,5,6.042710641138903
2,6,8.200924956307244
2,7,10.182949741063405
2,8,13.609104027779972
2,9,15.242374311417926
2,10,17.403312817492335
2,11,20.33046107741543
2,12,21.344557594094592
2,13,24.939616363804646
2,14,26.170016860615448
2,15,28.390347349362216
2,16,27.26199786855161
2,17,26.689842740107522
2,18,23.837010783185793
2,19,22.235163782255064
2,20,18.429234642068128
2,21,15.765473633582204
2,22,13.168053177304119
2,23,11.357541909262213
2,24,13.920231545235097
2,25,12.419663236992841
2,26,16.158740710436234
2,27,17.54321797448172
2,28,14.325017026067659
2,29,14.720616263805761
2,30,14.26758095387553
2,31,17.22580316736363
2,32,19.353252200183405
2,33,20.184352519849867
2,34,22.08260302687608
2,35,20.816732524555206
2,36,23.678402695821756
2,37,22.771728192606748
2,38,21.878588499141255
2,39,19.703671332565587
2,40,16.800402561768394
2,41,13.124750508239053
2,42,10.035630874751376
2,43,9.950135304096571
2,44,12.855349635009972
2,45,13.41412216407961
2,46,16.9440855868838
2,47,17.315143480157445
2,48,16.561529534941744
2,49,16.152395285041003
2,50,13.274005012595198
2,51,11.54854585924025
2,52,12.51347563983062
2,53,11.360461143557496
2,54,7.654521135023418
2,55,7.43671987000662
2,56,10.698743024238357
2,57,11.24789131640033
2,58,13.322119850404242
3,1,6.565119668986006
3,2,3.821540363015818
3,4,3.7907313481813913
3,5,5.5063572890290615
3,6,5.9028373104238065
3,7,7.460247935886178
3,8,11.158040956008048
3,9,13.436437551689824
3,10,15.442123734651592
3,11,18.767935827732032
3,12,19.508412585599796
3,13,22.98283862108215
3,14,24.695853120865777
3,15,27.07836454854958
3,16,26.44181622564872
3,17,26.09693352003713
3,18,23.649464980337534
3,19,22.366243485077977
3,20,18.702600783517713
3,21,16.180181337020883
3,22,13.049494921054302
3,23,11.307702607095719
3,24,13.129224175439955
3,25,11.235086745551778
3,26,14.797654390141552
3,27,16.92919853468567
3,28,14.222692807773718
3,29,15.214564450513317
3,30,14.933279385822415
3,31,17.39903058765255
3,32,19.42827078933648
3,33,19.664403394910806
3,34,21.395236682074376
3,35,20.00209492378306
3,36,22.62602520653572
3,37,22.09135372835226
3,38,20.768499313980822
3,39,18.123497725025892
3,40,15.2277609908029
3,41,11.490361431947527
3,42,9.29444019394561
3,43,9.272969816962599
3,44,12.77845702561341
3,45,14.374951171910796
3,46,18.119979118889265
3,47,18.93566112053603
3,48,18.178134364003107
3,49,18.488634999576238
3,50,15.69042343397946
3,51,13.397277140587407
3,52,14.737690642534195
3,53,14.3509713718352
3,54,10.648965787480396
3,55,9.459027021871925
3,56,12.720499484033205
3,57,14.106133893334762
3,58,16.49531899225137
4,1,8.070095686516629
4,2,5.5075570273311305
4,3,3.7907313481813913
4,5,3.8346776245704226
4,6,5.253496902073922
4,7,5.283538422063576
4,8,8.776494814047101
4,9,10.303518106901468
4,10,12.087935049681143
4,11,15.20362525566617
4,12,16.03950796478712
4,13,19.608865316426318
4,14,21.10533351458173
4,15,23.411591237683965
4,16,22.673230572259204
4,17,22.355319043919767
4,18,19.904780957866148
4,19,18.77792013944654
4,20,15.170032499624654
4,21,12.954834333384634
4,22,9.953714673602175
4,23,9.089472654335633
4,24,11.29751933249045
4,25,10.439237428275252
4,26,14.098501327375512
4,27,15.987652796187742
4,28,13.654542893039165
4,29,13.935302758961432
4,30,12.853933753104517
4,31,14.825053655784904
4,32,16.361594143477145
4,33,16.3009378410518
4,34,17.783962810197863
4,35,16.252210088521764
4,36,18.887537598684855
4,37,18.343651673767692
4,38,17.181376528385535
4,39,14.76211882289804
4,40,11.684607805031755
4,41,7.991568881154996
4,42,5.698779716119824
4,43,5.59070986512613
4,44,9.095499466200044
4,45,11.076467867404597
4,46,14.83715464357509
4,47,16.033862458645892
4,48,15.625495032445436
4,49,16.44630517414904
4,50,13.56949540186768
4,51,11.179680494101
4,52,13.317294335672045
4,53,13.3932557856677
4,54,9.804609967049036
4,55,8.720144315334782
4,56,12.315524344809019
4,57,14.266182274346416
4,58,16.139442308913765
5,1,6.577814253581105
5,2,6.042710641138903
5,3,5.5063572890290615
5,4,3.8346776245704226
5,6,3.8097154026344
5,7,5.694631835624686
5,8,8.25073078157115
5,9,9.665329453058652
5,10,12.446175038821014
5,11,15.423482570010034
5,12,17.10098358395075
5,13,20.842657536254514
5,14,22.150878323622656
5,15,23.936123279150944
5,16,22.927511042061393
5,17,21.969751023550646
5,18,19.47687951265961
5,19,17.67749839293246
5,20,14.034518947759931
5,21,11.08744710659763
5,22,7.821185753517237
5,23,5.8227823341018095
5,24,8.13816898476344
5,25,7.289551777297335
5,26,11.106311209953661
5,27,12.524587069013425
5,28,9.94565970451727
5,29,10.184351640489972
5,30,9.502003830529558
5,31,11.902228994110725
5,32,14.078677330717268
5,33,14.70329544487985
5,34,16.911774527341013
5,35,16.181613930408684
5,36,19.330780947665
5,37,19.19425118736338
5,38,18.71009777707249
5,39,16.78078277046934
5,40,13.276862979247133
5,41,10.01861653505234
5,42,7.779776064359123
5,43,5.580654924435129
5,44,8.945956049893299
5,45,10.398011106634591
5,46,14.150982453742616
5,47,14.50555907315496
5,48,13.271040361038718
5,49,14.189646856386847
5,50,11.958509886502023
5,51,8.891481685490904
5,52,10.381508516004239
5,53,11.159280276711304
5,54,8.01854641942381
5,55,5.696280164137442
5,56,8.917317624121656
5,57,11.444230255420784
5,58,13.656188248302392
6,1,8.803269649832952
6,2,8.200924956307244
6,3,5.9028373104238065
6,4,5.253496902073922
6,5,3.8097154026344
6,7,3.8099103965301886
6,8,6.346909620025001
6,9,9.110655429317331
6,10,12.017057945722254
6,11,15.500435333789511
6,12,17.027486629005818
6,13,20.602057781245886
6,14,22.486461264462367
6,15,24.3186290910597
6,16,23.859875759930134
6,17,23.007998472246225
6,18,21.033273356667895
6,19,19.446136280345456
6,20,16.099604902672567
6,21,13.258157501219818
6,22,9.56596785641922
6,23,7.341762540800078
6,24,7.858493679392917
6,25,5.824325554379056
6,26,9.223573573640795
6,27,11.692655739660717
6,28,9.759156272905852
6,29,11.165383739462284
6,30,11.303262773201656
6,31,13.169547073785719
6,32,15.454754482704415
6,33,15.580476978681718
6,34,17.78262259693327
6,35,17.175197070216544
6,36,20.090226369040877
6,37,20.49283658245175
6,38,19.645363730978104
6,39,17.276408587335126
6,40,13.792910685520404
6,41,10.680874660155716
6,42,9.641152909500967
6,43,7.539280098734045
6,44,11.19127105075414
6,45,13.418476807993148
6,46,17.14250590804202
6,47,17.64842058483347
6,48,16.2135788323924
6,49,17.538946229159695
6,50,15.595586189975872
6,51,12.288476083880884
6,52,13.499679846415816
6,53,14.668880726730952
6,54,11.667042160322643
6,55,8.861322388232455
6,56,11.372001857243186
6,57,14.175227191790665
6,58,16.85700230448546
7,1,11.7296296393987
7,2,10.182949741063405
7,3,7.460247935886178
7,4,5.283538422063576
7,5,5.694631835624686
7,6,3.8099103965301886
7,8,3.7959167119529873
7,9,6.530500500596009
7,10,8.705204711265761
7,11,12.372978120632508
7,12,13.483537719796129
7,13,16.965372152672888
7,14,19.043814442146346
7,15,21.091554886007373
7,16,20.95412331454097
7,17,20.51790713105309
7,18,18.823557880096537
7,19,17.83660339235008
7,20,14.735471070894313
7,21,12.62269891200223
7,22,9.080692378624606
7,23,8.356055288561972
7,24,8.831966008282158
7,25,8.056519263541537
7,26,10.93125897466743
7,27,13.50415512680876
7,28,12.32657194199329
7,29,13.162382939299025
7,30,12.451243764476509
7,31,13.410336082167856
7,32,14.84727357753105
7,33,14.076554888053893
7,34,15.614636697556968
7,35,14.523071965066169
7,36,17.047480746602666
7,37,17.543015553333632
7,38,16.35235581658868
7,39,13.773588411271101
7,40,10.38965041378054
7,41,7.5079087798740956
7,42,7.641119948962597
7,43,6.0629949429421135
7,44,9.566826333279337
7,45,12.627654664059841
7,46,16.227616031026134
7,47,17.476852608383503
7,48,16.674975672302352
7,49,18.499524082429932
7,50,16.3211645620001
7,51,13.201753281391206
7,52,15.268263872530298
7,53,16.531478342715264
7,54,13.480711560128974
7,55,11.23626560238805
7,56,14.092391382070103
7,57,17.006384641358316
7,58,19.20428501819801
8,1,14.620733276932347
8,2,13.609104027779972
8,3,11.158040956008048
8,4,8.776494814047101
8,5,8.25073078157115
8,6,6.346909620025001
8,7,3.7959167119529873
8,9,3.7923848890424536
8,10,6.488892446384745
8,11,10.102097864949492
8,12,11.784288334415697
8,13,15.160294604520898
8,14,17.327028690622452
8,15,18.914916462968787
8,16,19.008645382311716
8,17,18.309930068594582
8,18,17.147245003567672
8,19,16.182953982190433
8,20,13.622958096688997
8,21,11.764829324826508
8,22,8.38009071262005
8,23,8.263989579504422
8,24,7.497205305958783
8,25,7.738354819272793
8,26,9.562458107027071
8,27,12.067192343827642
8,28,11.964038420271168
8,29,12.648584363695383
8,30,11.900446496051782
8,31,11.84274783407994
8,32,12.943997245165871
8,33,11.67501765101213
8,34,13.253372684586477
8,35,12.72634734936202
8,36,15.238531557009638
8,37,16.50552034373304
8,38,15.684168341491876
8,39,13.503902144033466
8,40,10.036716945696744
8,41,8.395601123569708
8,42,9.596288586049317
8,43,7.268906785190125
8,44,9.823609612713701
8,45,13.131820289300318
8,46,16.32896459272468
8,47,17.514056147401075
8,48,16.545000919714393
8,49,19.024043604586705
8,50,17.406391187374094
8,51,14.06626389713172
8,52,16.11908464386288
8,53,18.104526080266112
8,54,15.591247693214008
8,55,13.031027690456197
8,56,15.30322202239163
8,57,18.689765882186098
8,58,20.771963452726304
9,1,16.210754869279327
9,2,15.242374311417926
9,3,13.436437551689824
9,4,10.303518106901468
9,5,9.665329453058652
9,6,9.110655429317331
9,7,6.530500500596009
9,8,3.7923848890424536
9,10,3.801666884681354
9,11,6.770048552231772
9,12,9.200656143767922
9,13,12.745684178444549
9,14,14.367500835049588
9,15,15.6227219721664
9,16,15.418596823787706
9,17,14.546170510941709
9,18,13.403736920904956
9,19,12.557300113685878
9,20,10.311259206616494
9,21,9.105662437074795
9,22,6.489860941444086
9,23,8.036933908910106
9,24,7.789552653704723
9,25,9.633383953751247
9,26,11.27967302884234
9,27,12.817429636064789
9,28,13.013610804760868
9,29,12.627194302218163
9,30,10.925563474735148
9,31,9.945779647682855
9,32,10.07322034892281
9,33,8.210585113169934
9,34,9.480375201656951
9,35,9.045068222837923
9,36,11.775809811267884
9,37,13.242428523397267
9,38,12.998812830259762
9,39,11.573914499397201
9,40,8.011714851352206
9,41,7.50600712601991
9,42,9.082032657694617
9,43,6.546082377845256
9,44,7.613839176905008
9,45,10.987439896258081
9,46,13.664291968305093
9,47,15.091691995923108
9,48,14.52039263502038
9,49,17.44691297752463
9,50,16.043608886101136
9,51,12.970325325564238
9,52,15.482112088969085
9,53,17.720039361850613
9,54,15.665998062928582
9,55,13.550007954802233
9,56,15.724814246178886
9,57,19.166856309644068
9,58,20.644341230366773
10,1,18.959558306380007
10,2,17.403312817492335
10,3,15.442123734651592
10,4,12.087935049681143
10,5,12.446175038821014
10,6,12.017057945722254
10,7,8.705204711265761
10,8,6.488892446384745
10,9,3.801666884681354
10,11,3.8421649603281964
10,12,5.457749942349162
10,13,8.993325693122829
10,14,10.855385278131891
10,15,12.522538231414384
10,16,12.830122725639455
10,17,12.777352030884305
10,18,12.110921002498106
10,19,12.391744510188985
10,20,10.776633827346773
10,21,10.869511976054305
10,22,9.1894769474288
10,23,11.475329925695679
10,24,11.56103954771144
10,25,13.363016375374682
10,26,14.917266818241352
10,27,16.50781170331919
10,28,16.808772559188537
10,29,16.24039786948474
10,30,14.150357341399298
10,31,12.786184540344042
10,32,11.919718552083037
10,33,9.097770251693076
10,34,8.765955280099455
10,35,7.218272943016058
10,36,8.964973924257702
10,37,10.57862666407465
10,38,9.825444259168046
10,39,8.356434725725897
10,40,5.32155666980572
10,41,6.484872798056607
10,42,9.364800840895178
10,43,8.221164049096329
10,44,8.344803406679649
10,45,11.971955449657187
10,46,14.134388832859658
10,47,16.33885086231255
10,48,16.567829116036318
10,49,19.560718309030467
10,50,17.89116255989146
10,51,15.337137904122176
10,52,18.309952317793844
10,53,20.26077154418022
10,54,18.112438650118676
10,55,16.540010376284307
10,56,19.01793540815491
10,57,22.265526792633164
10,58,23.42666729750256
11,1,21.788561006915103
11,2,20.33046107741543
11,3,18.767935827732032
11,4,15.20362525566617
11,5,15.423482570010034
11,6,15.500435333789511
11,7,12.372978120632508
11,8,10.102097864949492
11,9,6.770048552231772
11,10,3.8421649603281964
11,12,3.7830437382224
11,13,6.8982440123977335
11,14,7.7802697107209955
11,15,8.879774667421207
11,16,9.0652268835932
11,17,9.129067458190349
11,18,9.01614511562805
11,19,10.096893036893896
11,20,9.583072943506059
11,21,10.935967559641991
11,22,10.557219099385817
11,23,13.597348863424568
11,24,13.827657591286243
11,25,16.273836528811948
11,26,17.572657382186705
11,27,18.574160107008527
11,28,19.154106058656268
11,29,17.986220339835477
11,30,15.428834951102578
11,31,13.352392906324207
11,32,11.405458592221514
11,33,7.9308233444264395
11,34,6.103374360940431
11,35,4.2250142208089665
11,36,5.362775774160195
11,37,7.774326651531071
11,38,7.925832216067735
11,39,7.987764456455527
11,40,6.060241136912585
11,41,8.73366706904396
11,42,11.495234970775048
11,43,10.573929077832721
11,44,9.272133247512325
11,45,12.316633677335965
11,46,13.466911386175461
11,47,15.909725104681682
11,48,16.645042592635136
11,49,19.9015930704266
11,50,18.5462548744188
11,51,16.46032040455809
11,52,19.595561697736603
11,53,21.666144476774623
11,54,19.986527828307334
11,55,18.780772022669044
11,56,21.041548660062254
11,57,24.235572253854055
11,58,24.907260977317847
12,1,23.3599526906685
12,2,21.344557594094592
12,3,19.508412585599796
12,4,16.03950796478712
12,5,17.10098358395075
12,6,17.027486629005818
12,7,13.483537719796129
12,8,11.784288334415697
12,9,9.200656143767922
12,10,5.457749942349162
12,11,3.7830437382224
12,13,3.8002846302088287
12,14,5.701561267962199
12,15,8.223511157261429
12,16,9.371943673279304
12,17,10.854444251479876
12,18,11.010491459240383
12,19,12.936208626142363
12,20,12.43493123680872
12,21,14.016794965091915
12,22,13.48017583175516
12,23,16.37767889682464
12,24,16.819607299648517
12,25,18.797550032115122
12,26,20.312914314261825
12,27,21.73654502273659
12,28,22.10751363522427
12,29,21.180961187466707
12,30,18.640114553578506
12,31,16.900959995001955
12,32,15.036150774317397
12,33,11.639390026983671
12,34,9.402035905285489
12,35,6.587620912331604
12,36,5.658049331768598
12,37,7.303915709355007
12,38,5.7969814703732006
12,39,5.221790313808013
12,40,5.0345027061670855
12,41,8.515397032583524
12,42,11.914701635153985
12,43,12.148247543159925
12,44,11.09542466340985
12,45,14.285482406056971
12,46,15.438718518453138
12,47,18.392886060794726
12,48,19.572010183357072
12,49,22.55667029097743
12,50,20.74176510291853
12,51,18.93402355983913
12,52,22.298426648666744
12,53,23.94340145631386
12,54,21.899727028229393
12,55,20.991877540584536
12,56,23.65189891054096
12,57,26.64845714577862
12,58,27.31935282252541
13,1,27.084723150702175
13,2,24.939616363804646
13,3,22.98283862108215
13,4,19.608865316426318
13,5,20.842657536254514
13,6,20.602057781245886
13,7,16.965372152672888
13,8,15.160294604520898
13,9,12.745684178444549
13,10,8.993325693122829
13,11,6.8982440123977335
13,12,3.8002846302088287
13,14,3.7886553887527077
13,15,6.5986808895481035
13,16,9.090240666787764
13,17,11.492541361712044
13,18,12.612270863451064
13,19,15.225112850089973
13,20,15.43595913731114
13,21,17.435449133085438
13,22,17.166666421943173
13,23,20.10974758752765
13,24,20.35332080792838
13,25,22.33262421568317
13,26,23.586082717236906
13,27,25.047742398557304
13,28,25.67163647266743
13,29,24.7699071620251
13,30,22.237402131218655
13,31,20.23987293548657
13,32,18.071356105698424
13,33,14.464826926742582
13,34,11.669137794448938
13,35,9.11562220612232
13,36,6.600432819266419
13,37,8.413571270306862
13,38,6.725005805894909
13,39,6.897128740983585
13,40,8.350092982320671
13,41,11.921254479328235
13,42,15.404327241329343
13,43,15.917556741271547
13,44,14.733523935546254
13,45,17.719575371020827
13,46,18.44617467398374
13,47,21.525019525329174
13,48,22.921373858329062
13,49,25.962910608801863
13,50,24.214843486978623
13,51,22.585616772852994
13,52,25.978889378599245
13,53,27.618393612673866
13,54,25.62009690167545
13,55,24.788157345517902
13,56,27.431192698019483
13,57,30.428136666496528
13,58,31.0165701423239
14,1,28.186164130108022
14,2,26.170016860615448
14,3,24.695853120865777
14,4,21.10533351458173
14,5,22.150878323622656
14,6,22.486461264462367
14,7,19.043814442146346
14,8,17.327028690622452
14,9,14.367500835049588
14,10,10.855385278131891
14,11,7.7802697107209955
14,12,5.701561267962199
14,13,3.7886553887527077
14,15,3.759317841716996
14,16,5.844608057609868
14,17,8.97502233777257
14,18,10.2628351182804
14,19,13.48463220245858
14,20,14.343306842919098
14,21,17.031590298608982
14,22,17.578828064585462
14,23,20.93448751270546
14,24,21.549974814907547
14,25,23.956727719121442
14,26,25.32794643963475
14,27,26.305146280133425
14,28,26.848276459560697
14,29,25.429951268332644
14,30,22.516728957469102
14,31,20.322076154420774
14,32,17.628720133645228
14,33,14.128081083328707
14,34,10.740611992749932
14,35,8.112368794107002
14,36,4.537619403876273
14,37,5.99213088424619
14,38,5.617670890701505
14,39,7.828620177764664
14,40,9.534663209627643
14,41,13.30732881397653
14,42,16.294148517944127
14,43,16.82648909245611
14,44,14.81806959178651
14,45,17.166756027763963
14,46,17.109296854066738
14,47,20.28136535456688
14,48,22.117005078373296
14,49,25.131688181616788
14,50,23.57289503575064
14,51,22.423134409912148
14,52,25.90325330963367
14,53,27.48944148423439
14,54,25.876864069362732
14,55,25.429689038691127
14,56,27.944969267218116
14,57,30.782348701731753
14,58,30.914876796614575
15,1,30.03091299003352
15,2,28.390347349362216
15,3,27.07836454854958
15,4,23.411591237683965
15,5,23.936123279150944
15,6,24.3186290910597
15,7,21.091554886007373
15,8,18.914916462968787
15,9,15.6227219721664
15,10,12.522538231414384
15,11,8.879774667421207
15,12,8.223511157261429
15,13,6.5986808895481035
15,14,3.759317841716996
15,16,3.794580075885513
15,17,6.689198267629578
15,18,9.219828455368045
15,19,12.550770451664022
15,20,14.352778582386781
15,21,17.320251413864536
15,22,18.365934319231926
15,23,21.837840484398498
15,24,22.176366228611
15,25,24.963420550534682
15,26,25.94351865349205
15,27,26.50214414868946
15,28,27.42019213222707
15,29,25.754098736272134
15,30,22.829582830066993
15,31,20.149423091117562
15,32,17.063844449560268
15,33,13.543058733343862
15,34,9.879606853231685
15,35,8.437295227358874
15,36,4.942068517646243
15,37,7.4291124181334185
15,38,8.68450450343627
15,39,11.280571864841795
15,40,12.309943768397002
15,41,15.97811925399205
15,42,18.7299288779893
15,43,18.658279308766
15,44,16.325810139922428
15,45,18.293265147499973
15,46,17.726520052658827
15,47,20.511973667000785
15,48,22.214816084978573
15,49,25.46687516062381
15,50,24.441474501016216
15,51,23.306314207896406
15,52,26.580415371293334
15,53,28.509550618940576
15,54,27.322492725895202
15,55,26.743491376998943
15,56,28.865490919362184
15,57,31.825060637697806
15,58,31.809128747557885
16,1,28.67868938840727
16,2,27.26199786855161
16,3,26.44181622564872
16,4,22.673230572259204
16,5,22.927511042061393
16,6,23.859875759930134
16,7,20.95412331454097
16,8,19.008645382311716
16,9,15.418596823787706
16,10,12.830122725639455
16,11,9.0652268835932
16,12,9.371943673279304
16,13,9.090240666787764
16,14,5.844608057609868
16,15,3.794580075885513
16,17,3.820052740278294
16,18,5.875452433084858
16,19,9.517041045734219
16,20,11.70460184775982
16,21,15.080693432643077
16,22,16.790198820791645
16,23,20.47250124781987
16,24,21.245045553780816
16,25,24.305081388525807
16,26,25.516849767384564
16,27,25.634390367160535
16,28,26.297801131130043
16,29,24.18978556682149
16,30,20.977397144213278
16,31,18.333613598018193
16,32,14.97938167995847
16,33,11.879877766579591
16,34,8.112060935918311
16,35,6.824564082906393
16,36,4.032860909214973
16,37,5.666341398683599
16,38,8.475950817650553
16,39,11.726230768019956
16,40,12.257573570018577
16,41,15.654226695091198
16,42,17.76513980206696
16,43,17.544675055727545
16,44,14.64671166142257
16,45,15.9358601498211
16,46,14.773575203267267
16,47,17.461604816085547
16,48,19.435547285201128
16,49,22.581744894600924
16,50,21.753303743769056
16,51,21.001421515502333
16,52,24.25057846298097
16,53,26.1069868487562
16,54,25.289002271320395
16,55,25.023187638028908
16,56,26.98151315463843
16,57,29.740670645311024
16,58,29.35791947823584
17,1,27.61307983317467
17,2,26.689842740107522
17,3,26.09693352003713
17,4,22.355319043919767
17,5,21.969751023550646
17,6,23.007998472246225
17,7,20.51790713105309
17,8,18.309930068594582
17,9,14.546170510941709
17,10,12.777352030884305
17,11,9.129067458190349
17,12,10.854444251479876
17,13,11.492541361712044
17,14,8.97502233777257
17,15,6.689198267629578
17,16,3.820052740278294
17,18,3.8179400125850202
17,19,6.66212667253167
17,20,9.601777675174343
17,21,12.917780643590504
17,22,15.032526825398342
17,23,18.665170499038272
17,24,19.256687055526058
17,25,22.618354242950144
17,26,23.56999069040848
17,27,23.215673405676117
17,28,24.07102030954374
17,29,21.721343629071207
17,30,18.555984237015508
17,31,15.592531897189707
17,32,12.016374368444623
17,33,9.19510338467546
17,34,5.649598530528798
17,35,6.210639437067757
17,36,5.604634027824932
17,37,7.66539049018809
17,38,10.930516038044265
17,39,13.804407452614504
17,40,13.307100390315814
17,41,16.220847349677975
17,42,17.898501502561665
17,43,16.909961745554472
17,44,13.903599552070084
17,45,14.793848323581635
17,46,13.437746174355887
17,47,15.453457221016036
17,48,17.005644710248976
17,49,20.37276134029018
17,50,20.111268145033616
17,51,19.214472653399543
17,52,22.131052070390805
17,53,24.354077451942683
17,54,23.953202574821034
17,55,23.472239937700873
17,56,24.975159136845114
17,57,27.831492315359466
17,58,27.40137774740529
18,1,24.70770912858665
18,2,23.837010783185793
18,3,23.649464980337534
18,4,19.904780957866148
18,5,19.47687951265961
18,6,21.033273356667895
18,7,18.823557880096537
18,8,17.147245003567672
18,9,13.403736920904956
18,10,12.110921002498106
18,11,9.01614511562805
18,12,11.010491459240383
18,13,12.612270863451064
18,14,10.2628351182804
18,15,9.219828455368045
18,16,5.875452433084858
18,17,3.8179400125850202
18,19,3.8226944836329086
18,20,6.385101588694941
18,21,10.04691978659885
18,22,12.589246333308761
18,23,16.337649779725332
18,24,17.580154650673524
18,25,20.924740462981166
18,26,22.365584799050378
18,27,21.877577464016245
18,28,22.18757876964457
18,29,19.578827080483357
18,30,16.12245787465152
18,31,13.613263571800989
18,32,10.126213156146786
18,33,7.974824382198916
18,34,5.0522814469233195
18,35,4.952183887435874
18,36,6.033715190343608
18,37,6.536307897752391
18,38,10.12112412116698
18,39,12.907515002945846
18,40,11.944546008482527
18,41,14.329175428158415
18,42,15.331363987236749
18,43,14.397771010484352
18,44,11.011707411583206
18,45,11.321073401604147
18,46,9.663475078450382
18,47,11.838298360222193
18,48,13.759255560411127
18,49,16.920365925971947
18,50,16.495824744166807
18,51,15.918224333394912
18,52,18.96218105028304
18,53,20.926727850811734
18,54,20.626273348074754
18,55,20.5053695451406
18,56,22.087132554581316
18,57,24.687665936544125
18,58,24.025433409527
19,1,22.56669586164805
19,2,22.235163782255064
19,3,22.366243485077977
19,4,18.77792013944654
19,5,17.67749839293246
19,6,19.446136280345456
19,7,17.83660339235008
19,8,16.182953982190433
19,9,12.557300113685878
19,10,12.391744510188985
19,11,10.096893036893896
19,12,12.936208626142363
19,13,15.225112850089973
19,14,13.48463220245858
19,15,12.550770451664022
19,16,9.517041045734219
19,17,6.66212667253167
19,18,3.8226944836329086
19,20,3.8272583804401488
19,21,7.147691586166555
19,22,10.240927919980354
19,23,13.797206984273974
19,24,15.085574387681367
19,25,18.618160646001172
19,26,19.987529773238613
19,27,19.022797323383656
19,28,19.263582474397904
19,29,16.365567562694363
19,30,12.894293759712857
19,31,10.319347013218602
19,32,6.765529672420399
19,33,5.771256857077025
19,34,4.800663340028706
19,35,6.353199054442022
19,36,8.987835726759004
19,37,9.58533142972113
19,38,12.798753812775452
19,39,14.93511857165678
19,40,13.06921862374466
19,41,14.61224739938953
19,42,14.933855693810159
19,43,13.215506157513243
19,44,9.928355938988618
19,45,9.58944894196145
19,46,7.963645128448796
19,47,9.08871065637137
19,48,10.398787602950163
19,49,13.791325050072286
19,50,13.929197253593225
19,51,13.156106182001798
19,52,15.819589416264005
19,53,18.118503066212423
19,54,18.240185413271572
19,55,17.936258744206995
19,56,19.055523825339726
19,57,21.689079663410215
19,58,20.999492772902382
20,1,18.79168447654169
20,2,18.429234642068128
20,3,18.702600783517713
20,4,15.170032499624654
20,5,14.034518947759931
20,6,16.099604902672567
20,7,14.735471070894313
20,8,13.622958096688997
20,9,10.311259206616494
20,10,10.776633827346773
20,11,9.583072943506059
20,12,12.43493123680872
20,13,15.43595913731114
20,14,14.343306842919098
20,15,14.352778582386781
20,16,11.70460184775982
20,17,9.601777675174343
20,18,6.385101588694941
20,19,3.8272583804401488
20,21,3.7952279300965888
20,22,6.9125928019595255
20,23,10.532683005910863
20,24,12.441889655630447
20,25,15.730995743589032
20,26,17.63218673330707
20,27,16.900078574903784
20,28,16.55351445827598
20,29,13.733958509406015
20,30,10.083643520207152
20,31,8.323007816894052
20,32,5.698228681369339
20,33,5.4776775184127615
20,34,6.004336084979131
20,35,6.440593418527929
20,36,9.909813520471017
20,37,9.92353539513918
20,38,12.367818852679497
20,39,13.707321468960574
20,40,11.205996776297873
20,41,11.886079800383532
20,42,11.596178950863118
20,43,9.691826141863654
20,44,6.407424411650313
20,45,5.942301702511664
20,46,5.3393152043472085
20,47,6.7011703291433315
20,48,7.872842507932018
20,49,11.19781389673218
20,50,10.731875967502864
20,51,9.633297932981439
20,52,12.624754771180887
20,53,14.759529405431108
20,54,14.547327892675318
20,55,14.280466048574711
20,56,15.719264033844599
20,57,18.323267307550598
20,58,17.82915919284591
21,1,15.63334877808286
21,2,15.765473633582204
21,3,16.180181337020883
21,4,12.954834333384634
21,5,11.08744710659763
21,6,13.258157501219818
21,7,12.62269891200223
21,8,11.764829324826508
21,9,9.105662437074795
21,10,10.869511976054305
21,11,10.935967559641991
21,12,14.016794965091915
21,13,17.435449133085438
21,14,17.031590298608982
21,15,17.320251413864536
21,16,15.080693432643077
21,17,12.917780643590504
21,18,10.04691978659885
21,19,7.147691586166555
21,20,3.7952279300965888
21,22,3.771556496534223
21,23,6.974421430288245
21,24,9.175852448123022
21,25,12.393385600042286
21,26,14.465026675151085
21,27,13.597454512735995
21,28,12.89732297572135
21,29,10.046160315369013
21,30,6.365898425534509
21,31,5.336822409498061
21,32,4.4792222452205435
21,33,5.920052417146985
21,34,8.253603133944722
21,35,9.014855132085236
21,36,12.776597241588975
21,37,12.995578215071614
21,38,14.778464005731196
21,39,15.257535624129067
21,40,12.090677430954154
21,41,11.676591831166698
21,42,10.719146238712977
21,43,7.875949395094464
21,44,5.718380491826234
21,45,5.21389882660523
21,46,6.4430304039524255
21,47,6.388860398229163
21,48,5.803842308560289
21,49,9.228916593933123
21,50,8.861915765631073
21,51,6.688413304160541
21,52,9.387535752003188
21,53,11.950605221828583
21,54,11.695421669459403
21,55,10.868238713367136
21,56,12.087028550013162
21,57,14.94729157064222
21,58,14.892803908380724
22,1,13.132967370826128
22,2,13.168053177304119
22,3,13.049494921054302
22,4,9.953714673602175
22,5,7.821185753517237
22,6,9.56596785641922
22,7,9.080692378624606
22,8,8.38009071262005
22,9,6.489860941444086
22,10,9.1894769474288
22,11,10.557219099385817
22,12,13.48017583175516
22,13,17.166666421943173
22,14,17.578828064585462
22,15,18.365934319231926
22,16,16.790198820791645
22,17,15.032526825398342
22,18,12.589246333308761
22,19,10.240927919980354
22,20,6.9125928019595255
22,21,3.771556496534223
22,23,3.7895357221615185
22,24,6.121544828923433
22,25,8.964017650221486
22,26,11.405754676746524
22,27,11.27882049827504
22,28,10.347339063285546
22,29,8.355655672380756
22,30,5.377270720972142
22,31,5.4315141623352075
22,32,6.4172696497167445
22,33,7.1530356276142495
22,34,9.772551628847342
22,35,10.097761362371738
22,36,13.79834910242513
22,37,14.276760075213506
22,38,15.184472596376997
22,39,14.71458207816894
22,40,11.098909818722134
22,41,9.854643684673068
22,42,8.915098907152709
22,43,5.310394601958213
22,44,5.162162734314209
22,45,6.408839285662382
22,46,9.163511598201175
22,47,9.399126320573101
22,48,8.204948186972652
22,49,11.015529686905154
22,50,10.021204545446292
22,51,6.798031531301828
22,52,9.2925460163943
22,53,11.823512058434412
22,54,10.623195708431238
22,55,8.87612106716239
22,56,10.585980554724301
22,57,13.868649701000514
22,58,14.736956650735266
23,1,10.553728138163708
23,2,11.357541909262213
23,3,11.307702607095719
23,4,9.089472654335633
23,5,5.8227823341018095
23,6,7.341762540800078
23,7,8.356055288561972
23,8,8.263989579504422
23,9,8.036933908910106
23,10,11.475329925695679
23,11,13.597348863424568
23,12,16.37767889682464
23,13,20.10974758752765
23,14,20.93448751270546
23,15,21.837840484398498
23,16,20.47250124781987
23,17,18.665170499038272
23,18,16.337649779725332
23,19,13.797206984273974
23,20,10.532683005910863
23,21,6.974421430288245
23,22,3.7895357221615185
23,24,3.79599518180044
23,25,5.780587251972164
23,26,8.68006653916684
23,27,8.640470021646452
23,28,6.910435020202211
23,29,5.597675405489554
23,30,4.125187494984677
23,31,6.153428088017742
23,32,8.827942591178473
23,33,10.21367787522222
23,34,13.236705857443809
23,35,13.735079037270411
23,36,17.367935363874643
23,37,17.90769903619163
23,38,18.474133439024335
23,39,17.488943293795703
23,40,13.743000129023107
23,41,11.720060624471671
23,42,10.292823626334833
23,43,6.554350014881639
23,44,8.101039350728504
23,45,9.026354322438024
23,46,12.096574631743932
23,47,11.603673571677074
23,48,9.466256628223848
23,49,11.505152741713523
23,50,10.677617448366563
23,51,6.901522420715845
23,52,8.085185898985493
23,53,10.729756026985012
23,54,9.332578809124488
23,55,6.449789922595701
23,56,7.788562883712041
23,57,11.413811016250223
23,58,13.124621683536585
24,1,12.947667315215853
24,2,13.920231545235097
24,3,13.129224175439955
24,4,11.29751933249045
24,5,8.13816898476344
24,6,7.858493679392917
24,7,8.831966008282158
24,8,7.497205305958783
24,9,7.789552653704723
24,10,11.56103954771144
24,11,13.827657591286243
24,12,16.819607299648517
24,13,20.35332080792838
24,14,21.549974814907547
24,15,22.176366228611
24,16,21.245045553780816
24,17,19.256687055526058
24,18,17.580154650673524
24,19,15.085574387681367
24,20,12.441889655630447
24,21,9.175852448123022
24,22,6.121544828923433
24,23,3.79599518180044
24,25,3.7793445612589966
24,26,5.328359999484377
24,27,5.5789551104426796
24,28,5.340643295527105
24,29,5.361246254966146
24,30,5.696952879334512
24,31,6.367128129211793
24,32,9.311256352985486
24,33,10.329773617520484
24,34,13.612980569580253
24,35,14.698179371692934
24,36,18.1824695340119
24,37,19.438021425468868
24,38,19.95590584485031
24,39,18.84642568239453
24,40,15.090158004222845
24,41,13.446750119354922
24,42,12.895196271428619
24,43,9.136665174443525
24,44,10.82334043183239
24,45,12.31350240282008
24,46,15.11875582325108
24,47,14.586760048004102
24,48,12.15735187107111
24,49,14.554473988913063
24,50,14.256218913971317
24,51,10.481942684359721
24,52,11.055454157566144
24,53,14.043914488718974
24,54,12.831054723562684
24,55,9.50509171469128
24,56,10.008145617529992
24,57,13.853949739501234
24,58,15.981135230035257
25,1,11.2838365007735
25,2,12.419663236992841
25,3,11.235086745551778
25,4,10.439237428275252
25,5,7.289551777297335
25,6,5.824325554379056
25,7,8.056519263541537
25,8,7.738354819272793
25,9,9.633383953751247
25,10,13.363016375374682
25,11,16.273836528811948
25,12,18.797550032115122
25,13,22.33262421568317
25,14,23.956727719121442
25,15,24.963420550534682
25,16,24.305081388525807
25,17,22.618354242950144
25,18,20.924740462981166
25,19,18.618160646001172
25,20,15.730995743589032
25,21,12.393385600042286
25,22,8.964017650221486
25,23,5.780587251972164
25,24,3.7793445612589966
25,26,3.835457717524561
25,27,5.884349884185904
25,28,4.60628965222099
25,29,6.8388767946520765
25,30,8.391409379421297
25,31,9.982458420438556
25,32,13.052355670156073
25,33,13.927943706650911
25,34,16.99591913836677
25,35,17.65134420293805
25,36,20.96662430642057
25,37,22.06516217154391
25,38,22.06115119096764
25,39,20.377734863520562
25,40,16.64407484692231
25,41,14.374129105189466
25,42,13.614311212109977
25,43,10.271366458335713
25,44,12.924299843121922
25,45,14.585237696803087
25,46,17.806478399325933
25,47,17.346629058413534
25,48,14.900256430335665
25,49,16.669875166788252
25,50,15.992443504125346
25,51,12.224585648253687
25,52,12.361613615599836
25,53,14.768309737332956
25,54,13.019415762300339
25,55,9.33378479854098
25,56,9.945540524572479
25,57,13.52076939539719
25,58,16.35556684098513
26,1,14.8082934146452
26,2,16.158740710436234
26,3,14.797654390141552
26,4,14.098501327375512
26,5,11.106311209953661
26,6,9.223573573640795
26,7,10.93125897466743
26,8,9.562458107027071
26,9,11.27967302884234
26,10,14.917266818241352
26,11,17.572657382186705
26,12,20.312914314261825
26,13,23.586082717236906
26,14,25.32794643963475
26,15,25.94351865349205
26,16,25.516849767384564
26,17,23.56999069040848
26,18,22.365584799050378
26,19,19.987529773238613
26,20,17.63218673330707
26,21,14.465026675151085
26,22,11.405754676746524
26,23,8.68006653916684
26,24,5.328359999484377
26,25,3.835457717524561
26,27,3.823509556871599
26,28,5.142850811354716
26,29,7.922446241908742
26,30,10.197953794405755
26,31,10.908580706387827
26,32,13.949768476055109
26,33,14.75583315926385
26,34,17.96420503808513
26,35,19.20533126417453
26,36,22.404684020857452
26,37,24.03470869648924
26,38,24.20399184787145
26,39,22.657298926612143
26,40,18.993592413680684
26,41,17.20633208002276
26,42,16.96542532196583
26,43,13.522792560576963
26,44,15.81481528081062
26,45,17.533353925197083
26,46,20.43841188381779
26,47,19.767631127127363
26,48,17.040652104421536
26,49,19.111036973420987
26,50,18.991003931784928
26,51,15.203936805199405
26,52,14.98131185956014
26,53,17.793990212609856
26,54,16.496069816429593
26,55,12.750099821987746
26,56,12.585144083036655
26,57,16.192104168345757
26,58,19.044405760713225
27,1,15.623579057558961
27,2,17.54321797448172
27,3,16.92919853468567
27,4,15.987652796187742
27,5,12.524587069013425
27,6,11.692655739660717
27,7,13.50415512680876
27,8,12.067192343827642
27,9,12.817429636064789
27,10,16.50781170331919
27,11,18.574160107008527
27,12,21.73654502273659
27,13,25.047742398557304
27,14,26.305146280133425
27,15,26.50214414868946
27,16,25.634390367160535
27,17,23.215673405676117
27,18,21.877577464016245
27,19,19.022797323383656
27,20,16.900078574903784
27,21,13.597454512735995
27,22,11.27882049827504
27,23,8.640470021646452
27,24,5.5789551104426796
27,25,5.884349884185904
27,26,3.823509556871599
27,28,3.8040954609762667
27,29,5.613827801438868
27,30,8.479125727347327
27,31,9.096340303876499
27,32,12.454631582782033
27,33,14.094551177708693
27,34,17.674858549688487
27,35,19.47248104746182
27,36,22.910576033057616
27,37,24.519647092670482
27,38,25.256659619317777
27,39,24.226771130779266
27,40,20.50989359920365
27,41,18.941604893531906
27,42,18.356729850224763
27,43,14.63280040877486
27,44,16.254977958051143
27,45,17.257275766883357
27,46,19.699695665750472
27,47,18.39032180755006
27,48,15.234675083206639
27,49,17.28110122859057
27,50,17.893760432272984
27,51,14.26211848828248
27,52,13.42575456450164
27,53,16.659396495432286
27,54,16.190202681242152
27,55,12.569562250548854
27,56,11.440223076005157
27,57,15.05007195362844
27,58,17.55703556893669
28,1,12.045313510508684
28,2,14.325017026067659
28,3,14.222692807773718
28,4,13.654542893039165
28,5,9.94565970451727
28,6,9.759156272905852
28,7,12.32657194199329
28,8,11.964038420271168
28,9,13.013610804760868
28,10,16.808772559188537
28,11,19.154106058656268
28,12,22.10751363522427
28,13,25.67163647266743
28,14,26.848276459560697
28,15,27.42019213222707
28,16,26.297801131130043
28,17,24.07102030954374
28,18,22.18757876964457
28,19,19.263582474397904
28,20,16.55351445827598
28,21,12.89732297572135
28,22,10.347339063285546
28,23,6.910435020202211
28,24,5.340643295527105
28,25,4.60628965222099
28,26,5.142850811354716
28,27,3.8040954609762667
28,29,3.791452983564438
28,30,7.113098030388618
28,31,9.274521406669077
28,32,12.95467614046697
28,33,14.938739153113008
28,34,18.484032587682854
28,35,19.77222211964608
28,36,23.366418892728714
28,37,24.419487327191813
28,38,25.00175631500118
28,39,23.80921554741691
28,40,20.02644768203259
28,41,17.90055257445355
28,42,16.621810626678435
28,43,13.059463524137211
28,44,15.006917553824673
28,45,15.636781798096994
28,46,18.370738420018615
28,47,16.94625487784026
28,48,13.77213736205444
28,49,15.160363746307777
28,50,15.437108076750977
28,51,11.854216791215665
28,52,10.66525973510999
28,53,13.503191619827398
28,54,12.886798168922871
28,55,9.188024087977777
28,56,7.943842433823386
28,57,11.478091063539459
28,58,14.276185015560833
29,1,12.51027737562913
29,2,14.720616263805761
29,3,15.214564450513317
29,4,13.935302758961432
29,5,10.184351640489972
29,6,11.165383739462284
29,7,13.162382939299025
29,8,12.648584363695383
29,9,12.627194302218163
29,10,16.24039786948474
29,11,17.986220339835477
29,12,21.180961187466707
29,13,24.7699071620251
29,14,25.429951268332644
29,15,25.754098736272134
29,16,24.18978556682149
29,17,21.721343629071207
29,18,19.578827080483357
29,19,16.365567562694363
29,20,13.733958509406015
29,21,10.046160315369013
29,22,8.355655672380756
29,23,5.597675405489554
29,24,5.361246254966146
29,25,6.8388767946520765
29,26,7.922446241908742
29,27,5.613827801438868
29,28,3.791452983564438
29,30,3.780166630950654
29,31,6.310673243084729
29,32,10.063402326164775
29,33,12.688298499190822
29,34,16.326703622875442
29,35,17.83053939009029
29,36,21.574612865900434
29,37,22.4383194411254
29,38,23.501616932361387
29,39,22.835714603186595
29,40,19.104532353501998
29,41,17.297417179429008
29,42,15.798122228528104
29,43,12.121768035051954
29,44,13.190663878390673
29,45,13.136718927254009
29,46,15.401775872179414
29,47,13.578984568419106
29,48,10.20607871872183
29,49,11.788572561768015
29,50,12.560092629397477
29,51,9.131081437112652
29,52,7.868660212489631
29,53,11.276195385497125
29,54,11.39364958235296
29,55,8.218056213971426
29,56,6.658017517035919
29,57,10.346401107392925
29,58,12.295458653959649
30,1,12.72629996177869
30,2,14.26758095387553
30,3,14.933279385822415
30,4,12.853933753104517
30,5,9.502003830529558
30,6,11.303262773201656
30,7,12.451243764476509
30,8,11.900446496051782
30,9,10.925563474735148
