1,2,3.805679403256113
1,3,5.602621382888889
1,4,9.003228991416504
1,5,8.962213231959366
1,6,12.1642039331216
1,7,13.58392046292708
1,8,16.799098322155338
1,9,20.067302267714492
1,10,21.52260127956346
1,11,23.83115313021291
1,12,26.44728776508235
1,13,25.29267545632922
1,14,26.79831687644071
1,15,29.934231828610415
1,16,29.34152087492507
1,17,32.60967825867747
1,18,33.51976969977043
1,19,37.216937208543
1,20,37.54459876254238
1,21,37.99319949897101
1,22,36.0458903236848
1,23,32.537474164131325
1,24,33.18730383358578
1,25,34.44329045791908
1,26,31.35700214967975
1,27,28.77889753448978
1,28,30.841102358708756
1,29,31.012366382944457
1,30,27.33059500896737
1,31,25.50308046029049
1,32,25.162939759386948
1,33,22.65222382335204
1,34,20.515875558203977
1,35,18.41467646056317
1,36,20.427134929474132
1,37,17.82581075742296
1,38,14.74325246689113
1,39,11.451108139420315
1,40,12.180090056257207
1,41,12.039899126192397
1,42,15.449724324498177
1,43,17.96228422673846
1,44,19.486148421896093
1,45,16.617066780712832
1,46,17.84370659323637
1,47,21.31013943667685
1,48,22.067389967922594
1,49,21.40076571816447
1,50,20.496427848364913
1,51,17.491180838455044
1,52,16.212268609462594
1,53,17.081675580297325
1,54,15.736530479384458
1,55,12.212491715474432
1,56,12.718162210074079
1,57,14.07900445401428
1,58,11.49089094845799
1,59,8.663754844735434
1,60,11.448778758712013
1,61,12.937592833794104
1,62,10.1997877326817
1,63,9.365478711779533
1,64,13.141355059207052
1,65,14.215725172214704
1,66,12.222093991635619
1,67,13.30336785910798
1,68,16.73532425552684
1,69,17.6232035902328
1,70,17.101530039549218
1,71,20.138038541989395
1,72,21.88643523721157
1,73,21.559260025377245
1,74,22.282234799574354
1,75,21.135731636684245
1,76,23.74165532011946
1,77,24.204155536192896
1,78,25.761422014371554
1,79,23.09892050952239
1,80,20.455584379260088
1,81,23.164246063741636
1,82,23.839066179202963
1,83,20.343620352071675
1,84,19.224545417014312
1,85,22.541766000532462
1,86,22.341767968408632
1,87,18.739883892894593
1,88,19.7013338002448
1,89,22.682758931400688
1,90,20.735759201692943
1,91,18.33862279050763
1,92,21.53845984920781
1,93,23.011492255959215
1,94,20.01642323710215
1,95,20.655966564134438
1,96,24.318957063544254
1,97,23.68768069851729
1,98,21.604381033100644
1,99,24.195465884341296
1,100,27.05704554478946
1,101,26.167052459206193
1,102,25.94417751474759
2,1,3.805679403256113
2,3,3.7949024098070185
2,4,6.277143175746652
2,5,5.460233941026286
2,6,8.40637124959122
2,7,9.942371494551466
2,8,13.24268850200893
2,9,16.519114546786906
2,10,18.274115931642626
2,11,20.733089243820114
2,12,23.61507477233215
2,13,22.866522857571862
2,14,24.52036214689219
2,15,27.864613787342027
2,16,27.657597602665405
2,17,31.12475167931612
2,18,32.42479278520093
2,19,36.19613830093129
2,20,36.730796283827374
2,21,36.9467172207089
2,22,35.270987482904445
2,23,31.751692108094577
2,24,31.973854518724057
2,25,33.23783534906784
2,26,30.40302128881186
2,27,27.54706462429308
2,28,29.271307554463107
2,29,29.664575690697983
2,30,26.13748362061056
2,31,23.90397618999598
2,32,23.44453919552552
2,33,21.392614248999454
2,34,19.03919740307844
2,35,16.396649596314337
2,36,17.858153292521056
2,37,14.893711857393649
2,38,11.877856132684316
2,39,8.370387079291973
2,40,9.182943434235641
2,41,9.237812981635335
2,42,12.503002717219335
2,43,15.300805202448577
2,44,17.110833730063195
2,45,14.759700519019633
2,46,16.257602192535096
2,47,19.935981407567517
2,48,20.506556135939615
2,49,19.58540045515929
2,50,19.269768092981813
2,51,16.46690005276861
2,52,14.440482148471181
2,53,15.432156180466786
2,54,14.925483472398549
2,55,11.293306063065094
2,56,10.881718763106766
2,57,12.873712779191974
2,58,11.22857283582574
2,59,7.7379160953498065
2,60,9.75995091979557
2,61,12.239290478231299
2,62,10.405884384263798
2,63,8.694978182701616
2,64,12.196832506161192
2,65,14.24309831028815
2,66,12.777099396000677
2,67,12.982301185954993
2,68,16.294515426435574
2,69,17.983436272024456
2,70,17.522688578225125
2,71,20.03863907935337
2,72,22.06199389321489
2,73,21.68137693883058
2,74,22.69491363673953
2,75,21.438173263517296
2,76,24.253689135730006
2,77,24.758626786285536
2,78,25.777933641532268
2,79,22.86202475241422
2,80,20.459852486702317
2,81,23.005099052945905
2,82,23.09472659154723
2,83,19.423302560539188
2,84,18.45805480144293
2,85,21.44450134775566
2,86,20.719467662547725
2,87,16.98226919830694
2,88,18.077139589942256
2,89,20.634777698174428
2,90,18.268023886834765
2,91,15.95061159316898
2,92,19.197388419031395
2,93,20.222888907034758
2,94,16.9813370972654
2,95,17.872494061014507
2,96,21.394496282610046
2,97,20.4011783905261
2,98,18.355395323440966
2,99,21.19958674342093
2,100,23.8366554249989
2,101,22.743266254200517
2,102,22.752099704385152
3,1,5.602621382888889
3,2,3.7949024098070185
3,4,3.7800988472747408
3,5,5.539586317597705
3,6,8.812108192753692
3,7,11.483344140931823
3,8,14.624810658433738
3,9,18.014558945756413
3,10,20.354425082410373
3,11,22.82722214346491
3,12,25.97018552804752
3,13,25.55011296285873
3,14,27.036806194555712
3,15,30.521966579112767
3,16,30.365435256671176
3,17,33.88561815330543
3,18,35.34699859108037
3,19,39.11541153242072
3,20,39.87128354439803
3,21,40.17246567659273
3,22,38.652821483488125
3,23,35.073223243424714
3,24,35.1841391668521
3,25,36.6008321059872
3,26,33.87930352590578
3,27,30.896343610948374
3,28,32.56015582483675
3,29,33.138177369242065
3,30,29.678867462954283
3,31,27.272807623459805
3,32,26.850323233862227
3,33,24.991628722914395
3,34,22.514589788630662
3,35,19.651893193391256
3,36,20.687468747854385
3,37,17.391321028558416
3,38,14.293148637979744
3,39,10.517133051095337
3,40,10.104863937033114
3,41,8.672801556646723
3,42,11.274895792183777
3,43,14.415952206647288
3,44,15.439307389963398
3,45,13.011683738502724
3,46,15.219303225588057
3,47,18.909782533010286
3,48,20.137812105570887
3,49,19.857033722804644
3,50,19.911247898584342
3,51,16.741699946200004
3,52,14.807753541354803
3,53,16.652905773961933
3,54,16.377147428066714
3,55,12.57730857384808
3,56,12.70295931478765
3,57,15.342519033273126
3,58,13.888291511395494
3,59,10.710319869979154
3,60,12.965467997778319
3,61,15.678201623642872
3,62,13.991880933008018
3,63,12.481329961183246
3,64,15.933650428234513
3,65,18.027527658964242
3,66,16.476977803080132
3,67,16.61635074272018
3,68,20.007193884828745
3,69,21.695173113986975
3,70,21.024716872130274
3,71,23.541910911187355
3,72,25.7187731322023
3,73,25.45251138994718
3,74,26.46972293978949
3,75,25.159927054216084
3,76,27.875892762788176
3,77,28.187483754272392
3,78,29.235734445370046
3,79,26.426910828836267
3,80,23.881623224954897
3,81,26.210001348061308
3,82,26.325109989012287
3,83,22.699898173545982
3,84,21.415233941535114
3,85,24.197842000205725
3,86,23.535955020543263
3,87,19.73098933321502
3,88,20.355906352671987
3,89,22.757854583727905
3,90,20.40414848023319
3,91,17.71598796785948
3,92,20.55350050347322
3,93,21.57361533157469
3,94,18.10742776885492
3,95,18.4461303780097
3,96,21.889262287331643
3,97,20.809425414474276
3,98,18.195966744826286
3,99,20.75732498173119
3,100,23.556644986379084
3,101,22.15807337387779
3,102,21.638111718573892
4,1,9.003228991416504
4,2,6.277143175746652
4,3,3.7800988472747408
4,5,3.802636710734661
4,6,6.601664323346865
4,7,10.057360672473346
4,8,12.641988719956604
4,9,16.091457585422464
4,10,18.887545547484176
4,11,21.192826387243922
4,12,24.536553679241205
4,13,24.520434458973096
4,14,25.831678420680788
4,15,29.463878486379137
4,16,29.526698470541575
4,17,33.140327095625324
4,18,34.94187591271036
4,19,38.706244770042
4,20,39.78083985738003
4,21,40.0341590541865
4,22,38.85488110550739
4,23,35.240920532279915
4,24,35.00001281378921
4,25,36.594089034506865
4,26,34.17105012866884
4,27,30.933665168586767
4,28,32.3792674906116
4,29,33.32262342663368
4,30,30.066256135210036
4,31,27.298657328632043
4,32,27.021729890759296
4,33,25.622039803241012
4,34,22.847709237281517
4,35,19.623612868929975
4,36,19.98879613195071
4,37,16.386668064351024
4,38,13.322015863057816
4,39,9.596117673394117
4,40,8.184948377334385
4,41,5.9098136770450544
4,42,7.7602011165995615
4,43,11.180349594921779
4,44,12.097352654931703
4,45,10.203906067601698
4,46,12.831892469501996
4,47,16.575230564625425
4,48,17.84852230360081
4,49,17.664442824894046
4,50,18.368773857437965
4,51,15.349057284326378
4,52,12.951499014631723
4,53,15.263194189365542
4,54,15.776680371002145
4,55,12.13721104697747
4,56,11.89928564284996
4,57,15.163282775995437
4,58,14.584410238272618
4,59,11.559132740555931
4,60,13.326685822436085
4,61,16.575524706474265
4,62,15.710673608192657
4,63,14.169434403229923
4,64,17.196371596090625
4,65,19.800917730701226
4,66,18.80999330900198
4,67,18.638433497590704
4,68,21.732880797181693
4,69,23.86051652979533
4,70,23.436401759181305
4,71,25.607708299314073
4,72,27.79801540967628
4,73,27.315557672591293
4,74,28.316682755075195
4,75,26.74226073503194
4,76,29.398410018897124
4,77,29.497993193121896
4,78,30.156470992716145
4,79,27.35848686219207
4,80,24.869116773599096
4,81,26.821554960514096
4,82,26.575208922540444
4,83,22.9914904251592
4,84,21.55686872952841
4,85,23.874623847821567
4,86,22.98371890318395
4,87,19.18634405181459
4,88,19.485374002881017
4,89,21.435799963462504
4,90,18.967751685424506
4,91,16.14231740588054
4,92,18.59756030321838
4,93,19.34899218868473
4,94,15.732027124620647
4,95,15.802580405781436
4,96,19.03473363635368
4,97,17.791831486604845
4,98,14.910742345793638
4,99,17.394430698547
4,100,20.148226403055123
4,101,18.59668134024146
4,102,17.94153885207265
5,1,8.962213231959366
5,2,5.460233941026286
5,3,5.539586317597705
5,4,3.802636710734661
5,6,3.772558148867713
5,7,6.737798097474582
5,8,9.331847346056358
5,9,12.912686120864139
5,10,15.406906610513508
5,11,17.639727748000837
5,12,20.886639117599692
5,13,20.760560655926778
5,14,22.16580615086281
5,15,25.784430715382236
5,16,25.93267187765781
5,17,29.578372999328554
5,18,31.42557358791949
5,19,35.20818293515562
5,20,36.23966379759905
5,21,36.373587905073016
5,22,35.23258377756402
5,23,31.653316759451254
5,24,31.30983166101429
5,25,32.85824910564807
5,26,30.497329816195432
5,27,27.220025440433464
5,28,28.59651088371683
5,29,29.58403345448541
5,30,26.38144928447173
5,31,23.541542319382327
5,32,23.328810170813924
5,33,22.04235711861194
5,34,19.173846228127317
5,35,15.883189892085344
5,36,16.21266142643595
5,37,12.643141041319078
5,38,9.529919168840426
5,39,5.809475552403157
5,40,5.026272107835953
5,41,4.560237483225271
5,42,7.357595052887984
5,43,10.398315526237344
5,44,12.465254965772898
5,45,10.928688755523268
5,46,12.723462654875375
5,47,16.4942325552135
5,48,16.944760893190633
5,49,15.974506284911046
5,50,16.60947764829074
5,51,14.076293598961398
5,52,11.202965862264417
5,53,12.785111014539778
5,54,13.57794077878947
5,55,10.139860857670689
5,56,8.932346797045492
5,57,12.08396366587887
5,58,11.991269582794219
5,59,8.794017471817586
5,60,9.877890849247086
5,61,13.373499863596853
5,62,13.059950111064337
5,63,11.389060554176673
5,64,14.011403053464804
5,65,16.917181976106317
5,66,16.436786015815084
5,67,16.10704833592885
5,68,18.851481765812363
5,69,21.246022109988616
5,70,21.184070217214305
5,71,23.100587189847857
5,72,25.12614866058547
5,73,24.39666062731171
5,74,25.36958962880557
5,75,23.683413177429998
5,76,26.375382094561104
5,77,26.527773903918636
5,78,26.904229184202546
5,79,24.011697543647664
5,80,21.71110884918201
5,81,23.6279066897562
5,82,23.11119069060248
5,83,19.492416764987176
5,84,18.280161108329988
5,85,20.514631060192457
5,86,19.38030126626056
5,87,15.595153397851968
5,88,16.205589404583595
5,89,18.06604518106169
5,90,15.426598464135285
5,91,12.85395880760135
5,92,15.66447892581407
5,93,16.262747078917553
5,94,12.68750270880192
5,95,13.356378582936486
5,96,16.672767729305523
5,97,15.4111642208819
5,98,13.088782153619505
5,99,15.997396536501691
5,100,18.545978065528377
5,101,17.315185264354618
5,102,17.32632828713192
6,1,12.1642039331216
6,2,8.40637124959122
6,3,8.812108192753692
6,4,6.601664323346865
6,5,3.772558148867713
6,7,3.7858043319087407
6,8,6.160520570073431
6,9,9.49653107529054
6,10,12.384122176906407
6,11,14.85533868164103
6,12,18.36213016391621
6,13,18.80302859511918
6,14,20.48818852682338
6,15,24.201484107425813
6,16,24.87221788842203
6,17,28.624615681821417
6,18,30.808794347344097
6,19,34.582435732670604
6,20,35.69530606273892
6,21,35.499598734284596
6,22,34.59216369995959
6,23,31.13983887661369
6,24,30.371436545880222
6,25,31.771733851088058
6,26,29.703615312253884
6,27,26.299434817567352
6,28,27.21043441668613
6,29,28.301497584380716
6,30,25.37341807907809
6,31,22.266590495346655
6,32,21.818558590212007
6,33,21.100313593323392
6,34,18.291372227536925
6,35,14.667056165310795
6,36,14.220396723101738
6,37,10.45945607014873
6,38,8.129655478159805
6,39,5.378659017333027
6,40,5.283411246765765
6,41,6.006570237803603
6,42,7.379184504380682
6,43,10.36591261562138
6,44,12.866357339260171
6,45,12.425894482208664
6,46,14.179174092327699
6,47,17.791511791378333
6,48,17.796015255285944
6,49,16.367176696086226
6,50,17.600682825255547
6,51,15.695845163328482
6,52,12.263125053433837
6,53,13.473496873754803
6,54,15.106689333628774
6,55,12.212951660685915
6,56,9.960998755007747
6,57,13.007828656967286
6,58,13.81855271692592
6,59,10.687669264795755
6,60,10.41412524046884
6,61,14.194669567576826
6,62,14.60173951025137
6,63,12.420065871120258
6,64,14.237412440723332
6,65,17.640104657595792
6,66,17.535423744605207
6,67,16.493617025756933
6,68,18.849330777583507
6,69,21.760840434090536
6,70,21.700398388889433
6,71,23.038849585979943
6,72,25.224997661535326
6,73,24.55130984951106
6,74,25.81860754879271
6,75,24.234506203699496
6,76,27.07669516139534
6,77,27.412507474378444
6,78,27.29262489802028
6,79,24.209612753563245
6,80,22.369857281564112
6,81,24.164443239135867
6,82,23.054638869582096
6,83,19.448652391940932
6,84,18.692908409093466
6,85,20.476524514432512
6,86,18.70583397986885
6,87,15.113498510620069
6,88,16.072677771367257
6,89,17.204212563759672
6,90,14.066660181460929
6,91,12.09984047520017
6,92,14.849528151335413
6,93,14.566387302128911
6,94,10.8249129113833
6,95,12.213448139470552
6,96,15.02362769271719
6,97,13.060142862630135
6,98,11.152052039303447
6,99,14.562013506831867
6,100,16.48114929343942
6,101,14.924075089059997
6,102,15.600947592154897
7,1,13.58392046292708
7,2,9.942371494551466
7,3,11.483344140931823
7,4,10.057360672473346
7,5,6.737798097474582
7,6,3.7858043319087407
7,8,3.7862096567376673
7,9,6.637848103139558
7,10,9.00411627337415
7,11,11.835407863468621
7,12,15.28887375144774
7,13,15.775562534766559
7,14,17.92077860691643
7,15,21.55998781922748
7,16,22.539534462586985
7,17,26.30659867866322
7,18,28.531795301141624
7,19,32.298019762512325
7,20,33.22917767870496
7,21,32.73757427837392
7,22,31.811838763155414
7,23,28.50884203164947
7,24,27.577249809490134
7,25,28.71013414069251
7,26,26.715359871905516
7,27,23.35434548276205
7,28,23.993822578221454
7,29,24.951365141083716
7,30,22.139549904182978
7,31,18.998591697165377
7,32,18.295472122550212
7,33,17.83105607893898
7,34,15.1997840875137
7,35,11.476586085630755
7,36,10.81502313354883
7,37,7.151254584275401
7,38,5.772231595037934
7,39,4.664104642489171
7,40,6.673768795592729
7,41,8.981306973745527
7,42,10.464936987629695
7,43,12.777459799303669
7,44,15.788760171524618
7,45,15.574182604989355
7,46,16.757672776044675
7,47,20.193013202359776
7,48,19.563960102729723
7,49,17.469864217329004
7,50,18.552365742707845
7,51,17.23925648562939
7,52,13.717052874857638
7,53,13.924664647219942
7,54,15.672585489590686
7,55,13.29006773520749
7,56,10.222779644814214
7,57,12.442644373867093
7,58,13.673699389555342
7,59,10.629099824806842
7,60,9.034558699911448
7,61,12.688101735747482
7,62,13.619523653724174
7,63,11.072334603254959
7,64,11.990009532750973
7,65,15.670982385517526
7,66,15.984964483922926
7,67,14.44699826397176
7,68,16.29124113058068
7,69,19.543556985888234
7,70,19.65081820587518
7,71,20.505756472695715
7,72,22.64745601988099
7,73,21.9423858904718
7,74,23.409517303906096
7,75,21.983154059894048
7,76,24.97065999618147
7,77,25.59817770541336
7,78,25.134474831329847
7,79,21.852976135899024
7,80,20.501515686068988
7,81,22.382378491394842
7,82,20.858929885974323
7,83,17.249468778094748
7,84,17.14968517520803
7,85,18.800278184746073
7,86,16.526324992763794
7,87,13.17642152858471
7,88,14.892145424033142
7,89,15.693799646609838
7,90,12.203318629194728
7,91,11.192157418470206
7,92,14.307761995197515
7,93,13.488348354870828
7,94,10.073500267439702
7,95,12.53384057360215
7,96,15.019358976109913
7,97,12.853044060639814
7,98,12.03148918005649
7,99,15.72543627445976
7,100,17.064946277674025
7,101,15.745758849616937
7,102,17.226559236026223
8,1,16.799098322155338
8,2,13.24268850200893
8,3,14.624810658433738
8,4,12.641988719956604
8,5,9.331847346056358
8,6,6.160520570073431
8,7,3.7862096567376673
8,9,3.7862549534359555
8,10,6.544566708923314
8,11,8.763305044479342
8,12,12.389443876293234
8,13,13.359331937497139
8,14,15.252001815972127
8,15,18.97376874708898
8,16,20.252338263959476
8,17,24.04346772479093
8,18,26.614173362412707
8,19,30.302441104739234
8,20,31.536835950335316
8,21,30.972359584657646
8,22,30.456312564812634
8,23,27.203924429597432
8,24,25.86688148436774
8,25,27.187434683809407
8,26,25.61629474880122
8,27,22.051212160672836
8,28,22.41035266389153
8,29,23.844933171259875
8,30,21.406840565244075
8,31,17.93504838788004
8,32,17.61308489222214
8,33,17.802206718882168
8,34,14.903301090989979
8,35,11.105762432183061
8,36,9.333823049342564
8,37,5.651304266806325
8,38,5.24790574579531
8,39,6.087394878544809
8,40,7.241752824149687
8,41,9.918491412523768
8,42,10.57481852792243
8,43,11.940528157426028
8,44,15.29264653171135
8,45,15.79091297811487
8,46,16.481655232710885
8,47,19.52043194556803
8,48,18.357734642201432
8,49,15.881186576522904
8,50,17.418374638141792
8,51,16.80741817901955
8,52,13.098949815679186
8,53,12.948268288525357
8,54,15.445444874583455
8,55,13.824747230733287
8,56,10.370398576773054
8,57,12.456389198135053
8,58,14.642641855916281
8,59,12.329909415640799
8,60,10.19144661684743
8,61,13.680880172471866
8,62,15.501294657699416
8,63,13.470545027521563
8,64,13.638209868905326
8,65,17.3689483618831
8,66,18.38427024129266
8,67,16.910671674811034
8,68,18.097038866916314
8,69,21.49051509907486
8,70,22.063597583773618
8,71,22.56416935506173
8,72,24.390090636644562
8,73,23.30180080380083
8,74,24.531391033238126
8,75,22.7979680343822
8,76,25.515230506989337
8,77,25.86868711844191
8,78,24.918226588293322
8,79,21.814333993102228
8,80,20.669643286538246
8,81,21.99273826659171
8,82,20.02642194963268
8,83,16.726464169623505
8,84,16.610561214434515
8,85,17.51286974474868
8,86,14.91273564504639
8,87,11.95797195956085
8,88,13.401316263335309
8,89,13.362419123509373
8,90,9.71749886154236
8,91,9.223455253815988
8,92,11.831056790833916
8,93,10.294068261012333
8,94,7.035052908145803
8,95,10.029098359734336
8,96,11.918442337439814
8,97,9.534989972337437
8,98,9.526400407847499
8,99,13.263226405774793
8,100,14.094467496387699
8,101,13.11774055549191
8,102,15.154948103441265
9,1,20.067302267714492
9,2,16.519114546786906
9,3,18.014558945756413
9,4,16.091457585422464
9,5,12.912686120864139
9,6,9.49653107529054
9,7,6.637848103139558
9,8,3.7862549534359555
9,10,3.8064408621774812
9,11,6.529171660867847
9,12,10.307432987235671
9,13,12.156426582867077
9,14,14.506300088202027
9,15,18.047141677005598
9,16,19.986593927527238
9,17,23.706183492881927
9,18,26.515053702942964
9,19,30.075209151643104
9,20,31.265518284688905
9,21,30.27993060726318
9,22,29.980934540090562
9,23,27.012763531774436
9,24,25.25083517002252
9,25,26.253509945795532
9,26,25.055647642796487
9,27,21.543756845769522
9,28,21.263025904817084
9,29,22.688569665093823
9,30,20.70821951576161
9,31,17.145070967336814
9,32,16.461018126403886
9,33,17.404512839000564
9,34,14.929798632723406
9,35,11.28411147332767
9,36,8.547213449646309
9,37,5.849152423690262
9,38,7.631615040297241
9,39,9.525095870794381
9,40,10.990558561367683
9,41,13.619221530021514
9,42,13.835323590909939
9,43,14.955607506380952
9,44,18.23817554964796
9,45,19.18469624018705
9,46,19.811380205811275
9,47,22.619412197294007
9,48,21.18288224660761
9,49,18.470834879720314
9,50,20.194502091996632
9,51,20.044448815087797
9,52,16.354350556985914
9,53,15.824790619054802
9,54,18.508116229120468
9,55,17.27805185577317
9,56,13.654996180082591
9,57,15.196526299825603
9,58,17.634195679101893
9,59,15.490476066487394
9,60,12.782914883400421
9,61,15.860486937868002
9,62,17.967502091175852
9,63,15.728390514941166
9,64,15.147297218088871
9,65,18.89543866696147
9,66,20.140452823165763
9,67,18.16430191741115
9,68,18.80465940604756
9,69,22.453142345374985
9,70,23.01046438483517
9,71,22.88772155372507
9,72,24.74544338401999
9,73,23.772105170328775
9,74,25.26353910430208
9,75,23.777791313062906
9,76,26.547942379808344
9,77,27.14884272034309
9,78,25.756656905128384
9,79,22.57295124784187
9,80,22.036400852630788
9,81,23.2484724523362
9,82,20.775207629112774
9,83,17.742129492503782
9,84,18.25742524914464
9,85,18.690658435369947
9,86,15.551747499376981
9,87,13.299926731612823
9,88,15.139874500867181
9,89,14.303663224743026
9,90,10.559212619269084
9,91,11.295672495306166
9,92,13.471260489441407
9,93,11.003176204014535
9,94,8.616335352553202
9,95,12.064753424264167
9,96,12.952827614125654
9,97,10.098062812020135
9,98,11.178920826800907
9,99,14.803220269719567
9,100,14.667225899159165
9,101,13.599907094077135
9,102,16.364147184857433
10,1,21.52260127956346
10,2,18.274115931642626
10,3,20.354425082410373
10,4,18.887545547484176
10,5,15.406906610513508
10,6,12.384122176906407
10,7,9.00411627337415
10,8,6.544566708923314
10,9,3.8064408621774812
10,11,3.8074398337559328
10,12,7.15372292550654
10,13,8.969850923709647
10,14,11.866040977061362
10,15,15.14372665659228
10,16,17.358506559923057
10,17,20.97459220745108
10,18,23.735516046874974
10,19,27.224933143335797
10,20,28.209275591279116
10,21,26.97061706128582
10,22,26.669191017614853
10,23,23.888313932391274
10,24,21.98094387035861
10,25,22.740090274759233
10,26,21.672107114533702
10,27,18.24813583544264
10,28,17.67845108522859
10,29,19.055182901233266
10,30,17.30268518338361
10,31,13.728574416599212
10,32,12.990571639988602
10,33,14.393028632541231
10,34,12.16353151947121
10,35,8.892233282347057
10,36,5.554903603950224
10,37,4.571220856224185
10,38,7.93331794611677
10,39,10.941485281454078
10,40,13.072733545333595
10,41,16.241295724825285
10,42,16.93704556871178
10,43,17.701931242819732
10,44,21.21771154032066
10,45,21.954084523109437
10,46,22.10712432517428
10,47,24.748730994476475
10,48,22.87427311691834
10,49,19.751074147590554
10,50,21.061064235269253
10,51,21.356841828400306
10,52,17.90723160805014
10,53,16.576140178402984
10,54,19.03797041664827
10,55,18.319094284883697
10,56,14.519102921691847
10,57,15.122219498124409
10,58,17.727528983005282
10,59,16.02374519834465
10,60,12.696371923873068
10,61,15.061086967007467
10,62,17.593114467750013
10,63,15.565319467994122
10,64,14.083275732002038
10,65,17.621320332275637
10,66,19.383360185612187
10,67,17.341965963119314
10,68,17.210899110338534
10,69,20.88364808743231
10,70,21.82070888726098
10,71,21.269900979897443
10,72,22.764617504472582
10,73,21.57192250901487
10,74,23.00790132056542
10,75,21.589098666098636
10,76,24.268254722948576
10,77,25.025992244322666
10,78,23.275976759951607
10,79,20.09038076560465
10,80,20.09200091801793
10,81,21.20620012691032
10,82,18.37496554949755
10,83,15.62162354808916
10,84,16.784244912532547
10,85,16.94020169190517
10,86,13.442251877750678
10,87,11.882922014149571
10,88,14.3106372699271
10,89,13.161524549630265
10,90,9.561749396002563
10,91,11.46323721807569
10,92,13.701722924819931
10,93,11.145062170869302
10,94,9.837951839318293
10,95,13.615264834851084
10,96,14.291559701962816
10,97,12.023124154373857
10,98,13.846607961672456
10,99,17.205832074322412
10,100,16.881690369965206
10,101,16.426511459758572
10,102,19.387221174208598
11,1,23.83115313021291
11,2,20.733089243820114
11,3,22.82722214346491
11,4,21.192826387243922
11,5,17.639727748000837
11,6,14.85533868164103
11,7,11.835407863468621
11,8,8.763305044479342
11,9,6.529171660867847
11,10,3.8074398337559328
11,12,3.8096294487642712
11,13,6.262167311220901
11,14,8.634811464202544
11,15,11.88081772720199
11,16,14.354626193497774
11,17,17.89839356759105
11,18,20.93817507306337
11,19,24.300556088921812
11,20,25.5927509583848
11,21,24.390232875651915
11,22,24.51845454312379
11,23,21.7914148737845
11,24,19.542325336350082
11,25,20.622939377187397
11,26,20.017206941073663
11,27,16.447291324948804
11,28,15.729304582202198
11,29,17.756748976752476
11,30,16.448093052819974
11,31,12.705991121311232
11,32,12.859539205614139
11,33,14.72229380961963
11,34,12.241861524307167
11,35,9.563972340195228
11,36,5.809595565474787
11,37,6.187133999235551
11,38,9.27275311704374
11,39,12.74327974890911
11,40,14.374304886609503
11,41,17.64712604435496
11,42,18.171164563894614
11,43,18.1406975380654
11,44,21.761015496889673
11,45,22.707065219877048
11,46,22.282699993882375
11,47,24.459392441419382
11,48,22.096619078424965
11,49,18.69136341399709
11,50,20.023420303495232
11,51,20.988966788708627
11,52,17.779890402252928
11,53,15.965964432737088
11,54,18.669662623879812
11,55,18.707689122090034
11,56,14.96575867114906
11,57,15.136393536748578
11,58,18.26629105886775
11,59,17.300129059426375
11,60,13.930281551952527
11,61,15.846739831663688
11,62,18.93315370116479
11,63,17.569752292938688
11,64,15.773122149814444
11,65,19.02311462456607
11,66,21.331566261852608
11,67,19.712098224752022
11,68,19.130395858051333
11,69,22.596254935887973
11,70,24.05599978494914
11,71,23.462785776670156
11,72,24.44818642630194
11,73,22.76213928026162
11,74,23.70089858176574
11,75,21.89043132227806
11,76,24.095806147765117
11,77,24.449682916978063
11,78,22.295156944029465
11,79,19.507578385779997
11,80,19.64674150121887
11,81,20.087951641169642
11,82,16.958408035188672
11,83,14.790366361099263
11,84,15.857862714723833
11,85,15.181848931626453
11,86,11.572492013870104
11,87,10.885007769836417
11,88,12.876583490100373
11,89,10.857567213340474
11,90,7.757571547378631
11,91,10.537560421593472
11,92,11.967187013283235
11,93,9.040278992612713
11,94,9.083678747911813
11,95,12.738826010453677
11,96,12.741893186495464
11,97,11.115094778214702
11,98,13.760204172612934
11,99,16.572635816572383
11,100,15.926222569996801
11,101,16.270808217444483
11,102,19.382206717097237
12,1,26.44728776508235
12,2,23.61507477233215
12,3,25.97018552804752
12,4,24.536553679241205
12,5,20.886639117599692
12,6,18.36213016391621
12,7,15.28887375144774
12,8,12.389443876293234
12,9,10.307432987235671
12,10,7.15372292550654
12,11,3.8096294487642712
12,13,3.7708611360786612
12,14,6.1260824181009506
12,15,8.680608223602986
12,16,11.67966357627345
12,17,14.936791171779635
12,18,18.065361660575295
12,19,21.222778259575634
12,20,22.486815220646946
12,21,21.047682034459847
12,22,21.454677659728414
12,23,19.000325971026136
12,24,16.391580535264946
12,25,17.40541433847931
12,26,17.27596382886445
12,27,13.806602161469666
12,28,12.641175964671023
12,29,15.039330430740858
12,30,14.349046036125358
12,31,10.71956915670567
12,32,11.442856788958803
12,33,13.888699767265166
12,34,11.751068487373265
12,35,10.170976660265772
12,36,6.76642403530348
12,37,8.807720232795116
12,38,11.882389840712841
12,39,15.614972136691474
12,40,17.339384698583064
12,41,20.764873990739456
12,42,21.456735396058303
12,43,21.06027755653449
12,44,24.731752728779192
12,45,25.60841693323895
12,46,24.760438435077333
12,47,26.62838170116951
12,48,23.8949150395502
12,49,20.266941539274477
12,50,21.26679609132692
12,51,22.736717241149325
12,52,19.8984742152468
12,53,17.52719773846117
12,54,20.01316161720689
12,55,20.647322943721818
12,56,17.032156176142667
12,57,16.449716202574237
12,58,19.685250543281953
12,59,19.299937410272115
12,60,15.777284850125183
12,61,16.91749908198823
12,62,20.309991094661854
12,63,19.383292273100487
12,64,17.026340917890465
12,65,19.8100740816267
12,66,22.5738627954124
12,67,21.137264552329324
12,68,19.896873161707287
12,69,23.13237159741817
12,70,25.012777014220905
12,71,24.124485011332617
12,72,24.597569696841383
12,73,22.587495708407335
12,74,23.21419666013914
12,75,21.338774502519115
12,76,23.15003984279163
12,77,23.421007831571714
12,78,20.801515644043494
12,79,18.343174660507763
12,80,19.025637338785835
12,81,19.00208112046112
12,82,15.515693991183937
12,83,14.113430352091914
12,84,15.621890038354938
12,85,14.282261696909252
12,86,10.580978621002414
12,87,11.194213365290723
12,88,13.198856436056687
12,89,10.675324067344178
12,90,8.625349852243943
12,91,12.147178364255769
12,92,13.088605700067628
12,93,10.389932594985703
12,94,11.610516847114866
12,95,14.95663835147541
12,96,14.598114942604314
12,97,13.68333276600703
12,98,16.69601298665885
12,99,19.06729963765711
12,100,18.242581341595564
12,101,19.123701178469542
12,102,22.269521696673987
13,1,25.29267545632922
13,2,22.866522857571862
13,3,25.55011296285873
13,4,24.520434458973096
13,5,20.760560655926778
13,6,18.80302859511918
13,7,15.775562534766559
13,8,13.359331937497139
13,9,12.156426582867077
13,10,8.969850923709647
13,11,6.262167311220901
13,12,3.7708611360786612
13,14,3.8118331567321957
13,15,6.405950389551314
13,16,8.757597436743268
13,17,12.169830666618305
13,18,14.957050087977214
13,19,18.32973297458785
13,20,19.39152488545314
13,21,18.203977190653593
13,22,18.286627997237417
13,23,15.570021975199564
13,24,13.294868549226353
13,25,14.56484252379893
13,26,14.035525252636644
13,27,10.394895120250363
13,28,9.907153799655612
13,29,12.457967170062132
13,30,11.380448709027675
13,31,7.724271123991137
13,32,9.415290069541411
13,33,11.387109022817073
13,34,8.962090885080777
13,35,8.193488412043534
13,36,5.893265614773359
13,37,8.729508777745313
13,38,11.286193751486977
13,39,15.099817390110273
13,40,17.048147930051474
13,41,20.68628552870139
13,42,21.94885164080846
13,43,21.453024938600272
13,44,25.224998158813086
13,45,25.60291913692628
13,46,24.409762565035056
13,47,26.233210174736254
13,48,23.36668847626504
13,49,19.624080782851966
13,50,19.954934630671307
13,51,21.518966511347973
13,52,19.081509481015246
13,53,16.200229922426725
13,54,18.141457162121878
13,55,19.115524247092928
13,56,15.697285137944576
13,57,14.341249329890594
13,58,17.460230135657042
13,59,17.597780263349375
13,60,14.06824338617067
13,61,14.467045487172642
13,62,18.047184158971763
13,63,17.67450234418824
13,64,15.03732834834886
13,65,17.363005200981377
13,66,20.480831040303055
13,67,19.51945181523778
13,68,17.971065406933125
13,69,20.85386139261941
13,70,23.16633225413213
13,71,22.46808453861272
13,72,22.46899913163629
13,73,20.052434757266273
13,74,20.22577681863398
13,75,18.08291673041912
13,76,19.625602665278947
13,77,19.746513287936363
13,78,17.064101786033163
13,79,14.739421745960112
13,80,15.489900875835469
13,81,15.317058042345948
13,82,11.772436364015359
13,83,10.611982768318551
13,84,12.378261879424471
13,85,10.970457714668166
13,86,7.245361126986235
13,87,8.566622636582842
13,88,10.879206318314905
13,89,8.78321039934906
13,90,7.454591886789866
13,91,11.159608324105339
13,92,12.402526713873444
13,93,10.698853525160464
13,94,12.147776428294101
13,95,15.265295860023103
13,96,15.514167470820105
13,97,15.296071768162363
13,98,17.97949081007912
13,99,20.253944853339476
13,100,20.02742971397737
13,101,21.209672943569363
13,102,23.999542852410983
14,1,26.79831687644071
14,2,24.52036214689219
14,3,27.036806194555712
14,4,25.831678420680788
14,5,22.16580615086281
14,6,20.48818852682338
14,7,17.92077860691643
14,8,15.252001815972127
14,9,14.506300088202027
14,10,11.866040977061362
14,11,8.634811464202544
14,12,6.1260824181009506
14,13,3.8118331567321957
14,15,3.7782960269486985
14,16,5.780665576195787
14,17,9.316014841410633
14,18,12.499985108688032
14,19,15.817342604831843
14,20,17.491753298243427
14,21,16.787565729163294
14,22,17.389560475416527
14,23,14.551856196212292
14,24,12.159641561803436
14,25,14.296696931238793
14,26,14.191668964223139
14,27,10.528780870420142
14,28,10.549870042583734
14,29,13.8053182441745
14,30,13.040746226554425
14,31,9.807459715714527
14,32,12.40267671473937
14,33,14.030124022101115
14,34,11.35684685228142
14,35,10.938227433237687
14,36,9.123928004548143
14,37,11.269228985291905
14,38,12.989345756202924
14,39,16.593171815070356
14,40,17.89372804847131
14,41,21.359580218126357
14,42,22.468449024354765
14,43,21.333040959041686
14,44,25.01893109953323
14,45,25.46915368834957
14,46,23.769430025798425
14,47,25.087054232062297
14,48,21.882517071951575
14,49,18.073541326030817
14,50,18.2873205887033
14,51,20.43390158775679
14,52,18.43326003353258
14,53,15.286964035962336
14,54,17.292521529288667
14,55,18.967631518885522
14,56,15.929086784875963
14,57,14.378720047399128
14,58,17.781812150872355
14,59,18.59409558320444
14,60,15.473296528032662
14,61,15.646103133683715
14,62,19.42180375167279
14,63,19.673731694041543
14,64,17.286268118006753
14,65,19.33124371615674
14,66,22.635105485778965
14,67,22.184549709902075
14,68,20.701485951838137
14,69,23.263759107643846
14,70,25.86525343699922
14,71,25.449826168575342
14,72,25.14190483926277
14,73,22.377892677477657
14,74,21.9692972540828
14,75,19.355238518385864
14,76,20.266121049387813
14,77,19.687447381802826
14,78,16.867580879678595
14,79,15.274365391161355
14,80,15.69870302343101
14,81,14.625368681016193
14,82,11.184189708561313
14,83,10.869865034519421
14,84,11.848358302637948
14,85,9.40011799072235
14,86,6.302412165336999
14,87,8.625472569467197
14,88,9.673269535096145
14,89,6.801706363944477
14,90,7.1433719693705395
14,91,10.766640438035687
14,92,10.946150751568435
14,93,9.689870046178427
14,94,12.181374838104743
14,95,14.584578254697186
14,96,14.463356261388615
14,97,15.128652830097886
14,98,17.97362560313078
14,99,19.60359966539085
14,100,19.41804621219235
14,101,21.247101502841492
14,102,23.821681271093645
15,1,29.934231828610415
15,2,27.864613787342027
15,3,30.521966579112767
15,4,29.463878486379137
15,5,25.784430715382236
15,6,24.201484107425813
15,7,21.55998781922748
15,8,18.97376874708898
15,9,18.047141677005598
15,10,15.14372665659228
15,11,11.88081772720199
15,12,8.680608223602986
15,13,6.405950389551314
15,14,3.7782960269486985
15,16,3.7906257360206177
15,17,6.336271295059224
15,18,9.70149248566593
15,19,12.65488032333233
15,20,14.368626971581591
15,21,13.439199237334185
15,22,14.543799909368886
15,23,12.144752058989965
15,24,9.230450533446595
15,25,11.532039357694783
15,26,12.21928668953737
15,27,9.013183610698883
15,28,8.658889431777599
15,29,12.352243169935136
15,30,12.480438173203371
15,31,10.015284715382407
15,32,13.053507882966148
15,33,14.932403131142111
15,34,12.922164292158866
15,35,13.477045940493683
15,36,12.090773725419773
15,37,14.727499474395453
15,38,16.542043437444153
15,39,20.144418633335512
15,40,21.5185746933598
15,41,24.988624811401635
15,42,26.15508265813807
15,43,24.87282673942635
15,44,28.510612693234396
15,45,28.925858319834255
15,46,27.003921428413058
15,47,28.065639812735554
15,48,24.689108396288578
15,49,20.894569210437847
15,50,20.820354095211606
15,51,23.263409751126577
15,52,21.62583672018654
15,53,18.28179605786303
15,54,19.956640930399953
15,55,21.98410954383254
15,56,19.183518307688594
15,57,17.2096045237119
15,58,20.42282962755018
15,59,21.5957702362576
15,60,18.510769195341858
15,61,18.10358184135656
15,62,21.871465793935666
15,63,22.40246313505968
15,64,19.705959120961328
15,65,21.25844171243833
15,66,24.78143189855407
15,67,24.464388329140814
15,68,22.51662461522505
15,69,24.766675290270612
15,70,27.63409025415174
15,71,26.976592826892304
15,72,26.223171285107924
15,73,23.258998793003776
15,74,22.524911885157568
15,75,19.956493387097858
15,76,20.324313371501525
15,77,19.622958857868937
15,78,16.365331333089518
15,79,15.406612469984875
15,80,16.42899336451749
15,81,14.80095551064862
15,82,11.264502109398936
15,83,12.134843562965203
15,84,13.455968240306106
15,85,10.51589628605361
15,86,8.20777019176516
15,87,11.423204516663091
15,88,12.284458623109774
15,89,9.603905632491234
15,90,10.747452715719803
15,91,14.211789379781681
15,92,14.061249400310214
15,93,13.073742250844981
15,94,15.84917928079421
15,95,18.005045101047635
15,96,17.630980914983546
15,97,18.54765340907208
15,98,21.522847189567422
15,99,22.88933615822056
15,100,22.53799497270593
15,101,24.58379813296113
15,102,27.184580088930325
16,1,29.34152087492507
16,2,27.657597602665405
16,3,30.365435256671176
16,4,29.526698470541575
16,5,25.93267187765781
16,6,24.87221788842203
16,7,22.539534462586985
16,8,20.252338263959476
16,9,19.986593927527238
16,10,17.358506559923057
16,11,14.354626193497774
16,12,11.67966357627345
16,13,8.757597436743268
16,14,5.780665576195787
16,15,3.7906257360206177
16,17,3.792221937654304
16,18,6.819014542303067
16,19,10.212326828219366
16,20,12.153336149545275
16,21,12.17516613611814
16,22,13.047146520140865
16,23,10.154145494219351
16,24,8.072305741811364
16,25,11.271722274980114
16,26,11.479743745210193
16,27,8.448191527411822
16,28,9.561229843860565
16,29,13.092002779718793
16,30,12.76106458814072
16,31,10.841998547177981
16,32,14.410758514991043
16,33,15.442642488858963
16,34,13.203661024422086
16,35,14.173222911506132
16,36,13.64301184238378
16,37,16.005942274461677
16,38,17.073241940612846
16,39,20.36296699706434
16,40,21.54540724602496
16,41,24.925983278295735
16,42,26.392892453492117
16,43,24.901822630252074
16,44,28.461176971613412
16,45,28.503999549084973
16,46,26.226952326286465
16,47,27.064697260934775
16,48,23.61316713365339
16,49,19.90111858101998
16,50,19.208625494695408
16,51,21.809432056591845
16,52,20.740943133822572
16,53,17.135524454227888
16,54,18.259324898742683
16,55,20.729740219571617
16,56,18.4274155170604
16,57,15.977304927880816
16,58,18.983377351686652
16,59,20.767759216052347
16,60,18.09761222542259
16,61,17.154294643440615
16,62,20.884988386956945
16,63,22.051533535310583
16,64,19.52536751976005
16,65,20.599984185146653
16,66,24.241418347568676
16,67,24.508786264372205
16,68,22.604989102275756
16,69,24.400789764524045
16,70,27.551042145100663
16,71,27.282444643582757
16,72,26.186972812817036
16,73,22.90789501479857
16,74,21.586831257033424
16,75,18.621257800054728
16,76,18.422927072950216
16,77,17.12877106113895
16,78,13.970239139433
16,79,13.684598981330266
16,80,14.330220331093814
16,81,12.047127274321372
16,82,8.922183816180503
16,83,10.59273098386035
16,84,11.368791401486108
16,85,7.980214801386521
16,86,7.004922088006271
16,87,10.690721519711172
16,88,10.901751082717887
16,89,8.890971749062745
16,90,11.113330685112215
16,91,13.997467430070056
16,92,13.719364816715139
16,93,13.772185628469286
16,94,16.59505095190541
16,95,18.22691280575315
16,96,18.27909539931891
16,97,19.786616640640318
16,98,22.387849416435618
16,99,23.501039548716054
16,100,23.668702688460957
16,101,25.96422298318004
16,102,28.164226497930642
17,1,32.60967825867747
17,2,31.12475167931612
17,3,33.88561815330543
17,4,33.140327095625324
17,5,29.578372999328554
17,6,28.624615681821417
17,7,26.30659867866322
17,8,24.04346772479093
17,9,23.706183492881927
17,10,20.97459220745108
17,11,17.89839356759105
17,12,14.936791171779635
17,13,12.169830666618305
17,14,9.316014841410633
17,15,6.336271295059224
17,16,3.792221937654304
17,18,3.768324562093861
17,19,6.588096430974345
17,20,8.985332947275039
17,21,9.344712891701697
17,22,10.945577698550213
17,23,8.69211348500719
17,24,6.566938668471632
17,25,10.155026123350659
17,26,11.172992413728851
17,27,9.214015278683314
17,28,10.245062731716985
17,29,13.694309151336206
17,30,14.092438842907914
17,31,13.047727762880074
17,32,16.70556952959647
17,33,17.75115370420361
17,34,16.029351116916295
17,35,17.516772698558828
17,36,17.190414541101934
17,37,19.730195324217572
17,38,20.801526477210878
17,39,24.034175922714653
17,40,25.175808538549052
17,41,28.496798370079862
17,42,29.975815728029104
17,43,28.319839107367287
17,44,31.791735547098146
17,45,31.80164214593943
17,46,29.31487670740695
17,47,29.867560274943397
17,48,26.311173057672224
17,49,22.714064339211685
17,50,21.78867553102112
17,51,24.61003967360534
17,52,23.912352257651698
