1,2,3.809150059819516
1,3,5.690033985988462
1,4,8.909596404984745
1,5,8.709663702064354
1,6,11.981866771780702
1,7,13.498357643153168
1,8,16.690954449487336
1,9,19.961400162259498
1,10,21.50504897789487
1,11,23.668363457710154
1,12,26.262875297302948
1,13,25.220683267867273
1,14,26.628371208875244
1,15,29.882912864378035
1,16,29.42028375094864
1,17,32.45990181437632
1,18,33.34062702810945
1,19,37.139778284399085
1,20,37.40086729444548
1,21,37.935129679363975
1,22,36.041783372638164
1,23,32.481011091707344
1,24,33.2494174331631
1,25,34.30731887949661
1,26,31.343737971479275
1,27,28.909468368444116
1,28,30.840995867008704
1,29,31.159149079567356
1,30,27.43466805634355
1,31,25.572428636070626
1,32,25.287965929804365
1,33,22.746409664334674
1,34,20.611556708954154
1,35,18.337761793154865
1,36,20.327074684852633
1,37,17.692226885091813
1,38,14.665651386878137
1,39,11.28380821603587
1,40,11.858724347918427
1,41,11.771328797329186
1,42,15.250266374651268
1,43,17.751154369018945
1,44,19.192374894659427
1,45,16.340630950039813
1,46,17.584026216239252
1,47,21.035422148827955
1,48,21.84088144237272
1,49,20.997180622637305
1,50,20.216916061907956
1,51,17.145262671899836
1,52,15.895938536740204
1,53,16.791636515287667
1,54,15.416767844331357
1,55,11.890092582867778
1,56,12.41916126680927
1,57,13.877471578926224
1,58,11.339753685329866
1,59,8.452965745248942
1,60,11.310857642384057
1,61,12.999213625179335
1,62,10.363534987987995
1,63,9.374694276688398
1,64,13.146455007421672
1,65,14.279323523819793
1,66,12.449862221049687
1,67,13.496856651841714
1,68,16.935738955760446
1,69,17.821171026836684
1,70,17.3050804208659
1,71,20.243086791997644
1,72,22.059497092248897
1,73,21.76239739044352
1,74,22.430438575830454
1,75,21.18878659290128
1,76,23.77593161828448
1,77,23.849578739929253
1,78,25.679904641801844
1,79,23.145165658954202
1,80,20.39218934327195
1,81,22.746437563386596
1,82,23.735905384710232
1,83,20.260924248903404
1,84,19.09114828630566
1,85,22.395938432226664
1,86,22.11221487995929
1,87,18.575673952596446
1,88,19.526567024299773
1,89,22.48044686843901
1,90,20.575023542605337
1,91,18.16133374302316
1,92,21.301676069947245
1,93,22.775048721956143
1,94,19.815936536061347
1,95,20.386462683951088
1,96,24.055510989652625
1,97,23.460306144952327
1,98,21.334700722849355
1,99,23.965633030169993
1,100,26.75051396719929
1,101,25.734742361419677
1,102,25.772170378424228
2,1,3.809150059819516
2,3,3.7963735832771413
2,4,6.278864304157861
2,5,5.265455319443602
2,6,8.254114675610445
2,7,9.871521664190965
2,8,13.184331073463964
2,9,16.449626307136626
2,10,18.291233636509013
2,11,20.637216384499173
2,12,23.507626938522822
2,13,22.892450804093546
2,14,24.494761195723207
2,15,27.927674489365792
2,16,27.870268323008457
2,17,31.15132968044842
2,18,32.417020371750134
2,19,36.20549387123187
2,20,36.73953069850434
2,21,37.02280389665014
2,22,35.3727480596155
2,23,31.806632272114793
2,24,32.149773334547554
2,25,33.20062960053039
2,26,30.496611650450415
2,27,27.780678726609242
2,28,29.35181995354821
2,29,29.89948492640706
2,30,26.305013350088405
2,31,24.04792957348578
2,32,23.593404345603215
2,33,21.50313599245777
2,34,19.18976889298803
2,35,16.400682888246052
2,36,17.821605647963
2,37,14.834504392529992
2,38,11.898788609761887
2,39,8.321812350044496
2,40,9.019418522474266
2,41,9.129157088052365
2,42,12.471729187208496
2,43,15.286407377567691
2,44,17.023997726417015
2,45,14.7286142589109
2,46,16.245602358705497
2,47,19.925527214117306
2,48,20.561095149994344
2,49,19.46909737579622
2,50,19.299394312808086
2,51,16.429355849697437
2,52,14.40508539868418
2,53,15.40933272753054
2,54,14.89883746479827
2,55,11.25799395105079
2,56,10.805126163639008
2,57,12.894478165914682
2,58,11.322682952401442
2,59,7.777347490946762
2,60,9.796237197312717
2,61,12.419654557379888
2,62,10.680183052176623
2,63,8.789551820217488
2,64,12.250406101665234
2,65,14.341534449388869
2,66,12.95993066983106
2,67,13.08480750972777
2,68,16.424736448269023
2,69,18.107324971292666
2,70,17.621164569637685
2,71,20.014514945366344
2,72,22.140466973412774
2,73,21.81862846414746
2,74,22.827929335095124
2,75,21.537399066652572
2,76,24.350034479731473
2,77,24.527920039503286
2,78,25.838163173585546
2,79,23.00673259096911
2,80,20.529850762525626
2,81,22.737918552198835
2,82,23.139949320954784
2,83,19.47928191968113
2,84,18.512921459596246
2,85,21.496994235503525
2,86,20.669078186641073
2,87,16.98576659317714
2,88,18.11598357187412
2,89,20.62022189887611
2,90,18.264526718990844
2,91,15.950411106314801
2,92,19.164786442713698
2,93,20.151383336291094
2,94,16.929129049992476
2,95,17.793909126281232
2,96,21.29892777661597
2,97,20.30413203898124
2,98,18.23147889364393
2,99,21.145999797934348
2,100,23.66324012317384
2,101,22.43996635169282
2,102,22.774290849488562
3,1,5.690033985988462
3,2,3.7963735832771413
3,4,3.777471324698238
3,5,5.3851354723511005
3,6,8.617183199320465
3,7,11.337115246878383
3,8,14.539321855044102
3,9,17.907583447821906
3,10,20.330772648003652
3,11,22.731997158411005
3,12,25.887886827197647
3,13,25.612595123351515
3,14,27.096060184766134
3,15,30.664002764900268
3,16,30.689483743691707
3,17,34.04526866928964
3,18,35.49280725966255
3,19,39.25436444521984
3,20,39.9863274236006
3,21,40.33230543587359
3,22,38.83636304377112
3,23,35.22640901592677
3,24,35.436048116129214
3,25,36.618323258860535
3,26,34.03187053598832
3,27,31.189372142493426
3,28,32.675693102224386
3,29,33.39218228361776
3,30,29.863997083169732
3,31,27.439264313865397
3,32,26.9687393095088
3,33,25.080133737526324
3,34,22.676493211463928
3,35,19.670343376663066
3,36,20.6599020543708
3,37,17.349018411946194
3,38,14.35544404640785
3,39,10.569677890427057
3,40,10.107497525216614
3,41,8.743831435355691
3,42,11.386556667782049
3,43,14.601599590333796
3,44,15.558559515926689
3,45,13.20115646028932
3,46,15.473677572223451
3,47,19.17451595324694
3,48,20.4568652881812
3,49,19.986132251682175
3,50,20.223744211087944
3,51,17.0173288930429
3,52,15.067481459808976
3,53,16.900885997424083
3,54,16.626755746641134
3,55,12.836145412299032
3,56,12.844815711080756
3,57,15.55730584649691
3,58,14.186861202787997
3,59,10.909779367052728
3,60,13.095191571652506
3,61,15.965818168574781
3,62,14.351452510351027
3,63,12.580589849667716
3,64,15.983983424839682
3,65,18.135818352036125
3,66,16.629613851424008
3,67,16.625091300905485
3,68,20.056810540870867
3,69,21.763397361264293
3,70,21.015140588569786
3,71,23.397044925742954
3,72,25.71083743576671
3,73,25.547602522987315
3,74,26.61061038921316
3,75,25.311847063192754
3,76,28.061493998785053
3,77,28.089708975843752
3,78,29.40834542017135
3,79,26.654850767269945
3,80,24.077619376184863
3,81,26.078628600174977
3,82,26.493586686484186
3,83,22.86998637134531
3,84,21.637882938148067
3,85,24.41969877942363
3,86,23.627198058084332
3,87,19.85683420858736
3,88,20.572510898313798
3,89,22.900412105926762
3,90,20.513868661070102
3,91,17.858277613089776
3,92,20.68375525765557
3,93,21.61445466811624
3,94,18.138457522621895
3,95,18.50790618071141
3,96,21.900249394185614
3,97,20.7563341178607
3,98,18.135407026976367
3,99,20.86319685530794
3,100,23.442162094426727
3,101,21.823814796425086
3,102,21.745000969696907
4,1,8.909596404984745
4,2,6.278864304157861
4,3,3.777471324698238
4,5,3.8132512731370247
4,6,6.624928144327121
4,7,10.114667010445446
4,8,12.71934929322166
4,9,16.20449380928297
4,10,19.06944261666186
4,11,21.247524982425254
4,12,24.600472361111017
4,13,24.664315604094305
4,14,25.935022307938766
4,15,29.628121125308297
4,16,29.821829689627627
4,17,33.28767267769626
4,18,35.07002010719612
4,19,38.75423330904769
4,20,39.83937450006461
4,21,40.1787157906368
4,22,39.02444934693641
4,23,35.3743974073102
4,24,35.243316611108334
4,25,36.65012360146826
4,26,34.365846251022326
4,27,31.25442302265693
4,28,32.567238160180196
4,29,33.67803077768888
4,30,30.34050305871806
4,31,27.563948997342155
4,32,27.2742439750948
4,33,25.816514086668608
4,34,23.08497261812153
4,35,19.757939433542052
4,36,20.122502513302322
4,37,16.510781540708695
4,38,13.461056374303379
4,39,9.754044373670045
4,40,8.21467501428678
4,41,5.9161869946743835
4,42,7.844611649196691
4,43,11.287614433396955
4,44,12.104538190281103
4,45,10.218226690081588
4,46,12.86055464404222
4,47,16.605372122857634
4,48,17.967880466053813
4,49,17.65118342033059
4,50,18.50474686112878
4,51,15.418079572907246
4,52,13.079687430747592
4,53,15.401278972623105
4,54,15.851323351036863
4,55,12.21433166403088
4,56,11.956601168845992
4,57,15.282096436704894
4,58,14.742068101358502
4,59,11.689839350490189
4,60,13.474506393699489
4,61,16.83269300788061
4,62,16.016532937930332
4,63,14.34222940815566
4,64,17.347849134628753
4,65,19.95540928578743
4,66,19.02290382027258
4,67,18.782739157218483
4,68,21.912895016432113
4,69,24.01928330274425
4,70,23.570288578695518
4,71,25.624300619437832
4,72,27.9159965620677
4,73,27.489085266077648
4,74,28.497165865699923
4,75,26.90916522851128
4,76,29.556369695107932
4,77,29.345834781631694
4,78,30.291890628079283
4,79,27.56643473266405
4,80,25.01859380203467
4,81,26.596430542829786
4,82,26.709822068305943
4,83,23.1498278570794
4,84,21.715853553440862
4,85,24.039448724617337
4,86,23.09545244187159
4,87,19.300050341699226
4,88,19.636656866713906
4,89,21.549528724396534
4,90,19.095616325762656
4,91,16.243072158105303
4,92,18.663171244683255
4,93,19.387105467595585
4,94,15.772635431821229
4,95,15.817194591325865
4,96,19.00842638887183
4,97,17.75799850414411
4,98,14.852520057445608
4,99,17.481057917030068
4,100,20.028083095465394
4,101,18.283354928836147
4,102,18.052898522050974
5,1,8.709663702064354
5,2,5.265455319443602
5,3,5.3851354723511005
5,4,3.8132512731370247
5,6,3.783681902671089
5,7,6.759043272839719
5,8,9.429514589842647
5,9,13.014142422102411
5,10,15.581934339811731
5,11,17.7105940161471
5,12,20.96371934808391
5,13,20.923087870280188
5,14,22.31289110666704
5,15,25.985601900697358
5,16,26.269114027199556
5,17,29.77381196031829
5,18,31.584636525239784
5,19,35.27333442956914
5,20,36.336415873745054
5,21,36.54242448054598
5,22,35.40296853717541
5,23,31.787968884393276
5,24,31.56756088529483
5,25,32.91129970651741
5,26,30.680876905701968
5,27,27.535212400924113
5,28,28.77439263362225
5,29,29.9113065474522
5,30,26.61925894419316
5,31,23.78141546006393
5,32,23.530760644861086
5,33,22.171998639215975
5,34,19.366613607794395
5,35,15.981893223724388
5,36,16.33063386654339
5,37,12.753773444196995
5,38,9.67910479643541
5,39,5.970808432807001
5,40,5.126513194824889
5,41,4.6669878262218445
5,42,7.546874284619453
5,43,10.619776441893546
5,44,12.592569762187615
5,45,11.114803118874375
5,46,12.900941741829026
5,47,16.68173992653354
5,48,17.228878077170464
5,49,16.12259644031713
5,50,16.88297936879456
5,51,14.264815989499231
5,52,11.434953634941266
5,53,13.010333915583978
5,54,13.741077682545457
5,55,10.277307919092623
5,56,9.047239925398863
5,57,12.241620885973164
5,58,12.156602295429161
5,59,8.91539266941335
5,60,10.011140621035691
5,61,13.577092160229284
5,62,13.274563032922906
5,63,11.463609104250526
5,64,14.081515230707346
5,65,16.979446848637508
5,66,16.517560691762466
5,67,16.104024163099428
5,68,18.910119792214687
5,69,21.277508961649723
5,70,21.17825556266
5,71,22.965720091441778
5,72,25.113549951760753
5,73,24.452564703884782
5,74,25.455524422691777
5,75,23.78319738382617
5,76,26.47431445825204
5,77,26.351381127674077
5,78,27.031900295757914
5,79,24.187249521041615
5,80,21.837616138520577
5,81,23.414260679791802
5,82,23.25317566955092
5,83,19.645963466026334
5,84,18.45764366011656
5,85,20.720949859813647
5,86,19.522132519419056
5,87,15.743885479512526
5,88,16.424906411781336
5,89,18.24848645528886
5,90,15.61351455371775
5,91,13.039926800820517
5,92,15.844184428780045
5,93,16.400775725421575
5,94,12.836372681333994
5,95,13.508941370208928
5,96,16.789445891933276
5,97,15.512008793357733
5,98,13.17921738310716
5,99,16.18623781009215
5,100,18.577238958810597
5,101,17.201328833474996
5,102,17.57480475796909
6,1,11.981866771780702
6,2,8.254114675610445
6,3,8.617183199320465
6,4,6.624928144327121
6,5,3.783681902671089
6,7,3.7675057002764407
6,8,6.233816756734581
6,9,9.592477343973016
6,10,12.537181639000098
6,11,14.90278027828789
6,12,18.40909247863246
6,13,18.943501633578816
6,14,20.627070958737914
6,15,24.351114006188247
6,16,25.146884087435527
6,17,28.807534185343822
6,18,30.94173433449892
6,19,34.53772679857992
6,20,35.78485558225543
6,21,35.662197931059396
6,22,34.73555567917454
6,23,31.23713962058039
6,24,30.599651294666156
6,25,31.813907195733623
6,26,29.885423230252876
6,27,26.591503855267653
6,28,27.365638738222792
6,29,28.643582195555805
6,30,25.59668936171268
6,31,22.489750185430687
6,32,21.997826001184716
6,33,21.20315222340881
6,34,18.45071546478844
6,35,14.771932200605011
6,36,14.318163791816271
6,37,10.567847979382847
6,38,8.238295702541011
6,39,5.501603228475653
6,40,5.3616163316761405
6,41,6.046488423839206
6,42,7.570109052640615
6,43,10.556488921767174
6,44,12.995461953118664
6,45,12.61681776061634
6,46,14.314485371524373
6,47,17.949614871843
6,48,18.060339617043407
6,49,16.5308313617125
6,50,17.865298547212888
6,51,15.861284028758242
6,52,12.46513982386267
6,53,13.662515775785169
6,54,15.242959993478822
6,55,12.303973404398041
6,56,10.028803940696376
6,57,13.124179754468495
6,58,13.94707838683389
6,59,10.797938110688586
6,60,10.549727721437977
6,61,14.33124382908567
6,62,14.773254067529976
6,63,12.50874581107374
6,64,14.30412852550592
6,65,17.697525851292234
6,66,17.597551835969874
6,67,16.47504468026249
6,68,18.879644368045607
6,69,21.770848642494826
6,70,21.702058088395134
6,71,22.897061268158613
6,72,25.198709192412025
6,73,24.568901692325596
6,74,25.87063948271388
6,75,24.306620583244033
6,76,27.13698264588701
6,77,27.222491515733108
6,78,27.416709659491076
6,79,24.358415532377528
6,80,22.468476416137143
6,81,23.93855423414415
6,82,23.170990310086776
6,83,19.570105625485155
6,84,18.83663380127453
6,85,20.65680090763207
6,86,18.838784841364504
6,87,15.239598338302848
6,88,16.263741336441242
6,89,17.354694692558976
6,90,14.226302985422562
6,91,12.239238453946896
6,92,15.003517863242747
6,93,14.683395133294557
6,94,10.958052900860956
6,95,12.355322024799204
6,96,15.115822379264646
6,97,13.14669294917178
6,98,11.248849895545803
6,99,14.731184597702873
6,100,16.48065081137315
6,101,14.85613338196229
6,102,15.943946096462701
7,1,13.498357643153168
7,2,9.871521664190965
7,3,11.337115246878383
7,4,10.114667010445446
7,5,6.759043272839719
7,6,3.7675057002764407
7,8,3.786883408840152
7,9,6.650163443881504
7,10,9.10923161241407
7,11,11.820431703342706
7,12,15.26014315487346
7,13,15.887585791773235
7,14,18.02172470280149
7,15,21.651164924833246
7,16,22.75393362489637
7,17,26.45103202768867
7,18,28.61256919981531
7,19,32.17332746463845
7,20,33.327222484183785
7,21,32.90590770889282
7,22,31.950828076932666
7,23,28.587477261207294
7,24,27.795769038466513
7,25,28.75455911015136
7,26,26.910678855865267
7,27,23.644606717812
7,28,24.13962590400041
7,29,25.31978656856202
7,30,22.37641037226096
7,31,19.22406874119571
7,32,18.490457120649136
7,33,17.957938385930078
7,34,15.369768485851507
7,35,11.615451758867122
7,36,10.884951728385046
7,37,7.2354714002439176
7,38,5.85667749254332
7,39,4.712035229841869
7,40,6.661084003480047
7,41,8.94678197537517
7,42,10.534752746205456
7,43,12.827850495999643
7,44,15.807114936969244
7,45,15.694378007038125
7,46,16.807263509657837
7,47,20.26321969827421
7,48,19.73712296992972
7,49,17.55899816855224
7,50,18.73887999690542
7,51,17.323192940052667
7,52,13.801952910618933
7,53,14.007862111025755
7,54,15.757720508705026
7,55,13.325662925335399
7,56,10.233936120176649
7,57,12.526220245911366
7,58,13.792933589589389
7,59,10.762513940996321
7,60,9.209293267009333
7,61,12.79726214089394
7,62,13.794354843589382
7,63,11.230799045928617
7,64,12.11315884709136
7,65,15.784567083571066
7,66,16.096861528853836
7,67,14.491729886439785
7,68,16.373182946983757
7,69,19.60850284946167
7,70,19.739414255063398
7,71,20.437259852006278
7,72,22.68544068663574
7,73,21.996294388414867
7,74,23.4917155131628
7,75,22.078185529658693
7,76,25.03689798117128
7,77,25.424956153831904
7,78,25.280821531500674
7,79,22.014016020394156
7,80,20.601717552564555
7,81,22.178932381134953
7,82,20.965018757217244
7,83,17.35657658908622
7,84,17.264717488270442
7,85,18.94292993225293
7,86,16.61832635884191
7,87,13.280331040482695
7,88,15.032018619824266
7,89,15.770535310020872
7,90,12.297100247481637
7,91,11.257560729780414
7,92,14.385335893105507
7,93,13.524593581198598
7,94,10.137167449823917
7,95,12.587821501318775
7,96,15.027356345029979
7,97,12.87053080436957
7,98,12.052409767416083
7,99,15.739672891025076
7,100,16.97596628265311
7,101,15.68820713888977
7,102,17.490916209693868
8,1,16.690954449487336
8,2,13.184331073463964
8,3,14.539321855044102
8,4,12.71934929322166
8,5,9.429514589842647
8,6,6.233816756734581
8,7,3.786883408840152
8,9,3.800175824692394
8,10,6.668989228228339
8,11,8.749938688153648
8,12,12.382988544479467
8,13,13.455484545026469
8,14,15.364222584642041
8,15,19.048346463859218
8,16,20.441044304492483
8,17,24.2070324739601
8,18,26.72168672224176
8,19,30.12310296553895
8,20,31.62137927097176
8,21,31.123124292500105
8,22,30.572144539387704
8,23,27.268032424542366
8,24,26.054836646412927
8,25,27.218185095187067
8,26,25.80639539667284
8,27,22.314078974381587
8,28,22.539707350512167
8,29,24.19530920833981
8,30,21.626775176619184
8,31,18.148049568355784
8,32,17.770104259135113
8,33,17.888676216666695
8,34,15.027020397106185
8,35,11.227737268219702
8,36,9.438706350405006
8,37,5.777687477061103
8,38,5.287661939191364
8,39,6.149190504854328
8,40,7.308608000045631
8,41,9.932824532518161
8,42,10.655872066109687
8,43,12.00613592389064
8,44,15.346291671310315
8,45,15.973226710927465
8,46,16.57237168830602
8,47,19.639586633661217
8,48,18.583800860605766
8,49,16.05904683505092
8,50,17.669650904427105
8,51,16.951074205646783
8,52,13.23341916253928
8,53,13.079472381084326
8,54,15.582378483098024
8,55,13.901199712298553
8,56,10.425748648979274
8,57,12.556976730953972
8,58,14.767472742152469
8,59,12.473599078938149
8,60,10.352175704609154
8,61,13.759611629868733
8,62,15.634282364024292
8,63,13.60843555156968
8,64,13.754218902635113
8,65,17.464054929054534
8,66,18.474007832049278
8,67,16.92400684417368
8,68,18.149448753956133
8,69,21.53055407085174
8,70,22.134284676944894
8,71,22.46036640989328
8,72,24.398242343699188
8,73,23.31713013814567
8,74,24.593879786479366
8,75,22.891390851757755
8,76,25.575763918015724
8,77,25.729075660833093
8,78,25.075595946994614
8,79,21.955200972557588
8,80,20.776497828230045
8,81,21.801096194207695
8,82,20.136149429573518
8,83,16.837703795979436
8,84,16.741697634321532
8,85,17.678141519724946
8,86,15.053827666654112
8,87,12.074678919592268
8,88,13.566711328866694
8,89,13.464693569289999
8,90,9.830572162438406
8,91,9.301617870288368
8,92,11.946002214817012
8,93,10.360108071226021
8,94,7.138601051357062
8,95,10.139091549291201
8,96,11.967558467037332
8,97,9.596980927294874
8,98,9.613934733875784
8,99,13.285701663448991
8,100,14.052179483401677
8,101,13.175576200122961
8,102,15.441044632422688
9,1,19.961400162259498
9,2,16.449626307136626
9,3,17.907583447821906
9,4,16.20449380928297
9,5,13.014142422102411
9,6,9.592477343973016
9,7,6.650163443881504
9,8,3.800175824692394
9,10,3.805311605052233
9,11,6.449642601183325
9,12,10.20567665027804
9,13,12.172308126290954
9,14,14.581498606981013
9,15,18.01748052496526
9,16,20.056786187042544
9,17,23.81278531900049
9,18,26.533921442837556
9,19,29.731953259267538
9,20,31.29311032232139
9,21,30.365753018285023
9,22,29.991759165338507
9,23,26.960664465639333
9,24,25.339956296569543
9,25,26.198119814154122
9,26,25.15432466599645
9,27,21.692521764588573
9,28,21.282552641612966
9,29,22.9571173525405
9,30,20.80331322262213
9,31,17.233875251258482
9,32,16.4786404314414
9,33,17.3474507937016
9,34,14.90693947062108
9,35,11.317215082215823
9,36,8.5222979940239
9,37,5.876339506159762
9,38,7.585685329911292
9,39,9.530904148164966
9,40,11.06475550432745
9,41,13.672182717357938
9,42,13.997592314307655
9,43,15.088259221814852
9,44,18.388935798532547
9,45,19.435687998429376
9,46,19.94690143962465
9,47,22.790159084414995
9,48,21.451733284988144
9,49,18.706102033745733
9,50,20.456280047827637
9,51,20.197875541314193
9,52,16.49661606678985
9,53,15.931504909726195
9,54,18.61883962111093
9,55,17.327867012067763
9,56,13.677011793787102
9,57,15.232458579220511
9,58,17.691493535731865
9,59,15.578395193383173
9,60,12.87248635623739
9,61,15.805410227951437
9,62,17.98794923185851
9,63,15.7863229582632
9,64,15.156727414458043
9,65,18.88347843701138
9,66,20.111315070334857
9,67,18.06361097552982
9,68,18.71546794787883
9,69,22.359014939357323
9,70,22.974899036060446
9,71,22.66903154939578
9,72,24.621410929689073
9,73,23.630776349705346
9,74,25.17575396434138
9,75,23.73389464535873
9,76,26.46661202843678
9,77,26.912702091204917
9,78,25.820902791248006
9,79,22.590668878918965
9,80,22.028527189906512
9,81,22.997496701925073
9,82,20.784310486096917
9,83,17.738927340251983
9,84,18.29212402976428
9,85,18.775050603917347
9,86,15.6192391683552
9,87,13.342489911595347
9,88,15.246359813597527
9,89,14.356274616260169
9,90,10.61779698047097
9,91,11.336038016492438
9,92,13.593239965253076
9,93,11.099849275571247
9,94,8.764254325399696
9,95,12.236843577251275
9,96,13.08434314314204
9,97,10.283635584873842
9,98,11.400795706151355
9,99,14.915616270571155
9,100,14.746858349638789
9,101,13.908455995619484
9,102,16.85445120178148
10,1,21.50504897789487
10,2,18.291233636509013
10,3,20.330772648003652
10,4,19.06944261666186
10,5,15.581934339811731
10,6,12.537181639000098
10,7,9.10923161241407
10,8,6.668989228228339
10,9,3.805311605052233
10,11,3.805615635848064
10,12,7.059820590436744
10,13,9.083296887190848
10,14,12.059010551592928
10,15,15.188999983509708
10,16,17.512385991689804
10,17,21.178768071084562
10,18,23.830576808255728
10,19,26.939225644495764
10,20,28.353997011070323
10,21,27.15142964484285
10,22,26.754761444039094
10,23,23.91171915368051
10,24,22.153458036653983
10,25,22.75274131111665
10,26,21.84528232933255
10,27,18.46800543530507
10,28,17.74802465858498
10,29,19.372481507577046
10,30,17.443402518718393
10,31,13.867656490333841
10,32,13.022759408863976
10,33,14.366022222618842
10,34,12.189925731360875
10,35,9.02494180101054
10,36,5.605967008914505
10,37,4.713623763179681
10,38,8.019216253442307
10,39,11.028842017476727
10,40,13.236106140778661
10,41,16.376472702631155
10,42,17.14233251162818
10,43,17.88702842624326
10,44,21.410917689848624
10,45,22.276669244195034
10,46,22.336378582956133
10,47,25.014163535697634
10,48,23.24228543564615
10,49,20.099134874782326
10,50,21.432980377596586
10,51,21.613175095437683
10,52,18.128295076231268
10,53,16.777213503199473
10,54,19.273319269602105
10,55,18.47908628588497
10,56,14.66406535394875
10,57,15.284851919071968
10,58,17.897024394973474
10,59,16.21957515827909
10,60,12.897111403924788
10,61,15.072661354153665
10,62,17.668251264973094
10,63,15.697442653636207
10,64,14.171445842147243
10,65,17.682154876476428
10,66,19.400926691387028
10,67,17.278448240401605
10,68,17.15351651669185
10,69,20.827348614712815
10,70,21.82290075926606
10,71,21.067499445954407
10,72,22.663777969847057
10,73,21.453376598011875
10,74,22.964334776001113
10,75,21.6124450167728
10,76,24.253485443859542
10,77,24.90408860265042
10,78,23.448446881636304
10,79,20.189957922169803
10,80,20.180826797575715
10,81,21.110729862017276
10,82,18.49186298707139
10,83,15.71917856788955
10,84,16.93241217680318
10,85,17.143849676782867
10,86,13.6242527278491
10,87,12.068861960082893
10,88,14.549813256007745
10,89,13.338767213036038
10,90,9.756685624811
10,91,11.649045510839361
10,92,13.964089925305434
10,93,11.380342493244985
10,94,10.12503834924138
10,95,13.901076692060224
10,96,14.548192477425308
10,97,12.319088394430084
10,98,14.144286894825155
10,99,17.34516159657793
10,100,17.055417494002157
10,101,16.828440676478195
10,102,19.858527597164574
11,1,23.668363457710154
11,2,20.637216384499173
11,3,22.731997158411005
11,4,21.247524982425254
11,5,17.7105940161471
11,6,14.90278027828789
11,7,11.820431703342706
11,8,8.749938688153648
11,9,6.449642601183325
11,10,3.805615635848064
11,12,3.8077744524643236
11,13,6.33020891583656
11,14,8.809486453001698
11,15,11.904494882846492
11,16,14.445697031311317
11,17,18.094253136528504
11,18,21.03477762514146
11,19,23.960022221287474
11,20,25.704374655754446
11,21,24.551038673008946
11,22,24.583979680036975
11,23,21.792774282964405
11,24,19.67920968396346
11,25,20.63872629978672
11,26,20.185495430310883
11,27,16.625488655023624
11,28,15.809691522336793
11,29,18.063810189960915
11,30,16.585291143938836
11,31,12.834807929563308
11,32,12.88566250390559
11,33,14.669426266596394
11,34,12.189397697736569
11,35,9.589641987248555
11,36,5.873223055162856
11,37,6.194715267620245
11,38,9.184216981164273
11,39,12.690493779255434
11,40,14.401412600298134
11,41,17.64436599441185
11,42,18.203855088426035
11,43,18.154645148451518
11,44,21.7963758024049
11,45,22.889118348904113
11,46,22.36676041864408
11,47,24.58731438553504
11,48,22.326260772187684
11,49,18.929791960218044
11,50,20.26603049653284
11,51,21.108330559865852
11,52,17.841917476841864
11,53,16.019938721041978
11,54,18.77774323834344
11,55,18.729086207268676
11,56,14.975752864211206
11,57,15.16081225595851
11,58,18.296108915491487
11,59,17.360164194584637
11,60,13.979365819551711
11,61,15.737188633861544
11,62,18.875440905005696
11,63,17.59414525295773
11,64,15.79146834653316
11,65,19.01009590072784
11,66,21.285799257642818
11,67,19.604334892950877
11,68,19.056322674085266
11,69,22.514592157233544
11,70,24.036283097130724
11,71,23.256675937188117
11,72,24.345601098021163
11,73,22.6285851542175
11,74,23.638505753789644
11,75,21.886617472908906
11,76,24.045977149205168
11,77,24.31294845500593
11,78,22.426642811933018
11,79,19.54078935248708
11,80,19.672486267539817
11,81,19.937543488318774
11,82,17.016193093663748
11,83,14.816256905558621
11,84,15.911828818563663
11,85,15.305446978491618
11,86,11.717865762165976
11,87,10.954270215599722
11,88,12.992930206382367
11,89,10.938765245876741
11,90,7.823201425071891
11,91,10.569833251255002
11,92,12.112331693416666
11,93,9.17992583697516
11,94,9.229617458767228
11,95,12.898196614833486
11,96,12.917929132849206
11,97,11.336251304490952
11,98,13.949475354014577
11,99,16.556515874790392
11,100,16.05817366825119
11,101,16.651475239537984
11,102,19.661556452664875
12,1,26.262875297302948
12,2,23.507626938522822
12,3,25.887886827197647
12,4,24.600472361111017
12,5,20.96371934808391
12,6,18.40909247863246
12,7,15.26014315487346
12,8,12.382988544479467
12,9,10.20567665027804
12,10,7.059820590436744
12,11,3.8077744524643236
12,13,3.7989391026417048
12,14,6.41661721050132
12,15,8.747447000055274
12,16,11.793248446662426
12,17,15.210659065427828
12,18,18.205470704274845
12,19,20.878198202864386
12,20,22.64503179493966
12,21,21.225468101164623
12,22,21.495735440460074
12,23,18.98234729891336
12,24,16.513283024218588
12,25,17.39014864506077
12,26,17.39847273751591
12,27,13.913132255170725
12,28,12.65277754584222
12,29,15.233295833017499
12,30,14.370854595681212
12,31,10.724687858008842
12,32,11.290743957910362
12,33,13.690021691076513
12,34,11.559469759569692
12,35,10.086465861145546
12,36,6.728350548439632
12,37,8.74649553885424
12,38,11.78824190228185
12,39,15.550209978623691
12,40,17.389618148107523
12,41,20.798202254622336
12,42,21.51964808053157
12,43,21.125803308745187
12,44,24.822067304565923
12,45,25.84856543156749
12,46,24.92123138859799
12,47,26.848760172695375
12,48,24.218155934690795
12,49,20.60895251024511
12,50,21.589901088764726
12,51,22.924869045511713
12,52,20.006358483926657
12,53,17.62792700713606
12,54,20.177777299216093
12,55,20.705803327633227
12,56,17.07794155383315
12,57,16.49348888937842
12,58,19.713281206476367
12,59,19.34625060228769
12,60,15.78835600840781
12,61,16.747272534989282
12,62,20.17517440932699
12,63,19.338164710599706
12,64,16.967311667923873
12,65,19.714668118367992
12,66,22.436666180354898
12,67,20.929382653083056
12,68,19.710115296464117
12,69,22.943119254446074
12,70,24.88489246697873
12,71,23.794207584861994
12,72,24.37047788253575
12,73,22.32857802081917
12,74,23.05073891790688
12,75,21.26194998283346
12,76,23.036278801397515
12,77,23.296405229721852
12,78,20.91825036547602
12,79,18.309893640320336
12,80,19.020775376790677
12,81,18.90941091886909
12,82,15.56817115095306
12,83,14.110344464087728
12,84,15.679638383268255
12,85,14.439169632901018
12,86,10.758862201922625
12,87,11.278469650726453
12,88,13.360670137764046
12,89,10.835428417488469
12,90,8.733560453847007
12,91,12.244121722842465
12,92,13.336674919547779
12,93,10.640378525808439
12,94,11.824737590656744
12,95,15.206315523733634
12,96,14.9078027620286
12,97,14.006606490273343
12,98,16.965756736873097
12,99,19.121945000165535
12,100,18.514823778979117
12,101,19.6237652416798
12,102,22.57759054011334
13,1,25.220683267867273
13,2,22.892450804093546
13,3,25.612595123351515
13,4,24.664315604094305
13,5,20.923087870280188
13,6,18.943501633578816
13,7,15.887585791773235
13,8,13.455484545026469
13,9,12.172308126290954
13,10,9.083296887190848
13,11,6.33020891583656
13,12,3.7989391026417048
13,14,3.8427856647811174
13,15,6.327268178510896
13,16,8.730608252251665
13,17,12.235046781863451
13,18,14.92710700661483
13,19,17.893434461964315
13,20,19.429959019577
13,21,18.282142058558573
13,22,18.293570063240566
13,23,15.514940813315478
13,24,13.363289003075314
13,25,14.52119674810968
13,26,14.174827621810522
13,27,10.524923380867712
13,28,9.964311141765453
13,29,12.709210308712422
13,30,11.541386991768547
13,31,7.87897101961413
13,32,9.50436940311228
13,33,11.407872911535005
13,34,8.933078751751442
13,35,8.256186140868836
13,36,6.088780023164615
13,37,8.79436654724059
13,38,11.288047779813473
13,39,15.108194252629774
13,40,17.11050978290712
13,41,20.73113713888339
13,42,21.975390560050446
13,43,21.429262654084393
13,44,25.20907728467515
13,45,25.770305643568463
13,46,24.477308787894874
13,47,26.31601632960269
13,48,23.515968371931137
13,49,19.766956992261544
13,50,20.094928166855972
13,51,21.5764350663841
13,52,19.064138192570795
13,53,16.164848657886857
13,54,18.21932591409527
13,55,19.1383895822794
13,56,15.732934168616366
13,57,14.37003902768311
13,58,17.503115794648988
13,59,17.70429543529521
13,60,14.151489853270943
13,61,14.37428299652702
13,62,17.998780224059246
13,63,17.77276327168461
13,64,15.16101523550021
13,65,17.434340615721005
13,66,20.535514666581882
13,67,19.54786085088665
13,68,18.045066276624343
13,69,20.899843321631508
13,70,23.288110066786796
13,71,22.412477988639786
13,72,22.50228084928792
13,73,20.030681688097197
13,74,20.25499848701399
13,75,18.154996720963936
13,76,19.613767744573163
13,77,19.67729981419482
13,78,17.205076559816238
13,79,14.769916635352827
13,80,15.53183207698217
13,81,15.222334522432494
13,82,11.805225981855724
13,83,10.634533556701033
13,84,12.398878328426624
13,85,11.017814603925993
13,86,7.3252862904058835
13,87,8.622619040069507
13,88,10.918575758043856
13,89,8.745806732122626
13,90,7.441566583053732
13,91,11.178963752574534
13,92,12.474144255571755
13,93,10.757131533054485
13,94,12.269335359113638
13,95,15.36968030360332
13,96,15.646436290934194
13,97,15.489736583792505
13,98,18.14134996294412
13,99,20.14152360915674
13,100,20.155660980623274
13,101,21.559540694306616
13,102,24.111027557000707
14,1,26.628371208875244
14,2,24.494761195723207
14,3,27.096060184766134
14,4,25.935022307938766
14,5,22.31289110666704
14,6,20.627070958737914
14,7,18.02172470280149
14,8,15.364222584642041
14,9,14.581498606981013
14,10,12.059010551592928
14,11,8.809486453001698
14,12,6.41661721050132
14,13,3.8427856647811174
14,15,3.7806542934100786
14,16,5.680844632042504
14,17,9.351030065052305
14,18,12.472056765474257
14,19,15.34426372690863
14,20,17.412239514990183
14,21,16.767584668143108
14,22,17.325750521819746
14,23,14.444865471421794
14,24,12.136548551054455
14,25,14.208166143561833
14,26,14.261751441415878
14,27,10.562413603813635
14,28,10.607262448370246
14,29,13.959802935216068
14,30,13.15905013400166
14,31,9.92598805043241
14,32,12.479115790128835
14,33,14.020430382241182
14,34,11.281344532042688
14,35,10.928606339700304
14,36,9.347676538747695
14,37,11.349938452989692
14,38,12.958596871077386
14,39,16.577128457040615
14,40,17.93350436200556
14,41,21.37714872060008
14,42,22.44828342759785
14,43,21.26624735765795
14,44,24.96059552600219
14,45,25.5931584949191
14,46,23.78901354739168
14,47,25.12174311616892
14,48,21.973101479037478
14,49,18.176583348544927
14,50,18.352354761441305
14,51,20.425112258576753
14,52,18.350261599731496
14,53,15.184324346142466
14,54,17.295994209117463
14,55,18.924284646660574
14,56,15.916614552122168
14,57,14.324975839948552
14,58,17.72754522186311
14,59,18.619163523002623
14,60,15.465995242682592
14,61,15.490654180299318
14,62,19.283866088321545
14,63,19.696179111642085
14,64,17.35294194417887
14,65,19.325475342229236
14,66,22.634325246723865
14,67,22.170170704439
14,68,20.746950517128678
14,69,23.266397765853092
14,70,25.93651836561197
14,71,25.357085677483624
14,72,25.137827513032686
14,73,22.323822519874025
14,74,21.958005093415583
14,75,19.37988226336628
14,76,20.201849808506154
14,77,19.575015225242662
14,78,16.912559718479645
14,79,15.205679813823691
14,80,15.662939041947496
14,81,14.429397933131055
14,82,11.126263712085924
14,83,10.822027825545744
14,84,11.78101938889769
14,85,9.35261462294355
14,86,6.3692948737910315
14,87,8.591941158295219
14,88,9.615856436170292
14,89,6.706145510220313
14,90,7.099198203611117
14,91,10.739766081694585
14,92,10.981266394676863
14,93,9.758381282106741
14,94,12.293410885312579
14,95,14.674967354003364
14,96,14.627055043230738
14,97,15.361691237653982
14,98,18.14861609464111
14,99,19.47670025781617
14,100,19.621115751472647
14,101,21.644514632720494
14,102,23.8536778677955
15,1,29.882912864378035
15,2,27.927674489365792
15,3,30.664002764900268
15,4,29.628121125308297
15,5,25.985601900697358
15,6,24.351114006188247
15,7,21.651164924833246
15,8,19.048346463859218
15,9,18.01748052496526
15,10,15.188999983509708
15,11,11.904494882846492
15,12,8.747447000055274
15,13,6.327268178510896
15,14,3.7806542934100786
15,16,3.791426094059785
15,17,6.5967227730348545
15,18,9.888631892554782
15,19,12.263544790209414
15,20,14.476920921713685
15,21,13.522433382255771
15,22,14.58826930704471
15,23,12.19487466997106
15,24,9.283095615050293
15,25,11.498823336622353
15,26,12.382709600046285
15,27,9.082373395935074
15,28,8.699178795697945
15,29,12.434047355688714
15,30,12.605908928120664
15,31,10.103012406312983
15,32,13.054174307882555
15,33,14.934282442490202
15,34,12.88088069769665
15,35,13.489740645017541
15,36,12.23470785096776
15,37,14.768392259268781
15,38,16.553699390907653
15,39,20.182145896323423
15,40,21.627518633639966
15,41,25.0803195913591
15,42,26.17666798943784
15,43,24.86270945199544
15,44,28.51060767691662
15,45,29.14132576389213
15,46,27.146071626510707
15,47,28.234945870750654
15,48,24.913185012612423
15,49,21.13815909397907
15,50,21.057846844773717
15,51,23.425720701884405
15,52,21.672195426592435
15,53,18.335076436527867
15,54,20.158631722537944
15,55,22.10864102196791
15,56,19.310665096802484
15,57,17.331685986878224
15,58,20.5466582728084
15,59,21.754109221880505
15,60,18.608471441850785
15,61,18.083789815279918
15,62,21.85621137504624
15,63,22.51332562160135
15,64,19.851875557664517
15,65,21.364136370560217
15,66,24.87377567050299
15,67,24.506049074632486
15,68,22.611757958651964
15,69,24.851030239786684
15,70,27.767809119557096
15,71,26.920760202286772
15,72,26.273650604247493
15,73,23.27633320204567
15,74,22.630028327209107
15,75,20.13581872507612
15,76,20.44346181844063
15,77,19.796736098655597
15,78,16.64184401936207
15,79,15.50324259421966
15,80,16.607166429249993
15,81,14.949997289978356
15,82,11.443400099025892
15,83,12.27776859856543
15,84,13.61367425468851
15,85,10.716743536202442
15,86,8.455345207141006
15,87,11.550358660365937
15,88,12.41731252985447
15,89,9.682557068784387
15,90,10.780941264630952
15,91,14.296665221264506
15,92,14.206753554663454
15,93,13.169731570946016
15,94,15.974859823791451
15,95,18.14929456263542
15,96,17.815714790879973
15,97,18.746004576888122
15,98,21.69388238753337
15,99,22.765483946243528
15,100,22.72276328061282
15,101,24.951528641873004
15,102,27.174284189953553
16,1,29.42028375094864
16,2,27.870268323008457
16,3,30.689483743691707
16,4,29.821829689627627
16,5,26.269114027199556
16,6,25.146884087435527
16,7,22.75393362489637
16,8,20.441044304492483
16,9,20.056786187042544
16,10,17.512385991689804
16,11,14.445697031311317
16,12,11.793248446662426
16,13,8.730608252251665
16,14,5.680844632042504
16,15,3.791426094059785
16,17,3.7793961803379927
16,18,6.911271049193967
16,19,9.819170701215338
16,20,12.060739721886875
16,21,12.040676265772685
16,22,12.9957104266029
16,23,10.172530211415138
16,24,7.985405961688048
16,25,11.111015078093171
16,26,11.562368515232087
16,27,8.472134384397739
16,28,9.561005500174662
16,29,13.069529729767835
16,30,12.911478172684143
16,31,10.970555889664835
16,32,14.48925706288123
16,33,15.544223879513371
16,34,13.272934326494399
16,35,14.262792569057378
16,36,13.88771726459806
16,37,16.14702143040823
16,38,17.20851385030288
16,39,20.526662354272403
16,40,21.768327924109517
16,41,25.138312518196006
16,42,26.5012973800032
16,43,24.969924528349654
16,44,28.52735961047542
16,45,28.804917451080964
16,46,26.460972671872398
16,47,27.306234610282633
16,48,23.884530386893303
16,49,20.175431702243397
16,50,19.486565137631995
16,51,22.047156940938905
16,52,20.85782265814923
16,53,17.262628296911586
16,54,18.561132875856295
16,55,20.972171093112085
16,56,18.678551905098374
16,57,16.218875796357075
16,58,19.227638769638823
16,59,21.0483243092107
16,60,18.301262101118905
16,61,17.27805718428016
16,62,20.9919951094878
16,63,22.28348293635386
16,64,19.80051940792873
16,65,20.829009737085872
16,66,24.47858750701525
16,67,24.694463945997796
16,68,22.84759419863294
16,69,24.62731736433779
16,70,27.81563741038877
16,71,27.352672724376905
16,72,26.362528484291115
16,73,23.0630236464158
16,74,21.824245262202943
16,75,18.9322306951624
16,76,18.664748388294633
16,77,17.430002423046307
16,78,14.300731278224742
16,79,13.858754618470398
16,80,14.630218871892767
16,81,12.306976712717292
16,82,9.191267727157628
16,83,10.858560836951476
16,84,11.645613593670857
16,85,8.273281274150795
16,86,7.32690189022191
16,87,10.911765185171559
16,88,11.109271270574325
16,89,9.018545652012683
16,90,11.218312451752134
16,91,14.180180465390023
16,92,13.913739934784504
16,93,13.903412517887121
16,94,16.788445034255805
16,95,18.425935705024116
16,96,18.503690875779498
16,97,20.031307844963557
16,98,22.61565234433835
16,99,23.420311901345336
16,100,23.902931525333862
16,101,26.341895342149094
16,102,28.133087320774035
17,1,32.45990181437632
17,2,31.15132968044842
17,3,34.04526866928964
17,4,33.28767267769626
17,5,29.77381196031829
17,6,28.807534185343822
17,7,26.45103202768867
17,8,24.2070324739601
17,9,23.81278531900049
17,10,21.178768071084562
17,11,18.094253136528504
17,12,15.210659065427828
17,13,12.235046781863451
17,14,9.351030065052305
17,15,6.5967227730348545
17,16,3.7793961803379927
17,18,3.7644589709588447
17,19,6.094612454462823
17,20,8.744725560336596
17,21,9.12990373585688
17,22,10.767266486239032
17,23,8.5472398020885
17,24,6.364595935396417
17,25,10.000873385848282
17,26,11.12335154266133
17,27,9.068929028187425
17,28,10.293272955555683
17,29,13.584667453115886
17,30,14.13069458709203
17,31,13.095014572361544
17,32,16.748805741353983
17,33,17.739051122724103
17,34,15.956939201707957
17,35,17.493675333617265
17,36,17.403307990281416
17,37,19.82516671158187
17,38,20.835651559684255
17,39,24.061775643181424
17,40,25.265470114644888
17,41,28.576841663719957
17,42,29.98570630770787
17,43,28.29804323575065
17,44,31.76296945292632
17,45,31.96120196377776
17,46,29.40005773753047
17,47,29.964565186796918
17,48,26.437289247670893
17,49,22.854599646093146
17,50,21.85822018652749
17,51,24.636274238494234
17,52,23.85365833659171
