1,2,3.8036240189669046
1,3,5.793000386109769
1,4,8.890577365844893
1,5,8.461802101171703
1,6,11.714292501656454
1,7,13.408596882499587
1,8,16.653561158338437
1,9,19.99213116011545
1,10,21.31127906770149
1,11,23.612571753347382
1,12,26.061467134427193
1,13,24.8956952226826
1,14,26.431457025652566
1,15,29.530909820730038
1,16,29.07483046732112
1,17,32.14549747362283
1,18,32.466610950630496
1,19,36.24171413607726
1,20,37.16723607395795
1,21,37.82127129026526
1,22,35.940989822701276
1,23,32.48989083363049
1,24,32.79157424595322
1,25,34.03279595388293
1,26,30.931719090195426
1,27,28.480773757109645
1,28,30.619307998517
1,29,30.938213271363132
1,30,27.23120374037557
1,31,25.347884581072123
1,32,25.0013329198328
1,33,22.64359414606452
1,34,20.506575632297018
1,35,18.30385023852383
1,36,20.135748941974445
1,37,17.480028126877762
1,38,14.461040217599718
1,39,11.010186794907078
1,40,11.347202527798723
1,41,11.477699802070417
1,42,14.962691741893257
1,43,17.498484085152104
1,44,18.96987026927557
1,45,16.175230093737294
1,46,17.362245443378182
1,47,20.78335178412646
1,48,21.62925113122133
1,49,20.918005710884465
1,50,20.038405040405696
1,51,17.05239571578903
1,52,15.658082687077846
1,53,16.581827477178084
1,54,15.287504118410794
1,55,11.664884896815797
1,56,12.144385946147679
1,57,13.56845906993335
1,58,11.17468230000224
1,59,8.393241896430679
1,60,11.223392534923796
1,61,13.031277264314397
1,62,10.524780393585813
1,63,9.226448915495176
1,64,12.990241346699477
1,65,14.163837960186543
1,66,12.226683147990883
1,67,13.244378983772815
1,68,16.722398899700238
1,69,17.67302171660649
1,70,16.988188004610993
1,71,19.994462400248718
1,72,21.84715078681642
1,73,21.48900692730097
1,74,22.298307779120382
1,75,21.087982582640823
1,76,23.775687303188203
1,77,24.03592498013476
1,78,25.484965087825135
1,79,22.917603837728908
1,80,20.215877055112916
1,81,22.797065848121836
1,82,23.891049993032862
1,83,20.296776732243444
1,84,19.096787846042584
1,85,22.240825479409963
1,86,21.992776268098925
1,87,18.403582474994977
1,88,19.42391584812986
1,89,22.377261080897224
1,90,20.38974798330849
1,91,17.882179558429304
1,92,21.056389887604254
1,93,22.626543355925637
1,94,19.68886740335378
1,95,20.27300661837252
1,96,23.890658412869083
1,97,23.177673038123576
1,98,20.979900979234436
1,99,23.247784690916028
1,100,26.246001824847916
1,101,25.283093382176673
1,102,25.116167007571487
2,1,3.8036240189669046
2,3,3.7679738221282126
2,4,6.058933587077657
2,5,4.8986778941977
2,6,7.960071927456877
2,7,9.860886840003563
2,8,13.156168608685464
2,9,16.527203824094997
2,10,18.185816983309646
2,11,20.65486752834317
2,12,23.407244552198225
2,13,22.66946217422226
2,14,24.342140972166817
2,15,27.66506129515681
2,16,27.60589496364817
2,17,30.91823379394526
2,18,31.661422387924105
2,19,35.45920806940037
2,20,36.57737069706077
2,21,37.013919842995875
2,22,35.40263903089376
2,23,32.03366536529147
2,24,31.898565915131236
2,25,33.10246046095391
2,26,30.247593773991778
2,27,27.482989818466912
2,28,29.283499222528423
2,29,29.872587296062086
2,30,26.312095972789116
2,31,24.006491092690972
2,32,23.512390877541037
2,33,21.63765397800113
2,34,19.252290592562158
2,35,16.504809672483056
2,36,17.752526685129602
2,37,14.718829114320965
2,38,11.746281876266647
2,39,8.079781964256233
2,40,8.440484625820506
2,41,8.706025401704364
2,42,12.011026897675674
2,43,14.815757212579124
2,44,16.57144697144654
2,45,14.31021215335216
2,46,15.811261764166163
2,47,19.476260820323347
2,48,20.144878704610477
2,49,19.207363585483392
2,50,18.958971660598298
2,51,16.20961007242818
2,52,14.060339084072202
2,53,15.059149463786044
2,54,14.64258390359161
2,55,10.94893761996321
2,56,10.493753478066925
2,57,12.626052842921407
2,58,11.254589687937258
2,59,7.7683764411718705
2,60,9.826191131144505
2,61,12.570223668468806
2,62,11.016109197969502
2,63,8.926014260712588
2,64,12.318283670342383
2,65,14.4499341241443
2,66,13.031507460391213
2,67,13.16998590142548
2,68,16.531220215544273
2,69,18.26270542732229
2,70,17.63388758796837
2,71,20.106174769679136
2,72,22.214423664103673
2,73,21.83943809330657
2,74,22.96224154338184
2,75,21.64237447779885
2,76,24.51726777084059
2,77,24.85767666565625
2,78,25.76508422824678
2,79,22.94724829129088
2,80,20.483388712427317
2,81,22.87449771833482
2,82,23.395181720656144
2,83,19.648313757678366
2,84,18.62131155989049
2,85,21.349014370514947
2,86,20.590350224392612
2,87,16.881946329765675
2,88,18.01698487235211
2,89,20.51784933406474
2,90,18.104577600507053
2,91,15.651578893951045
2,92,18.855281581023803
2,93,19.97156535002273
2,94,16.76591094572685
2,95,17.579542687694136
2,96,21.02485771296196
2,97,19.937376735943303
2,98,17.739461198207444
2,99,20.289182942419814
2,100,23.07256220801977
2,101,21.900967880178477
2,102,21.970446400921663
3,1,5.793000386109769
3,2,3.7679738221282126
3,4,3.7722808485323434
3,5,5.317296423205118
3,6,8.541690382951026
3,7,11.42870649442103
3,8,14.537993253628935
3,9,17.978851450201585
3,10,20.23123397257664
3,11,22.7919168178444
3,12,25.851216544393566
3,13,25.449144530389606
3,14,27.011939138342537
3,15,30.483014880465554
3,16,30.517628858783333
3,17,33.90533876505717
3,18,34.825935069669136
3,19,38.59446944604524
3,20,39.89983485386534
3,21,40.38575068189615
3,22,38.91315020265201
3,23,35.5221408870958
3,24,35.25724703107921
3,25,36.5536307172851
3,26,33.802948151127666
3,27,30.92628832657697
3,28,32.634457378469385
3,29,33.372630098503315
3,30,29.877606947070017
3,31,27.418561620176444
3,32,26.874214595077863
3,33,25.197545251416944
3,34,22.742639405871092
3,35,19.780163002451072
3,36,20.60249707966793
3,37,17.265771321716336
3,38,14.26669754034961
3,39,10.48148782852502
3,40,9.765266691699374
3,41,8.52944838299871
3,42,11.09121114438742
3,43,14.377401246533983
3,44,15.34688344099155
3,45,12.958214903965178
3,46,15.23373751344647
3,47,18.92516347761656
3,48,20.230605445763725
3,49,19.904237054655887
3,50,20.041361760352526
3,51,16.97597127169443
3,52,14.908442303397337
3,53,16.7170109761088
3,54,16.542634167840372
3,55,12.756237466560595
3,56,12.735941422756076
3,57,15.451434825146913
3,58,14.267800071927777
3,59,11.018002271527017
3,60,13.200210456947731
3,61,16.157189429970668
3,62,14.696679599714138
3,63,12.686905591070929
3,64,16.021778654546935
3,65,18.20620751139859
3,66,16.628378370442693
3,67,16.614091119853672
3,68,20.079775746082678
3,69,21.835225557498216
3,70,20.91891564674144
3,71,23.367396236028608
3,72,25.689232412400443
3,73,25.50146667086224
3,74,26.697782558654815
3,75,25.40078638820293
3,76,28.233982331360068
3,77,28.455511258220646
3,78,29.378267348333146
3,79,26.626312380433173
3,80,24.07800500844699
3,81,26.30345819008073
3,82,26.8198235287828
3,83,23.0869759441037
3,84,21.828205477352984
3,85,24.361518524356445
3,86,23.629245021716766
3,87,19.858974552468442
3,88,20.615615164578863
3,89,22.921203603638677
3,90,20.467112308779125
3,91,17.716390995252173
3,92,20.538981490379978
3,93,21.586176795582602
3,94,18.120786126572625
3,95,18.45156371932207
3,96,21.766900700226163
3,97,20.540321670602047
3,98,17.801798136726457
3,99,20.12249758193623
3,100,23.009252205475438
3,101,21.399816094453605
3,102,20.98403431763136
4,1,8.890577365844893
4,2,6.058933587077657
4,3,3.7722808485323434
4,5,3.787637065252076
4,6,6.5748939157123605
4,7,10.152314116902332
4,8,12.582491997770083
4,9,16.127147400899666
4,10,18.812352494596528
4,11,21.149966744481645
4,12,24.42584484034107
4,13,24.3298151072422
4,14,25.648550697984362
4,15,29.265492947790978
4,16,29.459278256075798
4,17,32.95376264862512
4,18,34.22376994996132
4,19,37.92324303253772
4,20,39.54009180807661
4,21,40.034273112020145
4,22,38.902633651507756
4,23,35.52401558862533
4,24,34.91040958572705
4,25,36.38827634352382
4,26,33.92703076217824
4,27,30.79279481897321
4,28,32.34128607511651
4,29,33.48160714837179
4,30,30.184075655122584
4,31,27.383386942619442
4,32,27.031897857394913
4,33,25.784143250103618
4,34,22.976852256585495
4,35,19.69836141848075
4,36,19.86849745926191
4,37,16.25675149217048
4,38,13.18455348090939
4,39,9.564533664269911
4,40,7.813507838029534
4,41,5.63042414384276
4,42,7.4885723604216174
4,43,10.984379514354089
4,44,11.855904082037766
4,45,9.917716235251037
4,46,12.538594152013864
4,47,16.291648669323585
4,48,17.608390340992496
4,49,17.39204839968331
4,50,18.12590507212587
4,51,15.238906707531712
4,52,12.786826214903684
4,53,15.002228397217051
4,54,15.549325681415592
4,55,11.993325114643122
4,56,11.69771673147041
4,57,15.021143339618693
4,58,14.684586979285397
4,59,11.59830710466438
4,60,13.390712764303908
4,61,16.799935612557906
4,62,16.14338685231298
4,63,14.265860783171949
4,64,17.195067512513237
4,65,19.842654459643047
4,66,18.871020931703182
4,67,18.66361081596009
4,68,21.82221579856415
4,69,23.953942276239122
4,70,23.367155692749385
4,71,25.509543145356478
4,72,27.757216416748996
4,73,27.298026372710037
4,74,28.423333309894513
4,75,26.807518830949952
4,76,29.528392329155725
4,77,29.5120863506908
4,78,30.053509357377134
4,79,27.357741128987804
4,80,24.81827963766297
4,81,26.622521799367174
4,82,26.827004432175656
4,83,23.143756245909834
4,84,21.69490068908244
4,85,23.738749858182853
4,86,22.87842647963008
4,87,19.114893871844387
4,88,19.484737872874806
4,89,21.37215872177998
4,90,18.86833286845607
4,91,15.936775103199732
4,92,18.35041170086681
4,93,19.21196127745411
4,94,15.612594073383258
4,95,15.612154259967657
4,96,18.73637143527798
4,97,17.450620295420208
4,98,14.440708516010648
4,99,16.641288700395926
4,100,19.52607183838434
4,101,17.803739143520104
4,102,17.24302272758369
5,1,8.461802101171703
5,2,4.8986778941977
5,3,5.317296423205118
5,4,3.787637065252076
5,6,3.778703609718866
5,7,6.867927747520324
5,8,9.484484249971713
5,9,13.114216506843396
5,10,15.437307576669538
5,11,17.7451779444574
5,12,20.89190241636892
5,13,20.672914584133164
5,14,22.135598296966034
5,15,25.721348556361924
5,16,25.99813121968906
5,17,29.524079743150875
5,18,30.80974063701474
5,19,34.53709488070425
5,20,36.0615490165937
5,21,36.42526938216405
5,22,35.287715335976834
5,23,31.972326865475097
5,24,31.29205444583401
5,25,32.67901632616202
5,26,30.244998475028222
5,27,27.086635791796965
5,28,28.57451614337615
5,29,29.713585733650042
5,30,26.44807054099473
5,31,23.60663034200231
5,32,23.280605399269266
5,33,22.101900368878187
5,34,19.236482600717785
5,35,15.920270477668527
5,36,16.125853813550577
5,37,12.569513726568882
5,38,9.4760801242579
5,39,5.815186524316552
5,40,4.84218046221251
5,41,4.68223698142585
5,42,7.5013068468795865
5,43,10.488281018293922
5,44,12.52331673776547
5,45,11.062014589461208
5,46,12.81536213397459
5,47,16.595206612045466
5,48,17.089919855156452
5,49,16.069820043907196
5,50,16.69312503037528
5,51,14.28430758698409
5,52,11.36847204940351
5,53,12.74215754772781
5,54,13.51485284315383
5,55,10.107226279422447
5,56,8.85229462981461
5,57,12.013060920764774
5,58,12.083970158841643
5,59,8.747587771902282
5,60,9.888882702649038
5,61,13.472049488568038
5,62,13.270788124741639
5,63,11.25471792220999
5,64,13.820403810414195
5,65,16.73794853964111
5,66,16.209844615139378
5,67,15.848013567298898
5,68,18.71036269038223
5,69,21.070675455427406
5,70,20.812511080345352
5,71,22.72326766769095
5,72,24.80921783648792
5,73,24.14679635532161
5,74,25.277071696957943
5,75,23.586024234560046
5,76,26.355818936283427
5,77,26.449893415584025
5,78,26.745624388931304
5,79,23.93320103403948
5,80,21.586528578551842
5,81,23.40626062504653
5,82,23.36468671302358
5,83,19.647229720979112
5,84,18.472552844267195
5,85,20.464452027269473
5,86,19.354395568204446
5,87,15.61092578420387
5,88,16.354689524505314
5,89,18.195232889303433
5,90,15.511921481921908
5,91,12.866322341260553
5,92,15.697341078800058
5,93,16.402729491488646
5,94,12.876755685569853
5,95,13.543170934105918
5,96,16.76374430323489
5,97,15.423244421728224
5,98,13.00533569888711
5,99,15.667401233513877
5,100,18.33634672845818
5,101,17.01710076568923
5,102,17.168474441426675
6,1,11.714292501656454
6,2,7.960071927456877
6,3,8.541690382951026
6,4,6.5748939157123605
6,5,3.778703609718866
6,7,3.7698783932145266
6,8,6.147663560104608
6,9,9.603334841673881
6,10,12.294124066212305
6,11,14.842355775780844
6,12,18.25075785322174
6,13,18.59864052481136
6,14,20.32672972024629
6,15,24.00872305784638
6,16,24.799677698311722
6,17,28.477163426152547
6,18,30.127095013212458
6,19,33.804875075821336
6,20,35.37388270234302
6,21,35.417707257939774
6,22,34.50057721802475
6,23,31.394281506299095
6,24,30.317521419071145
6,25,31.514236065262907
6,26,29.359177253621528
6,27,26.02673653957158
6,28,27.05751242193278
6,29,28.350576967579315
6,30,25.336911854106265
6,31,22.210920641071006
6,32,21.64477623544365
6,33,21.03601430821918
6,34,18.1768930858342
6,35,14.532642398317059
6,36,13.991344205151126
6,37,10.255869123505361
6,38,7.895851182194238
6,39,5.234721760992557
6,40,5.1906793924663255
6,41,6.154920180713511
6,42,7.585536647242695
6,43,10.341236708904892
6,44,12.907779646999643
6,45,12.554577713287507
6,46,14.232447557359635
6,47,17.882092601754824
6,48,17.883207260313103
6,49,16.39051162889029
6,50,17.613624827061937
6,51,15.870070193417595
6,52,12.412473869578076
6,53,13.281911455326291
6,54,14.918167072899747
6,55,12.084721462522499
6,56,9.77042656773053
6,57,12.833380575657882
6,58,13.818544930186388
6,59,10.531612893873781
6,60,10.30109100871005
6,61,14.085294027404084
6,62,14.658235744942077
6,63,12.251931676551514
6,64,13.94053747243306
6,65,17.354343679716404
6,66,17.242579629351315
6,67,16.179498222265174
6,68,18.624420888221348
6,69,21.503882512618905
6,70,21.302475790521925
6,71,22.61774732810294
6,72,24.817061682350598
6,73,24.20533865532891
6,74,25.624716802572724
6,75,24.01163494794902
6,76,26.904208470950216
6,77,27.211271546579795
6,78,27.00905374359759
6,79,23.999240299829278
6,80,22.108873322834967
6,81,23.792191249884272
6,82,23.140884528080242
6,83,19.471041010122416
6,84,18.774081035657783
6,85,20.257541538588317
6,86,18.519010355648618
6,87,14.993759194134677
6,88,16.077678438180694
6,89,17.193353912936775
6,90,14.026990065932505
6,91,11.982678563592543
6,92,14.76993237039406
6,93,14.606850042656554
6,94,10.93926149029981
6,95,12.334184793358821
6,96,15.025345390237028
6,97,13.004442685263664
6,98,11.018673812522897
6,99,14.261554614834504
6,100,16.304306024830517
6,101,14.774482467820702
6,102,15.640237061343482
7,1,13.408596882499587
7,2,9.860886840003563
7,3,11.42870649442103
7,4,10.152314116902332
7,5,6.867927747520324
7,6,3.7698783932145266
7,8,3.785803462074458
7,9,6.715090614972042
7,10,8.881462692690512
7,11,11.773297672648523
7,12,15.097545676914335
7,13,15.591430129336734
7,14,17.774886871789132
7,15,21.375344987138018
7,16,22.50219051783827
7,17,26.21318622482436
7,18,27.935685102668693
7,19,31.60325050173888
7,20,32.98282431721468
7,21,32.718302765370034
7,22,31.793852910692838
7,23,28.8852093546162
7,24,27.656273321387417
7,25,28.565115941253335
7,26,26.499389614827074
7,27,23.163221624755515
7,28,23.892439844852483
7,29,25.101818745811944
7,30,22.210691224113788
7,31,19.013246662584585
7,32,18.19302499292717
7,33,17.88108206532143
7,34,15.164779972845471
7,35,11.411427552701474
7,36,10.625296567013379
7,37,6.989644424807446
7,38,5.688988187268388
7,39,4.686860201494014
7,40,6.753759172984764
7,41,9.168871831504692
7,42,10.591770798534224
7,43,12.594079549808104
7,44,15.687982899520836
7,45,15.692865936165127
7,46,16.820914432638897
7,47,20.281246331943667
7,48,19.653124690331214
7,49,17.511472049780703
7,50,18.648655730942057
7,51,17.50325542347953
7,52,13.928506222834343
7,53,13.786065938320741
7,54,15.61042346280752
7,55,13.289064587847449
7,56,10.174270221246504
7,57,12.431165323614662
7,58,13.866279430386593
7,59,10.705070550554092
7,60,9.142479280580119
7,61,12.70517698162444
7,62,13.847149715669335
7,63,11.196026679794336
7,64,11.909690588820203
7,65,15.598601673620136
7,66,15.937252082293572
7,67,14.371149544861893
7,68,16.270667444772318
7,69,19.49905958721124
7,70,19.50230676763519
7,71,20.299968783872707
7,72,22.42541966013498
7,73,21.78595812246871
7,74,23.408281348384055
7,75,21.934741291250376
7,76,24.943125019171134
7,77,25.558820019366685
7,78,25.00106094925272
7,79,21.787021420088408
7,80,20.39444206840923
7,81,22.137981087843446
7,82,21.029389185623096
7,83,17.41675805975592
7,84,17.388563891557514
7,85,18.66523003891158
7,86,16.3827978041207
7,87,13.156441479794424
7,88,14.959872414462836
7,89,15.702874931603345
7,90,12.191818962296868
7,91,11.122431858354956
7,92,14.23198583133541
7,93,13.475222648299157
7,94,10.173963174065673
7,95,12.63117106494977
7,96,14.954378785169476
7,97,12.679520443193944
7,98,11.790106315595827
7,99,15.36102155814093
7,100,16.794241933666637
7,101,15.609349988802306
7,102,17.266386724887496
8,1,16.653561158338437
8,2,13.156168608685464
8,3,14.537993253628935
8,4,12.582491997770083
8,5,9.484484249971713
8,6,6.147663560104608
8,7,3.785803462074458
8,9,3.7870405520516206
8,10,6.527885561862694
8,11,8.858594586824628
8,12,12.461538484078414
8,13,13.451898694935037
8,14,15.36138374342743
8,15,19.061300531912707
8,16,20.500000574893477
8,17,24.280419701252235
8,18,26.417548448637366
8,19,29.932697107215212
8,20,31.59275381883416
8,21,31.262178626958384
8,22,30.758336067117682
8,23,27.97655893541959
8,24,26.31467401325464
8,25,27.364846870353297
8,26,25.735497374026778
8,27,22.18056766128394
8,28,22.620759985712752
8,29,24.319519347901576
8,30,21.822841853648995
8,31,18.306923506589612
8,32,17.828780796473595
8,33,18.173178054651416
8,34,15.180898107174325
8,35,11.373453627460771
8,36,9.434511933921792
8,37,5.829341661594036
8,38,5.444528430213952
8,39,6.403848521106026
8,40,7.626715488165835
8,41,10.132485500441845
8,42,10.609426969147718
8,43,11.639663573183453
8,44,15.047246705371863
8,45,15.874137772475454
8,46,16.568854316026773
8,47,19.655059987548693
8,48,18.515270594191083
8,49,16.043662478680737
8,50,17.691825554123664
8,51,17.24029505735208
8,52,13.487410867821698
8,53,13.003636950362042
8,54,15.593986179584983
8,55,14.037400583888683
8,56,10.60503919275895
8,57,12.781507055679043
8,58,15.113810817331577
8,59,12.60849107387755
8,60,10.556170361356578
8,61,13.931343428944386
8,62,15.895595014599628
8,63,13.786044218893693
8,64,13.836032498992047
8,65,17.57244559412703
8,66,18.570877452137083
8,67,17.06885733536419
8,68,18.364363928106947
8,69,21.71300070575642
8,70,22.157991353715477
8,71,22.61270829013713
8,72,24.42767750162519
8,73,23.437517570806566
8,74,24.85108513152316
8,75,23.082203987152166
8,76,25.814800889017697
8,77,26.190781421073954
8,78,25.143567362821248
8,79,22.108010489618685
8,80,20.914976229306117
8,81,22.088213563843777
8,82,20.51923092035813
8,83,17.208873083849305
8,84,17.175489371966954
8,85,17.671192640966957
8,86,15.108105521615057
8,87,12.283864627062092
8,88,13.760211716885578
8,89,13.637374166812112
8,90,9.992942638764733
8,91,9.42374706546502
8,92,11.958672569528403
8,93,10.445415889573912
8,94,7.277067753502741
8,95,10.21544077578228
8,96,11.884663574571187
8,97,9.325726893878715
8,98,9.228924561462872
8,99,12.901036284795266
8,100,13.768353095775412
8,101,12.930796018624026
8,102,15.155807368693395
9,1,19.99213116011545
9,2,16.527203824094997
9,3,17.978851450201585
9,4,16.127147400899666
9,5,13.114216506843396
9,6,9.603334841673881
9,7,6.715090614972042
9,8,3.7870405520516206
9,10,3.7930022954313327
9,11,6.5414294841318625
9,12,10.278267748798946
9,13,12.197126795801436
9,14,14.509038506532182
9,15,18.019833910672087
9,16,20.09988395857646
9,17,23.856402639954425
9,18,26.277398359874695
9,19,29.62493306400937
9,20,31.19553138815242
9,21,30.452270100639343
9,22,30.158784633214967
9,23,27.73461015302933
9,24,25.705617845754173
9,25,26.410138833704202
9,26,25.14780210663235
9,27,21.584820381819803
9,28,21.389545056259816
9,29,23.150286125580838
9,30,21.08956335512481
9,31,17.45900719727935
9,32,16.649537846545403
9,33,17.74159439028155
9,34,15.102790183083462
9,35,11.466925441130646
9,36,8.635527735180093
9,37,6.073719143808792
9,38,7.786781744257962
9,39,9.768499268419287
9,40,11.35336442780684
9,41,13.858263659621192
9,42,13.939901659859206
9,43,14.641162838822307
9,44,18.014718175507145
9,45,19.27859473230731
9,46,19.870063604599217
9,47,22.720470781102478
9,48,21.269114290621896
9,49,18.550615096803604
9,50,20.381286725127758
9,51,20.4074553790462
9,52,16.681161995291426
9,53,15.770925233141867
9,54,18.559155210099533
9,55,17.413713817718946
9,56,13.808672144491075
9,57,15.43109097157916
9,58,18.018472069281774
9,59,15.719639329335598
9,60,13.086302725383165
9,61,15.986474539300731
9,62,18.281993607824084
9,63,16.083739297612958
9,64,15.358364302683416
9,65,19.08968533857085
9,66,20.356946355456138
9,67,18.3936330795209
9,68,19.108082151919945
9,69,22.69867725386446
9,70,23.19757851311707
9,71,23.03073416258546
9,72,24.814233149640447
9,73,23.919003005226767
9,74,25.560870832527673
9,75,24.004206108848138
9,76,26.745388718530428
9,77,27.380433764948094
9,78,25.898021332169016
9,79,22.78483643088547
9,80,22.18981932376544
9,81,23.231715235435843
9,82,21.110721770440026
9,83,18.12354279594476
9,84,18.71493641304671
9,85,18.705014127152644
9,86,15.605538983275842
9,87,13.516969671217215
9,88,15.34573325747072
9,89,14.425214771095469
9,90,10.715851169572558
9,91,11.38595218646937
9,92,13.486955585415801
9,93,11.032178868321965
9,94,8.768560079538105
9,95,12.174845872990227
9,96,12.834410433788754
9,97,9.85434348881462
9,98,10.923170397395994
9,99,14.528721189942523
9,100,14.416341344178212
9,101,13.665481816107235
9,102,16.57895171038548
10,1,21.31127906770149
10,2,18.185816983309646
10,3,20.23123397257664
10,4,18.812352494596528
10,5,15.437307576669538
10,6,12.294124066212305
10,7,8.881462692690512
10,8,6.527885561862694
10,9,3.7930022954313327
10,11,3.823310262068065
10,12,7.0590486692736025
10,13,9.03012805976732
10,14,11.88817755519264
10,15,15.12506857072164
10,16,17.4632402436923
10,17,21.129945473861582
10,18,23.50625004041239
10,19,26.79859932619917
10,20,28.132277894212514
10,21,27.13755785793754
10,22,26.818701901744635
10,23,24.601463910225114
10,24,22.479431338419605
10,25,22.923577966168626
10,26,21.77168299068651
10,27,18.268189217390727
10,28,17.796622465015375
10,29,19.517981711689142
10,30,17.66046609655407
10,31,14.013270965427987
10,32,13.157459738535373
10,33,14.666892748720299
10,34,12.23096179777435
10,35,8.959581918576001
10,36,5.618400048245349
10,37,4.721168315355557
10,38,7.995496900196588
10,39,10.987452958576073
10,40,13.26140253237748
10,41,16.339916099592568
10,42,16.9299867512441
10,43,17.29054697711064
10,44,20.890344451025403
10,45,21.97356909916643
10,46,22.09599157263122
10,47,24.784944737688143
10,48,22.916037853367182
10,49,19.792045888221935
10,50,21.206901700746705
10,51,21.63182606734869
10,52,18.118130159669544
10,53,16.435566398944186
10,54,19.002905168162954
10,55,18.319027677662046
10,56,14.544734439424856
10,57,15.242460990832347
10,58,17.96079063622791
10,59,16.100423567678433
10,60,12.840254185698976
10,61,14.991201434414483
10,62,17.683496477874073
10,63,15.766313048965811
10,64,14.172982665933459
10,65,17.691150520561134
10,66,19.468708467460345
10,67,17.457013209441374
10,68,17.422675927725905
10,69,21.020274149909604
10,70,21.920431976537028
10,71,21.345191508394972
10,72,22.744175011650498
10,73,21.633578458694476
10,74,23.217471875076317
10,75,21.717934492068284
10,76,24.35183216668368
10,77,25.16759350830484
10,78,23.354595067309152
10,79,20.225667439272417
10,80,20.1514502400802
10,81,21.111278610332114
10,82,18.6058497878048
10,83,15.921038609073316
10,84,17.15537207605097
10,85,16.890995424404508
10,86,13.415017387297269
10,87,12.017602479605442
10,88,14.414388912169457
10,89,13.2222200404461
10,90,9.65679278672378
10,91,11.479542052773796
10,92,13.678748945650128
10,93,11.128337406005011
10,94,9.931877702062247
10,95,13.693565870267776
10,96,14.227711466736984
10,97,11.842038631046337
10,98,13.628283571021086
10,99,16.962980077156924
10,100,16.69674866477149
10,101,16.596499422928343
10,102,19.645247964050142
11,1,23.612571753347382
11,2,20.65486752834317
11,3,22.7919168178444
11,4,21.149966744481645
11,5,17.7451779444574
11,6,14.842355775780844
11,7,11.773297672648523
11,8,8.858594586824628
11,9,6.5414294841318625
11,10,3.823310262068065
11,12,3.808998953320639
11,13,6.305766413126142
11,14,8.637961914969978
11,15,11.838655953912541
11,16,14.430932795535915
11,17,18.060486745532163
11,18,20.769670997148985
11,19,23.862776477329263
11,20,25.460327469674333
11,21,24.50286602392896
11,22,24.612941467591266
11,23,22.505887729247466
11,24,20.017539119870435
11,25,20.72897823619172
11,26,20.049207200911994
11,27,16.41327512553554
11,28,15.799329978057052
11,29,18.13263511512894
11,30,16.75137384682101
11,31,12.97844254237075
11,32,12.993629801641708
11,33,14.932021116910926
11,34,12.260059815966454
11,35,9.616232817940569
11,36,5.842454259162569
11,37,6.325078725417464
11,38,9.336522608284552
11,39,12.859904967107934
11,40,14.68002377091573
11,41,17.817143037548906
11,42,18.22710757553178
11,43,17.785081432214668
11,44,21.469681744574952
11,45,22.82019655734024
11,46,22.360834629395022
11,47,24.58613393093572
11,48,22.218310671036615
11,49,18.814628136573056
11,50,20.247366528405124
11,51,21.33565827925845
11,52,18.06223861608675
11,53,15.893360197826459
11,54,18.685558360169143
11,55,18.773231889924997
11,56,15.07473210538831
11,57,15.317716546179035
11,58,18.519419857263816
11,59,17.379878450725876
11,60,14.043187116938144
11,61,15.717032726370283
11,62,18.928031828483736
11,63,17.698931008428918
11,64,15.81805847779888
11,65,19.048701194614463
11,66,21.377166662962075
11,67,19.791219208675322
11,68,19.316833934349354
11,69,22.687525737084297
11,70,24.114654755578968
11,71,23.502013153541014
11,72,24.3797058143513
11,73,22.770662102799324
11,74,23.868517200307398
11,75,21.98809097295336
11,76,24.142251034042744
11,77,24.588399008454797
11,78,22.35630345523782
11,79,19.624132097783285
11,80,19.701543534328287
11,81,19.985807358914194
11,82,17.134719214092097
11,83,15.015026168848218
11,84,16.197529563520515
11,85,15.112005012860244
11,86,11.560605237118935
11,87,11.031951201438005
11,88,12.983787089052834
11,89,10.927676534122787
11,90,7.8829060244753055
11,91,10.62526843079497
11,92,12.016402954979393
11,93,9.06661371334715
11,94,9.220196816842705
11,95,12.889725294631061
11,96,12.792506794809166
11,97,11.071937157901864
11,98,13.707861008834717
11,99,16.49177628029995
11,100,15.86508582366973
11,101,16.593646307190912
11,102,19.775001868501352
12,1,26.061467134427193
12,2,23.407244552198225
12,3,25.851216544393566
12,4,24.42584484034107
12,5,20.89190241636892
12,6,18.25075785322174
12,7,15.097545676914335
12,8,12.461538484078414
12,9,10.278267748798946
12,10,7.0590486692736025
12,11,3.808998953320639
12,13,3.786825116880329
12,14,6.288073305683083
12,15,8.739507751030818
12,16,11.820241773908474
12,17,15.200194451397605
12,18,18.00008911895795
12,19,20.87342519126692
12,20,22.32732327621756
12,21,21.10286727909311
12,22,21.4211098839875
12,23,19.64031444168548
12,24,16.866020212787454
12,25,17.403306244009457
12,26,17.150486232284635
12,27,13.601989190029794
12,28,12.530614988501304
12,29,15.159281654855471
12,30,14.368683031980288
12,31,10.716175627023077
12,32,11.23869975730759
12,33,13.724990371949009
12,34,11.419254237861317
12,35,9.904805989614841
12,36,6.546302731801996
12,37,8.750942867696732
12,38,11.842627567749803
12,39,15.600639266866514
12,40,17.588258169470453
12,41,20.914145692834225
12,42,21.546668530097012
12,43,20.80549157552188
12,44,24.533141151685808
12,45,25.80480527859617
12,46,24.948300307944287
12,47,26.900658985332004
12,48,24.191662774765366
12,49,20.57023204515696
12,50,21.636532887818458
12,51,23.155911161561097
12,52,20.229006484433302
12,53,17.534325091808103
12,54,20.06052007638559
12,55,20.681806648728095
12,56,17.105198600773114
12,57,16.562445000693398
12,58,19.796542011762053
12,59,19.223311994739323
12,60,15.686418426534553
12,61,16.527480666095702
12,62,19.99476000948343
12,63,19.233452367557792
12,64,16.7823679130649
12,65,19.534213486770813
12,66,22.31491851447612
12,67,20.896965659535432
12,68,19.744699216972943
12,69,22.877699230086694
12,70,24.73912940155117
12,71,23.818660062401328
12,72,24.167774657306637
12,73,22.2492486256703
12,74,23.060937290142284
12,75,21.148736155772397
12,76,22.92099462852151
12,77,23.366746085559598
12,78,20.691196791373933
12,79,18.234799004255215
12,80,18.890083067673075
12,81,18.777826775691317
12,82,15.488906560089061
12,83,14.122459324458575
12,84,15.829615509456122
12,85,14.185071029125165
12,86,10.507927502592622
12,87,11.252164188395463
12,88,13.292853626164094
12,89,10.835024864299754
12,90,8.79166637118244
12,91,12.302537677338988
12,92,13.319753708048909
12,93,10.616106517921505
12,94,11.853872446416252
12,95,15.276295753328963
12,96,14.951492838416302
12,97,13.911610933242754
12,98,16.860665820472146
12,99,19.25532472182194
12,100,18.48770028509158
12,101,19.70927588686307
12,102,22.892797941263403
13,1,24.8956952226826
13,2,22.66946217422226
13,3,25.449144530389606
13,4,24.3298151072422
13,5,20.672914584133164
13,6,18.59864052481136
13,7,15.591430129336734
13,8,13.451898694935037
13,9,12.197126795801436
13,10,9.03012805976732
13,11,6.305766413126142
13,12,3.786825116880329
13,14,3.800386419477323
13,15,6.339214214649256
13,16,8.760733213682247
13,17,12.253262874019121
13,18,14.702504659440335
13,19,17.847042617797012
13,20,19.22179851274368
13,21,18.308800727383183
13,22,18.356947389933936
13,23,16.237010259418444
13,24,13.722908566675239
13,25,14.620252156299923
13,26,14.007956440336184
13,27,10.31292123876397
13,28,10.007738149149406
13,29,12.778083092244579
13,30,11.64164930181292
13,31,8.005000263426929
13,32,9.594686061401493
13,33,11.514362892110153
13,34,8.861383058101802
13,35,8.124228350786034
13,36,5.867522772668707
13,37,8.702387599095802
13,38,11.219303494580037
13,39,15.006595959684239
13,40,17.09874258713992
13,41,20.6375905744759
13,42,21.802641141612977
13,43,20.9293657441874
13,44,24.719069873076354
13,45,25.552387141806847
13,46,24.317734389550555
13,47,26.168449852631102
13,48,23.32561351639567
13,49,19.58747897002571
13,50,20.01585599083253
13,51,21.634089514628386
13,52,19.09539508814674
13,53,15.951338338216361
13,54,17.974933442305883
13,55,18.95079257082109
13,56,15.597885468870663
13,57,14.301876559268536
13,58,17.443794936198763
13,59,17.449569561320605
13,60,13.923514259181783
13,61,14.045724964730963
13,62,17.68614128608958
13,63,17.54681044494986
13,64,14.906994725820176
13,65,17.213127938088725
13,66,20.35292014603898
13,67,19.464771694162597
13,68,18.06921429684051
13,69,20.819042629069124
13,70,23.117466616189635
13,71,22.44903032139106
13,72,22.332546957677213
13,73,19.967531594775895
13,74,20.284523603918085
13,75,18.050997814235643
13,76,19.520589797759968
13,77,19.74452377814408
13,78,17.008000656463903
13,79,14.732560998006852
13,80,15.38315814381139
13,81,15.057541730632597
13,82,11.717758250951015
13,83,10.579640222446798
13,84,12.456067509934696
13,85,10.71475958404917
13,86,7.009315960818646
13,87,8.470063940634232
13,88,10.705212495011724
13,89,8.624940513996952
13,90,7.3365277319598645
13,91,11.056784689254984
13,92,12.291184793873324
13,93,10.551439468833813
13,94,12.103245227486834
13,95,15.262909460623113
13,96,15.547784007812497
13,97,15.234499619466789
13,98,17.871827129135422
13,99,20.056719244846033
13,100,19.877140538251904
13,101,21.39945484684997
13,102,24.21681974499576
14,1,26.431457025652566
14,2,24.342140972166817
14,3,27.011939138342537
14,4,25.648550697984362
14,5,22.135598296966034
14,6,20.32672972024629
14,7,17.774886871789132
14,8,15.36138374342743
14,9,14.509038506532182
14,10,11.88817755519264
14,11,8.637961914969978
14,12,6.288073305683083
14,13,3.800386419477323
14,15,3.7771917507697945
14,16,5.852301600596926
14,17,9.48960089916724
14,18,12.411709767352738
14,19,15.382398318761517
14,20,17.37427727793688
14,21,16.951864622078258
14,22,17.55113579224134
14,23,15.321648450385545
14,24,12.567530701673125
14,25,14.30999927284591
14,26,14.174865519110611
14,27,10.537906831376187
14,28,10.724630579273073
14,29,14.084879342930014
14,30,13.341408401217715
14,31,10.166955551743968
14,32,12.634364949426349
14,33,14.221944585158981
14,34,11.400006621010887
14,35,10.997929522587343
14,36,9.129015116094914
14,37,11.261256316989046
14,38,12.936421658189191
14,39,16.579363862621136
14,40,18.019575288848642
14,41,21.33951925475027
14,42,22.317303111277685
14,43,20.82085198786862
14,44,24.488621280227733
14,45,25.451349462182215
14,46,23.71657754699899
14,47,25.055604871701224
14,48,21.86899668649081
14,49,18.069930154672825
14,50,18.40247382098218
14,51,20.59435098635366
14,52,18.479415031430776
14,53,15.117909120037998
14,54,17.205040314767036
14,55,18.89487447442513
14,56,15.930473189883251
14,57,14.453144578912022
14,58,17.853654220236333
14,59,18.507935795380995
14,60,15.37633694619543
14,61,15.32150878007892
14,62,19.10657235636791
14,63,19.56373110285798
14,64,17.217354644170253
14,65,19.26162745747798
14,66,22.573350981569508
14,67,22.184192622016717
14,68,20.875653184488144
14,69,23.305397028576518
14,70,25.86419448664165
14,71,25.48032926127767
14,72,25.081251731957465
14,73,22.371437137620486
14,74,22.125545752981427
14,75,19.44668223516489
14,76,20.30423535100352
14,77,19.841912653409178
14,78,16.946623437378175
14,79,15.409241751957245
14,80,15.742549041306262
14,81,14.515776120570981
14,82,11.245589821492441
14,83,10.868180905509362
14,84,11.970498128687613
14,85,9.230008069335337
14,86,6.271420121495593
14,87,8.620462709924933
14,88,9.548207225444578
14,89,6.656216452344753
14,90,7.0415329991749624
14,91,10.721880451478052
14,92,10.869218522726678
14,93,9.516274996632005
14,94,12.095943810673063
14,95,14.56641466224444
14,96,14.511450629732044
14,97,15.080171675952483
14,98,17.906935594689266
14,99,19.429976150919003
14,100,19.233272887424228
14,101,21.36923350842824
14,102,23.979340793839725
15,1,29.530909820730038
15,2,27.66506129515681
15,3,30.483014880465554
15,4,29.265492947790978
15,5,25.721348556361924
15,6,24.00872305784638
15,7,21.375344987138018
15,8,19.061300531912707
15,9,18.019833910672087
15,10,15.12506857072164
15,11,11.838655953912541
15,12,8.739507751030818
15,13,6.339214214649256
15,14,3.7771917507697945
15,16,3.7899856771727203
15,17,6.576943847964118
15,18,9.774360844708843
15,19,12.295191575368627
15,20,14.219583266263784
15,21,13.560169829485105
15,22,14.629100668584748
15,23,12.885052287977457
15,24,9.654737837227376
15,25,11.463690048591268
15,26,12.127786267900829
15,27,8.926387643239808
15,28,8.733172847031526
15,29,12.455433915749778
15,30,12.624869995467176
15,31,10.2065126775278
15,32,13.159810985194808
15,33,14.962610762009014
15,34,12.818286444275378
15,35,13.419131781842013
15,36,12.03021172541871
15,37,14.670664759528563
15,38,16.465570607303217
15,39,20.085374171678584
15,40,21.61494437402863
15,41,24.956789601608392
15,42,26.008642999007584
15,43,24.389958038341227
15,44,28.000845434336156
15,45,28.92919134631976
15,46,26.98097389361201
15,47,28.071877425953826
15,48,24.721658711579163
15,49,20.937774541069693
15,50,20.972195899452995
15,51,23.425981350396537
15,52,21.66634185556673
15,53,18.143258224015117
15,54,19.881964518330566
15,55,21.895990934840484
15,56,19.166296944480315
15,57,17.24475223048714
15,58,20.42454688279766
15,59,21.459014892188986
15,60,18.34631224948017
15,61,17.68559356415015
15,62,21.429937272823892
15,63,22.205361107849495
15,64,19.552364733111744
15,65,21.092397004650643
15,66,24.62787295807669
15,67,24.374819378743734
15,68,22.587363225382482
15,69,24.699449601988906
15,70,27.546496964749934
15,71,26.921718328728442
15,72,26.061882273354254
15,73,23.146707345972857
15,74,22.567207143844335
15,75,19.93871010771738
15,76,20.240102301770673
15,77,19.69818487085254
15,78,16.376812193175294
15,79,15.440822073887766
15,80,16.392504329071258
15,81,14.646902943751044
15,82,11.126990750487666
15,83,11.975342361895828
15,84,13.454117680149935
15,85,10.323224443793288
15,86,8.110976374279849
15,87,11.352479944811806
15,88,12.11978413963119
15,89,9.460771339053169
15,90,10.639605611273316
15,91,14.17503743916381
15,92,14.02958541156144
15,93,12.94211120793109
15,94,15.778497139289897
15,95,18.01722602646651
15,96,17.74656007841495
15,97,18.555480627333285
15,98,21.509167887653607
15,99,22.80025402895708
15,100,22.440557856787184
15,101,24.784141159580408
15,102,27.407412345259925
16,1,29.07483046732112
16,2,27.60589496364817
16,3,30.517628858783333
16,4,29.459278256075798
16,5,25.99813121968906
16,6,24.799677698311722
16,7,22.50219051783827
16,8,20.500000574893477
16,9,20.09988395857646
16,10,17.4632402436923
16,11,14.430932795535915
16,12,11.820241773908474
16,13,8.760733213682247
16,14,5.852301600596926
16,15,3.7899856771727203
16,17,3.788360967377976
16,18,6.687448672344293
16,19,9.640492698859388
16,20,11.933312699367628
16,21,12.229586122192833
16,22,13.141245389321176
16,23,10.811561827137353
16,24,8.135393170788976
16,25,10.998696582582026
16,26,11.29112856849858
16,27,8.42522750180349
16,28,9.664144184372752
16,29,13.110059945527118
16,30,12.931820232772257
16,31,11.116074065000127
16,32,14.62328243105583
16,33,15.590594576128197
16,34,13.29773022183301
16,35,14.300845331543314
16,36,13.714867181916576
16,37,16.067640938426603
16,38,17.135333833201422
16,39,20.441095197750155
16,40,21.73503510690843
16,41,24.990843195130946
16,42,26.329029534433726
16,43,24.530523681716602
16,44,28.022316817346482
16,45,28.609879297607613
16,46,26.301289310766325
16,47,27.135643662882217
16,48,23.717277041870837
16,49,20.017350911330393
16,50,19.439921364439204
16,51,22.03478780642473
16,52,20.8364227450336
16,53,17.130067953537257
16,54,18.31319716738166
16,55,20.764554055310374
16,56,18.545051984367017
16,57,16.14180031667883
16,58,19.09234897478889
16,59,20.759995828071727
16,60,18.050777975693677
16,61,16.886774037240496
16,62,20.53660702618054
16,63,21.944919474274162
16,64,19.50268771280438
16,65,20.566694826395352
16,66,24.214913199107045
16,67,24.54701515018015
16,68,22.813334414266933
16,69,24.460102070283074
16,70,27.571790364706075
16,71,27.33774715320785
16,72,26.153651876838662
16,73,22.9108808109826
16,74,21.741930306062475
16,75,18.735942101384445
16,76,18.474943508381514
16,77,17.323679244971956
16,78,14.075040082268305
16,79,13.845471863816591
16,80,14.435869361565926
16,81,12.023502080694731
16,82,8.887927409223296
16,83,10.488506353441968
16,84,11.412603028115454
16,85,7.922324990472782
16,86,7.105916454180521
16,87,10.740073711909872
16,88,10.826801497081036
16,89,8.843096672495562
16,90,11.107519136477007
16,91,14.075370048092182
16,92,13.773840399871423
16,93,13.71601935634238
16,94,16.60801924670626
16,95,18.314446704149088
16,96,18.482461847339152
16,97,19.87984451597899
16,98,22.47014939652996
16,99,23.442235101607128
16,100,23.574308876997204
16,101,26.12390649099208
16,102,28.34914239710302
17,1,32.14549747362283
17,2,30.91823379394526
17,3,33.90533876505717
17,4,32.95376264862512
17,5,29.524079743150875
17,6,28.477163426152547
17,7,26.21318622482436
17,8,24.280419701252235
17,9,23.856402639954425
17,10,21.129945473861582
17,11,18.060486745532163
17,12,15.200194451397605
17,13,12.253262874019121
17,14,9.48960089916724
17,15,6.576943847964118
17,16,3.788360967377976
17,18,3.777265962519903
17,19,5.9544336040657395
17,20,8.613423658316455
17,21,9.350237466307018
17,22,10.900346818051576
17,23,9.065727747722493
17,24,6.381885282217665
17,25,9.761984697319013
17,26,10.83266164093878
17,27,9.096730571459695
17,28,10.354145519900031
17,29,13.570735986420745
17,30,14.096089249064775
17,31,13.197376850121735
17,32,16.861660708665582
17,33,17.73976082519955
17,34,15.975601119940626
17,35,17.53392018144042
17,36,17.245508299245923
17,37,19.757853497992016
17,38,20.78529960368697
17,39,23.99713109144181
17,40,25.251370642109872
17,41,28.45150549894911
17,42,29.844493245027223
17,43,27.910314449184536
17,44,31.296949345998065
17,45,31.814418914482047
17,46,29.288669812472165
17,47,29.84053844281006
17,48,26.332472787999006
17,49,22.757093759736126
17,50,21.883846936000726
17,51,24.65849698920859
