1,2,3.821679715237563
1,3,7.101544749087624
1,4,9.449041673040048
1,5,13.15708951299724
1,6,16.122389103724355
1,7,19.57165267274765
1,8,22.31959651095818
1,9,25.917764939586103
1,10,28.007748135056808
1,11,31.747009259953717
1,12,31.310755862904294
1,13,27.616860591458575
1,14,26.14252205350827
1,15,23.202470836362536
1,16,19.41322662570067
1,17,16.474472532081382
1,18,12.645599294343791
1,19,9.783491882867139
1,20,6.125282374215944
1,21,5.011238603817683
1,22,4.536937706318924
1,23,7.164338784334421
1,24,10.02377884425262
1,25,12.39169239700419
1,26,10.667592971374875
1,27,10.215580815269618
1,28,13.861867155149914
1,29,15.144580535841621
1,30,14.048109683009464
1,31,15.655062047539381
1,32,18.708253547755696
1,33,19.253705133243518
1,34,19.17369507974735
1,35,21.70752993414149
1,36,23.796040326806285
1,37,24.017223567418686
1,38,25.24504602814821
1,39,27.891694274410625
1,40,26.29977139146563
1,41,27.230528455050603
1,42,26.989424942803897
1,43,25.766887415494303
1,44,22.192065115249836
1,45,20.93287608095354
1,46,17.69563218336328
1,47,17.45965122351245
1,48,14.87069651595586
1,49,15.980803822205182
1,50,15.094764011673568
1,51,12.188269789100838
1,52,14.944667696846318
1,53,16.525884026486537
1,54,20.10190471229186
1,55,22.383146311993197
1,56,26.06959430156278
1,57,29.106890013344607
1,58,32.64156884153496
1,59,34.75138930390342
1,60,37.03003142779758
2,1,3.821679715237563
2,3,3.836787928905936
2,4,6.4168976868311844
2,5,10.030947121254286
2,6,13.363889158581335
2,7,16.535861311313198
2,8,19.595862269156417
2,9,23.078209157287287
2,10,25.483842068377374
2,11,29.253064960257927
2,12,28.9276500974019
2,13,25.256554993056312
2,14,23.400375264994818
2,15,20.29877402010925
2,16,16.524459915924215
2,17,13.980056431833571
2,18,10.249591195984348
2,19,8.323930150306884
2,20,5.438995069680977
2,21,5.602650056028555
2,22,6.522395978771715
2,23,7.318518841732853
2,24,8.871919519534135
2,25,12.07341079545775
2,26,11.053803646038267
2,27,9.455934285613651
2,28,12.80072548238709
2,29,14.890606822418066
2,30,13.678375012975993
2,31,14.353450435768702
2,32,17.651718887322815
2,33,18.72019636208676
2,34,18.14641286893771
2,35,20.244650218218364
2,36,22.81073690762212
2,37,23.223038198144355
2,38,23.905405622026194
2,39,26.469714444692897
2,40,24.52996164536722
2,41,25.518005376957525
2,42,24.959361489813546
2,43,23.603559506561137
2,44,19.999272411968757
2,45,18.403321712329248
2,46,15.067491226279536
2,47,14.430307678087317
2,48,12.059691388510295
2,49,12.772235750287173
2,50,11.482617322811222
2,51,8.824011304168804
2,52,11.649045865551395
2,53,13.751388195062829
2,54,17.27486060577686
2,55,19.9177976283799
2,56,23.461425279591285
2,57,26.696577061400397
2,58,30.147080785754437
2,59,32.07924907435324
2,60,34.54228313422687
3,1,7.101544749087624
3,2,3.836787928905936
3,4,3.7969143394880245
3,5,6.720408070888307
3,6,10.228871741816796
3,7,13.229682960067862
3,8,16.30927847947315
3,9,19.83835380810857
3,10,22.2586774063231
3,11,25.974878342994277
3,12,25.479720760492285
3,13,21.780317851493198
3,14,19.798310279268453
3,15,16.583929924239513
3,16,12.807979791158932
3,17,10.322111218627912
3,18,6.706620699217274
3,19,5.810014292388799
3,20,4.5737282778219175
3,21,6.588448053946802
3,22,9.0677301536008
3,23,9.290278109739068
3,24,9.468101642329346
3,25,12.668482550542594
3,26,11.618890214563905
3,27,8.867584355567416
3,28,11.870945673303243
3,29,14.174103607955361
3,30,12.373773703045797
3,31,12.29825322196569
3,32,15.890187276355334
3,33,17.00720140763395
3,34,15.772615523488923
3,35,17.6873848249534
3,36,20.608462866502354
3,37,20.862418065104176
3,38,21.079612758607755
3,39,23.741235797956577
3,40,21.76859548058005
3,41,23.09512226808073
3,42,22.615845696532308
3,43,21.560759940716192
3,44,18.168387543564343
3,45,16.75695280388992
3,46,13.759857417903879
3,47,13.286705285794916
3,48,11.852001815451258
3,49,12.391289236368296
3,50,10.038934092178827
3,51,7.538177896200895
3,52,9.375250128785007
3,53,11.544569577201344
3,54,14.700733197333827
3,55,17.3156146908491
3,56,20.709661243392226
3,57,23.910015023435303
3,58,27.39877902349592
3,59,29.048556942249228
3,60,31.446909071460304
4,1,9.449041673040048
4,2,6.4168976868311844
4,3,3.7969143394880245
4,5,3.8382673713378295
4,6,6.981522565855947
4,7,10.199118162232258
4,8,13.225525297192917
4,9,16.67352125002853
4,10,19.126866152216635
4,11,22.9138259554309
4,12,22.788955134108107
4,13,19.219019882919955
4,14,17.287965454830644
4,15,14.416335714997574
4,16,10.739003494910126
4,17,8.714826336985775
4,18,5.604067252685145
4,19,5.487627346340463
4,20,6.167139441453499
4,21,7.118524840756268
4,22,9.6917285307989
4,23,8.633662329124018
4,24,7.326644607851283
4,25,10.36927155047883
4,26,9.957765337785418
4,27,6.639946291092961
4,28,8.794445485032613
4,29,11.624867326161034
4,30,10.257795048433309
4,31,9.380840636969836
4,32,12.787163078900946
4,33,14.489815853078246
4,34,13.375801929346775
4,35,14.742451237084273
4,36,17.766044523224018
4,37,18.536584054294668
4,38,18.61111470630078
4,39,20.899142559495903
4,40,18.610769239604295
4,41,19.648074185173606
4,42,18.951652907536463
4,43,17.777790037226715
4,44,14.372579672038842
4,45,13.057641516227568
4,46,10.263734225211666
4,47,10.379211739148626
4,48,9.67878538697137
4,49,10.981393684116947
4,50,8.462796877265225
4,51,5.281933032020553
4,52,6.154677685028378
4,53,7.806061957447565
4,54,11.061169407750624
4,55,13.667229171843491
4,56,17.134671657175684
4,57,20.380025596177724
4,58,23.833081065717977
4,59,25.673836739226996
4,60,28.153590776454514
5,1,13.15708951299724
5,2,10.030947121254286
5,3,6.720408070888307
5,4,3.8382673713378295
5,6,3.801350054515088
5,7,6.5325812172906845
5,8,9.744652409744651
5,9,13.15246353523607
5,10,15.76631920472407
5,11,19.51030988544496
5,12,19.36098403072536
5,13,15.83792638465851
5,14,13.616054454838421
5,15,10.686425760945562
5,16,7.1099238800943425
5,17,5.942387640687314
5,18,4.439637827410619
5,19,6.696625021331059
5,20,8.953458283442172
5,21,10.498212583183605
5,22,13.359947440844175
5,23,12.081840225318022
5,24,9.986451891978152
5,25,12.539567579361869
5,26,12.395294547094379
5,27,8.697475382647607
5,28,9.62003336660294
5,29,12.506725048767484
5,30,10.88901437665583
5,31,8.768009409569212
5,32,12.068196982983695
5,33,14.00359525144415
5,34,12.153796773566357
5,35,12.836498719695548
5,36,16.30223396193946
5,37,17.08330893940156
5,38,16.42673458164082
5,39,18.602436979503903
5,40,16.10791915418487
5,41,17.429444354022426
5,42,16.65518194000911
5,43,15.776048628698181
5,44,12.771451890543077
5,45,11.67444241030043
5,46,9.650611203634911
5,47,9.986802435083149
5,48,10.664183989805684
5,49,11.63163696655375
5,50,8.359671503704186
5,51,6.293128656106244
5,52,4.750978492364615
5,53,6.105780696017536
5,54,8.411342504472115
5,55,11.038084183374144
5,56,14.1843316099677
5,57,17.43879269367867
5,58,20.85763355879447
5,59,22.370943437385506
5,60,24.862828608240495
6,1,16.122389103724355
6,2,13.363889158581335
6,3,10.228871741816796
6,4,6.981522565855947
6,5,3.801350054515088
6,7,3.7900353252089216
6,8,6.260273320979705
6,9,9.801950343526412
6,10,12.153400608012474
6,11,15.939576511177746
6,12,15.991360906198146
6,13,12.592055257971706
6,14,10.690539905944641
6,15,8.488135568854448
6,16,5.527333541816487
6,17,5.384461742979708
6,18,5.96909270476242
6,19,8.384077157937547
6,20,11.447690146900348
6,21,12.616823030606309
6,22,15.535604368822566
6,23,13.97173366388071
6,24,11.270333359739023
6,25,12.861676242265315
6,26,12.888823384204482
6,27,9.265568246275684
6,28,8.806720056864917
6,29,11.399218477983249
6,30,9.97671702123972
6,31,6.820964205615331
6,32,9.518963076753792
6,33,11.746439971665268
6,34,9.702967504889507
6,35,9.54598573727093
6,36,13.170093031374654
6,37,14.27787607799344
6,38,13.276588562866813
6,39,15.097007989380057
6,40,12.399637261011149
6,41,13.730735034349893
6,42,13.051799137439287
6,43,12.586027556496145
6,44,10.054347655245667
6,45,9.854072046314338
6,46,9.068785497364473
6,47,10.542987951020569
6,48,12.257407946243614
6,49,13.751770727702453
6,50,10.696419227310702
6,51,8.803262467849395
6,52,5.830372386774028
6,53,4.771132230868794
6,54,5.67470188850469
6,55,7.529454604261535
6,56,10.690451577269942
6,57,13.763319234146396
6,58,17.285030462319625
6,59,18.86989945467565
6,60,21.23770224843493
7,1,19.57165267274765
7,2,16.535861311313198
7,3,13.229682960067862
7,4,10.199118162232258
7,5,6.5325812172906845
7,6,3.7900353252089216
7,8,3.791795906315642
7,9,6.705040018357819
7,10,9.712793645461124
7,11,13.380261835872613
7,12,13.68327595636481
7,13,10.613002850027817
7,14,7.9652408837895186
7,15,5.969985404430331
7,16,4.457626844239399
7,17,6.77394426589587
7,18,8.791952354032071
7,19,11.845650344734226
7,20,14.959125606677757
7,21,16.335216117774007
7,22,19.18976001939083
7,23,17.41962326218986
7,24,14.473448878620973
7,25,16.04737969169626
7,26,16.47187043903303
7,27,12.953718735776546
7,28,11.984942295077257
7,29,14.546492034075108
7,30,13.325334562668044
7,31,9.81674818650873
7,32,11.716699896409938
7,33,14.086654130478669
7,34,11.710632284416885
7,35,10.502789237882604
7,36,14.249905159039303
7,37,15.464815151304327
7,38,13.565755978525207
7,39,14.89358553848115
7,40,11.859505985702828
7,41,13.260715275444998
7,42,12.151850552440433
7,43,11.836740172329417
7,44,10.082605988868872
7,45,9.84646070623475
7,46,9.99151341956719
7,47,11.137988859719771
7,48,13.70071034145069
7,49,14.646305527850615
7,50,11.480592693619426
7,51,10.779658311285607
7,52,7.150366285808134
7,53,6.188526270061306
7,54,4.7681604381483185
7,55,6.5223763689437195
7,56,8.552312813744
7,57,11.713586845390422
7,58,14.939101886509356
7,59,16.03118483987332
7,60,18.607683099600514
8,1,22.31959651095818
8,2,19.595862269156417
8,3,16.30927847947315
8,4,13.225525297192917
8,5,9.744652409744651
8,6,6.260273320979705
8,7,3.791795906315642
8,9,3.8475514839025227
8,10,6.05392987677845
8,11,9.781560979753221
8,12,10.13042508025836
8,13,7.2368372739153
8,14,5.301691036570381
8,15,5.248434728591704
8,16,5.730813532535685
8,17,8.198197834335668
8,18,10.989344620637494
8,19,13.816704653986907
8,20,17.295020874883953
8,21,18.568569977469494
8,22,21.534544075673793
8,23,19.839972975264995
8,24,16.80675076806314
8,25,17.65450946687731
8,26,17.91110860793396
8,27,14.628183376701644
8,28,13.050117813185237
8,29,14.88446254984049
8,30,13.704996232418802
8,31,10.008635545175771
8,32,10.944117407219682
8,33,13.024234536300593
8,34,10.492961601553136
8,35,8.350174277408998
8,36,11.923311689355012
8,37,13.181378907967366
8,38,10.733898939550507
8,39,11.587785545218086
8,40,8.52301210035608
8,41,10.280272349463612
8,42,9.668033776945206
8,43,10.426424422621599
8,44,9.845559813076314
8,45,10.894228938314205
8,46,12.141561694998005
8,47,14.009065758473426
8,48,16.83142452609634
8,49,18.117495056652594
8,50,15.146132044012752
8,51,14.237426758363405
8,52,10.557448199071434
8,53,8.556676793157383
8,54,5.961126500731668
8,55,5.210921796098534
8,56,6.2993414409167245
8,57,8.668628836636692
8,58,12.07057792991303
8,59,13.015676286547436
8,60,15.218581725828011
9,1,25.917764939586103
9,2,23.078209157287287
9,3,19.83835380810857
9,4,16.67352125002853
9,5,13.15246353523607
9,6,9.801950343526412
9,7,6.705040018357819
9,8,3.8475514839025227
9,10,3.83297928674756
9,11,7.102392024226049
9,12,8.54048338099225
9,13,7.0277153613388785
9,14,5.161332169224863
9,15,6.918271142391323
9,16,8.863086072050926
9,17,11.847338069473155
9,18,14.757416419873875
9,19,17.644291907404877
9,20,21.070368665823782
9,21,22.214923872758543
9,22,25.019492703895757
9,23,23.041557948947247
9,24,19.767892809372988
9,25,20.44835332586128
9,26,21.114921267137593
9,27,18.026850985066062
9,28,16.00521729699855
9,29,17.822179856592044
9,30,17.078328693902193
9,31,13.326342706383876
9,32,13.50198092108164
9,33,15.732517665578373
9,34,13.486089922342108
9,35,10.614360040145574
9,36,13.632107660491528
9,37,15.210614299123677
9,38,12.316044512530498
9,39,12.121601848439044
9,40,8.876548799548837
9,41,10.052072922055348
9,42,8.844497117904217
9,43,9.81860461922239
9,44,10.439764952870231
9,45,11.644315563157367
9,46,13.732732752346099
9,47,15.523122758957092
9,48,18.827348676910727
9,49,19.948821508024277
9,50,17.245497672180356
9,51,16.89832476826186
9,52,13.059282616197093
9,53,10.986496652890123
9,54,7.517634664261803
9,55,6.0412276533338165
9,56,4.518986637511472
9,57,6.255927848415873
9,58,8.994380972373392
9,59,9.43971893084179
9,60,11.968668319482541
10,1,28.007748135056808
10,2,25.483842068377374
10,3,22.2586774063231
10,4,19.126866152216635
10,5,15.76631920472407
10,6,12.153400608012474
10,7,9.712793645461124
10,8,6.05392987677845
10,9,3.83297928674756
10,11,3.8253687119870867
10,12,5.44728710656868
10,13,4.936753737176334
10,14,5.484951281714765
10,15,8.647271210611807
10,16,10.974245656920354
10,17,13.475350832428164
10,18,16.60774171327479
10,19,19.20514358992793
10,20,22.827712199952916
10,21,23.923679510848007
10,22,26.83689480233455
10,23,25.069682733337956
10,24,21.892858024822754
10,25,22.03422136466877
10,26,22.375102004405058
10,27,19.523119553599248
10,28,17.29707565788925
10,29,18.36596397615739
10,30,17.56855500396253
10,31,14.037118993637813
10,32,13.514426833451306
10,33,15.126795847999038
10,34,12.940010383748243
10,35,9.664722980851353
10,36,11.945118197554754
10,37,13.325319418628329
10,38,10.0930345552414
10,39,9.18620330820167
10,40,6.4434788559250915
10,41,8.090857809266325
10,42,8.081707625521418
10,43,10.440911033945719
10,44,11.976781755803932
10,45,14.107968114266907
10,46,16.521167821846227
10,47,18.778578901186783
10,48,21.98608879420307
10,49,23.420079472039337
10,50,20.729301789321415
10,51,19.983187645124982
10,52,16.21108760567085
10,53,13.703639162187816
10,54,10.384888723957614
10,55,7.707351528333225
10,56,5.752700799853618
10,57,4.982489789327799
10,58,7.717978804545868
10,59,7.8590636501493405
10,60,9.348986619151889
11,1,31.747009259953717
11,2,29.253064960257927
11,3,25.974878342994277
11,4,22.9138259554309
11,5,19.51030988544496
11,6,15.939576511177746
11,7,13.380261835872613
11,8,9.781560979753221
11,9,7.102392024226049
11,10,3.8253687119870867
11,12,3.8439757384376
11,13,6.122931148003948
11,14,7.660697763284909
11,15,11.365019806031988
11,16,14.242260012552373
11,17,16.82109990516218
11,18,20.143213599334434
11,19,22.76672403898481
11,20,26.44979145863613
11,21,27.610781126698036
11,22,30.560265724808453
11,23,28.831124166965765
11,24,25.649275448642868
11,25,25.62678941465101
11,26,25.9383369378955
11,27,23.19372967603622
11,28,20.880888847194733
11,29,21.669114873191734
11,30,20.896362062486244
11,31,17.51780271388881
11,32,16.657015296921237
11,33,17.908624826465957
11,34,15.81106276189838
11,35,12.488491908455545
11,36,14.022691006331149
11,37,15.11705680660035
11,38,11.668860252021643
11,39,10.019742081797217
11,40,8.329187871744889
11,41,9.728080950785907
11,42,10.123986120152441
11,43,12.891637300970734
11,44,15.114169426025725
11,45,17.40138123852667
11,46,20.078137199368594
11,47,22.30946213569357
11,48,25.635976576653192
11,49,26.98657147778869
11,50,24.326789746777692
11,51,23.74990166168012
11,52,19.95152761155888
11,53,17.468288295099264
11,54,14.040960474997274
11,55,11.246811837507748
11,56,8.62520764223957
11,57,6.35469851978181
11,58,7.347133133073186
11,59,5.979042347219844
11,60,6.199475764971391
12,1,31.310755862904294
12,2,28.9276500974019
12,3,25.479720760492285
12,4,22.788955134108107
12,5,19.36098403072536
12,6,15.991360906198146
12,7,13.68327595636481
12,8,10.13042508025836
12,9,8.54048338099225
12,10,5.44728710656868
12,11,3.8439757384376
12,13,3.8203329360547986
12,14,6.515787815279987
12,15,10.232177913245286
12,16,13.306012104976077
12,17,15.613327101762037
12,18,19.19206813763513
12,19,21.87774871722668
12,20,25.65869892297355
12,21,27.22641001503626
12,22,30.457637171151372
12,23,29.17375571367657
12,24,26.29729409446703
12,25,26.427628845639305
12,26,26.203458449207456
12,27,23.283690939554596
12,28,21.463610645830745
12,29,21.986333249643444
12,30,20.578366895918368
12,31,17.457325714361957
12,32,17.07258440835586
12,33,17.645247935574275
12,34,15.002966440203979
12,35,12.291641697466485
12,36,13.903138158956166
12,37,13.986858931641978
12,38,10.203782354748155
12,39,9.477272955181075
12,40,8.849691599342552
12,41,11.447527080126932
12,42,12.676726542941168
12,43,15.594810047101026
12,44,17.27316882765748
12,45,19.487881437211485
12,46,21.690434535380437
12,47,23.802634774741275
12,48,26.862501292761582
12,49,28.075207881509385
12,50,25.06331761789482
12,51,24.347076169858276
12,52,20.67833862023636
12,53,18.48872941431025
12,54,15.447353434484652
12,55,12.92947484143163
12,56,11.17348059559977
12,57,9.543215165879444
12,58,11.131449735423583
12,59,9.693994317206936
12,60,9.240862237923508
13,1,27.616860591458575
13,2,25.256554993056312
13,3,21.780317851493198
13,4,19.219019882919955
13,5,15.83792638465851
13,6,12.592055257971706
13,7,10.613002850027817
13,8,7.2368372739153
13,9,7.0277153613388785
13,10,4.936753737176334
13,11,6.122931148003948
13,12,3.8203329360547986
13,14,3.843306619944603
13,15,7.062444155584547
13,16,9.746715479896771
13,17,11.824619646947337
13,18,15.410771222856939
13,19,18.124150290755423
13,20,21.907866940266487
13,21,23.61342800533594
13,22,26.934654872389622
13,23,25.822658610970706
13,24,23.11501315915469
13,25,23.46591212722634
13,26,23.024236866804657
13,27,19.93790642843334
13,28,18.468403696162497
13,29,19.111609252696887
13,30,17.36893325201884
13,31,14.263614618001728
13,32,14.465129784945761
13,33,15.012718973362805
13,34,11.982523317689001
13,35,9.71599215716598
13,36,12.060018884692056
13,37,11.928294685168863
13,38,8.178612555912634
13,39,8.732600926540147
13,40,7.669748258439959
13,41,10.868153372259238
13,42,12.090180847653036
13,43,14.654414118579341
13,44,15.530260381892683
13,45,17.50639315219249
13,46,19.211056419486574
13,47,21.240670684801824
13,48,24.028423957824963
13,49,25.236291654859432
13,50,22.07080071212745
13,51,21.146285063514483
13,52,17.62081105593216
13,53,15.622378217911391
13,54,13.003737647481698
13,55,10.901237047006749
13,56,10.19737673940609
13,57,9.749488822004627
13,58,12.393811378585346
13,59,11.826938216848813
13,60,12.255831394303584
14,1,26.14252205350827
14,2,23.400375264994818
14,3,19.798310279268453
14,4,17.287965454830644
14,5,13.616054454838421
14,6,10.690539905944641
14,7,7.9652408837895186
14,8,5.301691036570381
14,9,5.161332169224863
14,10,5.484951281714765
14,11,7.660697763284909
14,12,6.515787815279987
14,13,3.843306619944603
14,15,3.8109482460702373
14,16,7.1653914834347905
14,17,10.153493103747806
14,18,13.806399322878198
14,19,17.01795692732098
14,20,20.669393588613183
14,21,22.561037721002453
14,22,25.842434949380845
14,23,24.557872388379526
14,24,21.771545344274575
14,25,22.695579365669886
14,26,22.545960437383755
14,27,19.16154342431534
14,28,17.933044504983606
14,29,19.303857343410748
14,30,17.560732696980367
14,31,14.178055680118211
14,32,15.057975596182313
14,33,16.241192624610733
14,34,13.09719457311691
14,35,11.072187295920967
14,36,14.169689875400008
14,37,14.397439151265969
14,38,10.976238726803702
14,39,11.87044808118545
14,40,9.886970233966588
14,41,12.566305793476593
14,42,12.738617009551085
14,43,14.418694723153298
14,44,14.720630077284895
14,45,15.908406260879863
14,46,17.27530383947252
14,47,18.755397854465738
14,48,21.604501818074954
14,49,22.376429029412684
14,50,19.108551683458643
14,51,18.681907820088238
14,52,15.111393353739235
14,53,13.696868377989102
14,54,11.056610397506539
14,55,9.970893230195298
14,56,9.40719178209101
14,57,10.192881678946799
14,58,12.843402058790813
14,59,12.24326083695751
14,60,13.657007160948268
15,1,23.202470836362536
15,2,20.29877402010925
15,3,16.583929924239513
15,4,14.416335714997574
15,5,10.686425760945562
15,6,8.488135568854448
15,7,5.969985404430331
15,8,5.248434728591704
15,9,6.918271142391323
15,10,8.647271210611807
15,11,11.365019806031988
15,12,10.232177913245286
15,13,7.062444155584547
15,14,3.8109482460702373
15,16,3.796306545323166
15,17,7.194212361800931
15,18,10.811314373435573
15,19,14.346690576760688
15,20,17.828499330911004
15,21,20.042646689181904
15,22,23.384028525694358
15,23,22.283567959666286
15,24,19.74819058026036
15,25,21.210934653356702
15,26,20.92645762484639
15,27,17.29896768353148
15,28,16.71407087205374
15,29,18.46936073410301
15,30,16.398812183254343
15,31,13.175396320679445
15,32,14.970159562220102
15,33,16.22647340007002
15,34,12.905488532751237
15,35,11.764765114329808
15,36,15.32312232858623
15,37,15.367789024686287
15,38,12.46901130397514
15,39,14.175451786382599
15,40,12.09125207958097
15,41,14.711955705401119
15,42,14.61101289484354
15,43,15.593754442476644
15,44,14.944771921658289
15,45,15.408692443789766
15,46,15.946283988498443
15,47,16.90477628376484
15,48,19.375070202828883
15,49,19.810291707401085
15,50,16.29737525670976
15,51,15.980273940667407
15,52,12.699296585569313
15,53,12.095129904680881
15,54,10.26002686070032
15,55,10.427035379887403
15,56,10.957414800861718
15,57,12.769869462673594
15,58,15.696527308834536
15,59,15.476711481247563
15,60,17.27368474951019
16,1,19.41322662570067
16,2,16.524459915924215
16,3,12.807979791158932
16,4,10.739003494910126
16,5,7.1099238800943425
16,6,5.527333541816487
16,7,4.457626844239399
16,8,5.730813532535685
16,9,8.863086072050926
16,10,10.974245656920354
16,11,14.242260012552373
16,12,13.306012104976077
16,13,9.746715479896771
16,14,7.1653914834347905
16,15,3.796306545323166
16,17,3.7607108308114703
16,18,7.096353045364679
16,19,10.720485027735306
16,20,14.098168233995686
16,21,16.37377491595116
16,22,19.72856922708926
16,23,18.781569639423534
16,24,16.49242398004035
16,25,18.231153427543198
16,26,17.762338587127235
16,27,14.030521377756589
16,28,13.98854733603163
16,29,15.950028900350143
16,30,13.695965022440944
16,31,10.737288908222586
16,32,13.274660837552673
16,33,14.579269811875989
16,34,11.391519478961268
16,35,11.120438708148637
16,36,14.874882481904663
16,37,14.94765879980975
16,38,12.84352206015185
16,39,15.072207491127434
16,40,12.915996640330965
16,41,15.326666385613393
16,42,15.165319855027805
16,43,15.622994171813493
16,44,14.09428017337445
16,45,14.160886465230272
16,46,13.901905220395893
16,47,14.729170817683153
16,48,16.6700312215473
16,49,17.211995954200056
16,50,13.608759212427536
16,51,12.834607296035697
16,52,9.93440276633946
16,53,9.783946167309667
16,54,9.115998660027687
16,55,10.147525179187923
16,56,11.91064503247724
16,57,14.359148507452067
16,58,17.667435343488282
16,59,18.132293476879628
16,60,20.134258286409253
17,1,16.474472532081382
17,2,13.980056431833571
17,3,10.322111218627912
17,4,8.714826336985775
17,5,5.942387640687314
17,6,5.384461742979708
17,7,6.77394426589587
17,8,8.198197834335668
17,9,11.847338069473155
17,10,13.475350832428164
17,11,16.82109990516218
17,12,15.613327101762037
17,13,11.824619646947337
17,14,10.153493103747806
17,15,7.194212361800931
17,16,3.7607108308114703
17,18,3.832178378769978
17,19,7.27876591499345
17,20,10.79067848848661
17,21,13.312603835067673
17,22,16.881422147181958
17,23,16.489851081682385
17,24,14.752437341422752
17,25,16.450360843916016
17,26,15.319165702209064
17,27,11.609937218896995
17,28,12.353977698598964
17,29,13.924396371070316
17,30,11.120356980908745
17,31,8.927579536720232
17,32,12.11965992903829
17,33,12.82384821232746
17,34,9.685968906037859
17,35,10.679422651059324
17,36,14.208096772988807
17,37,13.832469488072752
17,38,12.575725670306594
17,39,15.420906110340058
17,40,13.759412059036633
17,41,16.241768710230073
17,42,16.550941336274924
17,43,17.011836003026076
17,44,15.026094341678055
17,45,15.19523053662772
17,46,14.34617158675762
17,47,15.327141332274033
17,48,16.523133698792343
17,49,17.37412092555674
17,50,13.847999698701358
17,51,12.229446984965488
17,52,10.131041258522647
17,53,10.105991307835982
17,54,10.624144007707892
17,55,11.660078844414066
17,56,14.191643815950023
17,57,16.58394957189812
17,58,20.165943034839017
17,59,21.013061089231893
17,60,22.797945008157143
18,1,12.645599294343791
18,2,10.249591195984348
18,3,6.706620699217274
18,4,5.604067252685145
18,5,4.439637827410619
18,6,5.96909270476242
18,7,8.791952354032071
18,8,10.989344620637494
18,9,14.757416419873875
18,10,16.60774171327479
18,11,20.143213599334434
18,12,19.19206813763513
18,13,15.410771222856939
18,14,13.806399322878198
18,15,10.811314373435573
18,16,7.096353045364679
18,17,3.832178378769978
18,19,3.8203302912123838
18,20,7.03895382619363
18,21,9.703769997070506
18,22,13.27629404699385
18,23,13.197791681378483
18,24,12.01817033173164
18,25,14.07724185629229
18,26,12.672362571214249
18,27,9.00954679811958
18,28,10.777427338714428
18,29,12.512749857460056
18,30,9.706584022952578
18,31,8.470552614829506
18,32,12.19091035320177
18,33,12.901268764892041
18,34,10.522698368551346
18,35,12.288542120195256
18,36,15.525461555475951
18,37,15.313714700329001
18,38,14.928681480126466
18,39,17.82210723978778
18,40,16.143985484622497
18,41,18.17665501356021
18,42,18.316930381606632
18,43,18.240263912850754
18,44,15.605168832627282
18,45,15.316555240694614
18,46,13.626629672939497
18,47,14.340972543380742
18,48,14.66831780730332
18,49,15.641057720610803
18,50,12.3731484932316
18,51,10.121144259238699
18,52,9.167741446317722
18,53,9.793364513266926
18,54,11.613377468963733
18,55,13.248893796001955
18,56,16.35963396285674
18,57,19.065371342129172
18,58,22.714429458024895
18,59,23.984597685303722
18,60,25.948270744748946
19,1,9.783491882867139
19,2,8.323930150306884
19,3,5.810014292388799
19,4,5.487627346340463
19,5,6.696625021331059
19,6,8.384077157937547
19,7,11.845650344734226
19,8,13.816704653986907
19,9,17.644291907404877
19,10,19.20514358992793
19,11,22.76672403898481
19,12,21.87774871722668
19,13,18.124150290755423
19,14,17.01795692732098
19,15,14.346690576760688
19,16,10.720485027735306
19,17,7.27876591499345
19,18,3.8203302912123838
19,20,3.801705700324414
19,21,6.318265642210187
19,22,10.06943601299407
19,23,10.689179722200327
19,24,10.364417614148442
19,25,12.103791828267434
19,26,9.937204437321105
19,27,6.752662733949623
19,28,9.554465506982575
19,29,10.683429001237071
19,30,7.767055804346432
19,31,8.09175859683798
19,32,11.823288202310225
19,33,12.03897088770238
19,34,10.535660413188593
19,35,13.098398338312771
19,36,15.715040215829005
19,37,15.446093588567694
19,38,16.00162796690516
19,39,18.955489239450504
19,40,17.594559234586892
19,41,19.336673839417976
19,42,19.712663938888497
19,43,19.52829608889612
19,44,16.644546965372236
19,45,16.484729155640807
19,46,14.464978684382272
19,47,15.420393550192461
19,48,15.001774612310337
19,49,16.465219725339203
19,50,13.774536785038215
19,51,10.753343794533718
19,52,10.79021476614655
19,53,11.177054009889147
19,54,13.664916784475517
19,55,15.109040504808995
19,56,18.578429971264452
19,57,21.17955922361142
19,58,24.913758833938488
19,59,26.567458736381692
19,60,28.422462245973403
20,1,6.125282374215944
20,2,5.438995069680977
20,3,4.5737282778219175
20,4,6.167139441453499
20,5,8.953458283442172
20,6,11.447690146900348
20,7,14.959125606677757
20,8,17.295020874883953
20,9,21.070368665823782
20,10,22.827712199952916
20,11,26.44979145863613
20,12,25.65869892297355
20,13,21.907866940266487
20,14,20.669393588613183
20,15,17.828499330911004
20,16,14.098168233995686
20,17,10.79067848848661
20,18,7.03895382619363
20,19,3.801705700324414
20,21,3.8029904585704246
20,22,7.278289113688263
20,23,8.867471897738817
20,24,9.84508343134511
20,25,11.939679144125273
20,26,9.57847605764083
20,27,7.366327390657819
20,28,10.987949594611093
20,29,12.093792775751895
20,30,9.772221999335239
20,31,10.964667297136867
20,32,14.475969041785921
20,33,14.676377873998966
20,34,13.813629899700702
20,35,16.514900204235637
20,36,18.85489582827424
20,37,18.660333416270202
20,38,19.579328305177583
20,39,22.48786158851511
20,40,21.124170378604937
20,41,22.594596675003977
20,42,22.790021021674896
20,43,22.224192750206676
20,44,19.022198359834505
20,45,18.420471611736097
20,46,15.82187895695395
20,47,16.289113272010475
20,48,14.955758973136131
20,49,16.273451229021475
20,50,14.127327753397688
20,51,11.004867512959175
20,52,12.293436403279507
20,53,13.298367918157263
20,54,16.339367299471615
20,55,18.156408755486655
20,56,21.75088441383483
20,57,24.524747759212982
20,58,28.212715979679505
20,59,30.023952677842633
20,60,32.01371176074905
21,1,5.011238603817683
21,2,5.602650056028555
21,3,6.588448053946802
21,4,7.118524840756268
21,5,10.498212583183605
21,6,12.616823030606309
21,7,16.335216117774007
21,8,18.568569977469494
21,9,22.214923872758543
21,10,23.923679510848007
21,11,27.610781126698036
21,12,27.22641001503626
21,13,23.61342800533594
21,14,22.561037721002453
21,15,20.042646689181904
21,16,16.37377491595116
21,17,13.312603835067673
21,18,9.703769997070506
21,19,6.318265642210187
21,20,3.8029904585704246
21,22,3.7859440490136684
21,23,5.56755727381377
21,24,7.343188971311345
21,25,8.960913839305668
21,26,6.485595233800108
21,27,5.558893154713398
21,28,9.361402374044605
21,29,10.297114535517428
21,30,9.043933059660135
21,31,10.864203229679871
21,32,13.81183808683065
21,33,14.253019281667854
21,34,14.372689766263509
21,35,16.941012987292957
21,36,18.845661600258417
21,37,19.181004704883087
21,38,20.58336646241465
21,39,23.10882547919326
21,40,21.63056767720473
21,41,22.525770017784385
21,42,22.56524331348451
21,43,21.66328194061775
21,44,18.29181573554857
21,45,17.68760227344852
21,46,14.972091803488288
21,47,15.733023431565547
21,48,13.984960296761964
21,49,15.958161481063353
21,50,14.577742474352062
21,51,10.994361481281063
21,52,12.699866144806814
21,53,13.265282180209766
21,54,16.63620672435606
21,55,18.36153733885756
21,56,22.124394447747548
21,57,24.89387612982127
21,58,28.505837145972478
21,59,30.73643365426937
21,60,32.80382958672731
22,1,4.536937706318924
22,2,6.522395978771715
22,3,9.0677301536008
22,4,9.6917285307989
22,5,13.359947440844175
22,6,15.535604368822566
22,7,19.18976001939083
22,8,21.534544075673793
22,9,25.019492703895757
22,10,26.83689480233455
22,11,30.560265724808453
22,12,30.457637171151372
22,13,26.934654872389622
22,14,25.842434949380845
22,15,23.384028525694358
22,16,19.72856922708926
22,17,16.881422147181958
22,18,13.27629404699385
22,19,10.06943601299407
22,20,7.278289113688263
22,21,3.7859440490136684
22,23,3.824957886608925
22,24,7.23239562130473
22,25,8.545012293454949
22,26,6.713774161123751
22,27,7.5745586533148
22,28,10.88237037635421
22,29,11.765272845944216
22,30,11.573833606524103
22,31,13.595380370211219
22,32,16.013684939324218
22,33,16.671534785302136
22,34,17.40434781918542
22,35,19.786843046021957
22,36,21.40361906913249
22,37,22.076027291697446
22,38,23.724743081896786
22,39,25.985438603752456
22,40,24.39329338356467
22,41,24.84666116759841
22,42,24.63453738916917
22,43,23.331443599055284
22,44,19.806098673909023
22,45,18.91615652653851
22,46,15.951692625740462
22,47,16.493034472041952
22,48,14.076210458309209
22,49,16.202106152831796
22,50,15.695814299516655
22,51,12.183917911764402
22,52,14.55899957266517
22,53,15.215891892032415
22,54,18.81310419849317
22,55,20.67258988960601
22,56,24.457416470837874
22,57,27.301066343045036
22,58,30.777035421796466
22,59,33.264894896114754
22,60,35.468617172275955
23,1,7.164338784334421
23,2,7.318518841732853
23,3,9.290278109739068
23,4,8.633662329124018
23,5,12.081840225318022
23,6,13.97173366388071
23,7,17.41962326218986
23,8,19.839972975264995
23,9,23.041557948947247
23,10,25.069682733337956
23,11,28.831124166965765
23,12,29.17375571367657
23,13,25.822658610970706
23,14,24.557872388379526
23,15,22.283567959666286
23,16,18.781569639423534
23,17,16.489851081682385
23,18,13.197791681378483
23,19,10.689179722200327
23,20,8.867471897738817
23,21,5.56755727381377
23,22,3.824957886608925
23,24,3.7782921207944686
23,25,5.653340494619927
23,26,5.620101775930572
23,27,6.389818461428831
23,28,8.805112750015155
23,29,10.58909191992095
23,30,11.283903366589263
23,31,12.508064487604512
23,32,14.585913032385784
23,33,16.069517880985007
23,34,16.96084572123754
23,35,18.68302610961463
23,36,20.44514567019027
23,37,21.744283166576736
23,38,23.13177842021908
23,39,24.965686940838474
23,40,22.926958019408474
23,41,22.94377302554616
23,42,22.252075822525846
23,43,20.520466386091986
23,44,16.86876828581559
23,45,15.674595102758675
23,46,12.622162584168663
23,47,13.22686626237115
23,48,10.813464600200518
23,49,13.43055458978373
23,50,13.352111272177122
23,51,9.765596828474076
23,52,12.12815878782527
23,53,12.604961609594527
23,54,16.280585075065723
23,55,18.31483378314206
23,56,22.031902297215883
23,57,25.016603671077405
23,58,28.305383953417845
23,59,30.961432398868926
23,60,33.389711352711686
24,1,10.02377884425262
24,2,8.871919519534135
24,3,9.468101642329346
24,4,7.326644607851283
24,5,9.986451891978152
24,6,11.270333359739023
24,7,14.473448878620973
24,8,16.80675076806314
24,9,19.767892809372988
24,10,21.892858024822754
24,11,25.649275448642868
24,12,26.29729409446703
24,13,23.11501315915469
24,14,21.771545344274575
24,15,19.74819058026036
24,16,16.49242398004035
24,17,14.752437341422752
24,18,12.01817033173164
24,19,10.364417614148442
24,20,9.84508343134511
24,21,7.343188971311345
24,22,7.23239562130473
24,23,3.7782921207944686
24,25,3.8601548090155613
24,26,5.5724051082484225
24,27,5.119773142193864
24,28,6.177348023261912
24,29,9.002149604578934
24,30,10.135834451822976
24,31,10.31574077162418
24,32,12.145569663345576
24,33,14.357065338221156
24,34,15.141011258127916
24,35,16.20832478189101
24,36,18.19382749311086
24,37,19.946071763958024
24,38,20.96613089777387
24,39,22.458447071853648
24,40,20.0635095906694
24,41,19.844169966769826
24,42,18.82089414424923
24,43,16.88913436859261
24,44,13.179855361290176
24,45,11.899208996114758
24,46,8.94300967449908
24,47,10.0382512404805
24,48,8.344737812379098
24,49,11.522531827987764
24,50,11.27188307993106
24,51,7.574531447270979
24,52,9.19117724610735
24,53,9.144828221714723
24,54,12.765821399719536
24,55,14.838530323957274
24,56,18.486868448650004
24,57,21.543571112264498
24,58,24.727451240718743
24,59,27.437908347536343
24,60,29.9846849072021
25,1,12.39169239700419
25,2,12.07341079545775
25,3,12.668482550542594
25,4,10.36927155047883
25,5,12.539567579361869
25,6,12.861676242265315
25,7,16.04737969169626
25,8,17.65450946687731
25,9,20.44835332586128
25,10,22.03422136466877
25,11,25.62678941465101
25,12,26.427628845639305
25,13,23.46591212722634
25,14,22.695579365669886
25,15,21.210934653356702
25,16,18.231153427543198
25,17,16.450360843916016
25,18,14.07724185629229
25,19,12.103791828267434
25,20,11.939679144125273
25,21,8.960913839305668
25,22,8.545012293454949
25,23,5.653340494619927
25,24,3.8601548090155613
25,26,3.847951532613323
25,27,5.482683541280604
25,28,5.0783730601390245
25,29,6.7365412948887515
25,30,9.13840919349153
25,31,9.90113240290428
25,32,10.63877628291863
25,33,12.701225018523262
25,34,14.41167781995816
25,35,15.403790709565474
25,36,16.63989141843786
25,37,18.688791712326356
25,38,20.230862238746383
25,39,21.367229112211135
25,40,19.225773500084717
25,41,18.574673442051274
25,42,17.83787377952017
25,43,16.078906215373298
25,44,12.695137951544773
25,45,12.317908863033143
25,46,10.278393594006188
25,47,12.377888448041677
25,48,11.280410841198375
25,49,14.822709464863681
25,50,14.708782554654299
25,51,11.076043334898014
25,52,11.887980289265911
25,53,10.662921289859941
25,54,13.758170672439412
25,55,14.946606182285088
25,56,18.55505385515537
25,57,21.160034443402026
25,58,24.278013568041512
25,59,27.304116412784545
25,60,29.5923360437721
26,1,10.667592971374875
26,2,11.053803646038267
26,3,11.618890214563905
26,4,9.957765337785418
26,5,12.395294547094379
26,6,12.888823384204482
26,7,16.47187043903303
26,8,17.91110860793396
26,9,21.114921267137593
26,10,22.375102004405058
26,11,25.9383369378955
26,12,26.203458449207456
26,13,23.024236866804657
26,14,22.545960437383755
26,15,20.92645762484639
26,16,17.762338587127235
26,17,15.319165702209064
26,18,12.672362571214249
26,19,9.937204437321105
26,20,9.57847605764083
26,21,6.485595233800108
26,22,6.713774161123751
26,23,5.620101775930572
26,24,5.5724051082484225
26,25,3.847951532613323
26,27,3.7968113280773665
26,28,5.319602799756826
26,29,5.37431991765365
26,30,6.730390735945416
26,31,8.809722712882689
26,32,10.111430897545578
26,33,11.075608825113301
26,34,12.744169259211922
26,35,14.631243472933903
26,36,15.688979651256622
26,37,17.033392908097056
26,38,18.967440093886914
26,39,20.627883785101922
26,40,19.04432108034805
26,41,18.995441843687065
26,42,18.978882269260506
26,43,17.911697619589507
26,44,14.748510304076152
26,45,14.868555554261748
26,46,12.925227978708143
26,47,14.96097657285579
26,48,13.831223021213587
26,49,16.995622218169434
26,50,16.25144664424209
26,51,12.391108630654822
26,52,13.185630262277813
26,53,12.10194569092961
26,54,15.14456698441807
26,55,16.04031917163836
26,56,19.78602256714784
26,57,22.176583761228574
26,58,25.57844112270577
26,59,28.39192236710933
26,60,30.361633097396403
27,1,10.215580815269618
27,2,9.455934285613651
27,3,8.867584355567416
27,4,6.639946291092961
27,5,8.697475382647607
27,6,9.265568246275684
27,7,12.953718735776546
27,8,14.628183376701644
27,9,18.026850985066062
27,10,19.523119553599248
27,11,23.19372967603622
27,12,23.283690939554596
27,13,19.93790642843334
27,14,19.16154342431534
27,15,17.29896768353148
27,16,14.030521377756589
27,17,11.609937218896995
27,18,9.00954679811958
27,19,6.752662733949623
27,20,7.366327390657819
27,21,5.558893154713398
27,22,7.5745586533148
27,23,6.389818461428831
27,24,5.119773142193864
27,25,5.482683541280604
27,26,3.7968113280773665
27,28,3.8265430246398533
27,29,5.4929902926580105
27,30,5.224365252373258
27,31,6.19231325874493
27,32,8.661966764226966
27,33,9.990112920373194
27,34,10.579965254739955
27,35,12.412129868011062
27,36,14.275307737348006
27,37,15.433313929765452
27,38,16.748509775375947
27,39,18.693309725417567
27,40,16.875067221020508
27,41,17.3097136436408
27,42,17.214919777075767
27,43,16.29951366009208
27,44,13.050380715437441
27,45,13.018023347098651
27,46,11.000402633583235
27,47,12.907849169387594
27,48,12.264892679649709
27,49,15.085883413510947
27,50,13.627597738916887
27,51,9.811097922327141
27,52,10.10389211986701
27,53,9.190064055084058
27,54,12.262668814384764
27,55,13.458366441074451
27,56,17.260659049970897
27,57,19.87697992443354
27,58,23.421428771541382
27,59,25.9256391677878
27,60,27.98759856551433
28,1,13.861867155149914
28,2,12.80072548238709
28,3,11.870945673303243
28,4,8.794445485032613
28,5,9.62003336660294
28,6,8.806720056864917
28,7,11.984942295077257
28,8,13.050117813185237
28,9,16.00521729699855
28,10,17.29707565788925
28,11,20.880888847194733
28,12,21.463610645830745
28,13,18.468403696162497
28,14,17.933044504983606
28,15,16.71407087205374
28,16,13.98854733603163
28,17,12.353977698598964
28,18,10.777427338714428
28,19,9.554465506982575
28,20,10.987949594611093
28,21,9.361402374044605
28,22,10.88237037635421
28,23,8.805112750015155
28,24,6.177348023261912
28,25,5.0783730601390245
28,26,5.319602799756826
28,27,3.8265430246398533
28,29,3.81532705512898
28,30,5.463222934907254
28,31,4.960773136636171
28,32,5.988014617232639
28,33,8.456301744031459
28,34,9.62622221359995
28,35,10.413865455990885
28,36,12.064807037014688
28,37,14.078290567598698
28,38,15.275474883186869
28,39,16.52716273945696
28,40,14.376629263769045
28,41,14.190524391434092
28,42,13.85458839315857
28,43,12.802838817841474
28,44,9.683568761106827
28,45,10.256622461096345
28,46,9.110009306430054
28,47,11.951166308108231
28,48,12.200023173665672
28,49,15.457419791016044
28,50,14.193227882223718
28,51,10.649759403486753
28,52,9.91089552045366
28,53,7.673968992562641
28,54,10.15623447244176
28,55,10.74041720226331
28,56,14.47050581206589
28,57,16.912043371690032
28,58,20.310999389302093
28,59,23.10446532184932
28,60,25.18320515399964
29,1,15.144580535841621
29,2,14.890606822418066
29,3,14.174103607955361
29,4,11.624867326161034
29,5,12.506725048767484
29,6,11.399218477983249
29,7,14.546492034075108
29,8,14.88446254984049
29,9,17.822179856592044
29,10,18.36596397615739
29,11,21.669114873191734
