1,2,3.813878917578838
1,3,6.554971587505641
1,4,10.106329290869052
1,5,13.294667011313143
1,6,16.274027308935512
1,7,19.477117319227656
1,8,22.49228439376771
1,9,25.983394751053435
1,10,28.859601193946034
1,11,32.0150607173899
1,12,34.89251996476752
1,13,35.5747095750727
1,14,39.0127443813249
1,15,40.54642044609966
1,16,41.34584014415805
1,17,44.94296464379347
1,18,46.17815179540043
1,19,47.2802759836901
1,20,45.912186426647565
1,21,43.28155784563743
1,22,39.938613297905256
1,23,36.16944512807471
1,24,33.60398000499308
1,25,30.19522285419685
1,26,26.737311923664937
1,27,24.259964885022782
1,28,20.604652768235077
1,29,18.512031825427798
1,30,15.55367944439032
1,31,13.064989758969501
1,32,9.835942502022057
1,33,9.606278500300549
1,34,13.343548593602312
1,35,14.60726756445835
1,36,16.77806994473145
1,37,20.211013931392415
1,38,22.892988446923642
1,39,26.511825889031297
1,40,29.555668315860753
1,41,32.03431686267087
1,42,35.83819033575621
1,43,37.317069463867725
1,44,34.213740635234586
1,45,34.485488155017606
1,46,32.14768202221941
1,47,33.436959920057305
1,48,33.60226566359412
1,49,34.00134244036086
1,50,30.770008211398515
1,51,29.442300012445692
1,52,26.551057670447815
1,53,25.929617375788126
1,54,24.14058107065002
1,55,20.369361511250396
1,56,19.760511565191237
1,57,17.524139948232442
1,58,18.087515418866044
1,59,18.060974241760167
1,60,14.693819022418786
1,61,13.440682515222544
1,62,13.379196007875162
1,63,15.468426744124919
1,64,18.949826410027026
1,65,21.558389222504996
1,66,25.114237447680257
1,67,26.566639158585662
1,68,30.33497354528243
1,69,33.72391834392927
1,70,37.335402254150246
1,71,39.02913755340727
1,72,42.342083145814584
1,73,41.862269368980364
1,74,44.48107264219636
1,75,45.19679612864109
1,76,44.394100403178754
1,77,41.22504134868691
1,78,37.910139991358164
1,79,34.61389094751988
1,80,30.93882368028125
1,81,27.409939260734635
1,82,25.254994043907107
1,83,21.49860496775653
1,84,18.820741501517254
1,85,15.062702116027832
1,86,12.42045550815694
1,87,12.184365398215089
1,88,15.948531940475474
1,89,18.092031122399664
1,90,20.960448711348306
1,91,22.075613654813957
1,92,22.611827514964
1,93,26.04872825453163
1,94,27.408331169422567
1,95,31.14449843347505
1,96,32.89201737433506
1,97,35.06740092982043
1,98,37.66680933190034
1,99,37.37610726476576
1,100,33.69487814169285
2,1,3.813878917578838
2,3,3.8225629456901418
2,4,6.755119515077299
2,5,10.19225308145116
2,6,13.252133258337269
2,7,16.169539451777762
2,8,19.415687064176442
2,9,22.853348848388116
2,10,25.925656673110762
2,11,29.048329739247585
2,12,32.07330352331542
2,13,32.84393928163332
2,14,36.15596631711275
2,15,37.50996899924308
2,16,38.415624514988785
2,17,42.0705106588214
2,18,43.43087253174526
2,19,44.74094875280127
2,20,43.363976368208355
2,21,40.91191571271198
2,22,37.47444229429183
2,23,33.77582354603725
2,24,31.12791319950033
2,25,27.646858509110572
2,26,24.15613114227305
2,27,21.540488063902686
2,28,17.897830713165398
2,29,15.602925700436844
2,30,12.371037890745646
2,31,10.288386970944526
2,32,7.773880076951436
2,33,8.66950191250221
2,34,12.349989697498946
2,35,14.032620234014791
2,36,15.52273170478721
2,37,18.94656395883652
2,38,21.160470475579682
2,39,24.77220593271279
2,40,27.530896978149787
2,41,29.98200135914511
2,42,33.72271365888975
2,43,35.15266260383486
2,44,32.200305182767416
2,45,32.77139557565961
2,46,30.601719729209417
2,47,31.842653154932005
2,48,32.373215040447036
2,49,32.703229343639606
2,50,29.275182374398664
2,51,28.00429754044828
2,52,24.97473246278432
2,53,24.30656609811774
2,54,22.90709532466734
2,55,19.120120371453282
2,56,18.24138813520443
2,57,15.617733730989116
2,58,15.71300223289979
2,59,15.791838932527183
2,60,12.17423933058066
2,61,11.50970476007949
2,62,10.846755494773985
2,63,13.334749511351472
2,64,16.59755737424498
2,65,19.47531804375393
2,66,22.89502633230007
2,67,24.563384841887913
2,68,28.261431433260285
2,69,31.7597663576185
2,70,35.26954292412005
2,71,36.81342426859353
2,72,39.98553062595747
2,73,39.30493655053506
2,74,41.874102632908595
2,75,42.43686394566662
2,76,41.800907454141665
2,77,38.75378536214271
2,78,35.358995500595874
2,79,32.10513196647564
2,80,28.41921788343824
2,81,24.990636439682923
2,82,23.11195131475021
2,83,19.4055683969127
2,84,17.150794500410523
2,85,13.494667209987968
2,86,11.428828932531953
2,87,10.2095678209605
2,88,13.995137366467086
2,89,16.616047326855895
2,90,19.3800894232598
2,91,20.22332797477285
2,92,20.193803863047176
2,93,23.53268294460826
2,94,24.56181243101842
2,95,28.313216858430533
2,96,29.990209362146413
2,97,31.9382361365299
2,98,34.50536268773979
2,99,34.004297374192966
2,100,30.3153844289876
3,1,6.554971587505641
3,2,3.8225629456901418
3,4,3.796792360468697
3,5,6.750962886378019
3,6,9.800647767213588
3,7,13.034826594973744
3,8,16.017790933998455
3,9,19.57850670862531
3,10,22.471523841388013
3,11,25.716111507170854
3,12,28.750731304274492
3,13,29.71323879347841
3,14,33.05223505150783
3,15,34.362766652521394
3,16,35.064164679648655
3,17,38.673045984309546
3,18,39.89428227690335
3,19,41.166644267721374
3,20,39.90563349041711
3,21,37.464046927674154
3,22,34.09332848397985
3,23,30.391600419005012
3,24,27.620714178436824
3,25,24.23391642197714
3,26,20.662242982316418
3,27,18.289270242120708
3,28,14.572611388745493
3,29,12.742908419286815
3,30,9.9219179891296
3,31,7.2156183448846205
3,32,5.05866613969718
3,33,6.236137817467362
3,34,9.712844801323772
3,35,11.072408747303431
3,36,12.01979054730917
3,37,15.3212150020526
3,38,17.439321792024263
3,39,21.006676868052185
3,40,23.763925897788877
3,41,26.16750796176696
3,42,29.912002494460026
3,43,31.3440289015801
3,44,28.39887755593925
3,45,28.963956670473387
3,46,26.82345905027627
3,47,28.106946800932462
3,48,28.760669201421976
3,49,29.20074598606944
3,50,25.771658902455762
3,51,24.727517130921093
3,52,21.840450647846083
3,53,21.52906956740875
3,54,20.524856238638943
3,55,16.84859696334418
3,56,16.451207045658677
3,57,14.172578932779741
3,58,14.698545225727896
3,59,15.663034419017714
3,60,12.284295686922963
3,61,11.216840601988483
3,62,9.365313219128232
3,63,11.125023551585752
3,64,13.983492138535697
3,65,16.533419373429922
3,66,19.769456794704475
3,67,21.169986234925226
3,68,24.838746921558855
3,69,28.270385730143857
3,70,31.805959164857477
3,71,33.22610038793237
3,72,36.387537808598246
3,73,35.67770679895384
3,74,38.20671840329067
3,75,38.794913484733485
3,76,38.08088718966886
3,77,34.999088471457824
3,78,31.621691244573803
3,79,28.360650218320938
3,80,24.66946225123141
3,81,21.222570955128884
3,82,19.29352517351944
3,83,15.583138108720672
3,84,13.392864399035448
3,85,9.781314349064713
3,86,8.157889714700461
3,87,6.857126289676953
3,88,10.615241982089426
3,89,13.59740942700305
3,90,16.011809693414797
3,91,16.556174890081135
3,92,16.53719425696414
3,93,19.83200329914703
3,94,20.949910746767532
3,95,24.690661567948744
3,96,26.41881523479183
3,97,28.52855921924273
3,98,31.175586249091424
3,99,30.897029702762513
3,100,27.25899425236615
4,1,10.106329290869052
4,2,6.755119515077299
4,3,3.796792360468697
4,5,3.808892590584132
4,6,6.597464650930968
4,7,9.43859839064767
4,8,12.688979467352656
4,9,16.146970242520467
4,10,19.25532286706329
4,11,22.419977100864976
4,12,25.57430041104443
4,13,26.596369317113574
4,14,29.803641736796752
4,15,30.961751505129143
4,16,31.787269904636926
4,17,35.450183803096714
4,18,36.822221146060805
4,19,38.27961588552935
4,20,36.97408146813323
4,21,34.70844972090394
4,22,31.246178187537325
4,23,27.63733566217518
4,24,24.827260015881258
4,25,21.368908300514764
4,26,17.815119408897733
4,27,15.276994829034875
4,28,11.643140813779256
4,29,9.625650175843568
4,30,6.640859095036917
4,31,4.6436589248558064
4,32,4.846549482005008
4,33,7.313944373745831
4,34,9.720184584685224
4,35,11.46875301944735
4,36,11.425720879007994
4,37,14.49521290899252
4,38,15.843431007550718
4,39,19.322079754474494
4,40,21.64759276268792
4,41,24.064182768145255
4,42,27.692194233019357
4,43,29.146469393164498
4,44,26.456929675649498
4,45,27.29515284708178
4,46,25.312071485084864
4,47,26.426707408044745
4,48,27.450131020400185
4,49,27.73420294170102
4,50,24.12842443879842
4,51,23.12190294734021
4,52,20.12517131940805
4,53,19.758265608210785
4,54,19.261943784869693
4,55,15.759392675578933
4,56,15.13316101092928
4,57,12.645203886630641
4,58,12.726404548027388
4,59,14.053302729309987
4,60,10.848920094072996
4,61,10.373566794723324
4,62,7.600619577546746
4,63,9.39755226475508
4,64,11.626975617482566
4,65,14.367893449734686
4,66,17.32701896062591
4,67,18.978316608011742
4,68,22.49998691652591
4,69,26.024585341458568
4,70,29.404173324397934
4,71,30.689278654105127
4,72,33.69564012163308
4,73,32.818468104455235
4,74,35.33371522216682
4,75,35.817948446029405
4,76,35.33040199819634
4,77,32.36207427969484
4,78,28.94821085963614
4,79,25.703589463420965
4,80,22.050971484284133
4,81,18.728121959458683
4,82,17.279858088153098
4,83,13.735582045730046
4,84,12.37742750329424
4,85,9.286115546881721
4,86,9.064875428459136
4,87,6.855092619167408
4,88,9.934419759205534
4,89,13.463171698228452
4,90,15.364979327551726
4,91,15.295284651670363
4,92,14.491169020413887
4,93,17.47739022911127
4,94,18.072162998075257
4,95,21.78202856714206
4,96,23.318402105147722
4,97,25.19909593870644
4,98,27.75320038831057
4,99,27.300316804416806
4,100,23.630031711879557
5,1,13.294667011313143
5,2,10.19225308145116
5,3,6.750962886378019
5,4,3.808892590584132
5,6,3.8319419805009316
5,7,6.844196897009238
5,8,9.675731836507795
5,9,13.365938250206083
5,10,16.255461252282913
5,11,19.66104873773582
5,12,22.963112228282633
5,13,24.411095526981324
5,14,27.52673496065478
5,15,28.434288216073305
5,16,28.957656484519337
5,17,32.56444846084205
5,18,33.7360962926354
5,19,35.27694640507298
5,20,34.217868708733334
5,21,32.09511334600536
5,22,28.73319545755883
5,23,25.200826923397923
5,24,22.116239927945088
5,25,18.86470514434133
5,26,15.171123865481725
5,27,13.15428818142962
5,28,9.576387929222973
5,29,8.641306168642572
5,30,6.812769717170428
5,31,4.973852581533472
5,32,6.875740592092291
5,33,8.927968226433126
5,34,10.352318042671632
5,35,11.26245789333778
5,36,9.987588687170247
5,37,12.326734113291575
5,38,13.22191340564506
5,39,16.40372759798678
5,40,18.572566448594134
5,41,20.709207113397422
5,42,24.28709155643585
5,43,25.55096911158748
5,44,22.857974443812846
5,45,23.91843625197477
5,46,22.20029321765437
5,47,23.51330942717775
5,48,24.894492099138834
5,49,25.44351758473257
5,50,21.879261349867207
5,51,21.3656127295586
5,52,18.696086709907373
5,53,18.91176940285594
5,54,19.111072422396486
5,55,15.998984103368981
5,56,15.948114929055436
5,57,13.989555142016664
5,58,14.30452269988027
5,59,16.269943868794513
5,60,13.516772149423716
5,61,13.032129882548226
5,62,9.598451453437262
5,63,10.271346703266358
5,64,11.356605198083667
5,65,13.408837136717862
5,66,15.757275193390992
5,67,16.934405835499316
5,68,20.254266676285567
5,69,23.62158329104139
5,70,26.961000427343553
5,71,27.902590343891728
5,72,30.783053668129728
5,73,29.691276411610836
5,74,32.02743621261496
5,75,32.37183689483548
5,76,31.754113074691215
5,77,28.844025079239923
5,78,25.360782279235266
5,79,22.22592835243094
5,80,18.529078267391384
5,81,15.331616897304794
5,82,13.820709220409297
5,83,10.454500719656723
5,84,9.48969630791136
5,85,7.178678993793375
5,86,8.05971358942079
5,87,5.397511170426306
5,88,7.2106971613035045
5,89,10.968585375222542
5,90,12.315786284426007
5,91,11.900266380252393
5,92,10.747320005793885
5,93,13.707974619543409
5,94,14.397129037175755
5,95,18.147566960941848
5,96,19.922197350390487
5,97,21.886647766470634
5,98,24.661183899227044
5,99,24.367166088694564
5,100,20.83760789043811
6,1,16.274027308935512
6,2,13.252133258337269
6,3,9.800647767213588
6,4,6.597464650930968
6,5,3.8319419805009316
6,7,3.802850870382962
6,8,6.221926833818657
6,9,9.83094239028249
6,10,12.71367672937884
6,11,16.010727206994844
6,12,19.22033817473405
6,13,20.588952414756264
6,14,23.744407906211276
6,15,24.772780347422987
6,16,25.3489622803851
6,17,28.969678934482243
6,18,30.246238036805014
6,19,31.731687935421196
6,20,30.533297820721227
6,21,28.388482689989484
6,22,24.974789286355044
6,23,21.446851003468595
6,24,18.439538994112652
6,25,15.10098040992423
6,26,11.457996931649316
6,27,9.330747808352603
6,28,5.8204257113218985
6,29,5.489830986773748
6,30,5.2901793680353055
6,31,4.518198969244156
6,32,7.891535498772227
6,33,9.901936530344585
6,34,9.88771635074906
6,35,10.954702880340264
6,36,8.915505457149912
6,37,10.817966936822025
6,38,10.753390647242433
6,39,13.8596571862318
6,40,15.60058462530815
6,41,18.016008844111816
6,42,21.49938753007873
6,43,23.090400280379246
6,44,20.748471536587555
6,45,21.719139510746757
6,46,19.885412134970444
6,47,20.769152696396127
6,48,22.273570352625185
6,49,22.510249408011738
6,50,18.826853417637835
6,51,18.238164175159007
6,52,15.529464279853157
6,53,15.775487991831003
6,54,16.482143431170105
6,55,13.791967198738499
6,56,13.908793283941982
6,57,12.409243583093012
6,58,12.923559489999553
6,59,15.549914456864414
6,60,13.574545457090762
6,61,12.933316244788367
6,62,9.128479701291496
6,63,8.709416083583537
6,64,8.57827765345021
6,65,10.225247577376061
6,66,12.17247546909055
6,67,13.471045279130076
6,68,16.673561550750534
6,69,20.11109396781478
6,70,23.35217354052847
6,71,24.3557688407748
6,72,27.233577159666922
6,73,26.242130618362552
6,74,28.74651459515055
6,75,29.282049516506213
6,76,28.895039922208653
6,77,25.916547828326618
6,78,22.562256972616836
6,79,19.252556903337464
6,80,15.676382401128654
6,81,12.415858446399238
6,82,11.627153976341072
6,83,8.528466459294576
6,84,8.915585059843432
6,85,7.6522638012546915
6,86,10.02834572006539
6,87,8.321429657706547
6,88,9.008217947263049
6,89,12.768004799160856
6,90,13.02517984353599
6,91,11.465147059793035
6,92,9.803705636243775
6,93,11.918431627335524
6,94,11.94484513077301
6,95,15.515510180535324
6,96,16.805196725523675
6,97,18.85926661462088
6,98,21.398383576462287
6,99,21.307091223511495
6,100,17.704351833916046
7,1,19.477117319227656
7,2,16.169539451777762
7,3,13.034826594973744
7,4,9.43859839064767
7,5,6.844196897009238
7,6,3.802850870382962
7,8,3.8215291373362934
7,9,6.892743482874347
7,10,10.303562884508912
7,11,13.359039937241356
7,12,16.800719571192154
7,13,18.287746382001075
7,14,21.133884767533235
7,15,21.844336002651342
7,16,22.64794760379921
7,17,26.348434989167696
7,18,27.87505192307549
7,19,29.67413137591433
7,20,28.423699039164692
7,21,26.607516290689745
7,22,23.09385539325107
7,23,19.81687362863612
7,24,16.81920448967584
7,25,13.492402968626537
7,26,10.136502379934882
7,27,7.902337628342068
7,28,5.520157694156832
7,29,5.385945931029188
7,30,6.089883020490906
7,31,7.444073342160571
7,32,11.181591847066208
7,33,13.425069741889258
7,34,13.05245306461954
7,35,14.319147722757466
7,36,11.954302888665925
7,37,13.199236769179528
7,38,12.074134120758064
7,39,14.552347054923848
7,40,15.383676743616956
7,41,17.611596206234935
7,42,20.72160077717374
7,43,22.243830569753676
7,44,20.38772025004168
7,45,21.76630959689342
7,46,20.30050265898724
7,47,20.9181697886876
7,48,22.877356121835373
7,49,22.898011066542782
7,50,19.17645756387682
7,51,18.67948011259868
7,52,16.028271120765403
7,53,16.136810240859827
7,54,17.4437574351993
7,55,15.256296061797187
7,56,15.002632655334896
7,57,13.440194745103867
7,58,13.255589206613182
7,59,15.862110772109375
7,60,14.37516129894577
7,61,14.47018347141636
7,62,10.772968912741636
7,63,10.433399080909938
7,64,9.21874232226446
7,65,10.729462580483432
7,66,11.775515403179192
7,67,13.384029625890271
7,68,16.02857642145574
7,69,19.42971711575615
7,70,22.281264692466372
7,71,23.01979118571959
7,72,25.568191967956967
7,73,24.28677301283414
7,74,26.713277267919814
7,75,27.034644032379276
7,76,27.015442513554152
7,77,24.29427233727935
7,78,20.932505888533512
7,79,17.779569805995582
7,80,14.434401794091338
7,81,11.715377747308027
7,82,11.97365691312333
7,83,9.83590701221398
7,84,11.391732835873981
7,85,11.029496366978732
7,86,13.622152094565537
7,87,11.578287744305777
7,88,11.6212767261633
7,89,15.110620864716667
7,90,14.941612401868476
7,91,12.969110505037818
7,92,10.32626519124861
7,93,11.478123010889187
7,94,10.340657715777903
7,95,13.629642212191
7,96,14.50181883330934
7,97,16.01492779329929
7,98,18.37761353346749
7,99,17.90695120319204
7,100,14.22868531449323
8,1,22.49228439376771
8,2,19.415687064176442
8,3,16.017790933998455
8,4,12.688979467352656
8,5,9.675731836507795
8,6,6.221926833818657
8,7,3.8215291373362934
8,9,3.8193220194871857
8,10,6.667686991720666
8,11,10.038556677241228
8,12,13.507068078914033
8,13,15.409984702016787
8,14,18.237585587192616
8,15,18.870766762588325
8,16,19.298083283473964
8,17,22.92647801849827
8,18,24.25756538424076
8,19,25.994004885131748
8,20,24.891316051771206
8,21,23.11148176282784
8,22,19.710462324017353
8,23,16.49442684149812
8,24,13.275670907953286
8,25,10.20704710135596
8,26,6.830932985268992
8,27,5.730977314893853
8,28,4.769286818627668
8,29,6.925852748217069
8,30,9.155179081424423
8,31,10.074972689402493
8,32,13.695745265427865
8,33,15.4549431138188
8,34,14.311763670802634
8,35,14.947961190697315
8,36,11.925316695548942
8,37,12.102299856020732
8,38,9.996873607178905
8,39,11.747618748072645
8,40,11.9719688286903
8,41,14.099113514451394
8,42,17.047772251427087
8,43,18.684721336464822
8,44,17.105360228070197
8,45,18.484753925806423
8,46,17.156440178893863
8,47,17.60645635815607
8,48,19.860365660660495
8,49,19.92168580089811
8,50,16.315155281277193
8,51,16.276428667001028
8,52,14.135561071142238
8,53,14.878133831802396
8,54,16.921523783313162
8,55,15.453032881728284
8,56,15.86427446477796
8,57,15.147974120686925
8,58,15.47640392585229
8,59,18.507351887633785
8,60,17.51790185078592
8,61,17.23006825516781
8,62,13.524676828114895
8,63,12.22320915307761
8,64,10.017456466054362
8,65,10.143926320903677
8,66,9.99054644498615
8,67,10.876404114243698
8,68,13.020679734834978
8,69,16.17261067380507
8,70,18.90955860628042
8,71,19.38369775376663
8,72,21.86679089941661
8,73,20.532619312991027
8,74,22.953681237428587
8,75,23.37959090776023
8,76,23.33357719036668
8,77,20.537260345076497
8,78,17.250456438680896
8,79,14.01840955636093
8,80,10.771374211699193
8,81,8.210977944795195
8,82,9.258021411580962
8,83,8.117016420131593
8,84,10.822654336995969
8,85,11.666720561263515
8,86,14.92093949628156
8,87,13.483129072134632
8,88,12.608428548884394
8,89,15.68743945145684
8,90,14.575101555553005
8,91,11.831848645009568
8,92,9.024812004695711
8,93,8.990504180301988
8,94,7.263971134490102
8,95,10.2387651372115
8,96,10.867930270238633
8,97,12.759441921867724
8,98,15.18135916198308
8,99,15.274577988789252
8,100,11.768118394371758
9,1,25.983394751053435
9,2,22.853348848388116
9,3,19.57850670862531
9,4,16.146970242520467
9,5,13.365938250206083
9,6,9.83094239028249
9,7,6.892743482874347
9,8,3.8193220194871857
9,10,3.7926044234721137
9,11,6.501273299546894
9,12,10.094385964821589
9,13,12.085409147953754
9,14,14.637199898045944
9,15,15.116332536882227
9,16,15.756181842017124
9,17,19.457258480507715
9,18,21.080123169083624
9,19,22.9800432346786
9,20,21.70971126478473
9,21,20.179814258332573
9,22,16.697358624624947
9,23,13.788244450891526
9,24,10.77132546593459
9,25,7.882939888980184
9,26,5.6001995886952045
9,27,5.1742248566992455
9,28,6.678317118950129
9,29,8.862287116272418
9,30,11.640554469746583
9,31,13.225185907859077
9,32,16.91766333405017
9,33,18.682030469283674
9,34,17.113347657280787
9,35,17.885013468617203
9,36,14.847108930452281
9,37,14.602192527960389
9,38,11.768870858117928
9,39,12.689695216709437
9,40,11.761278067708115
9,41,13.758797996933746
9,42,16.065018528379067
9,43,17.88302136660147
9,44,17.0863202488396
9,45,18.537693365763772
9,46,17.445862623044675
9,47,17.297270299386557
9,48,19.800681282518866
9,49,19.449862554340147
9,50,15.982104156922995
9,51,15.96547789908944
9,52,14.095115235211786
9,53,14.731470702907473
9,54,17.35158729996072
9,55,16.609485731178328
9,56,16.908687619170063
9,57,16.531376379590874
9,58,16.643485229624996
9,59,19.726053361202002
9,60,19.378941885429107
9,61,19.302336753253673
9,62,15.845986019407833
9,63,14.31344345687661
9,64,11.381024197649479
9,65,10.93601743495002
9,66,9.570469322627455
9,67,10.537812605258692
9,68,11.687008693875248
9,69,14.58959350974691
9,70,16.755174424991285
9,71,17.04162525850082
9,72,19.195479674460938
9,73,17.75778577086066
9,74,20.265524010233264
9,75,20.735275750019127
9,76,21.202152594803454
9,77,18.59802106394158
9,78,15.58890991595247
9,79,12.48191106287432
9,80,9.97105625110809
9,81,8.398960834516712
9,82,10.81603538923025
9,83,10.782134243443199
9,84,14.018082663906007
9,85,15.232167353738003
9,86,18.629315392131133
9,87,17.301200178620988
9,88,16.285582612260402
9,89,19.163450126772794
9,90,17.684838784360917
9,91,14.634768493831334
9,92,11.703307037574245
9,93,10.485964829250394
9,94,7.578016851479716
9,95,9.251180608396822
9,96,8.591299308720076
9,97,9.996082914692185
9,98,11.839336630073948
9,99,11.958321583575506
9,100,8.38495517045704
10,1,28.859601193946034
10,2,25.925656673110762
10,3,22.471523841388013
10,4,19.25532286706329
10,5,16.255461252282913
10,6,12.71367672937884
10,7,10.303562884508912
10,8,6.667686991720666
10,9,3.7926044234721137
10,11,3.8203209184711615
10,12,7.285008896792319
10,13,10.053464239023537
10,14,12.456695321709267
10,15,12.810573948705354
10,16,12.755636621018727
10,17,16.313689570376916
10,18,17.612919512240566
10,19,19.395024135556422
10,20,18.347846469494506
10,21,16.864730635496855
10,22,13.593664629626492
10,23,10.8617043171036
10,24,7.513492396989474
10,25,5.5496929810090165
10,26,4.457911708124012
10,27,6.497062237088348
10,28,8.923843158263029
10,29,11.86902442690983
10,30,14.996435324508978
10,31,16.133001003092563
10,32,19.624916451415004
10,33,21.014521459975587
10,34,19.031610074837477
10,35,19.25799894220025
10,36,15.943308592965234
10,37,14.824255407648053
10,38,11.396764579787218
10,39,11.174700085505131
10,40,9.241921209236834
10,41,10.877089373622427
10,42,12.696768997113786
10,43,14.69360413435569
10,44,14.4282378758389
10,45,15.777696038029072
10,46,14.934739794964399
10,47,14.480198654708888
10,48,17.290716609919283
10,49,16.98578277132929
10,50,13.881005200112222
10,51,14.501633227621918
10,52,13.483939150546723
10,53,14.820155467987636
10,54,17.972865817953384
10,55,17.912448891861946
10,56,18.801202203540996
10,57,19.078640213704162
10,58,19.627307897223996
10,59,22.916162249573638
10,60,22.781986283944025
10,61,22.376593171285514
10,62,18.94108542173584
10,63,16.90232255290508
10,64,13.682127612786498
10,65,12.212480276237915
10,66,9.812378449082019
10,67,9.593727100377341
10,68,9.63120952614919
10,69,11.851153968353245
10,70,13.700524990993298
10,71,13.526542748756015
10,72,15.555604883212599
10,73,14.04144831162787
10,74,16.5778055851033
10,75,17.255971972311652
10,76,17.696697448905187
10,77,14.976912458218893
10,78,12.187115579071142
10,79,9.012542484693427
10,80,7.117241247620533
10,81,6.525859777293059
10,82,9.905796487001322
10,83,11.095827191857142
10,84,14.787289163664221
10,85,16.751568528954145
10,86,20.394165742092547
10,87,19.529248492955695
10,88,17.994954960187314
10,89,20.43458101698955
10,90,18.310548039918306
10,91,14.87841800931093
10,92,12.268554093210323
10,93,9.986799024290253
10,94,6.876414084612687
10,95,7.0927272132664605
10,96,5.440007245360009
10,97,7.5760578878199745
10,98,9.311246900594172
10,99,10.557598191873964
10,100,7.759597133829483
11,1,32.0150607173899
11,2,29.048329739247585
11,3,25.716111507170854
11,4,22.419977100864976
11,5,19.66104873773582
11,6,16.010727206994844
11,7,13.359039937241356
11,8,10.038556677241228
11,9,6.501273299546894
11,10,3.8203209184711615
11,12,3.815000751468534
11,13,6.774379740331598
11,14,8.717587054595194
11,15,9.047761468511471
11,16,9.369935542707374
11,17,13.061110207837206
11,18,14.875373294497773
11,19,16.748372459519956
11,20,15.312459173872549
11,21,14.0990902055908
11,22,10.700636758097755
11,23,8.556292381060336
11,24,6.076851973833852
11,25,5.14100135952156
11,26,6.549031305203073
11,27,8.397987739948983
11,28,11.632784012878645
11,29,14.206024223559435
11,30,17.501353498054804
11,31,19.05735696155769
11,32,22.571786165474563
11,33,23.991141581931203
11,34,21.744347377671783
11,35,22.201965590624752
11,36,19.066301556135556
11,37,17.93262758171878
11,38,14.343639232521149
11,39,13.752472663451671
11,40,11.137928518186282
11,41,12.594738732159499
11,42,13.487365408303695
11,43,15.692345963494937
11,44,16.300784887370295
11,45,17.457555267189722
11,46,16.74580056502106
11,47,15.565249128193287
11,48,18.298474804560037
11,49,17.416033532114113
11,50,14.655024695442767
11,51,15.075343981505261
11,52,14.339298432535625
11,53,15.347771053566914
11,54,18.781381392785953
11,55,19.342912626272014
11,56,20.05092292540781
11,57,20.5897553439088
11,58,20.974785989086566
11,59,24.211038314304496
11,60,24.615163140217586
11,61,24.340169654365916
11,62,21.188154409392205
11,63,19.052863969776762
11,64,15.518005681436934
11,65,13.825775817691577
11,66,10.78762650810253
11,67,10.776795659753486
11,68,9.645855478299199
11,69,11.258221345145637
11,70,12.121556635111798
11,71,11.838871886395815
11,72,13.375137403297616
11,73,11.949215040226653
11,74,14.723094807551274
11,75,15.654160115039467
11,76,16.860473896420892
11,77,14.457531406135937
11,78,12.403957038853415
11,79,9.72175538045048
11,80,9.266362156082876
11,81,9.618116647610838
11,82,13.28654001947366
11,83,14.70901381940637
11,84,18.42531955483671
11,85,20.33854973516274
11,86,24.014860539791524
11,87,23.20283179486537
11,88,21.79362130334929
11,89,24.251551763804976
11,90,22.063000203472516
11,91,18.572457312648766
11,92,16.027174346325978
11,93,13.489883133660758
11,94,10.225262725412973
11,95,9.319505883831265
11,96,6.194879227767263
11,97,7.123303459400417
11,98,7.146592876662898
11,99,8.765453532236515
11,100,6.551014756973813
12,1,34.89251996476752
12,2,32.07330352331542
12,3,28.750731304274492
12,4,25.57430041104443
12,5,22.963112228282633
12,6,19.22033817473405
12,7,16.800719571192154
12,8,13.507068078914033
12,9,10.094385964821589
12,10,7.285008896792319
12,11,3.815000751468534
12,13,3.821561222523021
12,14,5.488216492100263
12,15,6.588590074558793
12,16,6.799077604419915
12,17,10.289044421912612
12,18,12.336135943576584
12,19,13.780201845962436
12,20,11.8638509014261
12,21,10.534639186243103
12,22,7.034847503580342
12,23,5.497312967747312
12,24,4.595950150253412
12,25,5.53218200311815
12,26,8.624126321256883
12,27,10.712691150670134
12,28,14.292524349563172
12,29,16.872379221835644
12,30,20.385889593044382
12,31,21.890260379982205
12,32,25.236005861763502
12,33,26.442447640319916
12,34,23.82222554010941
12,35,24.219475862227448
12,36,21.230320133683435
12,37,19.871098091581143
12,38,16.165546092134214
12,39,15.122989335397461
12,40,12.057104095978309
12,41,13.449298166814396
12,42,13.585989570828321
12,43,16.172147165431387
12,44,17.439952071636984
12,45,18.06333681245958
12,46,17.27993072749588
12,47,15.34668045432192
12,48,17.797208182586242
12,49,16.37126451072525
12,50,14.144108929736845
12,51,14.515530348659636
12,52,14.381973676723595
12,53,15.392215042251312
12,54,19.04928205564347
12,55,20.32736735168585
12,56,21.223270696244803
12,57,22.289856806649627
12,58,22.902893197881525
12,59,26.20833690285177
12,60,27.040060390477823
12,61,26.553737577666343
12,62,23.644282212732712
12,63,21.18374884120304
12,64,17.469447350116955
12,65,15.26176235148827
12,66,11.717028178403437
12,67,11.3567601309017
12,68,9.051802473698778
12,69,9.66484021566212
12,70,9.45281665015379
12,71,9.212328510416791
12,72,10.472907533240445
12,73,9.685798759482655
12,74,12.912929264622441
12,75,14.549798904964305
12,76,16.22435811183286
12,77,13.903056445581122
12,78,12.82652885946932
12,79,10.508713173353977
12,80,11.176076880941759
12,81,11.92843723977107
12,82,15.69112632969636
12,83,17.36868273078309
12,84,21.09428061692503
12,85,23.107219769199922
12,86,26.868834479093323
12,87,26.400224841152166
12,88,25.019705196309417
12,89,27.415389570338313
12,90,25.023840341901376
12,91,21.389971576578137
12,92,19.2041186024413
12,93,16.472409764656437
12,94,13.472231641684326
12,95,11.986753756085955
12,96,8.422962859879382
12,97,9.14959414301359
12,98,7.760065375727881
12,99,10.164710481149562
12,100,9.067019227932656
13,1,35.5747095750727
13,2,32.84393928163332
13,3,29.71323879347841
13,4,26.596369317113574
13,5,24.411095526981324
13,6,20.588952414756264
13,7,18.287746382001075
13,8,15.409984702016787
13,9,12.085409147953754
13,10,10.053464239023537
13,11,6.774379740331598
13,12,3.821561222523021
13,14,3.7991991455948413
13,15,6.911329559017653
13,16,8.389013864368032
13,17,11.394944223423062
13,18,13.953626886238837
13,19,14.83611893717235
13,20,12.058268455328315
13,21,10.326757774051606
13,22,6.600004164719441
13,23,5.2663580729864865
13,24,6.532887600362109
13,25,6.8243807922262265
13,26,10.239724798960227
13,27,11.463659851416097
13,28,15.211176815348656
13,29,17.305116662885613
13,30,20.87825147128457
13,31,22.601194739128005
13,32,25.79546386282936
13,33,26.96568250087125
13,34,24.114582360428937
13,35,24.88712155254118
13,36,22.304653972197073
13,37,21.315933901061157
13,38,17.784998555006016
13,39,17.154167699110996
13,40,14.40190305518043
13,41,16.341007323427323
13,42,16.585468317575447
13,43,19.49346548091209
13,44,20.730678154111967
13,45,20.91722693070733
13,46,19.66782486294716
13,47,17.259180020539624
13,48,19.069836642190293
13,49,16.930577052213316
13,50,14.748410448637454
13,51,14.256436127650222
13,52,13.881604148023463
13,53,14.149625951713594
13,54,17.697608845503844
13,55,19.43303340641833
13,56,20.078692095574706
13,57,21.424687715931665
13,58,22.035851611244645
13,59,25.26672883362074
13,60,26.620288373845504
13,61,26.067834451705025
13,62,23.568912869297133
13,63,21.00119692085489
13,64,17.21410300816914
13,65,14.97432759029989
13,66,11.404340093834268
13,67,11.710976961235932
13,68,9.313426301697309
13,69,10.007970361245926
13,70,9.364995167807526
13,71,10.288344484140199
13,72,11.665874497936334
13,73,11.911162654598606
13,74,15.372887675672589
13,75,17.422747957922866
13,76,19.378191981907673
13,77,17.105223588106064
13,78,16.40743622860683
13,79,14.03085673081262
13,80,14.57772013434951
13,81,14.770499514272522
13,82,18.369255928970265
13,83,19.575402989350646
13,84,23.12198819911807
13,85,24.743315212001896
13,86,28.461989524671818
13,87,28.141923747713136
13,88,27.1900180788542
13,89,29.863097677376004
13,90,27.667734975927882
13,91,24.0324626618905
13,92,21.994556822307043
13,93,19.596190832236992
13,94,16.70418536286265
13,95,15.620058363726594
13,96,12.172169933677576
13,97,12.773754150232023
13,98,10.961095222710592
13,99,12.828432462903015
13,100,11.567333055275407
14,1,39.0127443813249
14,2,36.15596631711275
14,3,33.05223505150783
14,4,29.803641736796752
14,5,27.52673496065478
14,6,23.744407906211276
14,7,21.133884767533235
14,8,18.237585587192616
14,9,14.637199898045944
14,10,12.456695321709267
14,11,8.717587054595194
14,12,5.488216492100263
14,13,3.7991991455948413
14,15,3.820225701572655
14,16,6.101110460829212
14,17,8.664414469642368
14,18,11.834712797507175
14,19,13.05452875619161
14,20,10.11966350966826
14,21,9.522583288512827
14,22,6.5404125552467605
14,23,7.353164919380576
14,24,9.048469172297104
14,25,10.196958272099705
14,26,13.555553252380466
14,27,14.88827878648178
14,28,18.61112321892599
14,29,20.602258375308093
14,30,24.041684177856368
14,31,25.979034636265137
14,32,29.295813072650073
14,33,30.585390255034604
14,34,27.827430540435994
14,35,28.601160679326487
14,36,25.92038235981197
14,37,24.804106852116355
14,38,21.1793193159114
14,39,20.227185909095724
14,40,17.13990347495771
14,41,18.475365884648394
14,42,18.037467320548306
14,43,20.576790236616514
14,44,22.36374718871678
14,45,22.796754026243732
14,46,22.042282062442894
14,47,19.62206363719395
14,48,21.643958191873296
14,49,19.587158272157282
14,50,17.849713525187944
14,51,17.670042898984214
14,52,17.58728475712285
14,53,17.85146522408573
14,54,21.356729662763055
14,55,23.156880627988013
14,56,23.634616768406914
14,57,24.836788408734336
14,58,25.150396523284677
14,59,28.186723225445473
14,60,29.635580603785257
14,61,29.364130649334765
14,62,26.906014747916792
14,63,24.531982717340423
14,64,20.76054835217509
14,65,18.705477282851504
14,66,15.182424293698045
14,67,15.398325034103486
14,68,12.753250168484833
14,69,12.745637641436476
14,70,11.14966236556566
14,71,11.201201905645998
14,72,11.320069336242856
14,73,11.259855755978787
14,74,14.271796181312563
14,75,16.11797470031528
14,76,18.702989055641673
14,77,17.095287705432888
14,78,16.920152793107103
14,79,15.306715669703408
14,80,16.517936595625184
14,81,17.402578371140443
14,82,21.148364749765395
14,83,22.686222582992944
14,84,26.345506842303017
14,85,28.121834301822833
14,86,31.847347201653555
14,87,31.337398495533186
14,88,30.213019778205325
14,89,32.76009353033437
14,90,30.46780371991241
14,91,26.84577257934993
14,92,24.603395585062323
14,93,21.90872771099638
14,94,18.76804186729657
14,95,17.10760133609955
14,96,13.37124155110471
14,97,13.043471357387448
14,98,10.250831083215353
14,99,12.008049310469966
14,100,11.816357046137682
15,1,40.54642044609966
15,2,37.50996899924308
15,3,34.362766652521394
15,4,30.961751505129143
15,5,28.434288216073305
15,6,24.772780347422987
15,7,21.844336002651342
15,8,18.870766762588325
15,9,15.116332536882227
15,10,12.810573948705354
15,11,9.047761468511471
15,12,6.588590074558793
15,13,6.911329559017653
15,14,3.820225701572655
15,16,3.8101849225926707
15,17,6.571562687249453
15,18,10.063881040394024
15,19,12.286195401586909
15,20,10.116336574437248
15,21,10.779532749807187
15,22,8.532430932367326
15,23,9.850326802536436
15,24,10.640313627981602
15,25,12.065893263066785
15,26,15.027867301304925
15,27,16.58153921502776
15,28,20.150188637518983
15,29,22.201617766083707
15,30,25.450807483336245
15,31,27.49144890331866
15,32,31.001388741992375
15,33,32.462268115493075
15,34,29.965709040621757
15,35,30.629866887665052
15,36,27.68932995517689
15,37,26.41956861418849
15,38,22.71014303769992
15,39,21.51117397252023
15,40,18.21131241897757
15,41,18.8868063329653
15,42,18.048522116434366
15,43,19.977455864723797
15,44,22.054254429762562
15,45,23.028411878181053
15,46,22.88508539567354
15,47,20.863425819512155
15,48,23.375376921064095
15,49,21.806096449256916
15,50,20.147695894840883
15,51,20.473396323520802
15,52,20.46079156036949
15,53,20.98434620585407
15,54,24.531135257865174
15,55,26.015177785419848
15,56,26.42002142797146
15,57,27.26825433096204
15,58,27.299516448099425
15,59,30.215622880158417
15,60,31.39973138033928
15,61,31.43594406015025
15,62,28.773265554679988
15,63,26.670032563650363
15,64,22.95802230650397
15,65,21.153956435695587
15,66,17.720175563478655
15,67,17.78309246505191
15,68,15.241664252745645
15,69,15.118885779253791
15,70,13.493532618402645
15,71,12.510167723890161
15,72,11.755897630744094
15,73,10.56811239500047
15,74,12.779453649048245
15,75,13.855358080180869
15,76,16.82052095008508
15,77,15.863909211815358
15,78,15.727140044127118
15,79,14.823742078531252
15,80,16.37484850282001
15,81,17.90640991170488
15,82,21.713102291467973
15,83,23.578597850266323
15,84,27.342707229505287
15,85,29.332669778804018
15,86,33.031762319313074
15,87,32.21106391769144
15,88,30.793655717006295
15,89,33.12870543626412
15,90,30.769154994278967
15,91,27.246496007111524
15,92,24.712694384386594
15,93,21.759487863777583
15,94,18.388661899524536
15,95,16.252621515977292
15,96,12.47502683944136
15,97,11.175918332436312
15,98,7.734863384766083
15,99,9.291038518635645
15,100,10.19903888484741
16,1,41.34584014415805
16,2,38.415624514988785
16,3,35.064164679648655
16,4,31.787269904636926
16,5,28.957656484519337
16,6,25.3489622803851
16,7,22.64794760379921
16,8,19.298083283473964
16,9,15.756181842017124
16,10,12.755636621018727
16,11,9.369935542707374
16,12,6.799077604419915
16,13,8.389013864368032
16,14,6.101110460829212
16,15,3.8101849225926707
16,17,3.783991650714948
16,18,6.599348168297944
16,19,9.09889646577983
16,20,7.769216914253664
16,21,8.863225957228645
16,22,7.3939328484373235
16,23,9.216676500571836
16,24,9.672606379644424
16,25,12.080754098146999
16,26,15.05542574398798
16,27,17.37656389396877
16,28,20.837800676401766
16,29,23.3942408604674
16,30,26.74801729672523
16,31,28.37344428039245
16,32,31.81544391559814
16,33,33.07057893056446
16,34,30.52371485877413
16,35,30.7177426979916
16,36,27.555308757421418
16,37,25.799747066162915
16,38,22.00658032752607
16,39,20.218144122142707
16,40,16.632125586104912
16,41,16.665294665818404
16,42,15.223871922469018
16,43,16.92486003418611
16,44,19.39891835815209
16,45,20.348389863714434
16,46,20.613055759184874
16,47,18.665139331503514
16,48,21.398599433670583
16,49,20.211642088664494
16,50,19.003320736201864
16,51,20.011867189648942
16,52,20.600538427368097
16,53,21.781993154269568
16,54,25.49204134208723
16,55,27.029380550249105
16,56,27.908683499849293
16,57,28.950005432675567
16,58,29.322271566962236
16,59,32.449192129811955
16,60,33.35594620193388
16,61,33.13902167389017
16,62,30.231088037960106
16,63,27.921693089573676
16,64,24.219794663347425
16,65,22.054610121881247
16,66,18.462296909400834
16,67,17.734070366515155
16,68,14.856954941427555
16,69,14.030495099949228
16,70,12.146029526447196
16,71,10.193964961066222
16,72,8.791638688329414
16,73,6.988695499110661
16,74,8.970046767289148
16,75,10.220498509292801
16,76,13.168319141854722
16,77,12.3223808803826
16,78,12.682021723294252
16,79,12.338551501851093
16,80,14.593881888787829
16,81,16.73531155242058
16,82,20.499434118419835
16,83,22.87961695170875
16,84,26.69514679522518
16,85,29.098139338810917
16,86,32.85057405858359
16,87,32.230116922220134
16,88,30.42825405660051
16,89,32.40553584191724
16,90,29.72242823482415
16,91,26.1600452033321
16,92,23.86485086347919
16,93,20.57596906080047
16,94,17.478904760265056
16,95,14.772161653305487
16,96,11.042175631543817
16,97,10.042788215522968
16,98,6.776695645452517
16,99,9.623544096806473
16,100,11.115776162830533
17,1,44.94296464379347
17,2,42.0705106588214
17,3,38.673045984309546
17,4,35.450183803096714
17,5,32.56444846084205
17,6,28.969678934482243
17,7,26.348434989167696
17,8,22.92647801849827
17,9,19.457258480507715
17,10,16.313689570376916
17,11,13.061110207837206
17,12,10.289044421912612
17,13,11.394944223423062
17,14,8.664414469642368
17,15,6.571562687249453
17,16,3.783991650714948
17,18,3.793119494584899
17,19,6.382938938207006
17,20,5.624332244113615
17,21,8.253960224460695
17,22,8.471664119931907
17,23,11.366093207760928
17,24,12.426873443366407
17,25,15.318798420693
17,26,18.436768940477084
17,27,20.946056822907668
17,28,24.41663279608105
17,29,27.06865489756396
17,30,30.47060053432807
17,31,32.00318625093126
17,32,35.38581761784237
17,33,36.53010816944481
17,34,33.87694085265706
17,35,33.90272504200929
17,36,30.72745141774236
17,37,28.73748392810881
17,38,24.936866456041272
17,39,22.798622877778676
17,40,19.075563402755737
17,41,18.678803690032527
17,42,16.57075542806442
17,43,17.99821181849108
17,44,20.97376265628643
17,45,21.732917500001935
17,46,22.306037432745242
17,47,20.197792589008735
17,48,22.800510713242602
17,49,21.62165785689532
17,50,21.028746573446945
17,51,22.272600233307763
17,52,23.31141295531892
17,53,24.637289842434942
17,54,28.373627610184624
17,55,30.17571204951218
17,56,31.20760530023993
17,57,32.44361346889995
17,58,32.917008535446904
17,59,36.06206668563218
17,60,37.057725487704346
17,61,36.76545359193353
17,62,33.889410029522644
17,63,31.470770971213867
17,64,27.74651544716757
17,65,25.39333340122747
17,66,21.702700269253395
17,67,20.68244228527064
17,68,17.48558535562776
17,69,15.972485277416505
17,70,13.40452866908953
17,71,10.991565997665523
17,72,8.358949555627083
17,73,6.865029450426685
17,74,7.789533735764057
17,75,9.242185863332493
17,76,12.640185777637361
17,77,12.560012693808241
17,78,13.944708805370533
17,79,14.386678528387625
17,80,17.207242557930826
17,81,19.674174191070566
17,82,23.344341790919287
17,83,25.98161792959768
17,84,29.78362782697308
17,85,32.36407687285354
17,86,36.13620550790426
17,87,35.65003233309623
17,88,33.69891467359847
