1,2,3.783675908485167
1,3,6.156909015345845
1,4,8.909788121330328
1,5,8.411846139576076
1,6,7.748903116598865
1,7,11.05587370822014
1,8,12.927323422977315
1,9,12.285884975447363
1,10,13.458867060930674
1,11,16.265652786232565
1,12,17.374898698426755
1,13,17.213597842616224
1,14,17.396447434020743
1,15,19.23540578883062
1,16,22.51371275348795
1,17,22.659599651382603
1,18,20.356567853385144
1,19,20.14911308921834
1,20,17.57066540334747
1,21,19.71530527532467
1,22,22.297074737669956
1,23,25.592142060579338
1,24,23.834867284232374
1,25,26.250986342002676
1,26,26.184157738936356
1,27,26.347449564644062
1,28,26.623514627067127
1,29,23.886534334840086
1,30,23.401589507358246
1,31,21.770862273532643
1,32,18.49769087701208
1,33,18.846677139107182
1,34,18.8014880928787
1,35,16.901657593194443
1,36,15.272968364272561
1,37,18.191576273191256
1,38,20.393547786318905
1,39,22.341655595822477
1,40,22.542674417882978
1,41,24.976462110090406
1,42,25.445835502864842
1,43,24.70557877749393
1,44,28.216631395856847
1,45,30.244531325492023
1,46,28.679675988563623
1,47,30.669723434283643
1,48,28.566073864023615
1,49,29.988154653698206
1,50,31.20049345120613
1,51,28.647322841069396
1,52,25.69021970546418
1,53,27.86054038803621
1,54,28.697146503381763
1,55,25.665432085010096
1,56,25.61161176704768
1,57,21.90929562104594
1,58,19.645648732902732
1,59,16.38527208506581
1,60,13.365231759449907
1,61,10.255116346483055
1,62,12.837798465276514
1,63,15.114440257195522
1,64,12.962996740339817
1,65,11.532369438793717
1,66,15.238754032077539
1,67,16.44735631442384
1,68,14.407808892508378
1,69,15.301886145871876
1,70,18.934365986226815
1,71,19.980488976865384
1,72,23.704254043985124
1,73,23.46610509624774
1,74,21.615978843007216
1,75,23.928221058582633
1,76,27.14914311895849
1,77,29.114307163390038
1,78,26.27282975353862
1,79,27.30820877748271
1,80,23.806803544676875
1,81,24.36338307159285
1,82,21.180143296314625
1,83,21.146839989650914
1,84,17.48954575514887
1,85,14.419486172604635
1,86,15.167517168293573
1,87,12.449797194761747
1,88,10.013941179604027
1,89,7.236364707920366
1,90,8.239636617342315
1,91,8.249170757246192
1,92,4.767093948892563
1,93,4.015513719365723
1,94,7.362591177154954
1,95,7.126008034036036
1,96,5.13365056183899
1,97,7.956417941951159
1,98,10.396494343966232
1,99,10.041648059636723
1,100,11.02906688091867
1,101,13.438773537148283
1,102,15.208447789201326
1,103,16.05778530108478
1,104,17.329385362666354
2,1,3.783675908485167
2,3,3.826238970900779
2,4,5.441432542938982
2,5,5.508195178955758
2,6,6.126340537873067
2,7,8.832215698890924
2,8,10.47237571834301
2,9,10.855222030308916
2,10,12.343462815697826
2,11,14.434137505636945
2,12,15.754279355819884
2,13,16.412216394262877
2,14,16.87453484361732
2,15,18.15176178556041
2,16,21.557464494785144
2,17,22.263047232447548
2,18,20.019110391864526
2,19,19.478301711627378
2,20,17.077008214239342
2,21,18.92644474594218
2,22,21.84132273390404
2,23,25.07562543101934
2,24,23.188524945340284
2,25,25.683166891975272
2,26,26.007089722229225
2,27,25.97931053837456
2,28,26.574349771253168
2,29,24.18996014613087
2,30,23.820916983273573
2,31,21.870851371349122
2,32,18.95199882074509
2,33,19.146415006518534
2,34,19.715111785750604
2,35,18.2485488277738
2,36,17.15041136130928
2,37,20.418633839834307
2,38,22.370093706661738
2,39,24.57352225928644
2,40,24.614742788016926
2,41,26.642415306503242
2,42,26.968514775947906
2,43,25.71793650935843
2,44,29.049036824518414
2,45,30.79301804902831
2,46,29.356915652168606
2,47,31.591208437920752
2,48,29.801351813653348
2,49,31.455674842564626
2,50,33.033597254161116
2,51,30.66054330365636
2,52,27.56537770121697
2,53,29.77514175988939
2,54,31.001713160868395
2,55,28.16569440914351
2,56,28.28895572966749
2,57,24.682328480932345
2,58,22.317338558050313
2,59,18.839065218791166
2,60,16.144908068999904
2,61,13.42841781941284
2,62,16.257082929484287
2,63,18.135199940474518
2,64,15.505030774985697
2,65,14.399471262959787
2,66,18.065992955701727
2,67,18.766981906794197
2,68,16.207515915291903
2,69,17.302271359435075
2,70,20.84066837953177
2,71,21.77539829384679
2,72,25.529099539746767
2,73,25.716870960555237
2,74,24.090691421033327
2,75,26.138438186274
2,76,29.247384688597524
2,77,30.876609276437634
2,78,27.823407979606408
2,79,28.384094948172887
2,80,24.71409803709437
2,81,24.995071955515556
2,82,21.838111431337513
2,83,22.064917169919532
2,84,18.643557517925878
2,85,15.442457065155551
2,86,16.534758644585597
2,87,13.702770742231866
2,88,12.177709237876334
2,89,8.808037247940678
2,90,8.83481676246446
2,91,9.958381786268514
2,92,7.41360766301684
2,93,4.480392085813853
2,94,7.609049345396763
2,95,8.795509368764765
2,96,6.31342055832924
2,97,7.361155803290585
2,98,10.75895489385801
2,99,11.032840133230913
2,100,10.82836299205085
2,101,12.728274703015586
2,102,15.313373467014292
2,103,16.297898129406974
2,104,16.77186229617267
3,1,6.156909015345845
3,2,3.826238970900779
3,4,3.849563313032565
3,5,5.638737657278413
3,6,4.850347608037328
3,7,6.2330230674385305
3,8,8.990193762092959
3,9,9.885152487660458
3,10,10.308587825493946
3,11,12.166102294130612
3,12,14.27933441742821
3,13,15.110584511464891
3,14,14.907051702150198
3,15,15.600248983707594
3,16,19.23548201980514
3,17,19.853960664651197
3,18,17.27597240593518
3,19,16.250555762282993
3,20,13.683719494707562
3,21,15.248982524643024
3,22,18.201674605478786
3,23,21.432546424351187
3,24,19.634878491357338
3,25,22.29524252132212
3,26,22.929829169385894
3,27,23.132240900058843
3,28,24.137652083004557
3,29,21.784659670591008
3,30,21.118300080612602
3,31,18.808222859459
3,32,16.046101391233496
3,33,15.93142110682787
3,34,16.83960441627439
3,35,15.82029827034855
3,36,15.185531209942702
3,37,18.70644112349556
3,38,20.37138483850338
3,39,22.878893619808593
3,40,22.965602251495294
3,41,24.62415474815031
3,42,24.621687157612435
3,43,22.99960038341644
3,44,26.128420308359743
3,45,27.79160967481978
3,46,26.619905141777842
3,47,29.137829032897052
3,48,27.707123178456484
3,49,29.721430430747485
3,50,31.46469085799639
3,51,29.44669090000835
3,52,26.110935704181585
3,53,28.0737413031349
3,54,29.668952264533406
3,55,27.175944653859798
3,56,27.24143337062913
3,57,23.782323068509893
3,58,21.174955707046685
3,59,17.580030240205932
3,60,15.31024838270786
3,61,13.373592652643602
3,62,16.689037540531217
3,63,17.989908807697923
3,64,15.076344145472584
3,65,14.915326389673345
3,66,18.580587836355072
3,67,18.58028423785172
3,68,16.055789791912712
3,69,17.927602335777053
3,70,21.128167692553387
3,71,21.402203262117947
3,72,25.187309503091438
3,73,25.84662115952045
3,74,23.996041574284785
3,75,25.534470501124545
3,76,28.746178190134103
3,77,29.988079875671307
3,78,26.679407091660277
3,79,26.949558397721205
3,80,23.312184263448927
3,81,23.89262420865282
3,82,21.108308636717677
3,83,21.996845049755667
3,84,18.805584145178333
3,85,16.08428532565174
3,86,17.95583220551805
3,87,15.723309415608503
3,88,14.380294627469125
3,89,11.478212681725172
3,90,10.46182633512892
3,91,10.875522711249767
3,92,8.894283837001176
3,93,5.625530550139992
3,94,6.848479535731998
3,95,7.957596465972905
3,96,5.10805750693136
3,97,4.3412181887546755
3,98,8.073776982016627
3,99,8.637569854439775
3,100,7.634762127829325
3,101,9.100461620371705
3,102,12.029721566892693
3,103,13.117885664542717
3,104,13.266772009052998
4,1,8.909788121330328
4,2,5.441432542938982
4,3,3.849563313032565
4,5,3.8055443955351103
4,6,5.279098768748304
4,7,5.326587596084722
4,8,6.884838594060488
4,9,9.046695758607012
4,10,10.178918682692453
4,11,10.945002482639936
4,12,12.890289041179718
4,13,14.628599752001408
4,14,15.069002262547574
4,15,15.29985321441659
4,16,18.798889422481437
4,17,20.13764278989229
4,18,17.970776640199585
4,19,16.927082446093337
4,20,14.962975952573784
4,21,16.35766172309432
4,22,19.663226348620416
4,23,22.601829875088857
4,24,20.520806041450406
4,25,22.997211586888127
4,26,23.848315722536164
4,27,23.615389908910526
4,28,24.718551630435755
4,29,22.868546135155295
4,30,22.596947859272692
4,31,20.26965200545569
4,32,18.041665941309557
4,33,18.096852386911447
4,34,19.59967804781507
4,35,18.736807319784038
4,36,18.585246923466983
4,37,22.214628155051702
4,38,23.582720656731425
4,39,26.030505864189188
4,40,25.79744536569353
4,41,27.128603187777514
4,42,27.235463767187827
4,43,25.27285826213656
4,44,28.24406242529029
4,45,29.506449959911414
4,46,28.291400517191157
4,47,30.840532790039763
4,48,29.59048277785748
4,49,31.61150629438661
4,50,33.68576605156698
4,51,31.707969200922996
4,52,28.42598882539823
4,53,30.57393632276912
4,54,32.40168214407156
4,55,29.981265460407474
4,56,30.35460396709143
4,57,27.00387542594008
4,58,24.56390950372289
4,59,20.87886651657721
4,60,18.873776227644203
4,61,16.903541821786817
4,62,20.036756676328256
4,63,21.154854317375094
4,64,17.96864528437731
4,65,17.63028691631541
4,66,21.130265321345973
4,67,20.925511937897006
4,68,17.947461106690803
4,69,19.60941788713719
4,70,22.72666143530335
4,71,23.15671762001564
4,72,26.851230449352432
4,73,27.76276530011691
4,74,26.31056608869165
4,75,27.76729364724686
4,76,30.72581080110154
4,77,31.74352324094405
4,78,28.388989838531668
4,79,28.242644619192472
4,80,24.4923914287675
4,81,24.587190820939266
4,82,21.76817630627169
4,83,22.651126381147193
4,84,19.757457876007397
4,85,16.89400115655236
4,86,18.780003958479067
4,87,16.44243727685957
4,88,15.906544200786644
4,89,12.697538269756572
4,90,11.21446166933229
4,91,12.66705904321179
4,92,11.376729754293153
4,93,7.620443236784569
4,94,8.65452879852766
4,95,10.948346802363982
4,96,8.767765909892594
4,97,7.089572054952623
4,98,10.758175568578695
4,99,12.05458415960958
4,100,10.52713546112073
4,101,11.0152298861321
4,102,14.397720704850407
4,103,15.776515325806127
4,104,15.235906132793769
5,1,8.411846139576076
5,2,5.508195178955758
5,3,5.638737657278413
5,4,3.8055443955351103
5,6,3.7874380351427184
5,7,5.494549314194476
5,8,5.406656709548348
5,9,6.5224777564263725
5,10,8.880079449519117
5,11,10.08502183739571
5,12,10.956281117287517
5,13,12.400266204134468
5,14,13.607432247606502
5,15,14.580756115309514
5,16,17.718280516024112
5,17,19.18592506840155
5,18,17.56810038730389
5,19,17.33579956682141
5,20,15.881000109468378
5,21,17.99682944755968
5,22,21.469064682927225
5,23,24.178823771911794
5,24,21.674611166612593
5,25,23.68884557634008
5,26,23.993534361043665
5,27,23.288317101501264
5,28,23.82740753605247
5,29,22.08495973307968
5,30,22.373481823970277
5,31,20.610856878275296
5,32,18.424068432378238
5,33,19.22861785379858
5,34,20.781860550132233
5,35,19.26114892927197
5,36,19.23453965994731
5,37,22.826048556047063
5,38,23.985785529108004
5,39,25.966303912467104
5,40,25.29395636859914
5,41,26.709917390640996
5,42,27.34476219929406
5,43,25.60332926371913
5,44,28.798486646534883
5,45,29.892975560794152
5,46,28.215379190738915
5,47,30.382526436817777
5,48,28.798744888862515
5,49,30.43581379511351
5,50,32.56331296345826
5,51,30.30022376378044
5,52,27.27506041810841
5,53,29.80564097738576
5,54,31.48903901153099
5,55,28.858652729982797
5,56,29.616378235825326
5,57,26.29911702619818
5,58,24.3061120958132
5,59,20.58631952089427
5,60,18.704272832179583
5,61,16.347608760979178
5,62,18.97846185841463
5,63,19.987695067157155
5,64,16.673498704867693
5,65,15.807652925501813
5,66,19.063781578532883
5,67,18.96376004250463
5,68,15.681202162181748
5,69,16.857821906632424
5,70,20.013560728157824
5,71,20.867421598939035
5,72,24.46934767652504
5,73,25.27665160513196
5,74,24.22446211166629
5,75,25.903206356603132
5,76,28.611699282402473
5,77,29.75900149938329
5,78,26.586676552568658
5,79,26.487963609355937
5,80,22.672979298730095
5,81,22.34264877590995
5,82,19.231858486623768
5,83,19.6849594006808
5,84,16.798922247122576
5,85,13.697981396175598
5,86,15.377787035554494
5,87,13.014057345268984
5,88,13.021231641596854
5,89,9.89975668656147
5,90,7.972181608422009
5,91,10.134044648807878
5,92,9.602486982691834
5,93,5.922877876767582
5,94,7.032207919407186
5,95,10.175285546414576
5,96,9.138850846100082
5,97,7.985566006426781
5,98,11.257431913931992
5,99,13.163463605449152
5,100,12.646815061903922
5,101,12.942193655156577
5,102,15.84665864295186
5,103,17.796896447236602
5,104,17.853368661608187
6,1,7.748903116598865
6,2,6.126340537873067
6,3,4.850347608037328
6,4,5.279098768748304
6,5,3.7874380351427184
6,7,3.8241352863351503
6,8,5.4829126732202615
6,9,5.153427141409774
6,10,6.234558298204845
6,11,8.565919764552525
6,12,9.919174962858776
6,13,10.47756824175995
6,14,10.860049044880045
6,15,12.137754916832266
6,16,15.453144229504707
6,17,16.33654039605133
6,18,14.411799504214567
6,19,14.297516198476414
6,20,12.67810055191246
6,21,15.169946650830026
6,22,18.548424115511615
6,23,21.249513471824514
6,24,18.728387658500864
6,25,20.709013438201133
6,26,20.786331804242092
6,27,20.307409823766438
6,28,20.804635024362348
6,29,18.750202525222992
6,30,18.84813398875262
6,31,17.157814509560293
6,32,14.793947362102127
6,33,15.797281978728744
6,34,17.309749717255254
6,35,15.59031500899461
6,36,15.771389636013424
6,37,19.395532287292333
6,38,20.336378406481852
6,39,22.26167577798658
6,40,21.54829961656012
6,41,22.936475639252002
6,42,23.56838645117948
6,43,21.895685479013792
6,44,25.16575299679557
6,45,26.356033151324688
6,46,24.639955053119174
6,47,26.795985285867076
6,48,25.176768342087634
6,49,26.89260618070104
6,50,28.951156472922396
6,51,26.780864234383355
6,52,23.6529391710947
6,53,26.08410820099897
6,54,27.821481376400897
6,55,25.290537726102297
6,56,26.01932132475532
6,57,22.771784293199435
6,58,20.773889284431117
6,59,17.01963681154078
6,60,15.430027657410541
6,61,13.454991754570914
6,62,16.219542100623194
6,63,16.8181263999783
6,64,13.361689546285659
6,65,13.070022880621492
6,66,16.331050295781232
6,67,15.85033539894429
6,68,12.732483573385588
6,69,14.533400719366451
6,70,17.512190392434253
6,71,17.891531799325932
6,72,21.577022544402645
6,73,22.53413154516054
6,74,21.185618864849726
6,75,22.633215829376056
6,76,25.50247132013003
6,77,26.57525867383669
6,78,23.30203554468964
6,79,23.307951201616223
6,80,19.541328520209753
6,81,19.645774743090048
6,82,16.717610975137404
6,83,17.56849544977442
6,84,14.601229118661564
6,85,11.946293847455577
6,86,14.244432056831062
6,87,12.530820812575925
6,88,12.123666957317987
6,89,9.732355127340387
6,90,7.263453228723805
6,91,8.010731165599767
6,92,7.829060051947736
6,93,4.416152845345089
6,94,3.6639432207526963
6,95,6.880663586603216
6,96,6.563912324374541
6,97,4.940670955593167
6,98,7.690645503233877
6,99,10.050458104702225
6,100,10.123985434565418
6,101,10.164757017411954
6,102,12.596924457006757
6,103,14.893833084980487
6,104,15.47727847846568
7,1,11.05587370822014
7,2,8.832215698890924
7,3,6.2330230674385305
7,4,5.326587596084722
7,5,5.494549314194476
7,6,3.8241352863351503
7,8,3.814625769866906
7,9,5.443085915979514
7,10,5.136541754641893
7,11,5.990853290020225
7,12,8.508240841979973
7,13,10.005826933500039
7,14,9.936865787907971
7,15,9.98794210897291
7,16,13.53600692167222
7,17,14.830589980679642
7,18,12.792728573326407
7,19,12.055611147080421
7,20,10.746071681069894
7,21,12.791827138101695
7,22,16.42388494740331
7,23,18.890267697321196
7,24,16.274176552085066
7,25,18.307203816608954
7,26,18.889076989671583
7,27,18.39020933833272
7,28,19.443655642513246
7,29,17.776805865941746
7,30,17.777592887894777
7,31,15.673897521894716
7,32,13.912702222098874
7,33,14.651039136551493
7,34,16.840926685732576
7,35,15.760862767176611
7,36,16.600363534108897
7,37,20.35950266897899
7,38,20.913899967101422
7,39,23.085866154304217
7,40,22.318223191576585
7,41,23.14272891890331
7,42,23.460076391742597
7,43,21.234177695369116
7,44,24.14595995253116
7,45,25.010706215956244
7,46,23.58179522281392
7,47,26.05283467588351
7,48,24.94600083042672
7,49,27.02825761622315
7,50,29.395790280585437
7,51,27.63527818480399
7,52,24.345968895561032
7,53,26.564739129907608
7,54,28.74618581292015
7,55,26.620319578115733
7,56,27.387268355070937
7,57,24.374387990604287
7,58,22.240315994979703
7,59,18.47693921887631
7,60,17.372018604083284
7,61,16.06740271241636
7,62,19.071012566095536
7,63,19.226154677653554
7,64,15.633046916045274
7,65,16.03915612310211
7,66,19.120159930960135
7,67,18.02530652610004
7,68,14.925376718235304
7,69,17.19202722974528
7,70,19.720134725170848
7,71,19.553580368078038
7,72,23.108770916205255
7,73,24.586510260258365
7,74,23.240956531331864
7,75,24.15212276780437
7,76,26.94241595874384
7,77,27.513710131482142
7,78,24.020008485942412
7,79,23.493851115225247
7,80,19.774040859118106
7,81,19.91723110449172
7,82,17.462257096865756
7,83,18.964046015145026
7,84,16.51405835304021
7,85,14.38136004386657
7,86,17.140795092054002
7,87,15.824099904826777
7,88,15.778662165480567
7,89,13.49391291549768
7,90,10.74767580900136
7,91,11.395067494179003
7,92,11.500732067547561
7,93,8.160846342919507
7,94,6.634510286668434
7,95,9.424030629688364
7,96,8.873427302000023
7,97,5.696496866016955
7,98,8.083120244105336
7,99,10.855201609094685
7,100,9.898437492526678
7,101,8.734294196229145
7,102,11.657495568163986
7,103,14.145233015554442
7,104,13.98536753237897
8,1,12.927323422977315
8,2,10.47237571834301
8,3,8.990193762092959
8,4,6.884838594060488
8,5,5.406656709548348
8,6,5.4829126732202615
8,7,3.814625769866906
8,9,3.8092378112069327
8,10,5.489455200760393
8,11,5.048474740358814
8,12,6.124541665092739
8,13,8.562933299380791
8,14,9.870296102520754
8,15,10.059403295735798
8,16,12.97253402806379
8,17,15.050762295174088
8,18,13.932104096167533
8,19,13.858534743425317
8,20,13.46221165564818
8,21,15.680084160299161
8,22,19.442754942857416
8,23,21.500699044739115
8,24,18.52059401669075
8,25,20.01262726186936
8,26,20.35499093026906
8,27,19.15832016416142
8,28,19.83791508949757
8,29,18.72990432997936
8,30,19.45078604464723
8,31,17.818013584062058
8,32,16.522788842662827
8,33,17.773454457511814
8,34,20.189203952532168
8,35,18.841617926128034
8,36,19.873866336744644
8,37,23.591362404300966
8,38,23.93103444648208
8,39,25.760184239169426
8,40,24.56019440861626
8,41,25.2352191169479
8,42,25.95772490732725
8,43,23.71828268209164
8,44,26.609013832371687
8,45,27.077812382341776
8,46,25.335908420839598
8,47,27.517491002282
8,48,26.331032149782775
8,49,28.116915015443787
8,50,30.724434471913852
8,51,28.820290084753438
8,52,25.79558779448345
8,53,28.360496197331774
8,54,30.56093105920044
8,55,28.36322568579832
8,56,29.549332760987525
8,57,26.643821117694653
8,58,24.89565789167245
8,59,21.130478340143462
8,60,20.164531022954037
8,61,18.557917044064357
8,62,21.146862499242012
8,63,21.20939595019795
8,64,17.498326470366074
8,65,17.422430839107484
8,66,20.183661474947915
8,67,19.072822704245592
8,68,15.570031044073534
8,69,17.293547709745802
8,70,19.69303007371769
8,71,19.9209958268223
8,72,23.265021672241208
8,73,24.842435373161717
8,74,24.067691893271185
8,75,25.058499824512257
8,76,27.454613625585235
8,77,27.937174190629417
8,78,24.587551284195786
8,79,23.773655735060746
8,80,19.991803270562336
8,81,19.407476952361336
8,82,16.780765178072492
8,83,17.978670895007877
8,84,15.88890236270149
8,85,13.625201051764696
8,86,16.230571585420876
8,87,14.974041152851276
8,88,15.822862831060748
8,89,13.565667603036308
8,90,10.432097586009375
8,91,12.030619033581582
8,92,12.87429148881016
8,93,9.581989985701705
8,94,8.31171269581574
8,95,11.840129270159936
8,96,11.84220235648248
8,97,9.190824288583078
8,98,11.391799085033446
8,99,14.39915770739003
8,100,13.69831688953898
8,101,12.418420423635887
8,102,15.160980865399605
8,103,17.868810722513846
8,104,17.65397290209333
9,1,12.285884975447363
9,2,10.855222030308916
9,3,9.885152487660458
9,4,9.046695758607012
9,5,6.5224777564263725
9,6,5.153427141409774
9,7,5.443085915979514
9,8,3.8092378112069327
9,10,3.815021407712151
9,11,5.486146919371551
9,12,5.146486580001329
9,13,5.879890840322974
9,14,7.611515671277815
9,15,9.205372156344831
9,16,11.778446785007327
9,17,13.368445325363712
9,18,12.57749306247857
9,19,13.431130317322282
9,20,13.23798593540028
9,21,16.181351576094333
9,22,19.811364708605442
9,23,21.771177029748618
9,24,18.608419491421046
9,25,19.73206373298631
9,26,19.37228698340228
9,27,17.99263635212103
9,28,18.01399143797773
9,29,16.682636544627506
9,30,17.761050403300786
9,31,16.752997528411235
9,32,15.283895897058464
9,33,17.203725236747037
9,34,19.396535982390105
9,35,17.406670814852315
9,36,18.485478703332564
9,37,22.04630193649955
9,38,22.190892496173632
9,39,23.56574635804172
9,40,22.042984706029596
9,41,22.866883758755968
9,42,24.042037159437214
9,43,22.16962760593292
9,44,25.315602149192717
9,45,25.815099472892292
9,46,23.653983554272273
9,47,25.44262069002284
9,48,23.854451627089404
9,49,25.293188137766034
9,50,27.814631979207274
9,51,25.66543636453122
9,52,22.835212753398043
9,53,25.66159707140811
9,54,27.670328369804576
9,55,25.31295274490402
9,56,26.75283699190749
9,57,23.916596269728505
9,58,22.55995548818812
9,59,18.859890568914977
9,60,18.122709621095012
9,61,16.443554791242057
9,62,18.576335003229044
9,63,18.357631921239864
9,64,14.612571921664493
9,65,14.387927326821174
9,66,16.823503229809276
9,67,15.62654658998138
9,68,12.002855704135866
9,69,13.611540148746863
9,70,15.912379475249232
9,71,16.270118018341467
9,72,19.592914292897834
9,73,21.100694799316745
9,74,20.487177594973495
9,75,21.58768323735987
9,76,23.879317970699955
9,77,24.517799790986885
9,78,21.301017740510286
9,79,20.70875057319492
9,80,16.88357019393684
9,81,16.198703736775585
9,82,13.296996692647328
9,83,14.289512668075039
9,84,12.083062913424502
9,85,9.908495417666225
9,86,12.761685421683191
9,87,12.013817983725119
9,88,13.063015169774228
9,89,11.528090559011405
9,90,7.919862333027849
9,91,9.100066518771166
9,92,10.86054989194498
9,93,8.382377685056808
9,94,6.293296751066435
9,95,9.960727909754489
9,96,11.131905329232259
9,97,9.102546376085014
9,98,10.485249144890593
9,99,13.786020634569226
9,100,14.113181580238715
9,101,12.972693131357032
9,102,14.950810423875653
9,103,18.009429417395634
9,104,18.576507054961677
10,1,13.458867060930674
10,2,12.343462815697826
10,3,10.308587825493946
10,4,10.178918682692453
10,5,8.880079449519117
10,6,6.234558298204845
10,7,5.136541754641893
10,8,5.489455200760393
10,9,3.815021407712151
10,11,3.8010888262286944
10,12,5.332093916401098
10,13,5.304217294100899
10,14,4.896691297262182
10,15,6.050972071421714
10,16,9.225214962511595
10,17,10.309483575011921
10,18,8.956149892138065
10,19,9.636571815805649
10,20,9.594058468040997
10,21,12.699063112021152
10,22,16.284805494250367
10,23,18.073748501127906
10,24,14.856926309669252
10,25,15.973584697725213
10,26,15.673674409938553
10,27,14.564112299892965
10,28,14.957248180921937
10,29,13.444786604713991
10,30,14.207234541568413
10,31,12.99433264017191
10,32,11.740339534542999
10,33,13.745316527600362
10,34,16.256666403551872
10,35,14.493415957285722
10,36,16.13268829460203
10,37,19.710272906913076
10,38,19.45814040052554
10,39,20.95350576591032
10,40,19.43002172172462
10,41,19.889429894292245
10,42,20.81667440654036
10,43,18.67306234818812
10,44,21.68078398028236
10,45,22.119965369446216
10,46,20.11690238994194
10,47,22.145841211070966
10,48,20.851607918816452
10,49,22.66346639078125
10,50,25.27601950527373
10,51,23.496989210463575
10,52,20.416436886040607
10,53,22.953467489609412
10,54,25.27924238326628
10,55,23.278976952994128
10,56,24.62251775540389
10,57,21.986583847390932
10,58,20.493918675684082
10,59,16.8252610021386
10,60,16.625976713006274
10,61,15.72600757401009
10,62,18.108465849328635
10,63,17.354280263085432
10,64,13.547073047025675
10,65,14.331093164146488
10,66,16.667737461067837
10,67,14.81264435001331
10,68,11.584296771374046
10,69,14.121401388355345
10,70,15.943937487332683
10,71,15.393479113098728
10,72,18.709931463744248
10,73,20.6310149367979
10,74,19.619831298226753
10,75,20.14618833740029
10,76,22.61173337066542
10,77,22.88360384261184
10,78,19.399504490472516
10,79,18.610339879218888
10,80,14.864241070970012
10,81,14.830946033690589
10,82,12.553798821909176
10,83,14.47286040719097
10,84,12.533837313058438
10,85,11.286112495705455
10,86,14.693568841114677
10,87,14.526013327666933
10,88,15.061164437038876
10,89,13.92089331881704
10,90,10.428270036735613
10,91,10.296427607462515
10,92,11.96441976774342
10,93,9.773755714703075
10,94,6.580154141477027
10,95,9.359693021053133
10,96,10.78760825864575
10,97,8.041543234168206
10,98,8.302313442472347
10,99,11.996992720902147
10,100,12.310369428044394
10,101,10.406820263500894
10,102,11.947337532462537
10,103,15.32554349554212
10,104,15.975783709572553
11,1,16.265652786232565
11,2,14.434137505636945
11,3,12.166102294130612
11,4,10.945002482639936
11,5,10.08502183739571
11,6,8.565919764552525
11,7,5.990853290020225
11,8,5.048474740358814
11,9,5.486146919371551
11,10,3.8010888262286944
11,12,3.799504967498164
11,13,6.046709718952824
11,14,6.189981745673086
11,15,5.196136182502604
11,16,8.133498137274033
11,17,10.40833399956423
11,18,9.596064655874075
11,19,9.77961338803221
11,20,10.552326859904666
11,21,12.965853934453168
11,22,16.720714271979237
11,23,18.082773834883348
11,24,14.710095259749039
11,25,15.60957672240471
11,26,15.827853748140036
11,27,14.330302205582848
11,28,15.190443487952855
11,29,14.511779747500297
11,30,15.476392713184893
11,31,14.049689205666406
11,32,13.645578879400325
11,33,15.354152314429365
11,34,18.37235905509121
11,35,17.17734887794683
11,36,19.12775663399727
11,37,22.742831988060402
11,38,22.300837867393778
11,39,23.924707078298443
11,40,22.33818315766125
11,41,22.320823884196667
11,42,23.05800269213788
11,43,20.46978868025575
11,44,23.047411517638846
11,45,23.014880733268367
11,46,21.239656363127402
11,47,23.42892861461719
11,48,22.630577287600552
11,49,24.61219001970447
11,50,27.53508741242817
11,51,26.063954326878545
11,52,23.02545800862415
11,53,25.449703879952544
11,54,28.076901409017555
11,55,26.370307533473007
11,56,27.812066482635128
11,57,25.364436146756354
11,58,23.843326616821923
11,59,20.223392725649756
11,60,20.163333369209553
11,61,19.400749270613627
11,62,21.88973671507394
11,63,21.08846649546081
11,64,17.2879006932252
11,65,18.113889092671407
11,66,20.35907623325894
11,67,18.349134658463687
11,68,15.093891724287312
11,69,17.476981763630643
11,70,19.04006772146711
11,71,18.403903605894232
11,72,21.43815986049703
11,73,23.675078282845302
11,74,22.918006956925556
11,75,23.152162917012806
11,76,25.34917908801846
11,77,25.205689782532335
11,78,21.698127292935567
11,79,20.32833115079893
11,80,16.729557357486836
11,81,16.318739478547045
11,82,14.47286668935919
11,83,16.61544598759404
11,84,15.278415104671137
11,85,14.17650894042324
11,86,17.50931421359349
11,87,17.305562268673615
11,88,18.274762710248158
11,89,16.836386544324352
11,90,13.291066834850401
11,91,13.80129791010992
11,92,15.359272074931246
11,93,12.696733305142724
11,94,10.010846436534285
11,95,12.936771445415287
11,96,13.78843917453731
11,97,10.561069208472714
11,98,11.205039851986031
11,99,14.788241334345637
11,100,14.288469783231173
11,101,11.82232180987033
11,102,13.795405561732268
11,103,17.083571999904215
11,104,16.97174820990505
12,1,17.374898698426755
12,2,15.754279355819884
12,3,14.27933441742821
12,4,12.890289041179718
12,5,10.956281117287517
12,6,9.919174962858776
12,7,8.508240841979973
12,8,6.124541665092739
12,9,5.146486580001329
12,10,5.332093916401098
12,11,3.799504967498164
12,13,3.8232282519683936
12,14,6.226107256277693
12,15,6.615406427674895
12,16,8.046821506409811
12,17,10.76329066498712
12,18,11.147763326083908
12,19,12.411544379327191
12,20,13.64254351705083
12,21,16.40707754469757
12,22,20.07363758140619
12,23,21.20741746407922
12,24,17.64707083767315
12,25,17.969719835108116
12,26,17.566155837942954
12,27,15.407863043346147
12,28,15.418972294512301
12,29,15.148328054618563
12,30,16.913859608690448
12,31,16.263312877606346
12,32,15.97425415350722
12,33,18.241065429461475
12,34,21.116556686169695
12,35,19.414142219720592
12,36,21.325477647688093
12,37,24.819739064098414
12,38,24.256740345808044
12,39,25.407794905141944
12,40,23.39693098303417
12,41,23.417557231217994
12,42,24.704781405632446
12,43,22.40179133002112
12,44,25.100206375866474
12,45,24.83745246915756
12,46,22.59876934996923
12,47,24.26594773768277
12,48,23.14357351734865
12,49,24.615262407444813
12,50,27.63793699416503
12,51,25.893746277990815
12,52,23.239759292586147
12,53,26.070884468612636
12,54,28.535091510570677
12,55,26.664622130424267
12,56,28.53172266040362
12,57,26.188022741997138
12,58,25.144416623789663
12,59,21.591258022245167
12,60,21.614958742296945
12,61,20.526006888258717
12,62,22.50121875849228
12,63,21.59894974715871
12,64,17.80359185567839
12,65,18.126650158620716
12,66,19.935974369509506
12,67,17.969105171986232
12,68,14.45532425580837
12,69,16.21662917481114
12,70,17.538641378327597
12,71,17.343186024631343
12,72,20.096181397510875
12,73,22.337213550531654
12,74,22.179453955223295
12,75,22.56626247888451
12,76,24.32781541518186
12,77,24.2138119326831
12,78,20.974385895841056
12,79,19.499343430681687
12,80,15.883939141741283
12,81,14.64985085648505
12,82,12.528167762766161
12,83,14.240596943624281
12,84,13.335375016144322
12,85,12.332575128544635
12,86,15.50730378555142
12,87,15.665746912208379
12,88,17.372651599787066
12,89,16.31448336684929
12,90,12.564377805372597
12,91,13.510289615112088
12,92,15.774072673639262
12,93,13.488528672014295
12,94,10.946224062024344
12,95,14.229233166317947
12,96,15.656909767200888
12,97,12.997840531312036
12,98,13.630818318076692
12,99,17.305243238294327
12,100,17.336459356789632
12,101,15.188657611633284
12,102,16.890269841709404
12,103,20.314651119146795
12,104,20.53451800806072
13,1,17.213597842616224
13,2,16.412216394262877
13,3,15.110584511464891
13,4,14.628599752001408
13,5,12.400266204134468
13,6,10.47756824175995
13,7,10.005826933500039
13,8,8.562933299380791
13,9,5.879890840322974
13,10,5.304217294100899
13,11,6.046709718952824
13,12,3.8232282519683936
13,14,3.8390320943460927
13,15,6.296566570897405
13,16,7.160592177759421
13,17,8.833550631017461
13,18,9.580957158817785
13,19,11.833392487882698
13,20,13.176965691510743
13,21,16.495802558183637
13,22,19.891784552357333
13,23,20.937872211453715
13,24,17.334998797141882
13,25,17.32738479250052
13,26,16.171027082045597
13,27,13.95343168173816
13,28,13.214653598630008
13,29,12.608412358289165
13,30,14.72445622317751
13,31,14.769969485465959
13,32,14.363064392262162
13,33,17.21377209561224
13,34,19.819836372601642
13,35,17.60858922516107
13,36,19.62188723374569
13,37,22.86709155103671
13,38,22.040718709758014
13,39,22.73796942815151
13,40,20.41746447389827
13,41,20.493386900553876
13,42,22.18939676970354
13,43,20.258346638251865
13,44,23.1587874018148
13,45,22.95357430208497
13,46,20.32445318254393
13,47,21.596261454493106
13,48,20.087059463196958
13,49,21.255080307594575
13,50,24.199515220478958
13,51,22.28619967200343
13,52,19.795498822056253
13,53,22.824326514361832
13,54,25.14856321294661
13,55,23.220676865684954
13,56,25.3162921491583
13,57,23.13489506690266
13,58,22.479524709155587
13,59,19.097813228361158
13,60,19.494657693272877
13,61,18.585380959397583
13,62,20.119259947240817
13,63,18.802596471211224
13,64,15.102656158602823
13,65,15.573062506885194
13,66,16.894981388635717
13,67,14.631009870051727
13,68,11.241733122362904
13,69,13.109180517968218
13,70,14.008612030184885
13,71,13.609739794773386
13,72,16.284356661700116
13,73,18.618252460114686
13,74,18.542143317660706
13,75,18.83985461171666
13,76,20.513886779113495
13,77,20.453206201885127
13,78,17.271714676834517
13,79,15.975038393123675
13,80,12.288590109704979
13,81,11.068318601393244
13,82,8.779576721049132
13,83,10.716341860117579
13,84,9.941277353424496
13,85,9.661731128786856
13,86,13.18353492102271
13,87,14.106194308274603
13,88,15.752441658895027
13,89,15.498161484099029
13,90,11.709554178955232
13,91,11.80393973790512
13,92,14.66603032856359
13,93,13.23627766356067
13,94,10.162350915169599
13,95,12.935230272464525
13,96,15.220691381875422
13,97,13.060762054995667
13,98,12.83723214524439
13,99,16.572298693504315
13,100,17.409154774226558
13,101,15.39591667280154
13,102,16.31788136774106
13,103,19.946688074169227
13,104,20.848444898881358
14,1,17.396447434020743
14,2,16.87453484361732
14,3,14.907051702150198
14,4,15.069002262547574
14,5,13.607432247606502
14,6,10.860049044880045
14,7,9.936865787907971
14,8,9.870296102520754
14,9,7.611515671277815
14,10,4.896691297262182
14,11,6.189981745673086
14,12,6.226107256277693
14,13,3.8390320943460927
14,15,3.830403716502159
14,16,5.477579106172924
14,17,5.880159421925413
14,18,5.833027031597737
14,19,8.301216984440451
14,20,9.836896555999918
14,21,13.292268168735554
14,22,16.463022198887188
14,23,17.376987331768905
14,24,13.803188257335512
14,25,13.79457806905684
14,26,12.561705290715677
14,27,10.755268260226105
14,28,10.414053401194026
14,29,9.279868314024588
14,30,11.005790132916689
14,31,10.935794248622777
14,32,10.709900036468042
14,33,13.70007577803135
14,34,16.449210116580517
14,35,14.417514667865662
14,36,16.86665139158494
14,37,20.03610876307082
14,38,18.886386577162398
14,39,19.701172375908175
14,40,17.453878786739942
14,41,17.239542041056175
14,42,18.665372899881913
14,43,16.529813626787124
14,44,19.3626262982224
14,45,19.21482359133887
14,46,16.724357589070227
14,47,18.295406901218055
14,48,17.023052389562114
14,49,18.656846649226704
14,50,21.611981357783215
14,51,20.058594530693238
14,52,17.218965063788055
14,53,19.904557609719106
14,54,22.509349460416114
14,55,20.902142581479357
14,56,22.79047271432096
14,57,20.755972475966928
14,58,19.917519380142053
14,59,16.61472003098209
14,60,17.465140468751134
14,61,17.254296571794754
14,62,19.023462679919678
14,63,17.31683086627723
14,64,13.666229173654605
14,65,15.055363716063878
14,66,16.40120875866674
14,67,13.648141367246192
14,68,10.826277537476392
14,69,13.619326905001447
14,70,14.254214890106686
14,71,12.89972022706166
14,72,15.66659241232308
14,73,18.263677810756747
14,74,17.577672066496
14,75,17.351314542425136
14,76,19.36791146919064
14,77,19.041842348216928
14,78,15.525686995597791
14,79,14.1867996092048
14,80,10.552032097635479
14,81,10.486718828126513
14,82,9.014364032216736
14,83,11.863382964488627
14,84,11.014957188009122
14,85,11.324651334964848
14,86,15.10845583859322
14,87,16.144077265794188
14,88,17.042963531591226
14,89,16.90032064832334
14,90,13.297407615439127
14,91,12.419306613539032
14,92,14.933516003688558
14,93,13.681211784891213
14,94,10.059357672090956
14,95,11.967711263290367
14,96,14.348689200378027
14,97,11.929653228589347
14,98,10.763446536517371
14,99,14.526888247097121
14,100,15.450080245147275
14,101,13.0370258372517
14,102,13.348548707179882
14,103,17.11135004250586
14,104,18.19452413816222
15,1,19.23540578883062
15,2,18.15176178556041
15,3,15.600248983707594
15,4,15.29985321441659
15,5,14.580756115309514
15,6,12.137754916832266
15,7,9.98794210897291
15,8,10.059403295735798
15,9,9.205372156344831
15,10,6.050972071421714
15,11,5.196136182502604
15,12,6.615406427674895
15,13,6.296566570897405
15,14,3.830403716502159
15,16,3.8146239024074378
15,17,5.359222063586587
15,18,4.93779049812183
15,19,6.214621892945663
15,20,8.583340796003586
15,21,11.342509649094488
15,22,14.638632769044909
15,23,15.170613912395229
15,24,11.453140034623518
15,25,11.414345986486753
15,26,11.009698213165663
15,27,9.187469830808398
15,28,10.069588545344597
15,29,9.648815621578796
15,30,10.92569059129884
15,31,10.090565513726894
15,32,10.741231323672755
15,33,13.143536573911991
15,34,16.47096930681167
15,35,15.275543751242349
15,36,18.052872668878084
15,37,21.314590998628116
15,38,20.03976981107845
15,39,21.266198050201854
15,40,19.270710193405346
15,41,18.551404379565597
15,42,19.393622529503638
15,43,16.633729409737686
15,44,18.93371328952452
15,45,18.431460158177984
15,46,16.475885374845287
15,47,18.55868308295582
15,48,18.066257466293635
15,49,20.209612903192873
15,50,23.355840572353046
15,51,22.337692423701817
15,52,19.340255067010514
15,53,21.56422734652492
15,54,24.541469813522447
15,55,23.362435292824312
15,56,25.032671800099166
15,57,23.136514772703915
15,58,21.96727126124701
15,59,18.69455142847248
15,60,19.606383505852886
15,61,19.714329408144952
15,62,21.90350302643237
15,63,20.253157719259775
15,64,16.638400811435726
15,65,18.32758659266494
15,66,19.912602066847345
15,67,17.110846247800655
15,68,14.475339824932531
15,69,17.40153350652565
15,70,18.034401104633854
15,71,16.436408255890193
15,72,19.029152698019484
15,73,21.820907170516442
15,74,20.9946653613269
15,75,20.41723339327259
15,76,22.41604895467267
15,77,21.671043543562604
15,78,18.061347379533224
15,79,16.24508735764704
15,80,12.988141243085947
15,81,13.104363577699482
15,82,12.34357285896875
15,83,15.41482302494137
15,84,14.818066437790124
15,85,14.99497101605074
15,86,18.731631372423095
15,87,19.464328687114346
15,88,20.306245212339423
15,89,19.69099353568825
15,90,16.09247696405447
15,91,15.516144333648306
15,92,17.53874184342532
15,93,15.69478322659819
15,94,12.2278416809219
15,95,14.158568397526864
15,96,15.823035611821714
15,97,12.720176164904077
15,98,11.731885934480072
15,99,15.417091871799613
15,100,15.499698834817353
15,101,12.41979551585084
15,102,13.031382092696528
15,103,16.70854776475982
15,104,17.090939381454515
16,1,22.51371275348795
16,2,21.557464494785144
16,3,19.23548201980514
16,4,18.798889422481437
16,5,17.718280516024112
16,6,15.453144229504707
16,7,13.53600692167222
16,8,12.97253402806379
16,9,11.778446785007327
16,10,9.225214962511595
16,11,8.133498137274033
16,12,8.046821506409811
16,13,7.160592177759421
16,14,5.477579106172924
16,15,3.8146239024074378
16,17,3.7977459498011314
16,18,6.096728536988915
16,19,8.422324470011574
16,20,11.582181687004304
16,21,14.169842749189005
16,22,17.064873589960055
16,23,16.859864736016878
16,24,13.0609658288488
16,25,11.885988427975308
16,26,10.788371879078932
16,27,7.837970867415439
16,28,7.927999143027915
16,29,8.855083909984721
16,30,11.196602470163674
16,31,11.433848873179649
16,32,12.916550840917678
16,33,15.704910885070442
16,34,19.03514982225545
16,35,17.712156640030962
16,36,20.76327561572792
16,37,23.747871842569587
16,38,22.014495938959143
16,39,22.728266854601472
16,40,20.248299568279432
16,41,19.03217662463927
16,42,20.270880921345288
16,43,17.590407546031976
16,44,19.55344847022474
16,45,18.38302946490525
16,46,16.089246773846924
16,47,17.624068928642686
16,48,17.296480009449947
16,49,19.11968817720731
16,50,22.578659552353056
16,51,21.763677728101516
16,52,19.19018307477143
16,53,21.52881018567989
16,54,24.634772388384647
16,55,23.75293474253654
16,56,25.867988854992163
16,57,24.41970995738269
16,58,23.764408951705295
16,59,20.77342306707594
16,60,22.138196966734
16,61,22.38809737626007
16,62,24.156136090758558
16,63,22.106972422504988
16,64,18.64167470912898
16,65,20.330139938386804
16,66,21.318145422754178
16,67,18.199286378144407
16,68,15.746796599696953
16,69,18.402376299305843
16,70,18.31626096675046
16,71,16.51740462364632
16,72,18.46228875447682
16,73,21.644504245598334
16,74,21.3188424121377
16,75,20.312490739822874
16,76,21.71431172234529
16,77,20.44985064812565
16,78,17.05426702990783
16,79,14.594643789909432
16,80,11.749921800230455
16,81,11.319435027949716
16,82,11.406895991013032
16,83,14.739096238450943
16,84,15.104147340525508
16,85,16.016423769870478
16,86,19.71651942000998
16,87,21.03066805669278
16,88,22.314942316966548
16,89,22.126886978853836
16,90,18.416924662345515
16,91,17.84784859112213
16,92,20.352794148667925
16,93,18.811259355027563
16,94,15.293331824524605
16,95,17.219124286916646
16,96,19.27561760990926
16,97,16.372817201295433
16,98,15.165241587054924
16,99,18.846861635919826
16,100,19.181826419230248
16,101,16.06415415783931
16,102,16.274748449277194
16,103,19.995260029060056
16,104,20.49325167739165
17,1,22.659599651382603
17,2,22.263047232447548
17,3,19.853960664651197
17,4,20.13764278989229
17,5,19.18592506840155
17,6,16.33654039605133
17,7,14.830589980679642
17,8,15.050762295174088
17,9,13.368445325363712
17,10,10.309483575011921
17,11,10.40833399956423
17,12,10.76329066498712
17,13,8.833550631017461
17,14,5.880159421925413
17,15,5.359222063586587
17,16,3.7977459498011314
17,18,3.827404943869451
17,19,7.193391095084341
17,20,10.398979909163478
