1,2,3.884537492558359
1,3,6.789017386126166
1,4,9.213261569892353
1,5,11.765352253157099
1,6,12.365872395914979
1,7,13.171127854858335
1,8,15.182235662333268
1,9,15.356574837566015
1,10,17.93436846221792
1,11,20.446128165607828
1,12,21.977795422345995
1,13,25.510878136793256
1,14,27.102347210097868
1,15,30.693371043039914
1,16,31.328556136681208
1,17,34.80266183435828
1,18,36.504407165075776
1,19,39.60172359018074
1,20,41.75958900695736
1,21,41.17947198338778
1,22,38.904988460284294
1,23,36.042268644890676
1,24,32.935265749114556
1,25,30.314313179190396
1,26,26.587268915282863
1,27,23.56712891600137
1,28,19.86445424579136
1,29,17.453508269674362
1,30,13.990788146069471
1,31,12.892466897263951
1,32,15.803230726114625
1,33,14.234858276377453
1,34,13.123575367469607
1,35,16.471809084836988
1,36,18.542270076914534
1,37,17.181161561674386
1,38,18.063185842144616
1,39,21.573543677791815
1,40,22.145872855954725
1,41,21.315977423000515
1,42,23.31790973634872
1,43,26.04441703694864
1,44,26.068926128064632
1,45,26.16097349624332
1,46,29.062455078510222
1,47,30.72139925722536
1,48,31.359168166418225
1,49,34.233473652897835
1,50,34.950938482148516
1,51,34.91146725194806
1,52,33.19252069313843
1,53,31.510631956599305
1,54,31.701682366072685
1,55,30.283350452594618
1,56,31.054936611757352
1,57,28.437297061898846
1,58,29.186518227918814
1,59,27.992521326548736
1,60,25.555105092334795
1,61,24.349762925575437
1,62,24.005134990540412
1,63,26.873757872070456
1,64,27.601963978682658
1,65,30.945956592223137
1,66,30.379463071456406
1,67,33.72875538027256
1,68,34.29597862949648
1,69,37.274089357868206
1,70,38.309672485830205
1,71,40.393686827534005
2,1,3.884537492558359
2,3,3.849574349555551
2,4,6.604942184765692
2,5,9.178806828564309
2,6,9.32494170556106
2,7,9.611137656962912
2,8,11.519104886100541
2,9,11.738233940209966
2,10,14.586648192108038
2,11,17.3175118853497
2,12,19.251050169572334
2,13,22.79860265337244
2,14,24.786836565997934
2,15,28.48513700384695
2,16,29.510946228121174
2,17,33.05947437769575
2,18,35.0722497681463
2,19,38.317092517238684
2,20,40.38486015686218
2,21,39.48190651850314
2,22,37.132663652421236
2,23,34.055474872868366
2,24,30.92570147110246
2,25,28.02947748158646
2,26,24.35196163856457
2,27,21.064536676767016
2,28,17.480423405416417
2,29,14.640496901331359
2,30,11.06443762289071
2,31,9.945014420572267
2,32,13.208821424112386
2,33,12.474906929210546
2,34,11.454376614543829
2,35,14.379714449237438
2,36,16.809901726198248
2,37,16.195347028500215
2,38,16.851079616508816
2,39,20.098217132867795
2,40,21.206837560367013
2,41,20.84090659613755
2,42,22.44329924216071
2,43,25.123609851708334
2,44,25.710116259134825
2,45,25.84006946033132
2,46,28.367197860367202
2,47,30.219176919939947
2,48,31.24476849594194
2,49,33.8646459950149
2,50,34.22987850473407
2,51,34.370894709288386
2,52,32.67724406110624
2,53,30.623361564529436
2,54,30.57517087925198
2,55,28.7599131094269
2,56,29.166492781693538
2,57,26.328348639620994
2,58,26.68561976504861
2,59,25.14883337915537
2,60,22.940740998679185
2,61,21.95429299809175
2,62,21.225149414282512
2,63,24.258935308290166
2,64,25.40592830329588
2,65,28.90110638691606
2,66,28.735846923556647
2,67,32.26369275927172
2,68,33.18726898362283
2,69,36.356438682714455
2,70,37.48361959236001
2,71,39.85058933189159
3,1,6.789017386126166
3,2,3.849574349555551
3,4,3.683263226958305
3,5,5.383659139483106
3,6,5.769851859777855
3,7,7.037633366106117
3,8,9.893681838548995
3,9,11.280006142356715
3,10,14.211392893798942
3,11,17.469842819933348
3,12,19.624253430360053
3,13,23.273792011099246
3,14,25.616811966093735
3,15,29.39717178501748
3,16,30.834863743019127
3,17,34.31026713139693
3,18,36.62685453330533
3,19,39.85767369419006
3,20,42.02568702973744
3,21,40.85190981562437
3,22,38.62547879667834
3,23,35.35960522913283
3,24,32.37674905501019
3,25,29.246931263165962
3,26,25.716472466357757
3,27,22.219402589509794
3,28,18.79941164352658
3,29,15.69942604609654
3,30,12.013775183179883
3,31,10.08209134688291
3,32,13.026248714978262
3,33,12.894089159218435
3,34,12.87437277021048
3,35,15.55433874344787
3,36,17.722451969327828
3,37,17.77416018397516
3,38,18.798616160564805
3,39,21.663978235705432
3,40,22.84734464145203
3,41,23.057626186345527
3,42,24.656285144578458
3,43,27.021155019173314
3,44,27.881132965671533
3,45,28.349990714978425
3,46,30.65099640065628
3,47,32.3691368309131
3,48,33.73276219189549
3,49,36.302381452967424
3,50,36.34015154320028
3,51,36.35371061510574
3,52,34.43545962958424
3,53,32.09944340246728
3,54,31.6139907780914
3,55,29.469285750755585
3,56,29.406866056346818
3,57,26.24941614231689
3,58,26.148738089240226
3,59,24.229708689241036
3,60,21.91335231453446
3,61,21.564527682724187
3,62,20.881744275373027
3,63,24.258390127332834
3,64,25.84762412339853
3,65,29.513360947590122
3,66,29.78868173613363
3,67,33.44286143159667
3,68,34.73905185716875
3,69,37.90378712979111
3,70,39.31612588721162
3,71,41.90038672702401
4,1,9.213261569892353
4,2,6.604942184765692
4,3,3.683263226958305
4,5,3.800673220460892
4,6,6.127456103745848
4,7,7.992004377404277
4,8,11.116441135594833
4,9,12.714155568127197
4,10,16.007676505669167
4,11,19.358064950788314
4,12,21.95133909635418
4,13,25.464658415237462
4,14,28.115923427796723
4,15,31.906070579023005
4,16,33.559428619617464
4,17,37.084118289520504
4,18,39.52545900273375
4,19,42.849416395686724
4,20,44.885841345430094
4,21,43.55046160826844
4,22,41.204884495417616
4,23,37.8443886612775
4,24,34.78808963190856
4,25,31.507889215528362
4,26,28.039647347872453
4,27,24.415052901094395
4,28,21.22332914849865
4,29,17.816762197378985
4,30,14.371250024773675
4,31,12.783962462754255
4,32,15.800957275188335
4,33,16.200934409381134
4,34,16.172941078417942
4,35,18.507959579688023
4,36,20.882782073816703
4,37,21.200655406262804
4,38,21.988618419784764
4,39,24.754133331490614
4,40,26.197344360319153
4,41,26.438709048599495
4,42,27.80563447205844
4,43,30.250953781013518
4,44,31.280774981695707
4,45,31.60655449923325
4,46,33.79543445291049
4,47,35.67542882133963
4,48,37.06275502635958
4,49,39.509980194491995
4,50,39.50894683394712
4,51,39.67665931095267
4,52,37.84176986784586
4,53,35.40818925758581
4,54,34.86015334623907
4,55,32.54373191711843
4,56,32.253025544464265
4,57,28.967222713067844
4,58,28.505143131362818
4,59,26.229360597147217
4,60,24.129608056181137
4,61,24.129582968916747
4,62,23.14104223686141
4,63,26.60861930101733
4,64,28.528777014062253
4,65,32.24073017978446
4,66,32.75165549178389
4,67,36.46276508898767
4,68,37.888613009613415
4,69,41.14222098555394
4,70,42.516090929570275
4,71,45.16762927870426
5,1,11.765352253157099
5,2,9.178806828564309
5,3,5.383659139483106
5,4,3.800673220460892
5,6,3.629728460486182
5,7,6.760196746121469
5,8,10.371594636937223
5,9,12.980396280494741
5,10,15.821767445187175
5,11,19.442652381052284
5,12,21.88608965801528
5,13,25.45177407854185
5,14,28.214841455544008
5,15,32.001642519479
5,16,33.92117205019038
5,17,37.290991907661834
5,18,39.942069370572106
5,19,43.16301141961158
5,20,45.36654337417772
5,21,43.856981634545946
5,22,41.734679123788425
5,23,38.27188732605101
5,24,35.45136288072805
5,25,32.07496765627781
5,26,28.784823754458287
5,27,25.12136428389592
5,28,22.056227526044417
5,29,18.744282374920374
5,30,15.301435670481034
5,31,13.00035009789569
5,32,15.332048136997406
5,33,16.000155568308006
5,34,16.830643572159897
5,35,19.02048343038009
5,36,20.923432784957264
5,37,21.679901767309758
5,38,22.902334036100797
5,39,25.31041146521555
5,40,26.63414842882579
5,41,27.37793548466101
5,42,28.860248546076814
5,43,30.925233247626046
5,44,32.09707314594693
5,45,32.82229538395166
5,46,34.84572221997131
5,47,36.479611041798904
5,48,38.167612133950385
5,49,40.62410227306815
5,50,40.32351035440479
5,51,40.26910446100573
5,52,38.1770579538337
5,53,35.54746953184274
5,54,34.598881979284826
5,55,32.08194074190499
5,56,31.43090796933305
5,57,27.951699053144
5,58,27.194500500483247
5,59,24.746448970399392
5,60,22.479682143800304
5,61,23.021353210814194
5,62,22.29528771991024
5,63,25.958560475239416
5,64,28.1063102046748
5,65,31.885804110856345
5,66,32.70726209002772
5,67,36.45639883673506
5,68,38.16877717153452
5,69,41.33015735527483
5,70,43.007127697366855
5,71,45.82020599649559
6,1,12.365872395914979
6,2,9.32494170556106
6,3,5.769851859777855
6,4,6.127456103745848
6,5,3.629728460486182
6,7,3.6534940598440993
6,8,7.3146790331577245
6,9,10.38225007140253
6,10,12.754929023763813
6,11,16.44656633361663
6,12,18.687269476600633
6,13,22.27693708832664
6,14,25.027958747341042
6,15,28.792847924681887
6,16,30.82261243756471
6,17,34.100958335797635
6,18,36.85329264086091
6,19,40.02300111988382
6,20,42.290587170236634
6,21,40.69492508235825
6,22,38.700853379297705
6,23,35.205834073983524
6,24,32.537430916015175
6,25,29.150019234055062
6,26,25.975753376818552
6,27,22.345862357514424
6,28,19.3665044402417
6,29,16.231675098268184
6,30,12.860372430357067
6,31,10.149628244137956
6,32,12.0444591615591
6,33,13.048611890151266
6,34,14.284634119688
6,35,16.18961612668605
6,36,17.85612126062128
6,37,18.989751677311045
6,38,20.336917185806044
6,39,22.43444051118583
6,40,23.790048483213056
6,41,24.88378457694072
6,42,26.30355178939611
6,43,28.117065419052935
6,44,29.480804303384
6,45,30.41411453502
6,46,32.232489421322484
6,47,33.758230658368326
6,48,35.6802713446732
6,49,38.05361777979038
6,50,37.52303086145302
6,51,37.40320399586627
6,52,35.237072220879526
6,53,32.464081999602655
6,54,31.342069053357484
6,55,28.705727149565586
6,56,27.916260943455136
6,57,24.393875884121147
6,58,23.578913751084794
6,59,21.14837194509547
6,60,18.850086718317257
6,61,19.446982757835354
6,62,18.791507582751194
6,63,22.49343842834168
6,64,24.692445810982587
6,65,28.482019857827442
6,66,29.441183747832657
6,67,33.20075038454325
6,68,35.06793523065027
6,69,38.207933308789436
6,70,40.013418374863775
6,71,42.938533217196
7,1,13.171127854858335
7,2,9.611137656962912
7,3,7.037633366106117
7,4,7.992004377404277
7,5,6.760196746121469
7,6,3.6534940598440993
7,8,3.6828776230905387
7,9,6.824921361126825
7,10,9.182445077727268
7,11,12.873167896578293
7,12,15.315112954889903
7,13,18.81491394086409
7,14,21.70937096199275
7,15,25.470690954640226
7,16,27.61790512987225
7,17,30.939112554474292
7,18,33.77476269244317
7,19,37.033892960639314
7,20,39.16254567602106
7,21,37.45169345528648
7,22,35.3730289815166
7,23,31.82896860965628
7,24,29.134160365212665
7,25,25.6779207383807
7,26,22.56354844036711
7,27,18.892497410093114
7,28,16.090643781055796
7,29,12.8940403824545
7,30,9.789474430064995
7,31,7.353604149539121
7,32,9.374652355928264
7,33,11.173496303454884
7,34,12.117628350056211
7,35,13.382763480324984
7,36,15.330611640916949
7,37,16.88545084173367
7,38,17.82712185426583
7,39,19.669458951683268
7,40,21.416516446739703
7,41,22.64990654280292
7,42,23.68445852907279
7,43,25.496730674294675
7,44,27.188497454738858
7,45,28.00248453342052
7,46,29.54809618387942
7,47,31.243921971672194
7,48,33.309432709381994
7,49,35.452928608337274
7,50,34.77501820268894
7,51,34.863567784511865
7,52,32.87033144725205
7,53,29.962451550534784
7,54,28.886531236569283
7,55,26.109548635187913
7,56,25.26473397970841
7,57,21.7748719004717
7,58,20.870882508915297
7,59,18.361270690800776
7,60,16.430868775896002
7,61,16.79609566890613
7,62,15.680860798913463
7,63,19.32234822904261
7,64,21.659248604463716
7,65,25.444821362896874
7,66,26.52609224546262
7,67,30.321527753457843
7,68,32.284795301902754
7,69,35.55022623446518
7,70,37.26599333566927
7,71,40.28885569117184
8,1,15.182235662333268
8,2,11.519104886100541
8,3,9.893681838548995
8,4,11.116441135594833
8,5,10.371594636937223
8,6,7.3146790331577245
8,7,3.6828776230905387
8,9,3.7905178566598496
8,10,5.654762658762358
8,11,9.341915424080936
8,12,11.99727802964634
8,13,15.339650781246593
8,14,18.41759876892868
8,15,22.144073529869463
8,16,24.471766087993327
8,17,27.79225648033201
8,18,30.748490721734253
8,19,34.07422956879655
8,20,36.066741536518734
8,21,34.20070696224372
8,22,32.0753390710264
8,23,28.469745131454086
8,24,25.80456403282564
8,25,22.2670854158021
8,26,19.289994548808327
8,27,15.601478525668455
8,28,13.128574985739927
8,29,9.989534754949355
8,30,7.540130235201048
8,31,5.727833826382926
8,32,7.383618823450294
8,33,10.187615634562253
8,34,10.858688752819283
8,35,11.112996541717829
8,36,13.231880346436586
8,37,15.354350940354632
8,38,15.843533602412299
8,39,17.225132481523282
8,40,19.391740851188214
8,41,20.864349112233434
8,42,21.439514853599558
8,43,23.141246985520777
8,44,25.221018438085174
8,45,25.96185935474409
8,46,27.13795696194689
8,47,28.964184181086203
8,48,31.228626452145686
8,49,33.09421644813823
8,50,32.197392636693124
8,51,32.48142095359994
8,52,30.656063754093143
8,53,27.586253479318255
8,54,26.50256554548126
8,55,23.55452472928483
8,56,22.5878026784158
8,57,19.151830111342147
8,58,18.10004862672125
8,59,15.507109324927285
8,60,14.075513143374614
8,61,14.220845745920277
8,62,12.551913194519566
8,63,16.09385419376927
8,64,18.626094893974205
8,65,22.380445345746743
8,66,23.65967009741038
8,67,27.471808619597702
8,68,29.585458556013958
8,69,32.95474891492016
8,70,34.6121192700531
8,71,37.756661678317826
9,1,15.356574837566015
9,2,11.738233940209966
9,3,11.280006142356715
9,4,12.714155568127197
9,5,12.980396280494741
9,6,10.38225007140253
9,7,6.824921361126825
9,8,3.7905178566598496
9,10,3.742654142865513
9,11,6.77474645475663
9,12,9.930898962327339
9,13,13.068531668204402
9,14,16.14911772478845
9,15,19.866910332648267
9,16,22.031633637880525
9,17,25.533452335718913
9,18,28.36487288111679
9,19,31.849293769372547
9,20,33.58807724846309
9,21,31.782991261771222
9,22,29.390992200485407
9,23,25.82820994229468
9,24,22.908213435086925
9,25,19.374862686530122
9,26,16.238893959579347
9,27,12.478766984802874
9,28,10.02966445569731
9,29,6.550943531609473
9,30,4.67172499205382
9,31,5.000713327626011
9,32,7.321941851532013
9,33,10.184755599040516
9,34,9.597263094618638
9,35,9.112032874962624
9,36,12.006684193013706
9,37,14.029987815828951
9,38,13.651219176206776
9,39,15.066682571265162
9,40,17.711512293172067
9,41,18.853388817965637
9,42,18.93603814031757
9,43,20.959923671050575
9,44,23.205175780226103
9,45,23.506726589991136
9,46,24.55919774034633
9,47,26.73593894113732
9,48,28.87646273415429
9,49,30.532330714276632
9,50,29.750871779576453
9,51,30.39091738541484
9,52,28.93036145325689
9,53,25.943455601650705
9,54,25.267812237279887
9,55,22.443710038630574
9,56,21.81070244572287
9,57,18.708877117136886
9,58,17.96072750856804
9,59,15.664650123582335
9,60,14.803339680197132
9,61,14.121767542013085
9,62,11.831125787804925
9,63,14.885666869399488
9,64,17.206370320416124
9,65,20.817286929007313
9,66,21.8743284822601
9,67,25.648320980551603
9,68,27.570686409550344
9,69,31.10488649709566
9,70,32.429040345018
9,71,35.51338168154693
10,1,17.93436846221792
10,2,14.586648192108038
10,3,14.211392893798942
10,4,16.007676505669167
10,5,15.821767445187175
10,6,12.754929023763813
10,7,9.182445077727268
10,8,5.654762658762358
10,9,3.742654142865513
10,11,3.7229173276695375
10,12,6.529888959630274
10,13,9.738001623434373
10,14,12.893755003361356
10,15,16.597421335119453
10,16,19.00355805142709
10,17,22.354031366957948
10,18,25.36976960616837
10,19,28.775704158875392
10,20,30.606067637775073
10,21,28.654207373803768
10,22,26.467184456953383
10,23,22.8398170888171
10,24,20.19311681618857
10,25,16.6343424038247
10,26,13.770420468601294
10,27,10.14015047084996
10,28,8.142204205102303
10,29,5.683720284568194
10,30,5.305139620666637
10,31,5.527423016660263
10,32,5.7299411503104745
10,33,9.25686831934306
10,34,9.161562976502502
10,35,7.484635240957832
10,36,9.742447639120632
10,37,12.535268618649665
10,38,12.197701110509945
10,39,12.756051708035915
10,40,15.51136374171955
10,41,17.24417904396181
10,42,17.11148391789565
10,43,18.61726565230416
10,44,21.195166044690374
10,45,21.810426469240657
10,46,22.457129261599835
10,47,24.435821902572997
10,48,26.92376518576776
10,49,28.407673188392312
10,50,27.257362372453233
10,51,27.806802619216683
10,52,26.27030504634984
10,53,23.07243543489055
10,54,22.141312774835214
10,55,19.11665894431834
10,56,18.25483488369591
10,57,15.153869276823619
10,58,14.322835213974383
10,59,12.139432452190114
10,60,11.574211403761478
10,61,10.689922206647914
10,62,8.127744837351491
10,63,11.168709008851494
10,64,13.654158213983424
10,65,17.288235848671228
10,66,18.62362875589478
10,67,22.41315592549985
10,68,24.601070070466143
10,69,28.099311952607504
10,70,29.60778711777529
10,71,32.854151632096546
11,1,20.446128165607828
11,2,17.3175118853497
11,3,17.469842819933348
11,4,19.358064950788314
11,5,19.442652381052284
11,6,16.44656633361663
11,7,12.873167896578293
11,8,9.341915424080936
11,9,6.77474645475663
11,10,3.7229173276695375
11,12,3.8152237930085895
11,13,6.329641977212907
11,14,9.648430829408426
11,15,13.256841954158876
11,16,15.747157115781244
11,17,19.140680216643098
11,18,22.192824156047795
11,19,25.694489756846654
11,20,27.299789195048284
11,21,25.25258152605141
11,22,22.93866712288748
11,23,19.28487846933118
11,24,16.592384321694844
11,25,12.97347786538437
11,26,10.244377294623916
11,27,6.674670450799904
11,28,5.660942441099014
11,29,4.573993202066848
11,30,6.61074047155079
11,31,8.179428488672658
11,32,7.760848736272705
11,33,10.888134383377
11,34,10.155119701499949
11,35,7.204782884931483
11,36,9.341572251844383
11,37,12.31721103881814
11,38,11.133155961647816
11,39,10.881242640968866
11,40,14.140428003290804
11,41,15.924139847399216
11,42,15.060170398265054
11,43,16.429836239865
11,44,19.409550005931187
11,45,19.791656593501887
11,46,19.940219582656287
11,47,22.113762139949795
11,48,24.719846571435127
11,49,25.818837287820678
11,50,24.488529100451636
11,51,25.346717049213993
11,52,24.146475119076502
11,53,20.902239789188144
11,54,20.180463043316532
11,55,17.165212516890403
11,56,16.428397622190772
11,57,13.799564116780306
11,58,13.162684696680735
11,59,11.456663766736575
11,60,11.80423515520636
11,61,10.184033403195194
11,62,6.943597241927343
11,63,8.91922570971177
11,64,11.264233927533514
11,65,14.617612934144791
11,66,15.99345922938827
11,67,19.691461124706763
11,68,21.905102775124885
11,69,25.51601676258484
11,70,26.819156137950806
11,71,30.124012579628083
12,1,21.977795422345995
12,2,19.251050169572334
12,3,19.624253430360053
12,4,21.95133909635418
12,5,21.88608965801528
12,6,18.687269476600633
12,7,15.315112954889903
12,8,11.99727802964634
12,9,9.930898962327339
12,10,6.529888959630274
12,11,3.8152237930085895
12,13,3.8205844155614916
12,14,6.422453238598758
12,15,10.162891619303487
12,16,12.585187425919969
12,17,15.844012293581278
12,18,18.936737134384153
12,19,22.30496373812433
12,20,24.172751242619203
12,21,22.207401196348428
12,22,20.2022166619909
12,23,16.608633158343718
12,24,14.267304653990525
12,25,10.923014041089226
12,26,8.445105637261603
12,27,5.711184801492912
12,28,5.213740263711237
12,29,6.510363002569993
12,30,8.58868212116245
12,31,9.635970825581987
12,32,7.903580788247967
12,33,10.366004220277386
12,34,9.951545935163884
12,35,6.4023816523948405
12,36,7.110881229102642
12,37,10.435340499471057
12,38,9.417272695254434
12,39,8.085846318148574
12,40,11.203857423772195
12,41,13.53790377744169
12,42,12.633934593947764
12,43,13.33617906858258
12,44,16.490160691284878
12,45,17.291006905691916
12,46,17.162494567202177
12,47,18.98229404406059
12,48,21.866962793239622
12,49,22.943281359209383
12,50,21.34474190831527
12,51,21.965062162525278
12,52,20.616812320598086
12,53,17.256763217507928
12,54,16.39783209119533
12,55,13.360037593014349
12,56,12.76855136472255
12,57,10.415989689746041
12,58,10.417752804068627
12,59,9.699369575597272
12,60,10.103035711043862
12,61,7.561181458887134
12,62,4.712770900501865
12,63,5.77221638938122
12,64,7.538543010819857
12,65,10.963134546934084
12,66,12.277164895701295
12,67,16.020015001714654
12,68,18.34658533083306
12,69,21.882628100215747
12,70,23.39127147624073
12,71,26.775903906823885
13,1,25.510878136793256
13,2,22.79860265337244
13,3,23.273792011099246
13,4,25.464658415237462
13,5,25.45177407854185
13,6,22.27693708832664
13,7,18.81491394086409
13,8,15.339650781246593
13,9,13.068531668204402
13,10,9.738001623434373
13,11,6.329641977212907
13,12,3.8205844155614916
13,14,3.8042564855836623
13,15,7.066105587550341
13,16,10.042781083164696
13,17,13.14833229816371
13,18,16.463819523678268
13,19,19.894600719765496
13,20,21.41880864682231
13,21,19.12981520132525
13,22,17.04349633339237
13,23,13.324667047196833
13,24,11.166788867099159
13,25,7.6975088750062275
13,26,6.214113514371831
13,27,4.82176641026411
13,28,6.796095817367288
13,29,8.990236670529995
13,30,11.868373409788168
13,31,13.371235370715866
13,32,11.698890761732192
13,33,14.008469520130346
13,34,13.39491268931465
13,35,9.658117947993427
13,36,9.991737539243015
13,37,13.052428471005314
13,38,11.459404326111866
13,39,9.168101464050425
13,40,12.403800756768264
13,41,14.735321063594233
13,42,12.966469280699448
13,43,13.179610391108051
13,44,16.770323200308457
13,45,17.33207238322343
13,46,16.378389343662413
13,47,18.304140234956268
13,48,21.375201330969794
13,49,21.828267622972543
13,50,19.8431468129201
13,51,20.846145269028494
13,52,19.942929919266934
13,53,16.518990103818023
13,54,15.759899412678847
13,55,12.709715702167433
13,56,11.983692284797147
13,57,10.4523374072655
13,58,10.342569012937764
13,59,10.121980799233047
13,60,11.705274121097508
13,61,9.205516482115614
13,62,6.277411838333397
13,63,4.9303844452364
13,64,6.439219756873485
13,65,8.97549478585127
13,66,10.737605033435003
13,67,14.175543398424944
13,68,16.727492679207103
13,69,20.313083315702997
13,70,21.623628011105783
13,71,25.135595317569646
14,1,27.102347210097868
14,2,24.786836565997934
14,3,25.616811966093735
14,4,28.115923427796723
14,5,28.214841455544008
14,6,25.027958747341042
14,7,21.70937096199275
14,8,18.41759876892868
14,9,16.14911772478845
14,10,12.893755003361356
14,11,9.648430829408426
14,12,6.422453238598758
14,13,3.8042564855836623
14,15,3.7973483774326473
14,16,6.367920799027411
14,17,9.518670608531286
14,18,12.755720521446522
14,19,16.166362708264174
14,20,17.85247686298569
14,21,15.785771904946866
14,22,13.884768142207124
14,23,10.332627717290427
14,24,8.503146633796103
14,25,5.843142013582249
14,26,5.144304435907819
14,27,6.004442459349219
14,28,8.122019017277323
14,29,11.307958306098653
14,30,14.125529564269328
14,31,15.589401581400802
14,32,13.63916403577504
14,33,15.131390658185293
14,34,14.3868949365069
14,35,10.710235206304606
14,36,10.156006582512084
14,37,12.640884317350867
14,38,10.919885085398299
14,39,7.722262753498292
14,40,10.50782549467855
14,41,12.89112389604362
14,42,10.768679386446303
14,43,10.225772360326292
14,44,13.973603727854272
14,45,14.661307330200977
14,46,13.221581460995981
14,47,14.90696313237662
14,48,18.14658799564498
14,49,18.400691813104203
14,50,16.191202967017755
14,51,17.173765750843888
14,52,16.421775694082672
14,53,13.04618966952917
14,54,12.586344673349203
14,55,9.929256126935824
14,56,9.969783007049188
14,57,9.608896786649705
14,58,10.65411607861731
14,59,11.726976407891625
14,60,13.150896732838476
14,61,10.045252846171033
14,62,8.359203684921125
14,63,5.704964021892663
14,64,4.655039579266635
14,65,6.05860580639955
14,66,7.183779899896725
14,67,10.493910621132125
14,68,12.950417401921552
14,69,16.557727545252682
14,70,17.825823796242634
14,71,21.361128139501986
15,1,30.693371043039914
15,2,28.48513700384695
15,3,29.39717178501748
15,4,31.906070579023005
15,5,32.001642519479
15,6,28.792847924681887
15,7,25.470690954640226
15,8,22.144073529869463
15,9,19.866910332648267
15,10,16.597421335119453
15,11,13.256841954158876
15,12,10.162891619303487
15,13,7.066105587550341
15,14,3.7973483774326473
15,16,3.799636013111592
15,17,6.191124633665663
15,18,9.708928834409065
15,19,13.039291025091556
15,20,14.476490035290842
15,21,12.124933531939583
15,22,10.41378069612508
15,23,6.864722201257749
15,24,6.085403800606473
15,25,4.8426463024112145
15,26,6.518181409791668
15,27,8.909136476773634
15,28,11.548812745202788
15,29,14.880882637971743
15,30,17.846225232277686
15,31,19.374297529923027
15,32,17.33360337193206
15,33,18.646497380325325
15,34,17.916928778231394
15,35,14.319293282565809
15,36,13.446984687272137
15,37,15.58029857014656
15,38,13.799851105475218
15,39,10.293571859906978
15,40,12.437559413976174
15,41,14.657355834068039
15,42,12.112188085972495
15,43,10.768094293174926
15,44,14.505655538718003
15,45,15.10316328890028
15,46,12.775120801355694
15,47,14.170933724528963
15,48,17.53867234139715
15,49,17.090396719425854
15,50,14.368766887760762
15,51,15.60557341907481
15,52,15.349846480924885
15,53,12.131113651992584
15,54,11.854986889423225
15,55,9.686599144169492
15,56,9.908466230675435
15,57,10.83487085764028
15,58,12.054779104174052
15,59,13.748503595229426
15,60,15.62564690329228
15,61,12.69554667794907
15,62,11.43541631141345
15,63,8.052179583775576
15,64,6.175966185638029
15,65,4.977364046847619
15,66,6.045793448838059
15,67,8.270229329064335
15,68,10.89017325813558
15,69,14.337193788796519
15,70,15.421798646498136
15,71,19.05589347580646
16,1,31.328556136681208
16,2,29.510946228121174
16,3,30.834863743019127
16,4,33.559428619617464
16,5,33.92117205019038
16,6,30.82261243756471
16,7,27.61790512987225
16,8,24.471766087993327
16,9,22.031633637880525
16,10,19.00355805142709
16,11,15.747157115781244
16,12,12.585187425919969
16,13,10.042781083164696
16,14,6.367920799027411
16,15,3.799636013111592
16,17,3.7896763421275432
16,18,6.473297757194973
16,19,10.079571555402676
16,20,11.60388686416732
16,21,10.017335147815478
16,22,8.23416465969015
16,23,5.489134264338866
16,24,4.943502616530629
16,25,5.87910593017709
16,26,7.412461274593557
16,27,10.53105685007382
16,28,12.778031027330833
16,29,16.460676919451462
16,30,19.33269173502959
16,31,20.999099795026396
16,32,19.114935327531292
16,33,19.774250090901877
16,34,18.67768325813231
16,35,15.356794717811963
16,36,14.315486560882574
16,37,15.588835340053004
16,38,13.586714174505705
16,39,10.082597829285506
16,40,11.566789583147736
16,41,13.162234285744798
16,42,10.30269465985292
16,43,8.520094462785755
16,44,12.009971220531261
16,45,12.327460647430769
16,46,9.490344730733582
16,47,10.82948954827057
16,48,14.092484926840344
16,49,13.36219574365687
16,50,10.615103789388197
16,51,12.147611180097599
16,52,12.436307234147714
16,53,9.734590838110636
16,54,10.53944818842424
16,55,9.603314193701516
16,56,11.129162147351275
16,57,12.808774058205103
16,58,14.828983351086785
16,59,16.93825704429464
16,60,18.34961088736639
16,61,15.067521304476902
16,62,14.321843102001239
16,63,11.163750653522213
16,64,8.401298038970207
16,65,6.483653424787981
16,66,5.136529166143886
16,67,6.228753511347579
16,68,7.795214096855521
16,69,11.405245738212772
16,70,11.981420578480584
16,71,15.491901042848768
17,1,34.80266183435828
17,2,33.05947437769575
17,3,34.31026713139693
17,4,37.084118289520504
17,5,37.290991907661834
17,6,34.100958335797635
17,7,30.939112554474292
17,8,27.79225648033201
17,9,25.533452335718913
17,10,22.354031366957948
17,11,19.140680216643098
17,12,15.844012293581278
17,13,13.14833229816371
17,14,9.518670608531286
17,15,6.191124633665663
17,16,3.7896763421275432
17,18,3.800977956548148
17,19,6.860963363686174
17,20,8.56592051178338
17,21,6.762298576642298
17,22,6.23129160644398
17,23,4.748344220851167
17,24,6.716112266252333
17,25,8.77742158691987
17,26,11.040644067583552
17,27,14.20480660352219
17,28,16.508122419006714
17,29,20.1598557243778
17,30,22.960892286494047
17,31,24.414187597437078
17,32,22.25060650867559
17,33,22.812424702192967
17,34,22.0170837496392
17,35,18.797819065131254
17,36,17.32914145183907
17,37,18.54793214419895
17,38,16.909571295222076
17,39,13.308726252865
17,40,14.094569301972859
17,41,15.78508027197899
17,42,13.191748182039195
17,43,10.68258850474975
17,44,13.634618867447603
17,45,14.262125986546199
17,46,10.964265559880472
17,47,11.313677158739404
17,48,14.616560587989479
17,49,13.282771687539835
17,50,9.864276525444122
17,51,11.162275401205456
17,52,11.757163435464397
17,53,9.42108719128322
17,54,10.091467695350445
17,55,9.8468837719212
17,56,11.35384616046342
17,57,13.931224609875624
17,58,16.033144331753636
17,59,18.61459988383436
17,60,20.213314701746665
17,61,17.157326862072946
17,62,16.852928806146398
17,63,13.363307811842565
17,64,10.385352063252345
17,65,7.246533815936431
17,66,5.941346070999385
17,67,4.61965422102487
17,68,6.267091572411006
17,69,9.148650727500897
17,70,9.818968659236598
17,71,13.476978727158505
18,1,36.504407165075776
18,2,35.0722497681463
18,3,36.62685453330533
18,4,39.52545900273375
18,5,39.942069370572106
18,6,36.85329264086091
18,7,33.77476269244317
18,8,30.748490721734253
18,9,28.36487288111679
18,10,25.36976960616837
18,11,22.192824156047795
18,12,18.936737134384153
18,13,16.463819523678268
18,14,12.755720521446522
18,15,9.708928834409065
18,16,6.473297757194973
18,17,3.800977956548148
18,19,3.802251877089676
18,20,5.5031588511491965
18,21,5.419502617230409
18,22,5.498555601864884
18,23,6.339480510082713
18,24,8.41046456962213
18,25,11.352143456665221
18,26,13.421684436633832
18,27,16.81155442124669
18,28,18.895812337217542
18,29,22.658687239148318
18,30,25.396088693056093
18,31,26.962965250855454
18,32,24.960636096527356
18,33,25.105461262170092
18,34,24.051390209620177
18,35,21.087950087932974
18,36,19.607485397223254
18,37,20.19069964561234
18,38,18.45109566162029
18,39,15.117613774441324
18,40,15.355945221571336
18,41,16.361721505560737
18,42,13.747027612620958
18,43,11.127949598719937
18,44,13.275337331242431
18,45,13.526943681682624
18,46,9.87370541250977
18,47,9.761161370319194
18,48,12.54609673668428
18,49,10.517087683139
18,50,6.931214845276879
18,51,8.694896968865415
18,52,10.356442647905768
18,53,9.250401235856593
18,54,11.01167103487082
18,55,11.989548792017168
18,56,14.187487542448668
18,57,17.03958186799118
18,58,19.48405881220939
18,59,22.211080466898117
18,60,23.561720881809524
18,61,20.35046477916427
18,62,20.25373121722551
18,63,16.910165312640103
18,64,13.704500255059235
18,65,10.647932028767642
18,66,8.410029971710347
18,67,5.859218145201002
18,68,5.010212516903936
18,69,7.1211618695747045
18,70,6.568138348600381
18,71,9.985938385701456
19,1,39.60172359018074
19,2,38.317092517238684
19,3,39.85767369419006
19,4,42.849416395686724
19,5,43.16301141961158
19,6,40.02300111988382
19,7,37.033892960639314
19,8,34.07422956879655
19,9,31.849293769372547
19,10,28.775704158875392
19,11,25.694489756846654
19,12,22.30496373812433
19,13,19.894600719765496
19,14,16.166362708264174
19,15,13.039291025091556
19,16,10.079571555402676
19,17,6.860963363686174
19,18,3.802251877089676
19,20,3.8120857756374704
19,21,5.316612763015946
19,22,7.452126512012227
19,23,9.400745201870999
19,24,12.025460429157535
19,25,15.042727892062151
19,26,17.19986873128951
19,27,20.532565435311675
19,28,22.507217836150897
19,29,26.26979635811407
19,30,28.870248690135607
19,31,30.228765068935072
19,32,28.02895099558435
19,33,27.97628184537919
19,34,27.14613088978861
19,35,24.347688092132888
19,36,22.532263630388655
19,37,22.965056219832466
19,38,21.565953768404032
19,39,18.247953147417334
19,40,17.931915513041844
19,41,18.940706302209122
19,42,16.721754463820314
19,43,13.750120167003443
19,44,15.22403101696153
19,45,15.789832931162412
19,46,12.255282725404056
19,47,11.131674306526808
19,48,13.538975721608182
19,49,11.218736072830302
19,50,7.57743172986227
19,51,8.466255649761528
19,52,10.368615549317862
19,53,10.166250829124243
19,54,11.817177539215306
19,55,13.528258510462953
19,56,15.7573697659985
19,57,19.0586900216118
19,58,21.629345528539037
19,59,24.66773182830644
19,60,25.959724424139413
19,61,22.88777795761525
19,62,23.193551964625605
19,63,19.781328858824477
19,64,16.442600371889178
19,65,13.067470531903822
19,66,10.88187214377538
19,67,7.416408605800622
19,68,5.906179690312903
19,69,5.661520394418673
19,70,4.8353042777467055
19,71,7.905468188614268
20,1,41.75958900695736
20,2,40.38486015686218
20,3,42.02568702973744
20,4,44.885841345430094
20,5,45.36654337417772
20,6,42.290587170236634
20,7,39.16254567602106
20,8,36.066741536518734
20,9,33.58807724846309
20,10,30.606067637775073
20,11,27.299789195048284
20,12,24.172751242619203
20,13,21.41880864682231
20,14,17.85247686298569
20,15,14.476490035290842
20,16,11.60388686416732
20,17,8.56592051178338
20,18,5.5031588511491965
20,19,3.8120857756374704
20,21,3.8020754654525457
20,22,5.899005389809422
20,23,9.125140183351547
20,24,11.976938639765336
20,25,15.480487704807384
20,26,18.064819262460368
20,27,21.670941220364252
20,28,24.030626236597826
20,29,27.773340313182665
20,30,30.66906649566865
20,31,32.38243484275286
20,32,30.431896182714944
20,33,30.603665430965858
20,34,29.477255835154143
20,35,26.509165055101544
20,36,25.107618640876268
20,37,25.587058201412688
20,38,23.75472565165677
20,39,20.53803180332353
20,40,20.679294928713094
20,41,21.367989285674767
20,42,18.70181500459449
20,43,16.231647563777504
20,44,17.820600908852235
20,45,17.68598526090784
20,46,13.951407052305079
20,47,13.534867605285745
20,48,15.380600034540775
20,49,12.367101380740717
20,50,9.247804548459117
20,51,11.172332227400686
20,52,13.712048934760782
20,53,13.677236545740655
20,54,15.468527112361393
20,55,16.857206847265186
20,56,18.819825397492394
20,57,21.95507417920114
20,58,24.20558004563162
20,59,26.985896555066606
20,60,28.60227346358431
20,61,25.564057895258916
20,62,25.417225189820527
20,63,21.91304937484144
20,64,18.876702145409716
20,65,15.542703988846892
20,66,13.707315079586644
20,67,10.63765936079781
20,68,9.288736208250326
20,69,9.29114405611197
20,70,7.356935465432332
20,71,9.288252608173993
21,1,41.17947198338778
21,2,39.48190651850314
21,3,40.85190981562437
21,4,43.55046160826844
21,5,43.856981634545946
21,6,40.69492508235825
21,7,37.45169345528648
21,8,34.20070696224372
21,9,31.782991261771222
21,10,28.654207373803768
21,11,25.25258152605141
21,12,22.207401196348428
21,13,19.12981520132525
21,14,15.785771904946866
21,15,12.124933531939583
21,16,10.017335147815478
21,17,6.762298576642298
21,18,5.419502617230409
21,19,5.316612763015946
21,20,3.8020754654525457
21,22,3.8087340580197577
21,23,6.539517989705897
21,24,10.05358563141156
21,25,13.297427263807423
21,26,16.343542356568193
21,27,19.887688764829914
21,28,22.599517117107577
21,29,26.22898498635196
21,30,29.281549483754542
21,31,30.985416864875422
21,32,28.94117256667676
21,33,29.549968685705014
21,34,28.59972168921896
21,35,25.360675308183733
21,36,24.05634075623932
21,37,25.083964495326924
21,38,23.233283881474755
21,39,19.796556623212236
21,40,20.436564269452273
21,41,21.619725448582436
21,42,18.804498614194813
21,43,16.408118931474455
21,44,18.69148262938296
21,45,18.7453348040789
21,46,14.998491786684001
21,47,15.028973920077307
21,48,17.46399759379089
21,49,14.828041817010941
21,50,11.449210760457127
21,51,13.302558347325162
21,52,15.172142810973408
21,53,14.16871127876005
21,54,15.226001414900066
21,55,15.776219679342274
21,56,17.068585373690667
21,57,20.03670739305665
21,58,21.83020348400827
21,59,24.421823647242302
21,60,26.40849389185268
21,61,23.613964789370844
21,62,23.193006186629844
21,63,19.540508458227226
21,64,16.876989599011278
21,65,13.459176844324238
21,66,12.480178603410474
21,67,9.864530630420402
21,68,9.916720078336043
21,69,10.75351716367922
21,70,9.924713496230245
21,71,12.596189818821925
22,1,38.904988460284294
22,2,37.132663652421236
22,3,38.62547879667834
22,4,41.204884495417616
22,5,41.734679123788425
22,6,38.700853379297705
22,7,35.3730289815166
22,8,32.0753390710264
22,9,29.390992200485407
22,10,26.467184456953383
22,11,22.93866712288748
22,12,20.2022166619909
22,13,17.04349633339237
22,14,13.884768142207124
22,15,10.41378069612508
22,16,8.23416465969015
22,17,6.23129160644398
22,18,5.498555601864884
22,19,7.452126512012227
22,20,5.899005389809422
22,21,3.8087340580197577
22,23,3.8010287417878623
22,24,6.795030532187593
22,25,10.352098732695817
22,26,13.446546080737265
22,27,17.136423428963134
22,28,20.025221582801997
22,29,23.600660173815285
22,30,26.84222746381552
22,31,28.89169784977051
22,32,27.21158539415623
22,33,27.969289156302928
22,34,26.643748376197536
22,35,23.310282720146873
22,36,22.519554466480525
22,37,23.52931045930132
22,38,21.2273871724854
22,39,18.000107334446255
22,40,19.188850752100077
22,41,20.063690807417395
22,42,16.84982850963553
22,43,15.102059730836029
22,44,17.691206717306017
22,45,17.160266790506505
22,46,13.441756392651437
22,47,14.42045431995473
22,48,16.715116450575646
22,49,14.115594516270631
22,50,11.167192517056392
22,51,13.781443333815888
22,52,15.801096968777891
22,53,14.55201234536448
22,54,15.937510074228266
22,55,16.068673810911204
22,56,17.409169808751848
22,57,19.861113540174664
22,58,21.50680123987053
22,59,23.68527094415048
22,60,25.708646948182878
22,61,22.76842970229628
22,62,21.842277210548204
22,63,18.35513565751778
22,64,15.964090581042669
22,65,13.07010181944414
22,66,12.076784795454909
22,67,10.408862951771583
22,68,10.475525756181094
22,69,12.375980522636251
22,70,11.198708856656697
22,71,13.895567272276587
23,1,36.042268644890676
23,2,34.055474872868366
23,3,35.35960522913283
23,4,37.8443886612775
23,5,38.27188732605101
23,6,35.205834073983524
23,7,31.82896860965628
23,8,28.469745131454086
23,9,25.82820994229468
23,10,22.8398170888171
23,11,19.28487846933118
23,12,16.608633158343718
23,13,13.324667047196833
23,14,10.332627717290427
23,15,6.864722201257749
23,16,5.489134264338866
23,17,4.748344220851167
23,18,6.339480510082713
23,19,9.400745201870999
23,20,9.125140183351547
23,21,6.539517989705897
23,22,3.8010287417878623
23,24,3.8001228970330225
23,25,6.82848271935991
23,26,10.135882222620578
23,27,13.698205849293922
23,28,16.747178016051535
23,29,20.22856943455674
23,30,23.51798022802729
23,31,25.53889358889478
23,32,23.850676503552915
23,33,24.89436964583899
23,34,23.661853603623694
23,35,20.171097501259283
23,36,19.530853357279646
23,37,20.93061464721003
23,38,18.62257688287123
23,39,15.320015130780805
23,40,16.993857141844074
23,41,18.23679866338018
23,42,15.010492902673775
23,43,13.508666206765412
23,44,16.660002558905063
23,45,16.336060935925897
23,46,12.924976939229799
23,47,14.333399969109438
23,48,17.08078863577335
23,49,15.172223857421125
23,50,12.244805886240163
23,51,14.585400916198083
23,52,15.8864285263808
23,53,13.839914478536269
23,54,14.731027071596898
23,55,14.053131206103476
23,56,14.98607654705174
23,57,16.963166971742346
23,58,18.33043586976911
23,59,20.23289241425171
23,60,22.348199315368316
23,61,19.4737097601035
23,62,18.26647174398753
23,63,14.823277604040712
23,64,12.758490332666007
23,65,10.249474689122378
23,66,9.87626210180503
23,67,9.356062439155343
23,68,10.471203573567399
23,69,13.214914764925098
23,70,12.858736159345938
23,71,16.05026849219405
24,1,32.935265749114556
24,2,30.92570147110246
24,3,32.37674905501019
24,4,34.78808963190856
24,5,35.45136288072805
24,6,32.537430916015175
24,7,29.134160365212665
24,8,25.80456403282564
24,9,22.908213435086925
24,10,20.19311681618857
24,11,16.592384321694844
24,12,14.267304653990525
24,13,11.166788867099159
24,14,8.503146633796103
24,15,6.085403800606473
24,16,4.943502616530629
24,17,6.716112266252333
24,18,8.41046456962213
24,19,12.025460429157535
24,20,11.976938639765336
24,21,10.05358563141156
24,22,6.795030532187593
24,23,3.8001228970330225
24,25,3.793163804255952
24,26,6.781673938039986
24,27,10.49888557565385
24,28,13.597143285863796
24,29,17.03208871639847
24,30,20.439640357741975
24,31,22.78160610757198
24,32,21.512982797163758
24,33,22.606153816843165
24,34,20.974644144927854
24,35,17.475554897855947
24,36,17.411345415711565
24,37,18.70261826811673
24,38,15.971182449167763
24,39,13.037194796882723
24,40,15.28013760589689
24,41,16.161852169659987
24,42,12.677587451315791
24,43,12.067397123359704
24,44,15.401180071938942
24,45,14.586363088136626
24,46,11.607897554667328
24,47,13.888193095381709
24,48,16.417948573248196
24,49,14.951054722215272
24,50,12.688513426547742
24,51,15.270981738107137
24,52,16.448809232496178
24,53,14.286040862660345
24,54,15.43602587089556
24,55,14.460541916002525
24,56,15.529378026979915
24,57,16.810088818115187
