1,2,3.852694906536178
1,3,5.716739126002742
1,4,9.434805531410563
1,5,11.025591607931126
1,6,12.894198149907732
1,7,12.27775912412457
1,8,15.651722578463641
1,9,16.257909465215516
1,10,19.65212746885436
1,11,22.41969082922389
1,12,25.057905869964504
1,13,28.18405606482534
1,14,31.036533074883607
1,15,34.651807792198746
1,16,35.44147780983283
1,17,33.06289208098656
1,18,30.147560654591487
1,19,26.62132895682329
1,20,23.579544102224848
1,21,20.157423905679504
1,22,18.08837530571501
1,23,15.27348980570838
1,24,15.676257510400477
1,25,13.292818070618274
1,26,15.08390021053879
1,27,17.013339148248605
1,28,17.945965130410652
1,29,21.515718728144233
1,30,20.456016929732513
1,31,18.322392584034006
1,32,21.281535757723553
1,33,23.908792642642602
1,34,22.17757039179521
1,35,22.301513768853344
1,36,25.980874053006858
1,37,26.761569060499216
1,38,25.349218249956923
1,39,27.410866687868346
1,40,30.54221674532883
1,41,29.985785950673808
1,42,29.995404814190238
1,43,32.81249217976285
1,44,35.28502181355955
1,45,35.63784306395016
1,46,34.39263623325691
1,47,36.18638616132103
1,48,35.541075129792326
1,49,32.29238730649895
1,50,31.55409669589202
1,51,28.465463127219184
1,52,27.27339420933182
1,53,24.612304966907136
1,54,23.08281718247085
1,55,20.999122503806433
1,56,21.081699930742566
1,57,21.10990987759685
1,58,17.700653217633906
1,59,19.306365959513354
1,60,22.10349571524402
1,61,24.870347849717344
1,62,26.75656342638819
1,63,30.066705029723934
1,64,32.44449021327409
1,65,36.22394540714533
1,66,37.621781089220754
1,67,39.7525991721545
2,1,3.852694906536178
2,3,3.830930264221585
2,4,6.7948756136137165
2,5,8.884224210051784
2,6,11.638438187253755
2,7,11.783126164803365
2,8,15.44145409919614
2,9,16.776850983931404
2,10,19.965167569795284
2,11,23.088451188626355
2,12,25.39372918584755
2,13,28.78836417340693
2,14,31.43576185949568
2,15,35.13121019774529
2,16,36.06835561621166
2,17,34.02265110485178
2,18,30.989463435555642
2,19,27.528266008585344
2,20,24.23854810623046
2,21,20.870002140011984
2,22,18.22249844839343
2,23,15.054518288749549
2,24,14.604063930196213
2,25,11.63102251168612
2,26,12.782973004961775
2,27,14.658741440777604
2,28,16.295034963986048
2,29,19.587202080658
2,30,18.224237160517607
2,31,16.617068899418175
2,32,19.908992719835492
2,33,22.149958620572697
2,34,20.451725406207782
2,35,21.199979070340735
2,36,24.77947837095849
2,37,25.197174614970358
2,38,24.133698082535
2,39,26.559560759621803
2,40,29.382856235941354
2,41,28.738687405885063
2,42,29.21633725275911
2,43,32.06944991264484
2,44,34.29107017346116
2,45,34.956037962362736
2,46,34.05370294586779
2,47,35.774856037778015
2,48,35.02492676405138
2,49,31.92522883769533
2,50,31.386759881303945
2,51,28.49596204265432
2,52,27.621244589607045
2,53,24.866452638842553
2,54,23.788210352461903
2,55,21.787525571784684
2,56,21.23379985991639
2,57,21.052007848959754
2,58,17.95166719367826
2,59,19.95926656728722
2,60,22.41444859340382
2,61,25.399867467002668
2,62,26.87809595963766
2,63,30.34322690025292
2,64,32.46728097111945
2,65,36.25477091821268
2,66,37.64048127699765
2,67,39.45863452349331
3,1,5.716739126002742
3,2,3.830930264221585
3,4,3.8199042759606736
3,5,5.613446375556702
3,6,7.918578531728479
3,7,8.018688655468406
3,8,11.736886604391646
3,9,13.421899223348847
3,10,16.60929942898994
3,11,19.93120187630211
3,12,22.26414679973099
3,13,25.682764400621785
3,14,28.3999118950938
3,15,32.048424532135265
3,16,33.24534829312518
3,17,31.294952001833906
3,18,28.404506109950912
3,19,24.871904056478144
3,20,21.65075714236055
3,21,18.16744308872222
3,22,15.352025878686684
3,23,11.919329370795658
3,24,11.167219601176088
3,25,8.117702254658266
3,26,9.41895242293303
3,27,11.42338131063821
3,28,12.65369323950072
3,29,16.055545723153664
3,30,14.826947114493755
3,31,12.989194156070077
3,32,16.160735237105065
3,33,18.57250961101955
3,34,17.04310393286485
3,35,17.627888219682056
3,36,21.16545920712571
3,37,21.82230785476861
3,38,20.89361919999912
3,39,23.144875895310076
3,40,26.00255827394615
3,41,25.63605978733181
3,42,26.145708013189417
3,43,28.80335219642825
3,44,31.162626265745594
3,45,31.983386098847728
3,46,30.96268788328473
3,47,32.46822997829804
3,48,31.52796216450896
3,49,28.3695063860114
3,50,27.720558950816663
3,51,24.81623655847173
3,52,23.96446635849529
3,53,21.177137800572797
3,54,20.288320782583412
3,55,18.450229167085432
3,56,17.74825613994537
3,57,17.343795794741148
3,58,14.323802683852868
3,59,16.462605266899203
3,60,18.814310357269623
3,61,21.932367003493983
3,62,23.37454175005024
3,63,26.929731639067835
3,64,29.111066975400227
3,65,32.8707720964878
3,66,34.43261767311562
3,67,36.250659494068266
4,1,9.434805531410563
4,2,6.7948756136137165
4,3,3.8199042759606736
4,5,3.829627268982094
4,6,6.501453752272999
4,7,7.280863171694806
4,8,10.750392745725684
4,9,13.135675934805585
4,10,15.804827168209926
4,11,19.368097350233846
4,12,21.247415568029304
4,13,24.850378710726734
4,14,27.30283697996265
4,15,30.95537436373976
4,16,32.33443388095326
4,17,30.771272039299234
4,18,27.85936283818498
4,19,24.466156121428558
4,20,21.123769426383557
4,21,17.825384995705445
4,22,14.525206097887262
4,23,10.91365790692714
4,24,9.075052369585972
4,25,5.481566159038282
4,26,6.0311249140268135
4,27,8.413163024319585
4,28,10.194079985336717
4,29,13.178729328468023
4,30,11.470605029104963
4,31,10.065431452003459
4,32,13.550665272730933
4,33,15.491635858224118
4,34,13.974127277911144
4,35,15.160832790125935
4,36,18.52602632539865
4,37,18.844186022186705
4,38,18.29154330528678
4,39,20.822743997802032
4,40,23.347124430645906
4,41,22.96973904677075
4,42,23.92405470528523
4,43,26.52639906255576
4,44,28.66037721118683
4,45,29.803072643162405
4,46,29.083244583371684
4,47,30.453114921524143
4,48,29.400601769782817
4,49,26.430128830368844
4,50,26.016067561121485
4,51,23.406156472078457
4,52,22.990009307778806
4,53,20.279615484193037
4,54,20.037561060035152
4,55,18.580997354726335
4,56,17.31697858715733
4,57,16.42204968669972
4,58,13.888560770755442
4,59,16.195170976258034
4,60,17.94058984804469
4,61,21.140882449585245
4,62,22.06036157573369
4,63,25.691093374077465
4,64,27.565561052592408
4,65,31.272571368854628
4,66,32.82598190409635
4,67,34.324865445907584
5,1,11.025591607931126
5,2,8.884224210051784
5,3,5.613446375556702
5,4,3.829627268982094
5,6,3.8214743912202347
5,7,6.451604973988595
5,8,9.911350108933652
5,9,12.942254486200577
5,10,15.79972811789963
5,11,19.522910384448288
5,12,21.685161085694318
5,13,25.11601092788971
5,14,27.813156693897017
5,15,31.294177536092427
5,16,33.05957986735347
5,17,31.462835605639825
5,18,28.879901862144777
5,19,25.366545392518464
5,20,22.33034622365281
5,21,18.877709109106227
5,22,15.734457861843513
5,23,11.99048778733888
5,24,9.77712947920745
5,25,6.2121724944647685
5,26,5.32940547935526
5,27,6.053165205485239
5,28,7.634717688035281
5,29,10.880933017843462
5,30,10.22797023130392
5,31,9.217280367798507
5,32,12.147077864506015
5,33,14.544148522570946
5,34,13.958144261853976
5,35,14.952958871510468
5,36,17.987979947711725
5,37,18.877617512762328
5,38,18.861968500446896
5,39,20.95590819746659
5,40,23.450294379542097
5,41,23.683530981861654
5,42,24.736824130867983
5,43,26.89883745315085
5,44,29.26086901623761
5,45,30.68480585066524
5,46,29.72949541802244
5,47,30.658017692852408
5,48,29.161688043328148
5,49,26.02641577567028
5,50,25.140392000460757
5,51,22.3272083122421
5,52,21.52262915762451
5,53,18.426520455270477
5,54,18.0011907584939
5,55,16.152665385318773
5,56,14.417734484428829
5,57,14.042455273099069
5,58,11.965393282453588
5,59,14.939681172282492
5,60,16.92797635591286
5,61,20.462796721409905
5,62,21.646697878627087
5,63,25.410789752007314
5,64,27.56122618409113
5,65,31.160224318016223
5,66,33.10708850418548
5,67,34.677780560727896
6,1,12.894198149907732
6,2,11.638438187253755
6,3,7.918578531728479
6,4,6.501453752272999
6,5,3.8214743912202347
6,7,3.8140574839988135
6,8,6.622646193011652
6,9,9.984416570052284
6,10,12.777250645622743
6,11,16.51351717355453
6,12,18.835420546928813
6,13,22.086397381778998
6,14,24.94346773278646
6,15,28.280786175333862
6,16,30.275554658997063
6,17,28.651712716514993
6,18,26.34385188938554
6,19,22.789735823098525
6,20,20.059683059771142
6,21,16.584676592098372
6,22,13.68874186263107
6,23,10.080266247625813
6,24,7.964316085438639
6,25,5.449010001809918
6,26,5.204570020206485
6,27,5.772041917871317
6,28,5.1624680167348025
6,29,8.903705521604689
6,30,8.935736743547965
6,31,7.116050026035529
6,32,9.305427586710584
6,33,12.336183808897003
6,34,12.112084166307849
6,35,12.353795317091746
6,36,15.29554078345176
6,37,16.80312156606029
6,38,16.78897678984669
6,39,18.34371314960279
6,40,21.031506617460693
6,41,21.696287492664002
6,42,22.503700667015057
6,43,24.35139117673145
6,44,27.004806359480988
6,45,28.428364062951307
6,46,27.15266769847267
6,47,27.836490074462116
6,48,26.154585995168773
6,49,22.863855111341127
6,50,21.691544437109783
6,51,18.731971630988454
6,52,17.75926811232532
6,53,14.610967861722251
6,54,14.252770423796218
6,55,12.624454994603393
6,56,10.913131939631999
6,57,10.251409571911589
6,58,8.236279766895205
6,59,11.349712672791162
6,60,13.325699231203169
6,61,16.96252089773163
6,62,18.31408318756628
6,63,22.10174268507988
6,64,24.458316952187428
6,65,27.992116889746093
6,66,30.161178377922898
6,67,31.888639377793307
7,1,12.27775912412457
7,2,11.783126164803365
7,3,8.018688655468406
7,4,7.280863171694806
7,5,6.451604973988595
7,6,3.8140574839988135
7,8,3.8222884305082703
7,9,6.499738204620299
7,10,9.566235366871695
7,11,13.210088374130219
7,12,15.698702432330842
7,13,18.963185269215472
7,14,21.901005514487075
7,15,25.33273775333488
7,16,27.09258878597387
7,17,25.28306615079909
7,18,22.879095798303805
7,19,19.26312603485304
7,20,16.507150218400362
7,21,12.936187169883976
7,22,10.219593152618248
7,23,6.696229738148645
7,24,5.720286210290244
7,25,4.630450792683811
7,26,6.8140714413367425
7,27,8.80249298286038
7,28,7.433361087071807
7,29,10.952130102373044
7,30,10.42165776314721
7,31,7.3459285545896496
7,32,9.389093648065195
7,33,12.561295662771217
7,34,11.534727331171522
7,35,10.918463435265252
7,36,14.31180004209795
7,37,15.92077719485722
7,38,15.102974162501104
7,39,16.48785002805574
7,40,19.600326030381247
7,41,20.03114311047316
7,42,20.28084277316581
7,43,22.33984096877196
7,44,25.163018064447243
7,45,26.15639057195399
7,46,24.65885117904699
7,47,25.645774221239897
7,48,24.311887976090933
7,49,20.9395833079126
7,50,19.917097620298765
7,51,16.886678493781915
7,52,16.010263055547433
7,53,13.282574511196474
7,54,12.898629094554105
7,55,11.861472303339305
7,56,11.209324437739747
7,57,9.820141264983038
7,58,6.812493993941858
7,59,8.92559134789788
7,60,10.969344975823883
7,61,14.329109837699392
7,62,15.836094453809158
7,63,19.524669548152747
7,64,21.958924502440453
7,65,25.61565566227383
7,66,27.598989403442552
7,67,29.562738492521678
8,1,15.651722578463641
8,2,15.44145409919614
8,3,11.736886604391646
8,4,10.750392745725684
8,5,9.911350108933652
8,6,6.622646193011652
8,7,3.8222884305082703
8,9,3.8060645052736173
8,10,6.204628042016249
8,11,9.915210342108365
8,12,12.396655297193528
8,13,15.516649378577165
8,14,18.52308086199176
8,15,21.823589485460023
8,16,23.81420714302576
8,17,22.098430645462745
8,18,19.965156216007294
8,19,16.39904188449291
8,20,14.002695343466392
8,21,10.615534624233298
8,22,8.282647693929267
8,23,5.579569340143551
8,24,5.208058041519106
8,25,6.529837447490377
8,26,8.684881990463122
8,27,10.465870395677277
8,28,7.900564136059279
8,29,10.704611186245746
8,30,10.446819411801735
8,31,6.888104288067427
8,32,7.551333445329712
8,33,10.90328717010841
8,34,10.032486468085706
8,35,8.298946326253644
8,36,11.517402735593649
8,37,13.681490209433198
8,38,12.715031108835095
8,39,13.424804030267431
8,40,16.731199030999218
8,41,17.535149826094624
8,42,17.46800395668209
8,43,19.199761880755506
8,44,22.271994115265652
8,45,23.225586598525602
8,46,21.444519526525244
8,47,22.22151027655127
8,48,20.790720364985862
8,49,17.316141609782264
8,50,16.166692930897533
8,51,13.09983017974074
8,52,12.363372805618658
8,53,9.961990836069239
8,54,10.16301117779309
8,55,10.162984067998815
8,56,9.899286463301149
8,57,7.470107609184495
8,58,4.669737684862866
8,59,5.802415190747979
8,60,7.217939439206433
8,61,10.589435423018116
8,62,12.072669741087223
8,63,15.783319476421044
8,64,18.32969403913977
8,65,21.936453950009906
8,66,24.070367202411628
8,67,26.140296414556037
9,1,16.257909465215516
9,2,16.776850983931404
9,3,13.421899223348847
9,4,13.135675934805585
9,5,12.942254486200577
9,6,9.984416570052284
9,7,6.499738204620299
9,8,3.8060645052736173
9,10,3.786590236790735
9,11,6.940607201297488
9,12,9.992048850579543
9,13,12.887850556771507
9,14,16.133690349011022
9,15,19.460265336339326
9,16,21.14917711057759
9,17,19.060136400450574
9,18,16.920532992985066
9,19,13.2110783140405
9,20,11.018774453164907
9,21,7.474396814575524
9,22,6.1970300015248805
9,23,4.966809143232393
9,24,6.973416760247217
9,25,9.181470110430034
9,26,12.051969550198079
9,27,14.197221480738577
9,28,11.693718884229526
9,29,14.31978900743862
9,30,13.884055050909021
9,31,10.164225100652866
9,32,10.505674954010688
9,33,13.521545396299071
9,34,12.151876799695664
9,35,9.627995056387771
9,36,12.790165461707188
9,37,14.988953112928858
9,38,13.176140361605182
9,39,13.387633072848644
9,40,17.060790399525406
9,41,17.64209082517616
9,42,16.757845504096576
9,43,18.59152593847725
9,44,21.859681429635778
9,45,22.211128049877935
9,46,20.051011711015096
9,47,21.142366983282244
9,48,20.15070823957923
9,49,16.627900767075502
9,50,15.554976072531462
9,51,12.440996695573478
9,52,11.65397669473632
9,53,10.062699026317475
9,54,9.964738463903569
9,55,10.63575754669902
9,56,11.646292069995411
9,57,9.191187912851618
9,58,6.112171379163393
9,59,4.76431670077874
9,60,6.197222337199281
9,61,8.663719286550569
9,62,10.635196421051793
9,63,13.992241834382723
9,64,16.750358813333072
9,65,20.411305151121216
9,66,22.344509704882558
9,67,24.79225240616148
10,1,19.65212746885436
10,2,19.965167569795284
10,3,16.60929942898994
10,4,15.804827168209926
10,5,15.79972811789963
10,6,12.777250645622743
10,7,9.566235366871695
10,8,6.204628042016249
10,9,3.786590236790735
10,11,3.80192570077879
10,12,6.3467400971666335
10,13,9.401130701172374
10,14,12.497572762122951
10,15,15.845988383542931
10,16,17.676139228052513
10,17,15.8959504685651
10,18,13.854630885291147
10,19,10.339053315564472
10,20,8.414875177351881
10,21,5.598214121676398
10,22,5.022496176255543
10,23,5.842317555955146
10,24,7.853494749492817
10,25,11.084633565124026
10,26,13.784614212087327
10,27,15.983005882806703
10,28,13.268061196637337
10,29,15.088923526568834
10,30,14.439446432158427
10,31,10.8229845940714
10,32,10.38357870467634
10,33,12.70577273051227
10,34,11.181097489144154
10,35,7.930349775017743
10,36,10.602757402081616
10,37,12.839756089936154
10,38,10.653104601243264
10,39,10.21863502273073
10,40,13.998242271704425
10,41,14.65904584985936
10,42,13.37561270841298
10,43,15.031791458277164
10,44,18.409472684974617
10,45,18.630389836493762
10,46,16.321330294060356
10,47,17.400957070803532
10,48,16.56433122627199
10,49,13.115246076750767
10,50,12.403637650135522
10,51,9.71003697492899
10,52,9.855979409005215
10,53,9.43662937490513
10,54,10.49903835373766
10,55,12.349631870525617
10,56,13.355996502506189
10,57,10.201393132371308
10,58,8.275661229400567
10,59,5.843508027328338
10,60,4.71448604564936
10,61,5.967211519843321
10,62,7.161373596683057
10,63,10.436897221414048
10,64,13.010490324665042
10,65,16.71208744540896
10,66,18.571942939882874
10,67,21.011602313680875
11,1,22.41969082922389
11,2,23.088451188626355
11,3,19.93120187630211
11,4,19.368097350233846
11,5,19.522910384448288
11,6,16.51351717355453
11,7,13.210088374130219
11,8,9.915210342108365
11,9,6.940607201297488
11,10,3.80192570077879
11,12,3.7948948866047094
11,13,5.996145585514753
11,14,9.423088088802007
11,15,12.636397493012405
11,16,14.309885322572672
11,17,12.247788342561478
11,18,10.496912447182002
11,19,6.991563572156587
11,20,6.1945636221336144
11,21,4.707182560968123
11,22,6.554053242031888
11,23,8.890290405213001
11,24,11.370888192451526
11,25,14.745157328586844
11,26,17.534829090602642
11,27,19.74747063997191
11,28,16.937710346408007
11,29,18.5193407631471
11,30,17.920446024396057
11,31,14.41454563281178
11,32,13.605384742325217
11,33,15.532767223551172
11,34,14.000339807679152
11,35,10.487099681202324
11,36,12.390284527013295
11,37,14.570079756011815
11,38,11.977860811255272
11,39,10.66967802533212
11,40,14.380231332294159
11,41,15.00248261581278
11,42,12.819438427347512
11,43,14.166595772662784
11,44,17.68230563839076
11,45,17.26641289921596
11,46,14.448003811039657
11,47,15.663739227240027
11,48,15.297265806659052
11,49,12.004928032088035
11,50,11.455585466710598
11,51,9.201389127158532
11,52,9.656013445738429
11,53,10.544386979697991
11,54,11.659507173844851
11,55,14.163088691033686
11,56,15.803503080035517
11,57,12.733929480370973
11,58,11.193521422450035
11,59,7.900268999675929
11,60,6.099157193447886
11,61,4.732779272086441
11,62,5.868556246615742
11,63,8.044301590377229
11,64,10.764727361615977
11,65,14.337595016895321
11,66,16.00869610167561
11,67,18.860911623518085
12,1,25.057905869964504
12,2,25.39372918584755
12,3,22.26414679973099
12,4,21.247415568029304
12,5,21.685161085694318
12,6,18.835420546928813
12,7,15.698702432330842
12,8,12.396655297193528
12,9,9.992048850579543
12,10,6.3467400971666335
12,11,3.7948948866047094
12,13,3.8001904488535243
12,14,6.2224561175620625
12,15,9.78644263562985
12,16,11.440811677938033
12,17,10.153818658535721
12,18,8.218974647727684
12,19,5.538211937324472
12,20,5.072489318616833
12,21,5.804121169064456
12,22,7.497377858973532
12,23,10.495820755085534
12,24,12.582314243242985
12,25,16.286724475245308
12,26,18.916235518479912
12,27,21.261504063376822
12,28,18.61916459831439
12,29,19.620932492027837
12,30,18.624318502716257
12,31,15.410771222644996
12,32,14.44632601307762
12,33,15.479226409813691
12,34,13.68752696440691
12,35,10.281449340191076
12,36,11.489747408805556
12,37,13.077403555454353
12,38,10.140666118864518
12,39,8.41593309232763
12,40,11.839533911295247
12,41,12.152912698097197
12,42,9.45846990055878
12,43,10.811894700651386
12,44,14.221800729584665
12,45,13.533928807288218
12,46,10.720307074608359
12,47,12.259688926779466
12,48,12.437343631562154
12,49,9.632788474671372
12,50,10.211674443002897
12,51,9.222609408449864
12,52,11.02031146236863
12,53,12.659896805211552
12,54,14.554879791636745
12,55,17.362075722299874
12,56,18.619772219782494
12,57,15.228555932742607
12,58,14.180855863905075
12,59,11.170332591068668
12,60,8.520151912679502
12,61,6.425136397956319
12,62,5.09223276044144
12,63,6.201093787836088
12,64,7.808460827501659
12,65,11.498626478396966
12,66,12.705134833183791
12,67,15.36628720034681
13,1,28.18405606482534
13,2,28.78836417340693
13,3,25.682764400621785
13,4,24.850378710726734
13,5,25.11601092788971
13,6,22.086397381778998
13,7,18.963185269215472
13,8,15.516649378577165
13,9,12.887850556771507
13,10,9.401130701172374
13,11,5.996145585514753
13,12,3.8001904488535243
13,14,3.8106231963923527
13,15,6.657886038910817
13,16,8.592527901150923
13,17,7.08351761948094
13,18,6.455410927811729
13,19,4.885219915747148
13,20,6.901461106562271
13,21,8.593024006746928
13,22,11.058467515623196
13,23,14.104208554322838
13,24,16.27328608964836
13,25,19.930710345656568
13,26,22.489835794057665
13,27,24.62831491969243
13,28,21.745470269930273
13,29,22.604094145917642
13,30,21.938835112118632
13,31,18.831821269039057
13,32,17.441912953168245
13,33,18.43569961730231
13,34,17.034328617560817
13,35,13.511778879611613
13,36,14.027490870212507
13,37,15.810448991123325
13,38,13.14281005830896
13,39,10.666904705149275
13,40,13.541431467540576
13,41,14.1990790474839
13,42,11.02242736384752
13,43,11.396068114561556
13,44,14.813374022899348
13,45,13.61260677176656
13,46,10.143414751143771
13,47,11.308637423631856
13,48,11.78254998494541
13,49,9.347066461876835
13,50,9.757886383850177
13,51,9.381605797709986
13,52,11.157706030772925
13,53,13.68460618847349
13,54,15.524260198619004
13,55,18.731222557553604
13,56,20.393905054553695
13,57,17.1759749151886
13,58,16.50961229335291
13,59,13.10841064008806
13,60,10.34565647771713
13,61,7.077337126413913
13,62,5.857786948315196
13,63,4.5364805034203615
13,64,6.22633750045917
13,65,9.29320907667721
13,66,10.513888677346475
13,67,13.76976103910765
14,1,31.036533074883607
14,2,31.43576185949568
14,3,28.3999118950938
14,4,27.30283697996265
14,5,27.813156693897017
14,6,24.94346773278646
14,7,21.901005514487075
14,8,18.52308086199176
14,9,16.133690349011022
14,10,12.497572762122951
14,11,9.423088088802007
14,12,6.2224561175620625
14,13,3.8106231963923527
14,15,3.8114248244761217
14,16,5.520507759743698
14,17,5.665025936337591
14,18,5.402259588745434
14,19,6.1506006117528855
14,20,8.345810117792835
14,21,11.04916625493659
14,22,13.272640469872385
14,23,16.546422542356026
14,24,18.494989431316327
14,25,22.26335792513825
14,26,24.722701604922207
14,27,26.966755319414936
14,28,24.269336233104315
14,29,24.751286756644447
14,30,23.782051256187124
14,31,20.937576074054864
14,32,19.550577378616147
14,33,19.873866713410305
14,34,18.31145495400789
14,35,15.121774845971999
14,36,15.089813297294128
14,37,16.196341379398156
14,38,13.468897767341396
14,39,10.894053626973356
14,40,12.937788168118573
14,41,13.170113332598554
14,42,9.56275289122015
14,43,9.589452816204197
14,44,12.500482404370606
14,45,10.637529487465844
14,46,7.052612745149627
14,47,8.70867444070563
14,48,10.277763235984528
14,49,9.037860883002274
14,50,10.684666538651289
14,51,11.56463619942535
14,52,14.047997330344554
14,53,16.8274274800938
14,54,19.024556624743088
14,55,22.31556908607479
14,56,23.739804208436855
14,57,20.364589993696196
14,58,19.888523560830823
14,59,16.664838011960793
14,60,13.656382592402899
14,61,10.490774477030106
14,62,8.266752951250528
14,63,5.865384738404014
14,64,4.937421417254802
14,65,7.285265403889964
14,66,7.322933349348083
14,67,10.508527341236084
15,1,34.651807792198746
15,2,35.13121019774529
15,3,32.048424532135265
15,4,30.95537436373976
15,5,31.294177536092427
15,6,28.280786175333862
15,7,25.33273775333488
15,8,21.823589485460023
15,9,19.460265336339326
15,10,15.845988383542931
15,11,12.636397493012405
15,12,9.78644263562985
15,13,6.657886038910817
15,14,3.8114248244761217
15,16,3.8045124947462394
15,17,5.389886109620008
15,18,7.298880187298699
15,19,9.133033670913731
15,20,11.927507100955108
15,21,14.670829868581183
15,22,17.03070215239155
15,23,20.24076567897623
15,24,22.09452266869629
15,25,25.851403475017623
15,26,28.16328214949892
15,27,30.20130642592396
15,28,27.339851564046512
15,29,27.58997184891312
15,30,26.867659607086622
15,31,24.19409844648239
15,32,22.457534190783267
15,33,22.643435526345204
15,34,21.440910817387717
15,35,18.239706362782147
15,36,17.653162867921825
15,37,18.84485846651378
15,38,16.510000129811374
15,39,13.54091892031043
15,40,14.91888114604016
15,41,15.504331288028514
15,42,11.98626573396844
15,43,10.965974945455793
15,44,13.459236748958848
15,45,11.366700889207278
15,46,7.678736008750961
15,47,8.34056271781899
15,48,10.190385912134253
15,49,9.87518370930453
15,50,11.429586235575192
15,51,13.020606616664445
15,52,15.49680914236112
15,53,18.75274853327522
15,54,21.00966753154496
15,55,24.530303629169165
15,56,26.06609443469841
15,57,22.803144687837552
15,58,22.714215879865673
15,59,19.394339084216455
15,60,16.28107386447259
15,61,12.78812474238909
15,62,10.637858327842286
15,63,7.228501188567251
15,64,5.569073590800577
15,65,5.6329363896854465
15,66,5.141121134557262
15,67,8.848387236526895
16,1,35.44147780983283
16,2,36.06835561621166
16,3,33.24534829312518
16,4,32.33443388095326
16,5,33.05957986735347
16,6,30.275554658997063
16,7,27.09258878597387
16,8,23.81420714302576
16,9,21.14917711057759
16,10,17.676139228052513
16,11,14.309885322572672
16,12,11.440811677938033
16,13,8.592527901150923
16,14,5.520507759743698
16,15,3.8045124947462394
16,17,3.7986281516034603
16,18,5.820976409597864
16,19,8.999369389889601
16,20,11.980342498093494
16,21,15.296715563391432
16,22,17.963627326408055
16,23,21.48130229368252
16,24,23.691271686492296
16,25,27.45243531507658
16,26,30.057383576819547
16,27,32.421400520044855
16,28,29.773612718422832
16,29,30.252641938600327
16,30,29.20525600461216
16,31,26.376161269553798
16,32,25.0554798923276
16,33,25.22842884206711
16,34,23.573708912372922
16,35,20.53851931622977
16,36,20.35203986267035
16,37,21.129183092804602
16,38,18.37522686709661
16,39,15.92464021609126
16,40,17.313357429592113
16,41,17.14914003075946
16,42,13.404057474828662
16,43,13.083658276527567
16,44,14.983685633835156
16,45,12.097856730326301
16,46,8.9953357931178
16,47,10.72084561643676
16,48,13.316746143344748
16,49,13.28985505272834
16,50,15.090358271956642
16,51,16.43898073194135
16,52,18.743386534097954
16,53,21.81074024613666
16,54,23.788772986813708
16,55,27.145441521596666
16,56,28.86556068792338
16,57,25.621272105960756
16,58,25.095656908320773
16,59,21.68800007622964
16,60,18.87191795413769
16,61,15.462086357518539
16,62,13.578900380063793
16,63,10.565373660683761
16,64,8.957324322342567
16,65,9.057860134297933
16,66,7.202266173400797
16,67,10.281450300711699
17,1,33.06289208098656
17,2,34.02265110485178
17,3,31.294952001833906
17,4,30.771272039299234
17,5,31.462835605639825
17,6,28.651712716514993
17,7,25.28306615079909
17,8,22.098430645462745
17,9,19.060136400450574
17,10,15.8959504685651
17,11,12.247788342561478
17,12,10.153818658535721
17,13,7.08351761948094
17,14,5.665025936337591
17,15,5.389886109620008
17,16,3.7986281516034603
17,18,3.80470158258031
17,19,6.517732174350104
17,20,10.091088170654963
17,21,13.176201262351297
17,22,16.335610742086875
17,23,19.86262295442087
17,24,22.47956168485177
17,25,26.138259727931555
17,26,28.986994095823484
17,27,31.40344817855848
17,28,28.679855316349666
17,29,29.5954428294159
17,30,28.690980415713014
17,31,25.55729375541115
17,32,24.40360669241271
17,33,25.13459841034884
17,34,23.420078685524043
17,35,20.1510876720705
17,36,20.525181306832526
17,37,21.71119746074796
17,38,18.75738260850125
17,39,16.458260954939156
17,40,18.573488635891106
17,41,18.51609255610057
17,42,14.769523064269688
17,43,14.95828840446364
17,44,17.41102895561708
17,45,14.817010535037952
17,46,11.506504410759224
17,47,13.258726115881556
17,48,15.227972664350352
17,49,14.27043769798432
17,50,15.327143322027142
17,51,15.810165539263789
17,52,17.462676359516447
17,53,20.317501320215648
17,54,21.781491845023496
17,55,24.969636265124187
17,56,27.052707548431247
17,57,24.034980114392685
17,58,23.166055759277718
17,59,19.577647259091616
17,60,17.21289548649259
17,61,13.783698502287638
17,62,12.77360734989646
17,63,10.189992255485924
17,64,9.966207433424255
17,65,10.962692750326932
17,66,10.187687622054936
17,67,13.608598468119872
18,1,30.147560654591487
18,2,30.989463435555642
18,3,28.404506109950912
18,4,27.85936283818498
18,5,28.879901862144777
18,6,26.34385188938554
18,7,22.879095798303805
18,8,19.965156216007294
18,9,16.920532992985066
18,10,13.854630885291147
18,11,10.496912447182002
18,12,8.218974647727684
18,13,6.455410927811729
18,14,5.402259588745434
18,15,7.298880187298699
18,16,5.820976409597864
18,17,3.80470158258031
18,19,3.803072750859204
18,20,6.802852426851652
18,21,10.273373694222334
18,22,13.338125914344504
18,23,17.011732373689966
18,24,19.758225010047653
18,25,23.382411410850725
18,26,26.398689574593025
18,27,29.09546172569478
18,28,26.670119187699797
18,29,27.765701197699194
18,30,26.490340204322614
18,31,23.265786380593536
18,32,22.58990332967674
18,33,23.29411580740696
18,34,21.13730984058034
18,35,18.101827315876793
18,36,18.985798573225004
18,37,19.818364069413356
18,38,16.510363784803886
18,39,14.851660472830376
18,40,17.25331703838836
18,41,16.627389769161013
18,42,12.925437020051332
18,43,14.054165910451863
18,44,16.452584440675807
18,45,13.878369291833579
18,46,10.991102393864107
18,47,13.537335898577417
18,48,15.579142678175272
18,49,14.327390713426329
18,50,15.688097896626786
18,51,15.800843011673246
18,52,17.538831987109386
18,53,19.890713339369995
18,54,21.31895457552441
18,55,24.217134506727323
18,56,26.115290173447903
18,57,22.98607791787759
18,58,21.690044472215764
18,59,18.29386912067558
18,60,16.12177096342042
18,61,13.19180358712833
18,62,12.117168882132013
18,63,10.484416085861495
18,64,10.336024636097086
18,65,12.340970253821961
18,66,11.50596722346375
18,67,14.52147143489002
19,1,26.62132895682329
19,2,27.528266008585344
19,3,24.871904056478144
19,4,24.466156121428558
19,5,25.366545392518464
19,6,22.789735823098525
19,7,19.26312603485304
19,8,16.39904188449291
19,9,13.2110783140405
19,10,10.339053315564472
19,11,6.991563572156587
19,12,5.538211937324472
19,13,4.885219915747148
19,14,6.1506006117528855
19,15,9.133033670913731
19,16,8.999369389889601
19,17,6.517732174350104
19,18,3.803072750859204
19,20,3.7877442492816886
19,21,6.7131058393607095
19,22,10.04145565457253
19,23,13.615417750474633
19,24,16.54757056914847
19,25,20.08192546702381
19,26,23.188665211640437
19,27,25.863448912979685
19,28,23.406129018809438
19,29,24.795150471209606
19,30,23.63520461266262
19,31,20.227504457756808
19,32,19.70121269970311
19,33,20.842669949679518
19,34,18.698883211673344
19,35,15.533111601021806
19,36,16.935125215443758
19,37,18.125595320981077
19,38,14.80940511856058
19,39,13.396589280163225
19,40,16.42132435727964
19,41,16.033481197450772
19,42,12.681031807271717
19,43,14.190497143692616
19,44,17.082502810246975
19,45,15.188512709752949
19,46,12.262070859698031
19,47,14.55135845537982
19,48,15.822275843984759
19,49,13.737879420401507
19,50,14.511332584212862
19,51,13.791585571760178
19,52,15.078935568457409
19,53,16.961683275629184
19,54,18.118407888170836
19,55,20.789756026225728
19,56,22.71977569951436
19,57,19.685573384847608
19,58,18.118637702885806
19,59,14.748472350920652
19,60,12.906632803369481
19,61,10.348578453922567
19,62,9.941879246632615
19,63,9.401292977470234
19,64,10.412675117218782
19,65,13.266864024626765
19,66,13.38119092499897
19,67,16.459044345418558
20,1,23.579544102224848
20,2,24.23854810623046
20,3,21.65075714236055
20,4,21.123769426383557
20,5,22.33034622365281
20,6,20.059683059771142
20,7,16.507150218400362
20,8,14.002695343466392
20,9,11.018774453164907
20,10,8.414875177351881
20,11,6.1945636221336144
20,12,5.072489318616833
20,13,6.901461106562271
20,14,8.345810117792835
20,15,11.927507100955108
20,16,11.980342498093494
20,17,10.091088170654963
20,18,6.802852426851652
20,19,3.7877442492816886
20,21,3.75536416639556
20,22,6.665082455594403
20,23,10.378483540631922
20,24,13.38995130026378
20,25,16.861760080182425
20,26,20.10051689845885
20,27,23.03627105475392
20,28,20.93369605152803
20,29,22.48516080381027
20,30,20.94991226783621
20,31,17.491567269004562
20,32,17.532103850038467
20,33,18.652398196154817
20,34,16.08508209863731
20,35,13.28393505429818
20,36,15.30907363533553
20,37,16.134884515219035
20,38,12.603156377730487
20,39,12.104406444405315
20,40,15.36127335790567
20,41,14.518221540086262
20,42,11.653691073022955
20,43,14.007250573510005
20,44,16.761767743015717
20,45,15.278763812900573
20,46,12.98243984950471
20,47,15.547524816365485
20,48,16.608890563402422
20,49,14.31866182227556
20,50,15.247697056806933
20,51,14.183181694431342
20,52,15.487818384189893
20,53,16.65595855805758
20,54,17.799948862417473
20,55,20.0441349617415
20,56,21.6001891536768
20,57,18.495990437771788
20,58,16.532831418854613
20,59,13.627793956570427
20,60,12.098862612415346
20,61,10.554308772784223
20,62,10.114299600743227
20,63,10.82289682433838
20,64,11.82871401130947
20,65,15.193972177054292
20,66,15.387945177374908
20,67,17.98307471745654
21,1,20.157423905679504
21,2,20.870002140011984
21,3,18.16744308872222
21,4,17.825384995705445
21,5,18.877709109106227
21,6,16.584676592098372
21,7,12.936187169883976
21,8,10.615534624233298
21,9,7.474396814575524
21,10,5.598214121676398
21,11,4.707182560968123
21,12,5.804121169064456
21,13,8.593024006746928
21,14,11.04916625493659
21,15,14.670829868581183
21,16,15.296715563391432
21,17,13.176201262351297
21,18,10.273373694222334
21,19,6.7131058393607095
21,20,3.75536416639556
21,22,3.76322249660569
21,23,7.132450119301367
21,24,10.480391788670016
21,25,13.734368868845726
21,26,17.101201926284787
21,27,20.00412318450802
21,28,17.916108273304676
21,29,19.875795799467202
21,30,18.49634181221823
21,31,14.839900486740257
21,32,15.182738929716015
21,33,16.87867594716186
21,34,14.406548720695316
21,35,11.638258609112425
21,36,14.323184941174057
21,37,15.52735188148199
21,38,12.288925632439494
21,39,12.241506440930689
21,40,15.873071487594844
21,41,15.37072838870653
21,42,13.201003466721376
21,43,15.609707329905447
21,44,18.594329084773975
21,45,17.759618557261142
21,46,15.54441391396247
21,47,17.684681092477632
21,48,18.044859795340003
21,49,15.201121888848817
21,50,15.465891460642078
21,51,13.583405536386849
21,52,14.22845113948889
21,53,14.591175450406608
21,54,15.309514231983115
21,55,17.084415778121944
21,56,18.57873057874542
21,57,15.674422953430838
21,58,13.286929381048287
21,59,10.65796493130867
21,60,9.873313640205383
21,61,9.399502598564023
21,62,9.900356044658944
21,63,11.773749329195013
21,64,13.57852433527582
21,65,17.218269287844155
21,66,18.046274926698622
21,67,20.626318835703923
22,1,18.08837530571501
22,2,18.22249844839343
22,3,15.352025878686684
22,4,14.525206097887262
22,5,15.734457861843513
22,6,13.68874186263107
22,7,10.219593152618248
22,8,8.282647693929267
22,9,6.1970300015248805
22,10,5.022496176255543
22,11,6.554053242031888
22,12,7.497377858973532
22,13,11.058467515623196
22,14,13.272640469872385
22,15,17.03070215239155
22,16,17.963627326408055
22,17,16.335610742086875
22,18,13.338125914344504
22,19,10.04145565457253
22,20,6.665082455594403
22,21,3.76322249660569
22,23,3.744316293935614
22,24,6.9095024639443645
22,25,10.221439680874598
22,26,13.584361910274318
22,27,16.677837562042644
22,28,14.951510731135043
22,29,16.91908310576499
22,30,15.17405088267429
22,31,11.555491926577604
22,32,12.485155271449122
22,33,14.079931885198045
22,34,11.309882776458476
22,35,9.117531674274655
22,36,12.365025879927936
22,37,13.221793822844036
22,38,10.187956008236162
22,39,11.127849628182156
22,40,14.687136586056429
22,41,14.02989243535623
22,42,12.744329463198651
22,43,15.49125321544153
22,44,18.25839172711968
22,45,18.05100351495842
22,46,16.405466931398436
22,47,18.425976746645663
22,48,18.431994697177885
22,49,15.558083439386834
22,50,15.918811623181147
22,51,13.95672899877975
22,52,14.723254759761017
22,53,14.383548019462749
22,54,15.309060266153333
22,55,16.64232443152149
22,56,17.428318146258526
22,57,14.443046125677373
22,58,11.96326582506254
22,59,10.293521075649409
22,60,9.707303272365419
22,61,10.457567132859447
22,62,10.624723342213406
22,63,13.28208999851706
22,64,14.883996690565068
22,65,18.673331617088355
22,66,19.649143054198202
22,67,21.763869297844092
23,1,15.27348980570838
23,2,15.054518288749549
23,3,11.919329370795658
23,4,10.91365790692714
23,5,11.99048778733888
23,6,10.080266247625813
23,7,6.696229738148645
23,8,5.579569340143551
23,9,4.966809143232393
23,10,5.842317555955146
23,11,8.890290405213001
23,12,10.495820755085534
23,13,14.104208554322838
23,14,16.546422542356026
23,15,20.24076567897623
23,16,21.48130229368252
23,17,19.86262295442087
23,18,17.011732373689966
23,19,13.615417750474633
23,20,10.378483540631922
23,21,7.132450119301367
23,22,3.744316293935614
23,24,3.76163560356971
23,25,6.615483885475638
23,26,10.115868141659398
23,27,13.258486051935234
23,28,11.814701566274936
23,29,14.199583560591993
23,30,12.464561837533108
23,31,8.779315283166026
23,32,10.451451040117432
23,33,12.510917780780884
23,34,9.93708330869272
23,35,8.468196564863069
23,36,12.195382238685893
23,37,13.149474403944284
23,38,10.890882362981927
23,39,12.409187132690965
23,40,15.818746329958529
23,41,15.432880075267976
23,42,14.974091405236338
23,43,17.609326633624008
23,44,20.311565224439768
23,45,20.666881116412153
23,46,19.247997807367582
23,47,20.92042250923788
23,48,20.41360478762635
23,49,17.35572836972193
23,50,17.302513836916834
23,51,14.93391173017425
23,52,15.21910231762702
23,53,13.950946509121426
23,54,14.561936955528703
23,55,15.14982958582127
23,56,15.400508026186637
23,57,12.724668968060648
23,58,9.950567890846557
23,59,9.47545411703926
23,60,9.790174592076388
23,61,11.78498197553186
23,62,12.378542897862786
23,63,15.616124956546452
23,64,17.468472941660963
23,65,21.270760245773964
23,66,22.59413039423587
23,67,24.543102994699233
24,1,15.676257510400477
24,2,14.604063930196213
24,3,11.167219601176088
24,4,9.075052369585972
24,5,9.77712947920745
24,6,7.964316085438639
24,7,5.720286210290244
24,8,5.208058041519106
24,9,6.973416760247217
24,10,7.853494749492817
24,11,11.370888192451526
24,12,12.582314243242985
24,13,16.27328608964836
24,14,18.494989431316327
24,15,22.09452266869629
24,16,23.691271686492296
24,17,22.47956168485177
24,18,19.758225010047653
24,19,16.54757056914847
24,20,13.38995130026378
24,21,10.480391788670016
24,22,6.9095024639443645
24,23,3.76163560356971
24,25,3.7891426321893666
24,26,6.7130045838212995
24,27,9.882140038690078
24,28,8.763001020944737
24,29,10.876443569638338
24,30,8.793082672372618
24,31,5.244671232336663
24,32,7.669002391221595
24,33,9.52280660749722
24,34,7.072398983237295
24,35,6.758151428006193
24,36,10.515668922725842
24,37,11.21336971211882
24,38,9.892360558597034
24,39,11.983779178530009
24,40,14.919644892989155
24,41,14.753254164652585
24,42,15.2224514128256
24,43,17.67513475581566
24,44,20.13378412179327
24,45,21.148045370320453
24,46,20.135103568380295
24,47,21.43408927148581
24,48,20.495429891001333
24,49,17.544662948510144
24,50,17.486734996449567
24,51,15.264939201750064
24,52,15.71419304909944
24,53,14.002502020154871
24,54,15.001867402081627
24,55,15.31574819655429
24,56,14.62888882685617
24,57,11.944805055959657
24,58,9.790267313995118
24,59,10.4778086654457
24,60,10.602742287595936
24,61,13.21241598400566
24,62,13.383446762337226
24,63,16.902244766897223
24,64,18.532832431635274
24,65,22.238749011038724
24,66,23.7636533977483
24,67,25.304304627873755
25,1,13.292818070618274
25,2,11.63102251168612
25,3,8.117702254658266
25,4,5.481566159038282
25,5,6.2121724944647685
25,6,5.449010001809918
25,7,4.630450792683811
25,8,6.529837447490377
25,9,9.181470110430034
25,10,11.084633565124026
25,11,14.745157328586844
25,12,16.286724475245308
25,13,19.930710345656568
25,14,22.26335792513825
25,15,25.851403475017623
25,16,27.45243531507658
25,17,26.138259727931555
25,18,23.382411410850725
25,19,20.08192546702381
25,20,16.861760080182425
25,21,13.734368868845726
25,22,10.221439680874598
25,23,6.615483885475638
25,24,3.7891426321893666
25,26,3.786962499216898
25,27,7.300109107920164
25,28,7.396047338604882
25,29,10.09528543779182
25,30,8.027502872376363
25,31,5.355450652796163
25,32,8.782084512830068
25,33,10.772459931285272
25,34,8.947362971940533
25,35,9.710210653975842
25,36,13.183989963363972
25,37,13.71562434471494
25,38,13.046943284287774
25,39,15.381001066920733
25,40,18.01205441209208
25,41,17.861990125963807
25,42,18.73098067326398
25,43,21.15855805147419
25,44,23.445870509479626
25,45,24.66286638900029
25,46,23.823241083106858
25,47,25.036031832549956
25,48,23.920316492461676
25,49,20.9649101523652
25,50,20.67814534278431
25,51,18.268942183515914
25,52,18.28899681882265
25,53,15.971761917082524
25,54,16.464365476520427
25,55,15.919142507910598
25,56,14.736291787796336
25,57,12.813291951491854
25,58,10.557918320286172
25,59,12.3298353451021
25,60,13.26463043589827
25,61,16.321630628841966
25,62,16.83434322265181
25,63,20.463815217054908
25,64,22.20890263085062
25,65,25.879887435692964
25,66,27.496218719592584
25,67,28.957718420724994
26,1,15.08390021053879
26,2,12.782973004961775
26,3,9.41895242293303
26,4,6.0311249140268135
26,5,5.32940547935526
26,6,5.204570020206485
26,7,6.8140714413367425
26,8,8.684881990463122
26,9,12.051969550198079
26,10,13.784614212087327
26,11,17.534829090602642
26,12,18.916235518479912
26,13,22.489835794057665
26,14,24.722701604922207
