1,2,3.8120943627887107
1,3,6.398756026870106
1,4,9.349901257414908
1,5,12.607312538119468
1,6,15.646490334050403
1,7,18.4165155387268
1,8,21.954477284072034
1,9,22.2282975383541
1,10,19.628783189996074
1,11,16.071232093401242
1,12,14.128461439531586
1,13,11.020328053738808
1,14,10.285352198421927
1,15,9.544421285661786
1,16,11.156730958969494
1,17,13.772161029386297
1,18,14.13992558247733
1,19,13.030434153096284
1,20,14.493277421973891
1,21,15.93474326071628
1,22,16.128737757073402
1,23,17.986709210231883
1,24,18.93219273931037
1,25,19.309504399598925
1,26,19.96420752585084
1,27,19.73327623516204
1,28,20.87476159076952
1,29,19.418206112630322
1,30,19.692954325855336
1,31,19.646575693035143
1,32,20.683362303460143
1,33,17.890063199922004
1,34,15.447825555797044
1,35,14.556423104529143
1,36,15.549233035512597
1,37,17.713016375543436
1,38,17.71018643276627
1,39,20.76348880386725
1,40,22.162052437012058
1,41,20.374306643268646
1,42,23.745998095143594
1,43,23.78222956864259
1,44,21.06716845936067
1,45,18.687429397552958
1,46,17.081853943234677
1,47,15.57391021950471
1,48,13.025629526245359
1,49,11.449010657624168
1,50,10.032366748123257
1,51,8.664284270456662
1,52,11.002205712534407
1,53,8.517748298934052
1,54,5.961192313326515
1,55,7.455876340248977
1,56,7.566301405204984
1,57,10.929012971772602
1,58,12.3797478733316
1,59,15.37527241742814
1,60,17.747516518436907
1,61,21.140465232223466
1,62,22.893884257318998
1,63,26.467571751786714
2,1,3.8120943627887107
2,3,3.767273178553174
2,4,6.37609351774559
2,5,9.632833197619094
2,6,12.914133949389761
2,7,15.510334644180036
2,8,19.068093497111754
2,9,19.221785063351266
2,10,16.341921650324444
2,11,12.774741779151169
2,12,10.484237646789914
2,13,7.251364004943514
2,14,6.653141088831752
2,15,6.51996511465938
2,16,9.081024873456155
2,17,11.652281782301795
2,18,11.614483191853479
2,19,10.100037951604227
2,20,11.969229239090494
2,21,13.270589839836704
2,22,14.156939670910408
2,23,15.886670127702397
2,24,16.53945199878303
2,25,16.370049925963972
2,26,16.762706611467692
2,27,16.19189960762282
2,28,17.156393545592415
2,29,15.748710551410397
2,30,15.997224576078748
2,31,16.2280217396464
2,32,17.425976952495443
2,33,14.613052163025047
2,34,12.131559245577723
2,35,10.85418187463826
2,36,11.780838775641017
2,37,13.945732764649605
2,38,14.186187258503416
2,39,17.266918607219218
2,40,18.91939827099994
2,41,17.531157175199713
2,42,21.063363899369783
2,43,20.951117184565117
2,44,18.590027766424058
2,45,15.92899146621091
2,46,14.772697687289785
2,47,13.322210493027656
2,48,11.106493684234788
2,49,9.01366010911783
2,50,8.16913264501659
2,51,6.617529152929751
2,52,9.788852278774641
2,53,8.97019943788742
2,54,6.428592461400803
2,55,6.9328073411070354
2,56,6.307804136976647
2,57,9.638859221295474
2,58,10.394381479866981
2,59,13.773412179389608
2,60,15.824651161684683
2,61,19.469369659314484
2,62,21.02216249446947
2,63,24.633623057704483
3,1,6.398756026870106
3,2,3.767273178553174
3,4,3.7816942800280384
3,5,6.3307008614398566
3,6,9.685602292009223
3,7,12.114990771992266
3,8,15.74233914080388
3,9,16.315483156070794
3,10,13.769773256935936
3,11,10.518362820299767
3,12,8.553119202733072
3,13,6.450400243307578
3,14,5.684333680341678
3,15,7.358159268282679
3,16,9.889566606094277
3,17,12.99364684282949
3,18,13.31061258542224
3,19,11.861367873785944
3,20,14.22629960707793
3,21,15.171898204694314
3,22,16.5341243633089
3,23,17.727031662200492
3,24,17.640013064651683
3,25,16.759457345894962
3,26,17.32086238471616
3,27,15.980978334597909
3,28,16.731003548240828
3,29,15.660942795608571
3,30,15.288219681765906
3,31,16.153452155759716
3,32,16.879134618465923
3,33,13.57078203354936
3,34,11.953513726309122
3,35,10.136981003638846
3,36,11.38008184964021
3,37,12.713797296556884
3,38,13.232211627338078
3,39,15.719031491754203
3,40,16.89414285863898
3,41,15.447995305054267
3,42,19.113936183273374
3,43,19.57401903097411
3,44,17.53625831071789
3,45,15.272252856633703
3,46,14.969968827261475
3,47,14.382897678135723
3,48,13.049959624369096
3,49,11.212978683364344
3,50,11.189511181862004
3,51,9.52591383726992
3,52,12.72796646129094
3,53,12.48586573718286
3,54,10.190797430657991
3,55,10.369978083353631
3,56,8.750892501936288
3,57,11.254596232924257
3,58,10.715152806415135
3,59,13.667375316032633
3,60,14.85773150175374
3,61,18.442520598751436
3,62,19.35138120442849
3,63,23.104423876626736
4,1,9.349901257414908
4,2,6.37609351774559
4,3,3.7816942800280384
4,5,3.8037652754624824
4,6,6.60977759903926
4,7,9.547086246098191
4,8,12.897222730241028
4,9,12.920173349770684
4,10,10.322685213832573
4,11,6.925317592127834
4,12,5.762956984248827
4,13,4.834100414807938
4,14,6.145915266457047
4,15,9.091065809568155
4,16,12.276566685801994
4,17,14.907144137277626
4,18,14.490257069853557
4,19,12.290870420044007
4,20,14.275173797028394
4,21,14.32499522761996
4,22,15.798891602378717
4,23,16.22942360558462
4,24,15.407856575272643
4,25,14.074538091157324
4,26,15.038852183098223
4,27,13.41397027432557
4,28,14.561702066140345
4,29,14.297806966980671
4,30,14.223935342711664
4,31,15.909972682380848
4,32,17.01495079308928
4,33,13.794928894440543
4,34,12.363127839314098
4,35,9.525939490287149
4,36,9.765445063675289
4,37,10.144087909750889
4,38,10.104151705686606
4,39,12.295075235270248
4,40,13.214794720821786
4,41,11.672443466445094
4,42,15.347106138076517
4,43,15.848482260649659
4,44,13.95418177904033
4,45,11.854963459324518
4,46,12.113493679453649
4,47,12.237938238773461
4,48,11.871215110202254
4,49,10.669257913508279
4,50,11.87588054416153
4,51,11.130513732457798
4,52,14.730466029349042
4,53,15.038968709845781
4,54,12.366393113355636
4,55,11.399243967246893
4,56,8.771408501538554
4,57,10.09540131305828
4,58,8.373060457491478
4,59,10.985362234807567
4,60,11.59337779547417
4,61,15.200487925132874
4,62,15.90783978502776
4,63,19.638307908595984
5,1,12.607312538119468
5,2,9.632833197619094
5,3,6.3307008614398566
5,4,3.8037652754624824
5,6,3.7683547563258393
5,7,5.888900709010135
5,8,9.459159446328313
5,9,10.165200058440663
5,10,7.9068473489489595
5,11,5.525949228488033
5,12,4.9079768189285335
5,13,6.313721926557695
5,14,7.015961214991712
5,15,10.630988282456483
5,16,13.390449262314844
5,17,16.09120685963257
5,18,15.982313424093437
5,19,14.136543354483225
5,20,16.535312901415793
5,21,16.544552250619983
5,22,18.536282238690518
5,23,18.74052690666849
5,24,17.471473424165712
5,25,15.402686868806601
5,26,16.133128584380845
5,27,13.696136985240562
5,28,14.239347719681383
5,29,14.224297117273487
5,30,13.38007199808555
5,31,15.59839870624567
5,32,16.149016906040792
5,33,12.724563279231187
5,34,12.350813332515417
5,35,9.361594154279407
5,36,9.995286864526085
5,37,9.34000074535269
5,38,10.042096054529518
5,39,11.207722608079889
5,40,11.666838449659963
5,41,10.589275006976186
5,42,14.353921863534174
5,43,15.419623464086339
5,44,14.327015377581539
5,45,12.662314355840756
5,46,13.980958621414135
5,47,14.69240907458931
5,48,14.9155797711002
5,49,13.610336684440766
5,50,14.943827101710076
5,51,13.852753840800753
5,52,17.22951903928297
5,53,18.0790555310637
5,54,15.780202212838825
5,55,15.013678258706069
5,56,12.472457093544918
5,57,13.481419685806324
5,58,11.130899101450506
5,59,13.15346785577741
5,60,12.705875752730819
5,61,16.01341545715703
5,62,15.838094011128465
5,63,19.538628483410292
6,1,15.646490334050403
6,2,12.914133949389761
6,3,9.685602292009223
6,4,6.60977759903926
6,5,3.7683547563258393
6,7,3.7990494314080467
6,8,6.511763127309407
6,9,6.933849250237935
6,10,5.740434928052822
6,11,4.725332042415071
6,12,6.587007420375084
6,13,9.13020949042862
6,14,10.577619749537112
6,15,14.276369710248453
6,16,17.107067678671957
6,17,19.677440776113883
6,18,19.325734635576364
6,19,17.190618675390727
6,20,19.23701130805473
6,21,18.63665481206455
6,22,20.475451257629302
6,23,20.007416905419905
6,24,18.066084533637312
6,25,15.706670132162506
6,26,16.95635868853561
6,27,14.31549089907251
6,28,15.178881427423242
6,29,16.010213686099537
6,30,15.293153374337576
6,31,18.074181222609955
6,32,18.67667073896702
6,33,15.421021890566333
6,34,15.413313176471584
6,35,12.128127105581612
6,36,12.035905141281123
6,37,10.20466155111654
6,38,10.19420529835226
6,39,10.179815552443577
6,40,9.435521155471468
6,41,7.944415318741728
6,42,11.460685695695522
6,43,13.238102756747796
6,44,12.524656547884177
6,45,11.79060859270729
6,46,13.852817184237841
6,47,15.485140178428662
6,48,16.533122507397227
6,49,15.92479638757975
6,50,17.83766138496391
6,51,17.223894794771848
6,52,20.728276340428526
6,53,21.52962318849503
6,54,18.96228395121333
6,55,17.74024081016449
6,56,14.721981632923518
6,57,14.872915647524197
6,58,11.800240454933636
6,59,12.780426579154938
6,60,11.274944057627328
6,61,14.031551295055099
6,62,13.107269380416742
6,63,16.712492090363355
7,1,18.4165155387268
7,2,15.510334644180036
7,3,12.114990771992266
7,4,9.547086246098191
7,5,5.888900709010135
7,6,3.7990494314080467
7,8,3.7794176528347156
7,9,5.948490168132206
7,10,5.556522693405486
7,11,6.563720551690458
7,12,7.904255680562806
7,13,11.07543993875421
7,14,11.825319784902268
7,15,15.558297843302714
7,16,17.92519545430859
7,17,20.38695371885448
7,18,20.313499537684272
7,19,18.61438577850262
7,20,21.02065922672241
7,21,20.61803480595232
7,22,22.923560938118246
7,23,22.55570192503191
7,24,20.573504547260324
7,25,17.758657943127776
7,26,18.476517768875926
7,27,15.303385737879582
7,28,15.349079439821448
7,29,16.1430470102153
7,30,14.692547517523673
7,31,17.680125796252863
7,32,17.705896509336807
7,33,14.53463989265662
7,34,15.448088455810279
7,35,12.45591570829967
7,36,12.833369458688926
7,37,10.567592104115684
7,38,11.530285104497839
7,39,10.684639572815033
7,40,9.828189774222366
7,41,9.543086865873024
7,42,12.718234622457086
7,43,14.685417757055882
7,44,14.879811635058816
7,45,14.230041930740002
7,46,16.78575678404137
7,47,18.378040720417253
7,48,19.48713595937756
7,49,18.49364249182127
7,50,20.249408356198096
7,51,19.25270389514529
7,52,22.483382713687092
7,53,23.778494371481408
7,54,21.609146965945364
7,55,20.67349402216054
7,56,17.93913536274101
7,57,18.287991124769395
7,58,15.239503279512462
7,59,16.26908559316757
7,60,14.468700385287063
7,61,16.939910536337784
7,62,15.462147879145665
7,63,18.762389324204346
8,1,21.954477284072034
8,2,19.068093497111754
8,3,15.74233914080388
8,4,12.897222730241028
8,5,9.459159446328313
8,6,6.511763127309407
8,7,3.7794176528347156
8,9,3.8080135145191063
8,10,5.798940574972131
8,11,8.48014698485996
8,12,10.713879928551288
8,13,14.2274929817941
8,14,15.356120010081952
8,15,19.115454333446664
8,16,21.531034002071735
8,17,23.80457759116182
8,18,23.527681775578984
8,19,21.67755168590174
8,20,23.84611218566797
8,21,23.04190671885772
8,22,25.319109135232154
8,23,24.495372276517774
8,24,22.06685907025792
8,25,19.001192191550153
8,26,19.907028889236592
8,27,16.60641805410705
8,28,16.7013814752578
8,29,18.124076206638993
8,30,16.769321586213724
8,31,20.096997561272318
8,32,20.144762989294975
8,33,17.30821700174996
8,34,18.47956627266023
8,35,15.408671642222513
8,36,15.301588878744349
8,37,12.356245164257484
8,38,12.924793229187207
8,39,10.971785642014705
8,40,9.065057336970185
8,41,9.181897554301843
8,42,11.452183836316689
8,43,13.93612492123231
8,44,14.892589981591648
8,45,15.011682541095519
8,46,18.106495598619407
8,47,20.229291666749283
8,48,21.886490006988094
8,49,21.270711839582088
8,50,23.379116346274305
8,51,22.670468124669135
8,52,25.947273819403826
8,53,27.353963048131437
8,54,25.074628961058945
8,55,23.85318937582023
8,56,20.90808750774755
8,57,20.75293266288552
8,58,17.369171553334326
8,59,17.733091875946965
8,60,15.23979752694047
8,61,17.014116515262348
8,62,14.813289720125358
8,63,17.63380749586982
9,1,22.2282975383541
9,2,19.221785063351266
9,3,16.315483156070794
9,4,12.920173349770684
9,5,10.165200058440663
9,6,6.933849250237935
9,7,5.948490168132206
9,8,3.8080135145191063
9,10,3.810823112830179
9,11,7.080885442099522
9,12,10.210450683189285
9,13,13.800451828727889
9,14,15.801429511061674
9,15,19.56580852633227
9,16,22.447971232479446
9,17,24.398620886995285
9,18,23.532537856108696
9,19,21.179429248970948
9,20,22.804432116769235
9,21,21.430432884809893
9,22,23.479533460115928
9,23,22.169748431045644
9,24,19.38390534947835
9,25,16.261229767456786
9,26,17.52905582006528
9,27,14.435683252507612
9,28,15.14407553283575
9,29,17.231965359225388
9,30,16.642181775389002
9,31,20.19285493205328
9,32,20.91574132074697
9,33,18.386828762690957
9,34,18.981818025349586
9,35,15.527209955644171
9,36,14.493871572269073
9,37,11.135700136532217
9,38,10.742731111902872
9,39,8.247298256585694
9,40,5.570483991580395
9,41,5.836389708490906
9,42,7.7953030316228755
9,43,10.201100064603207
9,44,11.50888456889741
9,45,11.974072307914538
9,46,15.38173136916284
9,47,17.87144616830967
9,48,20.043978388633754
9,49,19.93887250510185
9,50,22.535352493337335
9,51,22.44170553167365
9,52,25.888107509577253
9,53,27.344082971132316
9,54,24.8111484840753
9,55,23.04896126465265
9,56,19.890288040775893
9,57,19.116176985707504
9,58,15.503920261990062
9,59,15.410692851075128
9,60,12.59185305846912
9,61,14.095743853487987
9,62,11.894772629282244
9,63,14.492995472739898
10,1,19.628783189996074
10,2,16.341921650324444
10,3,13.769773256935936
10,4,10.322685213832573
10,5,7.9068473489489595
10,6,5.740434928052822
10,7,5.556522693405486
10,8,5.798940574972131
10,9,3.810823112830179
10,11,3.7812539293792287
10,12,6.64712775590757
10,13,10.306426994019688
10,14,12.526408142622873
10,15,16.209905682452668
10,16,19.241909431350972
10,17,20.947118095599407
10,18,19.86203354202602
10,19,17.429234389538298
10,20,19.037495907927084
10,21,17.751948422232086
10,22,19.98465624727886
10,23,18.940113771433747
10,24,16.441772947075833
10,25,13.24592362024439
10,26,14.165596240826929
10,27,10.986808841920405
10,28,11.679986684894372
10,29,13.598708526935837
10,30,13.25012018926855
10,31,16.738412392815434
10,32,17.798332466601398
10,33,15.357044846209261
10,34,15.541141569675727
10,35,11.96241121068849
10,36,10.701634399161977
10,37,7.399992866510939
10,38,7.212292845569255
10,39,5.368548945067565
10,40,4.423306887767856
10,41,5.329799122439444
10,42,8.516835127239366
10,43,9.651691608987015
10,44,10.501892427889304
10,45,9.767821271355034
10,46,12.96852191774593
10,47,14.929033516456409
10,48,16.850967297968353
10,49,16.43455406771285
10,50,18.99343795819985
10,51,18.93562233848268
10,52,22.330669474294112
10,53,24.028999674136795
10,54,21.629604050116086
10,55,19.85144700481018
10,56,16.91180766662158
10,57,16.36540441128093
10,58,12.969435383588294
10,59,13.617581484643676
10,60,11.503774604653257
10,61,13.854403071589557
10,62,12.634656545079316
10,63,15.558205949438634
11,1,16.071232093401242
11,2,12.774741779151169
11,3,10.518362820299767
11,4,6.925317592127834
11,5,5.525949228488033
11,6,4.725332042415071
11,7,6.563720551690458
11,8,8.48014698485996
11,9,7.080885442099522
11,10,3.7812539293792287
11,12,3.7954109278935086
11,13,6.935564537040412
11,14,9.637939158611625
11,15,13.229876763240624
11,16,16.549987706201243
11,17,18.340568131905453
11,18,17.147170706313222
11,19,14.488053801186611
11,20,16.015853671376313
11,21,14.86204484199905
11,22,16.88816661485446
11,23,16.133914795956194
11,24,14.012956613282844
11,25,11.26999783487259
11,26,12.354591704521301
11,27,9.661990262785881
11,28,10.907706092428771
11,29,12.286867831446049
11,30,12.399983741764437
11,31,15.44612199448476
11,32,16.86392259924397
11,33,14.22170919772011
11,34,13.603880932738676
11,35,9.881172721192623
11,36,8.509284959415725
11,37,6.165011938752145
11,38,5.483553963984574
11,39,5.892013303852072
11,40,6.416378498514235
11,41,5.946386732236247
11,42,9.736597179588854
11,43,10.214876184509022
11,44,9.76046869778963
11,45,8.081056733795174
11,46,10.47807075596904
11,47,11.96404265846042
11,48,13.457930010691488
11,49,12.957057788033207
11,50,15.457113318899207
11,51,15.505115889598493
11,52,19.04485465351229
11,53,20.470942082899242
11,54,17.93125918185045
11,55,16.100444369264736
11,56,13.147230860871524
11,57,12.807963809561063
11,58,9.609354013709408
11,59,10.923103114008063
11,60,9.678155921714373
11,61,12.795832798550322
11,62,12.543989489135098
11,63,15.87531638905242
12,1,14.128461439531586
12,2,10.484237646789914
12,3,8.553119202733072
12,4,5.762956984248827
12,5,4.9079768189285335
12,6,6.587007420375084
12,7,7.904255680562806
12,8,10.713879928551288
12,9,10.210450683189285
12,10,6.64712775590757
12,11,3.7954109278935086
12,13,3.80160402592476
12,14,6.114405628157219
12,15,9.658640316179374
12,16,12.924188153392379
12,17,14.579850277425427
12,18,13.496430612146822
12,19,11.127201715627514
12,20,13.185063935720187
12,21,12.754520691154836
12,22,15.249990964865118
12,23,15.329607378529078
12,24,14.027155325285447
12,25,11.48334484820138
12,26,11.593867757014428
12,27,8.914985838286416
12,28,9.372555467967217
12,29,9.647285272878316
12,30,9.488032156296436
12,31,12.104608981144173
12,32,13.521644473820526
12,33,10.818295649701216
12,34,9.87213877221633
12,35,6.179659784773226
12,36,5.461352543921159
12,37,4.564885198955054
12,38,5.7118535474521
12,39,7.6035158676993575
12,40,9.490838416315272
12,41,9.645877607359676
12,42,13.372939513863713
12,43,13.304810605046097
12,44,12.683467247429885
12,45,10.119999711005791
12,46,11.655389350717115
12,47,11.947749307310874
12,48,12.486805762252734
12,49,10.961632519685558
12,50,12.865906623648625
12,51,12.373777722497085
12,52,15.710873530541921
12,53,17.54371615875914
12,54,15.450528888692054
12,55,14.093017187571077
12,56,11.80366911468894
12,57,12.419074178729678
12,58,10.093568267251287
12,59,12.522982487568346
12,60,12.30473093486885
12,61,15.791798531264611
12,62,16.043257022638702
12,63,19.409824692954057
13,1,11.020328053738808
13,2,7.251364004943514
13,3,6.450400243307578
13,4,4.834100414807938
13,5,6.313721926557695
13,6,9.13020949042862
13,7,11.07543993875421
13,8,14.2274929817941
13,9,13.800451828727889
13,10,10.306426994019688
13,11,6.935564537040412
13,12,3.80160402592476
13,14,3.7924240294601725
13,15,6.63918454731068
13,16,10.296356403090478
13,17,11.90809719704276
13,18,10.682177917553181
13,19,8.128020999967617
13,20,10.242078499020904
13,21,10.392842494618776
13,22,12.685209261950456
13,23,13.492851993772852
13,24,13.061419576354792
13,25,11.383771076022521
13,26,11.300464424838776
13,27,9.635220345478709
13,28,10.337921343262545
13,29,9.634457623830802
13,30,10.025916827225785
13,31,11.575314926082779
13,32,13.330413486255376
13,33,10.722757845820803
13,34,8.600950203292554
13,35,5.450538377582637
13,36,5.143034849559043
13,37,6.696874036844464
13,38,7.436184894087785
13,39,10.446451821977359
13,40,12.683645136789494
13,41,12.379259961409119
13,42,16.033149668350617
13,43,15.555089244890667
13,44,14.200035112654682
13,45,11.141368579965036
13,46,11.40665211596842
13,47,10.614799502376403
13,48,10.05053499344898
13,49,7.872599688066622
13,50,9.248605710331448
13,51,8.64772915603589
13,52,12.127567736623586
13,53,13.780756685577746
13,54,11.702581821893682
13,55,10.50426056402595
13,56,8.700603705827518
13,57,10.134226005685674
13,58,8.891362378695646
13,59,12.15924941838101
13,60,13.072801633263795
13,61,16.82971768818922
13,62,17.822089707178034
13,63,21.256095988241803
14,1,10.285352198421927
14,2,6.653141088831752
14,3,5.684333680341678
14,4,6.145915266457047
14,5,7.015961214991712
14,6,10.577619749537112
14,7,11.825319784902268
14,8,15.356120010081952
14,9,15.801429511061674
14,10,12.526408142622873
14,11,9.637939158611625
14,12,6.114405628157219
14,13,3.7924240294601725
14,15,3.792328356710823
14,16,6.931395462154679
14,17,9.165956034605502
14,18,9.063421561578984
14,19,7.855512485018276
14,20,11.013348830357558
14,21,12.350311127746915
14,22,14.851691438699289
14,23,16.37714744770531
14,24,16.468741196238593
14,25,14.912632097702334
14,26,14.28998558147825
14,27,12.505456956255337
14,28,12.239449264437512
14,29,10.489015708115472
14,30,9.787445461411417
14,31,10.477977189430613
14,32,11.377398531825714
14,33,8.341109872365461
14,34,6.405576804335219
14,35,4.583298724835732
14,36,6.741954152623906
14,37,8.919420734843147
14,38,10.74904938614494
14,39,13.41854864086512
14,40,15.601468006648245
14,41,15.461155871894695
14,42,19.23188941776614
14,43,19.058611575734133
14,44,17.84807962978972
14,45,14.902889985935465
14,46,15.131523116086354
14,47,14.059275511536958
14,48,12.84396148777326
14,49,9.970754809072831
14,50,9.95303388779493
14,51,7.850653264541347
14,52,10.722575531839885
14,53,12.562563754977624
14,54,11.289847994817318
14,55,11.356526558604472
14,56,10.497598084043785
14,57,12.860967313834879
14,58,12.189194100336413
14,59,15.551925998176156
14,60,16.51088146442336
14,61,20.259489026235585
14,62,21.046543291254565
14,63,24.603055168131267
15,1,9.544421285661786
15,2,6.51996511465938
15,3,7.358159268282679
15,4,9.091065809568155
15,5,10.630988282456483
15,6,14.276369710248453
15,7,15.558297843302714
15,8,19.115454333446664
15,9,19.56580852633227
15,10,16.209905682452668
15,11,13.229876763240624
15,12,9.658640316179374
15,13,6.63918454731068
15,14,3.792328356710823
15,16,3.8008252548094457
15,17,5.833531484780508
15,18,6.182584599493698
15,19,6.066071531651475
15,20,9.511716125602854
15,21,11.903817917916921
15,22,14.254588732991111
15,23,16.588672117693523
15,24,17.521023639237836
15,25,16.551813642181035
15,26,15.491735188429951
15,27,14.377775637594493
15,28,13.92350387389903
15,29,11.390442966766695
15,30,10.941247660982036
15,31,10.277474716647053
15,32,11.208039683525685
15,33,8.83437313651043
15,34,5.9750525168496065
15,35,6.2503428594117265
15,36,8.594720407119546
15,37,11.691803837621404
15,38,13.495093911279676
15,39,16.532245286275295
15,40,19.034895459736337
15,41,18.929667594913248
15,42,22.63674965119508
15,43,22.144474041144054
15,44,20.726331149190763
15,45,17.516013161780883
15,46,17.103486999455082
15,47,15.265843407796291
15,48,13.19086631347986
15,49,9.74484543832548
15,50,8.338781157502511
15,51,5.1924186874642855
15,52,7.264235477535847
15,53,9.479425119488324
15,54,9.157648812783563
15,55,10.170342292237669
15,56,10.638200873533744
15,57,13.666580249686866
15,58,14.01286624808847
15,59,17.672232457654754
15,60,19.231079171744216
15,61,23.030703999515282
15,62,24.20655240323983
15,63,27.725887411487093
16,1,11.156730958969494
16,2,9.081024873456155
16,3,9.889566606094277
16,4,12.276566685801994
16,5,13.390449262314844
16,6,17.107067678671957
16,7,17.92519545430859
16,8,21.531034002071735
16,9,22.447971232479446
16,10,19.241909431350972
16,11,16.549987706201243
16,12,12.924188153392379
16,13,10.296356403090478
16,14,6.931395462154679
16,15,3.8008252548094457
16,17,3.796575835738124
16,18,6.449826622137421
16,19,8.296766815577762
16,20,11.805100317090131
16,21,14.801133065680457
16,22,17.150595813161313
16,23,19.855198133075625
16,24,21.081371533913956
16,25,20.157946174477267
16,26,18.78314395855187
16,27,17.62822833401248
16,28,16.635510735810644
16,29,13.612333111521357
16,30,12.520501745623601
16,31,10.9357883102834
16,32,10.881043992623482
16,33,8.845760021764272
16,34,6.708455315245498
16,35,8.670673538093332
16,36,11.658800672902588
16,37,14.763219678569593
16,38,16.9957823183759
16,39,19.84641542423121
16,40,22.34782780072981
16,41,22.384959004127936
16,42,26.1407761182386
16,43,25.772392938564273
16,44,24.466309024455544
16,45,21.282748253708842
16,46,20.893074970598615
16,47,18.941198237057776
16,48,16.634301164570143
16,49,13.063955733851273
16,50,10.941230438677865
16,51,7.261109278086704
16,52,7.46306279198744
16,53,9.740658452188445
16,54,10.702688229519898
16,55,12.72317030659422
16,56,13.840909442511467
16,57,17.13294485796268
16,58,17.71128646862481
16,59,21.368416190799156
16,60,22.927075049191398
16,61,26.719033058919635
16,62,27.784996130418843
16,63,31.358244428214785
17,1,13.772161029386297
17,2,11.652281782301795
17,3,12.99364684282949
17,4,14.907144137277626
17,5,16.09120685963257
17,6,19.677440776113883
17,7,20.38695371885448
17,8,23.80457759116182
17,9,24.398620886995285
17,10,20.947118095599407
17,11,18.340568131905453
17,12,14.579850277425427
17,13,11.90809719704276
17,14,9.165956034605502
17,15,5.833531484780508
17,16,3.796575835738124
17,18,3.791539391795684
17,19,7.0687435905662745
17,20,10.288759017328612
17,21,13.713566493446265
17,22,16.251502698907544
17,23,19.289552041823836
17,24,20.93797186750203
17,25,20.1362986364976
17,26,18.164766843665564
17,27,17.384466101177416
17,28,16.057024378252954
17,29,12.6086014703992
17,30,11.918115911841015
17,31,9.379995393594605
17,32,9.793550936170288
17,33,9.126870736479844
17,34,6.422312685378971
17,35,9.292630269081112
17,36,11.845512414128605
17,37,15.355267366679472
17,38,17.682772997412258
17,39,20.67198433115626
17,40,23.614160818422164
17,41,24.067248585889566
17,42,27.696169421176315
17,43,26.857038529605752
17,44,25.731517774131348
17,45,22.272520825560147
17,46,21.742605407378424
17,47,19.365562757776683
17,48,16.92648964289808
17,49,13.150359288509033
17,50,10.764472935092023
17,51,7.49229426834896
17,52,6.324892432523722
17,53,9.985144252891184
17,54,11.68374234165736
17,55,13.498462148464835
17,56,15.173155939616734
17,57,18.286470079194125
17,58,19.157680219771393
17,59,22.909622917455863
17,60,24.63927648555295
17,61,28.433075828519147
17,62,29.70280650012919
17,63,33.10805487121609
18,1,14.13992558247733
18,2,11.614483191853479
18,3,13.31061258542224
18,4,14.490257069853557
18,5,15.982313424093437
18,6,19.325734635576364
18,7,20.313499537684272
18,8,23.527681775578984
18,9,23.532537856108696
18,10,19.86203354202602
18,11,17.147170706313222
18,12,13.496430612146822
18,13,10.682177917553181
18,14,9.063421561578984
18,15,6.182584599493698
18,16,6.449826622137421
18,17,3.791539391795684
18,19,3.8111756641143892
18,20,6.713765617718652
18,21,10.165635159392568
18,22,12.870576233066195
18,23,15.924941351001976
18,24,17.734715481912755
18,25,17.074728164024716
18,26,14.872795592573201
18,27,14.555902846482757
18,28,13.483975371593205
18,29,10.123911043156985
18,30,10.518744103891361
18,31,8.141551452852065
18,32,10.003559005425377
18,33,9.837856765566968
18,34,6.252004678223816
18,35,8.31396555615994
18,36,9.76157036085918
18,37,13.531836989652017
18,38,15.474751774213097
18,39,18.692434711429147
18,40,21.917915302909766
18,41,22.523355261034798
18,42,25.954965411139945
18,43,24.66620404688905
18,44,23.56357179852487
18,45,19.925390874541623
18,46,19.213644015281925
18,47,16.57459340682306
18,48,14.20325953652169
18,49,10.430079305150931
18,50,8.372383215219296
18,51,6.133179948213031
18,52,5.459531349020893
18,53,9.888566444561736
18,54,11.044487333413514
18,55,11.91444941020451
18,56,13.571820314459657
18,57,16.25336298941737
18,58,17.227781041915264
18,59,20.959281360940174
18,60,22.82655597250401
18,61,26.55909274808096
18,62,28.07826933992935
18,63,31.27859847449268
19,1,13.030434153096284
19,2,10.100037951604227
19,3,11.861367873785944
19,4,12.290870420044007
19,5,14.136543354483225
19,6,17.190618675390727
19,7,18.61438577850262
19,8,21.67755168590174
19,9,21.179429248970948
19,10,17.429234389538298
19,11,14.488053801186611
19,12,11.127201715627514
19,13,8.128020999967617
19,14,7.855512485018276
19,15,6.066071531651475
19,16,8.296766815577762
19,17,7.0687435905662745
19,18,3.8111756641143892
19,20,3.806176065305591
19,21,6.7190736315117245
19,22,9.583164315340156
19,23,12.339396740837723
19,24,13.967719958267374
19,25,13.378546259716718
19,26,11.449460422173772
19,27,11.430688889807096
19,28,11.137535145041777
19,29,8.446331740285071
19,30,9.879877120402258
19,31,8.750604671241348
19,32,11.454169194690715
19,33,10.80589543517262
19,34,6.993918161947007
19,35,7.163245330448115
19,36,7.267206140773232
19,37,11.054135703680004
19,38,12.32195924157709
19,39,15.79335983213787
19,40,19.031672333364902
19,41,19.47860227958061
19,42,22.769213909236257
19,43,21.276884260685872
19,44,20.023210881790767
19,45,16.332115880378986
19,46,15.465183144079868
19,47,12.786315544710131
19,48,10.586079013229554
19,49,6.863319999027469
19,50,5.724632375926257
19,51,4.904424926531204
19,52,6.308502280202996
19,53,10.040116323223675
19,54,9.915548236135013
19,55,9.588075652339741
19,56,10.675777423437994
19,57,12.894921418065556
19,58,13.76405098322591
19,59,17.43633840922297
19,60,19.371225735870283
19,61,23.049219077090676
19,62,24.74242459593577
19,63,27.830031539939224
20,1,14.493277421973891
20,2,11.969229239090494
20,3,14.22629960707793
20,4,14.275173797028394
20,5,16.535312901415793
20,6,19.23701130805473
20,7,21.02065922672241
20,8,23.84611218566797
20,9,22.804432116769235
20,10,19.037495907927084
20,11,16.015853671376313
20,12,13.185063935720187
20,13,10.242078499020904
20,14,11.013348830357558
20,15,9.511716125602854
20,16,11.805100317090131
20,17,10.288759017328612
20,18,6.713765617718652
20,19,3.806176065305591
20,21,3.797178525604294
20,22,6.23980559778861
20,23,9.416363260504149
20,24,11.763667863404446
20,25,11.987280239722478
20,26,10.035824449571365
20,27,11.27373692764675
20,28,11.762892757817765
20,29,9.773995288789672
20,30,12.271677034506563
20,31,11.351751561029161
20,32,14.54508912318494
20,33,14.32051224348629
20,34,10.577453186237761
20,35,10.286838462687138
20,36,9.13964066505842
20,37,12.576824638142057
20,38,12.904912837443398
20,39,16.5310543575805
20,40,19.856188845413126
20,41,20.22997867483845
20,42,23.152381928741356
20,43,21.14633757523069
20,44,19.703463586955504
20,45,15.934276362852644
20,46,14.440722657468875
20,47,11.204080013910831
20,48,8.783316415128263
20,49,5.598234247423572
20,50,4.931292735077991
20,51,6.502718154344196
20,52,7.552143138923153
20,53,10.714521194690962
20,54,10.324696654792032
20,55,9.06837616809456
20,56,10.463072686054561
20,57,12.008468863723685
20,58,13.448288502949724
20,59,16.915131130969314
20,60,19.23944877086203
20,61,22.70867692701774
20,62,24.84996701406345
20,63,27.638684941652443
21,1,15.93474326071628
21,2,13.270589839836704
21,3,15.171898204694314
21,4,14.32499522761996
21,5,16.544552250619983
21,6,18.63665481206455
21,7,20.61803480595232
21,8,23.04190671885772
21,9,21.430432884809893
21,10,17.751948422232086
21,11,14.86204484199905
21,12,12.754520691154836
21,13,10.392842494618776
21,14,12.350311127746915
21,15,11.903817917916921
21,16,14.801133065680457
21,17,13.713566493446265
21,18,10.165635159392568
21,19,6.7190736315117245
21,20,3.797178525604294
21,22,3.7905067381353614
21,23,5.9739248338012
21,24,8.128246413959955
21,25,8.557487513077119
21,26,6.819597390385781
21,27,8.948834304124967
21,28,10.44690484726764
21,29,9.702353648458546
21,30,12.909859491461846
21,31,12.963094053314412
21,32,16.45985094309144
21,33,16.144941058508337
21,34,12.68513687482252
21,35,11.365236429401385
21,36,8.97763832514406
21,37,11.60567051532794
21,38,10.95038945720778
21,39,14.508014751057724
21,40,17.781476372446082
21,41,18.16901082149997
21,42,20.693229402556145
21,43,18.30297090569795
21,44,16.887161140221114
21,45,13.140711535630812
21,46,11.515387336767237
21,47,8.24174422108121
21,48,6.653847424722404
21,49,4.851167065620473
21,50,6.573242449311084
21,51,9.22164793244001
21,52,11.050514044246539
21,53,13.543598288207026
21,54,12.278652971765931
21,55,9.8901741407849
21,56,10.240224519816332
21,57,10.54334732338342
21,58,11.62373595396759
21,59,14.653257081405156
21,60,16.89038168201286
21,61,20.10373621077251
21,62,22.398197592091968
21,63,24.881010552619003
22,1,16.128737757073402
22,2,14.156939670910408
22,3,16.5341243633089
22,4,15.798891602378717
22,5,18.536282238690518
22,6,20.475451257629302
22,7,22.923560938118246
22,8,25.319109135232154
22,9,23.479533460115928
22,10,19.98465624727886
22,11,16.88816661485446
22,12,15.249990964865118
22,13,12.685209261950456
22,14,14.851691438699289
22,15,14.254588732991111
22,16,17.150595813161313
22,17,16.251502698907544
22,18,12.870576233066195
22,19,9.583164315340156
22,20,6.23980559778861
22,21,3.7905067381353614
22,23,3.8406036353416497
22,24,7.280797814465507
22,25,9.344380678037254
22,26,8.803406880353245
22,27,11.639239906800862
22,28,13.79688553467834
22,29,13.438476247519956
22,30,16.640608469340364
22,31,16.68243474921795
22,32,20.110276360788394
22,33,19.617612839794415
22,34,16.05770172116615
22,35,14.67353357591958
22,36,12.311303167928958
22,37,14.631243093191275
22,38,13.234965100152067
22,39,16.756627307619084
22,40,19.663482676678786
22,41,19.511575578765022
22,42,21.725462630749348
22,43,19.20713742503589
22,44,17.244616339709218
22,45,13.766042607336992
22,46,11.186928057250384
22,47,7.4701288418875915
22,48,5.288146403803733
22,49,5.3225408630809925
22,50,6.99188820263338
22,51,10.550640333287097
22,52,12.25988525067849
22,53,13.67601800973159
22,54,12.048103287169932
22,55,9.099563266792698
22,56,9.68365139825021
22,57,9.375120300561326
22,58,11.360520692723146
22,59,14.020656618260567
22,60,16.827505101232568
22,61,19.755754954310405
22,62,22.554434854391406
22,63,24.827834642804614
23,1,17.986709210231883
23,2,15.886670127702397
23,3,17.727031662200492
23,4,16.22942360558462
23,5,18.74052690666849
23,6,20.007416905419905
23,7,22.55570192503191
23,8,24.495372276517774
23,9,22.169748431045644
23,10,18.940113771433747
23,11,16.133914795956194
23,12,15.329607378529078
23,13,13.492851993772852
23,14,16.37714744770531
23,15,16.588672117693523
23,16,19.855198133075625
23,17,19.289552041823836
23,18,15.924941351001976
23,19,12.339396740837723
23,20,9.416363260504149
23,21,5.9739248338012
23,22,3.8406036353416497
23,24,3.8005505048330246
23,25,6.777299094402263
23,26,7.383342824657379
23,27,10.664580055934834
23,28,13.60674155936361
23,29,14.296235900865577
23,30,17.691628014316592
23,31,18.469041110435125
23,32,21.97349700963062
23,33,21.341108913293358
23,34,18.088456887971343
23,35,16.036567232801186
23,36,13.040923902172736
23,37,14.420686308713067
23,38,12.15225179724852
23,39,15.262934805967777
23,40,17.84745850721899
23,41,17.619250292428326
23,42,19.298331832567044
23,43,16.472824114060508
23,44,14.520451154528015
23,45,11.332379013919795
23,46,8.607561994396711
23,47,5.275071808952002
23,48,5.190855473791451
23,49,7.16575551444118
23,50,10.004926944804925
23,51,13.512779698368927
23,52,15.737453884053192
23,53,16.954891727523673
23,54,14.78884186813871
23,55,11.352585297249963
23,56,10.737090740833347
23,57,9.041117462930229
23,58,10.259316627872714
23,59,12.061940865824132
23,60,14.617399111016718
23,61,17.111485089349912
23,62,20.024136972147232
23,63,21.90976599493112
24,1,18.93219273931037
24,2,16.53945199878303
24,3,17.640013064651683
24,4,15.407856575272643
24,5,17.471473424165712
24,6,18.066084533637312
24,7,20.573504547260324
24,8,22.06685907025792
24,9,19.38390534947835
24,10,16.441772947075833
24,11,14.012956613282844
24,12,14.027155325285447
24,13,13.061419576354792
24,14,16.468741196238593
24,15,17.521023639237836
24,16,21.081371533913956
24,17,20.93797186750203
24,18,17.734715481912755
24,19,13.967719958267374
24,20,11.763667863404446
24,21,8.128246413959955
24,22,7.280797814465507
24,23,3.8005505048330246
24,25,3.810502560432716
24,26,6.154646504178791
24,27,9.030352768205184
24,28,12.566181726394502
24,29,14.177921306668136
24,30,17.445905624018096
24,31,18.98074903179855
24,32,22.373599311976722
24,33,21.48305724976601
24,34,18.661238830710246
24,35,15.987016075609661
24,36,12.606120105006058
24,37,12.959502697502147
24,38,9.974435953786658
24,39,12.554321826275682
24,40,14.758015815113321
24,41,14.503843399533288
24,42,15.799030300620137
24,43,12.814550933360454
24,44,10.988829673365647
24,45,8.009191061340864
24,46,5.651135187673651
24,47,3.7132755111162807
24,48,6.26304189693042
24,49,8.716011209276767
24,50,12.228195301284522
24,51,15.36756805115622
24,52,18.121612815323697
24,53,19.368673836560077
24,54,16.81426820957405
24,55,13.244615764729682
24,56,11.5506260391003
24,57,9.067226968797526
24,58,8.873545526749833
24,59,9.85522406440932
24,60,11.747889734451517
24,61,13.971223057872166
24,62,16.719973244756265
24,63,18.40792990969917
25,1,19.309504399598925
25,2,16.370049925963972
25,3,16.759457345894962
25,4,14.074538091157324
25,5,15.402686868806601
25,6,15.706670132162506
25,7,17.758657943127776
25,8,19.001192191550153
25,9,16.261229767456786
25,10,13.24592362024439
25,11,11.26999783487259
25,12,11.48334484820138
25,13,11.383771076022521
25,14,14.912632097702334
25,15,16.551813642181035
25,16,20.157946174477267
25,17,20.1362986364976
25,18,17.074728164024716
25,19,13.378546259716718
25,20,11.987280239722478
25,21,8.557487513077119
25,22,9.344380678037254
25,23,6.777299094402263
25,24,3.810502560432716
25,26,3.7985577301185662
25,27,5.636256534749991
25,28,9.383376480614224
25,29,11.623779099604324
25,30,14.705989116026055
25,31,16.79479476148184
25,32,20.050537886235748
25,33,19.143010434528453
25,34,16.78268520228789
25,35,13.787324428606826
25,36,10.152043048720156
25,37,9.732627295922372
25,38,6.620782415532652
25,39,8.9209848421158
25,40,11.422067383525185
25,41,11.827531410315396
25,42,13.301161360239798
25,43,10.281717974676068
25,44,9.303928669845657
25,45,5.940043785748517
25,46,5.612333205157115
25,47,5.231671606866868
25,48,8.100510773571996
25,49,9.424940835132377
25,50,13.052329352326632
25,51,15.519240481354231
25,52,18.470551743879472
25,53,20.272170299776747
25,54,17.829576649739753
25,55,14.577927618105345
25,56,12.531745511607319
25,57,10.48843189729304
25,58,9.074105578695692
25,59,10.158196953652027
25,60,10.990356033023033
25,61,13.4214053548919
25,62,15.435379836448389
25,63,17.286761797239897
26,1,19.96420752585084
26,2,16.762706611467692
26,3,17.32086238471616
26,4,15.038852183098223
26,5,16.133128584380845
26,6,16.95635868853561
26,7,18.476517768875926
26,8,19.907028889236592
26,9,17.52905582006528
26,10,14.165596240826929
26,11,12.354591704521301
26,12,11.593867757014428
26,13,11.300464424838776
26,14,14.28998558147825
26,15,15.491735188429951
26,16,18.78314395855187
26,17,18.164766843665564
26,18,14.872795592573201
26,19,11.449460422173772
26,20,10.035824449571365
26,21,6.819597390385781
26,22,8.803406880353245
26,23,7.383342824657379
26,24,6.154646504178791
26,25,3.7985577301185662
26,27,3.787007335202245
26,28,6.753803787099176
26,29,8.68407172591742
26,30,12.17925734949101
26,31,13.928766857500142
26,32,17.41448573436753
26,33,17.11338525808672
26,34,14.698823106848577
26,35,12.200651783626721
26,36,8.530245495193443
26,37,8.801736128163155
26,38,7.038999150773288
26,39,9.547574036028841
26,40,12.845765349555249
26,41,14.067372249625084
26,42,15.870383605501456
26,43,12.938506085213387
26,44,12.6212313840545
26,45,9.15318605014957
26,46,9.162003788865489
26,47,7.8235301989821835
26,48,9.386828602610395
26,49,9.376288062768435
26,50,12.467436962382541
26,51,14.6205540316736
26,52,17.08199650980045
26,53,19.64533824893354
26,54,17.824325756985402
26,55,15.00696506951088
26,56,13.716520386066351
26,57,12.566157263457155
26,58,11.661114283472855
26,59,13.481607611191533
26,60,14.367086209233824
26,61,17.01668172628356
26,62,18.74110095339192
26,63,20.686925327021957
27,1,19.73327623516204
27,2,16.19189960762282
27,3,15.980978334597909
27,4,13.41397027432557
27,5,13.696136985240562
27,6,14.31549089907251
27,7,15.303385737879582
27,8,16.60641805410705
27,9,14.435683252507612
27,10,10.986808841920405
27,11,9.661990262785881
27,12,8.914985838286416
27,13,9.635220345478709
27,14,12.505456956255337
27,15,14.377775637594493
27,16,17.62822833401248
27,17,17.384466101177416
27,18,14.555902846482757
27,19,11.430688889807096
27,20,11.27373692764675
27,21,8.948834304124967
27,22,11.639239906800862
27,23,10.664580055934834
27,24,9.030352768205184
27,25,5.636256534749991
27,26,3.787007335202245
27,28,3.7991796015068715
27,29,6.624390737471166
27,30,9.497223230214587
27,31,12.041424909006581
27,32,15.147811189055046
27,33,14.582923198500499
27,34,12.811655297670843
27,35,9.909623994328529
27,36,6.211438216677974
27,37,5.35364070355403
27,38,4.282349297785952
27,39,6.449407658715377
27,40,10.105860807458438
27,41,11.909683913758485
27,42,14.088035736776195
27,43,11.685514702603271
27,44,12.00369021031937
27,45,8.689814391149275
27,46,10.025225438813672
27,47,9.619398718437346
27,48,11.258758109336577
27,49,10.603360898783887
27,50,13.51665716490944
