1,2,3.7681017861620645
1,3,6.545427095208455
1,4,9.169025564151221
1,5,12.434568721732187
1,6,15.537442947080677
1,7,18.73602127144681
1,8,21.416203315374197
1,9,25.07149019890144
1,10,25.298471033736018
1,11,22.73779314184636
1,12,19.229015335532402
1,13,16.96245337371852
1,14,13.674588024453787
1,15,12.560683827934765
1,16,11.143104719265555
1,17,11.89657754170226
1,18,13.823262309246793
1,19,15.483394190956803
1,20,14.566432452226742
1,21,15.47815484656457
1,22,17.409308878876548
1,23,17.47653862257232
1,24,19.82994709260804
1,25,21.202168778605493
1,26,21.954192772073945
1,27,22.20709955690837
1,28,22.119212061794265
1,29,23.150304775579972
1,30,21.40012653084115
1,31,21.785445796713063
1,32,21.390226570080177
1,33,22.278533036694675
1,34,19.626968445146804
1,35,17.102255213564494
1,36,16.67943839460045
1,37,17.806470326552304
1,38,20.32839162653337
1,39,20.41241477760111
1,40,23.570821956822943
1,41,25.252874740296676
1,42,23.62163972568293
1,43,27.09452759763915
1,44,26.93346942420659
1,45,24.191935982135718
1,46,21.57970474764108
1,47,19.896464127537392
1,48,17.992973400328896
1,49,15.11250512049038
1,50,13.282493163314621
1,51,11.091263318846101
1,52,9.846527712197231
1,53,10.763068592672903
1,54,7.808965240020163
1,55,6.038751113402188
1,56,8.626585864410604
1,57,9.757008726611454
1,58,13.269662691122193
1,59,15.10844143283972
1,60,18.21464165611089
1,61,20.766482125583895
1,62,24.155482317641596
1,63,26.054570902867813
1,64,29.55977664615148
1,65,31.160050892095203
1,66,30.163124253339284
2,1,3.7681017861620645
2,3,3.777631952640532
2,4,6.277220212013813
2,5,9.039727487883496
2,6,12.397861945508454
2,7,15.364857190108015
2,8,18.307335324466194
2,9,21.85755876823212
2,10,21.835417436060936
2,11,19.346761312345187
2,12,15.789265394412492
2,13,13.877701317928754
2,14,10.808848479597403
2,15,10.426674158048106
2,16,10.021004466063049
2,17,11.87168210669103
2,18,13.879215675803348
2,19,14.980977819464554
2,20,13.289453451077785
2,21,14.275529448709259
2,22,15.552837645877666
2,23,15.709037853421682
2,24,17.53596836639827
2,25,18.38766432389081
2,26,18.92329994477946
2,27,19.532484260930772
2,28,19.29668423958667
2,29,20.628628666669993
2,30,19.345079256820533
2,31,19.868393324888086
2,32,20.08821411669531
2,33,21.1825987026943
2,34,18.311953322558672
2,35,15.87405330086342
2,36,14.668842645522963
2,37,15.365643645326998
2,38,17.461959258639084
2,39,17.20625997427073
2,40,20.24555719393434
2,41,21.722987591417766
2,42,19.9361833981382
2,43,23.36671636097587
2,44,23.283692534588024
2,45,20.51332079067527
2,46,18.028861952306418
2,47,16.501696349802028
2,48,14.972361419675435
2,49,12.537763445045055
2,50,11.065966145353881
2,51,9.865484905769046
2,52,9.336644481354908
2,53,11.510795774348994
2,54,9.406293971704107
2,55,6.324133160398286
2,56,7.222998833629418
2,57,6.933350242736975
2,58,10.230956108068689
2,59,11.586689661508784
2,60,14.641540207737608
2,61,17.045795259378426
2,62,20.462012549095537
2,63,22.299876144118947
2,64,25.822691488583686
2,65,27.394944883562115
2,66,26.412072554083608
3,1,6.545427095208455
3,2,3.777631952640532
3,4,3.7854012296849793
3,5,6.4199919595511865
3,6,9.731765942285262
3,7,12.992954964877308
3,8,15.685331972300572
3,9,19.271933319550488
3,10,19.226734430785452
3,11,16.401279349388044
3,12,12.846026660218637
3,13,10.465058396383709
3,14,7.180498116618378
3,15,6.787599228468176
3,16,6.716857413435376
3,17,9.314977772323527
3,18,11.209401859789235
3,19,12.004264761074898
3,20,10.110538837454905
3,21,11.663083308179214
3,22,12.941931502789817
3,23,13.865930548531072
3,24,15.69261423761789
3,25,16.32763656401537
3,26,16.305938878948464
3,27,16.529504900254246
3,28,15.940550349316362
3,29,17.00147012785911
3,30,15.641213978072665
3,31,16.104177593553498
3,32,16.471247388628004
3,33,17.67536712695999
3,34,14.840755874992254
3,35,12.344982541921569
3,36,10.916405727442344
3,37,11.644030398241739
3,38,13.859872505914055
3,39,13.96159772386138
3,40,17.060494772696572
3,41,18.871862306614922
3,42,17.566188210644594
3,43,21.173580986486584
3,44,20.91355936982912
3,45,18.546722016289042
3,46,15.733387312061598
3,47,14.682756124675231
3,48,13.103143386656598
3,49,10.936499369467342
3,50,8.788791415994815
3,51,7.96045108302909
3,52,7.110605630957162
3,53,10.110818890695795
3,54,9.64173292881809
3,55,6.722259028268068
3,56,6.878843300377988
3,57,6.149201620565959
3,58,9.456224337206532
3,59,10.165253243875446
3,60,13.614541726185157
3,61,15.69993672038408
3,62,19.381665796514785
3,63,20.973946170643742
3,64,24.56803909783962
3,65,25.66770602936458
3,66,24.565777238483278
4,1,9.169025564151221
4,2,6.277220212013813
4,3,3.7854012296849793
4,5,3.797150535086517
4,6,6.394021786297225
4,7,9.8057324531435
4,8,12.29550407367596
4,9,15.966506324041793
4,10,16.351323266961877
4,11,13.842277027688526
4,12,10.626925464494267
4,13,8.47890170036391
4,14,6.266305049568941
4,15,5.5294664555154815
4,16,7.317925107760187
4,17,9.868971190369804
4,18,12.451116140817243
4,19,13.491688608314503
4,20,11.712552777306417
4,21,13.939819570955965
4,22,14.869247299138296
4,23,16.28509331865944
4,24,17.588096624454348
4,25,17.47660198716644
4,26,16.723313706764866
4,27,17.09343038808345
4,28,15.721122780411596
4,29,16.520961780389953
4,30,15.420947542190477
4,31,15.218032545693893
4,32,16.160328514586077
4,33,16.82726729139262
4,34,13.504265866957994
4,35,11.876048521444508
4,36,9.976855268922064
4,37,11.141133893850286
4,38,12.583860085816632
4,39,13.007063364336497
4,40,15.507493817860448
4,41,16.874846673731092
4,42,15.575303789894202
4,43,19.296166491624135
4,44,19.605408021091268
4,45,17.559694969486372
4,46,15.124987897597476
4,47,14.937738521725844
4,48,14.208717828374288
4,49,12.944096026245415
4,50,11.05414768328056
4,51,11.031000855426907
4,52,9.980613171879089
4,53,13.1012945555499
4,54,13.21961934192795
4,55,10.497556124242292
4,56,10.387862891243838
4,57,8.707113472210263
4,58,11.160445055825976
4,59,10.554343283513234
4,60,13.567672039475687
4,61,14.773816230115957
4,62,18.39338611207569
4,63,19.33716416262703
4,64,23.081677927568105
4,65,23.956979401746974
4,66,22.37529742084357
5,1,12.434568721732187
5,2,9.039727487883496
5,3,6.4199919595511865
5,4,3.797150535086517
5,6,3.8030855616347528
5,7,6.6114545724577685
5,8,9.602940485582682
5,9,13.027084039940943
5,10,12.891010285494534
5,11,10.373841547391681
5,12,7.027947774429127
5,13,5.710364789306818
5,14,4.803108583916205
5,15,6.135630717431835
5,16,9.139284860754913
5,17,12.315423560793954
5,18,14.387539830376417
5,19,14.608250095613093
5,20,12.166760999029187
5,21,14.176950556482726
5,22,14.181641323285803
5,23,15.676827026016417
5,24,16.20130424966488
5,25,15.332158258653196
5,26,14.11546388984872
5,27,14.918665388858168
5,28,13.271368888028896
5,29,14.462963512543629
5,30,14.18311235533816
5,31,14.234633326767204
5,32,16.01745210019471
5,33,16.990779980324803
5,34,13.739746028228012
5,35,12.392010691520907
5,36,9.484640826096536
5,37,9.67223539154147
5,38,10.099430519682807
5,39,9.956466938950088
5,40,12.12972031982519
5,41,13.199656299817804
5,42,11.778262942214646
5,43,15.504131482233204
5,44,15.893380048601122
5,45,13.979682283363168
5,46,11.742984169941185
5,47,12.124442855032266
5,48,12.135142732538572
5,49,11.868734344250422
5,50,10.668374530958248
5,51,11.903586779798571
5,52,11.752133479489279
5,53,15.324960543778104
5,54,15.805661463710575
5,55,12.768379713989413
5,56,11.549691292326445
5,57,8.87370196145349
5,58,10.090480674824681
5,59,8.281763351229838
5,60,10.878236054851799
5,61,11.477974651293477
5,62,15.098947569103656
5,63,15.815631153017954
5,64,19.555497587786416
5,65,20.241806979681396
5,66,18.66717916516198
6,1,15.537442947080677
6,2,12.397861945508454
6,3,9.731765942285262
6,4,6.394021786297225
6,5,3.8030855616347528
6,7,3.7726640230897703
6,8,5.965337505434885
6,9,9.588516834404103
6,10,10.160619508362663
6,11,7.989829513241639
6,12,5.70716111963615
6,13,4.93791284595401
6,14,6.324693887501626
6,15,6.977382455016351
6,16,10.684481130258993
6,17,13.425957751722674
6,18,15.710979932352599
6,19,16.086105368648596
6,20,14.037583522318373
6,21,16.543993765343455
6,22,16.487690107455457
6,23,18.478077419412475
6,24,18.756246921185557
6,25,17.41866199466987
6,26,15.462403004705356
6,27,16.06764807168421
6,28,13.617004933772458
6,29,14.198349264054169
6,30,14.126220936441609
6,31,13.383063798088603
6,32,15.6575625534414
6,33,16.038470438475837
6,34,12.593977091974569
6,35,12.316416166522394
6,36,9.298405613677488
6,37,9.951732860300842
6,38,9.36777152416814
6,39,9.959557551830365
6,40,11.070149153736843
6,41,11.665478890136677
6,42,10.737897833055094
6,43,14.48206536007369
6,44,15.453199956372092
6,45,14.315249616700427
6,46,12.556681542396568
6,47,13.98416049782361
6,48,14.60311315113649
6,49,14.945113563455875
6,50,13.681977066453545
6,51,15.03938532727734
6,52,14.495716309232677
6,53,17.961934756392164
6,54,18.992422937672078
6,55,16.240641237826708
6,56,15.2006093034141
6,57,12.598490560934879
6,58,13.486696843231666
6,59,11.061024308618556
6,60,12.999746730636351
6,61,12.513239022294451
6,62,15.801973247894102
6,63,15.605781924139531
6,64,19.339406740606485
6,65,19.48761447151242
6,66,17.31446226211294
7,1,18.73602127144681
7,2,15.364857190108015
7,3,12.992954964877308
7,4,9.8057324531435
7,5,6.6114545724577685
7,6,3.7726640230897703
7,8,3.808164201338567
7,9,6.6550451728429385
7,10,6.827764565101385
7,11,5.6734870046997905
7,12,4.7102295409556705
7,13,6.4537728229851385
7,14,9.062756402198625
7,15,10.495645996549666
7,16,14.266367119029272
7,17,17.10444567293985
7,18,19.207066432868217
7,19,19.23255100976644
7,20,16.9085723886045
7,21,19.115557702780585
7,22,18.423797102624672
7,23,20.24697821038669
7,24,19.83675173155587
7,25,17.821041758324057
7,26,15.543372300725052
7,27,16.68710056262883
7,28,14.067087715224309
7,29,14.957669535919937
7,30,15.745639088587685
7,31,15.11699370932612
7,32,17.968144605349416
7,33,18.392890287451394
7,34,15.150440920874527
7,35,15.266377039539131
7,36,11.952735131705003
7,37,11.866692618733557
7,38,10.069626646406695
7,39,9.95426461095072
7,40,9.876080456492927
7,41,9.271427920758597
7,42,7.98950243302189
7,43,11.46776538813735
7,44,13.124301586508839
7,45,12.352655842214151
7,46,11.51312988322896
7,47,13.670884044921472
7,48,15.224933105783824
7,49,16.411820796334542
7,50,15.864799842611562
7,51,17.83624885347306
7,52,17.791112300600613
7,53,21.390735197906306
7,54,22.337988435225
7,55,19.356223196039636
7,56,17.84749657957661
7,57,14.780060599078245
7,58,14.78302871765207
7,59,11.639547604405273
7,60,12.513065815531615
7,61,10.946440584024597
7,62,13.67426014656902
7,63,12.741274022069062
7,64,16.384222897113794
7,65,16.31169184097708
7,66,13.824241604686069
8,1,21.416203315374197
8,2,18.307335324466194
8,3,15.685331972300572
8,4,12.29550407367596
8,5,9.602940485582682
8,6,5.965337505434885
8,7,3.808164201338567
8,9,3.7778256474241423
8,10,5.797158285025679
8,11,5.440924088710913
8,12,6.58704941825624
8,13,7.881583802794924
8,14,11.076120217707075
8,15,11.799445406512001
8,16,15.614021820617578
8,17,17.98534538457479
8,18,20.10496436481202
8,19,20.27086826517007
8,20,18.42066731447118
8,21,21.027563081966438
8,22,20.511998545670583
8,23,22.79586013901282
8,24,22.46001505195382
8,25,20.376043926737097
8,26,17.629480638291582
8,27,18.26890757707803
8,28,15.106110035677801
8,29,15.173185835239583
8,30,15.906959907495905
8,31,14.522281194216543
8,32,17.553747102961886
8,33,17.385918884126763
8,34,14.257331869354683
8,35,15.302177093817363
8,36,12.31357651614557
8,37,12.726909642490732
8,38,10.492914646591572
8,39,11.354423167408083
8,40,10.383931540840758
8,41,9.61327380721001
8,42,9.557591376893946
8,43,12.606689825063347
8,44,14.497449486289787
8,45,14.657205346465975
8,46,13.977113439004375
8,47,16.636878145171632
8,48,18.17423155220662
8,49,19.444129348513464
8,50,18.538002750187708
8,51,20.353620650991505
8,52,19.880662008595042
8,53,23.31005660465202
8,54,24.783502278877563
8,55,22.124646134239637
8,56,20.87681769157867
8,57,18.07776971881198
8,58,18.261900654700714
8,59,15.14324141511317
8,60,16.014332445737097
8,61,14.12391393130059
8,62,16.51070313542723
8,63,14.951910835145245
8,64,18.293907674412562
8,65,17.535150838722295
8,66,14.571649027717045
9,1,25.07149019890144
9,2,21.85755876823212
9,3,19.271933319550488
9,4,15.966506324041793
9,5,13.027084039940943
9,6,9.588516834404103
9,7,6.6550451728429385
9,8,3.7778256474241423
9,10,3.7921231735483443
9,11,5.747302637567474
9,12,8.55580623566037
9,13,10.720079018446267
9,14,14.264311149642836
9,15,15.324424578522144
9,16,19.129880229542724
9,17,21.526069510144968
9,18,23.445560602998874
9,19,23.344540323346024
9,20,21.40994920908021
9,21,23.84989892799447
9,22,22.947618079526997
9,23,25.209887748237783
9,24,24.42892566739026
9,25,21.91384568140883
9,26,18.88718781436099
9,27,19.70365494386467
9,28,16.42865851092858
9,29,16.484664971585627
9,30,17.823286940274173
9,31,16.475540852567345
9,32,19.8300539568915
9,33,19.64314662108975
9,34,16.88844129309416
9,35,18.241676957253766
9,36,15.221971408763604
9,37,15.192311818480988
9,38,12.279045042149829
9,39,12.82208977841037
9,40,10.742156980083232
9,41,8.912780676267207
9,42,9.33406534566139
9,43,11.422185845980742
9,44,13.828328131426552
9,45,14.77286222596941
9,46,14.87042509098303
9,47,18.039582341927076
9,48,20.09378244838916
9,49,21.895373829704006
9,50,21.34903431215322
9,51,23.504180918962042
9,52,23.28055621342255
9,53,26.763575203945877
9,54,28.33744452287802
9,55,25.60920525028918
9,56,24.099016845758097
9,57,21.12180127885655
9,58,20.822620605881802
9,59,17.40371970656553
9,60,17.61713567847847
9,61,15.049449467965612
9,62,16.714369118761578
9,63,14.414676274940494
9,64,17.266469406511316
9,65,15.918940367573548
9,66,12.596357301622717
10,1,25.298471033736018
10,2,21.835417436060936
10,3,19.226734430785452
10,4,16.351323266961877
10,5,12.891010285494534
10,6,10.160619508362663
10,7,6.827764565101385
10,8,5.797158285025679
10,9,3.7921231735483443
10,11,3.807384466019012
10,12,7.043098404025544
10,13,10.184077950981647
10,14,13.805047675320163
10,15,15.760037651799543
10,16,19.518844157968523
10,17,22.394734982572913
10,18,23.91205435553596
10,19,23.258693339797194
10,20,20.84222442311677
10,21,22.77806827953012
10,22,21.31576994789874
10,23,23.3014699927703
10,24,22.03742279241186
10,25,19.179514076278597
10,26,16.122572032903967
10,27,17.36334393561876
10,28,14.361970967088547
10,29,15.078779638229646
10,30,17.08831677484066
10,31,16.52724972197242
10,32,20.107300980947713
10,33,20.613236240885133
10,34,18.119782682136314
10,35,18.867056661886238
10,36,15.44010822333545
10,37,14.473950641546594
10,38,11.16096451745345
10,39,10.705079927778849
10,40,8.160719050695432
10,41,5.499302713079032
10,42,5.88517773107941
10,43,7.698529477028323
10,44,10.084822686759956
10,45,11.290694380523826
10,46,11.779909562711692
10,47,15.205817597870388
10,48,17.64511385515676
10,49,19.93872118186455
10,50,19.927906128563244
10,51,22.569199979830753
10,52,22.95045171513797
10,53,26.602753438102315
10,54,28.086210023684387
10,55,25.15943110009892
10,56,23.138975490704155
10,57,19.951931473396755
10,58,19.03597404672035
10,59,15.41345211473213
10,60,15.130385484352034
10,61,12.246585290106516
10,62,13.631370419215504
10,63,11.317991424736674
10,64,14.009088552936532
10,65,12.458261967240354
10,66,9.436625829624802
11,1,22.73779314184636
11,2,19.346761312345187
11,3,16.401279349388044
11,4,13.842277027688526
11,5,10.373841547391681
11,6,7.989829513241639
11,7,5.6734870046997905
11,8,5.440924088710913
11,9,5.747302637567474
11,10,3.807384466019012
11,12,3.7924699301327554
11,13,6.66018703221406
11,14,10.362795468938929
11,15,12.540878744655057
11,16,16.177714535504037
11,17,19.194950234897398
11,18,20.424584401713833
11,19,19.560491011943082
11,20,17.098279318527425
11,21,19.04631859395004
11,22,17.67696334840509
11,23,19.876846240012597
11,24,18.886093350830297
11,25,16.311213830361197
11,26,13.170238247387926
11,27,14.014855123102564
11,28,10.885993226245969
11,29,11.56873078130859
11,30,13.428049201095693
11,31,13.116998316509209
11,32,16.655579281937978
11,33,17.515096011270362
11,34,15.112939036476979
11,35,15.451243436403379
11,36,11.896191381365727
11,37,10.683667908883423
11,38,7.403197992636904
11,39,7.170808105286757
11,40,5.1962720714844295
11,41,4.334556188957666
11,42,5.43645727885533
11,43,8.512422499826657
11,44,9.569186804417619
11,45,10.386014212061205
11,46,9.649833722195968
11,47,12.915451555631556
11,48,14.796419457086968
11,49,16.841894337815514
11,50,16.49843534516696
11,51,19.091544855461805
11,52,19.46013156846732
11,53,23.08829755159655
11,54,24.82379287261498
11,55,22.055858428656833
11,56,20.034295851264204
11,57,17.085753539206955
11,58,16.40832938790466
11,59,13.012704816706517
11,60,13.470901519109928
11,61,11.313514185146154
11,62,13.579615854473506
11,63,12.255843209539124
11,64,15.266371145395887
11,65,13.994726332556159
11,66,11.718737636983237
12,1,19.229015335532402
12,2,15.789265394412492
12,3,12.846026660218637
12,4,10.626925464494267
12,5,7.027947774429127
12,6,5.70716111963615
12,7,4.7102295409556705
12,8,6.58704941825624
12,9,8.55580623566037
12,10,7.043098404025544
12,11,3.7924699301327554
12,13,3.8105180771079534
12,14,7.022762138792736
12,15,9.737309571792977
12,16,13.258868236225172
12,17,16.582235539942673
12,18,17.800769028177104
12,19,16.92819281392869
12,20,14.17305171766848
12,21,15.964346588810475
12,22,14.707001917040008
12,23,16.705897023004596
12,24,15.998359961784464
12,25,13.790920736685788
12,26,11.118754726586403
12,27,12.107656501565463
12,28,9.450207106935391
12,29,10.745950452024097
12,30,12.127561539635472
12,31,12.352178935454965
12,32,15.482460453165658
12,33,16.746680738967097
12,34,14.129813303196379
12,35,13.632479983834589
12,36,9.891496648184347
12,37,8.474301891829493
12,38,6.113736061802341
12,39,5.273103111041799
12,40,5.595339459588696
12,41,6.276132504359897
12,42,5.940566231403733
12,43,9.71937950135338
12,44,10.067430580889978
12,45,9.582884702434592
12,46,7.829278972972762
12,47,10.34408352594818
12,48,11.745324951246499
12,49,13.387692543352902
12,50,12.968112345520094
12,51,15.526230071077814
12,52,16.05722056991869
12,53,19.77311999148424
12,54,21.22902913781616
12,55,18.348842199798497
12,56,16.265158028052564
12,57,13.300960647479544
12,58,12.804157073200685
12,59,9.58645946072224
12,60,10.712095722332295
12,61,9.433855633617544
12,62,12.510133671965644
12,63,12.211616617339526
12,64,15.604242501655696
12,65,15.132264805084404
12,66,13.41828106727823
13,1,16.96245337371852
13,2,13.877701317928754
13,3,10.465058396383709
13,4,8.47890170036391
13,5,5.710364789306818
13,6,4.93791284595401
13,7,6.4537728229851385
13,8,7.881583802794924
13,9,10.720079018446267
13,10,10.184077950981647
13,11,6.66018703221406
13,12,3.8105180771079534
13,14,3.807228603509984
13,15,6.158301512456256
13,16,9.618784148689794
13,17,12.886067473269566
13,18,14.0315081588561
13,19,13.321408169427356
13,20,10.869897854080998
13,21,13.197064165714842
13,22,12.685740291561487
13,23,15.177091079340618
13,24,15.321704898708267
13,25,13.93685446350185
13,26,11.500340948188969
13,27,11.491154805431599
13,28,8.789263087461123
13,29,9.311406267912723
13,30,9.557317838589206
13,31,9.53574558127167
13,32,12.21736930330095
13,33,13.49547547551331
13,34,10.787342092764009
13,35,9.92147126396828
13,36,6.203533806257178
13,37,5.431235105367116
13,38,4.567587988965615
13,39,5.566932077891762
13,40,7.412878369880931
13,41,9.439903033946612
13,42,9.672000523591764
13,43,13.406107682271072
13,44,13.242674023284176
13,45,12.599612744596556
13,46,9.981512221736283
13,47,11.640251571402057
13,48,11.829284714081805
13,49,12.492344888316278
13,50,11.026969919985529
13,51,12.953180745489837
13,52,12.880477709115276
13,53,16.465908601680297
13,54,18.355352370871252
13,55,15.865092350106949
13,56,14.261712013623102
13,57,11.942755452760036
13,58,12.429145958623838
13,59,10.0697838032006
13,60,12.345825738585138
13,61,12.113501967766474
13,62,15.579503132227913
13,63,15.76683181252403
13,64,19.20274505142666
13,65,18.83575712073325
13,66,17.223238605777315
14,1,13.674588024453787
14,2,10.808848479597403
14,3,7.180498116618378
14,4,6.266305049568941
14,5,4.803108583916205
14,6,6.324693887501626
14,7,9.062756402198625
14,8,11.076120217707075
14,9,14.264311149642836
14,10,13.805047675320163
14,11,10.362795468938929
14,12,7.022762138792736
14,13,3.807228603509984
14,15,3.8199526697132757
14,16,6.528995210690855
14,17,10.180181975678165
14,18,11.197587937008816
14,19,10.568634891915694
14,20,7.919188724657481
14,21,10.24066140362066
14,22,10.371536912926862
14,23,12.715853341180186
14,24,13.626498691322444
14,25,13.137583034995611
14,26,11.573897947981518
14,27,11.305766955930478
14,28,9.565539872244194
14,29,10.297044508052538
14,30,9.569653418022929
14,31,10.089086927143727
14,32,11.725913352663847
14,33,13.360040984458925
14,34,10.716808445141217
14,35,8.669526482352932
14,36,5.471909069592703
14,37,5.086742812362131
14,38,6.689158794477936
14,39,7.372125865728217
14,40,10.347156941233209
14,41,12.718666574815787
14,42,12.490614261305119
14,43,16.200446827868067
14,44,15.633612217923057
14,45,14.295302267811735
14,46,11.165570892832624
14,47,11.587514846417708
14,48,10.67833741026756
14,49,10.207495824499533
14,50,8.026572716452195
14,51,9.367176656019343
14,52,9.15256062860663
14,53,12.80693328417757
14,54,14.55187134635355
14,55,12.129924790959988
14,56,10.741693622744183
14,57,8.938617893114587
14,58,10.288705014126789
14,59,9.011641036530994
14,60,12.175771237260571
14,61,13.082677887461186
14,62,16.838523307387526
14,63,17.767113115039102
14,64,21.25330302930127
14,65,21.375117932507848
14,66,20.125932676845153
15,1,12.560683827934765
15,2,10.426674158048106
15,3,6.787599228468176
15,4,5.5294664555154815
15,5,6.135630717431835
15,6,6.977382455016351
15,7,10.495645996549666
15,8,11.799445406512001
15,9,15.324424578522144
15,10,15.760037651799543
15,11,12.540878744655057
15,12,9.737309571792977
15,13,6.158301512456256
15,14,3.8199526697132757
15,16,3.8375892768107804
15,17,6.886659806891897
15,18,8.748237583492303
15,19,9.345366225648403
15,20,8.021655827919199
15,21,11.219764499239924
15,22,12.506659452434663
15,23,15.072764079496531
15,24,16.65314569840485
15,25,16.643578726619868
15,26,15.173980652171258
15,27,14.39810647271177
15,28,12.485747561534176
15,29,12.245358608520363
15,30,10.46319146021045
15,31,9.875633482202856
15,32,10.647302567293291
15,33,11.43561758039525
15,34,8.355061359654748
15,35,6.4694546084873155
15,36,4.581557512218158
15,37,6.71496371366765
15,38,8.92962778738702
15,39,10.707315612549323
15,40,13.29482624780945
15,41,15.597269839429465
15,42,15.56611209044154
15,43,19.361726642703246
15,44,19.116415487312413
15,45,17.933296103298275
15,46,14.934916898775082
15,47,15.35282803875955
15,48,14.21413553059243
15,49,13.133333926572448
15,50,10.287141378733375
15,51,10.260516363351067
15,52,8.54001798909333
15,53,11.639537891454438
15,54,13.716627750852972
15,55,11.94421874002159
15,56,11.766229666714729
15,57,10.828566876866496
15,58,13.091801859180716
15,59,12.321475879944547
15,60,15.59066252814998
15,61,16.49888262760657
15,62,20.24007235243991
15,63,20.939412546815575
15,64,24.54470859127542
15,65,24.63212404342153
15,66,23.025932544408402
16,1,11.143104719265555
16,2,10.021004466063049
16,3,6.716857413435376
16,4,7.317925107760187
16,5,9.139284860754913
16,6,10.684481130258993
16,7,14.266367119029272
16,8,15.614021820617578
16,9,19.129880229542724
16,10,19.518844157968523
16,11,16.177714535504037
16,12,13.258868236225172
16,13,9.618784148689794
16,14,6.528995210690855
16,15,3.8375892768107804
16,17,3.8053311301377604
16,18,5.271928357770686
16,19,6.509926555112713
16,20,6.175756026925434
16,21,9.460556241875334
16,22,11.811182578113211
16,23,14.299201153191687
16,24,16.674666798139395
16,25,17.51290017176558
16,26,16.61372630491097
16,27,15.35815395636356
16,28,14.10833970777995
16,29,13.682246073078387
16,30,11.133905152538333
16,31,10.880931614761485
16,32,10.315187097790677
16,33,11.310610176917452
16,34,8.952387851683566
16,35,5.996998020731073
16,36,6.134038695808599
16,37,8.329683539675708
16,38,11.512419998831426
16,39,13.273857761443205
16,40,16.270225465302477
16,41,18.93411693374585
16,42,18.956914029169926
16,43,22.697420403597892
16,44,22.079929882544377
16,45,20.719400103244705
16,46,17.423967520464657
16,47,17.206341253534998
16,48,15.284467991959795
16,49,13.343362012270827
16,50,9.877413757142905
16,51,8.499853464426494
16,52,5.659789512961176
16,53,8.115593259734915
16,54,10.724503541027016
16,55,9.837062056875913
16,56,10.53752363321306
16,57,10.90390327964765
16,58,13.827837113585822
16,59,14.07247657174369
16,60,17.677097788883888
16,61,19.20091099521117
16,62,23.00990461537983
16,63,24.115124242851014
16,64,27.664618147010643
16,65,27.894326729133702
16,66,26.535486900531545
17,1,11.89657754170226
17,2,11.87168210669103
17,3,9.314977772323527
17,4,9.868971190369804
17,5,12.315423560793954
17,6,13.425957751722674
17,7,17.10444567293985
17,8,17.98534538457479
17,9,21.526069510144968
17,10,22.394734982572913
17,11,19.194950234897398
17,12,16.582235539942673
17,13,12.886067473269566
17,14,10.180181975678165
17,15,6.886659806891897
17,16,3.8053311301377604
17,18,3.780834531990886
17,19,7.041870743605627
17,20,8.555112188370993
17,21,11.806312666568953
17,22,14.754096558099693
17,23,17.252008703722474
17,24,19.97613595907021
17,25,21.09560722526101
17,26,20.22984582918121
17,27,18.668689507911726
17,28,17.358820365602853
17,29,16.382662537434054
17,30,13.327239014382387
17,31,12.40663646995426
17,32,10.863940535778836
17,33,10.945858103660997
17,34,8.93992695092879
17,35,6.585643965365125
17,36,8.495494988568936
17,37,11.389667628731
17,38,14.576110128861671
17,39,16.77582322062191
17,40,19.56852533526184
17,41,22.23013471480669
17,42,22.41561043838331
17,43,26.188201787656364
17,44,25.694782704697836
17,45,24.45405158459802
17,46,21.19030538384457
17,47,21.004163158844108
17,48,18.980537066609713
17,49,16.81085429791818
17,50,13.213000972900515
17,51,11.11483144621605
17,52,7.519794933766008
17,53,8.273379937149297
17,54,11.163103782557934
17,55,11.397467805569077
17,56,13.09944541652989
17,57,14.093364619957539
17,58,17.302284540498633
17,59,17.76649249166104
17,60,21.3799426383855
17,61,22.890772451151395
17,62,26.691956768427133
17,63,27.678253011374117
17,64,31.280010767986838
17,65,31.457832139547143
17,66,29.9115829274418
18,1,13.823262309246793
18,2,13.879215675803348
18,3,11.209401859789235
18,4,12.451116140817243
18,5,14.387539830376417
18,6,15.710979932352599
18,7,19.207066432868217
18,8,20.10496436481202
18,9,23.445560602998874
18,10,23.91205435553596
18,11,20.424584401713833
18,12,17.800769028177104
18,13,14.0315081588561
18,14,11.197587937008816
18,15,8.748237583492303
18,16,5.271928357770686
18,17,3.780834531990886
18,19,3.827673558435059
18,20,6.621457737804078
18,21,9.579414597196587
18,22,12.925904532446149
18,23,15.599993701275766
18,24,18.62072798397854
18,25,20.161804689060265
18,26,19.455364286957966
18,27,17.357313711588656
18,28,16.486437485066954
18,29,15.313552140875645
18,30,11.935348448522527
18,31,11.644789645959769
18,32,9.330758698774952
18,33,10.271987688919717
18,34,9.516808427520168
18,35,6.355701648310043
18,36,8.834835892265867
18,37,11.050313916214614
18,38,14.6600090756611
18,39,16.84465509374974
18,40,19.846859306110197
18,41,22.944258040236758
18,42,23.46787743566424
18,43,27.10250420510237
18,44,26.093280048273893
18,45,24.996736134503493
18,46,21.465498310481568
18,47,21.080052613139554
18,48,18.61218723293029
18,49,16.289853539824197
18,50,12.494387293407904
18,51,10.159967892234414
18,52,6.711198171404525
18,53,6.638232472494689
18,54,10.768180922659262
18,55,11.673180257025232
18,56,13.115277629040493
18,57,14.663917254325305
18,58,17.67355418147027
18,59,18.47596909268559
18,60,22.166319748648377
18,61,23.90070595545801
18,62,27.699611549197634
18,63,28.92783520340454
18,64,32.356785986313234
18,65,32.38450352914346
18,66,31.15692638113606
19,1,15.483394190956803
19,2,14.980977819464554
19,3,12.004264761074898
19,4,13.491688608314503
19,5,14.608250095613093
19,6,16.086105368648596
19,7,19.23255100976644
19,8,20.27086826517007
19,9,23.344540323346024
19,10,23.258693339797194
19,11,19.560491011943082
19,12,16.92819281392869
19,13,13.321408169427356
19,14,10.568634891915694
19,15,9.345366225648403
19,16,6.509926555112713
19,17,7.041870743605627
19,18,3.827673558435059
19,20,3.8079737209973152
19,21,6.465724391869306
19,22,9.733774232317577
19,23,12.71129790985868
19,24,15.683418892586618
19,25,17.34503984562404
19,26,16.672448063368968
19,27,14.211981396449682
19,28,13.753774075801406
19,29,12.678560826094744
19,30,9.376545723334088
19,31,10.15713327074894
19,32,7.977517511117459
19,33,10.270101428688665
19,34,10.203640094046337
19,35,6.527199465687571
19,36,8.229714940414716
19,37,9.212366191293068
19,38,12.983579718330635
19,39,14.891917007278167
19,40,18.04521954563264
19,41,21.447697274321616
19,42,22.215237032185374
19,43,25.637066879889986
19,44,24.15415056236281
19,45,23.204809397353035
19,46,19.514465676897785
19,47,19.041214736734247
19,48,16.3491291112716
19,49,14.20048232580693
19,50,10.457454243839743
19,51,8.648209989667244
19,52,6.334143406052511
19,53,6.866697081786295
19,54,11.383776047918987
19,55,11.968953421853449
19,56,12.442966183553565
19,57,13.922721348096479
19,58,16.39146713839594
19,59,17.22463403365834
19,60,20.826821530526995
19,61,22.629215905397732
19,62,26.34326265421097
19,63,27.752064638921922
19,64,30.957529279809528
19,65,30.83645022362808
19,66,29.9579651136277
20,1,14.566432452226742
20,2,13.289453451077785
20,3,10.110538837454905
20,4,11.712552777306417
20,5,12.166760999029187
20,6,14.037583522318373
20,7,16.9085723886045
20,8,18.42066731447118
20,9,21.40994920908021
20,10,20.84222442311677
20,11,17.098279318527425
20,12,14.17305171766848
20,13,10.869897854080998
20,14,7.919188724657481
20,15,8.021655827919199
20,16,6.175756026925434
20,17,8.555112188370993
20,18,6.621457737804078
20,19,3.8079737209973152
20,21,3.79141277823021
20,22,6.435299908783522
20,23,9.51904751497153
20,24,12.199748307148997
20,25,13.662439699894795
20,26,13.088861427774988
20,27,10.986909987630614
20,28,10.824049029728084
20,29,10.639986724054534
20,30,8.132094082983272
20,31,9.878005658186936
20,32,9.089587820675161
20,33,11.913548771754913
20,34,11.196703372475833
20,35,7.4600525525714465
20,36,7.238736289005371
20,37,6.873383337839084
20,38,10.611856641950366
20,39,11.793419330603392
20,40,15.23895334778445
20,41,18.59793097136236
20,42,19.103855815479164
20,43,22.436583454478075
20,44,20.808771782956867
20,45,19.646177610962496
20,46,15.916590904270974
20,47,15.261653541508323
20,48,12.545243861713981
20,49,10.538474288266636
20,50,6.865069159251257
20,51,5.987440509424809
20,52,5.140010806300182
20,53,7.453756398577447
20,54,11.071188812395016
20,55,10.534430456736379
20,56,9.927035547459129
20,57,10.839952781510405
20,58,12.88695529427552
20,59,13.631574848429205
20,60,17.17529963254802
20,61,19.070853631356535
20,62,22.744739463713575
20,63,24.336365420657767
20,64,27.459597842327785
20,65,27.470463561059457
20,66,26.824199696136915
21,1,15.47815484656457
21,2,14.275529448709259
21,3,11.663083308179214
21,4,13.939819570955965
21,5,14.176950556482726
21,6,16.543993765343455
21,7,19.115557702780585
21,8,21.027563081966438
21,9,23.84989892799447
21,10,22.77806827953012
21,11,19.04631859395004
21,12,15.964346588810475
21,13,13.197064165714842
21,14,10.24066140362066
21,15,11.219764499239924
21,16,9.460556241875334
21,17,11.806312666568953
21,18,9.579414597196587
21,19,6.465724391869306
21,20,3.79141277823021
21,22,3.789397275253308
21,23,6.27305973996182
21,24,9.473159992661854
21,25,11.760029409603034
21,26,12.10263444043755
21,27,10.090660017872292
21,28,11.245434152666228
21,29,11.88804900215153
21,30,10.121522612225018
21,31,12.745571539533326
21,32,12.078107763905408
21,33,15.271943539349728
21,34,14.883056053890696
21,35,11.18387013263541
21,36,10.668979961058334
21,37,9.282939862516526
21,38,12.611782906693712
21,39,12.836904584992112
21,40,16.46461137436874
21,41,19.83475976455484
21,42,20.13950766771224
21,43,23.158812939984337
21,44,21.06555933007389
21,45,19.64343142455119
21,46,15.86185868350398
21,47,14.479406863771079
21,48,11.179626809179938
21,49,8.765184495314923
21,50,5.55060999167804
21,51,4.837112807604835
21,52,6.117109408144936
21,53,7.849406245383929
21,54,10.78933991575445
21,55,10.306583351225767
21,56,9.005729260371478
21,57,10.423477511640984
21,58,11.957033169877759
21,59,13.41851519974215
21,60,16.796231922689724
21,61,19.16730692460567
21,62,22.654603353884433
21,63,24.730039471791546
21,64,27.581027239691263
21,65,27.79255499485708
21,66,27.661115179855972
22,1,17.409308878876548
22,2,15.552837645877666
22,3,12.941931502789817
22,4,14.869247299138296
22,5,14.181641323285803
22,6,16.487690107455457
22,7,18.423797102624672
22,8,20.511998545670583
22,9,22.947618079526997
22,10,21.31576994789874
22,11,17.67696334840509
22,12,14.707001917040008
22,13,12.685740291561487
22,14,10.371536912926862
22,15,12.506659452434663
22,16,11.811182578113211
22,17,14.754096558099693
22,18,12.925904532446149
22,19,9.733774232317577
22,20,6.435299908783522
22,21,3.789397275253308
22,23,3.8167358482192686
22,24,6.046421971187275
22,25,8.121900465309158
22,26,8.644460885644454
22,27,6.862960931774923
22,28,8.911396573915523
22,29,10.541547186919468
22,30,10.018465575608632
22,31,13.282634773226452
22,32,13.562337339175203
22,33,17.008110070753705
22,34,16.54375863670849
22,35,13.163772085020037
22,36,11.673316974536652
22,37,9.10799958754411
22,38,11.582416257875932
22,39,10.849811736807604
22,40,14.410942023338828
22,41,17.69941151441846
22,42,17.982962350145538
22,43,20.630238503806467
22,44,18.17066358714189
22,45,16.783668148750287
22,46,13.044303039977589
22,47,11.528241776471694
22,48,8.206183633823441
22,49,6.609752007103301
22,50,4.780287396144485
22,51,6.534916217966362
22,52,9.054143022082359
22,53,11.356794819966854
22,54,13.553841980753646
22,55,12.269753773449587
22,56,9.84462525239117
22,57,10.220458831978586
22,58,10.50078281105774
22,59,11.60840113433251
22,60,14.520285225486584
22,61,16.805757601356255
22,62,20.037090182260695
22,63,22.25106401898148
22,64,24.80751485420389
22,65,24.962071253194182
22,66,25.204647775149773
23,1,17.47653862257232
23,2,15.709037853421682
23,3,13.865930548531072
23,4,16.28509331865944
23,5,15.676827026016417
23,6,18.478077419412475
23,7,20.24697821038669
23,8,22.79586013901282
23,9,25.209887748237783
23,10,23.3014699927703
23,11,19.876846240012597
23,12,16.705897023004596
23,13,15.177091079340618
23,14,12.715853341180186
23,15,15.072764079496531
23,16,14.299201153191687
23,17,17.252008703722474
23,18,15.599993701275766
23,19,12.71129790985868
23,20,9.51904751497153
23,21,6.27305973996182
23,22,3.8167358482192686
23,24,3.8190395819648852
23,25,7.211516887824966
23,26,9.359196665907872
23,27,8.806280894366932
23,28,11.600862813968606
23,29,13.884305862396264
23,30,13.765024077106718
23,31,17.028205125028464
23,32,17.332659596061095
23,33,20.71845368511191
23,34,20.06353622511171
23,35,16.60691620061718
23,36,15.018303243586542
23,37,12.46730907388477
23,38,14.607560243142446
23,39,13.116819212160696
23,40,16.634966749430994
23,41,19.531614724653178
23,42,19.24763272908169
23,43,21.60085304463228
23,44,19.017778703844584
23,45,17.08343002159506
23,46,13.612371689067055
23,47,11.118958929244664
23,48,7.395922904614174
23,49,5.172883198308682
23,50,5.23125951024923
23,51,7.015909698394563
23,52,10.496639976212162
23,53,12.485852945487418
23,54,13.489456982513591
23,55,11.983739063720572
23,56,9.03880319847099
23,57,9.632618121342732
23,58,9.288809740537147
23,59,11.297265090266123
23,60,13.856363282177798
23,61,16.713796423288162
23,62,19.662982764602475
23,63,22.4011158959958
23,64,24.722493638541103
23,65,25.337948784375016
23,66,26.01764288894511
24,1,19.82994709260804
24,2,17.53596836639827
24,3,15.69261423761789
24,4,17.588096624454348
24,5,16.20130424966488
24,6,18.756246921185557
24,7,19.83675173155587
24,8,22.46001505195382
24,9,24.42892566739026
24,10,22.03742279241186
24,11,18.886093350830297
24,12,15.998359961784464
24,13,15.321704898708267
24,14,13.626498691322444
24,15,16.65314569840485
24,16,16.674666798139395
24,17,19.97613595907021
24,18,18.62072798397854
24,19,15.683418892586618
24,20,12.199748307148997
24,21,9.473159992661854
24,22,6.046421971187275
24,23,3.8190395819648852
24,25,3.7982942844177026
24,26,6.835530546295419
24,27,7.44370384027709
24,28,10.728535975743979
24,29,13.746570474566692
24,30,14.643778370209377
24,31,18.068943507895497
24,32,19.07384127153309
24,33,22.50199362761262
24,34,21.739407289544257
24,35,18.614788297428106
24,36,16.409528125274097
24,37,13.27784925167596
24,38,14.468904614987355
24,39,12.140605491617588
24,40,15.237741073626143
24,41,17.779129636780606
24,42,17.388588928501218
24,43,19.217739676997983
24,44,16.339161323385113
24,45,14.422273784993239
24,46,11.274697881537545
24,47,8.609801600152847
24,48,5.313177842288364
24,49,5.175164379717976
24,50,7.1916493124027046
24,51,10.103287641657914
24,52,13.62942226595878
24,53,16.04584551490061
24,54,16.842832870602965
24,55,14.81339329144844
24,56,11.385400124803034
24,57,10.81231808831213
24,58,9.081562216727686
24,59,10.342293736372175
24,60,12.001147429757317
24,61,14.610190200541533
24,62,17.109803099316675
24,63,19.957053881363894
24,64,21.887850301027083
24,65,22.471835881402257
24,66,23.561685113802497
25,1,21.202168778605493
25,2,18.38766432389081
25,3,16.32763656401537
25,4,17.47660198716644
25,5,15.332158258653196
25,6,17.41866199466987
25,7,17.821041758324057
25,8,20.376043926737097
25,9,21.91384568140883
25,10,19.179514076278597
25,11,16.311213830361197
25,12,13.790920736685788
25,13,13.93685446350185
25,14,13.137583034995611
25,15,16.643578726619868
25,16,17.51290017176558
25,17,21.09560722526101
25,18,20.161804689060265
25,19,17.34503984562404
25,20,13.662439699894795
25,21,11.760029409603034
25,22,8.121900465309158
25,23,7.211516887824966
25,24,3.7982942844177026
25,26,3.798055144577073
25,27,6.133353726477847
25,28,9.056091248261797
25,29,12.619507163615873
25,30,14.390820038520685
25,31,17.666815765373737
25,32,19.39877353887634
25,33,22.675404352274057
25,34,21.684456419400913
25,35,19.015594519339366
25,36,16.229330838086724
25,37,12.761465492339713
25,38,12.934501478325542
25,39,9.926820093993625
25,40,12.492274903729777
25,41,14.637852593068347
25,42,14.208201026814438
25,43,15.677944121922966
25,44,12.657811278811064
25,45,10.872495388342568
25,46,7.944664976052353
25,47,5.649109978145426
25,48,3.739605061013785
25,49,6.244774922179073
25,50,8.720955762119598
25,51,12.29715475114727
25,52,15.551714759576148
25,53,18.48436492794842
25,54,19.371624226654642
25,55,16.88632821853269
25,56,13.294139519280323
25,57,11.647465189152708
25,58,9.138442479145954
25,59,8.995590019634788
25,60,9.807437602095293
25,61,11.747187933719786
25,62,13.973618902833458
25,63,16.636609822126236
25,64,18.389779046907442
25,65,18.78092023559592
25,66,19.996610714565776
26,1,21.954192772073945
26,2,18.92329994477946
26,3,16.305938878948464
26,4,16.723313706764866
26,5,14.11546388984872
26,6,15.462403004705356
26,7,15.543372300725052
26,8,17.629480638291582
26,9,18.88718781436099
26,10,16.122572032903967
26,11,13.170238247387926
26,12,11.118754726586403
26,13,11.500340948188969
26,14,11.573897947981518
26,15,15.173980652171258
26,16,16.61372630491097
26,17,20.22984582918121
26,18,19.455364286957966
26,19,16.672448063368968
26,20,13.088861427774988
26,21,12.10263444043755
26,22,8.644460885644454
26,23,9.359196665907872
26,24,6.835530546295419
26,25,3.798055144577073
26,27,3.7887235170858866
26,28,5.739337508341298
26,29,9.482495967723308
26,30,11.86498822461908
26,31,14.952252543431166
26,32,17.203312706134128
26,33,20.329742423291442
26,34,19.362829759020165
26,35,17.15887249390314
26,36,14.095315788537691
26,37,10.408333881985751
26,38,9.794543681187188
