1,2,3.799548090396894
1,3,6.271008484195133
1,4,8.946239873667459
1,5,11.937724427614341
1,6,15.276812818799504
1,7,18.62639378216099
1,8,21.96586652984893
1,9,25.22742228290255
1,10,28.28861180615844
1,11,27.98883872687018
1,12,25.045768443372676
1,13,21.448744216088883
1,14,18.9657272644104
1,15,15.357889847801202
1,16,13.055158346444248
1,17,10.099217725250698
1,18,9.279590457808647
1,19,6.4563612412945135
1,20,9.375232206924133
1,21,11.93283224324061
1,22,15.358367308681242
1,23,15.14244442541779
1,24,17.02084614891133
1,25,14.945861475783152
1,26,16.390313325478242
1,27,16.321762360555443
1,28,17.81384906765763
1,29,19.16510131907688
1,30,20.44556911072055
1,31,20.362619609863856
1,32,22.40885647618601
1,33,21.698583007138318
1,34,21.85388402500736
1,35,21.826805377775397
1,36,24.489167432040787
1,37,28.211817560359247
1,38,28.966858203051917
1,39,31.517803776452983
1,40,29.839075063735756
1,41,29.739312461365763
1,42,27.945434753507893
1,43,24.67140249548721
1,44,23.569675548172228
1,45,20.638556729913926
1,46,20.571524587174654
1,47,18.112917559173404
1,48,14.670922248001471
1,49,16.500184825693538
1,50,18.13748459886272
1,51,21.19600168040689
1,52,23.021334805393092
1,53,26.44469197210209
1,54,28.932892086477164
1,55,26.178259424419736
1,56,27.6300214179236
1,57,26.25464717695085
1,58,28.048676421546364
1,59,27.18878995703886
1,60,23.718301542388435
1,61,22.00089926943602
1,62,19.946565154970337
1,63,16.8679249547068
1,64,15.067192046894807
1,65,12.600454787806017
1,66,11.819791285671473
1,67,11.744404030769902
1,68,13.152806876928537
1,69,16.87471904267893
1,70,17.688985178703035
1,71,15.37380288685665
1,72,16.741425461070126
1,73,16.035623951100302
1,74,17.177661885162813
1,75,14.381157750249072
1,76,11.611470569877705
1,77,10.376091800613478
1,78,8.025817607462349
1,79,10.82760620695617
1,80,12.119308297072443
1,81,15.533676030080862
1,82,17.6186550303401
1,83,21.07348488436234
1,84,22.848891761733512
1,85,26.467758481654883
1,86,27.818555857983476
1,87,30.717254350145904
2,1,3.799548090396894
2,3,3.8077810401618195
2,4,6.6176178948104205
2,5,8.806131570498993
2,6,12.403098216881546
2,7,15.47103723729749
2,8,18.99373780844118
2,9,22.08035296821703
2,10,25.321547496881525
2,11,25.355125036514696
2,12,22.380315331274407
2,13,18.910883767331637
2,14,16.27928107175111
2,15,12.939720454306938
2,16,10.380360790928428
2,17,8.084491026162368
2,18,6.765523237400996
2,19,5.463767583796725
2,20,9.0901444352782
2,21,10.80423019035368
2,22,14.497398173382457
2,23,14.79310024082748
2,24,16.469069870400048
2,25,14.410084005184398
2,26,16.23980220219184
2,27,16.115022908889554
2,28,17.991286933149762
2,29,19.0675835645714
2,30,20.819641401059943
2,31,21.202723280641216
2,32,22.81988620087512
2,33,21.912672047928353
2,34,21.40321576910111
2,35,20.88855924786581
2,36,23.787622701494712
2,37,27.367678997107575
2,38,28.237053793350846
2,39,30.418690696896736
2,40,28.54595078980909
2,41,28.046333427876743
2,42,26.066275889272344
2,43,23.03427876465015
2,44,21.773314710779122
2,45,18.958843174814817
2,46,18.595853402598554
2,47,16.18782871558504
2,48,12.64643398404359
2,49,14.180706639151055
2,50,16.199735975183824
2,51,18.90586727080654
2,52,20.959419084548284
2,53,24.132840067415135
2,54,26.709596559902906
2,55,24.16606620215404
2,56,25.98694636086386
2,57,24.759223788213482
2,58,26.982362056026766
2,59,26.252661023034364
2,60,22.604598640069927
2,61,21.014642937506668
2,62,19.563808541893888
2,63,16.90491286947329
2,64,14.791454998150494
2,65,12.884730536809963
2,66,11.83197749540551
2,67,12.512381981495226
2,68,13.751281556429026
2,69,17.529517129117686
2,70,19.058209723173068
2,71,17.134891633904058
2,72,18.619421621702003
2,73,17.6724098831567
2,74,19.40753075637164
2,75,17.02992995114842
2,76,13.84678293491885
2,77,12.937110687612142
2,78,9.875661145604756
2,79,11.601137701651872
2,80,11.740371952754343
2,81,15.168423230840201
2,82,16.486879416896183
2,83,19.801496718345227
2,84,21.013881101989927
2,85,24.45403255668797
2,86,25.450241052933823
2,87,28.182260437753772
3,1,6.271008484195133
3,2,3.8077810401618195
3,4,3.781030296920874
3,5,6.142454018980554
3,6,9.283343464643465
3,7,12.67288377804729
3,8,15.946120958245338
3,9,19.285460853765063
3,10,22.319919666803422
3,11,22.285135362152012
3,12,19.56525450625742
3,13,15.96826958013843
3,14,13.825043120602993
3,15,10.507799111747397
3,16,8.87273004262945
3,17,7.558014286156173
3,18,7.804030367263806
3,19,7.536139332080628
3,20,11.357001119525894
3,21,13.230514109211933
3,22,16.754625887427945
3,23,16.617840512592878
3,24,17.53048466457302
3,25,14.852794976835261
3,26,16.048407781958634
3,27,15.080862147884924
3,28,16.48814778707227
3,29,16.865266608093872
3,30,18.50043172246909
3,31,19.49154073979615
3,32,21.126590501400905
3,33,20.6391702444797
3,34,19.88743400532016
3,35,19.621865798892927
3,36,22.880968116200254
3,37,26.344821938581926
3,38,26.79066564994828
3,39,28.786787007789034
3,40,26.546369567705625
3,41,26.174061890379825
3,42,23.830683583401196
3,43,21.01066031398036
3,44,20.26028628675483
3,45,17.94791229846612
3,46,18.148625630328215
3,47,16.422800356832138
3,48,12.647872604427677
3,49,13.14636657524573
3,50,14.536499039259512
3,51,16.86001744712942
3,52,18.431700421065702
3,53,21.551001439983306
3,54,23.806272901127013
3,55,21.050799706369364
3,56,22.697237563851147
3,57,21.23918533760382
3,58,23.548130938611607
3,59,23.101286754399304
3,60,19.47398496395496
3,61,17.631766770549017
3,62,16.413560285820363
3,63,14.156284743576562
3,64,12.386405018551628
3,65,11.349956052296845
3,66,11.17996874671492
3,67,12.95478071614904
3,68,14.964046524727562
3,69,18.714004332252173
3,70,20.575293435923772
3,71,18.34937999067144
3,72,19.177041316709495
3,73,17.492875797722057
3,74,19.27664449932566
3,75,17.48988360949664
3,76,13.928749192713552
3,77,12.674427494333342
3,78,9.028815322810818
3,79,9.575775148153198
3,80,8.735229030633448
3,81,11.876774856318278
3,82,12.921994524324203
3,83,16.097830115618347
3,84,17.29751652231479
3,85,20.769830640995206
3,86,21.943977729948152
3,87,24.664915054455925
4,1,8.946239873667459
4,2,6.6176178948104205
4,3,3.781030296920874
4,5,3.7979024451063057
4,6,6.534583454425582
4,7,10.02793861895638
4,8,13.161959458718139
4,9,16.50260070129935
4,10,19.418432477263845
4,11,19.04719605733147
4,12,16.16215861007953
4,13,12.542800331681589
4,14,10.30432442087893
4,15,6.810885241473629
4,16,5.652919347212574
4,17,5.114610202158109
4,18,6.994092173171127
4,19,7.723586355806677
4,20,11.135363087647907
4,21,12.98961782133225
4,22,16.08490133525602
4,23,15.500025010677753
4,24,15.635370682860627
4,25,12.61788740816439
4,26,13.477432070010668
4,27,12.172891087234078
4,28,13.69946312923159
4,29,13.925949761650344
4,30,16.03155114349992
4,31,17.21449711058821
4,32,18.364432661088607
4,33,17.73429532179627
4,34,16.57162347388119
4,35,16.1673796070624
4,36,19.571266082664696
4,37,22.914532409082433
4,38,23.2790915875795
4,39,25.128426988719372
4,40,22.818664651154627
4,41,22.413739593689666
4,42,20.051775944139724
4,43,17.245879118539012
4,44,16.59600536586369
4,45,14.504868798319976
4,46,15.059814170103307
4,47,13.883066597010407
4,48,10.096613980661898
4,49,9.878432396108954
4,50,10.869835639657147
4,51,13.15166990225913
4,52,14.68630336251997
4,53,17.88088411781639
4,54,20.235581302325777
4,55,17.57035257902768
4,56,19.39069124525193
4,57,18.305039169942393
4,58,20.675412742269547
4,59,19.95119130593087
4,60,16.233052368940648
4,61,14.83552039403373
4,62,13.964004957725491
4,63,11.905008727114886
4,64,9.616135593969775
4,65,9.093590802908542
4,66,8.895588305177577
4,67,11.482086729806904
4,68,13.705535248200572
4,69,17.222841497417004
4,70,19.584128566504628
4,71,17.507545818013053
4,72,18.061926083925147
4,73,16.060911094468437
4,74,18.357451619987046
4,75,17.211666335473918
4,76,13.4608153295532
4,77,12.899431585660075
4,78,9.285462415565311
4,79,8.591745999088463
4,80,6.960902257086551
4,81,10.200870228277378
4,82,10.564368530878202
4,83,13.920831303283201
4,84,14.853820009956555
4,85,18.23256360894548
4,86,19.13757240087614
4,87,22.116137392205548
5,1,11.937724427614341
5,2,8.806131570498993
5,3,6.142454018980554
5,4,3.7979024451063057
5,6,3.787720396965462
5,7,6.7021710469006655
5,8,10.208695509461473
5,9,13.315188014198524
5,10,16.51642463909588
5,11,16.70018765121886
5,12,13.845793550429342
5,13,10.501314784804338
5,14,8.185972842386109
5,15,5.69590622605073
5,16,4.821876136736469
5,17,6.579435137484399
5,18,7.8210328572544965
5,19,9.995393875875383
5,20,13.149983456024152
5,21,14.055247966615925
5,22,17.03002465665806
5,23,16.975173513645164
5,24,16.920922017741262
5,25,14.230667138814328
5,26,15.387760614679468
5,27,14.161324004460075
5,28,15.905864776709992
5,29,15.757128675060962
5,30,18.158527881252116
5,31,19.746312825095337
5,32,20.41920837087762
5,33,19.648240640281074
5,34,17.814391900335753
5,35,16.851002490904996
5,36,20.35839866313801
5,37,23.36519072740534
5,38,23.824804986449205
5,39,25.13753630807647
5,40,22.61093012019477
5,41,21.687837291614137
5,42,19.072271528183364
5,43,16.780234289669313
5,44,16.011976445542164
5,45,14.324235477104574
5,46,14.50626316809364
5,47,13.643476382946314
5,48,10.180913377588
5,49,9.147370899999492
5,50,10.486461817169985
5,51,11.829074568239184
5,52,13.564952359599001
5,53,16.208847497144397
5,54,18.589506684876405
5,55,16.28776974494589
5,56,18.592268592088534
5,57,17.718781242592726
5,58,20.618221242645507
5,59,20.16209778771209
5,60,16.407251802939687
5,61,15.238229114740236
5,62,15.296300233869209
5,63,14.036237131984185
5,64,11.804877315350689
5,65,12.04523136985323
5,66,11.641070381221175
5,67,14.393098370236304
5,68,16.180311200403445
5,69,19.48583577908166
5,70,22.232453382387327
5,71,20.5504257223007
5,72,21.252020973824212
5,73,19.267621374798633
5,74,21.81196216638911
5,75,20.850300638496048
5,76,17.101088460640035
5,77,16.66758037110871
5,78,13.04058722696767
5,79,11.952147254096753
5,80,9.524343694926802
5,81,11.990827867693445
5,82,11.166557540653796
5,83,13.889529236511686
5,84,13.845573086029987
5,85,16.796522913408836
5,86,17.139420355978167
5,87,19.808894864594624
6,1,15.276812818799504
6,2,12.403098216881546
6,3,9.283343464643465
6,4,6.534583454425582
6,5,3.787720396965462
6,7,3.781039826835985
6,8,6.696302438427767
6,9,10.140437845383014
6,10,13.046747816947782
6,11,13.153420088575887
6,12,10.621227796494868
6,13,7.23594829157488
6,14,5.987728787532996
6,15,4.790296901223684
6,16,6.384456319391638
6,17,9.181949338332501
6,18,11.16985775248597
6,19,13.41606861165768
6,20,16.34876491214523
6,21,17.27685963784202
6,22,19.92098831983436
6,23,19.572601442530235
6,24,18.89361339386041
6,25,15.986652235837164
6,26,16.509938495220602
6,27,14.65231554285942
6,28,15.87850033673413
6,29,14.9346527824057
6,30,17.280800268671232
6,31,19.46012988683046
6,32,19.84329924067818
6,33,19.41950983209896
6,34,17.20157390417673
6,35,16.375842247784576
6,36,20.06257531534921
6,37,22.704596115286286
6,38,22.731021436131726
6,39,23.644341222992963
6,40,20.735509623094714
6,41,19.83483645770177
6,42,16.8072646294213
6,43,15.040463225250793
6,44,14.93142166038668
6,45,14.142748587927496
6,46,14.920204686007002
6,47,14.998788204994748
6,48,11.93103329096979
6,49,9.688397399560797
6,50,9.91736600626853
6,51,10.165817571025018
6,52,11.11898017913169
6,53,13.399659059172723
6,54,15.356545429763095
6,55,12.978532891527127
6,56,15.299793719121638
6,57,14.423230294347439
6,58,17.594222519666335
6,59,17.441436290663056
6,60,13.795015798763124
6,61,12.698482255477282
6,62,13.570010882124382
6,63,13.233751927364223
6,64,11.469604967304598
6,65,12.847702778332001
6,66,13.123426842430435
6,67,16.410825815039985
6,68,18.49972395156614
6,69,21.52047188340185
6,70,24.4563514691923
6,71,22.712859933253586
6,72,22.93932905622315
6,73,20.522549706963627
6,74,23.091891987465925
6,75,22.693010565634854
6,76,18.917593668070403
6,77,18.464633971772034
6,78,14.908616460721303
6,79,12.899568068752632
6,80,9.685636630320273
6,81,11.075668038432804
6,82,9.122563765598585
6,83,11.186463114045216
6,84,10.47448809530741
6,85,13.164497541429835
6,86,13.356325387882904
6,87,16.049758617255073
7,1,18.62639378216099
7,2,15.47103723729749
7,3,12.67288377804729
7,4,10.02793861895638
7,5,6.7021710469006655
7,6,3.781039826835985
7,8,3.7993692409036397
7,9,6.631572534026035
7,10,9.932065113582516
7,11,10.722853065190547
7,12,8.277582948816633
7,13,5.884355418701681
7,14,5.125415013538392
7,15,6.408798363604058
7,16,8.153832169314787
7,17,11.65933886018878
7,18,13.278884127566638
7,19,16.12639875297378
7,20,18.70241998237272
7,21,19.013923339952857
7,22,21.327980160055443
7,23,21.2627269051243
7,24,20.330711771970464
7,25,17.789262501009052
7,26,18.45941052028005
7,27,16.801080577552053
7,28,18.207956106128012
7,29,17.139487323128364
7,30,19.716153462447256
7,31,22.024986959830226
7,32,21.892161332556995
7,33,21.266480114137572
7,34,18.53123138213789
7,35,17.197041647596585
7,36,20.750695537660004
7,37,22.92204908252726
7,38,23.04884107535086
7,39,23.36055721983896
7,40,20.35684922940977
7,41,18.91030338396533
7,42,15.763870353921668
7,43,14.73793767034466
7,44,14.540461789948724
7,45,14.353395523129612
7,46,14.824386428628051
7,47,15.400693077194218
7,48,13.02472437847848
7,49,10.224641201419123
7,50,10.49608144034947
7,51,9.455327271673568
7,52,10.455633290795832
7,53,11.735242319171501
7,54,13.66528372408141
7,55,12.038438315176148
7,56,14.917829183724436
7,57,14.601267438962287
7,58,18.123230753617943
7,59,18.091535499470762
7,60,14.678419058461929
7,61,14.178088420194754
7,62,15.853503602690814
7,63,16.09456336811507
7,64,14.315346752611589
7,65,15.940584361976862
7,66,15.921757354223836
7,67,19.17458459546231
7,68,20.894925874659812
7,69,23.62408028939167
7,70,26.83796287277072
7,71,25.45539082252985
7,72,25.79054789202197
7,73,23.45958321448969
7,74,26.257272958346974
7,75,26.030770290602643
7,76,22.2967516718809
7,77,22.09520875061072
7,78,18.604668779998605
7,79,16.49961239997789
7,80,13.22113162792101
7,81,14.188901964068823
7,82,11.56480021108605
7,83,12.771894078238123
7,84,10.929420723271933
7,85,12.639798949242273
7,86,11.80879425096238
7,87,14.083369965222662
8,1,21.96586652984893
8,2,18.99373780844118
8,3,15.946120958245338
8,4,13.161959458718139
8,5,10.208695509461473
8,6,6.696302438427767
8,7,3.7993692409036397
8,9,3.802224301788912
8,10,6.384115278484457
8,11,7.258591578299735
8,12,5.734394662070771
8,13,4.49424129804282
8,14,6.20173883381897
8,15,8.655301074846854
8,16,11.291181239852023
8,17,14.836241810854998
8,18,16.84276950293217
8,19,19.586126440924204
8,20,22.06021789089689
8,21,22.47772402063831
8,22,24.565369687131998
8,23,24.24705625696552
8,24,22.894547102743406
8,25,20.25197386037104
8,26,20.40864469161066
8,27,18.351752314505877
8,28,19.25606523603462
8,29,17.58281804578414
8,30,19.95556173742734
8,31,22.66275163444756
8,32,22.250079161753987
8,33,21.955720200693214
8,34,19.00446734143505
8,35,17.87137125142473
8,36,21.3745264475767
8,37,23.07386524600263
8,38,22.753900038921525
8,39,22.58935956738104
8,40,19.27827500606983
8,41,17.88071376029774
8,42,14.402886401065931
8,43,14.214789938089508
8,44,14.773140640043872
8,45,15.535424272824265
8,46,16.5164233562962
8,47,17.814240854701396
8,48,15.826960335804099
8,49,12.530668429218855
8,50,11.843109490770209
8,51,9.73397376947937
8,52,9.524721463979196
8,53,9.81678607013344
8,54,10.906250880811799
8,55,9.509877602700458
8,56,12.372892595894116
8,57,12.258732345392602
8,58,15.971406239526198
8,59,16.314370633704865
8,60,13.352834569247573
8,61,13.144705727543547
8,62,15.61856097021051
8,63,16.71447811990657
8,64,15.462992005383215
8,65,17.771218824187677
8,66,18.213208590302543
8,67,21.697825799995808
8,68,23.613858562048822
8,69,26.093859954228368
8,70,29.377662078684075
8,71,27.948102592557326
8,72,27.90859809744282
8,73,25.29788681470656
8,74,28.04516971785946
8,75,28.253308228121227
8,76,24.57286788225279
8,77,24.36429551672814
8,78,21.011923762481143
8,79,18.40576670470447
8,80,14.882465198715984
8,81,14.96488346514088
8,82,11.668616418479763
8,83,11.817229442771154
8,84,9.060346733803279
8,85,9.779259361894786
8,86,8.282269558016575
8,87,10.435299464312694
9,1,25.22742228290255
9,2,22.08035296821703
9,3,19.285460853765063
9,4,16.50260070129935
9,5,13.315188014198524
9,6,10.140437845383014
9,7,6.631572534026035
9,8,3.802224301788912
9,10,3.7808983731986556
9,11,6.1109133226069625
9,12,5.3686883763208515
9,13,6.581486554311887
9,14,8.219378630226064
9,15,11.470646299948207
9,16,13.80168090097128
9,17,17.537241695029124
9,18,19.26408338108354
9,19,22.338658120778874
9,20,24.502390862966003
9,21,24.467043425952234
9,22,26.22502700255512
9,23,26.116357076024165
9,24,24.588600964050304
9,25,22.32204789477339
9,26,22.620623682595763
9,27,20.842287154272896
9,28,21.94203405763598
9,29,20.35240048434407
9,30,22.895938995909965
9,31,25.542368503258064
9,32,24.70527379492797
9,33,24.172998722968806
9,34,20.89894584818209
9,35,19.340397371387088
9,36,22.536938746628323
9,37,23.72918137029335
9,38,23.558403201652986
9,39,22.7978196412265
9,40,19.573275270644007
9,41,17.635155021894317
9,42,14.30792910161538
9,43,14.956459300923862
9,44,15.347399614930108
9,45,16.603265053888617
9,46,17.246010231012427
9,47,18.903982691420858
9,48,17.580896057048662
9,49,14.169340007850096
9,50,13.607014609064343
9,51,10.729240111196571
9,52,10.590673778024737
9,53,9.522173610547691
9,54,10.399506175353885
9,55,10.34450477769273
9,56,13.522117149110809
9,57,14.145063836066493
9,58,17.822001516513154
9,59,18.13186423139923
9,60,15.588472198368638
9,61,15.983578248502903
9,62,18.790226220630917
9,63,20.080778712435464
9,64,18.704500674117547
9,65,20.978974576985163
9,66,21.110987855796918
9,67,24.475434601680412
9,68,26.054668672476144
9,69,28.259548813438805
9,70,31.726528716066646
9,71,30.627146289213176
9,72,30.714373249312516
9,73,28.245847944515265
9,74,31.179389803111714
9,75,31.485920032755647
9,76,27.858415734213565
9,77,27.890192126347493
9,78,24.589391956356494
9,79,22.014012274371648
9,80,18.56319812132583
9,81,18.62874496815269
9,82,15.217327975889003
9,83,15.009800389839617
9,84,11.830557992866678
9,85,11.456224961223215
9,86,8.789309468453803
9,87,10.014807381878285
10,1,28.28861180615844
10,2,25.321547496881525
10,3,22.319919666803422
10,4,19.418432477263845
10,5,16.51642463909588
10,6,13.046747816947782
10,7,9.932065113582516
10,8,6.384115278484457
10,9,3.7808983731986556
10,11,3.7890242766840467
10,12,5.592723561898521
10,13,8.05820668300638
10,14,10.757226519965926
10,15,14.096445083572904
10,16,16.89450816824158
10,17,20.557791845810062
10,18,22.62146426976497
10,19,25.53902003615103
10,20,27.663343097244635
10,21,27.818544041159786
10,22,29.438641071996678
10,23,29.056928791251263
10,24,27.21841169941096
10,25,24.83670693157092
10,26,24.680963900759412
10,27,22.593235599950674
10,28,23.22626676090878
10,29,21.19851594996088
10,30,23.46331941045244
10,31,26.356119517631633
10,32,25.309059167352075
10,33,25.10108809730999
10,34,21.785449128329333
10,35,20.522692973703148
10,36,23.564034578126073
10,37,24.30896744280924
10,38,23.67958162911167
10,39,22.498524200992094
10,40,19.092640100633865
10,41,17.35829200448033
10,42,13.921821131620172
10,43,15.382967825586208
10,44,16.491046046260692
10,45,18.442678526865784
10,46,19.554403148408316
10,47,21.67451422091431
10,48,20.539317404513337
10,49,16.919791875063357
10,50,15.678913733725272
10,51,12.399832219082915
10,52,11.198660981399785
10,53,9.15729627454607
10,54,8.649481735287015
10,55,9.222267862886092
10,56,11.96291773831178
10,57,12.91320465113608
10,58,16.425863283137208
10,59,17.06136282660803
10,60,15.21197721514224
10,61,15.915358552639889
10,62,19.196521898154632
10,63,21.096980351083314
10,64,20.17741358457328
10,65,22.884141554329478
10,66,23.390697623514743
10,67,26.89328338925774
10,68,28.662301235575413
10,69,30.668419487133306
10,70,34.13164740754257
10,71,32.958300880880095
10,72,32.70381291934105
10,73,30.018214004554395
10,74,32.85487629256856
10,75,33.52839877482683
10,76,29.984925738732674
10,77,30.010069040073013
10,78,26.865683037066027
10,79,23.94927331249078
10,80,20.42779040694777
10,81,19.87679218898873
10,82,16.201959388760233
10,83,15.219375534883712
10,84,11.668980435335351
10,85,10.13027609921737
10,86,6.680690783761916
10,87,7.253505439178326
11,1,27.98883872687018
11,2,25.355125036514696
11,3,22.285135362152012
11,4,19.04719605733147
11,5,16.70018765121886
11,6,13.153420088575887
11,7,10.722853065190547
11,8,7.258591578299735
11,9,6.1109133226069625
11,10,3.7890242766840467
11,12,3.7791369008663946
11,13,6.675052125849914
11,14,9.965686053915618
11,15,13.203070255261135
11,16,16.451192525874664
11,17,19.901016479411005
11,18,22.477408446616895
11,19,25.107481970252145
11,20,27.044320732627735
11,21,27.557677160190813
11,22,28.982385353986604
11,23,28.12142093999336
11,24,25.930055713859407
11,25,23.364542240139883
11,26,22.69257943033353
11,27,20.35172627570114
11,28,20.628903886442753
11,29,18.413357929562707
11,30,20.619858596226344
11,31,23.50463687274092
11,32,22.21285447163601
11,33,22.15644048563262
11,34,18.859714991405724
11,35,17.907749659364622
11,36,20.86436844923498
11,37,21.448925879327753
11,38,20.449081118663727
11,39,19.268513454233144
11,40,15.719332379224415
11,41,14.394703136244821
11,42,10.799639274521228
11,43,12.458498873496339
11,44,14.220013016060934
11,45,16.6083899784447
11,46,18.359790192678133
11,47,20.86232723672457
11,48,19.796525604953352
11,49,16.020315449711948
11,50,14.003860117732632
11,51,10.636693435252162
11,52,8.495018800466287
11,53,6.222741282517987
11,54,4.990267187771413
11,55,5.658492599475882
11,56,8.511805419683276
11,57,10.16277249900285
11,58,13.402107353862103
11,59,13.645089087526916
11,60,12.051700268354129
11,61,13.360553906882753
11,62,16.763534942718017
11,63,18.85580285249508
11,64,18.051885969279013
11,65,20.988456343239964
11,66,21.724002392746442
11,67,25.282888456749394
11,68,27.2194872256157
11,69,28.97771068088622
11,70,32.38569299786885
11,71,31.151699013156787
11,72,30.570802473298773
11,73,27.761014088065224
11,74,30.563764565454594
11,75,31.59844228997379
11,76,28.214072760540272
11,77,28.452480531024335
11,78,25.603220855554202
11,79,22.433475816201728
11,80,19.077547944800248
11,81,18.310154162422066
11,82,14.625232938827192
11,83,13.668917715568586
11,84,10.399574634707774
11,85,8.865640741524757
11,86,5.520736502889453
11,87,7.557555253604739
12,1,25.045768443372676
12,2,22.380315331274407
12,3,19.56525450625742
12,4,16.16215861007953
12,5,13.845793550429342
12,6,10.621227796494868
12,7,8.277582948816633
12,8,5.734394662070771
12,9,5.3686883763208515
12,10,5.592723561898521
12,11,3.7791369008663946
12,13,3.780476047412413
12,14,6.423195158234282
12,15,9.89556848678894
12,16,12.975558962744582
12,17,16.453680982592118
12,18,18.994100750731036
12,19,21.70478274772738
12,20,23.458407634082786
12,21,23.881895084560583
12,22,25.222476495114844
12,23,24.38612542591616
12,24,22.231556199383114
12,25,19.756685983576176
12,26,19.330501603394097
12,27,17.276110851100146
12,28,18.047586097788727
12,29,16.344082583750673
12,30,19.032537077127305
12,31,21.555420914511217
12,32,20.229553311738705
12,33,19.70257311999561
12,34,16.291553031383597
12,35,14.930234425134605
12,36,18.015572215940438
12,37,18.96175893610504
12,38,18.434185356473975
12,39,17.64556695832426
12,40,14.292805306720092
12,41,12.669750393564161
12,42,9.134934668337037
12,43,9.945552342490807
12,44,11.084860451506433
12,45,13.096101695258504
12,46,14.69162199215998
12,47,17.095926042967143
12,48,16.048061833269728
12,49,12.2674283374896
12,50,10.419763624247711
12,51,7.025140153796033
12,52,5.6628545604147424
12,53,4.301790362437528
12,54,5.681515476865877
12,55,5.750594320907778
12,56,9.44074460547713
12,57,11.102350553489199
12,58,14.342304255330907
12,59,13.8317228168887
12,60,11.425384867211632
12,61,12.853537540448224
12,62,15.744002285302724
12,63,17.15171336798993
12,64,15.6921753941162
12,65,18.234301383521732
12,66,18.5315003524101
12,67,21.97217298045081
12,68,23.699538199925197
12,69,25.46026395196982
12,70,28.933750292540573
12,71,27.85371648318903
12,72,27.531492659609043
12,73,24.945391945641777
12,74,27.95579404522095
12,75,28.793359930196743
12,76,25.392252265749786
12,77,25.879682084703514
12,78,23.022269273398614
12,79,20.09061689316492
12,80,16.920598546041845
12,81,16.8420915773016
12,82,13.426048400425772
12,83,13.489120105974548
12,84,10.77083259883315
12,85,10.551728139733111
12,86,8.045107272554691
12,87,10.713107983123576
13,1,21.448744216088883
13,2,18.910883767331637
13,3,15.96826958013843
13,4,12.542800331681589
13,5,10.501314784804338
13,6,7.23594829157488
13,7,5.884355418701681
13,8,4.49424129804282
13,9,6.581486554311887
13,10,8.05820668300638
13,11,6.675052125849914
13,12,3.780476047412413
13,14,3.8008205652996563
13,15,6.552922502025671
13,16,9.968003791740482
13,17,13.291133986348488
13,18,16.04089498343437
13,19,18.48808025469791
13,20,20.530705788537706
13,21,21.31285097177037
13,22,23.004823552594807
13,23,22.071580952557614
13,24,20.192578683840946
13,25,17.368251133025318
13,26,16.9552997370521
13,27,14.68624724219888
13,28,15.44071901530585
13,29,13.781146324946013
13,30,16.454593764320396
13,31,18.98267066518535
13,32,18.160036380968034
13,33,17.758069166599356
13,34,14.67383088299995
13,35,13.654849758028233
13,36,17.15566037838967
13,37,18.81710001941806
13,38,18.322285403258007
13,39,18.323735371031844
13,40,15.013666310615218
13,41,13.926567519984095
13,42,10.448354574737058
13,43,9.87720470645426
13,44,10.854484111856133
13,45,11.975954423423468
13,46,13.728002105687196
13,47,15.577192685623164
13,48,13.800214054214008
13,49,10.167550771857886
13,50,8.346953894091154
13,51,6.039593642516849
13,52,5.141975918457211
13,53,6.396468296082004
13,54,8.157087804148096
13,55,6.360113868807558
13,56,9.580628454821905
13,57,10.258680452530967
13,58,13.563481845551232
13,59,13.011765905103415
13,60,9.864942830542335
13,61,10.571891388691705
13,62,12.974183875268611
13,63,13.972516085124296
13,64,12.408625772212266
13,65,14.895711342189513
13,66,15.37701660459997
13,67,18.940644002265447
13,68,20.948989260626792
13,69,23.062768015946702
13,70,26.38154302565746
13,71,25.001695040289512
13,72,24.675095428370096
13,73,22.000958868352875
13,74,24.89350547277757
13,75,25.518087202977835
13,76,22.011129295074433
13,77,22.292049850714648
13,78,19.33068180434847
13,79,16.442989663644088
13,80,13.222026846131893
13,81,13.389080980009886
13,82,10.157673933898945
13,83,10.91350703490424
13,84,8.83042576325765
13,85,9.938628280003067
13,86,8.706499438517284
13,87,11.922668975119244
14,1,18.9657272644104
14,2,16.27928107175111
14,3,13.825043120602993
14,4,10.30432442087893
14,5,8.185972842386109
14,6,5.987728787532996
14,7,5.125415013538392
14,8,6.20173883381897
14,9,8.219378630226064
14,10,10.757226519965926
14,11,9.965686053915618
14,12,6.423195158234282
14,13,3.8008205652996563
14,15,3.79721107824145
14,16,6.553437097828989
14,17,10.077916352253663
14,18,12.593833089542477
14,19,15.300144153883778
14,20,17.119943014273414
14,21,17.644252030657047
14,22,19.288885179184955
14,23,18.552497692631285
14,24,16.86781060851458
14,25,14.260322104299604
14,26,14.465366328638146
14,27,12.835237729535908
14,28,14.454900354054237
14,29,13.715766462621541
14,30,16.845303937220617
14,31,18.766858808673376
14,32,17.981564693910357
14,33,16.925102909202863
14,34,13.864374597343529
14,35,12.225393579040594
14,36,15.713922489470868
14,37,17.797829403102767
14,38,18.01261659954515
14,39,18.404185553436406
14,40,15.594666607161935
14,41,14.170675469922665
14,42,11.301697484975916
14,43,9.796543216698637
14,44,9.46297238626088
14,45,9.503518818211614
14,46,10.630409850067647
14,47,12.024002319580822
14,48,10.142509415716424
14,49,6.571750582076076
14,50,5.719778817204735
14,51,4.405734026814769
14,52,6.041249648812395
14,53,8.165822864090329
14,54,11.011357709006814
14,55,9.626555781323939
14,56,12.853678081637993
14,57,13.540942007861588
14,58,16.583194135548034
14,59,15.532184596691728
14,60,12.059509245643477
14,61,12.710853959019856
14,62,14.255070617474123
14,63,14.248169352367858
14,64,11.812255135523616
14,65,13.415366295843844
14,66,13.054326039030059
14,67,16.343316846472497
14,68,17.94361717978037
14,69,20.137775240750255
14,70,23.553096175445837
14,71,22.43390772965371
14,72,22.589817368878343
14,73,20.325619300220648
14,74,23.466998417805996
14,75,23.70783387592176
14,76,20.18424265424675
14,77,20.76357127456512
14,78,17.760792196105196
14,79,15.414232271888375
14,80,12.604667215445986
14,81,13.842659776573841
14,82,11.340470789277092
14,83,13.134077363369746
14,84,11.746334827936256
14,85,13.456425019471514
14,86,12.425221055890786
14,87,15.473855033524986
15,1,15.357889847801202
15,2,12.939720454306938
15,3,10.507799111747397
15,4,6.810885241473629
15,5,5.69590622605073
15,6,4.790296901223684
15,7,6.408798363604058
15,8,8.655301074846854
15,9,11.470646299948207
15,10,14.096445083572904
15,11,13.203070255261135
15,12,9.89556848678894
15,13,6.552922502025671
15,14,3.79721107824145
15,16,3.7753636444654797
15,17,6.753521477474637
15,18,9.749631138736357
15,19,11.961003415174568
15,20,14.065388668950668
15,21,15.150817417604935
15,22,17.166102170197338
15,23,16.215328298629114
15,24,14.898330376892716
15,25,11.886452688729058
15,26,12.143347987242485
15,27,10.435250677340955
15,28,12.173823807698717
15,29,11.853753865801048
15,30,14.902105194869492
15,31,16.528226189745084
15,32,16.31719276613621
15,33,15.305056837328538
15,34,12.853667850316937
15,35,11.691814942760757
15,36,15.32866112552758
15,37,18.070389960446438
15,38,18.33981561474397
15,39,19.48602410183095
15,40,16.918090472621603
15,41,16.066368601130453
15,42,13.511692705649835
15,43,11.088543179532493
15,44,10.592344501195852
15,45,9.490082619096613
15,46,10.691513920455266
15,47,11.178075562422265
15,48,8.331064551199015
15,49,5.5887228233079735
15,50,5.218068642837042
15,51,6.457369842406519
15,52,8.137954497558443
15,53,11.195653571381959
15,54,13.90082878915632
15,55,11.801281051009592
15,56,14.377548279921497
15,57,14.418511496455672
15,58,17.10782651298253
15,59,15.927048421675497
15,60,12.179029363570379
15,61,12.179716220248508
15,62,12.730271543301578
15,63,11.857163916949748
15,64,9.062706871546181
15,65,10.112463559341355
15,66,9.73018734291595
15,67,13.081920434123436
15,68,14.99266039474929
15,69,17.588109576886275
15,70,20.767661329433707
15,71,19.324899619550365
15,72,19.521999193019
15,73,17.262073501763314
15,74,20.28460492748014
15,75,20.23593253951056
15,76,16.629491419543807
15,77,17.099607289308718
15,78,14.045352246423285
15,79,11.946362508968253
15,80,9.434314810322926
15,81,11.416633916727447
15,82,9.791072792600978
15,83,12.519827250623486
15,84,12.196814820160887
15,85,14.780400182807965
15,86,14.653864975333521
15,87,17.89820815047197
16,1,13.055158346444248
16,2,10.380360790928428
16,3,8.87273004262945
16,4,5.652919347212574
16,5,4.821876136736469
16,6,6.384456319391638
16,7,8.153832169314787
16,8,11.291181239852023
16,9,13.80168090097128
16,10,16.89450816824158
16,11,16.451192525874664
16,12,12.975558962744582
16,13,9.968003791740482
16,14,6.553437097828989
16,15,3.7753636444654797
16,17,3.786892023683737
16,18,6.102895322694292
16,19,8.798944459622337
16,20,10.811102728744094
16,21,11.538864529879097
16,22,13.777728210424872
16,23,13.28889352327834
16,24,12.615855516304311
16,25,10.029303054760158
16,26,11.40119498383485
16,27,10.782008299316276
16,28,13.334089900920958
16,29,13.959750534229327
16,30,17.05669965067474
16,31,18.045768805977747
16,32,18.018689692967026
16,33,16.494665785501674
16,34,14.37116237339014
16,35,12.784868481017126
16,36,16.05952929284587
16,37,19.08204072524874
16,38,19.99054988981591
16,39,21.38902324283314
16,40,19.301566633467083
16,41,18.19877022827587
16,42,16.15458162573442
16,43,13.455710212903284
16,44,11.989930398269754
16,45,9.774256600524557
16,46,9.795654385740717
16,47,9.019029913930837
16,48,5.621205759667651
16,49,4.473283229872679
16,50,6.485109402798497
16,51,8.680357865676706
16,52,11.29135133116472
16,53,14.22216935817709
16,54,17.268260179921647
16,55,15.46471266713793
16,56,18.12676788016904
16,57,18.1505592545277
16,58,20.764485530720144
16,59,19.46204001435737
16,60,15.708750188050654
16,61,15.586568730821709
16,62,15.588306896973132
16,63,13.988002106170141
16,64,10.804672954349623
16,65,10.525990583376505
16,66,8.985769187719052
16,67,11.598033603492022
16,68,12.862251508038938
16,69,15.722674970929356
16,70,18.875927573774682
16,71,17.723394240962822
16,72,18.620798973411183
16,73,16.977546758880326
16,74,20.091067313266592
16,75,19.427065176143476
16,76,15.879727482513232
16,77,16.536778574079662
16,78,13.472247056990442
16,79,12.380069696624075
16,80,10.645581604717439
16,81,13.486220399535307
16,82,12.64702837529472
16,83,15.69578192136755
16,84,15.608952071660374
16,85,18.31303372080423
16,86,18.146583359962072
16,87,21.194405977721445
17,1,10.099217725250698
17,2,8.084491026162368
17,3,7.558014286156173
17,4,5.114610202158109
17,5,6.579435137484399
17,6,9.181949338332501
17,7,11.65933886018878
17,8,14.836241810854998
17,9,17.537241695029124
17,10,20.557791845810062
17,11,19.901016479411005
17,12,16.453680982592118
17,13,13.291133986348488
17,14,10.077916352253663
17,15,6.753521477474637
17,16,3.786892023683737
17,18,3.8454409941713443
17,19,5.334325843474731
17,20,7.403972861603568
17,21,8.989402958841483
17,22,11.516326508239793
17,23,10.698308577343585
17,24,10.631302199944205
17,25,7.90878041074355
17,26,9.636639773864458
17,27,9.591377951150115
17,28,12.357794531617868
17,29,13.760590996920431
17,30,16.62858429757114
17,31,16.95424703388227
17,32,17.357826739402565
17,33,15.705572699396436
17,34,14.359879788832316
17,35,13.165710748136737
17,36,16.118322957044946
17,37,19.544135558736926
17,38,20.60858778432584
17,39,22.582793371615036
17,40,20.881267043491015
17,41,20.178963459460693
17,42,18.535044834908586
17,43,15.362308809002
17,44,13.772387923288571
17,45,10.875306305022324
17,46,10.826364442888217
17,47,9.106966846220331
17,48,5.302138006549081
17,49,6.409619832739067
17,50,8.385389460650247
17,51,11.50489809995757
17,52,13.987007475424717
17,53,17.272001483691053
17,54,20.302599629616907
17,55,18.26241086031892
17,56,20.539721132356622
17,57,20.351176125251428
17,58,22.548366230467114
17,59,21.02511176292092
17,60,17.324692518322003
17,61,16.982955893487258
17,62,16.135355911323163
17,63,13.721480550668232
17,64,10.372247251672166
17,65,8.802884438933305
17,66,6.5408630148839935
17,67,8.443418902322806
17,68,9.681204354940485
17,69,12.951962591054892
17,70,15.765047762240068
17,71,14.438255430151724
17,72,15.632685714544362
17,73,14.364265361864149
17,74,17.36239494131258
17,75,16.25058702145324
17,76,12.812439691460245
17,77,13.66756470530098
17,78,10.882030771058954
17,79,10.686926122178715
17,80,10.103647520490274
17,81,13.585620260663294
17,82,13.790964558093837
17,83,17.293190152333825
17,84,17.937076997054053
17,85,20.99692679264706
17,86,21.269607288842007
17,87,24.45456525576968
18,1,9.279590457808647
18,2,6.765523237400996
18,3,7.804030367263806
18,4,6.994092173171127
18,5,7.8210328572544965
18,6,11.16985775248597
18,7,13.278884127566638
18,8,16.84276950293217
18,9,19.26408338108354
18,10,22.62146426976497
18,11,22.477408446616895
18,12,18.994100750731036
18,13,16.04089498343437
18,14,12.593833089542477
18,15,9.749631138736357
18,16,6.102895322694292
18,17,3.8454409941713443
18,19,3.786540094626646
18,20,5.819474833859214
18,21,6.258455549823028
18,22,9.465095228138765
18,23,9.88265203215206
18,24,11.007489422432556
18,25,9.443829503317492
18,26,12.160801052220013
18,27,12.940055676546628
18,28,15.917955759341007
18,29,17.54715735899417
18,30,20.32474758511721
18,31,20.45786158519228
18,32,20.953923900233782
18,33,19.097375721705706
18,34,17.833982417214038
18,35,16.297802379457693
18,36,18.907725217327652
18,37,22.266769536425898
18,38,23.745605320738402
18,39,25.632943218356875
18,40,24.129597918155756
18,41,23.081042117103117
18,42,21.586626939146775
18,43,18.55950112169839
18,44,16.497826455447374
18,45,13.341645610743173
18,46,12.243537402802355
18,47,9.550258136047558
18,48,6.249813371442126
18,49,8.526329917512868
18,50,11.451379986078756
18,51,14.278812037583487
18,52,17.156757106754903
18,53,20.141272206832948
18,54,23.315744448980094
18,55,21.50515066266122
18,56,23.996678888608827
18,57,23.767194399007654
18,58,26.15573647730162
18,59,24.771126866058307
18,60,21.038487401900934
18,61,20.56814668465438
18,62,19.745973535128172
18,63,17.27650003630825
18,64,14.072088716728848
18,65,12.179607394178262
18,66,9.615166253964937
18,67,10.345975781920375
18,68,10.492737248506804
18,69,13.80862403427499
18,70,16.375047207493473
18,71,15.502357586173295
18,72,17.441684955069586
18,73,16.837929597087378
18,74,19.666516316352585
18,75,17.94045033776024
18,76,14.766660947920325
18,77,15.486760945107287
18,78,12.768993775973806
18,79,13.46080687718939
18,80,13.130034746223727
18,81,16.706035670009157
18,82,17.0159703748864
18,83,20.41476945856735
18,84,20.884059872948235
18,85,23.88998937615685
18,86,23.999436147835887
18,87,26.919193928623628
19,1,6.4563612412945135
19,2,5.463767583796725
19,3,7.536139332080628
19,4,7.723586355806677
19,5,9.995393875875383
19,6,13.41606861165768
19,7,16.12639875297378
19,8,19.586126440924204
19,9,22.338658120778874
19,10,25.53902003615103
19,11,25.107481970252145
19,12,21.70478274772738
19,13,18.48808025469791
19,14,15.300144153883778
19,15,11.961003415174568
19,16,8.798944459622337
19,17,5.334325843474731
19,18,3.786540094626646
19,20,3.8293118653499003
19,21,6.2574360390284935
19,22,9.591914806500668
19,23,9.37865730574881
19,24,11.085257786539342
19,25,9.38381741621991
19,26,11.78216330951409
19,27,12.667488142744608
19,28,15.327889014143192
19,29,17.311674445792242
19,30,19.653350456207548
19,31,19.323487535134387
19,32,20.320424463428512
19,33,18.64358391532824
19,34,18.141099044758214
19,35,17.211595530171355
19,36,19.61914349825846
19,37,23.228638753980352
19,38,24.57152646635929
19,39,26.917901607433105
19,40,25.585858154894876
19,41,25.01426007662557
19,42,23.660225636220733
19,43,20.33082934210001
19,44,18.517998825032063
19,45,15.213280803148375
19,46,14.56507286986939
19,47,11.795619901762814
19,48,8.611457282311248
19,49,11.181370175884757
19,50,13.482297721426841
19,51,16.75355001588473
19,52,19.284859691175352
19,53,22.59753379074426
19,54,25.62600015579258
19,55,23.480068707583357
19,56,25.555086617463544
19,57,25.05303273770664
19,58,27.058297293840653
19,59,25.591816030440043
19,60,21.965763160813587
19,61,21.229082044041675
19,62,19.74237353994857
19,63,16.75863913821728
19,64,13.770060723764129
19,65,11.109414254435787
19,66,8.603599327499724
19,67,8.376854034123166
19,68,8.698680221496623
19,69,12.366337525757148
19,70,14.232335952035903
19,71,12.91510528417337
19,72,14.9603120964196
19,73,14.643912384727665
19,74,17.063118602969435
19,75,14.868094208451511
19,76,11.921288607615526
19,77,12.589280324004354
19,78,10.321502828203656
19,79,11.942684178613563
19,80,12.640791300430953
19,81,16.425180077121237
19,82,17.560988632787655
19,83,21.200439760765263
19,84,22.299535848998456
19,85,25.599389190595573
19,86,26.171778743784948
19,87,29.25189806957455
20,1,9.375232206924133
20,2,9.0901444352782
20,3,11.357001119525894
20,4,11.135363087647907
20,5,13.149983456024152
20,6,16.34876491214523
20,7,18.70241998237272
20,8,22.06021789089689
20,9,24.502390862966003
20,10,27.663343097244635
20,11,27.044320732627735
20,12,23.458407634082786
20,13,20.530705788537706
20,14,17.119943014273414
20,15,14.065388668950668
20,16,10.811102728744094
20,17,7.403972861603568
20,18,5.819474833859214
20,19,3.8293118653499003
20,21,3.8269884643860403
20,22,6.326535246752077
20,23,5.851957193336749
20,24,8.294861629788528
20,25,7.714704298735522
20,26,10.73418314682621
20,27,12.731459446819587
20,28,15.821209530349213
20,29,18.454294924599836
20,30,20.99796770568933
20,31,20.06292341374092
20,32,20.66652855968227
20,33,18.434284202849582
20,34,18.09962288311569
