1,2,3.794042422250425
1,3,6.759453219595229
1,4,9.560084291061052
1,5,12.236090135391567
1,6,15.43483884543125
1,7,18.633340164254495
1,8,21.844516095609904
1,9,24.89375655919281
1,10,28.37318385763438
1,11,28.559708733396022
1,12,25.476372751995918
1,13,21.938445568502285
1,14,19.30599045181705
1,15,15.791256744536128
1,16,13.269468147251821
1,17,10.601373355760241
1,18,7.033619772564624
1,19,7.01536913825818
1,20,10.039433518524604
1,21,12.102336536778301
1,22,15.621978625035783
1,23,15.536313478802455
1,24,17.576805563788138
1,25,15.664021819010138
1,26,17.380490280843272
1,27,17.440625658156268
1,28,19.0209482861962
1,29,20.418014968126013
1,30,21.792872667045625
1,31,21.78233983952188
1,32,23.72975858842258
1,33,22.89692270810436
1,34,23.002001793988274
1,35,22.669452006940865
1,36,25.376972030009174
1,37,29.065568555562077
1,38,29.944568869886055
1,39,32.668959451484874
1,40,30.677137214037224
1,41,30.52250711843513
1,42,28.723988647063557
1,43,25.449226282755156
1,44,24.028520748004453
1,45,21.127758711874936
1,46,20.789647297887424
1,47,18.14790588301339
1,48,14.74401010956742
1,49,16.787821657165228
1,50,18.630293610835043
1,51,21.722041548308226
1,52,23.726040064993335
1,53,27.045398818840585
1,54,29.539819389545258
1,55,26.924410487842117
1,56,28.617422366784886
1,57,27.357711389293705
1,58,29.34917949567377
1,59,28.26619446678644
1,60,24.75649399523675
1,61,23.191349453413995
1,62,21.166397177640924
1,63,18.14238231238029
1,64,16.266113550354834
1,65,13.81040200823294
1,66,12.996892390420806
1,67,12.841433764760692
1,68,14.024552176211856
1,69,17.725481772524684
1,70,18.57261554421474
1,71,16.432172028945764
1,72,17.990600114286885
1,73,17.337653718506957
1,74,18.470470824714038
1,75,15.59748033642773
1,76,12.89609442118589
1,77,11.434341600143584
1,78,9.30845251911754
1,79,12.102156170801564
1,80,13.272124616753802
1,81,16.669438591690202
1,82,18.649456607818838
1,83,22.069672546785604
1,84,23.471926517040053
1,85,26.968551060857514
1,86,27.952569753885673
1,87,31.111107080594056
1,88,32.93754806246793
1,89,32.28337461509097
1,90,29.623193656996943
1,91,28.55685032823565
2,1,3.794042422250425
2,3,3.8192020967914537
2,4,6.736076182439355
2,5,8.76760670207954
2,6,12.129547327196288
2,7,15.133459360585706
2,8,18.45629955045246
2,9,21.3624015716952
2,10,24.923199389557336
2,11,25.3560267077258
2,12,22.319914955953116
2,13,18.88448934192784
2,14,16.23771449016881
2,15,12.970774723916495
2,16,10.46115158492105
2,17,8.631083325779075
2,18,4.990183471094538
2,19,6.601944728049097
2,20,10.317530941645463
2,21,11.558200789108199
2,22,15.31654614221636
2,23,15.574117725609794
2,24,17.22312401613289
2,25,15.113435251120054
2,26,16.93952058897216
2,27,16.730487455671
2,28,18.500743258951882
2,29,19.491619341910965
2,30,21.234647797195183
2,31,21.750049156073445
2,32,23.349727129856213
2,33,22.463066771234175
2,34,21.966951016721357
2,35,21.314814344197046
2,36,24.308866135641555
2,37,27.854480572657323
2,38,28.693743300532926
2,39,31.149963421575706
2,40,28.840106520151647
2,41,28.425278169811616
2,42,26.34310798105711
2,43,23.319958249902367
2,44,21.896911538353635
2,45,19.268569039364902
2,46,18.81491624270275
2,47,16.423531692593713
2,48,12.859611266197447
2,49,14.366799177869815
2,50,16.351165100617735
2,51,19.078301772610317
2,52,21.13169346419599
2,53,24.23389884665227
2,54,26.700859067651077
2,55,24.238685955481444
2,56,26.18387750072922
2,57,25.03052092416617
2,58,27.375927068779053
2,59,26.457243662657678
2,60,22.80864452633929
2,61,21.32086231685295
2,62,19.82912788200207
2,63,17.22807117056711
2,64,15.154259774290884
2,65,13.315232708728852
2,66,12.54297179238692
2,67,13.283564666457059
2,68,14.616128118425495
2,69,18.38721999861584
2,70,19.939219195952905
2,71,17.99232493030862
2,72,19.441279263785376
2,73,18.32532576111979
2,74,19.971508799237437
2,75,17.600406754305247
2,76,14.392975596314805
2,77,13.184060746849854
2,78,10.186620794444499
2,79,11.918281706021391
2,80,11.993094273864262
2,81,15.347583721644877
2,82,16.650765803481903
2,83,19.940548437182258
2,84,20.857208093459768
2,85,24.173442801418243
2,86,24.86965174527964
2,87,27.96303034859745
2,88,29.573717766609434
2,89,28.814857423998028
2,90,26.311067033224454
2,91,25.15958339983182
3,1,6.759453219595229
3,2,3.8192020967914537
3,4,3.79819501269923
3,5,6.1734412593185874
3,6,8.92529813624606
3,7,12.286488377461275
3,8,15.287585577475532
3,9,18.464574121545464
3,10,21.903314953713476
3,11,22.245943728052005
3,12,19.42865979068775
3,13,15.86213514923671
3,14,13.69037096838313
3,15,10.440783132215566
3,16,8.891860488054583
3,17,7.822241054281672
3,18,5.423191636134131
3,19,8.61875753432398
3,20,12.293884805934029
3,21,13.626751786524432
3,22,17.270308671713813
3,23,17.092721103036265
3,24,17.974971538057062
3,25,15.25090336119555
3,26,16.41906278229733
3,27,15.40446899198687
3,28,16.70801875668796
3,29,17.035631189902
3,30,18.66954780225181
3,31,19.743865190808286
3,32,21.350704692227946
3,33,20.870859335643217
3,34,20.173786446804126
3,35,19.797780672319053
3,36,23.116957500426842
3,37,26.56522983109934
3,38,26.973800581930263
3,39,29.115149720599057
3,40,26.554654688519854
3,41,26.33901598830194
3,42,23.952157471899195
3,43,21.09998739792765
3,44,20.18055793389143
3,45,18.04416742926477
3,46,18.170709458560548
3,47,16.47956293914826
3,48,12.706531691888427
3,49,13.215372018668162
3,50,14.508534084646987
3,51,16.888388746464432
3,52,18.44673326480844
3,53,21.534474523200323
3,54,23.684009105841874
3,55,21.017498919729377
3,56,22.77371665971684
3,57,21.413270095627507
3,58,23.819364989084683
3,59,23.14231324144017
3,60,19.51812941359381
3,61,17.809763517100926
3,62,16.519725354785834
3,63,14.283707055619793
3,64,12.516434331357567
3,65,11.501177212489008
3,66,11.595607312818437
3,67,13.36754250990968
3,68,15.466972339463132
3,69,19.195003642017898
3,70,21.058909908599002
3,71,18.80367272806957
3,72,19.605773704712668
3,73,17.778399962750992
3,74,19.469483606452556
3,75,17.699661758406204
3,76,14.116229123197506
3,77,12.745055553496528
3,78,9.144523224218977
3,79,9.703563796344772
3,80,8.853369837754366
3,81,11.942604796950192
3,82,12.986154471715883
3,83,16.172874878525977
3,84,17.095143647491966
3,85,20.45974463247776
3,86,21.345750638833685
3,87,24.4132579222889
3,88,26.213375931321888
3,89,25.557834431441655
3,90,22.873309207710008
3,91,21.923705452210445
4,1,9.560084291061052
4,2,6.736076182439355
4,3,3.79819501269923
4,5,3.7538207240686248
4,6,6.169105190311055
4,7,9.585451615177098
4,8,12.54384029450322
4,9,15.776812522694927
4,10,19.061334213126404
4,11,19.0311537642115
4,12,16.03377121701413
4,13,12.42561285794686
4,14,10.14441167128802
4,15,6.711345357304122
4,16,5.638066245342891
4,17,5.2638841430841055
4,18,4.965617570595584
4,19,8.738545855088262
4,20,11.93132924328373
4,21,13.110989650647168
4,22,16.412649851185993
4,23,15.87173392909134
4,24,16.004918983176303
4,25,12.964679426599716
4,26,13.795082081112843
4,27,12.467381537554793
4,28,13.89344569870985
4,29,14.062478372757896
4,30,16.170985866973428
4,31,17.431400164849485
4,32,18.55260587564447
4,33,17.92493821454969
4,34,16.824004593972436
4,35,16.319474712679682
4,36,19.77091280542225
4,37,23.102545246768294
4,38,23.424402147646685
4,39,25.444374789886513
4,40,22.809722610248002
4,41,22.55747309945826
4,42,20.157336920358063
4,43,17.31504747748895
4,44,16.49079276014399
4,45,14.574702552820234
4,46,15.03883528923247
4,47,13.899012789139775
4,48,10.139104518816415
4,49,9.934411213890582
4,50,10.820600888074061
4,51,13.153904682373213
4,52,14.691284651707667
4,53,17.854887681338717
4,54,20.122238404158605
4,55,17.530529496634756
4,56,19.4637368775796
4,57,18.479763337879998
4,58,20.933813394214326
4,59,19.984329462861314
4,60,16.269026981372996
4,61,15.014046826691462
4,62,14.065529507945906
4,63,12.028910660850546
4,64,9.730187297775597
4,65,9.194667172522136
4,66,9.269810427367869
4,67,11.813523945927281
4,68,14.120793677751212
4,69,17.61805060054297
4,70,19.9690020490192
4,71,17.867658318856737
4,72,18.418674213120052
4,73,16.26510979695913
4,74,18.469918175196728
4,75,17.321878739972004
4,76,13.567337936614779
4,77,12.992828330217405
4,78,9.32707527413983
4,79,8.704638886295678
4,80,7.0737703330779444
4,81,10.287302749891326
4,82,10.672104516065017
4,83,14.042160141280446
4,84,14.674293702206958
4,85,17.93380913617522
4,86,18.5826569640557
4,87,21.904354436994712
4,88,23.76411153372108
4,89,23.548366700770508
4,90,20.983323766176447
4,91,20.564143235938683
5,1,12.236090135391567
5,2,8.76760670207954
5,3,6.1734412593185874
5,4,3.7538207240686248
5,6,3.772806654278889
5,7,6.415953919597511
5,8,9.83896895008027
5,9,12.68412461997341
5,10,16.197506077973753
5,11,16.672436526468854
5,12,13.701538254748115
5,13,10.422152362925004
5,14,8.002914845249236
5,15,5.612803730651264
5,16,4.8493645548028
5,17,6.794526635191637
5,18,7.091698270205585
5,19,10.686820278089463
5,20,13.75159675035331
5,21,13.939553744984876
5,22,17.10483865028787
5,23,17.137158635235703
5,24,17.09969767405294
5,25,14.385803606636207
5,26,15.502462487096004
5,27,14.290197590369955
5,28,15.978971989376568
5,29,15.802408457881938
5,30,18.25143116405631
5,31,19.875745553372308
5,32,20.491864657438914
5,33,19.685611812412333
5,34,17.904896799013002
5,35,16.842038330835475
5,36,20.370976626106728
5,37,23.36791838582195
5,38,23.786376058080293
5,39,25.456686904622448
5,40,22.509309906321104
5,41,21.765416847151748
5,42,19.0628375326099
5,43,16.72110951764574
5,44,15.756698786882957
5,45,14.294735770236434
5,46,14.341049194539385
5,47,13.542176289998709
5,48,10.138299547003637
5,49,9.083461447004936
5,50,10.311811163826935
5,51,11.764613114841804
5,52,13.498170681342778
5,53,16.127727126230067
5,54,18.417683654765128
5,55,16.253070082280175
5,56,18.67359761917127
5,57,17.9926475103528
5,58,20.936302046821044
5,59,20.216576541067234
5,60,16.456569353363165
5,61,15.501282186485417
5,62,15.454911211229872
5,63,14.177838400970389
5,64,11.863941192626273
5,65,12.028768847321876
5,66,11.835573756007712
5,67,14.530007251746685
5,68,16.392365470538312
5,69,19.682818552306635
5,70,22.42950238418103
5,71,20.738841889848484
5,72,21.45321255788806
5,73,19.31667149276631
5,74,21.803683830568406
5,75,20.841372323126613
5,76,17.100211401328067
5,77,16.721645049191615
5,78,13.059453430148839
5,79,12.068202093748946
5,80,9.701110439553128
5,81,12.20024415632237
5,82,11.42659388964554
5,83,14.225516187501862
5,84,13.876747177225903
5,85,16.63643428144064
5,86,16.636161867632413
5,87,19.82076126193006
5,88,21.214045783578978
5,89,20.794432054264718
5,90,18.592054884916283
5,91,17.988750596666076
6,1,15.43483884543125
6,2,12.129547327196288
6,3,8.92529813624606
6,4,6.169105190311055
6,5,3.772806654278889
6,7,3.7718654735682553
6,8,6.423809064763537
6,9,9.730378222983283
6,10,13.023195757743672
6,11,13.386654306413257
6,12,10.77948939698878
6,13,7.392554382082283
6,14,6.1759228877434
6,15,4.935315158854409
6,16,6.680777418229619
6,17,9.262718662936779
6,18,10.425788587684027
6,19,14.08108967366764
6,20,16.91771759617695
6,21,17.216674787320326
6,22,20.11628184257755
6,23,19.830080207818853
6,24,19.194539928382614
6,25,16.201405918252057
6,26,16.602610514005473
6,27,14.687442280298395
6,28,15.759085357517252
6,29,14.725887313343808
6,30,17.03136816743073
6,31,19.267024102652478
6,32,19.69430815476383
6,33,19.331230689077955
6,34,17.26701143571146
6,35,16.495159450513402
6,36,20.206177222954786
6,37,22.89572903943966
6,38,22.803025861019787
6,39,23.974832498992306
6,40,20.727834776153337
6,41,20.169235155933528
6,42,17.06866532213965
6,43,15.183505034574543
6,44,14.97362766463384
6,45,14.400368316227661
6,46,15.126294675962239
6,47,15.25423477596984
6,48,12.186151088185644
6,49,10.007359358532653
6,50,9.994395688789353
6,51,10.432216546485341
6,52,11.238549632687588
6,53,13.60930932273084
6,54,15.383210746103943
6,55,13.044564968815925
6,56,15.345716384859633
6,57,14.549477387272756
6,58,17.709637569196
6,59,17.34110125681692
6,60,13.683294505694944
6,61,12.667318679810506
6,62,13.330554023978904
6,63,12.941377838148592
6,64,11.174223665105703
6,65,12.517317390198997
6,66,13.126625121143062
6,67,16.38590891532396
6,68,18.64687883553437
6,69,21.68690973927996
6,70,24.55817427553657
6,71,22.71935516142376
6,72,22.901679072378247
6,73,20.291547641029307
6,74,22.725874189192407
6,75,22.32966798624532
6,76,18.552047229800767
6,77,18.152698561917468
6,78,14.500979462166933
6,79,12.541826630391023
6,80,9.330872950277785
6,81,10.751350136282039
6,82,8.936949895008354
6,83,11.167208023591943
6,84,10.297658087502153
6,85,12.890364921221114
6,86,12.903514887686967
6,87,16.108845700403677
6,88,17.69223182312815
6,89,17.491203945626534
6,90,15.146813983778689
6,91,14.97040217223087
7,1,18.633340164254495
7,2,15.133459360585706
7,3,12.286488377461275
7,4,9.585451615177098
7,5,6.415953919597511
7,6,3.7718654735682553
7,8,3.7911839520135584
7,9,6.272676498905251
7,10,9.807785971675996
7,11,10.705387222373837
7,12,8.17634309208221
7,13,5.71481041023168
7,14,4.968789917407814
7,15,6.221555613708264
7,16,8.21944049443456
7,17,11.631090804028508
7,18,13.170379590240122
7,19,16.55710691801359
7,20,19.099372012115115
7,21,18.76186487937957
7,22,21.323917375210247
7,23,21.35172704410716
7,24,20.452557637687484
7,25,17.803297679972555
7,26,18.322160467378218
7,27,16.597169598669144
7,28,17.872183738282324
7,29,16.69192513623558
7,30,19.269945541274843
7,31,21.638812863297723
7,32,21.514505305796977
7,33,20.93623316337126
7,34,18.31285753531648
7,35,17.048065867508754
7,36,20.633477331629376
7,37,22.854043002840648
7,38,22.832618319068505
7,39,23.58440741104222
7,40,20.119546980201612
7,41,19.048609751344458
7,42,15.73099907969654
7,43,14.575920519802796
7,44,14.32035219790112
7,45,14.411925195250792
7,46,14.846997162794198
7,47,15.522673723141622
7,48,13.136871569437627
7,49,10.300277184983699
7,50,10.287145049495367
7,51,9.442845430402011
7,52,10.241535174616322
7,53,11.672968447455684
7,54,13.402707797375443
7,55,11.818884350451006
7,56,14.681637704828244
7,57,14.510196118666762
7,58,18.006819597749097
7,59,17.76098048061194
7,60,14.30957032743116
7,61,13.933050583770868
7,62,15.442866952845044
7,63,15.655854124058461
7,64,13.838750416645588
7,65,15.445683613122364
7,66,15.726887669782199
7,67,18.97470602365538
7,68,20.869316108789356
7,69,23.61780663214918
7,70,26.7873737347568
7,71,25.317825765707102
7,72,25.604538274284447
7,73,23.059587394888933
7,74,25.752647639762632
7,75,25.54895245398718
7,76,21.824105482911595
7,77,21.719490422899987
7,78,18.13391600957585
7,79,16.069370042754805
7,80,12.792416548130134
7,81,13.786029305149574
7,82,11.247739915874275
7,83,12.64661992509043
7,84,10.650901090273583
7,85,12.210046371515068
7,86,11.147731385651198
7,87,14.179419145358683
7,88,15.127768326456833
7,89,14.944626899817864
7,90,13.241784937033662
7,91,13.191942890690267
8,1,21.844516095609904
8,2,18.45629955045246
8,3,15.287585577475532
8,4,12.54384029450322
8,5,9.83896895008027
8,6,6.423809064763537
8,7,3.7911839520135584
8,9,3.7862568584878726
8,10,6.683194182235319
8,11,7.577064640167551
8,12,6.094997337389789
8,13,4.5186541695871085
8,14,6.382508375488525
8,15,8.573227753187979
8,16,11.434257451884033
8,17,14.735010321868717
8,18,16.54637447212303
8,19,20.011597226606806
8,20,22.464402535967995
8,21,22.292169253717322
8,22,24.700895477260428
8,23,24.472830658516
8,24,23.194452280274056
8,25,20.390055951424273
8,26,20.35515438459717
8,27,18.164302704150206
8,28,18.8482494439044
8,29,16.97741150068234
8,30,19.250221052873066
8,31,22.070224908467683
8,32,21.76832556538925
8,33,21.629825853892832
8,34,18.873237702856773
8,35,17.957224045790767
8,36,21.516379725278963
8,37,23.33842116001545
8,38,22.79281850045707
8,39,22.954401625450643
8,40,19.2671667809045
8,41,18.42353762657781
8,42,14.77873502420024
8,43,14.36703704072211
8,44,14.973126305105664
8,45,15.936162895121798
8,46,16.937161201708495
8,47,18.261228691437235
8,48,16.15751558180146
8,49,12.897185037726803
8,50,11.916249592173374
8,51,10.105363956008109
8,52,9.558117657710197
8,53,10.18536247005909
8,54,10.917293566314031
8,55,9.358738710721488
8,56,12.004407152122557
8,57,11.825526104739133
8,58,15.525541349459946
8,59,15.793429206539221
8,60,12.771168417419528
8,61,12.48159541776468
8,62,14.795110092076317
8,63,15.916260571180135
8,64,14.753813234774896
8,65,17.112438896469413
8,66,17.94884353300435
8,67,21.454944203545008
8,68,23.61751789755311
8,69,26.16257313551557
8,70,29.351058943344107
8,71,27.75846564550514
8,72,27.626752694170676
8,73,24.76705453636523
8,74,27.33466260379545
8,75,27.56373934021446
8,76,23.88545642127456
8,77,23.74045345495732
8,78,20.25565547486096
8,79,17.65074404711461
8,80,14.072844668678128
8,81,14.070923677628672
8,82,10.815586606900776
8,83,11.097164294533984
8,84,8.23257538271288
8,85,8.902943324539894
8,86,7.414698233485241
8,87,10.407049646066552
8,88,11.50572952635402
8,89,11.706442282081085
8,90,9.961546212133753
8,91,10.694382082712076
9,1,24.89375655919281
9,2,21.3624015716952
9,3,18.464574121545464
9,4,15.776812522694927
9,5,12.68412461997341
9,6,9.730378222983283
9,7,6.272676498905251
9,8,3.7862568584878726
9,10,3.7765180681611823
9,11,6.15317374435185
9,12,5.604578907175903
9,13,6.424537960260793
9,14,8.256026138935253
9,15,11.318213348059116
9,16,13.84474074566591
9,17,17.446045950487473
9,18,19.346546449572124
9,19,22.60106280429869
9,20,24.856059796758373
9,21,24.19942844844309
9,22,26.330204733257
9,23,26.40168609300763
9,24,25.013207700181134
9,25,22.570289599758684
9,26,22.71918107341207
9,27,20.80995970007806
9,28,21.722273448306492
9,29,19.922305450990088
9,30,22.36746423038562
9,31,25.14774158390641
9,32,24.451635133086288
9,33,24.080361308084807
9,34,20.978791324801318
9,35,19.6444185991377
9,36,22.937257333351358
9,37,24.289745553861874
9,38,23.8790781708166
9,39,23.65215623211827
9,40,19.90597116933515
9,41,18.532480303583263
9,42,14.888347599693551
9,43,15.308235102241511
9,44,15.773817134563034
9,45,17.211918585828368
9,46,17.83362666468676
9,47,19.470780361525055
9,48,17.95801017635063
9,49,14.534934061823305
9,50,13.767021139226701
9,51,11.179193029186672
9,52,10.712251617160232
9,53,10.0126259524324
9,54,10.464889809279121
9,55,10.21190329750066
9,56,13.174558729757072
9,57,13.703631963890938
9,58,17.40998661962369
9,59,17.75826386095302
9,60,15.139529641979722
9,61,15.403352794855607
9,62,18.084906140108792
9,63,19.410329874962446
9,64,18.12448079307363
9,65,20.42759224837995
9,66,20.931235390139566
9,67,24.325906905137526
9,68,26.153173152554743
9,69,28.483103833652994
9,70,31.861706344197586
9,71,30.584866433357377
9,72,30.608580600116927
9,73,27.877871245077298
9,74,30.633950159102966
9,75,30.91715723397839
9,76,27.276498902076003
9,77,27.323349516273687
9,78,23.849838923269353
9,79,21.316578775799478
9,80,17.796065645293613
9,81,17.791437378033063
9,82,14.424795569107415
9,83,14.294661324324577
9,84,10.983100297804427
9,85,10.429872458984404
9,86,7.649500591586041
9,87,9.814891086683446
9,88,9.673667176164143
9,89,9.884057551807535
9,90,9.41591003137123
9,91,10.265384420536437
10,1,28.37318385763438
10,2,24.923199389557336
10,3,21.903314953713476
10,4,19.061334213126404
10,5,16.197506077973753
10,6,13.023195757743672
10,7,9.807785971675996
10,8,6.683194182235319
10,9,3.7765180681611823
10,11,3.799053989799999
10,12,5.65563227688613
10,13,8.070762447030317
10,14,10.769002905207085
10,15,14.107025626224946
10,16,16.976406099906622
10,17,20.52048993917571
10,18,22.712955938146447
10,19,25.93881447298463
10,20,28.00664069506051
10,21,27.40280264773179
10,22,29.301914904283393
10,23,29.177134346515132
10,24,27.441709899993775
10,25,25.000428280870086
10,26,24.771983126849115
10,27,22.674860354406334
10,28,23.25145267632121
10,29,21.106799934958808
10,30,23.378866595629397
10,31,26.329575956118685
10,32,25.31971872152627
10,33,25.15288692954321
10,34,21.92273729823048
10,35,20.753243497897262
10,36,23.81299587401877
10,37,24.6585627744763
10,38,23.885121435111913
10,39,23.05567782998666
10,40,19.266140636018452
10,41,17.965812083853674
10,42,14.297762636403199
10,43,15.597056245827295
10,44,16.66243218412139
10,45,18.794657729968034
10,46,19.762761168156203
10,47,21.91406503295928
10,48,20.751865204198346
10,49,17.10626882133381
10,50,15.767908652619226
10,51,12.612578654957456
10,52,11.267481736927156
10,53,9.447749429064368
10,54,8.688829138581951
10,55,9.330132170575778
10,56,11.959580513107854
10,57,12.994315433569282
10,58,16.51206914763245
10,59,17.129475759505194
10,60,15.198602371837401
10,61,15.896559790176141
10,62,19.07850911638469
10,63,20.962695249329403
10,64,20.00797780683064
10,65,22.67768761524657
10,66,23.39023682739151
10,67,26.877789697993478
10,68,28.773734073425384
10,69,30.833455007362893
10,70,34.26004550887705
10,71,33.017548235398635
10,72,32.772841239831735
10,73,29.90181110469384
10,74,32.63676736205568
10,75,33.28480203952037
10,76,29.74485030236447
10,77,29.925541239175285
10,78,26.59773728194695
10,79,23.760756441904682
10,80,20.205841694868436
10,81,19.690292437482007
10,82,16.062305905456878
10,83,15.227819276229008
10,84,11.599594302786386
10,85,9.83469125867115
10,86,6.225359292842704
10,87,7.589369369483414
10,88,6.873899744585521
10,89,8.214781411188726
10,90,8.61890195429458
10,91,10.579694167737768
11,1,28.559708733396022
11,2,25.3560267077258
11,3,22.245943728052005
11,4,19.0311537642115
11,5,16.672436526468854
11,6,13.386654306413257
11,7,10.705387222373837
11,8,7.577064640167551
11,9,6.15317374435185
11,10,3.799053989799999
11,12,3.801884827248648
11,13,6.824812306270068
11,14,10.082295932353446
11,15,13.408467921985753
11,16,16.678063383703673
11,17,19.975305509572607
11,18,22.628911756136343
11,19,25.758760599508403
11,20,27.520137579042043
11,21,27.219090112238753
11,22,28.88612206781594
11,23,28.304049614459192
11,24,26.173294722790967
11,25,23.608762247653306
11,26,22.8862913260835
11,27,20.58553445267603
11,28,20.85824235297831
11,29,18.553217392957922
11,30,20.80729885378161
11,31,23.72266385230184
11,32,22.406220027586066
11,33,22.343066606466174
11,34,19.08606850486465
11,35,18.17810605164438
11,36,21.096924766801738
11,37,21.724639531326282
11,38,20.611282540631304
11,39,19.556672625894606
11,40,15.755266637586413
11,41,14.781376619291567
11,42,11.067868746261858
11,43,12.644738827560722
11,44,14.333901269627304
11,45,16.909220306055445
11,46,18.48471367050571
11,47,21.061248285069095
11,48,20.0675546799344
11,49,16.266485620073095
11,50,14.184150214861699
11,51,10.812943578548783
11,52,8.597725367652297
11,53,6.399523223198589
11,54,4.941415406156613
11,55,5.893561345504524
11,56,8.66130415486398
11,57,10.478399446189476
11,58,13.695468970573696
11,59,13.912931861213016
11,60,12.277143159637976
11,61,13.639818754964885
11,62,16.980729959027524
11,63,19.060183292975758
11,64,18.177571529577563
11,65,21.06333428279217
11,66,21.921462510701097
11,67,25.45641655665217
11,68,27.465207352612012
11,69,29.22800464589591
11,70,32.62534607757257
11,71,31.376999514097875
11,72,30.83163149434278
11,73,27.869705762873814
11,74,30.608810162743556
11,75,31.631220138182325
11,76,28.265918227750646
11,77,28.748587458146396
11,78,25.692150558508214
11,79,22.60610066620027
11,80,19.217624973375802
11,81,18.52010458296716
11,82,14.877002468394025
11,83,14.059234127616195
11,84,10.690925841509896
11,85,8.89187729128385
11,86,5.509501762010133
11,87,7.804563792041672
11,88,8.35178222764873
11,89,10.816463638369434
11,90,10.632887778914268
11,91,13.278655587560419
12,1,25.476372751995918
12,2,22.319914955953116
12,3,19.42865979068775
12,4,16.03377121701413
12,5,13.701538254748115
12,6,10.77948939698878
12,7,8.17634309208221
12,8,6.094997337389789
12,9,5.604578907175903
12,10,5.65563227688613
12,11,3.801884827248648
12,13,3.7915110188079533
12,14,6.473588712906452
12,15,9.988382839550257
12,16,13.11656880629898
12,17,16.44543843763789
12,18,19.249819139527673
12,19,22.221386237077084
12,20,23.837489447298914
12,21,23.483283128902883
12,22,25.09334307734433
12,23,24.518824510772237
12,24,22.432611114370413
12,25,19.929283117231247
12,26,19.426699999356305
12,27,17.3781253241429
12,28,18.106861182321335
12,29,16.28222957055657
12,30,18.998611616890493
12,31,21.57835012218299
12,32,20.24559982315519
12,33,19.738416074734737
12,34,16.38505270557017
12,35,15.102147749902485
12,36,18.175059882198436
12,37,19.174380237659676
12,38,18.503831416365404
12,39,18.078092269340498
12,40,14.319603139480169
12,41,13.054484732684744
12,42,9.339905353382035
12,43,10.05115783357238
12,44,11.147707834767521
12,45,13.370297524469047
12,46,14.814151187722695
12,47,17.283737702683382
12,48,16.279479669823367
12,49,12.471682950161417
12,50,10.523036306917378
12,51,7.175602015397888
12,52,5.675966078259762
12,53,4.44075889880795
12,54,5.55229865645063
12,55,5.715907317285757
12,56,9.384293978859183
12,57,11.190999777602032
12,58,14.417620441598565
12,59,13.844528577026763
12,60,11.403363141854664
12,61,12.904105151742
12,62,15.723791577033388
12,63,17.140400310471847
12,64,15.629430503925574
12,65,18.130905662279066
12,66,18.59218961042589
12,67,22.019725486782928
12,68,23.849515077710837
12,69,25.632352762370708
12,70,29.084198285133784
12,71,27.96607050680443
12,72,27.661420783605845
12,73,24.89290152786501
12,74,27.830241091453694
12,75,28.657207302162785
12,76,25.281634437936518
12,77,25.971837804992607
12,78,22.917867420718874
12,79,20.069398451101616
12,80,16.870831690361324
12,81,16.840780120931004
12,82,13.486865420249526
12,83,13.666207990360412
12,84,10.788660521805902
12,85,10.311564577330454
12,86,7.715466319836627
12,87,10.841743186005472
12,88,11.651858783522336
12,89,13.457153870267167
12,90,12.800087011281978
12,91,14.776515977996944
13,1,21.938445568502285
13,2,18.88448934192784
13,3,15.86213514923671
13,4,12.42561285794686
13,5,10.422152362925004
13,6,7.392554382082283
13,7,5.71481041023168
13,8,4.5186541695871085
13,9,6.424537960260793
13,10,8.070762447030317
13,11,6.824812306270068
13,12,3.7915110188079533
13,14,3.807635956043387
13,15,6.6271885291534005
13,16,10.096570368603981
13,17,13.222307904353169
13,18,15.91445283345857
13,19,19.067653400507233
13,20,20.92341999989717
13,21,20.94731775270044
13,22,22.89997736986936
13,23,22.166615755697364
13,24,20.326511032668726
13,25,17.472023263310582
13,26,16.968691309678395
13,27,14.700840087545098
13,28,15.39301528926537
13,29,13.62656060813619
13,30,16.332778029423498
13,31,18.907253229862242
13,32,18.06377314487503
13,33,17.675229173102316
13,34,14.667361378952224
13,35,13.701207256424297
13,36,17.190044581303024
13,37,18.8946561055038
13,38,18.275379340142365
13,39,18.500531321220315
13,40,14.86583654165051
13,41,14.116228932731525
13,42,10.556816410461495
13,43,9.868549085448377
13,44,10.757636908765434
13,45,12.10424154794094
13,46,13.737068146995428
13,47,15.666141971298913
13,48,13.95479802416809
13,49,10.328045320232947
13,50,8.343343395972486
13,51,6.094967501418003
13,52,5.061615695052921
13,53,6.4324759409642995
13,54,8.040661738429002
13,55,6.307389579149503
13,56,9.546282844789808
13,57,10.379004491800865
13,58,13.662755940985695
13,59,12.950087448055344
13,60,9.77366384880566
13,61,10.610461862137788
13,62,12.903876955577356
13,63,13.896092425430243
13,64,12.267382618048943
13,65,14.716006189494857
13,66,15.380370282403803
13,67,18.925167036753535
13,68,21.03970904832679
13,69,23.152953806141944
13,70,26.446013009823496
13,71,25.029576647719548
13,72,24.70786246546567
13,73,21.858171970870416
13,74,24.673953111382488
13,75,25.304686611285003
13,76,21.824789482979767
13,77,22.3196909852626
13,78,19.18801230387587
13,79,16.373436238438554
13,80,13.142520158962618
13,81,13.364009206509541
13,82,10.218892254166398
13,83,11.109298807911108
13,84,8.836020226995034
13,85,9.718503083237039
13,86,8.363805688537518
13,87,12.003489914740262
13,88,13.541424556946358
13,89,14.813566153941807
13,90,13.24956328838745
13,91,14.762539006655969
14,1,19.30599045181705
14,2,16.23771449016881
14,3,13.69037096838313
14,4,10.14441167128802
14,5,8.002914845249236
14,6,6.1759228877434
14,7,4.968789917407814
14,8,6.382508375488525
14,9,8.256026138935253
14,10,10.769002905207085
14,11,10.082295932353446
14,12,6.473588712906452
14,13,3.807635956043387
14,15,3.806238208904042
14,16,6.643621848567629
14,17,10.041563095769918
14,18,12.844869571831135
14,19,15.749583634308316
14,20,17.468090486021
14,21,17.2434564013931
14,22,19.176602579005735
14,23,18.650468972920432
14,24,17.031070719695244
14,25,14.378648848598587
14,26,14.494773390253416
14,27,12.853149985772575
14,28,14.40312815603717
14,29,13.56287544336633
14,30,16.7212536630147
14,31,18.70021504006844
14,32,17.907614529895874
14,33,16.861257243578308
14,34,13.87725531228874
14,35,12.274427455118047
14,36,15.77701533293864
14,37,17.895159708289974
14,38,17.99212107332032
14,39,18.906296680746088
14,40,15.597067918578622
14,41,14.430915620995107
14,42,11.404618868004707
14,43,9.813917551463089
14,44,9.372047005915434
14,45,9.679065615099498
14,46,10.670309712458367
14,47,12.133159369471965
14,48,10.30536156308083
14,49,6.73409105317656
14,50,5.692239934332037
14,51,4.526055503080196
14,52,6.050408961062343
14,53,8.222330626636543
14,54,10.945790401794161
14,55,9.58630602276005
14,56,12.85259757911868
14,57,13.670239684486754
14,58,16.69924443136138
14,59,15.474535235415228
14,60,11.981323001761364
14,61,12.761223594731629
14,62,14.179561938162147
14,63,14.160727602480828
14,64,11.663448507175923
14,65,13.199512346453345
14,66,13.042060966738909
14,67,16.311198072248562
14,68,18.031227593313
14,69,20.25088578919177
14,70,23.63886559990086
14,71,22.474188542517506
14,72,22.639231593556183
14,73,20.17779159207755
14,74,23.248687098177363
14,75,23.475854179647026
14,76,19.981041563587166
14,77,20.704396554496668
14,78,17.543791415660635
14,79,15.296978836616018
14,80,12.491878463397015
14,81,13.791842699511374
14,82,11.402186458937335
14,83,13.308797393192302
14,84,11.704187591531182
14,85,13.22257530900034
14,86,12.03994384605202
14,87,15.593262519849423
14,88,16.82693058670066
14,89,17.669108449411524
14,90,16.194952309516992
14,91,17.05806769909011
15,1,15.791256744536128
15,2,12.970774723916495
15,3,10.440783132215566
15,4,6.711345357304122
15,5,5.612803730651264
15,6,4.935315158854409
15,7,6.221555613708264
15,8,8.573227753187979
15,9,11.318213348059116
15,10,14.107025626224946
15,11,13.408467921985753
15,12,9.988382839550257
15,13,6.6271885291534005
15,14,3.806238208904042
15,16,3.7971657360039996
15,17,6.6029851331080165
15,18,9.419876848739307
15,19,12.476478666738675
15,20,14.413669343975743
15,21,14.765780810988726
15,22,17.06771832255299
15,23,16.270941295153804
15,24,15.000613299513551
15,25,11.957875550598198
15,26,12.151772153623256
15,27,10.451910667566215
15,28,12.126029514212116
15,29,11.756124764152453
15,30,14.831717064886254
15,31,16.49350836894528
15,32,16.271982428593798
15,33,15.248082235885242
15,34,12.894044192639354
15,35,11.71109517478496
15,36,15.363370989868612
15,37,18.133672966878272
15,38,18.332880237797564
15,39,19.86243042039941
15,40,16.90204380097273
15,41,16.246364205900854
15,42,13.64026022686642
15,43,11.128286488960665
15,44,10.455379985382192
15,45,9.533797775583848
15,46,10.614318466289339
15,47,11.142532826891559
15,48,8.35854090534135
15,49,5.6708066271456845
15,50,5.12925751965991
15,51,6.523763289704064
15,52,8.216708678736929
15,53,11.283881961825674
15,54,13.923992299765724
15,55,11.856855744502916
15,56,14.502628689000582
15,57,14.658809216859689
15,58,17.349182482125766
15,59,15.94637373959032
15,60,12.196519720725192
15,61,12.34398199438107
15,62,12.744192669761908
15,63,11.8321069591426
15,64,8.958978860968603
15,65,9.89554231816921
15,66,9.714058725366115
15,67,13.026506414335486
15,68,15.045535243991907
15,69,17.652556678725354
15,70,20.804519691764018
15,71,19.32659805502791
15,72,19.54229328585938
15,73,17.10599222895728
15,74,20.060438613062907
15,75,19.991035610415953
15,76,16.41158394795584
15,77,17.020342734220414
15,78,13.827473932468815
15,79,11.84851410465241
15,80,9.378457404688183
15,81,11.446622121465644
15,82,9.96659714964081
15,83,12.77966104395706
15,84,12.215680500170944
15,85,14.649853232276321
15,86,14.361471708090606
15,87,18.003063781173566
15,88,19.665390441945984
15,89,20.260919991684325
15,90,18.260584602763405
15,91,18.79363517689697
16,1,13.269468147251821
16,2,10.46115158492105
16,3,8.891860488054583
16,4,5.638066245342891
16,5,4.8493645548028
16,6,6.680777418229619
16,7,8.21944049443456
16,8,11.434257451884033
16,9,13.84474074566591
16,10,16.976406099906622
16,11,16.678063383703673
16,12,13.11656880629898
16,13,10.096570368603981
16,14,6.643621848567629
16,15,3.7971657360039996
16,17,3.79492490731562
16,18,6.415764455735019
16,19,9.118527882107372
16,20,11.087742102818337
16,21,11.117997824450722
16,22,13.651073288332272
16,23,13.275047610481037
16,24,12.657047886453258
16,25,10.016433338957492
16,26,11.323832083955452
16,27,10.711959102453198
16,28,13.207680081687393
16,29,13.824582639169732
16,30,16.945667717392034
16,31,17.953678875549684
16,32,17.912549372908106
16,33,16.359233483565767
16,34,14.330648489191748
16,35,12.696425906478106
16,36,15.999311072419387
16,37,19.040061949694998
16,38,19.89772886977929
16,39,21.91578518736632
16,40,19.31504413554834
16,41,18.354500547160743
16,42,16.222499966004165
16,43,13.44582938371984
16,44,11.802737614204545
16,45,9.75377006592226
16,46,9.671009467563719
16,47,8.912297943379578
16,48,5.549374145473005
16,49,4.4509644669928425
16,50,6.344605342509059
16,51,8.753739564532621
16,52,11.379735068121636
16,53,14.312180839125647
16,54,17.301620128072674
16,55,15.527985293029353
16,56,18.259887594559057
16,57,18.41446246166294
16,58,21.015047341226843
16,59,19.463606925621704
16,60,15.718589775572594
16,61,15.761944817501602
16,62,15.602823881901145
16,63,13.951081242970789
16,64,10.696753981174227
16,65,10.255437606108002
16,66,8.896928284031608
16,67,11.446254517535193
16,68,12.82307101428392
16,69,15.708433436738444
16,70,18.83539674858115
16,71,17.64769870528664
16,72,18.563542104436223
16,73,16.739099450512615
16,74,19.79968108325964
16,75,19.10295589997204
16,76,15.59650418560705
16,77,16.314358298185923
16,78,13.176414634784123
16,79,12.244390471619843
16,80,10.614259841846215
16,81,13.535089770237425
16,82,12.852555829489882
16,83,15.987327998074152
16,84,15.680046196843733
16,85,18.24006608219733
16,86,17.880125988656463
16,87,21.41769566262378
16,88,22.809487539507593
16,89,23.05999910181319
16,90,21.1858597597695
16,91,21.21895530969461
17,1,10.601373355760241
17,2,8.631083325779075
17,3,7.822241054281672
17,4,5.2638841430841055
17,5,6.794526635191637
17,6,9.262718662936779
17,7,11.631090804028508
17,8,14.735010321868717
17,9,17.446045950487473
17,10,20.52048993917571
17,11,19.975305509572607
17,12,16.44543843763789
17,13,13.222307904353169
17,14,10.041563095769918
17,15,6.6029851331080165
17,16,3.79492490731562
17,18,3.8065905827953053
17,19,6.053761779732461
17,20,7.978984276540587
17,21,9.072835970066393
17,22,11.83334352946106
17,23,10.912002442247122
17,24,10.764123975132792
17,25,7.865915594947323
17,26,9.377261237732526
17,27,9.200409695721367
17,28,11.84162055829786
17,29,13.239467352007447
17,30,16.100775189226006
17,31,16.4566001539731
17,32,16.866071697512034
17,33,15.22825502839963
17,34,14.012318805129329
17,35,12.828787430672314
17,36,15.852158202931962
17,37,19.29999353445805
17,38,20.274251771666105
17,39,22.78094717027296
17,40,20.627003472412742
17,41,20.07755004830425
17,42,18.396007420106436
17,43,15.135295978025939
17,44,13.45608566490548
17,45,10.68787909321807
17,46,10.740697827932577
17,47,9.11609992915855
17,48,5.333473831155642
17,49,6.414585309342377
17,50,8.11717918774906
17,51,11.416287827539902
17,52,13.864048797629993
17,53,17.173891019386602
17,54,20.139954330015115
17,55,18.060255988799085
17,56,20.37192250310551
17,57,20.26761275319218
17,58,22.429441371621834
17,59,20.638186356274105
17,60,16.97026356630255
17,61,16.77790763097179
17,62,15.754921926743643
17,63,13.287528053227135
17,64,9.892165713830863
17,65,8.162562773926616
17,66,6.137552435563559
17,67,8.10532934105155
17,68,9.619883564175986
17,69,12.898943870225466
17,70,15.673299076875509
17,71,14.237314754367816
17,72,15.349684302412115
17,73,13.827594798105391
17,74,16.772862197643786
17,75,15.683966963621607
17,76,12.269545073097344
17,77,13.147485058933729
17,78,10.327713057852357
17,79,10.220323887953192
17,80,9.768635972853868
17,81,13.29434640038404
17,82,13.662383537416895
17,83,17.225301973642637
17,84,17.694218197580543
17,85,20.66022025622299
17,86,20.80462888372706
17,87,24.409276406794152
17,88,26.105487760077075
17,89,26.377931346481596
17,90,24.222604159516507
17,91,24.213594432209966
18,1,7.033619772564624
18,2,4.990183471094538
18,3,5.423191636134131
18,4,4.965617570595584
18,5,7.091698270205585
18,6,10.425788587684027
18,7,13.170379590240122
18,8,16.54637447212303
18,9,19.346546449572124
18,10,22.712955938146447
18,11,22.628911756136343
18,12,19.249819139527673
18,13,15.91445283345857
18,14,12.844869571831135
18,15,9.419876848739307
18,16,6.415764455735019
18,17,3.8065905827953053
18,19,3.7941039241492502
18,20,7.192003126842913
18,21,8.49141972317082
18,22,11.985593477316653
18,23,11.704654915952156
18,24,12.70544966234613
18,25,10.358920299520644
18,26,12.284574901401696
18,27,12.339917769941145
18,28,14.671623658178644
18,29,16.056628978503742
18,30,18.429031009422165
18,31,18.720938773495693
18,32,19.703337667669807
18,33,18.315083543100535
18,34,17.52007906735505
18,35,16.540174671594983
18,36,19.441701143802092
18,37,22.9580355077829
18,38,23.982413553245387
18,39,26.54670980982432
18,40,24.392981575425065
18,41,23.86139438093453
18,42,22.073518789148785
18,43,18.888830050894992
18,44,17.210036310570736
18,45,14.384523220584157
18,46,13.994304026519542
18,47,11.718076895443444
18,48,8.05274066838132
18,49,9.762166970590878
18,50,11.829626178196612
18,51,14.908392400170998
18,52,17.282841739641576
18,53,20.504694248984624
18,54,23.319354701956275
18,55,21.093974671680936
18,56,23.28755921494614
18,57,22.740558307354885
18,58,24.98803714743218
18,59,23.527624524049045
18,60,19.837472007135062
18,61,19.07254919666485
18,62,17.756742782361055
18,63,15.078624897084127
18,64,12.183570903947693
18,65,10.11032284533661
18,66,8.452461672689203
18,67,9.477926006375359
18,68,10.726015484365012
18,69,14.391261009833578
18,70,16.57573869559629
18,71,14.957627280831392
18,72,16.442968074519626
18,73,15.272729181164433
18,74,17.68413462951262
18,75,15.847098424300983
18,76,12.487537833620554
18,77,12.557433435640133
18,78,9.612510674851231
18,79,10.609587855216345
18,80,10.59161214144237
18,81,14.286831057143843
18,82,15.17523144656911
18,83,18.735820910930393
18,84,19.426380125868253
18,85,22.59568589766988
18,86,22.954636545210533
18,87,26.37818362067368
18,88,28.014861376102033
18,89,27.824386400460632
18,90,25.5303780686868
18,91,24.9956917925144
19,1,7.01536913825818
19,2,6.601944728049097
19,3,8.61875753432398
19,4,8.738545855088262
19,5,10.686820278089463
19,6,14.08108967366764
19,7,16.55710691801359
19,8,20.011597226606806
19,9,22.60106280429869
19,10,25.93881447298463
19,11,25.758760599508403
19,12,22.221386237077084
19,13,19.067653400507233
19,14,15.749583634308316
19,15,12.476478666738675
19,16,9.118527882107372
19,17,6.053761779732461
19,18,3.7941039241492502
19,20,3.784221736361176
19,21,5.606321353026548
19,22,9.108836488167132
19,23,8.983146352595224
19,24,10.916096640464168
19,25,9.46817742637242
19,26,12.095907669691504
19,27,13.20015361763207
19,28,15.92128147174843
19,29,18.026703761858766
19,30,20.4281531891618
19,31,20.053323353268492
19,32,20.948125574409758
19,33,19.11707863246555
19,34,18.65361657447084
19,35,17.475421267840584
19,36,19.822229117672435
19,37,23.38152327998923
19,38,24.857263168976804
19,39,27.772359573743163
19,40,26.02810594262381
19,41,25.3910839885725
19,42,24.078333887263234
19,43,20.726865002034778
19,44,18.605389412711126
19,45,15.298153739285423
19,46,14.395860694908656
19,47,11.397086209400719
19,48,8.379952126548346
19,49,11.28882469453009
19,50,13.763011490442555
