1,2,3.8042053019572357
1,3,6.904009602619213
1,4,9.925033871552165
1,5,13.284536784433046
1,6,16.609490871518528
1,7,19.702729098004365
1,8,23.36799028734075
1,9,24.549827876507283
1,10,27.61835571100426
1,11,29.3009888224238
1,12,32.99757863580175
1,13,33.94073672736969
1,14,36.760933853757415
1,15,39.03976029476739
1,16,36.696162908707095
1,17,33.868298856915246
1,18,30.819005037271904
1,19,27.944085304363885
1,20,24.421821397545262
1,21,22.229945956763256
1,22,18.46113429706758
1,23,16.80976979485758
1,24,13.262671563555312
1,25,10.870748304308176
1,26,11.22029016084938
1,27,13.734515175508744
1,28,17.393485528553068
1,29,17.864349161751438
1,30,18.315263572552837
1,31,16.05236674276219
1,32,16.808057250189382
1,33,15.567991487931174
1,34,16.742620007859053
1,35,16.94955395425793
1,36,18.415471352966353
1,37,20.6775367330008
1,38,21.608723336844626
1,39,24.594301064732086
1,40,25.361542556156078
1,41,24.34860471947096
1,42,23.98972894804034
1,43,22.21082323807673
1,44,24.79017854250364
1,45,25.70205832553477
1,46,23.449040258252598
1,47,25.484616165577624
1,48,24.151771474662908
1,49,21.92425571907355
1,50,21.773903008917184
1,51,20.84199674804392
1,52,20.328781859497525
1,53,20.575252115726567
1,54,20.975656387078264
1,55,24.61134691357678
1,56,26.40917799206541
1,57,27.234345418176613
1,58,24.85964313174958
1,59,25.849374729854958
1,60,25.82635764693266
1,61,27.220394932229397
1,62,27.937387820229382
1,63,28.99049336560331
1,64,30.135519641996332
1,65,32.83783520594232
1,66,31.24648503598519
1,67,32.51729065047673
1,68,29.11368907506015
1,69,28.54067169073869
1,70,25.373085675628058
1,71,25.017230934256865
1,72,22.125170359290195
1,73,21.438105514330804
1,74,18.738870370077336
1,75,15.97219232536567
1,76,17.95207296814894
1,77,19.828776343485224
1,78,23.081572591321816
1,79,24.611479790679
1,80,28.403706537234783
1,81,29.78842117180468
1,82,33.57273483021675
1,83,36.30894315638189
1,84,34.34834077545217
1,85,36.57322527240124
1,86,37.31706700741343
1,87,36.22260873112312
1,88,32.72646576651134
1,89,32.124143522173554
1,90,28.87985397323736
1,91,25.271705525620863
1,92,23.09724655048321
1,93,19.308697734796805
1,94,17.203419852814744
1,95,14.575540665328665
1,96,12.606457430600619
1,97,11.445730496527403
1,98,11.599009239376421
1,99,13.773449119828468
1,100,14.722657527730533
1,101,14.380722641871637
1,102,12.005380980434564
1,103,9.699178044794984
1,104,9.299902069561877
1,105,6.8569739286988955
1,106,7.554456097773336
1,107,8.524526636843207
1,108,9.27064221541381
1,109,12.9825528551432
1,110,15.015942560347495
1,111,18.323770218628667
1,112,20.068166671172733
1,113,23.320715274501357
1,114,26.820576481240135
1,115,28.981638785112278
1,116,32.64362200725934
1,117,34.84874870064123
1,118,38.43062655914337
2,1,3.8042053019572357
2,3,3.792467568316828
2,4,6.490277191689649
2,5,9.628168714446545
2,6,13.031888464655236
2,7,16.003086552871853
2,8,19.661934519519825
2,9,20.79579223344743
2,10,23.828948915619
2,11,25.5368944890147
2,12,29.229894977334638
2,13,30.240453855221148
2,14,33.115956792750644
2,15,35.454444163731104
2,16,33.11018398409619
2,17,30.34717522565755
2,18,27.259239108404554
2,19,24.485405642834493
2,20,20.901712188459197
2,21,18.83600405441935
2,22,15.043895564708283
2,23,13.599528410923408
2,24,10.302450374120028
2,25,8.518182788401225
2,26,9.734790212142661
2,27,12.948096607949829
2,28,16.622059784531253
2,29,17.106691129850812
2,30,17.967418129013232
2,31,15.918647161682134
2,32,16.40355755031016
2,33,14.385012703664
2,34,14.978024099505266
2,35,14.43891510160889
2,36,15.558776752780362
2,37,17.437362509581416
2,38,18.370101907729204
2,39,21.213515534609133
2,40,22.02609627245976
2,41,21.072274711327402
2,42,21.053089316770347
2,43,19.162896076637647
2,44,21.984587665792244
2,45,22.79312748301635
2,46,20.594537239736677
2,47,22.42243450115164
2,48,21.28092079891786
2,49,19.430013426325665
2,50,19.43687012105746
2,51,19.099813106967492
2,52,18.976759577694132
2,53,19.90172530114367
2,54,20.510739018519473
2,55,23.91815350115221
2,56,25.50854175039861
2,57,25.818000449927457
2,58,23.085738572867413
2,59,24.009362767254586
2,60,23.522925884739927
2,61,24.83802414770992
2,62,25.351868752731892
2,63,26.57567084121481
2,64,27.397039895445
2,65,30.00019822509319
2,66,28.212482803545143
2,67,29.503709661387578
2,68,26.14250785047077
2,69,25.695017404845473
2,70,22.652616722766364
2,71,22.431076905996537
2,72,19.829978159113118
2,73,19.233725646444046
2,74,16.962280022210923
2,75,13.78345386418182
2,76,15.220852536309785
2,77,16.975903771943717
2,78,19.972746063373776
2,79,21.40579689315598
2,80,25.177462577838735
2,81,26.454804501395106
2,82,30.25811974909665
2,83,32.95150095383147
2,84,30.871355944546277
2,85,33.05913807853083
2,86,33.68505370936751
2,87,32.67728474029651
2,88,29.19258744163794
2,89,28.452835463270027
2,90,25.23457598697291
2,91,21.59756553796963
2,92,19.459953645299425
2,93,15.692548259038356
2,94,13.663547089394116
2,95,11.386700705370242
2,96,9.93418024460944
2,97,9.81783441543774
2,98,11.027254487634577
2,99,13.871656085618888
2,100,15.390155848554222
2,101,15.563235592157906
2,102,13.754229806795163
2,103,11.745371548323662
2,104,10.244367978298667
2,105,6.850694392866523
2,106,5.725495407496386
2,107,5.159864414452712
2,108,5.7592328800559045
2,109,9.508539799875411
2,110,11.26730982127431
2,111,14.639357021620635
2,112,16.293306102114446
2,113,19.520694001747152
2,114,23.035971319040456
2,115,25.217995750976925
2,116,28.86540288096174
2,117,31.124746935124186
2,118,34.6796255125812
3,1,6.904009602619213
3,2,3.792467568316828
3,4,3.796472740549928
3,5,6.738721175308704
3,6,10.198317472388926
3,7,13.14117861912091
3,8,16.885834208056853
3,9,18.548592077026285
3,10,21.395728029091504
3,11,22.782625184505044
3,12,26.496659530644816
3,13,27.382654727502878
3,14,30.0566470187161
3,15,32.42369935689347
3,16,30.28295627401681
3,17,27.330145796363656
3,18,24.145585282816977
3,19,21.16881054821465
3,20,17.7130695551055
3,21,15.361574491202463
3,22,11.595056709850473
3,23,9.978232190879488
3,24,6.544969835787959
3,25,5.19423526111363
3,26,6.628144746651164
3,27,10.173763822324945
3,28,13.707122699425408
3,29,14.250217988090187
3,30,15.572837315442975
3,31,14.037128182127136
3,32,14.734326913450179
3,33,12.39942339668737
3,34,13.057503423849125
3,35,11.964272116973387
3,36,13.46798348728334
3,37,15.282773317710449
3,38,16.85233560695372
3,39,19.751780572163955
3,40,21.077297538830035
3,41,20.601313742956847
3,42,21.007919837441975
3,43,18.66040323764084
3,44,21.525650645512954
3,45,21.759668155399897
3,46,19.23117190316296
3,47,20.493916006021543
3,48,19.04004063300605
3,49,17.251117534750875
3,50,16.805665414565365
3,51,16.778170722204727
3,52,16.502708638128546
3,53,17.798848783360732
3,54,18.2019942118605
3,55,21.377438483160745
3,56,23.04119397083874
3,57,22.99909814924469
3,58,20.203121602215877
3,59,21.441373214739503
3,60,20.875326337312185
3,61,22.535506243290158
3,62,23.319050171853203
3,63,25.007991599646026
3,64,25.783480627396962
3,65,28.039276960586477
3,66,25.921544856539192
3,67,26.855068492472096
3,68,23.357374977567414
3,69,22.596011459618705
3,70,19.41971368397244
3,71,18.923717330706936
3,72,16.294625830609547
3,73,15.547671970653916
3,74,13.425738579052947
3,75,10.101122372914253
3,76,11.453055156322275
3,77,13.406663058028393
3,78,16.46558010538029
3,79,18.21359486872283
3,80,21.94069600903434
3,81,23.527953481127252
3,82,27.326450102953398
3,83,30.229446967676978
3,84,28.344982930854215
3,85,30.79254219918393
3,86,31.515073843476227
3,87,30.86466177189123
3,88,27.28330791203989
3,89,26.512895167508752
3,90,23.578410483638535
3,91,20.01329289215282
3,92,17.571445046290144
3,93,13.941703737952889
3,94,11.342226939548155
3,95,9.480068959195505
3,96,7.730094646792631
3,97,8.613889524018768
3,98,9.965156177372226
3,99,13.442567140526013
3,100,14.810443462243226
3,101,15.138192639915761
3,102,14.254715962192636
3,103,12.88953863156481
3,104,11.187512784231174
3,105,7.375707028899174
3,106,6.016907880503267
3,107,4.331469072243364
3,108,6.163105261507336
3,109,9.310698148872376
3,110,9.972229587549107
3,111,13.41760769719477
3,112,14.555533720170779
3,113,17.34056105958894
3,114,21.02493498567668
3,115,22.879227368398595
3,116,26.574304028297483
3,117,28.704516743455
3,118,32.25177666127855
4,1,9.925033871552165
4,2,6.490277191689649
4,3,3.796472740549928
4,5,3.7752967532414834
4,6,6.715193854829989
4,7,10.025105028789998
4,8,13.622756635096513
4,9,15.203793184144404
4,10,18.26624445572688
4,11,19.930457395255118
4,12,23.707031554494755
4,13,24.966175988017707
4,14,27.65196229406757
4,15,30.301301667927888
4,16,28.330962813411137
4,17,25.46584111739396
4,18,22.07427844152267
4,19,19.190768928514675
4,20,15.768997251314435
4,21,13.332714070596811
4,22,9.645577510357507
4,23,7.663878777897405
4,24,5.206820889167269
4,25,4.587042179665386
4,26,7.7835899598819225
4,27,11.603473891433918
4,28,14.614036083777803
4,29,15.678958988138534
4,30,17.656323950652492
4,31,16.69728627830211
4,32,17.455044561462703
4,33,14.76355576976812
4,34,14.946786797492786
4,35,12.9277094719957
4,36,13.88897784231599
4,37,14.80750508131939
4,38,16.313715806477504
4,39,18.694514779684507
4,40,19.8812615771113
4,41,19.243232281004012
4,42,20.314285748418147
4,43,18.14724661394435
4,44,21.375669453272373
4,45,21.593038119241175
4,46,19.33709622026731
4,47,20.169122001087274
4,48,19.072494497036615
4,49,17.955593055391855
4,50,17.571505507755663
4,51,18.30190237327078
4,52,18.257438935484178
4,53,20.062311483054884
4,54,20.341277941883806
4,55,23.174759411161595
4,56,24.80360221205375
4,57,24.223857041948275
4,58,21.22184880334624
4,59,22.562998372010398
4,60,21.496312465327712
4,61,23.135176494801946
4,62,23.678510977662366
4,63,25.59736114817332
4,64,25.864327824303714
4,65,27.897451394473837
4,66,25.448376412235465
4,67,26.300720828726313
4,68,22.894402850737425
4,69,22.16838215215345
4,70,19.16444763743044
4,71,18.542139652362316
4,72,16.28145724747816
4,73,15.190448150021272
4,74,13.534884074275116
4,75,9.794551002522352
4,76,10.56253750463792
4,77,12.780750962126932
4,78,15.2800149693962
4,79,17.1673329957943
4,80,20.7092181973712
4,81,22.27239253698486
4,82,26.050650874343518
4,83,28.92497600440001
4,84,26.842145911401612
4,85,29.204137120411
4,86,29.564772625871118
4,87,29.140118183186974
4,88,25.671030042720098
4,89,24.440443163165554
4,90,21.56325348618687
4,91,17.922502857123213
4,92,15.8540143306513
4,93,12.483736736762335
4,94,10.282266667370086
4,95,9.736214880952211
4,96,9.16177395552898
4,97,11.260785161930094
4,98,13.12253199283931
4,99,16.74680475714459
4,100,18.197349199607576
4,101,18.599113950381692
4,102,17.981344744601937
4,103,16.684588281438216
4,104,14.863432801065441
4,105,11.052742040001014
4,106,9.029712821424233
4,107,5.9396431421339555
4,108,6.1185957425089335
4,109,8.386353727138346
4,110,7.671302956787579
4,111,10.576589538786719
4,112,12.0196718961606
4,113,14.63630453639671
4,114,18.378649462506385
4,115,20.44221594878143
4,116,24.003735131916716
4,117,26.41322572263799
4,118,29.8024614480242
5,1,13.284536784433046
5,2,9.628168714446545
5,3,6.738721175308704
5,4,3.7752967532414834
5,6,3.788512310401112
5,7,6.43675796711358
5,8,10.161329734219565
5,9,11.921067064845717
5,10,14.723295446964702
5,11,16.219075299908052
5,12,19.981379915265716
5,13,21.19778499846265
5,14,23.9302384207633
5,15,26.58403056028353
5,16,24.60444183913003
5,17,21.798219278043586
5,18,18.398478708134775
5,19,15.659510676010578
5,20,12.17891711132657
5,21,10.022931690625146
5,22,6.433077107038764
5,23,5.387089114869506
5,24,4.755428216037538
5,25,6.6405575145967655
5,26,9.548060057997212
5,27,13.060580386764368
5,28,15.618129756749163
5,29,16.356494975140343
5,30,18.416198768576244
5,31,17.673509959691604
5,32,17.99500796605165
5,33,14.827298166448026
5,34,14.287522545722162
5,35,11.472199543825061
5,36,11.834845317600264
5,37,12.004144237532746
5,38,13.636405160930865
5,39,15.71854719427342
5,40,17.142217336074985
5,41,16.869312951823815
5,42,18.359801248037964
5,43,16.000061382249477
5,44,19.25846620523742
5,45,19.14048856437123
5,46,16.968801141852577
5,47,17.33084321914405
5,48,16.46089277015849
5,49,15.941653832293321
5,50,15.738616836187676
5,51,17.20728525666491
5,52,17.65908882463123
5,53,20.07633951913127
5,54,20.63083827850203
5,55,23.021955913848604
5,56,24.26629845810806
5,57,23.1399379818257
5,58,19.862128989088145
5,59,21.01377022408949
5,60,19.42374024855715
5,61,20.90464304907603
5,62,21.220121974454134
5,63,23.330372408756485
5,64,23.235853399018026
5,65,25.031200707959282
5,66,22.372530194609585
5,67,23.17843675602824
5,68,19.896154738727123
5,69,19.341489710253533
5,70,16.639990862122172
5,71,16.288936520365343
5,72,14.666276782563607
5,73,13.94370557303605
5,74,13.240056042186747
5,75,9.557369494649455
5,76,8.933091424279283
5,77,10.532386060854764
5,78,12.36375285339553
5,79,14.006690321821388
5,80,17.421503917811595
5,81,18.829065635370004
5,82,22.577632189526472
5,83,25.393531265751427
5,84,23.24302891785129
5,85,25.606140901336545
5,86,25.91338305777989
5,87,25.65461187638324
5,88,22.195597248350918
5,89,20.884996922128277
5,90,18.187491506144912
5,91,14.652571986363238
5,92,12.511827858246857
5,93,9.460307182052539
5,94,7.340032618713584
5,95,8.05113159747846
5,96,8.59647088702359
5,97,11.711804756937394
5,98,14.170712692877105
5,99,17.803345910345975
5,100,19.59575248700776
5,101,20.40711912479649
5,102,20.156324780999412
5,103,19.090590107633666
5,104,16.78067329907463
5,105,13.100310516837935
5,106,10.500879539750782
5,107,7.0087304250590545
5,108,7.179853273343362
5,109,7.665899852115569
5,110,5.587401733677441
5,111,8.215460013351695
5,112,8.839595955375922
5,113,11.0678017886813
5,114,14.854707517435012
5,115,16.739372746851576
5,116,20.314998107292958
5,117,22.67467863104282
5,118,26.05962168206667
6,1,16.609490871518528
6,2,13.031888464655236
6,3,10.198317472388926
6,4,6.715193854829989
6,5,3.788512310401112
6,7,3.8020117490226486
6,8,7.03643894876879
6,9,9.069223185108358
6,10,12.025222356426047
6,11,13.721091060597134
6,12,17.514782214799155
6,13,19.161031091914484
6,14,21.73999689209138
6,15,24.72675524347833
6,16,23.105240838875353
6,17,20.376292266367923
6,18,16.760894176200175
6,19,14.14181513737171
6,20,11.049766198925434
6,21,8.791695973518713
6,22,6.16614195616699
6,23,4.895312454612159
6,24,6.580025715178158
6,25,8.626535268690054
6,26,11.77836924630504
6,27,15.016476457237294
6,28,16.918709186500248
6,29,18.080031736381784
6,30,20.61387998984492
6,31,20.420241500945213
6,32,20.937402807858568
6,33,17.78046142225793
6,34,17.153141094274982
6,35,13.943444233495285
6,36,14.026155956135055
6,37,13.349355004880211
6,38,14.966407658872678
6,39,16.32594486452798
6,40,17.67268606652598
6,41,17.400103294855676
6,42,19.567719006041056
6,43,17.43912865590241
6,44,20.80205938370578
6,45,20.51680658439451
6,46,18.6281589660859
6,47,18.372464927732644
6,48,17.771036503705968
6,49,17.86750419355658
6,50,17.52523750634948
6,51,19.496830112843718
6,52,19.938773243555747
6,53,22.580834182795776
6,54,22.879944826062502
6,55,24.906667477015134
6,56,26.18012762035924
6,57,24.626904308995723
6,58,21.372267768242054
6,59,22.710102590919533
6,60,20.82375252002292
6,61,22.364980916895114
6,62,22.584393326561745
6,63,24.951239721400828
6,64,24.42623130704438
6,65,25.82239694968758
6,66,22.827746441839302
6,67,23.355960296752972
6,68,20.252628757793765
6,69,19.594540349146644
6,70,17.163193178390408
6,71,16.528663663631555
6,72,15.362536709812982
6,73,14.235111690365104
6,74,14.065785935715224
6,75,10.581351329347681
6,76,9.442757650454427
6,77,11.165779543895557
6,78,12.083466016256107
6,79,13.932359337978038
6,80,16.834463508020242
6,81,18.3158117915257
6,82,21.875387935059397
6,83,24.6766378300728
6,84,22.46620062448491
6,85,24.78153604587833
6,86,24.70630035985807
6,87,24.86944227596762
6,88,21.61242396083653
6,89,19.785014659612166
6,90,17.41157853310326
6,91,14.049393513286331
6,92,12.467162727124899
6,93,10.309363840155392
6,94,8.928785586459355
6,95,10.87358023417928
6,96,11.879702977331199
6,97,15.239784078403959
6,98,17.62544990857444
6,99,21.29796710546867
6,100,22.938643494633858
6,101,23.688029867117862
6,102,23.690307233892323
6,103,22.72955684927867
6,104,20.5202575696385
6,105,16.827693519518075
6,106,14.286811609720033
6,107,10.75058713740471
6,108,10.338462537433596
6,109,10.092930663524655
6,110,6.844908340115938
6,111,7.674080351862223
6,112,8.236419057599226
6,113,9.503907311032439
6,114,13.209119136900627
6,115,15.115774770149043
6,116,18.40376774175079
6,117,21.00718981055434
6,118,24.11710440600201
7,1,19.702729098004365
7,2,16.003086552871853
7,3,13.14117861912091
7,4,10.025105028789998
7,5,6.43675796711358
7,6,3.8020117490226486
7,8,3.8012767614760294
7,9,6.346285375633751
7,10,8.623508239374267
7,11,9.995590594442193
7,12,13.790564744171935
7,13,15.379904829728599
7,14,18.05741762172562
7,15,21.03657726299515
7,16,19.381163592023057
7,17,16.77997538394708
7,18,13.190614429358094
7,19,10.926649721758093
7,20,7.909207829568802
7,21,6.552646248122864
7,22,5.2827961026416315
7,23,6.212333101582199
7,24,8.98764154040094
7,25,11.852209804782394
7,26,14.501548509577049
7,27,17.384742430205062
7,28,18.97070634237145
7,29,19.691046062456255
7,30,22.068893670470178
7,31,21.947197784990436
7,32,22.02021062563236
7,33,18.6180485738469
7,34,17.38039217857679
7,35,13.762454101748927
7,36,13.15997785796121
7,37,11.5772153979876
7,38,13.146448532637546
7,39,13.928515683781564
7,40,15.50502591096938
7,41,15.740125014852019
7,42,18.264608984362063
7,43,16.04924241438189
7,44,19.220278326497045
7,45,18.55569721088613
7,46,16.897260973211253
7,47,16.065258942818268
7,48,15.829382274560235
7,49,16.65876964075933
7,50,16.586581768600848
7,51,19.186509472403404
7,52,20.123407663464853
7,53,23.193205925349147
7,54,23.795771522470968
7,55,25.379604562753382
7,56,26.201301484444652
7,57,24.18305521559719
7,58,20.764175312788264
7,59,21.784396382609316
7,60,19.397665335656438
7,61,20.644126223368445
7,62,20.558159025758307
7,63,23.03262959991211
7,64,22.09725025596068
7,65,23.17351149671236
7,66,20.011886474491845
7,67,20.487146611206008
7,68,17.6726506726414
7,69,17.31075264538683
7,70,15.449178807372599
7,71,15.258097394446029
7,72,14.988331280072485
7,73,14.456198298177723
7,74,15.257243074153878
7,75,12.257843774593669
7,76,9.970318440390772
7,77,10.544499653886325
7,78,10.260472078656212
7,79,11.502739977202424
7,80,13.988249041502472
7,81,15.137587639650947
7,82,18.56027563136946
7,83,21.214729173078364
7,84,18.920066164624508
7,85,21.195098809073684
7,86,21.045798922052928
7,87,21.428170716109456
7,88,18.238019709159314
7,89,16.31831247065897
7,90,14.291855799339158
7,91,11.276920665402734
7,92,9.776373078607033
7,93,8.631584988911722
7,94,7.925849709630375
7,95,10.964983418626648
7,96,12.766679428858257
7,97,16.472856283807698
7,98,19.17262657114881
7,99,22.674588659361486
7,100,24.5824588548866
7,101,25.661192082940314
7,102,25.87875643518669
7,103,25.07219898241613
7,104,22.51891996171652
7,105,19.030153839928058
7,106,16.222381049223323
7,107,12.778742382265792
7,108,12.508965778879787
7,109,11.186004184118538
7,110,7.611216510405297
7,111,7.470962035110016
7,112,6.409413331135216
7,113,6.323309791207698
7,114,9.922221595103064
7,115,11.454901469613498
7,116,14.731230284565827
7,117,17.248723519310236
7,118,20.35301265894402
8,1,23.36799028734075
8,2,19.661934519519825
8,3,16.885834208056853
8,4,13.622756635096513
8,5,10.161329734219565
8,6,7.03643894876879
8,7,3.8012767614760294
8,9,3.80740711876509
8,10,5.424311969597458
8,11,7.016516759610875
8,12,10.73148705410101
8,13,12.906734758144408
8,14,15.472310929500843
8,15,18.76856334103588
8,16,17.47020140045312
8,17,15.214614029203132
8,18,11.635953156396466
8,19,10.094007601704782
8,20,8.076450948358621
8,21,7.684684461016618
8,22,8.165014228906294
8,23,9.273508754307866
8,24,12.504847911260509
8,25,15.293817863377718
8,26,17.95441866896214
8,27,20.638279805715406
8,28,21.827997399292425
8,29,22.6577812714859
8,30,25.182689662399117
8,31,25.322025173781793
8,32,25.369539102416933
8,33,21.96207563649351
8,34,20.543021481743406
8,35,16.79822955940714
8,36,15.843496088372786
8,37,13.594923908140027
8,38,14.836121857288598
8,39,14.718118925365395
8,40,16.073636651053224
8,41,16.393671297146554
8,42,19.426315234781264
8,43,17.559281305452473
8,44,20.60260495129955
8,45,19.811352255337944
8,46,18.61182692646761
8,47,17.256369415729754
8,48,17.468392684387346
8,49,18.929975350000362
8,50,18.94364517259966
8,51,21.906869231084116
8,52,22.982238138459124
8,53,26.21518000976416
8,54,26.772952087165084
8,55,28.01538288043758
8,56,28.689666323113077
8,57,26.31600611908354
8,58,22.949274246311365
8,59,23.904285103878752
8,60,21.2210231758424
8,61,22.284555846306667
8,62,21.946986337300604
8,63,24.48500311081496
8,64,23.067999358684435
8,65,23.719409206554417
8,66,20.383572499312272
8,67,20.666533830492742
8,68,18.31632605459925
8,69,18.105521510945998
8,70,16.848860977803458
8,71,16.693288538620745
8,72,17.075820339703597
8,73,16.53030904055028
8,74,17.84144252783912
8,75,15.214383093147362
8,76,12.669913275264063
8,77,12.913965524269344
8,78,11.597442943633723
8,79,12.473627086816451
8,80,14.030704459624069
8,81,14.874566110273058
8,82,17.8327595690638
8,83,20.21549239088671
8,84,17.824756239163616
8,85,19.856075511690957
8,86,19.212230956920504
8,87,20.05137834679267
8,88,17.25504745643327
8,89,14.793261294243502
8,90,13.35317139418307
8,91,10.967683139998849
8,92,10.412612675858478
8,93,10.584933074466786
8,94,10.791493326152697
8,95,14.234610565654199
8,96,16.322166754068675
8,97,20.08340528820152
8,98,22.818652704594133
8,99,26.265254063326104
8,100,28.182520041130637
8,101,29.301994249155488
8,102,29.632263649578206
8,103,28.864405368213937
8,104,26.27313723311051
8,105,22.81608135646552
8,106,19.94607164143914
8,107,16.47396230002954
8,108,15.90823485088156
8,109,14.16721914315328
8,110,10.447898992848199
8,111,8.994944283551742
8,112,7.605707145660531
8,113,5.707955413088415
8,114,8.290189760491383
8,115,9.589037961533885
8,116,12.255610478760161
8,117,15.008848981802382
8,118,17.705123097573654
9,1,24.549827876507283
9,2,20.79579223344743
9,3,18.548592077026285
9,4,15.203793184144404
9,5,11.921067064845717
9,6,9.069223185108358
9,7,6.346285375633751
9,8,3.80740711876509
9,10,3.8183954802914233
9,11,7.1861129147479925
9,12,10.461757797005397
9,13,13.277363731664517
9,14,16.238866588090612
9,15,19.52719082299725
9,16,17.98420263805908
9,17,16.440294793308166
9,18,13.280621683295047
9,19,12.667765079838906
9,20,10.699520659116677
9,21,11.125048937551625
9,22,11.271988470181913
9,23,12.43113519443664
9,24,15.209300892550967
9,25,17.68891528234522
9,26,20.66507345788675
9,27,23.657280298282785
9,28,25.15129041889644
9,29,25.98421030547286
9,30,28.371469419760334
9,31,28.1903310136291
9,32,28.016875545369363
9,33,24.463067467833977
9,34,22.73354293145524
9,35,19.018137411814383
9,36,17.45705437807105
9,37,14.78973738995572
9,38,15.077942507759106
9,39,14.20606833062306
9,40,14.693031096004894
9,41,14.433108850686578
9,42,17.834887660754262
9,43,16.66193991061573
9,44,19.83546217828232
9,45,19.570305755842213
9,46,19.07742429031774
9,47,18.026533896364814
9,48,18.980614441770825
9,49,20.802065558960912
9,50,21.407566424532625
9,51,24.435360615328143
9,52,25.8447678967718
9,53,29.112772075370607
9,54,29.9268482683158
9,55,31.307515383717664
9,56,31.826216076227517
9,57,29.496390671483585
9,58,25.99269627156771
9,59,26.57999761952562
9,60,23.662071398895293
9,61,24.223965051326438
9,62,23.32998374598499
9,63,25.44622953537692
9,64,23.61036521161949
9,65,24.465890634845607
9,66,21.383543001001982
9,67,22.16675553609412
9,68,20.235973744249414
9,69,20.628311609281813
9,70,19.74656143637094
9,71,20.040022942933117
9,72,20.548054020051147
9,73,20.195001341691697
9,74,21.363949061090597
9,75,18.506217105462515
9,76,16.097567122719386
9,77,16.19434482137748
9,78,14.847625391251322
9,79,15.081132172270513
9,80,16.48848103657695
9,81,16.55237980020141
9,82,19.29305624212532
9,83,21.088802867957973
9,84,18.196617033582772
9,85,19.543291298261014
9,86,18.285509378146017
9,87,18.78715861820133
9,88,16.382927890416656
9,89,13.393346624364348
9,90,11.642683214816294
9,91,9.286924910550578
9,92,10.056454371982984
9,93,10.70599373395264
9,94,12.106139703598128
9,95,15.591732127140439
9,96,18.219775298275092
9,97,21.918551905037713
9,98,24.96862256213863
9,99,28.315403776190166
9,100,30.53460723370614
9,101,31.732954408959852
9,102,31.68978270696597
9,103,30.64897260374293
9,104,27.89132055853894
9,105,24.46712477320577
9,106,21.26627511519917
9,107,17.643422641744156
9,108,16.345177654056407
9,109,14.040975693307777
9,110,10.410256643817236
9,111,7.714542905662242
9,112,6.697763715028585
9,113,4.740867769127775
9,114,6.29285947899005
9,115,8.748724051326779
9,116,10.913577438163035
9,117,14.278360809959002
9,118,16.723542760351158
10,1,27.61835571100426
10,2,23.828948915619
10,3,21.395728029091504
10,4,18.26624445572688
10,5,14.723295446964702
10,6,12.025222356426047
10,7,8.623508239374267
10,8,5.424311969597458
10,9,3.8183954802914233
10,11,3.7910824240773398
10,12,6.689002978376703
10,13,9.690714894427915
10,14,12.689013204919776
10,15,15.963769243133614
10,16,14.530695617137223
10,17,13.362964195593824
10,18,10.558138107076159
10,19,10.892886882087714
10,20,9.84722012662836
10,21,11.330948858320077
10,22,12.572683959165659
10,23,14.450894310852798
10,24,17.555978411518996
10,25,20.45248125235648
10,26,23.075662509243344
10,27,25.76234659983146
10,28,26.976839709461455
10,29,27.503440034202974
10,30,29.768259971503912
10,31,29.71925921450086
10,32,29.29357414102685
10,33,25.703861763394745
10,34,23.681685542590333
10,35,19.883941999659932
10,36,18.040226672162035
10,37,14.91319290589531
10,38,15.17698681082471
10,39,13.69914823687685
10,40,14.454133578568312
10,41,14.929324439349502
10,42,18.413456714225113
10,43,17.165990694843305
10,44,19.846118083105896
10,45,19.091152175994043
10,46,18.830330377259074
10,47,17.15477185639883
10,48,18.376435270656014
10,49,20.74115048270846
10,50,21.436934996583233
10,51,24.805426103858462
10,52,26.470043704056426
10,53,29.95145582597543
10,54,30.911248351189958
10,55,31.883077110766873
10,56,32.056447803419886
10,57,29.387741390723797
10,58,25.917358733269253
10,59,26.274507285346274
10,60,23.08168220167872
10,61,23.398258380997433
10,62,22.309996687936763
10,63,24.500120242106817
10,64,22.32265549063452
10,65,22.68270501364621
10,66,19.50779625683463
10,67,20.091750467092716
10,68,18.660101707635434
10,69,19.295215733424698
10,70,19.077550900369214
10,71,19.676170050185956
10,72,20.880228532225836
10,73,20.936876932528538
10,74,22.709827503643506
10,75,20.288257477138185
10,76,17.384676371365536
10,77,16.79258883934927
10,78,14.628869820954566
10,79,14.247085025871796
10,80,14.819754143832641
10,81,14.424972379717243
10,82,16.651713433972308
10,83,18.127836411128854
10,84,15.256986160059109
10,85,16.4626424684529
10,86,15.01810998329625
10,87,16.016695358036955
10,88,13.895469076348105
10,89,10.742567167151572
10,90,9.984557255978917
10,91,8.8276662713784
10,92,9.875352068222924
10,93,11.742100285262877
10,94,13.369123238991387
10,95,17.11573424621052
10,96,19.91351419209811
10,97,23.679594622160817
10,98,26.763461422902775
10,99,29.948697103931924
10,100,32.239922986384364
10,101,33.635280940665155
10,102,33.845723767036205
10,103,32.99842175720817
10,104,30.082846392315442
10,105,26.831481257163112
10,106,23.628108104044927
10,107,20.208204325833915
10,108,19.286252044108874
10,109,16.69972792469177
10,110,13.272860952249625
10,111,10.817696451057305
10,112,8.725156562949822
10,113,5.32058306992155
10,114,4.826600935274311
10,115,5.925207034650448
10,116,7.469372590610224
10,117,10.757225361208452
10,118,13.023695403083833
11,1,29.3009888224238
11,2,25.5368944890147
11,3,22.782625184505044
11,4,19.930457395255118
11,5,16.219075299908052
11,6,13.721091060597134
11,7,9.995590594442193
11,8,7.016516759610875
11,9,7.1861129147479925
11,10,3.7910824240773398
11,12,3.7965648573316955
11,13,6.180788745237159
11,14,9.07614118701913
11,15,12.353374551883546
11,16,11.116325886235611
11,17,9.742621111736144
11,18,6.997044969071794
11,19,7.985608888182162
11,20,8.074552778989602
11,21,10.299040717196378
11,22,12.555606573114218
11,23,14.957600996463462
11,24,18.295753692965118
11,25,21.569609416443708
11,26,23.70947441246795
11,27,25.9691319101956
11,28,26.83227816189158
11,29,27.03800500479336
11,30,29.18235709238007
11,31,29.35971616752908
11,32,28.797852214769787
11,33,25.29493930063983
11,34,23.187265311236338
11,35,19.3985643657093
11,36,17.637365697134136
11,37,14.433802429776923
11,38,15.17937757052835
11,39,13.734273581852566
11,40,15.231334462065682
11,41,16.569966320300868
11,42,19.78291857105758
11,43,18.080678937280393
11,44,20.251519466593642
11,45,18.798901957752793
11,46,18.305595498651478
11,47,15.952892083364969
11,48,16.95864941717669
11,49,19.570555164335726
11,50,20.051438872074502
11,51,23.629231304018994
11,52,25.353033350111396
11,53,28.957176209018726
11,54,29.940757123477617
11,55,30.482910834428623
11,56,30.399548820862382
11,57,27.443444258761325
11,58,24.10420042482976
11,59,24.40166280753176
11,60,21.115174419807502
11,61,21.454605065342314
11,62,20.5123519899575
11,63,22.984543874793083
11,64,20.796225977523225
11,65,20.58913086031639
11,66,17.20008384118096
11,67,17.280014315458434
11,68,16.0937037099649
11,69,16.64431567398101
11,70,16.90689333819388
11,71,17.623892803867538
11,72,19.41621110483575
11,73,19.829548656196128
11,74,22.155323202958947
11,75,20.270445750630742
11,76,16.97699201407014
11,77,15.789170292861181
11,78,12.948458487778293
11,79,12.195463679493676
11,80,11.945846686572493
11,81,11.497602383010436
11,82,13.331670565712974
11,83,14.906940754153082
11,84,12.425796962977037
11,85,14.058044561919436
11,86,13.02829686871857
11,87,14.705498482664966
11,88,12.539919042888945
11,89,9.892985383797173
11,90,10.263101544882073
11,91,10.019226283019277
11,92,10.305353036856024
11,93,12.68851219341724
11,94,13.866226793018035
11,95,17.646165374188577
11,96,20.274126194665588
11,97,24.036361696176694
11,98,26.963289437376385
11,99,30.005770064509168
11,100,32.2033416124533
11,101,33.72521257734708
11,102,34.30959054674702
11,103,33.75457176005431
11,104,30.804693569808485
11,105,27.725086433290727
11,106,24.70477756107836
11,107,21.569672393449686
11,108,21.25677662962406
11,109,18.73953980986951
11,110,15.465094077591065
11,111,13.66585003362803
11,112,10.910388206993463
11,113,7.1605159788626365
11,114,6.3636339838238
11,115,4.894701171669114
11,116,6.19840429636408
11,117,8.45814462620368
11,118,10.847435003319697
12,1,32.99757863580175
12,2,29.229894977334638
12,3,26.496659530644816
12,4,23.707031554494755
12,5,19.981379915265716
12,6,17.514782214799155
12,7,13.790564744171935
12,8,10.73148705410101
12,9,10.461757797005397
12,10,6.689002978376703
12,11,3.7965648573316955
12,13,3.7821667587387475
12,14,6.392893268298073
12,15,9.636158913977356
12,16,8.846686708752806
12,17,8.612395560915727
12,18,7.215256739580407
12,19,9.646627371942424
12,20,10.813762554879393
12,21,13.446981197085714
12,22,16.060068316591867
12,23,18.58425657293154
12,24,21.961693352901584
12,25,25.29858629216892
12,26,27.31792313496729
12,27,29.417922181629212
12,28,30.09929328023741
12,29,30.16509742310934
12,30,32.215411613897366
12,31,32.47083669846733
12,32,31.74609024071217
12,33,28.27700217065701
12,34,25.99521629645317
12,35,22.28454205125977
12,36,20.327351845603914
12,37,16.936959187779436
12,38,17.409743819053887
12,39,15.424836143786186
12,40,16.76076717210546
12,41,18.377092349591734
12,42,21.58303389823311
12,43,20.124537130705328
12,44,21.834253456540978
12,45,20.18109001537768
12,46,20.095712667990146
12,47,17.402024411314006
12,48,18.728095923599327
12,49,21.71917044935987
12,50,22.32822037859736
12,51,26.04443892108262
12,52,27.938854499151134
12,53,31.61671075238727
12,54,32.69200008374191
12,55,32.91944846754627
12,56,32.55997080836102
12,57,29.38027638389926
12,58,26.171121654199307
12,59,26.233137917533085
12,60,22.799384601770004
12,61,22.82207017477293
12,62,21.637328130620425
12,63,23.990149176224598
12,64,21.449162374197027
12,65,20.720057183860828
12,66,17.460739933995107
12,67,17.346079871352135
12,68,16.948209619297614
12,69,17.794383821930108
12,70,18.766056149974155
12,71,19.7130201177324
12,72,21.987277597026658
12,73,22.633534486792914
12,74,25.262380100267436
12,75,23.665184058814486
12,76,20.250102232854136
12,77,18.74570204586942
12,78,15.527450106181753
12,79,14.302726014482628
12,80,13.111696974150984
12,81,12.037794512725812
12,82,12.789033434952811
12,83,13.598243437219043
12,84,11.27740629799519
12,85,12.353553329647474
12,86,10.837806626951025
12,87,13.252092024408984
12,88,11.91497405628603
12,89,9.277474314041468
12,90,10.964732672538165
12,91,11.951284078011984
12,92,12.72889741806372
12,93,15.67170724530217
12,94,17.104713090434785
12,95,20.849327807912196
12,96,23.567220863728583
12,97,27.272326889132675
12,98,30.208883074462936
12,99,33.09653643687783
12,100,35.34554872620531
12,101,36.97612075467955
12,102,37.66258991025516
12,103,37.18367874361735
12,104,34.149991143317074
12,105,31.196558834271574
12,106,28.158463239545373
12,107,25.126620177406934
12,108,24.827562076660296
12,109,22.126247492820156
12,110,18.993582347875837
12,111,17.028775891802862
12,112,14.193337839242437
12,113,10.403084353186637
12,114,8.450391568534682
12,115,5.953131973501024
12,116,4.813056085377876
12,117,6.12724492055135
12,118,7.561999529740419
13,1,33.94073672736969
13,2,30.240453855221148
13,3,27.382654727502878
13,4,24.966175988017707
13,5,21.19778499846265
13,6,19.161031091914484
13,7,15.379904829728599
13,8,12.906734758144408
13,9,13.277363731664517
13,10,9.690714894427915
13,11,6.180788745237159
13,12,3.7821667587387475
13,14,3.778602804681587
13,15,6.339499896257865
13,16,5.200623268302185
13,17,5.032129129565334
13,18,4.952262516411264
13,19,8.41418926837715
13,20,10.373295642240754
13,21,13.522040240495445
13,22,16.49768626422552
13,23,19.443689378829696
13,24,22.707693918716668
13,25,26.280951087118602
13,26,27.84468968098637
13,27,29.60863569400275
13,28,30.14153570545736
13,29,29.778406627286373
13,30,31.523798545695357
13,31,31.803619940156562
13,32,30.81822782048198
13,33,27.458636541725006
13,34,25.03294199486527
13,35,21.501841954922686
13,36,19.541403210068097
13,37,16.222425455248832
13,38,16.942477910769174
13,39,15.090468343006608
13,40,16.998067193689387
13,41,19.29408642094871
13,42,22.0810607758829
13,43,20.25310972520074
13,44,21.409741617366308
13,45,19.187088908214545
13,46,18.945893085118154
13,47,15.793387491643184
13,48,16.97677555208388
13,49,20.14791767631723
13,50,20.728942364611427
13,51,24.520469809876374
13,52,26.57289625282386
13,53,30.29805542400848
13,54,31.538132995716065
13,55,31.41618473740194
13,56,30.698768738408518
13,57,27.356570915424683
13,58,24.28133101994289
13,59,24.080028802426522
13,60,20.58404347426826
13,61,20.428253046095477
13,62,19.2778420366138
13,63,21.73078066603215
13,64,19.220853334832192
13,65,17.973707554409874
13,66,14.68380827457975
13,67,14.170819044125913
13,68,14.235884365860963
13,69,15.248602687387134
13,70,16.84371406312849
13,71,18.163718368716218
13,72,20.931681861843607
13,73,22.101936513058337
13,74,25.083037004288265
13,75,23.915176492397855
13,76,20.27925242635535
13,77,18.173929106236038
13,78,14.631507233650035
13,79,12.81337547612046
13,80,10.834688658786305
13,81,9.307056267417332
13,82,9.319930181754623
13,83,9.992277010860533
13,84,8.172790227505713
13,85,9.768797922653643
13,86,9.16351344721433
13,87,12.039439093540956
13,88,10.620232795277925
13,89,9.140491073521623
13,90,11.523602815075295
13,91,13.021371043767823
13,92,13.096929459291632
13,93,16.22491836729516
13,94,17.35123484197409
13,95,20.896722244183124
13,96,23.479744977525066
13,97,27.0324923674482
13,98,29.843903890609422
13,99,32.47048820297672
13,100,34.70688298061416
13,101,36.497226160977426
13,102,37.42432054961539
13,103,37.174337232819724
13,104,34.07921506231038
13,105,31.390803299570837
13,106,28.507246395054178
13,107,25.824645240017137
13,108,26.009715399295864
13,109,23.331433726157112
13,110,20.493331902245043
13,111,19.08481392587193
13,112,15.816255618107483
13,113,12.144257268047
13,114,10.386944177595073
13,115,6.907329836665232
13,116,6.076506546875503
13,117,4.960659024616432
13,118,6.7762047962062955
14,1,36.760933853757415
14,2,33.115956792750644
14,3,30.0566470187161
14,4,27.65196229406757
14,5,23.9302384207633
14,6,21.73999689209138
14,7,18.05741762172562
14,8,15.472310929500843
14,9,16.238866588090612
14,10,12.689013204919776
14,11,9.07614118701913
14,12,6.392893268298073
14,13,3.778602804681587
14,15,3.78992279021735
14,16,5.273693280315408
14,17,5.411121285896311
14,18,6.407899071173741
14,19,9.695577735019485
14,20,12.593448867009997
14,21,15.371029106737659
14,22,18.752832554182458
14,23,21.505242596212522
14,24,24.917904876685476
14,25,28.49855891702716
14,26,29.83744677074857
14,27,31.254372364056476
14,28,31.36108627096416
14,29,31.00123158117002
14,30,32.81826379426909
14,31,33.45819241117446
14,32,32.61292121114837
14,33,29.468181996037952
14,34,27.246553913190812
14,35,23.826115837796678
14,36,22.222836362466378
14,37,19.15913755209396
14,38,20.236473309209817
14,39,18.59173542297069
14,40,20.664319166881555
14,41,23.05573611347781
14,42,25.776848813238402
14,43,23.845198760932742
14,44,24.834097138888428
14,45,22.36277540450471
14,46,21.926222855521093
14,47,18.52291727382324
14,48,19.298449583249035
14,49,22.332281848362772
14,50,22.48220183883461
14,51,26.219921908117904
14,52,28.034843730760958
14,53,31.694420533780324
14,54,32.70390336904727
14,55,32.191993102109066
14,56,31.439398512142407
14,57,27.89388957779045
14,58,25.168926684061095
14,59,25.16426193127181
14,60,21.86435398633058
14,61,21.95048881019589
14,62,21.168705172694192
14,63,23.827545506731635
14,64,21.486496787065562
14,65,19.691660215850803
14,66,16.410295243421512
14,67,15.11416174105504
14,68,15.490348960139325
14,69,16.009470304817448
14,70,17.87280557384155
14,71,18.843261942084006
14,72,21.88488785574345
14,73,22.97184299619308
14,74,26.22307226342367
14,75,25.5136418402053
14,76,21.89845105138053
14,77,19.798025969450894
14,78,16.062785301287953
14,79,14.52939728926359
14,80,11.802064851015567
14,81,10.798923772781343
14,82,9.774479408186389
14,83,10.35998664991605
14,84,9.851669287170466
14,85,11.512137190356796
14,86,11.193454447512192
14,87,14.592252818868943
14,88,13.643414803336892
14,89,12.56859670665013
14,90,15.230629466213218
14,91,16.791143520058004
14,92,16.683443401239817
14,93,19.657546618201746
14,94,20.40125221586097
14,95,23.85115131892342
14,96,26.12246688720883
14,97,29.62115734824589
14,98,32.17636655739931
14,99,34.772958239275724
14,100,36.76474224696278
14,101,38.49956429289721
14,102,39.727856103416045
14,103,39.67999730954952
14,104,36.71488497060374
14,105,34.05608299937678
14,106,31.383742135672165
14,107,28.790949493472112
14,108,29.191633000565286
14,109,26.710244168789192
14,110,23.781911719002892
14,111,22.46101848372244
14,112,19.28389126995106
14,113,15.599121675525895
14,114,14.052883307806509
14,115,10.669123955610367
14,116,9.499844968041177
14,117,7.798047320277482
14,118,8.121386499361929
15,1,39.03976029476739
15,2,35.454444163731104
15,3,32.42369935689347
15,4,30.301301667927888
15,5,26.58403056028353
15,6,24.72675524347833
15,7,21.03657726299515
15,8,18.76856334103588
15,9,19.52719082299725
15,10,15.963769243133614
15,11,12.353374551883546
15,12,9.636158913977356
15,13,6.339499896257865
15,14,3.78992279021735
15,16,3.81546880762648
15,17,5.485613036268382
15,18,8.315875116358647
15,19,11.769115224235332
15,20,14.764200844362335
15,21,17.800898558834106
15,22,21.18181327146005
15,23,24.19082861122748
15,24,27.418538725610226
15,25,31.106329901095705
15,26,32.154722661200516
15,27,33.363059718076
15,28,33.42091252982099
15,29,32.69236631310087
15,30,34.17595633251118
15,31,34.748754710757524
