1,2,3.7838833028172574
1,3,6.87090516382445
1,4,9.035855565438782
1,5,9.296496184780057
1,6,12.41396275401347
1,7,14.163624284376906
1,8,16.891524255458172
1,9,20.002133592379803
1,10,21.43410621755441
1,11,25.18556995107766
1,12,27.500438417574646
1,13,31.239382237058
1,14,32.60030038220023
1,15,30.181961132143275
1,16,27.75286595930379
1,17,24.408498524847133
1,18,20.777328151066783
1,19,17.68934491530064
1,20,14.396465010621986
1,21,11.205480104949805
1,22,9.510741270101796
1,23,6.464201226633928
1,24,7.265935785320184
1,25,10.64727286483553
1,26,13.16249107722639
1,27,15.041768713781087
1,28,13.121590009345525
1,29,11.70555122377036
1,30,15.245884939375907
1,31,16.415339200805388
1,32,14.50860962357186
1,33,15.767805743794499
1,34,19.157529980609553
1,35,19.052742335909524
1,36,18.026670231754192
1,37,20.996838607502212
1,38,23.168065281971817
1,39,22.55339513847646
1,40,23.57014678004403
1,41,26.329947461714482
1,42,27.929794140215577
1,43,29.2099766258134
1,44,28.74503716187113
1,45,30.11080359408936
1,46,29.66595228700182
1,47,27.78642782938757
1,48,27.692546930162013
1,49,25.3090504850505
1,50,25.32313331371583
1,51,22.632354772753153
1,52,22.608493076761615
1,53,21.016189401839032
1,54,20.873854646704494
1,55,19.383027228822836
1,56,16.27144271679043
1,57,17.675042952334273
1,58,19.595392282299798
1,59,22.20593680968403
1,60,23.347594320080983
1,61,26.717048816330138
1,62,28.02587297555483
1,63,31.79109994507071
1,64,32.39588977361175
1,65,34.238784341157796
2,1,3.7838833028172574
2,3,4.0254807848045795
2,4,5.595743059538134
2,5,6.257916946503979
2,6,9.796831826447624
2,7,11.887837930321808
2,8,15.029440506275407
2,9,18.342944958191193
2,10,20.281741877861993
2,11,23.926550799268288
2,12,26.605515384698684
2,13,30.324064436652517
2,14,31.770073007477556
2,15,29.071101690491616
2,16,27.00186091566198
2,17,23.453699219985925
2,18,20.144245856559607
2,19,16.709048530235652
2,20,13.566059991671692
2,21,10.019619789073499
2,22,8.247084846457176
2,23,5.61939338860612
2,24,5.902828152297675
2,25,8.654779880066464
2,26,10.526378320039285
2,27,13.118731818033726
2,28,12.109592337641379
2,29,10.237365163097728
2,30,13.360639200801977
2,31,15.286247083426721
2,32,14.053821914441427
2,33,14.682468556603641
2,34,18.095597635505307
2,35,18.699466593220684
2,36,17.884214671798542
2,37,20.354965051419498
2,38,22.815544250698338
2,39,22.75945111522163
2,40,23.557427799619237
2,41,26.003724568377535
2,42,28.0229174853416
2,43,29.362726793682974
2,44,28.46557444430139
2,45,29.581117623626486
2,46,28.724943614231478
2,47,26.48273091767545
2,48,25.90336719417183
2,49,23.20950652386302
2,50,22.76609840390567
2,51,19.79014007089172
2,52,19.43942002102949
2,53,17.54792469496055
2,54,17.372077275339983
2,55,16.231614411799416
2,56,12.993038667050472
2,57,14.759169760646872
2,58,17.138670462640714
2,59,20.07557338070237
2,60,21.63866637224082
2,61,25.17504782744973
2,62,26.910680572521457
2,63,30.679558248307323
2,64,31.65470872640772
2,65,33.82812530906063
3,1,6.87090516382445
3,2,4.0254807848045795
3,4,3.7543096420886433
3,5,6.717664367645902
3,6,9.937533204412075
3,7,12.99420243445261
3,8,16.05397647966584
3,9,19.66053153038475
3,10,21.689721331748128
3,11,25.236472502656937
3,12,27.99468506953471
3,13,31.617775900271187
3,14,33.416411450594865
3,15,30.702802808898184
3,16,29.033788333804882
3,17,25.457657925335532
3,18,22.392713409564703
3,19,18.873140366145925
3,20,15.685716341989364
3,21,12.098754342302644
3,22,9.453318450545687
3,23,6.754591642798005
3,24,4.7553494544013315
3,25,5.657758722157744
3,26,7.817879001628958
3,27,10.58508851686881
3,28,10.361749572279974
3,29,9.285924361434397
3,30,12.153192756133363
3,31,14.20648174100124
3,32,13.942253246116913
3,33,14.796007624183062
3,34,17.78375923609235
3,35,18.655553660740527
3,36,18.634954498952045
3,37,20.90868745478729
3,38,23.124536249963885
3,39,23.5524673218714
3,40,24.698771145634677
3,41,26.689638234930243
3,42,28.810551104798872
3,43,30.566882561482117
3,44,29.627602889972817
3,45,30.231230435999098
3,46,28.931359276620036
3,47,26.614438358576955
3,48,25.678007780544633
3,49,22.945027646345615
3,50,22.214497670498815
3,51,18.95372018287837
3,52,18.6998656549592
3,53,16.570191878476525
3,54,15.588652897105337
3,55,14.754226088999983
3,56,12.008607867913009
3,57,14.64633367875092
3,58,17.12996707656578
3,59,20.504001106885955
3,60,22.046313173365075
3,61,25.760821297162376
3,62,27.657274131598985
3,63,31.30963985044561
3,64,32.64189355985106
3,65,34.86203489295617
4,1,9.035855565438782
4,2,5.595743059538134
4,3,3.7543096420886433
4,5,3.7762220450679784
4,6,6.598083086948429
4,7,9.846177233006056
4,8,12.92229319527396
4,9,16.553263944233617
4,10,18.825623959643735
4,11,22.20874690479632
4,12,25.149855001130366
4,13,28.701089605275104
4,14,30.542998360277515
4,15,27.70532380056924
4,16,26.330701685710974
4,17,22.711188226453935
4,18,19.96968672365027
4,19,16.370394352369114
4,20,13.445036511192285
4,21,9.979843835709136
4,22,7.592472598618452
4,23,6.333160851519575
4,24,5.195782911398359
4,25,5.536350502275194
4,26,5.682012687290465
4,27,9.089826313544313
4,28,9.650443346486917
4,29,7.596473651299224
4,30,9.639937885412001
4,31,12.4103281294132
4,32,12.510681515064652
4,33,12.487032462571571
4,34,15.458976058212102
4,35,16.950357398611946
4,36,16.85915925505651
4,37,18.58102209488261
4,38,21.080581042288195
4,39,21.89739048824133
4,40,22.68991201892944
4,41,24.444805381919466
4,42,26.89200984710395
4,43,28.55266278792269
4,44,27.250609179837532
4,45,27.734277018712852
4,46,26.21549682936834
4,47,23.648741043996495
4,48,22.435389544359904
4,49,19.52727457206613
4,50,18.59048166725263
4,51,15.274698064657944
4,52,14.953864042292246
4,53,12.945342934517498
4,54,12.120429239119195
4,55,11.140702981571117
4,56,8.262657229622578
4,57,10.949135539928447
4,58,13.561460828318264
4,59,17.038998140884136
4,60,18.808892299564132
4,61,22.55003357640377
4,62,24.701266393514384
4,63,28.318558677795963
4,64,29.86190869141944
4,65,32.31164770622147
5,1,9.296496184780057
5,2,6.257916946503979
5,3,6.717664367645902
5,4,3.7762220450679784
5,6,3.722163449306971
5,7,6.289734579064335
5,8,9.530679737799225
5,9,13.054433407623973
5,10,15.392554633997257
5,11,18.81284224763478
5,12,21.801174349141117
5,13,25.40786919844576
5,14,27.052182345832282
5,15,24.169571670642416
5,16,22.667596170559307
5,17,19.023378217947194
5,18,16.266799994513345
5,19,12.632886203410061
5,20,9.831697681537424
5,21,6.4153879308736075
5,22,4.984149375625328
5,23,5.438887956293273
5,24,6.514907310729502
5,25,8.101675429360656
5,26,7.486541154301553
5,27,10.413342034214327
5,28,10.488743453785235
5,29,7.299251868603947
5,30,8.97077335405191
5,31,11.890076180976628
5,32,11.322620118574626
5,33,10.473015373359782
5,34,13.809039762361705
5,35,15.439100174948619
5,36,14.636399622871227
5,37,16.143273622322777
5,38,19.025200295045906
5,39,19.704937814069634
5,40,19.996519383394464
5,41,21.95598189698919
5,42,24.525133969452945
5,43,25.815792155154746
5,44,24.3244373917835
5,45,25.130354992749123
5,46,23.849474572603352
5,47,21.2150057290406
5,48,20.193691553366317
5,49,17.256988720864285
5,50,16.570800263188644
5,51,13.591700104845591
5,52,13.318859282705505
5,53,11.87558167443485
5,54,11.99465779996241
5,55,10.391243100853305
5,56,7.055661055060384
5,57,8.536568348035711
5,58,10.98225474822592
5,59,14.117477324062843
5,60,15.988705452086556
5,61,19.621422423405704
5,62,21.76917217909544
5,63,25.477393084640557
5,64,26.855684002471506
5,65,29.396723749015607
6,1,12.41396275401347
6,2,9.796831826447624
6,3,9.937533204412075
6,4,6.598083086948429
6,5,3.722163449306971
6,7,3.8986204454478885
6,8,6.39888211331606
6,9,10.089678554754169
6,10,12.385436609955539
6,11,15.654603774367217
6,12,18.67712247336421
6,13,22.182284274407266
6,14,24.0503009923317
6,15,21.21370051269959
6,16,20.07631879089785
6,17,16.51459294055771
6,18,14.13283057762554
6,19,10.65441898940154
6,20,8.176312940595992
6,21,5.664356801567627
6,22,4.740208690137854
6,23,7.127986448605373
6,24,8.461576060988067
6,25,9.438006034619871
6,26,7.580526412061572
6,27,9.784298258662542
6,28,10.208559324235845
6,29,6.5971823799493325
6,30,6.745285319982752
6,31,9.963340842987794
6,32,9.739895591427366
6,33,7.823302504150234
6,34,10.924417652841322
6,35,13.123827372443083
6,36,12.34719125769273
6,37,13.172261739948318
6,38,16.21556684081673
6,39,17.317435942504535
6,40,17.3451922196798
6,41,18.95439058990831
6,42,21.777274728455694
6,43,23.069340042630927
6,44,21.313542513178373
6,45,21.89318698588509
6,46,20.408277753694744
6,47,17.63379706880464
6,48,16.48896114938019
6,49,13.537881731760951
6,50,12.999844863785318
6,51,10.268688560914157
6,52,10.58087755216329
6,53,10.081149138249828
6,54,10.357041276060468
6,55,7.862583561007593
6,56,5.086090040789433
6,57,5.59171060329048
6,58,7.380595410651109
6,59,10.578130906179242
6,60,12.365958825805874
6,61,16.05280979426554
6,62,18.314307234451377
6,63,21.96232698729509
6,64,23.532947935477132
6,65,26.19492194883659
7,1,14.163624284376906
7,2,11.887837930321808
7,3,12.99420243445261
7,4,9.846177233006056
7,5,6.289734579064335
7,6,3.8986204454478885
7,8,3.711381325836525
7,9,6.874762051204483
7,10,9.67716810469349
7,11,12.832076793874178
7,12,16.081951706689544
7,13,19.623867623153103
7,14,21.0646927113745
7,15,18.010487829104502
7,16,16.74172175701993
7,17,13.062344670096433
7,18,10.872763193599091
7,19,7.284951351320504
7,20,5.757306528873638
7,21,4.524235422525003
7,22,6.3981251428270465
7,23,9.525759446321166
7,24,11.740212603976756
7,25,13.240376034074226
7,26,11.458489684255046
7,27,13.470940048772249
7,28,13.621716865672147
7,29,9.878331151465808
7,30,9.665483104312258
7,31,12.510802583709545
7,32,11.678157996905401
7,33,8.951685026149447
7,34,11.994213868845739
7,35,14.236501129408982
7,36,12.543140210040587
7,37,12.80982763940465
7,38,16.28935344857379
7,39,17.18488627400536
7,40,16.365550420567004
7,41,18.185610121191505
7,42,21.158353281160817
7,43,21.81970356114168
7,44,19.704513740018903
7,45,20.76721176896614
7,46,19.608244837735523
7,47,16.705161981987064
7,48,15.712389059169205
7,49,12.711092179251935
7,50,12.311081853342284
7,51,10.247591411303036
7,52,10.18570952410612
7,53,10.299353724942813
7,54,11.828278024488885
7,55,9.482448021115331
7,56,6.822110098028124
7,57,4.967315213435879
7,58,6.333920696775668
7,59,8.514488642778332
7,60,10.778096496349953
7,61,14.114236773465958
7,62,16.509029153036444
7,63,20.216300026159225
7,64,21.585494128251533
7,65,24.4572919778619
8,1,16.891524255458172
8,2,15.029440506275407
8,3,16.05397647966584
8,4,12.92229319527396
8,5,9.530679737799225
8,6,6.39888211331606
8,7,3.711381325836525
8,9,3.7577005734131093
8,10,6.183796722572702
8,11,9.326792246798057
8,12,12.509975521014312
8,13,16.02201926872203
8,14,17.694968498588842
8,15,14.816886397417747
8,16,13.80355055880709
8,17,10.320619395029468
8,18,8.535662140735763
8,19,5.628401496829837
8,20,5.094641794594587
8,21,6.083227501015186
8,22,8.047478340989063
8,23,11.646597820384953
8,24,13.976797652581821
8,25,15.35534237819665
8,26,13.32094713529414
8,27,14.484842798759885
8,28,14.47812966289764
8,29,10.907161469919979
8,30,9.820324496415992
8,31,12.046434473830569
8,32,11.158882629634695
8,33,7.6976228442314465
8,34,10.076472988619892
8,35,12.476716935982916
8,36,10.516328501507301
8,37,9.920520216168518
8,38,13.541960492249382
8,39,14.63378859648507
8,40,13.347643461313218
8,41,14.918017500802097
8,42,18.054956023447225
8,43,18.552872387569508
8,44,16.20408900132678
8,45,17.229318048483684
8,46,16.123362420195473
8,47,13.222976856425289
8,48,12.5067371853657
8,49,9.814671682606955
8,50,10.218111511213445
8,51,9.249569845661862
8,52,10.185015811904867
8,53,11.5948867431584
8,54,13.133865908637091
8,55,10.173932216795777
8,56,8.771221790791223
8,57,5.8812511598214146
8,58,4.682935028258311
8,59,5.531852111356931
8,60,7.26987061515234
8,61,10.494209363671994
8,62,12.803335101884304
8,63,16.51868294277559
8,64,17.88901361904371
8,65,20.813993444270785
9,1,20.002133592379803
9,2,18.342944958191193
9,3,19.66053153038475
9,4,16.553263944233617
9,5,13.054433407623973
9,6,10.089678554754169
9,7,6.874762051204483
9,8,3.7577005734131093
9,10,3.6857128053666766
9,11,6.076741501597094
9,12,9.56049672291836
9,13,12.971915957845606
9,14,14.263380174194255
9,15,11.1785926117015
9,16,10.325391671189063
9,17,6.869869371199093
9,18,6.1850192382490725
9,19,4.580999707531973
9,20,6.465397759034526
9,21,8.837250219056648
9,22,11.46277662654226
9,23,15.088686619975705
9,24,17.632732084999592
9,25,19.106950566717604
9,26,17.00971855191599
9,27,18.022348567815694
9,28,17.971245320590313
9,29,14.496903083724378
9,30,13.17724392430444
9,31,15.030174727506157
9,32,13.999056202188553
9,33,10.399063508674057
9,34,12.073035501370557
9,35,14.336452950190687
9,36,11.932880488826745
9,37,10.485492204897694
9,38,14.098512776955719
9,39,15.083959547371762
9,40,12.881676588623515
9,41,14.311044141251323
9,42,17.525590909225706
9,43,17.31731856022042
9,44,14.5035973120504
9,45,15.90528570814474
9,46,15.137667359058007
9,47,12.247360375071219
9,48,11.791732251157356
9,49,9.500906620172026
9,50,10.29421174870151
9,51,10.514295243694042
9,52,11.350012529588676
9,53,13.403209174960585
9,54,15.503061156960564
9,55,12.777086816339466
9,56,11.803902583137933
9,57,8.308704072239655
9,58,6.36035679532127
9,59,4.634317816204508
9,60,6.254494077333318
9,61,8.370722456571777
9,62,10.739833678269479
9,63,14.318675693748597
9,64,15.499645424976517
9,65,18.664710389494733
10,1,21.43410621755441
10,2,20.281741877861993
10,3,21.689721331748128
10,4,18.825623959643735
10,5,15.392554633997257
10,6,12.385436609955539
10,7,9.67716810469349
10,8,6.183796722572702
10,9,3.6857128053666766
10,11,3.7971817095694163
10,12,6.454875970463809
10,13,10.11646595173134
10,14,11.75828009892207
10,15,9.365594917258507
10,16,8.294645874470008
10,17,5.585284623363618
10,18,4.983687947866408
10,19,5.441019315714427
10,20,7.2865198674548255
10,21,10.386708256714252
10,22,12.707478741556214
10,23,16.319852816093977
10,24,18.99495627321989
10,25,20.630113127462973
10,26,18.766187996502577
10,27,19.123037833504192
10,28,18.581523021908655
10,29,15.42481359040586
10,30,14.070454191180884
10,31,15.044207024482477
10,32,13.640645153908572
10,33,10.229677469566179
10,34,11.229421628434922
10,35,12.909438175245963
10,36,10.160229047733205
10,37,8.243368749124809
10,38,11.621867406022895
10,39,12.318852887274682
10,40,9.615427160362197
10,41,11.104762905157116
10,42,14.19193314240039
10,43,13.700946147665036
10,44,10.892378976958236
10,45,12.621504067807706
10,46,12.423419645905636
10,47,10.077534796476229
10,48,10.734835680190482
10,49,9.556504489661306
10,50,11.562140844714943
10,51,12.59646998730893
10,52,14.215351279524542
10,53,16.617507331338096
10,54,18.3388661966034
10,55,15.214952136885557
10,56,14.650672448837492
10,57,11.393627651716155
10,58,8.683761474173126
10,59,6.274764987433597
10,60,5.536523473433524
10,61,6.634697266524127
10,62,7.9156817960082755
10,63,11.598732225877999
10,64,12.295625895188131
10,65,15.233768932062047
11,1,25.18556995107766
11,2,23.926550799268288
11,3,25.236472502656937
11,4,22.20874690479632
11,5,18.81284224763478
11,6,15.654603774367217
11,7,12.832076793874178
11,8,9.326792246798057
11,9,6.076741501597094
11,10,3.7971817095694163
11,12,3.749975527467601
11,13,6.907355991625569
11,14,8.488082675450805
11,15,5.972891144133645
11,16,6.22572549847006
11,17,4.864250106751108
11,18,6.833188105648214
11,19,8.461841846255183
11,20,10.950686687528325
11,21,14.064954665541798
11,22,16.423682847054227
11,23,20.057996983378874
11,24,22.62847429829522
11,25,24.032513235826723
11,26,21.885520903434447
11,27,22.13895511452584
11,28,21.87213739878148
11,29,18.840139915803856
11,30,17.05800344347226
11,31,17.95943949073041
11,32,16.91015164819889
11,33,13.426470128389012
11,34,13.698358932065783
11,35,15.485742988524029
11,36,13.027377264762285
11,37,10.334006935484975
11,38,13.168069558433007
11,39,14.122318819776496
11,40,10.882465107173099
11,41,11.489156774941241
11,42,14.585083952026972
11,43,13.494646296342635
11,44,10.065159515063208
11,45,11.695288202469614
11,46,11.572789670906097
11,47,9.306528975405985
11,48,10.00864020594835
11,49,9.520844638397996
11,50,11.677761353530679
11,51,13.668783380429566
11,52,15.274964182628773
11,53,18.17024340925674
11,54,20.114893345915856
11,55,17.205077639101443
11,56,17.148753712055584
11,57,13.628942523042506
11,58,10.608610937890623
11,59,7.166436627021088
11,60,6.035546933747871
11,61,4.8176981476905505
11,62,6.037238952028179
11,63,9.114300266911025
11,64,9.88033324596395
11,65,13.249325668136501
12,1,27.500438417574646
12,2,26.605515384698684
12,3,27.99468506953471
12,4,25.149855001130366
12,5,21.801174349141117
12,6,18.67712247336421
12,7,16.081951706689544
12,8,12.509975521014312
12,9,9.56049672291836
12,10,6.454875970463809
12,11,3.749975527467601
12,13,3.752413695386502
12,14,5.949529958974436
12,15,5.277186044389284
12,16,5.721861215833205
12,17,6.520274724848396
12,18,8.528322018078114
12,19,11.069982392906555
12,20,13.352396458720742
12,21,16.676181263630188
12,22,18.838185643654594
12,23,22.36731667092901
12,24,24.993123619707074
12,25,26.500356188268697
12,26,24.54259889743761
12,27,24.36146534323829
12,28,23.757784148500253
12,29,21.025850752261867
12,30,19.2872333908569
12,31,19.543784797157624
12,32,18.286044051363422
12,33,15.178119395998175
12,34,14.884517689695699
12,35,16.03276897702007
12,36,13.550912024515975
12,37,10.679268049639518
12,38,12.690103860124774
12,39,13.258798509691387
12,40,9.603017721051554
12,41,9.846459496087764
12,42,12.450128661612812
12,43,10.670124442814855
12,44,7.107030196815718
12,45,9.237228790846249
12,46,10.108347237241755
12,47,8.973097763272197
12,48,10.871822300606272
12,49,11.577563467891611
12,50,14.348789747868944
12,51,16.727809334983377
12,52,18.7033052483175
12,53,21.72891126156103
12,54,23.45460622061771
12,55,20.35462245595941
12,56,20.489369027570927
12,57,17.112270003831423
12,58,13.874480294665458
12,59,10.502863354786893
12,60,8.361989094326056
12,61,5.947849550362194
12,62,4.722697809681067
12,63,6.967811517980635
12,64,6.622773987155525
12,65,9.773624249349385
13,1,31.239382237058
13,2,30.324064436652517
13,3,31.617775900271187
13,4,28.701089605275104
13,5,25.40786919844576
13,6,22.182284274407266
13,7,19.623867623153103
13,8,16.02201926872203
13,9,12.971915957845606
13,10,10.11646595173134
13,11,6.907355991625569
13,12,3.752413695386502
13,14,3.8218384227489848
13,15,5.280804800392651
13,16,7.2751631275086055
13,17,9.370392154079008
13,18,11.982977876226704
13,19,14.706759104807176
13,20,17.101001732824205
13,21,20.41281960208137
13,22,22.50598864345527
13,23,26.032653866320967
13,24,28.56910046984237
13,25,29.915816705099726
13,26,27.817505498254494
13,27,27.46151721172649
13,28,26.982698411182465
13,29,24.416574609502078
13,30,22.432802923966356
13,31,22.52520506048263
13,32,21.500734417728996
13,33,18.45671946169361
13,34,17.68273548185999
13,35,18.76821859485152
13,36,16.61645390737647
13,37,13.47680099814328
13,38,14.82005620131663
13,39,15.505575292934445
13,40,11.88139879837298
13,41,11.245072273754516
13,42,13.382569424508818
13,43,11.144162005077417
13,44,7.591717360870215
13,45,9.185383476582686
13,46,10.336246935772015
13,47,9.92891869516366
13,48,11.953818929221564
13,49,13.402465354834055
13,50,16.19872131825717
13,51,19.087102765033585
13,52,21.123852400925397
13,53,24.40273053485103
13,54,26.128990651781155
13,55,23.136746430699937
13,56,23.62536689143825
13,57,20.207959273060297
13,58,16.83210151359284
13,59,13.253459533001061
13,60,10.989172368928083
13,61,7.664839147029973
13,62,5.732072081166836
13,63,5.590612391805333
13,64,4.560505780462709
13,65,7.819323857113752
14,1,32.60030038220023
14,2,31.770073007477556
14,3,33.416411450594865
14,4,30.542998360277515
14,5,27.052182345832282
14,6,24.0503009923317
14,7,21.0646927113745
14,8,17.694968498588842
14,9,14.263380174194255
14,10,11.75828009892207
14,11,8.488082675450805
14,12,5.949529958974436
14,13,3.8218384227489848
14,15,3.8533230755397994
14,16,5.80065850967363
14,17,9.024557652145525
14,18,12.215712407906953
14,19,15.374547689529066
14,20,18.280400150128365
14,21,21.753344762508167
14,22,24.33136015407168
14,23,27.86242768907418
14,24,30.646271068908543
14,25,32.26645675066009
14,26,30.259619538922745
14,27,30.23781323116195
14,28,29.683495120757748
14,29,26.870772795874174
14,30,25.153135055174673
14,31,25.49004362638985
14,32,24.181309837924964
14,33,21.101783275951114
14,34,20.79509891760884
14,35,21.826274358386662
14,36,19.278036281161018
14,37,16.49843406133085
14,38,18.099754820148988
14,39,18.35727362533416
14,40,14.560217393297323
14,41,14.543170323862713
14,42,16.378686696934977
14,43,13.608103767844911
14,44,10.450965834062828
14,45,12.678286514179025
14,46,14.137294604537223
14,47,13.646218552030422
14,48,15.368940955566233
14,49,16.36027897676873
14,50,18.736983095448842
14,51,21.452518507776173
14,52,22.981755491409263
14,53,26.079845822067604
14,54,28.212215460954738
14,55,25.45271198125271
14,56,25.57322835206633
14,57,21.970493663087645
14,58,18.96089438450257
14,59,15.301628620227614
14,60,13.726065731437611
14,61,10.65302902668804
14,62,9.365732815861396
14,63,9.283710567789996
14,64,7.8267846610416845
14,65,10.292921137745934
15,1,30.181961132143275
15,2,29.071101690491616
15,3,30.702802808898184
15,4,27.70532380056924
15,5,24.169571670642416
15,6,21.21370051269959
15,7,18.010487829104502
15,8,14.816886397417747
15,9,11.1785926117015
15,10,9.365594917258507
15,11,5.972891144133645
15,12,5.277186044389284
15,13,5.280804800392651
15,14,3.8533230755397994
15,16,3.891092369633166
15,17,6.1263504287370445
15,18,9.85687150829006
15,19,12.615143455894273
15,20,15.79715738613277
15,21,19.13804155378844
15,22,21.93647609617464
15,23,25.53184503636654
15,24,28.300855876051745
15,25,29.873355725583988
15,26,27.740542412583892
15,27,28.103877580109113
15,28,27.801088851375724
15,29,24.732657751513315
15,30,23.027267514436087
15,31,23.86970280936738
15,32,22.67302149289712
15,33,19.31620786349352
15,34,19.456109834627757
15,35,20.94785178054931
15,36,18.32165327626074
15,37,15.629526997885193
15,38,17.90818917850392
15,39,18.438443628851996
15,40,14.730735736468018
15,41,15.083625629187866
15,42,17.52621040796051
15,43,15.2842711678286
15,44,11.83907684524475
15,45,13.947011167010448
15,46,14.662418483497934
15,47,13.223088888368705
15,48,14.17969589607013
15,49,14.344410882457582
15,50,16.211066291824668
15,51,18.636784403309772
15,52,19.75990984007773
15,53,22.707702636407383
15,54,25.082252106758915
15,55,22.55053681041294
15,56,22.472779844301133
15,57,18.770189628583765
15,58,16.052061415386856
15,59,12.394462101554447
15,60,11.59784473644832
15,61,9.038516731705972
15,62,9.092653878629266
15,63,10.157846544706905
15,64,9.828964040546733
15,65,12.967607232652416
16,1,27.75286595930379
16,2,27.00186091566198
16,3,29.033788333804882
16,4,26.330701685710974
16,5,22.667596170559307
16,6,20.07631879089785
16,7,16.74172175701993
16,8,13.80355055880709
16,9,10.325391671189063
16,10,8.294645874470008
16,11,6.22572549847006
16,12,5.721861215833205
16,13,7.2751631275086055
16,14,5.80065850967363
16,15,3.891092369633166
16,17,3.7670383005014783
16,18,6.983485307015367
16,19,10.318526403741942
16,20,13.559230762513678
16,21,17.074533634439003
16,22,20.12737800161237
16,23,23.57955112706273
16,24,26.62234500352814
16,25,28.632818171162597
16,26,26.914564443170757
16,27,27.40032642816945
16,28,26.662739437119892
16,29,23.497846112434438
16,30,22.35693828735696
16,31,23.11537525993798
16,32,21.3599364975419
16,33,18.279685557133888
16,34,18.963203863925322
16,35,20.028838489801533
16,36,16.912313909241227
16,37,14.911883304045205
16,38,17.382377733593145
16,39,17.248345867227936
16,40,13.535003505996986
16,41,14.843875730604653
16,42,17.013789675705
16,43,14.614783174755567
16,44,11.665232686170564
16,45,14.5850743848398
16,46,15.817293788666825
16,47,14.530063507644934
16,48,15.86901712540119
16,49,15.703552166100993
16,50,17.64769120698873
16,51,19.4878049624092
16,52,20.502328607364348
16,53,23.035019618262147
16,54,25.432271785903826
16,55,22.768514520486605
16,56,22.112185063572422
16,57,18.51483029404777
16,58,16.139226795924476
16,59,12.901201746799718
16,60,12.236095217373055
16,61,10.567927034702288
16,62,10.381432128887424
16,63,12.260946675196534
16,64,11.330719519246
16,65,13.958407823944448
17,1,24.408498524847133
17,2,23.453699219985925
17,3,25.457657925335532
17,4,22.711188226453935
17,5,19.023378217947194
17,6,16.51459294055771
17,7,13.062344670096433
17,8,10.320619395029468
17,9,6.869869371199093
17,10,5.585284623363618
17,11,4.864250106751108
17,12,6.520274724848396
17,13,9.370392154079008
17,14,9.024557652145525
17,15,6.1263504287370445
17,16,3.7670383005014783
17,18,3.9830484434071787
17,19,6.7619415509588725
17,20,10.18941886299266
17,21,13.583503684075003
17,22,16.77493459568916
17,23,20.25078961975649
17,24,23.273873486456935
17,25,25.280487124637745
17,26,23.560177540253058
17,27,24.330354817877065
17,28,23.71062765064245
17,29,20.3669662726392
17,30,19.364867408109202
17,31,20.497786897114324
17,32,18.777632429982763
17,33,15.57252068422411
17,34,16.76359216788914
17,35,18.12648084258461
17,36,14.9857646794036
17,37,13.305887977082008
17,38,16.326833608258603
17,39,16.389018235100625
17,40,13.037518610317807
17,41,14.716301885776232
17,42,17.29935235614033
17,43,15.596164392361857
17,44,12.662467205319897
17,45,15.294399088885278
17,46,15.91990513279814
17,47,13.999331322038516
17,48,14.79890259358793
17,49,13.86260440716875
17,50,15.419322878785142
17,51,16.697375388190064
17,52,17.471165925206734
17,53,19.719458482048424
17,54,22.156440806274436
17,55,19.56204539223522
17,56,18.605692258177832
17,57,15.047639789317028
17,58,13.013398552203185
17,59,10.154761114081762
17,60,10.203497342298112
17,61,9.673460136733928
17,62,10.471600373656399
17,63,13.254769342688862
17,64,13.072027925851815
17,65,15.981931764305708
18,1,20.777328151066783
18,2,20.144245856559607
18,3,22.392713409564703
18,4,19.96968672365027
18,5,16.266799994513345
18,6,14.13283057762554
18,7,10.872763193599091
18,8,8.535662140735763
18,9,6.1850192382490725
18,10,4.983687947866408
18,11,6.833188105648214
18,12,8.528322018078114
18,13,11.982977876226704
18,14,12.215712407906953
18,15,9.85687150829006
18,16,6.983485307015367
18,17,3.9830484434071787
18,19,3.730544727131442
18,20,6.7686125106194055
18,21,10.308889354083083
18,22,13.560673522329832
18,23,16.864444157357717
18,24,20.07389413176587
18,25,22.437273657292057
18,26,21.167072160516486
18,27,21.96139440868561
18,28,20.914959032750144
18,29,17.56354717917159
18,30,17.16926566388544
18,31,18.17448128585245
18,32,15.968882242549695
18,33,13.157657915838929
18,34,14.952945161401479
18,35,15.907489439529702
18,36,12.461709456711642
18,37,11.737009871705913
18,38,14.919795144131747
18,39,14.504757378272323
18,40,11.648047080555523
18,41,14.142588200000166
18,42,16.531486097059503
18,43,15.27479172190922
18,44,12.991487898224866
18,45,15.768006201488063
18,46,16.481258289877626
18,47,14.664663569655367
18,48,15.658512160460614
18,49,14.451353177897817
18,50,16.061798297649727
18,51,16.624441391269375
18,52,17.483699347913085
18,53,19.24237993882792
18,54,21.385351018046734
18,55,18.593110140460436
18,56,17.1392785173683
18,57,13.981943390258186
18,58,12.347793242789425
18,59,10.441364186784151
18,60,10.493723475146243
18,61,11.13651945814484
18,62,11.783795707174868
18,63,15.109617582848996
18,64,14.83825368561802
18,65,17.342027579250423
19,1,17.68934491530064
19,2,16.709048530235652
19,3,18.873140366145925
19,4,16.370394352369114
19,5,12.632886203410061
19,6,10.65441898940154
19,7,7.284951351320504
19,8,5.628401496829837
19,9,4.580999707531973
19,10,5.441019315714427
19,11,8.461841846255183
19,12,11.069982392906555
19,13,14.706759104807176
19,14,15.374547689529066
19,15,12.615143455894273
19,16,10.318526403741942
19,17,6.7619415509588725
19,18,3.730544727131442
19,20,3.693862974755736
19,21,6.907649104932225
19,22,10.39497025457589
19,23,13.727218813130653
19,24,16.87135391161891
19,25,19.192349244680724
19,26,17.918797127070615
19,27,19.098242390892054
19,28,18.251831144924243
19,29,14.694281407040117
19,30,14.527420972765261
19,31,16.052474863129213
19,32,14.008977421012887
19,33,11.15645328861962
19,34,13.609346924758167
19,35,14.933142508435616
19,36,11.773603779460462
19,37,11.57272676143215
19,38,15.092081877314214
19,39,15.019146245217971
19,40,12.889444807727266
19,41,15.372047937454068
19,42,18.013794741200435
19,43,17.47700277002674
19,44,15.285945780795839
19,45,17.522660056754393
19,46,17.591008029555404
19,47,15.307091901646377
19,48,15.641787055336529
19,49,13.708268219079494
19,50,14.71893970731831
19,51,14.471986472023115
19,52,15.00459510538055
19,53,16.269761705971245
19,54,18.3452575623553
19,55,15.69206710502559
19,56,13.815113210718561
19,57,10.901940277990459
19,58,9.982739432116402
19,59,9.129478982589136
19,60,10.088852854137004
19,61,11.908611591531882
19,62,13.319474304385437
19,63,16.961957679040225
19,64,17.29507410810518
19,65,19.961837532613114
20,1,14.396465010621986
20,2,13.566059991671692
20,3,15.685716341989364
20,4,13.445036511192285
20,5,9.831697681537424
20,6,8.176312940595992
20,7,5.757306528873638
20,8,5.094641794594587
20,9,6.465397759034526
20,10,7.2865198674548255
20,11,10.950686687528325
20,12,13.352396458720742
20,13,17.101001732824205
20,14,18.280400150128365
20,15,15.79715738613277
20,16,13.559230762513678
20,17,10.18941886299266
20,18,6.7686125106194055
20,19,3.693862974755736
20,21,3.617851373601535
20,22,6.869558258132413
20,23,10.139051773034037
20,24,13.357081319776356
20,25,15.887945922877023
20,26,15.015634017842721
20,27,16.11709647511645
20,28,14.927811737390407
20,29,11.409521868989087
20,30,11.852987028603641
20,31,13.265867231158579
20,32,10.938319350153229
20,33,8.611030128463048
20,34,11.667358965962988
20,35,12.696142312255368
20,36,9.722520848653383
20,37,10.562687895191788
20,38,13.970783336348655
20,39,13.781556461350087
20,40,12.570834484473083
20,41,15.269171957250208
20,42,17.73592289411556
20,43,17.87802123742155
20,44,16.21943314646996
20,45,18.130068006739275
20,46,18.010918409836627
20,47,15.845221196014995
20,48,16.187061206468556
20,49,14.158031592626855
20,50,15.159256916636513
20,51,14.268523238816039
20,52,15.051240722149933
20,53,15.856853972062959
20,54,17.321555863997872
20,55,14.466442589112402
20,56,12.31426213949613
20,57,10.218958407806003
20,58,9.728915233894508
20,59,10.113686491841989
20,60,10.850644667063305
20,61,13.434839740751798
20,62,14.716644621958473
20,63,18.513270211317128
20,64,18.97102677091087
20,65,21.3543391244565
21,1,11.205480104949805
21,2,10.019619789073499
21,3,12.098754342302644
21,4,9.979843835709136
21,5,6.4153879308736075
21,6,5.664356801567627
21,7,4.524235422525003
21,8,6.083227501015186
21,9,8.837250219056648
21,10,10.386708256714252
21,11,14.064954665541798
21,12,16.676181263630188
21,13,20.41281960208137
21,14,21.753344762508167
21,15,19.13804155378844
21,16,17.074533634439003
21,17,13.583503684075003
21,18,10.308889354083083
21,19,6.907649104932225
21,20,3.617851373601535
21,22,3.921820975182748
21,23,6.937846909755503
21,24,10.11716815387746
21,25,12.772697221707721
21,26,12.217507757140261
21,27,13.798514471527229
21,28,12.68686051710663
21,29,9.0723347128023
21,30,10.276871085832616
21,31,12.15831089939207
21,32,10.063449081031012
21,33,8.398207496554422
21,34,11.973800243084623
21,35,13.080446614436724
21,36,10.819010109592812
21,37,12.301659598272387
21,38,15.524437493615315
21,39,15.51910669351495
21,40,15.067557183137156
21,41,17.62679644094948
21,42,20.052239274145897
21,43,20.690713867698037
21,44,19.23253000616705
21,45,20.769482667601178
21,46,20.27042809588623
21,47,17.964857937249857
21,48,17.864114951451086
21,49,15.456063415180237
21,50,15.88813209010885
21,51,14.150245515219577
21,52,14.59174352958424
21,53,14.600184241663058
21,54,15.674192347991706
21,55,13.09622955153162
21,56,10.383313608636731
21,57,9.328941109164921
21,58,9.98839235181859
21,59,11.610278167157551
21,60,12.81671781073262
21,61,15.9346711376957
21,62,17.510056934439895
21,63,21.330242858454962
21,64,22.078452907242983
21,65,24.452020761709175
22,1,9.510741270101796
22,2,8.247084846457176
22,3,9.453318450545687
22,4,7.592472598618452
22,5,4.984149375625328
22,6,4.740208690137854
22,7,6.3981251428270465
22,8,8.047478340989063
22,9,11.46277662654226
22,10,12.707478741556214
22,11,16.423682847054227
22,12,18.838185643654594
22,13,22.50598864345527
22,14,24.33136015407168
22,15,21.93647609617464
22,16,20.12737800161237
22,17,16.77493459568916
22,18,13.560673522329832
22,19,10.39497025457589
22,20,6.869558258132413
22,21,3.921820975182748
22,23,3.662520691535771
22,24,6.52095518347498
22,25,9.147298641662681
22,26,9.024534552464086
22,27,10.290963003495468
22,28,8.875414409094855
22,29,5.387280136730367
22,30,7.508157417580166
22,31,9.2088917768362
22,32,7.3295981922850935
22,33,6.806457446315834
22,34,10.45427385219729
22,35,11.330234851727496
22,36,10.059568564669297
22,37,12.169011181007166
22,38,14.878785354557342
22,39,15.081110529337652
22,40,15.581843409691158
22,41,17.85769047659255
22,42,20.107183419147653
22,43,21.437172115371204
22,44,20.35815713002931
22,45,21.351389171313002
22,46,20.53138510732227
22,47,18.38832090849695
22,48,18.200570328116353
22,49,15.9008391778616
22,50,16.326409401061312
22,51,14.198917624995412
22,52,15.070776371044495
22,53,14.817532292406693
22,54,14.928925293031236
22,55,12.190642184163877
22,56,9.762247984023436
22,57,9.97167056904538
22,58,10.706303279023926
22,59,13.100657414735853
22,60,13.903489611854294
22,61,17.353899481578743
22,62,18.805162991669498
22,63,22.550465444359837
22,64,23.51563057933328
22,65,25.66638210033437
23,1,6.464201226633928
23,2,5.61939338860612
23,3,6.754591642798005
23,4,6.333160851519575
23,5,5.438887956293273
23,6,7.127986448605373
23,7,9.525759446321166
23,8,11.646597820384953
23,9,15.088686619975705
23,10,16.319852816093977
23,11,20.057996983378874
23,12,22.36731667092901
23,13,26.032653866320967
23,14,27.86242768907418
23,15,25.53184503636654
23,16,23.57955112706273
23,17,20.25078961975649
23,18,16.864444157357717
23,19,13.727218813130653
23,20,10.139051773034037
23,21,6.937846909755503
23,22,3.662520691535771
23,24,3.5803605911312717
23,25,7.156090308078941
23,26,8.516639902003645
23,27,9.898077100384652
23,28,7.981586159022222
23,29,5.56797230478551
23,30,8.960544409379509
23,31,10.248555414780153
23,32,8.507515722290197
23,33,9.422237705414304
23,34,12.795353857041695
23,35,13.115057179003669
23,36,12.384670314503877
23,37,15.041691542449497
23,38,17.28834986741727
23,39,17.246528548387367
23,40,18.30198032787206
23,41,20.638796254970586
23,42,22.559986739978044
23,43,24.130564143152437
23,44,23.419930167260798
23,45,24.344788997189827
23,46,23.552116900118964
23,47,21.594047185606286
23,48,21.417293689435464
23,49,19.15891253041243
23,50,19.422083266837873
23,51,16.96588920635441
23,52,17.64376190425844
23,53,16.796875179998228
23,54,16.428261966181914
23,55,14.127397359702842
23,56,11.566659312382255
23,57,12.713619581545753
23,58,13.943320740715999
23,59,16.624552035196203
23,60,17.418937017045835
23,61,20.908324925848042
23,62,22.248805714957957
23,63,25.951390767659497
23,64,26.858197646079546
23,65,28.808341308723502
24,1,7.265935785320184
24,2,5.902828152297675
24,3,4.7553494544013315
24,4,5.195782911398359
24,5,6.514907310729502
24,6,8.461576060988067
24,7,11.740212603976756
24,8,13.976797652581821
24,9,17.632732084999592
24,10,18.99495627321989
24,11,22.62847429829522
24,12,24.993123619707074
24,13,28.56910046984237
24,14,30.646271068908543
24,15,28.300855876051745
24,16,26.62234500352814
24,17,23.273873486456935
24,18,20.07389413176587
24,19,16.87135391161891
24,20,13.357081319776356
24,21,10.11716815387746
24,22,6.52095518347498
24,23,3.5803605911312717
24,25,3.881886078796351
24,26,6.391188139675698
24,27,7.778782878316888
24,28,6.250219541525091
24,29,5.242151336540923
24,30,8.777321748913788
24,31,10.042187905800299
24,32,9.40205784066245
24,33,10.885806776203095
24,34,13.740355621133606
24,35,14.161380872969767
24,36,14.347984706180357
24,37,16.91153680153725
24,38,18.799139589243808
24,39,19.118843348901112
24,40,20.60855637478281
24,41,22.554074633547376
24,42,24.455930925711034
24,43,26.425625495080435
24,44,25.780795906768038
24,45,26.264142584461105
24,46,25.106542647958626
24,47,23.13204407596365
24,48,22.64384298034845
24,49,20.350000945237362
24,50,20.311218410768156
24,51,17.521474071593236
24,52,18.201147941307283
24,53,16.98972188523433
24,54,15.883298617776145
24,55,13.935638243840424
24,56,11.74797284261161
24,57,13.824314985543529
24,58,15.309814801784105
24,59,18.430285869209893
24,60,19.249576437232456
24,61,22.891353296822615
24,62,24.353947591213515
24,63,27.941296541105835
24,64,29.123794033570256
24,65,31.058509290595474
25,1,10.64727286483553
25,2,8.654779880066464
25,3,5.657758722157744
25,4,5.536350502275194
25,5,8.101675429360656
25,6,9.438006034619871
25,7,13.240376034074226
25,8,15.35534237819665
25,9,19.106950566717604
25,10,20.630113127462973
25,11,24.032513235826723
25,12,26.500356188268697
25,13,29.915816705099726
25,14,32.26645675066009
25,15,29.873355725583988
25,16,28.632818171162597
25,17,25.280487124637745
25,18,22.437273657292057
25,19,19.192349244680724
25,20,15.887945922877023
25,21,12.772697221707721
25,22,9.147298641662681
25,23,7.156090308078941
25,24,3.881886078796351
25,26,3.775850706414928
25,27,5.184153353902153
25,28,5.407060302471949
25,29,5.7619543965265745
25,30,8.195937265861113
25,31,9.697225560612507
25,32,10.521605602440738
25,33,11.887247550984636
25,34,14.056365287059666
25,35,14.941707581631045
25,36,15.955729598369965
25,37,18.04275736112057
25,38,19.69357010494779
25,39,20.605991202094206
25,40,22.282467984358185
25,41,23.676055252925945
25,42,25.729627790403423
25,43,28.028666259299786
25,44,27.247051134269398
25,45,27.20299477656047
25,46,25.552698734180645
25,47,23.460022440352873
25,48,22.517188672985885
25,49,20.175775979342927
25,50,19.761148577861167
25,51,16.72742027847581
25,52,17.46500478106155
25,53,16.081313955472954
25,54,14.184735709027205
25,55,12.59216205712275
25,56,11.13889705926657
25,57,13.953884583763402
25,58,15.521163687516887
25,59,18.983941184899333
25,60,19.855274195990848
25,61,23.588035287601528
25,62,25.268368860160958
25,63,28.674327544834238
25,64,30.24633752790725
25,65,32.275039010566864
26,1,13.16249107722639
26,2,10.526378320039285
26,3,7.817879001628958
26,4,5.682012687290465
26,5,7.486541154301553
26,6,7.580526412061572
26,7,11.458489684255046
26,8,13.32094713529414
26,9,17.00971855191599
26,10,18.766187996502577
26,11,21.885520903434447
26,12,24.54259889743761
26,13,27.817505498254494
26,14,30.259619538922745
26,15,27.740542412583892
26,16,26.914564443170757
26,17,23.560177540253058
26,18,21.167072160516486
26,19,17.918797127070615
26,20,15.015634017842721
26,21,12.217507757140261
26,22,9.024534552464086
26,23,8.516639902003645
26,24,6.391188139675698
26,25,3.775850706414928
26,27,3.7951070703740655
26,28,6.139568152959146
26,29,5.412026785985628
26,30,6.018583848633392
26,31,8.597132635900998
26,32,10.293334083971178
26,33,10.5552773265295
26,34,12.424361909634422
26,35,14.176512002154073
26,36,15.292896400527313
26,37,16.61559351222773
26,38,18.506037006797662
26,39,19.981141377790518
26,40,21.292535097007647
26,41,22.290722363122093
26,42,24.727138974852203
26,43,26.97426392219664
26,44,25.774911942370704
26,45,25.47685195592664
26,46,23.457898107342068
26,47,21.054342113847312
26,48,19.657698461583056
26,49,17.114986843024546
26,50,16.355164106190802
26,51,13.19427978705412
26,52,13.980556866582615
26,53,12.779842966667742
26,54,10.651978390510456
26,55,8.929782583032551
26,56,8.01948355313036
26,57,11.03088034211015
26,58,12.565734036387758
26,59,16.193129977241686
26,60,17.27511601796673
26,61,21.03592964834185
26,62,23.041233160416432
26,63,26.34495072630359
