1,2,3.8579146024865527
1,3,6.598187904128187
1,4,9.746026373261062
1,5,12.955311056428467
1,6,15.577584667085393
1,7,18.321907835218617
1,8,19.81738822740202
1,9,20.695147477070094
1,10,24.0240149952943
1,11,26.912038475306794
1,12,29.733729812641524
1,13,33.0791324799175
1,14,34.17013327511461
1,15,31.05698321670761
1,16,28.430536820446147
1,17,25.066191902851187
1,18,23.42631554047459
1,19,20.25148881513242
1,20,21.189952125818944
1,21,18.225958211595795
1,22,14.988017819874836
1,23,11.456512894645178
1,24,8.839300821258497
1,25,8.334133798988628
1,26,11.59780363442855
1,27,13.728487138483782
1,28,17.469615903187538
1,29,19.811213242542237
1,30,22.30014721190748
1,31,25.139440035775124
1,32,28.808479658730658
1,33,32.071610048479016
1,34,34.83945359935128
1,35,36.60543304014351
1,36,33.61851231102238
1,37,31.08358187067282
1,38,28.17737752569323
1,39,29.16397162693817
1,40,29.76680770524252
1,41,26.810437854687382
1,42,24.76479695784578
1,43,21.055671851372487
1,44,20.165235861201783
1,45,17.871588751848936
1,46,16.73840781208356
1,47,13.109492316938631
1,48,12.265172046692301
1,49,10.736285168787488
1,50,14.815955880534162
1,51,16.046110115045362
1,52,16.15737329679708
1,53,16.071132514701226
1,54,18.411227792599682
1,55,21.95140439536462
1,56,23.547726708240372
1,57,27.203833754481515
1,58,29.79354376445806
1,59,33.18001889396461
1,60,36.04378949737339
1,61,37.29269087842095
1,62,16.008425837848083
1,63,19.578167514701114
1,64,21.308158933822007
1,65,21.41335622696798
1,66,25.064104220110934
1,67,26.98848573902293
1,68,28.118388047545526
1,69,30.668404861256132
1,70,28.37989739073366
1,71,29.075011726447645
1,72,31.515549869302845
1,73,29.934654454534435
1,74,26.736719044846378
1,75,23.31206491916078
1,76,21.234366564374586
1,77,17.81528250294284
1,78,14.629108687315098
1,79,12.942899447590689
1,80,9.808991931973894
1,81,10.699311026007258
1,82,12.230558166146364
1,83,13.91024022152609
1,84,17.682113297126154
1,85,20.497225396327487
1,86,24.10217057013918
1,87,27.101516607267634
1,88,30.618655542009012
1,89,33.582768860071546
1,90,34.660487186353315
1,91,38.14492811126276
1,92,40.99124985815233
1,93,39.273388687833716
1,94,38.974056164626155
1,95,36.93450786031043
1,96,39.17377315169345
1,97,36.89515947488734
1,98,34.131768207501565
1,99,32.05757149489738
1,100,28.519393283101397
1,101,27.726043232744654
1,102,24.053430284182774
1,103,21.14440112259632
1,104,17.686521217484067
1,105,15.341232278750754
1,106,14.933966472139048
1,107,13.818602023406715
1,108,17.038962035732375
1,109,17.5534183762125
1,110,15.45270747077577
1,111,15.866481024091255
1,112,14.789001335440666
1,113,17.784643009160924
1,114,18.94939309481139
1,115,21.465280468189956
1,116,24.865506095330357
1,117,26.50901201143359
1,118,30.286470519887324
1,119,31.677505830946043
1,120,34.900671344330114
1,121,36.6915162636627
1,122,40.30327442114103
1,123,42.47720634292507
2,1,3.8579146024865527
2,3,3.8083723083703127
2,4,6.643874607841645
2,5,9.562469602510333
2,6,12.611846362475978
2,7,14.958431745716878
2,8,16.19247465950686
2,9,16.889632153344
2,10,20.25672651453761
2,11,23.125115028860197
2,12,25.896476158131875
2,13,29.25442375324775
2,14,30.34056299970656
2,15,27.220328846351435
2,16,24.652028646234996
2,17,21.29353017129084
2,18,19.815493999449515
2,19,16.76235052232676
2,20,18.027576237745382
2,21,15.352454186836178
2,22,12.07679249896666
2,23,8.709217182244897
2,24,7.068224861642879
2,25,6.192116520506399
2,26,8.67706765658831
2,27,11.298801746056935
2,28,14.988602959924732
2,29,17.50308316184985
2,30,20.351221036706853
2,31,22.865811908957333
2,32,26.599768200668898
2,33,29.64499638486609
2,34,32.42079885666693
2,35,34.48202172981067
2,36,31.694241818682478
2,37,29.398473677415243
2,38,26.747419576256878
2,39,28.175469725862126
2,40,29.092923605389725
2,41,26.445318355335395
2,42,24.127755786274108
2,43,20.33878719416677
2,44,18.888776818818734
2,45,16.289097423270594
2,46,15.251247961472181
2,47,11.777676086035214
2,48,10.773882457348424
2,49,10.410210370152218
2,50,14.383538150361105
2,51,15.225096847456918
2,52,15.070946267757726
2,53,15.639937718913954
2,54,17.825782144837042
2,55,21.038547528140924
2,56,22.183561713599726
2,57,25.9033717330381
2,58,28.233640542386464
2,59,31.77959308129497
2,60,34.44420758962272
2,61,35.68461885803599
2,62,14.062912109655935
2,63,17.327156127739904
2,64,18.73515953032273
2,65,19.26951639472748
2,66,23.017855783768972
2,67,24.817245285124635
2,68,26.22389559093396
2,69,28.646241884140263
2,70,26.03366593256567
2,71,26.416304249763936
2,72,28.585739482047913
2,73,26.77844880424621
2,74,23.57033223806848
2,75,20.304156333668715
2,76,18.17203001872205
2,77,14.61324172566233
2,78,11.385574221386086
2,79,9.272092756754917
2,80,5.972251603989254
2,81,7.099062023822154
2,82,8.911321964027772
2,83,10.263172969434358
2,84,14.038954648568861
2,85,16.75897846631358
2,86,20.409206859219516
2,87,23.316208252807186
2,88,26.859775749642097
2,89,29.77721411473679
2,90,30.90579038730851
2,91,34.42975775788132
2,92,37.215787892962354
2,93,35.45067905117424
2,94,35.16781669220004
2,95,33.14183741363375
2,96,35.38010484975893
2,97,33.16612792394392
2,98,30.454752001249023
2,99,28.468154464452713
2,100,24.959919181489944
2,101,24.015162932002763
2,102,20.359972607220996
2,103,17.41929211664367
2,104,14.073450494503057
2,105,11.69300093982388
2,106,11.789010619861985
2,107,11.268432994560582
2,108,14.840274659205877
2,109,16.04485157870948
2,110,14.095421605083429
2,111,13.73896917632028
2,112,11.933386563174516
2,113,14.536434651112847
2,114,15.357031003609894
2,115,17.959750841836886
2,116,21.265305770128617
2,117,22.795801379622425
2,118,26.5962226920107
2,119,27.888620106385595
2,120,31.076827464807398
2,121,32.83896528835216
2,122,36.446837430779
2,123,38.62448282234088
3,1,6.598187904128187
3,2,3.8083723083703127
3,4,3.819329299645341
3,5,6.488399612376458
3,6,9.10585612089523
3,7,11.859648225563861
3,8,13.725820633007245
3,9,14.800307513927255
3,10,17.92292091692671
3,11,20.893534860859006
3,12,23.909026882810945
3,13,27.221232926426488
3,14,28.689572481234052
3,15,25.826592709852704
3,16,23.557223590440056
3,17,20.457132889712444
3,18,19.637865100309348
3,19,17.081031745979363
3,20,19.024840727688893
3,21,16.861087985436203
3,22,13.57989164647649
3,23,10.792742163325856
3,24,9.9977476170221
3,25,8.134015288661587
3,26,9.362004928340546
3,27,11.461206082283201
3,28,15.014916396452671
3,29,16.974074718731394
3,30,20.21500470238923
3,31,22.26090481862764
3,32,26.084113624519247
3,33,29.027374469383034
3,34,31.491590637624153
3,35,33.68309791618893
3,36,31.157982081561883
3,37,28.79462559227931
3,38,26.479055953085503
3,39,28.26100808817539
3,40,28.991345882644563
3,41,26.39558566732347
3,42,24.316374180232348
3,43,20.617573737416986
3,44,18.598057725366836
3,45,16.38185451142476
3,46,16.162811537860968
3,47,13.190325737920533
3,48,12.949070893753383
3,49,13.384589736758286
3,50,17.641141674114017
3,51,17.992406774105795
3,52,17.24465962183863
3,53,17.700943698766913
3,54,19.27284056668182
3,55,22.25936564278483
3,56,22.820207364229
3,57,26.402691255174346
3,58,28.305639841066995
3,59,31.810523599268425
3,60,34.16291404592279
3,61,35.04186153219697
3,62,16.432769075805016
3,63,19.2700273388437
3,64,20.060286696913114
3,65,20.708969073036048
3,66,24.356311327477144
3,67,25.678603437124796
3,68,26.950515868988884
3,69,28.954268765855844
3,70,26.04685745472174
3,71,25.89829772120005
3,72,27.926539786028265
3,73,25.742101445346297
3,74,22.840017815126156
3,75,19.765609851348383
3,76,17.08586359893876
3,77,13.791113935472515
3,78,10.134865559150734
3,79,8.372473358562727
3,80,5.159743033336809
3,81,5.8977105871528925
3,82,9.06079466208433
3,83,10.345026215733236
3,84,13.870654844418508
3,85,16.323326953755576
3,86,20.03410103199923
3,87,22.49904971573586
3,88,26.142200509196684
3,89,28.76349823354595
3,90,29.96315811237685
3,91,33.61819837316608
3,92,36.14483573920583
3,93,34.251829529014366
3,94,34.10678169951824
3,95,32.01125871649604
3,96,33.96996701630983
3,97,31.741107473977607
3,98,29.34104310157452
3,99,27.209018042382365
3,100,23.94257323633015
3,101,23.028555873203032
3,102,19.568787546824794
3,103,16.23049591949735
3,104,13.069864986980887
3,105,9.94914676859494
3,106,9.969170606639894
3,107,8.851519440331018
3,108,12.437072384380533
3,109,13.504024460613378
3,110,11.140347675745504
3,111,10.288283379730663
3,112,8.67951773972458
3,113,11.601551220604305
3,114,13.0506193837192
3,115,16.049898106867314
3,116,19.16565255234982
3,117,21.132581188806
3,118,24.89721053468478
3,119,26.375517241481298
3,120,29.38653543763033
3,121,31.29743382948672
3,122,34.77193574802363
3,123,37.00933670282265
4,1,9.746026373261062
4,2,6.643874607841645
4,3,3.819329299645341
4,5,3.799337842520253
4,6,6.306508983681625
4,7,8.72783486774093
4,8,10.428002038571567
4,9,12.11253384791706
4,10,15.373856982492116
4,11,17.990624031577056
4,12,21.23120434679573
4,13,24.318002706086943
4,14,25.749953994950204
4,15,23.0911915234591
4,16,20.774354280826522
4,17,17.973152101105924
4,18,17.468375947954183
4,19,15.431671018798781
4,20,17.954335328902214
4,21,16.087436992365284
4,22,12.746148338799141
4,23,10.904065565964483
4,24,10.717577530207734
4,25,8.0076649082688
4,26,7.737061449649257
4,27,9.105607636639157
4,28,12.291199867940737
4,29,13.867921053288937
4,30,17.343181693363704
4,31,19.00693571295604
4,32,22.83598308517044
4,33,25.65757246072995
4,34,27.983453557099047
4,35,30.28535025748035
4,36,27.939801240641444
4,37,25.675797942612324
4,38,23.63735495151538
4,39,25.756932316661146
4,40,26.597542656222917
4,41,24.283868043029628
4,42,22.152872291070988
4,43,18.56616323205981
4,44,16.052483666946188
4,45,13.946427943841217
4,46,14.288894079821041
4,47,11.989619564346953
4,48,12.411300041136787
4,49,13.868302564809392
4,50,18.277228637653057
4,51,17.873504705623713
4,52,16.462919768124063
4,53,16.994699210572783
4,54,17.97347494879059
4,55,20.53913039925877
4,56,20.532172458024814
4,57,23.97567398993803
4,58,25.521111630943132
4,59,29.025966952669773
4,60,31.140708367185685
4,61,31.88525915777215
4,62,16.071194096157644
4,63,18.352410577459697
4,64,18.42587076791142
4,65,19.012345284619553
4,66,22.45658547082268
4,67,23.31977202836329
4,68,24.48188082649442
4,69,26.153900161605765
4,70,23.054364919226455
4,71,22.579711870521397
4,72,24.53572520668435
4,73,22.222455690357066
4,74,19.50770720244661
4,75,16.535797348646117
4,76,13.587370089321219
4,77,10.55138642454647
4,78,6.768884051708488
4,79,5.879040011070013
4,80,4.324268643361201
4,81,6.446365257905132
4,82,9.906870614641356
4,83,9.888875006431558
4,84,12.98464783261349
4,85,14.654175626329396
4,86,18.39264062312225
4,87,20.45820762787472
4,88,23.986903026353676
4,89,26.3105857371014
4,90,27.234503723066478
4,91,30.890571653036968
4,92,33.35909269301017
4,93,31.633727205896495
4,94,31.82198774498247
4,95,29.979866381524026
4,96,31.967800709572472
4,97,30.039850575285026
4,98,27.87859331515642
4,99,26.04115033589227
4,100,22.959478157480063
4,101,21.572254889591083
4,102,18.280748871855298
4,103,14.975791549070014
4,104,12.468314826983574
4,105,9.169100371863294
4,106,10.40708869334524
4,107,9.94602738109909
4,108,13.526223247527366
4,109,14.971037744759181
4,110,12.473592371738823
4,111,10.457936242794418
4,112,8.343002243735778
4,113,10.55606233096061
4,114,11.698902841423392
4,115,15.162927843793296
4,116,17.769357622365288
4,117,19.59183215679091
4,118,23.344272372131623
4,119,24.476968682708655
4,120,27.199763233765584
4,121,28.85672109051863
4,122,32.21730538503339
4,123,34.242182343466304
5,1,12.955311056428467
5,2,9.562469602510333
5,3,6.488399612376458
5,4,3.799337842520253
5,6,3.7788834289762074
5,7,5.453346912563843
5,8,7.466825359551609
5,9,8.918117507407695
5,10,11.850140975981478
5,11,14.690512799187857
5,12,17.933683443166146
5,13,21.09900951841299
5,14,22.845322318696322
5,15,20.31286035120268
5,16,18.421140575071185
5,17,15.813927754177548
5,18,16.01444006416011
5,19,14.516599026393724
5,20,17.445458606839388
5,21,16.351370588614497
5,22,13.534779476877429
5,23,12.295494045306933
5,24,13.16349071336061
5,25,10.912391581480216
5,26,9.631755497583478
5,27,11.060862690439611
5,28,13.543194719853409
5,29,14.916315238733405
5,30,18.63580009695157
5,31,19.6316949071627
5,32,23.369365535796103
5,33,25.776966891795123
5,34,27.91100177210731
5,35,30.548325965030855
5,36,28.588040753233198
5,37,26.619835165461563
5,38,25.031574090782396
5,39,27.55703102001598
5,40,28.553626811989716
5,41,26.557603865810407
5,42,24.40207642463467
5,43,20.978129354383437
5,44,18.04582674035439
5,45,15.998625724200508
5,46,16.570189445042086
5,47,14.723181991307476
5,48,14.951255519458565
5,49,16.860878289362397
5,50,20.732247455150937
5,51,20.286911493594708
5,52,18.901410976508963
5,53,19.873239460602168
5,54,20.69435744379461
5,55,22.85500640989294
5,56,22.38609051214887
5,57,25.68599426006781
5,58,26.821093235864634
5,59,30.342685859528977
5,60,32.11295540706297
5,61,32.699538520797425
5,62,17.619781796357227
5,63,19.38144269521262
5,64,19.094686783866447
5,65,20.22494002248015
5,66,23.56794966140479
5,67,24.215217298847136
5,68,25.62491645866155
5,69,27.010583885600596
5,70,23.58824124397114
5,71,22.5553075701641
5,72,23.99303136304101
5,73,21.235696954649733
5,74,18.759798787115283
5,75,16.32477775466009
5,76,13.237410319077814
5,77,10.49164392597611
5,78,7.119842041329704
5,79,5.911396529873124
5,80,5.326292331508695
5,81,5.969740374961271
5,82,9.420436155092546
5,83,9.146940657724617
5,84,11.435984714641952
5,85,12.789124601813329
5,86,16.328035705301822
5,87,17.96353814326903
5,88,21.548512172558315
5,89,23.674001563674
5,90,24.857442128528835
5,91,28.602434962330655
5,92,30.80265203060595
5,93,28.845880225159828
5,94,28.97309271024222
5,95,26.98963697954118
5,96,28.73398189955134
5,97,26.752509925967548
5,98,24.80687845590533
5,99,22.881784403316214
5,100,20.033902036518217
5,101,18.723626846087598
5,102,15.70582251522158
5,103,12.205242091395927
5,104,10.14673774684104
5,105,6.608234960443033
5,106,8.276509231676542
5,107,8.334931863889416
5,108,11.595588499182957
5,109,13.562896377961922
5,110,11.536827787016165
5,111,8.664542115877031
5,112,5.825758396649195
5,113,7.133512666486374
5,114,8.252761802141166
5,115,11.914672916220495
5,116,14.240550824989363
5,117,16.27391361987843
5,118,19.94208489789291
5,119,21.2206500443211
5,120,23.85957773159803
5,121,25.70480703106531
5,122,28.99576638686741
5,123,31.17354115838929
6,1,15.577584667085393
6,2,12.611846362475978
6,3,9.10585612089523
6,4,6.306508983681625
6,5,3.7788834289762074
6,7,3.819656848042748
6,8,7.267370235812028
6,9,9.678272118873881
6,10,11.824736876462552
6,11,14.36548492390503
6,12,17.90849641357165
6,13,20.73336692096462
6,14,22.87647191415397
6,15,20.868217010778007
6,16,19.359228774573584
6,17,17.35208944059355
6,18,18.186256834793515
6,19,17.30236257028095
6,20,20.52837541473383
6,21,19.674530333200636
6,22,16.894876964327725
6,23,15.923132676699066
6,24,16.60041505663771
6,25,13.940895996380089
6,26,12.5294536784046
6,27,13.044355517851765
6,28,15.089125760912685
6,29,15.563348104909684
6,30,19.297024978714102
6,31,19.798800940503256
6,32,23.43507894617055
6,33,25.736703381360382
6,34,27.405637088052362
6,35,29.999488371977066
6,36,28.324586313275002
6,37,26.23795133678746
6,38,25.017299262430164
6,39,27.721453689099828
6,40,28.390828114366798
6,41,26.45226511880846
6,42,24.701643203840113
6,43,21.562187321271736
6,44,18.342261113389856
6,45,16.986341876139836
6,46,18.31715425113578
6,47,16.97176721151775
6,48,17.840662018688565
6,49,19.860730233230885
6,50,24.069850369665037
6,51,23.33216237634088
6,52,21.54384521156558
6,53,22.145034413019292
6,54,22.42683706522779
6,55,24.390748344242688
6,56,23.48849091904169
6,57,26.485120113133448
6,58,27.191268786366617
6,59,30.50312222793407
6,60,31.938675248670158
6,61,32.08507930985723
6,62,20.94381852556767
6,63,22.491940467578303
6,64,21.778062491882125
6,65,22.677423064846625
6,66,25.746424196392343
6,67,25.897219577410386
6,68,26.949529425980746
6,69,27.86327969577854
6,70,24.37532478199873
6,71,22.899310321112385
6,72,24.27674717647151
6,73,21.29953215858957
6,74,19.387121047286072
6,75,17.25259961914043
6,76,13.750953720258114
6,77,11.901169722389021
6,78,8.833353757681927
6,79,8.978418845004576
6,80,9.021898461752116
6,81,9.51898837018584
6,82,12.98098226881131
6,83,12.69122266295431
6,84,14.50183944696041
6,85,15.305819829292759
6,86,18.573822469086974
6,87,19.573769879015188
6,88,22.9949413027314
6,89,24.61823137731854
6,90,25.670457072934617
6,91,29.412126838548666
6,92,31.29495025447095
6,93,29.35836643539688
6,94,29.774982912251023
6,95,27.881585236062566
6,96,29.289580557931465
6,97,27.444852675684952
6,98,25.9687957067244
6,99,24.03706289053518
6,100,21.62757736988776
6,101,20.319364695298546
6,102,17.75806378877309
6,103,14.245031612034806
6,104,12.810180289709567
6,105,9.294524068585167
6,106,10.584283207166607
6,107,9.936779273568137
6,108,12.413536749980855
6,109,13.784352679404725
6,110,11.382588686820023
6,111,7.973894438143376
6,112,6.3787829452376075
6,113,7.487941992023809
6,114,9.44706026135403
6,115,13.194129391264676
6,116,14.841351016846831
6,117,17.257701372711463
6,118,20.635546715728015
6,119,21.9684966411167
6,120,24.17984445184333
6,121,26.03053251461076
6,122,29.02474216440532
6,123,31.11570024619907
7,1,18.321907835218617
7,2,14.958431745716878
7,3,11.859648225563861
7,4,8.72783486774093
7,5,5.453346912563843
7,6,3.819656848042748
7,8,3.7913841391725214
7,9,6.445584069128645
7,10,8.342778022122166
7,11,10.593557178271235
7,12,14.205599326257646
7,13,16.93667401814676
7,14,19.090675963224044
7,15,17.2145295567379
7,16,15.912414878969306
7,17,14.267491054584676
7,18,15.654934236013238
7,19,15.456828940101095
7,20,18.966966988401417
7,21,18.73849886120421
7,22,16.45697476841907
7,23,16.287950529520863
7,24,17.698166258236775
7,25,15.284381273916608
7,26,13.014165741429837
7,27,13.435055987752772
7,28,14.674139504796289
7,29,15.070363963321318
7,30,18.8201104708528
7,31,18.733292296917263
7,32,22.16061557850517
7,33,24.001603518952404
7,34,25.605519499012978
7,35,28.516250967549436
7,36,27.167434696531934
7,37,25.523232038686626
7,38,24.68996549922067
7,39,27.726746986226203
7,40,28.757990204686738
7,41,27.27263652168148
7,42,25.295410509449802
7,43,22.32771471093515
7,44,18.8700003071667
7,45,17.370962107460223
7,46,18.6946208840316
7,47,17.84370361842214
7,48,18.567829217567905
7,49,21.121948560247727
7,50,24.819103325776926
7,51,23.829237302195548
7,52,21.97626918284313
7,53,23.023240375069758
7,54,23.157343371100463
7,55,24.629668190284555
7,56,23.330756106950474
7,57,26.165359836163667
7,58,26.53445499697367
7,59,29.87123438373736
7,60,31.029725190225147
7,61,31.208444164534047
7,62,20.85139377740737
7,63,21.78210137541516
7,64,20.6154962876238
7,65,21.861645862491535
7,66,24.701389074453306
7,67,24.62193440759902
7,68,25.90489890894986
7,69,26.585331363654344
7,70,22.88333470458352
7,71,21.000518998155638
7,72,21.870877113994762
7,73,18.622242849738985
7,74,16.91765790312327
7,75,15.349408771216115
7,76,12.019654643999571
7,77,10.646442708546399
7,78,8.581981231721425
7,79,8.878932857016894
7,80,10.127755084453051
7,81,10.618881446588682
7,82,13.421454511340485
7,83,12.296302949193963
7,84,13.155406596492085
7,85,13.125711466492488
7,86,16.018219079964254
7,87,16.48822122912828
7,88,19.735603649824903
7,89,21.085644670789684
7,90,22.102912453429845
7,91,25.83730956755088
7,92,27.591074643659823
7,93,25.65755727405761
7,94,26.20218065035906
7,95,24.446352187924752
7,96,25.847932198637793
7,97,24.23559623443887
7,98,22.957337571692356
7,99,21.331439081511366
7,100,19.171947274534254
7,101,17.520899051393112
7,102,15.326342923824953
7,103,12.120878415573943
7,104,11.676486031923993
7,105,8.836461579855598
7,106,11.070237423405471
7,107,11.572444759423218
7,108,13.782217351011955
7,109,15.821544453117154
7,110,14.091026026666613
7,111,10.40164637671283
7,112,8.092338340225014
7,113,7.268967171809707
7,114,7.916014273050872
7,115,11.550445839602132
7,116,12.437304867269152
7,117,14.48425889821578
7,118,17.71954246486858
7,119,18.707329552953325
7,120,20.685672659205878
7,121,22.37508781288083
7,122,25.306864194299767
7,123,27.325333990474558
8,1,19.81738822740202
8,2,16.19247465950686
8,3,13.725820633007245
8,4,10.428002038571567
8,5,7.466825359551609
8,6,7.267370235812028
8,7,3.7913841391725214
8,9,3.78708640055171
8,10,6.339742983768054
8,11,7.883658092504562
8,12,11.458823397681
8,13,14.13449386630988
8,14,15.834464568880172
8,15,13.784827012462122
8,16,12.21395659380384
8,17,10.69790007282405
8,18,12.287859008444173
8,19,12.661343710986522
8,20,16.350827698285087
8,21,16.570081291122765
8,22,14.761540867770185
8,23,15.438948648593382
8,24,17.414541487406993
8,25,15.301946074665986
8,26,12.328642331935761
8,27,12.677903510674875
8,28,13.127510955379469
8,29,13.705666459911862
8,30,17.329175400098933
8,31,16.913787599849563
8,32,20.139170735247784
8,33,21.6229728039559
8,34,23.40771295645339
8,35,26.566263123768447
8,36,25.343988041647346
8,37,24.15240646509845
8,38,23.49068117263282
8,39,26.69908703901483
8,40,28.18269296985664
8,41,27.098974081878833
8,42,24.779320789378612
8,43,21.92155515907313
8,44,18.441771158221894
8,45,16.624135037873803
8,46,17.69254943006514
8,47,17.271282979006205
8,48,17.783772699970488
8,49,20.789092798009
8,50,23.909505306040657
8,51,22.655321868922623
8,52,20.791338793596083
8,53,22.281116607224664
8,54,22.365944219832006
8,55,23.388619596998293
8,56,21.873835803234694
8,57,24.61748823869215
8,58,24.851281147205288
8,59,28.26293128333589
8,60,29.33190557379741
8,61,29.760998568934145
8,62,19.25242832847215
8,63,19.57959868163253
8,64,18.017814833738147
8,65,19.535502339103406
8,66,22.155971552755
8,67,21.97657442945588
8,68,23.541105843130886
8,69,24.17343168607478
8,70,20.353573046818784
8,71,18.333901216008865
8,72,18.82101526438508
8,73,15.49540226481998
8,74,13.694562800978854
8,75,12.525027275102696
8,76,9.642792952000308
8,77,8.55366131631545
8,78,7.786431037373878
8,79,8.201829314494242
8,80,10.599779398152934
8,81,11.50525164932327
8,82,13.518839539943766
8,83,11.420291461871642
8,84,11.470553509836474
8,85,10.485287248173057
8,86,13.096313003544516
8,87,13.294928649676507
8,88,16.354810895706297
8,89,17.653196802498716
8,90,18.46215530949973
8,91,22.180827833421507
8,92,24.088978644350213
8,93,22.32027264695949
8,94,23.009897983741006
8,95,21.530836762946485
8,96,23.254241190879675
8,97,21.974032074365507
8,98,20.637572920388262
8,99,19.528752070125872
8,100,17.38525566818387
8,101,15.137660019444564
8,102,13.08665258503941
8,103,10.491799251418911
8,104,10.93579477835784
8,105,9.103817747966167
8,106,12.25582228372844
8,107,13.769758979359112
8,108,16.120765623558835
8,109,18.683028420546602
8,110,17.322560730062094
8,111,13.718277390720727
8,112,10.829789753398593
8,113,9.201961705447173
8,114,8.151079466657214
8,115,11.324090205117416
8,116,11.689221586044422
8,117,12.79216626790161
8,118,15.996086807915928
8,119,16.306335163078643
8,120,18.181911923528563
8,121,19.461079371977423
8,122,22.488389835523744
8,123,24.311300250286983
9,1,20.695147477070094
9,2,16.889632153344
9,3,14.800307513927255
9,4,12.11253384791706
9,5,8.918117507407695
9,6,9.678272118873881
9,7,6.445584069128645
9,8,3.78708640055171
9,10,3.836131033691223
9,11,6.2663065592503715
9,12,9.14873927527868
9,13,12.44560904836514
9,14,14.09821077631211
9,15,11.541371033338892
9,16,10.266293652396634
9,17,8.31708057267073
9,18,10.255231681555522
9,19,10.77239348370644
9,20,14.314880307701948
9,21,15.199251656686252
9,22,14.11299305594862
9,23,14.99186675081407
9,24,17.62810678891434
9,25,16.268327965235294
9,26,13.313403434252855
9,27,14.492356447596112
9,28,14.958595349769157
9,29,16.197732072124253
9,30,19.692729177572822
9,31,19.348700403010575
9,32,22.418582090744422
9,33,23.612087706016368
9,34,25.601862679117673
9,35,28.94450452289913
9,36,27.785479585722413
9,37,26.917252182406575
9,38,26.223155470337762
9,39,29.40262527455769
9,40,31.16983903647588
9,41,30.1654615801848
9,42,27.594075489632733
9,43,24.63125220389286
9,44,21.32462328730833
9,45,19.074656196189736
9,46,19.529184813091955
9,47,18.832012889293086
9,48,18.608568763637653
9,49,21.540046124579497
9,50,23.917657132096824
9,51,23.023562439169226
9,52,21.683150199318213
9,53,23.695901076736284
9,54,24.22585161281194
9,55,25.23192413288499
9,56,23.93549085603084
9,57,26.790438079392246
9,58,27.16581900807468
9,59,30.677820130246992
9,60,31.796482400517476
9,61,32.48273914131141
9,62,18.886485740982188
9,63,18.986770073162237
9,64,17.67947228971009
9,65,19.866163436269293
9,66,22.58273656169396
9,67,22.787948873346398
9,68,24.87007203632476
9,69,25.748304437870527
9,70,21.910283854061646
9,71,19.993188675659834
9,72,20.00507120450413
9,73,16.680048038162873
9,74,14.66153539517757
9,75,13.885832175335043
9,76,11.787132425257171
9,77,10.276812704943245
9,78,9.869611062216546
9,79,8.949321161414383
9,80,11.023291223652926
9,81,11.071014689934561
9,82,12.130745320743673
9,83,9.897777176020682
9,84,8.88708229336076
9,85,7.654201675828528
9,86,9.879795616954945
9,87,10.05753029319837
9,88,13.385830290930054
9,89,15.033576782988758
9,90,16.454758771137957
9,91,20.251450234886654
9,92,22.14826019625695
9,93,20.008591245070363
9,94,20.206968395595663
9,95,18.389029803840312
9,96,20.17401765222014
9,97,18.643708241071177
9,98,17.050308631240828
9,99,15.87814080850374
9,100,13.62023883547114
9,101,11.396559826711783
9,102,9.378545034641663
9,103,6.930890415471854
9,104,8.193269139146878
9,105,7.526183664072694
9,106,10.894043589643648
9,107,13.297752245130036
9,108,15.367092433090308
9,109,18.47334085630317
9,110,17.848115654406985
9,111,14.443998960771406
9,112,11.103951645376297
9,113,8.55402814079451
9,114,6.035177277654121
9,115,8.389733485579127
9,116,8.570040869554509
9,117,9.19047367350165
9,118,12.55757087923497
9,119,12.943629970035964
9,120,15.245862898239174
9,121,16.82463082537868
9,122,20.125493245827546
9,123,22.29722451970504
10,1,24.0240149952943
10,2,20.25672651453761
10,3,17.92292091692671
10,4,15.373856982492116
10,5,11.850140975981478
10,6,11.824736876462552
10,7,8.342778022122166
10,8,6.339742983768054
10,9,3.836131033691223
10,11,3.7861496523879987
10,12,6.382515960583783
10,13,9.783221056941223
10,14,12.20610145116656
10,15,10.23495291903896
10,16,10.285725856091016
10,17,9.396072330354224
10,18,12.28089217738591
10,19,13.498646681887582
10,20,16.862430967423858
10,21,18.30748883243502
10,22,17.640987338214938
10,23,18.58210010789624
10,24,21.33562536498303
10,25,20.05545052719855
10,26,17.148838093904505
10,27,18.2259815686788
10,28,18.472204135565622
10,29,19.36950652429698
10,30,22.778558883825685
10,31,21.976694040483796
10,32,24.773353686426336
10,33,25.544317957019
10,34,27.167398608012668
10,35,30.655084413457082
10,36,29.910481188278876
10,37,29.260409741141927
10,38,28.94930066910208
10,39,32.300893725037355
10,40,34.0293754925812
10,41,33.19214044157859
10,42,30.757155217968943
10,43,27.964593736358854
10,44,24.52624904028508
10,45,22.519114830266055
10,46,23.176767312243307
10,47,22.628498766778577
10,48,22.430897831351707
10,49,25.351955104218472
10,50,27.592349124089484
10,51,26.748229833996888
10,52,25.438157138229066
10,53,27.48112730024375
10,54,27.896378102248388
10,55,28.736251690871057
10,56,27.206073990773756
10,57,29.849258334927413
10,58,29.892629529465665
10,59,33.26631251882128
10,60,34.048185142066615
10,61,34.50424990809724
10,62,22.434093233900946
10,63,22.295803272501168
10,64,20.85375698964265
10,65,23.202909337853814
10,66,25.690361554954432
10,67,25.676776102392424
10,68,27.76876118051964
10,69,28.330918677352365
10,70,24.43517197366471
10,71,22.10535720087908
10,72,21.590919434003872
10,73,18.025918367649034
10,74,16.63358823135777
10,75,16.563396114367556
10,76,14.611768149727679
10,77,13.72785515040119
10,78,13.52395800585697
10,79,12.748837316743932
10,80,14.538361565491982
10,81,14.002363944483518
10,82,14.873819066053485
10,83,13.030901703007219
10,84,11.397384527648937
10,85,9.893888754570199
10,86,10.947704441804618
10,87,9.955138637882984
10,88,12.864099905989123
10,89,13.835488898993006
10,90,15.662561366718561
10,91,19.394677019890597
10,92,20.693152099755356
10,93,18.19513062158774
10,94,18.320288354921505
10,95,16.304765096242843
10,96,17.517147958614856
10,97,15.963119756373592
10,98,14.965821494037575
10,99,13.750161975160262
10,100,12.289135958170165
10,101,10.359636729846207
10,102,9.555681457155764
10,103,7.693642308743267
10,104,9.959105907491935
10,105,9.831990320658882
10,106,12.521653664066054
10,107,14.859766701239124
10,108,16.089539807603614
10,109,19.17865644823299
10,110,19.01239672239568
10,111,15.544111366636853
10,112,12.635528755241664
10,113,9.329799715784372
10,114,6.833159977720707
10,115,7.9759859167451514
10,116,6.492649035158733
10,117,7.18899202676592
10,118,9.89398403970255
10,119,10.46375703698459
10,120,12.366998421889269
10,121,14.31980857787889
10,122,17.38475136288629
10,123,19.81836024903837
11,1,26.912038475306794
11,2,23.125115028860197
11,3,20.893534860859006
11,4,17.990624031577056
11,5,14.690512799187857
11,6,14.36548492390503
11,7,10.593557178271235
11,8,7.883658092504562
11,9,6.2663065592503715
11,10,3.7861496523879987
11,12,3.7953213826138206
11,13,6.4352406945174
11,14,8.847035888976963
11,15,7.561016173380955
11,16,8.169649449761705
11,17,8.716043266133159
11,18,12.194800335052374
11,19,14.356752119003028
11,20,17.76190694687773
11,21,19.54041753785897
11,22,19.16698030129368
11,23,20.705558672493034
11,24,23.519990608861
11,25,22.123989647332714
11,26,18.856246612341096
11,27,19.387793735593103
11,28,18.89670207482646
11,29,19.355592520757188
11,30,22.445147804823627
11,31,21.061879435356413
11,32,23.41268580004987
11,33,23.662129582153263
11,34,25.019592117365356
11,35,28.637872008946044
11,36,28.287329208743078
11,37,28.037414395048746
11,38,28.160977534736713
11,39,31.6866108737116
11,40,33.57032463729136
11,41,33.14563719436397
11,42,30.719743313552943
11,43,28.26205028348004
11,44,24.760886416307446
11,45,22.974535966399838
11,46,23.836650864712503
11,47,23.86949653181506
11,48,23.917977371501802
11,49,27.153457907816268
11,50,29.238341769581936
11,51,27.998404590028272
11,52,26.433645064163514
11,53,28.51069866440105
11,54,28.55893436288984
11,55,28.909460275937096
11,56,26.97958269718122
11,57,29.256795837290827
11,58,28.879913045116155
11,59,32.07576382584784
11,60,32.50192357289954
11,61,32.87290916844552
11,62,23.743981433989813
11,63,23.05202529031639
11,64,21.061006172014515
11,65,23.32439649881507
11,66,25.322278321925506
11,67,24.854432924304888
11,68,26.865124199666198
11,69,27.00998385046967
11,70,23.115640355055998
11,71,20.406502457792133
11,72,19.365413689054144
11,73,15.706667947555626
11,74,14.93714040793438
11,75,15.672482990259462
11,76,14.175024010318886
11,77,14.222409366095675
11,78,14.915928860234759
11,79,14.837282872191748
11,80,17.250824836952674
11,81,17.250261672043894
11,82,18.04039015907108
11,83,15.704027051413176
11,84,13.759135545971944
11,85,11.343953814954897
11,86,11.627586721220778
11,87,9.590218846051991
11,88,11.583751792050704
11,89,11.6308500336064
11,90,12.94234370935114
11,91,16.559537652828745
11,92,17.632465973045054
11,93,15.403259609409949
11,94,16.1468785039332
11,95,14.758801404363235
11,96,16.013183533208664
11,97,15.259954311745426
11,98,14.83059123199722
11,99,14.507856808041403
11,100,13.687156199973423
11,101,11.148529653246811
11,102,11.181575561980718
11,103,10.406446560672995
11,104,13.155937880022398
11,105,13.30141821325757
11,106,16.22424667838208
11,107,18.566593763926175
11,108,19.842022335824762
11,109,22.84535705428616
11,110,22.528186074811977
11,111,18.941385366389827
11,112,16.156817981967595
11,113,12.997286002600614
11,114,10.590524045907044
11,115,11.47421820447748
11,116,9.353362863331743
11,117,8.933379302188992
11,118,10.641648533280108
11,119,9.979636688596209
11,120,10.83687055968396
11,121,11.979623121814692
11,122,14.752997764797996
11,123,16.758657315922857
12,1,29.733729812641524
12,2,25.896476158131875
12,3,23.909026882810945
12,4,21.23120434679573
12,5,17.933683443166146
12,6,17.90849641357165
12,7,14.205599326257646
12,8,11.458823397681
12,9,9.14873927527868
12,10,6.382515960583783
12,11,3.7953213826138206
12,13,3.8224223250806824
12,14,6.277444487921452
12,15,5.237169380613127
12,16,7.470966568990707
12,17,8.847092991229838
12,18,12.59864595946163
12,19,15.22712153986297
12,20,18.189199805183936
12,21,20.57979334068898
12,22,20.86799654535628
12,23,22.68266545894035
12,24,25.819456955149825
12,25,24.83435497165819
12,26,21.54135468648173
12,27,22.30621145287611
12,28,21.621772319058262
12,29,22.286899940204197
12,30,25.156925055237437
12,31,23.652692712842033
12,32,25.691322643550404
12,33,25.525182849572406
12,34,26.872749038275686
12,35,30.600046347127503
12,36,30.471261346926948
12,37,30.59898642794069
12,38,30.861647493986144
12,39,34.39934104100617
12,40,36.506588787683626
12,41,36.2790072958492
12,42,33.714572425566615
12,43,31.31904691579416
12,44,27.915549928462042
12,45,25.972071259099604
12,46,26.551413728888843
12,47,26.61727564428164
12,48,26.331985592549156
12,49,29.573024624988655
12,50,31.087634071706606
12,51,29.96134810829068
12,52,28.66593090183105
12,53,31.046755565900348
12,54,31.235174125432025
12,55,31.396714849760865
12,56,29.47994454597813
12,57,31.661457678909535
12,58,31.21801173324702
12,59,34.368508856563516
12,60,34.672934789822115
12,61,35.17825254522749
12,62,25.348953154116707
12,63,24.28095049341146
12,64,22.304908150794002
12,65,24.91692705057049
12,66,26.704731322787165
12,67,26.320339326481133
12,68,28.614124835238712
12,69,28.74615719430879
12,70,24.935494088779148
12,71,22.224800775455055
12,72,20.639446487484207
12,73,17.150445926192567
12,74,16.569237171071414
12,75,17.834768663786264
12,76,16.974941676499174
12,77,17.057031860891698
12,78,18.074778978145577
12,79,17.653474195670412
12,80,19.99426865376819
12,81,19.703888822544805
12,82,19.887453126511524
12,83,17.51558977241683
12,84,14.891961067095565
12,85,12.158495987701663
12,86,11.223663427323114
12,87,8.24301977760683
12,88,9.326983828612073
12,89,8.741375111612678
12,90,10.64901035622647
12,91,14.077607050540427
12,92,14.746291711242112
12,93,12.102281810758218
12,94,12.57485206657507
12,95,11.119677542990877
12,96,12.259225468922875
12,97,11.797450164954318
12,98,11.742146262996608
12,99,12.054807966163414
12,100,11.973400308098594
12,101,9.387980803586757
12,102,10.650939990263623
12,103,11.077026255216381
12,104,14.475566121959124
12,105,15.478747327831654
12,106,18.24356853405951
12,107,20.94863213060909
12,108,21.92055376864417
12,109,25.1271662246156
12,110,25.257389846078603
12,111,21.831060362751668
12,112,18.974417449693654
12,113,15.532638108070515
12,114,12.686544479220181
12,115,12.475539154722767
12,116,9.666515976508997
12,117,8.018767499361699
12,118,8.497725050355205
12,119,6.882697220946242
12,120,7.143957117556585
12,121,8.233343301654575
12,122,11.135116870496855
12,123,13.437163842415377
13,1,33.0791324799175
13,2,29.25442375324775
13,3,27.221232926426488
13,4,24.318002706086943
13,5,21.09900951841299
13,6,20.73336692096462
13,7,16.93667401814676
13,8,14.13449386630988
13,9,12.44560904836514
13,10,9.783221056941223
13,11,6.4352406945174
13,12,3.8224223250806824
13,14,3.82349395157052
13,15,5.439472227301799
13,16,8.504036918262173
13,17,11.114916911201934
13,18,14.86327629161848
13,19,17.95385675224766
13,20,20.83370930520803
13,21,23.34468453720988
13,22,23.750071378206314
13,23,25.851162015580396
13,24,28.936201731459846
13,25,27.802669569155537
13,26,24.344006936911004
13,27,24.684761927671747
13,28,23.532297409700604
13,29,23.756951517293896
13,30,26.305092770653154
13,31,24.3064589764861
13,32,25.857551072583608
13,33,25.159807394578344
13,34,26.0924173251423
13,35,29.852869754922573
13,36,30.190071423794162
13,37,30.680105514280775
13,38,31.389313592344685
13,39,35.0369579863383
13,40,37.18746387873075
13,41,37.31048101901481
13,42,34.85525193184949
13,43,32.79352914764435
13,44,29.36389324867671
13,45,27.71190194024579
13,46,28.52394202127268
13,47,29.01794835004533
13,48,28.981786540168223
13,49,32.396168564283144
13,50,33.88219045620441
13,51,32.47110774038396
13,52,30.961542181044916
13,53,33.276834403731236
13,54,33.137786670579025
13,55,32.92014655355809
13,56,30.670665702278573
13,57,32.46727860465509
13,58,31.602553741639703
13,59,34.493403206349015
13,60,34.394015386498026
13,61,34.72414048503141
13,62,28.013988399771318
13,63,26.60007472961371
13,64,24.24444198065422
13,65,26.677215834083643
13,66,28.0036194206938
13,67,27.18370409380054
13,68,29.297071362927642
13,69,28.97791873200045
13,70,25.27481700377979
13,71,22.239188850054898
13,72,20.145369267288356
13,73,16.738920444682126
13,74,16.962357119719545
13,75,18.904497459291388
13,76,18.377780504736982
13,77,19.16910272941985
13,78,20.626050286565324
13,79,20.690816517837224
13,80,23.311845644873564
13,81,23.292516840103982
13,82,23.575968484111243
13,83,21.037703479209426
13,84,18.413051905234916
13,85,15.392593974005935
13,86,14.132616876439323
13,87,10.737833551858643
13,88,10.576845998732523
13,89,8.562139785846364
13,90,9.616480630345368
13,91,12.475847245861146
13,92,12.416973587485494
13,93,10.111627647902173
13,94,11.49660386030204
13,95,11.01618230375488
13,96,11.771157097993617
13,97,12.419013237028182
13,98,13.274028242241366
13,99,14.341803914089692
13,100,14.949870781555678
13,101,12.370010566244348
13,102,14.08503508320539
13,103,14.841688476004215
13,104,18.25883785103235
13,105,19.17642685531019
13,106,21.98775819623835
13,107,24.569120684598353
13,108,25.487725299652844
13,109,28.564557750312694
13,110,28.584156949246335
13,111,25.05460060346187
13,112,22.376231827315454
13,113,18.99415440045056
13,114,16.366506419518743
13,115,16.22740492207097
13,116,13.227086792725713
13,117,11.525680122196464
13,118,11.142901586925706
13,119,8.849866743390427
13,120,7.31561018064718
13,121,6.9387002919431
13,122,8.818733545248445
13,123,10.467686781021827
14,1,34.17013327511461
14,2,30.34056299970656
14,3,28.689572481234052
14,4,25.749953994950204
14,5,22.845322318696322
14,6,22.87647191415397
14,7,19.090675963224044
14,8,15.834464568880172
14,9,14.09821077631211
14,10,12.20610145116656
14,11,8.847035888976963
14,12,6.277444487921452
14,13,3.82349395157052
14,15,3.7913050885111317
14,16,6.922225180809069
14,17,10.329587597790988
14,18,13.757219492686549
14,19,17.262487947342443
14,20,19.79994503524323
14,21,22.545225928863577
14,22,23.37500952925251
14,23,25.933292523009875
14,24,29.12384076105459
14,25,28.208521361255343
14,26,24.615523637810842
14,27,24.84445165134817
14,28,23.252905136604582
14,29,23.573495883255
14,30,25.721130010397086
14,31,23.62517245084733
14,32,24.78894067578175
14,33,23.72394910585087
14,34,24.805321277666714
14,35,28.594526661462233
14,36,29.010148504597577
14,37,29.9081266812709
14,38,30.687782655479314
14,39,34.270364344414574
14,40,36.72067521047422
14,41,37.12659256552415
14,42,34.48377589495104
14,43,32.58432871043496
14,44,29.355459954574965
14,45,27.582231077990887
14,46,28.138274837406847
14,47,28.91460543782948
14,48,28.759425406081895
14,49,32.288556896550475
14,50,33.29876682363108
14,51,31.716580149095655
14,52,30.26961370375676
14,53,32.77383271184023
14,54,32.59618635709349
14,55,32.0288227830122
14,56,29.744044612016943
14,57,31.348181304985136
14,58,30.428405032247735
14,59,33.24813747095528
14,60,33.1053476211916
14,61,33.71484014926828
14,62,27.25746778673518
14,63,25.36893329970886
14,64,22.796817006082126
14,65,25.266488037907436
14,66,26.18925974287425
14,67,25.29329681926051
14,68,27.557213793183326
14,69,27.196291816588893
14,70,23.675779996008693
14,71,20.769217347877568
14,72,18.255888697203897
14,73,15.238718085308221
14,74,15.56853279845692
14,75,17.990463989710758
14,76,18.24218676920592
14,77,19.261037972639947
14,78,21.313726792163376
14,79,21.460550890310255
14,80,24.37378222207079
14,81,24.69296301775496
14,82,24.644632428421378
14,83,21.72552126807094
