1,2,3.83222047025482
1,3,7.203213726459914
1,4,10.82768774051026
1,5,13.439356133683154
1,6,13.99215236579071
1,7,16.664170293539716
1,8,18.37560068910559
1,9,21.064315826050606
1,10,20.965055348977263
1,11,23.876542365402532
1,12,25.65511767519597
1,13,26.453686087445924
1,14,29.915957575459522
1,15,30.912203912047758
1,16,29.823651504885188
1,17,31.509721514054238
1,18,33.43704374973347
1,19,32.50945069393825
1,20,35.96520828133989
1,21,34.198971802779646
1,22,33.989090618979894
1,23,30.50322354396043
1,24,29.459644551078167
1,25,26.894674460890414
1,26,25.514150688880047
1,27,23.279396583829193
1,28,21.407803393625283
1,29,20.413317539851764
1,30,17.75617514440639
1,31,18.75467053084598
1,32,15.891575193446732
1,33,13.425757058342551
1,34,11.304569615344656
1,35,8.941082222697393
1,36,6.904212785424431
1,37,9.48806509786113
1,38,12.121618896292865
1,39,15.44248967766614
1,40,18.348285438205185
1,41,20.995757392079092
1,42,24.061310959216517
1,43,27.5698819020966
1,44,30.072646263200866
1,45,33.8743585535838
1,46,34.7351991332963
1,47,33.19486942497693
1,48,35.19283942733692
1,49,32.91697626863526
1,50,29.20010858626733
1,51,29.298073676359998
1,52,27.462127588752672
1,53,30.358237141093237
1,54,29.12650855401101
1,55,26.33464207549822
1,56,23.287344264631734
1,57,23.760577901427954
1,58,20.36528034230307
1,59,17.840853050990553
1,60,15.396654802163102
1,61,15.384952103558623
1,62,12.117584635369766
1,63,11.499877611437212
1,64,8.945534269238061
1,65,9.289865567050056
1,66,9.675581626245812
1,67,13.247089184930275
1,68,16.135318683767565
1,69,18.546242133929937
1,70,16.055453800352964
1,71,18.230649033895318
1,72,17.662779206099497
1,73,20.32570031366126
1,74,21.410184584980197
1,75,24.356039566994955
1,76,26.066883633538048
1,77,29.188963457579412
1,78,30.79064031456133
1,79,33.83844716615646
1,80,37.31924117847372
1,81,39.126069651801004
1,82,37.3896485282423
1,83,33.758269646510215
1,84,31.105333471062668
1,85,27.60612141772703
1,86,25.822072571793793
1,87,22.571053271518743
1,88,21.30136674184234
1,89,23.369713000415828
1,90,25.566081455141294
1,91,26.936913945406285
1,92,24.407243515664764
1,93,25.11329081265193
1,94,26.735112113272102
1,95,28.57340821779183
1,96,30.482905016339398
1,97,33.55562298619654
1,98,34.29270950386742
1,99,37.16851727786345
1,100,37.30051270159176
1,101,40.874227414991424
2,1,3.83222047025482
2,3,3.8103915485874595
2,4,7.144631402756102
2,5,9.68069053067949
2,6,10.641599170965673
2,7,13.468708913787248
2,8,15.546247001404875
2,9,18.171586612365473
2,10,18.26029042276813
2,11,21.413048788949464
2,12,23.22593653255297
2,13,24.473958006281737
2,14,27.916687066923814
2,15,28.596175520258253
2,16,27.386748628014377
2,17,29.319881371470338
2,18,31.19295272149634
2,19,30.532394482090183
2,20,33.94249151236851
2,21,32.15774914873345
2,22,31.59086656979733
2,23,28.099308827921977
2,24,27.038067629543598
2,25,24.740535473634775
2,26,23.257749113961278
2,27,21.290314126373396
2,28,19.187407106632712
2,29,18.47848840386563
2,30,15.61824670552196
2,31,16.800650410733795
2,32,13.925865094237759
2,33,12.169966948296487
2,34,9.389893878062495
2,35,6.946154756152877
2,36,4.908076339487176
2,37,6.176005862762595
2,38,8.619945519724377
2,39,12.126905710093977
2,40,14.749627718380298
2,41,17.585227651671698
2,42,20.612291347149604
2,43,24.21029932867717
2,44,26.533379397764154
2,45,30.336366407919915
2,46,31.10524920026095
2,47,29.52697157355899
2,48,31.431418143650426
2,49,29.14208499477803
2,50,25.44522059575664
2,51,25.5906405486633
2,52,23.902350779784253
2,53,26.93680135820072
2,54,25.918540349096304
2,55,23.33494489097786
2,56,20.474783773454277
2,57,21.42107579870353
2,58,18.211273343401526
2,59,15.721958105441589
2,60,12.75774534224866
2,61,12.745945773590751
2,62,9.60483397424249
2,63,9.485071033496203
2,64,8.102521598868593
2,65,9.04869644364671
2,66,9.334485449195974
2,67,13.022003718727614
2,68,15.174815647456679
2,69,17.44115513842473
2,70,14.952042650481873
2,71,16.827030788432403
2,72,15.895780169217728
2,73,18.531174403574774
2,74,19.135709021391158
2,75,22.0636502960912
2,76,23.383052126321928
2,77,26.43375771491426
2,78,27.753105374313627
2,79,30.69414073969743
2,80,34.240163027861044
2,81,35.93692496879293
2,82,34.086508693452615
2,83,30.40200608912858
2,84,27.743889989841623
2,85,24.351308750051487
2,86,22.38607076264671
2,87,19.19976692775095
2,88,17.795113567067542
2,89,19.730139855317546
2,90,22.004777222840314
2,91,23.599544653622033
2,92,21.1722376069088
2,93,21.67754631042185
2,94,23.46322703542776
2,95,25.277592589522037
2,96,27.36873249089008
2,97,30.373349661816327
2,98,31.22707803719552
2,99,34.118874714893636
2,100,34.38858251810866
2,101,38.024099357290176
3,1,7.203213726459914
3,2,3.8103915485874595
3,4,3.7832854141706296
3,5,6.866234933653852
3,6,8.193457221003738
3,7,10.442324868235948
3,8,13.082110965138469
3,9,16.006931494509
3,10,16.7861909907593
3,11,20.270137646547017
3,12,22.441878499418223
3,13,24.19928762093466
3,14,27.691797867050067
3,15,28.203725083137545
3,16,27.120221032247354
3,17,29.45231965069116
3,18,31.406111671100096
3,19,31.171996944000504
3,20,34.54597629051696
3,21,32.863517677227904
3,22,31.876653957682667
3,23,28.37993819227327
3,24,27.156459911695425
3,25,25.123029502901765
3,26,23.321658917194625
3,27,21.48072635403598
3,28,18.905520846218366
3,29,18.107106793237083
3,30,14.830767655277064
3,31,15.573330029531833
3,32,12.412275766231964
3,33,11.128525076414517
3,34,7.624202239818416
3,35,6.440749706040272
3,36,5.829004953822044
3,37,5.136551956535352
3,38,7.648026220995213
3,39,11.018856791974612
3,40,12.914317817767447
3,41,16.24018362905718
3,42,19.284883448720596
3,43,23.02495978827032
3,44,24.922812712216526
3,45,28.692047052598955
3,46,29.08955690895778
3,47,27.215195395633597
3,48,28.902008466857172
3,49,26.76163232750041
3,50,23.17791948796778
3,51,23.597659899063167
3,52,22.39147698217191
3,53,25.723097713521472
3,54,25.134454506116462
3,55,22.99086764263017
3,56,20.46997951752273
3,57,22.052059660155347
3,58,19.124334184202244
3,59,16.86042045507214
3,60,13.396833479996685
3,61,13.177000896581506
3,62,10.254388082990337
3,63,10.081040608837034
3,64,10.050311610199625
3,65,10.523675393323167
3,66,9.811461437293312
3,67,13.395650573402293
3,68,14.895743514390459
3,69,17.368111197580163
3,70,15.41415812428367
3,71,17.349389048124603
3,72,16.52923616729483
3,73,19.31053700313766
3,74,19.55984283209538
3,75,22.534977073503402
3,76,23.379964704333872
3,77,26.34300870208894
3,78,27.153013591927913
3,79,29.92674005911228
3,80,33.52171048150764
3,81,34.93383447555401
3,82,32.79708841759541
3,83,29.03666738139557
3,84,26.24136228270816
3,85,23.05743611161418
3,86,20.623014291880192
3,87,17.39909301123887
3,88,15.392042453303963
3,89,16.82853338484959
3,90,18.766829538338147
3,91,20.467229035897162
3,92,18.387530441988886
3,93,19.10058161069187
3,94,21.334129280226154
3,95,23.440916029496034
3,96,25.93463037559299
3,97,28.9631140666237
3,98,30.187080471189788
3,99,33.2000241763844
3,100,33.80716550545715
3,101,37.52700538898585
4,1,10.82768774051026
4,2,7.144631402756102
4,3,3.7832854141706296
4,5,3.794832753090988
4,6,6.460422410416272
4,7,8.424797289283106
4,8,11.682725405574422
4,9,14.356688280095971
4,10,15.488369631395372
4,11,19.13841450415462
4,12,21.272081914330492
4,13,23.5373058963672
4,14,26.875886419807
4,15,26.97305535755546
4,16,25.754392304069437
4,17,28.31454776590026
4,18,30.12678580384277
4,19,30.191894544387004
4,20,33.41875509226726
4,21,31.72059044847435
4,22,30.332499203842847
4,23,26.93894550589036
4,24,25.76813252858132
4,25,24.159624833430815
4,26,22.33197502644564
4,27,20.930317269395708
4,28,18.22188220560848
4,29,17.838278588518865
4,30,14.563336516901181
4,31,15.415325390168558
4,32,12.544608346067012
4,33,12.334492539113919
4,34,8.721833354517871
4,35,8.158804006427308
4,36,8.10305652307994
4,37,5.431649856958248
4,38,6.3586524299876945
4,39,9.334837529205886
4,40,10.226682612854564
4,41,13.798863684064031
4,42,16.598047316897965
4,43,20.371234584976744
4,44,21.89580464002303
4,45,25.605650816658216
4,46,25.850741704152053
4,47,23.92262834518352
4,48,25.392963643374728
4,49,23.224494619149024
4,50,19.72344529923909
4,51,20.19333246652342
4,52,19.320773585564393
4,53,22.821940753080288
4,54,22.62088760363646
4,55,20.850903359665498
4,56,18.756499481446752
4,57,20.89481564840747
4,58,18.40936089475157
4,59,16.327818666116407
4,60,12.579993925198073
4,61,12.469700103522605
4,62,10.332490329840097
4,63,10.838251648019176
4,64,11.974883804322682
4,65,12.828778997119732
4,66,12.174728898625908
4,67,15.332428487105464
4,68,15.985716492424402
4,69,18.09959532354013
4,70,16.33162288149392
4,71,17.770676469920428
4,72,16.606164641248128
4,73,19.10928977749369
4,74,18.73242107027441
4,75,21.483489858321914
4,76,21.751645101468714
4,77,24.478716847163053
4,78,24.883086147057902
4,79,27.415495529100994
4,80,31.050739585574938
4,81,32.31229954095207
4,82,30.055527048824555
4,83,26.270116625498144
4,84,23.531694516374117
4,85,20.612122001624872
4,86,17.918336373158663
4,87,14.932155617384108
4,88,12.639551433442161
4,89,13.617117051629972
4,90,15.571532898540651
4,91,17.687024791858704
4,92,15.92668059107428
4,93,16.322259791276373
4,94,18.85508568797005
4,95,20.898648502197823
4,96,23.640270580563527
4,97,26.49638045360907
4,98,27.86392987361469
4,99,30.833025617235073
4,100,31.59828672815834
4,101,35.33647556711234
5,1,13.439356133683154
5,2,9.68069053067949
5,3,6.866234933653852
5,4,3.794832753090988
5,6,3.81614688383773
5,7,6.172611428843418
5,8,9.23395726027626
5,9,11.268694735217787
5,10,12.300063369680792
5,11,15.939504172177651
5,12,17.964214853507496
5,13,20.516951232463253
5,14,23.72422540915534
5,15,23.609525784999228
5,16,22.420751943383088
5,17,25.16880202757123
5,18,27.03253347033391
5,19,27.413591619187375
5,20,30.606841328107187
5,21,29.11608894091709
5,22,27.513455091960385
5,23,24.105843310474924
5,24,22.724837653558737
5,25,21.284599888164536
5,26,19.284227121680185
5,27,18.106863440250066
5,28,15.295674667101421
5,29,15.241464796897523
5,30,12.162218261127375
5,31,13.340293284865655
5,32,11.141473796468736
5,33,12.07768854153592
5,34,9.038417270307761
5,35,8.47826164979832
5,36,8.870621905157124
5,37,5.19174620843901
5,38,4.607582551203641
5,39,6.284023255966741
5,40,6.608217557796416
5,41,10.301589896781161
5,42,13.247866944566479
5,43,17.023258506122364
5,44,18.521439795640145
5,45,22.226794704949892
5,46,22.35296928671175
5,47,20.36653846051873
5,48,22.073496001812934
5,49,20.066825146252523
5,50,16.499110777350037
5,51,17.336387060628294
5,52,16.423477558159814
5,53,19.946876925792864
5,54,19.6914477337789
5,55,18.264928049822093
5,56,16.266089754452054
5,57,18.738193545539247
5,58,16.478171165576036
5,59,15.031203561868159
5,60,11.301830173451846
5,61,10.531320497216463
5,62,8.994970747284263
5,63,9.693771402373041
5,64,11.965567773532456
5,65,13.027124008922335
5,66,12.693769259165277
5,67,15.180638991825584
5,68,14.959665502487692
5,69,16.472061795896902
5,70,14.848153534536717
5,71,15.75454310453744
5,72,14.442291027166203
5,73,16.775021659479577
5,74,16.112202839699137
5,75,18.85217089293696
5,76,18.890372146209717
5,77,21.644427344757954
5,78,21.72472421480715
5,79,24.30459716338736
5,80,27.854367256462776
5,81,28.904406455095508
5,82,26.5074824810247
5,83,22.720697170121756
5,84,19.85764661907812
5,85,16.956750876066014
5,86,14.16482183447565
5,87,11.157687591690028
5,88,8.906102867809675
5,89,10.199993235483385
5,90,12.616920526247432
5,91,14.738002604416138
5,92,12.72479107673659
5,93,12.72502268970644
5,94,15.136685895005245
5,95,17.105825825639318
5,96,19.881158536670096
5,97,22.74390078039431
5,98,24.225675959528605
5,99,27.275396530289946
5,100,28.233187551267637
5,101,31.999905851257125
6,1,13.99215236579071
6,2,10.641599170965673
6,3,8.193457221003738
6,4,6.460422410416272
6,5,3.81614688383773
6,7,3.833097219343128
6,8,5.827703169519954
6,9,8.038560829569871
6,10,9.096238988788194
6,11,12.804236830332844
6,12,15.260037140051407
6,13,17.679920219470528
6,14,21.089426072975886
6,15,21.41744811075126
6,16,20.764001956244893
6,17,23.688912072327454
6,18,25.999613710991433
6,19,26.62761382712183
6,20,30.00201327175833
6,21,28.946094350794322
6,22,27.486354552838947
6,23,23.9092115296879
6,24,21.982078620837044
6,25,20.159814894146717
6,26,17.63743534933446
6,27,15.930684952689498
6,28,12.710391700617684
6,29,12.02218382748586
6,30,8.662768177981611
6,31,9.533620971500309
6,32,7.481341591108243
6,33,9.037317625849168
6,34,6.780019741309811
6,35,6.671357770512313
6,36,8.046640847216176
6,37,4.942074234447804
6,38,5.636121512362063
6,39,5.806912880470596
6,40,6.919177137655404
6,41,10.266471684109305
6,42,13.75923390182215
6,43,17.38717418553627
6,44,19.081951649456283
6,45,22.720731432675247
6,46,22.56203804391507
6,47,20.298758482963056
6,48,22.458234270357046
6,49,20.974199595022835
6,50,17.453027193673723
6,51,18.923092203627853
6,52,17.89467812364693
6,53,21.26285623465053
6,54,20.626346567696427
6,55,19.380749846336073
6,56,17.062375941718138
6,57,19.339234917038784
6,58,16.810153827921738
6,59,16.044885844912045
6,60,12.63555504306429
6,61,10.685552209874368
6,62,8.613363162958573
6,63,7.968311589562998
6,64,10.80086645955212
6,65,11.10948281712845
6,66,10.480714661915659
6,67,12.280369363826445
6,68,11.493199064741402
6,69,12.946329881223322
6,70,11.798176574736747
6,71,12.999755641317504
6,72,12.426588168361961
6,73,15.25969167212395
6,74,15.244512338089153
6,75,18.433266716839956
6,76,18.909556120649256
6,77,22.01584489559363
6,78,21.978441716680457
6,79,24.865388530399358
6,80,28.185489416743824
6,81,28.93695936619302
6,82,26.333621759322764
6,83,22.61141457939171
6,84,19.371740826037026
6,85,16.263698220054856
6,86,13.461321109969134
6,87,9.912783255463477
6,88,7.655719881015503
6,89,9.736439020885356
6,90,12.039669734467317
6,91,13.231317538115153
6,92,10.56715252063433
6,93,11.190688466981218
6,94,13.252001023207077
6,95,15.666873511887008
6,96,18.361960112226882
6,97,21.608162525804058
6,98,23.352322201962675
6,99,26.689404417490106
6,100,27.93233618329401
6,101,31.724664179432395
7,1,16.664170293539716
7,2,13.468708913787248
7,3,10.442324868235948
7,4,8.424797289283106
7,5,6.172611428843418
7,6,3.833097219343128
7,8,3.8067035412775834
7,9,6.824733895205871
7,10,9.40074374654927
7,11,13.118281452367714
7,12,16.122172056829257
7,13,18.846269545628925
7,14,22.21166375373537
7,15,22.59305123062955
7,16,22.37196853046535
7,17,25.615076875639893
7,18,28.077774120557777
7,19,29.124091432107118
7,20,32.4260140276461
7,21,31.60476259135554
7,22,29.890714736741206
7,23,26.39247469568924
7,24,24.248125453490452
7,25,22.61787672094166
7,26,19.78073924347319
7,27,18.077341066036016
7,28,14.53558834799684
7,29,13.393459299157973
7,30,9.912492945088518
7,31,9.447020754414003
7,32,7.316158885631472
7,33,9.345480376338426
7,34,7.414509247656078
7,35,9.044169376745225
7,36,11.087684577378596
7,37,8.451799977495368
7,38,9.329634141903563
7,39,9.025648899584146
7,40,8.904072142499867
7,41,12.188286917085565
7,42,15.41284202112684
7,43,18.87120048053558
7,44,19.95784013069469
7,45,23.35802790727845
7,46,22.575266277320686
7,47,19.81051009079397
7,48,21.729703986826603
7,49,20.735427343160183
7,50,17.567558380706004
7,51,19.579254928960577
7,52,19.231778448601446
7,53,22.737521509728918
7,54,22.527552145136756
7,55,21.823900593969803
7,56,19.887217185136727
7,57,22.463927271749032
7,58,20.191541637811795
7,59,19.637875122813963
7,60,16.22284394675595
7,61,14.25971733244336
7,62,12.384706958509485
7,63,11.360811082009478
7,64,14.145764435477112
7,65,13.733720148974877
7,66,12.217866069784645
7,67,13.55792972512855
7,68,12.2632938159206
7,69,13.973021201714895
7,70,13.825715938169235
7,71,15.290599293993383
7,72,15.295500297897032
7,73,18.1803214999594
7,74,18.154294843734064
7,75,21.279862546250193
7,76,21.454861767118537
7,77,24.401624552935687
7,78,23.837260631715235
7,79,26.502783845914806
7,80,29.699796431469952
7,81,30.02084341708719
7,82,27.08082308040574
7,83,23.421843356440903
7,84,20.011157928789217
7,85,17.32366193171012
7,86,14.044780929107459
7,87,10.639545290556724
7,88,7.427619151144535
7,89,8.36265641554775
7,90,9.56468021746127
7,91,10.318061672670515
7,92,8.161569094189659
7,93,9.834084488210094
7,94,12.536386170546587
7,95,15.580332685126612
7,96,18.705779608657213
7,97,21.993611709776264
7,98,24.262984068027322
7,99,27.72975532908918
7,100,29.410378552528513
7,101,33.192037899591995
8,1,18.37560068910559
8,2,15.546247001404875
8,3,13.082110965138469
8,4,11.682725405574422
8,5,9.23395726027626
8,6,5.827703169519954
8,7,3.8067035412775834
8,9,3.7922603837897015
8,10,6.661567537852013
8,11,10.104826731665739
8,12,13.504323736894191
8,13,16.05913557326046
8,14,19.47456193182552
8,15,20.24965498374995
8,16,20.590993364638933
8,17,23.933521207069045
8,18,26.747558620478294
8,19,28.046236688319222
8,20,31.425322835832926
8,21,31.033762592143454
8,22,29.45242954414435
8,23,25.897084982011183
8,24,23.3108619416486
8,25,21.441477853288305
8,26,18.217345247160985
8,27,16.16660048237664
8,28,12.423073474543056
8,29,10.702246372108789
8,30,7.376013877315055
8,31,6.163097981240564
8,32,5.1387256499088245
8,33,8.359783138684838
8,34,8.09090473141498
8,35,9.754044221813466
8,36,12.124650841928652
8,37,10.151720144121018
8,38,11.150472579812554
8,39,9.882866228055295
8,40,10.159919449494264
8,41,12.643036462721916
8,42,16.0179207818773
8,43,19.13571208813478
8,44,20.394451132032053
8,45,23.622245894887218
8,46,22.656531029659938
8,47,19.78945185160621
8,48,22.156317692674744
8,49,21.65004210705053
8,50,18.61146784122511
8,51,21.0394197792242
8,52,20.49677708745473
8,53,23.723753460063808
8,54,23.14550332163775
8,55,22.62035758921374
8,56,20.50553250186139
8,57,22.86327749253638
8,58,20.52283298992549
8,59,20.593780539663175
8,60,17.569516383810008
8,61,14.895702709850648
8,62,13.031386846359565
8,63,11.281819388262761
8,64,14.33267277404676
8,65,13.445984690060714
8,66,11.967701159247294
8,67,12.20065294674138
8,68,9.97995698279399
8,69,11.206841850269955
8,70,11.844686555945428
8,71,13.299101517964713
8,72,14.034753528677777
8,73,17.061452001807226
8,74,17.521910613253766
8,75,20.83119761042836
8,76,21.3235864304286
8,77,24.45991646242298
8,78,23.79083153122396
8,79,26.667566905578663
8,80,29.576239032519826
8,81,29.61931845264945
8,82,26.56293718776602
8,83,23.07258701334562
8,84,19.432585377364163
8,85,16.680415669493232
8,86,13.648836198540257
8,87,10.121781630721589
8,88,7.560800757230366
8,89,9.229261246713932
8,90,10.309459530823379
8,91,9.775235571908121
8,92,6.7746317499728965
8,93,9.048490936018384
8,94,10.94697951353938
8,95,14.271149896614087
8,96,17.127601219117636
8,97,20.676706022432118
8,98,23.126186159758657
8,99,26.77725919732391
8,100,28.690446807465264
8,101,32.42268444569976
9,1,21.064315826050606
9,2,18.171586612365473
9,3,16.006931494509
9,4,14.356688280095971
9,5,11.268694735217787
9,6,8.038560829569871
9,7,6.824733895205871
9,8,3.7922603837897015
9,10,3.801222039367984
9,11,6.884206768647253
9,12,10.25369448365876
9,13,13.163898798053735
9,14,16.318250045776644
9,15,16.902568429699546
9,16,17.47043357570588
9,17,20.97421800803331
9,18,23.867552714846216
9,19,25.521313624720836
9,20,28.79379366985949
9,21,28.71220562101961
9,22,27.016161603632526
9,23,23.557315170015247
9,24,20.722788410449656
9,25,19.04433646187735
9,26,15.644157954954009
9,27,13.88210205878445
9,28,10.18792974622196
9,29,8.937191431463145
9,30,6.694652960377263
9,31,6.2438255756767225
9,32,7.389318457281284
9,33,11.110284497493529
9,34,11.425584519559429
9,35,12.368124230982023
9,36,14.408481674213972
9,37,12.278803319877486
9,38,12.379481321643077
9,39,9.972696084817546
9,40,9.784163316587936
9,41,11.21135189831964
9,42,14.331751530005562
9,43,16.972198078452113
9,44,18.205585883630405
9,45,21.193283821552427
9,46,20.109571990107394
9,47,17.287087179342038
9,48,20.03506683084524
9,49,19.876158984799293
9,50,17.011005180869578
9,51,19.756917340740763
9,52,19.114634647219642
9,53,22.01489647858331
9,54,21.262844079061058
9,55,21.132883136046544
9,56,19.19444823782415
9,57,21.58442196121149
9,58,19.594096937353907
9,59,20.33156784260721
9,60,17.730468067010428
9,61,14.716503638945245
9,62,13.633314567673443
9,63,12.200095825273031
9,64,15.690096955763536
9,65,15.20837984937255
9,66,14.420836553782854
9,67,14.039396336761692
9,68,11.130574523634031
9,69,11.071830147874522
9,70,11.901023310664236
9,71,12.385696129875189
9,72,13.058941097267338
9,73,15.601455930128965
9,74,15.875795863463706
9,75,18.976519184020944
9,76,19.32133629253377
9,77,22.37075679425092
9,78,21.39553703631227
9,79,24.27936108059548
9,80,26.913694439280327
9,81,26.68350296679485
9,82,23.54098588923063
9,83,20.218478500203684
9,84,16.480276676188847
9,85,13.855052489074112
9,86,11.0475125530627
9,87,7.7882068614172075
9,88,6.186927876553316
9,89,8.41315309384691
9,90,9.849764157945629
9,91,8.788994704815892
9,92,5.057763260355331
9,93,6.683889239198887
9,94,7.599407714060029
9,95,10.942800483180907
9,96,13.629213814393017
9,97,17.249450317712707
9,98,19.837496064034905
9,99,23.56044539944282
9,100,25.687373544000163
9,101,29.354108322328436
10,1,20.965055348977263
10,2,18.26029042276813
10,3,16.7861909907593
10,4,15.488369631395372
10,5,12.300063369680792
10,6,9.096238988788194
10,7,9.40074374654927
10,8,6.661567537852013
10,9,3.801222039367984
10,11,3.775169220778113
10,12,6.858694197978216
10,13,9.60473453379195
10,14,12.893566964710779
10,15,13.616283819637667
10,16,14.16359087070058
10,17,17.523631668815483
10,18,20.558688622395305
10,19,22.102102362224432
10,20,25.47528416810022
10,21,25.536512367521166
10,22,24.11304143771551
10,23,20.575351264600517
10,24,17.556691822234413
10,25,15.577518933273542
10,26,12.069504735325728
10,27,10.109416966684925
10,28,6.418356004008125
10,29,5.568487726909396
10,30,4.537298920702346
10,31,5.989237047867235
10,32,8.283261159885262
10,33,11.865916358381966
10,34,12.607302152048549
10,35,12.505690825550426
10,36,14.072351513300582
10,37,12.264669916701797
10,38,11.96712584141646
10,39,8.980263896591733
10,40,9.56872234781874
10,41,9.982966626151319
10,42,13.177989631849915
10,43,15.52778150686171
10,44,17.39629099471201
10,45,20.4005648074227
10,46,19.81497396627869
10,47,17.51439560631895
10,48,20.70309761874959
10,49,20.375050421770727
10,50,17.360059888607328
10,51,19.843474655073358
10,52,18.54025405033457
10,53,21.02891706185056
10,54,19.664118823015002
10,55,19.307442375443422
10,56,17.049797170109528
10,57,19.01962668946623
10,58,16.962573604037406
10,59,18.19659129013398
10,60,16.13192819646327
10,61,12.70324087834928
10,62,11.994413727174896
10,63,10.6201889962997
10,64,14.231248069459504
10,65,14.164672228950291
10,66,14.273328883388162
10,67,13.521032457372408
10,68,10.481399286148497
10,69,9.28179895348195
10,70,9.6355393537591
10,71,9.21130619846297
10,72,9.819019210852586
10,73,12.137807543867362
10,74,12.692847915570518
10,75,15.880048158967725
10,76,16.657506796251667
10,77,19.920840375358576
10,78,19.27231378279869
10,79,22.46969796883203
10,80,24.960540230475296
10,81,24.914043695628592
10,82,22.034064044710604
10,83,18.8152942241749
10,84,15.137461787738028
10,85,12.084022545861849
10,86,10.138636623226697
10,87,6.942958218203052
10,88,7.242053040020707
10,89,10.471267438452454
10,90,12.709793808630716
10,91,11.930887384195422
10,92,8.132977793936437
10,93,8.309013319645613
10,94,7.634883913358271
10,95,10.02463194939667
10,96,11.846685505260915
10,97,15.589816327104534
10,98,17.727809947678924
10,99,21.44650530974939
10,100,23.32779495033861
10,101,26.96061907761825
11,1,23.876542365402532
11,2,21.413048788949464
11,3,20.270137646547017
11,4,19.13841450415462
11,5,15.939504172177651
11,6,12.804236830332844
11,7,13.118281452367714
11,8,10.104826731665739
11,9,6.884206768647253
11,10,3.775169220778113
11,12,3.8014623929914766
11,13,6.398538446602322
11,14,9.49397896021013
11,15,10.603104533861618
11,16,11.942836891476832
11,17,15.295838117839013
11,18,18.64010897401433
11,19,20.515537827778417
11,20,23.817613756146084
11,21,24.412166506461432
11,22,23.151006499594235
11,23,19.75107264142298
11,24,16.344024101309955
11,25,14.300656573307792
11,26,10.552262529228162
11,27,8.580541325381407
11,28,5.501628165614919
11,29,4.972120042620606
11,30,6.422634756042655
11,31,7.7947193165087665
11,32,11.02830396359892
11,33,14.500066302271104
11,34,15.847176967488766
11,35,15.567986097718968
11,36,16.99042713415335
11,37,15.554699364542724
11,38,15.114177541416682
11,39,11.88074329553872
11,40,12.47308470202488
11,41,11.890247190798302
11,42,14.551627920969214
11,43,16.13042632054322
11,44,18.082835958114387
11,45,20.661132415857786
11,46,20.062347980778927
11,47,18.01282732103049
11,48,21.5074696034499
11,49,21.575921570539652
11,50,18.877147312957263
11,51,21.475893749390586
11,52,20.003459547690724
11,53,21.966106393255707
11,54,20.254371680238705
11,55,20.156533694199176
11,56,17.966418836350297
11,57,19.565394036388998
11,58,17.76693358288108
11,59,19.66597237230518
11,60,18.222547196295825
11,61,14.60094666282848
11,62,14.34347936769505
11,63,12.949632381521846
11,64,16.363678653257917
11,65,16.275919559785628
11,66,16.732069109626003
11,67,15.295292515219643
11,68,11.929691276268253
11,69,9.613027104007012
11,70,10.446672613475172
11,71,9.150979608527479
11,72,10.215650402333802
11,73,11.872234421952841
11,74,12.742981153711252
11,75,15.63823478163949
11,76,16.634784315152917
11,77,19.816661785549204
11,78,19.0676710006418
11,79,22.319888513406912
11,80,24.33583193028122
11,81,24.00804171624086
11,82,21.191172779454913
11,83,18.389494679102473
11,84,14.801459976881919
11,85,11.9929182034956
11,86,10.998905934608569
11,87,8.772161886740099
11,88,10.14689574872924
11,89,13.204754514261385
11,90,15.268315770622658
11,91,13.991061109449912
11,92,10.4086233054986
11,93,10.225068221620509
11,94,8.138834499505789
11,95,9.731545601967715
11,96,10.482236756098612
11,97,14.209791967131746
11,98,16.27961328626881
11,99,20.008202568420305
11,100,22.03900049602597
11,101,25.476979686054335
12,1,25.65511767519597
12,2,23.22593653255297
12,3,22.441878499418223
12,4,21.272081914330492
12,5,17.964214853507496
12,6,15.260037140051407
12,7,16.122172056829257
12,8,13.504323736894191
12,9,10.25369448365876
12,10,6.858694197978216
12,11,3.8014623929914766
12,13,3.812432126145031
12,14,6.227722012024705
12,15,6.871439317712255
12,16,8.250776842679675
12,17,11.56383827231214
12,18,14.98083767084473
12,19,17.01698766089344
12,20,20.235359769372803
12,21,21.090868861488847
12,22,19.935154437113116
12,23,16.666308068683325
12,24,13.07665038908412
12,25,11.129722538841314
12,26,7.404372380371272
12,27,6.171941422887844
12,28,4.713168733990625
12,29,6.336443990309759
12,30,9.019345676063457
12,31,11.200977810674342
12,32,14.354651745469537
12,33,17.610865735567263
12,34,18.82300374486687
12,35,17.960603399171266
12,36,18.90663096214315
12,37,17.45987731310202
12,38,16.41720648555468
12,39,12.916580523871911
12,40,13.468564943295801
12,41,11.82019468174253
12,42,13.830330312481511
12,43,14.66014481912447
12,44,16.91927695206842
12,45,19.20714884106715
12,46,19.038632456707447
12,47,17.624650954774033
12,48,21.342913346453276
12,49,21.352019439261188
12,50,18.792222818980377
12,51,21.12374202855076
12,52,19.249991276228126
12,53,20.611748293733974
12,54,18.466000151816303
12,55,18.466559691534073
12,56,16.380107623871037
12,57,17.614764633050534
12,58,16.243941252357793
12,59,18.754564918903753
12,60,18.00335186127592
12,61,14.443028050888199
12,62,15.017975347977913
12,63,14.251418096262844
12,64,17.554780071056086
12,65,18.065230255664066
12,66,19.18652368376222
12,67,17.79066109864766
12,68,14.67816879682611
12,69,11.829184536749537
12,70,11.968843063484856
12,71,9.499039845451023
12,72,9.823027594640902
12,73,10.239835732554857
12,74,10.839274337846238
12,75,13.18199785332223
12,76,14.253159152831639
12,77,17.29196530742429
12,78,16.628963820780385
12,79,19.959225512301675
12,80,21.643668275285517
12,81,21.36059810271409
12,82,18.84909283996546
12,83,16.365766813250055
12,84,13.109128123807984
12,85,10.362555194352831
12,86,10.621914956507593
12,87,9.415334034662692
12,88,11.946605935740351
12,89,15.101957227863517
12,90,17.54249208222499
12,91,16.601867529116472
12,92,13.213613873510424
12,93,12.076802903951906
12,94,9.175315147169513
12,95,9.228825641815837
12,96,8.607810338817938
12,97,12.022956119841309
12,98,13.502249430034086
12,99,17.087419492848866
12,100,18.929562883241275
12,101,22.239223699802043
13,1,26.453686087445924
13,2,24.473958006281737
13,3,24.19928762093466
13,4,23.5373058963672
13,5,20.516951232463253
13,6,17.679920219470528
13,7,18.846269545628925
13,8,16.05913557326046
13,9,13.163898798053735
13,10,9.60473453379195
13,11,6.398538446602322
13,12,3.812432126145031
13,14,3.7877312862275088
13,15,6.330098734419885
13,16,8.438495503861258
13,17,10.827087003397116
13,18,14.560730822387974
13,19,16.286395249530813
13,20,19.596984614116455
13,21,20.827535972012356
13,22,20.32110731109703
13,23,17.126839175323394
13,24,13.434091558643352
13,25,10.860891682256247
13,26,7.387251167470671
13,27,5.344857312372719
13,28,5.5392457642353
13,29,6.637039704731318
13,30,10.253189910484304
13,31,12.438428152412008
13,32,15.804431603687496
13,33,18.634851860596772
13,34,20.34130578134602
13,35,19.177719186885522
13,36,19.94415830242944
13,37,19.155012950105245
13,38,18.434729498288007
13,39,15.229900225554504
13,40,16.45057808304306
13,41,14.783928622456001
13,42,16.795839237545845
13,43,17.432559391942966
13,44,20.006772454677506
13,45,22.169442961856653
13,46,22.28388448830131
13,47,21.1539833332084
13,48,24.91843601003094
13,49,24.89376163961246
13,50,22.327324002052915
13,51,24.436023397064837
13,52,22.253830410396265
13,53,23.32287015560079
13,54,20.767720704538604
13,55,20.430841556781104
13,56,18.034408053066937
13,57,18.51968513519711
13,58,16.94391897324633
13,59,19.69243490227444
13,60,19.452675466214252
13,61,15.78986417256682
13,62,16.183944617909432
13,63,15.08323744895149
13,64,17.856669403534998
13,65,18.220554772622478
13,66,19.699939778406502
13,67,17.81788715703838
13,68,14.853643633951863
13,69,11.407582423621793
13,70,11.576265980877936
13,71,8.718126731028601
13,72,9.705065332918256
13,73,9.801621041610392
13,74,11.411357430715645
13,75,13.679896996095923
13,76,15.538110391003661
13,77,18.646606555619044
13,78,18.516267446417203
13,79,21.977635999154256
13,80,23.364461670280605
13,81,23.230939621707073
13,82,21.11667789588689
13,83,18.987350185878636
13,84,16.08250997262627
13,85,13.38077653696502
13,86,14.165721755957202
13,87,12.951619565480998
13,88,15.450708337522755
13,89,18.75486904450047
13,90,21.199228081533633
13,91,20.118925357342075
13,92,16.64698045951344
13,93,15.81256867063754
13,94,12.959641013508595
13,95,12.85227016809933
13,96,11.602363859659972
13,97,14.569416477304232
13,98,15.43418059782127
13,99,18.6913315354576
13,100,20.166967596487794
13,101,23.185796155089612
14,1,29.915957575459522
14,2,27.916687066923814
14,3,27.691797867050067
14,4,26.875886419807
14,5,23.72422540915534
14,6,21.089426072975886
14,7,22.21166375373537
14,8,19.47456193182552
14,9,16.318250045776644
14,10,12.893566964710779
14,11,9.49397896021013
14,12,6.227722012024705
14,13,3.7877312862275088
14,15,3.7922187916335535
14,16,6.961346931619738
14,17,8.753100516744615
14,18,12.501842946566068
14,19,14.684129272467136
14,20,17.605262200601192
14,21,19.434832402294962
14,22,19.020216668861575
14,23,16.29182176129676
14,24,12.538327305084444
14,25,10.532336867863796
14,26,7.8116476562547
14,27,7.348701239029476
14,28,8.803235437215172
14,29,10.416929410453774
14,30,14.001835352517684
14,31,16.11690996188705
14,32,19.535990101468894
14,33,22.41800453192185
14,34,24.08560640387165
14,35,22.86138803286706
14,36,23.49763437244083
14,37,22.59804676335156
14,38,21.54384821762265
14,39,18.188970556940948
14,40,19.05830098661882
14,41,16.830547255294157
14,42,18.154761466535444
14,43,18.006932869376843
14,44,20.4370604567198
14,45,22.04438696740904
14,46,22.258213507045046
14,47,21.567304377496928
14,48,25.378047022769387
14,49,25.591350643007015
14,50,23.40166267193715
14,51,25.450310712795336
14,52,23.226616219491106
14,53,23.72783994856084
14,54,21.02613849706113
14,55,21.055190962224863
14,56,19.053703980327164
14,57,19.283841807756527
14,58,18.32446062581406
14,59,21.49562791621852
14,60,21.739717987355423
14,61,18.29701522108777
14,62,19.226182342454315
14,63,18.50638350248636
14,64,21.20637160579274
14,65,21.794669196241284
14,66,23.431406301289456
14,67,21.518617549721288
14,68,18.576610213331378
14,69,15.045685871527771
14,70,15.19407971461582
14,71,12.111145764583467
14,72,12.645657647079009
14,73,11.75895787808212
14,74,12.87108584652463
14,75,14.206737476266653
14,76,15.831202862043979
14,77,18.43309654084491
14,78,18.13418417835072
14,79,21.361265168525065
14,80,22.14795929561369
14,81,21.75818321274183
14,82,19.921839233520938
14,83,18.413869603470257
14,84,16.001080002162027
14,85,13.92633680142955
14,86,15.498054219586631
14,87,15.139850393496324
14,88,18.041830139330347
14,89,21.129913274743302
14,90,23.529835118724545
14,91,22.411973801370795
14,92,19.20470175973136
14,93,17.967056165307085
14,94,14.65211775555604
14,95,13.718977788807113
14,96,11.488383725000524
14,97,13.68539330971618
14,98,14.073994296443436
14,99,16.945250616141102
14,100,18.40698193699236
14,101,21.034030356499855
15,1,30.912203912047758
15,2,28.596175520258253
15,3,28.203725083137545
15,4,26.97305535755546
15,5,23.609525784999228
15,6,21.41744811075126
15,7,22.59305123062955
15,8,20.24965498374995
15,9,16.902568429699546
15,10,13.616283819637667
15,11,10.603104533861618
15,12,6.871439317712255
15,13,6.330098734419885
15,14,3.7922187916335535
15,16,3.808206791112567
15,17,6.192717857851351
15,18,9.67098169218235
15,19,12.455364389959781
15,20,15.084425290600366
15,21,16.90113616227249
15,22,16.003830044864436
15,23,13.513358678860309
15,24,9.784438548240066
15,25,8.79381114465827
15,26,6.644760510813278
15,27,8.016090545228636
15,28,9.742507296664856
15,29,12.297518693755082
15,30,15.511505781469674
15,31,17.933745944052873
15,32,21.108062133124434
15,33,24.18440752276129
15,34,25.352733668222946
15,35,24.03468118186227
15,36,24.505204510952208
15,37,23.10518281366559
15,38,21.45744113337456
15,39,17.89802147759042
15,40,18.184674036519596
15,41,15.400940717209181
15,42,15.991636359986677
15,43,15.207298361514628
15,44,17.483795151487968
15,45,18.75697881827691
15,46,19.17127703451656
15,47,18.92310503172478
15,48,22.7081330712427
15,49,22.886894892852272
15,50,20.94253134113628
15,51,22.833786747602797
15,52,20.60591898923983
15,53,20.712444269184324
15,54,18.035343334408353
15,55,18.48297294613731
15,56,17.00149101371877
15,57,17.444976049553013
15,58,17.180684230940308
15,59,20.54979255059412
15,60,20.96644685254568
15,61,17.869653872481987
15,62,19.48120667944984
15,63,19.451468255941847
15,64,22.39267939952035
15,65,23.469913698352627
15,66,25.204342091171142
15,67,23.74967735439776
15,68,20.872005198305633
15,69,17.598416148741286
15,70,17.32653225111355
15,71,14.033656178417644
15,72,13.606821915594546
15,73,12.036563313051019
15,74,11.994506709105618
15,75,12.511007917203345
15,76,13.397833288083556
15,77,15.525735541055369
15,78,14.856484200883004
15,79,17.880818680705353
15,80,18.465605156603033
15,81,17.982724015857222
15,82,16.240570289818404
15,83,14.948473069392598
15,84,12.900624555436426
15,85,11.273645914217724
15,86,13.512925816022047
15,87,14.02439773918816
15,88,17.35535568899302
15,89,20.21083305380045
15,90,22.758668173866724
15,91,22.017574457793657
15,92,19.079343661691432
15,93,17.152276656679273
15,94,13.638432135137515
15,95,11.792987925307655
15,96,8.885038138634178
15,97,10.440340473718761
15,98,10.39000691434987
15,99,13.158895160012634
15,100,14.67169557326572
15,101,17.344872683454522
16,1,29.823651504885188
16,2,27.386748628014377
16,3,27.120221032247354
16,4,25.754392304069437
16,5,22.420751943383088
16,6,20.764001956244893
16,7,22.37196853046535
16,8,20.590993364638933
16,9,17.47043357570588
16,10,14.16359087070058
16,11,11.942836891476832
16,12,8.250776842679675
16,13,8.438495503861258
16,14,6.961346931619738
16,15,3.808206791112567
16,17,3.7810785757464394
16,18,6.830213437426798
16,19,9.485568095094285
16,20,12.258782700547716
16,21,13.570029529791144
16,22,12.447166441969905
16,23,9.773649620923468
16,24,6.03635189574115
16,25,5.648565496552127
16,26,4.5495038606703195
16,27,7.565920595975065
16,28,9.818253298018115
16,29,13.159896425843739
16,30,16.014909932097947
16,31,18.961148737215268
16,32,21.692112159776837
16,33,24.637236419164417
16,34,25.30126535132239
16,35,23.611109021175633
16,36,23.706120336290503
16,37,22.07426133032718
16,38,19.92969866980632
16,39,16.445733612735268
16,40,16.618484142999424
16,41,13.406695042399546
16,42,13.47624781240268
16,43,12.368387747735465
16,44,15.01564071747359
16,45,16.4032137526937
16,46,17.47862435195964
16,47,17.761103251125583
16,48,21.448898112275703
16,49,21.10035690187958
16,50,19.022208500661453
16,51,20.398508727578925
16,52,17.810738189129317
16,53,17.61557190500609
16,54,14.657003769572123
16,55,14.954872888666845
16,56,13.607991999322193
16,57,13.944458985094908
16,58,14.144230432663724
16,59,17.65077657604413
16,60,18.403391163139805
16,61,15.715507756054507
16,62,17.944353942175518
16,63,18.62695238067042
16,64,21.521034833922034
16,65,23.17825126837231
16,66,25.225925070309412
16,67,24.292400856992607
16,68,21.773440288208267
16,69,18.76609085463299
16,70,17.761194569062095
16,71,14.24671179983131
16,72,12.801166486366565
16,73,10.486463449025859
16,74,9.453272601717654
16,75,9.174514174954233
16,76,9.754330777136396
16,77,11.759731343796108
16,78,11.381149849047935
16,79,14.581459309680469
16,80,15.393520982851522
16,81,15.489826170848435
16,82,14.132609611282975
16,83,12.654694961875947
16,84,11.035585808830009
16,85,9.223454664781064
16,86,12.110482206697508
16,87,13.038251427491002
16,88,16.69223400878974
16,89,19.58050158791234
16,90,22.52378217806447
16,91,22.41746995493321
16,92,19.51821925890033
16,93,17.075897287260823
16,94,13.84574977746355
16,95,11.454213869476238
16,96,8.520372223708215
16,97,9.572153659988683
16,98,8.52253062464802
16,99,11.04890213054912
16,100,11.907547362778468
16,101,14.869892238736714
17,1,31.509721514054238
17,2,29.319881371470338
17,3,29.45231965069116
17,4,28.31454776590026
17,5,25.16880202757123
17,6,23.688912072327454
17,7,25.615076875639893
17,8,23.933521207069045
17,9,20.97421800803331
17,10,17.523631668815483
17,11,15.295838117839013
17,12,11.56383827231214
17,13,10.827087003397116
17,14,8.753100516744615
17,15,6.192717857851351
17,16,3.7810785757464394
17,18,3.790859002358761
17,19,6.290451363361292
17,20,8.990871593705258
17,21,10.851512666264602
17,22,10.53238122482376
17,23,8.397564141003652
17,24,5.158808490866691
17,25,5.125109750456471
17,26,6.258584064058995
17,27,9.345802971566965
17,28,12.437129110759475
17,29,15.769094450410194
17,30,18.82548238041097
17,31,21.948398887068034
17,32,24.63517214556847
17,33,27.32210615227641
17,34,28.025731876723935
17,35,25.996536044496565
17,36,25.78090320156024
17,37,24.42770699820954
17,38,22.223649888374737
17,39,18.99803981655674
17,40,19.47345441332418
17,41,16.1597666673868
17,42,15.9384013786052
17,43,14.48256161052731
17,44,17.282178981721685
17,45,18.36623649869312
17,46,19.940575773384335
17,47,20.739649067536998
17,48,24.296889391168303
17,49,23.764082380213548
17,50,21.783790324270687
17,51,22.70084091997409
17,52,19.812869524531703
17,53,19.063682324668658
17,54,15.745388757475123
17,55,15.743392632637702
17,56,14.448934115309104
17,57,13.858532835084885
17,58,14.436930347124388
17,59,18.18053455663291
17,60,19.653758819622112
17,61,17.287615095235974
17,62,19.738635282138944
17,63,20.624036098103957
17,64,23.098535012735546
17,65,24.995991290157654
17,66,27.419364705725837
17,67,26.470178913515362
17,68,24.222376428421086
17,69,21.07131405703289
17,70,19.76212338116593
17,71,16.037171194284234
17,72,14.4050266089597
