1,2,3.812860759739149
1,3,6.725904164630945
1,4,8.59021007809534
1,5,6.817704118571125
1,6,7.089037944810503
1,7,10.568648377101507
1,8,11.505961845038403
1,9,10.900172855928027
1,10,12.575927907361075
1,11,15.150049673845292
1,12,16.06607328590007
1,13,16.793866358028744
1,14,18.57981978604084
1,15,20.472957902938873
1,16,21.68811129971645
1,17,22.91584287274266
1,18,24.738603641162005
1,19,26.21714684543697
1,20,27.57932653025479
1,21,28.843718391718866
1,22,30.123837393351803
1,23,32.17484140501575
1,24,33.44788482412118
1,25,34.383441721890904
1,26,35.80832659091723
1,27,38.37167202344559
1,28,39.23103805630423
1,29,39.94505599185538
1,30,41.79439058574105
1,31,44.12436834606768
1,32,47.288105308640155
1,33,47.3956033227899
1,34,50.18519810424425
1,35,49.26733103639137
1,36,45.55701511324517
1,37,43.646859997633506
1,38,40.10847014228652
1,39,41.36693764116606
1,40,39.821421372696285
1,41,36.20282514404286
1,42,35.6836624994905
1,43,36.61032785360787
1,44,35.19989855908168
1,45,31.805504440254065
1,46,32.53279469407399
1,47,33.66109194392772
1,48,30.310015077661728
1,49,28.258704986423957
1,50,30.82999491632122
1,51,30.571394284546052
1,52,26.80981824232096
1,53,26.57643274068432
1,54,29.62168619461944
1,55,31.796484387238515
1,56,34.51038427418
1,57,37.23292924870412
1,58,39.613723650874135
1,59,40.897429828419625
1,60,39.494850124026804
1,61,39.16965321805585
1,62,39.66393986730121
1,63,43.04269916307737
1,64,42.82231304544297
1,65,41.36865619690451
1,66,38.80773956477137
1,67,37.80760822410888
1,68,37.33036202200052
1,69,35.24289442792344
1,70,32.97848991461051
1,71,32.99725894263939
1,72,31.89540858222059
1,73,28.91441308660134
1,74,27.889176376081366
1,75,28.31273600125158
1,76,26.250209858041647
1,77,23.32143614502567
1,78,23.508756120629418
1,79,23.767973317197093
1,80,21.035891630028623
1,81,18.49800223704946
1,82,19.527397554472135
1,83,19.507509279715215
1,84,16.026914471167665
1,85,14.915217208725672
1,86,17.083643370466955
1,87,15.674418552439938
1,88,12.10140070044588
1,89,14.045676469973914
1,90,15.869076161187627
1,91,13.01259012070628
1,92,11.928901720873927
1,93,15.651530035096071
1,94,16.515343740621155
1,95,14.087765321226954
1,96,15.057440537362137
1,97,18.689276510509323
1,98,18.603742335409
1,99,17.845794290819885
1,100,20.742771279151174
1,101,22.823384189678112
1,102,22.142696983672987
1,103,20.559318088128563
2,1,3.812860759739149
2,3,3.7912853038857977
2,4,5.622518748781161
2,5,5.558431190242934
2,6,6.495035239907741
2,7,8.979098758796832
2,8,10.298779488424753
2,9,10.951726120114955
2,10,12.342831460667904
2,11,14.297063483050836
2,12,15.868725424155055
2,13,17.14354714403398
2,14,18.32050412603715
2,15,19.987052845962804
2,16,21.8329607272916
2,17,23.061260355651157
2,18,24.334250558224202
2,19,25.972474318656708
2,20,27.756937670023692
2,21,28.788795178571938
2,22,29.715391870202218
2,23,32.04866368544776
2,24,33.48029225033181
2,25,34.0490502646802
2,26,35.32220814986216
2,27,38.15974814640786
2,28,38.99648102481724
2,29,39.34892628137488
2,30,41.20832805796543
2,31,43.78986560913629
2,32,46.82369716058378
2,33,46.68192089714935
2,34,49.503702462918575
2,35,48.5806726291677
2,36,44.90550238635145
2,37,43.17393616446572
2,38,39.67690870664755
2,39,41.21446451020332
2,40,39.99067097818705
2,41,36.50308799530171
2,42,36.11235689132781
2,43,36.67522322130943
2,44,35.05544770320175
2,45,31.834026209355855
2,46,32.43282857430154
2,47,33.173582542153035
2,48,29.769532365731756
2,49,27.809409798513784
2,50,30.079705609810876
2,51,29.483857915547222
2,52,25.708896711697342
2,53,25.43096125196714
2,54,28.172079192231653
2,55,30.56575896285614
2,56,33.297992563891235
2,57,36.223936593779214
2,58,38.536395243747585
2,59,40.145379983043675
2,60,38.77153445774115
2,61,38.192167708544716
2,62,38.66313392346233
2,63,41.91582347678227
2,64,41.701956180009724
2,65,40.02765492694323
2,66,37.68864743134558
2,67,36.819957288813505
2,68,35.99340217032537
2,69,33.83515546150568
2,70,31.899067379023467
2,71,31.74582236881263
2,72,30.266548185896394
2,73,27.465310903428254
2,74,26.727448791119578
2,75,26.767349946611702
2,76,24.406028098306386
2,77,21.839464278749595
2,78,22.128409021352052
2,79,21.850884504889034
2,80,18.941251203322523
2,81,16.906412651169745
2,82,17.882099502336416
2,83,17.201249968186467
2,84,13.706813493495893
2,85,13.101320575175233
2,86,14.855987721731685
2,87,12.823577082020964
2,88,9.547612757323686
2,89,11.90009038073345
2,90,13.055808800126085
2,91,9.869737781882762
2,92,9.638286752994752
2,93,13.409253799244297
2,94,13.678306237100882
2,95,11.458110216929361
2,96,13.21673966256471
2,97,16.53779905539801
2,98,16.262041688626375
2,99,16.20373170732546
2,100,19.21704731017372
2,101,20.878666059279556
2,102,20.46737656180705
2,103,18.47795311080634
3,1,6.725904164630945
3,2,3.7912853038857977
3,4,3.8017160012882973
3,5,5.400776327288039
3,6,4.988973329024873
3,7,6.174231157728025
3,8,8.553260022625409
3,9,9.761248846895112
3,10,10.18290715978011
3,11,11.89832505686444
3,12,14.21426132090087
3,13,15.441685275806703
3,14,15.915579342607208
3,15,17.7216894544481
3,16,19.987198425398564
3,17,20.867309887054116
3,18,21.789692223944982
3,19,23.771755229647017
3,20,25.667302279640854
3,21,26.322854148099015
3,22,27.166106340101013
3,23,29.779233574093368
3,24,31.106412897186694
3,25,31.350307467664997
3,26,32.69570811332076
3,27,35.68713028250572
3,28,36.33578472649286
3,29,36.49596699917583
3,30,38.50018006791478
3,31,41.181868726167835
3,32,44.07234300384586
3,33,43.88947766449655
3,34,46.82434053801349
3,35,46.0604558613244
3,36,42.37881726512548
3,37,40.88429445658939
3,38,37.3550194718314
3,39,38.941512799741325
3,40,37.9753310939124
3,41,34.578408843103205
3,42,34.50170528134298
3,43,34.91656572380471
3,44,32.98854432549524
3,45,29.976242702066948
3,46,30.76836767560878
3,47,31.158731919549194
3,48,27.62254617288378
3,49,26.016973538147997
3,50,28.254529730870658
3,51,27.25538547882038
3,52,23.479295426322636
3,53,23.59003204059559
3,54,26.071790999715017
3,55,28.790913698718057
3,56,31.267753357471758
3,57,34.41605958442068
3,58,36.46239143527544
3,59,38.22571942906631
3,60,36.63695230874375
3,61,35.755562637962164
3,62,35.98424220652353
3,63,39.105820119006765
3,64,38.71405839719839
3,65,36.851882937681935
3,66,34.54123448499433
3,67,33.892453783001386
3,68,32.97745660017484
3,69,30.63890552645674
3,70,28.892225312501832
3,71,28.878688459991558
3,72,27.189918491228504
3,73,24.33707586370575
3,74,23.949743504789225
3,75,24.0354019451883
3,76,21.401969851540457
3,77,18.93210517556656
3,78,19.668580722578305
3,79,19.313140270455698
3,80,16.086541077856236
3,81,14.4402944338912
3,82,15.969442114949677
3,83,15.038403749955586
3,84,11.34571230602585
3,85,11.708046115856657
3,86,13.750272490068573
3,87,11.279390034043177
3,88,8.69577626233658
3,89,11.954853824962376
3,90,12.850787133185813
3,91,9.90984473147165
3,92,10.912856792854734
3,93,14.572427044141117
3,94,14.500202475622842
3,95,13.005458990154585
3,96,15.386199334873254
3,97,18.26957523001384
3,98,18.01896585112388
3,99,18.650950080837106
3,100,21.593459892487115
3,101,22.927800304892983
3,102,22.817336051993465
3,103,20.484037579477018
4,1,8.59021007809534
4,2,5.622518748781161
4,3,3.8017160012882973
4,5,3.8049564275172867
4,6,5.4433117744199
4,7,5.312810732487004
4,8,6.251010487521499
4,9,8.662784365930419
4,10,9.843989515099627
4,11,10.42848039874514
4,12,12.502075236875765
4,13,14.584004035844641
4,14,15.096510834057757
4,15,16.119170790526894
4,16,18.62080779798186
4,17,20.040408666326627
4,18,20.5868232295629
4,19,22.15647483834039
4,20,24.478525140735172
4,21,25.405840403001413
4,22,25.77647860742415
4,23,28.277179699798854
4,24,30.015662652139927
4,25,30.2760816122833
4,26,31.208011491716412
4,27,34.28344953679449
4,28,35.2524994104041
4,29,35.22552211640208
4,30,36.93421771224719
4,31,39.76200011188111
4,32,42.70125359151592
4,33,42.25138758683294
4,34,45.01044134614724
4,35,44.00441401849689
4,36,40.39833350649276
4,37,38.79348973371105
4,38,35.39210404363379
4,39,37.250348850156136
4,40,36.37188455243564
4,41,33.0938548943423
4,42,32.785349406523984
4,43,32.88756126500568
4,44,31.1024993909293
4,45,28.105555824489894
4,46,28.50528386786655
4,47,28.82891553851104
4,48,25.445845170774838
4,49,23.58185689678486
4,50,25.51321608294458
4,51,24.61519142802235
4,52,20.88415302814038
4,53,20.590079920021893
4,54,23.03908712356989
4,55,25.626899858125945
4,56,28.299924123822777
4,57,31.391812324220687
4,58,33.59982087563186
4,59,35.47354171166127
4,60,34.1364521902321
4,61,33.367770570668824
4,62,33.897270268108436
4,63,37.06098470626058
4,64,36.9811250471305
4,65,35.25442981943081
4,66,33.18272387209822
4,67,32.257467733913934
4,68,31.112573232736
4,69,29.076169832603956
4,70,27.36944535555726
4,71,26.89796901382211
4,72,25.210176374179678
4,73,22.685058862810592
4,74,22.007724948247652
4,75,21.63773943614609
4,76,19.193134694228156
4,77,16.96455636557067
4,78,17.148183704134773
4,79,16.46376268642001
4,80,13.558984237005657
4,81,11.877552406536898
4,82,12.778737780435037
4,83,11.697129430102423
4,84,8.194813006897512
4,85,8.198118002841609
4,86,9.969226647802229
4,87,7.630397308016164
4,88,4.917786762337366
4,89,8.36058184295279
4,90,9.447349627940357
4,91,7.119825781696157
4,92,8.353384452097515
4,93,11.811665029148207
4,94,12.146349198966666
4,95,11.510658045785187
4,96,13.752345135775245
4,97,16.326673333534448
4,98,16.73545181589228
4,99,17.717056081536295
4,100,20.184792904661393
4,101,21.66809472645749
4,102,22.170152658789092
4,103,20.116320012988062
5,1,6.817704118571125
5,2,5.558431190242934
5,3,5.400776327288039
5,4,3.8049564275172867
5,6,3.802454776269476
5,7,5.560754277355078
5,8,5.133110105460615
5,9,6.181565582748717
5,10,8.510137137457576
5,11,9.674870028228936
5,12,10.731669216827308
5,13,12.639543018967641
5,14,14.056665127202104
5,15,15.097199848239587
5,16,16.939352843283743
5,17,18.67292862395561
5,18,19.794102888977488
5,19,21.00517452746119
5,20,23.03408300572575
5,21,24.400152312576978
5,22,25.021908111333858
5,23,27.15296018130901
5,24,28.904655522888007
5,25,29.63262007912921
5,26,30.588041276493566
5,27,33.39076695324153
5,28,34.53728045056047
5,29,34.87653530702279
5,30,36.46026505071341
5,31,39.0620569691427
5,32,42.200160915468146
5,33,41.939363198610174
5,34,44.59895923663784
5,35,43.49213515235049
5,36,39.853712569009296
5,37,37.96885339939693
5,38,34.54148117072437
5,39,36.18933161463998
5,40,34.949440590166034
5,41,31.524918532655647
5,42,30.954085778757072
5,43,31.361446924417866
5,44,29.874693584479875
5,45,26.6174114120501
5,46,27.013048645208944
5,47,27.81333850903654
5,48,24.512485041516456
5,49,22.371641520435023
5,50,24.6161049885132
5,51,24.214449641102732
5,52,20.46291215575428
5,53,20.047305115862248
5,54,22.962105162394334
5,55,25.2109645587421
5,56,27.971447509910043
5,57,30.794922986609937
5,58,33.17952425924152
5,59,34.69333645237606
5,60,33.41431316406694
5,61,33.01582966651364
5,62,33.70647634026741
5,63,37.06904657610163
5,64,37.11015754956895
5,65,35.71272595570192
5,66,33.443181075117955
5,67,32.227535600316315
5,68,31.43511764948754
5,69,29.603286951280538
5,70,27.463943612597472
5,71,27.028345242533362
5,72,25.84526261519413
5,73,23.18349881563121
5,74,21.974930700194058
5,75,21.957682126260735
5,76,20.00965882323473
5,77,17.310290245780497
5,78,17.1063246102292
5,79,17.11191006918828
5,80,14.614616625244766
5,81,12.032030428932758
5,82,12.759253922855912
5,83,12.763683856167004
5,84,9.409326570677399
5,85,8.123907145551737
5,86,10.597975059893612
5,87,9.550888838901283
5,88,6.092226009739315
5,89,8.641659528075225
5,90,11.00488376375444
5,91,9.20908629547418
5,92,8.908049959885298
5,93,12.517239596351553
5,94,13.839315711917454
5,95,12.966371623047483
5,96,14.295503729590534
5,97,17.308479874541277
5,98,18.15439875541046
5,99,18.45863270528653
5,100,20.72645794855136
5,101,22.78748495534319
5,102,23.208878999436916
5,103,21.628047651237548
6,1,7.089037944810503
6,2,6.495035239907741
6,3,4.988973329024873
6,4,5.4433117744199
6,5,3.802454776269476
6,7,3.77794309437372
6,8,5.373373486680309
6,9,5.039429320968616
6,10,5.859297483717501
6,11,8.214066987496222
6,12,9.86932716475568
6,13,10.761937381956741
6,14,11.872347798624524
6,15,13.77371851850035
6,16,15.520923811844932
6,17,16.57365040004306
6,18,17.966783785332275
6,19,19.697881023542163
6,20,21.327069734412177
6,21,22.320495633133724
6,22,23.381198217665837
6,23,25.697666857142444
6,24,27.01560452595297
6,25,27.66041797701649
6,26,29.03161809671881
6,27,31.780011593065016
6,28,32.58210967529229
6,29,33.07773715519114
6,30,34.97094293523604
6,31,37.439506585791534
6,32,40.50859668536031
6,33,40.515679222672404
6,34,43.37249101309864
6,35,42.55783915899502
6,36,38.83567481407468
6,37,37.12886499401941
6,38,33.553823868340736
6,39,34.92276727493046
6,40,33.6811533413259
6,41,30.17461428344426
6,42,29.983355240856127
6,43,30.656280967020326
6,44,28.890211321357175
6,45,25.7072079404211
6,46,26.63278059254383
6,47,27.359787524325593
6,48,23.843244196338087
6,49,22.164968502132414
6,50,24.769315836566978
6,51,24.104504303528916
6,52,20.315449674333227
6,53,20.591169867060252
6,54,23.456080807398013
6,55,25.980358025813434
6,56,28.352542411479195
6,57,31.310724199921417
6,58,33.37664186969463
6,59,34.77944983739394
6,60,33.113240817290745
6,61,32.50680377134346
6,62,32.80068798817824
6,63,36.106584976712334
6,64,35.796183629481895
6,65,34.285796030875346
6,66,31.751726341745343
6,67,30.804987431685955
6,68,30.287936111904003
6,69,28.15497151116412
6,70,25.932133093528705
6,71,26.009469073758588
6,72,24.878352469107817
6,73,21.83601992787007
6,74,20.92081724623551
6,75,21.489993645673287
6,76,19.36650565120659
6,77,16.327268450497805
6,78,16.84297555037479
6,79,17.34996037191644
6,80,14.462930048498688
6,81,11.902251582298833
6,82,13.681782296109416
6,83,13.943047620550251
6,84,10.290101875399902
6,85,10.004219228465455
6,86,13.083826709252719
6,87,11.809272081968471
6,88,9.00475690164595
6,89,12.079023907390173
6,90,14.22136768959545
6,91,12.28291783255132
6,92,12.527749910518889
6,93,16.17468335726518
6,94,17.143904117218007
6,95,16.107741859608275
6,96,17.754347193693064
6,97,20.802088511160527
6,98,21.300994685792283
6,99,21.623214150383205
6,100,24.153228561794457
6,101,26.047805297035538
6,102,26.201449867132553
6,103,24.3311675051266
7,1,10.568648377101507
7,2,8.979098758796832
7,3,6.174231157728025
7,4,5.312810732487004
7,5,5.560754277355078
7,6,3.77794309437372
7,8,3.805174711809974
7,9,5.37009600750891
7,10,4.880178565083228
7,11,5.764622472829522
7,12,8.5466014369073
7,13,9.95953756974334
7,14,10.001922349850833
7,15,11.589661243643217
7,16,14.100105513445321
7,17,15.02618369287445
7,18,15.698999974115125
7,19,17.644529110627587
7,20,19.69118184730189
7,21,20.368320954695545
7,22,21.0365691792042
7,23,23.652243550961916
7,24,25.091823221805306
7,25,25.340887811099638
7,26,26.56322949436496
7,27,29.564086187911062
7,28,30.325868250465703
7,29,30.47546543184884
7,30,32.3819735757343
7,31,35.067793825107806
7,32,38.00126179476232
7,33,37.80102006537501
7,34,40.69794942705914
7,35,39.92275434705
7,36,36.22933814292041
7,37,34.731465167573475
7,38,31.187692496683862
7,39,32.78364582334228
7,40,31.894014121363668
7,41,28.56255268895857
7,42,28.594900450667573
7,43,28.906647327253175
7,44,26.86503536704633
7,45,23.938797215284936
7,46,24.847263142107405
7,47,25.11528955789459
7,48,21.52227984777873
7,49,20.11601507835202
7,50,22.483832168915043
7,51,21.385814715707575
7,52,17.60390433494907
7,53,18.11851344201479
7,54,20.641160900914116
7,55,23.47274408963412
7,56,25.673161826157678
7,57,28.85782191582765
7,58,30.72403080918722
7,59,32.3841653787157
7,60,30.629334749833887
7,61,29.729763446661707
7,62,29.91736629532344
7,63,33.10161101601844
7,64,32.75930511748604
7,65,31.080246946133613
7,66,28.712299347729417
7,67,27.876052545587683
7,68,27.09836728871354
7,69,24.898144079120545
7,70,22.92927196706884
7,71,22.90582552462622
7,72,21.48836462664902
7,73,18.541902067984253
7,74,17.902614774557268
7,75,18.25664302655811
7,76,15.863900179998966
7,77,13.035669465968168
7,78,13.841172391165697
7,79,14.071294918464329
7,80,10.919171900146715
7,81,8.795530404428641
7,82,11.046934803406552
7,83,10.965996010916314
7,84,7.249052363854225
7,85,8.118791577472873
7,86,11.263029031416645
7,87,9.765822892449682
7,88,8.056276792627688
7,89,11.577567670710266
7,90,13.334024355530941
7,91,11.943653461515993
7,92,13.107664633590728
7,93,16.39218137587161
7,94,17.095329780751882
7,95,16.78276087054974
7,96,18.830846531193846
7,97,21.397102874808837
7,98,22.01600194563408
7,99,22.943660015565783
7,100,25.310275328842646
7,101,26.92627774387951
7,102,27.459306176448635
7,103,25.402465894708246
8,1,11.505961845038403
8,2,10.298779488424753
8,3,8.553260022625409
8,4,6.251010487521499
8,5,5.133110105460615
8,6,5.373373486680309
8,7,3.805174711809974
8,9,3.7867432977939464
8,10,5.5257179439996875
8,11,4.941922412694159
8,12,6.302398266243424
8,13,8.884531917957942
8,14,9.734269482789873
8,15,10.217514957102704
8,16,12.519326162802383
8,17,14.36462689433982
8,18,15.00884157624145
8,19,16.16682368211328
8,20,18.507767101600926
8,21,19.811067044087874
8,22,20.114930615961693
8,23,22.333998379986504
8,24,24.239796219174103
8,25,24.82605581699227
8,26,25.60673034979516
8,27,28.509537906762713
8,28,29.729283920504404
8,29,29.91989300493515
8,30,31.425368494400253
8,31,34.11508787705353
8,32,37.221862688869706
8,33,36.863274094504966
8,34,39.51053764540928
8,35,38.41469271408128
8,36,34.779390279597266
8,37,32.97643157961704
8,38,29.549400355827714
8,39,31.303617312455636
8,40,30.26324808901727
8,41,26.956047758304287
8,42,26.54847369459234
8,43,26.7240549767978
8,44,25.043142442130563
8,45,21.937620179621366
8,46,22.393489985702956
8,47,22.92246860890334
8,48,19.543449688287357
8,49,17.608570702736667
8,50,19.866447135857417
8,51,19.23438158058044
8,52,15.45463265057111
8,53,15.387735244447464
8,54,18.246229775108592
8,55,20.711071093957212
8,56,23.219288122715344
8,57,26.178357240619967
8,58,28.35967618794167
8,59,29.913082334506175
8,60,28.473664014530705
8,61,27.946807836078904
8,62,28.57870007190958
8,63,31.936217442802047
8,64,32.00751918935661
8,65,30.682282890319595
8,66,28.459439296628258
8,67,27.144851871844754
8,68,26.344001829910844
8,69,24.619564096494457
8,70,22.430644548480238
8,71,21.90986828560904
8,72,20.837772358564287
8,73,18.21029837680656
8,74,16.856029739436064
8,75,16.90728548268909
8,76,15.118537194377813
8,77,12.283471433159963
8,78,12.043899686003444
8,79,12.404393895480464
8,80,10.032346943201084
8,81,7.057407293547097
8,82,8.346528352836934
8,83,9.064844126299615
8,84,5.840462771243187
8,85,5.116527827555415
8,86,8.701447666793593
8,87,8.451474737527205
8,88,6.580788894085049
8,89,9.350390439019163
8,90,11.895610509810039
8,91,11.416426356769673
8,92,11.947746437176573
8,93,14.88775654183288
8,94,16.33967721474991
8,95,16.500824998145237
8,96,17.962692601000192
8,97,20.423049052530626
8,98,21.685050776946568
8,99,22.50888909276881
8,100,24.402412794661704
8,101,26.367965229062616
8,102,27.275185846765513
8,103,25.66138463921223
9,1,10.900172855928027
9,2,10.951726120114955
9,3,9.761248846895112
9,4,8.662784365930419
9,5,6.181565582748717
9,6,5.039429320968616
9,7,5.37009600750891
9,8,3.7867432977939464
9,10,3.7965412572415915
9,11,5.176800867136243
9,12,5.175926523116857
9,13,6.500664338817553
9,14,8.509934172314539
9,15,9.7176521086647
9,16,10.98627920539945
9,17,12.714594609034854
9,18,14.283443745624666
9,19,15.389644203213763
9,20,17.05887993335424
9,21,18.59846533116925
9,22,19.50666587685785
9,23,21.43047034039597
9,24,23.031208151183012
9,25,24.05936780513719
9,26,25.15375079117625
9,27,27.71744734962502
9,28,28.875182321365177
9,29,29.542026777921414
9,30,31.127155983408592
9,31,33.48939628423871
9,32,36.733565124868086
9,33,36.73634686623691
9,34,39.405415680038836
9,35,38.40436512403776
9,36,34.70320358035936
9,37,32.74700401780886
9,38,29.217375319464008
9,39,30.55940402229637
9,40,29.135652177962605
9,41,25.61421538223078
9,42,25.171880985214127
9,43,25.871484123470946
9,44,24.339204032900057
9,45,21.00781029547588
9,46,21.82073080485536
9,47,22.82438932692681
9,48,19.434483543808707
9,49,17.53676560523237
9,50,20.334728856361444
9,51,20.068455944171188
9,52,16.355417724507973
9,53,16.600400114784964
9,54,19.787898191315154
9,55,22.01369289201058
9,56,24.334426453073483
9,57,27.060325050591917
9,58,29.201908312547744
9,59,30.321841081015915
9,60,28.71998783253176
9,61,28.434991608318892
9,62,28.963570754215223
9,63,32.44033302196654
9,64,32.394936255748654
9,65,31.301870157714127
9,66,28.745220081960852
9,67,27.356416755790843
9,68,27.07582146361389
9,69,25.35710131138949
9,70,22.745271845893022
9,71,22.617620873679513
9,72,22.060025324051825
9,73,19.11720410724407
9,74,17.495276170813913
9,75,18.28026967804825
9,76,16.881181470663876
9,77,13.530491352546306
9,78,13.421365572097956
9,79,14.705752288509883
9,80,12.58472082535141
9,81,9.1922082216829
9,82,10.790774895332149
9,83,12.356729699828978
9,84,9.421707437096881
9,85,8.36318456535166
9,86,12.026947066175419
9,87,12.16545655837653
9,88,9.863609518112812
9,89,12.224744006361925
9,90,15.165072899294422
9,91,14.430386891578467
9,92,14.307543151895961
9,93,17.469469518700382
9,94,19.214845155362116
9,95,18.89709136111851
9,96,20.000754226389258
9,97,22.84212574320953
9,98,24.075526531707013
9,99,24.401459277296752
9,100,26.380399581810277
9,101,28.629750483564898
9,102,29.245667424487827
9,103,27.775041748826055
10,1,12.575927907361075
10,2,12.342831460667904
10,3,10.18290715978011
10,4,9.843989515099627
10,5,8.510137137457576
10,6,5.859297483717501
10,7,4.880178565083228
10,8,5.5257179439996875
10,9,3.7965412572415915
10,11,3.7898028568622206
10,12,5.63643310067869
10,13,5.478495443819535
10,14,6.057058844763926
10,15,8.469446362141031
10,16,10.138923671321969
10,17,10.76818547657672
10,18,12.242584934410278
10,19,14.19987541007536
10,20,15.631161170916075
10,21,16.471435664241827
10,22,17.687103939889905
10,23,20.044417284907578
10,24,21.19573727294925
10,25,21.860235906237328
10,26,23.361911544442638
10,27,26.03491804511807
10,28,26.759582331964754
10,29,27.37911549267108
10,30,29.334604061373536
10,31,31.695187637286946
10,32,34.772808658150645
10,33,34.93128847666766
10,34,37.84171814841187
10,35,37.17546461607489
10,36,33.41239799637675
10,37,31.788902683560707
10,38,28.133614759716092
10,39,29.318249028151808
10,40,28.120381269893254
10,41,24.625045643045965
10,42,24.749952993844992
10,43,25.50681072738138
10,44,23.503200733000188
10,45,20.44509124451121
10,46,21.812906021628656
10,47,22.425707988951075
10,48,18.786077801202275
10,49,17.601856353714236
10,50,20.544406989302285
10,51,19.7187595603298
10,52,16.036768747969642
10,53,17.105448207462587
10,54,19.92653935074935
10,55,22.576471525698317
10,56,24.41610624422737
10,57,27.392930195616906
10,58,29.09564198633488
10,59,30.286740526166533
10,60,28.267015929956198
10,61,27.570554117879432
10,62,27.60818036110955
10,63,30.927177293270137
10,64,30.47723222891277
10,65,29.12768830627936
10,66,26.391778240432934
10,67,25.397547730834123
10,68,25.23373142570644
10,69,23.12244594295786
10,70,20.603388876122644
10,71,20.998439421581114
10,72,20.282389210330738
10,73,16.99087633689844
10,74,15.928327381634316
10,75,17.20430311048919
10,76,15.432949745960268
10,77,11.91355661903164
10,78,12.842136882001741
10,79,14.362164985234166
10,80,11.752010782139873
10,81,8.901305596954112
10,82,11.662012931051681
10,83,12.969942028247326
10,84,9.917297404436829
10,85,10.261631027125107
10,86,13.955377264700767
10,87,13.523500416848034
10,88,11.877483691045786
10,89,14.8407584933695
10,90,17.268364512692038
10,91,16.32542910561179
10,92,16.904699247236202
10,93,20.143247870383323
10,94,21.386733801670214
10,95,21.06713889529934
10,96,22.66731978700068
10,97,25.41786546320801
10,98,26.31589207543805
10,99,26.907673179176818
10,100,29.134783527579657
10,101,31.086798791974033
10,102,31.58957424263688
10,103,29.75698609338859
11,1,15.150049673845292
11,2,14.297063483050836
11,3,11.89832505686444
11,4,10.42848039874514
11,5,9.674870028228936
11,6,8.214066987496222
11,7,5.764622472829522
11,8,4.941922412694159
11,9,5.176800867136243
11,10,3.7898028568622206
11,12,3.8026207728523693
11,13,5.486272819440765
11,14,4.980684379562461
11,15,5.83096109461054
11,16,8.566424010005813
11,17,9.782907490533509
11,18,10.22815982120574
11,19,11.895026885645766
11,20,14.111251044261367
11,21,15.03051320901338
11,22,15.488612004955852
11,23,17.951203835823843
11,24,19.59239825266582
11,25,20.028554862687262
11,26,21.052000669617748
11,27,23.971911879318096
11,28,24.96915757657224
11,29,25.219662926567985
11,30,26.929633284264312
11,31,29.552826930351184
11,32,32.60643185328524
11,33,32.426861104160224
11,34,35.229256285441345
11,35,34.388074301470695
11,36,30.67687397821965
11,37,29.070555467527797
11,38,25.506909682585267
11,39,27.066462029410673
11,40,26.153479763381572
11,41,22.859518268988367
11,42,22.924756806437806
11,43,23.183707864775275
11,44,21.10472702427617
11,45,18.19534644263179
11,46,19.23639587239505
11,47,19.50287990109971
11,48,15.86982595567564
11,49,14.63813132204535
11,50,17.275578748350963
11,51,16.24298915263301
11,52,12.501715722548665
11,53,13.549883261049514
11,54,16.223519902953246
11,55,19.00373246909508
11,56,20.85176994355508
11,57,23.951570745761728
11,58,25.65260904110662
11,59,27.06713509767157
11,60,25.150126596966047
11,61,24.367933910126485
11,62,24.587097756301958
11,63,27.911756486241593
11,64,27.700717719428024
11,65,26.38107618597686
11,66,23.918191831248397
11,67,22.718969611838453
11,68,22.230323455951968
11,69,20.343323125813622
11,70,17.942931415229943
11,71,17.87238713869075
11,72,17.052982782427517
11,73,14.03851325876795
11,74,12.757233756112896
11,75,13.624596073128222
11,76,11.94368845074413
11,77,8.504715930477746
11,78,9.122071036887675
11,79,10.603866022623452
11,80,8.246148303796556
11,81,5.204033787876742
11,82,8.2130513971831
11,83,9.797236974323631
11,84,7.379531177433956
11,85,8.105769716274434
11,86,11.68990547513328
11,87,11.740504038965792
11,88,11.022899229439572
11,89,13.734565778445182
11,90,16.053302787486917
11,91,15.885978313004347
11,92,16.79699562228053
11,93,19.558153562073855
11,94,20.874138125863027
11,95,21.235388488571864
11,96,22.856878483422037
11,97,25.184818149991347
11,98,26.41635315782121
11,99,27.391189697398467
11,100,29.29087511191843
11,101,31.163763307458137
11,102,32.10210018773911
11,103,30.336718700056338
12,1,16.06607328590007
12,2,15.868725424155055
12,3,14.21426132090087
12,4,12.502075236875765
12,5,10.731669216827308
12,6,9.86932716475568
12,7,8.5466014369073
12,8,6.302398266243424
12,9,5.175926523116857
12,10,5.63643310067869
12,11,3.8026207728523693
12,13,3.7720919373877613
12,14,5.4473108463917255
12,15,4.979193512724775
12,16,6.329775113333618
12,17,8.790138502394065
12,18,9.87617235095497
12,19,10.410717841501214
12,20,12.483694356261184
12,21,14.315754398647362
12,22,14.762800949169911
12,23,16.52338269765188
12,24,18.473546750364207
12,25,19.57112827028004
12,26,20.31170914625155
12,27,22.87521189967847
12,28,24.30853336790866
12,29,24.90542621081321
12,30,26.237492386225746
12,31,28.63867221164608
12,32,31.937694235527914
12,33,31.826863073544104
12,34,34.381270229269234
12,35,33.28366208223098
12,36,29.601809593139414
12,37,27.58940327213609
12,38,24.087938396682397
12,39,25.53892043771516
12,40,24.219306806972018
12,41,20.808183064247487
12,42,20.37754127317565
12,43,20.83643995164921
12,44,19.24175749234521
12,45,15.96544605632432
12,46,16.76634632356762
12,47,17.659217410008022
12,48,14.265292803599037
12,49,12.450840494674043
12,50,15.396070766315999
12,51,15.162795008726269
12,52,11.554256845177495
12,53,12.187825410881832
12,54,15.420114343985837
12,55,17.599047359805574
12,56,19.60407580674582
12,57,22.290682354087792
12,58,24.274026685533055
12,59,25.28196222383139
12,60,23.580234078060755
12,61,23.35426944216683
12,62,23.96562043472322
12,63,27.51500566809985
12,64,27.64798861878012
12,65,26.84086328678368
12,66,24.352239565070416
12,67,22.63798499433217
12,68,22.471682990080744
12,69,21.110519200530966
12,70,18.27253327429563
12,71,17.938651490159813
12,72,17.849164998371766
12,73,15.086795639987365
12,74,12.893195740091912
12,75,13.916198012428344
12,76,13.241411603125004
12,77,9.75769523042046
12,78,9.17638824902045
12,79,11.395438068304433
12,80,10.21160228127421
12,81,6.570744342526845
12,82,8.29501021393225
12,83,11.042342844507548
12,84,9.395608486516492
12,85,8.680627233229693
12,86,12.244221626835811
12,87,13.343974492210434
12,88,12.30017584222899
12,89,14.187560619169163
12,90,17.119967303293027
12,91,17.382203361676094
12,92,17.57510481895661
12,93,20.13425280014284
12,94,22.066417430128507
12,95,22.493284390385888
12,96,23.537996145519593
12,97,25.940518645789005
12,98,27.585800736352258
12,99,28.240912446919545
12,100,29.829878678130193
12,101,32.073571521130084
12,102,33.12765712409181
12,103,31.751073104396067
13,1,16.793866358028744
13,2,17.14354714403398
13,3,15.441685275806703
13,4,14.584004035844641
13,5,12.639543018967641
13,6,10.761937381956741
13,7,9.95953756974334
13,8,8.884531917957942
13,9,6.500664338817553
13,10,5.478495443819535
13,11,5.486272819440765
13,12,3.7720919373877613
13,14,3.7788606738563777
13,15,5.297666669874978
13,16,5.106701068270941
13,17,6.394694602044458
13,18,8.72546030580195
13,19,9.815910810385361
13,20,10.78645056855149
13,21,12.403800422943725
13,22,13.774657156343542
13,23,15.483031648607447
13,24,16.75735112458358
13,25,18.089617482426053
13,26,19.43045422915733
13,27,21.694047836747448
13,28,22.766808350963938
13,29,23.810983438245223
13,30,25.456332575907343
13,31,27.521206064092883
13,32,30.830642057626946
13,33,31.163531319719578
13,34,33.880416724492505
13,35,33.09324441756539
13,36,29.33767110850886
13,37,27.417654118016276
13,38,23.769394637783797
13,39,24.690016913256404
13,40,23.140647201288587
13,41,19.536405701767624
13,42,19.477806356163203
13,43,20.527537620927536
13,44,18.778938265108735
13,45,15.513524125690632
13,46,17.086188059934596
13,47,18.162868811093226
13,48,14.695417686413906
13,49,13.526917494550606
13,50,16.934056029841933
13,51,16.664575282242627
13,52,13.338014929754696
13,53,14.699255442759346
13,54,17.774970204685385
13,55,19.945581246089272
13,56,21.452701467305094
13,57,24.031759897962544
13,58,25.668585857585406
13,59,26.329007880744435
13,60,24.24202630450999
13,61,23.969863518547783
13,62,24.15135658467655
13,63,27.658362208392624
13,64,27.419376553402195
13,65,26.662830957880765
13,66,23.781084661692166
13,67,22.27801930854282
13,68,22.67393590352323
13,69,21.083347982262374
13,70,17.96811138452037
13,71,18.368050492183162
13,72,18.624179660979717
13,73,15.448506492032445
13,74,13.48448703290493
13,75,15.432492730158089
13,76,14.819484311726747
13,77,11.061387510679882
13,78,11.348170368410084
13,79,14.08685763323182
13,80,12.709935754546981
13,81,9.488459456657282
13,82,11.816978558098025
13,83,14.432416100310451
13,84,12.531750511202691
13,85,12.23918231407689
13,86,15.893980853916643
13,87,16.63669204580492
13,88,15.358160941312875
13,89,17.53998469530056
13,90,20.45152749502198
13,91,20.288072001474518
13,92,20.44733742715784
13,93,23.30081719770965
13,94,25.12428405367769
13,95,25.178055690534322
13,96,26.290442615134353
13,97,28.943917782036664
13,98,30.354466578474284
13,99,30.812703279984348
13,100,32.63679689788526
13,101,34.90870293858758
13,102,35.677233513070206
13,103,34.18924804072745
14,1,18.57981978604084
14,2,18.32050412603715
14,3,15.915579342607208
14,4,15.096510834057757
14,5,14.056665127202104
14,6,11.872347798624524
14,7,10.001922349850833
14,8,9.734269482789873
14,9,8.509934172314539
14,10,6.057058844763926
14,11,4.980684379562461
14,12,5.4473108463917255
14,13,3.7788606738563777
14,15,3.799264741933567
14,16,5.407026907551478
14,17,5.0790115537280025
14,18,6.233242384732814
14,19,8.578971612196085
14,20,9.9107556677268
14,21,10.47550278103084
14,22,11.680945519596913
14,23,14.15275150667579
14,24,15.212903715994486
14,25,15.821973517381402
14,26,17.357155255695847
14,27,20.008134254593962
14,28,20.71708033493098
14,29,21.38458311588765
14,30,23.343436255524797
14,31,25.64725931650604
14,32,28.729806203548435
14,33,28.972178419213858
14,34,31.91335391959058
14,35,31.379709623178076
14,36,27.591364241114874
14,37,26.091268243863997
14,38,22.374298244087317
14,39,23.427525960141907
14,40,22.394788625338652
14,41,19.002485046140325
14,42,19.568067514283978
14,43,20.25982478839646
14,44,17.904130595736607
14,45,15.135989786347697
14,46,17.029804522566867
14,47,17.338719835678482
14,48,13.609401409148067
14,49,13.257980921372516
14,50,16.437892762007113
14,51,15.354804435459702
14,52,12.070316646980391
14,53,14.18814216791636
14,54,16.670435253762268
14,55,19.359311849888716
14,56,20.43589693863441
14,57,23.376054673356393
14,58,24.575675371668556
14,59,25.546450823918164
14,60,23.129621827794764
14,61,22.29146545535758
14,62,22.034454455715373
14,63,25.346114023016426
14,64,24.79046924768419
14,65,23.676733246921525
14,66,20.77546747515183
14,67,19.649447319938137
14,68,19.886106268111835
14,69,17.916497302303327
14,70,15.028345251971043
14,71,15.755007248530903
14,72,15.65562078665014
14,73,12.220662301494366
14,74,10.88686753431628
14,75,13.111894918293283
14,76,12.067565677286751
14,77,8.288078922580949
14,78,9.6744511264125
14,79,12.398995015584967
14,80,10.717128795647893
14,81,8.339173195587662
14,82,11.486154395601659
14,83,13.652159877506053
14,84,11.937947034067923
14,85,12.75796810151142
14,86,16.242206496941467
14,87,16.56519086765888
14,88,15.994400519505248
14,89,18.570219692974373
14,90,20.98314903503813
14,91,20.85595614880596
14,92,21.674793714356305
14,93,24.45831196071426
14,94,25.85278435901255
14,95,26.134865132193703
14,96,27.692170708816775
14,97,30.112281987430237
14,98,31.33901498957255
14,99,32.19535165995751
14,100,34.12699465968327
14,101,36.08112563680692
14,102,36.928725793226114
14,103,35.14452860282774
15,1,20.472957902938873
15,2,19.987052845962804
15,3,17.7216894544481
15,4,16.119170790526894
15,5,15.097199848239587
15,6,13.77371851850035
15,7,11.589661243643217
15,8,10.217514957102704
15,9,9.7176521086647
15,10,8.469446362141031
15,11,5.83096109461054
15,12,4.979193512724775
15,13,5.297666669874978
15,14,3.799264741933567
15,16,3.824458151472548
15,17,5.430229091610923
15,18,5.100330837597339
15,19,6.068884055612161
15,20,8.625695010587927
15,21,9.90579888406768
15,22,9.965754869347142
15,23,12.17037785650693
15,24,14.09688393131024
15,25,14.795103867376563
15,26,15.527586073041693
15,27,18.30863267392812
15,28,19.607161920786883
15,29,20.003839238385627
15,30,21.453318338407176
15,31,23.968397930302192
15,32,27.158298127110406
15,33,27.03081126347152
15,34,29.7225184696653
15,35,28.837768726908475
15,36,25.10533198832818
15,37,23.39022280996155
15,38,19.787179331964314
15,39,21.261955856005486
15,40,20.343318986350855
15,41,17.118846575127996
15,42,17.320805046568243
15,43,17.504684125572066
15,44,15.29810914170603
15,45,12.471129369957263
15,46,13.840223463108078
15,47,14.043528646924205
15,48,10.343322465527603
15,49,9.644695169341457
15,50,12.70154038240571
15,51,11.752165785143353
15,52,8.40775944046543
15,53,10.472927188867907
15,54,13.04514406129708
15,55,15.59302414150687
15,56,16.742154674315948
15,57,19.643288819119146
15,58,21.002518172352854
15,59,22.040785034159338
15,60,19.842176616635072
15,61,19.19268274423497
15,62,19.38518356192507
15,63,22.857198023641157
15,64,22.781264251365133
15,65,21.962746509059468
15,66,19.39393590248542
15,67,17.72565736309221
15,68,17.71618763067616
15,69,16.318322079803675
15,70,13.341873714862176
15,71,13.280335598223427
15,72,13.477925369618871
15,73,10.573051215967958
15,74,8.293629064529771
15,75,10.164958306400495
15,76,9.904727147453665
15,77,6.287851873360177
15,78,6.502070031740994
15,79,9.745333238073798
15,80,9.148821168651043
15,81,6.711381106212346
15,82,9.14769860626314
15,83,11.92543966482849
15,84,11.228291111114626
15,85,11.73368202370161
15,86,14.841273771034311
15,87,15.892466592895172
15,88,15.844093255786927
15,89,17.858141691367415
15,90,20.326515925083868
15,91,20.891844839295754
15,92,21.656263427839658
15,93,23.978197002009065
15,94,25.625172908420854
15,95,26.406592629139485
15,96,27.748667954669905
15,97,29.86061228953251
15,98,31.475069078794434
15,99,32.48456068769869
15,100,34.04297640340844
15,101,36.06165241187472
15,102,37.27710718249145
15,103,35.70767823229024
16,1,21.68811129971645
16,2,21.8329607272916
16,3,19.987198425398564
16,4,18.62080779798186
16,5,16.939352843283743
16,6,15.520923811844932
16,7,14.100105513445321
16,8,12.519326162802383
16,9,10.98627920539945
16,10,10.138923671321969
16,11,8.566424010005813
16,12,6.329775113333618
16,13,5.106701068270941
16,14,5.407026907551478
16,15,3.824458151472548
16,17,3.8059479937910305
16,18,5.428882787719541
16,19,4.9887775905942044
16,20,6.223221931209091
16,21,8.62294053043123
16,22,9.39972945232935
16,23,10.610473488721368
16,24,12.381807061261275
16,25,14.014690429386969
16,26,14.86107552382859
16,27,16.989779456859996
16,28,18.492372823366086
16,29,19.56205416382604
16,30,20.824277894492326
16,31,22.855090890447947
16,32,26.28079787826942
16,33,26.52322221193159
16,34,29.06453377528323
16,35,28.145332322557614
16,36,24.416541471280617
16,37,22.366935068541085
16,38,18.746561571553773
16,39,19.709974079543098
16,40,18.190533286394224
16,41,14.67201134459579
16,42,14.62328080309505
16,43,15.477390120114451
16,44,13.680823519075485
16,45,10.425782373014451
16,46,12.19485029147211
16,47,13.252939877844188
16,48,9.8873270125143
16,49,9.110679023626824
16,50,12.751191405087198
16,51,12.678026591360629
16,52,9.969002192254894
16,53,11.883512543769854
16,54,14.711846419046994
16,55,16.562726546836753
16,56,17.501380759382222
16,57,19.843251078080996
16,58,21.216291152733564
16,59,21.592841042173234
16,60,19.36604908069862
16,61,19.266040556619707
16,62,19.54815275621417
16,63,23.148033204752007
16,64,23.15363651661353
16,65,22.867668177746456
16,66,20.07112034839769
16,67,18.08907518379666
16,68,18.784783726442488
16,69,17.77094516909356
16,70,14.325068077917555
16,71,14.52597899103426
16,72,15.610963900533218
16,73,12.862180379351857
16,74,10.142809101984819
16,75,12.552266488849057
16,76,13.097281916016241
16,77,9.72469601865704
16,78,9.45885590918626
16,79,12.999116273317572
16,80,12.877170864713003
16,81,10.213714667643687
16,82,12.026846540551192
16,83,15.22090858240709
16,84,14.530306285138346
16,85,14.350808167067798
16,86,17.536418837864378
16,87,18.946514257716014
16,88,18.443246838477695
16,89,20.1589353766003
16,90,23.013724121201935
16,91,23.557034155605685
16,92,23.83508632846778
16,93,26.212067370334687
16,94,28.201771758271168
16,95,28.79163769449576
16,96,29.79054189731719
16,97,32.10459704397782
16,98,33.85935529805323
16,99,34.53310800389794
16,100,36.01554443596108
16,101,38.30820193991969
16,102,39.43551913512572
16,103,38.074052347854305
17,1,22.91584287274266
17,2,23.061260355651157
17,3,20.867309887054116
17,4,20.040408666326627
17,5,18.67292862395561
17,6,16.57365040004306
17,7,15.02618369287445
17,8,14.36462689433982
17,9,12.714594609034854
17,10,10.76818547657672
17,11,9.782907490533509
17,12,8.790138502394065
17,13,6.394694602044458
17,14,5.0790115537280025
17,15,5.430229091610923
17,16,3.8059479937910305
17,18,3.7906725069655876
17,19,5.451007269755403
17,20,5.155158135445654
17,21,6.043355152247778
17,22,8.043396519698984
17,23,9.877593964175972
17,24,10.543882606500016
17,25,11.836845627633243
17,26,13.568503849602829
17,27,15.677268885168777
17,28,16.45687414101644
17,29,17.710133879738233
17,30,19.5625152496964
17,31,21.4340206010417
17,32,24.67944676507262
17,33,25.28898250200246
17,34,28.155798624899
17,35,27.73045111049458
17,36,23.93792427985561
17,37,22.334179171131893
17,38,18.573252928614227
17,39,19.09484570821307
17,40,17.779567483791592
17,41,14.287935052674182
17,42,15.172701722368997
17,43,16.310708566991295
17,44,13.925051473314161
