1,2,3.8842593464324717
1,3,6.801933900101388
1,4,10.34896277604324
1,5,13.468499938828279
1,6,16.79103269062299
1,7,20.021630631026238
1,8,22.392732597093552
1,9,22.042694832966895
1,10,25.273562646234822
1,11,28.19840245356367
1,12,31.7865659714267
1,13,33.17851685100929
1,14,36.82085566958764
1,15,38.46072336393417
1,16,38.32012985650287
1,17,35.63788916676345
1,18,32.85593098468157
1,19,29.34736491017108
1,20,26.41524673918453
1,21,22.97223182808029
1,22,20.05735736361763
1,23,16.351727775643987
1,24,14.200424863397753
1,25,11.100845894779047
1,26,8.779964856280882
1,27,6.428454597023395
1,28,8.896577334413122
1,29,8.045225184126194
1,30,10.811163725624185
1,31,14.468476459898465
1,32,16.026736071058615
1,33,15.602898317795663
1,34,17.64565717978648
1,35,19.679614573456384
1,36,20.92983149468157
1,37,23.947575332904453
1,38,25.761980841003112
1,39,29.503313894048915
1,40,31.377952214779967
1,41,33.97667785382429
1,42,32.21164226091617
1,43,32.83809871681377
1,44,30.22555535599693
1,45,26.592331413106777
1,46,26.67229451578468
1,47,23.85300711076533
1,48,25.338746189033618
1,49,23.63193018417842
1,50,24.672648135485296
1,51,23.355355600032876
1,52,20.862649956507838
1,53,20.569871782923162
1,54,19.72265953341629
1,55,17.492565402232103
1,56,20.145299716876217
1,57,23.572522503189955
1,58,24.81255177232897
1,59,25.26250281943181
1,60,24.763135286805092
1,61,25.705767790172878
1,62,27.47673494413398
1,63,28.66372579147061
1,64,32.48754610967332
1,65,33.00191166505899
1,66,35.611345333855155
1,67,33.347800484462205
1,68,29.927005380046158
1,69,28.903742047209146
1,70,25.60633882583357
1,71,24.59550428423317
1,72,21.8296987370194
1,73,22.734874973265057
1,74,21.814389129682123
1,75,18.25477912345505
1,76,15.195142919741564
1,77,17.647028395706506
1,78,18.793263312749918
1,79,22.020380636309323
1,80,23.696486799077206
1,81,27.220798771548377
1,82,29.74188514085865
1,83,33.03248344491901
1,84,35.455171578837216
1,85,34.39778793729799
1,86,36.22349459488365
1,87,36.174692985588585
1,88,34.672403051510635
1,89,31.20267751810524
1,90,31.429631085060798
1,91,28.483306688104673
1,92,24.728139252583198
1,93,22.129169352020963
1,94,18.38393566273919
1,95,16.150196859499722
1,96,13.84941797618059
1,97,11.604321504088562
1,98,11.160593497916697
1,99,8.849561210228286
1,100,10.400160017726833
1,101,12.687031272756467
1,102,10.412434288943198
1,103,11.32114244776219
1,104,9.671471952057246
1,105,12.265897205021275
1,106,13.261936982934618
1,107,16.04701821246433
1,108,19.469417480770417
1,109,22.16199617027091
1,110,25.72931765831061
1,111,28.041878303541857
1,112,31.376722563293264
1,113,34.91501907879636
1,114,36.683169649774925
1,115,37.72665612065273
2,1,3.8842593464324717
2,3,3.8190767409799173
2,4,6.803248004483959
2,5,10.140503537835707
2,6,13.348793700582016
2,7,16.597879944314794
2,8,19.107243290251798
2,9,19.133449335918993
2,10,22.27813237821343
2,11,24.97087687400216
2,12,28.63441640862277
2,13,29.79925848669669
2,14,33.370484577358454
2,15,34.94564353157927
2,16,34.6542993327753
2,17,31.953415138376315
2,18,29.085138215476814
2,19,25.628144877632568
2,20,22.62077927203214
2,21,19.23548320998293
2,22,16.25330945060325
2,23,12.54071265269059
2,24,10.441490121074052
2,25,7.280265079263552
2,26,5.513740517672066
2,27,4.544350701830663
2,28,7.031033616072166
2,29,6.659924558859992
2,30,8.809193596509745
2,31,12.053586903914882
2,32,12.936607011409237
2,33,12.176708051978252
2,34,14.400553673027359
2,35,16.26291832954703
2,36,17.84549680748472
2,37,20.918375962850476
2,38,23.04451429290243
2,39,26.68170559617406
2,40,28.671641314277192
2,41,31.332332117596035
2,42,29.886720601294666
2,43,30.818859851205914
2,44,28.457218471712924
2,45,24.696256285840718
2,46,24.603606415067926
2,47,21.504065219440676
2,48,22.6880395908663
2,49,20.778579945169962
2,50,21.432086640631166
2,51,20.0086034119137
2,52,17.611624816087488
2,53,17.163261493166484
2,54,16.656322544906985
2,55,14.458580032009161
2,56,17.461428520478
2,57,20.640209412794547
2,58,21.523488510601005
2,59,22.073215836167773
2,60,21.433659209627436
2,61,22.571604089496226
2,62,24.243253938366387
2,63,25.669314852055304
2,64,29.469212270825754
2,65,30.012185723793852
2,66,31.962684086681886
2,67,29.693193067801577
2,68,26.225592604532316
2,69,25.11431235310117
2,70,21.802207381929946
2,71,20.80521102934568
2,72,18.118801253876544
2,73,19.04202133896271
2,74,18.399716950788758
2,75,14.970671443923846
2,76,11.653063241919437
2,77,13.885761640355621
2,78,14.931363072969534
2,79,18.136350076792304
2,80,19.869732221072397
2,81,23.391648257171514
2,82,26.001657657089012
2,83,29.232499348884353
2,84,31.730660338807905
2,85,30.80618833024329
2,86,32.771946558999026
2,87,32.9344987564199
2,88,31.3983803972251
2,89,27.851124130296153
2,90,28.235995269200036
2,91,25.501782055626638
2,92,21.810879404814138
2,93,18.94180504262431
2,94,15.189463694070264
2,95,12.739558280951409
2,96,10.829973915124773
2,97,8.787570421380044
2,98,9.429287537104422
2,99,8.147127679104313
2,100,10.94724990237093
2,101,12.670749514061585
2,102,10.376770670036741
2,103,10.132302397078746
2,104,7.762867345119187
2,105,9.811595306420479
2,106,10.332353311086456
2,107,13.472949791445108
2,108,16.758051273400568
2,109,19.132247918503907
2,110,22.81547591621407
2,111,24.834001642627467
2,112,28.3022039131662
2,113,31.742215057403605
2,114,33.51990657023493
2,115,34.814211521919596
3,1,6.801933900101388
3,2,3.8190767409799173
3,4,3.8148283914581853
3,5,6.707999622488209
3,6,10.022182910062801
3,7,13.247338862941827
3,8,15.601105261109623
3,9,15.405611158502758
3,10,18.641610024108
3,11,21.47918086968504
3,12,25.11524464117863
3,13,26.4896915927838
3,14,30.12003018361625
3,15,31.899104450348727
3,16,31.835312294537452
3,17,29.045777102775848
3,18,26.392034463257662
3,19,22.798318347031387
3,20,19.987084854578953
3,21,16.475551215958227
3,22,13.716188326419966
3,23,10.104046915165497
3,24,8.462332116498638
3,25,6.440983213233545
3,26,5.458560449927917
3,27,6.7162334661595775
3,28,9.578764036687673
3,29,9.896635204307112
3,30,11.355083223041706
3,31,13.95224121935486
3,32,13.811038672405234
3,33,12.085955894521053
3,34,13.857364225845748
3,35,14.841254306974735
3,36,16.178973669903055
3,37,18.821985286014197
3,38,20.76901309096144
3,39,24.331894755300652
3,40,26.002433900726846
3,41,28.92390009570738
3,42,27.66674599817361
3,43,28.472428002180955
3,44,26.41317518739229
3,45,22.621240434148344
3,46,22.905970402552654
3,47,19.889750306601993
3,48,21.296947183676526
3,49,19.742234072131264
3,50,20.207128028076355
3,51,19.231371489887923
3,52,17.443996281031666
3,53,17.17485661499525
3,54,17.47327150737675
3,55,15.532489594771642
3,56,18.9150337454263
3,57,21.656654342000696
3,58,21.909628097541205
3,59,22.537661481741598
3,60,21.444325318823637
3,61,22.588694993449426
3,62,23.744200355325006
3,63,25.14854180816324
3,64,28.863473624575047
3,65,29.024997027614823
3,66,30.339149744589267
3,67,27.745219591477873
3,68,24.429635943428423
3,69,23.566874628100663
3,70,20.47911184914237
3,71,19.807890475385715
3,72,17.46761428397479
3,73,18.043597398181728
3,74,17.896263454340616
3,75,14.870908070476641
3,76,11.332859591235934
3,77,12.591357527674631
3,78,13.617957563809789
3,79,16.310510305545556
3,80,17.889616379360852
3,81,21.174345522613844
3,82,23.637270929140488
3,83,26.97102692990917
3,84,29.219690961588746
3,85,28.037700236059866
3,86,30.02466422185657
3,87,30.192053140443434
3,88,28.98088247579398
3,89,25.358746205686025
3,90,25.404247559961853
3,91,22.65171111720603
3,92,18.924218857281875
3,93,16.237328406349434
3,94,12.63352401573156
3,95,10.846099676365363
3,96,9.896195201001142
3,97,9.22917708957622
3,98,11.093786722332183
3,99,10.959345461640138
3,100,14.051874333956862
3,101,15.059823194151862
3,102,12.24071146265639
3,103,10.880122026408614
3,104,7.493224295400517
3,105,7.9842646143577936
3,106,7.343308663741291
3,107,10.090751685291977
3,108,13.55454094121055
3,109,15.780340139156504
3,110,19.475108102922103
3,111,21.597505988445164
3,112,25.006385956160383
3,113,28.44078600816676
3,114,30.057882711270274
3,115,31.234009357789283
4,1,10.34896277604324
4,2,6.803248004483959
4,3,3.8148283914581853
4,5,3.823350713231254
4,6,6.562773364392054
4,7,9.963058124573438
4,8,12.456989221580104
4,9,12.719975831731865
4,10,15.706848390870215
4,11,18.223308490209764
4,12,21.9234606230973
4,13,23.02450425916904
4,14,26.589701305057925
4,15,28.268179328184367
4,16,28.085820881262407
4,17,25.314733059703013
4,18,22.610657540127765
4,19,19.040955929887154
4,20,16.226552618178523
4,21,12.696350621272378
4,22,10.014824976677463
4,23,6.3981117697571515
4,24,5.615977163755461
4,25,4.708865754587262
4,26,6.008921995738312
4,27,8.804977175078072
4,28,10.787826231761128
4,29,11.281824764584693
4,30,11.702357306932534
4,31,13.347768358935605
4,32,12.179679844605342
4,33,9.76882856222765
4,34,11.307674196270167
4,35,11.683828693133476
4,36,13.275148879400126
4,37,15.80816012409328
4,38,18.051104852660064
4,39,21.423991337698887
4,40,23.1835972829352
4,41,26.149663408903137
4,42,25.267843082793092
4,43,26.394989956178286
4,44,24.66485342979737
4,45,20.829220927880815
4,46,20.938863584661085
4,47,17.7170734773009
4,48,18.780380848148827
4,49,17.138043196314158
4,50,17.14064352800325
4,51,16.241572305780583
4,52,14.858078491697848
4,53,14.605186391143206
4,54,15.576944109866783
4,55,14.030435945283935
4,56,17.67200291117518
4,57,19.894212967060113
4,58,19.565824216753573
4,59,20.17963579358632
4,60,18.76513152190272
4,61,19.99406553118277
4,62,20.842247902540475
4,63,22.41007131820852
4,64,26.015911287915607
4,65,26.1037475154286
4,66,26.71890406526427
4,67,24.05989676522537
4,68,20.759422583731144
4,69,19.93606122175624
4,70,16.967651108004485
4,71,16.54638347815981
4,72,14.581304524664413
4,73,15.204030087207247
4,74,15.699190863220966
4,75,13.166872436481896
4,76,9.474760775894902
4,77,9.783876173162165
4,78,10.341318145013673
4,79,12.704594931526373
4,80,14.147065588251225
4,81,17.375958854875332
4,82,19.84218924356458
4,83,23.163486777918035
4,84,25.42396276968617
4,85,24.322229689486043
4,86,26.417620460984704
4,87,26.77839538039156
4,88,25.554660272780563
4,89,21.866637778270913
4,90,22.054525580131337
4,91,19.5538333198951
4,92,15.95132059727226
4,93,12.984448664054044
4,94,9.484482300861377
4,95,7.69568378097828
4,96,7.863808709519634
4,97,8.265760577432928
4,98,11.241180530562463
4,99,12.222758302129238
4,100,15.754023590612203
4,101,16.1550896209877
4,102,13.541274075126504
4,103,11.266325872088823
4,104,7.745020198742387
4,105,6.8038420131430115
4,106,4.987647166094891
4,107,8.011707409793331
4,108,11.008997881361527
4,109,12.729224435943078
4,110,16.517923379555825
4,111,18.27154718005867
4,112,21.815635718196113
4,113,25.141515301511383
4,114,26.815505477363505
4,115,28.268288172951305
5,1,13.468499938828279
5,2,10.140503537835707
5,3,6.707999622488209
5,4,3.823350713231254
5,6,3.800050785214221
5,7,6.562723817122082
5,8,9.001684567159561
5,9,9.491701024830043
5,10,12.758721294350956
5,11,15.305868664003436
5,12,19.038476633732316
5,13,20.318940409297937
5,14,23.861792643331803
5,15,25.890170558109705
5,16,25.838564977433293
5,17,22.8164941347633
5,18,20.304897987650214
5,19,16.65171698914893
5,20,13.959597033840794
5,21,10.541362449059836
5,22,8.023472726886704
5,23,5.2540203208449325
5,24,5.093960433773677
5,25,6.695647959324456
5,26,7.973663384974048
5,27,11.318987301595989
5,28,13.457710725390042
5,29,14.625979837529544
5,30,15.09142378179115
5,31,16.338881005589474
5,32,14.628250387064242
5,33,11.962091076310013
5,34,13.218230982484263
5,35,12.57570027568121
5,36,14.07629174351583
5,37,15.905588651891529
5,38,18.002596695412123
5,39,21.03718821417524
5,40,22.366559216791664
5,41,25.63707487149613
5,42,25.180868780711837
5,43,26.232152912593037
5,44,25.00372251210053
5,45,21.25605717049424
5,46,21.729835320634773
5,47,18.669475364914256
5,48,19.72764937014258
5,49,18.387313487383206
5,50,17.8812952572944
5,51,17.288588711529467
5,52,16.518019117551233
5,53,16.074042586216542
5,54,17.5683101448267
5,55,16.053557810966343
5,56,19.641120384582063
5,57,21.402119525888022
5,58,20.580745982262627
5,59,21.536990924939577
5,60,19.992584663835707
5,61,21.458881796258716
5,62,21.890304529917923
5,63,23.61628174288498
5,64,26.992730635304927
5,65,26.826359485932063
5,66,26.10503436424037
5,67,23.177004079427903
5,68,20.063495178593275
5,69,19.29278536467738
5,70,16.597560897062355
5,71,16.262887192095782
5,72,14.624654984308698
5,73,14.464980350229494
5,74,15.268911357164676
5,75,13.392792320302915
5,76,10.165653302909153
5,77,9.258633306080137
5,78,10.199626459391059
5,79,11.652267819239185
5,80,13.210231214129605
5,81,15.892269587717783
5,82,18.344238515265936
5,83,21.567525348865427
5,84,23.614590609463747
5,85,22.381192565424648
5,86,24.7113758264395
5,87,25.327839648126638
5,88,24.558711344248135
5,89,20.782396402789505
5,90,20.61934315547028
5,91,18.380112406401643
5,92,14.951326948781679
5,93,12.236744587177649
5,94,9.44632801652464
5,95,8.794826736912853
5,96,10.380198217663255
5,97,11.601985982423948
5,98,14.873043425236943
5,99,16.024927143520195
5,100,19.57542587681898
5,101,19.90813410359754
5,102,17.221419460604913
5,103,14.695967866243318
5,104,11.081736000430855
5,105,9.132984049716221
5,106,5.893989861156239
5,107,7.268001809948204
5,108,10.009874947686532
5,109,10.80020060088341
5,110,14.571086442187013
5,111,16.136654563514696
5,112,19.639530255591165
5,113,22.78191148214252
5,114,24.05298704176842
5,115,25.49102778798594
6,1,16.79103269062299
6,2,13.348793700582016
6,3,10.022182910062801
6,4,6.562773364392054
6,5,3.800050785214221
6,7,3.7634961026490457
6,8,6.07446024576655
6,9,6.979205600603122
6,10,9.61978234074514
6,11,11.8042018759322
6,12,15.566038860821498
6,13,16.63834003617303
6,14,20.187489089828812
6,15,22.122763272920864
6,16,22.131698899221092
6,17,19.19666440882435
6,18,16.818265876754428
6,19,13.097108908793338
6,20,10.732687862174185
6,21,7.148038993518945
6,22,5.616951789052946
6,23,4.24993922951446
6,24,6.565710481460907
6,25,8.977287614174967
6,26,11.229992820210736
6,27,14.717842253488154
6,28,16.373172677427984
6,29,17.278898799229754
6,30,17.02923965350429
6,31,17.57423209868598
6,32,15.143981549699742
6,33,11.960311220027064
6,34,12.373570665060738
6,35,10.688071134696315
6,36,11.920226994649443
6,37,13.136919156114041
6,38,15.24639221598026
6,39,17.94005342894332
6,40,19.181673460087808
6,41,22.502600888011177
6,42,22.430185231103444
6,43,23.691881406669978
6,44,22.871873695152814
6,45,19.237299332864886
6,46,19.671765510759645
6,47,16.674391765919168
6,48,17.503039558272242
6,49,16.42210376623669
6,50,15.54876697930231
6,51,15.444667426121669
6,52,15.476729590788851
6,53,15.39083096549537
6,54,17.63097278269376
6,55,16.800045509657778
6,56,20.438917221043084
6,57,21.608639953383616
6,58,20.152535808567706
6,59,20.86791038568029
6,60,18.8425651294707
6,61,20.110199544522708
6,62,19.95577263318194
6,63,21.59381871497667
6,64,24.718504107213803
6,65,24.259904617705256
6,66,22.96743982387423
6,67,19.841379646023587
6,68,16.96164163974842
6,69,16.574677611548132
6,70,14.382061436018388
6,71,14.737467972517061
6,72,13.964400727522953
6,73,13.919311349808792
6,74,15.62590108237859
6,75,14.519387566027744
6,76,11.540618039166041
6,77,9.485830106863398
6,78,9.360678403119694
6,79,9.6346817188725
6,80,10.44238269083742
6,81,12.730930446289943
6,82,14.859087119370992
6,83,18.16980095486205
6,84,19.99191797303784
6,85,18.617691537831384
6,86,20.938208083291173
6,87,21.631139309057527
6,88,20.98194567159732
6,89,17.193774003330677
6,90,16.979545098297486
6,91,14.983910601653868
6,92,11.799588558518234
6,93,9.096442759132955
6,94,7.093554991435184
6,95,7.50989059131327
6,96,10.320614412418255
6,97,12.551498287385607
6,98,16.19485807438081
6,99,18.074164799376927
6,100,21.702674510619577
6,101,21.465469285734375
6,102,18.869896543744144
6,103,15.812179250645046
6,104,12.453439034272066
6,105,9.629584652767209
6,106,6.080078814618019
6,107,6.373519952535786
6,108,7.734146618958544
6,109,7.54211611588326
6,110,11.271389750321438
6,111,12.462021741784154
6,112,16.045596624655058
6,113,19.113113236540755
6,114,20.499328914803968
6,115,22.14808265201131
7,1,20.021630631026238
7,2,16.597879944314794
7,3,13.247338862941827
7,4,9.963058124573438
7,5,6.562723817122082
7,6,3.7634961026490457
7,8,2.873865696100486
7,9,5.518089016325553
7,10,7.915461284004352
7,11,9.550004736336783
7,12,13.306393241946978
7,13,14.331559555701118
7,14,17.696295820065146
7,15,19.99802659841254
7,16,19.989837084016244
7,17,16.73227293802634
7,18,14.531616547217116
7,19,10.874811230866516
7,20,8.702672976823205
7,21,5.895501003955575
7,22,5.216150951776199
7,23,6.2096909468120876
7,24,8.34336312047402
7,25,11.612191604835523
7,26,13.695383211549432
7,27,17.353817067164346
7,28,18.945542293401136
7,29,20.312861975871375
7,30,20.119990556439554
7,31,20.3843114522651
7,32,17.703943291452322
7,33,14.68849845877969
7,34,15.107205097118893
7,35,12.93856192845505
7,36,14.208683769907141
7,37,14.75082387537394
7,38,16.728019034138846
7,39,18.812180796263423
7,40,19.64633733380249
7,41,23.1037961898533
7,42,23.589739156352483
7,43,24.879409843604016
7,44,24.604742416416904
7,45,21.197496831898338
7,46,21.787031339460192
7,47,18.99046486767848
7,48,19.571719960065167
7,49,18.63899412421877
7,50,17.19795632497299
7,51,17.189267418229367
7,52,17.634077891582308
7,53,17.217532594936973
7,54,19.684523688305266
7,55,18.83897085504233
7,56,22.25021270954336
7,57,22.972877670008735
7,58,21.144699632376163
7,59,22.21853546025108
7,60,20.266291594254454
7,61,21.81740483972741
7,62,21.393465996801737
7,63,23.25073828078524
7,64,26.04362170063474
7,65,25.487646934904568
7,66,22.561882313246088
7,67,19.323506488636088
7,68,16.730203001628364
7,69,16.26845574218653
7,70,14.486426533361485
7,71,14.810431361166637
7,72,14.434880039873214
7,73,13.58019212198489
7,74,15.533278270026308
7,75,15.212666914121124
7,76,12.973839082249347
7,77,10.147833117982444
7,78,10.352914356581639
7,79,9.48613308953565
7,80,10.41582180918448
7,81,11.70425255817002
7,82,13.808495756971302
7,83,16.737104593435355
7,84,18.35871173472515
7,85,17.039562718851844
7,86,19.729447533075252
7,87,20.891410150740423
7,88,20.712338845320666
7,89,16.964706132598288
7,90,16.532661744858395
7,91,15.18716944051574
7,92,12.628911904450469
7,93,10.42137355620131
7,94,9.657220667842838
7,95,10.591652323131814
7,96,13.79115756257613
7,97,16.053711452785272
7,98,19.755228945889115
7,99,21.61465390291395
7,100,25.292800600467608
7,101,25.131291815477155
7,102,22.614831914071807
7,103,19.544926750830193
7,104,16.216535115356542
7,105,13.316908180060302
7,106,9.724403753057514
7,107,9.125440803012163
7,108,9.634043250565487
7,109,7.9267526887627895
7,110,11.021617970487998
7,111,11.444448409442796
7,112,14.862911272714715
7,113,17.45056974774268
7,114,18.27159224586563
7,115,20.09820937663809
8,1,22.392732597093552
8,2,19.107243290251798
8,3,15.601105261109623
8,4,12.456989221580104
8,5,9.001684567159561
8,6,6.07446024576655
8,7,2.873865696100486
8,9,3.770665264365424
8,10,5.5285217791951835
8,11,7.09422422494067
8,12,10.74133668678957
8,13,12.125483963037608
8,14,15.524632959878932
8,15,18.13584302384456
8,16,18.51656824460566
8,17,15.237051592836211
8,18,13.602794175213939
8,19,9.999121319819201
8,20,8.7758537353265
8,21,6.63936821180072
8,22,7.3786243837596155
8,23,8.936315330857594
8,24,11.214280663813632
8,25,14.450580646377992
8,26,16.438285863742777
8,27,20.047245630357388
8,28,21.772107963761677
8,29,23.09224445975894
8,30,22.867865745656513
8,31,23.08769272767676
8,32,20.296794519999217
8,33,17.140983472210802
8,34,17.14698412412492
8,35,14.548729166470132
8,36,15.292704532035511
8,37,15.121609258779875
8,38,16.613827601635535
8,39,18.297261112697704
8,40,18.61548279638315
8,41,22.2037018355423
8,42,22.944468954741804
8,43,24.049528419375502
8,44,24.170880811964714
8,45,21.00579195152331
8,46,21.914153928486854
8,47,19.478567801468184
8,48,20.18837651293514
8,49,19.71541724965011
8,50,18.257710873006598
8,51,18.726198528372404
8,52,19.632609542619495
8,53,19.461464377394933
8,54,22.159089939381463
8,55,21.525475208069498
8,56,24.915339778237694
8,57,25.444556674969874
8,58,23.389842838876696
8,59,24.367104483053193
8,60,22.211551431365468
8,61,23.575571740503015
8,62,22.753800394479736
8,63,24.404407032579513
8,64,26.95045730258691
8,65,26.049942974032064
8,66,22.688111274095494
8,67,19.24312774265381
8,68,17.124544083728814
8,69,17.098108883703294
8,70,15.892180663811756
8,71,16.61406765673651
8,72,16.691527734721088
8,73,15.709759327287271
8,74,17.868596863997286
8,75,17.856237774394966
8,76,15.788179131543504
8,77,12.808880102218946
8,78,12.802093973706645
8,79,11.321964248507076
8,80,11.641898935512339
8,81,12.128942001752065
8,82,13.605638720616707
8,83,16.41198803218317
8,84,17.480695661109078
8,85,15.786643583353108
8,86,18.388658244413847
8,87,19.53418936554749
8,88,19.856347606472063
8,89,16.265112588733484
8,90,15.31697544255075
8,91,14.187347327251725
8,92,12.04917083053212
8,93,10.635750363020794
8,94,10.774428710213027
8,95,12.490553878157879
8,96,15.853494446507009
8,97,18.440661463372557
8,98,22.151281257355368
8,99,24.142958042367653
8,100,27.774002405559756
8,101,27.432796971166713
8,102,24.782525391294875
8,103,21.576013695605734
8,104,18.264597353649094
8,105,15.06849513678718
8,106,11.462568472015718
8,107,9.959312245948022
8,108,9.737588119490427
8,109,7.215890673588406
8,110,9.552534071448768
8,111,9.795476792455037
8,112,12.86740040793022
8,113,15.268181089443335
8,114,15.760074421728696
8,115,17.443333359246267
9,1,22.042694832966895
9,2,19.133449335918993
9,3,15.405611158502758
9,4,12.719975831731865
9,5,9.491701024830043
9,6,6.979205600603122
9,7,5.518089016325553
9,8,3.770665264365424
9,10,3.847853504840311
9,11,7.178876779013215
9,12,10.438409728046855
9,13,12.777892067306034
9,14,16.43381682931123
9,15,19.141515789125773
9,16,20.18488358412278
9,17,17.236925232705573
9,18,16.159021499825343
9,19,12.557113685322033
9,20,11.953270032391725
9,21,9.452277717063154
9,22,10.290576540388619
9,23,10.888031485118574
9,24,13.08815670688578
9,25,15.770989211850841
9,26,17.420902977524857
9,27,20.750671160595964
9,28,22.916905755828278
9,29,23.916114697279465
9,30,23.860453594881296
9,31,24.47719950227304
9,32,21.923389447227883
9,33,18.53472892109702
9,34,18.163525248146108
9,35,15.55391059810775
9,36,15.49629859562764
9,37,14.970756376414354
9,38,15.695815414336707
9,39,17.571587447206326
9,40,17.38823087712497
9,41,21.14953614548277
9,42,21.501180991671912
9,43,22.052128492015257
9,44,22.121825564328763
9,45,19.057244535269852
9,46,20.54571000953123
9,47,18.5470478557355
9,48,19.92852440925932
9,49,20.03926257332849
9,50,19.234316593394126
9,51,20.207188782708922
9,52,21.19917692253467
9,53,21.534081011497317
9,54,24.195581809861274
9,55,23.627173228561762
9,56,27.20756364136142
9,57,28.044209257392794
9,58,26.15927265462294
9,59,26.82089358847125
9,60,24.433475633731323
9,61,25.372320180185262
9,62,24.384942473202127
9,63,25.551690135465748
9,64,28.163807768071106
9,65,26.88087721813582
9,66,24.72815401554459
9,67,21.102726075915538
9,68,19.24046434671902
9,69,19.736811984812114
9,70,18.657754943425267
9,71,19.678195434810256
9,72,19.68619215756777
9,73,19.03727183095898
9,74,21.04606339511103
9,75,20.58471968625184
9,76,18.07912507152892
9,77,15.539986378142197
9,78,15.429687974334497
9,79,14.342580289272236
9,80,14.217323869124446
9,81,14.884415028287908
9,82,15.784120017748304
9,83,18.86530849209869
9,84,19.457243036836136
9,85,17.152181674738863
9,86,19.14732632417012
9,87,19.610496966303103
9,88,20.222668846318744
9,89,16.800603882093355
9,90,15.159250980323948
9,91,13.351289395876572
9,92,10.926058127289735
9,93,10.394399610096086
9,94,10.584553667097206
9,95,12.99516871573077
9,96,16.02196506818926
9,97,18.844185810508034
9,98,22.37821242478935
9,99,24.340491337306613
9,100,27.777920745248792
9,101,27.26685131506417
9,102,24.261573304341763
9,103,21.030905002416514
9,104,17.65567272926006
9,105,14.23421211563281
9,106,10.706067825107072
9,107,8.112324419558757
9,108,7.825025793401796
9,109,5.8138914889834785
9,110,7.888027153505434
9,111,9.453339938105394
9,112,12.07863371898312
9,113,14.929830562751265
9,114,15.508652130570885
9,115,16.40835382814717
10,1,25.273562646234822
10,2,22.27813237821343
10,3,18.641610024108
10,4,15.706848390870215
10,5,12.758721294350956
10,6,9.61978234074514
10,7,7.915461284004352
10,8,5.5285217791951835
10,9,3.847853504840311
10,11,3.7924508329642426
10,12,6.758816058527638
10,13,9.310206701298746
10,14,13.029930922818368
10,15,15.708826197604184
10,16,17.161184464938525
10,17,14.53159351796502
10,18,14.108143292895397
10,19,10.803474449079058
10,20,11.368772958971448
10,21,9.587513048838668
10,22,11.700157477804176
10,23,13.05464400060126
10,24,15.863118921550024
10,25,18.592560304585
10,26,20.668421463586732
10,27,24.06566476524427
10,28,25.970815952430293
10,29,26.746891778246624
10,30,26.26960890799029
10,31,26.48875190801764
10,32,23.609000384972376
10,33,20.065152250469502
10,34,19.08817179830609
10,35,15.93642322397882
10,36,15.357462833322092
10,37,13.929954093068742
10,38,14.180953594497932
10,39,15.317121470526713
10,40,14.656847019114121
10,41,18.420333608330573
10,42,19.257437984866147
10,43,19.882639109812818
10,44,20.545279107646607
10,45,17.87854714506898
10,46,19.41133430514708
10,47,17.81561098665291
10,48,19.00635498799199
10,49,19.588055911215374
10,50,18.625869169294543
10,51,20.15564091936884
10,52,21.803562052433882
10,53,22.488744852325222
10,54,25.538266094656997
10,55,25.4729323519783
10,56,29.007762077393735
10,57,29.448145320189415
10,58,27.179058298327
10,59,27.557392456658963
10,60,24.8462933624387
10,61,25.472483905413274
10,62,23.93992465640682
10,63,24.833276108217692
10,64,27.04183203795584
10,65,25.37790701589929
10,66,22.84630930219246
10,67,19.084365406034163
10,68,17.845117498200242
10,69,18.94168770667517
10,70,18.61302989908442
10,71,20.249961250481356
10,72,20.95393682554861
10,73,20.49794920206321
10,74,23.00149670122089
10,75,22.958070230991567
10,76,20.58872666894117
10,77,17.70256808289768
10,78,16.94976346988086
10,79,15.140734862728959
10,80,14.156966014782341
10,81,14.017188167893769
10,82,14.022446105586006
10,83,16.957087133127995
10,84,16.89342429763806
10,85,14.170596924461707
10,86,15.865087464200055
10,87,16.235402072271427
10,88,17.294181672595432
10,89,14.159057301137093
10,90,12.04767939888567
10,91,10.693814976238693
10,92,9.191772673554759
10,93,9.671562537215017
10,94,11.216630416236557
10,95,14.235700969468393
10,96,17.550862750897736
10,97,20.778522367784202
10,98,24.364711228104692
10,99,26.73087066626527
10,100,30.151334583351957
10,101,29.241170771145597
10,102,26.346777025598513
10,103,22.874503376309832
10,104,19.82190998716112
10,105,16.161356601523956
10,106,12.99535947042861
10,107,10.19765142160558
10,108,8.398205919231842
10,109,5.179639192949529
10,110,5.289961516685243
10,111,6.215610843483692
10,112,8.37446185810247
10,113,11.113586842772502
10,114,11.773796461164661
10,115,12.76474117448285
11,1,28.19840245356367
11,2,24.97087687400216
11,3,21.47918086968504
11,4,18.223308490209764
11,5,15.305868664003436
11,6,11.8042018759322
11,7,9.550004736336783
11,8,7.09422422494067
11,9,7.178876779013215
11,10,3.7924508329642426
11,12,3.7975665750429854
11,13,5.6083655572656665
11,14,9.309198454247941
11,15,12.043606743371774
11,16,13.477404358633576
11,17,10.869511422787829
11,18,10.91476150321808
11,19,8.09414631953133
11,20,9.751046092565762
11,21,9.206411061829478
11,22,12.186289281166301
11,23,14.42438516476842
11,24,17.51966473420167
11,25,20.49475939864033
11,26,22.93552561231602
11,27,26.493789451006418
11,28,28.023470373238688
11,29,28.847153622430337
11,30,28.031476016730164
11,31,27.770951468320394
11,32,24.568737909350137
11,33,21.109239980303293
11,34,19.942210993959772
11,35,16.473743673474498
11,36,16.00781669100376
11,37,14.141389115311766
11,38,14.525747168283926
11,39,14.804663661954836
11,40,14.088993025259269
11,41,17.606701754683957
11,42,19.179945370158467
11,43,20.241860332069884
11,44,21.41738931295255
11,45,19.063275886277086
11,46,20.21187880245368
11,47,18.677894328513645
11,48,19.244520149827363
11,49,19.810024340953813
11,50,18.29938528074667
11,51,19.938817026545767
11,52,22.03320499737942
11,53,22.665319617643934
11,54,25.98014107779378
11,55,26.23733048412805
11,56,29.57746845205911
11,57,29.527209208008752
11,58,26.88074500592674
11,59,27.235155382936885
11,60,24.45063956562509
11,61,25.0875991876753
11,62,23.21826465422749
11,63,24.192497752630366
11,64,25.96859540276518
11,65,24.241824599633663
11,66,20.404313875474205
11,67,16.6547244887396
11,68,15.926886085354969
11,69,17.23981831269225
11,70,17.575379592499498
11,71,19.524003228409306
11,72,20.834069971974145
11,73,20.320915787583786
11,74,23.212103704810232
11,75,23.738406251560203
11,76,21.763409641095908
11,77,18.491397829022393
11,78,17.375261480050575
11,79,14.837440178854887
11,80,13.397253346659571
11,81,12.273817282485595
11,82,11.666576130756104
11,83,14.126370563156533
11,84,13.620728627074252
11,85,10.869901281568467
11,86,12.800253846505905
11,87,13.73144307379468
11,88,15.095359227097632
11,89,12.189156351277381
11,90,10.17470572160634
11,91,10.071161953551062
11,92,9.814769826528034
11,93,10.43294452796702
11,94,12.786107748340045
11,95,15.705801189612293
11,96,19.310598392678635
11,97,22.618719017409646
11,98,26.302985039440237
11,99,28.916169392447305
11,100,32.42107599598209
11,101,31.364646982549214
11,102,28.743513665547635
11,103,25.156932321899664
11,104,22.33572810260628
11,105,18.684694266760793
11,106,15.674763587350391
11,107,13.300627986126207
11,108,11.00436386205676
11,109,7.277817920245955
11,110,6.241940722903723
11,111,4.6750024916452
11,112,6.412830060256548
11,113,8.275255280507663
11,114,8.78264634370732
11,115,10.68804525193704
12,1,31.7865659714267
12,2,28.63441640862277
12,3,25.11524464117863
12,4,21.9234606230973
12,5,19.038476633732316
12,6,15.566038860821498
12,7,13.306393241946978
12,8,10.74133668678957
12,9,10.438409728046855
12,10,6.758816058527638
12,11,3.7975665750429854
12,13,3.7794917607387633
12,14,6.913254699317148
12,15,9.943463603332408
12,16,12.27251289564286
12,17,10.308620018422818
12,18,11.656727289857326
12,19,9.889840677332478
12,20,12.47768042781129
12,21,12.607297120739915
12,22,15.813702721627108
12,23,18.175608677821376
12,24,21.30862262080545
12,25,24.274978692161056
12,26,26.721662128902725
12,27,30.262690490787946
12,28,31.80911656711147
12,29,32.56821776420345
12,30,31.662049337889385
12,31,31.300897370131032
12,32,28.01915344395407
12,33,24.53641844792728
12,34,23.088152805085436
12,35,19.466045349892223
12,36,18.60668555868579
12,37,16.1594731913811
12,38,15.901449326136088
12,39,15.353782250338494
12,40,13.857043106721191
12,41,17.133377718159664
12,42,19.168907227054845
12,43,20.009124455745017
12,44,21.81508692879925
12,45,20.049435294830783
12,46,21.40050280610025
12,47,20.43833818895244
12,48,20.982234031008268
12,49,22.00968937234197
12,50,20.535797798579217
12,51,22.549065893341627
12,52,24.994960926242573
12,53,25.82027695728408
12,54,29.26715112293267
12,55,29.738855607230136
12,56,33.017144590457846
12,57,32.763228982635354
12,58,29.9368685728797
12,59,30.152950187773026
12,60,27.23776558956298
12,61,27.647126181098287
12,62,25.414080957501287
12,63,26.10148213913165
12,64,27.45070892160213
12,65,25.36580083709697
12,66,21.171602754647704
12,67,17.472835003202526
12,68,17.55294333343033
12,69,19.3116897602664
12,70,20.24329698970912
12,71,22.461996978871447
12,72,24.107591377744352
12,73,23.58342432049751
12,74,26.59886651138397
12,75,27.338411957247626
12,76,25.47779567274811
12,77,22.132497565561238
12,78,20.888530318478708
12,79,18.109597354402716
12,80,16.337920483105876
12,81,14.623517965244666
12,82,13.198047369502108
12,83,15.053582257540066
12,84,13.577175597500377
12,85,10.416718358092762
12,86,11.678023403412539
12,87,12.453176030394891
12,88,14.705279845918025
12,89,12.59940904710503
12,90,9.961635371021876
12,91,10.667454245358392
12,92,11.569499247747432
12,93,13.083601657934796
12,94,15.919570543813768
12,95,19.05438508642665
12,96,22.61331664769505
12,97,26.055881975335947
12,98,29.686813758622986
12,99,32.420012060394406
12,100,35.86153445138154
12,101,34.61803705064386
12,102,31.980661815885426
12,103,28.331749003543315
12,104,25.650695672297918
12,105,21.927875205931887
12,106,19.098847533198605
12,107,16.471083868146994
12,108,13.832134348772358
12,109,10.27475690912524
12,110,7.958593255131207
12,111,5.939809450729412
12,112,5.152629851121831
12,113,5.502646756512329
12,114,5.102319899144054
12,115,7.003440943336839
13,1,33.17851685100929
13,2,29.79925848669669
13,3,26.4896915927838
13,4,23.02450425916904
13,5,20.318940409297937
13,6,16.63834003617303
13,7,14.331559555701118
13,8,12.125483963037608
13,9,12.777892067306034
13,10,9.310206701298746
13,11,5.6083655572656665
13,12,3.7794917607387633
13,14,3.8312279770642514
13,15,6.527570866276165
13,16,8.512015432924455
13,17,6.703755057888802
13,18,8.511891895793916
13,19,7.671276736856636
13,20,11.004946667100917
13,21,12.075341220127406
13,22,15.644299253573768
13,23,18.47015419359981
13,24,21.783241931340942
13,25,24.7953695273617
13,26,27.583840410700546
13,27,31.210429083128357
13,28,32.33959697828495
13,29,33.06726479090421
13,30,31.81774901231927
13,31,31.00809484080528
13,32,27.505214877044047
13,33,24.18961756346651
13,34,22.636943230180176
13,35,18.922718553000482
13,36,18.313487188843915
13,37,15.809726994568303
13,38,15.979549446096259
13,39,14.894086905547223
13,40,13.888963950008304
13,41,16.68742702004292
13,42,19.254877233964542
13,43,20.728875018026525
13,44,22.660469795979452
13,45,20.977234379367957
13,46,21.719189949210126
13,47,20.58350831592324
13,48,20.442143260625976
13,49,21.22868337856085
13,50,19.261039274662203
13,51,21.20635403993044
13,52,23.92513468769735
13,53,24.682680064128597
13,54,28.269889498115457
13,55,29.051595671025563
13,56,32.10334142381175
13,57,31.430916636628073
13,58,28.34155586604097
13,59,28.47834094716068
13,60,25.55956584018883
13,61,25.971213130979713
13,62,23.543013982903446
13,63,24.35266255658479
13,64,25.33250189781472
13,65,23.360026767422255
13,66,18.00663739304499
13,67,14.456691263950537
13,68,14.97418241314087
13,69,16.852184512999457
13,70,18.339885057555087
13,71,20.79190982742995
13,72,22.925150712797365
13,73,22.52803464378704
13,74,25.82823071739977
13,75,26.965551332972787
13,76,25.40747463154009
13,77,21.884016542359376
13,78,20.26886366994151
13,79,17.070408112039484
13,80,14.947399018746012
13,81,12.541857836902574
13,82,10.57157782995533
13,83,11.82116846614447
13,84,9.976867957651995
13,85,6.966070352971337
13,86,8.683672175941599
13,87,10.38477722371679
13,88,12.510175424782583
13,89,10.641722154380409
13,90,8.771724054245485
13,91,10.698675211024023
13,92,12.27406015541504
13,93,13.371148139977919
13,94,16.484156806113482
13,95,19.304672940198657
13,96,22.987533308263405
13,97,26.389677229988532
13,98,30.048527003919915
13,99,32.97556648240508
13,100,36.471061391913345
13,101,35.12231533939305
13,102,32.81061040734117
13,103,29.11259641362859
13,104,26.676138821633543
13,105,23.05776683238577
13,106,20.404928334567153
13,107,18.296335046455212
13,108,15.48646179281843
13,109,11.806727576241437
13,110,9.7179644916999
13,111,6.4123259751076205
13,112,5.807390829076242
13,113,4.744037872440325
13,114,4.986946989892862
13,115,8.473541327447759
14,1,36.82085566958764
14,2,33.370484577358454
14,3,30.12003018361625
14,4,26.589701305057925
14,5,23.861792643331803
14,6,20.187489089828812
14,7,17.696295820065146
14,8,15.524632959878932
14,9,16.43381682931123
14,10,13.029930922818368
14,11,9.309198454247941
14,12,6.913254699317148
14,13,3.8312279770642514
14,15,3.8149593575740024
14,16,6.282454217909308
14,17,5.490143250511501
14,18,8.752672823443117
14,19,9.519780413338776
14,20,13.183868588313707
14,21,15.021802862964316
14,22,18.604180024498344
14,23,21.698341698831886
14,24,24.96003455505877
14,25,28.065600075864392
14,26,30.925966098304414
14,27,34.59893589805416
14,28,35.55988086816484
14,29,36.36118307404242
14,30,34.98654476562202
14,31,33.93084246753158
14,32,30.31793523145955
14,33,27.16177494829006
14,34,25.5850503577868
14,35,21.869379585099818
14,36,21.346788992214904
14,37,18.72957535255098
14,38,18.858297039102005
14,39,17.193824831826685
14,40,16.066043855518405
14,41,18.296665051641813
14,42,21.327761299442834
14,43,22.917711729998285
14,44,25.214198439217803
14,45,23.89443003730356
14,46,24.461384300832773
14,47,23.512965354391156
14,48,23.025910588897208
14,49,23.820534052519996
14,50,21.599257081450197
14,51,23.51931373968318
14,52,26.42296977242752
14,53,27.08313509545895
14,54,30.718570534352022
14,55,31.657162261494324
14,56,34.488945849035645
14,57,33.465764240595156
14,58,30.172724603223035
14,59,30.329818134488104
14,60,27.48744353318099
14,61,27.905437465626395
14,62,25.292398281089728
14,63,26.108298048585894
14,64,26.596829271317247
14,65,24.607367635691666
14,66,18.054338266646244
14,67,14.921886537935517
14,68,16.17601348479951
14,69,18.095639561187227
14,70,20.120334741897643
14,71,22.60980220886442
14,72,25.07283918274509
14,73,24.55427423731549
14,74,27.947402972341376
14,75,29.46932342673
14,76,28.247164802524146
14,77,24.609262962646845
14,78,22.947113569361182
14,79,19.489971476351574
14,80,17.3205332472376
14,81,14.343132951280694
14,82,11.984220261566643
14,83,12.058912001847546
14,84,9.391672488680879
14,85,7.004087456916551
14,86,8.388175117409613
14,87,10.71218144746874
14,88,13.238819424818486
14,89,12.278769248472985
14,90,10.819973658363585
14,91,13.529956040510534
14,92,15.653777580042968
14,93,16.791076417123215
14,94,20.00438264476897
14,95,22.670237343552937
14,96,26.369579179573826
14,97,29.725020703415545
14,98,33.37632437940671
14,99,36.372540422137554
14,100,39.88389120032885
14,101,38.48653867290956
14,102,36.321060897760916
14,103,32.612734894807325
14,104,30.286214106873388
14,105,26.713746090358143
14,106,24.116599249064727
14,107,22.107886865804158
14,108,19.261310433954907
14,109,15.604270513693699
14,110,13.397025560047238
14,111,10.002665519738132
14,112,8.691531050190738
14,113,5.9649595902009915
14,114,4.978085605193291
14,115,8.819382332421421
15,1,38.46072336393417
15,2,34.94564353157927
15,3,31.899104450348727
15,4,28.268179328184367
15,5,25.890170558109705
15,6,22.122763272920864
15,7,19.99802659841254
15,8,18.13584302384456
15,9,19.141515789125773
15,10,15.708826197604184
15,11,12.043606743371774
15,12,9.943463603332408
15,13,6.527570866276165
15,14,3.8149593575740024
15,16,3.8225883350653453
15,17,5.562950899697433
15,18,8.963985959977718
15,19,10.60684459419918
15,20,14.373148404745002
15,21,16.40628702573247
15,22,20.110253161361697
15,23,23.1957341812543
15,24,26.638053020416574
15,25,29.526483456701246
15,26,32.64935186950941
15,27,36.27268773345948
15,28,36.932064475161475
15,29,37.477919493645174
15,30,35.74878116421936
15,31,34.3601845997233
15,32,30.649717932780213
15,33,27.60256172455965
15,34,25.70698523218789
15,35,21.99303729393386
15,36,21.325645777199284
15,37,18.522486536929144
15,38,18.62838364332546
15,39,16.37315695931449
15,40,15.507311136269566
15,41,17.0193683678887
15,42,20.422969839031126
15,43,22.418819110468654
15,44,24.87175426205328
15,45,23.860448849951897
15,46,23.977334880999713
15,47,23.18958737274015
15,48,22.23128207046208
15,49,23.100208119391525
15,50,20.775457319592928
15,51,22.875383139399805
15,52,26.088135142952137
15,53,26.985740332456004
15,54,30.71048435294891
15,55,32.074303345270756
15,56,34.7399166840327
15,57,33.42855677010211
15,58,29.981310138504927
15,59,29.786291093987703
15,60,26.821117804479975
15,61,26.91103323964588
15,62,23.990404491529283
15,63,24.558448847969096
15,64,24.54380321562581
15,65,22.44549246837439
15,66,15.634426952448461
15,67,12.858157062719444
15,68,14.915256628985276
15,69,17.266518478693314
15,70,19.87973459809713
15,71,22.734236422202216
