1,2,3.863788179045134
1,3,6.8053499097099435
1,4,10.378075932025988
1,5,13.444883427330376
1,6,16.810157068836908
1,7,19.980271558730546
1,8,22.36751219424359
1,9,22.078062457292937
1,10,25.28566595453934
1,11,28.192346418647805
1,12,31.828751172897285
1,13,33.216955556029326
1,14,36.849872941947325
1,15,38.3763901224029
1,16,38.31382803635502
1,17,35.60316855818044
1,18,32.910912513662645
1,19,29.372403702802135
1,20,26.411412280378418
1,21,23.00058800635648
1,22,20.065933886252573
1,23,16.330372279701674
1,24,14.217436514289934
1,25,11.095763889930906
1,26,8.725322451820988
1,27,6.322748568267296
1,28,8.698685707499747
1,29,8.12198045500401
1,30,10.85531730848034
1,31,14.534693008668617
1,32,16.094964461631097
1,33,15.63779308921668
1,34,17.77472840093982
1,35,19.72624748270214
1,36,21.07136864136478
1,37,24.014602582198197
1,38,25.835985231149905
1,39,29.563060473513385
1,40,31.473160209928608
1,41,34.0602466025638
1,42,32.31548451327733
1,43,32.804180209182796
1,44,30.367416843108177
1,45,26.70323834191522
1,46,26.781798222993753
1,47,23.96221178928618
1,48,25.507198064987225
1,49,23.83703524267549
1,50,24.827168442918914
1,51,23.40822341816967
1,52,20.93378114465872
1,53,20.606997041601502
1,54,19.718263017602315
1,55,17.525881604327694
1,56,20.11506443614052
1,57,23.569366235296314
1,58,24.86396527026158
1,59,25.27758724025264
1,60,24.931592407165752
1,61,25.780041797835768
1,62,27.60692303739341
1,63,28.748108908627078
1,64,32.5745169906087
1,65,32.96374389112418
1,66,35.478638892944176
1,67,33.27248227785417
1,68,29.93029539191865
1,69,28.942459076968873
1,70,25.654385466621697
1,71,24.540607032773224
1,72,21.740929538825476
1,73,22.696930715436885
1,74,21.622766559080894
1,75,17.975172713418814
1,76,15.283636350955161
1,77,17.62110278478815
1,78,18.82607953048706
1,79,22.041793076672246
1,80,23.667580380900542
1,81,27.21835413635167
1,82,29.665085660719434
1,83,32.99385290924385
1,84,35.46546718556449
1,85,34.47506038686542
1,86,36.226376995663465
1,87,36.26797716089287
1,88,34.75069123676694
1,89,31.265056193602536
1,90,31.439830774388778
1,91,28.52401708716984
1,92,24.768482892566276
1,93,22.173920518499017
1,94,18.435972339549597
1,95,16.137456460583678
1,96,13.87799609814083
1,97,11.714166546425217
1,98,11.285250228718025
1,99,8.911369689149135
1,100,10.49906843330963
1,101,12.80694213034497
1,102,10.442275538807461
1,103,11.390763040155838
1,104,9.753467397618328
1,105,12.380967191497769
1,106,13.41707823407677
1,107,16.102234984749803
1,108,19.5457882075404
1,109,22.223119856618837
1,110,25.77938113180297
1,111,28.06227025189035
1,112,31.413752547200602
1,113,34.964773705793114
1,114,36.205317555381725
1,115,37.65348823337126
1,116,41.10540714894723
2,1,3.863788179045134
2,3,3.7826913120523398
2,4,6.819938921434095
2,5,10.106804518258768
2,6,13.352590798251278
2,7,16.55364741136692
2,8,19.07247509873119
2,9,19.146908823524615
2,10,22.26342892376309
2,11,24.940604295625906
2,12,28.649706540175437
2,13,29.81534886447852
2,14,33.382703118693286
2,15,34.84165143056946
2,16,34.63697679452834
2,17,31.91418142169039
2,18,29.14006369798413
2,19,25.64877124785916
2,20,22.623058986086296
2,21,19.262066989915958
2,22,16.270245974438442
2,23,12.528662733479722
2,24,10.48382067933852
2,25,7.308182607987977
2,26,5.493528109902322
2,27,4.471709215516194
2,28,7.027801347248795
2,29,6.830760909606705
2,30,8.903062731343537
2,31,12.171437574610374
2,32,13.050393144170593
2,33,12.2346095353889
2,34,14.523581504736612
2,35,16.30570834900487
2,36,17.96098239465455
2,37,20.945600204521085
2,38,23.06880921810298
2,39,26.695221650597002
2,40,28.70691911401605
2,41,31.360434838069583
2,42,29.924299901643934
2,43,30.7016420513311
2,44,28.52199357427626
2,45,24.743820934922294
2,46,24.64583195547672
2,47,21.550857656591077
2,48,22.80993788763484
2,49,20.95712336649609
2,50,21.573357642712857
2,51,20.060613461541458
2,52,17.695550762567198
2,53,17.22931706878575
2,54,16.690088762866473
2,55,14.533105665996604
2,56,17.488904212991173
2,57,20.70289371797265
2,58,21.63235606829125
2,59,22.128680578355716
2,60,21.623118910298295
2,61,22.657173625042137
2,62,24.36789738078909
2,63,25.734115465788783
2,64,29.533352541401726
2,65,29.950443221420382
2,66,31.82764239096864
2,67,29.621378761562987
2,68,26.226561428967436
2,69,25.16314895551494
2,70,21.871478350774897
2,71,20.788503014192113
2,72,18.072863869133435
2,73,19.05205447478213
2,74,18.276780684999885
2,75,14.769747676292216
2,76,11.792352493043815
2,77,13.896840243557348
2,78,14.992124431388948
2,79,18.178446994956303
2,80,19.849100497348886
2,81,23.393286468812143
2,82,25.920405395923233
2,83,29.19575142925772
2,84,31.733438393747456
2,85,30.86703496512313
2,86,32.74728088446051
2,87,32.98980329648876
2,88,31.44076501524822
2,89,27.884125938785385
2,90,28.20801676507908
2,91,25.495156482773865
2,92,21.803252632153498
2,93,18.94173262348457
2,94,15.210593849852058
2,95,12.706041088193363
2,96,10.834042588450071
2,97,8.882273391257554
2,98,9.532246704304008
2,99,8.178893223686513
2,100,10.995359550122924
2,101,12.755641949795283
2,102,10.347482419607623
2,103,10.138627236598218
2,104,7.729050816273723
2,105,9.84779034489834
2,106,10.43105936658022
2,107,13.481466926566018
2,108,16.77767912744026
2,109,19.158901415678677
2,110,22.820920092696543
2,111,24.82075353645995
2,112,28.299193662346042
2,113,31.758218074423258
2,114,33.035021144768386
2,115,34.72101906240658
2,116,38.051769159448845
3,1,6.8053499097099435
3,2,3.7826913120523398
3,4,3.8268895050459584
3,5,6.689047128482362
3,6,10.030845260037248
3,7,13.214750597730026
3,8,15.579864108141473
3,9,15.438174304554932
3,10,18.63644457829184
3,11,21.4543589806202
3,12,25.131887163678083
3,13,26.49903470266399
3,14,30.121819601624797
3,15,31.77813514567787
3,16,31.794618027435167
3,17,28.988448796833016
3,18,26.429088212531163
3,19,22.806934851578674
3,20,19.97326415518003
3,21,16.488088156917662
3,22,13.728059409389617
3,23,10.071527586615428
3,24,8.522315955518653
3,25,6.4547564091477625
3,26,5.439437561991048
3,27,6.670261070181991
3,28,9.637155994479224
3,29,10.012384530668033
3,30,11.365224124585438
3,31,13.988596740822468
3,32,13.850830893703622
3,33,12.073810306678933
3,34,13.897443757743716
3,35,14.815762346478651
3,36,16.23487255933633
3,37,18.79512854348364
3,38,20.747771161826908
3,39,24.300727146641847
3,40,25.999299355658177
3,41,28.90859563236856
3,42,27.654599746553906
3,43,28.301078449129182
3,44,26.43395089441321
3,45,22.627080962087355
3,46,22.88713372781511
3,47,19.86692617489675
3,48,21.338528760080468
3,49,19.84597310295831
3,50,20.286919254292922
3,51,19.20770974225612
3,52,17.452992540603475
3,53,17.171823744476715
3,54,17.43201755882495
3,55,15.522963739925142
3,56,18.87721935958792
3,57,21.670426383777098
3,58,21.973398325217136
3,59,22.52531825050141
3,60,21.54968659732658
3,61,22.59168876227449
3,62,23.78323625563227
3,63,25.123531267090936
3,64,28.835339323147466
3,65,28.887176725277165
3,66,30.17030558088528
3,67,27.64383075798034
3,68,24.378156010134568
3,69,23.564947674040482
3,70,20.50917538853095
3,71,19.769648270076434
3,72,17.38179726442086
3,73,18.038852875616367
3,74,17.803448556830006
3,75,14.510269970720097
3,76,11.461364863380949
3,77,12.585709905756191
3,78,13.63588931330385
3,79,16.31304694205284
3,80,17.816813690232603
3,81,21.151777239327725
3,82,23.514847052863374
3,83,26.890925412608034
3,84,29.186204209914035
3,85,28.065986090231398
3,86,29.974128108746566
3,87,30.216404257601912
3,88,28.980620543412307
3,89,25.35014627217911
3,90,25.345108795753017
3,91,22.6174040805885
3,92,18.893431531830693
3,93,16.199299041217085
3,94,12.627360115373603
3,95,10.754580515383076
3,96,9.820208082462171
3,97,9.227241359744806
3,98,11.097964708349869
3,99,10.898387795847102
3,100,14.016352720935666
3,101,15.05672857727588
3,102,12.149989566631849
3,103,10.792139595156433
3,104,7.374075476132135
3,105,7.9656619792366765
3,106,7.425341852539696
3,107,10.108373434600072
3,108,13.557595341463458
3,109,15.789225586734016
3,110,19.46929017050408
3,111,21.575235062215526
3,112,24.990095486491324
3,113,28.440380672037467
3,114,29.54740220126191
3,115,31.13179276127557
3,116,34.49555696486213
4,1,10.378075932025988
4,2,6.819938921434095
4,3,3.8268895050459584
4,5,3.7908483205276795
4,6,6.556595121298051
4,7,9.928539375800662
4,8,12.42516271974664
4,9,12.74685894271296
4,10,15.690577838163879
4,11,18.18058390188745
4,12,21.925431903460694
4,13,23.017340432107922
4,14,26.577651437234657
4,15,28.130604626808246
4,16,28.03037653045896
4,17,25.244383848084407
4,18,22.63611893789172
4,19,19.035847141749187
4,20,16.20292324070168
4,21,12.696376805844487
4,22,10.019018699762404
4,23,6.362651465352775
4,24,5.691974028691187
4,25,4.735048099772312
4,26,6.003626889771632
4,27,8.774649661080872
4,28,10.955122880787314
4,29,11.415331555101723
4,30,11.730288318602932
4,31,13.399671831115471
4,32,12.232860583079184
4,33,9.767834479953875
4,34,11.336816842557479
4,35,11.658163789355944
4,36,13.324564583862406
4,37,15.766329900890886
4,38,18.017977013437793
4,39,21.381331589443356
4,40,23.15742535913727
4,41,26.119174576176714
4,42,25.23843239603725
4,43,26.19913179981736
4,44,24.67166794022596
4,45,20.83416622601063
4,46,20.907508681473082
4,47,17.676328882757176
4,48,18.805669632862312
4,49,17.234897881338604
4,50,17.216470524418217
4,51,16.21377224755194
4,52,14.871391293092174
4,53,14.60720276039889
4,54,15.545458720867964
4,55,14.015997608966506
4,56,17.644759955233734
4,57,19.929627039315367
4,58,19.645301703139022
4,59,20.175466698642886
4,60,18.861706115901253
4,61,19.99676343734182
4,62,20.86918394876898
4,63,22.372058129833114
4,64,25.97104708128441
4,65,25.95981081855841
4,66,26.545655727580492
4,67,23.95874957236779
4,68,20.696545926814093
4,69,19.925457576063238
4,70,16.996431892202885
4,71,16.517235478418165
4,72,14.499230941489126
4,73,15.201218844793296
4,74,15.634706681882665
4,75,12.856753669964068
4,76,9.588625671071483
4,77,9.772697122808395
4,78,10.349179886986096
4,79,12.698143891118143
4,80,14.06145200490891
4,81,17.34423426334427
4,82,19.706530955611786
4,83,23.07102804738637
4,84,25.376521924684415
4,85,24.335431115235128
4,86,26.348977956726895
4,87,26.783531431997073
4,88,25.535801059249767
4,89,21.84225235718505
4,90,21.97737062622509
4,91,19.499832245123564
4,92,15.902206560244805
4,93,12.917872562077262
4,94,9.469860371706758
4,95,7.592660354047606
4,96,7.789153434728284
4,97,8.254144197617622
4,98,11.247835763235006
4,99,12.174660039132709
4,100,15.721698329599924
4,101,16.168642455113584
4,102,13.479862255979993
4,103,11.192767515286976
4,104,7.593628644761392
4,105,6.737874151005476
4,106,5.009167212550999
4,107,8.021198523815615
4,108,10.985396986202979
4,109,12.727268428362168
4,110,16.493224764501417
4,111,18.23071293478361
4,112,21.78012965223896
4,113,25.125102328024635
4,114,26.32024471251093
4,115,28.173401486517406
4,116,31.395368495709562
5,1,13.444883427330376
5,2,10.106804518258768
5,3,6.689047128482362
5,4,3.7908483205276795
5,6,3.793983493234977
5,7,6.5410904760488355
5,8,8.9922554966219
5,9,9.524416558089758
5,10,12.752228462578959
5,11,15.286589070450413
5,12,19.046993928768895
5,13,20.321950274069014
5,14,23.8611330404317
5,15,25.76777059009069
5,16,25.79595553974506
5,17,22.764837448101236
5,18,20.34730648291692
5,19,16.66847278091438
5,20,13.957262101184527
5,21,10.561610790185847
5,22,8.064241615948747
5,23,5.220889396944271
5,24,5.198631777121058
5,25,6.721837567710218
5,26,7.959167147979378
5,27,11.286393392043218
5,28,13.640971795237002
5,29,14.740350502917597
5,30,15.107294840708601
5,31,16.38970724358194
5,32,14.690461547527454
5,33,11.96653074967028
5,34,13.224227174436455
5,35,12.550739668572408
5,36,14.109829924527823
5,37,15.84783697123882
5,38,17.954474250412893
5,39,20.985142004460037
5,40,22.319177398454542
5,41,25.592922483046713
5,42,25.125521867571205
5,43,25.993513071178537
5,44,24.980064185260066
5,45,21.235395124955723
5,46,21.66617270495584
5,47,18.59258290879214
5,48,19.71752646528147
5,49,18.463291634626312
5,50,17.955673851629655
5,51,17.260198279192327
5,52,16.53380133764197
5,53,16.08590256004598
5,54,17.5430358752964
5,55,16.02563130227616
5,56,19.623269296279112
5,57,21.45897637470584
5,58,20.689375687054333
5,59,21.54897440613606
5,60,20.08068104222659
5,61,21.461661158848013
5,62,21.9032321603765
5,63,23.56138741885005
5,64,26.927858839509703
5,65,26.67993968903192
5,66,25.96504595674889
5,67,23.13059007962497
5,68,20.00886880160922
5,69,19.29159898372548
5,70,16.65611881048145
5,71,16.29227296530253
5,72,14.574439501447662
5,73,14.507107605200206
5,74,15.29914771477892
5,75,12.916240083173308
5,76,10.300586507122011
5,77,9.284167300915259
5,78,10.224312079853215
5,79,11.655519892966991
5,80,13.130665477070444
5,81,15.886140116120385
5,82,18.216691538467654
5,83,21.483067900039025
5,84,23.573495861924492
5,85,22.39628757728923
5,86,24.656727533772532
5,87,25.335586914983903
5,88,24.537440837928536
5,89,20.757002461980964
5,90,20.54007924134879
5,91,18.320612717689635
5,92,14.898132948678706
5,93,12.143478582549722
5,94,9.436284445511431
5,95,8.68849393855055
5,96,10.289846722393541
5,97,11.559764076004177
5,98,14.849235250890521
5,99,15.946555230931748
5,100,19.511170836385848
5,101,19.88830936628463
5,102,17.128029744728682
5,103,14.585352208837124
5,104,10.904874047813708
5,105,9.026311515877978
5,106,5.83831421736005
5,107,7.274197085874449
5,108,9.948530776079611
5,109,10.767057711658063
5,110,14.533432243720574
5,111,16.108959339316407
5,112,19.60029175513665
5,113,22.7593134161571
5,114,23.5339690194473
5,115,25.381363174188294
5,116,28.537539540767145
6,1,16.810157068836908
6,2,13.352590798251278
6,3,10.030845260037248
6,4,6.556595121298051
6,5,3.793983493234977
6,7,3.7485029618628385
6,8,6.04615261793394
6,9,7.0334831620619225
6,10,9.630568299995472
6,11,11.781588154511502
6,12,15.581588871048588
6,13,16.641411486630535
6,14,20.183289055309217
6,15,21.998655438685034
6,16,22.08245530015019
6,17,19.12953956356518
6,18,16.847398631134563
6,19,13.101794407854173
6,20,10.708943258014394
6,21,7.154641033289374
6,22,5.637100509137564
6,23,4.226645617523126
6,24,6.6140050394878465
6,25,8.985742093316889
6,26,11.202517306186
6,27,14.676234766372536
6,28,16.57467387011531
6,29,17.39636106635078
6,30,17.05475182060288
6,31,17.62594602431881
6,32,15.202801453612889
6,33,11.984390520682561
6,34,12.396366417349236
6,35,10.696606426102383
6,36,11.99653674950329
6,37,13.125065392056053
6,38,15.255252874682201
6,39,17.938443508448053
6,40,19.173462635743803
6,41,22.505920119158052
6,42,22.42746292049835
6,43,23.505607238830052
6,44,22.912227375227772
6,45,19.293507579376982
6,46,19.670467639761156
6,47,16.651314510732817
6,48,17.531662758848512
6,49,16.53431021839923
6,50,15.65533430378746
6,51,15.437154078342594
6,52,15.512494070261823
6,53,15.405478350631485
6,54,17.6096117372304
6,55,16.753667058466757
6,56,20.4057964395543
6,57,21.65790979808164
6,58,20.24712430729624
6,59,20.87530100174121
6,60,18.913351213658036
6,61,20.12504769916386
6,62,19.976657135518654
6,63,21.560097462145876
6,64,24.669199124802184
6,65,24.150615449974765
6,66,22.851547214778872
6,67,19.81351755071499
6,68,16.90905404987846
6,69,16.56458506404915
6,70,14.432313747329378
6,71,14.758527894660826
6,72,13.891045964713287
6,73,13.912315032075933
6,74,15.632640198638985
6,75,14.099726490009413
6,76,11.59200842546644
6,77,9.453606052305538
6,78,9.33801694405126
6,79,9.599097407841516
6,80,10.341473658200806
6,81,12.722412761919832
6,82,14.72609428236382
6,83,18.0701277806238
6,84,19.94439695380568
6,85,18.63346750245114
6,86,20.896160459664838
6,87,21.660810771013722
6,88,20.98445627725201
6,89,17.19112671362328
6,90,16.92711248165683
6,91,14.962365316351066
6,92,11.794824698818283
6,93,9.033283151119521
6,94,7.152070539964181
6,95,7.473966808352816
6,96,10.29808819931319
6,97,12.543162385392328
6,98,16.208759480490492
6,99,18.03410623331541
6,100,21.671456126541482
6,101,21.494202781279835
6,102,18.84832177355682
6,103,15.76974225276171
6,104,12.344211265546045
6,105,9.579117981285348
6,106,6.031818260653891
6,107,6.449184978899416
6,108,7.718818921240272
6,109,7.5508770933646945
6,110,11.266965153949117
6,111,12.454142556112304
6,112,16.02696088671019
6,113,19.106263443108872
6,114,20.017587103867957
6,115,22.07746737658889
6,116,25.127607673317716
7,1,19.980271558730546
7,2,16.55364741136692
7,3,13.214750597730026
7,4,9.928539375800662
7,5,6.5410904760488355
7,6,3.7485029618628385
7,8,2.8999075862331094
7,9,5.584295691825038
7,10,7.982235039335484
7,11,9.609338339964216
7,12,13.371373042899108
7,13,14.393521195259837
7,14,17.75138128833726
7,15,19.946478949029324
7,16,20.005560802995724
7,17,16.73350878104489
7,18,14.618237923686486
7,19,10.94902774142744
7,20,8.740517447340316
7,21,5.972348553143551
7,22,5.282959975036511
7,23,6.195579743386691
7,24,8.345728003374845
7,25,11.596519312046125
7,26,13.627960493997572
7,27,17.275928018781542
7,28,19.128997046031028
7,29,20.40070139101202
7,30,20.136454984041894
7,31,20.443780855195143
7,32,17.78521426331068
7,33,14.737308246064375
7,34,15.149242903517855
7,35,13.00579475331284
7,36,14.324831429928016
7,37,14.794769958102075
7,38,16.793535955200632
7,39,18.87825088913263
7,40,19.6862939477124
7,41,23.168690339487558
7,42,23.63438634504625
7,43,24.726531244967536
7,44,24.680317856293684
7,45,21.292871142187348
7,46,21.823904217461227
7,47,19.001760395496035
7,48,19.637099923080793
7,49,18.79029170743358
7,50,17.35888460840116
7,51,17.23681580265862
7,52,17.711097593060526
7,53,17.26819482296895
7,54,19.68727246384543
7,55,18.786153587336628
7,56,22.227190923638297
7,57,23.045230735216027
7,58,21.275196534280877
7,59,22.26660719273257
7,60,20.362700571758193
7,61,21.878865892166097
7,62,21.455013023848863
7,63,23.264432796954786
7,64,26.041489633627975
7,65,25.45196274850406
7,66,22.541171711525056
7,67,19.43110822941563
7,68,16.74906840609542
7,69,16.31433051506057
7,70,14.60171227760938
7,71,14.91066109575564
7,72,14.40120681775033
7,73,13.601089850169611
7,74,15.598913795739746
7,75,14.672562614933508
7,76,13.00140248460643
7,77,10.124199402075064
7,78,10.35386160403325
7,79,9.4812666108957
7,80,10.383507978610698
7,81,11.771186056972832
7,82,13.752213908295934
7,83,16.70256005727279
7,84,18.374119355036644
7,85,17.117357729108633
7,86,19.76962475341893
7,87,20.992421861210026
7,88,20.784214185859383
7,89,17.035393810044834
7,90,16.552917275141482
7,91,15.23213480399973
7,92,12.688851923062346
7,93,10.401157925066212
7,94,9.757949839788719
7,95,10.595131581689191
7,96,13.784521939603977
7,97,16.040071429894518
7,98,19.761076632791298
7,99,21.555192648980874
7,100,25.24119444407413
7,101,25.15130338549963
7,102,22.578090213203215
7,103,19.496644498853275
7,104,16.092463111942095
7,105,13.259468500567573
7,106,9.66023214857894
7,107,9.197503593585154
7,108,9.627973239137763
7,109,7.953258885685184
7,110,11.060485058671798
7,111,11.520416601533327
7,112,14.89962318593934
7,113,17.492438288586335
7,114,17.83317395552274
7,115,20.064063228787635
7,116,22.862810652016854
8,1,22.36751219424359
8,2,19.07247509873119
8,3,15.579864108141473
8,4,12.42516271974664
8,5,8.9922554966219
8,6,6.04615261793394
8,7,2.8999075862331094
8,9,3.7757059264315624
8,10,5.538508532905938
8,11,7.1117886208259575
8,12,10.75197649490015
8,13,12.136832898316415
8,14,15.532445296491115
8,15,18.039773467257433
8,16,18.49039599301399
8,17,15.201608006889364
8,18,13.660810680567858
8,19,10.046077996255516
8,20,8.792233431743332
8,21,6.670050630666468
8,22,7.431228551529995
8,23,8.925509435841521
8,24,11.24519931060668
8,25,14.453365976370714
8,26,16.401794542894244
8,27,19.999567676671898
8,28,21.97767532225222
8,29,23.194046554867082
8,30,22.883241727022448
8,31,23.138311635557177
8,32,20.36016280972228
8,33,17.165411196387325
8,34,17.142774352677343
8,35,14.55345219681016
8,36,15.331312035758593
8,37,15.088331368953222
8,38,16.59889981800341
8,39,18.282874619348615
8,40,18.567819140627385
8,41,22.185755134189677
8,42,22.901328673411847
8,43,23.805955495129364
8,44,24.162194344503177
8,45,21.020155863496903
8,46,21.86770116507524
8,47,19.408067879046147
8,48,20.165015451153266
8,49,19.789121233598937
8,50,18.35250544601649
8,51,18.723403966851194
8,52,19.671788228115222
8,53,19.490548622819585
8,54,22.152676440298215
8,55,21.475484523060203
8,56,24.900669957265254
8,57,25.52538978781047
8,58,23.520736097045848
8,59,24.402326010553836
8,60,22.27044303288446
8,61,23.597321335058524
8,62,22.761071074488143
8,63,24.357827658656472
8,64,26.883884205427773
8,65,25.95381971958632
8,66,22.65282265501911
8,67,19.32147431224433
8,68,17.096293915745207
8,69,17.108648888873304
8,70,15.982836625260168
8,71,16.720405108449455
8,72,16.67235265081323
8,73,15.758106695658247
8,74,17.994332678012583
8,75,17.34632375329106
8,76,15.840309211036947
8,77,12.811579253180188
8,78,12.794292912154857
8,79,11.298368038192361
8,80,11.568847102047018
8,81,12.175422113067793
8,82,13.503757042971621
8,83,16.332032713973977
8,84,17.446029810134704
8,85,15.799125889918843
8,86,18.37658138165262
8,87,19.566557087509356
8,88,19.85683247270851
8,89,16.261411528183572
8,90,15.263688061722199
8,91,14.15598337739378
8,92,12.035736592151652
8,93,10.540985221483606
8,94,10.81116732764842
8,95,12.456768296492191
8,96,15.810521583581524
8,97,18.404752838877812
8,98,22.13681914768103
8,99,24.075983846264435
8,100,27.713381115048584
8,101,27.428936822060162
8,102,24.728378902591672
8,103,21.495203283854387
8,104,18.127472249019384
8,105,14.979374639908494
8,106,11.359584494361114
8,107,9.980223282022159
8,108,9.654272057158284
8,109,7.13382682068269
8,110,9.505526165388508
8,111,9.809883115436646
8,112,12.8301742440298
8,113,15.237529512408434
8,114,15.236485689857362
8,115,17.341502450471204
8,116,20.14868003581561
9,1,22.078062457292937
9,2,19.146908823524615
9,3,15.438174304554932
9,4,12.74685894271296
9,5,9.524416558089758
9,6,7.0334831620619225
9,7,5.584295691825038
9,8,3.7757059264315624
9,10,3.840383203633998
9,11,7.186580455899977
9,12,10.438100843902681
9,13,12.792796730407543
9,14,16.42968888200495
9,15,19.050683443400974
9,16,20.16996410840055
9,17,17.199753644738696
9,18,16.23721945640561
9,19,12.63048948511682
9,20,11.99746463444114
9,21,9.52851444681579
9,22,10.39165510566877
9,23,10.93567082884399
9,24,13.186947411693618
9,25,15.831071394425788
9,26,17.43057660268312
9,27,20.748141448231387
9,28,23.141982343314112
9,29,24.07755131823878
9,30,23.928453045830054
9,31,24.57607813421709
9,32,22.03078731005376
9,33,18.609900211056978
9,34,18.226890224255005
9,35,15.595115510464282
9,36,15.58842294399905
9,37,14.993100641008706
9,38,15.726314513548491
9,39,17.591804818922405
9,40,17.37965690630612
9,41,21.16164904225556
9,42,21.492708032316145
9,43,21.834969618473185
9,44,22.148806366792684
9,45,19.101662697488052
9,46,20.542632539730256
9,47,18.529266509733198
9,48,19.952806614556874
9,49,20.165432310679265
9,50,19.382763819594903
9,51,20.253642841694905
9,52,21.290951453596318
9,53,21.61288551840166
9,54,24.239804566502837
9,55,23.638778940294188
9,56,27.23909513412074
9,57,28.167569320036517
9,58,26.329608109182104
9,59,26.899329846796242
9,60,24.54807489618306
9,61,25.444467150022867
9,62,24.451293739964
9,63,25.562619655297247
9,64,28.153306985298457
9,65,26.82803842824968
9,66,24.744021726090004
9,67,21.183013902972288
9,68,19.25260455709108
9,69,19.79101411729191
9,70,18.78530902339883
9,71,19.807423881281085
9,72,19.699512317381707
9,73,19.112510875674033
9,74,21.180286876781224
9,75,20.09588528513417
9,76,18.194489988540603
9,77,15.582343235272658
9,78,15.468470183101623
9,79,14.363349482293316
9,80,14.178912952375942
9,81,14.973591289461487
9,82,15.714495898243834
9,83,18.806811451758584
9,84,19.444743425299635
9,85,17.180642256976153
9,86,19.163324248770035
9,87,19.672235234513803
9,88,20.262694242244123
9,89,16.83129698732993
9,90,15.137032082522376
9,91,13.364164355240618
9,92,10.96902118512581
9,93,10.386522102914103
9,94,10.687741274043855
9,95,13.025162216730005
9,96,16.03853832624846
9,97,18.879548313550824
9,98,22.431361075491452
9,99,24.337286505421666
9,100,27.782788491805263
9,101,27.320198003989628
9,102,24.273393052306186
9,103,21.006195595606837
9,104,17.607692969472925
9,105,14.227935070065595
9,106,10.684036154998262
9,107,8.191601067538862
9,108,7.807466167776237
9,109,5.759931684568629
9,110,7.874749568384169
9,111,9.497015870628145
9,112,12.058184830718137
9,113,14.899886842083509
9,114,14.894959353743726
9,115,16.240692736833694
9,116,19.520215446681657
10,1,25.28566595453934
10,2,22.26342892376309
10,3,18.63644457829184
10,4,15.690577838163879
10,5,12.752228462578959
10,6,9.630568299995472
10,7,7.982235039335484
10,8,5.538508532905938
10,9,3.840383203633998
10,11,3.8103582097282827
10,12,6.784358202666066
10,13,9.346741883652435
10,14,13.046646294715943
10,15,15.634686261150877
10,16,17.162201675735442
10,17,14.509357491668066
10,18,14.203472544447113
10,19,10.891814991505617
10,20,11.416378811761867
10,21,9.64000402055769
10,22,11.769970309676097
10,23,13.078842067947742
10,24,15.924014946007656
10,25,18.612568484918462
10,26,20.646955107352838
10,27,24.027575720746885
10,28,26.173875792787673
10,29,26.86534960516586
10,30,26.290886705997245
10,31,26.53589595550857
10,32,23.661392739175174
10,33,20.0935187012546
10,34,19.093059987006185
10,35,15.927803888961279
10,36,15.386670262024834
10,37,13.910777140209241
10,38,14.173488635955044
10,39,15.307975364440523
10,40,14.611236444728814
10,41,18.403962341832337
10,42,19.209666407700283
10,43,19.628973831045982
10,44,20.52964246655038
10,45,17.887102800462827
10,46,19.361352265017555
10,47,17.744913377151562
10,48,18.96709699814718
10,49,19.6489503853036
10,50,18.722808530356637
10,51,20.159558910750526
10,52,21.849593643714538
10,53,22.526530142322073
10,54,25.545978059906773
10,55,25.445284538271412
10,56,29.003635349193875
10,57,29.54429705370542
10,58,27.317362268184482
10,59,27.601162074563362
10,60,24.905837032397216
10,61,25.501531043866954
10,62,23.958521635344717
10,63,24.798961608841648
10,64,26.986376688324867
10,65,25.298182944900194
10,66,22.88306988644402
10,67,19.162459738289577
10,68,17.840554976159638
10,69,18.97711406400326
10,70,18.712249866417302
10,71,20.361895354276022
10,72,20.949275915805995
10,73,20.551329372548793
10,74,23.127125485491803
10,75,22.544602892330797
10,76,20.649065668392993
10,77,17.711099186366
10,78,16.94365810879798
10,79,15.132026304852845
10,80,14.09403780472596
10,81,14.10893863192684
10,82,13.953630490002633
10,83,16.893559155588022
10,84,16.882923471148256
10,85,14.193132635850535
10,86,15.88639455232112
10,87,16.28758317924716
10,88,17.316380434223305
10,89,14.16767820875986
10,90,12.012689068543919
10,91,10.684503749021998
10,92,9.207116320477711
10,93,9.62916713712684
10,94,11.267262938267878
10,95,14.237634487973818
10,96,17.529039395684748
10,97,20.7631184877758
10,98,24.367481691658202
10,99,26.685450581536614
10,100,30.108414530901676
10,101,29.246771235558143
10,102,26.32443319278913
10,103,22.808868731280246
10,104,19.735872969609673
10,105,16.10407335988547
10,106,12.90702923955924
10,107,10.211818937884608
10,108,8.329969699580266
10,109,5.081811327129232
10,110,5.240109133475616
10,111,6.262097455637218
10,112,8.34715401744011
10,113,11.088223339377276
10,114,11.192529671945259
10,115,12.64790234719539
10,116,15.927030283584475
11,1,28.192346418647805
11,2,24.940604295625906
11,3,21.4543589806202
11,4,18.18058390188745
11,5,15.286589070450413
11,6,11.781588154511502
11,7,9.609338339964216
11,8,7.1117886208259575
11,9,7.186580455899977
11,10,3.8103582097282827
11,12,3.8272881885578895
11,13,5.617410444228915
11,14,9.313484269030086
11,15,11.93620937861286
11,16,13.441274291700912
11,17,10.820901825202004
11,18,10.974418989442285
11,19,8.143419748668457
11,20,9.762275850929077
11,21,9.199945016340203
11,22,12.20923343777803
11,23,14.41984903322314
11,24,17.541656204216952
11,25,20.4819439384159
11,26,22.896123345125233
11,27,26.436542654514984
11,28,28.222724168813034
11,29,28.927931717751658
11,30,28.012345297758035
11,31,27.770254261741986
11,32,24.568979187052932
11,33,21.08843206063759
11,34,19.874955858904325
11,35,16.41178979260901
11,36,15.959800403581939
11,37,14.049553152505132
11,38,14.453696492978192
11,39,14.732136115612315
11,40,13.964563499907808
11,41,17.52672048665016
11,42,19.067687890942075
11,43,19.942889453547725
11,44,21.34761373425404
11,45,19.03097178905914
11,46,20.10169040836027
11,47,18.539724746880655
11,48,19.122906190005384
11,49,19.784927501798812
11,50,18.31168734453982
11,51,19.87604757599538
11,52,22.015758923118657
11,53,22.646195069353297
11,54,25.938678086362245
11,55,26.157532493624462
11,56,29.53013410131662
11,57,29.581236396079113
11,58,26.96911636844922
11,59,27.224991373798176
11,60,24.42823971725573
11,61,25.047934725181427
11,62,23.151080063816284
11,63,24.076331275615967
11,64,25.825634968957157
11,65,24.097969674106093
11,66,20.40206645926139
11,67,16.70774613374016
11,68,15.856485894179134
11,69,17.209908529565418
11,70,17.61490756885436
11,71,19.601780661592464
11,72,20.799756312941522
11,73,20.342373566082514
11,74,23.332046180626005
11,75,23.378958035978407
11,76,21.767499660772277
11,77,18.466499679586605
11,78,17.317758992351934
11,79,14.778171938062691
11,80,13.287441487520256
11,81,12.317811484962071
11,82,11.54831667328741
11,83,14.008178606768832
11,84,13.553015192211186
11,85,10.823675212546954
11,86,12.764085815525526
11,87,13.712200647360902
11,88,15.036462536743047
11,89,12.117202908119934
11,90,10.067997031358631
11,91,9.986749808700912
11,92,9.761591702109227
11,93,10.312399681759628
11,94,12.776795940620378
11,95,15.668932919342168
11,96,19.24885421399727
11,97,22.55076073085963
11,98,26.25505954578288
11,99,28.830828465744997
11,100,32.333597122249
11,101,31.327345023029775
11,102,28.68532708704242
11,103,25.05599650530307
11,104,22.20340746431962
11,105,18.578446643503863
11,106,15.539046440489539
11,107,13.285615334361655
11,108,10.8975014871227
11,109,7.166738496214739
11,110,6.136864005029085
11,111,4.649296548091793
11,112,6.315739102281383
11,113,8.20424167291986
11,114,8.281405768973642
11,115,10.65542100120603
11,116,13.396253064817964
12,1,31.828751172897285
12,2,28.649706540175437
12,3,25.131887163678083
12,4,21.925431903460694
12,5,19.046993928768895
12,6,15.581588871048588
12,7,13.371373042899108
12,8,10.75197649490015
12,9,10.438100843902681
12,10,6.784358202666066
12,11,3.8272881885578895
12,13,3.805222472580673
12,14,6.8995060412985865
12,15,9.88152086965628
12,16,12.268043176048382
12,17,10.273123243099443
12,18,11.728747439890302
12,19,9.964216373712253
12,20,12.514687016376664
12,21,12.640187922565046
12,22,15.865106963479876
12,23,18.213452043006534
12,24,21.35634748400166
12,25,24.301240936490483
12,26,26.711246671535754
12,27,30.237397594035425
12,28,32.04535537936875
12,29,32.699974109688675
12,30,31.703233739028523
12,31,31.362487883999545
12,32,28.081560908517094
12,33,24.58672710138049
12,34,23.104761138189865
12,35,19.49320863956888
12,36,18.65458374100283
12,37,16.188913216472027
12,38,15.954299344251163
12,39,15.409241896173313
12,40,13.843112600363614
12,41,17.169072548101173
12,42,19.17003212828476
12,43,19.825869727584024
12,44,21.852846401936755
12,45,20.129306149704583
12,46,21.40878281283999
12,47,20.418157160902744
12,48,20.96654896120008
12,49,22.080702529438714
12,50,20.6424463620993
12,51,22.57981938239726
12,52,25.06130532199391
12,53,25.87111905142509
12,54,29.294237740353164
12,55,29.713297910790217
12,56,33.02205356689722
12,57,32.870463190258015
12,58,30.07478779227201
12,59,30.20896776018071
12,60,27.27790524007718
12,61,27.693733649771364
12,62,25.435133541461457
12,63,26.089576933845592
12,64,27.408878975211177
12,65,25.346891438312202
12,66,21.2936639497809
12,67,17.631527714776194
12,68,17.569063154916478
12,69,19.34513612505007
12,70,20.337145000825075
12,71,22.588260782332995
12,72,24.116141247484226
12,73,23.620849534207466
12,74,26.73901463310859
12,75,27.00519883363936
12,76,25.504682360038114
12,77,22.130792363875347
12,78,20.87115142177801
12,79,18.089426938075256
12,80,16.298585566785682
12,81,14.72704144465316
12,82,13.175175924626197
12,83,14.99208004391326
12,84,13.560083111472203
12,85,10.413128317417396
12,86,11.743550214940312
12,87,12.527784920840332
12,88,14.7521421395801
12,89,12.636185396999448
12,90,9.986128330386942
12,91,10.719265736419608
12,92,11.644007072702559
12,93,13.088882156019723
12,94,15.998588835839396
12,95,19.106980183783655
12,96,22.639579665901813
12,97,26.065670650033997
12,98,29.718794557000475
12,99,32.40782661836618
12,100,35.84919110913106
12,101,34.66480138301253
12,102,32.01090095772441
12,103,28.318798130399152
12,104,25.605103838968756
12,105,21.905460030011174
12,106,19.030461348504197
12,107,16.513681897908302
12,108,13.815926592174574
12,109,10.254454960176284
12,110,7.9662234349435055
12,111,6.042184964919681
12,112,5.151890759569036
12,113,5.45342894665506
12,114,4.526186478973555
12,115,6.973141150900884
12,116,9.569339720926262
13,1,33.216955556029326
13,2,29.81534886447852
13,3,26.49903470266399
13,4,23.017340432107922
13,5,20.321950274069014
13,6,16.641411486630535
13,7,14.393521195259837
13,8,12.136832898316415
13,9,12.792796730407543
13,10,9.346741883652435
13,11,5.617410444228915
13,12,3.805222472580673
13,14,3.8132373928506405
13,15,6.433074437980285
13,16,8.481650799897674
13,17,6.640784811377719
13,18,8.555763590715507
13,19,7.713553340732095
13,20,11.021963236148748
13,21,12.081550740458082
13,22,15.668926396341092
13,23,18.50055130669823
13,24,21.806360810584234
13,25,24.805040894674573
13,26,27.564602443633454
13,27,31.174138125917008
13,28,32.580284285487615
13,29,33.1796283290938
13,30,31.84488147285075
13,31,31.051543832492946
13,32,27.54748817494795
13,33,24.226525970669876
13,34,22.630099390847143
13,35,18.948255374574853
13,36,18.346564192946783
13,37,15.83273016992623
13,38,16.03307270001162
13,39,14.955283076433874
13,40,13.868323035971933
13,41,16.72674992478784
13,42,19.260744928535715
13,43,20.568341300618282
13,44,22.705006576354176
13,45,21.073683568928352
13,46,21.732696069902737
13,47,20.561844419357506
13,48,20.418093351589018
13,49,21.279617422084034
13,50,19.342405833910306
13,51,21.22304474520609
13,52,23.97325574336603
13,53,24.7132880548473
13,54,28.280997135320536
13,55,29.002972160830897
13,56,32.08916982677179
13,57,31.518306393926157
13,58,28.45199250305491
13,59,28.513211721370418
13,60,25.560847388653187
13,61,25.997113943787557
13,62,23.533540535595403
13,63,24.319676054666825
13,64,25.265313241042712
13,65,23.339069060105796
13,66,18.122965921316013
13,67,14.631126922224944
13,68,14.972067226791188
13,69,16.85792971711426
13,70,18.403663823562876
13,71,20.89801677090534
13,72,22.92116578982853
13,73,22.538197592690285
13,74,25.949652493675433
13,75,26.72252939094886
13,76,25.391406010923934
13,77,21.859892146647276
13,78,20.225858650537422
13,79,17.028547137286186
13,80,14.903208299522607
13,81,12.622936880363353
13,82,10.5492313466729
13,83,11.739019165072179
13,84,9.932537762423511
13,85,6.931166517821926
13,86,8.731695445283169
13,87,10.439454229601528
13,88,12.535671645244992
13,89,10.666624973579637
13,90,8.795609052017888
13,91,10.739928859512553
13,92,12.335655634322944
13,93,13.359720644828567
13,94,16.550033015823548
13,95,19.35706641089612
13,96,23.01328963196387
13,97,26.383430992175825
13,98,30.06578187614541
13,99,32.95376364553567
13,100,36.445025393495285
13,101,35.163260693009235
13,102,32.83787736848501
13,103,29.101862259422102
13,104,26.61465147477728
13,105,23.01997401146752
13,106,20.319953187346584
13,107,18.33431635537536
13,108,15.46701433290107
13,109,11.807449297423345
13,110,9.728866658047412
13,111,6.4865829727008855
13,112,5.809617036800865
13,113,4.722631787370558
13,114,4.887729199414048
13,115,8.619162143955954
13,116,9.96790454207958
14,1,36.849872941947325
14,2,33.382703118693286
14,3,30.121819601624797
14,4,26.577651437234657
14,5,23.8611330404317
14,6,20.183289055309217
14,7,17.75138128833726
14,8,15.532445296491115
14,9,16.42968888200495
14,10,13.046646294715943
14,11,9.313484269030086
14,12,6.8995060412985865
14,13,3.8132373928506405
14,15,3.808634369222655
14,16,6.306728364717519
14,17,5.499416789416589
14,18,8.810504793378124
14,19,9.568797628176185
14,20,13.217901551283374
14,21,15.031147635929498
14,22,18.62993069099089
14,23,21.731881798285347
14,24,24.97783249316479
14,25,28.07533523186764
14,26,30.906122253988276
14,27,34.56156400750552
14,28,35.8113121313383
14,29,36.47214289500362
14,30,35.019406319400986
14,31,33.98415956352026
14,32,30.37178911509594
14,33,27.209502767274092
14,34,25.581803604693494
14,35,21.910000913978905
14,36,21.37852558339467
14,37,18.756281971240817
14,38,18.90914369106669
14,39,17.259477507197204
14,40,16.033382785225633
14,41,18.33574443100533
14,42,21.32713309783866
14,43,22.760955588652273
14,44,25.243764108025772
14,45,23.981230504790485
14,46,24.471415260870383
14,47,23.49032693982243
14,48,23.002061107115797
14,49,23.86955080742119
14,50,21.68359985853621
14,51,23.5562630240126
14,52,26.486249219708164
14,53,27.13159205497534
14,54,30.749760673182674
14,55,31.619188570854757
14,56,34.49402181648613
14,57,33.57678450023127
14,58,30.30432187524976
14,59,30.391379204982996
14,60,27.49654124238075
14,61,27.953060855437812
14,62,25.295870990403934
14,63,26.09382287216095
14,64,26.54820705097324
14,65,24.626891193287445
14,66,18.24855976586933
14,67,15.179901094217144
14,68,16.211316958696017
14,69,18.127449607057756
14,70,20.20313837590611
14,71,22.7475826090335
14,72,25.098123935819174
14,73,24.582702643475912
14,74,28.0991546531668
14,75,29.27076207587226
14,76,28.226704867724607
14,77,24.595219898103803
14,78,22.915474648567617
14,79,19.46424524703597
14,80,17.310560989154727
14,81,14.444612518006531
14,82,12.024895495626023
14,83,12.033732075418982
14,84,9.390720307936267
14,85,6.9810581777327485
14,86,8.482234056315429
14,87,10.765807203937435
14,88,13.274452412683361
14,89,12.317350643552212
14,90,10.858512165892751
14,91,13.56388836895051
14,92,15.702154918074305
14,93,16.776255592418533
14,94,20.06344458171777
14,95,22.72772880544475
14,96,26.399679198643053
14,97,29.718363704299517
14,98,33.39337120622453
14,99,36.351309713281815
14,100,39.85603513067698
14,101,38.52896620139728
14,102,36.34704353666466
14,103,32.602359662318534
14,104,30.216568227086317
14,105,26.666120789510483
14,106,24.02075829239157
14,107,22.130982989182538
14,108,19.227337983163444
14,109,15.593263197111495
14,110,13.38903246131382
14,111,10.053143234897373
14,112,8.678677969858398
14,113,5.928485211051616
14,114,5.292614134900969
14,115,9.014557192343547
14,116,8.754966509777775
15,1,38.3763901224029
15,2,34.84165143056946
15,3,31.77813514567787
15,4,28.130604626808246
15,5,25.76777059009069
15,6,21.998655438685034
15,7,19.946478949029324
15,8,18.039773467257433
15,9,19.050683443400974
15,10,15.634686261150877
15,11,11.93620937861286
15,12,9.88152086965628
15,13,6.433074437980285
15,14,3.808634369222655
15,16,3.816251705329087
15,17,5.490383803283659
15,18,8.907687726692103
15,19,10.517379820268898
15,20,14.283269035513259
15,21,16.28143341272602
15,22,20.001977090749833
15,23,23.107681665334052
15,24,26.52721100778469
15,25,29.40423947268785
15,26,32.506202157052236
15,27,36.10710146202561
15,28,37.05816046837255
15,29,37.44956423343039
15,30,35.64245671110579
15,31,34.26721041214592
15,32,30.552975711352108
15,33,27.509167800692587
15,34,25.558772855382674
15,35,21.896206985448078
15,36,21.214313540801644
15,37,18.426134647764652
15,38,18.569573489400906
15,39,16.343168212248298
15,40,15.391278474253163
15,41,16.990732096657602
15,42,20.34933565464026
15,43,22.222403640378648
15,44,24.823188743513946
15,45,23.862537339420275
15,46,23.891542418581338
15,47,23.05660928669925
15,48,22.083855342391413
15,49,23.003888760119143
15,50,20.70922442112481
15,51,22.775885205795813
15,52,26.00889970105986
15,53,26.892876780953486
15,54,30.607124592278165
15,55,31.90284871354449
15,56,34.61051709569005
15,57,33.407827764105576
