1,2,3.817790765305435
1,3,6.805140149203264
1,4,8.61672347723546
1,5,6.637563381411364
1,6,7.426648802070093
1,7,10.879386903992902
1,8,11.518840941328829
1,9,11.020064145742715
1,10,12.824496834009741
1,11,15.461263635783425
1,12,16.167053639842177
1,13,16.8580254764604
1,14,18.988169161934547
1,15,20.793380020575263
1,16,21.906065611439967
1,17,23.25365494446092
1,18,25.13593325592034
1,19,26.5954247824161
1,20,28.024629723089422
1,21,29.086272017774164
1,22,30.432766006312313
1,23,32.44440723888659
1,24,33.82053111515203
1,25,34.71886201741266
1,26,36.18606174368892
1,27,38.70749285046328
1,28,39.75619487691749
1,29,40.25133467928214
1,30,42.05789800237787
1,31,44.48140578223095
1,32,47.589427513218496
1,33,47.60326640466492
1,34,50.3038576892725
1,35,49.134258241781204
1,36,45.438811569188296
1,37,43.48603464422113
1,38,40.11656146418989
1,39,41.65523638916627
1,40,40.2389228266922
1,41,36.653327065782214
1,42,35.85473630508934
1,43,37.17841494455931
1,44,35.30732830050117
1,45,32.03705498151869
1,46,32.65240949654902
1,47,33.93002519074384
1,48,30.66320138430048
1,49,28.47857328180914
1,50,30.915728271276464
1,51,30.796904003367445
1,52,27.009925693749885
1,53,27.078175722890407
1,54,29.967468601793495
1,55,32.624462346651434
1,56,36.11523116318777
1,57,38.71233113969906
1,58,42.276427639011985
1,59,43.03176794827929
1,60,40.35703715817138
1,61,39.35764439196115
1,62,39.846606856688645
1,63,43.26487319487705
1,64,42.96408626405651
1,65,41.55517226385864
1,66,38.89058571391749
1,67,38.169151459651204
1,68,37.31686561539385
1,69,35.35026777234467
1,70,33.22042703329136
1,71,33.07637108303968
1,72,31.772047506597545
1,73,28.87086549043007
1,74,27.903381035221464
1,75,28.23469301616914
1,76,26.205295932622107
1,77,23.367813782207293
1,78,23.42234511853291
1,79,23.684078576969807
1,80,21.007059470493882
1,81,18.609097940697907
1,82,19.40296600468467
1,83,19.472784908956754
1,84,16.039396665519625
1,85,14.806374627032332
1,86,17.01742330534275
1,87,15.505136290292233
1,88,11.914194769619145
1,89,13.576626894391376
1,90,15.46613539960864
1,91,12.722554337911152
1,92,11.42288247645852
1,93,15.13106218971422
1,94,16.01390231291722
1,95,13.540114418527523
1,96,14.78957955661239
1,97,18.305309709829142
1,98,18.008648456913168
1,99,17.31004434750266
1,100,20.14388420812692
1,101,22.336761385283882
1,102,21.284695599258153
1,103,21.024728820416506
2,1,3.817790765305435
2,3,3.795643644693041
2,4,5.545580496418719
2,5,5.220598744962653
2,6,6.538993955140446
2,7,9.024715016564956
2,8,10.075410714023333
2,9,10.786191523434058
2,10,12.237257691627908
2,11,14.281265304173667
2,12,15.683178786867959
2,13,16.87020036516269
2,14,18.37580967142923
2,15,20.019063850156915
2,16,21.761861860399566
2,17,23.0353675587122
2,18,24.385909165871517
2,19,26.071568223276394
2,20,27.89648946730132
2,21,28.69954729370495
2,22,29.708708354610092
2,23,32.01257982584982
2,24,33.52029113824204
2,25,34.04108328988249
2,26,35.36333489887533
2,27,38.15906410967968
2,28,39.15327199434095
2,29,39.29572104430626
2,30,41.14421491219917
2,31,43.807942503864545
2,32,46.765732738684825
2,33,46.549129640675886
2,34,49.29384675565786
2,35,48.15605140471038
2,36,44.50331462166979
2,37,42.74366750646517
2,38,39.41008852258105
2,39,41.201914668105374
2,40,40.11894377783528
2,41,36.66613496226474
2,42,35.984528018188136
2,43,36.96671228074343
2,44,34.86585099508381
2,45,31.805301377343504
2,46,32.327688113041425
2,47,33.20869015283426
2,48,29.90690143105464
2,49,27.831461907972514
2,50,29.971010204193362
2,51,29.49480562793816
2,52,25.711350220981828
2,53,25.76463270193788
2,54,28.323897619909186
2,55,31.24087044885118
2,56,34.72677280399544
2,57,37.57945622540895
2,58,41.046513057735844
2,59,41.762410183927095
2,60,39.32106445884283
2,61,38.092545357762354
2,62,38.56151084723469
2,63,41.85399900378732
2,64,41.53212059836635
2,65,39.885685522853514
2,66,37.41570222764901
2,67,36.85258408623015
2,68,35.682456209552186
2,69,33.61193922700339
2,70,31.810309307068323
2,71,31.557076305336558
2,72,29.890649103004332
2,73,27.151646864254506
2,74,26.475221416652925
2,75,26.46319221766578
2,76,24.116626907378937
2,77,21.63436367353164
2,78,21.839105703252677
2,79,21.592275248978822
2,80,18.719283894685475
2,81,16.832518239562248
2,82,17.604136340715748
2,83,17.0319968154931
2,84,13.565485385662758
2,85,12.940091468846456
2,86,14.72453739395799
2,87,12.596317248940013
2,88,9.349123800343545
2,89,11.583252234760556
2,90,12.807534490072403
2,91,9.750908905353105
2,92,9.412243185685515
2,93,13.166476527696108
2,94,13.438765905030749
2,95,11.323082005551464
2,96,13.40492423292879
2,97,16.515995032564902
2,98,16.008001576226995
2,99,16.08130897450658
2,100,19.02738609503938
2,101,20.789461238774567
2,102,20.019152784749103
2,103,19.188443593874357
3,1,6.805140149203264
3,2,3.795643644693041
3,4,3.8042024442389515
3,5,5.333235804075395
3,6,5.014803964070501
3,7,6.274713995514687
3,8,8.50518826066723
3,9,9.63605111687771
3,10,10.045337623028404
3,11,11.900255022541073
3,12,14.064632777907399
3,13,15.115725181775431
3,14,15.94240768321326
3,15,17.807017781626094
3,16,19.939625362126932
3,17,20.798649246180464
3,18,21.84985244424552
3,19,23.916282094261323
3,20,25.81022118703454
3,21,26.219643770858358
3,22,27.17756114521421
3,23,29.768462456153074
3,24,31.13745345805133
3,25,31.343416935145335
3,26,32.75937898497119
3,27,35.693624222474234
3,28,36.47096234262646
3,29,36.446946916773214
3,30,38.466851900092344
3,31,41.212745199738094
3,32,44.02358097414631
3,33,43.79874905130708
3,34,46.673668117400595
3,35,45.72172338419112
3,36,42.061884034572905
3,37,40.547307640139906
3,38,37.15197326473245
3,39,38.9615316707832
3,40,38.12758646964178
3,41,34.74631058515467
3,42,34.373851696628414
3,43,35.23936999759878
3,44,32.851329538836204
3,45,30.007638593537397
3,46,30.76070299054008
3,47,31.316414523968795
3,48,27.87813271919389
3,49,26.170523596024037
3,50,28.30013043291563
3,51,27.41534301316521
3,52,23.649129864918503
3,53,24.115102798022516
3,54,26.410973813227802
3,55,29.567131347992063
3,56,32.88457225801115
3,57,35.88261140358464
3,58,39.21069671137338
3,59,39.66139966524269
3,60,37.27933905660916
3,61,35.764088422559134
3,62,35.979977337545066
3,63,39.13974909420099
3,64,38.61348025197298
3,65,36.780508348659154
3,66,34.30711078723763
3,67,33.9855831871381
3,68,32.773176339125264
3,69,30.492228461149747
3,70,28.866101340552486
3,71,28.816873399802724
3,72,26.950768055258063
3,73,24.13182536606965
3,74,23.822855320823916
3,75,23.908019583799806
3,76,21.276467757335176
3,77,18.86894218591169
3,78,19.57591245320528
3,79,19.293968323547695
3,80,16.080248969054793
3,81,14.611946908154213
3,82,15.9892201010977
3,83,15.198892194150547
3,84,11.526214986352835
3,85,11.878056057447182
3,86,13.884278177993332
3,87,11.429752428200661
3,88,8.8604133075078
3,89,12.05661709052829
3,90,13.018674853446504
3,91,10.260214876551304
3,92,11.107346572142609
3,93,14.729981287398543
3,94,14.663652040690687
3,95,13.298306582281285
3,96,15.918805997200185
3,97,18.602367205015963
3,98,18.05357426698688
3,99,18.77820144199391
3,100,21.68091359589324
3,101,23.119559497950018
3,102,22.595123403195178
3,103,21.282275336762467
4,1,8.61672347723546
4,2,5.545580496418719
4,3,3.8042024442389515
4,5,3.7908918355014447
4,6,5.217259226664513
4,7,5.13774506003363
4,8,6.009450843237191
4,9,8.407371901434743
4,10,9.506664858179631
4,11,10.250906513113486
4,12,12.242402622895707
4,13,14.18090663631444
4,14,14.953002118301338
4,15,16.057175692521955
4,16,18.46363565629686
4,17,19.82096451124532
4,18,20.46908699592447
4,19,22.186963997468098
4,20,24.507765949963552
4,21,25.17360896613745
4,22,25.66226134194067
4,23,28.148488815511993
4,24,29.917631832945858
4,25,30.111845806443185
4,26,31.12249114761068
4,27,34.15788304988853
4,28,35.2363233162353
4,29,35.019058888136485
4,30,36.76314121711974
4,31,39.6554689836458
4,32,42.49612817216151
4,33,42.00062527051258
4,34,44.70205592354549
4,35,43.52829284175387
4,36,39.946364088903685
4,37,38.33310531098613
4,38,35.088514450484055
4,39,37.16324573511674
4,40,36.43170362470321
4,41,33.189163753783056
4,42,32.578079779878
4,43,33.1320895213785
4,44,30.84349628559471
4,45,28.043850642449424
4,46,28.417569641910998
4,47,28.871606949341835
4,48,25.599529069411815
4,49,23.651172666386884
4,50,25.468059581804994
4,51,24.660717875099778
4,52,20.930499917139105
4,53,21.015816181455058
4,54,23.26536304033742
4,55,26.38640620933675
4,56,29.808262431747682
4,57,32.85409494720349
4,58,36.20683575812603
4,59,36.86397214677076
4,60,34.62959753125361
4,61,33.233252988346514
4,62,33.74484826639773
4,63,36.94765041067278
4,64,36.7196043539872
4,65,34.99044045659654
4,66,32.75247093789341
4,67,32.16907368999834
4,68,30.713343200230064
4,69,28.71638665134008
4,70,27.141624445685625
4,71,26.647329944349522
4,72,24.777110389168993
4,73,22.27652472049184
4,74,21.690532897370637
4,75,21.328319411589607
4,76,18.859759365803193
4,77,16.691789742180685
4,78,16.884800513627933
4,79,16.267810597175895
4,80,13.339113217741671
4,81,11.826801509687533
4,82,12.643614307226482
4,83,11.694954307768018
4,84,8.158553495814092
4,85,8.31449454912469
4,86,10.086017242026132
4,87,7.739799504700908
4,88,5.131239585897353
4,89,8.581812299820761
4,90,9.658821698383399
4,91,7.55958616513309
4,92,8.734243014307472
4,93,12.125584644891367
4,94,12.428342029947453
4,95,11.913507336918107
4,96,14.426647951455687
4,97,16.84615382223248
4,98,16.93117829250865
4,99,18.03489983097053
4,100,20.456571413567676
4,101,22.01905213132292
4,102,22.11559933560822
4,103,20.85846818255475
5,1,6.637563381411364
5,2,5.220598744962653
5,3,5.333235804075395
5,4,3.7908918355014447
5,6,3.7851220598847424
5,7,5.7806738763175884
5,8,5.2226039680836385
5,9,6.26614400074931
5,10,8.589648319705098
5,11,9.97435953173199
5,12,10.869478418830528
5,13,12.666942254519128
5,14,14.369118176051966
5,15,15.430709183583929
5,16,17.164264033583677
5,17,18.904054975038715
5,18,20.11845063012174
5,19,21.41757559716044
5,20,23.46257944219964
5,21,24.589078071068467
5,22,25.32590719914158
5,23,27.425765521027408
5,24,29.22843114315053
5,25,29.897827957098247
5,26,30.934704373028527
5,27,33.69582474580163
5,28,34.98000989751987
5,29,35.12198162093181
5,30,36.71113909407008
5,31,39.385580491641626
5,32,42.441149788809
5,33,42.11535937240321
5,34,44.7024272106443
5,35,43.39103351638111
5,36,39.76934418165649
5,37,37.86099377435436
5,38,34.60901299060704
5,39,36.4986954382303
5,40,35.393234326263155
5,41,32.00942098876881
5,42,31.140115014469302
5,43,31.98757065664856
5,44,30.003119629801006
5,45,26.909582238761352
5,46,27.240185472170218
5,47,28.175804850384605
5,48,24.973188738828853
5,49,22.72897177929303
5,50,24.84898806704973
5,51,24.56176433807335
5,52,20.786888885267647
5,53,20.720222521547388
5,54,23.46075201307854
5,55,26.23002746111348
5,56,29.73770236570986
5,57,32.48882056919443
5,58,36.00393827234048
5,59,36.805001819959735
5,60,34.316982602044725
5,61,33.26012984804891
5,62,33.92596723632044
5,63,37.326143156520004
5,64,37.246478773455976
5,65,35.856936624975795
5,66,33.4521600265343
5,67,32.55442713561898
5,68,31.408346178940953
5,69,29.65325567886273
5,70,27.650642375879865
5,71,27.118239986064573
5,72,25.73258968302203
5,73,23.11624327790358
5,74,21.99991999627711
5,75,21.940442295647294
5,76,19.98998857299528
5,77,17.363282760203287
5,78,17.107926837741164
5,79,17.134067651143884
5,80,14.635381152523482
5,81,12.205856983511204
5,82,12.80457816615872
5,83,12.892666027900821
5,84,9.521242587051761
5,85,8.23881552390758
5,86,10.749635800344263
5,87,9.598791141421394
5,88,6.085752642531405
5,89,8.472172065252645
5,90,10.812823813168665
5,91,9.144100350131287
5,92,8.744860905005718
5,93,12.362731028476274
5,94,13.64980795066598
5,95,12.738683443284577
5,96,14.389389306079075
5,97,17.352780823234315
5,98,17.888757085692237
5,99,18.291626078941913
5,100,20.515057128629063
5,101,22.654461536851247
5,102,22.666863294256554
5,103,22.007703469758425
6,1,7.426648802070093
6,2,6.538993955140446
6,3,5.014803964070501
6,4,5.217259226664513
6,5,3.7851220598847424
6,7,3.786430380984976
6,8,5.184945130080051
6,9,4.8165894831706515
6,10,5.715113265016324
6,11,8.165795163924855
6,12,9.601053776620688
6,13,10.41265770362677
6,14,11.890781854553028
6,15,13.750402678979556
6,16,15.387879300033303
6,17,16.501890332357274
6,18,17.98476629217756
6,19,19.733316215131143
6,20,21.411808107929353
6,21,22.1870677993316
6,22,23.323977983950662
6,23,25.605969088702988
6,24,27.00891717965087
6,25,27.614795988788636
6,26,29.036450566428584
6,27,31.734888492506713
6,28,32.70751086620616
6,29,33.0008478563052
6,30,34.86763451156684
6,31,37.41772844661996
6,32,40.42346031634862
6,33,40.35881746663004
6,34,43.13740018560648
6,35,42.094225915712926
6,36,38.387613388570585
6,37,36.64976863839061
6,38,33.221124114620515
6,39,34.85182509827981
6,40,33.74586312787115
6,41,30.266719088977087
6,42,29.772339640574526
6,43,30.863139875583617
6,44,28.648688100760577
6,45,25.612561747791407
6,46,26.458239078182274
6,47,27.344872791967482
6,48,23.907240958518695
6,49,22.11420091220887
6,50,24.598597200224344
6,51,24.055645895869777
6,52,20.256151644474354
6,53,20.87399002783037
6,54,23.57720970673929
6,55,26.45771629640584
6,56,29.73465330712946
6,57,32.456796330534104
6,58,35.87812507311907
6,59,36.31935744683421
6,60,33.66051879512573
6,61,32.387401756416246
6,62,32.66211518614783
6,63,36.00588886233525
6,64,35.59738492477054
6,65,34.13705224984691
6,66,31.476987827098945
6,67,30.818629167842737
6,68,29.958936190815738
6,69,27.933314658146166
6,70,25.82809535654322
6,71,25.784547243790943
6,72,24.45644337486131
6,73,21.470400971407567
6,74,20.630246415052124
6,75,21.15227540963411
6,76,19.058137075530183
6,77,16.079915264921294
6,78,16.516488495450275
6,79,17.073555840440243
6,80,14.208495758365052
6,81,11.819421412246694
6,82,13.478402169195093
6,83,13.872253450571494
6,84,10.236622870925137
6,85,9.83891126674952
6,86,12.934124386747175
6,87,11.735162801134422
6,88,8.873191468130864
6,89,11.79915925084532
6,90,13.990536339094742
6,91,12.3149780654324
6,92,12.426041317812148
6,93,16.039662472516888
6,94,17.038029715349115
6,95,16.081356703900184
6,96,17.989241886933346
6,97,20.93342201507281
6,98,21.173783176008467
6,99,21.612951811405694
6,100,24.06142659166303
6,101,26.05862799335968
6,102,25.842332496320406
6,103,24.984047148330564
7,1,10.879386903992902
7,2,9.024715016564956
7,3,6.274713995514687
7,4,5.13774506003363
7,5,5.7806738763175884
7,6,3.786430380984976
7,8,3.8041565840683726
7,9,5.275774125816938
7,10,4.715934556674336
7,11,5.659849440762901
7,12,8.3053401872977
7,13,9.621093932250336
7,14,9.977147384836039
7,15,11.588313415136886
7,16,14.002294377757499
7,17,14.912137946441536
7,18,15.685356765962007
7,19,17.712086556314016
7,20,19.792238393072665
7,21,20.234825314345816
7,22,20.98029094756783
7,23,23.57097915013639
7,24,25.078772352567114
7,25,25.276527242915748
7,26,26.546989762744442
7,27,29.501740343691388
7,28,30.408945764147354
7,29,30.361027593758116
7,30,32.26556463477668
7,31,35.0275163635001
7,32,37.88049572751717
7,33,37.61948247682441
7,34,40.44673796497514
7,35,39.46893919024089
7,36,35.800096494902874
7,37,34.28290235132282
7,38,30.879359757312944
7,39,32.72140545042887
7,40,31.978025181236514
7,41,28.675822369378995
7,42,28.377897593430266
7,43,29.116275983809256
7,44,26.63096334385275
7,45,23.885414956282915
7,46,24.730743120454857
7,47,25.15469596189542
7,48,21.662755749904708
7,49,20.146286583952083
7,50,22.380097588209942
7,51,21.387368847123
7,52,17.62074200456982
7,53,18.47602535784754
7,54,20.8097738502062
7,55,23.956787048273057
7,56,27.116295237413777
7,57,30.05235276435801
7,58,33.33197554859063
7,59,33.62434634900405
7,60,31.147897931790453
7,61,29.610103566003968
7,62,29.78889649460128
7,63,33.00909059733433
7,64,32.55120905004917
7,65,30.905263130508178
7,66,28.39395161767664
7,67,27.86926349396695
7,68,26.76690462220041
7,69,24.64523068491029
7,70,22.80079105573803
7,71,22.705480377666955
7,72,21.086295216381075
7,73,18.188404938808013
7,74,17.642993421931624
7,75,17.968815801302156
7,76,15.57783164452852
7,77,12.820863862374528
7,78,13.60127641212296
7,79,13.88025288534533
7,80,10.723830283277284
7,81,8.847733431245024
7,82,11.00697364934681
7,83,11.0455431825607
7,84,7.365712829577125
7,85,8.183022276639715
7,86,11.19629601677749
7,87,9.867652216953658
7,88,8.112686358131656
7,89,11.557954696056902
7,90,13.292697138536642
7,91,12.169834153798861
7,92,13.223709813259271
7,93,16.45685583794522
7,94,17.165597563910442
7,95,16.959795087614435
7,96,19.2379138380166
7,97,21.699055633341718
7,98,22.018116809408216
7,99,23.063347381234134
7,100,25.362322850660078
7,101,27.07112772840862
7,102,27.21902210093036
7,103,25.993411240585225
8,1,11.518840941328829
8,2,10.075410714023333
8,3,8.50518826066723
8,4,6.009450843237191
8,5,5.2226039680836385
8,6,5.184945130080051
8,7,3.8041565840683726
8,9,3.7787200040066478
8,10,5.547540224886554
8,11,5.198930248071293
8,12,6.346038660614458
8,13,8.898707157233984
8,14,10.005167457230216
8,15,10.495095324735338
8,16,12.697507795134301
8,17,14.544316390133645
8,18,15.27478244357639
8,19,16.526209477858814
8,20,18.898185421529174
8,21,19.982644070193377
8,22,20.37589721080652
8,23,22.549273191766318
8,24,24.524484418485024
8,25,25.04969905819681
8,26,25.888857675279024
8,27,28.75296970167379
8,28,30.12101123259082
8,29,30.11320913369415
8,30,31.61227289340883
8,31,34.37689721340188
8,32,37.39825904683276
8,33,36.96497083070202
8,34,39.52944009034489
8,35,38.22114495246463
8,36,34.60989491335855
8,37,32.77824363627786
8,38,29.53391155966156
8,39,31.540340267190878
8,40,30.639976147256515
8,41,27.38383505490709
8,42,26.625502430875667
8,43,27.23181057527468
8,44,25.078279408818858
8,45,22.15171957740307
8,46,22.517313992343922
8,47,23.186943891093282
8,48,19.926751447351318
8,49,17.86439590672504
8,50,19.9687030608706
8,51,19.458946638469286
8,52,15.666526838340983
8,53,15.917316812414272
8,54,18.600600451433834
8,55,21.473234497365233
8,56,24.8513775045739
8,57,27.654714237487266
8,58,31.096801782958785
8,59,31.734921554764952
8,60,29.24659556856981
8,61,28.081395378222425
8,62,28.707937242484906
8,63,32.10545701583522
8,64,32.07266518858039
8,65,30.759589214857296
8,66,28.411835710754225
8,67,27.40064429585441
8,68,26.235183070544313
8,69,24.602354867580726
8,70,22.54904753028854
8,71,21.91181484155914
8,72,20.628833640258406
8,73,18.061570127061504
8,74,16.797054852019453
8,75,16.782374023081296
8,76,14.996082241051324
8,77,12.24131273745435
8,78,11.937532669508435
8,79,12.293677473952103
8,80,9.909295692297725
8,81,7.111393177803759
8,82,8.316331907025608
8,83,9.104953285657482
8,84,5.832218112358499
8,85,5.03904989399605
8,86,8.580193996624788
8,87,8.422543643506044
8,88,6.406744078975638
8,89,9.0807401798418
8,90,11.56551842655332
8,91,11.326915860481728
8,92,11.787067624198924
8,93,14.700292243175776
8,94,16.14501014129936
8,95,16.324654884362133
8,96,18.035673888358907
8,97,20.485913940400987
8,98,21.448994760692177
8,99,22.383305287066054
8,100,24.206705806052703
8,101,26.253139632157588
8,102,26.779774915826646
8,103,25.909271351890187
9,1,11.020064145742715
9,2,10.786191523434058
9,3,9.63605111687771
9,4,8.407371901434743
9,5,6.26614400074931
9,6,4.8165894831706515
9,7,5.275774125816938
9,8,3.7787200040066478
9,10,3.773387731183641
9,11,5.366998601422735
9,12,5.157151404401867
9,13,6.459641045986228
9,14,8.728507735497617
9,15,9.887458566310492
9,16,11.078758233680364
9,17,12.85999585841111
9,18,14.493927379997597
9,19,15.634648896157488
9,20,17.361327416860394
9,21,18.668922560863262
9,22,19.6633973664061
9,23,21.55738506644167
9,24,23.234241236997846
9,25,24.199454718597774
9,26,25.370379856319886
9,27,27.893786212961103
9,28,29.21355924234437
9,29,29.67413859759356
9,30,31.234952197524922
9,31,33.68183395521865
9,32,36.85879737127544
9,33,36.78422691022645
9,34,39.375995493315564
9,35,38.14303806874165
9,36,34.448747724889756
9,37,32.46857539315432
9,38,29.1003081448827
9,39,30.713145267382533
9,40,29.429438348322346
9,41,25.949773441198854
9,42,25.208330324431902
9,43,26.32321907906898
9,44,24.322376654312222
9,45,21.134434499855686
9,46,21.86125429301241
9,47,23.005031745679762
9,48,19.671124362942155
9,49,17.673088245644024
9,50,20.35056534824504
9,51,20.190109001868343
9,52,16.43487715362612
9,53,17.032011065131965
9,54,20.077183486318223
9,55,22.624939507567326
9,56,25.86689141380882
9,57,28.333632068235534
9,58,31.829425179837997
9,59,32.34909108587029
9,60,29.522055989434453
9,61,28.535182502416166
9,62,29.01199015941139
9,63,32.519301632593766
9,64,32.374368155319004
9,65,31.313537263928744
9,66,28.6463749242004
9,67,27.547542476459434
9,68,26.8922278523248
9,69,25.28389721657187
9,70,22.798154443938024
9,71,22.517086561209588
9,72,21.73284362732626
9,73,18.836592391470298
9,74,17.327682692372818
9,75,18.051305479968722
9,76,16.667554206515746
9,77,13.362824029649444
9,78,13.194416311235722
9,79,14.502372770058267
9,80,12.35889840450519
9,81,9.118049723336359
9,82,10.726293921652408
9,83,12.365293885995076
9,84,9.384869246402786
9,85,8.194048097985123
9,86,11.928618596582666
9,87,12.134492819773365
9,88,9.706332549402076
9,89,11.904018928365547
9,90,14.82766920443528
9,91,14.340883162416034
9,92,14.124619038286525
9,93,17.27689571178608
9,94,19.022462866764236
9,95,18.691003025507626
9,96,20.063653644841093
9,97,22.91329807201739
9,98,23.860440254300602
9,99,24.29679239317657
9,100,26.20742462927221
9,101,28.535585492636056
9,102,28.769483871499702
9,103,28.182279112241904
10,1,12.824496834009741
10,2,12.237257691627908
10,3,10.045337623028404
10,4,9.506664858179631
10,5,8.589648319705098
10,6,5.715113265016324
10,7,4.715934556674336
10,8,5.547540224886554
10,9,3.773387731183641
10,11,3.8002962604462898
10,12,5.436852349321003
10,13,5.22160533859255
10,14,6.213575684273726
10,15,8.553614242418515
10,16,10.14252127976085
10,17,10.83843877311393
10,18,12.401926909551717
10,19,14.353333897463132
10,20,15.861021706389597
10,21,16.479702508659802
10,22,17.751727068115887
10,23,20.086039614662806
10,24,21.332871494310407
10,25,21.950650576440875
10,26,23.50190703121164
10,27,26.127116067698218
10,28,27.027219698202007
10,29,27.439522080962202
10,30,29.3598123194605
10,31,31.810480083650084
10,32,34.82956802503641
10,33,34.91379710316609
10,34,37.75014127580078
10,35,36.846477648059
10,36,33.09431891533444
10,37,31.446580297314497
10,38,27.914982825781344
10,39,29.377264773628962
10,40,28.320978224358758
10,41,24.84554392778179
10,42,24.65091117506793
10,43,25.812156609743475
10,44,23.401016612006007
10,45,20.481655685048835
10,46,21.760330123644103
10,47,22.5427997878735
10,48,18.951855062580908
10,49,17.651762052958002
10,50,20.472473244248874
10,51,19.75123681542698
10,52,16.05569723467879
10,53,17.447902345562696
10,54,20.12429906626799
10,55,22.928552832512104
10,56,25.857386590953443
10,57,28.431016418532053
10,58,31.72175750602564
10,59,31.812881100201086
10,60,28.969229161124325
10,61,27.58749110982917
10,62,27.588345455292306
10,63,30.93558905259517
10,64,30.393393204202653
10,65,29.100431850050303
10,66,26.25208894851036
10,67,25.542137088814243
10,68,25.024328846046973
10,69,23.02690019776943
10,70,20.627755107458555
10,71,20.881312933575735
10,72,19.9306584109226
10,73,16.690187085932546
10,74,15.748441767671899
10,75,16.963161388251905
10,76,15.206907203991122
10,77,11.739796520554508
10,78,12.623223613865456
10,79,14.169740285268938
10,80,11.536836574342459
10,81,8.922521107800497
10,82,11.668655452664645
10,83,13.037779997981461
10,84,9.970780411643977
10,85,10.157526838073489
10,86,13.786412730900919
10,87,13.519717906735876
10,88,11.75127315575475
10,89,14.590331008701973
10,90,16.99878065153682
10,91,16.321058926845183
10,92,16.779795638183142
10,93,19.99221126824637
10,94,21.244985350127926
10,95,20.971019211884926
10,96,22.809953873567583
10,97,25.51647676235616
10,98,26.118417036665466
10,99,26.821177338076527
10,100,28.98091303014051
10,101,31.02203286028554
10,102,31.137560165232408
10,103,30.201485113411255
11,1,15.461263635783425
11,2,14.281265304173667
11,3,11.900255022541073
11,4,10.250906513113486
11,5,9.97435953173199
11,6,8.165795163924855
11,7,5.659849440762901
11,8,5.198930248071293
11,9,5.366998601422735
11,10,3.8002962604462898
11,12,3.782338844058965
11,13,5.419585923919142
11,14,5.033669658655689
11,15,5.932444259857953
11,16,8.63131229046275
11,17,9.767135573460672
11,18,10.2753248670812
11,19,12.067604472237765
11,20,14.335718690834334
11,21,14.989616512319865
11,22,15.510849437686653
11,23,17.967361851294296
11,24,19.671873303352115
11,25,20.018342970131183
11,26,21.104545679384987
11,27,23.993524545323027
11,28,25.12514575581394
11,29,25.16444703493603
11,30,26.875699493869753
11,31,29.58542233271271
11,32,32.54973381742533
11,33,32.301252601976934
11,34,35.039189672817415
11,35,33.99580932205284
11,36,30.303608440719724
11,37,28.69686500597533
11,38,25.274243793983405
11,39,27.096397479371735
11,40,26.350589735828798
11,41,23.10117978431015
11,42,22.82991005395868
11,43,23.500353629126003
11,44,20.97320914193052
11,45,18.26354828575799
11,46,19.240260029297588
11,47,19.637010089895668
11,48,16.083786967455552
11,49,14.76983573024962
11,50,17.255264112075913
11,51,16.28653547777418
11,52,12.551521490247593
11,53,13.956785220122834
11,54,16.43946013554606
11,55,19.394176646280727
11,56,22.326328721405975
11,57,25.069677753516686
11,58,28.317200847590758
11,59,28.4534651071694
11,60,25.78779326623177
11,61,24.32608744377227
11,62,24.49935579898449
11,63,27.845770328389836
11,64,27.514411239773867
11,65,26.21182155773819
11,66,23.621407797826684
11,67,22.742042117055174
11,68,21.895371212658027
11,69,20.086073885780735
11,70,17.822615367580458
11,71,17.656401238931757
11,72,16.58302725384521
11,73,13.600382147025607
11,74,12.484560236660037
11,75,13.315093242451784
11,76,11.604787628023228
11,77,8.211085573298044
11,78,8.895028220063198
11,79,10.396511222508252
11,80,7.954926263589641
11,81,5.25610355179366
11,82,8.385109946098579
11,83,9.961712372925277
11,84,7.51834054712773
11,85,8.215282019084592
11,86,11.638523420328342
11,87,11.886324732342688
11,88,11.073667048059434
11,89,13.734084585446427
11,90,15.944197709660907
11,91,16.03431186311562
11,92,16.89618453703393
11,93,19.624233181986266
11,94,20.91189184797322
11,95,21.32184807963322
11,96,23.185075109830855
11,97,25.49156483386237
11,98,26.399484962417766
11,99,27.50183357796144
11,100,29.344419794164036
11,101,31.28256144312541
11,102,31.83461994698893
11,103,30.77452067857718
12,1,16.167053639842177
12,2,15.683178786867959
12,3,14.064632777907399
12,4,12.242402622895707
12,5,10.869478418830528
12,6,9.601053776620688
12,7,8.3053401872977
12,8,6.346038660614458
12,9,5.157151404401867
12,10,5.436852349321003
12,11,3.782338844058965
12,13,3.799009375374637
12,14,5.467546717851688
12,15,5.068978840143966
12,16,6.422270228994064
12,17,8.830207654900228
12,18,9.9858000097977
12,19,10.647498375733141
12,20,12.766278514634092
12,21,14.335863699127422
12,22,14.889434323156827
12,23,16.638335579456868
12,24,18.637204462864535
12,25,19.643081458959152
12,26,20.492476578287164
12,27,23.025229193517763
12,28,24.59272141884451
12,29,24.990760940502607
12,30,26.3195662794092
12,31,28.802023670961173
12,32,32.02254378627583
12,33,31.84387953862087
12,34,34.33168755792881
12,35,33.01949177619576
12,36,29.33896649557393
12,37,27.31970162993737
12,38,23.978402327908764
12,39,25.693703518666357
12,40,24.526141091585842
12,41,21.166756636047356
12,42,20.42389911510731
12,43,21.31106748103911
12,44,19.231560030785488
12,45,16.122845381611615
12,46,16.860940672251324
12,47,17.8746641229456
12,48,14.514638876913132
12,49,12.636894467778289
12,50,15.46266650004549
12,51,15.294461837416627
12,52,11.621858329325201
12,53,12.64406277927212
12,54,15.742692812914001
12,55,18.128313296695325
12,56,21.153821514238764
12,57,23.50851503068282
12,58,26.945727493046412
12,59,27.336262703277644
12,60,24.4267993002503
12,61,23.475851736141166
12,62,23.99841562838843
12,63,27.57118396882116
12,64,27.58738258152803
12,65,26.792923815520517
12,66,24.188754814738925
12,67,22.77571984363547
12,68,22.230729262715275
12,69,20.96351112971581
12,70,18.245244594478187
12,71,17.76864757545707
12,72,17.431294751249183
12,73,14.680334484645169
12,74,12.643286737673238
12,75,13.6359891380649
12,76,12.953761247069622
12,77,9.45672915146581
12,78,8.905590697556045
12,79,11.167268670579261
12,80,9.892530606615601
12,81,6.36426440254713
12,82,8.389127732828673
12,83,11.123578440971954
12,84,9.362645423987399
12,85,8.584038728080566
12,86,12.18213749781191
12,87,13.404418111306658
12,88,12.212877163646853
12,89,14.016985005197869
12,90,16.85663602790031
12,91,17.358572578174105
12,92,17.50899948705497
12,93,20.07034146633996
12,94,21.977525509457678
12,95,22.372956392230588
12,96,23.672502014171013
12,97,26.139270320117458
12,98,27.47094731126569
12,99,28.23920984912187
12,100,29.776557778745957
12,101,32.082337326059175
12,102,32.74786713300956
12,103,32.08435747351284
13,1,16.8580254764604
13,2,16.87020036516269
13,3,15.115725181775431
13,4,14.18090663631444
13,5,12.666942254519128
13,6,10.41265770362677
13,7,9.621093932250336
13,8,8.898707157233984
13,9,6.459641045986228
13,10,5.22160533859255
13,11,5.419585923919142
13,12,3.799009375374637
13,14,3.7930491767223105
13,15,5.436321432594117
13,16,5.329773112874701
13,17,6.570456559533772
13,18,8.961531275836704
13,19,10.118352211809258
13,20,11.171255814595787
13,21,12.477173819474762
13,22,13.95591569044921
13,23,15.696989800299821
13,24,17.015027925823105
13,25,18.24831646663228
13,26,19.721003647177792
13,27,21.951745804748406
13,28,23.15780184833585
13,29,23.992880051919858
13,30,25.629537980542814
13,31,27.788637500412825
13,32,31.03474634511937
13,33,31.305320285761667
13,34,33.97259702878068
13,35,32.96161060542174
13,36,29.194378431920242
13,37,27.283153655171112
13,38,23.745090840994767
13,39,24.945123017769294
13,40,23.55153171719391
13,41,19.971391148948577
13,42,19.65500205199265
13,43,21.10856236909391
13,44,18.924752822358485
13,45,15.789409298337393
13,46,17.306164642002358
13,47,18.514347164338936
13,48,15.006009218595395
13,49,13.79586553601751
13,50,17.112125565724064
13,51,16.8783674001782
13,52,13.480402845980292
13,53,15.206274166632268
13,54,18.177013955801133
13,55,20.400682410766606
13,56,23.04555692119002
13,57,25.143272898949547
13,58,28.433242192002304
13,59,28.448871723859792
13,60,25.284076271337753
13,61,24.241616083025995
13,62,24.293525935303183
13,63,27.80512149932506
13,64,27.443548241353735
13,65,26.71361550821635
13,66,23.72591827671961
13,67,22.530427822379238
13,68,22.551843530176363
13,69,21.047637803210133
13,70,18.056068518042046
13,71,18.310613467130764
13,72,18.281470148280683
13,73,15.097330822714863
13,74,13.354578132536446
13,75,15.27045052263605
13,76,14.622097157895034
13,77,10.850652803343934
13,78,11.216228309631711
13,79,13.96306899198167
13,80,12.463849298567844
13,81,9.43457081376959
13,82,12.003703747468366
13,83,14.572947459629885
13,84,12.547595250912604
13,85,12.152462468964503
13,86,15.826724122587276
13,87,16.667396554525077
13,88,15.223056333040272
13,89,17.319504737687197
13,90,20.16137536727119
13,91,20.21430050771919
13,92,20.300877809372672
13,93,23.17485158337661
13,94,24.967139803951575
13,95,24.979500547066927
13,96,26.360453211169368
13,97,29.06268064088018
13,98,30.141285938861255
13,99,30.70796397941198
13,100,32.498613225895824
13,101,34.83172990552998
13,102,35.18898427763945
13,103,34.52268565253902
14,1,18.988169161934547
14,2,18.37580967142923
14,3,15.94240768321326
14,4,14.953002118301338
14,5,14.369118176051966
14,6,11.890781854553028
14,7,9.977147384836039
14,8,10.005167457230216
14,9,8.728507735497617
14,10,6.213575684273726
14,11,5.033669658655689
14,12,5.467546717851688
14,13,3.7930491767223105
14,15,3.7914698158016242
14,16,5.390388250541607
14,17,4.992041495010798
14,18,6.251637951976656
14,19,8.60932570332898
14,20,10.032427172653795
14,21,10.339126195980562
14,22,11.588995183094804
14,23,14.063222082047462
14,24,15.206265652958386
14,25,15.74802860810674
14,26,17.351065164846965
14,27,19.95163118110582
14,28,20.823277400625564
14,29,21.290612341293798
14,30,23.218329558286978
14,31,25.610883847225658
14,32,28.633672128040175
14,33,28.815010590986997
14,34,31.69357869433709
14,35,30.933232638168466
14,36,27.14997211909231
14,37,25.647347344855312
14,38,22.02133205920481
14,39,23.350435149411933
14,40,22.474130100063505
14,41,19.09808726433909
14,42,19.33855391394486
14,43,20.424035517321
14,44,17.70126410040587
14,45,15.088735432607416
14,46,16.92374181819712
14,47,17.397854382896803
14,48,13.673387027508799
14,49,13.259701775148423
14,50,16.334659997479797
14,51,15.307726828142652
14,52,12.029898883654251
14,53,14.474487056786465
14,54,16.836737437056804
14,55,19.409821722773334
14,56,21.747839237093935
14,57,24.096335181144006
14,58,27.130951388760487
14,59,26.773090110195454
14,60,23.77395274409491
14,61,22.235640853527553
14,62,21.89541905126918
14,63,25.220285672235665
14,64,24.561605152126806
14,65,23.516162458014403
14,66,20.501055895243205
14,67,19.658453650053413
14,68,19.560678745877627
14,69,17.706650384617205
14,70,14.918621038376292
14,71,15.5195533098431
14,72,15.174264072092981
14,73,11.753548703594335
14,74,10.615317541013821
14,75,12.836076601577528
14,76,11.819307553471093
14,77,8.057404673832464
14,78,9.523607165738948
14,79,12.286136383720704
14,80,10.564824353759393
14,81,8.47500043374222
14,82,11.775309368106829
14,83,13.923193668934365
14,84,12.176390170482078
14,85,12.869238478570745
14,86,16.22279258428477
14,87,16.786073885931913
14,88,16.08458890412561
14,89,18.573401947425143
14,90,20.912900786325956
14,91,21.057506711409818
14,92,21.78605736657692
14,93,24.543841964359675
14,94,25.935976300320323
14,95,26.25555505092926
14,96,28.031738936843983
14,97,30.4495939494962
14,98,31.36345184282509
14,99,32.333231437063574
14,100,34.20334554154608
14,101,36.23567989930884
14,102,36.69380255524142
14,103,35.677546540072086
15,1,20.793380020575263
15,2,20.019063850156915
15,3,17.807017781626094
15,4,16.057175692521955
15,5,15.430709183583929
15,6,13.750402678979556
15,7,11.588313415136886
15,8,10.495095324735338
15,9,9.887458566310492
15,10,8.553614242418515
15,11,5.932444259857953
15,12,5.068978840143966
15,13,5.436321432594117
15,14,3.7914698158016242
15,16,3.7948957419410574
15,17,5.302942984634159
15,18,5.087993075213421
15,19,6.145148298761886
15,20,8.748636333833367
15,21,9.82811110508675
15,22,9.956769628770665
15,23,12.103451080803469
15,24,14.105815834132654
15,25,14.745221925413782
15,26,15.554620628238952
15,27,18.278262353685335
15,28,19.73671681902394
15,29,19.961506211406956
15,30,21.381275366520498
15,31,23.963474942695548
15,32,27.086128298503297
15,33,26.90138555476985
15,34,29.514705108296685
15,35,28.405544374865578
15,36,24.680258045717874
15,37,22.94439807084391
15,38,19.47662983422968
15,39,21.21283101911661
15,40,20.434704979576146
15,41,17.25118712374512
15,42,17.061113848216827
15,43,17.673678465147542
15,44,15.069084313576404
15,45,12.415814080647337
15,46,13.717270241264782
15,47,14.094738391438513
15,48,10.437471379911253
15,49,9.651444847959702
15,50,12.602067248532741
15,51,11.738129808448113
15,52,8.381622103641371
15,53,10.76836937833789
15,54,13.260369915046548
15,55,15.674654473229179
15,56,18.094916826156112
15,57,20.439267827935854
15,58,23.576064120992346
15,59,23.44925192542269
15,60,20.49032652271891
15,61,19.165069200938895
15,62,19.28500099340729
15,63,22.78670595310111
15,64,22.6154273908811
15,65,21.856100954038844
15,66,19.169612684431264
15,67,17.766744744678725
15,68,17.415892465376455
15,69,16.152134024589852
15,70,13.253790029728243
15,71,13.046214020489732
15,72,13.035318068229818
15,73,10.145101125512237
15,74,8.004737098694743
15,75,9.904740449046196
15,76,9.719726571315235
15,77,6.079034173392777
15,78,6.376586028240223
15,79,9.685450088403478
15,80,9.058113477353896
15,81,6.81283300725892
15,82,9.53020490787754
15,83,12.259355950344244
15,84,11.484769371152023
15,85,11.876445720296946
15,86,14.877069621889092
15,87,16.187838674946267
15,88,15.974839493474722
15,89,17.912035208552094
15,90,20.285618592704115
15,91,21.113222740070114
15,92,21.80201701257427
15,93,24.105805797687243
15,94,25.75736710848721
15,95,26.54084035835707
15,96,28.07849608162946
15,97,30.24822384864807
15,98,31.55897802426113
15,99,32.666679100511345
15,100,34.15916425818013
15,101,36.258648760065
15,102,37.09132981911541
15,103,36.169978915599096
16,1,21.906065611439967
16,2,21.761861860399566
16,3,19.939625362126932
16,4,18.46363565629686
16,5,17.164264033583677
16,6,15.387879300033303
16,7,14.002294377757499
16,8,12.697507795134301
16,9,11.078758233680364
16,10,10.14252127976085
16,11,8.63131229046275
16,12,6.422270228994064
16,13,5.329773112874701
16,14,5.390388250541607
16,15,3.7948957419410574
16,17,3.817596787667629
16,18,5.560932220294805
16,19,5.109582999481838
16,20,6.425166788355354
16,21,8.611858165156294
16,22,9.496372728742728
16,23,10.65880066064077
16,24,12.49215411644551
16,25,14.066201294370838
16,26,15.043975224663685
16,27,17.10730760459771
16,28,18.77489096917917
16,29,19.678009821506055
16,30,20.89219109249292
16,31,22.990695780275345
16,32,26.369911086640183
16,33,26.556453492547107
16,34,29.022185095642442
16,35,27.857423078397243
16,36,24.11424126307879
16,37,22.044157046707507
16,38,18.548980039221515
16,39,19.785281311777684
16,40,18.390327156087302
16,41,14.90514836662349
16,42,14.511888116923538
16,43,15.799514970325099
16,44,13.618717995591725
16,45,10.466852587156932
16,46,12.167503352252584
16,47,13.404831342505458
16,48,9.969286333556866
16,49,9.143286059164923
16,50,12.745779744068441
16,51,12.743497497273081
16,52,9.953381006285866
16,53,12.176686316277891
16,54,15.006703786987778
16,55,16.663010263672618
16,56,18.84116612888399
16,57,20.567751060750556
16,58,23.735879797694
16,59,23.608638457235255
16,60,20.274313941133247
16,61,19.43550524673398
16,62,19.580369612338707
16,63,23.195750624609353
16,64,23.113986998833326
16,65,22.895754501044667
16,66,20.010590849318046
16,67,18.269400590847056
16,68,18.61380247261175
16,69,17.747179185081016
16,70,14.370877695541106
16,71,14.375668142312133
16,72,15.249979011104578
16,73,12.504968124437715
16,74,9.951731604561708
16,75,12.370466675882245
16,76,12.975856480517153
16,77,9.55911568394291
16,78,9.347410494826436
16,79,12.932437232948686
16,80,12.751500067858169
16,81,10.188142356409104
16,82,12.320990206922405
16,83,15.4768058078773
16,84,14.680908252729786
16,85,14.364330693239056
16,86,17.5483258626664
16,87,19.156572131102035
16,88,18.47200188196334
16,89,20.07909034858058
16,90,22.85730571850573
16,91,23.654196370081397
16,92,23.84965864602482
16,93,26.228283942773373
16,94,28.222289641861735
16,95,28.768568638686403
16,96,29.977386159835607
16,97,32.38859916767732
16,98,33.84324235767245
16,99,34.60834608741037
16,100,36.03083813724538
16,101,38.40103522143023
16,102,39.1391000893547
16,103,38.49536071753339
17,1,23.25365494446092
17,2,23.0353675587122
17,3,20.798649246180464
17,4,19.82096451124532
17,5,18.904054975038715
17,6,16.501890332357274
17,7,14.912137946441536
17,8,14.544316390133645
17,9,12.85999585841111
17,10,10.83843877311393
17,11,9.767135573460672
17,12,8.830207654900228
17,13,6.570456559533772
17,14,4.992041495010798
17,15,5.302942984634159
17,16,3.817596787667629
17,18,3.8076354170932563
17,19,5.36393671083971
17,20,5.301856632952447
17,21,5.91666478747166
17,22,7.928555550582305
17,23,9.80379215554338
17,24,10.582593015802804
17,25,11.78915348221947
17,26,13.612580339356589
17,27,15.67783378010575
17,28,16.64171435528087
17,29,17.687742503245868
17,30,19.47916454859332
17,31,21.45503129835243
17,32,24.661259108397758
17,33,25.20142128497877
17,34,28.008513229464878
17,35,27.332919515470028
17,36,23.526418863748724
17,37,21.928050623269588
17,38,18.223003822975222
17,39,19.050587972202496
17,40,17.895772248131966
17,41,14.407186816074315
17,42,14.980893509449285
17,43,16.471234651533717
