1,2,3.809473534463284
1,3,6.922847925691042
1,4,7.9127655932946555
1,5,5.5284665607346835
1,6,6.824899851938046
1,7,9.967151498828516
1,8,10.628921436914581
1,9,9.963431965823812
1,10,12.4657083711365
1,11,14.773237602749118
1,12,14.960510487632737
1,13,15.827669638157
1,14,18.28217021664438
1,15,19.969179024217624
1,16,20.371404133365107
1,17,21.575008084479073
1,18,23.92181740819983
1,19,25.546801410282164
1,20,26.569183989912382
1,21,30.169708469949132
1,22,31.84399854743734
1,23,29.93292242424622
1,24,29.44598515257112
1,25,28.145603859566126
1,26,28.674463182106592
1,27,28.23141962747594
1,28,24.808566264228052
1,29,23.7206948454967
1,30,25.237286191523168
1,31,23.45708194914575
1,32,20.07348497372676
1,33,21.432735167044076
1,34,22.811195161536293
1,35,19.59449156694958
1,36,17.902450277255408
1,37,21.05792550404456
1,38,20.656371218542105
1,39,17.208676304281354
1,40,16.931398745837946
1,41,14.591631272310917
1,42,14.719112902815306
1,43,15.629647667710598
1,44,12.682576692932663
1,45,10.462495164726784
1,46,13.073417992688539
1,47,13.348208556075345
1,48,9.905281883204854
1,49,11.389285457716095
1,50,14.937064195246121
1,51,15.676538293018622
1,52,15.499628365354361
1,53,17.80156935036862
1,54,20.009984171103245
1,55,20.32536290815435
1,56,21.493335161247444
1,57,23.88814761226992
1,58,25.36466210515488
1,59,26.026239450439757
1,60,28.015958868421695
1,61,30.89510518034481
1,62,30.27483395089341
1,63,33.909194371936906
1,64,33.764902202833674
1,65,32.51777337185482
1,66,33.44666635444249
1,67,31.220308815511277
1,68,28.094625512808875
1,69,29.513267813382335
1,70,29.99746794988544
1,71,26.61467296665278
1,72,24.568226360193915
1,73,26.97970923291667
1,74,26.330136846068385
1,75,22.563889845791767
1,76,22.724196873266813
1,77,25.111777829608503
1,78,22.908117035891888
1,79,20.127829411126058
1,80,22.929624988297878
1,81,24.493238481202333
1,82,21.436009756945698
2,1,3.809473534463284
2,3,3.8363493662008943
2,4,5.356661594081925
2,5,5.061065437196878
2,6,6.560537447456996
2,7,8.574869393616707
2,8,10.014559660540971
2,9,10.575956468153938
2,10,12.500320906715544
2,11,14.343012608474663
2,12,15.380823635398531
2,13,16.666992510085052
2,14,18.43576880852479
2,15,20.17215275279589
2,16,21.26693274439563
2,17,22.446176025920693
2,18,24.287468006363103
2,19,26.16653204754856
2,20,27.632693981072997
2,21,31.18172659222413
2,22,32.93109180036107
2,23,30.72590815372489
2,24,29.890233453921596
2,25,28.151411129862254
2,26,28.396792425756992
2,27,27.50638565248815
2,28,24.244447879723854
2,29,23.32001960333309
2,30,24.31263466931485
2,31,22.222582738440078
2,32,19.099846957965276
2,33,20.33200801535225
2,34,21.124303579105526
2,35,17.71495350034411
2,36,16.236845868421714
2,37,19.08381397199033
2,38,18.125724882942897
2,39,14.604779433407856
2,40,14.1018168644504
2,41,12.313599130498401
2,42,12.724946488751035
2,43,14.48406575100818
2,44,11.921528138784337
2,45,9.423635944088042
2,46,12.508786838283806
2,47,13.660806083307847
2,48,10.88715134394046
2,49,12.198923846093074
2,50,15.949622834186295
2,51,17.095724194071018
2,52,16.171415491046965
2,53,18.11745570464092
2,54,20.888010780445686
2,55,21.082571395987312
2,56,21.591628716678
2,57,24.199546760365287
2,58,26.013829289757357
2,59,26.311077845694413
2,60,27.961502878357713
2,61,31.113764660312032
2,62,30.51931181929127
2,63,34.022656159511975
2,64,33.83932101888431
2,65,32.184314383812016
2,66,32.86707861148625
2,67,30.336720748003476
2,68,27.5219836602732
2,69,29.066966988526342
2,70,29.089290410742745
2,71,25.54217386515545
2,72,23.945782982483546
2,73,26.312192439284594
2,74,25.15219829606499
2,75,21.476274687861476
2,76,22.15778323536441
2,77,24.216436876416672
2,78,21.569357546695112
2,79,19.234680187612327
2,80,22.35895848069826
2,81,23.41661643277296
2,82,20.187409367528325
3,1,6.922847925691042
3,2,3.8363493662008943
3,4,3.830753528674928
3,5,5.440494689279173
3,6,5.371321034660675
3,7,6.083122056474424
3,8,8.70499323672894
3,9,9.839240629314869
3,10,10.685455403748879
3,11,12.35938204127792
3,12,14.277525651498218
3,13,15.469000656089694
3,14,16.512262309393087
3,15,18.54209917194739
3,16,20.159711481907173
3,17,21.004562603205848
3,18,22.41849287181423
3,19,24.671744440130638
3,20,26.376218737376437
3,21,29.88950149657937
3,22,31.51621652771022
3,23,28.990244754917743
3,24,27.98762410322855
3,25,25.877503804134008
3,26,26.09430228959494
3,27,24.808564990161308
3,28,21.608366516957968
3,29,21.06333609419122
3,30,21.793898326296766
3,31,19.33286956626832
3,32,16.55204777630773
3,33,18.068803414443916
3,34,18.395197310204647
3,35,14.782120112464433
3,36,13.933526644852103
3,37,16.788627392222253
3,38,15.429190560308662
3,39,12.242976400153367
3,40,12.423589291363848
3,41,11.524837459044038
3,42,13.010747295320217
3,43,15.44281481791854
3,44,13.684586762035002
3,45,10.556564341670635
3,46,13.167294680194779
3,47,15.229529524916318
3,48,12.803882731654772
3,49,13.130580883875368
3,50,16.94497186027076
3,51,17.768780298089393
3,52,16.051745842844422
3,53,18.098893787181364
3,54,21.102121212924775
3,55,20.72642269128667
3,56,20.846374592594177
3,57,23.847030040414122
3,58,25.587043604028803
3,59,25.326731038792396
3,60,26.939191349513017
3,61,30.14118327239274
3,62,29.260352317297784
3,63,32.5862479442608
3,64,32.121004333232165
3,65,30.225580775153283
3,66,30.9585272790524
3,67,28.158351045061416
3,68,25.594765937932355
3,69,27.501107200901615
3,70,27.34234103859231
3,71,23.64883144985795
3,72,22.518770313236942
3,73,25.145233158979618
3,74,23.76732708570057
3,75,20.203555957843353
3,76,21.494692630593892
3,77,23.5856669717958
3,78,20.795198628770294
3,79,19.005744073845342
3,80,22.47952735744217
3,81,23.39324372850574
3,82,20.3632384267344
4,1,7.9127655932946555
4,2,5.356661594081925
4,3,3.830753528674928
4,5,3.8069378405570236
4,6,5.537031054825981
4,7,4.821776193723912
4,8,6.05358434471015
4,9,8.321588807454608
4,10,9.760804122220975
4,11,10.385502241158747
4,12,12.060151314635478
4,13,14.101371886785248
4,14,15.089616480376021
4,15,16.432198043915452
4,16,18.262175136115342
4,17,19.692809224325018
4,18,20.863061945951813
4,19,22.720129906378382
4,20,24.76285470594628
4,21,28.10583413243021
4,22,30.11481399976232
4,23,27.78536604748566
4,24,26.42131222902066
4,25,24.3947792208699
4,26,24.15740915668175
4,27,23.089233428512138
4,28,20.127753266973837
4,29,19.018267047513564
4,30,19.533607583437654
4,31,17.51759776184258
4,32,14.469544913557945
4,33,15.339486770695073
4,34,15.921445397320204
4,35,12.598069395864067
4,36,10.977294426825816
4,37,13.73676482519804
4,38,12.861378761823767
4,39,9.391125988817238
4,40,9.487704577329914
4,41,8.02198890550409
4,42,9.787813516063373
4,43,12.121821979738085
4,44,10.891539343492536
4,45,7.370937532101685
4,46,9.569279909302207
4,47,12.066055153418985
4,48,10.170602107452721
4,49,10.131754363509748
4,50,13.8189363032424
4,51,14.990342654021612
4,52,13.036128451077666
4,53,14.65187515532504
4,54,17.883857958067246
4,55,17.732706286511476
4,56,17.53131510451057
4,57,20.401836688230325
4,58,22.411434489973573
4,59,22.26102784208729
4,60,23.605910921307057
4,61,26.936799717323808
4,62,26.35484674475572
4,63,29.698692538525414
4,64,29.545992953396794
4,65,27.566967257465464
4,66,28.01891307476011
4,67,25.339104977505407
4,68,22.74004130896153
4,69,24.338409398869963
4,70,24.0752874268402
4,71,20.454204746479757
4,72,19.177797159514835
4,73,21.588608161364693
4,74,20.186278842984755
4,75,16.589348115911278
4,76,17.771935658324953
4,77,19.786333258858225
4,78,17.020510560837266
4,79,15.175694974941802
4,80,18.669021717979078
4,81,19.61837073144115
4,82,16.685293293831517
5,1,5.5284665607346835
5,2,5.061065437196878
5,3,5.440494689279173
5,4,3.8069378405570236
5,6,3.8300015603445403
5,7,5.344496546650421
5,8,5.287338148997404
5,9,5.959199030146806
5,10,8.532548048810105
5,11,9.880535053284262
5,12,10.467641037008066
5,13,12.189361759084969
5,14,14.080525354388143
5,15,15.39515885473715
5,16,16.47303998652157
5,17,18.01899521426428
5,18,19.79461187048745
5,19,21.38736708174247
5,20,22.99800175006158
5,21,26.45366957539173
5,22,28.432701163762662
5,23,26.393963038576793
5,24,25.37806542927674
5,25,23.82582152538873
5,26,23.91019782873468
5,27,23.37485837885004
5,28,20.173963027744016
5,29,18.82904343269798
5,30,20.023416863696013
5,31,18.384650464577298
5,32,14.935295074457317
5,33,16.003318403036882
5,34,17.394139781468358
5,35,14.325058163957292
5,36,12.405070732385353
5,37,15.611486928077953
5,38,15.501921683263134
5,39,12.203940073331337
5,40,12.51055406004034
5,41,10.224273079168618
5,42,11.406668068021196
5,43,12.67449787827661
5,44,10.851392854068475
5,45,7.415977039134956
5,46,9.199775902509263
5,47,10.777628281250522
5,48,7.923692731210769
5,49,7.879731597474697
5,50,11.714072051101118
5,51,12.457209730410298
5,52,11.194133313237813
5,53,13.391601447266641
5,54,16.099432825171423
5,55,16.060200469697694
5,56,16.657219777951884
5,57,19.362729140707412
5,58,21.02159743147549
5,59,21.28842126248049
5,60,23.068624374741752
5,61,26.12980013051669
5,62,25.507730973872626
5,63,29.049082514740938
5,64,28.942772909144175
5,65,27.418589368525854
5,66,28.167409654421036
5,67,25.835176679485308
5,68,22.823657374999637
5,69,24.286369005256454
5,70,24.591246347165967
5,71,21.145563466590257
5,72,19.26940062971295
5,73,21.777635034277786
5,74,21.01018888873496
5,75,17.25302257590016
5,76,17.767973096829767
5,77,20.242809387446712
5,78,18.014447356607235
5,79,15.542658504330443
5,80,18.702531644231055
5,81,20.298455934900545
5,82,17.53095532113163
6,1,6.824899851938046
6,2,6.560537447456996
6,3,5.371321034660675
6,4,5.537031054825981
6,5,3.8300015603445403
6,7,3.8096918145514143
6,8,5.545209544076031
6,9,4.900404476763257
6,10,6.0339207261150785
6,11,8.55401768070712
6,12,9.77915002599077
6,13,10.415176983365145
6,14,12.06789377981072
6,15,14.22451088467192
6,16,15.282341039723573
6,17,16.05879998637874
6,18,17.922001345347027
6,19,20.04604609495943
6,20,21.40611377305038
6,21,25.00691133244618
6,22,26.56763213432725
6,23,24.234286897249795
6,24,23.50424561857652
6,25,21.807791828369268
6,26,22.37493950424423
6,27,21.641768300262857
6,28,18.17555914578846
6,29,17.444315378858946
6,30,18.954181839640658
6,31,16.899105395132388
6,32,13.687570800284904
6,33,15.632596552866104
6,34,16.896220847715636
6,35,13.60855699994414
6,36,12.614564610698183
6,37,16.18158045531781
6,38,15.888192976914619
6,39,13.151147002480634
6,40,14.337820080804288
6,41,12.807188906571135
6,42,14.673963445859204
6,43,16.235594637025347
6,44,14.64939739781512
6,45,11.09896648803028
6,46,12.468010098144543
6,47,14.25121270034849
6,48,11.287586126669819
6,49,10.46167108366215
6,50,14.12852708414916
6,51,13.929061215923152
6,52,12.309749407946356
6,53,15.149765080288079
6,54,17.568959137509445
6,55,16.727668765518967
6,56,17.536837186706794
6,57,20.647568438430703
6,58,21.78714050699117
6,59,21.567731039606933
6,60,23.737799798220713
6,61,26.57386384719212
6,62,25.39852134853499
6,63,28.83580538593724
6,64,28.236023071945418
6,65,26.801352767428668
6,66,27.982995519672833
6,67,25.50674292570385
6,68,22.52975082286286
6,69,24.513141590540975
6,70,25.0424095570057
6,71,21.5056665128708
6,72,19.894444228255136
6,73,22.88262555732538
6,74,22.269652819938212
6,75,18.589851927017257
6,76,19.495631199533584
6,77,22.27741800681136
6,78,20.187309175309466
6,79,18.06241147446428
6,80,21.36836473894054
6,81,23.096231601741124
6,82,20.58707908024978
7,1,9.967151498828516
7,2,8.574869393616707
7,3,6.083122056474424
7,4,4.821776193723912
7,5,5.344496546650421
7,6,3.8096918145514143
7,8,3.796501280112315
7,9,5.433906004448412
7,10,5.295716536250706
7,11,6.30651742845055
7,12,8.722863880816313
7,13,10.09718537474364
7,14,10.633701837055842
7,15,12.553192762421789
7,16,14.508484875117796
7,17,15.407073837566383
7,18,16.494220872351015
7,19,18.740423900805332
7,20,20.689843082238575
7,21,24.094332571555615
7,22,25.839340038340854
7,23,23.297792818715727
7,24,22.052657663377644
7,25,19.936826467651514
7,26,20.05191516647404
7,27,18.95545489954009
7,28,15.741471966283322
7,29,15.003769057962472
7,30,15.9478050547153
7,31,13.71784106976027
7,32,10.65768639614955
7,33,12.450480334647867
7,34,13.29793890944456
7,35,9.890539554607209
7,36,9.107538600888208
7,37,12.616727588788091
7,38,12.182196439551758
7,39,9.73658629482038
7,40,11.541043833140629
7,41,10.66410570643191
7,42,13.347543775707413
7,43,15.368696389906312
7,44,14.642058580406367
7,45,10.82261841065153
7,46,11.668154020135825
7,47,14.331973689779016
7,48,12.195133676276939
7,49,10.699442963773711
7,50,14.157730066481227
7,51,14.12937881171272
7,52,11.592816212632343
7,53,14.008691244304933
7,54,16.858285113116025
7,55,15.717700344779004
7,56,15.755840609600705
7,57,19.119866637310732
7,58,20.48019148549781
7,59,19.77657370557199
7,60,21.609584880722494
7,61,24.648210490131852
7,62,23.464618144569773
7,63,26.722412412395585
7,64,26.09881850178975
7,65,24.2676350322535
7,66,25.219685004994236
7,67,22.49068344182049
7,68,19.79567268668761
7,69,21.924321453981186
7,70,22.08654666304734
7,71,18.41971105749257
7,72,17.260163963872273
7,73,20.30240014394201
7,74,19.350887721821973
7,75,15.808457279229623
7,76,17.294640975049823
7,77,19.916087464999595
7,78,17.652068081432976
7,79,16.097369651781705
7,80,19.66694788715759
7,81,21.123988873927292
7,82,18.82505066932782
8,1,10.628921436914581
8,2,10.014559660540971
8,3,8.70499323672894
8,4,6.05358434471015
8,5,5.287338148997404
8,6,5.545209544076031
8,7,3.796501280112315
8,9,3.7693817665314078
8,10,5.353622109320952
8,11,4.944113289618682
8,12,6.0374395815956
8,13,8.560336981352721
8,14,9.637592963370011
8,15,10.523371196220895
8,16,12.28183937909323
8,17,14.027329391207823
8,18,15.191747815335647
8,19,16.760126859268137
8,20,18.8561255378979
8,21,22.12979583111237
8,22,24.29724701115245
8,23,22.167485551498814
8,24,20.724270462700815
8,25,19.01823084870002
8,26,18.787739305352694
8,27,18.299244434865344
8,28,15.278704390690384
8,29,13.668242815890197
8,30,14.78693899700558
8,31,13.422816794247277
8,32,9.816700087269478
8,33,10.819491532036041
8,34,12.573879773370532
8,35,9.87816789888726
8,36,7.864190403444816
8,37,11.465918222636459
8,38,12.120674701478269
8,39,9.647020029280743
8,40,11.326636243619737
8,41,9.559798722093044
8,42,12.047705979673266
8,43,13.291591276298165
8,44,12.89947449338495
8,45,9.121325625285566
8,46,8.899484180381
8,47,11.47450104960129
8,48,9.639567032826381
8,49,7.369393036142534
8,50,10.551181982134725
8,51,10.515782513223648
8,52,7.860204152462294
8,53,10.248220170713536
8,54,13.088314870940778
8,55,12.180389266873481
8,56,12.32001143560015
8,57,15.521907486150754
8,58,16.987802503149695
8,59,16.64817656887171
8,60,18.46487094728202
8,61,21.521244196025965
8,62,20.65340835762303
8,63,24.080524252989143
8,64,23.850774512254265
8,65,22.192525597277196
8,66,22.995506014811465
8,67,20.61778010019168
8,68,17.60921447041964
8,69,19.29008010068118
8,70,19.68872410701447
8,71,16.20992649964341
8,72,14.45941743052262
8,73,17.350962942476396
8,74,16.782086060218244
8,75,13.090348237084571
8,76,14.03592503722953
8,77,16.901239290753043
8,78,15.033453573156718
8,79,13.078748516351615
8,80,16.449541478312263
8,81,18.327459877928415
8,82,16.30082182008045
9,1,9.963431965823812
9,2,10.575956468153938
9,3,9.839240629314869
9,4,8.321588807454608
9,5,5.959199030146806
9,6,4.900404476763257
9,7,5.433906004448412
9,8,3.7693817665314078
9,10,3.779781815826535
9,11,5.486786920202343
9,12,5.160469465359366
9,13,6.2407978119719045
9,14,8.566462051526685
9,15,10.01739136105818
9,16,10.6986265476133
9,17,12.085295471219222
9,18,14.099097938019177
9,19,15.692131432336557
9,20,17.09353076990448
9,21,20.614030912182002
9,22,22.489786092950148
9,23,20.501578106488026
9,24,19.645511687566906
9,25,18.390806761278032
9,26,18.82793900527266
9,27,18.76753880279363
9,28,15.390517141751573
9,29,13.978728090264205
9,30,15.971718813200173
9,31,14.7396871623044
9,32,11.105294910929485
9,33,12.790651922195204
9,34,15.01997736327552
9,35,12.501761115259916
9,36,10.974669426240576
9,37,14.728658458644713
9,38,15.581306061686131
9,39,13.346692049361609
9,40,15.056634201910267
9,41,13.09970465532296
9,42,15.151010284842384
9,43,15.911406095835462
9,44,14.946692206269415
9,45,11.398579715988419
9,46,11.21901294709412
9,47,12.855235877039277
9,48,10.204001327498942
9,49,7.891274845169658
9,50,10.897474233269124
9,51,9.79925703328361
9,52,7.982578236080831
9,53,11.31692836822738
9,54,13.245286833375332
9,55,12.042549574395407
9,56,13.282270538507793
9,57,16.377332183810122
9,58,17.141065547715645
9,59,17.021387921115867
9,60,19.478163110205006
9,61,22.07448840139355
9,62,20.876893795193723
9,63,24.414519289251118
9,64,23.95733690912464
9,65,22.840857316868007
9,66,24.160705588778356
9,67,22.07735420041761
9,68,18.767965613738152
9,69,20.55184933857174
9,70,21.584900387654834
9,71,18.324873309812567
9,72,16.221205670231054
9,73,19.312332032994988
9,74,19.367205047988584
9,75,15.730352894453112
9,76,16.186337921820122
9,77,19.42831583701688
9,78,18.05044709432578
9,79,15.769215572066388
9,80,18.773999863980304
9,81,21.110292556679934
9,82,19.2235667975356
10,1,12.4657083711365
10,2,12.500320906715544
10,3,10.685455403748879
10,4,9.760804122220975
10,5,8.532548048810105
10,6,6.0339207261150785
10,7,5.295716536250706
10,8,5.353622109320952
10,9,3.779781815826535
10,11,3.824136146013743
10,12,5.423811442836641
10,13,5.128434736296519
10,14,6.060506652513812
10,15,8.661348897126736
10,16,9.957822226004682
10,17,10.335649642683373
10,18,11.925940360612197
10,19,14.2967845951489
10,20,15.78006043157382
10,21,19.331253262127778
10,22,20.833805055498207
10,23,18.353065419638106
10,24,17.500216804278484
10,25,15.796000688667352
10,26,16.544663272616642
10,27,16.050975876686266
10,28,12.467406478026101
10,29,11.808777585151244
10,30,13.878608947277712
10,31,12.110487884988547
10,32,8.883665086319414
10,33,11.525004705875787
10,34,13.361613993130174
10,35,10.73821895083736
10,36,10.371820179166184
10,37,14.203045744582239
10,38,14.79525578961114
10,39,13.291514419949987
10,40,15.756311124831376
10,41,14.650621962492895
10,42,17.343278970902706
10,43,18.616957585689914
10,44,18.006851460360178
10,45,14.265425107074064
10,46,14.060873636878034
10,47,16.209714382169675
10,48,13.833287290725018
10,49,11.32530029415933
10,50,14.073947261107085
10,51,12.61686340877904
10,52,10.171493864678569
10,53,13.449527620831605
10,54,15.323775464906541
10,55,13.293737282991192
10,56,14.176249546704842
10,57,17.673051970398635
10,58,18.077438093378397
10,59,17.168534324234244
10,60,19.74563884422255
10,61,22.197844184384667
10,62,20.44596910939034
10,63,23.720433037741063
10,64,22.723457523474213
10,65,21.469437711976976
10,66,23.101308932340938
10,67,20.73774657965229
10,68,17.674645705916774
10,69,20.07047709033476
10,70,21.086504541934616
10,71,17.72419804181124
10,72,16.21490051346999
10,73,19.7057164689604
10,74,19.676802062720895
10,75,16.29527185712043
10,76,17.4176657130452
10,77,20.688268425918686
10,78,19.295265041548582
10,79,17.642566931981094
10,80,20.848141504518203
10,81,23.018407458943393
10,82,21.356885232195477
11,1,14.773237602749118
11,2,14.343012608474663
11,3,12.35938204127792
11,4,10.385502241158747
11,5,9.880535053284262
11,6,8.55401768070712
11,7,6.30651742845055
11,8,4.944113289618682
11,9,5.486786920202343
11,10,3.824136146013743
11,12,3.8396861099421926
11,13,5.5679968705615455
11,14,5.014039192668534
11,15,6.2899504303330405
11,16,8.775544135960347
11,17,9.953643135167457
11,18,10.532508690132376
11,19,12.554581923275457
11,20,14.85662111816093
11,21,18.06263754461955
11,22,20.050162714366234
11,23,17.64064497507447
11,24,16.051164043823373
11,25,14.129135868413687
11,26,14.074634931299887
11,27,13.581097906643894
11,28,10.405078983981987
11,29,9.01071416991294
11,30,10.61458876176994
11,31,9.273873119122657
11,32,5.622269655264495
11,33,7.7661628802390625
11,34,9.932913982937217
11,35,7.8240312585543625
11,36,7.096461953936374
11,37,10.85104414901148
11,38,12.060972811537024
11,39,11.084727457778442
11,40,13.9330492249884
11,41,13.044072349382356
11,42,16.090450371791462
11,43,17.298285987571038
11,44,17.470426823886825
11,45,13.776165754822324
11,46,12.77084654881379
11,47,15.387623936271456
11,48,13.85710242290531
11,49,10.78027331985609
11,50,12.974063714436847
11,51,11.707978013428876
11,52,8.43073497936194
11,53,11.123694196586142
11,54,13.274402879578908
11,55,11.012453482716094
11,56,11.093331971057806
11,57,14.777306113518394
11,58,15.418598833910576
11,59,14.14768586404974
11,60,16.390317547559306
11,61,19.063256749904554
11,62,17.463040289813566
11,63,20.672115558380295
11,64,19.885362477245845
11,65,18.286657773219687
11,66,19.607391689934815
11,67,17.163699599455317
11,68,14.14789965365513
11,69,16.495374955484607
11,70,17.312205292723405
11,71,13.90778163345395
11,72,12.524220455683178
11,73,16.061663365231407
11,74,15.974526384987811
11,75,12.724929700248811
11,76,14.135588144569356
11,77,17.373445416068893
11,78,16.13056507219104
11,79,14.89565992225183
11,80,18.112601475561053
11,81,20.222279172784862
11,82,18.964910678034304
12,1,14.960510487632737
12,2,15.380823635398531
12,3,14.277525651498218
12,4,12.060151314635478
12,5,10.467641037008066
12,6,9.77915002599077
12,7,8.722863880816313
12,8,6.0374395815956
12,9,5.160469465359366
12,10,5.423811442836641
12,11,3.8396861099421926
12,13,3.8629706924049128
12,14,5.377444016055979
12,15,5.193770684103516
12,16,6.278848542062483
12,17,8.557284423269017
12,18,9.949431417333532
12,19,10.983130335200059
12,20,12.942626505584906
12,21,16.184612545477847
12,22,18.490334547164448
12,23,16.700432455932095
12,24,15.332835680625312
12,25,14.294516370421636
12,26,14.308718739261403
12,27,14.826907395283447
12,28,11.823053027196647
12,29,9.613339240081695
12,30,11.916296748057714
12,31,11.690534443502068
12,32,7.988586809059122
12,33,9.223846366054614
12,34,12.320704734411843
12,35,10.989087869011614
12,36,9.394192294684997
12,37,12.877652007049143
12,38,14.804196416032728
12,39,13.596616164534234
12,40,15.9665335830941
12,41,14.278893095718983
12,42,16.738314472740015
12,43,17.101359134591103
12,44,17.150353635958485
12,45,13.785716845660664
12,46,12.168962199214894
12,47,14.026150666797243
12,48,12.455931696825289
12,49,8.957432129297317
12,50,10.432367251307692
12,51,8.386056055547243
12,52,5.507587199587211
12,53,8.828884566599509
12,54,10.197834367921612
12,55,7.879529086864111
12,56,9.051999718187865
12,57,12.421456443374087
12,58,12.679480758141594
12,59,12.078526336250246
12,60,14.774640342022424
12,61,17.15648048607
12,62,15.750665427598852
12,63,19.2673070747819
12,64,18.835819252755815
12,65,17.83437927876094
12,66,19.272575268493227
12,67,17.476364152030214
12,68,13.968292155831527
12,69,15.739252386551827
12,70,17.210436586180613
12,71,14.261831610006926
12,72,11.952018892663304
12,73,15.299040240861666
12,74,15.997245754437515
12,75,12.716079082448966
12,76,13.099936809209257
12,77,16.710035348428633
12,78,16.129904119964166
12,79,14.29342957753077
12,80,16.982526250316443
12,81,19.681935218761428
12,82,18.685603524372397
13,1,15.827669638157
13,2,16.666992510085052
13,3,15.469000656089694
13,4,14.101371886785248
13,5,12.189361759084969
13,6,10.415176983365145
13,7,10.09718537474364
13,8,8.560336981352721
13,9,6.2407978119719045
13,10,5.128434736296519
13,11,5.5679968705615455
13,12,3.8629706924049128
13,14,3.8434728229287227
13,15,5.4819759684775216
13,16,5.152439659981951
13,17,5.850763665588129
13,18,8.280934227874672
13,19,9.957471972490804
13,20,10.998347225554534
13,21,14.612558060862758
13,22,16.28081907460756
13,23,14.294460516397189
13,24,13.671422472826674
13,25,12.88810042003675
13,26,13.921513662520036
13,27,14.576785212784353
13,28,11.162650284104574
13,29,9.843723483294596
13,30,12.932780049375955
13,31,12.425962014740586
13,32,9.270099118442975
13,33,11.556425366805021
13,34,14.423868524779719
13,35,13.005098245299946
13,36,12.345145127075435
13,37,15.914061250879824
13,38,17.53545541272619
13,39,16.54891443087387
13,40,19.137147078389535
13,41,17.658383475678598
13,42,20.149548072591077
13,43,20.630330330089233
13,44,20.29435184354339
13,45,16.866337524538956
13,46,15.665289994882492
13,47,17.229967835687905
13,48,15.11467660068829
13,49,11.915887227680493
13,50,13.443573199344558
13,51,10.7703715808166
13,52,8.786277359670907
13,53,12.324821246822577
13,54,12.961780413832027
13,55,10.247918835731051
13,56,12.063635798723821
13,57,15.278735193615939
13,58,14.72681493837646
13,59,13.898895502225317
13,60,17.098212801340054
13,61,18.887353784798915
13,62,16.85209590173658
13,63,20.19463733108618
13,64,19.169535747467588
13,65,18.64469372718124
13,66,20.73110625939217
13,67,19.042683860087028
13,68,15.58305146680734
13,69,17.771368526231402
13,70,19.656894758199446
13,71,16.884470808094914
13,72,14.820433586442899
13,73,18.352828835293842
13,74,19.310712601435693
13,75,16.24920930372547
13,76,16.688696812526004
13,77,20.367799356969574
13,78,19.92018928941065
13,79,18.146748290335726
13,80,20.745026496815164
13,81,23.524303619629578
13,82,22.52999363215734
14,1,18.28217021664438
14,2,18.43576880852479
14,3,16.512262309393087
14,4,15.089616480376021
14,5,14.080525354388143
14,6,12.06789377981072
14,7,10.633701837055842
14,8,9.637592963370011
14,9,8.566462051526685
14,10,6.060506652513812
14,11,5.014039192668534
14,12,5.377444016055979
14,13,3.8434728229287227
14,15,3.7940046189662993
14,16,5.596317507284359
14,17,5.297864235028889
14,18,5.91118841391011
14,19,8.582792645440145
14,20,10.437690892515196
14,21,13.756887064707685
14,22,15.319021274243395
14,23,12.731777588416877
14,24,11.49752805317721
14,25,9.86817788103707
14,26,10.768228455682303
14,27,10.913187486770987
14,28,7.385448996104656
14,29,6.5498306672252244
14,30,9.619343066945708
14,31,8.877497963489915
14,32,6.271308238030561
14,33,9.184402095352922
14,34,11.689027204859508
14,35,10.655155119076781
14,36,10.91620467536961
14,37,14.194012123169134
14,38,15.768665214543505
14,39,15.590419374617213
14,40,18.717124238474778
14,41,17.95293219484673
14,42,20.961932194611794
14,43,21.86528819866835
14,44,22.030534526596796
14,45,18.443493620278034
14,46,17.120633413292687
14,47,19.301745113612224
14,48,17.63055949292853
14,49,14.274460380597883
14,50,15.75308228084563
14,51,13.384714251080235
14,52,10.614609965434179
14,53,13.564273170553662
14,54,14.52097643994512
14,55,11.322643608889779
14,56,12.132168243553517
14,57,15.667460667068884
14,58,15.09811019166476
14,59,13.30821155335005
14,60,16.264475057228974
14,61,18.07170386928096
14,62,15.626797700616969
14,63,18.601085155655415
14,64,17.132099495282922
14,65,16.18366219048849
14,66,18.38328823196461
14,67,16.334538693697457
14,68,13.228476684315929
14,69,16.016046213428258
14,70,17.682087387668158
14,71,14.83984148000294
14,72,13.526272288248606
14,73,17.31933137465191
14,74,18.061922369528375
14,75,15.380339955580252
14,76,16.545042091957537
14,77,20.0594695385729
14,78,19.569151762114267
14,79,18.512363681906958
14,80,21.290772230746725
14,81,23.769626951551647
14,82,23.035859919929155
15,1,19.969179024217624
15,2,20.17215275279589
15,3,18.54209917194739
15,4,16.432198043915452
15,5,15.39515885473715
15,6,14.22451088467192
15,7,12.553192762421789
15,8,10.523371196220895
15,9,10.01739136105818
15,10,8.661348897126736
15,11,6.2899504303330405
15,12,5.193770684103516
15,13,5.4819759684775216
15,14,3.7940046189662993
15,16,3.8336028873663506
15,17,5.645349542137101
15,18,5.313655695002099
15,19,6.3631927903504195
15,20,9.132721063695508
15,21,11.989740084204247
15,22,14.366881280107046
15,23,12.401048956774781
15,24,10.448857871770626
15,25,9.34952597567137
15,26,9.207466436739598
15,27,10.263111418739532
15,28,7.655862282793907
15,29,5.000096147391083
15,30,8.140236241199137
15,31,8.917764546664303
15,32,6.23749557974316
15,33,7.615056097013163
15,34,10.944209117542309
15,35,10.958585551996345
15,36,10.454997401040455
15,37,13.221000492673332
15,38,15.617037565740283
15,39,15.684733244950044
15,40,18.69516607391434
15,41,17.714795009065814
15,42,20.5801553105892
15,43,21.014419951135228
15,44,21.65898189748094
15,45,18.361315969436003
15,46,16.306981190860636
15,47,18.3656529667572
15,48,17.32741017783791
15,49,13.633045765755972
15,50,14.243531771979383
15,51,11.778952994412421
15,52,8.897227716069844
15,53,11.229523427394547
15,54,11.764121832616555
15,55,8.248154505802361
15,56,8.83657482605731
15,57,12.239297711048902
15,58,11.471931796963853
15,59,9.515461619721666
15,60,12.54089093790038
15,61,14.298440130881124
15,62,12.00566807409907
15,63,15.167032792759251
15,64,14.13415421508702
15,65,13.248397647340981
15,66,15.26960684910005
15,67,13.622440667806153
15,68,10.150796256893923
15,69,12.555165029257715
15,70,14.568723785730361
15,71,12.088215171262913
15,72,10.33314301012883
15,73,14.042055833486895
15,74,15.30404524168486
15,75,12.907445162605352
15,76,13.696073174975274
15,77,17.296597394040596
15,78,17.392965345807117
15,79,16.448008096425323
15,80,18.816006752767176
15,81,21.501719464477244
15,82,21.283526626959226
16,1,20.371404133365107
16,2,21.26693274439563
16,3,20.159711481907173
16,4,18.262175136115342
16,5,16.47303998652157
16,6,15.282341039723573
16,7,14.508484875117796
16,8,12.28183937909323
16,9,10.6986265476133
16,10,9.957822226004682
16,11,8.775544135960347
16,12,6.278848542062483
16,13,5.152439659981951
16,14,5.596317507284359
16,15,3.8336028873663506
16,17,3.8110861061928247
16,18,5.543669255333109
16,19,5.36170274513133
16,20,6.723654078847198
16,21,9.995918943454356
16,22,12.353868060475392
16,23,11.06909177118095
16,24,10.022407128928553
16,25,10.254200197823938
16,26,10.931279288414393
16,27,12.83300283723916
16,28,10.304738028579228
16,29,8.067791484071122
16,30,11.55758464143931
16,31,12.55568084532784
16,32,10.011784401814637
16,33,11.315219270074051
16,34,14.758453157219
16,35,14.660768890176756
16,36,13.870609410010918
16,37,16.749264649853536
16,38,19.207127869578073
16,39,18.898565784156936
16,40,21.62398840202958
16,41,20.150586135757408
16,42,22.608143684248887
16,43,22.575552733398656
16,44,22.843474995978976
16,45,19.74571379369393
16,46,17.653254505884654
16,47,19.006656618981705
16,48,17.647706287329815
16,49,14.020083591331721
16,50,14.196284789008162
16,51,10.97323874126555
16,52,9.229325529075446
16,53,11.958060545979748
16,54,11.406822292531148
16,55,7.903023323605842
16,56,9.991557929503
16,57,12.70864560303259
16,58,11.10736593255108
16,59,9.96622085341201
16,60,13.590034285260083
16,61,14.627971239676656
16,62,12.282231218108803
16,63,15.575381106049338
16,64,14.613741768142198
16,65,14.721793119028698
16,66,17.097930738736522
16,67,16.15936387467412
16,68,12.524257182879898
16,69,14.3762684472515
16,70,17.01785830566025
16,71,15.043720543375255
16,72,12.728618615528898
16,73,16.085430692426854
16,74,17.93507208084355
16,75,15.549037537554732
16,76,15.526291675829876
16,77,19.2996116259046
16,78,19.79503869104581
16,79,18.332631966245778
16,80,20.27369806089159
16,81,23.367562292050067
16,82,23.190126026853378
17,1,21.575008084479073
17,2,22.446176025920693
17,3,21.004562603205848
17,4,19.692809224325018
17,5,18.01899521426428
17,6,16.05879998637874
17,7,15.407073837566383
17,8,14.027329391207823
17,9,12.085295471219222
17,10,10.335649642683373
17,11,9.953643135167457
17,12,8.557284423269017
17,13,5.850763665588129
17,14,5.297864235028889
17,15,5.645349542137101
17,16,3.8110861061928247
17,18,3.808995896947928
17,19,5.470570359761416
17,20,5.616631996770369
17,21,9.268023776436728
17,22,10.524091012060783
17,23,8.46868366843825
17,24,8.239492437647762
17,25,8.38604660702108
17,26,10.334993663805848
17,27,11.970161123990986
17,28,9.123068279499664
17,29,8.309409934217982
17,30,12.108970628260368
17,31,12.531893137874063
17,32,10.707137637282221
17,33,12.957417326314415
17,34,15.862500052360858
17,35,15.57333691104617
17,36,15.652323338005539
17,37,18.637676888462597
17,38,20.667744619256155
17,39,20.60995207971837
17,40,23.626720772324088
17,41,22.51675590897076
17,42,25.222655695222002
17,43,25.56543219211031
17,44,25.63445473334224
17,45,22.30590015861882
17,46,20.622393650762486
17,47,22.14518606359096
17,48,20.415860316201602
17,49,16.958674330149975
17,50,17.61000564971305
17,51,14.390092687106057
17,52,12.635818949722537
17,53,15.578321652449832
17,54,15.206528000994073
17,55,11.70694180446706
17,56,13.538218485031335
17,57,16.37125624519553
17,58,14.601291293035956
17,59,13.006336272901978
17,60,16.58616715181046
17,61,17.305045765055024
17,62,14.389595949058618
17,63,17.18110221032286
17,64,15.417036611558702
17,65,15.688119162617616
17,66,18.58239337240145
17,67,17.458203681872167
17,68,14.21719807612381
17,69,16.66840275795644
17,70,19.269235022145647
17,71,17.254830430686358
17,72,15.548357633561196
17,73,19.099838476821926
17,74,20.757317441451928
17,75,18.48345300447316
17,76,18.920496467064023
17,77,22.625370387305065
17,78,22.90792054174376
17,79,21.658714441151567
17,80,23.830909193322068
17,81,26.770554536340335
17,82,26.46136105807304
18,1,23.92181740819983
18,2,24.287468006363103
18,3,22.41849287181423
18,4,20.863061945951813
18,5,19.79461187048745
18,6,17.922001345347027
18,7,16.494220872351015
18,8,15.191747815335647
18,9,14.099097938019177
18,10,11.925940360612197
18,11,10.532508690132376
18,12,9.949431417333532
18,13,8.280934227874672
18,14,5.91118841391011
18,15,5.313655695002099
18,16,5.543669255333109
18,17,3.808995896947928
18,19,3.835995024235963
18,20,5.783119664101454
18,21,8.442085333068267
18,22,9.910807300518174
18,23,7.316426141310196
18,24,5.605797483182178
18,25,4.848877348827984
18,26,6.551498296813679
18,27,8.337447301739177
18,28,6.049329506194794
18,29,5.392491263226456
18,30,9.117803013181044
18,31,10.046665313101807
18,32,9.18632174288801
18,33,11.197204919473894
18,34,13.801123022344498
18,35,14.253047013132115
18,36,14.832448245365063
18,37,17.27047099679104
18,38,19.428926323545014
18,39,20.072210216466317
18,40,23.380616377018644
18,41,22.758198898249205
18,42,25.773147096652522
18,43,26.320675825432545
18,44,26.884552841470207
18,45,23.51453011567073
18,46,21.596674166197378
18,47,23.552831532550517
18,48,22.290570093054946
18,49,18.653246616907847
18,50,19.159688233300695
18,51,16.255027722359305
18,52,13.897778111938257
18,53,16.233590573797272
18,54,16.094475707227737
18,55,12.343659946447712
18,56,13.198331766553457
18,57,16.110471616562602
18,58,14.356020997064233
18,59,11.863076617373883
18,60,15.079418420912795
18,61,15.70896758788628
18,62,12.42332765263792
18,63,14.758348015866387
18,64,12.560174980069084
18,65,12.474841469137695
18,66,15.527873093037966
18,67,14.265711374672318
18,68,11.405653824008455
18,69,14.286815282979013
18,70,16.780150624134578
18,71,14.974973636936307
18,72,13.932168472736368
18,73,17.520592984630948
18,74,19.11726212935203
18,75,17.362496065982757
18,76,18.26880650571908
18,77,21.746425436756315
18,78,22.149794555008906
18,79,21.528595511934274
18,80,23.70346467474597
18,81,26.39530413006643
18,82,26.427507875113204
19,1,25.546801410282164
19,2,26.16653204754856
19,3,24.671744440130638
19,4,22.720129906378382
19,5,21.38736708174247
19,6,20.04604609495943
19,7,18.740423900805332
19,8,16.760126859268137
19,9,15.692131432336557
19,10,14.2967845951489
19,11,12.554581923275457
19,12,10.983130335200059
19,13,9.957471972490804
19,14,8.582792645440145
19,15,6.3631927903504195
19,16,5.36170274513133
19,17,5.470570359761416
19,18,3.835995024235963
19,20,3.823392142144312
19,21,5.725025838061002
19,22,8.441335961861395
19,23,7.3211999213714325
19,24,5.265998713852869
19,25,6.506939338397817
19,26,7.06384220191943
19,27,10.109705132144551
19,28,8.934673695558915
19,29,7.025873461580974
19,30,10.36236100744007
19,31,12.389753682474021
19,32,11.334827859878088
19,33,12.244934728028111
19,34,15.337357833816268
19,35,16.3414335235597
19,36,16.2483923981285
19,37,18.353325501054275
19,38,21.05752503724208
19,39,21.665731071738495
19,40,24.74217017132383
19,41,23.78286788029037
19,42,26.51276598892482
19,43,26.54828731077835
19,44,27.315737686901574
19,45,24.259951116521297
19,46,21.86186196848481
19,47,23.44502394895378
19,48,22.549405014857793
19,49,18.79919679700265
19,50,18.527211657180068
19,51,15.42959188807454
19,52,13.548936987904751
19,53,15.384963565662037
19,54,14.454023753220977
19,55,10.71410522236444
19,56,11.838018432930916
19,57,14.05660039651397
19,58,11.645341976374272
19,59,9.298324876075153
19,60,12.745557575645478
19,61,12.70965626158248
19,62,9.37430264838376
19,63,11.837357955762943
19,64,10.03280068942741
19,65,10.783907617903052
19,66,13.88344059715904
19,67,13.517009968021362
19,68,10.399112125050872
19,69,12.493478571601328
19,70,15.615926194777371
19,71,14.519742145488756
19,72,12.96629914783714
19,73,16.12022659247196
19,74,18.398589369791875
19,75,16.991487361250535
19,76,17.2436550435317
19,77,20.722856961927484
19,78,21.76737158569229
19,79,21.067289841261235
19,80,22.681445333042994
19,81,25.636382428030817
19,82,26.101476610126976
20,1,26.569183989912382
20,2,27.632693981072997
20,3,26.376218737376437
20,4,24.76285470594628
20,5,22.99800175006158
20,6,21.40611377305038
20,7,20.689843082238575
20,8,18.8561255378979
20,9,17.09353076990448
20,10,15.78006043157382
20,11,14.85662111816093
20,12,12.942626505584906
20,13,10.998347225554534
20,14,10.437690892515196
20,15,9.132721063695508
20,16,6.723654078847198
20,17,5.616631996770369
20,18,5.783119664101454
20,19,3.823392142144312
20,21,3.7632240967647306
20,22,5.665887846471299
20,23,5.425526637546918
20,24,5.577548036612809
20,25,8.193123865236778
20,26,9.96415637454158
20,27,12.986052196690975
20,28,11.596748378845263
20,29,10.454371764300669
20,30,13.963607788792242
20,31,15.610714723805406
20,32,14.493846159315325
20,33,15.827458229073725
20,34,18.900437197077263
20,35,19.559846425482156
20,36,19.49556561301228
20,37,21.887971628505177
20,38,24.45131654442635
20,39,24.801193860025542
20,40,27.806208104384723
20,41,26.620713971120026
20,42,29.186135040506198
20,43,29.073762679063417
20,44,29.475998181085046
20,45,26.451089801102466
20,46,24.21924789138545
20,47,25.415467723523946
20,48,24.145242325936202
20,49,20.54783650214394
20,50,20.247422278202862
20,51,16.766308066387264
20,52,15.575246327489188
20,53,17.787148737041424
20,54,16.372867904129293
20,55,12.851977905805374
20,56,14.771983978351656
20,57,16.65645309143864
20,58,13.841645657869085
20,59,12.198653106640528
20,60,15.817267046110354
20,61,15.250348140297792
20,62,11.989715365529648
20,63,14.158810412844938
20,64,12.233987690498939
20,65,13.81368266342749
20,66,17.121698773816938
20,67,17.100617054560733
20,68,14.111568587767119
20,69,15.955141104631005
20,70,19.2657388995368
20,71,18.307298799773264
20,72,16.558689354525168
20,73,19.575527054746225
20,74,22.02295086115819
20,75,20.486762303112503
20,76,20.422724384388612
20,77,24.003654542120113
20,78,25.114086408281608
20,79,24.076540668489578
20,80,25.567559484243873
20,81,28.728015171086113
20,82,29.081806576926095
21,1,30.169708469949132
21,2,31.18172659222413
21,3,29.88950149657937
21,4,28.10583413243021
21,5,26.45366957539173
21,6,25.00691133244618
21,7,24.094332571555615
21,8,22.12979583111237
21,9,20.614030912182002
21,10,19.331253262127778
21,11,18.06263754461955
21,12,16.184612545477847
21,13,14.612558060862758
21,14,13.756887064707685
21,15,11.989740084204247
21,16,9.995918943454356
21,17,9.268023776436728
21,18,8.442085333068267
21,19,5.725025838061002
21,20,3.7632240967647306
21,22,3.7873966446112677
21,23,5.533687764990314
21,24,5.458980028898943
21,25,9.040663097833038
21,26,10.304716659691502
21,27,13.825102654315147
21,28,13.43456689944111
21,29,12.30487917521129
21,30,15.307539917896362
21,31,17.526951116266837
21,32,16.942129264923423
21,33,17.78987566754716
21,34,20.744999775644686
21,35,21.962634751475427
21,36,21.95138777653572
21,37,23.903751254311256
21,38,26.687916389164556
21,39,27.380857608724607
21,40,30.42139528418461
21,41,29.336294625533064
21,42,31.898995241096745
21,43,31.638977384042068
21,44,32.317484419682245
21,45,29.430574828172624
21,46,26.929213246788414
21,47,28.086348977045517
