1,2,3.820393618033604
1,3,5.495721602275954
1,4,5.640434524012046
1,5,9.322461913109409
1,6,11.18996169987714
1,7,14.481092290480895
1,8,17.39435337272971
1,9,21.12544422487106
1,10,23.729436938124337
1,11,26.71280553107127
1,12,28.10265251261802
1,13,30.424646131400635
1,14,33.87587831235861
1,15,35.25752438573936
1,16,34.8614647476725
1,17,33.67070434972864
1,18,35.645427466536525
1,19,34.00531451951418
1,20,35.39685998309569
1,21,33.10293866065942
1,22,29.84161731166584
1,23,27.607565516348796
1,24,24.5228282046228
1,25,22.570393972544053
1,26,19.181741369886705
1,27,18.799887483198663
1,28,17.257772292475078
1,29,16.834768957624025
1,30,14.238994358728581
1,31,16.22003584540655
1,32,15.041088732722939
1,33,17.529515801375794
1,34,21.282169878019296
1,35,21.794747114401257
1,36,21.035531421584228
1,37,21.978098088149803
1,38,22.497659911105696
1,39,21.840728186728473
1,40,24.539252015289065
1,41,24.483686954184293
1,42,28.111494070732135
1,43,30.082466231099065
1,44,29.527845014304642
1,45,25.72678474144091
1,46,26.21977548143782
1,47,23.818780407807385
1,48,25.552386994441218
1,49,24.557169769219442
1,50,26.794475211480545
1,51,27.725163860443477
1,52,26.690078750254894
1,53,30.089168644151275
1,54,32.48847956785865
1,55,34.436493785643044
1,56,33.98408502489107
1,57,30.223408743642306
1,58,30.239336451689105
1,59,32.92705204313685
1,60,30.860120170879572
1,61,27.828075183681957
1,62,30.28477046945163
1,63,31.72486565880157
1,64,28.665946551296596
1,65,27.516217306818362
1,66,30.992896027308756
1,67,31.11061095963806
1,68,30.364812823853203
2,1,3.820393618033604
2,3,3.8004117007511344
2,4,5.646190661043731
2,5,8.611874838659531
2,6,10.106484134811737
2,7,13.779189836216192
2,8,16.15123194953264
2,9,19.912023088547784
2,10,22.101033410983565
2,11,25.362544244263635
2,12,27.07534079263666
2,13,29.730670408026864
2,14,33.047177489168476
2,15,34.80651107363663
2,16,34.7064242812797
2,17,33.9105657539967
2,18,36.21717803875398
2,19,34.856950700218945
2,20,36.51943141581565
2,21,34.08835347691732
2,22,30.88714385769691
2,23,29.04634507240547
2,24,25.8543405142182
2,25,23.468323310095936
2,26,19.87260919379213
2,27,18.94708182950181
2,28,16.748289774855497
2,29,15.7952263840349
2,30,12.615898221768042
2,31,13.843332927065736
2,32,12.404591107130042
2,33,15.386204065397402
2,34,18.983399147906848
2,35,19.90920092165875
2,36,19.734160893048955
2,37,21.13783526246458
2,38,22.28760382777425
2,39,21.968782175000072
2,40,25.055243463982098
2,41,25.449785394235885
2,42,29.120879000728934
2,43,31.466207251935504
2,44,30.84188735288173
2,45,27.011287813532498
2,46,26.973525526216044
2,47,24.24612235905885
2,48,25.540719407732677
2,49,24.097409447559805
2,50,26.266086375734762
2,51,26.88168004927176
2,52,26.047967834828448
2,53,29.25553650299368
2,54,31.853353498324818
2,55,34.11906990232571
2,56,33.93647623424015
2,57,30.162344022038166
2,58,30.297934863720844
2,59,33.278780389332894
2,60,31.419186063372326
2,61,28.472231238316642
2,62,31.080446280905196
2,63,32.777489042447954
2,64,29.93353678478107
2,65,28.876984634050096
2,66,32.47184392429561
2,67,32.811049098747624
2,68,32.45937898014666
3,1,5.495721602275954
3,2,3.8004117007511344
3,4,3.7733374473191077
3,5,6.3774231125645775
3,6,9.019042818305742
3,7,12.589144979640745
3,8,15.279713170960692
3,9,19.037020757023637
3,10,20.972376367739596
3,11,24.320213839850425
3,12,26.356050437626337
3,13,28.83165803648205
3,14,32.27552493991367
3,15,34.00313502501975
3,16,34.20081641229429
3,17,33.322959834471924
3,18,35.72414774986423
3,19,34.6374540641231
3,20,36.067190917502565
3,21,33.34930990292531
3,22,30.406361705940988
3,23,28.630153838472832
3,24,25.736829087756792
3,25,23.52344573939213
3,26,20.119516200495887
3,27,19.675493648695042
3,28,17.258452656169485
3,29,16.94464458094735
3,30,13.690896359010416
3,31,15.024420617893966
3,32,12.706536915220966
3,33,15.308635132011124
3,34,18.84725267727472
3,35,20.276499345415907
3,36,20.41525369997172
3,37,21.369987143292004
3,38,22.41308630176395
3,39,21.564002068371327
3,40,24.549694112123017
3,41,24.640635115544946
3,42,28.135810218866382
3,43,30.442226498503082
3,44,29.383212060439025
3,45,25.584920134499257
3,46,25.41988732434645
3,47,22.93071674628655
3,48,24.462981912460492
3,49,23.334617108268798
3,50,25.93863068498993
3,51,26.96247410857322
3,52,26.633344745500803
3,53,29.961819368631357
3,54,32.26341745291515
3,55,34.694212161882874
3,56,34.203959468416045
3,57,30.446065201129958
3,58,31.038747094640918
3,59,33.92177327939697
3,60,31.768663753115636
3,61,29.128363984294356
3,62,32.03206303166544
3,63,33.41071137983909
3,64,30.408278913855213
3,65,29.80737107908171
3,66,33.48307110767301
3,67,33.45331377827766
3,68,33.10647257565215
4,1,5.640434524012046
4,2,5.646190661043731
4,3,3.7733374473191077
4,5,3.7870511009868215
4,6,6.566375349932941
4,7,9.777514804561909
4,8,12.958934352900616
4,9,16.68512641409552
4,10,19.056167973189826
4,11,22.107577436507615
4,12,23.84213444380065
4,13,26.057492483652165
4,14,29.606648727075655
4,15,31.06343981854487
4,16,31.084366037252597
4,17,29.984989488451706
4,18,32.24592418954897
4,19,31.08348097448597
4,20,32.40726940627351
4,21,29.71165130353416
4,22,26.7589856224328
4,23,24.901755467947456
4,24,22.070216370296812
4,25,20.00568264957833
4,26,16.73182495389456
4,27,16.70295689244293
4,28,14.592106984805651
4,29,14.937639395053054
4,30,12.193318210655349
4,31,14.368996649856658
4,32,12.185042768418164
4,33,14.027658880638567
4,34,17.71920690856335
4,35,18.741357719560735
4,36,18.405281529121904
4,37,18.839863523106427
4,38,19.42276613916292
4,39,18.276127694970256
4,40,21.0737787254329
4,41,20.988570899251044
4,42,24.486065245333716
4,43,26.72154040108984
4,44,25.741431075425076
4,45,21.92909377681602
4,46,21.91684364193468
4,47,19.495760456605307
4,48,21.23435791370591
4,49,20.379819244041496
4,50,23.06978295838713
4,51,24.393302294696962
4,52,24.055513771786373
4,53,27.558656417545357
4,54,29.62101889110448
4,55,31.89083462773719
4,56,31.153210916496683
4,57,27.407805956498798
4,58,28.08165530276283
4,59,30.78162305876639
4,60,28.44719091951885
4,61,25.87774143373056
4,62,28.83906194568372
4,63,30.008394262093265
4,64,26.90361492264249
4,65,26.46355284174123
4,66,30.14218563429455
4,67,29.931888291962874
4,68,29.57861849100471
5,1,9.322461913109409
5,2,8.611874838659531
5,3,6.3774231125645775
5,4,3.7870511009868215
5,6,3.7880412584062095
5,7,6.612156942821503
5,8,9.785946742530701
5,9,13.41564318900765
5,10,15.58220995324712
5,11,18.658821712541187
5,12,20.617039313838504
5,13,22.808902143515045
5,14,26.36541093488975
5,15,27.928614481183914
5,16,28.245377656171115
5,17,27.314105043958012
5,18,29.81214910355884
5,19,29.01378332456614
5,20,30.387963219946258
5,21,27.467801984501474
5,22,24.74028029360827
5,23,23.289362187868896
5,24,20.620235770353887
5,25,18.391691858494653
5,26,15.261662113597106
5,27,15.328267804526215
5,28,12.815204197230404
5,29,13.649992265297838
5,30,11.018990803573216
5,31,13.180005518424656
5,32,10.459320507647472
5,33,11.559317676606211
5,34,15.056176218572569
5,35,16.382263933496347
5,36,16.376361973461673
5,37,16.4750541178032
5,38,17.191491992406398
5,39,15.842512306898586
5,40,18.754053726238688
5,41,18.84076448229348
5,42,22.219291520665074
5,43,24.733917579916913
5,44,23.567141323632143
5,45,19.80705827684006
5,46,19.267245453964634
5,47,16.70519745002469
5,48,18.24050706901956
5,49,17.351639780550894
5,50,20.267709528160438
5,51,21.769739893844278
5,52,21.92317803768992
5,53,25.403988150266553
5,54,27.246727152387752
5,55,29.738591404331462
5,56,28.887397524529224
5,57,25.199479385523198
5,58,26.29576377473283
5,59,29.022873695671546
5,60,26.616067103216984
5,61,24.397642793099514
5,62,27.643516389805537
5,63,28.701576791981523
5,64,25.69772895284272
5,65,25.71014179340211
5,66,29.46592805889048
5,67,29.147255262131072
5,68,29.16917338936624
6,1,11.18996169987714
6,2,10.106484134811737
6,3,9.019042818305742
6,4,6.566375349932941
6,5,3.7880412584062095
6,7,3.7510609458602024
6,8,6.414014005476881
6,9,10.175123023987183
6,10,12.625629845955753
6,11,15.644165802359085
6,12,17.407300151308934
6,13,19.857725556776334
6,14,23.293163419033412
6,15,25.02439905022196
6,16,25.278314366790124
6,17,24.635187093376715
6,18,27.29647194614252
6,19,26.555086523172182
6,20,28.291465096494314
6,21,25.479303790315107
6,22,22.651586087093076
6,23,21.576354260338164
6,24,18.674019412502386
6,25,15.973215281976593
6,26,12.667292259138144
6,27,12.196748452930725
6,28,9.29763418541542
6,29,10.111112278057306
6,30,7.6806199651346585
6,31,10.085811936155176
6,32,7.639008097241406
6,33,8.10359123921596
6,34,11.686618344942037
6,35,12.682143485459628
6,36,12.597029842648851
6,37,12.808231762146216
6,38,13.857464989568154
6,39,12.999525271260467
6,40,16.27867810821467
6,41,17.030794795175684
6,42,20.53237328873717
6,43,23.416858662141852
6,44,22.645720320116595
6,45,18.932834400926694
6,46,17.989327119646592
6,47,14.904702420776623
6,48,15.80761793482496
6,49,14.358433089812607
6,50,16.974969906704207
6,51,18.188288720333862
6,52,18.28703732224109
6,53,21.70080089210033
6,54,23.660804115293132
6,55,26.2406112989493
6,56,25.603007426790878
6,57,21.90120699211967
6,58,22.95917263033884
6,59,25.869341365837435
6,60,23.69381660800314
6,61,21.479684991657443
6,62,24.76494944353651
6,63,26.072336617383893
6,64,23.34038036523062
6,65,23.346232185642513
6,66,27.1411403993141
6,67,27.113260247359314
6,68,27.558711150121223
7,1,14.481092290480895
7,2,13.779189836216192
7,3,12.589144979640745
7,4,9.777514804561909
7,5,6.612156942821503
7,6,3.7510609458602024
7,8,3.8099163051715035
7,9,7.144382710931461
7,10,9.990852430883637
7,11,12.556996260450887
7,12,14.124419670050017
7,13,16.306882697604024
7,14,19.844147597578026
7,15,21.42139843248031
7,16,21.742631707717454
7,17,21.0680542564123
7,18,23.81445745261096
7,19,23.309462384725382
7,20,25.027217870553486
7,21,22.087597688507365
7,22,19.446603082647854
7,23,18.718499268917007
7,24,16.048950989986096
7,25,13.346088662865494
7,26,10.464437082520082
7,27,10.493212568312375
7,28,7.75190257050664
7,29,9.780020947651808
7,30,8.579606761635056
7,31,11.218447176826357
7,32,9.113990398942756
7,33,7.858748466562038
7,34,10.83504449404059
7,35,11.49587093985599
7,36,11.181906442376674
7,37,10.406888347574075
7,38,11.060357682485073
7,39,9.735390612200264
7,40,12.967076613307562
7,41,13.84538011299186
7,42,17.207151394976783
7,43,20.287958235561916
7,44,19.519598512723086
7,45,15.93471419569741
7,46,14.597497393226211
7,47,11.349767586232332
7,48,12.091952095845565
7,49,10.78698528386107
7,50,13.68336401457547
7,51,15.350352599318906
7,52,15.888721477996334
7,53,19.3788333655932
7,54,20.90641823461662
7,55,23.501906423123437
7,56,22.567763456885256
7,57,18.95171443057048
7,58,20.432664149110128
7,59,23.176855089748642
7,60,20.82457942499453
7,61,19.009311853355815
7,62,22.518305182528064
7,63,23.556615319743987
7,64,20.893512623625806
7,65,21.398243888806633
7,66,25.167122413179065
7,67,24.935908038075574
7,68,25.679106073508187
8,1,17.39435337272971
8,2,16.15123194953264
8,3,15.279713170960692
8,4,12.958934352900616
8,5,9.785946742530701
8,6,6.414014005476881
8,7,3.8099163051715035
8,9,3.785648347364857
8,10,6.586702595084181
8,11,9.321133893735341
8,12,11.084540719932935
8,13,13.800645939908682
8,14,17.071293730738503
8,15,19.122538903533712
8,16,19.72530701360276
8,17,19.679550083179826
8,18,22.78785084460344
8,19,22.64921837943884
8,20,24.77145626479621
8,21,21.889475524016863
8,22,19.416922951666532
8,23,19.391507004460163
8,24,16.740181958097818
8,25,13.611913255079
8,26,10.944996077729936
8,27,10.154838097816144
8,28,6.862667261932975
8,29,8.593578930448064
8,30,7.913386328957254
8,31,9.774503865111376
8,32,7.987734205303869
8,33,5.304510713194434
8,34,7.45738808536035
8,35,8.176836895729199
8,36,8.510021272445965
8,37,7.863794878845878
8,38,9.51382368288082
8,39,9.080532537887471
8,40,12.6467652526116
8,41,14.429382423199204
8,42,17.55960519430497
8,43,21.025293670323393
8,44,20.50729756510358
8,45,17.244661384580468
8,46,15.222478404297343
8,47,11.607847060920927
8,48,11.11271978241405
8,49,8.797797962322555
8,50,11.289118743052294
8,51,12.467487062616852
8,52,13.434093654136756
8,53,16.619019570922188
8,54,18.231417175946028
8,55,21.17922563773352
8,56,20.574761175126326
8,57,17.069732367130204
8,58,18.743485327181524
8,59,21.744106520937482
8,60,19.778269614630748
8,61,18.244753965338028
8,62,21.80000863803807
8,63,23.105445935725232
8,64,20.935677164617196
8,65,21.573451002632957
8,66,25.274843333315822
8,67,25.358322715257625
8,68,26.634622586259884
9,1,21.12544422487106
9,2,19.912023088547784
9,3,19.037020757023637
9,4,16.68512641409552
9,5,13.41564318900765
9,6,10.175123023987183
9,7,7.144382710931461
9,8,3.785648347364857
9,10,3.7727140393205407
9,11,5.638523561006333
9,12,7.3614347416893295
9,13,10.220962729386853
9,14,13.369888199165901
9,15,15.627831528225485
9,16,16.545900021201568
9,17,16.933426778303836
9,18,20.314239234961864
9,19,20.655366620389973
9,20,22.942550982144596
9,21,20.046645635353446
9,22,17.957387120397964
9,23,18.65558008495525
9,24,16.377899680093254
9,25,13.272236970696037
9,26,11.424241651585167
9,27,10.724578988661728
9,28,8.014497984111022
9,29,10.070234518041673
9,30,10.467640459371301
9,31,11.842219882106313
9,32,10.629073368450657
9,33,7.091459854553626
9,34,7.335216091332752
9,35,7.593469187982512
9,36,8.14116054275529
9,37,6.521455430174382
9,38,8.260921078772212
9,39,8.077478960729309
9,40,11.342622566645142
9,41,13.66946676310228
9,42,16.293972133200757
9,43,19.992127305375384
9,44,19.61687828912468
9,45,16.82127525263769
9,46,14.18422401407271
9,47,10.534323389706909
9,48,8.91205157929065
9,49,6.004553049700034
9,50,8.330869607092053
9,51,9.627159958499533
9,52,11.483690371008947
9,53,14.348304103126836
9,54,15.489212283000432
9,55,18.647897958980405
9,56,17.973703861615622
9,57,14.746294348070661
9,58,16.937822806703206
9,59,19.83909780354292
9,60,18.009925304392517
9,61,17.103101844512445
9,62,20.735308996430014
9,63,21.908105489428554
9,64,20.151927695383634
9,65,21.25175329233273
9,66,24.76712813278017
9,67,24.84088657838041
9,68,26.57336192705288
10,1,23.729436938124337
10,2,22.101033410983565
10,3,20.972376367739596
10,4,19.056167973189826
10,5,15.58220995324712
10,6,12.625629845955753
10,7,9.990852430883637
10,8,6.586702595084181
10,9,3.7727140393205407
10,11,3.800352850718337
10,12,7.103585875767875
10,13,10.143802452788865
10,14,12.735021182968136
10,15,15.57023962789546
10,16,17.265599816315984
10,17,18.249303475652837
10,18,21.882924344331737
10,19,22.784533736673247
10,20,25.067653114271426
10,21,22.075101003871275
10,22,20.468614260782072
10,23,21.590255660514924
10,24,19.644498325647415
10,25,16.674124296474847
10,26,15.10729031644722
10,27,14.284767675223076
10,28,11.48424798656663
10,29,12.916643467109761
10,30,12.935205820103027
10,31,13.353410634671425
10,32,11.829408653590253
10,33,8.310952139964805
10,34,7.037447098349284
10,35,8.440970331400175
10,36,10.283876120014117
10,37,9.223285790500737
10,38,11.369951277617542
10,39,11.361369194604965
10,40,14.216024851137616
10,41,16.53236031480702
10,42,18.664699393608583
10,43,22.383453306324228
10,44,21.737152308746357
10,45,19.268827303882127
10,46,16.18907919419998
10,47,12.89228116484174
10,48,10.847370753642336
10,49,8.088089744589315
10,50,9.959020073527562
10,51,10.799295125022391
10,52,13.394048683277825
10,53,15.544385170099602
10,54,16.47357241648857
10,55,19.95239470829625
10,56,19.46415216435443
10,57,16.663355920791602
10,58,19.148056328111938
10,59,22.01933660479292
10,60,20.446309978194048
10,61,19.981565791619236
10,62,23.558315730936098
10,63,24.706852272152005
10,64,23.241635995362287
10,65,24.542270653694175
10,66,27.933651366472066
10,67,28.01979135072514
10,68,29.94078637253581
11,1,26.71280553107127
11,2,25.362544244263635
11,3,24.320213839850425
11,4,22.107577436507615
11,5,18.658821712541187
11,6,15.644165802359085
11,7,12.556996260450887
11,8,9.321133893735341
11,9,5.638523561006333
11,10,3.800352850718337
11,12,3.765296258033212
11,13,6.594997038427042
11,14,8.962627997567312
11,15,11.895364084200766
11,16,13.862396290851832
11,17,15.214420675121833
11,18,18.962573358035847
11,19,20.27885731255867
11,20,22.626154417442216
11,21,19.7413380284
11,22,18.55171745648928
11,23,20.269890861336165
11,24,18.75406586281133
11,25,16.033232670323198
11,26,15.284800111560843
11,27,14.761130143792526
11,28,12.747099799593597
11,29,14.60480983272417
11,30,15.477452024380584
11,31,16.11306984276752
11,32,15.14842072794567
11,33,11.422306153600623
11,34,9.775237201119108
11,35,10.053777141488437
11,36,11.233607291839585
11,37,9.290801214328773
11,38,10.780123676457103
11,39,10.841090637647094
11,40,12.95585206952733
11,41,15.540188905939601
11,42,17.075424820483345
11,43,20.822828291026998
11,44,20.432818201793452
11,45,18.501797231659722
11,46,15.129772550940702
11,47,12.100790609732668
11,48,9.204228681458558
11,49,6.538985699420473
11,50,7.690320451257308
11,51,8.772279660587722
11,52,12.09356084408933
11,53,13.823071278342992
11,54,13.982740630043208
11,55,17.422612248575575
11,56,16.71243453887154
11,57,14.361098013238303
11,58,17.285367979863143
11,59,19.825200143199186
11,60,18.351171461509107
11,61,18.53215614916515
11,62,22.042849521665353
11,63,22.935738741872125
11,64,21.850833140999626
11,65,23.557301072825776
11,66,26.67883287788654
11,67,26.68970101696772
11,68,28.942928802028934
12,1,28.10265251261802
12,2,27.07534079263666
12,3,26.356050437626337
12,4,23.84213444380065
12,5,20.617039313838504
12,6,17.407300151308934
12,7,14.124419670050017
12,8,11.084540719932935
12,9,7.3614347416893295
12,10,7.103585875767875
12,11,3.765296258033212
12,13,3.773305239908194
12,14,6.104679322496228
12,15,8.860242525912819
12,16,10.369674145563964
12,17,11.987398388425621
12,18,15.742127810690915
12,19,17.075164143826136
12,20,19.69151606769276
12,21,17.142051988451446
12,22,15.99311150453409
12,23,18.124951383850274
12,24,16.75486878775522
12,25,14.147262310815789
12,26,14.062750668019833
12,27,13.633832598423007
12,28,12.516346972722664
12,29,14.639503027240105
12,30,16.385284904966415
12,31,17.368815089417026
12,32,17.094965233928303
12,33,13.281996656453149
12,34,11.770300971361946
12,35,10.790255487914115
12,36,10.915456310726354
12,37,8.26509570018303
12,38,8.977896404501996
12,39,9.511102195037607
12,40,10.988968052989195
12,41,14.03394819808619
12,42,15.271026057413396
12,43,19.01859835916298
12,44,19.23782391785864
12,45,17.659050187553426
12,46,14.415747181029525
12,47,11.479361406327033
12,48,7.916617078198859
12,49,5.137030632823075
12,50,4.603394455673631
12,51,5.81840795598291
12,52,9.485598583491063
12,53,10.992030170445977
12,54,10.550683001810523
12,55,13.84263799853501
12,56,12.991084125474666
12,57,10.858849712254651
12,58,13.990256513828978
12,59,16.31826023640219
12,60,15.016184163524972
12,61,15.581599341164116
12,62,18.94807497706436
12,63,19.769520240652348
12,64,19.072543507390023
12,65,20.936483673848432
12,66,23.808191068507526
12,67,23.91847073718265
12,68,26.469207653998513
13,1,30.424646131400635
13,2,29.730670408026864
13,3,28.83165803648205
13,4,26.057492483652165
13,5,22.808902143515045
13,6,19.857725556776334
13,7,16.306882697604024
13,8,13.800645939908682
13,9,10.220962729386853
13,10,10.143802452788865
13,11,6.594997038427042
13,12,3.773305239908194
13,14,3.7938822662644363
13,15,5.493442319940601
13,16,7.465321578985002
13,17,9.019788640889336
13,18,12.821280312245088
13,19,14.739031531267347
13,20,17.043826331058032
13,21,14.436079492785074
13,22,14.001021894985236
13,23,16.639958305350273
13,24,16.04902154619253
13,25,14.17228389179981
13,26,15.03067752284416
13,27,15.392527626132622
13,28,14.978492037681946
13,29,17.57341327909281
13,30,19.514518514273156
13,31,20.849464363777443
13,32,20.489409269691734
13,33,16.718415275280375
13,34,15.46768980975975
13,35,14.445184437011326
13,36,14.122358166420689
13,37,10.98263272707445
13,38,10.475742515919565
13,39,10.205439039578312
13,40,10.346267195441131
13,41,12.981825306560532
13,42,13.28970539804698
13,43,16.824384301799917
13,44,17.084918379028604
13,45,16.189224816933503
13,46,12.814465580147509
13,47,10.683835379409173
13,48,6.967228436990186
13,49,6.027447195850259
13,50,5.4640636773077365
13,51,7.731363636892325
13,52,11.254800954006482
13,53,12.528397357294335
13,54,10.936248356929186
13,55,13.587791153164469
13,56,11.881046089154516
13,57,10.460725041243427
13,58,14.101503739297412
13,59,15.604859947202932
13,60,13.99551325064748
13,61,15.392003497592764
13,62,18.66267239547035
13,63,18.803173690741485
13,64,18.246464755608766
13,65,20.69495453749605
13,66,23.24076531605795
13,67,22.927491688698282
13,68,25.57362352804896
14,1,33.87587831235861
14,2,33.047177489168476
14,3,32.27552493991367
14,4,29.606648727075655
14,5,26.36541093488975
14,6,23.293163419033412
14,7,19.844147597578026
14,8,17.071293730738503
14,9,13.369888199165901
14,10,12.735021182968136
14,11,8.962627997567312
14,12,6.104679322496228
14,13,3.7938822662644363
14,15,3.78311139823643
14,16,6.633948040835124
14,17,9.53481439279911
14,18,13.134496142932669
14,19,15.561392475665384
14,20,18.02155683755557
14,21,15.938058277101737
14,22,16.00657203805443
14,23,19.087677597018963
14,24,18.74578528299047
14,25,17.001491064916582
14,26,18.0935127263354
14,27,18.143689478110964
14,28,17.88168641963553
14,29,20.10414229587537
14,30,22.250548722315283
14,31,23.214599655196558
14,32,23.153795856041025
14,33,19.3347348801101
14,34,17.52247650951573
14,35,16.325918481600972
14,36,16.187102459582455
14,37,13.411492725045733
14,38,13.169777801258494
14,39,13.527517923405687
14,40,13.392369693635272
14,41,16.120865952416835
14,42,15.959755669923226
14,43,19.22988989541557
14,44,19.774069875353725
14,45,19.358709822693204
14,46,16.048817149820238
14,47,14.270250862330295
14,48,10.57389488848693
14,49,9.588883849063588
14,50,7.920328795015225
14,51,8.815305741330176
14,52,12.351191869884593
14,53,12.475713289721819
14,54,10.203054148051338
14,55,12.707387548787535
14,56,11.362999735633926
14,57,11.061066055790437
14,58,14.618713649087152
14,59,15.796242994523148
14,60,14.916560541271526
14,61,16.850873688618545
14,62,19.664969243454436
14,63,19.8400202288422
14,64,19.9706635559911
14,65,22.45303125255798
14,66,24.600359007714225
14,67,24.511288705211747
14,68,27.488038913177174
15,1,35.25752438573936
15,2,34.80651107363663
15,3,34.00313502501975
15,4,31.06343981854487
15,5,27.928614481183914
15,6,25.02439905022196
15,7,21.42139843248031
15,8,19.122538903533712
15,9,15.627831528225485
15,10,15.57023962789546
15,11,11.895364084200766
15,12,8.860242525912819
15,13,5.493442319940601
15,14,3.78311139823643
15,16,3.7952182498622515
15,17,6.550232324990922
15,18,9.853883248630584
15,19,12.750967886309104
15,20,14.891336138763007
15,21,13.018669686056436
15,22,13.737604547393467
15,23,17.165041192230152
15,24,17.49896386377566
15,25,16.470775784566236
15,26,18.31363885723473
15,27,18.97930307824798
15,28,19.37114238365509
15,29,21.984559408230947
15,30,24.369587795698287
15,31,25.770230064355395
15,32,25.741763550954673
15,33,21.96813819473103
15,34,20.58122509395834
15,35,19.153618091084674
15,36,18.440839605739477
15,37,15.254383409907668
15,38,14.073905052512162
15,39,13.928618148047025
15,40,12.741311499804166
15,41,15.004780583864763
15,42,14.047138833018765
15,43,16.892536303028837
15,44,17.72390262706113
15,45,17.949986804830356
15,46,14.914340151589814
15,47,13.889726567017751
15,48,10.532326850898219
15,49,10.73518839151707
15,50,9.145298020019785
15,51,10.73430016374627
15,52,13.718201848332706
15,53,13.96915343303556
15,54,11.022703742515358
15,55,12.511690614165328
15,56,10.234172848411106
15,57,10.63856112397774
15,58,14.318335795555459
15,59,14.595944018079035
15,60,13.420374064534869
15,61,16.008654124054136
15,62,18.593423965047297
15,63,18.103701508535412
15,64,18.38226933456588
15,65,21.28889719791465
15,66,23.06328486069971
15,67,22.602189956011625
15,68,25.61402663080807
16,1,34.8614647476725
16,2,34.7064242812797
16,3,34.20081641229429
16,4,31.084366037252597
16,5,28.245377656171115
16,6,25.278314366790124
16,7,21.742631707717454
16,8,19.72530701360276
16,9,16.545900021201568
16,10,17.265599816315984
16,11,13.862396290851832
16,12,10.369674145563964
16,13,7.465321578985002
16,14,6.633948040835124
16,15,3.7952182498622515
16,17,3.8104260995568953
16,18,6.836212166628595
16,19,9.391401885753968
16,20,11.987082766159052
16,21,10.759001027949743
16,22,11.225936407578363
16,23,14.802864643885618
16,24,15.196471989298242
16,25,14.457777579651836
16,26,16.779172199909468
16,27,17.5814358694967
16,28,18.690920602821137
16,29,21.369978098618535
16,30,24.16706294533712
16,31,25.8855164530494
16,32,26.247396114568115
16,33,22.59187824812921
16,34,21.577522016463988
16,35,19.578145282977523
16,36,18.148218203350943
16,37,14.836826374248915
16,38,12.982387668454505
16,39,13.074696280930079
16,40,11.305647112325412
16,41,13.665508588330189
16,42,12.645642637968317
16,43,15.266273652600535
16,44,16.8711959702638
16,45,17.18605215734756
16,46,14.756006876114444
16,47,13.773807736292502
16,48,10.67971214568387
16,49,11.04554704773296
16,50,8.844371002937493
16,51,10.337289395021601
16,52,12.419663705162543
16,53,12.698779623711381
16,54,9.430500615175143
16,55,9.961431822067054
16,56,7.020042956257115
16,57,7.935931965398159
16,58,11.439323816997971
16,59,11.12407647385587
16,60,9.974244139322106
16,61,12.945132309731672
16,62,15.203873855441074
16,63,14.522354371269355
16,64,15.144202824062198
16,65,18.089735713224144
16,66,19.569399943362676
16,67,19.19024218763678
16,68,22.372094265151862
17,1,33.67070434972864
17,2,33.9105657539967
17,3,33.322959834471924
17,4,29.984989488451706
17,5,27.314105043958012
17,6,24.635187093376715
17,7,21.0680542564123
17,8,19.679550083179826
17,9,16.933426778303836
17,10,18.249303475652837
17,11,15.214420675121833
17,12,11.987398388425621
17,13,9.019788640889336
17,14,9.53481439279911
17,15,6.550232324990922
17,16,3.8104260995568953
17,18,3.80564834592376
17,19,6.308585065662154
17,20,8.49747954198237
17,21,6.956551903404999
17,22,7.665591828795338
17,23,11.36349249548594
17,24,12.350201516472646
17,25,12.396001588295361
17,26,15.279244648040422
17,27,16.841931801715376
17,28,18.395105011867834
17,29,21.486364055852736
17,30,24.247902087287677
17,31,26.45320363745048
17,32,26.656855395166957
17,33,23.174154642938475
17,34,22.763682880601294
17,35,20.78911968704418
17,36,18.95108826617639
17,37,15.34511157906578
17,38,12.695388867061181
17,39,11.95149703756672
17,40,9.256092864255693
17,41,10.858828933695062
17,42,9.277011071851762
17,43,11.579755664979341
17,44,13.47537874373832
17,45,14.081371052905837
17,46,12.152069464556789
17,47,11.793780635730153
17,48,9.507536176336517
17,49,10.981038407092877
17,50,9.618847712603642
17,51,11.992423209568672
17,52,13.541884774593843
17,53,14.627613396266145
17,54,11.735361019544738
17,55,11.7667095044441
17,56,8.177683262221384
17,57,8.465024297440813
17,58,11.745680241601777
17,59,10.894837821272015
17,60,8.642757296924982
17,61,11.697405809080667
17,62,14.05887759498296
17,63,12.622158121222451
17,64,12.70167105586245
17,65,16.06178197417638
17,66,17.510208572347707
17,67,16.52279342914026
17,68,19.447036963634943
18,1,35.645427466536525
18,2,36.21717803875398
18,3,35.72414774986423
18,4,32.24592418954897
18,5,29.81214910355884
18,6,27.29647194614252
18,7,23.81445745261096
18,8,22.78785084460344
18,9,20.314239234961864
18,10,21.882924344331737
18,11,18.962573358035847
18,12,15.742127810690915
18,13,12.821280312245088
18,14,13.134496142932669
18,15,9.853883248630584
18,16,6.836212166628595
18,17,3.80564834592376
18,19,3.787569451772354
18,20,5.315951533140759
18,21,5.308109028724079
18,22,7.003097606776172
18,23,10.711643056254374
18,24,12.536637387204495
18,25,13.546403046071637
18,26,16.934040881696966
18,27,18.83558321456761
18,28,20.917918351711297
18,29,24.0509713546258
18,30,26.963885462657228
18,31,29.394374224805183
18,32,29.735200287744885
18,33,26.388343216109444
18,34,26.209470551297247
18,35,24.053205641870765
18,36,21.883780819950644
18,37,18.310109261598353
18,38,15.285122559205252
18,39,14.435216915674157
18,40,11.19595433788974
18,41,11.998891976639706
18,42,9.721513863135685
18,43,10.822397745137726
18,44,13.400769441347522
18,45,14.71478046082753
18,46,13.640456512663329
18,47,14.008782152375389
18,48,12.475892531144499
18,49,14.316889501498634
18,50,13.004937688555534
18,51,15.196380853007806
18,52,16.12767112408744
18,53,17.084443025520375
18,54,14.088914506152417
18,55,13.140787811082989
18,56,9.37007676237737
18,57,10.374749425095608
18,58,12.866293275200984
18,59,10.912597692929166
18,60,8.668997376537567
18,61,12.113268566904969
18,62,13.687238397048077
18,63,11.377491328952091
18,64,11.82981229275675
18,65,15.438099300384973
18,66,16.151008710101355
18,67,14.752729375745961
18,68,17.677113749287358
19,1,34.00531451951418
19,2,34.856950700218945
19,3,34.6374540641231
19,4,31.08348097448597
19,5,29.01378332456614
19,6,26.555086523172182
19,7,23.309462384725382
19,8,22.64921837943884
19,9,20.655366620389973
19,10,22.784533736673247
19,11,20.27885731255867
19,12,17.075164143826136
19,13,14.739031531267347
19,14,15.561392475665384
19,15,12.750967886309104
19,16,9.391401885753968
19,17,6.308585065662154
19,18,3.787569451772354
19,20,3.79941687637005
19,21,5.1361477205077515
19,22,5.158368950275389
19,23,8.316023974200357
19,24,10.033597272457154
19,25,11.50875977227091
19,26,15.140070145657923
19,27,17.20194199499883
19,28,19.8247896166671
19,29,22.91516788854893
19,30,25.97917582677971
19,31,28.674336911549872
19,32,29.259908020028593
19,33,26.177023077521454
19,34,26.421315818153886
19,35,23.981701798014765
19,36,21.33488515815628
19,37,17.883864085353103
19,38,14.48352425627124
19,39,13.74313367328254
19,40,10.35907128356479
19,41,10.961563435034693
19,42,9.223546374623371
19,43,9.952514879972346
19,44,13.242738734431853
19,45,14.167323201452763
19,46,13.916887161910982
19,47,14.091583845502441
19,48,13.11031384188885
19,49,14.821050132716534
19,50,13.518921659956957
19,51,15.570849663320232
19,52,15.635155002084701
19,53,16.929889128650675
19,54,14.427042045084269
19,55,13.024516329261756
19,56,9.403853366051155
19,57,9.86826873818938
19,58,11.464561354913965
19,59,9.156592826196599
19,60,6.4331942535878035
19,61,9.563960126124469
19,62,10.75462115009857
19,63,7.962890352725774
19,64,8.30953675305432
19,65,11.963443254134116
19,66,12.490287078810493
19,67,10.966348687928548
19,68,13.952406152592046
20,1,35.39685998309569
20,2,36.51943141581565
20,3,36.067190917502565
20,4,32.40726940627351
20,5,30.387963219946258
20,6,28.291465096494314
20,7,25.027217870553486
20,8,24.77145626479621
20,9,22.942550982144596
20,10,25.067653114271426
20,11,22.626154417442216
20,12,19.69151606769276
20,13,17.043826331058032
20,14,18.02155683755557
20,15,14.891336138763007
20,16,11.987082766159052
20,17,8.49747954198237
20,18,5.315951533140759
20,19,3.79941687637005
20,21,3.809327196877636
20,22,5.670456519681984
20,23,8.157348731756656
20,24,11.077959783259837
20,25,13.457405566254138
20,26,17.21595794591799
20,27,19.795431314515586
20,28,22.396566474238004
20,29,25.707640035658788
20,30,28.550501655853505
20,31,31.43905095439323
20,32,31.738633489003277
20,33,28.73386010559501
20,34,29.186571229365605
20,35,26.998049145541046
20,36,24.417510041412516
20,37,20.85382420521072
20,38,17.321175839636073
20,39,15.913708329461487
20,40,12.213500171122675
20,41,11.630784651223289
20,42,8.952237523907389
20,43,8.220955606834606
20,44,11.594753217477786
20,45,13.40209804628056
20,46,13.757182963594358
20,47,14.924629709023936
20,48,14.692039912236844
20,49,17.104221198308416
20,50,16.43146464767471
20,51,18.893218610792278
20,52,19.15643515992609
20,53,20.639701966830167
20,54,18.12031626821915
20,55,16.776576224715253
20,56,13.119806672452652
20,57,13.56273790192249
20,58,15.184577641167152
20,59,12.797832914416015
20,60,10.02242753783239
20,61,12.733436083590453
20,62,13.754445584329428
20,63,10.452177236350554
20,64,10.204465505138089
20,65,13.93991543027827
20,66,14.117584951461497
20,67,11.687870601298386
20,68,13.964135511238995
21,1,33.10293866065942
21,2,34.08835347691732
21,3,33.34930990292531
21,4,29.71165130353416
21,5,27.467801984501474
21,6,25.479303790315107
21,7,22.087597688507365
21,8,21.889475524016863
21,9,20.046645635353446
21,10,22.075101003871275
21,11,19.7413380284
21,12,17.142051988451446
21,13,14.436079492785074
21,14,15.938058277101737
21,15,13.018669686056436
21,16,10.759001027949743
21,17,6.956551903404999
21,18,5.308109028724079
21,19,5.1361477205077515
21,20,3.809327196877636
21,22,3.8194096903119306
21,23,6.795951781625484
21,24,9.721739202079688
21,25,11.834646300181673
21,26,15.39801815933712
21,27,18.186791110903062
21,28,20.341956616977352
21,29,23.86245802269174
21,30,26.39677989637696
21,31,29.281027746726334
21,32,29.21151244068886
21,33,26.165530133070277
21,34,26.66689968622441
21,35,24.84081062386587
21,36,22.546475882253723
21,37,18.835878307085665
21,38,15.386296227164076
21,39,13.398242628294502
21,40,9.654962257488046
21,41,8.726388240004175
21,42,5.5664863367878565
21,43,5.587253654655769
21,44,8.471373167144069
21,45,10.175109773492434
21,46,10.077167990835985
21,47,11.459277246742136
21,48,11.429246816147932
21,49,14.275764282046328
21,50,14.25096084230491
21,51,17.232665377750607
21,52,18.0086745510352
21,53,19.90627675403244
21,54,17.569119173340816
21,55,17.029077052322076
21,56,13.307580146612953
21,57,13.011002133447532
21,58,15.313650589083535
21,59,13.770885789291395
21,60,10.483030597464994
21,61,12.856198468946864
21,62,14.842380844707757
21,63,12.080043771465549
21,64,10.960376369078816
21,65,14.757608165803656
21,66,15.846671933895204
21,67,13.459490026245888
21,68,15.44792066339905
22,1,29.84161731166584
22,2,30.88714385769691
22,3,30.406361705940988
22,4,26.7589856224328
22,5,24.74028029360827
22,6,22.651586087093076
22,7,19.446603082647854
22,8,19.416922951666532
22,9,17.957387120397964
22,10,20.468614260782072
22,11,18.55171745648928
22,12,15.99311150453409
22,13,14.001021894985236
22,14,16.00657203805443
22,15,13.737604547393467
22,16,11.225936407578363
22,17,7.665591828795338
22,18,7.003097606776172
22,19,5.158368950275389
22,20,5.670456519681984
22,21,3.8194096903119306
22,23,3.789041691335368
22,24,6.010112922913971
22,25,8.150661797175752
22,26,11.823730708993915
22,27,14.686602892074553
22,28,17.122357523383595
22,29,20.603176754395577
22,30,23.218429370944495
22,31,26.252231356481857
22,32,26.37829032458327
22,33,23.529185673402782
22,34,24.34391347735255
22,35,22.31353140130696
22,36,19.706224528306514
22,37,16.115876058737257
22,38,12.447595131338083
22,39,10.553201958090204
22,40,6.803583396050052
22,41,6.118616872362573
22,42,4.5035169255666085
22,43,5.7321292777381805
22,44,8.929556418764584
22,45,9.199139284529426
22,46,9.451515937688333
22,47,9.854737200768561
22,48,10.025847042771312
22,49,12.447299924120223
22,50,12.437249023968317
22,51,15.317907460116391
22,52,15.519003395203372
22,53,17.838706443580254
22,54,16.082803272530626
22,55,15.662030773904426
22,56,12.230916449546388
22,57,11.055600589327918
22,58,12.933353896263123
22,59,11.884415969333654
22,60,8.204444366250126
22,61,9.724992184246865
22,62,12.055195652395303
22,63,9.671302610214394
22,64,7.782111319325257
22,65,11.443799550954074
22,66,13.119037935792626
22,67,10.977318126825006
22,68,12.971925658249434
23,1,27.607565516348796
23,2,29.04634507240547
23,3,28.630153838472832
23,4,24.901755467947456
23,5,23.289362187868896
23,6,21.576354260338164
23,7,18.718499268917007
23,8,19.391507004460163
23,9,18.65558008495525
23,10,21.590255660514924
23,11,20.269890861336165
23,12,18.124951383850274
23,13,16.639958305350273
23,14,19.087677597018963
23,15,17.165041192230152
23,16,14.802864643885618
23,17,11.36349249548594
23,18,10.711643056254374
23,19,8.316023974200357
23,20,8.157348731756656
23,21,6.795951781625484
23,22,3.789041691335368
23,24,3.818208186154567
23,25,7.26197003460994
23,26,10.749724335630889
23,27,14.112283884583167
23,28,16.766059661229864
23,29,20.26537109841664
23,30,22.649888957355348
23,31,25.99860258318494
23,32,26.054044134989923
23,33,23.619977146604537
23,34,25.002010530132644
23,35,23.05026562874237
23,36,20.235229320990335
23,37,16.875611947349032
23,38,13.110595517416735
23,39,10.859140867561816
23,40,7.51343162066904
23,41,5.509722308109227
23,42,5.180669692833987
23,43,5.311742037406533
23,44,8.457099975043294
23,45,7.980003642334402
23,46,9.606669602156211
23,47,10.12347308664373
23,48,11.441857277730945
23,49,13.852718148065662
23,50,14.417338578257743
23,51,17.29362828905741
23,52,17.009861683037716
23,53,19.768568690761896
23,54,18.59506195140099
23,55,18.221328774709146
23,56,15.108817372748014
23,57,13.396680677116649
23,58,14.641370791467343
23,59,13.882134654100145
23,60,10.187074061415052
23,61,10.441883547662762
23,62,12.620897749419314
23,63,10.334653535677424
23,64,7.303212336912119
23,65,10.396924615101138
23,66,12.340532024738769
23,67,9.74459162468521
23,68,10.731244798468872
24,1,24.5228282046228
24,2,25.8543405142182
24,3,25.736829087756792
24,4,22.070216370296812
24,5,20.620235770353887
24,6,18.674019412502386
24,7,16.048950989986096
24,8,16.740181958097818
24,9,16.377899680093254
24,10,19.644498325647415
24,11,18.75406586281133
24,12,16.75486878775522
24,13,16.04902154619253
24,14,18.74578528299047
24,15,17.49896386377566
24,16,15.196471989298242
24,17,12.350201516472646
24,18,12.536637387204495
24,19,10.033597272457154
24,20,11.077959783259837
24,21,9.721739202079688
24,22,6.010112922913971
24,23,3.818208186154567
24,25,3.7694264796010986
24,26,7.128849797973042
24,27,10.474201355556783
24,28,13.338578076028877
24,29,16.71009947577246
24,30,19.163289576604292
24,31,22.569997255951833
24,32,22.849821564843786
24,33,20.60705197323451
24,34,22.209760584491434
24,35,20.095447587072144
24,36,17.070186296633803
24,37,13.98168405179206
24,38,10.253872918542584
24,39,8.365713075231483
24,40,5.917707203204895
24,41,5.0996193625135735
24,42,7.121236936830017
24,43,8.615535127151256
24,44,11.02436343762781
24,45,9.257245881775678
24,46,10.423603200897729
24,47,9.556686264968304
24,48,10.676038598203585
24,49,12.21879615925548
24,50,12.743408148107758
24,51,15.277230881776443
24,52,14.484150708156982
24,53,17.572051528106254
24,54,17.076054193483774
24,55,17.01997247337414
24,56,14.46037134660786
24,57,11.988979267086341
24,58,12.783726265129307
24,59,12.881603405008805
24,60,9.363627062735645
24,61,8.319251377459715
24,62,10.959597175892528
24,63,9.766754525447896
24,64,6.2594500396086925
24,65,8.419848977175173
24,66,11.324810360467444
24,67,9.67668800484089
24,68,10.736438541059474
25,1,22.570393972544053
25,2,23.468323310095936
25,3,23.52344573939213
25,4,20.00568264957833
25,5,18.391691858494653
25,6,15.973215281976593
25,7,13.346088662865494
25,8,13.611913255079
25,9,13.272236970696037
25,10,16.674124296474847
25,11,16.033232670323198
25,12,14.147262310815789
25,13,14.17228389179981
25,14,17.001491064916582
25,15,16.470775784566236
25,16,14.457777579651836
25,17,12.396001588295361
25,18,13.546403046071637
25,19,11.50875977227091
25,20,13.457405566254138
25,21,11.834646300181673
25,22,8.150661797175752
25,23,7.26197003460994
25,24,3.7694264796010986
25,26,3.7900227618665596
25,27,6.858196444656385
25,28,9.698067426518548
25,29,13.05482805243725
25,30,15.663773974978131
25,31,18.957666657523554
25,32,19.412957759218546
25,33,17.097524198167353
25,34,18.64559252941182
25,35,16.397504375082676
25,36,13.311108420042403
25,37,10.322785066041689
25,38,6.674745237990133
25,39,5.357131273785206
25,40,4.440366034295946
25,41,5.820721282944731
25,42,8.88290441705185
25,43,11.444352043764304
25,44,13.303438715264171
25,45,10.939685348388002
25,46,11.059548493272773
25,47,8.86349425563295
25,48,9.204074267247826
25,49,9.650767416055126
25,50,10.042465049239828
25,51,12.24620356190527
25,52,11.260965547889803
25,53,14.642848348412665
25,54,14.722770214515728
