1,2,3.8187088498321646
1,3,6.393065839434398
1,4,9.436808470171377
1,5,11.948853927955463
1,6,10.289023775333122
1,7,10.295573342916443
1,8,13.607195790531687
1,9,15.22696552295413
1,10,14.327389892146579
1,11,15.53702806864075
1,12,18.72910392695354
1,13,22.15197083309504
1,14,22.77974631185787
1,15,24.504317298277094
1,16,22.367958618786233
1,17,23.899009503224168
1,18,25.252252570337774
1,19,27.41284361171781
1,20,30.68108401135493
1,21,33.62006998827776
1,22,36.80653715303361
1,23,39.057492786252546
1,24,37.472415258686794
1,25,37.934411528777794
1,26,41.46876859634146
1,27,42.75231498556116
1,28,46.364176811734175
1,29,46.00568846982436
1,30,45.96491441676085
1,31,48.782538692553516
1,32,46.20707002775205
1,33,43.17595278337196
1,34,40.78628044889592
1,35,38.96041327355225
1,36,36.14631345659065
1,37,36.11664067958358
1,38,33.12026064742098
1,39,32.01308334413576
1,40,28.892197027177616
1,41,29.3732864227611
1,42,27.41125216455284
1,43,27.505123065673047
1,44,26.233358658534428
1,45,23.24178550734836
1,46,20.442113001926355
1,47,20.76379899512082
1,48,22.956192465043827
1,49,21.105178092612643
1,50,24.663633210307207
1,51,26.90132038723947
1,52,30.315376883094046
1,53,29.105743165677566
1,54,28.582362467331727
1,55,26.956866512848645
1,56,30.07872958289305
1,57,31.254938393848178
1,58,33.36297601430388
1,59,34.076464366478234
1,60,34.923109210323055
1,61,36.352324204539336
1,62,37.73552858597706
1,63,36.68052732916861
1,64,39.06499685010391
1,65,38.18026825738463
1,66,40.29584421957498
1,67,40.37609986684619
1,68,42.64727773320452
1,69,44.99605618231763
1,70,46.4371267271711
1,71,49.5866898052713
1,72,49.26281268338214
1,73,52.0671269781746
1,74,53.61564201635964
1,75,51.57937782353173
1,76,48.5855275178667
1,77,48.09666652641011
1,78,45.15420929116985
1,79,45.37141251472735
1,80,43.52348611495942
1,81,41.78258308786823
1,82,40.22278271394201
1,83,37.04026965560557
1,84,35.62317480365688
1,85,32.37841689269344
1,86,30.514625829613443
1,87,30.27356171359019
1,88,29.198853558998707
1,89,27.81755894023918
1,90,28.021470898783967
1,91,27.668068094458587
1,92,31.251367491426254
1,93,33.105145035910006
1,94,34.445331590472975
1,95,37.676336624342035
2,1,3.8187088498321646
2,3,3.810775350782779
2,4,6.573886521872294
2,5,8.591188169003704
2,6,6.575822098791046
2,7,6.598133722027531
2,8,9.969511361993026
2,9,11.412910323638762
2,10,10.622567563301557
2,11,11.996647745336443
2,12,15.052190968835232
2,13,18.511572014003384
2,14,19.148051250031788
2,15,21.06665589997371
2,16,19.21617646463479
2,17,21.115954343886273
2,18,22.62660892370382
2,19,25.14176059129827
2,20,28.28639332535728
2,21,31.43415491312243
2,22,34.494274206578915
2,23,36.80451199734654
2,24,35.026869679238764
2,25,35.26954601111691
2,26,38.890778513940276
2,27,40.27840463344698
2,28,43.87238534161485
2,29,43.68007032675567
2,30,43.87088789701862
2,31,46.77921480404095
2,32,44.25400634421403
2,33,41.39327921585482
2,34,38.9096278936487
2,35,37.27223441991481
2,36,34.415049992761524
2,37,34.30468988974782
2,38,31.08935453818656
2,39,29.75582587805595
2,40,26.48706061590373
2,41,26.588720278629555
2,42,24.345078018449136
2,43,24.31626738557371
2,44,22.850009996565525
2,45,19.985734820422802
2,46,17.12979923591277
2,47,17.47443467968244
2,48,19.53170075734022
2,49,17.91709454011109
2,50,21.51392878643701
2,51,23.90867398407965
2,52,27.23675863663828
2,53,25.771658182929396
2,54,25.223335813190126
2,55,23.474005473814223
2,56,26.549805738903387
2,57,27.66269503154917
2,58,29.659313543578826
2,59,30.431741805295086
2,60,31.428366913707446
2,61,32.99735821261371
2,62,34.5723010198294
2,63,33.73990319637356
2,64,36.32481978273074
2,65,35.71343703564779
2,66,38.07341718429414
2,67,38.269313674807044
2,68,40.759750498105255
2,69,43.007847230556315
2,70,44.68032001289682
2,71,47.83107891948544
2,72,47.75257884116375
2,73,50.72236318745678
2,74,52.08216428304193
2,75,49.97256099339738
2,76,46.88786285143785
2,77,46.205865442776954
2,78,43.17159332953617
2,79,43.11600345732107
2,80,41.056328412636574
2,81,39.1893684181901
2,82,37.400629623846804
2,83,34.141423843072566
2,84,32.50004050618921
2,85,29.17966197083474
2,86,27.108888841801306
2,87,26.757824745700564
2,88,25.523136118829555
2,89,24.120680676733276
2,90,24.280260608847026
2,91,24.029116319418947
2,92,27.663836079170487
2,93,29.664165403766166
2,94,31.139144605386363
2,95,34.444934015207046
3,1,6.393065839434398
3,2,3.810775350782779
3,4,3.834425538394057
3,5,5.746718490425127
3,6,5.322884250654354
3,7,6.501652790100879
3,8,8.697209471969183
3,9,10.261962490785542
3,10,10.804810716551222
3,11,12.302631974396503
3,12,14.612760813989013
3,13,18.304234515768727
3,14,19.241769470261747
3,15,21.675363212757734
3,16,20.450136780607412
3,17,22.85372015487619
3,18,24.53186131404234
3,19,27.389633888429813
3,20,30.337422819858926
3,21,33.648236532233405
3,22,36.588500807886604
3,23,38.88473841000298
3,24,36.852946543627276
3,25,36.911035586951556
3,26,40.62085896847423
3,27,42.040857242884776
3,28,45.626252963915725
3,29,45.67206891948559
3,30,46.054709191591385
3,31,49.07168899890972
3,32,46.63877230304809
3,33,43.94315124841278
3,34,41.41501443523651
3,35,39.94643474954011
3,36,37.07247595651511
3,37,36.8826527704903
3,38,33.50816754054829
3,39,31.981922839528142
3,40,28.58760905985569
3,41,28.238051325380557
3,42,25.606364831533106
3,43,25.36234637567689
3,44,23.461047688706458
3,45,20.792684000170237
3,46,17.668218534926975
3,47,17.439433821631006
3,48,18.80949758386678
3,49,16.91843452471968
3,50,20.28736819595635
3,51,23.141094282151947
3,52,26.591219072464337
3,53,24.96129501074666
3,54,24.900827013497423
3,55,23.350490606893278
3,56,26.49660469426987
3,57,27.65614996752869
3,58,29.281705647299184
3,59,30.30138582969604
3,60,31.73698958675812
3,61,33.577404086947276
3,62,35.51767016095726
3,63,35.01449694766111
3,64,37.85789096455969
3,65,37.59431725394394
3,66,40.19798541239284
3,67,40.55689021784266
3,68,43.240995402863
3,69,45.399446361922934
3,70,47.262370447670484
3,71,50.392833612559706
3,72,50.49330747709048
3,73,53.57979338885438
3,74,54.81115259326461
3,75,52.656223733516114
3,76,49.506746123984904
3,77,48.650471364441806
3,78,45.52700039880431
3,79,45.215631099844636
3,80,42.92523050857144
3,81,40.95642200915138
3,82,38.883884349935535
3,83,35.552610009010074
3,84,33.57410631123014
3,85,30.150686213583604
3,86,27.689234911987604
3,87,27.00287861617885
3,88,25.319679075018378
3,89,23.83490842502419
3,90,23.526415209257895
3,91,23.16277107765939
3,92,26.75709143903127
3,93,28.68014247860174
3,94,30.554666722301075
3,95,34.04869037766843
4,1,9.436808470171377
4,2,6.573886521872294
4,3,3.834425538394057
4,5,3.8150276901744484
4,6,5.411024278266883
4,7,5.38527902246443
4,8,6.0486718528743175
4,9,8.589219869262912
4,10,9.982304987175903
4,11,10.610556622995658
4,12,12.33758620974712
4,13,16.1335662601484
4,14,17.713409237580258
4,15,20.58896255154412
4,16,19.8051429753149
4,17,22.62631375702887
4,18,24.020217602966383
4,19,27.05619154656332
4,20,29.666456186066107
4,21,33.00648957276607
4,22,35.93878078219655
4,23,38.01616438861153
4,24,35.67753431940307
4,25,35.77266672783027
4,26,39.537174533418536
4,27,40.78519710662193
4,28,44.404743244345305
4,29,44.76272524601673
4,30,45.18917324912898
4,31,48.375670987671555
4,32,46.166246933104176
4,33,43.660896915025155
4,34,41.266004604599274
4,35,40.12963694722232
4,36,37.27586029320473
4,37,36.7459583190041
4,38,33.29611373871455
4,39,31.854759307219577
4,40,28.535782643236143
4,41,27.782806947090464
4,42,24.9781614302093
4,43,24.203885129471676
4,44,21.83853554124203
4,45,19.118399503491485
4,46,15.687843755533114
4,47,14.778463004057647
4,48,15.727798749954745
4,49,13.497639074490843
4,50,16.715552664579477
4,51,19.695745373122083
4,52,23.229290511225354
4,53,21.686118541664882
4,54,21.986830762258187
4,55,20.822795851053026
4,56,24.15424763913451
4,57,25.65438434483393
4,58,27.236679780214583
4,59,28.67555099092099
4,60,30.348298395859725
4,61,32.55371843566176
4,62,34.6988439110035
4,63,34.590076328694764
4,64,37.613980173861115
4,65,37.59821301570918
4,66,40.39218974441008
4,67,40.63011032307189
4,68,43.396174485581184
4,69,45.282568047844784
4,70,47.21156025198452
4,71,50.19365721017614
4,72,50.377893027940345
4,73,53.61642006570154
4,74,54.82091631699632
4,75,52.77962990383025
4,76,49.68087581276839
4,77,48.82037127126784
4,78,45.75855037898302
4,79,45.18752431550059
4,80,42.78361625904517
4,81,40.5392967956088
4,82,38.26162233562743
4,83,34.7706309401771
4,84,32.501312412096084
4,85,29.19023848224629
4,86,26.451018125112725
4,87,25.900120630213593
4,88,23.799031335377904
4,89,21.888042537853945
4,90,21.082129022624933
4,91,20.295691303066942
4,92,23.73924812669306
4,93,25.404224234247184
4,94,27.36924562062285
4,95,30.914958366400842
5,1,11.948853927955463
5,2,8.591188169003704
5,3,5.746718490425127
5,4,3.8150276901744484
5,6,3.8456992994173884
5,7,5.580943128054642
5,8,4.94593054930764
5,9,5.970446667467962
5,10,8.37786214824116
5,11,9.8135432877994
5,12,10.744492010309662
5,13,14.406226248810425
5,14,15.629268453446382
5,15,18.64579051713508
5,16,18.387516921645155
5,17,21.468493394273064
5,18,23.28086542516664
5,19,26.619403051975087
5,20,29.141968956714173
5,21,32.67118149598656
5,22,35.315412636741385
5,23,37.58682804628953
5,24,35.20519592264627
5,25,34.90254450552117
5,26,38.68791914078731
5,27,40.19939406243967
5,28,43.69896813330598
5,29,44.10335387009566
5,30,44.852811961456446
5,31,48.00301702670271
5,32,45.74200454508468
5,33,43.394995809468654
5,34,40.80893883681036
5,35,39.71702986816038
5,36,36.85972120782391
5,37,36.49297953423559
5,38,32.8795047540447
5,39,31.06187711086208
5,40,27.57638523718517
5,41,26.47555277818022
5,42,23.35877605060687
5,43,22.745859898597367
5,44,20.32431817767646
5,45,18.123457379780085
5,46,14.952335671849847
5,47,14.286172039496426
5,48,14.750248874517357
5,49,13.181102987823387
5,50,16.229675144151145
5,51,19.53998812974568
5,52,22.803427444776563
5,53,20.717001253010697
5,54,20.97161241508552
5,55,19.460509610206977
5,56,22.49222696233437
5,57,23.602019907519338
5,58,24.786479775429687
5,59,26.096244714614798
5,60,28.012393129734292
5,61,30.22091885355694
5,62,32.60382475935112
5,63,32.64260334843921
5,64,35.83056282497897
5,65,36.11947506995311
5,66,39.102203587383656
5,67,39.64071485558022
5,68,42.62541532232617
5,69,44.54183892509094
5,70,46.73668701833923
5,71,49.78884832192388
5,72,50.260938717121505
5,73,53.56836733614366
5,74,54.5105248011767
5,75,52.2973300371384
5,76,49.06772606249085
5,77,47.925687204030375
5,78,44.71815057177828
5,79,43.93189786343018
5,80,41.303961346052844
5,81,39.123348698398786
5,82,36.63815571886632
5,83,33.22405014377073
5,84,30.78271682267085
5,85,27.32309499739809
5,86,24.388076327236597
5,87,23.39391629987081
5,88,21.165128970784963
5,89,19.561903842238394
5,90,18.78624675745601
5,91,18.46637921762883
5,92,22.01801403926864
5,93,24.063611679701843
5,94,26.362214016120397
5,95,30.01323031531249
6,1,10.289023775333122
6,2,6.575822098791046
6,3,5.322884250654354
6,4,5.411024278266883
6,5,3.8456992994173884
6,7,3.796097141468047
6,8,5.448193773232634
6,9,5.366988926584161
6,10,5.998799589669737
6,11,8.37887501988763
6,12,10.288715299404203
6,13,13.767567673682771
6,14,14.26910141269377
6,15,16.73637554475126
6,16,15.908672023249455
6,17,18.6310079779159
6,18,20.64703197855353
6,19,23.862220604438647
6,20,26.659463899421038
6,21,30.179594872026684
6,22,32.82675749682751
6,23,35.291007847520355
6,24,33.18589254212858
6,25,32.85461883900465
6,26,36.59159717803983
6,27,38.25974042716882
6,28,41.73049535607132
6,29,41.84793100321566
6,30,42.565967831432175
6,31,45.57331971605857
6,32,43.128658873627984
6,33,40.642522350966246
6,34,37.94762570054127
6,35,36.63221502800168
6,36,33.75658587067826
6,37,33.62596671806458
6,38,30.049754519649838
6,39,28.16602999104624
6,40,24.625459238615775
6,41,23.8623078704258
6,42,20.940374303369307
6,43,20.777715579128806
6,44,18.868940700726792
6,45,16.637912119734168
6,46,13.833385759863667
6,47,14.124854808244386
6,48,15.389295947673862
6,49,14.431256082359063
6,50,17.82461851346215
6,51,20.74052016823901
6,52,23.802340867477877
6,53,21.64711331351142
6,54,21.219518833379677
6,55,19.1800045278186
6,56,22.00849594016026
6,57,22.80110678107084
6,58,24.26711854794726
6,59,25.115958049097078
6,60,26.611211210390206
6,61,28.450370698254307
6,62,30.539216859678486
6,63,30.197382972651386
6,64,33.20454047638946
6,65,33.2414473974614
6,66,36.07242665122848
6,67,36.64571896531589
6,68,39.56704364955981
6,69,41.66597575692677
6,70,43.81508225883588
6,71,46.97627187504851
6,72,47.40740093136923
6,73,50.62016107304317
6,74,51.56136032291995
6,75,49.26654002322271
6,76,46.00156738658384
6,77,44.87526756490575
6,78,41.639479794031686
6,79,41.04819046947562
6,80,38.5364042744994
6,81,36.53726395310491
6,82,34.2567451430139
6,83,30.9502691044828
6,84,28.813221582797425
6,85,25.288222340413107
6,86,22.69465985851312
6,87,21.789772366904717
6,88,20.105877183101782
6,89,18.852321846200844
6,90,18.819933456825638
6,91,18.970182411781607
6,92,22.70814077532682
6,93,25.089667407366317
6,94,27.063545667284796
6,95,30.5704524003799
7,1,10.295573342916443
7,2,6.598133722027531
7,3,6.501652790100879
7,4,5.38527902246443
7,5,5.580943128054642
7,6,3.796097141468047
7,8,3.8003392990457776
7,9,5.55327553206976
7,10,5.124480075276185
7,11,5.815957584200006
7,12,8.506277357372083
7,13,12.092199711159102
7,14,13.206487623733581
7,15,15.692663242968141
7,16,14.54859035303603
7,17,17.26540277953422
7,18,18.669982678656364
7,19,21.73622483220281
7,20,24.402567977083976
7,21,27.793506079383462
7,22,30.66486816462592
7,23,32.86396229744065
7,24,30.64754836755407
7,25,30.651713222092795
7,26,34.398004170336755
7,27,35.781446477355814
7,28,39.36317296027016
7,29,39.58427777065833
7,30,40.077934871743395
7,31,43.197957560287286
7,32,40.91087558762488
7,33,38.41525780464595
7,34,35.94864779846105
7,35,34.81979905281966
7,36,31.965283697966857
7,37,31.478494869486138
7,38,27.982556935122712
7,39,26.474849248252934
7,40,23.15252353542619
7,41,22.453651971626584
7,42,19.765229335432874
7,43,19.12335750180422
7,44,17.07449895951958
7,45,14.309457588661356
7,46,11.178377455952063
7,47,11.285301503160962
7,48,13.104007158822114
7,49,11.93565032477284
7,50,15.559267440249775
7,51,18.05761409867703
7,52,21.18887733520855
7,53,19.409763782767065
7,54,18.847644512308822
7,55,17.071798004378415
7,56,20.201764714729148
7,57,21.475091206606955
7,58,23.41747694575593
7,59,24.54162098855821
7,60,25.809529622229476
7,61,27.81101239482364
7,62,29.720054191425067
7,63,29.456045115600734
7,64,32.387491848262016
7,65,32.27794477877812
7,66,35.04710502194377
7,67,35.24804801498959
7,68,38.02725188912985
7,69,39.91552635107116
7,70,41.889515124416654
7,71,44.90307067830686
7,72,45.17322701714702
7,73,48.43168259392249
7,74,49.545369792532064
7,75,47.45696234041574
7,76,44.33378122118834
7,77,43.44417899522599
7,78,40.38852400201084
7,79,39.817042147152165
7,80,37.45286689075792
7,81,35.217657438534
7,82,33.026352373818945
7,83,29.558318365668665
7,84,27.449343033229777
7,85,24.158229730020867
7,86,21.65805821395548
7,87,21.382275698052524
7,88,19.68819998747893
7,89,17.898845914402273
7,90,17.77919445756939
7,91,17.43213955801142
7,92,21.079423201559045
7,93,23.18589442855274
7,94,24.774265087581746
7,95,28.15703717514687
8,1,13.607195790531687
8,2,9.969511361993026
8,3,8.697209471969183
8,4,6.0486718528743175
8,5,4.94593054930764
8,6,5.448193773232634
8,7,3.8003392990457776
8,9,3.790072155622972
8,10,5.619011863260285
8,11,5.377935413840091
8,12,6.311598967394753
8,13,10.106729904698678
8,14,11.926143066779344
8,15,15.068140203432833
8,16,14.816630088570195
8,17,18.073312581879264
8,18,19.387694117268257
8,19,22.733249992869183
8,20,24.96969501390152
8,21,28.44355939486475
8,22,31.139551933975508
8,23,33.19493877761191
8,24,30.65091549695965
8,25,30.493906137260584
8,26,34.290563590218014
8,27,35.618416278310235
8,28,39.16456681971323
8,29,39.727385986755365
8,30,40.41476276743862
8,31,43.67090667151223
8,32,41.585966960570104
8,33,39.356382370270346
8,34,36.94286700225106
8,35,36.1428770724123
8,36,33.33162818865484
8,37,32.61796384416656
8,38,29.013394449933873
8,39,27.417172670252064
8,40,24.125736171643826
8,41,22.84398756187533
8,42,19.823373883675746
8,43,18.690261649678735
8,44,16.04508973353349
8,45,13.555852928343597
8,46,10.17479416576519
8,47,9.377411745108486
8,48,10.258514895012828
8,49,8.98925864127183
8,50,12.397985144969319
8,51,15.32292083257544
8,52,18.466191122058895
8,53,16.46542980955616
8,54,16.381134190355592
8,55,14.905710496326266
8,56,18.142491577785787
8,57,19.62295304603984
8,58,21.260154234539975
8,59,22.816252444163105
8,60,24.525402675386434
8,61,26.930417537881805
8,62,29.20138605121791
8,63,29.427867697219057
8,64,32.61322269121153
8,65,32.9111298044292
8,66,35.934264917122476
8,67,36.18665234663258
8,68,39.12890411032742
8,69,40.776701419539116
8,70,42.925370714010185
8,71,45.82086687962678
8,72,46.29267018533189
8,73,49.699289385392895
8,74,50.67111172843075
8,75,48.614209506284006
8,76,45.4898055256528
8,77,44.4645116979882
8,78,41.40540184216001
8,79,40.49556423564816
8,80,37.918942818442765
8,81,35.47334097477797
8,82,32.97592009505452
8,83,29.40954117746984
8,84,26.902060185971575
8,85,23.6592447872043
8,86,20.733414997761507
8,87,20.319039435618162
8,88,18.04336937561466
8,89,15.909704337380271
8,90,15.131233465049784
8,91,14.485848568802558
8,92,18.066740141168207
8,93,20.080695822866144
8,94,22.016247258891237
8,95,25.563386755117783
9,1,15.22696552295413
9,2,11.412910323638762
9,3,10.261962490785542
9,4,8.589219869262912
9,5,5.970446667467962
9,6,5.366988926584161
9,7,5.55327553206976
9,8,3.790072155622972
9,10,3.8197008909718684
9,11,5.506121524049248
9,12,5.596394157947496
9,13,8.885945535397397
9,14,9.684212260801793
9,15,12.754322376074525
9,16,12.912623062643423
9,17,16.293701221704325
9,18,18.208493643068547
9,19,21.79451711892707
9,20,24.064460306252087
9,21,27.711809624905225
9,22,30.083986038286326
9,23,32.44190182630495
9,24,30.01592504793255
9,25,29.410967007884462
9,26,33.191106379730456
9,27,34.880459988278666
9,28,38.27206139534793
9,29,38.72908569925739
9,30,39.73222887997316
9,31,42.86347290212799
9,32,40.63165696601668
9,33,38.494200719218654
9,34,35.832365329093285
9,35,34.95465836603579
9,36,32.1422431413941
9,37,31.73632032019192
9,38,28.00291598918733
9,39,25.96966613978505
9,40,22.47877709875274
9,41,20.977067918286995
9,42,17.68194865687071
9,43,16.997541967232554
9,44,14.577465117839008
9,45,12.796773950908946
9,46,10.116941794048511
9,47,10.291317482501663
9,48,10.94040204683658
9,49,10.901968028827739
9,50,13.988323195740609
9,51,16.93809366501883
9,52,19.59117912575806
9,53,17.01352980327585
9,54,16.52381375919883
9,55,14.346352184974664
9,56,17.034274606035705
9,57,17.825458282618516
9,58,19.117770158326604
9,59,20.264468194309597
9,60,22.06109116022083
9,61,24.286915323415215
9,62,26.697715207268065
9,63,26.896844432488354
9,64,30.182212388777543
9,65,30.69076435078874
9,66,33.83805422628719
9,67,34.43816149972279
9,68,37.57128575436214
9,69,39.34996629025728
9,70,41.74317144109565
9,71,44.76390346944383
9,72,45.49920008454426
9,73,48.90968764983891
9,74,49.62020219020163
9,75,47.348417864484496
9,76,44.076888531542025
9,77,42.76979840161822
9,78,39.54485990954774
9,79,38.51391625025408
9,80,35.75663440619948
9,81,33.48180323628364
9,82,30.860250686843756
9,83,27.438566336944415
9,84,24.890830114571553
9,85,21.425367921563023
9,86,18.42594541772577
9,87,17.490346714111162
9,88,15.317615039574898
9,89,13.775487240376709
9,90,13.490964527361138
9,91,13.775068908328578
9,92,17.539890875708927
9,93,20.151285972154547
9,94,22.27815727956178
9,95,25.82061432754913
10,1,14.327389892146579
10,2,10.622567563301557
10,3,10.804810716551222
10,4,9.982304987175903
10,5,8.37786214824116
10,6,5.998799589669737
10,7,5.124480075276185
10,8,5.619011863260285
10,9,3.8197008909718684
10,11,3.7629652381329257
10,12,5.821605747494903
10,13,8.582158183027689
10,14,8.605408864535937
10,15,10.876663309026142
10,16,10.065471047077024
10,17,13.096334011864768
10,18,15.031823660813654
10,19,18.476171784191664
10,20,21.03185472000036
10,21,24.646277273330124
10,22,27.134923478844847
10,23,29.608399353457198
10,24,27.43503871270911
10,25,26.94491115220775
10,26,30.691249317489113
10,27,32.43445853172921
10,28,35.85413038505664
10,29,36.03998782715764
10,30,36.910380378497386
10,31,39.944205349909396
10,32,37.57173399259378
10,33,35.26688380432955
10,34,32.570875753749476
10,35,31.52165006532721
10,36,28.680477237857815
10,37,28.380800788366013
10,38,24.69414288833381
10,39,22.726678561041656
10,40,19.22468466277772
10,41,18.12694167450966
10,42,15.132547129743694
10,43,14.783081439595133
10,44,12.954564759716787
10,45,10.866726262049406
10,46,8.583682421716448
10,47,9.979923008290466
10,48,11.795011583812506
10,49,12.199856402910008
10,50,15.560922263987866
10,51,17.861863108482787
10,52,20.316259075379673
10,53,17.93861925218858
10,54,16.69248823139965
10,55,14.093335207108048
10,56,16.63183767615114
10,57,17.2641776202491
10,58,19.105586829265224
10,59,19.82190962163123
10,60,20.99492460645513
10,61,22.851741488430328
10,62,24.83491933011485
10,63,24.620949735585363
10,64,27.680169520680607
10,65,27.835295300813893
10,66,30.803351912774243
10,67,31.281967587716494
10,68,34.300119407323045
10,69,36.19889227743335
10,70,38.47474162846081
10,71,41.56241755526742
10,72,42.182810470201005
10,73,45.518825611255096
10,74,46.3080424514463
10,75,44.03053158293106
10,76,40.77051197384955
10,77,39.579270485473785
10,78,36.38720170837936
10,79,35.57850621758462
10,80,33.00388435697752
10,81,30.818326590380607
10,82,28.45790412118648
10,83,25.067665223052767
10,84,22.879242881303743
10,85,19.424702708643007
10,86,16.88462560076785
10,87,16.37801266579331
10,88,14.918725997999461
10,89,13.586460096561405
10,90,14.18469072965603
10,91,14.738060438594086
10,92,18.52350349782807
10,93,21.26224276579883
10,94,22.84190766919114
10,95,26.131195169163952
11,1,15.53702806864075
11,2,11.996647745336443
11,3,12.302631974396503
11,4,10.610556622995658
11,5,9.8135432877994
11,6,8.37887501988763
11,7,5.815957584200006
11,8,5.377935413840091
11,9,5.506121524049248
11,10,3.7629652381329257
11,12,3.7881597755841048
11,13,6.694674740943761
11,14,8.07552652976913
11,15,10.62943731153333
11,16,9.85391204875207
11,17,13.02844081930532
11,18,14.055459776730665
11,19,17.401961345406267
11,20,19.59243247247509
11,21,23.07920372244334
11,22,25.769911475130733
11,23,27.864258272206865
11,24,25.412757997823498
11,25,25.265667457185476
11,26,29.050371433785397
11,27,30.432050930890753
11,28,33.97740338665156
11,29,34.42212538285453
11,30,35.10519938109851
11,31,38.32480886017641
11,32,36.21070687237571
11,33,33.99474245702091
11,34,31.5890668034781
11,35,30.876272017468715
11,36,28.089832602739257
11,37,27.29062698215742
11,38,23.67295012283405
11,39,22.139330975736097
11,40,18.955674735006735
11,41,17.710029055021796
11,42,14.919247909944207
11,43,13.692682019578621
11,44,11.365074671004205
11,45,8.565733816920268
11,46,5.480642333088608
11,47,6.460119328406525
11,48,8.848311335382272
11,49,9.21465020048382
11,50,12.665309111140846
11,51,14.543147222665196
11,52,17.036246740227917
11,53,15.007545391102179
11,54,13.72443467049708
11,55,11.540204301875539
11,56,14.560362724630984
11,57,15.926104885338267
11,58,18.214974788019077
11,59,19.45679332770729
11,60,20.548764614302858
11,61,22.75651865291707
11,62,24.66715861147716
11,63,24.747053827306907
11,64,27.789247879918037
11,65,27.932692799734802
11,66,30.898218777464635
11,67,30.97549710657882
11,68,33.87484863531449
11,69,35.443997044517616
11,70,37.57692465937562
11,71,40.4503418911339
11,72,40.95663895518803
11,73,44.38955252808753
11,74,45.324335016682376
11,75,43.291183529525625
11,76,40.196495869716095
11,77,39.22493105595125
11,78,36.24339440018538
11,79,35.34231394204011
11,80,32.86747277134308
11,81,30.348632587481774
11,82,27.982135525197933
11,83,24.38052248882825
11,84,22.06674368921553
11,85,18.949069777553497
11,86,16.362678974225663
11,87,16.583671752516608
11,88,14.872924423008802
11,89,12.714220035884173
11,90,12.88634219851043
11,91,12.666942997503627
11,92,16.295345738584224
11,93,18.66509129955387
11,94,19.916817937262632
11,95,23.13676114086977
12,1,18.72910392695354
12,2,15.052190968835232
12,3,14.612760813989013
12,4,12.33758620974712
12,5,10.744492010309662
12,6,10.288715299404203
12,7,8.506277357372083
12,8,6.311598967394753
12,9,5.596394157947496
12,10,5.821605747494903
12,11,3.7881597755841048
12,13,3.797827668196373
12,14,6.2280243995135045
12,15,9.659050898877611
12,16,10.288067744039514
12,17,13.950740561158486
12,18,14.993477539525365
12,19,18.58836499768201
12,20,20.23254625766808
12,21,23.78442002495185
12,22,26.134481499709338
12,23,28.132026561796867
12,24,25.382899627132883
12,25,24.913777739558277
12,26,28.712744455764483
12,27,30.13151517873193
12,28,33.56512593773956
12,29,34.346939595429134
12,30,35.32757661531655
12,31,38.63070740364066
12,32,36.70418993741185
12,33,34.8164381001521
12,34,32.42207932048812
12,35,32.040931347035944
12,36,29.33946753555075
12,37,28.403653317448214
12,38,24.69953837144507
12,39,22.975858343505354
12,40,19.853787710930998
12,41,17.911419079521984
12,42,14.731008300889645
12,43,13.02544403868889
12,44,9.991418334289717
12,45,7.979378956978077
12,46,5.12511064271867
12,47,5.186921692900079
12,48,6.130087706794715
12,49,7.492120337976765
12,50,10.36061028994682
12,51,12.535605696981882
12,52,14.714646162603238
12,53,12.147607661132986
12,54,11.11876414621031
12,55,8.908985889642896
12,56,11.916235164944124
12,57,13.356942316764894
12,58,15.255546034219403
12,59,16.926839185442002
12,60,18.539508975548717
12,61,21.17750696040734
12,62,23.521160995489712
12,63,24.158382212469846
12,64,27.475023774188312
12,65,28.11917007763923
12,66,31.35526407984657
12,67,31.578627659471238
12,68,34.67034774352858
12,69,36.00701943581655
12,70,38.37282272275533
12,71,41.135957829058576
12,72,41.921804938454194
12,73,45.48299992277737
12,74,46.19378428390446
12,75,44.14630626463692
12,76,41.031944095350575
12,77,39.85050928380764
12,78,36.84563739164651
12,79,35.562211212912615
12,80,32.83347844661493
12,81,30.151319296504717
12,82,27.43337733463255
12,83,23.793572087970798
12,84,21.026024012006467
12,85,17.94778511434102
12,86,14.846268503345495
12,87,14.813407718928161
12,88,12.419636278573533
12,89,9.871209189842856
12,90,9.397675768115962
12,91,9.14718061545033
12,92,12.881668711018186
12,93,15.460648203251559
12,94,17.127451856067474
12,95,20.52917110998813
13,1,22.15197083309504
13,2,18.511572014003384
13,3,18.304234515768727
13,4,16.1335662601484
13,5,14.406226248810425
13,6,13.767567673682771
13,7,12.092199711159102
13,8,10.106729904698678
13,9,8.885945535397397
13,10,8.582158183027689
13,11,6.694674740943761
13,12,3.797827668196373
13,14,3.8050294168473298
13,15,7.148903613254488
13,16,8.760178483223266
13,17,12.457714695101206
13,18,13.230868394527393
13,19,16.874651786321763
13,20,17.97359750142743
13,21,21.514862936983675
13,22,23.531653724403384
13,23,25.470819802477735
13,24,22.589741290588208
13,25,21.841089801977443
13,26,25.61055669867965
13,27,27.108071977588647
13,28,30.424808405836675
13,29,31.37338407859066
13,30,32.58705502374086
13,31,35.90078074393708
13,32,34.09915380151023
13,33,32.48418157477806
13,34,30.116534695123516
13,35,30.044193758421752
13,36,27.46077379988629
13,37,26.390224076871206
13,38,22.67131312530448
13,39,20.8618493423742
13,40,17.95016968897813
13,41,15.493139287045043
13,42,12.260213061763976
13,43,10.0556245214387
13,44,6.647496591205303
13,45,5.6030376815934275
13,46,4.4376587913798895
13,47,5.479274405371593
13,48,5.981393293506086
13,49,8.973258904484988
13,50,10.882334118479564
13,51,12.26568281178732
13,52,13.478435099819873
13,53,10.59255959591392
13,54,8.716950787348688
13,55,5.696909315847889
13,56,8.245318920313627
13,57,9.584992153507647
13,58,11.717981662361545
13,59,13.487900611674267
13,60,15.023638264039832
13,61,17.862699808328006
13,62,20.274135227710882
13,63,21.26497523612699
13,64,24.662377769082205
13,65,25.591387793488046
13,66,28.961964118474405
13,67,29.1828154223555
13,68,32.365404865970994
13,69,33.468323761323646
13,70,35.987800384455106
13,71,38.642458879491976
13,72,39.65937776896134
13,73,43.307140859529824
13,74,43.82036956539771
13,75,41.78068815487204
13,76,38.68517222131828
13,77,37.38442178339291
13,78,34.43078061089506
13,79,32.87285442994073
13,80,30.035846758695964
13,81,27.19888511155895
13,82,24.31100532607719
13,83,20.648301588047428
13,84,17.661367422759135
13,85,14.759100095150089
13,86,11.507630613240382
13,87,11.824322327330737
13,88,9.359176204747586
13,89,6.399871490209164
13,90,6.375433077548923
13,91,6.738155947254513
13,92,10.345354351423945
13,93,13.356616545491228
13,94,14.749324636898885
13,95,17.93799352678571
14,1,22.77974631185787
14,2,19.148051250031788
14,3,19.241769470261747
14,4,17.713409237580258
14,5,15.629268453446382
14,6,14.26910141269377
14,7,13.206487623733581
14,8,11.926143066779344
14,9,9.684212260801793
14,10,8.605408864535937
14,11,8.07552652976913
14,12,6.2280243995135045
14,13,3.8050294168473298
14,15,3.770316855879543
14,16,6.10332332781777
14,17,9.83093229963077
14,18,11.419570103285578
14,19,15.238382624509414
14,20,16.547965955488028
14,21,20.253172745685397
14,22,21.94485827882855
14,23,24.3307194356834
14,24,21.796110795964466
14,25,20.57196026111161
14,26,24.291394340684732
14,27,26.262583901415645
14,28,29.406776438707517
14,29,30.03590404045783
14,30,31.510984264000367
14,31,34.60738451667063
14,32,32.53907524561226
14,33,30.90401429557452
14,34,28.229828173260643
14,35,27.93997962734874
14,36,25.34035819927292
14,37,24.709938710081303
14,38,20.889987623504247
14,39,18.58135140622932
14,40,15.412203871657242
14,41,12.83328516228073
14,42,9.263894628024518
14,43,7.947141643100814
14,44,5.490145714933098
14,45,5.883906801589515
14,46,6.497834992151761
14,47,8.910538315183233
14,48,9.776555412111055
14,49,12.690330151475347
14,50,14.650378204736455
14,51,15.963576059943048
14,52,16.837926418448653
14,53,13.849008228844898
14,54,11.522363123216307
14,55,7.882137151561798
14,56,8.954754058456198
14,57,8.767838156877255
14,58,10.739267003680531
14,59,11.454481768334027
14,60,12.666712881310994
14,61,15.04470938000966
14,62,17.429955688086608
14,63,18.13807086039698
14,64,21.591030541531957
14,65,22.586134065517328
14,66,26.028382585095436
14,67,26.60077320244694
14,68,29.943567678504
14,69,31.29191450774567
14,70,34.01115026247346
14,71,36.858196580233
14,72,38.07281246223229
14,73,41.65927224293423
14,74,41.9553935605043
14,75,39.67241314211997
14,76,36.41569558419024
14,77,34.868778758679206
14,78,31.73014657229772
14,79,30.171663995961563
14,80,27.21143818166683
14,81,24.627707851259554
14,82,21.718260697957618
14,83,18.222198023971643
14,84,15.373101554538758
14,85,12.045857217264315
14,86,8.853108916714575
14,87,8.66883423280533
14,88,6.879096035992931
14,89,5.309256497205969
14,90,7.2975732415434615
14,91,9.257043524361396
14,92,12.58873995092942
14,93,16.021261834347357
14,94,17.287729123421315
14,95,20.176380570309686
15,1,24.504317298277094
15,2,21.06665589997371
15,3,21.675363212757734
15,4,20.58896255154412
15,5,18.64579051713508
15,6,16.73637554475126
15,7,15.692663242968141
15,8,15.068140203432833
15,9,12.754322376074525
15,10,10.876663309026142
15,11,10.62943731153333
15,12,9.659050898877611
15,13,7.148903613254488
15,14,3.770316855879543
15,16,3.808173727449665
15,17,6.859351816425192
15,18,8.71685742966831
15,19,12.457756984987121
15,20,13.701459548097331
15,21,17.428578304222714
15,22,18.82153255014591
15,23,21.49287964104404
15,24,19.27920688638807
15,25,17.743936432844237
15,26,21.379598671533532
15,27,23.668562188860466
15,28,26.676800867500855
15,29,27.028133607625406
15,30,28.648774657483113
15,31,31.572702749325217
15,32,29.341418074845148
15,33,27.722733619154965
15,34,24.888873538094185
15,35,24.547211212829072
15,36,21.992267453021377
15,37,21.580913672967686
15,38,17.747451815759398
15,39,15.154821614038656
15,40,11.978612090129932
15,41,9.217618800519535
15,42,5.539362811419932
15,43,4.993084827884727
15,44,4.454156983987917
15,45,6.173064970787575
15,46,8.44134979699822
15,47,11.596970647505312
15,48,12.944506133764218
15,49,15.987846307420195
15,50,17.8884781282286
15,51,18.68646378985621
15,52,19.121465407292447
15,53,16.348831033419657
15,54,13.430058858274535
15,55,9.617656541299583
15,56,9.553801381241668
15,57,8.368007041341482
15,58,10.666839990315136
15,59,10.29294809792275
15,60,10.45079051441499
15,61,12.190038832615027
15,62,14.149627053974037
15,63,14.523654149986768
15,64,17.8965922133396
15,65,18.819967084824533
15,66,22.269632632018908
15,67,22.929744656942944
15,68,26.33423724141483
15,69,27.76312260577582
15,70,30.582951354505937
15,71,33.513654372363
15,72,34.85834743136046
15,73,38.40819805885132
15,74,38.5612097854582
15,75,36.165190087903625
15,76,32.846587789370055
15,77,31.198182697608626
15,78,28.01171078964423
15,79,26.45713093101012
15,80,23.496937246536124
15,81,21.007339375213622
15,82,18.18337684806864
15,83,14.763835715401923
15,84,12.192018933979897
15,85,8.679651824963496
15,86,6.051292022318776
15,87,6.457993008637936
15,88,6.477522011798589
15,89,6.364626601143809
15,90,9.587774797236138
15,91,11.942974346062108
15,92,14.739063528596906
15,93,18.192123323668497
15,94,18.908011315869263
15,95,21.30597730336357
16,1,22.367958618786233
16,2,19.21617646463479
16,3,20.450136780607412
16,4,19.8051429753149
16,5,18.387516921645155
16,6,15.908672023249455
16,7,14.54859035303603
16,8,14.816630088570195
16,9,12.912623062643423
16,10,10.065471047077024
16,11,9.85391204875207
16,12,10.288067744039514
16,13,8.760178483223266
16,14,6.10332332781777
16,15,3.808173727449665
16,17,3.8153873737061628
16,18,6.034644843783352
16,19,9.830816750274519
16,20,11.934686661500617
16,21,15.702656984398276
16,22,17.60404685014516
16,23,20.41509086937053
16,24,18.552381278086063
16,25,17.498794089285873
16,26,21.132498653215197
16,27,23.327595990841644
16,28,26.504691274495894
16,29,26.455237283211456
16,30,27.687791015326905
16,31,30.544411446645494
16,32,28.090658803899448
16,33,26.058701382713704
16,34,23.194736071071112
16,35,22.46647443617807
16,36,19.75001233797424
16,37,19.459396925250942
16,38,15.621141923114317
16,39,13.223470672651235
16,40,9.795498028911295
16,41,8.098386552432851
16,42,5.2434729370180815
16,43,5.605523843058193
16,44,6.240173491822213
16,45,6.1403500325187705
16,46,8.197703947582879
16,47,11.889872537834714
16,48,14.187461401822901
16,49,16.69579162432258
16,50,19.11749602386461
16,51,19.77058932773726
16,52,20.573529503891614
16,53,18.235282785746396
16,54,15.210741180254713
16,55,11.625133017213926
16,56,12.193585384141128
16,57,11.595089755754223
16,58,14.293581917214214
16,59,13.803843484467194
16,60,13.321453087980107
16,61,14.413800479873665
16,62,15.569902291818407
16,63,15.09380326114162
16,64,17.983334607350088
16,65,18.124849278257077
16,66,21.217360614659572
16,67,21.602513036106142
16,68,24.7829871518125
16,69,26.48252790659581
16,70,29.02109337950748
16,71,32.0894358893022
16,72,33.10468840268198
16,73,36.546173214201964
16,74,36.97155587794671
16,75,34.603440457191994
16,76,31.301305897312048
16,77,29.93344185563138
16,78,26.782650943194437
16,79,25.711103523800066
16,80,23.11094953848618
16,81,20.778865500777812
16,82,18.490357224349868
16,83,15.105391438852111
16,84,13.312355876711063
16,85,10.021537217024136
16,86,8.635645450423796
16,87,9.618727217201979
16,88,10.255428166597994
16,89,9.94736410896758
16,90,12.811206310870583
16,91,14.556539290891198
16,92,17.496807278390868
16,93,20.656281294783263
16,94,21.03470879650463
16,95,23.341665976647707
17,1,23.899009503224168
17,2,21.115954343886273
17,3,22.85372015487619
17,4,22.62631375702887
17,5,21.468493394273064
17,6,18.6310079779159
17,7,17.26540277953422
17,8,18.073312581879264
17,9,16.293701221704325
17,10,13.096334011864768
17,11,13.02844081930532
17,12,13.950740561158486
17,13,12.457714695101206
17,14,9.83093229963077
17,15,6.859351816425192
17,16,3.8153873737061628
17,18,3.782514672194077
17,19,6.942561952754829
17,20,9.525160642292494
17,21,13.148486728740384
17,22,14.955283341214967
17,23,18.084558027565095
17,24,16.827508480991238
17,25,15.77119763400722
17,26,19.17007683945353
17,27,21.56394074918386
17,28,24.61773096943288
17,29,24.091712810500987
17,30,25.24550144124368
17,31,27.860260525845902
17,32,25.152655494030626
17,33,22.932215195954388
17,34,19.90508451203093
17,35,18.895443361087754
17,36,16.1413854331245
17,37,16.18984601692837
17,38,12.387809601606817
17,39,9.796600350158217
17,40,6.1906655284188785
17,41,5.508965414218964
17,42,4.378096101043839
17,43,6.329632352323259
17,44,8.683671449270546
17,45,8.841293471282272
17,46,11.299454405508166
17,47,15.075309173602053
17,48,17.64313324790219
17,49,20.08836071760972
17,50,22.519130462681908
17,51,22.82640891053892
17,52,23.424843376138092
17,53,21.357401102591403
17,54,18.070149630089254
17,55,14.61419071493993
17,56,14.716480939236094
17,57,13.807138203842785
17,58,16.585997789137245
17,59,15.489007921835775
17,60,14.101253511494718
17,61,14.283903683643718
17,62,14.512116927257512
17,63,13.224029466828561
17,64,15.556866390591718
17,65,15.095833424084644
17,66,17.906173226330594
17,67,18.19510979195834
17,68,21.28115324335019
17,69,23.20547416641495
17,70,25.6740020613039
17,71,28.881843538832804
17,72,29.851327069194458
17,73,33.18949214139106
17,74,33.610423901565696
17,75,31.1558209184533
17,76,27.813917112936508
17,77,26.506130421520783
17,78,23.349469173011027
17,79,22.567256198828225
17,80,20.21949214429073
17,81,18.12020982965189
17,82,16.326232951967786
17,83,13.218692294798306
17,84,12.355222147634143
17,85,9.493296210005923
17,86,9.6192119500566
17,87,11.092154663843486
17,88,12.788592901599161
17,89,13.0233940422637
17,90,16.173386619823304
17,91,17.96679654837842
17,92,20.622271825245637
17,93,23.67491320930092
17,94,23.632165188640347
17,95,25.54424501101953
18,1,25.252252570337774
18,2,22.62660892370382
18,3,24.53186131404234
18,4,24.020217602966383
18,5,23.28086542516664
18,6,20.64703197855353
18,7,18.669982678656364
18,8,19.387694117268257
18,9,18.208493643068547
18,10,15.031823660813654
18,11,14.055459776730665
18,12,14.993477539525365
18,13,13.230868394527393
18,14,11.419570103285578
18,15,8.71685742966831
18,16,6.034644843783352
18,17,3.782514672194077
18,19,3.847414768922154
18,20,6.216537914616184
18,21,9.885027873491106
18,22,12.207649496195744
18,23,14.97516482051989
18,24,13.554161352478802
18,25,13.074732445129422
18,26,16.541494105628963
18,27,18.534473315977543
18,28,21.809154650595936
18,29,21.39800621687215
18,30,22.226243932730547
18,31,25.049320482544427
18,32,22.552385293430977
18,33,20.313786232378398
18,34,17.64306254516831
18,35,17.048463359971315
18,36,14.355598942828115
18,37,13.62379930769424
18,38,9.836140003094714
18,39,8.157669733352568
18,40,5.571637955152611
18,41,5.271114120438077
18,42,5.8288089599354835
18,43,6.058859023337253
18,44,8.581880003190992
18,45,8.33274986331557
18,46,11.180000006323473
18,47,14.796327057011714
18,48,17.596312346811644
18,49,20.04275749913655
18,50,22.251408061629753
18,51,21.9212933411752
18,52,22.231639338284317
18,53,20.66724664305296
18,54,17.1552212577781
18,55,14.13888067038116
18,56,14.230946830151307
18,57,13.919638541534331
18,58,17.202424316921192
18,59,16.5092625433316
18,60,14.765137903995798
18,61,15.13618113490459
18,62,14.910420820286358
18,63,13.859370105668669
18,64,15.80499742681503
18,65,15.053620021313932
18,66,17.59743865357028
18,67,17.112049648612068
18,68,19.89510628620866
18,69,21.396982934515677
18,70,23.592475279212707
18,71,26.570603986354396
18,72,27.3338332655974
18,73,30.78561854151359
18,74,31.43626783425329
18,75,29.290742920265068
18,76,26.176972966650258
18,77,25.259760777894577
18,78,22.46100229508478
18,79,21.70681970449227
18,80,19.692223824036795
18,81,17.177402825450667
