1,2,3.836085430464969
1,3,6.384178664544502
1,4,8.31595127288144
1,5,7.469148918208761
1,6,10.646812638688212
1,7,11.469470994011097
1,8,14.154934201172857
1,9,16.611063937975803
1,10,19.725715588934786
1,11,23.074619134663156
1,12,25.38224311611939
1,13,29.03157714166628
1,14,31.847194956165122
1,15,34.917578723762
1,16,37.92501488355594
1,17,40.501283272570404
1,18,42.13702284537226
1,19,40.53899305535334
1,20,42.06891253800543
1,21,42.22751481700775
1,22,41.838933013517746
1,23,44.86327215302818
1,24,43.69222825231968
1,25,45.59586510204117
1,26,45.64243833900137
1,27,47.197288608145726
1,28,48.17447202048555
1,29,48.19293109121252
1,30,50.646708168309985
1,31,53.55228837677172
1,32,53.16752689093222
1,33,49.90183186532291
1,34,51.139422092268674
1,35,53.87102785528628
1,36,51.191795289516655
1,37,49.63709738861036
1,38,46.512566845413325
1,39,45.624025812591626
1,40,43.30579766530547
1,41,43.067204977061806
1,42,42.421409425191804
1,43,41.48123773207709
1,44,41.492104146684206
1,45,40.35026571647994
1,46,41.31769420854036
1,47,42.39075424508952
1,48,39.96452326157896
1,49,37.98710264843125
1,50,35.20740454939033
1,51,33.61783552813078
1,52,31.719851804434732
1,53,32.954617273640125
1,54,32.41028685785645
1,55,34.75802387258154
1,56,35.69258675258949
1,57,38.29090996276308
1,58,40.58431791986221
1,59,43.45975256403335
1,60,46.2433534805982
1,61,43.91209967236528
1,62,41.3314220360216
1,63,38.00274453591008
1,64,37.02634892000985
1,65,33.46414682011744
1,66,34.72550596110092
1,67,34.93567807584768
1,68,34.02888335323042
1,69,32.99741474524191
1,70,32.60472820146913
1,71,32.41576262929559
1,72,30.68132429721375
1,73,32.921331029592736
1,74,34.26903734716673
1,75,36.32548782300101
1,76,40.01411906116653
1,77,42.42849958515343
1,78,44.084777593596
1,79,40.60541571871509
1,80,40.123695599200595
1,81,37.286028130547564
1,82,38.19251003711687
1,83,36.6077277605673
1,84,37.41878437143038
1,85,36.802067598117375
1,86,38.212529728928466
1,87,39.02344559321895
1,88,40.00886526241935
1,89,42.60173184593355
1,90,45.789824262700996
1,91,49.3019070123869
1,92,50.02889258172183
1,93,47.31781180156468
1,94,48.41952718914265
1,95,51.964975150492435
1,96,51.08841510317455
1,97,49.8077042549929
1,98,50.99789726122327
1,99,48.31522000875295
1,100,45.323867800353234
1,101,43.49926178413084
1,102,41.06268783981398
1,103,39.96543085747936
1,104,38.31133348383999
1,105,36.684032495895856
1,106,36.5014828416067
1,107,36.075970241328406
1,108,37.6464486381024
1,109,40.48252898645376
1,110,40.92906386879472
1,111,43.10627964918802
1,112,44.17712581404895
1,113,46.103025167016966
1,114,47.849351265628826
1,115,49.822110397234326
1,116,51.859622799318906
1,117,54.161568003351476
2,1,3.836085430464969
2,3,3.7983441539176486
2,4,6.054009805856153
2,5,5.454960937047096
2,6,8.306997905892402
2,7,9.4727100027994
2,8,12.806155047472895
2,9,14.558047239214138
2,10,17.620637124031575
2,11,20.993844678568976
2,12,22.960523700648302
2,13,26.708041260319956
2,14,29.27022781840277
2,15,32.50112957987141
2,16,35.343878599927386
2,17,38.1248471653675
2,18,39.98559308748915
2,19,38.67344012380214
2,20,40.373688158814126
2,21,40.84176128261221
2,22,40.547233110594576
2,23,43.6459956958085
2,24,42.763516860211624
2,25,44.81920887142288
2,26,45.158227299794405
2,27,46.78339408564725
2,28,48.04435174188125
2,29,48.1678636406117
2,30,50.48001937303461
2,31,53.47926333834374
2,32,53.122194662168134
2,33,49.98723926410539
2,34,51.39749570809962
2,35,54.2197274558112
2,36,51.56966732844794
2,37,50.23215786556453
2,38,46.967490317322024
2,39,45.959673545717834
2,40,43.39747318809425
2,41,43.00113495272934
2,42,42.02163317051896
2,43,40.91620919512686
2,44,40.58116815465954
2,45,39.265759528621864
2,46,39.9018130906019
2,47,40.72186252440354
2,48,38.32893839767882
2,49,36.155536944696
2,50,33.35363554246475
2,51,31.888687207773813
2,52,30.30444013448213
2,53,31.937786537107776
2,54,31.82504090486929
2,55,34.423312248053016
2,56,35.74272351217448
2,57,38.48305318519953
2,58,41.01561000554863
2,59,44.04281399973892
2,60,46.90214643257537
2,61,44.51723472231363
2,62,42.173696257864904
2,63,38.723859337254645
2,64,37.75006986369522
2,65,34.271732020943944
2,66,35.59837315428291
2,67,35.51561030847902
2,68,34.30470578736784
2,69,32.935938480950746
2,70,32.14586869125877
2,71,31.537017200864824
2,72,29.46710846643873
2,73,31.441724527811417
2,74,32.50048927421299
2,75,34.26483756693493
2,76,37.953809175347224
2,77,40.13117537586213
2,78,41.806870475139306
2,79,38.300014689736805
2,80,38.11132066809878
2,81,35.484071139563966
2,82,36.674704613509284
2,83,35.424782197378335
2,84,36.5595813327962
2,85,36.32890154696408
2,86,38.0127466701564
2,87,39.18081008913906
2,88,40.39780436787864
2,89,43.229748768946074
2,90,46.538898354947165
2,91,49.93093942752474
2,92,50.91405245365391
2,93,48.174659641157334
2,94,48.98858674391181
2,95,52.59543154981542
2,96,51.96905057650533
2,97,50.60180623114919
2,98,51.538794639469174
2,99,48.7098672143491
2,100,45.5686152903559
2,101,43.53462842336596
2,102,40.846295544612
2,103,39.72800124902375
2,104,37.745160804652414
2,105,36.020471852468674
2,106,35.463270861269265
2,107,34.914063523239086
2,108,36.80453404775703
2,109,39.64099424056176
2,110,40.36198873249347
2,111,42.45632859739345
2,112,43.77905388122222
2,113,45.719752215220794
2,114,47.72228863449041
2,115,49.75543530579343
2,116,52.0118173937178
2,117,54.35674959694715
3,1,6.384178664544502
3,2,3.7983441539176486
3,4,3.8585234579571392
3,5,5.839300967595548
3,6,8.976551261204552
3,7,11.328700451751839
3,8,14.729316324565096
3,9,16.18967272374516
3,10,19.43031058044528
3,11,22.532219764662706
3,12,24.38605700214621
3,13,28.13062623272978
3,14,30.507856862962907
3,15,33.949021921272085
3,16,36.51994962770764
3,17,39.43413958711176
3,18,41.57803502382788
3,19,40.49000541673899
3,20,42.13827886561734
3,21,42.74497306888319
3,22,42.277032488200526
3,23,45.269344209204874
3,24,44.45261532354867
3,25,46.38867700233253
3,26,46.753767204922454
3,27,48.17888045445564
3,28,49.483205035731835
3,29,49.40620729359949
3,30,51.50176685345424
3,31,54.39779165456531
3,32,53.811681393590895
3,33,50.8140259793892
3,34,52.46468747669711
3,35,55.16307319453286
3,36,52.35939416699159
3,37,51.23990314407844
3,38,48.00813371344912
3,39,47.205387546392316
3,40,44.628733457160386
3,41,44.42654965236769
3,42,43.33183438180471
3,43,42.4004315895539
3,44,41.912595585668356
3,45,40.74440050691367
3,46,41.184996763582745
3,47,42.008104348856556
3,48,39.85414170328136
3,49,37.72792575115622
3,50,35.00666966166932
3,51,33.384737123469044
3,52,32.156930996862776
3,53,33.954739428932555
3,54,33.99238697278045
3,55,36.52093438375007
3,56,38.042209154799004
3,57,40.64645353316337
3,58,43.351610295736776
3,59,46.299111444025165
3,60,49.315685725577616
3,61,47.0902424399609
3,62,44.74378093082688
3,63,41.195038415887076
3,64,39.96083530271177
3,65,36.41966350830505
3,66,37.45336803106895
3,67,37.05233960104456
3,68,35.965062177785775
3,69,34.29276651122166
3,70,33.518565536757514
3,71,32.610367730785846
3,72,30.581331188808182
3,73,32.62304777347889
3,74,33.28221349082077
3,75,34.97134800840226
3,76,38.54937105214666
3,77,40.51539660729561
3,78,42.45592030132485
3,79,39.06380346746603
3,80,39.16887312107856
3,81,36.61113250610751
3,82,37.78766249549183
3,83,36.64942789502275
3,84,37.77273621835608
3,85,37.74473455997406
3,86,39.337820035205624
3,87,40.694356505564855
3,88,41.76589317245537
3,89,44.71023500395404
3,90,47.94299241514223
3,91,51.33647800201768
3,92,52.49350222593186
3,93,49.92612770340496
3,94,50.67183603288462
3,95,54.35452999288113
3,96,53.89396132469318
3,97,52.70219723128284
3,98,53.64093724284871
3,99,50.87874636264021
3,100,47.621536422472424
3,101,45.66371602532795
3,102,42.870650048132646
3,103,41.99008721069673
3,104,39.898776001319945
3,105,38.358039323817735
3,106,37.685622848687274
3,107,37.293826588409864
3,108,39.413800913312556
3,109,42.100079563280985
3,110,42.814020984515736
3,111,44.69064654226705
3,112,45.98839186432946
3,113,47.732705238280744
3,114,49.758171130857086
3,115,51.62089417521367
3,116,53.87072850068151
3,117,56.04936160535928
4,1,8.31595127288144
4,2,6.054009805856153
4,3,3.8585234579571392
4,5,3.7857754000056776
4,6,6.6822894879107055
4,7,9.916839383894184
4,8,12.89291282303919
4,9,14.425353064034068
4,10,17.94724560995518
4,11,20.641047916266427
4,12,22.755847515936285
4,13,26.369418856700342
4,14,28.86257943706886
4,15,32.378678514986085
4,16,34.80922775967506
4,17,37.60738862265759
4,18,39.86211870457219
4,19,38.76164468693168
4,20,40.16029819230217
4,21,40.695449226332826
4,22,39.95350601580643
4,23,42.781865543968316
4,24,41.90245654643372
4,25,43.666407968949876
4,26,43.98307570965832
4,27,45.23017782401217
4,28,46.540785038073324
4,29,46.32550207680205
4,30,48.278584956007165
4,31,51.11296808011336
4,32,50.41648405393994
4,33,47.50520105246448
4,34,49.297804359181605
4,35,51.93950706110509
4,36,49.07870128222806
4,37,48.11401264166091
4,38,44.8775274200861
4,39,44.170045735464356
4,40,41.56704228006256
4,41,41.49101034876542
4,42,40.33278521049101
4,43,39.56440942019637
4,44,39.03410675864918
4,45,38.0606735573991
4,46,38.47167840719814
4,47,39.44943523852467
4,48,37.530622892412936
4,49,35.625008386611135
4,50,33.03029333241946
4,51,31.107632197249565
4,52,30.08261248825119
4,53,31.842754371988974
4,54,31.88398808613472
4,55,34.25216002539198
4,56,35.926934775219785
4,57,38.361313230055224
4,58,41.22872250377046
4,59,44.086628340480026
4,60,47.25617310171412
4,61,45.21717748211818
4,62,42.90009860577426
4,63,39.2502653449192
4,64,37.76075905177492
4,65,34.20591206877533
4,66,35.00080834216305
4,67,34.30496023994264
4,68,33.26967055631714
4,69,31.363139792347646
4,70,30.619433727335466
4,71,29.555486198138542
4,72,27.662706968551728
4,73,29.86912667644927
4,74,30.34570690967256
4,75,32.16652278009059
4,76,35.65221319735788
4,77,37.643156178713745
4,78,39.78197520907985
4,79,36.520922586948615
4,80,36.644412157026316
4,81,33.993989204195245
4,82,34.9804653515953
4,83,33.788647420900645
4,84,34.79774272610356
4,85,34.85772636113126
4,86,36.35439671828472
4,87,37.847894664774294
4,88,38.84041129602256
4,89,41.886077539936984
4,90,45.08395914466016
4,91,48.435516526377995
4,92,49.76006194282341
4,93,47.31356366301201
4,94,47.94847143075122
4,95,51.68322265454016
4,96,51.40026907811875
4,97,50.34185484795101
4,98,51.24573632540735
4,99,48.54900968990409
4,100,45.1922454065518
4,101,43.32708176720569
4,102,40.47069056074697
4,103,39.856518852900656
4,104,37.73846985128127
4,105,36.47300725008892
4,106,35.84215105941687
4,107,35.77780912627201
4,108,38.03989155950413
4,109,40.47359686509802
4,110,41.02843393727585
4,111,42.64385235373454
4,112,43.818647804574745
4,113,45.335717540148494
4,114,47.33025066707835
4,115,49.01747011436868
4,116,51.24395409073313
4,117,53.27949910663581
5,1,7.469148918208761
5,2,5.454960937047096
5,3,5.839300967595548
5,4,3.7857754000056776
5,6,3.772183935056949
5,7,6.493002904333679
5,8,9.342573603654765
5,9,11.300216147089186
5,10,14.892151391103923
5,11,17.7169869210599
5,12,20.104880536932566
5,13,23.698969332172275
5,14,26.45363562962124
5,15,29.808953985989703
5,16,32.46720490274659
5,17,35.09455701795246
5,18,37.122017965407316
5,19,35.793944964005576
5,20,37.15211252744285
5,21,37.53432619990432
5,22,36.85863761270429
5,23,39.75068371609674
5,24,38.795441177049256
5,25,40.639371114133226
5,26,40.939596236481236
5,27,42.34520746800761
5,28,43.64942400521879
5,29,43.611289696156014
5,30,45.73753466779183
5,31,48.68294864906052
5,32,48.201501875146505
5,33,45.178534667398274
5,34,46.78608988897471
5,35,49.56291670827415
5,36,46.84851682582173
5,37,45.727218299869094
5,38,42.42215370956016
5,39,41.50423930267036
5,40,38.8630862764805
5,41,38.60205390697865
5,42,37.49925740702568
5,43,36.583168201061454
5,44,36.16389056519845
5,45,35.08831661421459
5,46,35.673415643367136
5,47,36.69808467100313
5,48,34.61460720865731
5,49,32.731408756709406
5,50,30.090065868355328
5,51,28.192387647864727
5,52,26.88932462447318
5,53,28.503408322864583
5,54,28.425471669251465
5,55,30.839740489883884
5,56,32.42400083554343
5,57,34.95967112295378
5,58,37.76040355566135
5,59,40.696003177157586
5,60,43.78845471729505
5,61,41.650148491991864
5,62,39.368730877372656
5,63,35.74438090831837
5,64,34.40939362383206
5,65,30.904230751413472
5,66,31.92887644806805
5,67,31.41386775741781
5,68,30.212252643951395
5,69,28.48638972176024
5,70,27.680759916378044
5,71,26.833673505537288
5,72,24.8974073774319
5,73,27.09785936351561
5,74,27.9294496896175
5,75,29.881242163609265
5,76,33.473377302494555
5,77,35.70276514932722
5,78,37.63700167013691
5,79,34.288314924077824
5,80,34.11706346268486
5,81,31.34977059501863
5,82,32.3001731173484
5,83,30.982814886351484
5,84,31.9966904935339
5,85,31.909990705404013
5,86,33.51117570008604
5,87,34.90616151170891
5,88,36.065020351499264
5,89,39.07522742948251
5,90,42.3737902331867
5,91,45.70208161504361
5,92,46.94296275773921
5,93,44.345966502250675
5,94,44.97314685678145
5,95,48.66785411142153
5,96,48.31127289104115
5,97,47.10552485673415
5,98,47.96379754442543
5,99,45.19619016938742
5,100,41.88859461668023
5,101,39.94876109125383
5,102,37.13329475551102
5,103,36.37853790473528
5,104,34.31712823127204
5,105,32.967345963962515
5,106,32.44023147384717
5,107,32.358154054205805
5,108,34.49000292819678
5,109,36.96920485623068
5,110,37.48415178987287
5,111,39.20801344722007
5,112,40.38437517069599
5,113,42.018820150454
5,114,44.0118510046324
5,115,45.82063914771444
5,116,48.078147053813545
5,117,50.24588255952747
6,1,10.646812638688212
6,2,8.306997905892402
6,3,8.976551261204552
6,4,6.6822894879107055
6,5,3.772183935056949
6,7,3.7514830233317094
6,8,6.468257680078553
6,9,7.791128492165237
6,10,11.426454903080666
6,11,14.069216485799581
6,12,16.4501649077504
6,13,20.00561606007251
6,14,22.766471517171208
6,15,26.14417020476477
6,16,28.755144748320948
6,17,31.364408452922905
6,18,33.4458544095295
6,19,32.18965072934062
6,20,33.55545770976744
6,21,34.05538000065665
6,22,33.41271288682407
6,23,36.34109013118756
6,24,35.55887320651849
6,25,37.52260590934817
6,26,38.04098189127833
6,27,39.55810761947542
6,28,41.088333446998384
6,29,41.22858461922126
6,30,43.305994158088446
6,31,46.37233205934809
6,32,46.043530009471525
6,33,43.09558531669404
6,34,44.73680663977399
6,35,47.648973064782126
6,36,45.07179967557692
6,37,44.06665655239767
6,38,40.62807892927989
6,39,39.49184457192239
6,40,36.63779841581897
6,41,36.14397815489906
6,42,34.7877533261894
6,43,33.67683970654332
6,44,33.029598734069765
6,45,31.79858696226812
6,46,32.211258283350546
6,47,33.10142345488893
6,48,31.02045421602732
6,49,29.080855297222556
6,50,26.4538782848011
6,51,24.5776409944942
6,52,23.438376198672508
6,53,25.263830668257185
6,54,25.480642547843246
6,55,28.059032887799493
6,56,29.934125413444054
6,57,32.57708094139927
6,58,35.54174072697419
6,59,38.59872696742828
6,60,41.71048502925082
6,61,39.53284140951988
6,62,37.49943051571104
6,63,33.81355046350974
6,64,32.54029168116073
6,65,29.19994500968361
6,66,30.364254465485473
6,67,29.66572872221689
6,68,28.112234323550908
6,69,26.188578176074067
6,70,24.99507389655916
6,71,23.88802607183521
6,72,21.671768447333243
6,73,23.64885724387251
6,74,24.41462284068103
6,75,26.236792893973625
6,76,29.86008840112351
6,77,32.063808827634894
6,78,33.9265747575384
6,79,30.548133322216447
6,80,30.415862251064205
6,81,27.723915802433314
6,82,28.825367075137006
6,83,27.705161099909215
6,84,28.967298859239115
6,85,29.144352709867714
6,86,31.01704835854443
6,87,32.670372100098724
6,88,34.113260640849674
6,89,37.28592663117989
6,90,40.709686828327825
6,91,43.87795988501405
6,92,45.29940415412554
6,93,42.62799169451943
6,94,42.97977724078876
6,95,46.678866634909255
6,96,46.52136780718087
6,97,45.18757618395105
6,98,45.79402832070064
6,99,42.89807376034366
6,100,39.503017096399965
6,101,37.38170447445605
6,102,34.39311318183685
6,103,33.61026687027171
6,104,31.325183970327224
6,105,29.94073958541545
6,106,29.193048224972863
6,107,29.12005572381934
6,108,31.45355740862194
6,109,33.84957899794758
6,110,34.500233570763825
6,111,36.130852252459775
6,112,37.46684996781375
6,113,39.11380455301967
6,114,41.29322180157786
6,115,43.17393637856755
6,116,45.61051976383943
6,117,47.853067762506164
7,1,11.469470994011097
7,2,9.4727100027994
7,3,11.328700451751839
7,4,9.916839383894184
7,5,6.493002904333679
7,6,3.7514830233317094
7,8,3.7867657390067935
7,9,5.183517312720927
7,10,8.585104839816621
7,11,11.700267936059825
7,12,14.15579436182792
7,13,17.737706562132125
7,14,20.678067128251175
7,15,23.815302180840337
7,16,26.72601792628041
7,17,29.21918835051472
7,18,31.011665885083943
7,19,29.565345548189544
7,20,31.06164839564067
7,21,31.504743983050826
7,22,31.131659470267497
7,23,34.234439046447385
7,24,33.49402023053096
7,25,35.684217207913036
7,26,36.29996585833039
7,27,38.11032509993084
7,28,39.70375211697851
7,29,40.153546748177995
7,30,42.438200777560226
7,31,45.6579517151455
7,32,45.63429497548204
7,33,42.58843040563326
7,34,43.98296448836266
7,35,47.07082139638876
7,36,44.717423772194806
7,37,43.53468026753295
7,38,40.02362095862892
7,39,38.57909683507044
7,40,35.65837169798569
7,41,34.835436145450075
7,42,33.489113943018744
7,43,32.06809371847234
7,44,31.471786599118932
7,45,29.959375209709346
7,46,30.489300362615598
7,47,31.259436921081576
7,48,28.868895334289743
7,49,26.78399871044288
7,50,24.036025285365053
7,51,22.43145791988475
7,52,20.91975715180794
7,53,22.70542235297133
7,54,22.927895031391277
7,55,25.731702602640798
7,56,27.52328340637028
7,57,30.414077496672544
7,58,33.25839348231593
7,59,36.48262359295899
7,60,39.42022829053825
7,61,37.02046502734968
7,62,35.109941396247905
7,63,31.504046345585166
7,64,30.581369274609894
7,65,27.39522226956998
7,66,28.977894463183926
7,67,28.577203029666354
7,68,26.71864258788317
7,69,25.079836840873057
7,70,23.67198237696518
7,71,22.806252607919863
7,72,20.382434642176495
7,73,22.09416450101602
7,74,23.308917129018422
7,75,25.080735490401242
7,76,28.825384055015572
7,77,31.196552683955716
7,78,32.69096244094035
7,79,29.166107132802495
7,80,28.750725398763578
7,81,26.066430605092446
7,82,27.313477990726586
7,83,26.201417875710497
7,84,27.6294493761302
7,85,27.707000264775264
7,86,29.824923725795383
7,87,31.375131090104865
7,88,33.110877982910175
7,89,36.21449118645378
7,90,39.7636997704818
7,91,42.85587246350656
7,92,44.15813356353924
7,93,41.2707028282453
7,94,41.58005697157477
7,95,45.192210627414816
7,96,44.935297583438555
7,97,43.34612824402402
7,98,43.834694658180766
7,99,40.79460082022872
7,100,37.48920569857619
7,101,35.174925437544346
7,102,32.211801198563116
7,103,31.102156272909657
7,104,28.80396665245278
7,105,27.126231482260565
7,106,26.358206370924687
7,107,26.03467059276496
7,108,28.228518546747843
7,109,30.815115644215883
7,110,31.593989262552427
7,111,33.469185861075744
7,112,34.952645259540134
7,113,36.86246541034824
7,114,39.12612763865013
7,115,41.25196916438027
7,116,43.788708924953134
7,117,46.25653490425581
8,1,14.154934201172857
8,2,12.806155047472895
8,3,14.729316324565096
8,4,12.89291282303919
8,5,9.342573603654765
8,6,6.468257680078553
8,7,3.7867657390067935
8,9,3.7863719718704223
8,10,7.064730571359382
8,11,9.554881227142559
8,12,12.698771416781197
8,13,15.895489730113615
8,14,19.2282270016703
8,15,22.113100332419375
8,16,25.118271306163763
8,17,27.239932712416394
8,18,28.818613939532703
8,19,27.07242750568526
8,20,28.2621034524701
8,21,28.41628282258892
8,22,27.861294589140627
8,23,30.882424660684954
8,24,29.961479874871472
8,25,32.077159143259536
8,26,32.59863259934216
8,27,34.426967213746536
8,28,35.98476251268445
8,29,36.49815417260946
8,30,38.858557317363264
8,31,42.11992273344073
8,32,42.21897673053656
8,33,39.12917315300852
8,34,40.42223414868413
8,35,43.57571588553702
8,36,41.32947499742053
8,37,40.0944056517842
8,38,36.54790682749211
8,39,34.979549765973275
8,40,32.034394484147896
8,41,31.126673281031554
8,42,29.826370265434353
8,43,28.39089912261786
8,44,27.927849068947648
8,45,26.486024325834588
8,46,27.24096854116144
8,47,28.235846729956894
8,48,25.865524789201924
8,49,24.051883184655896
8,50,21.392264098115362
8,51,19.52296775910681
8,52,17.788296084505745
8,53,19.278467143160412
8,54,19.29598078074101
8,55,21.997908610334377
8,56,23.791088180853222
8,57,26.646022557145486
8,58,29.534151824433913
8,59,32.754114089611065
8,60,35.72636371621846
8,61,33.38221124187394
8,62,31.5159005226062
8,63,27.870536317572107
8,64,26.91155908261024
8,65,23.790978381557707
8,66,25.431737875208857
8,67,25.018204245070987
8,68,23.02657295879847
8,69,21.446176229889687
8,70,20.00815871925996
8,71,19.333447221413905
8,72,17.022756592136226
8,73,18.89202486679775
8,74,20.44179362599737
8,75,22.51244946847334
8,76,26.246946517198626
8,77,28.90836618625684
8,78,30.326479999390358
8,79,26.865861719146622
8,80,26.086768411902618
8,81,23.170130533971744
8,82,24.151223388451896
8,83,22.795695336673024
8,84,24.088738999873694
8,85,24.02413949488318
8,86,26.15903631095916
8,87,27.673432702346144
8,88,29.508590207276885
8,89,32.61509901560238
8,90,36.210788307767274
8,91,39.24311089699652
8,92,40.55956513404034
8,93,37.62880298114085
8,94,37.87026971804282
8,95,41.46857707961607
8,96,41.25057505023388
8,97,39.630513686722374
8,98,40.071868565843666
8,99,37.027566509934076
8,100,33.707483753796254
8,101,31.407952821050536
8,102,28.45775572018115
8,103,27.417285373030587
8,104,25.19173427450064
8,105,23.6724868194798
8,106,23.121206421962786
8,107,23.109277520021962
8,108,25.22911160837929
8,109,27.632833588869943
8,110,28.184503656211252
8,111,29.965370596086675
8,112,31.314648050640823
8,113,33.16249036408012
8,114,35.37197608454007
8,115,37.47783866866167
8,116,40.003506204351886
8,117,42.486251948567244
9,1,16.611063937975803
9,2,14.558047239214138
9,3,16.18967272374516
9,4,14.425353064034068
9,5,11.300216147089186
9,6,7.791128492165237
9,7,5.183517312720927
9,8,3.7863719718704223
9,10,3.789673905176087
9,11,6.522805548621593
9,12,9.21468632930603
9,13,12.65312857580104
9,14,15.762576130688712
9,15,18.836527560797734
9,16,21.748377319765552
9,17,24.114705466260382
9,18,25.915629943488913
9,19,24.50381153117655
9,20,25.9828497227091
9,21,26.57387471072821
9,22,26.269816120459364
9,23,29.43953078190847
9,24,28.969173197893696
9,25,31.35992776204957
9,26,32.31775618139604
9,27,34.31943707218054
9,28,36.24256471386213
9,29,36.99164144462773
9,30,39.204984229168666
9,31,42.583009677839236
9,32,42.81865003376513
9,33,39.904638776521274
9,34,41.29648383205457
9,35,44.55995619455069
9,36,42.4573716903472
9,37,41.435249028219665
9,38,37.78095471223345
9,39,36.006670482941374
9,40,32.81327876013924
9,41,31.60742131013985
9,42,29.895759325263494
9,43,28.141937802925757
9,44,27.205292466179824
9,45,25.41197902599078
9,46,25.69742995038625
9,47,26.249795252460775
9,48,23.814852731430495
9,49,21.644767414670483
9,50,18.90499183151122
9,51,17.35515141723487
9,52,16.043076518900122
9,53,18.18578396051202
9,54,18.939697049780904
9,55,22.01053740795812
9,56,24.25567582937945
9,57,27.28733059236569
9,58,30.336427319753078
9,59,33.709075743185394
9,60,36.62806134286042
9,61,34.193744599317164
9,62,32.70867003635131
9,63,29.078781245141975
9,64,28.29533176956258
9,65,25.477804680981535
9,66,27.259705547085336
9,67,26.619872208082327
9,68,24.234010189354283
9,69,22.381253731981626
9,70,20.34415916553417
9,71,19.13063300194961
9,72,16.244670248315813
9,73,17.44574715948076
9,74,18.686183178059082
9,75,20.237655488546885
9,76,24.026771926526788
9,77,26.418948116709164
9,78,27.705740658684906
9,79,24.127613935720273
9,80,23.658714412384935
9,81,21.078250267077422
9,82,22.574457294014028
9,83,21.786694380921674
9,84,23.630005037636717
9,85,24.11166859699967
9,86,26.65753422345195
9,87,28.559314492342466
9,88,30.72665246304153
9,89,33.99821943925418
9,90,37.67783858340626
9,91,40.48139160772688
9,92,42.01836835727843
9,93,39.04754831500641
9,94,38.94060373087649
9,95,42.5077354367711
9,96,42.54153894749239
9,97,40.76720360064053
9,98,40.86506126026421
9,99,37.65424187296035
9,100,34.25862915555324
9,101,31.673723844556285
9,102,28.472891838957842
9,103,27.302678212234447
9,104,24.65717152980952
9,105,22.91607390171499
9,106,21.78150519847368
9,107,21.487406760156034
9,108,24.00946087597287
9,109,26.431037921206215
9,110,27.419642478238664
9,111,29.13959020193941
9,112,30.87492300926873
9,113,32.809315594244374
9,114,35.35046944333896
9,115,37.588270184053606
9,116,40.380831930921566
9,117,42.95687753419624
10,1,19.725715588934786
10,2,17.620637124031575
10,3,19.43031058044528
10,4,17.94724560995518
10,5,14.892151391103923
10,6,11.426454903080666
10,7,8.585104839816621
10,8,7.064730571359382
10,9,3.789673905176087
10,11,3.7878644172187936
10,12,5.92484188632455
10,13,9.360804333584422
10,14,12.482825121818859
10,15,15.3509436402128
10,16,18.46035884429628
10,17,20.80846006181903
10,18,22.467741977463785
10,19,21.100528553571777
10,20,22.853280013946435
10,21,23.676359391200787
10,22,23.767080285444933
10,23,27.135505600878115
10,24,27.004911557444284
10,25,29.722074065718935
10,26,31.02807856350467
10,27,33.33737943026928
10,28,35.515192326190196
10,29,36.63456230588541
10,30,38.877829212575215
10,31,42.39918427837564
10,32,42.93954882828352
10,33,40.09954593269794
10,34,41.35611076507037
10,35,44.776608698579636
10,36,42.94689228755354
10,37,41.944214155118296
10,38,38.2206305675297
10,39,36.1226513473398
10,40,32.77846736698054
10,41,31.158862244765064
10,42,29.224143509552665
10,43,27.056093156610228
10,44,25.871160818124117
10,45,23.649427523852776
10,46,23.719325864702665
10,47,23.867927870885506
10,48,21.157274850851827
10,49,18.655737065206957
10,50,15.794935935611408
10,51,14.778147029353374
10,52,13.45047238538114
10,53,15.979989220856442
10,54,17.269182428413323
10,55,20.690058593770654
10,56,23.135344985974875
10,57,26.400816078493843
10,58,29.41923296807189
10,59,32.95977985647488
10,60,35.68584049848761
10,61,33.07310584284473
10,62,31.965084002065378
10,63,28.46007785480492
10,64,28.053174273453855
10,65,25.623956350146454
10,66,27.74113222570857
10,67,27.17677577170553
10,68,24.384150160665087
10,69,22.6365978750499
10,70,20.130697175028953
10,71,18.83321305122563
10,72,15.564012166290357
10,73,15.97498758236971
10,74,17.382579686290303
10,75,18.478942520113105
10,76,22.28541214115383
10,77,24.606981137027212
10,78,25.45403470582157
10,79,21.746017645851982
10,80,21.208247062334426
10,81,18.918309906484506
10,82,20.844550995770376
10,83,20.466968579516873
10,84,22.75284923955893
10,85,23.494244884709847
10,86,26.424930920206734
10,87,28.450031002424552
10,88,30.99756168306978
10,89,34.26304835879964
10,90,38.02704974648615
10,91,40.591983530843784
10,92,42.171698577990085
10,93,39.06157745149954
10,94,38.695388337713204
10,95,42.14000273882003
10,96,42.27370851634943
10,97,40.240738312732475
10,98,40.02309389723956
10,99,36.63433534609364
10,100,33.293373740130114
10,101,30.41218172926609
10,102,27.111361386521352
10,103,25.627156323604623
10,104,22.722505072796732
10,105,20.628988258413973
10,106,19.070421471841644
10,107,18.387988742289284
10,108,21.080183720584696
10,109,23.610927511514245
10,110,24.98854380189366
10,111,26.820440602631116
10,112,28.91122435569632
10,113,31.07482192894713
10,114,33.871159723118204
10,115,36.349599428888986
10,116,39.360848067560006
10,117,42.133053226426554
11,1,23.074619134663156
11,2,20.993844678568976
11,3,22.532219764662706
11,4,20.641047916266427
11,5,17.7169869210599
11,6,14.069216485799581
11,7,11.700267936059825
11,8,9.554881227142559
11,9,6.522805548621593
11,10,3.7878644172187936
11,12,3.7938989991592904
11,13,6.37689890346998
11,14,9.870029935983144
11,15,12.673196353458904
11,16,15.607800427640573
11,17,17.704529310899073
11,18,19.475698278349913
11,19,18.129253510721583
11,20,19.629352042041386
11,21,20.522273712565344
11,22,20.428510565865974
11,23,23.725813243470203
11,24,23.76768178514945
11,25,26.506272046620378
11,26,28.031809156005572
11,27,30.341172949129483
11,28,32.74150570628003
11,29,33.96280633543575
11,30,36.05022652474609
11,31,39.614083242524906
11,32,40.24902675540221
11,33,37.567840690485006
11,34,38.89850085847689
11,35,42.36536573861623
11,36,40.67057833019647
11,37,39.86716295228309
11,38,36.09569348458767
11,39,33.872674674395185
11,40,30.3733717300666
11,41,28.591746682369745
11,42,26.367759133264226
11,43,24.079640760666486
11,44,22.592199036569433
11,45,20.285476560602575
11,46,20.110767465137545
11,47,20.19216993763686
11,48,17.62272446199449
11,49,15.223115073516311
11,50,12.475013263537262
11,51,11.187061693369438
11,52,10.341115681215086
11,53,13.224088932923669
11,54,15.022682691821066
11,55,18.4325825571898
11,56,21.294643429318814
11,57,24.449261966140515
11,58,27.667130549621955
11,59,31.1770307058914
11,60,33.960594199526355
11,61,31.50002474744162
11,62,30.691499558665466
11,63,27.178227953443127
11,64,26.68692682527037
11,65,24.55296214246398
11,66,26.568829438614
11,67,25.679864019568683
11,68,22.645501657167575
11,69,20.64037008628955
11,70,17.73231727545667
11,71,16.05421278686861
11,72,12.524752410532098
11,73,12.466807820891871
11,74,13.757793293698752
11,75,14.731343040197777
11,76,18.533534092664553
11,77,20.919250089211324
11,78,21.735530039404377
11,79,18.05628350536689
11,80,17.461704435926286
11,81,15.162551805010946
11,82,17.195662905079672
11,83,17.092144306416888
11,84,19.653754335331772
11,85,20.793030457687482
11,86,23.93919858585127
11,87,26.275146110694354
11,88,29.017451882455905
11,89,32.39922292815958
11,90,36.1669592448081
11,91,38.50016090453296
11,92,40.308299336447035
11,93,37.26124798901811
11,94,36.574768995331155
11,95,39.99334558807213
11,96,40.41424804049105
11,97,38.38153751137527
11,98,37.907287042222244
11,99,34.49009502061203
11,100,31.055433945115183
11,101,28.092355980075382
11,102,24.612233373689325
11,103,23.316033800568224
11,104,20.156585125213017
11,105,18.291255314858724
11,106,16.465818933339108
11,107,16.150219099054038
11,108,19.198959426433284
11,109,21.308986840163662
11,110,22.69189072338378
11,111,24.158466415408775
11,112,26.32238883110485
11,113,28.30903727934134
11,114,31.26023868813746
11,115,33.6707593281789
11,116,36.8152107075653
11,117,39.54179700163567
12,1,25.38224311611939
12,2,22.960523700648302
12,3,24.38605700214621
12,4,22.755847515936285
12,5,20.104880536932566
12,6,16.4501649077504
12,7,14.15579436182792
12,8,12.698771416781197
12,9,9.21468632930603
12,10,5.92484188632455
12,11,3.7938989991592904
12,13,3.8140914118894202
12,14,6.581818264328115
12,15,9.707393646056893
12,16,12.599168071469041
12,17,15.167420563608575
12,18,17.200505384174733
12,19,16.436563157337385
12,20,18.49916628082739
12,21,20.044997790629623
12,22,20.470805362019114
12,23,23.894589888807147
12,24,24.527129942367324
12,25,27.547525793723878
12,26,29.507616873200718
12,27,31.988009746806235
12,28,34.67056495059303
12,29,36.128519541894455
12,30,38.07823113011441
12,31,41.69504555203377
12,32,42.474119559237515
12,33,39.97250497906103
12,34,41.32239321312783
12,35,44.84262357312882
12,36,43.308983252525046
12,37,42.64960451761275
12,38,38.857721904800904
12,39,36.48798938360493
12,40,32.880233456500214
12,41,30.853564305970213
12,42,28.35601792644118
12,43,25.789654098957683
12,44,23.891787548304055
12,45,21.21469878373708
12,46,20.469778976247543
12,47,19.84333946630273
12,48,17.17161093497047
12,49,14.194375790571216
12,50,11.407339734583429
12,51,11.128298242936237
12,52,10.999234277225979
12,53,14.446041228560777
12,54,16.918352130901525
12,55,20.488099422864178
12,56,23.51769717319885
12,57,26.75411552280199
12,58,29.922701772461526
12,59,33.50013773220923
12,60,36.106378394677755
12,61,33.5458195455963
12,62,33.081877834586194
12,63,29.71968762033317
12,64,29.485341363608676
12,65,27.639031381841228
12,66,29.773721922711626
12,67,28.851091882323573
12,68,25.6414767893311
12,69,23.60906547316981
12,70,20.416881908031144
12,71,18.464139521984087
12,72,14.729523182345215
12,73,13.74906079357144
12,74,14.553674368956992
12,75,14.545721534963842
12,76,18.18807155434063
12,77,20.051671460326563
12,78,20.49942245963522
12,79,16.698697340626783
12,80,16.58920529295943
12,81,15.054698485037436
12,82,17.78300416748689
12,83,18.447541831208767
12,84,21.47327227027896
12,85,23.040348202815682
12,86,26.418985184711442
12,87,28.93429830989312
12,88,31.87313106937238
12,89,35.26612692046704
12,90,39.03437107068384
12,91,41.156480188128896
12,92,43.06310403859803
12,93,39.99265841801464
12,94,39.06659897431545
12,95,42.376847762272135
12,96,42.94601122626336
12,97,40.765107151992396
12,98,40.004734932028555
12,99,36.480284210510504
12,100,33.10556931762449
12,101,29.92676054932775
12,102,26.368212949330708
12,103,24.873939497559192
12,104,21.45042839177055
12,105,19.302854538627024
12,106,16.83553553318836
12,107,15.941473759045538
12,108,19.279192911688007
12,109,21.433129003563838
12,110,23.37635896865174
12,111,24.83716018267717
12,112,27.413788947713115
12,113,29.527935800383514
12,114,32.744219685841614
12,115,35.29521027259917
12,116,38.63478899203925
12,117,41.45000014579451
13,1,29.03157714166628
13,2,26.708041260319956
13,3,28.13062623272978
13,4,26.369418856700342
13,5,23.698969332172275
13,6,20.00561606007251
13,7,17.737706562132125
13,8,15.895489730113615
13,9,12.65312857580104
13,10,9.360804333584422
13,11,6.37689890346998
13,12,3.8140914118894202
13,14,3.8021881463054448
13,15,6.345322337377049
13,16,9.268895173389911
13,17,11.484463640281602
13,18,13.49861842679175
13,19,12.822695592432192
13,20,14.87609486426355
13,21,16.697217289586202
13,22,17.294690951296182
13,23,20.722631260252747
13,24,21.744398990290446
13,25,24.92771508885996
13,26,27.226330678501057
13,27,29.842954927778383
13,28,32.76530773819335
13,29,34.48211952555447
13,30,36.32103634405027
13,31,39.989222901200115
13,32,41.00024182828066
13,33,38.670699345184566
13,34,39.95381277260483
13,35,43.53963510658362
13,36,42.267428101677844
13,37,41.73664344530839
13,38,37.94558129598939
13,39,35.36439787130818
13,40,31.666028031573564
13,41,29.3486175032733
13,42,26.609533104976997
13,43,23.78319439239226
13,44,21.572287070872346
13,45,18.618455260428483
13,46,17.5145870006624
13,47,16.474475355715093
13,48,13.75254429477645
13,49,10.578305306615306
13,50,7.8872420645062755
13,51,8.189480952449822
13,52,8.809374096401209
13,53,12.550698531152495
13,54,15.620350876005732
13,55,19.12115495868811
13,56,22.385958379694717
13,57,25.532923305747545
13,58,28.703631547503928
13,59,32.250899608626725
13,60,34.730047489806246
13,61,32.235413818012944
13,62,32.181768885342045
13,63,28.976986340088907
13,64,28.89176368182846
13,65,27.488773538111474
13,66,29.657256715289805
13,67,28.620809658784864
13,68,25.183096223941007
13,69,23.163548990072726
13,70,19.660375559998165
13,71,17.578216813692524
13,72,13.820209136515778
13,73,11.909681531186559
13,74,12.638359348250825
13,75,12.021226967915576
13,76,15.443274555707427
13,77,17.247417485990063
13,78,17.23216614457047
13,79,13.412775507094958
13,80,13.16790251302961
13,81,12.049777120491754
13,82,15.157876322194785
13,83,16.374127792833537
13,84,19.740865621317447
13,85,21.66342688750957
13,86,25.257263259241288
13,87,27.9358015956359
13,88,31.112637946474724
13,89,34.47923680110966
13,90,38.215749621062116
13,91,40.02993633709591
13,92,42.06340831933142
13,93,39.006463577140494
13,94,37.759197067092494
13,95,40.92754250586865
13,96,41.72081737307333
13,97,39.435905764628046
13,98,38.35032325811434
13,99,34.773302572626996
13,100,31.443450258091218
13,101,28.121355549523827
13,102,24.494956440720777
13,103,22.997412337868166
13,104,19.36391318437245
13,105,17.271108613583195
13,106,14.37041560939077
13,107,13.533432065434914
13,108,17.15344992649135
13,109,18.910038999463822
13,110,21.06539515169232
13,111,22.251071426389096
13,112,25.047577197138168
13,113,27.119360518843862
13,114,30.529209017575287
13,115,33.125673529561084
13,116,36.62165814903652
13,117,39.476557738188426
14,1,31.847194956165122
14,2,29.27022781840277
14,3,30.507856862962907
14,4,28.86257943706886
14,5,26.45363562962124
14,6,22.766471517171208
14,7,20.678067128251175
14,8,19.2282270016703
14,9,15.762576130688712
14,10,12.482825121818859
14,11,9.870029935983144
14,12,6.581818264328115
14,13,3.8021881463054448
14,15,3.826752113105016
14,16,6.081434315212652
14,17,9.0944731777764
14,18,11.673730639214776
14,19,12.067541076061723
14,20,14.603145298133452
14,21,17.161563121692257
14,22,18.178684769848587
14,23,21.491375375418908
14,24,23.11229856442248
14,25,26.405105459995703
14,26,29.070598576892436
14,27,31.719109715732266
14,28,34.87283574100898
14,29,36.727921261590446
14,30,38.34999873659857
14,31,42.003198923530185
14,32,43.09209449608348
14,33,40.99113224796015
14,34,42.341346169120236
14,35,45.92004387067102
14,36,44.778750466836584
14,37,44.442074016765595
14,38,40.66610568788639
14,39,38.023997848225434
14,40,34.26463137818554
14,41,31.818764311168525
14,42,28.8479860562356
14,43,25.90271610067364
14,44,23.32464699480845
14,45,20.208983177663942
14,46,18.491279323137352
14,47,16.7215208022623
14,48,14.22998642100333
14,49,10.73203039235726
14,50,8.58660220846789
14,51,9.942889181226798
14,52,11.411893021974992
14,53,15.16643235762568
14,54,18.560014600214913
14,55,21.958581440522313
14,56,25.308059345084594
14,57,28.378614115539676
14,58,31.500661848532392
14,59,35.01153599711765
14,60,37.35339936118203
14,61,34.87425027883167
14,62,35.11506499360561
14,63,32.05205225167804
14,64,32.08521816548751
14,65,30.901210778314145
14,66,33.05356549131805
14,67,31.91079441418546
14,68,28.412662780514
14,69,26.31293822988192
14,70,22.679069462070057
14,71,20.35607716012819
14,72,16.635821575874743
14,73,14.195666133942387
14,74,14.239685929693547
14,75,12.603981932937963
14,76,15.493982394380176
14,77,16.511301814575837
14,78,16.087660326749347
14,79,12.354011514650942
14,80,12.896722468020817
14,81,12.88229660734128
14,82,16.458975713051284
14,83,18.389161115279013
14,84,22.000396015406746
14,85,24.295159591311972
14,86,27.964851424865167
14,87,30.80622200120589
14,88,34.06707914373402
14,89,37.441693515999575
14,90,41.12710191068889
14,91,42.73032484478305
14,92,44.8910522029254
14,93,41.88588266659175
14,94,40.40771046142071
14,95,43.46715336226845
14,96,44.44601016545522
14,97,42.10275231283574
14,98,40.76428920779164
14,99,37.16260884658317
14,100,33.90112225197126
14,101,30.485422760710634
14,102,26.848204008215927
14,103,25.33242833739531
14,104,21.583271440795333
14,105,19.47094614404112
14,106,16.16430952787584
14,107,14.985877165904316
14,108,18.68972980882564
14,109,20.242659021947293
14,110,22.7963537932128
14,111,23.794440341015463
14,112,26.856957791425764
14,113,28.892175223704594
14,114,32.47562437178886
14,115,35.085988417064776
14,116,38.70922039197219
14,117,41.55481999831521
15,1,34.917578723762
15,2,32.50112957987141
15,3,33.949021921272085
15,4,32.378678514986085
15,5,29.808953985989703
15,6,26.14417020476477
15,7,23.815302180840337
15,8,22.113100332419375
15,9,18.836527560797734
15,10,15.3509436402128
15,11,12.673196353458904
15,12,9.707393646056893
15,13,6.345322337377049
15,14,3.826752113105016
15,16,3.7899641268701454
15,17,5.994360606752499
15,18,8.043081626844051
15,19,8.684425234067195
15,20,11.650775837456285
15,21,14.576983611670183
15,22,16.206253476997837
15,23,19.53880888578816
15,24,21.56386800593458
15,25,25.071919307874367
15,26,28.005702507527367
15,27,30.891746717378858
15,28,34.16514826829233
15,29,36.357664967512456
15,30,37.99965682669591
15,31,41.69562200603094
15,32,43.09787452933424
15,33,41.08710318577056
15,34,42.209703562786316
15,35,45.86039596652173
15,36,45.03002741431725
15,37,44.66681517512034
15,38,40.9370988244405
15,39,38.053884486214805
15,40,34.315041460008636
15,41,31.55120424000841
15,42,28.541468849406662
15,43,25.3115659220199
15,44,22.660173328681196
15,45,19.250301142288333
15,46,17.393067792003787
15,47,15.097144658361572
15,48,12.381297490698499
15,49,8.643680422461692
15,50,6.978503652959385
15,51,9.650138305149316
15,52,11.188328824690341
15,53,14.639913982700985
