1,2,3.819035503734878
1,3,6.816968601913429
1,4,8.645316866844512
1,5,6.719840787212966
1,6,7.026594425564432
1,7,10.491888804791122
1,8,11.252471956562742
1,9,10.878129331551376
1,10,12.564107519309049
1,11,15.12892118590444
1,12,15.877766811105406
1,13,16.590585895015455
1,14,18.597445716370583
1,15,20.41827906288734
1,16,21.447180912557723
1,17,22.71923377913859
1,18,24.61541778021154
1,19,26.113277478965262
1,20,27.4805391646692
1,21,28.652157761033617
1,22,29.99078832327544
1,23,31.961315834570303
1,24,33.418872471893984
1,25,34.42106576838671
1,26,35.87382997127981
1,27,38.269672608239695
1,28,39.038051738959616
1,29,39.77281040415475
1,30,41.728705396244834
1,31,44.046630042608165
1,32,47.10726910533427
1,33,47.27055372075519
1,34,50.079619132620074
1,35,48.93819792372709
1,36,45.21124453797605
1,37,43.40436966982703
1,38,39.892995339083804
1,39,41.17066494330569
1,40,39.83630934955085
1,41,36.14723245456602
1,42,35.30272860874644
1,43,36.46629477031587
1,44,34.81977645107046
1,45,31.36489507733859
1,46,32.15357650572604
1,47,33.39246651705821
1,48,30.192613806338347
1,49,28.15856783976359
1,50,30.426699555264108
1,51,30.367443706966334
1,52,26.60357376962435
1,53,26.392983972998167
1,54,29.51371926169589
1,55,31.691443046586137
1,56,34.431849439166136
1,57,37.11297483717241
2,1,3.819035503734878
2,3,3.831054793188849
2,4,5.710961194147627
2,5,5.504684999523042
2,6,6.469665398906899
2,7,8.895353366403814
2,8,10.157865348956676
2,9,11.069531250243568
2,10,12.340496522389381
2,11,14.278776173413782
2,12,15.764598091370372
2,13,16.998586783982905
2,14,18.366301335088327
2,15,20.043440530260547
2,16,21.72169198219588
2,17,22.928026753873237
2,18,24.280219454659676
2,19,26.007747211429507
2,20,27.789439084429485
2,21,28.665321678401476
2,22,29.651319218040406
2,23,31.937527735022325
2,24,33.53600772500561
2,25,34.156665309213054
2,26,35.45149663736328
2,27,38.141158287495735
2,28,38.85561432551826
2,29,39.22842549745723
2,30,41.219410224783346
2,31,43.79335918341842
2,32,46.704473367164276
2,33,46.62934553845757
2,34,49.48872091548018
2,35,48.34609883954004
2,36,44.665523218669215
2,37,43.05471281674704
2,38,39.5752343803352
2,39,41.118838632606945
2,40,40.12288925024717
2,41,36.55858385488249
2,42,35.8603065576204
2,43,36.668739519382086
2,44,34.80818045473962
2,45,31.536495589927195
2,46,32.21931785266533
2,47,33.046744566299786
2,48,29.799261298032214
2,49,27.858182636837206
2,50,29.81634495849586
2,51,29.4154414747039
2,52,25.638452224956602
2,53,25.39380865940276
2,54,28.18506252255318
2,55,30.618569088376187
2,56,33.36962720566925
2,57,36.25369352858565
3,1,6.816968601913429
3,2,3.831054793188849
3,4,3.807531689037215
3,5,5.358125157434166
3,6,5.029631807023007
3,7,6.059212936948874
3,8,8.442368154391685
3,9,9.982468559596919
3,10,10.222143454259797
3,11,11.883966939465928
3,12,14.144103135934177
3,13,15.32567706309526
3,14,15.9937819416582
3,15,17.862293272864715
3,16,19.97942832648254
3,17,20.79944690389196
3,18,21.794484002061566
3,19,23.893092034009282
3,20,25.7948120510264
3,21,26.260692295068953
3,22,27.145849639184036
3,23,29.730987673113898
3,24,31.227095637008322
3,25,31.517720225395845
3,26,32.868726599593906
3,27,35.729744377776804
3,28,36.24036674635391
3,29,36.41360134204391
3,30,38.556919683456464
3,31,41.24029902502637
3,32,43.99254864864938
3,33,43.880589131235915
3,34,46.85706899161588
3,35,45.8721750254965
3,36,42.2014893199077
3,37,40.841158440396356
3,38,37.325016486856256
3,39,38.91196290505992
3,40,38.19008247662716
3,41,34.72639766052502
3,42,34.350381529586386
3,43,35.0083668578284
3,44,32.839602841908864
3,45,29.772816526906187
3,46,30.65661274986118
3,47,31.119213703265984
3,48,27.726433035287826
3,49,26.14686216790423
3,50,28.080131450510976
3,51,27.253746336146513
3,52,23.480996671850185
3,53,23.62819634452959
3,54,26.15913585930958
3,55,28.92277769307379
3,56,31.4171028700048
3,57,34.53311773083668
4,1,8.645316866844512
4,2,5.710961194147627
4,3,3.807531689037215
4,5,3.806915857586494
4,6,5.496120374762668
4,7,5.214874806964885
4,8,6.189602556066834
4,9,8.86703516324421
4,10,9.772977362192016
4,11,10.30386998041856
4,12,12.411812879387183
4,13,14.47227708447581
4,14,15.08132284915113
4,15,16.178940560982223
4,16,18.57036840559498
4,17,19.898024151972635
4,18,20.49643496332664
4,19,22.23685737295965
4,20,24.57154732268873
4,21,25.264147266916805
4,22,25.676090122386874
4,23,28.17315469193807
4,24,30.06550847753221
4,25,30.33759161118343
4,26,31.277998515247564
4,27,34.23563689097643
4,28,35.05670046360312
4,29,35.035504280815644
4,30,36.89653685123459
4,31,39.72897719527052
4,32,42.525685900578644
4,33,42.136806835124
4,34,44.9513358999498
4,35,43.7294352129298
4,36,40.12771872420643
4,37,38.66606439686048
4,38,35.27730876325407
4,39,37.14177620043751
4,40,36.519279254265925
4,41,33.16131266589468
4,42,32.57444208581204
4,43,32.910890642874435
4,44,30.877113037148018
4,45,27.858627880935906
4,46,28.355164642680077
4,47,28.719640161139964
4,48,25.502740341553977
4,49,23.661347331502988
4,50,25.2644841242973
4,51,24.538896979563752
4,52,20.810288891210003
4,53,20.56462826623649
4,54,23.029781138358235
4,55,25.695670046699153
4,56,28.37264411670486
4,57,31.43289592219592
5,1,6.719840787212966
5,2,5.504684999523042
5,3,5.358125157434166
5,4,3.806915857586494
5,6,3.803415733360448
5,7,5.543451382588754
5,8,5.024944693011931
5,9,6.349530023180677
5,10,8.460005367352428
5,11,9.650655572429937
5,12,10.682733534285731
5,13,12.581388957168421
5,14,14.089981791857168
5,15,15.13872348950119
5,16,16.863985133022677
5,17,18.546524176315703
5,18,19.718822188452126
5,19,21.062593854973336
5,20,23.10680312858695
5,21,24.274187462277332
5,22,24.957600776397697
5,23,27.065337911891298
5,24,28.97060914204652
5,25,29.707460348723473
5,26,30.700915895601536
5,27,33.366449931532465
5,28,34.37972497956113
5,29,34.727077999456
5,30,36.45568606616092
5,31,39.05540188155975
5,32,42.06764271468722
5,33,41.86137204902823
5,34,44.57061919257992
5,35,43.25596368950211
5,36,39.60126330271445
5,37,37.85083462662534
5,38,34.4403105895712
5,39,36.10458993379403
5,40,35.10853647583951
5,41,31.600235688105286
5,42,30.747491260584333
5,43,31.38824290981542
5,44,29.639666269929425
5,45,26.360167716946318
5,46,26.84499721192465
5,47,27.700378187093687
5,48,24.55823219933402
5,49,22.449526689119715
5,50,24.371082337654688
5,51,24.137049852719937
5,52,20.378319289715087
5,53,20.01813839863961
5,54,22.96970351953829
5,55,25.274413105303186
5,56,28.040153211132882
5,57,30.84285115750713
6,1,7.026594425564432
6,2,6.469665398906899
6,3,5.029631807023007
6,4,5.496120374762668
6,5,3.803415733360448
6,7,3.794356300536103
6,8,5.210786813940774
6,9,5.226476187936159
6,10,5.88640079314288
6,11,8.282835179816017
6,12,9.79432310849354
6,13,10.632869911172428
6,14,11.951966754550751
6,15,13.874005776411098
6,16,15.461873448958663
6,17,16.47123138752682
6,18,17.943652946264947
6,19,19.761387790362317
6,20,21.394675176700353
6,21,22.22141632663718
6,22,23.349337250935093
6,23,25.618710153108413
6,24,27.099756470857738
6,25,27.78871334025117
6,26,29.20024065714358
6,27,31.79657625548576
6,28,32.46815071861773
6,29,32.98500319386016
6,30,35.01375545877921
6,31,37.473324105734
6,32,40.41905648613229
6,33,40.49802395484734
6,34,43.39204236661751
6,35,42.368732817968606
6,36,38.63951905834884
6,37,37.062452544941394
6,38,33.50163502799442
6,39,34.87130825599764
6,40,33.86292524241183
6,41,30.288696067480476
6,42,29.802293097019845
6,43,30.724828694454736
6,44,28.70367470918669
6,45,25.462266864216293
6,46,26.483833027466137
6,47,27.297557741921842
6,48,23.905065179551578
6,49,22.274610238749517
6,50,24.60242344047716
6,51,24.090201361207463
6,52,20.29915369893136
6,53,20.635408276210836
6,54,23.58293934189627
6,55,26.120873480526555
6,56,28.50220375659152
6,57,31.445877993953165
7,1,10.491888804791122
7,2,8.895353366403814
7,3,6.059212936948874
7,4,5.214874806964885
7,5,5.543451382588754
7,6,3.794356300536103
7,8,3.835656949979418
7,9,5.733722716421014
7,10,4.937446316984081
7,11,5.870190453858464
7,12,8.616724347758177
7,13,9.959455424593509
7,14,10.152176898647856
7,15,11.871132846221098
7,16,14.25468527613278
7,17,15.05208581817824
7,18,15.794665990813751
7,19,17.904536949904568
7,20,19.9555255861261
7,21,20.390051210285993
7,22,21.115105869512007
7,23,23.723443525083304
7,24,25.30987854140203
7,25,25.577045109659448
7,26,26.830705381177143
7,27,29.705234978356906
7,28,30.303638510739464
7,29,30.46485174366904
7,30,32.53096086120878
7,31,35.21752587111202
7,32,38.00461336759275
7,33,37.88093199125242
7,34,40.83107875845541
7,35,39.851835362662236
7,36,36.166369614732254
7,37,34.82108910410177
7,38,31.28543616646936
7,39,32.87348161031953
7,40,32.24004069963474
7,41,28.84274940811836
7,42,28.602808154723913
7,43,29.163006885519255
7,44,26.863917232473547
7,45,23.89377626998351
7,46,24.913434805073546
7,47,25.236675076718843
7,48,21.767910509317844
7,49,20.41635084418864
7,50,22.502122890391888
7,51,21.533203402376497
7,52,17.758446708083788
7,53,18.341178167725317
7,54,20.922754410938037
7,55,23.790181865794196
7,56,25.992625034675008
7,57,29.170062193495735
8,1,11.252471956562742
8,2,10.157865348956676
8,3,8.442368154391685
8,4,6.189602556066834
8,5,5.024944693011931
8,6,5.210786813940774
8,7,3.835656949979418
8,9,3.807673569470655
8,10,5.251947718757298
8,11,4.883105730174823
8,12,6.252061161545657
8,13,8.774140377200622
8,14,9.702182587440417
8,15,10.309725615359438
8,16,12.489167174246735
8,17,14.211955997486038
8,18,14.950379487420781
8,19,16.299905154424135
8,20,18.627479177270356
8,21,19.690079880840607
8,22,20.093476145506276
8,23,22.300070254694084
8,24,24.32885608613452
8,25,24.923083779002912
8,26,25.77143600162727
8,27,28.53160572723822
8,28,29.59415458518768
8,29,29.816610876198187
8,30,31.48915803486368
8,31,34.162962855410285
8,32,37.14345890967361
8,33,36.862875110397965
8,34,39.5721201020184
8,35,38.281501530388574
8,36,34.62786845640988
8,37,32.96558731181865
8,38,29.54278574069906
8,39,31.285006178842835
8,40,30.48044249762615
8,41,27.075800662497244
8,42,26.404953336225695
8,43,26.84632260298735
8,44,24.900390563918272
8,45,21.767402274217382
8,46,22.347423838539772
8,47,22.938215826302958
8,48,19.70221734933053
8,49,17.817680536551002
8,50,19.796795447693327
8,51,19.316882838701787
8,52,15.529789156780932
8,53,15.561611665105517
8,54,18.484419373407153
8,55,20.991767585927732
8,56,23.486322905377307
8,57,26.433040162036246
9,1,10.878129331551376
9,2,11.069531250243568
9,3,9.982468559596919
9,4,8.86703516324421
9,5,6.349530023180677
9,6,5.226476187936159
9,7,5.733722716421014
9,8,3.807673569470655
9,10,3.8069783157965165
9,11,5.364389622001876
9,12,5.0151363597177445
9,13,6.333897497670741
9,14,8.531038932060975
9,15,9.667065154636603
9,16,10.753591088258286
9,17,12.485575739552441
9,18,14.145587129802278
9,19,15.299534650738835
9,20,16.976544959632147
9,21,18.38046891703274
9,22,19.376671728383382
9,23,21.221207623087942
9,24,22.984221403306197
9,25,24.05535380268972
9,26,25.21162796751693
9,27,27.597590614689974
9,28,28.648100571643187
9,29,29.352391481621027
9,30,31.058657321126955
9,31,33.395763603124465
9,32,36.53955413318892
9,33,36.60858280815196
9,34,39.3071719178982
9,35,38.099371301767945
9,36,34.372362139601925
9,37,32.528514179437025
9,38,29.01777920163462
9,39,30.362335353124568
9,40,29.152286894550045
9,41,25.548722680183346
9,42,24.806396554550602
9,43,25.762907458077475
9,44,23.977713237132686
9,45,20.591956574950483
9,46,21.494581494810504
9,47,22.60445791798636
9,48,19.34434406565551
9,49,17.49140898278997
9,50,20.038405252375835
9,51,19.932946712368153
9,52,16.217948341601293
9,53,16.53957913995932
9,54,19.844962488636053
9,55,22.043873116230046
9,56,24.363537695312527
9,57,27.07630651288158
10,1,12.564107519309049
10,2,12.340496522389381
10,3,10.222143454259797
10,4,9.772977362192016
10,5,8.460005367352428
10,6,5.88640079314288
10,7,4.937446316984081
10,8,5.251947718757298
10,9,3.8069783157965165
10,11,3.8100103648158283
10,12,5.389256918676564
10,13,5.265215860765014
10,14,6.092672338233186
10,15,8.474734981784763
10,16,10.048444943773754
10,17,10.644086045157536
10,18,12.156008772717911
10,19,14.17201875930163
10,20,15.666723532290979
10,21,16.338313241662966
10,22,17.58494339855269
10,23,19.895061797007195
10,24,21.242096270982618
10,25,21.937935676202848
10,26,23.465522625604383
10,27,25.99567907383934
10,28,26.602743612527064
10,29,27.227468193699483
10,30,29.303195095745973
10,31,31.668462870499873
10,32,34.62384111229072
10,33,34.839343947608455
10,34,37.77639403219719
10,35,36.895038653572655
10,36,33.129747249688556
10,37,31.639428472829852
10,38,28.00120374457308
10,39,29.202039265541778
10,40,28.25406552411811
10,41,24.71084383533287
10,42,24.540331815787205
10,43,25.523269857959555
10,44,23.25969942594758
10,45,20.134016545353052
10,46,21.58306066106309
10,47,22.271536750798987
10,48,18.719114729843625
10,49,17.595128320743505
10,50,20.294052226246542
10,51,19.56844606044595
10,52,15.882266310863834
10,53,17.017853178702595
10,54,19.958491457968137
10,55,22.585797636082805
10,56,24.438690851699462
10,57,27.43112900498063
11,1,15.12892118590444
11,2,14.278776173413782
11,3,11.883966939465928
11,4,10.30386998041856
11,5,9.650655572429937
11,6,8.282835179816017
11,7,5.870190453858464
11,8,4.883105730174823
11,9,5.364389622001876
11,10,3.8100103648158283
11,12,3.826943145979506
11,13,5.630585417316085
11,14,5.108077667683796
11,15,6.017855524504123
11,16,8.7456120054388
11,17,9.816139177986944
11,18,10.231834691695948
11,19,12.074099137012883
11,20,14.372896487766692
11,21,15.013065280886464
11,22,15.474618502223255
11,23,17.94495877312724
11,24,19.763783770240565
11,25,20.168359499178496
11,26,21.206762341667094
11,27,24.018016299535958
11,28,24.869327906595522
11,29,25.100050283868015
11,30,26.954541293943432
11,31,29.59874147568552
11,32,32.50821121618503
11,33,32.370696782885084
11,34,35.21953247580207
11,35,34.16585224532238
11,36,30.458143257594745
11,37,29.011127393057432
11,38,25.46526369513566
11,39,27.051710250912418
11,40,26.423622746128874
11,41,23.078774348305277
11,42,22.87942480241509
11,43,23.343850462916464
11,44,20.994497305244927
11,45,18.06716733579182
11,46,19.187995170823413
11,47,19.46887274382042
11,48,15.95046157861189
11,49,14.780544871165196
11,50,17.12475339007717
11,51,16.161737378514474
11,52,12.41954968116802
11,53,13.542463148357688
11,54,16.28970890267053
11,55,19.08657888748333
11,56,20.93949160504865
11,57,24.06823089373274
12,1,15.877766811105406
12,2,15.764598091370372
12,3,14.144103135934177
12,4,12.411812879387183
12,5,10.682733534285731
12,6,9.79432310849354
12,7,8.616724347758177
12,8,6.252061161545657
12,9,5.0151363597177445
12,10,5.389256918676564
12,11,3.826943145979506
12,13,3.8261702974771015
12,14,5.357740988242671
12,15,4.922552474051162
12,16,6.301647126284501
12,17,8.627279042804146
12,18,9.749198157819198
12,19,10.468561275587922
12,20,12.589402547100406
12,21,14.168157906662175
12,22,14.712108976856223
12,23,16.464088266817058
12,24,18.54443867324084
12,25,19.605595811897015
12,26,20.44602259946215
12,27,22.866584511181333
12,28,24.151984905094512
12,29,24.76210212023179
12,30,26.253893024967795
12,31,28.64819237481723
12,32,31.829690605111296
12,33,31.777009378794208
12,34,34.388000772674324
12,35,33.10759373249244
12,36,29.391969433177554
12,37,27.52938178741189
12,38,24.036526229142442
12,39,25.498528159060548
12,40,24.43256266617434
12,41,20.937758946919214
12,42,20.26464688994288
12,43,20.96591513605014
12,44,19.06827012336046
12,45,15.776490852424487
12,46,16.696063103911744
12,47,17.62842687840351
12,48,14.33069990260136
12,49,12.616243276280038
12,50,15.313295098841653
12,51,15.142482625922987
12,52,11.51168448221897
12,53,12.282587851790852
12,54,15.614276439184557
12,55,17.795571397687272
12,56,19.781077254866048
12,57,22.50951623416223
13,1,16.590585895015455
13,2,16.998586783982905
13,3,15.32567706309526
13,4,14.47227708447581
13,5,12.581388957168421
13,6,10.632869911172428
13,7,9.959455424593509
13,8,8.774140377200622
13,9,6.333897497670741
13,10,5.265215860765014
13,11,5.630585417316085
13,12,3.8261702974771015
13,14,3.7417627843196914
13,15,5.347496258030902
13,16,5.180044530872981
13,17,6.282480326258923
13,18,8.673461236842206
13,19,9.885832174466147
13,20,10.901124054447214
13,21,12.292581799856238
13,22,13.789667245175858
13,23,15.474880023878246
13,24,16.873324560593808
13,25,18.18140279288938
13,26,19.659038829883094
13,27,21.76539769911875
13,28,22.67767243512811
13,29,23.736833434155486
13,30,25.54303379594463
13,31,27.59790051599566
13,32,30.788147388525765
13,33,31.195207318075028
13,34,33.961443036645235
13,35,33.01077027602217
13,36,29.223858084526004
13,37,27.46336636028812
13,38,23.82155068737415
13,39,24.741739680739396
13,40,23.44566300764764
13,41,19.790099601709773
13,42,19.499683932812903
13,43,20.79478920384603
13,44,18.72687753097378
13,45,15.415817039258958
13,46,17.121909171174824
13,47,18.256101386319745
13,48,14.812154513460333
13,49,13.794029694497953
13,50,17.02019191163395
13,51,16.750504598108254
13,52,13.405639555887719
13,53,14.908539311518034
13,54,18.1126348042736
13,55,20.256581390656077
13,56,21.747594246123157
13,57,24.396381717374407
14,1,18.597445716370583
14,2,18.366301335088327
14,3,15.9937819416582
14,4,15.08132284915113
14,5,14.089981791857168
14,6,11.951966754550751
14,7,10.152176898647856
14,8,9.702182587440417
14,9,8.531038932060975
14,10,6.092672338233186
14,11,5.108077667683796
14,12,5.357740988242671
14,13,3.7417627843196914
14,15,3.836535915111207
14,16,5.480289789612555
14,17,4.980587393468627
14,18,6.113879534396573
14,19,8.549363889570827
14,20,9.995103883306397
14,21,10.318099515966065
14,22,11.546275728807537
14,23,13.988972228187306
14,24,15.243264214333125
14,25,15.854104023108476
14,26,17.433938906964908
14,27,19.94689394816098
14,28,20.519740557988325
14,29,21.190970484624334
14,30,23.279256332460662
14,31,25.58996156009829
14,32,28.544328278972568
14,33,28.849576162201252
14,34,31.820700892918996
14,35,31.085367796278387
14,36,27.2980401291046
14,37,25.949233428022712
14,38,22.24414818223991
14,39,23.30392343311727
14,40,22.539975399139898
14,41,19.11916486375626
14,42,19.42244015464476
14,43,20.332998596883055
14,44,17.704583624989965
14,45,14.874675342942666
14,46,16.868554272290964
14,47,17.22981308136221
14,48,13.526942493990369
14,49,13.288991737990822
14,50,16.302614726463254
14,51,15.229817544465414
14,52,11.954304580517077
14,53,14.183147187327588
14,54,16.812754557393134
14,55,19.44027066139981
14,56,20.510661669978116
14,57,23.502899156593035
15,1,20.41827906288734
15,2,20.043440530260547
15,3,17.862293272864715
15,4,16.178940560982223
15,5,15.13872348950119
15,6,13.874005776411098
15,7,11.871132846221098
15,8,10.309725615359438
15,9,9.667065154636603
15,10,8.474734981784763
15,11,6.017855524504123
15,12,4.922552474051162
15,13,5.347496258030902
15,14,3.836535915111207
15,16,3.8105147453966524
15,17,5.301863674787182
15,18,5.030207434585073
15,19,6.070769737783943
15,20,8.71184154198737
15,21,9.776083657689167
15,22,9.892629421813595
15,23,12.013030530985796
15,24,14.126083002842075
15,25,14.845849318823767
15,26,15.627946098656155
15,27,18.236675890510703
15,28,19.429842374397992
15,29,19.872401633179813
15,30,21.436020246916
15,31,23.92800380658881
15,32,27.01716067633025
15,33,26.95315822435601
15,34,29.669838901969644
15,35,28.566016872681306
15,36,24.819724254224838
15,37,23.220473699567826
15,38,19.631997017916163
15,39,21.103445941141633
15,40,20.413450512409035
15,41,17.109335502885944
15,42,17.023566053972793
15,43,17.4591027744029
15,44,15.012860424205256
15,45,12.124811361334796
15,46,13.583298855363381
15,47,13.877421389451886
15,48,10.260883300251741
15,49,9.605359366176325
15,50,12.514473760922927
15,51,11.651456460970145
15,52,8.321123610980306
15,53,10.477236415431237
15,54,13.24387283894233
15,55,15.6776114979658
15,56,16.828441018045467
15,57,19.747929888132024
16,1,21.447180912557723
16,2,21.72169198219588
16,3,19.97942832648254
16,4,18.57036840559498
16,5,16.863985133022677
16,6,15.461873448958663
16,7,14.25468527613278
16,8,12.489167174246735
16,9,10.753591088258286
16,10,10.048444943773754
16,11,8.7456120054388
16,12,6.301647126284501
16,13,5.180044530872981
16,14,5.480289789612555
16,15,3.8105147453966524
16,17,3.815616553022202
16,18,5.56166847573158
16,19,5.077270722438227
16,20,6.387959763152742
16,21,8.655545165148459
16,22,9.582673610845617
16,23,10.656288442370865
16,24,12.575576013281905
16,25,14.223170773070995
16,26,15.207161442266486
16,27,17.121852360822867
16,28,18.52379357949877
16,29,19.652209557356205
16,30,21.025827359976233
16,31,23.013410253033
16,32,26.35900194455933
16,33,26.66928875173781
16,34,29.22863426838838
16,35,28.117570229506565
16,36,24.35094016258336
16,37,22.407549400523383
16,38,18.809034561855107
16,39,19.765384385083404
16,40,18.442380558912472
16,41,14.840593209237193
16,42,14.49395615064026
16,43,15.631021350790364
16,44,13.580567130062915
16,45,10.237728737389897
16,46,12.09590790511076
16,47,13.298856583338615
16,48,9.968387581327653
16,49,9.258492724267484
16,50,12.809588993219698
16,51,12.779741017897566
16,52,10.05785537903728
16,53,12.043194042483709
16,54,15.09229094979182
16,55,16.810470801628192
16,56,17.770068300898455
16,57,20.160080125460034
17,1,22.71923377913859
17,2,22.928026753873237
17,3,20.79944690389196
17,4,19.898024151972635
17,5,18.546524176315703
17,6,16.47123138752682
17,7,15.05208581817824
17,8,14.211955997486038
17,9,12.485575739552441
17,10,10.644086045157536
17,11,9.816139177986944
17,12,8.627279042804146
17,13,6.282480326258923
17,14,4.980587393468627
17,15,5.301863674787182
17,16,3.815616553022202
17,18,3.802583887346043
17,19,5.345976939787314
17,20,5.274397242509518
17,21,6.031713610367589
17,22,8.094542303628415
17,23,9.825862082551783
17,24,10.71279041754009
17,25,12.02137721455145
17,26,13.84868142508198
17,27,15.782382305433812
17,28,16.455381609191264
17,29,17.73252171568557
17,30,19.68760470606017
17,31,21.55106449783493
17,32,24.697320340367938
17,33,25.36996178178349
17,34,28.247041879086744
17,35,27.62605538657758
17,36,23.81938117812111
17,37,22.34283734339586
17,38,18.596287556981395
17,39,19.124822296291182
17,40,18.044388937353347
17,41,14.530130737547664
17,42,15.131078601529566
17,43,16.495931614586315
17,44,13.85501594067173
17,45,11.090480730897047
17,46,13.823682133553502
17,47,14.485057389990736
17,48,10.9775531459806
17,49,11.533030204918552
17,50,15.011958471214607
17,51,14.256937528684379
17,52,11.849811667068238
17,53,14.594664121858685
17,54,17.085577251871968
17,55,19.15422467462823
17,56,19.54005934668081
17,57,22.111199974396236
18,1,24.61541778021154
18,2,24.280219454659676
18,3,21.794484002061566
18,4,20.49643496332664
18,5,19.718822188452126
18,6,17.943652946264947
18,7,15.794665990813751
18,8,14.950379487420781
18,9,14.145587129802278
18,10,12.156008772717911
18,11,10.231834691695948
18,12,9.749198157819198
18,13,8.673461236842206
18,14,6.113879534396573
18,15,5.030207434585073
18,16,5.56166847573158
18,17,3.802583887346043
18,19,3.837811580388747
18,20,5.586174688262854
18,21,5.076399909245123
18,22,5.440680108561292
18,23,8.237657306698312
18,24,9.668327212329821
18,25,9.994914802413359
18,26,11.32161813175826
18,27,13.948344079963979
18,28,14.664674396625399
18,29,15.223961883871262
18,30,17.17296951683337
18,31,19.53673031171266
18,32,22.502630262862088
18,33,22.76037905670463
18,34,25.71677308172763
18,35,25.064901540438076
18,36,21.27172257441778
18,37,20.09996171286784
18,38,16.35882222710219
18,39,17.401684312598007
18,40,17.03948038242577
18,41,13.953432712427656
18,42,14.896965321433658
18,43,15.419416344298021
18,44,12.286268936645678
18,45,10.165284006913007
18,46,12.711792742800185
18,47,12.38367939958548
18,48,8.68119382860517
18,49,9.96778637950996
18,50,12.950200700049049
18,51,11.425249349529683
18,52,9.28197716496615
18,53,12.59244490691962
18,54,14.428262999338413
18,55,16.819706545661045
18,56,16.829717946927023
18,57,19.695950070093076
19,1,26.113277478965262
19,2,26.007747211429507
19,3,23.893092034009282
19,4,22.23685737295965
19,5,21.062593854973336
19,6,19.761387790362317
19,7,17.904536949904568
19,8,16.299905154424135
19,9,15.299534650738835
19,10,14.17201875930163
19,11,12.074099137012883
19,12,10.468561275587922
19,13,9.885832174466147
19,14,8.549363889570827
19,15,6.070769737783943
19,16,5.077270722438227
19,17,5.345976939787314
19,18,3.837811580388747
19,20,3.8466400545064094
19,21,5.6089450608655715
19,22,4.925527581404519
19,23,6.022987695693997
19,24,8.604596682156396
19,25,9.875986926936596
19,26,10.270054107791536
19,27,12.430403765583899
19,28,14.082644305630813
19,29,14.896662241283488
19,30,16.05112764919056
19,31,18.240099458374488
19,32,21.542387311762074
19,33,21.656095683541263
19,34,24.21312683231081
19,35,23.136478453331478
19,36,19.356025982587347
19,37,17.616449492015768
19,38,13.952095099994246
19,39,15.119043868651866
19,40,14.358935476690025
19,41,11.140556338843407
19,42,11.474768172166057
19,43,11.915716717773144
19,44,9.163426751639479
19,45,6.536358039033082
19,46,8.959826017982856
19,47,9.166464739317014
19,48,5.636490795751175
19,49,6.744090373682561
19,50,10.095872675431366
19,51,9.433252383518699
19,52,7.891947226011482
19,53,10.89114574099864
19,54,12.952143644725377
19,55,14.594221641544207
19,56,14.53359147766718
19,57,16.936968248686718
20,1,27.4805391646692
20,2,27.789439084429485
20,3,25.7948120510264
20,4,24.57154732268873
20,5,23.10680312858695
20,6,21.394675176700353
20,7,19.9555255861261
20,8,18.627479177270356
20,9,16.976544959632147
20,10,15.666723532290979
20,11,14.372896487766692
20,12,12.589402547100406
20,13,10.901124054447214
20,14,9.995103883306397
20,15,8.71184154198737
20,16,6.387959763152742
20,17,5.274397242509518
20,18,5.586174688262854
20,19,3.8466400545064094
20,21,3.839414861277502
20,22,5.384004853634774
20,23,5.159623523767445
20,24,6.335426499508857
20,25,8.722566341129212
20,26,10.04659900001323
20,27,11.226598670909068
20,28,12.551296693027234
20,29,14.30002949427759
20,30,15.647627313932604
20,31,17.11913630403088
20,32,20.536389901969056
20,33,21.320710802019423
20,34,23.907048894013933
20,35,23.184222765567682
20,36,19.418972543418995
20,37,17.681311467006665
20,38,13.999270169282875
20,39,14.1643273463827
20,40,12.804599115543867
20,41,9.256229252342067
20,42,10.130908256410693
20,43,11.672948540177053
20,44,9.07156288066814
20,45,6.593217084497388
20,46,10.033325815109269
20,47,10.871458166985386
20,48,8.06933663190887
20,49,9.587727441721336
20,50,13.045937593963382
20,51,12.73583858972436
20,52,11.66278941383398
20,53,14.541631544723025
20,54,16.58952175871941
20,55,17.895340034596423
20,56,17.511230421472895
20,57,19.488266776317026
21,1,28.652157761033617
21,2,28.665321678401476
21,3,26.260692295068953
21,4,25.264147266916805
21,5,24.274187462277332
21,6,22.22141632663718
21,7,20.390051210285993
21,8,19.690079880840607
21,9,18.38046891703274
21,10,16.338313241662966
21,11,15.013065280886464
21,12,14.168157906662175
21,13,12.292581799856238
21,14,10.318099515966065
21,15,9.776083657689167
21,16,8.655545165148459
21,17,6.031713610367589
21,18,5.076399909245123
21,19,5.6089450608655715
21,20,3.839414861277502
21,22,3.817506839945843
21,23,5.46185442619805
21,24,5.091537791219976
21,25,6.08408453487303
21,26,8.47581040057906
21,27,10.181741487096128
21,28,10.446791722702658
21,29,11.936397834156754
21,30,14.084774202531126
21,31,15.74815963773011
21,32,18.788164468712733
21,33,19.73171321706057
21,34,22.741121109010965
21,35,22.539074737915232
21,36,18.775335158222617
21,37,17.780762965637816
21,38,14.032455107417453
21,39,14.06815530112018
21,40,13.531992457071418
21,41,10.582792110943734
21,42,12.537049627159298
21,43,13.650882742280833
21,44,10.356132954069738
21,45,9.075429460230756
21,46,12.604328555086205
21,47,12.37965717906399
21,48,9.44476445145009
21,49,11.870629589997797
21,50,14.882061431652318
21,51,13.619681536752617
21,52,12.693577938345433
21,53,16.121485615896777
21,54,17.567920651691466
21,55,19.38969633566471
21,56,18.578539473825824
21,57,20.908778345847317
22,1,29.99078832327544
22,2,29.651319218040406
22,3,27.145849639184036
22,4,25.676090122386874
22,5,24.957600776397697
22,6,23.349337250935093
22,7,21.115105869512007
22,8,20.093476145506276
22,9,19.376671728383382
22,10,17.58494339855269
22,11,15.474618502223255
22,12,14.712108976856223
22,13,13.789667245175858
22,14,11.546275728807537
22,15,9.892629421813595
22,16,9.582673610845617
22,17,8.094542303628415
22,18,5.440680108561292
22,19,4.925527581404519
22,20,5.384004853634774
22,21,3.817506839945843
22,23,3.8106708523876165
22,24,5.40380299828904
22,25,5.212936401781725
22,26,5.907888160924115
22,27,8.618976669621741
22,28,9.636961697457092
22,29,10.129129570892005
22,30,11.786631512636808
22,31,14.142455583505585
22,32,17.16752667842496
22,33,17.42331565106764
22,34,20.335265955689326
22,35,19.80121682378444
22,36,16.004911399380834
22,37,15.052768920265246
22,38,11.293747323608574
22,39,12.1953904770744
22,40,12.391037843099404
22,41,9.962361431093909
22,42,11.804335415843802
22,43,11.815048865812114
22,44,8.145859040260698
22,45,7.584792831019807
22,46,10.581041425021574
22,47,9.393413951706943
22,48,6.526039813067892
22,49,9.650230955436594
22,50,12.038666643661925
22,51,10.34281764227848
22,52,10.100941504136651
22,53,13.685579218520692
22,54,14.524251077487474
22,55,16.313788196519553
22,56,15.130023385302957
22,57,17.55947898443903
23,1,31.961315834570303
23,2,31.937527735022325
23,3,29.730987673113898
23,4,28.17315469193807
23,5,27.065337911891298
23,6,25.618710153108413
23,7,23.723443525083304
23,8,22.300070254694084
23,9,21.221207623087942
23,10,19.895061797007195
23,11,17.94495877312724
23,12,16.464088266817058
23,13,15.474880023878246
23,14,13.988972228187306
23,15,12.013030530985796
23,16,10.656288442370865
23,17,9.825862082551783
23,18,8.237657306698312
23,19,6.022987695693997
23,20,5.159623523767445
23,21,5.46185442619805
23,22,3.8106708523876165
23,24,3.782145592518875
23,25,5.638300851710292
23,26,5.376223108725808
23,27,6.528003020643348
23,28,8.696502446285992
23,29,10.04640557504498
23,30,10.734730877146093
23,31,12.418044806433
23,32,15.892002256682122
23,33,16.355509964521122
23,34,18.823001063402135
23,35,18.036120782391762
23,36,14.263242839453365
23,37,12.686679706770109
23,38,8.951977370483826
23,39,9.345568842945235
23,40,8.841398988224187
23,41,6.181033646291977
23,42,8.12638745431791
23,43,8.431576335980203
23,44,4.934395841738351
23,45,4.8053097588871765
23,46,8.261688617514384
23,47,7.751847035278599
23,48,6.0690244777860505
23,49,9.221195623250036
23,50,11.643506231599988
23,51,10.96416017221026
23,52,11.472321431803735
23,53,14.552952235099548
23,54,15.50871857622788
23,55,16.43404433197156
23,56,14.997593785820156
23,57,16.67173955994855
24,1,33.418872471893984
24,2,33.53600772500561
24,3,31.227095637008322
24,4,30.06550847753221
24,5,28.97060914204652
24,6,27.099756470857738
24,7,25.30987854140203
24,8,24.32885608613452
24,9,22.984221403306197
24,10,21.242096270982618
24,11,19.763783770240565
24,12,18.54443867324084
24,13,16.873324560593808
24,14,15.243264214333125
24,15,14.126083002842075
24,16,12.575576013281905
24,17,10.71279041754009
24,18,9.668327212329821
24,19,8.604596682156396
24,20,6.335426499508857
24,21,5.091537791219976
24,22,5.40380299828904
24,23,3.782145592518875
24,25,3.768777634915208
24,26,5.634149084428976
24,27,5.612166694632268
24,28,6.340759476786969
24,29,8.786447847001844
24,30,10.271224899910836
24,31,11.186085814156614
24,32,14.48826832248762
24,33,15.79587433043922
24,34,18.54965524154538
24,35,18.4908407511211
24,36,14.852198083774718
24,37,13.874170216617467
24,38,10.354486175318891
24,39,9.465927515081107
24,40,8.947888450082651
24,41,6.683364169832159
24,42,9.748056435057741
24,43,10.832335319453705
24,44,7.685396000610121
24,45,8.074584618842676
24,46,11.712792976079161
24,47,11.322137839036262
24,48,9.809475093594104
24,49,12.932996653236867
24,50,15.416947777049053
24,51,14.518434571167797
24,52,14.874734256582897
24,53,18.14023710745801
24,54,19.046807610974533
24,55,20.143353613401555
24,56,18.53994683999612
24,57,20.16815978281045
25,1,34.42106576838671
25,2,34.156665309213054
25,3,31.517720225395845
25,4,30.33759161118343
25,5,29.707460348723473
25,6,27.78871334025117
25,7,25.577045109659448
25,8,24.923083779002912
25,9,24.05535380268972
25,10,21.937935676202848
25,11,20.168359499178496
25,12,19.605595811897015
25,13,18.18140279288938
25,14,15.854104023108476
25,15,14.845849318823767
25,16,14.223170773070995
25,17,12.02137721455145
25,18,9.994914802413359
25,19,9.875986926936596
25,20,8.722566341129212
25,21,6.08408453487303
25,22,5.212936401781725
25,23,5.638300851710292
25,24,3.768777634915208
25,26,3.826908436123497
25,27,5.417839173582347
25,28,4.730425399502953
25,29,5.90646739233429
25,30,8.405230615862363
25,31,10.12102012209134
25,32,12.850819977443779
25,33,13.884433595306222
25,34,17.107705339257862
25,35,17.43444366146167
25,36,13.834184813212815
25,37,13.75691320410493
25,38,10.331541947406656
25,39,9.984649429879424
25,40,10.865243965215564
25,41,9.57156581881695
25,42,12.74064628831198
25,43,12.917525697406534
25,44,9.324753283229287
25,45,10.399507426329249
25,46,13.625624029969627
25,47,12.172400673307749
25,48,10.547286911356574
25,49,14.125486957336186
25,50,16.078051805490713
25,51,14.331697710272191
25,52,14.893260224420322
25,53,18.460454656532008
25,54,18.738963897259904
25,55,20.264605947639506
25,56,18.327203689763166
25,57,20.324107214203135
26,1,35.87382997127981
26,2,35.45149663736328
26,3,32.868726599593906
26,4,31.277998515247564
26,5,30.700915895601536
26,6,29.20024065714358
26,7,26.830705381177143
26,8,25.77143600162727
26,9,25.21162796751693
26,10,23.465522625604383
26,11,21.206762341667094
26,12,20.44602259946215
26,13,19.659038829883094
26,14,17.433938906964908
26,15,15.627946098656155
26,16,15.207161442266486
26,17,13.84868142508198
26,18,11.32161813175826
26,19,10.270054107791536
26,20,10.04659900001323
26,21,8.47581040057906
26,22,5.907888160924115
26,23,5.376223108725808
26,24,5.634149084428976
26,25,3.826908436123497
26,27,3.821658155965545
26,28,5.291900457046126
26,29,4.988194071345676
26,30,5.885677119469517
26,31,8.470899360290037
26,32,11.419288322710392
26,33,11.548847874130503
26,34,14.474285769443915
26,35,14.245800292531069
26,36,10.517026594753533
26,37,10.314208141150079
26,38,6.862375808078329
26,39,7.497375943799169
26,40,9.234030930052535
26,41,8.72749936465002
26,42,11.574326055883779
26,43,10.667284250824459
26,44,7.077959127623716
26,45,9.224814355595504
26,46,11.680489004115547
26,47,9.498848584936056
26,48,8.799135962880195
26,49,12.620559738395727
26,50,13.820804515313606
26,51,12.107207181387077
26,52,13.57269940906944
26,53,16.88427155871307
26,54,16.62470994238309
26,55,17.737502405184834
26,56,15.345485789624798
26,57,17.07257413047546
27,1,38.269672608239695
27,2,38.141158287495735
27,3,35.729744377776804
27,4,34.23563689097643
27,5,33.366449931532465
27,6,31.79657625548576
27,7,29.705234978356906
27,8,28.53160572723822
27,9,27.597590614689974
27,10,25.99567907383934
27,11,24.018016299535958
27,12,22.866584511181333
27,13,21.76539769911875
27,14,19.94689394816098
27,15,18.236675890510703
27,16,17.121852360822867
27,17,15.782382305433812
27,18,13.948344079963979
27,19,12.430403765583899
27,20,11.226598670909068
27,21,10.181741487096128
27,22,8.618976669621741
27,23,6.528003020643348
27,24,5.612166694632268
27,25,5.417839173582347
27,26,3.821658155965545
27,28,3.790225073208634
27,29,5.46367164460677
27,30,5.154894199675619
27,31,5.920294552372737
27,32,9.470161027306267
27,33,10.455157507714095
27,34,12.975500327598324
27,35,12.967022778312925
27,36,9.442462375360956
27,37,9.004899889041827
27,38,6.025549096752058
27,39,4.637760505296626
27,40,6.2352163108885925
27,41,6.728267955487775
27,42,10.169307052887287
27,43,9.74646354583507
27,44,6.9978129279918555
27,45,9.742859589158643
27,46,12.277661905439377
27,47,10.819430305559912
27,48,10.964554905702741
27,49,14.540562180436428
27,50,15.84050038380774
27,51,14.847160140366768
27,52,16.512970965527867
27,53,19.555350955501112
27,54,19.48582048340474
27,55,20.043247341335533
27,56,17.519772633234062
27,57,18.556015221457052
28,1,39.038051738959616
28,2,38.85561432551826
28,3,36.24036674635391
28,4,35.05670046360312
28,5,34.37972497956113
28,6,32.46815071861773
28,7,30.303638510739464
28,8,29.59415458518768
28,9,28.648100571643187
28,10,26.602743612527064
28,11,24.869327906595522
28,12,24.151984905094512
28,13,22.67767243512811
28,14,20.519740557988325
28,15,19.429842374397992
28,16,18.52379357949877
28,17,16.455381609191264
28,18,14.664674396625399
28,19,14.082644305630813
28,20,12.551296693027234
28,21,10.446791722702658
28,22,9.636961697457092
28,23,8.696502446285992
28,24,6.340759476786969
28,25,4.730425399502953
28,26,5.291900457046126
28,27,3.790225073208634
28,29,3.809168341681132
28,30,5.708155708285376
28,31,5.971607131218228
28,32,8.558793624456596
28,33,10.42665756801592
28,34,13.562628494237446
28,35,14.544610695859646
28,36,11.379709933124253
28,37,11.97493136295404
28,38,9.41538330602445
28,39,7.781092254779957
28,40,9.401815266680996
28,41,9.747787235092117
28,42,13.43633799906213
28,43,13.45844525473905
28,44,10.549956808399315
28,45,12.789778477573746
28,46,15.692871962219941
28,47,14.156150709066079
28,48,13.673475846481216
28,49,17.363105550262055
28,50,18.859770281926675
28,51,17.376489495306405
28,52,18.667819251924076
28,53,22.030270309016952
28,54,21.91363746281535
28,55,22.940599530982833
28,56,20.441850914219465
28,57,21.823379465763182
29,1,39.77281040415475
29,2,39.22842549745723
29,3,36.41360134204391
29,4,35.035504280815644
29,5,34.727077999456
29,6,32.98500319386016
29,7,30.46485174366904
29,8,29.816610876198187
29,9,29.352391481621027
29,10,27.227468193699483
29,11,25.100050283868015
29,12,24.76210212023179
29,13,23.736833434155486
29,14,21.190970484624334
29,15,19.872401633179813
29,16,19.652209557356205
29,17,17.73252171568557
29,18,15.223961883871262
29,19,14.896662241283488
29,20,14.30002949427759
29,21,11.936397834156754
29,22,10.129129570892005
29,23,10.04640557504498
29,24,8.786447847001844
29,25,5.90646739233429
29,26,4.988194071345676
29,27,5.46367164460677
29,28,3.809168341681132
29,30,3.8332567323437092
29,31,6.076789961303417
29,32,7.70637052228086
29,33,8.388873225296326
29,34,11.962232066653623
29,35,13.007199143228775
29,36,9.915701282438475
29,37,11.37503657689844
29,38,9.108201392558199
29,39,8.753894694108828
29,40,11.459015110789421
29,41,12.134293959040184
29,42,15.488512963480474
29,43,14.617540829049883
29,44,11.486788290863164
29,45,14.044161653992791
29,46,16.427766910944708
29,47,14.052109763847456
29,48,13.684834191823896
29,49,17.52732527350194
29,50,18.40577167410034
29,51,16.362169481712083
29,52,17.991387233064657
29,53,21.36887573744187
29,54,20.6264549541141
29,55,21.846129013925637
29,56,19.05827456723461
29,57,20.65330230337114
30,1,41.728705396244834
30,2,41.219410224783346
30,3,38.556919683456464
30,4,36.89653685123459
30,5,36.45568606616092
30,6,35.01375545877921
30,7,32.53096086120878
30,8,31.48915803486368
30,9,31.058657321126955
30,10,29.303195095745973
30,11,26.954541293943432
30,12,26.253893024967795
30,13,25.54303379594463
30,14,23.279256332460662
30,15,21.436020246916
30,16,21.025827359976233
30,17,19.68760470606017
30,18,17.17296951683337
30,19,16.05112764919056
30,20,15.647627313932604
30,21,14.084774202531126
30,22,11.786631512636808
30,23,10.734730877146093
30,24,10.271224899910836
30,25,8.405230615862363
30,26,5.885677119469517
30,27,5.154894199675619
30,28,5.708155708285376
30,29,3.8332567323437092
30,31,3.8430711771177544
30,32,5.982931258314717
30,33,5.698020198746599
30,34,8.759663849545086
30,35,9.313399762389158
30,36,6.121585920614968
30,37,7.807620740208369
30,38,6.34261288377276
30,39,6.1787526535273445
30,40,9.679297297941119
30,41,11.372502115249201
30,42,14.389826554583863
30,43,12.872309938040571
