1,2,3.821677235114098
1,3,6.342868051351256
1,4,9.548327737258635
1,5,12.789015188579958
1,6,11.605122377245268
1,7,10.7921612219288
1,8,8.013090858597533
1,9,9.012815457487557
1,10,11.775528041660928
1,11,11.336134794587396
1,12,8.77912938716161
1,13,9.785453947670264
1,14,8.90147359945739
1,15,9.684172558523008
1,16,13.236455311714902
1,17,12.738338134733846
1,18,10.525412033194769
1,19,8.032359045394452
1,20,5.11915503269781
1,21,4.224350085532938
1,22,6.5435050339200656
1,23,8.556506263926805
1,24,12.103114727936124
1,25,14.912534790261452
1,26,16.727937333336925
1,27,20.363469891102667
1,28,19.915273487331163
1,29,17.694185116699114
1,30,16.10922705207633
1,31,14.986849707355578
1,32,16.507000397872467
1,33,15.170314878340907
1,34,12.951427559685731
1,35,13.270422525455075
1,36,13.009433832021509
1,37,14.398965013513601
1,38,13.79946009589072
1,39,14.944012280134434
1,40,14.965606040586557
1,41,18.49822667093196
1,42,21.140627747988248
1,43,22.40443241346626
1,44,26.09151092806394
1,45,28.576783679800727
1,46,31.624990804250487
1,47,34.10024992226521
1,48,37.804588402125574
1,49,38.969694096269066
1,50,36.0884419443356
1,51,34.688590264687356
1,52,31.210057453422877
1,53,31.00204398788749
1,54,27.321747467430445
1,55,24.768642714576284
1,56,21.68049935697194
1,57,18.375609792997246
1,58,14.87569423207947
1,59,15.613439225975396
1,60,19.365596844841544
1,61,21.782866650469405
1,62,24.69409855669202
1,63,27.776691726426375
1,64,31.229971555001743
1,65,34.71446661276889
1,66,38.06339073848787
1,67,39.99321395158644
1,68,42.952077110999504
1,69,45.83396663950048
1,70,43.863190452733036
1,71,42.3322116982021
1,72,40.17954840254408
1,73,40.10427207375313
1,74,37.30241409293384
1,75,35.666682453301924
1,76,38.15561909986183
1,77,37.06579755023662
1,78,40.18979942185904
1,79,40.3464865068841
1,80,41.22443517393118
1,81,44.994946724032445
1,82,47.33686143015843
1,83,48.54767063959233
1,84,52.30805860020993
1,85,53.89666490818581
1,86,56.82917838525325
1,87,58.05235732780948
1,88,60.72639847302398
1,89,64.43083886535906
1,90,65.31096201605575
1,91,62.022447993218826
1,92,60.15241885179319
1,93,56.56922883329888
1,94,54.769328366901476
1,95,51.15638553854354
1,96,49.56015163001326
1,97,47.15586243017737
1,98,43.41282019915313
1,99,40.26693371468144
1,100,40.40795774102623
1,101,44.029310264933706
1,102,47.46453696189484
1,103,50.46056774568922
1,104,52.04725327023175
1,105,55.81111600417001
1,106,58.66138730016726
1,107,62.39648973746954
1,108,65.54544538468295
2,1,3.821677235114098
2,3,3.810514346746633
2,4,6.506957134387067
2,5,9.723654390597932
2,6,9.215812623006642
2,7,9.288998763547685
2,8,7.731568617753517
2,9,9.466986912483119
2,10,12.973223930258163
2,11,13.557137140329871
2,12,10.929281966592466
2,13,11.275179422650242
2,14,9.459364710501879
2,15,10.44426301009197
2,16,13.453222736009433
2,17,12.099193951605415
2,18,9.310127273486986
2,19,6.679529672494149
2,20,5.691445522229671
2,21,6.019451971800268
2,22,9.45750995337226
2,23,11.822913083645986
2,24,15.050175614560581
2,25,18.20173380906606
2,26,20.01624342746076
2,27,23.5342373158243
2,28,22.932755695969476
2,29,20.33756267092718
2,30,18.372308933397704
2,31,16.556912754688597
2,32,17.62501888658787
2,33,15.500272999663189
2,34,12.556233690876507
2,35,12.962098238327759
2,36,12.45655704522745
2,37,14.748112089257274
2,38,14.629989114688488
2,39,16.5121416350831
2,40,16.8906661669156
2,41,20.333560163462366
2,42,23.370532537704435
2,43,24.815602113580724
2,44,28.36922404522159
2,45,31.138360430738043
2,46,34.13082080787836
2,47,36.70243469858075
2,48,40.3964540332826
2,49,41.33636030943766
2,50,38.466351609953364
2,51,37.27622751871914
2,52,33.83006263885566
2,53,33.435408301457265
2,54,29.8216853882923
2,55,27.530550781109515
2,56,24.362109914709443
2,57,21.123870429892207
2,58,17.546655158419114
2,59,17.615603266492446
2,60,21.36728373703121
2,61,23.876293824125757
2,62,27.052871897919307
2,63,29.90599838975918
2,64,33.44137150476542
2,65,36.86867178790797
2,66,40.25897667661828
2,67,42.42293570159243
2,68,45.35971131477697
2,69,48.12559828370076
2,70,45.9647913076928
2,71,44.204075717781656
2,72,41.80850770292826
2,73,41.47552912678993
2,74,38.52949222012252
2,75,36.66792252541291
2,76,39.26338555107844
2,77,38.14451991441086
2,78,41.44298688235712
2,79,41.90022224914222
2,80,43.016212813341554
2,81,46.807891044262036
2,82,49.321053841589034
2,83,50.50612061542881
2,84,54.23490386288581
2,85,55.99688599046119
2,86,58.80899348467875
2,87,59.8262401326963
2,88,62.42009993272514
2,89,66.1454516910482
2,90,66.92419985354593
2,91,63.618670301671365
2,92,61.85104818646991
2,93,58.333983096731764
2,94,56.41024811500018
2,95,52.87707358355059
2,96,51.49468950834496
2,97,49.13410252729423
2,98,45.44130719979027
2,99,42.28920040436052
2,100,42.13563534438068
2,101,45.67985862518605
2,102,49.17598711602434
2,103,52.22702323341737
2,104,53.60885151668114
2,105,57.33676779565031
2,106,60.04781587199751
2,107,63.75600396869043
2,108,66.9440091302243
3,1,6.342868051351256
3,2,3.810514346746633
3,4,3.812415183858005
3,5,6.489522819183259
3,6,5.586895379017754
3,7,5.593038908618656
3,8,5.073522355798617
3,9,7.792192351764939
3,10,11.449226256973754
3,11,12.765165778985812
3,12,10.016409812974091
3,13,9.642986462696424
3,14,7.567144815711003
3,15,9.49710758517191
3,16,12.167372855303416
3,17,11.111342785520142
3,18,7.578131566389341
3,19,6.538010006931096
3,20,6.380562088124359
3,21,6.012195371181753
3,22,9.788599359597587
3,23,12.192314208104454
3,24,14.723896235536936
3,25,18.27010931314341
3,26,20.15098556425225
3,27,23.35347214664869
3,28,22.427597137709274
3,29,19.38949846411168
3,30,17.12020576338293
3,31,14.717287046107655
3,32,15.616874959227344
3,33,13.01046279487732
3,34,9.647712486948782
3,35,9.722739535119704
3,36,9.134426719564946
3,37,11.954106077302772
3,38,12.522469909315623
3,39,14.7342808875444
3,40,15.261813293524005
3,41,18.472444433534562
3,42,21.843831468614535
3,43,23.500676953285744
3,44,26.852539761326234
3,45,29.914232445866915
3,46,32.86544004373412
3,47,35.46630628433655
3,48,39.137128414459426
3,49,39.853815104717434
3,50,37.09140624330083
3,51,36.240973665639615
3,52,32.93862981879484
3,53,32.539249276628595
3,54,29.100864836820843
3,55,27.00880791739171
3,56,23.652211572978835
3,57,20.72689348131489
3,58,17.04726901815082
3,59,16.58088356620955
3,60,20.14597976277281
3,61,22.457491394274378
3,62,25.901877849894817
3,63,28.56248245816673
3,64,32.06774542299653
3,65,35.476772686409426
3,66,38.80386272754441
3,67,41.2278269614849
3,68,44.22471295916423
3,69,46.78318710013608
3,70,44.38931409275175
3,71,42.48873003229537
3,72,39.87959097864292
3,73,39.45890514672922
3,74,36.533225734780665
3,75,34.393452026574
3,76,36.91546830279714
3,77,35.63603932618569
3,78,39.01001176318901
3,79,39.655534003858584
3,80,41.03473856146095
3,81,44.84127908807953
3,82,47.54823701786583
3,83,48.824252699091005
3,84,52.525610536572
3,85,54.49978173236687
3,86,57.24225322388618
3,87,58.09678317072283
3,88,60.54141361903412
3,89,64.29436533163704
3,90,65.08967387860045
3,91,61.842095664628445
3,92,60.258028193581374
3,93,56.832821505190516
3,94,54.936660371943624
3,95,51.45060981882003
3,96,50.17890811958025
3,97,47.73005541023093
3,98,44.122061967033744
3,99,40.87587268483652
3,100,40.54239866769369
3,101,43.959081118768744
3,102,47.427885139422784
3,103,50.599557292356536
3,104,51.889792082506204
3,105,55.55920782340931
3,106,58.21307920746068
3,107,61.86339759912174
3,108,65.14300279079862
4,1,9.548327737258635
4,2,6.506957134387067
4,3,3.812415183858005
4,5,3.8240226855383304
4,6,5.400349546078105
4,7,5.629535612850031
4,8,6.698718864487908
4,9,8.640044523918277
4,10,12.37941048297867
4,11,14.612334423717728
4,12,12.511676368446132
4,13,12.356021459240372
4,14,10.584421587435077
4,15,12.89092957399773
4,16,15.143419357240766
4,17,13.864691804846174
4,18,10.140719848712893
4,19,9.590836525661514
4,20,10.14272356997449
4,21,9.620594427430955
4,22,13.294327188219075
4,23,15.246660532298419
4,24,17.512681873896796
4,25,21.176142142097465
4,26,22.675704033582733
4,27,25.743617166976733
4,28,25.00451421713903
4,29,21.7415886215349
4,30,19.020337790199513
4,31,16.113828019418833
4,32,16.17680103863335
4,33,12.97873183283747
4,34,9.338790200179547
4,35,10.212350080636654
4,36,10.2751344008198
4,37,13.69302016729589
4,38,15.071296298162109
4,39,17.318299805229124
4,40,17.593972735454226
4,41,20.39614243972995
4,42,23.95059822312281
4,43,25.405932090245116
4,44,28.516380219748275
4,45,31.763591687744675
4,46,34.47291764500113
4,47,37.276066957826096
4,48,40.83820170794611
4,49,41.226670944579425
4,50,38.38833536340245
4,51,37.65120241198466
4,52,34.35858602175277
4,53,33.61436668764371
4,54,30.27624278253875
4,55,28.59682939045856
4,56,25.363093821946894
4,57,22.47308818677076
4,58,18.977215721349992
4,59,17.776616046982443
4,60,21.19140149329944
4,61,23.71098378721803
4,62,27.25190652436241
4,63,29.533592014464748
4,64,33.11755728441366
4,65,36.34382284653998
4,66,39.742390886814974
4,67,42.353000635153975
4,68,45.20707569412079
4,69,47.67869111082674
4,70,45.1611890133202
4,71,42.98294985010725
4,72,40.17624244103612
4,73,39.403831499404625
4,74,36.29355083730493
4,75,34.06300240610083
4,76,36.77216698390677
4,77,35.65895399827896
4,78,39.200799794414
4,79,40.202398006549224
4,80,41.69330046500329
4,81,45.45764966965762
4,82,48.24788308742327
4,83,49.3600268193292
4,84,52.98575754659226
4,85,55.07646407601453
4,86,57.63494890495713
4,87,58.25598840922562
4,88,60.66444410873467
4,89,64.40341263902813
4,90,65.01673033038834
4,91,61.72522057176519
4,92,60.19606277742531
4,93,56.84410184468844
4,94,54.77073049881581
4,95,51.405737942105624
4,96,50.40635896102985
4,97,48.102026957247375
4,98,44.56803682524708
4,99,41.420010667295045
4,100,40.73207096811284
4,101,44.06113217628166
4,102,47.6029294605488
4,103,50.74390677497079
4,104,51.76486547640334
4,105,55.38386745210391
4,106,57.848974369595425
4,107,61.46968154985798
4,108,64.73234403190312
5,1,12.789015188579958
5,2,9.723654390597932
5,3,6.489522819183259
5,4,3.8240226855383304
5,6,3.8447316955224076
5,7,5.644191928997176
5,8,8.527337297899246
5,9,10.997139091425883
5,10,14.368210597331856
5,11,16.874099036823488
5,12,14.642783734089463
5,13,13.670838057656367
5,14,11.504052937149009
5,15,13.73028958960922
5,16,15.131666141629642
5,17,13.732111427532873
5,18,10.062372030595979
5,19,10.652048801207918
5,20,12.13731980519197
5,21,12.020208118973422
5,22,15.603120502336418
5,23,17.798880205193118
5,24,19.603415396601207
5,25,23.362870051995685
5,26,25.06524166910309
5,27,27.85987966575494
5,28,26.75037834270541
5,29,23.277035789013368
5,30,20.56797110096087
5,31,17.358158794136287
5,32,17.364747483813016
5,33,13.8509381095004
5,34,10.057494539336707
5,35,10.166183570936548
5,36,9.655942859475456
5,37,13.428093112258255
5,38,15.157697480789905
5,39,17.851289471749418
5,40,18.576240464295335
5,41,21.108775146638916
5,42,24.837469186966818
5,43,26.605464244219267
5,44,29.479726384339074
5,45,32.92086149557697
5,46,35.62483381775296
5,47,38.332989992045036
5,48,41.86151331467772
5,49,42.098873960855215
5,50,39.45227521197708
5,51,39.06948654487232
5,52,35.97194280528626
5,53,35.30963644360278
5,54,32.177044948186676
5,55,30.621774138640237
5,56,27.260617879952626
5,57,24.7164130722461
5,58,21.211389954725558
5,59,19.781045161106864
5,60,22.890742045748347
5,61,25.0695689529277
5,62,28.763801325876745
5,63,30.870538905754152
5,64,34.332616172897644
5,65,37.52137927353267
5,66,40.78661002876684
5,67,43.61301299437906
5,68,46.53196152204342
5,69,48.77214813363259
5,70,46.03724966148656
5,71,43.76556818512937
5,72,40.761259312440956
5,73,39.92208770348028
5,74,36.885533326016734
5,75,34.342565892573546
5,76,36.90390987867395
5,77,35.5645766251949
5,78,39.139071826884226
5,79,40.32530309285674
5,80,42.13006757462862
5,81,45.8795991132415
5,82,48.870549514450865
5,83,50.11316441425455
5,84,53.688908747422936
5,85,55.993598706271335
5,86,58.481296156086415
5,87,58.935631143319014
5,88,61.156200682642464
5,89,64.9100087805785
5,90,65.55355760421352
5,91,62.348155882637286
5,92,61.03237593715773
5,93,57.79772810699731
5,94,55.77015192323282
5,95,52.47710947512971
5,96,51.59090620730928
5,97,49.2004689408447
5,98,45.78244676703452
5,99,42.556297236481555
5,100,41.71288220960186
5,101,44.86713743646752
5,102,48.337836964006655
5,103,51.59311591447573
5,104,52.51595044251081
5,105,56.04454036007158
5,106,58.430311969642545
5,107,61.96386067337092
5,108,65.31549714116466
6,1,11.605122377245268
6,2,9.215812623006642
6,3,5.586895379017754
6,4,5.400349546078105
6,5,3.8447316955224076
6,7,3.828608987410468
6,8,6.838030777868652
6,9,10.236561057780944
6,10,13.312642479491528
6,11,15.255977811185616
6,12,12.487199925089167
6,13,10.733736172558213
6,14,8.138958586110991
6,15,10.254944287234055
6,16,11.44067414553013
6,17,10.466132538423736
6,18,6.763648916734464
6,19,8.309467236117834
6,20,9.744770049273477
6,21,9.744949993354423
6,22,13.05227831946492
6,23,15.586204038984253
6,24,17.13596100470481
6,25,20.84713967950216
6,26,22.958616838982156
6,27,25.64104079218038
6,28,24.133109026464933
6,29,20.7047170719674
6,30,18.380928718595555
6,31,15.403314431112504
6,32,16.168892511081186
6,33,13.024340203185627
6,34,9.339886915004133
6,35,8.1311881941458
6,36,6.480894546837785
6,37,10.121770612776297
6,38,11.492934455782605
6,39,14.44911828822749
6,40,15.653345249377715
6,41,18.363098159898083
6,42,22.054825095007203
6,43,24.191789527183467
6,44,27.147429006616488
6,45,30.539357610322575
6,46,33.46592126345796
6,47,35.93531868902546
6,48,39.54900257167321
6,49,40.01424204460998
6,50,37.5446433969268
6,51,37.258772249281876
6,52,34.26810195902524
6,53,33.99003281805175
6,54,30.886277455640695
6,55,29.024047166933226
6,56,25.468380182200868
6,57,23.134774395899008
6,58,19.480521415259844
6,59,18.521451912835264
6,60,21.576882055351337
6,61,23.349353524556793
6,62,27.05529714643379
6,63,29.426389142755795
6,64,32.74605460415018
6,65,36.1024450846381
6,66,39.22524362849631
6,67,41.99249749435379
6,68,45.09557576480176
6,69,47.293806527991805
6,70,44.56069388676716
6,71,42.522540305544524
6,72,39.61477930889178
6,73,39.118839593477766
6,74,36.31619132584789
6,75,33.70394615299132
6,76,35.99116304325412
6,77,34.3531585845192
6,78,37.773126007736444
6,79,38.675708619507034
6,80,40.52843136788907
6,81,44.321992885697995
6,82,47.3365414180294
6,83,48.821346812836225
6,84,52.455018564310166
6,85,54.755539833543224
6,86,57.40194135245357
6,87,58.018021512975544
6,88,60.181566033077736
6,89,63.96227735343207
6,90,64.82163155375953
6,91,61.70689512962729
6,92,60.444009927220606
6,93,57.189474619930046
6,94,55.380981795525614
6,95,51.98935258558742
6,96,50.86904684607436
6,97,48.27106533522632
6,98,44.835287434863936
6,99,41.455570117896166
6,100,40.89865952784462
6,101,44.05791167881245
6,102,47.41753733894125
6,103,50.77339218028563
6,104,51.93939760420506
6,105,55.480476824745125
6,106,58.038630404582676
6,107,61.563952628849805
6,108,64.98557246405983
7,1,10.7921612219288
7,2,9.288998763547685
7,3,5.593038908618656
7,4,5.629535612850031
7,5,5.644191928997176
7,6,3.828608987410468
7,8,3.814366763602872
7,9,6.810718308043937
7,10,9.611507290706859
7,11,11.873933223156225
7,12,9.591687465777992
7,13,8.43150481426059
7,14,7.160165291215956
7,15,10.402678540653861
7,16,12.391731661838323
7,17,12.435888368538365
7,18,8.749519744900239
7,19,10.065639296640683
7,20,10.045989042704088
7,21,8.554236517165144
7,22,11.468878393471298
7,23,13.236375216117985
7,24,14.431526133458755
7,25,18.226135436508937
7,26,19.95437794415225
7,27,22.520014023705325
7,28,21.25556087907556
7,29,17.710555157433475
7,30,15.04530615650263
7,31,11.875494152854014
7,32,12.386426099173889
7,33,9.242352770215433
7,34,5.581013051119367
7,35,4.842991293232779
7,36,4.858588935901339
7,37,8.355907028422433
7,38,10.467700262942927
7,39,12.603441504251876
7,40,12.99340928747239
7,41,15.484964562072955
7,42,19.200966168961262
7,43,20.991688883068555
7,44,23.908845857486423
7,45,27.323289680310523
7,46,30.107490610999946
7,47,32.74584216198983
7,48,36.31001537209503
7,49,36.67080839647615
7,50,34.07370986918496
7,51,33.70867128153998
7,52,30.669822604363198
7,53,30.263209016991052
7,54,27.16871256329812
7,55,25.441216910170517
7,56,21.9511911460565
7,57,19.63727934259237
7,58,16.089675290886046
7,59,14.830276490174468
7,60,17.838088984026957
7,61,19.73731761737229
7,62,23.446777669634105
7,63,25.73466897790839
7,64,29.11783669855672
7,65,32.43508875021793
7,66,35.62796921673745
7,67,38.385037034242075
7,68,41.42561254478591
7,69,43.67297201655984
7,70,40.98432990222217
7,71,38.91280305781979
7,72,36.04571066274395
7,73,35.53291330418878
7,74,32.69185799931337
7,75,30.19800615070468
7,76,32.57187687050694
7,77,31.08678864911099
7,78,34.52844818312071
7,79,35.41792216654358
7,80,37.123340686156276
7,81,40.91584651308869
7,82,43.85515721797546
7,83,45.23882605150587
7,84,48.8797178862995
7,85,51.122038709649814
7,86,53.76046574176586
7,87,54.40572734202426
7,88,56.64404682709019
7,89,60.418330908406915
7,90,61.24673457393418
7,91,58.09480652562306
7,92,56.76182494236423
7,93,53.47433760312122
7,94,51.652881501899635
7,95,48.24169510492751
7,96,47.10462525169948
7,97,44.540093012944176
7,98,41.08176990674769
7,99,37.734294031861324
7,100,37.175285958400686
7,101,40.38389949526009
7,102,43.77869983384965
7,103,47.09425054237621
7,104,48.27760349345599
7,105,51.84976189612727
7,106,54.43705940233701
7,107,57.99571482097236
7,108,61.387887885679525
8,1,8.013090858597533
8,2,7.731568617753517
8,3,5.073522355798617
8,4,6.698718864487908
8,5,8.527337297899246
8,6,6.838030777868652
8,7,3.814366763602872
8,9,3.836620744028017
8,10,6.876546050778021
8,11,8.535757653881925
8,12,6.139008929489262
8,13,6.048767546265832
8,14,5.883102356137825
8,15,9.35766825349253
8,16,12.30600282069646
8,17,12.802427336313075
8,18,9.406452780477164
8,19,9.817791112902079
8,20,8.366384314763463
8,21,5.704408730389266
8,22,8.307712318564336
8,23,9.641777585133507
8,24,11.168918561311502
8,25,14.941491911738218
8,26,16.543158351047392
8,27,19.372465405699995
8,28,18.408950075232593
8,29,15.069068251948204
8,30,12.445550330276031
8,31,9.732852144893588
8,32,10.661394294195114
8,33,8.269003742152618
8,34,5.35485115164121
8,35,5.423934237470446
8,36,6.2529032031507015
8,37,8.449554894113097
8,38,9.92665559867525
8,39,11.243949960954875
8,40,10.98817874221588
8,41,13.840402141455124
8,42,17.305056648811973
8,43,18.790994823836975
8,44,22.004343852044517
8,45,25.185254719476028
8,46,28.030209990419173
8,47,30.71542155922926
8,48,34.333970918441096
8,49,34.91139739850812
8,50,32.157021967379336
8,51,31.441391300989306
8,52,28.224203066129427
8,53,27.854764222299206
8,54,24.54978270947046
8,55,22.579854968442625
8,56,19.13705123875447
8,57,16.505192307993067
8,58,12.856847992466866
8,59,12.034344000644516
8,60,15.398968601016687
8,61,17.548709200967632
8,62,21.093186157604524
8,63,23.667021635622284
8,64,27.135242872737226
8,65,30.54226985926986
8,66,33.82958797123275
8,67,36.339605314513086
8,68,39.36664796153352
8,69,41.838309297734554
8,70,39.38001898485487
8,71,37.4809648562873
8,72,34.86327220858558
8,73,34.532243083825165
8,74,31.706071336130712
8,75,29.54297691131882
8,76,31.970801099979848
8,77,30.656912883336307
8,78,33.99125333233471
8,79,34.59450254959384
8,80,35.96262083770575
8,81,39.76991129857861
8,82,42.49505333053558
8,83,43.808692193690355
8,84,47.51114509047005
8,85,49.52974296064266
8,86,52.28319393047462
8,87,53.144453552012514
8,88,55.552487804575144
8,89,59.312849854233804
8,90,60.173101069162236
8,91,56.96775506202787
8,92,55.43997702746302
8,93,52.03456590554756
8,94,50.24175972963025
8,95,46.73284415953564
8,96,45.40721864706628
8,97,42.86676599928592
8,98,39.289712261596186
8,99,35.97851196721775
8,100,35.6770773886516
8,101,39.05949674237332
8,102,42.483120337027145
8,103,45.704895259201756
8,104,47.06248995202175
8,105,50.72155728522438
8,106,53.43716245805119
8,107,57.072625990443235
8,108,60.391059107392444
9,1,9.012815457487557
9,2,9.466986912483119
9,3,7.792192351764939
9,4,8.640044523918277
9,5,10.997139091425883
9,6,10.236561057780944
9,7,6.810718308043937
9,8,3.836620744028017
9,10,3.8373796950150574
9,11,6.296916490371216
9,12,5.722458562401183
9,13,7.645396550213168
9,14,9.006608568122422
9,15,12.456035004417023
9,16,15.686455922631929
9,17,16.428711730469004
9,18,13.151971100832894
9,19,13.12758022238015
9,20,11.066430454348115
9,21,7.720920613413742
9,22,9.395746460876218
9,23,9.219956503454789
9,24,10.522273697394802
9,25,14.108749733966052
9,26,14.835561854339627
9,27,17.649293218689284
9,28,17.383707821736014
9,29,14.138855052183173
9,30,11.009548121785125
9,31,8.336626094815589
9,32,8.34921522804493
9,33,6.354328782942146
9,34,4.7307642258936955
9,35,6.839350115371038
9,36,9.186337314032444
9,37,10.70463242969013
9,38,12.474704786510587
9,39,12.744266021758266
9,40,11.29585750564018
9,41,13.63357077566652
9,42,16.821784674794255
9,43,17.52852155073362
9,44,20.6581766724187
9,45,23.7334602689171
9,46,26.27279926786142
9,47,29.244683153510785
9,48,32.74112257876682
9,49,33.15415677723854
9,50,30.145660001881208
9,51,29.173170507080854
9,52,25.796946121732724
9,53,25.059700126234734
9,54,21.668986760329204
9,55,19.969655772037616
9,56,16.807500185684813
9,57,13.91906461685764
9,58,10.571422912359951
9,59,9.149664164839416
9,60,12.667723975393793
9,61,15.379140400524044
9,62,18.77408642397958
9,63,21.163061179759204
9,64,24.79157271073201
9,65,28.059666622808255
9,66,31.515883951492754
9,67,33.948748564251474
9,68,36.78861050785444
9,69,39.3998665848349
9,70,37.07166895009728
9,71,35.07464557484387
9,72,32.54178166204472
9,73,32.060383532989924
9,74,29.08128183224723
9,75,27.21555745443412
9,76,29.88276496274026
9,77,28.957554588119287
9,78,32.32454906534144
9,79,32.97659580100159
9,80,34.05825260821421
9,81,37.81593235806656
9,82,40.372922961822994
9,83,41.427927882098025
9,84,45.11152558172463
9,85,47.0002121956885
9,86,49.68953698925495
9,87,50.5565247225477
9,88,53.111241093461814
9,89,56.838732445148565
9,90,57.56442373156891
9,91,54.26565072340408
9,92,52.58515996462055
9,93,49.12607480440178
9,94,47.21121350526241
9,95,43.7095269217612
9,96,42.437377080061225
9,97,40.06045351828424
9,98,36.43795961819309
9,99,33.272029169957506
9,100,32.8927316929934
9,101,36.37084718461967
9,102,39.88973814834645
9,103,42.97597229035323
9,104,44.26921755983952
9,105,47.9715326787859
9,106,50.65647363444043
9,107,54.34495914023264
9,108,57.57101058576507
10,1,11.775528041660928
10,2,12.973223930258163
10,3,11.449226256973754
10,4,12.37941048297867
10,5,14.368210597331856
10,6,13.312642479491528
10,7,9.611507290706859
10,8,6.876546050778021
10,9,3.8373796950150574
10,11,3.8129647986230064
10,12,5.4474119116022734
10,13,8.012184153605872
10,14,10.698236605209853
10,15,14.17328173551025
10,16,17.323867147271418
10,17,18.77536498531019
10,18,15.82065171495611
10,19,16.164082127241876
10,20,13.719628154709277
10,21,10.026233630336048
10,22,10.367388510499156
10,23,8.921675683134572
10,24,8.92830585184184
10,25,12.196872705917047
10,26,12.2987883508298
10,27,14.651202930926233
10,28,14.62042722079909
10,29,11.34582401893423
10,30,7.8486220474423725
10,31,5.2582889272873725
10,32,4.92179318067612
10,33,4.5705668981470176
10,34,5.62361859057577
10,35,7.556283582797588
10,36,10.534402039817072
10,37,10.890804811438736
10,38,12.85430872543314
10,39,12.015299733332654
10,40,9.549858895445087
10,41,11.115985099117783
10,42,13.996308127438889
10,43,14.182677557529523
10,44,17.16533748618917
10,45,20.21113850468979
10,46,22.5880529419137
10,47,25.669941679854038
10,48,29.094265565501555
10,49,29.427326463647372
10,50,26.360405443693956
10,51,25.374662387949108
10,52,22.013370059496634
10,53,21.2696084141773
10,54,17.939547195491574
10,55,16.34409469152332
10,56,13.200708207069868
10,57,10.544399842181242
10,58,7.478448795705705
10,59,5.43649710813947
10,60,8.841024089635871
10,61,11.601859565654646
10,62,14.978685795088294
10,63,17.32717258934148
10,64,20.961506643276365
10,65,24.23102712015336
10,66,27.692530899189585
10,67,30.113417613931205
10,68,32.956187019011736
10,69,35.568395952982065
10,70,33.26835818913066
10,71,31.323191489148144
10,72,28.8774371737978
10,73,28.528522047935343
10,74,25.649175804461375
10,75,23.9153104890199
10,76,26.51272582798861
10,77,25.657486145065764
10,78,28.928169412049616
10,79,29.451282007102737
10,80,30.38292085123399
10,81,34.128373965328386
10,82,36.61546038912233
10,83,37.661883406840744
10,84,41.35980745573755
10,85,43.20914632229474
10,86,45.93785961395793
10,87,46.8759330614753
10,88,49.45481616123087
10,89,53.1795177304221
10,90,53.96341924529072
10,91,50.68370079262277
10,92,48.987585552214895
10,93,45.509946381929794
10,94,43.68985220507022
10,95,40.14175115044827
10,96,38.7662130387851
10,97,36.32670636713291
10,98,32.693765233365916
10,99,29.493969871559685
10,100,29.224258728991746
10,101,32.7290574660674
10,102,36.21709167602382
10,103,39.306113932602095
10,104,40.70820946013754
10,105,44.42554120169961
10,106,47.1977385101259
10,107,50.89376632371515
10,108,54.12337747514485
11,1,11.336134794587396
11,2,13.557137140329871
11,3,12.765165778985812
11,4,14.612334423717728
11,5,16.874099036823488
11,6,15.255977811185616
11,7,11.873933223156225
11,8,8.535757653881925
11,9,6.296916490371216
11,10,3.8129647986230064
11,12,3.8119776019642724
11,13,7.196697387628623
11,14,10.535880053948633
11,15,13.395684961990822
11,16,16.72143401037095
11,17,18.580422994974384
11,18,16.198039360282355
11,19,16.29972181584045
11,20,13.230476765662525
11,21,9.442592561962082
11,22,8.392201293623293
11,23,5.8906120737224414
11,24,5.432343477123854
11,25,8.469034545908606
11,26,8.662914192644878
11,27,11.355616270657176
11,28,11.376538182285874
11,29,8.489709788561608
11,30,5.618995486591522
11,31,5.00876936699646
11,32,6.604037888437004
11,33,7.843308652167096
11,34,8.966920340084126
11,35,9.784956697983954
11,36,11.934558409602788
11,37,11.323377176174278
11,38,12.281608771948672
11,39,10.676639474202414
11,40,7.834087746226529
11,41,9.751347613932964
11,42,12.008609420134912
11,43,12.122397808534927
11,44,15.53170357936635
11,45,18.18299798702655
11,46,20.846000391092314
11,47,23.713143520597534
11,48,27.262813240279836
11,49,28.03995752036976
11,50,25.012854801877367
11,51,23.746284836883703
11,52,20.312811895205932
11,53,20.02649463118373
11,54,16.51981223859517
11,55,14.245929246330748
11,56,10.94198695354841
11,57,8.00850402637778
11,58,4.372192815917682
11,59,4.53399811677979
11,60,8.106640011955387
11,61,10.49970185014946
11,62,13.505696349041509
11,63,16.467887188866033
11,64,19.951587561906784
11,65,23.420706751309524
11,66,26.785425267897192
11,67,28.868442881832095
11,68,31.840347020869743
11,69,34.611566712200684
11,70,32.55425552304114
11,71,31.000973369250904
11,72,28.908998654241984
11,73,29.01648522770522
11,74,26.426285751435998
11,75,24.966684905132926
11,76,27.289389803109117
11,77,26.33980202163699
11,78,29.304891882389555
11,79,29.335395267677075
11,80,30.00175936519909
11,81,33.74287744926646
11,82,36.034193307853016
11,83,37.214598296572774
11,84,40.975867643182234
11,85,42.612584807431794
11,86,45.54621440607552
11,87,46.78196985875652
11,88,49.43125818855924
11,89,53.137562502213726
11,90,54.10102110042232
11,91,50.87176318248408
11,92,49.07337698738166
11,93,45.51565268382056
11,94,43.89985554179034
11,95,40.23824866329147
11,96,38.533635675769425
11,97,35.97895227647937
11,98,32.26962441236264
11,99,29.02214932464144
11,100,29.249326596817763
11,101,32.84502825418073
11,102,36.21144414275467
11,103,39.25983252379483
11,104,40.977394962888766
11,105,44.72980781400636
11,106,47.69790015979865
11,107,51.41045221150492
11,108,54.605288088975435
12,1,8.77912938716161
12,2,10.929281966592466
12,3,10.016409812974091
12,4,12.511676368446132
12,5,14.642783734089463
12,6,12.487199925089167
12,7,9.591687465777992
12,8,6.139008929489262
12,9,5.722458562401183
12,10,5.4474119116022734
12,11,3.8119776019642724
12,13,3.8051210476207533
12,14,6.852785622683584
12,15,9.60678965917192
12,16,13.014273831403333
12,17,14.78482034358044
12,18,12.525989307410581
12,19,12.700404696139152
12,20,9.672995046683763
12,21,5.981070051488138
12,22,5.13212592815481
12,23,4.290805839193052
12,24,5.088490793179164
12,25,8.839669132204246
12,26,10.496501835099465
12,27,13.417459882155605
12,28,12.546853825727753
12,29,9.558760315289444
12,30,7.485715624064136
12,31,6.437651552399332
12,32,8.881708572499413
12,33,8.896152076332994
12,34,8.542596347139211
12,35,8.277748498636372
12,36,9.346256231429454
12,37,8.892037351488868
12,38,9.240527686965251
12,39,8.454772491386832
12,40,6.875686125009758
12,41,9.98583654462519
12,42,12.722514964071856
12,43,13.889851116517855
12,44,17.468701070223453
12,45,20.216904027288486
12,46,23.24244547339108
12,47,25.784017165672168
12,48,29.477878074974136
12,49,30.463854552096333
12,50,27.68868543528873
12,51,26.64498203604808
12,52,23.366157663447687
12,53,23.420735763421554
12,54,19.99774963491454
12,55,17.471310464110722
12,56,13.95901911701856
12,57,11.299582189049644
12,58,7.487980578505365
12,59,8.193690788503437
12,60,11.5449594751682
12,61,13.372698535375244
12,62,16.52567187903638
12,63,19.63953099685461
12,64,22.96431331500254
12,65,26.54970642689471
12,66,29.757710099374492
12,67,31.89016643234754
12,68,35.020062319109904
12,69,37.67911925145403
12,70,35.51987039700442
12,71,34.05058562842141
12,72,31.869198387412133
12,73,32.06819682169174
12,74,29.56029576424979
12,75,27.80747860376934
12,76,29.97208005401856
12,77,28.670722287019245
12,78,31.646106244075565
12,79,31.652841435484813
12,80,32.59954141485949
12,81,36.39212619672863
12,82,38.83664249556678
12,83,40.24318618128398
12,84,44.01989398240566
12,85,45.76025329755163
12,86,48.7469424591329
12,87,49.97625071705668
12,88,52.507205601385174
12,89,56.2412112502583
12,90,57.30662975718416
12,91,54.14615696861882
12,92,52.464494580094616
12,93,48.94832407646666
12,94,47.40725672682296
12,95,43.747499434128954
12,96,42.01883078112992
12,97,39.349427521406476
12,98,35.67898325778449
12,99,32.32477407107533
12,100,32.59203837428154
12,101,36.10784652222915
12,102,39.406142731772114
12,103,42.56261493803451
12,104,44.31290905075446
12,105,48.032261920685016
12,106,51.01067156136771
12,107,54.68501794304085
12,108,57.95126595839459
13,1,9.785453947670264
13,2,11.275179422650242
13,3,9.642986462696424
13,4,12.356021459240372
13,5,13.670838057656367
13,6,10.733736172558213
13,7,8.43150481426059
13,8,6.048767546265832
13,9,7.645396550213168
13,10,8.012184153605872
13,11,7.196697387628623
13,12,3.8051210476207533
13,14,3.8297145113620283
13,15,6.73625539151971
13,16,9.665168047116298
13,17,11.85604201712535
13,18,9.873382186738102
13,19,10.983641399119206
13,20,8.59578762508793
13,21,5.789634199790947
13,22,5.355254785823275
13,23,6.560966793236748
13,24,6.7539797941326
13,25,10.341722433651363
13,26,12.844343007115896
13,27,15.323221082376945
13,28,13.528094062623673
13,29,10.360612361814159
13,30,8.907752765603824
13,31,7.535846349872909
13,32,10.47084505155891
13,33,9.936511736416445
13,34,8.898980511893999
13,35,6.988024147802351
13,36,6.625196181780775
13,37,5.631764983363142
13,38,5.492700282962884
13,39,5.611311760025933
13,40,5.755533537340397
13,41,9.312396459738443
13,42,12.44454402345057
13,43,14.576877318330332
13,44,18.021610722539755
13,45,20.95737347993011
13,46,24.21977988740332
13,47,26.438032038952432
13,48,30.200420544117296
13,49,31.25131727996661
13,50,28.809029887665304
13,51,28.188901926878977
13,52,25.19664479961791
13,53,25.60419140159892
13,54,22.43117132881398
13,55,19.84692157905659
13,56,16.123583383897046
13,57,14.086919678673468
13,58,10.373650886322904
13,59,11.031097575176602
13,60,13.882782376845988
13,61,14.97995466161509
13,62,18.303273032727756
13,63,21.404166476731717
13,64,24.489989438129403
13,65,28.150288916020678
13,66,31.12591879724941
13,67,33.41946712557976
13,68,36.731305470686124
13,69,39.14862956973496
13,70,36.78774345185248
13,71,35.37992394846698
13,72,33.05900319845328
13,73,33.38824953247619
13,74,31.061984753255082
13,75,28.94725955605161
13,76,30.82885020789373
13,77,29.098928400503304
13,78,32.033157956627186
13,79,32.03183032690524
13,80,33.34082997299985
13,81,37.165209347418816
13,82,39.82797918799398
13,83,41.520363124336356
13,84,45.29021421582755
13,85,47.22338705099843
13,86,50.24248173789001
13,87,51.41535346376681
13,88,53.745806607600116
13,89,57.51184643828161
13,90,58.72332804163336
13,91,55.68489420483861
13,92,54.21781973920467
13,93,50.79434771772237
13,94,49.39842695174689
13,95,45.75648399878976
13,96,44.01335854080994
13,97,41.15946506743824
13,98,37.58831631332128
13,99,34.07865863820186
13,100,34.357782942164214
13,101,37.71272754653657
13,102,40.88676974615493
13,103,44.20578250214505
13,104,45.9930962453014
13,105,49.63964467631299
13,106,52.63281531035303
13,107,56.2287227134167
13,108,59.60959003811967
14,1,8.90147359945739
14,2,9.459364710501879
14,3,7.567144815711003
14,4,10.584421587435077
14,5,11.504052937149009
14,6,8.138958586110991
14,7,7.160165291215956
14,8,5.883102356137825
14,9,9.006608568122422
14,10,10.698236605209853
14,11,10.535880053948633
14,12,6.852785622683584
14,13,3.8297145113620283
14,15,3.8178096596597313
14,16,6.7182657954735445
14,17,8.24376046714993
14,18,6.045495354276366
14,19,7.522137101913703
14,20,6.033492633900764
14,21,4.817198825529331
14,22,6.128312316133883
14,23,8.96765789179143
14,24,10.124110281490768
14,25,13.512946073303688
14,26,16.297095812464583
14,27,18.937125834068656
14,28,17.006913956380473
14,29,14.011896763242405
14,30,12.727451914885474
14,31,11.061891013673465
14,32,13.579484542595198
14,33,12.17463052116968
14,34,9.998969246980105
14,35,7.685477430469942
14,36,5.630931360562465
14,37,6.037950461109553
14,38,5.173649530110359
14,39,7.507356645220127
14,40,9.096683126698354
14,41,12.589245616389766
14,42,15.778429903634022
14,43,18.222872946222342
14,44,21.59130914703434
14,45,24.554515411751186
14,46,27.879629743285072
14,47,29.97157536921294
14,48,33.74791355123975
14,49,34.82167643303079
14,50,32.48492705845054
14,51,31.965635138491216
14,52,29.013353114583687
14,53,29.413355874332098
14,54,26.231217065067195
14,55,23.657887351672045
14,56,19.946452197845172
14,57,17.80655350289052
14,58,14.041238054490464
14,59,14.547376986196268
14,60,17.547792843382553
14,61,18.726247943095103
14,62,22.106379471812584
14,63,25.14593967641572
14,64,28.226211048113235
14,65,31.872593985490575
14,66,34.81870181641222
14,67,37.17477908130671
14,68,40.505622772935666
14,69,42.864616580247166
14,70,40.42777953556906
14,71,38.96507377834045
14,72,36.529671230522986
14,73,36.7561064658388
14,74,34.3683464292856
14,75,32.078216627211404
14,76,33.97814938500656
14,77,32.13315281438169
14,78,35.139959100209914
14,79,35.268958889155954
14,80,36.770557156650156
14,81,40.599939634824395
14,82,43.36705510978729
14,83,45.11502132907649
14,84,48.86905673919738
14,85,50.88656829991181
14,86,53.874695480831384
14,87,54.968133671801446
14,88,57.23010679196631
14,89,61.00812443460961
14,90,62.206776409962224
14,91,59.1805634472622
14,92,57.780483662209406
14,93,54.391149609241396
14,94,52.949027907646396
14,95,49.341286202639125
14,96,47.68198198151981
14,97,44.83449564648848
14,98,41.28754763029907
14,99,37.768526777093854
14,100,37.93656098353228
14,101,41.24469557333123
14,102,44.428341557945885
14,103,47.78710301108637
14,104,49.49067602913403
14,105,53.1135861713208
14,106,56.04261215780918
14,107,59.61716317500591
14,108,63.029813084904106
15,1,9.684172558523008
15,2,10.44426301009197
15,3,9.49710758517191
15,4,12.89092957399773
15,5,13.73028958960922
15,6,10.254944287234055
15,7,10.402678540653861
15,8,9.35766825349253
15,9,12.456035004417023
15,10,14.17328173551025
15,11,13.395684961990822
15,12,9.60678965917192
15,13,6.73625539151971
15,14,3.8178096596597313
15,16,3.8237993503799066
15,17,5.5487770830484235
15,18,5.197283009966577
15,19,6.38756413235176
15,20,5.272746805088171
15,21,6.191295960029125
15,22,6.729890069886196
15,23,10.259189571617524
15,24,11.674537940869984
15,25,14.433983759542967
15,26,17.714335211214486
15,27,20.385218473391756
15,28,18.180331807770003
15,29,15.730329123459782
15,30,15.240693652231176
15,31,14.235424061013733
15,32,17.0962632537882
15,33,15.948315432106238
15,34,13.797128634397852
15,35,11.380528006315105
15,36,8.741379629604337
15,37,8.615852268644215
15,38,6.082037144149268
15,39,8.693656059426987
15,40,11.136254373393836
15,41,14.736842587686628
15,42,17.459807454986002
15,43,20.19979011556703
15,44,23.636549976274686
15,45,26.310199206645134
15,46,29.83740926069356
15,47,31.590289279665384
15,48,35.41470514088493
15,49,36.81391859017573
15,50,34.65980981720061
15,51,34.102054356060194
15,52,31.234793094283994
15,53,31.954645851685935
15,54,28.768785982547524
15,55,25.889702544256604
15,56,22.206977692625074
15,57,20.138081823736673
15,58,16.449060519458055
15,59,17.593918418991638
15,60,20.54107931517439
15,61,21.462178867358542
15,62,24.61261015149958
15,63,27.87152985750803
15,64,30.777861612296757
15,65,34.49750323068723
15,66,37.300630160783996
15,67,39.47660624847112
15,68,42.900912502598686
15,69,45.275029041058296
15,70,42.941005557336375
15,71,41.717610612059985
15,72,39.43307235035595
15,73,39.893041613489046
15,74,37.661618616747944
15,75,35.40553462840322
15,76,37.129017730403746
15,77,35.12965910103459
15,78,37.966096815266646
15,79,37.84840279079354
15,80,39.327757586828234
15,81,43.13626259338999
15,82,45.84905776724246
15,83,47.75242720694214
15,84,51.52238520749696
15,85,53.46477282329729
15,86,56.568465493768834
15,87,57.80725646469436
15,88,60.04466542410086
15,89,63.81366142652355
15,90,65.1472390468422
15,91,62.18308086535441
15,92,60.78241919336894
15,93,57.376985814273034
15,94,56.06201345189648
15,95,52.40862613265322
15,96,50.58886749933173
15,97,47.65783941738088
15,98,44.105504630538135
15,99,40.55129660187691
15,100,40.958646323405084
15,101,44.26617532597056
15,102,47.353681155527624
15,103,50.71959737753437
15,104,52.580110966089656
15,105,56.19825661441067
15,106,59.21822679360519
15,107,62.77942738507948
15,108,66.19873906136353
16,1,13.236455311714902
16,2,13.453222736009433
16,3,12.167372855303416
16,4,15.143419357240766
16,5,15.131666141629642
16,6,11.44067414553013
16,7,12.391731661838323
16,8,12.30600282069646
16,9,15.686455922631929
16,10,17.323867147271418
16,11,16.72143401037095
16,12,13.014273831403333
16,13,9.665168047116298
16,14,6.7182657954735445
16,15,3.8237993503799066
16,17,3.8510479814061274
16,18,5.5745049571772345
16,19,7.951945145381342
16,20,8.386440258164722
16,21,9.9314287004545
16,22,10.42335991910536
16,23,13.80802277086566
16,24,14.714112287989423
16,25,17.20615725264589
16,26,20.683920389554512
16,27,23.000991457776088
16,28,20.363030707217543
16,29,17.988946503092368
16,30,17.81875546461725
16,31,16.779492581456037
16,32,19.701343530178313
16,33,18.44542497430534
16,34,16.222958069460116
16,35,13.250436153319225
16,36,9.898943604434002
16,37,9.516386258809034
16,38,6.6201146618585325
16,39,9.84006515290084
16,40,13.092633992413111
16,41,16.306976927279806
16,42,18.9269768488536
16,43,22.09270851222579
16,44,25.277512797172356
16,45,27.96339336833459
16,46,31.563474397474945
16,47,33.01980174116567
16,48,36.814140840487866
16,49,38.254486472345704
16,50,36.39869355798078
16,51,36.1569769059631
16,52,33.53622630268615
16,53,34.493034378722065
16,54,31.50462623632036
16,55,28.625609334813003
16,56,24.88194929940084
16,57,23.185833840689494
16,58,19.590938522580863
16,59,20.678332704978782
16,60,23.340919671890042
16,61,23.849650085480178
16,62,27.007297266131623
16,63,30.198279089128718
16,64,32.888781125478985
16,65,36.60613250870006
16,66,39.19672139586264
16,67,41.456959581876184
16,68,44.988920748954264
16,69,47.15701060556746
16,70,44.6958752845322
16,71,43.548157231990025
16,72,41.19720733236505
16,73,41.76810482492102
16,74,39.710039250478324
16,75,37.23062812479332
16,76,38.70264759340608
16,77,36.40618885706082
