1,2,3.8321283752385877
1,3,7.028783278807282
1,4,10.205623372590836
1,5,13.391031519103803
1,6,12.727730129117266
1,7,11.927119095543462
1,8,9.232897540809905
1,9,10.291130945928936
1,10,12.794614855573707
1,11,12.200216729422216
1,12,9.74697237386774
1,13,11.021194628187073
1,14,9.985663141854152
1,15,10.415694811063588
1,16,13.833958039882194
1,17,13.049213879500211
1,18,11.397610879213651
1,19,8.53491546360339
1,20,5.680664108698896
1,21,5.536704457735147
1,22,7.49612135663674
1,23,9.444134460393203
1,24,13.147039257058129
1,25,15.741308851233393
1,26,17.547864193655933
1,27,20.937481786889432
1,28,20.53676791487491
1,29,18.632316997611408
1,30,17.114441951637925
1,31,16.076789777839824
1,32,17.490060064706718
1,33,16.314921045537776
1,34,14.103484396991094
1,35,14.74324456020668
1,36,14.380570168333513
1,37,15.615976002600522
1,38,14.732103540861857
1,39,15.973278532364935
1,40,15.997120275885747
1,41,19.5613537560567
1,42,22.090902518148724
1,43,23.44591063819524
1,44,27.148344200296652
1,45,29.395178904302988
1,46,32.60466599329882
1,47,35.20277804324419
1,48,38.54716204602799
1,49,39.7521797284982
1,50,36.86757773812569
1,51,35.59944358707741
1,52,32.072779770264624
1,53,31.31834019178779
1,54,27.62971186455817
1,55,25.218166303628593
1,56,22.391366647809402
1,57,19.038892845378836
1,58,15.549884348247328
1,59,16.558231644449197
1,60,20.360924900219505
1,61,22.763977532050095
1,62,25.50458796082847
1,63,28.94223611606158
1,64,32.175962296168194
2,1,3.8321283752385877
2,3,3.8585989037245843
2,4,6.920848646638041
2,5,9.808806769265994
2,6,9.463334661548954
2,7,9.33704190018726
2,8,7.702126952708511
2,9,9.751609094769844
2,10,13.0459506833953
2,11,13.360002306549092
2,12,10.527736748777466
2,13,10.90696854958009
2,14,8.839628621402035
2,15,9.569411130191899
2,16,12.627848072994302
2,17,11.230370055296785
2,18,8.84581064192946
2,19,5.962234836673682
2,20,4.635726363073215
2,21,5.651353504045758
2,22,9.02001737124186
2,23,11.61975451715552
2,24,14.967885876117833
2,25,18.06193949805937
2,26,20.086466134500583
2,27,23.182475097925355
2,28,22.44685603240474
2,29,20.04582868155862
2,30,18.19206947800238
2,31,16.434724049395946
2,32,17.58787930443964
2,33,15.6478264845631
2,34,12.732830369643162
2,35,13.107814367568851
2,36,12.375040990551822
2,37,14.395549521421968
2,38,13.951311262422166
2,39,15.975453749043442
2,40,16.491236606724524
2,41,19.96089914951258
2,42,22.94175506976791
2,43,24.633175877382605
2,44,28.193442183077053
2,45,30.79895950869779
2,46,34.02976124866191
2,47,36.64228936568457
2,48,40.14659623139446
2,49,41.18205342111166
2,50,38.32203519105697
2,51,37.3230722931192
2,52,33.89179174394402
2,53,33.076722611247725
2,54,29.46884957155191
2,55,27.27071809853087
2,56,24.201880815970515
2,57,20.98557644058517
2,58,17.291950432764413
2,59,17.668786627638177
2,60,21.424115938646477
2,61,23.769783769126924
2,62,26.87089244875949
2,63,30.17629226466891
2,64,33.48536819996116
3,1,7.028783278807282
3,2,3.8585989037245843
3,4,3.8265662179910325
3,5,6.507874939152839
3,6,5.954667812953103
3,7,5.544798193618951
3,8,4.834606201966702
3,9,7.650000945527492
3,10,11.288046447357289
3,11,12.424312402228146
3,12,9.59803166123479
3,13,9.38817462776287
3,14,7.115531082491003
3,15,9.026497695529837
3,16,11.910696502430016
3,17,10.89877494820305
3,18,7.554095440080618
3,19,6.254809090938204
3,20,5.839641062194464
3,21,5.844497528869518
3,22,9.656853790490752
3,23,12.139677527824885
3,24,14.839325237777393
3,25,18.36970862302288
3,26,20.39432055127213
3,27,23.050303393323798
3,28,22.104672443319465
3,29,19.201308603949325
3,30,16.94679568379202
3,31,14.540239866291722
3,32,15.395410611913174
3,33,12.91268189296298
3,34,9.588273655492117
3,35,9.75433700836758
3,36,9.114733525333973
3,37,11.743817362196763
3,38,12.142925779574696
3,39,14.462936892622153
3,40,15.040254536976256
3,41,18.18409327541927
3,42,21.53017083449055
3,43,23.366168736911856
3,44,26.699105526705917
3,45,29.634741065912866
3,46,32.79321938529287
3,47,35.45735134095735
3,48,39.09095085082051
3,49,39.882441851826776
3,50,37.03289927100568
3,51,36.29889194780297
3,52,32.999612456779296
3,53,32.12621654531908
3,54,28.663722633851883
3,55,26.734067503281665
3,56,23.470047728978166
3,57,20.483311154504584
3,58,16.713412591195354
3,59,16.43349325416677
3,60,19.99489312674168
3,61,22.214272573452725
3,62,25.6056464796109
3,63,28.719128677931103
3,64,32.063846897448855
4,1,10.205623372590836
4,2,6.920848646638041
4,3,3.8265662179910325
4,5,3.830645097387329
4,6,5.517438353676326
4,7,5.114687383929909
4,8,6.319957716745206
4,9,8.392248957177248
4,10,12.218782435927501
4,11,14.331788854099564
4,12,12.125499630474842
4,13,12.007874694793731
4,14,9.948989141568559
4,15,12.268643557731785
4,16,14.713860212469102
4,17,13.48606181879145
4,18,9.787085610620846
4,19,9.04516016541081
4,20,9.560588973522304
4,21,9.490427408681256
4,22,13.224754370597722
4,23,15.323960904221412
4,24,17.726058168537886
4,25,21.382115925323834
4,26,23.096033594249707
4,27,25.526736181654115
4,28,24.743928339465374
4,29,21.56860935458979
4,30,18.859783033000074
4,31,15.906303944054573
4,32,15.93276286228665
4,33,12.797226806635221
4,34,9.127377214445803
4,35,9.901771273371606
4,36,9.877593067398331
4,37,13.22784728807796
4,38,14.505404930687696
4,39,16.924226993445036
4,40,17.32386921448579
4,41,20.01718323459357
4,42,23.586722361746567
4,43,25.276800853460156
4,44,28.353987862699817
4,45,31.515906765861764
4,46,34.467897016210955
4,47,37.29217855981905
4,48,40.97789685400481
4,49,41.45541644302949
4,50,38.50404650825106
4,51,37.82295104812383
4,52,34.56533061914177
4,53,33.39063346691742
4,54,30.001932559617412
4,55,28.494331911148254
4,56,25.306074598139972
4,57,22.34057242887151
4,58,18.698590534419303
4,59,17.667520364512303
4,60,21.02877424895166
4,61,23.429338878959832
4,62,26.97034556337557
4,63,29.768584859406356
4,64,33.244493226458346
5,1,13.391031519103803
5,2,9.808806769265994
5,3,6.507874939152839
5,4,3.830645097387329
5,6,3.815423299126025
5,7,5.437470469616966
5,8,8.395472754273795
5,9,11.007992325139707
5,10,14.575860948917878
5,11,16.834188911675273
5,12,14.427945682441036
5,13,13.410207748476603
5,14,10.86185751695957
5,15,12.943642541466767
5,16,14.510656026178253
5,17,13.096488796570865
5,18,9.345028040877791
5,19,9.735302001788346
5,20,11.361203959475278
5,21,11.817326320120054
5,22,15.480699295857386
5,23,17.896536195565183
5,24,19.934265036863778
5,25,23.68500895891063
5,26,25.667430068107038
5,27,27.82281868644992
5,28,26.65357863109279
5,29,23.292505145379756
5,30,20.673792225636088
5,31,17.487505797209586
5,32,17.55055205756518
5,33,14.117747558412718
5,34,10.31991779699721
5,35,10.113574750157522
5,36,9.344203048317187
5,37,13.08665571643199
5,38,14.63163408151776
5,39,17.55095229258066
5,40,18.504494002411818
5,41,20.945436392879778
5,42,24.66560058087039
5,43,26.707537563636905
5,44,29.56752870805438
5,45,32.91806849782697
5,46,35.89551672656759
5,47,38.571184570159915
5,48,42.33585806318875
5,49,42.749625167381296
5,50,39.95670660388646
5,51,39.60653466218099
5,52,36.53785683767833
5,53,35.50202580804766
5,54,32.29450431465423
5,55,30.851473972957464
5,56,27.494781967380245
5,57,24.843082163177957
5,58,21.20068514088526
5,59,20.002189559899556
5,60,23.076989360477818
5,61,25.11393792768949
5,62,28.80481577513988
5,63,31.47643202104974
5,64,34.83447064591305
6,1,12.727730129117266
6,2,9.463334661548954
6,3,5.954667812953103
6,4,5.517438353676326
6,5,3.815423299126025
6,7,3.8254562828868486
6,8,6.792467047704301
6,9,10.211081954105714
6,10,13.400185132286781
6,11,15.112199602505209
6,12,12.26894955309196
6,13,10.463232461411183
6,14,7.62956408216528
6,15,9.68966125605659
6,16,11.05130726752709
6,17,10.236497638844822
6,18,6.460090044042821
6,19,8.010394451909574
6,20,9.425173486267486
6,21,9.736308433944503
6,22,13.059891775002388
6,23,15.688904806733461
6,24,17.404847385447024
6,25,21.135389074595327
6,26,23.460726533113874
6,27,25.46338799323296
6,28,23.904889009418625
6,29,20.568851229019376
6,30,18.312178036869213
6,31,15.33970000652911
6,32,16.10122336295314
6,33,13.027331660298998
6,34,9.41542827170605
6,35,7.952316423331991
6,36,6.075517704668924
6,37,9.660581735831776
6,38,10.95341962128299
6,39,14.082476836408361
6,40,15.465021258450534
6,41,18.0002009332831
6,42,21.673195277017044
6,43,24.042021185328775
6,44,26.935336094994135
6,45,30.24644077282501
6,46,33.389513894707505
6,47,35.85012270697846
6,48,39.62685782034082
6,49,40.23409749089692
6,50,37.62472781809601
6,51,37.46369491922339
6,52,34.50522168847194
6,53,33.82330313585085
6,54,30.705347280088834
6,55,28.99211652817766
6,56,25.45183319675368
6,57,23.06941196923837
6,58,19.372774255487148
6,59,18.55734773921467
6,60,21.546732333184895
6,61,23.152844709450854
6,62,26.833861291172834
6,63,29.671966475655285
6,64,32.83463426472818
7,1,11.927119095543462
7,2,9.33704190018726
7,3,5.544798193618951
7,4,5.114687383929909
7,5,5.437470469616966
7,6,3.8254562828868486
7,8,3.808205635823154
7,9,6.660692804576153
7,10,9.745053749790408
7,11,11.881927565442666
7,12,9.60307432031731
7,13,8.556771613611456
7,14,7.01385842765325
7,15,10.24044353662777
7,16,12.501867538019614
7,17,12.53433256227472
7,18,8.850732646324397
7,19,9.883093028176399
7,20,9.838392489027527
7,21,8.666682431423549
7,22,11.761477110971622
7,23,13.61243943964556
7,24,15.072823226524902
7,25,18.88679824543246
7,26,20.785723387489167
7,27,22.664047236797746
7,28,21.45303590957636
7,29,17.98330995276341
7,30,15.301662609411116
7,31,12.092194353261082
7,32,12.467593069570015
7,33,9.324863095604021
7,34,5.659655633505087
7,35,4.9908625659082295
7,36,4.988488760390101
7,37,8.442678176310226
7,38,10.471580912966896
7,39,12.778790665901631
7,40,13.269769441024955
7,41,15.596670806410277
7,42,19.317805123587462
7,43,21.276712932688447
7,44,24.144911558871627
7,45,27.483133280988046
7,46,30.466795008902768
7,47,33.14576558470453
7,48,36.90465022501134
7,49,37.342792555770274
7,50,34.563610660341475
7,51,34.2433452644672
7,52,31.21440082327348
7,53,30.329250664401147
7,54,27.1868296154482
7,55,25.666364288439773
7,56,22.22321837744076
7,57,19.769777791256086
7,58,16.16122843141294
7,59,14.985896985295
7,60,17.96124688112836
7,61,19.794846985656314
7,62,23.488075382530585
7,63,26.24215734992265
7,64,29.53069678478042
8,1,9.232897540809905
8,2,7.702126952708511
8,3,4.834606201966702
8,4,6.319957716745206
8,5,8.395472754273795
8,6,6.792467047704301
8,7,3.808205635823154
8,9,3.838757356029103
8,10,7.00666901581074
8,11,8.528731109775931
8,12,6.107119210582564
8,13,6.099351373700101
8,14,5.60787358869704
8,15,9.082076968823253
8,16,12.225724867749674
8,17,12.696444833028355
8,18,9.458817807346382
8,19,9.66036236518803
8,20,8.14909279959735
8,21,5.775693971145665
8,22,8.582213216977784
8,23,10.023003386164723
8,24,11.76195283161225
8,25,15.53353442492629
8,26,17.307369207115645
8,27,19.466434002525553
8,28,18.519690281758606
8,29,15.26432101633611
8,30,12.626677034001297
8,31,9.858548466212298
8,32,10.682852071531425
8,33,8.33526449568998
8,34,5.392788832474475
8,35,5.619463093043137
8,36,6.3042823685877885
8,37,8.388559811509422
8,38,9.727314301745817
8,39,11.255825771630116
8,40,11.113206135763342
8,41,13.858741566827113
8,42,17.336117413442313
8,43,19.010607124499366
8,44,22.183780423389177
8,45,25.27031646396432
8,46,28.315585112279862
8,47,31.064748717535757
8,48,34.74053599741653
8,49,35.35002944289307
8,50,32.476996199717036
8,51,31.864729306825073
8,52,28.660603376620706
8,53,27.796500218692582
8,54,24.47251908137512
8,55,22.709007763689968
8,56,19.336317925397303
8,57,16.610125736253533
8,58,12.890915125694208
8,59,12.186402190645119
8,60,15.531904382035394
8,61,17.592652450803484
8,62,21.103983762564976
8,63,24.116766575345594
8,64,27.44767261483226
9,1,10.291130945928936
9,2,9.751609094769844
9,3,7.650000945527492
9,4,8.392248957177248
9,5,11.007992325139707
9,6,10.211081954105714
9,7,6.660692804576153
9,8,3.838757356029103
9,10,3.8629198042001645
9,11,6.399857030880783
9,12,5.835466325827944
9,13,7.7116138628038895
9,14,8.787952423876538
9,15,12.268192646630194
9,16,15.633941285920429
9,17,16.35468138440752
9,18,13.248681861929725
9,19,13.078107913245125
9,20,11.015675646774167
9,21,7.948215728286582
9,22,9.860301342957666
9,23,9.874393560176607
9,24,11.27752429338474
9,25,14.857778143675755
9,26,15.803782560064672
9,27,17.856360751392565
9,28,17.60135714968872
9,29,14.380318494243982
9,30,11.179876504935352
9,31,8.340576007662966
9,32,8.190216341450414
9,33,6.172969817934252
9,34,4.4260943145465
9,35,6.77533358174846
9,36,9.075324836655145
9,37,10.514529688071127
9,38,12.221517029492212
9,39,12.708803901713102
9,40,11.369280827314231
9,41,13.596374920897441
9,42,16.85528765651248
9,43,17.774820898394495
9,44,20.84791108271507
9,45,23.8599972148712
9,46,26.609274604532484
9,47,29.651606596578734
9,48,33.242524998432316
9,49,33.6132452586821
9,50,30.501323310244953
9,51,29.595187834086772
9,52,26.264349700818585
9,53,25.019689519120355
9,54,21.610119216358623
9,55,20.178099930207576
9,56,17.08660983144276
9,57,14.115179749590673
9,58,10.633633521074291
9,59,9.28130065112754
9,60,12.72293356370608
9,61,15.341215184160166
9,62,18.747325402666316
9,63,21.590166892573773
9,64,25.121144756013955
10,1,12.794614855573707
10,2,13.0459506833953
10,3,11.288046447357289
10,4,12.218782435927501
10,5,14.575860948917878
10,6,13.400185132286781
10,7,9.745053749790408
10,8,7.00666901581074
10,9,3.8629198042001645
10,11,3.8216146993612248
10,12,5.558843299352194
10,13,8.1244781831055
10,14,10.602510368099464
10,15,14.04189304380057
10,16,17.3566260854093
10,17,18.77195049845473
10,18,16.02746703055148
10,19,16.165778729564373
10,20,13.661092241108511
10,21,10.084705443789659
10,22,10.66402541426472
10,23,9.365803483804068
10,24,9.588377747357262
10,25,12.852245239595888
10,26,13.19410639900319
10,27,14.75712335721794
10,28,14.824417583153796
10,29,11.58698051239639
10,30,8.027314649299381
10,31,5.340241248835687
10,32,4.863050060322189
10,33,4.6421677091990405
10,34,5.660064707422042
10,35,7.820952112905092
10,36,10.684824506320787
10,37,10.927005906220545
10,38,12.739152931354432
10,39,12.075351719481544
10,40,9.690325535075619
10,41,11.211154014776916
10,42,14.131826153434597
10,43,14.487469397340613
10,44,17.440780708608518
10,45,20.38831630602651
10,46,22.972187125230803
10,47,26.134672852969874
10,48,29.676055481990378
10,49,29.939689717053383
10,50,26.752574107163177
10,51,25.778476495783853
10,52,22.447759262040268
10,53,21.173022119115274
10,54,17.805935857149425
10,55,16.486295324396025
10,56,13.43292214693042
10,57,10.607688267994211
10,58,7.404109307811054
10,59,5.475755707720453
10,60,8.861888580992307
10,61,11.576465441884107
10,62,14.927700448167986
10,63,17.751287082894876
10,64,21.302782464599346
11,1,12.200216729422216
11,2,13.360002306549092
11,3,12.424312402228146
11,4,14.331788854099564
11,5,16.834188911675273
11,6,15.112199602505209
11,7,11.881927565442666
11,8,8.528731109775931
11,9,6.399857030880783
11,10,3.8216146993612248
11,12,3.818136701143445
11,13,7.116020182832647
11,14,10.322072513645
11,15,13.119849081838064
11,16,16.51580213634351
11,17,18.336857477320482
11,18,16.23929333819911
11,19,16.226308075348502
11,20,13.118446143328455
11,21,9.312519723485822
11,22,8.508217388864168
11,23,6.205092246019928
11,24,5.973603589000683
11,25,9.069981007745854
11,26,9.546858551150953
11,27,11.46369836418306
11,28,11.499292766970006
11,29,8.638584095711598
11,30,5.686532744980511
11,31,4.903718422705537
11,32,6.527519401837678
11,33,7.849697019342331
11,34,8.909934513840447
11,35,9.944218137916042
11,36,11.933252268173256
11,37,11.172892398790024
11,38,11.945061269396442
11,39,10.504101564716073
11,40,7.71489430341133
11,41,9.716642589207003
11,42,12.036151464861584
11,43,12.354099055559706
11,44,15.749166705996695
11,45,18.2903848108668
11,46,21.147210384216212
11,47,24.13028003011291
11,48,27.586674142737284
11,49,28.262203552494785
11,50,25.188634089935412
11,51,24.08454862089421
11,52,20.66587223022419
11,53,19.832157404373394
11,54,16.352355644643236
11,55,14.319091887386204
11,56,11.112108336983486
11,57,8.115471459087654
11,58,4.384541217554135
11,59,4.7074898837701635
11,60,8.320597719524466
11,61,10.591313734917671
11,62,13.53130215932161
11,63,16.86061293445869
11,64,20.16867079320395
12,1,9.74697237386774
12,2,10.527736748777466
12,3,9.59803166123479
12,4,12.125499630474842
12,5,14.427945682441036
12,6,12.26894955309196
12,7,9.60307432031731
12,8,6.107119210582564
12,9,5.835466325827944
12,10,5.558843299352194
12,11,3.818136701143445
12,13,3.7968167185118316
12,14,6.661178409483078
12,15,9.331893268412136
12,16,12.816484091952265
12,17,14.529336471294403
12,18,12.55536194422888
12,19,12.616825271278946
12,20,9.54294871459668
12,21,5.779975822177922
12,22,5.275582312872237
12,23,4.627552512950399
12,24,5.726922284702367
12,25,9.471065556766078
12,26,11.26288488336928
12,27,13.540017476217482
12,28,12.676689283383094
12,29,9.782788595542728
12,30,7.672239791544331
12,31,6.520693904508785
12,32,8.899698314895042
12,33,8.954710196168115
12,34,8.527625591508952
12,35,8.531483982127728
12,36,9.415341777688989
12,37,8.829835405507895
12,38,8.961656566207724
12,39,8.391841876074164
12,40,6.9098743417215855
12,41,10.054706415205796
12,42,12.807105465126066
12,43,14.14621048251758
12,44,17.698739401286584
12,45,20.324512937995564
12,46,23.51828687098766
12,47,26.18079625919228
12,48,29.72008753271267
12,49,30.66475999666738
12,50,27.835333245407966
12,51,27.009011918046923
12,52,23.719861794483574
12,53,23.232306982060337
12,54,19.84590625710638
12,55,17.520881010354028
12,56,14.10928125314103
12,57,11.404081128107439
12,58,7.597827677063163
12,59,8.397331528361786
12,60,11.811307812858955
12,61,13.547368073901652
12,62,16.61376586217013
12,63,20.05301867390219
12,64,23.168850139467388
13,1,11.021194628187073
13,2,10.90696854958009
13,3,9.38817462776287
13,4,12.007874694793731
13,5,13.410207748476603
13,6,10.463232461411183
13,7,8.556771613611456
13,8,6.099351373700101
13,9,7.7116138628038895
13,10,8.1244781831055
13,11,7.116020182832647
13,12,3.7968167185118316
13,14,3.807830695421641
13,15,6.5767756215679585
13,16,9.58777115002026
13,17,11.777195639079864
13,18,10.03355721470633
13,19,11.084110213395723
13,20,8.661554459644519
13,21,5.699908960390383
13,22,5.537473251411181
13,23,6.708409786472739
13,24,7.190860393637207
13,25,10.871098720233215
13,26,13.457244686964692
13,27,15.306270783735064
13,28,13.52043360673573
13,29,10.437046396752374
13,30,8.972043088005108
13,31,7.557620928326959
13,32,10.431079121328882
13,33,9.941070564939833
13,34,8.913271128232967
13,35,7.248498000534217
13,36,6.74563050356011
13,37,5.562908194232802
13,38,5.205242577553203
13,39,5.521239163645192
13,40,5.757663069220846
13,41,9.232262286139575
13,42,12.34697395087355
13,43,14.624068520101659
13,44,18.023781513474276
13,45,20.851468141685174
13,46,24.259310118019528
13,47,26.58379946334284
13,48,30.233036240339203
13,49,31.298078059772344
13,50,28.767375725218876
13,51,28.41261255031046
13,52,25.40227248988696
13,53,25.298422208044695
13,54,22.18369904676689
13,55,19.77747483471729
13,56,16.114743253816997
13,57,14.052866409829033
13,58,10.430981184769411
13,59,11.128096481949507
13,60,14.025132082131693
13,61,15.01124591860514
13,62,18.242534809425113
13,63,21.63757512696809
13,64,24.48919333406227
14,1,9.985663141854152
14,2,8.839628621402035
14,3,7.115531082491003
14,4,9.948989141568559
14,5,10.86185751695957
14,6,7.62956408216528
14,7,7.01385842765325
14,8,5.60787358869704
14,9,8.787952423876538
14,10,10.602510368099464
14,11,10.322072513645
14,12,6.661178409483078
14,13,3.807830695421641
14,15,3.81315624798988
14,16,6.874655255717231
14,17,8.323207526843113
14,18,6.231870844068182
14,19,7.597380999407848
14,20,6.044746263333243
14,21,4.639953757918936
14,22,6.281426837242757
14,23,9.054281670428718
14,24,10.495636511310716
14,25,14.007865689090742
14,26,16.829354379111997
14,27,18.928235881886895
14,28,17.031326549956624
14,29,14.118650637335762
14,30,12.769478388678436
14,31,11.020761012592754
14,32,13.40142320544128
14,33,11.985321638070394
14,34,9.78343828922378
14,35,7.720226813037592
14,36,5.659161959374354
14,37,6.030751710802413
14,38,5.155273899908628
14,39,7.629989782120054
14,40,9.193149852970429
14,41,12.55927797981842
14,42,15.740950038888617
14,43,18.289353075194576
14,44,21.607479745607204
14,45,24.47683684595673
14,46,27.929139086805527
14,47,30.140132247221583
14,48,33.803047098344685
14,49,34.91466941301217
14,50,32.46358723403306
14,51,32.19408132367205
14,52,29.20740714776226
14,53,29.07438870066986
14,54,25.92823713617833
14,55,23.544534195216528
14,56,19.906755437373267
14,57,17.714804997334802
14,58,14.005124229858138
14,59,14.51696950099381
14,60,17.573564589726942
14,61,18.69599751078123
14,62,22.008664762068545
14,63,25.3442641137587
14,64,28.215185318027974
15,1,10.415694811063588
15,2,9.569411130191899
15,3,9.026497695529837
15,4,12.268643557731785
15,5,12.943642541466767
15,6,9.68966125605659
15,7,10.24044353662777
15,8,9.082076968823253
15,9,12.268192646630194
15,10,14.04189304380057
15,11,13.119849081838064
15,12,9.331893268412136
15,13,6.5767756215679585
15,14,3.81315624798988
15,16,3.812445471725
15,17,5.469108939481858
15,18,5.236741114299635
15,19,6.505748279372698
15,20,5.299343392121789
15,21,5.854470022407745
15,22,6.576168746057058
15,23,10.077010481921072
15,24,11.752570239740063
15,25,14.683440562466917
15,26,17.97617422749082
15,27,20.25559234445473
15,28,18.036335350889043
15,29,15.693901876180897
15,30,15.16956656477206
15,31,14.11613391937945
15,32,16.8787358453518
15,33,15.742886971494537
15,34,13.582926067624472
15,35,11.38741655639948
15,36,8.716946356154649
15,37,8.539953462876039
15,38,5.97858987791069
15,39,8.665294751158706
15,40,11.069554864897796
15,41,14.608876596521965
15,42,17.29908783846054
15,43,20.129156282136343
15,44,23.526991923795364
15,45,26.089393186854245
15,46,29.720607553077308
15,47,31.60780821192918
15,48,35.168286911261006
15,49,36.62912875909704
15,50,34.403484605941706
15,51,34.18516887472286
15,52,31.264430024673555
15,53,31.460398714698627
15,54,28.342270470829998
15,55,25.615360887430818
15,56,22.017498295185593
15,57,19.94905226282496
15,58,16.351205604930556
15,59,17.51393609686434
15,60,20.54221309894576
15,61,21.402743897642473
15,62,24.462692336786983
15,63,27.957465325947734
15,64,30.599724670737583
16,1,13.833958039882194
16,2,12.627848072994302
16,3,11.910696502430016
16,4,14.713860212469102
16,5,14.510656026178253
16,6,11.05130726752709
16,7,12.501867538019614
16,8,12.225724867749674
16,9,15.633941285920429
16,10,17.3566260854093
16,11,16.51580213634351
16,12,12.816484091952265
16,13,9.58777115002026
16,14,6.874655255717231
16,15,3.812445471725
16,17,3.8485917334884983
16,18,5.643317749801993
16,19,8.047591351834196
16,20,8.332288963726626
16,21,9.631619940818473
16,22,10.129073628716425
16,23,13.491107550420494
16,24,14.674135317257766
16,25,17.29251980462893
16,26,20.817154642069067
16,27,22.787046214802437
16,28,20.129908541151508
16,29,17.921096077609047
16,30,17.805669663439772
16,31,16.812799893353834
16,32,19.68179631694229
16,33,18.467582749016778
16,34,16.269924809081406
16,35,13.485813163577047
16,36,10.134916415540726
16,37,9.693010378617368
16,38,6.758920462552968
16,39,9.88332204676297
16,40,13.102374104113302
16,41,16.258037776563274
16,42,18.771932553043243
16,43,22.00848488510843
16,44,25.165954975547553
16,45,27.70882714330045
16,46,31.40733596315599
16,47,32.95990822476001
16,48,36.50357342406548
16,49,38.08695441140322
16,50,36.14835476934555
16,51,36.26085043354699
16,52,33.57425301615974
16,53,34.05510713624241
16,54,31.137626916603995
16,55,28.35804920560608
16,56,24.690238684881795
16,57,22.995588306409818
16,58,19.53704730069362
16,59,20.694170016785527
16,60,23.445273485548846
16,61,23.883770120228718
16,62,26.917294437833032
16,63,30.341404576667394
16,64,32.73988203525611
17,1,13.049213879500211
17,2,11.230370055296785
17,3,10.89877494820305
17,4,13.48606181879145
17,5,13.096488796570865
17,6,10.236497638844822
17,7,12.53433256227472
17,8,12.696444833028355
17,9,16.35468138440752
17,10,18.77195049845473
17,11,18.336857477320482
17,12,14.529336471294403
17,13,11.777195639079864
17,14,8.323207526843113
17,15,5.469108939481858
17,16,3.8485917334884983
17,18,3.8450807609560727
17,19,5.590778238018631
17,20,7.4412525322016805
17,21,10.06913950376588
17,22,11.557645213519246
17,23,15.276995516134532
17,24,17.17910499925581
17,25,19.93430612348421
17,26,23.317179214972008
17,27,25.639163631072098
17,28,23.27924207115334
17,29,21.023646730027487
17,30,20.53595109986366
17,31,19.20285639309808
17,32,21.682095364130348
17,33,19.97555874579559
17,34,17.215226433636317
17,35,14.840907696586765
17,36,11.491878100603861
17,37,12.215277152943766
17,38,9.973469299474987
17,39,13.308685027619772
17,40,16.20992232935783
17,41,19.510574743362024
17,42,22.229741163035467
17,43,25.29800450943319
17,44,28.550898511133305
17,45,31.159270876662344
17,46,34.823090031213056
17,47,36.53228333658763
17,48,40.0921329326619
17,49,41.61063014563758
17,50,39.531215959265786
17,51,39.48103425243717
17,52,36.64249286356557
17,53,36.8766682245847
17,54,33.78274599433298
17,55,31.08071314889374
17,56,27.468468521025557
17,57,25.399972318533003
17,58,21.7661095939254
17,59,22.73005172835318
17,60,25.79088348955634
17,61,26.653806517065902
17,62,29.80356565647461
17,63,33.230255261489326
17,64,35.83940058951814
18,1,11.397610879213651
18,2,8.84581064192946
18,3,7.554095440080618
18,4,9.787085610620846
18,5,9.345028040877791
18,6,6.460090044042821
18,7,8.850732646324397
18,8,9.458817807346382
18,9,13.248681861929725
18,10,16.02746703055148
18,11,16.23929333819911
18,12,12.55536194422888
18,13,10.03355721470633
18,14,6.231870844068182
18,15,5.236741114299635
18,16,5.643317749801993
18,17,3.8450807609560727
18,19,3.8102573046939225
18,20,6.044043699521849
18,21,8.204082419414982
18,22,10.727489324417618
18,23,14.288050417123937
18,24,16.316497383857406
18,25,19.551340711314516
18,26,22.589030200405006
18,27,24.905910396525158
18,28,22.863030978380642
18,29,20.16507934789698
18,30,18.99614693277963
18,31,17.081647969252007
18,32,19.071941642870517
18,33,16.93573713265122
18,34,13.867712446028474
18,35,11.763426180084027
18,36,8.65233834505867
18,37,10.366598968678883
18,38,9.228196341526399
18,39,12.733784564579855
18,40,15.125464455877529
18,41,18.346050904477828
18,42,21.48891874996466
18,43,24.314919751575008
18,44,27.537805024860962
18,45,30.41612244574714
18,46,33.930951372207446
18,47,35.96301406352888
18,48,39.62472014216599
18,49,40.827451153730976
18,50,38.508524230052444
18,51,38.361485901402816
18,52,35.41933012074491
18,53,35.30003248688042
18,54,32.132831072760055
18,55,29.738232835838946
18,56,26.1210148168135
18,57,23.840634680945293
18,58,20.086440231894375
18,59,20.498758078642688
18,60,23.652126229477496
18,61,24.848838136041234
18,62,28.216648306741764
18,63,31.501170090298896
18,64,34.35763485850802
19,1,8.53491546360339
19,2,5.962234836673682
19,3,6.254809090938204
19,4,9.04516016541081
19,5,9.735302001788346
19,6,8.010394451909574
19,7,9.883093028176399
19,8,9.66036236518803
19,9,13.078107913245125
19,10,16.165778729564373
19,11,16.226308075348502
19,12,12.616825271278946
19,13,11.084110213395723
19,14,7.597380999407848
19,15,6.505748279372698
19,16,8.047591351834196
19,17,5.590778238018631
19,18,3.8102573046939225
19,20,3.8389699366585233
19,21,7.186735839696049
19,22,10.069579951897406
19,23,13.693874141922116
19,24,16.459248757776
19,25,19.540541388750583
19,26,22.376500249857138
19,27,25.145051711324452
19,28,23.523427987843643
19,29,21.081835323862762
19,30,19.83300427921267
19,31,18.110954117513465
19,32,19.94250132000601
19,33,17.87907780081093
19,34,14.73708610003943
19,35,13.520127114035912
19,36,11.146149757685949
19,37,12.979176915395746
19,38,11.742652486142585
19,39,14.74604329459187
19,40,16.598103702114578
19,41,20.11222393663841
19,42,23.127467532340727
19,43,25.60816741948397
19,44,29.060591526273807
19,45,31.759664899877674
19,46,35.25328563614398
19,47,37.44228216486252
19,48,41.02760195337271
19,49,42.29238533987692
19,50,39.801504423395535
19,51,39.30307426662393
19,52,36.1451382758665
19,53,35.83646797077644
19,54,32.45437964053072
19,55,29.995951888598164
19,56,26.57231802348456
19,57,23.89040109477254
19,58,20.105661804112106
19,59,20.72272721719782
19,60,24.197371010896855
19,61,25.82491602740599
19,62,29.06275686229265
19,63,32.4542614420192
19,64,35.46522437773159
20,1,5.680664108698896
20,2,4.635726363073215
20,3,5.839641062194464
20,4,9.560588973522304
20,5,11.361203959475278
20,6,9.425173486267486
20,7,9.838392489027527
20,8,8.14909279959735
20,9,11.015675646774167
20,10,13.661092241108511
20,11,13.118446143328455
20,12,9.54294871459668
20,13,8.661554459644519
20,14,6.044746263333243
20,15,5.299343392121789
20,16,8.332288963726626
20,17,7.4412525322016805
20,18,6.044043699521849
20,19,3.8389699366585233
20,21,3.8064992395220663
20,22,6.442330859478415
20,23,10.005282566595108
20,24,13.02505970397427
20,25,15.990799746682224
20,26,18.721704308250377
20,27,21.65111881582838
20,28,20.25232447571247
20,29,18.0179340286331
20,30,16.882379557173746
20,31,15.592669033685974
20,32,17.656005670282994
20,33,16.15490397537299
20,34,13.520355192498126
20,35,12.667224346789698
20,36,10.92689781463344
20,37,12.060438493893086
20,38,10.577173990806097
20,39,12.797179799371726
20,40,14.09157016761079
20,41,17.784693846898058
20,42,20.563673514668757
20,43,22.76523719801174
20,44,26.366149866886765
20,45,28.865371204560503
20,46,32.34205846423951
20,47,34.5966242661496
20,48,38.10183270661379
20,49,39.43654293172797
20,50,36.8730225135635
20,51,36.16831738193172
20,52,32.92143808759813
20,53,32.625424568199385
20,54,29.178243409273936
20,55,26.59380145959635
20,56,23.277162076338406
20,57,20.493126809647617
20,58,16.76268540865387
20,59,17.761809338273018
20,60,21.314132038292843
20,61,23.01186100347328
20,62,26.05351868155833
20,63,29.55463919622201
20,64,32.55554572794291
21,1,5.536704457735147
21,2,5.651353504045758
21,3,5.844497528869518
21,4,9.490427408681256
21,5,11.817326320120054
21,6,9.736308433944503
21,7,8.666682431423549
21,8,5.775693971145665
21,9,7.948215728286582
21,10,10.084705443789659
21,11,9.312519723485822
21,12,5.779975822177922
21,13,5.699908960390383
21,14,4.639953757918936
21,15,5.854470022407745
21,16,9.631619940818473
21,17,10.06913950376588
21,18,8.204082419414982
21,19,7.186735839696049
21,20,3.8064992395220663
21,22,3.825386319254446
21,23,6.803576967840937
21,24,9.73311591536694
21,25,12.99796909751876
21,26,15.45376211322314
21,27,18.28676017681703
21,28,17.11760708337641
21,29,14.697016718206916
21,30,13.266615774499977
21,31,12.01116585464508
21,32,14.095955499139402
21,33,12.980370577668923
21,34,10.874455487442305
21,35,10.387821966773387
21,36,9.552121901080191
21,37,10.213142096323386
21,38,9.23511295864803
21,39,10.606930540074469
21,40,11.067480668795257
21,41,14.704517265458348
21,42,17.49764845556542
21,43,19.39331313819154
21,44,23.008351177817712
21,45,25.536343588821065
21,46,28.91126506076487
21,47,31.334984140218573
21,48,34.847652349785
21,49,36.04289898661405
21,50,33.35871764865375
21,51,32.564401606520015
21,52,29.273309592386653
21,53,28.8735017395733
21,54,25.416352115121427
21,55,22.920023868546377
21,56,19.605868166280462
21,57,16.77271305600019
21,58,13.011367303237739
21,59,13.965600728401911
21,60,17.52736183934961
21,61,19.310631270593333
21,62,22.341834804525224
21,63,25.823401063514527
21,64,28.887002483279556
22,1,7.49612135663674
22,2,9.02001737124186
22,3,9.656853790490752
22,4,13.224754370597722
22,5,15.480699295857386
22,6,13.059891775002388
22,7,11.761477110971622
22,8,8.582213216977784
22,9,9.860301342957666
22,10,10.66402541426472
22,11,8.508217388864168
22,12,5.275582312872237
22,13,5.537473251411181
22,14,6.281426837242757
22,15,6.576168746057058
22,16,10.129073628716425
22,17,11.557645213519246
22,18,10.727489324417618
22,19,10.069579951897406
22,20,6.442330859478415
22,21,3.825386319254446
22,23,3.8073314826649476
22,24,6.735493238485371
22,25,9.551833531223943
22,26,12.36240099470873
22,27,15.281982721179949
22,28,13.965044137488835
22,29,12.079615812559256
22,30,11.482963604963926
22,31,11.353503489007599
22,32,14.134185629061289
22,33,14.036363391151655
22,34,12.85756800788474
22,35,12.163018678356533
22,36,11.454076039569985
22,37,10.800989070843865
22,38,9.019644089850239
22,39,9.173486554246638
22,40,9.319189555554255
22,41,13.086143795824958
22,42,15.245085264063288
22,43,17.075479453921165
22,44,20.827149498495995
22,45,22.97822145808975
22,46,26.459063451742743
22,47,28.6913018646943
22,48,32.079299964068674
22,49,33.5507977014535
22,50,30.99897062184346
22,51,30.153579717728846
22,52,26.902146945268775
22,53,26.85235507588278
22,54,23.461494127820405
22,55,20.58619824557003
22,56,17.322055319649156
22,57,14.720517534028316
22,58,11.198110208410295
22,59,13.120243620521526
22,60,16.44265387779812
22,61,17.81987055305963
22,62,20.46148310568612
22,63,24.13400905374901
22,64,26.937734078037945
23,1,9.444134460393203
23,2,11.61975451715552
23,3,12.139677527824885
23,4,15.323960904221412
23,5,17.896536195565183
23,6,15.688904806733461
23,7,13.61243943964556
23,8,10.023003386164723
23,9,9.874393560176607
23,10,9.365803483804068
23,11,6.205092246019928
23,12,4.627552512950399
23,13,6.708409786472739
23,14,9.054281670428718
23,15,10.077010481921072
23,16,13.491107550420494
23,17,15.276995516134532
23,18,14.288050417123937
23,19,13.693874141922116
23,20,10.005282566595108
23,21,6.803576967840937
23,22,3.8073314826649476
23,24,3.8032904503110165
23,25,6.457782222872119
23,26,8.731451103359197
23,27,11.823880655778305
23,28,11.09600072668607
23,29,9.496767751177472
23,30,8.947855704490403
23,31,9.690237598023204
23,32,12.45364831113547
23,33,13.291989722088672
23,34,13.108308759134854
23,35,13.023465879156243
23,36,13.276694197028677
23,37,12.139312679174312
23,38,10.903638733660983
23,39,9.735397248492468
23,40,8.420451315335093
23,41,11.753634196252122
23,42,13.395456510851002
23,43,14.514721080386426
23,44,18.323973780884117
23,45,20.222782163054056
23,46,23.553278854230815
23,47,25.951963003827174
23,48,29.23510776989671
23,49,30.655487183075568
23,50,27.964845544285197
23,51,26.852663550312414
23,52,23.49111971790776
23,53,23.369962321928856
23,54,19.921446572587268
23,55,16.97883470096779
23,56,13.891902863308204
23,57,11.153991141175082
23,58,7.844128306618051
23,59,10.381824073218787
23,60,13.5677851311864
23,61,15.021549595296698
23,62,17.324060772392222
23,63,21.038125198187604
23,64,23.841355902077613
24,1,13.147039257058129
24,2,14.967885876117833
24,3,14.839325237777393
24,4,17.726058168537886
24,5,19.934265036863778
24,6,17.404847385447024
24,7,15.072823226524902
24,8,11.76195283161225
24,9,11.27752429338474
24,10,9.588377747357262
24,11,5.973603589000683
24,12,5.726922284702367
24,13,7.190860393637207
24,14,10.495636511310716
24,15,11.752570239740063
24,16,14.674135317257766
24,17,17.17910499925581
24,18,16.316497383857406
24,19,16.459248757776
24,20,13.02505970397427
24,21,9.73311591536694
24,22,6.735493238485371
24,23,3.8032904503110165
24,25,3.8214371844156036
24,26,6.383350763035314
24,27,8.692638014032788
24,28,7.483863019608025
24,29,5.727387306853241
24,30,5.956643880363078
24,31,7.887879672125096
24,32,11.168396838065231
24,33,12.894407344718294
24,34,13.619676657707757
24,35,13.186076376787893
24,36,13.716487485201068
24,37,11.665225288989472
24,38,10.629548466084639
24,39,8.207441042043484
24,40,5.93046362828348
24,41,8.680851059853225
24,42,9.768391082823557
24,43,10.804614284298916
24,44,14.629338534434467
24,45,16.476921264690613
24,46,19.882220974416395
24,47,22.199458473845773
24,48,25.523951174144177
24,49,26.970993478658354
24,50,24.382053333251424
24,51,23.46685917449446
24,52,20.257101696533883
24,53,20.47333502608458
24,54,17.264686744851335
24,55,14.17204163508847
24,56,10.841302658456966
24,57,8.816827983942698
24,58,5.949599318775919
24,59,8.969362610789023
24,60,11.37923063018969
24,61,12.064652660767095
24,62,14.184012725530314
24,63,17.963319128108935
24,64,20.519576665757004
25,1,15.741308851233393
25,2,18.06193949805937
25,3,18.36970862302288
25,4,21.382115925323834
25,5,23.68500895891063
25,6,21.135389074595327
25,7,18.88679824543246
25,8,15.53353442492629
25,9,14.857778143675755
25,10,12.852245239595888
25,11,9.069981007745854
25,12,9.471065556766078
25,13,10.871098720233215
25,14,14.007865689090742
25,15,14.683440562466917
25,16,17.29251980462893
25,17,19.93430612348421
25,18,19.551340711314516
25,19,19.540541388750583
25,20,15.990799746682224
25,21,12.99796909751876
25,22,9.551833531223943
25,23,6.457782222872119
25,24,3.8214371844156036
25,26,3.822998491449082
25,27,6.274793158431549
25,28,5.30588657225856
25,29,5.838518419516975
25,30,7.773284594041271
25,31,10.786937677260513
25,32,13.908795276456663
25,33,16.192605549949043
25,34,17.282622603735565
25,35,16.90581881011845
25,36,17.391535930106464
25,37,15.035418848070002
25,38,13.635033770579762
25,39,10.777518398741265
25,40,8.575352451201406
25,41,10.433881523835943
25,42,10.08232651615211
25,43,10.448009867537994
25,44,14.142665802562481
25,45,15.118837601438665
25,46,18.484838688742183
25,47,20.522451080823227
25,48,23.54192507820393
25,49,25.354278158348883
25,50,22.934404328590553
25,51,21.810804967962568
25,52,18.666271999529584
25,53,19.32385825983626
25,54,16.299703900853807
25,55,12.747668163226766
25,56,9.95531199559047
25,57,8.594256870821853
25,58,7.242657618190745
25,59,10.92944421498366
25,60,12.567952068384095
25,61,12.711647010251234
25,62,13.84134540711124
25,63,17.638108643472037
25,64,19.725992649350207
26,1,17.547864193655933
26,2,20.086466134500583
26,3,20.39432055127213
26,4,23.096033594249707
26,5,25.667430068107038
26,6,23.460726533113874
26,7,20.785723387489167
26,8,17.307369207115645
26,9,15.803782560064672
26,10,13.19410639900319
26,11,9.546858551150953
26,12,11.26288488336928
26,13,13.457244686964692
26,14,16.829354379111997
26,15,17.97617422749082
26,16,20.817154642069067
26,17,23.317179214972008
26,18,22.589030200405006
26,19,22.376500249857138
26,20,18.721704308250377
26,21,15.45376211322314
26,22,12.36240099470873
26,23,8.731451103359197
26,24,6.383350763035314
26,25,3.822998491449082
26,27,3.8166830683676083
26,28,5.505824387342135
26,29,6.74619607985971
26,30,8.109694195308116
26,31,11.43420609907215
26,32,13.797069857482308
26,33,16.62398167135196
26,34,18.30469677388893
26,35,18.584971015567433
26,36,19.736157335257044
26,37,17.580073285893615
26,38,16.77092431322257
26,39,13.800849452953765
26,40,10.903989536850071
26,41,11.912655378362857
26,42,11.122695612135045
26,43,10.10137586633964
26,44,13.46679676404703
26,45,14.00519165219334
26,46,16.885877273765686
26,47,19.264994560775328
26,48,22.063662689182756
26,49,23.65318662013622
26,50,20.952016422426983
26,51,19.314284747679093
26,52,15.933329145765244
26,53,16.291635609404153
26,54,13.134515859930733
26,55,9.546045560726418
26,56,7.422838894444238
26,57,5.966298469685929
26,58,6.202895294206731
26,59,9.929917137994522
26,60,10.96987991983981
26,61,11.336736047386058
26,62,11.722515476112493
26,63,15.375030653453583
26,64,17.509487957326936
27,1,20.937481786889432
27,2,23.182475097925355
27,3,23.050303393323798
27,4,25.526736181654115
27,5,27.82281868644992
27,6,25.46338799323296
27,7,22.664047236797746
27,8,19.466434002525553
27,9,17.856360751392565
27,10,14.75712335721794
27,11,11.46369836418306
27,12,13.540017476217482
27,13,15.306270783735064
27,14,18.928235881886895
27,15,20.25559234445473
27,16,22.787046214802437
27,17,25.639163631072098
27,18,24.905910396525158
27,19,25.145051711324452
27,20,21.65111881582838
27,21,18.28676017681703
27,22,15.281982721179949
27,23,11.823880655778305
27,24,8.692638014032788
27,25,6.274793158431549
27,26,3.8166830683676083
27,28,3.8224376166899257
27,29,6.05366266110183
27,30,8.122226929877748
27,31,11.874315664823053
27,32,14.069769993967277
27,33,17.390221437844836
