1,2,3.8305088231412734
1,3,6.5048173559846285
1,4,8.491778833238357
1,5,6.77018951672226
1,6,6.644657275336229
1,7,10.113757973655153
1,8,11.266869672693645
1,9,10.71655823236808
1,10,12.216757433475623
1,11,14.942481561501832
1,12,15.865469787528776
1,13,16.32907462415394
1,14,18.226071293162835
1,15,20.24015178396756
1,16,21.362779549563673
1,17,22.488884364490634
1,18,24.38558344424328
1,19,26.002622561801314
1,20,27.404484085173014
1,21,28.34397408604047
1,22,29.61687157520196
1,23,31.643467943340614
1,24,33.15240893139805
1,25,33.937751130091016
1,26,35.593175993783824
1,27,38.08324149983132
1,28,38.81250984560526
1,29,39.553499763513486
1,30,41.50360762573776
1,31,43.896818475818456
1,32,47.00766912054087
1,33,47.106876522847266
1,34,49.92956797434818
1,35,48.845767920929454
1,36,45.10551750793727
1,37,43.37828661723743
1,38,39.840618991716006
1,39,41.15545693857933
1,40,39.85941657967619
1,41,36.2395682993358
1,42,35.65290669594412
1,43,36.64116594879559
1,44,34.90563891223872
1,45,31.54395742122804
1,46,32.510422927432586
1,47,33.54159320241325
1,48,30.220906827261867
1,49,28.395612409905
1,50,30.748532629748585
1,51,30.44209510079734
1,52,26.643486531545566
1,53,26.761568681576165
1,54,29.773907923702062
1,55,32.0520341210531
1,56,37.513378488869954
1,57,39.79382468840868
1,58,40.67956321672672
1,59,39.46171226780852
1,60,38.81918535715611
1,61,39.37455494487149
1,62,42.71947729233566
1,63,42.29434341088375
1,64,40.86112593882971
1,65,38.181392769129666
1,66,37.29613693484604
1,67,36.7778601494766
1,68,34.59492624466929
1,69,32.408864063236464
1,70,32.43700418956659
1,71,31.172141916691388
1,72,28.24513959192072
1,73,27.4186165535278
1,74,27.762803641707297
1,75,25.496009988937978
1,76,22.714048206689647
1,77,22.916088510259904
1,78,23.356714865603717
1,79,20.62329349204462
1,80,17.99810117138925
1,81,19.27354401192689
1,82,19.165760692213514
1,83,15.517612058273999
1,84,14.745162287985304
1,85,17.10140662503946
1,86,15.546186669204909
1,87,12.018061125746634
1,88,13.919276380703248
1,89,15.932154206662107
1,90,13.120258475046626
1,91,11.903029211403231
1,92,15.643202263496486
1,93,16.634723607868295
1,94,14.220157229247524
1,95,15.090751204920428
1,96,18.781149045134843
1,97,18.93425262220779
1,98,18.808164009257705
1,99,21.460561750755268
1,100,23.511918230529844
2,1,3.8305088231412734
2,3,3.8270374997926653
2,4,5.737995443861395
2,5,5.702674233909447
2,6,6.491414793348197
2,7,8.848044277255768
2,8,10.258561725482856
2,9,11.039018354792614
2,10,12.407245863904544
2,11,14.4284623038647
2,12,15.963543142635528
2,13,17.076845414057555
2,14,18.41150545034819
2,15,20.150921142708185
2,16,21.893812071606476
2,17,23.078098407298132
2,18,24.4184161437432
2,19,26.16828967461682
2,20,28.011598924660714
2,21,28.74073490986
2,22,29.58896931653535
2,23,31.87596498010254
2,24,33.62117114663586
2,25,34.058948372906805
2,26,35.48384921238668
2,27,38.256075332125654
2,28,39.00111361191521
2,29,39.37308948085636
2,30,41.29256873321016
2,31,43.943065315586125
2,32,46.93400895907602
2,33,46.75709872587527
2,34,49.58492140305133
2,35,48.43738082463943
2,36,44.76701949390198
2,37,43.193097993911586
2,38,39.73069494571447
2,39,41.33992702910441
2,40,40.349707051985646
2,41,36.87173127636208
2,42,36.34061014951248
2,43,36.952798076399944
2,44,35.078516989340045
2,45,31.88305778444648
2,46,32.641906718911926
2,47,33.30875612272061
2,48,29.95643776396293
2,49,28.18561729502968
2,50,30.180427146972132
2,51,29.59744848086002
2,52,25.78645712652375
2,53,25.77444458954992
2,54,28.465979016234602
2,55,30.93693078164954
2,56,36.64119463595563
2,57,38.90451625676641
2,58,40.13381955494229
2,59,38.97495886172444
2,60,38.12062795128006
2,61,38.683194713986566
2,62,41.90567678196212
2,63,41.53907423640194
2,64,39.92078639258229
2,65,37.49549606399789
2,66,36.71061941047573
2,67,35.81780708443664
2,68,33.58874934461307
2,69,31.741575866794
2,70,31.561860355620432
2,71,29.92342368963991
2,72,27.243680189361697
2,73,26.642634014726998
2,74,26.52521066303506
2,75,23.997584524228422
2,76,21.6494901808046
2,77,21.85738491735303
2,78,21.7037101390912
2,79,18.836507976248175
2,80,16.667135838297156
2,81,17.701791092915705
2,82,16.925420706256457
2,83,13.360119075627965
2,84,13.012699985700689
2,85,14.805334768305483
2,86,12.657528205632989
2,87,9.423042753265639
2,88,11.670131934706479
2,89,13.012304962718023
2,90,9.860281630298218
2,91,9.41925850192603
2,92,13.188308761183643
2,93,13.59902347306018
2,94,11.325258438533917
2,95,12.937396660253173
2,96,16.361010162517765
2,97,16.28556680329849
2,98,16.806480497436535
2,99,19.576026738007172
2,100,21.201934558829848
3,1,6.5048173559846285
3,2,3.8270374997926653
3,4,3.798071302569014
3,5,5.495614675242357
3,6,4.99699132996137
3,7,6.043776152065389
3,8,8.526857587207965
3,9,9.922863249670646
3,10,10.308177131508918
3,11,12.062753625804952
3,12,14.330917716242967
3,13,15.415385543756463
3,14,16.047051401577896
3,15,17.939794328405103
3,16,20.1275559581407
3,17,20.944573921490033
3,18,21.929168317486095
3,19,24.036801735419218
3,20,25.986259033229945
3,21,26.316442308314762
3,22,27.032099837492495
3,23,29.610005224765885
3,24,31.288344392671593
3,25,31.39108257152583
3,26,32.84809443037625
3,27,35.78704127729257
3,28,36.33947592229601
3,29,36.50713188571958
3,30,38.566326919716424
3,31,41.31874484957792
3,32,44.162116106233796
3,33,43.93760428766917
3,34,46.87606533412662
3,35,45.87423236699043
3,36,42.22495598113702
3,37,40.896696179570256
3,38,37.407953730726796
3,39,39.060114834444015
3,40,38.34385537674889
3,41,34.97365540420964
3,42,34.748130734689276
3,43,35.214447962030135
3,44,33.04775421328234
3,45,30.072245194832316
3,46,31.0010004045605
3,47,31.30695410229333
3,48,27.81252376804541
3,49,26.41578428765744
3,50,28.373789125419147
3,51,27.375602699257513
3,52,23.572410395307585
3,53,23.946131336036647
3,54,26.387663606362477
3,55,29.17727212307984
3,56,34.8333587607566
3,57,36.833462392334475
3,58,38.206274916227684
3,59,36.81668470466321
3,60,35.665956419345655
3,61,35.97875682982322
3,62,39.06419732158557
3,63,38.522668096283596
3,64,36.712614566388964
3,65,34.33461434053957
3,66,33.776516761930864
3,67,32.791676233659516
3,68,30.37994323698265
3,69,28.732599068177887
3,70,28.704310985509654
3,71,26.84563513921971
3,72,24.135471166232115
3,73,23.897924361324062
3,74,23.78632080447392
3,75,20.98287702916435
3,76,18.79850215320387
3,77,19.46578525286753
3,78,19.199874533062204
3,79,16.0007505339264
3,80,14.275990562315538
3,81,15.824271444170206
3,82,14.723088767434653
3,83,11.057598878076181
3,84,11.729598837828481
3,85,13.70425981607852
3,86,11.18095322035046
3,87,8.648281614428303
3,88,11.854391015583406
3,89,12.949619460085
3,90,10.067305387364488
3,91,10.872349904228303
3,92,14.504828672019423
3,93,14.593081783755002
3,94,13.012222786538631
3,95,15.22240423979182
3,96,18.260105559573127
3,97,18.163515408308523
3,98,19.34059520413568
3,99,22.034686909925938
3,100,23.31593376759447
4,1,8.491778833238357
4,2,5.737995443861395
4,3,3.798071302569014
4,5,3.8037863091009516
4,6,5.342793113943246
4,7,4.872997453307329
4,8,5.933142244163493
4,9,8.446818414782093
4,10,9.561116324927633
4,11,10.232291777533717
4,12,12.337557997329736
4,13,14.281969814668889
4,14,14.90708224042291
4,15,16.05440564680783
4,16,18.459896943626706
4,17,19.78957492169475
4,18,20.404938472911734
4,19,22.14574904928671
4,20,24.503701113375012
4,21,25.08735655613942
4,22,25.3699029590421
4,23,27.83131798844079
4,24,29.89487499697048
4,25,30.02149973942944
4,26,31.088506771946914
4,27,34.10148610342698
4,28,34.97186733236326
4,29,34.97899427054884
4,30,36.74824218538196
4,31,39.63308235023278
4,32,42.53031556909589
4,33,42.05687402222575
4,34,44.82304986670879
4,35,43.581621099510976
4,36,39.99515467506443
4,37,38.54980546277731
4,38,35.19309278768063
4,39,37.10216152783568
4,40,36.44466850582735
4,41,33.178656732554266
4,42,32.72237745142077
4,43,32.8935894370913
4,44,30.875609999091736
4,45,27.91838799461492
4,46,28.476481896382797
4,47,28.72554703468842
4,48,25.376040106817545
4,49,23.737335884201634
4,50,25.402264586889817
4,51,24.520675756866222
4,52,20.745516516935595
4,53,20.747259842555295
4,54,23.148348195660294
4,55,25.832428052151155
4,56,31.61971603570906
4,57,33.771522369476365
4,58,35.26145359535135
4,59,34.1043961357318
4,60,33.069716727037736
4,61,33.665727028635324
4,62,36.800032168604034
4,63,36.5700184577829
4,64,34.92679981042644
4,65,32.753792023103486
4,66,31.910250427864625
4,67,30.71232825538432
4,68,28.593653796226945
4,69,26.968743883087203
4,70,26.497227501731423
4,71,24.664551172038134
4,72,22.264130816276634
4,73,21.70353859667894
4,74,21.195027801337293
4,75,18.59811569908748
4,76,16.58234848035265
4,77,16.70769655637018
4,78,16.1635684869912
4,79,13.27747708406874
4,80,11.426612620847632
4,81,12.411776966318362
4,82,11.286599754209766
4,83,7.709664756546327
4,84,8.07899458696976
4,85,9.911150561246341
4,86,7.591593572792459
4,87,4.956050375024265
4,88,8.40980878459208
4,89,9.738223774638058
4,90,7.554376099718316
4,91,8.630107080470255
4,92,12.00928196032818
4,93,12.523960841373842
4,94,11.835350312394782
4,95,13.839410418033177
4,96,16.61074415950556
4,97,17.15925493236783
4,98,18.617470730946266
4,99,20.804409303693525
4,100,22.19449787021783
5,1,6.77018951672226
5,2,5.702674233909447
5,3,5.495614675242357
5,4,3.8037863091009516
5,6,3.8059436336677503
5,7,5.302628892199638
5,8,4.92545385438075
5,9,5.942325587417571
5,10,8.223031935539069
5,11,9.54123598933445
5,12,10.609925163687581
5,13,12.353530560229295
5,14,13.887478980837258
5,15,15.026606283746625
5,16,16.756057696564902
5,17,18.419397406890543
5,18,19.61064783127118
5,19,20.96908644084445
5,20,23.049009856171075
5,21,24.097204797700076
5,22,24.69418925440839
5,23,26.770449214928686
5,24,28.800044737391534
5,25,29.399998409898394
5,26,30.548041932358803
5,27,33.271287727338596
5,28,34.32391360097583
5,29,34.70852422814911
5,30,36.35956976386605
5,31,39.018418693002836
5,32,42.11952664666818
5,33,41.84169886455043
5,34,44.510922529100206
5,35,43.19258328271553
5,36,39.53617342458143
5,37,37.80249747205555
5,38,34.405198790069996
5,39,36.11446778239497
5,40,35.08478415811968
5,41,31.65568075129329
5,42,30.95252559462361
5,43,31.428368188539956
5,44,29.679690554668817
5,45,26.449649025358724
5,46,27.032741792809773
5,47,27.765995493048433
5,48,24.51202195178926
5,49,22.56982477330317
5,50,24.565142600535463
5,51,24.17300596762846
5,52,20.37838832073723
5,53,20.267208024639796
5,54,23.15365492544184
5,55,25.483111593349395
5,56,31.094584741893364
5,57,33.41360982294555
5,58,34.535823069657795
5,59,33.46537915965897
5,60,32.791446090701015
5,61,33.57022540778124
5,62,36.912411392029526
5,63,36.7942065596254
5,64,35.47098660306902
5,65,33.0790435911847
5,66,31.9378234459203
5,67,31.092527029833573
5,68,29.188100800667
5,69,27.118700446775517
5,70,26.65704873829903
5,71,25.330596429920295
5,72,22.753581167608765
5,73,21.67598284652724
5,74,21.566310529215148
5,75,19.454955376069673
5,76,16.87780179424341
5,77,16.626103883065763
5,78,16.80282003035423
5,79,14.338097468420388
5,80,11.596839502427985
5,81,12.535491850725297
5,82,12.54132921764396
5,83,8.997599031751427
5,84,8.005755218881934
5,85,10.667921359242362
5,86,9.603171266943503
5,87,6.156182574088841
5,88,8.583132869003581
5,89,11.134152952153576
5,90,9.431036592686509
5,91,8.972973717122843
5,92,12.498420731744591
5,93,13.987794622179566
5,94,13.0935863924926
5,95,14.154097105091276
5,96,17.34347633997734
5,97,18.379461233762402
5,98,19.16441360764381
5,99,21.11597389887601
5,100,23.096196342409307
6,1,6.644657275336229
6,2,6.491414793348197
6,3,4.99699132996137
6,4,5.342793113943246
6,5,3.8059436336677503
6,7,3.797213607551958
6,8,5.563476288624131
6,9,5.341536493877189
6,10,5.942435937064512
6,11,8.464737553451165
6,12,10.072817049939706
6,13,10.738306655806088
6,14,11.984138157093756
6,15,14.005468645157421
6,16,15.669695308658095
6,17,16.617637119198534
6,18,18.086801981594864
6,19,19.959293885644783
6,20,21.630182182774714
6,21,22.28812489880603
6,22,23.30241610371677
6,23,25.579370068081097
6,24,27.18442446345583
6,25,27.684417711255932
6,26,29.245615334064905
6,27,31.921480720201544
6,28,32.6098977114604
6,29,33.135104542276665
6,30,35.10740738588898
6,31,37.63688116224714
6,32,40.66138507057185
6,33,40.65066247530354
6,34,43.52358495579467
6,35,42.50892697621376
6,36,38.78173260818212
6,37,37.242612693506516
6,38,33.68411845507964
6,39,35.10911002016903
6,40,34.10898277571897
6,41,30.613932676009757
6,42,30.30641963403161
6,43,31.052396804384717
6,44,29.0105268077364
6,45,25.85985646416973
6,46,26.96958131944028
6,47,27.61536029688968
6,48,24.139090078539585
6,49,22.671197168726554
6,50,25.039023685283432
6,51,24.34532462809014
6,52,20.534497887880846
6,53,21.113491153900807
6,54,23.978621976639502
6,55,26.556902275695908
6,56,31.90030121909273
6,57,33.89710130523352
6,58,34.88004324254908
6,59,33.41921055827983
6,60,32.528833805201884
6,61,32.910734830464214
6,62,36.18896349338248
6,63,35.69905480611403
6,64,34.22289598539922
6,65,31.58357768472132
6,66,30.736315422848094
6,67,30.16499145610545
6,68,27.951132207898798
6,69,25.810718841471548
6,70,25.87699289774774
6,71,24.572256897162944
6,72,21.60458228164597
6,73,20.889641820345435
6,74,21.329374802055206
6,75,19.00338629094349
6,76,16.150483806011653
6,77,16.67549454142614
6,78,17.306686292814845
6,79,14.418615634423533
6,80,11.85579771146858
6,81,13.842317585186143
6,82,13.933888939054464
6,83,10.197330216500815
6,84,10.247533131422546
6,85,13.340777610304592
6,86,12.038981055431194
6,87,9.198425502862273
6,88,12.142508398184756
6,89,14.446309810863257
6,90,12.532583168818215
6,91,12.54956776562006
6,92,16.153459482663862
6,93,17.28436985999356
6,94,16.140888918282474
6,95,17.53593573383638
6,96,20.781155820090937
6,97,21.44176111768002
6,98,22.24986551628712
6,99,24.493096235228258
6,100,26.332209314859217
7,1,10.113757973655153
7,2,8.848044277255768
7,3,6.043776152065389
7,4,4.872997453307329
7,5,5.302628892199638
7,6,3.797213607551958
7,8,3.820862139265919
7,9,5.573104690520589
7,10,5.061036470940537
7,11,6.0576698009162815
7,12,8.75531589730569
7,13,10.074003738478714
7,14,10.269938041546622
7,15,11.947622683508182
7,16,14.392572845199538
7,17,15.240660972469797
7,18,15.969371292718218
7,19,18.054660470927256
7,20,20.15957051253421
7,21,20.498149635485998
7,22,21.04310596753894
7,23,23.61533547380282
7,24,25.412604022933234
7,25,25.516713287693875
7,26,26.856370891687273
7,27,29.801162497779693
7,28,30.47323150350753
7,29,30.6376729749459
7,30,32.59356557859986
7,31,35.34911695983152
7,32,38.24104284313646
7,33,37.998961425781125
7,34,40.89419926097104
7,35,39.87593598857035
7,36,36.20956361916697
7,37,34.86980564007432
7,38,31.367528457057592
7,39,33.03226342389048
7,40,32.38412650711771
7,41,29.079608404756815
7,42,28.94772688110437
7,43,29.320233455932552
7,44,27.053473340061014
7,45,24.165038348883712
7,46,25.190585280066838
7,47,25.379563089890965
7,48,21.830507452575947
7,49,20.620020820836586
7,50,22.713718201459336
7,51,21.61044016377067
7,52,17.80793178142591
7,53,18.56687855446772
7,54,21.09274677437264
7,55,23.962572866842816
7,56,29.372941039657814
7,57,31.20175969434089
7,58,32.454310989486565
7,59,30.913978137873286
7,60,29.755582848861618
7,61,30.04821772680329
7,62,33.20471765036084
7,63,32.71895640878921
7,64,31.09581127815662
7,65,28.652255499157203
7,66,27.89749029771062
7,67,27.038802279055805
7,68,24.772782826031076
7,69,22.904129813267303
7,70,22.843171413261764
7,71,21.239521327342615
7,72,18.425698469061093
7,73,17.958877921700093
7,74,18.10320918137884
7,75,15.51960180190209
7,76,12.96449343481879
7,77,13.728584007210271
7,78,14.005495035405508
7,79,10.856886542999366
7,80,8.764685273867592
7,81,11.092993090379652
7,82,10.783876149165494
7,83,7.085578557414174
7,84,8.271064512280153
7,85,11.287077071887651
7,86,9.849522207171539
7,87,8.052519357369894
7,88,11.493432508564156
7,89,13.404383266842752
7,90,12.038279532137196
7,91,13.00491065417093
7,92,16.23138730036213
7,93,17.103258214719368
7,94,16.67236516872973
7,95,18.45646994027537
7,96,21.25619701932664
7,97,22.002254939249994
7,98,23.38435975159944
7,99,25.452313814796206
7,100,26.98423683556631
8,1,11.266869672693645
8,2,10.258561725482856
8,3,8.526857587207965
8,4,5.933142244163493
8,5,4.92545385438075
8,6,5.563476288624131
8,7,3.820862139265919
8,9,3.788107730589157
8,10,5.441336427428127
8,11,5.017294866132959
8,12,6.476863781736521
8,13,8.97671606260156
8,14,9.870432032783636
8,15,10.454604428101542
8,16,12.690149206984271
8,17,14.441155161089661
8,18,15.113739699293708
8,19,16.454061346151402
8,20,18.866102416264695
8,21,19.81950605342033
8,22,20.06432215036292
8,23,22.234307758951655
8,24,24.448232426098603
8,25,24.884249911801852
8,26,25.83059670580119
8,27,28.668852125802378
8,28,29.80168737922628
8,29,30.02148644285499
8,30,31.582269057320648
8,31,34.34041530655119
8,32,37.40640818107333
8,33,37.01213473218583
8,34,39.66023879853669
8,35,38.33275791418987
8,36,34.69385566774421
8,37,33.043009438461404
8,38,29.661502235096183
8,39,31.49330079642662
8,40,30.671349231696713
8,41,27.373641774834972
8,42,26.81030411917869
8,43,27.04330265522125
8,44,25.122718465695176
8,45,22.060263826173465
8,46,22.657917663279168
8,47,23.105032300265677
8,48,19.77739529420643
8,49,18.03900545053545
8,50,20.011749628160658
8,51,19.37750623418084
8,52,15.563133947175073
8,53,15.764429506133546
8,54,18.60013760115177
8,55,21.12589326939651
8,56,26.628743718431643
8,57,28.76022714529324
8,58,29.929749439598734
8,59,28.71721688100676
8,60,27.92001528322099
8,61,28.65739166751709
8,62,31.990482368278812
8,63,31.919450026755044
8,64,30.666871570999387
8,65,28.338891643566967
8,66,27.09705109141136
8,67,26.208207755939707
8,68,24.415291623446773
8,69,22.32394849834467
8,70,21.746548412005506
8,71,20.4943677141296
8,72,17.97543825177737
8,73,16.774346174353454
8,74,16.678275917011497
8,75,14.701987567744219
8,76,12.017473833957585
8,77,11.741174816968355
8,78,12.178926073193029
8,79,9.81129579466504
8,80,6.782218846049976
8,81,8.32136044605875
8,82,8.932808078028788
8,83,5.5420216366811506
8,84,5.179433470564464
8,85,8.760095886403192
8,86,8.569486012238274
8,87,6.607251855760916
8,88,9.267385041140628
8,89,11.900767228365423
8,90,11.464577544638061
8,91,11.872490066358106
8,92,14.706413674833179
8,93,16.301329482352468
8,94,16.398213435549632
8,95,17.564918907998646
8,96,20.250844134488172
8,97,21.644706680859134
8,98,22.887174907357053
8,99,24.44581322807918
8,100,26.29251094275763
9,1,10.71655823236808
9,2,11.039018354792614
9,3,9.922863249670646
9,4,8.446818414782093
9,5,5.942325587417571
9,6,5.341536493877189
9,7,5.573104690520589
9,8,3.788107730589157
9,10,3.8108723640973516
9,11,5.2617992644026375
9,12,5.154182746043544
9,13,6.487920824855391
9,14,8.600875854292543
9,15,9.757985128765432
9,16,10.963864632312236
9,17,12.700619384791173
9,18,14.281813513842314
9,19,15.461895024737258
9,20,17.25804112913214
9,21,18.526112381789034
9,22,19.391866688813167
9,23,21.225676246046906
9,24,23.133542207636783
9,25,24.035058866213827
9,26,25.310413438789553
9,27,27.790858143250496
9,28,28.898976858644094
9,29,29.596330646836144
9,30,31.213350846421008
9,31,33.649097665695635
9,32,36.868170770800035
9,33,36.825414319207106
9,34,39.48001760719817
9,35,38.25178115055726
9,36,34.520995639927975
9,37,32.69179491324216
9,38,29.19331794038981
9,39,30.637282095276525
9,40,29.430107225870138
9,41,25.91465935030325
9,42,25.307832912845697
9,43,26.0477440460454
9,44,24.2628599874517
9,45,20.948361218874282
9,46,21.89561434243475
9,47,22.836438556221342
9,48,19.523047421980092
9,49,17.75141564441441
9,50,20.29370572673441
9,51,20.032176599982883
9,52,16.29558845565663
9,53,16.771469494109375
9,54,20.006703260443686
9,55,22.237796519353978
9,56,27.32136264894159
9,57,29.424179924176357
9,58,30.12917509152082
9,59,28.800476930372835
9,60,28.262888763057187
9,61,28.95335897203811
9,62,32.42654927756818
9,63,32.25489950271026
9,64,31.23457263510331
9,65,28.57449381778174
9,66,27.21998121681906
9,67,26.852695322833014
9,68,25.11349166804427
9,69,22.56973642962682
9,70,22.326285354652956
9,71,21.61461212399286
9,72,18.753192561604934
9,73,17.265690986212775
9,74,17.92109643372285
9,75,16.36747195371955
9,76,13.089541286711599
9,77,12.905837493323194
9,78,14.316765406175175
9,79,12.265894865819039
9,80,8.852707057515344
9,81,10.726191022328209
9,82,12.209490335101178
9,83,9.137757514194156
9,84,8.236749229675777
9,85,11.993389073764916
9,86,12.23400550629139
9,87,9.819834866154048
9,88,11.94418180583425
9,89,15.034872111216622
9,90,14.415000348292905
9,91,14.067115017884918
9,92,17.095576678281855
9,93,19.058087959688574
9,94,18.724375325195002
9,95,19.464552706857354
9,96,22.49835400601137
9,97,23.96147387065256
9,98,24.709914638422212
9,99,26.293114734053816
9,100,28.486126185391605
10,1,12.216757433475623
10,2,12.407245863904544
10,3,10.308177131508918
10,4,9.561116324927633
10,5,8.223031935539069
10,6,5.942435937064512
10,7,5.061036470940537
10,8,5.441336427428127
10,9,3.8108723640973516
10,11,3.817140389380451
10,12,5.426441395971151
10,13,5.259761865780965
10,14,6.0576249211628905
10,15,8.43077051184764
10,16,10.086633068897807
10,17,10.713136385200205
10,18,12.218315192182096
10,19,14.233118539309068
10,20,15.783185815402629
10,21,16.34718525650023
10,22,17.455671534518075
10,23,19.731441389013913
10,24,21.247573237807355
10,25,21.786435861599248
10,26,23.425135985152085
10,27,26.0238806589688
10,28,26.698486936704512
10,29,27.34064278824484
10,30,29.321309676871063
10,31,31.755078647560428
10,32,34.812044023001135
10,33,34.9227866822622
10,34,37.816402307176936
10,35,36.91268588612084
10,36,33.14686323101353
10,37,31.65538882877624
10,38,28.021555432734516
10,39,29.29517790712624
10,40,28.33703997945498
10,41,24.866119888716753
10,42,24.820933692044573
10,43,25.63026619502572
10,44,23.385952504425106
10,45,20.3444903489443
10,46,21.825769053161363
10,47,22.373118838524814
10,48,18.78946436947621
10,49,17.745452718463078
10,50,20.465803622985035
10,51,19.62227379102603
10,52,15.930445406353451
10,53,17.232676880444636
10,54,20.151403200588415
10,55,22.779872407230012
10,56,27.604828852563887
10,57,29.272418854091022
10,58,30.010007664921176
10,59,28.239692455212815
10,60,27.30326625206318
10,61,27.50366976353577
10,62,30.8236915453793
10,63,30.245248597120526
10,64,28.957505490648945
10,65,26.13548930554846
10,66,25.174926777518554
10,67,24.93678254336402
10,68,22.812527088917438
10,69,20.348850483419756
10,70,20.643802670785487
10,71,19.771650348341478
10,72,16.556421257979164
10,73,15.65716315264519
10,74,16.765657305715855
10,75,14.83498396327757
10,76,11.446796389344131
10,77,12.35559440353297
10,78,13.982749885851433
10,79,11.413231248307747
10,80,8.665932524872446
10,81,11.64582472786097
10,82,12.774989656312691
10,83,9.729796326141008
10,84,10.249237595277267
10,85,13.919345056394112
10,86,13.64703315831717
10,87,11.873537443507246
10,88,14.655532367055704
10,89,17.264802603081197
10,90,16.425708387495845
10,91,16.752585852041822
10,92,19.8875581988653
10,93,21.36867231326236
10,94,20.989985414234695
10,95,22.238594949721335
10,96,25.209728256721537
10,97,26.322952635747836
10,98,27.347406300114354
10,99,29.19405221631973
10,100,31.10786049580776
11,1,14.942481561501832
11,2,14.4284623038647
11,3,12.062753625804952
11,4,10.232291777533717
11,5,9.54123598933445
11,6,8.464737553451165
11,7,6.0576698009162815
11,8,5.017294866132959
11,9,5.2617992644026375
11,10,3.817140389380451
11,12,3.719810400088705
11,13,5.54995396561101
11,14,5.084119148762484
11,15,5.908031991065564
11,16,8.647811901189428
11,17,9.795316911779253
11,18,10.22389132405921
11,19,12.026677246333422
11,20,14.351576597503497
11,21,14.933770370306593
11,22,15.262782527630815
11,23,17.654138963287654
11,24,19.671890577467295
11,25,19.96129654415347
11,26,21.10328087568154
11,27,23.95831965781432
11,28,24.89985910386654
11,29,25.172738734968508
11,30,26.905414211585818
11,31,29.601035440401912
11,32,32.62651895354097
11,33,32.39678727750184
11,34,35.181211869531296
11,35,34.08811653552426
11,36,30.385712638758594
11,37,28.91811162036327
11,38,25.39653969063895
11,39,27.044115043058518
11,40,26.364962345087836
11,41,23.101892349950287
11,42,22.985867005384133
11,43,23.29694040967715
11,44,20.997328968800932
11,45,18.13193782650168
11,46,19.267027918795424
11,47,19.45131426262114
11,48,15.868607127905864
11,49,14.809393332158503
11,50,17.19257084339729
11,51,16.13866480284387
11,52,12.382858012145777
11,53,13.67340396921989
11,54,16.427035825205387
11,55,19.20015896714809
11,56,24.15287438006363
11,57,25.816572465231797
11,58,26.797049879569606
11,59,25.117046559047843
11,60,24.091363066594305
11,61,24.458987659957447
11,62,27.777280655882045
11,63,27.446229334261172
11,64,26.210269020559128
11,65,23.658223780624986
11,66,22.494931973250058
11,67,21.915898284962942
11,68,20.006204064072552
11,69,17.680923388432785
11,70,17.507357496256702
11,71,16.519117637968318
11,72,13.605582278002212
11,73,12.47775518504096
11,74,13.163498289695383
11,75,11.322371523027474
11,76,7.999470513417763
11,77,8.619647236886397
11,78,10.186643472153218
11,79,7.853701403161412
11,80,4.987834341454804
11,81,8.261367204224653
11,82,9.677028932333531
11,83,7.344644894153673
11,84,8.243194727074066
11,85,11.728148649042005
11,86,11.994358957716592
11,87,11.151406631781324
11,88,13.723915069246218
11,89,16.156267532689633
11,90,16.082067626234167
11,91,16.819446080573858
11,92,19.454669469076784
11,93,20.968289918784926
11,94,21.269470337766027
11,95,22.54691984382699
11,96,25.112243873362434
11,97,26.505292935641016
11,98,27.87681778037809
11,99,29.394890879029575
11,100,31.177300331760357
12,1,15.865469787528776
12,2,15.963543142635528
12,3,14.330917716242967
12,4,12.337557997329736
12,5,10.609925163687581
12,6,10.072817049939706
12,7,8.75531589730569
12,8,6.476863781736521
12,9,5.154182746043544
12,10,5.426441395971151
12,11,3.719810400088705
12,13,3.815267767432619
12,14,5.35654853997595
12,15,4.927768097548654
12,16,6.285179646058723
12,17,8.634064254925018
12,18,9.727022532677294
12,19,10.448284469946799
12,20,12.627505906027416
12,21,14.12088381300127
12,22,14.598527367284122
12,23,16.2760914048629
12,24,18.483782374356988
12,25,19.437361568455206
12,26,20.416777867407603
12,27,22.888366408114535
12,28,24.24478008837179
12,29,24.89711433986706
12,30,26.286163815399416
12,31,28.746051393103482
12,32,32.01699162256772
12,33,31.88691999688061
12,34,34.44061240584103
12,35,33.14038813972525
12,36,29.414868773824747
12,37,27.540784580570207
12,38,24.059744776004298
12,39,25.58896362637247
12,40,24.47574548455514
12,41,21.061515015805167
12,42,20.493220269136064
12,43,21.030180641097655
12,44,19.16160717117279
12,45,15.920065884546988
12,46,16.898805680205033
12,47,17.71691601543331
12,48,14.38008368705455
12,49,12.739235126481947
12,50,15.472462357008714
12,51,15.19562805366878
12,52,11.572780165244383
12,53,12.49831336910666
12,54,15.813441810090177
12,55,17.99146152979757
12,56,22.679743979179804
12,57,24.59335332462624
12,58,25.162665287859078
12,59,23.709056597287887
12,60,23.217545499250676
12,61,23.969204327772037
12,62,27.515221165342687
12,63,27.49556904836385
12,64,26.75948446325866
12,65,24.130593060651183
12,66,22.46332183992336
12,67,22.227011951173832
12,68,20.827782359160462
12,69,18.045716669687074
12,70,17.61811758250311
12,71,17.379576215221586
12,72,14.63422049922077
12,73,12.606384271362018
12,74,13.594719260196895
12,75,12.762136816129095
12,76,9.206311039543616
12,77,8.68174625108352
12,78,11.071195238689773
12,79,9.91733459709008
12,80,6.443378050920312
12,81,8.65121026390449
12,82,11.241529183538189
12,83,9.460087222120757
12,84,8.917909618998003
12,85,12.524959466461043
12,86,13.728125511080817
12,87,12.519883646269832
12,88,14.269770350613861
12,89,17.261265273110226
12,90,17.57833386093637
12,91,17.62028279014369
12,92,20.056527394001442
12,93,22.15492901747138
12,94,22.524015598328308
12,95,23.21436665001381
12,96,25.85101988193664
12,97,27.65624850730271
12,98,28.67549593934502
12,99,29.87445308898715
12,100,32.02145152103496
13,1,16.32907462415394
13,2,17.076845414057555
13,3,15.415385543756463
13,4,14.281969814668889
13,5,12.353530560229295
13,6,10.738306655806088
13,7,10.074003738478714
13,8,8.97671606260156
13,9,6.487920824855391
13,10,5.259761865780965
13,11,5.54995396561101
13,12,3.815267767432619
13,14,3.7517040263082726
13,15,5.371231282739685
13,16,5.266000151127838
13,17,6.389341539765309
13,18,8.769283382139072
13,19,9.998474629057098
13,20,11.07775156458101
13,21,12.367997311521693
13,22,13.802198883063593
13,23,15.427901435879754
13,24,16.93489338083263
13,25,18.119350361578167
13,26,19.734801329622105
13,27,21.89929038830057
13,28,22.87963740167146
13,29,23.97541881951804
13,30,25.69214102411059
13,31,27.815665439384297
13,32,31.097424469028653
13,33,31.4177493851648
13,34,34.140196010225175
13,35,33.176123224836914
13,36,29.371102315403064
13,37,27.594709131000958
13,38,23.939277723816076
13,39,24.932836645171616
13,40,23.612286087049114
13,41,20.012952927178947
13,42,19.839795429596403
13,43,20.976748121363844
13,44,18.932799969637834
13,45,15.691036298936325
13,46,17.44304934540118
13,47,18.44809615611736
13,48,15.03608032513433
13,49,14.00036817824923
13,50,17.248616087693105
13,51,16.89809466866113
13,52,13.57189178165345
13,53,15.177915347153228
13,54,18.398390025154768
13,55,20.537746861635277
13,56,24.628922503630378
13,57,26.201751673194057
13,58,26.394035700013912
13,59,24.56175882353505
13,60,24.02568927869402
13,61,24.362308828855088
13,62,27.869010321190036
13,63,27.45497758543286
13,64,26.72204931178355
13,65,23.704282778265807
13,66,22.264585123071562
13,67,22.59936750005687
13,68,20.970328176272485
13,69,17.904251615604206
13,70,18.218739362608567
13,71,18.30659303494638
13,72,15.097119585832955
13,73,13.379618350160422
13,74,15.28059968933788
13,75,14.470040080690014
13,76,10.667496161963177
13,77,11.094681382381724
13,78,13.93126628105766
13,79,12.532086017093501
13,80,9.565310284316036
13,81,12.286657908715812
13,82,14.652382802084222
13,83,12.608687062912228
13,84,12.462179731505984
13,85,16.160993506056222
13,86,16.974357724207813
13,87,15.489005551365493
13,88,17.528537475664447
13,89,20.542024728122474
13,90,20.40464393709119
13,91,20.3455270660167
13,92,23.11087442158266
13,93,25.123016283136373
13,94,25.08059852575535
13,95,25.833034831490416
13,96,28.731087162633166
13,97,30.3169736766382
13,98,31.15097540033928
13,99,32.595278172560796
13,100,34.80836057173768
14,1,18.226071293162835
14,2,18.41150545034819
14,3,16.047051401577896
14,4,14.90708224042291
14,5,13.887478980837258
14,6,11.984138157093756
14,7,10.269938041546622
14,8,9.870432032783636
14,9,8.600875854292543
14,10,6.0576249211628905
14,11,5.084119148762484
14,12,5.35654853997595
14,13,3.7517040263082726
14,15,3.79633817565799
14,16,5.504259509079217
14,17,5.039779223738905
14,18,6.232889030131145
14,19,8.676482568851364
14,20,10.103310224932503
14,21,10.33723209943631
14,22,11.469502001658027
14,23,13.846697215530186
14,24,15.263563315856072
14,25,15.739481147471198
14,26,17.44548512845978
14,27,20.00417895984294
14,28,20.648401947824226
14,29,21.365191488990035
14,30,23.35766281963012
14,31,25.716072951262912
14,32,28.783358416929076
14,33,29.001050567965912
14,34,31.927971773758856
14,35,31.17327227170532
14,36,27.37969861498358
14,37,26.012859141078966
14,38,22.300914300821884
14,39,23.415719834103925
14,40,22.619142850038568
14,41,19.25546926348972
14,42,19.65987294145679
14,43,20.44704999998845
14,44,17.856373320107192
14,45,15.115933843754906
14,46,17.12465163525627
14,47,17.375228691626276
14,48,13.686946432423976
14,49,13.478800243920697
14,50,16.51956768766155
14,51,15.377851881284593
14,52,12.121659257096328
14,53,14.459570147901394
14,54,17.133231251756982
14,55,19.745038683069144
14,56,23.724016209294856
14,57,24.87867370338759
14,58,25.34626446688861
14,59,23.158923284838334
14,60,22.096489419342795
14,61,22.006657886457415
14,62,25.328215895563417
14,63,24.62689091652889
14,64,23.570854935466464
14,65,20.559083776670484
14,66,19.465192922274888
14,67,19.653996684668417
14,68,17.682087552810017
14,69,14.822330241280454
14,70,15.459853235528819
14,71,15.221832693768528
14,72,11.7856254114698
14,73,10.67998964225011
14,74,12.805936542182966
14,75,11.630367383507286
14,76,7.88630965770563
14,77,9.425102504909143
14,78,12.220307509721392
14,79,10.558360216849836
14,80,8.54530719202099
14,81,11.908287979765188
14,82,13.827972192186433
14,83,12.154565972811822
14,84,13.05708739677919
14,85,16.47752118891837
14,86,16.98635039847125
14,87,16.21710893193089
14,88,18.662218944439083
14,89,21.208070213613322
14,90,21.13643979759452
14,91,21.73011078696888
14,92,24.419413503051747
14,93,26.032120270466137
14,94,26.212853863353228
14,95,27.403444988120196
14,96,30.087398381134648
14,97,31.483920205871236
14,98,32.714754088362554
14,99,34.25965833047559
14,100,36.15674191569312
15,1,20.24015178396756
15,2,20.150921142708185
15,3,17.939794328405103
15,4,16.05440564680783
15,5,15.026606283746625
15,6,14.005468645157421
15,7,11.947622683508182
15,8,10.454604428101542
15,9,9.757985128765432
15,10,8.43077051184764
15,11,5.908031991065564
15,12,4.927768097548654
15,13,5.371231282739685
15,14,3.79633817565799
15,16,3.807260852371791
15,17,5.246457528929024
15,18,4.960323356512791
15,19,6.1194618586786875
15,20,8.726039386508694
15,21,9.682018203422219
15,22,9.758935378716465
15,23,11.808781765411087
15,24,14.057625024474088
15,25,14.658719216685116
15,26,15.599378649160178
15,27,18.252705520258715
15,28,19.501895046580433
15,29,19.998182770836202
15,30,21.472018183398013
15,31,24.014633966835664
15,32,27.20053090215466
15,33,27.07050578202697
15,34,29.739052659351035
15,35,28.625129377492485
15,36,24.87022138949579
15,37,23.26385783198024
15,38,19.680287944273697
15,39,21.20013927858235
15,40,20.458091805122685
15,41,17.231178967821524
15,42,17.24534870835129
15,43,17.562649651138575
15,44,15.14599171939422
15,45,12.338229781243697
15,46,13.841984279947225
15,47,14.02774266560307
15,48,10.384596334324748
15,49,9.826479570130358
15,50,12.763692243770329
15,51,11.804962392070593
15,52,8.509354129224851
15,53,10.787517349031937
15,54,13.58175306866821
15,55,16.015403132359392
15,56,19.996506809908638
15,57,21.3114212241934
15,58,21.828817348139886
15,59,19.87132660688651
15,60,19.022466119488925
15,61,19.39188255972861
15,62,22.882934222218154
15,63,22.676255074243468
15,64,21.97304077197995
15,65,19.257401971952532
15,66,17.59244661735705
15,67,17.554776220903367
15,68,16.172628578553354
15,69,13.204740892158933
15,70,13.035479678904686
15,71,13.15221800565863
15,72,10.247811510093378
15,73,8.10975472123434
15,74,9.988385976042201
15,75,9.680721032999605
15,76,5.955559223405842
15,77,6.3261461560725625
15,78,9.684436528873368
15,79,9.152272729099264
15,80,7.104598890332621
15,81,9.793566301125878
15,82,12.382096133749249
15,83,11.654809302858434
15,84,12.160704533732499
15,85,15.238257500915399
15,86,16.496191688330892
15,87,16.205154661459805
15,88,18.10056097354814
15,89,20.665647871261456
15,90,21.273926351097224
15,91,21.845588760369782
15,92,24.061986199415237
15,93,25.912466130619393
15,94,26.59419648899997
15,95,27.548875032478044
15,96,29.940626974739626
15,97,31.703246180339654
15,98,33.02814763477471
15,99,34.18516362931321
15,100,36.12429152452772
16,1,21.362779549563673
16,2,21.893812071606476
16,3,20.1275559581407
16,4,18.459896943626706
16,5,16.756057696564902
16,6,15.669695308658095
16,7,14.392572845199538
16,8,12.690149206984271
16,9,10.963864632312236
16,10,10.086633068897807
16,11,8.647811901189428
16,12,6.285179646058723
16,13,5.266000151127838
16,14,5.504259509079217
16,15,3.807260852371791
16,17,3.7976576566764835
16,18,5.4762204164078
16,19,5.060400609908802
16,20,6.444068725399978
16,21,8.619302170666128
16,22,9.557634676216534
16,23,10.53319673884405
16,24,12.524614238202014
16,25,14.08065028105982
16,26,15.217052910722284
16,27,17.181401203599098
16,28,18.653807679335188
16,29,19.82885534404695
16,30,21.109425753666265
16,31,23.166332038601695
16,32,26.591874164395
16,33,26.83027113738296
16,34,29.33887109931594
16,35,28.218919362619605
16,36,24.426939199174065
16,37,22.462436082529717
16,38,18.8481841723783
16,39,19.880717334388695
16,40,18.517481858650196
16,41,14.98015886976196
16,42,14.734313835011116
16,43,15.725581743960417
16,44,13.700183159630685
16,45,10.427274554610152
16,46,12.336164111589596
16,47,13.411902267159478
16,48,10.156462244735556
16,49,9.376333043840004
16,50,12.945737700878356
16,51,12.854943725261169
16,52,10.182387806035907
16,53,12.221854110758848
16,54,15.321145793342188
16,55,17.04252568560565
16,56,20.30072774828376
16,57,21.645115625810988
16,58,21.500049652544206
16,59,19.58040399292746
16,60,19.29563069491531
16,61,19.809792829950336
16,62,23.435796550115832
16,63,23.315891646150163
16,64,23.11540775102392
16,65,20.171796695106206
16,66,18.181238540404223
16,67,18.830131336345566
16,68,17.85587284653207
16,69,14.425786408999576
16,70,14.455919652959802
16,71,15.452853458605821
16,72,12.66354879327331
16,73,10.09927187167636
16,74,12.534431516765984
16,75,12.998769642170544
16,76,9.463399224200975
16,77,9.296965261655297
16,78,12.919006702642715
16,79,12.847099740090098
16,80,10.474151985744145
16,81,12.626081229420384
16,82,15.646297439671764
16,83,14.819092374112769
16,84,14.624581865851571
16,85,17.856259737843416
16,86,19.428871458028212
16,87,18.672156276549252
16,88,20.22204206071858
16,89,23.167134175966773
16,90,23.763642718368853
16,91,23.820843439468938
16,92,26.07524073252798
16,93,28.277802265803984
16,94,28.785755109579046
16,95,29.36763230532631
16,96,31.939719183273212
16,97,33.878437423857505
16,98,34.85700723989281
16,99,35.90822512725926
16,100,38.14231084738552
17,1,22.488884364490634
17,2,23.078098407298132
17,3,20.944573921490033
17,4,19.78957492169475
17,5,18.419397406890543
17,6,16.617637119198534
17,7,15.240660972469797
17,8,14.441155161089661
17,9,12.700619384791173
17,10,10.713136385200205
17,11,9.795316911779253
17,12,8.634064254925018
17,13,6.389341539765309
17,14,5.039779223738905
17,15,5.246457528929024
17,16,3.7976576566764835
17,18,3.802110422441564
17,19,5.401946768551445
17,20,5.329340249740923
17,21,6.006207547972262
17,22,8.034411131394675
17,23,9.662670114493206
17,24,10.665793665507033
17,25,11.859756341131034
17,26,13.813349464376595
17,27,15.789791163302882
17,28,16.549000703283895
17,29,17.87448232641842
17,30,19.7316292058759
17,31,21.649618961836143
17,32,24.90079917142098
17,33,25.48654188640589
17,34,28.319498173163414
17,35,27.684095990721673
17,36,23.855531395317154
17,37,22.346865100195565
17,38,18.567568980032192
17,39,19.164233470766245
17,40,18.059454793165667
17,41,14.58287004167807
17,42,15.277890539617054
17,43,16.532251431497066
17,44,13.923724953858972
17,45,11.259650814574705
17,46,13.998525029076042
17,47,14.544447152275582
17,48,11.154533669775077
17,49,11.610195976871195
17,50,15.10842583948351
17,51,14.325077098130208
17,52,11.974155673110639
17,53,14.759781472864944
17,54,17.3320219048763
17,55,19.386854304029836
17,56,22.20830958920425
17,57,22.9875357153963
17,58,22.804702598001622
17,59,20.34674726203109
17,60,19.584298636071583
17,61,19.36421229610802
17,62,22.75388015872714
17,63,22.030703205445846
17,64,21.552876927381824
17,65,18.264165513654277
17,66,16.809011559236616
17,67,17.86191120357493
17,68,16.39965558916169
17,69,12.925429388719229
17,70,13.945757450222255
17,71,14.90407230190398
17,72,11.64522811996688
17,73,9.98912900858592
17,74,13.146469594285055
17,75,13.236781397583577
17,76,9.814068374738516
17,77,10.98239108281163
17,78,14.498666432928617
17,79,13.918595527699212
17,80,12.21969382878015
17,81,15.036069540804442
17,82,17.54393998494588
17,83,16.52657976735797
17,84,17.04631649215071
17,85,20.33283735286518
17,86,21.392768860292502
17,87,20.730247680116612
17,88,22.770161615973034
17,89,25.505529851070246
17,90,25.760483535160812
17,91,26.115545785335776
17,92,28.622251141352052
