1,2,3.803453984190661
1,3,5.766487357136791
1,4,5.526357254658591
1,5,6.286017354910478
1,6,8.71702071185066
1,7,10.118527378762979
1,8,10.706491272131768
1,9,12.317595186252815
1,10,14.462012516093514
1,11,15.609325021163409
1,12,16.281157674171574
1,13,18.17830949890179
1,14,20.356488382862633
1,15,21.22898064592975
1,16,22.1402148470409
1,17,24.347657188823938
1,18,26.215024673501894
1,19,26.637021372160486
1,20,27.373568367167014
1,21,30.023038969984817
1,22,31.641651055044125
1,23,31.638212055730147
1,24,32.95920938860766
1,25,35.967819700747725
1,26,36.541612356826505
1,27,36.58568192413133
1,28,38.718082355160135
1,29,41.44558596223415
1,30,44.330973906120064
1,31,44.033407544755384
1,32,46.98548320932173
1,33,46.07805866444233
1,34,42.3432206207229
1,35,41.09455892815211
1,36,37.50716137858967
1,37,39.162747155686276
1,38,38.53091156192538
1,39,35.193544390841545
1,40,34.98328455056914
1,41,35.42977681659311
1,42,33.2521067391042
1,43,30.287186032245422
1,44,31.248741594956734
1,45,31.477700472321597
1,46,27.978307703567573
1,47,26.575236068388243
1,48,28.60473858744905
1,49,27.599485120805024
1,50,23.80368051395092
1,51,24.02688646695431
1,52,26.32985007871462
1,53,29.11315395602345
1,54,34.78469117105341
1,55,36.82716632856945
1,56,38.305685134072846
1,57,36.98071088885694
1,58,35.76552212354411
1,59,36.11183283201892
1,60,39.16147028105178
1,61,38.55580518847178
1,62,36.67638466485589
1,63,34.42189472883341
1,64,33.932376698933574
1,65,32.850432566109426
1,66,30.396356659595693
1,67,28.899386643121765
1,68,28.82321178262102
1,69,26.91281099109848
1,70,24.18475461082758
1,71,23.98250175076965
1,72,23.895756223801364
1,73,21.149961428496017
1,74,19.00885030725423
1,75,19.667348480228767
1,76,19.171562829487467
1,77,15.88718711445527
1,78,14.491765863997893
1,79,15.763127786503768
1,80,14.540686429268169
1,81,10.94724272042713
1,82,11.812661458148424
1,83,13.598799939704975
1,84,11.07355895239272
1,85,8.753748418815782
1,86,12.037679825060936
1,87,12.833207199565651
1,88,9.878895701362966
1,89,10.85345067591223
1,90,14.457239012561274
1,91,14.365474504416007
1,92,13.345170934647948
1,93,15.849172144628271
1,94,18.344555953931835
1,95,18.10578204028177
1,96,18.961014725138636
1,97,21.70578357897021
2,1,3.803453984190661
2,3,3.8239760760264803
2,4,5.482703277752326
2,5,5.11881885238744
2,6,6.12946169544457
2,7,8.55426165334013
2,8,9.858661920645751
2,9,10.47305769319145
2,10,12.345084490047615
2,11,14.32395059600319
2,12,15.01994990215816
2,13,16.180490535188923
2,14,18.567173057762513
2,15,19.950795633343212
2,16,20.51825514539106
2,17,22.341439773195273
2,18,24.59859935412534
2,19,25.296332859860822
2,20,25.62056828705992
2,21,28.137280488545557
2,22,30.137511284965058
2,23,30.17008898851019
2,24,31.102273541912304
2,25,34.17311527495911
2,26,35.070516082451235
2,27,34.96276447968785
2,28,36.81183244050971
2,29,39.65896096933231
2,30,42.61036606685739
2,31,42.07535527574753
2,32,44.85462125130496
2,33,43.71403200460456
2,34,40.037806928007235
2,35,38.661169855310256
2,36,35.19345715089303
2,37,37.09279583281504
2,38,36.507297880231576
2,39,33.27298447640157
2,40,32.83788007036238
2,41,33.00687275853137
2,42,30.976551906648616
2,43,28.0282946838199
2,44,28.629943048675997
2,45,28.799296640476243
2,46,25.460014582932818
2,47,23.803069502149594
2,48,25.551223690872085
2,49,24.676709730047758
2,50,20.907996746288063
2,51,20.76765916361236
2,52,23.04595127225357
2,53,25.716893728353217
2,54,31.5100964135689
2,55,33.70962871773138
2,56,35.28469863643387
2,57,34.192335793956055
2,58,33.10274720344925
2,59,33.73221446733045
2,60,36.8394408299544
2,61,36.5406917166046
2,62,34.8374203829498
2,63,32.77779771211412
2,64,31.98461791875832
2,65,30.712517316121993
2,66,28.56551115516645
2,67,27.060964210844524
2,68,26.548302055098166
2,69,24.667038701635242
2,70,22.24606738109527
2,71,21.708358345561894
2,72,21.249650216650277
2,73,18.714130746678034
2,74,16.723227291270877
2,75,16.84322184295248
2,76,16.109316956532556
2,77,13.134404526509522
2,78,11.56894277139357
2,79,12.305748218926402
2,80,11.12034391544008
2,81,7.590374548613674
2,82,8.143362652014359
2,83,9.806918905208072
2,84,7.515293651876389
2,85,5.059044279523708
2,86,8.581176748416153
2,87,9.648268510599994
2,88,7.39943898222534
2,89,8.601783673221812
2,90,12.009750871766753
2,91,12.397253524844674
2,92,12.222493463342616
2,93,14.479275963079026
2,94,16.7101228722266
2,95,17.146502536143824
2,96,18.28164011105536
2,97,20.52741598294697
3,1,5.766487357136791
3,2,3.8239760760264803
3,4,3.7697761217405934
3,5,5.3923647870227365
3,6,4.894595930949754
3,7,5.862339826882165
3,8,8.29606276632101
3,9,9.56023590887781
3,10,10.371876328301866
3,11,12.181919926516908
3,12,13.760416231563443
3,13,14.879853223149404
3,14,16.61053697146974
3,15,18.333324417973017
3,16,19.4552289545593
3,17,20.906765061649743
3,18,22.88493780395825
3,19,24.03981665341484
3,20,24.66003356213254
3,21,26.793387716115628
3,22,28.804899487097668
3,23,29.305213734389334
3,24,30.290544426919624
3,25,33.079947917595746
3,26,34.171985049921915
3,27,34.42476376545111
3,28,36.15324725404247
3,29,38.776027138703554
3,30,41.92922423438754
3,31,41.582125173981275
3,32,44.25847388902035
3,33,43.023159219619494
3,34,39.30248753075816
3,35,37.635848939900725
3,36,34.13229232829028
3,37,35.844460803086136
3,38,34.89198114584727
3,39,31.49436152690885
3,40,30.80744341743183
3,41,31.26553733537055
3,42,29.509654541775962
3,43,26.28547905081696
3,44,26.895115327597438
3,45,27.546913279223794
3,46,24.282826121716685
3,47,22.34029903750503
3,48,24.40728941274986
3,49,24.01384388254295
3,50,20.21549367529228
3,51,19.971831971779892
3,52,22.762240795219807
3,53,25.075800369935838
3,54,30.70953514414802
3,55,33.064614615884565
3,56,34.26683096780307
3,57,33.260264405010595
3,58,32.52938414690833
3,59,33.348542971541406
3,60,36.66662901219581
3,61,36.494508444525714
3,62,35.12453099200444
3,63,32.839789869280345
3,64,31.751015172688867
3,65,30.831416224398755
3,66,28.897656944500202
3,67,26.93246993734497
3,68,26.402013106623347
3,69,25.04385882976634
3,70,22.469553231927463
3,71,21.384892088370602
3,72,21.309276065988932
3,73,19.28877451452206
3,74,16.721934315697457
3,75,16.460802973657557
3,76,16.463058068019933
3,77,13.898394204097901
3,78,11.349602102069097
3,79,12.18801308076004
3,80,12.185966136922312
3,81,8.575386856510033
3,82,7.7334445029546455
3,83,10.33885172339347
3,84,9.36927905165717
3,85,5.975488893656949
3,86,8.586177516894535
3,87,10.965638029431398
3,88,9.256300046608285
3,89,8.933829052679336
3,90,12.49265634394545
3,91,13.88560453718404
3,92,13.363908569879424
3,93,14.749588259130523
3,94,17.489468117031453
3,95,18.478611081227047
3,96,18.96005821647653
3,97,20.871606287598137
4,1,5.526357254658591
4,2,5.482703277752326
4,3,3.7697761217405934
4,5,3.769262475266121
4,6,5.238524432749163
4,7,4.932530984900424
4,8,5.824597320146101
4,9,8.259558355699411
4,10,9.678617554750872
4,11,10.404050557826338
4,12,11.744132152457677
4,13,13.750519884120598
4,14,15.364437362245395
4,15,16.400245650731534
4,16,17.825038401401763
4,17,19.779228644090242
4,18,21.345725265530675
4,19,22.126124763607592
4,20,23.169687040054264
4,21,25.490214071537686
4,22,27.073288763349044
4,23,27.505663390870662
4,24,28.912261939061604
4,25,31.640457814874907
4,26,32.37853204928794
4,27,32.798041853468334
4,28,34.831253189881885
4,29,37.31724579160206
4,30,40.400173637874076
4,31,40.32685323336382
4,32,43.199331089873155
4,33,42.253858984320416
4,34,38.460133105255984
4,35,36.97454333306511
4,36,33.319582041786106
4,37,34.74030160901185
4,38,33.79713622480045
4,39,30.320158454318463
4,40,30.005114576058777
4,41,30.742010852353733
4,42,28.714563874481946
4,43,25.54846370851831
4,44,26.684335997049647
4,45,27.297757968054885
4,46,23.796330738768493
4,47,22.32551822546204
4,48,24.79298168488928
4,49,24.115868823506155
4,50,20.301476317391156
4,51,20.747664593372647
4,52,23.539633026615412
4,53,26.082015808425435
4,54,31.43087645365039
4,55,33.46362485940487
4,56,34.516339084412564
4,57,33.11860206710006
4,58,32.19139378006958
4,59,32.62696035867776
4,60,35.89142565529834
4,61,35.362931533316754
4,62,33.86299345470944
4,63,31.315744775438883
4,64,30.514065231243773
4,65,29.88153077651781
4,66,27.63943589125698
4,67,25.58800489117419
4,68,25.582033981350268
4,69,24.294936521110827
4,70,21.3121896721529
4,71,20.5555067386241
4,72,21.046053024781568
4,73,18.854700185293396
4,74,15.968994591014749
4,75,16.462617295713248
4,76,16.949303262397372
4,77,13.99511566213612
4,78,11.610591170202952
4,79,13.490437560313023
4,80,13.600082504610533
4,81,9.813783454994699
4,82,9.95650747869442
4,83,13.013444544010644
4,84,11.88596127922066
4,85,9.122868051289872
4,86,12.155631604140744
4,87,14.329809513172519
4,88,12.448322197619593
4,89,12.534118173206817
4,90,16.161308356448096
4,91,17.241743613214418
4,92,16.53682399456572
4,93,18.17277039769162
4,94,20.976279996759242
4,95,21.620744534859806
4,96,22.084334836477808
4,97,24.26375903304819
5,1,6.286017354910478
5,2,5.11881885238744
5,3,5.3923647870227365
5,4,3.769262475266121
5,6,3.788562823395364
5,7,5.6087285072372755
5,8,5.201727627019886
5,9,6.067837631731806
5,10,8.694321835006145
5,11,9.991326163299004
5,12,10.200197076977267
5,13,11.948839018866172
5,14,14.374021747016648
5,15,15.2284961593123
5,16,15.901334158161664
5,17,18.11542436594609
5,18,20.108105839153787
5,19,20.51672848326956
5,20,21.113312371674763
5,21,23.767071764066742
5,22,25.47026653363675
5,23,25.470009564399682
5,24,26.70221758194869
5,25,29.706909164681758
5,26,30.37850415341496
5,27,30.43407443866813
5,28,32.48788780906488
5,29,35.20213042409624
5,30,38.13569007146531
5,31,37.84511527001221
5,32,40.76641694627264
5,33,39.86071246304871
5,34,36.10677513996795
5,35,34.854592897786404
5,36,31.242409715142767
5,37,32.88217965789603
5,38,32.31337549145949
5,39,29.03770605094873
5,40,28.95035814663439
5,41,29.325094621894397
5,42,27.029235771173916
5,43,24.157038937264584
5,44,25.25761806253853
5,45,25.37538198541696
5,46,21.80065434346813
5,47,20.62503293506585
5,48,22.831900247858563
5,49,21.69708731279959
5,50,17.902010143945247
5,51,18.575458780594637
5,52,20.974316827111387
5,53,23.8480106887014
5,54,29.24040000718025
5,55,31.080023713935358
5,56,32.4207234795689
5,57,30.910488210688055
5,58,29.678060472330014
5,59,29.97700720499304
5,60,33.098417705438244
5,61,32.525729918896516
5,62,30.835381011008682
5,63,28.482667204150353
5,64,27.814467200208966
5,65,26.89588558538166
5,66,24.563131968700063
5,67,22.818250958340155
5,68,22.747715847363065
5,69,21.114132736734025
5,70,18.249466429198485
5,71,17.831581685274365
5,72,18.053459678720888
5,73,15.535110321224275
5,74,12.975590854805475
5,75,13.800208855530046
5,76,13.90529857608002
5,77,10.637456975866682
5,78,8.883273096137948
5,79,11.073760497380643
5,80,10.69790331464951
5,81,6.996125299767625
5,82,8.396326862645465
5,83,11.284480333580252
5,84,9.942451341312985
5,85,8.299764977257759
5,86,11.82393784382399
5,87,13.51952326359472
5,88,12.124006338245389
5,89,13.194337438891475
5,90,16.484360602117583
5,91,17.24203969186726
5,92,17.283513626724645
5,93,19.296762154031857
5,94,21.589333349805152
5,95,22.235372206707957
5,96,23.295877359524045
5,97,25.407644949249768
6,1,8.71702071185066
6,2,6.12946169544457
6,3,4.894595930949754
6,4,5.238524432749163
6,5,3.788562823395364
6,7,3.777945462407858
6,8,5.376732065097665
6,9,4.989709874858193
6,10,6.249612122167334
6,11,8.715573531857975
6,12,9.614899426760992
6,13,10.280331066725124
6,14,12.533078173593239
6,15,14.27073002614786
6,16,14.89490367209493
6,17,16.379415095828914
6,18,18.660543046559
6,19,19.683653217024254
6,20,19.992549550815436
6,21,22.248159985120086
6,22,24.385822907122186
6,23,24.71052919691325
6,24,25.54192164534894
6,25,28.44381421040201
6,26,29.576273361575137
6,27,29.677444632910184
6,28,31.35390176917883
6,29,34.0651626596847
6,30,37.17745948018454
6,31,36.74100980580727
6,32,39.42038719128094
6,33,38.21076581041401
6,34,34.493250636072176
6,35,32.93053076480506
6,36,29.42360575296559
6,37,31.225814060772247
6,38,30.484142072126602
6,39,27.21377530408093
6,40,26.713514254763698
6,41,26.95716794383667
6,42,24.99253906589602
6,43,21.948881617518175
6,44,22.635935733963837
6,45,22.9894872886397
6,46,19.628263406606045
6,47,17.9409931211887
6,48,20.03404025907014
6,49,19.35299804719123
6,50,15.53204009555689
6,51,15.686329090693494
6,52,18.4109738484092
6,53,20.951830976991495
6,54,26.44015398476216
6,55,28.57142361653946
6,56,29.815384781502686
6,57,28.622223661850814
6,58,27.741891672949723
6,59,28.475241682814936
6,60,31.777303359999177
6,61,31.61075133264898
6,62,30.291230111249373
6,63,28.042393824883888
6,64,26.884659702606875
6,65,25.95120192243033
6,66,24.090628138996138
6,67,22.094053152977864
6,68,21.5076428175738
6,69,20.21599537702121
6,70,17.653416460640123
6,71,16.492460081907304
6,72,16.489356512830113
6,73,14.568639083953935
6,74,11.855640914210857
6,75,11.680467242949303
6,76,11.988928526468108
6,77,9.452056283430082
6,78,6.6442530275751
6,79,8.275213909969274
6,80,8.877665511271042
6,81,5.363241352065166
6,82,5.304737030081075
6,83,8.799267469229543
6,84,8.694192454081191
6,85,6.818438296201352
6,86,9.632254324628919
6,87,12.073091028124797
6,88,11.58308774782999
6,89,12.099136723694746
6,90,15.045368930207074
6,91,16.522045840821523
6,92,16.950121971967228
6,93,18.379828992846555
6,94,20.616661551094815
6,95,21.919026206991962
6,96,22.86446111887142
6,97,24.459686525011136
7,1,10.118527378762979
7,2,8.55426165334013
7,3,5.862339826882165
7,4,4.932530984900424
7,5,5.6087285072372755
7,6,3.777945462407858
7,8,3.7753130291828927
7,9,5.410674132332127
7,10,5.133356003696149
7,11,6.37832014798013
7,12,8.538163609178651
7,13,9.780873205496295
7,14,10.958376034191295
7,15,12.68872992304892
7,16,14.244612333924255
7,17,15.57925439033872
7,18,17.21807220598696
7,19,18.553577372555782
7,20,19.486461842102273
7,21,21.3976285829333
7,22,23.264836016041546
7,23,24.06973922312169
7,24,25.217207824456278
7,25,27.75790093704196
7,26,28.874516792500383
7,27,29.454336416103306
7,28,31.180994002771936
7,29,33.56526667891604
7,30,36.82840669537527
7,31,36.741563472262364
7,32,39.41826778474337
7,33,38.281239577567185
7,34,34.499152328841376
7,35,32.747328162900764
7,36,29.138478622669503
7,37,30.56005648648522
7,38,29.418786809534403
7,39,25.917364027049633
7,40,25.34331611569136
7,41,26.091687885019574
7,42,24.294801868184713
7,43,20.975754984880158
7,44,21.980996126304703
7,45,22.869116630757606
7,46,19.50049630136956
7,47,17.780246627289948
7,48,20.425953162218367
7,49,20.134395186017475
7,50,16.383621448226894
7,51,16.781103044685523
7,52,19.939635254384694
7,53,22.158552363785372
7,54,27.256282191081194
7,55,29.365432449844477
7,56,30.142132838858057
7,57,28.84945448802637
7,58,28.24326811578621
7,59,28.949069256376095
7,60,32.39426352066091
7,61,32.14907970189763
7,62,31.07503153013863
7,63,28.48543782850762
7,64,27.22752937527622
7,65,26.812080029202228
7,66,24.99659150975974
7,67,22.54078730735388
7,68,22.260608466062454
7,69,21.53566613722015
7,70,18.656014140565524
7,71,17.178094724488535
7,72,17.89261835257651
7,73,16.428850591421337
7,74,13.12348889995034
7,75,13.007967432404007
7,76,14.271144637379596
7,77,12.078415387920497
7,78,8.806823406548103
7,79,10.806013350198569
7,80,12.244368324504123
7,81,9.006362179139073
7,82,8.23696896713792
7,83,11.951040044541955
7,84,12.270989415742779
7,85,9.834854508171052
7,86,12.108537344084771
7,87,15.054549626052866
7,88,14.35731593667428
7,89,14.08107211581049
7,90,17.224963667894215
7,91,19.078872843347384
7,92,18.978112267482597
7,93,19.99742716609442
7,94,22.667397678969536
7,95,24.06140764763101
7,96,24.48720273541035
7,97,26.050607661697377
8,1,10.706491272131768
8,2,9.858661920645751
8,3,8.29606276632101
8,4,5.824597320146101
8,5,5.201727627019886
8,6,5.376732065097665
8,7,3.7753130291828927
8,9,3.8244756899924934
8,10,5.375226636114392
8,11,5.074528050884689
8,12,5.959243466624045
8,13,8.427477015923564
8,14,9.978827632934113
8,15,10.619413394578315
8,16,12.12123842892832
8,17,14.265107768454468
8,18,15.65987351060683
8,19,16.3056295129425
8,20,17.488094498507024
8,21,19.824787185806315
8,22,21.26997950919757
8,23,21.74301859166283
8,24,23.270667618790647
8,25,25.9101723220007
8,26,26.59673167154304
8,27,27.151166009319326
8,28,29.224417100483187
8,29,31.597613243553027
8,30,34.70261559131194
8,31,34.77776904168651
8,32,37.68724463554713
8,33,36.87153451642468
8,34,33.04288948331145
8,35,31.620012035723672
8,36,27.886622211822665
8,37,29.124225256597768
8,38,28.215883037494677
8,39,24.753595345681088
8,40,24.727144831348532
8,41,25.553935874093717
8,42,23.312608866792985
8,43,20.257147404209125
8,44,21.8051860319071
8,45,22.341969748985356
8,46,18.703799397537043
8,47,17.707880671860696
8,48,20.558729797121202
8,49,19.703252085280127
8,50,16.014219676216687
8,51,17.236571681407938
8,52,20.081414517646436
8,53,22.677119768547147
8,54,27.48093971918748
8,55,29.152853861722754
8,56,29.95478602728823
8,57,28.21670462168193
8,58,27.230606945159657
8,59,27.453641141547706
8,60,30.750188448229718
8,61,30.106874156600533
8,62,28.78580942511339
8,63,26.02463519649619
8,64,25.153771674627354
8,65,24.88392360865812
8,66,22.689832496408386
8,67,20.308043852666895
8,68,20.575507439357224
8,69,19.739133258040322
8,70,16.488437567826896
8,71,15.577806303282552
8,72,16.768337897458498
8,73,14.97407112521801
8,74,11.536716357096372
8,75,12.484197351893497
8,76,13.989305880434445
8,77,11.348414527739344
8,78,8.789916196755183
8,79,11.782224854277196
8,80,12.889203753540194
8,81,9.762374330625311
8,82,10.340464813673115
8,83,13.94469144147328
8,84,13.819499399262861
8,85,12.066461456125424
8,86,14.918927694052627
8,87,17.395437341056365
8,88,16.524806586358384
8,89,16.89253631898678
8,90,20.118544108558712
8,91,21.524509365110422
8,92,21.493163948904648
8,93,22.95252652468185
8,94,25.506378334679358
8,95,26.564235186996026
8,96,27.241631766187997
8,97,29.07309540702912
9,1,12.317595186252815
9,2,10.47305769319145
9,3,9.56023590887781
9,4,8.259558355699411
9,5,6.067837631731806
9,6,4.989709874858193
9,7,5.410674132332127
9,8,3.8244756899924934
9,10,3.805721318505123
9,11,5.43240563291939
9,12,4.865903349085896
9,13,5.884538259948903
9,14,8.621010727442268
9,15,9.700012639059246
9,16,10.0731409017757
9,17,12.058718506306956
9,18,14.24290271177156
9,19,14.86035474890751
9,20,15.262931888675343
9,21,17.760474140033047
9,22,19.665011986606387
9,23,19.83923634981267
9,24,20.890266438239617
9,25,23.807658896474692
9,26,24.72873670850846
9,27,24.889428513479114
9,28,26.748979257339766
9,29,29.39528002397069
9,30,32.45861227147306
9,31,32.19364085808195
9,32,35.01558161650407
9,33,34.044836867049604
9,34,30.26478625217914
9,35,28.896351629044247
9,36,25.257629285115538
9,37,26.863034715213892
9,38,26.265940866695345
9,39,23.030898735240303
9,40,22.988702343719133
9,41,23.31211115421405
9,42,20.965356676362127
9,43,18.12732709235053
9,44,19.36801938798219
9,45,19.477010628413357
9,46,15.84377312498912
9,47,14.874779089582507
9,48,17.388375636982172
9,49,16.264435393098754
9,50,12.521722270991418
9,51,13.789336661804352
9,52,16.41156562151745
9,53,19.19287209271007
9,54,24.104183841850073
9,55,25.746311925904436
9,56,26.81073038559076
9,57,25.13508064466415
9,58,24.018745255334753
9,59,24.367793936852294
9,60,27.6462920871808
9,61,27.211517733508497
9,62,25.90446688222113
9,63,23.416063272057098
9,64,22.365833627730574
9,65,21.751717006019735
9,66,19.744502144294913
9,67,17.518856170272873
9,68,17.361758196683812
9,69,16.350376580910318
9,70,13.373059613867719
9,71,12.314306834770179
9,72,13.10871948534031
9,73,11.331934858188369
9,74,7.96838125406822
9,75,8.762642154851058
9,76,10.189870169433721
9,77,7.719335025682576
9,78,5.172529379102138
9,79,8.526188977195556
9,80,9.855175364287486
9,81,7.439558679614898
9,82,8.467765989041274
9,83,11.848624092885139
9,84,12.201030935172716
9,85,11.387228198633787
9,86,14.063141025325098
9,87,16.34134363356838
9,88,16.214224340040765
9,89,17.02473091298633
9,90,19.789559322551913
9,91,21.20137168748136
9,92,21.847434665474207
9,93,23.337761607794082
9,94,25.45481374133291
9,95,26.76077221592555
9,96,27.83079145893475
9,97,29.393554326391033
10,1,14.462012516093514
10,2,12.345084490047615
10,3,10.371876328301866
10,4,9.678617554750872
10,5,8.694321835006145
10,6,6.249612122167334
10,7,5.133356003696149
10,8,5.375226636114392
10,9,3.805721318505123
10,11,3.8038184103485664
10,12,5.356883464616413
10,13,4.969973200782191
10,14,6.37521927201614
10,15,8.736402163865323
10,16,9.760939839999214
10,17,10.619189403946407
10,18,12.674155400594366
10,19,14.245033141213902
10,20,14.75496903024734
10,21,16.517093858354823
10,22,18.707621990627676
10,23,19.55395376481059
10,24,20.376710517315566
10,25,22.92021642021085
10,26,24.30018987971468
10,27,24.811148832055395
10,28,26.30478796083384
10,29,28.72431132157221
10,30,32.040917761047844
10,31,31.8487465921169
10,32,34.41790887652342
10,33,33.194884258041576
10,34,29.426119731257266
10,35,27.624910312650613
10,36,24.03961228871608
10,37,25.563636495727483
10,38,24.52358259742954
10,39,21.13593491100206
10,40,20.593206834949612
10,41,21.1139240873623
10,42,19.237859043773778
10,43,15.99988470195673
10,44,17.00661618329373
10,45,17.759606667098712
10,46,14.368932063144271
10,47,12.76588745229218
10,48,15.57695066177729
10,49,15.25571827541204
10,50,11.601297073627974
10,51,12.433711689012492
10,52,15.679871059444565
10,53,17.843989299847525
10,54,22.568231441092664
10,55,24.496300944004297
10,56,25.157465510310892
10,57,23.75430528033793
10,58,23.193859316184643
10,59,23.976474331843928
10,60,27.4949229905003
10,61,27.418915437849897
10,62,26.63121299382399
10,63,24.0820099998286
10,64,22.504157985225078
10,65,22.205062246720697
10,66,20.735891128853638
10,67,18.03738391176215
10,68,17.53926060817005
10,69,17.270379738935947
10,70,14.54124359897872
10,71,12.50826105698144
10,72,13.506077135484974
10,73,12.758062854136526
10,74,9.174643347577057
10,75,8.709529381110618
10,76,10.941885546652712
10,77,9.666085186248806
10,78,6.189123539099816
10,79,8.676009369261141
10,80,11.218065864771479
10,81,9.247442992480645
10,82,8.718001241371086
10,83,12.297017124091674
10,84,13.615528812166529
10,85,12.353762418175787
10,86,14.191340092806096
10,87,17.09268575889757
10,88,17.37453533370838
10,89,17.460798256858293
10,90,20.02476497473875
10,91,22.047365105525092
10,92,22.654814101747263
10,93,23.55795359840465
10,94,25.815318276169123
10,95,27.578183079701464
10,96,28.305172687428417
10,97,29.49008259184556
11,1,15.609325021163409
11,2,14.32395059600319
11,3,12.181919926516908
11,4,10.404050557826338
11,5,9.991326163299004
11,6,8.715573531857975
11,7,6.37832014798013
11,8,5.074528050884689
11,9,5.43240563291939
11,10,3.8038184103485664
11,12,3.739599480585714
11,13,5.389576953304608
11,14,5.276926028212412
11,15,6.4551339382669175
11,16,8.762833062857123
11,17,10.143621168853377
11,18,11.106211032419194
11,19,12.45797402015522
11,20,13.910601714974938
11,21,15.624278217298798
11,22,17.138626171079846
11,23,18.231700175407084
11,24,19.68867339884695
11,25,21.922476807176498
11,26,22.930916429726633
11,27,23.894536899379556
11,28,25.703091396696113
11,29,27.786001039307113
11,30,31.107982188618518
11,31,31.36574148118916
11,32,34.09776261618504
11,33,33.18985897873379
11,34,29.355706043767917
11,35,27.64677043221931
11,36,23.90618203242527
11,37,24.89904387303318
11,38,23.64205307404566
11,39,20.055904899270903
11,40,19.88045540088489
11,41,20.994228861091763
11,42,18.966261001650317
11,43,15.703006450910792
11,44,17.467793412102367
11,45,18.46153125992499
11,46,14.958501092972524
11,47,13.976012002326359
11,48,17.31052332165396
11,49,16.92177229343532
11,50,13.561244000700452
11,51,15.083194528599366
11,52,18.257046007282177
11,53,20.36784064731243
11,54,24.4921255712193
11,55,26.071125751840285
11,56,26.35347492758275
11,57,24.568504504157097
11,58,23.974495047491278
11,59,24.352355462495744
11,60,27.83487918144643
11,61,27.38279417351229
11,62,26.613643965052724
11,63,23.66253193907733
11,64,22.326833496878077
11,65,22.597759120930146
11,66,20.885797477165248
11,67,17.9005678800757
11,68,18.132853848652648
11,69,18.235143366483634
11,70,15.042464388686389
11,71,13.294767972953471
11,72,15.195167730435506
11,73,14.502880585720266
11,74,10.653417793105206
11,75,11.115306789083425
11,76,13.813610910379946
11,77,12.328637105867465
11,78,9.395565916312444
11,79,12.315362984226233
11,80,14.626429224355068
11,81,12.417138057308915
11,82,12.275132538407096
11,83,15.936839418694985
11,84,16.88022176625711
11,85,15.358876616517948
11,86,17.473233805430215
11,87,20.38877702732188
11,88,20.21958905597736
11,89,20.20125495562525
11,90,23.076080498088437
11,91,25.013803578281426
11,92,25.229399522292567
11,93,26.193218808615107
11,94,28.722203046407117
11,95,30.272880642228728
11,96,30.7912789802695
11,97,32.193210593459675
12,1,16.281157674171574
12,2,15.01994990215816
12,3,13.760416231563443
12,4,11.744132152457677
12,5,10.200197076977267
12,6,9.614899426760992
12,7,8.538163609178651
12,8,5.959243466624045
12,9,4.865903349085896
12,10,5.356883464616413
12,11,3.739599480585714
12,13,3.836540552244337
12,14,5.48014404843079
12,15,5.092832812512577
12,16,6.211610645214533
12,17,8.76997456982337
12,18,10.10511550803297
12,19,10.421163971913813
12,20,11.574201401605695
12,21,14.031081520115139
12,22,15.394265458217623
12,23,15.797349279626042
12,24,17.368754504450276
12,25,19.98330066757857
12,26,20.650533993009777
12,27,21.25693161224566
12,28,23.334327252511088
12,29,25.648185710197115
12,30,28.75961535592448
12,31,28.921127006569314
12,32,31.85894631420706
12,33,31.17372638933171
12,34,27.325251317725584
12,35,26.026134487733454
12,36,22.229899874991407
12,37,23.327700632356006
12,38,22.5892186844555
12,39,19.242602271762582
12,40,19.652014777621172
12,41,20.425582759682673
12,42,17.843783669266422
12,43,15.090109931246253
12,44,17.136806663295353
12,45,17.38725202272257
12,46,13.625757665643244
12,47,13.464857548572924
12,48,16.61463305662336
12,49,15.437106660298715
12,50,12.166361575222144
12,51,14.42594722830077
12,52,17.029448316109214
12,53,19.610462820022956
12,54,23.583599117961377
12,55,24.741296207450045
12,56,25.301913372257623
12,57,23.152703628599692
12,58,22.037901932328346
12,59,21.98476924905693
12,60,25.281022692804214
12,61,24.535505020869124
12,62,23.447463573486733
12,63,20.501673524922666
12,64,19.50619117072872
12,65,19.64252621175908
12,66,17.59112328487341
12,67,14.819322016367279
12,68,15.396657098360725
12,69,15.191282991591088
12,70,11.75121579147627
12,71,10.624784777353478
12,72,12.770316755875342
12,73,11.722870949799997
12,74,7.925912472869498
12,75,9.495846255695776
12,76,12.161634531887616
12,77,10.461191766495942
12,78,8.53670226197761
12,79,11.998448749517417
12,80,13.864247432293153
12,81,12.083158057845296
12,82,12.969552668512186
12,83,16.3250753816975
12,84,16.97971403575993
12,85,16.20300677752341
12,86,18.69507790069768
12,87,21.135826843615277
12,88,21.05070696431513
12,89,21.67747059831905
12,90,24.475308730836336
12,91,26.025632204366932
12,92,26.5529075590742
12,93,27.914146859494707
12,94,30.16814259981329
12,95,31.5218455769588
12,96,32.43431715563836
12,97,33.97342330782773
13,1,18.17830949890179
13,2,16.180490535188923
13,3,14.879853223149404
13,4,13.750519884120598
13,5,11.948839018866172
13,6,10.280331066725124
13,7,9.780873205496295
13,8,8.427477015923564
13,9,5.884538259948903
13,10,4.969973200782191
13,11,5.389576953304608
13,12,3.836540552244337
13,14,3.815305532562513
13,15,5.331544480203333
13,16,4.967790787196032
13,17,6.186947504709416
13,18,8.701763550267135
13,19,9.77215217708116
13,20,9.867078653514683
13,21,11.983291961066387
13,22,14.192610968672966
13,23,14.714799588386683
13,24,15.49470634744356
13,25,18.20489358250709
13,26,19.491151160654365
13,27,19.860295370783227
13,28,21.425249753767304
13,29,23.920629588855228
13,30,27.16000983154105
13,31,26.969855262834272
13,32,29.646424126176182
13,33,28.604160130970815
13,34,24.797424615593545
13,35,23.252442031518253
13,36,19.571736134888003
13,37,21.0764472873356
13,38,20.39422019154794
13,39,17.19589454252337
13,40,17.225755966028046
13,41,17.526498294504133
13,42,15.111572269634907
13,43,12.302738981882726
13,44,13.838620982412492
13,45,13.994903685386404
13,46,10.295085611519694
13,47,9.774090515706705
13,48,12.816356369084044
13,49,11.81510814146907
13,50,8.496619848900202
13,51,10.712945846056934
13,52,13.44462485433622
13,53,15.841914000268318
13,54,19.815268918725792
13,55,21.136386058092118
13,56,21.74304027040807
13,57,19.830446729998304
13,58,18.92930495812588
13,59,19.34051234108201
13,60,22.809816502457384
13,61,22.56037105917713
13,62,21.82923450891182
13,63,19.18441248897529
13,64,17.59632169816103
13,65,17.51615489093052
13,66,16.076192254054487
13,67,13.168815225975148
13,68,12.921171857155963
13,69,13.054805329257414
13,70,10.178238823292387
13,71,7.9963067153869485
13,72,9.893612999888523
13,73,9.717493546711038
13,74,5.932059879278219
13,75,6.351825051883903
13,76,9.623089840353032
13,77,9.074021383497927
13,78,7.0095260843382325
13,79,9.925579417056992
13,80,12.482931296337282
13,81,11.626912317062825
13,82,12.07258463901103
13,83,15.09455901439491
13,84,16.500617113952526
13,85,16.16944809112811
13,86,18.092197862561047
13,87,20.586848531978625
13,88,21.192267443287392
13,89,21.781820333224232
13,90,24.120057101509197
13,91,25.924098479839277
13,92,26.90024173535098
13,93,28.00466355108837
13,94,29.980848670372033
13,95,31.71426345160334
13,96,32.745441418491886
13,97,33.90163048171169
14,1,20.356488382862633
14,2,18.567173057762513
14,3,16.61053697146974
14,4,15.364437362245395
14,5,14.374021747016648
14,6,12.533078173593239
14,7,10.958376034191295
14,8,9.978827632934113
14,9,8.621010727442268
14,10,6.37521927201614
14,11,5.276926028212412
14,12,5.48014404843079
14,13,3.815305532562513
14,15,3.7849826268194606
14,16,5.451374490949124
14,17,5.2040425961229655
14,18,6.403323351710144
14,19,8.64169411905665
14,20,9.623625798009774
14,21,10.692255632079332
14,22,12.695289592284137
14,23,14.169454601576394
14,24,15.14997694941148
14,25,17.17035466602557
14,26,18.667189888048917
14,27,19.714036931451027
14,28,21.103930402622293
14,29,23.10341916754002
14,30,26.57321227005601
14,31,26.763079585590717
14,32,29.282829367164975
14,33,28.220061533546584
14,34,24.413639977669224
14,35,22.513266872793555
14,36,18.810825432121536
14,37,19.822385678113548
14,38,18.50972655667236
14,39,14.982777306030652
14,40,14.749079731943757
14,41,15.731822714974829
14,42,13.724039343038662
14,43,10.427675802484478
14,44,12.361540251142973
14,45,13.445048023521798
14,46,10.072997132478804
14,47,9.389471065982999
14,48,13.049747462946886
14,49,12.899803573927413
14,50,10.183648254092843
14,51,12.20201118174384
14,52,15.28137753543681
14,53,16.96057342955278
14,54,20.229296321235793
14,55,21.558160219363288
14,56,21.48827881704915
14,57,19.603127297794188
14,58,19.262682871018026
14,59,19.809524341728153
14,60,23.412371189419293
14,61,23.252665565716995
14,62,23.02845072268917
14,63,20.126476993349065
14,64,18.247023318637485
14,65,18.865492485201322
14,66,17.803137839077603
14,67,14.408424220641797
14,68,14.362806027297808
14,69,15.39819988205874
14,70,12.64763361753025
14,71,10.04135567356196
14,72,12.478246920256419
14,73,13.061844642771888
14,74,9.454356352863854
14,75,9.35973763829043
14,76,12.919511135561013
14,77,12.788418760801765
14,78,10.343536354416315
14,79,12.819112110479454
14,80,15.792672571061475
14,81,14.774448262032468
14,82,14.531171704157277
14,83,17.741737148107525
14,84,19.438556823944566
14,85,18.607456869018975
14,86,20.20587021168398
14,87,23.096223609773176
14,88,23.663549006724395
14,89,23.736954213347456
14,90,26.124795950516056
14,91,28.272892629146003
14,92,28.990713163835203
14,93,29.743929386448755
14,94,31.965584085627153
14,95,33.88047558503483
14,96,34.55937292187268
14,97,35.57989244421027
15,1,21.22898064592975
15,2,19.950795633343212
15,3,18.333324417973017
15,4,16.400245650731534
15,5,15.2284961593123
15,6,14.27073002614786
15,7,12.68872992304892
15,8,10.619413394578315
15,9,9.700012639059246
15,10,8.736402163865323
15,11,6.4551339382669175
15,12,5.092832812512577
15,13,5.331544480203333
15,14,3.7849826268194606
15,16,3.807566749783652
15,17,5.5238939699295075
15,18,5.314376580357597
15,19,6.035374425253873
15,20,8.09827698320817
15,21,9.81285201030653
15,22,10.794012612224808
15,23,11.943126093884088
15,24,13.76099137821643
15,25,15.774983492604383
15,26,16.555351159462028
15,27,17.781154130662994
15,28,19.728593424247055
15,29,21.58422553628965
15,30,24.875242031270183
15,31,25.417900481705214
15,32,28.257331159593697
15,33,27.672174372528243
15,34,23.821475668575882
15,35,22.37310902969195
15,36,18.527651460145705
15,37,19.09295057304606
15,38,18.02479865632068
15,39,14.548762486799706
15,40,15.236248791615383
15,41,16.486564065617298
15,42,13.911542157859465
15,43,11.21021269838046
15,44,13.984413114958953
15,45,14.592604174073903
15,46,11.084641011398093
15,47,11.633994482003613
15,48,15.235153369806921
15,49,14.407448549351566
15,50,12.033149490240445
15,51,14.786900403440503
15,52,17.331662541039748
15,53,19.334756495465033
15,54,22.140641239547687
15,55,22.899511764828397
15,56,22.793046253099117
15,57,20.362054267031716
15,58,19.55920996676167
15,59,19.376676778237634
15,60,22.74219822765442
15,61,21.99084872787823
15,62,21.505379833429146
15,63,18.24981753326805
15,64,16.91829476553872
15,65,17.94381374848324
15,66,16.3872750508404
15,67,12.96051236133623
15,68,13.912999887317826
15,69,14.952632204222033
15,70,11.726765505652454
15,71,10.02520779595317
15,72,13.170791565001716
15,73,13.396350382151041
15,74,9.898028405952397
15,75,11.105641671595723
15,76,14.554055671848873
15,77,13.952879021340106
15,78,12.229006780175993
15,79,15.251562081890754
15,80,17.710388296085586
15,81,16.54274862240788
15,82,17.006470313573068
15,83,20.2528553773307
15,84,21.45443716748376
15,85,20.744711776394315
15,86,22.820857353164715
15,87,25.48432658537816
15,88,25.719567380363486
15,89,26.08894877675591
15,90,28.71686595500675
15,91,30.562779695303195
15,92,31.156263670789823
15,93,32.22474708189099
15,94,34.505352803643405
15,95,36.11980038923991
15,96,36.89053295336758
15,97,38.197090912649465
16,1,22.1402148470409
16,2,20.51825514539106
16,3,19.4552289545593
16,4,17.825038401401763
16,5,15.901334158161664
16,6,14.89490367209493
16,7,14.244612333924255
16,8,12.12123842892832
16,9,10.0731409017757
16,10,9.760939839999214
16,11,8.762833062857123
16,12,6.211610645214533
16,13,4.967790787196032
16,14,5.451374490949124
16,15,3.807566749783652
16,17,3.863612151490508
16,18,5.488777986643014
16,19,5.0871280879188845
16,20,5.368191333357368
16,21,8.107260123196152
16,22,9.683005657209446
16,23,9.874358894281086
16,24,11.166271684909791
16,25,13.85932237620417
16,26,14.71887111884533
16,27,15.242053888268657
16,28,17.149070918947153
16,29,19.49357253895138
16,30,22.641501418821072
16,31,22.762794650888164
16,32,25.66521433525486
16,33,25.04169621438045
16,34,21.186083227104785
16,35,20.02580491094189
16,36,16.19560660538529
16,37,17.263603747478243
16,38,16.88503056833603
16,39,13.866130192415076
16,40,14.86117061952142
16,41,15.292466327336097
16,42,12.229146803620702
16,43,10.182866302271368
16,44,12.741222487320083
16,45,12.379045398115286
16,46,8.65319959634994
16,47,9.968302848677514
16,48,13.092124964448931
16,49,11.515622927201038
16,50,9.399896826875976
16,51,12.70780413142938
16,52,14.621652112486474
16,53,16.934944520724304
16,54,19.62269184249529
16,55,20.083876137160676
16,56,20.369731588050293
16,57,17.751761091831593
16,58,16.479417436189678
16,59,16.134103162964
16,60,19.441752869163874
16,61,18.71337096905052
16,62,18.066009656745287
16,63,15.01956140091402
16,64,13.634740935805901
16,65,14.299403275619591
16,66,12.74337736871737
16,67,9.38934764278388
16,68,10.205946335262274
16,69,11.160543739014102
16,70,8.030732139441401
16,71,6.362185241463382
16,72,9.750324111283863
16,73,10.213740144468437
16,74,7.214506563399775
16,75,8.815590520330607
16,76,12.184529257940646
16,77,12.041702244406324
16,78,11.21585236396837
16,79,14.097272714769078
16,80,16.34699851564592
16,81,15.909580554273822
16,82,16.836945145180465
16,83,19.62824905985814
16,84,20.88862732427208
16,85,20.87123981903387
16,86,22.936892158366785
16,87,25.237910775047464
16,88,25.820321220264294
16,89,26.623232786443275
16,90,28.975898704613723
16,91,30.626437214071885
16,92,31.647040672705934
16,93,32.89255037902599
16,94,34.82463399691964
16,95,36.451794850884724
16,96,37.57933571637178
16,97,38.81293026954454
17,1,24.347657188823938
17,2,22.341439773195273
17,3,20.906765061649743
17,4,19.779228644090242
17,5,18.11542436594609
17,6,16.379415095828914
17,7,15.57925439033872
17,8,14.265107768454468
17,9,12.058718506306956
17,10,10.619189403946407
17,11,10.143621168853377
17,12,8.76997456982337
17,13,6.186947504709416
17,14,5.2040425961229655
17,15,5.5238939699295075
17,16,3.863612151490508
17,18,3.802348824643948
17,19,5.669635668022089
17,20,4.991397433057844
17,21,5.927417165726285
17,22,8.666190729987775
17,23,9.822167943290873
17,24,10.135724546084221
17,25,12.364890080480395
17,26,14.176616127342985
17,27,14.91191651783569
17,28,16.028575452330415
17,29,18.21482089122141
17,30,21.664580160854054
17,31,21.646272585660505
17,32,24.131481573534888
17,33,23.075018887983372
17,34,19.254784582439147
17,35,17.520444395913334
17,36,13.767908008168662
17,37,14.99595722626911
17,38,14.210639236922368
17,39,11.09734018367878
17,40,11.465501051656409
17,41,11.769054213069376
17,42,9.092037550546383
17,43,6.531744772550221
17,44,8.947645541754458
17,45,9.095751717427465
17,46,5.571737784873661
17,47,6.672697821249613
17,48,10.124503012453035
17,49,9.39184959238445
17,50,7.911189882436455
17,51,10.909731637651431
17,52,13.065989305420985
17,53,14.631544127190898
17,54,16.779237718476438
17,55,17.42482017787819
17,56,17.27902032023405
17,57,14.923522240248607
17,58,14.3334964738758
17,59,14.685183847311428
17,60,18.289343340725175
17,61,18.226661147739673
17,62,18.338373994072647
17,63,15.560313210847303
17,64,13.301315310460136
17,65,14.177336190610093
17,66,13.659584711280143
17,67,10.045993062549542
17,68,9.871676594469646
17,69,11.812278228603851
17,70,9.691057494751526
17,71,6.696070429052558
17,72,9.776515105952267
17,73,11.49289178619766
17,74,8.881779821854941
17,75,8.930512967250422
17,76,12.621695891676497
17,77,13.496444607096198
17,78,12.267296465276319
17,79,14.396006313239484
17,80,17.257074016658766
17,81,17.258333947510042
17,82,17.492053087838787
17,83,20.109859164084337
17,84,22.000110040551714
17,85,21.96147729267801
17,86,23.456009149994582
17,87,25.98443975787376
17,88,26.996717529316253
17,89,27.478003314904132
17,90,29.52588384178831
17,91,31.532980764782373
17,92,32.71004160095183
17,93,33.57544452074684
17,94,35.43573982580828
17,95,37.42789993244466
17,96,38.43595924393982
17,97,39.313977191770455
18,1,26.215024673501894
18,2,24.59859935412534
18,3,22.88493780395825
18,4,21.345725265530675
18,5,20.108105839153787
18,6,18.660543046559
18,7,17.21807220598696
18,8,15.65987351060683
18,9,14.24290271177156
18,10,12.674155400594366
18,11,11.106211032419194
18,12,10.10511550803297
18,13,8.701763550267135
18,14,6.403323351710144
18,15,5.314376580357597
18,16,5.488777986643014
18,17,3.802348824643948
18,19,3.834517593257495
18,20,5.419215577283817
18,21,5.118349502039239
18,22,6.452307084954927
18,23,8.723401803550638
18,24,9.967639104549702
18,25,11.233024392196016
18,26,12.711338227376554
18,27,14.366848041907414
18,28,15.695830003049348
18,29,17.180833716796744
18,30,20.720325062445255
18,31,21.363440330699763
18,32,23.89361608491434
18,33,23.17497217447697
18,34,19.386026096641483
18,35,17.64773322449779
18,36,13.864612160965788
18,37,14.11249740504316
18,38,12.75445883102578
18,39,9.23726205728746
18,40,10.131285717706941
18,41,11.543674396231763
18,42,9.02110228253989
18,43,6.570174105418693
