1,2,3.8217022967412015
1,3,6.817966667355166
1,4,10.502146686582254
1,5,13.84068811898934
1,6,16.79323351605747
1,7,20.33047459012889
1,8,22.266175841220765
1,9,25.144205651623867
1,10,27.469913289058468
1,11,31.090807761175505
1,12,30.787499424576026
1,13,27.18778867897406
1,14,25.031068163769394
1,15,27.58528487781031
1,16,27.567294405362244
1,17,28.336013296297626
1,18,25.39690199572771
1,19,23.071879307985906
1,20,24.161935949578744
1,21,23.427106800413224
1,22,19.852148100293476
1,23,19.256920707961388
1,24,21.030100526130006
1,25,18.73185204404369
1,26,15.514889693175634
1,27,17.071749346796175
1,28,17.30701500923578
1,29,13.778569493141616
1,30,12.890749485979185
1,31,9.304052178158784
1,32,9.35126858667068
1,33,9.619176501504556
1,34,10.808365430737878
1,35,13.177054140816852
1,36,14.295385715558488
1,37,17.78319297562026
1,38,20.06549797846425
1,39,18.195913290730008
1,40,18.382361203606635
1,41,15.463890084662653
1,42,16.024988040496623
1,43,14.775012257599444
1,44,14.702600937440524
1,45,16.703893310450695
1,46,19.503602604482868
1,47,22.166076455097805
1,48,23.895531205577264
1,49,20.991362240578084
1,50,19.871193777111632
1,51,23.490639673490737
1,52,23.67297547845921
1,53,21.715955902560804
1,54,24.505698068743044
1,55,22.906655203069366
1,56,26.053462484576634
1,57,26.837812619442506
1,58,25.34715389036563
1,59,22.442635363224035
1,60,19.08520381425281
1,61,16.142798305044856
1,62,12.426349841955007
1,63,10.71774550526274
1,64,7.0819764340269415
1,65,5.711777628996582
1,66,4.440856162803631
1,67,7.025207001533824
1,68,9.385353209067656
1,69,9.818899354622674
1,70,6.667878854674154
1,71,8.354063192108018
1,72,11.698661486915976
1,73,11.009601287545207
1,74,10.055699252405786
1,75,12.907705255585391
1,76,15.25097599156678
1,77,14.89167628815726
1,78,15.190894954684099
1,79,18.36032435639969
1,80,19.664023474727404
1,81,19.403516359229997
1,82,21.873571275753527
1,83,23.83394670609211
1,84,25.29693455143085
1,85,29.0953936928297
2,1,3.8217022967412015
2,3,3.80332688864036
2,4,7.047113043863561
2,5,10.660267498912837
2,6,13.523517865407522
2,7,17.20762087046608
2,8,19.333439228464435
2,9,21.963548062428895
2,10,24.53256295068117
2,11,28.193490787011385
2,12,28.232625957917488
2,13,24.784883202467803
2,14,22.802174631305537
2,15,25.654553946307416
2,16,26.015875025476827
2,17,26.531703764478884
2,18,23.306408188805545
2,19,21.368459400569254
2,20,22.80270111205498
2,21,21.701566575118548
2,22,18.088326607649527
2,23,18.212682160826194
2,24,19.992632475234444
2,25,17.294002226837435
2,26,14.501363829052769
2,27,16.781420587353153
2,28,16.72236473831752
2,29,13.552146667654903
2,30,13.72762535640387
2,31,10.325835309775455
2,32,10.689171854852367
2,33,9.645157065251915
2,34,10.58091493733186
2,35,12.028055688014447
2,36,13.229850759242176
2,37,16.34481474149956
2,38,18.822043356022625
2,39,17.630788355146144
2,40,18.06594163353334
2,41,15.316039489249707
2,42,15.965552980433824
2,43,14.978049796649263
2,44,14.097945139814955
2,45,16.57385418565947
2,46,19.426082270199668
2,47,21.56053243251791
2,48,23.631811234860766
2,49,20.88055552816717
2,50,19.10031607531083
2,51,22.527533866174732
2,52,23.05392205797265
2,53,20.694717628150872
2,54,23.035139943283063
2,55,20.943591461349655
2,56,23.82484201766616
2,57,24.187572133075733
2,58,22.490631753447385
2,59,19.895290910838995
2,60,16.43358188962803
2,61,13.804821925922184
2,62,10.141480498979629
2,63,8.474189951493347
2,64,5.649347465949672
2,65,5.574640591784371
2,66,6.62364515772926
2,67,9.015625171871786
2,68,10.652470662682662
2,69,9.703482035359917
2,70,6.059716168426485
2,71,6.167928556663093
2,72,9.628209935751283
2,73,9.239478627838256
2,74,7.301908956705808
2,75,9.711853303546821
2,76,12.532813550858615
2,77,12.302959035075238
2,78,11.953667077517087
2,79,15.066840020533698
2,80,16.776557586702072
2,81,16.48002704766751
2,82,18.59628713143329
2,83,20.612232588535257
2,84,22.4108067131804
2,85,26.177929527886942
3,1,6.817966667355166
3,2,3.80332688864036
3,4,3.793866298727888
3,5,7.036003940139888
3,6,10.085014526242874
3,7,13.662685508901799
3,8,15.946425050905686
3,9,18.73445148852186
3,10,21.353038873877548
3,11,24.91134976168444
3,12,24.922781642918988
3,13,21.51150621201919
3,14,19.84890056792653
3,15,22.909690901944938
3,16,23.674226837920703
3,17,24.39886480313529
3,18,21.104071183157757
3,19,19.167262159107104
3,20,21.128224904069125
3,21,20.222155435233628
3,22,16.48082222428935
3,23,17.010388731211503
3,24,19.279180876084403
3,25,16.739915813802273
3,26,14.090796631151504
3,27,16.943421602279592
3,28,17.34475783716605
3,29,14.715875245717823
3,30,15.492035875000699
3,31,12.079368474544
3,32,11.633078002722
3,33,9.417140071248157
3,34,9.134628873729753
3,35,9.442479022690184
3,36,10.189229880411704
3,37,12.934173944632722
3,38,15.40250244292287
3,39,14.651094933303389
3,40,15.327481765834559
3,41,12.948361696066808
3,42,14.018393235744197
3,43,13.770770419299158
3,44,12.749368761947705
3,45,15.859418958666707
3,46,18.247488754006874
3,47,19.878505424002483
3,48,21.83439866193238
3,49,19.00007482336237
3,50,16.856642576273764
3,51,20.004298765427897
3,52,20.453118305991346
3,53,17.73548683247277
3,54,19.801610532434395
3,55,17.587941271896682
3,56,20.30029353426246
3,57,20.572810900865363
3,58,18.785635931385997
3,59,16.158497030160756
3,60,12.652428795599056
3,61,10.139161476766036
3,62,6.476233077927865
3,63,5.579788855307029
3,64,3.997062753003289
3,65,6.396041415280957
3,66,8.885384555895941
3,67,11.847822230559244
3,68,13.817991377702548
3,69,12.278041753152129
3,70,8.514071926164418
3,71,8.293945738901762
3,72,11.02730225125177
3,73,9.950444168873602
3,74,6.839255342055032
3,75,9.258698414522545
3,76,11.975098123995314
3,77,10.864189030789353
3,78,9.831819795756598
3,79,13.34457337610594
3,80,14.910723191823454
3,81,13.88002849497233
3,82,15.936996961162643
3,83,18.438175336084274
3,84,20.223864091005368
3,85,23.961064328773897
4,1,10.502146686582254
4,2,7.047113043863561
4,3,3.793866298727888
4,5,3.797436819398551
4,6,6.71584257724296
4,7,10.433312610715424
4,8,13.059021215864338
4,9,15.522482783498749
4,10,18.457209843973235
4,11,21.983240045633227
4,12,22.396299290623038
4,13,19.243745733415807
4,14,17.958685230135863
4,15,21.33972837434358
4,16,22.615579542911185
4,17,23.115164711113184
4,18,19.59525113673086
4,19,18.167899080242567
4,20,20.55785865597801
4,21,19.375118523768027
4,22,15.766766742826759
4,23,17.11534526479689
4,24,19.374234608510843
4,25,16.663085997749253
4,26,14.685178936329978
4,27,18.041467321154588
4,28,18.269712127138202
4,29,16.231203421755524
4,30,17.750555300469838
4,31,14.711195660726874
4,32,14.419869051188776
4,33,11.555184429326296
4,34,10.895401616605124
4,35,9.911905767978368
4,36,10.452869209142342
4,37,12.24558744796451
4,38,14.728287024966267
4,39,14.9219634394191
4,40,15.861565299622269
4,41,13.976948452579235
4,42,15.113336787595971
4,43,15.272283707667894
4,44,13.628884773364858
4,45,16.9935857415744
4,46,19.160840017316364
4,47,20.10298033302745
4,48,22.254679276492126
4,49,19.684244543438307
4,50,16.958252013864055
4,51,19.64794843448727
4,52,20.399307741580365
4,53,17.31197178755714
4,54,18.69294500822778
4,55,15.955586299572914
4,56,18.179056930507475
4,57,17.876633006339496
4,58,15.799104363943025
4,59,13.647021440678815
4,60,10.092509239431532
4,61,8.36155835974922
4,62,5.500763248435471
4,63,5.5670748292211405
4,64,6.487761407263549
4,65,9.309339083807608
4,66,12.322558721021206
4,67,14.996551729593264
4,68,16.54057896173021
4,69,14.335083536268424
4,70,10.871110486509691
4,71,9.630925586007798
4,72,11.606781541188626
4,73,10.783079003375422
4,74,7.038349396237239
4,75,8.187043639053599
4,76,11.005280465840356
4,77,9.80694879458013
4,78,7.551397120653728
4,79,10.904096917956988
4,80,12.862766139127269
4,81,11.486446462608942
4,82,12.914762179753048
4,83,15.660504961519658
4,84,17.818903274774712
4,85,21.421841488460977
5,1,13.84068811898934
5,2,10.660267498912837
5,3,7.036003940139888
5,4,3.797436819398551
5,6,3.793925006523537
5,7,7.083314855898059
5,8,10.137217487906153
5,9,12.710647147416465
5,10,15.737114997271718
5,11,19.029724349836272
5,12,19.469428165297547
5,13,16.486884332031497
5,14,15.810860377241447
5,15,19.401253715605822
5,16,21.21500307296611
5,17,21.9347884610274
5,18,18.460135112744354
5,19,17.17535121407754
5,20,20.100255009405192
5,21,19.189458446603943
5,22,15.712622025615703
5,23,17.453226997804837
5,24,20.052626573102273
5,25,17.688699892769332
5,26,16.03948530156742
5,27,19.619188694382743
5,28,20.223452373736436
5,29,18.69248492872588
5,30,20.478928131489294
5,31,17.537346840797174
5,32,16.753213259897855
5,33,13.447144439785253
5,34,11.893797586874536
5,35,9.693097149033987
5,36,9.4080855403415
5,37,10.026936035557448
5,38,12.233172664191281
5,39,13.264866757483126
5,40,14.510656440710472
5,41,13.388400189409792
5,42,14.89323484550413
5,43,15.836783004029755
5,44,14.217666693255545
5,45,17.861834030980557
5,46,19.402951501952575
5,47,19.71321336169028
5,48,21.62551812462428
5,49,19.120091774605363
5,50,16.11975145019809
5,51,18.223632797234316
5,52,18.860587590145506
5,53,15.426417247053172
5,54,16.22147242659551
5,55,13.318007766992721
5,56,15.067051287959236
5,57,14.473710485948157
5,58,12.144329326190523
5,59,10.11203320007107
5,60,6.484602769497321
5,61,5.71449021161341
5,62,4.408744390043644
5,63,6.409808406536422
5,64,8.747684722506493
5,65,12.135160754345147
5,66,15.408080326073502
5,67,18.301197610373652
5,68,20.05528991746095
5,69,17.709578405169644
5,70,14.31303262442896
5,71,13.195072308109003
5,72,14.66875736287588
5,73,13.484606073825544
5,74,9.706890690243263
5,75,10.476565483162435
5,76,12.64097594175193
5,77,10.731466829503992
5,78,7.8978542601783435
5,79,11.050963502949038
5,80,12.62060213268241
5,81,10.267342395181668
5,82,11.279879900245751
5,83,14.609372628902959
5,84,16.67895258845262
5,85,20.058128281032126
6,1,16.79323351605747
6,2,13.523517865407522
6,3,10.085014526242874
6,4,6.71584257724296
6,5,3.793925006523537
6,7,3.805551520067423
6,8,6.655181674688405
6,9,8.96905283651843
6,10,12.070988133408763
6,11,15.440294415312538
6,12,16.156650272988916
6,13,13.395641103019384
6,14,12.879790188761051
6,15,16.606285125559793
6,16,18.750077578054523
6,17,19.175061332258895
6,18,15.626652328380684
6,19,14.904533129672224
6,20,18.055392039545854
6,21,16.964660367447568
6,22,13.856169698764077
6,23,16.24383574942819
6,24,18.696020256875457
6,25,16.447200245897054
6,26,15.525314520419453
6,27,19.287956375085507
6,28,19.851686190148534
6,29,19.018654658860783
6,30,21.361435188439632
6,31,18.893613806257566
6,32,18.23006714760808
6,33,14.607152094027494
6,34,13.131134774897987
6,35,10.34337220896556
6,36,10.566667999019625
6,37,10.341478527333036
6,38,12.839537057180682
6,39,14.68088799750946
6,40,15.438254397214102
6,41,14.464201419380073
6,42,15.40625006239507
6,43,16.34350747861773
6,44,14.149425929406016
6,45,17.647502229355528
6,46,18.93721028235032
6,47,18.561626258118512
6,48,20.7084719449181
6,49,18.737528376930833
6,50,15.306767320308058
6,51,16.87345463746685
6,52,18.06411342593952
6,53,14.667246168853065
6,54,14.717094033869587
6,55,11.294930002020184
6,56,12.597933218632921
6,57,11.577046400625258
6,58,9.507714348462008
6,59,8.077541600639442
6,60,5.34104460344046
6,61,5.514033673525203
6,62,6.3965066880670625
6,63,7.69068916067043
6,64,10.979865888870354
6,65,14.095676496311667
6,66,17.69495544016139
6,67,20.295824523907754
6,68,21.82944417978687
6,69,19.024221942622844
6,70,16.028345086654255
6,71,14.783303824798573
6,72,15.342845286564634
6,73,13.99120076237578
6,74,10.4845001194536
6,75,10.529782936135675
6,76,11.796322055397987
6,77,9.627417041886556
6,78,6.459923816948579
6,79,8.887671631188777
6,80,10.06516955438455
6,81,7.254135292371486
6,82,7.742029145992328
6,83,11.301793349231163
6,84,13.331005456577875
6,85,16.529095372298052
7,1,20.33047459012889
7,2,17.20762087046608
7,3,13.662685508901799
7,4,10.433312610715424
7,5,7.083314855898059
7,6,3.805551520067423
7,8,3.7863318070993195
7,9,6.040319939766164
7,10,9.102110316807527
7,11,12.100163389471083
7,12,12.912178739988146
7,13,10.542293377442629
7,14,10.953901060759803
7,15,14.752589447287752
7,16,17.498183153820147
7,17,18.061539827483195
7,18,14.762649230009728
7,19,14.407710834718483
7,20,17.936869789081445
7,21,17.16313110911735
7,22,14.532901168607458
7,23,17.188346427346637
7,24,19.751388887665442
7,25,17.987057289408586
7,26,17.48993841672714
7,27,21.216327482963205
7,28,22.056175260184137
7,29,21.708039928555692
7,30,24.21210604642803
7,31,21.923285717893954
7,32,20.978369210734993
7,33,17.21637882039603
7,34,15.32198408597913
7,35,11.971874910549493
7,36,11.737274877154201
7,37,10.268879532414743
7,38,12.299424669185635
7,39,14.972871195669281
7,40,15.688147955726391
7,41,15.42668271177905
7,42,16.38492328118069
7,43,17.829511905986095
7,44,15.711524401108967
7,45,19.12534830879307
7,46,19.776424050830506
7,47,18.700782342299803
7,48,20.57928541542049
7,49,18.93273228895002
7,50,15.378169392751616
7,51,16.08276691403644
7,52,17.292373965886178
7,53,13.833911083734845
7,54,12.93106555272038
7,55,9.339934256602943
7,56,9.6427868562416
7,57,7.982645195264542
7,58,5.823912204759805
7,59,5.219003202561357
7,60,4.212374754249328
7,61,6.269063999961154
7,62,8.849652933735717
7,63,10.573761754595482
7,64,14.13419831314873
7,65,17.331709028913775
7,66,21.003354172978657
7,67,23.66643638120377
7,68,25.309627239605074
7,69,22.430262015527312
7,70,19.545983297291908
7,71,18.439903059490714
7,72,18.68303668755068
7,73,17.11935988388595
7,74,13.854527687876942
7,75,13.769851142798089
7,76,14.38241350627843
7,77,11.921327758276302
7,78,9.10565326932237
7,79,10.651276112937605
7,80,11.022324393182695
7,81,7.571019349668818
7,82,7.240532644962994
7,83,11.028165005026901
7,84,12.604327399951089
7,85,15.253611542699762
8,1,22.266175841220765
8,2,19.333439228464435
8,3,15.946425050905686
8,4,13.059021215864338
8,5,10.137217487906153
8,6,6.655181674688405
8,7,3.7863318070993195
8,9,3.789098748264598
8,10,5.738125505561248
8,11,9.008342727191957
8,12,9.51863060313301
8,13,7.032903683926623
8,14,7.412221967026302
8,15,11.18899740754669
8,16,14.13909818752682
8,17,14.606429810981258
8,18,11.497381271473511
8,19,11.513648382759683
8,20,15.14723722705477
8,21,14.562883745655382
8,22,12.472723756433417
8,23,15.348484705992387
8,24,17.81118968384366
8,25,16.551912029825502
8,26,16.573805112797512
8,27,20.14946590687337
8,28,21.197838519968094
8,29,21.473566522148953
8,30,24.21747593925843
8,31,22.362063200577243
8,32,21.347720385012025
8,33,17.527410125321907
8,34,15.713981821504051
8,35,12.258834934229018
8,36,12.596249713776293
8,37,10.902144696723107
8,38,13.254666751614444
8,39,16.09502292981016
8,40,16.01761232975275
8,41,15.700041816922203
8,42,15.952097919989574
8,43,17.29232673038992
8,44,14.934893601246669
8,45,17.965424158537783
8,46,18.199599115763206
8,47,16.502461314986938
8,48,18.450740900298936
8,49,17.41506609996752
8,50,13.717136761777814
8,51,13.810206161677293
8,52,15.573798540759608
8,53,12.537294318274808
8,54,11.04373134345132
8,55,7.2383652766264905
8,56,7.2821971402156835
8,57,5.912018489762536
8,58,5.749801660809359
8,59,5.474078861697303
8,60,6.548000476724773
8,61,7.735950833731637
8,62,10.835568502902776
8,63,11.806237510445417
8,64,15.596853624357886
8,65,18.457264408578578
8,66,22.229244709971464
8,67,24.680722478775344
8,68,26.317765077966705
8,69,23.279614788887613
8,70,20.739024671710897
8,71,19.96571867440504
8,72,19.60228706558811
8,73,17.635348363997814
8,74,14.905436455219746
8,75,14.866661556695123
8,76,14.4882264636481
8,77,11.702246859473565
8,78,9.769482102785238
8,79,10.668620356667592
8,80,9.788096208359136
8,81,6.141867474548898
8,82,6.04122617330316
8,83,9.45147695095724
8,84,10.007474907845763
8,85,12.387934065720168
9,1,25.144205651623867
9,2,21.963548062428895
9,3,18.73445148852186
9,4,15.522482783498749
9,5,12.710647147416465
9,6,8.96905283651843
9,7,6.040319939766164
9,8,3.789098748264598
9,10,3.8062418124378397
9,11,6.910833526776886
9,12,8.88757567657788
9,13,7.850637550875002
9,14,8.853760871779647
9,15,12.2397130708187
9,16,15.430664712575757
9,17,15.163702489542114
9,18,12.146329963504913
9,19,13.281491758762465
9,20,16.669364276852672
9,21,15.588474875517878
9,22,14.21287125439718
9,23,17.545128494888964
9,24,19.450118452888628
9,25,18.066338998701
9,26,18.770752510873603
9,27,22.324049125932582
9,28,22.949656731774095
9,29,23.565707330408838
9,30,26.616430469418404
9,31,25.048886314289952
9,32,24.411063946243654
9,33,20.625719696227293
9,34,19.167660865271813
9,35,15.865165852951963
9,36,16.36065708155438
9,37,14.619969134660332
9,38,16.711644688411877
9,39,19.729613774848758
9,40,19.748755169738285
9,41,19.474383660845152
9,42,19.566118791263627
9,43,20.675113976602585
9,44,18.02207268058155
9,45,20.75901197978294
9,46,21.082607041203694
9,47,19.084187146628715
9,48,21.229607554035354
9,49,20.634275522762014
9,50,16.897817507785838
9,51,16.64318745512815
9,52,18.714735095972927
9,53,15.921720292475998
9,54,13.947476226645552
9,55,10.293849444418054
9,56,9.28547794641509
9,57,6.752085020614824
9,58,6.6942576509108545
9,59,8.282080870369814
9,60,9.64953684058833
9,61,11.349502850018412
9,62,14.207525632780035
9,63,14.977719723112575
9,64,18.733960116280034
9,65,21.397575207262697
9,66,25.184381671201283
9,67,27.371724116535486
9,68,28.63460072659054
9,69,25.349758714846608
9,70,23.095136108025237
9,71,21.883415662757855
9,72,21.13143838174134
9,73,19.599272876228333
9,74,17.061310752616656
9,75,16.23282707694496
9,76,15.644302923434486
9,77,13.502894993429617
9,78,11.364044787289567
9,79,11.006795085649001
9,80,10.328932174971312
9,81,7.531400043121658
9,82,5.434391785777907
9,83,8.061326502245782
9,84,8.90915290985116
9,85,10.399458209671046
10,1,27.469913289058468
10,2,24.53256295068117
10,3,21.353038873877548
10,4,18.457209843973235
10,5,15.737114997271718
10,6,12.070988133408763
10,7,9.102110316807527
10,8,5.738125505561248
10,9,3.8062418124378397
10,11,3.8295134366410983
10,12,5.517651547700946
10,13,5.274106692859912
10,14,6.762229520574671
10,15,9.448694328009317
10,16,12.888776946708619
10,17,12.59539099207701
10,18,10.23716825194701
10,19,11.817495965156123
10,20,15.103012275552043
10,21,14.469989017189986
10,22,13.849217649509358
10,23,17.0717564971598
10,24,18.86912455268346
10,25,18.174758317980263
10,26,19.22874834089918
10,27,22.47164682892533
10,28,23.39654062287416
10,29,24.50904011031877
10,30,27.609979185490285
10,31,26.358941429889807
10,32,25.534033180833
10,33,21.796852998413126
10,34,20.283231073794024
10,35,16.966913683362872
10,36,17.636125275566407
10,37,15.671423289031276
10,38,17.745880871013156
10,39,20.840155000956464
10,40,20.31619825273313
10,41,20.17085418854384
10,42,19.814818535925912
10,43,20.952057734641127
10,44,18.364286914772016
10,45,20.674431063466763
10,46,20.454776599096256
10,47,17.881583346946396
10,48,19.83974166082113
10,49,19.846930376023323
10,50,16.252407533452555
10,51,15.251658532500121
10,52,17.614054169013826
10,53,15.387240751146644
10,54,12.889000017701441
10,55,9.694814069892892
10,56,8.185753116858338
10,57,6.339964566499747
10,58,8.226165689267754
10,59,9.678604153729971
10,60,11.966041326712688
10,61,13.279209327002304
10,62,16.445757758461255
10,63,16.954195718647455
10,64,20.7483335797436
10,65,23.21951894039458
10,66,27.001367083496337
10,67,29.09868155266063
10,68,30.463390631598525
10,69,27.178591205148116
10,70,25.13899728678459
10,71,24.313007131867884
10,72,23.245809502613554
10,73,21.338228536839583
10,74,19.21827094429637
10,75,18.6602336209714
10,76,17.413975965283324
10,77,15.01777676945575
10,78,13.714601957848336
10,79,13.18566250373678
10,80,11.467176169603711
10,81,8.952190069186004
10,82,7.663557468362742
10,83,9.196833805314979
10,84,8.438282821526904
10,85,9.02666810570636
11,1,31.090807761175505
11,2,28.193490787011385
11,3,24.91134976168444
11,4,21.983240045633227
11,5,19.029724349836272
11,6,15.440294415312538
11,7,12.100163389471083
11,8,9.008342727191957
11,9,6.910833526776886
11,10,3.8295134366410983
11,12,3.8028813537179054
11,13,6.199224051165639
11,14,8.891719066993948
11,15,10.52773221664424
11,16,14.178426202009632
11,17,14.02328447090736
11,18,12.551651377124953
11,19,14.31833977529881
11,20,17.437348974832293
11,21,17.189806072653443
11,22,17.04603132543093
11,23,20.08876912283446
11,24,21.835563889315555
11,25,21.51315161435811
11,26,22.688841240614266
11,27,25.766077952977167
11,28,26.829232560090684
11,29,28.11554399048277
11,30,31.198058876937754
11,31,29.993234987827446
11,32,29.009539573723316
11,33,25.284663689474005
11,34,23.56167515962855
11,35,20.127591884351688
11,36,20.45154359659287
11,37,18.02641209521791
11,38,19.55773553621298
11,39,22.910918921133675
11,40,22.424952317033735
11,41,22.75570102947681
11,42,22.49426894013809
11,43,23.91510571326523
11,44,21.565720403612712
11,45,23.73563710455119
11,46,23.087828182415244
11,47,20.16557897272426
11,48,21.69956163974991
11,49,21.99813040963946
11,50,18.653623796257467
11,51,16.97568611600523
11,52,19.113331082931705
11,53,17.164921903804327
11,54,14.061915822171805
11,55,11.562791465956797
11,56,8.987198322495527
11,57,6.956148320879111
11,58,9.450564312503937
11,59,11.605102404318385
11,60,14.540232598858283
11,61,16.27569167764299
11,62,19.690589648542975
11,63,20.4937471872475
11,64,24.292548170145032
11,65,26.860889104711447
11,66,30.632247428166757
11,67,32.80299137442146
11,68,34.24227109503394
11,69,30.97733914669472
11,70,28.93009669149564
11,71,28.13257798458808
11,72,27.06410786408492
11,73,25.13630345807521
11,74,23.029722499957508
11,75,22.469972853461304
11,76,21.189860367317596
11,77,18.80632444524535
11,78,17.532317170641743
11,79,16.89880720387395
11,80,15.148371344759926
11,81,12.767258045165919
11,82,11.331240232515185
11,83,12.455353532678092
11,84,11.382426494220665
11,85,10.842667005792315
12,1,30.787499424576026
12,2,28.232625957917488
12,3,24.922781642918988
12,4,22.396299290623038
12,5,19.469428165297547
12,6,16.156650272988916
12,7,12.912178739988146
12,8,9.51863060313301
12,9,8.88757567657788
12,10,5.517651547700946
12,11,3.8028813537179054
12,13,3.813897348552041
12,14,7.002528998130846
12,15,7.888057805648907
12,16,11.644801333590689
12,17,12.328217051710189
12,18,11.505906663798736
12,19,12.6091282909018
12,20,15.753409720824296
12,21,16.32110460061132
12,22,16.196386875938956
12,23,18.713331068644546
12,24,20.77936992043364
12,25,21.031414823546193
12,26,21.923041117615696
12,27,24.745077619181462
12,28,26.307992530151324
12,29,27.637291550261757
12,30,30.484096907090386
12,31,29.27685821754254
12,32,27.903301835887394
12,33,24.26872214908123
12,34,22.278066701924853
12,35,18.847371262842287
12,36,19.074773600035535
12,37,16.512484002492368
12,38,17.957461800018827
12,39,21.19671927795377
12,40,20.28991129651565
12,41,20.815515285520195
12,42,20.393106991278607
12,43,22.04128271675327
12,44,20.080934276092947
12,45,22.089440606924025
12,46,20.902298534141675
12,47,17.761830481403553
12,48,18.819256285109702
12,49,19.29068379530959
12,50,16.253811887867226
12,51,14.044667496766609
12,52,16.033397524873674
12,53,14.503691617259165
12,54,11.16327188424984
12,55,9.411141183555054
12,56,6.799703568767556
12,57,6.441115686918988
12,58,9.968650937479355
12,59,11.14951920828768
12,60,14.446350963935165
12,61,15.707318366067254
12,62,19.27859639165512
12,63,20.070050471643885
12,64,23.780130544085058
12,65,26.319559553559863
12,66,30.004816158362768
12,67,32.29101570162212
12,68,34.04815987549685
12,69,30.99021002931777
12,70,28.883287237550608
12,71,28.580704843348798
12,72,27.61851264829882
12,73,25.23889743533728
12,74,23.257937444369418
12,75,23.296418011117616
12,76,21.850424073441086
12,77,19.000730831095034
12,78,18.24635342519627
12,79,18.184792348463176
12,80,15.921319677430521
12,81,13.280735862908202
12,82,12.916196640365587
12,83,14.29385496721238
12,84,12.567345379202651
12,85,12.434626983509853
13,1,27.18778867897406
13,2,24.784883202467803
13,3,21.51150621201919
13,4,19.243745733415807
13,5,16.486884332031497
13,6,13.395641103019384
13,7,10.542293377442629
13,8,7.032903683926623
13,9,7.850637550875002
13,10,5.274106692859912
13,11,6.199224051165639
13,12,3.813897348552041
13,14,3.7995413518372687
13,15,5.948545525237464
13,16,9.691449726588543
13,17,10.906600446628822
13,18,9.472488483888823
13,19,9.69975486652091
13,20,13.215427732202206
13,21,13.947509175960615
13,22,13.193637852079604
13,23,15.521247538582989
13,24,17.963700996086782
13,25,18.144518027615913
13,26,18.620034823375192
13,27,21.509282247291697
13,28,23.25569693865263
13,29,24.339468892129496
13,30,27.026874341942165
13,31,25.674371856709065
13,32,24.173726086133435
13,33,20.540173497305712
13,34,18.47503598041339
13,35,15.057379178442972
13,36,15.419774176160521
13,37,13.100779513545534
13,38,14.984240329969065
13,39,17.980999022540107
13,40,16.884001828146904
13,41,17.13502650207168
13,42,16.65453163613751
13,43,18.296510106987917
13,44,16.38786394005088
13,45,18.585110982952767
13,46,17.495971551184986
13,47,14.609387592803664
13,48,15.797955286189412
13,49,15.894567447838428
13,50,12.676552417446462
13,51,10.858632036938548
13,52,12.936630742240254
13,53,11.124969428202967
13,54,8.172583697062601
13,55,5.869532118822981
13,56,4.346388784332641
13,57,5.327425509574773
13,58,8.73527809822033
13,59,8.695600940462036
13,60,11.67019517358093
13,61,12.333961559804505
13,62,15.828600086546462
13,63,16.48853745657118
13,64,20.13985853446366
13,65,22.66375407692457
13,66,26.313303765398132
13,67,28.67039186881606
13,68,30.57518909396601
13,69,27.648978520642082
13,70,25.438197446265573
13,71,25.369515086696715
13,72,24.580000980495882
13,73,21.992270150059383
13,74,19.98271889207612
13,75,20.412804052563015
13,76,19.050409415287756
13,77,15.905481733031321
13,78,15.355897291212262
13,79,15.860835197507349
13,80,13.498170106063275
13,81,10.5239804085434
13,82,11.055271848306525
13,83,12.961189279421411
13,84,11.3340394131324
13,85,12.327370774878377
14,1,25.031068163769394
14,2,22.802174631305537
14,3,19.84890056792653
14,4,17.958685230135863
14,5,15.810860377241447
14,6,12.879790188761051
14,7,10.953901060759803
14,8,7.412221967026302
14,9,8.853760871779647
14,10,6.762229520574671
14,11,8.891719066993948
14,12,7.002528998130846
14,13,3.7995413518372687
14,15,3.8074377922129097
14,16,6.886499524884993
14,17,7.9761392955654635
14,18,6.098090093311549
14,19,5.929694059517531
14,20,9.520747992809968
14,21,10.277800929718792
14,22,9.510947048456757
14,23,11.78856007013679
14,24,14.173021190879759
14,25,14.5175597342909
14,26,15.08416939766796
14,27,17.830711965605417
14,28,19.628584996351364
14,29,20.898670450499427
14,30,23.62405498293366
14,31,22.545957428335665
14,32,21.182904289332743
14,33,17.662895738723556
14,34,16.01161112359728
14,35,12.984593430451817
14,36,14.204518164772828
14,37,12.745889976260196
14,38,15.407000009281887
14,39,17.815769231648595
14,40,16.177582283400056
14,41,15.635392126443016
14,42,14.447269056777387
14,43,15.479971419443673
14,44,13.24178018519071
14,45,15.119629942383307
14,46,14.206573795868543
14,47,11.328145997063547
14,48,13.108139033245296
14,49,13.445346655457675
14,50,10.037101521550904
14,51,8.736878716824593
14,52,11.62541650906281
14,53,10.226053547618202
14,54,8.351992611326546
14,55,5.945164669852402
14,56,6.783883654402377
14,57,8.362669548230835
14,58,11.080264883182151
14,59,10.124974683513893
14,60,12.165382359592384
14,61,11.707576232257946
14,62,14.693008666018136
14,63,14.520348518738757
14,64,18.02836075135813
14,65,20.106408352442713
14,66,23.692123590161543
14,67,25.779131947634944
14,68,27.598159152595002
14,69,24.67148723585263
14,70,22.733538692310823
14,71,22.939087124178254
14,72,21.88166509574628
14,73,19.07681723386841
14,74,17.51264072932978
14,75,18.154737635255703
14,76,16.356782000331638
14,77,13.125925906064001
14,78,13.354977815162572
14,79,13.913724638379902
14,80,11.003848429645304
14,81,8.481159854443789
14,82,10.056167287747892
14,83,11.554537399565074
14,84,9.421594024694576
14,85,11.080927772580665
15,1,27.58528487781031
15,2,25.654553946307416
15,3,22.909690901944938
15,4,21.33972837434358
15,5,19.401253715605822
15,6,16.606285125559793
15,7,14.752589447287752
15,8,11.18899740754669
15,9,12.2397130708187
15,10,9.448694328009317
15,11,10.52773221664424
15,12,7.888057805648907
15,13,5.948545525237464
15,14,3.8074377922129097
15,16,3.821377764943283
15,17,5.607466236942533
15,18,5.818814287173916
15,19,5.802870168448218
15,20,8.380275618878228
15,21,10.07918038500337
15,22,10.451557327116973
15,23,12.047598976885414
15,24,14.063189463932959
15,25,15.329023487650248
15,26,16.203184797439
15,27,18.307991806201887
15,28,20.379235853891245
15,29,22.12373514749547
15,30,24.7560942519985
15,31,24.098317062283055
15,32,22.63471287262293
15,33,19.42017314016634
15,34,17.928212810717294
15,35,15.289598935596445
15,36,16.683715382977457
15,37,15.332760253898972
15,38,17.830991166813384
15,39,20.013554017877933
15,40,17.850442094475007
15,41,17.331853535100056
15,42,15.591420732422188
15,43,16.42201467205989
15,44,14.463034664793849
15,45,15.517542698221074
15,46,13.935191652966527
15,47,10.436376113144076
15,48,11.831470635179668
15,49,13.189407331960798
15,50,10.45145513752956
15,51,8.209436777353007
15,52,11.432802998794491
15,53,11.269548566979964
15,54,9.375786063764627
15,55,8.421732747653795
15,56,9.071932301694343
15,57,11.186757860919451
15,58,14.380249884204405
15,59,13.484266196340908
15,60,15.729047848563924
15,61,15.03849222909372
15,62,17.884340422760427
15,63,17.417294801536055
15,64,20.668235843243192
15,65,22.377357575235095
15,66,25.76985170249385
15,67,27.640679078141435
15,68,29.480049935952092
15,69,26.658304899084094
15,70,25.036519742043513
15,71,25.58665796973702
15,72,24.269423139320413
15,73,21.263514465375938
15,74,20.208907165105764
15,75,21.00745883754098
15,76,18.769820122764934
15,77,15.632431846681236
15,78,16.500756812263894
15,79,16.84233695357446
15,80,13.515459882513042
15,81,11.681945666800427
15,82,13.332203717232773
15,83,14.114830819446366
15,84,11.209911013301955
15,85,12.087676661354806
16,1,27.567294405362244
16,2,26.015875025476827
16,3,23.674226837920703
16,4,22.615579542911185
16,5,21.21500307296611
16,6,18.750077578054523
16,7,17.498183153820147
16,8,14.13909818752682
16,9,15.430664712575757
16,10,12.888776946708619
16,11,14.178426202009632
16,12,11.644801333590689
16,13,9.691449726588543
16,14,6.886499524884993
16,15,3.821377764943283
16,17,3.814841950621498
16,18,5.711416272312638
16,19,4.878825639890863
16,20,5.727518822476139
16,21,8.444727214560523
16,22,9.5231520306567
16,23,10.156641884611995
16,24,11.797196950326999
16,25,13.892475068729789
16,26,14.856863657196238
16,27,16.256545139390763
16,28,18.579766034192073
16,29,20.662036191601995
16,30,23.120274525972807
16,31,22.91450294555529
16,32,21.476591957790944
16,33,18.681143196049284
16,34,17.62612095462207
16,35,15.670841417818835
16,36,17.606304835619245
16,37,16.927105554018677
16,38,19.68054400934414
16,39,21.286082807883776
16,40,18.599523689053488
16,41,17.575595181666177
16,42,15.111637915416138
16,43,15.296448662564249
16,44,13.461876159903294
16,45,13.59292437997244
16,46,11.705055652041313
16,47,7.979055696520742
16,48,9.540701530290919
16,49,11.779732541546775
16,50,9.696591872065781
16,51,7.689737120591484
16,52,11.293520830591648
16,53,12.15040314500144
16,54,11.247088399710155
16,55,10.92877862739296
16,56,12.38669826112431
16,57,14.809047100819994
16,58,17.82414994094783
16,59,16.489349117777437
16,60,18.276467352549204
16,61,16.8973725736002
16,62,19.220993253366004
16,63,18.129372151611282
16,64,20.953485600660542
16,65,22.084846200507055
16,66,25.189800490142574
16,67,26.72172145099789
16,68,28.526505347559077
16,69,25.881962864204247
16,70,24.64892507187763
16,71,25.636129165206317
16,72,24.0922112149065
16,73,20.86824003660741
16,74,20.449023542318486
16,75,21.54673183156305
16,76,18.92328712470525
16,77,15.903800464400355
16,78,17.59705573337118
16,79,17.984250782405134
16,80,14.36328580033462
16,81,13.2675034807669
16,82,15.495408125452519
16,83,15.809245194147769
16,84,12.593427259560691
16,85,13.582572849749443
17,1,28.336013296297626
17,2,26.531703764478884
17,3,24.39886480313529
17,4,23.115164711113184
17,5,21.9347884610274
17,6,19.175061332258895
17,7,18.061539827483195
17,8,14.606429810981258
17,9,15.163702489542114
17,10,12.59539099207701
17,11,14.02328447090736
17,12,12.328217051710189
17,13,10.906600446628822
17,14,7.9761392955654635
17,15,5.607466236942533
17,16,3.814841950621498
17,18,3.826127242067035
17,19,5.513071266944266
17,20,5.316577805490158
17,21,6.523554639632365
17,22,8.868418516477462
17,23,10.302105288640647
17,24,10.820711964227991
17,25,12.666771704864729
17,26,14.56937236102728
17,27,15.958686560225296
17,28,17.60906723109804
17,29,20.147993953683535
17,30,23.01365724801227
17,31,23.221343315697855
17,32,22.389325239234296
17,33,19.624880361739507
17,34,19.17750908022709
17,35,17.402361239084424
17,36,19.746494372425843
17,37,19.296335249571364
17,38,22.30290710382962
17,39,24.01032921814483
17,40,21.530332558083053
17,41,20.16804621615001
17,42,17.614581398017428
17,43,17.230417525154078
17,44,14.74036159633352
17,45,14.598439652869228
17,46,13.521716202904917
17,47,10.162815228519113
17,48,12.531338041963304
17,49,14.771511280513035
17,50,12.409857175578585
17,51,11.126658598598379
17,52,14.858806317415741
17,53,15.323636649652752
17,54,14.35717022970209
17,55,13.23818709979177
17,56,14.404865779678582
17,57,16.060061498995033
17,58,18.89247762576595
17,59,18.03225107028718
17,60,19.625970597838684
17,61,18.37489093076325
17,62,20.51528158343381
17,63,19.043827743046975
17,64,21.925098956761083
17,65,22.774067323186767
17,66,25.926660301891364
17,67,27.065549103803416
17,68,28.392130914439587
17,69,25.461661360848332
17,70,24.627270168611833
17,71,25.280797080896683
17,72,23.24710025980797
17,73,20.35036766128931
17,74,20.2646898942865
17,75,20.783620991406018
17,76,17.765429872708925
17,77,15.303128666885117
17,78,17.113911432908864
17,79,16.716619427439582
17,80,12.954746901108958
17,81,12.733482819790346
17,82,14.515129071158594
17,83,13.93140206234702
17,84,10.333708379254055
17,85,10.816799416656693
18,1,25.39690199572771
18,2,23.306408188805545
18,3,21.104071183157757
18,4,19.59525113673086
18,5,18.460135112744354
18,6,15.626652328380684
18,7,14.762649230009728
18,8,11.497381271473511
18,9,12.146329963504913
18,10,10.23716825194701
18,11,12.551651377124953
18,12,11.505906663798736
18,13,9.472488483888823
18,14,6.098090093311549
18,15,5.818814287173916
18,16,5.711416272312638
18,17,3.826127242067035
18,19,3.829741874629995
18,20,5.322121452382418
18,21,4.889775536146626
18,22,6.194595508449947
18,23,8.806640984856921
18,24,9.705538252966548
18,25,10.462581963005888
18,26,12.316117587233109
18,27,14.465767665194122
18,28,15.775347147581591
18,29,17.95780769110076
18,30,21.051777138981816
18,31,20.93775254677117
18,32,20.31463638468369
18,33,17.2513002301331
18,34,16.865550725696025
18,35,14.913282478986773
18,36,17.370599352107316
18,37,17.074705830645218
18,38,20.309855926356178
18,39,22.08293026226012
18,40,19.977703632278498
18,41,18.417875597532618
18,42,16.172154681404905
18,43,15.76123197410928
18,44,12.787844173528484
18,45,13.352682620790855
18,46,13.064660458905827
18,47,10.241685935650931
18,48,13.181175655484765
18,49,14.522434271362078
18,50,11.457039685669894
18,51,11.007273791914697
18,52,14.709143168969241
18,53,14.286604963091587
18,54,13.483514164818503
18,55,11.466624185838029
18,56,12.878607189203066
18,57,14.059693894289582
18,58,16.368227238701326
18,59,15.479526874317871
18,60,16.65355796821432
18,61,15.406313202266782
18,62,17.41270874392012
18,63,15.89419722701627
18,64,18.950779970728668
18,65,19.974391191902725
18,66,23.325580973326883
18,67,24.57018790280487
18,68,25.802689399749305
18,69,22.684669663451864
18,70,21.650267519014722
18,71,21.97610633703575
18,72,20.01606285154039
18,73,17.277693967837703
18,74,16.887290636043073
18,75,17.186870187163375
18,76,14.315929840432071
18,77,11.812384371073199
18,78,13.368566121467438
18,79,12.941147526245599
18,80,9.21173755624604
18,81,8.953547057027956
18,82,10.8371862890924
18,83,10.431883318933796
18,84,7.109769472265846
18,85,8.649279815399632
19,1,23.071879307985906
19,2,21.368459400569254
19,3,19.167262159107104
19,4,18.167899080242567
19,5,17.17535121407754
19,6,14.904533129672224
19,7,14.407710834718483
19,8,11.513648382759683
19,9,13.281491758762465
19,10,11.817495965156123
19,11,14.31833977529881
19,12,12.6091282909018
19,13,9.69975486652091
19,14,5.929694059517531
19,15,5.802870168448218
19,16,4.878825639890863
19,17,5.513071266944266
19,18,3.829741874629995
19,20,3.8130801858147674
19,21,5.345952012852342
19,22,4.903298997311929
19,23,6.312792032803358
19,24,8.521461355548452
19,25,9.730203395876531
19,26,10.46084193885654
19,27,12.53421337548811
19,28,14.622837541038974
19,29,16.369634582286995
19,30,19.026121078746158
19,31,18.610838351806116
19,32,17.460488842816424
19,33,14.437989537340126
19,34,13.725558332985022
19,35,11.90796978440152
19,36,14.43277811052437
19,37,14.442362030196673
19,38,17.769354820471836
19,39,19.124984904248063
19,40,16.69272702025641
19,41,14.973606970916734
19,42,12.496513855660657
19,43,12.166632763214778
19,44,9.538846027086993
19,45,10.226676189652297
19,46,9.519866343124397
19,47,6.70352362387175
19,48,9.679120408384849
19,49,10.728262056417902
19,50,7.684965182736377
19,51,7.656900298307826
19,52,11.358079446755891
19,53,11.169341666599337
19,54,11.137760668930097
19,55,9.653686887058951
19,56,12.021196603312262
19,57,14.0179346597406
19,58,16.209954544516364
19,59,14.479638683744405
19,60,15.37541615583829
19,61,13.49022699743081
19,62,15.293406205374042
19,63,13.722004034575447
19,64,16.53600617778969
19,65,17.571076988383123
19,66,20.806497172878125
19,67,22.305588628548833
19,68,23.99028725658744
19,69,21.212451589655704
19,70,19.904692021069298
19,71,20.77024050134207
19,72,19.258519774168334
19,73,16.051705579161844
19,74,15.589072827647778
19,75,16.725213872028245
19,76,14.167789045619248
19,77,11.057205649616028
19,78,12.971592456504318
19,79,13.618696387231815
19,80,10.075896774551188
19,81,9.163157565537817
19,82,12.037960837979222
19,83,12.56800205652055
19,84,9.936110502723679
19,85,12.17121715296482
20,1,24.161935949578744
20,2,22.80270111205498
20,3,21.128224904069125
20,4,20.55785865597801
20,5,20.100255009405192
20,6,18.055392039545854
20,7,17.936869789081445
20,8,15.14723722705477
20,9,16.669364276852672
20,10,15.103012275552043
20,11,17.437348974832293
20,12,15.753409720824296
20,13,13.215427732202206
20,14,9.520747992809968
20,15,8.380275618878228
20,16,5.727518822476139
20,17,5.316577805490158
20,18,5.322121452382418
20,19,3.8130801858147674
20,21,3.7986947680771084
20,22,5.295907737896481
20,23,5.234770063472936
20,24,6.08695325532677
20,25,8.559053823719797
20,26,9.86239321275817
20,27,10.859487182295013
20,28,12.993954273542181
20,29,15.388723643976693
20,30,17.973861064120573
20,31,18.297284601222835
20,32,17.442118529511227
20,33,15.031260543159
20,34,15.070174594103259
20,35,14.122006500132612
20,36,17.066371875029915
20,37,17.591017087271457
20,38,20.986043650371197
20,39,21.930759050481523
20,40,19.1685649199786
20,41,17.05399837608867
20,42,13.9798758492833
20,43,12.772304084897561
20,44,10.221701886007782
20,45,9.450089709356979
20,46,8.795307702646284
20,47,6.172561464914982
20,48,9.51571741301751
20,49,11.44756725489337
20,50,9.354923107047808
20,51,9.596487526247984
20,52,13.283609322155598
20,53,13.917353495014515
20,54,14.318631506154892
20,55,13.309464745562002
20,56,15.712916709456389
20,57,17.767809272460433
20,58,19.998471846395788
20,59,18.256204382555723
20,60,18.95054962820181
20,61,16.759228247575155
20,62,18.065179161123265
20,63,15.917879733520296
20,64,18.19375109712919
20,65,18.475444666131107
20,66,21.322761063424462
20,67,22.26378271770619
20,68,23.704216842190668
20,69,21.054534086233815
20,70,20.37476690896906
