1,2,3.802919968221089
1,3,7.055425820344639
1,4,10.36681240210766
1,5,13.352747610353608
1,6,13.210807791974059
1,7,16.05051522937597
1,8,18.335837525036574
1,9,19.540386347764052
1,10,21.903928387011455
1,11,19.308740065900096
1,12,20.68394109553867
1,13,19.675015001789298
1,14,20.242350188518284
1,15,23.465830367649897
1,16,23.45810124063367
1,17,24.864187077309293
1,18,24.278672922112783
1,19,21.983822952227204
1,20,22.43410721529311
1,21,21.59481915673164
1,22,18.31439429193178
1,23,17.59861122779348
1,24,18.284776225960595
1,25,16.487293797240678
1,26,13.084490354758392
1,27,14.015503948268137
1,28,15.03841099556552
1,29,11.818239268170167
1,30,10.215888273443898
1,31,8.652622301397175
1,32,9.84367268248135
1,33,12.648380188662491
1,34,14.207739957688675
1,35,17.45293147571681
1,36,19.88144646544044
1,37,20.848325708441816
1,38,23.111206445954803
1,39,20.52494291491866
1,40,22.11067388581187
1,41,22.404461950490727
1,42,21.885504219505698
1,43,24.1255810170384
1,44,22.808636109664143
1,45,19.80867613990486
1,46,17.14541878726217
1,47,14.313529568651271
1,48,11.105156927512288
1,49,8.74431558762654
1,50,5.2277111312698645
1,51,4.996997097076375
1,52,5.058271740308741
1,53,6.351277433762879
1,54,9.529418141763296
1,55,8.986084762633858
1,56,10.012472010857834
1,57,11.775549974215059
1,58,15.417437845462164
1,59,16.828582708983184
1,60,20.219881607856497
1,61,22.983916789325495
1,62,24.8165029568619
1,63,23.981701500826773
1,64,24.426208883556804
1,65,27.35222918492243
1,66,27.975279627658587
2,1,3.802919968221089
2,3,3.804114466208522
2,4,6.837747530613559
2,5,10.114688126838615
2,6,10.669033554573852
2,7,13.519872184683654
2,8,16.291012615154486
2,9,17.769745102288745
2,10,19.62071171339843
2,11,16.654011862945417
2,12,17.83407550804104
2,13,16.737757809542426
2,14,17.719264340326326
2,15,20.835650812309467
2,16,21.133539716607235
2,17,22.61278555473234
2,18,22.52705781867739
2,19,20.49654843255022
2,20,21.482673520472026
2,21,20.442710387157355
2,22,16.903638387142188
2,23,16.872403694326895
2,24,18.035851750932324
2,25,15.836075384680875
2,26,12.55095643476345
2,27,14.458775488946221
2,28,15.607235059972899
2,29,12.18064995122681
2,30,11.58150124158122
2,31,9.229586284504645
2,32,10.269323295631096
2,33,12.058151520437326
2,34,12.774385448763732
2,35,15.514208644488194
2,36,17.46327281435134
2,37,17.97611733695385
2,38,19.889503505226898
2,39,17.084716671390865
2,40,18.483973022084633
2,41,18.64783037373883
2,42,18.254389905281077
2,43,20.630824493058128
2,44,19.61060736446112
2,45,16.86132991651126
2,46,14.615886014829034
2,47,11.582203738760416
2,48,9.002700464835947
2,49,7.054390931775737
2,50,4.940293368992047
2,51,4.986499597702623
2,52,6.648673586574938
2,53,7.303580032239717
2,54,10.031610791320357
2,55,8.385040245836699
2,56,8.137913788599935
2,57,8.880209691690622
2,58,12.276866714061017
2,59,13.530928518854015
2,60,16.77115354657238
2,61,19.755164314770767
2,62,21.61825171231301
2,63,21.085941044303237
2,64,21.95701871066325
2,65,25.101926641105244
2,66,26.133271105623784
3,1,7.055425820344639
3,2,3.804114466208522
3,4,3.7921508929907155
3,5,7.2661565451245
3,6,8.733342516160134
3,7,12.02281332791976
3,8,15.310487360005796
3,9,17.48304418939074
3,10,18.87866646831883
3,11,15.758039127386981
3,12,16.164445777701832
3,13,14.415204443006273
3,14,15.255143472891309
3,15,18.003248401177697
3,16,18.122490592205832
3,17,19.32737429187195
3,18,19.42909647514876
3,19,17.428058014817026
3,20,18.878680599056043
3,21,17.9767156246165
3,22,14.258846279010495
3,23,14.574296475255803
3,24,16.347413350442157
3,25,14.214431844332235
3,26,10.991421549964603
3,27,13.534489932029906
3,28,15.175515883487677
3,29,12.077127505350882
3,30,12.023332773047871
3,31,8.881685914221833
3,32,9.24356677090353
3,33,9.872163362101396
3,34,9.969022312665313
3,35,12.205837791091524
3,36,13.999321522999763
3,37,14.265503016900745
3,38,16.236893395915676
3,39,13.500128144553212
3,40,15.122307942322886
3,41,15.682550356436273
3,42,15.314231086025194
3,43,17.345956250471517
3,44,16.24730639137895
3,45,13.679771475212476
3,46,11.481948602045742
3,47,8.114603858526154
3,48,6.050070805536943
3,49,4.390033177241319
3,50,4.737452759556632
3,51,5.88390512356455
3,52,9.002770027312948
3,53,10.283773439357695
3,54,12.152141622764056
3,55,9.429642444683818
3,56,8.847601496734054
3,57,8.026782552970994
3,58,10.99309001142111
3,59,12.631423408796447
3,60,15.612273270354585
3,61,18.86871677215452
3,62,20.372104123036532
3,63,19.9666016673718
3,64,21.39508353336892
3,65,24.54396525521398
3,66,25.77830706430019
4,1,10.36681240210766
4,2,6.837747530613559
4,3,3.7921508929907155
4,5,3.7956702742581507
4,6,6.303483220572281
4,7,9.237183264488976
4,8,12.861511493005198
4,9,15.29627435144232
4,10,16.10121290395709
4,11,12.814763239961612
4,12,12.823960209639605
4,13,10.978553304039147
4,14,12.2766527778871
4,15,14.924998708068722
4,16,15.54898760785572
4,17,17.066550308127475
4,18,17.820661852103488
4,19,16.453249749565337
4,20,18.263462316592367
4,21,16.901290110842854
4,22,13.212062449782103
4,23,14.50686392955269
4,24,16.373220338173766
4,25,13.776983745052846
4,26,11.279412551980558
4,27,14.543780127841513
4,28,15.832063428207205
4,29,12.802666390752591
4,30,13.79875274109005
4,31,10.846647674805912
4,32,11.562757593834391
4,33,11.080493752882274
4,34,9.80213268593644
4,35,11.135011736336647
4,36,11.928470698328836
4,37,11.822596705932474
4,38,13.259092887328089
4,39,10.453782660662089
4,40,12.179201125644463
4,41,12.314230220681614
4,42,11.613145735652784
4,43,13.800741429929431
4,44,12.889369150039881
4,45,10.49191745743259
4,46,9.03018379490595
4,47,5.98965425443739
4,48,5.698127356196893
4,49,6.331159077466843
4,50,8.028810875112283
4,51,8.182532356041605
4,52,11.15488064938026
4,53,11.937347572866294
4,54,12.973892584929857
4,55,9.73148048397629
4,56,8.155598759147066
4,57,5.77148872952261
4,58,7.873474875571575
4,59,9.714442308877299
4,60,12.512073064105389
4,61,15.780582763215056
4,62,16.988752871359644
4,63,16.69072978144274
4,64,18.50182066967002
4,65,21.68938929776742
4,66,23.209976340569366
5,1,13.352747610353608
5,2,10.114688126838615
5,3,7.2661565451245
5,4,3.7956702742581507
5,6,3.801762951484016
5,7,6.326732074012364
5,8,10.103409283835477
5,9,13.046114765687056
5,10,13.454649383166455
5,11,10.416457575670174
5,12,9.61076669240693
5,13,7.292928143401495
5,14,8.564798235249476
5,15,11.215047208968521
5,16,12.196127844282804
5,17,14.148324490422072
5,18,15.345804689753695
5,19,14.69536607383247
5,20,16.541616904907016
5,21,14.65786393500489
5,22,11.22851009371272
5,23,13.411677956340304
5,24,15.113847990982109
5,25,12.179999480619253
5,26,10.647021233007672
5,27,14.338748429809202
5,28,15.207935902569849
5,29,12.540776954875147
5,30,14.469093280802397
5,31,11.906563721523929
5,32,13.010670926324103
5,33,11.673343998062085
5,34,9.224652602573652
5,35,9.78353594204632
5,36,9.575708201910222
5,37,9.728431437489307
5,38,10.922261241852707
5,39,8.759959035255951
5,40,11.17673981019571
5,41,10.926470324218752
5,42,9.174708905046536
5,43,11.081989527917214
5,44,9.730790057153637
5,45,7.011927204702735
5,46,6.0860617489501925
5,47,4.422627265712036
5,48,5.8502656122079975
5,49,8.382815671761113
5,50,10.645155486040753
5,51,10.082916870852769
5,52,12.908769722006598
5,53,13.72897172975934
5,54,13.741470179455181
5,55,10.132182615275289
5,56,8.510984329331121
5,57,5.222272534892098
5,58,6.094873508344392
5,59,8.891917609968662
5,60,11.53781787230659
5,61,14.405727771186944
5,62,14.811681919109423
5,63,14.131986553758066
5,64,16.15852883397709
5,65,19.089348975495735
5,66,20.58438151588239
6,1,13.210807791974059
6,2,10.669033554573852
6,3,8.733342516160134
6,4,6.303483220572281
6,5,3.801762951484016
6,7,3.802605997311929
6,8,7.09993089266257
6,9,10.17140496531739
6,10,11.360067086324293
6,11,9.021267362837829
6,12,8.528726532874229
6,13,6.7128600771895215
6,14,7.168838483946758
6,15,10.626801584211272
6,16,11.639003594490477
6,17,14.206145863262565
6,18,14.999715441223564
6,19,14.633396559803364
6,20,15.65469031445821
6,21,13.181420605297154
6,22,10.15648996947125
6,23,12.379887913481548
6,24,13.157581979939879
6,25,9.724878673907945
6,26,8.802166041263643
6,27,12.40224311548065
6,28,12.445476256359367
6,29,9.741488474307637
6,30,12.351476071082121
6,31,10.6428769131351
6,32,12.716540165522293
6,33,11.679596943822238
6,34,9.195785927975116
6,35,10.465385830795258
6,36,10.465124923908917
6,37,11.791840445427601
6,38,13.312851918411818
6,39,11.91106715359087
6,40,14.637280084096387
6,41,14.076764306170734
6,42,11.641218049621532
6,43,13.324440179420515
6,44,11.333521755307213
6,45,7.880981951585486
6,46,6.3003703843118055
6,47,6.195252667528052
6,48,6.2823694405903145
6,49,9.352932461243302
6,50,10.879800863931221
6,51,9.123463802302009
6,52,11.331974831848397
6,53,12.242876759418657
6,54,11.315976173061614
6,55,7.620531031459118
6,56,6.771803727814251
6,57,4.5117024768476846
6,58,6.130477475455923
6,59,9.777287633759533
6,60,12.956703925231515
6,61,15.115835698268247
6,62,15.092783229102512
6,63,13.477046407649299
6,64,14.750187176131405
6,65,17.27857408970304
6,66,18.173557497790934
7,1,16.05051522937597
7,2,13.519872184683654
7,3,12.02281332791976
7,4,9.237183264488976
7,5,6.326732074012364
7,6,3.802605997311929
7,8,3.803701752367587
7,9,6.932280934754639
7,10,7.603906631249545
7,11,5.569222724999165
7,12,5.119651577546236
7,13,4.707158961549139
7,14,6.138572248856015
7,15,9.803688856639921
7,16,11.889516880945719
7,17,15.11077977525187
7,18,16.459138856591455
7,19,16.891139543329682
7,20,17.77508692646628
7,21,14.765814634204128
7,22,12.397646525204788
7,23,15.122702929569554
7,24,15.400972511955588
7,25,11.720457324804304
7,26,11.770041029567727
7,27,15.200806488341733
7,28,14.481464278288865
7,29,11.954429379827058
7,30,15.057384680487134
7,31,13.971659025088263
7,32,16.36648185335863
7,33,15.309189779324436
7,34,12.578181748828705
7,35,13.33304893908
7,36,12.457414833817662
7,37,13.592198679367806
7,38,14.30386488641007
7,39,13.20201861045652
7,40,15.645102126793564
7,41,14.240546902721418
7,42,11.239379984423147
7,43,13.140491967378754
7,44,11.481922811507065
7,45,8.447300340840963
7,46,8.316406456260184
7,47,9.317656099881752
7,48,10.049059897520781
7,49,13.128833665094543
7,50,14.42623925809436
7,51,12.21857120640873
7,52,13.658902017994787
7,53,13.789375738260636
7,54,12.167533266591478
7,55,9.030106051992654
7,56,7.487918855569851
7,57,5.303131008089154
7,58,4.839800346969872
7,59,8.546615849722496
7,60,11.46714717556573
7,61,12.789643505789416
7,62,12.1918829475683
7,63,10.036525358916148
7,64,11.112066053246025
7,65,13.503480539492333
7,66,14.493910285396506
8,1,18.335837525036574
8,2,16.291012615154486
8,3,15.310487360005796
8,4,12.861511493005198
8,5,10.103409283835477
8,6,7.09993089266257
8,7,3.803701752367587
8,9,3.8037970566230195
8,10,5.216218918925768
8,11,5.334216924472324
8,12,5.44749703952103
8,13,6.649296744797855
8,14,7.289555448176606
8,15,10.752011086732486
8,16,13.055881900396743
8,17,16.64409623976428
8,18,17.87987051378171
8,19,18.780722491194542
8,20,19.07255545840485
8,21,15.648071074578406
8,22,14.055829272507053
8,23,16.78064141230436
8,24,16.252176199122914
8,25,12.49951221756038
8,26,13.403615412623479
8,27,16.375658350150808
8,28,14.792470784860786
8,29,12.645874955826187
8,30,16.13700155964591
8,31,15.899288970803775
8,32,18.746777230923417
8,33,17.85132171256747
8,34,15.172518370231096
8,35,16.022104141774765
8,36,15.035066866119296
8,37,16.583261497244845
8,38,17.206582670481723
8,39,16.568133087176964
8,40,19.027740424709016
8,41,17.348054311291293
8,42,14.065414308362694
8,43,15.730305304622192
8,44,13.959385215753898
8,45,11.072145212200398
8,46,11.073323060514726
8,47,12.713237105913839
8,48,13.141901368482946
8,49,16.25797324651476
8,50,17.162295411235778
8,51,14.420722689039417
8,52,15.103723726398025
8,53,14.967937489846094
8,54,12.485642462667544
8,55,10.08550605930334
8,56,9.131333350825773
8,57,8.232419377688602
8,58,7.607791116860412
8,59,10.77168897536519
8,60,13.45979018741344
8,61,13.7886446563086
8,62,12.588593160994067
8,63,9.500379886955095
8,64,9.43423234576673
8,65,10.998544184089026
8,66,11.255585287116622
9,1,19.540386347764052
9,2,17.769745102288745
9,3,17.48304418939074
9,4,15.29627435144232
9,5,13.046114765687056
9,6,10.17140496531739
9,7,6.932280934754639
9,8,3.8037970566230195
9,10,3.8039452190518612
9,11,5.410338039466117
9,12,7.349195086420482
9,13,9.832327249668316
9,14,10.956860534682631
9,15,14.20276786204836
9,16,16.71000856567571
9,17,20.361503186047337
9,18,21.58878404455639
9,19,22.49838967611993
9,20,22.589807969267447
9,21,19.110845919865174
9,22,17.653465676429853
9,23,20.150184251973332
9,24,19.276033798665505
9,25,15.527468986424287
9,26,16.34368392562859
9,27,18.97601578920113
9,28,16.933407948806074
9,29,14.616572406701827
9,30,17.960624096163162
9,31,18.2031073888547
9,32,21.364299894112182
9,33,20.944349737857838
9,34,18.573152352476523
9,35,19.69718341815862
9,36,18.8168762528881
9,37,20.231196754121097
9,38,20.631669275038195
9,39,19.749932793063792
9,40,21.841531764519438
9,41,19.736448638529886
9,42,16.615453626859523
9,43,18.66978215133344
9,44,17.327839374366455
9,45,14.686877513817153
9,46,14.805380867014444
9,47,16.134024344707548
9,48,16.231137863481
9,49,18.980936939660374
9,50,19.31201697536061
9,51,16.18756587107002
9,52,16.035714398095465
9,53,15.10832697292077
9,54,12.29986315914858
9,55,10.967170244321494
9,56,9.80499015502614
9,57,9.883910311035345
9,58,9.130477694057658
9,59,11.377260911879448
9,60,13.930698651621713
9,61,13.453087201049058
9,62,12.405915989745916
9,63,9.025588900950291
9,64,7.482335427116206
9,65,8.731391493087742
9,66,8.600068299224054
10,1,21.903928387011455
10,2,19.62071171339843
10,3,18.87866646831883
10,4,16.10121290395709
10,5,13.454649383166455
10,6,11.360067086324293
10,7,7.603906631249545
10,8,5.216218918925768
10,9,3.8039452190518612
10,11,3.804421032820715
10,12,5.273274627581794
10,13,8.734241326155413
10,14,10.648728085699284
10,15,13.290928884573107
10,16,16.426861051008157
10,17,20.12347554350233
10,18,21.973576169402822
10,19,23.278152946287683
10,20,23.826877999327934
10,21,20.33173759369511
10,22,18.885426841030846
10,23,21.83798437329025
10,24,21.392077165685947
10,25,17.67088321689924
10,26,18.56916455028677
10,27,21.568625824721526
10,28,19.871346009895497
10,29,17.620095834545715
10,30,20.998443029458706
10,31,20.761835102880003
10,32,23.59374005542786
10,33,22.751858472133012
10,34,19.989405987279877
10,35,20.471652266346418
10,36,18.935140016390598
10,37,19.802795889812877
10,38,19.506246137838904
10,39,18.751220311092972
10,40,20.48258241109346
10,41,17.95144797147021
10,42,14.744102725528352
10,43,16.799165905905348
10,44,16.004391088804784
10,45,14.083430315567547
10,46,15.172605652288217
10,47,16.73608533920828
10,48,17.635154500398453
10,49,20.570343289969106
10,50,21.391966389558938
10,51,18.645161761775043
10,52,18.948155277458337
10,53,17.926579172872216
10,54,15.537111519425544
10,55,13.87648851334404
10,56,11.973681845894736
10,57,10.98429865421288
10,58,8.863615882897209
10,59,10.447787233296983
10,60,12.066749233397527
10,61,10.96213940563275
10,62,9.16995921733946
10,63,5.511138197072321
10,64,4.349870937592884
10,65,5.957434263063113
10,66,7.202078979274212
11,1,19.308740065900096
11,2,16.654011862945417
11,3,15.758039127386981
11,4,12.814763239961612
11,5,10.416457575670174
11,6,9.021267362837829
11,7,5.569222724999165
11,8,5.334216924472324
11,9,5.410338039466117
11,10,3.804421032820715
11,12,3.8040293791687523
11,13,7.0053719606624805
11,14,9.856438110669682
11,15,12.775314063381968
11,16,15.829151888583619
11,17,19.271153335368673
11,18,21.199671897420355
11,19,22.06573218862512
11,20,23.060239470033675
11,21,19.87563131085797
11,22,17.792231612102356
11,23,20.66244920811001
11,24,20.77755551893384
11,25,17.039235137473163
11,26,17.227742614896908
11,27,20.513231868132888
11,28,19.387911299776295
11,29,16.698413749866162
11,30,19.75419211840312
11,31,18.94326640872513
11,32,21.489443791327012
11,33,20.69978512114085
11,34,18.043754717538757
11,35,18.550170078045372
11,36,17.162348699344506
11,37,17.58296439473825
11,38,17.23976238323298
11,39,15.908285561783593
11,40,17.389935607631703
11,41,14.849763889565784
11,42,11.96551426962743
11,43,14.555615123154272
11,44,14.104236541623225
11,45,12.20015022509596
11,46,13.286942253991603
11,47,14.179061140103142
11,48,15.185666554820799
11,49,17.86167704808693
11,50,18.77940057316765
11,51,16.36903367650411
11,52,17.040166661780173
11,53,15.967371640556369
11,54,14.259645109667243
11,55,12.192785244181072
11,56,9.56901912715089
11,57,7.8592607701325115
11,58,5.196677258186924
11,59,6.726315504437527
11,60,8.73074599661814
11,61,8.513384125846619
11,62,7.640613419328081
11,63,5.062865238499865
11,64,5.815273091597692
11,65,8.883432334130886
11,66,10.822603835321456
12,1,20.68394109553867
12,2,17.83407550804104
12,3,16.164445777701832
12,4,12.823960209639605
12,5,9.61076669240693
12,6,8.528726532874229
12,7,5.119651577546236
12,8,5.44749703952103
12,9,7.349195086420482
12,10,5.273274627581794
12,11,3.8040293791687523
12,13,3.827580808167161
12,14,6.818827505264769
12,15,9.211869382921204
12,16,12.530936830992692
12,17,15.980011183185526
12,18,18.249875533041266
12,19,19.519269054246884
12,20,20.744424140196234
12,21,17.560576687102383
12,22,15.71380827985301
12,23,18.9863099679248
12,24,19.373366078971923
12,25,15.820900589101782
12,26,16.435228576944695
12,27,19.92017374175724
12,28,19.08987844766574
12,29,16.883242370687352
12,30,20.1253288644156
12,31,19.018366420531585
12,32,21.19765133890935
12,33,19.753431675570358
12,34,16.627295147439337
12,35,16.44334876721954
12,36,14.469668423894948
12,37,14.84016734606868
12,38,14.277891088775437
12,39,13.590661154608803
12,40,15.428847524709042
12,41,13.122660552017877
12,42,9.691094933221306
12,43,11.582117339613754
12,44,10.830711873986543
12,45,9.216687881017862
12,46,10.992330271907191
12,47,12.632783793504151
12,48,14.405017697234925
12,49,17.55749462310697
12,50,19.182673276868627
12,51,17.190140481733227
12,52,18.53804712623027
12,53,18.163127050186567
12,54,16.4748522930747
12,55,13.772989066060148
12,56,11.592055022275293
12,57,9.070242209235218
12,58,6.233008614165573
12,59,8.42519175742374
12,60,9.792078008143898
12,61,9.969752239598115
12,62,8.113392958245447
12,63,5.717091237325647
12,64,7.772212828774597
12,65,10.065506037599224
12,66,11.940211151770388
13,1,19.675015001789298
13,2,16.737757809542426
13,3,14.415204443006273
13,4,10.978553304039147
13,5,7.292928143401495
13,6,6.7128600771895215
13,7,4.707158961549139
13,8,6.649296744797855
13,9,9.832327249668316
13,10,8.734241326155413
13,11,7.0053719606624805
13,12,3.827580808167161
13,14,3.802583729849795
13,15,6.240439490177248
13,16,9.207973754845892
13,17,12.43917079449111
13,18,14.730130869929564
13,19,15.892015843674224
13,20,17.420819064400344
13,21,14.488439490502431
13,22,12.44421272618003
13,23,15.8538800790582
13,24,16.7168556388322
13,25,13.43173709126678
13,26,13.976290358294436
13,27,17.625243869043913
13,28,17.364910000470285
13,29,15.447483421644034
13,30,18.55504381162164
13,31,17.00793488655162
13,32,18.71947575841028
13,33,16.801742610952008
13,34,13.430869658306856
13,35,12.816775164738651
13,36,10.65936801123975
13,37,11.112513393638315
13,38,10.907064707186295
13,39,10.553688262029935
13,40,13.028658765874983
13,41,11.515359246904437
13,42,7.928956012188307
13,43,9.102840412893375
13,44,7.511019216534039
13,45,5.4118553624651895
13,46,7.3701219793336925
13,47,9.386329350137911
13,48,11.684500860576362
13,49,15.087269392969688
13,50,17.285011596026983
13,51,15.824950232218383
13,52,17.86301124959873
13,53,18.217001944792976
13,54,16.83704423143671
13,55,13.551457853945273
13,56,11.844241332491007
13,57,8.806562446011185
13,58,6.771467710136248
13,59,9.668057061673359
13,60,11.227095415384927
13,61,12.442603749862409
13,62,10.939837061021276
13,63,9.291674086687994
13,64,11.59945040426157
13,65,13.731686631533027
13,66,15.275022412482556
14,1,20.242350188518284
14,2,17.719264340326326
14,3,15.255143472891309
14,4,12.2766527778871
14,5,8.564798235249476
14,6,7.168838483946758
14,7,6.138572248856015
14,8,7.289555448176606
14,9,10.956860534682631
14,10,10.648728085699284
14,11,9.856438110669682
14,12,6.818827505264769
14,13,3.802583729849795
14,15,3.8038492068574987
14,16,6.028681036207876
14,17,9.58059405261459
14,18,11.498640255869827
14,19,12.989883955750958
14,20,14.124035612417423
14,21,10.971016120649857
14,22,9.48339440222426
14,23,13.09522610445878
14,24,13.708663264764926
14,25,10.669446913581933
14,26,11.991380684148078
14,27,15.425856012504035
14,28,15.123583201868726
14,29,13.94911720608082
14,30,17.222295634509827
14,31,15.924413925767123
14,32,17.567739163401033
14,33,15.278994884826425
14,34,11.698469927278962
14,35,10.899762367883625
14,36,8.728531828675068
14,37,10.331187228577688
14,38,11.011021415393424
14,39,11.618733230102372
14,40,14.78405094036807
14,41,14.07546038911329
14,42,10.552226413805991
14,43,10.562759815208763
14,44,7.698124449350666
14,45,4.8157847476774736
14,46,5.802459301697567
14,47,9.011282394322246
14,48,11.110894725958994
14,49,14.857841880905307
14,50,17.236782079741154
14,51,15.816205606002097
14,52,18.00583375744535
14,53,19.0303089936139
14,54,17.34198535593231
14,55,13.923922783842466
14,56,13.231425419883744
14,57,10.727489553250983
14,58,9.79632780620309
14,59,13.129083197319726
14,60,14.97996847947018
14,61,16.193690945135174
14,62,14.496239738041442
14,63,12.417596067753951
14,64,14.190762585068278
14,65,15.65800972124726
14,66,16.43452727619973
15,1,23.465830367649897
15,2,20.835650812309467
15,3,18.003248401177697
15,4,14.924998708068722
15,5,11.215047208968521
15,6,10.626801584211272
15,7,9.803688856639921
15,8,10.752011086732486
15,9,14.20276786204836
15,10,13.290928884573107
15,11,12.775314063381968
15,12,9.211869382921204
15,13,6.240439490177248
15,14,3.8038492068574987
15,16,3.8040259551841165
15,17,7.217101553016604
15,18,10.018340322278396
15,19,12.365841646260558
15,20,13.884982509877608
15,21,11.041597585203284
15,22,10.303859888518454
15,23,14.107550950978089
15,24,15.063812369266548
15,25,12.710859264588391
15,26,14.367684052090146
15,27,17.637053042776817
15,28,17.64815027719309
15,29,17.011572443951927
15,30,20.162332090932182
15,31,18.688104946648515
15,32,19.83022161844221
15,33,17.01780630954227
15,34,13.24552878970802
15,35,11.38885818612586
15,36,8.281390293047892
15,37,9.519010737478384
15,38,9.633524104822316
15,39,11.422268256588731
15,40,14.585908249207023
15,41,14.198829301743148
15,42,10.716301579822197
15,43,9.419763713674826
15,44,6.256824799539316
15,45,5.057712815988824
15,46,7.205318486765338
15,47,10.758735914841944
15,48,13.488876835447423
15,49,17.200346630789472
15,50,20.017773172460842
15,51,19.04033910767263
15,52,21.501241255104166
15,53,22.702546699175656
15,54,21.10556108683989
15,55,17.633403527037505
15,56,16.923728165458375
15,57,14.171474132632571
15,58,12.8623589000897
15,59,15.794605677065961
15,60,16.973554593169307
15,61,18.074730760805103
15,62,15.941161797558387
15,63,14.220110096904698
15,64,16.390905093056254
15,65,17.489946646626628
15,66,18.374803414670417
16,1,23.45810124063367
16,2,21.133539716607235
16,3,18.122490592205832
16,4,15.54898760785572
16,5,12.196127844282804
16,6,11.639003594490477
16,7,11.889516880945719
16,8,13.055881900396743
16,9,16.71000856567571
16,10,16.426861051008157
16,11,15.829151888583619
16,12,12.530936830992692
16,13,9.207973754845892
16,14,6.028681036207876
16,15,3.8040259551841165
16,17,3.791950439699175
16,18,6.227156322996312
16,19,8.852156699798407
16,20,10.365844058404605
16,21,7.893742128792297
16,22,7.688105952968773
16,23,11.36780489321869
16,24,12.586057726381105
16,25,11.039085624855954
16,26,12.895151136510023
16,27,15.801288854460038
16,28,16.271089436050683
16,29,16.289625454708833
16,30,19.134799924853027
16,31,17.59669942017868
16,32,18.275533191420873
16,33,15.095325054180345
16,34,11.38593692941687
16,35,9.102235676100126
16,36,6.173501308047223
16,37,8.453261670402823
16,38,9.73237835014509
16,39,12.031961966446982
16,40,15.590611238626645
16,41,16.08358905951092
16,42,13.045504155827807
16,43,11.253514250426763
16,44,7.546376619049071
16,45,6.089351004260967
16,46,6.653884204876016
16,47,10.326312204956206
16,48,12.804530715541977
16,49,16.408697688747
16,50,19.43016648262982
16,51,18.85745191609022
16,52,21.595275635307512
16,53,23.38968758490601
16,54,21.92476188493187
16,55,18.349651560592257
16,56,18.28148903408347
16,57,15.77348304489966
16,58,15.243870171952812
16,59,18.42633429930761
16,60,19.915214728811563
16,61,21.402180490134008
16,62,19.536720386672958
16,63,17.828199513899644
16,64,19.847513833469236
16,65,20.923064555898815
16,66,21.46878305471964
17,1,24.864187077309293
17,2,22.61278555473234
17,3,19.32737429187195
17,4,17.066550308127475
17,5,14.148324490422072
17,6,14.206145863262565
17,7,15.11077977525187
17,8,16.64409623976428
17,9,20.361503186047337
17,10,20.12347554350233
17,11,19.271153335368673
17,12,15.980011183185526
17,13,12.43917079449111
17,14,9.58059405261459
17,15,7.217101553016604
17,16,3.791950439699175
17,18,3.796668053351875
17,19,6.7342878822365595
17,20,8.989219039623146
17,21,7.9021169996201195
17,22,8.050725312449508
17,23,11.095848824214482
17,24,13.002619031943727
17,25,12.472684304585638
17,26,14.007543258787972
17,27,16.551897268345698
17,28,17.70117028688197
17,29,18.110938242088494
17,30,20.463359222444254
17,31,18.61070093570413
17,32,18.545899951512247
17,33,14.978577519373717
17,34,11.533608653793051
17,35,8.436122873438384
17,36,5.598336690989356
17,37,7.678224809393592
17,38,9.393021900136464
17,39,12.296345788405313
17,40,15.822890256253666
17,41,17.115760715194735
17,42,14.667017381661607
17,43,12.232352234973867
17,44,8.664790551027034
17,45,8.135567969070651
17,46,8.270653670452315
17,47,11.28627855757903
17,48,13.82232378769104
17,49,17.01866913258327
17,50,20.347533945413545
17,51,20.415938299062116
17,52,23.48894755221687
17,53,25.638315915279932
17,54,24.509990397256804
17,55,20.849529611377726
17,56,20.949753295813693
17,57,18.374057100949933
17,58,18.08814821683399
17,59,21.131555136234667
17,60,22.480254205887366
17,61,24.2860661219492
17,62,22.58682083359988
17,63,21.219396969742995
17,64,23.45423815570231
17,65,24.629748763455243
17,66,25.24732466009638
18,1,24.278672922112783
18,2,22.52705781867739
18,3,19.42909647514876
18,4,17.820661852103488
18,5,15.345804689753695
18,6,14.999715441223564
18,7,16.459138856591455
18,8,17.87987051378171
18,9,21.58878404455639
18,10,21.973576169402822
18,11,21.199671897420355
18,12,18.249875533041266
18,13,14.730130869929564
18,14,11.498640255869827
18,15,10.018340322278396
18,16,6.227156322996312
18,17,3.796668053351875
18,19,3.8043871780163103
18,20,5.361586749711318
18,21,5.233582503552319
18,22,6.337519263505125
18,23,8.458760338669087
18,24,10.296773104253306
18,25,10.770971809506218
18,26,12.442684969065901
18,27,14.285155200361665
18,28,15.693530850344695
18,29,16.755272129724
18,30,18.746502271213437
18,31,17.13224340144008
18,32,16.82955172795053
18,33,13.246418296552518
18,34,10.30490534919442
18,35,7.680238092067557
18,36,6.58149507042402
18,37,9.60727840442595
18,38,12.249767552398664
18,39,14.710019207591976
18,40,18.373402069323316
18,41,19.9553345094543
18,42,17.643693192375498
18,43,15.545715617966646
18,44,11.897652013359625
18,45,10.564446718027423
18,46,9.301380695482823
18,47,11.900973015358707
18,48,13.535931550554897
18,49,16.432712113503168
18,50,19.550623620383018
18,51,19.748393539511476
18,52,22.778240147617204
18,53,25.3691398012005
18,54,24.246760158981743
18,55,20.71644642463231
18,56,21.474753802049936
18,57,19.396661375773228
18,58,19.80717688056561
18,59,23.115823429999153
18,60,24.91888615948827
18,61,26.880294847584576
18,62,25.389305253287258
18,63,23.76332368864965
18,64,25.65907839404158
18,65,26.790777441332523
18,66,27.021240563372533
19,1,21.983822952227204
19,2,20.49654843255022
19,3,17.428058014817026
19,4,16.453249749565337
19,5,14.69536607383247
19,6,14.633396559803364
19,7,16.891139543329682
19,8,18.780722491194542
19,9,22.49838967611993
19,10,23.278152946287683
19,11,22.06573218862512
19,12,19.519269054246884
19,13,15.892015843674224
19,14,12.989883955750958
19,15,12.365841646260558
19,16,8.852156699798407
19,17,6.7342878822365595
19,18,3.8043871780163103
19,20,3.804222445288888
19,21,5.557258393401317
19,22,5.282536762193783
19,23,5.946787413482426
19,24,8.799545531302462
19,25,9.919986029297899
19,26,10.603319098289663
19,27,12.119822083020303
19,28,14.324862724570771
19,29,15.355947245157711
19,30,16.671510202202285
19,31,14.719746421741622
19,32,13.79786721094605
19,33,10.121278414021939
19,34,7.7955730802645915
19,35,5.450176986279162
19,36,6.324389145325915
19,37,9.416984543105023
19,38,12.81509646529833
19,39,14.58753292412271
19,40,18.213564518256327
19,41,20.215699054492205
19,42,18.358708126958298
19,43,16.65940271630474
19,44,13.175358692562472
19,45,11.449133016553175
19,46,9.182821377684538
19,47,10.663187112719346
19,48,11.63030494227181
19,49,13.915724025826465
19,50,17.00823862651476
19,51,17.72946158676012
19,52,20.95282029121505
19,53,23.857093966263264
19,54,23.17653514739276
19,55,19.68665547813376
19,56,20.718354432543492
19,57,18.872459562459284
19,58,19.898677170481868
19,59,23.17964779777758
19,60,25.259793123452503
19,61,27.623592832907573
19,62,26.62513799851628
19,63,25.157941920032297
19,64,27.03406191435375
19,65,28.53471950217136
19,66,28.82676272995736
20,1,22.43410721529311
20,2,21.482673520472026
20,3,18.878680599056043
20,4,18.263462316592367
20,5,16.541616904907016
20,6,15.65469031445821
20,7,17.77508692646628
20,8,19.07255545840485
20,9,22.589807969267447
20,10,23.826877999327934
20,11,23.060239470033675
20,12,20.744424140196234
20,13,17.420819064400344
20,14,14.124035612417423
20,15,13.884982509877608
20,16,10.365844058404605
20,17,8.989219039623146
20,18,5.361586749711318
20,19,3.804222445288888
20,21,3.8028503685743913
20,22,5.502120842337262
20,23,4.889968205811707
20,24,6.306831439799595
20,25,8.500336840123083
20,26,9.982604685521155
20,27,10.50315780338924
20,28,12.310905816975144
20,29,14.201680578113283
20,30,15.495174028268321
20,31,14.349323571373365
20,32,13.84558374473053
20,33,10.655348391284338
20,34,8.947823377180056
20,35,8.064210799519815
20,36,9.377643512263713
20,37,12.866635010977692
20,38,16.217630204534224
20,39,17.871879110653587
20,40,21.58760645810014
20,41,23.30248937802369
20,42,21.135388877125678
20,43,19.671721682202246
20,44,16.010791714910194
20,45,13.782577758751556
20,46,11.152801403337278
20,47,12.84588639969407
20,48,12.953948652966995
20,49,15.195267530112538
20,50,17.698271222199846
20,51,17.970608052061568
20,52,20.761377725786886
20,53,23.867158934132387
20,54,22.82234796610428
20,55,19.636217322970193
20,56,21.273108623079967
20,57,20.008579625325037
20,58,21.36275901266274
20,59,24.89697241919658
20,60,27.30856007370447
20,61,29.45570569188034
20,62,28.352817385375445
20,63,26.447083777318355
20,64,27.860399753533635
20,65,29.04502172969877
20,66,28.842223084226067
21,1,21.59481915673164
21,2,20.442710387157355
21,3,17.9767156246165
21,4,16.901290110842854
21,5,14.65786393500489
21,6,13.181420605297154
21,7,14.765814634204128
21,8,15.648071074578406
21,9,19.110845919865174
21,10,20.33173759369511
21,11,19.87563131085797
21,12,17.560576687102383
21,13,14.488439490502431
21,14,10.971016120649857
21,15,11.041597585203284
21,16,7.893742128792297
21,17,7.9021169996201195
21,18,5.233582503552319
21,19,5.557258393401317
21,20,3.8028503685743913
21,22,3.8035094868612
21,23,5.335157308153866
21,24,5.526058578273405
21,25,6.169997310296596
21,26,8.717110999115434
21,27,9.98413001424401
21,28,10.796144534716982
21,29,12.399108062720908
21,30,14.5411112287709
21,31,13.73526577873753
21,32,14.194791081454984
21,33,11.243829772125453
21,34,8.725312176635457
21,35,8.131506860669761
21,36,8.599418646960347
21,37,12.369731351507504
21,38,15.371119049342896
21,39,16.945148889062565
21,40,20.747592824347098
21,41,21.877842758430397
21,42,19.255358767693718
21,43,18.05718171138109
21,44,14.28969416919142
21,45,11.658832454901162
21,46,9.203043912429504
21,47,11.666863329132937
21,48,11.95918559670981
21,49,14.88283443487817
21,50,17.255409963457957
21,51,16.795808935859323
21,52,19.317968018906697
21,53,22.083476370839577
21,54,20.593084886591498
21,55,17.392128638841125
21,56,18.899447377381865
21,57,17.65366693250498
21,58,18.762907399556997
21,59,22.42118207939544
21,60,24.878960820870272
21,61,26.70630269900462
21,62,25.39388881348686
21,63,23.218920466965688
21,64,24.42830976326286
21,65,25.429600782898166
21,66,25.106079002657218
22,1,18.31439429193178
22,2,16.903638387142188
22,3,14.258846279010495
22,4,13.212062449782103
22,5,11.22851009371272
22,6,10.15648996947125
22,7,12.397646525204788
22,8,14.055829272507053
22,9,17.653465676429853
22,10,18.885426841030846
22,11,17.792231612102356
22,12,15.71380827985301
22,13,12.44421272618003
22,14,9.48339440222426
22,15,10.303859888518454
22,16,7.688105952968773
22,17,8.050725312449508
22,18,6.337519263505125
22,19,5.282536762193783
22,20,5.502120842337262
22,21,3.8035094868612
22,23,3.803694010520797
22,24,5.697429793765248
22,25,5.059326136341401
22,26,6.143940336289214
22,27,8.517241472741855
22,28,9.998931957783658
22,29,10.545783175904182
22,30,12.541066961390646
22,31,10.973518110230728
22,32,11.314445240451173
22,33,8.204094972106395
22,34,5.1331508996358615
22,35,4.9166017765998244
22,36,6.156708498913175
22,37,9.886751963239991
22,38,13.163744044481842
22,39,14.071203381756341
22,40,17.828537522288674
22,41,19.026363311183612
22,42,16.6693736856967
22,43,15.913426511335192
22,44,12.33062193770847
22,45,9.32250394895428
22,46,6.136257478394811
22,47,8.001905386196942
22,48,8.215227744156106
22,49,11.224252621661696
22,50,13.834483401182233
22,51,13.622616299152067
22,52,16.50808823308613
22,53,19.2335533418228
22,54,18.178228390891682
22,55,14.733941162267378
22,56,15.978675014507298
22,57,14.53601711693703
22,58,15.891938055860651
22,59,19.45708898688831
22,60,22.011507753509196
22,61,24.176914942458858
22,62,23.28862051087929
22,63,21.426961332656866
22,64,22.854483318060495
22,65,24.37927174405657
22,66,24.467123844149352
23,1,17.59861122779348
23,2,16.872403694326895
23,3,14.574296475255803
23,4,14.50686392955269
23,5,13.411677956340304
23,6,12.379887913481548
23,7,15.122702929569554
23,8,16.78064141230436
23,9,20.150184251973332
23,10,21.83798437329025
23,11,20.66244920811001
23,12,18.9863099679248
23,13,15.8538800790582
23,14,13.09522610445878
23,15,14.107550950978089
23,16,11.36780489321869
23,17,11.095848824214482
23,18,8.458760338669087
23,19,5.946787413482426
23,20,4.889968205811707
23,21,5.335157308153866
23,22,3.803694010520797
23,24,3.791128300773175
23,25,5.396110090717745
23,26,5.402347913760101
23,27,6.181512695585822
23,28,8.69865396135403
23,29,9.959869271596666
23,30,10.909995779012545
23,31,9.469293455705271
23,32,9.15392949221759
23,33,6.237203238363232
23,34,4.996496920432491
23,35,6.231956133827693
23,36,8.955159014252674
23,37,12.40849046993173
23,38,16.017827308899403
23,39,16.62888811867243
23,40,20.25421703721898
23,41,21.79031117390421
23,42,19.79092873475868
23,43,19.172015052831693
23,44,15.72685645725684
23,45,12.774746783647338
23,46,9.276041153399076
23,47,9.929189668740422
23,48,8.883247301092421
23,49,10.814206024284754
23,50,12.954724640633385
23,51,13.19050176295773
23,52,16.007385611855337
23,53,19.23615832283952
23,54,18.48829924684718
23,55,15.369685794453543
23,56,17.251416697627928
23,57,16.398031807974824
23,58,18.396730682433848
23,59,21.90816278967903
23,60,24.712768329437946
23,61,27.082035428091007
23,62,26.5046579437953
23,63,24.651697529921183
23,64,25.879828023426974
23,65,27.470863534029434
23,66,27.36485810885969
24,1,18.284776225960595
24,2,18.035851750932324
24,3,16.347413350442157
24,4,16.373220338173766
24,5,15.113847990982109
24,6,13.157581979939879
24,7,15.400972511955588
24,8,16.252176199122914
24,9,19.276033798665505
24,10,21.392077165685947
24,11,20.77755551893384
24,12,19.373366078971923
24,13,16.7168556388322
24,14,13.708663264764926
24,15,15.063812369266548
24,16,12.586057726381105
24,17,13.002619031943727
24,18,10.296773104253306
24,19,8.799545531302462
24,20,6.306831439799595
24,21,5.526058578273405
24,22,5.697429793765248
24,23,3.791128300773175
24,25,3.796959140825111
24,26,5.532494797324863
24,27,4.919731510051834
24,28,6.042183597986413
24,29,8.471076956028249
24,30,9.817417033555188
24,31,9.774127432636279
24,32,10.562012549046345
24,33,8.748400986276378
24,34,7.922236502938858
24,35,9.633163703877873
24,36,11.786566288690118
24,37,15.449268434468477
24,38,18.830074301185242
24,39,19.469824559604053
24,40,23.145046954474775
24,41,24.25452582037162
24,42,21.87861865042181
24,43,21.462525416656366
24,44,17.90700732305629
24,45,14.655685539070447
24,46,11.27496954671196
24,47,12.411458069442872
24,48,10.937105948539928
24,49,12.969594883304365
24,50,14.313638509418881
24,51,13.674610078428538
24,52,15.734705123961751
24,53,18.94015720539008
24,54,17.59584484779142
24,55,14.909525630777335
24,56,17.341576456292582
24,57,17.120544758700625
24,58,19.245051677203367
24,59,22.93410196623039
24,60,25.975908102112054
24,61,27.98548639112207
24,62,27.237939879444287
24,63,24.932112159981063
24,64,25.634229449817866
24,65,26.845416161518607
24,66,26.22872459796286
25,1,16.487293797240678
25,2,15.836075384680875
25,3,14.214431844332235
25,4,13.776983745052846
25,5,12.179999480619253
25,6,9.724878673907945
25,7,11.720457324804304
25,8,12.49951221756038
25,9,15.527468986424287
25,10,17.67088321689924
25,11,17.039235137473163
25,12,15.820900589101782
25,13,13.43173709126678
25,14,10.669446913581933
25,15,12.710859264588391
25,16,11.039085624855954
25,17,12.472684304585638
25,18,10.770971809506218
25,19,9.919986029297899
25,20,8.500336840123083
25,21,6.169997310296596
25,22,5.059326136341401
25,23,5.396110090717745
25,24,3.796959140825111
25,26,3.8041100044009317
25,27,5.38695019838791
25,28,5.273197169290762
25,29,6.262431341604003
25,30,8.852841664521868
25,31,8.721355123471655
25,32,10.52487253284678
25,33,8.930074036347062
25,34,7.1913131195200455
25,35,9.15858511397169
25,36,10.727774488075475
25,37,14.24037438607606
25,38,17.26760256834058
25,39,17.562456251918622
25,40,21.167058822008745
25,41,21.782864222213504
25,42,19.189566903659987
25,43,19.206702156254906
25,44,15.799632358708577
25,45,12.229769083421056
25,46,8.948915103829844
25,47,10.310082900332478
25,48,8.925007359866171
25,49,11.607869230102994
25,50,12.91408471645137
25,51,11.568406456199135
25,52,13.530049223454913
25,53,16.315396379617187
25,54,14.681310509662557
25,55,11.766882907659966
25,56,13.953749346123356
25,57,13.694957032722694
25,58,15.716675115090162
25,59,19.455585745654055
25,60,22.563869030318603
25,61,24.41421017481588
25,62,23.679086815198733
25,63,21.292513840905404
25,64,21.90086809026479
25,65,23.20729446495145
25,66,22.703184696459264
26,1,13.084490354758392
26,2,12.55095643476345
26,3,10.991421549964603
26,4,11.279412551980558
26,5,10.647021233007672
26,6,8.802166041263643
26,7,11.770041029567727
26,8,13.403615412623479
26,9,16.34368392562859
26,10,18.56916455028677
26,11,17.227742614896908
26,12,16.435228576944695
26,13,13.976290358294436
26,14,11.991380684148078
26,15,14.367684052090146
26,16,12.895151136510023
26,17,14.007543258787972
26,18,12.442684969065901
26,19,10.603319098289663
26,20,9.982604685521155
26,21,8.717110999115434
26,22,6.143940336289214
26,23,5.402347913760101
26,24,5.532494797324863
26,25,3.8041100044009317
26,27,3.8047043789871426
26,28,5.534846819213442
26,29,4.975323092631095
26,30,6.470446951619589
26,31,5.167984812901703
26,32,6.879295218231664
26,33,5.767536583687954
26,34,4.991875901430424
26,35,8.23564578741687
26,36,10.744241088196725
26,37,13.766460840787968
26,38,16.989263451823348
26,39,16.58227427125619
26,40,19.950898501897615
