1,2,3.8268668554077587
1,3,6.700098932834784
1,4,8.593646301212322
1,5,6.954536190628985
1,6,6.909618604386788
1,7,10.295330723910538
1,8,11.468148514426876
1,9,10.992175255660973
1,10,12.59379035594968
1,11,15.229110857568367
1,12,16.123015981476865
1,13,16.694236971816213
1,14,18.565182848415073
1,15,20.595946957100782
1,16,21.705758516408974
1,17,22.877809115287853
1,18,24.74044161019121
1,19,26.22596109953367
1,20,27.662480310431953
1,21,28.800502851426263
1,22,30.164195229599763
1,23,32.11047150815719
1,24,33.63212813207639
1,25,34.51289669212404
1,26,36.019678937299545
1,27,38.4442431606168
1,28,39.34697701394323
1,29,39.99294575101684
1,30,41.874035368572656
1,31,44.14200268287075
1,32,47.3328392189697
1,33,47.389660651672756
1,34,50.17957811282978
1,35,49.0409568664032
1,36,45.370028241487105
1,37,43.45929048103215
1,38,40.02294193732738
1,39,41.45006690842111
1,40,40.00697190484661
1,41,36.38144354203865
1,42,35.73077543024316
1,43,36.59708732313461
1,44,35.10078993939657
1,45,31.73877008692569
1,46,32.62501375889316
1,47,33.56442829235721
1,48,30.25011582825236
1,49,28.39016200757185
1,50,31.03607416739315
1,51,30.598751430360238
1,52,26.81248174361493
1,53,27.000309511426803
1,54,30.229173724327694
1,55,31.77352736499331
1,56,35.19748829465106
1,57,37.349510648435974
1,58,39.41338123340555
1,59,40.4852229683687
1,60,39.39392116180002
1,61,38.87613150424523
1,62,39.62336886973208
1,63,43.02223486099254
1,64,42.690012257782975
1,65,41.29619270692754
1,66,38.74980348993395
1,67,37.816464822718245
1,68,37.32576979092042
1,69,35.178782462528005
1,70,33.01890013843648
1,71,32.92283635733888
1,72,31.74323950593738
1,73,28.807116524490684
1,74,27.814971516071694
1,75,28.203284755921405
1,76,26.449333416759757
1,77,23.427502378792294
1,78,23.525670878111825
1,79,24.006757854145146
1,80,21.254860851393488
1,81,18.651043079119464
1,82,19.644906215128998
1,83,19.746981665249972
1,84,16.20474279814817
1,85,15.15666414720178
1,86,17.544246652828058
1,87,16.038569996315996
1,88,12.504509575692335
1,89,14.323208413445968
1,90,16.14830590106306
1,91,13.272816394202987
1,92,12.233210240583942
1,93,15.94753622434768
1,94,16.62699750843884
1,95,13.99714412429715
1,96,15.430608852543733
1,97,18.903339544730837
1,98,18.5670268622582
1,99,17.739191642546796
1,100,20.711644341125098
1,101,22.714302471598625
1,102,21.961339475606227
1,103,20.962836097702613
2,1,3.8268668554077587
2,3,3.7961385862964554
2,4,5.622156660197727
2,5,5.643181221797496
2,6,6.463056826082825
2,7,8.730257096197873
2,8,10.208290817451882
2,9,11.005575656270318
2,10,12.346525255081273
2,11,14.277241391009268
2,12,15.809864932736
2,13,16.995902222052795
2,14,18.27306582271096
2,15,20.034517891069385
2,16,21.76878010942048
2,17,22.989518578999906
2,18,24.295233032613258
2,19,25.928850367289844
2,20,27.804901189360773
2,21,28.7278394475527
2,22,29.70160604926035
2,23,31.922740093596758
2,24,33.63925876649075
2,25,34.162268622126426
2,26,35.47101592660827
2,27,38.17980037706222
2,28,39.07178429708978
2,29,39.35452506113344
2,30,41.2266296420426
2,31,43.75858274610858
2,32,46.8277878529441
2,33,46.618822942233486
2,34,49.40949053818296
2,35,48.22493711838717
2,36,44.630524959011844
2,37,42.87712778777131
2,38,39.494973203386564
2,39,41.21166942967085
2,40,40.083051387719266
2,41,36.59927746612
2,42,36.037018329447484
2,43,36.525791954622186
2,44,34.85227012076575
2,45,31.67217899556683
2,46,32.384677874181705
2,47,32.945947947917546
2,48,29.600083307433895
2,49,27.811249348668227
2,50,30.137036488340456
2,51,29.398032927890128
2,52,25.600744230555016
2,53,25.703211111245704
2,54,28.644026596803474
2,55,30.42417005301179
2,56,33.73307282500548
2,57,36.18312920463062
2,58,38.17520484035219
2,59,39.57851126619867
2,60,38.512460248202984
2,61,37.77115395933573
2,62,38.52651491214739
2,63,41.815671824069675
2,64,41.507090996907905
2,65,39.92176800818442
2,66,37.62005131488421
2,67,36.76660769760705
2,68,35.91651017439292
2,69,33.74555468736752
2,70,31.90602236126534
2,71,31.602192335246922
2,72,30.066883447120706
2,73,27.345084686999037
2,74,26.587624872364465
2,75,26.600320181073705
2,76,24.543302108026403
2,77,21.874056170205147
2,78,22.03088959555027
2,79,21.969091340845566
2,80,19.057080174148513
2,81,16.923690878576906
2,82,17.799896436898933
2,83,17.262834870360155
2,84,13.740882860782397
2,85,13.12774525021038
2,86,15.039127324475206
2,87,12.976061034402784
2,88,9.718336525691075
2,89,11.910261031362722
2,90,13.12357783611399
2,91,9.959986434147513
2,92,9.69728943602394
2,93,13.41724218763437
2,94,13.585622011002192
2,95,11.260933294455677
2,96,13.39811573168732
2,97,16.50498338386261
2,98,16.057523254236322
2,99,15.923355190952565
2,100,18.96252940721063
2,101,20.61587840213403
2,102,20.26890809664389
2,103,18.851717662281416
3,1,6.700098932834784
3,2,3.7961385862964554
3,4,3.794781784412167
3,5,5.5475663949791
3,6,5.164483085293119
3,7,5.978299972285876
3,8,8.494409764900555
3,9,9.837003817209053
3,10,10.192973061326375
3,11,11.80859588015358
3,12,14.083217389584881
3,13,15.261917392342301
3,14,15.838385420323181
3,15,17.71856542631801
3,16,19.89225745282805
3,17,20.77459133450053
3,18,21.710181824787245
3,19,23.68868090058821
3,20,25.69010829450462
3,21,26.235565041153496
3,22,27.09814691731414
3,23,29.606926552806613
3,24,31.24194721882081
3,25,31.443442571948346
3,26,32.798962840362165
3,27,35.67141754643682
3,28,36.375224340121676
3,29,36.461567966192206
3,30,38.474525552464854
3,31,41.11990771300152
3,32,44.04824452290204
3,33,43.78979374830056
3,34,46.68570107308164
3,35,45.643354716506366
3,36,42.064621039642745
3,37,40.54594260392213
3,38,37.11825578118184
3,39,38.89351092057207
3,40,38.03083524514052
3,41,34.642717328244636
3,42,34.38188030158162
3,43,34.714510030775955
3,44,32.73964348707386
3,45,29.779068122905922
3,46,30.661834421019606
3,47,30.864260068956757
3,48,27.38289562200976
3,49,25.954951526859286
3,50,28.226470783400007
3,51,27.08906980495496
3,52,23.31066994070265
3,53,23.786586375184502
3,54,26.525530255871015
3,55,28.673984921802955
3,56,31.766225582645134
3,57,34.392042215480444
3,58,36.09340023637121
3,59,37.60726658981113
3,60,36.30609725913083
3,61,35.27077738637246
3,62,35.792235358527094
3,63,38.95673119059677
3,64,38.47105125761745
3,65,36.698128730227474
3,66,34.441708337240726
3,67,33.7958177636686
3,68,32.848241369170964
3,69,30.509334371759643
3,70,28.869071813987826
3,71,28.694303966506833
3,72,26.938547324471166
3,73,24.179148939826074
3,74,23.764408420079324
3,75,23.846526126140635
3,76,21.497645359001815
3,77,18.928504947487074
3,78,19.528462449823582
3,79,19.386134777509348
3,80,16.165633921879863
3,81,14.412146614753503
3,82,15.834498915323383
3,83,15.020840266323459
3,84,11.332931632562499
3,85,11.690777019314
3,86,13.76791168045936
3,87,11.333966798141038
3,88,8.713854275456407
3,89,11.863536226764833
3,90,12.82191928521662
3,91,9.911407131544088
3,92,10.866952889424516
3,93,14.470349806025881
3,94,14.34040279865243
3,95,12.829219781682191
3,96,15.506274468976455
3,97,18.145894199485266
3,98,17.7565406673309
3,99,18.33221184537074
3,100,21.281693843804472
3,101,22.638037526033497
3,102,22.681468217768913
3,103,20.87257301980677
4,1,8.593646301212322
4,2,5.622156660197727
4,3,3.794781784412167
4,5,3.79843718429895
4,6,5.478717496232213
4,7,5.063574021054974
4,8,6.081686734259093
4,9,8.589018948886398
4,10,9.684726173137323
4,11,10.23367266751277
4,12,12.25851434213213
4,13,14.302407845450855
4,14,14.916381534347115
4,15,16.023808790678032
4,16,18.387152438361987
4,17,19.826619958229465
4,18,20.4351087610797
4,19,22.003896592019434
4,20,24.406337256332506
4,21,25.238167103960762
4,22,25.651957755785947
4,23,28.028933493091937
4,24,30.058368280821306
4,25,30.285590064346895
4,26,31.234577788407876
4,27,34.181098225291755
4,28,35.20220126475142
4,29,35.12818409505453
4,30,36.84208343938453
4,31,39.61426316036697
4,32,42.59768430544613
4,33,42.087531146054964
4,34,44.793071352812895
4,35,43.503739299147696
4,36,40.00610500565125
4,37,38.35912254440665
4,38,35.08016252733955
4,39,37.1038386827418
4,40,36.29709290300814
4,41,33.025551804224555
4,42,32.51793393740489
4,43,32.55672340359586
4,44,30.7468588661689
4,45,27.796956410536403
4,46,28.286150607328885
4,47,28.453835177039743
4,48,25.143231578270715
4,49,23.434505728658745
4,50,25.425671578959545
4,51,24.42594511333091
4,52,20.668630098126805
4,53,20.732469419435468
4,54,23.42163761690268
4,55,25.427590471492426
4,56,28.587961955366012
4,57,31.253435435037602
4,58,33.12359706083293
4,59,34.77444851563164
4,60,33.72458686268717
4,61,32.82699411625445
4,62,33.65566559416224
4,63,36.87425178841763
4,64,36.70761605421425
4,65,35.10868138735078
4,66,33.06582620780763
4,67,32.10875311083458
4,68,30.961555556240842
4,69,28.94687791854538
4,70,27.2994836326599
4,71,26.67169243923948
4,72,24.974788640050356
4,73,22.53703015392397
4,74,21.7827278914919
4,75,21.412095588715584
4,76,19.281673369077353
4,77,16.90854218100085
4,78,16.940643706519598
4,79,16.51047134558414
4,80,13.612074294245076
4,81,11.760030506335887
4,82,12.559772170157796
4,83,11.701825971361755
4,84,8.16648679072268
4,85,8.088912252516588
4,86,10.011461982423848
4,87,7.829965173625071
4,88,4.96688946171985
4,89,8.277229918170999
4,90,9.53916289560283
4,91,7.294402601576019
4,92,8.348481068523931
4,93,11.80824476972415
4,94,12.214180459491212
4,95,11.493641458421589
4,96,13.916168688192188
4,97,16.358950294627952
4,98,16.68696772017788
4,99,17.555987707602412
4,100,20.004858372288254
4,101,21.600051905305822
4,102,22.215129679680018
4,103,20.681584870423006
5,1,6.954536190628985
5,2,5.643181221797496
5,3,5.5475663949791
5,4,3.79843718429895
5,6,3.8173887199347973
5,7,5.421759325453346
5,8,5.0221668841998675
5,9,6.202305170809771
5,10,8.511729031319737
5,11,9.731701171127783
5,12,10.670389695338415
5,13,12.515499371737286
5,14,14.055212380127871
5,15,15.172143233735076
5,16,16.845168383411206
5,17,18.609199211573976
5,18,19.808745269056036
5,19,20.98193725632201
5,20,23.090294617060923
5,21,24.3815992315054
5,22,25.065396270715755
5,23,27.047283007723042
5,24,29.080180540724722
5,25,29.777205905956897
5,26,30.770367120462286
5,27,33.426614014854664
5,28,34.64369082526152
5,29,34.93722746945765
5,30,36.51564198575765
5,31,39.046597676790476
5,32,42.22852044570146
5,33,41.909233315196026
5,34,44.52456052074095
5,35,43.15240192035228
5,36,39.5847546428952
5,37,37.6567477792309
5,38,34.36534999681876
5,39,36.17916192315732
5,40,35.00269242346956
5,41,31.5802194462096
5,42,30.81094160822293
5,43,31.15825094764771
5,44,29.648418381075224
5,45,26.41903230169303
5,46,26.91295237263297
5,47,27.570742117708495
5,48,24.352076438203007
5,49,22.34221900540572
5,50,24.65124089311234
5,51,24.147694852589844
5,52,20.366642844095658
5,53,20.304052317597314
5,54,23.420318246614563
5,55,25.014407120303623
5,56,28.407300009174854
5,57,30.708053806662413
5,58,32.79085162867861
5,59,34.09422625445868
5,60,33.149174550728965
5,61,32.617946552525055
5,62,33.61090407399376
5,63,37.01708088407445
5,64,36.98834292861971
5,65,35.71574776838621
5,66,33.4604770215034
5,67,32.23360359660506
5,68,31.443327060246926
5,69,29.616012820139428
5,70,27.531083717353663
5,71,26.938521796551186
5,72,25.746632272682792
5,73,23.162469001336092
5,74,21.894314524232357
5,75,21.81166257887017
5,76,20.226788774493368
5,77,17.413236861258973
5,78,17.040810376054342
5,79,17.290408968059058
5,80,14.828305592112157
5,81,12.1121684452788
5,82,12.73251647923627
5,83,12.964020880261915
5,84,9.580994758542102
5,85,8.22512721678873
5,86,10.920205539388895
5,87,9.968790333584645
5,88,6.442411517246243
5,89,8.708341630401339
5,90,11.174864119825125
5,91,9.430753264453294
5,92,8.963392252215842
5,93,12.611198432509386
5,94,13.950958650308166
5,95,12.843943219776047
5,96,14.405993770058634
5,97,17.384334942430538
5,98,18.103183680860564
5,99,18.273784773148147
5,100,20.5411434183494
5,101,22.691804698525576
5,102,23.094710163417524
5,103,22.09359094029262
6,1,6.909618604386788
6,2,6.463056826082825
6,3,5.164483085293119
6,4,5.478717496232213
6,5,3.8173887199347973
6,7,3.7846786415344935
6,8,5.371174335525434
6,9,5.0209286956035095
6,10,5.942105302564551
6,11,8.36653395196184
6,12,9.789205313747475
6,13,10.581117114046638
6,14,11.922020041460302
6,15,13.902015318838366
6,16,15.461703045299943
6,17,16.545059585691956
6,18,18.03423922079698
6,19,19.693511756975994
6,20,21.394432368675226
6,21,22.337139083282867
6,22,23.468329015250536
6,23,25.61992377131752
6,24,27.2328940128199
6,25,27.883003948848266
6,26,29.296234555866675
6,27,31.879492137756692
6,28,32.76577584838802
6,29,33.23032118641603
6,30,35.11505654106769
6,31,37.50727011502205
6,32,40.63218665683319
6,33,40.58998725556795
6,34,43.41391389592196
6,35,42.33580288777808
6,36,38.67124075134673
6,37,36.91624956228236
6,38,33.44371982104453
6,39,34.97793088202929
6,40,33.79614591168259
6,41,30.276322930585433
6,42,29.879829921266413
6,43,30.511590684200044
6,44,28.725569490681263
6,45,25.550455542138277
6,46,26.579184713076877
6,47,27.175956997265516
6,48,23.72307528781909
6,49,22.17798657188341
6,50,24.847986653037832
6,51,24.087839785635076
6,52,20.299392391675443
6,53,20.925222364564366
6,54,24.0871935101078
6,55,25.959075425384206
6,56,29.1842265885703
6,57,31.424991829171923
6,58,33.18319848034915
6,59,34.28346970109458
6,60,32.9468893675211
6,61,32.21544112135045
6,62,32.8151675999693
6,63,36.170582853428236
6,64,35.790577228296776
6,65,34.3938491233009
6,66,31.87313889830277
6,67,30.931648535293156
6,68,30.42553529414393
6,69,28.28380270092298
6,70,26.12044349558803
6,71,26.048915143074172
6,72,24.892092202451796
6,73,21.912500780843583
6,74,20.94711561953608
6,75,21.483719477624575
6,76,19.737224453209695
6,77,16.589452210864682
6,78,16.925920699954837
6,79,17.69973335444142
6,80,14.882288931788484
6,81,12.173800105900535
6,82,13.843118380616877
6,83,14.293442654370022
6,84,10.647942651057933
6,85,10.274479924761371
6,86,13.449922066021047
6,87,12.302494263668317
6,88,9.339758183844424
6,89,12.18782083772268
6,90,14.429902633669483
6,91,12.510783101455196
6,92,12.579715226921918
6,93,16.26338120821746
6,94,17.233298219925658
6,95,15.981885914588515
6,96,17.863681826559315
6,97,20.84357988206585
6,98,21.190753818333004
6,99,21.366275627848097
6,100,23.91710516932676
6,101,25.883820742971107
6,102,26.03115099346911
6,103,24.760068654203483
7,1,10.295330723910538
7,2,8.730257096197873
7,3,5.978299972285876
7,4,5.063574021054974
7,5,5.421759325453346
7,6,3.7846786415344935
7,8,3.8039607681627627
7,9,5.362500923362238
7,10,4.889213354668629
7,11,5.832871827714003
7,12,8.437677441299668
7,13,9.830144621605129
7,14,10.075024683184285
7,15,11.748735267798338
7,16,14.099711980811325
7,17,15.061145154290754
7,18,15.822739564775992
7,19,17.728554754345613
7,20,19.858365445406616
7,21,20.467120265462928
7,22,21.18471533010198
7,23,23.657193778201567
7,24,25.40492980341845
7,25,25.647379233468698
7,26,26.891666521531842
7,27,29.747938340910927
7,28,30.576644105437257
7,29,30.690319364733597
7,30,32.595498593021574
7,31,35.22113591787152
7,32,38.207426934735985
7,33,37.95043278874363
7,34,40.80469418205687
7,35,39.74848020890234
7,36,36.144241740543265
7,37,34.59866850687343
7,38,31.1519248294917
7,39,32.91977968367443
7,40,32.09602556851743
7,41,28.757155830693186
7,42,28.57324392247869
7,43,28.835377565142462
7,44,26.779340871417244
7,45,23.878191087959248
7,46,24.863499326777124
7,47,24.99051001343864
7,48,21.457780552319342
7,49,20.18817806621925
7,50,22.60111690477429
7,51,21.412504657798078
7,52,17.63460211309546
7,53,18.47501334667504
7,54,21.33935340524509
7,55,23.577647194612087
7,56,26.58491875851105
7,57,29.082627568320557
7,58,30.613884018271865
7,59,31.959741021520806
7,60,30.506799702510264
7,61,29.486972478028633
7,62,29.986009041653755
7,63,33.22590772200817
7,64,32.80659941974777
7,65,31.24175620770197
7,66,28.901579544370126
7,67,28.055027995143647
7,68,27.276668278213666
7,69,25.079490195271763
7,70,23.179677763066266
7,71,22.99935956989909
7,72,21.545680292652715
7,73,18.679451585881832
7,74,17.98049116950333
7,75,18.32113210527655
7,76,16.26884783476391
7,77,13.329156857181172
7,78,13.955919718366667
7,79,14.437382530451123
7,80,11.347790083010324
7,81,9.058610784832103
7,82,11.182629327678033
7,83,11.254972871784817
7,84,7.553602704988539
7,85,8.300770611938503
7,86,11.420456556933757
7,87,10.095133165320396
7,88,8.095478168230052
7,89,11.509233338880554
7,90,13.362180217163079
7,91,11.950267705960036
7,92,12.950969272645663
7,93,16.28996817518241
7,94,17.020572332646164
7,95,16.534868705774905
7,96,18.772738404557447
7,97,21.259842428635746
7,98,21.742039024108724
7,99,22.542297047974543
7,100,24.92973748139582
7,101,26.641554115317597
7,102,27.229083217442966
7,103,25.697374748393152
8,1,11.468148514426876
8,2,10.208290817451882
8,3,8.494409764900555
8,4,6.081686734259093
8,5,5.0221668841998675
8,6,5.371174335525434
8,7,3.8039607681627627
8,9,3.7811400826980845
8,10,5.455913721515535
8,11,5.0656253128329665
8,12,6.24557795648362
8,13,8.804349477593899
8,14,9.779863434105312
8,15,10.366097119237732
8,16,12.470378793698055
8,17,14.347625459056182
8,18,15.105616802449731
8,19,16.235508319752274
8,20,18.642353706120392
8,21,19.86958016600796
8,22,20.247641332673584
8,23,22.31260962526225
8,24,24.493792432047503
8,25,25.050656445419285
8,26,25.87616260771738
8,27,28.630182072291525
8,28,29.908619920152823
8,29,30.0692195032531
8,30,31.574736594624714
8,31,34.18782621648967
8,32,37.33947468711523
8,33,36.931937504575366
8,34,39.5347870540028
8,35,38.17374822988457
8,36,34.613782650911816
8,37,32.764642655581575
8,38,29.46629786476408
8,39,31.377383240392152
8,40,30.389684280995073
8,41,27.08066858668748
8,42,26.46443572314557
8,43,26.594134708057656
8,44,24.899772173600454
8,45,21.82368683570895
8,46,22.369725908800987
8,47,22.766680344714395
8,48,19.46898734859737
8,49,17.66069471578801
8,50,19.98071278489942
8,51,19.261812662594316
8,52,15.463195556143152
8,53,15.740575805063319
8,54,18.8611421768751
8,55,20.69603890651278
8,56,23.94515583837421
8,57,26.279190240078744
8,58,28.132965541713556
8,59,29.427072629420376
8,60,28.30774305638469
8,61,27.65794320039952
8,62,28.592439360190777
8,63,31.996555555248825
8,64,31.99520868561519
8,65,30.801290920132857
8,66,28.58067982939036
8,67,27.253213327765394
8,68,26.469439458892005
8,69,24.745066874954198
8,70,22.597777838169485
8,71,21.933164721603678
8,72,20.860454636113058
8,73,18.30350614715318
8,74,16.887311792663972
8,75,16.876143637629518
8,76,15.457083681644948
8,77,12.50480000179207
8,78,12.10781439559995
8,79,12.732828093971435
8,80,10.405273454617806
8,81,7.3047867901489045
8,82,8.518152465423846
8,83,9.452954033503879
8,84,6.21705881043574
8,85,5.431571042706046
8,86,9.068772749228208
8,87,8.987284477889535
8,88,6.809625119576255
8,89,9.425441283696067
8,90,12.057947452328717
8,91,11.562394300435594
8,92,11.91501190801743
8,93,14.959110779094118
8,94,16.466435312954598
8,95,16.367582370723603
8,96,17.987896278131483
8,97,20.472689135572544
8,98,21.606833123311073
8,99,22.290261107141276
8,100,24.1990695011557
8,101,26.288434211604564
8,102,27.172332800401463
8,103,26.07948089800296
9,1,10.992175255660973
9,2,11.005575656270318
9,3,9.837003817209053
9,4,8.589018948886398
9,5,6.202305170809771
9,6,5.0209286956035095
9,7,5.362500923362238
9,8,3.7811400826980845
9,10,3.7778187089239457
9,11,5.409825203464065
9,12,5.14614345204819
9,13,6.374164707573498
9,14,8.537340776298354
9,15,9.83004033042207
9,16,10.903616285567113
9,17,12.647136316116109
9,18,14.317412565202247
9,19,15.355349142045583
9,20,17.10179539161008
9,21,18.575664235790757
9,22,19.568169981529405
9,23,21.325104675356396
9,24,23.196637048021746
9,25,24.19677714102204
9,26,25.35948500456817
9,27,27.759193304449163
9,28,28.992269063009335
9,29,29.623130168473555
9,30,31.204130874443923
9,31,33.48140251910215
9,32,36.768627324861875
9,33,36.72523763263321
9,34,39.37310578118353
9,35,38.13584573496744
9,36,34.46606452755893
9,37,32.476841184427315
9,38,29.063507689842947
9,39,30.567684659067616
9,40,29.20843736452795
9,41,25.679449164786803
9,42,25.051321763096112
9,43,25.705974457646416
9,44,24.137747787092884
9,45,20.820250306453964
9,46,21.75231249935542
9,47,22.615230812305683
9,48,19.291137631719703
9,49,17.52710678197361
9,50,20.38933458155068
9,51,20.0063662695068
9,52,16.290781020769234
9,53,16.898518362345904
9,54,20.34546046821232
9,55,21.919660296928758
9,56,25.212729154639415
9,57,27.136249836779857
9,58,28.963478922583068
9,59,29.791228102556264
9,60,28.530413589104942
9,61,28.101518910511412
9,62,28.917160591751983
9,63,32.42554543556231
9,64,32.31284367683697
9,65,31.32884625934718
9,66,28.76370844979949
9,67,27.40353440620584
9,68,27.14167545674816
9,69,25.389203471889765
9,70,22.8283941270671
9,71,22.570466624162375
9,72,21.988344996355472
9,73,19.091228876519985
9,74,17.45228679553525
9,75,18.14438639149687
9,76,17.136751875680694
9,77,13.706911774153701
9,78,13.458835853297598
9,79,14.99113753618291
9,80,12.925812710744726
9,81,9.46470572511002
9,82,11.03653464012757
9,83,12.744509452339242
9,84,9.774492318619737
9,85,8.745808892628252
9,86,12.504318358818932
9,87,12.732481088789907
9,88,10.237844691907986
9,89,12.446916639815718
9,90,15.421365452836817
9,91,14.683558437468482
9,92,14.439312759479497
9,93,17.7009788517836
9,94,19.43869540770946
9,95,18.837138140084818
9,96,20.166883914580193
9,97,23.03661680334495
9,98,24.105124917220262
9,99,24.305397556298388
9,100,26.317119998212018
9,101,28.645348526610686
9,102,29.182659996592637
9,103,28.27554328794696
10,1,12.59379035594968
10,2,12.346525255081273
10,3,10.192973061326375
10,4,9.684726173137323
10,5,8.511729031319737
10,6,5.942105302564551
10,7,4.889213354668629
10,8,5.455913721515535
10,9,3.7778187089239457
10,11,3.79637064107215
10,12,5.3698806834237045
10,13,5.232185106422237
10,14,6.002425894467834
10,15,8.43941638145759
10,16,10.013553725057248
10,17,10.676458330947197
10,18,12.181843804736442
10,19,14.059858951214762
10,20,15.627884901177378
10,21,16.40097290823937
10,22,17.640718926910196
10,23,19.85467572365678
10,24,21.332171661550817
10,25,21.96833376894299
10,26,23.498369459015137
10,27,26.028153881460472
10,28,26.840297450780255
10,29,27.39927364503308
10,30,29.343171178030154
10,31,31.649574534897223
10,32,34.77259620038896
10,33,34.86188143005756
10,34,37.75230114272382
10,35,36.83140804239118
10,36,33.11504938935728
10,37,31.46487658513924
10,38,27.89312397910031
10,39,29.27344521382454
10,40,28.172118189706904
10,41,24.675153848316917
10,42,24.607210886944518
10,43,25.290977159480523
10,44,23.242172114124063
10,45,20.20895046216989
10,46,21.663145617286798
10,47,22.102981921185307
10,48,18.501591679590977
10,49,17.465612462998312
10,50,20.432878701420496
10,51,19.471944741593546
10,52,15.816649848739324
10,53,17.225462233267617
10,54,20.40109187431457
10,55,22.470599992100542
10,56,25.41672907479886
10,57,27.475819832397345
10,58,28.83951442519949
10,59,29.673099976530704
10,60,27.97023251780014
10,61,27.123908448551756
10,62,27.458992310704048
10,63,30.8144099390984
10,64,30.300373119932935
10,65,29.03870281836386
10,66,26.326098018033566
10,67,25.364759930497456
10,68,25.188818265863507
10,69,23.04362953483039
10,70,20.610527012336608
10,71,20.851332759544295
10,72,20.06130668958452
10,73,16.8268079115224
10,74,15.761011166539113
10,75,16.965439310030074
10,76,15.549945148432606
10,77,11.977123208983071
10,78,12.756627566011252
10,79,14.49936368579138
10,80,11.960943106348893
10,81,9.033857519704016
10,82,11.751886940586763
10,83,13.135731326445017
10,84,10.088454526556253
10,85,10.452154653725753
10,86,14.117909558655885
10,87,13.833821262086962
10,88,11.992906771989052
10,89,14.861957752977245
10,90,17.32445675341139
10,91,16.402755185397133
10,92,16.889199238109956
10,93,20.18500542337383
10,94,21.42056447744008
10,95,20.91502203534104
10,96,22.743611492791732
10,97,25.437995639394682
10,98,26.18458633061817
10,99,26.68491273656047
10,100,28.93503619983302
10,101,30.952091124023887
10,102,31.463866213231643
10,103,30.175027922116413
11,1,15.229110857568367
11,2,14.277241391009268
11,3,11.80859588015358
11,4,10.23367266751277
11,5,9.731701171127783
11,6,8.36653395196184
11,7,5.832871827714003
11,8,5.0656253128329665
11,9,5.409825203464065
11,10,3.79637064107215
11,12,3.795799614213985
11,13,5.595863247093386
11,14,5.0151738053703045
11,15,5.926240779637123
11,16,8.619533183474948
11,17,9.805361049014639
11,18,10.241191635889923
11,19,11.922433676122658
11,20,14.276101734998434
11,21,15.050243394605621
11,22,15.517200955803043
11,23,17.8822673182884
11,24,19.825093787083187
11,25,20.170173229442916
11,26,21.224288750473352
11,27,24.033696781756866
11,28,25.069941999420056
11,29,25.241540834210568
11,30,26.96581626241907
11,31,29.549754751277998
11,32,32.6262639625269
11,33,32.372300581442644
11,34,35.15280557220893
11,35,34.06022792985591
11,36,30.424193209628218
11,37,28.814444209757255
11,38,25.34851464650427
11,39,27.10419177671671
11,40,26.30765284218517
11,41,23.033864805049358
11,42,22.925445591728387
11,43,23.094164868355026
11,44,20.953706108596396
11,45,18.12004276772943
11,46,19.2387031493786
11,47,19.289351929129822
11,48,15.698047300771355
11,49,14.653966660987926
11,50,17.283531807856036
11,51,16.078830680428762
11,52,12.358505617467502
11,53,13.764489025626936
11,54,16.76785578609998
11,55,19.037821242173223
11,56,21.88591716696048
11,57,24.147481427687744
11,58,25.458941402033965
11,59,26.550643392914314
11,60,24.91686103824901
11,61,23.958752099908814
11,62,24.456034758131672
11,63,27.805528637772305
11,64,27.505660081515398
11,65,26.264555770605927
11,66,23.828095017751657
11,67,22.666394187150118
11,68,22.1513464715512
11,69,20.219943026267412
11,70,17.922648465282247
11,71,17.709260416411446
11,72,16.793827859170232
11,73,13.843938376038398
11,74,12.593500194803447
11,75,13.374469886203933
11,76,11.985705563365741
11,77,8.499078297159253
11,78,9.049895981610106
11,79,10.714294339434689
11,80,8.358052817436072
11,81,5.332137535278704
11,82,8.37561863645287
11,83,9.946263938361414
11,84,7.5027498944098525
11,85,8.35470922585812
11,86,11.821856090443227
11,87,12.010841780191937
11,88,11.074593704698852
11,89,13.788401280798958
11,90,16.094358761307152
11,91,15.921940381068966
11,92,16.781127830557722
11,93,19.618052874190283
11,94,20.92799155873713
11,95,21.106329947106904
11,96,22.929332396999712
11,97,25.22119053322507
11,98,26.30098831869778
11,99,27.20469841568722
11,100,29.134293311902834
11,101,31.084103216337713
11,102,32.04099699358928
11,103,30.743484989897613
12,1,16.123015981476865
12,2,15.809864932736
12,3,14.083217389584881
12,4,12.25851434213213
12,5,10.670389695338415
12,6,9.789205313747475
12,7,8.437677441299668
12,8,6.24557795648362
12,9,5.14614345204819
12,10,5.3698806834237045
12,11,3.795799614213985
12,13,3.7890132269239465
12,14,5.318352727886353
12,15,5.015191082558607
12,16,6.275731032299729
12,17,8.676162013025925
12,18,9.841224761032612
12,19,10.398258128115287
12,20,12.574224360464738
12,21,14.265279877881852
12,22,14.79918341153901
12,23,16.4430947031794
12,24,18.63665608361406
12,25,19.63775608219758
12,26,20.475974111913818
12,27,22.90825287930901
12,28,24.375143896812038
12,29,24.917676949803113
12,30,26.2752504248029
12,31,28.605197334441982
12,32,31.92611049949978
12,33,31.767643670738604
12,34,34.32070663579142
12,35,33.01266003861283
12,36,29.35549947089852
12,37,27.343657782948338
12,38,23.95343723518616
12,39,25.572293484930736
12,40,24.346237490537877
12,41,20.93944914992906
12,42,20.361763672893723
12,43,20.760314418665445
12,44,19.08819827324652
12,45,15.863228261936825
12,46,16.79964769930305
12,47,17.497550767272088
12,48,14.145139998199163
12,49,12.508590279539552
12,50,15.490571946772349
12,51,15.077442492070446
12,52,11.46072027136301
12,53,12.484080041896483
12,54,15.975056482123778
12,55,17.601682540306566
12,56,20.708281133968946
12,57,22.498068840672435
12,58,24.113850821098257
12,59,24.82151749409133
12,60,23.43056961382279
12,61,23.018537872980833
12,62,23.88128374551409
12,63,27.443686832398267
12,64,27.48795873617571
12,65,26.762226801835588
12,66,24.248867675387114
12,67,22.598327163563624
12,68,22.4432796666734
12,69,21.003559466083818
12,70,18.223472681198917
12,71,17.79289130598104
12,72,17.643885124369657
12,73,14.894894827205661
12,74,12.74726273162696
12,75,13.63857758835445
12,76,13.294891091946033
12,77,9.744488129546069
12,78,9.145332123089247
12,79,11.557527280793423
12,80,10.34587816188421
12,81,6.723717676893174
12,82,8.609248715400517
12,83,11.33821591956757
12,84,9.568112980293787
12,85,9.010910430907833
12,86,12.609364597776324
12,87,13.763988525596602
12,88,12.472235787665824
12,89,14.368092676380602
12,90,17.28079041396315
12,91,17.501009198330784
12,92,17.635287398026342
12,93,20.342058511971814
12,94,22.257159737226992
12,95,22.394741730619792
12,96,23.65339939650371
12,97,26.12343938739853
12,98,27.590219414927326
12,99,28.151770803859165
12,100,29.79812340957281
12,101,32.122849966447006
12,102,33.09059692865535
12,103,32.1980801679838
13,1,16.694236971816213
13,2,16.995902222052795
13,3,15.261917392342301
13,4,14.302407845450855
13,5,12.515499371737286
13,6,10.581117114046638
13,7,9.830144621605129
13,8,8.804349477593899
13,9,6.374164707573498
13,10,5.232185106422237
13,11,5.595863247093386
13,12,3.7890132269239465
13,14,3.783453800308836
13,15,5.483328611972218
13,16,5.259259754568933
13,17,6.424595023948244
13,18,8.832454495559375
13,19,9.88521059600114
13,20,10.970025344125977
13,21,12.4661658624572
13,22,13.937605004254033
13,23,15.514191432987147
13,24,17.04074270716433
13,25,18.300478247051295
13,26,19.75849825043369
13,27,21.870330904492224
13,28,22.99438129993099
13,29,23.98581576780319
13,30,25.653836024674582
13,31,27.642283790133753
13,32,30.978048768762477
13,33,31.26873001858458
13,34,34.006731828507824
13,35,33.02720817824608
13,36,29.26445300975195
13,37,27.35148059727821
13,38,23.780362850472546
13,39,24.875675627780307
13,40,23.428397636860666
13,41,19.815419010778133
13,42,19.614398937098187
13,43,20.615090003786808
13,44,18.78456904816969
13,45,15.5440282444976
13,46,17.25321884357535
13,47,18.145505992564978
13,48,14.695468870268222
13,49,13.687020459899882
13,50,17.11649052837947
13,51,16.66891418276229
13,52,13.370139999017463
13,53,15.064037294956892
13,54,18.46790208167229
13,55,20.10510119955228
13,56,22.965613998104523
13,57,24.455547107542788
13,58,25.7532952300414
13,59,26.040209586340733
13,60,24.276411176112685
13,61,23.816609159443956
13,62,24.242009810991256
13,63,27.753357637869748
13,64,27.429757660463324
13,65,26.72145875325388
13,66,23.81329868679275
13,67,22.422690147475045
13,68,22.82382887025182
13,69,21.11828276390862
13,70,18.085757156771244
13,71,18.404129565059556
13,72,18.553257847004712
13,73,15.365305301541795
13,74,13.503901071155823
13,75,15.321747166923295
13,76,15.017580929968915
13,77,11.238918586534263
13,78,11.505668517384123
13,79,14.385039731049257
13,80,12.993835092541119
13,81,9.784887005479709
13,82,12.213215406085851
13,83,14.777177054008352
13,84,12.76222491152716
13,85,12.577938476888145
13,86,16.253669046092245
13,87,17.043582494110698
13,88,15.517643454873326
13,89,17.686947570154935
13,90,20.58443358308875
13,91,20.36645283757727
13,92,20.45917832868157
13,93,23.455107771679643
13,94,25.23566665095667
13,95,24.993225864519484
13,96,26.35120183705824
13,97,29.05253488722701
13,98,30.258503097735417
13,99,30.61507956026201
13,100,32.51217831842267
13,101,34.840865649306686
13,102,35.50952919952575
13,103,34.54163395054474
14,1,18.565182848415073
14,2,18.27306582271096
14,3,15.838385420323181
14,4,14.916381534347115
14,5,14.055212380127871
14,6,11.922020041460302
14,7,10.075024683184285
14,8,9.779863434105312
14,9,8.537340776298354
14,10,6.002425894467834
14,11,5.0151738053703045
14,12,5.318352727886353
14,13,3.783453800308836
14,15,3.805418104588716
14,16,5.434460482709633
14,17,5.069213632772031
14,18,6.226367801506152
14,19,8.509082604532418
14,20,10.008119804142268
14,21,10.465834943844984
14,22,11.690035537653378
14,23,14.037204871625303
14,24,15.422130474820667
14,25,15.973139375889241
14,26,17.558492829741432
14,27,20.071999724866856
14,28,20.844768195752078
14,29,21.450995979698128
14,30,23.41468303466269
14,31,25.666314987471694
14,32,28.78311248165093
14,33,28.963476162105444
14,34,31.90507361971751
14,35,31.140380356296344
14,36,27.386894088862164
14,37,25.88354981973846
14,38,22.221727498683748
14,39,23.472073306907753
14,40,22.553784051510302
14,41,19.163405329659586
14,42,19.553301747855443
14,43,20.176536567640248
14,44,17.757387907025695
14,45,15.034948835655907
14,46,17.009688447063994
14,47,17.124454250674958
14,48,13.400107854893506
14,49,13.220689828213773
14,50,16.39316416328245
14,51,15.148990730624115
14,52,11.93545265657869
14,53,14.353773803868958
14,54,17.268992599723614
14,55,19.49642778074706
14,56,21.942163920742477
14,57,23.739564108664467
14,58,24.567395956113486
14,59,25.09540697769364
14,60,22.962623776035315
14,61,21.95820711538562
14,62,21.96974350841504
14,63,25.30277426459147
14,64,24.67076532045013
14,65,23.61826054219553
14,66,20.723052230584333
14,67,19.676245786799786
14,68,19.905930945625492
14,69,17.85407785867097
14,70,15.06375466198419
14,71,15.675861289773795
14,72,15.460908942489745
14,73,12.038814171840652
14,74,10.781217895422678
14,75,12.927665005647434
14,76,12.1787689587555
14,77,8.40370373493963
14,78,9.739245011072546
14,79,12.605843107856696
14,80,10.956732849961377
14,81,8.58024576896358
14,82,11.783510464814865
14,83,13.891658982030867
14,84,12.138684489355668
14,85,13.036420954011145
14,86,16.41886029963
14,87,16.88603510543998
14,88,16.078709648436394
14,89,18.651148945790244
14,90,21.063836603611993
14,91,20.92294383927566
14,92,21.67070156227634
14,93,24.54765909768151
14,94,25.93606082078549
14,95,26.00858804186419
14,96,27.76731355453157
14,97,30.17296484127285
14,98,31.234541625357767
14,99,32.00394343100938
14,100,33.978787374683144
14,101,36.00791604839549
14,102,36.8448162569752
14,103,35.55570810044526
15,1,20.595946957100782
15,2,20.034517891069385
15,3,17.71856542631801
15,4,16.023808790678032
15,5,15.172143233735076
15,6,13.902015318838366
15,7,11.748735267798338
15,8,10.366097119237732
15,9,9.83004033042207
15,10,8.43941638145759
15,11,5.926240779637123
15,12,5.015191082558607
15,13,5.483328611972218
15,14,3.805418104588716
15,16,3.8042643002302787
15,17,5.335959849220096
15,18,5.046217598708796
15,19,6.004326136157991
15,20,8.699565560825494
15,21,9.838072095048538
15,22,9.9375444992808
15,23,12.011026521165165
15,24,14.221566175213816
15,25,14.82501593490938
15,26,15.62787531292621
15,27,18.277101062213077
15,28,19.61345756414879
15,29,19.96338564019167
15,30,21.425507098233993
15,31,23.87460579531314
15,32,27.09117679206542
15,33,26.912210463077553
15,34,29.595355438697514
15,35,28.48554207364787
15,36,24.793426683551324
15,37,23.07572769293216
15,38,19.558740598349218
15,39,21.211429676842247
15,40,20.39259760341048
15,41,17.180863477853148
15,42,17.21485221255496
15,43,17.33428558116969
15,44,15.062550826430385
15,45,12.3112585010289
15,46,13.771804748151737
15,47,13.772843577506341
15,48,10.095568205434134
15,49,9.589437889835315
15,50,12.641771958673251
15,51,11.5292102351739
15,52,8.251059786433265
15,53,10.636388108574334
15,54,13.61374960369786
15,55,15.720855837128706
15,56,18.190946518404097
15,57,19.95989074982347
15,58,20.908529851560633
15,59,21.52533367673502
15,60,19.60149079902089
15,61,18.783416577202598
15,62,19.236429237451745
15,63,22.72744076598912
15,64,22.572807176367682
15,65,21.84851920021235
15,66,19.25782646593749
15,67,17.643226987878904
15,68,17.657884807613375
15,69,16.1890137368674
15,70,13.260372919493365
15,71,13.10495428700831
15,72,13.248597881452987
15,73,10.355441947346165
15,74,8.118781980276651
15,75,9.881722688609877
15,76,9.949938088419449
15,77,6.323750914099605
15,78,6.5704747000355574
15,79,9.946019648309619
15,80,9.36157027344854
15,81,6.977306271622302
15,82,9.55636837878389
15,83,12.249386109206354
15,84,11.48213239979251
15,85,12.088321426184434
15,86,15.107988568429247
15,87,16.313613069576384
15,88,16.00630951351028
15,89,18.047718590404493
15,90,20.510403319296096
15,91,21.058551192437225
15,92,21.749509709545283
15,93,24.192388278558152
15,94,25.86342200813745
15,95,26.40649669970399
15,96,27.907153957570237
15,97,30.06260221411321
15,98,31.52849057199845
15,99,32.44577396690624
15,100,34.04469072888715
15,101,36.16850992557049
15,102,37.347416978126176
15,103,36.23965048292639
16,1,21.705758516408974
16,2,21.76878010942048
16,3,19.89225745282805
16,4,18.387152438361987
16,5,16.845168383411206
16,6,15.461703045299943
16,7,14.099711980811325
16,8,12.470378793698055
16,9,10.903616285567113
16,10,10.013553725057248
16,11,8.619533183474948
16,12,6.275731032299729
16,13,5.259259754568933
16,14,5.434460482709633
16,15,3.8042643002302787
16,17,3.8191964092887276
16,18,5.533156103410228
16,19,4.939094443432574
16,20,6.377310686087512
16,21,8.698118255999958
16,22,9.54491271648032
16,23,10.569538841890779
16,24,12.617040243227489
16,25,14.160927209224498
16,26,15.112832171612933
16,27,17.08666223702516
16,28,18.666163544980908
16,29,19.689525568195897
16,30,20.942934958303173
16,31,22.889516881281992
16,32,26.34534085037267
16,33,26.536766905150362
16,34,29.085817363471495
16,35,27.96880374162331
16,36,24.21877581583109
16,37,22.16077999763842
16,38,18.633641311699133
16,39,19.782930871630327
16,40,18.351441535702033
16,41,14.832336709756065
16,42,14.603686297672107
16,43,15.399030543841821
16,44,13.54422775282909
16,45,10.303002480607745
16,46,12.167773044535092
16,47,13.064258597711886
16,48,9.725205931344263
16,49,9.035426264625391
16,50,12.689085031324748
16,51,12.479166557238143
16,52,9.815880977800704
16,53,11.960610319420336
16,54,15.164087174618228
16,55,16.55965375468688
16,56,19.0580745484329
16,57,20.14220976625784
16,58,21.18209520591044
16,59,21.138337380623128
16,60,19.25406148311884
16,61,18.992631224647486
16,62,19.5358169915951
16,63,23.139632604182903
16,64,23.10272010513011
16,65,22.89499854806906
16,66,20.057959916782995
16,67,18.164298202978358
16,68,18.877340155711693
16,69,17.76427912184035
16,70,14.355770090615591
16,71,14.464718787288763
16,72,15.484434557037957
16,73,12.725805039024419
16,74,10.077159901947114
16,75,12.272263885619042
16,76,13.146337392958651
16,77,9.781224697500994
16,78,9.502646662424528
16,79,13.133790938160956
16,80,13.030231930815592
16,81,10.377347155586213
16,82,12.334823661860236
16,83,15.469187440251995
16,84,14.682022166981044
16,85,14.580738256540773
16,86,17.76385619224912
16,87,19.293125862895568
16,88,18.531135564011947
16,89,20.242840309139776
16,90,23.093133822498395
16,91,23.617756089103935
16,92,23.81369247978834
16,93,26.33501299871214
16,94,28.33673607760987
16,95,28.6377251578078
16,96,29.812909032093135
16,97,32.21459018185791
16,98,33.80600014023574
16,99,34.378027153297765
16,100,35.91068825602232
16,101,38.29938259356693
16,102,39.328200402192344
16,103,38.46901185234242
17,1,22.877809115287853
17,2,22.989518578999906
17,3,20.77459133450053
17,4,19.826619958229465
17,5,18.609199211573976
17,6,16.545059585691956
17,7,15.061145154290754
17,8,14.347625459056182
17,9,12.647136316116109
17,10,10.676458330947197
17,11,9.805361049014639
17,12,8.676162013025925
17,13,6.424595023948244
17,14,5.069213632772031
17,15,5.335959849220096
17,16,3.8191964092887276
17,18,3.8028019831657773
17,19,5.2587063907557665
17,20,5.206945899854972
17,21,6.0593221016693946
17,22,8.084619150850196
17,23,9.750090412543504
17,24,10.758476228549005
17,25,11.993760807387472
17,26,13.80988646174012
17,27,15.761685883861317
17,28,16.634853154062963
17,29,17.834767753968872
17,30,19.67555492243221
17,31,21.479338454612108
17,32,24.761814031514415
17,33,25.316146695992853
17,34,28.2056695650341
17,35,27.58117423049736
17,36,23.769005558024947
17,37,22.167314570943784
17,38,18.439063994884673
17,39,19.162480556974728
17,40,17.960610521193605
17,41,14.459184533950557
17,42,15.168926480594122
