1,2,3.8148792113057985
1,3,6.564581996128343
1,4,8.502377167011563
1,5,6.853699655666367
1,6,6.818754011661889
1,7,10.167887323604583
1,8,11.32535163780902
1,9,10.938784735979317
1,10,12.672216735453945
1,11,15.178015880102762
1,12,16.143240929999756
1,13,16.8839897303235
1,14,18.748605329890044
1,15,20.712628207215143
1,16,21.81057889349667
1,17,22.94957077333783
1,18,24.85795837987678
1,19,26.470368449800947
1,20,27.54229247601431
1,21,28.781874312547103
1,22,30.40156452981434
1,23,32.457615933752784
1,24,33.93454203110744
1,25,34.704806158184645
1,26,36.15492115867769
1,27,38.565233941494974
1,28,39.372112442102654
1,29,40.166006227434686
1,30,42.072594795758086
1,31,44.43009125643486
1,32,47.59564588677994
1,33,47.67275408764287
1,34,50.49063887820728
1,35,49.270296183959694
1,36,45.536365330407286
1,37,43.698011650643096
1,38,40.1485954846396
1,39,41.36941436193602
1,40,40.03680974349883
1,41,36.42667174803395
1,42,35.64036777055632
1,43,36.72778207714547
1,44,35.20252382385229
1,45,31.760410679452193
1,46,32.72346100677794
1,47,33.76954348693844
1,48,30.546894769139307
1,49,28.330791355897695
1,50,30.796328260504744
1,51,30.820966306677448
1,52,27.0899697757805
1,53,26.861788585887638
1,54,29.902633685052493
1,55,32.03007156550196
1,56,34.86832056716404
1,57,37.48186857101511
1,58,39.865238657332576
1,59,40.92362888317879
1,60,39.72744309267389
1,61,39.244142782105065
1,62,39.910622327172966
1,63,43.31807809412782
1,64,42.966111893443305
1,65,41.5805819808182
1,66,38.92203021552743
1,67,38.02699210875871
1,68,37.49252653124534
1,69,35.51504814804701
1,70,33.25554516721612
1,71,33.10936390805615
1,72,32.01714457918933
1,73,29.092605324574624
1,74,28.06888551654321
1,75,28.516556955401242
1,76,26.46525996081933
1,77,23.540202356950232
1,78,23.627755765463327
1,79,24.048300626434692
1,80,21.342049683262402
1,81,18.79724242432417
1,82,19.50793766337928
1,83,19.768511204663948
1,84,16.223448746798724
1,85,15.125367895743816
1,86,17.383729030478918
1,87,15.917566372395104
1,88,12.395340230971357
1,89,14.280488625896826
1,90,16.16882227981962
1,91,13.303859701329786
1,92,12.150421569460223
1,93,15.879690805320088
1,94,16.580888271598965
1,95,14.088817013735284
1,96,15.611860530300211
1,97,19.054113889519087
1,98,18.68658318480137
1,99,17.88584446088444
1,100,20.783357645448145
1,101,22.77307264254545
1,102,21.996235304658793
1,103,19.767421672235315
2,1,3.8148792113057985
2,3,3.8138078365270864
2,4,5.688342822307749
2,5,5.7437319280267
2,6,6.60700471226844
2,7,8.783599502471946
2,8,10.237294319204105
2,9,11.131732850250957
2,10,12.619179176457463
2,11,14.384072481199908
2,12,15.969178188743735
2,13,17.29634744369554
2,14,18.575261042855814
2,15,20.269367054804174
2,16,21.98626648328524
2,17,23.169664135455395
2,18,24.529318984816655
2,19,26.275003082188796
2,20,27.792465680040088
2,21,28.80875140845091
2,22,30.051496265024475
2,23,32.378275212749294
2,24,34.05137526997438
2,25,34.467857244025495
2,26,35.72787424832371
2,27,38.42131401352605
2,28,39.223503762852474
2,29,39.65787434166968
2,30,41.559510731527205
2,31,44.1712468359738
2,32,47.21302397884848
2,33,47.03638168500052
2,34,49.875434640070544
2,35,48.62293759721308
2,36,44.931824578913634
2,37,43.26010619474762
2,38,39.7620009234243
2,39,41.26682988869359
2,40,40.246231753640565
2,41,36.76985778219356
2,42,36.06639783915696
2,43,36.78893997563588
2,44,35.09501410700237
2,45,31.810857848124016
2,46,32.608567877183276
2,47,33.27768313786729
2,48,30.027344325216415
2,49,27.85732251571976
2,50,30.02727825786254
2,51,29.73604398106994
2,52,25.984076451706187
2,53,25.665550919174084
2,54,28.408964894619913
2,55,30.753586962772594
2,56,33.6302232268749
2,57,36.433155676892234
2,58,38.78110328766006
2,59,40.173168025943966
2,60,39.01548226255121
2,61,38.299267593783384
2,62,38.954545551216604
2,63,42.249109431802594
2,64,41.916754389076075
2,65,40.33605530023193
2,66,37.9091886362514
2,67,37.12159494098425
2,68,36.2320158944187
2,69,34.19642609163929
2,70,32.260238474701524
2,71,31.938512574617366
2,72,30.472098593252454
2,73,27.753219549781235
2,74,26.97032642304839
2,75,27.00346701398292
2,76,24.6748724063336
2,77,22.126799970101413
2,78,22.267303745354717
2,79,22.13742741919406
2,80,19.242310694270643
2,81,17.199674891212723
2,82,17.813695620205408
2,83,17.420180186458342
2,84,13.865291799762947
2,85,13.219652652448007
2,86,14.965179416739364
2,87,12.933141361692051
2,88,9.665842948624071
2,89,11.903154711655052
2,90,13.156193294880971
2,91,9.986519673166091
2,92,9.584739035796272
2,93,13.327863755007012
2,94,13.496968621368195
2,95,11.295858988114748
2,96,13.497779086889862
2,97,16.581228075204457
2,98,16.048826675905985
2,99,15.910596762426389
2,100,18.894547104756462
2,101,20.502456456317205
2,102,20.055159157050124
2,103,17.509215218683774
3,1,6.564581996128343
3,2,3.8138078365270864
3,4,3.8049423069845716
3,5,5.521461092901219
3,6,5.167196700880338
3,7,5.9382219227549236
3,8,8.440901453272716
3,9,9.83117930526482
3,10,10.34839345674373
3,11,11.817777168004168
3,12,14.12402453001069
3,13,15.385513525109742
3,14,15.993846290525296
3,15,17.829055545663756
3,16,19.959427591768936
3,17,20.79747801264123
3,18,21.831810211818613
3,19,23.910548734850103
3,20,25.539140022417058
3,21,26.17904650428562
3,22,27.33519689078553
3,23,29.932477550198815
3,24,31.512814105377675
3,25,31.626003028406124
3,26,32.95091121301192
3,27,35.799241926836096
3,28,36.41140707504721
3,29,36.668839991185095
3,30,38.7152891228491
3,31,41.42274361546839
3,32,44.32849044706906
3,33,44.12684574178516
3,34,47.07734605916276
3,35,45.977303899438915
3,36,42.28459174330552
3,37,40.84664024039828
3,38,37.30540814360557
3,39,38.83921996428623
3,40,38.07740620782494
3,41,34.68615250723628
3,42,34.28484042872141
3,43,34.8806611194091
3,44,32.88929196328526
3,45,29.80261541322448
3,46,30.789242100495052
3,47,31.117168350889205
3,48,27.714988032157024
3,49,25.877355264233923
3,50,28.08157203431591
3,51,27.390730022999993
3,52,23.612215404242612
3,53,23.686625035631693
3,54,26.200920424227167
3,55,28.86250381099763
3,56,31.494844339872078
3,57,34.518568866132185
3,58,36.60622461618116
3,59,38.141396508499184
3,60,36.75141584221993
3,61,35.74720800827191
3,62,36.156888134194844
3,63,39.33091256218692
3,64,38.81711092150368
3,65,37.058316486054906
3,66,34.65564410790407
3,67,34.080151515499416
3,68,33.12158143158595
3,69,30.90377994790723
3,70,29.132101600498608
3,71,28.970931930733425
3,72,27.312098974092798
3,73,24.532207283905
3,74,24.08032375491015
3,75,24.158876560895145
3,76,21.57087913349983
3,77,19.11846478346143
3,78,19.701830031281673
3,79,19.52095769969914
3,80,16.32490143771466
3,81,14.59472040908388
3,82,15.797376758655753
3,83,15.156103805110426
3,84,11.429398651569967
3,85,11.714159253011097
3,86,13.685827791172507
3,87,11.286861601888978
3,88,8.683363969783983
3,89,11.87178390028483
3,90,12.8843092048074
3,91,9.986023977896554
3,92,10.816576005171687
3,93,14.467576032489774
3,94,14.343855148475642
3,95,12.976732455747431
3,96,15.685072175936149
3,97,18.32181169904048
3,98,17.815478157457115
3,99,18.38384419490582
3,100,21.28697740128441
3,101,22.569674906293393
3,102,22.4718226688835
3,103,19.6513827509988
4,1,8.502377167011563
4,2,5.688342822307749
4,3,3.8049423069845716
4,5,3.800894826952199
4,6,5.485049287590558
4,7,4.957051243009994
4,8,5.961688824615154
4,9,8.525611448968174
4,10,9.731592767873563
4,11,10.127327032038488
4,12,12.184622433124835
4,13,14.2973853540664
4,14,14.9305751617751
4,15,16.003188972261
4,16,18.333242337747823
4,17,19.71781231374178
4,18,20.394653954601264
4,19,22.074085358864927
4,20,24.116410393089765
4,21,25.02337378788307
4,22,25.7379987925662
4,23,28.218630240021987
4,24,30.194831236759235
4,25,30.329736862726957
4,26,31.253353168136513
4,27,34.174041483379824
4,28,35.10808128174401
4,29,35.19981003091608
4,30,36.956351811580426
4,31,39.79002278849035
4,32,42.74787481100345
4,33,42.29202023317308
4,34,45.07276950987792
4,35,43.737880770712
4,36,40.10931944075562
4,37,38.553667949653246
4,38,35.14490432117645
4,39,36.942946489762505
4,40,36.23431679451261
4,41,32.954809751529794
4,42,32.31552394148508
4,43,32.61386448664665
4,44,30.78075057356542
4,45,27.70109546520396
4,46,28.310632476540704
4,47,28.59018961971345
4,48,25.36479568927874
4,49,23.2699726970793
4,50,25.166774189156907
4,51,24.590403323125948
4,52,20.862911520011075
4,53,20.54289690896499
4,54,23.041218716901483
4,55,25.58009942082034
4,56,28.39028027719784
4,57,31.35060876187695
4,58,33.600650413456876
4,59,35.23503940730987
4,60,34.08627880347985
4,61,33.201667903140304
4,62,33.90119660964167
4,63,37.127038059216986
4,64,36.92046773963042
4,65,35.325126871626544
4,66,33.131301051448865
4,67,32.26612469100274
4,68,31.098173744245805
4,69,29.18642966620842
4,70,27.440778267932078
4,71,26.835304405178167
4,72,25.20043783458089
4,73,22.735091231710793
4,74,21.960354374034804
4,75,21.638605812070743
4,76,19.267756890241564
4,77,16.98505888828093
4,78,17.016014644970106
4,79,16.56323456233377
4,80,13.66241735099703
4,81,11.878659187092008
4,82,12.474843780638963
4,83,11.793218323766347
4,84,8.200723544246102
4,85,8.080679200865374
4,86,9.91384910924715
4,87,7.788344395469445
4,88,4.9626334982163165
4,89,8.318792737055903
4,90,9.6517863330615
4,91,7.447530938450414
4,92,8.401905447894439
4,93,11.896977293546724
4,94,12.300758461141891
4,95,11.733001797372395
4,96,14.184791199651674
4,97,16.636911799873147
4,98,16.83321523766979
4,99,17.728118981654536
4,100,20.124979759170184
4,101,21.610598933412746
4,102,22.11941286983826
4,103,19.613043244884082
5,1,6.853699655666367
5,2,5.7437319280267
5,3,5.521461092901219
5,4,3.800894826952199
5,6,3.804409475452345
5,7,5.35295924954325
5,8,4.926984068369032
5,9,6.141964873482195
5,10,8.54941545789377
5,11,9.669574733737624
5,12,10.64668433117832
5,13,12.582807442663878
5,14,14.145989610213212
5,15,15.235240537233594
5,16,16.865540714146533
5,17,18.572540179103388
5,18,19.82863977177391
5,19,21.13387195059297
5,20,22.860616155695997
5,21,24.235648763263818
5,22,25.22013226026557
5,23,27.313351231471113
5,24,29.28695972573489
5,25,29.889194594750663
5,26,30.851218778192212
5,27,33.47671137413638
5,28,34.600636360649546
5,29,35.057558668355085
5,30,36.67792867491267
5,31,39.27967855069342
5,32,42.43703490771654
5,33,42.15709266624158
5,34,44.83176438972601
5,35,43.4007264185131
5,36,39.73610030616093
5,37,37.89062752030935
5,38,34.46595042834191
5,39,36.06646376820071
5,40,34.98358993394789
5,41,31.558156381096577
5,42,30.658902249660226
5,43,31.256877571731227
5,44,29.7186086490532
5,45,26.382610041735084
5,46,26.990637234616976
5,47,27.761625552637263
5,48,24.63628566960403
5,49,22.27405424391662
5,50,24.427751466429324
5,51,24.370664238532864
5,52,20.659857802643863
5,53,20.20603225285494
5,54,23.161051278173467
5,55,25.320715018447494
5,56,28.22171295926815
5,57,30.899668830984837
5,58,33.32006946363865
5,59,34.58335024512569
5,60,33.52571432230816
5,61,33.014884415377225
5,62,33.89907733508136
5,63,37.314013084266456
5,64,37.24631061789955
5,65,35.97511489504025
5,66,33.58538995621617
5,67,32.42859360494728
5,68,31.60357199337651
5,69,29.915986121781962
5,70,27.75094175325052
5,71,27.13990783804648
5,72,26.012731438907004
5,73,23.417308715098518
5,74,22.131350918026328
5,75,22.17162217929915
5,76,20.305245002086455
5,77,17.548753522285296
5,78,17.183697704295383
5,79,17.409512133650473
5,80,14.98258494518668
5,81,12.33714020131783
5,82,12.688855006839544
5,83,13.094677438445744
5,84,9.72055065488414
5,85,8.303501530178398
5,86,10.903349158966494
5,87,10.007804462682227
5,88,6.557271626826969
5,89,8.851393411680933
5,90,11.372130653390606
5,91,9.644786962317054
5,92,9.097311145693363
5,93,12.748388125618956
5,94,14.075347086851641
5,95,13.09755400150363
5,96,14.725173035377335
5,97,17.707370168326047
5,98,18.317388086682506
5,99,18.53316635619831
5,100,20.74178641634403
5,101,22.796131187137238
5,102,23.153384431960134
5,103,21.042135543952778
6,1,6.818754011661889
6,2,6.60700471226844
6,3,5.167196700880338
6,4,5.485049287590558
6,5,3.804409475452345
6,7,3.793398250963328
6,8,5.379584681346251
6,9,5.0421375104666195
6,10,6.079415843492055
6,11,8.416308143634014
6,12,9.888548029147037
6,13,10.750951237236789
6,14,12.128434021924885
6,15,14.08325211044985
6,16,15.581823925362414
6,17,16.606018105307562
6,18,18.192018652264288
6,19,19.981152119308156
6,20,21.275966979505252
6,21,22.312874548327493
6,22,23.748836510647436
6,23,25.99599691486237
6,24,27.53856637914729
6,25,28.09859982846825
6,26,29.4836004982357
6,27,32.03561097835762
6,28,32.816798795265804
6,29,33.45294089317455
6,30,35.375930382022666
6,31,37.83654278411855
6,32,40.93844228254792
6,33,40.943202787027076
6,34,43.80641506871336
6,35,42.66098231195753
6,36,38.9197845085495
6,37,37.239633757462215
6,38,33.65169126118365
6,39,34.946670493008014
6,40,33.86339811456749
6,41,30.34426314230748
6,42,29.81579870567073
6,43,30.711675911054503
6,44,28.898783008546786
6,45,25.620842063896312
6,46,26.75637610241672
6,47,27.48137998732024
6,48,24.10621974202878
6,49,22.18054393805274
6,50,24.762870237712033
6,51,24.465489098158063
6,52,20.69924159871201
6,53,20.929027725457214
6,54,23.872681466255695
6,55,26.262197115030002
6,56,28.803734046124614
6,57,31.604359328019587
6,58,33.7124283510479
6,59,34.836970738061844
6,60,33.394804783867535
6,61,32.700524141251414
6,62,33.205141370845176
6,63,36.56970504648645
6,64,36.15651528213039
6,65,34.76849631612504
6,66,32.11688264331383
6,67,31.225950788150126
6,68,30.697812913591587
6,69,28.71584100835629
6,70,26.43872226863124
6,71,26.341611388992774
6,72,25.290065562337862
6,73,22.302284103535314
6,74,21.3103047989151
6,75,21.924833192382696
6,76,19.89505292792789
6,77,16.823338257555843
6,78,17.161885129785933
6,79,17.899411609968613
6,80,15.16001215615433
6,81,12.444785147303207
6,82,13.836286282037658
6,83,14.453300089025781
6,84,10.85839283870385
6,85,10.363018754229358
6,86,13.46011438518369
6,87,12.336093433015566
6,88,9.475502655913205
6,89,12.331732497640276
6,90,14.604394027817865
6,91,12.690249073005024
6,92,12.673747250787894
6,93,16.37544454891743
6,94,17.325758029906172
6,95,16.205704937175724
6,96,18.149373665926202
6,97,21.12781449015579
6,98,21.356675012207667
6,99,21.56549020650282
6,100,24.06611746195456
6,101,25.940667622072297
6,102,26.015816803560945
6,103,23.621002301246723
7,1,10.167887323604583
7,2,8.783599502471946
7,3,5.9382219227549236
7,4,4.957051243009994
7,5,5.35295924954325
7,6,3.793398250963328
7,8,3.812837838234817
7,9,5.389509727219283
7,10,5.048002606020649
7,11,5.883908264776177
7,12,8.51791939394748
7,13,9.928166644048078
7,14,10.232893672243996
7,15,11.8959202852298
7,16,14.183593507818681
7,17,15.08623545007839
7,18,15.960576354566642
7,19,17.982341912508247
7,20,19.721907740767186
7,21,20.412228193020304
7,22,21.44838343618059
7,23,24.011902614319492
7,24,25.692700698019877
7,25,25.85057374991586
7,26,27.07621547470083
7,27,29.903439709129916
7,28,30.633150057980167
7,29,30.920333077033312
7,30,32.8681333962471
7,31,35.55428037045471
7,32,38.5166238620025
7,33,38.31793077230059
7,34,41.22831592844248
7,35,40.11614937637356
7,36,36.406834652770364
7,37,34.94465225594094
7,38,31.38285539962044
7,39,32.903422813814466
7,40,32.17963975357995
7,41,28.83271624226478
7,42,28.514632406248243
7,43,29.053054709046936
7,44,26.974797510407427
7,45,23.944487052079637
7,46,25.046435689862296
7,47,25.30334692262888
7,48,21.840732843006013
7,49,20.1548743650975
7,50,22.54414626691526
7,51,21.800021600857722
7,52,18.008506012229855
7,53,18.456433500899546
7,54,21.072427935850172
7,55,23.783786083611865
7,56,26.175405990228107
7,57,29.213698547862332
7,58,31.137641175976373
7,59,32.539752415138246
7,60,30.99529126022699
7,61,30.004947335370364
7,62,30.3927249655236
7,63,33.63965124624462
7,64,33.183618047535994
7,65,31.624025619165636
7,66,29.14073667005904
7,67,28.367268547966383
7,68,27.57145452579603
7,69,25.506180097000847
7,70,23.48857149901287
7,71,23.310848888972377
7,72,21.953616600396323
7,73,19.06731433420219
7,74,18.345758947346336
7,75,18.72133185716384
7,76,16.412020277245443
7,77,13.566895901062704
7,78,14.18834200631275
7,79,14.628381964500518
7,80,11.613217805609919
7,81,9.289135242228301
7,82,11.158614683708022
7,83,11.377110993202374
7,84,7.724817297602134
7,85,8.308045089667377
7,86,11.373814836956052
7,87,10.045655632142372
7,88,8.173578876787317
7,89,11.571978267630909
7,90,13.433007646094044
7,91,12.018399775619027
7,92,12.96208870915724
7,93,16.33340292900699
7,94,17.0245269754856
7,95,16.67356180068051
7,96,18.961809612383263
7,97,21.45699143128011
7,98,21.783685914087716
7,99,22.626042127699804
7,100,24.97447372729076
7,101,26.55494292259206
7,102,27.041881318427745
7,103,24.500458640080215
8,1,11.32535163780902
8,2,10.237294319204105
8,3,8.440901453272716
8,4,5.961688824615154
8,5,4.926984068369032
8,6,5.379584681346251
8,7,3.812837838234817
8,9,3.7826436013968454
8,10,5.515393894991182
8,11,5.080101274845022
8,12,6.2831794053185686
8,13,8.868317866196731
8,14,9.907522194877744
8,15,10.498538426992345
8,16,12.540467600918742
8,17,14.359505773734663
8,18,15.186865167340754
8,19,16.45134992267821
8,20,18.474083654176514
8,21,19.777636512974926
8,22,20.476243343589502
8,23,22.65042130308469
8,24,24.768921567805698
8,25,25.239787757502125
8,26,26.04358960867143
8,27,28.763699952681215
8,28,29.951325950621356
8,29,30.277484375309655
8,30,31.829965079831766
8,31,34.509550210442946
8,32,37.637243195493475
8,33,37.27323426532326
8,34,39.941268779913294
8,35,38.52366088000429
8,36,34.861075809180484
8,37,33.09647083730824
8,38,29.66571923299595
8,39,31.357766908347656
8,40,30.460581577574445
8,41,27.14063028563906
8,42,26.390669311244952
8,43,26.786544013137163
8,44,25.067047894107812
8,45,21.86714220566728
8,46,22.53534407921711
8,47,23.054074759527627
8,48,19.844388560148502
8,49,17.655245602633567
8,50,19.873022705375437
8,51,19.598488369429813
8,52,15.850617384146403
8,53,15.7300561052587
8,54,18.65920248109873
8,55,21.003046733136568
8,56,23.675827312855652
8,57,26.48391569096146
8,58,28.708274902169325
8,59,30.004163655545142
8,60,28.782750205433896
8,61,28.152606130574938
8,62,28.976797386158424
8,63,32.38846127557987
8,64,32.34479839515827
8,65,31.145857874079006
8,66,28.79014412081535
8,67,27.54049770209424
8,68,26.716286283764358
8,69,25.128440721297622
8,70,22.911838566091703
8,71,22.227030596050497
8,72,21.21036326873023
8,73,18.638773913350906
8,74,17.21644176986138
8,75,17.34134157994945
8,76,15.638597788734119
8,77,12.731335307565491
8,78,12.344655438966683
8,79,12.932518637868505
8,80,10.673862278598362
8,81,7.619331971728542
8,82,8.5039286696436
8,83,9.574520734657565
8,84,6.422769887866581
8,85,5.451419509121008
8,86,9.03996285276378
8,87,8.96906544589875
8,88,6.926565951282236
8,89,9.501274066011804
8,90,12.144654371090178
8,91,11.63841632408225
8,92,11.948759512835244
8,93,15.010917266734008
8,94,16.474098032292854
8,95,16.489990544288176
8,96,18.167387327275915
8,97,20.67626972945955
8,98,21.662605917005138
8,99,22.409576609920475
8,100,24.275039784857366
8,101,26.222601400373435
8,102,27.055639997707488
8,103,24.93694572261368
9,1,10.938784735979317
9,2,11.131732850250957
9,3,9.83117930526482
9,4,8.525611448968174
9,5,6.141964873482195
9,6,5.0421375104666195
9,7,5.389509727219283
9,8,3.7826436013968454
9,10,3.787978397656421
9,11,5.437346067198851
9,12,5.2325040089329
9,13,6.523453620003841
9,14,8.733745721420114
9,15,10.01477644098485
9,16,11.01834754646711
9,17,12.704781301481969
9,18,14.439791704582209
9,19,15.627726421415083
9,20,16.96212779813892
9,21,18.5289923637493
9,22,19.827165145186374
9,23,21.690946580967882
9,24,23.494404262867096
9,25,24.40428610956875
9,26,25.531993042202053
9,27,27.89648926783655
9,28,29.029983161270547
9,29,29.822948103552143
9,30,31.44220533331986
9,31,33.79683261597046
9,32,37.0615372986629
9,33,37.04721910040929
9,34,39.73004814366334
9,35,38.415821688952164
9,36,34.68917967460254
9,37,32.77094598312152
9,38,29.2363331500631
9,39,30.522696134151712
9,40,29.257814623248525
9,41,25.73036759054815
9,42,24.969183088523533
9,43,25.880023943647444
9,44,24.28075126880414
9,45,20.871943675663086
9,46,21.908014272925442
9,47,22.89530145976394
9,48,19.656157140482147
9,49,17.53470231301526
9,50,20.27402269807601
9,51,20.355677341878252
9,52,16.694479341434
9,53,16.90786853223291
9,54,20.15560490580645
9,55,22.231452160322828
9,56,24.71007606576477
9,57,27.288181431752182
9,58,29.447049577062824
9,59,30.2971737359847
9,60,28.925987089847055
9,61,28.533538477743225
9,62,29.270935287441343
9,63,32.789391900848685
9,64,32.64397722767888
9,65,31.6610100160219
9,66,28.982889926022626
9,67,27.66137636582879
9,68,27.352437168088038
9,69,25.785804492972616
9,70,23.151178109890807
9,71,22.82261805985553
9,72,22.326523313038123
9,73,19.436200547555327
9,74,17.78204437302549
9,75,18.633294357011593
9,76,17.314043252960722
9,77,13.911961603870726
9,78,13.67037730747968
9,79,15.158731024630912
9,80,13.210619411542474
9,81,9.72997762579318
9,82,10.96170227132459
9,83,12.810364361496788
9,84,9.961640403446427
9,85,8.758588508816501
9,86,12.48138618000303
9,87,12.72558283737713
9,88,10.378625682108593
9,89,12.564452796693224
9,90,15.550075776861844
9,91,14.816581977161505
9,92,14.530097700482555
9,93,17.79239237753044
9,94,19.49390392453697
9,95,19.01799070656303
9,96,20.41782222137157
9,97,23.29670694072488
9,98,24.24512571480158
9,99,24.51836103195537
9,100,26.476777278429335
9,101,28.68325918583938
9,102,29.20411976395304
9,103,27.168508212276198
10,1,12.672216735453945
10,2,12.619179176457463
10,3,10.34839345674373
10,4,9.731592767873563
10,5,8.54941545789377
10,6,6.079415843492055
10,7,5.048002606020649
10,8,5.515393894991182
10,9,3.787978397656421
10,11,3.8005820300847803
10,12,5.355239480555618
10,13,5.180738158195001
10,14,6.085081721169181
10,15,8.499445017076235
10,16,9.958399409801407
10,17,10.576102232445768
10,18,12.223036075335937
10,19,14.216997204390749
10,20,15.353896926048698
10,21,16.237272285748976
10,22,17.797325556704436
10,23,20.08362485389072
10,24,21.488928854041784
10,25,22.055585144218064
10,26,23.555311195198176
10,27,26.043923700531145
10,28,26.7564272239837
10,29,27.496353650951473
10,30,29.469606003186932
10,31,31.839534484040197
10,32,34.9462260592327
10,33,35.084099413382646
10,34,37.99744266089305
10,35,36.99832724371586
10,36,33.222845079241885
10,37,31.636533247940907
10,38,27.961699813815606
10,39,29.086433603762032
10,40,28.081248437832926
10,41,24.582677075568032
10,42,24.379242025136236
10,43,25.34309715688737
10,44,23.26986996017051
10,45,20.12856244428646
10,46,21.691660347188893
10,47,22.27706244083155
10,48,18.73779259659063
10,49,17.29608811013823
10,50,20.270736566157748
10,51,19.77923738962846
10,52,16.104504145854975
10,53,17.140201155014758
10,54,20.05542152976042
10,55,22.54304159777851
10,56,24.564613839037836
10,57,27.402308411252715
10,58,29.128259092928463
10,59,30.05105484206823
10,60,28.24900804795037
10,61,27.45695745359386
10,62,27.71730956628022
10,63,31.08683962447089
10,64,30.54911515866235
10,65,29.309362858337934
10,66,26.473648906435468
10,67,25.532717048424807
10,68,25.341443398218964
10,69,23.395273689881837
10,70,20.830640558271064
10,71,21.014051067639674
10,72,20.37174292251907
10,73,17.139351344795752
10,74,16.026403928508117
10,75,17.32207717814946
10,76,15.647443023201323
10,77,12.117756999479202
10,78,12.880439871277632
10,79,14.607908987292534
10,80,12.24593984790617
10,81,9.16785085486799
10,82,11.609531509613964
10,83,13.164066952462342
10,84,10.277171799718486
10,85,10.426698483408156
10,86,14.094117348071872
10,87,13.844289275060305
10,88,12.186923662218945
10,89,15.007884204410294
10,90,17.48367811279454
10,91,16.599932327816436
10,92,17.040129753972955
10,93,20.33883939431373
10,94,21.550477248588717
10,95,21.198811360730417
10,96,23.07478628363799
10,97,25.77084532644845
10,98,26.39495423423209
10,99,26.960033490420805
10,100,29.15061075464741
10,101,31.04440849861247
10,102,31.5099649691503
10,103,29.147355797379245
11,1,15.178015880102762
11,2,14.384072481199908
11,3,11.817777168004168
11,4,10.127327032038488
11,5,9.669574733737624
11,6,8.416308143634014
11,7,5.883908264776177
11,8,5.080101274845022
11,9,5.437346067198851
11,10,3.8005820300847803
11,12,3.8027044326556596
11,13,5.544687224584512
11,14,5.0892518584332995
11,15,6.018610109381723
11,16,8.62748568236845
11,17,9.77262290780111
11,18,10.313669641611934
11,19,12.117846578305167
11,20,14.082435339993005
11,21,14.934343138358045
11,22,15.730007028924094
11,23,18.18659943925159
11,24,20.06800082755411
11,25,20.334456656505004
11,26,21.363776071099014
11,27,24.14188456330654
11,28,25.08728020546271
11,29,25.42479645286802
11,30,27.189088417058244
11,31,29.8397572459839
11,32,32.893303908273246
11,33,32.68457365373567
11,34,35.5149665568251
11,35,34.35612936195049
11,36,30.630760600405818
11,37,29.1016716519697
11,38,25.5237925214827
11,39,27.041141413753568
11,40,26.34633733327204
11,41,23.06381349336275
11,42,22.818037284886557
11,43,23.263007513619495
11,44,21.09931679732215
11,45,18.133549167025237
11,46,19.366780492530943
11,47,19.549435285925966
11,48,16.024251324378646
11,49,14.541973830930964
11,50,17.195180166116913
11,51,16.433129568088326
11,52,12.683534651967738
11,53,13.699318933257008
11,54,16.428786671540514
11,55,19.10040251335293
11,56,21.13057113635996
11,57,24.12607830697386
11,58,25.84144787945319
11,59,27.039376158685766
11,60,25.32101235275614
11,61,24.394835236082443
11,62,24.798468738208268
11,63,28.15526759722931
11,64,27.822766682631233
11,65,26.581806676406316
11,66,24.019499842267184
11,67,22.917405587693498
11,68,22.361339682269435
11,69,20.5925817168165
11,70,18.20566835400196
11,71,17.947904240505057
11,72,17.122446284004546
11,73,14.169746558656705
11,74,12.905777081905136
11,75,13.767445594749855
11,76,12.106507901330865
11,77,8.671732263751105
11,78,9.204402724754457
11,79,10.809763919382144
11,80,8.611613659446537
11,81,5.418016919148478
11,82,8.18563765033068
11,83,9.864557962502886
11,84,7.57308672261893
11,85,8.199819872611311
11,86,11.699868772080656
11,87,11.886027363606742
11,88,11.146919130894613
11,89,13.80433052194038
11,90,16.092531028832703
11,91,15.943310278637648
11,92,16.79533346867172
11,93,19.639511115566396
11,94,20.896522436706526
11,95,21.220292398891505
11,96,23.093847623552726
11,97,25.394124123875855
11,98,26.32022406891255
11,99,27.30704226299864
11,100,29.188696170212424
11,101,30.974530917193775
11,102,31.88062569914191
11,103,29.59141410175169
12,1,16.143240929999756
12,2,15.969178188743735
12,3,14.12402453001069
12,4,12.184622433124835
12,5,10.64668433117832
12,6,9.888548029147037
12,7,8.51791939394748
12,8,6.2831794053185686
12,9,5.2325040089329
12,10,5.355239480555618
12,11,3.8027044326556596
12,13,3.808079254968429
12,14,5.441300816021111
12,15,5.134944816392314
12,16,6.320164033773866
12,17,8.695226055447346
12,18,9.87568365846843
12,19,10.58382739214023
12,20,12.374070448913157
12,21,14.15229238658355
12,22,14.982477571296027
12,23,16.74040294269323
12,24,18.88310203104139
12,25,19.793732491426393
12,26,20.583452332528964
12,27,22.984681776593995
12,28,24.368933855393003
12,29,25.056355780333448
12,30,26.44720283034886
12,31,28.86357990015025
12,32,32.16081865964057
12,33,32.015161379388495
12,34,34.60502046301592
12,35,33.21250075967295
12,36,29.500351953238233
12,37,27.561768955070836
12,38,24.05168519597658
12,39,25.472394875196503
12,40,24.3477753799742
12,41,20.943370002945237
12,42,20.225452747479686
12,43,20.871712268514163
12,44,19.16737387869889
12,45,15.842939773890413
12,46,16.87701225896213
12,47,17.691463371237774
12,48,14.42402285960636
12,49,12.402071455393743
12,50,15.295809606510208
12,51,15.333461206733823
12,52,11.760953680488322
12,53,12.390589162779992
12,54,15.663118472021813
12,55,17.714235366996665
12,56,19.878720070459977
12,57,22.461854244722932
12,58,24.433826108803938
12,59,25.21431377280159
12,60,23.724859469392737
12,61,23.343303645006547
12,62,24.14111961897733
12,63,27.713527214144577
12,64,27.731414341223598
12,65,26.999646288835557
12,66,24.39097063618975
12,67,22.773356801204578
12,68,22.541489968728857
12,69,21.303500030744658
12,70,18.487201694880277
12,71,17.94200137736323
12,72,17.855907131307806
12,73,15.129020370597363
12,74,12.973466581093334
12,75,14.059720664609689
12,76,13.403539164038419
12,77,9.83877123289626
12,78,9.225285244720279
12,79,11.581801811115973
12,80,10.543753110925651
12,81,6.814555493747848
12,82,8.352824713813726
12,83,11.19646616592696
12,84,9.632381080755355
12,85,8.857870669519002
12,86,12.481756937289905
12,87,13.656734517132199
12,88,12.56925177856255
12,89,14.399967787375546
12,90,17.296252403305438
12,91,17.551585179626706
12,92,17.689620398463425
12,93,20.37814350249684
12,94,22.24293696829312
12,95,22.526149518487177
12,96,23.844654364858023
12,97,26.319869698062032
12,98,27.658686204831167
12,99,28.32703721852109
12,100,29.913933474894492
12,101,32.077865604887386
12,102,33.052830555046455
12,103,31.104979936293187
13,1,16.8839897303235
13,2,17.29634744369554
13,3,15.385513525109742
13,4,14.2973853540664
13,5,12.582807442663878
13,6,10.750951237236789
13,7,9.928166644048078
13,8,8.868317866196731
13,9,6.523453620003841
13,10,5.180738158195001
13,11,5.544687224584512
13,12,3.808079254968429
13,14,3.788603552881067
13,15,5.459112850953448
13,16,5.186964747497628
13,17,6.311460686049999
13,18,8.749730426358424
13,19,9.982901724200076
13,20,10.658471242972302
13,21,12.24213783208478
13,22,13.988268892192336
13,23,15.681313869130252
13,24,17.149255413803413
13,25,18.30113831394941
13,26,19.704157296613587
13,27,21.798206792872097
13,28,22.81812128800286
13,29,23.94790396786546
13,30,25.64650341430403
13,31,27.73488289231421
13,32,31.04539696671361
13,33,31.34307355562625
13,34,34.090639875135814
13,35,33.01580366679695
13,36,29.2377320399228
13,37,27.394703588745333
13,38,23.721309387029958
13,39,24.601745513845582
13,40,23.28070376849672
13,41,19.685906191790856
13,42,19.36940020936594
13,43,20.60701003017083
13,44,18.71593729956875
13,45,15.416766107841541
13,46,17.219974902912817
13,47,18.21302973441647
13,48,14.805871695902418
13,49,13.453147832371938
13,50,16.862681624921585
13,51,16.835816385557653
13,52,13.525565924747891
13,53,14.903776013772692
13,54,18.034893368902367
13,55,20.05486165714284
13,56,21.72707819677197
13,57,24.213123463623926
13,58,25.8216439322433
13,59,26.244964486405635
13,60,24.364339327274784
13,61,23.940359922160212
13,62,24.317227577801543
13,63,27.83909465274067
13,64,27.491862750090213
13,65,26.783142045697684
13,66,23.79457285041263
13,67,22.398869059367815
13,68,22.73512257032773
13,69,21.266929557354135
13,70,18.16256721713375
13,71,18.341776995847287
13,72,18.609971613850533
13,73,15.447738868626377
13,74,13.566445392248218
13,75,15.554805080444229
13,76,14.949385208228316
13,77,11.15124214069357
13,78,11.430853816461818
13,79,14.286157983977379
13,80,13.103219034688594
13,81,9.728872894975668
13,82,11.91399189745638
13,83,14.586763428674509
13,84,12.805260226495818
13,85,12.45746645951974
13,86,16.14253437337585
13,87,16.945045338033793
13,88,15.664400408070694
13,89,17.79527395247708
13,90,20.661683232750274
13,91,20.49577318591543
13,92,20.610974400951328
13,93,23.582648353540854
13,94,25.306952909787302
13,95,25.240985198640246
13,96,26.678004122662507
13,97,29.360624719108557
13,98,30.446625001821413
13,99,30.92606148533404
13,100,32.76057911716542
13,101,34.932073828743945
13,102,35.61803674606015
13,103,33.529377410844056
14,1,18.748605329890044
14,2,18.575261042855814
14,3,15.993846290525296
14,4,14.9305751617751
14,5,14.145989610213212
14,6,12.128434021924885
14,7,10.232893672243996
14,8,9.907522194877744
14,9,8.733745721420114
14,10,6.085081721169181
14,11,5.0892518584332995
14,12,5.441300816021111
14,13,3.788603552881067
14,15,3.7971219445160553
14,16,5.390906938237699
14,17,4.9505556275432925
14,18,6.186092449875608
14,19,8.627201406309105
14,20,9.734998177289869
14,21,10.240411163721589
14,22,11.76349480617548
14,23,14.210019564509299
14,24,15.5334428669112
14,25,15.977977762845399
14,26,17.521002861453045
14,27,20.02429551558015
14,28,20.68880696039373
14,29,21.4375410398548
14,30,23.436027779357303
14,31,25.777493437012392
14,32,28.865204781647975
14,33,29.071964731634935
14,34,32.03384732339044
14,35,31.18645503994965
14,36,27.391330099027392
14,37,25.970695972617094
14,38,22.221638021130083
14,39,23.228031797474966
14,40,22.450502035116273
14,41,19.075854407194242
14,42,19.354639975030057
14,43,20.230557158013877
14,44,17.757717499275106
14,45,14.951271393308938
14,46,17.02664202658415
14,47,17.242498064082408
14,48,13.538845171827477
14,49,12.959603030834018
14,50,16.24478483807474
14,51,15.390192452532032
14,52,12.077652166539282
14,53,14.207836372916844
14,54,16.77224628320846
14,55,19.304709919631648
14,56,20.56434945077261
14,57,23.413791228990455
14,58,24.600330474618733
14,59,25.342531137633664
14,60,23.113397963627783
14,61,22.13751847827526
14,62,22.08136770600704
14,63,25.418990125697093
14,64,24.760516671177296
14,65,23.70558897320007
14,66,20.716686715691978
14,67,19.68508142310605
14,68,19.860514318064524
14,69,18.023793794349302
14,70,15.131706264114733
14,71,15.63730313494153
14,72,15.554755641899622
14,73,12.147262375964793
14,74,10.878414385942813
14,75,13.093559407818415
14,76,12.07915644091005
14,77,8.309608129576045
14,78,9.670896054584645
14,79,12.504448328602944
14,80,11.076621383151826
14,81,8.456051698442524
14,82,11.513466478226922
14,83,13.689648674647755
14,84,12.177467216146347
14,85,12.914901436160768
14,86,16.31223441203161
14,87,16.774941671183804
14,88,16.22990123300128
14,89,18.748417481981242
14,90,21.11074420884277
14,91,21.026329227681174
14,92,21.80408034071333
14,93,24.663156317338053
14,94,25.985741629548695
14,95,26.241955047780742
14,96,28.06612874344767
14,97,30.450846868619728
14,98,31.36838922589477
14,99,32.25476575621561
14,100,34.17165701924897
14,101,36.02310779987207
14,102,36.8397694659096
14,103,34.51381882195999
15,1,20.712628207215143
15,2,20.269367054804174
15,3,17.829055545663756
15,4,16.003188972261
15,5,15.235240537233594
15,6,14.08325211044985
15,7,11.8959202852298
15,8,10.498538426992345
15,9,10.01477644098485
15,10,8.499445017076235
15,11,6.018610109381723
15,12,5.134944816392314
15,13,5.459112850953448
15,14,3.7971219445160553
15,16,3.800706662173878
15,17,5.302180125693187
15,18,4.96045413617036
15,19,6.105524606009566
15,20,8.456496188332103
15,21,9.625293654158458
15,22,10.021419878515529
15,23,12.220748935842515
15,24,14.383320114566665
15,25,14.881998306523638
15,26,15.637336059395054
15,27,18.273860964480264
15,28,19.523418508982573
15,29,20.000573997502133
15,30,21.502064335793953
15,31,24.044990165042915
15,32,27.229861445324953
15,33,27.06371026739949
15,34,29.788779972218556
15,35,28.599416566791614
15,36,24.848147786912957
15,37,23.22151896062227
15,38,19.599260712169713
15,39,21.041417724564486
15,40,20.356528101083
15,41,17.15411098283494
15,42,17.067996227592978
15,43,17.434466595857838
15,44,15.113070908263659
15,45,12.259334484973897
15,46,13.827060965220717
15,47,13.919764428312856
15,48,10.285261895470805
15,49,9.34819110262076
15,50,12.498452688587545
15,51,11.763509013849971
15,52,8.41168502940996
15,53,10.500840788566784
15,54,13.14673562881132
15,55,15.536441145389915
15,56,16.855805582876613
15,57,19.670338516976756
15,58,21.004912989019537
15,59,21.82416025467622
15,60,19.811391822958083
15,61,19.005224080529437
15,62,19.38662734189969
15,63,22.881160680728456
15,64,22.69556200913953
15,65,21.952017637546007
15,66,19.273768285508282
15,67,17.69676299007814
15,68,17.61796096480149
15,69,16.35243584968394
15,70,13.395210279295078
15,71,13.102487802738965
15,72,13.309825889210952
15,73,10.43295341183929
15,74,8.209962481932452
15,75,10.130829944373875
15,76,9.913718073586159
15,77,6.226787031360075
15,78,6.479920037972817
15,79,9.825611168251088
15,80,9.468977562888279
15,81,6.841661460696469
15,82,9.278439083552222
15,83,11.998380535605271
15,84,11.496775844572715
15,85,11.940895541569784
15,86,14.99032593484466
15,87,16.188146417128635
15,88,16.135878068386983
15,89,18.105275855419585
15,90,20.507956343925468
15,91,21.10898227787359
15,92,21.845034396530437
15,93,24.264156560607304
15,94,25.86017392879004
15,95,26.571407975266162
15,96,28.1325371676299
15,97,30.277716570718805
15,98,31.593141974526578
15,99,32.63854957685988
15,100,34.18157907053744
15,101,36.10798571448283
15,102,37.283427800867095
15,103,35.18434437239725
16,1,21.81057889349667
16,2,21.98626648328524
16,3,19.959427591768936
16,4,18.333242337747823
16,5,16.865540714146533
16,6,15.581823925362414
16,7,14.183593507818681
16,8,12.540467600918742
16,9,11.01834754646711
16,10,9.958399409801407
16,11,8.62748568236845
16,12,6.320164033773866
16,13,5.186964747497628
16,14,5.390906938237699
16,15,3.800706662173878
16,17,3.805237628876412
16,18,5.425147730414121
16,19,5.084495010701646
16,20,6.116620442962051
16,21,8.506212531985081
16,22,9.624668073324742
16,23,10.801648797207388
16,24,12.791746043596804
16,25,14.222075612288032
16,26,15.116691207734602
16,27,17.076518074982662
16,28,18.559583656477997
16,29,19.7005267712047
16,30,20.99181255626231
16,31,23.051598678260582
16,32,26.479410354836986
16,33,26.65959063041372
16,34,29.224089015265726
16,35,28.005217546644978
16,36,24.250864635918244
16,37,22.265812310504945
16,38,18.630308965293736
16,39,19.589415645970714
16,40,18.289957027430837
16,41,14.788617155194858
16,42,14.44615347312179
16,43,15.474384718227554
16,44,13.54505516457584
16,45,10.25182393682742
16,46,12.209405982057248
16,47,13.190543060638795
16,48,9.87297061370779
16,49,8.853608462386495
16,50,12.53630057229978
16,51,12.688762069206298
16,52,9.98289448392228
16,53,11.88774621921342
16,54,14.815387061110766
16,55,16.468686573834983
16,56,17.600534535577548
16,57,19.859487748170924
16,58,21.211641212725524
16,59,21.361206806865944
16,60,19.362564427189977
16,61,19.124975954283364
16,62,19.639633198273497
16,63,23.256544266750296
16,64,23.192626611169565
16,65,22.964485097522775
16,66,20.06837444527175
16,67,18.162932496533845
16,68,18.772667698144033
16,69,17.90860349532168
16,70,14.490868539287161
16,71,14.396722483440424
16,72,15.49798945358586
16,73,12.766224792638711
16,74,10.1153438843586
16,75,12.561978120419743
16,76,13.137155885276506
16,77,9.674289472988262
16,78,9.407542749290227
16,79,13.023024534392368
16,80,13.138334046382626
16,81,10.280236074682067
16,82,12.05806341560793
16,83,15.226058557511145
16,84,14.697206486467834
16,85,14.434720739171311
16,86,17.652096491707958
16,87,19.172683422606866
16,88,18.65063615023508
16,89,20.306937907204553
16,90,23.10807292418963
16,91,23.676922431776163
16,92,23.9149572269181
16,93,26.411469607560456
16,94,28.341099392458464
16,95,28.802962008338294
16,96,30.052496719901974
16,97,32.44623305703134
16,98,33.90225703413878
16,99,34.61042018194754
16,100,36.08778108235255
16,101,38.29115736403266
16,102,39.34784996450995
16,103,37.41613511603693
17,1,22.94957077333783
17,2,23.169664135455395
17,3,20.79747801264123
17,4,19.71781231374178
17,5,18.572540179103388
17,6,16.606018105307562
17,7,15.08623545007839
17,8,14.359505773734663
17,9,12.704781301481969
17,10,10.576102232445768
17,11,9.77262290780111
17,12,8.695226055447346
17,13,6.311460686049999
17,14,4.9505556275432925
17,15,5.302180125693187
17,16,3.805237628876412
17,18,3.8131400356782277
17,19,5.499486568511835
17,20,5.076051816812223
17,21,5.956545741209398
17,22,8.252659166910831
17,23,10.039188594205383
17,24,10.99043982638416
17,25,12.101291619872322
17,26,13.861122591100552
17,27,15.81650094052647
17,28,16.569541997278442
17,29,17.888276679021136
17,30,19.76462246582591
17,31,21.685267865849205
17,32,24.938633605976754
17,33,25.490884002619104
17,34,28.37441652032592
17,35,27.64196662765161
17,36,23.841224974357438
17,37,22.308083907886942
17,38,18.506319430432605
17,39,19.001364138652857
17,40,17.953687730852344
17,41,14.479091061099219
17,42,15.08125809454457
17,43,16.395957859428794
17,44,13.873500637232251
