1,2,3.775810661803289
1,3,5.900609336335257
1,4,8.815398533324663
1,5,8.923348130744317
1,6,6.025574290838752
1,7,7.668809737856437
1,8,10.837722387282673
1,9,10.161452366908824
1,10,9.490895321636765
1,11,12.573124941236742
1,12,14.580341012488141
1,13,14.156346661145632
1,14,15.016532656124545
1,15,17.962156705804876
1,16,19.194610130889657
1,17,19.14842895419262
1,18,21.010187126708093
1,19,23.585367291161916
1,20,24.098278929019028
1,21,24.65503036610305
1,22,27.09957516772732
1,23,28.833493463567763
1,24,29.26274926538522
1,25,30.81975897517398
1,26,34.580062866696196
1,27,35.23977687825939
1,28,37.03407392916674
1,29,40.77357695717485
1,30,41.528413027453865
1,31,40.64557218451108
1,32,36.91022259362012
1,33,34.623993883337995
1,34,32.711210030182485
1,35,29.133041420458735
1,36,26.84152035159646
1,37,23.43085289907208
1,38,23.888755472836188
1,39,20.77400441493344
1,40,19.105569373438954
1,41,19.83382931223241
1,42,21.749645018943955
1,43,25.32616497744784
1,44,27.409126362521256
1,45,31.157021909641788
1,46,32.54740610689778
1,47,35.87737926673957
1,48,38.36705648755568
1,49,39.20014404971929
1,50,36.143777577986015
1,51,32.90484022759661
1,52,30.049590577650807
1,53,26.68442986837587
1,54,23.27351573301033
1,55,20.33247189675767
1,56,17.765330163388025
1,57,15.55074058589917
1,58,12.504332738297444
1,59,10.305767815090302
1,60,10.698531712821293
1,61,8.105253089408023
1,62,10.733762413547831
1,63,11.687298539974126
1,64,12.254109866507717
1,65,14.956234996165845
1,66,16.652998188198236
1,67,16.401632508458093
1,68,20.186168756542322
1,69,21.08168497091339
1,70,22.61489042647422
1,71,23.243045515234808
1,72,27.051931443681607
1,73,29.541844581545966
1,74,33.269400810517055
1,75,34.9199197147784
1,76,38.55408971831742
1,77,41.66553914498472
1,78,42.13154458947084
1,79,38.79001305700942
1,80,37.46574551341916
1,81,34.29520441514242
1,82,34.99526278403161
1,83,33.90113768945814
1,84,31.472860674805727
1,85,27.89697810267546
1,86,26.40087330891783
1,87,22.65390282363912
1,88,23.261516967320116
1,89,21.91764475430889
1,90,18.437383601080526
1,91,18.32981524806925
1,92,16.017354768336457
1,93,18.162254241716735
1,94,16.90497916042685
2,1,3.775810661803289
2,3,3.833490966392189
2,4,6.8457190591101815
2,5,8.501489218160142
2,6,6.7934141883958885
2,7,7.114224630515656
2,8,10.605470959408258
2,9,11.268796435045981
2,10,10.689083561907117
2,11,12.86398130533974
2,12,15.446124270968005
2,13,15.755296725156935
2,14,16.067392466817886
2,15,18.693893099675837
2,16,20.56276823750787
2,17,20.763030508990862
2,18,22.050546118008693
2,19,24.684102824805514
2,20,25.715423443279885
2,21,26.126084376347645
2,22,28.19868123834506
2,23,30.218734887669687
2,24,30.939965068544527
2,25,32.176355724643926
2,26,35.927747305556444
2,27,36.206031483286644
2,28,37.854177846389575
2,29,41.62422772836509
2,30,42.06312505098949
2,31,40.86104879028977
2,32,37.067080524233354
2,33,34.52396812356177
2,34,32.83049963299904
2,35,29.420062942240683
2,36,26.98302446452208
2,37,23.44879032648491
2,38,23.30014621821062
2,39,20.099706053481427
2,40,18.187088833489238
2,41,19.437447778981912
2,42,21.918048263337102
2,43,25.387198259058746
2,44,27.87477565908229
2,45,31.55164949653206
2,46,32.6530937567098
2,47,35.94249324795485
2,48,38.14634957124118
2,49,38.67200995369353
2,50,35.62965473054034
2,51,32.20493366195754
2,52,29.63223494907266
2,53,26.304784554893807
2,54,23.102163439743173
2,55,20.270126450625376
2,56,17.199498972497384
2,57,15.36442067814753
2,58,12.952660630287015
2,59,10.485462046858316
2,60,9.600606137430804
2,61,6.257906921565318
2,62,8.938995853012507
2,63,11.012231214188358
2,64,11.962541119524683
2,65,13.809815481077774
2,66,15.608209101077943
2,67,16.215907292122708
2,68,19.9457780778669
2,69,20.307258930781767
2,70,21.8777091423393
2,71,22.24334846364466
2,72,26.016153248595305
2,73,28.549919529659494
2,74,32.35859669692085
2,75,34.33627569566255
2,76,37.85528482760646
2,77,41.13487622573789
2,78,41.68171869754025
2,79,38.521059553752394
2,80,36.911801918029916
2,81,33.55482761506131
2,82,33.86990746825394
2,83,32.4558979376899
2,84,29.855570375378765
2,85,26.39389908529635
2,86,24.71656400388938
2,87,20.94087768455227
2,88,21.195062717976153
2,89,20.258553993885485
2,90,16.792917644895613
2,91,15.990740810873996
2,92,13.350985876697154
2,93,15.575519783017512
2,94,13.872922532932703
3,1,5.900609336335257
3,2,3.833490966392189
3,4,3.8208419482188147
3,5,5.3375884307304995
3,6,5.326215581962246
3,7,6.21848814935985
3,8,8.747515045905281
3,9,9.938958020924185
3,10,10.630992944411696
3,11,12.35186582901599
3,12,14.442965537700921
3,13,15.529825601336304
3,14,16.340564421140932
3,15,18.349540174773065
3,16,20.190958400541966
3,17,21.091740591394625
3,18,22.390911974915216
3,19,24.557913781211067
3,20,25.86612249086716
3,21,26.753088514512267
3,22,28.556817785982492
3,23,30.318331572821776
3,24,31.43560581234293
3,25,32.83979184199484
3,26,36.55996533357358
3,27,36.773492738366485
3,28,38.690253980835024
3,29,42.445624639753284
3,30,42.9334971122728
3,31,41.59755627636638
3,32,37.81827467801854
3,33,35.072620793686205
3,34,33.138595963747534
3,35,29.833315252410223
3,36,27.02589869282573
3,37,23.333813534575324
3,38,22.98746829672623
3,39,19.455360947168955
3,40,18.153430019763764
3,41,19.969167690559015
3,42,22.533029961375405
3,43,26.132562022330685
3,44,28.817925466162244
3,45,32.38239583483545
3,46,33.717480823053506
3,47,37.16833772599328
3,48,39.197316541878436
3,49,39.84160185457613
3,50,37.02894885183963
3,51,33.639192975606996
3,52,31.013058623799868
3,53,27.941879930943294
3,54,24.64433184437727
3,55,22.223958437155378
3,56,19.07449390233911
3,57,16.811890799396277
3,58,14.826192636351365
3,59,11.634109696800198
3,60,11.103342983984659
3,61,8.403176838099366
3,62,11.692653149401789
3,63,13.755812042674373
3,64,15.337647949906998
3,65,17.01624136166434
3,66,18.385135510777847
3,67,19.07205658628286
3,68,22.810559618076315
3,69,22.763416747509563
3,70,23.861843378541945
3,71,23.673508865236204
3,72,27.34151477111229
3,73,29.504438121173923
3,74,33.314089404277645
3,75,35.19329026455824
3,76,38.59122844198894
3,77,41.97460784437386
3,78,42.21137797750545
3,79,39.06190419846293
3,80,37.20364217440729
3,81,33.92003259398414
3,82,34.264488435941026
3,83,32.57965374202149
3,84,30.248052855303456
3,85,26.988423059719896
3,86,25.715178450104528
3,87,22.06684941116849
3,88,22.62912604145025
3,89,22.243038921327486
3,90,18.614718004218833
3,91,17.54902294800232
3,92,15.202998932498133
3,93,17.87190801217604
3,94,15.9530423744441
4,1,8.815398533324663
4,2,6.8457190591101815
4,3,3.8208419482188147
4,5,3.7995886593829256
4,6,5.466829227805169
4,7,4.802639062635273
4,8,6.157546021809875
4,9,8.614673148498051
4,10,9.766548338025853
4,11,10.348098018615223
4,12,12.39559250347233
4,13,14.307323284594744
4,14,14.945345593170297
4,15,16.27557078698203
4,16,18.448720208057438
4,17,19.851466443300772
4,18,20.74183341389523
4,19,22.604547257283322
4,20,24.373197675552376
4,21,25.42282958235246
4,22,26.791975374868475
4,23,28.542878100558507
4,24,30.06286214954512
4,25,31.345446040173723
4,26,34.98840738883959
4,27,34.94744751266531
4,28,36.96002014422061
4,29,40.683104482308146
4,30,41.068382182585594
4,31,39.52834114004285
4,32,35.77481918924238
4,33,32.829042708510855
4,34,30.818015708212386
4,35,27.693888809284832
4,36,24.631064203433592
4,37,20.86827811964012
4,38,20.20040601409408
4,39,16.519655079382495
4,40,15.617079565344723
4,41,17.93003104520043
4,42,20.65774059381436
4,43,24.226102598802942
4,44,27.157325424580648
4,45,30.548265819626813
4,46,31.950857534346703
4,47,35.4836980139055
4,48,37.27365204368021
4,49,37.955850200372815
4,50,35.377275263541975
4,51,32.03539533253572
4,52,29.43364004455551
4,53,26.663303052854637
4,54,23.390945067697405
4,55,21.469290456919463
4,56,18.25754812459446
4,57,15.771359031271066
4,58,14.527781296683752
4,59,10.917372834115929
4,60,10.429711696636536
4,61,8.773590083823105
4,62,12.351700395147933
4,63,14.194328892250896
4,64,16.581902164692032
4,65,17.967599270897093
4,66,18.62726668176605
4,67,19.431396980306516
4,68,23.055500927780443
4,69,22.452690061732266
4,70,22.98389393886704
4,71,22.21481949379601
4,72,25.703300093317704
4,73,27.494790170186263
4,74,31.262710394443697
4,75,33.078510869223265
4,76,36.33019307673996
4,77,39.79583691610839
4,78,39.807186643855985
4,79,36.72973677986513
4,80,34.64498136451895
4,81,31.411110274290586
4,82,31.73321155717694
4,83,29.854075426137925
4,84,27.759229912888404
4,85,24.70001443988627
4,86,23.824026930446742
4,87,20.376874564797454
4,88,21.322835241120526
4,89,21.460205829383487
4,90,17.74839705295336
4,91,16.624997249992756
4,92,14.916410731931466
4,93,18.107970506272487
4,94,16.50217598817955
5,1,8.923348130744317
5,2,8.501489218160142
5,3,5.3375884307304995
5,4,3.7995886593829256
5,6,3.799056624025551
5,7,5.347438054643153
5,8,5.183983537144509
5,9,6.364118172699908
5,10,8.785677422718926
5,11,9.928439883899182
5,12,10.857241786894393
5,13,12.713370785726067
5,14,14.292137921641913
5,15,15.469932529547831
5,16,16.953855759036504
5,17,18.668805731246835
5,18,20.114180588188418
5,19,21.577691328434845
5,20,23.03810421098292
5,21,24.566629278186443
5,22,26.102712158703074
5,23,27.391219497181744
5,24,28.907754188867045
5,25,30.604955416809506
5,26,34.22888784961504
5,27,34.51158240063507
5,28,36.829842362052744
5,29,40.509555310270166
5,30,41.22574303469999
5,31,39.915333478277
5,32,36.232720617554925
5,33,33.42504359287542
5,34,31.058217267393747
5,35,27.838539649068053
5,36,24.698465045172664
5,37,20.975488774886646
5,38,20.83796933305399
5,39,17.07935955297067
5,40,16.815920595794147
5,41,18.866020186310088
5,42,21.06546962327297
5,43,24.801007414639606
5,44,27.44987865476775
5,45,30.833739351641146
5,46,32.643494641279375
5,47,36.297810177844234
5,48,38.25970186280111
5,49,39.294684607812584
5,50,36.8230481878882
5,51,33.67307983849713
5,52,30.78751604998007
5,53,28.108414680142122
5,54,24.60608126054146
5,55,22.7778289436556
5,56,19.955945658524488
5,57,16.96462592844396
5,58,15.376601636955657
5,59,11.66282585859558
5,60,12.380259679531026
5,61,11.174273175653829
5,62,14.950583113997574
5,63,16.143050540017885
5,64,18.43556779491162
5,65,20.401053081966193
5,66,20.95840512545178
5,67,21.15897827111168
5,68,24.86272168000113
5,69,24.546890480375392
5,70,24.88690349190035
5,71,24.13137851365181
5,72,27.606505620135366
5,73,29.184538068040233
5,74,32.86650308936206
5,75,34.31488653255021
5,76,37.606482093901505
5,77,40.95963539835515
5,78,40.72164931971683
5,79,37.479154068989665
5,80,35.53867089738115
5,81,32.54052072603935
5,82,33.25869282521932
5,83,31.565779200361163
5,84,29.785056323452395
5,85,26.724081905885924
5,86,26.19423068220171
5,87,22.828378738191905
5,88,24.181755786960508
5,89,24.12969843551958
5,90,20.333637555752052
5,91,19.706733299184727
5,92,18.224858931939135
5,93,21.43932474369194
5,94,20.012625078709114
6,1,6.025574290838752
6,2,6.7934141883958885
6,3,5.326215581962246
6,4,5.466829227805169
6,5,3.799056624025551
6,7,3.810333974832247
6,8,5.3396835831552965
6,9,4.875533219235161
6,10,6.106604297111784
6,11,8.494491985314252
6,12,9.795647351847077
6,13,10.57740174400533
6,14,12.094493097247165
6,15,14.083392984957518
6,16,15.361767655658653
6,17,16.409381717341766
6,18,18.162555761236057
6,19,20.053150827093262
6,20,21.08249863820023
6,21,22.323101465645582
6,22,24.27336399365198
6,23,25.679409824987413
6,24,26.77366560833043
6,25,28.50041064609337
6,26,32.20308817033067
6,27,32.7057707889816
6,28,34.90678429889317
6,29,38.61811967809923
6,30,39.44581596613628
6,31,38.375972169167106
6,32,34.67711303318332
6,33,32.12248016832903
6,34,29.81324306290666
6,35,26.378274118058066
6,36,23.561609080653792
6,37,19.952258472615366
6,38,20.30682124478291
6,39,16.80512350768243
6,40,16.08324271766734
6,41,17.44479865916377
6,42,19.35243864604871
6,43,23.133812872462336
6,44,25.486039358789927
6,45,29.040693139639437
6,46,30.839723377132135
6,47,34.436077820954004
6,48,36.68132755007692
6,49,37.79182945642829
6,50,35.13189146586231
6,51,32.02497870763618
6,52,28.999404372033393
6,53,26.097594816009618
6,54,22.493536278524438
6,55,20.33069343299963
6,56,17.75212793698312
6,57,14.713482734708718
6,58,12.511125510358958
6,59,9.078846687025017
6,60,10.371466757828598
6,61,9.21073175493167
6,62,12.913213844309611
6,63,13.541690779862048
6,64,15.556514686075662
6,65,17.993569135908523
6,66,18.617696159164776
6,67,18.350109901876653
6,68,22.11183067557508
6,69,22.238573695825433
6,70,22.80736762337854
6,71,22.5179045738484
6,72,26.13830721605063
6,73,27.97696987802205
6,74,31.658795383343733
6,75,33.026402959937066
6,76,36.49827921664759
6,77,39.713268383590254
6,78,39.67232758415541
6,79,36.30590194893379
6,80,34.68938674860282
6,81,31.696640574378378
6,82,32.59822509087591
6,83,31.276942981902568
6,84,29.35061554364201
6,85,26.027966688432947
6,86,25.287745838369275
6,87,21.788572904785397
6,88,23.161901904767124
6,89,22.545030831847864
6,90,18.7605351157353
6,91,18.675217071666555
6,92,17.18521571775481
6,93,20.221328966961206
6,94,19.176619094047165
7,1,7.668809737856437
7,2,7.114224630515656
7,3,6.21848814935985
7,4,4.802639062635273
7,5,5.347438054643153
7,6,3.810333974832247
7,8,3.798876457405668
7,9,5.4120308340960905
7,10,5.16676057212977
7,11,6.1595013410937725
7,12,8.711651988411369
7,13,9.978908672432867
7,14,10.34273115110627
7,15,12.186836607289653
7,16,14.316706808640193
7,17,15.289844197672457
7,18,16.291209753508866
7,19,18.438792351473
7,20,19.974708124074798
7,21,20.830971292184934
7,22,22.4293379518756
7,23,24.262758155523716
7,24,25.543304178204984
7,25,26.830127805817085
7,26,30.519324290124704
7,27,30.638744329871585
7,28,32.6355573597367
7,29,36.375823623076116
7,30,36.91379200351457
7,31,35.605538456190814
7,32,31.855489316213678
7,33,29.138775040855283
7,34,27.046070751974163
7,35,23.71788224256072
7,36,20.8752735397184
7,37,17.197096398920962
7,38,17.147564216668684
7,39,13.679565643877588
7,40,12.583114991041795
7,41,14.19821905874234
7,42,16.53666674237158
7,43,20.222254862340552
7,44,22.886571802615723
7,45,26.394371415304548
7,46,27.944253265124587
7,47,31.5072726531914
7,48,33.56582380058787
7,49,34.49262570065183
7,50,31.851274897268436
7,51,28.656333550394294
7,52,25.771349066320546
7,53,22.933597895491058
7,54,19.444599368345063
7,55,17.471037988993235
7,56,14.631813280108886
7,57,11.695773961600588
7,58,10.16661277785215
7,59,6.43066627783302
7,60,7.162409137850148
7,61,6.756927901121208
7,62,10.532835925559986
7,63,11.135553442754649
7,64,13.835857840631393
7,65,15.802449590226182
7,66,15.92072970819904
7,67,15.980055381978834
7,68,19.6268882735855
7,69,19.26793525972241
7,70,19.59969692683526
7,71,19.03917270338637
7,72,22.61767967255438
7,73,24.436772748766465
7,74,28.159558081125525
7,75,29.697339013035972
7,76,33.121241268649364
7,77,36.425922721737074
7,78,36.472240980065145
7,79,33.21432441598392
7,80,31.459102290458212
7,81,28.333112879635735
7,82,29.042056652507483
7,83,27.633729592632356
7,84,25.61452101883148
7,85,22.303095957758263
7,86,21.551020400926383
7,87,18.08055895426154
7,88,19.54108535535275
7,89,19.158086158306283
7,90,15.344899917253812
7,91,15.241171838798742
7,92,14.159219858209656
7,93,17.482041960407
7,94,16.816108835225766
8,1,10.837722387282673
8,2,10.605470959408258
8,3,8.747515045905281
8,4,6.157546021809875
8,5,5.183983537144509
8,6,5.3396835831552965
8,7,3.798876457405668
8,9,3.829223166058768
8,10,5.522258805187548
8,11,5.049932568092832
8,12,6.309777454144825
8,13,8.792791852891563
8,14,9.771702406908386
8,15,10.50312246286878
8,16,12.47555808725763
8,17,14.339420893151052
8,18,15.297079200824722
8,19,16.736030417452618
8,20,18.566319507236084
8,21,19.982399870032356
8,22,21.213351889305596
8,23,22.67158211453725
8,24,24.390267055448824
8,25,25.85562447841274
8,26,29.436255348478372
8,27,29.52309569121587
8,28,31.834122984460425
8,29,35.498895120161215
8,30,36.158223293235025
8,31,34.79856250953037
8,32,31.13775241507529
8,33,28.313466824511142
8,34,25.891752063283203
8,35,22.70918826850375
8,36,19.522312374599423
8,37,15.79889824531867
8,38,15.781253713829177
8,39,12.070665078622609
8,40,12.064646837287736
8,41,14.043096346838919
8,42,16.107961735642306
8,43,19.827112328991056
8,44,22.525302060983215
8,45,25.80947692679702
8,46,27.702842781781893
8,47,31.403734810652615
8,48,33.31505715066738
8,49,34.4960187103437
8,50,32.176703820719766
8,51,29.17813650675084
8,52,26.181678059782286
8,53,23.75204829633347
8,54,20.220090167828836
8,55,18.86502625822977
8,56,16.321849436385023
8,57,13.006106976216934
8,58,12.115418091442693
8,59,8.340500413986774
8,60,9.777634013130308
8,61,10.269999353111688
8,62,13.936817414308438
8,63,14.199302392759115
8,64,17.191768530138223
8,65,19.11083078331159
8,66,18.74534552734328
8,67,18.627630636998404
8,68,22.09640662806675
8,69,21.43954430286035
8,70,21.157245592440756
8,71,20.05215959433113
8,72,23.354025236355753
8,73,24.626446249316075
8,74,28.2069990907663
8,75,29.434098779708744
8,76,32.705682645989924
8,77,36.008722983200364
8,78,35.659293059571795
8,79,32.380985947022516
8,80,30.48295584048919
8,81,27.58315396881391
8,82,28.517872100025905
8,83,27.019486640970143
8,84,25.470802911938147
8,85,22.42687222343576
8,86,22.3074921083007
8,87,19.179672304545054
8,88,21.154510258060863
8,89,21.183809538499414
8,90,17.404646276232675
8,91,17.423715596518736
8,92,16.9084359426269
8,93,20.46315829438635
8,94,19.92247425625303
9,1,10.161452366908824
9,2,11.268796435045981
9,3,9.938958020924185
9,4,8.614673148498051
9,5,6.364118172699908
9,6,4.875533219235161
9,7,5.4120308340960905
9,8,3.829223166058768
9,10,3.8291452697321446
9,11,5.419087980983582
9,12,5.195569687952227
9,13,6.424536036977371
9,14,8.662379518187642
9,15,9.952619127896348
9,16,10.832433189726254
9,17,12.477671558516832
9,18,14.338981866488483
9,19,15.698637509666018
9,20,16.807966572887963
9,21,18.49686505960836
9,22,20.244775235599395
9,23,21.319135169669355
9,24,22.683015836959015
9,25,24.589025070465652
9,26,28.20716956571016
9,27,28.77668512150007
9,28,31.262415901444726
9,29,34.89825994916194
9,30,35.92842931832659
9,31,34.95392896785518
9,32,31.36495699610782
9,33,28.87460887254672
9,34,26.224253760453106
9,35,22.827404643407014
9,36,19.88083898624454
9,37,16.377496859852556
9,38,17.220363128179415
9,39,13.81877910238023
9,40,13.95502601312644
9,41,15.083905967002048
9,42,16.381380091593677
9,43,20.20254531925439
9,44,22.369780326506575
9,45,25.750305546291877
9,46,27.95898516052001
9,47,31.67880522211246
9,48,33.92834447348541
9,49,35.41842131833831
9,50,33.04920262891424
9,51,30.243085151856505
9,52,26.973680765859697
9,53,24.46016723562983
9,54,20.735292634922107
9,55,19.189893114068514
9,56,17.171862691195805
9,57,13.582945151965362
9,58,11.931677457117008
9,59,8.561968788279275
9,60,11.140236851983301
9,61,11.63107188028477
9,62,15.21069282333129
9,63,14.837355468176863
9,64,17.39786148876981
9,65,19.9521877493886
9,66,19.701426083799532
9,67,18.885033031992545
9,68,22.401713233681136
9,69,22.31488216425147
9,70,22.138963793474744
9,71,21.44748150271563
9,72,24.80111266980516
9,73,26.120018006187728
9,74,29.59586544726067
9,75,30.490251324623202
9,76,33.8921880036593
9,77,36.98425562552651
9,78,36.59463543828721
9,79,33.12371285806845
9,80,31.59469656913997
9,81,28.91161334501008
9,82,30.247017445898173
9,83,29.147749529736664
9,84,27.715188567143514
9,85,24.53730527907721
9,86,24.452189099350882
9,87,21.313790154503586
9,88,23.422288780946374
9,89,22.93313161791005
9,90,19.18505455368597
9,91,19.750273961660348
9,92,19.169128115172786
9,93,22.511810085783253
9,94,22.12258621872011
10,1,9.490895321636765
10,2,10.689083561907117
10,3,10.630992944411696
10,4,9.766548338025853
10,5,8.785677422718926
10,6,6.106604297111784
10,7,5.16676057212977
10,8,5.522258805187548
10,9,3.8291452697321446
10,11,3.847531214895181
10,12,5.448059733492651
10,13,5.112377021363803
10,14,6.036624972201803
10,15,8.54654660166985
10,16,9.894079204045731
10,17,10.469608812091563
10,18,12.133188464292509
10,19,14.299361667789949
10,20,15.271131425682391
10,21,16.261513908689473
10,22,18.265059862562666
10,23,19.837835827277218
10,24,20.831881919766627
10,25,22.428207738958214
10,26,26.145264832345273
10,27,26.668465935990252
10,28,28.857294582896422
10,29,32.562793397127805
10,30,33.48350005578155
10,31,32.577658560011464
10,32,28.92351907474439
10,33,26.57888933390219
10,34,24.18007763046706
10,35,20.625764771449184
10,36,18.04362802645953
10,37,14.641738553454722
10,38,15.707878534073275
10,39,12.704724568008976
10,40,12.035036334976574
10,41,12.481635803418058
10,42,13.727671259578921
10,43,17.53789888537414
10,44,19.604400604703738
10,45,23.16967383154422
10,46,25.159046352646957
10,47,28.78802993683318
10,48,31.202618937620198
10,49,32.60375283726445
10,50,30.03085531688492
10,51,27.188177312410335
10,52,23.892676389910754
10,53,21.16041438329885
10,54,17.405777101310097
10,55,15.588070972460718
10,56,13.70949725095578
10,57,10.133709596231657
10,58,8.16792782103515
10,59,5.095038444275361
10,60,8.31670248485407
10,61,9.459772337173993
10,62,12.603950833411728
10,63,11.559133603018113
10,64,14.151193248352106
10,65,16.824859155448973
10,66,16.341737001514094
10,67,15.220741322497735
10,68,18.686893487877157
10,69,18.77178313080458
10,70,18.70803640089583
10,71,18.367295278874767
10,72,21.827695211548125
10,73,23.43051803041704
10,74,26.930392165238633
10,75,27.89827560441493
10,76,31.446598453301338
10,77,34.46892336697299
10,78,34.373252077800224
10,79,30.8717887426549
10,80,29.56725165416345
10,81,26.778296153354816
10,82,28.113167347980824
10,83,27.300879803917194
10,84,25.632149194359407
10,85,22.233685680256894
10,86,21.884591453119818
10,87,18.670663806361084
10,88,20.766046878225758
10,89,19.86663015407584
10,90,16.209900210292474
10,91,17.27059461161598
10,92,16.905257894974927
10,93,20.092607048212578
10,94,20.204765667477798
11,1,12.573124941236742
11,2,12.86398130533974
11,3,12.35186582901599
11,4,10.348098018615223
11,5,9.928439883899182
11,6,8.494491985314252
11,7,6.1595013410937725
11,8,5.049932568092832
11,9,5.419087980983582
11,10,3.847531214895181
11,12,3.817862063954645
11,13,5.428798705209616
11,14,4.936818202463423
11,15,6.041931497205722
11,16,8.58610237139666
11,17,9.863214269851547
11,18,10.427824814234308
11,19,12.34503163314733
11,20,14.213663813705736
11,21,15.191056430835708
11,22,16.46070103038275
11,23,18.25284947894811
11,24,19.81077781288557
11,25,21.03824213722088
11,26,24.660648365575845
11,27,24.725568994849276
11,28,26.926998192101216
11,29,30.622105342101094
11,30,31.30980489599359
11,31,30.091529906792445
11,32,26.42257415483443
11,33,23.789615070643194
11,34,21.370274554035664
11,35,18.011957623892563
11,36,15.078298634075638
11,37,11.462144934699907
11,38,12.128729852672722
11,39,8.928211657718267
11,40,8.678905892718468
11,41,9.686585771577535
11,42,11.269695974259259
11,43,15.062362140187776
11,44,17.56920804445719
11,45,20.93278487748187
11,46,22.901678392263722
11,47,26.612522121286162
11,48,28.714875440449312
11,49,30.087849430015833
11,50,27.75242659522702
11,51,24.933367173344855
11,52,21.714793667235135
11,53,19.349931318945803
11,54,15.7011391347969
11,55,14.600343198012814
11,56,12.652766792195452
11,57,8.980085083627818
11,58,8.55850410011599
11,59,5.472897335451123
11,60,8.159568959336854
11,61,10.339581328490233
11,62,13.303601089437613
11,63,12.262676006466615
11,64,15.515388340357458
11,65,17.564439747560836
11,66,16.393619001363675
11,67,15.615424618152074
11,68,18.764501172387323
11,69,18.11469647021815
11,70,17.37774828963619
11,71,16.321958025362985
11,72,19.529997250010577
11,73,20.716854632901217
11,74,24.18164256367557
11,75,25.13135573827422
11,76,28.53478552583814
11,77,31.677556338889946
11,78,31.397685993245236
11,79,27.985126794771386
11,80,26.403572991371817
11,81,23.6031454337909
11,82,24.889779471052176
11,83,23.905577977035378
11,84,22.459527683065243
11,85,19.253685931512397
11,86,19.345422502868146
11,87,16.422308102020164
11,88,18.937251477808108
11,89,18.59331158639651
11,90,14.995820169391726
11,91,16.053168325619797
11,92,16.397670620922142
11,93,19.88984772584852
11,94,20.295314530380875
12,1,14.580341012488141
12,2,15.446124270968005
12,3,14.442965537700921
12,4,12.39559250347233
12,5,10.857241786894393
12,6,9.795647351847077
12,7,8.711651988411369
12,8,6.309777454144825
12,9,5.195569687952227
12,10,5.448059733492651
12,11,3.817862063954645
12,13,3.7934455387590424
12,14,5.450644140202334
12,15,5.103231126854631
12,16,6.232732254159754
12,17,8.671312978611361
12,18,9.93309514770729
12,19,10.788571092314797
12,20,12.44661033306756
12,21,14.323599795328835
12,22,15.547654728468387
12,23,16.58435677024351
12,24,18.3794219216103
12,25,20.13060112522465
12,26,23.64079778089275
12,27,24.019554749894592
12,28,26.653985487840934
12,29,30.22600889615404
12,30,31.279957418736963
12,31,30.27558351398355
12,32,26.781142668449704
12,33,24.297951313114964
12,34,21.42393914860142
12,35,18.133670643522727
12,36,15.063297411752794
12,37,11.701723822127585
12,38,13.010880208427492
12,39,9.990120223857627
12,40,11.016012976542518
12,41,11.775001375467511
12,42,12.414314106202035
12,43,16.112092642746987
12,44,18.19297476136673
12,45,21.316176789011305
12,46,23.799399764962452
12,47,27.588568451168353
12,48,29.736321988958537
12,49,31.505936443694
12,50,29.45620693655501
12,51,26.961953775248713
12,52,23.565613702089433
12,53,21.555883082927235
12,54,17.89266280526512
12,55,17.19426236544471
12,56,15.80864006612775
12,57,12.027661679899852
12,58,11.52514501212506
12,59,8.872676304368017
12,60,11.923000757782036
12,61,13.883051045742878
12,62,16.97261090363278
12,63,15.78364185844365
12,64,18.825819268542865
12,65,21.143285426708267
12,66,19.950362646630165
12,67,18.80987794710725
12,68,21.839914437783154
12,69,21.344041337822524
12,70,20.32791689374938
12,71,19.146602921724803
12,72,22.06556864086207
12,73,22.799777687793956
12,74,26.002231007847083
12,75,26.46530882975593
12,76,29.7500061503162
12,77,32.72753523202612
12,78,32.05544678506104
12,79,28.542790118565954
12,80,27.071369876138604
12,81,24.6690605323228
12,82,26.37065544211038
12,83,25.53157945704646
12,84,24.58603864377628
12,85,21.628037005894303
12,86,22.21390166605836
12,87,19.60402867073967
12,88,22.384994247223307
12,89,22.095713034018562
12,90,18.604081565076356
12,91,19.789390521231255
12,92,20.20743375672879
12,93,23.705735312778202
12,94,24.039674859038925
13,1,14.156346661145632
13,2,15.755296725156935
13,3,15.529825601336304
13,4,14.307323284594744
13,5,12.713370785726067
13,6,10.57740174400533
13,7,9.978908672432867
13,8,8.792791852891563
13,9,6.424536036977371
13,10,5.112377021363803
13,11,5.428798705209616
13,12,3.7934455387590424
13,14,3.824770467236763
13,15,5.382516886091431
13,16,5.095313501352864
13,17,6.089011706760454
13,18,8.49999046056965
13,19,9.944045933976627
13,20,10.52915068915205
13,21,12.177137005094599
13,22,14.221323246208689
13,23,15.221729892839914
13,24,16.311508568925476
13,25,18.315969081975172
13,26,21.94493808878454
13,27,22.782354573727
13,28,25.35137358532993
13,29,28.93687896309988
13,30,30.249756983967867
13,31,29.64749031697677
13,32,26.19187036220436
13,33,24.135541414635583
13,34,21.292781511346394
13,35,17.73625146226716
13,36,15.257079306061092
13,37,12.323031547900701
13,38,14.429290234678115
13,39,12.063818572410456
13,40,12.463081954430226
13,41,12.100985165910906
13,42,11.9759499408043
13,43,15.639856674259612
13,44,17.08737399236171
13,45,20.408582536937594
13,46,22.987146904742048
13,47,26.68912188678583
13,48,29.234770118798387
13,49,31.167822911138394
13,50,28.932917893617507
13,51,26.57706840616398
13,52,22.99050124614149
13,53,20.767110285191148
13,54,16.994935067170697
13,55,15.95313184932583
13,56,15.142403215877751
13,57,11.364981659562561
13,58,10.13365277233358
13,59,8.410918139514816
13,60,12.116079385838063
13,61,14.126798147623072
13,62,16.848375490449854
13,63,15.006934581102465
13,64,17.587112143401292
13,65,20.345660276930886
13,66,19.197979038855046
13,67,17.401202383473322
13,68,20.35212515261821
13,69,20.444745715110567
13,70,19.651570353297128
13,71,19.08064775402147
13,72,22.075053220348405
13,73,23.06879231493442
13,74,26.177858966612163
13,75,26.45038954200022
13,76,29.914625789963868
13,77,32.654667514891216
13,78,32.179564250779904
13,79,28.52010011328942
13,80,27.525016051020202
13,81,25.234939426495906
13,82,27.19105933753875
13,83,26.82519359397304
13,84,25.765883844440907
13,85,22.595162606371463
13,86,22.949574805037326
13,87,20.281885315683226
13,88,23.00869706604292
13,89,22.103878014912762
13,90,18.754327013274196
13,91,20.47402287243283
13,92,20.832233865946534
13,93,24.03178764674449
13,94,24.6315371348834
14,1,15.016532656124545
14,2,16.067392466817886
14,3,16.340564421140932
14,4,14.945345593170297
14,5,14.292137921641913
14,6,12.094493097247165
14,7,10.34273115110627
14,8,9.771702406908386
14,9,8.662379518187642
14,10,6.036624972201803
14,11,4.936818202463423
14,12,5.450644140202334
14,13,3.824770467236763
14,15,3.813742848413757
14,16,5.531492619531478
14,17,5.254737314177825
14,18,6.121263423724405
14,19,8.711710582940375
14,20,9.922715092036903
14,21,10.492822645792305
14,22,12.286921301442732
14,23,14.175356950566732
14,24,15.244325413274982
14,25,16.529776710199535
14,26,20.23509001299899
14,27,20.638302233129107
14,28,22.847973034526255
14,29,26.54250249632579
14,30,27.52323101353765
14,31,26.729221393595953
14,32,23.144782123886795
14,33,20.999602611202036
14,34,18.457243080828103
14,35,14.821599684429932
14,36,12.508994254574901
14,37,9.529541394325332
14,38,11.614790766271511
14,39,9.716753676941538
14,40,9.451812536032923
14,41,8.479535267991787
14,42,8.403051388296825
14,43,12.141646213645577
14,44,13.85465608173841
14,45,17.335787276849146
14,46,19.61608629577855
14,47,23.302576447482373
14,48,25.8133832734466
14,49,27.576466052599642
14,50,25.236623482079587
14,51,22.795567569532874
14,52,19.239416315795598
14,53,16.967975337640734
14,54,13.199125940710623
14,55,12.319527583499925
14,56,11.65573510309292
14,57,7.926656446280445
14,58,7.524454554220729
14,59,6.629554074304054
14,60,10.125587429537786
14,61,12.945919868941443
14,62,15.082054425748357
14,63,12.81221589276523
14,64,15.684219330824131
14,65,18.067757568133164
14,66,16.378722464249574
14,67,14.579458062283823
14,68,17.245391845582564
14,69,17.034924380886967
14,70,15.964141839336747
14,71,15.328917888661605
14,72,18.280699824312215
14,73,19.35125962244235
14,74,22.49724904365218
14,75,22.908374668691998
14,76,26.45088000401339
14,77,29.243108069669315
14,78,28.99687888117165
14,79,25.37541570432737
14,80,24.388630814951807
14,81,21.919583438235335
14,82,23.77432576310945
14,83,23.54368290391642
14,84,22.33237084148883
14,85,19.07035718478728
14,86,19.371642166555542
14,87,16.822660530827694
14,88,19.686020188228028
14,89,18.73269593759188
14,90,15.582631871734735
14,91,17.674084397033326
14,92,18.537915689430843
14,93,21.66996305752311
14,94,22.76110635902994
15,1,17.962156705804876
15,2,18.693893099675837
15,3,18.349540174773065
15,4,16.27557078698203
15,5,15.469932529547831
15,6,14.083392984957518
15,7,12.186836607289653
15,8,10.50312246286878
15,9,9.952619127896348
15,10,8.54654660166985
15,11,6.041931497205722
15,12,5.103231126854631
15,13,5.382516886091431
15,14,3.813742848413757
15,16,3.8145310206780882
15,17,5.604023977161876
15,18,5.205131762893493
15,19,6.350425650172997
15,20,8.748364989726547
15,21,10.015329732894822
15,22,10.749271956824394
15,23,12.340767089515603
15,24,14.287142123706838
15,25,15.508703763136799
15,26,19.002444454128817
15,27,19.09822711750229
15,28,21.62683399087809
15,29,25.220451268074594
15,30,26.188081947626184
15,31,25.18828556364646
15,32,21.70494483632118
15,33,19.32833672572145
15,34,16.425607575807042
15,35,13.06227434315868
15,36,10.15463521595576
15,37,7.057615328442588
15,38,9.311918582199908
15,39,7.520601970354062
15,40,8.728518465191216
15,41,8.258924649912421
15,42,7.817673840187754
15,43,11.31776167051468
15,44,13.227073910638467
15,45,16.240764195994387
15,46,18.83928921772528
15,47,22.638202322441387
15,48,24.814763394560277
15,49,26.77890419251555
15,50,24.88245534912476
15,51,22.677743021801575
15,52,19.16385561853036
15,53,17.55171541669584
15,54,14.036612604356801
15,55,14.1409308580797
15,56,13.625846418842556
15,57,10.096892169140608
15,58,10.781273243425243
15,59,9.5882403972649
15,60,12.568836804975307
15,61,15.566808836797435
15,62,17.840409016902417
15,63,15.841241373428483
15,64,19.01187684455148
15,65,21.034145389532156
15,66,19.02130455152603
15,67,17.523094654854546
15,68,19.887086604866777
15,69,19.12753416606593
15,70,17.409297509832765
15,71,16.017653736327627
15,72,18.467190473698594
15,73,18.805555719824167
15,74,21.716830337525177
15,75,21.80740214906612
15,76,25.09579617080572
15,77,27.91356349902528
15,78,27.21686706068666
15,79,23.628555973689586
15,80,22.397371858658662
15,81,20.180424330648933
15,82,22.239562486336393
15,83,21.900645205653703
15,84,21.241900218672892
15,85,18.386762687230505
15,86,19.408924172923758
15,87,17.359739078413142
15,88,20.61780657093138
15,89,20.255851903903267
15,90,17.2527591360092
15,91,19.187092499095012
15,92,20.48187077023679
15,93,23.831984463813743
15,94,24.9436524213422
16,1,19.194610130889657
16,2,20.56276823750787
16,3,20.190958400541966
16,4,18.448720208057438
16,5,16.953855759036504
16,6,15.361767655658653
16,7,14.316706808640193
16,8,12.47555808725763
16,9,10.832433189726254
16,10,9.894079204045731
16,11,8.58610237139666
16,12,6.232732254159754
16,13,5.095313501352864
16,14,5.531492619531478
16,15,3.8145310206780882
16,17,3.8285808920703683
16,18,5.429901502343208
16,19,5.209759357732925
16,20,6.27026811965892
16,21,8.7045480604191
16,22,10.00328609633246
16,23,10.523794974729327
16,24,12.254114868901173
16,25,14.308413901932033
16,26,17.732853529614395
16,27,18.511668542878798
16,28,21.425144989885254
16,29,24.86183866669844
16,30,26.35856613027786
16,31,25.840549902206963
16,32,22.60791544553456
16,33,20.701529006188462
16,34,17.47580775205043
16,35,14.143022266202912
16,36,11.697209454372604
16,37,9.491820704227646
16,38,12.40360537719377
16,39,11.052227816483576
16,40,12.503575649007173
16,41,11.609354783807456
16,42,10.23858122001495
16,43,13.325972300930912
16,44,14.301818449430897
16,45,17.097531015330627
16,46,20.157825602398844
16,47,23.87857516823377
16,48,26.30451293021484
16,49,28.657316655955068
16,50,26.899287029077172
16,51,25.046926130186748
16,52,21.376787019019027
16,53,19.905290558648247
16,54,16.421047542245176
16,55,16.478765189234966
16,56,16.49218521256759
16,57,12.967516513548262
16,58,12.959555550580957
16,59,12.029406620741565
16,60,15.47756603337039
16,61,18.17370530692955
16,62,20.550422894886303
16,63,18.339950225536665
16,64,21.127588013263903
16,65,23.570691198241338
16,66,21.737315225179557
16,67,19.76624112778946
16,68,22.087214057248826
16,69,21.806182546696334
16,70,20.187698218727206
16,71,19.13294688604627
16,72,21.446271490358768
16,73,21.662309489810454
16,74,24.282695025266833
16,75,23.90569936172184
16,76,27.1353930195929
16,77,29.6348596777532
16,78,28.732454753750822
16,79,25.031572705700807
16,80,24.204514035643804
16,81,22.437018423647775
16,82,24.892326890182034
16,83,24.884073658728028
16,84,24.499404438024662
16,85,21.745614538446986
16,86,22.865400023489173
16,87,20.90402283540645
16,88,24.154559960884452
16,89,23.512675149276095
16,90,20.56911682845728
16,91,22.673675276783346
16,92,23.781557848894117
16,93,27.03021438392416
16,94,28.080406556698044
17,1,19.14842895419262
17,2,20.763030508990862
17,3,21.091740591394625
17,4,19.851466443300772
17,5,18.668805731246835
17,6,16.409381717341766
17,7,15.289844197672457
17,8,14.339420893151052
17,9,12.477671558516832
17,10,10.469608812091563
17,11,9.863214269851547
17,12,8.671312978611361
17,13,6.089011706760454
17,14,5.254737314177825
17,15,5.604023977161876
17,16,3.8285808920703683
17,18,3.8498135297856013
17,19,5.497989882608092
17,20,5.0024143417955935
17,21,6.121398704122741
17,22,8.614019362696444
17,23,9.7315212214363
17,24,10.371884418935428
17,25,12.303056152237506
17,26,15.960499352877074
17,27,17.03536228427069
17,28,19.623970195000823
17,29,23.145062842551912
17,30,24.717517336783743
17,31,24.51803629555268
17,32,21.262954563961255
17,33,19.77578253106733
17,34,16.844188897552794
17,35,13.239608917445667
17,36,11.67000282086962
17,37,10.007887371586063
17,38,13.310787803826509
17,39,12.579559444440983
17,40,13.088865116894457
17,41,11.168985241060863
17,42,9.146286432368788
17,43,12.013066973248996
17,44,12.334358709035266
17,45,15.425948513606395
17,46,18.370168141869236
17,47,21.949522878880995
17,48,24.76331603701339
17,49,27.136767760830494
17,50,25.119733798959547
17,51,23.351870142111064
17,52,19.57103822807179
17,53,17.86383619038683
17,54,14.378144048022559
17,55,14.182515393928998
17,56,14.841874675563476
17,57,11.626759549573443
17,58,11.359790296567414
17,59,11.549553483439299
17,60,15.082537809807983
17,61,17.916055793622146
17,62,19.748781666122483
17,63,16.989540247926744
17,64,19.38258941556793
17,65,21.959021165271018
17,66,20.02642090778489
17,67,17.555039289834593
17,68,19.588520525022396
17,69,19.739290320655265
17,70,18.276354104943017
17,71,17.81700129139051
17,72,20.142988556985294
17,73,20.687414716655418
17,74,23.223487421545162
17,75,22.79124727622313
17,76,26.216034493383905
17,77,28.508459531562455
17,78,27.972653086497075
17,79,24.18962414935893
17,80,23.833185609079674
17,81,22.0552063063855
17,82,24.598486126084925
17,83,25.036664562114083
17,84,24.404506656813965
17,85,21.438678878395457
17,86,22.232408365419875
17,87,20.266236024229723
17,88,23.395838379047223
17,89,22.214970729103698
17,90,19.542581842665285
17,91,22.123926024478042
17,92,23.29167658732749
17,93,26.208900785927153
17,94,27.60273097526682
18,1,21.010187126708093
18,2,22.050546118008693
18,3,22.390911974915216
18,4,20.74183341389523
18,5,20.114180588188418
18,6,18.162555761236057
18,7,16.291209753508866
18,8,15.297079200824722
18,9,14.338981866488483
18,10,12.133188464292509
18,11,10.427824814234308
18,12,9.93309514770729
18,13,8.49999046056965
18,14,6.121263423724405
18,15,5.205131762893493
18,16,5.429901502343208
18,17,3.8498135297856013
18,19,3.8167501247842983
18,20,5.370148165032745
18,21,5.080256895743815
18,22,6.178879773370765
18,23,8.50847671913117
18,24,9.789556970187517
18,25,10.614233121866567
18,26,14.249136613358225
18,27,14.54833447075444
18,28,16.940457873746258
18,29,20.575102341075596
18,30,21.756423524834837
18,31,21.197250500547092
18,32,17.80984653382007
18,33,16.070071329865762
18,34,13.20262712233481
18,35,9.551478282463918
18,36,7.927317362761917
18,37,6.555694579130645
18,38,10.097879037799014
18,39,10.243097679415298
18,40,10.794329365219943
18,41,8.432321428097381
18,42,5.738586695057038
18,43,8.336235898584494
18,44,8.96461502852709
18,45,12.027998409348799
18,46,14.921873130299112
18,47,18.61267460296678
18,48,21.21441882350699
18,49,23.54892387170958
18,50,21.676952635241097
18,51,19.967256314248072
18,52,16.223598152519006
18,53,14.909924603132025
18,54,11.64449320138186
18,55,12.318531467091207
18,56,13.251961353161978
18,57,10.448950048224747
18,58,11.454484072124544
18,59,11.988962783921652
18,60,14.930263412252284
18,61,18.273385403428588
18,62,19.742643296549637
18,63,16.93117259981928
18,64,19.660627929287372
18,65,21.675308750748854
18,66,19.19463437944163
18,67,16.996097389656207
18,68,18.57001095869965
18,69,18.108925532844548
18,70,16.029809563639436
18,71,15.08742677645327
18,72,16.996871930652535
18,73,17.16086514971818
18,74,19.56140777825674
18,75,19.051760694909113
18,76,22.4333514564087
18,77,24.80615480542835
18,78,24.248608507289887
18,79,20.490454872353876
18,80,20.01696336351045
18,81,18.20760287334902
18,82,20.798152826488987
18,83,21.352018192076528
18,84,20.893043090278038
18,85,18.108250152209216
18,86,19.249335385955796
18,87,17.737358441963362
18,88,21.12789716114319
18,89,20.242341729805656
18,90,17.903556710381377
18,91,20.639987600035255
