1,2,3.8305527500465164
1,3,6.8697920494918705
1,4,8.096327049704124
1,5,10.063350567692899
1,6,13.38168145117403
1,7,15.43181026739594
1,8,17.902628681352923
1,9,17.64529910550696
1,10,20.337726506250764
1,11,21.441684995444714
1,12,22.992298805031034
1,13,25.00801874033885
1,14,26.459563865249386
1,15,25.22925035642705
1,16,26.8274830009841
1,17,28.48236046456944
1,18,27.789001271041368
1,19,30.807099071018865
1,20,28.865680970276976
1,21,27.950906058799145
1,22,24.81236554052787
1,23,23.951040405589147
1,24,21.703855561702067
1,25,20.564874023745816
1,26,19.490186504434273
1,27,18.001721088518718
1,28,17.43087705090404
1,29,15.494701454670407
1,30,17.538549040276806
1,31,15.616876581396008
1,32,14.648829490205998
1,33,10.999901002178724
1,34,10.646682235262794
1,35,7.09749938407539
1,36,6.036071131099513
1,37,6.058512436722704
1,38,9.777231200410187
1,39,12.16814100326766
1,40,14.462820933693562
1,41,17.015523871924046
1,42,20.447299169441987
1,43,23.474694454579613
1,44,27.25574721659819
1,45,30.138215487461977
1,46,30.353296942025842
1,47,27.120334079500676
1,48,27.361311956905187
1,49,23.64825714342512
1,50,22.65376524984912
1,51,24.154246214541114
1,52,22.481941594757675
1,53,20.33361124887474
1,54,17.047555944608916
1,55,17.93781469413893
1,56,15.35801738709498
1,57,13.167675792372238
1,58,10.423756213291867
1,59,9.178792464408543
1,60,7.010087510375526
1,61,9.061072133905338
1,62,9.179698421110595
1,63,12.752120098003573
1,64,15.835249074119798
1,65,17.625566745554526
1,66,16.260083778402073
1,67,16.765092582257747
1,68,14.17683477336054
1,69,16.279316255513017
1,70,16.432821594877876
1,71,18.772570665709317
1,72,19.992268352136758
1,73,22.96584798678975
1,74,24.864676658436437
1,75,28.003732719071813
1,76,31.309212626532087
1,77,32.149428767041236
1,78,31.795677280780378
1,79,28.249691412619626
1,80,25.792261088151243
1,81,22.378721938886592
1,82,19.867487037882377
1,83,16.988614709839332
1,84,15.853287270170156
1,85,16.627432361472675
1,86,20.353938979522486
1,87,21.735030975656702
1,88,22.03149484069576
1,89,20.560107629409323
1,90,21.14219740628713
1,91,23.59591729490088
1,92,24.99018806817898
1,93,27.999721405619923
1,94,27.894667440748588
1,95,30.75607878343548
1,96,32.6982147169742
1,97,33.23586431120714
2,1,3.8305527500465164
2,3,3.8284100824169225
2,4,6.437444602228438
2,5,9.310269127499168
2,6,12.130447810265375
2,7,14.953963094098443
2,8,17.668307669894745
2,9,17.981833357385355
2,10,21.12155232068915
2,11,22.609695091564486
2,12,24.63088159901534
2,13,26.789094222610156
2,14,28.200505757389628
2,15,26.714039041012995
2,16,28.612615574701813
2,17,30.09636215730009
2,18,29.697174427312916
2,19,32.651247491282795
2,20,30.70642421527176
2,21,29.38894057246579
2,22,26.26394338475354
2,23,25.336039285962116
2,24,23.49821605870128
2,25,22.10819962960377
2,26,21.401372522098576
2,27,19.623244800195607
2,28,19.116400882489447
2,29,16.698528932715128
2,30,18.302232517793083
2,31,15.841849356913308
2,32,14.398639874879692
2,33,11.08546273847139
2,34,11.995230396666841
2,35,9.171869346858479
2,36,6.908096759177047
2,37,6.807314634759722
2,38,10.331169966315278
2,39,11.573978846264374
2,40,14.321063241671464
2,41,16.23721778725456
2,42,19.930224954739128
2,43,22.521184005834296
2,44,26.28746890764271
2,45,29.100281808457368
2,46,28.853500188999885
2,47,25.415656848560467
2,48,25.54224110643981
2,49,21.93290863804049
2,50,21.458689372050937
2,51,23.499737576037134
2,52,22.405336211952534
2,53,20.68646558930951
2,54,17.835058603922963
2,55,19.43514670116356
2,56,17.390739585852653
2,57,15.612206745971084
2,58,12.322370767326158
2,59,11.677231616700666
2,60,9.51182145477312
2,61,11.333671915160197
2,62,12.077011464899968
2,63,15.280834724723293
2,64,17.879568143066127
2,65,20.20692659941845
2,66,19.04617240373722
2,67,19.18189724790594
2,68,16.544601522432437
2,69,18.632203026488853
2,70,18.28665600749905
2,71,20.476809904217376
2,72,21.08813684634002
2,73,23.878790892087096
2,74,25.390450636682264
2,75,28.242712337277478
2,76,31.722334582329275
2,77,32.21856447799138
2,78,31.609167683209453
2,79,27.92859197037988
2,80,25.333767472263254
2,81,22.19227247325788
2,82,19.406589476786095
2,83,16.765906964401953
2,84,15.124183562767438
2,85,15.069000197580522
2,86,18.55929906032481
2,87,20.269743709399485
2,88,21.199921075300832
2,89,19.752005375826347
2,90,20.892084226546974
2,91,23.126562393686847
2,92,24.985935788631114
2,93,27.890083672549494
2,94,28.15940390971051
2,95,30.748962459648123
2,96,33.0457811578575
2,97,33.78451865683037
3,1,6.8697920494918705
3,2,3.8284100824169225
3,4,3.7996538380862925
3,5,6.716746491492556
3,6,8.88882746049553
3,7,12.153123228640364
3,8,14.96854568329571
3,9,15.827796161823212
3,10,19.282440344146003
3,11,21.222264083608337
3,12,23.571301287254215
3,13,25.97778940633363
3,14,27.53437243085525
3,15,26.05380975880668
3,16,28.375348451459807
3,17,29.953535232827623
3,18,30.037872125241815
3,19,33.107610135037504
3,20,31.472177245170904
3,21,29.77143133789221
3,22,26.48203555287025
3,23,25.138585304739678
3,24,23.50594079853019
3,25,21.612948420008074
3,26,21.0006067931616
3,27,18.76966423355759
3,28,18.153729332255068
3,29,15.302296916421152
3,30,16.419773842120236
3,31,13.645829402918654
3,32,12.103282745400877
3,33,9.440311204831037
3,34,11.33456786918591
3,35,9.624537728340293
3,36,6.46843065391535
3,37,6.651979238054523
3,38,9.397717790860646
3,39,9.692424213040127
3,40,13.021715847838255
3,41,14.668098034760755
3,42,18.51700008133689
3,43,20.847169364229913
3,44,24.599519649380145
3,45,27.08837941133967
3,46,26.64026286486609
3,47,23.196028280060702
3,48,23.681442979349857
3,49,20.099337280555194
3,50,20.194277514048597
3,51,22.54348960348378
3,52,21.90172420407034
3,53,20.80339519540127
3,54,18.232756205165245
3,55,20.37009087839359
3,56,18.563630690340016
3,57,17.5010085878146
3,58,14.026398867314095
3,59,13.061588369741104
3,60,10.478959030080562
3,61,11.492622219822787
3,62,12.902776077198927
3,63,15.455901625861692
3,64,17.34639578075042
3,65,20.22656168450166
3,66,19.316241714207685
3,67,19.05562882949734
3,68,16.643321006629062
3,69,18.93095485423221
3,70,18.46129656776157
3,71,20.845134039139946
3,72,21.16808482084777
3,73,24.046113952052007
3,74,25.00829704956396
3,75,27.758611379631173
3,76,31.207087843473058
3,77,31.252944607691067
3,78,30.210240699788073
3,79,26.428829479878576
3,80,23.52184064121399
3,81,20.53288565990881
3,82,17.37509832141948
3,83,14.719773075373931
3,84,12.460646400665263
3,85,11.753671486486391
3,86,15.080546524763475
3,87,16.77508758484195
3,88,18.064054415764478
3,89,16.83441228884459
3,90,18.484338656986942
3,91,20.735137062344975
3,92,23.02805111160325
3,93,25.999090240564012
3,94,26.740296475718058
3,95,29.236285586199877
3,96,31.833244653741115
3,97,32.961497569866886
4,1,8.096327049704124
4,2,6.437444602228438
4,3,3.7996538380862925
4,5,3.8125797026496255
4,6,6.699833073377047
4,7,9.600195182480283
4,8,11.832868544151497
4,9,12.31584791562352
4,10,15.750645541539562
4,11,17.61678678224588
4,12,20.170030959393532
4,13,22.515615034216122
4,14,24.016346095565464
4,15,22.50350992738627
4,16,24.996613095578223
4,17,26.640660670880298
4,18,26.999844209444813
4,19,30.160819821666536
4,20,28.800163395203064
4,21,26.924632555016558
4,22,23.500509987600108
4,23,21.8626597428011
4,24,20.304296394766254
4,25,18.16844810053758
4,26,17.69227021819339
4,27,15.399631242102222
4,28,15.08472174275013
4,29,12.38163876105116
4,30,13.823571257857935
4,31,11.535892163984272
4,32,10.991680947658326
4,33,8.837585139659122
4,34,10.351036967983504
4,35,9.254165048394997
4,36,5.443155012284951
4,37,4.538500852931271
4,38,6.062109047204991
4,39,6.032129042531139
4,40,9.575266376774694
4,41,11.526224458254738
4,42,15.331362975513166
4,43,17.869431935549056
4,44,21.656609391308184
4,45,24.00791013624517
4,46,23.87543290152739
4,47,20.62975266601404
4,48,21.512692549082896
4,49,17.8099619001432
4,50,17.794088659397296
4,51,19.89608149458286
4,52,19.173063592791298
4,53,18.355689610829117
4,54,15.79513127326287
4,55,18.095976822671304
4,56,16.374010467680204
4,57,16.00722934767838
4,58,12.6111006141063
4,59,11.283863566399058
4,60,8.73191412805211
4,61,9.448454152391822
4,62,11.828213744603348
4,63,13.94403436684027
4,64,15.367331325693447
4,65,18.43053771140165
4,66,17.223003083146015
4,67,16.359788844591474
4,68,13.890247701237337
4,69,16.0617560723509
4,70,15.444217516601125
4,71,17.954591340385797
4,72,18.240845375117157
4,73,21.282793237831946
4,74,21.976227800836615
4,75,24.831493720607725
4,76,28.144511549487294
4,77,28.060187723644923
4,78,26.87836083115398
4,79,23.10215050241768
4,80,20.075938119706777
4,81,16.972027417153498
4,82,13.746783849914378
4,83,10.944781538732869
4,84,8.79899504472031
4,85,8.706299803311207
4,86,12.330913466523246
4,87,14.043896546545877
4,88,14.880009003837745
4,89,13.34303622800081
4,90,14.748557202135487
4,91,17.056950156018882
4,92,19.28081034503288
4,93,22.33378828045132
4,94,23.120943078672187
4,95,25.717452425659953
4,96,28.309258763633657
4,97,29.58817113270302
5,1,10.063350567692899
5,2,9.310269127499168
5,3,6.716746491492556
5,4,3.8125797026496255
5,6,3.784273442821011
5,7,5.9211344267689405
5,8,8.37874259061833
5,9,9.244872098339425
5,10,12.776300624637335
5,11,15.13539578779486
5,12,17.517102141830218
5,13,20.26461536917549
5,14,22.216997724935535
5,15,21.18843682115058
5,16,23.972051868142326
5,17,26.0527801945896
5,18,26.73821123093949
5,19,30.141044961000688
5,20,29.217213110952684
5,21,27.36342117478085
5,22,23.721909057016408
5,23,21.55085035090866
5,24,19.707593120985102
5,25,17.047018867706495
5,26,16.042291798294695
5,27,13.168471132367241
5,28,12.24358851747945
5,29,9.105096089867137
5,30,10.099113833168635
5,31,7.780756734176572
5,32,7.755864173583201
5,33,6.326928265445489
5,34,7.909039071908183
5,35,8.219873257919888
5,36,4.959201832383201
5,37,5.585416563219038
5,38,5.870128741675776
5,39,6.306599948970874
5,40,9.97533339553604
5,41,12.434403341057628
5,42,15.959578182187116
5,43,18.6457487795755
5,44,22.352863523222386
5,45,24.268389773473874
5,46,24.433870618421
5,47,21.50376006661754
5,48,22.984979157831
5,49,19.312933774681042
5,50,19.423362361012096
5,51,21.236334354024706
5,52,20.41733324021956
5,53,19.869223462542852
5,54,17.20056328982896
5,55,19.278104985548946
5,56,17.262387123741966
5,57,17.28124153284456
5,58,14.342404618707848
5,59,12.08554742167551
5,60,8.977377922803726
5,61,8.08345754087427
5,62,10.566349962855197
5,63,11.718755414139434
5,64,12.400984738328015
5,65,15.790663226360993
5,66,15.012866360212088
5,67,14.13232258467958
5,68,12.373535754894524
5,69,15.064031669770818
5,70,15.081277158094197
5,71,18.111481806310678
5,72,18.803930583721904
5,73,22.155274063871936
5,74,22.589336996927464
5,75,25.637416576995754
5,76,28.66106341413208
5,77,28.384984562679065
5,78,26.90431592302019
5,79,23.18661324844971
5,80,19.86908164812076
5,81,16.625183334284618
5,82,13.170136162049515
5,83,9.793222402962675
5,84,7.062339236233338
5,85,7.331955227977918
5,86,11.034719402833193
5,87,11.786377660559284
5,88,12.137761789536693
5,89,11.245400729354854
5,90,12.794783844160483
5,91,15.697041697573932
5,92,18.00517930884347
5,93,21.402743998384892
5,94,22.453984739659766
5,95,25.305232198243015
5,96,27.86371201148147
5,97,29.46926638250361
6,1,13.38168145117403
6,2,12.130447810265375
6,3,8.88882746049553
6,4,6.699833073377047
6,5,3.784273442821011
6,7,3.790869042466373
6,8,6.864813106439499
6,9,9.209764582924057
6,10,12.901550425804942
6,11,15.929633087003378
6,12,18.391811993023847
6,13,21.447564828429517
6,14,23.64449818957249
6,15,22.83008691377225
6,16,25.942878962800993
6,17,28.1371258927315
6,18,29.2238333219876
6,19,32.66783311870475
6,20,32.02523017301345
6,21,29.95763773748877
6,22,26.280282084630624
6,23,23.799055932753866
6,24,22.135845147185794
6,25,19.09916597925589
6,26,18.05779790150055
6,27,14.785627641191475
6,28,13.463539790194558
6,29,9.931611593286993
6,30,9.534262171354188
6,31,6.620076892054155
6,32,6.190391486008458
6,33,6.659706085263652
6,34,9.304875322523154
6,35,10.785187796446886
6,36,8.177008028718536
6,37,9.367258543246695
6,38,9.188194474916038
6,39,8.622947836921535
6,40,12.21979734783681
6,41,14.114132527334085
6,42,17.466921693000433
6,43,19.685071524870985
6,44,23.187139614470492
6,45,24.60426729331323
6,46,24.514556111356185
6,47,21.7007986739901
6,48,23.56133469417802
6,49,20.118584087340682
6,50,20.869112109328533
6,51,22.91976708195876
6,52,22.567783097747373
6,53,22.536957957317465
6,54,20.195083918466082
6,55,22.501694317022277
6,56,20.669411277187663
6,57,20.947568368606863
6,58,18.03006582574534
6,59,15.763885787279403
6,60,12.633888878198835
6,61,11.149393153930182
6,62,13.31813600615508
6,63,13.684819957435286
6,64,13.490817860365551
6,65,17.18347080140855
6,66,17.032837398759217
6,67,16.13476950908615
6,68,15.019858367367252
6,69,17.818745588833938
6,70,17.925233639872243
6,71,20.987788218090778
6,72,21.488202682780685
6,73,24.775917692329685
6,74,24.743563487094722
6,75,27.602479782730924
6,76,30.500142761465526
6,77,29.788570165319157
6,78,27.866802681379486
6,79,24.164133485100198
6,80,20.579923028663742
6,81,17.680581182995397
6,82,13.967580040518333
6,83,10.805519373082365
6,84,7.218440594600403
6,85,6.0173701989616095
6,86,9.015088360892191
6,87,9.016671822754693
6,88,9.99447295460178
6,89,10.11304382803168
6,90,12.597135146654136
6,91,15.560447437410271
6,92,18.38976006127363
6,93,21.812517778375685
6,94,23.43878702833242
6,95,26.13153758679746
6,96,28.939092226784265
6,97,30.942192096192745
7,1,15.43181026739594
7,2,14.953963094098443
7,3,12.153123228640364
7,4,9.600195182480283
7,5,5.9211344267689405
7,6,3.790869042466373
7,8,3.790310363749812
7,9,6.641076542154014
7,10,10.012089673997876
7,11,13.399509942034312
7,12,15.53577517160667
7,13,18.861822302547047
7,14,21.416689123571768
7,15,21.11014285815976
7,16,24.36069484547445
7,17,26.906068574103607
7,18,28.230217302917485
7,19,31.820669284271464
7,20,31.57742416986708
7,21,29.60955623695275
7,22,25.830313030341667
7,23,22.968434264709177
7,24,21.083284376005047
7,25,17.7349106745675
7,26,16.253608046573756
7,27,12.658043902119875
7,28,10.834287922599948
7,29,7.2384931114497615
7,30,6.039211243199514
7,31,3.6888703126279556
7,32,5.298155164633894
7,33,7.099620636597541
7,34,8.767224814678306
7,35,11.27637942412004
7,36,9.56153791304696
7,37,10.9426920538172
7,38,9.973762415876358
7,39,9.945594920984933
7,40,12.95935064533905
7,41,15.237360336186386
7,42,18.106166187176854
7,43,20.50911865276685
7,44,23.846099006510013
7,45,24.925082675814323
7,46,25.288985283012835
7,47,22.8913758666325
7,48,25.163078892985343
7,49,21.77841272091968
7,50,22.347004866383898
7,51,23.93869676864719
7,52,23.345803569071045
7,53,23.42255024677337
7,54,20.996963862724
7,55,22.981207787614487
7,56,20.96836395130102
7,57,21.58604183461979
7,58,19.148774231749773
7,59,16.356263505292215
7,60,13.237195894675528
7,61,10.827258264111773
7,62,12.946158861306776
7,63,12.275183165517149
7,64,11.116948202316753
7,65,14.890627325662418
7,66,15.061300465151914
7,67,14.042037892905418
7,68,13.723893030355192
7,69,16.688313306770947
7,70,17.324554461048024
7,71,20.65639160535702
7,72,21.52874573074669
7,73,24.991421539518832
7,74,24.81820270694752
7,75,27.836986475968423
7,76,30.39835883113067
7,77,29.63408510602429
7,78,27.584096784536673
7,79,24.06368122263199
7,80,20.40865245205942
7,81,17.426112690421025
7,82,13.873990509566681
7,83,10.49525716757756
7,84,7.2849283910872495
7,85,7.295687115557622
7,86,9.757854402900394
7,87,8.477993544657991
7,88,8.156800060631754
7,89,9.084606272498142
7,90,11.202440362946522
7,91,14.632943102213309
7,92,17.20764506627611
7,93,20.846638479140726
7,94,22.53315751374832
7,95,25.459459024073052
7,96,28.069465252455537
7,97,30.261684991759143
8,1,17.902628681352923
8,2,17.668307669894745
8,3,14.96854568329571
8,4,11.832868544151497
8,5,8.37874259061833
8,6,6.864813106439499
8,7,3.790310363749812
8,9,3.770267001347249
8,10,6.86882208317985
8,11,10.452758173244499
8,12,12.87487909260367
8,13,16.112898368206455
8,14,18.604487734189114
8,15,18.386214751546884
8,16,21.84761508671518
8,17,24.432777014531446
8,18,26.147379439523156
8,19,29.723632290264785
8,20,29.85769277254616
8,21,27.73637558613404
8,22,23.97422680309257
8,23,20.80819300830539
8,24,19.15799682101646
8,25,15.558711059448525
8,26,14.30252961155895
8,27,10.71709928879462
8,28,9.400559626461458
8,29,6.638185628432707
8,30,5.731324750100408
8,31,5.83202018357279
8,32,8.704272858192153
8,33,10.542481433046433
8,34,11.353025511425109
8,35,13.819761004986859
8,36,12.102241448329744
8,37,12.647639027084063
8,38,10.553747235494546
8,39,10.106568939350108
8,40,12.205934034582762
8,41,14.324802977895716
8,42,16.54447700398965
8,43,18.865565679059703
8,44,21.921162653570427
8,45,22.632635478659363
8,46,23.37048378044812
8,47,21.416966475245406
8,48,24.061106736889553
8,49,20.84795523531651
8,50,21.34455678006505
8,51,22.54399120866397
8,52,21.973479926993598
8,53,22.443582345353107
8,54,20.30680549338625
8,55,22.283303645823334
8,56,20.559120575351713
8,57,21.817738339708914
8,58,19.699608380123696
8,59,16.955274646441385
8,60,14.397506136897682
8,61,11.988138860860236
8,62,14.59989333863895
8,63,13.47587781131956
8,64,11.666915797468505
8,65,15.227449691431834
8,66,15.051074135149502
8,67,13.23469684939558
8,68,13.183410615502702
8,69,15.665747230508252
8,70,16.158530944198027
8,71,19.3545267247338
8,72,20.11235077007653
8,73,23.498949140057235
8,74,22.92601763027708
8,75,25.873398109587104
8,76,28.1199143907865
8,77,27.14929132693035
8,78,24.910340298475532
8,79,21.578145082621056
8,80,17.898898278495782
8,81,15.064549612897814
8,82,11.756201566050661
8,83,8.664759830181023
8,84,6.197585916932012
8,85,7.290705969973125
8,86,9.008202503718042
8,87,7.269582711789381
8,88,5.357366542976021
8,89,6.405835674735304
8,90,8.068514170030301
8,91,11.645820568809954
8,92,14.07110564083844
8,93,17.746639218163967
8,94,19.598192630911953
8,95,22.54600548579729
8,96,25.093844312421936
8,97,27.507542735913184
9,1,17.64529910550696
9,2,17.981833357385355
9,3,15.827796161823212
9,4,12.31584791562352
9,5,9.244872098339425
9,6,9.209764582924057
9,7,6.641076542154014
9,8,3.770267001347249
9,10,3.7594727203520275
9,11,6.907114642635403
9,12,9.630147018192416
9,13,12.62691616005139
9,14,14.964722428873015
9,15,14.69170474188783
9,16,18.10342332649564
9,17,20.752416808730015
9,18,22.441920553090746
9,19,26.050262521833385
9,20,26.2866647744233
9,21,24.26463708079216
9,22,20.484095231796715
9,23,17.232115901678586
9,24,15.4758138981897
9,25,11.835081887030006
9,26,10.608237693893312
9,27,7.138068304978683
9,28,6.6541950633803255
9,29,5.152706822827098
9,30,6.303516455151943
9,31,7.843980852040979
9,32,11.165195540545549
9,33,12.109992580234517
9,34,11.870627069510364
9,35,13.810217199790063
9,36,12.200101692430652
9,37,11.967436547666464
9,38,9.116555284392236
9,39,9.145997484015783
9,40,10.244247344345705
9,41,12.77534218139799
9,42,14.52907197917613
9,43,17.263133188200726
9,44,20.286998821458404
9,45,21.182855481291462
9,46,22.46142803070168
9,47,20.732006313411706
9,48,23.312003169792018
9,49,20.03905115117096
9,50,19.923356302749006
9,51,20.55783626634409
9,52,19.534608244431148
9,53,19.86384957190709
9,54,17.661074251999803
9,55,19.328893997335516
9,56,17.63340759894314
9,57,19.264784572262162
9,58,17.573360153177447
9,59,14.801402850028364
9,60,12.84157348187023
9,61,10.613467700026574
9,62,13.640501646658228
9,63,12.523378623557342
9,64,10.83604308048544
9,65,13.958273209833896
9,66,13.006689017527796
9,67,10.48029013924756
9,68,10.275083738882262
9,69,12.315212519511086
9,70,12.792652933424938
9,71,15.97720286336195
9,72,16.946840057285943
9,73,20.402129900148672
9,74,19.93042527591199
9,75,23.06414404292487
9,76,25.148809211866276
9,77,24.444941533001277
9,78,22.479254210768215
9,79,19.275608549399568
9,80,15.817541158313848
9,81,12.666031468107633
9,82,9.841685011357455
9,83,6.638419886419179
9,84,5.925758003571627
9,85,8.749666930586496
9,86,10.787767829296659
9,87,9.854984186190979
9,88,7.158949647706138
9,89,6.594262966795947
9,90,6.278853784961744
9,91,10.018856880462987
9,92,11.616187171570912
9,93,15.40816903437807
9,94,16.75877625461501
9,95,19.992370844775426
9,96,22.216254294288674
9,97,24.437338763222712
10,1,20.337726506250764
10,2,21.12155232068915
10,3,19.282440344146003
10,4,15.750645541539562
10,5,12.776300624637335
10,6,12.901550425804942
10,7,10.012089673997876
10,8,6.86882208317985
10,9,3.7594727203520275
10,11,3.794253815680711
10,12,6.2359715492671555
10,13,9.316877748547368
10,14,11.946339742132057
10,15,12.334627762575822
10,16,15.793610867646255
10,17,18.764456666359667
10,18,20.720768447405163
10,19,24.36846513768304
10,20,25.08855520720696
10,21,23.232338873896115
10,22,19.518246502736773
10,23,15.965165691268389
10,24,14.11104697506933
10,25,10.347720468158485
10,26,8.814144930533311
10,27,5.622978210596979
10,28,5.619890797162989
10,29,6.2748444066153946
10,30,7.560091004612091
10,31,10.353071508869379
10,32,14.019368500919775
10,33,15.053591739704565
10,34,14.135970344295952
10,35,16.148744518223776
10,36,15.087959969074328
10,37,14.738212327025845
10,38,11.683374748110403
10,39,12.07006874064522
10,40,12.225947208283715
10,41,14.724387687903238
10,42,15.663020815221923
10,43,18.418410272123683
10,44,21.051167313420645
10,45,21.64870068297796
10,46,23.467490881855017
10,47,22.258329670525665
10,48,25.004239515585724
10,49,21.931855997139163
10,50,21.49675161153639
10,51,21.519639054830158
10,52,20.2107121281359
10,53,20.608666382564806
10,54,18.520241801444115
10,55,19.69884810686047
10,56,18.0507680808075
10,57,20.078158552644044
10,58,19.032483863741554
10,59,16.16195836181529
10,60,14.721213648005838
10,61,12.351486246602079
10,62,15.130261252260677
10,63,13.41843345381161
10,64,11.187020478902761
10,65,13.601029911838868
10,66,12.518322684369593
10,67,9.525076301531824
10,68,10.200655247989841
10,69,11.66501332332997
10,70,12.555232933336825
10,71,15.609302821984382
10,72,16.900524105802987
10,73,20.281385395596093
10,74,19.682918751897066
10,75,22.855338651958817
10,76,24.439634065353744
10,77,23.79514505015359
10,78,21.886092852816237
10,79,19.10905201535568
10,80,15.949611437230311
10,81,12.96279059333256
10,82,11.051358702819464
10,83,8.594057367207943
10,84,9.167124892684141
10,85,12.203992126337283
10,86,13.741165374996505
10,87,12.50810779679418
10,88,9.110675541304925
10,89,8.723907633152978
10,90,7.00437554875381
10,91,10.333322927012809
10,92,10.85949358332992
10,93,14.553879714095
10,94,15.636095830591017
10,95,19.0576792440301
10,96,20.818989693416178
10,97,23.093873133661674
11,1,21.441684995444714
11,2,22.609695091564486
11,3,21.222264083608337
11,4,17.61678678224588
11,5,15.13539578779486
11,6,15.929633087003378
11,7,13.399509942034312
11,8,10.452758173244499
11,9,6.907114642635403
11,10,3.794253815680711
11,12,3.7982151727889137
11,13,5.861203733239901
11,14,8.183433773126856
11,15,8.679899737126238
11,16,12.073329615726538
11,17,15.17692217188437
11,18,17.19169217187383
11,19,20.837586682074612
11,20,21.800020573415008
11,21,20.094316708016798
11,22,16.469499981319693
11,23,12.811329549037506
11,24,10.913604850759977
11,25,7.232306793081742
11,26,5.903312145432276
11,27,4.138425476148948
11,28,6.197946283821632
11,29,8.541581559202102
11,30,10.728873267680488
11,31,13.646396666326675
11,32,17.26519441379929
11,33,17.776383823291486
11,34,16.334483760236825
11,35,17.78260041703375
11,36,16.83867532022346
11,37,15.890581975319844
11,38,12.58287048431442
11,39,13.230811354047068
11,40,12.33225411292086
11,41,14.811062638658035
11,42,15.015222432894257
11,43,17.93878217711522
11,44,20.305292324167702
11,45,21.007834191698663
11,46,23.338100060818178
11,47,22.4538664380613
11,48,25.048066506107453
11,49,22.08953095080019
11,50,21.084909275755134
11,51,20.452270606175063
11,52,18.707237132130246
11,53,18.98876738381465
11,54,17.022031981013377
11,55,17.71342349712272
11,56,16.27005733611825
11,57,18.73587618036653
11,58,18.303073686839205
11,59,15.67270995846603
11,60,15.088979141239664
11,61,13.23231764374599
11,62,16.058621854416092
11,63,14.530958843505594
11,64,12.693231237238427
11,65,14.290563310414813
11,66,12.432805795672712
11,67,8.84403404081089
11,68,9.380676644242381
11,69,9.667800133739144
11,70,10.466271725157403
11,71,13.136553638513575
11,72,14.646753795872254
11,73,17.89333338420393
11,74,17.367121460885336
11,75,20.623704893225625
11,76,21.867737629628667
11,77,21.543807172955958
11,78,20.01485784005871
11,79,17.595288789791503
11,80,14.964253964706879
11,81,11.986958029454833
11,82,11.14383496510004
11,83,9.406892167269058
11,84,11.275974455009171
11,85,14.772934075489575
11,86,16.363837863922566
11,87,15.650861885358369
11,88,12.248639044833006
11,89,11.073519696066274
11,90,8.203467857904254
11,91,10.640855095136207
11,92,9.815674344837623
11,93,13.17713091007391
11,94,13.467524434209063
11,95,17.09950798145937
11,96,18.305833797860235
11,97,20.301364175326086
12,1,22.992298805031034
12,2,24.63088159901534
12,3,23.571301287254215
12,4,20.170030959393532
12,5,17.517102141830218
12,6,18.391811993023847
12,7,15.53577517160667
12,8,12.87487909260367
12,9,9.630147018192416
12,10,6.2359715492671555
12,11,3.7982151727889137
12,13,3.783727088663969
12,14,7.34320457514528
12,15,9.365187746194069
12,16,12.075974232995335
12,17,15.6521988357639
12,18,17.419316613502254
12,19,21.102751419820255
12,20,22.351154862722233
12,21,21.21080927696665
12,22,17.74330758357134
12,23,14.19756655934263
12,24,11.75586837235979
12,25,8.674402039000453
12,26,6.162396779186418
12,27,5.229271178721279
12,28,6.204829205462883
12,29,9.518098564616364
12,30,11.495087300620316
12,31,14.916019664329761
12,32,18.60199759200843
12,33,19.097574344225187
12,34,17.07048045607449
12,35,18.664847645758478
12,36,18.475512756225154
12,37,17.938892540554825
12,38,15.028810653985234
12,39,16.33973405277098
12,40,15.569470678693856
12,41,18.305368387994353
12,42,18.478567506235827
12,43,21.498277491674532
12,44,23.7617082834009
12,45,24.431443081064966
12,46,26.937907009270727
12,47,26.17167650454057
12,48,28.718857745952498
12,49,25.760596127837964
12,50,24.557200041007082
12,51,23.688672693391837
12,52,21.621960668264332
12,53,21.55378505743555
12,54,19.361707480296477
12,55,19.38605655530512
12,56,17.57352530893947
12,57,19.818556138541847
12,58,19.95333723848847
12,59,16.996787603269606
12,60,16.444684031964055
12,61,14.202395026734319
12,62,16.330186568823216
12,63,14.208634053985241
12,64,12.047784727860218
12,65,12.733668684736518
12,66,11.085546079475423
12,67,7.836613564655559
12,68,9.70157213615609
12,69,9.990280583506019
12,70,11.853567563987625
12,71,14.555921153500757
12,72,16.722966290114105
12,73,19.941125366604474
12,74,19.76378930437574
12,75,23.10434446202457
12,76,24.01542496286068
12,77,24.003885478451686
12,78,22.748964112975692
12,79,20.67440351536584
12,80,18.358195066501008
12,81,15.473226175526802
12,82,14.884712448291884
12,83,13.031787344493116
12,84,14.656212539313216
12,85,18.082088002176345
12,86,19.788580241157188
12,87,18.708955823077783
12,88,15.199046137549189
12,89,14.565760318159898
12,90,11.912379147247183
12,91,14.308815288784741
12,92,13.152048028822861
12,93,16.19649369042716
12,94,16.093620423159592
12,95,19.740215479573514
12,96,20.385040067590463
12,97,22.138802399044945
13,1,25.00801874033885
13,2,26.789094222610156
13,3,25.97778940633363
13,4,22.515615034216122
13,5,20.26461536917549
13,6,21.447564828429517
13,7,18.861822302547047
13,8,16.112898368206455
13,9,12.62691616005139
13,10,9.316877748547368
13,11,5.861203733239901
13,12,3.783727088663969
13,14,3.7494164304514994
13,15,6.6206459167029355
13,16,8.820718059577047
13,17,12.491843162400428
13,18,14.400902269751636
13,19,17.94869976820145
13,20,19.593593645327886
13,21,18.62716538093804
13,22,15.463728166105739
13,23,11.985049937319056
13,24,9.816491154860019
13,25,7.531612039002825
13,26,6.000634563206491
13,27,7.269197851271136
13,28,9.393760402615928
13,29,12.883142994009603
13,30,15.188282410654379
13,31,18.491261827856725
13,32,22.12488731843761
13,33,22.35272339870445
13,34,20.20112132458873
13,35,21.347812752731812
13,36,21.05401698161508
13,37,20.005830363523014
13,38,16.931604778657636
13,39,18.13918296517253
13,40,16.612403218268128
13,41,19.05148932392976
13,42,18.533373735454546
13,43,21.457314627981535
13,44,23.326066654361288
13,45,23.976336540733346
13,46,26.870705620940825
13,47,26.465414795411437
13,48,28.876742279765857
13,49,26.14160995844728
13,50,24.54608908651533
13,51,23.1112686484686
13,52,20.79879461936513
13,53,20.740039835728847
13,54,18.884745526546897
13,55,18.480685705573638
13,56,17.09599753269356
13,57,19.7533828991667
13,58,20.42062475261532
13,59,17.922501226666576
13,60,18.148112619925445
13,61,16.510395068706988
13,62,18.709339492049427
13,63,16.94514681430861
13,64,15.238617768215716
13,65,15.417255485903489
13,66,13.239702530337636
13,67,9.883252091699468
13,68,11.181009322776491
13,69,10.141405496077327
13,70,11.552442631018494
13,71,13.416905735118329
13,72,15.565700630953367
13,73,18.369013703068646
13,74,18.160993888209116
13,75,21.370608541667202
13,76,21.8082282186187
13,77,22.063556518011676
13,78,21.189433531426776
13,79,19.618623973664466
13,80,17.93016690260637
13,81,15.365123038337877
13,82,15.697883679225722
13,83,14.577805615082024
13,84,16.924193776025497
13,85,20.541042582325375
13,86,22.13876037594175
13,87,21.429278890369385
13,88,17.910177496729503
13,89,16.769263742451024
13,90,13.55973864710343
13,91,15.155534376161501
13,92,13.07349464944825
13,93,15.458597030289745
13,94,14.627423625787797
13,95,18.20114631826872
13,96,18.19816640852802
13,97,19.626697272599056
14,1,26.459563865249386
14,2,28.200505757389628
14,3,27.53437243085525
14,4,24.016346095565464
14,5,22.216997724935535
14,6,23.64449818957249
14,7,21.416689123571768
14,8,18.604487734189114
14,9,14.964722428873015
14,10,11.946339742132057
14,11,8.183433773126856
14,12,7.34320457514528
14,13,3.7494164304514994
14,15,3.771050585544924
14,16,5.386826925731914
14,17,8.954854224477417
14,18,11.209111035767254
14,19,14.566824408449094
14,20,16.54829954242076
14,21,15.527315579531786
14,22,12.7029119771163
14,23,9.344074203915115
14,24,7.939958549193397
14,25,6.758008287507735
14,26,7.034878984653627
14,27,9.520114820010726
14,28,12.415195370738147
14,29,15.784892733322852
14,30,18.382459732435322
14,31,21.457703289153397
14,32,25.009861293242466
14,33,25.00130567331281
14,34,22.925771340805028
14,35,23.644635270754815
14,36,23.039685430724422
14,37,21.441512544638837
14,38,18.201228333292164
14,39,19.1138926025324
14,40,16.892176254591824
14,41,18.876000142277544
14,42,17.67284796657175
14,43,20.393926747116364
14,44,21.844157690307522
14,45,22.516800059196658
14,46,25.71063479934953
14,47,25.62649623921419
14,48,27.84447601588532
14,49,25.374441903809632
14,50,23.44086700797895
14,51,21.49731624650177
14,52,19.049786030571248
14,53,19.10698607998313
14,54,17.746735086138827
14,55,17.123986512134955
14,56,16.39391510831798
14,57,19.484994428995357
14,58,20.46096851476179
14,59,18.5902185877753
14,60,19.50901364277029
14,61,18.5420772474579
14,62,20.97764221620331
14,63,19.705353226348475
14,64,18.437848295645956
14,65,18.56804802337176
14,66,15.9602726061894
14,67,12.490148242144638
14,68,12.92961790992238
14,69,10.843819246604399
14,70,11.30006279756669
14,71,12.08265033285245
14,72,13.861403981206289
14,73,16.10517189246477
14,74,15.749204897796647
14,75,18.734717439843667
14,76,18.75418931879947
14,77,19.240893490918985
14,78,18.76390960924901
14,79,17.667423468688728
14,80,16.65331125332862
14,81,14.498696729502285
14,82,15.721281316746913
14,83,15.39032862467701
14,84,18.340012176583695
14,85,22.04211689177238
14,86,23.509539435096624
14,87,23.26885404537329
14,88,19.870169419273346
14,89,18.17345699765222
14,90,14.588679837476409
14,91,15.342611700532606
14,92,12.515977662105886
14,93,14.119835096473757
14,94,12.521642566748701
14,95,15.916229282486405
14,96,15.330638846898754
14,97,16.39222673496611
15,1,25.22925035642705
15,2,26.714039041012995
15,3,26.05380975880668
15,4,22.50350992738627
15,5,21.18843682115058
15,6,22.83008691377225
15,7,21.11014285815976
15,8,18.386214751546884
15,9,14.69170474188783
15,10,12.334627762575822
15,11,8.679899737126238
15,12,9.365187746194069
15,13,6.6206459167029355
15,14,3.771050585544924
15,16,3.770225166766788
15,17,6.5764105814474645
15,18,9.150141357452307
15,19,12.523770346243838
15,20,14.147539913992574
15,21,12.5137366288095
15,22,9.492025105585858
15,23,5.871925436123477
15,24,5.445025004717876
15,25,4.666504668642759
15,26,6.9794475523060955
15,27,9.732395972967511
15,28,13.260302158990127
15,29,16.180740640536225
15,30,19.08464899641016
15,31,21.711975997658257
15,32,25.072507634535935
15,33,24.811880192313815
15,34,23.03194634703372
15,35,23.349088410879503
15,36,22.223439211219258
15,37,20.092168274452987
15,38,16.69333269301749
15,39,17.180601126584648
15,40,14.434748717997401
15,41,15.998554605087952
15,42,14.405530299357432
15,43,17.0635328621683
15,44,18.442382440325076
15,45,19.388380702151796
15,46,22.610689531880418
15,47,22.503574028744872
15,48,24.499587601495612
15,49,22.11163185279926
15,50,19.972217007739143
15,51,17.844641808649236
15,52,15.363688680325678
15,53,15.583078790498453
15,54,14.594644965282194
15,55,14.262098448962309
15,56,14.151638011820538
15,57,17.59960510701023
15,58,18.379667840041733
15,59,17.107819510839274
15,60,18.439032222455058
15,61,18.128721489511324
15,62,20.988613895086445
15,63,20.33766258974331
15,64,19.529512664093925
15,65,20.094658709854823
15,66,17.141373263389962
15,67,13.454684894862524
15,68,12.804286500563594
15,69,10.224787625205797
15,70,9.386246174540956
15,71,9.406957031682333
15,72,10.510214340800278
15,73,12.552122454749203
15,74,11.990816570361181
15,75,15.005301397444123
15,76,15.24429667106038
15,77,15.808276155601218
15,78,15.515893962053383
15,79,14.295137544877761
15,80,13.548674646868315
15,81,11.45830406385321
15,82,13.218246615299329
15,83,13.485681688825387
15,84,16.881322925681694
15,85,20.580932529572614
15,86,22.034555354577748
15,87,22.381855261685725
15,88,19.30357628673335
15,89,16.977039660326415
15,90,13.251394669769715
15,91,13.413713409630487
15,92,10.31278715620639
15,93,11.580047204025869
15,94,9.448318377859062
15,95,12.905746442413005
15,96,12.46205627762479
15,97,13.344947241953948
16,1,26.8274830009841
16,2,28.612615574701813
16,3,28.375348451459807
16,4,24.996613095578223
16,5,23.972051868142326
16,6,25.942878962800993
16,7,24.36069484547445
16,8,21.84761508671518
16,9,18.10342332649564
16,10,15.793610867646255
16,11,12.073329615726538
16,12,12.075974232995335
16,13,8.820718059577047
16,14,5.386826925731914
16,15,3.770225166766788
16,17,3.784790592420721
16,18,5.902461266136843
16,19,9.234408417172226
16,20,11.25381405931997
16,21,10.336079543453701
16,22,7.994400400193022
16,23,5.488166784989938
16,24,5.357856826649295
16,25,6.925450563829128
16,26,9.013368588548662
16,27,12.430229963446724
16,28,15.882287879569034
16,29,19.030252984896034
16,30,22.143921886790757
16,31,24.775426100002047
16,32,28.050719902767344
16,33,27.473446388164714
16,34,25.399639424613138
16,35,25.35143539151194
16,36,24.456667532582177
16,37,22.173514365553327
16,38,19.04142899554468
16,39,19.842166923378016
16,40,16.88886633192504
16,41,18.402243279994046
16,42,16.603228831968206
16,43,19.206826397867854
16,44,20.329472924460404
16,45,21.491479395731282
16,46,24.85454806545158
16,47,24.867804326532454
16,48,26.495147615237574
16,49,24.247576560426808
16,50,21.677613486457908
16,51,19.112801730204026
16,52,16.23577878855796
16,53,15.986517988387988
16,54,15.151242225619177
16,55,13.959427621110882
16,56,14.105241610100366
16,57,17.535893697607033
16,58,19.013820745103747
16,59,18.116313785214924
16,60,20.01999374282051
16,61,20.080485723377077
16,62,22.64609596418688
16,63,22.190976603330494
16,64,21.737677719993385
16,65,21.77421106495528
16,66,18.577207904048084
16,67,15.192938689298623
16,68,14.458592726631997
16,69,11.266278886937481
16,70,10.449713017581475
16,71,9.462500001015215
16,72,10.814543767950768
16,73,12.160901594294767
16,74,12.19385028194681
16,75,15.01388802192431
16,76,14.756674801741836
16,77,16.100027818890837
16,78,16.64997633709583
16,79,16.001685063658563
16,80,16.01155791523074
16,81,14.191694453632788
16,82,16.309183015830722
16,83,16.67410939828293
16,84,20.148871899248686
16,85,23.889025177928918
16,86,25.5119544408415
16,87,26.02356679534184
16,88,23.012245561199965
16,89,20.595108880933868
16,90,16.89452090274931
16,91,16.893981122223778
16,92,13.649019356576932
16,93,14.321215495085204
16,94,11.504047669589228
16,95,14.473005268510057
16,96,13.135210794259061
16,97,13.01511771959562
17,1,28.48236046456944
17,2,30.09636215730009
17,3,29.953535232827623
17,4,26.640660670880298
17,5,26.0527801945896
17,6,28.1371258927315
17,7,26.906068574103607
17,8,24.432777014531446
17,9,20.752416808730015
17,10,18.764456666359667
17,11,15.17692217188437
17,12,15.6521988357639
17,13,12.491843162400428
17,14,8.954854224477417
17,15,6.5764105814474645
17,16,3.784790592420721
17,18,3.8002323691868587
17,19,6.206797654030068
17,20,8.56396347403383
17,21,7.2552295668024644
17,22,5.991853988602718
17,23,4.99864834532726
17,24,6.947063727953493
17,25,9.370278731746545
17,26,12.174610343281806
17,27,15.547181616852198
17,28,19.16436471581965
17,29,22.06969182702512
17,30,25.26712647333455
17,31,27.65852422792184
17,32,30.799082079036978
17,33,30.068719066090676
17,34,28.173242063552458
17,35,27.818458742626575
17,36,26.623296546457432
17,37,23.958802080924766
17,38,20.848247487026832
17,39,21.28246975984761
17,40,17.928761951556243
17,41,18.81651553664605
17,42,16.45277285000169
17,43,18.611482119370354
17,44,19.211356961257266
17,45,20.467144634668273
17,46,23.941512728602323
17,47,24.228383749823443
17,48,25.503542890882358
17,49,23.628721974013875
17,50,20.777721428273768
17,51,17.752255947479583
17,52,14.881203581904352
17,53,14.792783611125287
17,54,14.768184262560293
17,55,13.523764859961657
17,56,14.617738656501624
17,57,18.21535788336316
17,58,19.775160140703207
17,59,19.624102166019156
17,60,21.96768927073823
17,61,22.56840947865829
17,62,25.28045617720092
17,63,25.220316918048017
17,64,25.03619236374906
17,65,25.18706778892907
17,66,21.843359215533184
17,67,18.479789212174953
17,68,17.240592753504416
17,69,13.808194874101165
17,70,12.150570434918773
17,71,9.998858530636461
17,72,10.307533497984641
17,73,10.421896585890273
17,74,10.269739402501731
17,75,12.492051195461794
17,76,11.696322024400176
17,77,13.537147416003066
17,78,14.810703485490102
17,79,14.76426460632158
17,80,15.657955976401185
17,81,14.480353733168485
17,82,17.231536400695695
17,83,18.259038615331708
17,84,21.957725957809295
17,85,25.563632655917903
17,86,27.030716795790823
17,87,27.956831974174246
17,88,25.18565616994813
17,89,22.422516113376883
17,90,18.72146771320627
17,91,18.056334096029687
17,92,14.614911111596513
17,93,14.406949829190046
17,94,10.988281122401895
17,95,13.226055249326492
17,96,11.256863277687076
17,97,10.21089690350503
18,1,27.789001271041368
18,2,29.697174427312916
18,3,30.037872125241815
18,4,26.999844209444813
18,5,26.73821123093949
18,6,29.2238333219876
18,7,28.230217302917485
18,8,26.147379439523156
18,9,22.441920553090746
18,10,20.720768447405163
18,11,17.19169217187383
18,12,17.419316613502254
18,13,14.400902269751636
18,14,11.209111035767254
18,15,9.150141357452307
18,16,5.902461266136843
18,17,3.8002323691868587
18,19,3.814277827057402
18,20,5.439573334954407
18,21,5.650712733448193
18,22,5.114759688512682
18,23,6.12608505494615
18,24,7.188633185460507
18,25,10.622238370840652
18,26,13.042674016095907
18,27,16.683055273811316
18,28,20.186328740226624
18,29,23.102856373926866
18,30,26.567313270479694
18,31,28.794104259398164
18,32,31.728644848017105
18,33,30.569904887157342
18,34,28.430969327182286
18,35,27.62700158861903
18,36,26.65349205424787
18,37,23.898875162680437
18,38,21.19657835488346
18,39,22.072335528872536
