1,2,3.828409886075492
1,3,6.915182359682245
1,4,10.570862927594083
1,5,13.282771577980917
1,6,16.784734932541458
1,7,19.08624045424309
1,8,22.816855363444905
1,9,25.21027569903803
1,10,23.340453865423925
1,11,26.170797185367295
1,12,27.5606913719211
1,13,27.9914492232863
1,14,25.107040307490543
1,15,21.36292016489649
1,16,19.449541831805792
1,17,15.690391043591948
1,18,13.705659119502249
1,19,10.575117216381006
1,20,8.083573650470804
1,21,5.728036304721279
1,22,5.192713225452293
1,23,8.49191748967209
1,24,9.665019192053311
1,25,11.507677406944774
1,26,12.428079486439268
1,27,15.880540832681824
1,28,16.392927825367266
1,29,15.113709783442413
1,30,17.314639044443002
1,31,18.05033712098347
1,32,20.351782189300632
1,33,22.221324720843104
1,34,22.742581607253836
1,35,26.389256754679405
1,36,26.036538533739073
1,37,26.594109446836338
1,38,25.3052587937607
1,39,22.082493009314184
1,40,22.51809835751126
1,41,21.241580089593302
1,42,19.82064616285917
1,43,21.168062453848954
1,44,19.31573239208057
1,45,20.49012730898537
1,46,20.1982070304164
1,47,17.319554492646812
1,48,14.53299557331056
1,49,16.636308559960064
1,50,17.263641980072112
1,51,20.401719667051488
1,52,22.545727089627643
1,53,26.22575795091666
1,54,27.897073649978363
1,55,31.609692506765793
1,56,31.54927305797739
1,57,29.752839411574904
1,58,26.128748482815492
1,59,25.513426705845223
1,60,22.1596498765027
1,61,20.197428989569435
1,62,18.10122459130921
1,63,16.31339598963337
1,64,14.198860870043998
1,65,13.927554572676932
1,66,13.049897138578745
1,67,13.951706745230291
1,68,12.37027916359721
1,69,15.018306576901642
1,70,14.460486602533269
1,71,15.1920533283507
1,72,12.209723359120034
1,73,13.163878361048761
1,74,11.529881594594066
1,75,12.843807919552553
1,76,11.850951987168266
1,77,15.061756034363482
1,78,16.286189711669625
1,79,13.208522255101624
1,80,15.679318219281488
1,81,18.903483178179112
1,82,22.43635671557005
1,83,23.42623475014398
1,84,20.529355853889026
1,85,21.032230360078437
1,86,20.84439722110156
1,87,18.69432633326034
1,88,16.5324282251106
1,89,12.732739372855827
1,90,11.612934331796483
1,91,8.473272639388371
1,92,8.914371498203288
2,1,3.828409886075492
2,3,3.8179641319059474
2,4,7.0316890219941
2,5,10.15150765279508
2,6,13.410839184085381
2,7,15.796520560472015
2,8,19.57531407010052
2,9,21.726570840153386
2,10,19.716176604504156
2,11,22.499845419040337
2,12,23.83147333070859
2,13,24.176200081807735
2,14,21.30614215669413
2,15,17.564437673434554
2,16,15.7651082228606
2,17,12.047178382072852
2,18,10.462116923494785
2,19,7.247060271271479
2,20,5.82234990013671
2,21,4.602615386040447
2,22,6.578813761053546
2,23,10.01332358139827
2,24,9.88523500767752
2,25,10.406676880966177
2,26,10.345989518572459
2,27,13.849218398136193
2,28,13.743455606679584
2,29,11.914795763334448
2,30,13.955750055217399
2,31,14.519790118105174
2,32,17.002261578751764
2,33,18.817497904305483
2,34,19.672515864637493
2,35,23.265772003311355
2,36,22.82374126940646
2,37,23.619146194781838
2,38,22.194420396465613
2,39,18.917118352204586
2,40,19.089297611737393
2,41,17.883120002490767
2,42,16.28443024422784
2,43,17.8021923218751
2,44,16.25814253418523
2,45,17.484896265075577
2,46,17.620897933981357
2,47,15.095327784401535
2,48,11.934533505384744
2,49,13.473143768383922
2,50,13.767210608283463
2,51,16.72814821894501
2,52,18.779974899449133
2,53,22.43640720190784
2,54,24.091596108969217
2,55,27.814627428993848
2,56,27.779732226837943
2,57,26.0064437981172
2,58,22.419022887837816
2,59,21.992326836251035
2,60,18.781711750084057
2,61,17.053457167031684
2,62,14.707464954556174
2,63,13.163279683249781
2,64,10.91260511091622
2,65,11.134628682084365
2,66,10.487733723973955
2,67,12.143008691297283
2,68,11.163887359887468
2,69,14.188591204926785
2,70,14.544278390975101
2,71,14.848451871042897
2,72,11.970452935797647
2,73,12.105848271350535
2,74,10.158104443943992
2,75,10.775997320076545
2,76,9.544317767237168
2,77,12.638422878885658
2,78,13.56478900497021
2,79,10.280441521822219
2,80,12.426108003298447
2,81,15.902451193982373
2,82,19.246599012703168
2,83,20.36336657108995
2,84,17.424313349514218
2,85,18.101700116366974
2,86,17.773684976142526
2,87,16.00293651075081
2,88,13.997206529927762
2,89,10.271843886869338
2,90,8.96871404403319
2,91,6.354551615078765
2,92,7.415678128198668
3,1,6.915182359682245
3,2,3.8179641319059474
3,4,3.8105710418893506
3,5,6.514013263854058
3,6,9.895231176870166
3,7,12.465902653881427
3,8,16.18181679579748
3,9,18.543017931019637
3,10,16.564456182687554
3,11,19.400648131335323
3,12,21.0286415636823
3,13,21.690181275719205
3,14,18.776613733504817
3,15,15.008350139466215
3,16,13.144040379345698
3,17,9.389626245391185
3,18,8.015956742627019
3,19,5.8938705726191785
3,20,5.6020177342439395
3,21,6.833973770502315
3,22,9.044892092292336
3,23,12.656207683518314
3,24,12.463364213189857
3,25,12.160137728026708
3,26,11.773618396249555
3,27,15.309663067678375
3,28,14.771561241375984
3,29,12.321830858694838
3,30,13.994804422290034
3,31,13.901920369441727
3,32,16.39691848175667
3,33,17.585249543491475
3,34,18.583356073849288
3,35,22.193327233890418
3,36,22.084961628659777
3,37,23.475163075103108
3,38,22.14626441845943
3,39,18.992140346909988
3,40,18.738602294979902
3,41,17.73324372644356
3,42,15.582075775064107
3,43,17.05506363142598
3,44,15.711596752985171
3,45,16.324024059990258
3,46,16.416029269547515
3,47,13.910615224556626
3,48,10.992437253185894
3,49,11.73169239484454
3,50,12.349913039227474
3,51,14.939006713207952
3,52,17.110469152106766
3,53,20.55002680091543
3,54,22.255057476608332
3,55,26.007604799331844
3,56,25.817479242442854
3,57,23.703288109055258
3,58,20.23015970510446
3,59,19.777798506216648
3,60,16.657382869106108
3,61,15.161207734528277
3,62,13.150208240038058
3,63,12.603198340111021
3,64,10.895408378974647
3,65,12.255607075805791
3,66,12.09947704719563
3,67,14.363809182882703
3,68,13.682625768761108
3,69,16.57500990048215
3,70,17.56090687938913
3,71,17.90235116205293
3,72,15.261094174508466
3,73,14.968080372413667
3,74,12.770066974305955
3,75,12.448964393314775
3,76,10.420937701304325
3,77,12.669280057494706
3,78,12.504648029251015
3,79,8.77183393766359
3,80,9.919051967273596
3,81,13.35368767033709
3,82,16.647737450649878
3,83,17.286419941000467
3,84,14.085952484234895
3,85,14.42192540829945
3,86,14.034333104884599
3,87,12.224849953405412
3,88,10.20480771722367
3,89,6.521503894280103
3,90,5.740150069137965
3,91,4.537360060808005
3,92,7.371572015910159
4,1,10.570862927594083
4,2,7.0316890219941
4,3,3.8105710418893506
4,5,3.8076648397911828
4,6,6.442529993599823
4,7,9.219152348684423
4,8,12.935883784506654
4,9,14.986230654764187
4,10,12.818727955469386
4,11,15.631327173449996
4,12,17.30015041265566
4,13,17.92983071040562
4,14,15.008020412552204
4,15,11.242963366239817
4,16,9.526506222683253
4,17,5.899584465897274
4,18,5.703646008646294
4,19,4.888311329604337
4,20,6.903216481711177
4,21,9.195564978624073
4,22,12.10989397378974
4,23,15.417030065193082
4,24,14.510581131674844
4,25,13.217170633760349
4,26,11.982334317638097
4,27,15.11222854877941
4,28,13.909313173992482
4,29,10.930055414979236
4,30,12.086873653171729
4,31,11.52965867398824
4,32,14.132311626297621
4,33,14.980834931315396
4,34,16.445017283482628
4,35,19.855992665111977
4,36,19.71960795909402
4,37,21.49860784598322
4,38,20.067046137130948
4,39,17.01156715151814
4,40,16.29239919550161
4,41,15.466224491296696
4,42,12.986677883261946
4,43,14.567810876956342
4,44,13.75688116000123
4,45,14.17913572172602
4,46,14.787132759263608
4,47,12.923302566829758
4,48,9.979683589074542
4,49,9.47905777717317
4,50,9.685526949358186
4,51,11.697508943494112
4,52,13.744876231273906
4,53,17.017369259766816
4,54,18.72213971443033
4,55,22.47142547467217
4,56,22.288552628980128
4,57,20.120958301447004
4,58,16.769144409228087
4,59,16.605973586893455
4,60,13.810138005724937
4,61,12.82378476238401
4,62,10.681575404246756
4,63,10.965800445350926
4,64,9.508545091022183
4,65,11.665886903784703
4,66,11.896535003568301
4,67,14.678523994300201
4,68,14.611322163696851
4,69,17.470464696630817
4,70,19.13873243019811
4,71,19.17516464589284
4,72,16.84718939430128
4,73,15.967244571915458
4,74,13.78028734292419
4,75,12.745626884477522
4,76,10.655615144545123
4,77,12.161399533342802
4,78,11.29986145317826
4,79,7.673830309513203
4,80,7.49753379672838
4,81,11.080870815203355
4,82,13.909394544776234
4,83,14.539059438872021
4,84,11.243043442730219
4,85,11.691763243747285
4,86,11.012717958548814
4,87,9.894865480318787
4,88,8.348172394554286
4,89,5.510688893861825
4,90,5.020820973078004
4,91,6.103008080477806
4,92,8.953103346706534
5,1,13.282771577980917
5,2,10.15150765279508
5,3,6.514013263854058
5,4,3.8076648397911828
5,6,3.803697920416772
5,7,6.202206711342922
5,8,9.773469314247906
5,9,12.4100831687287
5,10,10.800519324697655
5,11,13.937209737668569
5,12,16.308184644236288
5,13,17.187311109906666
5,14,14.086916665349632
5,15,10.616985275800218
5,16,8.408102149569851
5,17,5.304270398789185
5,18,4.954417756914496
5,19,6.572980889006494
5,20,8.469115114695358
5,21,11.64917635432757
5,22,14.170116549369151
5,23,17.415251501499366
5,24,16.735327306441118
5,25,15.18765686498445
5,26,14.288304464901408
5,27,17.367445107349372
5,28,16.3416391918855
5,29,13.499292813178583
5,30,14.625609174840216
5,31,13.873376080850228
5,32,16.43641482983362
5,33,16.701999354750182
5,34,18.343390874163106
5,35,21.54971611319004
5,36,21.645952750295326
5,37,23.85061635434214
5,38,22.41168886644048
5,39,19.50242360418348
5,40,18.25851466135738
5,41,17.36232475896366
5,42,14.34910063341575
5,43,15.330133532976912
5,44,14.407244590883938
5,45,13.830857044111436
5,46,13.959366312700038
5,47,12.068981492125499
5,48,10.057720573315336
5,49,8.914391639348365
5,50,10.079072376375208
5,51,11.624460923579427
5,52,14.031734495512184
5,53,16.83094342391878
5,54,18.816426171902574
5,55,22.497218937883414
5,56,22.3509322688246
5,57,19.90081674546698
5,58,16.95146852872378
5,59,16.99091015557157
5,60,14.634828457213857
5,61,14.143392892882405
5,62,12.565745087965277
5,63,13.769900551444465
5,64,12.710163167566163
5,65,15.105911074641439
5,66,15.197238445613522
5,67,17.827406780161304
5,68,17.502718038575765
5,69,19.942759335416447
5,70,21.89470685770136
5,71,22.29263820577855
5,72,20.24429536537056
5,73,19.5552409059945
5,74,17.541925620090428
5,75,16.457524778654975
5,76,14.253764564460335
5,77,15.286377228948197
5,78,13.717769808071335
5,79,10.239753746087798
5,80,8.758834508321822
5,81,11.674333349549473
5,82,14.06872626942991
5,83,13.764787010061005
5,84,10.065338067707259
5,85,9.341662047251564
5,86,7.896148388701589
5,87,6.24074598064836
5,88,5.598818222014212
5,89,3.999077913541038
5,90,5.986744361892992
5,91,8.517155038189276
5,92,11.931570847997692
6,1,16.784734932541458
6,2,13.410839184085381
6,3,9.895231176870166
6,4,6.442529993599823
6,5,3.803697920416772
6,7,3.802984899306017
6,8,6.938768363503881
6,9,9.100762823493948
6,10,7.119808502139766
6,11,10.168417208987973
6,12,12.718040830868784
6,13,13.77791482367119
6,14,10.827851917142144
6,15,7.6451166634579435
6,16,6.044069473400242
6,17,4.614428286156524
6,18,6.467282078457175
6,19,8.976632486329054
6,20,11.700551365280093
6,21,14.898499067695491
6,22,17.72709302222758
6,23,20.82618053578353
6,24,19.749306574931822
6,25,17.719792459458336
6,26,16.244381763588194
6,27,18.800522338392163
6,28,17.223156046860105
6,29,14.127966446788092
6,30,14.511041625504667
6,31,13.189746125178148
6,32,15.447772911194992
6,33,15.104775098572103
6,34,17.04055250778387
6,35,19.85494316503175
6,36,20.06234360594531
6,37,22.669117866505232
6,38,21.30192351080308
6,39,18.740817362336433
6,40,17.138534896725396
6,41,16.637985308259513
6,42,13.538086469289622
6,43,14.592261175978972
6,44,14.446955568918854
6,45,13.64127908012197
6,46,14.356813599605797
6,47,13.368898060856079
6,48,11.650790660991449
6,49,9.26520432820625
6,50,9.77152349291003
6,51,10.01922729866703
6,52,11.935616059463978
6,53,14.157054719472532
6,54,15.978160707046898
6,55,19.510193801134
6,56,19.243787979360672
6,57,16.63122480168594
6,58,14.003034658565408
6,59,14.317371051119348
6,60,12.575038259241634
6,61,12.790681295218482
6,62,11.528954854552108
6,63,13.630993592034207
6,64,13.148895009117156
6,65,16.01829743385542
6,66,16.534970424213927
6,67,19.449489576799618
6,68,19.65678407157982
6,69,22.073345987186418
6,70,24.387901325065645
6,71,24.470837305284924
6,72,22.58857720338006
6,73,21.441129857728818
6,74,19.394021791334787
6,75,17.78616004233992
6,76,15.581393434608001
6,77,15.868686475065905
6,78,13.73343886803411
6,79,10.917101033308597
6,80,8.228325571236049
6,81,10.461065994066239
6,82,11.931545428466274
6,83,11.383833867885656
6,84,7.7998357240507135
6,85,7.044275083864669
6,86,5.067568156626108
6,87,5.303027952731748
6,88,5.787722121762203
6,89,6.443523195896643
6,90,7.928144365680359
6,91,11.121629396871025
6,92,14.140294405538569
7,1,19.08624045424309
7,2,15.796520560472015
7,3,12.465902653881427
7,4,9.219152348684423
7,5,6.202206711342922
7,6,3.802984899306017
7,8,3.795658047967346
7,9,6.431530869943562
7,10,6.078839669407708
7,11,9.77138542213256
7,12,13.007323442595343
7,13,13.468809791039389
7,14,10.109994177168685
7,15,7.806411894444119
7,16,5.165815147286361
7,17,5.3187161654688335
7,18,6.541377532119419
7,19,10.06586113749192
7,20,12.744122139035932
7,21,16.315052927032543
7,22,19.084303906814092
7,23,21.792122099754234
7,24,20.53837147429129
7,25,18.090387842494867
7,26,16.786803370738717
7,27,19.063312147999532
7,28,17.795716681036524
7,29,15.190666023099304
7,30,15.920645564164216
7,31,15.12032751779769
7,32,17.68884492146855
7,33,17.48757685026115
7,34,19.883050840233306
7,35,22.344477252201308
7,36,22.221038537354943
7,37,24.808919168587632
7,38,23.060875892670698
7,39,20.42354157406485
7,40,18.20046402914011
7,41,17.206410146449013
7,42,13.696569844593533
7,43,13.793032562155197
7,44,13.40176830797922
7,45,11.691986222184989
7,46,12.07467733696573
7,47,11.570690911778092
7,48,10.81569491216993
7,49,7.925738605367614
7,50,9.210250910361685
7,51,9.158817407042049
7,52,11.641578312035897
7,53,13.40187537526592
7,54,15.86041834633261
7,55,19.259306765253168
7,56,19.55864529864709
7,57,17.241010308212996
7,58,15.23769381898995
7,59,16.316545882100947
7,60,15.284095708220967
7,61,15.982599177295006
7,62,14.530800034983017
7,63,16.62125553182692
7,64,15.73194029330815
7,65,18.240387248404073
7,66,18.208565798525537
7,67,20.73068783856096
7,68,20.671629793395244
7,69,22.551499031170454
7,70,25.237311657135404
7,71,25.638437991871225
7,72,24.245425081630916
7,73,23.366794901209133
7,74,21.809023321516165
7,75,20.528985930673734
7,76,18.748592658105746
7,77,19.246085872516876
7,78,17.28054142375559
7,79,14.554411787080113
7,80,11.868286076181496
7,81,13.927709940217536
7,82,14.815261947549033
7,83,13.992034720053011
7,84,10.639913080908224
7,85,9.089287295281041
7,86,5.725790152503855
7,87,5.770013861581275
7,88,8.209440707105049
7,89,9.311048010337622
7,90,11.482504837962042
7,91,14.488056419232231
7,92,17.634026612514333
8,1,22.816855363444905
8,2,19.57531407010052
8,3,16.18181679579748
8,4,12.935883784506654
8,5,9.773469314247906
8,6,6.938768363503881
8,7,3.795658047967346
8,9,3.790806715825179
8,10,5.3675611440093345
8,11,8.575491462532254
8,12,12.30904504409422
8,13,12.863895902112912
8,14,9.895557751376266
8,15,8.95291184427878
8,16,7.172805949516933
8,17,8.766285971465246
8,18,10.128103862592516
8,19,13.762740178236315
8,20,16.380067565543893
8,21,20.016336602327986
8,22,22.699365513885617
8,23,25.30753283084235
8,24,24.039809002264988
8,25,21.439319158302887
8,26,20.123650370229516
8,27,22.110026730955642
8,28,20.77876123264322
8,29,18.287022434194437
8,30,18.720038084837544
8,31,17.724850781633616
8,32,19.99942788820792
8,33,19.340216842445
8,34,21.807317094631042
8,35,23.858945899241814
8,36,23.87274744351215
8,37,26.720842785732092
8,38,25.04240502534894
8,39,22.72287936174993
8,40,20.21650845813113
8,41,19.39459718900632
8,42,15.899535657500191
8,43,15.637811536164747
8,44,15.582260647095824
8,45,13.3527545169303
8,46,13.666917098470805
8,47,13.76056779046544
8,48,13.754620387658706
8,49,10.62755884974983
8,50,11.839207856162808
8,51,10.870081090295994
8,52,12.886660983359654
8,53,13.62289963147146
8,54,16.021299913980037
8,55,18.97499873304906
8,56,19.312865638621826
8,57,16.943528229860235
8,58,15.716619709259742
8,59,17.076456654588036
8,60,16.76387397251728
8,61,17.940222026093693
8,62,16.935200185372395
8,63,19.467561299186098
8,64,18.906701378277038
8,65,21.53595014452025
8,66,21.59944740785971
8,67,24.10147270089363
8,68,24.126844447202284
8,69,25.80721219678003
8,70,28.669805314898383
8,71,29.091583273851107
8,72,27.861188894852095
8,73,26.908763001454343
8,74,25.395639754662447
8,75,23.95705258247889
8,76,22.14838406413177
8,77,22.294826104178718
8,78,20.014122777985275
8,79,17.631298327364664
8,80,14.524708480731677
8,81,15.873111745532098
8,82,16.013935593818324
8,83,14.634606006240286
8,84,11.766764756702015
8,85,9.659532520180413
8,86,5.979883123895289
8,87,7.0410265505572704
8,88,10.265567905704785
8,89,12.324108040276402
8,90,14.653188229500547
8,91,17.927780848035773
8,92,21.069600073237996
9,1,25.21027569903803
9,2,21.726570840153386
9,3,18.543017931019637
9,4,14.986230654764187
9,5,12.4100831687287
9,6,9.100762823493948
9,7,6.431530869943562
9,8,3.790806715825179
9,10,3.808237636674842
9,11,6.218680109120254
9,12,9.847486897977944
9,13,9.814682589243345
9,14,7.137592537753663
9,15,7.631678329375026
9,16,7.014206176582039
9,17,9.976341348943363
9,18,12.162195832594099
9,19,15.577678895672413
9,20,18.659444655286
9,21,22.11576078163027
9,22,25.131301896737593
9,23,27.58158316374384
9,24,25.882878108395218
9,25,22.951160244527646
9,26,21.134475839607624
9,27,22.55506913726574
9,28,20.82234880091164
9,29,18.375841638839116
9,30,18.281134871223056
9,31,17.16612868382326
9,32,19.178429775401604
9,33,18.346682940004825
9,34,21.13113575198557
9,35,22.640965480283676
9,36,22.435968288851523
9,37,25.338905371411816
9,38,23.585677803913246
9,39,21.59465968900974
9,40,18.790013620645723
9,41,18.211767395452547
9,42,14.941898359386363
9,43,14.641965279975766
9,44,15.386303036086572
9,45,13.365241762444107
9,46,14.486142178853603
9,47,15.486676623602582
9,48,15.33631926846599
9,49,11.742687321288917
9,50,11.991826765406142
9,51,9.878362407536246
9,52,11.060161960266672
9,53,10.857896465853742
9,54,13.15470893478109
9,55,15.761545559561098
9,56,16.326464287551776
9,57,14.274830487493556
9,58,13.696384017386439
9,59,15.692173600172456
9,60,16.18607359154752
9,61,17.908435259067375
9,62,16.862230608554093
9,63,19.5796946920297
9,64,19.19214267562643
9,65,21.81687001404751
9,66,22.059929082429694
9,67,24.613357600910344
9,68,25.089765539793014
9,69,26.72258429811564
9,70,29.82668273027852
9,71,29.917648903842643
9,72,28.89789077730027
9,73,27.612309537259296
9,74,26.232559491027363
9,75,24.57759187790009
9,76,23.051234534770582
9,77,22.88695314021758
9,78,20.627056649153523
9,79,18.79571109159789
9,80,15.51951122984046
9,81,16.573596726983947
9,82,15.93120844297812
9,83,14.934096167010026
9,84,12.768107716934225
9,85,11.446727950060998
9,86,8.359697755257084
9,87,10.440691919542623
9,88,13.22975192203732
9,89,15.212493783872146
9,90,16.941714739817577
9,91,20.164543326708827
9,92,22.931691793176963
10,1,23.340453865423925
10,2,19.716176604504156
10,3,16.564456182687554
10,4,12.818727955469386
10,5,10.800519324697655
10,6,7.119808502139766
10,7,6.078839669407708
10,8,5.3675611440093345
10,9,3.808237636674842
10,11,3.810424277920324
10,12,7.1729050805207555
10,13,7.7780241533794765
10,14,5.13755600601825
10,15,4.629595667045882
10,16,5.407214294559847
10,17,8.236867591864002
10,18,11.278779767559653
10,19,14.184980149256521
10,20,17.544357543042597
10,21,20.716158941348343
10,22,23.925435134105587
10,23,26.617555671395934
10,24,24.87746534903948
10,25,22.11317007315892
10,26,19.949338054867333
10,27,21.44700701137992
10,28,19.271778462883717
10,29,16.360072607453215
10,30,15.75243197401821
10,31,14.094030256162576
10,32,15.786296087376726
10,33,14.711344708028543
10,34,17.367699383623883
10,35,18.986494414224765
10,36,18.967310240280195
10,37,21.982019850378272
10,38,20.499348430005757
10,39,18.643863796352704
10,40,16.206290068642257
10,41,16.167184291873234
10,42,13.200767685249218
10,43,13.862124457434131
10,44,15.056919827149196
10,45,13.902126606618973
10,46,15.559728659890714
10,47,16.250379516872353
10,48,15.193912450862625
10,49,11.599122686341927
10,50,11.00726935124104
10,51,8.729665060935977
10,52,9.23173026601847
10,53,9.498108672014604
10,54,11.158506753707968
10,55,14.112995152800003
10,56,14.08484103661206
10,57,11.634357826220347
10,58,10.402222811926157
10,59,12.092541325936244
10,60,12.386857222022712
10,61,14.12228066294831
10,62,13.177857710144998
10,63,16.087794136540893
10,64,16.10442906954785
10,65,19.034405573441035
10,66,19.787582962752495
10,67,22.70818457075447
10,68,23.574636834127976
10,69,25.657554566626583
10,70,28.566474415529715
10,71,28.27503997971519
10,72,26.928598885931336
10,73,25.29049876829496
10,74,23.582733789887477
10,75,21.577011754658404
10,76,19.882208264790375
10,77,19.396157067277173
10,78,17.016516559012057
10,79,15.480895646351234
10,80,12.096677788318917
10,81,13.014641718056554
10,82,12.28187441068326
10,83,11.712871490960524
10,84,9.690320525657851
10,85,9.31090902016246
10,86,7.054597076655927
10,87,9.82612152232113
10,88,11.636961679998674
10,89,13.408695671886866
10,90,14.417286851045384
10,91,17.624789498860846
10,92,20.051417144126383
11,1,26.170797185367295
11,2,22.499845419040337
11,3,19.400648131335323
11,4,15.631327173449996
11,5,13.937209737668569
11,6,10.168417208987973
11,7,9.77138542213256
11,8,8.575491462532254
11,9,6.218680109120254
11,10,3.810424277920324
11,12,3.8318623455133687
11,13,5.561568626892567
11,14,5.075386143988747
11,15,6.265504062952145
11,16,8.64149486817355
11,17,11.511937235766565
11,18,14.840696425509794
11,19,17.446261646125816
11,20,20.910992339808484
11,21,23.882166077093828
11,22,27.180366857965527
11,23,29.954411253562704
11,24,28.133084647126164
11,25,25.376319203835713
11,26,22.932002110142022
11,27,24.165927929215965
11,28,21.605656064104895
11,29,18.555890565734135
11,30,17.230689514506977
11,31,15.008306367433448
11,32,15.86231007526196
11,33,14.033807725036521
11,34,16.498649042003393
11,35,17.492071085159846
11,36,17.80489557781813
11,37,21.127342301998613
11,38,20.07232011018565
11,39,18.89499059006165
11,40,16.63059770893143
11,41,17.34553530720005
11,42,14.965568672940995
11,43,16.034775289604852
11,44,17.869076169576207
11,45,17.038086836075436
11,46,19.031598368716413
11,47,19.960827966405063
11,48,18.777540941545976
11,49,15.142149961916248
11,50,14.006802215281388
11,51,11.164687966121315
11,52,10.391988045074841
11,53,9.538529044919523
11,54,9.97358578876833
11,55,12.23148397485283
11,56,11.531377694697486
11,57,8.692100959525778
11,58,8.323857695410636
11,59,10.074812106876331
11,60,11.389324296571926
11,61,13.682236429349528
11,62,13.443319212930875
11,63,16.769909844077944
11,64,17.49680049023922
11,65,20.63924716752191
11,66,21.899817818664214
11,67,25.021230660095487
11,68,26.31081278111672
11,69,28.553543092670754
11,70,31.442116458173174
11,71,30.80702255413039
11,72,29.374545823735033
11,73,27.360331780056416
11,74,25.46929480997952
11,75,23.049028035190073
11,76,21.28159730942012
11,77,20.15281199045035
11,78,17.485936082435025
11,79,16.725804082268937
11,80,13.144303049845503
11,81,13.079850513326825
11,82,11.257709269573116
11,83,10.703673389954899
11,84,9.948063962465062
11,85,10.25888358627401
11,86,9.133084115706486
11,87,12.574455074165305
11,88,13.958631238774968
11,89,16.042799770837522
11,90,16.55356913746442
11,91,19.81182203338925
11,92,21.843267684622266
12,1,27.5606913719211
12,2,23.83147333070859
12,3,21.0286415636823
12,4,17.30015041265566
12,5,16.308184644236288
12,6,12.718040830868784
12,7,13.007323442595343
12,8,12.30904504409422
12,9,9.847486897977944
12,10,7.1729050805207555
12,11,3.8318623455133687
12,13,3.8344054070712255
12,14,5.824497519119793
12,15,7.4827815441832914
12,16,10.865754621303992
12,17,13.596072196547956
12,18,17.23369440970214
12,19,19.294748343984313
12,20,22.910183302681478
12,21,25.50522651637705
12,22,28.967016933181174
12,23,31.732951051920228
12,24,29.71573557331039
12,25,26.978477784432094
12,26,24.161551122523836
12,27,25.058978798593717
12,28,22.078074758365965
12,29,18.936146775282605
12,30,16.886267184967895
12,31,14.22633575416269
12,32,14.237278744119342
12,33,11.901191989208849
12,34,14.272850738149595
12,35,14.592266922735748
12,36,14.997978685936982
12,37,18.457966907073562
12,38,17.771695687477553
12,39,17.251007530168554
12,40,15.300343472272376
12,41,16.79001437203348
12,42,15.17495152185582
12,43,16.83398074877982
12,44,19.279123843163546
12,45,19.092095832792392
12,46,21.566106855898425
12,47,22.671025403478616
12,48,21.070822434587324
12,49,17.487857334160875
12,50,15.622161350568163
12,51,12.487879947722227
12,52,10.556355075757665
12,53,9.176910951626091
12,54,8.104769476208878
12,55,9.782795305802168
12,56,8.212440217656368
12,57,4.970909573343585
12,58,5.236354183638587
12,59,7.295649267620928
12,60,9.677670731791293
12,61,12.421885528356507
12,62,12.500738502601076
12,63,15.893988014807128
12,64,17.169912949878977
12,65,20.3394677163288
12,66,22.08203027516505
12,67,25.349926561868187
12,68,27.143352772061682
12,69,29.577318376907648
12,70,32.38991057471015
12,71,31.307437118694516
12,72,29.815518270150083
12,73,27.390173084065662
12,74,25.403314603798442
12,75,22.643393730311324
12,76,21.02337711728806
12,77,19.385114695805427
12,78,16.771104935538716
12,79,16.855016299197963
12,80,13.475779303209135
12,81,12.867283435387309
12,82,10.235731703024834
12,83,10.582375343326628
12,84,10.977106644611494
12,85,12.398130763665788
12,86,12.172623849027202
12,87,15.702223127658504
12,88,16.438184640671054
12,89,18.222011699234447
12,90,17.99094983569373
12,91,20.96928670484026
12,92,22.40511980698811
13,1,27.9914492232863
13,2,24.176200081807735
13,3,21.690181275719205
13,4,17.92983071040562
13,5,17.187311109906666
13,6,13.77791482367119
13,7,13.468809791039389
13,8,12.863895902112912
13,9,9.814682589243345
13,10,7.7780241533794765
13,11,5.561568626892567
13,12,3.8344054070712255
13,14,3.8276923157623206
13,15,6.894526378176546
13,16,10.18329925242092
13,17,13.421861461052382
13,18,17.004068630263138
13,19,18.987787973950006
13,20,22.744751801233512
13,21,25.26002210892465
13,22,28.88108358912903
13,23,31.29267435034062
13,24,28.91001146860545
13,25,25.865658796678904
13,26,22.858332870547702
13,27,23.24458681461076
13,28,20.239979542708337
13,29,17.505271853407503
13,30,15.479592192013117
13,31,13.415272367399567
13,32,13.828585398290512
13,33,12.282898861734632
13,34,15.345417190500394
13,35,15.390558090643193
13,36,14.838753780294283
13,37,17.85899244476109
13,38,16.510663025762415
13,39,15.853069584885285
13,40,13.29363393750592
13,41,14.470429891935977
13,42,12.967261933491937
13,43,14.25671042146953
13,44,17.07367166930451
13,45,17.037763265138903
13,46,19.883906351746404
13,47,21.548545386433453
13,48,20.035392437532053
13,49,16.375502344222976
13,50,14.120929887934652
13,51,10.543215240360512
13,52,8.069179998332674
13,53,5.744066478867289
13,54,4.792303254456482
13,55,6.673342912310434
13,56,6.513397376910121
13,57,5.064202603651271
13,58,5.8699696435797355
13,59,9.271038027606037
13,60,11.664822541530599
13,61,14.36121574266607
13,62,13.500942150339934
13,63,16.343469757551603
13,64,16.986146086573672
13,65,19.668750475713534
13,66,21.0324338075758
13,67,23.994983234698715
13,68,25.883315932120347
13,69,28.002917878600474
13,70,31.057750275538435
13,71,29.93380013748405
13,72,28.86801047535932
13,73,26.480260447332334
13,74,24.974721886227965
13,75,22.506717622669058
13,76,21.493194241337513
13,77,20.257263271328835
13,78,18.227267122714498
13,79,18.2052200079151
13,80,15.185567162424173
13,81,15.341127526437267
13,82,13.109149597122236
13,83,13.979225768967407
13,84,13.864810140728013
13,85,15.144340045300535
13,86,14.193924848001215
13,87,17.341850075835957
13,88,18.41501503709853
13,89,19.757140866280256
13,90,19.586253282459474
13,91,22.272741985533397
13,92,23.657417459171132
14,1,25.107040307490543
14,2,21.30614215669413
14,3,18.776613733504817
14,4,15.008020412552204
14,5,14.086916665349632
14,6,10.827851917142144
14,7,10.109994177168685
14,8,9.895557751376266
14,9,7.137592537753663
14,10,5.13755600601825
14,11,5.075386143988747
14,12,5.824497519119793
14,13,3.8276923157623206
14,15,3.8018693624145135
14,16,6.499042534894169
14,17,9.978164037492748
14,18,13.404638557837853
14,19,15.605730558510675
14,20,19.3282714422351
14,21,22.02703059270719
14,22,25.598432349822385
14,23,27.93162084820079
14,24,25.59376584273635
14,25,22.49151827020111
14,26,19.687551619671336
14,27,20.308684512210938
14,28,17.61677462973368
14,29,14.947491382572125
14,30,13.606002841334126
14,31,12.069861084304426
14,32,13.486715125664553
14,33,12.685922257172109
14,34,15.973710151716414
14,35,16.826164865957274
14,36,16.042416626322996
14,37,18.80959579499606
14,38,16.98252842808634
14,39,15.466325793980179
14,40,12.596678075125768
14,41,12.87622091442876
14,42,10.53826075912296
14,43,11.425342346068073
14,44,13.789224792583465
14,45,13.467185845908613
14,46,16.16338478643397
14,47,17.732159147969455
14,48,16.309784026880312
14,49,12.604744411839176
14,50,10.604219989115737
14,51,7.107114054228363
14,52,5.6305992903946915
14,53,4.593486266776233
14,54,6.143606657358272
14,55,9.206716519038277
14,56,9.85452082466615
14,57,8.465640374200342
14,58,7.75094853461691
14,59,10.783584115723862
14,60,12.050188219010796
14,61,14.285807240735366
14,62,12.767790520522976
14,63,15.341397051733326
14,64,15.281736231492227
14,65,17.833226870368918
14,66,18.699994317493907
14,67,21.517425976698263
14,68,23.01390060139492
14,69,24.991838447943188
14,70,28.11697064009701
14,71,27.33038693923305
14,72,26.345110915286273
14,73,24.309086829974387
14,74,22.965167502565674
14,75,20.872728553123594
14,76,19.892785902854534
14,77,19.261365033585548
14,78,17.41811275657859
14,79,16.64588603199489
14,80,13.701643768315828
14,81,14.684151927276373
14,82,13.33632107514768
14,83,14.010534780588324
14,84,12.859525121726834
14,85,13.644471436722782
14,86,11.983082067113882
14,87,14.637994873738341
14,88,15.989854040552213
14,89,17.068487228561388
14,90,17.276202271857713
14,91,19.934911349597233
14,92,21.687431823657114
15,1,21.36292016489649
15,2,17.564437673434554
15,3,15.008350139466215
15,4,11.242963366239817
15,5,10.616985275800218
15,6,7.6451166634579435
15,7,7.806411894444119
15,8,8.95291184427878
15,9,7.631678329375026
15,10,4.629595667045882
15,11,6.265504062952145
15,12,7.4827815441832914
15,13,6.894526378176546
15,14,3.8018693624145135
15,16,3.8025861501192253
15,17,6.552170927123764
15,18,10.218175714581019
15,19,12.16199857289039
15,20,15.885918975385746
15,21,18.526064080555106
15,22,22.075152735699838
15,23,24.586369900908483
15,24,22.427102003085626
15,25,19.566131286974564
15,26,16.860306245422212
15,27,17.978074178372314
15,28,15.357906615977733
15,29,12.308656917458958
15,30,11.26954433322194
15,31,9.646150197158772
15,32,11.573707230643736
15,33,11.14586863104432
15,34,14.280753492105807
15,35,15.94068917617454
15,36,15.293751556012825
15,37,17.957325475090204
15,38,16.15801650501379
15,39,14.089326621230361
15,40,11.62708314086793
15,41,11.685671712466359
15,42,8.994819692328528
15,43,10.459109413234872
15,44,12.26887960100195
15,45,12.248936930916441
15,46,14.736379422688652
15,47,15.626599888490187
15,48,13.696007456859922
15,49,10.213253899063885
15,50,8.215789033798115
15,51,5.586404248420064
15,52,5.24918321186052
15,53,6.7159060782896685
15,54,8.363457561474055
15,55,11.95047475325348
15,56,12.172777150159286
15,57,10.344234449453507
15,58,8.178606057293257
15,59,10.29073687954896
15,60,10.305892680611942
15,61,11.955419716957445
15,62,10.026750794538263
15,63,12.442461823335442
15,64,12.159121772143179
15,65,14.898150337010724
15,66,15.790470261982236
15,67,18.797757480138582
15,68,20.13609796712966
15,69,22.395193187267235
15,70,25.295231904910455
15,71,24.583005540826143
15,72,23.292713441811184
15,73,21.351648753281122
15,74,19.780638697078114
15,75,17.73636895289007
15,76,16.52930905667608
15,77,16.17396581884334
15,78,14.397533446233737
15,79,13.171479868692323
15,80,10.376989292586089
15,81,11.9969016839772
15,82,11.5216690704333
15,83,12.391715535997577
15,84,10.55768935438506
15,85,11.532132771221674
15,86,9.987866950796317
15,87,12.190358617877251
15,88,13.032437776186324
15,89,13.622019626868807
15,90,13.64456724655734
15,91,16.179382136240154
15,92,17.995743305502103
16,1,19.449541831805792
16,2,15.7651082228606
16,3,13.144040379345698
16,4,9.526506222683253
16,5,8.408102149569851
16,6,6.044069473400242
16,7,5.165815147286361
16,8,7.172805949516933
16,9,7.014206176582039
16,10,5.407214294559847
16,11,8.64149486817355
16,12,10.865754621303992
16,13,10.18329925242092
16,14,6.499042534894169
16,15,3.8025861501192253
16,17,3.7984322129851225
16,18,6.925067139234467
16,19,9.486822359879811
16,20,13.064038345917817
16,21,16.07467534611525
16,22,19.47870430172842
16,23,21.852863258881875
16,24,19.801555139262724
16,25,16.861396079659983
16,26,14.602705046468758
16,27,16.087041213850227
16,28,14.128589000676174
16,29,11.447844871987579
16,30,11.635172638774119
16,31,11.009485404254933
16,32,13.760237089661254
16,33,14.024317043105697
16,34,17.04456085437409
16,35,19.128030411890364
16,36,18.332813960861916
16,37,20.655412478544548
16,38,18.52878527626914
16,39,15.876654068491725
16,40,13.295876988155245
16,41,12.290332591193991
16,42,8.84179803385159
16,43,9.310913633738993
16,44,9.985698551275586
16,45,9.298092073445877
16,46,11.273685941401602
16,47,11.91300395638863
16,48,10.243180417555529
16,49,6.651013805357387
16,50,5.643116158527836
16,51,4.278190943851504
16,52,6.512567079508929
16,53,8.751611959761666
16,54,11.392804766411409
16,55,15.009607985422653
16,56,15.733494538128927
16,57,14.085797606084315
16,58,11.958482892318125
16,59,13.812724680239702
16,60,13.208380110115213
16,61,14.291342100590409
16,62,12.028223860667275
16,63,13.841845474638523
16,64,12.679322267160458
16,65,14.974225685309241
16,66,15.04843125343006
16,67,17.66361354990311
16,68,18.328399835397516
16,69,20.27578196846231
16,70,23.2596983073257
16,71,23.081217090729954
16,72,21.96827590698064
16,73,20.60215043062772
16,74,19.335205040796364
16,75,17.911262581872386
16,76,16.80787022836859
16,77,17.234904391011607
16,78,15.773916690005231
16,79,13.683841936721288
16,80,11.260162286495111
16,81,13.624547463369389
16,82,14.017121210018807
16,83,14.433280616578823
16,84,11.747275309494357
16,85,11.793058457482028
16,86,9.34787449150432
16,87,10.453090094020391
16,88,11.814725810310234
16,89,12.032089972848897
16,90,12.816564022309308
16,91,15.237898149285554
16,92,17.586010909105962
17,1,15.690391043591948
17,2,12.047178382072852
17,3,9.389626245391185
17,4,5.899584465897274
17,5,5.304270398789185
17,6,4.614428286156524
17,7,5.3187161654688335
17,8,8.766285971465246
17,9,9.976341348943363
17,10,8.236867591864002
17,11,11.511937235766565
17,12,13.596072196547956
17,13,13.421861461052382
17,14,9.978164037492748
17,15,6.552170927123764
17,16,3.7984322129851225
17,18,3.7757442991474197
17,19,5.970856517774295
17,20,9.507626195676284
17,21,12.53011048748508
17,22,15.869478910128066
17,23,18.46751852174142
17,24,16.698482302554943
17,25,14.141415697233674
17,26,12.20781338173731
17,27,14.41665690542967
17,28,12.81722117566121
17,29,9.97557265584809
17,30,10.880648074317596
17,31,10.531723652054934
17,32,13.586141745022939
17,33,14.29239231966783
17,34,16.86935750166593
17,35,19.553350567030364
17,36,18.891369096610262
17,37,20.949522697725797
17,38,18.932628426905694
17,39,15.912824954666528
17,40,13.951609689736946
17,41,12.734182383718705
17,42,9.409179648041416
17,43,10.253107330030641
17,44,9.958066226461753
17,45,9.710504575929134
17,46,11.04046605974064
17,47,10.536464963041047
17,48,8.144408287137622
17,49,5.491789406811344
17,50,5.245971215219781
17,51,6.332405417475814
17,52,8.932468841623116
17,53,11.930522423360676
17,54,14.301173878028255
17,55,18.055841243579255
17,56,18.50655862444476
17,57,16.686182795490954
17,58,13.940793682353165
17,59,15.031555904140204
17,60,13.452622337695589
17,61,13.738009965869507
17,62,11.250921792332631
17,63,12.44093122933012
17,64,10.845614723315283
17,65,13.026730037855708
17,66,12.90525613202118
17,67,15.544906097207512
17,68,15.828843301208456
17,69,18.045666883360944
17,70,20.684130448668665
17,71,20.690617558320298
17,72,19.24296964499569
17,73,18.148561704356347
17,74,16.701521960089636
17,75,15.555134299062166
17,76,14.257962004061007
17,77,15.229747960729924
17,78,14.065023591263648
17,79,11.321715857050359
17,80,9.568425168353503
17,81,12.646064046153084
17,82,14.06180147171455
17,83,14.576176131341215
17,84,11.404410739582762
17,85,11.477223142029779
17,86,9.397231712868656
17,87,9.374555168109689
17,88,9.93040992533174
17,89,9.11980897352033
17,90,9.820131726816049
17,91,11.859080076431638
17,92,14.38882586941444
18,1,13.705659119502249
18,2,10.462116923494785
18,3,8.015956742627019
18,4,5.703646008646294
18,5,4.954417756914496
18,6,6.467282078457175
18,7,6.541377532119419
18,8,10.128103862592516
18,9,12.162195832594099
18,10,11.278779767559653
18,11,14.840696425509794
18,12,17.23369440970214
18,13,17.004068630263138
18,14,13.404638557837853
18,15,10.218175714581019
18,16,6.925067139234467
18,17,3.7757442991474197
18,19,3.787143963152859
18,20,6.512547967516832
18,21,10.021543339263182
18,22,13.008141390967076
18,23,15.475361405998628
18,24,14.012290080307345
18,25,11.632553005739384
18,26,10.609211844545026
18,27,13.402935402866378
18,28,12.805369377130548
18,29,10.683265032007522
18,30,12.690394016794205
18,31,13.134368998730514
18,32,16.448180443955856
18,33,17.56147710494259
18,34,19.933635211752506
18,35,22.844177059656346
18,36,22.108099533113766
18,37,23.8638665287523
18,38,21.703366119712936
18,39,18.389405334492977
18,40,16.552743313280068
18,41,14.72340020410085
18,42,11.360569619021886
18,43,11.43795150327206
18,44,9.818358884570976
18,45,9.138312678098359
18,46,9.261797646907253
18,47,7.639636072672452
18,48,5.288243732904005
18,49,4.169499929720657
18,50,6.113558812801457
18,51,8.71574460146043
18,52,11.951408745351934
18,53,15.060220091083192
18,54,17.75300340269849
18,55,21.50028404633589
18,56,22.17955684683943
18,57,20.44517695734903
18,58,17.707455908791335
18,59,18.67484718626857
18,60,16.805280618036136
18,61,16.693047452101332
18,62,14.169670843567067
18,63,14.742305464042195
18,64,12.572478842619251
18,65,14.054251259732704
18,66,13.096587412759382
18,67,15.092331212663126
18,68,14.46611189736532
18,69,16.319020715262532
18,70,18.817155106120126
18,71,19.47374387372111
18,72,18.16099415928187
18,73,17.816087716837025
18,74,16.718059116758763
18,75,16.33987529696183
18,76,15.217960040420667
18,77,16.917982202438747
18,78,16.17278120120671
18,79,12.908980697385758
18,80,11.878026130464656
18,81,15.212465168902686
18,82,17.169555707442758
18,83,17.420002442998637
18,84,13.929225588185954
18,85,13.382923703146606
18,86,11.045996687210556
18,87,9.653053850232562
18,88,10.317829725222344
18,89,8.732932888365948
18,90,10.170399536290821
18,91,11.602575497625743
18,92,14.508134823535888
19,1,10.575117216381006
19,2,7.247060271271479
19,3,5.8938705726191785
19,4,4.888311329604337
19,5,6.572980889006494
19,6,8.976632486329054
19,7,10.06586113749192
19,8,13.762740178236315
19,9,15.577678895672413
19,10,14.184980149256521
19,11,17.446261646125816
19,12,19.294748343984313
19,13,18.987787973950006
19,14,15.605730558510675
19,15,12.16199857289039
19,16,9.486822359879811
19,17,5.970856517774295
19,18,3.787143963152859
19,20,3.8059642279182464
19,21,6.6112154104153396
19,22,10.018303100683003
19,23,12.519558077452796
19,24,10.883958387558257
19,25,8.835587930153388
19,26,7.733952174958023
19,27,10.988018427879616
19,28,10.579972664858817
19,29,8.584392732949016
