1,2,3.8508269344346426
1,3,6.090219057347751
1,4,8.628864615013198
1,5,8.231318129515657
1,6,8.689925652914793
1,7,11.345257542123955
1,8,14.100922795909039
1,9,15.968894835534039
1,10,15.188707621568803
1,11,17.705576838413943
1,12,20.00007213648802
1,13,20.82523308815535
1,14,24.23929147479148
1,15,22.539836000090645
1,16,19.682144353349756
1,17,17.257607560755886
1,18,15.328361767462718
1,19,12.111761119715409
1,20,12.626695201970335
1,21,10.639812890625384
1,22,12.205730506766141
1,23,12.23177758711597
1,24,14.745068344934454
1,25,16.377271028214977
1,26,17.023158048871995
1,27,15.019261376383692
1,28,13.00134018525523
1,29,10.28371364834721
1,30,10.989709100169199
1,31,8.32450656346146
1,32,8.775637413206086
1,33,8.942951539228208
1,34,12.54355705289133
1,35,14.233323909127742
1,36,17.493630147943517
1,37,20.198558334473734
1,38,21.595264258267584
1,39,25.141554645524906
1,40,27.733451265295233
1,41,29.016282488747855
1,42,27.429313380614232
1,43,27.80089691439173
1,44,30.61360405595964
1,45,32.110550609392796
1,46,33.06069059270025
1,47,29.750645340635426
1,48,31.440560334478015
1,49,30.458889553674034
1,50,32.39149033107091
1,51,33.5413676096136
1,52,34.88829923850018
1,53,31.420251797074894
1,54,28.712284267469684
1,55,24.930880266563022
1,56,23.76616932882296
1,57,20.53947028083341
1,58,19.660056619623163
1,59,18.95200373939077
1,60,17.4161498713591
1,61,18.60268404468022
1,62,15.782716510160672
1,63,16.92462074672405
1,64,15.58207896221589
1,65,17.56580253658881
1,66,25.84681146341539
1,67,22.76504294831163
1,68,22.942764271868153
1,69,21.123263661566043
1,70,20.41676321203674
1,71,20.226842957845843
1,72,18.57574548645529
1,73,18.502181218022045
1,74,15.651341512298014
1,75,15.882140944539929
1,76,13.718182263772976
1,77,15.657226752148508
1,78,19.314386914172662
1,79,22.378756041069582
1,80,25.841869996549875
1,81,28.856075903060148
1,82,32.48789296108577
1,83,35.84747325835362
1,84,37.29414129801402
1,85,36.91521162554738
1,86,39.391582699890535
2,1,3.8508269344346426
2,3,3.8479210537727537
2,4,5.434526983867475
2,5,6.364161369447763
2,6,7.7643551300416735
2,7,9.383911807194076
2,8,11.429724299144599
2,9,13.182927542896662
2,10,11.840510066246527
2,11,14.229300635850361
2,12,16.847698375076167
2,13,17.68615720543977
2,14,20.975463810808943
2,15,19.224728425684656
2,16,16.162213191761627
2,17,13.67864663462705
2,18,11.605312614795029
2,19,8.592310553466032
2,20,9.693808502651885
2,21,8.57447268936919
2,22,11.016670488028682
2,23,12.05562765806424
2,24,15.184486398186321
2,25,17.388186386491622
2,26,18.646328113616708
2,27,16.645469971534688
2,28,15.155682886461083
2,29,12.333249605417077
2,30,12.463194938219903
2,31,8.999021011591745
2,32,8.464851884423227
2,33,6.995916074606417
2,34,10.260345695795035
2,35,11.297842386065906
2,36,14.259419850149467
2,37,16.790642127837614
2,38,17.910995584234644
2,39,21.519696286824463
2,40,24.277692140231213
2,41,25.53052235307835
2,42,24.002694227161232
2,43,24.28173067130266
2,44,27.20883760051304
2,45,28.80714855368013
2,46,29.57374347189227
2,47,26.17040826253958
2,48,27.76012866948373
2,49,26.78199697468055
2,50,28.853780798922198
2,51,30.07884474899708
2,52,31.597596823718654
2,53,28.235554938418538
2,54,25.5406657020549
2,55,21.75507428354898
2,56,20.922588966136068
2,57,17.95653190700826
2,58,17.601562937598835
2,59,17.412990306799244
2,60,16.619408825501115
2,61,18.39011002233606
2,62,16.181199990435523
2,63,18.021352463500968
2,64,17.005199206432074
2,65,19.31228572402851
2,66,27.774974564213938
2,67,24.922520781014494
2,68,24.867040481617018
2,69,22.80319397106481
2,70,21.47538883968249
2,71,20.758037155982
2,72,18.487515070580336
2,73,17.72237975803886
2,74,14.385479308987046
2,75,13.870046172815359
2,76,11.773168795479984
2,77,13.02425913550391
2,78,16.461047411341738
2,79,19.678626044599238
2,80,22.940848176021106
2,81,26.105421024337378
2,82,29.678599797720533
2,83,33.09347265451754
2,84,34.629299059108845
2,85,34.555106462274075
2,86,37.134123703984436
3,1,6.090219057347751
3,2,3.8479210537727537
3,4,3.808873962175526
3,5,5.437607956691807
3,6,5.259535676776913
3,7,6.080222171611532
3,8,8.63329483712837
3,9,9.963677169647445
3,10,9.317566009925553
3,11,12.153295871908435
3,12,14.180851997855399
3,13,14.779507470600704
3,14,18.234497565483995
3,15,16.711422956963343
3,16,13.995452882988292
3,17,12.060863268319354
3,18,11.028541725589966
3,19,8.655243628521607
3,20,10.86169814027087
3,21,10.836561281554728
3,22,12.951081069851742
3,23,14.65584753192753
3,24,17.53169670727847
3,25,20.111727648705187
3,26,21.00907063020384
3,27,18.484929728843632
3,28,16.576528559052303
3,29,13.745294868590744
3,30,14.66409744442634
3,31,11.344277709077163
3,32,9.640723898265147
3,33,7.680177369696202
3,34,10.016535773644398
3,35,10.132346792947146
3,36,13.346969644668485
3,37,15.335651280592993
3,38,16.793384053888587
3,39,20.117457545416002
3,40,22.686325079504325
3,41,23.545528616952478
3,42,21.65838891792921
3,43,21.991672377685177
3,44,24.68606176238446
3,45,26.20765347424026
3,46,27.37231580128353
3,47,24.15923828943393
3,48,25.8940189336561
3,49,24.93935544118306
3,50,26.68953622144037
3,51,27.983475244678537
3,52,29.140812504215187
3,53,25.705203303741158
3,54,23.24288875949747
3,55,19.487473162395144
3,56,18.68919323545498
3,57,15.828424688164366
3,58,15.035862507578658
3,59,15.300222767582815
3,60,14.54380907002491
3,61,16.853861023204708
3,62,15.088024590905118
3,63,17.467649439072627
3,64,17.278066901306186
3,65,20.155005113623357
3,66,29.304073698848434
3,67,26.273681111505454
3,68,25.687109090715037
3,69,23.155170962656463
3,70,21.627338723271922
3,71,20.33906437241834
3,72,18.123554571655326
3,73,16.827519051329507
3,74,13.402386126212754
3,75,12.271938962095202
3,76,9.395150192358832
3,77,10.362007949201807
3,78,13.83690577587491
3,79,16.700763531729507
3,80,20.0604825654555
3,81,23.251194115244132
3,82,26.775947363698894
3,83,30.256897194376464
3,84,31.539726443345124
3,85,31.266092888843918
3,86,33.693094634204115
4,1,8.628864615013198
4,2,5.434526983867475
4,3,3.808873962175526
4,5,3.8147026492648357
4,6,5.551834526127875
4,7,5.188579082849827
4,8,6.140665943524687
4,9,8.244639659314725
4,10,7.21635204849554
4,11,9.156758846922461
4,12,11.559027114970023
4,13,12.86180055326931
4,14,16.320967848527516
4,15,15.196758569469504
4,16,12.005137116952358
4,17,10.495952833083038
4,18,9.359623928225783
4,19,8.013389893001227
4,20,10.939466163813979
4,21,11.645598239633195
4,22,14.534921708084623
4,23,16.499954098197602
4,24,19.787206818023144
4,25,22.366707486409755
4,26,23.742059353838044
4,27,21.516899450266273
4,28,19.944990599822553
4,29,17.099993004978145
4,30,17.49554896867441
4,31,13.901459740063425
4,32,12.355924501160628
4,33,9.606030334241678
4,34,11.399974094840447
4,35,10.527688621766108
4,36,12.931486451788532
4,37,14.326289586611312
4,38,14.970368995465876
4,39,18.38764229646514
4,40,21.36839228836798
4,41,21.940120843301752
4,42,19.90298694860987
4,43,19.691834522447127
4,44,22.343555911097443
4,45,23.652674302917074
4,46,24.485538470915728
4,47,21.228709260193785
4,48,23.160506845409483
4,49,22.57832749068176
4,50,24.678471044353905
4,51,26.352429986567355
4,52,27.7220466294695
4,53,24.54129916877834
4,54,22.312236423403927
4,55,18.618025052813426
4,56,18.560584285857498
4,57,16.282359634430463
4,58,16.14765837696048
4,59,17.127922138240343
4,60,17.083635659243594
4,61,19.764406869233273
4,62,18.39893553605983
4,63,20.99420402046853
4,64,20.791280228584014
4,65,23.604357618777406
4,66,32.53897339313574
4,67,29.657536457039853
4,68,29.17903311955995
4,69,26.694815002149504
4,70,24.9731829837132
4,71,23.541148798584352
4,72,20.999832198957648
4,73,19.31501077819488
4,74,15.643528956046085
4,75,13.80978498364573
4,76,11.118264750607123
4,77,10.801404564728164
4,78,13.634795888496157
4,79,16.427737862479045
4,80,19.343129616985955
4,81,22.845477725105418
4,82,26.15689101278923
4,83,29.774718896073303
4,84,30.98084909887707
4,85,31.059848305208565
4,86,33.43105358559871
5,1,8.231318129515657
5,2,6.364161369447763
5,3,5.437607956691807
5,4,3.8147026492648357
5,6,3.7737269917086005
5,7,5.51192635620196
5,8,7.106299259782293
5,9,10.237377547941188
5,10,10.27895828195028
5,11,11.528951916008364
5,12,13.373593204740521
5,13,15.314122073730017
5,14,18.95251051659859
5,15,18.349095596185315
5,16,15.219507546988536
5,17,14.143122487774589
5,18,13.018675565752838
5,19,11.615584430943278
5,20,14.164033666493944
5,21,14.165707700500073
5,22,17.036876955384926
5,23,18.354898589909368
5,24,21.54802403877285
5,25,23.66893430920089
5,26,24.83141624381945
5,27,22.744570434628887
5,28,20.82721097372833
5,29,18.006758661642472
5,30,18.641544796163426
5,31,15.318325285842054
5,32,14.455998358424036
5,33,12.391462950472746
5,34,14.747094146842183
5,35,14.24109122474431
5,36,16.743608035366893
5,37,18.06749345550726
5,38,18.524484081278583
5,39,21.8980299899631
5,40,24.955951388122227
5,41,25.278557913354206
5,42,22.977849951429572
5,43,22.393288281183604
5,44,24.697137698908143
5,45,25.52290695860523
5,46,26.373923611022484
5,47,23.34321208342031
5,48,25.672624642157064
5,49,25.500670259064364
5,50,27.655536842799815
5,51,29.585252700777648
5,52,30.81896324284312
5,53,27.716197986367476
5,54,25.723254737212297
5,55,22.090210249399465
5,56,22.117915864046072
5,57,19.8415884926698
5,58,19.354721177596172
5,59,20.224137493136993
5,60,19.70461340716495
5,61,22.189859175913014
5,62,20.41928798734587
5,63,22.65071624736838
5,64,22.283101724252127
5,65,24.909853038721813
5,66,33.712285043878346
5,67,30.64242572420048
5,68,30.405764939917315
5,69,28.093871384604945
5,70,26.82937733996456
5,71,25.715017207345294
5,72,23.538686589942987
5,73,22.20905170106014
5,74,18.694080353086886
5,75,17.176975743257263
5,76,14.217357930693394
5,77,14.174496181635075
5,78,17.036903820655354
5,79,19.517595212489795
5,80,22.413428508997903
5,81,25.96644391098386
5,82,29.170401825318717
5,83,32.85480394699132
5,84,33.779591122291905
5,85,33.66586645474285
5,86,35.76929106843327
6,1,8.689925652914793
6,2,7.7643551300416735
6,3,5.259535676776913
6,4,5.551834526127875
6,5,3.7737269917086005
6,7,3.7700271600950086
6,8,7.019745822133211
6,9,9.51544660846987
6,10,10.623631575235725
6,11,12.51859021395036
6,12,13.523608879377695
6,13,14.999295141259978
6,14,18.773673254222594
6,15,18.279953646423436
6,16,15.71305508979053
6,17,14.945593333072033
6,18,14.571624066113703
6,19,13.100798967399928
6,20,15.77559608576931
6,21,15.831343382623364
6,22,18.127558887401037
6,23,19.527738814868993
6,24,22.335961582561435
6,25,24.583277341415716
6,26,25.221129985429133
6,27,22.705762892215667
6,28,20.311160766682843
6,29,17.55994373062502
6,30,18.94119760015126
6,31,15.924799316351965
6,32,14.616378216160445
6,33,12.936835326962226
6,34,15.07047475805771
6,35,14.54790384616557
6,36,17.46787683153431
6,37,18.664697742660998
6,38,19.711268534276527
6,39,22.796577896857055
6,40,25.489440464934823
6,41,25.622470217569234
6,42,23.092158626761115
6,43,22.77471312391607
6,44,24.83277227162451
6,45,25.61894538912605
6,46,26.998270140896015
6,47,24.201338889706978
6,48,26.584851148103553
6,49,26.288196914445365
6,50,27.997137607126987
6,51,29.80888984362999
6,52,30.61202586622915
6,53,27.353116043444036
6,54,25.48913391889031
6,55,21.909769429283056
6,56,21.627306329061454
6,57,19.223132273751744
6,58,18.051950051727363
6,59,18.871819456194153
6,60,17.938329772349643
6,61,20.451529598063146
6,62,18.7333042636463
6,63,21.005765768355285
6,64,21.131665068546546
6,65,24.034371877422743
6,66,33.262375458219275
6,67,29.973621517708253
6,68,29.392533562975856
6,69,26.826728145501164
6,70,25.682582779848964
6,71,24.38754510321215
6,72,22.57078633813091
6,73,21.234446038610844
6,74,17.964943985986565
6,75,16.52534600283798
6,76,13.107572721091383
6,77,13.383786998964675
6,78,16.386741270836403
6,79,18.457842520489915
6,80,21.580282830510026
6,81,24.961593475421317
6,82,28.17512882185265
6,83,31.824185645361617
6,84,32.513739474497505
6,85,31.998038029473417
6,86,33.9243696773196
7,1,11.345257542123955
7,2,9.383911807194076
7,3,6.080222171611532
7,4,5.188579082849827
7,5,5.51192635620196
7,6,3.7700271600950086
7,8,3.7696999100793374
7,9,5.7665290699088745
7,10,7.406740056103187
7,11,9.34463991492328
7,12,9.962454690911649
7,13,11.269242900812095
7,14,15.055132561255784
7,15,14.755189052385209
7,16,12.391865861350345
7,17,12.199635581085474
7,18,12.594189117630416
7,19,11.966280424779821
7,20,15.232781949122652
7,21,16.184479902001087
7,22,18.554469190386914
7,23,20.607620873833216
7,24,23.52546805151001
7,25,26.187273859963184
7,26,27.012183141464885
7,27,24.335445423408046
7,28,22.15827303062511
7,29,19.388753397204624
7,30,20.660911484830418
7,31,17.40858345623524
7,32,15.410514000272855
7,33,13.034475382445418
7,34,14.270352845821273
7,35,12.836464886134559
7,36,15.368220743614316
7,37,15.940765654414141
7,38,16.93917688792452
7,39,19.74049063372262
7,40,22.35012711336889
7,41,22.194947038081846
7,42,19.500412297912483
7,43,19.156838575739023
7,44,21.139432753193123
7,45,21.99481569853954
7,46,23.514621115880345
7,47,20.77164345608729
7,48,23.128502055397664
7,49,22.82224688234555
7,50,24.390894324375445
7,51,26.269588451277244
7,52,26.96813820809865
7,53,23.769653456803205
7,54,22.096321578315514
7,55,18.622048458479355
7,56,18.659800512851817
7,57,16.667527559500822
7,58,15.692533950554777
7,59,17.163704640260338
7,60,16.86066397933932
7,61,19.879778386132198
7,62,18.842181516375092
7,63,21.64138122637034
7,64,22.20976581443431
7,65,25.41001256791874
7,66,34.88563420522673
7,67,31.71407829919615
7,68,30.806377631156284
7,69,27.96555930482112
7,70,26.367420636932305
7,71,24.572168401099262
7,72,22.44777911974024
7,73,20.52073779804815
7,74,17.11683109517295
7,75,14.977273098161588
7,76,11.502852178685723
7,77,10.847475411354765
7,78,13.36023478446659
7,79,15.148337611094561
7,80,18.07370547300702
7,81,21.548955295396617
7,82,24.645214926984504
7,83,28.34371512221413
7,84,28.965332125528146
7,85,28.588485645959953
7,86,30.525779750077184
8,1,14.100922795909039
8,2,11.429724299144599
8,3,8.63329483712837
8,4,6.140665943524687
8,5,7.106299259782293
8,6,7.019745822133211
8,7,3.7696999100793374
8,9,3.780658658998241
8,10,5.462976312537753
8,11,6.048050185955416
8,12,6.561871782492799
8,13,8.672999872171443
8,14,12.39229146373613
8,15,12.61041483343231
8,16,10.024304248465397
8,17,10.633363466968694
8,18,11.400328833869692
8,19,11.892660392839357
8,20,15.530928303722456
8,21,17.14217548893179
8,22,19.887697397057188
8,23,22.27468098605677
8,24,25.455528463684782
8,25,28.252260118518336
8,26,29.460599428283057
8,27,26.937748052839495
8,28,25.091839000921333
8,29,22.28794427786755
8,30,23.14780702788709
8,31,19.647129329115227
8,32,17.55148353081395
8,33,14.595439797127439
8,34,15.270861739406342
8,35,13.062425334489426
8,36,14.748990500242583
8,37,14.583624361031408
8,38,14.872671477836613
8,39,17.504131459336456
8,40,20.3542815237272
8,41,19.83841688514214
8,42,16.982111224416688
8,43,16.118398411913
8,44,18.011940404277112
8,45,18.706155956905363
8,46,19.979326974176807
8,47,17.222369075018786
8,48,19.750984658119727
8,49,19.77891164893979
8,50,21.579279468383138
8,51,23.796435323086346
8,52,24.646037044117083
8,53,21.7292771904984
8,54,20.34402857278051
8,55,17.041399099905842
8,56,17.82209558236028
8,57,16.502608498880914
8,58,16.209135584647242
8,59,18.304298943291823
8,60,18.733740398946686
8,61,22.04007390118794
8,62,21.43363823195213
8,63,24.482159485702727
8,64,25.070887780021515
8,65,28.28459546424356
8,66,37.665559125197824
8,67,34.6582015653784
8,68,33.74806378939706
8,69,30.883668409733406
8,70,28.992050666461576
8,71,26.99050710769156
8,72,24.519064772455355
8,73,22.204553881651012
8,74,18.635429580677147
8,75,15.932849062869833
8,76,12.83316803996062
8,77,11.07410346285763
8,78,12.696895155696067
8,79,14.261407495201315
8,80,16.59578793200045
8,81,20.303948759326612
8,82,23.12801178154507
8,83,26.910537003504494
8,84,27.478122207103183
8,85,27.503575489841403
8,86,29.420326726644
9,1,15.968894835534039
9,2,13.182927542896662
9,3,9.963677169647445
9,4,8.244639659314725
9,5,10.237377547941188
9,6,9.51544660846987
9,7,5.7665290699088745
9,8,3.780658658998241
9,10,3.820040762847144
9,11,5.409646017883878
9,12,4.973824605916353
9,13,5.509815993972246
9,14,9.299743158326349
9,15,9.377370780519117
9,16,7.527624058227307
9,17,8.764360188177138
9,18,10.691765685066896
9,19,11.716569386800098
9,20,15.460734308834724
9,21,17.633756330822838
9,22,19.97104319755075
9,23,22.797037448213597
9,24,25.775962177650953
9,25,28.901339785861026
9,26,30.018500938740356
9,27,27.255092177788743
9,28,25.497219972791278
9,29,22.794999273445335
9,30,23.78306016499712
9,31,20.356929869413236
9,32,17.675559258008402
9,33,14.581608074581396
9,34,14.35263030548095
9,35,11.557077648920341
9,36,12.960102156520263
9,37,12.21953404240492
9,38,12.986262451974781
9,39,15.114988730535634
9,40,17.54277496838262
9,41,16.86298898732506
9,42,13.910720560678667
9,43,13.536825489511521
9,44,15.483430546790542
9,45,16.616904071768598
9,46,18.317528745230625
9,47,15.615016334650328
9,48,17.79810288583651
9,49,17.408162911378096
9,50,18.747980215034133
9,51,20.73419301384907
9,52,21.329855039893243
9,53,18.27081961421424
9,54,16.936456753680968
9,55,13.719079540797159
9,56,14.505167724318232
9,57,13.50194383588508
9,58,13.188759374279597
9,59,15.74955670341865
9,60,16.63902100647188
9,61,20.208517118866066
9,62,20.22630183172913
9,63,23.595199644410513
9,64,24.644336081490408
9,65,28.08568733473673
9,66,37.62771877856324
9,67,34.708027724675105
9,68,33.42594479489606
9,69,30.31677098349071
9,70,28.105923176096333
9,71,25.693391746727244
9,72,23.139615989947515
9,73,20.419158998858954
9,74,17.00319830269841
9,75,13.892817251208308
9,76,10.937111858060078
9,77,8.473451071141554
9,78,9.435905635841786
9,79,10.575243088488667
9,80,12.901029379651435
9,81,16.571043328754183
9,82,19.418336337196802
9,83,23.190594481995245
9,84,23.78342192779124
9,85,23.795217664427575
9,86,25.829919833424622
10,1,15.188707621568803
10,2,11.840510066246527
10,3,9.317566009925553
10,4,7.21635204849554
10,5,10.27895828195028
10,6,10.623631575235725
10,7,7.406740056103187
10,8,5.462976312537753
10,9,3.820040762847144
10,11,3.864514311847824
10,12,5.935629561322728
10,13,5.978410360208249
10,14,9.180300434219003
10,15,8.082100723508946
10,16,5.09554450070576
10,17,5.246899850280689
10,18,6.896495630344131
10,19,8.366170334971589
10,20,12.15677626407997
10,21,14.725263310289378
10,22,17.220882199134504
10,23,20.26164956961757
10,24,23.394799101673225
10,25,26.610900811829755
10,26,28.09439927644466
10,27,25.562832681326892
10,28,24.279651540812132
10,29,21.58443184909162
10,30,22.023688925691353
10,31,18.436774334855823
10,32,15.759722314355548
10,33,12.273047899547809
10,34,11.725443708135307
10,35,8.675532811127816
10,36,9.62244547561345
10,37,9.122782765880766
10,38,9.683081282610113
10,39,12.360924038889099
10,40,15.14455843028276
10,41,15.106846631927048
10,42,12.767703253691092
10,43,12.700858089835389
10,44,15.431215010447143
10,45,17.173136829891025
10,46,18.27994654495203
10,47,15.047186493936973
10,48,16.693015723941762
10,49,15.864549004819906
10,50,17.633445957088632
10,51,19.37068132606241
10,52,20.576190272375573
10,53,17.48153374568805
10,54,15.57194735310528
10,55,12.06829791056954
10,56,12.856490122655078
10,57,11.72933709894313
10,58,12.31838127113548
10,59,14.701217554929634
10,60,16.047677664343357
10,61,19.504237068031113
10,62,19.53690010529272
10,63,22.916675389214483
10,64,23.613226055233877
10,65,26.882512141940445
10,66,36.09288399727104
10,67,33.427294416900054
10,68,32.30053199984394
10,69,29.34432776885406
10,70,26.896521924256675
10,71,24.560634680717172
10,72,21.619001692254628
10,73,18.844921812468495
10,74,15.22031193249325
10,75,12.00586386913125
10,76,9.741704704319096
10,77,7.015111493491303
10,78,8.030087439043323
10,79,10.272003127285952
10,80,12.578059346504789
10,81,16.271693721659013
10,82,19.338846779046545
10,83,23.020928800014804
10,84,24.188805758405973
10,85,24.640332755181543
10,86,27.09776502548369
11,1,17.705576838413943
11,2,14.229300635850361
11,3,12.153295871908435
11,4,9.156758846922461
11,5,11.528951916008364
11,6,12.51859021395036
11,7,9.34463991492328
11,8,6.048050185955416
11,9,5.409646017883878
11,10,3.864514311847824
11,12,3.799851036285695
11,13,5.676262146600815
11,14,8.385453804294768
11,15,8.489282397705638
11,16,5.302855220109242
11,17,6.920998799893667
11,18,8.35145299920228
11,19,10.711134166468293
11,20,14.41471712488141
11,21,17.093807441222943
11,22,19.986502596432622
11,23,22.948831744949302
11,24,26.30181039202369
11,25,29.391624803700477
11,26,31.14516071787677
11,27,28.838119554509156
11,28,27.668981398988176
11,29,24.92607027818107
11,30,25.115795873906357
11,31,21.41133904011245
11,32,19.043732142483577
11,33,15.444412296475694
11,34,14.988650872286115
11,35,11.850060255015416
11,36,11.905005526312857
11,37,10.640691284646175
11,38,9.795108045043156
11,39,12.180520697340455
11,40,15.366156159510872
11,41,14.744771551162788
11,42,12.16286984167241
11,43,10.987660434975322
11,44,13.465079988835827
11,45,14.744957644227998
11,46,15.361666742846156
11,47,12.087978259243172
11,48,14.194733013985116
11,49,14.117957724750482
11,50,16.377047464714302
11,51,18.72819346206522
11,52,20.131500721686976
11,53,17.55617589826898
11,54,16.197174403282986
11,55,13.137752524550464
11,56,14.87919242090254
11,57,14.549514325060576
11,58,15.591742598793408
11,59,18.254573701714175
11,60,19.82823800069247
11,61,23.317722784002477
11,62,23.389592953493125
11,63,26.745199812654555
11,64,27.319967259038677
11,65,30.4952481315604
11,66,39.55308749562357
11,67,36.9402233045947
11,68,35.96099333063977
11,69,33.08814353287544
11,70,30.641275951465282
11,71,28.34516567869718
11,72,25.31248563519332
11,73,22.490490163607802
11,74,18.85455225677225
11,75,15.558188342422588
11,76,13.556336396477626
11,77,10.59011719430221
11,78,10.69894611202118
11,79,12.299004141495963
11,80,13.649308326958694
11,81,17.46249807750881
11,82,20.020419698180753
11,83,23.7379080652657
11,84,24.687020652530926
11,85,25.51548610297874
11,86,27.763628465510877
12,1,20.00007213648802
12,2,16.847698375076167
12,3,14.180851997855399
12,4,11.559027114970023
12,5,13.373593204740521
12,6,13.523608879377695
12,7,9.962454690911649
12,8,6.561871782492799
12,9,4.973824605916353
12,10,5.935629561322728
12,11,3.799851036285695
12,13,3.794845138940764
12,14,6.671229890163268
12,15,8.279563397998588
12,16,6.6208997010661275
12,17,9.452751885857445
12,18,11.71542010340859
12,19,13.991005149836074
12,20,17.7602488471544
12,21,20.419926245453738
12,22,23.091881380258407
12,23,26.092380942370518
12,24,29.297392127869514
12,25,32.45235485856076
12,26,33.943278606865874
12,27,31.392813760136775
12,28,29.92600530437497
12,29,27.200799288522646
12,30,27.802533516347946
12,31,24.20457067162352
12,32,21.62417471623165
12,33,18.187374848061374
12,34,17.573185268001563
12,35,14.272324161487646
12,36,14.432493128501267
12,37,12.595980877020935
12,38,12.060302837297955
12,39,13.551701118758427
12,40,16.215863305295382
12,41,14.765499741040603
12,42,11.498429697505594
12,43,9.930555647020634
12,44,11.502606153312367
12,45,12.230920675985367
12,46,13.566240292278987
12,47,10.920930962669608
12,48,13.53497646848637
12,49,13.892190740336654
12,50,15.574011222295965
12,51,18.22132996257653
12,52,18.987811033867633
12,53,16.563806279491676
12,54,15.927450962126363
12,55,13.310918842618918
12,56,15.330579787986462
12,57,15.474210193141067
12,58,16.049458964601694
12,59,19.113167000430114
12,60,20.659779722186737
12,61,24.333390557496454
12,62,24.68389274475084
12,63,28.15919563962975
12,64,29.156517407962724
12,65,32.53960260886059
12,66,41.90106424571256
12,67,39.140096547694306
12,68,37.911760737869194
12,69,34.833560680898586
12,70,32.41749392026907
12,71,29.88847431404699
12,72,27.071357481828517
12,73,24.084112585575166
12,74,20.647502703903495
12,75,17.197874205165864
12,76,14.887643297387232
12,77,11.701048588497464
12,78,11.22560322648734
12,79,11.659257427648432
12,80,12.576145028863987
12,81,16.35970946494996
12,82,18.52631852215271
12,83,22.311446244435814
12,84,22.70908857126229
12,85,23.33673842059689
12,86,25.205124730638094
13,1,20.82523308815535
13,2,17.68615720543977
13,3,14.779507470600704
13,4,12.86180055326931
13,5,15.314122073730017
13,6,14.999295141259978
13,7,11.269242900812095
13,8,8.672999872171443
13,9,5.509815993972246
13,10,5.978410360208249
13,11,5.676262146600815
13,12,3.794845138940764
13,14,3.7981356145304566
13,15,4.980361589826185
13,16,4.799722169891937
13,17,8.098328947374407
13,18,11.281931329627229
13,19,13.678699357824357
13,20,17.30568976770392
13,21,20.273198020671753
13,22,22.469359766109072
13,23,25.75638987584345
13,24,28.70099161640528
13,25,32.09556592780191
13,26,33.45388335791478
13,27,30.716568870692022
13,28,29.346443403720784
13,29,26.755515815336867
13,30,27.463699175144225
13,31,24.01241133570562
13,32,21.013407463476213
13,33,17.622389895794797
13,34,16.303766866986592
13,35,12.725012986526483
13,36,12.628396586371665
13,37,10.32762112420929
13,38,10.53793820808494
13,39,11.42706586402938
13,40,13.486902002335695
13,41,12.011828045778351
13,42,8.69038694688986
13,43,8.209742924360109
13,44,10.155723448538351
13,45,11.82221747277829
13,46,13.677127786832017
13,47,11.06884991027062
13,48,12.860479001360881
13,49,12.33567961464797
13,50,13.356495040515721
13,51,15.524048003230439
13,52,16.040783521955717
13,53,13.26065497853802
13,54,12.489019630281554
13,55,9.882703228458132
13,56,11.856104734978258
13,57,12.360173572654038
13,58,13.000691503224521
13,59,16.35856329523119
13,60,18.30146404780223
13,61,22.05376510968156
13,62,22.91744542994991
13,63,26.565129187474675
13,64,27.899489304945
13,65,31.406232565002245
13,66,40.78994029597418
13,67,38.13426419377072
13,68,36.6040907842768
13,69,33.365500114390215
13,70,30.707887291015194
13,71,27.885871981376418
13,72,25.04611710247166
13,73,21.793767230171238
13,74,18.608227346653162
13,75,14.967589305768874
13,76,13.024627598771408
13,77,9.473735233322172
13,78,8.100234104514831
13,79,7.982510503270708
13,80,8.809992811190115
13,81,12.606039684700528
13,82,14.953736689434729
13,83,18.750408890737038
13,84,19.34484402107158
13,85,19.963673840745656
13,86,22.112468793285824
14,1,24.23929147479148
14,2,20.975463810808943
14,3,18.234497565483995
14,4,16.320967848527516
14,5,18.95251051659859
14,6,18.773673254222594
14,7,15.055132561255784
14,8,12.39229146373613
14,9,9.299743158326349
14,10,9.180300434219003
14,11,8.385453804294768
14,12,6.671229890163268
14,13,3.7981356145304566
14,15,3.777895822919648
14,16,5.777123955941048
14,17,9.4645228847354
14,18,12.944105668940352
14,19,15.860328032679801
14,20,19.217761908778815
14,21,22.52622111833836
14,22,24.55649134424591
14,23,28.04971315584843
14,24,30.913343359173975
14,25,34.43501230024504
14,26,35.91310056079907
14,27,33.209467076851105
14,28,32.080576294766466
14,29,29.58423812100695
14,30,30.133473466491786
14,31,26.723109543354198
14,32,23.59043618573938
14,33,20.14108302616241
14,34,18.272225275412254
14,35,14.489231722065941
14,36,13.496415275069639
14,37,10.349393559780113
14,38,10.14178694826863
14,39,9.719812132753802
14,40,11.184073164481127
14,41,8.925289356004813
14,42,5.268901501634271
14,43,4.846895114147164
14,44,6.829385818486996
14,45,9.264768314160394
14,46,11.20253818286724
14,47,8.836702785315758
14,48,9.937019938458786
14,49,9.133218190966804
14,50,9.675263339342546
14,51,11.961715331944673
14,52,12.392406292297133
14,53,9.927806990865319
14,54,9.789724351230195
14,55,8.090913821161232
14,56,10.979668506205158
14,57,12.639546943771546
14,58,13.885508492565581
14,59,17.499842625025003
14,60,19.993594651665674
14,61,23.720825116559535
14,62,25.06495184828958
14,63,28.806240892113998
14,64,30.28973316605807
14,65,33.79425793716396
14,66,43.00008807111455
14,67,40.52964589237389
14,68,38.85258714398416
14,69,35.56343170807879
14,70,32.659210113234984
14,71,29.627113406348386
14,72,26.666965903292915
14,73,23.172412286879325
14,74,20.247072769803538
14,75,16.48198573058865
14,76,15.240616113178735
14,77,11.485607976958848
14,78,8.920049888132723
14,79,7.827707881448011
14,80,6.913965533388501
14,81,10.446819885329095
14,82,12.186799191222594
14,83,15.895557925675657
14,84,16.534278709204646
14,85,17.711589424268183
14,86,19.955431918537734
15,1,22.539836000090645
15,2,19.224728425684656
15,3,16.711422956963343
15,4,15.196758569469504
15,5,18.349095596185315
15,6,18.279953646423436
15,7,14.755189052385209
15,8,12.61041483343231
15,9,9.377370780519117
15,10,8.082100723508946
15,11,8.489282397705638
15,12,8.279563397998588
15,13,4.980361589826185
15,14,3.777895822919648
15,16,3.8147779062641827
15,17,6.6573784248426
15,18,10.354319364499334
15,19,13.188854349756799
15,20,16.25062087119394
15,21,19.69180630456733
15,22,21.43057495013945
15,23,25.045308716919855
15,24,27.768581890069818
15,25,31.37833994043133
15,26,32.89143319506065
15,27,30.226625807335175
15,28,29.345943616002938
15,29,26.953228799448432
15,30,27.32908770882671
15,31,24.01302440412019
15,32,20.765050331687085
15,33,17.34518476807151
15,34,15.072923367109063
15,35,11.258018469704874
15,36,9.9717665969336
15,37,6.746086260752484
15,38,7.347531833488205
15,39,7.194971700890253
15,40,8.651310068546334
15,41,7.586502117551751
15,42,5.037354712349225
15,43,6.607815256455143
15,44,9.648460049729183
15,45,12.659734402539971
15,46,14.132789016209319
15,47,11.29779817775574
15,48,11.54648176697985
15,49,9.612367037516943
15,50,10.264740588546758
15,51,11.569283121380515
15,52,12.53687794971111
15,53,9.417830763248581
15,54,7.850182774105903
15,55,5.047958157739557
15,56,7.652387497629743
15,57,9.159582770881485
15,58,10.967799560998612
15,59,14.442516478932847
15,60,17.224589950461272
15,61,20.83916201566077
15,62,22.28433678611014
15,63,26.02132605778181
15,64,27.410818420564258
15,65,30.83252773865105
15,66,39.82025120648132
15,67,37.511427977706475
15,68,35.82369091377481
15,69,32.590474916718534
15,70,29.534855153155856
15,71,26.501670611625286
15,72,23.383628328205567
15,73,19.845625511886645
15,74,16.954555406307335
15,75,13.18006923641016
15,76,12.501039276122906
15,77,8.731356521772542
15,78,5.779305172785237
15,79,5.686372504756347
15,80,5.607161438821121
15,81,9.241002907660052
15,82,11.854995446849944
15,83,15.45694257673564
15,84,16.892309977321357
15,85,18.078508552411567
15,86,20.866718122518236
16,1,19.682144353349756
16,2,16.162213191761627
16,3,13.995452882988292
16,4,12.005137116952358
16,5,15.219507546988536
16,6,15.71305508979053
16,7,12.391865861350345
16,8,10.024304248465397
16,9,7.527624058227307
16,10,5.09554450070576
16,11,5.302855220109242
16,12,6.6208997010661275
16,13,4.799722169891937
16,14,5.777123955941048
16,15,3.8147779062641827
16,17,3.814159222116438
16,18,7.167502617340186
16,19,10.202276649506711
16,20,13.535599753186151
16,21,16.88788778915211
16,22,19.102548086424434
16,23,22.566692132600874
16,24,25.586535845685045
16,25,29.039628949135075
16,26,30.764881878722235
16,27,28.30848955703463
16,28,27.47227317519312
16,29,24.940500933529435
16,30,25.065222631077962
16,31,21.546159210053897
16,32,18.610664418683175
16,33,14.97495188184364
16,34,13.239767439316196
16,35,9.495530198139583
16,36,8.47031930594708
16,37,6.038233064738603
16,38,5.871258966412449
16,39,7.612368897491047
16,40,10.36467234837536
16,41,10.076460499523476
16,42,7.968691915556
16,43,8.304199939139508
16,44,11.597315460044694
16,45,14.11993495131064
16,46,14.991402153016736
16,47,11.617901925973774
16,48,12.423878272624016
16,49,11.018792694128944
16,50,12.749248303986926
16,51,14.378816032572322
16,52,15.891033195210673
16,53,12.992814468378738
16,54,11.120617163826202
16,55,7.913358070655747
16,56,9.837508933523578
16,57,10.15893776034483
16,58,11.977529163729285
16,59,14.973251203559274
16,60,17.35987508578178
16,61,20.894203475636992
16,62,21.723595090191502
16,63,25.315566320550886
16,64,26.236199480123293
16,65,29.506753268473133
16,66,38.431303708951305
16,67,36.07922654199689
16,68,34.737601456015156
16,69,31.703999814408768
16,70,28.817729030319427
16,71,26.12911668782729
16,72,22.892460206159473
16,73,19.64137288410198
16,74,16.303578796255618
16,75,12.655556743817028
16,76,11.639266333392014
16,77,8.038423753155435
16,78,6.616579407821866
16,79,8.249823300649803
16,80,9.263105794120833
16,81,12.902029817922932
16,82,15.658547546891638
16,83,19.2287683306807
16,84,20.70254060927583
16,85,21.804572961523977
16,86,24.515034136447454
17,1,17.257607560755886
17,2,13.67864663462705
17,3,12.060863268319354
17,4,10.495952833083038
17,5,14.143122487774589
17,6,14.945593333072033
17,7,12.199635581085474
17,8,10.633363466968694
17,9,8.764360188177138
17,10,5.246899850280689
17,11,6.920998799893667
17,12,9.452751885857445
17,13,8.098328947374407
17,14,9.4645228847354
17,15,6.6573784248426
17,16,3.814159222116438
17,18,3.755594845172093
17,19,6.65403419949584
17,20,9.784582637091798
17,21,13.233990933809583
17,22,15.365431076217673
17,23,18.877951449727473
17,24,21.894053409531
17,25,25.35878081495845
17,26,27.19767861578563
17,27,24.875911161840957
17,28,24.30403363047253
17,29,21.82770373699609
17,30,21.656631570311415
17,31,18.155344734550358
17,32,15.276372396541609
17,33,11.589445570841892
17,34,9.737526061720542
17,35,6.106780919751269
17,36,5.073469541468419
17,37,4.155821137950983
17,38,4.973015555477348
17,39,8.06183554891554
17,40,10.886954395911642
17,41,11.883424506360537
17,42,10.764402293240563
17,43,11.68798992480597
17,44,15.20482994758102
17,45,17.86346026607497
17,46,18.4835255801146
17,47,14.935142692569675
17,48,15.389256402129524
17,49,13.579051075417823
17,50,15.433251102284046
17,51,16.453862861626074
17,52,18.293257325393814
17,53,15.197542345662798
17,54,12.537258191417008
17,55,8.938912338192809
17,56,9.668519640515239
17,57,8.860074698523173
17,58,10.956169927178545
17,59,13.217661958712132
17,60,15.49450108115496
17,61,18.734685230227413
17,62,19.28439994449155
17,63,22.720984034330225
17,64,23.28978144797354
17,65,26.375347617382538
17,66,35.03569457103992
17,67,32.81113572585847
17,68,31.630549020045855
17,69,28.766160960733405
17,70,25.855931413566026
17,71,23.385665818303796
17,72,19.9874628461609
17,73,16.940124194683897
17,74,13.443976827885075
17,75,10.049337145767716
17,76,9.52952030404057
17,77,6.573187199441682
17,78,6.408861813743757
17,79,9.473387986895634
17,80,11.303550966151372
17,81,14.580077966748519
17,82,17.758481924689654
17,83,21.116718367565046
17,84,23.035165090831164
17,85,24.029277311848272
17,86,27.004862529069875
18,1,15.328361767462718
18,2,11.605312614795029
18,3,11.028541725589966
18,4,9.359623928225783
18,5,13.018675565752838
18,6,14.571624066113703
18,7,12.594189117630416
18,8,11.400328833869692
18,9,10.691765685066896
18,10,6.896495630344131
18,11,8.35145299920228
18,12,11.71542010340859
18,13,11.281931329627229
18,14,12.944105668940352
18,15,10.354319364499334
18,16,7.167502617340186
18,17,3.755594845172093
18,19,3.7818775846209536
18,20,6.712820180389156
18,21,10.13617890708627
18,22,12.74228550760579
18,23,16.069647241460274
18,24,19.34882662126671
18,25,22.62432826833479
18,26,24.78799941062759
18,27,22.83138809079088
18,28,22.55970687276351
18,29,20.06722483545602
18,30,19.37702747070323
18,31,15.76238368868934
18,32,13.397302472724643
18,33,9.63380265113414
18,34,8.446974063453153
18,35,5.8513866960890155
18,36,5.1611176688129
18,37,6.358953431646048
18,38,6.415957026584256
18,39,10.172185342182173
18,40,13.253182229531523
18,41,14.803716751812473
18,42,14.115474190593938
18,43,14.740667345441857
18,44,18.3191681257325
18,45,20.807557153254955
18,46,20.982360947901807
18,47,17.26106814439679
18,48,17.741351006678137
18,49,16.106882693518557
18,50,18.400972387383238
18,51,19.377608590574855
18,52,21.568827697214317
18,53,18.613045384044906
18,54,15.769453385283938
18,55,12.258914464486745
18,56,12.58753868628218
18,57,11.169203742868067
18,58,13.213828802436389
18,59,14.654003697848218
18,60,16.50353871129279
18,61,19.314256659463215
18,62,19.276634455610875
18,63,22.368811107898907
18,64,22.31692748199426
18,65,25.05762480012616
18,66,33.298233158008244
18,67,31.18941224602565
18,68,30.40984468166877
18,69,27.8704032119574
18,70,25.109186217588405
18,71,23.096677690157744
18,72,19.604415024824817
18,73,17.03903112767928
18,74,13.397070639054844
18,75,10.692142315384709
18,76,10.428797497506322
18,77,8.617415580811592
18,78,9.584729131121527
18,79,12.995483743458605
18,80,14.99244567476652
18,81,18.13062876948756
18,82,21.350332749778097
18,83,24.595135334715664
18,84,26.675648034612227
18,85,27.696975440009826
18,86,30.723525680297882
19,1,12.111761119715409
19,2,8.592310553466032
19,3,8.655243628521607
19,4,8.013389893001227
19,5,11.615584430943278
19,6,13.100798967399928
19,7,11.966280424779821
19,8,11.892660392839357
19,9,11.716569386800098
19,10,8.366170334971589
19,11,10.711134166468293
19,12,13.991005149836074
19,13,13.678699357824357
19,14,15.860328032679801
19,15,13.188854349756799
19,16,10.202276649506711
19,17,6.65403419949584
19,18,3.7818775846209536
19,20,3.806658909502797
19,21,6.710581220515403
19,22,9.374787040503845
19,23,12.564423713534335
19,24,15.877342504075136
19,25,19.107519902858087
19,26,21.154078190377152
19,27,19.182714863738074
19,28,18.876577899339733
19,29,16.369313405735966
19,30,15.629158054172402
19,31,11.9884039497832
19,32,9.742745193794677
19,33,6.002107746473706
19,34,5.724207425426401
19,35,4.794115134043685
19,36,6.166414117159366
19,37,8.891144721530768
19,38,9.911303445347166
19,39,13.544628359450458
19,40,16.250069415388023
19,41,18.065861334483664
19,42,17.371915508440793
19,43,18.21268510346285
19,44,21.70561706942334
19,45,24.10776967978049
19,46,24.5024208729317
19,47,20.826135124260357
19,48,21.460744969959727
19,49,19.787830007744848
19,50,21.893129163614233
19,51,22.659458202210875
19,52,24.67027570731854
19,53,21.47876804415859
19,54,18.426385816830525
19,55,14.770240941733423
19,56,14.228657904802677
19,57,11.859145481723463
19,58,13.203571275765622
19,59,13.748478048069915
19,60,14.87515014370712
19,61,17.265494260179675
19,62,16.63758287496452
19,63,19.4257643344843
19,64,19.013893633358084
19,65,21.610871149060124
19,66,29.836642208940656
19,67,27.648174501051564
19,68,27.03581170272672
19,69,24.63917220878504
19,70,22.09191174499872
19,71,20.426928150308637
19,72,17.061129186082887
19,73,15.006742117468752
19,74,11.296890161294058
19,75,9.413761523425615
19,76,9.044222385019248
19,77,8.678258873870577
19,78,10.909947291221615
19,79,14.60742831811653
19,80,17.238550143526222
19,81,20.218620396708594
19,82,23.704251676916183
19,83,26.897447140194455
19,84,29.00932195588963
19,85,29.666843703384988
19,86,32.71078902237289
20,1,12.626695201970335
20,2,9.693808502651885
20,3,10.86169814027087
20,4,10.939466163813979
20,5,14.164033666493944
20,6,15.77559608576931
20,7,15.232781949122652
20,8,15.530928303722456
20,9,15.460734308834724
20,10,12.15677626407997
20,11,14.41471712488141
20,12,17.7602488471544
20,13,17.30568976770392
20,14,19.217761908778815
20,15,16.25062087119394
20,16,13.535599753186151
20,17,9.784582637091798
20,18,6.712820180389156
20,19,3.806658909502797
20,21,3.8033156918547477
20,22,6.194210572055433
20,23,9.48405907838556
20,24,12.777498233187739
20,25,16.00791883400728
20,26,18.384781119890096
20,27,16.808202001136625
20,28,17.173846249744088
20,29,14.948102429780434
20,30,13.467042848517483
20,31,10.088057398664468
20,32,8.374443155903792
20,33,5.407538412778659
20,34,5.280052638893345
20,35,6.4511232691264215
20,36,7.41230892096844
20,37,10.866795341870427
20,38,11.964983340834003
20,39,15.42722715278832
20,40,17.812489870885518
20,41,20.21522211510728
20,42,20.099398952624927
20,43,21.233308545015387
20,44,24.867490091020336
20,45,27.464638638362008
20,46,27.67823623600159
20,47,23.942246224413715
20,48,24.217003841384983
20,49,22.274587043711957
20,50,24.37135830642162
20,51,24.7324108079506
20,52,26.951366954345154
20,53,23.79937676408033
20,54,20.458565025210234
