1,2,3.892118684439644
1,3,5.490629346048786
1,4,6.173535331831297
1,5,7.144749486117334
1,6,9.112600545171116
1,7,11.459767049891743
1,8,13.232730328928263
1,9,12.160145171846214
1,10,14.427868561485415
1,11,17.10601853662716
1,12,17.927695206955498
1,13,21.35130039420522
1,14,19.55913008431447
1,15,16.589516637484927
1,16,14.111693603273617
1,17,12.013787778802612
1,18,9.16151667590099
1,19,10.179457378921736
1,20,9.03474775720205
1,21,11.444564906775993
1,22,12.304117170612626
1,23,15.376984585950513
1,24,17.202038205965604
1,25,19.380064809277613
1,26,16.831627286467416
1,27,14.904914635969964
1,28,12.000877496981767
1,29,12.437361713304677
1,30,8.941708975407973
1,31,8.396640016432462
1,32,6.937063381075689
1,33,10.333541877818927
1,34,11.46320492006136
1,35,14.742299559320001
1,36,17.113619614296656
1,37,18.211859110838788
1,38,21.86391035894771
1,39,24.576043190322302
1,40,25.806563143963277
1,41,24.420285665010223
1,42,24.587527456429317
1,43,27.773970020351435
1,44,29.32793155442727
1,45,30.494834205152586
1,46,27.047293623618337
1,47,28.154964859059056
1,48,27.11791063394744
1,49,29.375861682984137
1,50,30.376566480213793
1,51,32.035789548065026
1,52,28.722764069334126
1,53,25.791612120840302
1,54,22.003976072802253
1,55,21.171356857289318
1,56,18.030120947588387
1,57,17.56622181795989
1,58,17.706915158764502
1,59,17.139305851707782
1,60,18.520821861454227
1,61,16.265636417552365
1,62,17.774899180530337
1,63,17.270355081078055
1,64,18.599691693562917
1,65,17.943042705939135
1,66,14.560570136665467
1,67,14.075738570254613
1,68,11.949512928937365
1,69,13.252226079554772
1,70,16.680196800646534
1,71,19.782117254977695
1,72,23.11470174080863
1,73,26.277594236278667
1,74,29.919741366080505
1,75,33.04714873284253
1,76,34.75115859617701
1,77,34.742774338066155
2,1,3.892118684439644
2,3,3.8448737806654614
2,4,5.302848987890943
2,5,4.99924752563066
2,6,5.744388635013651
2,7,8.376511077658064
2,8,9.675248562680128
2,9,9.078324328956228
2,10,11.736881384132404
2,11,13.960719116327974
2,12,14.531094819820643
2,13,18.047723987598015
2,14,16.457894461366518
2,15,13.761704993859595
2,16,11.775380087235291
2,17,10.65106389771014
2,18,8.594638173169992
2,19,10.8306841394509
2,20,10.9308230031525
2,21,13.257795419217416
2,22,14.90326509898435
2,23,17.856686049271705
2,24,20.10502448512163
2,25,21.89896662272312
2,26,18.967210961184435
2,27,16.899359983424525
2,28,14.018627702693607
2,29,15.03982810685777
2,30,11.556724919848751
2,31,9.790309794847945
2,32,7.515931264027345
2,33,9.918580565929705
2,34,9.917846819314242
2,35,13.242847956189896
2,36,15.012835672329098
2,37,16.323983781638862
2,38,19.75165187795923
2,39,22.318831932195256
2,40,23.16673699348493
2,41,21.43935965717681
2,42,21.598079341994087
2,43,24.600937766793226
2,44,26.083144392457204
2,45,27.54739563407689
2,46,24.264664049728584
2,47,25.52354729234652
2,48,24.528995440088348
2,49,26.529809438367995
2,50,27.625518050309562
2,51,28.998221846963528
2,52,25.63625433755536
2,53,22.92448219784642
2,54,19.17135613139442
2,55,18.46478251627505
2,56,15.539665358573107
2,57,14.859283504491392
2,58,15.61350612546898
2,59,15.283875465191665
2,60,17.2909526638201
2,61,15.623130553706735
2,62,17.76013940751853
2,63,18.063508515627447
2,64,18.46197880220906
2,65,17.160614562446952
2,66,13.562502958161287
2,67,12.35726686786032
2,68,9.517905679218508
2,69,10.25722113666229
2,70,13.618987874293719
2,71,16.4109309917284
2,72,19.779703416063196
2,73,22.995383588153576
2,74,26.60437292020207
2,75,29.83420580648814
2,76,31.319775310748387
2,77,31.181924908958273
3,1,5.490629346048786
3,2,3.8448737806654614
3,4,3.818928525742674
3,5,5.872554261630089
3,6,5.634372697663769
3,7,6.507935209016715
3,8,8.53180073438479
3,9,7.440437030395108
3,10,9.097915186150862
3,11,11.822073740436783
3,12,13.119404783147578
3,13,16.62345371252309
3,14,15.334375849734979
3,15,12.063482751514108
3,16,10.335394579686353
3,17,8.858087495924515
3,18,7.673907215583164
3,19,10.445015366510912
3,20,11.176491653784387
3,21,14.289127818202761
3,22,16.179176861903837
3,23,19.56447124988261
3,24,21.878069341438124
3,25,24.122248927345264
3,26,21.530572817235036
3,27,19.85204292407949
3,28,16.981003907793628
3,29,17.344422761989044
3,30,13.619151494214744
3,31,12.09272426357545
3,32,9.094528128709586
3,33,11.023838657249126
3,34,10.25711808728096
3,35,12.803713718288828
3,36,14.113307172277402
3,37,14.52700234247622
3,38,18.100758551873323
3,39,21.110890227751234
3,40,21.779407611253013
3,41,20.030849594819937
3,42,19.69555830688924
3,43,22.783090995993994
3,44,24.130857808668175
3,45,25.185788683964464
3,46,21.748100789566536
3,47,23.099473905612637
3,48,22.42878606635266
3,49,24.8309867455149
3,50,26.271409537378187
3,51,27.952869644212935
3,52,24.874146407405124
3,53,22.297158691862943
3,54,18.58690751745171
3,55,18.59246275627278
3,56,16.15151967980615
3,57,16.277743465102645
3,58,17.56624972925186
3,59,17.943062872482287
3,60,20.279090541511113
3,61,18.91422494551417
3,62,21.224111398370866
3,63,21.324777462393566
3,64,21.179091453317927
3,65,19.559523750560345
3,66,15.803228100265029
3,67,13.95921279679071
3,68,11.47920348829106
3,69,11.10360420729144
3,70,13.810503348388785
3,71,16.598562307642506
3,72,19.523265182432127
3,73,23.032895734723052
3,74,26.43418146147438
3,75,29.813380190216606
3,76,31.381723065235292
3,77,31.597915721571454
4,1,6.173535331831297
4,2,5.302848987890943
4,3,3.818928525742674
4,5,3.7833040377949296
4,6,5.457979815912453
4,7,6.983867035776046
4,8,10.081577708755185
4,9,10.238337600879996
4,10,11.27292479228727
4,11,13.35729699726012
4,12,15.254796530948335
4,13,18.970202616415023
4,14,18.238945981936148
4,15,15.057509354207124
4,16,13.863752503851167
4,17,12.584258650016547
4,18,11.397922581348736
4,19,13.828591210256022
4,20,13.88249541656825
4,21,16.921031324302206
4,22,18.17358149962687
4,23,21.442285895408514
4,24,23.25019890830523
4,25,25.53782058703117
4,26,22.976791857736394
4,27,20.863098895844697
4,28,17.934492179733844
4,29,18.5891448581472
4,30,15.104150641825724
4,31,14.240207417783804
4,32,11.911616767117959
4,33,14.388904276657627
4,34,13.93007344907985
4,35,16.602407019410336
4,36,17.77872026662536
4,37,18.047783761621663
4,38,21.540324024879645
4,39,24.597562057267858
4,40,24.96332175292028
4,41,22.88604457599421
4,42,22.152591401149575
4,43,24.929196302209803
4,44,25.7819519766387
4,45,26.927305210008075
4,46,23.6433862257059
4,47,25.45576123910537
4,48,25.210685354023767
4,49,27.6191738537376
4,50,29.340607219524934
4,51,30.84963413997756
4,52,27.825523971147216
4,53,25.503693353601992
4,54,21.85657199544333
4,55,21.948001341945094
4,56,19.549147048690003
4,57,19.279669364171127
4,58,20.541420467229532
4,59,20.44953760572232
4,60,22.565940591964033
4,61,20.84048659834255
4,62,22.761066286849275
4,63,22.850726474440297
4,64,23.67871993532176
4,65,22.393620134060157
4,66,18.73854962954873
4,67,17.21193702124737
4,68,14.377435633948403
4,69,14.20297085810775
4,70,16.94931922654762
4,71,19.36930327334128
4,72,22.302985137908646
4,73,25.85929191195967
4,74,29.192579208380778
4,75,32.68127791984377
4,76,33.94850325304962
4,77,33.898067231769474
5,1,7.144749486117334
5,2,4.99924752563066
5,3,5.872554261630089
5,4,3.7833040377949296
5,6,3.8258523310235004
5,7,7.062166573633522
5,8,9.563041866585493
5,9,10.690373932009042
5,10,12.403151580049766
5,11,13.707010028322236
5,12,15.108522773167834
5,13,18.918588069840215
5,14,18.293044396598766
5,15,15.675624004600145
5,16,14.75830972394759
5,17,14.21903230713304
5,18,12.963963409325357
5,19,15.522473906981547
5,20,15.562578399997888
5,21,18.05285669707964
5,22,19.304524311738533
5,23,22.19258140937548
5,24,24.005434824651317
5,25,25.8080208185542
5,26,22.869956306520585
5,27,20.321921129565013
5,28,17.429041652772014
5,29,18.84353584190851
5,30,15.626976821318959
5,31,14.39673564484083
5,32,12.482961508227213
5,33,14.852026208827478
5,34,14.377013993766392
5,35,17.415144991129495
5,36,18.483203929759213
5,37,19.354278660074634
5,38,22.6014004084816
5,39,25.294210077701038
5,40,25.477507530295153
5,41,23.13751747531112
5,42,22.623624781164615
5,43,25.137676235616752
5,44,25.905268811958067
5,45,27.553863676014572
5,46,24.528156976696916
5,47,26.46990961301433
5,48,26.126540572479414
5,49,28.105214830981282
5,50,29.718240936863726
5,51,30.79732774138672
5,52,27.588466748798044
5,53,25.402031663062562
5,54,21.80605591887881
5,55,21.570434992590265
5,56,19.086640266995776
5,57,18.122036374283056
5,58,19.364864565722975
5,59,18.816787930177608
5,60,20.89284221535597
5,61,19.198167523534398
5,62,21.096391636725336
5,63,21.698338661356328
5,64,22.75839446247626
5,65,21.509341689910954
5,66,18.014132387946418
5,67,16.66622957482438
5,68,13.341382347246768
5,69,13.459453280060327
5,70,16.3832365018268
5,71,18.421394153913383
5,72,21.594391282839084
5,73,24.968632604914347
5,74,28.360726548210398
5,75,31.819942659367882
5,76,32.795323250710915
5,77,32.3378439369382
6,1,9.112600545171116
6,2,5.744388635013651
6,3,5.634372697663769
6,4,5.457979815912453
6,5,3.8258523310235004
6,7,3.7952106687312117
6,8,5.766637222330837
6,9,7.441000389666918
6,10,9.190711440085435
6,11,10.096936914802187
6,12,11.33201705260287
6,13,15.150039709428281
6,14,14.735806410018448
6,15,12.31000460574227
6,16,11.979985459377117
6,17,12.259898195769484
6,18,11.911072146939517
6,19,15.113956689660263
6,20,16.068304376380826
6,21,18.645864527267186
6,22,20.56774321291826
6,23,23.5633422103587
6,24,25.84604854411831
6,25,27.571151202485513
6,26,24.517760814700015
6,27,22.240413181518395
6,28,19.38744114252991
6,29,20.718475234004426
6,30,17.29422451720524
6,31,15.33170139212097
6,32,12.737053647349162
6,33,14.194691304148442
6,34,12.772997928745033
6,35,15.371741435182962
6,36,15.785168345741127
6,37,16.5807263408315
6,38,19.554540335527683
6,39,22.159558972845584
6,40,22.03579539197292
6,41,19.507782266296672
6,42,18.940282865777018
6,43,21.369470675214373
6,44,22.177262036142025
6,45,23.9402431303243
6,46,20.99281504167774
6,47,22.944882181572943
6,48,22.616794290981435
6,49,24.45805263793933
6,50,26.157741508081365
6,51,27.130349175333762
6,52,23.986050778762042
6,53,21.99475128329092
6,54,18.505981268360216
6,55,18.60306277257469
6,56,16.546771327586544
6,57,15.822056403461511
6,58,17.703126284177163
6,59,17.76046544823142
6,60,20.40741139844453
6,61,19.387178344136707
6,62,21.861975470616773
6,63,22.84022180086885
6,64,22.737150717068552
6,65,20.88188226384386
6,66,17.273161731834758
6,67,15.211927530124687
6,68,11.799964928113303
6,69,10.95861908340948
6,70,13.363188962097233
6,71,15.09082795643709
6,72,18.066789828602577
6,73,21.536837097785323
6,74,24.8131627709956
6,75,28.351514770713134
6,76,29.26997983078305
6,77,28.930594395651465
7,1,11.459767049891743
7,2,8.376511077658064
7,3,6.507935209016715
7,4,6.983867035776046
7,5,7.062166573633522
7,6,3.7952106687312117
7,8,3.7642747675045722
7,9,5.665445581559618
7,10,5.979339275300668
7,11,6.725013752792684
7,12,8.817475140268217
7,13,12.602367422297446
7,14,12.726660331429054
7,15,10.034004972308301
7,16,10.528019972826437
7,17,11.20512702736929
7,18,11.973841604314318
7,19,15.54400406367522
7,20,17.149338415088568
7,21,20.088379005372186
7,22,22.359631860417558
7,23,25.61066824889163
7,24,28.095662527738043
7,25,30.054556183846223
7,26,27.160057491328256
7,27,25.208880257803248
7,28,22.35670370943749
7,29,23.280640911680972
7,30,19.65175396507445
7,31,17.576232922651496
7,32,14.442547369038463
7,33,15.318251293083456
7,34,13.158425267537442
7,35,14.926805668523777
7,36,14.603032396308652
7,37,14.63559113437443
7,38,17.432057147849914
7,39,20.27869295197994
7,40,19.781229359151748
7,41,17.097267222600248
7,42,15.996333870833343
7,43,18.38362054394792
7,44,19.023556562193786
7,45,20.516857936367384
7,46,17.504760058899432
7,47,19.633729897478556
7,48,19.663853726328316
7,49,21.737914831229386
7,50,23.800655563102072
7,51,24.937062718013873
7,52,22.099220862909466
7,53,20.382051451031835
7,54,17.065761393055766
7,55,17.916014856178627
7,56,16.500100397717997
7,57,16.497985497592516
7,58,18.926257277932205
7,59,19.686093144466366
7,60,22.687933703128255
7,61,22.07121415678753
7,62,24.828017309938716
7,63,25.76218763823116
7,64,24.92546655868997
7,65,22.67894103916303
7,66,18.972714331765804
7,67,16.319660780262222
7,68,13.269659032095444
7,69,11.393095458899744
7,70,12.890429611841347
7,71,14.352548472873858
7,72,16.73915262422716
7,73,20.441538583009184
7,74,23.428247468686195
7,75,27.097017659428953
7,76,28.03266557401584
7,77,28.043030405315577
8,1,13.232730328928263
8,2,9.675248562680128
8,3,8.53180073438479
8,4,10.081577708755185
8,5,9.563041866585493
8,6,5.766637222330837
8,7,3.7642747675045722
8,9,3.80586608569708
8,10,5.139756929368096
8,11,4.967249870983524
8,12,5.572034075883114
8,13,9.398665604517314
8,14,9.40847316069346
8,15,7.402291366190022
8,16,8.53757676720484
8,17,10.417884622426138
8,18,11.768457262783048
8,19,15.508274512542549
8,20,17.67484187233878
8,21,20.24266968955432
8,22,22.95051417171849
8,23,26.01643426292119
8,24,28.84485669277642
8,25,30.501757385347695
8,26,27.44368111812771
8,27,25.656473258390193
8,28,22.94298031141393
8,29,23.99841526335356
8,30,20.43892978317863
8,31,17.772125199383176
8,32,14.520593627056755
8,33,14.511876397028582
8,34,11.730498877739846
8,35,13.10514046259556
8,36,12.186991598361681
8,37,12.653501734155032
8,38,14.981285029991819
8,39,17.422531478278476
8,40,16.74766203566454
8,41,13.934721908637222
8,42,13.25854488309417
8,43,15.641280807477449
8,44,16.668150798111313
8,45,18.524740310125186
8,46,15.656785662840873
8,47,17.502827902013625
8,48,17.153044346629322
8,49,18.806670193563484
8,50,20.662663514871998
8,51,21.55619683436311
8,52,18.58236174293804
8,53,16.932237554505193
8,54,13.705061398573855
8,55,14.592878319717613
8,56,13.541125066937274
8,57,13.571844100929498
8,58,16.43535672227696
8,59,17.60836443092813
8,60,20.94132783119747
8,61,20.930861663813914
8,62,24.057521151423348
8,63,25.371434791656426
8,64,23.626834990028172
8,65,20.96685066245404
8,66,17.400714402035508
8,67,14.350024404847229
8,68,11.407975612154313
8,69,8.811432061723705
8,70,9.633965910779162
8,71,10.68216283352682
8,72,13.030496277569812
8,73,16.705571898452327
8,74,19.70929214262607
8,75,23.369596786174238
8,76,24.30077172242208
8,77,24.336065659577333
9,1,12.160145171846214
9,2,9.078324328956228
9,3,7.440437030395108
9,4,10.238337600879996
9,5,10.690373932009042
9,6,7.441000389666918
9,7,5.665445581559618
9,8,3.80586608569708
9,10,3.8046918377806267
9,11,5.9865255831027016
9,12,5.962087809422601
9,13,9.248673975960136
9,14,8.011365650795094
9,15,4.9912646929906375
9,16,4.958405102712432
9,17,6.644385536960622
9,18,8.423384829978971
9,19,12.20524348691815
9,20,14.79079828848017
9,21,17.429755399100966
9,22,20.407707006997683
9,23,23.581523350131572
9,24,26.609496570708693
9,25,28.41609464983297
9,26,25.57455404452838
9,27,24.247322686370673
9,28,21.608341281012823
9,29,22.159966621699358
9,30,18.509518058732652
9,31,15.751209719202993
9,32,12.167649465429077
9,33,11.700243288267933
9,34,8.65392678127888
9,35,9.639564158582417
9,36,8.945712084602938
9,37,9.305179380998473
9,38,12.1310110225968
9,39,14.875077301821044
9,40,14.864684357567652
9,41,12.729652665505895
9,42,12.536709853290358
9,43,15.621759296356725
9,44,17.34172207729422
9,45,18.668069036962336
9,46,15.388067675813529
9,47,16.529292895139356
9,48,15.6382021449855
9,49,17.66274908925362
9,50,19.1829803449102
9,51,20.637673056743253
9,52,17.624653081249328
9,53,15.385085134025534
9,54,11.86193480970379
9,55,12.697334276533967
9,56,11.41947404806271
9,57,12.26939566460987
9,58,14.917686999272892
9,59,16.56412040605218
9,60,19.87050756273548
9,61,19.908284580618556
9,62,23.124785568718114
9,63,24.0695938005884
9,64,21.810356358099632
9,65,19.054557173296768
9,66,15.396249612705022
9,67,12.150992076397946
9,68,9.902725693053842
9,69,7.129104762057143
9,70,7.9919783652309375
9,71,10.128243319257509
9,72,12.485129624310952
9,73,16.18262865045192
9,74,19.342248736668154
9,75,22.8446615621528
9,76,24.359928905388347
9,77,24.872090110127257
10,1,14.427868561485415
10,2,11.736881384132404
10,3,9.097915186150862
10,4,11.27292479228727
10,5,12.403151580049766
10,6,9.190711440085435
10,7,5.979339275300668
10,8,5.139756929368096
10,9,3.8046918377806267
10,11,3.7759656020719796
10,12,5.690755722963633
10,13,8.621497437080658
10,14,8.561355589909475
10,15,5.228186734556039
10,16,6.682393986449754
10,17,8.1117657260818
10,18,10.659609669618158
10,19,14.343244236156279
10,20,17.02259181432778
10,21,20.044125420097178
10,22,22.95512582159464
10,23,26.34777135699062
10,24,29.285039732267546
10,25,31.382731113909013
10,26,28.736954097711646
10,27,27.488804416866586
10,28,24.789035896521348
10,29,25.07960524684732
10,30,21.324166074917336
10,31,18.883407145322003
10,32,15.18970842449247
10,33,14.831119415828807
10,34,11.759184493214113
10,35,11.953851701327649
10,36,10.587073132920407
10,37,9.521463179256196
10,38,12.059854327175778
10,39,15.210302814281741
10,40,14.635169146332878
10,41,12.281634781569837
10,42,11.02022372999848
10,43,13.97508763117926
10,44,15.258213812854356
10,45,16.099161255133208
10,46,12.662007878532101
10,47,14.223741806815728
10,48,14.076411112726921
10,49,16.576228665860903
10,50,18.722501944784273
10,51,20.395619471222226
10,52,17.90394112279089
10,53,16.16729945060783
10,54,13.064828683873493
10,55,14.81976341105317
10,56,14.276418510093855
10,57,15.589455711540575
10,58,18.439983212397863
10,59,20.295611104966458
10,60,23.640706892910174
10,61,23.686009537730396
10,62,26.86216832805688
10,63,27.669512152632144
10,64,25.433471830638293
10,65,22.643761169949375
10,66,18.99651919460011
10,67,15.665681276835446
10,68,13.667201313930432
10,69,10.711212048471719
10,70,10.753913906587913
10,71,12.252975390328533
10,72,13.707425129573478
10,73,17.520474152976362
10,74,20.190489596234993
10,75,23.800223245601668
10,76,25.198082534287984
10,77,25.98845946069418
11,1,17.10601853662716
11,2,13.960719116327974
11,3,11.822073740436783
11,4,13.35729699726012
11,5,13.707010028322236
11,6,10.096936914802187
11,7,6.725013752792684
11,8,4.967249870983524
11,9,5.9865255831027016
11,10,3.7759656020719796
11,12,3.7944236635176645
11,13,6.74441416596595
11,14,8.228538072385833
11,15,6.369945838275712
11,16,9.172673778276657
11,17,11.481305986812066
11,18,14.027079478645204
11,19,17.778097748574698
11,20,20.453314594053182
11,21,23.295997610936237
11,22,26.23032535185823
11,23,29.49760309088932
11,24,32.451350517420124
11,25,34.34647242008453
11,26,31.492955151398572
11,27,30.00766987228742
11,28,27.305379232183448
11,29,27.97277403557445
11,30,24.285844613642215
11,31,21.667700869742948
11,32,18.106639205592415
11,33,17.62476433941375
11,34,14.35719369727186
11,35,14.504390455339271
11,36,12.514215799805465
11,37,11.668837564525715
11,38,13.302384495768353
11,39,15.944338057967975
11,40,14.502764998050948
11,41,11.404610828618237
11,42,9.577419101658354
11,43,11.752648264594686
11,44,12.444345411617524
11,45,13.870959697415627
11,46,10.921279336701094
11,47,13.163779676117056
11,48,13.543513064823188
11,49,15.516180126441633
11,50,18.03815741483511
11,51,19.128582292097832
11,52,16.801547113754484
11,53,15.798855453205965
11,54,13.170029302244332
11,55,15.271680020304672
11,56,15.33063739024231
11,57,16.282994672428156
11,58,19.553192318768474
11,59,21.38760015998562
11,60,24.91934038171736
11,61,25.25763334496816
11,62,28.54405093932461
11,63,29.769732132606887
11,64,27.419323661860393
11,65,24.460511627401736
11,66,20.953011504394517
11,67,17.50592279736973
11,68,15.212389769286455
11,69,11.946548346680908
11,70,11.340011456137074
11,71,11.659949362847636
11,72,12.622253638419727
11,73,16.391054849751566
11,74,18.709733485052087
11,75,22.4590016474468
11,76,23.341011976259246
11,77,23.905140131743256
12,1,17.927695206955498
12,2,14.531094819820643
12,3,13.119404783147578
12,4,15.254796530948335
12,5,15.108522773167834
12,6,11.33201705260287
12,7,8.817475140268217
12,8,5.572034075883114
12,9,5.962087809422601
12,10,5.690755722963633
12,11,3.7944236635176645
12,13,3.8347647433458563
12,14,4.926287085537281
12,15,4.596457823617732
12,16,7.878194652127838
12,17,11.140016052645747
12,18,13.781847740449585
12,19,17.440560326738716
12,20,20.394545101266793
12,21,22.774474841342712
12,22,25.978352145645655
12,23,28.98617456960212
12,24,32.17929576691799
12,25,33.74446863361904
12,26,30.76152044991741
12,27,29.41464005232334
12,28,26.879478232550877
12,29,27.68686305664129
12,30,24.15190624527689
12,31,21.11056764034301
12,32,17.63946031378421
12,33,16.486319976757702
12,34,12.929387287975338
12,35,12.76126329339404
12,36,10.317561653956206
12,37,10.254330124586426
12,38,11.303646119585359
12,39,13.319128159995184
12,40,11.834819650832632
12,41,8.624759499933711
12,42,7.845195383568917
12,43,10.221741540074058
12,44,11.772984661858674
12,45,13.708995339779111
12,46,11.016941800401744
12,47,12.509801914228548
12,48,12.025139606542943
12,49,13.345046111175403
12,50,15.383798970655649
12,51,16.192443277878933
12,52,13.49977396963308
12,53,12.388880754716883
12,54,9.776653310203601
12,55,11.825660220059335
12,56,12.276117290947118
12,57,13.25998444139823
12,58,16.77882702370933
12,59,18.926346704730086
12,60,22.613006545889466
12,61,23.448157868789632
12,62,26.954836064357945
12,63,28.46484284830675
12,64,25.413926365995
12,65,22.18827274843273
12,66,18.931177499665225
12,67,15.311522709765628
12,68,13.309296315962413
12,69,9.694156176392243
12,70,8.227072981473038
12,71,7.9860987796643865
12,72,8.856297662704414
12,73,12.637166238778523
12,74,15.127012701570342
12,75,18.862474787278337
12,76,19.860231303047563
12,77,20.450992552481974
13,1,21.35130039420522
13,2,18.047723987598015
13,3,16.62345371252309
13,4,18.970202616415023
13,5,18.918588069840215
13,6,15.150039709428281
13,7,12.602367422297446
13,8,9.398665604517314
13,9,9.248673975960136
13,10,8.621497437080658
13,11,6.74441416596595
13,12,3.8347647433458563
13,14,3.788522979841783
13,15,5.785851711248774
13,16,9.432910056983186
13,17,13.021391208207339
13,18,16.08966358704558
13,19,19.506018035727926
13,20,22.785465012649176
13,21,24.965244138502815
13,22,28.39192413258151
13,23,31.29955108235361
13,24,34.67483835879684
13,25,36.14443130273334
13,26,33.22258014693437
13,27,32.13813569140206
13,28,29.737251072339667
13,29,30.419738442767866
13,30,26.957621395869484
13,31,23.750170605041433
13,32,20.27387342677134
13,33,18.54627776569484
13,34,14.78945443168002
13,35,13.726174440686266
13,36,10.495473570227396
13,37,10.11350410250623
13,38,9.793199824836423
13,39,11.117007262672052
13,40,8.813517485938874
13,41,5.196813947898982
13,42,4.508765011126177
13,43,6.789436994175807
13,44,9.089975638380443
13,45,11.071783067660926
13,46,8.78232370786546
13,47,9.657987958884984
13,48,8.906069428941283
13,49,9.673268443131104
13,50,11.830042015229525
13,51,12.496556693221232
13,52,10.11456027726064
13,53,9.66073731025276
13,54,7.996840139943579
13,55,10.916583038126154
13,56,12.541709134472816
13,57,14.06668672087905
13,58,17.75658061368963
13,59,20.39990678888665
13,60,24.17307726528356
13,61,25.50079871507127
13,62,29.164450570020428
13,63,30.782636661615086
13,64,26.994719563869847
13,65,23.503157416212606
13,66,20.563853392714613
13,67,16.796589119613678
13,68,15.450552724550839
13,69,11.666871466138913
13,70,9.031956238128231
13,71,7.759438367934476
13,72,6.872858166052138
13,73,10.366897129641051
13,74,12.21303883896873
13,75,15.917747946304724
13,76,16.97671565913734
13,77,18.06301920675986
14,1,19.55913008431447
14,2,16.457894461366518
14,3,15.334375849734979
14,4,18.238945981936148
14,5,18.293044396598766
14,6,14.735806410018448
14,7,12.726660331429054
14,8,9.40847316069346
14,9,8.011365650795094
14,10,8.561355589909475
14,11,8.228538072385833
14,12,4.926287085537281
14,13,3.788522979841783
14,15,3.8472553633840585
14,16,6.606814896057863
14,17,10.390645515531727
14,18,13.352097156390723
14,19,16.508635051970384
14,20,19.90815594836417
14,21,21.800608907487373
14,22,25.35094787997489
14,23,28.120120024558368
14,24,31.611371031757653
14,25,32.98001443835861
14,26,30.12961752973124
14,27,29.302905224510322
14,28,27.036993598692042
14,29,27.558890370089674
14,30,24.207281467865272
14,31,20.870915046157116
14,32,17.457614904132686
14,33,15.315776235612335
14,34,11.524202230892307
14,35,10.162261906692066
14,36,6.870361361985547
14,37,7.295149906719398
14,38,7.270215629648262
14,39,8.603206093462184
14,40,7.508731832327038
14,41,5.075241332381915
14,42,6.501623826826557
14,43,9.599982577290993
14,44,12.524099454631278
14,45,14.074275670582733
14,46,11.448906229967486
14,47,11.365692905223804
14,48,9.436228692974966
14,49,10.361730509582383
14,50,11.476592369208301
14,51,12.656539744761819
14,52,9.636774544168155
14,53,7.761974512788994
14,54,4.958085809765423
14,55,7.5978352891345375
14,56,9.004668634304418
14,57,11.039981149355015
14,58,14.566999512413375
14,59,17.48194274726179
14,60,21.202884750272492
14,61,22.61548926539152
14,62,26.319974537216826
14,63,27.79485978512825
14,64,23.6481723218761
14,65,20.104242144212705
14,66,17.23182761199732
14,67,13.419484827450118
14,68,12.599316755869031
14,69,8.841602849933505
14,70,5.866931383313911
14,71,5.625191607877382
14,72,5.5804553475249
14,73,9.23098753624514
14,74,11.869486142778133
14,75,15.347223940849501
14,76,17.114652113284524
14,77,18.351247702257044
15,1,16.589516637484927
15,2,13.761704993859595
15,3,12.063482751514108
15,4,15.057509354207124
15,5,15.675624004600145
15,6,12.31000460574227
15,7,10.034004972308301
15,8,7.402291366190022
15,9,4.9912646929906375
15,10,5.228186734556039
15,11,6.369945838275712
15,12,4.596457823617732
15,13,5.785851711248774
15,14,3.8472553633840585
15,16,3.802945637221029
15,17,7.239081737093279
15,18,10.42375081176252
15,19,13.826489487763016
15,20,17.148057541028873
15,21,19.508716475138133
15,22,22.919326367581302
15,23,25.983316270863256
15,24,29.328490348739106
15,25,31.046102567433007
15,26,28.343422231833866
15,27,27.492484033172165
15,28,25.06671510134794
15,29,25.333071889805222
15,30,21.78422598678515
15,31,18.753396968113275
15,32,15.099971461264222
15,33,13.463340753156599
15,34,9.760290800921629
15,35,8.775960630611301
15,36,6.21866199128262
15,37,5.763089145644434
15,38,7.598118293571205
15,39,10.283691805377146
15,40,9.945792412557855
15,41,8.000075163337685
15,42,8.191908404301927
15,43,11.682500294970463
15,44,14.130486614805807
15,45,15.15755706821922
15,46,11.885389538990676
15,47,12.23560969941553
15,48,10.826286635977873
15,49,12.830412418142874
15,50,14.285032420398666
15,51,16.017393599984597
15,52,13.245566243573395
15,53,11.088839420703309
15,54,7.886277830586394
15,55,9.883336785736754
15,56,10.031907270423043
15,57,12.077229095431727
15,58,15.202939622074835
15,59,17.79789985286836
15,60,21.35502608114957
15,61,22.15423856376419
15,62,25.67223800175602
15,63,26.731177284951197
15,64,23.238691097653252
15,65,19.986475217359494
15,66,16.688887476949713
15,67,12.966664964182655
15,68,11.851325143310643
15,69,8.287356064306795
15,70,6.803000567215836
15,71,8.242588650507413
15,72,9.279048668473855
15,73,12.948281945417326
15,74,15.70598162311681
15,75,19.13435833801832
15,76,20.960373293543725
15,77,22.108985174313396
16,1,14.111693603273617
16,2,11.775380087235291
16,3,10.335394579686353
16,4,13.863752503851167
16,5,14.75830972394759
16,6,11.979985459377117
16,7,10.528019972826437
16,8,8.53757676720484
16,9,4.958405102712432
16,10,6.682393986449754
16,11,9.172673778276657
16,12,7.878194652127838
16,13,9.432910056983186
16,14,6.606814896057863
16,15,3.802945637221029
16,17,3.827050758546804
16,18,6.852045048251744
16,19,10.093840068363713
16,20,13.499592049961686
16,21,15.761484566801442
16,22,19.230208621949267
16,23,22.280541903220783
16,24,25.669429067461657
16,25,27.426559463437396
16,26,24.850590099791813
16,27,24.233100848237164
16,28,21.884976056474564
16,29,21.88219985953651
16,30,18.375166277257424
16,31,15.365177698726757
16,32,11.69122566462058
16,33,9.878812782955391
16,34,6.26230311587257
16,35,5.38972726538418
16,36,4.228005339357179
16,37,4.815530566428637
16,38,7.988567355974539
16,39,10.779708009801446
16,40,11.737674653380749
16,41,10.7884221309169
16,42,11.638758356749717
16,43,15.269875838916677
16,44,17.886039162456107
16,45,18.720785715697303
16,46,15.319279074907218
16,47,15.277109388128467
16,48,13.428066932361917
16,49,15.530688971341286
16,50,16.346203724866662
16,51,18.364760899340748
16,52,15.380532365199926
16,53,12.472938061873938
16,54,8.860195763731003
16,55,9.660679341685825
16,56,8.597354516489016
16,57,10.832168791697004
16,58,13.260948229674051
16,59,15.772270917627992
16,60,19.058139421774317
16,61,19.579861214746558
16,62,22.97619998315428
16,63,23.67989288173333
16,64,20.243195488535022
16,65,17.17721213223815
16,66,13.768361523152892
16,67,10.219293735457294
16,68,9.581221458520233
16,69,6.684181977168515
16,70,6.450367474022621
16,71,9.378091882596147
16,72,11.233560875219302
16,73,14.573231801028596
16,74,17.713596550432165
16,75,20.848402839135538
16,76,23.05429313387811
16,77,24.175910058395313
17,1,12.013787778802612
17,2,10.65106389771014
17,3,8.858087495924515
17,4,12.584258650016547
17,5,14.21903230713304
17,6,12.259898195769484
17,7,11.20512702736929
17,8,10.417884622426138
17,9,6.644385536960622
17,10,8.1117657260818
17,11,11.481305986812066
17,12,11.140016052645747
17,13,13.021391208207339
17,14,10.390645515531727
17,15,7.239081737093279
17,16,3.827050758546804
17,18,3.762777075085618
17,19,6.84490928563524
17,20,10.246590484326962
17,21,12.931458173141856
17,22,16.260847059918536
17,23,19.55779016987554
17,24,22.819967745704318
17,25,24.930926563282302
17,26,22.6676599987538
17,27,22.280888637599475
17,28,19.91990882410548
17,29,19.39942819319297
17,30,15.811444523672698
17,31,13.266927267217927
17,32,9.51056423327505
17,33,8.228796899445571
17,34,5.61731346149826
17,35,5.320703542311387
17,36,6.357787210845913
17,37,6.335694036101917
17,38,10.119094797613146
17,39,13.180839929953985
17,40,14.72710490422722
17,41,14.242293208891203
17,42,14.855557316286772
17,43,18.5728183757086
17,44,21.05571096111935
17,45,21.505537120826048
17,46,17.889649885617626
17,47,17.815666015586984
17,48,16.10588021837329
17,49,18.615540982677953
17,50,19.36311181104658
17,51,21.71893518754608
17,52,18.868699927204933
17,53,15.771985092106371
17,54,12.233172216620586
17,55,12.587861562430794
17,56,10.836271607237801
17,57,12.943731587953232
17,58,14.523072855890213
17,59,16.64120138759538
17,60,19.452694072473726
17,61,19.376992485641065
17,62,22.424250319498828
17,63,22.518505472356193
17,64,19.664059572102545
17,65,17.076577712598986
17,66,13.562336694536816
17,67,10.631879770975832
17,68,10.32217407028983
17,69,8.637210697455687
17,70,9.596845445358117
17,71,12.927740847280402
17,72,14.975232337189677
17,73,18.17387493507286
17,74,21.347116846612334
17,75,24.332851303314328
17,76,26.71014459186664
17,77,27.866557738619935
18,1,9.16151667590099
18,2,8.594638173169992
18,3,7.673907215583164
18,4,11.397922581348736
18,5,12.963963409325357
18,6,11.911072146939517
18,7,11.973841604314318
18,8,11.768457262783048
18,9,8.423384829978971
18,10,10.659609669618158
18,11,14.027079478645204
18,12,13.781847740449585
18,13,16.08966358704558
18,14,13.352097156390723
18,15,10.42375081176252
18,16,6.852045048251744
18,17,3.762777075085618
18,19,3.789264249822589
18,20,6.73591937120341
18,21,9.48684199572674
18,22,12.673437342485025
18,23,16.00741950106694
18,24,19.18796471489278
18,25,21.320539867411064
18,26,19.05132746361089
18,27,18.637748992833465
18,28,16.271585936031695
18,29,15.65456737606267
18,30,12.05154261827033
18,31,9.64038321886115
18,32,5.914156955253649
18,33,5.4180911100248395
18,34,4.548893371969541
18,35,6.245013990539715
18,36,8.857570796791132
18,37,9.786768775361363
18,38,13.45203868392008
18,39,16.154038041673505
18,40,18.01100449778017
18,41,17.56447346642534
18,42,18.373723695827287
18,43,22.028256092935013
18,44,24.440995753928227
18,45,25.09419809572323
18,46,21.49863710067826
18,47,21.548288064153258
18,48,19.783882419790388
18,49,22.130160805068787
18,50,22.64366368099527
18,51,24.848242110913002
18,52,21.769755247409584
18,53,18.470423664609484
18,54,14.815686831385014
18,55,14.315881856590462
18,56,11.677841497225005
18,57,13.056782666589626
18,58,13.761080268477636
18,59,15.190726422168188
18,60,17.49429449710801
18,61,16.835377675720277
18,62,19.54797186148805
18,63,19.287560404716338
18,64,17.147577313705877
18,65,15.090453724191411
18,66,11.513112968865318
18,67,9.420461226995792
18,68,9.123473120067104
18,69,8.895394101072874
18,70,11.072544750330215
18,71,14.719042194542109
18,72,17.34825680066998
18,73,20.36597724732529
18,74,23.801630157230818
18,75,26.670502399244235
18,76,29.045207340645543
18,77,29.909320797330697
19,1,10.179457378921736
19,2,10.8306841394509
19,3,10.445015366510912
19,4,13.828591210256022
19,5,15.522473906981547
19,6,15.113956689660263
19,7,15.54400406367522
19,8,15.508274512542549
19,9,12.20524348691815
19,10,14.343244236156279
19,11,17.778097748574698
19,12,17.440560326738716
19,13,19.506018035727926
19,14,16.508635051970384
19,15,13.826489487763016
19,16,10.093840068363713
19,17,6.84490928563524
19,18,3.789264249822589
19,20,3.7824973849772214
19,21,6.264597624306379
19,22,9.582112839460313
19,23,12.902755306222957
19,24,16.16745530853277
19,25,18.441404667177665
19,26,16.60170788753052
19,27,16.82772960762301
19,28,14.786985067055232
19,29,13.421179605671421
19,30,10.138870085938311
19,31,8.249528271289208
19,32,5.434351358875045
19,33,4.985102027387917
19,34,6.328181100024721
19,35,7.618995556391598
19,36,10.987894048831214
19,37,12.019037841490439
19,38,15.471439049936295
19,39,17.887168759034694
19,40,20.30486248379583
19,41,20.408688663670368
19,42,21.509701815376953
19,43,25.242165305885823
19,44,27.84333823904121
19,45,28.31666644065687
19,46,24.695481794879058
19,47,24.402032166835255
19,48,22.385995225551685
19,49,24.727453643470106
19,50,24.85560518993622
19,51,27.241853209349927
19,52,24.209815884783673
19,53,20.672983933185147
19,54,17.19105432147077
19,55,16.249352598920133
19,56,13.3858336253662
19,57,14.795908790792883
19,58,14.601295390920919
19,59,15.806185626032741
19,60,17.438244883361566
19,61,16.49965323937209
19,62,18.790083765870772
19,63,17.876006129981217
19,64,15.846045834979186
19,65,14.336763959587316
19,66,11.228365993222413
19,67,10.16676116689114
19,68,10.894944498080037
19,69,11.59173496609142
19,70,13.807122399131595
19,71,17.563885950374782
19,72,20.152744825878735
19,73,22.83289982195472
19,74,26.265737671038828
19,75,28.83370994394535
19,76,31.472853126560196
19,77,32.442477029423934
20,1,9.03474775720205
20,2,10.9308230031525
20,3,11.176491653784387
20,4,13.88249541656825
20,5,15.562578399997888
20,6,16.068304376380826
20,7,17.149338415088568
20,8,17.67484187233878
20,9,14.79079828848017
20,10,17.02259181432778
20,11,20.453314594053182
20,12,20.394545101266793
20,13,22.785465012649176
20,14,19.90815594836417
20,15,17.148057541028873
20,16,13.499592049961686
20,17,10.246590484326962
20,18,6.73591937120341
20,19,3.7824973849772214
20,21,3.810265997932797
20,22,6.202920421325659
20,23,9.833329711006458
20,24,12.760806189065407
20,25,15.33695818488821
20,26,13.723362428315347
20,27,13.984455194198894
20,28,11.991611644914615
20,29,10.13647335486953
20,30,6.921638330569629
20,31,6.268712717761854
20,32,4.981130810740568
20,33,6.533411565147457
20,34,9.181981056003751
20,35,11.164431011056678
20,36,14.641111257312003
20,37,15.766139680856005
20,38,19.250345481068965
20,39,21.62585454564702
20,40,24.042765858062232
20,41,24.023807071987406
20,42,25.03119184491887
20,43,28.721592841882828
20,44,31.16956745016926
20,45,31.721114566031595
20,46,28.071570525464686
20,47,27.981278158032616
20,48,26.08992753652922
20,49,28.44760646025217
20,50,28.59867935855557
20,51,30.905184306289854
20,52,27.783133204062995
20,53,24.233611168708137
20,54,20.703233524730553
20,55,19.485866017366934
20,56,16.309484199314205
20,57,17.116010192101623
20,58,16.343693678158793
20,59,16.748721198612245
20,60,17.690714689329234
20,61,15.99897738672584
20,62,17.597121707181063
20,63,16.062398983501737
20,64,15.431129871317571
20,65,14.830670246605264
20,66,12.036311070184185
20,67,12.05648973801638
20,68,12.537914020684003
20,69,14.058233991929914
20,70,16.795514879084106
20,71,20.54464844595517
20,72,23.408760265358257
20,73,26.059001886485696
20,74,29.60365426903031
20,75,32.153916397972445
20,76,34.713440737155736
20,77,35.45906359764393
21,1,11.444564906775993
21,2,13.257795419217416
21,3,14.289127818202761
21,4,16.921031324302206
21,5,18.05285669707964
21,6,18.645864527267186
21,7,20.088379005372186
21,8,20.24266968955432
21,9,17.429755399100966
21,10,20.044125420097178
21,11,23.295997610936237
21,12,22.774474841342712
21,13,24.965244138502815
21,14,21.800608907487373
21,15,19.508716475138133
21,16,15.761484566801442
21,17,12.931458173141856
21,18,9.48684199572674
21,19,6.264597624306379
21,20,3.810265997932797
21,22,3.8038044306358976
21,23,6.670951506696888
21,24,10.12875217979511
21,25,12.214442821208104
21,26,10.65760597361376
21,27,11.614945184570914
21,28,10.230667076058504
21,29,8.028209216424251
21,30,5.9025726279616375
21,31,5.344277210402384
21,32,6.116372538955803
21,33,6.913594275301058
21,34,10.41953466935215
21,35,12.371059339431687
21,36,16.1205173444032
21,37,17.83260751638104
21,38,20.98529073037604
21,39,22.84402719790384
21,40,25.572993209794618
21,41,25.84068153137414
21,42,27.29952073858501
21,43,30.96991975354532
21,44,33.63653841291435
21,45,34.344620677116744
21,46,30.787377572247806
21,47,30.452131005335534
21,48,28.22407236584776
21,49,30.271540982557767
21,50,29.990084835468764
21,51,32.164419227782005
21,52,28.93801198202841
21,53,25.235110857015254
21,54,21.861312090797846
21,55,20.056921928659705
21,56,16.665836183661078
21,57,17.169455628338834
21,58,15.578098823981103
21,59,15.625163566929041
21,60,15.848548367265538
21,61,14.067514177405524
21,62,15.271680941061186
21,63,13.326909233892325
21,64,12.607671701466613
21,65,12.641890678556857
21,66,10.630811784486495
21,67,11.750750420748156
21,68,12.977384578368484
21,69,15.206129574619547
21,70,17.961970319118254
21,71,21.67079752130072
21,72,24.61044609278508
21,73,26.844017793729666
21,74,30.429696865693092
21,75,32.663764819600736
21,76,35.338414834011495
21,77,35.99942630267842
22,1,12.304117170612626
22,2,14.90326509898435
22,3,16.179176861903837
22,4,18.17358149962687
22,5,19.304524311738533
22,6,20.56774321291826
22,7,22.359631860417558
22,8,22.95051417171849
22,9,20.407707006997683
22,10,22.95512582159464
22,11,26.23032535185823
22,12,25.978352145645655
22,13,28.39192413258151
22,14,25.35094787997489
22,15,22.919326367581302
22,16,19.230208621949267
22,17,16.260847059918536
22,18,12.673437342485025
22,19,9.582112839460313
22,20,6.202920421325659
22,21,3.8038044306358976
22,23,3.8080952933106333
22,24,6.595232391306553
22,25,9.274603716058852
22,26,8.37021917560067
22,27,9.644540647629396
22,28,8.668842743239367
22,29,5.426916909131545
22,30,4.661724799029751
22,31,6.543920355226962
22,32,8.647677784140814
22,33,10.378197674591247
22,34,13.96688706010799
22,35,16.132543544666678
22,36,19.85973769181627
22,37,21.461923523054512
22,38,24.703970610017045
22,39,26.636079930812635
22,40,29.337673452891536
22,41,29.512016198104146
22,42,30.835987852275608
22,43,34.49362106598374
22,44,37.02947775898747
22,45,37.742277803938684
22,46,34.1405545672191
22,47,33.959060643818994
22,48,31.859289694923717
22,49,33.98741968222787
22,50,33.77619227814095
22,51,35.93945482290801
22,52,32.68495696574894
22,53,28.9982433345613
22,54,25.591084176876407
22,55,23.732930337953594
22,56,20.248733174909827
22,57,20.42022569688521
22,58,18.575035313183026
22,59,18.03011519073507
22,60,17.638643853398154
22,61,15.231243669944275
22,62,15.520943761917177
22,63,12.837088716198481
22,64,13.919016094056815
22,65,14.887378133743438
22,66,13.34325332682747
22,67,15.017689008972651
22,68,15.923985429487185
22,69,18.44890775771547
