1,2,3.857503224260888
1,3,5.3527774376713095
1,4,5.873375698451702
1,5,7.587618881766729
1,6,9.23464277415236
1,7,11.057478587316194
1,8,13.149686725910891
1,9,12.105619037844297
1,10,14.16365921722646
1,11,16.961115805417492
1,12,17.788074166824686
1,13,21.12728625761299
1,14,19.410462276451746
1,15,16.39463372284312
1,16,14.009512321528845
1,17,11.980521065096395
1,18,9.024816776413811
1,19,10.03825997116939
1,20,8.837482930465507
1,21,11.620038922704284
1,22,12.650175120205011
1,23,15.618367202567155
1,24,17.38621210957774
1,25,15.341666804280791
1,26,12.41986146145884
1,27,12.744692742089782
1,28,9.276256255587713
1,29,8.718612480318962
1,30,7.099628772001549
1,31,10.427949858995879
1,32,11.557789649603828
1,33,14.711356297180592
1,34,16.977444940505535
1,35,18.167899335864558
1,36,21.79267249407102
1,37,24.464552195570477
1,38,25.693582890994996
1,39,24.294645217671604
1,40,24.48285870721931
1,41,27.711130144018096
1,42,29.24652807139037
1,43,30.202635008218603
1,44,26.788306639876023
1,45,28.043480866482057
1,46,26.80070521103181
1,47,29.11626359448067
1,48,30.24060258354332
1,49,31.88519714677177
1,50,28.634978171651124
1,51,25.7283762241194
1,52,21.93716658831258
1,53,21.067697905154017
1,54,17.961909076956243
1,55,17.621522772793973
1,56,17.757022920660415
1,57,17.054776651415775
1,58,18.304122493569256
1,59,16.25915338517932
1,60,18.10731509741353
1,61,17.218851879929456
1,62,19.314368968879545
1,63,24.836703422423845
1,64,22.914844110625637
1,65,21.87248129407074
1,66,20.891589978289986
1,67,18.275535488197974
1,68,17.965739072194722
1,69,14.695224551739205
1,70,14.206636887235087
1,71,12.099552273185608
1,72,13.13301242615918
1,73,16.52730246276299
1,74,19.753369368515315
1,75,23.135605823248277
1,76,26.367045425342432
1,77,29.960158591724106
1,78,33.07752685436924
1,79,35.00381245725991
1,80,34.44186339697451
2,1,3.857503224260888
2,3,3.845639709450684
2,4,5.268332322932174
2,5,5.4519326166805016
2,6,6.067391051545016
2,7,8.257761141160172
2,8,9.761208286479707
2,9,9.204748984870202
2,10,11.723764758628676
2,11,14.052529755825631
2,12,14.56664063562607
2,13,18.02452275929617
2,14,16.460119296479483
2,15,13.75599494398534
2,16,11.8674400184303
2,17,10.826860822203875
2,18,8.581239425928764
2,19,10.746203559627435
2,20,10.536618791292293
2,21,13.341379343640941
2,22,15.089792684435077
2,23,18.072959819561973
2,24,19.1567233590323
2,25,16.99092721874526
2,26,14.10821028676247
2,27,15.049012512587296
2,28,11.611296462372978
2,29,9.824683173428856
2,30,7.499030281110818
2,31,9.869699226155312
2,32,9.982294702584728
2,33,13.305291762544602
2,34,14.993310965038585
2,35,16.471859178047637
2,36,19.84917786849872
2,37,22.339217478800048
2,38,23.207716158922505
2,39,21.48873306899225
2,40,21.7188738682507
2,41,24.7648690285627
2,42,26.23932791966872
2,43,27.53122703018191
2,44,24.28558777332969
2,45,25.685409166223646
2,46,24.446244338879282
2,47,26.475998807506862
2,48,27.652139177561587
2,49,28.98862739510495
2,50,25.672322046916555
2,51,22.967493592529006
2,52,19.221381721442597
2,53,18.426138091169225
2,54,15.445399953130332
2,55,14.83287904099261
2,56,15.536882609988991
2,57,14.964267153052464
2,58,16.815418548807898
2,59,15.299319667351902
2,60,17.76379911199799
2,61,17.690452796691037
2,62,20.341105343958457
2,63,25.70919046649429
2,64,23.294373455280727
2,65,22.04828280068509
2,66,20.475967035647546
2,67,17.920646342741293
2,68,16.96484668327131
2,69,13.499994807003612
2,70,12.375965507256234
2,71,9.572564698150241
2,72,10.149199672228052
2,73,13.51673669200685
2,74,16.446236408354466
2,75,19.89169472343751
2,76,23.14526205356576
2,77,26.717472298136467
2,78,29.924314778999022
2,79,31.636751642585267
2,80,30.932150443807334
3,1,5.3527774376713095
3,2,3.845639709450684
3,4,3.8254620391997833
3,5,5.9178108545653485
3,6,5.4235277963026
3,7,5.937962954576929
3,8,8.432697791928263
3,9,7.579643183827511
3,10,9.052359444353177
3,11,11.772771575498949
3,12,13.08064450261387
3,13,16.52792549595666
3,14,15.392995741846683
3,15,12.147771825093418
3,16,10.589421316490922
3,17,9.292833760024324
3,18,7.935336877649715
3,19,10.702959710342943
3,20,11.381402029329772
3,21,14.809919404143642
3,22,16.763775620395702
3,23,20.116939841854766
3,24,22.044514089167183
3,25,20.167568129485982
3,26,17.259811808287356
3,27,17.615124425410915
3,28,13.93847332381268
3,29,12.418697916814969
3,30,9.435163328459042
3,31,11.304319907292808
3,32,10.590347325506647
3,33,13.127847122309488
3,34,14.28137737310943
3,35,14.880169388415872
3,36,18.395305781311844
3,37,21.331535671972496
3,38,21.955897597545494
3,39,20.12252651978446
3,40,19.806308523755686
3,41,22.88202268563162
3,42,24.16889475748281
3,43,25.071647506429393
3,44,21.725281099814815
3,45,23.27647717106272
3,46,22.4108146823539
3,47,24.826115772022582
3,48,26.396501398504583
3,49,27.99677386317717
3,50,24.970533441581946
3,51,22.446148594980208
3,52,18.747647441415605
3,53,18.68759847507504
3,54,16.234813363558747
3,55,16.380510309265258
3,56,17.640465650145018
3,57,17.74395847573526
3,58,19.95732375142484
3,59,18.77480842380696
3,60,21.366507104874973
3,61,21.148762500016637
3,62,23.741689264532276
3,63,29.11957065772904
3,64,26.823077833417894
3,65,25.383905342432925
3,66,23.732753720053722
3,67,20.887907140105515
3,68,19.622627313144218
3,69,15.938659519090777
3,70,14.157134415432939
3,71,11.687672511811352
3,72,11.10133489930112
3,73,13.782738264509746
3,74,16.659241940742508
3,75,19.6740881005351
3,76,23.22340223699916
3,77,26.585518286787735
3,78,29.96116358076784
3,79,31.67548571583063
3,80,31.319907365087822
4,1,5.873375698451702
4,2,5.268332322932174
4,3,3.8254620391997833
4,5,3.8110416403520895
4,6,5.49034333619369
4,7,7.161178121319812
4,8,10.350365027277523
4,9,10.657471350709347
4,10,11.633644418218214
4,11,13.744848856746305
4,12,15.550175673793659
4,13,19.207751726744114
4,14,18.54427905600957
4,15,15.412071182518474
4,16,14.269128531107516
4,17,13.074515069996025
4,18,11.585516804850576
4,19,13.942398504603744
4,20,13.915516469233573
4,21,17.13468620582299
4,22,18.427112162097526
4,23,21.468387163429334
4,24,23.101211493505215
4,25,20.76515244651095
4,26,17.84572211403726
4,27,18.530944704753853
4,28,15.142486613312778
4,29,14.289262613322396
4,30,12.019193654406541
4,31,14.50306042891487
4,32,14.193898833289815
4,33,16.916823261890947
4,34,18.031822795782553
4,35,18.554756215237383
4,36,22.012362720524187
4,37,24.97187623902099
4,38,25.3588194886845
4,39,23.242695449892064
4,40,22.60189706637533
4,41,25.38953172499551
4,42,26.22282548318305
4,43,27.205436432905895
4,44,24.049273443437684
4,45,26.00261668897286
4,46,25.497932564612523
4,47,27.909215359878754
4,48,29.70182529890195
4,49,31.132732126335814
4,50,28.141318203849675
4,51,25.82346715249056
4,52,22.180875172340816
4,53,22.134385286939988
4,54,19.632498244483504
4,55,19.34627088839688
4,56,20.51904879623019
4,57,20.092263376674794
4,58,22.017206285089625
4,59,20.370056165445796
4,60,22.59931901622838
4,61,22.304029348343292
4,62,24.56943327583806
4,63,30.08923746506701
4,64,27.89299909153512
4,65,26.937057263484437
4,66,25.595672457486224
4,67,23.08951863746918
4,68,22.21521932758796
4,69,18.704872187834834
4,70,17.3122766095228
4,71,14.494066634275923
4,72,14.241821942443835
4,73,17.028798690242077
4,74,19.597860731985637
4,75,22.65661848493384
4,76,26.216309536037848
4,77,29.533814981143685
4,78,32.99658673731639
4,79,34.44521213623467
4,80,33.843879562913045
5,1,7.587618881766729
5,2,5.4519326166805016
5,3,5.9178108545653485
5,4,3.8110416403520895
5,6,3.809944180479643
5,7,7.173390763098977
5,8,9.546113774257764
5,9,10.898637234544102
5,10,12.441175802206162
5,11,13.72077386159829
5,12,15.07617159812162
5,13,18.870584498028865
5,14,18.356163698781383
5,15,15.789766852201739
5,16,15.071744798530755
5,17,14.69171636886669
5,18,13.307279289559892
5,19,15.879076143424626
5,20,15.770246949255002
5,21,18.62553082451284
5,22,19.9878218202389
5,23,22.746572245179213
5,24,23.44445164827509
5,25,20.7514472439804
5,26,17.915051905189408
5,27,19.336991560686002
5,28,16.20795672733575
5,29,14.900439258250623
5,30,12.931684239177152
5,31,15.19375932744274
5,32,14.736457867665372
5,33,17.784431220950683
5,34,18.66943192763574
5,35,19.714011974463116
5,36,22.87575644334442
5,37,25.480991437410466
5,38,25.615856671366956
5,39,23.21655872299445
5,40,22.743339763357177
5,41,25.239036739577646
5,42,25.93692723065841
5,43,27.427687743955524
5,44,24.545043784557922
5,45,26.66717296823171
5,46,26.10842795546468
5,47,28.09344557671807
5,48,29.809384053048348
5,49,30.79945513698013
5,50,27.660523347426945
5,51,25.529664022139936
5,52,21.981247063435198
5,53,21.702671696282238
5,54,19.148908602891797
5,55,18.20594645158653
5,56,19.4953701881956
5,57,18.668224766724506
5,58,20.636955853338577
5,59,19.049682096218934
5,60,21.370016793170304
5,61,21.63629059049936
5,62,24.093397938439413
5,63,29.49007976188037
5,64,26.981168342848797
5,65,26.206586913966998
5,66,24.677962313826125
5,67,22.55467127298254
5,68,21.597068887989277
5,69,18.27368775647759
5,70,16.95694180878815
5,71,13.612664324386609
5,72,13.530960864766062
5,73,16.392884363990948
5,74,18.50928793522284
5,75,21.73683595056969
5,76,25.133603296285116
5,77,28.464195494483906
5,78,31.922189115613836
5,79,33.07289441055676
5,80,32.08886603826243
6,1,9.23464277415236
6,2,6.067391051545016
6,3,5.4235277963026
6,4,5.49034333619369
6,5,3.809944180479643
6,7,3.805196584509144
6,8,5.751434586745907
6,9,7.562013845392056
6,10,9.065228090583027
6,11,10.024628299737785
6,12,11.289916240339009
6,13,15.095476271434862
6,14,14.79154526601921
6,15,12.350976424638803
6,16,12.196642140073411
6,17,12.533364500794939
6,18,12.03473807402337
6,19,15.232548160637323
6,20,15.998868082456417
6,21,19.07192953909493
6,22,21.079060517630225
6,23,24.13407937992608
6,24,25.02465576247311
6,25,22.657786717235002
6,26,19.82424543887709
6,27,21.063584635842897
6,28,17.67688385398031
6,29,15.699745056170425
6,30,13.031086403603403
6,31,14.3999939187377
6,32,13.01832501343168
6,33,15.636886344520931
6,34,15.878923892320344
6,35,16.788464486146417
6,36,19.706301308669644
6,37,22.26988716821493
6,38,22.11811087647666
6,39,19.55537939793446
6,40,19.002641122770676
6,41,21.44188674295502
6,42,22.185643134894146
6,43,23.749220057676308
6,44,20.905998772521027
6,45,23.03490238067904
6,46,22.50268479991708
6,47,24.39733633791009
6,48,26.210509173607313
6,49,27.139882096830572
6,50,24.08790670057068
6,51,22.136074207039638
6,52,18.69271081699086
6,53,18.78728662534993
6,54,16.649574245668127
6,55,16.030085482032955
6,56,17.940185693448036
6,57,17.745313018262273
6,58,20.30467679456145
6,59,19.405715503753445
6,60,22.241823011088318
6,61,22.84955136184302
6,62,25.701996811491277
6,63,30.941547707624768
6,64,28.206857892414384
6,65,26.986341379706886
6,66,24.985975691866646
6,67,22.620888802255266
6,68,21.041445278654084
6,69,17.534098953892137
6,70,15.50189602930212
6,71,12.171160320963827
6,72,11.124075633954867
6,73,13.434281153933126
6,74,15.291613168024453
6,75,18.296125885780285
6,76,21.804512143511765
6,77,25.015556319288677
6,78,28.55729226263227
6,79,29.66753999739686
6,80,28.856264568880757
7,1,11.057478587316194
7,2,8.257761141160172
7,3,5.937962954576929
7,4,7.161178121319812
7,5,7.173390763098977
7,6,3.805196584509144
7,8,3.797989360254652
7,9,5.352846381339009
7,10,5.564563037316765
7,11,6.695953026258998
7,12,8.724112136606491
7,13,12.427938780831386
7,14,12.530126568266297
7,15,9.736794566510959
7,16,10.193510251853644
7,17,10.80299888403213
7,18,11.378177537954318
7,19,14.949801848767828
7,20,16.518075295482483
7,21,19.909640328506526
7,22,22.289744459828384
7,23,25.660924255330745
7,24,27.175903480215798
7,25,25.180032864872576
7,26,22.32300840122521
7,27,23.083321299444382
7,28,19.457459601182784
7,29,17.35845218928416
7,30,14.128026717593704
7,31,14.869167854918322
7,32,12.753478756794415
7,33,14.547329291628099
7,34,14.132130721194187
7,35,14.308548517795925
7,36,17.133209910160534
7,37,19.97106826415358
7,38,19.55777444336998
7,39,16.91723617763172
7,40,15.920616297677745
7,41,18.422242934594227
7,42,19.131004083161713
7,43,20.360493473509788
7,44,17.394128318180982
7,45,19.585309152788454
7,46,19.31173120603946
7,47,21.479786636522515
7,48,23.594513001914247
7,49,24.757103847534413
7,50,21.989791006325543
7,51,20.21488952143083
7,52,16.89426994545658
7,53,17.692022860365455
7,54,16.149435616490518
7,55,16.327453916670603
7,56,18.69876809482978
7,57,19.252116952705446
7,58,22.168316265023943
7,59,21.71045405779593
7,60,24.781335864025348
7,61,25.315562043630514
7,62,28.279582539107867
7,63,33.470964746731006
7,64,30.766661979482762
7,65,29.193885389338888
7,66,26.996826027279337
7,67,24.294955126117927
7,68,22.32826715944723
7,69,18.644773095059016
7,70,16.020128133868827
7,71,13.169272762982814
7,72,11.129213611356374
7,73,12.57844973300317
7,74,14.326400449588956
7,75,16.791815319174322
7,76,20.519023803468773
7,77,23.492482377096024
7,78,27.134730694034392
7,79,28.317441492946365
7,80,27.93659559115934
8,1,13.149686725910891
8,2,9.761208286479707
8,3,8.432697791928263
8,4,10.350365027277523
8,5,9.546113774257764
8,6,5.751434586745907
8,7,3.797989360254652
8,9,3.817537276058418
8,10,5.107038452147665
8,11,5.003053605274376
8,12,5.541453485570124
8,13,9.352262315699164
8,14,9.420982814049971
8,15,7.430315061958027
8,16,8.675598203386544
8,17,10.555646007639384
8,18,11.718012117170563
8,19,15.440227276467558
8,20,17.384455741303096
8,21,20.490439417982515
8,22,23.26523704445087
8,23,26.579018589404665
8,24,27.693269554615163
8,25,25.843729342785817
8,26,23.1207171453681
8,27,24.07108720360285
8,28,20.532915046108943
8,29,17.84230431377308
8,30,14.549325744989432
8,31,14.423314757058195
8,32,11.689305268201245
8,33,13.190848672171008
8,34,12.139276132643854
8,35,12.781609958437366
8,36,15.061217082106134
8,37,17.446637297979926
8,38,16.779960079189372
8,39,13.956512736550874
8,40,13.36052239419279
8,41,15.769422496180022
8,42,16.771404116949228
8,43,18.474578774442364
8,44,15.677849534190749
8,45,17.676105474631512
8,46,17.073877890482787
8,47,18.754031044233862
8,48,20.677204879001888
8,49,21.518858231230055
8,50,18.616952855596743
8,51,16.97701270641382
8,52,13.792217547767386
8,53,14.633577159446652
8,54,13.441950068392153
8,55,13.557623334002333
8,56,16.401991008249013
8,57,17.30672399745401
8,58,20.58301214110447
8,59,20.73727639177239
8,60,24.127068890280245
8,61,25.136119899412552
8,62,28.41248695362953
8,63,33.306388436363626
8,64,30.344157912517407
8,65,28.520597301798546
8,66,25.92895708306932
8,67,23.295084019152718
8,68,20.873426376472374
8,69,17.32610246397519
8,70,14.319712509258276
8,71,11.513271806983367
8,72,8.810255264743489
8,73,9.5492608044765
8,74,10.755313660894048
8,75,13.173609633691536
8,76,16.856026810268283
8,77,19.822885003463945
8,78,23.472176004866107
8,79,24.57669626462392
8,80,24.141460044494618
9,1,12.105619037844297
9,2,9.204748984870202
9,3,7.579643183827511
9,4,10.657471350709347
9,5,10.898637234544102
9,6,7.562013845392056
9,7,5.352846381339009
9,8,3.817537276058418
9,10,3.740576090382899
9,11,5.952567840148856
9,12,5.862814765452517
9,13,9.046984091844378
9,14,7.904392194315498
9,15,4.90019387524772
9,16,5.037461513301221
9,17,6.778733498475775
9,18,8.387638022807135
9,19,12.153752920866348
9,20,14.571038573996924
9,21,17.73318959295657
9,22,20.775826986144803
9,23,24.259300173672067
9,24,25.90109896781638
9,25,24.50116005918983
9,26,21.818411228540356
9,27,22.25737647947553
9,28,18.61261924792748
9,29,15.844122803461609
9,30,12.234624542974485
9,31,11.626168015083186
9,32,8.604889630981516
9,33,9.679065379334583
9,34,8.8270987834463
9,35,9.38773688345447
9,36,12.150329389499403
9,37,14.82670257534501
9,38,14.81357974746774
9,39,12.647703416878837
9,40,12.526359738298018
9,41,15.634952328693867
9,42,17.34369738343946
9,43,18.541659797421342
9,44,15.285149298812955
9,45,16.59124269410732
9,46,15.455185549719014
9,47,17.491307810086866
9,48,19.100188939552712
9,49,20.498671205207803
9,50,17.54182181171757
9,51,15.325303694819294
9,52,11.823599825456009
9,53,12.606036622744265
9,54,11.282136273974341
9,55,12.232351527253362
9,56,14.829653538961594
9,57,16.250443845847318
9,58,19.499655306340824
9,59,19.780167760463698
9,60,23.19296756019224
9,61,23.867446009259524
9,62,27.13908655828698
9,63,31.97120860716164
9,64,29.187420133193108
9,65,27.047659666785776
9,66,24.478500562978496
9,67,21.475364328840044
9,68,18.971309672541615
9,69,15.284509326700219
9,70,12.073130368569485
9,71,10.000634475872767
9,72,7.061764874796775
9,73,7.799975288016248
9,74,10.06246150363977
9,75,12.499480239523905
9,76,16.220956410889475
9,77,19.34895441316942
9,78,22.835247567489464
9,79,24.502719097576637
9,80,24.489209394726892
10,1,14.16365921722646
10,2,11.723764758628676
10,3,9.052359444353177
10,4,11.633644418218214
10,5,12.441175802206162
10,6,9.065228090583027
10,7,5.564563037316765
10,8,5.107038452147665
10,9,3.740576090382899
10,11,3.78920552183975
10,12,5.6975062511326575
10,13,8.486527165269429
10,14,8.584580700671662
10,15,5.287139422987812
10,16,6.7121000275970575
10,17,8.11327446587248
10,18,10.471311081014301
10,19,14.166609588621418
10,20,16.838175646809237
10,21,20.268275529323525
10,22,23.232758746437035
10,23,26.869995912989744
10,24,28.98780348908116
10,25,27.62803723641217
10,26,24.8745957731172
10,27,25.061657204614825
10,28,21.307915975056805
10,29,18.872596317111707
10,30,15.162425405937837
10,31,14.69009859028005
10,32,11.655169447270856
10,33,11.938707198241381
10,34,10.465530519087322
10,35,9.615529389294196
10,36,12.161654052381229
10,37,15.267090237879204
10,38,14.715504362248371
10,39,12.302679275443804
10,40,11.115462032519812
10,41,14.08256426896216
10,42,15.358228024403394
10,43,16.049857954220567
10,44,12.685650415693623
10,45,14.406029993748144
10,46,14.004639824418971
10,47,16.52465655878547
10,48,18.7583756855662
10,49,20.372602594052008
10,50,17.936460893945984
10,51,16.20476376979295
10,52,13.106088755180425
10,53,14.786337492042025
10,54,14.174867444501391
10,55,15.56355433359882
10,56,18.33073734193238
10,57,19.943461281401618
10,58,23.21827309483411
10,59,23.479477337970064
10,60,26.841909034974606
10,61,27.359619498644477
10,62,30.522692378923313
10,63,35.44973260325853
10,64,32.765898659866096
10,65,30.628201856827157
10,66,28.12118574217282
10,67,25.02566309063659
10,68,22.517884032636896
10,69,18.815312981811363
10,70,15.530945454107837
10,71,13.708023950589924
10,72,10.635922886875306
10,73,10.612825765571037
10,74,12.2665149885317
10,75,13.834441656217242
10,76,17.651542762601448
10,77,20.314993858868974
10,78,23.905700434334523
10,79,25.419045246201815
10,80,25.73973565421123
11,1,16.961115805417492
11,2,14.052529755825631
11,3,11.772771575498949
11,4,13.744848856746305
11,5,13.72077386159829
11,6,10.024628299737785
11,7,6.695953026258998
11,8,5.003053605274376
11,9,5.952567840148856
11,10,3.78920552183975
11,12,3.7915988524057784
11,13,6.622895008892171
11,14,8.256993773206235
11,15,6.429713583089079
11,16,9.235508072951475
11,17,11.504760361671028
11,18,13.903980882149725
11,19,17.652398101897038
11,20,20.255689651307314
11,21,23.560710922865365
11,22,26.554954751099135
11,23,30.095897192800926
11,24,31.779207632459656
11,25,30.21716690044972
11,26,27.48361276811501
11,27,28.033916887291422
11,28,24.354515082740264
11,29,21.727331705095636
11,30,18.13505161914786
11,31,17.51900569964095
11,32,14.274395170869603
11,33,14.521381079898086
11,34,12.398730799602099
11,35,11.706453636263065
11,36,13.329833352499868
11,37,15.94657887669085
11,38,14.520583398505059
11,39,11.379825769790171
11,40,9.625912100697203
11,41,11.81807048363302
11,42,12.498870925417295
11,43,13.756265678729223
11,44,10.912174996440404
11,45,13.296494301509018
11,46,13.419831719708547
11,47,15.426334226889786
11,48,18.019796128449013
11,49,19.06092105600532
11,50,16.818754795787203
11,51,15.820088916016777
11,52,13.229582094781332
11,53,15.299629762882775
11,54,15.24679554655595
11,55,16.296048461418362
11,56,19.51811839910872
11,57,21.11188631752669
11,58,24.596958616233753
11,59,25.12153635187733
11,60,28.62021061702904
11,61,29.553527550765057
11,62,32.85918969235918
11,63,37.691532781094516
11,64,34.78074695187252
11,65,32.70101932763153
11,66,29.97596441382445
11,67,27.1162680889966
11,68,24.394526597754076
11,69,20.844659547719598
11,70,17.430696348046002
11,71,15.323148503215517
11,72,11.971742004896601
11,73,11.268285179073349
11,74,11.740555856386848
11,75,12.779530504865795
11,76,16.53466640836927
11,77,18.833682544511877
11,78,22.56897750466345
11,79,23.568311847813295
11,80,23.744158109306962
12,1,17.788074166824686
12,2,14.56664063562607
12,3,13.08064450261387
12,4,15.550175673793659
12,5,15.07617159812162
12,6,11.289916240339009
12,7,8.724112136606491
12,8,5.541453485570124
12,9,5.862814765452517
12,10,5.6975062511326575
12,11,3.7915988524057784
12,13,3.8169253865029362
12,14,4.990887817883161
12,15,4.667040748767927
12,16,7.976219990616878
12,17,11.184162387820619
12,18,13.695110523321953
12,19,17.33800903197421
12,20,20.06926968311419
12,21,23.009738121348693
12,22,26.259773686399512
12,23,29.67390520028775
12,24,30.973168403150744
12,25,29.582844980623285
12,26,27.010413773461092
12,27,27.692848434120165
12,28,24.16069613747026
12,29,21.110656817071803
12,30,17.613231432587376
12,31,16.33541873042729
12,32,12.800976797594036
12,33,12.80554416811012
12,34,10.253213703991236
12,35,10.34284232415501
12,36,11.372387438378453
12,37,13.357735769716335
12,38,11.891957166323406
12,39,8.674863388915538
12,40,7.993903694399373
12,41,10.387360873324733
12,42,11.903638295956917
12,43,13.740322338608879
12,44,11.066636243049375
12,45,12.732613899387651
12,46,12.00064336754971
12,47,13.334985715273634
12,48,15.427806772984137
12,49,16.179361765268823
12,50,13.56040999694525
12,51,12.453857600819218
12,52,9.887172433073797
12,53,11.893236017792626
12,54,12.189047662883327
12,55,13.253871073268364
12,56,16.727653547757622
12,57,18.633371870597013
12,58,22.290624370189768
12,59,23.311560428022144
12,60,26.98078242583841
12,61,28.239666682491094
12,62,31.746054570240346
12,63,36.26136215958244
12,64,33.19369305537189
12,65,30.908062694410482
12,66,27.91362073717788
12,67,25.140339730256308
12,68,22.112296891044842
12,69,18.790640374145667
12,70,15.205054118403847
12,71,13.375253326702893
12,72,9.728584398424257
12,73,8.175040882058854
12,74,8.061146075263125
12,75,9.026935185791602
12,76,12.794537345245995
12,77,15.26680954805701
12,78,18.990062655997768
12,79,20.10835894821334
12,80,20.24592558226391
13,1,21.12728625761299
13,2,18.02452275929617
13,3,16.52792549595666
13,4,19.207751726744114
13,5,18.870584498028865
13,6,15.095476271434862
13,7,12.427938780831386
13,8,9.352262315699164
13,9,9.046984091844378
13,10,8.486527165269429
13,11,6.622895008892171
13,12,3.8169253865029362
13,14,3.8053362654330956
13,15,5.675364977234781
13,16,9.340604777567634
13,17,12.85073962497046
13,18,15.868494551844673
13,19,19.264360276265247
13,20,22.335532804721495
13,21,25.09609764561394
13,22,28.561349133339267
13,23,31.98247970205937
13,24,33.37744139988256
13,25,32.2792206011146
13,26,29.821520484284637
13,27,30.338377560249217
13,28,26.85949712442926
13,29,23.665193845364286
13,30,20.154698477045116
13,31,18.30159051644288
13,32,14.549259103582136
13,33,13.629450881019395
13,34,10.303479608244619
13,35,9.953424087383329
13,36,9.652955153301916
13,37,11.042619970885074
13,38,8.784552803109998
13,39,5.192579352596591
13,40,4.557393607011714
13,41,6.953930752763376
13,42,9.226411035525686
13,43,11.100980818577735
13,44,8.68958738328805
13,45,9.746103822273822
13,46,8.769097165395186
13,47,9.62379198979549
13,48,11.844515312754854
13,49,12.523225649916116
13,50,10.239394620379716
13,51,9.74340054400672
13,52,8.090341402340362
13,53,11.013340496720586
13,54,12.480913807981969
13,55,14.129681732446446
13,56,17.74674429534818
13,57,20.19172508941026
13,58,23.945470500992812
13,59,25.45011409962978
13,60,29.210499917456815
13,61,30.58504570940391
13,62,34.18379758163794
13,63,38.425142857032746
13,64,35.33004469586815
13,65,32.78275977684195
13,66,29.5919033248286
13,67,26.779697473189255
13,68,23.459997372876867
13,69,20.393251903478628
13,70,16.646057943296906
13,71,15.508476222427273
13,72,11.723790467260812
13,73,9.032325037178332
13,74,7.919394671498834
13,75,7.160390114996557
13,76,10.643569543289761
13,77,12.497134055504818
13,78,16.17837053011202
13,79,17.341928555721367
13,80,18.031641306493142
14,1,19.410462276451746
14,2,16.460119296479483
14,3,15.392995741846683
14,4,18.54427905600957
14,5,18.356163698781383
14,6,14.79154526601921
14,7,12.530126568266297
14,8,9.420982814049971
14,9,7.904392194315498
14,10,8.584580700671662
14,11,8.256993773206235
14,12,4.990887817883161
14,13,3.8053362654330956
14,15,3.8251545145274894
14,16,6.60823733423152
14,17,10.342682959264913
14,18,13.24671783871531
14,19,16.365942336633744
14,20,19.48200553370006
14,21,21.968928057382957
14,22,25.552475830916546
14,23,28.89388345092985
14,24,30.27497062408665
14,25,29.437441994227733
14,26,27.104992129217443
14,27,27.47761817091549
14,28,24.11242293854287
14,29,20.78133119971539
14,30,17.35704127029555
14,31,15.082747644218726
14,32,11.29338471281508
14,33,10.112562270660758
14,34,6.745301943554998
14,35,7.298084661389601
14,36,7.260164840205766
14,37,8.572317754396762
14,38,7.521732512165043
14,39,5.139571175715048
14,40,6.658197546370797
14,41,9.784725042553607
14,42,12.68279528400476
14,43,14.210751904674094
14,44,11.466293026501631
14,45,11.569754906558945
14,46,9.426005554434155
14,47,10.33913970361866
14,48,11.501480503819266
14,49,12.63370458651569
14,50,9.655435768755304
14,51,7.7768335234563075
14,52,4.98673837963781
14,53,7.5698984041863415
14,54,8.879907745396032
14,55,11.009800933108199
14,56,14.447094741047016
14,57,17.179510758342417
14,58,20.880125275352274
14,59,22.52465157467663
14,60,26.278866266213853
14,61,27.561958526582405
14,62,31.173944325056336
14,63,35.2547434102463
14,64,32.23192218590197
14,65,29.5133843291087
14,66,26.310961979898916
14,67,23.38282996356709
14,68,20.00298932408961
14,69,16.99627417603473
14,70,13.207737576351779
14,71,12.598528942049986
14,72,8.855407417710769
14,73,5.789706552179355
14,74,5.578143646070712
14,75,5.66144775257096
14,76,9.328987063946027
14,77,11.973379063616695
14,78,15.42887043091598
14,79,17.29983531859981
14,80,17.99720513176773
15,1,16.39463372284312
15,2,13.75599494398534
15,3,12.147771825093418
15,4,15.412071182518474
15,5,15.789766852201739
15,6,12.350976424638803
15,7,9.736794566510959
15,8,7.430315061958027
15,9,4.90019387524772
15,10,5.287139422987812
15,11,6.429713583089079
15,12,4.667040748767927
15,13,5.675364977234781
15,14,3.8251545145274894
15,16,3.7698854712384944
15,17,7.179303982933161
15,18,10.267400593547803
15,19,13.647571968113208
15,20,16.804712804081113
15,21,19.688249366922545
15,22,23.138761458657854
15,23,26.665091033029512
15,24,28.526034824828972
15,25,27.620488267531552
15,26,25.122983365695827
15,27,25.25439310601926
15,28,21.693180003463556
15,29,18.671472930294097
15,30,15.009788904401127
15,31,13.237652542284053
15,32,9.541000366673263
15,33,8.69208102667131
15,34,6.027017419054669
15,35,5.805517556877388
15,36,7.640855144122209
15,37,10.276987879120117
15,38,9.980349661608635
15,39,8.018850641499512
15,40,8.310533457387626
15,41,11.822071633166058
15,42,14.266482848826824
15,43,15.221364206513215
15,44,11.897975070638198
15,45,12.424855412713278
15,46,10.767611881824259
15,47,12.766559273648317
15,48,14.293693209563525
15,49,15.971995064543076
15,50,13.235701036987392
15,51,11.078299519556186
15,52,7.863070080998646
15,53,9.778620204391663
15,54,9.884213723295728
15,55,12.023144427966418
15,56,15.04111997881706
15,57,17.43864484662974
15,58,20.94952621197369
15,59,22.003832652432383
15,60,25.60937971260118
15,61,26.44299918668757
15,62,29.87272779942581
15,63,34.31283718734508
15,64,31.494121050263846
15,65,28.915550661258063
15,66,26.026381656841796
15,67,22.871850814307894
15,68,19.844882124207352
15,69,16.430626207861902
15,70,12.739786492941366
15,71,11.843271424771569
15,72,8.218719629971538
15,73,6.627644024704071
15,74,8.17664404476246
15,75,9.339196087400245
15,76,13.024126360095254
15,77,15.785789481663345
15,78,19.188514556624103
15,79,21.12468640419618
15,80,21.74319380727956
16,1,14.009512321528845
16,2,11.8674400184303
16,3,10.589421316490922
16,4,14.269128531107516
16,5,15.071744798530755
16,6,12.196642140073411
16,7,10.193510251853644
16,8,8.675598203386544
16,9,5.037461513301221
16,10,6.7121000275970575
16,11,9.235508072951475
16,12,7.976219990616878
16,13,9.340604777567634
16,14,6.60823733423152
16,15,3.7698854712384944
16,17,3.7773077317477877
16,18,6.758641135387566
16,19,9.949272913992596
16,20,13.19136107460132
16,21,16.003036080364364
16,22,19.507321608691303
16,23,23.05077568806863
16,24,25.156893549385092
16,25,24.487313090206083
16,26,22.046518649819742
16,27,21.884654555661086
16,28,18.350390899736375
16,29,15.38069315442092
16,30,11.700291246933695
16,31,9.764948899789742
16,32,6.1748073431762815
16,33,5.348169338128103
16,34,4.078611107696172
16,35,4.840053773541186
16,36,7.991526217722985
16,37,10.744912443250884
16,38,11.731540639408236
16,39,10.785804693229862
16,40,11.677562037912631
16,41,15.345990653334951
16,42,17.961676025769435
16,43,18.686592134479085
16,44,15.20678777804435
16,45,15.322841467686732
16,46,13.263644251020988
16,47,15.389891694111466
16,48,16.30901050862818
16,49,18.3044546568333
16,50,15.36696719973612
16,51,12.48043543172762
16,52,8.856279385977054
16,53,9.59281186777202
16,54,8.606606259899054
16,55,10.960551464025018
16,56,13.24058231657401
16,57,15.585278258873497
16,58,18.79526034920406
16,59,19.609641762628932
16,60,23.05567073695345
16,61,23.526927405451246
16,62,26.839140766670454
16,63,31.290329566177487
16,64,28.67142560018888
16,65,26.026627735236712
16,66,23.34064920153427
16,67,19.979079500495118
16,68,17.174616625067298
16,69,13.642148473957837
16,70,10.13797226419482
16,71,9.748070655209162
16,72,6.761467075703117
16,73,6.41597641895502
16,74,9.410220196610563
16,75,11.335739545534492
16,76,14.710981990941741
16,77,17.825607285106454
16,78,20.928292527334104
16,79,23.268347309771976
16,80,23.822304334664143
17,1,11.980521065096395
17,2,10.826860822203875
17,3,9.292833760024324
17,4,13.074515069996025
17,5,14.69171636886669
17,6,12.533364500794939
17,7,10.80299888403213
17,8,10.555646007639384
17,9,6.778733498475775
17,10,8.11327446587248
17,11,11.504760361671028
17,12,11.184162387820619
17,13,12.85073962497046
17,14,10.342682959264913
17,15,7.179303982933161
17,16,3.7773077317477877
17,18,3.75952770820381
17,19,6.768848833919712
17,20,10.18948034070727
17,21,13.303864017234863
17,22,16.666321929997615
17,23,20.368305542984807
17,24,23.143169764017678
17,25,22.6594042576928
17,26,20.18545326308764
17,27,19.51736114149246
17,28,15.89607597135777
17,29,13.41854713684584
17,30,9.682232628171604
17,31,8.29881795660918
17,32,5.746665832734841
17,33,5.305160988813402
17,34,6.247196293233296
17,35,6.331838001857245
17,36,10.098134224434842
17,37,13.11994008330439
17,38,14.676450765091538
17,39,14.171831817500237
17,40,14.806703529556199
17,41,18.554148038664778
17,42,21.042158198460765
17,43,21.354405467173443
17,44,17.684016893240617
17,45,17.75256962338577
17,46,15.851759253154214
17,47,18.388730742021117
17,48,19.259878781408176
17,49,21.594611597469584
17,50,18.79290620096311
17,51,15.729469644878229
17,52,12.172584429608127
17,53,12.472899597556761
17,54,10.883131812235243
17,55,13.103991747121144
17,56,14.544256687019535
17,57,16.527026485347157
17,58,19.23952494120998
17,59,19.495307649426458
17,60,22.59268011327254
17,61,22.449770908726393
17,62,25.45067202086915
17,63,30.077175545126003
17,64,27.80569215710481
17,65,25.24560597340978
17,66,22.98956850702053
17,67,19.429583598686115
17,68,17.152594383470365
17,69,13.53202672508206
17,70,10.650680482265217
17,71,10.562228865181778
17,72,8.697230144160422
17,73,9.543112914333234
17,74,12.924644023997073
17,75,15.02579478156649
17,76,18.266141460066
17,77,21.40747945310862
17,78,24.360021670349305
17,79,26.869705543192236
17,80,27.45678049952985
18,1,9.024816776413811
18,2,8.581239425928764
18,3,7.935336877649715
18,4,11.585516804850576
18,5,13.307279289559892
18,6,12.03473807402337
18,7,11.378177537954318
18,8,11.718012117170563
18,9,8.387638022807135
18,10,10.471311081014301
18,11,13.903980882149725
18,12,13.695110523321953
18,13,15.868494551844673
18,14,13.24671783871531
18,15,10.267400593547803
18,16,6.758641135387566
18,17,3.75952770820381
18,19,3.782210824877397
18,20,6.6387964185283295
18,21,9.926332300894737
18,22,13.131174936802063
18,23,16.828081360205324
18,24,19.593082677596414
18,25,19.041177048751347
18,26,16.541578510900486
18,27,15.802858565663097
18,28,12.149167921690168
18,29,9.832158010653568
18,30,6.123094551122704
18,31,5.62859160677865
18,32,4.803105358963726
18,33,6.318647385564471
18,34,8.823716025832221
18,35,9.830576374239543
18,36,13.47967333943232
18,37,16.14943009841063
18,38,17.983224882300494
18,39,17.492134924758414
18,40,18.298297584419704
18,41,21.981579173533923
18,42,24.37298602504195
18,43,24.887186221923766
18,44,21.246367480190855
18,45,21.47052463559502
18,46,19.54054228983684
18,47,21.92032127890677
18,48,22.579598021203154
18,49,24.7540483935493
18,50,21.715538461032608
18,51,18.462101827568752
18,52,14.77728106981408
18,53,14.229362201374437
18,54,11.74329327261557
18,55,13.21032992453253
18,56,13.821423118112433
18,57,15.109427526323733
18,58,17.298782977377833
18,59,16.96519889294979
18,60,19.748517872730602
18,61,19.244856220734558
18,62,22.057543934210123
18,63,26.84755076468612
18,64,24.738145218805915
18,65,22.380980042159806
18,66,20.475168752555525
18,67,16.93713293754162
18,68,15.228213118716074
18,69,11.579349909428535
18,70,9.533180604208344
18,71,9.327712932084184
18,72,8.847967489905116
18,73,10.973061647420796
18,74,14.672429843696433
18,75,17.369575226021308
18,76,20.462274734620213
18,77,23.86485435752501
18,78,26.720564921450922
18,79,29.24206326999143
18,80,29.4937506788126
19,1,10.03825997116939
19,2,10.746203559627435
19,3,10.702959710342943
19,4,13.942398504603744
19,5,15.879076143424626
19,6,15.232548160637323
19,7,14.949801848767828
19,8,15.440227276467558
19,9,12.153752920866348
19,10,14.166609588621418
19,11,17.652398101897038
19,12,17.33800903197421
19,13,19.264360276265247
19,14,16.365942336633744
19,15,13.647571968113208
19,16,9.949272913992596
19,17,6.768848833919712
19,18,3.782210824877397
19,20,3.772633296089223
19,21,6.7331528955227355
19,22,10.03829708188125
19,23,13.770427796001497
19,24,17.17719201806549
19,25,17.225772197270583
19,26,15.000467774797904
19,27,13.527947806115238
19,28,10.152795111636486
19,29,8.38054946649393
19,30,5.570784983511249
19,31,5.2054062819067255
19,32,6.4921067433326805
19,33,7.584129977485283
19,34,10.927878469376001
19,35,12.018546881360203
19,36,15.46635667411104
19,37,17.8457955204999
19,38,20.244073471216566
19,39,20.308740401784313
19,40,21.40949274118434
19,41,25.17101313864432
19,42,27.758203352592396
19,43,28.106503446310445
19,44,24.424161610608316
19,45,24.294606597998587
19,46,22.12704301784444
19,47,24.4886892518647
19,48,24.759913057836666
19,49,27.11675923022794
19,50,24.10733957542219
19,51,20.614110918822874
19,52,17.085204584255017
19,53,16.07515981377102
19,54,13.40665092286637
19,55,14.883725215187276
19,56,14.583837253522049
19,57,15.705004213177387
19,58,17.207815821392643
19,59,16.6321616112966
19,60,18.92829212949142
19,61,17.819309284682717
19,62,20.28024584792065
19,63,24.874249973694628
19,64,23.175834356666446
19,65,20.73660988061961
19,66,19.250535123120407
19,67,15.58628315055283
19,68,14.442851631206807
19,69,11.23952962183842
19,70,10.21234605695677
19,71,10.98063333821984
19,72,11.46508274049191
19,73,13.6588557402068
19,74,17.444558467783875
19,75,20.103669690821867
19,76,22.862544973661084
19,77,26.270459627217072
19,78,28.82092706401956
19,79,31.607177947334087
19,80,31.93499271697425
20,1,8.837482930465507
20,2,10.536618791292293
20,3,11.381402029329772
20,4,13.915516469233573
20,5,15.770246949255002
20,6,15.998868082456417
20,7,16.518075295482483
20,8,17.384455741303096
20,9,14.571038573996924
20,10,16.838175646809237
20,11,20.255689651307314
20,12,20.06926968311419
20,13,22.335532804721495
20,14,19.48200553370006
20,15,16.804712804081113
20,16,13.19136107460132
20,17,10.18948034070727
20,18,6.6387964185283295
20,19,3.772633296089223
20,21,3.7926303884362786
20,22,6.533809603410053
20,23,10.308774223346301
20,24,13.8416906100089
20,25,13.840435319016613
20,26,11.646847324190444
20,27,9.878386073013214
20,28,6.532029767146725
20,29,5.648125774450683
20,30,4.365887841446903
20,31,6.002860504671876
20,32,8.810605113711196
20,33,10.782382808329706
20,34,14.30303126383056
20,35,15.706895461175765
20,36,19.127895593828956
20,37,21.351719664480324
20,38,23.764490053973233
20,39,23.704641968334542
20,40,24.820482877092044
20,41,28.524130018844744
20,42,30.99062523186794
20,43,31.501272319850138
20,44,27.8385077485582
20,45,27.9001463205668
20,46,25.78144846945271
20,47,28.060651450006887
20,48,28.2812070408886
20,49,30.481435270822534
20,50,27.322729434277424
20,51,23.79301583165543
20,52,20.216233402741015
20,53,18.789651550994197
20,54,15.696002349758201
20,55,16.448498205897387
20,56,15.492001612989835
20,57,15.766736452816154
20,58,16.523770633303627
20,59,15.193081287461617
20,60,16.877732781535283
20,61,15.207744594225337
20,62,17.25749885193427
20,63,22.034229875510718
20,64,20.62684415013159
20,65,18.554611342147258
20,66,17.654892818006104
20,67,14.22570644672104
20,68,14.004769944786144
20,69,11.189986639370572
20,70,11.344764991911086
20,71,11.846564986158812
20,72,13.330567465786324
20,73,16.133303762203802
20,74,19.913665342315145
20,75,22.90740569833543
20,76,25.57610131150785
20,77,29.124595934405356
20,78,31.626501524236556
20,79,34.344841916591676
20,80,34.38159942267389
21,1,11.620038922704284
21,2,13.341379343640941
21,3,14.809919404143642
21,4,17.13468620582299
21,5,18.62553082451284
21,6,19.07192953909493
21,7,19.909640328506526
21,8,20.490439417982515
21,9,17.73318959295657
21,10,20.268275529323525
21,11,23.560710922865365
21,12,23.009738121348693
21,13,25.09609764561394
21,14,21.968928057382957
21,15,19.688249366922545
21,16,16.003036080364364
21,17,13.303864017234863
21,18,9.926332300894737
21,19,6.7331528955227355
21,20,3.7926303884362786
21,22,3.809459200275679
21,23,7.192641034121572
21,24,10.80497539985126
21,25,11.61667089438584
21,26,10.043775960006256
21,27,7.6993258993237585
21,28,5.545589606415587
21,29,5.250194455249614
21,30,6.280590861443697
21,31,7.271429804586615
21,32,10.800094278376514
21,33,12.626510893233608
21,34,16.3987007207769
21,35,18.21149567777108
21,36,21.316117619652275
21,37,23.075736064498003
21,38,25.811629280140323
21,39,26.080554837615665
21,40,27.586255760939753
21,41,31.28651333440603
21,42,33.94975599867361
21,43,34.56379236898646
21,44,30.94511869949719
21,45,30.76157142556606
21,46,28.35831495362159
21,47,30.38689374547725
21,48,30.197284170585363
21,49,32.32360770901218
21,50,29.09070656757171
21,51,25.41641086629802
21,52,22.009084940698525
21,53,20.059564227445847
21,54,16.821264992899224
21,55,17.302993780762815
21,56,15.530342252285571
21,57,15.487435612968854
21,58,15.435470982797032
21,59,13.973525300200352
21,60,15.043519105095617
21,61,12.890478864372858
21,62,14.606857439221306
21,63,18.97779557116108
21,64,17.910648752097174
21,65,15.747327466364384
21,66,15.288950481640388
21,67,11.972473210840038
21,68,12.512934362416575
21,69,10.598037212019202
21,70,11.890769655339641
21,71,13.080845981971324
21,72,15.255642910987548
21,73,18.046928468501253
21,74,21.750306196821686
21,75,24.77234327301649
21,76,27.049296067664752
21,77,30.616446818915612
21,78,32.80128415785908
21,79,35.66086644482331
21,80,35.61647153697405
22,1,12.650175120205011
22,2,15.089792684435077
22,3,16.763775620395702
22,4,18.427112162097526
22,5,19.9878218202389
22,6,21.079060517630225
22,7,22.289744459828384
