1,2,3.832226072348372
1,3,5.552016118523863
1,4,5.514803317391986
1,5,6.030572907716605
1,6,8.55881653326064
1,7,9.957058137290968
1,8,10.450720490209434
1,9,12.135534878439852
1,10,14.287514061776125
1,11,15.460898569423124
1,12,16.560001030364003
1,13,18.084968527521195
1,14,19.780076337705648
1,15,21.471543399041668
1,16,22.571176556673723
1,17,23.914154943802895
1,18,25.728179786503866
1,19,27.393341201558467
1,20,28.33572802899902
1,21,29.15699848803841
1,22,31.707729631215578
1,23,33.203538525646245
1,24,33.571521040350675
1,25,35.0305925873469
1,26,37.80205319569901
1,27,38.53124219924597
1,28,38.68970361299946
1,29,40.750588805343966
1,30,43.29256405287705
1,31,46.094659810449436
1,32,46.04161503005721
1,33,48.79267534185387
1,34,47.7385675181692
1,35,44.173459992954264
1,36,42.86151763837486
1,37,39.35888182658482
1,38,40.8648979908833
1,39,39.792883949607145
1,40,36.36688615639578
1,41,35.946467238531106
1,42,36.661972431762884
1,43,34.78415202672861
1,44,31.607195305603888
1,45,32.31020580219039
1,46,32.9467328754157
1,47,29.475909108099884
1,48,27.81808580351194
1,49,30.266253025968535
1,50,29.310805119631
1,51,25.49874468486923
1,52,25.809599413969842
1,53,28.727367727611114
1,54,30.882776150212614
1,55,34.04288558764069
1,56,36.73059175848519
1,57,38.51450236089782
1,58,39.85115448617001
1,59,38.566843872390386
1,60,37.705496145357465
1,61,38.12979038359909
1,62,41.44295481570981
1,63,40.83296873816868
1,64,39.134155857241126
1,65,36.7637613926608
1,66,36.14401639302518
1,67,35.20512610291813
1,68,32.93889324274664
1,69,31.198127654473872
1,70,31.041139517995852
1,71,29.260293661349014
1,72,26.537013764921763
1,73,26.041912023335257
1,74,26.05257924220121
1,75,23.579859186636327
1,76,21.176880479696294
1,77,21.529396087434137
1,78,21.358743078180147
1,79,18.32649077593881
1,80,16.295905961449826
1,81,17.486036397610576
1,82,16.526338830826585
1,83,12.906708095529149
1,84,12.877849497046126
1,85,14.74442434061901
1,86,12.643491337596364
1,87,9.427973519348402
1,88,11.928973550995396
1,89,13.165058632033006
1,90,10.051825049208981
1,91,9.73349553684041
1,92,13.490193772102254
1,93,13.895081220232326
1,94,11.791271361848635
1,95,13.614566993689488
1,96,16.900604682391183
1,97,16.745087280136293
1,98,16.333991997498455
1,99,19.11628458068046
1,100,21.181345414587874
1,101,20.6027764320203
1,102,19.39088431821617
2,1,3.832226072348372
2,3,3.823688998745864
2,4,5.59870967156828
2,5,4.8773080680334635
2,6,5.9312134924296185
2,7,8.444067557513
2,8,9.666811723490735
2,9,10.34629536086604
2,10,12.098297793993355
2,11,14.108521406566371
2,12,15.267438083233456
2,13,16.031880800750358
2,14,17.86541689095085
2,15,20.064925969249657
2,16,20.820946054398465
2,17,21.732444652676307
2,18,23.90216324958667
2,19,25.741754368419677
2,20,26.281806955667776
2,21,26.932100549896454
2,22,29.776995129988446
2,23,31.209269386359576
2,24,31.207185728878596
2,25,32.672907479378175
2,26,35.63494820685417
2,27,36.18087064047904
2,28,36.08640045492249
2,29,38.27092246967875
2,30,40.945987791464574
2,31,43.57219921022083
2,32,43.44604355516952
2,33,46.3027460184155
2,34,45.38162503933252
2,35,41.84421888714315
2,36,40.79410930302031
2,37,37.273498649081745
2,38,38.86049683808787
2,39,38.093746229551684
2,40,34.80224714444471
2,41,34.679686426748404
2,42,35.19300680698492
2,43,33.01494662402896
2,44,30.08073602095744
2,45,30.92693013912361
2,46,31.165338852537392
2,47,27.586228976325874
2,48,26.280080483192148
2,49,28.607488115046625
2,50,27.23269698039985
2,51,23.457663669255904
2,52,24.115968276013316
2,53,26.76634655353099
2,54,29.275407547017632
2,55,32.19211962439246
2,56,35.067653011518715
2,57,36.56977347926187
2,58,38.08560151143941
2,59,36.592789556123506
2,60,35.41698141086065
2,61,35.61423510012447
2,62,38.778127141922056
2,63,37.992282924332045
2,64,36.084947692250246
2,65,33.809103017663894
2,66,33.422157031615534
2,67,32.330171370159846
2,68,29.892314220401914
2,69,28.41496589223516
2,70,28.37243616188002
2,71,26.31857015009793
2,72,23.605855196096538
2,73,23.505383301341706
2,74,23.45234603811636
2,75,20.668935493937788
2,76,18.513476811499203
2,77,19.30219747120002
2,78,18.87547538200985
2,79,15.536277961105684
2,80,14.069496320012776
2,81,15.654910908239541
2,82,14.268060611139886
2,83,10.613269707985921
2,84,11.651956511875696
2,85,13.600375293073446
2,86,11.081026884265606
2,87,8.670277171865411
2,88,12.042772051006786
2,89,12.926285226916884
2,90,10.064150392362215
2,91,11.019622468840504
2,92,14.65388476813129
2,93,14.666720418581606
2,94,13.292985753135518
2,95,15.710411502651915
2,96,18.537334591476828
2,97,18.302316485678528
2,98,18.601565497310506
2,99,21.383167865045003
2,100,23.10896259247817
2,101,22.809367679250077
2,102,21.088030246314446
3,1,5.552016118523863
3,2,3.823688998745864
3,4,3.8176066053513646
3,5,5.385196240336931
3,6,5.046636872882602
3,7,5.980652194464284
3,8,8.369338183165462
3,9,9.825778569374794
3,10,10.575087374851405
3,11,12.196712364705409
3,12,14.225982025030026
3,13,15.087572391672289
3,14,16.141345475531697
3,15,18.49785074079555
3,16,19.837245637664733
3,17,20.436160497902037
3,18,22.17973637463658
3,19,24.42094160534703
3,20,25.283735231092006
3,21,25.49739032664732
3,22,28.201630915299017
3,23,30.04226199023341
3,24,30.094175938058996
3,25,31.155466578771076
3,26,34.176414778159945
3,27,35.07065946827737
3,28,34.846740071463955
3,29,36.72068985776469
3,30,39.51902586977404
3,31,42.23442464292077
3,32,41.85272473573761
3,33,44.51171064940074
3,34,43.324098792993574
3,35,39.8694106004766
3,36,38.65713357675745
3,37,35.260694442532404
3,38,37.1048462954847
3,39,36.36288208382096
3,40,33.17087073141779
3,41,32.77092595308417
3,42,33.009627901956385
3,43,31.017312964173776
3,44,28.073347337999294
3,45,28.524075499806347
3,46,28.75440650137484
3,47,25.342617424913442
3,48,23.71592356285627
3,49,25.790912073881312
3,50,24.58041549788647
3,51,20.80629329401639
3,52,21.04541724830499
3,53,23.679746426398722
3,54,26.042129755952402
3,55,29.07463217818561
3,56,31.969520941481218
3,57,33.6766535555049
3,58,35.28935180703751
3,59,34.06151592671392
3,60,33.035883290262916
3,61,33.556035159568836
3,62,36.78581135188412
3,63,36.33381708716651
3,64,34.631352189561966
3,65,32.54776196787261
3,66,31.826625976960422
3,67,30.548085309247057
3,68,28.4486666712103
3,69,26.930221930716502
3,70,26.418047595361568
3,71,24.44032586989354
3,72,22.05101349525307
3,73,21.551039397077613
3,74,21.09371156988815
3,75,18.580693567016038
3,76,16.5517929244467
3,77,16.714788808418362
3,78,16.088197500670777
3,79,13.117371117747872
3,80,11.39748157531239
3,81,12.353959468742344
3,82,11.026483366431696
3,83,7.462735510678018
3,84,8.043023927355032
3,85,9.814908842877509
3,86,7.538920174685939
3,87,4.899854396107153
3,88,8.420812569629321
3,89,9.580069664531857
3,90,7.382537613017178
3,91,8.473509567377906
3,92,11.92557150357734
3,93,12.412195993307856
3,94,11.870073528785394
3,95,14.021743636060409
3,96,16.579694010295345
3,97,16.984459288192365
3,98,17.68575095064348
3,99,19.96140271111931
3,100,21.858445776023977
3,101,22.176807626877483
3,102,20.59048045881703
4,1,5.514803317391986
4,2,5.59870967156828
4,3,3.8176066053513646
4,5,3.822859128354415
4,6,5.324447706317808
4,7,4.846470453777452
4,8,5.707445879778175
4,9,8.288630487046719
4,10,9.743865076476604
4,11,10.33111696586983
4,12,12.074735330223703
4,13,13.82000765959047
4,14,14.881464580188068
4,15,16.561583639868033
4,16,18.168964383459848
4,17,19.36288397251069
4,18,20.770623929632933
4,19,22.686575012864587
4,20,23.961789598272166
4,21,24.4938521535366
4,22,26.85357524517677
4,23,28.663877347233697
4,24,29.179741021710516
4,25,30.34073953943577
4,26,33.076255050837794
4,27,34.122594694940915
4,28,34.28946049018263
4,29,36.076232416697714
4,30,38.63661957428577
4,31,41.56650230085533
4,32,41.386603725832686
4,33,43.968147229044995
4,34,42.72947496969178
4,35,39.1937347665895
4,36,37.71061312999203
4,37,34.276265645324614
4,38,35.89578565748188
4,39,34.785686664677556
4,40,31.41582252753351
4,41,30.806418652051523
4,42,31.37699000247114
4,43,29.635151604476434
4,44,26.420547121382576
4,45,26.925939378285523
4,46,27.62944878220382
4,47,24.257921914855544
4,48,22.411731541461542
4,49,24.85322385553198
4,50,24.0929437327671
4,51,20.286104294399255
4,52,20.4739054859288
4,53,23.55753964593019
4,54,25.56305208895091
4,55,28.7837071989407
4,56,31.351182732723565
4,57,33.20842105782683
4,58,34.452004271671775
4,59,33.271920769217
4,60,32.59491799980555
4,61,33.24071226558783
4,62,36.667545909967444
4,63,36.32816837367035
4,64,34.92548709869552
4,65,32.587633228807704
4,66,31.602566461922923
4,67,30.71353262502075
4,68,28.774949333985564
4,69,26.791753046996742
4,70,26.341026808200457
4,71,24.870745744700518
4,72,22.27228640565147
4,73,21.28641440702719
4,74,21.2833843900517
4,75,19.23042704891146
4,76,16.60184727794262
4,77,16.49268955500449
4,78,16.68365590265341
4,79,14.039578230097554
4,80,11.402202518225753
4,81,12.533136107094805
4,82,12.363824205683716
4,83,8.75228901753366
4,84,8.002042390942995
4,85,10.674499270877316
4,86,9.671485656558698
4,87,6.24084368724207
4,88,8.777185678415645
4,89,11.196710495636482
4,90,9.503895916224854
4,91,9.086420965728568
4,92,12.656083214568259
4,93,14.11312188598292
4,94,13.304111417771928
4,95,14.560167474374124
4,96,17.55982262543271
4,97,18.459122051305073
4,98,18.546390938830736
4,99,20.538738796326747
4,100,22.978981193838603
4,101,23.241309403105376
4,102,22.22841188392944
5,1,6.030572907716605
5,2,4.8773080680334635
5,3,5.385196240336931
5,4,3.822859128354415
5,6,3.824025996978928
5,7,5.614549041440981
5,8,5.184591630411486
5,9,6.121439158873997
5,10,8.677937166863083
5,11,10.063900088962624
5,12,10.739123679032657
5,13,12.104192988338456
5,14,14.084993950522149
5,15,15.76258113613801
5,16,16.59434596414094
5,17,18.005383788538783
5,18,19.976903418573404
5,19,21.50427085171618
5,20,22.328540978700765
5,21,23.277475363443095
5,22,25.85633060827847
5,23,27.221065472950396
5,24,27.60903395203276
5,25,29.191460350777533
5,26,31.896588775003366
5,27,32.55528019103308
5,28,32.82598327058432
5,29,34.94785312593549
5,30,37.39345630729726
5,31,40.21123326142849
5,32,40.296754382655045
5,33,43.102507144765916
5,34,42.18344063809293
5,35,38.55564640249424
5,36,37.306134081011706
5,37,33.72605522817791
5,38,35.07128190593355
5,39,34.0200996623394
5,40,30.590497496952775
5,41,30.404061191181864
5,42,31.211378958943403
5,43,29.15501446052735
5,44,26.041936668247505
5,45,27.0764002026797
5,46,27.650022796516357
5,47,24.051944642117956
5,48,22.73486512188473
5,49,25.458058243622304
5,50,24.377409873189876
5,51,20.59542066515355
5,52,21.467408834526076
5,53,24.50799570229895
5,54,26.799394540097282
5,55,29.773819996366537
5,56,32.33364252298775
5,57,33.825240339444235
5,58,34.96146505686887
5,59,33.383576233366355
5,60,32.46751885701007
5,61,32.693642344383925
5,62,36.03935780546724
5,63,35.31974614903247
5,64,33.72220437057025
5,65,31.15891418876239
5,66,30.51712027481654
5,67,29.859657328631993
5,68,27.565793184957766
5,69,25.589097962355737
5,70,25.678918812207893
5,71,24.16201191442675
5,72,21.17485641610082
5,73,20.63286145187042
5,74,21.157212476746192
5,75,18.813832447730235
5,76,15.980384500614047
5,77,16.712482586829775
5,78,17.211768747004925
5,79,14.104313347686332
5,80,11.805127962652955
5,81,13.954684940066924
5,82,13.744328262852608
5,83,9.947074626649536
5,84,10.299454443636346
5,85,13.358944991155743
5,86,12.06494986383399
5,87,9.276570652410193
5,88,12.327348864639665
5,89,14.444753186465165
5,90,12.502229656195112
5,91,12.6126009168413
5,92,16.2647530723815
5,93,17.313778336672485
5,94,16.262393605783092
5,95,17.882666630988314
5,96,20.93852559227578
5,97,21.4366089365713
5,98,21.459595148929324
5,99,23.785883526173304
5,100,26.05647748817805
5,101,25.988316584557246
5,102,24.748016270733103
6,1,8.55881653326064
6,2,5.9312134924296185
6,3,5.046636872882602
6,4,5.324447706317808
6,5,3.824025996978928
6,7,3.846080602990503
6,8,5.468865707832875
6,9,5.207663193583605
6,10,6.189270379407177
6,11,8.63531446909981
6,12,10.01346405064564
6,13,10.34977265026562
6,14,11.989783779682051
6,15,14.445376221767097
6,16,15.2296425913184
6,17,15.883723768028839
6,18,18.033971988543488
6,19,20.033471932565508
6,20,20.582085020293206
6,21,21.05125717876154
6,22,23.901437524574153
6,23,25.449739111703295
6,24,25.440907046285247
6,25,26.788982334647645
6,26,29.759986685125153
6,27,30.42308911169129
6,28,30.325996333952684
6,29,32.41035731128527
6,30,35.08929128039069
6,31,37.771095402991605
6,32,37.62121865759025
6,33,40.43421620543551
6,34,39.4970837224643
6,35,35.94078839900288
6,36,34.87870715126641
6,37,31.346019311765215
6,38,32.94373043518846
6,39,32.24285081158067
6,40,29.021057935567335
6,41,28.988633792237824
6,42,29.403975366550984
6,43,27.12851184970845
6,44,24.28009531166126
6,45,25.224872581728903
6,46,25.346209921745125
6,47,21.716701031563545
6,48,20.603921151216404
6,49,23.03306239135855
6,50,21.567998304389686
6,51,17.808414282700745
6,52,18.842555418166548
6,53,21.570954536798766
6,54,24.170377972099118
6,55,26.948106682924873
6,56,29.72999170304025
6,57,31.045913840845643
6,58,32.4443570011172
6,59,30.802123230009418
6,60,29.623067354307086
6,61,29.791923507966636
6,62,33.02332148411924
6,63,32.30271251584152
6,64,30.577543948615872
6,65,28.225948734183127
6,66,27.648935006259233
6,67,26.692334999722803
6,68,24.384098360821035
6,69,22.6777668304309
6,70,22.613922303663976
6,71,20.80423214864487
6,72,17.987297474307606
6,73,17.671307029744032
6,74,17.88201301397177
6,75,15.295849376766872
6,76,12.773824645926755
6,77,13.701802574733124
6,78,13.807861550768646
6,79,10.48242653358385
6,80,8.68624112643216
6,81,11.093138391821164
6,82,10.511302564679308
6,83,6.792746387286709
6,84,8.249247968054599
6,85,11.245758173016073
6,86,9.869355057020533
6,87,8.150833741647299
6,88,11.612546366953728
6,89,13.375736850460685
6,90,12.029842688855357
6,91,13.051250569720706
6,92,16.357806213165507
6,93,17.179537977184836
6,94,16.890713444682106
6,95,18.84224752985043
6,96,21.41170946734268
6,97,22.002878372377047
6,98,22.66512119315142
6,99,24.843624360051077
6,100,26.861226284479855
6,101,27.19292357704987
6,102,25.61731446834902
7,1,9.957058137290968
7,2,8.444067557513
7,3,5.980652194464284
7,4,4.846470453777452
7,5,5.614549041440981
7,6,3.846080602990503
7,8,3.83251247597775
7,9,5.579115394001997
7,10,5.347450152351348
7,11,6.255961814237284
7,12,8.778957550152638
7,13,9.87381116497814
7,14,10.406897119705812
7,15,12.61563195719773
7,16,14.320947009298258
7,17,14.978900450759927
7,18,16.371348980664166
7,19,18.647188151118513
7,20,19.83045662885778
7,21,19.992835396017878
7,22,22.459717704305046
7,23,24.447434174549258
7,24,24.778556844950092
7,25,25.733123012685
7,26,28.59408455177995
7,27,29.720446376295946
7,28,29.710261506363242
7,29,31.40477436980878
7,30,34.07518056841223
7,31,36.96630100090234
7,32,36.65971193528642
7,33,39.21711754109669
7,34,37.96622192969068
7,35,34.453395870673155
7,36,33.0568236282408
7,37,29.63472648429303
7,38,31.38652236146702
7,39,30.492821714221265
7,40,27.268870770004927
7,41,26.795934600389536
7,42,27.104523200300637
7,43,25.185681524028013
7,44,22.146314419667178
7,45,22.666388550103417
7,46,23.071624334113526
7,47,19.64336517446626
7,48,17.989617824134594
7,49,20.37265364358068
7,50,19.374871946030922
7,51,15.561584408519272
7,52,16.05577449593022
7,53,19.081624167533402
7,54,21.30918782650652
7,55,24.356690056621947
7,56,26.984708300928737
7,57,28.6331344019774
7,58,29.934238342927202
7,59,28.616808026642552
7,60,27.810091506421195
7,61,28.417432559153614
7,62,31.829835452011306
7,63,31.536309105814635
7,64,30.19980096299045
7,65,27.931550480494018
7,66,26.846845010126557
7,67,25.906305370192023
7,68,24.078785940923733
7,69,22.07691037059314
7,70,21.50835993719207
7,71,20.095823764146726
7,72,17.56693648622289
7,73,16.466816246570236
7,74,16.465175395836958
7,75,14.526768830915948
7,76,11.805075468184235
7,77,11.69592565922201
7,78,12.12241696895052
7,79,9.562800692113553
7,80,6.661383215005271
7,81,8.422894166812544
7,82,8.851593620177285
7,83,5.401292428535363
7,84,5.178420722630969
7,85,8.757913486042161
7,86,8.646389253882134
7,87,6.682690079050702
7,88,9.324815544163044
7,89,11.87893021819792
7,90,11.453667153860533
7,91,11.859076043727471
7,92,14.808973840191838
7,93,16.376438490938234
7,94,16.557420123766455
7,95,17.879768929576237
7,96,20.34406201810462
7,97,21.58595831850556
7,98,22.250088734090056
7,99,23.901477660518452
7,100,26.234565331547657
7,101,26.974549927525192
7,102,25.76471160319814
8,1,10.450720490209434
8,2,9.666811723490735
8,3,8.369338183165462
8,4,5.707445879778175
8,5,5.184591630411486
8,6,5.468865707832875
8,7,3.83251247597775
8,9,3.82288124138103
8,10,5.624453111652414
8,11,5.297639006240378
8,12,6.401941903733536
8,13,8.66171085535189
8,14,9.877255690583949
8,15,11.075009658513164
8,16,12.616944519125527
8,17,14.212984678296284
8,18,15.546260560142917
8,19,17.136538692252266
8,20,18.536230458342068
8,21,19.35483201244464
8,22,21.54107029065858
8,23,23.20177236831878
8,24,23.98212527032966
8,25,25.308971682960042
8,26,27.821371471194187
8,27,28.86879882527391
8,28,29.342018906603943
8,29,31.142108396745616
8,30,33.48056998083756
8,31,36.517930904270074
8,32,36.57751890307864
8,33,39.17732750705285
8,34,38.06346041645212
8,35,34.43266311160246
8,36,32.894439319917545
8,37,29.36538374648263
8,38,30.70083955631038
8,39,29.43238637037079
8,40,25.96829857649825
8,41,25.506297740969572
8,42,26.347467794146578
8,43,24.53776672735014
8,44,21.254594697774536
8,45,22.160480459009314
8,46,23.034174376749068
8,47,19.557509595450583
8,48,17.992929288745692
8,49,20.919666988017703
8,50,20.25355173860506
8,51,16.52582167720518
8,52,17.32898478440864
8,53,20.697920930570422
8,54,22.652193280178047
8,55,25.708672231780962
8,56,27.964060595749988
8,57,29.55973460046613
8,58,30.41283950242756
8,59,28.942415871838943
8,60,28.372704956351573
8,61,28.861966697047713
8,62,32.39381371682998
8,63,31.99068924148906
8,64,30.836592483375153
8,65,28.206008009256973
8,66,27.078376165076474
8,67,26.675616630493874
8,68,24.81199943931827
8,69,22.37977144751352
8,70,22.21737282784394
8,71,21.304261797662633
8,72,18.390925194935072
8,73,17.093585201314777
8,74,17.886271529393902
8,75,16.285472973102667
8,76,12.97527837242205
8,77,13.111767711960535
8,78,14.488426419396362
8,79,12.129967442991363
8,80,8.920430950660862
8,81,11.150856251352584
8,82,12.335064779652699
8,83,9.116171306444286
8,84,8.413930013769608
8,85,12.15525169637426
8,86,12.371184270311495
8,87,9.908389442604006
8,88,12.101911211945875
8,89,15.08308780830502
8,90,14.385796563951693
8,91,14.062539426925612
8,92,17.22183888149595
8,93,19.113522271348803
8,94,18.78060844507904
8,95,19.730603805459644
8,96,22.5967669780987
8,97,23.87705251931767
8,98,24.00400208509019
8,99,25.68865390430674
8,100,28.316300618838838
8,101,28.767014939221607
8,102,27.864613290679504
9,1,12.135534878439852
9,2,10.34629536086604
9,3,9.825778569374794
9,4,8.288630487046719
9,5,6.121439158873997
9,6,5.207663193583605
9,7,5.579115394001997
9,8,3.82288124138103
9,10,3.830030694048817
9,11,5.455816428812065
9,12,5.155900986307505
9,13,6.007258498496947
9,14,8.419608658166984
9,15,10.093970661821471
9,16,10.529917119070236
9,17,11.968383521427072
9,18,14.120034483608146
9,19,15.513385916118647
9,20,16.207576486398416
9,21,17.252978561744957
9,22,19.84983006345835
9,23,21.10933448013894
9,24,21.52906259704041
9,25,23.20184852707423
9,26,25.82894431254003
9,27,26.460788812024887
9,28,26.853349666546485
9,29,28.993543152539377
9,30,31.337309776899254
9,31,34.18972595045995
9,32,34.40136749268279
9,33,37.23638413354058
9,34,36.441491319908806
9,35,32.758280683205236
9,36,31.56793685697586
9,37,27.919277693689494
9,38,29.09834686435647
9,39,28.091437255496263
9,40,24.68837236879307
9,41,24.783466185434623
9,42,25.648912416206215
9,43,23.381197708233426
9,44,20.38512489976425
9,45,21.816026180190093
9,46,22.280014521206628
9,47,18.5683214395173
9,48,17.739955618243556
9,49,20.749593435525664
9,50,19.540045400155655
9,51,15.921351268167047
9,52,17.524525382807287
9,53,20.60208206460561
9,54,22.972998860740397
9,55,25.637612956945016
9,56,27.984076911739336
9,57,29.106710224243994
9,58,29.990119098575676
9,59,28.086551462160255
9,60,27.128056122344663
9,61,27.142613383686843
9,62,30.52352576431562
9,63,29.725512635092908
9,64,28.311309648779915
9,65,25.54117978656316
9,66,24.804497706323296
9,67,24.507205702439336
9,68,22.267399142906086
9,69,19.956616818995965
9,70,20.31692788483724
9,71,19.234507720524487
9,72,15.977856438518943
9,73,15.283905177340163
9,74,16.530624892802084
9,75,14.554682142901122
9,76,11.176681280954904
9,77,12.398314044214963
9,78,13.901466368750812
9,79,11.105855452897474
9,80,8.672794272838551
9,81,11.888605808537907
9,82,12.772474322801862
9,83,9.698990185200666
9,84,10.35061680790982
9,85,14.024127643956673
9,86,13.8390169577367
9,87,12.099401289733647
9,88,14.865577572404717
9,89,17.383050018836833
9,90,16.562648835891103
9,91,16.917531702635294
9,92,20.14008738525778
9,93,21.586697413058552
9,94,21.300704508899738
9,95,22.71602516667785
9,96,25.47957870997589
9,97,26.45120793237797
9,98,26.792729587448246
9,99,28.731711677539604
9,100,31.113798629561813
9,101,31.459148050201712
9,102,30.219499658523933
10,1,14.287514061776125
10,2,12.098297793993355
10,3,10.575087374851405
10,4,9.743865076476604
10,5,8.677937166863083
10,6,6.189270379407177
10,7,5.347450152351348
10,8,5.624453111652414
10,9,3.830030694048817
10,11,3.8279340111306794
10,12,5.406120503926942
10,13,4.821552244635056
10,14,5.8158429734941235
10,15,8.625917956378464
10,16,9.549112088333754
10,17,9.868586462527029
10,18,11.85591469155414
10,19,14.046999913599178
10,20,14.743574628122518
10,21,14.99463497209446
10,22,17.74578338049398
10,23,19.47412279180855
10,24,19.59623976099164
10,25,20.784456051880728
10,26,23.68473251590005
10,27,24.56586519368718
10,28,24.576813376679276
10,29,26.483892985061072
10,30,29.100426193076697
10,31,31.914664491559446
10,32,31.785248755891356
10,33,34.51377738080389
10,34,33.54068290401234
10,35,29.939518462376828
10,36,28.786757883452662
10,37,25.224865446396105
10,38,26.777817980185368
10,39,26.07057452053714
10,40,22.90072546645267
10,41,22.948289772923392
10,42,23.308142671994645
10,43,20.951497964192207
10,44,18.158969823186528
10,45,19.28197043269115
10,46,19.35229767895324
10,47,15.654232713226044
10,48,14.821100083412873
10,49,17.50707741981806
10,50,16.047481043374116
10,51,12.3742672973595
10,52,14.032294828771287
10,53,16.92125843430466
10,54,19.48301420339627
10,55,22.04770135753609
10,56,24.567595055410102
10,57,25.647023373629356
10,58,26.77237288942926
10,59,24.934742302362867
10,60,23.852562127976665
10,61,24.017025685947964
10,62,27.38868989740985
10,63,26.798244856787644
10,64,25.430318906064766
10,65,22.924145777882696
10,66,21.987880738986842
10,67,21.35681554222123
10,68,19.332347704578535
10,69,17.142339078962657
10,70,17.058539940680248
10,71,15.850336353592581
10,72,12.8747886526335
10,73,11.979539141402993
10,74,12.836262990519705
10,75,10.92189233903516
10,76,7.578635342114381
10,77,8.644587442278509
10,78,10.110663791297759
10,79,7.529348998113274
10,80,5.104287575778742
10,81,8.65115291291264
10,82,9.828582765548962
10,83,7.530326188230356
10,84,8.53487406857178
10,85,12.001533911763858
10,86,12.327332328204793
10,87,11.538886891434391
10,88,14.07595063894713
10,89,16.421977050185973
10,90,16.35689192171558
10,91,17.12909105763769
10,92,19.896230154259552
10,93,21.35631840646873
10,94,21.747364805807873
10,95,23.193062898240097
10,96,25.52442092111855
10,97,26.74480849590336
10,98,27.550332133015495
10,99,29.206858792578455
10,100,31.468265018180812
10,101,32.24067332111602
10,102,30.874256594857446
11,1,15.460898569423124
11,2,14.108521406566371
11,3,12.196712364705409
11,4,10.33111696586983
11,5,10.063900088962624
11,6,8.63531446909981
11,7,6.255961814237284
11,8,5.297639006240378
11,9,5.455816428812065
11,10,3.8279340111306794
11,12,3.814059470182816
11,13,5.440430480758271
11,14,4.933000747133416
11,15,6.402115781166432
11,16,8.663675302673209
11,17,9.675923368520603
11,18,10.492488568045212
11,19,12.573604321332414
11,20,14.233025719845784
11,21,14.53869817169484
11,22,16.59433486349052
11,23,18.63331761818466
11,24,19.434454585644776
11,25,20.38825503930332
11,26,22.924584944383884
11,27,24.268263889968324
11,28,24.660485590497135
11,29,26.18880858208403
11,30,28.585723087446578
11,31,31.691325825490413
11,32,31.603965980760204
11,33,34.072569749202394
11,34,32.84404065845643
11,35,29.2367828649439
11,36,27.633412754539517
11,37,24.14064021924812
11,38,25.615066078608727
11,39,24.457815550022357
11,40,21.127754399841283
11,41,20.656145278009184
11,42,21.227030344034187
11,43,19.359189500309093
11,44,16.154521155450055
11,45,17.013204846199613
11,46,17.74446776466753
11,47,14.264231066670213
11,48,12.781292124061824
11,49,15.803332358926196
11,50,15.153001819671687
11,51,11.526919047465391
11,52,12.683959028888616
11,53,16.11627980417886
11,54,18.04319758049098
11,55,20.912868143437485
11,56,23.028327461300904
11,57,24.458300005097417
11,58,25.210654324236778
11,59,23.659717648789258
11,60,23.15126718509952
11,61,23.743233931581898
11,62,27.348946463985747
11,63,27.159415816839562
11,64,26.307726215684387
11,65,23.735130481306538
11,66,22.251329457007294
11,67,21.94850715504909
11,68,20.458549808750103
11,69,17.771687107606812
11,70,17.354652002511624
11,71,16.90892719446574
11,72,14.175690808049083
11,73,12.276019784298775
11,74,13.32507708747255
11,75,12.452954610272167
11,76,8.871756312389058
11,77,8.613832842789739
11,78,10.964010743020522
11,79,9.556672151305168
11,80,6.161122761547715
11,81,8.71721201250411
11,82,11.115190401143337
11,83,9.243638160156348
11,84,8.612436443279357
11,85,12.238036057283074
11,86,13.538608625805395
11,87,12.308502119482995
11,88,13.970790644106499
11,89,16.94614631177452
11,90,17.30217127659559
11,91,17.333513050834252
11,92,19.876367959258754
11,93,21.96041314990543
11,94,22.403971624320675
11,95,23.237311759000292
11,96,25.643271565495663
11,97,27.317974979092668
11,98,27.864826082550962
11,99,29.14519973526352
11,100,31.748615955817446
11,101,32.67084522057747
11,102,31.721185801313684
12,1,16.560001030364003
12,2,15.267438083233456
12,3,14.225982025030026
12,4,12.074735330223703
12,5,10.739123679032657
12,6,10.01346405064564
12,7,8.778957550152638
12,8,6.401941903733536
12,9,5.155900986307505
12,10,5.406120503926942
12,11,3.814059470182816
12,13,3.81644957532461
12,14,5.31921781934963
12,15,5.320443609261423
12,16,6.3263866211807835
12,17,8.62088979671304
12,18,9.94783291206498
12,19,10.91888487058587
12,20,12.351788360041473
12,21,13.62242826184296
12,22,15.609037762744697
12,23,16.972921532732958
12,24,18.039139277291845
12,25,19.626252702131257
12,26,21.84622642110187
12,27,22.820972577816683
12,28,23.662049225090264
12,29,25.512791179112057
12,30,27.564743493970376
12,31,30.68226206914566
12,32,31.050147940494398
12,33,33.697332946409944
12,34,32.8080853582068
12,35,29.083452197626592
12,36,27.580087707708433
12,37,23.93986919264932
12,38,24.871957914215617
12,39,23.49697789050786
12,40,19.957913596219196
12,41,19.87935087084752
12,42,21.044251912191548
12,43,19.015504564424855
12,44,15.789222441106602
12,45,17.415253463999967
12,46,18.347432669377582
12,47,14.771895346862486
12,48,13.951685748003637
12,49,17.40721990352082
12,50,16.743404652224392
12,51,13.458118504704982
12,52,15.257502323712542
12,53,18.609288192465733
12,54,20.49376570405676
12,55,23.075144831010444
12,56,24.89463357133776
12,57,25.98197965586798
12,58,26.348907503727613
12,59,24.42165793473936
12,60,23.89549629336844
12,61,24.061831905458636
12,62,27.631134915178677
12,63,27.083955518465448
12,64,26.230855186692096
12,65,23.26059010575992
12,66,22.01961990937038
12,67,22.292541693702578
12,68,20.539871756443684
12,69,17.58718948918373
12,70,17.928115165414212
12,71,17.812044998217527
12,72,14.603544962393338
12,73,13.0315711794121
12,74,15.021604648114979
12,75,14.16017059165438
12,76,10.353094921931545
12,77,11.055298115766469
12,78,13.807732635728746
12,79,12.187759828789584
12,80,9.372097115893151
12,81,12.363926719251868
12,82,14.544279956476123
12,83,12.41967877051125
12,84,12.194956406157152
12,85,15.909574714471546
12,86,16.847983231503697
12,87,15.332147307903215
12,88,17.274741843611352
12,89,20.273123470224892
12,90,20.181382417884553
12,91,20.095217704539433
12,92,22.94221033558083
12,93,24.960890199995294
12,94,24.99288935200894
12,95,25.87209703346883
12,96,28.55988786705616
12,97,30.03999931400025
12,98,30.301346815282123
12,99,31.802224947296086
12,100,34.476520357240126
12,101,35.09053690348098
12,102,34.17023730312211
13,1,18.084968527521195
13,2,16.031880800750358
13,3,15.087572391672289
13,4,13.82000765959047
13,5,12.104192988338456
13,6,10.34977265026562
13,7,9.87381116497814
13,8,8.66171085535189
13,9,6.007258498496947
13,10,4.821552244635056
13,11,5.440430480758271
13,12,3.81644957532461
13,14,3.8258402515200873
13,15,5.6002938671118985
13,16,4.994531524375491
13,17,6.004475353146925
13,18,8.568510143121141
13,19,9.915937422706955
13,20,10.2946681880075
13,21,11.284368366449149
13,22,13.991304581837849
13,23,15.191180219211224
13,24,15.543748042610197
13,25,17.24186167108767
13,26,19.842096828769364
13,27,20.477109499789954
13,28,20.92684978399296
13,29,23.050611640496555
13,30,25.334215345575004
13,31,28.20933250931228
13,32,28.498579709769622
13,33,31.35361191904656
13,34,30.685376889726584
13,35,26.961690445631664
13,36,25.883248165051523
13,37,22.175523197530165
13,38,23.219589282450098
13,39,22.373829166363425
13,40,19.09022010241622
13,41,19.60133335190086
13,42,20.398451440269607
13,43,17.804027997027696
13,44,15.098661453459412
13,45,17.026769503837297
13,46,17.19132890543076
13,47,13.39267228429377
13,48,13.40639087327164
13,49,16.589771006561815
13,50,15.160882627082183
13,51,12.021314182372247
13,52,14.564768648394868
13,53,17.3922029584476
13,54,19.79398642589782
13,55,21.9256873424039
13,56,23.990550622380358
13,57,24.603390726133547
13,58,25.224511439258944
13,59,22.930242195276616
13,60,21.87212002426094
13,61,21.613275301429603
13,62,24.99953363452159
13,63,24.133852632904286
13,64,22.963103488043224
13,65,20.004601925285865
13,66,19.116252077713604
13,67,19.24160922562746
13,68,17.149773795794456
13,69,14.430416475160271
13,70,15.116660793987986
13,71,14.670389221173622
13,72,11.217030904106783
13,73,10.300814920614958
13,74,12.558394512519884
13,75,11.321737088106357
13,76,7.615791290655329
13,77,9.470073575215231
13,78,12.099647238141944
13,79,10.299436517844782
13,80,8.555739805484261
13,81,12.075686989036619
13,82,13.845260232850821
13,83,12.164252302329418
13,84,12.973368381895414
13,85,16.410819032930004
13,86,17.064684222651366
13,87,16.294245405163135
13,88,18.623870745566762
13,89,21.15172545403717
13,90,21.13942728346549
13,91,21.706972419835605
13,92,24.494713328525883
13,93,26.116784234169824
13,94,26.401907939981214
13,95,27.703368545842462
13,96,30.157964027303652
13,97,31.441373590575385
13,98,32.07168818507134
13,99,33.71044193271037
13,100,36.10635444400071
13,101,36.79402937183248
13,102,35.521410459791895
14,1,19.780076337705648
14,2,17.86541689095085
14,3,16.141345475531697
14,4,14.881464580188068
14,5,14.084993950522149
14,6,11.989783779682051
14,7,10.406897119705812
14,8,9.877255690583949
14,9,8.419608658166984
14,10,5.8158429734941235
14,11,4.933000747133416
14,12,5.31921781934963
14,13,3.8258402515200873
14,15,3.8101279659361684
14,16,5.287523450418701
14,17,4.925230026456369
14,18,6.064381944484668
14,19,8.61284020283427
14,20,9.808403025715094
14,21,9.691217796657439
14,22,12.07268016123662
14,23,14.141263237279965
14,24,14.628751649628553
14,25,15.526130386881958
14,26,18.2154992549484
14,27,19.485936583917255
14,28,19.740714843072503
14,29,21.32081806950198
14,30,23.78524787060199
14,31,26.815879644293418
14,32,26.73546151250302
14,33,29.301439022800068
14,34,28.246519872613078
14,35,24.594422372530747
14,36,23.235943832303814
14,37,19.647066488653945
14,38,21.103404964426737
14,39,20.285592527552115
14,40,17.146062844172285
14,41,17.216461580197244
14,42,17.557102426048868
14,43,15.172440313250831
14,44,12.371504696178793
14,45,13.757780758893315
14,46,13.897200019259198
14,47,10.153517277371577
14,48,9.733692223222333
14,49,12.852805972743914
14,50,11.644242318225723
14,51,8.422504971046836
14,52,10.85441491427746
14,53,13.816558850275275
14,54,16.031089584577643
14,55,18.25242075575711
14,56,20.266939633439204
14,57,21.077329183100932
14,58,21.742046300025546
14,59,19.703635267459727
14,60,18.88631437307577
14,61,19.11989488782682
14,62,22.68555254354247
14,63,22.34194729283907
14,64,21.560997515878064
14,65,18.893433327664575
14,66,17.379515455692964
14,67,17.307103161507086
14,68,15.858624210659698
14,69,12.95214580519807
14,70,12.79067833999809
14,71,12.752428797120062
14,72,9.88489538128018
14,73,7.816809589306378
14,74,9.811664363844216
14,75,9.500871118288726
14,76,5.772215136723338
14,77,6.398927119167261
14,78,9.6925260199438
14,79,9.056502227285069
14,80,7.112269903472654
14,81,9.964260228908548
14,82,12.494040147427876
14,83,11.728500714153236
14,84,12.000360835180405
14,85,15.100319342954121
14,86,16.52071019586109
14,87,16.190064790274924
14,88,17.914300715730747
14,89,20.5140095744632
14,90,21.190041861799454
14,91,21.694825831531247
14,92,24.02330496630268
14,93,25.905692473531346
14,94,26.67398098741631
14,95,27.70884390578551
14,96,29.862844401725372
14,97,31.519341993852017
14,98,32.35650612472876
14,99,33.608162537910225
14,100,36.0546608955922
14,101,37.1220845559138
14,102,35.96407579533871
15,1,21.471543399041668
15,2,20.064925969249657
15,3,18.49785074079555
15,4,16.561583639868033
15,5,15.76258113613801
15,6,14.445376221767097
15,7,12.61563195719773
15,8,11.075009658513164
15,9,10.093970661821471
15,10,8.625917956378464
15,11,6.402115781166432
15,12,5.320443609261423
15,13,5.6002938671118985
15,14,3.8101279659361684
15,16,3.836426155412886
15,17,5.469356553903305
15,18,5.022706376062201
15,19,6.295270139838893
15,20,8.667738955341642
15,21,9.36065378656756
15,22,10.709218627636579
15,23,12.623181601206221
15,24,14.077192163322623
15,25,15.145198512806477
15,26,17.153715798765887
15,27,18.64985712079269
15,28,19.60387456484352
15,29,20.990402230110657
15,30,22.96368587530098
15,31,26.26626543541564
15,32,26.53105065703618
15,33,28.93945414689366
15,34,27.874473808935036
15,35,24.17199025678369
15,36,22.443377155409216
15,37,18.857656926906714
15,38,19.823481922307447
15,39,18.374136196974213
15,40,14.899631452745155
15,41,14.700678924123576
15,42,15.72649295540387
15,43,13.763718275573249
15,44,10.471582701054068
15,45,12.220921938095268
15,46,13.27080113609724
15,47,9.848249480616348
15,48,9.28655548214605
15,49,12.98892794249089
15,50,12.695302016128755
15,51,10.079151625011173
15,52,12.213292099745425
15,53,15.430809116899816
15,54,16.91926048624929
15,55,19.15384286478212
15,56,20.520817321885772
15,57,21.41059656005563
15,58,21.419934848086008
15,59,19.42781633405728
15,60,19.19950624975931
15,61,19.554315927002342
15,62,23.2435780689153
15,63,23.050174173668122
15,64,22.76632891817957
15,65,19.848768757737226
15,66,18.01665634373458
15,67,18.65658422883261
15,68,17.57996302209425
15,69,14.183653622347645
15,70,14.23651394483762
15,71,15.104265129519368
15,72,12.367343585983104
15,73,9.870452203230688
15,74,12.39749673070441
15,75,12.84894019920069
15,76,9.315297055448772
15,77,9.369163380420943
15,78,12.988869303561565
15,79,12.766693926668454
15,80,10.438074381030802
15,81,12.817615251130297
15,82,15.76619574205824
15,83,14.856604150126547
15,84,14.427584178944585
15,85,17.6692285812917
15,86,19.404400445238196
15,87,18.59016154381773
15,88,19.956746160598755
15,89,22.948740470827786
15,90,23.61380195325672
15,91,23.591616582173323
15,92,25.933902747253143
15,93,28.178710207766247
15,94,28.75071250418355
15,95,29.407427131759245
15,96,31.756275298565768
15,97,33.607575636328775
15,98,34.114946304918234
15,99,35.22461724379246
15,100,37.93882063149979
15,101,38.94143806041972
15,102,38.0876914027808
16,1,22.571176556673723
16,2,20.820946054398465
16,3,19.837245637664733
16,4,18.168964383459848
16,5,16.59434596414094
16,6,15.2296425913184
16,7,14.320947009298258
16,8,12.616944519125527
16,9,10.529917119070236
16,10,9.549112088333754
16,11,8.663675302673209
16,12,6.3263866211807835
16,13,4.994531524375491
16,14,5.287523450418701
16,15,3.836426155412886
16,17,3.80013377394097
16,18,5.414007128644519
16,19,5.2071646283177495
16,20,6.048719267795096
16,21,7.917231871757317
16,22,9.871843896174944
16,23,10.736023933214982
16,24,11.876043032074586
16,25,13.801537705318148
16,26,15.796486926100062
16,27,16.567525942651148
16,28,17.675861159820748
16,29,19.647253259759854
16,30,21.46594330296234
16,31,24.569498169645236
16,32,25.217192357810205
16,33,27.970280800324694
16,34,27.4084622386563
16,35,23.623236724131537
16,36,22.366015973659433
16,37,18.625734080069122
16,38,19.133953817415346
16,39,17.92729712697578
16,40,14.48730759715248
16,41,15.241311844392174
16,42,16.532116323285884
16,43,13.979307297515637
16,44,11.274141601563837
16,45,13.913529954629068
16,46,14.444198276162027
16,47,10.921028198194735
16,48,11.61523421928144
16,49,15.145529686574672
16,50,14.21654329237324
16,51,11.978584305427553
16,52,14.838305140603381
16,53,17.563999258340697
16,54,19.42434034868285
16,55,21.16130602275123
16,56,22.54689781135614
16,57,22.847542154192034
16,58,22.801331295253068
16,59,20.268227002704673
16,60,19.57469964355118
16,61,19.188588038984072
16,62,22.64298585159776
16,63,21.843257036787435
16,64,21.266359403285684
16,65,17.999086142757413
16,66,16.740694662533706
16,67,17.7744696538152
16,68,16.166559839821215
16,69,12.781924211203696
16,70,13.861080385659527
16,71,14.65635861449571
16,72,11.423505104244915
16,73,9.903740200693496
16,74,13.155113133783551
16,75,13.169965600570805
16,76,9.778397043411193
16,77,11.170669221006433
16,78,14.576238710169825
16,79,13.857990955822874
16,80,12.25669399965358
16,81,15.24644782909149
16,82,17.6674430033519
16,83,16.560452502951616
16,84,16.8704326240063
16,85,20.19717645358487
16,86,21.415647852515082
16,87,20.679636961113854
16,88,22.55946817799804
16,89,25.336297398973134
16,90,25.640408970060445
16,91,25.910466909804022
16,92,28.522024050643218
16,93,30.46483413171965
16,94,30.83954113925888
16,95,31.82297175833611
16,96,34.283181584167956
16,97,35.8331534074307
16,98,36.34460557550123
16,99,37.756029770934084
16,100,40.34596606872343
16,101,41.13065335461137
16,102,40.065678778465575
17,1,23.914154943802895
17,2,21.732444652676307
17,3,20.436160497902037
17,4,19.36288397251069
17,5,18.005383788538783
17,6,15.883723768028839
17,7,14.978900450759927
17,8,14.212984678296284
17,9,11.968383521427072
17,10,9.868586462527029
17,11,9.675923368520603
17,12,8.62088979671304
17,13,6.004475353146925
17,14,4.925230026456369
17,15,5.469356553903305
17,16,3.80013377394097
17,18,3.855377771507288
17,19,5.490208201748041
17,20,5.201663696344642
17,21,5.287173288253469
17,22,8.265723883535546
17,23,9.698678910320702
17,24,9.840480343865305
17,25,11.251117571960657
17,26,13.924361896624408
17,27,14.76744449092937
17,28,15.155362874582057
17,29,17.086036874027858
17,30,19.397034381208957
17,31,22.32796281780799
17,32,22.568509852823475
17,33,25.376228198338804
17,34,24.76192031457436
17,35,21.016017785566515
17,36,20.054779207576573
17,37,16.312606811179833
17,38,17.332670229208073
17,39,16.818357593504956
17,40,13.853409949386842
17,41,14.89241870260829
17,42,15.345104414010022
17,43,12.301951567145656
17,44,10.24145246084226
17,45,12.68782841462872
17,46,12.254431670563903
17,47,8.539608108920806
17,48,9.971426565981318
17,49,12.965262012442572
17,50,11.314010244016675
17,51,9.364210909753336
17,52,12.752615329530121
17,53,14.89099201424385
17,54,17.13162078871849
17,55,18.462177701155944
17,56,20.11092011479002
17,57,20.0752678723492
17,58,20.40200363918048
17,59,17.67954936698797
