1,2,3.8843485354945644
1,3,6.07854445607422
1,4,5.434794526928528
1,5,7.789825732496077
1,6,8.558412969376265
1,7,12.281345577989478
1,8,14.866349371660272
1,9,16.838761002530582
1,10,19.439107351852453
1,11,22.48811928080251
1,12,22.109313470255216
1,13,24.66064795914277
1,14,27.404485300420504
1,15,27.45047692479464
1,16,30.91388723560081
1,17,31.54628753306804
1,18,35.30470632173765
1,19,36.22663871996167
1,20,36.75040726100504
1,21,35.22439265441719
1,22,31.91744685480181
1,23,31.893584799138615
1,24,32.887637547524456
1,25,30.27410711351131
1,26,27.379189067275693
1,27,28.757435938750923
1,28,29.043071661027867
1,29,25.75319462076658
1,30,23.57047195680786
1,31,22.595141090691026
1,32,20.618283045835295
1,33,18.47130751980027
1,34,15.569975042828128
1,35,16.65208738770243
1,36,13.56499552461277
1,37,11.592795066210268
1,38,8.172104336280343
1,39,9.418981809251102
1,40,9.721947215492937
1,41,12.287593556166835
1,42,15.919803397606659
1,43,17.523320451213884
1,44,16.159774296355284
1,45,18.136554640297373
1,46,21.8643903855006
1,47,22.24845198477238
1,48,21.006636069331563
1,49,21.189352331929452
1,50,18.869488464062613
1,51,16.393568655989192
1,52,17.035462060446662
1,53,16.968129506715503
1,54,13.40754303534518
1,55,12.323109102430829
1,56,14.273017978607525
1,57,13.097052882678263
1,58,9.328190924036875
1,59,10.124537528101234
1,60,12.793327599544924
1,61,10.924188059662878
1,62,8.37268333606976
1,63,11.644279619626419
1,64,13.710935884192518
1,65,11.747015752034821
1,66,12.06062783181101
1,67,15.546972213318984
1,68,16.987368985857703
1,69,16.00339478984274
1,70,18.205249333981655
1,71,21.051141967346958
1,72,20.77819047169232
1,73,21.716422483366767
1,74,21.673371339587103
1,75,24.63645174235403
1,76,24.483484603914114
1,77,25.85794955676519
1,78,22.97350946586384
1,79,20.51407054560671
1,80,23.198920064088224
1,81,23.416876241423818
1,82,19.660669659192145
1,83,19.452424306906458
1,84,22.23478582145217
1,85,20.896447546620653
1,86,17.317181893089728
1,87,19.21440472469653
1,88,21.17734802357285
1,89,18.371337044305502
1,90,16.49614353438564
1,91,19.97813315851434
1,92,20.2537374938336
1,93,16.998025418802335
1,94,18.276985544757444
1,95,21.458138754027885
1,96,20.181769757025982
1,97,18.60849187158714
1,98,22.102618563068123
1,99,24.26618722607209
2,1,3.8843485354945644
2,3,3.850422433728198
2,4,5.873789468114601
2,5,9.140075285740668
2,6,11.189364958079702
2,7,14.810021901567001
2,8,17.732165989405253
2,9,20.093276108932564
2,10,22.565398572238962
2,11,25.76297353598988
2,12,25.396441244093488
2,13,27.697431722820834
2,14,30.478135945722233
2,15,30.299470064201607
2,16,33.66700420745032
2,17,34.149261762995486
2,18,37.87206291403744
2,19,38.98772265511156
2,20,39.76441787389954
2,21,38.268158991874465
2,22,34.863510821243956
2,23,34.97229702778343
2,24,36.181442609542124
2,25,33.53533014258117
2,26,30.62802420862529
2,27,32.182743812513145
2,28,32.60568845272175
2,29,29.271776241956964
2,30,27.090904611780843
2,31,26.32268497632171
2,32,24.287263904836752
2,33,21.99649396230252
2,34,19.114809621920596
2,35,20.149688792570476
2,36,16.88302023602445
2,37,14.496731996236004
2,38,10.790146310708497
2,39,10.759363999226354
2,40,9.627110643717758
2,41,11.880997471915993
2,42,15.62908636742494
2,43,16.396095548044112
2,44,14.68682800010857
2,45,17.23388223664816
2,46,20.901676000093616
2,47,21.93842980524332
2,48,21.353926112861966
2,49,21.62874061172283
2,50,18.817914632599894
2,51,16.704660730897082
2,52,18.095918808449838
2,53,17.776143526096174
2,54,14.004818660830692
2,55,13.794926463276267
2,56,16.13773525617999
2,57,14.563385053126574
2,58,11.090166872605668
2,59,12.890323819966534
2,60,15.443252193708668
2,61,13.276429895597271
2,62,11.489304836030605
2,63,15.055323924366249
2,64,16.70420182612965
2,65,14.49469208179528
2,66,15.39338458326453
2,67,18.964020077440384
2,68,19.970753617423963
2,69,18.97378348587016
2,70,21.52616355698902
2,71,24.224905203602077
2,72,24.083261711899457
2,73,24.776366159943382
2,74,24.652141208616904
2,75,27.397667143130274
2,76,26.8940276214054
2,77,28.49676287494881
2,78,25.890528780133018
2,79,23.1124950104346
2,80,25.593996110137113
2,81,26.175979628253117
2,82,22.51713837197194
2,83,21.81061032701842
2,84,24.677850255317722
2,85,23.69049959853059
2,86,19.964692430462296
2,87,21.332748118595728
2,88,23.508076517084763
2,89,20.933268476917576
2,90,18.524984465198795
2,91,21.713188586866416
2,92,22.32164223680512
2,93,18.888983751393564
2,94,19.47524148683145
2,95,22.838719695916282
2,96,21.73166865555116
2,97,19.558492492138395
2,98,22.74150484656246
2,99,25.352973974370258
3,1,6.07854445607422
3,2,3.850422433728198
3,4,3.821117792067107
3,5,7.1044969394316055
3,6,10.176210110103334
3,7,13.349258742892795
3,8,16.638420227017495
3,9,19.400065488396496
3,10,21.572081418323787
3,11,24.97039436580361
3,12,24.810223044968396
3,13,26.796517791199562
3,14,29.782013798669627
3,15,29.61790331160209
3,16,32.98830383208697
3,17,33.66469481001447
3,18,37.332003809903114
3,19,38.78966502273271
3,20,39.70831430352334
3,21,38.55135893046641
3,22,35.00487866098938
3,23,34.875887206684844
3,24,36.4021166140336
3,25,34.026942362049354
3,26,30.874668468210082
3,27,32.341424366179844
3,28,33.19584863049368
3,29,30.045091566603784
3,30,27.50752764012748
3,31,27.00473365777792
3,32,25.351573231800316
3,33,22.651403399897166
3,34,19.46725711681133
3,35,19.985266258604504
3,36,16.42391884426333
3,37,13.720232037801551
3,38,10.01187167488036
3,39,8.820763357277523
3,40,6.685957997894654
3,41,8.305199241224527
3,42,12.053194853944072
3,43,12.605405714772646
3,44,11.138117165079397
3,45,13.897581062719027
3,46,17.59851458401697
3,47,18.811730164332022
3,48,18.455789131078696
3,49,19.189326851614698
3,50,16.407459908949658
3,51,14.108337296681016
3,52,16.061865319334675
3,53,16.233549904552973
3,54,12.582182388153315
3,55,12.381812001584388
3,56,15.39351504046923
3,57,14.419147297900764
3,58,11.202649670450997
3,59,13.092976057356806
3,60,16.12691717136754
3,61,14.687944496147882
3,62,13.18196985437387
3,63,16.537854448994533
3,64,18.618720272135473
3,65,17.034712331058202
3,66,17.870473654970603
3,67,21.181027622260245
3,68,22.592002756814463
3,69,21.922332775743968
3,70,24.20162232851602
3,71,26.91491317642736
3,72,26.367739993234878
3,73,26.89329108970186
3,74,26.315202938127126
3,75,28.85165160071467
3,76,28.044376918647853
3,77,29.29315431904191
3,78,26.764724153491006
3,79,23.85711914304581
3,80,25.892499566264533
3,81,26.33175672546537
3,82,22.716584531863617
3,83,21.59601901173776
3,84,24.112823898596982
3,85,23.106710570749726
3,86,19.301586186155223
3,87,20.12580828041386
3,88,22.08139654661902
3,89,19.577640040033284
3,90,16.786670381853096
3,91,19.571951171191323
3,92,20.218411263122785
3,93,16.64208786633261
3,94,16.70842165029762
3,95,20.06002011272617
3,96,19.040615556410113
3,97,16.478803327397028
3,98,19.4261243460098
3,99,22.270633592998852
4,1,5.434794526928528
4,2,5.873789468114601
4,3,3.821117792067107
4,5,3.7526325130809526
4,6,6.5532284378627415
4,7,9.65216772713035
4,8,13.036262770480462
4,9,15.682667840621164
4,10,17.761563498563948
4,11,21.153147638642782
4,12,21.052102610174224
4,13,23.086287009639744
4,14,26.1525709404318
4,15,26.182797823878193
4,16,29.652055003587794
4,17,30.558488996505755
4,18,34.24025459275126
4,19,35.68952577970504
4,20,36.457012999348464
4,21,35.44124716635416
4,22,31.907955321225337
4,23,31.546387225391378
4,24,33.05383784040813
4,25,30.846852538611177
4,26,27.57955869222428
4,27,28.860562118399365
4,28,29.836027069834955
4,29,26.8278944951525
4,30,24.100260030707815
4,31,23.61016754076096
4,32,22.228391561393952
4,33,19.40119330079525
4,34,16.039084523905775
4,35,16.292835149126127
4,36,12.67462618883647
4,37,10.009397124918804
4,38,6.395788270393661
4,39,5.595138615428754
4,40,4.814634778965126
4,41,6.863709503046716
4,42,10.532603554365892
4,43,12.21133178801843
4,44,11.271415460292447
4,45,13.26104047958439
4,46,17.044704331778895
4,47,17.50855325819503
4,48,16.444532566718664
4,49,17.265352042613245
4,50,15.038338759683622
4,51,12.177237893593242
4,52,13.554617962261414
4,53,14.26347011656642
4,54,10.847163046157158
4,55,9.635510817436355
4,56,12.725521071225078
4,57,12.493374927466602
4,58,9.139292752355047
4,59,10.19950204476442
4,60,13.640906255962253
4,61,12.930570835954232
4,62,11.131551642975717
4,63,14.012994262437527
4,64,16.617387741581616
4,65,15.649092628411362
4,66,16.057677490551907
4,67,19.035179491572112
4,68,20.96660502582898
4,69,20.548721005415032
4,70,22.38288293975889
4,71,25.13968259200188
4,72,24.242971455717417
4,73,24.831856249165888
4,74,24.053908977511252
4,75,26.62718788836266
4,76,25.954679984470733
4,77,26.81223605358651
4,78,24.099343055809623
4,79,21.4015924722094
4,80,23.365886376132618
4,81,23.40455314945011
4,82,19.73010699784227
4,83,18.816384772868343
4,84,21.074796014145026
4,85,19.733891499254767
4,86,15.981710799760778
4,87,17.013623626901214
4,88,18.67993792308656
4,89,15.958718790695457
4,90,13.405086477869972
4,91,16.368329803957156
4,92,16.730610997731812
4,93,13.170798683830542
4,94,13.743764625213995
4,95,17.007155448133666
4,96,15.875691204194597
4,97,13.7535021804597
4,98,17.036395763875433
4,99,19.53829205443186
5,1,7.789825732496077
5,2,9.140075285740668
5,3,7.1044969394316055
5,4,3.7526325130809526
5,6,3.796217955906306
5,7,6.385809182482449
5,8,9.694812937083865
5,9,12.738715399484269
5,10,14.91117840309815
5,11,18.51759419839563
5,12,18.96472249583248
5,13,21.095116354091246
5,14,24.436731821229532
5,15,24.93346337765665
5,16,28.547572397704062
5,17,29.899631399081912
5,18,33.54295563433297
5,19,35.050916412349665
5,20,35.576060804469094
5,21,34.84311958290498
5,22,31.361356937929052
5,23,30.559965365198
5,24,32.01863080363377
5,25,30.151131931112587
5,26,26.7129707990784
5,27,27.550844483750296
5,28,28.70000250539101
5,29,26.003175306617337
5,30,22.957191272389956
5,31,22.282450417832656
5,32,21.473691991640887
5,33,18.635634997474508
5,34,14.962924775914319
5,35,14.372271090816692
5,36,10.58779849894064
5,37,8.54898304041325
5,38,5.842312944753538
5,39,5.617493915973753
5,40,6.042231941218903
5,41,6.578711398340934
5,42,9.737348440858918
5,43,12.11449878509105
5,44,12.275419814640724
5,45,13.848502879051338
5,46,17.523135168426816
5,47,17.51351791417438
5,48,15.963766473724817
5,49,17.352809266618355
5,50,15.838697013648387
5,51,12.425880878705927
5,52,13.481038407005736
5,53,15.110653913362865
5,54,12.272303825182476
5,55,10.05127294216105
5,56,13.22729017461046
5,57,14.015082776856044
5,58,10.864573005241096
5,59,10.727635892271836
5,60,14.495133092465482
5,61,14.604308679056645
5,62,12.404115407260182
5,63,14.491454288293896
5,64,17.67202958587968
5,65,17.194527328344872
5,66,16.880855670016395
5,67,19.50649494785045
5,68,22.000200849985482
5,69,21.54411524508747
5,70,22.792758838904614
5,71,25.742708053933328
5,72,24.678614982527172
5,73,25.54332790426092
5,74,24.699906395828318
5,75,27.353004419171278
5,76,26.90631984543617
5,77,27.27232710871045
5,78,24.33613187019852
5,79,22.006397854891897
5,80,23.815382174780037
5,81,23.270286083947767
5,82,19.595318297458512
5,83,18.97914144295959
5,84,20.68980790941507
5,85,18.78435048619396
5,86,15.255760347255357
5,87,16.38965029152258
5,88,17.30286677450074
5,89,14.179058898523675
5,90,12.057152473272417
5,91,14.83128085479764
5,92,14.419014244452054
5,93,10.719477128028393
5,94,11.815500311640763
5,95,14.591274858553907
5,96,12.863885977895757
5,97,11.056300547050697
5,98,14.631084666888675
5,99,16.684008663176225
6,1,8.558412969376265
6,2,11.189364958079702
6,3,10.176210110103334
6,4,6.5532284378627415
6,5,3.796217955906306
6,7,3.7787757900871006
6,8,6.6157683903294275
6,9,9.25399635988829
6,10,11.75687489858671
6,11,15.281670917067
6,12,15.822524290556304
6,13,18.34166367954779
6,14,21.679143170415443
6,15,22.51296492869774
6,16,26.242821433060957
6,17,27.78607649495764
6,18,31.447996104299698
6,19,32.70965107741739
6,20,32.92235915922699
6,21,32.16110769958067
6,22,28.82174410161434
6,23,27.843903647056354
6,24,29.029751176924805
6,25,27.234844826592074
6,26,23.8184326240835
6,27,24.387273919043484
6,28,25.387830102813997
6,29,22.801992054748318
6,30,19.71498221194698
6,31,18.763761011068432
6,32,18.173892061049347
6,33,15.519072016379662
6,34,11.755101750721256
6,35,10.898416707526726
6,36,7.165056500383689
6,37,6.07214943117594
6,38,4.595883625194338
6,39,6.565335502257512
6,40,8.742312803287742
6,41,9.722314381838554
6,42,12.244958955613313
6,43,15.18513836475481
6,44,15.435106047373552
6,45,16.39984346710496
6,46,19.918084944639638
6,47,19.26251207936807
6,48,17.05434742449786
6,49,18.188806914368325
6,50,17.243430768045766
6,51,13.733436912696359
6,52,13.758639554250827
6,53,15.545720867980872
6,54,13.124739907349051
6,55,10.10070415141898
6,56,12.526328811333146
6,57,13.789788007774177
6,58,10.713420545704876
6,59,9.257357391849904
6,60,12.953536606044693
6,61,13.585098984285885
6,62,10.954857266653809
6,63,12.178990870362286
6,64,15.726096340456472
6,65,15.68619123683141
6,66,14.728474546201298
6,67,16.940378195544827
6,68,19.84707789078275
6,69,19.450410342787322
6,70,20.183876606175286
6,71,23.179338301393738
6,72,21.981024545357375
6,73,23.092407458596373
6,74,22.33808033444954
6,75,25.148718893719767
6,76,25.094462558977273
6,77,25.184810468305407
6,78,21.98703910449615
6,79,20.107261034559084
6,80,22.07470156857844
6,81,21.077266172007462
6,82,17.366718864294253
6,83,17.388961482728785
6,84,18.901300608056033
6,85,16.51194409149018
6,86,13.274355249722808
6,87,15.09947393596631
6,88,15.629756886592595
6,89,12.138338037148305
6,90,10.963171685659391
6,91,14.075057321898091
6,92,13.09855993941065
6,93,9.776625817879122
6,94,12.026232773358347
6,95,14.363881608507704
6,96,12.396421407219274
6,97,11.713357351597853
6,98,15.52006321802168
6,99,16.819051499004875
7,1,12.281345577989478
7,2,14.810021901567001
7,3,13.349258742892795
7,4,9.65216772713035
7,5,6.385809182482449
7,6,3.7787757900871006
7,8,3.792322267827972
7,9,6.673277504970507
7,10,8.636925503196624
7,11,12.358680198312124
7,12,13.384219732923196
7,13,15.687868113684937
7,14,19.259839889730934
7,15,20.44273467412738
7,16,24.197161605430978
7,17,26.14449066316154
7,18,29.679314116921116
7,19,31.113404060134236
7,20,31.218239655554868
7,21,30.854773796722068
7,22,27.546302156773795
7,23,26.141079483231422
7,24,27.458052579199517
7,25,26.10939284014984
7,26,22.52352318501886
7,27,22.71761970820335
7,28,24.11996896896346
7,29,21.963390531221894
7,30,18.537397472046493
7,31,17.781634759159246
7,32,17.913320962091532
7,33,15.101691124563455
7,34,11.29381481363523
7,35,9.357273961293375
7,36,5.8074884192891165
7,37,5.6648348051077235
7,38,6.376325467017694
7,39,7.813341603435107
7,40,10.372748012058999
7,41,10.580267479404288
7,42,12.009994142870223
7,43,15.407972865965368
7,44,16.281434528229024
7,45,16.582782819362798
7,46,19.740978599626825
7,47,18.524860900379306
7,48,15.875968629262719
7,49,17.361864071339106
7,50,17.197040840860165
7,51,13.519314371509383
7,52,13.11079271241067
7,53,15.642374470780128
7,54,14.026653962189476
7,55,10.552753545358351
7,56,12.780814960730709
7,57,14.981840385891587
7,58,12.603937841317752
7,59,10.574028807410443
7,60,14.090286726015114
7,61,15.60878650763648
7,62,13.346848992542505
7,63,13.744041723730069
7,64,17.454186390136716
7,65,18.118272270652646
7,66,16.950441229968995
7,67,18.51624147761172
7,68,21.768803575278056
7,69,21.709621615852637
7,70,21.93718977014515
7,71,24.787162928381935
7,72,23.190972156617484
7,73,24.220846256731658
7,74,23.120700564737483
7,75,25.700255587485145
7,76,25.62283694888756
7,77,25.144258587324714
7,78,21.975236711487593
7,79,20.40176779135497
7,80,21.901972581960752
7,81,20.40425572378482
7,82,16.948002097091656
7,83,17.017401228892776
7,84,17.784801420780113
7,85,15.009738920042112
7,86,12.227164124679048
7,87,13.797247223550183
7,88,13.451966376865094
7,89,9.787136211164446
7,90,9.22933416466999
7,91,11.805957748335226
7,92,10.050030504131733
7,93,6.962869150081363
7,94,9.854970830802433
7,95,11.458205251587485
7,96,9.193460874785213
7,97,9.400084789903758
7,98,13.171353306646328
7,99,13.825753177336683
8,1,14.866349371660272
8,2,17.732165989405253
8,3,16.638420227017495
8,4,13.036262770480462
8,5,9.694812937083865
8,6,6.6157683903294275
8,7,3.792322267827972
8,9,3.8135642403175787
8,10,6.600065510951785
8,11,10.293778051987195
8,12,12.20126251450196
8,13,14.916268152450145
8,14,18.534214012035992
8,15,20.378784916149908
8,16,24.17494108402891
8,17,26.494503804635812
8,18,29.91715891610405
8,19,31.12412887298788
8,20,30.788543131339193
8,21,30.55220549704672
8,22,27.505148917048558
8,23,25.72084403755551
8,24,26.667121125124407
8,25,25.625044253710406
8,26,22.10866820814294
8,27,21.690577483322137
8,28,22.952225884692055
8,29,21.196759708001366
8,30,17.714628276342854
8,31,16.443934482785522
8,32,17.21873147494347
8,33,14.92531770748758
8,34,11.303999952984883
8,35,8.471890406706429
8,36,5.962005326784779
8,37,7.886603641344934
8,38,9.519015233166607
8,39,11.510101240239445
8,40,14.157181158272575
8,41,14.171090011786092
8,42,15.348673751005244
8,43,18.746834990335078
8,44,19.920679590676084
8,45,20.123780560860936
8,46,23.119591869883788
8,47,21.659561474090605
8,48,18.77617839499727
8,49,20.312293767161623
8,50,20.559419726472658
8,51,16.915122077511402
8,52,16.094188219634976
8,53,18.743465436049426
8,54,17.436112518399263
8,55,13.794969598564633
8,56,15.450610460069448
8,57,17.854652059574484
8,58,15.593105400645799
8,59,12.953238526878545
8,60,16.076251674359593
8,61,17.824275843617563
8,62,15.269223660413306
8,63,14.896593233422175
8,64,18.703110471200457
8,65,19.564255395851294
8,66,17.718314314660034
8,67,18.83280903298848
8,68,22.387128120816374
8,69,22.15541390570858
8,70,21.751825283235725
8,71,24.69764864769371
8,72,23.155721375330977
8,73,24.586482682823455
8,74,23.715345584179747
8,75,26.42302782465391
8,76,26.797835940663262
8,77,25.990740913476394
8,78,22.620718924775314
8,79,21.653856361010188
8,80,23.201058660784216
8,81,21.177468557705634
8,82,17.907626294335287
8,83,18.636533449137747
8,84,18.97143092703401
8,85,15.687548194635598
8,86,13.630632844101317
8,87,15.600660700912714
8,88,14.521735485421582
8,89,10.745951180704456
8,90,11.44380300153914
8,91,13.647827038575972
8,92,11.033635349905616
8,93,8.889485041533908
8,94,12.2762606992924
8,95,12.887778552699512
8,96,10.123471491999883
8,97,11.386979023738276
8,98,14.903109915897376
8,99,14.602956303971686
9,1,16.838761002530582
9,2,20.093276108932564
9,3,19.400065488396496
9,4,15.682667840621164
9,5,12.738715399484269
9,6,9.25399635988829
9,7,6.673277504970507
9,8,3.8135642403175787
9,10,3.7926324372994094
9,11,6.959869066134373
9,12,8.975132895241646
9,13,12.096507039773819
9,14,15.532019915978521
9,15,17.71830763134397
9,16,21.50010473507958
9,17,23.958080439942115
9,18,27.30500411473271
9,19,28.246046862461796
9,20,27.617329815861154
9,21,27.3923299003805
9,22,24.54339304912934
9,23,22.584520752815994
9,24,23.26922611288798
9,25,22.385709510437938
9,26,18.953409909514015
9,27,18.211883569539314
9,28,19.404770371975324
9,29,17.910478158122178
9,30,14.40797176486059
9,31,13.015398964454382
9,32,14.288434554418611
9,33,12.282167820749471
9,34,9.083893456995668
9,35,5.638080858902623
9,36,4.936113486360149
9,37,8.2317200131123
9,38,10.942450542101668
9,39,13.445855154488743
9,40,16.62862388434899
9,41,17.143869795236927
9,42,18.108438399073158
9,43,21.700205761327794
9,44,22.627735710040415
9,45,22.40857220325619
9,46,25.219436267880635
9,47,23.320164728197327
9,48,20.078626953166825
9,49,21.15517225767991
9,50,21.807023791163324
9,51,18.394748392406235
9,52,16.803336639546558
9,53,19.289191079416458
9,54,18.459111475003432
9,55,14.682766003002046
9,56,15.43298623885112
9,57,18.066525246968105
9,58,16.275055111791385
9,59,13.017866877787572
9,60,15.458743581938185
9,61,17.687224159576463
9,62,15.33989666833047
9,63,14.02558387362854
9,64,17.70990555447065
9,65,19.155194323257863
9,66,17.035666037445267
9,67,17.37949324547525
9,68,21.127309344962136
9,69,21.23411795316835
9,70,20.30091695093378
9,71,22.961378886027855
9,72,21.1226039228595
9,73,22.55995125903829
9,74,21.622736821610385
9,75,24.236330391724287
9,76,24.9043555139257
9,77,23.74072255008432
9,78,20.305996206667697
9,79,19.897766085914817
9,80,21.378125657720236
9,81,18.924121341837346
9,82,15.933495949701136
9,83,17.266486733859878
9,84,17.233885084336038
9,85,13.629384128090134
9,86,12.343758076139812
9,87,14.773195515799989
9,88,13.314043460320718
9,89,9.703325715134783
9,90,11.60425426316919
9,91,13.759436979716304
9,92,11.01853259526561
9,93,10.037408412527215
9,94,13.796047557762227
9,95,14.062569859165945
9,96,11.859755800576385
9,97,13.897786450449383
9,98,17.13733258314025
9,99,16.36433348305877
10,1,19.439107351852453
10,2,22.565398572238962
10,3,21.572081418323787
10,4,17.761563498563948
10,5,14.91117840309815
10,6,11.75687489858671
10,7,8.636925503196624
10,8,6.600065510951785
10,9,3.7926324372994094
10,11,3.8181771717882715
10,12,6.164284851552832
10,13,8.719312553909093
10,14,12.32212209131053
10,15,14.700804877349617
10,16,18.40121294541446
10,17,21.140483992213895
10,18,24.3204358701811
10,19,25.47646040090072
10,20,24.89864847277798
10,21,25.07854922100194
10,22,22.220127509642552
10,23,19.949401172523324
10,24,20.95194987842893
10,25,20.508772509427434
10,26,16.94632226400509
10,27,16.035374222761163
10,28,17.852450465384923
10,29,16.800607104699004
10,30,13.067229698280196
10,31,12.50095748760137
10,32,14.325481826461367
10,33,12.02794721471046
10,34,9.3802837443515
10,35,5.654853672388316
10,36,6.275216249279437
10,37,9.085058322059433
10,38,12.466360816136707
10,39,14.440939620378574
10,40,17.75692036951391
10,41,18.194161584514728
10,42,18.443865879900073
10,43,22.18552199177069
10,44,23.17940107551222
10,45,22.341309543871287
10,46,24.72351060860582
10,47,22.341031877398446
10,48,18.83125194374345
10,49,19.800746945840807
10,50,21.083762591615464
10,51,17.909438267090664
10,52,15.836432814204615
10,53,18.557793316969402
10,54,18.487699476324405
10,55,14.743517347329313
10,56,15.050715543851608
10,57,18.21628019099305
10,58,17.16847956613868
10,59,13.887554667454651
10,60,15.90665821169235
10,61,18.745662409193784
10,62,17.058480443351353
10,63,15.420209249264799
10,64,18.874583708195708
10,65,20.91086019352795
10,66,19.13163675945927
10,67,18.972761190998753
10,68,22.693558288320606
10,69,23.36148217079176
10,70,22.324256143244387
10,71,24.549743891594552
10,72,22.221682136659517
10,73,23.18981138871972
10,74,21.719092160400603
10,75,23.845022759824886
10,76,24.263740903647097
10,77,22.595858266818464
10,78,19.447443748335367
10,79,19.222363364519726
10,80,20.068566141006027
10,81,17.300284361517036
10,82,14.814097470391175
10,83,15.998989230545549
10,84,15.195651367911994
10,85,11.488981817250863
10,86,10.997355261593452
10,87,12.95212560977559
10,88,10.712064075025037
10,89,7.565809985223981
10,90,10.347182191520096
10,91,11.720920666799543
10,92,8.71349890471195
10,93,9.064127404349135
10,94,12.77205320340407
10,95,12.399821684130114
10,96,10.885647384053062
10,97,13.64676016332315
10,98,16.348741344450122
10,99,15.128724253696316
11,1,22.48811928080251
11,2,25.76297353598988
11,3,24.97039436580361
11,4,21.153147638642782
11,5,18.51759419839563
11,6,15.281670917067
11,7,12.358680198312124
11,8,10.293778051987195
11,9,6.959869066134373
11,10,3.8181771717882715
11,12,3.8285281278297667
11,13,6.295359842377566
11,14,9.462600362895605
11,15,12.455178185227485
11,16,15.954131762435537
11,17,18.96771730259132
11,18,21.90189695388216
11,19,22.81860276114555
11,20,21.885528907556274
11,21,22.284242661711552
11,22,19.727640430575303
11,23,17.092376406965673
11,24,17.871071493284038
11,25,17.894084172380254
11,26,14.487267399166429
11,27,12.991473279487067
11,28,15.004744820614237
11,29,14.610510130499906
11,30,10.952536965213405
11,31,10.688984145768378
11,32,13.282784167805616
11,33,11.481272501387012
11,34,9.978005811400998
11,35,6.647647024725256
11,36,8.945068637253447
11,37,11.805405227266094
11,38,15.447173072807121
11,39,17.516543178425398
11,40,20.99095398175643
11,41,21.643860967139954
11,42,21.686687542307883
11,43,25.464542706756713
11,44,26.3342452180829
11,45,25.165975294242358
11,46,27.283990608399577
11,47,24.57243357584416
11,48,20.89633365049655
11,49,21.480403856605456
11,50,23.160472753604928
11,51,20.32498091695084
11,52,17.749842067653685
11,53,20.251261382991565
11,54,20.68718557275013
11,55,17.074913716086137
11,56,16.6326887624679
11,57,19.882489844906317
11,58,19.359000122499207
11,59,15.882246058667976
11,60,17.14613058992044
11,61,20.30269355610857
11,62,18.96651812724004
11,63,16.695602255592583
11,64,19.765442275348985
11,65,22.27647364532653
11,66,20.423807452593437
11,67,19.54619921000323
11,68,23.24393489087859
11,69,24.26752023462437
11,70,22.79495157035009
11,71,24.589251986713954
11,72,21.969255114322344
11,73,22.790440143312455
11,74,21.168977060612377
11,75,22.966793410150366
11,76,23.596816897335998
11,77,21.438859640924267
11,78,18.45198556210645
11,79,18.896816844824773
11,80,19.41197549083064
11,81,16.184297084031545
11,82,14.39517712162151
11,83,16.062343423801313
11,84,14.627283857012115
11,85,10.851667163743699
11,86,11.64198964722428
11,87,13.614601332583764
11,88,10.939285631604431
11,89,8.808822191858567
11,90,12.345003681877223
11,91,13.247385670649928
11,92,10.493514194245922
11,93,11.918570385838738
11,94,15.398324230215952
11,95,14.650305508007012
11,96,13.729841054873551
11,97,16.81646101175221
11,98,19.116692189457233
11,99,17.5283569494464
12,1,22.109313470255216
12,2,25.396441244093488
12,3,24.810223044968396
12,4,21.052102610174224
12,5,18.96472249583248
12,6,15.822524290556304
12,7,13.384219732923196
12,8,12.20126251450196
12,9,8.975132895241646
12,10,6.164284851552832
12,11,3.8285281278297667
12,13,3.8187779590139406
12,14,6.64923718872975
12,15,9.149056598139522
12,16,12.802831968007437
12,17,15.515507394038343
12,18,18.646786022673556
12,19,19.483535613601738
12,20,18.77670555884649
12,21,18.932580386102575
12,22,16.163406890065804
12,23,13.80946286172828
12,24,14.839829685909113
12,25,14.532836604941348
12,26,10.961299292964435
12,27,10.048118930870691
12,28,12.325515702431154
12,29,11.600234638418032
12,30,7.846846832416043
12,31,8.66485330075855
12,32,10.900290856913994
12,33,8.723168730753926
12,34,8.021686462141277
12,35,5.887661813162055
12,36,8.865666050873282
12,37,11.114632860341368
12,38,14.871050619417337
12,39,16.949084633814476
12,40,20.601840698039627
12,41,21.819363336265575
12,42,21.901102569436134
12,43,25.67801955178182
12,44,26.041222448143557
12,45,24.623017501658282
12,46,26.638780133187268
12,47,23.783862545379723
12,48,20.06007357369699
12,49,19.972652931217613
12,50,21.67844085876346
12,51,19.250574141182796
12,52,16.20160516428881
12,53,18.195995350973885
12,54,18.962912783532982
12,55,15.601802548940716
12,56,14.38803187526968
12,57,17.574223601438614
12,58,17.61608297877218
12,59,14.143715347388246
12,60,14.690931744919315
12,61,18.119715260590695
12,62,17.382021973949005
12,63,14.823165008283299
12,64,17.464058632412133
12,65,20.39899993783311
12,66,18.963101059863384
12,67,17.71142646224698
12,68,21.19174848926577
12,69,22.747856524054658
12,70,21.42468756477089
12,71,22.760703275240225
12,72,19.769494523435895
12,73,20.071426116298184
12,74,18.056478608623838
12,75,19.527987422033096
12,76,19.99501577564194
12,77,17.697153424534132
12,78,14.855955614191378
12,79,15.394819645373437
12,80,15.707104885364997
12,81,12.39320624216048
12,82,10.868096940805625
12,83,12.718627089216273
12,84,11.145841529547933
12,85,7.40223386964955
12,86,8.911811280161684
12,87,11.093909929117942
12,88,8.807018005940359
12,89,7.446787829787748
12,90,11.201716552788266
12,91,12.324802984624478
12,92,10.576351445525548
12,93,12.284370984742768
12,94,15.516871055618555
12,95,15.331828583790212
12,96,15.199383759630525
12,97,17.96595763188565
12,98,20.251501221284787
12,99,19.15025288892341
13,1,24.66064795914277
13,2,27.697431722820834
13,3,26.796517791199562
13,4,23.086287009639744
13,5,21.095116354091246
13,6,18.34166367954779
13,7,15.687868113684937
13,8,14.916268152450145
13,9,12.096507039773819
13,10,8.719312553909093
13,11,6.295359842377566
13,12,3.8187779590139406
13,14,3.7995346710315436
13,15,6.357360412966576
13,16,9.824561451753032
13,17,12.9286761006983
13,18,15.809232334263411
13,19,17.127487171805438
13,20,16.731206552637868
13,21,17.50790733489028
13,22,14.6667896612355
13,23,12.00167414983591
13,24,13.800681740841657
13,25,14.109065757414005
13,26,10.559599693911215
13,27,9.803821081523502
13,28,12.970656184144891
13,29,12.795640669689018
13,30,9.396071800336216
13,31,11.349981304205183
13,32,13.499033708424902
13,33,11.183914781048074
13,34,10.966627192564044
13,35,9.330310084972867
13,36,11.778234556117258
13,37,13.249848579781903
13,38,16.96341600242022
13,39,18.398648889605028
13,40,21.884053818360616
13,41,22.95058280168014
13,42,22.445131177181494
13,43,26.16251456331673
13,44,26.55067190365893
13,45,24.627964636704473
13,46,26.14466945262452
13,47,22.94255283068216
13,48,19.17298725318955
13,49,18.90547457793329
13,50,21.176728778335246
13,51,19.172467414104926
13,52,15.888749065850527
13,53,17.945204165501007
13,54,19.444717585166817
13,55,16.422200162092416
13,56,14.966005512653048
13,57,18.413696129050237
13,58,19.12637926333385
13,59,16.034500162719045
13,60,16.30237574288634
13,61,19.978917425583013
13,62,19.832142244428592
13,63,17.434161175969116
13,64,19.759411036254964
13,65,22.930002694361963
13,66,21.93982760029549
13,67,20.591120619569704
13,68,23.837753394098403
13,69,25.753592833041182
13,70,24.5794330426452
13,71,25.587111239622427
13,72,22.33462261933267
13,73,22.099743892831903
13,74,19.587799874519668
13,75,20.385565514968402
13,76,20.352605043433012
13,77,17.621062045347195
13,78,15.444511932580163
13,79,15.947713248136566
13,80,15.328467812525158
13,81,11.971709271353427
13,82,11.379329020367148
13,83,12.557967443474736
13,84,9.986761734948063
13,85,6.856498779339078
13,86,9.380135946768478
13,87,10.352154545180303
13,88,7.385561097381224
13,89,7.698713939949037
13,90,11.41528368925414
13,91,11.444363028623604
13,92,10.150253349444206
13,93,12.846932608334532
13,94,15.45116433367524
13,95,14.833375558098098
13,96,15.52405151086593
13,97,18.451537634348565
13,98,20.115057281702377
13,99,18.858050911216832
14,1,27.404485300420504
14,2,30.478135945722233
14,3,29.782013798669627
14,4,26.1525709404318
14,5,24.436731821229532
14,6,21.679143170415443
14,7,19.259839889730934
14,8,18.534214012035992
14,9,15.532019915978521
14,10,12.32212209131053
14,11,9.462600362895605
14,12,6.64923718872975
14,13,3.7995346710315436
14,15,3.812665299247305
14,16,6.641648369440668
14,17,9.95882347371218
14,18,12.536533933223682
14,19,13.581598356947145
14,20,12.995253402122726
14,21,14.033865626210114
14,22,11.441723614257063
14,23,8.433087985153117
14,24,10.434125649905132
14,25,11.293984712577252
14,26,8.126336988444553
14,27,7.260502761828805
14,28,10.910796092011465
14,29,11.424739216539068
14,30,8.819060862741285
14,31,11.591667668090512
14,32,13.757270216050326
14,33,12.015443054892332
14,34,12.931881747586855
14,35,12.094270175184054
14,36,14.928538458876636
14,37,16.271627240143484
14,38,19.900967080787343
14,39,21.367295232947402
14,40,24.870499294945894
14,41,26.195422877525086
14,42,25.651039982367294
14,43,29.303286819563443
14,44,29.4452788958004
14,45,27.318287955465333
14,46,28.60534138392395
14,47,25.262267477938813
14,48,21.555341516099254
14,49,20.78095577550474
14,50,23.199408559321668
14,51,21.661782212234918
14,52,18.126015904561633
14,53,19.67253295885066
14,54,21.53596178054831
14,55,18.870590588855084
14,56,16.806811076671483
14,57,19.999419561013934
14,58,21.207551006531677
14,59,18.207792075164214
14,60,17.73187447049348
14,61,21.455698344405135
14,62,21.74933084602574
14,63,19.03520391163409
14,64,20.777716349882894
14,65,24.256519935481958
14,66,23.42862386331059
14,67,21.559812771679688
14,68,24.51752579674024
14,69,26.81639488352546
14,70,25.472538536865255
14,71,25.941042942952603
14,72,22.45540310441473
14,73,21.828413470705474
14,74,19.0948450031041
14,75,19.283654539280285
14,76,19.280945798278335
14,77,16.075714198937995
14,78,14.459119149694342
14,79,15.600718656966778
14,80,14.444925779070305
14,81,10.893567095608708
14,82,11.525169548179793
14,83,12.956511199687249
14,84,9.918369238818732
14,85,7.7751177559663285
14,86,11.237871198119473
14,87,12.008280054385969
14,88,9.558293489554902
14,89,10.83491293285194
14,90,14.3066738640731
14,91,14.17332395199547
14,92,13.493139727340834
14,93,16.337933216214076
14,94,18.66003983621551
14,95,18.08939574306585
14,96,19.125561535258086
14,97,21.99698646709675
14,98,23.468534432706463
14,99,22.22324635049796
15,1,27.45047692479464
15,2,30.299470064201607
15,3,29.61790331160209
15,4,26.182797823878193
15,5,24.93346337765665
15,6,22.51296492869774
15,7,20.44273467412738
15,8,20.378784916149908
15,9,17.71830763134397
15,10,14.700804877349617
15,11,12.455178185227485
15,12,9.149056598139522
15,13,6.357360412966576
15,14,3.812665299247305
15,16,3.8254512718330758
15,17,6.572033644946059
15,18,9.623689910732145
15,19,11.117994292180976
15,20,11.495288065860038
15,21,12.360444268594433
15,22,9.210630114886401
15,23,7.034527900735513
15,24,10.09156194549502
15,25,10.4251391662765
15,26,7.408288898404576
15,27,8.248988881542639
15,28,11.807612995840724
15,29,11.76844313044331
15,30,9.743488023682692
15,31,13.203148430274654
15,32,14.477703791834776
15,33,12.39985410513321
15,34,13.64038769193842
15,35,13.669381660933022
15,36,16.12492330732513
15,37,16.681497549637836
15,38,20.016841036079917
15,39,21.13501783909812
15,40,24.495266355509724
15,41,26.118290745253876
15,42,25.487405817594876
15,43,28.977069210798486
15,44,28.719184309583156
15,45,26.354394648063426
15,46,27.39869495784562
15,47,24.00941667284742
15,48,20.46428751465705
15,49,19.080157385310976
15,50,21.52122209511407
15,51,20.547554950271348
15,52,16.831130478645356
15,53,17.815489233336052
15,54,20.096075206884088
15,55,17.970862745042442
15,56,15.426570686411745
15,57,18.399416686025372
15,58,20.232546782837364
15,59,17.680399362413826
15,60,16.67875128111068
15,61,20.417356246569
15,62,21.37302405925675
15,63,18.856799245743016
15,64,20.107255281950177
15,65,23.72508975325213
15,66,23.492687729258506
15,67,21.62800825239859
15,68,24.18559878678796
15,69,26.865713562803872
15,70,25.914130212103842
15,71,26.042941485993705
15,72,22.381044245070925
15,73,21.123670324296018
15,74,17.943039831548035
15,75,17.534329898341923
15,76,16.91497916450448
15,77,13.615953092229894
15,78,12.695448854933892
15,79,13.527206677724067
15,80,11.633071057558166
15,81,8.429927233942147
15,82,9.917643297169304
15,83,10.70967527053472
15,84,7.274698464271085
15,85,6.624980352856003
15,86,10.392219946816228
15,87,10.49966486299163
15,88,8.901425433596478
15,89,11.20324451695569
15,90,14.033395888336885
15,91,13.802221385994004
15,92,14.170703863794692
15,93,16.970607735194303
15,94,18.765714445676743
15,95,18.655865513136934
15,96,20.276040902347813
15,97,22.73751445841193
15,98,24.066709958603433
15,99,23.306456401667106
16,1,30.91388723560081
16,2,33.66700420745032
16,3,32.98830383208697
16,4,29.652055003587794
16,5,28.547572397704062
16,6,26.242821433060957
16,7,24.197161605430978
16,8,24.17494108402891
16,9,21.50010473507958
16,10,18.40121294541446
16,11,15.954131762435537
16,12,12.802831968007437
16,13,9.824561451753032
16,14,6.641648369440668
16,15,3.8254512718330758
16,17,3.7960221970376247
16,18,5.992648275377713
16,19,7.860285607460023
16,20,8.726629700128095
16,21,10.35011526618507
16,22,7.649345473212125
16,23,5.593307557422198
16,24,9.292802432714929
16,25,10.37247404267181
16,26,8.536169421744676
16,27,9.49586717036746
16,28,12.952811899123983
16,29,13.523627412032939
16,30,12.38909805834726
16,31,16.02832778078471
16,32,17.231371625439312
16,33,15.55676972266549
16,34,17.208663190837182
16,35,17.44104659376176
16,36,19.93080449354589
16,37,20.350964821463258
16,38,23.570845079585908
16,39,24.501447292342522
16,40,27.73160575316203
16,41,29.377399097536948
16,42,28.539231108183035
16,43,31.9028099143358
16,44,31.54073162347666
16,45,28.93347271274905
16,46,29.6160000214549
16,47,26.112255811663722
16,48,22.740842680122807
16,49,21.061129761600956
16,50,23.70244085447032
16,51,23.202609327524314
16,52,19.478336231679926
16,53,20.14212946973347
16,54,22.78200462725857
16,55,21.052978013423132
16,56,18.305560726382232
16,57,21.042023629281054
16,58,23.266450842296504
16,59,20.972510671779375
16,60,19.608173170535213
16,61,23.256692261132503
16,62,24.566881069792352
16,63,22.031265444110318
16,64,22.860526319359913
16,65,26.581429143938664
16,66,26.562733883564892
16,67,24.464453475657567
16,68,26.71749490121448
16,69,29.64654489550332
16,70,28.667026397740837
16,71,28.39794643947641
16,72,24.63746090162397
16,73,23.008675747189102
16,74,19.67171507651474
16,75,18.560986935925982
16,76,17.71894784352222
16,77,14.1219949919656
16,78,14.163955521054655
16,79,15.294315132605925
16,80,12.732267643077641
16,81,10.030428841796153
16,82,12.52690710624297
16,83,13.03302677861814
16,84,9.553680717915011
16,85,10.043812243880504
16,86,13.744382710604057
16,87,13.353825060989925
16,88,12.029148008924853
16,89,14.774332695655971
16,90,17.328397569006334
16,91,16.697576075546042
16,92,17.37452911714748
16,93,20.369065808197693
16,94,21.814142324116833
16,95,21.560385998637695
16,96,23.496739998441996
16,97,25.949173256247303
16,98,26.951966301326593
16,99,26.14144659928475
17,1,31.54628753306804
17,2,34.149261762995486
17,3,33.66469481001447
17,4,30.558488996505755
17,5,29.899631399081912
17,6,27.78607649495764
17,7,26.14449066316154
17,8,26.494503804635812
17,9,23.958080439942115
17,10,21.140483992213895
17,11,18.96771730259132
17,12,15.515507394038343
17,13,12.9286761006983
17,14,9.95882347371218
17,15,6.572033644946059
17,16,3.7960221970376247
17,18,3.7680788978692714
17,19,5.69121427427514
17,20,7.94928613370265
17,21,8.864460807564392
17,22,5.952309634166336
17,23,6.0247896682420805
17,24,9.732168596214123
17,25,10.039644035384992
17,26,9.057741068219611
17,27,11.134151579225854
17,28,13.963566529757369
17,29,14.098360312286019
17,30,13.712742552533351
17,31,17.54528380049622
17,32,18.037774932420746
17,33,16.459755869628474
17,34,18.488187438715816
17,35,19.41794171528909
17,36,21.750289220201925
17,37,21.742661723751727
17,38,24.630498106148266
17,39,25.454072947019455
17,40,28.55250000944335
17,41,30.536939616203547
17,42,29.82082701113453
17,43,33.00988641618267
17,44,32.23251676581227
17,45,29.580958151112245
17,46,30.153909113364403
17,47,26.767945246691244
17,48,23.65200119799978
17,49,21.422032694993913
17,50,23.82010035880522
17,51,23.821273980130208
17,52,20.084284483195404
17,53,20.038342448937343
17,54,22.807378887287893
17,55,21.61145209662977
17,56,18.473320816979182
17,57,20.68372257736015
17,58,23.334916629469557
17,59,21.431951309104
17,60,19.50504762194862
17,61,22.92690538806067
17,62,24.755348086719863
17,63,22.32834363564254
17,64,22.556089644458524
17,65,26.311479203641948
17,66,26.74643385357812
17,67,24.553983552002148
17,68,26.323168915455344
17,69,29.553485210036385
17,70,28.83629066379847
17,71,28.158548510954766
17,72,24.344603008692747
17,73,22.185960906665724
17,74,18.634358460730603
17,75,16.867505290204843
17,76,15.57662973307578
17,77,11.998008528334955
17,78,13.00528813384204
17,79,14.06370402017731
17,80,10.965928295971278
17,81,9.136892774990958
17,82,12.403319907416286
17,83,12.575372542018668
17,84,9.56057733315028
17,85,11.280582988791105
17,86,14.701095372207236
17,87,14.164125008490098
17,88,13.820261922888308
17,89,16.751761873015212
17,90,18.79357924630599
17,91,18.40300929984373
17,92,19.69815065025529
17,93,22.40822605220853
17,94,23.5919918235773
17,95,23.80269353721021
17,96,25.948418882190058
17,97,28.048038451170346
17,98,29.092487137277264
17,99,28.684492311897184
18,1,35.30470632173765
18,2,37.87206291403744
