1,2,3.7454147067555743
1,3,5.183721485605003
1,4,5.130842019051447
1,5,6.779844091972281
1,6,9.323268252982693
1,7,10.554181173843252
1,8,11.208289549637788
1,9,13.010661443253518
1,10,15.379852776340487
1,11,16.376851960799414
1,12,17.62046215995701
1,13,18.922056476407867
1,14,20.985082922253195
1,15,21.79456062899387
1,16,23.454447380866895
1,17,26.449525257067474
1,18,28.5965603076551
1,19,27.88646016631652
1,20,28.308464463107704
1,21,26.893270870805075
1,22,23.804453509716545
1,23,23.259955459796917
1,24,21.415746512004862
1,25,20.941781042652188
1,26,20.833218240146312
1,27,23.04915388422094
1,28,19.773775537665983
1,29,20.92249314046661
1,30,18.318936244675232
1,31,20.31424617938761
1,32,19.8577137567523
1,33,16.34246451734212
1,34,14.7743996776301
1,35,17.753773492567177
1,36,17.13249684701415
1,37,13.781193165272011
1,38,15.619474770308754
1,39,18.29633388205994
1,40,16.14245348401889
1,41,14.6928057924925
1,42,18.302229997376084
1,43,19.75163285368399
1,44,17.34995685834899
1,45,19.175536006342067
1,46,22.394972093817454
1,47,21.6792926363474
1,48,21.455030455646842
1,49,24.57345358148497
1,50,26.628878958417907
1,51,25.344771036786977
1,52,26.96920439654048
1,53,24.415681560445723
1,54,22.890904319168044
1,55,20.30996388446815
1,56,18.81213183543004
1,57,18.813434843487595
1,58,16.84175039203367
1,59,14.38649704455776
1,60,14.185470346258706
1,61,13.939976979762152
1,62,10.95467057649791
1,63,9.370044955768101
1,64,10.839293736007711
1,65,9.74637054958733
1,66,5.989778292711652
1,67,7.392593384894041
1,68,10.196803515666653
1,69,8.834346805624099
1,70,6.842933817695819
1,71,10.279374495884065
1,72,12.065770570755289
1,73,19.234345071476387
1,74,21.363374402019737
1,75,24.75933153442244
1,76,26.849323772613698
1,77,24.3036813957645
1,78,25.174146369429433
1,79,25.205659536424452
1,80,23.470075917983355
1,81,26.944038552712342
1,82,27.971605733217118
1,83,25.444783053573783
1,84,26.36575900303084
1,85,26.830447669381936
1,86,25.599579110898024
1,87,25.40127688004125
1,88,22.861329844819984
1,89,22.521824778896328
1,90,22.1017930144624
1,91,19.87572382587089
1,92,17.33530486167755
1,93,17.685510141866512
1,94,17.778535890145456
1,95,14.453510803087747
1,96,13.059562415604647
1,97,14.634103612213407
1,98,13.521051899539303
1,99,9.83207208685873
1,100,11.199723454161685
1,101,12.95696781680688
1,102,10.105324272542145
1,103,8.784813489171627
1,104,12.31007915518028
1,105,12.034979660663895
2,1,3.7454147067555743
2,3,3.7620140799870567
2,4,5.444663273230983
2,5,5.378678041957906
2,6,7.160203996444017
2,7,9.60407253997081
2,8,10.452657865408902
2,9,11.174906358206753
2,10,13.772130753008096
2,11,15.492177849472911
2,12,16.333465976915008
2,13,16.992613963507207
2,14,19.514340786971324
2,15,20.788882903558573
2,16,21.984359807363763
2,17,24.95918727634086
2,18,26.657268420494166
2,19,25.80458661047817
2,20,25.944632146768267
2,21,24.24263175220954
2,22,21.134326148157427
2,23,20.384013752211324
2,24,18.206898863256196
2,25,17.49328201303374
2,26,17.16479185351516
2,27,19.426606087840458
2,28,16.247058706226326
2,29,17.628983009136057
2,30,15.274443780373561
2,31,17.59748435018281
2,32,17.052002709327926
2,33,13.40425217200436
2,34,12.450043879673746
2,35,15.363188227756817
2,36,14.226423815394762
2,37,11.149803605798569
2,38,13.64775788363218
2,39,15.930991178185813
2,40,13.589380209052733
2,41,12.910219552577194
2,42,16.66939641253231
2,43,17.675854545830376
2,44,15.542152384959396
2,45,17.96140950831592
2,46,20.819719834071922
2,47,20.19409180692133
2,48,20.606355461477836
2,49,23.599446227237568
2,50,25.374025441529824
2,51,24.39103702719308
2,52,26.48149926107132
2,53,24.121609858111547
2,54,23.153539334131565
2,55,20.579864085364264
2,56,18.4959736463671
2,57,18.80078875861379
2,58,17.48401011785674
2,59,14.532766531510404
2,60,13.744323889856622
2,61,14.364161596899054
2,62,11.950885630184693
2,63,9.29056224870201
2,64,10.7605310102745
2,65,10.950858917306789
2,66,7.27408138847615
2,67,6.904335034446156
2,68,10.351249076938064
2,69,10.105161813938212
2,70,7.362675504497039
2,71,9.786071187005527
2,72,12.569991983150429
2,73,17.853668702721887
2,74,19.453856328707342
2,75,22.588859268389925
2,76,24.308090776663075
2,77,21.61126567086206
2,78,22.322606882291705
2,79,22.626935241544803
2,80,20.88422739030744
2,81,24.3467961316786
2,82,25.04895686365339
2,83,22.33225611598781
2,84,23.085984386123897
2,85,23.743894647447522
2,86,22.47250122587258
2,87,22.51351394053939
2,88,20.282859889613274
2,89,19.709977615277857
2,90,18.90836086936915
2,91,16.82950078818469
2,92,14.500572380178115
2,93,14.479102942215704
2,94,14.290866144816706
2,95,11.14559105633945
2,96,9.695409447523598
2,97,10.948379650693726
2,98,9.829778521020929
2,99,6.105713561863471
2,100,7.639926653293298
2,101,9.525217716432202
2,102,7.048858435149835
2,103,6.08856212820804
2,104,9.870504412025232
2,105,10.100565284065219
3,1,5.183721485605003
3,2,3.7620140799870567
3,4,3.765618963364903
3,5,5.3002824004440265
3,6,5.491846631813186
3,7,7.184977774531795
3,8,9.263306083543826
3,9,10.304171594699142
3,10,11.976242763536316
3,11,13.869195440695707
3,12,15.462281044261973
3,13,15.929946711140266
3,14,18.012356690555556
3,15,19.594059088196822
3,16,21.188137405654388
3,17,23.774883140720558
3,18,26.36273176915269
3,19,26.033848699177327
3,20,26.583569477737157
3,21,25.17846288503666
3,22,22.429697546817973
3,23,22.113362528550415
3,24,19.712740862006942
3,25,19.134668202823896
3,26,18.360010683670364
3,27,20.93925165313627
3,28,18.119050560380614
3,29,19.81275898099753
3,30,17.63048398044441
3,31,20.377898033868703
3,32,19.979648086762296
3,33,16.293648139618128
3,34,15.840115690245863
3,35,18.608220861586894
3,36,16.993316209035992
3,37,14.08535502330229
3,38,16.7718603563952
3,39,18.612805215280094
3,40,15.78652010210361
3,41,15.32980140535162
3,42,19.05516811584142
3,43,19.535436301793997
3,44,16.986496828640455
3,45,19.516167746538056
3,46,22.20063930939896
3,47,20.95841169624662
3,48,21.427349307469765
3,49,24.7079876459422
3,50,26.087491701212727
3,51,24.672115104028062
3,52,26.726244578305653
3,53,24.006983765891082
3,54,23.10402139418053
3,55,20.100603307117794
3,56,18.321882269583472
3,57,19.300797586100916
3,58,17.724765614394112
3,59,14.503606569010003
3,60,14.549915594926754
3,61,15.568028187557447
3,62,12.729807918865545
3,63,10.476193613994228
3,64,12.937678485463321
3,65,13.096186816289665
3,66,9.514014842162544
3,67,10.026799328709977
3,68,13.613465765496809
3,69,13.297748067718482
3,70,10.879227065321391
3,71,13.533562844120414
3,72,16.173844386123555
3,73,21.515987832176396
3,74,22.91729606153112
3,75,25.911563937048818
3,76,27.396116416567537
3,77,24.612969245183525
3,78,25.099290270215903
3,79,25.49436995941112
3,80,23.514309361927836
3,81,26.80386876793959
3,82,27.378768984968943
3,83,24.36276514461098
3,84,24.59177804996012
3,85,24.999695921157596
3,86,23.199851036893936
3,87,22.789305620746372
3,88,20.379834275387513
3,89,19.29145178392521
3,90,18.878117585566848
3,91,17.377209512869214
3,92,14.507732607089054
3,93,14.050276095596953
3,94,14.741348553244222
3,95,11.9704029742479
3,96,9.474682776972857
3,97,11.125528183905033
3,98,11.282989791305749
3,99,7.587345183319745
3,100,7.930900757721797
3,101,10.885571523168542
3,102,9.450243930570803
3,103,7.267931715380715
3,104,10.628827485354076
3,105,11.951393975363947
4,1,5.130842019051447
4,2,5.444663273230983
4,3,3.765618963364903
4,5,3.7695470522864407
4,6,5.462475777200434
4,7,5.53740725088409
4,8,6.7174267595869175
4,9,8.964269385440542
4,10,10.664539235487068
4,11,11.600504199832974
4,12,13.387357736897174
4,13,14.667105036556519
4,14,16.32477842188253
4,15,17.30568848923282
4,16,19.27761645028737
4,17,21.977930657126393
4,18,24.894010988097296
4,19,24.722853506271672
4,20,25.65632938897701
4,21,24.698013334204166
4,22,22.082452545737446
4,23,22.258980289281414
4,24,20.363352426269877
4,25,20.448425747180735
4,26,20.248603463897837
4,27,23.104232593841907
4,28,20.35675511614824
4,29,22.305913245245257
4,30,20.327084613812936
4,31,22.788760574451395
4,32,21.919016638581372
4,33,18.20382183756692
4,34,17.182801561674303
4,35,19.603186094648038
4,36,18.091864410653926
4,37,14.76433537988533
4,38,16.82495912184179
4,39,18.67128093675949
4,40,15.711563050144603
4,41,14.527073695564065
4,42,18.05977900575299
4,43,18.673049787728868
4,44,15.673942717596356
4,45,17.680560623058152
4,46,20.600509569167322
4,47,19.095999944489975
4,48,19.027228256284765
4,49,22.479871183940308
4,50,23.985451788696974
4,51,22.242823525165225
4,52,23.935720744842012
4,53,21.04882131483682
4,54,19.820093277969082
4,55,16.782749649584563
4,56,15.368814728931932
4,57,16.26521771362247
4,58,14.314582302949562
4,59,11.276463292150646
4,60,11.898547385788596
4,61,12.618764652683083
4,62,9.45435841528948
4,63,7.89012642690565
4,64,10.892681020481142
4,65,10.740186593098226
4,66,7.611947817114429
4,67,9.231350093215152
4,68,12.64165542059437
4,69,12.445269836859106
4,70,11.060182044527046
4,71,14.03976316629181
4,72,16.239082721306367
4,73,22.638175070275032
4,74,24.446036816633978
4,75,27.544144807919086
4,76,29.104820758480408
4,77,26.135491157742916
4,78,26.340506167500983
4,79,26.205885371361877
4,80,23.885704071227874
4,81,27.030973113807825
4,82,28.079302108483397
4,83,25.158596388341635
4,84,25.400741711754183
4,85,25.30859960796443
4,86,23.470601569642646
4,87,22.622141798202215
4,88,19.75674851480595
4,89,19.12677413283427
4,90,19.351171937067342
4,91,17.53743108324261
4,92,14.38190526397734
4,93,14.789190949959917
4,94,15.9042176235443
4,95,12.745227407355033
4,96,10.750241375879886
4,97,13.305571488452006
4,98,13.377562301798243
4,99,9.774814514001939
4,100,11.09884834645491
4,101,14.012206826906233
4,102,12.245963073663459
4,103,10.684824521556871
4,104,14.238577223682068
4,105,15.141030312633113
5,1,6.779844091972281
5,2,5.378678041957906
5,3,5.3002824004440265
5,4,3.7695470522864407
5,6,3.7921319745879005
5,7,5.4490311564492675
5,8,5.15886181783799
5,9,6.2534663907817345
5,10,9.011656227119664
5,11,10.262880719620847
5,12,11.070750425395095
5,13,12.169305802869596
5,14,14.442678254466383
5,15,15.461672342844041
5,16,16.83744507666165
5,17,19.829924323792458
5,18,21.936224577515908
5,19,21.435933552501854
5,20,22.123819773059626
5,21,21.025617975879808
5,22,18.333511152059064
5,23,18.51898074223852
5,24,16.746934453681487
5,25,17.101671122090764
5,26,17.279429415263778
5,27,20.286744496757045
5,28,17.693179106094576
5,29,19.97672813874145
5,30,18.46871384038793
5,31,20.8226479901391
5,32,19.465306956693688
5,33,15.769976398200637
5,34,14.825344084350743
5,35,16.769917167114215
5,36,14.962529974368866
5,37,11.659404957440133
5,38,13.716272250954882
5,39,15.18963312111982
5,40,12.060397470946457
5,41,11.075726030632158
5,42,14.603700941183924
5,43,14.986205164250944
5,44,12.070933229326448
5,45,14.377863611411614
5,46,17.138081883469397
5,47,15.821914824571072
5,48,16.13538262374572
5,49,19.431244768557693
5,50,20.89484522426635
5,51,19.514638814255413
5,52,21.568248216858418
5,53,19.020701090587984
5,54,18.247264014471046
5,55,15.507077050722064
5,56,13.357790843547416
5,57,14.173540967567419
5,58,13.01202689665345
5,59,9.65874797729387
5,60,9.302512161202785
5,61,10.735626968080002
5,62,8.45100953777613
5,63,5.652933642351824
5,64,8.567374602661985
5,65,9.670941668780179
5,66,7.0040907760295905
5,67,7.350347712092459
5,68,10.978717924925869
5,69,11.89074109202663
5,70,10.595870627095199
5,71,12.784903080343453
5,72,15.434946256317579
5,73,20.709377847012544
5,74,22.327909629351886
5,75,25.2077360613246
5,76,26.488506568547756
5,77,23.302639169461393
5,78,23.168363185752675
5,79,22.866194244600766
5,80,20.362469947351585
5,81,23.402634826962927
5,82,24.505719471391775
5,83,21.575395539217983
5,84,21.809529480914208
5,85,21.622790759711936
5,86,19.901713678752916
5,87,19.17157179293064
5,88,16.378318917615157
5,89,16.039153610954983
5,90,16.134650296922942
5,91,14.002538717223613
5,92,11.02569246461149
5,93,11.883267910243399
5,94,12.744012499259929
5,95,9.350719773562467
5,96,8.041832986829522
5,97,10.960316867283444
5,98,10.783178436770728
5,99,7.605635795183179
5,100,9.93778237318117
5,101,12.666488393604519
5,102,11.121587636523145
5,103,10.633795696538275
5,104,14.29233560436429
5,105,15.101429360737392
6,1,9.323268252982693
6,2,7.160203996444017
6,3,5.491846631813186
6,4,5.462475777200434
6,5,3.7921319745879005
6,7,3.758503633954581
6,8,5.390660122365315
6,9,5.073023464925451
6,10,6.806477695189691
6,11,9.244669708110788
6,12,10.42947955347929
6,13,10.478221268672588
6,14,12.783172384525505
6,15,14.650151068942424
6,16,15.933945061941653
6,17,18.4672031378278
6,18,21.003848909198293
6,19,20.876999196145427
6,20,21.658582232189506
6,21,20.55754319942475
6,22,18.224869780305177
6,23,18.565620144508046
6,24,16.29337113741507
6,25,16.492439097467305
6,26,16.03389471263339
6,27,19.27336359378672
6,28,17.120510581041263
6,29,19.722734129092196
6,30,18.522444033697756
6,31,21.35275865800331
6,32,20.17472114383741
6,33,16.497569606927097
6,34,16.403317882053877
6,35,18.244603876272915
6,36,15.821344449409517
6,37,13.104405504574759
6,38,15.732418930213935
6,39,16.561889940790536
6,40,13.103995436925636
6,41,13.097432163897741
6,42,16.503814874143497
6,43,16.08124562407817
6,44,13.254156158638336
6,45,16.06898700283761
6,46,18.229753901240013
6,47,16.507957888845876
6,48,17.453390156062223
6,49,20.756618809454594
6,50,21.59244382377093
6,51,20.134977499965917
6,52,22.51183499911459
6,53,19.877073313876593
6,54,19.64267728408416
6,55,16.629296086787893
6,56,14.376021178785075
6,57,16.016613328217407
6,58,15.189615239934342
6,59,11.509909170708873
6,60,11.458885331666066
6,61,13.668241196045832
6,62,11.61904553524194
6,63,8.930907314676876
6,64,11.935816288022645
6,65,13.4103118584032
6,66,10.77094686953827
6,67,10.726862618292975
6,68,14.438242229399261
6,69,15.447169695408286
6,70,13.67629054121312
6,71,15.607833618591192
6,72,18.601209907669986
6,73,22.820731268877108
6,74,23.924310343351625
6,75,26.507220514856346
6,76,27.382308998756816
6,77,24.137487178882807
6,78,23.797355868560313
6,79,23.8559500582434
6,80,21.29432496603523
6,81,24.14621485911895
6,82,24.810537911120655
6,83,21.532000306158704
6,84,21.17109314691835
6,85,20.979383653825156
6,86,18.750600145932992
6,87,17.837023285775413
6,88,15.222126731964222
6,89,14.06163524840401
6,90,14.165002045159904
6,91,12.844797597680099
6,92,9.543641435581723
6,93,9.450176725517535
6,94,11.037242460393339
6,95,8.39636367386998
6,96,5.824781189852155
6,97,8.949645207130132
6,98,10.075000524332518
6,99,7.328116356657809
6,100,8.6187395346927
6,101,12.013820486432307
6,102,11.588897268720384
6,103,10.630628686577719
6,104,13.809560924116143
6,105,15.518917307075705
7,1,10.554181173843252
7,2,9.60407253997081
7,3,7.184977774531795
7,4,5.53740725088409
7,5,5.4490311564492675
7,6,3.758503633954581
7,8,3.7858191145937643
7,9,5.393097149343001
7,10,5.487193243923608
7,11,6.933696709490922
7,12,9.32020739825768
7,13,10.056476643864569
7,14,11.296823151667143
7,15,12.85424847722516
7,16,14.939945314101536
7,17,17.165800647494212
7,18,20.81660896783066
7,19,21.259681931013684
7,20,22.659370291247633
7,21,22.15346903337241
7,22,20.20148205072444
7,23,21.10540431907301
7,24,19.157222503295163
7,25,19.7840067911952
7,26,19.452404181791206
7,27,22.82485506995623
7,28,20.814098315544054
7,29,23.47621055609819
7,30,22.252277768724145
7,31,25.049129139438925
7,32,23.82500097001045
7,33,20.138747959574204
7,34,19.779048855420086
7,35,21.55265380592704
7,36,19.222790085446423
7,37,16.315699422709663
7,38,18.54021889906832
7,39,19.3559334941821
7,40,15.811308531354536
7,41,15.29114508547169
7,42,18.444516570885394
7,43,17.974081615548545
7,44,14.688912372715194
7,45,16.968678727851245
7,46,19.18520740111954
7,47,16.88784771601703
7,48,17.331189663486416
7,49,20.906863912061805
7,50,21.58142425117636
7,51,19.516245792210494
7,52,21.476789788927437
7,53,18.419483275489004
7,54,17.932874943132905
7,55,14.553759437679402
7,56,12.991112879734612
7,57,15.092692817284872
7,58,13.750031558215777
7,59,10.180502869251683
7,60,11.364708894713655
7,61,13.425550112186324
7,62,10.992567192353215
7,63,9.394892712576336
7,64,12.987733991807731
7,65,13.985725089628062
7,66,11.740188552478209
7,67,12.73671963932874
7,68,16.247541299027798
7,69,16.999541242642344
7,70,15.782119101442659
7,71,18.17951418944824
7,72,20.773205186006944
7,73,25.971439081789587
7,74,27.33065714821834
7,75,30.01406185639721
7,76,30.962334665598526
7,77,27.667139651017703
7,78,27.198355671534063
7,79,26.991340076130918
7,80,24.211070979710318
7,81,26.886624124948394
7,82,27.807443078736146
7,83,24.542672389330818
7,84,23.99309878048169
7,85,23.349400245591028
7,86,20.866105928929738
7,87,19.34479284892526
7,88,16.309229188531962
7,89,15.202154841163948
7,90,16.142424645746512
7,91,15.044219426035536
7,92,11.404412376656891
7,93,11.7169758419923
7,94,14.015953492806036
7,95,11.547144135654571
7,96,9.133369173663695
7,97,12.43272814367443
7,98,13.806862725944892
7,99,11.04664185298006
7,100,12.113431508305224
7,101,15.627649432424187
7,102,15.04687982867491
7,103,13.676374619629678
7,104,16.85066004465472
7,105,18.60135924400625
8,1,11.208289549637788
8,2,10.452657865408902
8,3,9.263306083543826
8,4,6.7174267595869175
8,5,5.15886181783799
8,6,5.390660122365315
8,7,3.7858191145937643
8,9,3.775081729537773
8,10,5.280849523303534
8,11,5.250798367187954
8,12,6.724399440850902
8,13,8.586554347866864
8,14,9.961079064330383
8,15,10.642064533557878
8,16,12.618043085094039
8,17,15.380262018476952
8,18,18.50480732315643
8,19,18.712852103826226
8,20,20.210014116340258
8,21,19.956427987896173
8,22,17.997403114373835
8,23,19.21592055852302
8,24,17.87095416397675
8,25,19.093704417270445
8,26,19.492751493411234
8,27,22.94133032610181
8,28,20.949812768212674
8,29,23.749433857350947
8,30,22.772950588993908
8,31,25.189773989829728
8,32,23.467001820569156
8,33,19.872961885082496
8,34,19.06859791036156
8,35,20.37338035857505
8,36,18.182353753867275
8,37,15.085263133223348
8,38,16.674829481169365
8,39,17.35069843422441
8,40,13.852553456251712
8,41,12.797518310474326
8,42,15.609344741252473
8,43,15.22517608499746
8,44,11.69051938019312
8,45,13.538828052680776
8,46,15.900286157696415
8,47,13.57190130613243
8,48,13.672696500578631
8,49,17.29625589682205
8,50,18.18261390653541
8,51,16.10388469228158
8,52,17.966804467001044
8,53,15.010279967646353
8,54,14.46752249229205
8,55,11.307376646550495
8,56,9.43182370217013
8,57,11.33640820105232
8,58,10.233194250072362
8,59,6.540350937756289
8,60,7.679145774546723
8,61,9.971500906658624
8,62,8.079732098423655
8,63,6.636231367692077
8,64,10.265993515413319
8,65,11.678835771019404
8,66,10.33659879747761
8,67,11.317645229115078
8,68,14.43345972649103
8,69,15.740593233756794
8,70,15.246478598556902
8,71,17.364530334822383
8,72,19.756930598106642
8,73,25.03073705831253
8,74,26.610253997548778
8,75,29.270018138314676
8,76,30.2148817061567
8,77,26.77822039773408
8,78,26.036740590573505
8,79,25.332635948798096
8,80,22.314941849460826
8,81,24.82037916425277
8,82,26.1747709634214
8,83,23.122426930435484
8,84,22.75560064803759
8,85,21.73953588135676
8,86,19.496782060490123
8,87,17.82136417082208
8,88,14.471865476400149
8,89,14.218949917308027
8,90,15.505656313323206
8,91,13.772067044979964
8,92,10.262088724032111
8,93,11.789275124277479
8,94,13.866673813149715
8,95,10.998762217928673
8,96,9.777559270884543
8,97,13.43814099941808
8,98,14.198598744771354
8,99,11.734507134726014
8,100,13.805994456569037
8,101,16.913895266691778
8,102,15.95773270997147
8,103,15.369438281950433
8,104,18.834020667082697
8,105,20.05901775131913
9,1,13.010661443253518
9,2,11.174906358206753
9,3,10.304171594699142
9,4,8.964269385440542
9,5,6.2534663907817345
9,6,5.073023464925451
9,7,5.393097149343001
9,8,3.775081729537773
9,10,3.77258275863511
9,11,5.615083537458074
9,12,5.533691369641043
9,13,5.918020713035099
9,14,8.48150537414796
9,15,10.025782449382051
9,16,10.978937708935119
9,17,13.795730233129085
9,18,16.12494921474157
9,19,16.12977367411959
9,20,17.31975580035975
9,21,16.801020592555673
9,22,14.940776620957154
9,23,16.192032336330502
9,24,14.625144943886427
9,25,15.962931564192974
9,26,16.329901804369097
9,27,19.93081951609438
9,28,18.343122369162355
9,29,21.464888826235104
9,30,21.002306923623646
9,31,23.514427017427618
9,32,21.60376483873449
9,33,18.149246352282454
9,34,17.896848400034358
9,35,18.794432034076547
9,36,16.105970421806003
9,37,13.52637751299165
9,38,15.42291669329779
9,39,15.402483180976402
9,40,11.681243348922406
9,41,11.575395686188884
9,42,14.241644584769192
9,43,13.114991980811705
9,44,9.886209213688598
9,45,12.496465126236602
9,46,14.207624585584353
9,47,11.930692767482446
9,48,13.0598808062981
9,49,16.381815798289175
9,50,16.822362618924316
9,51,15.242571647638107
9,52,17.780798727097984
9,53,15.28405528615634
9,54,15.616315174867479
9,55,12.830853028065407
9,56,10.103033675485042
9,57,12.23157135598544
9,58,12.256709205879831
9,59,8.529192005388895
9,60,8.355944001823417
9,61,11.527274038408382
9,62,10.611312353169943
9,63,8.210860159431498
9,64,11.180454180168036
9,65,13.526246893999812
9,66,12.186221554365446
9,67,12.009989191500578
9,68,15.204239810454428
9,69,17.11088744413632
9,70,16.224718311892165
9,71,17.67186678681047
9,72,20.52662769936643
9,73,24.29096604255043
9,74,25.401369075897573
9,75,27.70320543786573
9,76,28.22055959638103
9,77,24.666721080186594
9,78,23.603616428169012
9,79,23.041506074550266
9,80,19.935444811145775
9,81,22.248683635682657
9,82,23.319742048770507
9,83,20.07922781087811
9,84,19.374157412362415
9,85,18.33390802211128
9,86,15.901396775375296
9,87,14.279519563106021
9,88,11.1179407659273
9,89,10.597627177119023
9,90,11.733235322723269
9,91,10.1682722922933
9,92,6.552378332540438
9,93,8.152366024501116
9,94,10.420415158032442
9,95,7.966361877006545
9,96,7.053474932090755
9,97,10.826703930436418
9,98,11.965621859882699
9,99,10.357816906374621
9,100,12.47590298880305
9,101,15.459511333836176
9,102,15.181257430288312
9,103,15.09029478462241
9,104,18.26554257171983
9,105,19.73780521673213
10,1,15.379852776340487
10,2,13.772130753008096
10,3,11.976242763536316
10,4,10.664539235487068
10,5,9.011656227119664
10,6,6.806477695189691
10,7,5.487193243923608
10,8,5.280849523303534
10,9,3.77258275863511
10,11,3.7565635661414767
10,12,5.279034665979855
10,13,4.835637488564675
10,14,6.11326310585994
10,15,8.479889304263667
10,16,10.031013733420872
10,17,11.989932079435256
10,18,15.741206451423212
10,19,16.601838647654716
10,20,18.343726391697093
10,21,18.30836583516923
10,22,17.100954170003785
10,23,18.759448040561843
10,24,17.08981518475594
10,25,18.46206704132365
10,26,18.40598684987673
10,27,22.11421022336565
10,28,20.893684051288048
10,29,24.1348292696305
10,30,23.76648558762658
10,31,26.537504452322608
10,32,24.79913006542926
10,33,21.360935908498156
10,34,21.408602586774713
10,35,22.344937621777724
10,36,19.46971715345782
10,37,17.116533181972702
10,38,19.132754788765723
10,39,18.889393759292087
10,40,15.130056301575667
10,41,15.236227488552856
10,42,17.665364556451955
10,43,16.15408613022429
10,44,12.946238085845609
10,45,15.319715155150146
10,46,16.58707674754957
10,47,13.729186533295215
10,48,14.879716518826609
10,49,18.2397038001645
10,50,18.05127302271363
10,51,15.987565504429522
10,52,18.37860398867417
10,53,15.56916121337017
10,54,16.16031760333949
10,55,13.017634692626093
10,56,10.910087189761171
10,57,13.87045597522434
10,58,13.732139510936452
10,59,10.176218802917328
10,60,11.060854415618902
10,61,14.204493982783159
10,62,13.064132145490964
10,63,11.36375751125687
10,64,14.621384536021715
10,65,16.649873924326084
10,66,15.25774616208022
10,67,15.526396589185842
10,68,18.786316154982806
10,69,20.439908435368665
10,70,19.48780899860325
10,71,21.194084739100287
10,72,24.025460743563332
10,73,27.92343853179181
10,74,28.90846476515995
10,75,31.125874237419353
10,76,31.48190852484307
10,77,27.924438606127957
10,78,26.739520368579775
10,79,26.29757776639495
10,80,23.13105953529002
10,81,25.196997045029416
10,82,26.093238921170045
10,83,22.703581995596842
10,84,21.48856108502932
10,85,20.19268221634259
10,86,17.26459631195499
10,87,15.07359195584172
10,88,11.905225468784003
10,89,10.641802406002308
10,90,12.49289056261592
10,91,11.972344441848552
10,92,8.274822536584349
10,93,9.083151529466404
10,94,12.26510014886479
10,95,10.702059380437017
10,96,9.055558752097319
10,97,12.621950271558672
10,98,14.60064416564777
10,99,13.08234958913153
10,100,14.407117411262874
10,101,17.75152139060949
10,102,17.907645517373833
10,103,17.269493839214828
10,104,20.177258529507213
10,105,22.135129896276293
11,1,16.376851960799414
11,2,15.492177849472911
11,3,13.869195440695707
11,4,11.600504199832974
11,5,10.262880719620847
11,6,9.244669708110788
11,7,6.933696709490922
11,8,5.250798367187954
11,9,5.615083537458074
11,10,3.7565635661414767
11,12,3.7646311556835395
11,13,5.717907083600571
11,14,5.264616449514685
11,15,5.980556144563104
11,16,8.630590814530693
11,17,10.704892683290955
11,18,15.147469198648801
11,19,16.306990852790957
11,20,18.591785954800216
11,21,19.17411602302771
11,22,18.175063193710148
11,23,20.26127094877082
11,24,19.20095509422532
11,25,21.01855862184755
11,26,21.43995646672998
11,27,25.148181232067255
11,28,23.82434958052962
11,29,27.03157381187751
11,30,26.589850231393093
11,31,29.122191528481743
11,32,27.1708046293439
11,33,23.732093968382024
11,34,23.284324500245
11,35,24.077916611321356
11,36,21.487890286629316
11,37,18.83281064049731
11,38,20.260095084968693
11,39,20.124485218930314
11,40,16.498878307755056
11,41,15.871837163352511
11,42,17.923320797328913
11,43,16.636357220509307
11,44,13.104140449223163
11,45,14.616963376790673
11,46,16.04011018465709
11,47,12.814352136189568
11,48,13.14617569747235
11,49,16.687610581147833
11,50,16.559363657392257
11,51,13.907427909449156
11,52,15.734892450803954
11,53,12.561771114746147
11,54,12.87310745803049
11,55,9.540275844016714
11,56,8.044631041898423
11,57,11.34688642973664
11,58,10.97427587335858
11,59,7.853126371049857
11,60,9.735204701911501
11,61,12.603094159803838
11,62,11.645988530193586
11,63,10.97721887716952
11,64,14.285966422776518
11,65,16.027169466884708
11,66,15.329383867289785
11,67,16.200633148785524
11,68,19.068330295193196
11,69,20.70330650595909
11,70,20.40986053939843
11,71,22.306998099646385
11,72,24.731097166374976
11,73,29.437225116153513
11,74,30.776597291598886
11,75,33.12807478142885
11,76,33.647805083413665
11,77,30.0398342594645
11,78,28.760712082771715
11,79,27.882241093436495
11,80,24.539941657703334
11,81,26.455738090501576
11,82,27.806824681088422
11,83,24.644990490218188
11,84,23.591861764682847
11,85,21.88760304914887
11,86,19.127890652806702
11,87,16.5799557441176
11,88,13.023810265239277
11,89,12.615942039515089
11,90,15.031348909191292
11,91,14.109582989582771
11,92,10.61383272908648
11,93,12.296106471586246
11,94,15.278315947871906
11,95,13.363542532331405
11,96,12.282670781608514
11,97,15.990717612975564
11,98,17.5199067505685
11,99,15.765777311041514
11,100,17.502089053071288
11,101,20.768047741931387
11,102,20.4368003217068
11,103,19.84940737679647
11,104,23.037518777580832
11,105,24.675819075220957
12,1,17.62046215995701
12,2,16.333465976915008
12,3,15.462281044261973
12,4,13.387357736897174
12,5,11.070750425395095
12,6,10.42947955347929
12,7,9.32020739825768
12,8,6.724399440850902
12,9,5.533691369641043
12,10,5.279034665979855
12,11,3.7646311556835395
12,13,3.760402424546057
12,14,4.573576601534746
12,15,4.697474919715595
12,16,5.901012638807104
12,17,8.931905607801387
12,18,11.973840840902454
12,19,12.727579401654355
12,20,14.942448720381249
12,21,15.641979405371918
12,22,14.787363758095367
12,23,17.182429716677202
12,24,16.581013097001097
12,25,18.884296320146838
12,26,19.829545802606365
12,27,23.53542698606155
12,28,22.45821049490764
12,29,25.81908657743267
12,30,25.797122190540946
12,31,28.06295519378225
12,32,25.72495596509494
12,33,22.52063961209297
12,34,22.070323272806444
12,35,22.3024358097826
12,36,19.64569173168264
12,37,17.266325399069856
12,38,18.321357735345035
12,39,17.66756290148171
12,40,14.15883469102005
12,41,13.70043100829948
12,42,15.195097587954459
12,43,13.49874898313811
12,44,10.115942164310484
12,45,11.566379109270857
12,46,12.52130884513985
12,47,9.192685459371134
12,48,10.022314638931533
12,49,13.361778767958159
12,50,13.04369218460878
12,51,10.740618480512953
12,52,13.122986967317077
12,53,10.49558060939449
12,54,11.572589704839245
12,55,9.011499727684807
12,56,6.306172815165158
12,57,9.532967619582218
12,58,10.413279512594926
12,59,7.499043160738597
12,60,8.15386243090911
12,61,11.600331337915103
12,62,11.766678910910654
12,63,10.696733126599788
12,64,13.32631457262759
12,65,15.774495819920963
12,66,15.613803513335034
12,67,15.820197084403018
12,68,18.34610902309847
12,69,20.592065551353883
12,70,20.500599449071945
12,71,21.824084694061145
12,72,24.315644509203416
12,73,28.133319794631866
12,74,29.341397166174307
12,75,31.44349269682879
12,76,31.726064627119804
12,77,28.023853717361824
12,78,26.400131539420542
12,79,25.243490132615193
12,80,21.74427752302975
12,81,23.351222139081642
12,82,24.86173154352399
12,83,21.837716225522396
12,84,20.762332562989684
12,85,18.746111022242413
12,86,16.150913290927484
12,87,13.510783380494917
12,88,9.80655344289759
12,89,10.214680954443011
12,90,12.827313285615208
12,91,11.531033087410613
12,92,8.509955922693537
12,93,11.101794410326981
12,94,13.745340984747413
12,95,11.979766407546656
12,96,11.95101426709535
12,97,15.589233556763984
12,98,16.784585059029812
12,99,15.666901701909362
12,100,17.908465570525014
12,101,20.768336834956283
12,102,20.506625283198083
12,103,20.600209925542295
12,104,23.79082721018915
12,105,25.186883500716217
13,1,18.922056476407867
13,2,16.992613963507207
13,3,15.929946711140266
13,4,14.667105036556519
13,5,12.169305802869596
13,6,10.478221268672588
13,7,10.056476643864569
13,8,8.586554347866864
13,9,5.918020713035099
13,10,4.835637488564675
13,11,5.717907083600571
13,12,3.760402424546057
13,14,3.750825877475671
13,15,6.259945065918611
13,16,6.025517823239696
13,17,8.28853238358576
13,18,10.983624485347699
13,19,11.885925368021931
13,20,13.816650720991236
13,21,14.22236678103148
13,22,13.699620708304575
13,23,16.054943244623754
13,24,14.977585632008669
13,25,17.14319501308028
13,26,17.683863907751697
13,27,21.464699447206048
13,28,20.854689350894354
13,29,24.411311047407626
13,30,24.745108420814937
13,31,27.237001475764927
13,32,24.99198320503204
13,33,21.913200537768468
13,34,22.09757041448277
13,35,22.219575068124964
13,36,19.13302900274272
13,37,17.310657915931273
13,38,18.858560763987093
13,39,17.73066735021536
13,40,14.118659307367956
13,41,14.652959441780578
13,42,16.184464838619792
13,43,13.856272301031147
13,44,11.04542450063377
13,45,13.277689263090105
13,46,13.529693595687382
13,47,10.421388256046628
13,48,12.354295429381134
13,49,15.207378270640497
13,50,14.298072549582283
13,51,12.594008153106191
13,52,15.504119170969132
13,53,13.353960662425742
13,54,14.997166290680472
13,55,12.633056374326927
13,56,9.876944782940587
13,57,12.949239231160163
13,58,14.0990494785731
13,59,11.027763576813372
13,60,11.068686489870421
13,61,14.727300070122809
13,62,14.824583916382082
13,63,13.05887618892678
13,64,15.576751612039464
13,65,18.32507334234637
13,66,17.67571036613769
13,67,17.32369741974498
13,68,20.128259431545303
13,69,22.481830370895114
13,70,21.84475768220655
13,71,22.897562268452244
13,72,25.77978002253756
13,73,28.53844163065604
13,74,29.278332956219582
13,75,31.083413595786503
13,76,30.99276056548159
13,77,27.282574590536896
13,78,25.49418277289931
13,79,24.707592204799255
13,80,21.273500305002248
13,81,22.72064800474306
13,82,23.723717427035613
13,83,20.433640997543094
13,84,18.828319140209278
13,85,16.875679293588192
13,86,13.814270512440379
13,87,11.043342776301506
13,88,7.66564308606361
13,89,6.977139188128041
13,90,9.802302759893184
13,91,9.429159651536443
13,92,6.446974866583596
13,93,8.392510207241894
13,94,11.512088210180256
13,95,10.69868053115849
13,96,10.496057030138402
13,97,13.795789649296953
13,98,15.610453911613758
13,99,15.115577779931419
13,100,16.89594243009312
13,101,19.741298060440503
13,102,20.16300808906009
13,103,20.29184753585687
13,104,23.09013779177669
13,105,24.872979237548062
14,1,20.985082922253195
14,2,19.514340786971324
14,3,18.012356690555556
14,4,16.32477842188253
14,5,14.442678254466383
14,6,12.783172384525505
14,7,11.296823151667143
14,8,9.961079064330383
14,9,8.48150537414796
14,10,6.11326310585994
14,11,5.264616449514685
14,12,4.573576601534746
14,13,3.750825877475671
14,15,3.744193117622443
14,16,4.915279707653599
14,17,5.945489628637923
14,18,10.9608166870347
14,19,12.901575869340771
14,20,15.589271441187023
14,21,16.733692919157466
14,22,16.734496085022602
14,23,19.424001980115534
14,24,18.585815278058654
14,25,20.850651199054322
14,26,21.32356560899599
14,27,25.11175710475329
14,28,24.55596135307284
14,29,28.103503940015894
14,30,28.343814310297855
14,31,30.893936693826376
14,32,28.69388080370705
14,33,25.55741682826394
14,34,25.606454898467756
14,35,25.80283916450023
14,36,22.807064056145354
14,37,20.82752056126913
14,38,22.21036673987526
14,39,21.180348138089148
14,40,17.618491080359473
14,41,17.7700344340655
14,42,19.12084765497259
14,43,16.883424103577095
14,44,13.912221554776076
14,45,15.479210785446512
14,46,15.655914843207318
14,47,12.107366175888146
14,48,13.395273684115713
14,49,16.290389269672765
14,50,14.98944676302947
14,51,12.55538323483414
14,52,14.886493993313668
14,53,12.357035261717158
14,54,14.089565986841905
14,55,11.554721363794204
14,56,9.744797880002043
14,57,13.366615453258738
14,58,14.25048374787481
14,59,11.650553594024707
14,60,12.708795446395705
14,61,16.078873860800577
14,62,16.042707573943822
14,63,15.054397536509326
14,64,17.841779977886965
14,65,20.213430966238473
14,66,19.76764893584213
14,67,19.987536362174346
14,68,22.731255454426027
14,69,24.874079862522784
14,70,24.48262807512235
14,71,25.86278571004169
14,72,28.541379845725668
14,73,31.96194222424833
14,74,32.86088707397164
14,75,34.74913642626452
14,76,34.712255981021144
14,77,30.994649315753104
14,78,29.168816744991904
14,79,28.251257131620374
14,80,24.742881296975256
14,81,26.02029001485459
14,82,27.16136641187026
14,83,23.94796447943698
14,84,22.21082844885693
14,85,19.978054708853737
14,86,16.83112091422393
14,87,13.6489561071371
14,88,10.347345917339181
14,89,9.726304351408062
14,90,12.998995780060728
14,91,13.007074831519713
14,92,10.186939033518385
14,93,11.825648593893755
14,94,15.1513118868331
14,95,14.37647329474098
14,96,13.811421209298683
14,97,17.15861255743213
14,98,19.152226772161605
14,99,18.35222205074943
14,100,19.929699400338485
14,101,23.01482974676813
14,102,23.350975482801356
14,103,23.122366414460746
14,104,25.970307663470827
14,105,27.874032728869196
15,1,21.79456062899387
15,2,20.788882903558573
15,3,19.594059088196822
15,4,17.30568848923282
15,5,15.461672342844041
15,6,14.650151068942424
15,7,12.85424847722516
15,8,10.642064533557878
15,9,10.025782449382051
15,10,8.479889304263667
15,11,5.980556144563104
15,12,4.697474919715595
15,13,6.259945065918611
15,14,3.744193117622443
15,16,3.7866415511706073
15,17,5.470519390663608
15,18,10.48914302735105
15,19,12.467960509244168
15,20,15.57694276099118
15,21,17.262158351064826
15,22,17.338163753153403
15,23,20.30499421940939
15,24,20.088330701910465
15,25,22.70519075350899
15,26,23.679009107408614
15,27,27.42084452828459
15,28,26.687169331842654
15,29,30.167394121644133
15,30,30.333992610165005
15,31,32.61101919928264
15,32,30.18540919858532
15,33,27.07713544621937
15,34,26.657598800349415
15,35,26.68235500137278
15,36,23.999054352279227
15,37,21.775086123497818
15,38,22.583461452466036
15,39,21.653010488491137
15,40,18.31498162527459
15,41,17.819657815347284
15,42,18.734685464367494
15,43,16.776087942122217
15,44,13.660770179139039
15,45,14.310418838100762
15,46,14.562988944666294
15,47,10.807908390386332
15,48,11.218897117211824
15,49,14.122668525337321
15,50,12.889316368759964
15,51,9.854912800957894
15,52,11.606950603937095
15,53,8.830823101587761
15,54,10.638685412673462
15,55,8.401328523217833
15,56,7.100747071079074
15,57,10.8138765566691
15,58,11.891321594240635
15,59,10.110901260896728
15,60,11.553964109039445
15,61,14.560751904469159
15,62,14.989038537755452
15,63,14.74674746390872
15,64,17.28327978527715
15,65,19.483758059047254
15,66,19.704926180054922
15,67,20.24339286753958
15,68,22.548832620227916
15,69,24.751821667605796
15,70,24.93321025468281
15,71,26.345649629546674
15,72,28.663268144453962
15,73,32.616670046860584
15,74,33.82877399738596
15,75,35.819782977349114
15,76,35.945093996658194
15,77,32.20082289567696
15,78,30.309178949657447
15,79,28.956726054185634
15,80,25.33055259169573
15,81,26.46925374020757
15,82,28.079337761896657
15,83,25.162813319638328
15,84,23.726454062129374
15,85,21.199986742332225
15,86,18.431918139322025
15,87,15.178206716198934
15,88,11.6484737913157
15,89,12.140420709531844
15,90,15.48319330268685
15,91,14.840005801679595
15,92,12.26949257597102
15,93,14.63949772993928
15,94,17.58626073327169
15,95,16.3377011847156
15,96,16.243110279704002
15,97,19.77617504574731
15,98,21.26773516893096
15,99,20.268968028717165
15,100,22.296594814549074
15,101,25.270312065055904
15,102,25.14694937433548
15,103,25.080559625263923
15,104,28.208057685972445
15,105,29.75982712976821
16,1,23.454447380866895
16,2,21.984359807363763
16,3,21.188137405654388
16,4,19.27761645028737
16,5,16.83744507666165
16,6,15.933945061941653
16,7,14.939945314101536
16,8,12.618043085094039
16,9,10.978937708935119
16,10,10.031013733420872
16,11,8.630590814530693
16,12,5.901012638807104
16,13,6.025517823239696
16,14,4.915279707653599
16,15,3.7866415511706073
16,17,3.791211362057336
16,18,6.7802031292110065
16,19,8.780714112479176
16,20,11.988449496716727
16,21,13.942452536340094
16,22,14.542971191387284
16,23,17.816487016892342
16,24,17.930186844160186
16,25,20.873984942068365
16,26,22.121015061339282
16,27,25.787490284677542
16,28,25.462056548422304
16,29,29.06864942587878
16,30,29.69282445489581
16,31,31.811618215966433
16,32,29.148931435514875
16,33,26.33099376841369
16,34,26.143389007650885
16,35,25.680775632953825
16,36,22.85255862961354
16,37,21.11390172539236
16,38,21.76900659271577
16,39,20.245159201740773
16,40,17.116110201731185
16,41,17.12640225955659
16,42,17.498639844779326
16,43,14.969531237168814
16,44,12.442726617456483
16,45,13.178363374073637
16,46,12.511586625842344
16,47,8.832728899926433
16,48,10.252885242595752
16,49,12.468951830059416
16,50,10.527863138955032
16,51,8.228473129077777
16,52,10.865302441330464
16,53,9.215611885352798
16,54,11.968406986005288
16,55,10.679758566100256
16,56,8.507162098914781
16,57,11.658844447829113
16,58,13.715918501137072
16,59,12.001710697960105
16,60,12.32709044045812
16,61,15.65219914221823
16,62,16.74193339007149
16,63,15.966335582805222
16,64,17.960668650616377
16,65,20.699134143254838
16,66,21.06533950087043
16,67,20.96442968751245
16,68,23.096466299962845
16,69,25.732610710930864
16,70,25.84486541439485
16,71,26.746320867128137
16,72,29.22917799170975
16,73,32.07674816717861
16,74,32.99551970796833
16,75,34.64571332810521
16,76,34.42487071190321
16,77,30.647348565137992
16,78,28.411868680884435
16,79,26.96453207006623
16,80,23.283122988730305
16,81,23.997686226709465
16,82,25.539672722410177
16,83,22.720302614864416
16,84,21.046181129995116
16,85,18.213692645941265
16,86,15.486396545138504
16,87,12.04880780316967
16,88,8.735969359263825
16,89,9.807625550676201
16,90,13.326457557806163
16,91,12.82095635935699
16,92,11.057113538316937
16,93,13.684436519355405
16,94,16.33035614928627
16,95,15.61632006538622
16,96,16.194664444970865
16,97,19.421113131741006
16,98,20.83116800491456
16,99,20.49722703729136
16,100,22.66398519081694
16,101,25.303014788675622
16,102,25.457636741671234
16,103,25.8598060555764
16,104,28.828483266727357
16,105,30.330749206288168
17,1,26.449525257067474
17,2,24.95918727634086
17,3,23.774883140720558
