1,2,3.849388581147652
1,3,6.338728138893269
1,4,9.995908984896257
1,5,12.759909503463236
1,6,15.638711040542763
1,7,18.770020631986856
1,8,22.022104379771314
1,9,25.41570744326941
1,10,28.363505635245936
1,11,31.966672689697965
1,12,34.39347431313558
1,13,35.89102424812638
1,14,39.62285940055529
1,15,40.45876717715973
1,16,38.9863531719963
1,17,40.62565141690851
1,18,43.81207078593898
1,19,43.752506946698176
1,20,43.525310736312775
1,21,40.00985100633446
1,22,36.889838605476186
1,23,33.18673854680368
1,24,30.573842313932897
1,25,27.148423351625233
1,26,23.88209065402672
1,27,20.81035514594185
1,28,17.152126903521996
1,29,15.33052397050156
1,30,12.051309784773208
1,31,9.935113576419214
1,32,7.508385069890718
1,33,8.59731673200202
1,34,12.226478168249635
1,35,14.009601686764414
1,36,15.660441067286124
1,37,19.149343624732808
1,38,21.5184901068514
1,39,24.799352342642113
1,40,27.671051577998067
1,41,30.483062931665376
1,42,33.75279054074433
1,43,35.8630685034116
1,44,33.8517061966402
1,45,34.71914413976264
1,46,31.7609979187866
1,47,31.901975023191365
1,48,31.769468582021855
1,49,32.098942182723995
1,50,32.85689785603702
1,51,29.444729111741538
1,52,27.588733677790152
1,53,24.082161667309784
1,54,22.33026731609997
1,55,18.772854862524245
1,56,18.02669705161319
1,57,17.00216970477901
1,58,13.520127027758202
1,59,13.69081480851845
1,60,15.475625807002045
1,61,13.788429721523668
1,62,10.237738018935852
1,63,9.752782236247302
1,64,9.81747867735051
1,65,12.72997104347774
1,66,15.432941837837813
1,67,18.17326855065333
1,68,21.757729543014197
1,69,24.11260988254823
1,70,27.845041671558093
1,71,30.455419574534492
1,72,34.01650573886393
1,73,37.210964345871325
1,74,40.74458968985725
1,75,41.9095212870217
1,76,44.329842861070716
1,77,41.61015358715651
1,78,39.252929399135795
1,79,42.1841928727856
1,80,42.82385546369332
1,81,39.66938076506368
1,82,38.15943374964138
1,83,34.5711534332414
1,84,31.830086909487502
1,85,28.503585819740852
1,86,25.047316276065967
1,87,22.969932591083634
1,88,19.27030861351369
1,89,17.48973082633345
1,90,13.797822953364182
1,91,11.730780297039605
1,92,9.874736027056034
1,93,13.436886834369801
1,94,15.73650297986736
1,95,18.507190109435058
1,96,19.648813855240277
1,97,19.95074894323517
1,98,23.222249991270374
1,99,24.373893434809535
1,100,28.087033081040758
1,101,31.296799558388074
1,102,35.03590979292198
1,103,37.18284703689519
1,104,39.12874633411766
1,105,37.07030150822301
2,1,3.849388581147652
2,3,3.8270966706679994
2,4,6.85454355775748
2,5,9.82568944743521
2,6,13.077153838592983
2,7,15.844379075226758
2,8,19.330175656760304
2,9,22.539105237621335
2,10,25.6726916108031
2,11,29.145133809359585
2,12,31.666835487087138
2,13,33.444983718554745
2,14,37.15768362218483
2,15,38.17484606098357
2,16,36.52875075742005
2,17,37.93708988995606
2,18,41.25766597405373
2,19,41.242806425671795
2,20,40.772914245594045
2,21,37.183945806097
2,22,33.987412776420726
2,23,30.335176522527355
2,24,27.589360516099827
2,25,24.32298262892743
2,26,20.89823761764094
2,27,18.13358483713453
2,28,14.362460152846234
2,29,13.19287837386998
2,30,10.514013252866908
2,31,7.536592923608677
2,32,5.1768518196992
2,33,6.260386065569406
2,34,9.877277660751556
2,35,10.982655010016343
2,36,12.205096425592012
2,37,15.531745955064576
2,38,17.937353807592
2,39,21.104416713252593
2,40,24.057528474916495
2,41,26.79455491259825
2,42,30.136561550519176
2,43,32.20713761118325
2,44,30.097188987536853
2,45,30.950968506504534
2,46,27.9991614438268
2,47,28.270031662583477
2,48,28.221834075362693
2,49,28.7662901727889
2,50,29.58479768123644
2,51,26.256734346251132
2,52,24.688016695960737
2,53,21.357749002108818
2,54,20.068214470527714
2,55,16.767283346893937
2,56,16.721140222821457
2,57,16.356045969937895
2,58,13.362067662824334
2,59,14.011888518382671
2,60,16.58545388973102
2,61,15.30942529588626
2,62,11.545889249232772
2,63,10.643635240316604
2,64,9.27716811887705
2,65,11.267632679320597
2,66,13.474951936942663
2,67,15.68493752632272
2,68,19.192887609738534
2,69,21.173979161294888
2,70,24.929783320452888
2,71,27.294967180487347
2,72,30.93692127241816
2,73,34.023005337975306
2,74,37.61938837007384
2,75,38.843927407069714
2,76,41.10307728829296
2,77,38.2586786058578
2,78,35.98665326087038
2,79,38.93124578466134
2,80,39.39519456951191
2,81,36.1959560522032
2,82,34.744948794456974
2,83,31.10429960666406
2,84,28.39864614225606
2,85,24.981796275203223
2,86,21.54679866115992
2,87,19.283632910682307
2,88,15.566222424191023
2,89,13.655004918467338
2,90,9.970949924831924
2,91,8.007246718461689
2,92,6.192806691468511
2,93,9.890377388736848
2,94,12.435363314343007
2,95,14.905746663733316
2,96,15.886743973865743
2,97,16.38813815523039
2,98,19.68314161295849
2,99,21.078094988737
2,100,24.79766310217411
2,101,28.148428654261643
2,102,31.83370370890798
2,103,34.04901429023825
2,104,36.18532487583207
2,105,34.26839190789479
3,1,6.338728138893269
3,2,3.8270966706679994
3,4,3.8146474806116593
3,5,6.532414022335066
3,6,9.430463024159494
3,7,12.491616240635894
3,8,15.850036794042632
3,9,19.237182567502998
3,10,22.342813947733458
3,11,25.88584705683399
3,12,28.506393357532428
3,13,30.126790667016987
3,14,33.80383947429482
3,15,34.91503041020973
3,16,33.465528023122054
3,17,34.85160637777535
3,18,38.13244025528019
3,19,38.31564868305359
3,20,37.9844024771986
3,21,34.48842427417978
3,22,31.199354957544333
3,23,27.58703805516746
3,24,24.733704986413304
3,25,21.43287560764693
3,26,18.014920162520653
3,27,15.086976314821248
3,28,11.401824801713165
3,29,9.900932949747386
3,30,7.491858227086574
3,31,5.008077378135756
3,32,4.923026891107933
3,33,7.361405878355759
3,34,10.068141142144276
3,35,11.344258394416507
3,36,11.514961545688365
3,37,14.674261650933834
3,38,16.355807251301037
3,39,19.500098570855393
3,40,22.048908888763044
3,41,24.732294156655836
3,42,27.84726504756283
3,43,29.881565192811774
3,44,28.091961674320455
3,45,29.1692260738512
3,46,26.452289412873338
3,47,26.644038119418536
3,48,26.99894777555344
3,49,27.609260183084807
3,50,27.970174535224935
3,51,24.49527886282387
3,52,23.056134482734095
3,53,19.750401751359917
3,54,18.502582223590718
3,55,15.384478420407728
3,56,15.24909951468129
3,57,15.586522765182389
3,58,12.822954489423644
3,59,12.8150273128736
3,60,15.63718146510653
3,61,14.141582559479147
3,62,10.36362888308352
3,63,10.220682574407933
3,64,8.00225664296555
3,65,9.771768803026157
3,66,11.148636730489999
3,67,13.522931589627499
3,68,16.760831191019996
3,69,18.92651206998338
3,70,22.559567798780932
3,71,24.98941799356619
3,72,28.636927673492664
3,73,31.636246962298106
3,74,35.13423492947232
3,75,36.08668609153652
3,76,38.45824755063866
3,77,35.76349231843933
3,78,33.26274814795471
3,79,36.0697358043747
3,80,36.74384475299163
3,81,33.54318313723431
3,82,31.91547579020409
3,83,28.355111141763143
3,84,25.65966184729981
3,85,22.38351915263964
3,86,19.00384817403144
3,87,17.14261010405129
3,88,13.602739617646899
3,89,12.548778696187945
3,90,9.298797830323835
3,91,8.629547331679083
3,92,5.720141251413929
3,93,8.698456599789198
3,94,11.919269571243538
3,95,13.977070249370199
3,96,14.406610946610035
3,97,14.09159323343423
3,98,17.152427752413537
3,99,18.07682399665647
3,100,21.780219505530855
3,101,24.961109126573128
3,102,28.703810001030824
3,103,30.87763665728399
3,104,32.82387678074889
3,105,30.788300664242737
4,1,9.995908984896257
4,2,6.85454355775748
4,3,3.8146474806116593
4,5,3.837099334576639
4,6,6.703495454593664
4,7,9.350388650588588
4,8,12.965278692861276
4,9,16.210732617924187
4,10,19.57400476418657
4,11,22.955097244976187
4,12,25.798606796320772
4,13,27.642558099070794
4,14,31.234545851292655
4,15,32.643277834089254
4,16,31.15031785381852
4,17,32.21845414720516
4,18,35.620692829994816
4,19,36.00188963128472
4,20,35.47103786909726
4,21,31.96491610550096
4,22,28.53026055993635
4,23,25.047057188991563
4,24,21.942656938232847
4,25,18.894674674342934
4,26,15.28606883400946
4,27,12.792309972686887
4,28,9.181587961004247
4,29,8.587525570229559
4,30,7.7211550209740505
4,31,5.288447222703193
4,32,6.826091728461608
4,33,8.921326788272452
4,34,10.687543208151888
4,35,11.02176443564335
4,36,9.95107545745429
4,37,12.441669400677029
4,38,13.645536872245783
4,39,16.462193486338823
4,40,18.857291741745094
4,41,21.30290465119325
4,42,24.384770937288003
4,43,26.251228885245943
4,44,24.47583616438346
4,45,25.75121969094635
4,46,23.230525509793313
4,47,23.64634098204193
4,48,24.365766638818073
4,49,25.331474031230037
4,50,25.545117067338122
4,51,22.15913769048523
4,52,21.217411354819188
4,53,18.251704792151006
4,54,17.644396190066086
4,55,15.090919716834183
4,56,15.643347042187385
4,57,16.819127137562663
4,58,14.722929816356212
4,59,14.82105690023294
4,60,17.998594453761562
4,61,16.718390720912456
4,62,13.137839860552019
4,63,13.037685752769345
4,64,10.047063179403063
4,65,10.608662325926689
4,66,10.7570851850721
4,67,12.319305015186938
4,68,15.077144543895068
4,69,16.763893660868757
4,70,20.26471583716539
4,71,22.345522598947994
4,72,26.076735552768618
4,73,28.841359119195886
4,74,32.34480623536629
4,75,33.186493196784106
4,76,35.397530219505164
4,77,32.625976498824286
4,78,30.09013205417878
4,79,32.790519239346864
4,80,33.339157433705786
4,81,30.040316554612684
4,82,28.31277823846845
4,83,24.704689514539474
4,84,22.148316403711718
4,85,18.800155118099745
4,86,15.563252422373003
4,87,13.622538928813375
4,88,10.267877378794887
4,89,9.645335874494288
4,90,7.102612649449653
4,91,7.5351331877502865
4,92,4.378059865149336
4,93,5.889601413889185
4,94,9.526835619087704
4,95,10.935952317416513
4,96,10.958151978333099
4,97,10.312185834857187
4,98,13.365197874646729
4,99,14.4129097121994
4,100,18.157941712638536
4,101,21.430864800764756
4,102,25.131082504047853
4,103,27.452836656095858
4,104,29.48600803033281
4,105,27.47933798330156
5,1,12.759909503463236
5,2,9.82568944743521
5,3,6.532414022335066
5,4,3.837099334576639
5,6,3.805358895795153
5,7,6.059885220615407
5,8,9.522915858240562
5,9,12.747432157686335
5,10,15.948186522070536
5,11,19.411552132248442
5,12,22.11745261050455
5,13,23.91692375142451
5,14,27.553609879999406
5,15,28.863385060427113
5,16,27.34956988993485
5,17,28.51072411401322
5,18,31.873694268441202
5,19,32.212089032221705
5,20,31.768029833687272
5,21,28.299115207570942
5,22,24.894838249162536
5,23,21.37591995255831
5,24,18.350714582944832
5,25,15.179134026668379
5,26,11.661963425076785
5,27,8.977234960466324
5,28,5.424028485727069
5,29,5.146942315308791
5,30,5.742104684001352
5,31,4.481157777572852
5,32,7.688979444606097
5,33,9.849916615627262
5,34,10.274061562344848
5,35,10.81884199536904
5,36,8.967070282724638
5,37,11.165119977585215
5,38,11.465620963978616
5,39,14.417421944668847
5,40,16.33646319536554
5,41,19.003694588860448
5,42,21.8273363339352
5,43,23.96697034040129
5,44,22.595645344028785
5,45,23.7214095367586
5,46,21.269769816509783
5,47,21.262631910001435
5,48,22.122703459501306
5,49,22.870489998409266
5,50,22.66444727333032
5,51,19.142668017951237
5,52,18.153585079946517
5,53,15.226675169379796
5,54,14.665624855816109
5,55,12.49083092020012
5,56,13.195945728202197
5,57,15.087275487308911
5,58,13.681032093213187
5,59,13.684942698836114
5,60,17.107403064553843
5,61,16.28881208326451
5,62,13.167480232352858
5,63,13.00744583437815
5,64,9.468993302869078
5,65,8.939775930114294
5,66,7.88067011419346
5,67,9.110626464343948
5,68,11.503851647570476
5,69,13.347990767092245
5,70,16.740716725340363
5,71,18.99951847001761
5,72,22.66206704328129
5,73,25.483024725409773
5,74,28.90936404059273
5,75,29.685892842434214
5,76,32.05971984468797
5,77,29.445445319598544
5,78,26.82176237737669
5,79,29.57433997988787
5,80,30.362195702583424
5,81,27.220139319208485
5,82,25.617303957853945
5,83,22.16673782782142
5,84,19.336957544196384
5,85,16.25551554160514
5,86,12.864186553076133
5,87,11.681379143442202
5,88,8.593506833996148
5,89,9.291306285595084
5,90,7.703222968569017
5,91,9.70254820169139
5,92,7.550676598182184
5,93,8.148126746145813
5,94,11.908724883587372
5,95,12.198276639544433
5,96,10.95868329631519
5,97,9.593315067744731
5,98,11.750190300251063
5,99,12.013176491509126
5,100,15.574582380052506
5,101,18.67964927526477
5,102,22.43730636456708
5,103,24.439117722971154
5,104,26.469067767752367
5,105,24.651901389215563
6,1,15.638711040542763
6,2,13.077153838592983
6,3,9.430463024159494
6,4,6.703495454593664
6,5,3.805358895795153
6,7,3.8074432392719295
6,8,6.655602846501246
6,9,10.297165514461177
6,10,13.451402922000849
6,11,16.96918700923198
6,12,19.90729704092292
6,13,21.412291402211135
6,14,24.931769769019173
6,15,26.460768390707507
6,16,25.321705114970275
6,17,26.375701685379894
6,18,29.657141701038885
6,19,30.35869322721323
6,20,30.118816647241875
6,21,26.85266682818931
6,22,23.33291945862758
6,23,20.003040962678206
6,24,16.81888218356065
6,25,13.791111140476875
6,26,10.490355118313051
6,27,7.8638570625556365
6,28,5.566499641961009
6,29,4.955902756304272
6,30,7.027537077548147
6,31,7.637335396655662
6,32,11.210738324856235
6,33,13.553938780129915
6,34,13.716117727217869
6,35,14.300491692485894
6,36,11.983521458455362
6,37,13.467982597261157
6,38,12.74607132003724
6,39,15.152905974026483
6,40,16.25928496472602
6,41,18.5557325470695
6,42,20.89605500826748
6,43,22.802684745386607
6,44,21.928181890370244
6,45,23.432845329387884
6,46,21.480265181045382
6,47,21.478080471575385
6,48,22.893979044691132
6,49,23.76994009630105
6,50,22.99028093592643
6,51,19.48322587313325
6,52,18.822409715406618
6,53,16.226218761854426
6,54,15.828084746096604
6,55,14.198234137523864
6,56,14.661032088204074
6,57,17.02231382252981
6,58,15.895502916010017
6,59,15.199944157546035
6,60,18.350559123384933
6,61,17.277262812579327
6,62,14.581936855210389
6,63,15.179177729316754
6,64,11.811744064108808
6,65,11.249081973816052
6,66,9.22678772121478
6,67,10.257827308884004
6,68,11.600249818079178
6,69,13.455367279876056
6,70,16.305456940727023
6,71,18.460467385449537
6,72,21.987834303688565
6,73,24.530847261390434
6,74,27.728187262194496
6,75,28.037101266680924
6,76,30.511534032441443
6,77,28.14214870762515
6,78,25.19259487165681
6,79,27.63623685716218
6,80,28.700884975684065
6,81,25.556736896741757
6,82,23.619916009376052
6,83,20.346367550923187
6,84,17.71122812137191
6,85,14.985670540177411
6,86,12.038617850175827
6,87,11.706983535295942
6,88,9.629105778213185
6,89,11.447913383796104
6,90,10.824514592295449
6,91,13.043685721672157
6,92,10.610151458551067
6,93,10.238266692821032
6,94,13.635488980228427
6,95,13.566789598006713
6,96,11.988982746600824
6,97,9.457862012631564
6,98,10.811725290191562
6,99,10.048469976650974
6,100,13.4197327320166
6,101,16.11358241139782
6,102,19.91505682264801
6,103,21.914895945261364
6,104,23.57435236167742
6,105,21.48121677875158
7,1,18.770020631986856
7,2,15.844379075226758
7,3,12.491616240635894
7,4,9.350388650588588
7,5,6.059885220615407
7,6,3.8074432392719295
7,8,3.8192568106976266
7,9,6.888676945610428
7,10,10.359427062789639
7,11,13.661192091635796
7,12,16.693222607499415
7,13,18.596638466963597
7,14,22.07107614018369
7,15,23.789286775532357
7,16,22.413624294804084
7,17,23.176166267723172
7,18,26.602839586442872
7,19,27.33947118207723
7,20,26.832898043209674
7,21,23.516242268487133
7,22,19.91289876226503
7,23,16.68953707588244
7,24,13.320224024403279
7,25,10.596733044729337
7,26,7.1563951344952725
7,27,5.572534924186812
7,28,4.6433877528751575
7,29,6.327765190020256
7,30,9.551601091889708
7,31,9.943519322693838
7,32,13.415649359226318
7,33,15.259721441786894
7,34,14.613907875861049
7,35,14.569416472401558
7,36,11.53391311853316
7,37,12.003671035165267
7,38,10.320422150360383
7,39,12.22044468051322
7,40,12.792527320711915
7,41,15.001069749660447
7,42,17.169952228045045
7,43,19.17879701742017
7,44,18.509897277187587
7,45,19.940662142084562
7,46,18.157399291566826
7,47,18.063467353187633
7,48,19.76835297272032
7,49,20.795324618835597
7,50,19.76488149562746
7,51,16.398919580236555
7,52,16.24367343578384
7,53,14.203845001591509
7,54,14.573651122373485
7,55,13.83560622836707
7,56,15.04589828537462
7,57,17.971091683618713
7,58,17.595408953076035
7,59,17.3360480743035
7,60,20.679641023174376
7,61,20.125200592144527
7,62,17.663729865758377
7,63,17.820977121924052
7,64,14.202169181031014
7,65,12.684179896076792
7,66,9.875797262447723
7,67,9.471590645549618
7,68,9.744057087450967
7,69,10.769947791945459
7,70,13.256602039499878
7,71,15.023991477226602
7,72,18.561190475450385
7,73,20.91920665936328
7,74,24.126428945869154
7,75,24.446332588494457
7,76,26.805600775769285
7,77,24.371262681854507
7,78,21.450746337711255
7,79,23.937651193025147
7,80,24.926838439995908
7,81,21.800987760807175
7,82,19.995876952697476
7,83,16.742431189004044
7,84,13.958865443285482
7,85,11.327170864892256
7,86,8.410346100869344
7,87,8.762876593182652
7,88,7.609469469114334
7,89,10.492073977757823
7,90,11.091687062059938
7,91,14.096355920799322
7,92,12.482279505244108
7,93,11.385551836993963
7,94,14.484268989220684
7,95,13.369208351794143
7,96,10.845067869260543
7,97,8.050015702041138
7,98,8.16360427766123
7,99,6.80522838092366
7,100,9.978233613319745
7,101,12.7785512993574
7,102,16.56466040204499
7,103,18.459618755449174
7,104,20.411988206053877
7,105,18.670544660739953
8,1,22.022104379771314
8,2,19.330175656760304
8,3,15.850036794042632
8,4,12.965278692861276
8,5,9.522915858240562
8,6,6.655602846501246
8,7,3.8192568106976266
8,9,3.8234854241488656
8,10,6.878632543134529
8,11,10.338796993278697
8,12,13.399884600879826
8,13,14.999526859945814
8,14,18.43032373001431
8,15,20.21769218457469
8,16,19.113483426625844
8,17,19.885879657547658
8,18,23.198605785552378
8,19,24.15614387211402
8,20,23.89648897468689
8,21,20.806714667607316
8,22,17.201017172506667
8,23,14.178493044413177
8,24,10.880422612901643
8,25,8.355094698463816
8,26,5.874732645649096
8,27,5.02607251704116
8,28,6.598046327908136
8,29,7.9476633018141625
8,30,11.621434695947173
8,31,12.915838005850715
8,32,16.569548826261144
8,33,18.46569968463218
8,34,17.413942418266593
8,35,17.58862341653623
8,36,14.508527949855454
8,37,14.598398133992415
8,38,12.148266531440573
8,39,13.516643956708258
8,40,13.008479426440676
8,41,14.938811256374018
8,42,16.310985772879846
8,43,18.33027293514244
8,44,18.439384506981487
8,45,19.880405267532907
8,46,18.580522539699107
8,47,18.10273278617888
8,48,20.147113645871137
8,49,20.98210871742845
8,50,19.275842130957457
8,51,16.01423680199092
8,52,16.042620683243147
8,53,14.468582616770426
8,54,14.928947478254516
8,55,14.882717199481046
8,56,15.893583437068974
8,57,19.180623588717086
8,58,19.295282031640582
8,59,18.69916698600645
8,60,21.800852221879467
8,61,21.410798111936433
8,62,19.495539035338144
8,63,19.902077669271474
8,64,16.433347264147994
8,65,14.669206959311733
8,66,11.309679820206663
8,67,10.570340966133225
8,68,9.544972008816337
8,69,10.466858667797752
8,70,11.993278501006609
8,71,13.715961975261958
8,72,16.862423578776852
8,73,18.98363389224838
8,74,21.859562468523254
8,75,21.756000663454465
8,76,24.340421122670765
8,77,22.289372422653287
8,78,19.084618620947698
8,79,21.355922417402613
8,80,22.797728036698448
8,81,19.910436253806616
8,82,18.047100989123823
8,83,15.250804936215435
8,84,12.454466764736472
8,85,10.759094520370109
8,86,8.586987870610013
8,87,10.410672174998465
8,88,10.392482341529385
8,89,13.745925891761742
8,90,14.71084692204565
8,91,17.858415338847156
8,92,16.285396216975638
8,93,15.121615646216455
8,94,18.051163845206073
8,95,16.67033846755047
8,96,13.864949223882359
8,97,10.794355579466409
8,98,9.658956620356618
8,99,6.805693112335406
8,100,8.726287344673043
8,101,10.588869185067603
8,102,14.315001417382097
8,103,15.738589137192866
8,104,17.362390448124597
8,105,15.669326179934329
9,1,25.41570744326941
9,2,22.539105237621335
9,3,19.237182567502998
9,4,16.210732617924187
9,5,12.747432157686335
9,6,10.297165514461177
9,7,6.888676945610428
9,8,3.8234854241488656
9,10,3.8082971706561026
9,11,6.779714029183448
9,12,10.001501456659964
9,13,12.115134761774657
9,14,15.421367284091385
9,15,17.454218902702163
9,16,16.109680840261884
9,17,16.48072469496296
9,18,19.943617881116662
9,19,20.992050628375686
9,20,20.462975196372348
9,21,17.390329696237043
9,22,13.690427472823773
9,23,10.952585474177877
9,24,7.459165751965126
9,25,5.87181511454301
9,26,4.572216007294997
9,27,6.227160601252538
9,28,8.990134117908768
9,29,11.10952875867156
9,30,14.907008959913934
9,31,16.012858177070672
9,32,19.49920408203596
9,33,21.05837439965231
9,34,19.51016185291833
9,35,19.28900320922024
9,36,15.943892685313395
9,37,15.21090271340809
9,38,12.036055602038756
9,39,12.53258395385557
9,40,10.996698607456267
9,41,12.55283937139685
9,42,13.266072291958142
9,43,15.39695407200129
9,44,16.066002985745904
9,45,17.327871387956197
9,46,16.440660123410307
9,47,15.707243091899
9,48,18.097161170775056
9,49,18.985344359744502
9,50,16.82610366017275
9,51,13.93318116486099
9,52,14.619977319171236
9,53,13.939857339190786
9,54,15.142391117849689
9,55,16.01967222622949
9,56,17.514011848162205
9,57,21.07459723001197
9,58,21.761113562079895
9,59,21.468472371115375
9,60,24.60636743860152
9,61,24.59166935239917
9,62,22.86224588061366
9,63,22.985654520533945
9,64,19.452505658247738
9,65,17.193717000848626
9,66,13.605791265584564
9,67,11.917307746629463
9,68,9.774259828102037
9,69,9.509702648455233
9,70,9.892921140006704
9,71,10.90243974872666
9,72,13.761891431759716
9,73,15.501562961490672
9,74,18.246702106615043
9,75,18.01800507428096
9,76,20.54050032358853
9,77,18.544566992615515
9,78,15.279778978240826
9,79,17.552103391894953
9,80,19.06853376308165
9,81,16.327226135444015
9,82,14.680034738267834
9,83,12.188754265083725
9,84,9.215751943723756
9,85,8.384256262949451
9,86,7.080600303477754
9,87,10.097783289746893
9,88,11.278100124422828
9,89,14.998113813780133
9,90,16.696422950460637
9,91,20.155208888547264
9,92,19.102755722418802
9,93,17.628556577089604
9,94,20.257283303312583
9,95,18.250715506931687
9,96,14.973921764455596
9,97,12.116362398069532
9,98,9.820664596177625
9,99,6.431326167685444
9,100,6.6491825421803865
9,101,7.866601452298379
9,102,11.343957493016239
9,103,12.309907494842037
9,104,14.244713222842844
9,105,13.167610292197972
10,1,28.363505635245936
10,2,25.6726916108031
10,3,22.342813947733458
10,4,19.57400476418657
10,5,15.948186522070536
10,6,13.451402922000849
10,7,10.359427062789639
10,8,6.878632543134529
10,9,3.8082971706561026
10,11,3.807096173540326
10,12,6.55862201605744
10,13,8.332300698862024
10,14,11.747783432019457
10,15,13.654849044139684
10,16,12.464380445902426
10,17,13.023587759298401
10,18,16.34087631001017
10,19,17.463678448674905
10,20,17.273127667436203
10,21,14.47669002028531
10,22,10.931967501690423
10,23,8.507054636632958
10,24,5.740579874149927
10,25,5.005591778347941
10,26,6.300560426366632
10,27,8.147707951960362
10,28,11.632756194221836
10,29,13.387094204042514
10,30,17.165560116529836
10,31,18.752445346817336
10,32,22.27070932328405
10,33,23.815228556125984
10,34,21.935706083612352
10,35,21.974134603418776
10,36,18.79234398528262
10,37,18.019240791662245
10,38,14.641996789750975
10,39,14.957681257746954
10,40,12.777430028803943
10,41,14.15180268405536
10,42,13.967970188309828
10,43,16.206101949065573
10,44,17.626433539676256
10,45,18.53800688450785
10,46,17.99713673843893
10,47,16.689507278362868
10,48,19.05312123615728
10,49,19.4810474010177
10,50,16.715708599218154
10,51,14.09859939026413
10,52,14.745153293805021
10,53,14.560158260995937
10,54,15.684788519169006
10,55,17.13791361569395
10,56,18.400311470301023
10,57,22.09089844932809
10,58,23.23924773881222
10,59,22.795805945929175
10,60,25.674815470997835
10,61,25.94448989336966
10,62,24.710167156156647
10,63,24.877688604341156
10,64,21.536363097827177
10,65,19.09385146623489
10,66,15.34551848079071
10,67,13.533670895912687
10,68,10.6230100561532
10,69,10.3058121939496
10,70,9.41723624510714
10,71,10.376776560839462
10,72,12.351450041846537
10,73,13.849108165438224
10,74,16.06744941693067
10,75,15.432426660480953
10,76,18.346373088057888
10,77,16.943606812994254
10,78,13.508410548345681
10,79,15.623381033290455
10,80,17.780093572462885
10,81,15.64118749577791
10,82,14.347761423051882
10,83,12.763860139506368
10,84,9.912456783584267
10,85,10.455121626922976
10,86,9.886200687367435
10,87,13.342973575754648
10,88,14.718869257548223
10,89,18.43712782566067
10,90,20.107085206113357
10,91,23.63276779187732
10,92,22.641297905585336
10,93,21.358335860373824
10,94,24.052488666857688
10,95,22.008641208493792
10,96,18.644551522227072
10,97,15.883392391790345
10,98,13.362384380938819
10,99,9.880538237792567
10,100,8.947947342053245
10,101,8.641113624187204
10,102,11.31180204184948
10,103,11.09135118768923
10,104,12.605630205785808
10,105,12.091767301389677
11,1,31.966672689697965
11,2,29.145133809359585
11,3,25.88584705683399
11,4,22.955097244976187
11,5,19.411552132248442
11,6,16.96918700923198
11,7,13.661192091635796
11,8,10.338796993278697
11,9,6.779714029183448
11,10,3.807096173540326
11,12,3.8080968196738363
11,13,6.336203198338239
11,14,9.090151716488325
11,15,11.594498030328385
11,16,10.337801928488826
11,17,9.97422813377242
11,18,13.4434663813438
11,19,14.963259191794014
11,20,14.455206591872075
11,21,11.947967117524078
11,22,8.389932313259333
11,23,7.193266416013609
11,24,5.086187196064457
11,25,6.82057191612096
11,26,8.996782712867025
11,27,11.61111965361514
11,28,15.092759627910882
11,29,17.117740153914617
11,30,20.910418497298338
11,31,22.328198577980977
11,32,25.75392459147784
11,33,27.128183534520097
11,34,25.07927212302985
11,35,24.80698314522239
11,36,21.48874463070728
11,37,20.181627514647264
11,38,16.532236309252852
11,39,16.051567994335365
11,40,13.1308470519192
11,41,13.698805045940759
11,42,12.497411372512946
11,43,14.450651797836539
11,44,16.602151254414817
11,45,17.401967983031035
11,46,17.54553616617384
11,47,16.16806128112818
11,48,18.86196586883092
11,49,19.41219430389766
11,50,16.26688635264133
11,51,14.40201506003385
11,52,15.763414077236995
11,53,16.44397313806248
11,54,18.086803345196042
11,55,20.048897098592132
11,56,21.57030162352967
11,57,25.312553079242154
11,58,26.712594167063376
11,59,26.416584918662423
11,60,29.280897139420762
11,61,29.673675262030898
11,62,28.49408156240157
11,63,28.572453988525915
11,64,25.202367276039976
11,65,22.603598492467132
11,66,18.8531234513959
11,67,16.68120430176907
11,68,13.463592217504095
11,69,12.323436514706096
11,70,10.382923452912816
11,71,10.115807600885855
11,72,11.149904969726899
11,73,11.648612694562354
11,74,13.310815312011098
11,75,12.125058077346688
11,76,14.933121039673436
11,77,13.840905563837692
11,78,10.223378065105353
11,79,11.983481446806202
11,80,14.422242965131527
11,81,12.655029744993621
11,82,11.606726671938423
11,83,10.910346641507862
11,84,8.589318924076979
11,85,10.49528543315651
11,86,11.153810000172257
11,87,14.904363552571922
11,88,16.99871284035606
11,89,20.771238962501243
11,90,22.88562410754364
11,91,26.504932977777322
11,92,25.75639441738121
11,93,24.17781282031366
11,94,26.571630086349213
11,95,24.162128569259895
11,96,20.653511387270818
11,97,18.032491900087273
11,98,14.961269028319942
11,99,11.556712527641306
11,100,9.365968295988981
11,101,7.796171076044293
11,102,9.25984870573252
11,103,7.999899447785842
11,104,9.59641125921307
11,105,10.066758166855001
12,1,34.39347431313558
12,2,31.666835487087138
12,3,28.506393357532428
12,4,25.798606796320772
12,5,22.11745261050455
12,6,19.90729704092292
12,7,16.693222607499415
12,8,13.399884600879826
12,9,10.001501456659964
12,10,6.55862201605744
12,11,3.8080968196738363
12,13,3.8090726643646957
12,14,6.49746453236757
12,15,8.381882087557372
12,16,6.599189712429125
12,17,6.49641335935171
12,18,9.985463981055027
12,19,11.196796029486793
12,20,10.893473223807508
12,21,8.58822429732248
12,22,5.46826356163648
12,23,5.2198424983269005
12,24,5.49877295300349
12,25,7.851016928964349
12,26,11.076012950009963
12,27,13.634458922877409
12,28,17.3439868553841
12,29,19.29794157629332
12,30,22.989081518001758
12,31,24.567067329132843
12,32,27.883198958085984
12,33,29.10863921124106
12,34,26.706597390085257
12,35,26.58280195838805
12,36,23.472442560859793
12,37,22.14846148588835
12,38,18.481174849503816
12,39,18.027603133824297
12,40,14.93648621871898
12,41,15.64187842545817
12,42,14.014687188088216
12,43,16.234240764140054
12,44,18.6832996031431
12,45,18.84333590330094
12,46,19.009399295599298
12,47,17.010865794260354
12,48,19.33313613201376
12,49,19.2854042723248
12,50,15.75401322014971
12,51,14.30865289303747
12,52,15.508918549379011
12,53,16.677290441035545
12,54,18.281901845258165
12,55,20.736754424736947
12,56,22.19251099914995
12,57,25.928730942033496
12,58,27.785787103266465
12,59,27.588762577419196
12,60,30.285473847840656
12,61,31.0674123060603
12,62,30.24530746486675
12,63,30.14082156796348
12,64,26.922547033653228
12,65,24.087979106844116
12,66,20.350438897715126
12,67,17.987427233161082
12,68,14.409439409911617
12,69,13.15770591271666
12,70,10.35285604634862
12,71,9.988707947172864
12,72,9.751152003447725
12,73,9.999311174197596
12,74,10.931700919713652
12,75,9.573273290167037
12,76,12.92789902584808
12,77,12.563514959019146
12,78,9.25717891302171
12,79,11.077506318543808
12,80,14.054418926367608
12,81,13.269464654341595
12,82,13.154721525862342
12,83,13.265464242536416
12,84,11.026216848890488
12,85,13.360926612928383
12,86,13.94382343558693
12,87,17.736250719382078
12,88,19.733950366276392
12,89,23.415670943803487
12,90,25.464746936209444
12,91,29.161026113971378
12,92,28.6226018973899
12,93,27.30030149637938
12,94,29.826768896990423
12,95,27.37845535500469
12,96,23.757105617348326
12,97,21.386291776788365
12,98,18.34891599863262
12,99,15.122455876214156
12,100,12.929425054293247
12,101,11.269035717631475
12,102,11.970885824061682
12,103,9.661130034982623
12,104,10.926637092413685
12,105,12.32316944973262
13,1,35.89102424812638
13,2,33.444983718554745
13,3,30.126790667016987
13,4,27.642558099070794
13,5,23.91692375142451
13,6,21.412291402211135
13,7,18.596638466963597
13,8,14.999526859945814
13,9,12.115134761774657
13,10,8.332300698862024
13,11,6.336203198338239
13,12,3.8090726643646957
13,14,3.818749562553189
13,15,5.41124571447714
13,16,5.329872503206545
13,17,6.206625989162148
13,18,8.58630309373427
13,19,10.275344265251753
13,20,11.250774970557865
13,21,10.007889677464592
13,22,8.023384696556
13,23,8.218019214253836
13,24,8.988944892014086
13,25,10.453479869001335
13,26,13.638149347112222
13,27,15.47723274838115
13,28,19.234705872495574
13,29,20.577281183028255
13,30,24.128457312608674
13,31,26.194546019001557
13,32,29.65026923239797
13,33,31.10751409452481
13,34,28.8037378788546
13,35,29.08896181972736
13,36,26.144711763024603
13,37,25.195622426040547
13,38,21.648196047788
13,39,21.521059231450987
13,40,18.588687242587792
13,41,19.354739933198807
13,42,17.700167990685827
13,43,19.670123169104436
13,44,22.25325703225327
13,45,22.580311958892164
13,46,22.8038701337358
13,47,20.797066062202894
13,48,23.01131878226072
13,49,22.729014939683186
13,50,19.1439549806668
13,51,17.60093027964307
13,52,18.309722911039877
13,53,19.14802592504528
13,54,20.173526649731002
13,55,22.447276642585862
13,56,23.337934259392657
13,57,26.978762249980246
13,58,28.82341691195095
13,59,28.202256721953475
13,60,30.531584865482095
13,61,31.24912811331233
13,62,30.819855566067464
13,63,31.043181159329947
13,64,28.085784206881982
13,65,25.47767948718748
13,66,21.75760807742173
13,67,19.867848110876118
13,68,16.368284730592663
13,69,15.828448827177713
13,70,13.213840936241082
13,71,13.44862005945786
13,72,12.956292593538022
13,73,13.180167603229378
13,74,13.399873190914645
13,75,11.460234911629945
13,76,14.97100328755657
13,77,15.404131229805555
13,78,12.211705623224118
13,79,13.265316408610527
13,80,16.675257889220603
13,81,16.26523994017497
13,82,15.909255802919795
13,83,16.3481812384935
13,84,14.446176673541583
13,85,16.71498156960841
13,86,17.1673693463992
13,87,20.912344895949136
13,88,22.64469510703835
13,89,26.338785044742515
13,90,28.089028223601236
13,91,31.692834285339604
13,92,30.830295557339852
13,93,29.674362929784284
13,94,32.35303022761798
13,95,30.16314102989457
13,96,26.67510269154624
13,97,24.034522882097033
13,98,21.168449973691036
13,99,17.680557435135203
13,100,15.64027857015987
13,101,13.61631923374963
13,102,14.1988281841064
13,103,11.694150278405834
13,104,11.747702324633723
13,105,12.84777618112929
14,1,39.62285940055529
14,2,37.15768362218483
14,3,33.80383947429482
14,4,31.234545851292655
14,5,27.553609879999406
14,6,24.931769769019173
14,7,22.07107614018369
14,8,18.43032373001431
14,9,15.421367284091385
14,10,11.747783432019457
14,11,9.090151716488325
14,12,6.49746453236757
14,13,3.818749562553189
14,15,3.8368500074920977
14,16,5.4289376094476856
14,17,4.861892409113256
14,18,5.996232942851129
14,19,8.838740390162254
14,20,10.165514144846453
14,21,10.21869377314802
14,22,9.247921946614627
14,23,10.791805950950184
14,24,11.985592697188324
14,25,14.01722994588369
14,26,17.20389208896803
14,27,19.22327457604552
14,28,22.96385265455054
14,29,24.322143767710752
14,30,27.88255886706173
14,31,29.958513977159303
14,32,33.433632522556564
14,33,34.887117649466724
14,34,32.57094057803351
14,35,32.7559075676378
14,36,29.740508050480813
14,37,28.589805178215556
14,38,24.948688737662554
14,39,24.46507364813899
14,40,21.26128169004985
14,41,21.519570934746437
14,42,19.306195047351892
14,43,20.81562075758838
14,44,23.829472020329987
14,45,24.166530845714266
14,46,24.888980825224436
14,47,22.955518519368912
14,48,25.31336043216963
14,49,25.099874055689227
14,50,21.38340157952642
14,51,20.36414651980341
14,52,21.384135111081203
14,53,22.575362520080017
14,54,23.751846719725762
14,55,26.165274615771875
14,56,27.06843289665049
14,57,30.687601887733766
14,58,32.593844854948124
14,59,31.921934638805084
14,60,34.14839544939841
14,61,34.844565939575574
14,62,34.50528855714682
14,63,34.81199596056464
14,64,31.884537378848563
14,65,29.295000017172537
14,66,25.576270900789524
14,67,23.65006206853842
14,68,20.110269099511562
14,69,19.345314304292415
14,70,16.46777795632975
14,71,16.153468416380655
14,72,15.024807365111418
14,73,14.365337661597422
14,74,13.598210975378407
14,75,10.813983952758914
14,76,14.024992660768117
14,77,15.324615077566348
14,78,12.398652992274611
14,79,12.430027353291523
14,80,16.154717718329767
14,81,16.438617602443173
14,82,16.261583791121264
14,83,17.534143247858076
14,84,16.327915243150322
14,85,19.111407800452422
14,86,20.116810201307036
14,87,23.90901645576655
14,88,25.945752156659356
14,89,29.67830175722966
14,90,31.611478840213152
14,91,35.23456310967059
14,92,34.37986583169324
14,93,33.04496253504386
14,94,35.5621389411533
14,95,33.2400062396415
14,96,29.74288876378724
14,97,27.071149440211904
14,98,23.98656977255075
14,99,20.49773315523994
14,100,18.0068228631167
14,101,15.400280213245379
14,102,15.082900739034216
14,103,11.970978736420879
14,104,11.203995013524288
14,105,12.952381001040825
15,1,40.45876717715973
15,2,38.17484606098357
15,3,34.91503041020973
15,4,32.643277834089254
15,5,28.863385060427113
15,6,26.460768390707507
15,7,23.789286775532357
15,8,20.21769218457469
15,9,17.454218902702163
15,10,13.654849044139684
15,11,11.594498030328385
15,12,8.381882087557372
15,13,5.41124571447714
15,14,3.8368500074920977
15,16,3.8224600735701966
15,17,5.507013636643293
15,18,5.065800003900683
15,19,6.714662695219454
15,20,9.29135618024699
15,21,9.861493278298477
15,22,9.949264159201872
15,23,11.373030635115386
15,24,13.431950216774844
15,25,15.044698511751982
15,26,18.52968921826427
15,27,20.22395677617592
15,28,24.005904903584252
15,29,25.154227711603234
15,30,28.514077701442222
15,31,30.7741387430848
15,32,34.13415879934562
15,33,35.51305775694801
15,34,32.988193572128196
15,35,33.455599827748486
15,36,30.7233262879355
15,37,29.7966493013425
15,38,26.28432261903605
15,39,26.133402604613092
15,40,23.094696452664817
15,41,23.794834895849192
15,42,21.765607648026283
15,43,23.678121020653478
15,44,26.54951149474176
15,45,26.486664245240885
15,46,26.87512107698248
15,47,24.518261901767985
15,48,26.417578888647686
15,49,25.650630586292156
15,50,21.887007639209287
15,51,20.875870348073924
15,52,21.382814239169743
15,53,22.55776123695305
15,54,23.386819985218487
15,55,25.94350275533252
15,56,26.590157929760775
15,57,30.065976967747783
15,58,32.26741200853782
15,59,31.606613583061083
15,60,33.5876057297088
15,61,34.60757490160364
15,62,34.636341337248346
15,63,34.81879138651278
15,64,32.12503129777706
15,65,29.453292090457282
15,66,25.855195154842722
15,67,23.991362308977244
15,68,20.40966360672496
15,69,19.911278082454718
15,70,16.908882194201162
15,71,17.036871531928753
15,72,15.487982465985604
15,73,15.220072949466658
15,74,14.18927250982484
15,75,11.902464959410128
15,76,15.377661888628802
15,77,16.987089207659917
15,78,14.553692246133147
15,79,14.98733589459871
15,80,18.68369573338391
15,81,19.30555289220562
15,82,19.56520969397956
15,83,20.71750504831906
15,84,19.109458534102043
15,85,21.698245557335493
15,86,22.250320621451184
15,87,26.01357266145319
15,88,27.725459942745946
15,89,31.353715231080546
15,90,33.0408755680697
15,91,36.664482142838956
15,92,35.89169260143156
15,93,34.90833198155735
15,94,37.662464083360085
15,95,35.45993069066887
15,96,31.917680694936365
15,97,29.382945897932302
15,98,26.494319522774276
15,99,23.060282137387784
15,100,20.895513952176206
15,101,18.654997821576025
15,102,18.635767684227233
15,103,15.552348899995957
15,104,15.025666184603033
15,105,16.71210595863422
16,1,38.9863531719963
16,2,36.52875075742005
16,3,33.465528023122054
16,4,31.15031785381852
16,5,27.34956988993485
16,6,25.321705114970275
16,7,22.413624294804084
16,8,19.113483426625844
16,9,16.109680840261884
16,10,12.464380445902426
16,11,10.337801928488826
16,12,6.599189712429125
16,13,5.329872503206545
16,14,5.4289376094476856
16,15,3.8224600735701966
16,17,3.8140462547834337
16,18,5.178740724245474
16,19,5.243911535250682
16,20,6.787099429060865
16,21,6.36217768219014
16,22,6.564119175724779
16,23,8.103723212116405
16,24,10.813415432305247
16,25,12.715367109433592
16,26,16.41165062657336
16,27,18.46468764624969
16,28,22.24458093609319
16,29,23.81165243919817
16,30,27.212603153044004
16,31,29.137038957346647
16,32,32.30866037061341
16,33,33.423849853409884
16,34,30.672546018424374
16,35,30.920443768910634
16,36,28.213181723742746
16,37,27.078991988883367
16,38,23.565743926866293
16,39,23.323252319210987
16,40,20.28039220999512
16,41,21.15490577756238
16,42,19.223720040125766
16,43,21.520210804931384
16,44,24.20857344279751
16,45,23.732405268610947
16,46,23.90171430588247
16,47,21.284495138224326
16,48,22.947198876717
16,49,22.001043180263565
16,50,18.22191215151093
16,51,17.39428929408092
16,52,18.00174627627976
16,53,19.529051397231623
16,54,20.68998493084895
16,55,23.5567513717446
16,56,24.606708229830897
16,57,28.13462235019944
16,58,30.54472058759223
16,59,30.310868993423526
16,60,32.55338607825216
16,61,33.82386274053649
16,62,33.653577446964725
16,63,33.441905788093
16,64,30.604612525234558
16,65,27.646653967564294
16,66,24.074900294120074
16,67,21.79642998746483
16,68,18.085183443301247
16,69,17.135619018576307
16,70,13.83337230799126
16,71,13.733295882525525
16,72,11.856374898918908
16,73,11.7427375361957
16,74,10.920041375597606
16,75,9.329592720954826
16,76,13.069352772306916
16,77,14.289446920355456
16,78,12.127820888271447
16,79,13.34958582905988
16,80,16.776278206798896
16,81,17.39806773586964
16,82,18.163517243440204
16,83,19.09306755383638
16,84,17.108973216699475
16,85,19.637354115153418
16,86,20.048725908501932
16,87,23.774877624483743
16,88,25.510008010671765
16,89,29.036100298794448
16,90,30.843142592438888
16,91,34.54230024234395
16,92,34.12139849041353
16,93,33.18559932563469
16,94,35.92383441228782
16,95,33.55884576576825
16,96,29.891565044954366
16,97,27.689364129107
16,98,24.78243035334858
16,99,21.623625665064594
16,100,19.519592443654016
16,101,17.712235610661654
16,102,17.85034527140806
16,103,14.82151361151
16,104,15.249710436278846
16,105,17.239358781486324
17,1,40.62565141690851
17,2,37.93708988995606
17,3,34.85160637777535
17,4,32.21845414720516
17,5,28.51072411401322
17,6,26.375701685379894
17,7,23.176166267723172
