1,2,3.7986707624416556
1,3,7.077970654451513
1,4,10.696776553968915
1,5,12.382327037465448
1,6,14.739916902033045
1,7,18.20428621725062
1,8,18.563541956557085
1,9,22.2877910447414
1,10,22.73949158549549
1,11,19.497727570044198
1,12,19.473779309625332
1,13,17.108828273968033
1,14,18.15030749073315
1,15,20.32028156836592
1,16,20.593420316304456
1,17,23.44914359608604
1,18,22.792007758356835
1,19,20.539949525362903
1,20,18.3454222754605
1,21,18.18300417596005
1,22,18.953573140941977
1,23,19.69378027621902
1,24,19.887135003032625
1,25,16.218849169089488
1,26,15.329079946849724
1,27,17.683521612658183
1,28,16.71664626237705
1,29,12.962753077541812
1,30,14.011100233478164
1,31,16.627997009423126
1,32,14.494798507990618
1,33,11.561373134894605
1,34,13.412692450186595
1,35,14.844656984382347
1,36,12.165927634128387
1,37,9.811081317692679
1,38,10.645085737075611
1,39,11.537564666680995
1,40,14.104378352535496
1,41,16.28488628500667
1,42,15.616401878375603
1,43,18.384591306133558
1,44,19.57782610048152
1,45,16.82021446284626
1,46,14.37911641495037
1,47,10.934105081845129
1,48,8.660111158310842
1,49,6.438872674146203
1,50,5.672479121499398
1,51,4.93385950008105
1,52,6.233603254257328
1,53,5.777249943839911
1,54,8.821326096258817
1,55,8.42461222377437
1,56,10.630087807041656
1,57,10.005126921129827
1,58,12.626190639451936
1,59,14.762551496109806
1,60,16.808354000382305
1,61,19.652830373902926
1,62,23.114981358266213
1,63,22.127548722167365
1,64,23.06442490589534
1,65,23.484177499218656
2,1,3.7986707624416556
2,3,3.790773610126728
2,4,7.2640249754927
2,5,9.362472359545748
2,6,12.092344830887685
2,7,15.692936539904494
2,8,16.69499597360726
2,9,20.26397479827949
2,10,20.27694948712549
2,11,17.069477955921304
2,12,16.491421461589628
2,13,13.78482942298562
2,14,14.708592180646386
2,15,16.642889720993104
2,16,16.924973100771993
2,17,19.78220462457098
2,18,19.294349155604237
2,19,17.034766783850895
2,20,15.17251214557871
2,21,15.340930662370171
2,22,15.909518444707091
2,23,16.995565202212337
2,24,16.904299526845975
2,25,13.12807381823178
2,26,12.877133089922044
2,27,15.428794520681006
2,28,14.190133352371745
2,29,10.663373924598346
2,30,12.598742151740009
2,31,15.115255847024503
2,32,13.03436418559958
2,33,10.89424446869338
2,34,13.213168993932067
2,35,14.55835219527121
2,36,12.496058417787582
2,37,9.259219827186902
2,38,9.062090037889758
2,39,8.786152231101932
2,40,10.90884643180539
2,41,12.697126341123363
2,42,11.953795460812685
2,43,14.706491948195804
2,44,15.787930561386071
2,45,13.042163632281891
2,46,10.737373925204613
2,47,7.207925088757388
2,48,5.544987633945927
2,49,4.5359613607226885
2,50,6.22850113380132
2,51,5.805546033790365
2,52,8.569786196046778
2,53,8.622775055230527
2,54,10.659026759698044
2,55,8.975880155132256
2,56,10.077491465492644
2,57,8.208843884781974
2,58,10.247362778087435
2,59,12.734536573566512
2,60,15.227110839683874
2,61,18.403791082110924
2,62,21.538020985742154
2,63,20.142088778535694
2,64,20.63237171768993
2,65,20.62054768468412
3,1,7.077970654451513
3,2,3.790773610126728
3,4,3.791333380937826
3,5,6.585082456061264
3,6,8.889576178989389
3,7,12.639638277582785
3,8,13.874211358035888
3,9,17.2319153394444
3,10,16.850961342514733
3,11,13.551789908987544
3,12,12.847981749524804
3,13,10.251332263763029
3,14,11.710027629107191
3,15,13.77084034457735
3,16,14.727130664291918
3,17,17.87238775148337
3,18,18.066462400545483
3,19,15.960749171320934
3,20,14.948435326275149
3,21,15.606940360224645
3,22,15.559626211390212
3,23,16.80517043417169
3,24,15.92444570771386
3,25,12.14366710800098
3,26,12.948214210655534
3,27,15.114072347422278
3,28,13.069909957097138
3,29,10.085089926660906
3,30,12.886354910117435
3,31,14.655193735195555
3,32,12.15634588482635
3,33,11.045593993675084
3,34,14.08602942305088
3,35,15.889653272281434
3,36,14.631182967056212
3,37,11.05520352835291
3,38,10.646249197559317
3,39,9.202498837184043
3,40,10.704274597511029
3,41,11.482195402079775
3,42,10.45928392884227
3,43,12.606142571118339
3,44,13.457575353148929
3,45,10.357588471780465
3,46,8.609419435540566
3,47,5.62217899530519
3,48,5.396644884335007
3,49,6.859943599254431
3,50,9.378342855856067
3,51,8.13093113716417
3,52,10.765307557171393
3,53,10.479547900102226
3,54,11.346178266533261
3,55,9.010954451656161
3,56,8.588058458148147
3,57,5.578414473200836
3,58,6.72434810523496
3,59,9.342908889831252
3,60,12.106756766221048
3,61,15.410809441574315
3,62,18.27067562899307
3,63,16.69594782809675
3,64,16.945040880289
3,65,16.861290380010637
4,1,10.696776553968915
4,2,7.2640249754927
4,3,3.791333380937826
4,5,3.7839726920201273
4,6,6.07533794102745
4,7,9.699100977382951
4,8,11.694024607788924
4,9,14.669112104015243
4,10,13.866836457339998
4,11,10.83283945611567
4,12,9.464161834953606
4,13,6.538990076613793
4,14,8.004548234798047
4,15,10.183657735013847
4,16,11.606689225589813
4,17,15.002545166905765
4,18,15.820559636692414
4,19,14.171829747403489
4,20,14.011103272427837
4,21,14.834790957881967
4,22,14.044033986155078
4,23,15.288720177635676
4,24,13.69321617936336
4,25,10.140155830194951
4,26,11.943858691293741
4,27,13.654979952300726
4,28,11.045721441337555
4,29,8.971898822787104
4,30,12.448187196440415
4,31,13.524259995098092
4,32,11.129700197866331
4,33,11.275520102222838
4,34,14.513685638459044
4,35,16.34106923287063
4,36,15.919037267402066
4,37,12.191128999060949
4,38,11.388692911651523
4,39,9.003670010015185
4,40,9.80998254726158
4,41,9.665310811519063
4,42,8.995579341146113
4,43,10.679770749343348
4,44,10.737173744934728
4,45,7.224379188476525
4,46,5.85865714909796
4,47,4.466994478754143
4,48,5.738920448158133
4,49,8.829245647408031
4,50,11.892407518600068
4,51,10.625882414966561
4,52,13.4430547738867
4,53,13.560994743868248
4,54,13.667965518198201
4,55,10.677531846342607
4,56,9.192920972499612
4,57,5.589235793575068
4,58,5.348067497917412
4,59,8.198691826044568
4,60,10.912143119055296
4,61,14.47802828728587
4,62,16.737892092915445
4,63,14.562874610271505
4,64,14.427780719134073
4,65,13.735657382401333
5,1,12.382327037465448
5,2,9.362472359545748
5,3,6.585082456061264
5,4,3.7839726920201273
5,6,3.8016689160014354
5,7,6.841756212426967
5,8,9.12070440225034
5,9,12.139282054889081
5,10,11.938508724433477
5,11,9.585837200112314
5,12,8.379607168122826
5,13,5.828705874239674
5,14,6.264844920742497
5,15,9.470498559322428
5,16,10.93828499459461
5,17,14.65285882520038
5,18,15.79300851361946
5,19,15.023737453710872
5,20,15.086659572114106
5,21,15.167485669554333
5,22,13.520914736941394
5,23,13.884690401674584
5,24,11.75004921571273
5,25,8.5679979172882
5,26,10.40713790441138
5,27,11.144174385857806
5,28,7.985534866793016
5,29,6.477409002393883
5,30,9.977891401963458
5,31,10.269480465715265
5,32,7.845753164373678
5,33,8.965015524196064
5,34,12.250095787103596
5,35,14.30876929039187
5,36,14.71563237380615
5,37,11.219965654493352
5,38,10.931017577340343
5,39,8.830712562927731
5,40,10.19622907023968
5,41,10.383982238262085
5,42,10.991281425979025
5,43,12.81241634721406
5,44,11.739604497267944
5,45,7.943178894221493
5,46,5.720539315736149
5,47,6.125410485180224
5,48,6.113933222582427
5,49,9.677152261971798
5,50,12.376122993864158
5,51,10.724852236659723
5,52,13.435170766674107
5,53,14.271855052104511
5,54,13.710664863292214
5,55,10.143255560877
5,56,8.496237789454348
5,57,5.783596428434862
5,58,6.437482779682766
5,59,9.223487911667188
5,60,10.771234353065742
5,61,14.592124924989273
5,62,16.60072527911732
5,63,13.879474479393254
5,64,14.25092516135728
5,65,13.20747477762339
6,1,14.739916902033045
6,2,12.092344830887685
6,3,8.889576178989389
6,4,6.07533794102745
6,5,3.8016689160014354
6,7,3.7953711299313135
6,8,5.783700388098539
6,9,8.640441866108679
6,10,8.371740193653096
6,11,5.907447553330771
6,12,5.605181816899592
6,13,4.870152644939669
6,14,6.673017222641373
6,15,10.235653354319135
6,16,12.709170333978218
6,17,16.499486992350477
6,18,18.309027243529187
6,19,17.76658191892518
6,20,18.353505217495822
6,21,18.667993487026724
6,22,16.75046997869669
6,23,16.963709149155374
6,24,14.311415544766684
6,25,11.66295735377186
6,26,13.76536615745015
6,27,13.809461106079711
6,28,10.191464282646388
6,29,9.475022559819811
6,30,12.580871203249764
6,31,11.868485995992588
6,32,8.929247487939959
6,33,10.694058195272733
6,34,14.256305147441708
6,35,16.86243985661396
6,36,17.585212553141616
6,37,14.354631330201249
6,38,14.554445890836515
6,39,12.61279982288548
6,40,13.80219668548851
6,41,13.443505256692996
6,42,13.713587563718088
6,43,14.723976664033222
6,44,13.52047097489346
6,45,9.778967294466108
6,46,8.711757018101771
6,47,9.566760634925764
6,48,9.798013002538482
6,49,13.154845897715877
6,50,15.498697675341083
6,51,13.21396162229993
6,52,15.22756850809579
6,53,15.546882802577885
6,54,14.120529448796345
6,55,10.74055369375861
6,56,7.905331948251868
6,57,5.667537785903313
6,58,5.1850265246694365
6,59,7.122091571063902
6,60,7.739564445680484
6,61,11.490659740750928
6,62,13.144622075441426
6,63,10.224861915225343
6,64,10.945070849192568
6,65,10.220482133266081
7,1,18.20428621725062
7,2,15.692936539904494
7,3,12.639638277582785
7,4,9.699100977382951
7,5,6.841756212426967
7,6,3.7953711299313135
7,8,3.8054054852934813
7,9,5.53972725143955
7,10,5.73008770077959
7,11,5.115979148935708
7,12,5.261200365170698
7,13,6.26834574536592
7,14,7.12732708654232
7,15,10.723263408043282
7,16,13.418383589805249
7,17,17.118538373623636
7,18,19.407412898044985
7,19,19.5463168668654
7,20,20.56584995677013
7,21,20.642791953755147
7,22,18.159110508871457
7,23,17.864686017596963
7,24,14.714421950934007
7,25,12.913562645939427
7,26,15.174163844443292
7,27,14.295483907414754
7,28,10.480635849000889
7,29,10.969498678521612
7,30,13.638065138475458
7,31,11.87445351793373
7,32,9.33198508673489
7,33,12.111191042236575
7,34,15.349727156905601
7,35,17.99913105006599
7,36,19.42087040851342
7,37,16.542591399880248
7,38,16.916422842734573
7,39,15.05210483284561
7,40,16.12434574711741
7,41,15.56938735067498
7,42,16.340270773500922
7,43,17.063862475043145
7,44,15.187146001038576
7,45,11.72430061957857
7,46,10.927599265730926
7,47,12.6641971687482
7,48,12.828997964168874
7,49,16.269195354056258
7,50,18.454860226670977
7,51,16.096224511657816
7,52,17.884214700280886
7,53,18.474758055471042
7,54,16.564982054629176
7,55,13.171497448443448
7,56,10.249259737894993
7,57,9.016184513581852
7,58,8.484216708555474
7,59,9.586052840995581
7,60,8.936471287895442
7,61,12.193901904592199
7,62,12.982624107968004
7,63,9.516382197673819
7,64,10.520471565171553
7,65,9.332662554815961
8,1,18.563541956557085
8,2,16.69499597360726
8,3,13.874211358035888
8,4,11.694024607788924
8,5,9.12070440225034
8,6,5.783700388098539
8,7,3.8054054852934813
8,9,3.8044295670378503
8,10,5.949207003374232
8,11,5.380511444167607
8,12,7.705257407841852
8,13,9.435736477142727
8,14,10.86482019834023
8,15,14.468694941029948
8,16,17.170271524677325
8,17,20.897538820141826
8,18,23.076011912420388
8,19,23.05590081255914
8,20,23.798414172950547
8,21,23.753873995297905
8,22,21.418769351188452
8,23,20.900884983672174
8,24,17.936471574494906
8,25,16.001902203873602
8,26,17.735427259227208
8,27,16.703179886135125
8,28,12.997564952837632
8,29,12.964967019141195
8,30,15.021034979431944
8,31,13.023469510923821
8,32,9.948862336154482
8,33,12.299754579120917
8,34,15.626952032104386
8,35,18.80844722687973
8,36,20.15209200961981
8,37,17.62882520041737
8,38,18.722907177481982
8,39,17.437844171780085
8,40,19.03840980743534
8,41,18.859563715481332
8,42,19.420102956363465
8,43,20.228012846512108
8,44,18.698473273504163
8,45,15.121500585232608
8,46,14.110220371776443
8,47,15.192123638962816
8,48,14.746929315753732
8,49,17.742259319509287
8,50,19.31631366086649
8,51,16.385775617724708
8,52,17.390763913449838
8,53,17.65685241786355
8,54,15.08688978263232
8,55,12.13643615722662
8,56,8.94786874713654
8,57,9.03349140921492
8,58,9.05480636591949
8,59,9.461541166766315
8,60,7.41623313824902
8,61,10.217998698397563
8,62,11.237985360548354
8,63,8.241223565434264
8,64,10.566001276829596
8,65,10.618709301998916
9,1,22.2877910447414
9,2,20.26397479827949
9,3,17.2319153394444
9,4,14.669112104015243
9,5,12.139282054889081
9,6,8.640441866108679
9,7,5.53972725143955
9,8,3.8044295670378503
9,10,3.815696725476843
9,11,5.754327795247086
9,12,8.135472541475574
9,13,10.896801074817992
9,14,12.157404489665634
9,15,15.338019465658084
9,16,18.336983041649344
9,17,21.852266920857787
9,18,24.48473657551976
9,19,24.81861476873585
9,20,26.044814783428983
9,21,26.131657564536418
9,22,23.50672693735181
9,23,22.943059831129016
9,24,19.63827682863644
9,25,18.242639988498293
9,26,20.335379467669572
9,27,18.94739225069323
9,28,15.217270071535745
9,29,15.91939582230191
9,30,17.969126317864802
9,31,15.530823406090686
9,32,12.954756665722606
9,33,15.737870571906392
9,34,18.82891428776085
9,35,21.87314208367398
9,36,23.542780638894868
9,37,21.077811807160984
9,38,21.983939173289453
9,39,20.44315784575027
9,40,21.658552292259337
9,41,21.02812119759234
9,42,21.632736159411458
9,43,21.953377891252902
9,44,20.10315114629364
9,45,16.85998923003386
9,46,16.43339933258699
9,47,18.06474136004711
9,48,18.043331652586577
9,49,21.247454035057913
9,50,22.994472290518093
9,51,20.153601572372562
9,52,21.17375559146241
9,53,21.394318246609622
9,54,18.697210178919804
9,55,15.890011861590542
9,56,12.631509039430226
9,57,12.574655074925856
9,58,11.86965124259041
9,59,11.685596955728675
9,60,9.283449917122647
9,61,11.109044616911204
9,62,10.82132500639849
9,63,7.538956449759128
9,64,9.732920516502244
9,65,9.533189243833228
10,1,22.73949158549549
10,2,20.27694948712549
10,3,16.850961342514733
10,4,13.866836457339998
10,5,11.938508724433477
10,6,8.371740193653096
10,7,5.73008770077959
10,8,5.949207003374232
10,9,3.815696725476843
10,11,3.801642718369069
10,12,5.436425834816032
10,13,8.908375437138558
10,14,10.646705863076324
10,15,13.242824848383226
10,16,16.65541122430774
10,17,19.99330234099027
10,18,22.913484692053206
10,19,23.116055566556938
10,20,24.754632172445806
10,21,25.350288670386398
10,22,22.828037688863816
10,23,22.812789236833638
10,24,19.392462928248552
10,25,17.962864339223565
10,26,20.616619348971007
10,27,19.659383354903525
10,28,15.8674897695703
10,29,16.665426094250048
10,30,19.33055545242305
10,31,17.295917467442116
10,32,14.812439917023848
10,33,17.553370115189463
10,34,20.83506289158998
10,35,23.63106344265083
10,36,25.074203345105087
10,37,22.197421443606117
10,38,22.513255258332823
10,39,20.39894320152782
10,40,20.99233976677808
10,41,19.726445744134068
10,42,19.94134995931722
10,43,19.668702891479853
10,44,17.88397590305237
10,45,14.986229814270933
10,46,15.399411833525136
10,47,17.268131598986123
10,48,18.051215643411872
10,49,21.51031472792169
10,50,23.767556666012265
10,51,21.21628697025762
10,52,22.655232351682695
10,53,22.6212689711467
10,54,20.299537733711283
10,55,17.43222076293982
10,56,13.932915928004903
10,57,12.867662655474955
10,58,11.071789125490131
10,59,10.59409041600885
10,60,8.966318032525264
10,61,10.666853043554713
10,62,9.710259480774226
10,63,5.965759270384905
10,64,6.741475804960786
10,65,5.803216062819065
11,1,19.497727570044198
11,2,17.069477955921304
11,3,13.551789908987544
11,4,10.83283945611567
11,5,9.585837200112314
11,6,5.907447553330771
11,7,5.115979148935708
11,8,5.380511444167607
11,9,5.754327795247086
11,10,3.801642718369069
11,12,3.802262074660681
11,13,6.893753761268626
11,14,9.682669612555195
11,15,12.483070338080326
11,16,15.895680260706873
11,17,19.41872343484361
11,18,21.987543609926405
11,19,21.59634428910945
11,20,22.892507885480253
11,21,23.704176520077613
11,22,21.629592700004167
11,23,21.991246640785455
11,24,18.899529015218125
11,25,16.792353732088554
11,26,19.328747286889055
11,27,19.003462902293517
11,28,15.220993899136817
11,29,15.198184004608894
11,30,18.131345285355458
11,31,16.74769735108089
11,32,13.810821395340687
11,33,15.908711440983987
11,34,19.488806951202953
11,35,22.36391748309026
11,36,23.271722626390726
11,37,20.173609614637382
11,38,20.453845247361578
11,39,18.341673528358452
11,40,19.04324083894244
11,41,17.902639066172924
11,42,17.631972080953325
11,43,17.485079677107276
11,44,16.304669563951006
11,45,13.134625660722826
11,46,13.482792508933226
11,47,14.68796390411055
11,48,15.529347527642962
11,49,18.823080564443636
11,50,21.097632502999325
11,51,18.516489294973923
11,52,19.960172919588118
11,53,19.57179301379283
11,54,17.483791134869872
11,55,14.756356773515122
11,56,11.127197748088621
11,57,9.608003659493901
11,58,7.399210828301417
11,59,6.809477703562158
11,60,5.712227892877602
11,61,8.139991180919475
11,62,8.254188580901793
11,63,4.7358327653781895
11,64,5.552189580805618
11,65,5.589462771436413
12,1,19.473779309625332
12,2,16.491421461589628
12,3,12.847981749524804
12,4,9.464161834953606
12,5,8.379607168122826
12,6,5.605181816899592
12,7,5.261200365170698
12,8,7.705257407841852
12,9,8.135472541475574
12,10,5.436425834816032
12,11,3.802262074660681
12,13,3.772629441117864
12,14,6.514044346570397
12,15,8.822967305762202
12,16,12.388803236053594
12,17,15.783154737377147
12,18,18.502015621480993
12,19,18.209814553568318
12,20,19.856796496534475
12,21,20.89159013218985
12,22,18.760493866213515
12,23,19.45407522349084
12,24,16.294053214284475
12,25,14.360876508064019
12,26,17.369191138394562
12,27,17.289669770212594
12,28,13.637666841354472
12,29,14.006747509337972
12,30,17.350150849023567
12,31,16.258657856781603
12,32,13.854006957986849
12,33,16.148602686165887
12,34,19.556182467268997
12,35,21.927362424855534
12,36,22.86414773235051
12,37,19.52130984498813
12,38,19.11959442256146
12,39,16.478857381380443
12,40,16.535912694149683
12,41,14.886269680135639
12,42,14.686762705373544
12,43,14.276344926364429
12,44,12.765385077465071
12,45,9.85243391281306
12,46,10.806656746181279
12,47,12.62768494802526
12,48,14.19396764429971
12,49,17.788229719297824
12,50,20.586926861930394
12,51,18.582195718433578
12,52,20.670330155079203
12,53,20.60785336653162
12,54,19.108440350589994
12,55,16.030422491272997
12,56,12.766513105187736
12,57,10.330152124067363
12,58,7.782823830490337
12,59,8.081012554020653
12,60,8.614177184997319
12,61,11.316312175602112
12,62,11.356588393512835
12,63,7.9531071007252505
12,64,6.978719067473905
12,65,4.931550164455693
13,1,17.108828273968033
13,2,13.78482942298562
13,3,10.251332263763029
13,4,6.538990076613793
13,5,5.828705874239674
13,6,4.870152644939669
13,7,6.26834574536592
13,8,9.435736477142727
13,9,10.896801074817992
13,10,8.908375437138558
13,11,6.893753761268626
13,12,3.772629441117864
13,14,3.797063696219095
13,15,6.203444337478458
13,16,9.395472013704701
13,17,12.945097033511068
13,18,15.262119123158762
13,19,14.70361692709246
13,20,16.139966344041543
13,21,17.21306489241119
13,22,15.290743555413922
13,23,16.306088319355165
13,24,13.440959439338169
13,25,11.139043540456905
13,26,14.242585471843263
13,27,14.72573377431989
13,28,11.353184114029043
13,29,11.424483050786826
13,30,15.069659872445825
13,31,14.654830305799514
13,32,12.560442968102533
13,33,14.514644951915919
13,34,17.762934927650612
13,35,19.708354717606962
13,36,20.390975496072503
13,37,16.85636394130785
13,38,15.964798212103124
13,39,13.044079395283616
13,40,12.839626117209503
13,41,11.166044940760347
13,42,11.036688257268422
13,43,11.058676304104438
13,44,9.546411409178678
13,45,6.25969724758293
13,46,7.114745912419001
13,47,9.042543086596561
13,48,11.020247235778795
13,49,14.697923937871188
13,50,17.816145483328906
13,51,16.323889211291597
13,52,18.90739193028021
13,53,19.13245242530794
13,54,18.272320685540468
13,55,14.99949424000674
13,56,12.320061461995202
13,57,9.232328138584913
13,58,7.074719894335978
13,59,8.564832855181226
13,60,10.27370198443939
13,61,13.520970558445395
13,62,14.313301616875794
13,63,11.222240023459515
13,64,10.224285822888604
13,65,8.21539791930633
14,1,18.15030749073315
14,2,14.708592180646386
14,3,11.710027629107191
14,4,8.004548234798047
14,5,6.264844920742497
14,6,6.673017222641373
14,7,7.12732708654232
14,8,10.86482019834023
14,9,12.157404489665634
14,10,10.646705863076324
14,11,9.682669612555195
14,12,6.514044346570397
14,13,3.797063696219095
14,15,3.8194043759423213
14,16,6.395284280487776
14,17,10.110456116615973
14,18,12.490231397971694
14,19,12.695925231020267
14,20,14.310365709597244
14,21,14.895993856043434
14,22,12.408522532974137
14,23,13.104768067147175
14,24,9.951273070486847
14,25,8.270964763231936
14,26,11.711659580755104
14,27,11.848947848202194
14,28,8.69978815857456
14,29,9.758770428380554
14,30,13.316610494188913
14,31,12.792135186478552
14,32,11.624402819191053
14,33,14.030672617489056
14,34,16.726003242768904
14,35,18.122556448632924
14,36,19.250141871117908
14,37,15.87203502104357
14,38,14.607480957728251
14,39,11.531270657662125
14,40,11.013722465139061
14,41,9.34645757398506
14,42,10.445301651193473
14,43,10.981167636136227
14,44,8.387937954699739
14,45,5.365690697428711
14,46,5.574007136274994
14,47,8.788458937543885
14,48,10.633132266059071
14,49,14.43823951517134
14,50,17.662706093428834
14,51,16.661720054176815
14,52,19.59670148836055
14,53,20.51587848393812
14,54,19.86838501742778
14,55,16.283928801558705
14,56,14.164650463862412
14,57,11.36549234073781
14,58,10.18610493891194
14,59,12.101539697664677
14,60,13.53615938966798
14,61,16.935509655404683
14,62,17.653434355804276
14,63,14.287813261418052
14,64,13.423336443037197
14,65,10.827672438451053
15,1,20.32028156836592
15,2,16.642889720993104
15,3,13.77084034457735
15,4,10.183657735013847
15,5,9.470498559322428
15,6,10.235653354319135
15,7,10.723263408043282
15,8,14.468694941029948
15,9,15.338019465658084
15,10,13.242824848383226
15,11,12.483070338080326
15,12,8.822967305762202
15,13,6.203444337478458
15,14,3.8194043759423213
15,16,3.8013401450533664
15,17,6.960422074955939
15,18,9.880630910207557
15,19,10.261838181230498
15,20,12.728159831439037
15,21,13.928309321228578
15,22,11.57325853648658
15,23,13.030753798075523
15,24,10.090122798788734
15,25,9.082867483518328
15,26,12.86869603068884
15,27,13.4388511888573
15,28,11.032047353908588
15,29,12.34087833796399
15,30,15.876791631618316
15,31,15.708247026592074
15,32,15.045472396029458
15,33,17.288359680496455
15,34,19.709070359452806
15,35,20.600308558920915
15,36,21.59951030951987
15,37,18.170477286433297
15,38,16.211617551815028
15,39,12.702233759607758
15,40,11.007384280394355
15,41,8.240546025927857
15,42,9.201341404127582
15,43,8.882162055127802
15,44,5.586763943413972
15,45,4.325113812448808
15,46,6.4264453773001184
15,47,9.878073710271101
15,48,12.577783410245258
15,49,16.19829613037889
15,50,19.74091615510343
15,51,19.30334189931601
15,52,22.50425975092571
15,53,23.38108403173371
15,54,23.10206786544326
15,55,19.60621854610728
15,56,17.602319899990604
15,57,14.482766238362606
15,58,12.86375553694143
15,59,14.589669573674943
15,60,16.469655821344173
15,61,19.6239749197802
15,62,20.01811998052484
15,63,16.755696542483545
15,64,15.12189312684586
15,65,12.065344908661723
16,1,20.593420316304456
16,2,16.924973100771993
16,3,14.727130664291918
16,4,11.606689225589813
16,5,10.93828499459461
16,6,12.709170333978218
16,7,13.418383589805249
16,8,17.170271524677325
16,9,18.336983041649344
16,10,16.65541122430774
16,11,15.895680260706873
16,12,12.388803236053594
16,13,9.395472013704701
16,14,6.395284280487776
16,15,3.8013401450533664
16,17,3.8100851020408224
16,18,6.264429163977353
16,19,7.33096045881828
16,20,9.873026526681624
16,21,10.752319085577547
16,22,8.218765757482865
16,23,9.986232270215925
16,24,7.52165633364562
16,25,7.1973293172210635
16,26,10.88265228742071
16,27,11.796492483881526
16,28,10.41980902233228
16,29,11.921322553754463
16,30,15.126575623697674
16,31,15.462046206102924
16,32,15.592297118698323
16,33,17.581613674064652
16,34,19.398405609759433
16,35,19.576001294054787
16,36,20.564798041610082
16,37,17.322818652017652
16,38,14.810407413345409
16,39,11.25357743639801
16,40,8.884831627138984
16,41,6.08064965326537
16,42,8.253315953443467
16,43,8.743765188449059
16,44,5.076276587793003
16,45,5.2269794306489
16,46,6.279167740327537
16,47,9.759286809734256
16,48,12.326885081996167
16,49,15.577800863525804
16,50,19.146323514880837
16,51,19.39172877724315
16,52,22.872649487051056
16,53,24.18542882698084
16,54,24.35536914079055
16,55,20.818809402139212
16,56,19.42570763980038
16,57,16.38258075241171
16,58,15.384515664703935
16,59,17.49719052541042
16,60,19.54859073741091
16,61,22.906309593174914
16,62,23.581962880841548
16,63,20.327933157592266
16,64,18.861037644588528
16,65,15.860581293426641
17,1,23.44914359608604
17,2,19.78220462457098
17,3,17.87238775148337
17,4,15.002545166905765
17,5,14.65285882520038
17,6,16.499486992350477
17,7,17.118538373623636
17,8,20.897538820141826
17,9,21.852266920857787
17,10,19.99330234099027
17,11,19.41872343484361
17,12,15.783154737377147
17,13,12.945097033511068
17,14,10.110456116615973
17,15,6.960422074955939
17,16,3.8100851020408224
17,18,3.808944958552324
17,19,6.098356882164811
17,20,9.442333354978073
17,21,10.611816791829305
17,22,8.451435344596606
17,23,10.681667065970334
17,24,9.02988060829427
17,25,9.701758057625394
17,26,12.932784979642618
17,27,13.99080108696499
17,28,13.404177682233405
17,29,15.055478086289341
17,30,17.944567020149236
17,31,18.468100901666322
17,32,19.028618494667004
17,33,20.921540997990967
17,34,22.395467066376554
17,35,22.0930974296007
17,36,23.04074960004931
17,37,19.97725679561192
17,38,17.062684971852665
17,39,13.566026693860369
17,40,10.532942750896723
17,41,7.538100781037057
17,42,9.591834837115684
17,43,9.559313830953354
17,44,6.1481109579637705
17,45,8.194055033582135
17,46,9.57316570217992
17,47,12.607589610741709
17,48,15.293830495307594
17,49,18.157319783736913
17,50,21.737816739341298
17,51,22.44552596669989
17,52,26.046930725806693
17,53,27.43901313466674
17,54,27.863833665096287
17,55,24.38125802640362
17,56,23.13703492896946
17,57,20.02498451002573
17,58,18.934857701087523
17,59,20.969909019441683
17,60,23.168759528246234
17,61,26.4231716310282
17,62,26.933063824785062
17,63,23.712738453245496
17,64,21.930633102351578
17,65,18.744339862752
18,1,22.792007758356835
18,2,19.294349155604237
18,3,18.066462400545483
18,4,15.820559636692414
18,5,15.79300851361946
18,6,18.309027243529187
18,7,19.407412898044985
18,8,23.076011912420388
18,9,24.48473657551976
18,10,22.913484692053206
18,11,21.987543609926405
18,12,18.502015621480993
18,13,15.262119123158762
18,14,12.490231397971694
18,15,9.880630910207557
18,16,6.264429163977353
18,17,3.808944958552324
18,19,3.8135035420400585
18,20,6.5516317017436085
18,21,7.502235832348257
18,22,6.126554552704596
18,23,9.070126740142362
18,24,8.861171097937849
18,25,9.492238260239962
18,26,11.89902359824377
18,27,13.635246392954564
18,28,13.961741217551152
18,29,15.13011360460987
18,30,17.64092429943421
18,31,18.84076422163409
18,32,19.74126833604227
18,33,21.08723810033924
18,34,22.11728447805861
18,35,21.258928213525774
18,36,21.864470299842072
18,37,19.00915328371335
18,38,15.686003273057691
18,39,12.426151516331085
18,40,9.00038083921604
18,41,6.666080779519385
18,42,9.123686245809854
18,43,10.011610890776046
18,44,7.578892894300819
18,45,9.707166795390272
18,46,10.235491315637393
18,47,12.497136434548223
18,48,14.91104306338011
18,49,17.129297520714236
18,50,20.577368539597963
18,51,21.907595788307713
18,52,25.629742021012113
18,53,27.232295261230753
18,54,28.135316858768526
18,55,24.794019632057214
18,56,24.098445508468423
18,57,21.039522171521952
18,58,20.41336781043474
18,59,22.723819244788935
18,60,25.165879895259458
18,61,28.579453733666064
18,62,29.487584653531105
18,63,26.386295479525558
18,64,24.792896256850764
18,65,21.848904560486098
19,1,20.539949525362903
19,2,17.034766783850895
19,3,15.960749171320934
19,4,14.171829747403489
19,5,15.023737453710872
19,6,17.76658191892518
19,7,19.5463168668654
19,8,23.05590081255914
19,9,24.81861476873585
19,10,23.116055566556938
19,11,21.59634428910945
19,12,18.209814553568318
19,13,14.70361692709246
19,14,12.695925231020267
19,15,10.261838181230498
19,16,7.33096045881828
19,17,6.098356882164811
19,18,3.8135035420400585
19,20,3.868844734232508
19,21,6.6402455187194995
19,22,6.9274086457528625
19,23,10.612322645140816
19,24,10.763663892063773
19,25,10.013555071807644
19,26,12.248489574019839
19,27,14.794685260849795
19,28,14.859387656491581
19,29,15.101697281812037
19,30,17.88639468703836
19,31,19.58449473135412
19,32,19.950652588692215
19,33,20.7566569062885
19,34,22.067357938387296
19,35,21.393855028198164
19,36,21.35981113428706
19,37,18.246626196551386
19,38,14.768134424575342
19,39,11.360272145382067
19,40,7.605384685880552
19,41,4.848907352037737
19,42,6.099657678889934
19,43,7.1845098496128434
19,44,6.118711416198718
19,45,8.525510079358963
19,46,9.316610709105879
19,47,10.606831948936861
19,48,13.444372587949214
19,49,15.339275576113485
19,50,18.91940776867295
19,51,20.40964911854191
19,52,24.138692252341766
19,53,25.380432848479895
19,54,26.607890944112405
19,55,23.538015381584742
19,56,22.94134261133863
19,57,19.65798737719841
19,58,18.92689494988313
19,59,21.219222992749202
19,60,24.070128031654814
19,61,27.404890492917634
19,62,28.58094391708988
19,63,25.801096729438953
19,64,24.13096990372679
19,65,21.55636160534248
20,1,18.3454222754605
20,2,15.17251214557871
20,3,14.948435326275149
20,4,14.011103272427837
20,5,15.086659572114106
20,6,18.353505217495822
20,7,20.56584995677013
20,8,23.798414172950547
20,9,26.044814783428983
20,10,24.754632172445806
20,11,22.892507885480253
20,12,19.856796496534475
20,13,16.139966344041543
20,14,14.310365709597244
20,15,12.728159831439037
20,16,9.873026526681624
20,17,9.442333354978073
20,18,6.5516317017436085
20,19,3.868844734232508
20,21,3.84129505756734
20,22,6.1050754516617
20,23,9.839327408495285
20,24,11.09936493573569
20,25,9.778298284461414
20,26,10.881221507667453
20,27,14.083772524893972
20,28,14.736672120665563
20,29,14.226790268706774
20,30,16.5741379627375
20,31,18.924141179645623
20,32,19.395734518568805
20,33,19.528628124681138
20,34,20.47406937952908
20,35,19.447952154899905
20,36,18.91410326276837
20,37,16.008554344419075
20,38,12.31384027410893
20,39,9.39333599339263
20,40,5.7762414104785
20,41,5.040927256883702
20,42,6.379262002961959
20,43,8.918075496390024
20,44,8.836167832784819
20,45,10.143030434357579
20,46,9.701465926055217
20,47,9.799864938240361
20,48,11.95912436944628
20,49,12.983843404544176
20,50,16.292353577732513
20,51,18.33463767719912
20,52,22.063047191135162
20,53,23.475514349648886
20,54,25.148688367960393
20,55,22.317160036075634
20,56,22.328978886985688
20,57,19.274086462022517
20,58,19.176470624200704
20,59,21.715147553835596
20,60,24.646991312243834
20,61,28.10884130667042
20,62,29.75357162184753
20,63,27.135226949853543
20,64,25.854160265166954
20,65,23.645240895932123
21,1,18.18300417596005
21,2,15.340930662370171
21,3,15.606940360224645
21,4,14.834790957881967
21,5,15.167485669554333
21,6,18.667993487026724
21,7,20.642791953755147
21,8,23.753873995297905
21,9,26.131657564536418
21,10,25.350288670386398
21,11,23.704176520077613
21,12,20.89159013218985
21,13,17.21306489241119
21,14,14.895993856043434
21,15,13.928309321228578
21,16,10.752319085577547
21,17,10.611816791829305
21,18,7.502235832348257
21,19,6.6402455187194995
21,20,3.84129505756734
21,22,3.8006339746845255
21,23,6.874000592492634
21,24,9.188516376929664
21,25,8.360787486984442
21,26,8.339057350907055
21,27,11.523530468969572
21,28,13.047856412245244
21,29,12.658038510695011
21,30,14.28229875759087
21,31,16.81464479845779
21,32,17.9044933395186
21,33,17.939931924326768
21,34,18.242352168129994
21,35,16.676977924387053
21,36,16.37444827322301
21,37,13.936979944358713
21,38,10.197527401710113
21,39,7.9656581393337715
21,40,5.116371180005293
21,41,6.448667146958522
21,42,9.088542921950182
21,43,12.134499105498604
21,44,11.346376197401844
21,45,11.828223521473824
21,46,10.243252389950344
21,47,10.462460690230131
21,48,11.482488508887972
21,49,12.153002375159662
21,50,15.012162535231363
21,51,17.312404174466007
21,52,21.016154834916875
21,53,23.000399859022895
21,54,24.665823722857525
21,55,21.745085845997107
21,56,22.188395729544066
21,57,19.58873031605696
21,58,20.14615632798733
21,59,22.913425611534752
21,60,25.49556404808144
21,61,29.153578789994825
21,62,30.957347241066746
21,63,28.170122134168345
21,64,27.317718016145793
21,65,25.098329606414023
22,1,18.953573140941977
22,2,15.909518444707091
22,3,15.559626211390212
22,4,14.044033986155078
22,5,13.520914736941394
22,6,16.75046997869669
22,7,18.159110508871457
22,8,21.418769351188452
22,9,23.50672693735181
22,10,22.828037688863816
22,11,21.629592700004167
22,12,18.760493866213515
22,13,15.290743555413922
22,14,12.408522532974137
22,15,11.57325853648658
22,16,8.218765757482865
22,17,8.451435344596606
22,18,6.126554552704596
22,19,6.9274086457528625
22,20,6.1050754516617
22,21,3.8006339746845255
22,23,3.8167515342646414
22,24,5.490063158607658
22,25,5.56570115725945
22,26,6.351642435514216
22,27,8.730856546301988
22,28,10.146313980186683
22,29,10.71131251631842
22,30,12.465325924479615
22,31,14.340663506556812
22,32,15.715986440395003
22,33,16.475130230144025
22,34,16.853715652756545
22,35,15.507452093386656
22,36,16.045720103152874
22,37,13.552023746153873
22,38,10.198775064364709
22,39,7.629898478412573
22,40,5.143961653551741
22,41,5.938099323288099
22,42,9.57126070353339
22,43,12.33795904485491
22,44,10.426492573424067
22,45,10.48106635296049
22,46,8.689414196171876
22,47,10.149667438986869
22,48,11.093269653914074
22,49,12.695818812012902
22,50,15.654782329898714
22,51,17.319708884498205
22,52,21.00295363601731
22,53,23.171542490786848
22,54,24.281252791349978
22,55,21.00294130433814
22,56,21.094975668303594
22,57,18.612154979763194
22,58,19.113160367817144
22,59,21.863880666266574
22,60,24.063132452439472
22,61,27.78231284355838
22,62,29.323347569500037
22,63,26.257134056630964
22,64,25.497165974888446
22,65,23.025180366977697
23,1,19.69378027621902
23,2,16.995565202212337
23,3,16.80517043417169
23,4,15.288720177635676
23,5,13.884690401674584
23,6,16.963709149155374
23,7,17.864686017596963
23,8,20.900884983672174
23,9,22.943059831129016
23,10,22.812789236833638
23,11,21.991246640785455
23,12,19.45407522349084
23,13,16.306088319355165
23,14,13.104768067147175
23,15,13.030753798075523
23,16,9.986232270215925
23,17,10.681667065970334
23,18,9.070126740142362
23,19,10.612322645140816
23,20,9.839327408495285
23,21,6.874000592492634
23,22,3.8167515342646414
23,24,3.785188373778296
23,25,5.383923019897578
23,26,4.821165778274368
23,27,5.886238073983115
23,28,8.360010482441165
23,29,9.591995307199007
23,30,10.399841987976096
23,31,11.947515620381969
23,32,14.093440343799795
23,33,15.08900400855417
23,34,14.847822166550278
23,35,13.156795242007407
23,36,14.428840874130463
23,37,12.530730966995682
23,38,9.804546360153394
23,39,8.242377830928804
23,40,7.43228729523705
23,41,9.01310848787926
23,42,12.76572366697523
23,43,15.596744138796879
23,44,13.313945571799081
23,45,12.66448166603395
23,46,10.2128056005217
23,47,11.882194421754384
23,48,11.783963225494762
23,49,13.316271743535857
23,50,15.69211299887304
23,51,17.138149161821037
23,52,20.59844152921162
23,53,23.229646821848924
23,54,24.052832197099775
23,55,20.665926853033397
23,56,20.978647627536308
23,57,19.052288942893533
23,58,20.054256441205663
23,59,22.86599467117796
23,60,24.565395928670203
23,61,28.365267734042618
23,62,29.926737371768624
23,63,26.707575274872642
23,64,26.383466131324052
23,65,23.928490041240583
24,1,19.887135003032625
24,2,16.904299526845975
24,3,15.92444570771386
24,4,13.69321617936336
24,5,11.75004921571273
24,6,14.311415544766684
24,7,14.714421950934007
24,8,17.936471574494906
24,9,19.63827682863644
24,10,19.392462928248552
24,11,18.899529015218125
24,12,16.294053214284475
24,13,13.440959439338169
24,14,9.951273070486847
24,15,10.090122798788734
24,16,7.52165633364562
24,17,9.02988060829427
24,18,8.861171097937849
24,19,10.763663892063773
24,20,11.09936493573569
24,21,9.188516376929664
24,22,5.490063158607658
24,23,3.785188373778296
24,25,3.815061337812134
24,26,5.522137098292213
24,27,5.195263014121732
24,28,6.062024511703723
24,29,8.416374696424178
24,30,10.025191459611012
24,31,10.539851381896721
24,32,12.343105882930551
24,33,14.186704077935804
24,34,14.627191376838143
24,35,13.813371635022309
24,36,15.540293483617395
24,37,13.225094753939347
24,38,11.01795768681621
24,39,8.818959943222652
24,40,8.090997347482297
24,41,8.597431889475502
24,42,12.28690790054955
24,43,14.610127649545205
24,44,11.738730566043316
24,45,10.648650155648422
24,46,8.455290234170192
24,47,11.103600869224179
24,48,11.396937325554905
24,49,13.874509367134833
24,50,16.553429938499786
24,51,17.211089484034634
24,52,20.592652071219412
24,53,22.980870783813803
24,54,23.259200463348026
24,55,19.630276048133748
24,56,19.323428417625884
24,57,17.31946446275172
24,58,17.95707428934576
24,59,20.598118287839274
24,60,22.032021848578474
24,61,25.76599374562267
24,62,27.014801772828125
24,63,23.635141035345686
24,64,23.270882171586976
24,65,20.65347949525006
25,1,16.218849169089488
25,2,13.12807381823178
25,3,12.14366710800098
25,4,10.140155830194951
25,5,8.5679979172882
25,6,11.66295735377186
25,7,12.913562645939427
25,8,16.001902203873602
25,9,18.242639988498293
25,10,17.962864339223565
25,11,16.792353732088554
25,12,14.360876508064019
25,13,11.139043540456905
25,14,8.270964763231936
25,15,9.082867483518328
25,16,7.1973293172210635
25,17,9.701758057625394
25,18,9.492238260239962
25,19,10.013555071807644
25,20,9.778298284461414
25,21,8.360787486984442
25,22,5.56570115725945
25,23,5.383923019897578
25,24,3.815061337812134
25,26,3.807036038759858
25,27,5.325366304436386
25,28,4.985787030994797
25,29,5.712967148620796
25,30,8.318757051364383
25,31,9.585553567851697
25,32,10.427414822516134
25,33,11.717546097110402
25,34,12.770887676381856
25,35,12.47797239594816
25,36,13.527905340451747
25,37,10.583735727148134
25,38,8.262584494202587
25,39,5.474213387162267
25,40,5.2591097157631035
25,41,6.34018943743598
25,42,9.680358301013966
25,43,12.452337911443728
25,44,10.208834679931064
25,45,8.3014643693679
25,46,5.250786738006678
25,47,7.406724247969242
25,48,7.638777377698258
25,49,10.361570058161607
25,50,13.330520512485244
25,51,13.868287664734654
25,52,17.37137764856846
25,53,19.50734887069621
25,54,19.950233841316237
25,55,16.398057196382975
25,56,16.153013139894504
25,57,13.940640859981682
25,58,14.719501818065082
25,59,17.50102125242302
25,60,19.219354054851973
25,61,23.00892131261739
25,62,24.60862553822143
25,63,21.473379364198557
25,64,21.213349334099757
25,65,19.001016120673857
26,1,15.329079946849724
26,2,12.877133089922044
26,3,12.948214210655534
26,4,11.943858691293741
26,5,10.40713790441138
26,6,13.76536615745015
26,7,15.174163844443292
26,8,17.735427259227208
26,9,20.335379467669572
26,10,20.616619348971007
26,11,19.328747286889055
26,12,17.369191138394562
26,13,14.242585471843263
26,14,11.711659580755104
26,15,12.86869603068884
26,16,10.88265228742071
26,17,12.932784979642618
26,18,11.89902359824377
26,19,12.248489574019839
26,20,10.881221507667453
26,21,8.339057350907055
26,22,6.351642435514216
26,23,4.821165778274368
26,24,5.522137098292213
26,25,3.807036038759858
26,27,3.8034926119225507
26,28,5.663405572985135
26,29,5.234519780216572
26,30,6.149835205806399
26,31,8.526699215400452
26,32,10.100772025282728
26,33,10.491499837828917
26,34,10.519807965469525
26,35,9.365191049793353
26,36,10.327967836032414
26,37,7.934444853221605
26,38,5.595985169721708
26,39,4.52662738468818
26,40,6.011622395673724
26,41,8.776409005009157
26,42,11.982447395699033
26,43,15.271200111011384
26,44,13.540181048627899
26,45,11.667555692681969
26,46,8.221925007931015
26,47,8.951356908680623
26,48,7.657027089072033
26,49,9.125514045960399
26,50,11.312129802706513
26,51,12.407754824402891
26,52,15.817772604493749
26,53,18.49716534205344
26,54,19.283428187042176
26,55,15.955717471161478
26,56,16.57666619061031
26,57,14.969326391928478
26,58,16.57234916983953
26,59,19.49731858276865
26,60,21.076993924960984
26,61,24.917219255878
26,62,26.89442327661644
26,63,23.916860709975833
26,64,24.0777761704465
26,65,22.179303679001045
