1,2,3.770423557075105
1,3,6.935729640979285
1,4,10.575281230399261
1,5,12.166697393301499
1,6,14.527842428553289
1,7,17.95816868622987
1,8,18.394536977056724
1,9,22.093964990357172
1,10,22.37433990898019
1,11,19.168185942867726
1,12,19.268386496976003
1,13,16.993216427414975
1,14,18.092878646170128
1,15,20.166717807909393
1,16,20.490671965800377
1,17,23.40508489533219
1,18,22.8837107521448
1,19,20.74136706427624
1,20,18.634903322753235
1,21,18.32639576239323
1,22,18.92088128164133
1,23,19.77831138712374
1,24,19.889053886173013
1,25,16.252040617548584
1,26,15.326910302446244
1,27,17.655084182277307
1,28,16.637720980169096
1,29,12.901819041388187
1,30,14.133737990421977
1,31,16.660296133239026
1,32,14.441258441642173
1,33,11.451053124490585
1,34,13.35892848030755
1,35,14.77612142002464
1,36,12.076550467759827
1,37,9.987186910036908
1,38,10.677688846964472
1,39,11.680357178719031
1,40,14.155443875803753
1,41,16.258988566309256
1,42,15.459075569473466
1,43,18.241679401376484
1,44,19.527782257612884
1,45,16.703281722358508
1,46,14.341845685302623
1,47,10.834850254498006
1,48,8.524257113360708
1,49,6.391660136518005
1,50,5.796977935362798
1,51,4.879004933675263
1,52,6.452000985531445
1,53,5.905316932985652
1,54,8.96874756862004
1,55,8.502596975325416
1,56,10.683534146378227
1,57,9.886487379846251
1,58,12.485194821813662
1,59,14.535928853260504
1,60,16.587975758540704
1,61,19.37279221286083
1,62,22.79063212236135
1,63,22.026567683912415
1,64,22.777043490845454
1,65,23.423103606652752
1,66,27.052241305688682
2,1,3.770423557075105
2,3,3.767701441825205
2,4,7.237074295133067
2,5,9.256072328719055
2,6,12.000976950843395
2,7,15.592076879682766
2,8,16.691536014917087
2,9,20.225822027924266
2,10,20.07827711993765
2,11,16.914320831215246
2,12,16.43288238750084
2,13,13.786239955100799
2,14,14.736559655471027
2,15,16.546447075156493
2,16,16.84346643402714
2,17,19.744987281042143
2,18,19.366116633417022
2,19,17.20017968218624
2,20,15.391083195265587
2,21,15.42137756511395
2,22,15.842456731129968
2,23,17.056375878454336
2,24,16.912500766446385
2,25,13.165477489568085
2,26,12.856453434744052
2,27,15.418797320501682
2,28,14.190139239727692
2,29,10.654739934181094
2,30,12.735252983938652
2,31,15.202495205046327
2,32,13.121423929316189
2,33,10.862496091061223
2,34,13.1904346653139
2,35,14.561955653887857
2,36,12.399414393599438
2,37,9.368141425280538
2,38,9.097631807122077
2,39,8.951531324663563
2,40,10.93909496542034
2,41,12.666399530279941
2,42,11.796176095253058
2,43,14.569529524341897
2,44,15.758540205575514
2,45,12.967203449267377
2,46,10.734836172284707
2,47,7.141791667341186
2,48,5.46297451483672
2,49,4.54662511722095
2,50,6.362390386830165
2,51,5.888862615891816
2,52,8.806542764702366
2,53,8.768152217987128
2,54,10.869087930192652
2,55,9.144430484647778
2,56,10.26060855897578
2,57,8.269931261847594
2,58,10.244504313971898
2,59,12.668218847287045
2,60,15.186987717090831
2,61,18.33245992337578
2,62,21.413441273346372
2,63,20.228471140041457
2,64,20.506187494600344
2,65,20.690945847256202
2,66,24.180364341438246
3,1,6.935729640979285
3,2,3.767701441825205
3,4,3.790551833493211
3,5,6.487841688515551
3,6,8.779666211914774
3,7,12.537611288953535
3,8,13.847349913307804
3,9,17.17777424674998
3,10,16.647844070728357
3,11,13.39239855235345
3,12,12.799928390297936
3,13,10.28223956657728
3,14,11.770076847587337
3,15,13.711320251765676
3,16,14.689195673716961
3,17,17.892050894471627
3,18,18.203229838936732
3,19,16.182863809620905
3,20,15.203583157935482
3,21,15.751069737083661
3,22,15.553198419139587
3,23,16.9173350105072
3,24,15.983457315622362
3,25,12.22269032084057
3,26,12.955339334066357
3,27,15.141651926157799
3,28,13.115744538339541
3,29,10.111838098078202
3,30,13.001541215507771
3,31,14.720906319186996
3,32,12.253786930553801
3,33,10.981638533238009
3,34,14.027185985497482
3,35,15.9234437852379
3,36,14.540846565543134
3,37,11.064989036223137
3,38,10.74838690661397
3,39,9.443361122240734
3,40,10.806011465546408
3,41,11.560506434891742
3,42,10.437900087726659
3,43,12.567200546771335
3,44,13.507277240808206
3,45,10.353431498532329
3,46,8.690825844363484
3,47,5.6780485649468355
3,48,5.448352298747979
3,49,6.952113457537092
3,50,9.472048915600785
3,51,8.162787824897075
3,52,10.875534577664709
3,53,10.461356930448085
3,54,11.37380023307485
3,55,9.006531317581334
3,56,8.64039405504483
3,57,5.588472681264978
3,58,6.702345933925418
3,59,9.264716490785887
3,60,12.04002946841953
3,61,15.331871182291557
3,62,18.1413686378312
3,63,16.774801391959606
3,64,16.825468029739962
3,65,16.941665704818533
3,66,20.42834147435427
4,1,10.575281230399261
4,2,7.237074295133067
4,3,3.790551833493211
4,5,3.773344404159892
4,6,5.9949434823610614
4,7,9.66170427427711
4,8,11.733259860675373
4,9,14.663310603307382
4,10,13.719787227313285
4,11,10.736534916269475
4,12,9.447717102570486
4,13,6.575524214855063
4,14,8.076101791711574
4,15,10.108379176239394
4,16,11.549409687057953
4,17,14.98998294514826
4,18,15.917223253267535
4,19,14.321124517696463
4,20,14.160651184913252
4,21,14.951572632092475
4,22,14.038012518854158
4,23,15.422991794099538
4,24,13.783720675136461
4,25,10.23629013698005
4,26,11.981385596396626
4,27,13.748020011392583
4,28,11.184460885439044
4,29,9.07957240128499
4,30,12.598557497718526
4,31,13.649165566020235
4,32,11.345856408283737
4,33,11.296154916949604
4,34,14.527851006987683
4,35,16.504032906912666
4,36,15.92157728883054
4,37,12.179796528479846
4,38,11.56042135641576
4,39,9.255625092411366
4,40,9.892125169281304
4,41,9.747568115360622
4,42,8.97503788217715
4,43,10.5740695850286
4,44,10.733989429355692
4,45,7.201586297011742
4,46,5.963835002062759
4,47,4.537844197424416
4,48,5.894520612552636
4,49,8.976461720761739
4,50,12.015658370878286
4,51,10.730894511004164
4,52,13.562385037666807
4,53,13.524719752541
4,54,13.669814799887458
4,55,10.657890720201928
4,56,9.210247231521135
4,57,5.6383571000209045
4,58,5.29218943353057
4,59,8.132009916829967
4,60,10.88235930604206
4,61,14.449286230547012
4,62,16.665244368272937
4,63,14.681494955025887
4,64,14.314211772706768
4,65,13.82594357647094
4,66,17.174445346664957
5,1,12.166697393301499
5,2,9.256072328719055
5,3,6.487841688515551
5,4,3.773344404159892
5,6,3.7665231801186048
5,7,6.831413052986671
5,8,9.16920716754519
5,9,12.150336835748613
5,10,11.856580671019142
5,11,9.564875396446608
5,12,8.43519143684602
5,13,5.880535351063971
5,14,6.386905688734962
5,15,9.49558916489047
5,16,10.963063890235706
5,17,14.678861781643656
5,18,15.891181626173854
5,19,15.173571363476306
5,20,15.176727202126699
5,21,15.260610220905662
5,22,13.514081837859154
5,23,14.023498033727734
5,24,11.8703216791523
5,25,8.683056076216811
5,26,10.426906739497468
5,27,11.241369661379016
5,28,8.11742867673626
5,29,6.568337260937539
5,30,10.063683718528411
5,31,10.358722629693611
5,32,8.035100590971327
5,33,8.917273244172884
5,34,12.198230573724514
5,35,14.443213117369618
5,36,14.679859202845973
5,37,11.05535758333406
5,38,11.054486853308598
5,39,8.965432882311646
5,40,10.212003582662474
5,41,10.484254175057174
5,42,10.996499774744768
5,43,12.726538261626574
5,44,11.757600086206894
5,45,7.992749630154293
5,46,5.848574212701148
5,47,6.082377024643489
5,48,6.193644852485312
5,49,9.730762662274588
5,50,12.368384485295245
5,51,10.732458930231347
5,52,13.385052164303087
5,53,14.052939984545201
5,54,13.545357407386128
5,55,9.965315949625722
5,56,8.366757686341243
5,57,5.752579664444724
5,58,6.348501005868698
5,59,9.173463062149617
5,60,10.752727384665441
5,61,14.549924613736486
5,62,16.58243088706743
5,63,14.036737380791568
5,64,14.172331880685018
5,65,13.428780776798263
5,66,16.77747395359483
6,1,14.527842428553289
6,2,12.000976950843395
6,3,8.779666211914774
6,4,5.9949434823610614
6,5,3.7665231801186048
6,7,3.8146682860093843
6,8,5.911257315268629
6,9,8.709812578578184
6,10,8.278466927977972
6,11,5.891002120285843
6,12,5.564217560712068
6,13,4.751980149019585
6,14,6.640899304353795
6,15,10.121589168735483
6,16,12.605543685820209
6,17,16.39891151342044
6,18,18.288192834733856
6,19,17.783652365583876
6,20,18.332814905310855
6,21,18.681413300118884
6,22,16.666796086068942
6,23,17.038572640153493
6,24,14.366115524298593
6,25,11.697387492712688
6,26,13.745261224151271
6,27,13.88940757602481
6,28,10.286527621671933
6,29,9.564622202917034
6,30,12.674869884046844
6,31,11.968869373918286
6,32,9.146756422534386
6,33,10.72315597110032
6,34,14.267190807201066
6,35,17.02429853638843
6,36,17.593603874530938
6,37,14.200507247998852
6,38,14.668092929303661
6,39,12.702140687863897
6,40,13.749021072369505
6,41,13.460555962042395
6,42,13.655228907623517
6,43,14.554446488740618
6,44,13.42104882440293
6,45,9.714142524636694
6,46,8.740171064404432
6,47,9.492305807751018
6,48,9.859605786226842
6,49,13.199897618710194
6,50,15.496566604286633
6,51,13.241359359123205
6,52,15.208877329071058
6,53,15.345540555724735
6,54,13.95384979599595
6,55,10.566291910888225
6,56,7.754168138324465
6,57,5.619717439479591
6,58,5.063207168437146
6,59,7.084463207781108
6,60,7.765174911561797
6,61,11.494444481986829
6,62,13.172721554827815
6,63,10.402454052557545
6,64,10.841876057572144
6,65,10.4284206985159
6,66,13.963328778598141
7,1,17.95816868622987
7,2,15.592076879682766
7,3,12.537611288953535
7,4,9.66170427427711
7,5,6.831413052986671
7,6,3.8146682860093843
7,8,3.8038697855081245
7,9,5.540212408787803
7,10,5.7002794087566295
7,11,5.202919330972912
7,12,5.299589075049696
7,13,6.194220049169132
7,14,7.119614509142741
7,15,10.725043909646514
7,16,13.41075790645997
7,17,17.090859115814602
7,18,19.432626989537
7,19,19.609296154066847
7,20,20.555534875891713
7,21,20.684566587089858
7,22,18.116804405323123
7,23,17.951545771868446
7,24,14.793637170854662
7,25,12.957948440555326
7,26,15.14808367712788
7,27,14.360220074011622
7,28,10.532967900584627
7,29,11.013998526012621
7,30,13.630090766753773
7,31,11.86131487171016
7,32,9.412127729357533
7,33,12.043617096180435
7,34,15.267039380186269
7,35,18.108571828118418
7,36,19.388938995931237
7,37,16.290113840347406
7,38,17.009475507933768
7,39,15.101840620303248
7,40,16.085033556442635
7,41,15.656407552020008
7,42,16.380752734464036
7,43,16.994646305420982
7,44,15.171102944932457
7,45,11.762395150140392
7,46,10.998699755811653
7,47,12.617949324178403
7,48,12.883581321597319
7,49,16.29389968278943
7,50,18.39095495481178
7,51,16.055817509143314
7,52,17.733875455142936
7,53,18.148731835617703
7,54,16.236985820188174
7,55,12.84995007246862
7,56,9.932780411048043
7,57,8.904433898070492
7,58,8.370665949886611
7,59,9.563481903622348
7,60,8.926843720514507
7,61,12.163802299850344
7,62,13.04984847594949
7,63,9.679687176872402
7,64,10.456503133520629
7,65,9.668053540230098
7,66,12.810255704816639
8,1,18.394536977056724
8,2,16.691536014917087
8,3,13.847349913307804
8,4,11.733259860675373
8,5,9.16920716754519
8,6,5.911257315268629
8,7,3.8038697855081245
8,9,3.7824772106958875
8,10,5.814781945770441
8,11,5.402303453658296
8,12,7.6741817715824885
8,13,9.386657857799399
8,14,10.875250679836135
8,15,14.46572306723442
8,16,17.17577409467788
8,17,20.879297409527503
8,18,23.12760238741783
8,19,23.165454463287567
8,20,23.86230955793878
8,21,23.852192480809595
8,22,21.416429014467507
8,23,21.031353920804328
8,24,18.048667798826333
8,25,16.10664947811403
8,26,17.774818327980707
8,27,16.815822934518845
8,28,13.063058668081895
8,29,13.086111494939702
8,30,15.107778080876795
8,31,13.078045495567478
8,32,10.051589801481342
8,33,12.334432187978605
8,34,15.636772169654966
8,35,18.94909340746552
8,36,20.200239323225787
8,37,17.472551911999318
8,38,18.88247794484105
8,39,17.559778066108247
8,40,19.06105198668377
8,41,18.98792692639596
8,42,19.494263031300246
8,43,20.196676665040837
8,44,18.710617655307225
8,45,15.185741351434753
8,46,14.239463061228697
8,47,15.21248345169249
8,48,14.868088777219308
8,49,17.830663889948987
8,50,19.31368307433456
8,51,16.4086971964775
8,52,17.295947612521115
8,53,17.376231244197747
8,54,14.782202486212952
8,55,11.86742380974876
8,56,8.680610347240142
8,57,8.994671613827277
8,58,9.042150948202627
8,59,9.508564443591457
8,60,7.458494085539746
8,61,10.171655335872826
8,62,11.291135698640817
8,63,8.356953924023333
8,64,10.472273402484085
8,65,10.919866086970355
8,66,14.173867765859375
9,1,22.093964990357172
9,2,20.225822027924266
9,3,17.17777424674998
9,4,14.663310603307382
9,5,12.150336835748613
9,6,8.709812578578184
9,7,5.540212408787803
9,8,3.7824772106958875
9,10,3.7916223057447445
9,11,5.877458132615922
9,12,8.088746336784812
9,13,10.792974700174808
9,14,12.084806015007374
9,15,15.282195941847132
9,16,18.278036730127674
9,17,21.761342798317887
9,18,24.453368557811526
9,19,24.837329728772957
9,20,26.01182313392072
9,21,26.156710594606704
9,22,23.439885463091418
9,23,22.9970167756275
9,24,19.67680107332859
9,25,18.265943868940496
9,26,20.306007013510598
9,27,18.99552554161753
9,28,15.22409858296269
9,29,15.976782993061496
9,30,17.97201491420903
9,31,15.503596922873925
9,32,12.998790571932256
9,33,15.730026041613662
9,34,18.793026507439624
9,35,21.983065482388962
9,36,23.556128850600533
9,37,20.856780543478344
9,38,22.094530363040633
9,39,20.498635122665082
9,40,21.616460725250597
9,41,21.103947455310017
9,42,21.680927907575395
9,43,21.889863200189446
9,44,20.058475419911893
9,45,16.87738206083983
9,46,16.49744292424087
9,47,18.044191325211077
9,48,18.124012366834815
9,49,21.300112580975316
9,50,22.9570420062097
9,51,20.14839800676998
9,52,21.05276903484569
9,53,21.10271272023109
9,54,18.37882540354758
9,55,15.60571996796605
9,56,12.356210702872605
9,57,12.511718670512941
9,58,11.833898969306187
9,59,11.744137044725512
9,60,9.355664784329356
9,61,11.14696985432809
9,62,10.99910013380562
9,63,7.6833930522095555
9,64,9.691864259114267
9,65,9.85192724563537
9,66,12.406604453230177
10,1,22.37433990898019
10,2,20.07827711993765
10,3,16.647844070728357
10,4,13.719787227313285
10,5,11.856580671019142
10,6,8.278466927977972
10,7,5.7002794087566295
10,8,5.814781945770441
10,9,3.7916223057447445
10,11,3.7831227395439218
10,12,5.313157595657765
10,13,8.74519371191792
10,14,10.57938371290365
10,15,13.203795364620463
10,16,16.619419899926303
10,17,19.96371113801337
10,18,22.931220071394208
10,19,23.12488528473137
10,20,24.69543391090644
10,21,25.3667057207069
10,22,22.782110593730458
10,23,22.897967471547958
10,24,19.47793656482707
10,25,17.977114679264037
10,26,20.57085578162568
10,27,19.728102705016322
10,28,15.925997775512744
10,29,16.68049995341088
10,30,19.297719785375218
10,31,17.266545218435876
10,32,14.847200486201633
10,33,17.44641832469125
10,34,20.72386764125395
10,35,23.710130776368633
10,36,24.99581319098736
10,37,21.90583198086906
10,38,22.562654138737912
10,39,20.424913614805092
10,40,20.92827878264153
10,41,19.786422507447565
10,42,19.95844948045447
10,43,19.580642036578865
10,44,17.84227728658785
10,45,14.971913926186637
10,46,15.420253840097836
10,47,17.18651150367709
10,48,18.04840601409294
10,49,21.467788955061323
10,50,23.634445880556374
10,51,21.08057931316675
10,52,22.415837624222725
10,53,22.184116300036894
10,54,19.82455141049605
10,55,16.99266839311814
10,56,13.47926954017013
10,57,12.611908611533973
10,58,10.823823104795022
10,59,10.422055893247125
10,60,8.77577532761112
10,61,10.511683461982367
10,62,9.699266603011464
10,63,5.929677137426017
10,64,6.579127092959187
10,65,6.096147533414524
10,66,8.699123817537352
11,1,19.168185942867726
11,2,16.914320831215246
11,3,13.39239855235345
11,4,10.736534916269475
11,5,9.564875396446608
11,6,5.891002120285843
11,7,5.202919330972912
11,8,5.402303453658296
11,9,5.877458132615922
11,10,3.7831227395439218
11,12,3.7750213039828875
11,13,6.845645986174181
11,14,9.729159654607388
11,15,12.485967639294188
11,16,15.901878815545366
11,17,19.445333747951473
11,18,22.07709966855615
11,19,21.681245209563123
11,20,22.926951876984322
11,21,23.7829173790791
11,22,21.634840977268574
11,23,22.136387430789046
11,24,19.042842285263784
11,25,16.878924444257684
11,26,19.34317664575638
11,27,19.12876477225547
11,28,15.356035761210032
11,29,15.285395138113529
11,30,18.192418296624083
11,31,16.810879472325635
11,32,13.938980632514554
11,33,15.865890309347911
11,34,19.439209528921825
11,35,22.477938036725707
11,36,23.225590076969986
11,37,19.9719270036214
11,38,20.554340933703184
11,39,18.457798504365627
11,40,19.0528129482869
11,41,18.014725078048915
11,42,17.684595364308244
11,43,17.44495056663607
11,44,16.328691044862023
11,45,13.172428799481942
11,46,13.579831006522554
11,47,14.676555381957943
11,48,15.582530812602306
11,49,18.82936283885885
11,50,21.02351555848199
11,51,18.426596793898785
11,52,19.79900171502978
11,53,19.20558476474392
11,54,17.085392824952088
11,55,14.389508103019745
11,56,10.74846127826413
11,57,9.392231019361768
11,58,7.189101732967766
11,59,6.650786604307026
11,60,5.5346551198483125
11,61,8.01438492373444
11,62,8.222256959912938
11,63,4.836362990198848
11,64,5.442114251572167
11,65,5.931417438875878
11,66,9.573189638541171
12,1,19.268386496976003
12,2,16.43288238750084
12,3,12.799928390297936
12,4,9.447717102570486
12,5,8.43519143684602
12,6,5.564217560712068
12,7,5.299589075049696
12,8,7.6741817715824885
12,9,8.088746336784812
12,10,5.313157595657765
12,11,3.7750213039828875
12,13,3.764677675316258
12,14,6.5917301840821985
12,15,8.859108302113262
12,16,12.431370913784603
12,17,15.8494850510586
12,18,18.64286182080353
12,19,18.34542751160124
12,20,19.94316811884145
12,21,21.04151602193148
12,22,18.833704766740883
12,23,19.645563690890953
12,24,16.469806298774948
12,25,14.485113785351313
12,26,17.43688995069866
12,27,17.449571674731594
12,28,13.831112763679561
12,29,14.13754246697409
12,30,17.435807898334716
12,31,16.33247177581726
12,32,14.034263035238615
12,33,16.142737374311068
12,34,19.542539512387048
12,35,22.126238809636956
12,36,22.890227962939168
12,37,19.389889597655376
12,38,19.308853053311456
12,39,16.675957486134067
12,40,16.627598695478266
12,41,15.07905411557645
12,42,14.845484463590665
12,43,14.312349529868461
12,44,12.848308608076909
12,45,9.962374421056618
12,46,10.962709082531891
12,47,12.714257690993879
12,48,14.345520878831119
12,49,17.910046773710455
12,50,20.634591117768288
12,51,18.60781891245162
12,52,20.625336206501643
12,53,20.375545642410632
12,54,18.84264928018071
12,55,15.772373902064698
12,56,12.492923237866469
12,57,10.219545740001879
12,58,7.625559020896129
12,59,7.9763912824714165
12,60,8.49261681830642
12,61,11.240683533106498
12,62,11.297413229430669
12,63,7.985343315943114
12,64,6.8059481929860635
12,65,5.1073190807243645
12,66,8.440321936459812
13,1,16.993216427414975
13,2,13.786239955100799
13,3,10.28223956657728
13,4,6.575524214855063
13,5,5.880535351063971
13,6,4.751980149019585
13,7,6.194220049169132
13,8,9.386657857799399
13,9,10.792974700174808
13,10,8.74519371191792
13,11,6.845645986174181
13,12,3.764677675316258
13,14,3.809007716493945
13,15,6.151834932431873
13,16,9.36324990479003
13,17,12.950040477862263
13,18,15.364594963978478
13,19,14.836527254442693
13,20,16.230373793130596
13,21,17.34595807083126
13,22,15.319111350765425
13,23,16.434261560647315
13,24,13.529225030519234
13,25,11.20494834074342
13,26,14.262888857985018
13,27,14.805888749123776
13,28,11.483989705383232
13,29,11.50656536972143
13,30,15.111761022559408
13,31,14.669703551291692
13,32,12.714618442680571
13,33,14.483282199362188
13,34,17.717618310784434
13,35,19.886043490266687
13,36,20.40364301923799
13,37,16.737275101216127
13,38,16.153116852169955
13,39,13.245964184387704
13,40,12.929809709164491
13,41,11.349001031582723
13,42,11.21389053378938
13,43,11.099090325767465
13,44,9.614774803263073
13,45,6.367667606257305
13,46,7.257955564975424
13,47,9.161086616119213
13,48,11.196235836232981
13,49,14.863883169273782
13,50,17.919108264141038
13,51,16.40761443482941
13,52,18.9388909064292
13,53,19.008956688641003
13,54,18.13001662072269
13,55,14.833916792026375
13,56,12.150952777295247
13,57,9.208657093642795
13,58,6.988350231825155
13,59,8.537356173666568
13,60,10.228806295709521
13,61,13.518329929654106
13,62,14.29258261039382
13,63,11.312764394393025
13,64,10.105408651511473
13,65,8.309280181240103
13,66,11.267397886973429
14,1,18.092878646170128
14,2,14.736559655471027
14,3,11.770076847587337
14,4,8.076101791711574
14,5,6.386905688734962
14,6,6.640899304353795
14,7,7.119614509142741
14,8,10.875250679836135
14,9,12.084806015007374
14,10,10.57938371290365
14,11,9.729159654607388
14,12,6.5917301840821985
14,13,3.809007716493945
14,15,3.809250236959535
14,16,6.376200381259326
14,17,10.078172479881857
14,18,12.54328365822138
14,19,12.7821150649033
14,20,14.325979347626973
14,21,15.01076619457864
14,22,12.439894303278546
14,23,13.237326820848034
14,24,10.046805134751054
14,25,8.341165147102199
14,26,11.755677259448293
14,27,11.957408770090211
14,28,8.883099425522508
14,29,9.868931535144052
14,30,13.36076211187505
14,31,12.830301066518135
14,32,11.832534719226048
14,33,14.044661944125322
14,34,16.72281361700405
14,35,18.3825688278243
14,36,19.32770803372686
14,37,15.763877554432872
14,38,14.833359795532063
14,39,11.70688987878869
14,40,11.083686018286702
14,41,9.523284849574532
14,42,10.605808661826757
14,43,10.956151666261116
14,44,8.390840146459391
14,45,5.481810213608451
14,46,5.706013798905412
14,47,8.88415650839436
14,48,10.837074963320312
14,49,14.641258194558528
14,50,17.803095487843624
14,51,16.809061804866193
14,52,19.662377338626985
14,53,20.43089486547125
14,54,19.785095969778993
14,55,16.181680282731055
14,56,14.05788138334924
14,57,11.408109779752827
14,58,10.13465812661612
14,59,12.103779860583268
14,60,13.542430008021608
14,61,16.96016813623304
14,62,17.68373437534708
14,63,14.41809635557323
14,64,13.328914013962246
14,65,10.951805974151467
14,66,13.253606899682904
15,1,20.166717807909393
15,2,16.546447075156493
15,3,13.711320251765676
15,4,10.108379176239394
15,5,9.49558916489047
15,6,10.121589168735483
15,7,10.725043909646514
15,8,14.46572306723442
15,9,15.282195941847132
15,10,13.203795364620463
15,11,12.485967639294188
15,12,8.859108302113262
15,13,6.151834932431873
15,14,3.809250236959535
15,16,3.8067419197027985
15,17,6.993341450280098
15,18,9.972709404297213
15,19,10.276959385536616
15,20,12.654983315173896
15,21,14.023175303648356
15,22,11.647392125531706
15,23,13.206224596581238
15,24,10.248442689957583
15,25,9.132090924312267
15,26,12.91909658840001
15,27,13.588999783531648
15,28,11.271966514242715
15,29,12.418896672245763
15,30,15.913093812877879
15,31,15.776789781364378
15,32,15.258060929867508
15,33,17.270695438046562
15,34,19.69542348938681
15,35,20.879509461867805
15,36,21.6489172782163
15,37,18.04530639130261
15,38,16.391577099138438
15,39,12.831195342587163
15,40,11.045960221348324
15,41,8.36494792802717
15,42,9.292814097170824
15,43,8.7475052677707
15,44,5.496607190192787
15,45,4.312021400367023
15,46,6.4202263435990075
15,47,9.885358225006184
15,48,12.689905253835487
15,49,16.326436357278876
15,50,19.83063100781487
15,51,19.381080950983094
15,52,22.520153834990808
15,53,23.237323952356032
15,54,22.96283846587626
15,55,19.449449661328256
15,56,17.431906388742718
15,57,14.421528407092133
15,58,12.685156990325563
15,59,14.459044155308929
15,60,16.37573972312034
15,61,19.574701805052374
15,62,19.971038857109395
15,63,16.818034791863223
15,64,14.976367667047962
15,65,12.057731413087097
15,66,13.546295406249257
16,1,20.490671965800377
16,2,16.84346643402714
16,3,14.689195673716961
16,4,11.549409687057953
16,5,10.963063890235706
16,6,12.605543685820209
16,7,13.41075790645997
16,8,17.17577409467788
16,9,18.278036730127674
16,10,16.619419899926303
16,11,15.901878815545366
16,12,12.431370913784603
16,13,9.36324990479003
16,14,6.376200381259326
16,15,3.8067419197027985
16,17,3.8028047002847902
16,18,6.3189286370006785
16,19,7.285020961703831
16,20,9.715776874214407
16,21,10.825604853125682
16,22,8.304568422251082
16,23,10.157689802916217
16,24,7.663810177430022
16,25,7.20825285613077
16,26,10.935272852099063
16,27,11.934937403453219
16,28,10.652021981085285
16,29,11.975846322627632
16,30,15.147707933916843
16,31,15.529500160612821
16,32,15.802833523249282
16,33,17.569530140367426
16,34,19.393694712518542
16,35,19.88510801811809
16,36,20.6366450315283
16,37,17.220313400193866
16,38,14.990359702705183
16,39,11.340922943309213
16,40,8.896653721471337
16,41,6.1474547074329
16,42,8.289198885963208
16,43,8.538171476678809
16,44,4.879993822000163
16,45,5.164646369913021
16,46,6.190920071122615
16,47,9.733893040888685
16,48,12.423853963569805
16,49,15.71665620123279
16,50,19.263023071155637
16,51,19.503112409904087
16,52,22.920756887496797
16,53,24.089292689214968
16,54,24.277378684493332
16,55,20.71778230253183
16,56,19.308465184225636
16,57,16.357635915625885
16,58,15.231555426008203
16,59,17.38253190625826
16,60,19.473996522476888
16,61,22.864584130276832
16,62,23.542050063424583
16,63,20.406618999046355
16,64,18.72352960237302
16,65,15.86234133164288
16,66,17.256623890362167
17,1,23.40508489533219
17,2,19.744987281042143
17,3,17.892050894471627
17,4,14.98998294514826
17,5,14.678861781643656
17,6,16.39891151342044
17,7,17.090859115814602
17,8,20.879297409527503
17,9,21.761342798317887
17,10,19.96371113801337
17,11,19.445333747951473
17,12,15.8494850510586
17,13,12.950040477862263
17,14,10.078172479881857
17,15,6.993341450280098
17,16,3.8028047002847902
17,18,3.8312575391791213
17,19,6.016799385362347
17,20,9.247057312768352
17,21,10.657940307100857
17,22,8.511645547034178
17,23,10.728413813557358
17,24,9.013876530592452
17,25,9.614494412339303
17,26,12.914118609879434
17,27,14.010466688289782
17,28,13.53149679319019
17,29,15.040976944947268
17,30,17.87805695307758
17,31,18.438767741875235
17,32,19.170094432550872
17,33,20.864305129235895
17,34,22.33020904808687
17,35,22.343929829525297
17,36,23.07306454861301
17,37,19.85881967032921
17,38,17.204774552381007
17,39,13.613755233176281
17,40,10.549732225050532
17,41,7.604421867660406
17,42,9.725934670155503
17,43,9.500576454379834
17,44,6.076178281487977
17,45,8.2018880601128
17,46,9.48726143897156
17,47,12.627528127015902
17,48,15.387133066737851
17,49,18.310268430277937
17,50,21.87352115815126
17,51,22.5678392010694
17,52,26.110757819698623
17,53,27.388454406172364
17,54,27.818163097317704
17,55,24.298701342429034
17,56,23.037914742858685
17,57,20.028617283130387
17,58,18.8290635091945
17,59,20.90441680927132
17,60,23.122936342262378
17,61,26.425241694994956
17,62,26.930413717207365
17,63,23.80924752429406
17,64,21.840705138828568
17,65,18.742989588991446
17,66,19.59471789143849
18,1,22.8837107521448
18,2,19.366116633417022
18,3,18.203229838936732
18,4,15.917223253267535
18,5,15.891181626173854
18,6,18.288192834733856
18,7,19.432626989537
18,8,23.12760238741783
18,9,24.453368557811526
18,10,22.931220071394208
18,11,22.07709966855615
18,12,18.64286182080353
18,13,15.364594963978478
18,14,12.54328365822138
18,15,9.972709404297213
18,16,6.3189286370006785
18,17,3.8312575391791213
18,19,3.8228325276951605
18,20,6.379035241300585
18,21,7.559361324362831
18,22,6.192735948756087
18,23,9.051447584587152
18,24,8.782305736968747
18,25,9.418226958797803
18,26,11.892513090909867
18,27,13.62147964732677
18,28,14.084041453813287
18,29,15.137669491339517
18,30,17.598121440039733
18,31,18.83436935672227
18,32,19.914583938982307
18,33,21.079095798007266
18,34,22.086479367015453
18,35,21.5192997773988
18,36,21.928018899744764
18,37,18.974830098772692
18,38,15.856367528876888
18,39,12.505915526790737
18,40,9.081366184670124
18,41,6.763159533581062
18,42,9.317734985696573
18,43,10.044957468795143
18,44,7.614575023464151
18,45,9.796532394830193
18,46,10.211291411931223
18,47,12.599106435465222
18,48,15.061705588652032
18,49,17.357713469013852
18,50,20.802041880094116
18,51,22.12070458611113
18,52,25.797423837361826
18,53,27.315858279274156
18,54,28.230541475186936
18,55,24.841038201460023
18,56,24.131018584948905
18,57,21.157184886824353
18,58,20.423291204019762
18,59,22.762848514210667
18,60,25.218419737350697
18,61,28.672693171837306
18,62,29.56379570375969
18,63,26.57517455206275
18,64,24.787171607629947
18,65,21.93491633904017
18,66,23.081280609206164
19,1,20.74136706427624
19,2,17.20017968218624
19,3,16.182863809620905
19,4,14.321124517696463
19,5,15.173571363476306
19,6,17.783652365583876
19,7,19.609296154066847
19,8,23.165454463287567
19,9,24.837329728772957
19,10,23.12488528473137
19,11,21.681245209563123
19,12,18.34542751160124
19,13,14.836527254442693
19,14,12.7821150649033
19,15,10.276959385536616
19,16,7.285020961703831
19,17,6.016799385362347
19,18,3.8228325276951605
19,20,3.833154312017494
19,21,6.7963971027306345
19,22,7.032473450131932
19,23,10.689272129143498
19,24,10.766859156623948
19,25,10.032749981223605
19,26,12.340660189953475
19,27,14.877947774120994
19,28,15.072148143035784
19,29,15.211580695417945
19,30,17.99059863605323
19,31,19.704553833875682
19,32,20.232221407867282
19,33,20.85744500537054
19,34,22.157135465640074
19,35,21.74540690837969
19,36,21.51925899012355
19,37,18.375538916731728
19,38,15.044723756798485
19,39,11.602188153236026
19,40,7.828928938498392
19,41,4.967568376475722
19,42,6.306162568770837
19,43,7.161404453592155
19,44,6.101799993675914
19,45,8.582322568591557
19,46,9.340306279305082
19,47,10.80946744846643
19,48,13.686165410509517
19,49,15.677823366019163
19,50,19.280390693993404
19,51,20.73227020371062
19,52,24.456200899708133
19,53,25.613504686957857
19,54,26.843740214219302
19,55,23.71377662622753
19,56,23.089311493847823
19,57,19.851630986050285
19,58,18.99295978866635
19,59,21.289013891322156
19,60,24.159459489920945
19,61,27.535307885933133
19,62,28.653257343770367
19,63,26.006681174564218
19,64,24.124260865153513
19,65,21.600952836024586
19,66,23.01553043059813
20,1,18.634903322753235
20,2,15.391083195265587
20,3,15.203583157935482
20,4,14.160651184913252
20,5,15.176727202126699
20,6,18.332814905310855
20,7,20.555534875891713
20,8,23.86230955793878
20,9,26.01182313392072
20,10,24.69543391090644
20,11,22.926951876984322
20,12,19.94316811884145
20,13,16.230373793130596
20,14,14.325979347626973
20,15,12.654983315173896
20,16,9.715776874214407
20,17,9.247057312768352
20,18,6.379035241300585
20,19,3.833154312017494
20,21,3.8349364034659565
20,22,5.955450965526307
20,23,9.70770303554476
20,24,10.907108223891509
20,25,9.659358373575348
20,26,10.841886494830872
20,27,14.001188207175852
20,28,14.79533521234039
20,29,14.232072144775453
20,30,16.598431447664446
20,31,18.95094116235931
20,32,19.584852217296067
20,33,19.57528307872625
20,34,20.49970505269078
20,35,19.693244249252434
20,36,19.014613383212346
20,37,16.141127254901846
20,38,12.520695882756263
20,39,9.560151978487708
20,40,5.919383197094165
20,41,4.9428793900230446
20,42,6.446477801155166
20,43,8.862463998310087
20,44,8.76209626325203
20,45,10.123212063128275
20,46,9.637602200928464
20,47,9.956373418383123
20,48,12.14828335454464
20,49,13.32378949462475
20,50,16.679678759545926
20,51,18.671718362349093
20,52,22.414760902018656
20,53,23.7790903661425
20,54,25.451503370618365
20,55,22.539099647582642
20,56,22.517732472426154
20,57,19.484077974581382
20,58,19.26234128255209
20,59,21.799078476562077
20,60,24.740358178423072
20,61,28.23648965383117
20,62,29.815047017797347
20,63,27.333672294911153
20,64,25.832380165224208
20,65,23.692016265229043
20,66,25.555634563882855
21,1,18.32639576239323
21,2,15.42137756511395
21,3,15.751069737083661
21,4,14.951572632092475
21,5,15.260610220905662
21,6,18.681413300118884
21,7,20.684566587089858
21,8,23.852192480809595
21,9,26.156710594606704
21,10,25.3667057207069
21,11,23.7829173790791
21,12,21.04151602193148
21,13,17.34595807083126
21,14,15.01076619457864
21,15,14.023175303648356
21,16,10.825604853125682
21,17,10.657940307100857
21,18,7.559361324362831
21,19,6.7963971027306345
21,20,3.8349364034659565
21,22,3.788997274578929
21,23,6.838563310247172
21,24,9.133666322106615
21,25,8.336969602713221
21,26,8.34020537821468
21,27,11.492725840198409
21,28,13.148202942669629
21,29,12.65570148122119
21,30,14.287025609729124
21,31,16.870649249438724
21,32,18.083105346139178
21,33,17.951725425235914
21,34,18.233088843481596
21,35,16.893215807910124
21,36,16.412717376380463
21,37,13.984572402276209
21,38,10.311432893939237
21,39,7.991949580069324
21,40,5.17596251936872
21,41,6.417352015693089
21,42,9.087302731112862
21,43,12.074550733460889
21,44,11.368200508377912
21,45,11.889257282563163
21,46,10.222442625045066
21,47,10.50924864913552
21,48,11.573896002596328
21,49,12.347202168923578
21,50,15.239849011621343
21,51,17.537052489161564
21,52,21.219356108687258
21,53,23.143668513102597
21,54,24.856805152981238
21,55,21.890979555100966
21,56,22.32536594239881
21,57,19.751232857582416
21,58,20.196814388898435
21,59,22.966453173956673
21,60,25.575810572386622
21,61,29.241912181080185
21,62,31.02782085024024
21,63,28.400163181795385
21,64,27.32546661220667
21,65,25.259819344525667
21,66,27.332028911028974
22,1,18.92088128164133
22,2,15.842456731129968
22,3,15.553198419139587
22,4,14.038012518854158
22,5,13.514081837859154
22,6,16.666796086068942
22,7,18.116804405323123
22,8,21.416429014467507
22,9,23.439885463091418
22,10,22.782110593730458
22,11,21.634840977268574
22,12,18.833704766740883
22,13,15.319111350765425
22,14,12.439894303278546
22,15,11.647392125531706
22,16,8.304568422251082
22,17,8.511645547034178
22,18,6.192735948756087
22,19,7.032473450131932
22,20,5.955450965526307
22,21,3.788997274578929
22,23,3.8120558708090932
22,24,5.418659100592911
22,25,5.442980640069755
22,26,6.273772160624209
22,27,8.663685172762033
22,28,10.186277822695477
22,29,10.612062983388725
22,30,12.352507700585173
22,31,14.303140272225004
22,32,15.800003210259106
22,33,16.377665914392995
22,34,16.746669134161394
22,35,15.68984503022912
22,36,16.02285792614114
22,37,13.417477103677188
22,38,10.241127185976236
22,39,7.498469946650447
22,40,5.022467115687706
22,41,5.872557393003976
22,42,9.526335082567215
22,43,12.2049949859676
22,44,10.380856748919703
22,45,10.481874765778832
22,46,8.568595782275278
22,47,10.052884019807337
22,48,11.07744625263901
22,49,12.765343846167259
22,50,15.72832862013166
22,51,17.409970056222495
22,52,21.03048849211291
22,53,23.112667223676624
22,54,24.275621606400108
22,55,20.968208062081015
22,56,21.058433516079873
22,57,18.63540349077005
22,58,19.028683025573436
22,59,21.80043446941342
22,60,24.02959405730852
22,61,27.752257616263268
22,62,29.30660347906174
22,63,26.388699938213204
22,64,25.41015984407228
22,65,23.133652821322677
22,66,25.103010084696642
23,1,19.77831138712374
23,2,17.056375878454336
23,3,16.9173350105072
23,4,15.422991794099538
23,5,14.023498033727734
23,6,17.038572640153493
23,7,17.951545771868446
23,8,21.031353920804328
23,9,22.9970167756275
23,10,22.897967471547958
23,11,22.136387430789046
23,12,19.645563690890953
23,13,16.434261560647315
23,14,13.237326820848034
23,15,13.206224596581238
23,16,10.157689802916217
23,17,10.728413813557358
23,18,9.051447584587152
23,19,10.689272129143498
23,20,9.70770303554476
23,21,6.838563310247172
23,22,3.8120558708090932
23,24,3.791559989538534
23,25,5.424912911471282
23,26,4.888830137411216
23,27,5.913521881375779
23,28,8.485855146694574
23,29,9.624282031127672
23,30,10.369660105789452
23,31,12.011498805158897
23,32,14.28311069961903
23,33,15.13073369692565
23,34,14.86194818860425
23,35,13.46388335977014
23,36,14.541538589093378
23,37,12.467948777966456
23,38,9.951741043036751
23,39,8.15266555438967
23,40,7.37581415265254
23,41,9.042561861921913
23,42,12.788819305367715
23,43,15.516353863520557
23,44,13.313356595689752
23,45,12.771233129126573
23,46,10.234231164059906
23,47,11.877385678588173
23,48,11.890981228401573
23,49,13.482971335670644
23,50,15.839145054072786
23,51,17.352012103353378
23,52,20.70828221841762
23,53,23.255339771860395
23,54,24.154536356248915
23,55,20.756458893810105
23,56,21.072669331777185
23,57,19.217463860425152
23,58,20.10531910920383
23,59,22.942143388135324
23,60,24.675716570518443
23,61,28.45692853613941
23,62,30.051915813690172
23,63,26.96771866935419
23,64,26.407673619112735
23,65,24.187114575413275
23,66,26.23206429855281
24,1,19.889053886173013
24,2,16.912500766446385
24,3,15.983457315622362
24,4,13.783720675136461
24,5,11.8703216791523
24,6,14.366115524298593
24,7,14.793637170854662
24,8,18.048667798826333
24,9,19.67680107332859
24,10,19.47793656482707
24,11,19.042842285263784
24,12,16.469806298774948
24,13,13.529225030519234
24,14,10.046805134751054
24,15,10.248442689957583
24,16,7.663810177430022
24,17,9.013876530592452
24,18,8.782305736968747
24,19,10.766859156623948
24,20,10.907108223891509
24,21,9.133666322106615
24,22,5.418659100592911
24,23,3.791559989538534
24,25,3.7931369285865286
24,26,5.52013961364489
24,27,5.2438687441867975
24,28,6.215961347727956
24,29,8.440341293615523
24,30,9.962579462114663
24,31,10.574626284719239
24,32,12.532795958505782
24,33,14.203910856006805
24,34,14.616980560944452
24,35,14.115811019023893
24,36,15.630004706021797
24,37,13.074836661908444
24,38,11.154669047043695
24,39,8.726127427864661
24,40,7.981958722586761
24,41,8.616521387591307
24,42,12.301521629721234
24,43,14.49201965126435
24,44,11.686611418842622
24,45,10.727933166614994
24,46,8.446680239468055
24,47,11.060050075405428
24,48,11.491565580464867
24,49,14.008699694220883
24,50,16.648371300673663
24,51,17.376985697529125
24,52,20.643473460299965
24,53,22.926139659868817
24,54,23.27275014857362
24,55,19.636975634965555
24,56,19.34027267238922
24,57,17.43622599257206
24,58,17.9639230280997
24,59,20.646304841563794
24,60,22.117200421669118
24,61,25.83812684316363
24,62,27.132825105918542
24,63,23.872713460184894
24,64,23.273847727864606
24,65,20.901610564697073
24,66,22.828256231943193
25,1,16.252040617548584
25,2,13.165477489568085
25,3,12.22269032084057
25,4,10.23629013698005
25,5,8.683056076216811
25,6,11.697387492712688
25,7,12.957948440555326
25,8,16.10664947811403
25,9,18.265943868940496
25,10,17.977114679264037
25,11,16.878924444257684
25,12,14.485113785351313
25,13,11.20494834074342
25,14,8.341165147102199
25,15,9.132090924312267
25,16,7.20825285613077
25,17,9.614494412339303
25,18,9.418226958797803
25,19,10.032749981223605
25,20,9.659358373575348
25,21,8.336969602713221
25,22,5.442980640069755
25,23,5.424912911471282
25,24,3.7931369285865286
25,26,3.8243949843323697
25,27,5.389745006909341
25,28,5.165764637753457
25,29,5.784476572998957
25,30,8.355364873050473
25,31,9.681943571907182
25,32,10.667552506529157
25,33,11.771858703654663
25,34,12.804910027522084
25,35,12.795937422196173
25,36,13.639397675169388
25,37,10.506818065790489
25,38,8.465963753233224
25,39,5.469726263703908
25,40,5.149486849307646
25,41,6.321818267306263
25,42,9.636960178797692
25,43,12.281988598671642
25,44,10.110455772762373
25,45,8.321102562203645
25,46,5.222892508615952
25,47,7.3572123255768185
25,48,7.774486274997329
25,49,10.54613956140765
25,50,13.485820275818384
25,51,14.08172048259538
25,52,17.493255002897005
25,53,19.512932309165272
25,54,20.023846832674458
25,55,16.458247295191068
25,56,16.218201628129464
25,57,14.079677469308074
25,58,14.732195861075885
25,59,17.53927065588663
25,60,19.295121382344227
25,61,23.068244683823036
25,62,24.685486031392642
25,63,21.68854407863842
25,64,21.178640283681286
25,65,19.200324020872763
25,66,21.57960822007543
26,1,15.326910302446244
26,2,12.856453434744052
26,3,12.955339334066357
26,4,11.981385596396626
26,5,10.426906739497468
26,6,13.745261224151271
26,7,15.14808367712788
26,8,17.774818327980707
26,9,20.306007013510598
26,10,20.57085578162568
26,11,19.34317664575638
26,12,17.43688995069866
26,13,14.262888857985018
26,14,11.755677259448293
26,15,12.91909658840001
26,16,10.935272852099063
26,17,12.914118609879434
26,18,11.892513090909867
26,19,12.340660189953475
26,20,10.841886494830872
26,21,8.34020537821468
26,22,6.273772160624209
26,23,4.888830137411216
26,24,5.52013961364489
26,25,3.8243949843323697
26,27,3.7868918331593338
26,28,5.674495769825032
26,29,5.171736359989306
26,30,6.116561277283709
26,31,8.576603072512944
26,32,10.219726680808135
26,33,10.46652749516799
26,34,10.490258854074032
26,35,9.632367896680744
26,36,10.39953977433239
26,37,7.804454259049384
26,38,5.717336768290892
