1,2,3.7188676419057507
1,3,5.878613423284657
1,4,9.355712981366699
1,5,11.950197197309405
1,6,11.875829901913962
1,7,15.386530265491004
1,8,17.394802172942512
1,9,21.19217824107954
1,10,22.753173211804157
1,11,26.322316439619026
1,12,27.70695223243397
1,13,28.046677352508016
1,14,25.46427739247773
1,15,22.15546435465531
1,16,18.78107107341604
1,17,15.688629311869468
1,18,12.007720098262753
1,19,9.14324672170204
1,20,5.562340665083025
1,21,5.469580878021456
1,22,6.05295308519236
1,23,7.38436538926382
1,24,9.595198915762863
1,25,13.161751770592186
1,26,14.181900194589732
1,27,13.698455702611678
1,28,11.869256154705655
1,29,14.85426154460888
1,30,13.442755703354512
1,31,10.933909423475372
1,32,11.590812934025015
1,33,12.05848392862169
1,34,13.631240503875672
1,35,15.872453527577028
1,36,17.069304549073486
1,37,20.77176070828081
1,38,22.645412753284678
1,39,26.00988230032631
1,40,27.99179415489384
1,41,28.601034319886203
1,42,25.96344456519071
1,43,22.258805656448466
1,44,21.05460674957594
1,45,18.223076807400002
1,46,19.02061936151959
1,47,17.680191917358663
1,48,17.542469358020707
1,49,16.848559150888587
1,50,15.68647359466887
1,51,15.819062517765472
1,52,16.82684672731287
1,53,19.053427757500838
1,54,21.859187840996885
1,55,22.304018081371577
1,56,21.29701921263612
1,57,19.859493516184166
1,58,20.7390146964763
1,59,21.18088313223827
1,60,21.575174291542798
1,61,25.224717321327358
1,62,24.62282424169041
1,63,23.923973271996495
1,64,26.392899602957925
1,65,26.954829774447088
1,66,26.82256960337672
1,67,25.6563781550234
1,68,23.92575169260803
1,69,20.32638751145644
1,70,19.394624409496252
1,71,16.44957535097541
1,72,16.00918248125676
1,73,14.742156422529774
1,74,13.200860851152644
1,75,14.113921645360616
1,76,13.180141082153597
1,77,10.208410029009151
1,78,9.824393760690457
1,79,10.15287079088333
1,80,12.032042598083068
1,81,13.75898354644895
1,82,17.008939875499497
1,83,19.688146933785145
1,84,23.276086957683557
1,85,26.225755902173656
1,86,24.212287299494342
1,87,26.29786424503889
1,88,26.48038016996708
1,89,26.37814765107692
1,90,22.968648025780443
1,91,21.344638704698863
1,92,18.784427310355536
1,93,15.168931515802567
1,94,12.954007772816531
1,95,9.728096937417174
1,96,7.822821349191098
1,97,7.734559761469001
1,98,8.354628094200695
1,99,11.509867779012081
1,100,13.197730186452628
1,101,16.706811035510658
1,102,16.5447809110727
1,103,13.25699157202444
1,104,11.122711162193715
1,105,7.546184763762805
1,106,6.7511611014650095
1,107,4.576135878506401
1,108,6.696352194279068
1,109,9.801776842290908
1,110,11.649232571093425
1,111,15.257547953611788
1,112,17.507059189569855
1,113,21.172815309620855
1,114,23.76481077372005
1,115,27.24504014492599
1,116,30.61656543003034
1,117,32.820887742996916
2,1,3.7188676419057507
2,3,3.7673332185849993
2,4,6.483677843960746
2,5,8.959203291637918
2,6,8.928076474434055
2,7,12.614123876523172
2,8,14.80595147488548
2,9,18.615842564099523
2,10,20.502133578057272
2,11,24.192244431281996
2,12,25.991302744692167
2,13,26.600770023594716
2,14,23.815349825150317
2,15,20.742189062649324
2,16,17.264026406309117
2,17,14.24496174125127
2,18,10.55511549058176
2,19,8.234386077061771
2,20,5.526942946927476
2,21,5.487013922357945
2,22,7.959534555026385
2,23,9.150784328075893
2,24,12.222262542284753
2,25,15.427789159161458
2,26,16.979158961196354
2,27,16.385019938952553
2,28,14.947657595875937
2,29,18.040601901698665
2,30,16.526780916217536
2,31,13.685861782573491
2,32,13.951826231953607
2,33,13.513028112510874
2,34,14.787791364148376
2,35,16.311746986610803
2,36,17.309586864695614
2,37,20.798584619635008
2,38,22.2782590483761
2,39,25.61181654639969
2,40,27.943379217341253
2,41,28.472901085131987
2,42,26.210281898444517
2,43,22.584463468162756
2,44,21.865153837288528
2,45,19.35500804900128
2,46,20.275728181135307
2,47,19.333126755632712
2,48,18.771245916302227
2,49,18.48110963293302
2,50,17.89474527876581
2,51,18.126692542226273
2,52,19.645212066071334
2,53,21.969568437028542
2,54,24.902535596579337
2,55,25.054392501548225
2,56,23.648048710582085
2,57,21.841935266976424
2,58,22.783255109614565
2,59,22.789672462044333
2,60,23.134209330961454
2,61,26.792885050052828
2,62,25.81088316089899
2,63,24.732131311581696
2,64,26.752195235771417
2,65,27.298679155310598
2,66,27.456771975643314
2,67,26.09182959257697
2,68,23.978930599019634
2,69,20.60329353796868
2,70,19.77217442388886
2,71,17.214701422306014
2,72,16.538106443179352
2,73,15.49322122268771
2,74,14.749984525184157
2,75,16.02206010250469
2,76,14.408592146814767
2,77,11.283624741948362
2,78,9.991339781716036
2,79,10.941373467833506
2,80,12.0040467220371
2,81,13.753243195250805
2,82,16.48103303248238
2,83,19.111420679000044
2,84,22.54717420704073
2,85,25.332384691606297
2,86,23.103602810963082
2,87,25.11061379298362
2,88,25.0657617309728
2,89,25.434432243910436
2,90,22.223226769888512
2,91,20.130700319732284
2,92,17.80105451580961
2,93,14.246450870638217
2,94,12.587799716715208
2,95,10.165695450225664
2,96,9.282086486143918
2,97,10.424294569928827
2,98,11.781465492372933
2,99,15.103523909318485
2,100,16.909238908593192
2,101,20.389107170157597
2,102,20.127839521707084
2,103,16.72191289103163
2,104,14.421582446122613
2,105,10.677412463121923
2,106,8.954612586971146
2,107,5.666145955546648
2,108,5.714396895794072
2,109,8.455414438562244
2,110,9.855841170649171
2,111,13.35424728689982
2,112,15.698493376535257
2,113,19.208792346947853
2,114,21.905403172137337
2,115,25.163434956242146
2,116,28.53528394546756
2,117,30.458791968148315
3,1,5.878613423284657
3,2,3.7673332185849993
3,4,3.7957577183814686
3,5,6.186904146638401
3,6,6.611546601817382
3,7,9.834384658820207
3,8,11.56324730775327
3,9,15.373724649577614
3,10,17.003635252959675
3,11,20.64143088309558
3,12,22.29633393005505
3,13,22.886924108539688
3,14,20.197421827525577
3,15,17.154253870141474
3,16,13.59966158525161
3,17,10.772213521998983
3,18,7.053448229070588
3,19,5.520861133858427
3,20,4.319576100296435
3,21,6.527593881550037
3,22,9.576344077450695
3,23,11.8543562746069
3,24,14.648188633394838
3,25,17.7787370397316
3,26,18.83371278812113
3,27,17.525901735815875
3,28,15.694108559941045
3,29,18.343131808337027
3,30,16.228493918871
3,31,12.880194085358431
3,32,12.44533559781754
3,33,11.12417882579505
3,34,12.29321750811958
3,35,13.44260372781322
3,36,14.778013277096205
3,37,18.051526327990715
3,38,19.687900533428014
3,39,22.77184350999208
3,40,25.35682791444933
3,41,26.23084182730081
3,42,24.193827824851194
3,43,20.56809555561136
3,44,19.793356915976183
3,45,17.266129435314497
3,46,17.85497023419948
3,47,17.022838093896883
3,48,16.00491266429305
3,49,16.044049193075445
3,50,16.09639400178745
3,51,16.702357503529026
3,52,18.856432927807717
3,53,21.57778512513356
3,54,24.36791479915246
3,55,23.95037185136135
3,56,22.24281423061695
3,57,19.94670113670198
3,58,20.703615411320733
3,59,20.242046703707743
3,60,20.527606261071792
3,61,24.1585382520833
3,62,22.97638591637573
3,63,21.592048334353112
3,64,23.367493637172096
3,65,23.86753996564509
3,66,24.198904236777324
3,67,22.845448143821002
3,68,20.510882425685892
3,69,17.277142159492666
3,70,16.726174175220827
3,71,14.60635791119158
3,72,14.330280265922957
3,73,14.082649412063938
3,74,13.503696202523628
3,75,15.595296604302368
3,76,14.23991334838225
3,77,11.865368243219233
3,78,9.522681563822017
3,79,9.565245822430903
3,80,9.507940284492255
3,81,10.620916194393454
3,82,13.043975227652995
3,83,15.475270448747006
3,84,18.91787500741571
3,85,21.608561295546153
3,86,19.336965011876373
3,87,21.37421012487792
3,88,21.454566424805613
3,89,21.89385773008373
3,90,18.64864082953996
3,91,16.635601766307087
3,92,14.596046956564248
3,93,11.30031551013448
3,94,9.42326070991513
3,95,7.645427611174821
3,96,7.35269164945534
3,97,9.764796049047753
3,98,12.0233427716281
3,99,15.67798850159507
3,100,18.16889566389683
3,101,21.804752375980694
3,102,21.291638490988795
3,103,18.114144782292932
3,104,15.238561467485761
3,105,11.68871721631539
3,106,8.979992449007927
3,107,5.216524589931569
3,108,5.2037825414669685
3,109,6.248527903861293
3,110,6.579595507753853
3,111,10.298261284713535
3,112,12.211383111180442
3,113,15.810505224213113
3,114,18.32536509218167
3,115,21.677659851195095
3,116,25.00372461027759
3,117,27.04963669605082
4,1,9.355712981366699
4,2,6.483677843960746
4,3,3.7957577183814686
4,5,2.852774730287455
4,6,5.160531808283396
4,7,7.761290171996088
4,8,8.925489459738001
4,9,12.685304434047385
4,10,14.354648233153544
4,11,18.028225219759598
4,12,20.135838862194074
4,13,20.80086184148862
4,14,17.80885840379082
4,15,15.013132352352208
4,16,11.573349447244745
4,17,8.815841492146538
4,18,5.621808691058841
4,19,5.481767698935725
4,20,6.413733067069144
4,21,8.218093386662014
4,22,11.89828848349543
4,23,14.179971537241068
4,24,17.315338099544654
4,25,20.04511579411944
4,26,21.351872809147412
4,27,19.818738856175443
4,28,18.37595836769071
4,29,21.04934817866588
4,30,18.981361870824664
4,31,15.59817331208103
4,32,15.135586555583215
4,33,13.280346530362436
4,34,14.40815805984474
4,35,14.911900454648377
4,36,16.321196395961067
4,37,19.118917740806168
4,38,20.49518977471907
4,39,23.26479664471063
4,40,26.24147312016655
4,41,27.250177871388445
4,42,25.668500911086753
4,43,22.206741948203543
4,44,21.72867689774087
4,45,19.445334455506856
4,46,19.811050049117025
4,47,19.141618989675813
4,48,17.53289880720012
4,49,17.727959771704278
4,50,18.221101237955068
4,51,18.68895808206711
4,52,21.233216870350343
4,53,23.89685870709584
4,54,26.81170465272384
4,55,26.126840927940464
4,56,23.980229989193425
4,57,21.442677003083823
4,58,22.402055472348714
4,59,21.634692053941414
4,60,22.095471450640574
4,61,25.665095293134616
4,62,24.302167774218145
4,63,22.409612796791446
4,64,23.663872340020575
4,65,23.896911407479895
4,66,24.363796829003956
4,67,22.66931779014888
4,68,20.095325101722338
4,69,17.24724458463209
4,70,16.63619894738833
4,71,15.046187375730582
4,72,14.407237125135463
4,73,14.43939436228921
4,74,14.791917624219034
4,75,17.08392974666714
4,76,15.211624621784415
4,77,13.095632644927159
4,78,10.06934242846554
4,79,10.585740605168892
4,80,9.550286143585595
4,81,10.666733799320788
4,82,12.173150807391123
4,83,14.574408624199227
4,84,17.592175396094568
4,85,20.14757806223769
4,86,17.87731461088482
4,87,20.014056715262058
4,88,20.11631481195054
4,89,21.19431472896423
4,90,18.187371061338673
4,91,15.904327262257318
4,92,14.58676688094977
4,93,11.879915218948351
4,94,10.51666331994618
4,95,10.012055913884112
4,96,10.259664681933412
4,97,13.194549382944741
4,98,15.522517701180725
4,99,19.25987222742034
4,100,21.788342004544727
4,101,25.4725509523955
4,102,25.033045802740858
4,103,21.89926381854892
4,104,18.99977352476691
4,105,15.478869575477882
4,106,12.636047358450302
4,107,8.901341216098201
4,108,8.046793401969488
4,109,7.802227504874921
4,110,6.460355953228904
4,111,9.633807305633615
4,112,10.91455965406643
4,113,14.196544094685997
4,114,16.45306095514824
4,115,19.518386202862253
4,116,22.666537164125135
4,117,24.327424697567967
5,1,11.950197197309405
5,2,8.959203291637918
5,3,6.186904146638401
5,4,2.852774730287455
5,6,3.7960669730748817
5,7,5.3031388239004
5,8,6.316912481703695
5,9,10.021349698203506
5,10,12.01513121068703
5,11,15.755259855994609
5,12,18.117087268238695
5,13,19.14117617402771
5,14,16.194693547304915
5,15,13.843476840836411
5,16,10.379366692067968
5,17,8.398857230651142
5,18,6.056272959644226
5,19,7.463906516252664
5,20,9.097376182533342
5,21,11.052251968747756
5,22,14.746806362839392
5,23,16.993912418058756
5,24,20.16027383739303
5,25,22.8843607902961
5,26,24.18989085044798
5,27,22.57662254520845
5,28,21.059784130409472
5,29,23.583478918686225
5,30,21.317575648843366
5,31,17.803036455783595
5,32,16.91711615758068
5,33,14.553152886063835
5,34,15.187669865138437
5,35,14.99017374809649
5,36,16.135615633273478
5,37,18.511349292253147
5,38,19.535736789267553
5,39,22.1024613237044
5,40,25.290720492279704
5,41,26.29165945800381
5,42,25.07725566078101
5,43,21.811970976869244
5,44,21.687270046208912
5,45,19.76608812578338
5,46,20.191725467364957
5,47,19.935223323094323
5,48,18.178364906939237
5,49,18.835217535457673
5,50,19.821776430469303
5,51,20.570338994303448
5,52,23.359075237763747
5,53,26.1737878973514
5,54,28.96755942022055
5,55,28.01067550298976
5,56,25.759684710116243
5,57,22.958644562377238
5,58,23.70559879465778
5,59,22.52210630915699
5,60,22.761523640230564
5,61,26.158728956515436
5,62,24.464074776084765
5,63,22.393976488094502
5,64,23.198072803798137
5,65,23.534130131603362
5,66,24.359386938364676
5,67,22.735903858285567
5,68,19.838384746272617
5,69,17.388295352376407
5,70,17.18391492718546
5,71,16.193984815050374
5,72,15.809249702299624
5,73,16.329977315053743
5,74,16.89589891684211
5,75,19.450297879544866
5,76,17.621291946926885
5,77,15.744189135433619
5,78,12.515349952452041
5,79,12.81693489332952
5,80,11.0999654287721
5,81,11.542056304431773
5,82,12.22816405742293
5,83,14.075558598588454
5,84,16.83346405984589
5,85,18.986966221909398
5,86,16.468449395461473
5,87,18.334762537131482
5,88,18.167396043577178
5,89,19.59306297250112
5,90,16.898636251738623
5,91,14.289201582315519
5,92,13.341065334678508
5,93,11.097517516822064
5,94,10.472451247061441
5,95,10.944883581003708
5,96,11.983529795461088
5,97,15.190053149309822
5,98,17.851924174344774
5,99,21.56954593732669
5,100,24.263302108933434
5,101,27.91946839819258
5,102,27.29529724477676
5,103,24.140586455098237
5,104,21.07410919683367
5,105,17.59155922690224
5,106,14.436578239386492
5,107,10.84038903504352
5,108,9.31460189791789
5,109,8.03733023443638
5,110,5.8044167626658325
5,111,8.042142634946735
5,112,9.045836396663628
5,113,11.965571744679819
5,114,14.252303601388194
5,115,17.087695291824307
5,116,20.244363660392793
5,117,21.777473624375602
6,1,11.875829901913962
6,2,8.928076474434055
6,3,6.611546601817382
6,4,5.160531808283396
6,5,3.7960669730748817
6,7,3.828383052242115
6,8,6.929178722686789
6,9,10.449743591674737
6,10,13.188647111820956
6,11,16.964727478095647
6,12,19.168208781834526
6,13,20.754573974896637
6,14,18.266995470187958
6,15,16.232546194580753
6,16,12.552375400569838
6,17,11.238677247939105
6,18,8.696233336805623
6,19,9.92987172693612
6,20,10.622173329926293
6,21,12.647499953454417
6,22,16.02999762186639
6,23,17.904286146982937
6,24,20.978658836773192
6,25,24.077460428518314
6,26,25.379787701972823
6,27,24.106511511309705
6,28,22.25197648812036
6,29,24.718735965737356
6,30,22.27448764913224
6,31,18.68103272147103
6,32,17.328257502171535
6,33,14.873234175498236
6,34,14.679961917390122
6,35,14.049856638994381
6,36,14.32495594754037
6,37,16.734764688801576
6,38,17.252768094261523
6,39,20.15214713966783
6,40,23.15180502172261
6,41,23.7018415692962
6,42,22.479658512558252
6,43,19.313469462015824
6,44,19.64701492697337
6,45,18.16389386406351
6,46,19.25121947738802
6,47,19.584057270406166
6,48,18.44972389486502
6,49,19.633703063613815
6,50,20.7407782460153
6,51,21.97379600478902
6,52,24.578158762175473
6,53,27.59232936001603
6,54,30.153966287272173
6,55,29.252070928103187
6,56,27.38950128693548
6,57,24.559379902212488
6,58,24.82270985070941
6,59,23.450437852279514
6,60,23.099584370480464
6,61,26.338408526287854
6,62,24.290872403338366
6,63,22.671477831413476
6,64,23.473100756924538
6,65,24.411152998788396
6,66,25.63492911237646
6,67,24.527434793189585
6,68,21.431737855907148
6,69,18.992992160919886
6,70,19.35283831928595
6,71,18.396137571656126
6,72,18.53642524323158
6,73,19.118728867916698
6,74,19.08291317543288
6,75,21.633344347742906
6,76,20.12498685138295
6,77,17.953032779126328
6,78,15.092014454245527
6,79,15.133213897394834
6,80,13.71476507160788
6,81,13.667191828317085
6,82,14.53950397373467
6,83,15.815912645027614
6,84,18.82095921233705
6,85,20.580217476479287
6,86,17.607549311297117
6,87,18.804892575123077
6,88,17.946488951501305
6,89,19.03442710855104
6,90,16.570262840892322
6,91,13.534942109083495
6,92,11.824108217988796
6,93,9.140801958366177
6,94,9.52598602937347
6,95,10.070886755925871
6,96,11.979988305034471
6,97,14.866449063498646
6,98,17.817335085508855
6,99,21.30031612249171
6,100,23.991678473402644
6,101,27.457901406679635
6,102,26.493400151068617
6,103,23.153865214444377
6,104,20.020902512687215
6,105,16.518040088806817
6,106,13.16269786172479
6,107,9.933805223319197
6,108,7.2986833328973555
6,109,5.5794710361369635
6,110,4.4319868765974375
6,111,6.019364163590552
6,112,8.488616737087616
6,113,11.299547354555756
6,114,14.357206112467207
6,115,17.142428776358514
6,116,20.646072331129794
6,117,22.436791906027864
7,1,15.386530265491004
7,2,12.614123876523172
7,3,9.834384658820207
7,4,7.761290171996088
7,5,5.3031388239004
7,6,3.828383052242115
7,8,3.803937236450942
7,9,6.831176179258336
7,10,9.923859157443944
7,11,13.620485355360241
7,12,15.94604715313674
7,13,17.949745320109518
7,14,15.71340470909038
7,15,14.325021358558528
7,16,10.861153968888994
7,17,10.7291681370321
7,18,9.369667164206405
7,19,11.804430045243913
7,20,13.405949264190815
7,21,15.802160567433631
7,22,19.266707554348915
7,23,21.433457640978872
7,24,24.444996794122964
7,25,27.478554536215725
7,26,28.60941082200642
7,27,27.033375029019695
7,28,25.067565606873288
7,29,27.25934147904452
7,30,24.556398096348943
7,31,20.843153366504186
7,32,19.07280602844588
7,33,16.069361697925494
7,34,15.464020744685547
7,35,14.004453289813979
7,36,14.164978232675578
7,37,15.784729858739935
7,38,15.956821288307594
7,39,18.34742294838717
7,40,21.669549114285644
7,41,22.418264807109605
7,42,21.757438523985755
7,43,18.92036254204807
7,44,19.55794641095801
7,45,18.491830245420285
7,46,19.37423146538343
7,47,20.100601216609938
7,48,18.646524914144926
7,49,20.294708634371855
7,50,22.005197173142808
7,51,23.50161864055096
7,52,26.45243200540574
7,53,29.633602990395612
7,54,32.02782576983884
7,55,30.7141201218511
7,56,28.666277931658286
7,57,25.517434865874673
7,58,25.556638615365202
7,59,23.68710514720178
7,60,23.15558610658426
7,61,26.11616181057482
7,62,23.736601209125226
7,63,21.829701754584125
7,64,22.012033206295968
7,65,22.99860369663302
7,66,24.623021059965556
7,67,23.61800812519702
7,68,20.214188478563035
7,69,18.357589473337278
7,70,19.198383654589833
7,71,18.99720357840459
7,72,19.458677645495058
7,73,20.656898292864717
7,74,20.873936901954778
7,75,23.78945907665263
7,76,22.40813833988289
7,77,20.685960472020504
7,78,17.473008763973954
7,79,17.14615083333682
7,80,14.968179657742024
7,81,14.18597850651594
7,82,14.085126781326188
7,83,14.574537893607175
7,84,17.137126614267807
7,85,18.316256441552547
7,86,15.11742566343503
7,87,15.910629364633808
7,88,14.755842247745099
7,89,16.29271314233429
7,90,14.289671387759634
7,91,10.957534768314554
7,92,10.051482468937143
7,93,8.543779322104951
7,94,9.770106884782482
7,95,11.616658692857335
7,96,14.057401558322615
7,97,17.29900722067641
7,98,20.534483642360954
7,99,24.021399723700036
7,100,26.984147452455705
7,101,30.45842684817182
7,102,29.336847884113368
7,103,26.149432430553162
7,104,22.80790188169749
7,105,19.526755703371045
7,106,15.93079067356867
7,107,12.965202203868495
7,108,10.514580817414014
7,109,7.749979105183359
7,110,5.2543965863655915
7,111,4.413714531389663
7,112,5.856143340381102
7,113,7.904585754763318
7,114,10.950178102587252
7,115,13.46019015023088
7,116,16.968692878296405
7,117,18.729833184992213
8,1,17.394802172942512
8,2,14.80595147488548
8,3,11.56324730775327
8,4,8.925489459738001
8,5,6.316912481703695
8,6,6.929178722686789
8,7,3.803937236450942
8,9,3.819722715909754
8,10,6.2908139027472405
8,11,10.063655115178344
8,12,12.548638096786195
8,13,14.377869143516895
8,14,11.994184621730273
8,15,10.869738566366717
8,16,7.743746254283385
8,17,8.462363879636149
8,18,8.47800003443037
8,19,11.745498402379154
8,20,14.27389394347625
8,21,16.90198408682621
8,22,20.432241147449442
8,23,23.016833272261586
8,24,25.943480945998125
8,25,28.739307717324788
8,26,29.666224078221784
8,27,27.673592745714465
8,28,25.780885138088337
8,29,27.74443342950033
8,30,24.96493566841631
8,31,21.26319556850148
8,32,19.485344521309855
8,33,16.232479352957
8,34,15.915110141051562
8,35,14.322394915263997
8,36,15.140568699284405
8,37,16.271387557632885
8,38,16.777238837707678
8,39,18.517195963759214
8,40,22.10703682108051
8,41,23.402660586731393
8,42,23.013216518855018
8,43,20.28811743276136
8,44,20.63617201846748
8,45,19.43818573003207
8,46,19.65361615225093
8,47,20.168346579798005
8,48,18.09246883145007
8,49,19.68255631407032
8,50,21.720669583684682
8,51,23.113224780184293
8,52,26.381589603828687
8,53,29.54658651352473
8,54,31.91342160009114
8,55,30.270653713359614
8,56,27.887843050268337
8,57,24.55683478920925
8,58,24.713371537184617
8,59,22.63274120088633
8,60,22.381807277241453
8,61,25.23523954402395
8,62,22.931007811693544
8,63,20.517009859875056
8,64,20.29446270150346
8,65,20.84517845487789
8,66,22.449453600474463
8,67,21.189853188023218
8,68,17.720200484004554
8,69,16.31940868430478
8,70,17.18786747863377
8,71,17.57892228136874
8,72,18.058602250638074
8,73,19.727074162321866
8,74,20.377367562460968
8,75,23.534389979267544
8,76,22.19397948300871
8,77,21.042452745297012
8,78,17.503717897618948
8,79,16.917505220913736
8,80,14.08781196891188
8,81,12.926362041923191
8,82,11.905398566884566
8,83,12.045383799706237
8,84,14.066466371542372
8,85,15.086205054263592
8,86,12.057635073010738
8,87,13.166244431218031
8,88,12.530059609754788
8,89,14.61934432664128
8,90,12.687807411382218
8,91,9.7252090543018
8,92,10.151762270892679
8,93,9.774018000280813
8,94,10.470509201798478
8,95,12.884791341054175
8,96,15.054508375466076
8,97,18.638571594583844
8,98,21.86441595764774
8,99,25.462011189997778
8,100,28.61396932192795
8,101,32.20189615926674
8,102,31.1863769391721
8,103,28.240669218035244
8,104,24.798508618070407
8,105,21.688409408684464
8,106,18.06797575344618
8,107,15.058472396813642
8,108,13.310861815148513
8,109,10.397635179836692
8,110,7.00204233076893
8,111,6.06213614635982
8,112,4.802737694263282
8,113,6.2904352930409555
8,114,8.283586226164159
8,115,10.815599676366638
8,116,14.037717215522344
8,117,15.714328306708383
9,1,21.19217824107954
9,2,18.615842564099523
9,3,15.373724649577614
9,4,12.685304434047385
9,5,10.021349698203506
9,6,10.449743591674737
9,7,6.831176179258336
9,8,3.819722715909754
9,10,3.8115776500839713
9,11,7.113472497512931
9,12,9.980429058770255
9,13,12.469541885491088
9,14,10.578125056788334
9,15,10.731591021015161
9,16,8.627857198791451
9,17,10.65601191712914
9,18,11.673743993135966
9,19,15.194141086518448
9,20,17.957932652687653
9,21,20.618703921701854
9,22,24.152157460094045
9,23,26.795344051601724
9,24,29.70981941260454
9,25,32.452263839942695
9,26,33.31897805493968
9,27,31.19080181772886
9,28,29.273827796998802
9,29,31.060161065006685
9,30,28.167294493717836
9,31,24.47131946138178
9,32,22.47730700372071
9,33,19.01006569743764
9,34,18.388323249469153
9,35,16.259017157087847
9,36,16.857220987669166
9,37,17.168965986517414
9,38,17.24500368375584
9,39,18.287312859724498
9,40,22.037760796788803
9,41,23.45226393124711
9,42,23.66023547881642
9,43,21.39045237217347
9,44,22.03952191509
9,45,21.289693582726958
9,46,21.368064515007156
9,47,22.214822864355668
9,48,19.995215310873512
9,49,21.89628355905723
9,50,24.3200246680803
9,51,25.859909682122822
9,52,29.291888957180827
9,53,32.512304900797254
9,54,34.726489501897966
9,55,32.80104688398752
9,56,30.315265233544952
9,57,26.817898630540554
9,58,26.79163318779471
9,59,24.350375491522275
9,60,23.946243572375607
9,61,26.42719686665975
9,62,23.877959534547003
9,63,21.270093077251094
9,64,20.346279834100912
9,65,20.89231453899596
9,66,22.8759030067224
9,67,21.74843193744069
9,68,18.11665195697062
9,69,17.495353544822773
9,70,18.76141851322111
9,71,19.820957018062447
9,72,20.49531712254847
9,73,22.528551031512684
9,74,23.36815684948726
9,75,26.662050252983708
9,76,25.396445675723857
9,77,24.51018681445669
9,78,20.876859695374662
9,79,20.16229414910219
9,80,17.025743819252572
9,81,15.464228683101544
9,82,13.651543250958312
9,83,12.908461505361133
9,84,14.0482832062053
9,85,14.149029437584044
9,86,11.067818714530809
9,87,11.476783919258493
9,88,10.468455784289047
9,89,13.29754128749964
9,90,12.267792475630204
9,91,9.365257873741283
9,92,10.96281024247959
9,93,11.807634837345832
9,94,13.055443480595592
9,95,15.990069068658787
9,96,18.37647378023779
9,97,21.998898733398025
9,98,25.325034011683965
9,99,28.862528422344063
9,100,32.13025931026991
9,101,35.68698187846139
9,102,34.56308143674302
9,103,31.702055493591317
9,104,28.17502590307643
9,105,25.20002019992203
9,106,21.502531215865165
9,107,18.68220607002519
9,108,16.86699787101842
9,109,13.708936933649845
9,110,10.391653137273325
9,111,8.408532061617212
9,112,6.123231053619693
9,113,5.110235061055643
9,114,5.968116818540434
9,115,7.497589187009376
9,116,10.543497248095711
9,117,12.001638432695477
10,1,22.753173211804157
10,2,20.502133578057272
10,3,17.003635252959675
10,4,14.354648233153544
10,5,12.01513121068703
10,6,13.188647111820956
10,7,9.923859157443944
10,8,6.2908139027472405
10,9,3.8115776500839713
10,11,3.791257441814636
10,12,6.64983886974879
10,13,8.743477845144
10,14,6.840663660501424
10,15,7.636984925577608
10,16,6.667165713375581
10,17,9.701610681322519
10,18,11.8559810381321
10,19,15.60352867055747
10,20,18.83391530551647
10,21,21.67258823937657
10,22,25.059298607158695
10,23,28.040029954596513
10,24,30.741392682831606
10,25,33.29401157657645
10,26,33.86831665118792
10,27,31.3900196433394
10,28,29.484908397532976
10,29,30.958864362191402
10,30,28.017492689419175
10,31,24.440760321831092
10,32,22.456191135202946
10,33,18.935461567366836
10,34,18.584306211729206
10,35,16.53418434336888
10,36,17.742901082606085
10,37,17.737868275100457
10,38,18.30813262247768
10,39,18.77916402889488
10,40,22.56879248775134
10,41,24.524345606204495
10,42,24.795712691699478
10,43,22.58090372178026
10,44,22.80384256480207
10,45,21.85257086616482
10,46,21.287996128303096
10,47,21.855902626348183
10,48,19.17289566621453
10,49,20.93948977547434
10,50,23.59052961607119
10,51,25.040335979284393
10,52,28.65808260259933
10,53,31.823404415805037
10,54,33.91312203558712
10,55,31.695227699369173
10,56,28.991956314005673
10,57,25.403913750088474
10,58,25.428212671261342
10,59,22.847372325966937
10,60,22.716128657432286
10,61,25.01469751433928
10,62,22.659248112944177
10,63,19.648902982230215
10,64,18.388153195799628
10,65,18.421701843552984
10,66,20.308739092473363
10,67,18.99721671264213
10,68,15.430923279273582
10,69,15.391761201305329
10,70,16.720266638384704
10,71,18.382118631188828
10,72,19.194153598868116
10,73,21.663643363565555
10,74,22.72757558668331
10,75,26.166733485119053
10,76,25.119977607769343
10,77,24.811676226358735
10,78,21.07817476329193
10,79,20.007084426090948
10,80,16.49908493676021
10,81,14.562463789502145
10,82,11.973575928940377
10,83,10.685244407709021
10,84,10.979778895941628
10,85,10.7585246317329
10,86,8.081815841464705
10,87,8.984013600291677
10,88,9.063824379627128
10,89,12.19084178250832
10,90,11.19549209743166
10,91,9.335937641335262
10,92,11.903349059197108
10,93,13.360137029891437
10,94,13.945375432396238
10,95,17.027327341358514
10,96,19.077260051172416
10,97,22.804327813381043
10,98,26.041645124063418
10,99,29.567290871250012
10,100,32.969277453811785
10,101,36.56555119642711
10,102,35.52966964316867
10,103,32.947251360626105
10,104,29.37204914913245
10,105,26.63038907655818
10,106,22.990864228063202
10,107,20.26636739689173
10,108,19.059334938621426
10,109,15.890270451304108
10,110,12.301637799909896
10,111,10.753727528983127
10,112,7.476981837025274
10,113,6.323501315564184
10,114,4.804813800767185
10,115,6.32437692939392
10,116,8.574723299297338
10,117,10.196661318220027
11,1,26.322316439619026
11,2,24.192244431281996
11,3,20.64143088309558
11,4,18.028225219759598
11,5,15.755259855994609
11,6,16.964727478095647
11,7,13.620485355360241
11,8,10.063655115178344
11,9,7.113472497512931
11,10,3.791257441814636
11,12,3.8023759276467417
11,13,6.316292747167213
11,14,5.609844871578498
11,15,8.20740352319732
11,16,8.871538792573038
11,17,12.381369594140379
11,18,15.066318948933011
11,19,18.819947240419555
11,20,22.203971020232476
11,21,25.087592732037177
11,22,28.387718392320142
11,23,31.493421997235895
11,24,34.090620111941384
11,25,36.54090631779055
11,26,36.95814611104148
11,27,34.290863300173555
11,28,32.38108084560707
11,29,33.60756237060558
11,30,30.61078632193849
11,31,27.139076325400268
11,32,25.062857604010382
11,33,21.498165513145647
11,34,21.071888993952438
11,35,18.833715662054924
11,36,20.08109897236001
11,37,19.48524070969308
11,38,19.975678943826487
11,39,19.72929838264069
11,40,23.47947564355272
11,41,25.70169497018193
11,42,26.369729358926843
11,43,24.516269646121003
11,44,24.73873782984592
11,45,24.003522256508024
11,46,23.123850387357876
11,47,23.77244976681693
11,48,20.92456555155675
11,49,22.772936607892095
11,50,25.67620077521079
11,51,27.159504868489034
11,52,30.876753481702035
11,53,34.012677904336236
11,54,35.91531814432671
11,55,33.42063764326687
11,56,30.61731162755623
11,57,26.961535987416443
11,58,26.86994144924644
11,59,24.058199602268676
11,60,23.934796890303396
11,61,25.815257228141803
11,62,23.450062205102096
11,63,20.243704842062908
11,64,18.346483089510446
11,65,18.109485691250416
11,66,20.16901511631719
11,67,18.948768365313803
11,68,15.504822654989745
11,69,16.35933149322934
11,70,17.92550606877492
11,71,20.190502391619454
11,72,21.16562047063692
11,73,23.942522599553236
11,74,25.149103975900108
11,75,28.654101580255205
11,76,27.770234224969524
11,77,27.822034881037418
11,78,24.073277089797482
11,79,22.82217433622765
11,80,19.15169320055498
11,81,16.957045138605476
11,82,13.853202115393675
11,83,11.880526391539975
11,84,10.970039847729561
11,85,9.616218547592467
11,86,7.647406579472257
11,87,7.942709480372742
11,88,8.475485393511525
11,89,12.009190682653932
11,90,11.888908235362578
11,91,10.88272285367361
11,92,14.154068644328314
11,93,16.277178086976893
11,94,16.899601539884326
11,95,20.15946360968889
11,96,22.177349626842087
11,97,25.88710557833056
11,98,29.111904835765856
11,99,32.55704990589007
11,100,36.05125575739606
11,101,39.61760016696002
11,102,38.550287946302824
11,103,36.139681575051284
11,104,32.52022687685246
11,105,29.959642938389713
11,106,26.326507997340762
11,107,23.758203658538957
11,108,22.69673778474238
11,109,19.43785736819408
11,110,15.875190636154729
11,111,14.113599013467388
11,112,10.6204938568885
11,113,8.65808978345047
11,114,5.607558278932696
11,115,5.222777916141256
11,116,5.730300306385099
11,117,7.149433731241746
12,1,27.70695223243397
12,2,25.991302744692167
12,3,22.29633393005505
12,4,20.135838862194074
12,5,18.117087268238695
12,6,19.168208781834526
12,7,15.94604715313674
12,8,12.548638096786195
12,9,9.980429058770255
12,10,6.64983886974879
12,11,3.8023759276467417
12,13,3.8541304642315004
12,14,5.576920185519006
12,15,8.485223536631429
12,16,9.770820969630774
12,17,13.622859074169822
12,18,16.459767252597956
12,19,20.185095794722393
12,20,23.558127560153697
12,21,26.717869454546467
12,22,29.739890285125473
12,23,33.052962205561585
12,24,35.34384707473051
12,25,37.83786601531778
12,26,37.88757854482205
12,27,35.038663676504136
12,28,32.88985405014842
12,29,33.700368736188246
12,30,30.530090485661102
12,31,27.174678701822256
12,32,24.828968734602327
12,33,21.222478262586883
12,34,20.585108301458735
12,35,18.18997638410048
12,36,19.56919588573737
12,37,18.46501349487408
12,38,19.194354573584892
12,39,18.34433213306032
12,40,21.9327591114107
12,41,24.557408734574743
12,42,25.33978539669105
12,43,23.725547686022242
12,44,23.709878509816466
12,45,23.087495793226733
12,46,21.824228180534348
12,47,22.558916208469196
12,48,19.680857309397634
12,49,21.732669207151044
12,50,24.938506172938062
12,51,26.665708860488767
12,52,30.414312253400183
12,53,33.622297320818035
12,54,35.17063097363119
12,55,32.38367884359503
12,56,29.6861906703092
12,57,25.951592622267828
12,58,25.498228215506806
12,59,22.40323038171905
12,60,22.103354232829705
12,61,23.535975552374452
12,62,21.150590557018692
12,63,17.88975420058719
12,64,15.518734610900317
12,65,15.235256442488813
12,66,17.578068827124284
12,67,16.79694126150499
12,68,13.402803054563236
12,69,14.968816180567782
12,70,17.0805238176118
12,71,19.854957062812566
12,72,21.380666174942355
12,73,24.54653469445735
12,74,25.465906688945605
12,75,29.10967600823973
12,76,28.704985035769997
12,77,29.12023454113614
12,78,25.45410508268263
12,79,23.687513101299366
12,80,19.940601075748603
12,81,17.204881325387156
12,82,13.884981452472084
12,83,11.064353822371052
12,84,9.549155216896917
12,85,7.077059623742085
12,86,5.497212586279579
12,87,5.054116350532367
12,88,6.646968960867244
12,89,9.817942506504922
12,90,10.136197661283788
12,91,10.319310728380138
12,92,14.017613520881536
12,93,16.7179332635714
12,94,17.175484868745244
12,95,20.594258269787744
12,96,22.617614383221156
12,97,26.205783866004484
12,98,29.446256273156287
12,99,32.68219318164628
12,100,36.31606380861039
12,101,39.76829382228119
12,102,38.58631568973559
12,103,36.46234471668553
12,104,32.78638689240007
12,105,30.583663893898162
12,106,26.991484354317897
12,107,24.813788577860038
12,108,24.107454460721875
12,109,20.723121394757772
12,110,17.277698185033103
12,111,15.461144269181954
12,112,11.737828728748902
12,113,9.717010236740537
12,114,6.002430108132176
12,115,5.744930605915495
12,116,5.362188449595567
12,117,7.938961973692033
13,1,28.046677352508016
13,2,26.600770023594716
13,3,22.886924108539688
13,4,20.80086184148862
13,5,19.14117617402771
13,6,20.754573974896637
13,7,17.949745320109518
13,8,14.377869143516895
13,9,12.469541885491088
13,10,8.743477845144
13,11,6.316292747167213
13,12,3.8541304642315004
13,14,3.81427553662422
13,15,6.848272039548289
13,16,9.448485523980962
13,17,13.092921849300712
13,18,16.401662667364395
13,19,19.901140016388304
13,20,23.445894414199845
13,21,26.546418626804403
13,22,29.351810772940116
13,23,32.84267643123686
13,24,34.9215265643438
13,25,37.151264637922246
13,26,36.982923246956744
13,27,33.896704371925914
13,28,31.89375853273623
13,29,32.47710091235604
13,30,29.437269538540846
13,31,26.329185105607618
13,32,24.258841978054345
13,33,20.892987163978553
13,34,20.795497687825605
13,35,18.92039853283241
13,36,20.928443417936503
13,37,20.075883685531142
13,38,21.410004723648104
13,39,20.580578227724125
13,40,24.016153560482334
13,41,26.940025263425483
13,42,27.412020314659337
13,43,25.5954029128939
13,44,25.04992347464018
13,45,23.97843655211673
13,46,22.17878337576925
13,47,22.33758485434019
13,48,19.08122018348687
13,49,20.627392539429056
13,50,23.73739508821679
13,51,25.14620013987365
13,52,28.92466322772089
13,53,31.924280459317398
13,54,33.42855294341389
13,55,30.517189314441186
13,56,27.610781154238772
13,57,23.964915962319278
13,58,23.771788965658622
13,59,20.83896978973219
13,60,21.084465263417876
13,61,22.49671787835394
13,62,20.646495773075184
13,63,17.05902651531108
13,64,14.810037381732757
13,65,13.590057653542052
13,66,15.331965128745278
13,67,14.061820119085182
13,68,11.096352051933945
13,69,13.149067087149575
13,70,14.916452196259382
13,71,18.03802524230915
13,72,19.484772558521655
13,73,22.825729025346472
13,74,23.96238964539368
13,75,27.54300661146417
13,76,27.294468711166626
13,77,28.19037352536996
13,78,24.602552501732976
13,79,22.678221426240363
13,80,18.8884774799447
13,81,16.178662055678945
13,82,12.552062313107584
13,83,9.752928775486788
13,84,7.089693116880845
13,85,4.434059241106124
13,86,5.126498700316629
13,87,6.559031480960552
13,88,9.537831092188485
13,89,11.9168829710729
13,90,11.563017273555937
13,91,12.54940701428444
13,92,16.057789938805843
13,93,18.466705971501728
13,94,18.155772146582912
13,95,21.253224608561396
13,96,22.717456905049687
13,97,26.25136907547359
13,98,29.217006836272002
13,99,32.414962429131606
13,100,36.021368143363304
13,101,39.491226617243754
13,102,38.51669810939963
13,103,36.63597652903114
13,104,33.048063206992055
13,105,31.0057958717086
13,106,27.614673575950516
13,107,25.44791447487906
13,108,25.266112777243883
13,109,22.132654129128394
13,110,18.623756807725506
13,111,17.495900006343014
13,112,13.724851235243523
13,113,12.554543579949652
13,114,9.10621941137547
13,115,9.565165832867164
13,116,8.87878466509842
13,117,10.744764024165441
14,1,25.46427739247773
14,2,23.815349825150317
14,3,20.197421827525577
14,4,17.80885840379082
14,5,16.194693547304915
14,6,18.266995470187958
14,7,15.71340470909038
14,8,11.994184621730273
14,9,10.578125056788334
14,10,6.840663660501424
14,11,5.609844871578498
14,12,5.576920185519006
14,13,3.81427553662422
14,15,3.807338877453382
14,16,6.704718773424046
14,17,10.048298416063586
14,18,13.538045502699061
14,19,16.99085033151687
14,20,20.65358557287853
14,21,23.520157098003107
14,22,26.47700593982634
14,23,29.884383706209668
14,24,32.14070598638231
14,25,34.24587949007647
14,26,34.31902054867596
14,27,31.306693244124624
14,28,29.562773033593135
14,29,30.480778210989055
14,30,27.64646922100885
14,31,24.490190273006757
14,32,22.796226319914172
14,33,19.55438811087652
14,34,19.922413129699976
14,35,18.45184894750671
14,36,20.660340274191075
14,37,20.47626358854363
14,38,21.927701674623005
14,39,21.762311789991323
14,40,25.34104841104268
14,41,28.028904592198224
14,42,28.16296113727269
14,43,25.943559016553735
14,44,25.35074136386643
14,45,23.91420939661352
14,46,22.28474474255406
14,47,22.09954236197697
14,48,18.71955874893832
14,49,19.852493245537296
14,50,22.59443931854578
14,51,23.638855141142542
14,52,27.410153634653057
14,53,30.287408474233352
14,54,32.168768169737646
14,55,29.548923400819994
14,56,26.466355224180028
14,57,22.918788731171084
14,58,23.22232362879772
14,59,20.68282394435569
14,60,21.311227918143263
14,61,23.303441331707006
14,62,21.651261796398316
14,63,18.03555993117696
14,64,16.49798546623025
14,65,15.181381585509895
14,66,16.385821127599904
14,67,14.44049143273156
14,68,11.469598179157433
14,69,12.576196712301877
14,70,13.574297121834148
14,71,16.212504418678876
14,72,17.071887931961864
14,73,20.12364102437444
14,74,21.603469811196046
14,75,25.063955484243152
14,76,24.41958990431738
14,77,25.156530360514388
14,78,21.49765272656953
14,79,19.94260936370284
14,80,16.15749005362535
14,81,13.948184102663687
14,82,10.353133033018247
14,83,8.526652119272738
14,84,6.445315669599836
14,85,5.9657301289981515
14,86,5.973068560903114
14,87,8.576348021180547
14,88,11.106760648015483
14,89,13.687442004318822
14,90,12.524196305271383
14,91,12.72417100410518
14,92,15.7771301874027
14,93,17.49313160044911
14,94,16.88355232176075
14,95,19.669376397401134
14,96,20.854373045899102
14,97,24.49898996303281
14,98,27.339120211347122
14,99,30.740203906333267
14,100,34.20664645588539
14,101,37.805244853418294
14,102,37.03144356699823
14,103,34.96954650654253
14,104,31.46973267331546
14,105,29.15354471419437
14,106,25.815877825180777
14,107,23.293173118776195
14,108,23.096983318907466
14,109,20.219374094314578
14,110,16.580696660039354
14,111,15.960246646342437
14,112,12.35892728902519
14,113,11.873791165292312
14,114,9.060663464594256
14,115,10.179106818641218
14,116,10.33205287123217
14,117,11.698202724546842
15,1,22.15546435465531
15,2,20.742189062649324
15,3,17.154253870141474
15,4,15.013132352352208
15,5,13.843476840836411
15,6,16.232546194580753
15,7,14.325021358558528
15,8,10.869738566366717
15,9,10.731591021015161
15,10,7.636984925577608
15,11,8.20740352319732
15,12,8.485223536631429
15,13,6.848272039548289
15,14,3.807338877453382
15,16,3.8200497934451607
15,17,6.615671204944441
15,18,10.242048905576004
15,19,13.490805528231459
15,20,17.17245755484361
15,21,20.050082260315186
15,22,22.859499081541966
15,23,26.343608568115275
15,24,28.479758660059034
15,25,30.543212622859453
15,26,30.54094331761893
15,27,27.504745790302582
15,28,25.779814657120788
15,29,26.734705576465586
15,30,23.974844031867843
15,31,20.854350470784883
15,32,19.387906375846523
15,33,16.33423744260068
15,34,17.171443679934384
15,35,16.266073408324
15,36,18.88641546057304
15,37,19.31865087697828
15,38,21.22579071194212
15,39,21.591619363712333
15,40,25.07475617594847
15,41,27.72666033149108
15,42,27.352372110175363
15,43,24.74847434560603
15,44,23.796884828198703
