1,2,3.853259329604779
1,3,6.8558192896114205
1,4,10.44746596383223
1,5,13.36349845770508
1,6,17.038454783348396
1,7,19.551714114669906
1,8,23.158166757119847
1,9,26.094874489867596
1,10,29.57496103809266
1,11,30.89901921835179
1,12,29.162824658975566
1,13,26.40973382744499
1,14,22.86517495625368
1,15,20.01471178698661
1,16,16.523507123012113
1,17,13.737442085532118
1,18,10.176037434896024
1,19,8.793443528479893
1,20,6.354631248065613
1,21,8.163767880200977
1,22,9.445983319151862
1,23,10.920847729022045
1,24,14.717744089701249
1,25,17.24874441344188
1,26,18.669070344955518
1,27,15.721610470133175
1,28,15.506232992499443
1,29,19.24379523239355
1,30,18.903558211300844
1,31,16.586511068533298
1,32,19.31760244469233
1,33,21.884806110091972
1,34,20.2325586150972
1,35,20.772507345754953
1,36,23.386614204452027
1,37,25.584418728686327
1,38,25.979775030371812
1,39,26.329285330878164
1,40,24.250440384006254
1,41,27.770458965663067
1,42,28.639615674455225
1,43,25.637803556230637
1,44,25.507703622287547
1,45,22.691093993564746
1,46,23.477749456989837
1,47,21.614506732432037
1,48,23.679014706156547
1,49,26.684325647598676
1,50,25.828674087571482
1,51,25.271222293270142
1,52,22.164825984908777
1,53,23.035984395592394
1,54,21.714820965341254
1,55,21.213944424998527
1,56,18.941843244199433
1,57,15.304921379214978
1,58,13.6883398756051
1,59,13.353638172918185
1,60,17.00223725753845
1,61,18.1575834041009
1,62,16.295077156561955
1,63,14.632155839326918
1,64,12.687250421077678
1,65,11.291301597092366
1,66,13.976861573289767
1,67,16.022317809091412
1,68,18.734995987460984
1,69,20.053342589113146
1,70,23.404964304982403
1,71,24.251563141748417
1,72,27.775330793497396
1,73,29.3479058938158
1,74,31.87503944477211
1,75,35.215603515176994
2,1,3.853259329604779
2,3,3.806625096380514
2,4,6.941032219295012
2,5,9.94525588571111
2,6,13.475196106421222
2,7,15.98078213108245
2,8,19.58131115473881
2,9,22.481483816456837
2,10,26.01134349892654
2,11,27.17904827654833
2,12,25.43456269030546
2,13,22.604315728598774
2,14,19.08475821608406
2,15,16.176470549815505
2,16,12.686728384400862
2,17,9.928727338367556
2,18,6.393753099843406
2,19,5.642055090461355
2,20,4.815451018109928
2,21,7.47155945348327
2,22,9.53517892851805
2,23,9.768046603711458
2,24,13.408319108941793
2,25,15.267209967049912
2,26,16.715619517680736
2,27,13.648763894959655
2,28,12.768573650837137
2,29,16.40384679704665
2,30,16.255811317494082
2,31,13.535644086997063
2,32,15.955059934096694
2,33,18.744252385414164
2,34,17.17550431797527
2,35,17.350302478715154
2,36,19.827954425203043
2,37,22.251348882487584
2,38,22.668157379482018
2,39,23.357961823290953
2,40,21.532043919875257
2,41,25.168902673774088
2,42,25.70771498246116
2,43,22.654748713260705
2,44,22.657877285024774
2,45,19.838021071778165
2,46,20.75982917520157
2,47,19.159419007360164
2,48,21.504477290319798
2,49,24.3286497532965
2,50,23.68985384970969
2,51,23.004953682692378
2,52,20.116973134364667
2,53,21.347174992608384
2,54,20.02949314005734
2,55,20.19131902322048
2,56,18.034188292394653
2,57,14.375914680172649
2,58,12.229775852897397
2,59,12.839683993189045
2,60,16.48411253456004
2,61,16.993248167549876
2,62,15.383867318066134
2,63,12.937136618937958
2,64,11.130570349094572
2,65,9.309574923298436
2,66,11.208244050479193
2,67,13.359055248894139
2,68,15.666901086369668
2,69,16.965211581637032
2,70,20.17101367842469
2,71,20.92494854522048
2,72,24.53538908552566
2,73,26.094397062261717
2,74,28.82432858856361
2,75,32.154550851768214
3,1,6.8558192896114205
3,2,3.806625096380514
3,4,3.8243204743449204
3,5,6.625867700637301
3,6,10.326010335510365
3,7,13.183589428702007
3,8,16.604116748240497
3,9,19.78669949274886
3,10,23.13071781648336
3,11,24.52354091245019
3,12,22.571051122763723
3,13,20.067749887999238
3,14,16.4015129941235
3,15,13.972009741726632
3,16,10.484332623294774
3,17,8.247369154704703
3,18,5.7740559414439
3,19,5.255084846568597
3,20,5.589096734384615
3,21,6.830704614904182
3,22,10.039577365381545
3,23,10.05477089067082
3,24,13.234666088169078
3,25,14.326085616611728
3,26,16.432940354554983
3,27,13.869168001957998
3,28,12.031534401062457
3,29,15.581693924660437
3,30,16.280290066402724
3,31,13.473522792331911
3,32,15.083897371504985
3,33,18.38074230854029
3,34,17.410676130079665
3,35,17.117229277962316
3,36,18.990079713891443
3,37,21.73171914988277
3,38,21.729536709303154
3,39,22.721402962577784
3,40,20.856604191885907
3,41,24.4212890165274
3,42,24.465492026942094
3,43,21.11843321762373
3,44,20.68196633526819
3,45,17.5207798084449
3,46,17.956281611782224
3,47,16.073799213646254
3,48,18.213941722299552
3,49,21.156799256278095
3,50,20.912872210630145
3,51,20.60899406377351
3,52,18.108241796839632
3,53,19.929313270649036
3,54,19.191034868509384
3,55,19.777440893120733
3,56,17.26889843493761
3,57,13.556389358541209
3,58,10.61468191292372
3,59,11.383054693539078
3,60,15.024164954033608
3,61,14.748173049859393
3,62,12.89199797196114
3,63,10.031583747117713
3,64,7.917744664707399
3,65,5.742515462801748
3,66,7.438850762812105
3,67,9.615916838494474
3,68,12.100166723078432
3,69,13.795203057586935
3,70,17.173443513794602
3,71,18.41992891861153
3,72,22.109717886587923
3,73,24.085966308234614
3,74,26.98905787337983
3,75,30.48141981122286
4,1,10.44746596383223
4,2,6.941032219295012
4,3,3.8243204743449204
4,5,3.8308215408492488
4,6,7.033690292970505
4,7,10.254886239819182
4,8,13.43856909678236
4,9,16.715518108104167
4,10,20.024708979416154
4,11,21.18019890360773
4,12,19.018847427121493
4,13,16.51773720820148
4,14,12.784036962460657
4,15,10.543135991072912
4,16,6.980762289493041
4,17,5.727918074358719
4,18,4.900725418092982
4,19,6.270602884791717
4,20,8.420072946470977
4,21,9.619508404100458
4,22,12.859409125155404
4,23,11.99008487529515
4,24,14.53863493925785
4,25,14.675290308837328
4,26,16.755797836534846
4,27,14.359109557345372
4,28,11.716610721141938
4,29,14.72878960523379
4,30,15.776525378606028
4,31,12.61500181661019
4,32,13.3706273508895
4,33,16.917661724647893
4,34,16.156975680815144
4,35,15.136823032560217
4,36,16.615336206348676
4,37,19.736372415066754
4,38,19.755571530718285
4,39,21.307869455075775
4,40,19.886683135148754
4,41,23.46095709466679
4,42,22.965340527526795
4,43,19.584898344591373
4,44,19.23059718239465
4,45,16.064616523662917
4,46,16.44901131647224
4,47,14.859308160849421
4,48,17.113817736605867
4,49,19.80953589699081
4,50,20.055649862193086
4,51,19.779424937152353
4,52,17.800916009426764
4,53,20.102393354817366
4,54,19.534718510039554
4,55,20.819976519400996
4,56,18.503084350241238
4,57,15.058721857748049
4,58,11.781237584002634
4,59,13.301228044821178
4,60,16.582214951523305
4,61,15.504520057527413
4,62,13.916199525071582
4,63,10.444877785594041
4,64,8.586585461393256
4,65,5.937920238693235
4,66,5.314838716097302
4,67,7.868727501484384
4,68,9.61394273025651
4,69,11.624580912263047
4,70,14.735611265046598
4,71,16.064368567316777
4,72,19.85174258966282
4,73,21.91579171818619
4,74,25.122237861941375
4,75,28.578113430030793
5,1,13.36349845770508
5,2,9.94525588571111
5,3,6.625867700637301
5,4,3.8308215408492488
5,6,3.7972986796314134
5,7,6.84328961902662
5,8,10.036882771887912
5,9,13.389383501964668
5,10,16.589421117000864
5,11,18.122317854371083
5,12,16.152613187476884
5,13,13.970902765424201
5,14,10.330933024070486
5,15,8.635771093194624
5,16,6.003439570351864
5,17,5.23212040086349
5,18,6.540009465384038
5,19,7.144523696699289
5,20,9.71275844161526
5,21,10.080555729330479
5,22,13.221515616240854
5,23,11.826593163713099
5,24,13.469472070214275
5,25,12.697283561018928
5,26,15.122414920676201
5,27,13.448682122883005
5,28,10.166163030218875
5,29,12.713497121880224
5,30,14.5916521802942
5,31,11.852368707187019
5,32,11.709592336232541
5,33,15.498209087085414
5,34,15.600661724468887
5,35,14.568728770868049
5,36,15.198480598218367
5,37,18.25434275768421
5,38,17.64073619292775
5,39,19.22296961964052
5,40,17.69191015484905
5,41,21.042260618900755
5,42,20.177194432513463
5,43,16.62193449201705
5,44,15.899448071767035
5,45,12.586594617748496
5,46,12.752103534823881
5,47,11.31976402730429
5,48,13.767470640204374
5,49,16.204648729965896
5,50,16.58050089466639
5,51,16.346118351257818
5,52,14.758721307847138
5,53,17.445211959035007
5,54,17.30019286132572
5,55,19.048974501127038
5,56,16.76276828065615
5,57,13.699180650718123
5,58,10.241123452356565
5,59,12.359745222377096
5,60,15.048068790269442
5,61,13.31098797614928
5,62,12.280373119478682
5,63,8.499009013417343
5,64,7.759502390004819
5,65,6.422334215485388
5,66,4.572686125457472
5,67,5.268409686716037
5,68,6.05877464973202
5,69,7.800485450169295
5,70,10.943541937006312
5,71,12.516044757898566
5,72,16.282212087867723
5,73,18.61912033681257
5,74,21.836923361917485
5,75,25.391652653856777
6,1,17.038454783348396
6,2,13.475196106421222
6,3,10.326010335510365
6,4,7.033690292970505
6,5,3.7972986796314134
6,7,3.813513746849979
6,8,6.443776185703387
6,9,9.922024356842249
6,10,13.041351282490501
6,11,14.43254817154622
6,12,12.357231068270538
6,13,10.319374488057552
6,14,6.716202289459087
6,15,5.880383998391684
6,16,4.75258111592984
6,17,5.993233963451961
6,18,8.905578107283517
6,19,10.133922743976356
6,20,13.146878096503658
6,21,13.527390766168295
6,22,16.413438588249207
6,23,14.521998574647094
6,24,15.445227932402004
6,25,13.791720086233513
6,26,15.99425115459947
6,27,14.777066016771741
6,28,11.093980594309373
6,29,12.587390013081917
6,30,14.865816806769514
6,31,12.254776468160498
6,32,10.92128040202246
6,33,14.690878823494609
6,34,15.31537571836317
6,35,13.691219339914326
6,36,13.470984739803487
6,37,16.71220287399818
6,38,15.88975999089092
6,39,17.994368647755294
6,40,16.964895517091325
6,41,20.09216915477264
6,42,18.58747472145167
6,43,15.104708058842132
6,44,14.421983930156465
6,45,11.329558102803922
6,46,11.425819820511906
6,47,10.699604755039553
6,48,13.206817906769398
6,49,15.01095050673251
6,50,15.895521573401025
6,51,15.630119099955747
6,52,14.81305491804871
6,53,17.839330451561928
6,54,17.91922148414833
6,55,20.291292883792412
6,56,18.352422249510244
6,57,15.822008474467069
6,58,12.537889485933224
6,59,15.070496297016952
6,60,17.17337677943018
6,61,14.876009113076224
6,62,14.374139832285405
6,63,10.634594940624204
6,64,10.55243734555462
6,65,9.536658138055571
6,66,6.530406282752019
6,67,6.23259793779965
6,68,4.609214848608995
6,69,6.077653755586336
6,70,8.346757236148308
6,71,9.984900092734142
6,72,13.719794216189836
6,73,16.16897950392385
6,74,19.651601524945672
6,75,23.117930446622115
7,1,19.551714114669906
7,2,15.98078213108245
7,3,13.183589428702007
7,4,10.254886239819182
7,5,6.84328961902662
7,6,3.813513746849979
7,8,3.8073748267889065
7,9,6.61741195316945
7,10,10.033098003257662
7,11,11.610548612990085
7,12,10.368139816457813
7,13,8.336579104328766
7,14,5.696591406311133
7,15,5.2848644696753775
7,16,6.420752321061116
7,17,7.308824534888974
7,18,10.764862380450628
7,19,11.59785206826482
7,20,14.789097591975029
7,21,15.150768440883796
7,22,17.4400926016417
7,23,14.948246843416591
7,24,14.967322446075903
7,25,12.51892294000176
7,26,14.366690393550652
7,27,13.800097445834568
7,28,10.012331194994209
7,29,10.385609836918611
7,30,13.13272274446979
7,31,11.18758273997797
7,32,8.88882109207194
7,33,12.436576706185226
7,34,13.899547506701714
7,35,12.461848984664448
7,36,11.329285325652949
7,37,14.205897202348893
7,38,12.800883858196368
7,39,14.927065036208258
7,40,14.058503119625376
7,41,16.90298416584639
7,42,15.052746417139511
7,43,11.62914903844676
7,44,11.068841007489759
7,45,8.413859292843489
7,46,9.119427637095681
7,47,9.667172401735677
7,48,12.68918866418191
7,49,13.556005742641386
7,50,14.189170957006283
7,51,13.347949901620913
7,52,12.93425101758844
7,53,15.917580641406698
7,54,15.999299058368276
7,55,18.891462113389235
7,56,17.489414929442148
7,57,15.646079955109311
7,58,12.903123844760163
7,59,16.00469329385116
7,60,17.400646880324942
7,61,15.00099945488057
7,62,15.452548849030482
7,63,11.923723185657657
7,64,12.933234422638643
7,65,12.732238989943141
7,66,10.072983330687254
7,67,8.730524301103012
7,68,5.814827492127014
7,69,4.734306382908938
7,70,5.478082297997873
7,71,6.28751239595471
7,72,10.028476181018215
7,73,12.363234054412517
7,74,15.887197290380794
7,75,19.32179369424009
8,1,23.158166757119847
8,2,19.58131115473881
8,3,16.604116748240497
8,4,13.43856909678236
8,5,10.036882771887912
8,6,6.443776185703387
8,7,3.8073748267889065
8,9,3.7947375188123265
8,10,6.59766091883035
8,11,8.367049747003174
8,12,6.938146567913757
8,13,5.997886202036936
8,14,4.573631444049936
8,15,6.604151706737505
8,16,8.920795072640251
8,17,10.77103244656748
8,18,14.358417527086539
8,19,15.388711071293965
8,20,18.530804858007485
8,21,18.6573843734289
8,22,21.008357659427297
8,23,18.57139477662427
8,24,18.268981830363085
8,25,15.445774224687932
8,26,17.231847208931033
8,27,17.1229089565317
8,28,13.395595232641186
8,29,13.055590321686433
8,30,15.966844020042265
8,31,14.337192763452567
8,32,11.428350528679678
8,33,14.490584428241538
8,34,16.346089111756573
8,35,14.504027953223618
8,36,12.545640878441183
8,37,15.312972297933939
8,38,13.623060014028455
8,39,16.123677112703604
8,40,15.744084943151735
8,41,18.03233111778347
8,42,15.472431098110093
8,43,12.350220986995094
8,44,11.52728983499908
8,45,9.388673326665772
8,46,9.387784333289781
8,47,10.40914886235088
8,48,12.810062921047757
8,49,12.969848801328476
8,50,14.355694725424177
8,51,13.882642655264233
8,52,14.485241592009723
8,53,17.710029534442107
8,54,18.25965274116594
8,55,21.425601064593224
8,56,20.143875289387854
8,57,18.68137122265327
8,58,16.00085678463059
8,59,18.95861028713689
8,60,19.97486546954841
8,61,17.13633604675833
8,62,17.695580549052423
8,63,14.441461158901271
8,64,15.516671215756684
8,65,15.388893088090727
8,66,12.284378727067331
8,67,10.636113626921231
8,68,7.00766609905356
8,69,5.925381836768239
8,70,4.55252170391724
8,71,5.79956878298778
8,72,8.774621854676775
8,73,11.455304523700777
8,74,15.118027460916371
8,75,18.375173054278065
9,1,26.094874489867596
9,2,22.481483816456837
9,3,19.78669949274886
9,4,16.715518108104167
9,5,13.389383501964668
9,6,9.922024356842249
9,7,6.61741195316945
9,8,3.7947375188123265
9,10,3.81691588972589
9,11,5.362430349585102
9,12,5.735716032020567
9,13,5.261831464811408
9,14,6.320168154230331
9,15,8.328718562064658
9,16,11.50005583302357
9,17,13.165187313150122
9,18,16.866526433293533
9,19,17.860160937919137
9,20,21.11672054632673
9,21,21.403642565454568
9,22,23.331383141389786
9,23,20.52202359052344
9,24,19.67436265853987
9,25,16.460775226270805
9,26,17.64832725032003
9,27,17.979231450544724
9,28,14.52962926589672
9,29,13.157213935958561
9,30,16.016309839957017
9,31,15.000222308544743
9,32,11.518581442199544
9,33,13.776933146655173
9,34,16.19327099240834
9,35,14.429758776240542
9,36,11.626291594793672
9,37,13.78431723396012
9,38,11.696929464611161
9,39,14.345876349758399
9,40,14.562533509610947
9,41,16.289157764936395
9,42,13.218631698502545
9,43,10.707820858343387
9,44,10.38206890934459
9,45,9.51723052171535
9,46,10.172173225386112
9,47,12.324657098392583
9,48,14.801545918206962
9,49,14.003856234540992
9,50,15.129345292582208
9,51,14.100886035581935
9,52,15.167665378289847
9,53,18.054516035794997
9,54,18.485085866432573
9,55,21.99780219676247
9,56,21.312035685846705
9,57,20.428576426790737
9,58,18.259781940329827
9,59,21.490958929932322
9,60,22.06927838062767
9,61,19.330953829054806
9,62,20.465762539861124
9,63,17.402811415208994
9,64,18.904501478073904
9,65,18.994047003962876
9,66,16.014580087548367
9,67,14.252271091434682
9,68,10.571431413756422
9,69,8.603520836941714
9,70,5.718573480855655
9,71,4.848305840731993
9,72,6.461017392200036
9,73,8.54949911006322
9,74,12.273455601960071
9,75,15.198842674948601
10,1,29.57496103809266
10,2,26.01134349892654
10,3,23.13071781648336
10,4,20.024708979416154
10,5,16.589421117000864
10,6,13.041351282490501
10,7,10.033098003257662
10,8,6.59766091883035
10,9,3.81691588972589
10,11,3.8183125161132025
10,12,5.196506660586637
10,13,7.068539613838386
10,14,9.069562896172565
10,15,11.799950604140943
10,16,14.974988782671643
10,17,16.868620215411134
10,18,20.558591351899352
10,19,21.465663167518326
10,20,24.589429459612028
10,21,24.56707891881358
10,22,26.534769173463697
10,23,23.85293441273692
10,24,22.76375980308795
10,25,19.36393455223735
10,26,20.646331456480453
10,27,21.378949471607147
10,28,18.002747672973925
10,29,16.427013437006647
10,30,19.419212612075583
10,31,18.693692731921082
10,32,15.1417190915032
10,33,17.070328807194432
10,34,19.700335092900406
10,35,17.91915608511829
10,36,14.829478072787737
10,37,16.615905207362264
10,38,14.297824887896898
10,39,16.797953066326684
10,40,17.158467916521904
10,41,18.22942662618803
10,42,14.766892001716455
10,43,12.732111788629183
10,44,11.944862692895992
10,45,11.551259579565961
10,46,11.437006219321916
10,47,13.708987353925224
10,48,15.461548798102852
10,49,13.977191343367105
10,50,15.630229582911273
10,51,15.039699229826601
10,52,16.92469212660556
10,53,19.891920761941723
10,54,20.810675283175335
10,55,24.384969831125247
10,56,23.731439239018535
10,57,23.16575153914865
10,58,21.061864561464716
10,59,24.10604747484108
10,60,24.326666701491455
10,61,21.301366509402964
10,62,22.538313462834015
10,63,19.8037321485646
10,64,21.424534535598458
10,65,21.723291153327374
10,66,18.63955732501768
10,67,16.57851757191433
10,68,12.782194667446246
10,69,10.919093643411696
10,70,7.527915600172901
10,71,7.237988371621561
10,72,7.0398308091944335
10,73,9.203020800974645
10,74,12.414861584217736
10,75,14.94474777875983
11,1,30.89901921835179
11,2,27.17904827654833
11,3,24.52354091245019
11,4,21.18019890360773
11,5,18.122317854371083
11,6,14.43254817154622
11,7,11.610548612990085
11,8,8.367049747003174
11,9,5.362430349585102
11,10,3.8183125161132025
11,12,3.8353473005519954
11,13,5.590312147108524
11,14,8.913802835182294
11,15,11.655511570671829
11,16,15.239525005201306
11,17,17.537678492232544
11,18,21.32122036550353
11,19,22.77789507939379
11,20,26.193255502671875
11,21,26.65784247255587
11,22,28.627541321412448
11,23,25.73942809726773
11,24,24.857647951038132
11,25,21.579352571656777
11,26,22.403269430887583
11,27,22.755073363038658
11,28,19.478010276129794
11,29,17.687785168886187
11,30,20.14371443712136
11,31,19.186206193169188
11,32,15.494523605894523
11,33,16.976110978710466
11,34,19.30914091154159
11,35,17.053582545714573
11,36,13.770258768710878
11,37,15.577944246110032
11,38,13.891167950284709
11,39,16.946438750029614
11,40,18.106544460544526
11,41,19.238700957429522
11,42,15.719584109976047
11,43,14.26878815686419
11,44,14.405068618436237
11,45,14.379369719897564
11,46,14.848243732137417
11,47,17.11103485752727
11,48,19.05085874828061
11,49,17.7594163749291
11,50,19.30900602800716
11,51,18.438423057104778
11,52,20.01580759839078
11,53,22.763255778020383
11,54,23.20642238864834
11,55,26.860002229565865
11,56,26.4381764407907
11,57,25.73759875527684
11,58,23.621096507961635
11,59,26.821892492048203
11,60,27.331903613827937
11,61,24.477527774981343
11,62,25.573298683061026
11,63,22.563355829264264
11,64,23.860686690835706
11,65,23.66786878147616
11,66,20.357811781593767
11,67,18.882615580086803
11,68,15.180691705726803
11,69,13.701249905226165
11,70,10.635248232205658
11,71,9.703788823889733
11,72,9.603247147905595
11,73,10.561839887429123
11,74,13.797853797436174
11,75,15.683985651430522
12,1,29.162824658975566
12,2,25.43456269030546
12,3,22.571051122763723
12,4,19.018847427121493
12,5,16.152613187476884
12,6,12.357231068270538
12,7,10.368139816457813
12,8,6.938146567913757
12,9,5.735716032020567
12,10,5.196506660586637
12,11,3.8353473005519954
12,13,3.8576834626263037
12,14,6.534073673166036
12,15,10.011754424469864
12,16,13.243249342342306
12,17,16.088393068006916
12,18,19.82023006394312
12,19,21.58014930343126
12,20,24.978307688508924
12,21,25.416449435962114
12,22,27.804583926516386
12,23,25.216977389658393
12,24,24.85184799030892
12,25,21.86805845732967
12,26,23.115820263170992
12,27,23.025317367753154
12,28,19.48106608654723
12,29,18.402070753361567
12,30,20.855058700034903
12,31,19.260238951724887
12,32,15.856924395846823
12,33,17.985092056051727
12,34,19.7928735768017
12,35,17.154774263273445
12,36,14.444410881270894
12,37,17.011830790280428
12,38,15.772583487241718
12,39,18.9972889266128
12,40,19.83538464592719
12,41,21.520019897964435
12,42,18.26312685172255
12,43,16.212934815257775
12,44,16.02066968309756
12,45,15.07858967111921
12,46,15.047106945078704
12,47,16.51377926584704
12,48,18.197872179254507
12,49,17.58285599830507
12,50,19.57172602833388
12,51,19.21364847485787
12,52,20.553132108206967
12,53,23.64200202646745
12,54,24.175467443441967
12,55,27.625216264481942
12,56,26.717988612800482
12,57,25.50923358690036
12,58,22.931749328085115
12,59,25.87707473635835
12,60,26.803230477845986
12,61,23.81626973354583
12,62,24.34271955036738
12,63,21.184634021428394
12,64,21.94688329816568
12,65,21.35773500797404
12,66,17.797837035554895
12,67,16.696989931323845
12,68,13.179889693761611
12,69,12.644898622214441
12,70,10.322252653244849
12,71,10.53586947481188
12,72,11.581996494359496
12,73,13.301237736520504
12,74,16.81362580604036
12,75,19.10103544659859
13,1,26.40973382744499
13,2,22.604315728598774
13,3,20.067749887999238
13,4,16.51773720820148
13,5,13.970902765424201
13,6,10.319374488057552
13,7,8.336579104328766
13,8,5.997886202036936
13,9,5.261831464811408
13,10,7.068539613838386
13,11,5.590312147108524
13,12,3.8576834626263037
13,14,3.8345478176952725
13,15,6.603295075486597
13,16,10.140209632425453
13,17,12.946744055362966
13,18,16.688086370145047
13,19,18.727274276821714
13,20,22.3145731941411
13,21,23.21767834402655
13,22,25.4771422124846
13,23,22.708426940027795
13,24,22.582313836856727
13,25,19.84624227659158
13,26,20.778200951846376
13,27,20.23880491525278
13,28,16.79159361762575
13,29,15.806659433685388
13,30,17.838761946106025
13,31,15.941026420975852
13,32,12.643001156484305
13,33,14.794537749842519
13,34,16.23357043341593
13,35,13.4136054585412
13,36,10.94349234717023
13,37,13.875300893962043
13,38,13.154031617108004
13,39,16.594674610800123
13,40,17.576702295470245
13,41,19.729368333620403
13,42,16.843694719185827
13,43,14.733361744451074
13,44,15.178160676518809
13,45,14.168163669683643
13,46,14.89959178754758
13,47,16.367441257383646
13,48,18.681079528748867
13,49,18.4919814123268
13,50,19.93234201444447
13,51,19.08464218729921
13,52,19.732869649369405
13,53,22.57543369345273
13,54,22.551912896487238
13,55,25.930853353704126
13,56,25.148241589287636
13,57,23.71868208831073
13,58,21.19860373895357
13,59,24.335809036167944
13,60,25.583260630027855
13,61,22.96695284549422
13,62,23.453551119474607
13,63,20.008347088620972
13,64,20.622686208986252
13,65,19.73378770305221
13,66,16.288608555277545
13,67,15.669759596226724
13,68,12.398853923283
13,69,11.852511308777926
13,70,10.100438794937958
13,71,9.672667785990877
13,72,11.533681271100365
13,73,12.799314356370086
13,74,16.547846752063265
13,75,18.949137733250982
14,1,22.86517495625368
14,2,19.08475821608406
14,3,16.4015129941235
14,4,12.784036962460657
14,5,10.330933024070486
14,6,6.716202289459087
14,7,5.696591406311133
14,8,4.573631444049936
14,9,6.320168154230331
14,10,9.069562896172565
14,11,8.913802835182294
14,12,6.534073673166036
14,13,3.8345478176952725
14,15,3.811539917624172
14,16,6.714821614365494
14,17,9.77565213523849
14,18,13.433884842914518
14,19,15.54189207194441
14,20,19.04966442661887
14,21,19.923515509530056
14,22,22.44591469977008
14,23,19.952920309619383
14,24,20.287427777180923
14,25,17.930384433484914
14,26,19.262081604856313
14,27,18.332340318145103
14,28,14.718675838408826
14,29,14.580928578859607
14,30,16.638617831395702
14,31,14.23563741712815
14,32,11.491755671502709
14,33,14.402483865959264
14,34,15.38520437248502
14,35,12.661865314859744
14,36,11.111823342786007
14,37,14.521940522895338
14,38,13.958469502172745
14,39,17.111033495367163
14,40,17.446628846295113
14,41,20.11384371063293
14,42,17.70200553720099
14,43,14.984145207145236
14,44,15.091406472084268
14,45,13.23348663379233
14,46,13.758135397383379
14,47,14.477888379864744
14,48,16.85195369446904
14,49,17.40967235128575
14,50,18.796897505967877
14,51,18.18410446327001
14,52,18.32709774353579
14,53,21.306105332436786
14,54,21.26532511948092
14,55,24.336100628401546
14,56,23.136239582888898
14,57,21.251734504860778
14,58,18.41808452480187
14,59,21.352827072479535
14,60,22.97966557798483
14,61,20.447538498651056
14,62,20.510652048076484
14,63,16.92198899529054
14,64,17.1550454081306
14,65,16.011736737761314
14,66,12.550179718587389
14,67,12.277022067353684
14,68,9.381409316328773
14,69,9.589766290235849
14,70,9.057052840825625
14,71,9.488624564490777
14,72,12.376297648504494
14,73,14.20096167266399
14,74,18.02048000856637
14,75,20.888924298521
15,1,20.01471178698661
15,2,16.176470549815505
15,3,13.972009741726632
15,4,10.543135991072912
15,5,8.635771093194624
15,6,5.880383998391684
15,7,5.2848644696753775
15,8,6.604151706737505
15,9,8.328718562064658
15,10,11.799950604140943
15,11,11.655511570671829
15,12,10.011754424469864
15,13,6.603295075486597
15,14,3.811539917624172
15,16,3.7928581254870912
15,17,6.467930609388093
15,18,10.141701116477032
15,19,12.520979071780495
15,20,16.218319708744676
15,21,17.642107433594482
15,22,19.92431331842953
15,23,17.24894566808606
15,24,17.87356419113249
15,25,15.92153792770765
15,26,16.895217545783694
15,27,15.417822601719354
15,28,12.0057554063083
15,29,12.194645913682109
15,30,13.685171092778907
15,31,10.86506543981018
15,32,8.588711073876212
15,33,11.672189841287041
15,34,12.08011074491386
15,35,9.409377398957634
15,36,8.70533437883265
15,37,12.354171329693216
15,38,12.342440690333621
15,39,15.325385323218383
15,40,15.568568977634312
15,41,18.690606821646966
15,42,16.885061084942986
15,43,14.170178126583705
15,44,14.832145140502591
15,45,12.978216984596951
15,46,14.258718995282065
15,47,14.931414353502456
15,48,17.820376190395184
15,49,18.70300781870149
15,50,19.430846124272023
15,51,18.341881639727262
15,52,17.716827759968997
15,53,20.287353566810634
15,54,19.644855698160647
15,55,22.512305290753584
15,56,21.45751352945045
15,57,19.366725037193685
15,58,16.70941346680021
15,59,19.79689232619686
15,60,21.71953456387985
15,61,19.716930966493514
15,62,19.79215082512793
15,63,16.04366404058547
15,64,16.179970271538323
15,65,14.828371619212778
15,66,11.845230163109541
15,67,12.108871618791838
15,68,9.904806549914927
15,69,9.95351423818847
15,70,10.217300464774507
15,71,9.988528476443834
15,72,13.283695379593647
15,73,14.61181253334943
15,74,18.326001642705556
15,75,21.224460653686652
16,1,16.523507123012113
16,2,12.686728384400862
16,3,10.484332623294774
16,4,6.980762289493041
16,5,6.003439570351864
16,6,4.75258111592984
16,7,6.420752321061116
16,8,8.920795072640251
16,9,11.50005583302357
16,10,14.974988782671643
16,11,15.239525005201306
16,12,13.243249342342306
16,13,10.140209632425453
16,14,6.714821614365494
16,15,3.7928581254870912
16,17,3.80198328874805
16,18,6.9926936061971725
16,19,9.784614262541668
16,20,13.359846281490073
16,21,14.9807924465
16,22,17.545184423592467
16,23,15.293347599017157
16,24,16.662182026363592
16,25,15.43588831137907
16,26,16.712716689553385
16,27,14.654357172451034
16,28,11.382962809499547
16,29,12.724700199059663
16,30,13.881389365990604
16,31,10.533310836573731
16,32,9.543242415549473
16,33,12.959056459163001
16,34,12.587695747262746
16,35,10.31464275124851
16,36,10.912718663098726
16,37,14.513945377805053
16,38,14.785877682201178
16,39,17.297089054736578
16,40,16.988822287465865
16,41,20.438859409932466
16,42,19.178446803173834
16,43,16.197380576057668
16,44,16.603610174239694
16,45,14.187925425376417
16,46,15.240236605816625
16,47,15.084633905600203
16,48,17.865316331140036
16,49,19.463978040522417
16,50,20.054368728573007
16,51,19.205214042658476
16,52,18.01164918419737
16,53,20.513703022954342
16,54,19.762911117858952
16,55,22.12898930660106
16,56,20.669142498530963
16,57,18.03404674710218
16,58,15.114936718992206
16,59,17.82700210683951
16,60,20.286217317303453
16,61,18.588928079476013
16,62,18.092900866681852
16,63,14.278927620333917
16,64,13.740994464620089
16,65,11.8502172383856
16,66,9.175341804634895
16,67,10.36702116640841
16,68,9.355223524618312
16,69,10.343762558686668
16,70,11.865694329392666
16,71,12.271012178030082
16,72,15.905670641063711
16,73,17.480671459580947
16,74,21.061399760449557
16,75,24.16161807548194
17,1,13.737442085532118
17,2,9.928727338367556
17,3,8.247369154704703
17,4,5.727918074358719
17,5,5.23212040086349
17,6,5.993233963451961
17,7,7.308824534888974
17,8,10.77103244656748
17,9,13.165187313150122
17,10,16.868620215411134
17,11,17.537678492232544
17,12,16.088393068006916
17,13,12.946744055362966
17,14,9.77565213523849
17,15,6.467930609388093
17,16,3.80198328874805
17,18,3.785775790428098
17,19,6.208543882338894
17,20,9.94972249802921
17,21,11.943776565719512
17,22,14.122496761438438
17,23,11.698535397731087
17,24,13.278153670942109
17,25,12.543545083425244
17,26,13.677538509601249
17,27,11.24363799056294
17,28,8.263150596021104
17,29,10.33679648410645
17,30,11.147207415585715
17,31,7.718589419469811
17,32,7.901609270411804
17,33,11.399497443954981
17,34,10.786046704616517
17,35,9.596685550741974
17,36,10.92744190343128
17,37,14.01212332298364
17,38,14.21318087386606
17,39,16.002458329708475
17,40,15.128490897537054
17,41,18.789420998257988
17,42,18.19957767707962
17,43,15.175445265839683
17,44,15.692769671516196
17,45,13.275852790038517
17,46,14.792189174620603
17,47,14.582186146458646
17,48,17.695556322060536
17,49,19.441598180077825
17,50,19.34038744712461
17,51,18.13221083005052
17,52,16.256371629112966
17,53,18.288046549036263
17,54,17.123353846384543
17,55,19.145064191515573
17,56,17.754082894398607
17,57,15.002857851501114
17,58,12.394847110064413
17,59,15.219510774736829
17,60,17.77576148317518
17,61,16.666806868752712
17,62,16.372426222661034
17,63,12.664611158525176
17,64,12.41158399731972
17,65,10.928342783238023
17,66,9.403463980465698
17,67,10.402219133108206
17,68,10.076889994652898
17,69,10.465299770456914
17,70,12.488191219772222
17,71,12.534290559961088
17,72,16.202790526273287
17,73,17.55101040476741
17,74,20.796425148943296
17,75,23.978611195295297
18,1,10.176037434896024
18,2,6.393753099843406
18,3,5.7740559414439
18,4,4.900725418092982
18,5,6.540009465384038
18,6,8.905578107283517
18,7,10.764862380450628
18,8,14.358417527086539
18,9,16.866526433293533
18,10,20.558591351899352
18,11,21.32122036550353
18,12,19.82023006394312
18,13,16.688086370145047
18,14,13.433884842914518
18,15,10.141701116477032
18,16,6.9926936061971725
18,17,3.785775790428098
18,19,3.8157350606781906
18,20,7.172054073100307
18,21,9.928368676529328
18,22,11.972352635358357
18,23,10.064926412112731
18,24,12.573373034695372
18,25,12.958276061534669
18,26,14.004680793782903
18,27,10.947714654279494
18,28,8.921787952098436
18,29,11.857691410039116
18,30,11.914962721899258
18,31,8.51022992116898
18,32,10.180760804819153
18,33,13.233199481683819
18,34,11.874114815466633
18,35,11.40715760895667
18,36,13.596789017965357
18,37,16.319196153227818
18,38,16.826304145672335
18,39,18.097774419759233
18,40,16.88253756187375
18,41,20.6415655661515
18,42,20.654832160421886
18,43,17.709519048827122
18,44,18.21592773399295
18,45,15.726456249027942
18,46,17.20667760497742
18,47,16.527603264965034
18,48,19.49377938286332
18,49,21.647807828324506
18,50,21.2299658747036
18,51,20.066208264028685
18,52,17.64093440676385
18,53,19.245004617610338
18,54,17.779649959775366
18,55,19.109905455493063
18,56,17.552286480335706
18,57,14.399861296504994
18,58,11.997401014237886
18,59,14.27046327396532
18,60,17.29825147337185
18,61,16.88732361709854
18,62,16.193878019403368
18,63,12.784588750939253
18,64,11.983331576732777
18,65,10.224275181205732
18,66,9.941549202586955
18,67,11.597079878804315
18,68,12.392194406015358
18,69,13.103879078251254
18,70,15.62528875543058
18,71,15.79374632334619
18,72,19.427592012795866
18,73,20.69847939596932
18,74,23.701716972776854
18,75,26.884066213864845
19,1,8.793443528479893
19,2,5.642055090461355
19,3,5.255084846568597
19,4,6.270602884791717
19,5,7.144523696699289
19,6,10.133922743976356
19,7,11.59785206826482
19,8,15.388711071293965
19,9,17.860160937919137
19,10,21.465663167518326
19,11,22.77789507939379
19,12,21.58014930343126
19,13,18.727274276821714
19,14,15.54189207194441
19,15,12.520979071780495
19,16,9.784614262541668
19,17,6.208543882338894
19,18,3.8157350606781906
19,20,3.81895215036737
19,21,6.506162225070187
19,22,8.21990713667959
19,23,6.354655251711891
19,24,9.177028280889267
19,25,10.19336517589581
19,26,11.602989275136308
19,27,8.724089666777683
19,28,7.194395763049935
19,29,10.826502448118017
19,30,11.146692566264507
19,31,8.637120813650396
19,32,10.802437494273821
19,33,13.763678485887898
19,34,12.93852602110051
19,35,13.443854250300948
19,36,15.36321311127586
19,37,17.546123752960803
19,38,17.464775776164256
19,39,17.99687337675803
19,40,16.026314876403045
19,41,19.641639683979665
19,42,20.089537159046664
19,43,17.02444845815894
19,44,17.145224709763156
19,45,14.559480705607745
19,46,15.99915631549424
19,47,15.101059569392028
19,48,18.068188668987847
19,49,20.319141198464184
19,50,19.379513792316416
19,51,18.16097450719484
19,52,15.285612901002096
19,53,16.530399114005796
19,54,15.06568670003033
19,55,15.902355723335077
19,56,14.129643820107333
19,57,10.828116375983122
19,58,8.708396569897683
19,59,10.889508225304713
19,60,13.886932457113227
19,61,13.996334188024115
19,62,13.526456306422004
19,63,10.526175916755442
19,64,10.291299439730953
19,65,9.598816631272786
19,66,10.429411463907815
19,67,11.269034480854046
19,68,12.480043476585525
19,69,12.709916898596171
19,70,15.538609317133497
19,71,15.775592184217244
19,72,19.248921216464517
19,73,20.615152248051874
19,74,23.234474745530385
19,75,26.547797060042793
20,1,6.354631248065613
20,2,4.815451018109928
20,3,5.589096734384615
20,4,8.420072946470977
20,5,9.71275844161526
20,6,13.146878096503658
20,7,14.789097591975029
20,8,18.530804858007485
20,9,21.11672054632673
20,10,24.589429459612028
20,11,26.193255502671875
20,12,24.978307688508924
20,13,22.3145731941411
20,14,19.04966442661887
20,15,16.218319708744676
20,16,13.359846281490073
20,17,9.94972249802921
20,18,7.172054073100307
20,19,3.81895215036737
20,21,3.8059825617666574
20,22,5.142186151403545
20,23,5.029414893336453
20,24,8.712603643319127
20,25,10.923012818199625
20,26,12.557798523554249
20,27,9.932299783128519
20,28,9.457683531918331
20,29,13.273238606163087
20,30,13.471538014629997
20,31,11.637735424516356
20,32,14.155318339261393
20,33,16.839592755273365
20,34,16.001048488808898
20,35,16.95551710835039
20,36,18.97626194105561
20,37,20.881616761112053
20,38,20.659746172170323
20,39,20.712670674986732
20,40,18.30458501993813
20,41,21.71516068746742
20,42,22.566753514201388
20,43,19.515444376109606
20,44,19.300525053901126
20,45,16.635697627633327
20,46,17.753688834277963
20,47,16.367899170737655
20,48,18.951918672102984
20,49,21.50826789203444
20,50,20.265882201378627
20,51,19.27785810029398
20,52,16.06321909271635
20,53,16.882406815298395
20,54,15.50947419506558
20,55,15.425448690413221
20,56,13.274695496386842
20,57,9.681553277726042
20,58,8.05898491394363
20,59,9.04447675189898
20,60,12.349383656290241
20,61,13.311333406663524
20,62,12.49427614595627
20,63,10.358215707918344
20,64,9.91908428439631
20,65,9.77461730021206
20,66,11.88440808256103
20,67,12.660036377125175
20,68,14.628341015259096
20,69,14.991288456127911
20,70,18.116268343352587
20,71,18.61710253828041
20,72,21.946113317959384
20,73,23.422933838278006
20,74,25.745739812106102
20,75,29.108555044111082
21,1,8.163767880200977
21,2,7.47155945348327
21,3,6.830704614904182
21,4,9.619508404100458
21,5,10.080555729330479
21,6,13.527390766168295
21,7,15.150768440883796
21,8,18.6573843734289
21,9,21.403642565454568
21,10,24.56707891881358
21,11,26.65784247255587
21,12,25.416449435962114
21,13,23.21767834402655
21,14,19.923515509530056
21,15,17.642107433594482
21,16,14.9807924465
21,17,11.943776565719512
21,18,9.928368676529328
21,19,6.506162225070187
21,20,3.8059825617666574
21,22,3.819397755021306
21,23,5.433349752761263
21,24,8.411069122335231
21,25,10.518679967059787
21,26,13.052376214733126
21,27,11.41616748154479
21,28,10.664790296378976
21,29,14.389979675010432
21,30,15.391885934941476
21,31,14.046213830138566
21,32,16.021635202886554
21,33,18.92365662411246
21,34,18.715877689460157
21,35,19.644782399155332
21,36,21.14713069651886
21,37,23.03858022008017
21,38,22.24936168910279
21,39,22.138005688447496
21,40,19.32165801645853
21,41,22.422541411528616
21,42,23.14003606517499
21,43,19.85309833284489
21,44,18.92113885256948
21,45,15.949634304848773
21,46,16.398831861495598
21,47,14.44950157481009
21,48,16.553316033677874
21,49,19.353911734109044
21,50,18.049908896585173
21,51,17.555859723249533
21,52,14.397806318742656
21,53,15.381932375469475
21,54,14.770698863075399
21,55,14.351471078226156
21,56,11.468050295538202
21,57,7.655456542418928
21,58,5.659259275696974
21,59,5.47186929665465
21,60,9.069271572548196
21,61,10.141037770909914
21,62,9.005074950050497
21,63,7.589741008681302
21,64,7.493849849938852
21,65,8.626381078348016
21,66,11.381633371419806
21,67,11.384105305493726
21,68,13.76030265018176
21,69,14.149265562757108
21,70,17.5201639255234
21,71,18.54734715284407
21,72,21.722309565187285
21,73,23.620992105925882
21,74,25.773582962024918
21,75,29.310742016463337
22,1,9.445983319151862
22,2,9.53517892851805
22,3,10.039577365381545
22,4,12.859409125155404
22,5,13.221515616240854
22,6,16.413438588249207
22,7,17.4400926016417
22,8,21.008357659427297
22,9,23.331383141389786
22,10,26.534769173463697
22,11,28.627541321412448
22,12,27.804583926516386
22,13,25.4771422124846
22,14,22.44591469977008
22,15,19.92431331842953
22,16,17.545184423592467
22,17,14.122496761438438
22,18,11.972352635358357
22,19,8.21990713667959
22,20,5.142186151403545
22,21,3.819397755021306
22,23,3.8411222500356725
22,24,6.600891699795249
22,25,9.787849795701213
22,26,11.662039782878411
22,27,10.22196222500534
22,28,10.758150770581985
22,29,14.269090946750403
22,30,14.769256663133175
22,31,14.205530678873322
22,32,16.65387477232885
22,33,18.966056593984717
22,34,18.769685715023662
22,35,20.40122465448741
22,36,22.022612564394112
22,37,23.345725723109112
22,38,22.52110598566953
22,39,21.782850910943633
22,40,18.70643004503343
22,41,21.580716685358666
22,42,22.90590806909626
22,43,19.975873374115288
22,44,19.296345751073734
22,45,16.85746382542901
22,46,17.79824559313069
22,47,16.338550951646003
22,48,18.6315756340003
22,49,21.037504233360313
22,50,19.0972839245284
22,51,18.09458027740155
22,52,14.533265711878121
22,53,14.540513901957656
22,54,13.370571780995958
22,55,12.17031248696094
22,56,9.728041774799818
22,57,6.359240192900135
22,58,6.4959875025984815
22,59,6.312789385195668
22,60,8.867588988660298
22,61,11.129650413822516
22,62,10.973163718541402
22,63,10.314644907780849
22,64,11.028750973408123
22,65,12.444135269257615
22,66,15.072725743653194
22,67,14.802235112288242
22,68,16.76446417938262
22,69,16.47454443658768
22,70,19.495011058450654
22,71,19.96963520574942
22,72,22.813334743650735
22,73,24.27817505348974
22,74,25.9865275011717
22,75,29.336478135440075
23,1,10.920847729022045
23,2,9.768046603711458
23,3,10.05477089067082
23,4,11.99008487529515
23,5,11.826593163713099
23,6,14.521998574647094
23,7,14.948246843416591
23,8,18.57139477662427
23,9,20.52202359052344
23,10,23.85293441273692
23,11,25.73942809726773
23,12,25.216977389658393
23,13,22.708426940027795
23,14,19.952920309619383
23,15,17.24894566808606
23,16,15.293347599017157
23,17,11.698535397731087
23,18,10.064926412112731
23,19,6.354655251711891
23,20,5.029414893336453
23,21,5.433349752761263
23,22,3.8411222500356725
23,24,3.802399513328568
23,25,6.7920217227927795
23,26,8.224787549097742
23,27,6.439530210971918
23,28,7.071424210877106
23,29,10.529894171031094
23,30,10.938929900675555
23,31,10.561408050603761
23,32,13.019807106372905
23,33,15.172900759023639
23,34,15.151042461097035
23,35,16.96316082307122
23,36,18.45573456030912
23,37,19.588308692569594
