1,2,3.812857416833547
1,3,6.920954432154537
1,4,10.614516610072272
1,5,13.446422527494299
1,6,16.84829256355545
1,7,20.15375451213344
1,8,23.673581550769544
1,9,24.768487073120372
1,10,22.26919685071141
1,11,20.450644337909495
1,12,16.78108428944834
1,13,14.45529037055035
1,14,11.007528884440529
1,15,8.65477359253934
1,16,5.994566965694485
1,17,5.67473617924053
1,18,6.174559805873162
1,19,7.9652372596974494
1,20,11.085098480485414
1,21,10.935318229340032
1,22,14.092715086246335
1,23,15.081613097743325
1,24,17.453352400728587
1,25,14.954994114965178
1,26,12.949006912427006
1,27,16.39788487379683
1,28,17.24016380363235
1,29,14.407178490636452
1,30,15.83535507484571
1,31,19.264871946128924
1,32,18.6530834402568
1,33,18.504081027012088
1,34,20.426649562479405
1,35,23.08512242979671
1,36,23.262925251558237
1,37,23.685111173211432
1,38,21.421607357459834
1,39,24.572135649003833
1,40,25.003978946310394
1,41,21.613111171639535
1,42,21.281751892433384
1,43,17.972957730655317
1,44,18.222136550401757
1,45,16.450075585902283
1,46,18.36881819081661
1,47,21.533844739343834
1,48,21.10768301413705
1,49,21.265207755867774
1,50,18.76305712468433
1,51,20.49014050370526
1,52,19.879294280093113
1,53,19.97826964568232
1,54,17.52610244490615
1,55,13.842951424433553
1,56,10.839069071816086
1,57,11.615847319558906
1,58,15.241170918924597
1,59,15.125521126475473
1,60,12.743678672303695
1,61,9.955024380444986
1,62,7.565043125024341
1,63,5.185889548812324
1,64,7.79174783691243
1,65,9.797436152483682
1,66,12.473725872305556
1,67,13.821669377219935
1,68,17.451933240359388
1,69,19.003826121196454
1,70,22.67629020584185
1,71,24.50380793695979
1,72,27.512772586204374
1,73,29.938507412391008
1,74,33.017096125467404
1,75,33.75563016393679
1,76,35.714461361958016
2,1,3.812857416833547
2,3,3.830151082322799
2,4,7.11054430867826
2,5,10.233115529290023
2,6,13.480069761366842
2,7,16.821356705963552
2,8,20.298173020687997
2,9,21.158979237500976
2,10,18.582998421037846
2,11,16.714667460049895
2,12,13.04899573172077
2,13,10.817053431461744
2,14,7.399025950877051
2,15,5.796372839387215
2,16,4.802000617343178
2,17,6.388015823188623
2,18,8.595060271565385
2,19,10.321539607916277
2,20,13.391562642846178
2,21,12.284737336929819
2,22,14.857730238015446
2,23,14.9322944041971
2,24,17.175613171566354
2,25,14.849180219598022
2,26,12.088979383683773
2,27,15.000114532132194
2,28,16.129009739696787
2,29,12.998181076268123
2,30,13.615040398758106
2,31,17.258170827368858
2,32,16.799852970462883
2,33,16.002484917871644
2,34,17.666412324761005
2,35,20.674553406755642
2,36,20.966852586456827
2,37,21.91355989007804
2,38,19.960376900797428
2,39,23.157347742810476
2,40,23.05297340264395
2,41,19.63193468524896
2,42,19.406633066154477
2,43,16.188618669299405
2,44,16.48083058313964
2,45,15.03723075263427
2,46,17.177799276864217
2,47,20.13109540607015
2,48,20.1247644134116
2,49,20.147163904300584
2,50,18.05244990367568
2,51,20.194145522891215
2,52,19.7284545758333
2,53,20.54032944989373
2,54,18.361132953068438
2,55,14.99858282910664
2,56,11.746805254356692
2,57,13.361020024137648
2,58,16.580106150436162
2,59,15.66853019088249
2,60,13.767819215336118
2,61,10.29829895618392
2,62,8.209668622732766
2,63,5.1466593164955885
2,64,5.637027809073794
2,65,7.974255921045088
2,66,9.87726503308618
2,67,11.415689661887075
2,68,14.813765252887997
2,69,16.351444919481473
2,70,20.107267949536865
2,71,21.946134409836652
2,72,25.208464785409326
2,73,27.383060034650523
2,74,30.522785192715585
2,75,31.592030367267075
2,76,33.66077980041968
3,1,6.920954432154537
3,2,3.830151082322799
3,4,3.818927936914879
3,5,6.781288439623297
3,6,9.965731437930998
3,7,13.41043411940625
3,8,16.81988284163715
3,9,18.04177685783662
3,10,15.554654966792617
3,11,14.082644752668397
3,12,10.319431228507488
3,13,8.681691456256287
3,14,6.276477445761295
3,15,5.420113449036207
3,16,6.515281920348887
3,17,7.682793618081166
3,18,10.13352088528174
3,19,10.97681615560472
3,20,13.998206949764805
3,21,12.390490725576594
3,22,14.066396656083263
3,23,13.19874048915059
3,24,15.650256276774526
3,25,14.018548331083213
3,26,10.661485787446708
3,27,12.999397102803552
3,28,14.895982636420232
3,29,12.137437551519042
3,30,11.860931781420547
3,31,15.680833016219232
3,32,16.017253737154814
3,33,14.975585184963435
3,34,15.844900726190394
3,35,18.954300659345485
3,36,18.763885250224632
3,37,19.84829540875827
3,38,17.7801207541538
3,39,20.698183381063345
3,40,20.247445902009783
3,41,16.673912875930476
3,42,16.124349713597894
3,43,12.838382743217249
3,44,12.930878061036198
3,45,11.67740953804438
3,46,14.029700088982953
3,47,16.725609353080284
3,48,16.918474314187236
3,49,16.907111705943283
3,50,15.216770258270634
3,51,17.76328556823314
3,52,17.723033445891094
3,53,19.02063983341023
3,54,16.945717121738763
3,55,14.079035143781624
3,56,10.685292841677374
3,57,12.889561480775642
3,58,15.482680327659256
3,59,13.829612920263719
3,60,12.574095438041134
3,61,8.805976594523623
3,62,7.762851142365433
3,63,5.784232890729621
3,64,4.698583740346184
3,65,5.4198905348435495
3,66,6.316429896843252
3,67,7.639416820477585
3,68,11.00278698716127
3,69,12.750034787189996
3,70,16.5375025457232
3,71,18.65448178261915
3,72,21.994775482467887
3,73,24.25051324814833
3,74,27.235529905690765
3,75,28.31594568320375
3,76,30.244277139942092
4,1,10.614516610072272
4,2,7.11054430867826
4,3,3.818927936914879
4,5,3.8162745176866606
4,6,6.4270219624953695
4,7,9.950768690334458
4,8,13.258916648418337
4,9,14.280848477922019
4,10,11.73997592749948
4,11,10.364494090970247
4,12,6.578294666195088
4,13,5.673656599419115
4,14,4.833177922851589
4,15,6.076773032087092
4,16,8.889955593387162
4,17,10.695915430818726
4,18,13.571060549607248
4,19,14.377550659168655
4,20,17.13065184276593
4,21,15.02663850292955
4,22,16.04552124902469
4,23,14.357375333175808
4,24,16.457854251828067
4,25,15.244502767659712
4,26,11.521773971221279
4,27,12.79868022162866
4,28,14.988216805490303
4,29,12.332538508899448
4,30,10.876744763733743
4,31,14.633188620399883
4,32,15.345615871633768
4,33,13.58785046539668
4,34,13.787064941849097
4,35,17.19539474394317
4,36,17.00433319521854
4,37,18.686077286678533
4,38,17.053722611514882
4,39,19.810430403473788
4,40,18.68047014775663
4,41,15.200448517824672
4,42,14.743654312784226
4,43,11.825404971070308
4,44,11.946408542307354
4,45,11.375492632705486
4,46,13.840455771457643
4,47,15.979738823854506
4,48,16.67170422545549
4,49,16.462590467714698
4,50,15.433251241064731
4,51,18.277720744673818
4,52,18.433773421050233
4,53,20.386845478186775
4,54,18.712748885990077
4,55,16.380417906163277
4,56,13.199368199893682
4,57,15.789545375656893
4,58,17.837265055121854
4,59,15.626036423565978
4,60,14.989132808018956
4,61,11.244418120623727
4,62,10.771064990668819
4,63,9.05403380701292
4,64,6.540416109526022
4,65,6.554841364762026
4,66,5.147004911270873
4,67,6.267917161855852
4,68,8.702531856419636
4,69,10.36021254980602
4,70,14.114120555694464
4,71,16.25326579346575
4,72,19.845966863762886
4,73,21.766420469549637
4,74,24.743811798168263
4,75,26.196221139049918
4,76,28.198775594774446
5,1,13.446422527494299
5,2,10.233115529290023
5,3,6.781288439623297
5,4,3.8162745176866606
5,6,3.8125917808513927
5,7,6.722667299081269
5,8,10.318476585054773
5,9,11.810793336933804
5,10,10.081053165910602
5,11,8.780721609001947
5,12,5.656214045077895
5,13,5.180706808707889
5,14,6.446473717128377
5,15,7.404820139596721
5,16,10.682298238565702
5,17,12.05801011415114
5,18,15.039938503103185
5,19,15.64607840112079
5,20,17.82367140111455
5,21,15.179567801741968
5,22,15.33993736649812
5,23,12.910954242552592
5,24,14.579733070127862
5,25,13.980128029008148
5,26,10.174624442649224
5,27,10.368790722863347
5,28,12.970509936508435
5,29,10.962172226473186
5,30,8.618543039613725
5,31,12.123593178418133
5,32,13.623960742793352
5,33,11.917913817035739
5,34,11.217098292264918
5,35,14.433921515396415
5,36,13.760395066850863
5,37,15.533193075550027
5,38,14.019704221824478
5,39,16.531976235763004
5,40,15.075362008416812
5,41,11.661893275025703
5,42,11.371015599791097
5,43,8.942507303094994
5,44,9.709752603816558
5,45,10.342352754607596
5,46,13.371572215585708
5,47,14.656653008100012
5,48,15.111552551438715
5,49,14.243143344115381
5,50,13.477606247095231
5,51,16.24156886049142
5,52,16.38982064043754
5,53,18.909592528023197
5,54,17.8062297040891
5,55,16.116142882736543
5,56,13.49172685281431
5,57,16.623092578787475
5,58,17.991063276413737
5,59,15.604639203340977
5,60,15.901973668319403
5,61,12.47519075908852
5,62,13.084238209766552
5,63,12.169024347030112
5,64,10.013189806275934
5,65,8.886777938706292
5,66,6.179507367773526
5,67,4.970450475366621
5,68,6.014245988398387
5,69,6.749109077362622
5,70,10.443591446905724
5,71,12.4403775943475
5,72,16.054350228515325
5,73,17.960692177505788
5,74,20.934676024152047
5,75,22.420550711457146
5,76,24.515938664813227
6,1,16.84829256355545
6,2,13.480069761366842
6,3,9.965731437930998
6,4,6.4270219624953695
6,5,3.8125917808513927
6,7,3.8217397142479994
6,8,6.866964112701331
6,9,8.509151862536713
6,10,6.69211322284169
6,11,6.520388181243366
6,12,4.335159152460982
6,13,6.364473100351135
6,14,8.961396088361724
6,15,10.878758895363156
6,16,14.339193064539188
6,17,15.857171675581569
6,18,18.764654356968094
6,19,19.114882707015234
6,20,21.34899666851525
6,21,18.749275317480866
6,22,18.542355266281607
6,23,15.70288983720969
6,24,17.25595015122438
6,25,17.169232582576907
6,26,13.440378836022592
6,27,12.865350162360691
6,28,15.646200119906572
6,29,14.024372598756775
6,30,11.032472866140665
6,31,13.978047650580388
6,32,15.845117935850217
6,33,13.638146331866706
6,34,12.065372030401898
6,35,15.292810729008997
6,36,14.426759313833141
6,37,16.6784447821735
6,38,15.569353293874272
6,39,17.517498645760007
6,40,15.322917420059706
6,41,12.199662092529937
6,42,11.600505963334461
6,43,9.8006826348366
6,44,9.957161359540796
6,45,10.970415003286233
6,46,13.483598663377682
6,47,14.141481462079017
6,48,15.320560998640214
6,49,14.629070251293262
6,50,14.836029593495462
6,51,17.880406491461933
6,52,18.5083159876074
6,53,21.326588547408477
6,54,20.35402520595974
6,55,19.11160133063646
6,56,16.539809738842518
6,57,19.537442595104284
6,58,20.51986972597964
6,59,17.679589327303642
6,60,18.223397352447435
6,61,14.969336446750884
6,62,15.672084111933097
6,63,14.888462139695063
6,64,12.125447795376706
6,65,10.714789420666708
6,66,7.178653084334586
6,67,6.183942120376734
6,68,5.0930451030104225
6,69,6.003235135251789
6,70,9.110651527930008
6,71,11.430234959120014
6,72,15.199620295849732
6,73,16.728556772902067
6,74,19.417322054191143
6,75,21.25697493086226
6,76,23.177460657092364
7,1,20.15375451213344
7,2,16.821356705963552
7,3,13.41043411940625
7,4,9.950768690334458
7,5,6.722667299081269
7,6,3.8217397142479994
7,8,3.8119472245114667
7,9,5.795818932274884
7,10,5.846328832978446
7,11,5.939636088106042
7,12,6.109615270771669
7,13,8.139213591511918
7,14,11.488439342152699
7,15,13.33920761746449
7,16,16.949596607907356
7,17,18.439611524169205
7,18,21.46762449221493
7,19,21.891554241411907
7,20,23.698630284307548
7,21,20.761545225479576
7,22,20.047886835746446
7,23,16.857465708749025
7,24,17.74505313472845
7,25,18.06822392883025
7,26,14.628977820083364
7,27,13.0403706229391
7,28,15.687276308169173
7,29,14.668029480060333
7,30,11.120418308907452
7,31,13.171778283671728
7,32,15.499620588062983
7,33,13.208813529985205
7,34,10.690428837598313
7,35,13.506239261444966
7,36,12.386868994782304
7,37,15.007241450229897
7,38,14.533713701489075
7,39,16.037270211117804
7,40,13.22110888570149
7,41,10.754501063149409
7,42,10.68730592347244
7,43,10.18515416924695
7,44,10.99430408052285
7,45,13.037183386791774
7,46,15.653265649450441
7,47,15.429589424090151
7,48,16.438852879935986
7,49,15.133293088486317
7,50,15.714722746039723
7,51,18.41821207935373
7,52,18.919119927845042
7,53,22.172316438351196
7,54,21.80148322983937
7,55,21.058590007544858
7,56,18.986869549247906
7,57,22.23840073358276
7,58,22.817939163527615
7,59,20.010517710180615
7,60,21.0949232635319
7,61,18.084506781171036
7,62,19.17860829374661
7,63,18.55505555993209
7,64,15.917353715427701
7,65,14.399224663968791
7,66,10.784056748714063
7,67,9.009640948429876
7,68,6.4909152892121575
7,69,5.3482217163999834
7,70,7.028611311137312
7,71,8.653956349019078
7,72,12.424850612506543
7,73,13.413217977047447
7,74,16.09805077655006
7,75,18.310398986362827
7,76,20.438609853940658
8,1,23.673581550769544
8,2,20.298173020687997
8,3,16.81988284163715
8,4,13.258916648418337
8,5,10.318476585054773
8,6,6.866964112701331
8,7,3.8119472245114667
8,9,3.8280906808454467
8,10,5.315335945363131
8,11,7.230779910195243
8,12,8.694963451781861
8,13,11.447505565503976
8,14,14.939145050279116
8,15,17.06695445172038
8,16,20.70208661890588
8,17,22.190772522023085
8,18,25.132007122981133
8,19,25.341816655787348
8,20,27.18079738541631
8,21,24.3141906816745
8,22,23.358568383069677
8,23,19.97248199014535
8,24,20.81279143061888
8,25,21.504270562861333
8,26,18.182001363697093
8,27,16.295035218972092
8,28,18.98439244115585
8,29,18.26951434720511
8,30,14.618586034330804
8,31,16.19216390134685
8,32,18.678475162395188
8,33,16.274226476495034
8,34,13.352431078676881
8,35,15.776536384209663
8,36,14.484437654138599
8,37,17.20520726336606
8,38,17.037108134568822
8,39,17.890202716932276
8,40,14.624391505174207
8,41,12.755553226775467
8,42,12.378800332072675
8,43,12.503716931121325
8,44,12.7723417759925
8,45,14.928224815274351
8,46,16.967050824638342
8,47,16.122443160628144
8,48,17.613874921787655
8,49,16.49790321793776
8,50,17.830845082378396
8,51,20.596998018768453
8,52,21.475270379970162
8,53,24.839831447137943
8,54,24.566531488890003
8,55,24.16887664550201
8,56,22.161212511768007
8,57,25.280642823431823
8,58,25.556815395513414
8,59,22.493761029115564
8,60,23.757919626517072
8,61,20.945586873238913
8,62,22.129003628528576
8,63,21.65716115628874
8,64,18.78488847454679
8,65,17.089785658527315
8,66,13.316544470010573
8,67,11.769738700355596
8,68,8.606282747812061
8,69,7.694914244578493
8,70,7.766730582581926
8,71,9.292743290160566
8,72,12.611992863871802
8,73,13.012774907830359
8,74,15.06472588881622
8,75,17.59527013663313
8,76,19.400867344116786
9,1,24.768487073120372
9,2,21.158979237500976
9,3,18.04177685783662
9,4,14.280848477922019
9,5,11.810793336933804
9,6,8.509151862536713
9,7,5.795818932274884
9,8,3.8280906808454467
9,10,3.818207620617702
9,11,5.392002292384578
9,12,8.3581581884859
9,13,11.21025471977487
9,14,14.935765636229066
9,15,17.622922656613973
9,16,21.428904178210665
9,17,23.47860039403643
9,18,26.72305748522637
9,19,27.39168233914318
9,20,29.317529010034697
9,21,26.3393789880039
9,22,25.738806385635378
9,23,22.56654772019117
9,24,23.164592996625387
9,25,23.38631259906246
9,26,20.05036276679294
9,27,18.22890025788589
9,28,20.3933527991431
9,29,19.26367415264917
9,30,15.545474691198034
9,31,16.910782723266248
9,32,18.82969457049521
9,33,15.872116093718926
9,34,13.118193519735444
9,35,15.747465936215653
9,36,15.308411211312206
9,37,18.56676650828754
9,38,19.017527908346157
9,39,20.21649168321831
9,40,16.85927905596701
9,41,15.336286514937434
9,42,15.609375667968262
9,43,15.725914572858033
9,44,16.245777325566642
9,45,18.166719222566464
9,46,20.20552169689221
9,47,19.689859510791948
9,48,21.267543287667444
9,49,20.162274385252434
9,50,21.217113188363523
9,51,23.889666540673833
9,52,24.41394690777959
9,53,27.800703018685702
9,54,27.56082412529586
9,55,26.84879413863408
9,56,24.695868570370955
9,57,27.86173761606598
9,58,28.504780535655996
9,59,25.55821338724503
9,60,26.499526669124794
9,61,23.402011842955858
9,62,24.110480880428238
9,63,23.07565415770154
9,64,19.9480934750532
9,65,18.9230072977088
9,66,15.319435183443355
9,67,14.34927566941572
9,68,11.73101508107253
9,69,10.806171668384515
9,70,11.124270549652916
9,71,11.821948882927789
9,72,15.055373423012407
9,73,14.661618632887684
9,74,16.929511036174862
9,75,19.930061838620595
9,76,22.052797001594254
10,1,22.26919685071141
10,2,18.582998421037846
10,3,15.554654966792617
10,4,11.73997592749948
10,5,10.081053165910602
10,6,6.69211322284169
10,7,5.846328832978446
10,8,5.315335945363131
10,9,3.818207620617702
10,11,3.8007949739456395
10,12,5.806205316746664
10,13,9.361494696252802
10,14,12.745300388597528
10,15,15.79539243680365
10,16,19.528646572740683
10,17,21.749423440998495
10,18,24.924032345969692
10,19,25.57512481711313
10,20,27.89445868890908
10,21,25.20744874811777
10,22,25.046057311646955
10,23,22.12672436434108
10,24,23.240753066680284
10,25,23.12257745194108
10,26,19.517048380477007
10,27,18.398054802995055
10,28,20.696900203668555
10,29,19.017997642481838
10,30,15.582025578408386
10,31,17.70526879064842
10,32,19.26049972724798
10,33,16.17230273110498
10,34,14.117154509524108
10,35,17.317137297016096
10,36,17.0874287744922
10,37,20.198831302005626
10,38,20.14444275400359
10,39,21.753865903236527
10,40,18.75569087915075
10,41,16.558278221905347
10,42,16.40360295711169
10,43,15.615153361567572
10,44,15.605673930125983
10,45,16.76964116586727
10,46,18.539485147618315
10,47,18.662650328029567
10,48,20.55943640879476
10,49,19.997369723455463
10,50,20.885715186025948
10,51,23.89572645656652
10,52,24.565032263001005
10,53,27.651306951537432
10,54,26.910274444863635
10,55,25.79285464034103
10,56,23.211000685434513
10,57,26.112939099723462
10,58,27.09843575768168
10,59,24.08287066649385
10,60,24.532849828625093
10,61,21.25679849504471
10,62,21.513453535414058
10,63,20.231561831298844
10,64,16.86015882946063
10,65,16.136787844944532
10,66,12.718751999414403
10,67,12.607265699887474
10,68,10.70830408984987
10,69,10.937867780784023
10,70,12.36991146634628
10,71,13.888524444359447
10,72,17.454597455917455
10,73,17.67113543209899
10,74,20.04565839068691
10,75,22.74519555364527
10,76,24.69596895037911
11,1,20.450644337909495
11,2,16.714667460049895
11,3,14.082644752668397
11,4,10.364494090970247
11,5,8.780721609001947
11,6,6.520388181243366
11,7,5.939636088106042
11,8,7.230779910195243
11,9,5.392002292384578
11,10,3.8007949739456395
11,12,3.8305090124401464
11,13,6.4325663005574345
11,14,10.04452505640347
11,15,13.178063893485321
11,16,16.993261312175225
11,17,19.545326772577475
11,18,22.989495868417755
11,19,24.150441148724045
11,20,26.29232052311541
11,21,23.40200430416558
11,22,23.519309295831125
11,23,20.884110472497547
11,24,21.656874658445577
11,25,21.048190293018482
11,26,17.545865834334556
11,27,16.52927600709038
11,28,18.298624087932083
11,29,16.280285014691334
11,30,12.93789417319334
11,31,15.01566964990661
11,32,16.070468682018372
11,33,12.753957404809244
11,34,11.118577319847754
11,35,14.585931671665685
11,36,14.999111678927015
11,37,18.28617512082564
11,38,18.516340220918973
11,39,20.646642734520107
11,40,17.89398380579999
11,41,15.754003923739031
11,42,16.31791460933667
11,43,15.493188758376467
11,44,16.22145532108769
11,45,17.47899526897025
11,46,19.80169151535493
11,47,20.273286894484496
11,48,21.64052556338704
11,49,20.688116276013794
11,50,20.905513970053065
11,51,23.602512392695715
11,52,23.692826399142678
11,53,26.757530083823408
11,54,26.17409557611324
11,55,24.75962643029345
11,56,22.2688879857941
11,57,25.36692535163433
11,58,26.679741429345444
11,59,24.045855320467744
11,60,24.356643568314524
11,61,20.877379155510084
11,62,20.933579674367596
11,63,19.249524217745495
11,64,16.10494235321994
11,65,15.930971635095222
11,66,12.844796853220842
11,67,12.60604446538983
11,68,11.354379014857281
11,69,10.985047271810217
11,70,12.872150003239726
11,71,13.76036523959902
11,72,17.425035951223432
11,73,17.559358890516705
11,74,20.47725225552198
11,75,23.21153623282182
11,76,25.630782013869936
12,1,16.78108428944834
12,2,13.04899573172077
12,3,10.319431228507488
12,4,6.578294666195088
12,5,5.656214045077895
12,6,4.335159152460982
12,7,6.109615270771669
12,8,8.694963451781861
12,9,8.3581581884859
12,10,5.806205316746664
12,11,3.8305090124401464
12,13,3.812132167846451
12,14,6.949092721902151
12,15,10.082597659468277
12,16,13.797798269478779
12,17,16.256728094009958
12,18,19.572520246115975
12,19,20.64124689077015
12,20,23.014124657812573
12,21,20.366341215046955
12,22,20.78804907713892
12,23,18.406573543185797
12,24,19.652170234098236
12,25,18.820110582733523
12,26,15.134322408725652
12,27,14.838402753205644
12,28,16.828336277149294
12,29,14.465889701188257
12,30,11.571774600205647
12,31,14.450966350833056
12,32,15.387103970699812
12,33,12.436948236094914
12,34,11.511177811066206
12,35,15.202669460811531
12,36,15.409965433476897
12,37,18.206186085726205
12,38,17.73592776144494
12,39,20.167246941526805
12,40,17.930958649473347
12,41,15.159181751623745
12,42,15.319914354281451
12,43,13.677375275431798
12,44,14.15299683632779
12,45,14.824344654206381
12,46,17.18285164989885
12,47,18.23501506337379
12,48,19.498135606867894
12,49,18.83803004621782
12,50,18.696599321887696
12,51,21.542622085849093
12,52,21.693695025389655
12,53,24.429958298062466
12,54,23.454415575533485
12,55,21.727762171892564
12,56,18.974857087708763
12,57,21.90650957155956
12,58,23.461526433425274
12,59,20.902011735822125
12,60,20.893299312253117
12,61,17.311626110021688
12,62,17.163648394004692
12,63,15.41926893678888
12,64,12.312808849767242
12,65,12.243349741768473
12,66,9.414809844093032
12,67,9.63500926186587
12,68,9.391634190839028
12,69,9.870562679447678
12,70,12.716977266837523
12,71,14.251956733633808
12,72,18.0613743411785
12,73,18.94499002158064
12,74,21.936463082963453
12,75,24.21124251077725
12,76,26.47926828085673
13,1,14.45529037055035
13,2,10.817053431461744
13,3,8.681691456256287
13,4,5.673656599419115
13,5,5.180706808707889
13,6,6.364473100351135
13,7,8.139213591511918
13,8,11.447505565503976
13,9,11.21025471977487
13,10,9.361494696252802
13,11,6.4325663005574345
13,12,3.812132167846451
13,14,3.8120628976541977
13,15,6.771511126260015
13,16,10.579690612995583
13,17,13.321470167391086
13,18,16.891398209854078
13,19,18.49795043676585
13,20,20.618130373946325
13,21,17.800744206069574
13,22,18.56737611663903
13,23,16.62662411895526
13,24,17.572052373075238
13,25,16.15430782043663
13,26,12.636345185002126
13,27,12.73210547099572
13,28,14.125282533632012
13,29,11.297725575068565
13,30,8.867543263255499
13,31,11.959900292115828
13,32,12.275179623793177
13,33,9.460990279144385
13,34,9.509563522190433
13,35,13.277086313808432
13,36,13.970943478679706
13,37,16.54959321914116
13,38,16.100942749524425
13,39,19.059112109259267
13,40,17.348912425677472
13,41,14.593761126963743
13,42,15.34198486174047
13,43,13.602688858214416
13,44,14.78834812585046
13,45,15.47275272150042
13,46,18.30110546091059
13,47,19.64745690644302
13,48,20.272925552011063
13,49,19.262489316859682
13,50,18.36341741593855
13,51,20.77891066919698
13,52,20.321269132688396
13,53,22.890274875701063
13,54,22.043287334787905
13,55,19.995408004365885
13,56,17.415549971986962
13,57,20.497104625526966
13,58,22.37052718030664
13,59,20.33273494636375
13,60,20.194089981087224
13,61,16.542190654951998
13,62,16.260485985979884
13,63,14.224792652045366
13,64,11.744062296660603
13,65,12.2048956465036
13,66,10.121590906399174
13,67,10.047611653118844
13,68,10.67899809191829
13,69,10.61623107847707
13,70,13.732879975766423
13,71,14.750719712281464
13,72,18.427109065420858
13,73,19.441546992233295
13,74,22.779229805573017
13,75,24.86679063050957
13,76,27.435382316023947
14,1,11.007528884440529
14,2,7.399025950877051
14,3,6.276477445761295
14,4,4.833177922851589
14,5,6.446473717128377
14,6,8.961396088361724
14,7,11.488439342152699
14,8,14.939145050279116
14,9,14.935765636229066
14,10,12.745300388597528
14,11,10.04452505640347
14,12,6.949092721902151
14,13,3.8120628976541977
14,15,3.8258456962925886
14,16,7.275430531641343
14,17,10.435292288663794
14,18,13.99303080503321
14,19,15.96742679198705
14,20,18.28095060469366
14,21,15.79691678980463
14,22,17.282418374544825
14,23,16.06278742543256
14,24,17.294073916430403
14,25,15.259436312438574
14,26,11.90169737186654
14,27,13.100804133201486
14,28,14.129097750417591
14,29,10.756424444184164
14,30,9.587148856550082
14,31,13.029140710485642
14,32,12.631331269722462
14,33,10.43907553362812
14,34,11.657120492101857
14,35,15.204713132471316
14,36,16.068674875249155
14,37,18.113118978090096
14,38,17.247586263941887
14,39,20.52061189826214
14,40,19.43651167974505
14,41,16.45773389628205
14,42,17.071036485230252
14,43,14.772347192014163
14,44,15.829583876343445
14,45,15.822370627718334
14,46,18.565669850278553
14,47,20.53117395855709
14,48,20.919724559358198
14,49,20.165951061890937
14,50,18.717191186692972
14,51,20.998848154389997
14,52,20.33574034742548
14,53,22.375985846554926
14,54,21.167303413212757
14,55,18.57849723369235
14,56,15.794019267934186
14,57,18.566662125506852
14,58,20.965548497383725
14,59,19.344002243446077
14,60,18.626191699413365
14,61,14.900228695078958
14,62,14.008163557916737
14,63,11.476773575238903
14,64,9.500692680989648
14,65,10.847772538598205
14,66,9.978261730685032
14,67,10.586660278861784
14,68,12.414431947920168
14,69,12.886414826841364
14,70,16.35444191638058
14,71,17.543800390907602
14,72,21.09839062517257
14,73,22.459107540604798
14,74,25.840794465295865
14,75,27.627807221766155
14,76,30.144747758752153
15,1,8.65477359253934
15,2,5.796372839387215
15,3,5.420113449036207
15,4,6.076773032087092
15,5,7.404820139596721
15,6,10.878758895363156
15,7,13.33920761746449
15,8,17.06695445172038
15,9,17.622922656613973
15,10,15.79539243680365
15,11,13.178063893485321
15,12,10.082597659468277
15,13,6.771511126260015
15,14,3.8258456962925886
15,16,3.8399145498087064
15,17,6.781161162200656
15,18,10.486717850078625
15,19,12.76856650404128
15,20,14.751907185736675
15,21,12.187532002477417
15,22,13.963621938976422
15,23,13.288536866669904
15,24,14.47510248667548
15,25,12.026804840896078
15,26,8.970133188442817
15,27,10.976962967906442
15,28,11.671520466475926
15,29,8.181328183888544
15,30,8.279053564308908
15,31,11.820178531580506
15,32,11.254987375043651
15,33,10.217928816612886
15,34,11.972952331723963
15,35,14.973070256651422
15,36,15.61123085284779
15,37,16.910099999047517
15,38,15.597062835541713
15,39,19.063331066848487
15,40,18.686111523328744
15,41,15.660225411321957
15,42,16.37178807874755
15,43,13.930006120298009
15,44,15.37240261934375
15,45,15.311354856831576
15,46,18.33360460013008
15,47,20.424655967702293
15,48,20.156085745543468
15,49,19.184094258217957
15,50,17.087536159115906
15,51,18.90584974383912
15,52,17.836024396659205
15,53,19.517851649427616
15,54,18.335976245239316
15,55,15.524421135739441
15,56,13.023739899955682
15,57,15.87057438855636
15,58,18.402310759543358
15,59,17.34731138900759
15,60,16.65572784955969
15,61,13.157743888694633
15,62,12.522076129360306
15,63,10.345718700197216
15,64,9.667561717327729
15,65,10.764774304498268
15,66,10.638465142460086
15,67,10.649106598989238
15,68,13.037098890176145
15,69,13.282405729126717
15,70,16.770966396614117
15,71,17.81728780436529
15,72,21.054671718515348
15,73,22.807221941463986
15,74,26.217782158442198
15,75,27.57199327372847
15,76,30.090651576585596
16,1,5.994566965694485
16,2,4.802000617343178
16,3,6.515281920348887
16,4,8.889955593387162
16,5,10.682298238565702
16,6,14.339193064539188
16,7,16.949596607907356
16,8,20.70208661890588
16,9,21.428904178210665
16,10,19.528646572740683
16,11,16.993261312175225
16,12,13.797798269478779
16,13,10.579690612995583
16,14,7.275430531641343
16,15,3.8399145498087064
16,17,3.832172641572764
16,18,7.379571678778879
16,19,10.338715639301393
16,20,12.2160611230091
16,21,10.171716224243285
16,22,12.82538295512578
16,23,13.228234364704102
16,24,14.532301673173508
16,25,11.544741472709614
16,26,9.324276538976799
16,27,12.291340119684062
16,28,12.455178183139365
16,29,9.09077992303076
16,30,10.61020711050766
16,31,13.821208674411386
16,32,12.796954188846865
16,33,12.657004769057451
16,34,14.92945504741729
16,35,17.46639543328003
16,36,18.10189465304362
16,37,18.782461895955016
16,38,17.138927808443448
16,39,20.662874686152087
16,40,20.924884519545483
16,41,17.92212146856068
16,42,18.534724808460147
16,43,15.889174680891166
16,44,17.25171193327887
16,45,16.725806131234705
16,46,19.581278208071772
16,47,22.02292114642783
16,48,21.381585673097316
16,49,20.559651810481682
16,50,17.958390189210625
16,51,19.373783004700513
16,52,18.030599625714125
16,53,19.000605640711058
16,54,17.568286231426196
16,55,14.28504671754001
16,56,11.943726758225072
16,57,14.285478897398459
16,58,17.27466798130856
16,59,16.94927695934676
16,60,15.789761989223791
16,61,12.639472553458946
16,62,11.615812989527997
16,63,9.435348393967958
16,64,10.152720443338119
16,65,11.645204015391643
16,66,12.637455568008978
16,67,12.863445186455483
16,68,15.77646873638682
16,69,16.216261521681613
16,70,19.694623620641234
16,71,20.754986866147267
16,72,23.73743177715904
16,73,25.73759421007673
16,74,29.113477191328265
16,75,30.14653487147744
16,76,32.59034856002504
17,1,5.67473617924053
17,2,6.388015823188623
17,3,7.682793618081166
17,4,10.695915430818726
17,5,12.05801011415114
17,6,15.857171675581569
17,7,18.439611524169205
17,8,22.190772522023085
17,9,23.47860039403643
17,10,21.749423440998495
17,11,19.545326772577475
17,12,16.256728094009958
17,13,13.321470167391086
17,14,10.435292288663794
17,15,6.781161162200656
17,16,3.832172641572764
17,18,3.8133023143950093
17,19,6.811473664798414
17,20,8.385897724011965
17,21,6.553168175916244
17,22,9.60887366053153
17,23,10.745498524398084
17,24,12.37948175310038
17,25,9.471710192629036
17,26,7.929203763991242
17,27,11.559051361887885
17,28,11.880118937848291
17,29,9.352480166602405
17,30,11.546430691020001
17,31,14.555445028738587
17,32,14.026789998878446
17,33,14.734664447946702
17,34,16.70669406519722
17,35,18.755152721689754
17,36,18.793675138873986
17,37,18.72577707950859
17,38,16.46739761468486
17,39,19.757931032374824
17,40,20.617677649358296
17,41,17.563881142988794
17,42,17.86058766968165
17,43,15.090785531875385
17,44,16.42459905782021
17,45,15.721987894482435
17,46,18.556533178339325
17,47,21.01805286706304
17,48,19.83725572098183
17,49,19.01376960225244
17,50,15.990315968393725
17,51,16.9930077698398
17,52,15.567989717064584
17,53,15.952379341072817
17,54,14.328566012491509
17,55,10.854082312056198
17,56,8.862098229403367
17,57,11.060258686582422
17,58,14.05238574261832
17,59,14.323415643628927
17,60,13.260241017122848
17,61,10.702139259942406
17,62,10.296470962235183
17,63,9.266680470659333
17,64,11.102754550572882
17,65,11.774287244012905
17,66,13.199370005030943
17,67,12.954498192268968
17,68,16.092043961586537
17,69,16.57913146756577
17,70,19.9095582804408
17,71,21.084572918341074
17,72,23.714758387925098
17,73,26.14007070870513
17,74,29.31760464758824
17,75,29.86970460422565
17,76,32.08366238116884
18,1,6.174559805873162
18,2,8.595060271565385
18,3,10.13352088528174
18,4,13.571060549607248
18,5,15.039938503103185
18,6,18.764654356968094
18,7,21.46762449221493
18,8,25.132007122981133
18,9,26.72305748522637
18,10,24.924032345969692
18,11,22.989495868417755
18,12,19.572520246115975
18,13,16.891398209854078
18,14,13.99303080503321
18,15,10.486717850078625
18,16,7.379571678778879
18,17,3.8133023143950093
18,19,3.8519401962702804
18,20,5.347488416085751
18,21,5.31764395923838
18,22,8.972872923190996
18,23,11.14918148108302
18,24,13.154806333434589
18,25,10.579152283724756
18,26,9.969275886502695
18,27,13.786414085366552
18,28,14.167844615935262
18,29,12.332934192087066
18,30,14.799328973548912
18,31,17.58779913005943
18,32,17.222472700422006
18,33,18.319244869811033
18,34,20.201383677923076
18,35,21.989341323587094
18,36,21.719527950816147
18,37,21.155395139316468
18,38,18.498617163841374
18,39,21.473077016454752
18,40,22.788877278543513
18,41,19.729978333658483
18,42,19.63070034551391
18,43,16.72041903187921
18,44,17.692386928139562
18,45,16.518424449987638
18,46,18.952002243515622
18,47,21.608026730852465
18,48,20.104624582055457
18,49,19.592060154412493
18,50,16.331736738753005
18,51,16.97998904945574
18,52,15.677831006542593
18,53,15.134886746734967
18,54,13.048037387899663
18,55,9.279810102141244
18,56,7.6907804298553355
18,57,8.76373564351354
18,58,12.045836518669576
18,59,13.173989582153224
18,60,11.72826056264107
18,61,10.09922098368177
18,62,9.766897067139668
18,63,9.67319741507255
18,64,12.535622656994928
18,65,12.944045036111
18,66,15.041212157946847
18,67,14.894750319469802
18,68,18.24630878972081
18,69,19.020459836475922
18,70,22.24011571864484
18,71,23.609401570378413
18,72,25.980730941717187
18,73,28.704964625171673
18,74,31.6792039124581
18,75,31.852567824293576
18,76,33.796988112826526
19,1,7.9652372596974494
19,2,10.321539607916277
19,3,10.97681615560472
19,4,14.377550659168655
19,5,15.64607840112079
19,6,19.114882707015234
19,7,21.891554241411907
19,8,25.341816655787348
19,9,27.39168233914318
19,10,25.57512481711313
19,11,24.150441148724045
19,12,20.64124689077015
19,13,18.49795043676585
19,14,15.96742679198705
19,15,12.76856650404128
19,16,10.338715639301393
19,17,6.811473664798414
19,18,3.8519401962702804
19,20,3.829672406848872
19,21,5.442361743719974
19,22,8.17403769112405
19,23,10.280531862083897
19,24,13.063740505460935
19,25,11.494454897723042
19,26,10.870029687535993
19,27,14.508001330141951
19,28,15.634880105556652
19,29,14.428406057746283
19,30,16.47541315508015
19,31,19.330681221730423
19,32,19.636711997702307
19,33,20.729279051504
19,34,22.065781758354007
19,35,23.809706559551366
19,36,22.96184645867606
19,37,22.139318555428858
19,38,19.015473290629085
19,39,21.491100907908415
19,40,22.914837714820568
19,41,19.6978922965557
19,42,18.925042396316325
19,43,15.807783664582228
19,44,16.205956178611817
19,45,14.59322044276891
19,46,16.611957465163716
19,47,19.32058757736924
19,48,17.6193668656001
19,49,17.515317516741973
19,50,14.311126858404432
19,51,15.016080285445033
19,52,14.371209952396567
19,53,13.308944347191451
19,54,10.520386985449626
19,55,6.720477943300213
19,56,4.940755099989391
19,57,4.9758373471303585
19,58,8.405362384549472
19,59,9.855327992077848
19,60,8.299190650702885
19,61,7.601153791006424
19,62,8.109184290862643
19,63,9.520966968690285
19,64,12.674911658603236
19,65,12.17516895153017
19,66,14.493646166015933
19,67,14.238620022292539
19,68,17.639642935712192
19,69,18.801081809669164
19,70,21.874615070219825
19,71,23.642691809780164
19,72,25.837530159382634
19,73,28.899728223870547
19,74,31.549066517123812
19,75,31.387714630359763
19,76,32.92542540516043
20,1,11.085098480485414
20,2,13.391562642846178
20,3,13.998206949764805
20,4,17.13065184276593
20,5,17.82367140111455
20,6,21.34899666851525
20,7,23.698630284307548
20,8,27.18079738541631
20,9,29.317529010034697
20,10,27.89445868890908
20,11,26.29232052311541
20,12,23.014124657812573
20,13,20.618130373946325
20,14,18.28095060469366
20,15,14.751907185736675
20,16,12.2160611230091
20,17,8.385897724011965
20,18,5.347488416085751
20,19,3.829672406848872
20,21,3.8338403905175675
20,22,6.340358261215765
20,23,9.574463290842019
20,24,11.630884601027693
20,25,10.117632883204902
20,26,10.812129196026271
20,27,14.286252012368909
20,28,14.847831688675235
20,29,14.359260654567803
20,30,16.944360906744915
20,31,19.192193604396465
20,32,19.48114254345415
20,33,21.24159036164192
20,34,22.63940110783128
20,35,23.804622444077584
20,36,22.843769066759805
20,37,21.436722583591433
20,38,18.263635557224003
20,39,20.576903301129274
20,40,22.582841189407052
20,41,19.773967701790585
20,42,19.33858529941513
20,43,16.731378432926913
20,44,17.696395360866607
20,45,16.668014201377314
20,46,18.943290332333376
20,47,21.185841530621428
20,48,18.901812738942763
20,49,18.249448482792296
20,50,14.663226931248605
20,51,14.368688047948341
20,52,13.029518713041528
20,53,11.348108162876962
20,54,9.172925337658057
20,55,5.714757643186459
20,56,6.341389689297697
20,57,6.593919619848219
20,58,8.808827075898156
20,59,11.236971066110572
20,60,10.665954804839457
20,61,10.712598277118857
20,62,11.842119217889719
20,63,13.278977898905817
20,64,16.283152023328565
20,65,15.615033518629625
20,66,17.501296893944374
20,67,16.598970585135962
20,68,19.62352843120749
20,69,20.186191292924814
20,70,22.879266382804662
20,71,24.197826523342396
20,72,25.93965906012198
20,73,29.04117759658807
20,74,31.63796005487555
20,75,31.170457466661862
20,76,32.7579560897629
21,1,10.935318229340032
21,2,12.284737336929819
21,3,12.390490725576594
21,4,15.02663850292955
21,5,15.179567801741968
21,6,18.749275317480866
21,7,20.761545225479576
21,8,24.3141906816745
21,9,26.3393789880039
21,10,25.20744874811777
21,11,23.40200430416558
21,12,20.366341215046955
21,13,17.800744206069574
21,14,15.79691678980463
21,15,12.187532002477417
21,16,10.171716224243285
21,17,6.553168175916244
21,18,5.31764395923838
21,19,5.442361743719974
21,20,3.8338403905175675
21,22,3.8123061054220813
21,23,6.787328333528129
21,24,8.398062485236252
21,25,6.413408260561426
21,26,7.112309477784885
21,27,10.598802649582977
21,28,11.028551935285659
21,29,10.62540835406112
21,30,13.257793862533097
21,31,15.371632698608384
21,32,15.768715547170286
21,33,17.633229175264635
21,34,18.945318516513396
21,35,19.9894098458856
21,36,19.06059256002622
21,37,17.709249905631385
21,38,14.670690021786067
21,39,17.255256221913257
21,40,19.164876261490885
21,41,16.451832586114254
21,42,16.478438610766545
21,43,14.151037096661328
21,44,15.76885805983581
21,45,15.442958891835357
21,46,18.326491181177325
21,47,20.216934870305415
21,48,17.94622568945002
21,49,16.681884952936624
21,50,13.01751377729589
21,51,12.724793111619892
21,52,10.829699920648242
21,53,10.16065333783048
21,54,8.825869499637243
21,55,5.627049181593451
21,56,6.145328958670205
21,57,8.37304398966897
21,58,10.16729364753204
21,59,11.686519217352203
21,60,11.831812609306368
21,61,10.954607471549311
21,62,12.377192195921902
21,63,13.307393970168885
21,64,15.622831313236919
21,65,14.86042491816156
21,66,16.025737675017595
21,67,14.601918525291984
21,68,17.298184181125297
21,69,17.328251776166965
21,70,19.941424753384364
21,71,20.923265890331848
21,72,22.689135058441526
21,73,25.6256320459681
21,74,28.38549776258274
21,75,28.108829216342063
21,76,29.98115883404806
22,1,14.092715086246335
22,2,14.857730238015446
22,3,14.066396656083263
22,4,16.04552124902469
22,5,15.33993736649812
22,6,18.542355266281607
22,7,20.047886835746446
22,8,23.358568383069677
22,9,25.738806385635378
22,10,25.046057311646955
22,11,23.519309295831125
22,12,20.78804907713892
22,13,18.56737611663903
22,14,17.282418374544825
22,15,13.963621938976422
22,16,12.82538295512578
22,17,9.60887366053153
22,18,8.972872923190996
22,19,8.17403769112405
22,20,6.340358261215765
22,21,3.8123061054220813
22,23,3.8307346209926427
22,24,5.398908829885049
22,25,5.203645396830668
22,26,6.535139859450586
22,27,9.037959446505445
22,28,9.998811564537801
22,29,10.831286373963604
22,30,12.97395008134174
22,31,14.610743443753687
22,32,15.82518718536839
22,33,17.91867780178526
22,34,18.55650033921808
22,35,19.15119235690476
22,36,17.572478142673546
22,37,15.715983108457241
22,38,12.299683262151664
22,39,14.316747913623626
22,40,16.562553187803505
22,41,14.07168372527175
22,42,13.95637028517769
22,43,12.12197853990551
22,44,14.04149469131762
22,45,14.345010542435562
22,46,17.390177844930147
22,47,18.632466863467688
22,48,15.892468307660023
22,49,14.115076121270269
22,50,10.31263336862245
22,51,9.300748355238325
22,52,7.092251598813309
22,53,6.528082904850231
22,54,5.991570470330981
22,55,4.26615558584151
22,56,6.400983171610617
22,57,9.11884066612194
22,58,9.434493964071153
22,59,10.776821365944848
22,60,12.148812534942506
22,61,11.750743338010283
22,62,14.12446955693621
22,63,15.599329520813553
22,64,17.47655348493379
22,65,15.957675290801351
22,66,16.45736176490481
22,67,14.25865143819944
22,68,16.33024850872626
22,69,15.929262913782114
22,70,17.98674147298662
22,71,18.81178064960527
22,72,20.105293208299177
22,73,23.246063106016383
22,74,25.731126846609936
22,75,25.096786281842213
22,76,26.7991727577062
23,1,15.081613097743325
23,2,14.9322944041971
23,3,13.19874048915059
23,4,14.357375333175808
23,5,12.910954242552592
23,6,15.70288983720969
23,7,16.857465708749025
23,8,19.97248199014535
23,9,22.56654772019117
23,10,22.12672436434108
23,11,20.884110472497547
23,12,18.406573543185797
23,13,16.62662411895526
