1,2,3.820174947664384
1,3,5.32698030607623
1,4,5.643585109514212
1,5,6.669583113981135
1,6,8.383904411601357
1,7,10.209295742154344
1,8,11.598680683241591
1,9,12.63181032665591
1,10,14.634715213557499
1,11,16.348458227610834
1,12,17.078555587212225
1,13,18.999142691947114
1,14,20.66620660204012
1,15,21.836586577865226
1,16,22.988293111417786
1,17,25.0254709199943
1,18,26.391367256123456
1,19,27.079317532879767
1,20,29.007802563743333
1,21,31.058700775109372
1,22,31.791090072366522
1,23,32.7568900054048
1,24,35.32540969227333
1,25,36.38768839321327
1,26,36.82122819570798
1,27,38.295130608685135
1,28,40.95157726816853
1,29,44.18813059511003
1,30,43.63363413167675
1,31,46.35948513824399
1,32,44.995918599369915
1,33,41.36823206311687
1,34,39.714295140728076
1,35,36.38291043754695
1,36,38.13921282826643
1,37,36.951676215958464
1,38,33.57724520253634
1,39,32.620384145559605
1,40,33.04547616023653
1,41,31.57048642137063
1,42,28.30186079574699
1,43,28.5795227729083
1,44,29.3582357059204
1,45,26.31745653551077
1,46,24.00194763642238
1,47,25.91009580164518
1,48,25.758298742812705
1,49,22.080450524249002
1,50,21.265492592804886
1,51,24.09387103680574
1,52,26.274316774466687
1,53,29.078318208217766
1,54,32.061725945885996
1,55,34.48869045228588
1,56,35.887294160557595
1,57,34.91104901034466
1,58,34.224098085481984
1,59,35.377775720759594
1,60,38.735395967474325
1,61,38.80581701594388
1,62,37.44711051328701
1,63,35.196484762590146
1,64,34.15915609630293
1,65,33.0951510199874
1,66,31.465170080480654
1,67,29.409047332676998
1,68,28.753307291174536
1,69,27.36819875301002
1,70,24.935606049901555
1,71,23.758055994555612
1,72,23.452161446987905
1,73,21.579813892383072
1,74,19.136840668036623
1,75,18.841021494470862
1,76,18.32236586768878
1,77,15.815603111702815
1,78,13.765713876742376
1,79,13.979686359315897
1,80,13.343097618888402
1,81,10.131702824304874
1,82,8.963724177017458
1,83,10.566379699794455
1,84,9.173640767468685
1,85,5.482889512010511
1,86,7.376741196189455
1,87,9.63805850330731
1,88,7.863243014789537
1,89,6.4736798810498
1,90,10.217526706839866
2,1,3.820174947664384
2,3,3.8156869107214395
2,4,5.9182383030701216
2,5,5.505348495967779
2,6,5.556571172998175
2,7,8.305403867382841
2,8,10.191509455414616
2,9,10.291423220104262
2,10,12.002917968010449
2,11,14.396594653263266
2,12,15.106268554862814
2,13,16.402754585494044
2,14,18.21226834656475
2,15,19.86497705050952
2,16,20.79133643956436
2,17,22.463177858597152
2,18,24.10790594412962
2,19,25.101298426647467
2,20,26.735552681968844
2,21,28.66906209004229
2,22,29.7620298892157
2,23,30.84489885150962
2,24,33.134558996069224
2,25,34.25794329211792
2,26,35.02910992151702
2,27,36.48801983312445
2,28,38.91074328617429
2,29,42.26616859125324
2,30,41.93101657611267
2,31,44.635280963297504
2,32,43.28866709378561
2,33,39.62489866493797
2,34,37.79969844476619
2,35,34.414227674217564
2,36,35.912768021662224
2,37,34.43834657461065
2,38,30.93521775943638
2,39,29.896271658214452
2,40,30.64017258147252
2,41,29.310167465641708
2,42,25.87282468879661
2,43,26.332601440071045
2,44,27.474388964184893
2,45,24.478361296824033
2,46,22.119596344011953
2,47,24.393703475956233
2,48,24.54701557093232
2,49,20.865680310092518
2,50,20.239594337372782
2,51,23.419577574886876
2,52,25.41783056080142
2,53,27.98935951543923
2,54,30.91142882061993
2,55,33.309130075506204
2,56,34.34578265548289
2,57,33.28506279208021
2,58,32.833801366164856
2,59,33.99679372444817
2,60,37.48784304287326
2,61,37.55010425400308
2,62,36.43500462722041
2,63,33.95862824550267
2,64,32.76332734908334
2,65,32.08442938545591
2,66,30.54015930759379
2,67,28.11155295116973
2,68,27.645583860722635
2,69,26.717913659784315
2,70,24.07387215921117
2,71,22.55426722334564
2,72,22.736236903633145
2,73,21.254960798680145
2,74,18.34170666080504
2,75,17.95809183001314
2,76,18.199442342366876
2,77,15.895064470851604
2,78,13.105532061723094
2,79,13.501317552482618
2,80,13.913233732977586
2,81,10.749503732596434
2,82,8.763789255991597
2,83,11.263806321799066
2,84,11.055874567943768
2,85,7.470134886101759
2,86,8.338273343278622
2,87,11.590520222325074
2,88,10.837435459957462
2,89,8.880160979034876
2,90,12.174557092537505
3,1,5.32698030607623
3,2,3.8156869107214395
3,4,3.8000074604248435
3,5,5.241450547237198
3,6,4.790615372513136
3,7,5.729224905448752
3,8,8.43886410777878
3,9,9.571580390594324
3,10,10.417724278953418
3,11,12.344750206699496
3,12,13.915043538593093
3,13,15.460068643990514
3,14,16.52093259381657
3,15,18.196996753680956
3,16,19.77272746184261
3,17,21.283356400565317
3,18,22.390462894651407
3,19,23.61764941182324
3,20,25.64481027844068
3,21,27.232780548118765
3,22,28.030822562269172
3,23,29.457125488023006
3,24,31.881222511790728
3,25,32.61590863047554
3,26,33.33718594461318
3,27,35.133443419948
3,28,37.56078608403972
3,29,40.77952411641864
3,30,40.594165320256984
3,31,43.514461600571366
3,32,42.464964337617616
3,33,38.737794175457225
3,34,37.212122612563405
3,35,33.67851403576904
3,36,35.03954914795117
3,37,33.7459454813274
3,38,30.231645073018097
3,39,29.662188900500997
3,40,30.49035338678376
3,41,28.740347465000713
3,42,25.46427745001927
3,43,26.387090993988018
3,44,27.21236354836696
3,45,23.911207099692138
3,46,22.073067709585697
3,47,24.592203491042063
3,48,24.236057685697006
3,49,20.446302359464344
3,50,20.47634324181706
3,51,23.43297149793802
3,52,25.871659910878034
3,53,28.125210761476374
3,54,31.325722625292922
3,55,33.361931354405456
3,56,34.503545918837006
3,57,33.054700955900834
3,58,32.243353935442684
3,59,32.99160118282258
3,60,36.349508886132305
3,61,36.045921144988355
3,62,34.651001011030225
3,63,32.036313374992716
3,64,31.212972315857275
3,65,30.590954963732568
3,66,28.668050115943547
3,67,26.36787924486205
3,68,26.308881136377153
3,69,25.176551276124435
3,70,22.243643909982286
3,71,21.21120424005626
3,72,21.71304439866994
3,73,19.80806484261656
3,74,16.784598534598654
3,75,17.18053801878446
3,76,17.581291909468952
3,77,14.718976258544963
3,78,12.215710631027273
3,79,13.656106653947726
3,80,13.908413169994306
3,81,10.291533528378203
3,82,9.503310323971759
3,83,12.56597054554396
3,84,11.84424882119593
3,85,8.767135412473845
3,86,10.836571572084262
3,87,13.787811338730146
3,88,12.693729940479443
3,89,11.59660580524701
3,90,15.16303737429702
4,1,5.643585109514212
4,2,5.9182383030701216
4,3,3.8000074604248435
4,5,3.790058311850625
4,6,5.78554836721367
4,7,5.582986296809515
4,8,6.735454412752795
4,9,9.002283944729326
4,10,10.536613574063699
4,11,11.410108666986524
4,12,12.695076979287043
4,13,15.083300477682608
4,14,16.120867153147422
4,15,17.017584429178527
4,16,18.740680280465003
4,17,20.79700577770336
4,18,21.63457423847589
4,19,22.346511429965386
4,20,24.67311707892665
4,21,26.494821664711807
4,22,26.87613377995726
4,23,28.053456903575004
4,24,30.79552007878237
4,25,31.546424287367692
4,26,31.851978073933235
4,27,33.58368227363233
4,28,36.28421385938984
4,29,39.380654631319786
4,30,38.91503062901847
4,31,41.82841505129949
4,32,40.74699906215833
4,33,37.064549411168265
4,34,35.73089822395375
4,35,32.26475624294149
4,36,33.939437948245825
4,37,33.02219564907403
4,38,29.711923512915146
4,39,29.262506524484998
4,40,29.65308683620993
4,41,27.699588819497425
4,42,24.667831460333346
4,43,25.40030359553187
4,44,25.75296064570947
4,45,22.39087811626948
4,46,20.672484721341103
4,47,22.851826128479825
4,48,22.104152718968415
4,49,18.31598655883816
4,50,18.326856284676023
4,51,20.925874449872868
4,52,23.629607016995624
4,53,25.968603750301693
4,54,29.29238127017669
4,55,31.251337913715336
4,56,32.746065626454076
4,57,31.30924010320976
4,58,30.228303013045007
4,59,30.957595421211984
4,60,34.190344322150985
4,61,33.936715486429215
4,62,32.36975326424449
4,63,30.012123699472266
4,64,29.25671428586349
4,65,28.251466842038937
4,66,26.32809526918032
4,67,24.359326947078497
4,68,24.041268368130567
4,69,22.528614059317142
4,70,19.83124874806187
4,71,19.044673021303723
4,72,19.088028559260373
4,73,16.88275049690775
4,74,14.255449342859976
4,75,14.71971424781262
4,76,14.555780351399745
4,77,11.486715511629898
4,78,9.571337412117527
4,79,11.12315228460312
4,80,10.704078232291627
4,81,6.935706508288293
4,82,7.242863886248164
4,83,10.125723238766808
4,84,8.912029725511118
4,85,6.649811349133537
4,86,9.59353406841974
4,87,12.005133747121658
4,88,11.060770469944725
4,89,11.125912016347858
4,90,14.556563446675705
5,1,6.669583113981135
5,2,5.505348495967779
5,3,5.241450547237198
5,4,3.790058311850625
5,6,3.7810006537964744
5,7,5.313330180563023
5,8,5.29363734696004
5,9,6.2028874054099585
5,10,8.758049220450877
5,11,10.14759774035289
5,12,10.440010420609523
5,13,12.596135645051403
5,14,14.400756094364372
5,15,15.300016543446572
5,16,16.351269073465446
5,17,18.559014976309648
5,18,19.948142362630477
5,19,20.45760496764273
5,20,22.376093507800316
5,21,24.52219372801397
5,22,25.24331369200959
5,23,26.106708361017205
5,24,28.677893654890642
5,25,29.8140394430933
5,26,30.240186536638493
5,27,31.64803660120291
5,28,34.2939221362225
5,29,37.54831355747489
5,30,37.004410722295106
5,31,39.7288197700738
5,32,38.40979138276359
5,33,34.75702456345541
5,34,33.139975996905584
5,35,29.76003017749337
5,36,31.498075865050463
5,37,30.406262513384412
5,38,27.09468034255579
5,39,26.302807338066195
5,40,26.643650225253452
5,41,24.991282402318873
5,42,21.807114321907687
5,43,22.257269777822703
5,44,22.891032689445563
5,45,19.735254882629796
5,46,17.62391943004599
5,47,19.794646700039188
5,48,19.497017310923958
5,49,15.747668036128362
5,50,15.414418682942124
5,51,18.37380575204597
5,52,20.736311343657267
5,53,23.15614623805781
5,54,26.31231022411286
5,55,28.476494656261924
5,56,29.768076724228226
5,57,28.53796559171505
5,58,27.79555846616723
5,59,28.858451913874315
5,60,32.26773069729283
5,61,32.335857468918235
5,62,31.148434714753694
5,63,28.8289285635974
5,64,27.63485079872007
5,65,26.747439383849056
5,66,25.24310875536729
5,67,22.963196456257588
5,68,22.33501803522653
5,69,21.268085198758158
5,70,18.746465846749217
5,71,17.28012856503473
5,72,17.29679317161092
5,73,15.757877715150244
5,74,12.928691656034168
5,75,12.577925328464497
5,76,12.810557354476437
5,77,10.4621529306844
5,78,7.618162416514615
5,79,8.472676359162726
5,80,9.092849893816354
5,81,5.892357268711219
5,82,4.458316616702426
5,83,7.976644126366466
5,84,8.265552993477113
5,85,6.166731884564389
5,86,7.812025209693103
5,87,10.910519717260913
5,88,11.160514688547659
5,89,10.873715152912938
5,90,13.754901696275288
6,1,8.383904411601357
6,2,5.556571172998175
6,3,4.790615372513136
6,4,5.78554836721367
6,5,3.7810006537964744
6,7,3.7968028843330286
6,8,5.598181187655099
6,9,5.125654300749389
6,10,6.457412327940656
6,11,9.023383142927312
6,12,9.873813040901604
6,13,11.011675606970414
6,14,12.655955153530021
6,15,14.442864950926225
6,16,15.492081551226281
6,17,17.0056542425757
6,18,18.566615085496274
6,19,19.70589223870578
6,20,21.376689701127226
6,21,23.16417743087414
6,22,24.279404071358226
6,23,25.50149949405428
6,24,27.735204990581064
6,25,28.759569169402525
6,26,29.640742670332628
6,27,31.19828435344084
6,28,33.5236864567017
6,29,36.87463002162954
6,30,36.69289829206976
6,31,39.479493996280766
6,32,38.30157227495141
6,33,34.58709580063107
6,34,32.859882796690776
6,35,29.359330650499064
6,36,30.678387477604332
6,37,29.234895638258557
6,38,25.706533102230175
6,39,24.964813328817378
6,40,25.828773884138723
6,41,24.242817677283185
6,42,20.86012960682737
6,43,21.748804263681563
6,44,22.8028447321482
6,45,19.622398026395377
6,46,17.65285800626712
6,47,20.369707731813556
6,48,20.325089323270372
6,49,16.613596759144087
6,50,16.72027178848209
6,51,19.95370279842352
6,52,22.15054470435797
6,53,24.196897643193378
6,54,27.29898809949804
6,55,29.329848273704815
6,56,30.200236118752812
6,57,28.768761798061764
6,58,28.21331760729845
6,59,29.1259565779773
6,60,32.626084976989134
6,61,32.52171144786619
6,62,31.49375136417205
6,63,28.83597702434138
6,64,27.643820114437677
6,65,27.267722018905236
6,66,25.684357247101747
6,67,23.02516860193906
6,68,22.85206612976914
6,69,22.249145326331046
6,70,19.36224206774709
6,71,17.737282810235495
6,72,18.514614409424137
6,73,17.270406092862157
6,74,13.918052720649072
6,75,13.84375075100179
6,76,14.998221784413682
6,77,12.761897062417
6,78,9.450151770184217
6,79,10.798858230080024
6,80,12.28365980868295
6,81,9.315983928708409
6,82,7.670629557708083
6,83,11.3143666896625
6,84,12.013051033592644
6,85,9.61175310263939
6,86,10.663436949915026
6,87,14.1439632480141
6,88,14.338723706299467
6,89,13.303308621750727
6,90,16.240746661385142
7,1,10.209295742154344
7,2,8.305403867382841
7,3,5.729224905448752
7,4,5.582986296809515
7,5,5.313330180563023
7,6,3.7968028843330286
7,8,3.78940962640689
7,9,5.417616488731287
7,10,5.294706153511373
7,11,6.648578837257011
7,12,8.738439450765805
7,13,10.427308165981872
7,14,10.990056457842234
7,15,12.578489520684137
7,16,14.495477809444504
7,17,15.935316313253539
7,18,16.74853087229181
7,19,18.03449321649315
7,20,20.238177545419344
7,21,21.674299606426146
7,22,22.341587766453987
7,23,23.893338212909732
7,24,26.34856740042111
7,25,26.942897041925683
7,26,27.670058602589933
7,27,29.581058940421755
7,28,31.97103601048821
7,29,35.142828111571426
7,30,35.057183728814685
7,31,38.06666465374669
7,32,37.19848786956176
7,33,33.43899663069099
7,34,32.08545863781726
7,35,28.459806290764355
7,36,29.696279817176272
7,37,28.553765680127626
7,38,25.093824254501488
7,39,24.914433354929777
7,40,25.74656090230084
7,41,23.660105398404987
7,42,20.56914733663455
7,43,21.917063475454146
7,44,22.483327607272987
7,45,18.987141417982226
7,46,17.69650196232217
7,47,20.543114799059843
7,48,19.842381047518167
7,49,16.087201132857896
7,50,16.946308174256757
7,51,19.772370938515223
7,52,22.450822073642644
7,53,24.1387929667781
7,54,27.518684610062458
7,55,29.127884799116906
7,56,30.17881987030703
7,57,28.3490093145891
7,58,27.346859797743228
7,59,27.794055275095218
7,60,31.110709509495774
7,61,30.621771695791864
7,62,29.26222273769105
7,63,26.50069830077803
7,64,25.7294274638195
7,65,25.345949288156167
7,66,23.347519840977924
7,67,20.88724866331882
7,68,21.134471741652874
7,69,20.246587648167274
7,70,17.066840368900998
7,71,16.06416350796771
7,72,17.15107075199911
7,73,15.401865606924087
7,74,11.98542194840538
7,75,12.911230976473513
7,76,14.173279166664642
7,77,11.368704346870503
7,78,8.61392543598291
7,79,11.17815099300998
7,80,12.328403101638031
7,81,9.177002341623147
7,82,9.05696066419498
7,83,12.786486715996258
7,84,12.925221692889293
7,85,11.15715428498303
7,86,13.115200579292075
7,87,16.161260672517162
7,88,16.053288458852972
7,89,15.699520639449117
7,90,18.85776981263071
8,1,11.598680683241591
8,2,10.191509455414616
8,3,8.43886410777878
8,4,6.735454412752795
8,5,5.29363734696004
8,6,5.598181187655099
8,7,3.78940962640689
8,9,3.811080760634457
8,10,5.288218037300907
8,11,5.110755964436714
8,12,6.0232638490194095
8,13,8.786561220341648
8,14,9.787350577389441
8,15,10.342215296483152
8,16,12.053975959633194
8,17,14.233616088928127
8,18,15.068196118031718
8,19,15.638770231907644
8,20,17.950822647222807
8,21,19.833160546534092
8,22,20.25659678922225
8,23,21.365703371206035
8,24,24.06281719346049
8,25,24.899315995187735
8,26,25.276241314267928
8,27,26.94447768073595
8,28,29.581561333486015
8,29,32.731491777168976
8,30,32.333396349236786
8,31,35.245457673296414
8,32,34.22406447229952
8,33,30.50562572697664
8,34,29.18882936516125
8,35,25.652207199497415
8,36,27.232168728376354
8,37,26.37790906158414
8,38,23.12873000535538
8,39,22.91151303117488
8,40,23.272927264656943
8,41,21.105784441403422
8,42,18.194106574694256
8,43,19.244710432283355
8,44,19.450193264154343
8,45,15.943755233069309
8,46,14.641705674055443
8,47,17.224070810102067
8,48,16.302973487374803
8,49,12.514664152858797
8,50,13.398679399659704
8,51,16.060321482335794
8,52,18.87634728517342
8,53,20.58328871021063
8,54,24.037436258348816
8,55,25.623687383738094
8,56,26.89019229618671
8,57,25.12462065702367
8,58,24.01715876909444
8,59,24.603413736750255
8,60,27.920875632012226
8,61,27.64834155412063
8,62,26.344152757764505
8,63,23.83002636043242
8,64,22.853586881939684
8,65,22.17992432284853
8,66,20.41412196345692
8,67,18.050123723679192
8,68,17.872557575623237
8,69,16.90060652165698
8,70,13.984559142201865
8,71,12.772882651103158
8,72,13.504232845635292
8,73,11.866528241049027
8,74,8.5125592787587
8,75,9.171324590971047
8,76,10.427355416818415
8,77,7.845144709351332
8,78,4.89526775584081
8,79,7.82284263533569
8,80,9.260856798917326
8,81,6.787656428427466
8,82,7.14984621163393
8,83,10.720890381811278
8,84,11.361408801759739
8,85,10.656224170807702
8,86,12.427657707036284
8,87,15.16160711324003
8,88,15.733779177232556
8,89,16.01452158227787
8,90,18.732124410141765
9,1,12.63181032665591
9,2,10.291423220104262
9,3,9.571580390594324
9,4,9.002283944729326
9,5,6.2028874054099585
9,6,5.125654300749389
9,7,5.417616488731287
9,8,3.811080760634457
9,10,3.7872792556512924
9,11,5.549231214282139
9,12,4.9541708985013235
9,13,6.409049250852814
9,14,8.639551927406771
9,15,9.858711124023053
9,16,10.505214516705456
9,17,12.442532299866311
9,18,14.180659897206153
9,19,14.888719174627424
9,20,16.47516380788023
9,21,18.564830864311638
9,22,19.66261874971139
9,23,20.58587980693652
9,24,22.863217642952215
9,25,24.103419310969567
9,26,24.87909004699106
9,27,26.236777159754553
9,28,28.627306118376296
9,29,32.00556779986938
9,30,31.705277621533394
9,31,34.42007967972264
9,32,33.185784491436024
9,33,29.479964021550796
9,34,27.752653088721598
9,35,24.26267368220895
9,36,25.694569957440933
9,37,24.40432190614497
9,38,20.997876214318904
9,39,20.333638863073084
9,40,20.950791136120916
9,41,19.23004107332495
9,42,15.946976339757345
9,43,16.867281989028577
9,44,17.731293216236203
9,45,14.500646186357116
9,46,12.68279212774851
9,47,15.572371224213002
9,48,15.440670063129698
9,49,11.795900718363121
9,50,12.367992771641175
9,51,15.598749257456323
9,52,17.818970116890377
9,53,19.481753767822127
9,54,22.656221812714808
9,55,24.469035500919425
9,56,25.278059080603605
9,57,23.703371439753088
9,58,23.13542393946013
9,59,24.070382043683214
9,60,27.61894586429724
9,61,27.642170821763408
9,62,26.844335764252424
9,63,24.247085053763453
9,64,22.786573093871983
9,65,22.50205167300813
9,66,21.20523750868868
9,67,18.3548953776938
9,68,18.031715266833086
9,69,17.822235986394276
9,70,15.061915410856216
9,71,12.972736673305391
9,72,14.003932473232195
9,73,13.377755387307458
9,74,9.851964661267138
9,75,9.4537399203542
9,76,11.494124919760406
9,77,10.021140837260218
9,78,6.330598500394215
9,79,7.99438779817569
9,80,10.646883409028783
9,81,8.900511385633726
9,82,7.614302544482024
9,83,11.168867116915198
9,84,12.856247774095593
9,85,11.837874221797891
9,86,12.494788427100397
9,87,15.700018406056286
9,88,16.850933173827904
9,89,16.50599453493816
9,90,18.85670949377531
10,1,14.634715213557499
10,2,12.002917968010449
10,3,10.417724278953418
10,4,10.536613574063699
10,5,8.758049220450877
10,6,6.457412327940656
10,7,5.294706153511373
10,8,5.288218037300907
10,9,3.7872792556512924
10,11,3.7954061066210096
10,12,5.3046293464594925
10,13,5.4667796307597305
10,14,6.2610296396293075
10,15,8.626813834653042
10,16,10.021925900388847
10,17,10.934257977311788
10,18,12.251204350909822
10,19,13.847128945565185
10,20,15.557740400974444
10,21,16.93386614479283
10,22,18.125384751646376
10,23,19.690476553633424
10,24,21.75995335212939
10,25,22.54802220134585
10,26,23.68344367330687
10,27,25.449904821359713
10,28,27.551767170389876
10,29,30.88291699928074
10,30,31.00816354098074
10,31,33.92923027980244
10,32,33.056246767667844
10,33,29.28751441263271
10,34,27.739662189730236
10,35,24.077202718174973
10,36,25.008789075336388
10,37,23.58662641368752
10,38,20.02087325327656
10,39,19.855508709262082
10,40,20.997132944025765
10,41,18.99460525179822
10,42,15.79008413193266
10,43,17.5150087548842
10,44,18.415286566190083
10,45,15.027135160340348
10,46,13.968920071726687
10,47,17.31326258042812
10,48,16.946405875344976
10,49,13.497185814873808
10,50,14.895724522817137
10,51,17.894045369873925
10,52,20.22098627530029
10,53,21.315610393319254
10,54,24.545313757622274
10,55,25.93341190584688
10,56,26.486885606014376
10,57,24.483345263906276
10,58,23.778803380365876
10,59,24.219440028835965
10,60,27.674951757683157
10,61,27.2559016725465
10,62,26.371707554005102
10,63,23.39750009737087
10,64,22.268407194177822
10,65,22.475816081056458
10,66,20.815429722962527
10,67,17.78676885576767
10,68,18.244498882059847
10,69,18.254926874510865
10,70,15.018446939735314
10,71,13.334905102817233
10,72,15.25675443522235
10,73,14.51437807196509
10,74,10.72446480504994
10,75,11.359857577178216
10,76,13.911447983337851
10,77,12.140128593548571
10,78,8.932381660976075
10,79,11.378522683835811
10,80,13.852038817089431
10,81,11.833030673226501
10,82,11.129005884547578
10,83,14.79563624018354
10,84,16.08655414634701
10,85,14.829741497380127
10,86,15.856256692678436
10,87,19.129966738345928
10,88,19.878369813289734
10,89,19.371070589410145
10,90,22.031036044906983
11,1,16.348458227610834
11,2,14.396594653263266
11,3,12.344750206699496
11,4,11.410108666986524
11,5,10.14759774035289
11,6,9.023383142927312
11,7,6.648578837257011
11,8,5.110755964436714
11,9,5.549231214282139
11,10,3.7954061066210096
11,12,3.8078436069850565
11,13,5.627319518667838
11,14,4.996057715084562
11,15,5.988057577289976
11,16,8.489810957656111
11,17,9.917740884035531
11,18,10.254230100320754
11,19,11.453653005628794
11,20,13.902150044033748
11,21,15.225717876779463
11,22,15.703751447732394
11,23,17.312508424967753
11,24,19.818592164285583
11,25,20.32670114831445
11,26,21.032904706940773
11,27,23.003489138268478
11,28,25.365171155156577
11,29,28.503502906746533
11,30,28.493216804405996
11,31,31.569719474536598
11,32,30.884161247482144
11,33,27.103365322821432
11,34,25.95403306441464
11,35,22.245256767337743
11,36,23.35236426690447
11,37,22.460802988256653
11,38,19.15776810098523
11,39,19.524928669359717
11,40,20.25516704874343
11,41,17.71420823186332
11,42,15.005848129986646
11,43,16.918417045544036
11,44,17.045326428982897
11,45,13.371476755693958
11,46,13.061009002872089
11,47,16.232283998598405
11,48,15.078954526403312
11,49,11.680432835427252
11,50,13.793564906581153
11,51,16.195351415604872
11,52,18.98366027480876
11,53,19.760300938953456
11,54,23.2445082195767
11,55,24.230108350556257
11,56,25.111588136481302
11,57,22.80597482944559
11,58,21.588642972627373
11,59,21.656677387509873
11,60,24.92772013859759
11,61,24.27113671445484
11,62,23.078835278218655
11,63,20.14827316333286
11,64,19.312313349146766
11,65,19.31349971989309
11,66,17.36637143088228
11,67,14.574214654333796
11,68,15.22238618211011
11,69,14.910158494729766
11,70,11.495288499766982
11,71,10.351155060921998
11,72,12.467866503132806
11,73,11.373168222334346
11,74,7.607718991788112
11,75,9.21815929047746
11,76,11.859573459164007
11,77,9.969087408745823
11,78,7.623285307895442
11,79,10.832825001449343
11,80,12.983911184978313
11,81,11.377048305858514
11,82,11.787245982254863
11,83,15.19232724577672
11,84,16.22614937462203
11,85,15.742382224521311
11,86,17.233297110057933
11,87,20.054593016173087
11,88,20.827330209116198
11,89,20.989126589169057
11,90,23.630913298102037
12,1,17.078555587212225
12,2,15.106268554862814
12,3,13.915043538593093
12,4,12.695076979287043
12,5,10.440010420609523
12,6,9.873813040901604
12,7,8.738439450765805
12,8,6.0232638490194095
12,9,4.9541708985013235
12,10,5.3046293464594925
12,11,3.8078436069850565
12,13,3.804896868795305
12,14,5.39451609204493
12,15,5.1600673026638875
12,16,6.047408210082552
12,17,8.563848460140981
12,18,9.849869308927788
12,19,10.066190684689628
12,20,12.013353592923425
12,21,14.188605309223428
12,22,14.929591010192198
12,23,15.755737142468368
12,24,18.253985361119835
12,25,19.425623956372107
12,26,19.992236587839972
12,27,21.391955658147097
12,28,23.8952016975959
12,29,27.193806741893066
12,30,26.850889391583433
12,31,29.65546710936161
12,32,28.581168569569886
12,33,24.841743270601004
12,34,23.37810375122559
12,35,19.79783817351153
12,36,21.272787030788017
12,37,20.364455942583266
12,38,17.165991822027827
12,39,17.046653297685637
12,40,17.376788529166195
12,41,15.110265239609102
12,42,12.243220940072822
12,43,13.61244882420562
12,44,13.82174368805911
12,45,10.26419717419499
12,46,9.418979414376002
12,47,12.54898810241547
12,48,11.740922860838461
12,49,8.296403866393272
12,50,10.221615185999456
12,51,12.876440026220422
12,52,15.390516443120934
12,53,16.25816213402377
12,54,19.649050107130492
12,55,20.87307821727328
12,56,21.717418337879376
12,57,19.684436720962523
12,58,18.768378590386412
12,59,19.362040653712185
12,60,22.8509042097975
12,61,22.73134516314637
12,62,21.967358136764176
12,63,19.334047708971344
12,64,17.848203817194968
12,65,17.70290962074558
12,66,16.44067325821117
12,67,13.446376490758066
12,68,13.294968765984718
12,69,13.422475876356376
12,70,10.588994866775403
12,71,8.31167808532297
12,72,10.099650538571364
12,73,9.983119986099977
12,74,6.342349668972914
12,75,6.474772298597759
12,76,9.673567754559512
12,77,8.943803580825918
12,78,6.235973192336193
12,79,8.552748602120227
12,80,11.4642231194334
12,81,10.856404960731927
12,82,10.727532625085878
12,83,13.697121137891706
12,84,15.510488359389038
12,85,15.501082292283812
12,86,16.312814811165428
12,87,19.033709343172685
12,88,20.484700149233436
12,89,20.73090540133692
12,90,22.86260952441818
13,1,18.999142691947114
13,2,16.402754585494044
13,3,15.460068643990514
13,4,15.083300477682608
13,5,12.596135645051403
13,6,11.011675606970414
13,7,10.427308165981872
13,8,8.786561220341648
13,9,6.409049250852814
13,10,5.4667796307597305
13,11,5.627319518667838
13,12,3.804896868795305
13,14,3.816672465082068
13,15,5.440875708006122
13,16,5.026996778520956
13,17,6.1055894251129565
13,18,8.459996054781096
13,19,9.52188778615957
13,20,10.504321986746843
13,21,12.403266543523108
13,22,14.045671724303048
13,23,15.08332635692157
13,24,16.896065018625954
13,25,18.218223132164805
13,26,19.469118027910966
13,27,20.78054850664943
13,28,22.79281595786793
13,29,26.28349482551671
13,30,26.32378334705304
13,31,29.03355728835711
13,32,27.980386735866954
13,33,24.245524537861588
13,34,22.47142521600829
13,35,18.85709028035904
13,36,19.797656242877082
13,37,18.295662129341537
13,38,14.780080702781042
13,39,14.501555496137703
13,40,15.53443112459692
13,41,13.595906726627216
13,42,10.324785866028222
13,43,12.212085875771928
13,44,13.255924480529469
13,45,10.071652321637805
13,46,9.272133839786793
13,47,12.934629428654361
13,48,12.897335222956013
13,49,10.08285123086376
13,50,11.967448183848056
13,51,14.833980028443946
13,52,16.69081385765374
13,53,17.128577681610135
13,54,20.151387798622622
13,55,21.306361609636085
13,56,21.48037124395455
13,57,19.395128412818085
13,58,18.996591358781327
13,59,19.616036089425904
13,60,23.210880191054574
13,61,23.10999162032456
13,62,22.81355365955052
13,63,19.921708907070567
13,64,18.192491364382715
13,65,18.78143057616718
13,66,17.79415568123166
13,67,14.334582734224165
13,68,14.568659014473013
13,69,15.560628309958275
13,70,12.783575237742491
13,71,10.176921890853155
13,72,12.59768524936824
13,73,13.190851703692278
13,74,9.730306056865421
13,75,9.570946302228455
13,76,13.057618615332286
13,77,12.71137775174257
13,78,9.819704736047706
13,79,11.543013495319924
13,80,14.821320186485986
13,81,14.15615814266566
13,82,13.319403516062788
13,83,16.369061638017513
13,84,18.511979296415152
13,85,18.050630903814973
13,86,18.402982664085556
13,87,21.46644669775612
13,88,23.01848519163913
13,89,22.742849717431874
13,90,24.80257646726414
14,1,20.66620660204012
14,2,18.21226834656475
14,3,16.52093259381657
14,4,16.120867153147422
14,5,14.400756094364372
14,6,12.655955153530021
14,7,10.990056457842234
14,8,9.787350577389441
14,9,8.639551927406771
14,10,6.2610296396293075
14,11,4.996057715084562
14,12,5.39451609204493
14,13,3.816672465082068
14,15,3.797579303700278
14,16,5.5794744386012844
14,17,5.340774143696769
14,18,6.01589502941171
14,19,8.165062702397895
14,20,9.93287235912272
14,21,10.789889068800486
14,22,11.997836673282444
14,23,13.887305992868992
14,24,15.789555497788804
14,25,16.344399359045276
14,26,17.69792530843601
14,27,19.63066622105832
14,28,21.52014147715695
14,29,24.812331735739242
14,30,25.200459008677836
14,31,28.229402925343678
14,32,27.671789969345262
14,33,23.89262585988852
14,34,22.606487656113412
14,35,18.834742647523218
14,36,19.367958006078112
14,37,18.12761940962161
14,38,14.67806361958688
14,39,15.358374171153603
14,40,16.61508273208157
14,41,14.05796913300584
14,42,11.405335310788782
14,43,14.092714394940346
14,44,14.560167802757991
14,45,11.174018165602375
14,46,11.595781951862863
14,47,15.199657626346553
14,48,14.420315526668599
14,49,11.83513141266072
14,50,14.483256541326847
14,51,16.774047146490197
14,52,19.019601746392656
14,53,18.96978287745399
14,54,22.152822674792276
14,55,22.735863493354852
14,56,22.966424442702948
14,57,20.37038942819139
14,58,19.473152668263864
14,59,19.342814501797996
14,60,22.66430065406123
14,61,21.942968552456787
14,62,21.305603988777367
14,63,18.067853253971382
14,64,16.943027788538743
14,65,17.857023118473553
14,66,16.28142842482261
14,67,12.869036381540537
14,68,14.065323138569749
14,69,14.945336357861706
14,70,11.685287689718606
14,71,10.01442584937638
14,72,13.149226103584297
14,73,13.256826052278381
14,74,9.836245795779538
14,75,11.00505601605223
14,76,14.478608129868903
14,77,13.634796917806558
14,78,11.390882619831151
14,79,13.947129238040954
14,80,16.754233002619234
14,81,15.79029989353182
14,82,15.690837232594443
14,83,18.918429077812426
14,84,20.543684075463737
14,85,20.10309508695495
14,86,21.034134568036485
14,87,24.019529826907863
14,88,25.182884257586977
14,89,25.08065528364999
14,90,27.47149188920751
15,1,21.836586577865226
15,2,19.86497705050952
15,3,18.196996753680956
15,4,17.017584429178527
15,5,15.300016543446572
15,6,14.442864950926225
15,7,12.578489520684137
15,8,10.342215296483152
15,9,9.858711124023053
15,10,8.626813834653042
15,11,5.988057577289976
15,12,5.1600673026638875
15,13,5.440875708006122
15,14,3.797579303700278
15,16,3.8197793768088952
15,17,5.397218194041179
15,18,5.053082619284468
15,19,5.467110984755138
15,20,8.184317829155857
15,21,9.6619346835515
15,22,9.956825280652426
15,23,11.330152563998281
15,24,13.902313707799497
15,25,14.56513076719609
15,26,15.212202469306336
15,27,17.040376980988142
15,28,19.40888534209046
15,29,22.5829289319639
15,30,22.555921963379152
15,31,25.615140460664254
15,32,25.009017734446427
15,33,21.220714572133744
15,34,20.210065714054977
15,35,16.455342760052325
15,36,17.49954074518507
15,37,16.931104769868938
15,38,13.932269665574376
15,39,14.873460465745596
15,40,15.3162696956053
15,41,12.302271771670464
15,42,10.255188639642387
15,43,12.70264244943516
15,44,12.240698170831095
15,45,8.59427385150622
15,46,9.741060479819895
15,47,12.941874660879519
15,48,11.440621515456158
15,49,9.105800126752259
15,50,12.323548251311871
15,51,13.968770248242365
15,52,16.491123113314625
15,53,16.162894808750647
15,54,19.535749374667397
15,55,19.827601462651636
15,56,20.443736151827977
15,57,17.693885395186687
15,58,16.344223855523545
15,59,16.08454087691354
15,60,19.3561379590715
15,61,18.68763139775212
15,62,17.913653478727966
15,63,14.889752110593484
15,64,13.682352629614439
15,65,14.228999130019236
15,66,12.704575740403317
15,67,9.349971870921932
15,68,10.339344626508836
15,69,11.167768059126528
15,70,8.028929573227558
15,71,6.313301238402256
15,72,9.690924612941023
15,73,10.055043713717417
15,74,7.129128510185796
15,75,8.541350040003705
15,76,12.07260565933416
15,77,11.756272550852772
15,78,10.365004550543677
15,79,12.872153898056762
15,80,15.485630248393326
15,81,15.230256315424777
15,82,15.697282364789064
15,83,18.470601095624914
15,84,20.110975096882466
15,85,20.380795888070455
15,86,21.400927608761023
15,87,23.96291127467754
15,88,25.357154712569635
15,89,25.78273480192039
15,90,27.9632406770037
16,1,22.988293111417786
16,2,20.79133643956436
16,3,19.77272746184261
16,4,18.740680280465003
16,5,16.351269073465446
16,6,15.492081551226281
16,7,14.495477809444504
16,8,12.053975959633194
16,9,10.505214516705456
16,10,10.021925900388847
16,11,8.489810957656111
16,12,6.047408210082552
16,13,5.026996778520956
16,14,5.5794744386012844
16,15,3.8197793768088952
16,17,3.794629962495024
16,18,5.71758760703505
16,19,5.039996650625591
16,20,6.028872426428788
16,21,8.676807901417188
16,22,9.918165611818308
16,23,10.29349521950429
16,24,12.400833197781271
16,25,14.012051336519027
16,26,14.879372232837492
16,27,15.92245504797696
16,28,18.171122517033915
16,29,21.630506629219397
16,30,21.42713819005092
16,31,24.114864539584623
16,32,23.066143167671136
16,33,19.313397277807184
16,34,17.734172848019533
16,35,14.068343102244146
16,36,15.278961382105456
16,37,14.343910816092494
16,38,11.262190306446406
16,39,11.552490995479046
16,40,11.858326676950048
16,41,9.245474632967666
16,42,6.686904209481973
16,43,8.963432762600915
16,44,9.015171684668948
16,45,5.615170708792952
16,46,6.490506033636609
16,47,9.982751189215943
16,48,9.338526388287766
16,49,7.589490246474904
16,50,10.511022437623636
16,51,12.392897979408177
16,52,14.187354308638358
16,53,13.65540998914876
16,54,16.707806376959432
16,55,17.207979549810265
16,56,17.398840429713495
16,57,14.889995654572967
16,58,14.2069468913635
16,59,14.622301997535793
16,60,18.211960574854462
16,61,18.202536225469707
16,62,18.18272699206418
16,63,15.454657575116325
16,64,13.362894783463242
16,65,14.12790137716316
16,66,13.618146814106481
16,67,9.988685556891625
16,68,10.10093041049348
16,69,11.885294277782794
16,70,9.69875115137464
16,71,6.684131780452382
16,72,9.67908584703281
16,73,11.314295940621486
16,74,8.82763873635084
16,75,8.621627261450358
16,76,12.408486177258666
16,77,13.089630378409876
16,78,11.344861554755038
16,79,12.828507547910196
16,80,15.994902134920059
16,81,16.32283325012204
16,82,16.110397497455214
16,83,18.54420105873432
16,84,20.8170845133555
16,85,21.175888467044423
16,86,21.533549530362492
16,87,24.12586437764864
16,88,26.01441741714897
16,89,26.264666770093864
16,90,28.031064849559783
17,1,25.0254709199943
17,2,22.463177858597152
17,3,21.283356400565317
17,4,20.79700577770336
17,5,18.559014976309648
17,6,17.0056542425757
17,7,15.935316313253539
17,8,14.233616088928127
17,9,12.442532299866311
17,10,10.934257977311788
17,11,9.917740884035531
17,12,8.563848460140981
17,13,6.1055894251129565
17,14,5.340774143696769
17,15,5.397218194041179
17,16,3.794629962495024
17,18,3.824489576923974
17,19,5.2956687767087525
17,20,5.147865396965281
17,21,6.395580734096355
17,22,8.70764481790902
17,23,9.96294285827225
17,24,11.150836219457243
17,25,12.414902739581338
17,26,14.193594128946346
17,27,15.529447652499684
17,28,17.08357098069026
17,29,20.612576695836747
17,30,21.061208027614025
17,31,23.819640127973813
17,32,23.114831203795738
17,33,19.39807495108115
17,34,17.81687230561659
17,35,14.100995810843772
17,36,14.337951113121433
17,37,12.830295925575816
17,38,9.346251637763332
17,39,10.212778141641776
17,40,11.614721069742835
17,41,9.089002201327103
17,42,6.6664342729663515
17,43,10.016577738715393
17,44,10.682467619151241
17,45,8.073072519102208
17,46,9.365956223211224
17,47,12.879865998987666
17,48,12.592264412087722
17,49,11.312586682712054
17,50,14.130327327570708
17,51,15.999430339598183
17,52,17.478122537299214
17,53,16.544494233613317
17,54,19.235347781722513
17,55,19.40943050764222
17,56,18.998295724981908
17,57,16.25867705413198
17,58,15.84136719365564
17,59,15.804941699271822
17,60,19.203691927439298
17,61,18.82233575673503
17,62,19.039119126990066
17,63,15.920292790491807
17,64,14.057993649942656
17,65,15.708318156236666
17,66,15.078572861785231
17,67,11.285396638632873
17,68,12.349313374695399
17,69,14.526814927984537
17,70,12.160847377956843
17,71,9.788031746448866
17,72,13.163624112021285
17,73,14.640868082179598
17,74,12.0485333972128
17,75,12.328648898098747
17,76,16.11337272105119
17,77,16.46047865730099
17,78,14.51950924775134
17,79,16.235848551425462
17,80,19.44511348322189
17,81,19.36500683615399
17,82,18.97652003581199
17,83,21.709630169066415
17,84,23.923924740017203
17,85,23.878128141913933
17,86,24.241298196870776
17,87,27.106360282041013
17,88,28.82638471238848
17,89,28.750019076668767
17,90,30.68267300569941
18,1,26.391367256123456
18,2,24.10790594412962
18,3,22.390462894651407
18,4,21.63457423847589
18,5,19.948142362630477
18,6,18.566615085496274
18,7,16.74853087229181
18,8,15.068196118031718
18,9,14.180659897206153
18,10,12.251204350909822
18,11,10.254230100320754
18,12,9.849869308927788
18,13,8.459996054781096
18,14,6.01589502941171
18,15,5.053082619284468
18,16,5.71758760703505
18,17,3.824489576923974
18,19,3.7839502771522833
18,20,5.519808781743841
18,21,5.151388580151575
18,22,6.078275870907445
18,23,8.466355990502127
18,24,10.172827482794556
18,25,10.34366404765738
18,26,11.893741798206158
18,27,14.031071283731197
18,28,15.696017524912797
18,29,18.899714602744652
18,30,19.5478172359888
18,31,22.69866202705803
18,32,22.537745235045517
18,33,18.805283900484177
18,34,17.96547634423694
18,35,14.177923312858033
18,36,14.22095210931788
18,37,13.479707319108648
18,38,10.546176627076928
18,39,12.516136033004042
18,40,13.596450718784244
18,41,10.371769773380572
18,42,9.169492868059827
18,43,12.613846315077893
18,44,12.261714188074993
18,45,9.472339132936918
18,46,11.724661529838077
18,47,14.867709266598741
18,48,13.645897646960627
18,49,12.504578443917627
18,50,15.878650085373085
18,51,17.133701768561803
18,52,19.103689268608438
18,53,17.85554684788306
18,54,20.76707052622308
18,55,20.376981929651578
18,56,20.29908599925061
18,57,17.108017162896008
18,58,15.930679698721143
18,59,15.006835997344156
18,60,18.0014471238647
18,61,16.909565205459785
18,62,16.631488862285288
18,63,13.190662945096086
18,64,12.076898403083248
18,65,13.932564569541347
18,66,12.650307113107015
18,67,9.028536823506059
18,68,11.152656874381796
18,69,13.081424862124363
18,70,10.451357040160156
18,71,9.227328300990536
18,72,13.005451533468769
18,73,13.996152428951925
18,74,11.756527943493937
18,75,13.05989178097244
18,76,16.646202429951718
18,77,16.66299154541181
18,78,15.397713934056279
18,79,17.697521894280897
18,80,20.45171398857337
18,81,20.271778038827627
18,82,20.56214413699027
18,83,23.349636116158912
18,84,25.128701828122026
18,85,25.274617982612785
18,86,26.14174860343468
18,87,28.83722822810133
18,88,30.28339563740968
18,89,30.511163206374498
18,90,32.67859219525631
19,1,27.079317532879767
19,2,25.101298426647467
19,3,23.61764941182324
19,4,22.346511429965386
19,5,20.45760496764273
19,6,19.70589223870578
19,7,18.03449321649315
19,8,15.638770231907644
19,9,14.888719174627424
19,10,13.847128945565185
19,11,11.453653005628794
19,12,10.066190684689628
19,13,9.52188778615957
19,14,8.165062702397895
19,15,5.467110984755138
19,16,5.039996650625591
19,17,5.2956687767087525
19,18,3.7839502771522833
19,20,3.7911388005498456
19,21,5.322593950894701
19,22,5.097968372625969
19,23,5.879783716394206
19,24,8.557978775442335
19,25,9.468144644699107
19,26,10.030983015243992
19,27,11.624234868876886
19,28,13.96942045357887
19,29,17.189678809593318
19,30,17.1751467009267
19,31,20.21950950640754
19,32,19.756497702255707
19,33,15.972398763768926
19,34,15.200456082089008
19,35,11.415993138214365
19,36,12.283533528304481
19,37,12.262691854570958
19,38,9.928125787256798
19,39,11.762406159528917
19,40,11.769147696114269
19,41,8.174616657622613
19,42,7.7049467558511475
19,43,10.602427339312712
19,44,9.310163366059376
19,45,6.541332909305164
19,46,9.551234190034108
19,47,12.103670733143417
19,48,10.44516287384717
19,49,9.99439023457134
19,50,13.556743240040214
19,51,14.188990405927765
19,52,16.10887653449936
19,53,14.523457645604491
19,54,17.471616433542984
19,55,16.851684480757655
19,56,17.065788704369428
19,57,13.794939306213683
19,58,12.305453635530554
19,59,11.472846176546408
19,60,14.639794454397556
19,61,13.928641709425555
19,62,13.823291814767144
19,63,10.774887438573476
19,64,8.999714924645506
19,65,10.543010286966426
19,66,9.847714894962603
19,67,6.045409488269697
19,68,7.583645188639402
