1,2,3.8175836342616845
1,3,6.393198619262431
1,4,8.622543218082528
1,5,11.997446088945008
1,6,14.315148564264117
1,7,15.350277713337565
1,8,18.74071380140001
1,9,22.09089807043574
1,10,24.89448278947628
1,11,28.280392459432882
1,12,28.820132461192642
1,13,26.249063179465963
1,14,24.340454731086762
1,15,20.968579467585197
1,16,19.746153725684817
1,17,17.544955406675538
1,18,19.538073285107863
1,19,17.03842867555471
1,20,13.715303804270539
1,21,10.92634948653418
1,22,10.443248586253958
1,23,8.30518462677608
1,24,9.830478772382248
1,25,11.906454283235947
1,26,15.414204510850766
1,27,17.462398675576996
1,28,21.10120958176001
1,29,23.048644388776594
1,30,26.864467364066726
1,31,29.535504301810292
1,32,31.987225818612774
1,33,34.52452620063111
1,34,28.03992159026187
1,35,29.018232996638393
1,36,27.948566599666858
1,37,25.919859066225744
1,38,22.183098969911942
1,39,19.75631604804776
1,40,17.31421426021398
1,41,16.688978727914247
1,42,13.814141074338323
1,43,13.538929970249024
1,44,13.786055066247846
1,45,16.74974059247942
1,46,18.84106583656728
1,47,19.219106614992903
1,48,20.10611259507874
1,49,20.53434066303455
1,50,17.796007883837753
1,51,18.60927620980459
1,52,17.88900032453162
1,53,18.476008406897705
1,54,20.520591523186965
1,55,23.031524942527966
1,56,23.615551749734713
1,57,27.137722888106087
1,58,29.189823361479785
1,59,32.72484769696594
1,60,35.1876383551504
1,61,15.86317195374508
1,62,15.254792956773398
1,63,17.386684848915415
1,64,19.439390124766124
1,65,20.55662591868908
1,66,24.170375785852737
1,67,25.7930217681197
1,68,26.95762581322365
1,69,30.169005564186875
1,70,29.47926645193619
1,71,26.59854528395033
1,72,26.141214746026208
1,73,25.372779217978927
1,74,22.544320574264052
1,75,19.71516668120998
1,76,16.96726169823826
1,77,13.91751489056192
1,78,10.43898026864383
1,79,8.802003589034022
1,80,5.5418196744384565
1,81,5.544533032204163
1,82,8.911407845945506
1,83,10.573074010234867
1,84,14.202575039490563
1,85,16.599049733245394
1,86,20.38647490347492
1,87,23.00996314802408
1,88,26.55779286029818
1,89,29.74373968122054
1,90,31.518257542928442
1,91,35.34167366742916
1,92,37.09683823867101
1,93,34.65005502447125
1,94,34.170906073974884
1,95,32.68857140947945
1,96,34.5400127239807
1,97,33.104178484200915
1,98,31.543664416487033
1,99,28.963720588322044
1,100,25.74416664367099
1,101,23.687810464108665
1,102,20.006002362589218
1,103,16.945497959733654
1,104,13.756759579080464
1,105,10.365942765183778
1,106,9.822429515298941
1,107,8.810724587717509
1,108,12.499772567211522
1,109,13.294799287653857
1,110,11.126846611156571
1,111,9.77093198562621
1,112,8.935607180070265
1,113,12.053956803400201
1,114,13.784759768134402
1,115,16.977122870356308
1,116,20.58261506520328
2,1,3.8175836342616845
2,3,3.8281545647157693
2,4,5.676406674028102
2,5,8.985957573451959
2,6,11.125691550100399
2,7,12.690648133408812
2,8,16.28131261354296
2,9,19.415793055575122
2,10,22.524511192794144
2,11,25.674852006739965
2,12,26.055968962539346
2,13,23.698292410966648
2,14,21.61949640652832
2,15,18.475940081604065
2,16,17.406270424665628
2,17,15.729020857182189
2,18,18.14973490526121
2,19,15.990832368616303
2,20,12.470121353039074
2,21,10.606818158286988
2,22,10.430465297636808
2,23,7.6320231678183585
2,24,7.76051522753354
2,25,9.101627000051442
2,26,12.295946679495518
2,27,14.0933263757146
2,28,17.829460898540596
2,29,19.498203643001492
2,30,23.300225239883652
2,31,25.85405091282208
2,32,28.28835203533971
2,33,30.924458968049226
2,34,24.981184170536558
2,35,26.10723129823615
2,36,25.404888513364263
2,37,23.3171724036504
2,38,19.695476090697767
2,39,16.942682797820837
2,40,14.505117802547083
2,41,14.29844023641101
2,42,12.050335383050392
2,43,12.3954180473646
2,44,13.623067373048123
2,45,17.093687540041966
2,46,19.798186488639065
2,47,20.704942594766585
2,48,21.25775498118507
2,49,21.017494341491883
2,50,17.809057840169427
2,51,17.884637668367144
2,52,16.47482428081289
2,53,17.136733444834768
2,54,18.616062873033016
2,55,20.719435599603283
2,56,20.81899485150596
2,57,24.195217534891746
2,58,25.97478880875621
2,59,29.48149890485364
2,60,31.799740239032772
2,61,16.597982111094886
2,62,15.102432197157812
2,63,16.468420183798138
2,64,17.83262351831351
2,65,18.390885563196438
2,66,21.80715626345657
2,67,23.005880918318486
2,68,24.06452043910013
2,69,27.09834623241319
2,70,26.13619405669401
2,71,23.13281982269007
2,72,22.51367531902658
2,73,21.875949186525986
2,74,19.03643316297206
2,75,16.217016466853124
2,76,13.28065295702438
2,77,10.469643602067114
2,78,6.830421494188536
2,79,5.9288894257797455
2,80,4.152326364417704
2,81,6.00043249667553
2,82,9.64078099787767
2,83,9.976596692427977
2,84,13.407080316761878
2,85,15.020325991920577
2,86,18.824955137800167
2,87,21.084050629405862
2,88,24.474904644086923
2,89,27.453226184221638
2,90,28.942395779938682
2,91,32.714495256716674
2,92,34.6253815826186
2,93,32.440095719907774
2,94,32.036479731132054
2,95,30.90941111046316
2,96,32.97723293807343
2,97,31.931099072969356
2,98,30.359437103080978
2,99,28.14072097538246
2,100,25.01797010443793
2,101,22.61295675074846
2,102,18.960251651359876
2,103,15.742728266348454
2,104,13.175134442464326
2,105,9.715190547304818
2,106,10.438922748025982
2,107,10.157308910651746
2,108,13.529933506202415
2,109,14.733427607520802
2,110,12.538889526314058
2,111,10.087661883272329
2,112,8.383200637848939
2,113,11.106491197998706
2,114,12.565115494134757
2,115,16.04654985593561
2,116,19.501930729387386
3,1,6.393198619262431
3,2,3.8281545647157693
3,4,3.766331390124876
3,5,5.996111699956671
3,6,7.956647746545296
3,7,9.168905855896584
3,8,12.602681454758022
3,9,15.903731370582461
3,10,18.92258726488989
3,11,22.15641285322753
3,12,22.807459844647873
3,13,20.538732491754065
3,14,18.832623889968218
3,15,15.799795588809493
3,16,15.376033065019174
3,17,14.18758714517068
3,18,17.13910685875304
3,19,15.716992320500788
3,20,12.649552334523781
3,21,11.496323088657022
3,22,12.497011199260378
3,23,10.340601588234893
3,24,9.313645361041768
3,25,10.657569857132772
3,26,13.058408051792055
3,27,14.838287198162988
3,28,18.616367910757873
3,29,19.626419866858743
3,30,23.30887757036525
3,31,25.411131674195296
3,32,27.94620049338298
3,33,30.910148340449492
3,34,26.189260661726898
3,35,27.608364491681822
3,36,27.392260795918897
3,37,25.191152801295942
3,38,21.754601008395806
3,39,18.750299597805554
3,40,16.23127914339403
3,41,16.131319433216838
3,42,14.420980668670115
3,43,14.532676714566154
3,44,16.330077184861587
3,45,19.858089249800702
3,46,22.669301916580388
3,47,23.339900184239863
3,48,23.40526471637309
3,49,23.1366257745262
3,50,19.838012776062836
3,51,19.875471118825942
3,52,18.411502990291726
3,53,19.59955269297017
3,54,20.837284719803893
3,55,22.416627370442562
3,56,22.0738934749569
3,57,25.281614151575184
3,58,26.68926573895079
3,59,30.18866042586923
3,60,32.28147793847263
3,61,17.90703705683056
3,62,16.081442591708875
3,63,17.32942075917995
3,64,18.206108262533633
3,65,18.82158743814415
3,66,22.16877988991928
3,67,23.09494556855844
3,68,24.511867219696914
3,69,27.41772631488478
3,70,26.158084455695704
3,71,22.83592635215663
3,72,21.64832930095238
3,73,20.603626026210087
3,74,17.353967302403117
3,75,15.130387111346772
3,76,12.394019841551525
3,77,9.889699811605942
3,78,6.792294985988144
3,79,5.248372105292493
3,80,4.804833986266749
3,81,5.381639743250626
3,82,8.742915932039093
3,83,8.708328325296252
3,84,11.462496479275465
3,85,12.624064567894612
3,86,16.34712854282406
3,87,18.24205103860104
3,88,21.73022975367446
3,89,24.54782151814785
3,90,26.251130807396745
3,91,30.00640901660222
3,92,31.67053328313772
3,93,29.451838604848813
3,94,28.778225938946637
3,95,27.697605402308277
3,96,29.615179052497727
3,97,28.640889927795943
3,98,27.310172998823713
3,99,25.164749075567897
3,100,22.28293062117591
3,101,19.5759795633427
3,102,16.091055212884353
3,103,12.60921854473547
3,104,10.363384528489886
3,105,6.799860686280684
3,106,8.16977524642326
3,107,8.576793759453528
3,108,11.387597207139876
3,109,13.213456244934074
3,110,11.669840360626237
3,111,8.507541856958728
3,112,5.675274465340103
3,113,7.62766524920217
3,114,8.922865899132848
3,115,12.533057121197283
3,116,15.979120325029431
4,1,8.622543218082528
4,2,5.676406674028102
4,3,3.766331390124876
4,5,3.8136252910550565
4,6,7.087583845734964
4,7,9.634640762890298
4,8,12.70946767061787
4,9,15.909925203513684
4,10,19.22649479392378
4,11,22.133459643202723
4,12,23.014311078287353
4,13,21.293783355904498
4,14,19.73234964898203
4,15,17.21752715308601
4,16,17.288222217777058
4,17,16.767639053586105
4,18,19.97407514100006
4,19,18.77879280029524
4,20,15.626201661378632
4,21,14.809679573991307
4,22,15.409053250044094
4,23,12.660401767038298
4,24,11.44083811412429
4,25,11.598502719471837
4,26,13.573003636374898
4,27,14.392125232359229
4,28,18.133939628163535
4,29,18.72182449728044
4,30,22.298512788564913
4,31,24.20007244325398
4,32,26.34597663608138
4,33,29.393953772624222
4,34,25.2825254116724
4,35,26.391961086385663
4,36,26.403265094113607
4,37,24.59648079799849
4,38,21.378604962405344
4,39,17.995183937705555
4,40,16.11369110629679
4,41,16.881072116363576
4,42,15.721675342955661
4,43,16.648883958843328
4,44,18.59870363265205
4,45,22.262151744831268
4,46,25.214207773064544
4,47,26.235972040986496
4,48,26.531474980301873
4,49,26.03425388571994
4,50,22.604733003207105
4,51,22.19836473573743
4,52,20.225522589807163
4,53,20.959281567968084
4,54,21.62718555767664
4,55,23.04423370219127
4,56,22.205103195377117
4,57,25.08676157041564
4,58,26.07335408486237
4,59,29.340794051320806
4,60,31.078640730373824
4,61,21.325882337401406
4,62,19.31657175755544
4,63,20.1521158944418
4,64,20.633404873605237
4,65,20.63978636894011
4,66,23.652579591554105
4,67,24.037922930752668
4,68,25.037620683852783
4,69,27.574648430351857
4,70,25.87021371692906
4,71,22.48557940947682
4,72,21.029057661270418
4,73,20.47287537521264
4,74,17.212024352001034
4,75,15.18818575756635
4,76,11.929403454918374
4,77,10.459657052307442
4,78,7.3423114719233
4,79,7.662083929779004
4,80,8.175495904273049
4,81,9.054140933272686
4,82,12.458305936566672
4,83,12.277376463616285
4,84,14.699565961433906
4,85,15.231933553677125
4,86,18.762492580542368
4,87,20.083294136858843
4,88,23.38864295842584
4,89,25.804565999828448
4,90,27.269939848452328
4,91,30.887657575880546
4,92,32.55389115468818
4,93,30.651755279723094
4,94,29.79650432976778
4,95,29.12516042272292
4,96,30.993978303441853
4,97,30.34512232830934
4,98,29.301933840933515
4,99,27.409567915128168
4,100,24.818838034869373
4,101,21.778160309902145
4,102,18.558002504711602
4,103,14.911744642049532
4,104,13.213237457487468
4,105,9.723408059649607
4,106,10.902219584091272
4,107,10.574427940855337
4,108,12.718189501020657
4,109,13.893089672836597
4,110,11.821708950050366
4,111,8.305489720389483
4,112,6.350538358159582
4,113,8.429068736666535
4,114,10.42343736101152
4,115,14.213364773082708
4,116,17.56194330128781
5,1,11.997446088945008
5,2,8.985957573451959
5,3,5.996111699956671
5,4,3.8136252910550565
5,6,3.816440262047352
5,7,6.780056012367482
5,8,9.395391164457699
5,9,12.448202115692155
5,10,15.848092481178034
5,11,18.575841648301825
5,12,19.628329964812515
5,13,18.23223289850255
5,14,16.99807456067568
5,15,14.938101058972386
5,16,15.744391012141392
5,17,16.00634276761515
5,18,19.56809174427421
5,19,19.103228499657103
5,20,16.41258540716458
5,21,16.366271418371944
5,22,17.609451358212077
5,23,15.223349707561516
5,24,13.212984420059957
5,25,13.144368441620719
5,26,14.194006227482848
5,27,14.802730667067086
5,28,18.336941121641477
5,29,18.189013785457867
5,30,21.490456280599492
5,31,22.86004050671125
5,32,25.042612134543813
5,33,28.367900120255843
5,34,25.630179077883184
5,35,27.034281919041725
5,36,27.56771999512436
5,37,25.666411923641526
5,38,22.738804958451396
5,39,19.242799610230573
5,40,17.37697796725233
5,41,18.26758411124878
5,42,17.702458049082807
5,43,18.561718837313705
5,44,21.008710678988322
5,45,24.738315954395077
5,46,27.870926881580893
5,47,28.873341746400705
5,48,28.76613486758561
5,49,28.064569893633575
5,50,24.522099662474606
5,51,23.899531125625757
5,52,21.772620525030074
5,53,22.870253980748533
5,54,23.207720992098366
5,55,24.059870615108608
5,56,22.756613738461485
5,57,25.350758226415707
5,58,25.901841624144364
5,59,29.07398534792293
5,60,30.535994926562424
5,61,23.06480514090813
5,62,20.683085342634097
5,63,21.15932082765248
5,64,21.0490806895613
5,65,20.87216966189501
5,66,23.611864660349326
5,67,23.58838429662546
5,68,24.7920475724689
5,69,27.074372711892444
5,70,25.052483173838926
5,71,21.44472297692046
5,72,19.43286200380769
5,73,18.607718792196554
5,74,15.084068658780804
5,75,13.818829425618025
5,76,10.91669830927867
5,77,10.258870605169113
5,78,8.309545757383242
5,79,8.714716343814045
5,80,10.328245205406368
5,81,10.979969705410923
5,82,13.717517522885585
5,83,12.893581038453949
5,84,14.41422984334547
5,85,14.080164305303983
5,86,17.20934619901153
5,87,17.872092680373424
5,88,21.004645361717497
5,89,23.053252069771908
5,90,24.49349904023522
5,91,27.99231942388885
5,92,29.50704825513154
5,93,27.766406401408528
5,94,26.72737079452606
5,95,26.33481119151695
5,96,28.162265849684818
5,97,27.819725423616365
5,98,27.000144460317397
5,99,25.427802495255275
5,100,23.183166765288433
5,101,19.834281203102474
5,102,16.98998298263153
5,103,13.351053509092708
5,104,12.577640908328291
5,105,9.72728558229575
5,106,11.634001416910184
5,107,12.057758395197354
5,108,13.387535503163633
5,109,15.050586465951005
5,110,13.679778189230309
5,111,9.886712441179311
5,112,7.332553176357405
5,113,7.6234275018981545
5,114,8.912879227719067
5,115,12.474393542388665
5,116,15.395556895124988
6,1,14.315148564264117
6,2,11.125691550100399
6,3,7.956647746545296
6,4,7.087583845734964
6,5,3.816440262047352
6,7,3.838797662946068
6,8,6.620180318162399
6,9,9.137612502339964
6,10,12.73760469823283
6,11,15.312530594355302
6,12,16.016474856315504
6,13,14.594381766130837
6,14,13.24997062664938
6,15,11.440889011236
6,16,12.617869028134995
6,17,13.549956697600466
6,18,17.27700188571082
6,19,17.446397355478847
6,20,15.26263527710477
6,21,16.068952084491958
6,22,17.858106869328687
6,23,15.971104824078523
6,24,13.228700176938302
6,25,13.120256388636323
6,26,13.30176412183077
6,27,14.09992826781255
6,28,17.33902565040975
6,29,16.758096137696914
6,30,19.8235478355778
6,31,20.866053898546866
6,32,23.353307861165124
6,33,26.808020933148363
6,34,24.897387009973183
6,35,26.77409148910291
6,36,27.668901776146857
6,37,25.45039079187838
6,38,22.735371484856245
6,39,19.398266933533694
6,40,17.261807105371904
6,41,17.90126763769377
6,42,17.820210323929565
6,43,18.433735012742183
6,44,21.349253636221288
6,45,25.062094895309855
6,46,28.369548170618405
6,47,29.38562052779274
6,48,28.80473183282678
6,49,27.81522662150869
6,50,24.203153640881578
6,51,23.361914072200786
6,52,21.190973904711306
6,53,22.751800228390138
6,54,22.906295304201876
6,55,23.22191932385794
6,56,21.69194769665331
6,57,24.130171245628215
6,58,24.501753514174503
6,59,27.698985810708653
6,60,29.14072584432083
6,61,22.752970302249942
6,62,19.96971208102691
6,63,19.98826579661317
6,64,19.29880076245154
6,65,19.000581326576587
6,66,21.489463019047427
6,67,21.24286598032503
6,68,22.766776128233357
6,69,24.954969567612984
6,70,22.8966560538078
6,71,19.16767893530614
6,72,16.866701938147745
6,73,15.556536259816824
6,74,11.85740886916761
6,75,11.173519438965142
6,76,9.030119092425302
6,77,8.802711212586871
6,78,8.319408311261515
6,79,8.590172058171724
6,80,11.204483694000103
6,81,12.122753751613239
6,82,14.064908603629693
6,83,12.317650003784236
6,84,12.998750040569176
6,85,11.7383070370851
6,86,14.443120992018356
6,87,14.656342733388062
6,88,17.54371291880415
6,89,19.43369438805641
6,90,20.728731014484698
6,91,24.204604753792182
6,92,25.798825654076083
6,93,24.1656177583608
6,94,23.285780538809284
6,95,23.08733371331957
6,96,25.155932681550297
6,97,25.112219190178553
6,98,24.15472240285502
6,99,22.953619563219824
6,100,20.823966629182706
6,101,17.379176758549473
6,102,14.760186124811563
6,103,11.456616369474888
6,104,11.702830235656782
6,105,9.848626849396325
6,106,12.705145641294221
6,107,14.136077611567684
6,108,15.321534480354293
6,109,17.614811734102336
6,110,16.799484098334037
6,111,13.03002092943325
6,112,9.88038161989594
6,113,8.881998554101207
6,114,8.51806894694672
6,115,11.435920542841815
6,116,13.656180309482991
7,1,15.350277713337565
7,2,12.690648133408812
7,3,9.168905855896584
7,4,9.634640762890298
7,5,6.780056012367482
7,6,3.838797662946068
7,8,3.847956384801505
7,9,6.755424428059142
7,10,9.8979803960349
7,11,13.000794509832996
7,12,13.761822466990992
7,13,11.804733690660814
7,14,10.84125128182
7,15,8.71068949273127
7,16,10.382522098662564
7,17,11.421871874148845
7,18,15.20358358101205
7,19,15.941977336546376
7,20,14.465240579318154
7,21,15.528121800773096
7,22,18.031632199935412
7,23,16.901851870128873
7,24,14.119544743940265
7,25,14.816312424155264
7,26,14.96036633797151
7,27,16.436146876879572
7,28,19.535153707077363
7,29,18.99652012010755
7,30,21.921163800383052
7,31,22.803716547432092
7,32,25.598876709078674
7,33,29.0747686173444
7,34,27.362836955112517
7,35,29.564019951378185
7,36,30.459231034276048
7,37,27.939723844074834
7,38,25.177718291872274
7,39,22.106284936240236
7,40,19.550807441243965
7,41,19.552857979804166
7,42,19.259525047105257
7,43,19.15313710208926
7,44,22.060754551001768
7,45,25.580372507026087
7,46,28.745801140775146
7,47,29.361692663596184
7,48,28.37023374576146
7,49,27.563576294315844
7,50,24.120152089813086
7,51,23.63073307816349
7,52,21.91677985296161
7,53,24.01482479833653
7,54,24.512862470278026
7,55,24.718833378722277
7,56,23.430270726117044
7,57,25.9759745938483
7,58,26.491769160678917
7,59,29.794866270787768
7,60,31.374985836639105
7,61,21.857118979894455
7,62,19.141290495151168
7,63,19.35336570022141
7,64,18.646573236336465
7,65,18.912881527644018
7,66,21.50788281721507
7,67,21.557569052443817
7,68,23.65195282799886
7,69,26.010864691368585
7,70,24.227953207400663
7,71,20.500194773359514
7,72,18.15525903549284
7,73,16.07932139107568
7,74,12.28905889421938
7,75,12.134248529621168
7,76,11.03187757938411
7,77,10.2435357175908
7,78,10.317878881068841
7,79,9.276195453099936
7,80,11.62778847333689
7,81,11.807591452742045
7,82,12.738198851841238
7,83,10.75459946972447
7,84,10.420451563336893
7,85,8.746925319593219
7,86,11.120547705348217
7,87,11.226518796958585
7,88,14.362460981174552
7,89,16.44364377056435
7,90,18.233620938397273
7,91,21.81713810983602
7,92,23.14056812089532
7,93,21.149100684972804
7,94,20.16377394955232
7,95,19.623900668903477
7,96,21.621875106702813
7,97,21.390113674360776
7,98,20.396089927964557
7,99,19.118885068248655
7,100,17.042987217319514
7,101,13.55325295866568
7,102,11.061815914271046
7,103,7.865027955612355
7,104,8.869260279148524
7,105,8.146265807783497
7,106,11.423432857109022
7,107,13.721299051591513
7,108,14.565517725565783
7,109,17.484573014451527
7,110,17.45622065799057
7,111,13.914275074041567
7,112,10.33394025404679
7,113,8.1466861478278
7,114,6.189623715285097
7,115,8.268211953172397
7,116,10.064685372855207
8,1,18.74071380140001
8,2,16.28131261354296
8,3,12.602681454758022
8,4,12.70946767061787
8,5,9.395391164457699
8,6,6.620180318162399
8,7,3.847956384801505
8,9,3.8135803214207273
8,10,6.552042601730054
8,11,9.763500810781577
8,12,11.307135123846761
8,13,9.904894361703356
8,14,10.198619140180567
8,15,9.116241939429127
8,16,11.909560515797617
8,17,13.617608155551121
8,18,17.309605455378886
8,19,18.670207250329813
8,20,17.71699970862332
8,21,18.957133494896002
8,22,21.68347118567339
8,23,20.712428623996562
8,24,17.918916357091017
8,25,18.553406121743734
8,26,18.392278628218786
8,27,19.617029499550565
8,28,22.465836854753896
8,29,21.43741242207848
8,30,23.986266523558818
8,31,24.32116869387628
8,32,26.98541350578924
8,33,30.616552659049876
8,34,30.074120728277
8,35,32.3429618952595
8,36,33.52782924311708
8,37,31.070654491452817
8,38,28.510300307272136
8,39,25.39138892853741
8,40,22.995257677711592
8,41,23.115360954776236
8,42,23.013089596937604
8,43,22.860746448038594
8,44,25.808113478330274
8,45,29.27221069395658
8,46,32.39822184025821
8,47,32.87222872654644
8,48,31.71184368708608
8,49,30.9613378971053
8,50,27.592285501632265
8,51,27.134702023278617
8,52,25.465942904438993
8,53,27.676633946723214
8,54,28.045679329937816
8,55,27.9934610867958
8,56,26.470430125448413
8,57,28.748946175209227
8,58,28.918069442689966
8,59,32.03754287986575
8,60,33.31818905062828
8,61,25.017423372013155
8,62,22.346064761008442
8,63,22.51936969004829
8,64,21.569268064116095
8,65,21.835619360169723
8,66,24.148202527854995
8,67,23.92352839885621
8,68,26.14111301772654
8,69,28.215414625966417
8,70,26.221126917888167
8,71,22.46036463437391
8,72,19.69050736911394
8,73,17.393573512575347
8,74,13.641935813543673
8,75,14.461378289326351
8,76,13.856995711961693
8,77,13.68330477292892
8,78,14.064679700549762
8,79,13.105680863574916
8,80,15.292699228958005
8,81,14.98856688582095
8,82,15.517321983638318
8,83,13.731846080351362
8,84,12.594790287837037
8,85,10.4448461561293
8,86,11.733944369340957
8,87,10.727222558040259
8,88,13.507912285711981
8,89,14.9136953976928
8,90,16.970157702426395
8,91,20.290708447635502
8,92,21.095771443664255
8,93,19.17326519064826
8,94,17.638771866168828
8,95,17.329492548811103
8,96,18.96904406963473
8,97,19.001156164589045
8,98,18.56905986088493
8,99,17.615522543263708
8,100,16.25789434223064
8,101,12.487316378733858
8,102,11.002680232235102
8,103,8.321193286791804
8,104,10.371800131029664
8,105,10.522815280820613
8,106,13.386750954861668
8,107,15.707689720627439
8,108,15.667135283341596
8,109,18.628192092476116
8,110,19.13965073540733
8,111,15.75114849426419
8,112,12.467734372707891
8,113,9.444771150478411
8,114,7.1409594768669225
8,115,7.7872527168664165
8,116,8.41553419187446
9,1,22.09089807043574
9,2,19.415793055575122
9,3,15.903731370582461
9,4,15.909925203513684
9,5,12.448202115692155
9,6,9.137612502339964
9,7,6.755424428059142
9,8,3.8135803214207273
9,10,3.8178454274403
9,11,6.2809205343111785
9,12,7.574359870691988
9,13,6.788744793192991
9,14,7.725835003952891
9,15,8.09655443577812
9,16,11.589692844921752
9,17,14.196442051871765
9,18,17.70601348497089
9,19,19.685777890832227
9,20,19.22321659768342
9,21,21.071951189068386
9,22,23.913474952972216
9,23,23.125475406522092
9,24,19.98431042208227
9,25,20.30711734420559
9,26,19.461864450419633
9,27,20.475175090135018
9,28,22.836781238322025
9,29,21.321964393636318
9,30,23.374947803263698
9,31,23.193379121206373
9,32,25.880285052289643
9,33,29.54411600804769
9,34,30.14507696151966
9,35,32.66316639591181
9,36,34.2095045726301
9,37,31.67757631202702
9,38,29.45136723138012
9,39,26.47572822581812
9,40,24.165167919525135
9,41,24.312731460952875
9,42,24.70118610827607
9,43,24.58394552368565
9,44,27.80333888471841
9,45,31.215058534423914
9,46,34.46335327350813
9,47,35.05679557628005
9,48,33.61829862873054
9,49,32.57417861614909
9,50,29.192405372391537
9,51,28.44683672899044
9,52,26.664489938624826
9,53,29.035967475044878
9,54,29.09257337033038
9,55,28.543866456422464
9,56,26.735312998529434
9,57,28.652200174405177
9,58,28.48089035796783
9,59,31.40949153311341
9,60,32.47617175091104
9,61,26.913074634213125
9,62,23.974228183739314
9,63,23.648639357714934
9,64,22.124913690031725
9,65,22.09368433856229
9,66,23.89904046527973
9,67,23.265678948868374
9,68,25.581254203921198
9,69,27.310403432708526
9,70,25.20049403784631
9,71,21.512474115141508
9,72,18.46634248659975
9,73,15.889002462822123
9,74,12.412307231428834
9,75,14.194012777555246
9,76,14.45044851347138
9,77,14.94339747276619
9,78,16.16726722427127
9,79,15.55700801948042
9,80,18.1913448384454
9,81,18.2491930345109
9,82,18.48867394555113
9,83,16.217772244796937
9,84,14.545761559741432
9,85,11.608885472584195
9,86,11.828020806350642
9,87,9.688867989669099
9,88,11.532164024208033
9,89,12.130298382657289
9,90,13.865917397609339
9,91,16.942870156015637
9,92,17.71244190848411
9,93,16.160089180046977
9,94,14.664978977164228
9,95,14.992228390195967
9,96,16.889929812442933
9,97,17.62925954417363
9,98,17.239913758390355
9,99,17.078320000713024
9,100,16.21473813697331
9,101,12.503160066148304
9,102,11.864976473140096
9,103,10.24865883196198
9,104,13.10363879662692
9,105,13.858544466376218
9,106,16.929189405757345
9,107,19.44644834193714
9,108,19.375229245200664
9,109,22.381267653852248
9,110,22.941661219921976
9,111,19.530471965688758
9,112,16.249856763325628
9,113,13.250043426457145
9,114,10.721473056791586
9,115,10.586254536388287
9,116,9.931554782088941
10,1,24.89448278947628
10,2,22.524511192794144
10,3,18.92258726488989
10,4,19.22649479392378
10,5,15.848092481178034
10,6,12.73760469823283
10,7,9.8979803960349
10,8,6.552042601730054
10,9,3.8178454274403
10,11,3.865787469965465
10,12,6.142975407758285
10,13,5.668742760321685
10,14,8.344824682732092
10,15,9.363222783200934
10,16,13.114137288956126
10,17,15.758838005305282
10,18,18.90997739021816
10,19,21.345394200815246
10,20,21.4500190898407
10,21,23.35862321720864
10,22,26.494441259813044
10,23,26.07857071817556
10,24,23.021025284449898
10,25,23.655762095315218
10,26,22.817215681653053
10,27,24.02720742381645
10,28,26.26937149806744
10,29,24.710007604364346
10,30,26.559394151939532
10,31,26.145159601097696
10,32,28.857846200127018
10,33,32.50021372110106
10,34,33.53860650706308
10,35,36.189134117722716
10,36,37.792883190813605
10,37,35.163985721286075
10,38,32.97100998086542
10,39,30.106094145175945
10,40,27.680116137638038
10,41,27.591219826987896
10,42,27.892529141216865
10,43,27.449167837649227
10,44,30.59797611431182
10,45,33.85108979993448
10,46,36.96388930330032
10,47,37.284400070391115
10,48,35.5980392013953
10,49,34.703802006682146
10,50,31.504386875528255
10,51,30.97892987219686
10,52,29.478443037116513
10,53,32.08936836971289
10,54,32.28807648772667
10,55,31.647694745372224
10,56,29.92870264629988
10,57,31.799011445941737
10,58,31.60396245017778
10,59,34.479150163397975
10,60,35.500386262777454
10,61,28.732136323361438
10,62,25.9521539849918
10,63,25.743227740882176
10,64,24.202140221976702
10,65,24.479311742830358
10,66,26.185918235923342
10,67,25.64807923868061
10,68,28.23368176848811
10,69,29.913589851146696
10,70,27.938702596734142
10,71,24.367056940117845
10,72,21.308598973054487
10,73,18.43255046325697
10,74,15.262747121161096
10,75,17.360876751827814
10,76,18.01580696075728
10,77,18.345879904323223
10,78,19.635113186960027
10,79,18.626618661726134
10,80,20.988140137676744
10,81,20.607811116993922
10,82,20.291410169741056
10,83,18.161582675940032
10,84,15.848458530479544
10,85,12.853123360698039
10,86,12.068597640472568
10,87,9.210410640632098
10,88,10.452976385808393
10,89,10.380578163525636
10,90,12.697434361520326
10,91,15.426356468282066
10,92,15.442499500307182
10,93,13.66871174679666
10,94,11.561723637227429
10,95,11.854506747318961
10,96,13.354204044511468
10,97,14.290837815588956
10,98,14.38038408837142
10,99,14.59819885613502
10,100,14.511917820956167
10,101,10.934230584799948
10,102,11.490690513906966
10,103,10.850775544947117
10,104,14.222697341734078
10,105,15.761806505293631
10,106,18.571570509258507
10,107,21.30730446985719
10,108,20.775195000641347
10,109,23.935604194260257
10,110,25.022124924049233
10,111,21.877290401076547
10,112,18.674258452608765
10,113,15.27342676693337
10,114,12.38480366634887
10,115,11.042493602311739
10,116,9.07406340487329
11,1,28.280392459432882
11,2,25.674852006739965
11,3,22.15641285322753
11,4,22.133459643202723
11,5,18.575841648301825
11,6,15.312530594355302
11,7,13.000794509832996
11,8,9.763500810781577
11,9,6.2809205343111785
11,10,3.865787469965465
11,12,3.833368599191288
11,13,5.877016504721931
11,14,9.056767413448148
11,15,11.370259156715719
11,16,15.163831344938751
11,17,18.2933372137611
11,18,21.258139075733535
11,19,23.95816922147684
11,20,24.213690094682267
11,21,26.443224320576565
11,22,29.50357077087987
11,23,29.021607262278703
11,24,25.7531158890608
11,25,26.00210575866565
11,26,24.691618740386435
11,27,25.528239449181214
11,28,27.35206896639695
11,29,25.334076403786465
11,30,26.671909223387853
11,31,25.716453967284746
11,32,28.2318485578297
11,33,31.860938142305542
11,34,34.12310056691403
11,35,36.85431750261219
11,36,38.798099761817376
11,37,36.246423665956556
11,38,34.39440771528521
11,39,31.589543398522675
11,40,29.401186181182226
11,41,29.518941936199997
11,42,30.238960872659124
11,43,30.001276485082297
11,44,33.33682543002315
11,45,36.60253076235056
11,46,39.836762065859716
11,47,40.336028903252526
11,48,38.552553901085076
11,49,37.40657153853842
11,50,34.16132889229799
11,51,33.33902475231898
11,52,31.641820695365315
11,53,34.22157713330711
11,54,34.073250527361175
11,55,33.048950851004165
11,56,31.01492189478907
11,57,32.477204915358
11,58,31.87549887048107
11,59,34.455954361869374
11,60,35.14359156413196
11,61,31.780501267366585
11,62,28.806758275489845
11,63,28.207111975820265
11,64,26.251789740097
11,65,26.14551765589686
11,66,27.359204031627787
11,67,26.357979964826157
11,68,28.822111882715436
11,69,30.056168481479137
11,70,27.88195018571448
11,71,24.462244700415944
11,72,21.17935199964603
11,73,18.37408011762834
11,74,15.68406973920084
11,75,18.442828626914057
11,76,19.512070942229553
11,77,20.45731963113235
11,78,22.154285616464673
11,79,21.582904298869813
11,80,24.252267982164124
11,81,24.174629740234007
11,82,23.949581647625134
11,83,21.60318694259431
11,84,19.259111204426567
11,85,15.986222234887762
11,86,14.776954585945573
11,87,11.40891585060702
11,88,11.420381737753424
11,89,10.023438856586292
11,90,11.546154211048881
11,91,13.526827514615118
11,92,13.292561346786604
11,93,12.367479752018992
11,94,10.161060853763917
11,95,11.67753583377839
11,96,13.194336612683827
11,97,15.099701217792674
11,98,15.465011127593305
11,99,16.547808720174583
11,100,17.004003068676496
11,101,13.76906026674846
11,102,14.799828762784886
11,103,14.5493810935012
11,104,17.999288089003446
11,105,19.48626796199799
11,106,22.37376456713971
11,107,25.031051097985245
11,108,24.468597060297178
11,109,27.50926980842028
11,110,28.489396006222854
11,111,25.256927434767462
11,112,22.13691818761116
11,113,18.836711520314786
11,114,16.132630156320477
11,115,14.895110635214422
11,116,12.757088681436683
12,1,28.820132461192642
12,2,26.055968962539346
12,3,22.807459844647873
12,4,23.014311078287353
12,5,19.628329964812515
12,6,16.016474856315504
12,7,13.761822466990992
12,8,11.307135123846761
12,9,7.574359870691988
12,10,6.142975407758285
12,11,3.833368599191288
12,13,3.7982222953656564
12,14,6.580236125389645
12,15,9.800231151769788
12,16,13.344932384950022
12,17,16.834651607402844
12,18,19.47013614792836
12,19,22.430118031311377
12,20,23.000218118621333
12,21,25.668149902419728
12,22,28.713695172898912
12,23,28.45170601479919
12,24,24.985082946653115
12,25,25.09712865415299
12,26,23.36516915164181
12,27,24.257371233509176
12,28,25.687209287435913
12,29,23.621346046909387
12,30,24.678545667815268
12,31,23.634634555691715
12,32,26.362600026176104
12,33,29.833853622672358
12,34,32.251470330162405
12,35,35.229706598477385
12,36,37.2662361327256
12,37,34.54571674527691
12,38,32.889641536464055
12,39,30.37766705298436
12,40,28.120345369729517
12,41,28.04947035298927
12,42,29.062783709892443
12,43,28.761884312880827
12,44,32.23970463979187
12,45,35.37630075692122
12,46,38.67030799465013
12,47,39.306773098677496
12,48,37.31712154955025
12,49,35.88576459805889
12,50,32.67987297534188
12,51,31.62978091653415
12,52,29.92582544426738
12,53,32.63446972530762
12,54,32.33957430230293
12,55,30.992814804322492
12,56,28.946556366235082
12,57,30.23662761073077
12,58,29.61741342706278
12,59,32.151247272907604
12,60,32.92633485627898
12,61,30.721398342990337
12,62,27.547236752310322
12,63,26.513189526270878
12,64,24.173375998173835
12,65,23.86872529900743
12,66,24.69600424487168
12,67,23.545951973966815
12,68,26.118570472130173
12,69,27.22566987526299
12,70,25.236020977553945
12,71,22.01450746440345
12,72,18.88543119758073
12,73,15.804688410516489
12,74,13.610332380299567
12,75,16.677966279385757
12,76,18.437165985104304
12,77,19.51091379926049
12,78,21.779176414981784
12,79,21.341399221765446
12,80,24.29952405049784
12,81,24.670440749145843
12,82,24.28166851342089
12,83,21.474191900478477
12,84,19.01533117962586
12,85,15.398739337598444
12,86,13.765049629848749
12,87,10.188754132499536
12,88,9.237888663303995
12,89,7.344367010096489
12,90,8.026402275344983
12,91,10.123524288956247
12,92,10.622797300454442
12,93,10.049726542518973
12,94,8.954215925778206
12,95,10.916810797410276
12,96,13.365630361088456
12,97,15.591413201168127
12,98,15.173192190169141
12,99,16.701229357421447
12,100,16.875722258382165
12,101,14.003616609364347
12,102,14.919289930007654
12,103,15.158645257915799
12,104,18.725960329783522
12,105,20.370745748385136
12,106,23.623508196861735
12,107,26.52859464183724
12,108,26.446997364813413
12,109,29.6433391621345
12,110,30.413126799498748
12,111,27.051659206545136
12,112,23.673753538223888
12,113,20.609524318446482
12,114,17.662093807730535
12,115,16.59124867934428
12,116,14.508619160677826
13,1,26.249063179465963
13,2,23.698292410966648
13,3,20.538732491754065
13,4,21.293783355904498
13,5,18.23223289850255
13,6,14.594381766130837
13,7,11.804733690660814
13,8,9.904894361703356
13,9,6.788744793192991
13,10,5.668742760321685
13,11,5.877016504721931
13,12,3.7982222953656564
13,14,3.8137396869133866
13,15,6.463333014132111
13,16,10.02161161256874
13,17,13.335585747831384
13,18,15.90016275128315
13,19,18.924641013645758
13,20,19.71246667587051
13,21,22.373143253540203
13,22,25.585023671708218
13,23,25.639490137986762
13,24,22.277019266109285
13,25,22.813944859918386
13,26,21.345299745027727
13,27,22.769102398047867
13,28,24.43506261005472
13,29,22.874428825152474
13,30,24.344283358601842
13,31,23.853931843930784
13,32,26.923534758918198
13,33,30.31551902657983
13,34,31.47894089258239
13,35,34.53730711042645
13,36,36.250043881496254
13,37,33.31394538776722
13,38,31.378948369745125
13,39,28.99026711767827
13,40,26.378583593649857
13,41,25.887514261473175
13,42,26.58582767097552
13,43,25.92021603579741
13,44,29.28110674488668
13,45,32.29268464446237
13,46,35.466831123308275
13,47,35.92328617127353
13,48,33.83459263798927
13,49,32.53366852786212
13,50,29.435680164855537
13,51,28.63130213421654
13,52,27.217626880228554
13,53,30.126196551688402
13,54,30.181535517675087
13,55,29.061267389004904
13,56,27.401047126357263
13,57,29.074851551575634
13,58,28.93015753179359
13,59,31.779347439056327
13,60,32.98622999398715
13,61,27.17597376317974
13,62,24.100474225064907
13,63,23.238341891586312
13,64,21.096497242075532
13,65,21.216382136258648
13,66,22.393253804881734
13,67,21.76212171805487
13,68,24.647494240960004
13,69,26.2310510060807
13,70,24.632990543850514
13,71,21.3634666143921
13,72,18.605896979802065
13,73,15.202987531999584
13,74,12.735650492755951
13,75,15.237695256160173
13,76,17.041329299837887
13,77,17.441716110731043
13,78,19.664778542719183
13,79,18.74392971331327
13,80,21.519661594577748
13,81,21.796099571709092
13,82,21.066135146529447
13,83,18.170895348035927
13,84,15.492839470991184
13,85,11.837952338558344
13,86,9.981739296494359
13,87,6.404192023096851
13,88,5.914800322778942
13,89,5.429101745934111
13,90,7.257533131106794
13,91,10.449704510509674
13,92,11.348769384243573
13,93,9.659180547913023
13,94,9.059718071574263
13,95,9.749485542766024
13,96,12.65303592756323
13,97,14.139246326850333
13,98,13.013518256103866
13,99,14.067570147868729
13,100,13.652419567512416
13,101,10.800626363974887
13,102,11.426247342645537
13,103,11.978706348371736
13,104,15.606625054841972
13,105,17.570934623468755
13,106,20.920308565115892
13,107,24.084524232171013
13,108,24.2664641667282
13,109,27.664548531136564
13,110,28.50321793178559
13,111,25.23350049319514
13,112,21.66142153562842
13,113,18.64411901409918
13,114,15.363387774549496
13,115,14.153250887768737
13,116,12.11796373896499
14,1,24.340454731086762
14,2,21.61949640652832
14,3,18.832623889968218
14,4,19.73234964898203
14,5,16.99807456067568
14,6,13.24997062664938
14,7,10.84125128182
14,8,10.198619140180567
14,9,7.725835003952891
14,10,8.344824682732092
14,11,9.056767413448148
14,12,6.580236125389645
14,13,3.8137396869133866
14,15,3.8029621118353245
14,16,6.87813122523047
14,17,10.539876967854042
14,18,13.121169550966505
14,19,16.0240433138616
14,20,16.713831000753338
14,21,19.666894470640134
14,22,22.70282877078991
14,23,22.777146192131198
14,24,19.27374514587616
14,25,19.644688868232592
14,26,17.93732282320422
14,27,19.472253653337287
14,28,20.995855054838774
14,29,19.631845776164425
14,30,21.190512375167764
14,31,21.017824735955035
14,32,24.3169554896964
14,33,27.574829718246733
14,34,28.08550383883038
14,35,31.240047874961554
14,36,32.85969407896079
14,37,29.807050773087227
14,38,27.888165935096872
14,39,25.68394779932101
14,40,22.983717333106785
14,41,22.357333522710153
14,42,23.221909960493946
14,43,22.604947094237136
14,44,26.075544508171205
14,45,29.0641510514195
14,46,32.334188172123774
14,47,33.01442640527143
14,48,30.938299812171287
14,49,29.381256002390142
14,50,26.205695102911964
14,51,25.16140208909437
14,52,23.63440123335119
14,53,26.54632436565161
14,54,26.52191492375511
14,55,25.315372910035208
14,56,23.720329602872358
14,57,25.456367400519976
14,58,25.495360692734494
14,59,28.47025780771236
14,60,29.920124185062694
14,61,24.496884537936147
14,62,21.196573870756346
14,63,19.979533842107813
14,64,17.60593921481981
14,65,17.49093111515162
14,66,18.60981437971561
14,67,17.995192230020017
14,68,20.917155199067835
14,69,22.656274827995606
14,70,21.232812865162842
14,71,17.98644210350979
14,72,15.515253192140046
14,73,11.96173887884422
14,74,9.562164165542203
14,75,11.836582665142723
14,76,14.014259770201251
14,77,14.351110461369048
14,78,16.96789481569897
14,79,16.252348046562744
14,80,19.294846686024286
14,81,20.12946179448486
14,82,19.536585049569215
14,83,16.252373722691885
14,84,13.911427960752167
14,85,10.118157060905112
14,86,8.713200086746712
14,87,6.004002959205755
14,88,5.8939047023526205
14,89,6.811677633400405
14,90,7.53886770199502
14,91,11.197475177702207
14,92,13.165130960851501
14,93,11.674562623026409
14,94,12.087548567988632
14,95,12.517871015882246
14,96,15.782377970046378
14,97,16.937078106185435
14,98,15.135577446878377
14,99,15.828769391698355
14,100,14.553718560640338
14,101,11.901238499403215
14,102,11.46424561486676
14,103,11.74671741504031
14,104,14.97022937979206
14,105,16.606528970715004
14,106,20.246559790270666
14,107,23.422511902609756
14,108,24.197730176897498
14,109,27.573932017030007
14,110,28.00852736036265
14,111,24.62164467058137
14,112,20.913131323201984
14,113,18.38261825044981
14,114,15.21196836748447
14,115,14.711000673605957
14,116,13.468080907548678
15,1,20.968579467585197
15,2,18.475940081604065
15,3,15.799795588809493
15,4,17.21752715308601
15,5,14.938101058972386
15,6,11.440889011236
15,7,8.71068949273127
15,8,9.116241939429127
15,9,8.09655443577812
15,10,9.363222783200934
15,11,11.370259156715719
15,12,9.800231151769788
15,13,6.463333014132111
15,14,3.8029621118353245
15,16,3.811058661787164
15,17,7.080093664821526
15,18,10.10662897562566
15,19,12.71692480877715
15,20,13.264152388331535
15,21,16.03332221208557
15,22,19.201959992470307
15,23,19.442763550224573
15,24,16.10769009800527
15,25,16.98261639822386
15,26,15.815310666028717
15,27,17.905481731010987
15,28,19.890272340295855
15,29,19.170666070933226
15,30,21.31113857713662
15,31,21.80065812714233
15,32,25.232837326508722
15,33,28.423501636628984
15,34,27.487078243150233
15,35,30.535051192696525
15,36,31.741364481895943
15,37,28.59243382373707
15,38,26.288233824802834
15,39,24.085072205962295
15,40,21.07104087848013
15,41,20.105582469741023
15,42,20.476242879646644
15,43,19.551863910951663
15,44,22.859430965641867
15,45,25.8340690391312
15,46,29.006763982009595
15,47,29.530466170162736
15,48,27.523820082775686
15,49,26.18102672767394
15,50,23.018299519456196
15,51,22.285397719250494
15,52,20.998637911310844
15,53,23.999615135375592
15,54,24.405326422852887
15,55,23.657068007212523
15,56,22.498133174662556
15,57,24.731993643920237
