1,2,3.8228063874654277
1,3,6.555792576570313
1,4,8.975658832823651
1,5,11.972870121428146
1,6,13.773330023703057
1,7,15.577557482436314
1,8,19.000656132089095
1,9,22.169382514837505
1,10,25.06760468060546
1,11,28.64086102752219
1,12,29.36817634352209
1,13,26.11177200590824
1,14,24.408489268230305
1,15,20.961180953091656
1,16,19.359459730718584
1,17,17.333997315044762
1,18,19.626651405361418
1,19,16.864395411430838
1,20,13.763859861432978
1,21,10.982273685683397
1,22,10.53184174811066
1,23,8.37275840444105
1,24,9.800925045425332
1,25,12.031786393877447
1,26,15.475432676590138
1,27,17.59641131970352
1,28,21.14594610408345
1,29,23.130646861800084
1,30,26.869841966286632
1,31,29.46587288256954
1,32,32.22676078165357
1,33,34.31151971171228
1,34,32.291537205501044
1,35,29.863010246730852
1,36,27.604877871858147
1,37,29.646435719364877
1,38,30.338114144128312
1,39,28.061926142488588
1,40,26.221208531502626
1,41,22.489135764538716
1,42,20.156703848415425
1,43,17.179487113301136
1,44,16.833001589864015
1,45,14.02128706868248
1,46,13.723928386980724
1,47,13.93747160798012
1,48,16.880622164472776
1,49,18.640587583138103
1,50,19.333562793221027
1,51,21.71267674751869
1,52,21.064732901415216
1,53,18.162978556794357
1,54,18.71606351936151
1,55,17.948872779609147
1,56,18.704120853593395
1,57,20.74360665833997
1,58,23.193736831099837
1,59,23.93812003134379
1,60,27.579759665541015
1,61,29.63610945755363
1,62,19.302402989634658
1,63,15.66875323784808
1,64,14.961403846966828
1,65,16.677786492469316
1,66,19.496759055279227
1,67,20.59846500522821
1,68,21.319884576467256
1,69,25.01533607455759
1,70,26.353324734059164
1,71,28.082002567965905
1,72,28.97963718047874
1,73,26.232214479826222
1,74,25.97859448315886
1,75,26.143063492762924
1,76,24.02709179543343
1,77,21.24471663900328
1,78,20.078105946702372
1,79,17.164753313476762
1,80,13.966887052317801
1,81,10.40550054320469
1,82,8.700871120861645
1,83,5.533489141346806
1,84,5.381058252087631
1,85,8.885958091429801
1,86,10.546058729512675
1,87,14.21579798655489
1,88,16.591706393610178
1,89,20.38728192722761
1,90,23.030224636136538
1,91,26.489501554669147
1,92,29.214073772706833
1,93,31.090158191487305
1,94,34.56382582296155
1,95,34.465573502073966
1,96,35.57159577967029
1,97,34.91406806643123
1,98,33.049831759718714
1,99,34.42934853288438
1,100,33.55195978058672
1,101,31.63281474320454
1,102,28.747828419670384
1,103,25.33246788476844
1,104,23.584338268884935
1,105,19.794483835132585
1,106,16.645847324205143
1,107,13.244029271952092
1,108,9.964020642199023
1,109,9.552904272033777
1,110,8.390957112906483
1,111,11.937801217501194
1,112,13.019578065674219
1,113,10.070666462350754
1,114,10.349290372266292
1,115,8.507412175672755
1,116,11.612823758711084
1,117,13.654914624313179
1,118,16.539930689872037
1,119,19.462746219870454
2,1,3.8228063874654277
2,3,3.813922178934345
2,4,5.981566976439961
2,5,8.980054970952473
2,6,10.618166128451989
2,7,13.001445231224961
2,8,16.498856945653877
2,9,19.38718771672228
2,10,22.539568597372593
2,11,25.92893977501932
2,12,26.757627936692778
2,13,23.622498519691696
2,14,21.753114224902717
2,15,18.527772168338487
2,16,17.091656146916517
2,17,15.624290291085332
2,18,18.274556293508997
2,19,15.931711884910818
2,20,12.568224330722177
2,21,10.697767669149913
2,22,10.639242426200987
2,23,7.828703163311528
2,24,7.833397028911984
2,25,9.325662310542844
2,26,12.410996502784405
2,27,14.274648915492287
2,28,17.956432685814857
2,29,19.640374791248245
2,30,23.392504244234697
2,31,25.858687292851414
2,32,28.553878836968764
2,33,30.762799627636284
2,34,28.87805041044626
2,35,26.514746533348394
2,36,24.49348746557984
2,37,26.811831481188463
2,38,27.67186358340747
2,39,25.725203111701806
2,40,23.78145596309672
2,41,20.04000937698535
2,42,17.33740181091996
2,43,14.434272806673684
2,44,14.521677120898746
2,45,12.35523473308968
2,46,12.679119114067012
2,47,13.871568394163097
2,48,17.323827393249214
2,49,19.736752863155267
2,50,20.93387001221354
2,51,22.898739319443397
2,52,21.62011947103603
2,53,18.30221046975936
2,54,18.096844064440248
2,55,16.683588579286234
2,56,17.477901221853568
2,57,18.950060033930455
2,58,20.982124615668255
2,59,21.236455429165257
2,60,24.756121161629608
2,61,26.520731431605878
2,62,20.093637306446418
2,63,16.603990539511713
2,64,15.018112639399822
2,65,15.971150073424933
2,66,18.300209317458282
2,67,18.723821304284428
2,68,19.164167419638073
2,69,22.699667861123007
2,70,23.606389146106753
2,71,25.19818030399622
2,72,25.77328410273444
2,73,22.84610685136957
2,74,22.428353484214007
2,75,22.753645607462506
2,76,20.531383623936758
2,77,17.975800892354155
2,78,16.59848894951793
2,79,13.502909285676317
2,80,10.533655643052223
2,81,6.845611709162573
2,82,5.912590723300101
2,83,4.323351146731393
2,84,5.97677807493273
2,85,9.61406235862496
2,86,9.950479078090227
2,87,13.419643543664662
2,88,15.00049239543477
2,89,18.803655004802778
2,90,21.078376365850033
2,91,24.389259402908376
2,92,26.91745542154525
2,93,28.48759918871837
2,94,32.041654765497675
2,95,32.26270098770915
2,96,33.329160719850705
2,97,32.940645663113926
2,98,31.410142009540206
2,99,32.921669682020216
2,100,32.438100896973104
2,101,30.556822974778665
2,102,27.9938619502494
2,103,24.662589864169632
2,104,22.411325311921573
2,105,18.761149647117755
2,106,15.591089040387455
2,107,12.749674216694899
2,108,9.287412250306081
2,109,10.110704069986689
2,110,9.76640278392233
2,111,12.98694022237077
2,112,14.31184233311825
2,113,11.266680928241577
2,114,10.284057422379847
2,115,7.8730354439656836
2,116,10.483287483877822
2,117,12.40088507649503
2,118,15.793488728086515
2,119,18.178921664715904
3,1,6.555792576570313
3,2,3.813922178934345
3,4,3.8193659226601566
3,5,5.646286357384176
3,6,7.263245075547634
3,7,9.414832263537464
3,8,12.780656833028164
3,9,15.829455846213332
3,10,18.95692253744774
3,11,22.404403783929116
3,12,23.42097565592348
3,13,20.41919234867072
3,14,18.908540001113582
3,15,15.817376264023416
3,16,15.022192673003458
3,17,14.125922596624012
3,18,17.30487212696037
3,19,15.643825117393469
3,20,12.731042703477184
3,21,11.656295593990972
3,22,12.732737603143326
3,23,10.493460125569737
3,24,9.313155590317841
3,25,10.70209762804201
3,26,12.96974636759062
3,27,14.78716439616205
3,28,18.55349964133111
3,29,19.602462598559562
3,30,23.24725672262881
3,31,25.234286060942754
3,32,27.894219190050844
3,33,30.393733630701124
3,34,28.945793269050853
3,35,26.87869550834472
3,36,25.316900547364423
3,37,28.022301251597074
3,38,29.184898367733414
3,39,27.660475334529615
3,40,25.54738294230233
3,41,21.84128494859987
3,42,18.809867238638972
3,43,15.950825623025377
3,44,16.14948398607861
3,45,14.559310558247272
3,46,14.69693582946266
3,47,16.482287966702764
3,48,20.008335228564178
3,49,22.575624967738403
3,50,23.56084764124552
3,51,25.177078497209944
3,52,23.74051788475353
3,53,20.28036877759384
3,54,19.941258853247774
3,55,18.518193093654222
3,56,19.79583506711767
3,57,21.001137910970726
3,58,22.49212659645626
3,59,22.299228498402805
3,60,25.66425227824786
3,61,27.021016836336408
3,62,21.17229269592013
3,63,18.032590386074073
3,64,16.0600084320827
3,65,16.982215639063746
3,66,18.692065929784498
3,67,18.679715482961026
3,68,19.516690836681793
3,69,22.942092189881997
3,70,23.522441093496813
3,71,25.35416849122363
3,72,25.534196699252533
3,73,22.321434025304427
3,74,21.29304687858818
3,75,21.254449127338262
3,76,18.60637917112702
3,77,16.150284016920924
3,78,15.345446555754148
3,79,12.39071031701184
3,80,9.74892665785559
3,81,6.651263521307906
3,82,5.2889251592517885
3,83,5.0781668848994865
3,84,5.715499163438356
3,85,8.870369609074507
3,86,8.717561299067848
3,87,11.52513067736691
3,88,12.603738319748766
3,89,16.32205662729145
3,90,18.212773229888448
3,91,21.631314287998602
3,92,23.899539023302864
3,93,25.615113974334726
3,94,29.25224471711729
3,95,29.37264370339127
3,96,30.167976827023523
3,97,29.643108372103406
3,98,28.193128817082297
3,99,29.53394195786034
3,100,29.110796796342232
3,101,27.43619110695093
3,102,25.064779920364618
3,103,21.940866534367704
3,104,19.52718986405126
3,105,15.989565509153469
3,106,12.604664628060124
3,107,10.192517687850534
3,108,6.604315640476806
3,109,8.093685252323997
3,110,8.608189843276305
3,111,11.283266215206465
3,112,13.171224636925329
3,113,10.73141666877552
3,114,8.58745786358901
3,115,5.41130614426512
3,116,7.094017646963991
3,117,8.889660625228814
3,118,12.498411511798333
3,119,14.675753896994301
4,1,8.975658832823651
4,2,5.981566976439961
4,3,3.8193659226601566
4,5,3.8225781070309
4,6,6.952523932365166
4,7,9.9955467547625
4,8,12.711269170064464
4,9,15.584114662443593
4,10,19.05255993842536
4,11,22.223639079687157
4,12,23.776639771560575
4,13,21.20566136587977
4,14,19.88930967361237
4,15,17.30616452426128
4,16,17.0629324926739
4,17,16.855448902185937
4,18,20.2266982533698
4,19,18.880557396316448
4,20,15.879716294354239
4,21,15.12909319276035
4,22,15.888524494751229
4,23,13.12931752160642
4,24,11.7602074739495
4,25,12.03280323608437
4,26,13.786924712528597
4,27,14.648503525664248
4,28,18.425752822102606
4,29,18.96288980237155
4,30,22.6004896156563
4,31,24.403726447857757
4,32,26.64691359340742
4,33,29.433678250365205
4,34,28.069476272385185
4,35,25.826391717814637
4,36,24.60017943463908
4,37,27.506822300014417
4,38,28.42406148292718
4,39,27.122464660932813
4,40,25.361005895342032
4,41,21.835833226686052
4,42,18.456625105503587
4,43,16.214010019625636
4,44,17.26711136903974
4,45,16.23671861389123
4,46,17.14055713644246
4,47,19.092596991169163
4,48,22.748951027888157
4,49,25.446742187230686
4,50,26.737844034867717
4,51,28.451530430226388
4,52,26.8693836001908
4,53,23.331588215847734
4,54,22.604759414810612
4,55,20.68770653432965
4,56,21.52862090451468
4,57,22.175510862968185
4,58,23.481491185248604
4,59,22.76952070269926
4,60,25.845701875354393
4,61,26.795159477306726
4,62,24.81319180417872
4,63,21.63671143867939
4,64,19.526266607714767
4,65,20.05500649372479
4,66,21.560530455388164
4,67,21.065605451081474
4,68,21.453432665485668
4,69,24.593686773172596
4,70,24.638031053664303
4,71,26.05099116793309
4,72,25.74064001439664
4,73,22.30682252537778
4,74,21.02170065019671
4,75,21.43865895400368
4,76,18.49376644072572
4,77,16.726184455885704
4,78,15.533128639004506
4,79,12.143259463157479
4,80,10.528028858731476
4,81,7.606541027124909
4,82,8.017112941386017
4,83,8.65527551545264
4,84,9.383303757649664
4,85,12.56657887691682
4,86,12.315696065358416
4,87,14.735224237452812
4,88,15.178079086978617
4,89,18.673643546339186
4,90,19.958158823291484
4,91,23.228465625798158
4,92,25.026974828578048
4,93,26.475880711663347
4,94,30.221032749930988
4,95,30.612215509178334
4,96,31.090244527403975
4,97,30.649590324047498
4,98,29.559214130301168
4,99,30.69507418362439
4,100,30.4920875507814
4,101,29.170718876631273
4,102,27.135302467459265
4,103,24.305255075307617
4,104,21.662590917694974
4,105,18.384030466244482
4,106,14.900704118893211
4,107,13.043345924401542
4,108,9.500139548024913
4,109,10.637495688964494
4,110,10.481100749681108
4,111,12.267083508860999
4,112,13.381641571545131
4,113,10.70599873435661
4,114,8.03310670740165
4,115,6.119372581335542
4,116,7.779733869937168
4,117,10.29973681080442
4,118,14.090119507620988
4,119,15.952894848536944
5,1,11.972870121428146
5,2,8.980054970952473
5,3,5.646286357384176
5,4,3.8225781070309
5,6,3.81462202715872
5,7,6.741940790514687
5,8,9.031990941387052
5,9,11.848789980805606
5,10,15.34792967103867
5,11,18.46966127300878
5,12,20.188781484509796
5,13,17.826882226198233
5,14,16.840445769818597
5,15,14.603430181311392
5,16,15.073329503377645
5,17,15.580302683188794
5,18,19.23795162665909
5,19,18.605680111819144
5,20,16.107447609888766
5,21,16.11674028961024
5,22,17.61836858369095
5,23,15.324559033914465
5,24,13.204439703357009
5,25,13.426661560091954
5,26,14.355013454038897
5,27,15.209682348697667
5,28,18.832411828962844
5,29,18.760936135260682
5,30,22.139685372789987
5,31,23.406064917859776
5,32,25.633429503759846
5,33,28.61912760440455
5,34,27.732204903058534
5,35,25.90109814210094
5,36,25.1259168720275
5,37,28.32605561582909
5,38,29.61486303262361
5,39,28.741849709199137
5,40,26.74373878384309
5,41,23.309167785918003
5,42,19.80508980600887
5,43,17.58316218472765
5,44,18.54887024938515
5,45,18.004537920528943
5,46,18.683610315333244
5,47,21.100214290172193
5,48,24.79137662931241
5,49,27.663804792666532
5,50,28.842328205255818
5,51,30.176872011709136
5,52,28.388044623558415
5,53,24.747793687883632
5,54,23.856589784857885
5,55,21.958718194945305
5,56,23.236267616392382
5,57,23.674416365655365
5,58,24.4464389212729
5,59,23.380847166182363
5,60,26.254968511364137
5,61,26.824465866926758
5,62,25.62700966934656
5,63,22.821056065029964
5,64,20.362376516837895
5,65,20.72403410137761
5,66,21.6123439444274
5,67,20.6836335897857
5,68,21.367197425973423
5,69,24.289743687365316
5,70,24.01996443761642
5,71,25.64390825931961
5,72,24.982774306892072
5,73,21.37811141264203
5,74,19.51924439961572
5,75,19.528295115343724
5,76,16.24327545402399
5,77,14.697769206364853
5,78,14.160043516284254
5,79,11.223703595267086
5,80,10.213013580731927
5,81,8.494969045751597
5,82,8.713788170244264
5,83,10.28031273445026
5,84,10.763629694143441
5,85,13.10919917640682
5,86,12.197033128854251
5,87,13.688619525244299
5,88,13.3308238318642
5,89,16.44368773091664
5,90,17.155522923484472
5,91,20.339767381249906
5,92,21.794442798032577
5,93,23.254516542381186
5,94,27.03488475247367
5,95,27.418187880948608
5,96,27.662523438444545
5,97,27.206969681261167
5,98,26.308948134048382
5,99,27.361696150723592
5,100,27.370143967803873
5,101,26.2223995992002
5,102,24.509771794644287
5,103,21.959180108162197
5,104,19.086823589060465
5,105,16.1541854359087
5,106,12.789875492533445
5,107,11.84804486452623
5,108,8.94748595346942
5,109,10.824198928206235
5,110,11.66726096562571
5,111,12.82958347426167
5,112,14.519841716687766
5,113,12.67632672178626
5,114,9.263487955629127
5,115,6.996003385854604
5,116,6.572982856624907
5,117,8.223955073452904
5,118,11.968376840284183
5,119,13.129176171455093
6,1,13.773330023703057
6,2,10.618166128451989
6,3,7.263245075547634
6,4,6.952523932365166
6,5,3.81462202715872
6,7,3.8706925344717478
6,8,6.72331431442489
6,9,9.002482626083623
6,10,12.502314192407514
6,11,15.596035695804552
6,12,16.910150187499003
6,13,14.3607135607322
6,14,13.098398467837658
6,15,10.922909262325552
6,16,11.57196914198555
6,17,12.617030925973392
6,18,16.347208350164635
6,19,16.293735705070375
6,20,14.219529831164941
6,21,15.07379588614556
6,22,17.122013577162413
6,23,15.346164414168335
6,24,12.522930910949889
6,25,12.731712668750653
6,26,12.924598668194957
6,27,14.103098647741437
6,28,17.469427904149818
6,29,17.18040386194054
6,30,20.306890185463082
6,31,21.297721575672526
6,32,23.793731131017303
6,33,26.6785455197221
6,34,26.077039148117137
6,35,24.692305760592998
6,36,24.074542445404212
6,37,27.369682590251873
6,38,29.115906824626727
6,39,28.519708549400438
6,40,26.136871596796787
6,41,22.752281954141026
6,42,19.3666060422405
6,43,16.953379346193138
6,44,17.530531622597756
6,45,17.39022100561073
6,46,17.776834926275303
6,47,20.63509539119933
6,48,24.292751932819353
6,49,27.371211835839066
6,50,28.546767032607868
6,51,29.407773432829217
6,52,27.3281220227285
6,53,23.621868448562193
6,54,22.50381842836921
6,55,20.661443729141457
6,56,22.388143205024992
6,57,22.715938848341896
6,58,23.016615891732602
6,59,21.834821023092537
6,60,24.616936813680958
6,61,25.07095370923445
6,62,24.249110193268713
6,63,21.841834553293776
6,64,18.980640284916028
6,65,18.986486510004177
6,66,19.275625886784752
6,67,17.96730344665494
6,68,18.877159051819476
6,69,21.614377140768415
6,70,21.23404843341395
6,71,23.14009365200685
6,72,22.432952499914368
6,73,18.849999353944703
6,74,16.76174031138395
6,75,16.27870286931089
6,76,12.977581826558222
6,77,11.229230901253768
6,78,11.315753529186773
6,79,9.091766763084733
6,80,8.268953519849436
6,81,7.939574676065402
6,82,7.9557189427946575
6,83,10.515199628559536
6,84,11.460965559838098
6,85,12.953902843083602
6,86,11.02169713671938
6,87,11.74041570842877
6,88,10.508443230739488
6,89,13.309041635436904
6,90,13.766940106386357
6,91,16.761747804673288
6,92,18.25868131504871
6,93,19.583469681596924
6,94,23.350718039362285
6,95,23.846616133942987
6,96,24.283700066943986
6,97,24.083495062808232
6,98,23.310923833825168
6,99,24.70434801722785
6,100,25.037328148099274
6,101,23.645464666577656
6,102,22.13201972341583
6,103,19.583355094583798
6,104,16.37718196559353
6,105,13.72605959330153
6,106,10.881233131861247
6,107,10.809934910008199
6,108,8.88729255932915
6,109,11.822885607354772
6,110,13.683755335947417
6,111,15.062120898553697
6,112,17.37365119032233
6,113,15.849879345817671
6,114,12.472081802377199
6,115,9.574081013499946
6,116,8.082469757773255
6,117,7.900808625939975
6,118,11.314294434720832
6,119,11.538461180605017
7,1,15.577557482436314
7,2,13.001445231224961
7,3,9.414832263537464
7,4,9.9955467547625
7,5,6.741940790514687
7,6,3.8706925344717478
7,8,3.842689937856545
7,9,6.658800729206096
7,10,9.552600437044603
7,11,13.0689930203662
7,12,14.14548472446358
7,13,11.421015030190137
7,14,10.775855629770442
7,15,8.520500461175898
7,16,9.963976701857788
7,17,11.29938858396412
7,18,15.104811887647072
7,19,15.648307205913593
7,20,14.424615440077389
7,21,15.569781808330863
7,22,18.284716835032313
7,23,17.226487484040142
7,24,14.423058513964268
7,25,15.286452824154363
7,26,15.39361490736563
7,27,17.035576086312208
7,28,20.180335715492134
7,29,19.823716372250903
7,30,22.661729286006473
7,31,23.312780476802356
7,32,25.94091058373471
7,33,28.76052857158228
7,34,28.48103727712931
7,35,27.47654021566692
7,36,26.966893816233423
7,37,30.260150248959636
7,38,32.272116096378824
7,39,31.75516371531286
7,40,29.143395935325373
7,41,25.755040345991443
7,42,22.54614641959664
7,43,19.906675935170913
7,44,19.961141275162316
7,45,19.68456718027707
7,46,19.42167344987027
7,47,22.244084798086394
7,48,25.689226451461412
7,49,28.619569284804896
7,50,29.38053196092763
7,51,29.973539319990433
7,52,28.013786949554188
7,53,24.436236463094314
7,54,23.622355272341096
7,55,22.26101522960464
7,56,24.478253585150345
7,57,25.07118205571497
7,58,25.212057658305774
7,59,24.18294170611736
7,60,26.95159124491439
7,61,27.390975539928455
7,62,23.872181094776803
7,63,21.896276763592084
7,64,19.10033070609302
7,65,19.41788984965327
7,66,19.33363596978629
7,67,18.132622619823746
7,68,19.73283815027899
7,69,22.42854176942638
7,70,22.222255143419037
7,71,24.58370093334551
7,72,23.951653305194025
7,73,20.500168665727248
7,74,18.15156887353703
7,75,16.86688828021054
7,76,13.592227526449244
7,77,11.59210872111669
7,78,12.869501407588645
7,79,11.632291694324891
7,80,10.65322879865254
7,81,10.83901574136172
7,82,9.743506671792394
7,83,11.893734487269555
7,84,12.036392615493485
7,85,12.434961897790032
7,86,10.34578246241075
7,87,9.8485749196896
7,88,8.102151515726142
7,89,10.393624664623895
7,90,10.550785235701957
7,91,13.79216992438209
7,92,15.254604403737968
7,93,17.11151899330381
7,94,20.840246796210316
7,95,20.880859753165918
7,96,21.181510568331024
7,97,20.658865295851584
7,98,19.662600589740723
7,99,20.968631516552275
7,100,21.19069889931276
7,101,19.806448899850146
7,102,18.328116320435583
7,103,15.933502967457134
7,104,12.726139066126766
7,105,10.303037221109232
7,106,7.657270431325426
7,107,8.655967329927286
7,108,8.046557089595726
7,109,11.207857654686352
7,110,13.871220799488597
7,111,14.862565933635329
7,112,17.739400401465705
7,113,16.983577505266233
7,114,13.588996446190942
7,115,10.528749458827095
7,116,7.798108175290375
7,117,5.8625778793377705
7,118,8.428716094929984
7,119,7.904336942634279
8,1,19.000656132089095
8,2,16.498856945653877
8,3,12.780656833028164
8,4,12.711269170064464
8,5,9.031990941387052
8,6,6.72331431442489
8,7,3.842689937856545
8,9,3.81794844985478
8,10,6.534410330198868
8,11,10.033973095387497
8,12,11.814016971150537
8,13,9.877440117277006
8,14,10.437317537760173
8,15,9.370902646948949
8,16,11.970612235231338
8,17,13.986358098586516
8,18,17.67149175733698
8,19,18.763369414855873
8,20,17.94293471730848
8,21,19.272640752047895
8,22,22.094511751605012
8,23,21.06305800024455
8,24,18.215237128824494
8,25,18.85879338754755
8,26,18.607696892232205
8,27,19.8684529445622
8,28,22.801102651895622
8,29,21.907964909624212
8,30,24.4201666220478
8,31,24.519381524211486
8,32,26.835988250207848
8,33,29.867649207012263
8,34,30.025796719873288
8,35,29.272500795651624
8,36,29.20459203372109
8,37,32.6718943511047
8,38,34.74706366350605
8,39,34.528788043184456
8,40,31.98309304386789
8,41,28.75290409115751
8,42,25.43642404146827
8,43,23.075328843503964
8,44,23.347431023116386
8,45,23.336398751867996
8,46,23.156745803610082
8,47,26.052273607475772
8,48,29.48220788980761
8,49,32.415607028887706
8,50,33.10496756525971
8,51,33.60841351192457
8,52,31.636837316470206
8,53,28.08640981698469
8,54,27.217655600727316
8,55,25.826121487581435
8,56,28.067770723913213
8,57,28.45117283044322
8,58,28.316986877213164
8,59,26.978944660854143
8,60,29.461106367420438
8,61,29.49687720919286
8,62,27.173802188019003
8,63,25.416734976783147
8,64,22.629109694208395
8,65,22.90726209519464
8,66,22.49199626993546
8,67,21.028938719731684
8,68,22.678759509655567
8,69,25.04685593631842
8,70,24.47904176155598
8,71,26.78714850391376
8,72,25.739037907627655
8,73,22.229950618565653
8,74,19.39210625079022
8,75,17.89629006737495
8,76,14.399062327480326
8,77,13.169700787250349
8,78,14.909333286495329
8,79,14.073197203816576
8,80,13.8621896683786
8,81,14.361594273631498
8,82,13.565400739096647
8,83,15.65379037149102
8,84,15.453966368192924
8,85,15.633298361482654
8,86,13.755791975580035
8,87,12.619459405522194
8,88,10.428634774174178
8,89,11.622520984345858
8,90,10.573801782085587
8,91,13.425272002644286
8,92,13.956181411650986
8,93,15.885756921928898
8,94,19.587788469171617
8,95,19.52768725569307
8,96,19.184377928168278
8,97,18.44206091779601
8,98,17.790772663147173
8,99,18.647425952843225
8,100,19.09334167307134
8,101,18.287533681623266
8,102,17.41089641870939
8,103,15.746986914839415
8,104,12.55118879272165
8,105,11.067397270004617
8,106,8.98348261606216
8,107,10.973620940845072
8,108,10.960497564263639
8,109,13.594940788079082
8,110,16.181274822219663
8,111,16.355531826335334
8,112,19.108956143901505
8,113,18.88913786649252
8,114,15.284369904076678
8,115,12.83724915571421
8,116,9.533754545892888
8,117,7.436735432200839
8,118,8.820442626628415
8,119,7.039590340737862
9,1,22.169382514837505
9,2,19.38718771672228
9,3,15.829455846213332
9,4,15.584114662443593
9,5,11.848789980805606
9,6,9.002482626083623
9,7,6.658800729206096
9,8,3.81794844985478
9,10,3.8078397746545245
9,11,6.64953422652087
9,12,8.608017294119943
9,13,7.331193444494773
9,14,8.233190422809844
9,15,8.601563108566413
9,16,11.869235384772818
9,17,14.722890885851587
9,18,18.147536391108492
9,19,19.862958521988464
9,20,19.36439303564998
9,21,21.294287007521795
9,22,24.179040677335784
9,23,23.246454449531168
9,24,20.037420693093846
9,25,20.243547781789253
9,26,19.282939140406754
9,27,20.23803431283059
9,28,22.700576244527397
9,29,21.30537454967751
9,30,23.319066834409576
9,31,22.867881613166798
9,32,25.04140554144284
9,33,28.070584378483534
9,34,28.674501534815292
9,35,28.3589798230094
9,36,28.703698076702043
9,37,32.26770306235132
9,38,34.591986903591376
9,39,34.7765890934185
9,40,32.138962627548125
9,41,29.163189097202977
9,42,25.91526660222668
9,43,23.815400881329733
9,44,24.15025455279349
9,45,24.678366885172817
9,46,24.62538707920763
9,47,27.81974092752415
9,48,31.229685835295907
9,49,34.35222252770779
9,50,35.207673765794326
9,51,35.389656395327954
9,52,33.12822246524223
9,53,29.552543187439255
9,54,28.330325426296962
9,55,26.785787743460656
9,56,29.100312382474247
9,57,29.115401906015446
9,58,28.477407440767116
9,59,26.80012522978113
9,60,28.90160660056888
9,61,28.53768103832807
9,62,28.838783573280548
9,63,27.3819969456185
9,64,24.306987062487043
9,65,24.097568132038656
9,66,23.109899813640734
9,67,21.117884337921357
9,68,22.633903316772177
9,69,24.49151915274169
9,70,23.477761405286977
9,71,25.71373611096419
9,72,24.298160788187307
9,73,20.87331314354684
9,74,17.675105743511494
9,75,15.886728709827956
9,76,12.424828192260003
9,77,11.930538896768814
9,78,14.173772186902758
9,79,14.15532020067717
9,80,14.749626817149027
9,81,16.107526661079646
9,82,15.78545446527251
9,83,18.3892239868144
9,84,18.660380084663778
9,85,18.6812616394796
9,86,16.305634618693208
9,87,14.758491543917577
9,88,11.800076491418679
9,89,12.033077749614785
9,90,9.921289915655787
9,91,11.82250149440033
9,92,11.558746424645687
9,93,12.91486396206014
9,94,16.612942990655505
9,95,16.97650859906969
9,96,16.4721649474568
9,97,16.2273042023914
9,98,16.26987689331332
9,99,17.366230642051015
9,100,18.564956577984464
9,101,17.837273647141778
9,102,17.68222888446998
9,103,16.470050312793038
9,104,12.989677882032675
9,105,12.460067277002624
9,106,11.407973917761936
9,107,13.978420662852722
9,108,14.350995316743125
9,109,17.244597204741957
9,110,19.93185867858503
9,111,20.1723249923155
9,112,22.88877132248674
9,113,22.59096346636767
9,114,18.93687057942313
9,115,16.493657329354694
9,116,13.317539219051616
9,117,11.118022941872542
9,118,12.083751537780941
9,119,9.459640007007401
10,1,25.06760468060546
10,2,22.539568597372593
10,3,18.95692253744774
10,4,19.05255993842536
10,5,15.34792967103867
10,6,12.502314192407514
10,7,9.552600437044603
10,8,6.534410330198868
10,9,3.8078397746545245
10,11,3.871987188116865
10,12,5.614531821844858
10,13,5.184967934226764
10,14,7.785171969800763
10,15,9.083805205871936
10,16,12.819286899342043
10,17,15.817599673037918
10,18,18.870298026622155
10,19,21.094058447639917
10,20,21.244944607979757
10,21,23.367570520905964
10,22,26.546277427546432
10,23,26.02935176147949
10,24,22.843430091141258
10,25,23.31766258040763
10,26,22.27964812015895
10,27,23.444515242662398
10,28,25.694830710823762
10,29,24.254932337609986
10,30,25.96415389506924
10,31,25.21208603613552
10,32,27.38720904624144
10,33,30.27544834622281
10,34,31.179447407608276
10,35,31.204678462261214
10,36,31.66630124567068
10,37,35.19349900211637
10,38,37.71180851238635
10,39,38.001780849589345
10,40,35.21842387163398
10,41,32.29656624914357
10,42,29.194208586039704
10,43,27.003541076633756
10,44,27.043809903318863
10,45,27.552484230830586
10,46,27.15584220781061
10,47,30.322082044459684
10,48,33.55048201175194
10,49,36.57338543511271
10,50,37.1769289417239
10,51,37.10695561872776
10,52,34.90351368269508
10,53,31.476213404279875
10,54,30.406305194578653
10,55,29.16640314413857
10,56,31.756463955824064
10,57,31.87925459520076
10,58,31.07409404390443
10,59,29.474456493933854
10,60,31.473202998184192
10,61,31.044713440614206
10,62,30.007985354882894
10,63,28.963198272819707
10,64,25.969435016340405
10,65,25.86344520437917
10,66,24.5360494739792
10,67,22.581581990106816
10,68,24.471190069432918
10,69,26.121669342448556
10,70,25.171539311474273
10,71,27.64706555472099
10,72,26.259744584335845
10,73,23.08079914880401
10,74,19.809745257514404
10,75,17.48239926763857
10,76,14.419792707608075
10,77,13.977475621355612
10,78,16.813390191153633
10,79,17.364674060363853
10,80,17.85809460257722
10,81,19.402875290518455
10,82,18.695535344413553
10,83,21.112311682080747
10,84,21.079243948991742
10,85,20.508209223087803
10,86,18.13535158123459
10,87,15.884731934550034
10,88,12.735280923789372
10,89,11.856187794520366
10,90,8.889510641732617
10,91,10.104673148651509
10,92,8.975315209941675
10,93,10.772997709128642
10,94,14.19859999780063
10,95,14.088917294092505
10,96,13.116054268676738
10,97,12.57737706071195
10,98,12.795866022156016
10,99,13.742833283879397
10,100,15.25646318297347
10,101,14.771035367459005
10,102,15.22319054296564
10,103,14.707411839975794
10,104,11.446046156307558
10,105,12.037158096358093
10,106,11.98987508220567
10,107,15.237799341281558
10,108,16.431050708236697
10,109,19.194753852753447
10,110,22.16776386366255
10,111,22.16222910937551
10,112,25.08994987285776
10,113,25.23333390226398
10,114,21.671676110938787
10,115,19.243483776106956
10,116,15.765548815668838
10,117,13.013685155816955
10,118,12.882195528451302
10,119,9.452027955817305
11,1,28.64086102752219
11,2,25.92893977501932
11,3,22.404403783929116
11,4,22.223639079687157
11,5,18.46966127300878
11,6,15.596035695804552
11,7,13.0689930203662
11,8,10.033973095387497
11,9,6.64953422652087
11,10,3.871987188116865
11,12,3.8381741562548126
11,13,6.071919562146427
11,14,8.959134966425646
11,15,11.470398631111046
11,16,15.238897499866901
11,17,18.594855492616144
11,18,21.34546044601276
11,19,23.90542566791547
11,20,24.200252174442692
11,21,26.611302130716332
11,22,29.74627638344001
11,23,29.202025886982014
11,24,25.840929786419803
11,25,25.9636821162083
11,26,24.481147972016274
11,27,25.290249718528003
11,28,27.14057087514357
11,29,25.261281549538836
11,30,26.47334698249714
11,31,25.16969933698678
11,32,27.018501630898324
11,33,29.893534690316077
11,34,31.255684971032117
11,35,31.662153206215564
11,36,32.54673980365758
11,37,36.12733045499276
11,38,38.772498688380985
11,39,39.42485572556798
11,40,36.664672867186205
11,41,34.00728420481917
11,42,30.955599571231037
11,43,29.071670020394293
11,44,29.262393019019694
11,45,30.16252335207897
11,46,29.9379788057758
11,47,33.27067168999736
11,48,36.49069474837812
11,49,39.63246426718881
11,50,40.36902598209341
11,51,40.113870146541764
11,52,37.72480204225137
11,53,34.298627759450184
11,54,32.9719764628821
11,55,31.587993926014665
11,56,34.139933977584654
11,57,33.94183517177033
11,58,32.76095380220618
11,59,30.858496228117996
11,60,32.460437999057106
11,61,31.622007291656068
11,62,33.02993118402603
11,63,32.163083525129785
11,64,29.02299810528904
11,65,28.590686697315867
11,66,26.909188942921993
11,67,24.59393902162735
11,68,26.275284217551675
11,69,27.441714489765463
11,70,26.072583480109472
11,71,28.351454264161553
11,72,26.585974447302863
11,73,23.572257419907327
11,74,20.064242113528202
11,75,17.655427271992806
11,76,14.870098672448899
11,77,15.27517882724135
11,78,18.21229087033495
11,79,19.233486865363897
11,80,20.31672566872244
11,81,22.254100521157607
11,82,21.924625089713118
11,83,24.594066362091795
11,84,24.794161775405502
11,85,24.26502386191347
11,86,21.727417443471804
11,87,19.405103849949423
11,88,16.034731041587687
11,89,14.68546034078392
11,90,11.247608622746386
11,91,11.201900024111302
11,92,8.819624265174202
11,93,9.576286799315703
11,94,12.575056307370847
11,95,12.948266771145963
11,96,11.368861129162815
11,97,11.417620353931586
11,98,12.753715164553272
11,99,13.617925557722396
11,100,15.93699709596397
11,101,15.853920632308586
11,102,17.135508671315456
11,103,17.224262845948104
11,104,14.124946846226505
11,105,15.353438603582683
11,106,15.727765920862163
11,107,19.054439147631403
11,108,20.248106812068947
11,109,23.0473726786097
11,110,25.961433650693102
11,111,25.8720861287946
11,112,28.6757303114177
11,113,28.799469840850886
11,114,25.16071674353274
11,115,22.863642893052706
11,116,19.443087584934343
11,117,16.842871560275583
11,118,16.678704558344847
11,119,13.155383227171615
12,1,29.36817634352209
12,2,26.757627936692778
12,3,23.42097565592348
12,4,23.776639771560575
12,5,20.188781484509796
12,6,16.910150187499003
12,7,14.14548472446358
12,8,11.814016971150537
12,9,8.608017294119943
12,10,5.614531821844858
12,11,3.8381741562548126
12,13,3.82458886332281
12,14,6.962210328504336
12,15,10.057864441140111
12,16,13.693160871391145
12,17,17.11627886420522
12,18,19.351776744103578
12,19,22.322250590167236
12,20,23.150385053158406
12,21,25.88255015957313
12,22,29.179418545491373
12,23,29.077732969564536
12,24,25.671060784543496
12,25,25.973179143813528
12,26,24.345370862122078
12,27,25.493573635342386
12,28,27.08202025991424
12,29,25.406998337740333
12,30,26.405154035502562
12,31,25.109540938180672
12,32,27.26956839961287
12,33,29.7786840018959
12,34,31.18275794593865
12,35,31.877421104951967
12,36,32.62606775055078
12,37,36.044055969713924
12,38,38.940283591194074
12,39,39.592700618867944
12,40,36.586023607882424
12,41,33.96867889038271
12,42,31.203321362021672
12,43,29.133957599495357
12,44,28.886475900279066
12,45,29.818080653691897
12,46,29.259595163466468
12,47,32.6011562339723
12,48,35.5904832624565
12,49,38.68520227309206
12,50,39.30836992736268
12,51,38.71172969949373
12,52,36.26483061430886
12,53,33.00001891123786
12,54,31.702986298266197
12,55,30.594815020118098
12,56,33.409941736767465
12,57,33.315423669281024
12,58,31.960328390461232
12,59,30.26186513297182
12,60,31.83704952590839
12,61,31.141848512820083
12,62,31.389786657522794
12,63,30.93357743853199
12,64,27.770772393816163
12,65,27.209488311278964
12,66,25.14915311100716
12,67,22.820303074175694
12,68,24.761112343625967
12,69,25.70865068875117
12,70,24.520446988527613
12,71,27.08448462071981
12,72,25.591050474698697
12,73,22.927548586017707
12,74,19.641347673731243
12,75,16.68519852895147
12,76,14.518946822517952
12,77,14.571293655701073
12,78,17.985323332507104
12,79,19.621708764299004
12,80,20.47272889058574
12,81,22.760593197016597
12,82,22.16370601649539
12,83,24.85703229330912
12,84,25.196731997398302
12,85,24.21691115488187
12,86,21.389869014363086
12,87,18.669201257932666
12,88,15.090262801759167
12,89,12.97254686930943
12,90,9.2326971714035
12,91,8.115407150906364
12,92,5.176630917133949
12,93,5.9342865017505515
12,94,8.92127950419572
12,95,9.20363427492571
12,96,8.1344743626738
12,97,8.80483711610038
12,98,10.259846978552748
12,99,12.037508701377542
12,100,14.731720733883678
12,101,14.003358586083984
12,102,15.4692008794534
12,103,15.58330370179746
12,104,12.501053167367354
12,105,14.32929773878604
12,106,15.565790622048722
12,107,19.106762351080356
12,108,20.809516339693054
12,109,23.85104477131161
12,110,27.08214768308839
12,111,27.349381983897313
12,112,30.446940955486568
12,113,30.522247152984765
12,114,27.02050823591642
12,115,24.34274364913636
12,116,20.962329353532418
12,117,17.935350226327646
12,118,17.510158605582458
12,119,13.85147745862974
13,1,26.11177200590824
13,2,23.622498519691696
13,3,20.41919234867072
13,4,21.20566136587977
13,5,17.826882226198233
13,6,14.3607135607322
13,7,11.421015030190137
13,8,9.877440117277006
13,9,7.331193444494773
13,10,5.184967934226764
13,11,6.071919562146427
13,12,3.82458886332281
13,14,3.813714077943357
13,15,6.3486017431819874
13,16,10.012589332672356
13,17,13.33296569881931
13,18,15.668588630667195
13,19,18.55150286319583
13,20,19.421031261832486
13,21,22.135149533313076
13,22,25.493617235810333
13,23,25.561343063492437
13,24,22.228347642787263
13,25,22.806405856415935
13,26,21.413121720527492
13,27,22.961810741119542
13,28,24.74538291355983
13,29,23.514556553934298
13,30,24.85690957470487
13,31,24.069426420455496
13,32,26.63601878861777
13,33,29.030660268961604
13,34,30.015192286929757
13,35,30.467116430411274
13,36,30.798695251165082
13,37,34.10812439400277
13,38,36.986448511275135
13,39,37.343829207348115
13,40,34.22950200297119
13,41,31.42260037350398
13,42,28.737435840795936
13,43,26.36959349721674
13,44,25.84082198267932
13,45,26.52293237807192
13,46,25.742015374308583
13,47,28.998555758192115
13,48,31.929892896947994
13,49,34.96143586510747
13,50,35.51514093036491
13,51,34.93741407419971
13,52,32.553403568701576
13,53,29.305129416181867
13,54,28.15035596861672
13,55,27.202644507344395
13,56,30.128572446540804
13,57,30.293228111881906
13,58,29.164156495441265
13,59,27.77481439472312
13,60,29.674067393040882
13,61,29.384759019497732
13,62,27.601612006545697
13,63,27.1136015977878
13,64,23.977117669196844
13,65,23.527841336457247
13,66,21.585899793722344
13,67,19.47296899929583
13,68,21.643420324490062
13,69,22.934270320041687
13,70,22.15208970965394
13,71,24.975618818693818
13,72,23.908299105879596
13,73,21.20176171584576
13,74,18.21756368253768
13,75,15.167241345398992
13,76,12.96526835208932
13,77,12.110141873702407
13,78,15.640025069590877
13,79,17.191023516561554
13,80,17.516783208999758
13,81,19.73022151606001
13,82,18.817480239657662
13,83,21.41679505863229
13,84,21.80172170350406
13,85,20.673513132826347
13,86,17.726957330951922
13,87,14.96032120715398
13,88,11.324189692316738
13,89,9.237341469529307
13,90,5.592232546341174
13,91,5.279087550882928
13,92,4.243885381362371
13,93,6.217190027656047
13,94,9.783126389134859
13,95,9.77212951097177
13,96,9.944147064865971
13,97,10.319435215984216
13,98,10.531512487977654
13,99,12.840284531573722
13,100,14.845716777273031
13,101,13.318745304214723
13,102,13.878974809553789
13,103,13.144270693647307
13,104,9.653176105622348
13,105,11.016715613961582
13,106,12.317326821441492
13,107,15.776517804645906
13,108,17.59542163513297
13,109,20.810366602227216
13,110,24.17674559855402
13,111,24.8044663417468
13,112,28.066465442611396
13,113,27.98361444026537
13,114,24.626876323325497
13,115,21.65573033107533
13,116,18.415418380574387
13,117,15.206632700975057
13,118,14.94076072790687
13,119,11.512679386835355
14,1,24.408489268230305
14,2,21.753114224902717
14,3,18.908540001113582
14,4,19.88930967361237
14,5,16.840445769818597
14,6,13.098398467837658
14,7,10.775855629770442
14,8,10.437317537760173
14,9,8.233190422809844
14,10,7.785171969800763
14,11,8.959134966425646
14,12,6.962210328504336
14,13,3.813714077943357
14,15,3.8046479950973633
14,16,6.980359188692318
14,17,10.64613153905194
14,18,12.87768179812119
14,19,15.777887467534528
14,20,16.521723557695054
14,21,19.54520569451595
14,22,22.750203338715114
14,23,22.850337843533467
14,24,19.373742189521135
14,25,19.75265388457014
14,26,18.110622461923146
14,27,19.754862654363727
14,28,21.345117871084348
14,29,20.299402076185526
14,30,21.629068680981195
14,31,21.085759587632193
14,32,23.94082362040982
14,33,26.115906364524992
14,34,26.88509309017334
14,35,27.33923948215107
14,36,27.481566907182632
14,37,30.67601335023582
14,38,33.64008158187458
14,39,33.96390138316163
14,40,30.74535510033756
14,41,27.979908737163914
14,42,25.472870996464458
14,43,23.07180487788484
14,44,22.3891251078621
14,45,23.25590189514364
14,46,22.529019063087304
14,47,25.910646971293758
14,48,28.818500479619722
14,49,31.976746656599836
14,50,32.76052922930545
14,51,32.07283983374092
14,52,29.47455715805507
14,53,26.177316669975898
14,54,24.76822878975213
14,55,23.703044001300096
14,56,26.623763175874025
14,57,26.691644925435586
14,58,25.452302143066756
14,59,24.116678197671444
14,60,26.03907403634215
14,61,25.899541097993357
14,62,25.113247110890647
14,63,24.59514564423417
14,64,21.236730757424656
14,65,20.37975285075571
14,66,18.27200082228125
14,67,15.895256103437776
14,68,17.904824634246317
14,69,19.13594188448533
14,70,18.37262438248194
14,71,21.26021809536979
14,72,20.382486444058816
14,73,17.760926893631293
14,74,15.040454054209835
14,75,11.87131667297117
14,76,9.969621141699267
14,77,8.633337639462802
14,78,12.323612406498654
14,79,14.271130308862887
14,80,14.577521980682922
14,81,17.189550783642044
14,82,16.4907597309239
14,83,19.384771055771353
14,84,20.34745162875945
14,85,19.375475174351138
14,86,16.030752029767516
14,87,13.591046950448396
14,88,9.77839652654324
14,89,8.083451583637546
14,90,5.350193496450848
14,91,5.125444841238281
14,92,6.033067174416109
14,93,6.736953618413796
14,94,10.377098036667507
14,95,11.143545433774506
14,96,12.373358230115322
14,97,13.384051567001634
14,98,13.424822378259753
14,99,16.174258174768024
14,100,18.003386800820408
14,101,15.943958561100812
14,102,15.928234748932619
14,103,14.410248087171961
14,104,10.699316147774768
14,105,11.224194902429407
14,106,12.33687555460389
14,107,15.287918779510413
14,108,16.797428025414014
14,109,20.353984218480992
14,110,23.686824698204394
14,111,24.8719710452114
14,112,28.124729213539233
14,113,27.5675492553129
14,114,24.311512364748964
14,115,21.056370510962413
14,116,18.2606267924937
14,117,15.250346284830902
14,118,15.691849017513935
14,119,12.852483235767663
15,1,20.961180953091656
15,2,18.527772168338487
15,3,15.817376264023416
15,4,17.30616452426128
15,5,14.603430181311392
15,6,10.922909262325552
15,7,8.520500461175898
15,8,9.370902646948949
15,9,8.601563108566413
15,10,9.083805205871936
15,11,11.470398631111046
15,12,10.057864441140111
15,13,6.3486017431819874
15,14,3.8046479950973633
