1,2,3.8170872407937213
1,3,6.701332051798039
1,4,9.055558484268417
1,5,11.726309717930599
1,6,14.296942212399827
1,7,15.910437924325093
1,8,19.21378112171379
1,9,22.356326377419407
1,10,24.909565943032415
1,11,28.56850404527816
1,12,30.073055021962077
1,13,26.771974588444863
1,14,24.7702101686854
1,15,21.14984405011071
1,16,20.072998206404296
1,17,17.637278359766047
1,18,19.68082005879031
1,19,17.16833706582797
1,20,13.9852243561628
1,21,11.189671111161665
1,22,10.753662499372027
1,23,8.438530849289462
1,24,9.732841266435083
1,25,11.627449604613638
1,26,15.088085105159916
1,27,17.072114816543728
1,28,20.721995784127703
1,29,23.180630625395917
1,30,26.84171637130417
1,31,29.668521378809427
1,32,28.042137473432643
1,33,29.064153734845156
1,34,29.277064482397904
1,35,25.54864285198399
1,36,22.491629416861446
1,37,19.84335004541852
1,38,17.079384791427746
1,39,16.505784056938907
1,40,13.737150252854965
1,41,13.61318610454
1,42,13.863021861740187
1,43,16.73989327265878
1,44,18.582060376424064
1,45,19.295574614922774
1,46,21.546765202295557
1,47,20.36244133594805
1,48,17.874965121762877
1,49,18.637427476770586
1,50,17.892682544128462
1,51,18.468480313029158
1,52,20.537052167582935
1,53,23.338002593064555
1,54,24.06449415995741
1,55,27.57773666525573
1,56,29.120793320013554
1,57,32.429122746391116
1,58,33.60950393684693
1,59,19.960622552454574
1,60,16.317244531805834
1,61,15.407820633717733
1,62,16.81567488385013
1,63,19.698068000569627
1,64,20.009261837038924
1,65,21.29942006456587
1,66,24.989186408564702
1,67,25.96566775950316
1,68,27.125716130653355
1,69,30.249990971938733
1,70,29.12846325675636
1,71,26.1856882964049
1,72,26.503909823160967
1,73,25.4619345342919
1,74,22.52607526158175
1,75,19.80880881603104
1,76,17.143274344000833
1,77,13.963095558613146
1,78,10.368105508703902
1,79,8.836934146655317
1,80,5.684364965883946
1,81,5.623124415125799
1,82,9.121673722591414
1,83,10.699860420565965
1,84,14.318187032405978
1,85,16.925982599756356
1,86,20.668239620790935
1,87,23.27163605598395
1,88,26.78138421304605
1,89,30.008552200420784
1,90,32.02349956013818
1,91,35.67278015636418
1,92,34.7371120265598
1,93,35.96063546365055
1,94,34.32278694689804
1,95,33.405788802079
1,96,34.24093962471057
1,97,30.872641990176085
1,98,31.6286703407421
1,99,28.438392304375053
1,100,25.57381061284665
1,101,22.106554721713735
1,102,19.804653920249073
1,103,16.57611047084738
1,104,13.500224643404813
1,105,10.020537265904856
1,106,9.985349248935302
1,107,8.835708889186785
1,108,12.4330840399705
1,109,13.360464254447272
1,110,10.905245588197905
1,111,10.50391156590585
1,112,9.026826674754984
1,113,12.094381997075741
1,114,14.015282386571624
2,1,3.8170872407937213
2,3,3.8162511806253776
2,4,6.125515060023352
2,5,8.805547179713741
2,6,10.985230001491646
2,7,12.953283362209595
2,8,16.428041994194956
2,9,19.283406672266754
2,10,22.099960076306303
2,11,25.624979018753965
2,12,27.121976297862027
2,13,23.907981047821725
2,14,21.794601999516708
2,15,18.32420565430362
2,16,17.406724630557022
2,17,15.437400133573915
2,18,17.92666699028113
2,19,15.83717587138963
2,20,12.44271295617558
2,21,10.55363901505761
2,22,10.720214329113947
2,23,7.950103586260609
2,24,7.688620548034147
2,25,8.92037330802609
2,26,12.005232561320543
2,27,13.80821791743784
2,28,17.552739989711085
2,29,19.750213307525343
2,30,23.344836330926597
2,31,26.530236528304894
2,32,25.174500294667588
2,33,26.437631986964302
2,34,27.030515046588913
2,35,23.392829151599937
2,36,20.24475266094245
2,37,17.28832051712435
2,38,14.455774645889178
2,39,14.27920700217803
2,40,12.170097825895185
2,41,12.482629430633326
2,42,13.745997277520377
2,43,17.14667429766296
2,44,19.6379428071548
2,45,20.827923309396144
2,46,22.625469286957973
2,47,20.829507063536337
2,48,17.82305201745089
2,49,17.892378376307917
2,50,16.518356442430452
2,51,17.2977726504844
2,52,18.821768718600904
2,53,21.202957097895542
2,54,21.457820424267787
2,55,24.81866417741373
2,56,26.06266887757579
2,57,29.27007001183563
2,58,30.279270095963643
2,59,20.285191615530415
2,60,16.899870034551064
2,61,15.13877020209019
2,62,15.832504846231734
2,63,18.218932569125084
2,64,17.852650307104046
2,65,18.987671185534047
2,66,22.499222637658924
2,67,23.06627789801165
2,68,24.203438903606934
2,69,27.17698922297074
2,70,25.796882793553554
2,71,22.7260158218481
2,72,22.845337962214323
2,73,21.761640416991643
2,74,18.928470287169795
2,75,16.24094750328453
2,76,13.409705025729517
2,77,10.406603403891877
2,78,6.73007732303754
2,79,5.8058402568486684
2,80,4.109703090785702
2,81,5.720029931938265
2,82,9.344509054113741
2,83,9.640310351562196
2,84,12.989627492851028
2,85,14.88511658161859
2,86,18.638254529681923
2,87,20.912107393148446
2,88,24.34058681673865
2,89,27.439623144940118
2,90,29.211479217379956
2,91,32.84581187022459
2,92,31.979914915634016
2,93,33.49349734397063
2,94,32.102606289051316
2,95,31.529402834439367
2,96,32.62175607235618
2,97,29.45520537968636
2,98,30.398670547290884
2,99,27.449878176995117
2,100,24.265286678660114
2,101,21.04950529760235
2,102,18.42929320357696
2,103,14.865301609350755
2,104,12.426340432782272
2,105,9.1019004235701
2,106,10.269066945797674
2,107,9.945713563387677
2,108,13.24233889415047
2,109,14.810276805661916
2,110,12.183732552632497
2,111,10.554562880173496
2,112,8.306299888705636
2,113,10.778969886660247
2,114,12.290618732138965
3,1,6.701332051798039
3,2,3.8162511806253776
3,4,3.7937794446367548
3,5,5.253588659577021
3,6,7.615271203058463
3,7,9.520981069599099
3,8,12.790564500412893
3,9,15.815866917904462
3,10,18.601930235509908
3,11,22.189841343575758
3,12,23.936012171548175
3,13,20.87521945502517
3,14,19.141330883196268
3,15,15.796894372402656
3,16,15.57429578837395
3,17,14.160956536373114
3,18,17.183671355931725
3,19,15.841069564317635
3,20,12.876492690660738
3,21,11.714847245636218
3,22,12.988956374579288
3,23,10.796808090103186
3,24,9.479989649211376
3,25,10.54109649948803
3,26,12.747931740056611
3,27,14.426013002499579
3,28,18.177544802125688
3,29,19.80469590862984
3,30,23.132599609714656
3,31,27.07603139650702
3,32,26.18916885408111
3,33,27.763811602756746
3,34,28.813508580502535
3,35,25.332362047867854
3,36,22.141955656872007
3,37,18.92143941773134
3,38,16.06837946261005
3,39,16.140932347192617
3,40,14.619379184710834
3,41,14.736134879753637
3,42,16.5837736948711
3,43,20.049342485219814
3,44,22.70176142639382
3,45,23.7203133958081
3,46,25.183689050514932
3,47,23.255925527337535
3,48,20.07597563834936
3,49,20.040361522845842
3,50,18.56369867040712
3,51,19.816447371916865
3,52,21.028456961540975
3,53,22.917913466185603
3,54,22.725273850387516
3,55,25.86638881566656
3,56,26.692482900478524
3,57,29.714710570903943
3,58,30.398959528651712
3,59,21.651026615574764
3,60,18.587573966714118
3,61,16.477456929301233
3,62,17.145502740050052
3,63,18.92944610879736
3,64,18.110657263378652
3,65,19.627000969124342
3,66,22.90636176815608
3,67,23.142693816291203
3,68,24.59713528119679
3,69,27.427870487985107
3,70,25.69135958795067
3,71,22.305386993213396
3,72,21.822772408264655
3,73,20.174931303036466
3,74,17.228408540337785
3,75,15.162913406922904
3,76,12.262822848832167
3,77,9.769179036643198
3,78,6.637334448181779
3,79,5.446809108833154
3,80,5.214511558294997
3,81,5.644294050520418
3,82,8.808727071545388
3,83,8.758175688174168
3,84,11.332904392394546
3,85,12.847857284877971
3,86,16.387249435098287
3,87,18.23683356380367
3,88,21.79370971139304
3,89,24.657456713406127
3,90,26.591397412769627
3,91,30.098746675879067
3,92,28.944287172831892
3,93,30.449731641223124
3,94,28.940078715055886
3,95,28.532574301304322
3,96,29.505915793849912
3,97,26.469706644020075
3,98,27.74033262342658
3,99,25.029343093400666
3,100,21.75717119813428
3,101,18.603498075671066
3,102,15.59705617337683
3,103,11.884583660780901
3,104,9.973994129538022
3,105,6.706375196472443
3,106,8.368883449115062
3,107,8.73146004713795
3,108,11.418717142626083
3,109,13.665152544242718
3,110,11.419270577609272
3,111,8.803350861087285
3,112,5.7517933442208395
3,113,7.379976713912959
3,114,8.755695586998238
4,1,9.055558484268417
4,2,6.125515060023352
4,3,3.7937794446367548
4,5,3.802080473360302
4,6,6.924168260047658
4,7,10.019388916902212
4,8,12.776445478178333
4,9,15.505696820351371
4,10,18.69912809007744
4,11,22.092800411167477
4,12,24.24004108331492
4,13,21.58142530882982
4,14,20.088695708445112
4,15,17.178822822288065
4,16,17.49139404555291
4,17,16.748551158846837
4,18,20.0463470723467
4,19,19.00915261554148
4,20,15.965463569529446
4,21,15.16410592955186
4,22,16.173258272257947
4,23,13.486036931842312
4,24,11.911041511174789
4,25,11.834414554714222
4,26,13.581817167237684
4,27,14.275514428153452
4,28,17.98900947777152
4,29,19.05736763126153
4,30,22.313262860194957
4,31,26.015632413808397
4,32,25.541929664143026
4,33,26.894913107789055
4,34,28.26653010566315
4,35,24.97266133193913
4,36,22.112627455613318
4,37,18.58109719391767
4,38,16.305889824210446
4,39,17.23366225585193
4,40,16.285113111752278
4,41,17.148509047697534
4,42,19.148039691949638
4,43,22.764836099620567
4,44,25.52594455585831
4,45,26.84052615575142
4,46,28.41762048817885
4,47,26.350898834695574
4,48,23.068531629133687
4,49,22.622189961579902
4,50,20.662907232540487
4,51,21.52160467544965
4,52,22.18830627751326
4,53,23.87372316579519
4,54,23.157686224701692
4,55,25.972278619178034
4,56,26.3303792324386
4,57,29.030241283815517
4,58,29.275745246042703
4,59,25.204737986484847
4,60,22.143676641960965
4,61,19.88562684472983
4,62,20.148803020004166
4,63,21.728683207788023
4,64,20.432771307554923
4,65,21.516170565635882
4,66,24.521105889771324
4,67,24.201519958237583
4,68,25.283676154851108
4,69,27.72457732925017
4,70,25.570841738841537
4,71,22.1814842170633
4,72,21.329574069811173
4,73,19.75633993413319
4,74,17.316713778696013
4,75,15.426581550308228
4,76,11.98836804749468
4,77,10.500188625689015
4,78,7.581815936687825
4,79,8.14632975397082
4,80,8.744347722356302
4,81,9.309209065485415
4,82,12.49272683780441
4,83,12.334415906482022
4,84,14.493384523996943
4,85,15.411478173866243
4,86,18.683080146151774
4,87,19.927417394064005
4,88,23.39358189432384
4,89,25.882805381981015
4,90,27.61655518667225
4,91,30.95225730460797
4,92,29.63095325522052
4,93,31.429087263476998
4,94,30.013341649906877
4,95,30.028714318723132
4,96,30.950466195644655
4,97,28.183237920294953
4,98,29.84511874355204
4,99,27.44092283860069
4,100,24.077775227396266
4,101,21.1027289369079
4,102,17.75419469266784
4,103,13.973089856253003
4,104,12.776147196303414
4,105,9.68557456842023
4,106,10.906465456598168
4,107,10.570513791793472
4,108,12.426478837805703
4,109,14.215806154528385
4,110,11.473990694986478
4,111,8.378418881074879
4,112,6.412034395339849
4,113,8.026887766936328
4,114,10.002145775937564
5,1,11.726309717930599
5,2,8.805547179713741
5,3,5.253588659577021
5,4,3.802080473360302
5,6,3.8166583793539406
5,7,6.6879931936621375
5,8,9.049046538794535
5,9,11.913410344927787
5,10,15.01327892088889
5,11,18.451863475410686
5,12,20.755899669817218
5,13,18.24028877949009
5,14,17.142740137512423
5,15,14.454671222696575
5,16,15.441906988199031
5,17,15.271933875000736
5,18,18.84981938638749
5,19,18.508879548199822
5,20,16.00543547584813
5,21,15.809745998692875
5,22,17.615560772852636
5,23,15.507033716312051
5,24,13.3694912928673
5,25,13.518737531836143
5,26,14.534468717190196
5,27,15.392118332151304
5,28,18.89928546479627
5,29,19.53418490971325
5,30,22.402102216188318
5,31,26.919899472147907
5,32,26.778466085913696
5,33,28.529524157382443
5,34,30.209049990935053
5,35,27.056820020601975
5,36,24.073534384346292
5,37,20.534633338776025
5,38,18.091527764834332
5,39,18.871455343753222
5,40,18.246527544739408
5,41,18.69544003184672
5,42,21.09049478641433
5,43,24.695622814137806
5,44,27.58594520715744
5,45,28.720247210136392
5,46,29.929137566454738
5,47,27.75138802816278
5,48,24.364491748723125
5,49,23.909250369772852
5,50,22.025559285409408
5,51,23.40404282899151
5,52,23.965695341628827
5,53,25.224323445259365
5,54,24.282418668973662
5,55,26.92772872342552
5,56,27.02668964943311
5,57,29.60058477535449
5,58,29.672607092203037
5,59,25.65925973375157
5,60,22.95430305903671
5,61,20.450520758490583
5,62,20.71057523444216
5,63,21.745632872534518
5,64,20.17081341993564
5,65,21.64933347395712
5,66,24.40519545408572
5,67,23.916390055066
5,68,25.39455830505537
5,69,27.757289375198503
5,70,25.42507579705736
5,71,21.802981813911476
5,72,20.443621204579987
5,73,18.266725591290495
5,74,15.671263572571542
5,75,14.555361765023855
5,76,11.475937408203771
5,77,10.526808090103854
5,78,8.681317706769656
5,79,8.714169271682927
5,80,10.042586653608668
5,81,10.126071186149238
5,82,12.418904256403552
5,83,11.802364935698014
5,84,12.99375237976218
5,85,13.355374504010257
5,86,16.1941063818564
5,87,16.95681714238922
5,88,20.43306390047635
5,89,22.670217932267413
5,90,24.539616149958444
5,91,27.736411437675635
5,92,26.189474259372922
5,93,27.9471682267622
5,94,26.462705195443352
5,95,26.624393627374037
5,96,27.498183391399373
5,97,24.89470845045122
5,98,26.791114461482238
5,99,24.659852356115664
5,100,21.255455159202675
5,101,18.499624982587857
5,102,14.929849143650065
5,103,11.211536767183302
5,104,10.888028691654153
5,105,8.591637760791556
5,106,10.342559579654386
5,107,11.001283035650903
5,108,12.179014454477946
5,109,14.700224349935315
5,110,12.740825332579155
5,111,9.112573357792387
5,112,6.483199159092394
5,113,6.043405354198133
5,114,7.132470855497546
6,1,14.296942212399827
6,2,10.985230001491646
6,3,7.615271203058463
6,4,6.924168260047658
6,5,3.8166583793539406
6,7,3.84281739233818
6,8,6.5018704450113765
6,9,8.712469312299579
6,10,12.05515919664883
6,11,15.305473340409836
6,12,17.36495106130494
6,13,14.848263084451341
6,14,13.598293739593606
6,15,11.19527223457729
6,16,12.515661098604381
6,17,13.095341053344349
6,18,16.84454464841768
6,19,17.143203702651874
6,20,15.018415017383717
6,21,15.73546177752447
6,22,17.980639652757123
6,23,16.23737307454698
6,24,13.385454132587432
6,25,13.269012855494971
6,26,13.322312924747884
6,27,14.185549200275505
6,28,17.32565491228743
6,29,17.597990786797478
6,30,20.08359456325637
6,31,25.275816908191302
6,32,25.364276528667116
6,33,27.526675102583713
6,34,29.459853144663086
6,35,26.497541399801015
6,36,23.42457080998181
6,37,19.9822313331837
6,38,17.455479222896614
6,39,18.17862516075169
6,40,18.136578792743435
6,41,18.464112535899083
6,42,21.36760192339695
6,43,24.99753149350063
6,44,28.162366282625904
6,45,29.434088901560568
6,46,30.184765333061282
6,47,27.68340592217457
6,48,24.12246655737107
6,49,23.32213614289876
6,50,21.286577057541
6,51,23.027974939738044
6,52,23.269741631490405
6,53,23.99239536757974
6,54,22.772996001292576
6,55,25.187598889660986
6,56,25.070253296513993
6,57,27.544083994282115
6,58,27.573396651642344
6,59,25.254898339938514
6,60,22.976755389397212
6,61,20.04358802005573
6,62,19.837860443767653
6,63,20.22023035902112
6,64,18.162384954631875
6,65,19.672529072426656
6,66,22.05130244273701
6,67,21.284003115324378
6,68,22.97952235818032
6,69,25.211742569909
6,70,22.77843405505948
6,71,19.0402915144735
6,72,17.384893354512688
6,73,14.86454462867201
6,74,12.191377595463127
6,75,11.632790888381653
6,76,9.026903738282842
6,77,8.804611070035477
6,78,8.416424906330885
6,79,8.710546974467157
6,80,11.196185910350781
6,81,11.90315821207195
6,82,13.444392095437314
6,83,11.780718808721426
6,84,12.125390240519511
6,85,11.403210563032504
6,86,13.829053749759616
6,87,14.108056497511182
6,88,17.331955948121223
6,89,19.426940599932788
6,90,21.027424685709782
6,91,24.22226428215701
6,92,22.845716220317673
6,93,24.848131246471304
6,94,23.702468899541596
6,95,24.15195595264347
6,96,25.41196762209242
6,97,23.05234874037697
6,98,24.93400156918105
6,99,23.083661728979735
6,100,19.46954257547198
6,101,17.227376668434502
6,102,13.705521969897628
6,103,10.082808771908269
6,104,10.85479307007643
6,105,9.74873425087751
6,106,12.428000711093821
6,107,13.956681771821602
6,108,15.137174207510144
6,109,18.044210040780516
6,110,16.396291462829414
6,111,12.760649305392326
6,112,9.81177292359673
6,113,8.30825265361783
6,114,7.543351253400087
7,1,15.910437924325093
7,2,12.953283362209595
7,3,9.520981069599099
7,4,10.019388916902212
7,5,6.6879931936621375
7,6,3.84281739233818
7,8,3.846082887625742
7,9,6.517863290134183
7,10,9.15865695633269
7,11,12.693862530244415
7,12,14.486266626557969
7,13,11.671727420218048
7,14,10.666813791655073
7,15,8.105930636927065
7,16,9.9785794093204
7,17,10.872756391693407
7,18,14.626316786850522
7,19,15.55560472141257
7,20,14.22509032670685
7,21,15.33811828772508
7,22,18.22992160918024
7,23,17.26243879444455
7,24,14.369858519995384
7,25,14.945043644320009
7,26,14.772904690703148
7,27,16.255545516883945
7,28,19.1326869174687
7,29,19.471585867141442
7,30,21.637793478333762
7,31,27.377045550117785
7,32,27.4117813191863
7,33,29.903252381812646
7,34,31.794134105469457
7,35,28.84252395387542
7,36,25.56780430425734
7,37,22.37430556307089
7,38,19.519841723620406
7,39,19.6521644784266
7,40,19.506938210145787
7,41,19.144173935031148
7,42,22.11557767922334
7,43,25.522735793600734
7,44,28.62670014385452
7,45,29.569092623286018
7,46,29.956690191456914
7,47,27.512372038368945
7,48,24.038774524099075
7,49,23.49081937825729
7,50,21.86722737531478
7,51,24.14249588573989
7,52,24.619993504225093
7,53,25.15754977841946
7,54,24.139696602037226
7,55,26.582393013326413
7,56,26.5922162059282
7,57,29.13628424633335
7,58,29.335650330054783
7,59,24.08356394333143
7,60,22.222853580682145
7,61,19.276061458735025
7,62,19.290413330341988
7,63,19.24412196601473
7,64,17.29575417219313
7,65,19.412063410168624
7,66,21.660697717645327
7,67,21.155591407411983
7,68,23.406263428592816
7,69,25.78787273487121
7,70,23.572686962602937
7,71,19.779180877563764
7,72,18.048819905105177
7,73,15.041645176743184
7,74,11.919683885401868
7,75,12.094962807595186
7,76,10.578565061085861
7,77,10.138365198346147
7,78,10.447785072795659
7,79,9.60736339155266
7,80,11.995287158594907
7,81,12.223980418967464
7,82,12.641159025739228
7,83,10.605822573472533
7,84,9.782359288932271
7,85,8.488028313207586
7,86,10.37300775789336
7,87,10.446983737342844
7,88,13.821480735760744
7,89,15.98404300952383
7,90,17.94231108408578
7,91,21.16529205891592
7,92,19.68874568155085
7,93,21.411609980531647
7,94,20.12025906434548
7,95,20.387900696771965
7,96,21.698484262443614
7,97,19.296303777635515
7,98,21.119419497586094
7,99,19.349585121238647
7,100,15.710834781653402
7,101,13.683619984366866
7,102,10.20459538138963
7,103,6.842688513585052
7,104,8.645111922622252
7,105,8.936212279729903
7,106,12.012710689366813
7,107,14.448412716389837
7,108,15.444503969473235
7,109,18.841029870027484
7,110,17.901306397935254
7,111,14.403635140142846
7,112,11.07631349074948
7,113,8.537451925817845
7,114,6.05510182162735
8,1,19.21378112171379
8,2,16.428041994194956
8,3,12.790564500412893
8,4,12.776445478178333
8,5,9.049046538794535
8,6,6.5018704450113765
8,7,3.846082887625742
8,9,3.817517683343073
8,10,6.0346142698609615
8,11,9.68522842720745
8,12,12.146262656749728
8,13,10.01562151617899
8,14,10.30205781680856
8,15,8.8635818484512
8,16,11.818925661924403
8,17,13.416204382759787
8,18,17.025380096202646
8,19,18.509913389077326
8,20,17.651356213861785
8,21,18.884776633648546
8,22,21.93303622682663
8,23,21.078374090675368
8,24,18.209907240577955
8,25,18.696871658513228
8,26,18.27185390252209
8,27,19.453474387637637
8,28,22.08960242896558
8,29,21.935925248505477
8,30,23.679991165840185
8,31,29.68086167316136
8,32,30.09796227328924
8,33,32.66259674051039
8,34,34.806565120746576
8,35,32.02691211555904
8,36,28.867513479308194
8,37,25.62414611368687
8,38,22.960593314599247
8,39,23.264955381597996
8,40,23.29535351016569
8,41,22.921643733138236
8,42,25.91820804077039
8,43,29.27856934965995
8,44,32.34938232260696
8,45,33.16333979613947
8,46,33.46156581768687
8,47,31.06454896779174
8,48,27.634925419527466
8,49,27.111837581405815
8,50,25.51542182738264
8,51,27.863216300013928
8,52,28.1997649376113
8,53,28.503355635565978
8,54,27.24547438841972
8,55,29.41517661475927
8,56,29.081161572896477
8,57,31.329770095528115
8,58,31.192722301826766
8,59,27.174930115983088
8,60,25.530486643682423
8,61,22.644028881243273
8,62,22.723728891581263
8,63,22.371452613649264
8,64,20.306313192074565
8,65,22.504394409848732
8,66,24.407343961690305
8,67,23.641935096682502
8,68,25.98035695684889
8,69,28.073844302924087
8,70,25.637386082464822
8,71,21.83709841730342
8,72,19.579378486909093
8,73,16.1783254659749
8,74,13.469662196607748
8,75,14.565522805757936
8,76,13.369399691541814
8,77,13.61771600443391
8,78,14.155325656308705
8,79,13.439975008775322
8,80,15.636884853189304
8,81,15.384550332640668
8,82,15.490440718473778
8,83,13.751599576438997
8,84,12.244184671239179
8,85,10.599965777331338
8,86,11.29324226064268
8,87,10.184308997856714
8,88,13.26658444604752
8,89,14.62396386543749
8,90,16.784748800910954
8,91,19.557987552934467
8,92,17.520579188455898
8,93,19.1865099275908
8,94,17.694317861778824
8,95,18.347364515105465
8,96,19.382103675811027
8,97,17.3922056772072
8,98,19.769713503749323
8,99,18.590281300299143
8,100,15.143776200538133
8,101,13.619181839952383
8,102,10.051223594812864
8,103,7.701024867786939
8,104,10.514320500236563
8,105,11.420516320398114
8,106,13.935074470043453
8,107,16.38187080300968
8,108,16.54151619253317
8,109,19.98084049299433
8,110,19.49271040936495
8,111,15.920580231105454
8,112,13.044141594473611
8,113,9.801617407983903
8,114,7.0858579941410715
9,1,22.356326377419407
9,2,19.283406672266754
9,3,15.815866917904462
9,4,15.505696820351371
9,5,11.913410344927787
9,6,8.712469312299579
9,7,6.517863290134183
9,8,3.817517683343073
9,10,3.8093007559985836
9,11,6.614248721001225
9,12,9.138875249816245
9,13,7.669356021645168
9,14,8.390736089366818
9,15,8.39225405162513
9,16,11.854664240441132
9,17,14.383991967853
9,18,17.850593464322685
9,19,19.86369591164117
9,20,19.27258894508892
9,21,21.09408409980804
9,22,24.159313791781695
9,23,23.33997876490365
9,24,20.120667521913248
9,25,20.148426710198084
9,26,19.011764342934896
9,27,19.819180044559815
9,28,21.923987058183307
9,29,21.220764403216705
9,30,22.38265514084214
9,31,28.712387084528622
9,32,29.50274340966609
9,33,32.276393190160135
9,34,34.69909502712959
9,35,32.221283038788776
9,36,29.19804535984095
9,37,26.06369602294107
9,38,23.637712927614146
9,39,24.129202518967784
9,40,24.71428334605087
9,41,24.49941116852231
9,42,27.78596767416357
9,43,31.159837320438356
9,44,34.422269870293164
9,45,35.44844547952161
9,46,35.47143218997904
9,47,32.81551261201227
9,48,29.286363394776192
9,49,28.381931679826888
9,50,26.561807781011453
9,51,28.970408835464763
9,52,28.889727273480794
9,53,28.688805596301687
9,54,27.06479757569147
9,55,28.816336888391803
9,56,28.101655329976566
9,57,30.02631256425544
9,58,29.650920569441496
9,59,28.994999172796447
9,60,27.665165666232074
9,61,24.509958171914445
9,62,24.103920633132365
9,63,23.210006568423314
9,64,20.68512047192059
9,65,22.629076129145496
9,66,23.966309521585984
9,67,22.741018865363188
9,68,25.061736489087956
9,69,26.763716524819678
9,70,24.14490234673391
9,71,20.42683623508882
9,72,17.738118294745842
9,73,14.080511143356434
9,74,11.89848395005649
9,75,13.913482352291068
9,76,13.378877640145145
9,77,14.524446861156
9,78,15.896787686958302
9,79,15.728944717036589
9,80,18.44096863092214
9,81,18.67926724037911
9,82,18.721240277726793
9,83,16.506599245215195
9,84,14.695004825670328
9,85,12.215632854184712
9,86,12.104834359836477
9,87,9.97215942621782
9,88,12.158966095435161
9,89,12.769105583163459
9,90,14.338786815626785
9,91,16.843723259134666
9,92,14.870348423393228
9,93,17.077138801519773
9,94,16.18277807812557
9,95,17.554386171962086
9,96,19.023274308038204
9,97,17.667473531821592
9,98,20.11957147236373
9,99,19.52820090538202
9,100,16.079407687579
9,101,15.410065877110862
9,102,12.294395316816033
9,103,10.579957678951125
9,104,13.76042658502579
9,105,14.950797249490948
9,106,17.677807430700184
9,107,20.146286809374267
9,108,20.33053900974678
9,109,23.71740850337863
9,110,23.10834575088437
9,111,19.452802492243443
9,112,16.65029986479809
9,113,13.549424310476638
9,114,10.878503475563162
10,1,24.909565943032415
10,2,22.099960076306303
10,3,18.601930235509908
10,4,18.69912809007744
10,5,15.01327892088889
10,6,12.05515919664883
10,7,9.15865695633269
10,8,6.0346142698609615
10,9,3.8093007559985836
10,11,3.8548962355842873
10,12,6.491454848297744
10,13,5.565486773695073
10,14,7.904980894846039
10,15,8.775303256696926
10,16,12.564527239708736
10,17,15.26226581679183
10,18,18.327063932232704
10,19,20.814469467005797
10,20,20.878615085328786
10,21,22.814538664953638
10,22,26.17240180985554
10,23,25.807953592768488
10,24,22.694602974184285
10,25,23.107924186085423
10,26,21.965535460410813
10,27,23.074022973175477
10,28,25.034082831994457
10,29,24.37465489583674
10,30,25.293426078223234
10,31,31.836525424583385
10,32,32.61720110038079
10,33,35.551435884204636
10,34,37.94469940175681
10,35,35.48989003946817
10,36,32.3781353172761
10,37,29.391197635409384
10,38,26.812950144115174
10,39,26.981522363136197
10,40,27.4546348738193
10,41,26.840271721908863
10,42,30.070957959401117
10,43,33.24498353259606
10,44,36.39478268142894
10,45,37.141596342253024
10,46,36.92680190607454
10,47,34.390321056845565
10,48,31.009332549293994
10,49,30.329346705574096
10,50,28.8343751539618
10,51,31.529010111336927
10,52,31.612839324640394
10,53,31.312565545021922
10,54,29.83480971903843
10,55,31.55904503976771
10,56,30.905330890574604
10,57,32.80400994595865
10,58,32.49533720374617
10,59,29.847232392192684
10,60,28.8775724761988
10,61,25.855381220099275
10,62,25.662002884813834
10,63,24.48032204443474
10,64,22.14921746645777
10,65,24.45029805104116
10,66,25.598519641878077
10,67,24.571732341294183
10,68,27.221509132003906
10,69,28.93741765833663
10,70,26.51331195841249
10,71,22.894683453662793
10,72,20.209190636034513
10,73,16.4096313839554
10,74,14.234935077901893
10,75,16.628776763114086
10,76,16.63873207218744
10,77,17.557767053797246
10,78,19.02013539202671
10,79,18.34754266556883
10,80,20.81458584230948
10,81,20.678552308220524
10,82,20.086297525253258
10,83,17.93665401274564
10,84,15.437993588130782
10,85,12.78380212870906
10,86,11.579133974587315
10,87,8.65092357498764
10,88,10.281317185970256
10,89,10.156619492224852
10,90,12.218665744547883
10,91,14.326082758536788
10,92,11.842039687768489
10,93,13.662532786060364
10,94,12.50381225085495
10,95,14.024698322078935
10,96,15.426696411764437
10,97,14.429658291945433
10,98,17.088679034005953
10,99,17.033217067955803
10,100,13.892889349505515
10,101,13.937647681434315
10,102,11.34391403496432
10,103,10.87001905524422
10,104,14.536966349232049
10,105,16.50216336838043
10,106,19.064483540836115
10,107,21.87478939665019
10,108,21.765513358739565
10,109,25.313020675587463
10,110,25.22278682561581
10,111,21.732047671192383
10,112,18.919684188200264
10,113,15.458709463863318
10,114,12.332949341378923
11,1,28.56850404527816
11,2,25.624979018753965
11,3,22.189841343575758
11,4,22.092800411167477
11,5,18.451863475410686
11,6,15.305473340409836
11,7,12.693862530244415
11,8,9.68522842720745
11,9,6.614248721001225
11,10,3.8548962355842873
11,12,3.843359372920005
11,13,5.4604045606091764
11,14,8.650303277475508
11,15,10.897132249817211
11,16,14.637090164314426
11,17,17.79926769252038
11,18,20.564769591400655
11,19,23.406005948370467
11,20,23.720824451728895
11,21,25.984509741926896
11,22,29.342719640902395
11,23,29.029102434498288
11,24,25.747950260322927
11,25,25.896292619346326
11,26,24.327585117510594
11,27,25.161944404037968
11,28,26.67948610972375
11,29,25.595152681608106
11,30,25.95922124917802
11,31,32.64475063354498
11,32,33.74843555700728
11,33,36.81829960607029
11,34,39.41975561663271
11,35,37.24053491591
11,36,34.27314782136201
11,37,31.41086663392825
11,38,29.044102202371125
11,39,29.329036922621256
11,40,30.161567612503664
11,41,29.63043058367699
11,42,33.01149253846541
11,43,36.15181561239199
11,44,39.39655503275994
11,45,40.244490321576215
11,46,39.81465463524707
11,47,37.136827622126155
11,48,33.7383576760121
11,49,32.83109168030089
11,50,31.235165312640355
11,51,33.967542778800976
11,52,33.76307202159742
11,53,33.074633289630015
11,54,31.344023554965037
11,55,32.68483027584929
11,56,31.712228307532534
11,57,33.266968949268154
11,58,32.728791859182294
11,59,32.572859766246296
11,60,31.87683394138875
11,61,28.736495832517754
11,62,28.254642789129555
11,63,26.675850924720237
11,64,24.099189766969577
11,65,26.19976884088803
11,66,26.83240257314614
11,67,25.4774446518828
11,68,28.091498523626182
11,69,29.41061573315636
11,70,26.906850066955332
11,71,23.501793434068926
11,72,20.52619515439493
11,73,16.695470748230232
11,74,15.205167115099425
11,75,18.207309623544916
11,76,18.708032148700397
11,77,20.142199340953646
11,78,22.025452230195267
11,79,21.64654385821406
11,80,24.338723758528783
11,81,24.40999196443532
11,82,23.77096694745739
11,83,21.431439440568447
11,84,18.785574091952554
11,85,15.79695167946335
11,86,14.041793596408725
11,87,10.560073146608184
11,88,10.855924839836453
11,89,9.398134737082815
11,90,10.680863676102451
11,91,11.943381087127939
11,92,9.222193134659538
11,93,11.56762326833046
11,94,11.148885598059438
11,95,13.615858392527988
11,96,15.293195028218683
11,97,15.225310287946979
11,98,17.91369951337208
11,99,18.595324885077773
11,100,15.788128059603446
11,101,16.615043355338383
11,102,14.549981598658512
11,103,14.513973318546306
11,104,18.242489899323783
11,105,20.31504749956525
11,106,22.91573616198111
11,107,25.717987408176466
11,108,25.528686686096297
11,109,29.033534758936764
11,110,28.935430898652275
11,111,25.39745186192931
11,112,22.67394949525274
11,113,19.237563016389572
11,114,16.181658144183356
12,1,30.073055021962077
12,2,27.121976297862027
12,3,23.936012171548175
12,4,24.24004108331492
12,5,20.755899669817218
12,6,17.36495106130494
12,7,14.486266626557969
12,8,12.146262656749728
12,9,9.138875249816245
12,10,6.491454848297744
12,11,3.843359372920005
12,13,3.8245415007328156
12,14,7.1451123427158
12,15,10.315912262280124
12,16,13.68857104178286
12,17,17.111619649366546
12,18,19.344906372543083
12,19,22.57233031731435
12,20,23.388557158004236
12,21,26.03879586872778
12,22,29.4764170408341
12,23,29.541170327604764
12,24,26.194772620666956
12,25,26.42744917864884
12,26,24.561925529024425
12,27,25.607046851932235
12,28,26.75097418714591
12,29,25.739574009004315
12,30,25.79940632532458
12,31,32.64986123420988
12,32,33.64779132048072
12,33,36.94458758779054
12,34,39.46297984459051
12,35,37.394143805109685
12,36,34.37281665529572
12,37,31.820743572764524
12,38,29.36734905959095
12,39,29.334341759928797
12,40,30.316102487112286
12,41,29.537063005918444
12,42,32.979361056708065
12,43,35.90889694206992
12,44,39.160693137880564
12,45,39.99021618478
12,46,39.19909166876123
12,47,36.43948222782606
12,48,33.136787979670444
12,49,32.154947969860565
12,50,30.72625200600739
12,51,33.67737456303862
12,52,33.44043271102306
12,53,32.470087437358046
12,54,30.84551052266804
12,55,32.060900901961865
12,56,31.195017591254008
12,57,32.75179888467191
12,58,32.45354095719661
12,59,31.678082267320118
12,60,31.416598318141457
12,61,28.223786223797706
12,62,27.533308081772166
12,63,25.50661892829597
12,64,22.91534079294638
12,65,25.055289282651025
12,66,25.290996405395187
12,67,24.029265803565682
12,68,26.875168425739208
12,69,28.153540909798703
12,70,25.967513366197313
12,71,22.78468467881033
12,72,20.025772073023063
12,73,16.279081493787025
12,74,14.840703071204398
12,75,18.104885445886367
12,76,19.361824825216374
12,77,20.740834967710114
12,78,23.061674100428892
12,79,22.558874054265736
12,80,25.373935340840482
12,81,25.7039445580711
12,82,24.703179741356013
12,83,22.00816485882085
12,84,19.06735126087901
12,85,15.694021438847981
12,86,13.302204761424466
12,87,9.557192229158362
12,88,8.535058904815413
12,89,6.281957982330541
12,90,6.9417161879168
12,91,8.164663891594625
12,92,5.871388530385427
12,93,8.755955045964752
12,94,9.342237214938178
12,95,12.006410904584929
12,96,14.48993895567837
12,97,14.703835295756196
12,98,16.786319561054608
12,99,17.723064716413322
12,100,15.032791961296596
12,101,16.567010358137967
12,102,15.230893433574893
12,103,15.626117450255645
12,104,19.355240465215818
12,105,21.810671023527142
12,106,24.70242252922356
12,107,27.784605378035874
12,108,27.93639027873318
12,109,31.57714496782013
12,110,31.48443211114307
12,111,28.010085001110884
12,112,24.99406857990462
12,113,21.643939914699647
12,114,18.29043631544375
13,1,26.771974588444863
13,2,23.907981047821725
13,3,20.87521945502517
13,4,21.58142530882982
13,5,18.24028877949009
13,6,14.848263084451341
13,7,11.671727420218048
13,8,10.01562151617899
13,9,7.669356021645168
13,10,5.565486773695073
13,11,5.4604045606091764
13,12,3.8245415007328156
13,14,3.8091003561086305
13,15,6.588641696700806
13,16,9.99753278636951
13,17,13.32143336858123
13,18,15.636316862099685
13,19,18.79532114427136
13,20,19.63192552342677
13,21,22.265583349684892
13,22,25.74479720609819
13,23,25.9558804959593
13,24,22.688324168845632
13,25,23.181078349999897
13,26,21.50785876714034
13,27,22.934645276733637
13,28,24.302675427774364
13,29,23.75199625517939
13,30,24.230555927989528
13,31,31.05195858728007
13,32,31.665058509355617
13,33,34.950955204695944
13,34,37.22449875744783
13,35,34.932809322230085
13,36,31.7326876509385
13,37,29.217990999497907
13,38,26.508690931776986
13,39,26.195391339671247
13,40,26.944943118968418
13,41,25.96883884477933
13,42,29.34060008228044
13,43,32.216008562640155
13,44,35.41748113466129
13,45,36.18785127152102
13,46,35.414574282908724
13,47,32.70124861404632
13,48,29.42229968971045
13,49,28.57422358902367
13,50,27.29174104491061
13,51,30.330652012937538
13,52,30.337818150241596
13,53,29.59432010936347
13,54,28.262078218264605
13,55,29.815388679597294
13,56,29.33115710609587
13,57,31.264653432917548
13,58,31.328797125148135
13,59,27.91085188872532
13,60,27.597337516603744
13,61,24.42261799283625
13,62,23.83251668050774
13,63,21.922837760867527
13,64,19.489939546739752
13,65,21.866096787386123
13,66,22.443937192218996
13,67,21.55142925296398
13,68,24.57662662084249
13,69,26.279657909739434
13,70,24.310898337424973
13,71,20.970055986917977
13,72,18.608489349938434
13,73,14.883373646155219
13,74,12.682044953920636
13,75,15.533869312919652
13,76,16.797691607477965
13,77,17.6872696475052
13,78,19.942719703208365
13,79,19.145902794714047
13,80,21.88894427358886
13,81,22.28319265381133
13,82,21.153114977875475
13,83,18.33022826006148
13,84,15.364050530355016
13,85,11.908052831412153
13,86,9.586965870397632
13,87,5.9422462546439
13,88,5.6531835610065855
13,89,5.213350502245517
13,90,6.847696183130326
13,91,9.589742392859092
13,92,8.125944577836888
13,93,10.346391774666584
13,94,10.357632450683292
13,95,11.922786919681212
13,96,14.564118006314889
13,97,13.817804491800525
13,98,15.511050255002141
13,99,15.67357280095846
13,100,12.506366351745308
13,101,13.644199062777187
13,102,12.243588566734099
13,103,12.408127069563605
13,104,16.01596920090197
13,105,18.558784979842905
13,106,21.646209594561988
13,107,24.86105968624479
13,108,25.363920627711153
13,109,29.07641915870992
13,110,28.91473962712462
13,111,25.53367754086123
13,112,22.27679748951092
13,113,19.072145534171025
13,114,15.559983758475859
14,1,24.7702101686854
14,2,21.794601999516708
14,3,19.141330883196268
14,4,20.088695708445112
14,5,17.142740137512423
14,6,13.598293739593606
14,7,10.666813791655073
14,8,10.30205781680856
14,9,8.390736089366818
14,10,7.904980894846039
14,11,8.650303277475508
14,12,7.1451123427158
14,13,3.8091003561086305
14,15,3.816834562125199
14,16,6.6753428774469015
14,17,10.314726445208573
14,18,12.633588964266314
14,19,15.748143800240422
14,20,16.494269811168213
14,21,19.422823987342014
14,22,22.767517669737288
14,23,23.0244174375765
14,24,19.65099048678147
14,25,20.045243883151656
14,26,18.172628401030067
14,27,19.75757648505707
14,28,20.984890540853574
14,29,20.689297964800854
14,30,21.28215974891627
14,31,28.062700150571672
14,32,28.419408078076014
14,33,31.764570881580195
14,34,33.88348849776889
14,35,31.564990353427007
14,36,28.30516678163335
14,37,25.966895685504824
14,38,23.182378085603304
14,39,22.69521189907113
14,40,23.56715715931462
14,41,22.589930079210685
14,42,26.04973180865986
14,43,28.897277030278374
14,44,32.190190581675914
14,45,33.15315366707887
14,46,32.29272572584717
14,47,29.414019011916444
14,48,26.072408536129263
14,49,25.019858842057957
14,50,23.664407964996865
14,51,26.727766285902476
14,52,26.686084073588226
14,53,25.87884796960542
14,54,24.650769503538246
14,55,26.291872692522208
14,56,26.030290400127196
14,57,28.17078277708131
14,58,28.543003389980708
14,59,25.040221718636005
14,60,24.746895637251182
14,61,21.38981669870023
14,62,20.46011776577353
14,63,18.421080849543245
14,64,15.801966153943814
14,65,18.07496649428614
14,66,18.656440033635164
14,67,17.846309619366487
14,68,20.944636252528564
14,69,22.844670754399633
14,70,21.075472088167732
14,71,17.735070789556787
14,72,15.7649771029367
14,73,12.23292066149008
14,74,9.603380969290452
14,75,12.241819528686724
14,76,13.939655804862626
14,77,14.686691097611755
14,78,17.282162657843323
14,79,16.60571705030618
14,80,19.582774415511093
14,81,20.50510706629839
14,82,19.48587827538034
14,83,16.258628617313533
14,84,13.57640677906237
14,85,9.834003833156434
14,86,8.028153243621052
14,87,5.327648081797616
14,88,5.401952167183695
14,89,6.834477073531305
14,90,7.5806555791127765
14,91,11.120635664959371
14,92,10.841044683365274
14,93,13.138914464169904
14,94,13.476607323429254
14,95,14.492612430428252
14,96,17.371188593216186
14,97,16.116273433185217
14,98,17.197015784391162
14,99,16.681666638480035
14,100,13.188247206590534
14,101,13.87606257031069
14,102,12.492195638199242
14,103,11.956923684325567
14,104,15.091398961514424
14,105,17.403432292706153
14,106,20.853206100646553
14,107,24.052639831389406
14,108,25.114806736710868
14,109,28.79376664803198
14,110,28.2805059240899
14,111,24.93874654584745
14,112,21.453892801909827
14,113,18.679698507848183
14,114,15.263865784496517
15,1,21.14984405011071
15,2,18.32420565430362
15,3,15.796894372402656
15,4,17.178822822288065
15,5,14.454671222696575
15,6,11.19527223457729
15,7,8.105930636927065
15,8,8.8635818484512
15,9,8.39225405162513
15,10,8.775303256696926
15,11,10.897132249817211
15,12,10.315912262280124
15,13,6.588641696700806
15,14,3.816834562125199
15,16,3.8066157078225844
15,17,6.988752387580184
15,18,9.901101509858469
15,19,12.605231425185385
15,20,13.084426289432022
15,21,15.783520542131305
15,22,19.198562652061344
15,23,19.498792515530404
15,24,16.273508981037995
15,25,17.072142502146203
15,26,15.700915424525714
15,27,17.755740360679955
15,28,19.4890864593908
15,29,19.792140169084504
15,30,21.042597154282113
15,31,27.54214223012212
15,32,27.484927186405308
15,33,30.66275177190755
15,34,32.501586868637
15,35,29.869429890074045
15,36,26.428574312271017
15,37,24.004163490453337
15,38,20.92423221093001
15,39,20.185873855674153
15,40,20.605998138396668
15,41,19.437496174171336
15,42,22.762409188922756
15,43,25.645347556093448
15,44,28.861348827593766
15,45,29.726735933995936
15,46,29.06837702352408
15,47,26.311030088252593
15,48,22.95812406646767
15,49,22.169333962070514
15,50,20.96418533208595
15,51,24.046452771706825
15,52,24.387018446555988
15,53,24.05583844085087
15,54,23.195894818946794
15,55,25.317084647206837
15,56,25.482082879269125
15,57,28.016340794066846
15,58,28.670368971245022
15,59,21.941698427204166
15,60,21.344960282475522
15,61,18.043615169344513
15,62,17.416948339686098
15,63,15.840659689566904
15,64,13.547027619918207
15,65,16.167047625095968
15,66,17.484312948118273
15,67,17.194736491618556
15,68,20.313005836674982
15,69,22.71112328542102
15,70,21.111602953195952
15,71,17.607131951574427
15,72,16.1281603611171
15,73,12.865999479168025
15,74,9.458684522920239
15,75,10.97980244001337
15,76,12.158773652650677
15,77,12.042558045674232
15,78,14.243673103030705
15,79,13.100450076728796
15,80,15.895932810163627
15,81,16.779163109773066
15,82,15.721516134560012
15,83,12.446649612349702
15,84,9.892015987322242
15,85,6.177105350761918
15,86,5.361056438659614
