1,2,3.8188816688886322
1,3,5.729469777377904
1,4,7.94756507890622
1,5,10.880222781063438
1,6,13.975743732092132
1,7,15.045301883319237
1,8,11.841356119835913
1,9,12.181404270733132
1,10,15.868697440722567
1,11,15.667668937109053
1,12,13.438054360647525
1,13,16.00102051358112
1,14,18.94337971888327
1,15,18.00242044688939
1,16,17.359327561934915
1,17,20.620015713088808
1,18,22.741340371448928
1,19,26.362144608047437
1,20,26.272783514197023
1,21,24.439401889792435
1,22,22.957380344510675
1,23,24.74678455254531
1,24,24.812484775085252
1,25,26.98019288059346
1,26,28.929664088300232
1,27,28.34852408114306
1,28,29.799329771053603
1,29,27.496499578704505
1,30,24.284887027381433
1,31,25.52510126995388
1,32,26.119860170041534
1,33,25.000672931011675
1,34,23.80613026915608
1,35,21.569290372775487
1,36,20.219474533834415
1,37,19.784552376937913
1,38,17.242132688897012
1,39,15.542936477001229
1,40,15.480261195584953
1,41,13.847952330268704
1,42,10.959386975522063
1,43,10.515611792113768
1,44,11.62675228711205
1,45,10.663816294998773
1,46,8.852739853205426
1,47,9.27683917244053
1,48,10.611074384405438
1,49,13.180673022020988
1,50,15.94506216432472
1,51,15.124914143261103
1,52,14.773364126080983
1,53,18.093693423014454
1,54,19.854246163658004
1,55,19.570748009215546
1,56,21.791585699887072
1,57,25.57519244958271
1,58,27.55627362566037
1,59,30.767867165836712
1,60,33.440576027313206
2,1,3.8188816688886322
2,3,3.853273716581878
2,4,7.059408923266539
2,5,10.475019932776844
2,6,14.018199859501715
2,7,15.436355273590618
2,8,12.412742070267479
2,9,11.546164836767518
2,10,15.261490240081876
2,11,15.63184981688011
2,12,12.87594335631208
2,13,14.662216388205131
2,14,18.04691397058834
2,15,17.33821410363466
2,16,15.955217898844396
2,17,18.94221839943827
2,18,21.528037483520826
2,19,25.07719397491756
2,20,24.483609633340336
2,21,22.776226018139297
2,22,20.997142456088177
2,23,22.319898558155753
2,24,22.56097127256203
2,25,25.062647533601197
2,26,27.17883525645786
2,27,26.849773548555394
2,28,27.93448657075698
2,29,25.32118142054797
2,30,22.403858499888262
2,31,23.66482643192879
2,32,23.77166259481346
2,33,22.383153824393954
2,34,20.901696854536137
2,35,19.01610642064047
2,36,17.843908599112392
2,37,16.889302003124868
2,38,14.259816028379912
2,39,13.20065516014836
2,40,13.135958177831622
2,41,10.850956596811555
2,42,8.183344158563406
2,43,8.798860956898032
2,44,9.77919723793362
2,45,7.91196552935815
2,46,5.318778196243911
2,47,5.873508311984067
2,48,7.386706586840577
2,49,10.526109921991702
2,50,12.750148755157978
2,51,11.76897809917937
2,52,12.061593390868723
2,53,15.3669267896953
2,54,16.771644559596147
2,55,16.913994190219626
2,56,19.391246399197374
2,57,23.161068586099148
2,58,24.949334135083202
2,59,28.366622562884608
2,60,31.00282590115974
3,1,5.729469777377904
3,2,3.853273716581878
3,4,3.7926760558738093
3,5,6.816912841212311
3,6,10.517827161820692
3,7,12.439872069470752
3,8,10.000602469557327
3,9,8.701097967433116
3,10,12.46173729057812
3,11,13.540597705707885
3,12,11.346411352051545
3,13,12.766819620611985
3,14,16.214410082900233
3,15,16.272284674383425
3,16,15.182673494753185
3,17,17.735501247841743
3,18,20.503651820309937
3,19,23.821089638743956
3,20,23.083006075298666
3,21,20.89072052777105
3,22,18.766803319251586
3,23,20.149711690889852
3,24,19.867300396300713
3,25,22.384962136283626
3,26,24.163572138006845
3,27,23.514910992706444
3,28,24.590254936848922
3,29,22.20998351626895
3,30,19.10750259302014
3,31,20.150679238536444
3,32,20.52008072900937
3,33,19.27909048342064
3,34,18.16861522143964
3,35,16.027000292212698
3,36,14.539516254199935
3,37,14.085430210930413
3,38,11.68352542295778
3,39,9.920203886914807
3,40,9.827492885456412
3,41,8.32821229074691
3,42,5.328365185223823
3,43,5.080880473024828
3,44,6.835779113160661
3,45,6.274813059886645
3,46,4.8119962488548
3,47,5.06031888187594
3,48,8.063401983981008
3,49,11.00456083727995
3,50,13.029682180062567
3,51,11.040896234550477
3,52,10.894519989823117
3,53,14.623215967308075
3,54,15.57149244129004
3,55,14.999764930981831
3,56,17.800103189046983
3,57,21.529857944769905
3,58,23.77294245945338
3,59,27.162071669465853
3,60,30.13151138451955
4,1,7.94756507890622
4,2,7.059408923266539
4,3,3.7926760558738093
4,5,3.8266070930852316
4,6,7.145420233439596
4,7,8.738324812323755
4,8,6.495159437490984
4,9,5.005887279837883
4,10,8.78221455906557
4,11,10.03730380276019
4,12,8.426168140357735
4,13,9.888315482177825
4,14,13.076765637064826
4,15,13.576626450264618
4,16,13.078387159606816
4,17,15.403437834363366
4,18,17.986207741498
4,19,21.14324141003466
4,20,20.621985302573545
4,21,18.102295761457484
4,22,16.084553511655574
4,23,17.934170091972412
4,24,17.394461520063462
4,25,19.540024529928345
4,26,21.17935877847137
4,27,20.429776633367243
4,28,21.894825315345166
4,29,19.75482508273617
4,30,16.408102330022196
4,31,17.719669721054544
4,32,18.59965209140022
4,33,18.0132712637315
4,34,17.02843283680975
4,35,14.264027655292878
4,36,13.042868378106302
4,37,13.517210693070256
4,38,10.940431147431472
4,39,8.365902214517554
4,40,9.345468789111706
4,41,9.057238077093482
4,42,5.498949482389702
4,43,4.728121850858501
4,44,8.084822980921995
4,45,8.859504903768217
4,46,7.758624877055102
4,47,6.450693656888717
4,48,9.14357443337823
4,49,11.049138431984964
4,50,13.366360087794115
4,51,11.144670895062148
4,52,9.824633532952674
4,53,13.597889099497717
4,54,14.698062470105455
4,55,13.268291013874821
4,56,15.823828157945517
4,57,19.477514901310936
4,58,22.11402327026438
4,59,25.250774971636233
4,60,28.42584961356521
5,1,10.880222781063438
5,2,10.475019932776844
5,3,6.816912841212311
5,4,3.8266070930852316
5,6,3.806306071397427
5,7,6.664372410956732
5,8,6.187891394894444
5,9,4.984027135202018
5,10,7.919332002041034
5,11,10.055664391533371
5,12,9.850431233736456
5,13,10.83649430914415
5,14,13.529799750252085
5,15,14.8822751894832
5,16,14.964632270493311
5,17,16.682927903107796
5,18,19.167408761116437
5,19,21.91902013708656
5,20,21.383845891912582
5,21,18.364783277891387
5,22,16.09122783134086
5,23,18.020343653741286
5,24,16.710535664634026
5,25,18.6829157658227
5,26,19.67817385110674
5,27,18.310046709266327
5,28,19.843141133940033
5,29,18.257373120545314
5,30,14.625232334540604
5,31,15.446107199470164
5,32,16.915733244072452
5,33,16.61807597246806
5,34,16.375958922067472
5,35,13.376770419607551
5,36,11.61060038915758
5,37,13.003260959645557
5,38,11.215841294771565
5,39,7.7267997422945855
5,40,8.436303102686058
5,41,9.713953695392316
5,42,7.080496296105063
5,43,4.64236188415026
5,44,7.964986721707363
5,45,10.238430647044623
5,46,10.39880924883973
5,47,9.582398993314346
5,48,12.574388593516609
5,49,14.257823914067847
5,50,16.241560839226658
5,51,13.515865387875674
5,52,12.00674571208317
5,53,15.690601517667258
5,54,16.26558443166983
5,55,14.121746713565763
5,56,16.788258151563458
5,57,20.157548209001096
5,58,23.20841750806276
5,59,26.167843518033767
5,60,29.60358415121528
6,1,13.975743732092132
6,2,14.018199859501715
6,3,10.517827161820692
6,4,7.145420233439596
6,5,3.806306071397427
6,7,3.815441320840793
6,8,5.598881734329699
6,9,5.4236739606287525
6,10,6.543528450479993
6,11,8.859008749626726
6,12,10.135858342475506
6,13,10.962470393429044
6,14,12.714022013803573
6,15,14.620980012758745
6,16,15.513386100855877
6,17,16.77692129153629
6,18,18.80846384671595
6,19,21.16337934294183
6,20,20.94374156468608
6,21,17.603172340073023
6,22,15.568088301216868
6,23,17.91210150813408
6,24,16.162409975340893
6,25,17.49970809648389
6,26,18.008545619914994
6,27,16.252596994133313
6,28,18.27716683183205
6,29,17.309639932724536
6,30,13.47364293719612
6,31,14.307143281251092
6,32,16.549498098870743
6,33,17.02469537905558
6,34,17.180415643029487
6,35,13.797045976474172
6,36,12.2747199192888
6,37,14.60144735808088
6,38,13.114101079565858
6,39,9.38342165059958
6,40,10.62806542337934
6,41,12.718203233591478
6,42,10.364080150116962
6,43,8.12128530389394
6,44,11.221442144509851
6,45,13.87539297551575
6,46,14.12672616377946
6,47,12.948020330656188
6,48,15.597798611103048
6,49,16.651190865486516
6,50,18.705205349313967
6,51,16.0176396289592
6,52,13.897932184549894
6,53,17.22105002191728
6,54,17.81426967613183
6,55,15.014481777042318
6,56,17.22140199916098
6,57,20.23114859133747
6,58,23.600475661801884
6,59,26.164242902208667
6,60,29.739420080417325
7,1,15.045301883319237
7,2,15.436355273590618
7,3,12.439872069470752
7,4,8.738324812323755
7,5,6.664372410956732
7,6,3.815441320840793
7,8,3.828477488478209
7,9,5.210164521660858
7,10,4.800611872769405
7,11,5.887096082119527
7,12,8.302295815825461
7,13,9.599619092704762
7,14,10.360567822312799
7,15,12.124350394928292
7,16,13.838132988285105
7,17,15.131214825301793
7,18,16.498206208560525
7,19,18.7855317088849
7,20,19.17490871427056
7,21,15.921519004901002
7,22,14.636195793451945
7,23,17.599400381172007
7,24,16.195252834878865
7,25,16.80750618561938
7,26,17.526467232762005
7,27,16.12801726344801
7,28,18.79012028552828
7,29,17.912744111664953
7,30,14.164501563143006
7,31,15.722797240895956
7,32,18.17324908286476
7,33,19.238206552596914
7,34,19.02154778866724
7,35,15.351874506655676
7,36,14.665460386352585
7,37,17.108355000207975
7,38,15.119833641055163
7,39,11.716018308690998
7,40,13.755209454454915
7,41,15.489640637883095
7,42,12.634976738685303
7,43,11.134612680350104
7,44,14.568720439331006
7,45,16.759317806136607
7,46,16.308884667155613
7,47,14.440747783055537
7,48,16.3592582711337
7,49,16.64848113267564
7,50,19.09882370280781
7,51,16.946454056737267
7,52,14.1334140642102
7,53,17.010743540102652
7,54,18.206281420753992
7,55,15.199310225013516
7,56,16.60238036069795
7,57,19.4510066293426
7,58,22.83332594965134
7,59,25.00732603734139
7,60,28.490005491409576
8,1,11.841356119835913
8,2,12.412742070267479
8,3,10.000602469557327
8,4,6.495159437490984
8,5,6.187891394894444
8,6,5.598881734329699
8,7,3.828477488478209
8,9,3.825104427284069
8,10,5.483304522840663
8,11,5.076557346970669
8,12,5.96049258646391
8,13,8.50305836799151
8,14,9.917477674517304
8,15,10.559052308979252
8,16,11.966728394079322
8,17,14.131879431353951
8,18,15.558566119549209
8,19,18.445917406329322
8,20,18.952077358138297
8,21,16.171651849986258
8,22,15.116999295378339
8,23,18.06119095921853
8,24,17.360390933196328
8,25,18.286054613659726
8,26,19.670389094664998
8,27,18.814418578245217
8,28,21.296733746344884
8,29,19.831227494847436
8,30,16.2318128298708
8,31,18.089635588027274
8,32,19.978658760941364
8,33,20.597493892066037
8,34,19.824137377226783
8,35,16.30897767938573
8,36,15.76672425677913
8,37,17.476731502523364
8,38,14.891753469977944
8,39,11.864176663923256
8,40,13.898896913998765
8,41,14.697942362281081
8,42,11.259046613026738
8,43,10.259493082202303
8,44,13.814540701502617
8,45,15.27256880287863
8,46,14.145314417446578
8,47,12.082692869856706
8,48,13.609707922804029
8,49,13.940968195119007
8,50,16.842177568652478
8,51,15.169240572578213
8,52,12.388796745808719
8,53,15.409144909587528
8,54,17.178730839360817
8,55,14.752511932496516
8,56,16.121716578753798
8,57,19.36891312342367
8,58,22.394793963756577
8,59,24.78920127040197
8,60,28.040014708117628
9,1,12.181404270733132
9,2,11.546164836767518
9,3,8.701097967433116
9,4,5.005887279837883
9,5,4.984027135202018
9,6,5.4236739606287525
9,7,5.210164521660858
9,8,3.825104427284069
9,10,3.8037279379204367
9,11,5.51728557933815
9,12,5.088739473755674
9,13,6.099248658555203
9,14,8.636361323279607
9,15,9.933500232269193
9,16,10.291645080513128
9,17,12.023418870078673
9,18,14.252843964512767
9,19,17.080258655697683
9,20,16.84959985032329
9,21,13.984435001587359
9,22,12.295511523307258
9,23,14.833016499870018
9,24,14.157997429070624
9,25,15.607581146125298
9,26,17.222109799020586
9,27,16.619783965448214
9,28,18.680731647113333
9,29,16.78082447726495
9,30,13.32190715000931
9,31,15.305839174333224
9,32,16.735547672714546
9,33,17.180548535901792
9,34,16.140160467608972
9,35,12.69878948396606
9,36,12.384128762691606
9,37,13.899462715510886
9,38,11.154120963699103
9,39,8.334013015502569
9,40,10.864920476206242
9,41,11.580862968480668
9,42,8.264790889357636
9,43,8.040065176702537
9,44,11.832004161069298
9,45,13.087122317530943
9,46,11.932156054680815
9,47,9.524729641743185
9,48,11.241902718352325
9,49,11.600911100895585
9,50,13.954070281518968
9,51,11.837687188512946
9,52,9.136960506574832
9,53,12.337554810130213
9,54,13.652415222441231
9,55,11.187126948445428
9,56,13.023200619552238
9,57,16.393189933898014
9,58,19.43723099695797
9,59,22.12521162526218
9,60,25.47851660096009
10,1,15.868697440722567
10,2,15.261490240081876
10,3,12.46173729057812
10,4,8.78221455906557
10,5,7.919332002041034
10,6,6.543528450479993
10,7,4.800611872769405
10,8,5.483304522840663
10,9,3.8037279379204367
10,11,3.8410343198502055
10,12,5.489071371115232
10,13,5.164158307706112
10,14,6.21606562429416
10,15,8.663018179104705
10,16,9.817928689220537
10,17,10.569439951452617
10,18,12.35674185078154
10,19,14.621605599578146
10,20,14.586984174940929
10,21,11.359404539979106
10,22,9.985934080506487
10,23,13.03753194312014
10,24,12.126529966956346
10,25,12.81478904661638
10,26,14.267640191928734
10,27,13.765696510718865
10,28,16.324209909930822
10,29,14.75721928105451
10,30,11.349861092415539
10,31,13.810611464966748
10,32,15.673737267681593
10,33,16.951853535016316
10,34,15.993793460879033
10,35,12.25377092058701
10,36,12.651937748367228
10,37,14.846928888209877
10,38,12.32304850518355
10,39,9.685755585241385
10,40,12.788217111176358
10,41,14.071606546928255
10,42,11.216201242336659
10,43,11.150670448301863
10,44,14.884497198225116
10,45,16.383025716510556
10,46,15.340174363430249
10,47,12.67196113785292
10,48,13.949938977265173
10,49,13.488454330385137
10,50,15.553456300309685
10,51,13.546472323478158
10,52,10.33845624046773
10,53,12.71660825690691
10,54,13.918473714731967
10,55,10.755273501565462
10,56,11.83519138686359
10,57,14.678083868312635
10,58,18.034420802292182
10,59,20.251330223487216
10,60,23.739088310934925
11,1,15.667668937109053
11,2,15.63184981688011
11,3,13.540597705707885
11,4,10.03730380276019
11,5,10.055664391533371
11,6,8.859008749626726
11,7,5.887096082119527
11,8,5.076557346970669
11,9,5.51728557933815
11,10,3.8410343198502055
11,12,3.8791170980260605
11,13,5.529251512738319
11,14,5.240746476512286
11,15,6.308412013929218
11,16,8.63839447725611
11,17,10.159094373468598
11,18,10.959948372913697
11,19,13.586816591704977
11,20,14.485658214252169
11,21,11.813994923333071
11,22,11.603485805427082
11,23,15.054662072912603
11,24,14.833386588269844
11,25,14.97834033279647
11,26,16.75581652154265
11,27,16.642290678605658
11,28,19.513458545112094
11,29,17.96423496833802
11,30,14.792286934452191
11,31,17.485199964444686
11,32,19.318392732150443
11,33,20.644911319223514
11,34,19.40692743469745
11,35,15.734881240473197
11,36,16.3525634290759
11,37,18.2561939194341
11,38,15.36586785135845
11,39,13.00557503277135
11,40,16.034509035444515
11,41,16.793260534593085
11,42,13.463758751545841
11,43,13.554720511277802
11,44,17.341711032966252
11,45,18.4501996128468
11,46,16.842959439931654
11,47,13.925865475023205
11,48,14.479411229995083
11,49,13.493570570328915
11,50,16.19941613842772
11,51,15.013905244392129
11,52,11.489908303298128
11,53,13.456493044534968
11,54,15.5529633921677
11,55,12.7936107616517
11,56,13.03287575692927
11,57,15.83316582209363
11,58,18.865006861208094
11,59,20.758629545539588
11,60,23.94609003212679
12,1,13.438054360647525
12,2,12.87594335631208
12,3,11.346411352051545
12,4,8.426168140357735
12,5,9.850431233736456
12,6,10.135858342475506
12,7,8.302295815825461
12,8,5.96049258646391
12,9,5.088739473755674
12,10,5.489071371115232
12,11,3.8791170980260605
12,13,3.8214898176675294
12,14,5.572365952996448
12,15,5.222719898196787
12,16,6.023567283069841
12,17,8.600590081441563
12,18,10.140840418538238
12,19,13.44172926239786
12,20,13.886640269653304
12,21,11.785920862117989
12,22,11.366319086517437
12,23,14.374939692484453
12,24,14.842222899440653
12,25,15.654262302632594
12,26,18.030669278469187
12,27,18.365763760031594
12,28,20.745115918400305
12,29,18.541893789465547
12,30,15.613654280596478
12,31,18.3976613418791
12,32,19.531281052402868
12,33,20.311381990968943
12,34,18.53426682218153
12,35,15.180030205493795
12,36,15.94093643745153
12,37,17.059789641385017
12,38,13.695446822005813
12,39,11.965799221907305
12,40,14.998871277739086
12,41,14.891456470580739
12,42,11.341437982537055
12,43,12.282665777827004
12,44,15.990405351992017
12,45,16.329965891436643
12,46,14.131601747840902
12,47,10.889769433428501
12,48,10.86536427322206
12,49,9.69678726161283
12,50,12.634751007599204
12,51,11.856368513906572
12,52,8.384353833613565
12,53,10.475284841567106
12,54,13.021478302486027
12,55,10.987059037039977
12,56,11.426316021524958
12,57,14.722591798464093
12,58,17.321226454643366
12,59,19.662037272795033
12,60,22.64932751280684
13,1,16.00102051358112
13,2,14.662216388205131
13,3,12.766819620611985
13,4,9.888315482177825
13,5,10.83649430914415
13,6,10.962470393429044
13,7,9.599619092704762
13,8,8.50305836799151
13,9,6.099248658555203
13,10,5.164158307706112
13,11,5.529251512738319
13,12,3.8214898176675294
13,14,3.834149600904636
13,15,5.362682955653043
13,16,4.930134375045373
13,17,5.928274677655787
13,18,8.432189811839722
13,19,11.301574379560442
13,20,10.920005009155755
13,21,8.520636759393438
13,22,7.624894446685897
13,23,10.553968987189693
13,24,11.177862544707338
13,25,12.102368801029225
13,26,14.752733537883959
13,27,15.5202140868223
13,28,17.660644917316123
13,29,15.183816646579618
13,30,12.629470816654777
13,31,15.741276315084153
13,32,16.546556005305405
13,33,17.571126172876788
13,34,15.534570119698628
13,35,12.22379850016785
13,36,13.694649392490735
13,37,14.8640683183096
13,38,11.531661969031447
13,39,10.39157508195825
13,40,13.949654291924668
13,41,14.026038884877465
13,42,11.058854730594527
13,43,12.588156015349638
13,44,16.230349531860643
13,45,16.57511039814337
13,46,14.573822663860675
13,47,11.134722071156471
13,48,11.074704989494922
13,49,9.479743416372115
13,50,11.421575440429407
13,51,10.275703915459951
13,52,6.556897039737564
13,53,8.061509821634592
13,54,10.091769548938212
13,55,7.548407899101568
13,56,7.82854443409534
13,57,11.085227760540922
13,58,13.934406809263663
13,59,16.372202952868083
13,60,19.593283126188542
14,1,18.94337971888327
14,2,18.04691397058834
14,3,16.214410082900233
14,4,13.076765637064826
14,5,13.529799750252085
14,6,12.714022013803573
14,7,10.360567822312799
14,8,9.917477674517304
14,9,8.636361323279607
14,10,6.21606562429416
14,11,5.240746476512286
14,12,5.572365952996448
14,13,3.834149600904636
14,15,3.774294357762002
14,16,5.564682046685589
14,17,5.412677346939933
14,18,6.211302660811523
14,19,8.610240884774797
14,20,9.246205737414112
14,21,6.794916365370389
14,22,7.449502227945014
14,23,11.07297925142566
14,24,11.759178507565718
14,25,11.441589039792122
14,26,14.011087871984452
14,27,15.055284985073596
14,28,17.762173193233053
14,29,15.752984801092156
14,30,13.43987865471619
14,31,16.83895649167851
14,32,18.064593068506387
14,33,19.75205480885272
14,34,17.8737292770606
14,35,14.455254709685802
14,36,16.265001063209727
14,37,17.905200032535106
14,38,14.832785858100467
14,39,13.594063769553111
14,40,17.233327582657463
14,41,17.685480169942117
14,42,14.784855626040429
14,43,15.97266843048054
14,44,19.69571607562101
14,45,20.298110413688093
14,46,18.351836052842938
14,47,14.916196026646421
14,48,14.619078163885256
14,49,12.552931392148238
14,50,14.498821403340628
14,51,13.78189392353382
14,52,10.030959232542218
14,53,10.534578840647058
14,54,12.659249914549395
14,55,9.9013804982578
14,56,8.830671137185336
14,57,11.116733038261644
14,58,14.025091603781464
14,59,15.617936669144989
14,60,18.77327841305564
15,1,18.00242044688939
15,2,17.33821410363466
15,3,16.272284674383425
15,4,13.576626450264618
15,5,14.8822751894832
15,6,14.620980012758745
15,7,12.124350394928292
15,8,10.559052308979252
15,9,9.933500232269193
15,10,8.663018179104705
15,11,6.308412013929218
15,12,5.222719898196787
15,13,5.362682955653043
15,14,3.774294357762002
15,16,3.8358074528387434
15,17,5.640103856130402
15,18,5.4243904985572495
15,19,8.83941864360141
15,20,10.219312253012239
15,21,9.05377768276769
15,22,10.324987941401883
15,23,13.614221898872108
15,24,14.940680570508233
15,25,14.7761885487789
15,26,17.600809317021668
15,27,18.812967027679495
15,28,21.438032712126216
15,29,19.225730221601154
15,30,16.991587681288472
15,31,20.355635560269874
15,32,21.3493201637175
15,33,22.69702369120029
15,34,20.524388653912894
15,35,17.29805668314374
15,36,19.00769873454032
15,37,20.158808182476125
15,38,16.726327949725533
15,39,15.716135845485733
15,40,19.178129237516238
15,41,18.99999775698025
15,42,15.738484885503055
15,43,17.17849350242298
15,44,20.861775168925487
15,45,20.950886047436942
15,46,18.46460179718346
15,47,14.90047038733323
15,48,13.854357100058083
15,49,11.348540500368815
15,50,13.861629410928595
15,51,14.049291417167574
15,52,10.360133891101013
15,53,10.561783841000288
15,54,13.57960705908518
15,55,11.705968653893477
15,56,10.351769604509121
15,57,12.794154558840518
15,58,14.96641240594912
15,59,16.512992336205116
15,60,19.15219140900784
16,1,17.359327561934915
16,2,15.955217898844396
16,3,15.182673494753185
16,4,13.078387159606816
16,5,14.964632270493311
16,6,15.513386100855877
16,7,13.838132988285105
16,8,11.966728394079322
16,9,10.291645080513128
16,10,9.817928689220537
16,11,8.63839447725611
16,12,6.023567283069841
16,13,4.930134375045373
16,14,5.564682046685589
16,15,3.8358074528387434
16,17,3.8178131653226175
16,18,5.634058044362502
16,19,9.274688459425786
16,20,9.384188071653197
16,21,8.766616843366009
16,22,9.406467503112781
16,23,11.931047360854485
16,24,13.866267489428495
16,25,14.431292035797858
16,26,17.67580584624329
16,27,19.21992139732979
16,28,21.267240453927787
16,29,18.497690682116442
16,30,16.60989214792476
16,31,19.966861602857783
16,32,20.281834139627787
16,33,21.194367040644536
16,34,18.5698357323356
16,35,15.77136899784197
16,36,17.72455737095459
16,37,18.218880107492925
16,38,14.581995474541703
16,39,14.366073728919012
16,40,17.807958638557142
16,41,17.046202601050492
16,42,14.041496647969472
16,43,16.227465935024316
16,44,19.66461041193563
16,45,19.190715106021504
16,46,16.43727695860358
16,47,12.721808260283824
16,48,11.116823147799977
16,49,8.142332198035824
16,50,10.241225667449545
16,51,10.828681451168816
16,52,7.354971507130059
16,53,6.930389329159269
16,54,10.2765043515336
16,55,9.180483735220552
16,56,7.884429649900893
16,57,10.770110624208248
16,58,12.503851819434303
16,59,14.670089156136275
16,60,17.225939406961075
17,1,20.620015713088808
17,2,18.94221839943827
17,3,17.735501247841743
17,4,15.403437834363366
17,5,16.682927903107796
17,6,16.77692129153629
17,7,15.131214825301793
17,8,14.131879431353951
17,9,12.023418870078673
17,10,10.569439951452617
17,11,10.159094373468598
17,12,8.600590081441563
17,13,5.928274677655787
17,14,5.412677346939933
17,15,5.640103856130402
17,16,3.8178131653226175
17,18,3.8216766817296377
17,19,6.47206787575464
17,20,5.704095437614541
17,21,5.229254040439372
17,22,6.462901349914569
17,23,8.924491808178425
17,24,11.263917759112282
17,25,11.357711221407921
17,26,14.82789110161227
17,27,16.919271945516012
17,28,18.856890905843745
17,29,16.074431064133318
17,30,14.790348030402948
17,31,18.396262803311657
17,32,18.54668803896662
17,33,19.912159431045406
17,34,17.19798026246345
17,35,14.540744756738578
17,36,17.14759159422502
17,37,17.865970365295826
17,38,14.546347498163888
17,39,14.720386154859831
17,40,18.428601097163607
17,41,18.054649482001587
17,42,15.590642981942047
17,43,17.857416923375304
17,44,21.253721185350717
17,45,21.012405992119
17,46,18.595242232626916
17,47,14.917873887083726
17,48,13.568669431937112
17,49,10.586404945325409
17,50,11.55251810461084
17,51,11.789396847938338
17,52,8.4873945245885
17,53,6.966219967316194
17,54,9.419032179244057
17,55,7.859303099506726
17,56,5.247442088414537
17,57,7.342508533436061
17,58,9.343581187517753
17,59,11.212014322105317
17,60,14.078730736486248
18,1,22.741340371448928
18,2,21.528037483520826
18,3,20.503651820309937
18,4,17.986207741498
18,5,19.167408761116437
18,6,18.80846384671595
18,7,16.498206208560525
18,8,15.558566119549209
18,9,14.252843964512767
18,10,12.35674185078154
18,11,10.959948372913697
18,12,10.140840418538238
18,13,8.432189811839722
18,14,6.211302660811523
18,15,5.4243904985572495
18,16,5.634058044362502
18,17,3.8216766817296377
18,19,3.79684993925594
18,20,5.495366323563734
18,21,6.119301100606369
18,22,8.923436628804145
18,23,11.670755865633874
18,24,13.914669697888364
18,25,13.05714575766483
18,26,16.321241435913265
18,27,18.53705929012465
18,28,20.90519692800487
18,29,18.543645119796217
18,30,17.332889741324493
18,31,21.032384930869103
18,32,21.539620601171542
18,33,23.257538557921308
18,34,20.699672600903078
18,35,17.926420599646008
18,36,20.52594384109133
18,37,21.52539423259623
18,38,18.260607248315416
18,39,18.131215321951874
18,40,21.860906820456496
18,41,21.63247662131267
18,42,18.936492050875604
18,43,20.92366890960686
18,44,24.469884787763903
18,45,24.344790021942867
18,46,21.82591380999546
18,47,18.118456970999187
18,48,16.58877569491072
18,49,13.409719106630762
18,50,14.763863905240179
18,51,15.413553479650213
18,52,12.057768863489338
18,53,10.497637043471295
18,54,13.119533445629168
18,55,11.599386737550722
18,56,8.648417742021435
18,57,9.610066864531415
18,58,11.113409030541836
18,59,11.789427633895897
18,60,14.149000103157793
19,1,26.362144608047437
19,2,25.07719397491756
19,3,23.821089638743956
19,4,21.14324141003466
19,5,21.91902013708656
19,6,21.16337934294183
19,7,18.7855317088849
19,8,18.445917406329322
19,9,17.080258655697683
19,10,14.621605599578146
19,11,13.586816591704977
19,12,13.44172926239786
19,13,11.301574379560442
19,14,8.610240884774797
19,15,8.83941864360141
19,16,9.274688459425786
19,17,6.47206787575464
19,18,3.79684993925594
19,20,3.8666124329312406
19,21,5.585018890265263
19,22,9.255472998201594
19,23,11.626494705628867
19,24,13.890632886302575
19,25,12.165964368325303
19,26,15.263504840627231
19,27,17.935394334819293
19,28,20.294681123488232
19,29,18.23876819125407
19,30,17.643067556074683
19,31,21.398088339321372
19,32,21.90212583371167
19,33,24.06147622334072
19,34,21.596908736706517
19,35,19.00448399329195
19,36,21.95853541238026
19,37,23.18869792225706
19,38,20.264815123532497
19,39,20.29018633594949
19,40,24.103072667675114
19,41,24.18281614338338
19,42,21.799843323301484
19,43,23.73548246294429
19,44,27.257155613193238
19,45,27.324753620349743
19,46,25.01388154744849
19,47,21.341940195552873
19,48,19.94447323203121
19,49,16.767541016774288
19,50,17.62110748183209
19,51,18.117530252792093
19,52,14.93487317760865
19,53,12.991348586221333
19,54,14.930480334218645
19,55,13.249169440577264
19,56,9.802487156641218
19,57,9.280409526798314
19,58,10.545688038838943
19,59,10.010832447916352
19,60,12.253981384789947
20,1,26.272783514197023
20,2,24.483609633340336
20,3,23.083006075298666
20,4,20.621985302573545
20,5,21.383845891912582
20,6,20.94374156468608
20,7,19.17490871427056
20,8,18.952077358138297
20,9,16.84959985032329
20,10,14.586984174940929
20,11,14.485658214252169
20,12,13.886640269653304
20,13,10.920005009155755
20,14,9.246205737414112
20,15,10.219312253012239
20,16,9.384188071653197
20,17,5.704095437614541
20,18,5.495366323563734
20,19,3.8666124329312406
20,21,3.7923841650196994
20,22,6.859337306905895
20,23,8.294595203255954
20,24,11.083188868972979
20,25,9.803728157059838
20,26,13.287401096245697
20,27,16.32283740794395
20,28,18.083953681424948
20,29,15.606649084602669
20,30,15.523064277475118
20,31,19.24716278331724
20,32,19.200614359446906
20,33,21.22150892831531
20,34,18.534472087567522
20,35,16.350549839385597
20,36,19.62566335367761
20,37,20.569808584039826
20,38,17.842092570856412
20,39,18.434481976614933
20,40,22.209526050547296
20,41,22.20865031729104
20,42,20.31150640012932
20,43,22.56067475873207
20,44,25.845854631815573
20,45,25.782872599448982
20,46,23.63149788056628
20,47,20.0545155483234
20,48,18.744021087043652
20,49,15.686882979177524
20,50,15.76356634443395
20,51,16.014413503613472
20,52,13.258087712497113
20,53,10.881253755215244
20,54,12.062445150980732
20,55,10.576085099051857
20,56,6.854707477075202
20,57,5.517642976314212
20,58,6.869726591290746
20,59,6.811618953931618
20,60,9.783392968328162
21,1,24.439401889792435
21,2,22.776226018139297
21,3,20.89072052777105
21,4,18.102295761457484
21,5,18.364783277891387
21,6,17.603172340073023
21,7,15.921519004901002
21,8,16.171651849986258
21,9,13.984435001587359
21,10,11.359404539979106
21,11,11.813994923333071
21,12,11.785920862117989
21,13,8.520636759393438
21,14,6.794916365370389
21,15,9.05377768276769
21,16,8.766616843366009
21,17,5.229254040439372
21,18,6.119301100606369
21,19,5.585018890265263
21,20,3.7923841650196994
21,22,3.763120357742866
21,23,6.532715614277901
21,24,8.35013391745261
21,25,6.994403793721715
21,26,10.385159686080105
21,27,13.00200822965697
21,28,15.075964934122247
21,29,12.772420668853044
21,30,12.15688961807007
21,31,15.915638007991351
21,32,16.31796656124502
21,33,18.54195446372019
21,34,16.246475129264045
21,35,13.5915244031123
21,36,16.652045997914463
21,37,18.091724527381274
21,38,15.531701689428138
21,39,15.588863668561286
21,40,19.39927184439518
21,41,19.887217330982708
21,42,17.98808616056669
21,43,19.83341840275756
21,44,23.193387128738497
21,45,23.585131484279355
21,46,21.802819978126983
21,47,18.35434154491052
21,48,17.716416455027403
21,49,15.171544488621242
21,50,15.543702865831504
21,51,14.955483087317447
21,52,11.904914478677743
21,53,10.533774493824621
21,54,11.383321682001714
21,55,8.815226923526838
21,56,5.903139022461242
21,57,5.677897865257624
21,58,8.697058263475066
21,59,9.523861006051629
21,60,12.999561352987664
22,1,22.957380344510675
22,2,20.997142456088177
22,3,18.766803319251586
22,4,16.084553511655574
22,5,16.09122783134086
22,6,15.568088301216868
22,7,14.636195793451945
22,8,15.116999295378339
22,9,12.295511523307258
22,10,9.985934080506487
22,11,11.603485805427082
22,12,11.366319086517437
22,13,7.624894446685897
22,14,7.449502227945014
22,15,10.324987941401883
22,16,9.406467503112781
22,17,6.462901349914569
22,18,8.923436628804145
22,19,9.255472998201594
22,20,6.859337306905895
22,21,3.763120357742866
22,23,3.7944327976624566
22,24,5.00033505514811
22,25,5.13276513735319
22,26,8.620554928672513
22,27,10.884895176572732
22,28,12.472056123773081
22,29,9.705472762072239
22,30,8.903348429649341
22,31,12.617371445990141
22,32,12.76437581701458
22,33,14.81643628035452
22,34,12.54639843715739
22,35,9.830020382511028
22,36,12.963524256908848
22,37,14.41858183990535
22,38,12.091811051558498
22,39,12.278767484065726
22,40,16.028350177167393
22,41,16.706620034703253
22,42,15.233937497460886
22,43,17.076841065166875
22,44,20.223312567841827
22,45,20.749454348702166
22,46,19.34464832828511
22,47,16.1549808818118
22,48,16.070632998462884
22,49,14.130466852730187
22,50,14.114014941229392
22,51,12.718271307936746
22,52,10.011062525615293
22,53,9.288526927535667
22,54,9.151525693865612
22,55,5.927981957358603
22,56,4.406932845092019
22,57,5.213051577856065
22,58,8.942751252003484
22,59,10.859016790852381
22,60,14.618898630716822
23,1,24.74678455254531
23,2,22.319898558155753
23,3,20.149711690889852
23,4,17.934170091972412
23,5,18.020343653741286
23,6,17.91210150813408
23,7,17.599400381172007
23,8,18.06119095921853
23,9,14.833016499870018
23,10,13.03753194312014
23,11,15.054662072912603
23,12,14.374939692484453
23,13,10.553968987189693
23,14,11.07297925142566
23,15,13.614221898872108
23,16,11.931047360854485
23,17,8.924491808178425
23,18,11.670755865633874
23,19,11.626494705628867
23,20,8.294595203255954
23,21,6.532715614277901
23,22,3.7944327976624566
23,24,3.7356753101636166
23,25,5.281401502943805
23,26,8.690185878581888
23,27,11.385452100881844
23,28,11.79050588100027
23,29,8.410584173133195
23,30,8.930361436464798
23,31,12.259309135016073
23,32,11.319191430710411
23,33,13.128668110183087
23,34,10.430129618278778
23,35,8.738611111584976
23,36,12.413900427167457
23,37,13.275681086688103
23,38,11.45339020489085
23,39,12.678727238537723
23,40,16.120775944783357
23,41,16.59805110339861
23,42,15.918702057532048
23,43,18.130352377354054
23,44,20.808300492546472
23,45,21.06970872736402
23,46,19.857234897607558
23,47,16.93005671679826
23,48,16.813159350567265
23,49,15.045767037593759
23,50,14.038395864522284
23,51,12.518830180158762
23,52,10.80463514889395
23,53,9.513474464609617
23,54,7.975610679550792
23,55,5.580900800357118
23,56,4.565355885859515
23,57,3.880902863826124
23,58,7.24197621727774
23,59,9.606882917870665
23,60,13.364734620707932
24,1,24.812484775085252
24,2,22.56097127256203
24,3,19.867300396300713
24,4,17.394461520063462
24,5,16.710535664634026
24,6,16.162409975340893
24,7,16.195252834878865
24,8,17.360390933196328
24,9,14.157997429070624
24,10,12.126529966956346
24,11,14.833386588269844
24,12,14.842222899440653
24,13,11.177862544707338
24,14,11.759178507565718
24,15,14.940680570508233
24,16,13.866267489428495
24,17,11.263917759112282
24,18,13.914669697888364
24,19,13.890632886302575
24,20,11.083188868972979
24,21,8.35013391745261
24,22,5.00033505514811
24,23,3.7356753101636166
24,25,3.779879086749933
24,26,6.011247272860027
24,27,8.016347283957229
24,28,8.287255095648819
24,29,4.937369639064255
24,30,5.2934371904726145
24,31,8.624716446242969
24,32,8.140723543879488
24,33,10.590436406714824
24,34,8.75559653118502
24,35,6.572956645122836
24,36,10.059985676913469
24,37,11.790747646726533
24,38,10.736748265387495
24,39,11.285377533559389
24,40,14.52951888932417
24,41,15.829231710324388
24,42,15.457441770839479
24,43,17.028117189186506
24,44,19.595277528627182
24,45,20.489486240413754
24,46,19.89307837502098
24,47,17.329514943792283
24,48,18.000245209691602
24,49,16.852008737042155
24,50,16.120655719862903
24,51,13.846267929951885
24,52,12.154256542910685
24,53,11.95385242803417
24,54,10.170897314015962
24,55,7.063837452528306
24,56,7.548916045282182
24,57,7.534124212780348
24,58,10.923569297849777
24,59,12.958119407047274
24,60,16.751369585946158
25,1,26.98019288059346
25,2,25.062647533601197
25,3,22.384962136283626
25,4,19.540024529928345
25,5,18.6829157658227
25,6,17.49970809648389
25,7,16.80750618561938
25,8,18.286054613659726
25,9,15.607581146125298
25,10,12.81478904661638
25,11,14.97834033279647
25,12,15.654262302632594
25,13,12.102368801029225
25,14,11.441589039792122
25,15,14.7761885487789
25,16,14.431292035797858
25,17,11.357711221407921
25,18,13.05714575766483
25,19,12.165964368325303
25,20,9.803728157059838
25,21,6.994403793721715
25,22,5.13276513735319
25,23,5.281401502943805
25,24,3.779879086749933
25,26,3.75695462297714
25,27,6.943766030242748
25,28,8.28903301840164
25,29,6.320064543097328
25,30,6.944197300918843
25,31,10.352075915562054
25,32,10.74915086514629
25,33,13.78872361200802
25,34,12.379300073882034
25,35,10.124773643735741
25,36,13.313049022376026
25,37,15.431306262748876
25,38,14.28566319122166
25,39,14.353961844346006
25,40,17.72728452770729
25,41,19.20663871274051
25,42,18.423964228079928
25,43,19.749885290507194
25,44,22.601706992911932
25,45,23.681448175633722
25,46,22.931690859403194
25,47,20.133274440040278
25,48,20.57631550362125
25,49,18.99821278873403
25,50,18.64663967060891
25,51,16.794019840867207
25,52,14.55686342883202
25,53,14.001189937683767
25,54,12.916781326170838
25,55,9.753184663912853
25,56,8.889531483236174
25,57,7.882058388853828
25,58,11.288248486792929
25,59,12.233380490410033
25,60,16.00671605160898
26,1,28.929664088300232
26,2,27.17883525645786
26,3,24.163572138006845
26,4,21.17935877847137
26,5,19.67817385110674
26,6,18.008545619914994
26,7,17.526467232762005
26,8,19.670389094664998
26,9,17.222109799020586
26,10,14.267640191928734
26,11,16.75581652154265
26,12,18.030669278469187
26,13,14.752733537883959
26,14,14.011087871984452
26,15,17.600809317021668
26,16,17.67580584624329
26,17,14.82789110161227
26,18,16.321241435913265
26,19,15.263504840627231
26,20,13.287401096245697
26,21,10.385159686080105
26,22,8.620554928672513
26,23,8.690185878581888
26,24,6.011247272860027
26,25,3.75695462297714
26,27,3.8154955908928616
26,28,5.335496352710849
26,29,5.21749488188554
26,30,6.292845713028123
26,31,8.807462635927285
26,32,9.922719802369675
26,33,13.521512414041426
26,34,13.116279923384022
26,35,11.03587234538702
26,36,13.652067754484687
26,37,16.32823242590447
26,38,15.935892530367608
26,39,15.571419557401917
26,40,18.54472277774536
26,41,20.637060940051725
26,42,20.168015141671738
26,43,20.94239414531277
26,44,23.59277728286113
26,45,25.165077168622826
26,46,24.91010487304263
26,47,22.4290226534832
26,48,23.346276223568786
26,49,22.12817752986416
26,50,21.843106926254872
26,51,19.615514400649516
26,52,17.50575436869524
26,53,17.403085490077768
26,54,16.073606114395638
26,55,12.79243217021056
26,56,12.502653552136142
26,57,11.561413139471336
26,58,14.821899929968946
26,59,15.489836554827901
26,60,19.143948095565037
27,1,28.34852408114306
27,2,26.849773548555394
27,3,23.514910992706444
27,4,20.429776633367243
27,5,18.310046709266327
27,6,16.252596994133313
27,7,16.12801726344801
27,8,18.814418578245217
27,9,16.619783965448214
27,10,13.765696510718865
27,11,16.642290678605658
27,12,18.365763760031594
27,13,15.5202140868223
27,14,15.055284985073596
27,15,18.812967027679495
27,16,19.21992139732979
27,17,16.919271945516012
27,18,18.53705929012465
27,19,17.935394334819293
27,20,16.32283740794395
27,21,13.00200822965697
27,22,10.884895176572732
27,23,11.385452100881844
27,24,8.016347283957229
27,25,6.943766030242748
27,26,3.8154955908928616
27,28,3.844754122083713
27,29,5.613914343056671
27,30,5.257428687187742
27,31,6.594359561559618
27,32,9.002451149982909
27,33,12.690521295681208
27,34,13.26661073760041
27,35,10.945248723417842
27,36,12.575998762838132
27,37,15.831782525503778
27,38,15.930827591495559
27,39,14.85178692150276
27,40,17.381679402536747
27,41,20.049000534408872
27,42,19.711480999071572
27,43,19.819002215165902
27,44,22.294642541666516
27,45,24.383175988193432
27,46,24.60781220884347
27,47,22.49613395213442
27,48,23.978164915695828
27,49,23.268097467104628
27,50,23.26125381375794
27,51,20.60558462045182
27,52,18.54291912250405
27,53,19.189347627285585
27,54,17.854842129599824
27,55,14.347961946196707
27,56,14.844308815996557
27,57,14.643242407780768
27,58,18.105102645598237
27,59,19.102625670051236
27,60,22.820856818395818
28,1,29.799329771053603
28,2,27.93448657075698
28,3,24.590254936848922
28,4,21.894825315345166
28,5,19.843141133940033
28,6,18.27716683183205
28,7,18.79012028552828
28,8,21.296733746344884
28,9,18.680731647113333
28,10,16.324209909930822
28,11,19.513458545112094
28,12,20.745115918400305
28,13,17.660644917316123
28,14,17.762173193233053
28,15,21.438032712126216
28,16,21.267240453927787
28,17,18.856890905843745
28,18,20.90519692800487
28,19,20.294681123488232
28,20,18.083953681424948
28,21,15.075964934122247
28,22,12.472056123773081
28,23,11.79050588100027
28,24,8.287255095648819
28,25,8.28903301840164
28,26,5.335496352710849
28,27,3.844754122083713
28,29,3.857486190968968
28,30,5.569637804794731
28,31,5.413249577733282
28,32,6.661072036149819
28,33,10.44393632375273
28,34,11.443760278726378
28,35,10.168519616173327
28,36,11.808910838853084
28,37,14.715687355939583
28,38,15.582687273694384
28,39,15.143819806060222
28,40,17.21293933088841
28,41,19.86445570666025
28,42,20.249387451719684
28,43,20.54289429387742
28,44,22.520107138477798
28,45,24.491550929376444
28,46,25.02083623264284
28,47,23.216510868122512
28,48,24.810132281527753
28,49,24.334301974234066
28,50,23.76771897393799
28,51,20.91255751822638
28,52,19.477352277295594
28,53,20.003547326860048
28,54,17.969687535613875
28,55,14.887278077663936
28,56,15.799436968807996
28,57,15.336215420174895
28,58,18.468354104825316
28,59,19.657397070227407
28,60,23.280827053709864
29,1,27.496499578704505
29,2,25.32118142054797
29,3,22.20998351626895
29,4,19.75482508273617
29,5,18.257373120545314
29,6,17.309639932724536
29,7,17.912744111664953
29,8,19.831227494847436
29,9,16.78082447726495
29,10,14.75721928105451
