1,2,3.8824100262045653
1,3,5.992404298440767
1,4,9.85964394385288
1,5,12.51371942212002
1,6,14.778948746110535
1,7,18.47312364522434
1,8,20.86738035516552
1,9,23.161736082462713
1,10,20.947459295050233
1,11,20.096045737111243
1,12,23.798122177746887
1,13,24.569663465561433
1,14,22.874164295078483
1,15,25.508176776500207
1,16,27.620090859273652
1,17,27.991247984466355
1,18,26.255614450705878
1,19,23.63066426026786
1,20,22.269600690574446
1,21,19.369457752073327
1,22,19.171239777954337
1,23,17.892187581712854
1,24,17.424466641086102
1,25,17.104920787285607
1,26,15.69399031317934
1,27,13.094757772380154
1,28,13.863185846183852
1,29,14.652530368052718
1,30,16.527726296278527
1,31,18.98158847668062
1,32,21.311817471037614
1,33,21.397008694388788
1,34,20.91896174886661
1,35,24.167931205174316
1,36,26.623449773579065
1,37,25.11971425220133
1,38,24.77322827028057
1,39,27.065749848543355
1,40,27.984496357747915
1,41,29.332883084639523
1,42,28.370734510263514
1,43,30.502313226393863
1,44,28.619444495378808
1,45,25.507384543215473
1,46,27.675581700250568
1,47,29.75152463982856
1,48,26.72855749906607
1,49,24.66301929747632
1,50,23.305304914542972
1,51,23.637860360776063
1,52,22.096240980458877
1,53,22.853322871114162
1,54,21.689550562039837
1,55,25.30667036174224
1,56,26.10014104018274
1,57,22.930268295307958
1,58,22.351627614945492
1,59,25.88580258572604
1,60,26.012430731813232
1,61,22.75980886876734
1,62,21.606689793383524
1,63,18.006443344514665
1,64,17.152880450808972
1,65,18.346497350714298
1,66,15.44391088847411
1,67,13.49608763847349
1,68,16.848406889069555
1,69,17.745264411891082
1,70,14.915381669703297
1,71,12.898225208806023
1,72,9.177673679102892
1,73,10.081796368409613
1,74,12.321479097365714
1,75,10.037014063557066
1,76,10.72867104460614
1,77,9.310310800517481
1,78,11.25740069012134
1,79,15.03571087964318
1,80,16.98078004666709
1,81,19.564012789897387
1,82,21.189486282488605
1,83,22.97210233224016
1,84,26.7002861142203
1,85,29.024721663322637
1,86,30.4890125302739
1,87,27.100079942778756
1,88,26.093756305905984
1,89,27.424672144638713
1,90,29.540669057899702
1,91,30.888610710908832
1,92,33.97386343772777
2,1,3.8824100262045653
2,3,3.866327484995441
2,4,7.263648349429249
2,5,9.933644978353643
2,6,12.876841481204707
2,7,16.407796329014015
2,8,19.204185428760297
2,9,21.44308256373403
2,10,19.606644550984644
2,11,19.238961769387455
2,12,22.93774956598885
2,13,23.849649057243784
2,14,22.740827760921622
2,15,25.613025756627337
2,16,28.099949183763062
2,17,28.97973602699467
2,18,27.311898150868764
2,19,24.30072284469956
2,20,22.98103423155128
2,21,19.785659122374454
2,22,19.505841623932735
2,23,17.778281706560474
2,24,17.732719401866074
2,25,16.92709123281528
2,26,14.80120713565441
2,27,12.739745140240883
2,28,13.822883049741256
2,29,15.522992197379939
2,30,17.61586319889298
2,31,20.49880058988245
2,32,22.798575507613
2,33,23.438265758571497
2,34,23.147322282637976
2,35,26.097211105400596
2,36,28.880272319115882
2,37,27.669038557143033
2,38,27.058032247409287
2,39,29.494104459952876
2,40,29.9992455743326
2,41,31.28387335862694
2,42,30.07393621808147
2,43,31.84003349938238
2,44,29.81753182435905
2,45,26.650098051283464
2,46,28.605119744089794
2,47,30.40068874942298
2,48,27.153081665697695
2,49,25.061142235625223
2,50,23.148963635240555
2,51,23.36535648590736
2,52,21.76834255172945
2,53,23.10362054971895
2,54,21.873391251492805
2,55,25.49147768595259
2,56,26.751282492856806
2,57,23.94048829192497
2,58,23.30430338228646
2,59,26.958560906575304
2,60,27.513472769965823
2,61,24.55377515081294
2,62,23.55385645737746
2,63,19.85579563370812
2,64,19.652943312061502
2,65,20.942697225042494
2,66,17.876680207666183
2,67,16.517396510485717
2,68,20.06610940636189
2,69,20.742132661627153
2,70,17.686504570104457
2,71,15.902711189033823
2,72,12.132452812458084
2,73,12.396089205216906
2,74,14.15128501906603
2,75,11.5759568717578
2,76,11.14034382044648
2,77,8.646021643018427
2,78,9.816163412481199
2,79,13.383910080366594
2,80,14.566634971067467
2,81,17.198654482391042
2,82,19.36601144008465
2,83,21.541164185132562
2,84,25.12660949032545
2,85,27.679639795294293
2,86,29.415105051300024
2,87,26.25793150838427
2,88,25.393636751565538
2,89,27.21643920668119
2,90,29.31877058099595
2,91,31.036924116426157
2,92,34.2646455693977
3,1,5.992404298440767
3,2,3.866327484995441
3,4,3.869586679238344
3,5,6.9245388949726925
3,6,9.386701018313104
3,7,13.06713446766
3,8,15.974897527784877
3,9,17.932189773919518
3,10,15.887050800106724
3,11,15.73674370293573
3,12,19.489014757308198
3,13,20.174833110505546
3,14,19.202247101969398
3,15,22.254981508415362
3,16,24.782535086939525
3,17,25.895705430121087
3,18,24.15332162202982
3,19,20.968531781462936
3,20,19.860623058073358
3,21,16.706154414965255
3,22,16.820529486142828
3,23,15.408335675080027
3,24,16.108087378589204
3,25,15.825096067071566
3,26,13.274696552626615
3,27,10.831451531344065
3,28,11.121780774820104
3,29,12.985925945799679
3,30,14.788519426092604
3,31,18.028621578669267
3,32,20.052672748067334
3,33,21.068513544439504
3,34,21.141276308942576
3,35,23.839045486631473
3,36,26.79847861337814
3,37,26.034027609736153
3,38,25.442629340929425
3,39,28.20413598338885
3,40,28.47076053418275
3,41,29.388639460036988
3,42,27.79780194419954
3,43,29.40005468001132
3,44,27.5706875475269
3,45,24.2288865176223
3,46,25.822975904727638
3,47,27.663052202028698
3,48,24.472000201803777
3,49,22.101837157610774
3,50,19.97991765636295
3,51,20.55936244946641
3,52,19.41197973811069
3,53,21.0970490571515
3,54,20.415729513007356
3,55,24.147437626916716
3,56,25.266781949717537
3,57,22.651177376428247
3,58,22.571878444900207
3,59,26.344102021441373
3,60,26.749882630819506
3,61,24.06670041413839
3,62,23.668000486253963
3,63,20.177189691613325
3,64,20.155030385572637
3,65,20.821134855119347
3,66,17.37416413874273
3,67,16.587687481265657
3,68,20.096789873047296
3,69,20.05718012918006
3,70,16.629520009540624
3,71,14.900142768366365
3,72,11.333225224281243
3,73,10.696554668125193
3,74,11.923513006449866
3,75,9.622321951381167
3,76,8.127450825129495
3,77,5.673441205098844
3,78,7.526019557609925
3,79,10.804944190616693
3,80,12.034313041189943
3,81,15.155915047704783
3,82,17.128214540984697
3,83,18.91036088629427
3,84,22.4309252532177
3,85,25.239706663766775
3,86,26.679597713376413
3,87,23.470351796579155
3,88,23.047040837910696
3,89,25.059266748535254
3,90,27.518590182562704
3,91,29.530920568644014
3,92,32.58293318023636
4,1,9.85964394385288
4,2,7.263648349429249
4,3,3.869586679238344
4,5,3.8586486924674364
4,6,6.418052991709542
4,7,9.864977976011597
4,8,13.214852758053691
4,9,14.812727831337092
4,10,13.023909064691901
4,11,13.549075164812804
4,12,17.19396894870014
4,13,17.818801563227474
4,14,17.509425602043112
4,15,20.78097448946143
4,16,23.572268263384483
4,17,25.20766855778621
4,18,23.534476567757608
4,19,20.04107692565857
4,20,19.14040449543189
4,21,15.935905506796558
4,22,16.247279569695603
4,23,14.795498894209109
4,24,16.2826086707413
4,25,16.020696906078932
4,26,12.850704780185767
4,27,10.84881420085829
4,28,10.760104721540888
4,29,13.254556829009863
4,30,14.87716205406558
4,31,18.427674923276214
4,32,20.16922562693581
4,33,21.76823414026056
4,34,22.154409446260757
4,35,24.40140397862118
4,36,27.60518581800592
4,37,27.299245450914697
4,38,26.553395969887397
4,39,29.51810376011135
4,40,29.37180749995596
4,41,30.017340882083953
4,42,28.070676640587255
4,43,29.273570391883993
4,44,27.50328042683133
4,45,24.109454838305915
4,46,25.272558577896856
4,47,26.880121547854507
4,48,23.639361729574237
4,49,21.14076119889339
4,50,18.49696402223748
4,51,19.22061899478018
4,52,18.404037187539632
4,53,20.703437896015377
4,54,20.368547996181835
4,55,24.033762371487136
4,56,25.353027672674436
4,57,23.189369375300185
4,58,23.410426183132536
4,59,27.214511565406944
4,60,27.796383835436984
4,61,25.52553625468092
4,62,25.555987891187385
4,63,22.225021731799295
4,64,22.645725462496202
4,65,23.041370002010233
4,66,19.45000829191686
4,67,19.27479036617928
4,68,22.754683297817248
4,69,22.262572511496415
4,70,18.67753718944182
4,71,17.217877770610297
4,72,13.974651602865258
4,73,12.725717872810668
4,74,13.205898108531105
4,75,11.171974070166893
4,76,8.50174004206456
4,77,5.850720689769065
4,78,6.890486938218425
4,79,9.040343256222684
4,80,9.364952620983312
4,81,12.851434468277889
4,82,15.056217199737201
4,83,16.785066094324264
4,84,20.028556540801834
4,85,23.166099917995613
4,86,24.57482012034418
4,87,21.58522547658609
4,88,21.615569182247437
4,89,24.084663777426883
4,90,26.715640123603027
4,91,29.1442080957914
4,92,32.12296623410088
5,1,12.51371942212002
5,2,9.933644978353643
5,3,6.9245388949726925
5,4,3.8586486924674364
5,6,3.8122580977465996
5,7,6.669687453278941
5,8,9.907874701398907
5,9,11.927279913946235
5,10,10.898033845649067
5,11,11.271945590036648
5,12,14.628408628572114
5,13,15.850858068844298
5,14,16.013600424772644
5,15,19.056745109441025
5,16,22.229974036373438
5,17,24.252825284968207
5,18,23.081451802445077
5,19,19.414439661997555
5,20,18.129082098379026
5,21,14.655407019538073
5,22,14.461734910409568
5,23,12.515057393847195
5,24,14.314223073779038
5,25,13.791549082008869
5,26,10.238202545417497
5,27,9.055424285015393
5,28,9.355778731835345
5,29,12.613438805501172
5,30,14.669779521794059
5,31,18.075276305724707
5,32,20.034661528544888
5,33,22.20475221912287
5,34,22.329566134938315
5,35,24.079140226047006
5,36,27.57175373941905
5,37,27.389182231367755
5,38,26.173686590888522
5,39,29.06724820220073
5,40,28.42627251468336
5,41,29.125230106413362
5,42,27.151955977049926
5,43,27.88424697865649
5,44,25.87055987042035
5,45,22.660454999199644
5,46,23.765094559856507
5,47,24.89479960848499
5,48,21.473532681307443
5,49,19.277660228030143
5,50,16.286224267970077
5,51,16.567792712298754
5,52,15.604862950556656
5,53,18.29633947365743
5,54,17.961506636375894
5,55,21.456965658539005
5,56,23.09483421347448
5,57,21.386475460629104
5,58,21.638369153387504
5,59,25.38773553480393
5,60,26.29568994333859
5,61,24.454520253599014
5,62,24.771110913002342
5,63,21.620408295016833
5,64,22.653484237648627
5,65,22.997948161247926
5,66,19.473784770279632
5,67,20.01151921142921
5,68,23.52188086953821
5,69,22.879315210168272
5,70,19.40675314751562
5,71,18.650741180070543
5,72,15.653610789706523
5,73,14.721077643985895
5,74,14.21360664722787
5,75,11.849911511313456
5,76,9.031645788232865
5,77,5.958514933762217
5,78,5.004709593859182
5,79,5.769144306946919
5,80,5.5095511654408655
5,81,9.063737964530969
5,82,11.31830564954793
5,83,13.215023519688742
5,84,16.36676787476816
5,85,19.52150974208449
5,86,21.12666974761762
5,87,18.349079183608595
5,88,18.374272489827764
5,89,21.133998275212225
5,90,23.680277696707055
5,91,26.34518004267682
5,92,29.352732981535883
6,1,14.778948746110535
6,2,12.876841481204707
6,3,9.386701018313104
6,4,6.418052991709542
6,5,3.8122580977465996
6,7,3.809942828376841
6,8,6.88057017637986
6,9,8.574862193110572
6,10,7.150355809882334
6,11,7.595429135605355
6,12,10.995744264186339
6,13,12.041445703886003
6,14,12.359380007963344
6,15,15.476311277462035
6,16,18.68909919195141
6,17,20.944916859893258
6,18,19.8613095208917
6,19,16.102905058183353
6,20,14.961136271110467
6,21,11.657654749799983
6,22,11.91299870468398
6,23,10.604464495870316
6,24,13.26170557288334
6,25,13.580145187296322
6,26,10.177176598429758
6,27,8.70982929134809
6,28,7.691099813121397
6,29,10.793507132898743
6,30,12.350131407061987
6,31,15.79178108588749
6,32,17.400564548966276
6,33,19.9738407487427
6,34,20.352177883344364
6,35,21.670571463882293
6,36,25.247668488561395
6,37,25.49495259446722
6,38,24.28290780158225
6,39,27.3708947396523
6,40,26.49880412689387
6,41,26.815498663244675
6,42,24.528552734202933
6,43,25.04611448396106
6,44,23.27827057381838
6,45,19.99603161262657
6,46,20.67969576695003
6,47,21.813454958382437
6,48,18.544894755583044
6,49,16.10337386564068
6,50,12.930919580509999
6,51,13.687096670823198
6,52,13.439881845103097
6,53,16.376470637415554
6,54,16.80192236530236
6,55,20.24389678437626
6,56,21.53644657363416
6,57,20.08665279238534
6,58,20.975845140416364
6,59,24.655681425301697
6,60,25.28951675347877
6,61,23.78548459233182
6,62,24.678772291122176
6,63,21.91359081613964
6,64,22.98019567876294
6,65,22.722661160708427
6,66,19.10843970604547
6,67,20.14642326880353
6,68,23.379285494065986
6,69,22.14587013780328
6,70,18.63229068204107
6,71,18.159189657094316
6,72,15.747432325420261
6,73,14.389721264806596
6,74,13.093939606783245
6,75,11.364412899595417
6,76,8.047995205887325
6,77,6.348525740857773
6,78,5.979654061411448
6,79,5.060059087507966
6,80,5.415161628835792
6,81,9.045273852540852
6,82,10.236706023784878
6,83,11.078359356613086
6,84,14.103733653247126
6,85,17.447378486854642
6,86,18.49404020595275
6,87,15.586179057508021
6,88,16.19637676370402
6,89,18.985680763743773
6,90,21.925860723872415
6,91,24.77341737861754
6,92,27.465353163336175
7,1,18.47312364522434
7,2,16.407796329014015
7,3,13.06713446766
7,4,9.864977976011597
7,5,6.669687453278941
7,6,3.809942828376841
7,8,3.9043648448859805
7,9,5.325579863042957
7,10,5.50865808520453
7,11,6.624556849891422
7,12,9.03137359140925
7,13,10.49353420165296
7,14,11.885822428149565
7,15,14.708487532122701
7,16,18.200876890321258
7,17,20.988178840765155
7,18,20.34193299251301
7,19,16.53432381285285
7,20,15.401207900690567
7,21,12.314132834466053
7,22,12.386421236830847
7,23,11.030010108873304
7,24,14.145323673642528
7,25,14.389752009062223
7,26,10.973465285792605
7,27,10.562969294228216
7,28,9.643171671159658
7,29,12.794243767432112
7,30,14.200202440852982
7,31,17.334155413612635
7,32,18.74064545301364
7,33,21.777659710181346
7,34,22.171322269540248
7,35,22.89177656957457
7,36,26.597055416295753
7,37,27.158621401302728
7,38,25.673765009119148
7,39,28.722675774083537
7,40,27.38091954395983
7,41,27.5359940722544
7,42,25.091718081501064
7,43,25.040349241985737
7,44,23.25689430518607
7,45,20.218819745850848
7,46,20.491592611862167
7,47,21.085008260475426
7,48,17.843468445063987
7,49,15.656101084523284
7,50,12.028352129759492
7,51,12.569311554163777
7,52,12.679360481168368
7,53,16.138846965281477
7,54,16.87727435472215
7,55,19.91579456634439
7,56,21.422430343967015
7,57,20.63466825375455
7,58,21.716732301507154
7,59,25.194755561648417
7,60,26.058008354345652
7,61,25.08415362698273
7,62,26.31875622171357
7,63,23.84249433710386
7,64,25.324048704928764
7,65,24.933279779696456
7,66,21.46294987261765
7,67,22.98060340384169
7,68,26.095773847671285
7,69,24.660220565903785
7,70,21.300465370856237
7,71,21.227668152927603
7,72,19.108998831239354
7,73,17.76859841505382
7,74,16.008608180362238
7,75,14.44966092834758
7,76,11.258083476142213
7,77,9.853949265338077
7,78,8.623229371850536
7,79,5.952897602376524
7,80,4.791406558248614
7,81,7.61231211372716
7,82,8.375523801736884
7,83,8.770432512906197
7,84,11.143618783273066
7,85,14.77518352595181
7,86,15.784548531118354
7,87,13.342212719678162
7,88,14.47861393252966
7,89,17.712390168206976
7,90,20.64970797545473
7,91,23.86125529400004
7,92,26.393827362381348
8,1,20.86738035516552
8,2,19.204185428760297
8,3,15.974897527784877
8,4,13.214852758053691
8,5,9.907874701398907
8,6,6.88057017637986
8,7,3.9043648448859805
8,9,3.761891600208639
8,10,5.38616565412802
8,11,4.994193940814839
8,12,6.069076000516585
8,13,8.614052944266176
8,14,10.24988120326878
8,15,12.300108224805172
8,16,16.007520487636768
8,17,19.008338814094063
8,18,19.028995361307324
8,19,15.38747541157851
8,20,13.817355527788756
8,21,10.899046956091548
8,22,10.48879014163986
8,23,9.269294643591678
8,24,12.697516889930691
8,25,13.304821881104155
8,26,10.45714885344617
8,27,10.62272529447245
8,28,9.584697995478875
8,29,12.450882927318887
8,30,13.869258748701585
8,31,16.38492704782971
8,32,17.843458371748092
8,33,21.24544273560404
8,34,21.355506190944364
8,35,21.4687666390763
8,36,25.27102411896707
8,37,25.982073462918006
8,38,24.14278429605802
8,39,27.050267449916408
8,40,25.272099871104512
8,41,25.35694151928081
8,42,22.924367990755133
8,43,22.38892125146955
8,44,20.503789881371958
8,45,17.775859956721597
8,46,17.890303317742912
8,47,17.97160759124949
8,48,14.726548758538147
8,49,12.961898481456805
8,50,9.200414173962972
8,51,9.282895920088375
8,52,9.748221249007846
8,53,13.432375245376711
8,54,14.636370539726483
8,55,17.28894834146149
8,56,18.714188033723737
8,57,18.471023608284547
8,58,19.88611981829205
8,59,23.09905257011211
8,60,23.98511744394122
8,61,23.535173704863865
8,62,25.205708536475942
8,63,23.188358253197638
8,64,24.9871258823581
8,65,24.30267265494607
8,66,21.07164848408682
8,67,23.180251968232835
8,68,26.034807266004357
8,69,24.364749228664564
8,70,21.31176312069949
8,71,21.8758134613399
8,72,20.239255762730675
8,73,19.195054656622432
8,74,16.74028004701327
8,75,15.301603551765513
8,76,12.593201743208274
8,77,11.7462778004215
8,78,10.209691545278966
8,79,6.752517621479897
8,80,6.532355588533868
8,81,7.698085020953129
8,82,6.627252845964953
8,83,5.500785721940176
8,84,7.6605244994993065
8,85,11.25146110499906
8,86,11.93866370732764
8,87,9.486991811612743
8,88,10.968801537421031
8,89,14.29203512192958
8,90,17.333963039713545
8,91,20.698126402554607
8,92,23.003843934800855
9,1,23.161736082462713
9,2,21.44308256373403
9,3,17.932189773919518
9,4,14.812727831337092
9,5,11.927279913946235
9,6,8.574862193110572
9,7,5.325579863042957
9,8,3.761891600208639
9,10,3.7977314222582548
9,11,5.618654003672296
9,12,5.647601587383124
9,13,6.839569017579443
9,14,9.6446422033202
9,15,11.937879770507553
9,16,15.396287704221972
9,17,18.754919982968815
9,18,18.542591474132188
9,19,14.918062697703498
9,20,14.19945258476255
9,21,12.055696599442618
9,22,12.624553675120676
9,23,12.32128746664387
9,24,15.987777374254195
9,25,16.948206310013305
9,26,14.164925219200716
9,27,13.951194488281034
9,28,12.248608220587016
9,29,14.570412754003849
9,30,15.114926499882994
9,31,17.72429683283243
9,32,18.422425848665178
9,33,21.917868329117464
9,34,22.609657476854988
9,35,22.483197602596743
9,36,26.138790900196437
9,37,27.341734927053032
9,38,25.82058348934254
9,39,28.936947309529604
9,40,27.16360701443849
9,41,26.75708528443497
9,42,23.937389862840494
9,43,23.271089183821733
9,44,21.91865756012809
9,45,19.133186841315432
9,46,18.50919566307994
9,47,18.702293664983934
9,48,15.960620474630328
9,49,13.790473162832756
9,50,9.989403054858993
9,51,11.102040040446859
9,52,12.565943317490134
9,53,16.164164342783366
9,54,17.88346062101525
9,55,20.366551285969557
9,56,21.47078238175144
9,57,21.379601203438643
9,58,23.152227886944566
9,59,26.266794799174246
9,60,26.899928828834096
9,61,26.559679602564806
9,62,28.440616875422165
9,63,26.529611563355743
9,64,28.11574208325236
9,65,27.148645477667884
9,66,23.82498212038353
9,67,25.850452559499153
9,68,28.548697304378727
9,69,26.547846470348542
9,70,23.387895617189365
9,71,23.689497594456817
9,72,22.26960231890792
9,73,20.66015853163541
9,74,18.287313217493804
9,75,17.495194862269187
9,76,14.41751027552427
9,77,14.111114852530964
9,78,13.225431930100424
9,79,10.116811684239655
9,80,9.380039980966268
9,81,10.805127144603107
9,82,10.013978775814229
9,83,8.425579124013073
9,84,9.271300460576839
9,85,12.9738278098978
9,86,12.878894203090967
9,87,10.9154293366711
9,88,13.351461060799327
9,89,16.5917153069048
9,90,19.82155260146987
9,91,23.287247180203693
9,92,25.199101990494057
10,1,20.947459295050233
10,2,19.606644550984644
10,3,15.887050800106724
10,4,13.023909064691901
10,5,10.898033845649067
10,6,7.150355809882334
10,7,5.50865808520453
10,8,5.38616565412802
10,9,3.7977314222582548
10,11,3.833124927824181
10,12,5.685679847215542
10,13,5.436123312108696
10,14,7.323537681111334
10,15,10.48897288019606
10,16,13.657018640359544
10,17,16.692106306013613
10,18,15.86283295378164
10,19,12.094032636582975
10,20,11.795570036191503
10,21,9.770712226416178
10,22,11.242127683717166
10,23,11.66442853059303
10,24,15.391684218557529
10,25,16.875164628800373
10,26,14.180158009472242
10,27,12.944729029029476
10,28,10.432430853675699
10,29,12.210102073499632
10,30,12.17461445143197
10,31,15.118734703051171
10,32,15.514129752246202
10,33,18.811760249985745
10,34,19.856727601877097
10,35,20.056438013953436
10,36,23.586670640818035
10,37,24.847645014474427
10,38,23.74133856263516
10,39,27.080342877703625
10,40,25.721166177513567
10,41,25.140507264661988
10,42,22.181240493583118
10,43,22.048317244765165
10,44,21.005964504758065
10,45,17.818602338322158
10,46,17.201513283579615
10,47,18.15893839555174
10,48,15.561380151414717
10,49,12.695212772368729
10,50,9.18391444231192
10,51,11.278199101796833
10,52,12.975769269325584
10,53,16.165457562432454
10,54,18.0535991743537
10,55,20.94572950012352
10,56,21.580890266214094
10,57,20.91022855913023
10,58,22.871857422127984
10,59,26.157739571830696
10,60,26.346502639310835
10,61,25.616573209839483
10,62,27.45245110443721
10,63,25.4517583249633
10,64,26.56130160863764
10,65,25.380713650236473
10,66,21.88169111787877
10,67,23.615439786119037
10,68,26.209968181433347
10,69,24.039848852872254
10,70,20.716850027023682
10,71,20.68179199971976
10,72,19.405330147793613
10,73,17.431878390613736
10,74,15.170624349220875
10,75,14.877842494654507
10,76,11.617788028713335
10,77,12.036582259376235
10,78,12.156326435485441
10,79,9.890583962863351
10,80,10.098162586428044
10,81,12.479169833029339
10,82,11.935465654382643
10,83,10.49081366618968
10,84,12.186276504479356
10,85,15.67848043304996
10,86,15.314344321444239
10,87,12.667418890837952
10,88,14.879823915155995
10,89,17.633396908010322
10,90,21.13750904851851
10,91,24.30644630838642
10,92,26.19234884278074
11,1,20.096045737111243
11,2,19.238961769387455
11,3,15.73674370293573
11,4,13.549075164812804
11,5,11.271945590036648
11,6,7.595429135605355
11,7,6.624556849891422
11,8,4.994193940814839
11,9,5.618654003672296
11,10,3.833124927824181
11,12,3.811048763832533
11,13,5.209185656042572
11,14,5.515399552643191
11,15,8.139545379046156
11,16,11.63714937443956
11,17,14.419896129195982
11,18,14.118455202708398
11,19,10.429086446898518
11,20,9.06697578432538
11,21,6.491083656107561
11,22,7.471445274293076
11,23,8.144292616868801
11,24,11.95272851010587
11,25,13.873954825074142
11,26,11.734787713042877
11,27,10.417332304074309
11,28,7.701414062549067
11,29,9.240850924717044
11,30,9.608224366616767
11,31,12.116929796119333
11,32,13.06896413364993
11,33,16.542196451588076
11,34,17.024673125523766
11,35,17.061384632767048
11,36,20.76073161593024
11,37,21.793065294386324
11,38,20.355010970164216
11,39,23.56441541079986
11,40,22.06674461763999
11,41,21.684684938615675
11,42,18.925957532286272
11,43,18.775119967562343
11,44,17.434093394058348
11,45,14.272055530324076
11,46,14.065834407040562
11,47,14.964856515231125
11,48,12.087540429300535
11,49,9.353533836338014
11,50,5.831027738996582
11,51,7.7733915881024105
11,52,9.486164845223076
11,53,12.448686886201816
11,54,14.525261398261723
11,55,17.43465096461544
11,56,17.84887886031788
11,57,17.13375939053521
11,58,19.250436554464848
11,59,22.469354525556977
11,60,22.55614632070182
11,61,21.930954390883905
11,62,23.93568185276859
11,63,22.171754595851517
11,64,23.391203670007602
11,65,22.0582298730759
11,66,18.71030323613587
11,67,20.817146559908245
11,68,23.271776973790654
11,69,21.066016062933294
11,70,17.977918625410968
11,71,18.51026920677547
11,72,17.516548978643506
11,73,16.09367257133514
11,74,13.236802983882907
11,75,12.756840469501288
11,76,10.131416846139624
11,77,10.879977149343388
11,78,10.850561924431918
11,79,8.548040788260227
11,80,10.018497299534443
11,81,11.93100842028247
11,82,10.540900300772131
11,83,8.593953239145202
11,84,10.87511693403922
11,85,13.863024661384243
11,86,13.404396905558324
11,87,10.170003307777135
11,88,11.96606259569848
11,89,14.327441631213585
11,90,17.921556688772796
11,91,20.887639627540302
11,92,22.783741345251386
12,1,23.798122177746887
12,2,22.93774956598885
12,3,19.489014757308198
12,4,17.19396894870014
12,5,14.628408628572114
12,6,10.995744264186339
12,7,9.03137359140925
12,8,6.069076000516585
12,9,5.647601587383124
12,10,5.685679847215542
12,11,3.811048763832533
12,13,3.758854808017911
12,14,5.480118475709657
12,15,6.627816667813793
12,16,10.296660230700887
12,17,13.633168647282343
12,18,14.111853807744522
12,19,10.827530743981269
12,20,9.52188905873523
12,21,8.006909197228223
12,22,8.680097569338821
12,23,9.701150469910738
12,24,13.478494201480617
12,25,15.504142357831334
12,26,13.806264544387318
12,27,13.189915831400153
12,28,10.791471166581912
12,29,11.939890911394128
12,30,12.015640971107906
12,31,13.697825743618559
12,32,14.273519599214529
12,33,18.03139553009579
12,34,18.46048931378436
12,35,17.69390130952853
12,36,21.337281968471864
12,37,22.73846413944639
12,38,21.06507389353702
12,39,24.122115796062165
12,40,22.132959797622732
12,41,21.46061464582013
12,42,18.56998722975359
12,43,17.68681646364383
12,44,16.505595372428374
12,45,13.820065731697406
12,46,12.933303765890502
12,47,13.104517946450223
12,48,10.568038871936288
12,49,8.297303659600683
12,50,4.611333446236068
12,51,6.576719870575285
12,52,9.322241807582882
12,53,12.329028017661145
12,54,14.975206451846958
12,55,17.224638013825505
12,56,17.496861447426337
12,57,17.551950891564427
12,58,20.008237566391013
12,59,22.824241934217483
12,60,22.93332947656218
12,61,22.937239063988564
12,62,25.353388281009636
12,63,24.04628243456323
12,64,25.534775238773154
12,65,23.967145920335415
12,66,20.91690709384554
12,67,23.43576827050561
12,68,25.608453487936913
12,69,23.189887949245794
12,70,20.439950422801008
12,71,21.38902042927027
12,72,20.778875583606613
12,73,19.46254125396847
12,74,16.327632112497636
12,75,16.049993459986656
12,76,13.75250818207884
12,77,14.549946507878833
12,78,14.12902909042662
12,79,11.311452523100415
12,80,12.339340883695192
12,81,13.38045621795014
12,82,11.220706684869661
12,83,8.209832582281038
12,84,9.242369655406435
12,85,11.919258038674878
12,86,10.619914161326333
12,87,7.775001559196995
12,88,10.555113283477876
12,89,12.895552474776023
12,90,16.563292421068855
12,91,19.72806501799381
12,92,21.166150509520264
13,1,24.569663465561433
13,2,23.849649057243784
13,3,20.174833110505546
13,4,17.818801563227474
13,5,15.850858068844298
13,6,12.041445703886003
13,7,10.49353420165296
13,8,8.614052944266176
13,9,6.839569017579443
13,10,5.436123312108696
13,11,5.209185656042572
13,12,3.758854808017911
13,14,3.8453462262233455
13,15,5.972340736674771
13,16,8.886081469572567
13,17,12.367578722586797
13,18,12.154818305094587
13,19,8.849497842809246
13,20,8.923622888292272
13,21,8.536413758722558
13,22,10.591302478743074
13,23,12.413413579508997
13,24,16.195259243182687
13,25,18.52007222631435
13,26,16.729777120843767
13,27,15.468672602169226
13,28,12.443265311644192
13,29,12.931318876953803
13,30,11.928540525293467
13,31,13.789233506887792
13,32,13.38160749931996
13,33,17.032186957538233
13,34,18.223829365922448
13,35,17.451693760117067
13,36,20.802838160861562
13,37,22.680249734737846
13,38,21.59347637154148
13,39,24.922931523102303
13,40,23.25479995524842
13,41,22.054863533820363
13,42,18.769622056297905
13,43,18.168750155511017
13,44,17.743061366514958
13,45,14.821613685835684
13,46,13.248256931057236
13,47,14.122577973665367
13,48,12.340910092932361
13,49,9.331840584945724
13,50,6.470869661442618
13,51,9.630956853773885
13,52,12.667439372987
13,53,15.284846717052165
13,54,18.13301094827678
13,55,20.499406081720878
13,56,20.35593899203792
13,57,20.13491324429698
13,58,22.826867124462417
13,59,25.664186532152772
13,60,25.36152540093558
13,61,25.175779116934166
13,62,27.6404970109036
13,63,26.321652984349807
13,64,27.372361398586712
13,65,25.527383363356716
13,66,22.340175194521763
13,67,24.562266355604713
13,68,26.542774369199236
13,69,23.80911798961591
13,70,20.92195297649306
13,71,21.443561891754715
13,72,21.099195639634953
13,73,19.18485408580376
13,74,16.248497314309724
13,75,16.750480124452853
13,76,14.187830269269623
13,77,15.626304334074979
13,78,15.995246677217741
13,79,13.67202845768565
13,80,14.60038392911729
13,81,16.266216993193424
13,82,14.587075821251968
13,83,11.848819278343157
13,84,12.729637342048585
13,85,15.466909142452137
13,86,13.79914529295046
13,87,11.231837766558472
13,88,14.171212624031854
13,89,16.17819779826881
13,90,19.94064578061635
13,91,22.940789916895614
13,92,24.094978328822553
14,1,22.874164295078483
14,2,22.740827760921622
14,3,19.202247101969398
14,4,17.509425602043112
14,5,16.013600424772644
14,6,12.359380007963344
14,7,11.885822428149565
14,8,10.24988120326878
14,9,9.6446422033202
14,10,7.323537681111334
14,11,5.515399552643191
14,12,5.480118475709657
14,13,3.8453462262233455
14,15,3.7847295179183877
14,16,6.49480850935785
14,17,9.370442586500863
14,18,8.943013715816226
14,19,5.425303823948825
14,20,5.150036126979764
14,21,5.33287796277996
14,22,8.200822659247859
14,23,10.936623242592686
14,24,14.431811826938322
14,25,17.300098622947516
14,26,16.022157579208294
14,27,14.14003169099103
14,28,10.675211552072737
14,29,10.143988704810301
14,30,8.54550945524793
14,31,10.082331696587016
14,32,9.549258433042493
14,33,13.239332847128697
14,34,14.396981707723025
14,35,13.697311570213193
14,36,17.05990994639011
14,37,18.89098728616085
14,38,17.972155083676896
14,39,21.41080272060804
14,40,20.024002804997348
14,41,18.760016975399736
14,42,15.454776533253762
14,43,15.374650972251796
14,44,15.096104154020281
14,45,11.835817266622977
14,46,10.48514685224767
14,47,12.180965315714007
14,48,10.497257654658199
14,49,6.891105570632913
14,50,5.071957862105898
14,51,8.859825162108494
14,52,11.865230204360861
14,53,13.734004318486381
14,54,16.728218034377797
14,55,19.285900883615057
14,56,18.608752555020992
14,57,17.905670050057587
14,58,20.803684255723383
14,59,23.63825112673552
14,60,22.89327805686134
14,61,22.480460993093956
14,62,24.998051191879853
14,63,23.821632219097904
14,64,24.53038179871142
14,65,22.401193612087305
14,66,19.265877267510195
14,67,21.468714516833796
14,68,23.17656572473386
14,69,20.257573025019195
14,70,17.484809283804324
14,71,18.145130312952755
14,72,18.23507813879941
14,73,16.443730798821843
14,74,13.233102954677051
14,75,14.183737734935015
14,76,12.16744118552173
14,77,14.34510244217042
14,78,15.288829100640815
14,79,13.644025007832868
14,80,15.492249719546962
14,81,17.35967521393722
14,82,15.56834985378546
14,83,12.941570971137546
14,84,14.539402497108826
14,85,16.871063855337468
14,86,15.216792950708095
14,87,12.058969354735625
14,88,14.340718642615021
14,89,15.633094754774422
14,90,19.481769337308286
14,91,22.03377812253401
14,92,23.15483198643115
15,1,25.508176776500207
15,2,25.613025756627337
15,3,22.254981508415362
15,4,20.78097448946143
15,5,19.056745109441025
15,6,15.476311277462035
15,7,14.708487532122701
15,8,12.300108224805172
15,9,11.937879770507553
15,10,10.48897288019606
15,11,8.139545379046156
15,12,6.627816667813793
15,13,5.972340736674771
15,14,3.7847295179183877
15,16,3.7760479713580937
15,17,7.048925475491509
15,18,8.173426178341233
15,19,5.932081423871729
15,20,4.831211723225978
15,21,6.385254586137628
15,22,8.401742780676036
15,23,11.552721660024138
15,24,14.694353321513011
15,25,17.84606943928214
15,26,17.256680915812115
15,27,15.760223190048375
15,28,12.595291032968317
15,29,11.612394419438296
15,30,10.108984796479596
15,31,10.259189298261177
15,32,9.642051348811643
15,33,13.432696131601958
15,34,14.120687067140507
15,35,12.449966756645699
15,36,15.722836201715118
15,37,17.79168221542612
15,38,16.541106121853353
15,39,19.733144417398254
15,40,17.896186042972268
15,41,16.348277584500615
15,42,12.981205887895205
15,43,12.242473902638139
15,44,12.204241649962396
15,45,9.409387986029957
15,46,7.3312123495302925
15,47,8.67587207782182
15,48,7.663266549503448
15,49,4.351143087264308
15,50,4.304074221355033
15,51,7.852941858770824
15,52,11.386691818690016
15,53,12.60338983767816
15,54,16.099839910290925
15,55,18.065329569214136
15,56,16.893378268158393
15,57,16.696079131885995
15,58,19.982316266445416
15,59,22.351740673715554
15,60,21.391614603653892
15,61,21.532970031277376
15,62,24.468577319697413
15,63,23.860085003765732
15,64,24.7259859006217
15,65,22.285030520242664
15,66,19.588188652496097
15,67,22.24370615130202
15,68,23.530774808243557
15,69,20.433968823702614
15,70,18.219967216152863
15,71,19.526664790662505
15,72,20.115152779866413
15,73,18.775214716536052
15,74,15.228880584013234
15,75,16.198786785432976
15,76,14.84994624586533
15,77,17.05537195046791
15,78,17.68574744629908
15,79,15.841467335498958
15,80,17.88376204068457
15,81,19.150214789307064
15,82,16.731999133249964
15,83,13.5798874649919
15,84,14.668181262193132
15,85,16.22904817837818
15,86,13.939474112861342
15,87,10.993399716996052
15,88,13.335116887149525
15,89,13.888464526885933
15,90,17.700773757531387
15,91,20.018386453655697
15,92,20.6177388309668
16,1,27.620090859273652
16,2,28.099949183763062
16,3,24.782535086939525
16,4,23.572268263384483
16,5,22.229974036373438
16,6,18.68909919195141
16,7,18.200876890321258
16,8,16.007520487636768
16,9,15.396287704221972
16,10,13.657018640359544
16,11,11.63714937443956
16,12,10.296660230700887
16,13,8.886081469572567
16,14,6.49480850935785
16,15,3.7760479713580937
16,17,3.812166305883254
16,18,5.531671221133144
16,19,5.181110894245812
16,20,5.515494417329366
16,21,8.708407699106997
16,22,11.07005132930612
16,23,14.621473139640893
16,24,17.377097173994045
16,25,20.79718930826131
16,26,20.52981263772206
16,27,18.747088834073878
16,28,15.41168061855347
16,29,13.669655125000983
16,30,11.37979642603228
16,31,10.690115629028721
16,32,8.917592944212243
16,33,12.286870794627673
16,34,13.402694101852683
16,35,11.123733865404091
16,36,13.756982582634837
16,37,16.4542978895771
16,38,15.738367679167855
16,39,18.92771655786915
16,40,17.316406442359707
16,41,15.05018781853905
16,42,11.362967785733709
16,43,10.769055718880658
16,44,11.912240742261186
16,45,9.449972005765959
16,46,6.371699925418354
16,47,8.541714475232348
16,48,9.088592726808683
16,49,6.271688098740147
16,50,7.862106463952906
16,51,11.09026513404757
16,52,14.543248562896137
16,53,15.06707395359657
16,54,18.696173261756986
16,55,20.431231489392097
16,56,18.658548811723723
16,57,18.38372176932241
16,58,21.926014403873207
16,59,23.98583295274997
16,60,22.490066422945336
16,61,22.70254076373032
16,62,25.81523716042025
16,63,25.557006172804556
16,64,26.03748206264809
16,65,23.189527053685044
16,66,20.752914018709582
16,67,23.303847846868603
16,68,24.05283483811522
16,69,20.620744794427097
16,70,18.7718027280586
16,71,20.083045366711346
16,72,21.300537244224305
16,73,19.841352074678984
16,74,16.36832021215875
16,75,18.021319519140786
16,76,17.039412578806814
16,77,19.73956429751586
16,78,20.803548907429217
16,79,19.300888494355373
16,80,21.48809449641556
16,81,22.877505754751784
16,82,20.464246859703447
16,83,17.29680842002493
16,84,18.25246150696195
16,85,19.535569290102774
16,86,16.914848709116576
16,87,14.236415034181968
16,88,16.473522939290852
16,89,16.411581288418052
16,90,20.07574908355376
16,91,21.962685819968296
16,92,22.054279208357915
17,1,27.991247984466355
17,2,28.97973602699467
17,3,25.895705430121087
17,4,25.20766855778621
17,5,24.252825284968207
17,6,20.944916859893258
17,7,20.988178840765155
17,8,19.008338814094063
17,9,18.754919982968815
17,10,16.692106306013613
17,11,14.419896129195982
17,12,13.633168647282343
17,13,12.367578722586797
17,14,9.370442586500863
17,15,7.048925475491509
17,16,3.812166305883254
17,18,3.828481198399592
17,19,5.882410671446009
17,20,6.221491107930066
17,21,9.975100319490387
17,22,12.253788468994713
17,23,16.065627462136415
17,24,18.217969004129717
17,25,21.88598863295914
17,26,22.09125373795838
17,27,19.98863852316959
17,28,16.658461111556107
17,29,14.141748474092225
17,30,11.474761899906563
17,31,9.740208992494653
17,32,7.368261171542899
17,33,9.985792490711235
17,34,11.067646283110552
17,35,8.293377266179771
17,36,10.318989140232512
17,37,13.36986356632238
17,38,13.128186826068172
17,39,16.279283112664345
17,40,15.085934369414282
17,41,12.358473281303684
17,42,8.55728070455622
17,43,8.766951326363971
17,44,10.771707977352621
17,45,8.519803608630918
17,46,5.57892025151365
17,47,8.804359524926577
17,48,10.124859326789217
17,49,7.823381923262608
17,50,10.477445648496733
17,51,13.308338138538021
17,52,16.345805039241213
17,53,16.05485793765742
17,54,19.586061092238626
17,55,21.243338459517783
17,56,18.909266919310273
17,57,18.26672731024031
17,58,21.913030045623515
17,59,23.723182588784624
17,60,21.67605406972148
17,61,21.76896729020089
17,62,24.92761933189052
17,63,24.995558855093037
17,64,25.044610005025195
17,65,21.85188305659045
17,66,19.759104172230543
17,67,22.188743615236387
17,68,22.371803988126867
17,69,18.72914336379871
17,70,17.377400273594994
17,71,18.855866656797772
17,72,20.70450848903759
17,73,19.465782309966755
17,74,16.055635856216938
17,75,18.159908665987054
17,76,17.85886668517077
17,77,20.946402749827794
17,78,22.375921586988675
17,79,21.388754567240547
17,80,23.982796102679803
17,81,25.462551191885215
17,82,23.063254264644335
17,83,20.06965770970885
17,84,21.332469574644602
17,85,22.348785436870976
17,86,19.81203108462649
17,87,17.005555980889888
17,88,18.692128697735363
17,89,17.994696102675334
17,90,21.44776732611108
17,91,22.760949080399268
17,92,22.63806434051976
18,1,26.255614450705878
18,2,27.311898150868764
18,3,24.15332162202982
18,4,23.534476567757608
18,5,23.081451802445077
18,6,19.8613095208917
18,7,20.34193299251301
18,8,19.028995361307324
18,9,18.542591474132188
18,10,15.86283295378164
18,11,14.118455202708398
18,12,14.111853807744522
18,13,12.154818305094587
18,14,8.943013715816226
18,15,8.173426178341233
18,16,5.531671221133144
18,17,3.828481198399592
18,19,3.834829898230138
18,20,6.114867955278337
18,21,9.817910590873131
18,22,12.911360239824152
18,23,16.699859725526586
18,24,19.02454224456281
18,25,22.6249405140024
18,26,22.410961966895783
18,27,19.825362462976504
18,28,16.180625656244143
18,29,13.518388833016623
18,30,10.180704862701244
18,31,9.219349291704347
18,32,5.836115157889903
18,33,8.080814414718503
18,34,10.386411767347742
18,35,8.749394235107944
18,36,10.535365627092169
18,37,13.607122253982391
18,38,14.174932814308555
18,39,17.66843899713396
18,40,17.183470933604788
18,41,14.628060299569393
18,42,10.950475926771245
18,43,12.089686863475828
18,44,13.854209229097068
18,45,11.0367600385529
18,46,8.870609632869911
18,47,12.298286416189361
18,48,12.90137604992353
18,49,9.852888535035186
18,50,11.623717889726718
18,51,14.952956765383249
18,52,17.83906239149128
18,53,17.92360561686458
18,54,21.182935653562925
18,55,23.354658188414813
18,56,21.272206902644466
18,57,20.09810222811258
18,58,23.51662990291738
18,59,25.715042686158597
18,60,23.673766300641827
18,61,23.184603457882954
18,62,25.991318817734964
18,63,25.622251881779476
18,64,25.283451525049543
18,65,22.18731656098165
18,66,19.730601215714582
18,67,21.603107357337326
18,68,21.917805647379897
18,69,18.23332047078682
18,70,16.436351432838418
18,71,17.179387346384722
18,72,19.006171233616477
18,73,17.216128328687024
18,74,14.208007483168517
18,75,16.850309084869917
18,76,16.30060335574776
18,77,19.694955866390252
18,78,21.66611841325106
18,79,21.08421474902587
18,80,23.61692273368859
18,81,25.616198749827433
18,82,23.69265810127509
18,83,21.033668059694996
18,84,22.644217645036687
18,85,24.202489771281755
18,86,21.959826273133068
18,87,18.912416528638847
18,88,20.673124402807094
18,89,20.451559547439384
18,90,24.055287595478546
18,91,25.539372178200768
18,92,25.794606827915427
19,1,23.63066426026786
19,2,24.30072284469956
19,3,20.968531781462936
19,4,20.04107692565857
19,5,19.414439661997555
19,6,16.102905058183353
19,7,16.53432381285285
19,8,15.38747541157851
19,9,14.918062697703498
19,10,12.094032636582975
19,11,10.429086446898518
19,12,10.827530743981269
19,13,8.849497842809246
19,14,5.425303823948825
19,15,5.932081423871729
19,16,5.181110894245812
19,17,5.882410671446009
19,18,3.834829898230138
19,20,3.775433020596659
19,21,6.824262675150236
19,22,10.327614102044915
19,23,13.88688991487013
19,24,16.640969616923968
19,25,20.02275822485734
19,26,19.35045891130164
19,27,16.787600220884496
19,28,13.038630999441036
19,29,10.901859406008565
19,30,7.7420000846333625
19,31,8.08189769193783
