1,2,3.8262662540371775
1,3,5.396381244699259
1,4,5.141125006140891
1,5,6.315435825720472
1,6,8.64177342316029
1,7,9.907314906024892
1,8,10.61156271391261
1,9,12.391011854739785
1,10,14.26114854916451
1,11,15.593026383201959
1,12,16.54478230291238
1,13,18.11358897914884
1,14,20.138895415534392
1,15,21.191860534879606
1,16,21.958299184586334
1,17,26.581892751872616
1,18,28.006001550425875
1,19,31.51922095978112
1,20,32.90940250866395
1,21,30.66385855613509
1,22,29.764499170723557
1,23,27.307956306078403
1,24,27.039804777781466
1,25,25.171593356159043
1,26,22.723041711209635
1,27,21.632518768255892
1,28,18.69240614920784
1,29,16.98000522286951
1,30,16.04799911219355
1,31,14.325783768959171
1,32,17.455765940952883
1,33,19.976497675645778
1,34,18.53661695668854
1,35,18.543869676118888
1,36,22.006518448946917
1,37,23.18208894113412
1,38,22.001720078371143
1,39,23.454374872940885
1,40,26.966427584760506
1,41,26.78606290659486
1,42,28.99467517606911
1,43,29.98582137153766
1,44,26.990718043629034
1,45,25.337901352829096
1,46,23.0729935055045
1,47,20.83860925219592
1,48,20.772523747506707
1,49,17.57852251535077
1,50,15.935014222246096
1,51,17.620608302460532
1,52,16.440018253048986
1,53,12.788930008490393
1,54,13.377632696656585
1,55,15.310384756943398
1,56,12.289664134357464
1,57,11.058202891337148
1,58,14.72817094663932
1,59,16.262617236091376
1,60,19.751179505749715
1,61,21.372481334867796
1,62,22.77447353770349
1,63,26.22901531939049
1,64,28.046839916697696
1,65,30.36291778639766
1,66,28.711495059391446
1,67,28.05013286239195
1,68,25.073856232164953
1,69,24.806903469301144
1,70,24.742992225412134
1,71,22.205615617553686
1,72,19.449205060205045
1,73,20.227759465781613
1,74,19.993125892817915
1,75,16.789471266008547
1,76,15.137796581468
1,77,16.335706970582052
1,78,14.986626647512747
1,79,11.408847056154245
1,80,11.88372270918844
1,81,13.008211394551344
1,82,10.22698979081871
1,83,7.920226879615577
1,84,10.849979250338384
1,85,11.316687678846282
1,86,8.114295282775695
2,1,3.8262662540371775
2,3,3.818236770401377
2,4,5.4443987945364345
2,5,5.136779313117715
2,6,6.106022220058202
2,7,8.586345571170764
2,8,9.816270360326243
2,9,10.486521146913073
2,10,12.190587879966996
2,11,14.35147784740913
2,12,15.18853311601793
2,13,16.033801559880942
2,14,18.317971583270875
2,15,19.904586084455058
2,16,20.48489916508383
2,17,25.29662084017508
2,18,26.72516195515192
2,19,30.319049834298493
2,20,32.10961504591036
2,21,29.981762456034307
2,22,29.55651500803097
2,23,27.418069239658383
2,24,27.664123842948605
2,25,26.09623239153205
2,26,24.081971777015063
2,27,23.518616126799618
2,28,20.850177640932692
2,29,19.54998467826655
2,30,18.00772797593893
2,31,15.63810766966313
2,32,18.595801919087364
2,33,21.1934337099862
2,34,19.267803475399152
2,35,18.77078534017019
2,36,22.40794727409262
2,37,23.50648399220879
2,38,21.73315194692282
2,39,22.9908505509376
2,40,26.56675878289621
2,41,25.979311276835737
2,42,27.798733828430123
2,43,28.415458035164786
2,44,25.31578098257296
2,45,23.23546706133576
2,46,21.02718890985581
2,47,19.225796474965176
2,48,18.910621177073974
2,49,15.398086502397165
2,50,14.466913331196048
2,51,16.531591684205228
2,52,14.892167605710922
2,53,11.472253054815969
2,54,13.12484096635888
2,55,14.919005600393536
2,56,11.896024129712291
2,57,11.80830647078869
2,58,15.644030174150329
2,59,17.283205410858855
2,60,20.497834356114733
2,61,21.499595929445572
2,62,22.8686104705464
2,63,26.09538808262372
2,64,27.769866073897713
2,65,30.94780870146822
2,66,29.05429654733441
2,67,27.900079793907096
2,68,24.630093316855714
2,69,24.27821375551476
2,70,24.788380552361456
2,71,22.402740367456623
2,72,19.243314517365683
2,73,20.240615354046362
2,74,20.714167994241677
2,75,17.512814285289235
2,76,15.467493179591909
2,77,17.296386674607792
2,78,16.590687719293392
2,79,12.774972036484849
2,80,13.109952527990636
2,81,15.13772859948283
2,82,12.876755179722204
2,83,10.165408166577475
2,84,13.183664324814403
2,85,14.446422551399056
2,86,11.53112890161003
3,1,5.396381244699259
3,2,3.818236770401377
3,4,3.8173990528242254
3,5,5.479454864935436
3,6,5.048290466664861
3,7,6.131805103696009
3,8,8.573747501303783
3,9,9.842158391864915
3,10,10.434527309132875
3,11,12.411184670040548
3,12,14.148557257416863
3,13,14.90027264104987
3,14,16.479155047377088
3,15,18.27095523926617
3,16,19.522448605644026
3,17,22.78389893306237
3,18,23.83983170260472
3,19,27.52188896978569
3,20,29.183486813299233
3,21,26.817978249617273
3,22,26.378354052502935
3,23,24.117264711833514
3,24,24.37992738716888
3,25,23.10799905615793
3,26,21.183576100690022
3,27,21.016621214357755
3,28,18.77411226658823
3,29,17.526837252104443
3,30,15.252382078252928
3,31,12.441455642067233
3,32,15.162412943775587
3,33,17.860833530200566
3,34,15.911741495249249
3,35,15.098940537331051
3,36,18.717111056163812
3,37,19.954736637257813
3,38,18.153198386844952
3,39,19.243724223493604
3,40,22.86494479418271
3,41,22.432897284969883
3,42,24.273692990562427
3,43,25.13061367380512
3,44,22.208906401841123
3,45,20.304529302127914
3,46,18.343713817729903
3,47,16.137951485297496
3,48,15.650377923577738
3,49,12.369127935261815
3,50,11.1722003744901
3,51,12.872412695272162
3,52,11.308737521159989
3,53,7.780633742983031
3,54,9.352221191506235
3,55,11.144865752778138
3,56,8.335727878703546
3,57,8.426607810866825
3,58,12.23286278141344
3,59,14.192803156720117
3,60,17.14081862098483
3,61,17.912155710481514
3,62,19.116102065261565
3,63,22.295981243693976
3,64,23.95451983528761
3,65,27.86330797353843
3,66,26.165473431563615
3,67,25.04439137659975
3,68,21.705247056228572
3,69,21.798386641847436
3,70,22.418744096195667
3,71,19.717786691999482
3,72,16.704636393880254
3,73,18.280747517138657
3,74,18.723290739951157
3,75,15.235548803643843
3,76,13.770142617238845
3,77,16.142172212544768
3,78,15.135346612307286
3,79,11.355861467405555
3,80,12.720616910227601
3,81,14.84057137233102
3,82,12.37006460222262
3,83,10.546644764630924
3,84,14.149115260740816
3,85,15.15920279461889
3,86,12.655056752957575
4,1,5.141125006140891
4,2,5.4443987945364345
4,3,3.8173990528242254
4,5,3.7869465311415476
4,6,5.41972694183924
4,7,5.079508001974358
4,8,6.119689838657047
4,9,8.603160912643936
4,10,9.830859971739443
4,11,10.724792770540034
4,12,12.248650079694096
4,13,13.920884179426533
4,14,15.441195180722953
4,15,16.476038131125286
4,16,17.720220708064147
4,17,21.506813452520557
4,18,22.911232951842404
4,19,26.39899884450727
4,20,27.771800175734555
4,21,25.571649169375828
4,22,24.75692002243278
4,23,22.467116956917494
4,24,22.506219371047028
4,25,20.744626983724018
4,26,18.707694844512314
4,27,18.17079602394135
4,28,15.6064546925838
4,29,14.65150035520917
4,30,13.060692648690543
4,31,10.845736941530133
4,32,14.196172176023447
4,33,16.307796133963123
4,34,14.229553519720254
4,35,14.335630653054519
4,36,17.999106943035454
4,37,18.720653866766945
4,38,17.28342628985205
4,39,19.058923921237902
4,40,22.42574377303811
4,41,21.98219153974733
4,42,24.307186500347008
4,43,25.210264661696538
4,44,22.143833578946253
4,45,20.758186234452275
4,46,18.338559515470536
4,47,15.988734347378022
4,48,16.356597096491853
4,49,13.382022012058364
4,50,11.228709223424522
4,51,13.23374520053581
4,52,12.760321657262965
4,53,8.969378806372081
4,54,9.37194970539564
4,55,12.148506682001749
4,56,10.078954527002887
4,57,8.841866509533297
4,58,12.439574209530424
4,59,15.014352465648098
4,60,17.913488511901235
4,61,18.94921721644456
4,62,19.61676603040314
4,63,22.75997054316758
4,64,24.0892148829925
4,65,25.705771372739505
4,66,23.883110917762867
4,67,23.019451231219932
4,68,19.967562204758252
4,69,19.742399026391805
4,70,19.861699979418166
4,71,17.297865689883267
4,72,14.412637178372288
4,73,15.482556182482002
4,74,15.560632256119117
4,75,12.212628012126116
4,76,10.605033000870769
4,77,12.563472194875084
4,78,11.490393380136835
4,79,7.67504534144477
4,80,8.991959748540884
4,81,11.044943255247485
4,82,8.761065903166468
4,83,7.044555218970502
4,84,10.78751429430124
4,85,11.962884747253922
4,86,10.080300633435877
5,1,6.315435825720472
5,2,5.136779313117715
5,3,5.479454864935436
5,4,3.7869465311415476
5,6,3.827412186870367
5,7,5.415855766220333
5,8,4.992235383868553
5,9,6.125339124754665
5,10,8.571259149732972
5,11,9.982786427596091
5,12,10.403310587408363
5,13,11.922628543060322
5,14,14.262630218869601
5,15,15.274784805415457
5,16,15.756530633014115
5,17,21.281508435048664
5,18,23.163662079379648
5,19,26.536967943848364
5,20,28.25946397368721
5,21,26.476714040440765
5,22,25.985539573203457
5,23,24.152545490368322
5,24,24.605434072936134
5,25,22.724613088723185
5,26,21.07580794212209
5,27,20.59149991000796
5,28,17.89589601885423
5,29,17.465570040035914
5,30,16.28213881619956
5,31,14.160948994477623
5,32,17.56688389539066
5,33,19.372968474504585
5,34,16.857750765535155
5,35,17.053198225753444
5,36,20.820693112080136
5,37,21.11239265303883
5,38,19.276135045452765
5,39,21.254033476670966
5,40,24.485664137977434
5,41,23.502330441471482
5,42,25.63597411823026
5,43,25.997630589070955
5,44,22.625500341328383
5,45,20.956662688450105
5,46,18.161104650510097
5,47,16.518523937192025
5,48,17.187117583045048
5,49,13.87292305988138
5,50,12.247955377615835
5,51,15.04125284486161
5,52,14.501789402367079
5,53,10.927181480788331
5,54,12.140310923456411
5,55,15.01663749301107
5,56,13.04093621310259
5,57,12.40945124821649
5,58,16.021175406076857
5,59,18.620188005653414
5,60,21.424566988014767
5,61,22.14941780634367
5,62,22.670032928760588
5,63,25.582105834146844
5,64,26.61566352105671
5,65,27.399411354403423
5,66,25.134827019648366
5,67,23.868342224720323
5,68,20.760411774017836
5,69,19.910309953176025
5,70,20.30033201856258
5,71,18.31542981102709
5,72,15.011367106908217
5,73,15.512405961119638
5,74,16.23629893142435
5,75,13.406127433689662
5,76,10.795348421651239
5,77,12.641124715889012
5,78,12.643516324683072
5,79,8.90009592631004
5,80,8.73849725564019
5,81,11.562537768237494
5,82,10.294433848007023
5,83,7.419871612176377
5,84,10.514569558838938
5,85,12.73618697568844
5,86,11.027237095520414
6,1,8.64177342316029
6,2,6.106022220058202
6,3,5.048290466664861
6,4,5.41972694183924
6,5,3.827412186870367
6,7,3.8079892071395562
6,8,5.430088902711662
6,9,5.092615248950725
6,10,6.109577565146096
6,11,8.71911433290099
6,12,9.774280849705642
6,13,10.133675079630654
6,14,12.268112160936635
6,15,14.167913598616357
6,16,14.955252341796081
6,17,19.453228369254344
6,18,21.038620115054833
6,19,24.577654558586392
6,20,26.627907419585007
6,21,24.77388154427803
6,22,24.75406405888759
6,23,23.130672609364556
6,24,24.04006716481573
6,25,22.68923524357176
6,26,21.449521558736716
6,27,21.634427072784124
6,28,19.475524739160328
6,29,19.202437838183727
6,30,17.135397503653085
6,31,14.326132924097536
6,32,17.25913337095677
6,33,19.232156218880892
6,34,16.435132679555917
6,35,15.902080309706456
6,36,19.697700643950807
6,37,20.08231937543261
6,38,17.69667068800313
6,39,19.28442524096241
6,40,22.58820241242051
6,41,21.34306665870942
6,42,23.05324103900372
6,43,23.200407936275138
6,44,19.85124184391476
6,45,17.791681848443666
6,46,15.233453266063757
6,47,13.819521990464734
6,48,14.063097696306828
6,49,10.508422549820127
6,50,9.616928771880914
6,51,12.598862900663978
6,52,11.640758848058068
6,53,8.475268183020697
6,54,10.692381048752546
6,55,13.236706059976708
6,56,11.526885580034621
6,57,11.961598314517294
6,58,15.45681243797351
6,59,18.067687111660284
6,60,20.483163560971388
6,61,20.592388478499625
6,62,21.057405970395486
6,63,23.709097410227127
6,64,24.64883270536468
6,65,26.957652680942495
6,66,24.673355305616337
6,67,22.981952243039082
6,68,19.542025790061174
6,69,18.97299678201867
6,70,20.040756589493526
6,71,17.977021334613422
6,72,14.447206028031177
6,73,15.640302931974102
6,74,16.986662789947708
6,75,14.017524066191532
6,76,11.642358331310408
6,77,14.366461415237948
6,78,14.578719126755397
6,79,10.916277063115162
6,80,11.44144508481204
6,81,14.583475151728548
6,82,13.317111689310101
6,83,10.956119059161459
6,84,14.206741114861853
6,85,16.347903930576923
6,86,14.597493373876102
7,1,9.907314906024892
7,2,8.586345571170764
7,3,6.131805103696009
7,4,5.079508001974358
7,5,5.415855766220333
7,6,3.8079892071395562
7,8,3.8105994805856307
7,9,5.4489998970055025
7,10,5.0544337849599845
7,11,6.314154388272401
7,12,8.585055085820924
7,13,9.56143823798712
7,14,10.63660490254931
7,15,12.227215831029008
7,16,13.860001477621767
7,17,16.849375002686408
7,18,18.258194987253745
7,19,21.80580767608946
7,20,23.528394751211305
7,21,21.495872459577065
7,22,21.21099392091375
7,23,19.426844167414934
7,24,20.241405870510764
7,25,18.90402157314364
7,26,17.736351333551195
7,27,18.153073400243677
7,28,16.30728004397261
7,29,16.320475399034564
7,30,13.968980923772815
7,31,11.123466805927576
7,32,14.070556626471735
7,33,15.697767209044343
7,34,12.726505859900005
7,35,12.438018968367574
7,36,16.240600044073084
7,37,16.39406763250393
7,38,14.152247906562687
7,39,16.054768383707657
7,40,19.246152955767155
7,41,18.14129935543563
7,42,20.221905540103716
7,43,20.67969339139118
7,44,17.41306988891907
7,45,15.931435470191373
7,46,13.324171040165732
7,47,11.255654641262183
7,48,11.980456719426938
7,49,8.991216122803415
7,50,6.872375959451102
7,51,9.809879362261286
7,52,9.843524869015592
7,53,6.539908362857822
7,54,7.815944701867815
7,55,11.004217817028993
7,56,10.179662467441947
7,57,10.075639885725526
7,58,13.129962627873137
7,59,16.26510136800584
7,60,18.32192535885883
7,61,18.35871254605302
7,62,18.31989056222213
7,63,20.865572633115377
7,64,21.574044354528414
7,65,23.20007943812964
7,66,21.025144621642127
7,67,19.51073541975528
7,68,16.128052346869982
7,69,15.85100886971087
7,70,16.73936199128356
7,71,14.387337562419166
7,72,11.011786635140787
7,73,12.615044122594187
7,74,13.759223291841073
7,75,10.570629094950116
7,76,8.754482753788356
7,77,11.91284288196853
7,78,11.855282544233352
7,79,8.450982450087956
7,80,9.959500065861741
7,81,13.008128656971722
7,82,11.804779155969204
7,83,10.44506794028694
7,84,13.934044160548451
7,85,15.788908424161038
7,86,14.635769063953425
8,1,10.61156271391261
8,2,9.816270360326243
8,3,8.573747501303783
8,4,6.119689838657047
8,5,4.992235383868553
8,6,5.430088902711662
8,7,3.8105994805856307
8,9,3.8318389391699674
8,10,5.506218766071903
8,11,5.324634491175213
8,12,6.1758818165574345
8,13,8.43425686837903
8,14,10.082516493916483
8,15,10.6039516537801
8,16,11.629624350612799
8,17,16.601016007133456
8,18,18.697683439069987
8,19,21.899016660943452
8,20,23.514383628334944
8,21,21.942191562763696
8,22,21.45234671632164
8,23,19.92846340469091
8,24,20.697291029651165
8,25,18.78294764793353
8,26,17.70819054059366
8,27,17.70536721663505
8,28,15.457790911696403
8,29,16.013495075790736
8,30,14.681719846056714
8,31,12.639016240975629
8,32,16.009507277558324
8,33,16.986002011043535
8,34,13.882927262073318
8,35,14.541703830599896
8,36,18.24043436909182
8,37,17.756626228384796
8,38,15.797324176337465
8,39,18.32953651419227
8,40,21.136576675148973
8,41,19.80690246687968
8,42,22.17014567730533
8,43,22.372602833649566
8,44,18.89290028483219
8,45,17.76653250680809
8,46,14.60664285784331
8,47,12.983512670640787
8,48,14.586491871827155
8,49,11.87442350610595
8,50,9.545130262012316
8,51,12.743036510569404
8,52,13.399389000001804
8,53,10.232518440224709
8,54,10.858588046443575
8,55,14.382982523204682
8,56,13.677155095472749
8,57,12.90223822451434
8,58,15.861720829048936
8,59,19.16123039711478
8,60,21.302093742833577
8,61,21.56697517737248
8,62,21.235263698255547
8,63,23.677501156367125
8,64,24.05568711711482
8,65,23.087986680389864
8,66,20.54642795186797
8,67,19.09341117057181
8,68,16.06524049020733
8,69,14.966726292674513
8,70,15.425496398584366
8,71,13.687696934203977
8,72,10.227951717267386
8,73,10.65638035403365
8,74,11.86587622168567
8,75,9.312596062681457
8,76,6.379588203290176
8,77,9.037546049348725
8,78,9.82615636163942
8,79,6.637951928072139
8,80,6.92676024919788
8,81,10.474650882146939
8,82,10.270682663093565
8,83,8.576353740448141
8,84,11.48548336466416
8,85,13.978339771901867
8,86,13.506193383580595
9,1,12.391011854739785
9,2,10.486521146913073
9,3,9.842158391864915
9,4,8.603160912643936
9,5,6.125339124754665
9,6,5.092615248950725
9,7,5.4489998970055025
9,8,3.8318389391699674
9,10,3.850242656278918
9,11,5.500576810845868
9,12,4.962597526311042
9,13,5.831838118561039
9,14,8.619591103659294
9,15,9.844222297285633
9,16,10.037094024579684
9,17,16.317489836699608
9,18,18.643249886315346
9,19,21.80060803204723
9,20,23.957893101103373
9,21,22.730027504389017
9,22,22.84303947938829
9,23,21.83062159649116
9,24,23.139920960267457
9,25,21.512055016591642
9,26,20.884457510208296
9,27,21.20389810213969
9,28,19.131015765335157
9,29,19.828036392447686
9,30,18.30855867807266
9,31,15.962096367936546
9,32,19.068867400510065
9,33,20.13261818664822
9,34,16.80524947309119
9,35,16.98651624208639
9,36,20.688665240302427
9,37,20.114191567158016
9,38,17.607473300184513
9,39,19.896866554115075
9,40,22.641244944714632
9,41,20.789519935681113
9,42,22.64811150666413
9,43,22.246897767185427
9,44,18.57096296011823
9,45,16.905378536553773
9,46,13.602938867104184
9,47,12.93787608945951
9,48,14.431138049612866
9,49,11.388110690740328
9,50,10.186136307456636
9,51,13.860374936027505
9,52,14.060901479323988
9,53,11.389669925809713
9,54,13.047423766226473
9,55,16.20930655377611
9,56,15.434403528256103
9,57,15.479363099029708
9,58,18.558642009233164
9,59,21.703429401949887
9,60,23.73996908835222
9,61,23.586304365451596
9,62,23.296254921059447
9,63,25.488335875207365
9,64,25.701943086167706
9,65,25.300920035824472
9,66,22.480220083139265
9,67,20.4612378352617
9,68,17.24525425519481
9,69,15.800294438593705
9,70,16.97069481812666
9,71,15.754799192025265
9,72,12.004166648870694
9,73,12.339246803290944
9,74,14.423975439661207
9,75,12.359552021310789
9,76,9.169762146126192
9,77,11.822777496643829
9,78,13.322342760662677
9,79,10.378047883979916
9,80,9.947685531136319
9,81,13.700320532831851
9,82,13.794968986877054
9,83,11.517571263166735
9,84,14.029293115596348
9,85,16.94795393451972
9,86,16.23091148481249
10,1,14.26114854916451
10,2,12.190587879966996
10,3,10.434527309132875
10,4,9.830859971739443
10,5,8.571259149732972
10,6,6.109577565146096
10,7,5.0544337849599845
10,8,5.506218766071903
10,9,3.850242656278918
10,11,3.837003857737824
10,12,5.465598027855133
10,13,4.8109133347405875
10,14,6.184846032716913
10,15,8.56084191042058
10,16,9.886728446722222
10,17,13.574025749111975
10,18,15.448960822959316
10,19,18.833472373080028
10,20,21.150069196299093
10,21,19.71860064138932
10,22,20.172863829810858
10,23,19.28427895573951
10,24,20.963413000942968
10,25,19.88972240352165
10,26,19.65707731546924
10,27,20.64546295414807
10,28,19.205206259742376
10,29,20.024825348156117
10,30,17.72261023132207
10,31,14.93089375796072
10,32,17.49797820036316
10,33,18.511969245373233
10,34,14.993704155088729
10,35,14.626747554618643
10,36,18.205674133881317
10,37,17.60369928507329
10,38,14.678180459488008
10,39,16.71063613941064
10,40,19.39745486652084
10,41,17.350116153595927
10,42,18.964341594246196
10,43,18.500460063075664
10,44,14.857379650174847
10,45,13.097052576595848
10,46,9.90956059427313
10,47,9.200799801347845
10,48,10.665349791655142
10,49,7.81665651221022
10,50,6.873845604542827
10,51,10.692557093122502
10,52,11.129522044517886
10,53,9.184617040053695
10,54,11.089492836406265
10,55,14.016842749978652
10,56,13.953312363417893
10,57,14.549570207771579
10,58,17.17919666019083
10,59,20.41999560531969
10,60,21.93366115491694
10,61,21.245992864823396
10,62,20.66404256427787
10,63,22.509112414551694
10,64,22.504321055385642
10,65,23.266220728672536
10,66,20.551561993517623
10,67,18.234185505290373
10,68,14.714533425410442
10,69,13.795478587889587
10,70,15.589564806704292
10,71,14.123287583166354
10,72,10.347646938756256
10,73,11.709592667584264
10,74,14.157812157455627
10,75,11.90791816490971
10,76,9.542900367135923
10,77,12.97066430214544
10,78,14.219701017703404
10,79,11.52504200134535
10,80,12.17390204472724
10,81,15.785668240902218
10,82,15.60402100796864
10,83,14.013839013449752
10,84,16.924858604574837
10,85,19.460520605049208
10,86,18.727190739158043
11,1,15.593026383201959
11,2,14.35147784740913
11,3,12.411184670040548
11,4,10.724792770540034
11,5,9.982786427596091
11,6,8.71911433290099
11,7,6.314154388272401
11,8,5.324634491175213
11,9,5.500576810845868
11,10,3.837003857737824
11,12,3.816340634680854
11,13,5.203371550828186
11,14,5.117306758398343
11,15,5.937911144232893
11,16,8.119888307712078
11,17,11.34426132304683
11,18,13.588431836329631
11,19,16.724363838261134
11,20,18.61150036003909
11,21,17.322383324924413
11,22,17.36514480664449
11,23,16.536818386191364
11,24,18.1418006915841
11,25,16.740068814224408
11,26,16.746742179763572
11,27,17.765567149794652
11,28,16.4997742503682
11,29,17.913689421563316
11,30,15.991028578519366
11,31,13.744910178279357
11,32,16.404780139742513
11,33,16.667298422906473
11,34,12.98059882530391
11,35,13.45309935180358
11,36,16.83329874830012
11,37,15.570160150621442
11,38,13.011574267517123
11,39,15.753425325537078
11,40,18.002392615082528
11,41,15.964296379495748
11,42,18.147456852162858
11,43,17.85671646911
11,44,14.228381792049356
11,45,13.455548324300322
11,46,9.969066698757477
11,47,8.861582363566201
11,48,11.430829598047675
11,49,9.613192248705678
11,50,7.4082653266613425
11,51,10.91653107565146
11,52,12.537515034052712
11,53,10.61288758058899
11,54,11.265364287801567
11,55,14.671800895167886
11,56,15.21533148711504
11,57,15.045557919160824
11,58,17.218139058489566
11,59,20.817089302098676
11,60,22.106923858375506
11,61,21.550695257615505
11,62,20.427217499234157
11,63,22.101064691725863
11,64,21.70031998244112
11,65,20.06429021606894
11,66,17.169914920233857
11,67,15.00068354151803
11,68,11.74678866503099
11,69,10.458519049660596
11,70,11.886899445603499
11,71,10.622246540715766
11,72,6.805361748946649
11,73,7.874372524246863
11,74,10.483002718447107
11,75,8.674602939748453
11,76,6.381098852032487
11,77,9.925696447671763
11,78,11.532541877991646
11,79,9.651598570904996
11,80,10.440469674630599
11,81,13.903064818671576
11,82,14.317954852512994
11,83,13.434375488104122
11,84,16.049735075220774
11,85,18.53189926968587
11,86,18.528154868252855
12,1,16.54478230291238
12,2,15.18853311601793
12,3,14.148557257416863
12,4,12.248650079694096
12,5,10.403310587408363
12,6,9.774280849705642
12,7,8.585055085820924
12,8,6.1758818165574345
12,9,4.962597526311042
12,10,5.465598027855133
12,11,3.816340634680854
12,13,3.798473712171321
12,14,5.638716369111756
12,15,5.2581041469251515
12,16,5.474536493757574
12,17,12.64422943080864
12,18,15.585456480086282
12,19,18.24772019708849
12,20,20.296243374048384
12,21,19.636195692521795
12,22,19.782436701450493
12,23,19.37012627384438
12,24,21.02347275789829
12,25,19.275856975306613
12,26,19.369355280779033
12,27,20.002574388402483
12,28,18.36367900280172
12,29,19.99447569399389
12,30,18.790339673177456
12,31,16.91794032259147
12,32,19.857586973342077
12,33,19.992526762447227
12,34,16.363145657004132
12,35,17.167263855582018
12,36,20.51458674379668
12,37,19.040350037471804
12,38,16.611791932802507
12,39,19.467140261674217
12,40,21.516509211860253
12,41,19.249301871263484
12,42,21.306612070554063
12,43,20.573059593560753
12,44,16.82208281100454
12,45,15.942209061922302
12,46,12.205796646937587
12,47,12.031161996771765
12,48,14.677575584587204
12,49,12.652397282540452
12,50,11.020533461835036
12,51,14.656408636365217
12,52,15.98752884492201
12,53,13.900489656499023
12,54,14.807602960423841
12,55,18.24760137519932
12,56,18.39285252338892
12,57,18.127105517452254
12,58,20.59790124179712
12,59,24.138420020305283
12,60,25.67770524240069
12,61,25.26520254340753
12,62,24.22901211643184
12,63,25.90892459353731
12,64,25.41904589785349
12,65,22.400825266360997
12,66,19.175024017952015
12,67,16.91015770040125
12,68,14.07519556301821
12,69,11.846425894703557
12,70,13.094270509503808
12,71,12.789885095570883
12,72,9.169146511643547
12,73,8.6590233854733
12,74,11.562743560621065
12,75,10.665624444003173
12,76,7.427747692418518
12,77,9.962377622865656
12,78,12.518963674840428
12,79,10.854815190394005
12,80,10.250413816083515
12,81,13.952580801230921
12,82,15.103789887580227
12,83,13.633013814368622
12,84,15.548510534506338
12,85,18.60646945556385
12,86,18.84563915204979
13,1,18.11358897914884
13,2,16.033801559880942
13,3,14.90027264104987
13,4,13.920884179426533
13,5,11.922628543060322
13,6,10.133675079630654
13,7,9.56143823798712
13,8,8.43425686837903
13,9,5.831838118561039
13,10,4.8109133347405875
13,11,5.203371550828186
13,12,3.798473712171321
13,14,3.8425833207038944
13,15,5.6935957488909335
13,16,5.685802947060754
13,17,11.942209528764973
13,18,14.67109394714719
13,19,17.44000071842254
13,20,20.080599349089756
13,21,19.521399802282254
13,22,20.369742739069284
13,23,20.3197958102106
13,24,22.467244040777555
13,25,21.284918634377608
13,26,21.696037615052145
13,27,22.790461491314876
13,28,21.464126966190204
13,29,22.950534578439733
13,30,21.154637362084454
13,31,18.77463136301267
13,32,21.33818757734991
13,33,21.73106309714925
13,34,17.99645220005677
13,35,18.08105199736237
13,36,21.37847228424656
13,37,20.050722578055257
13,38,17.072264972044948
13,39,19.435089679710444
13,40,21.47749525181387
13,41,18.815104686724844
13,42,20.23722534999753
13,43,18.99016479922775
13,44,15.169125051337806
13,45,13.681871725640372
13,46,10.00833928724702
13,47,10.809611334225556
13,48,13.120113480434297
13,49,11.048739675301732
13,50,10.570036258545185
13,51,14.316029817650866
13,52,15.233699364508302
13,53,13.80621282166038
13,54,15.482478468463786
13,55,18.462013129224765
13,56,18.705939406594265
13,57,19.201479369527206
13,58,21.6567197417434
13,59,25.03893865818509
13,60,26.357605768140445
13,61,25.47077837525441
13,62,24.476054950097698
13,63,25.877955254108453
13,64,25.28988550570777
13,65,23.912595770472972
13,66,20.69337495712945
13,67,17.91480226739815
13,68,14.766363109213744
13,69,12.815104128311859
13,70,14.974615308358741
13,71,14.705716882253205
13,72,11.048933139374885
13,73,11.34042553384232
13,74,14.60931907388983
13,75,13.549192312243298
13,76,10.763259230685662
13,77,13.648723734236379
13,78,15.983262612854862
13,79,14.043089909841763
13,80,13.766028840861926
13,81,17.52635334016593
13,82,18.30253804727028
13,83,16.607181397842314
13,84,18.789206400679994
13,85,21.83562264626891
13,86,21.641797690748987
14,1,20.138895415534392
14,2,18.317971583270875
14,3,16.479155047377088
14,4,15.441195180722953
14,5,14.262630218869601
14,6,12.268112160936635
14,7,10.63660490254931
14,8,10.082516493916483
14,9,8.619591103659294
14,10,6.184846032716913
14,11,5.117306758398343
14,12,5.638716369111756
14,13,3.8425833207038944
14,15,3.84099540045573
14,16,6.026068415247774
14,17,8.188485947007642
14,18,10.831323652196588
14,19,13.656566426002515
14,20,16.315338846247343
14,21,15.745491567859935
14,22,16.816086289721884
14,23,17.07001200264865
14,24,19.56742012057841
14,25,18.781154510566886
14,26,19.7145511387126
14,27,21.361276824584493
14,28,20.664192492015772
14,29,22.46073082940347
14,30,20.313042587606027
14,31,17.945246349166254
14,32,20.02606515371906
14,33,19.98860984269667
14,34,16.169120829268362
14,35,16.197364812953793
14,36,19.11670730283284
14,37,17.41046048414201
14,38,14.315897568715974
14,39,16.73231854638366
14,40,18.34100149503211
14,41,15.43370991581031
14,42,16.855326283535003
14,43,15.522572799471144
14,44,11.716979720079124
14,45,10.831336816189413
14,46,7.013764356752439
14,47,7.992974673755724
14,48,10.982475991138116
14,49,9.986309369108294
14,50,9.296915388218455
14,51,12.619195748214135
14,52,14.28954261919359
14,53,13.554853720896656
14,54,14.751162425856377
14,55,17.597518455463423
14,56,18.62371467133164
14,57,19.144870314605452
14,58,21.00195294225596
14,59,24.52492065076025
14,60,25.312866462688692
14,61,24.080515290539662
14,62,22.585944493948066
14,63,23.535605299029676
14,64,22.508451676622407
14,65,20.8296695952395
14,66,17.624831682560178
14,67,14.57440088127773
14,68,11.354976666634945
14,69,9.644557240774866
14,70,12.383680368942422
14,71,12.194598518925604
14,72,8.850557291339008
14,73,9.817565459701882
14,74,13.345047327569475
14,75,12.532374175715926
14,76,10.667254833036637
14,77,13.85290348880738
14,78,16.017874232792867
14,79,14.631816568665934
14,80,15.091863470281883
14,81,18.59494439577347
14,82,19.352142160154976
14,83,18.353753336673655
14,84,20.717086772415303
14,85,23.441766499863697
14,86,23.48884913202857
15,1,21.191860534879606
15,2,19.904586084455058
15,3,18.27095523926617
15,4,16.476038131125286
15,5,15.274784805415457
15,6,14.167913598616357
15,7,12.227215831029008
15,8,10.6039516537801
15,9,9.844222297285633
15,10,8.56084191042058
15,11,5.937911144232893
15,12,5.2581041469251515
15,13,5.6935957488909335
15,14,3.84099540045573
15,16,3.818302146406708
15,17,7.873500730401493
15,18,11.289943762473168
15,19,13.41807214760899
15,20,15.538680164398421
15,21,15.463813145303687
15,22,16.02642159158946
15,23,16.48617024687819
15,24,18.791861393232253
15,25,17.479249220830024
15,26,18.599019227678863
15,27,19.995930009947646
15,28,19.264302557583296
15,29,21.56884791553842
15,30,20.120589365803752
15,31,18.402504466608804
15,32,20.704224378829757
15,33,20.079071373772166
15,34,16.30227239578798
15,35,17.18778339169891
15,36,19.92135474265073
15,37,17.682520244196596
15,38,15.165889553864321
15,39,18.170796001765343
15,40,19.3710939394559
15,41,16.592020140335286
15,42,18.529445899677615
15,43,17.354542737270442
15,44,13.730783916526105
15,45,13.735428804015775
15,46,10.002866858714018
15,47,10.547344773891059
15,48,14.00084226582351
15,49,13.2931045216567
15,50,11.788709879519338
15,51,14.904300629495502
15,52,17.08403169836337
15,53,15.966700824477897
15,54,16.452152259843235
15,55,19.67689865193671
15,56,20.77218456502704
15,57,20.64704874767931
15,58,22.384617675787418
15,59,26.101220239362775
15,60,26.938350758227788
15,61,26.00799032980007
15,62,24.257998506440313
15,63,25.205001870300688
15,64,23.954744502863917
15,65,19.40276472554086
15,66,15.88754212825645
15,67,13.034052607065334
15,68,10.504613595793947
15,69,7.7063014139787525
15,70,9.863533477917866
15,71,10.584115451688046
15,72,7.627600136896582
15,73,7.184568062253933
15,74,10.968070567602918
15,75,11.178622970024275
15,76,9.23600402323831
15,77,11.71217834080137
15,78,14.454168594026699
15,79,13.879721989210896
15,80,13.901935860406532
15,81,17.161827008573077
15,82,18.606009605144543
15,83,17.925186536173193
15,84,19.749960525686063
15,85,22.555467347026937
15,86,23.214844908208036
16,1,21.958299184586334
16,2,20.48489916508383
16,3,19.522448605644026
16,4,17.720220708064147
16,5,15.756530633014115
16,6,14.955252341796081
16,7,13.860001477621767
16,8,11.629624350612799
16,9,10.037094024579684
16,10,9.886728446722222
16,11,8.119888307712078
16,12,5.474536493757574
16,13,5.685802947060754
16,14,6.026068415247774
16,15,3.818302146406708
16,17,10.901274313300654
16,18,14.5088220176684
16,19,16.22291474678721
16,20,18.507762160078332
16,21,18.889510115758195
16,22,19.55487958059747
16,23,20.179991193355768
16,24,22.40620198000879
16,25,20.842274129477087
16,26,21.811853460396605
16,27,22.815762549470318
16,28,21.66601322669022
16,29,23.940916275159186
16,30,22.935125186811202
16,31,21.31338886932276
16,32,23.92334693561021
16,33,23.453699734685106
16,34,19.714388661239667
16,35,20.667693224492723
16,36,23.56604957527246
16,37,21.41796387866383
16,38,18.923268405165853
16,39,21.873643267487882
16,40,23.160382533958604
16,41,20.310097393487236
16,42,22.041180816488875
16,43,20.55209803895989
16,44,16.885830997356003
16,45,16.478621820325046
16,46,12.71900804295724
16,47,13.811135484323957
16,48,16.980714331431695
16,49,15.77539250351537
16,50,14.676395451595031
16,51,18.10074272421197
16,52,19.835885851573735
16,53,18.4422606417479
16,54,19.31067113872192
16,55,22.600775459179975
16,56,23.240634662630278
16,57,23.13986232842565
16,58,25.265480001605475
16,59,28.913909119793576
16,60,30.056601719949345
16,61,29.262330987744903
16,62,27.742697173716472
16,63,28.83354595479177
16,64,27.688178596769294
16,65,22.774722933002266
16,66,19.13964626939537
16,67,16.358680044921236
16,68,14.162341535107558
16,69,11.028847003057466
16,70,12.783401583772504
16,71,13.95360788563858
16,72,11.053505419987925
16,73,9.728292268756233
16,74,13.316157427276613
16,75,13.811955189147477
16,76,11.128954612244652
16,77,12.909335233909857
16,78,16.14455069873395
16,79,15.443197901425734
16,80,14.52552406310132
16,81,17.920334024019223
16,82,19.74789736057959
16,83,18.508927229142053
16,84,19.835854024166576
16,85,23.058184079681936
16,86,23.755431550859
17,1,26.581892751872616
17,2,25.29662084017508
17,3,22.78389893306237
17,4,21.506813452520557
17,5,21.281508435048664
17,6,19.453228369254344
17,7,16.849375002686408
17,8,16.601016007133456
17,9,16.317489836699608
17,10,13.574025749111975
17,11,11.34426132304683
17,12,12.64422943080864
17,13,11.942209528764973
17,14,8.188485947007642
17,15,7.873500730401493
17,16,10.901274313300654
17,18,3.816228951287776
17,19,5.614261458540554
17,20,8.230144282921946
17,21,8.4712055066174
17,22,10.353841417619876
17,23,12.159243264198007
17,24,15.541305313653314
17,25,15.729859068237051
17,26,18.128802800439814
17,27,20.797065748606204
17,28,21.507903418953493
17,29,24.026815340849776
17,30,21.723272797271154
17,31,19.928941703610132
17,32,20.892908418781957
17,33,19.621100517845747
17,34,16.126596916245514
17,35,16.415387906595967
17,36,17.90423509709631
17,37,15.093647729046854
17,38,12.472897007914385
17,39,14.889663166494316
17,40,14.699809431537465
17,41,11.291486105107438
17,42,12.658070648532782
17,43,10.99917029512584
17,44,8.154702929950654
17,45,10.05201994041679
17,46,7.815688195977776
17,47,8.85334683581289
17,48,12.399789646854328
17,49,13.895793893889817
17,50,12.918099162739757
17,51,14.436103873052785
17,52,17.37577343694506
17,53,17.837321745897672
17,54,17.834077361518034
17,55,20.167494284945523
17,56,22.491397686095834
17,57,22.799743870467065
17,58,23.38020138285839
17,59,26.974350091073358
17,60,26.67903448198379
17,61,24.90554307226111
17,62,22.306548350193562
17,63,22.040894697320734
17,64,19.78546193029216
17,65,15.563562379669033
17,66,12.393973407698443
17,67,8.619980076264126
17,68,6.417327422896334
17,69,5.4390179454234735
17,70,9.232334513144949
17,71,10.133791502440157
17,72,9.23914146271784
17,73,10.620827364581109
17,74,13.7663676948628
17,75,14.212156146257952
17,76,14.319156392285093
17,77,16.985841329033697
17,78,18.851220131290898
17,79,18.87048422997905
17,80,20.073134512747544
17,81,22.814844275857013
17,82,23.813511616957037
17,83,23.95932266687029
17,84,26.193184789408647
17,85,28.407519053302572
17,86,29.064451964286445
18,1,28.006001550425875
18,2,26.72516195515192
18,3,23.83983170260472
18,4,22.911232951842404
18,5,23.163662079379648
18,6,21.038620115054833
18,7,18.258194987253745
18,8,18.697683439069987
18,9,18.643249886315346
18,10,15.448960822959316
18,11,13.588431836329631
18,12,15.585456480086282
18,13,14.67109394714719
18,14,10.831323652196588
18,15,11.289943762473168
18,16,14.5088220176684
18,17,3.816228951287776
18,19,3.855233941987961
18,20,6.514814233826461
18,21,5.8320662170527315
18,22,8.638573033226926
18,23,10.650780630998176
18,24,14.352842973267045
18,25,15.462826446543003
18,26,18.08005057414552
18,27,21.221181739831223
18,28,22.45237083131909
18,29,24.752885281840346
18,30,21.928736597069957
18,31,19.983291511880157
18,32,20.248611394140028
18,33,18.95122745418267
18,34,15.781666324913806
18,35,15.502764215177063
18,36,16.358236219717046
18,37,13.660353445717805
18,38,10.992167461682877
18,39,12.697878267292902
18,40,11.918628492016495
18,41,8.296394299608588
18,42,9.180938118142697
18,43,7.507443890342963
18,44,5.447910581765161
18,45,8.485107153494024
18,46,7.732739670384895
18,47,8.383030406861954
18,48,11.311369271735312
18,49,13.764482919615597
18,50,13.090185504757303
18,51,13.629380152856417
18,52,16.680145423225863
18,53,17.872269136684466
18,54,17.692632838484386
18,55,19.413654612361633
18,56,22.201516176416057
18,57,22.774072927760635
18,58,22.821269122280704
18,59,26.200614606627976
18,60,25.38671907234023
18,61,23.22337588665491
18,62,20.3615189594434
18,63,19.54202474151504
18,64,16.940891794768874
18,65,14.6426881106647
18,66,12.170818471962852
18,67,8.53269003853796
18,68,6.428090603937285
18,69,7.570479434130914
18,70,11.041949251392992
18,71,11.183982717228249
18,72,10.940332648229258
18,73,13.155888652233081
18,74,15.761378441745727
18,75,15.799873166985458
18,76,16.56984881577823
18,77,19.43810850125342
18,78,20.73243733192262
18,79,20.70410980392052
18,80,22.448750800793334
18,81,25.01505374224732
18,82,25.591299736941973
18,83,26.001190290512763
18,84,28.53122542061629
18,85,30.42686338609421
18,86,30.89961961606112
19,1,31.51922095978112
19,2,30.319049834298493
19,3,27.52188896978569
19,4,26.39899884450727
19,5,26.536967943848364
19,6,24.577654558586392
19,7,21.80580767608946
19,8,21.899016660943452
19,9,21.80060803204723
19,10,18.833472373080028
19,11,16.724363838261134
19,12,18.24772019708849
19,13,17.44000071842254
19,14,13.656566426002515
19,15,13.41807214760899
19,16,16.22291474678721
19,17,5.614261458540554
19,18,3.855233941987961
19,20,3.833138785159099
19,21,5.508314790070155
19,22,8.72289450194813
19,23,11.819641759777697
19,24,15.56434749224583
19,25,16.784098917707162
19,26,19.892313856911095
19,27,23.087467209731884
19,28,24.59972665253023
19,29,27.231771448080234
19,30,24.73556481238596
19,31,23.15460696700935
19,32,23.315743775833095
19,33,21.59143219367815
19,34,18.639577246798577
19,35,18.712879424349033
19,36,19.13392608948847
19,37,16.09674172449174
19,38,14.009655358397305
19,39,15.68083873933324
19,40,14.148528280538434
19,41,10.781939759101235
19,42,11.332866910985487
19,43,9.406175495851729
19,44,8.525814636404238
19,45,11.703995677783256
19,46,11.219215372415714
19,47,12.23265862039011
19,48,15.070867942977502
19,49,17.578696639126818
19,50,16.90696354159461
19,51,17.390753470166008
19,52,20.499881635045003
19,53,21.693682752691117
19,54,21.35590912388229
19,55,23.08707231789451
19,56,25.961558115840333
19,57,26.385873879739563
19,58,26.275279785810934
19,59,29.662434201329173
19,60,28.678383264577594
19,61,26.492216465805186
19,62,23.404226330191815
19,63,22.223413747004013
19,64,19.234792929233194
19,65,14.736742088729324
19,66,12.302542697012868
19,67,8.730827143226563
19,68,8.285682329918028
19,69,8.896847246458735
19,70,11.963709955386184
19,71,13.050717702923379
19,72,13.515086281170733
19,73,15.053179079094427
19,74,17.55472271205873
19,75,18.29713532963742
19,76,19.17194642079412
19,77,21.611882411553015
19,78,23.138553875970796
19,79,23.563951616853597
19,80,25.09943722219542
19,81,27.514636072226782
19,82,28.4318379507526
19,83,28.97975107008848
19,84,31.245040542161544
19,85,33.187197768671304
19,86,33.95222884815484
20,1,32.90940250866395
20,2,32.10961504591036
20,3,29.183486813299233
20,4,27.771800175734555
20,5,28.25946397368721
20,6,26.627907419585007
20,7,23.528394751211305
20,8,23.514383628334944
20,9,23.957893101103373
20,10,21.150069196299093
20,11,18.61150036003909
20,12,20.296243374048384
20,13,20.080599349089756
20,14,16.315338846247343
20,15,15.538680164398421
20,16,18.507762160078332
20,17,8.230144282921946
20,18,6.514814233826461
20,19,3.833138785159099
20,21,3.818664284945658
20,22,6.285451282954212
20,23,9.975566639353278
20,24,13.502382271233596
20,25,14.94545713796106
20,26,18.42354587536428
20,27,21.732644572321004
20,28,23.71816162915686
20,29,26.53311015459486
20,30,24.281778311541835
20,31,23.205984258447838
20,32,23.073835460826377
20,33,20.815020444646546
20,34,18.30135459097719
20,35,18.814364154174918
20,36,18.631027724804575
20,37,15.262426111031026
20,38,14.054887985025278
20,39,15.852507902567487
20,40,13.657892758126202
20,41,11.001132089841029
20,42,12.141949268530405
20,43,11.225644548950656
20,44,11.06571269089936
20,45,14.624862663644924
20,46,14.246448010004366
20,47,14.452885597198067
20,48,17.27968597513274
20,49,19.93796667872172
20,50,18.728059041167633
20,51,18.766432169354925
