1,2,3.847163373654864
1,3,5.29556839619953
1,4,5.092941848474319
1,5,6.26460964173255
1,6,8.615443941938347
1,7,9.93342598259632
1,8,10.668698409610462
1,9,12.247755737115352
1,10,14.244018171183757
1,11,15.478607039835197
1,12,16.508720544798464
1,13,18.28817834066315
1,14,20.07016958417052
1,15,21.24438506834314
1,16,22.350799380971026
1,17,27.574917394511257
1,18,27.772544522496766
1,19,24.979307735609638
1,20,26.87508717327289
1,21,30.46710711124882
1,22,32.05001265340051
1,23,30.08165121631955
1,24,29.59027731732587
1,25,27.29339238535083
1,26,27.669402929867605
1,27,25.5708937294562
1,28,23.970169924574957
1,29,22.601881200572574
1,30,18.899556108217542
1,31,18.541723805264624
1,32,19.164497221262145
1,33,16.992257446896343
1,34,15.53663209735402
1,35,13.919247905037828
1,36,17.10210684724444
1,37,19.312637787864706
1,38,18.123843889186745
1,39,18.5407844642025
1,40,21.8915646415733
1,41,23.03264934818738
1,42,22.093517099352546
1,43,23.133492876709322
1,44,26.803689361640682
1,45,26.79357779208222
1,46,29.179151774228455
1,47,30.04129556094203
1,48,27.004192981490412
1,49,25.38576596556714
1,50,23.070649465099972
1,51,21.044312487542477
1,52,20.78795702806256
1,53,17.520829865818385
1,54,16.061568360512204
1,55,17.648570393111907
1,56,16.28079961443882
1,57,12.638823334153619
1,58,13.278310026276198
1,59,14.94669528285222
1,60,11.942576613113909
1,61,10.864089367268113
1,62,14.549862216694045
1,63,16.239813076707154
1,64,19.53562227038082
1,65,20.945873467852802
1,66,21.68250632367703
1,67,25.08780130384915
1,68,27.10713320763702
1,69,30.423366834799243
1,70,29.70488910479986
1,71,31.437542207726164
1,72,29.642453311663303
1,73,32.42604020205531
1,74,34.89505006523169
1,75,32.54781357091457
1,76,35.36912794685039
1,77,33.565488217795284
1,78,30.824073494817966
1,79,31.395193935205413
1,80,31.01407968869729
1,81,28.94736310109866
1,82,28.00288373475937
1,83,24.835901380454143
1,84,23.96473186479277
1,85,24.3430127034736
1,86,22.24506548893589
1,87,19.374263984345937
1,88,19.753584479972346
1,89,19.692001943719564
1,90,16.550473284691993
1,91,14.9163170860846
1,92,16.041826459487524
1,93,14.591297695716143
1,94,11.102361183193068
1,95,11.425321860405608
1,96,12.612385769786478
1,97,9.808424330681856
1,98,7.539972495311049
1,99,10.625774722421998
1,100,11.164123794648573
1,101,8.029605655044863
2,1,3.847163373654864
2,3,3.8148251385857272
2,4,5.423763599516222
2,5,5.007203006804833
2,6,6.032486952088783
2,7,8.585571365181876
2,8,9.835860863749186
2,9,10.267978769073299
2,10,12.14350391403116
2,11,14.216989988554445
2,12,15.077531875951195
2,13,16.156721191982708
2,14,18.220381770490803
2,15,19.91860255097813
2,16,20.757390310966166
2,17,25.75190810283866
2,18,26.38936343464791
2,19,23.617443328077485
2,20,25.624599402822795
2,21,29.144691376187367
2,22,31.13159060261004
2,23,29.375462612109047
2,24,29.37026994736926
2,25,27.43228713999181
2,26,28.327092212620325
2,27,26.575025436825108
2,28,25.434592998725858
2,29,24.564228526514828
2,30,20.802996153019304
2,31,21.034126616902597
2,32,21.753445535126023
2,33,19.358046535737568
2,34,17.505861745458624
2,35,15.335829111273949
2,36,18.399936498248813
2,37,20.677011097559333
2,38,18.921751353179438
2,39,18.89794905976655
2,40,22.52550350084987
2,41,23.52641858235116
2,42,21.97575769815097
2,43,22.839951321057313
2,44,26.42243010566733
2,45,26.051040718314837
2,46,28.079232185619205
2,47,28.540746284450275
2,48,25.375769334454386
2,49,23.34642010971303
2,50,21.04174448483292
2,51,19.50287165777942
2,52,19.031104026205053
2,53,15.455597839276866
2,54,14.684829021605943
2,55,16.70145098786635
2,56,14.968529862247724
2,57,11.424711955162156
2,58,13.135276986754814
2,59,14.82984978739579
2,60,11.855532545120312
2,61,11.934985786631623
2,62,15.756470259647415
2,63,17.684790211311142
2,64,20.614265114669927
2,65,21.38684188295176
2,66,22.02757742203769
2,67,25.106323187594466
2,68,26.91896690347858
2,69,30.42838323311437
2,70,30.179237810138247
2,71,32.25074810172587
2,72,30.7839330459817
2,73,33.678448064174866
2,74,35.97523021428879
2,75,33.7415797670791
2,76,36.730793099859135
2,77,35.117410442099015
2,78,32.09974121008828
2,79,32.30204734893535
2,80,31.468709634151143
2,81,29.193562960347442
2,82,27.767314142501096
2,83,24.420064481402378
2,84,23.40143196347271
2,85,24.355495233588762
2,86,22.507840491457358
2,87,19.241001773779256
2,88,19.76049569835776
2,89,20.41790773201349
2,90,17.30535802953872
2,91,15.290587841633046
2,92,17.086203019570437
2,93,16.293072770872808
2,94,12.540722027105181
2,95,12.718165643321516
2,96,14.814203931083386
2,97,12.571116255869255
2,98,9.872092032161355
2,99,12.976168477790905
2,100,14.319310729446855
2,101,11.485999058331066
3,1,5.29556839619953
3,2,3.8148251385857272
3,4,3.7951890314727654
3,5,5.450030565105762
3,6,5.113332848574787
3,7,6.276906069038978
3,8,8.718363593994262
3,9,9.784950517139265
3,10,10.547213719532033
3,11,12.437176772016402
3,12,14.218301830059824
3,13,15.189445924303895
3,14,16.521544619244438
3,15,18.40002238389704
3,16,19.882814891429195
3,17,24.167224997363988
3,18,24.434321611366173
3,19,21.342957936928862
3,20,22.940489978291584
3,21,26.58587260077977
3,22,28.415400837481833
3,23,26.38681157269367
3,24,26.356415913155455
3,25,24.283212288118236
3,26,25.225160766180093
3,27,23.746733937469745
3,28,22.617103340591225
3,29,22.061988348910035
3,30,18.37872898416278
3,31,19.079755730301013
3,32,19.46427200338093
3,33,16.729039312346316
3,34,14.857646626659548
3,35,12.1993363412046
3,36,15.00666005441893
3,37,17.451146091463304
3,38,15.672382550365304
3,39,15.288338971376275
3,40,18.923693933620907
3,41,20.104593737780366
3,42,18.505589364014746
3,43,19.15093150371014
3,44,22.78710642029732
3,45,22.62297618270737
3,46,24.64558118297517
3,47,25.364206913326843
3,48,22.386150495409307
3,49,20.485904422817722
3,50,18.461927364920236
3,51,16.50777791864059
3,52,15.820872574839195
3,53,12.436574433378615
3,54,11.485234137518045
3,55,13.096554824951514
3,56,11.345512841602957
3,57,7.771418526661515
3,58,9.408362770915806
3,59,11.03844435570424
3,60,8.239381404873132
3,61,8.586190529569222
3,62,12.360105577373533
3,63,14.585953691569378
3,64,17.2230958496618
3,65,17.74802363523476
3,66,18.25949481710199
3,67,21.297847486253197
3,68,23.11832378905705
3,69,26.639582101348545
3,70,26.421618458200985
3,71,28.58510602348441
3,72,27.27141611711498
3,73,30.270742293246364
3,74,32.59988123893029
3,75,30.54744823611363
3,76,33.684804901352635
3,77,32.320733597301974
3,78,29.22064865763746
3,79,29.48453289310867
3,80,28.559878586578986
3,81,26.517634723622557
3,82,25.159241910072254
3,83,21.67237476095416
3,84,21.126425849864493
3,85,22.198385773785294
3,86,19.99847413712757
3,87,16.84913163909135
3,88,18.011892647435456
3,89,18.55826908940978
3,90,15.128710844191893
3,91,13.746933488252983
3,92,16.062730798657675
3,93,14.929448920686358
3,94,11.214251858631131
3,95,12.492520483759202
3,96,14.669293932040663
3,97,12.190363289354321
3,98,10.422884873149167
3,99,14.057935256466097
3,100,15.081699357571695
3,101,12.587718914355772
4,1,5.092941848474319
4,2,5.423763599516222
4,3,3.7951890314727654
4,5,3.7999755967894884
4,6,5.458984144203266
4,7,5.166227998405402
4,8,6.245377278824607
4,9,8.541665255722906
4,10,9.874608157558498
4,11,10.68052259677833
4,12,12.30367241723226
4,13,14.16007511034191
4,14,15.426445675661958
4,15,16.57214439332137
4,16,18.12882272029238
4,17,22.931855049623522
4,18,22.8860607357048
4,19,19.992807571117837
4,20,21.817981476117367
4,21,25.419688023693848
4,22,26.957918526396252
4,23,25.01213511973594
4,24,24.60005179348403
4,25,22.45677276093989
4,26,23.10668906313213
4,27,21.206369492630966
4,28,20.04789537591998
4,29,19.234707334875594
4,30,15.465342297505552
4,31,15.984607001063756
4,32,16.891852005520565
4,33,14.673696225633856
4,34,12.364577621068861
4,35,10.416715216649193
4,36,13.827133248213896
4,37,15.635009193195751
4,38,13.789398613838108
4,39,14.311275047104582
4,40,17.866165607300232
4,41,18.572626963303403
4,42,17.36955445165889
4,43,18.71014695065896
4,44,22.242077854227123
4,45,21.958924138104873
4,46,24.452272920002503
4,47,25.247344350135734
4,48,22.164697691365912
4,49,20.813475239660786
4,50,18.370477996265688
4,51,16.20046863397743
4,52,16.347786606758895
4,53,13.314523583204615
4,54,11.330751779893216
4,55,13.208637429716171
4,56,12.532235966697476
4,57,8.734737539305604
4,58,9.186191864162929
4,59,11.76851975893409
4,60,9.715627034271721
4,61,8.70147424986237
4,62,12.298512448397721
4,63,15.015034915012938
4,64,17.689680394486448
4,65,18.478445010844407
4,66,18.435106255145907
4,67,21.61665570950134
4,68,23.150726935905517
4,69,26.420066972051924
4,70,26.003688103843825
4,71,27.75048245269773
4,72,26.001615798994372
4,73,28.691242813501276
4,74,30.87366059514699
4,75,28.487969122746502
4,76,31.394049811926006
4,77,29.71455268068877
4,78,26.708972767326685
4,79,26.959788387528224
4,80,26.291124940530423
4,81,24.122534126817264
4,82,23.011238945361526
4,83,19.78116446618926
4,84,18.974797666581363
4,85,19.545940688042993
4,86,17.429017901562492
4,87,14.421556304723351
4,88,15.123247677701768
4,89,15.343132578903234
4,90,12.049989999497011
4,91,10.505780962234564
4,92,12.437739956654934
4,93,11.270533697706885
4,94,7.518045588932438
4,95,8.774296815452134
4,96,10.931058159625056
4,97,8.68317057187276
4,98,7.074062753959332
4,99,10.81432417943241
4,100,12.008222053713743
4,101,10.166189686096946
5,1,6.26460964173255
5,2,5.007203006804833
5,3,5.450030565105762
5,4,3.7999755967894884
5,6,3.8115942093740234
5,7,5.398089279019334
5,8,5.099428060853868
5,9,6.029831782151834
5,10,8.568906262970799
5,11,9.9013610340591
5,12,10.409169069895304
5,13,12.135023344434211
5,14,14.24113197370852
5,15,15.39703828214035
5,16,16.197584843559177
5,17,21.609549051032236
5,18,22.11962726527936
5,19,19.61502523120286
5,20,21.972000734646937
5,21,25.360312002747744
5,22,27.262554146138008
5,23,25.79302123596564
5,24,25.707959344485424
5,25,24.030234205567613
5,26,25.012165577410773
5,27,23.09248117252921
5,28,22.39255863910518
5,29,21.71225364603806
5,30,17.938363277897277
5,31,18.504032051407496
5,32,19.937271719794236
5,33,18.067031498512545
5,34,15.412037697822957
5,35,13.71448742208526
5,36,17.20016669582056
5,37,18.65830793530342
5,38,16.34980761199036
5,39,17.018702390012848
5,40,20.693806739163556
5,41,20.925117257619704
5,42,19.345943962062634
5,43,20.931444265223107
5,44,24.24252799631537
5,45,23.402391845714067
5,46,25.743311943647488
5,47,25.994353694457455
5,48,22.612727085801986
5,49,21.041027880566713
5,50,18.19747004620143
5,51,16.740957266775766
5,52,17.2124950855097
5,53,13.90444965597801
5,54,12.342996442286102
5,55,15.035926741173792
5,56,14.411493293937799
5,57,10.685911335929523
5,58,11.94077420973267
5,59,14.756895357872422
5,60,12.811485419549731
5,61,12.3563842101394
5,62,15.94701010627357
5,63,18.723220275400656
5,64,21.288271007808355
5,65,21.784432301389383
5,66,21.55209916125631
5,67,24.483286057495693
5,68,25.689943999419327
5,69,28.994963753549904
5,70,28.91138294432737
5,71,30.70939872456068
5,72,28.9903497135751
5,73,31.535127258201776
5,74,33.441231963665984
5,75,30.909432499334873
5,76,33.71543298423608
5,77,31.90328596410415
5,78,28.79207689002771
5,79,28.629238095418067
5,80,27.719935163384125
5,81,25.136512928054554
5,82,23.620854148493283
5,83,20.49442141857627
5,84,19.038462792138493
5,85,19.859942929971698
5,86,18.39415126206606
5,87,15.027898282572746
5,88,15.071516478239998
5,89,16.006515508806835
5,90,13.264043275175943
5,91,10.708227943208822
5,92,12.600845330106447
5,93,12.526487992204947
5,94,8.820256043175592
5,95,8.578238743479023
5,96,11.480284884246954
5,97,10.248520555482273
5,98,7.466404694755006
5,99,10.573409852016157
5,100,12.814855467107511
5,101,11.185066355330203
6,1,8.615443941938347
6,2,6.032486952088783
6,3,5.113332848574787
6,4,5.458984144203266
6,5,3.8115942093740234
6,7,3.8119774759248495
6,8,5.53884870204623
6,9,4.983449232753691
6,10,6.141875369845777
6,11,8.690221728580918
6,12,9.77659213223518
6,13,10.356274225626809
6,14,12.254650264295181
6,15,14.269454116806033
6,16,15.250897220732279
6,17,19.80125629928718
6,18,20.55079041383045
6,19,17.812955557846003
6,20,19.970912590493885
6,21,23.378791609361688
6,22,25.604246527280182
6,23,24.143316931378237
6,24,24.541935093781895
6,25,23.11374761705287
6,26,24.591966019242445
6,27,23.215888902146
6,28,22.869619062130628
6,29,22.773969223372898
6,30,19.093562828704457
6,31,20.30581162644732
6,32,21.435980573862143
6,33,19.155795610675327
6,34,16.431520863937468
6,35,14.032906115454832
6,36,17.068476438024774
6,37,18.73835259562965
6,38,16.066792360072984
6,39,16.013546478011865
6,40,19.836707784064473
6,41,20.129802959683957
6,42,17.96056770106393
6,43,19.14356913905664
6,44,22.37338995620725
6,45,21.350365727824272
6,46,23.277205557444773
6,47,23.29284273526538
6,48,19.91269570310585
6,49,17.93402705122974
6,50,15.298699106483255
6,51,14.13362417319007
6,52,14.186101673486393
6,53,10.634875308307327
6,54,9.833202205662124
6,55,12.73884623856283
6,56,11.743621456575674
6,57,8.331571634059586
6,58,10.614343428815843
6,59,13.218203845161604
6,60,11.541477941658524
6,61,12.176018350136415
6,62,15.631570632688621
6,63,18.508875338838287
6,64,20.614992080651447
6,65,20.48043824010108
6,66,20.181925003381355
6,67,22.742845317958515
6,68,23.798255755323698
6,69,27.266341776626852
6,70,27.60598729837236
6,71,29.767533192673092
6,72,28.477574597349964
6,73,31.201257727156992
6,74,33.019619244959394
6,75,30.7670503987427
6,76,33.81065380442955
6,77,32.363749724778685
6,78,29.014025918097282
6,79,28.624091328093098
6,80,27.26352698211516
6,81,24.706524007682358
6,82,22.789536396983262
6,83,19.388730666124413
6,84,18.17139332525459
6,85,19.685052684231525
6,86,18.20724903056331
6,87,14.604566800656944
6,88,15.319048566992143
6,89,16.825246658617633
6,90,13.948956344193052
6,91,11.682076606941136
6,92,14.44999913561765
6,93,14.566227511300045
6,94,10.929973552098847
6,95,11.408396904362233
6,96,14.599069773659199
6,97,13.35637245057074
6,98,11.054662718449162
6,99,14.284397158057878
6,100,16.43427465928125
6,101,14.727516286894652
7,1,9.93342598259632
7,2,8.585571365181876
7,3,6.276906069038978
7,4,5.166227998405402
7,5,5.398089279019334
7,6,3.8119774759248495
7,8,3.8072965667340557
7,9,5.278717066981118
7,10,4.985476064578815
7,11,6.192508348506102
7,12,8.518112051519545
7,13,9.66523141213683
7,14,10.505350029183713
7,15,12.186622246826172
7,16,14.01100239940141
7,17,18.108987275235954
7,18,18.21241291243938
7,19,15.22070944479811
7,20,17.116401197902672
7,21,20.67147900165457
7,22,22.55036268102193
7,23,20.850532616074858
7,24,20.987002321056107
7,25,19.391474114168737
7,26,20.787224866283385
7,27,19.444350035080248
7,28,19.17160902022289
7,29,19.300278609816846
7,30,15.713055571592536
7,31,17.336466825167687
7,32,18.469049214085345
7,33,16.26533545308652
7,34,13.267104559158284
7,35,10.890413481235923
7,36,13.911410472302668
7,37,15.226295199647605
7,38,12.359103170250302
7,39,12.526031302825851
7,40,16.31761517595856
7,41,16.39425233300189
7,42,14.342067887877077
7,43,15.826895707887703
7,44,19.028814986912693
7,45,18.083725450794987
7,46,20.34906125217414
7,47,20.67750182431991
7,48,17.39066643654206
7,49,15.960455706258596
7,50,13.299893151971428
7,51,11.456019980784014
7,52,11.975231428245715
7,53,8.960553006913218
7,54,6.964090474101522
7,55,9.835909774649325
7,56,9.773095433209892
7,57,6.331044492906205
7,58,7.69730790252621
7,59,10.948564084310732
7,60,10.179662011591372
7,61,10.334985021411985
7,62,13.339325830290958
7,63,16.66902903444714
7,64,18.42952877506993
7,65,18.181534115502675
7,66,17.365017388641956
7,67,19.910061576499263
7,68,20.737755232607945
7,69,24.04842847809127
7,70,24.319883446192268
7,71,26.307642701604138
7,72,24.908322737554144
7,73,27.524162304145683
7,74,29.260036196384156
7,75,26.974050356026282
7,76,30.018391343098795
7,77,28.623519329546124
7,78,25.23824811132787
7,79,24.86481943023126
7,80,23.539273499958696
7,81,21.100482801161416
7,82,19.368098636564856
7,83,15.936200114613879
7,84,15.02697496962291
7,85,16.391778560662974
7,86,14.604414174726369
7,87,11.11216767576638
7,88,12.293407284709055
7,89,13.578496169700234
7,90,10.4911346707296
7,91,8.781879354114361
7,92,11.980912256498994
7,93,11.886489146366424
7,94,8.527016108705045
7,95,9.999845523280705
7,96,13.135497838672102
7,97,12.012495753790489
7,98,10.701848743308767
7,99,14.09208934609667
7,100,15.96194783022019
7,101,14.836706965686993
8,1,10.668698409610462
8,2,9.835860863749186
8,3,8.718363593994262
8,4,6.245377278824607
8,5,5.099428060853868
8,6,5.53884870204623
8,7,3.8072965667340557
8,9,3.8067661716851617
8,10,5.473415748324919
8,11,5.1471260410082555
8,12,6.119013997534027
8,13,8.56392137171111
8,14,9.981038014021857
8,15,10.607510102248689
8,16,11.940826169331459
8,17,17.168062780580343
8,18,17.298463116782063
8,19,14.872421425120201
8,20,17.365559154573127
8,21,20.662598802660188
8,22,22.422906982117357
8,23,21.131056375907285
8,24,21.02943539514495
8,25,19.64450120362886
8,26,20.85303227109384
8,27,19.031891034934162
8,28,18.95251670621273
8,29,18.81855986002689
8,30,15.228532326921536
8,31,16.569459235285276
8,32,18.445701451904277
8,33,16.962694616181942
8,34,13.606035718883037
8,35,12.215565948119735
8,36,15.643075610048319
8,37,16.22549161914788
8,38,13.280802993875957
8,39,14.42639644252494
8,40,17.995367407788542
8,41,17.43080898094901
8,42,15.720060323699713
8,43,17.91487326731343
8,44,20.824452618118723
8,45,19.54443380419758
8,46,22.118152719485355
8,47,22.230953315765515
8,48,18.774201872459308
8,49,17.78816549304631
8,50,14.599966640827361
8,51,13.099674464036434
8,52,14.532482994593886
8,53,11.89450793672035
8,54,9.506472775907456
8,55,12.623919411490473
8,56,13.267599810184604
8,57,9.977145434617038
8,58,10.597797198635794
8,59,14.17797522936629
8,60,13.543218339960797
8,61,12.943973689858918
8,62,15.852455236404907
8,63,19.280688968069967
8,64,21.184467675696727
8,65,21.197112037992895
8,66,20.07517789417387
8,67,22.64364795626539
8,68,23.168610110199722
8,69,26.209088441392655
8,70,26.388215534395812
8,71,27.983089120296395
8,72,26.199360667140713
8,73,28.426786920821442
8,74,29.903100341422483
8,75,27.236153233117168
8,76,29.951020854355207
8,77,28.155044425734477
8,78,24.87085860669285
8,79,24.28549104631025
8,80,23.142402993835837
8,81,20.339665763111448
8,82,18.666480702099467
8,83,15.669009676357792
8,84,13.98134605412947
8,85,14.867907977661288
8,86,13.672772057405933
8,87,10.16473766722368
8,88,10.134787416460439
8,89,11.577854223968217
8,90,9.15635615598804
8,91,6.301094263059189
8,92,9.090466309645917
8,93,9.87683578203763
8,94,6.750422138813838
8,95,7.054688211638447
8,96,10.647747385535139
8,97,10.542380772646617
8,98,8.961939589574566
8,99,11.733356784217932
8,100,14.211491831382682
8,101,13.80027971308309
9,1,12.247755737115352
9,2,10.267978769073299
9,3,9.784950517139265
9,4,8.541665255722906
9,5,6.029831782151834
9,6,4.983449232753691
9,7,5.278717066981118
9,8,3.8067661716851617
9,10,3.837055079045353
9,11,5.496178593439739
9,12,5.045292013160871
9,13,6.135014805192281
9,14,8.702108116451543
9,15,10.085424033254572
9,16,10.507542308312647
9,17,15.830586534751115
9,18,16.79734020779945
9,19,14.654931441422104
9,20,17.480224059841316
9,21,20.534492813591886
9,22,22.855425485145926
9,23,21.99735397925937
9,24,22.50315541404418
9,25,21.641435551061644
9,26,23.347153954315903
9,27,21.87230089479891
9,28,22.192900112964317
9,29,22.359606303114447
9,30,18.855070028299178
9,31,20.34416055961812
9,32,22.205697526536234
9,33,20.587963003186516
9,34,17.258870389052493
9,35,15.545207657649135
9,36,18.73949994122362
9,37,19.471312278158372
9,38,16.281300347070495
9,39,16.942459200995092
9,40,20.61317733932366
9,41,19.96031016939447
9,42,17.695866540931593
9,43,19.63949759823647
9,44,22.347723641279362
9,45,20.61939773925021
9,46,22.714956882872034
9,47,22.22758015536221
9,48,18.571881219481217
9,49,17.06669803863995
9,50,13.721074712670806
9,51,13.19323953828119
9,52,14.488676939065646
9,53,11.535380612660326
9,54,10.222348052401822
9,55,13.83311311471793
9,56,14.062419774676783
9,57,11.095128250834614
9,58,12.782789299729968
9,59,16.08446857464816
9,60,15.31757949029979
9,61,15.521810421073022
9,62,18.57661529064806
9,63,21.910231857066826
9,64,23.695083811440234
9,65,23.322301910744738
9,66,22.26768963435206
9,67,24.514996713492547
9,68,24.86015878202119
9,69,28.03539946643617
9,70,28.64157505464676
9,71,30.512744566062878
9,72,29.031482625480827
9,73,31.313340277248102
9,74,32.61892230761875
9,75,30.07239045140418
9,76,32.84566663688087
9,77,31.19043036943719
9,78,27.767432165535276
9,79,26.82761882385501
9,80,25.277368131862772
9,81,22.253096392437065
9,82,20.031785935223706
9,83,17.011035057007277
9,84,14.974760432357602
9,85,16.546890485705838
9,86,15.924154128170509
9,87,12.183414261819562
9,88,12.027846515159675
9,89,14.310276882236082
9,90,12.347143710411387
9,91,9.292586995383953
9,92,12.084489175319716
9,93,13.477092871983329
9,94,10.496080031898233
9,95,10.11080721595915
9,96,13.857497049475837
9,97,13.950685057892537
9,98,11.731454155297294
9,99,14.193053868316065
9,100,17.079789208493967
9,101,16.38741210353864
10,1,14.244018171183757
10,2,12.14350391403116
10,3,10.547213719532033
10,4,9.874608157558498
10,5,8.568906262970799
10,6,6.141875369845777
10,7,4.985476064578815
10,8,5.473415748324919
10,9,3.837055079045353
10,11,3.822737975251116
10,12,5.416933042873406
10,13,4.965263420141058
10,14,6.130661559396139
10,15,8.579333955763357
10,16,9.95131141838811
10,17,13.718458826512224
10,18,14.50264515517971
10,19,11.865851271663812
10,20,14.315372456311735
10,21,17.512727964713395
10,22,19.980022184453954
10,23,18.976557854970483
10,24,19.83780282495324
10,25,19.143733414634706
10,26,21.263692853760958
10,27,20.353600362184693
10,28,20.99615817205638
10,29,21.755198620136806
10,30,18.464374297588915
10,31,20.583327155441854
10,32,22.10119527988734
10,33,20.205692797488638
10,34,16.86151751436049
10,35,14.696029562103792
10,36,17.35242537219795
10,37,18.067194061664818
10,38,14.605310500819545
10,39,14.702322946274329
10,40,18.33571899299436
10,41,17.627355393501173
10,42,14.89437067456595
10,43,16.584141627256777
10,44,19.112105378232172
10,45,17.22206505963254
10,46,19.070613223296903
10,47,18.497760510769623
10,48,14.86010025870194
10,49,13.249463641506463
10,50,9.993816827875342
10,51,9.485701001064752
10,52,10.770810645409155
10,53,8.044226758931527
10,54,6.972238192522607
10,55,10.763225709358496
10,56,11.280780488509338
10,57,9.032413755958068
10,58,10.95835066636539
10,59,14.12978445695327
10,60,14.082313587537891
10,61,14.843297944575232
10,62,17.438891398330338
10,63,20.90713724817479
10,64,22.132413034925396
10,65,21.20647174780062
10,66,19.859603044849628
10,67,21.69653389741801
10,68,21.75452739429805
10,69,24.94503773949501
10,70,25.895290247162226
10,71,27.978126249518983
10,72,26.846739034036528
10,73,29.213565979501873
10,74,30.404999922320243
10,75,28.1342957538309
10,76,31.105132372368853
10,77,29.833605728303475
10,78,26.227409993615602
10,79,25.133290613634017
10,80,23.200882652929423
10,81,20.326436679740695
10,82,17.833129182644495
10,83,14.522640316064729
10,84,12.973871677590324
10,85,15.198678033274378
10,86,14.377715014123282
10,87,10.590395239066488
10,88,11.47462876948375
10,89,14.040331252248
10,90,11.915320043285503
10,91,9.716806556805123
10,92,13.237751416318476
10,93,14.413366457840839
10,94,11.698258733811578
10,95,12.38084918784217
10,96,16.008855215359308
10,97,15.860206293655438
10,98,14.307635040266645
10,99,17.122556040763335
10,100,19.639493255973818
10,101,18.928569655621178
11,1,15.478607039835197
11,2,14.216989988554445
11,3,12.437176772016402
11,4,10.68052259677833
11,5,9.9013610340591
11,6,8.690221728580918
11,7,6.192508348506102
11,8,5.1471260410082555
11,9,5.496178593439739
11,10,3.822737975251116
11,12,3.8357561831790137
11,13,5.351203683075306
11,14,5.158570036305163
11,15,6.014994070996209
11,16,8.293740384837173
11,17,12.325152261714424
11,18,12.305181049975236
11,19,9.76251754190244
11,20,12.406988382825562
11,21,15.597224760386005
11,22,17.588313577691366
11,23,16.60741569697171
11,24,17.02034093824949
11,25,16.318218828607403
11,26,18.255261903572734
11,27,17.10006320194518
11,28,17.993181747365846
11,29,18.842360598206444
11,30,15.749349530129606
11,31,18.05931584881635
11,32,19.938241788564266
11,33,18.554534939605993
11,34,14.921247735525997
11,35,13.42627486035475
11,36,16.142371426085663
11,37,16.08690759099141
11,38,12.483490826219912
11,39,13.390556642332479
11,40,16.726566285228834
11,41,15.39387603344986
11,42,13.039253518862568
11,43,15.482133093188061
11,44,17.7442277195248
11,45,15.74398215421066
11,46,18.150941982757764
11,47,17.80149139741773
11,48,14.223738919205227
11,49,13.607091372750828
11,50,10.12180744108138
11,51,9.061690409322575
11,52,11.442999049583985
11,53,9.726072467870555
11,54,7.315785260832954
11,55,10.809035827901548
11,56,12.475651703224573
11,57,10.359008120148745
11,58,10.996239647331643
11,59,14.61029194468281
11,60,15.164225046568449
11,61,15.153091071730326
11,62,17.30349313879586
11,63,21.0254642388372
11,64,22.091786045544875
11,65,21.303320573226365
11,66,19.439199176474588
11,67,21.275549733097805
11,68,20.989643185334042
11,69,23.823441981033184
11,70,24.610648157901494
11,71,26.26893864612665
11,72,24.80870751921761
11,73,26.82337819080163
11,74,27.780004512080243
11,75,25.252096576352095
11,76,28.009922394856055
11,77,26.54842909412847
11,78,22.977586648169435
11,79,21.746578015259797
11,80,19.94329129151936
11,81,16.91213934895961
11,82,14.59340229100657
11,83,11.516091076926362
11,84,9.644136713258654
11,85,11.497926819002345
11,86,10.833259405611685
11,87,7.035348673771102
11,88,7.658864187913347
11,89,10.371516144527057
11,90,8.692803372500897
11,91,6.571507964693002
11,92,10.214091016649624
11,93,11.771453183234854
11,94,9.832422212802028
11,95,10.68888278876083
11,96,14.164337507322658
11,97,14.612864870383138
11,98,13.745736679460618
11,99,16.23031833592075
11,100,18.68033808199551
11,101,18.676909320440217
12,1,16.508720544798464
12,2,15.077531875951195
12,3,14.218301830059824
12,4,12.30367241723226
12,5,10.409169069895304
12,6,9.77659213223518
12,7,8.518112051519545
12,8,6.119013997534027
12,9,5.045292013160871
12,10,5.416933042873406
12,11,3.8357561831790137
12,13,3.826241735508005
12,14,5.671951625407095
12,15,5.480373477257649
12,16,5.858079298020334
12,17,11.727886244711039
12,18,12.471983279904082
12,19,10.979211161193641
12,20,14.307783073320357
12,21,16.930648694267095
12,22,19.12174679510743
12,23,18.813527757980378
12,24,19.33308393304298
12,25,19.05945946802838
12,26,20.95577251565273
12,27,19.541822792092788
12,28,20.60836404570248
12,29,21.21240597295746
12,30,18.14502193347223
12,31,20.067317782375
12,32,22.408827932640058
12,33,21.40008994771294
12,34,17.696012061569405
12,35,16.626184507236704
12,36,19.614548213678287
12,37,19.392836170880518
12,38,15.880085262863021
12,39,17.12284276342474
12,40,20.377692173740268
12,41,18.806546282924963
12,42,16.597459920144974
12,43,19.19884551764682
12,44,21.2430033779156
12,45,18.9459447560239
12,46,21.22761831686632
12,47,20.419244602936285
12,48,16.72895563543086
12,49,16.063211919298997
12,50,12.311456006978508
12,51,12.18510785094131
12,52,14.688582261900224
12,53,12.814828936105158
12,54,10.959538728019194
12,55,14.576718423673292
12,56,15.994006760499449
12,57,13.676699094697824
12,58,14.585597040108535
12,59,18.21156718686433
12,60,18.37198585425214
12,61,18.25536734749762
12,62,20.69881623439018
12,63,24.360281339313126
12,64,25.680478990770222
12,65,25.043762604310487
12,66,23.25508167655774
12,67,25.105690324105407
12,68,24.73332460435749
12,69,27.480800292200918
12,70,28.310947805688052
12,71,29.834680745846637
12,72,28.232273092710315
12,73,30.024172297751775
12,74,30.778013214454624
12,75,28.042018171003008
12,76,30.527251115959853
12,77,28.790556636498152
12,78,25.330486607182706
12,79,23.83974422134318
12,80,22.085616147344965
12,81,18.709543636040664
12,82,16.249323673282227
12,83,13.756512413038504
12,84,10.983907830743505
12,85,12.600800350769148
12,86,12.920939017471492
12,87,9.380536201268573
12,88,8.40539111753139
12,89,11.550313977308008
12,90,10.804919240950154
12,91,7.714417548100868
12,92,10.453188512960741
12,93,12.940621437161843
12,94,11.185877592861404
12,95,10.683592001363957
12,96,14.359550429101558
12,97,15.520093362002413
12,98,14.067116492903823
12,99,15.87547387315053
12,100,18.89952263989975
12,101,19.14880857297206
13,1,18.28817834066315
13,2,16.156721191982708
13,3,15.189445924303895
13,4,14.16007511034191
13,5,12.135023344434211
13,6,10.356274225626809
13,7,9.66523141213683
13,8,8.56392137171111
13,9,6.135014805192281
13,10,4.965263420141058
13,11,5.351203683075306
13,12,3.826241735508005
13,14,3.8097453413857947
13,15,5.71521169037559
13,16,5.545655303095908
13,17,9.940240260397191
13,18,11.592651858373019
13,19,10.102379614727772
13,20,13.389662337637454
13,21,15.809356760418408
13,22,18.61810039428082
13,23,18.57262349350878
13,24,19.822062349561282
13,25,19.9927447293708
13,26,22.429421754455944
13,27,21.601300033351688
13,28,22.9467025754883
13,29,23.965327242318672
13,30,20.977976647718172
13,31,23.207890666755443
13,32,25.243869032141568
13,33,23.869838112987328
13,34,20.25543784449016
13,35,18.641213967783568
13,36,21.26822116373209
13,37,21.320735449051543
13,38,17.638416719026996
13,39,18.17213827903723
13,40,21.476000818987263
13,41,19.99925350981766
13,42,17.205289783783915
13,43,19.329191243608054
13,44,21.146685919345895
13,45,18.516619083622327
13,46,20.176841975319537
13,47,18.815223880650958
13,48,15.039722221203267
13,49,13.824539163188318
13,50,10.091718007663964
13,51,11.020324624991675
13,52,13.247998855496933
13,53,11.41335947574992
13,54,10.660751509318716
13,55,14.40639562167861
13,56,15.514052590020334
13,57,13.786403244386284
13,58,15.441880168678797
13,59,18.703976406294647
13,60,18.978424303560537
13,61,19.605780821547114
13,62,22.01472998669532
13,63,25.608328289774718
13,64,26.647855038430123
13,65,25.532650525520946
13,66,23.770504234371884
13,67,25.21258021399479
13,68,24.65185258529355
13,69,27.51720499911943
13,70,28.809857117280014
13,71,30.684331988322086
13,72,29.523390283241127
13,73,31.46833746289636
13,74,32.11975911030638
13,75,29.686987352558805
13,76,32.35708095475594
13,77,30.975326417759558
13,78,27.351592061929555
13,79,25.633376107442803
13,80,23.406254298002793
13,81,20.080888484406138
13,82,17.109694155254505
13,83,14.443589027775204
13,84,11.923769671615286
13,85,14.448917683359195
13,86,14.884911159561725
13,87,11.32977371245199
13,88,11.155595120985025
13,89,14.588805790836368
13,90,13.7064949677232
13,91,11.101157823700442
13,92,14.155212289372935
13,93,16.42974020348258
13,94,14.440305884085575
13,95,14.250395354079126
13,96,17.986223657177618
13,97,18.792240312034444
13,98,17.136654705976664
13,99,19.213042828808767
13,100,22.22963845580201
13,101,22.076235222373224
14,1,20.07016958417052
14,2,18.220381770490803
14,3,16.521544619244438
14,4,15.426445675661958
14,5,14.24113197370852
14,6,12.254650264295181
14,7,10.505350029183713
14,8,9.981038014021857
14,9,8.702108116451543
14,10,6.130661559396139
14,11,5.158570036305163
14,12,5.671951625407095
14,13,3.8097453413857947
14,15,3.81816919773902
14,16,5.795200578060113
14,17,7.645963577796988
14,18,8.524233307371127
14,19,6.42660965943243
14,20,9.586752010830502
14,21,12.15274992862744
14,22,14.9359804025236
14,23,14.813967560971763
14,24,16.262257113929017
14,25,16.68430742137417
14,26,19.421411649511846
14,27,19.05153960179256
14,28,20.781495582743727
14,29,22.317185582636494
14,30,19.684935883084922
14,31,22.40517620986339
14,32,24.2524939531631
14,33,22.89873385284408
14,34,19.285969655319512
14,35,17.668403418962466
14,36,19.795879129000387
14,37,19.500279170603655
14,38,15.700705981186946
14,39,16.08530509873141
14,40,19.059610453237458
14,41,17.25893839850784
14,42,14.293109170049355
14,43,16.48169497513324
14,44,17.878887795772513
14,45,15.001587736024973
14,46,16.660266317377143
14,47,15.271706137878875
14,48,11.527069475952283
14,49,10.883468386586943
14,50,7.055336314328125
14,51,7.99933573608452
14,52,10.893479492014347
14,53,10.094039012742284
14,54,9.082137768176295
14,55,12.444374768596731
14,56,14.287665707965386
14,57,13.296221816433455
14,58,14.468803488685957
14,59,17.629152255812656
14,60,18.65799648630415
14,61,19.321168461151203
14,62,21.149169516905964
14,63,24.848347983039194
14,64,25.380247063945585
14,65,23.925060322782826
14,66,21.731990614371252
14,67,22.777134802330373
14,68,21.7850973063213
14,69,24.425298956106165
14,70,25.93756343522634
14,71,27.76483412476273
14,72,26.77741259008521
14,73,28.59989476291805
14,74,29.02658048098445
14,75,26.755256096989996
14,76,29.471258910681637
14,77,28.36792265951692
14,78,24.648781052598057
14,79,22.740642716724523
14,80,20.221656371512644
14,81,17.00513380511155
14,82,13.825863090634762
14,83,11.06761583176909
14,84,8.897692963571354
14,85,11.991093427984417
14,86,12.404056770285017
14,87,9.134584352490485
14,88,9.8054030170941
14,89,13.324269167089051
14,90,12.607519417458203
14,91,10.944043039395304
14,92,14.300404598538075
14,93,16.373185354709527
14,94,14.879114387754095
14,95,15.471802424315461
14,96,18.97220345763774
14,97,19.71837109916818
14,98,18.73596679358241
14,99,21.003145955499647
14,100,23.675249797547895
14,101,23.71129994676916
15,1,21.24438506834314
15,2,19.91860255097813
15,3,18.40002238389704
15,4,16.57214439332137
15,5,15.39703828214035
15,6,14.269454116806033
15,7,12.186622246826172
15,8,10.607510102248689
15,9,10.085424033254572
15,10,8.579333955763357
15,11,6.014994070996209
15,12,5.480373477257649
15,13,5.71521169037559
15,14,3.81816919773902
15,16,3.8300488622913598
15,17,7.004327675800157
15,18,7.034718112882652
15,19,6.043266111760128
15,20,9.699415302400253
15,21,11.79807165053731
15,22,13.985439424594013
15,23,14.251717652500046
15,24,15.162985267302219
15,25,15.76796963455835
15,26,18.19927579912418
15,27,17.447476813024988
15,28,19.454919357995085
15,29,20.91177629502107
15,30,18.542393006586902
15,31,21.172498568294632
15,32,23.47026138867146
15,33,22.717116053262753
15,34,18.94880094344914
15,35,18.075505549709945
15,36,20.35309163092506
15,37,19.40541873763414
15,38,15.689312638520818
15,39,16.897560787819828
15,40,19.531412848064896
15,41,17.174776836002444
15,42,14.797003861597949
15,43,17.644927710715297
15,44,18.763162382475034
15,45,15.843203782501789
15,46,17.997287572095487
15,47,16.788901208878638
15,48,13.278856154139907
15,49,13.58896976558489
15,50,9.898877257635442
15,51,10.325432175007814
15,52,13.745252597424754
15,53,13.298334512396323
15,54,11.469327091252909
15,55,14.559141486147693
15,56,16.9260381241021
15,57,15.675622135255235
15,58,16.101621269863728
15,59,19.56214370693873
15,60,20.71466466169809
15,61,20.734760759311456
15,62,22.403518791582403
15,63,26.217404584975448
15,64,26.80969625133889
15,65,25.63461960655736
15,66,23.166850776057775
15,67,24.314504526344777
15,68,23.12197879133663
15,69,25.389788542762954
15,70,26.66783291117566
15,71,28.014869415096573
15,72,26.63850480589877
15,73,28.026302261726205
15,74,28.169393924929114
15,75,25.562533977764815
15,76,27.910829846422537
15,77,26.485065471490064
15,78,22.90296277457603
15,79,20.762250661425853
15,80,18.44775344001336
15,81,14.905846520038283
15,82,11.872437098288907
15,83,9.863510725986202
15,84,6.673332908840632
15,85,9.22133754556115
15,86,10.524246471933436
15,87,7.722477261875331
15,88,7.1639638566090325
15,89,10.974411367988829
15,90,11.298550382342903
15,91,9.593520915008646
15,92,12.320333430365867
15,93,14.96940187775176
15,94,14.267758428566475
15,95,14.499295525508282
15,96,17.741500918326857
15,97,19.15783454449554
15,98,18.508565325601317
15,99,20.242445866529163
15,100,22.97235334389188
15,101,23.61583838074455
16,1,22.350799380971026
16,2,20.757390310966166
16,3,19.882814891429195
16,4,18.12882272029238
16,5,16.197584843559177
16,6,15.250897220732279
16,7,14.01100239940141
16,8,11.940826169331459
16,9,10.507542308312647
16,10,9.95131141838811
16,11,8.293740384837173
16,12,5.858079298020334
16,13,5.545655303095908
16,14,5.795200578060113
16,15,3.8300488622913598
16,17,7.0812585371939845
16,18,8.627176057562695
16,19,8.945456625524272
16,20,12.736770125213084
16,21,14.167373554215322
16,22,16.61972395085133
16,23,17.471640347893192
16,24,18.565589841628555
16,25,19.430599622706904
16,26,21.803696206709507
16,27,20.87992164888672
16,28,22.860951464599204
16,29,24.057898421745186
16,30,21.590180570664153
16,31,23.878261549250105
16,32,26.432485096971995
16,33,25.791619092063762
16,34,21.988317050460008
16,35,21.188828643343268
16,36,23.74551870035436
16,37,22.921152257475338
16,38,19.248263824005296
16,39,20.50796721857948
16,40,23.27508315780888
16,41,20.975290962256715
16,42,18.603992706190827
16,43,21.364032146754337
16,44,22.486225287118085
16,45,19.4488136758215
16,46,21.328721445487
16,47,19.709880418908163
16,48,16.165579814869098
16,49,16.088475119399842
16,50,12.354510750432588
16,51,13.513103697985466
16,52,16.652261157104935
16,53,15.778020830894333
16,54,14.436032776563751
16,55,17.824743698893567
16,56,19.769185386617863
16,57,18.25255045651569
16,58,19.11529682058423
16,59,22.6094420335418
16,60,23.346157145103113
16,61,23.440606429172007
16,62,25.473735472766723
16,63,29.242966862187313
16,64,30.09161555005066
16,65,29.00610317530299
16,66,26.723047769671
16,67,27.93931020579055
16,68,26.812501147867618
16,69,29.140936090798263
16,70,30.475966347990163
16,71,31.844421979116024
16,72,30.432000093072777
16,73,31.762481746195736
16,74,31.830516307449955
16,75,29.133085174405153
16,76,31.311339964244084
16,77,29.71147849754517
16,78,26.23952739588633
16,79,23.97686576195069
16,80,21.730215749132256
16,81,18.05157882711094
16,82,15.010045353223871
16,83,13.469253693183399
16,84,10.023615840348992
16,85,12.145675311734827
16,86,13.948119446348489
16,87,11.247294543786564
16,88,9.799922971713174
16,89,13.58671102023642
16,90,14.205010085956827
16,91,11.777804743275135
16,92,13.938495162613346
16,93,17.056608630650754
16,94,16.209859427399486
16,95,15.568605260709596
16,96,18.943140999139292
16,97,20.70273296763193
16,98,19.508723629189078
16,99,20.81417601853378
16,100,23.956578327548034
16,101,24.629335589128416
17,1,27.574917394511257
17,2,25.75190810283866
17,3,24.167224997363988
17,4,22.931855049623522
17,5,21.609549051032236
17,6,19.80125629928718
17,7,18.108987275235954
17,8,17.168062780580343
17,9,15.830586534751115
17,10,13.718458826512224
17,11,12.325152261714424
17,12,11.727886244711039
17,13,9.940240260397191
17,14,7.645963577796988
17,15,7.004327675800157
17,16,7.0812585371939845
17,18,3.8669255608930833
17,19,5.904503299047921
17,20,8.75796177933729
17,21,8.648630049778104
17,22,11.773494833846579
17,23,13.60138113457904
17,24,15.855595982564983
17,25,17.89772929984331
17,26,21.05206007618446
17,27,21.33880016998441
17,28,24.090617891123898
17,29,26.234954618952283
17,30,24.399169420499287
17,31,27.39113505391807
17,32,29.495388301633955
17,33,28.684078233939115
17,34,25.039212868881197
17,35,23.94037784514335
17,36,25.59177419683186
17,37,24.51663026305304
17,38,20.797185426389746
17,39,21.363924597322576
17,40,23.496887869186352
17,41,20.85270679878804
17,42,18.071142197479755
17,43,20.356627497446986
17,44,20.355377912278374
17,45,16.70616727150725
17,46,17.66743470500382
17,47,15.18169445958049
17,48,12.20518527877963
17,49,12.866848974747118
17,50,10.048768511240779
17,51,12.38754804459917
17,52,15.62441607571027
17,53,16.230850806332793
17,54,15.661435769077707
17,55,18.257312269756458
17,56,20.623470056719135
17,57,20.405126678542548
17,58,21.236666142423818
17,59,24.175848296548573
17,60,25.763389494336916
17,61,26.411176229011495
17,62,27.741962280805556
17,63,31.48082668214373
17,64,31.493235194958697
17,65,29.64301322073845
17,66,26.89998573802886
17,67,27.13910442562364
17,68,25.189197566195926
17,69,27.0586070105094
17,70,29.13386366157111
