1,2,3.8189617753636735
1,3,5.468351673102567
1,4,5.044525242819837
1,5,6.075427731516585
1,6,8.547293600125773
1,7,9.863788313502392
1,8,10.43832141589092
1,9,12.206639802261158
1,10,14.233229236320671
1,11,15.343039184072824
1,12,16.327467443340502
1,13,18.13402610904242
1,14,20.126876595430176
1,15,21.031302437655203
1,16,22.152340468394033
1,17,28.51643048278259
1,18,25.708562396773992
1,19,27.457852539158914
1,20,30.62433009677072
1,21,32.50425534477422
1,22,29.82061134968027
1,23,29.314333616064225
1,24,26.872803400751113
1,25,26.716960284371257
1,26,25.29712312223482
1,27,22.636191061715166
1,28,22.761576019616705
1,29,19.184559775619974
1,30,17.975782895793728
1,31,14.930575872208303
1,32,13.711696418983832
1,33,16.006976059574153
1,34,14.117609217488004
1,35,17.27005671599888
1,36,19.67105129343976
1,37,18.15301457971545
1,38,18.56234634019254
1,39,21.95137815449948
1,40,23.024924355502293
1,41,21.726654421870272
1,42,22.766511758728235
1,43,26.289634958316167
1,44,26.351881944860402
1,45,28.651409607075472
1,46,29.93774359788035
1,47,26.975859612937352
1,48,25.24016760947351
1,49,23.043760889275905
1,50,20.791179137648236
1,51,20.841659239790822
1,52,17.546489236548734
1,53,15.943283003851178
1,54,17.74233777188349
1,55,16.531202251463434
1,56,12.877751977833608
1,57,13.5280161301581
1,58,15.279595469276794
1,59,12.238766744139525
1,60,11.138352885427365
1,61,14.737972414294225
1,62,16.398965853955442
1,63,19.71355707391648
1,64,21.38586462243135
1,65,21.99255686900293
1,66,25.192355508991863
1,67,27.0102263088413
1,68,29.75498029291999
1,69,28.184448826690087
1,70,26.672366019806812
1,71,25.519620889330973
1,72,22.506548937796243
1,73,23.977851161840785
1,74,27.10439549079318
1,75,28.5784392801381
1,76,29.80707687015567
1,77,32.027738268487816
1,78,30.933879186487932
1,79,30.08120887112715
1,80,28.45762017806227
1,81,28.037722341505155
1,82,24.882252676691618
1,83,24.3158508788455
1,84,24.36337597597568
1,85,22.171323572885136
1,86,19.38972729115962
1,87,19.813243716181248
1,88,19.593425640038674
1,89,16.473239550287577
1,90,14.905317422958733
1,91,15.97487718402104
1,92,14.67191487249878
1,93,11.084395094194006
1,94,11.429272904788947
1,95,12.742914937296858
1,96,9.984132149996434
1,97,7.632300323191592
1,98,10.770611441430248
1,99,11.35256124365378
1,100,8.363674875169632
1,101,9.030206788787963
2,1,3.8189617753636735
2,3,3.8194604496219378
2,4,5.469610621305331
2,5,5.248537866238396
2,6,6.222960685893984
2,7,8.681409816980842
2,8,9.961571089079047
2,9,10.652703967840651
2,10,12.41358449816743
2,11,14.401522833299083
2,12,15.352098479439798
2,13,16.40176446569602
2,14,18.618510749071167
2,15,20.12486539445953
2,16,21.092621700822207
2,17,27.492223080898576
2,18,24.615009354068
2,19,26.33752789942576
2,20,29.669077357701305
2,21,31.821261293418594
2,22,29.23942669111636
2,23,29.21893262239158
2,24,27.046713894834525
2,25,27.39372283457561
2,26,26.349587906428923
2,27,24.081983956540075
2,28,24.74391046026976
2,29,21.24320847096406
2,30,20.573415460678447
2,31,17.817476696800075
2,32,16.266819325565407
2,33,17.979177108828438
2,34,15.438062834392285
2,35,18.340137342211303
2,36,20.866817885602522
2,37,18.956911876685602
2,38,18.758298656038818
2,39,22.35541756909297
2,40,23.374914654600765
2,41,21.517698267216378
2,42,22.240086736295222
2,43,25.82832045533062
2,44,25.530668402817167
2,45,27.42788869184706
2,46,28.407942241002026
2,47,25.35928624832011
2,48,23.189248225894897
2,49,21.112506691147722
2,50,19.2653157509269
2,51,18.983656941236482
2,52,15.405844222872776
2,53,14.54647843461945
2,54,16.587961451240847
2,55,14.890904050411821
2,56,11.40163928045794
2,57,13.10387460918563
2,58,14.70860156815702
2,59,11.584468467675247
2,60,11.683225569014514
2,61,15.423968059544622
2,62,17.16800555451669
2,63,20.178997858763566
2,64,21.263273308170476
2,65,21.91283662192598
2,66,24.798738191659453
2,67,26.615441585577507
2,68,29.692362240345048
2,69,28.433703335920782
2,70,27.403272304203174
2,71,26.678372793355965
2,72,23.9749754293777
2,73,25.334322907640008
2,74,28.722450998112908
2,75,30.129433353467775
2,76,30.95135108016441
2,77,33.23959801000323
2,78,32.00912131711487
2,79,30.717755544212228
2,80,28.92477009669099
2,81,28.05267593665479
2,82,24.642756733312307
2,83,24.017973064242774
2,84,24.65777476637341
2,85,22.61254897372436
2,86,19.44729253014407
2,87,20.13376618832678
2,88,20.58762453474154
2,89,17.397994479410848
2,90,15.552108312198332
2,91,17.309300548279218
2,92,16.54924138873734
2,93,12.763285935320994
2,94,13.084246942206867
2,95,15.229512170211832
2,96,12.910174353787792
2,97,10.311387682924794
2,98,13.478654970342083
2,99,14.724164284359958
2,100,11.988694893787226
2,101,12.744500657084762
3,1,5.468351673102567
3,2,3.8194604496219378
3,4,3.83354681402148
3,5,5.59273314403248
3,6,5.243908612328935
3,7,6.256612008286759
3,8,8.70435361667702
3,9,9.978916109709077
3,10,10.671117962541016
3,11,12.427446861037762
3,12,14.26396104180113
3,13,15.231212245338693
3,14,16.759753835342572
3,15,18.442581415551874
3,16,20.041347810186707
3,17,25.26534802849084
3,18,22.117689736899212
3,19,23.46183159161498
3,20,26.903350878711844
3,21,28.825038258170498
3,22,26.040638580809674
3,23,25.980329961510098
3,24,23.684828860889453
3,25,24.060098790488126
3,26,23.316918926948993
3,27,21.161745862262087
3,28,22.199315082301343
3,29,18.935498626655928
3,30,18.594669628237355
3,31,16.07868122690415
3,32,14.047777741737761
3,33,15.199917149885353
3,34,12.243587942196942
3,35,14.91746418953955
3,36,17.508875178292712
3,37,15.577354973330678
3,38,15.067325970461706
3,39,18.665785040814953
3,40,19.797268274866465
3,41,17.933032599693938
3,42,18.485935293783395
3,43,22.11732844967762
3,44,21.987397886024315
3,45,23.906467890782263
3,46,25.127816659330826
3,47,22.26592576741905
3,48,20.270015200898616
3,49,18.448214778606868
3,50,16.201459379333965
3,51,15.748269643180967
3,52,12.36844570647188
3,53,11.259533232142223
3,54,12.940359172706412
3,55,11.308397459937181
3,56,7.747659344709017
3,57,9.314644011462462
3,58,10.951945891598543
3,59,8.056717229520721
3,60,8.308306309619827
3,61,12.045603482737503
3,62,14.158439315848646
3,63,16.864542119339124
3,64,17.70859484206821
3,65,18.169382696373166
3,66,21.005369728100998
3,67,22.797301029276635
3,68,25.88640553563749
3,69,24.677146344627104
3,70,23.766606782600917
3,71,23.238861515886317
3,72,20.698886063348716
3,73,21.99666910776256
3,74,25.502829543448684
3,75,26.94213946959138
3,76,27.608351520154834
3,77,30.043330362736384
3,78,28.95302930413622
3,79,27.54877016954822
3,80,25.962430840445176
3,81,25.17553479697071
3,82,21.686578762444622
3,83,21.501207126478324
3,84,22.23867771903224
3,85,19.865926932094276
3,86,16.83403558950979
3,87,18.11133730325466
3,88,18.491719982672233
3,89,15.00839592053757
3,90,13.766227800182904
3,91,16.060687066277584
3,92,14.979893138507608
3,93,11.267996907003559
3,94,12.613146373179294
3,95,14.856477987215948
3,96,12.380738702504472
3,97,10.704077418653291
3,98,14.375540716418495
3,99,15.370615979141244
3,100,13.051689698564365
3,101,12.785891883739676
4,1,5.044525242819837
4,2,5.469610621305331
4,3,3.83354681402148
4,5,3.796487437082539
4,6,5.41717451612552
4,7,5.131037822541645
4,8,6.149869492095555
4,9,8.586266376963518
4,10,9.911428816599766
4,11,10.616124659910994
4,12,12.223020251916756
4,13,14.078351847183452
4,14,15.55284227018866
4,15,16.486147878655427
4,16,18.084529142255604
4,17,23.67588194166238
4,18,20.76840612988648
4,19,22.445559655615284
4,20,25.605692407506147
4,21,27.46215455041882
4,22,24.80166289143706
4,23,24.391935372591387
4,24,22.10175198647553
4,25,22.245859169581934
4,26,20.981398921112476
4,27,18.700499775689615
4,28,19.388151468706468
4,29,15.893026818321255
4,30,15.575076526251443
4,31,13.268761860020982
4,32,11.953320704765472
4,33,13.155256266544116
4,34,10.781890750434252
4,35,14.1156912498478
4,36,16.094429525670574
4,37,13.948814030384414
4,38,14.370129150642793
4,39,17.967601491216605
4,40,18.603892413400615
4,41,17.014999710436395
4,42,18.330672627394716
4,43,21.71987250624989
4,44,21.53905810709774
4,45,23.946564812843796
4,46,25.154323062872237
4,47,22.153347509058076
4,48,20.670232988288546
4,49,18.360336545547487
4,50,15.95837864348298
4,51,16.36795204114008
4,52,13.301621498830139
4,53,11.216844372000626
4,54,13.29355163842545
4,55,12.748367506307295
4,56,8.96608495086178
4,57,9.45772331262559
4,58,12.068069351296693
4,59,9.924840222342555
4,60,8.794325426590277
4,61,12.432426821533896
4,62,15.091889204365287
4,63,17.774818027918883
4,64,18.85436067627384
4,65,18.73183207419094
4,66,21.627746377472864
4,67,22.98209516557192
4,68,25.77682534281995
4,69,24.623927627805468
4,70,23.256284883638024
4,71,22.6537261386308
4,72,19.701034421823838
4,73,20.596294140185087
4,74,23.956823832848016
4,75,25.055172267197854
4,76,25.83784828959301
4,77,27.954183328472126
4,78,26.639962086148255
4,79,25.48589017687791
4,80,23.72632110914009
4,81,23.12361959776005
4,82,19.888564390810277
4,83,19.39719696766586
4,84,19.64596051835159
4,85,17.418759106131958
4,86,14.498901193433875
4,87,15.256760290004625
4,88,15.328627431364072
4,89,12.0252197598267
4,90,10.558985580797295
4,91,12.438312598515369
4,92,11.357386252162359
4,93,7.584813951632603
4,94,8.828326419492685
4,95,11.056274283846426
4,96,8.81573173779012
4,97,7.233758657193127
4,98,10.983114552101062
4,99,12.165558335522702
4,100,10.484404513921483
4,101,10.282818035673758
5,1,6.075427731516585
5,2,5.248537866238396
5,3,5.59273314403248
5,4,3.796487437082539
5,6,3.7919776808570043
5,7,5.469947420395501
5,8,5.057674008204021
5,9,6.165428382609266
5,10,8.686699166754822
5,11,9.968816545172947
5,12,10.453989938104034
5,13,12.152687911085161
5,14,14.444204989573715
5,15,15.386318141071476
5,16,16.233831275357492
5,17,23.113122943364623
5,18,20.547698299858247
5,19,22.723424724909727
5,20,25.758475357987855
5,21,28.0487007207434
5,22,25.78087072655278
5,23,25.726967687320464
5,24,23.889638938583328
5,25,24.424109198545136
5,26,23.030585191028333
5,27,21.08599061892113
5,28,21.784506330402763
5,29,18.168677319087315
5,30,18.135248362499134
5,31,16.11934629325343
5,32,15.356571172411702
5,33,16.456736930509496
5,34,14.203680800879553
5,35,17.589634711000972
5,36,19.27108216879121
5,37,16.707938542714967
5,38,17.179405761031287
5,39,20.896096627135478
5,40,21.088904731221067
5,41,19.08089543622775
5,42,20.591190574732295
5,43,23.825601432409517
5,44,23.08175328061414
5,45,25.317903903519493
5,46,25.98685307001797
5,47,22.6631769378109
5,48,20.91708211088001
5,49,18.210821737352045
5,50,16.505882411497748
5,51,17.2214061876215
5,52,13.887524353305968
5,53,12.296672232757993
5,54,15.127295915099136
5,55,14.579302101806258
5,56,10.900537611154428
5,57,12.227328249307233
5,58,15.015400454019098
5,59,12.931818824911453
5,60,12.39930433493589
5,61,16.055040272691784
5,62,18.733801807425937
5,63,21.324985913072705
5,64,22.114163737860263
5,65,21.859348448662534
5,66,24.47743905251429
5,67,25.581410637222213
5,68,28.518485666107185
5,69,27.70082242570377
5,70,26.49269676205674
5,71,26.140277642535438
5,72,23.19970449940629
5,73,23.791381677509055
5,74,27.167132869753587
5,75,27.945805085409123
5,76,28.482019925905256
5,77,30.311619266206495
5,78,28.61263117330967
5,79,27.253843447753994
5,80,25.05064388017191
5,81,23.993075970852335
5,82,20.76613215480311
5,83,19.624979135630905
5,84,20.148054425805856
5,85,18.558818847688073
5,86,15.2406835739532
5,87,15.376207448442239
5,88,16.133286857560734
5,89,13.35673798130673
5,90,10.870690609767385
5,91,12.634000487398987
5,92,12.639476292615928
5,93,8.95079896055259
5,94,8.691482096447686
5,95,11.631304494944793
5,96,10.360578400073024
5,97,7.619537089436095
5,98,10.690804343619503
5,99,12.898002081832061
5,100,11.421655580704012
5,101,12.37844171977704
6,1,8.547293600125773
6,2,6.222960685893984
6,3,5.243908612328935
6,4,5.41717451612552
6,5,3.7919776808570043
6,7,3.8067017126119493
6,8,5.408552493974649
6,9,5.047125593829552
6,10,6.2197958711842904
6,11,8.679631243288675
6,12,9.757309441782482
6,13,10.330789288828397
6,14,12.457048788903197
6,15,14.27389458812681
6,16,15.358311873992243
6,17,21.483076624978096
6,18,18.674034352413482
6,19,20.594894282903905
6,20,23.87128865334815
6,21,26.30471940806376
6,22,24.02978932562992
6,23,24.44525975849595
6,24,22.815023455922898
6,25,23.82907953227847
6,26,22.981248779829357
6,27,21.46110556664266
6,28,22.79020287686714
6,29,19.454378234353605
6,30,19.924910360473305
6,31,18.16538958457557
6,32,16.86348632500335
6,33,17.331086270454456
6,34,14.448869443314344
6,35,17.366203284374564
6,36,19.166541022300393
6,37,16.352006050733063
6,38,16.078663706290648
6,39,19.886674514917537
6,40,20.093800206692222
6,41,17.571552309513805
6,42,18.660191234731442
6,43,21.92876611132856
6,44,20.90984669211486
6,45,22.73305155154137
6,46,23.203530139281263
6,47,19.878635598403008
6,48,17.752420207043933
6,49,15.2728192357252
6,50,13.823685314877302
6,51,14.133080837568613
6,52,10.579998480123633
6,53,9.721156153787001
6,54,12.706421668786325
6,55,11.810156650589107
6,56,8.449820002360845
6,57,10.746702564610786
6,58,13.343463471474767
6,59,11.54482935203373
6,60,12.052147036786474
6,61,15.577375963021423
6,62,18.33882844459312
6,63,20.49217489179167
6,64,20.667641862623917
6,65,20.361795669387902
6,66,22.610710129788202
6,67,23.6775820125313
6,68,26.892497548471304
6,69,26.38258296101313
6,70,25.67654518196779
6,71,25.76647925271453
6,72,23.220130339176045
6,73,23.727967405053164
6,74,27.325582465768438
6,75,28.101118972101922
6,76,28.22239509436374
6,77,30.19679907787363
6,78,28.500245723920596
6,79,26.69839828022047
6,80,24.49345039761334
6,81,23.05814561945298
6,82,19.551837962412545
6,83,18.6302122155251
6,84,19.82924048950348
6,85,18.20727555655744
6,86,14.647008397209307
6,87,15.442366159762667
6,88,16.79203783376687
6,89,13.857825553362066
6,90,11.629450598689468
6,91,14.28609946572529
6,92,14.483267655562669
6,93,10.919501878644057
6,94,11.341039057258262
6,95,14.591499082530797
6,96,13.365047330637973
6,97,11.138842387818494
6,98,14.324948075577746
6,99,16.474442457030403
6,100,14.982141611116756
6,101,15.47312562929408
7,1,9.863788313502392
7,2,8.681409816980842
7,3,6.256612008286759
7,4,5.131037822541645
7,5,5.469947420395501
7,6,3.8067017126119493
7,8,3.826112494642219
7,9,5.363887556162087
7,10,5.073291200292793
7,11,6.189182582889655
7,12,8.512956050541298
7,13,9.644636059793134
7,14,10.717886763812942
7,15,12.238608119461752
7,16,14.150497308136254
7,17,19.076375155443408
7,18,16.057654282134646
7,19,17.762107966829944
7,20,21.02713660454499
7,21,23.16852839728758
7,22,20.708800428780098
7,23,20.864297215570296
7,24,19.09101147589915
7,25,20.026660117374014
7,26,19.206187483681564
7,27,17.775793205144332
7,28,19.3259054829196
7,29,16.170363143029004
7,30,17.0349078872202
7,31,15.720762297552008
7,32,14.410786504261043
7,33,14.258064163034783
7,34,11.366715677749621
7,35,14.280675436534692
7,36,15.701052636826342
7,37,12.684754588660768
7,38,12.617627306670531
7,39,16.415661918546935
7,40,16.394152847019768
7,41,13.967031740374482
7,42,15.384870179620856
7,43,18.55150967996405
7,44,17.666681132645014
7,45,19.84817502157514
7,46,20.600248323873526
7,47,17.383306236057862
7,48,15.811595428629568
7,49,13.29876900502502
7,50,11.181214534645045
7,51,11.93885031769909
7,52,8.902396258242216
7,53,6.853247462248228
7,54,9.85288832811854
7,55,9.899158663746945
7,56,6.490383817835061
7,57,7.880783262303122
7,58,11.125840144549015
7,59,10.221192877520668
7,60,10.168932313356112
7,61,13.330261196568255
7,62,16.578824945127728
7,63,18.360653073663897
7,64,18.427718820479104
7,65,17.601306429838
7,66,19.790992235638818
7,67,20.558788621006684
7,68,23.60383024552037
7,69,23.179611035683305
7,70,22.345009940225893
7,71,22.597240028846734
7,72,20.03447174483077
7,73,20.228444523636227
7,74,23.830318709186905
7,75,24.439362275154878
7,76,24.4580974792789
7,77,26.402064640839598
7,78,24.72273061149806
7,79,22.93383691673883
7,80,20.833102383124963
7,81,19.585407016923487
7,82,16.09062758550546
7,83,15.482007021984462
7,84,16.51946932152931
7,85,14.594605916415464
7,86,11.162436630086452
7,87,12.401879008209452
7,88,13.546377547992757
7,89,10.393472727778688
7,90,8.724981023607297
7,91,11.843963631281998
7,92,11.777451584632814
7,93,8.513767058960584
7,94,9.911922793045516
7,95,13.081346067030633
7,96,11.96391167507399
7,97,10.756382559756588
7,98,14.119332240700407
7,99,15.973504328537771
7,100,15.05620997022131
7,101,14.801919822382027
8,1,10.43832141589092
8,2,9.961571089079047
8,3,8.70435361667702
8,4,6.149869492095555
8,5,5.057674008204021
8,6,5.408552493974649
8,7,3.826112494642219
8,9,3.7750787430672363
8,10,5.51231569906987
8,11,5.226314742490146
8,12,6.114747240593734
8,13,8.523963697640017
8,14,10.137988859798666
8,15,10.60007450536792
8,16,11.959085553474333
8,17,18.281775746549297
8,18,15.819329021107134
8,19,18.187576753980125
8,20,21.003877801680993
8,21,23.29898000542151
8,22,21.23064472604465
8,23,21.192495909690862
8,24,19.686675370407368
8,25,20.520952968224716
8,26,19.074343033944203
8,27,17.676129089968352
8,28,18.771920783683985
8,29,15.366147559103347
8,30,16.319444218869606
8,31,15.338032317689416
8,32,14.973873870958473
8,33,14.984575320295319
8,34,12.87845127422777
8,35,16.232399020318518
8,36,17.03454240973261
8,37,13.859092058998643
8,38,14.721344503946542
8,39,18.369249249883215
8,40,17.764969725000167
8,41,15.568122670110963
8,42,17.6973450166963
8,43,20.482868734973128
8,44,19.354357756562496
8,45,21.83912567815532
8,46,22.303943128517442
8,47,18.885475006369106
8,48,17.699857875792265
8,49,14.607383633530294
8,50,12.887511836203348
8,51,14.533966200990287
8,52,11.847811940455461
8,53,9.510861387288582
8,54,12.783119751566407
8,55,13.471791570865635
8,56,10.202307191073478
8,57,10.954098693213751
8,58,14.496261230272864
8,59,13.682780415394735
8,60,12.925971273152774
8,61,16.038869211142924
8,62,19.395952737684336
8,63,21.307855153085093
8,64,21.616383172639463
8,65,20.50529762933068
8,66,22.68016022460698
8,67,23.069549364384315
8,68,25.842282102183066
8,69,25.525608156780624
8,70,24.33990806673075
8,71,24.512297302751385
8,72,21.625096191161276
8,73,21.43400969965284
8,74,24.806653351130592
8,75,24.99764757666958
8,76,25.07911559594075
8,77,26.555212126120093
8,78,24.49437605599684
8,79,22.917582150056436
8,80,20.423825177092645
8,81,19.150081576147656
8,82,16.02317820717131
8,83,14.624927934895785
8,84,15.218114354235798
8,85,13.923372232175138
8,86,10.443384445902074
8,87,10.466715331414083
8,88,11.731414662113092
8,89,9.265053804112803
8,90,6.417809499127495
8,91,9.004468032038918
8,92,9.818124573345504
8,93,6.776237324647201
8,94,6.923481488709288
8,95,10.543026480300622
8,96,10.404811072661506
8,97,8.882157752070952
8,98,11.604400141255354
8,99,14.0713364027302
8,100,13.84826480374625
8,101,14.192983044826834
9,1,12.206639802261158
9,2,10.652703967840651
9,3,9.978916109709077
9,4,8.586266376963518
9,5,6.165428382609266
9,6,5.047125593829552
9,7,5.363887556162087
9,8,3.7750787430672363
9,10,3.8285099084235323
9,11,5.48462343430221
9,12,4.981538721905477
9,13,6.018661851210643
9,14,8.74597285783836
9,15,9.958785852986809
9,16,10.485720086018784
9,17,17.716704865529284
9,18,15.477174355497164
9,19,18.10646686218367
9,20,20.934957744171452
9,21,23.698256461813745
9,22,21.992795532463973
9,23,22.56882810497933
9,24,21.554750770520865
9,25,22.921153775476004
9,26,21.763036841159927
9,27,20.796509283534302
9,28,22.166200568365213
9,29,18.890179030327484
9,30,20.04499141987272
9,31,19.10839500494597
9,32,18.62428276288806
9,33,18.54923235810457
9,34,16.15346450837951
9,35,19.249758584258895
9,36,20.142179735614555
9,37,16.784421000980828
9,38,17.13705906589247
9,39,20.839416124191615
9,40,20.107354090727085
9,41,17.39272563352152
9,42,19.245855843545773
9,43,21.936541005766404
9,44,20.26919041469596
9,45,22.267861908629296
9,46,22.152595183986037
9,47,18.51029251214565
9,48,16.816718361013717
9,49,13.562789212966248
9,50,12.795769385690988
9,51,14.340188388038285
9,52,11.401299274590308
9,53,10.151280209790073
9,54,13.835978131339019
9,55,14.146604917631649
9,56,11.257515757465088
9,57,13.024852874981672
9,58,16.30028649024313
9,59,15.411962078364843
9,60,15.475183419431673
9,61,18.673818010002233
9,62,21.921344587356955
9,63,23.70704867669721
9,64,23.614407509431338
9,65,22.567832671554342
9,66,24.40327403828802
9,67,24.707928774985636
9,68,27.73423742231888
9,69,27.748698918470268
9,70,26.96613401487717
9,71,27.44474824629019
9,72,24.793890872140057
9,73,24.538649692025626
9,74,28.01353845061984
9,75,28.104771076143532
9,76,27.851789014259648
9,77,29.249945491317735
9,78,26.9965821774367
9,79,25.04775497265205
9,80,22.29543760351689
9,81,20.444873678106884
9,82,17.219095379318635
9,83,15.442710605294298
9,84,16.74645257254951
9,85,16.008873207511407
9,86,12.252386497395664
9,87,12.176079723851647
9,88,14.306615646205326
9,89,12.288954650911986
9,90,9.215791500898735
9,91,11.829298796961826
9,92,13.309251401247428
9,93,10.487892268588745
9,94,9.98365280941835
9,95,13.759502116803498
9,96,13.879245048325481
9,97,11.775241627217927
9,98,14.132928657899642
9,99,17.01943119857599
9,100,16.577975761887394
9,101,17.403480939404965
10,1,14.233229236320671
10,2,12.41358449816743
10,3,10.671117962541016
10,4,9.911428816599766
10,5,8.686699166754822
10,6,6.2197958711842904
10,7,5.073291200292793
10,8,5.51231569906987
10,9,3.8285099084235323
10,11,3.8075825605432616
10,12,5.366597863183219
10,13,4.85719689860863
10,14,6.269584325160099
10,15,8.601733786730945
10,16,10.120522416659929
10,17,15.37961622644179
10,18,12.672667477765645
10,19,14.890723681317795
10,20,18.010904011072927
10,21,20.75400546757912
10,22,18.924948598744514
10,23,19.845259785182392
10,24,18.975804930648547
10,25,20.746477303113128
10,26,20.150615429943468
10,27,19.618924709495083
10,28,21.597932607840765
10,29,18.729773336425097
10,30,20.356510438060127
10,31,19.73415914630833
10,32,18.807059136455187
10,33,18.055884249529665
10,34,15.285363141553944
10,35,17.848980603836548
10,36,18.634630340335704
10,37,15.109996384698633
10,38,14.885929977295412
10,39,18.508098077114745
10,40,17.673407119559172
10,41,14.563753540015746
10,42,16.155797056403042
10,43,18.73562586641544
10,44,16.841433030128577
10,45,18.600182705243203
10,46,18.41183687884027
10,47,14.789245694979646
10,48,13.011507050128628
10,49,9.858053937851514
10,50,9.079058344951573
10,51,10.615208360415528
10,52,7.915412198590284
10,53,6.9284517033737245
10,54,10.73464152349342
10,55,11.34410887829933
10,56,9.16048051336222
10,57,11.131137792518397
10,58,14.293823963840047
10,59,14.133575074549075
10,60,14.701258973557119
10,61,17.466383471938556
10,62,20.84454403381823
10,63,22.07805568668009
10,64,21.441922871667643
10,65,20.121225768438453
10,66,21.535188957254498
10,67,21.62458023640316
10,68,24.769309820679894
10,69,25.10627286509626
10,70,24.71666058106255
10,71,25.631820051710594
10,72,23.361948251496322
10,73,22.918872343388852
10,74,26.514383391779486
10,75,26.553655559566778
10,76,25.90574688761805
10,77,27.426338693013403
10,78,25.244466958062414
10,79,22.91701144332665
10,80,20.27678360227254
10,81,18.177776949333953
10,82,14.686869625849914
10,83,13.367905401292408
10,84,15.306549169214305
10,85,14.362687391647832
10,86,10.554796131831358
10,87,11.486945506075186
10,88,13.954103435953716
10,89,11.760213346130463
10,90,9.519472077453845
10,91,12.92050009001694
10,92,14.158362060881704
10,93,11.644689232463616
10,94,12.190906318227656
10,95,15.841028072340254
10,96,15.747739965464412
10,97,14.331127700713756
10,98,17.050280377081446
10,99,19.572984067762004
10,100,19.129778650098178
10,101,19.310915849040985
11,1,15.343039184072824
11,2,14.401522833299083
11,3,12.427446861037762
11,4,10.616124659910994
11,5,9.968816545172947
11,6,8.679631243288675
11,7,6.189182582889655
11,8,5.226314742490146
11,9,5.48462343430221
11,10,3.8075825605432616
11,12,3.835693346608809
11,13,5.343796266629754
11,14,5.282851053065314
11,15,6.072965872586208
11,16,8.471214209155672
11,17,13.205223384223647
11,18,10.625626479414006
11,19,13.118991092830427
11,20,15.898683477650371
11,21,18.415139360130198
11,22,16.632294003606113
11,23,17.111882934360814
11,24,16.275050331497912
11,25,17.901989004427403
11,26,16.93890725454176
11,27,16.575831141292106
11,28,18.49867825476733
11,29,15.757898719994886
11,30,17.798632840101078
11,31,17.781012335526587
11,32,17.35808893573237
11,33,16.20054029602856
11,34,13.984692731107272
11,35,16.658697765185128
11,36,16.725254106664458
11,37,13.021955845277132
11,38,13.581571440954797
11,39,16.974711021060276
11,40,15.559736995608187
11,41,12.764608705597595
11,42,15.148084545532232
11,43,17.32889840471497
11,44,15.473341428782806
11,45,17.826945264718105
11,46,17.805440279002255
11,47,14.253375941588105
11,48,13.465412464744817
11,49,10.04588758840367
11,50,8.730593573482285
11,51,11.314533303358322
11,52,9.599842999636989
11,53,7.280837886085486
11,54,10.83342370513254
11,55,12.566317777928633
11,56,10.462243692219158
11,57,11.171885003978336
11,58,14.781453918359453
11,59,15.197234644673072
11,60,14.950485378103787
11,61,17.342074090914902
11,62,21.012743150367385
11,63,22.068067891782526
11,64,21.571360682644737
11,65,19.739111291987715
11,66,21.122305808822905
11,67,20.75341935684879
11,68,23.510449164951034
11,69,23.93881117156919
11,70,23.199602230570882
11,71,24.162619299591647
11,72,21.722419965365408
11,73,20.796714586038608
11,74,24.20286140431592
11,75,23.847189316854596
11,76,23.15128987294975
11,77,24.34672853394048
11,78,21.946366620097546
11,79,19.762852330636104
11,80,16.947759712899963
11,81,14.997627194748578
11,82,11.734966659379136
11,83,10.124055975043033
11,84,11.653873907619257
11,85,10.864332627477008
11,86,7.035745046744771
11,87,7.681170413868009
11,88,10.26569294901776
11,89,8.488960232675346
11,90,6.284306317008112
11,91,9.825480889622071
11,92,11.376688436826011
11,93,9.664359876841726
11,94,10.385319950727348
11,95,13.842129291523143
11,96,14.321602331366012
11,97,13.62206109572064
11,98,16.024314785502227
11,99,18.449871266199143
11,100,18.702186218439362
11,101,18.608825862535735
12,1,16.327467443340502
12,2,15.352098479439798
12,3,14.26396104180113
12,4,12.223020251916756
12,5,10.453989938104034
12,6,9.757309441782482
12,7,8.512956050541298
12,8,6.114747240593734
12,9,4.981538721905477
12,10,5.366597863183219
12,11,3.835693346608809
12,13,3.8272543628610105
12,14,5.628048922355616
12,15,5.317479608898785
12,16,5.874023957464493
12,17,13.454831632139024
12,18,11.816043222561685
12,19,15.011383391796771
12,20,17.252029015856174
12,21,20.12933665367784
12,22,18.956395022408866
12,23,19.563194197320144
12,24,19.160397140342855
12,25,20.81474556449823
12,26,19.469983330049573
12,27,19.18660758740683
12,28,20.700362237190095
12,29,17.79334219305401
12,30,19.72720100472557
12,31,19.747654571588175
12,32,19.8554859942565
12,33,19.065655798070637
12,34,17.19058461397979
12,35,20.140584024808092
12,36,20.101224341739194
12,37,16.434093508626766
12,38,17.322026575188662
12,39,20.66118427064864
12,40,19.04557855271866
12,41,16.357878037203083
12,42,18.882405374517397
12,43,20.85186035863293
12,44,18.72613104082104
12,45,20.949250925962026
12,46,20.444510860796413
12,47,16.74587697941571
12,48,15.88386654881003
12,49,12.161191349722131
12,50,11.818369456157628
12,51,14.51593511381605
12,52,12.6610597106597
12,53,10.916023585659353
12,54,14.581309612857197
12,55,16.054565908918576
12,56,13.776490521830505
12,57,14.774994537345309
12,58,18.382844421761025
12,59,18.403886306212733
12,60,18.090457801474283
12,61,20.75750366387849
12,62,24.36301117385848
12,63,25.668987477713582
12,64,25.313222902917072
12,65,23.55847563631913
12,66,24.949531899854495
12,67,24.494236505768534
12,68,27.18552647034148
12,69,27.69116066146091
12,70,26.85074466960379
12,71,27.730915378232073
12,72,25.12345015845399
12,73,24.108047197558093
12,74,27.3647547217444
12,75,26.78200365830497
12,76,26.113279443640177
12,77,26.93895517685215
12,78,24.22598651881393
12,79,22.15214333573158
12,80,18.97813978162412
12,81,16.80494927212979
12,82,14.016054865736448
12,83,11.480633933682691
12,84,12.839586719327874
12,85,13.037693760251132
12,86,9.4256400295284
12,87,8.506350457268391
12,88,11.47592798915888
12,89,10.648999791248913
12,90,7.461076836295132
12,91,9.980138024015282
12,92,12.512484466895751
12,93,10.992738633846717
12,94,10.330965345016542
12,95,13.980406277885256
12,96,15.176471853133606
12,97,13.884058416558627
12,98,15.565787935568393
12,99,18.570665888112195
12,100,19.0912031770525
12,101,19.700402800069487
13,1,18.13402610904242
13,2,16.40176446569602
13,3,15.231212245338693
13,4,14.078351847183452
13,5,12.152687911085161
13,6,10.330789288828397
13,7,9.644636059793134
13,8,8.523963697640017
13,9,6.018661851210643
13,10,4.85719689860863
13,11,5.343796266629754
13,12,3.8272543628610105
13,14,3.8125491535441247
13,15,5.736401575840739
13,16,5.864564324730708
13,17,12.631374710268677
13,18,10.929952408784727
13,19,13.995211835897136
13,20,16.42908542333011
13,21,19.681376400535704
13,22,18.726262668089568
13,23,20.05106501220013
13,24,20.03747194921413
13,25,22.22750222050368
13,26,21.465190151313752
13,27,21.55761680926887
13,28,23.521365025718552
13,29,20.83625977572736
13,30,22.90968808609284
13,31,22.845280566660506
13,32,22.504781721671037
13,33,21.522932484438773
13,34,19.17948159301716
13,35,21.747942522468737
13,36,21.917449221092376
13,37,18.176005265791755
13,38,18.33880634105228
13,39,21.67349281316584
13,40,20.114440288168453
13,41,16.925796384909084
13,42,18.934256368519538
13,43,20.81994531324763
13,44,18.250860142267005
13,45,19.840563159971673
13,46,18.810336743440136
13,47,15.001501678933641
13,48,13.59023504147086
13,49,9.885752097914107
13,50,10.597910622017915
13,51,13.00557158660409
13,52,11.21596815014132
13,53,10.607083532875409
13,54,14.318635562155242
13,55,15.47498859094959
13,56,13.805974088549242
13,57,15.533632440159684
13,58,18.776984251276723
13,59,18.92769647027453
13,60,19.367097157428347
13,61,21.97537531221214
13,62,25.48279417430804
13,63,26.524445074570714
13,64,25.689574240195626
13,65,23.985066139695977
13,66,24.97353321652543
13,67,24.46513268054172
13,68,27.4179151214437
13,69,28.249771615124683
13,70,27.91836458839902
13,71,29.148813912243074
13,72,26.898381318734128
13,73,25.9145521864151
13,74,29.326588060676972
13,75,28.796615050166995
13,76,27.770395057774373
13,77,28.714961660645383
13,78,26.028679208944745
13,79,23.51461587935506
13,80,20.35332574977712
13,81,17.676532494349896
13,82,14.678297000928856
13,83,12.33437302610653
13,84,14.628156600149415
13,85,14.928309076482705
13,86,11.277679909649052
13,87,11.152415933150879
13,88,14.475894816851133
13,89,13.502921156430434
13,90,10.81356034981061
13,91,13.68338507875804
13,92,16.00718478788223
13,93,14.261754882745528
13,94,13.91997110491094
13,95,17.639092390886713
13,96,18.495820008298946
13,97,16.996749829943383
13,98,18.94134973587489
13,99,21.952284574250356
13,100,22.082217254039165
13,101,22.67745854054673
14,1,20.126876595430176
14,2,18.618510749071167
14,3,16.759753835342572
14,4,15.55284227018866
14,5,14.444204989573715
14,6,12.457048788903197
14,7,10.717886763812942
14,8,10.137988859798666
14,9,8.74597285783836
14,10,6.269584325160099
14,11,5.282851053065314
14,12,5.628048922355616
14,13,3.8125491535441247
14,15,3.838783844285121
14,16,5.968940259365828
14,17,9.314482707418106
14,18,7.178429318095207
14,19,10.192414281041335
14,20,12.683282357867364
14,21,15.898089801357736
14,22,14.972131016184122
14,23,16.49432182014907
14,24,16.792487635301438
14,25,19.313593279645158
14,26,18.905690315994296
14,27,19.529368348288504
14,28,21.91488679274285
14,29,19.71823471656288
14,30,22.271485549331253
14,31,22.69366042195062
14,32,22.267368366583426
14,33,20.66139817973555
14,34,18.392508613862248
14,35,20.50706435620027
14,36,20.225368363496383
14,37,16.421878747249277
14,38,16.48366195224533
14,39,19.464226717960134
14,40,17.508610598877432
14,41,14.224930693641092
14,42,16.353934512523814
14,43,17.764191951694148
14,44,14.932144802016992
14,45,16.5531464637294
14,46,15.421949162040036
14,47,11.652173573216093
14,48,10.897887196429645
14,49,7.056889528771964
14,50,7.860991478880953
14,51,10.940145582737806
14,52,10.236105485208123
14,53,9.372708108869645
14,54,12.655896821787982
14,55,14.576196594947723
14,56,13.60627296247292
14,57,14.805015377578275
14,58,17.98498527718676
14,59,18.903454408627056
14,60,19.305167788842144
14,61,21.365169860667546
14,62,25.006743373502196
14,63,25.53423223016481
14,64,24.36287836743892
14,65,22.215442749677912
14,66,22.778236924475078
14,67,21.80455122441107
14,68,24.58753657555127
14,69,25.774702962478397
14,70,25.6167106845279
14,71,27.22631167423483
14,72,25.25390112159177
14,73,23.885321893045944
14,74,27.21884712514976
14,75,26.43198533023765
14,76,25.027506173305053
14,77,25.85924433017698
14,78,23.13187034721333
14,79,20.350541092985356
14,80,17.203735743920127
14,81,14.289003421122919
14,82,11.271538088353301
14,83,9.124524715029457
14,84,11.980302094119239
14,85,12.369957477417016
14,86,9.012942077669283
14,87,9.58131361298251
14,88,13.110606862337987
14,89,12.398395330959136
14,90,10.614525936942867
14,91,13.78346056556364
14,92,15.930155486290342
14,93,14.771071694952505
14,94,15.152156637211098
14,95,18.60654327726658
14,96,19.47874568331044
14,97,18.67773114057407
14,98,20.77271559321463
14,99,23.455785153043955
14,100,23.82310346403367
14,101,23.877552686039724
15,1,21.031302437655203
15,2,20.12486539445953
15,3,18.442581415551874
15,4,16.486147878655427
15,5,15.386318141071476
15,6,14.27389458812681
15,7,12.238608119461752
15,8,10.60007450536792
15,9,9.958785852986809
15,10,8.601733786730945
15,11,6.072965872586208
15,12,5.317479608898785
15,13,5.736401575840739
15,14,3.838783844285121
15,16,3.8277678279546192
15,17,8.206494684229636
15,18,7.117791710231121
15,19,10.738210417658527
15,20,12.347327210695706
15,21,15.373081690898958
15,22,14.82007071447765
15,23,15.785038280561754
15,24,16.264401577556793
15,25,18.505375988234185
15,26,17.493504617957083
15,27,18.249107974114647
15,28,20.281122273098546
15,29,18.160742092449205
15,30,20.916245125526252
15,31,21.80754373630785
15,32,22.016175162175163
15,33,20.358446299675247
15,34,18.7337383750428
15,35,21.078369973404552
15,36,20.244024136558167
15,37,16.458747223946467
15,38,17.354810392861015
15,39,20.098858026836037
15,40,17.68792703784051
15,41,14.936840043966184
15,42,17.74408684888672
15,43,18.792953783789518
15,44,16.115382582006486
15,45,18.268380808765958
15,46,17.27709385570621
15,47,13.736961596316792
15,48,13.860014393162395
15,49,10.120377048724077
15,50,10.403063492839339
15,51,13.910594184492874
15,52,13.445023465031626
15,53,11.748466223342357
15,54,14.860932661291718
15,55,17.24500380487018
15,56,15.941181114979596
15,57,16.437048756726202
15,58,19.929318799636356
15,59,20.906018535920243
15,60,20.64310307281337
15,61,22.617264850341485
15,62,26.398071036685465
15,63,27.009116534051135
15,64,26.145285063291574
15,65,23.74954794836426
15,66,24.440107715198298
15,67,23.188819249960503
15,68,25.55698162360274
15,69,26.71569412078568
15,70,26.128063605217715
15,71,27.61483076827075
15,72,25.38699435672497
15,73,23.65805850573752
15,74,26.7028174772306
15,75,25.509014860743285
15,76,24.17041022160457
15,77,24.51589387476985
15,78,21.461619686002305
15,79,18.976397469098742
15,80,15.500108586478735
15,81,12.708332679431015
15,82,10.373629933070113
15,83,7.23199415902737
15,84,9.42570416452132
15,85,10.69561076845964
15,86,7.750227352199124
15,87,6.9342228129889785
15,88,10.726390803425248
15,89,11.055087561167415
15,90,9.132612210308451
15,91,11.591149550426906
15,92,14.307412563692484
15,93,13.946331724172044
15,94,13.916331355108067
15,95,17.07254945633656
15,96,18.617272040488526
15,97,18.142024728469277
15,98,19.67433695264585
15,99,22.40632613011306
15,100,23.37701819337936
15,101,23.499993324193152
16,1,22.152340468394033
16,2,21.092621700822207
16,3,20.041347810186707
16,4,18.084529142255604
16,5,16.233831275357492
16,6,15.358311873992243
16,7,14.150497308136254
16,8,11.959085553474333
16,9,10.485720086018784
16,10,10.120522416659929
16,11,8.471214209155672
16,12,5.874023957464493
16,13,5.864564324730708
16,14,5.968940259365828
16,15,3.8277678279546192
16,17,9.906958204260397
16,18,9.94954327118813
16,19,13.743986938574862
16,20,14.87626891281361
16,21,18.15783124049538
16,22,18.126678666103953
16,23,19.250591780495867
16,24,19.96261225450062
16,25,22.16535658577431
16,26,20.930309141228918
16,27,21.59452499110903
16,28,23.290062283467346
16,29,20.963893359610374
16,30,23.496628764239077
16,31,24.241042278643405
16,32,24.708339913329766
16,33,23.423154819098063
16,34,21.85775483102152
16,35,24.465191397860835
16,36,23.771793037070196
16,37,20.004653219884826
16,38,20.970595024688418
16,39,23.838119413332983
16,40,21.488451820731246
16,41,18.740096038388135
16,42,21.462074889396206
16,43,22.55459826085657
16,44,19.75115499514443
16,45,21.651367959240137
16,46,20.279805697845156
16,47,16.681585516701176
16,48,16.442087837598077
16,49,12.65365731433795
16,50,13.621570633245206
16,51,16.884243746936022
16,52,16.022786023452397
16,53,14.772904098255863
16,54,18.158992324868713
16,55,20.143685131354385
16,56,18.595931549913043
16,57,19.5031378568041
16,58,23.019983585320123
16,59,23.587173266493092
16,60,23.402289304658215
16,61,25.707777468195356
16,62,29.43139378317436
16,63,30.303075186056898
16,64,29.539192377778832
16,65,27.320234205048077
16,66,28.087971784142415
16,67,26.927007997909595
16,68,29.35882872879609
16,69,30.51127807168962
16,70,29.899421421401073
16,71,31.27886756117248
16,72,28.91887432319999
16,73,27.271836738512967
16,74,30.275721959334103
16,75,29.036178545306885
16,76,27.779725007063014
16,77,27.935046092370552
16,78,24.731354099136503
16,79,22.37040559351378
16,80,18.755000438509853
16,81,15.905559031683246
16,82,13.972885240695303
16,83,10.541209371890586
16,84,12.38365108011407
16,85,14.144177282866544
16,86,11.322948413904241
16,87,9.685608844895862
16,88,13.349702315907475
16,89,13.991976752640985
16,90,11.380216540533436
16,91,13.151895508070455
16,92,16.36996504212147
16,93,15.881779864486662
16,94,14.958879919443252
16,95,18.21578989769928
16,96,20.12391370637149
16,97,19.107633384246242
16,98,20.146588370719712
16,99,23.291931439181408
16,100,24.325270639328195
16,101,25.014412298295255
17,1,28.51643048278259
17,2,27.492223080898576
17,3,25.26534802849084
17,4,23.67588194166238
17,5,23.113122943364623
17,6,21.483076624978096
17,7,19.076375155443408
17,8,18.281775746549297
17,9,17.716704865529284
17,10,15.37961622644179
17,11,13.205223384223647
17,12,13.454831632139024
17,13,12.631374710268677
17,14,9.314482707418106
17,15,8.206494684229636
17,16,9.906958204260397
17,18,3.8188068246571873
17,19,6.322554498330386
17,20,5.463204562250221
17,21,8.922799298298067
17,22,10.21361183006904
17,23,12.339775233153002
17,24,14.658834898378036
17,25,17.828153594771813
17,26,17.86974469706181
17,27,20.145124882749432
17,28,22.853710051789722
17,29,22.01768638020486
17,30,25.467536657675822
17,31,27.159643162690685
17,32,27.234029857425877
17,33,24.673050213453145
17,34,23.25546762946134
17,35,24.54308000245806
17,36,22.928616165039326
17,37,19.453538846000814
17,38,19.90820228165895
17,39,21.511418574474458
17,40,18.356012486255228
17,41,15.781122292952276
17,42,18.251852530594277
17,43,17.663342685961418
17,44,14.274292695055415
17,45,15.637014694637939
17,46,13.626324164393331
17,47,11.125391023252767
17,48,12.971180235948312
17,49,10.56181100686021
17,50,11.951634989776776
17,51,15.442761417298668
17,52,16.88308421345946
17,53,15.862967894881976
17,54,17.686081766434583
17,55,20.70154860313006
17,56,20.786397823004716
17,57,20.894511543797464
17,58,23.77243178740255
17,59,25.785000922206336
17,60,25.823745902591202
17,61,26.880152523478987
17,62,30.60637530346619
17,63,30.23802996542007
17,64,28.60268930452056
17,65,25.560350197287036
17,66,25.06349290105648
17,67,22.72703676657952
17,68,24.50483422521512
