1,2,3.8130221360087093
1,3,6.707393538392198
1,4,9.900698594028029
1,5,13.398547203036905
1,6,16.828323849854545
1,7,19.536773789468484
1,8,23.260219252075036
1,9,25.339985601763882
1,10,28.661983264192198
1,11,28.762209172436236
1,12,29.98401958844117
1,13,26.91766907652042
1,14,24.240898291357208
1,15,24.58040632861748
1,16,24.25752129770332
1,17,21.05039886260544
1,18,19.865338736573435
1,19,21.172284405601864
1,20,19.487891772999713
1,21,16.117351428390183
1,22,16.61691083104162
1,23,17.552350982813262
1,24,14.217896567743443
1,25,12.04324125486849
1,26,11.656860957965227
1,27,12.312999719122102
1,28,14.687016705294512
1,29,13.763902421678024
1,30,17.268929813313317
1,31,20.525355970093887
1,32,23.738369358990045
1,33,27.015861258666792
1,34,28.9046999430988
1,35,32.267831317891805
1,36,32.916738030215626
1,37,36.05641669839202
1,38,36.076154701570346
1,39,38.504620470313654
1,40,40.14698157916427
1,41,41.541999984347825
1,42,44.21827487029758
1,43,44.513588980295836
1,44,45.9562639148989
1,45,43.818825644717734
1,46,44.10003339764914
1,47,40.69906022867799
1,48,40.67028619593409
1,49,39.57413222592473
1,50,35.916983404040224
1,51,35.98791252847947
1,52,37.67634592699894
1,53,35.34301152468399
1,54,32.38390468894509
1,55,34.114111869600414
1,56,35.060608018910905
1,57,31.5528227401497
1,58,29.387891442073624
1,59,27.688178966999455
1,60,26.831516495299248
1,61,29.831281599197975
1,62,29.886565617084162
1,63,33.15069453861026
1,64,33.121331945169175
2,1,3.8130221360087093
2,3,3.8186972304944056
2,4,6.718961300204395
2,5,9.996394144446741
2,6,13.371328917147492
2,7,15.861043030694857
2,8,19.578010014789285
2,9,21.55968056857722
2,10,24.88802068636264
2,11,25.058485679107893
2,12,26.253875523526336
2,13,23.154045556707448
2,14,20.537897860889263
2,15,21.038956962525297
2,16,20.670794384559944
2,17,17.359972177312912
2,18,16.381737749897162
2,19,17.898388622336096
2,20,16.139792564574574
2,21,12.708620532297415
2,22,13.72522480126283
2,23,14.863863551440573
2,24,11.536436198623472
2,25,9.695266513310617
2,26,8.479984662449699
2,27,9.224872113134037
2,28,11.446070079795238
2,29,10.949452789732685
2,30,14.356158075906547
2,31,17.330303779028192
2,32,20.568219293967488
2,33,23.69068016312748
2,34,25.591945019837937
2,35,28.878703758007
2,36,29.53294029758826
2,37,32.66675170758449
2,38,32.60504953211846
2,39,35.13014379044188
2,40,36.75332980225859
2,41,38.31586778464577
2,42,41.06251674701157
2,43,41.55903519347402
2,44,43.140800621926125
2,45,41.150957512323586
2,46,41.59424980176758
2,47,38.105349842130515
2,48,38.38510708126008
2,49,37.051116019189834
2,50,33.42454326675654
2,51,33.81014211060866
2,52,35.42650663929764
2,53,32.8560543122915
2,54,30.12743777612125
2,55,32.10185588400061
2,56,32.79835986213569
2,57,29.186597515008245
2,58,27.353054517408363
2,59,25.472339823908527
2,60,24.248715440840137
2,61,27.036013025884298
2,62,26.957564732787354
2,63,30.15586383124669
2,64,29.942770000551715
3,1,6.707393538392198
3,2,3.8186972304944056
3,4,3.813366067980504
3,5,6.858513824942059
3,6,10.504325319256575
3,7,13.304485855968455
3,8,17.070669241469332
3,9,19.480539895928164
3,10,23.013207745877004
3,11,23.678398352074
3,12,25.09990856152058
3,13,21.938382687282836
3,14,19.572971982203963
3,15,20.728225557801295
3,16,20.223879717591384
3,17,16.625627123066543
3,18,16.39169672262463
3,19,18.31091889579078
3,20,16.21858578467822
3,21,12.985270330446703
3,22,14.966213096399962
3,23,16.041832768883502
3,24,12.656227279573388
3,25,11.750070695580352
3,26,9.698446073157713
3,27,10.323503870800195
3,28,11.539045879846432
3,29,10.822127355107162
3,30,13.546278531671842
3,31,16.214362581562145
3,32,19.037179838424144
3,33,21.89166593103015
3,34,23.331055823979728
3,35,26.451406375823826
3,36,26.739613741848906
3,37,29.71278037123816
3,38,29.544390020264867
3,39,31.879193438036786
3,40,33.45693926751078
3,41,34.84628140545441
3,42,37.53301863207171
3,43,37.907996137483
3,44,39.449696319756505
3,45,37.44450285257379
3,46,37.80369823270628
3,47,34.33692840336388
3,48,34.56824850087321
3,49,33.26521870221211
3,50,29.626856551741227
3,51,30.001572172254267
3,52,31.664121069103075
3,53,29.12445589439167
3,54,26.373579682749448
3,55,28.42617743464465
3,56,29.19907976651761
3,57,25.62496735772146
3,58,23.775139431242827
3,59,21.751901247614118
3,60,20.62049739437987
3,61,23.39893725650242
3,62,23.290854248920777
3,63,26.51816384848821
3,64,26.457411819127433
4,1,9.900698594028029
4,2,6.718961300204395
4,3,3.813366067980504
4,5,3.801094195213748
4,6,7.008667014702039
4,7,10.131652027780872
4,8,13.800238233212639
4,9,16.444459540395332
4,10,19.92489768656926
4,11,20.624257483398623
4,12,22.41818146819434
4,13,19.496182662440663
4,14,17.0092966858682
4,15,18.645682687517578
4,16,18.539335631594795
4,17,14.817941609981382
4,18,14.770196753543358
4,19,17.32239554200898
4,20,15.589762108754105
4,21,12.344095247601787
4,22,14.841623386267674
4,23,16.494702413565022
4,24,13.61854394180633
4,25,12.862655100465126
4,26,9.84611075115817
4,27,9.479552731438838
4,28,9.405332059782438
4,29,8.362569101949898
4,30,10.374523731790145
4,31,12.816969813002792
4,32,15.397095069702518
4,33,18.19526256364249
4,34,19.554623809775222
4,35,22.715718189774698
4,36,23.0977772535244
4,37,26.17148288729589
4,38,26.22132371733643
4,39,28.690822265833436
4,40,30.50700974562503
4,41,32.01013036182414
4,42,34.89286908936793
4,43,35.44042395953051
4,44,37.258929061190635
4,45,35.536625762127194
4,46,35.71518086002407
4,47,32.27268874339485
4,48,32.527748864463504
4,49,30.909574058669314
4,50,27.39627484766877
4,51,27.933073017185958
4,52,29.269169847334204
4,53,26.510781896687117
4,54,23.98525019837939
4,55,26.030650057997224
4,56,26.420751324941026
4,57,22.73463966330422
4,58,21.21706149719227
4,59,19.35090526219148
4,60,17.75824003526665
4,61,20.51250866667722
4,62,20.677769603610173
4,63,24.024970514608984
4,64,24.097510178417192
5,1,13.398547203036905
5,2,9.996394144446741
5,3,6.858513824942059
5,4,3.801094195213748
5,6,3.7979577148491246
5,7,6.737113816031194
5,8,10.426756795181769
5,9,13.25918015942023
5,10,16.887821691897233
5,11,18.087523134065876
5,12,19.875845525361648
5,13,16.894829525277974
5,14,14.858540665481927
5,15,17.038193013175466
5,16,16.683110494650993
5,17,12.912887254571215
5,18,13.749792900766916
5,19,16.44054693786203
5,20,14.509253349462776
5,21,11.859572765316775
5,22,15.056011685867043
5,23,16.5135506462693
5,24,13.980834929631609
5,25,14.123011291613407
5,26,10.852404148487574
5,27,10.727727630585596
5,28,9.892981805054202
5,29,9.622171668948182
5,30,10.503367278398757
5,31,11.876262624400802
5,32,13.949644244081028
5,33,16.138880226120122
5,34,17.108537649601168
5,35,19.95371711147357
5,36,20.020595766968718
5,37,22.92415459725408
5,38,22.708920413034754
5,39,25.14470057496427
5,40,26.836017331057917
5,41,28.421236962560684
5,42,31.301338132614884
5,43,31.986446385363458
5,44,33.873787763198834
5,45,32.260279339441446
5,46,32.64711260796643
5,47,29.124435482844675
5,48,29.746883792850408
5,49,27.940764878330324
5,50,24.466417854520607
5,51,25.377167551950745
5,52,26.717321838708973
5,53,23.752741569825577
5,54,21.526149624432197
5,55,23.922098660640593
5,56,24.11979821611844
5,57,20.419311227320314
5,58,19.333766345748582
5,59,17.119828029082587
5,60,15.17263302041899
5,61,17.51363272659457
5,62,17.367933261578383
5,63,20.578836763333022
5,64,20.454274918122845
6,1,16.828323849854545
6,2,13.371328917147492
6,3,10.504325319256575
6,4,7.008667014702039
6,5,3.7979577148491246
6,7,3.763273281855877
6,8,7.050750954291489
6,9,10.24646030275768
6,10,13.753317342421894
6,11,15.112525347702451
6,12,17.314604836883834
6,13,14.723760758687312
6,14,12.764539591665015
6,15,15.552154342223064
6,16,15.621525889394526
6,17,12.021400203864921
6,18,13.20981441937837
6,19,16.345626523350486
6,20,14.923365384951946
6,21,12.682520892141145
6,22,16.071422422360417
6,23,17.8775593597686
6,24,15.999392245211736
6,25,16.285926932434176
6,26,12.7019656256774
6,27,11.912807979820755
6,28,9.910019275317836
6,29,9.738042696522637
6,30,9.189142769716035
6,31,9.493561485220408
6,32,10.867378232704153
6,33,12.624597529550309
6,34,13.373107205100332
6,35,16.158405441562543
6,36,16.30190154146324
6,37,19.31440884460935
6,38,19.302155364859864
6,39,21.947105229282347
6,40,23.893348236085508
6,41,25.684829370757626
6,42,28.789129669218738
6,43,29.747062325466867
6,44,31.960365753867304
6,45,30.719773243428886
6,46,30.99122553699141
6,47,27.516323150942117
6,48,28.290885569821036
6,49,26.09005325872474
6,50,22.84706860620833
6,51,24.056812159389622
6,52,24.98966207834019
6,53,21.746925909924688
6,54,19.970301075655428
6,55,22.400258701100345
6,56,22.05683722129653
6,57,18.297126454250172
6,58,17.83943815755737
6,59,15.814774496506008
6,60,13.187021750316168
6,61,15.197145180274532
6,62,15.291644592178386
6,63,18.493368449551262
6,64,18.41907513886186
7,1,19.536773789468484
7,2,15.861043030694857
7,3,13.304485855968455
7,4,10.131652027780872
7,5,6.737113816031194
7,6,3.763273281855877
7,8,3.782712884087996
7,9,6.617868403370054
7,10,10.267383802603918
7,11,11.96363935464085
7,12,13.913380779359743
7,13,11.265218793032714
7,14,9.837330614252354
7,15,12.977671482794081
7,16,12.835552746159415
7,17,9.521746977221783
7,18,11.489995420766828
7,19,14.514877360644263
7,20,13.222859899304767
7,21,11.816058821749394
7,22,15.410024242951472
7,23,17.04542232266144
7,24,15.820467348787925
7,25,16.70335745123075
7,26,13.230937298068365
7,27,12.71302253338329
7,28,10.550502149094763
7,29,11.491470552484568
7,30,10.456733366660522
7,31,9.460108464105168
7,32,10.465985787858004
7,33,11.324053696078273
7,34,12.080057063515987
7,35,14.415777707072724
7,36,14.576485982631112
7,37,17.465652503673876
7,38,17.105456276637653
7,39,19.98493620174442
7,40,21.744955807570637
7,41,23.94838643239532
7,42,27.094970983369034
7,43,28.46258087974724
7,44,30.818624311237496
7,45,29.80654587457199
7,46,30.526375737444457
7,47,26.966034206732854
7,48,28.37932387985892
7,49,25.902167553972237
7,50,22.84292328168972
7,51,24.60896106027466
7,52,25.475220093543086
7,53,21.99076037044812
7,54,20.788893776085153
7,55,23.541062638933663
7,56,22.84547290762175
7,57,19.200799967576884
7,58,19.40881817108131
7,59,17.182411335328286
7,60,14.159416019397728
7,61,15.28038337112446
7,62,14.84097105222505
7,63,17.537350623476428
7,64,16.83298534321743
8,1,23.260219252075036
8,2,19.578010014789285
8,3,17.070669241469332
8,4,13.800238233212639
8,5,10.426756795181769
8,6,7.050750954291489
8,7,3.782712884087996
8,9,3.8063112027050168
8,10,7.13430201433944
8,11,9.47245063057776
8,12,11.73295918588445
8,13,9.762971113564639
8,14,9.07596796404866
8,15,12.746836768912996
8,16,12.893056335575901
8,17,10.353555218803988
8,18,12.699403238765733
8,19,15.687725020756702
8,20,14.89010403083345
8,21,14.16978293238172
8,22,17.641596798078382
8,23,19.307327927297898
8,24,18.644875808707383
8,25,19.710039111842153
8,26,16.292765686817635
8,27,15.55271506277308
8,28,12.958248616603937
8,29,14.015158929772515
8,30,12.129366585206855
8,31,9.984736762184404
8,32,9.784107765845697
8,33,9.329076816520349
8,34,9.525941334674771
8,35,11.248109171831222
8,36,11.359148797170354
8,37,14.168360497620197
8,38,13.798418436528088
8,39,16.939982833500515
8,40,18.82869760377553
8,41,21.35706338840515
8,42,24.66786446112225
8,43,26.408550721298766
8,44,29.05826897177022
8,45,28.46823097239294
8,46,29.230480075032027
8,47,25.7631805619902
8,48,27.49874685872934
8,49,24.663348555674858
8,50,21.96953258034061
8,51,24.12413730101309
8,52,24.621486605450368
8,53,20.94319483485881
8,54,20.390778423805084
8,55,23.18753917346077
8,56,21.971631512326287
8,57,18.510219072913728
8,58,19.45934598187458
8,59,17.413241641812444
8,60,13.983831201629572
8,61,14.298495162460986
8,62,13.852975399618105
8,63,16.122814766413967
8,64,15.247981139517702
9,1,25.339985601763882
9,2,21.55968056857722
9,3,19.480539895928164
9,4,16.444459540395332
9,5,13.25918015942023
9,6,10.24646030275768
9,7,6.617868403370054
9,8,3.8063112027050168
9,10,3.7713249471622228
9,11,6.344710289922459
9,12,8.06066803393573
9,13,6.257068082171761
9,14,6.48289776773563
9,15,10.191374608183592
9,16,10.31830784895614
9,17,8.726944988022373
9,18,11.38187177300507
9,19,13.980342830443718
9,20,13.68046789370009
9,21,13.787190132069375
9,22,16.98236028199325
9,23,18.53907287986305
9,24,18.62306383433984
9,25,19.95914330134824
9,26,16.829648215995416
9,27,16.23450868734574
9,28,13.76687654240547
9,29,15.60120972597307
9,30,13.73602197383592
9,31,11.014938026267755
9,32,10.865234343846618
9,33,9.770561417667553
9,34,10.483600521755452
9,35,11.62708494050623
9,36,12.212062263666164
9,37,14.766563121615965
9,38,14.15946518994742
9,39,17.53469362631312
9,40,19.156486602772993
9,41,22.155275103016688
9,42,25.42422165801416
9,43,27.601851354749
9,44,30.339182576966017
9,45,29.982668981202487
9,46,31.172989963083374
9,47,27.710597203598276
9,48,29.9461912379364
9,49,26.963615289332104
9,50,24.500369883561067
9,51,26.985922843426444
9,52,27.419884749567895
9,53,23.677826766712037
9,54,23.518825976881313
9,55,26.406355123975427
9,56,24.972277567018534
9,57,21.680174464124875
9,58,22.946094239181644
9,59,20.8936709853462
9,60,17.419615186229393
9,61,17.243749523300195
9,62,16.46227547723301
9,63,18.121799283668267
9,64,16.623385955662602
10,1,28.661983264192198
10,2,24.88802068636264
10,3,23.013207745877004
10,4,19.92489768656926
10,5,16.887821691897233
10,6,13.753317342421894
10,7,10.267383802603918
10,8,7.13430201433944
10,9,3.7713249471622228
10,11,3.7875947292246304
10,12,5.608558767421879
10,13,5.748977389982435
10,14,6.9052170101636285
10,15,10.252563373650574
10,16,10.955193705757921
10,17,10.584587318950446
10,18,12.90012321037596
10,19,15.217519714944912
10,20,15.63888302172964
10,21,16.19748531166143
10,22,18.966268754308302
10,23,20.617810393646636
10,24,21.264158948689666
10,25,22.55541677318275
10,26,19.56299330442815
10,27,18.730759161660448
10,28,16.086985750044473
10,29,18.026400037192136
10,30,15.77691631439707
10,31,12.498906729254085
10,32,11.694121100510015
10,33,9.634205978451094
10,34,10.323170280171887
10,35,10.650341542817179
10,36,11.747170902045953
10,37,14.032510794755474
10,38,13.619746856078521
10,39,17.20039503323978
10,40,18.869943982065564
10,41,22.226474693291
10,42,25.555721049098356
10,43,28.139169026684787
10,44,31.112233929240933
10,45,31.18368019235024
10,46,32.4238754746818
10,47,29.12993320717453
10,48,31.590622665324357
10,49,28.365483309791852
10,50,26.29302930435838
10,51,28.989277036982354
10,52,29.081972877756353
10,53,25.291383434997474
10,54,25.61691824171356
10,55,28.392266799635753
10,56,26.550361092608366
10,57,23.48149443560902
10,58,25.20379748934136
10,59,23.422280941352653
10,60,19.8027266764721
10,61,19.19301891693154
10,62,18.53313343391267
10,63,19.745779733724266
10,64,18.122353384247187
11,1,28.762209172436236
11,2,25.058485679107893
11,3,23.678398352074
11,4,20.624257483398623
11,5,18.087523134065876
11,6,15.112525347702451
11,7,11.96363935464085
11,8,9.47245063057776
11,9,6.344710289922459
11,10,3.7875947292246304
11,12,3.8249755878144285
11,13,5.5053029825651745
11,14,5.517571723693813
11,15,8.171769783459505
11,16,10.050294320001592
11,17,10.307551766575152
11,18,11.618928523900955
11,19,13.972229860315835
11,20,15.302078905564573
11,21,15.754279661895763
11,22,17.927364135538454
11,23,20.008097119794627
11,24,21.105214522002868
11,25,21.96876991032371
11,26,19.073081734491307
11,27,17.816464152610237
11,28,15.071608783271284
11,29,17.2077486183191
11,30,14.9043438866907
11,31,11.43506610583642
11,32,10.893659427773544
11,33,9.142541414919366
11,34,10.98804738845065
11,35,11.830303349181941
11,36,13.902641580902289
11,37,16.50383256387955
11,38,16.679328357076532
11,39,20.381204110870733
11,40,22.26725317236287
11,41,25.671834393375782
11,42,29.072024925074363
11,43,31.715818922089593
11,44,34.77414287147041
11,45,34.913771458097074
11,46,36.01533023051826
11,47,32.765612908837085
11,48,35.04723320267377
11,49,31.783674588036224
11,50,29.718032329596955
11,51,32.26218597977308
11,52,32.20985479624258
11,53,28.414384626416062
11,54,28.625815113087583
11,55,31.192270692076363
11,56,29.23846284517655
11,57,26.07006614417265
11,58,27.689803273734864
11,59,26.166834756518476
11,60,22.47837679598133
11,61,22.228467500707833
11,62,21.908610368368453
11,63,23.340921520525065
11,64,21.865340361566908
12,1,29.98401958844117
12,2,26.253875523526336
12,3,25.09990856152058
12,4,22.41818146819434
12,5,19.875845525361648
12,6,17.314604836883834
12,7,13.913380779359743
12,8,11.73295918588445
12,9,8.06066803393573
12,10,5.608558767421879
12,11,3.8249755878144285
12,13,3.8267175914431797
12,14,5.789607639431371
12,15,7.114983509514858
12,16,8.216069647788235
12,17,9.76408010988457
12,18,11.359875789079465
12,19,12.711921951696596
12,20,14.170500252145555
12,21,15.513927781510263
12,22,17.38317759686288
12,23,18.952250998604637
12,24,20.579171839575686
12,25,21.872276689418783
12,26,19.472753935618442
12,27,18.790643253077473
12,28,16.6564253646795
12,29,19.36439185689934
12,30,17.605605238157835
12,31,14.43634630370547
12,32,14.459501827438713
12,33,12.956489813599916
12,34,14.701181337858047
12,35,15.203196022899311
12,36,16.902451867744038
12,37,19.063879547870407
12,38,18.65885083997887
12,39,22.171801377274807
12,40,23.524354813059162
12,41,27.071270547651046
12,42,30.227218196497788
12,43,33.02232257829915
12,44,35.915641642589534
12,45,35.997605274186874
12,46,37.60494707529625
12,47,34.27207240660416
12,48,36.981658534740355
12,49,33.79223005051232
12,50,31.707920913712677
12,51,34.46515049797174
12,52,34.65834940322586
12,53,30.87299084020092
12,54,31.146505670383327
12,55,33.951410169623955
12,56,32.139928727549645
12,57,29.024968861431628
12,58,30.620428422744013
12,59,28.78851507702965
12,60,25.207172742019225
12,61,24.744352544560353
12,62,23.926031400660428
12,63,24.998397026077164
12,64,23.000378584275996
13,1,26.91766907652042
13,2,23.154045556707448
13,3,21.938382687282836
13,4,19.496182662440663
13,5,16.894829525277974
13,6,14.723760758687312
13,7,11.265218793032714
13,8,9.762971113564639
13,9,6.257068082171761
13,10,5.748977389982435
13,11,5.5053029825651745
13,12,3.8267175914431797
13,14,3.7973717287883053
13,15,5.690559666499936
13,16,5.436251248332354
13,17,6.3631669128772685
13,18,8.805068494174552
13,19,10.145220260568665
13,20,10.86610613760127
13,21,12.303577732434238
13,22,14.591460483532709
13,23,15.864232821014674
13,24,17.201934829639477
13,25,18.795914163437796
13,26,16.437229486033054
13,27,16.249342102857522
13,28,14.514608566527388
13,29,17.445075144202384
13,30,16.221412363851414
13,31,13.553176601145715
13,32,14.270095790520216
13,33,13.45156003250413
13,34,15.189031685480677
13,35,16.171216494004675
13,36,17.397066275175547
13,37,19.69198490775942
13,38,18.921513210185125
13,39,22.294282775887066
13,40,23.456965795132767
13,41,26.791886028828237
13,42,29.841310201311863
13,43,32.35004349056058
13,44,34.989369616459236
13,45,34.67618156128241
13,46,36.42765932354145
13,47,32.919361927619306
13,48,35.59961141028548
13,49,32.64402877229965
13,50,30.236322304228235
13,51,32.896820078434246
13,52,33.46411775706437
13,53,29.729570717076793
13,54,29.643139704274944
13,55,32.61956233261841
13,56,31.19594617843146
13,57,27.934559286213126
13,58,29.158963975217553
13,59,27.007151865327486
13,60,23.614365755287093
13,61,23.391909283926573
13,62,22.29101517414562
13,63,23.54890508325175
13,64,21.44156045677634
14,1,24.240898291357208
14,2,20.537897860889263
14,3,19.572971982203963
14,4,17.0092966858682
14,5,14.858540665481927
14,6,12.764539591665015
14,7,9.837330614252354
14,8,9.07596796404866
14,9,6.48289776773563
14,10,6.9052170101636285
14,11,5.517571723693813
14,12,5.789607639431371
14,13,3.7973717287883053
14,15,3.803803013756534
14,16,5.4154124330829125
14,17,5.00423010064271
14,18,6.197166093529418
14,19,8.69800949789021
14,20,9.931865747355692
14,21,10.290032519846882
14,22,12.460970871083985
14,23,14.525482109627912
14,24,15.644202043662428
14,25,16.551437022319263
14,26,13.860904738571485
14,27,13.05632243019628
14,28,11.002862145985715
14,29,13.922392486148414
14,30,12.725222645943184
14,31,10.204912347707848
14,32,11.508843404852925
14,33,11.523781452481442
14,34,13.978423083381736
14,35,15.786994207824259
14,36,17.50009193960312
14,37,20.348272354888934
14,38,20.150517364144655
14,39,23.683412780233922
14,40,25.299136160117857
14,41,28.46708606026303
14,42,31.708098024287338
14,43,34.00344537823365
14,44,36.705958502843764
14,45,36.2833305473267
14,46,37.61067526568726
14,47,34.10292566507287
14,48,36.29736504542886
14,49,33.38187416306041
14,50,30.81075297720587
14,51,33.1351205826566
14,52,33.617532609057236
14,53,29.897328512951127
14,54,29.46499058988569
14,55,32.20074690164365
14,56,30.819311204177126
14,57,27.353225871619482
14,58,28.284502203792133
14,59,26.375818205385993
14,60,22.961582798440467
14,61,23.32067190221444
14,62,22.704784502759388
14,63,24.517321858574746
14,64,22.88837043418107
15,1,24.58040632861748
15,2,21.038956962525297
15,3,20.728225557801295
15,4,18.645682687517578
15,5,17.038193013175466
15,6,15.552154342223064
15,7,12.977671482794081
15,8,12.746836768912996
15,9,10.191374608183592
15,10,10.252563373650574
15,11,8.171769783459505
15,12,7.114983509514858
15,13,5.690559666499936
15,14,3.803803013756534
15,16,3.802926042006811
15,17,5.322252655772651
15,18,4.852160743069765
15,19,6.172093651961753
15,20,8.652632816820564
15,21,9.550217755093827
15,22,10.630135422338753
15,23,12.698290869903113
15,24,14.63607762702312
15,25,15.415808753694613
15,26,13.385474673885895
15,27,12.800550759915476
15,28,11.511483102901805
15,29,14.919711164801054
15,30,14.364617165858832
15,31,12.328514322121878
15,32,14.179465746804729
15,33,14.57283120427755
15,34,17.381811103624898
15,35,19.236871145886283
15,36,21.160679532802778
15,37,23.978853994891555
15,38,23.76025164196132
15,39,27.287282319475914
15,40,28.765473155890106
15,41,32.00911117077631
15,42,35.17152343649704
15,43,37.529622452125096
15,44,40.1612015556718
15,45,39.6772836520237
15,46,41.19389093327549
15,47,37.64136769192822
15,48,39.92983310502061
15,49,37.07130592766591
15,50,34.444752800455205
15,51,36.76101630946287
15,52,37.342398161297524
15,53,33.638655750292145
15,54,33.11609481341031
15,55,35.86245883110696
15,56,34.555729390790276
15,57,31.049872079861835
15,58,31.844131331482167
15,59,29.89967597050112
15,60,26.563488285593284
15,61,27.0366952725119
15,62,26.33352053531187
15,63,28.104034142828844
15,64,26.302460276808702
16,1,24.25752129770332
16,2,20.670794384559944
16,3,20.223879717591384
16,4,18.539335631594795
16,5,16.683110494650993
16,6,15.621525889394526
16,7,12.835552746159415
16,8,12.893056335575901
16,9,10.31830784895614
16,10,10.955193705757921
16,11,10.050294320001592
16,12,8.216069647788235
16,13,5.436251248332354
16,14,5.4154124330829125
16,15,3.802926042006811
16,17,3.774879610155564
16,18,5.249990201973685
16,19,4.965332473485606
16,20,6.1861332908501705
16,21,8.375137077175387
16,22,9.877165181450987
16,23,10.848297643923168
16,24,12.848983923206783
16,25,14.522824605821862
16,26,12.930545962157057
16,27,13.42131786903266
16,28,12.87446830687067
16,29,16.451742142753844
16,30,16.37895431617513
16,31,14.682701270218855
16,32,16.62122052719581
16,33,16.921090765178615
16,34,19.264153725424606
16,35,20.881386198039205
16,36,22.22315607397966
16,37,24.745955161379438
16,38,23.95498623422552
16,39,27.234244720856015
16,40,28.261927112802596
16,41,31.429707838170486
16,42,34.341000813383985
16,43,36.617556550937636
16,44,38.98435328898875
16,45,38.27543388450591
16,46,40.19446489579175
16,47,36.53956318544482
16,48,39.1158330847486
16,49,36.43989525202581
16,50,33.698615729648076
16,51,36.1340354959843
16,52,37.06001396730907
16,53,33.420118833339984
16,54,32.84487016084943
16,55,35.85404562682682
16,56,34.826058737507985
16,57,31.368520650675563
16,58,32.051666295683205
16,59,29.72060213816622
16,60,26.58999056101815
16,61,26.892206333301118
16,62,25.68522486993469
16,63,27.21447625604563
16,64,25.052092780585717
17,1,21.05039886260544
17,2,17.359972177312912
17,3,16.625627123066543
17,4,14.817941609981382
17,5,12.912887254571215
17,6,12.021400203864921
17,7,9.521746977221783
17,8,10.353555218803988
17,9,8.726944988022373
17,10,10.584587318950446
17,11,10.307551766575152
17,12,9.76408010988457
17,13,6.3631669128772685
17,14,5.00423010064271
17,15,5.322252655772651
17,16,3.774879610155564
17,18,3.8070467094420217
17,19,5.470945196581354
17,20,5.192845549577302
17,21,5.963968330830236
17,22,8.671561746247887
17,23,10.039972043802589
17,24,10.95521717805437
17,25,12.482708354150672
17,26,10.228423761976153
17,27,10.696790706730747
17,28,10.025837447374666
17,29,13.440162275027227
17,30,13.563060355329187
17,31,12.29067786384903
17,32,14.53724578857783
17,33,15.33351380452931
17,34,17.58107080737566
17,35,19.604212483844623
17,36,20.74313873813948
17,37,23.479550005691994
17,38,22.785880775100242
17,39,26.007438801109757
17,40,27.21629682130165
17,41,30.124371373029163
17,42,33.094676101260106
17,43,35.073840831374895
17,44,37.375037146904
17,45,36.460697823716444
17,46,38.106285919413025
17,47,34.42020856415126
17,48,36.65964235456448
17,49,34.115818586476685
17,50,31.187743816247792
17,51,33.383257104816835
17,52,34.40162730126194
17,53,30.830907418323932
17,54,29.952554637017084
17,55,32.89693575068784
17,56,32.07292493269592
17,57,28.516980260843855
17,58,28.915249821208555
17,59,26.56890982018366
17,60,23.562175943638138
17,61,24.206542046013947
17,62,23.14126137698661
17,63,25.031072996321967
17,64,23.185863062577774
18,1,19.865338736573435
18,2,16.381737749897162
18,3,16.39169672262463
18,4,14.770196753543358
18,5,13.749792900766916
18,6,13.20981441937837
18,7,11.489995420766828
18,8,12.699403238765733
18,9,11.38187177300507
18,10,12.90012321037596
18,11,11.618928523900955
18,12,11.359875789079465
18,13,8.805068494174552
18,14,6.197166093529418
18,15,4.852160743069765
18,16,5.249990201973685
18,17,3.8070467094420217
18,19,3.8028072742235692
18,20,5.495322050074645
18,21,4.93914212893018
18,22,6.318022185268301
18,23,8.888358625210595
18,24,10.217983579056904
18,25,10.693202812765136
18,26,8.537957325042186
18,27,8.329884874604854
18,28,7.951746346904912
18,29,11.694719438013736
18,30,12.265555637811461
18,31,11.474040417635827
18,32,14.325628565338365
18,33,15.777903913649535
18,34,18.628108700629056
18,35,21.080984481389695
18,36,22.731383110859323
18,37,25.773079893665763
18,38,25.519596443514377
18,39,28.899317849852416
18,40,30.395275632270366
18,41,33.3087388035512
18,42,36.41215473365492
18,43,38.36684975711267
18,44,40.756223847857896
18,45,39.85456346305859
18,46,41.251664007943454
18,47,37.598813087145984
18,48,39.54658205782594
18,49,36.99440158515172
18,50,34.027310358738
18,51,36.00076357782909
18,52,36.89415969672524
18,53,33.33791535815228
18,54,32.276516488043136
18,55,34.98530415146561
18,56,34.12501975623959
18,57,30.458562891325766
18,58,30.67295823169226
18,59,28.602351124595423
18,60,25.58874371237904
18,61,26.62345770347773
18,62,25.946078771280632
18,63,28.12226869929885
18,64,26.545235172130045
19,1,21.172284405601864
19,2,17.898388622336096
19,3,18.31091889579078
19,4,17.32239554200898
19,5,16.44054693786203
19,6,16.345626523350486
19,7,14.514877360644263
19,8,15.687725020756702
19,9,13.980342830443718
19,10,15.217519714944912
19,11,13.972229860315835
19,12,12.711921951696596
19,13,10.145220260568665
19,14,8.69800949789021
19,15,6.172093651961753
19,16,4.965332473485606
19,17,5.470945196581354
19,18,3.8028072742235692
19,20,3.8209127113420576
19,21,5.402460939551982
19,22,5.273617875587058
19,23,6.653519416835256
19,24,9.22505462388945
19,25,10.344667757362986
19,26,9.525949284019909
19,27,10.424858774436045
19,28,11.126778048407706
19,29,14.927635641694327
19,30,15.91265516242894
19,31,15.261443210090905
19,32,18.069387056374644
19,33,19.3169605089214
19,34,22.088109697283684
19,35,24.288789698426353
19,36,25.812657932557357
19,37,28.640568799748614
19,38,28.064546374603704
19,39,31.34764657778963
19,40,32.50704866288885
19,41,35.491643417823376
19,42,38.411464836830184
19,43,40.43482373071262
19,44,42.66380234585738
19,45,41.666142442117646
19,46,43.45023586633722
19,47,39.73222658722848
19,48,41.97727628175176
19,49,39.515587293905526
19,50,36.517844400582405
19,51,38.62253883511898
19,52,39.723870478840794
19,53,36.18976595981631
19,54,35.1559154405264
19,55,38.03297608703197
19,56,37.29467720589926
19,57,33.67157083216377
19,58,33.86149564878719
19,59,31.568307108890988
19,60,28.668108189790814
19,61,29.538070050000975
19,62,28.50793730379184
19,63,30.42364744800524
19,64,28.49160041328776
20,1,19.487891772999713
20,2,16.139792564574574
20,3,16.21858578467822
20,4,15.589762108754105
20,5,14.509253349462776
20,6,14.923365384951946
20,7,13.222859899304767
20,8,14.89010403083345
20,9,13.68046789370009
20,10,15.63888302172964
20,11,15.302078905564573
20,12,14.170500252145555
20,13,10.86610613760127
20,14,9.931865747355692
20,15,8.652632816820564
20,16,6.1861332908501705
20,17,5.192845549577302
20,18,5.495322050074645
20,19,3.8209127113420576
20,21,3.8046712280358266
20,22,5.358212707261734
20,23,5.139741667288972
20,24,6.7672514000633575
20,25,9.06835032754755
20,26,8.36065072665618
20,27,10.392834918772893
20,28,11.559007007964079
20,29,15.154384809051528
20,30,16.459827485267198
20,31,16.14336417379064
20,32,18.958146406025556
20,33,20.233068451417545
20,34,22.578177881352055
20,35,24.729090121844884
20,36,25.733383368954563
20,37,28.40034487711816
20,38,27.471210056843432
20,39,30.49573250885324
20,40,31.397994059545624
20,41,34.15564559919211
20,42,36.88243638366137
20,43,38.66980012580274
20,44,40.63996161879964
20,45,39.36908070093417
20,46,41.31053011159007
20,47,37.53171783787724
20,48,39.81105540152727
20,49,37.58322334458226
20,50,34.43652888439549
20,51,36.493016085777235
20,52,37.90131634038015
20,53,34.49048966273902
20,54,33.28384575089943
20,55,36.306962915122206
20,56,35.891458610743676
20,57,32.30743225684284
20,58,32.279670333666985
20,59,29.69978016732287
20,60,27.07422300993916
20,61,27.953273663027502
20,62,26.61739446515327
20,63,28.487360348153185
20,64,26.47389635516641
21,1,16.117351428390183
21,2,12.708620532297415
21,3,12.985270330446703
21,4,12.344095247601787
21,5,11.859572765316775
21,6,12.682520892141145
21,7,11.816058821749394
21,8,14.16978293238172
21,9,13.787190132069375
21,10,16.19748531166143
21,11,15.754279661895763
21,12,15.513927781510263
21,13,12.303577732434238
21,14,10.290032519846882
21,15,9.550217755093827
21,16,8.375137077175387
21,17,5.963968330830236
21,18,4.93914212893018
21,19,5.402460939551982
21,20,3.8046712280358266
21,22,3.8121684124501907
21,23,5.494880908456566
21,24,5.4869862184839935
21,25,6.523988667579477
21,26,4.751711534602246
21,27,6.684861530855173
21,28,8.237013960842857
21,29,11.683841318272764
21,30,13.472867867208006
21,31,13.845580418956906
21,32,17.05504306146025
21,33,18.952341574305343
21,34,21.453179004850938
21,35,24.05866286604977
21,36,25.1944426763684
21,37,28.156526134694936
21,38,27.594706221901024
21,39,30.671240999783958
21,40,31.92044239621454
21,41,34.49713100103033
21,42,37.37475235215795
21,43,38.94618947572125
21,44,40.969591250423505
21,45,39.619766354334374
21,46,41.12562908200878
21,47,37.382900529838565
21,48,39.188782441137576
21,49,37.024848747084896
21,50,33.76422557939662
21,51,35.49206962382752
21,52,36.82838921509487
21,53,33.48594298523487
21,54,31.977385398601832
21,55,34.764605884851385
21,56,34.44188548764918
21,57,30.74828864709548
21,58,30.42436061374008
21,59,28.05788973581777
21,60,25.519936792845474
21,61,26.876688457605926
21,62,25.94980654144091
21,63,28.259143655904378
21,64,26.710969165434467
22,1,16.61691083104162
22,2,13.72522480126283
22,3,14.966213096399962
22,4,14.841623386267674
22,5,15.056011685867043
22,6,16.071422422360417
22,7,15.410024242951472
22,8,17.641596798078382
22,9,16.98236028199325
22,10,18.966268754308302
22,11,17.927364135538454
22,12,17.38317759686288
22,13,14.591460483532709
22,14,12.460970871083985
22,15,10.630135422338753
22,16,9.877165181450987
22,17,8.671561746247887
22,18,6.318022185268301
22,19,5.273617875587058
22,20,5.358212707261734
22,21,3.8121684124501907
22,23,3.814218275308508
22,24,5.404441437046047
22,25,5.242889510961446
22,26,5.37735287741531
22,27,7.177617147501545
22,28,9.589528767949666
22,29,13.038581943419372
22,30,15.222181288607375
22,31,15.853865545442611
22,32,19.279680571492882
22,33,21.37453197945611
22,34,24.22328047202565
22,35,26.928055021393586
22,36,28.377358010291545
22,37,31.432765584738902
22,38,31.009912878114058
22,39,34.19048803166174
22,40,35.48107196543203
22,41,38.15363472461015
22,42,41.05665760832687
22,43,42.699818093906316
22,44,44.742292043506914
22,45,43.402171481203396
22,46,44.93761623493371
22,47,41.19408359011571
22,48,42.98109374053401
22,49,40.81595826949197
22,50,37.55417570528168
22,51,39.2320715343435
22,52,40.540214590511084
22,53,37.19916890601767
22,54,35.64601460255799
22,55,38.345408738489695
22,56,38.00058471422835
22,57,34.272278387619785
22,58,33.881553035047155
22,59,31.63256150683701
22,60,29.10261537396356
22,61,30.565719055130742
22,62,29.732307470510875
22,63,32.05799493032293
22,64,30.480663679073263
23,1,17.552350982813262
23,2,14.863863551440573
23,3,16.041832768883502
23,4,16.494702413565022
23,5,16.5135506462693
23,6,17.8775593597686
23,7,17.04542232266144
23,8,19.307327927297898
23,9,18.53907287986305
23,10,20.617810393646636
23,11,20.008097119794627
23,12,18.952250998604637
23,13,15.864232821014674
23,14,14.525482109627912
23,15,12.698290869903113
23,16,10.848297643923168
23,17,10.039972043802589
23,18,8.888358625210595
23,19,6.653519416835256
23,20,5.139741667288972
23,21,5.494880908456566
23,22,3.814218275308508
23,24,3.8216318716544633
23,25,5.803413587493487
23,26,7.405847855933932
23,27,10.311743537451253
23,28,12.92930697571315
23,29,16.258805776987273
23,30,18.512702952576586
23,31,19.07757156585244
23,32,22.364291108808512
23,33,24.207467454280536
23,34,26.78594454794232
23,35,29.251314646969167
23,36,30.35720164335368
23,37,33.166911410380315
23,38,32.33653842901083
23,39,35.315610293272066
23,40,36.230259447456866
23,41,38.83827121904998
23,42,41.49733996265103
23,43,43.07717835379173
23,44,44.86584924690524
23,45,43.33549405726581
23,46,45.24558073092702
23,47,41.44335706188772
23,48,43.48883047006326
23,49,41.50440022295719
23,50,38.17893360746992
23,51,39.951698806916205
23,52,41.55433094797334
23,53,38.29368752367497
23,54,36.724511863472785
23,55,39.63052086226426
23,56,39.511662989729885
23,57,35.861368424260675
23,58,35.40293366354566
23,59,32.845663980031055
23,60,30.520569927387815
23,61,31.80027588936951
23,62,30.550903870873167
23,63,32.619787531624766
23,64,30.746669192689843
24,1,14.217896567743443
24,2,11.536436198623472
24,3,12.656227279573388
24,4,13.61854394180633
24,5,13.980834929631609
24,6,15.999392245211736
24,7,15.820467348787925
24,8,18.644875808707383
24,9,18.62306383433984
24,10,21.264158948689666
24,11,21.105214522002868
24,12,20.579171839575686
24,13,17.201934829639477
24,14,15.644202043662428
24,15,14.63607762702312
24,16,12.848983923206783
24,17,10.95521717805437
24,18,10.217983579056904
24,19,9.22505462388945
24,20,6.7672514000633575
24,21,5.4869862184839935
24,22,5.404441437046047
24,23,3.8216318716544633
24,25,3.8273247171932483
24,26,5.4813799642468695
24,27,9.160380558707594
24,28,12.138482581335971
24,29,14.92880479516798
24,30,17.559112455098663
24,31,18.663884412905904
24,32,22.022837606004153
24,33,24.14001263881251
24,34,26.475870902892073
24,35,29.10660093322127
24,36,29.937566181460955
24,37,32.77015856451346
24,38,31.936906376506396
24,39,34.74253912855645
24,40,35.69029950113116
24,41,38.0108483912189
24,42,40.61203340528088
24,43,41.88352343615938
24,44,43.517207195835496
24,45,41.76112771413437
24,46,43.48299122384289
24,47,39.69373109311972
24,48,41.441863711743395
24,49,39.68165198772883
24,50,36.213684725974986
24,51,37.723235123621315
24,52,39.48572541547661
24,53,36.39177955064799
24,54,34.528806809557274
24,55,37.358593404086676
24,56,37.5323244438215
24,57,33.890411243738484
24,58,33.095965511314205
24,59,30.497625932498707
24,60,28.47603474241402
24,61,30.03169842736795
24,62,28.838387686927003
24,63,31.111669770413524
24,64,29.50295002873669
25,1,12.04324125486849
25,2,9.695266513310617
25,3,11.750070695580352
25,4,12.862655100465126
25,5,14.123011291613407
25,6,16.285926932434176
25,7,16.70335745123075
25,8,19.710039111842153
25,9,19.95914330134824
25,10,22.55541677318275
25,11,21.96876991032371
25,12,21.872276689418783
25,13,18.795914163437796
25,14,16.551437022319263
25,15,15.415808753694613
25,16,14.522824605821862
25,17,12.482708354150672
25,18,10.693202812765136
25,19,10.344667757362986
25,20,9.06835032754755
25,21,6.523988667579477
25,22,5.242889510961446
25,23,5.803413587493487
25,24,3.8273247171932483
25,26,3.8148494899433674
25,27,6.970206658180413
25,28,10.584574781510572
25,29,12.989569069108915
25,30,16.094158870042783
25,31,17.77163223248627
25,32,21.397164106053236
25,33,23.981943362702953
25,34,26.605315800859092
25,35,29.57173047771933
25,36,30.726741064228786
25,37,33.82588870269401
25,38,33.39686591418536
25,39,36.34817310470278
25,40,37.633808401326874
25,41,39.93504652625102
25,42,42.71898213927133
25,43,43.9426091386224
25,44,45.716146496304674
25,45,44.01266323750955
25,46,45.360809947495525
25,47,41.62894544768025
25,48,43.00437919842309
25,49,41.2098783652082
25,50,37.7255626074389
25,51,38.98700269583035
25,52,40.56661712187103
25,53,37.49479571497926
25,54,35.4634786504939
25,55,38.0161597534959
25,56,38.14301849871725
25,57,34.41618541316627
25,58,33.449969979667046
25,59,31.176578194048474
25,60,29.147118517378452
25,61,31.071098944489012
25,62,30.315318323914468
25,63,32.90752114620018
25,64,31.643652520399538
26,1,11.656860957965227
26,2,8.479984662449699
26,3,9.698446073157713
26,4,9.84611075115817
26,5,10.852404148487574
26,6,12.7019656256774
26,7,13.230937298068365
26,8,16.292765686817635
26,9,16.829648215995416
26,10,19.56299330442815
26,11,19.073081734491307
26,12,19.472753935618442
26,13,16.437229486033054
26,14,13.860904738571485
26,15,13.385474673885895
26,16,12.930545962157057
26,17,10.228423761976153
26,18,8.537957325042186
26,19,9.525949284019909
26,20,8.36065072665618
26,21,4.751711534602246
26,22,5.37735287741531
26,23,7.405847855933932
26,24,5.4813799642468695
26,25,3.8148494899433674
26,27,3.799447451166293
26,28,7.0670427881665026
26,29,9.55175167631571
26,30,12.470135447252183
26,31,14.12294496357824
26,32,17.712021151394396
26,33,20.351028333359995
26,34,22.91308480575268
26,35,25.957604445570432
26,36,27.136600728767583
26,37,30.316501308281413
26,38,30.06997893064502
26,39,33.073250568011794
26,40,34.56678014228225
26,41,36.855012866436
26,42,39.77336677612424
26,43,41.01493836440291
26,44,42.95310278561056
26,45,41.3990555892428
26,46,42.49675801529402
26,47,38.81182016959003
26,48,40.0575751901414
26,49,38.120958802248
26,50,34.70185177247393
26,51,35.95841082557968
26,52,37.338629030532026
26,53,34.19878860687944
26,54,32.237298221909064
26,55,34.7162028596544
26,56,34.675268761571665
26,57,30.918236687733735
26,58,30.071673467712856
26,59,27.933929798971285
26,60,25.734064785963938
26,61,27.69891839011094
26,62,27.16832493294948
26,63,29.899786873644402
26,64,28.843108910206762
27,1,12.312999719122102
27,2,9.224872113134037
27,3,10.323503870800195
27,4,9.479552731438838
27,5,10.727727630585596
27,6,11.912807979820755
27,7,12.71302253338329
27,8,15.55271506277308
27,9,16.23450868734574
27,10,18.730759161660448
27,11,17.816464152610237
27,12,18.790643253077473
27,13,16.249342102857522
27,14,13.05632243019628
27,15,12.800550759915476
27,16,13.42131786903266
27,17,10.696790706730747
27,18,8.329884874604854
27,19,10.424858774436045
27,20,10.392834918772893
27,21,6.684861530855173
27,22,7.177617147501545
27,23,10.311743537451253
27,24,9.160380558707594
27,25,6.970206658180413
27,26,3.799447451166293
