1,2,3.8286082418211547
1,3,6.628605410417782
1,4,9.729744098063808
1,5,13.150172504570582
1,6,15.7359802825866
1,7,19.417349011710723
1,8,21.259518140775036
1,9,24.55923113712022
1,10,24.592965531171757
1,11,25.844382896128295
1,12,22.745275992523847
1,13,20.14616212243194
1,14,20.493273965681073
1,15,20.18628630151799
1,16,16.788789322458918
1,17,15.977065640643172
1,18,17.475648506812178
1,19,15.751521346553494
1,20,12.334747397683586
1,21,13.375148469193663
1,22,14.43767050505339
1,23,11.02617632311494
1,24,9.342902570469612
1,25,7.810839783901457
1,26,9.399414504957846
1,27,11.467751104468713
1,28,10.772917543337062
1,29,14.096456356787787
1,30,17.18783232139044
1,31,20.390108484203076
1,32,23.55352021256329
1,33,25.64777837974359
1,34,28.883431437717846
1,35,29.808255923414677
1,36,33.04568076651846
1,37,32.877471379957264
1,38,35.51798021663305
1,39,37.37640171572289
1,40,39.22027979469622
1,41,41.8742996724507
1,42,42.87751771097247
1,43,44.685595437724956
1,44,42.56842139402336
1,45,44.150509194019705
1,46,42.399678978084204
1,47,38.84153244696277
1,48,37.48378487796206
1,49,39.19676140714374
1,50,38.016839004689736
1,51,34.42095598374928
1,52,34.569102038985754
1,53,36.08652183078898
1,54,33.579028339529906
1,55,30.74492832349561
1,56,32.772655650491465
1,57,33.66054743070511
1,58,30.158195666750345
1,59,28.196557563097297
1,60,26.494227258933904
1,61,25.180797226005335
1,62,27.93153229440128
1,63,27.88348486436837
1,64,31.165391292320052
1,65,30.63188668222906
1,66,33.57519949511257
1,67,34.86905318084079
2,1,3.8286082418211547
2,3,3.8228315981759606
2,4,6.809399399995754
2,5,10.516189633029173
2,6,13.45867156683222
2,7,17.175648757834566
2,8,19.50894677538788
2,9,23.03759037809234
2,10,23.592677737940555
2,11,25.086160521969372
2,12,21.923743389273934
2,13,19.592421036319738
2,14,20.61866976797175
2,15,20.118399474605418
2,16,16.46779035296091
2,17,16.435553764779225
2,18,18.29472372614252
2,19,16.218551724856628
2,20,13.05567162453854
2,21,15.040063140726973
2,22,15.939180726220448
2,23,12.507316471301179
2,24,11.753410370464781
2,25,9.423128786311798
2,26,10.666971121463222
2,27,11.742371959309576
2,28,10.937334707693648
2,29,13.527566586091933
2,30,16.267045159415982
2,31,19.027408307908495
2,32,22.028140432818688
2,33,23.649500619521294
2,34,26.714724408964145
2,35,27.262812146401576
2,36,30.357933323461854
2,37,30.10041939184067
2,38,32.536330939575606
2,39,34.36346311377203
2,40,36.00443683459079
2,41,38.58195389078794
2,42,39.424533758661006
2,43,41.167974253350415
2,44,39.04470783300094
2,45,40.516985588350906
2,46,38.72486272704083
2,47,35.20999652932439
2,48,33.76072563569871
2,49,35.43265517137287
2,50,34.32703929149038
2,51,30.717691863840255
2,52,30.7838563242745
2,53,32.35325152531535
2,54,29.926854506421265
2,55,27.021852175968153
2,56,29.06252033586374
2,57,30.074295104649934
2,58,26.638966090358736
2,59,24.597633529656434
2,60,22.794106274701107
2,61,21.648470319349506
2,62,24.44152927300748
2,63,24.386417439776675
2,64,27.7122019766689
2,65,27.357827143370734
2,66,30.38288010222261
2,67,31.923438743995607
3,1,6.628605410417782
3,2,3.8228315981759606
3,4,3.82901473907766
3,5,7.1239157370741895
3,6,10.407510853298717
3,7,13.94440034358816
3,8,16.51461996302867
3,9,20.00736212606546
3,10,20.609451417939702
3,11,22.48427112513471
3,12,19.568443124659385
3,13,17.122031972972348
3,14,18.65935615976686
3,15,18.524207827402208
3,16,14.769084984512777
3,17,14.94861566255685
3,18,17.43972535157543
3,19,15.729903145163073
3,20,12.583568963462476
3,21,15.1072493492917
3,22,16.55429131617301
3,23,13.641331129775915
3,24,12.970114497016239
3,25,9.757046055324908
3,26,9.785208572639974
3,27,9.596536933474926
3,28,8.528119872269125
3,29,10.371897873401869
3,30,12.856344876280225
3,31,15.369788285279942
3,32,18.353556693332106
3,33,19.88250448535602
3,34,22.990041477893715
3,35,23.624813637091297
3,36,26.813319977852476
3,37,26.77525636622292
3,38,29.33542159784438
3,39,31.384345031882262
3,40,33.11703846809367
3,41,35.88471141443614
3,42,36.87090207732056
3,43,38.85898228072297
3,44,36.99477513572327
3,45,38.55748659676658
3,46,36.54619600473069
3,47,33.0233968738671
3,48,31.806083100924354
3,49,33.28381385216722
3,50,31.87393203269498
3,51,28.382827966472924
3,52,28.593841969862556
3,53,29.84915863992869
3,54,27.207406035409466
3,55,24.497682481778522
3,56,26.557582090143914
3,57,27.21068810152507
3,58,23.64023468459351
3,59,21.878296607408576
3,60,20.21957844043495
3,61,18.667970547453653
3,62,21.471241692939234
3,63,21.716196646259785
3,64,25.154353174075272
3,65,24.98592309132138
3,66,28.209857289390573
3,67,29.747382861723352
4,1,9.729744098063808
4,2,6.809399399995754
4,3,3.82901473907766
4,5,3.8049513933125425
4,6,6.9017475347029
4,7,10.521811879190336
4,8,13.246732757265242
4,9,16.889471324775613
4,10,17.981560250278452
4,11,19.8058582106336
4,12,16.806485695454672
4,13,14.82593618777567
4,14,16.878289024690922
4,15,16.418190918383015
4,16,12.663831381281955
4,17,13.724312967752958
4,18,16.29038862063697
4,19,14.36882555533549
4,20,11.84618052795219
4,21,15.060848993066099
4,22,16.266105523865132
4,23,13.769410879224711
4,24,13.980780712580184
4,25,10.535845161679871
4,26,10.462501867322764
4,27,9.578551925442898
4,28,9.539955300195624
4,29,10.383429184211595
4,30,11.784191450401252
4,31,13.881637658709927
4,32,16.30308306404289
4,33,17.495612490374032
4,34,20.27819896410019
4,35,20.61216148585231
4,36,23.63179888655365
4,37,23.311386056756646
4,38,25.832474573371123
4,39,27.745055535335986
4,40,29.555864939710094
4,41,32.31064405885024
4,42,33.425131669482745
4,43,35.46278614234975
4,44,33.629276897479606
4,45,35.38021880480458
4,46,33.43524468725688
4,47,29.82653549596995
4,48,28.860352077750388
4,49,30.482788838063836
4,50,28.905157507013016
4,51,25.422159834403057
4,52,26.000833571626547
4,53,27.303179292185934
4,54,24.464378208415077
4,55,22.017898096927
4,56,24.447399265482005
4,57,24.95717070461978
4,58,21.349498124360007
4,59,19.994516046033755
4,60,17.93800884530722
4,61,16.064776476962308
4,62,18.47352201976019
4,63,18.415830842915806
4,64,21.726011585963356
4,65,21.35209488350005
4,66,24.535904921174687
4,67,25.97080131072981
5,1,13.150172504570582
5,2,10.516189633029173
5,3,7.1239157370741895
5,4,3.8049513933125425
5,6,3.76583720115626
5,7,6.955241620603986
5,8,10.013495649828554
5,9,13.596966632322653
5,10,14.914744756373386
5,11,17.09456485345522
5,12,14.441305844322555
5,13,12.61017765867268
5,14,15.31355415679684
5,15,15.156917863349873
5,16,11.610978591683702
5,17,13.110351142811599
5,18,16.080447171487133
5,19,14.625960737203174
5,20,12.58664427987925
5,21,16.053350467970446
5,22,17.547864190621507
5,23,15.735485944761264
5,24,16.112109413768035
5,25,12.45690720950788
5,26,11.523178365349064
5,27,9.488525870843231
5,28,9.776302812569062
5,29,9.235958399271581
5,30,9.450082051952577
5,31,10.896801617896708
5,32,12.873022226639101
5,33,13.836132721240048
5,34,16.507737648603076
5,35,16.87385046388107
5,36,19.95472650997251
5,37,19.763427232439398
5,38,22.466907413837603
5,39,24.565266701787465
5,40,26.565193683582084
5,41,29.52400212430217
5,42,30.885215453407504
5,43,33.198369114630914
5,44,31.662329498257066
5,45,33.594844943448166
5,46,31.491717998198006
5,47,27.871269277762817
5,48,27.297156883759477
5,49,28.771862012646903
5,50,26.80787657447388
5,51,23.51725419149519
5,52,24.432867349025436
5,53,25.3928399602206
5,54,22.257815727636995
5,55,20.236729355234534
5,56,22.80162515468852
5,57,22.817264593886126
5,58,19.103062900938006
5,59,18.340486814754236
5,60,16.346520949094742
5,61,13.83602868926303
5,62,15.920920665252947
5,63,16.05923576596717
5,64,19.338725708503205
5,65,19.02774410397221
5,66,22.33443995395801
5,67,23.626870730054186
6,1,15.7359802825866
6,2,13.45867156683222
6,3,10.407510853298717
6,4,6.9017475347029
6,5,3.76583720115626
6,7,3.80763785767585
6,8,6.452564099628556
6,9,10.165962103144778
6,10,11.870104369192452
6,11,13.775019232680549
6,12,11.06343047354126
6,13,9.841018192618312
6,14,12.91594222174831
6,15,12.479583961354049
6,16,9.308448977155622
6,17,11.598762712301216
6,18,14.41024944653914
6,19,13.086556239704604
6,20,11.925985058007633
6,21,15.585423386848008
6,22,16.895256116857677
6,23,15.793011281699087
6,24,16.728349149129304
6,25,13.255388195365894
6,26,12.27782312731661
6,27,10.097316622752263
6,28,11.514539158028713
6,29,10.555411387814761
6,30,9.548236620244133
6,31,10.655145459871868
6,32,11.65171701407174
6,33,12.572364277630903
6,34,14.768553270808988
6,35,15.090127573485187
6,36,17.990466830882802
6,37,17.432111642990794
6,38,20.30762977202477
6,39,22.20671610220053
6,40,24.55929344784425
6,41,27.55849922710415
6,42,29.28207950779579
6,43,31.718644897161322
6,44,30.27584833995791
6,45,32.56127344065607
6,46,30.61946026051021
6,47,26.909918297912274
6,48,26.813465655605427
6,49,28.48530505767456
6,50,26.253740320830346
6,51,23.10107552044292
6,52,24.585902373636525
6,53,25.521844568290643
6,54,22.141812541755097
6,55,20.667451159626328
6,56,23.591209753657246
6,57,23.29534776836077
6,58,19.64422109977905
6,59,19.549192149759232
6,60,17.277814655250417
6,61,14.356907257054749
6,62,15.578210755172305
6,63,15.236613802533125
6,64,18.070644484171535
6,65,17.216703497851665
6,66,20.28112780674052
6,67,21.079998669227653
7,1,19.417349011710723
7,2,17.175648757834566
7,3,13.94440034358816
7,4,10.521811879190336
7,5,6.955241620603986
7,6,3.80763785767585
7,8,3.8095273072895206
7,9,7.182493058911164
7,10,9.526241241554487
7,11,11.815360879762023
7,12,9.86629913746401
7,13,9.313693743404707
7,14,12.964342716419804
7,15,12.860883770737653
7,16,10.512467490731506
7,17,13.024205278390998
7,18,15.86629122642719
7,19,15.088255153340208
7,20,14.51046950545812
7,21,18.03911300355559
7,22,19.455721813106486
7,23,18.886597769010542
7,24,19.88558583567089
7,25,16.469747714221445
7,26,15.066383560848454
7,27,12.386492646896471
7,28,13.834787078634108
7,29,11.967263097741595
7,30,9.763488142095511
7,31,9.647801352972236
7,32,9.402984382044503
7,33,9.734571954632784
7,34,11.381557957342505
7,35,11.641777836179369
7,36,14.482736966909664
7,37,13.979135642789934
7,38,17.096685213522644
7,39,19.160401872874743
7,40,21.775220749516233
7,41,24.97449503458735
7,42,27.00668808191199
7,43,29.72590642411026
7,44,28.648017849513952
7,45,31.124075263297428
7,46,29.071502754628266
7,47,25.425949395256495
7,48,25.81277624452289
7,49,27.30975388956556
7,50,24.69543794515774
7,51,21.87765585822011
7,52,23.74376453934802
7,53,24.296670449420372
7,54,20.691893483316942
7,55,19.83505184848376
7,56,22.820455096052648
7,57,21.99294511814072
7,58,18.427734829836545
7,59,19.064999818448875
7,60,16.952964317239708
7,61,13.573801497618163
7,62,14.07919525105497
7,63,13.874715153504336
7,64,16.379537064441255
7,65,15.547325539657038
7,66,18.58225242665789
7,67,19.108661521695545
8,1,21.259518140775036
8,2,19.50894677538788
8,3,16.51461996302867
8,4,13.246732757265242
8,5,10.013495649828554
8,6,6.452564099628556
8,7,3.8095273072895206
8,9,3.7701002093510785
8,10,6.299874264597865
8,11,8.098403416318897
8,12,6.347616544128937
8,13,6.624151569574777
8,14,10.343604290287525
8,15,10.252077813948715
8,16,8.879266402300269
8,17,11.58726754357417
8,18,14.083436469614231
8,19,13.842631622947126
8,20,14.026955874281434
8,21,17.279652005230503
8,22,18.659272402763335
8,23,18.849909920559124
8,24,20.041767854753306
8,25,16.95433065697698
8,26,15.458579657763895
8,27,12.92019074334871
8,28,15.124091970598988
8,29,13.332995139767783
8,30,10.650738926603358
8,31,10.682313504030787
8,32,9.651193467075181
8,33,10.5115327743221
8,34,11.660266709668734
8,35,12.38360148676302
8,36,14.952753270788504
8,37,14.23556066528491
8,38,17.575383324748177
8,39,19.373368414083455
8,40,22.43095829065076
8,41,25.626370860027343
8,42,28.070404184596068
8,43,30.883863019131454
8,44,29.929885518875274
8,45,32.72185626113439
8,46,30.876480096283156
8,47,27.235070757808142
8,48,28.03544014726071
8,49,29.671022438490557
8,50,26.889924409356375
8,51,24.283759801000617
8,52,26.520810513710135
8,53,27.022146188904262
8,54,23.33424567159844
8,55,22.892798408679845
8,56,25.98399908976504
8,57,24.925996550615086
8,58,21.49487545163844
8,59,22.490972130592226
8,60,20.363116920548865
8,61,16.910300579981627
8,62,16.872444988941517
8,63,16.351344839053986
8,64,18.264075089475536
8,65,16.873673750417872
8,66,19.398664640178477
8,67,19.171549674126588
9,1,24.55923113712022
9,2,23.03759037809234
9,3,20.00736212606546
9,4,16.889471324775613
9,5,13.596966632322653
9,6,10.165962103144778
9,7,7.182493058911164
9,8,3.7701002093510785
9,10,3.8007679433863264
9,11,5.604392934665355
9,12,5.772000512718778
9,13,6.980514830802717
9,14,10.392541447447217
9,15,10.838424424036283
9,16,10.69718952175752
9,17,13.031460583706837
9,18,15.258165634489837
9,19,15.731096824947
9,20,16.363615674610777
9,21,19.207606881111868
9,22,20.70128676774489
9,23,21.45000920559143
9,24,22.581074114329258
9,25,19.689774180989033
9,26,17.905966079012998
9,27,15.250432880948747
9,28,17.547707254768316
9,29,15.424140648978701
9,30,12.214763584426532
9,31,11.65537667357747
9,32,9.567767447350235
9,33,10.362514231408237
9,34,10.728541720941354
9,35,11.885522438818736
9,36,14.126459213274126
9,37,13.569149756965386
9,38,17.09561622591509
9,39,18.87581827700851
9,40,22.271719187282034
9,41,25.554004723074303
9,42,28.371604196724675
9,43,31.397827061559006
9,44,30.80206479163336
9,45,33.79112322826681
9,46,31.95792421520987
9,47,28.45193304987538
9,48,29.696054012842918
9,49,31.19776866325278
9,50,28.150288410045956
9,51,25.92191708556813
9,52,28.429140750451968
9,53,28.61392066604573
9,54,24.84910979854385
9,55,24.91969110545012
9,56,27.947768229679284
9,57,26.472313572824003
9,58,23.217024549878857
9,59,24.698575589591922
9,60,22.797290308030288
9,61,19.190545116170874
9,62,18.672057230492005
9,63,18.25767940202995
9,64,19.685978895862664
9,65,18.215642542053825
9,66,20.381480971176618
9,67,19.610976587327567
10,1,24.592965531171757
10,2,23.592677737940555
10,3,20.609451417939702
10,4,17.981560250278452
10,5,14.914744756373386
10,6,11.870104369192452
10,7,9.526241241554487
10,8,6.299874264597865
10,9,3.8007679433863264
10,11,3.8235448527058136
10,12,5.471817114082974
10,13,5.454595993312429
10,14,8.250732733955003
10,15,9.909368655615438
10,16,10.314975520330439
10,17,11.627741408856231
10,18,13.954576483398794
10,19,15.331711550747345
10,20,15.81122346510265
10,21,18.09223555489221
10,22,20.061588759454416
10,23,21.201885945478363
10,24,21.873977704586114
10,25,19.14116507324163
10,26,16.896296307460908
10,27,14.17972769343804
10,28,16.588226196235222
10,29,14.464543303531537
10,30,11.176954957381042
10,31,10.984896308442481
10,32,9.088606206883343
10,33,11.023953280133405
10,34,11.96347048533451
10,35,14.07570269126989
10,36,16.60818398171751
10,37,16.63505862081446
10,38,20.29271581784907
10,39,22.25382635656129
10,40,25.708463109206978
10,41,29.067416307003217
10,42,31.95200253833549
10,43,35.06029453464863
10,44,34.55533735171966
10,45,37.52744803379067
10,46,35.61527421848651
10,47,32.14092635776519
10,48,33.34377105252663
10,49,34.73255142622375
10,50,31.640180437254813
10,51,29.43498208205864
10,52,31.801058201221668
10,53,31.836060995033822
10,54,28.055417034012308
10,55,28.024456733358676
10,56,30.866600651301265
10,57,29.266280580181537
10,58,25.904918405554504
10,59,27.274449027188332
10,60,25.64716070774199
10,61,21.971272666579267
10,62,21.80934022695671
10,63,21.719867963240286
10,64,23.332387802982755
10,65,21.98932182838019
10,66,24.179479507487912
10,67,23.332541883573654
11,1,25.844382896128295
11,2,25.086160521969372
11,3,22.48427112513471
11,4,19.8058582106336
11,5,17.09456485345522
11,6,13.775019232680549
11,7,11.815360879762023
11,8,8.098403416318897
11,9,5.604392934665355
11,10,3.8235448527058136
11,12,3.8365712979099538
11,13,5.778984012917769
11,14,7.260819656442166
11,15,8.164593991671067
11,16,9.886895180789907
11,17,11.414216937029396
11,18,12.739293664497241
11,19,14.255086360635902
11,20,15.60822806579344
11,21,17.573393042885478
11,22,19.07078588822873
11,23,20.775172819096607
11,24,21.85888402078323
11,25,19.630921907152736
11,26,17.853768262463447
11,27,15.794063297287815
11,28,18.74969483732153
11,29,17.20683349487584
11,30,14.290757743338078
11,31,14.616043501286015
11,32,12.90993280580875
11,33,14.715430802089605
11,34,15.267844719958417
11,35,16.990109414120642
11,36,19.053143056445677
11,37,18.4995487703476
11,38,21.935759559599465
11,39,23.360482418804487
11,40,26.93999404744516
11,41,30.057083763034917
11,42,33.08781170737547
11,43,36.04269899640555
11,44,35.39903628542492
11,45,38.57668822158152
11,46,36.99175000142531
11,47,33.47397871587803
11,48,34.82450727618272
11,49,36.51321819066185
11,50,33.49966614603551
11,51,31.273923744511865
11,52,33.86956826083174
11,53,34.16248048895596
11,54,30.407654071301717
11,55,30.45725127394208
11,56,33.521296284135815
11,57,32.07209641492184
11,58,28.792945848582544
11,59,30.173152559329914
11,60,28.232189702692793
11,61,24.664723629471997
11,62,24.237024227672446
11,63,23.631754912734017
11,64,24.879075375706407
11,65,23.00451685846898
11,66,24.71914389860068
11,67,23.37235039022992
12,1,22.745275992523847
12,2,21.923743389273934
12,3,19.568443124659385
12,4,16.806485695454672
12,5,14.441305844322555
12,6,11.06343047354126
12,7,9.86629913746401
12,8,6.347616544128937
12,9,5.772000512718778
12,10,5.471817114082974
12,11,3.8365712979099538
12,13,3.817838755976431
12,14,5.783123040384053
12,15,5.304523719912649
12,16,6.489503081520253
12,17,8.867589986430225
12,18,10.133817751856775
12,19,10.922881389919462
12,20,12.386415923419825
12,21,14.750211371042584
12,22,15.926915345200522
12,23,17.381830968269725
12,24,18.782786324012505
12,25,16.560401414344327
12,26,15.262874186084149
12,27,13.596542055281214
12,28,16.816044034671723
12,29,15.81136511836313
12,30,13.420522437953192
12,31,14.409888954628512
12,32,13.451327019851014
12,33,15.289858925121093
12,34,16.291713874149007
12,35,17.586069767822366
12,36,19.8183846902734
12,37,18.902024511573067
12,38,22.201352270768535
12,39,23.48352168630657
12,40,26.86278222547943
12,41,29.847800368101797
12,42,32.616984592566865
12,43,35.33578193243623
12,44,34.311134375082695
12,45,37.39926803789856
12,46,35.93043353149133
12,47,32.27105804989753
12,48,33.29873615117228
12,49,35.22551796051396
12,50,32.47301048797998
12,51,29.92183279097374
12,52,32.382461841412294
12,53,33.047704970097264
12,54,29.372052716704243
12,55,29.040833981496835
12,56,32.23724161310846
12,57,31.19749097831701
12,58,27.817123291105002
12,59,28.810741494224406
12,60,26.57171043932722
12,61,23.202693096255835
12,62,23.027675086830488
12,63,22.125056455109238
12,64,23.586765397312053
12,65,21.546746855359444
12,66,23.3650453250654
12,67,22.27843664459334
13,1,20.14616212243194
13,2,19.592421036319738
13,3,17.122031972972348
13,4,14.82593618777567
13,5,12.61017765867268
13,6,9.841018192618312
13,7,9.313693743404707
13,8,6.624151569574777
13,9,6.980514830802717
13,10,5.454595993312429
13,11,5.778984012917769
13,12,3.817838755976431
13,14,3.81740297599981
13,15,5.303289871311181
13,16,5.080370277880797
13,17,6.260080966306444
13,18,8.714240939900082
13,19,10.039680388218413
13,20,10.415341293373372
13,21,12.671883338038445
13,22,14.642172114133743
13,23,15.823355132083005
13,24,16.529785271129533
13,25,14.020958800227138
13,26,12.120181494292618
13,27,10.120816358311957
13,28,13.294355135904677
13,29,12.333940664825084
13,30,10.165886540872819
13,31,11.770105894358233
13,32,11.599543888121753
13,33,14.166394070236537
13,34,15.99801666093179
13,35,17.820204264670156
13,36,20.61405932828652
13,37,20.275400064009784
13,38,23.76950804666404
13,39,25.505475708875544
13,40,28.7568752420817
13,41,31.925647910159437
13,42,34.51955184880494
13,43,37.30951264355971
13,44,36.2816517720034
13,45,39.15783698866864
13,46,37.43219654827067
13,47,33.75857380338051
13,48,34.48576995439276
13,49,36.2134110299724
13,50,33.493914800183376
13,51,30.811401973328255
13,52,32.92260292102627
13,53,33.471085813438314
13,54,29.80193353687464
13,55,29.13396822734913
13,56,32.09369032866575
13,57,31.07102423542082
13,58,27.496610074703696
13,59,28.179685756989986
13,60,26.222614790748676
13,61,22.828813776928303
13,62,23.252695842466256
13,63,22.834634568142285
13,64,24.822109202619274
13,65,23.224381215570038
13,66,25.49150330791871
13,67,24.8635451447148
14,1,20.493273965681073
14,2,20.61866976797175
14,3,18.65935615976686
14,4,16.878289024690922
14,5,15.31355415679684
14,6,12.91594222174831
14,7,12.964342716419804
14,8,10.343604290287525
14,9,10.392541447447217
14,10,8.250732733955003
14,11,7.260819656442166
14,12,5.783123040384053
14,13,3.81740297599981
14,15,3.8049373625306178
14,16,5.307976689601714
14,17,4.724649729763723
14,18,6.096804227764572
14,19,8.653194096728322
14,20,9.487453684530328
14,21,10.685264262958032
14,22,12.741245699549577
14,23,14.694069689422914
14,24,15.245280455837012
14,25,13.464060247619793
14,26,11.74226213226615
14,27,10.659314412015238
14,28,14.185212733754872
14,29,13.96877782059286
14,30,12.431672574545392
14,31,14.581060949624321
14,32,14.729516769310047
14,33,17.620172276289267
14,34,19.514223330647326
14,35,21.51721763709946
14,36,24.26609236453108
14,37,23.892372160106078
14,38,27.365789033539002
14,39,28.948019402603286
14,40,32.266180907398585
14,41,35.35200513621716
14,42,38.00506784037795
14,43,40.72345687166654
14,44,39.59954450086509
14,45,42.542790519682725
14,46,40.955157640913896
14,47,37.25052769825503
14,48,37.955457358467925
14,49,39.81036611738015
14,50,37.158400283527044
14,51,34.418118046677144
14,52,36.52654066030882
14,53,37.18777440470178
14,54,33.541906020656384
14,55,32.78721995367626
14,56,35.76101259621159
14,57,34.82418030954838
14,58,31.22288518762978
14,59,31.771240684092064
14,60,29.778094172877946
14,61,26.465317695328945
14,62,26.980565335726762
14,63,26.448017439637724
14,64,28.38485235300348
14,65,26.590230107764327
14,66,28.66189098016726
14,67,27.81601334803835
15,1,20.18628630151799
15,2,20.118399474605418
15,3,18.524207827402208
15,4,16.418190918383015
15,5,15.156917863349873
15,6,12.479583961354049
15,7,12.860883770737653
15,8,10.252077813948715
15,9,10.838424424036283
15,10,9.909368655615438
15,11,8.164593991671067
15,12,5.304523719912649
15,13,5.303289871311181
15,14,3.8049373625306178
15,16,3.7753801704439884
15,17,5.270570431963201
15,18,5.038918135079017
15,19,6.264004848540833
15,20,8.38430034392762
15,21,10.046338887879637
15,22,10.99617021648073
15,23,13.056392362416467
15,24,14.531529601359281
15,25,13.07224348498893
15,26,12.391850137862233
15,27,12.001372486750677
15,28,15.729071508256443
15,29,15.92421758622492
15,30,14.632640424627771
15,31,16.783047311888858
15,32,16.870651169618483
15,33,19.29025083103927
15,34,20.9021553746193
15,35,22.316820192805373
15,36,24.776281689450773
15,37,23.830625349064995
15,38,27.03904833118206
15,39,28.201693866494185
15,40,31.431796609658257
15,41,34.26085447380143
15,42,36.83032545547061
15,43,39.30203795307203
15,44,37.912589014598574
15,45,40.913557009360844
15,46,39.61273015514264
15,47,35.8517119970059
15,48,36.51424347293881
15,49,38.6703538271747
15,50,36.21396074217417
15,51,33.35353100993585
15,52,35.57274798340284
15,53,36.58363582992921
15,54,33.02544466295963
15,55,32.22107075299463
15,56,35.421420501694854
15,57,34.77786400655977
15,58,31.26141649922789
15,59,31.72441735543957
15,60,29.345710807188638
15,61,26.239334275403074
15,62,26.556104110175713
15,63,25.510377120376994
15,64,27.22593641220076
15,65,25.05257156317129
15,66,26.83766718485019
15,67,25.868113090131857
16,1,16.788789322458918
16,2,16.46779035296091
16,3,14.769084984512777
16,4,12.663831381281955
16,5,11.610978591683702
16,6,9.308448977155622
16,7,10.512467490731506
16,8,8.879266402300269
16,9,10.69718952175752
16,10,10.314975520330439
16,11,9.886895180789907
16,12,6.489503081520253
16,13,5.080370277880797
16,14,5.307976689601714
16,15,3.7753801704439884
16,17,3.8029888847672395
16,18,5.4302335562287025
16,19,5.240839746638086
16,20,5.928349344807188
16,21,8.728722963134848
16,22,10.027093221367865
16,23,11.027255723415752
16,24,12.34821442002147
16,25,10.197309492940118
16,26,9.521105202171329
16,27,9.003459384060818
16,28,12.649809260332178
16,29,13.061990360275882
16,30,12.22132444765639
16,31,14.694030425636956
16,32,15.396587932567119
16,33,17.781824385835165
16,34,19.816851916807064
16,35,21.094822683335913
16,36,23.822113940038466
16,37,23.006233117547595
16,38,26.18988602639224
16,39,27.577026185263144
16,40,30.570456448742092
16,41,33.4512006384875
16,42,35.74322996467561
16,43,38.15946324598804
16,44,36.644675414839114
16,45,39.41948531012364
16,46,37.96479215128381
16,47,34.17332934307349
16,48,34.504633218951355
16,49,36.586970076040025
16,50,34.27411843287989
16,51,31.233262427286498
16,52,33.16404085990129
16,53,34.24576357241873
16,54,30.76818803444992
16,55,29.631310323383502
16,56,32.73120413720055
16,57,32.29207398775158
16,58,28.691535953785447
16,59,28.830265072753892
16,60,26.478508730282613
16,61,23.508353375191433
16,62,24.224654137414195
16,63,23.340614987752268
16,64,25.44250161986
16,65,23.569193025177555
16,66,25.73348715322081
16,67,25.292263126409683
17,1,15.977065640643172
17,2,16.435553764779225
17,3,14.94861566255685
17,4,13.724312967752958
17,5,13.110351142811599
17,6,11.598762712301216
17,7,13.024205278390998
17,8,11.58726754357417
17,9,13.031460583706837
17,10,11.627741408856231
17,11,11.414216937029396
17,12,8.867589986430225
17,13,6.260080966306444
17,14,4.724649729763723
17,15,5.270570431963201
17,16,3.8029888847672395
17,18,3.78858944637247
17,19,5.6242700428019585
17,20,5.024873154921877
17,21,6.4878965263253505
17,22,9.011763312979499
17,23,10.368745378321318
17,24,10.629532097722034
17,25,8.751435519325142
17,26,7.360618771474297
17,27,7.295133274401656
17,28,11.087516374455054
17,29,12.010598124113164
17,30,11.74149498872186
17,31,14.774944083150304
17,32,16.000188137096192
17,33,18.960396510117544
17,34,21.407044829357314
17,35,23.197238110780344
17,36,26.199527585852326
17,37,25.80156677385808
17,38,29.158130867797375
17,39,30.79570371124635
17,40,33.828601592690184
17,41,36.839314103534704
17,42,39.14275802355741
17,43,41.65086706297979
17,44,40.205480672487234
17,45,42.91038567922315
17,46,41.318816758016794
17,47,37.54486355913544
17,48,37.77754742836622
17,49,39.71347217796362
17,50,37.372295886904524
17,51,34.32456352660182
17,52,36.06569002579436
17,53,37.00417020602944
17,54,33.521920571197626
17,55,32.24476238401747
17,56,35.13775777499851
17,57,34.62741951502266
17,58,30.924366174660555
17,59,30.90261938036593
17,60,28.838647863742956
17,61,25.84391632380639
17,62,26.907045377797637
17,63,26.378644108236823
17,64,28.70553746659431
17,65,27.05707767728794
17,66,29.369397990782925
17,67,28.996093772254834
18,1,17.475648506812178
18,2,18.29472372614252
18,3,17.43972535157543
18,4,16.29038862063697
18,5,16.080447171487133
18,6,14.41024944653914
18,7,15.86629122642719
18,8,14.083436469614231
18,9,15.258165634489837
18,10,13.954576483398794
18,11,12.739293664497241
18,12,10.133817751856775
18,13,8.714240939900082
18,14,6.096804227764572
18,15,5.038918135079017
18,16,5.4302335562287025
18,17,3.78858944637247
18,19,3.8363025159317052
18,20,5.332660135867126
18,21,5.374529643184441
18,22,6.791607093324762
18,23,9.383279040896513
18,24,10.324907678853291
18,25,9.752383107310242
18,26,9.575720332897248
18,27,10.614482276904504
18,28,14.365626828403425
18,29,15.683253158701602
18,30,15.528121402424183
18,31,18.499090782597357
18,32,19.49428762272847
18,33,22.345880668350205
18,34,24.52625232844218
18,35,26.14939858638465
18,36,28.91655155226222
18,37,28.175651095546318
18,38,31.40523825268173
18,39,32.69642362516497
18,40,35.77918414510797
18,41,38.59755875620149
18,42,40.95720916691586
18,43,43.30529876733442
18,44,41.698143969872106
18,45,44.523343198742346
18,46,43.20753654333788
18,47,39.40021944986377
18,48,39.68646959835317
18,49,41.874186578497834
18,50,39.638290862446226
18,51,36.54971202114981
18,52,38.4314635574853
18,53,39.60079038563726
18,54,36.15587827212601
18,55,34.91166392768981
18,56,37.967100727530955
18,57,37.59962454345294
18,58,33.958474813123125
18,59,33.93228971064677
18,60,31.627318062900454
18,61,28.746812442631228
18,62,29.610382274102093
18,63,28.70345513447894
18,64,30.77165026867823
18,65,28.750754463763222
18,66,30.7071387930252
18,67,30.032059617566663
19,1,15.751521346553494
19,2,16.218551724856628
19,3,15.729903145163073
19,4,14.36882555533549
19,5,14.625960737203174
19,6,13.086556239704604
19,7,15.088255153340208
19,8,13.842631622947126
19,9,15.731096824947
19,10,15.331711550747345
19,11,14.255086360635902
19,12,10.922881389919462
19,13,10.039680388218413
19,14,8.653194096728322
19,15,6.264004848540833
19,16,5.240839746638086
19,17,5.6242700428019585
19,18,3.8363025159317052
19,20,3.7878448475986355
19,21,5.414155067098842
19,22,5.114774974672678
19,23,6.942242899460876
19,24,9.104689631989725
19,25,8.525048363107887
19,26,9.587931541599605
19,27,11.052767517599435
19,28,14.663409056866941
19,29,16.256621729119228
19,30,16.374640858152027
19,31,19.32088400818792
19,32,20.43734245196528
19,33,22.88986672615662
19,34,25.00267248265149
19,35,26.126983096184624
19,36,28.76278292135274
19,37,27.68088480782397
19,38,30.653463507650045
19,39,31.723195484107077
19,40,34.57995412984035
19,41,37.19445060864936
19,42,39.32160058765214
19,43,41.42386331583629
19,44,39.55217859622878
19,45,42.27925066290158
19,46,41.12619642413311
19,47,37.294561789333514
19,48,37.369035690530815
19,49,39.74376787070514
19,50,37.76236711963326
19,51,34.52003159619478
19,52,36.32197423287099
19,53,37.79943130471387
19,54,34.505032024823095
19,55,33.07190256733479
19,56,36.22484183472747
19,57,36.19708120144035
19,58,32.629440808590736
19,59,32.381037128952045
19,60,29.80782010552023
19,61,27.215455127449573
19,62,28.098850744355474
19,63,26.880036900382912
19,64,28.92710485533992
19,65,26.795015191808467
19,66,28.679927298199157
19,67,28.19867705036061
20,1,12.334747397683586
20,2,13.05567162453854
20,3,12.583568963462476
20,4,11.84618052795219
20,5,12.58664427987925
20,6,11.925985058007633
20,7,14.51046950545812
20,8,14.026955874281434
20,9,16.363615674610777
20,10,15.81122346510265
20,11,15.60822806579344
20,12,12.386415923419825
20,13,10.415341293373372
20,14,9.487453684530328
20,15,8.38430034392762
20,16,5.928349344807188
20,17,5.024873154921877
20,18,5.332660135867126
20,19,3.7878448475986355
20,21,3.807063115704291
20,22,5.369848357894866
20,23,5.503872136610654
20,24,6.4347775878507685
20,25,4.906229611260033
20,26,5.918689488290041
20,27,7.907969536823007
20,28,11.280405319508612
20,29,13.375738531034873
20,30,14.19619433871132
20,31,17.50675902251769
20,32,19.260823107398828
20,33,21.89267240514512
20,34,24.46006136265359
20,35,25.758953482594286
20,36,28.712618758502693
20,37,28.005928812488026
20,38,31.068843989141204
20,39,32.492443852069385
20,40,35.20933744230856
20,41,37.974185286088215
20,42,39.92180133024104
20,43,42.08679951528902
20,44,40.24007197544513
20,45,42.744846067319386
20,46,41.3382927351743
20,47,37.5238895046636
20,48,37.325151729197444
20,49,39.485301650606594
20,50,37.55495036023396
20,51,34.22578277102029
20,52,35.690886898488664
20,53,37.06391022576673
20,54,33.82737468015501
20,55,32.10398161621069
20,56,35.01688471172509
20,57,35.05158873126005
20,58,31.384940944504404
20,59,30.833169153540553
20,60,28.51106590552119
20,61,25.998862210688515
20,62,27.36907552076595
20,63,26.554797694466753
20,64,29.0167121788096
20,65,27.31761832118208
20,66,29.60798862322833
20,67,29.56573282108126
21,1,13.375148469193663
21,2,15.040063140726973
21,3,15.1072493492917
21,4,15.060848993066099
21,5,16.053350467970446
21,6,15.585423386848008
21,7,18.03911300355559
21,8,17.279652005230503
21,9,19.207606881111868
21,10,18.09223555489221
21,11,17.573393042885478
21,12,14.750211371042584
21,13,12.671883338038445
21,14,10.685264262958032
21,15,10.046338887879637
21,16,8.728722963134848
21,17,6.4878965263253505
21,18,5.374529643184441
21,19,5.414155067098842
21,20,3.807063115704291
21,22,3.801188785107639
21,23,5.373826925985532
21,24,5.127056061036775
21,25,5.713749838967086
21,26,6.825340353926215
21,27,9.658179844911963
21,28,12.791975343886339
21,29,15.303222073068724
21,30,16.427940974673223
21,31,19.941141677391435
21,32,21.813205302328015
21,33,24.757161335516198
21,34,27.424896242751057
21,35,29.006963737858463
21,36,32.027853582640965
21,37,31.435880611210205
21,38,34.590317879651025
21,39,36.026508481839485
21,40,38.8364346538915
21,41,41.61999298799238
21,42,43.64063062256192
21,43,45.81776760494975
21,44,43.96638294641219
21,45,46.50397008108442
21,46,45.132245277099436
21,47,41.31486611016459
21,48,41.1168600133631
21,49,43.28770112624445
21,50,41.35739623913026
21,51,38.03023575206778
21,52,39.46554348182705
21,53,40.82072102491099
21,54,37.580754755977246
21,55,35.82803976376162
21,56,38.675817479164046
21,57,38.687578196566875
21,58,34.98870550519171
21,59,34.38016001359832
21,60,32.16247262118504
21,61,29.652239148468635
21,62,31.100688751747445
21,63,30.350403613832277
21,64,32.805696322988794
21,65,31.060344136372333
21,66,33.26994119470261
21,67,33.08100189595629
22,1,14.43767050505339
22,2,15.939180726220448
22,3,16.55429131617301
22,4,16.266105523865132
22,5,17.547864190621507
22,6,16.895256116857677
22,7,19.455721813106486
22,8,18.659272402763335
22,9,20.70128676774489
22,10,20.061588759454416
22,11,19.07078588822873
22,12,15.926915345200522
22,13,14.642172114133743
22,14,12.741245699549577
22,15,10.99617021648073
22,16,10.027093221367865
22,17,9.011763312979499
22,18,6.791607093324762
22,19,5.114774974672678
22,20,5.369848357894866
22,21,3.801188785107639
22,23,3.827869900952448
22,24,5.87245088231541
22,25,7.560467854262685
22,26,9.898671269317473
22,27,12.788441943161757
22,28,15.89126801851665
22,29,18.41515842703249
22,30,19.42920115204712
22,31,22.794529955241046
22,32,24.45420899031208
22,33,27.116418295869583
22,34,29.533810095606416
22,35,30.74902115261128
22,36,33.52650093528233
22,37,32.52778461332408
22,38,35.45645324975384
22,39,36.53585306909846
22,40,39.25546239055616
22,41,41.78749755361574
22,42,43.72531086466879
22,43,45.65560372415135
22,44,43.57065444062819
22,45,46.13654812516175
22,46,45.05702648219738
22,47,41.226541863573665
22,48,40.979947582452546
22,49,43.41751107886125
22,50,41.68994021222379
22,51,38.28766081116007
22,52,39.800675725099296
22,53,41.46456065290028
22,54,38.33285160944951
22,55,36.5541131175312
22,56,39.572243068724866
22,57,39.835705153954855
22,58,36.24223846227218
22,59,35.57361318189845
22,60,33.046284225085685
22,61,30.7514879916138
22,62,32.009619459852196
22,63,30.83649513491785
22,64,33.0594095849457
22,65,31.01226707835373
22,66,32.91251435070884
22,67,32.61264715468582
23,1,11.02617632311494
23,2,12.507316471301179
23,3,13.641331129775915
23,4,13.769410879224711
23,5,15.735485944761264
23,6,15.793011281699087
23,7,18.886597769010542
23,8,18.849909920559124
23,9,21.45000920559143
23,10,21.201885945478363
23,11,20.775172819096607
23,12,17.381830968269725
23,13,15.823355132083005
23,14,14.694069689422914
23,15,13.056392362416467
23,16,11.027255723415752
23,17,10.368745378321318
23,18,9.383279040896513
23,19,6.942242899460876
23,20,5.503872136610654
23,21,5.373826925985532
23,22,3.827869900952448
23,24,3.8164772037351855
23,25,5.408124145376461
23,26,8.80518962406322
23,27,11.996679942129562
23,28,14.522614835850336
23,29,17.388998940806303
23,30,18.91854977208219
23,31,22.336844824712134
23,32,24.37400088664544
23,33,26.84218495984805
23,34,29.442276954975092
23,35,30.444698526295358
23,36,33.30173467495393
23,37,32.34902599712496
23,38,35.14600609187956
23,39,36.31561858860588
23,40,38.776050407678916
23,41,41.264343234813786
23,42,42.91687840230091
23,43,44.72330863045446
23,44,42.50535079576775
23,45,44.8307130989775
23,46,43.68244722072077
23,47,39.88050068052768
23,48,39.30498325066893
23,49,41.69279769962483
23,50,40.183655506575796
23,51,36.65533332007741
23,52,37.86368750781363
23,53,39.64539054490018
23,54,36.68820231810458
23,55,34.60612819029703
23,56,37.488870862857326
23,57,38.02257751777026
23,58,34.45823539684193
23,59,33.44162386531807
23,60,30.938258552760455
23,61,28.94112175818844
23,62,30.514801014662616
23,63,29.427460939253233
23,64,31.88106280854543
23,65,30.090639686431793
23,66,32.19967184304676
23,67,32.331452268005066
24,1,9.342902570469612
24,2,11.753410370464781
24,3,12.970114497016239
24,4,13.980780712580184
24,5,16.112109413768035
24,6,16.728349149129304
24,7,19.88558583567089
24,8,20.041767854753306
24,9,22.581074114329258
24,10,21.873977704586114
24,11,21.85888402078323
24,12,18.782786324012505
24,13,16.529785271129533
24,14,15.245280455837012
24,15,14.531529601359281
24,16,12.34821442002147
24,17,10.629532097722034
24,18,10.324907678853291
24,19,9.104689631989725
24,20,6.4347775878507685
24,21,5.127056061036775
24,22,5.87245088231541
24,23,3.8164772037351855
24,25,3.8082371727196884
24,26,6.90498800604667
24,27,10.63241200073217
24,28,12.612173651235711
24,29,15.919398732401682
24,30,17.999709984437715
24,31,21.657789446085054
24,32,24.110902300921712
24,33,26.871617502911594
24,34,29.806792906961924
24,35,31.159908412623565
24,36,34.28311668412638
24,37,33.73417951991298
24,38,36.709576721402236
24,39,38.205917943135425
24,40,40.68886131161778
24,41,43.37128602515535
24,42,45.0180517007927
24,43,46.979173144310245
24,44,44.89527876634587
24,45,47.11839397663654
24,46,45.726699356766666
24,47,41.94973199221896
24,48,41.28208781260152
24,49,43.431077420431535
24,50,41.8479540633002
24,51,38.334817464088
24,52,39.33067591000418
24,53,40.891626570048786
24,54,37.92027984919615
24,55,35.71378051025317
24,56,38.34969561570594
24,57,38.77868026018768
24,58,35.121395998872366
24,59,33.96412614027896
24,60,31.80351152056433
24,61,29.75645550586758
24,62,31.67142218469965
24,63,31.01181888807627
24,64,33.74397001722817
24,65,32.27576562198035
24,66,34.66638358325715
24,67,34.96124939310425
25,1,7.810839783901457
25,2,9.423128786311798
25,3,9.757046055324908
25,4,10.535845161679871
25,5,12.45690720950788
25,6,13.255388195365894
25,7,16.469747714221445
25,8,16.95433065697698
25,9,19.689774180989033
25,10,19.14116507324163
25,11,19.630921907152736
25,12,16.560401414344327
25,13,14.020958800227138
25,14,13.464060247619793
25,15,13.07224348498893
25,16,10.197309492940118
25,17,8.751435519325142
25,18,9.752383107310242
25,19,8.525048363107887
25,20,4.906229611260033
25,21,5.713749838967086
25,22,7.560467854262685
25,23,5.408124145376461
25,24,3.8082371727196884
25,26,3.796129433110912
25,27,7.226040628446285
25,28,9.236042044047235
25,29,12.389328640523452
25,30,14.460748327044973
25,31,18.06271713378651
25,32,20.60335643710206
25,33,23.26599371178122
25,34,26.272181147024252
25,35,27.611851398240017
25,36,30.80951008786692
25,37,30.42113422312907
25,38,33.43102062021909
25,39,35.113951730854836
25,40,37.56008469338523
25,41,40.35800140380941
25,42,41.99109281342214
25,43,44.07914648110337
25,44,42.142979489921075
25,45,44.32257107954742
25,46,42.7391652320123
25,47,38.98365639005887
25,48,38.348943904389074
25,49,40.326789844759915
25,50,38.62611616701528
25,51,35.166025794182254
25,52,36.13439459870075
25,53,37.52048221275274
25,54,34.49434087964442
25,55,32.32456989851521
25,56,34.90207054636526
25,57,35.19811772838581
25,58,31.505241372979587
25,59,30.41839886902244
25,60,28.37183202372362
25,61,26.205014074641316
25,62,28.191913144870252
25,63,27.749888739479097
25,64,30.61831364273058
25,65,29.378769648137585
25,66,31.991816871101957
25,67,32.45755230616961
26,1,9.399414504957846
26,2,10.666971121463222
26,3,9.785208572639974
26,4,10.462501867322764
26,5,11.523178365349064
26,6,12.27782312731661
26,7,15.066383560848454
26,8,15.458579657763895
26,9,17.905966079012998
26,10,16.896296307460908
26,11,17.853768262463447
26,12,15.262874186084149
26,13,12.120181494292618
26,14,11.74226213226615
26,15,12.391850137862233
26,16,9.521105202171329
26,17,7.360618771474297
