1,2,3.8111195688144215
1,3,6.5530378735141595
1,4,9.961052337738812
1,5,13.330604305760847
1,6,15.717121255873808
1,7,19.47333822612224
1,8,21.519802539891057
1,9,24.856397633174097
1,10,25.037793045230835
1,11,26.24474043637843
1,12,23.074528632711573
1,13,20.5805950810909
1,14,21.050367955853982
1,15,20.64831246569638
1,16,17.245885975766736
1,17,16.35508200405633
1,18,17.772024438764056
1,19,15.984883316018907
1,20,12.604059379428213
1,21,13.964266974903135
1,22,14.409867051835398
1,23,10.756792284255601
1,24,10.000320496745925
1,25,8.568349946705405
1,26,9.76388306733796
1,27,12.001707952229129
1,28,11.430475672227868
1,29,14.822126378319794
1,30,17.785915649823217
1,31,20.871202413767275
1,32,24.086905100135954
1,33,25.790534978615423
1,34,29.006956296868864
1,35,29.595125504860924
1,36,32.74362333920691
1,37,32.58574981538909
1,38,35.058336856408246
1,39,36.533727613369564
1,40,38.3185133625898
1,41,40.80338671003285
1,42,41.673034607201906
1,43,43.31245787175038
1,44,41.287337565730034
1,45,42.56347802226188
1,46,40.9862079980895
1,47,37.42547145924525
1,48,36.10542069251833
1,49,37.99065006046399
1,50,36.797978488965015
1,51,33.139010735152034
1,52,33.307018115675035
1,53,35.03034360922157
1,54,32.70925594382128
1,55,29.76426508497422
1,56,31.815277680164442
1,57,32.932463766182735
1,58,29.44116287464713
1,59,27.633136757682625
1,60,25.78285689665083
1,61,24.521667372713047
1,62,27.25603848670439
1,63,26.912137189958845
1,64,30.006689956839583
1,65,29.32808494357399
1,66,31.926384089321434
1,67,33.79505925395691
1,68,34.19704858636025
2,1,3.8111195688144215
2,3,3.8165410562291244
2,4,6.86688622909748
2,5,10.543338302212556
2,6,13.205183755409566
2,7,16.950336449403867
2,8,19.39813693941212
2,9,22.945303492439802
2,10,23.617210902323137
2,11,25.061827906544952
2,12,21.83062065866432
2,13,19.606766022564543
2,14,20.73269469998381
2,15,20.16515379449122
2,16,16.515652280671404
2,17,16.38334708290085
2,18,18.149321304395
2,19,16.011674313820226
2,20,12.935994953576822
2,21,15.20784406290686
2,22,15.56306793886349
2,23,11.976749023551045
2,24,12.129159496514651
2,25,9.861196798018295
2,26,10.824801374436088
2,27,12.093838019233155
2,28,11.328216684532153
2,29,14.081462547061022
2,30,16.68022954756143
2,31,19.305261298260948
2,32,22.309389987091446
2,33,23.540707652420636
2,34,26.57331187786589
2,35,26.79421146939228
2,36,29.784526314200328
2,37,29.51084316658388
2,38,31.79635472517001
2,39,33.22606464095292
2,40,34.84567459217506
2,41,37.26071126988546
2,42,38.01546301989824
2,43,39.61674068846453
2,44,37.594469672074524
2,45,38.806023608354224
2,46,37.20275730856995
2,47,33.66159703309522
2,48,32.305010586181496
2,49,34.18173326992334
2,50,33.020526531491
2,51,29.350636656554027
2,52,29.51133547393406
2,53,31.28796462668586
2,54,28.998378473772547
2,55,26.039487850817466
2,56,28.170142503145453
2,57,29.368892693209297
2,58,25.920387428956282
2,59,24.133333124586642
2,60,22.115578488556128
2,61,20.932804563877394
2,62,23.64239243143918
2,63,23.23102092534914
2,64,26.351360466306197
2,65,25.80064594556338
2,66,28.47417213459319
2,67,30.52704110856064
2,68,31.08695935833628
3,1,6.5530378735141595
3,2,3.8165410562291244
3,4,3.8045326844989744
3,5,7.075225181348968
3,6,10.085342582207941
3,7,13.721398498222054
3,8,16.368509128665803
3,9,19.89326417850417
3,10,20.522010901587745
3,11,22.338657412245713
3,12,19.354160450606233
3,13,16.957756445309926
3,14,18.520070030670837
3,15,18.374605687811354
3,16,14.617181269173019
3,17,14.608405719441846
3,18,17.02721743149517
3,19,15.293039301427896
3,20,12.215723120460158
3,21,14.973882729830537
3,22,16.013722980101
3,23,12.89938994752988
3,24,12.916099379954915
3,25,9.740459582571102
3,26,9.593658648247597
3,27,9.677709611286993
3,28,8.570776194861178
3,29,10.735370119270907
3,30,13.134139049436214
3,31,15.565048440184373
3,32,18.56689694094464
3,33,19.77793189157579
3,34,22.88224827780826
3,35,23.249312862820865
3,36,26.368642515314768
3,37,26.344027167696982
3,38,28.809951971862237
3,39,30.50514867848871
3,40,32.24726778414742
3,41,34.89421236004092
3,42,35.83255336893529
3,43,37.72022640377684
3,44,35.99545639947915
3,45,37.28180712815036
3,46,35.4102247448029
3,47,31.884132812297146
3,48,30.756750867210027
3,49,32.413744999155924
3,50,30.920560444483037
3,51,27.372594320108455
3,52,27.69004732911936
3,53,29.130516076739134
3,54,26.596205544356106
3,55,23.828531929033733
3,56,25.96315735625938
3,57,26.767392629127567
3,58,23.173387244960757
3,59,21.66051880444645
3,60,19.86594927165366
3,61,18.238662463068906
3,62,20.946168605575014
3,63,20.88090890548908
3,64,24.121684565291
3,65,23.739147241497186
3,66,26.672498885576093
3,67,28.647024927909392
3,68,29.567640916317064
4,1,9.961052337738812
4,2,6.86688622909748
4,3,3.8045326844989744
4,5,3.7976002545783043
4,6,6.710780026817408
4,7,10.298406739609023
4,8,13.172232952760076
4,9,16.827600800748513
4,10,17.953583040294703
4,11,19.851123516266362
4,12,16.853196012178866
4,13,14.89101174624331
4,14,17.05552154668486
4,15,16.69434810834053
4,16,12.925783461038971
4,17,13.801244326921218
4,18,16.37049722847643
4,19,14.470979959849046
4,20,12.061724748890619
4,21,15.437418621255022
4,22,16.386601912769805
4,23,13.753705449114372
4,24,14.49526617673815
4,25,11.053130688361923
4,26,10.895292585935685
4,27,10.078135410867093
4,28,9.599582522427426
4,29,10.667346973775917
4,30,12.016670829468932
4,31,13.86944935053921
4,32,16.342087896174075
4,33,17.120032490448125
4,34,19.920147302560178
4,35,19.98334686576297
4,36,22.946474710086456
4,37,22.705786652777633
4,38,25.128794250768774
4,39,26.743286037225264
4,40,28.549772461534232
4,41,31.218866350201488
4,42,32.28165687954591
4,43,34.25502304386049
4,44,32.62786032211154
4,45,34.08135029537765
4,46,32.19687004887564
4,47,28.61555065086788
4,48,27.75407590897521
4,49,29.479561706072598
4,50,27.78051498379728
4,51,24.26665262186678
4,52,24.931312353469476
4,53,26.365891913058714
4,54,23.60922387379504
4,55,21.11342014940654
4,56,23.570927900566844
4,57,24.184446684248968
4,58,20.53633582289973
4,59,19.478568639021415
4,60,17.411126310994057
4,61,15.400287604845282
4,62,17.742876899795746
4,63,17.481371611105022
4,64,20.602890612948784
4,65,20.092633965772055
4,66,23.04835428090321
4,67,24.94776249925266
4,68,25.988308314105836
5,1,13.330604305760847
5,2,10.543338302212556
5,3,7.075225181348968
5,4,3.7976002545783043
5,6,3.7750299465302537
5,7,6.892655942449561
5,8,10.072641300648655
5,9,13.652981934817916
5,10,14.870486712464022
5,11,17.179637002590365
5,12,14.570484081798568
5,13,12.654043068846066
5,14,15.408806150976904
5,15,15.461058419508761
5,16,11.892392820914251
5,17,13.107497071158537
5,18,16.128436290061405
5,19,14.7491605481951
5,20,12.786673626567023
5,21,16.32505744280372
5,22,17.72662804726349
5,23,15.737546974484795
5,24,16.417756073067274
5,25,12.723722304896302
5,26,11.808743794942453
5,27,9.810993045416028
5,28,9.483713873249137
5,29,9.181449327172754
5,30,9.449648222005692
5,31,10.652458186610435
5,32,12.761511058600615
5,33,13.370235506025038
5,34,16.134542813166963
5,35,16.32517775988325
5,36,19.413925366325962
5,37,19.39259741573912
5,38,22.06007210527054
5,39,23.93981736846838
5,40,25.953205987216613
5,41,28.878720885878195
5,42,30.216817055384734
5,43,32.510003231940914
5,44,31.24385895117503
5,45,32.84225682315055
5,46,30.72276418194303
5,47,27.1844957823617
5,48,26.702504250732897
5,49,28.20928075767598
5,50,26.099764211365716
5,51,22.80845218829539
5,52,23.785669850440655
5,53,24.824669240920688
5,54,21.7504790342643
5,55,19.675925615518686
5,56,22.198889803168687
5,57,22.259963931538636
5,58,18.49940317207374
5,59,18.022372371603254
5,60,16.203187513666204
5,61,13.531798119957482
5,62,15.557994217510293
5,63,15.635492848715167
5,64,18.714612888374415
5,65,18.299944846453133
5,66,21.44807956242915
5,67,23.124352338427094
5,68,24.53731067773059
6,1,15.717121255873808
6,2,13.205183755409566
6,3,10.085342582207941
6,4,6.710780026817408
6,5,3.7750299465302537
6,7,3.7898238716464174
6,8,6.4910478725527225
6,9,10.176028592670821
6,10,11.734637838239674
6,11,13.777948711423898
6,12,11.080229257141605
6,13,9.709115628890046
6,14,12.81661098612942
6,15,12.590424924034403
6,16,9.330857962608336
6,17,11.359272859147069
6,18,14.2130265261494
6,19,12.926908068831995
6,20,11.847064714251502
6,21,15.522440052400675
6,22,16.84659351438226
6,23,15.584172633689917
6,24,16.706729873582667
6,25,13.175287960542109
6,26,12.483948511251988
6,27,10.31626790513976
6,28,11.177187621075014
6,29,10.490845696982307
6,30,9.521125579423698
6,31,10.430776255835168
6,32,11.624143443884364
6,33,12.22910518202175
6,34,14.539175243448584
6,35,14.751642878030848
6,36,17.686107221154916
6,37,17.30151127624986
6,38,20.160874980292544
6,39,21.832461374920854
6,40,24.242565773637917
6,41,27.229111465620534
6,42,28.955305318118544
6,43,31.37066498299219
6,44,30.22878948926173
6,45,32.21171254245365
6,46,30.22097417105903
6,47,26.608579267584958
6,48,26.636736271072294
6,49,28.323493414008897
6,50,25.929790891421682
6,51,22.782528276067588
6,52,24.33891666902174
6,53,25.369440070886583
6,54,22.015700877349854
6,55,20.498436930442463
6,56,23.369043332928033
6,57,23.09839182147557
6,58,19.390300557936605
6,59,19.609609102898798
6,60,17.60242977326481
6,61,14.507021675060184
6,62,15.663153076177567
6,63,15.311538558258457
6,64,17.8502626391157
6,65,16.847904508519772
6,66,19.716685115251874
6,67,20.86032286455599
6,68,22.139265043251463
7,1,19.47333822612224
7,2,16.950336449403867
7,3,13.721398498222054
7,4,10.298406739609023
7,5,6.892655942449561
7,6,3.7898238716464174
7,8,3.7847665453897843
7,9,7.224038693896429
7,10,9.426536863041875
7,11,11.858894109374793
7,12,9.874538416998448
7,13,9.232729467450932
7,14,12.903938824353268
7,15,12.946820508615222
7,16,10.488838715959295
7,17,12.882685187695419
7,18,15.719398290685358
7,19,14.895824052767484
7,20,14.47470646560559
7,21,18.008028805010238
7,22,19.452776374961164
7,23,18.703982984358905
7,24,19.86465425548765
7,25,16.40580507862953
7,26,15.4303217380032
7,27,12.78743236137794
7,28,13.70555220787713
7,29,12.103545780140246
7,30,9.976330001523152
7,31,9.635410023160684
7,32,9.555956739792485
7,33,9.52213103430714
7,34,11.240580813691126
7,35,11.36992448696421
7,36,14.222933825558064
7,37,13.863193250359307
7,38,16.960937915466946
7,39,18.79839512955412
7,40,21.464989783678877
7,41,24.656092747536512
7,42,26.6983870535253
7,43,29.39360547514746
7,44,28.634150506558253
7,45,30.789650049499745
7,46,28.65718185614064
7,47,25.15138763451476
7,48,25.645028107784945
7,49,27.144344103821155
7,50,24.381639698965284
7,51,21.576176200529858
7,52,23.516684384840087
7,53,24.19045611042
7,54,20.60007374718524
7,55,19.699261665853832
7,56,22.628489857185997
7,57,21.82799031946726
7,58,18.22969680763021
7,59,19.169077503997393
7,60,17.376062846031054
7,61,13.866233716074374
7,62,14.26778846931468
7,63,14.083346193887655
7,64,16.22625830592494
7,65,15.222119846458472
7,66,18.091716432170116
7,67,18.866746693123723
7,68,20.513550004740292
8,1,21.519802539891057
8,2,19.39813693941212
8,3,16.368509128665803
8,4,13.172232952760076
8,5,10.072641300648655
8,6,6.4910478725527225
8,7,3.7847665453897843
8,9,3.744336198248009
8,10,6.263470907162473
8,11,8.220574795806542
8,12,6.443916210195547
8,13,6.7131692785415815
8,14,10.455603003615163
8,15,10.44559470462834
8,16,8.95336021662324
8,17,11.673918962838902
8,18,14.126873449275442
8,19,13.784908891324763
8,20,14.173089844577378
8,21,17.39484612948227
8,22,18.872457665065895
8,23,18.878801206073906
8,24,20.140424463360553
8,25,17.006487391407564
8,26,16.12385691963734
8,27,13.564764964074561
8,28,15.284986760745157
8,29,13.699615423257292
8,30,11.020712273386437
8,31,10.785423566532941
8,32,9.905827113114285
8,33,10.359951593241933
8,34,11.4935256456023
8,35,12.085419133018554
8,36,14.646974461519488
8,37,14.050100685046196
8,38,17.35393672752042
8,39,18.92775716372719
8,40,22.046608401465498
8,41,25.249249509229546
8,42,27.706324519124546
8,43,30.489584785119014
8,44,29.88526372505893
8,45,32.37770639587462
8,46,30.410606697964514
8,47,26.929770714737316
8,48,27.85622057756439
8,49,29.46456356919302
8,50,26.526426341257732
8,51,23.944067794294725
8,52,26.254477520265443
8,53,26.87788714450853
8,54,23.184116861818616
8,55,22.709813436927856
8,56,25.737741419188737
8,57,24.69119292128911
8,58,21.237081192869123
8,59,22.540169126966877
8,60,20.764502789937218
8,61,17.180119769966527
8,62,17.04746050655739
8,63,16.60131071204359
8,64,18.118144151133404
8,65,16.57219540273023
8,66,18.913752071383303
8,67,18.929870804368488
8,68,20.278118168232574
9,1,24.856397633174097
9,2,22.945303492439802
9,3,19.89326417850417
9,4,16.827600800748513
9,5,13.652981934817916
9,6,10.176028592670821
9,7,7.224038693896429
9,8,3.744336198248009
9,10,3.8157284398074247
9,11,5.647008959146905
9,12,5.664833776781761
9,13,6.990171910378884
9,14,10.379022036252662
9,15,10.797513673293693
9,16,10.57402635851986
9,17,13.054917169290318
9,18,15.19259697869494
9,19,15.52080930259248
9,20,16.41190229744489
9,21,19.204864633424126
9,22,20.831273218632298
9,23,21.3959506035674
9,24,22.543124329503897
9,25,19.627751543053446
9,26,18.560014053139028
9,27,15.880174800044326
9,28,17.80468473377773
9,29,15.88264506722155
9,30,12.679322695682755
9,31,11.94835456810921
9,32,10.051533215728433
9,33,10.532912765869021
9,34,10.844479713049612
9,35,11.896247650106652
9,36,14.10263337053209
9,37,13.619324394974818
9,38,17.094374146176932
9,39,18.65191129000632
9,40,22.099269846421127
9,41,25.388001785491053
9,42,28.220050006886524
9,43,31.19972839908888
9,44,30.953538695459393
9,45,33.64293628214005
9,46,31.66360266122465
9,47,28.34776479415935
9,48,29.692441298827315
9,49,31.161662660984685
9,50,27.98083850578346
9,51,25.77036202871633
9,52,28.339164159371485
9,53,28.674497875710696
9,54,24.897888987295186
9,55,24.913639108662753
9,56,27.874539833652836
9,57,26.423078349746337
9,58,23.16120218034955
9,59,24.897445896165557
9,60,23.368651452583748
9,61,19.666816232864385
9,62,19.069460894072723
9,63,18.748132557061567
9,64,19.77658382458225
9,65,18.137748787689503
9,66,20.134833249148752
9,67,19.52224091715851
9,68,20.90105882933132
10,1,25.037793045230835
10,2,23.617210902323137
10,3,20.522010901587745
10,4,17.953583040294703
10,5,14.870486712464022
10,6,11.734637838239674
10,7,9.426536863041875
10,8,6.263470907162473
10,9,3.8157284398074247
10,11,3.8178772559899157
10,12,5.382335613717128
10,13,5.46907253967615
10,14,8.234606142620466
10,15,9.87597374643624
10,16,10.222052367449368
10,17,11.712756357360082
10,18,13.994238597254972
10,19,15.245106840042274
10,20,15.951242773440649
10,21,18.203353138456094
10,22,20.36030687648441
10,23,21.245456632383714
10,24,21.843469769122496
10,25,19.065280243545445
10,26,17.540206091264476
10,27,14.728287429755698
10,28,16.85227306424074
10,29,14.826057808724668
10,30,11.44631294132291
10,31,11.06363116481674
10,32,9.30521314768297
10,33,10.990895470982396
10,34,11.863008998437653
10,35,13.919058739207044
10,36,16.46633891599518
10,37,16.615331927158987
10,38,20.250443137153834
10,39,22.051329763723594
10,40,25.525647869206
10,41,28.908804411795384
10,42,31.788074969114874
10,43,34.85747058774074
10,44,34.69997698859738
10,45,37.338972125110004
10,46,35.253471089465066
10,47,31.978222196581612
10,48,33.24327094964214
10,49,34.577745995226465
10,50,31.358937207753637
10,51,29.1666958908314
10,52,31.56496372682473
10,53,31.728414870635863
10,54,27.951999795146467
10,55,27.839794711400394
10,56,30.5869923953652
10,57,29.004990493375217
10,58,25.650544992025516
10,59,27.22347259987094
10,60,25.996537276576856
10,61,22.25218393251378
10,62,22.02846241692984
10,63,22.063967159438917
10,64,23.33691631628082
10,65,21.86996185883933
10,66,23.94473840592196
10,67,23.308910361518585
10,68,24.615336829925067
11,1,26.24474043637843
11,2,25.061827906544952
11,3,22.338657412245713
11,4,19.851123516266362
11,5,17.179637002590365
11,6,13.777948711423898
11,7,11.858894109374793
11,8,8.220574795806542
11,9,5.647008959146905
11,10,3.8178772559899157
11,12,3.8224271648096932
11,13,5.776729516941515
11,14,7.192209333922861
11,15,8.085282293065662
11,16,9.766096631423283
11,17,11.474896556305952
11,18,12.74839965952354
11,19,14.169066012931758
11,20,15.717338849395002
11,21,17.563476007148587
11,22,19.36765215612186
11,23,20.869585803047645
11,24,21.758399663082884
11,25,19.49347040606912
11,26,18.50088829720441
11,27,16.283051195738548
11,28,18.988273518883414
11,29,17.52380333131439
11,30,14.47383004174967
11,31,14.642481355230379
11,32,13.107849291744097
11,33,14.732030099765794
11,34,15.269516674822984
11,35,16.99614503041226
11,36,19.105409836301575
11,37,18.704202740507043
11,38,22.11697871401424
11,39,23.391757648219098
11,40,27.014209967553818
11,41,30.17309297208839
11,42,33.19978122201189
11,43,36.11501564227149
11,44,35.83737318280161
11,45,38.721734074523766
11,46,36.9377356257032
11,47,33.60449516130406
11,48,35.04476756273656
11,49,36.65953549901937
11,50,33.49891431830985
11,51,31.282607166008674
11,52,33.901098649838545
11,53,34.31271448413203
11,54,30.538824111430973
11,55,30.506290346666393
11,56,33.46841320079191
11,57,32.02349465474549
11,58,28.720097649472052
11,59,30.327699287916147
11,60,28.80340258679435
11,61,25.12421524704408
11,62,24.686380310433563
11,63,24.248381945544125
11,64,25.167008674401288
11,65,23.197125319496365
11,66,24.77649594220445
11,67,23.69090274678927
11,68,24.465195118549026
12,1,23.074528632711573
12,2,21.83062065866432
12,3,19.354160450606233
12,4,16.853196012178866
12,5,14.570484081798568
12,6,11.080229257141605
12,7,9.874538416998448
12,8,6.443916210195547
12,9,5.664833776781761
12,10,5.382335613717128
12,11,3.8224271648096932
12,13,3.7992943653406024
12,14,5.800876663976328
12,15,5.332733360345783
12,16,6.3904931018357205
12,17,8.929866975928231
12,18,10.138010114029434
12,19,10.838138912273008
12,20,12.492679391901012
12,21,14.728672691316556
12,22,16.19819979403037
12,23,17.48823822598373
12,24,18.73280342861215
12,25,16.46096977911793
12,26,15.956965197611574
12,27,14.128023068881726
12,28,17.03558896741177
12,29,16.13794947432486
12,30,13.60752010956432
12,31,14.403268275429067
12,32,13.628131456568303
12,33,15.20064262848029
12,34,16.20283881327949
12,35,17.457098349074474
12,36,19.723476266977375
12,37,18.95523751399054
12,38,22.21865791119271
12,39,23.30105408516398
12,40,26.751543068249035
12,41,29.76480826330477
12,42,32.53746297076048
12,43,35.21526580541732
12,44,34.55327461488028
12,45,37.38051679229625
12,46,35.74990060953476
12,47,32.24018710811746
12,48,33.404465636459236
12,49,35.276698007117545
12,50,32.35619432849069
12,51,29.8173785859653
12,52,32.32461593735974
12,53,33.10335829230291
12,54,29.407276730119186
12,55,29.01944838894926
12,56,32.13412071074207
12,57,31.09813420561148
12,58,27.67467627320605
12,59,28.950789473844722
12,60,27.086181539133797
12,61,23.568299296730185
12,62,23.372793222223628
12,63,22.599260488300118
12,64,23.708035981430896
12,65,21.55682269325117
12,66,23.17283665800602
12,67,22.406458223899357
12,68,22.918643650350592
13,1,20.5805950810909
13,2,19.606766022564543
13,3,16.957756445309926
13,4,14.89101174624331
13,5,12.654043068846066
13,6,9.709115628890046
13,7,9.232729467450932
13,8,6.7131692785415815
13,9,6.990171910378884
13,10,5.46907253967615
13,11,5.776729516941515
13,12,3.7992943653406024
13,14,3.8173432326373864
13,15,5.3088617718091085
13,16,4.997405283679125
13,17,6.312310427728876
13,18,8.721185447470045
13,19,9.98060770101146
13,20,10.55200059476035
13,21,12.748440503293812
13,22,14.942981948260663
13,23,15.881652734857502
13,24,16.466976219473782
13,25,13.901173004341729
13,26,12.778512138686041
13,27,10.628870727908375
13,28,13.536688259360432
13,29,12.655972783537479
13,30,10.305819251310783
13,31,11.725513951542904
13,32,11.733647785782967
13,33,14.038617445317051
13,34,15.868233062143908
13,35,17.614255379207417
13,36,20.44185546960068
13,37,20.247857034979027
13,38,23.708435752512806
13,39,25.241160020484255
13,40,28.53508520114629
13,41,31.71609227738739
13,42,34.29745173026941
13,43,37.04135188520091
13,44,36.34436744448871
13,45,38.921814021903344
13,46,37.06325721841686
13,47,33.53374647674811
13,48,34.36138915353563
13,49,36.05770230406807
13,50,33.19161127310801
13,51,30.509453156723207
13,52,32.660430938519866
13,53,33.32789137228115
13,54,29.672488537910507
13,55,28.925805567725995
13,56,31.803260071782823
13,57,30.80864003222172
13,58,27.21057579236031
13,59,28.129787161097994
13,60,26.519003585075872
13,61,23.020821222374327
13,62,23.409958232621136
13,63,23.074477582367823
13,64,24.736936749076257
13,65,23.01349342227849
13,66,25.09546221726633
13,67,24.80914061972847
13,68,25.577868322996245
14,1,21.050367955853982
14,2,20.73269469998381
14,3,18.520070030670837
14,4,17.05552154668486
14,5,15.408806150976904
14,6,12.81661098612942
14,7,12.903938824353268
14,8,10.455603003615163
14,9,10.379022036252662
14,10,8.234606142620466
14,11,7.192209333922861
14,12,5.800876663976328
14,13,3.8173432326373864
14,15,3.8141446625994466
14,16,5.305909858631203
14,17,4.902966464322288
14,18,6.265244718657034
14,19,8.78839803749065
14,20,9.739523352342777
14,21,10.834244767664817
14,22,13.248137046861855
14,23,14.92999815403198
14,24,15.191695266532012
14,25,13.343035150363455
14,26,12.421601071608782
14,27,11.04461533476593
14,28,14.46009057112819
14,29,14.215789667666643
14,30,12.40626923545858
14,31,14.422067779468538
14,32,14.742879360628452
14,33,17.43772563764607
14,34,19.335168031436
14,35,21.295340557456196
14,36,24.09622299006177
14,37,23.891509115796815
14,38,27.339074752668044
14,39,28.736486784219935
14,40,32.10144852439785
14,41,35.21284177905731
14,42,37.84981799455836
14,43,40.52558339482831
14,44,39.740726552525174
14,45,42.397398691280245
14,46,40.66054978500925
14,47,37.091581762857764
14,48,37.90435182145259
14,49,39.712706099965374
14,50,36.90311126501639
14,51,34.16322073507138
14,52,36.30040779711122
14,53,37.06339635161589
14,54,33.43023928986817
14,55,32.59275800454972
14,56,35.47091128132022
14,57,34.55207062722161
14,58,30.92196750288558
14,59,31.700762466732098
14,60,30.064101791984537
14,61,26.639836102724384
14,62,27.146210511812
14,63,26.718908434775052
14,64,28.35263622116467
14,65,26.45806349213873
14,66,28.342600704898825
14,67,27.885844621324637
14,68,28.314890232263718
15,1,20.64831246569638
15,2,20.16515379449122
15,3,18.374605687811354
15,4,16.69434810834053
15,5,15.461058419508761
15,6,12.590424924034403
15,7,12.946820508615222
15,8,10.44559470462834
15,9,10.797513673293693
15,10,9.87597374643624
15,11,8.085282293065662
15,12,5.332733360345783
15,13,5.3088617718091085
15,14,3.8141446625994466
15,16,3.7867605265444717
15,17,5.375708649719358
15,18,5.036338023236931
15,19,6.327307838594969
15,20,8.577236701425862
15,21,9.997487919418889
15,22,11.381749261429553
15,23,13.322396369986489
15,24,14.495588802262226
15,25,12.999584147415126
15,26,13.153106470985907
15,27,12.489849231689002
15,28,16.042080660718558
15,29,16.280425625141888
15,30,14.761214873138362
15,31,16.758381890687502
15,32,17.02943636362113
15,33,19.207286359310242
15,34,20.83073435637076
15,35,22.202137921230698
15,36,24.702380921119605
15,37,23.914467822269934
15,38,27.085711249553974
15,39,28.0262433589561
15,40,31.342203830534395
15,41,34.19269666976296
15,42,36.764495583911284
15,43,39.19088643431215
15,44,38.14982368168677
15,45,40.92494806399801
15,46,39.4908483809711
15,47,35.83813113835465
15,48,36.66875815916345
15,49,38.785769057371844
15,50,36.144331042464344
15,51,33.29026233240505
15,52,35.564070105024406
15,53,36.67528022465849
15,54,33.103853843186116
15,55,32.24888170594114
15,56,35.375490178435214
15,57,34.73591538814492
15,58,31.162101603567738
15,59,31.92279709131172
15,60,29.875826620406624
15,61,26.60075429242848
15,62,26.91028478039737
15,63,25.95776720752463
15,64,27.339425668621825
15,65,25.053212506518296
15,66,26.584617688543116
15,67,26.02040048112023
15,68,26.010299474054744
16,1,17.245885975766736
16,2,16.515652280671404
16,3,14.617181269173019
16,4,12.925783461038971
16,5,11.892392820914251
16,6,9.330857962608336
16,7,10.488838715959295
16,8,8.95336021662324
16,9,10.57402635851986
16,10,10.222052367449368
16,11,9.766096631423283
16,12,6.3904931018357205
16,13,4.997405283679125
16,14,5.305909858631203
16,15,3.7867605265444717
16,17,3.8126624378139344
16,18,5.324487662312763
16,19,5.187565459969087
16,20,6.117761139790331
16,21,8.758295012408759
16,22,10.305875026567767
16,23,11.195317082158446
16,24,12.403471165789561
16,25,10.205723528906498
16,26,10.34404824135457
16,27,9.589055029377976
16,28,12.972528655860181
16,29,13.45902714783612
16,30,12.389675055254557
16,31,14.675093736809442
16,32,15.538642642270423
16,33,17.62429691525549
16,34,19.664915734062888
16,35,20.843083706351024
16,36,23.586608846121305
16,37,22.901754561041585
16,38,26.036192519567
16,39,27.164087848200616
16,40,30.237903466110552
16,41,33.11432638027105
16,42,35.40706493551942
16,43,37.77189549471259
16,44,36.57915445079945
16,45,39.12126077154812
16,46,37.58227540658816
16,47,33.88227972124521
16,48,34.385670335631474
16,49,36.463999212804865
16,50,33.97353278370781
16,51,30.936517900798837
16,52,32.94260399118821
16,53,34.134404213586265
16,54,30.6606735799706
16,55,29.485292757141206
16,56,32.53463350848972
16,57,32.11511131437574
16,58,28.463685607929555
16,59,28.91403605347227
16,60,26.83830434344577
16,61,23.7031837961574
16,62,24.377737436692836
16,63,23.51853075475792
16,64,25.277392824508567
16,65,23.255209530490323
16,66,25.140255568818773
16,67,25.107833655473488
16,68,25.323379599249233
17,1,16.35508200405633
17,2,16.38334708290085
17,3,14.608405719441846
17,4,13.801244326921218
17,5,13.107497071158537
17,6,11.359272859147069
17,7,12.882685187695419
17,8,11.673918962838902
17,9,13.054917169290318
17,10,11.712756357360082
17,11,11.474896556305952
17,12,8.929866975928231
17,13,6.312310427728876
17,14,4.902966464322288
17,15,5.375708649719358
17,16,3.8126624378139344
17,18,3.815956314054957
17,19,5.656179254899115
17,20,5.114707805836912
17,21,6.5622176034922335
17,22,9.332295719996084
17,23,10.381592445421012
17,24,10.433169909031072
17,25,8.446128303532525
17,26,7.925340698085261
17,27,7.525917292281305
17,28,11.263904046718974
17,29,12.200724359672769
17,30,11.686446688757263
17,31,14.629831783716345
17,32,16.06223301016865
17,33,18.770504307207624
17,34,21.24721415959949
17,35,22.92146593129494
17,36,25.96309557681301
17,37,25.708642382822944
17,38,29.014500385328034
17,39,30.417836884844753
17,40,33.48725254348988
17,41,36.48910778931593
17,42,38.75516929088477
17,43,41.19868667349545
17,44,40.04446701529006
17,45,42.46837054221635
17,46,40.790818829416686
17,47,37.11000376437515
17,48,37.45028493693561
17,49,39.38495113025873
17,50,36.90087078380523
17,51,33.83305818846869
17,52,35.606692912688025
17,53,36.66500522841362
17,54,33.22285214938938
17,55,31.852119932250712
17,56,34.67448014204489
17,57,34.22178134648789
17,58,30.48065281006148
17,59,30.683522251795523
17,60,28.886493798392777
17,61,25.7888817348494
17,62,26.85263992440378
17,63,26.347950307779268
17,64,28.394549102280756
17,65,26.626481011397733
17,66,28.70775943317663
17,67,28.796743000712997
17,68,29.106735225927856
18,1,17.772024438764056
18,2,18.149321304395
18,3,17.02721743149517
18,4,16.37049722847643
18,5,16.128436290061405
18,6,14.2130265261494
18,7,15.719398290685358
18,8,14.126873449275442
18,9,15.19259697869494
18,10,13.994238597254972
18,11,12.74839965952354
18,12,10.138010114029434
18,13,8.721185447470045
18,14,6.265244718657034
18,15,5.036338023236931
18,16,5.324487662312763
18,17,3.815956314054957
18,19,3.8200995794153716
18,20,5.304908343126846
18,21,5.212629901192162
18,22,7.130058147256542
18,23,9.475259794653642
18,24,10.068635155742106
18,25,9.423086810031448
18,26,10.128299855516625
18,27,10.815648814247004
18,28,14.581437473121902
18,29,15.901418770196333
18,30,15.499732202763942
18,31,18.375465893951645
18,32,19.57409314448807
18,33,22.163391223394214
18,34,24.367485790303647
18,35,25.87747991595071
18,36,28.68184050748656
18,37,28.07286718774219
18,38,31.24147908426685
18,39,32.2817934179877
18,40,35.42029328006961
18,41,38.23132788125284
18,42,40.55685279774579
18,43,42.83219722984348
18,44,41.52084335586731
18,45,44.1108925156209
18,46,42.70741990784706
18,47,38.97455865915644
18,48,39.40545650027044
18,49,41.59083635768392
18,50,39.19554333248753
18,51,36.08695616834474
18,52,38.0116178813839
18,53,39.302551793849936
18,54,35.88007823253747
18,55,34.557346277514156
18,56,37.552969594043404
18,57,37.23587457194685
18,58,33.54070940463424
18,59,33.774593017867986
18,60,31.725621301099856
18,61,28.712037796312373
18,62,29.58475039177331
18,63,28.701413701550173
18,64,30.473189727397404
18,65,28.332555685403502
18,66,30.01762808429318
18,67,29.834912387453695
18,68,29.67033315160288
19,1,15.984883316018907
19,2,16.011674313820226
19,3,15.293039301427896
19,4,14.470979959849046
19,5,14.7491605481951
19,6,12.926908068831995
19,7,14.895824052767484
19,8,13.784908891324763
19,9,15.52080930259248
19,10,15.245106840042274
19,11,14.169066012931758
19,12,10.838138912273008
19,13,9.98060770101146
19,14,8.78839803749065
19,15,6.327307838594969
19,16,5.187565459969087
19,17,5.656179254899115
19,18,3.8200995794153716
19,20,3.8088781642926794
19,21,5.329805118424135
19,22,5.435631375859319
19,23,7.199703812038848
19,24,9.149043650623604
19,25,8.452982506537614
19,26,10.28739890358503
19,27,11.395386836606272
19,28,14.898805207585095
19,29,16.52981357312471
19,30,16.411483606420862
19,31,19.20435507229388
19,32,20.497625426222307
19,33,22.625270974440735
19,34,24.753404893801726
19,35,25.738269868511793
19,36,28.385250193142316
19,37,27.414989647688092
19,38,30.310288746612894
19,39,31.089018649385157
19,40,34.02413345923939
19,41,36.61582737083992
19,42,38.72294403804511
19,43,40.75138266984592
19,44,39.17299023193851
19,45,41.711985368988074
19,46,40.5058752497558
19,47,36.72045462994974
19,48,36.99474660410754
19,49,39.38578853293087
19,50,37.2228656040114
19,51,33.970807958689385
19,52,35.85089363772505
19,53,37.4450869382192
19,54,34.15837209747933
19,55,32.6893929613844
19,56,35.812325395214714
19,57,35.821454679386235
19,58,32.18479855768974
19,59,32.26627573741497
19,60,29.90052685348305
19,61,27.12641476606285
19,62,27.993484447437837
19,63,26.755686438118225
19,64,28.479572911108246
19,65,26.205650073098642
19,66,27.758996936931386
19,67,27.7798634384419
19,68,27.391452902851846
20,1,12.604059379428213
20,2,12.935994953576822
20,3,12.215723120460158
20,4,12.061724748890619
20,5,12.786673626567023
20,6,11.847064714251502
20,7,14.47470646560559
20,8,14.173089844577378
20,9,16.41190229744489
20,10,15.951242773440649
20,11,15.717338849395002
20,12,12.492679391901012
20,13,10.55200059476035
20,14,9.739523352342777
20,15,8.577236701425862
20,16,6.117761139790331
20,17,5.114707805836912
20,18,5.304908343126846
20,19,3.8088781642926794
20,21,3.815813877277514
20,22,5.405701313084365
20,23,5.388586918807237
20,24,6.340101549087569
20,25,4.7414170977127705
20,26,6.614619043811959
20,27,8.269070089463481
20,28,11.587083488921541
20,29,13.744966543465758
20,30,14.355905332224097
20,31,17.55310111604857
20,32,19.487600599557492
20,33,21.806785523183578
20,34,24.398402011284013
20,35,25.53104871195676
20,36,28.491140964049677
20,37,27.890997250194417
20,38,30.87191295015435
20,39,31.99657929099441
20,40,34.761638516889676
20,41,37.48050103356968
20,42,39.3868749830982
20,43,41.464044493455454
20,44,39.870362449060956
20,45,42.14344042993544
20,46,40.72268947857539
20,47,36.95127351840394
20,48,36.90316636788833
20,49,39.110004117421944
20,50,37.034157007411466
20,51,33.67874578194379
20,52,35.20446237538494
20,53,36.7117273943966
20,54,33.5225127117567
20,55,31.731860863630562
20,56,34.61478096617371
20,57,34.725531247989764
20,58,31.00616259084171
20,59,30.726885304123115
20,60,28.567875888155122
20,61,25.927833990108496
20,62,27.288037334101798
20,63,26.407540265693395
20,64,28.580552005105464
20,65,26.73086281747405
20,66,28.704817633623698
20,67,29.17400907540687
20,68,29.12757335299255
21,1,13.964266974903135
21,2,15.20784406290686
21,3,14.973882729830537
21,4,15.437418621255022
21,5,16.32505744280372
21,6,15.522440052400675
21,7,18.008028805010238
21,8,17.39484612948227
21,9,19.204864633424126
21,10,18.203353138456094
21,11,17.563476007148587
21,12,14.728672691316556
21,13,12.748440503293812
21,14,10.834244767664817
21,15,9.997487919418889
21,16,8.758295012408759
21,17,6.5622176034922335
21,18,5.212629901192162
21,19,5.329805118424135
21,20,3.815813877277514
21,22,3.79867557939647
21,23,5.377938147671922
21,24,5.000296442637487
21,25,5.655266184845968
21,26,7.563699621954986
21,27,10.017318679706854
21,28,13.363437074640517
21,29,15.820680647969596
21,30,16.65163384503696
21,31,20.076292171843743
21,32,22.086893041602114
21,33,24.743006388302287
21,34,27.401250263384895
21,35,28.813783396936483
21,36,31.82997644643154
21,37,31.321839557344322
21,38,34.3904798290304
21,39,35.51077431986342
21,40,38.373671641298856
21,41,41.104036946628334
21,42,43.08738925177671
21,43,45.165575930036134
21,44,43.5608065359561
21,45,45.88225553834791
21,46,44.507912825494614
21,47,40.73077196671852
21,48,40.69272141679783
21,49,42.92154371038249
21,50,40.84732824840898
21,51,37.49415349484485
21,52,39.001148235354066
21,53,40.49859869312386
21,54,37.30817292836822
21,55,35.49391324539457
21,56,38.32111290991619
21,57,38.4110818052319
21,58,34.66899767726844
21,59,34.32765241711395
21,60,32.25723348136145
21,61,29.63147643799137
21,62,31.053283678769507
21,63,30.219292632188758
21,64,32.37084395846822
21,65,30.45697486755719
21,66,32.325497365686644
21,67,32.638541195337524
21,68,32.42026273771527
22,1,14.409867051835398
22,2,15.56306793886349
22,3,16.013722980101
22,4,16.386601912769805
22,5,17.72662804726349
22,6,16.84659351438226
22,7,19.452776374961164
22,8,18.872457665065895
22,9,20.831273218632298
22,10,20.36030687648441
22,11,19.36765215612186
22,12,16.19819979403037
22,13,14.942981948260663
22,14,13.248137046861855
22,15,11.381749261429553
22,16,10.305875026567767
22,17,9.332295719996084
22,18,7.130058147256542
22,19,5.435631375859319
22,20,5.405701313084365
22,21,3.79867557939647
22,23,3.8134023964581574
22,24,5.6762239899990705
22,25,7.395937902977025
22,26,10.419688246512553
22,27,13.074953667000157
22,28,16.21880822987605
22,29,18.801500742061748
22,30,19.638182287967673
22,31,22.90959857231725
22,32,24.77732888531883
22,33,27.107522258956237
22,34,29.55564688572888
22,35,30.581433084556195
22,36,33.363988877335686
22,37,32.456186283767444
22,38,35.272789239726755
22,39,36.029419665135265
22,40,38.788495567735104
22,41,41.25708308517047
22,42,43.12610289426479
22,43,44.93656583080149
22,44,43.07920289893344
22,45,45.44954196014552
22,46,44.3742108414118
22,47,40.56004400369526
22,48,40.47685843744543
22,49,42.970254485775
22,50,41.10674733588836
22,51,37.666919899639964
22,52,39.22718144089397
22,53,41.040957808481856
22,54,37.96324319905647
22,55,36.10930920532754
22,56,39.1028274523878
22,57,39.46540534224614
22,58,35.80921034662074
22,59,35.414336598761544
22,60,33.01538897962467
22,61,30.59863924393398
22,62,31.87956419521726
22,63,30.625769609192993
22,64,32.56467225291761
22,65,30.383746798393393
22,66,31.921613214873098
22,67,32.20596027900569
22,68,31.57936445498017
23,1,10.756792284255601
23,2,11.976749023551045
23,3,12.89938994752988
23,4,13.753705449114372
23,5,15.737546974484795
23,6,15.584172633689917
23,7,18.703982984358905
23,8,18.878801206073906
23,9,21.3959506035674
23,10,21.245456632383714
23,11,20.869585803047645
23,12,17.48823822598373
23,13,15.881652734857502
23,14,14.92999815403198
23,15,13.322396369986489
23,16,11.195317082158446
23,17,10.381592445421012
23,18,9.475259794653642
23,19,7.199703812038848
23,20,5.388586918807237
23,21,5.377938147671922
23,22,3.8134023964581574
23,24,3.832253792467774
23,25,5.193423019166458
23,26,8.904559495523989
23,27,11.922153080670663
23,28,14.455345415058938
23,29,17.40924714862584
23,30,18.800737628835734
23,31,22.13124895293872
23,32,24.37892055624243
23,33,26.526753438050232
23,34,29.185287850745173
23,35,30.0148656631283
23,36,32.88837978389984
23,37,32.065049193814836
23,38,34.76962673856315
23,39,35.642104771693006
23,40,38.14427839594496
23,41,40.57960666044654
23,42,42.16971538808707
23,43,43.883466871321744
23,44,41.89717464909198
23,45,44.015973315652076
23,46,42.87810739173942
23,47,39.0788111705294
23,48,38.66862734970499
23,49,41.106368609772325
23,50,39.44620520089485
23,51,35.887980209680194
23,52,37.14217049545118
23,53,39.03733821690234
23,54,36.13822769987821
23,55,33.99096331384176
23,56,36.84426050575347
23,57,37.45894782834962
23,58,33.823018481036264
23,59,33.08823705356946
23,60,30.69161337253175
23,61,28.554018060207625
23,62,30.16271407234728
23,63,28.99588490633001
23,64,31.20994241062269
23,65,29.311994236037716
23,66,31.085818255106474
23,67,31.817182187448278
23,68,31.375035061086678
24,1,10.000320496745925
24,2,12.129159496514651
24,3,12.916099379954915
24,4,14.49526617673815
24,5,16.417756073067274
24,6,16.706729873582667
24,7,19.86465425548765
24,8,20.140424463360553
24,9,22.543124329503897
24,10,21.843469769122496
24,11,21.758399663082884
24,12,18.73280342861215
24,13,16.466976219473782
24,14,15.191695266532012
24,15,14.495588802262226
24,16,12.403471165789561
24,17,10.433169909031072
24,18,10.068635155742106
24,19,9.149043650623604
24,20,6.340101549087569
24,21,5.000296442637487
24,22,5.6762239899990705
24,23,3.832253792467774
24,25,3.826578244308656
24,26,6.903960631098128
24,27,10.512248627210177
24,28,12.806335060277267
24,29,16.092213065660122
24,30,17.94305250141895
24,31,21.565853917433532
24,32,24.168128469163644
24,33,26.69180463655955
24,34,29.65876045922878
24,35,30.879727139552266
24,36,34.01745989518907
24,37,33.60034641591839
24,38,36.51648295988604
24,39,37.71977262508198
24,40,40.265592583566644
24,41,42.902787820277766
24,42,44.52139545452337
24,43,46.40853073332423
24,44,44.564896128678875
24,45,46.57372668444719
24,46,45.20266034860774
24,47,41.43911000754861
24,48,40.939765440341525
24,49,43.149248306289564
24,50,41.405530371108
24,51,37.873795008098035
24,52,38.941018304921236
24,53,40.60035141371196
24,54,37.68672847633498
24,55,35.431647413716135
24,56,38.04259270674223
24,57,38.528952475142965
24,58,34.81575578506018
24,59,33.929732000884236
24,60,31.877113569220466
24,61,29.69559135275209
24,62,31.603697351607853
24,63,30.853735701532585
24,64,33.33763292170059
24,65,31.726082814703833
24,66,33.78624355786232
24,67,34.60444604681339
24,68,34.43814311771537
25,1,8.568349946705405
25,2,9.861196798018295
25,3,9.740459582571102
25,4,11.053130688361923
25,5,12.723722304896302
25,6,13.175287960542109
25,7,16.40580507862953
25,8,17.006487391407564
25,9,19.627751543053446
25,10,19.065280243545445
25,11,19.49347040606912
25,12,16.46096977911793
25,13,13.901173004341729
25,14,13.343035150363455
25,15,12.999584147415126
25,16,10.205723528906498
25,17,8.446128303532525
25,18,9.423086810031448
25,19,8.452982506537614
25,20,4.7414170977127705
25,21,5.655266184845968
25,22,7.395937902977025
25,23,5.193423019166458
25,24,3.826578244308656
25,26,3.8019751178986407
25,27,7.104390325523261
25,28,9.38847791202168
25,29,12.551068791777626
25,30,14.391944306942978
25,31,17.9491196020946
25,32,20.629629858894532
25,33,23.050899272928852
25,34,26.08881884253257
25,35,27.290275967629476
25,36,30.49831731916395
25,37,30.239075345463668
25,38,33.195712187105315
25,39,34.5922630247704
25,40,37.09416164841913
25,41,39.84675634271319
25,42,41.455394412344674
25,43,43.47678894040877
25,44,41.78306482857468
25,45,43.72169101724744
25,46,42.15628139763317
25,47,38.42946421079944
25,48,37.9444622154752
25,49,39.98492430090066
25,50,38.13141978195072
25,51,34.653444169028006
25,52,35.695014850145824
25,53,37.18384607308647
25,54,34.219502837592884
25,55,31.997819094615007
25,56,34.550424405629684
25,57,34.906585473437104
25,58,31.16679869766432
25,59,30.342768367011338
25,60,28.41136023307544
