1,2,3.8128516780160076
1,3,6.941514401512224
1,4,8.836068654139968
1,5,7.311172265829345
1,6,8.627308389313958
1,7,11.714090833080611
1,8,12.146746898151058
1,9,12.094020515133073
1,10,14.436859645534128
1,11,16.780398189051827
1,12,16.99583239654827
1,13,17.635261554446995
1,14,20.00454587417792
1,15,21.767505314117418
1,16,22.153028211026434
1,17,23.65526697471542
1,18,26.075559221691215
1,19,27.412177877824288
1,20,27.916236750171876
1,21,30.279018263469318
1,22,32.02555032352419
1,23,32.63111277854571
1,24,34.15418420838948
1,25,36.417581941418774
1,26,37.54082125414912
1,27,38.655066236608434
1,28,40.164520987584446
1,29,42.28105473678572
1,30,43.606021453868415
1,31,44.71952772411399
1,32,46.373999180822786
1,33,48.3186725831374
1,34,50.37708925687031
1,35,51.49037213861445
1,36,54.24488845731669
1,37,53.030556855452566
1,38,54.39790556705595
1,39,53.87225144133624
1,40,52.76955271979328
1,41,50.421149977135165
1,42,49.135118136700655
1,43,48.43974004985623
1,44,46.61172522860358
1,45,44.42219323651583
1,46,43.16414264107716
1,47,42.29691093040313
1,48,40.35799069610284
1,49,38.50091466176661
1,50,37.703155602134515
1,51,36.468974500944135
1,52,34.23773259081484
1,53,32.847780680711246
1,54,32.03982212764025
1,55,30.16770354891001
1,56,28.04088493949626
1,57,27.529694213456512
1,58,26.41671163351986
1,59,23.940053827307878
1,60,22.4033536756354
1,61,22.507822000934233
1,62,20.55993596024578
1,63,17.721530718922534
1,64,17.56004905664462
1,65,17.857750132876763
1,66,14.997033737455004
1,67,12.804732222413142
1,68,14.265504037549576
1,69,13.426306308068481
1,70,9.700682176812423
1,71,10.225025585842067
1,72,12.282345973671289
1,73,10.183935702907592
1,74,7.918031948022303
1,75,11.533542389143772
1,76,11.97133658748121
1,77,9.74154404870768
1,78,11.946763101218764
1,79,9.466285704521061
1,80,8.635903407574895
1,81,11.9110193837514
1,82,13.325056914155107
1,83,15.768337420277565
1,84,13.477367239726318
1,85,12.768119436368105
1,86,16.297046007872442
1,87,15.846308170268598
1,88,13.353796472910414
1,89,15.982818114241008
1,90,18.515624885118758
1,91,16.984358073323158
1,92,16.736529513518512
1,93,20.303882811149535
1,94,21.445239143926713
1,95,20.224612240483403
1,96,21.8956777191755
1,97,24.94473315215397
1,98,24.996207577574356
1,99,24.567401608802424
1,100,27.216631493642918
1,101,29.505981441548634
1,102,29.365014332261524
1,103,30.28280508320441
1,104,33.09365092789365
1,105,34.30707887210035
1,106,34.376787980956145
1,107,36.190352818175654
1,108,38.60226964943608
1,109,39.34705847016273
1,110,40.110118540374444
1,111,42.26725136256082
1,112,44.3137169486447
1,113,44.92452774578794
1,114,46.001549322690195
1,115,48.45344208763303
1,116,49.57063326630509
2,1,3.8128516780160076
2,3,3.810435431635925
2,4,5.3597618003283705
2,5,5.2043316807692115
2,6,6.931333807413531
2,7,9.123966782426638
2,8,10.007980222874217
2,9,11.00031811961279
2,10,12.935457992947917
2,11,14.818971035714432
2,12,15.63308652497796
2,13,16.788619023673466
2,14,18.632687049238037
2,15,20.201896530626197
2,16,21.215751993608972
2,17,22.782256881694835
2,18,24.747423870339457
2,19,26.18551467363863
2,20,27.160976599194832
2,21,29.30097810946012
2,22,30.760491555707368
2,23,31.70841125076979
2,24,33.44302143729423
2,25,35.37255077935045
2,26,36.442623119709516
2,27,37.909029967342526
2,28,39.3727456957625
2,29,41.21484438998605
2,30,42.7175903837848
2,31,44.064994514051364
2,32,45.49996668356278
2,33,47.32574866214139
2,34,49.62442137146872
2,35,50.712850066519316
2,36,53.312184265312226
2,37,51.91743942137003
2,38,53.34971920049446
2,39,52.742811655877254
2,40,51.88226653733927
2,41,49.57696326562977
2,42,48.029889511069015
2,43,47.430166686818744
2,44,45.84453300428907
2,45,43.49870260650634
2,46,42.042688778341095
2,47,41.434201957143074
2,48,39.65781897175298
2,49,37.5083748732827
2,50,36.622605936781724
2,51,35.754688255006606
2,52,33.50603938953441
2,53,31.756854189602688
2,54,31.164741020886517
2,55,29.64281920133189
2,56,27.181974094743715
2,57,26.434412355766433
2,58,25.799104208844646
2,59,23.451385420380927
2,60,21.38190981738743
2,61,21.600212945845293
2,62,20.255163722481903
2,63,17.124127894964506
2,64,16.457912007393197
2,65,17.393769970231112
2,66,15.085263370182012
2,67,12.115421256838472
2,68,13.498343243623575
2,69,13.701691709922624
2,70,10.102173263946055
2,71,9.523903860707634
2,72,12.347968169067823
2,73,11.39293503747377
2,74,8.551070897592384
2,75,11.75518599562023
2,76,13.233861012520935
2,77,11.013537634648927
2,78,12.658525205888246
2,79,9.99025131315693
2,80,8.072374415869005
2,81,10.398348907474311
2,82,12.035623628167215
2,83,13.674655562977916
2,84,10.801200852918958
2,85,10.628467230546796
2,86,13.927109517062187
2,87,12.823577335250476
2,88,10.610657749967617
2,89,13.770381095067327
2,90,15.760676013862513
2,91,13.99499729004102
2,92,14.389056277774365
2,93,17.94465673195019
2,94,18.655650401196354
2,95,17.71964292544029
2,96,19.82795022253546
2,97,22.557419702029897
2,98,22.493816973506608
2,99,22.541498916377925
2,100,25.31372909548779
2,101,27.24769281342413
2,102,27.22026266699563
2,103,28.533966021006457
2,104,31.164610893985557
2,105,32.18178163144981
2,106,32.55131068124444
2,107,34.54006771840194
2,108,36.67713212947398
2,109,37.39685601212067
2,110,38.47962897183243
2,111,40.6386444029251
2,112,42.45139547710264
2,113,43.235452852336735
2,114,44.543377348524466
2,115,46.833707599499625
2,116,47.78304883156956
3,1,6.941514401512224
3,2,3.810435431635925
3,4,3.806202852018387
3,5,5.510054146778087
3,6,5.42178317840763
3,7,6.9313470283965035
3,8,9.198819114970632
3,9,10.414841102747642
3,10,11.223667066548828
3,11,13.213239846863743
3,12,14.89852407909921
3,13,15.847584292592025
3,14,16.98121300946669
3,15,18.85847865088532
3,16,20.340010556285325
3,17,21.471954269664376
3,18,23.18103625761154
3,19,25.049520732245103
3,20,26.17622780458129
3,21,27.887606180291698
3,22,29.378146106333084
3,23,30.745626085409164
3,24,32.35014548654879
3,25,33.98644284897005
3,26,35.29812824375716
3,27,36.989703641395174
3,28,38.15927056092009
3,29,39.893172570913094
3,30,41.697488746640914
3,31,43.033790246956826
3,32,44.180399027590546
3,33,46.100129992283556
3,34,48.55001716501005
3,35,49.41563342708996
3,36,51.82651731988973
3,37,50.200648490558926
3,38,51.49565739600209
3,39,50.672291231801864
3,40,49.90012194688168
3,41,47.77710734123867
3,42,46.04540024155012
3,43,45.319970963255024
3,44,43.967839401028236
3,45,41.67403163509943
3,46,39.94733420412708
3,47,39.36502282706123
3,48,37.86997507612846
3,49,35.622299573799815
3,50,34.44665989366244
3,51,33.76725805314076
3,52,31.743617165362405
3,53,29.68402555222803
3,54,28.987339387770643
3,55,27.85396658959642
3,56,25.34800104388046
3,57,24.161919150619585
3,58,23.7182036141592
3,59,21.76291378661832
3,60,19.291995555166142
3,61,19.196471378465212
3,62,18.369776157951172
3,63,15.338855883680832
3,64,13.956519736436265
3,65,15.08416817804068
3,66,13.475017818293951
3,67,10.036081798353926
3,68,10.867523531178332
3,69,11.92453100960865
3,70,8.857970143775825
3,71,7.147682179019477
3,72,10.414980978300783
3,73,10.681816219598055
3,74,7.936066886278783
3,75,10.47176759355813
3,76,12.943814034497112
3,77,11.455525299895525
3,78,13.132331562393432
3,79,11.202046327682112
3,80,8.114559862444867
3,81,9.30544661649823
3,82,10.11108567449526
3,83,11.157960960813602
3,84,7.894294685455592
3,85,7.339782699135357
3,86,10.314247985918852
3,87,9.097819264669816
3,88,6.825684724297363
3,89,10.106876502801693
3,90,11.997620646639241
3,91,10.502384770150583
3,92,11.16545489159255
3,93,14.518086008561523
3,94,15.3504258930733
3,95,14.898058604799756
3,96,16.943433090352976
3,97,19.446560732098014
3,98,19.737026441445956
3,99,20.12266725111222
3,100,22.660083831369512
3,101,24.499811802070735
3,102,24.878675641836026
3,103,26.27190832017166
3,104,28.60192632340976
3,105,29.76617394125751
3,106,30.477176262214066
3,107,32.32942279677312
3,108,34.255346993023075
3,109,35.22413799869324
3,110,36.48036602787584
3,111,38.418095756552844
3,112,40.19551950337629
3,113,41.2588995099431
3,114,42.56009156358204
3,115,44.630873340560946
3,116,45.64377565897868
4,1,8.836068654139968
4,2,5.3597618003283705
4,3,3.806202852018387
4,5,3.822844287258157
4,6,5.18014969429703
4,7,4.845716819516153
4,8,6.317868177025907
4,9,8.699583359442675
4,10,9.777852651099913
4,11,10.769402259280104
4,12,12.391271065524043
4,13,14.121365395102782
4,14,15.157295660568339
4,15,16.393724969199127
4,16,18.177314641922187
4,17,19.758935801619458
4,18,21.08184805086539
4,19,22.619467074098367
4,20,24.14460796039857
4,21,25.95503510803883
4,22,27.043472126942838
4,23,28.401566911600543
4,24,30.34565351989929
4,25,31.841787252230954
4,26,32.85407781300184
4,27,34.72088723801903
4,28,36.0933593980465
4,29,37.597606990161026
4,30,39.31018528468786
4,31,40.90695623159698
4,32,42.06330419254973
4,33,43.747556374729456
4,34,46.30790056418578
4,35,47.349577953611835
4,36,49.75494991959027
4,37,48.17272956898077
4,38,49.68873660661927
4,39,49.029307240942636
4,40,48.46084622942687
4,41,46.185672715056235
4,42,44.35918385153808
4,43,43.92058575437545
4,44,42.60517594612662
4,45,40.06428103099416
4,46,38.43264744742143
4,47,38.17318314146464
4,48,36.557819855619464
4,49,34.067653059755436
4,50,33.162339676966326
4,51,32.76202122338148
4,52,30.455818024917974
4,53,28.330736043261435
4,54,28.110249863692705
4,55,26.997654950736134
4,56,24.12449765210365
4,57,23.22155826306249
4,58,23.278643203075635
4,59,21.053527071150842
4,60,18.409056767207446
4,61,19.003952819488656
4,62,18.479565760406466
4,63,15.029669470431209
4,64,13.998930205440915
4,65,15.978980097862806
4,66,14.452403512038513
4,67,10.849356719587991
4,68,12.516937415677665
4,69,14.115546600548237
4,70,11.125609527161348
4,71,9.939428969201224
4,72,13.584353656232294
4,73,13.993056776289965
4,74,11.60014109530537
4,75,14.214210630064501
4,76,16.706757632635828
4,77,15.136554517557398
4,78,16.665510232226485
4,79,14.336938898516372
4,80,11.530610036808707
4,81,12.401339180815576
4,82,13.479637770420478
4,83,13.821321814492583
4,84,10.144731472917023
4,85,10.061958672969986
4,86,12.205742268526064
4,87,9.909893867287046
4,88,7.647289750740742
4,89,11.127596820619718
4,90,12.108031090008456
4,91,9.539779436265707
4,92,10.487614118591697
4,93,14.026648700197805
4,94,13.98818318121615
4,95,13.079126265665844
4,96,15.739419357346534
4,97,18.097786042311306
4,98,17.70517860813766
4,99,18.198228096336916
4,100,21.148511293695915
4,101,22.64689129585499
4,102,22.62872264912103
4,103,24.361205063738513
4,104,26.8216922281636
4,105,27.566525509164606
4,106,28.200974935692372
4,107,30.386373397544546
4,108,32.235750492617164
4,109,32.880914696142355
4,110,34.27551519849156
4,111,36.45120891975989
4,112,38.00163493170191
4,113,38.93168300831213
4,114,40.48070809543189
4,115,42.6087849409953
4,116,43.36593698729501
5,1,7.311172265829345
5,2,5.2043316807692115
5,3,5.510054146778087
5,4,3.822844287258157
5,6,3.8232947740120378
5,7,5.238667671624606
5,8,4.919989989232381
5,9,6.129570313353397
5,10,8.48019164072398
5,11,9.901743054725094
5,12,10.46018676744098
5,13,11.951729491337026
5,14,13.85883730512989
5,15,15.112963507904686
5,16,16.16476132652941
5,17,17.977416038751002
5,18,19.79765506101539
5,19,21.054835300565443
5,20,22.174884085657048
5,21,24.38443062643682
5,22,25.681659367770063
5,23,26.59799792766853
5,24,28.472449124054446
5,25,30.354682227604123
5,26,31.305183582691626
5,27,32.831223686306096
5,28,34.37537486934742
5,29,36.13277421200772
5,30,37.59575129913489
5,31,39.043196884360604
5,32,40.48387941648446
5,33,42.21744217647707
5,34,44.55432109045817
5,35,45.71738068839522
5,36,48.326455019489096
5,37,46.98505785688392
5,38,48.544886350728504
5,39,48.07840382943783
5,40,47.311890960986034
5,41,44.8801160190001
5,42,43.32366501777591
5,43,42.922932435897536
5,44,41.30629092696315
5,45,38.801524757478376
5,46,37.47155381484648
5,47,37.05948003092886
5,48,35.14388712449371
5,49,32.864725874947595
5,50,32.228917272106564
5,51,31.504397160194618
5,52,29.01269357621699
5,53,27.300481240702183
5,54,27.074520542513724
5,55,25.48344361154987
5,56,22.761665862141193
5,57,22.352274703942843
5,58,22.066934345288974
5,59,19.41576914535902
5,60,17.31229109314735
5,61,18.22423179638807
5,62,17.046430705693734
5,63,13.503773688289495
5,64,13.41237451245596
5,65,15.18405859692007
5,66,12.905950755208819
5,67,9.84476066611461
5,68,12.397784548319866
5,69,13.266813597601752
5,70,9.935760653974786
5,71,10.137045360434776
5,72,13.704709584784501
5,73,13.350583097918014
5,74,11.602479015590646
5,75,14.860936277923537
5,76,16.80891520069445
5,77,15.370287850467104
5,78,17.49648688715197
5,79,15.121192763307421
5,80,12.8189789368135
5,81,14.610112762575334
5,82,15.545231793353727
5,83,16.609386012743123
5,84,13.168895264900149
5,85,12.35576746985039
5,86,14.746375898288166
5,87,12.977079101830615
5,88,9.99160460072471
5,89,12.839804492129884
5,90,14.417181078124884
5,91,11.748670990279242
5,92,11.498862090284685
5,93,15.29292258675493
5,94,15.582176732794947
5,95,13.82620384091513
5,96,16.07836678816555
5,97,18.969799393402692
5,98,18.377698770422885
5,99,18.080960515308245
5,100,21.129006806855966
5,101,23.036127560268497
5,102,22.596550577011346
5,103,23.906841862551918
5,104,26.758552476733534
5,105,27.578581141280175
5,106,27.709146943550323
5,107,29.841405546550764
5,108,32.074584868504424
5,109,32.583394949165445
5,110,33.59415441609816
5,111,35.91568482991433
5,112,37.687380425670554
5,113,38.30402932445278
5,114,39.67379610637975
5,115,42.069582372468076
5,116,42.92753042734529
6,1,8.627308389313958
6,2,6.931333807413531
6,3,5.42178317840763
6,4,5.18014969429703
6,5,3.8232947740120378
6,7,3.8105573754562605
6,8,5.547163092960215
6,9,5.317063268286278
6,10,6.16824855990069
6,11,8.768484740859636
6,12,10.108774361537145
6,13,10.533214002147647
6,14,11.979249851548044
6,15,14.092521563703233
6,16,15.175503962812362
6,17,16.22489831860967
6,18,18.230776149103455
6,19,20.09306621529708
6,20,20.932630477321563
6,21,22.75279495244765
6,22,24.443817814959147
6,23,25.645867644611283
6,24,27.111050003137503
6,25,28.92594663181115
6,26,30.311028990944237
6,27,31.81875062990463
6,28,32.979675648327216
6,29,34.876676968549404
6,30,36.61428424721913
6,31,37.81506500245454
6,32,39.063092735077156
6,33,41.06606358150301
6,34,43.39359910117397
6,35,44.2633121816245
6,36,46.768936951596956
6,37,45.27079286200316
6,38,46.58008865723911
6,39,45.88904226390894
6,40,45.00319875299308
6,41,42.767905086352286
6,42,41.199964516528986
6,43,40.52583749105127
6,44,38.98318966287368
6,45,36.68554885883489
6,46,35.15991512935376
6,47,34.520866492255294
6,48,32.81888970444515
6,49,30.668219112662833
6,50,29.70175836497625
6,51,28.861812028434716
6,52,26.66987543342548
6,53,24.85215347890362
6,54,24.249019479665982
6,55,22.820640394454998
6,56,20.312245437646965
6,57,19.50723702667577
6,58,18.990263939377233
6,59,16.678079734349126
6,60,14.45906214744559
6,61,14.86088531106902
6,62,13.741676501609353
6,63,10.39301470163697
6,64,9.849849628869228
6,65,11.448513628570987
6,66,9.437796980424245
6,67,6.105338179104825
6,68,8.635827729910403
6,69,9.828254129088881
6,70,6.94572532304356
6,71,7.134232910626123
6,72,10.830301869112986
6,73,11.135592764908564
6,74,10.102451938896833
6,75,13.013559265230473
6,76,15.363930180241802
6,77,14.765607052040165
6,78,17.3174887967329
6,79,15.687970222121004
6,80,12.8447846662987
6,81,14.368300840321087
6,82,14.335205487770933
6,83,15.45088185049228
6,84,12.20144675842852
6,85,10.394101404176597
6,86,12.394232391654281
6,87,11.180087019567056
6,88,7.62063559817667
6,89,9.711728843504753
6,90,11.814209716555146
6,91,9.620113678896194
6,92,8.547485753150458
6,93,12.297153484945452
6,94,13.309488014055697
6,95,11.703099253422609
6,96,13.324680577005982
6,97,16.42587338301423
6,98,16.452546052209087
6,99,16.006636887711405
6,100,18.63709214554136
6,101,20.885221478735907
6,102,20.885448326808476
6,103,21.856535389443934
6,104,24.53088263591652
6,105,25.79983928833552
6,106,26.083905418187744
6,107,27.843238391027764
6,108,30.103968684704093
6,109,31.002487888988366
6,110,31.92088179731623
6,111,33.94198763406158
6,112,35.92805389250265
6,113,36.76247614281779
6,114,37.88758916583306
6,115,40.156338918246355
6,116,41.2845625255322
7,1,11.714090833080611
7,2,9.123966782426638
7,3,6.9313470283965035
7,4,4.845716819516153
7,5,5.238667671624606
7,6,3.8105573754562605
7,8,3.855458647569403
7,9,5.5815679132105815
7,10,5.223969784082621
7,11,6.3773386476581635
7,12,8.724404457402969
7,13,9.98371612117779
7,14,10.483248037653293
7,15,12.091293186544686
7,16,14.04184713257132
7,17,15.222597229738215
7,18,16.490538878616324
7,19,18.366570797973008
7,20,19.82434985263456
7,21,21.368190224056754
7,22,22.612049563792223
7,23,24.17671061002956
7,24,25.921833992296403
7,25,27.32043258007801
7,26,28.56891117534508
7,27,30.466035503426127
7,28,31.61226444398366
7,29,33.158146636230725
7,30,35.042625928629874
7,31,36.52555228407863
7,32,37.548457624535004
7,33,39.36666651240676
7,34,41.93979291619879
7,35,42.82262768344993
7,36,45.16658291401781
7,37,43.51713847639335
7,38,44.94507769123706
7,39,44.23253595269398
7,40,43.638723046079264
7,41,41.4072584012119
7,42,39.57302840761233
7,43,39.085471377370304
7,44,37.793505559251734
7,45,35.283667039295295
7,46,33.608884790168766
7,47,33.33507033162727
7,48,31.767443830065538
7,49,29.2689374946753
7,50,28.317586347785607
7,51,27.95484436984615
7,52,25.67967762308484
7,53,23.493588170641345
7,54,23.30576324611061
7,55,22.284749223221255
7,56,19.345699814792397
7,57,18.410800892219555
7,58,18.645080271776095
7,59,16.46872275843831
7,60,13.660004747914392
7,61,14.497606216811484
7,62,14.287886314062693
7,63,10.736768216529667
7,64,9.78857227681533
7,65,12.419797255621496
7,66,11.34199132468065
7,67,7.7888072167808815
7,68,10.086889578111963
7,69,12.34134893254978
7,70,10.157828433607852
7,71,9.54635388507814
7,72,13.354744823878645
7,73,14.395325219673795
7,74,13.141256098061811
7,75,15.578291882104747
7,76,18.37009772044996
7,77,17.70604859939539
7,78,19.84734138584225
7,79,18.088435367987707
7,80,14.9701804115527
7,81,15.7221581320619
7,82,15.757571728892731
7,83,15.971995324297762
7,84,12.381806611865684
7,85,11.10357850872836
7,86,12.196030061578107
7,87,10.018815744113581
7,88,6.860619639581586
7,89,9.13975031433969
7,90,10.020402799001792
7,91,6.9467499472947525
7,92,6.544836093247403
7,93,10.284980158262446
7,94,10.35911551231363
7,95,8.714997416325959
7,96,11.14130120249891
7,97,13.815129581929153
7,98,13.414277539227866
7,99,13.51577138762399
7,100,16.42974630744881
7,101,18.168249293570746
7,102,18.14410441610339
7,103,19.638036427874862
7,104,22.158417666273365
7,105,23.09081019195681
7,106,23.650911195677747
7,107,25.678499935591518
7,108,27.63779280032749
7,109,28.414426744037815
7,110,29.67877402090058
7,111,31.763878349457475
7,112,33.456254756609184
7,113,34.41450132140739
7,114,35.82340834833952
7,115,37.950476023427655
7,116,38.848540515945686
8,1,12.146746898151058
8,2,10.007980222874217
8,3,9.198819114970632
8,4,6.317868177025907
8,5,4.919989989232381
8,6,5.547163092960215
8,7,3.855458647569403
8,9,3.808410608543484
8,10,5.5203424394026515
8,11,5.348469017650273
8,12,6.125524773280562
8,13,8.442718297895235
8,14,9.820526232240312
8,15,10.481538431071069
8,16,12.051671794056885
8,17,14.09255208040362
8,18,15.392130216521561
8,19,16.534585893948844
8,20,18.08446434094945
8,21,20.162769155978616
8,22,21.127078071485535
8,23,22.233868567726294
8,24,24.32197708379149
8,25,25.941895269975014
8,26,26.773626771544983
8,27,28.545691584972907
8,28,30.098639297159306
8,29,31.627380483276177
8,30,33.16622187117603
8,31,34.8034777117525
8,32,36.110722860443595
8,33,37.71319634048139
8,34,40.20056467452934
8,35,41.38991478420614
8,36,43.91331871996957
8,37,42.522900091732
8,38,44.2089019157931
8,39,43.81810225129675
8,40,43.251184842778606
8,41,40.74846969106977
8,42,39.059722162616346
8,43,38.87753759486838
8,44,37.36733501869329
8,45,34.66249671722013
8,46,33.34846206297159
8,47,33.24733003355106
8,48,31.31276178723771
8,49,28.781907599162842
8,50,28.335316475886618
8,51,27.949108196426
8,52,25.26012478489479
8,53,23.407666677110818
8,54,23.66348471177406
8,55,22.24010987696851
8,56,19.135026814237875
8,57,18.949037080120092
8,58,19.307412793984174
8,59,16.54417524553813
8,60,14.185379781379769
8,61,15.871924269602742
8,62,15.300856494478747
8,63,11.507257575812087
8,64,11.768911286988818
8,65,14.529937403580435
8,66,12.872361502626452
8,67,9.94790457297299
8,68,13.01254156846094
8,69,14.712794020460795
8,70,12.207899520781845
8,71,12.517262851091955
8,72,16.269657098615262
8,73,16.6423943323353
8,74,15.486645731369908
8,75,18.414401275257024
8,76,20.7779895727301
8,77,19.804050761944282
8,78,22.01474439236633
8,79,19.8233342758046
8,80,17.185044707340552
8,81,18.41230952790051
8,82,18.916333420962786
8,83,19.342335335446233
8,84,15.678135124834988
8,85,14.670190318164309
8,86,16.015733189922315
8,87,13.706360397818312
8,88,10.691087340021276
8,89,12.91261757168715
8,90,13.63656733478362
8,91,10.259404129381354
8,92,9.598918970089
8,93,13.187955275329372
8,94,12.738493079449158
8,95,10.212444797380689
8,96,12.764062494446005
8,97,15.526619501011707
8,98,14.2708122088246
8,99,13.831231704917448
8,100,17.192800356833228
8,101,18.84464273031813
8,102,18.02366289904748
8,103,19.52557742891039
8,104,22.477233622739433
8,105,22.99755393980303
8,106,23.0435825892164
8,107,25.38609976092727
8,108,27.56155808221822
8,109,27.865199041563685
8,110,28.960037059339253
8,111,31.414742332564845
8,112,33.03584940796908
8,113,33.590099036885405
8,114,35.11487391018368
8,115,37.51487698127015
8,116,38.220746502017874
9,1,12.094020515133073
9,2,11.00031811961279
9,3,10.414841102747642
9,4,8.699583359442675
9,5,6.129570313353397
9,6,5.317063268286278
9,7,5.5815679132105815
9,8,3.808410608543484
9,10,3.824513445469125
9,11,5.478440364294844
9,12,5.172609469409298
9,13,5.840632116262003
9,14,8.22381358549909
9,15,9.722334134127347
9,16,10.247023163039232
9,17,11.930576037041037
9,18,14.05823151127001
9,19,15.372731263134375
9,20,16.16074309668985
9,21,18.41204212241097
9,22,19.957175589164148
9,23,20.776741135022927
9,24,22.446006839497155
9,25,24.461764009545764
9,26,25.574288769549153
9,27,26.94381937368632
9,28,28.386278660788754
9,29,30.307011383103635
9,30,31.787222941438753
9,31,33.06721267364626
9,32,34.53513367144546
9,33,36.40000723553269
9,34,38.641002654214965
9,35,39.73354116011895
9,36,42.391283568172874
9,37,41.12793056544889
9,38,42.66089300844349
9,39,42.28713441777394
9,40,41.42255507366208
9,41,38.91579225530025
9,42,37.49863686703529
9,43,37.13394609882396
9,44,35.36912163409842
9,45,32.87090523556948
9,46,31.717109500430073
9,47,31.267806467535376
9,48,29.183626216913453
9,49,26.989198276474
9,50,26.562042078958434
9,51,25.725949477634224
9,52,23.073959459730087
9,53,21.602004875246166
9,54,21.537373384554744
9,55,19.69851361709175
9,56,16.94267959794897
9,57,17.01310778645569
9,58,16.787350811747366
9,59,13.772404811450581
9,60,12.007100648976229
9,61,13.676386644504433
9,62,12.40200224006809
9,63,8.665041004020964
9,64,9.84846562574769
9,65,12.177434078639472
9,66,9.996617303895302
9,67,7.883994977597342
9,68,11.510374840511753
9,69,12.60815358678652
9,70,10.36383422978633
9,71,11.729236640156834
9,72,15.146213021988554
9,73,15.224542744436592
9,74,14.911614124599303
9,75,17.966163427216657
9,76,20.03304426743443
9,77,19.55160243115502
9,78,22.28633113419396
9,79,20.45038338419773
9,80,17.929650599728
9,81,19.604486731404926
9,82,19.641871931123692
9,83,20.60838591251752
9,84,17.223667486325894
9,85,15.449959559286096
9,86,16.884490551469504
9,87,15.30151755120929
9,88,11.77220877776852
9,89,13.18691086430567
9,90,14.658067810805862
9,91,11.78604612261112
9,92,9.874831085892097
9,93,13.389200138665597
9,94,13.78612287294688
9,95,10.871431716988045
9,96,12.368937307585847
9,97,15.700383388764262
9,98,14.823057984028917
9,99,13.478592072407436
9,100,16.510089459830915
9,101,18.820358784524913
9,102,17.963203137623662
9,103,18.71329606358867
9,104,21.891798965224595
9,105,22.847078854460044
9,106,22.50617205904801
9,107,24.470987199333983
9,108,27.042468456611118
9,109,27.520320994956926
9,110,28.14704329764859
9,111,30.499295093506518
9,112,32.50235087076139
9,113,32.91556036123955
9,114,34.062458435451546
9,115,36.623303339349526
9,116,37.63614068290122
10,1,14.436859645534128
10,2,12.935457992947917
10,3,11.223667066548828
10,4,9.777852651099913
10,5,8.48019164072398
10,6,6.16824855990069
10,7,5.223969784082621
10,8,5.5203424394026515
10,9,3.824513445469125
10,11,3.821702202600095
10,12,5.698679169298548
10,13,5.237225275159858
10,14,5.826531356409116
10,15,8.34165022953235
10,16,9.623113093670067
10,17,10.280655461549225
10,18,12.105886749560632
10,19,14.243666140127992
10,20,15.135629028171335
10,21,16.679294206174603
10,22,18.39506924259585
10,23,19.822124505772475
10,24,21.19895346647484
10,25,22.839947758305918
10,26,24.36262692431937
10,27,25.9803041639676
10,28,26.974366687065178
10,29,28.812339188868282
10,30,30.698474755221973
10,31,31.896304366670513
10,32,32.99825249275263
10,33,35.03525420603591
10,34,37.43041486382509
10,35,38.21313200425383
10,36,40.65212168704896
10,37,39.11257839179553
10,38,40.45015110436909
10,39,39.80829059426038
10,40,39.00182113074842
10,41,36.71322674397947
10,42,35.09833322433553
10,43,34.5441902024818
10,44,33.0266462848769
10,45,30.6142500613226
10,46,29.123370048113976
10,47,28.653389977023725
10,48,26.90219296652945
10,49,24.606240419447808
10,50,23.787207962461018
10,51,23.135217571391554
10,52,20.768419699627188
10,53,18.8845183395842
10,54,18.645053322713178
10,55,17.27926682220445
10,56,14.433666349562126
10,57,13.895619210305998
10,58,13.93024462098026
10,59,11.399457737149854
10,60,8.925225491430309
10,61,10.386298295722108
10,62,9.88271788109207
10,63,6.1182410868430965
10,64,6.5746142348538745
10,65,9.598548644331178
10,66,8.519849699152566
10,67,6.251351188226911
10,68,9.535421925299811
10,69,11.52561408376077
10,70,10.28876581279099
10,71,11.095395362843703
10,72,14.414387229808861
10,73,15.3996142153343
10,74,15.410040207525114
10,75,17.867509547697402
10,76,20.40973388517342
10,77,20.45255923500493
10,78,23.196982922384564
10,79,21.805288927873217
10,80,18.811227720404318
10,81,19.92791896191229
10,82,19.356226653294126
10,83,19.92499241363037
10,84,16.66057825791309
10,85,14.51843231878894
10,86,15.142049891652077
10,87,13.683239439523355
10,88,10.214684684312893
10,89,10.742349753604186
10,90,11.944780200394542
10,91,9.314760206966646
10,92,6.664307237061733
10,93,9.853552881667495
10,94,10.503713298346986
10,95,7.55751913223196
10,96,8.612245601537978
10,97,12.053565000752124
10,98,11.608779092463342
10,99,10.30926345757935
10,100,13.071578262552434
10,101,15.523908687690133
10,102,15.16270730555527
10,103,15.846116656964426
10,104,18.749065305039174
10,105,20.024136837448307
10,106,20.05284745664184
10,107,21.770905806827486
10,108,24.186483436246494
10,109,25.037145935676367
10,110,25.80152473407302
10,111,27.860210826133045
10,112,29.91500709085382
10,113,30.664259114989072
10,114,31.734617538693442
10,115,34.06152501435674
10,116,35.22149502871834
11,1,16.780398189051827
11,2,14.818971035714432
11,3,13.213239846863743
11,4,10.769402259280104
11,5,9.901743054725094
11,6,8.768484740859636
11,7,6.3773386476581635
11,8,5.348469017650273
11,9,5.478440364294844
11,10,3.821702202600095
11,12,3.7912518303199416
11,13,5.382858252723974
11,14,4.941974627755054
11,15,5.724705375751868
11,16,8.13825711323435
11,17,9.573063784378975
11,18,10.35037853959954
11,19,12.023248419182329
11,20,13.775657733607291
11,21,15.312298880665065
11,22,16.297517594332987
11,23,17.882823006092046
11,24,19.79762233855493
11,25,21.092431979475702
11,26,22.209313502592586
11,27,24.1935403375262
11,28,25.41366887090984
11,29,26.855277370463636
11,30,28.701670836624817
11,31,30.293816266368108
11,32,31.321087205760293
11,33,33.03723593959003
11,34,35.64406223087062
11,35,36.61671784176153
11,36,38.99006121044483
11,37,37.44006068079384
11,38,39.047480142022444
11,39,38.56492163886915
11,40,38.07656251142709
11,41,35.64425089011558
11,42,33.83604866474757
11,43,33.6532713567736
11,44,32.279561095666324
11,45,29.53838214796071
11,46,28.10254115487078
11,47,28.127317484881853
11,48,26.318132432397032
11,49,23.636279675185904
11,50,23.143998744816564
11,51,23.008435196638686
11,52,20.331217786920092
11,53,18.257345222060966
11,54,18.771622013329257
11,55,17.649569408626416
11,56,14.281131451953485
11,57,14.095826590205869
11,58,15.061205332622983
11,59,12.473742894301525
11,60,9.789709238376542
11,61,12.135849151149147
11,62,12.38448476980881
11,63,8.823963316428834
11,64,9.355477562309943
11,65,12.837262398221819
11,66,12.194102502726501
11,67,9.984675329920568
11,68,12.98642388113644
11,69,15.282055819645748
11,70,13.969013707778704
11,71,14.414074973644356
11,72,17.905631015304778
11,73,18.981955494478143
11,74,18.606822365072862
11,75,21.073814925138635
11,76,23.74533991621589
11,77,23.472039331150654
11,78,25.93675372601272
11,79,24.214730443248516
11,80,21.219866245024782
11,81,22.0665895622171
11,82,21.835470266882496
11,83,21.920087537078036
11,84,18.410394955756022
11,85,16.841211264723135
11,86,17.134551027933043
11,87,14.975491195987422
11,88,12.033736824949182
11,89,12.87987719052394
11,90,13.02547022742337
11,91,9.765991034891723
11,92,7.979441213877333
11,93,10.663311421173084
11,94,9.945623080550314
11,95,6.430721780950677
11,96,8.502150997264858
11,97,11.28218155231143
11,98,9.66905383369917
11,99,8.613248401988953
11,100,12.069805274251129
11,101,13.804756406569915
11,102,12.834488994729472
11,103,14.178041688183361
11,104,17.186170536706296
11,105,17.79617166352001
11,106,17.81082887266846
11,107,20.05431704539062
11,108,22.264665512108557
11,109,22.68736762246295
11,110,23.74083758569423
11,111,26.100295400094023
11,112,27.792833117803628
11,113,28.439951800104108
11,114,29.89082734269101
11,115,32.22693589187145
11,116,33.03055422330501
12,1,16.99583239654827
12,2,15.63308652497796
12,3,14.89852407909921
12,4,12.391271065524043
12,5,10.46018676744098
12,6,10.108774361537145
12,7,8.724404457402969
12,8,6.125524773280562
12,9,5.172609469409298
12,10,5.698679169298548
12,11,3.7912518303199416
12,13,3.8345223574932428
12,14,5.575709621213459
12,15,5.158724028729163
12,16,6.017736827754843
12,17,8.656718529536441
12,18,9.986707215706964
12,19,10.646756130184126
12,20,12.065024783050465
12,21,14.436845189400394
12,22,15.385643225843825
12,23,16.189450938013696
12,24,18.31640967664038
12,25,20.11147520461498
12,26,20.861847186084105
12,27,22.470265480957284
12,28,24.128372360946283
12,29,25.759711932113515
12,30,27.161680226673344
12,31,28.747147164058678
12,32,30.190799978085003
12,33,31.794566923721263
12,34,34.17433739344585
12,35,35.4430866695707
12,36,38.080787159998465
12,37,36.87879441078732
12,38,38.675096442844925
12,39,38.532529555440426
12,40,37.91894150538803
12,41,35.2168437515436
12,42,33.7115699590881
12,43,33.74511429942203
12,44,32.02058652739462
12,45,29.203993114055756
12,46,28.244119827815098
12,47,28.25481246203809
12,48,25.997059337550457
12,49,23.495220411073674
12,50,23.55205253420874
12,51,23.137382821984783
12,52,20.079565736143497
12,53,18.628617826002834
12,54,19.397406045724452
12,55,17.636631990589038
12,56,14.390061896706264
12,57,15.155911161638144
12,58,15.830221209649894
12,59,12.60215988371605
12,60,10.918724679595178
12,61,13.791908257234082
12,62,13.262114399833877
12,63,9.769698529323545
12,64,11.542504066392892
12,65,14.579146499977355
12,66,13.183049253648282
12,67,11.651830815522706
12,68,15.16120251312886
12,69,16.735907124129987
12,70,15.118342681537175
12,71,16.341287062499397
12,72,19.743155008144313
12,73,20.169709263979446
12,74,19.976436550935386
12,75,22.860308039465618
12,76,25.10350948992257
12,77,24.67526318380424
12,78,27.312667484060373
12,79,25.36372149699141
12,80,22.76360144634845
12,81,24.12130474320488
12,82,24.15866039478289
12,83,24.64212430662091
12,84,21.100846870238424
12,85,19.526807537435957
12,86,20.29253243292934
12,87,18.248920294371977
12,88,15.087159077154444
12,89,16.113461062758567
12,90,16.651771501844614
12,91,13.407778416432404
12,92,11.490020216342003
12,93,14.246599155629848
12,94,13.683074268093806
12,95,10.043327214485089
12,96,11.59973526923292
12,97,14.475777703709518
12,98,12.540624986977992
12,99,10.722139102651816
12,100,14.147700243519484
12,101,16.01299269074156
12,102,14.293613566988812
12,103,15.199885189902751
12,104,18.655507688173962
12,105,19.033474075491135
12,106,18.299534648545926
12,107,20.649574822392136
12,108,23.236781853088694
12,109,23.235967033457754
12,110,23.86137364119933
12,111,26.53861288511482
12,112,28.319818155557666
12,113,28.46442767248139
12,114,29.844387678452076
12,115,32.52729130276058
12,116,33.27026937258489
13,1,17.635261554446995
13,2,16.788619023673466
13,3,15.847584292592025
13,4,14.121365395102782
13,5,11.951729491337026
13,6,10.533214002147647
13,7,9.98371612117779
13,8,8.442718297895235
13,9,5.840632116262003
13,10,5.237225275159858
13,11,5.382858252723974
13,12,3.8345223574932428
13,14,3.8228522502208975
13,15,5.501245578337727
13,16,4.8662804995289335
13,17,6.151513632174464
13,18,8.703106622693715
13,19,10.127463502630027
13,20,10.448653404662794
13,21,12.668133731612992
13,22,14.51565078314677
13,23,15.284545674787536
13,24,16.68137003877294
13,25,18.785850002478238
13,26,20.11442061785894
13,27,21.35311088169712
13,28,22.630304674089246
13,29,24.693702763127494
13,30,26.23976680157947
13,31,27.354313284103075
13,32,28.796411524208356
13,33,30.79593080968305
13,34,32.9699489099192
13,35,33.96569876772907
13,36,36.64295773002175
13,37,35.43570493821507
13,38,36.951169503148655
13,39,36.67621655523599
13,40,35.751980489355056
13,41,33.1630088606152
13,42,31.86123386827029
13,43,31.57246981344239
13,44,29.681629173654095
13,45,27.153847657559098
13,46,26.191990469018528
13,47,25.769282486400254
13,48,23.50339794452153
13,49,21.352483752696077
13,50,21.211516422917224
13,51,20.333431240183817
13,52,17.451283391684
13,53,16.25978778373305
13,54,16.531825175021208
13,55,14.452201145845487
13,56,11.57119033019612
13,57,12.41842681313729
13,58,12.48956661182639
13,59,9.067479024666294
13,60,7.949838123766537
13,61,10.81383062230172
13,62,9.810501537920409
13,63,6.633894753975856
13,64,9.290383985497773
13,65,11.911988791240827
13,66,10.560344734365824
13,67,10.029571325803039
13,68,13.535687517724602
13,69,14.783554829478994
13,70,13.834658765616258
13,71,15.579404148165573
13,72,18.5398014873881
13,73,19.014469703798444
13,74,19.541279629657556
13,75,22.248640905944562
13,76,24.37359610953203
13,77,24.49175202377637
13,78,27.478126776210047
13,79,25.966778303614326
13,80,23.31192816722955
13,81,24.804845608718853
13,82,24.324000304655115
13,83,25.101824264010013
13,84,21.841823045458657
13,85,19.656347234672477
13,86,20.290082509705865
13,87,18.874982010995183
13,88,15.44659826349442
13,89,15.677376991886112
13,90,16.731380845698308
13,91,14.083683320231927
13,92,11.246895019090163
13,93,13.657958168027747
13,94,13.975772955271559
13,95,10.344382082131984
13,96,10.605987818323097
13,97,13.928045676146116
13,98,12.71705653032705
13,99,10.087942443027156
13,100,12.839613171479769
13,101,15.465459311867257
13,102,14.063681325876425
13,103,14.026995644871096
13,104,17.540764062149282
13,105,18.591133569144567
13,106,17.65803167755513
13,107,19.39737649983202
13,108,22.32599978120056
13,109,22.739914048487567
13,110,22.918540726923567
13,111,25.296623433424433
13,112,27.523679086341986
13,113,27.709226981403752
13,114,28.619585440906565
13,115,31.341743781806805
13,116,32.4999303100043
14,1,20.00454587417792
14,2,18.632687049238037
14,3,16.98121300946669
14,4,15.157295660568339
14,5,13.85883730512989
14,6,11.979249851548044
14,7,10.483248037653293
14,8,9.820526232240312
14,9,8.22381358549909
14,10,5.826531356409116
14,11,4.941974627755054
14,12,5.575709621213459
14,13,3.8228522502208975
14,15,3.8153238232603512
14,16,5.171266142115658
14,17,4.945706867952657
14,18,6.297176829699651
14,19,8.817787624291807
14,20,9.777806586133561
14,21,10.935005374919298
14,22,12.645417467570521
14,23,14.317911170395146
14,24,15.608934245766672
14,25,17.044126658844142
14,26,18.687601462981867
14,27,20.416383485510906
14,28,21.257735325573123
14,29,23.022740539369003
14,30,25.0334508441881
14,31,26.245986061667328
14,32,27.22064785002835
14,33,29.265416967673836
14,34,31.72024809632326
14,35,32.45331153471181
14,36,34.85063834523953
14,37,33.315281327070565
14,38,34.735852608667734
14,39,34.220012461295745
14,40,33.50944357748181
14,41,31.10219094151441
14,42,29.467404016898122
14,43,29.126156655384182
14,44,27.592003069633186
14,45,24.998374596837085
14,46,23.642202826750747
14,47,23.431468003261646
14,48,21.536929549556223
14,49,19.047405514550185
14,50,18.57100098020423
14,51,18.18161597378951
14,52,15.484230876110297
14,53,13.619999701865497
14,54,14.08202483215121
14,55,12.750278759060699
14,56,9.391062065231862
14,57,9.638429969327843
14,58,10.6409357643632
14,59,7.896360070005179
14,60,5.621327285636406
14,61,8.883627492895435
14,62,9.293713543531197
14,63,6.575873530083217
14,64,8.286022699021201
14,65,11.529305736612303
14,66,11.427420753782465
14,67,10.69793552283225
14,68,13.570848862487628
14,69,15.596135854538861
14,70,15.266758739544098
14,71,16.344657850359425
14,72,19.27241818240842
14,73,20.459205039019597
14,74,20.958240076081353
14,75,23.21359469990686
14,76,25.75661135241579
14,77,26.096781408197916
14,78,28.941942748512766
14,79,27.626874824298895
14,80,24.611269541032414
14,81,25.578293577169493
14,82,24.793657407967594
14,83,25.081927268830267
14,84,21.876281694367666
14,85,19.687123945868652
14,86,19.597780657782973
14,87,18.08104466596995
14,88,15.02924620879697
14,89,14.705704398535376
14,90,15.098883384919251
14,91,12.630758322302338
14,92,9.72840557117299
14,93,11.276167817906623
14,94,11.277401124017
14,95,7.591195148230561
14,96,7.382622890095774
14,97,10.416552494126874
14,98,9.143303269245017
14,99,6.28477870020253
14,100,9.077952397901145
14,101,11.654560437186493
14,102,10.486264036888958
14,103,10.589332664151618
14,104,13.93345468874523
14,105,15.095534193142965
14,106,14.577916050892187
14,107,16.284376019327176
14,108,18.97506422373832
14,109,19.647020624906112
14,110,20.13345914577811
14,111,22.321417722821934
14,112,24.45824035362839
14,113,25.00120425902519
14,114,26.01170610465611
14,115,28.474890640109912
14,116,29.64217412456439
15,1,21.767505314117418
15,2,20.201896530626197
15,3,18.85847865088532
15,4,16.393724969199127
15,5,15.112963507904686
15,6,14.092521563703233
15,7,12.091293186544686
15,8,10.481538431071069
15,9,9.722334134127347
15,10,8.34165022953235
15,11,5.724705375751868
15,12,5.158724028729163
15,13,5.501245578337727
15,14,3.8153238232603512
15,16,3.820471278833219
15,17,5.526589650903105
15,18,5.194544555176052
15,19,6.3093361473615674
15,20,8.490771846451333
15,21,10.038714322972607
15,22,10.66891650108819
15,23,12.20463063805176
15,24,14.313760933622769
15,25,15.533196745530544
15,26,16.49397613551789
15,27,18.522338088887565
15,28,19.83760803241375
15,29,21.210003266584224
15,30,22.983484703151095
15,31,24.658298534832124
15,32,25.72867223022455
15,33,27.356339280607802
15,34,29.959402500978143
15,35,31.03314886370281
15,36,33.467997541761434
15,37,32.067037445884196
15,38,33.86055434988329
15,39,33.65611811419935
15,40,33.24139375478261
15,41,30.582191663098197
15,42,28.86679749568298
15,43,29.022305670224146
15,44,27.51493016508862
15,45,24.547068139414975
15,46,23.464968504713298
15,47,23.799382001851093
15,48,21.683027869642036
15,49,18.86801737192809
15,50,19.013117942059054
15,51,19.090119767260916
15,52,15.961879511866401
15,53,14.21840289665516
15,54,15.613077902491979
15,55,14.346947253233472
15,56,10.701316987290271
15,57,11.713072108276558
15,58,13.393042535099568
15,59,10.623035160336569
15,60,8.857664969929452
15,61,12.393680204018565
15,62,12.950863411443697
