1,2,3.839062317419197
1,3,5.039694200515414
1,4,6.077160454471021
1,5,7.994626908567372
1,6,9.772759558940663
1,7,10.314569743469034
1,8,11.5985406570908
1,9,13.70738391502104
1,10,14.847630475353068
1,11,15.279936353687479
1,12,17.13272545774987
1,13,19.288847668998493
1,14,20.758531560875113
1,15,21.589822693982025
1,16,23.18689657653259
1,17,25.369637482261577
1,18,26.281045423852458
1,19,26.904550822228998
1,20,29.368497524343443
1,21,30.971220825004732
1,22,31.794871071674134
1,23,33.3438830553881
1,24,35.42587680174806
1,25,36.53584431290372
1,26,38.49366634056897
1,27,39.70371757488679
1,28,41.1700005628439
1,29,42.436924937820905
1,30,45.10855335725333
1,31,46.47784543809036
1,32,48.89076203096064
1,33,47.65083918183551
1,34,49.41835811281826
1,35,49.43158839558731
1,36,48.43139970417244
1,37,46.03024038515445
1,38,44.132694174114526
1,39,43.66434751834035
1,40,42.33593355493622
1,41,39.88117047059927
1,42,38.43445920758043
1,43,38.234899256620814
1,44,36.34300178332539
1,45,33.91196894864254
1,46,33.33199377165202
1,47,33.31999794789387
1,48,30.565751206056994
1,49,28.7848500334457
1,50,28.20984306578989
1,51,26.881790449359013
1,52,23.936069985745945
1,53,23.72259270683073
1,54,23.965625758688144
1,55,21.38806675841071
1,56,18.85037536869976
1,57,19.70480725285417
1,58,19.214909258039135
1,59,15.961766246229056
1,60,14.72022285927863
1,61,16.404874579049615
1,62,14.511232022614923
1,63,15.568919737693363
1,64,12.23907751407385
1,65,12.216374585794014
1,66,15.68340305761984
1,67,14.97733784219053
1,68,12.812031171726973
1,69,15.974111048581234
1,70,18.093908915058062
1,71,16.71612812152562
1,72,17.956210530463267
1,73,14.497048225252122
1,74,13.103953949790954
1,75,15.47272476347734
1,76,17.07549631777297
1,77,17.7295210424967
1,78,14.078150924830169
1,79,14.045898471719031
1,80,16.49219137813053
1,81,13.914243281080234
1,82,11.266128811084803
1,83,14.513662488880156
1,84,15.482696184430385
1,85,12.503064595708352
1,86,12.656227175040424
1,87,16.312303007910195
1,88,15.942817390072817
1,89,14.276773326844307
1,90,17.108194436265933
1,91,19.552837005811533
1,92,18.605773966516413
1,93,18.51824670624366
1,94,21.948991454130756
1,95,23.60853829003691
1,96,22.81285973933771
1,97,24.466400885634528
1,98,27.23085862095162
1,99,28.164337055197304
1,100,28.19716404397147
1,101,30.574793171924632
1,102,32.58764032564231
1,103,33.14182030528989
1,104,34.26578376012594
1,105,36.53219973882685
1,106,38.19648121330817
1,107,38.76486974710738
1,108,40.24745959400092
1,109,42.69419660714856
1,110,44.50740867719081
2,1,3.839062317419197
2,3,3.8459635873675992
2,4,5.927023801106613
2,5,6.035089624152524
2,6,7.612525541773977
2,7,9.509806256355452
2,8,10.875496862644587
2,9,11.94451238559129
2,10,13.188723341858859
2,11,14.547215997596638
2,12,16.315679310123908
2,13,17.832136491326587
2,14,19.690484351780377
2,15,21.020803686161788
2,16,22.164488999317037
2,17,24.189854116538577
2,18,25.619284399029368
2,19,26.31252687597708
2,20,28.35548705766929
2,21,30.06125027867102
2,22,31.30726855083267
2,23,32.66659147473616
2,24,34.493098406443714
2,25,35.879494628196504
2,26,38.01190047342259
2,27,38.91212761438998
2,28,40.22657662436899
2,29,41.80553588014123
2,30,44.45528467607326
2,31,45.53781341713348
2,32,47.890039913166504
2,33,46.49160296919305
2,34,48.002765110762034
2,35,47.81084848750917
2,36,46.63824789142637
2,37,44.42563000175766
2,38,42.5818482147045
2,39,41.81635054172278
2,40,40.4672597998069
2,41,38.26766065635487
2,42,36.70450865606149
2,43,36.19868495061658
2,44,34.45630586096832
2,45,32.21878268259166
2,46,31.336772748383115
2,47,31.0790345813153
2,48,28.545055411661693
2,49,26.794496784690413
2,50,25.793703905890847
2,51,24.481154171500783
2,52,21.811358023222542
2,53,21.296265298416547
2,54,21.147950178029646
2,55,18.805293339963676
2,56,16.36521741301559
2,57,16.70973600969801
2,58,16.04187337473601
2,59,13.095480998756761
2,60,11.626725217807824
2,61,12.836185920935721
2,62,10.768531844838938
2,63,11.738382940958003
2,64,8.502560835381864
2,65,8.65168861985692
2,66,12.23137280833493
2,67,11.753216796088182
2,68,10.127598957020803
2,69,13.287210285733174
2,70,15.447024819327572
2,71,14.763888786007133
2,72,16.64374181686452
2,73,13.662781646787368
2,74,11.87999815246047
2,75,14.327767471134925
2,76,15.166236283666759
2,77,16.138088538318108
2,78,12.614568722755136
2,79,11.623131817213737
2,80,14.095281433526262
2,81,12.044454547731112
2,82,8.761663478461495
2,83,11.575191747257561
2,84,13.230902292382847
2,85,10.749432355591555
2,86,10.106696988750535
2,87,13.898945957187747
2,88,14.352066270198494
2,89,12.715432749454482
2,90,14.934705882258006
2,91,17.77162032582773
2,92,17.467785089465025
2,93,17.090232693508934
2,94,20.192381915783244
2,95,22.28482287237632
2,96,21.888409447802122
2,97,23.140057843756196
2,98,25.77700859020021
2,99,27.195584372832275
2,100,27.27973400731808
2,101,29.2578755862268
2,102,31.4160993191474
2,103,32.360774758381254
2,104,33.28713316968957
2,105,35.2777553397422
2,106,37.228380461931394
2,107,37.98110010438909
2,108,39.16382003750415
2,109,41.52390664272738
2,110,43.6020400614144
3,1,5.039694200515414
3,2,3.8459635873675992
3,4,3.806496899022302
3,5,5.394429915046265
3,6,5.3347769742538675
3,7,6.536245917259872
3,8,8.960826921117048
3,9,10.361397949677295
3,10,10.640437684572403
3,11,11.685947144715573
3,12,14.104006294792185
3,13,15.5819571162533
3,14,16.866031043430144
3,15,18.3645925758035
3,16,19.951791546097358
3,17,21.640339211541924
3,18,22.7979764407997
3,19,23.871858019950334
3,20,26.025073545563412
3,21,27.36840518207589
3,22,28.606922810957798
3,23,30.28874151388895
3,24,31.981090257325388
3,25,33.093743238272744
3,26,35.383947476290516
3,27,36.49804433115493
3,28,37.6302814602297
3,29,39.05993356107795
3,30,41.88415803595874
3,31,42.978915251594486
3,32,45.1875490782875
3,33,43.699010513273294
3,34,45.2985611829257
3,35,45.096379748049806
3,36,44.15085834465314
3,37,41.92452592132988
3,38,39.88174663171871
3,39,39.25132823675367
3,40,38.11269594608116
3,41,35.7447663884946
3,42,34.04886097857108
3,43,33.83720007798179
3,44,32.2028675850585
3,45,29.68626410640906
3,46,28.82951040901667
3,47,28.960794429530264
3,48,26.428485914730306
3,49,24.36481238202056
3,50,23.66579118668768
3,51,22.689766040542597
3,52,19.662887201138012
3,53,19.07597007708206
3,54,19.55328813929833
3,55,17.29906172902358
3,56,14.378186728701312
3,57,15.121533703797546
3,58,15.210043837579128
3,59,12.134718817695358
3,60,10.318986069972096
3,61,12.461002350710679
3,62,11.143425256843159
3,63,13.116152579177443
3,64,10.66062958813819
3,65,10.448902455049172
3,66,14.250780366870863
3,67,14.59702187068294
3,68,13.137507261890516
3,69,15.80398108425041
3,70,18.410144247055612
3,71,18.030697497018974
3,72,19.772677020138055
3,73,16.845233674647304
3,74,14.551749584416479
3,75,16.321477125094532
3,76,16.874790055973786
3,77,17.04956661373199
3,78,13.308498672946435
3,79,12.470800083048903
3,80,14.009466277826562
3,81,11.275059307166735
3,82,8.246441299039203
3,83,10.789368840768878
3,84,11.44019486148411
3,85,8.232354428358821
3,86,7.851590189304254
3,87,11.46047803680941
3,88,11.184840717299261
3,89,9.346928683901957
3,90,12.081484183861823
3,91,14.586325699214727
3,92,13.905774922652252
3,93,13.8308863184577
3,94,17.10764678786739
3,95,18.86781628302735
3,96,18.41715506247558
3,97,20.001434253153317
3,98,22.5597847515376
3,99,23.738083700899576
3,100,24.00078910326168
3,101,26.166991256319236
3,102,28.11073135367543
3,103,28.97953729664364
3,104,30.14186906482893
3,105,32.15443692933551
3,106,33.910239697743194
3,107,34.74451233475608
3,108,36.11796676236006
3,109,38.38644234906054
3,110,40.31509102423941
4,1,6.077160454471021
4,2,5.927023801106613
4,3,3.806496899022302
4,5,3.8099485260143724
4,6,5.013778844063795
4,7,4.399577951497615
4,8,5.730564301273042
4,9,8.110411921117098
4,10,9.02636236934231
4,11,9.238030175780976
4,12,11.148391759218123
4,13,13.291798149538721
4,14,14.710033589158451
4,15,15.582686340862558
4,16,17.18591522129721
4,17,19.295045993871533
4,18,20.260279933675186
4,19,20.947701969625125
4,20,23.341504645993208
4,21,24.908753151813265
4,22,25.837239516834927
4,23,27.391318258868978
4,24,29.378809153771666
4,25,30.528506081773557
4,26,32.55860417243878
4,27,33.71460255230862
4,28,35.11440450535128
4,29,36.44271990514489
4,30,39.1303010636838
4,31,40.42992199234678
4,32,42.82648717923436
4,33,41.59020489104861
4,34,43.369919159741215
4,35,43.4497144643282
4,36,42.45669019713053
4,37,39.996147008682804
4,38,38.12359956273218
4,39,37.74711411266747
4,40,36.38423272943591
4,41,33.85811186315178
4,42,32.497076722125705
4,43,32.38676102897812
4,44,30.40813686841459
4,45,27.929483509693764
4,46,27.52567587325706
4,47,27.59761624969189
4,48,24.717655752398105
4,49,22.968678103126894
4,50,22.705633421631685
4,51,21.3338910061733
4,52,18.20534430324707
4,53,18.350948771230367
4,54,18.938411204525192
4,55,16.130018072797814
4,56,13.578717311389932
4,57,15.204986193700902
4,58,14.944801428227201
4,59,11.367038942953794
4,60,10.684897631682993
4,61,13.426860672522748
4,62,13.280907353345398
4,63,14.84288937582317
4,64,12.420436442246912
4,65,13.200793419901878
4,66,16.94266777841313
4,67,16.830529665489532
4,68,15.814767166838065
4,69,18.83671497091055
4,70,21.049087594441644
4,71,20.631883411389488
4,72,22.565992753352045
4,73,19.503194776851757
4,74,17.670372752742377
4,75,19.7917320662872
4,76,20.46221886369043
4,77,20.820560567603877
4,78,17.09037343637902
4,79,16.134500957390895
4,80,17.64815464812407
4,81,14.956737725343222
4,82,11.852156590413827
4,83,13.925743728100915
4,84,14.49252343216315
4,85,11.11452640464263
4,86,10.09261359761256
4,87,13.424601423372804
4,88,12.869533946359255
4,89,10.073706441022757
4,90,12.63778363276781
4,91,15.297880655069998
4,92,13.917698982132256
4,93,13.113383297129573
4,94,16.658527239744476
4,95,18.51406898947716
4,96,17.328368726640125
4,97,18.6978663202809
4,98,21.699841094540492
4,99,22.670056746956643
4,100,22.38946264020915
4,101,24.726987658788076
4,102,26.930159865939018
4,103,27.422633549713133
4,104,28.344460561064945
4,105,30.675243227406977
4,106,32.443985454755605
4,107,32.893742141385644
4,108,34.27528877041612
4,109,36.810869935013955
4,110,38.69736396996452
5,1,7.994626908567372
5,2,6.035089624152524
5,3,5.394429915046265
5,4,3.8099485260143724
5,6,3.757252204298594
5,7,5.309407054577232
5,8,5.367927388833291
5,9,6.003572745040723
5,10,8.006718439153662
5,11,9.45152118740168
5,12,10.566012091614452
5,13,12.0617836986967
5,14,14.337868047561887
5,15,15.50789011385481
5,16,16.280865724924553
5,17,18.508083707962317
5,18,20.149048660334408
5,19,20.578347725326047
5,20,22.48758896979926
5,21,24.421605272869876
5,22,25.713300619943418
5,23,26.838619300041273
5,24,28.699607065711145
5,25,30.290380235622145
5,26,32.33089163503754
5,27,33.05913814057649
5,28,34.47018342782014
5,29,36.160543581392034
5,30,38.684457406246274
5,31,39.74399103823284
5,32,42.20331243949863
5,33,40.93512054686323
5,34,42.46953014427062
5,35,42.443958559348225
5,36,41.153165214336184
5,37,38.809422815990416
5,38,37.14777437205005
5,39,36.491591841545
5,40,34.92687614205858
5,41,32.690667988346
5,42,31.39151996238521
5,43,30.855952546409938
5,44,28.85454615881198
5,45,26.732117322724328
5,46,26.15711073066649
5,47,25.756553641618
5,48,22.971853841109176
5,49,21.526155149662713
5,50,20.81693145778933
5,51,19.128697740362757
5,52,16.425543701153792
5,53,16.56516486098242
5,54,16.471471603527053
5,55,13.58835154365441
5,56,11.516892425356756
5,57,12.82282578290878
5,58,11.853536251721273
5,59,8.274630776467593
5,60,8.135285523946857
5,61,10.48385985838448
5,62,10.860784544624254
5,63,11.873987777625306
5,64,9.717897877513314
5,65,11.35641217601207
5,66,14.858581412168293
5,67,14.59342592071715
5,68,14.392970058666338
5,69,17.460513738794084
5,70,19.306206347972466
5,71,19.40731831826448
5,72,21.881397315740767
5,73,19.208606607980727
5,74,17.495493495520826
5,75,19.875994884290083
5,76,20.057367565915918
5,77,20.905118582036366
5,78,17.436205533735652
5,79,15.691387655092011
5,80,17.315125291710093
5,81,15.30732324012104
5,82,11.71371321818238
5,83,13.09366825663382
5,84,14.481174050821913
5,85,11.755963275423776
5,86,9.594339996044152
5,87,12.968586653934127
5,88,13.44991588987364
5,89,10.496042144837006
5,90,11.99647467329052
5,91,15.300122910543237
5,92,14.59783501666252
5,93,13.070216889937468
5,94,16.188315720606326
5,95,18.71776277324458
5,96,17.78213651311878
5,97,18.4227141726817
5,98,21.452106901833993
5,99,22.996260658346294
5,100,22.503983476964056
5,101,24.34199419361397
5,102,26.88655658229888
5,103,27.705095765445567
5,104,28.209026832035004
5,105,30.330408641295172
5,106,32.49260558413066
5,107,32.9644529890269
5,108,33.933078232571674
5,109,36.50518576302538
5,110,38.715965462981075
6,1,9.772759558940663
6,2,7.612525541773977
6,3,5.3347769742538675
6,4,5.013778844063795
6,5,3.757252204298594
6,7,3.7859673779767675
6,8,5.898687703716656
6,9,5.674137176191355
6,10,5.716345177056753
6,11,7.895491573839218
6,12,10.03734602453672
6,13,10.71778230085469
6,14,12.430127767352316
6,15,14.378828710840933
6,16,15.431701019108026
6,17,16.95689213745526
6,18,18.641750146162707
6,19,19.714672243333183
6,20,21.424328280141598
6,21,22.89270443928682
6,22,24.51487773313745
6,23,25.960771208152075
6,24,27.419012414747097
6,25,28.822401867638455
6,26,31.221969589275062
6,27,32.02199227879548
6,28,33.04992551847585
6,29,34.764477230211796
6,30,37.519610669507806
6,31,38.37671777666903
6,32,40.57662529864364
6,33,39.03378525825835
6,34,40.46849262268337
6,35,40.21684709398768
6,36,39.10406922565352
6,37,36.932230054275855
6,38,35.00784187494088
6,39,34.24389610789852
6,40,32.99026915174522
6,41,30.759799943539214
6,42,29.111094374470145
6,43,28.699900259176975
6,44,27.039924582533356
6,45,24.681267540420755
6,46,23.779170221960115
6,47,23.71461554778391
6,48,21.196112249736068
6,49,19.25425310923703
6,50,18.46703805800992
6,51,17.362404303465933
6,52,14.410228137058933
6,53,13.954049156919297
6,54,14.356868091189193
6,55,11.983793963425999
6,56,9.117062014745011
6,57,10.274800742783137
6,58,10.366812261715307
6,59,7.142395029242914
6,60,5.769728627188811
6,61,8.860233117034952
6,62,9.62726730801841
6,63,11.72216004330836
6,64,10.468380940691866
6,65,11.28834795727685
6,66,14.8397864298627
6,67,15.531517868759254
6,68,15.350739693844298
6,69,17.8248209647627
6,70,20.168478991399944
6,71,20.671200949872144
6,72,23.074377048887275
6,73,20.613937923514687
6,74,18.287592817902464
6,75,20.053936640174783
6,76,19.768047209445264
6,77,20.052494299589203
6,78,16.616317506242584
6,79,14.754395471237755
6,80,15.573145914858507
6,81,13.417865648869407
6,82,10.092342318867372
6,83,10.829016706677395
6,84,11.621452129778705
6,85,8.894297326781762
6,86,6.409734476121914
6,87,9.453520698822977
6,88,9.856619010060301
6,89,6.82613221753638
6,90,8.312635014200076
6,91,11.563844355991684
6,92,11.095818192807194
6,93,9.829216806701508
6,94,12.871184065445886
6,95,15.319659548428259
6,96,14.817036098683184
6,97,15.653474516614267
6,98,18.375002325509573
6,99,20.02566262340519
6,100,19.959647410366706
6,101,21.723399225618433
6,102,24.02130458087864
6,103,25.11419964880095
6,104,25.86813216633835
6,105,27.74815865165482
6,106,29.84663076446861
6,107,30.65231896979147
6,108,31.677250782423794
6,109,34.00401335414627
6,110,36.20468669117943
7,1,10.314569743469034
7,2,9.509806256355452
7,3,6.536245917259872
7,4,4.399577951497615
7,5,5.309407054577232
7,6,3.7859673779767675
7,8,3.8125094920681875
7,9,5.596780657386894
7,10,5.024008441262308
7,11,5.158019365145798
7,12,7.828553417053625
7,13,9.483601044861429
7,14,10.49331732646498
7,15,11.832971014004345
7,16,13.598046022514657
7,17,15.26447425414313
7,18,16.28554017219758
7,19,17.371018259796394
7,20,19.597690012360058
7,21,20.894260122078496
7,22,22.072447156058093
7,23,23.791976046743653
7,24,25.501835417212398
7,25,26.585062109086415
7,26,28.84815004911939
7,27,29.998248281914233
7,28,31.159499275232303
7,29,32.54328003149725
7,30,35.3550250901337
7,31,36.505284282455314
7,32,38.76364707299489
7,33,37.39595739823931
7,34,39.13675407472742
7,35,39.15406041575203
7,36,38.25297383457239
7,37,35.83403068259961
7,38,33.851676911747134
7,39,33.491483758861094
7,40,32.25553528610378
7,41,29.680093256036454
7,42,28.213490700672047
7,43,28.235284724872805
7,44,26.358924070367607
7,45,23.72846363747731
7,46,23.30897739273133
7,47,23.61483261894791
7,48,20.773344480429557
7,49,18.813852056847804
7,50,18.789162552407095
7,51,17.67482119844944
7,52,14.296967130606937
7,53,14.489487821325744
7,54,15.61220876294265
7,55,12.912557521799046
7,56,10.085300331266907
7,57,12.305156264296036
7,58,12.704224816342645
7,59,9.271149512331336
7,60,8.74450407549529
7,61,12.258759485963768
7,62,13.383744004783436
7,63,15.470860716181878
7,64,14.029018365729334
7,65,14.847661563626431
7,66,18.494055796810052
7,67,19.00779118105562
7,68,18.53153160466426
7,69,21.16944104332602
7,70,23.549482793437846
7,71,23.70502002250221
7,72,25.86939984688841
7,73,23.082819330059813
7,74,20.875732874758974
7,75,22.62604457550337
7,76,22.72020368862522
7,77,22.71873964807216
7,78,19.090048593304015
7,79,17.752552182280834
7,80,18.442688566155166
7,81,15.783475471448535
7,82,12.863268981517557
7,83,13.905148593411795
7,84,13.903185238360175
7,85,10.613161030272973
7,86,8.968939499971949
7,87,11.437758740783096
7,88,10.629546161290454
7,89,7.11576977792799
7,90,9.302758860934723
7,91,11.87124717437212
7,92,10.17541968870429
7,93,8.872600503101737
7,94,12.473741472277021
7,95,14.376905930934143
7,96,13.0458025548659
7,97,14.29880109655024
7,98,17.344536508214546
7,99,18.363358810594676
7,100,18.04799995850979
7,101,20.3342346848399
7,102,22.5522243943029
7,103,23.12284087142423
7,104,24.024992334335487
7,105,26.290360242110303
7,106,28.096073020568703
7,107,28.624019682358018
7,108,29.966069362020292
7,109,32.44525988541952
7,110,34.37421458497021
8,1,11.5985406570908
8,2,10.875496862644587
8,3,8.960826921117048
8,4,5.730564301273042
8,5,5.367927388833291
8,6,5.898687703716656
8,7,3.8125094920681875
8,9,3.7944826765190864
8,10,5.516627585834694
8,11,5.025664758604357
8,12,5.591331515147599
8,13,8.119694758914518
8,14,10.03095265372546
8,15,10.454500393603023
8,16,11.61465738824478
8,17,14.089313220676964
8,18,15.263379788474763
8,19,15.534918144079972
8,20,17.827786434678995
8,21,19.716490758694924
8,22,20.653104916261263
8,23,21.90180972545467
8,24,23.980277519979712
8,25,25.38929315741385
8,26,27.278672281460917
8,27,28.228680726659967
8,28,29.77860142053898
8,29,31.23731178435459
8,30,33.760663500180904
8,31,35.04953916279379
8,32,37.591895243298616
8,33,36.52746467780595
8,34,38.33612814417073
8,35,38.6202720152586
8,36,37.47969455694972
8,37,34.863314406889344
8,38,33.22795402372442
8,39,32.98979541923756
8,40,31.36125323717043
8,41,28.795673873046667
8,42,27.786571044169108
8,43,27.645126129491686
8,44,25.34293554220605
8,45,23.025052882344475
8,46,23.048759789488333
8,47,22.947475515145225
8,48,19.764948163136008
8,49,18.45640316666215
8,50,18.632420660564808
8,51,16.816216192916965
8,52,13.706308633957375
8,53,14.796875208361666
8,54,15.482328211102184
8,55,12.15038313731738
8,56,10.32693354152602
8,57,13.074539466389801
8,58,12.551683251763189
8,59,8.833502812983811
8,60,9.8493188361451
8,61,13.161381208942448
8,62,14.932647282830203
8,63,16.248088508440965
8,64,14.723663232390082
8,65,16.40767805837666
8,66,19.87475202215809
8,67,19.80634337546517
8,68,19.751211738319476
8,69,22.73361478442837
8,70,24.62694198905478
8,71,24.768384249133316
8,72,27.185288551543422
8,73,24.382164658885145
8,74,22.643563432514384
8,75,24.852689078058805
8,76,25.0423724528482
8,77,25.493095198104175
8,78,21.905577016435192
8,79,20.337207172377553
8,80,21.39198512080243
8,81,19.01436387165183
8,82,15.772114946876771
8,83,16.723877677678175
8,84,17.242701122661526
8,85,14.16641428862313
8,86,12.046833340616722
8,87,14.531563145150049
8,88,14.152763879215914
8,89,10.4709873550189
8,90,11.829174755730497
8,91,14.67841887676971
8,92,12.940664353002527
8,93,10.72943131106027
8,94,14.058790247108423
8,95,16.32546604575644
8,96,14.441014694559634
8,97,14.95831330660977
8,98,18.415899570907573
8,99,19.488125609748767
8,100,18.432105616605114
8,101,20.586618108227267
8,102,23.25424183209359
8,103,23.556091902316656
8,104,23.927738773702867
8,105,26.428662442038068
8,106,28.4425611664733
8,107,28.52519490591267
8,108,29.639968071215346
8,109,32.436181801748354
8,110,34.475296007990295
9,1,13.70738391502104
9,2,11.94451238559129
9,3,10.361397949677295
9,4,8.110411921117098
9,5,6.003572745040723
9,6,5.674137176191355
9,7,5.596780657386894
9,8,3.7944826765190864
9,10,3.8584907517195903
9,11,5.69086105491386
9,12,5.544229826153315
9,13,6.228563271701526
9,14,9.134969085203881
9,15,10.42743714908308
9,16,10.553482335737378
9,17,12.75083119386883
9,18,14.81974846057429
9,19,15.137933756509744
9,20,16.6716344129701
9,21,18.743837656102787
9,22,20.29510080503145
9,23,21.204033873257757
9,24,22.897597118824507
9,25,24.712214921298287
9,26,26.79863172718291
9,27,27.296380337468047
9,28,28.64927902496537
9,29,30.523722866052644
9,30,32.98116911480294
9,31,33.895110618131696
9,32,36.36896951965149
9,33,35.129625745014145
9,34,36.62094337473057
9,35,36.680292164758754
9,36,35.30314037417823
9,37,32.89365086141566
9,38,31.358401886572278
9,39,30.7618155843464
9,40,29.05561631735842
9,41,26.808793129460348
9,42,25.6985397363905
9,43,25.141033450428274
9,44,22.961667664216534
9,45,20.928537712512536
9,46,20.608348613074046
9,47,20.122029099689396
9,48,17.133902829450985
9,49,15.950259142515105
9,50,15.604624865548322
9,51,13.622638699016917
9,52,10.840007045348138
9,53,11.795560101449382
9,54,11.951568768834619
9,55,8.560103001144336
9,56,7.093343604522958
9,57,9.773264729360207
9,58,8.88834117590389
9,59,5.255313511903797
9,60,7.129658068381191
9,61,10.302924303022195
9,62,13.003835799185905
9,63,14.156385574507388
9,64,13.424562456391993
9,65,15.428067605018704
9,66,18.54636387402872
9,67,18.732965424287627
9,68,19.347865231066606
9,69,22.058148615416112
9,70,23.805035332579664
9,71,24.521850728550657
9,72,27.298220025515647
9,73,24.9045279351326
9,74,23.03917565238381
9,75,25.185272720241418
9,76,24.829606642901176
9,77,25.439620056462
9,78,22.114351442946006
9,79,19.95838483566891
9,80,20.768674008366144
9,81,18.92389236398145
9,82,15.54247644300365
9,83,15.6767313313994
9,84,16.58012115318206
9,85,14.146312597843574
9,86,11.21097851587949
9,87,13.295599258704273
9,88,13.769695990156013
9,89,10.132801333760023
9,90,10.240298311008578
9,91,13.546952701766362
9,92,12.610527496293486
9,93,9.752468745999346
9,94,12.410554867147532
9,95,15.354755952486286
9,96,13.964571800362496
9,97,13.675525039892648
9,98,16.99532631284974
9,99,18.74860765945441
9,100,17.66325356490968
9,101,19.176126541172625
9,102,22.103436886756402
9,103,22.897658719632794
9,104,22.918791518730924
9,105,25.053636409236177
9,106,27.464388188283458
9,107,27.736757537725868
9,108,28.41771677615083
9,109,31.126436945989134
9,110,33.50621108346841
10,1,14.847630475353068
10,2,13.188723341858859
10,3,10.640437684572403
10,4,9.02636236934231
10,5,8.006718439153662
10,6,5.716345177056753
10,7,5.024008441262308
10,8,5.516627585834694
10,9,3.8584907517195903
10,11,3.802018344666595
10,12,5.707237495595005
10,13,5.28382619965357
10,14,6.834890889344123
10,15,9.21981613832478
10,16,10.12852508657377
10,17,11.275329924058234
10,18,13.137881155659048
10,19,14.39939011887846
10,20,15.880694886867369
10,21,17.22239896949265
10,22,19.040165640946547
10,23,20.500095179124344
10,24,21.76848877206595
10,25,23.19897411650156
10,26,25.69749988534501
10,27,26.439465032212315
10,28,27.357820224439365
10,29,29.126617672373783
10,30,31.902971134153823
10,31,32.686633310652546
10,32,34.86099349169721
10,33,33.336851804156716
10,34,34.822896332807154
10,35,34.68953618151778
10,36,33.61429302217782
10,37,31.33062057617908
10,38,29.42334167464441
10,39,28.829430710941452
10,40,27.53407701550465
10,41,25.157962369302847
10,42,23.63477007233286
10,43,23.40381789243842
10,44,21.600247139588124
10,45,19.119885556755726
10,46,18.51979447735673
10,47,18.644989410135505
10,48,15.8995375920637
10,49,13.95847240321469
10,50,13.803553929466135
10,51,12.68136354288671
10,52,9.29963567228859
10,53,9.619087046751511
10,54,10.859011388026417
10,55,8.195084351972826
10,56,5.407064135397555
10,57,8.427232770516403
10,58,9.150644158280752
10,59,6.321605050152494
10,60,6.732252849869219
10,61,10.467555513238608
10,62,13.246761780885956
10,63,15.290292091010203
10,64,15.003544632176457
10,65,16.22570284777134
10,66,19.423656733293743
10,67,20.309120355092087
10,68,20.683238310792316
10,69,22.982475383348497
10,70,25.19478312155346
10,71,26.047400750607267
10,72,28.63427960053761
10,73,26.278873859280765
10,74,23.945121216284974
10,75,25.582874626427852
10,76,25.008129483892073
10,77,25.057665059939403
10,78,21.746868503654525
10,79,19.734265720507263
10,80,19.865813413049743
10,81,17.79827116496823
10,82,14.892805550160094
10,83,14.636912692342932
10,84,14.733065396336666
10,85,12.315248404026802
10,86,9.59722723361206
10,87,10.847968438371264
10,88,10.818888751006021
10,89,7.10865798720773
10,90,7.046397706709109
10,91,9.964822895973398
10,92,8.832265443372453
10,93,5.904786298779758
10,94,8.791056308368812
10,95,11.55817803613867
10,96,10.368165440487491
10,97,10.463349029320316
10,98,13.602798795010145
10,99,15.30954082723388
10,100,14.693749013408093
10,101,16.346545570874035
10,102,18.951351377076936
10,103,19.929138234026755
10,104,20.361636460782538
10,105,22.345567892563604
10,106,24.576777328332078
10,107,25.193189407730085
10,108,26.08929765427022
10,109,28.548969076856057
10,110,30.820764937900336
11,1,15.279936353687479
11,2,14.547215997596638
11,3,11.685947144715573
11,4,9.238030175780976
11,5,9.45152118740168
11,6,7.895491573839218
11,7,5.158019365145798
11,8,5.025664758604357
11,9,5.69086105491386
11,10,3.802018344666595
11,12,3.8369910974068384
11,13,5.3878352377242935
11,14,5.568719501397073
11,15,6.7423228318242066
11,16,8.837211863935156
11,17,10.302627849335392
11,18,11.130835598308796
11,19,12.340214966779726
11,20,14.606813422344986
11,21,15.770370248302292
11,22,16.93405804901974
11,23,18.73476092155267
11,24,20.396859632033973
11,25,21.429566266234975
11,26,23.713768589531835
11,27,24.900443984757228
11,28,26.03859284603062
11,29,27.385596825667193
11,30,30.210310427990084
11,31,31.383623447849125
11,32,33.65899350045176
11,33,32.37996853171951
11,34,34.2422464014724
11,35,34.44912880026409
11,36,33.61194702894766
11,37,31.031264683013053
11,38,29.0905917949269
11,39,28.99412178130603
11,40,27.701070330760313
11,41,24.926777773863883
11,42,23.677909654067516
11,43,23.962258865269998
11,44,21.88701105451419
11,45,19.131291062856594
11,46,19.182296456480532
11,47,19.71727745162879
11,48,16.62433915639482
11,49,14.788404569830512
11,50,15.569020040419455
11,51,14.427415791219333
11,52,10.801446651059557
11,53,11.916510638205619
11,54,13.729509780603179
11,55,10.913627409396339
11,56,8.656436949757984
11,57,12.022819771661654
11,58,12.748042420831684
11,59,9.798606241150411
11,60,10.450697619057062
11,61,14.205611530299246
11,62,16.664021818188893
11,63,18.68716158752758
11,64,17.928254462132973
11,65,19.110953359394053
11,66,22.5299947710688
11,67,23.173839798728906
11,68,23.179202676531947
11,69,25.715287840659435
11,70,27.977293918961703
11,71,28.438279554430636
11,72,30.80096103928708
11,73,28.117963503708026
11,74,25.913644067678668
11,75,27.606503603745328
11,76,27.44071183452955
11,77,27.318661307338058
11,78,23.796891285339225
11,79,22.248122300693208
11,80,22.46728693464515
11,81,19.947219308773356
11,82,17.236010579525352
11,83,17.511016489767226
11,84,17.140421715554073
11,85,14.203993940688944
11,86,12.237253460485604
11,87,13.498035980405048
11,88,12.476331864412577
11,89,8.741679930732854
11,90,9.64388857626979
11,91,11.640343437177977
11,92,9.270517034060937
11,93,6.694887401347934
11,94,10.003051803429019
11,95,11.844705514451404
11,96,9.537317051530472
11,97,10.214164809301092
11,98,13.711700016934548
11,99,14.510417721160975
11,100,13.509455362954009
11,101,15.879557849287346
11,102,18.35769587929068
11,103,18.61332611677582
11,104,19.218889832537272
11,105,21.718298883250945
11,106,23.563696609286634
11,107,23.79465550533469
11,108,25.091761255512864
11,109,27.754081824434767
11,110,29.680865340769785
12,1,17.13272545774987
12,2,16.315679310123908
12,3,14.104006294792185
12,4,11.148391759218123
12,5,10.566012091614452
12,6,10.03734602453672
12,7,7.828553417053625
12,8,5.591331515147599
12,9,5.544229826153315
12,10,5.707237495595005
12,11,3.8369910974068384
12,13,3.8192847108970094
12,14,5.535705262187927
12,15,5.19081832182465
12,16,6.074399490266119
12,17,8.724391412054175
12,18,9.938793279228053
12,19,10.021406357075852
12,20,12.250077355966933
12,21,14.211081488809171
12,22,15.197539276492375
12,23,16.35755844787441
12,24,18.393034644134946
12,25,19.893354394126053
12,26,21.78116054858428
12,27,22.65311412203861
12,28,24.19974033321687
12,29,25.709416266544697
12,30,28.200997887208217
12,31,29.46115787948776
12,32,32.03889407443319
12,33,31.070478608416252
12,34,32.95706348657007
12,35,33.42947942308891
12,36,32.301067860634085
12,37,29.530606545941644
12,38,27.999899818251002
12,39,28.00042509981747
12,40,26.260781978899345
12,41,23.540180029537186
12,42,22.822784679817257
12,43,22.876258076798386
12,44,20.3267888791428
12,45,17.9880577902872
12,46,18.548924352990266
12,47,18.57317330523821
12,48,15.111392505812999
12,49,14.128223287204888
12,50,15.132811043388374
12,51,13.19056636249639
12,52,10.015022812349809
12,53,12.218399384540628
12,54,13.474450317002983
12,55,10.113686984812558
12,56,9.219013222111643
12,57,12.899912586527565
12,58,12.746214925987063
12,59,9.86947382879531
12,60,11.809759910467841
12,61,15.233427155896564
12,62,18.242942815250977
12,63,19.632877027096853
12,64,18.940103273835316
12,65,20.77783601713771
12,66,24.002104782792568
12,67,24.232158015080437
12,68,24.64934370012157
12,69,27.40509025733646
12,70,29.260469370053972
12,71,29.793478610140063
12,72,32.40224602459365
12,73,29.766400667823646
12,74,27.902028093608756
12,75,29.94668957497489
12,76,29.784991442101585
12,77,30.04577393992461
12,78,26.564725734635793
12,79,24.758123496848725
12,80,25.254385692724565
12,81,22.998215368309268
12,82,19.97656177889519
12,83,20.145228254271387
12,84,20.264097055023367
12,85,17.507662469674827
12,86,15.10610978399341
12,87,16.482208482083827
12,88,15.969496264823501
12,89,12.19731862886568
12,90,12.41650260876922
12,91,14.70438923778544
12,92,12.642507018570374
12,93,9.483298082728403
12,94,12.047454965609228
12,95,14.263940269032872
12,96,11.662812674654397
12,97,11.23913200742231
12,98,14.991287098158326
12,99,15.93832490217238
12,100,14.07921791243056
12,101,16.079198656703948
12,102,19.073999601729938
12,103,19.09428456269856
12,104,18.97706773694749
12,105,21.656020489603033
12,106,23.786378590667645
12,107,23.52774305175008
12,108,24.466954226761377
12,109,27.45963183656273
12,110,29.554469931016943
13,1,19.288847668998493
13,2,17.832136491326587
13,3,15.5819571162533
13,4,13.291798149538721
13,5,12.0617836986967
13,6,10.71778230085469
13,7,9.483601044861429
13,8,8.119694758914518
13,9,6.228563271701526
13,10,5.28382619965357
13,11,5.3878352377242935
13,12,3.8192847108970094
13,14,3.8396618389642208
13,15,5.540919152581468
13,16,5.043235930218133
13,17,6.5436453172158995
13,18,9.00618953038888
13,19,9.66067189891289
13,20,10.771667998693752
13,21,12.596774909288811
13,22,14.491679576741864
13,23,15.49487011928725
13,24,16.84314263467361
13,25,18.643233773763377
13,26,20.943129114992782
13,27,21.41015493082395
13,28,22.531663233050224
13,29,24.458728766918778
13,30,27.017434663917975
13,31,27.81179636286453
13,32,30.190019290365676
13,33,28.91489439272776
13,34,30.477335478671783
13,35,30.650654012755474
13,36,29.3988379232051
13,37,26.86817243339283
13,38,25.280839095831958
13,39,24.925364003322557
13,40,23.252215105761454
13,41,20.774192831811664
13,42,19.787987257733498
13,43,19.557067433632266
13,44,17.234948137996746
13,45,14.964355097348994
13,46,15.110216737538863
13,47,15.002658231119948
13,48,11.716499779936916
13,49,10.55965365897707
13,50,11.323185386305875
13,51,9.486129318800911
13,52,6.200513591739818
13,53,8.562992209338672
13,54,9.940046358248814
13,55,6.870695052740868
13,56,6.391198823803772
13,57,10.204561681397047
13,58,10.429231075377006
13,59,8.496258974548272
13,60,10.567723448856919
13,61,13.756040384460423
13,62,17.434580008765572
13,63,18.932836111516984
13,64,18.99539319984972
13,65,20.773494580039923
13,66,23.696735690305466
13,67,24.33927465311134
13,68,25.162398903450445
13,69,27.5568950181782
13,70,29.434209412324684
13,71,30.4408762425125
13,72,33.24376917088487
13,73,30.932626422349212
13,74,28.831828255306622
13,75,30.658853226773637
13,76,30.018633916589092
13,77,30.213857561383495
13,78,26.966638213534
13,79,24.7940926222208
13,80,24.872688093647028
13,81,22.984408534717574
13,82,20.074081508426165
13,83,19.51245078238609
13,84,19.635716272177564
13,85,17.450429992384247
13,86,14.645182549653551
13,87,15.306846646364313
13,88,15.28686033654176
13,89,11.759949730416862
13,90,10.806282882187686
13,91,13.048583257202663
13,92,11.664435145651977
13,93,7.960152208048178
13,94,9.512910256361467
13,95,12.265296009190138
13,96,10.19312613105053
13,97,8.756575338820099
13,98,12.349521944233471
13,99,14.009700540256441
13,100,12.193562959441772
13,101,13.467537632895862
13,102,16.698877053747108
13,103,17.31053267603899
13,104,16.913560403579993
13,105,19.148795162061795
13,106,21.663223418608855
13,107,21.725408782402106
13,108,22.264991041033706
13,109,25.08844864042227
13,110,27.51164585341468
14,1,20.758531560875113
14,2,19.690484351780377
14,3,16.866031043430144
14,4,14.710033589158451
14,5,14.337868047561887
14,6,12.430127767352316
14,7,10.49331732646498
14,8,10.03095265372546
14,9,9.134969085203881
14,10,6.834890889344123
14,11,5.568719501397073
14,12,5.535705262187927
14,13,3.8396618389642208
14,15,3.8279577568627925
14,16,5.3531449109422145
14,17,5.076573835509094
14,18,6.397297076301029
14,19,8.389636653176602
14,20,9.872006940092993
14,21,10.577330912680372
14,22,12.400871713995379
14,23,14.249363579672298
14,24,15.32276261599215
14,25,16.43874895969547
14,26,19.067433534503614
14,27,20.04986099932098
14,28,20.830236213785202
14,29,22.397162873986755
14,30,25.307467900306435
14,31,26.189221801730703
14,32,28.321754963660158
14,33,26.909367526554064
14,34,28.691874873910052
14,35,28.88610362408006
14,36,28.077180533212932
14,37,25.497325153981397
14,38,23.522255930896975
14,39,23.49212539570679
14,40,22.24514261316368
14,41,19.392886277760013
14,42,18.168524958730902
14,43,18.635982948352837
14,44,16.564669604447424
14,45,13.643987056329145
14,46,13.97539973216484
14,47,14.829581952205215
14,48,11.711709383115716
14,49,9.827944288981524
14,50,11.519670422513297
14,51,10.73692422450423
14,52,7.11096098340258
14,53,9.083245516458353
14,54,11.665638948475126
14,55,9.529123399098939
14,56,8.341665838718264
14,57,11.999029096236155
14,58,13.230177437083956
14,59,11.563123792362285
14,60,12.762663938457772
14,61,16.180231529741047
14,62,19.610240084091753
14,63,21.624154194202138
14,64,21.68510544697025
14,65,22.980003967551557
14,66,26.05350467272197
14,67,27.01725240619782
14,68,27.514649052542843
14,69,29.75739103358098
14,70,31.960514396494016
14,71,32.875229442135044
14,72,35.455878697453834
14,73,33.028524174957084
14,74,30.683742959427136
14,75,32.20038121312686
14,76,31.59677805136073
14,77,31.34729770410719
14,78,28.051418405790848
14,79,26.189144950494484
14,80,25.868842262069535
14,81,23.678233910319204
14,82,21.20704393194696
14,83,20.63997114352359
14,84,20.040486061632624
14,85,17.749122459945742
14,86,15.506031710897618
14,87,15.575446965924547
14,88,14.77445357563036
14,89,11.532498408816437
14,90,10.825199755785572
14,91,11.976518204523897
14,92,9.892565757672221
14,93,6.539099031008145
14,94,7.899073344984068
14,95,9.678357478824447
14,96,6.892734356885603
14,97,5.796367694520136
14,98,9.584088518256499
14,99,10.559824299373677
14,100,8.722399098047696
14,101,10.668901478614444
14,102,13.572479519198632
14,103,13.880699757218792
14,104,13.957415522294195
14,105,16.414582946381017
14,106,18.539865951356703
14,107,18.6869651919931
14,108,19.684172923194367
14,109,22.409099632333476
14,110,24.538897522298658
15,1,21.589822693982025
15,2,21.020803686161788
15,3,18.3645925758035
15,4,15.582686340862558
15,5,15.50789011385481
15,6,14.378828710840933
15,7,11.832971014004345
15,8,10.454500393603023
15,9,10.42743714908308
15,10,9.21981613832478
15,11,6.7423228318242066
15,12,5.19081832182465
15,13,5.540919152581468
15,14,3.8279577568627925
15,16,3.8244134849292015
15,17,5.145257379703032
15,18,4.90174587199112
15,19,5.660290977258581
15,20,8.373734517934922
15,21,9.557553778317113
15,22,10.289482277625478
15,23,12.066759471989531
15,24,13.969017949387707
15,25,14.986344323217484
15,26,17.0312965163831
15,27,18.289984024515693
15,28,19.652794774228337
15,29,20.869291706285434
15,30,23.57548439661853
15,31,24.94838365846925
15,32,27.4105994323247
15,33,26.484010738335755
15,34,28.63570278184933
15,35,29.32715304909376
15,36,28.53252509601205
15,37,25.578525395607134
15,38,23.897489748241544
15,39,24.381542550849368
15,40,22.836252609130714
15,41,19.718324468096228
15,42,19.17211600143325
15,43,19.896637216402237
15,44,17.30262429635757
15,45,14.568520415940807
15,46,15.81860933077975
15,47,16.559776020000463
15,48,13.059763101658456
15,49,12.046113091568134
15,50,14.279661679109585
15,51,12.940282078706675
15,52,9.80543658067936
15,53,12.497025719445883
15,54,14.691890613523775
15,55,12.094632671756713
15,56,11.531591767786892
15,57,15.328724696297613
15,58,15.94815689489953
15,59,13.87072510815941
15,60,15.57547419558993
15,61,19.025621136170606
15,62,22.354447994855448
15,63,24.06760098402115
15,64,23.72581969541703
15,65,25.310514625716223
15,66,28.50810409381749
15,67,29.06132225969001
15,68,29.463347954919367
15,69,32.02621095268107
15,70,34.065683454064725
15,71,34.70021141705408
15,72,37.24108862853838
15,73,34.59254886119825
15,74,32.527468263955335
15,75,34.3050272336402
15,76,34.03085058790706
15,77,33.92132196833363
15,78,30.463363766089614
15,79,28.776460341032823
15,80,28.78519753612225
15,81,26.402028732811935
15,82,23.7814921092385
15,83,23.63713102899211
15,84,23.134785706719196
15,85,20.495014048897858
15,86,18.406680198379632
15,87,18.922463456879747
15,88,17.882393316411665
15,89,14.464912299316223
15,90,14.326867308156112
15,91,15.518868749268579
15,92,12.996793842267767
15,93,10.000193617254167
15,94,11.63406960644134
15,95,12.924532080545093
15,96,9.568593799388685
15,97,8.757703098588147
15,98,12.428562407506288
15,99,12.585596564669732
15,100,9.993402251481253
15,101,12.295542928081986
15,102,15.204287678683656
15,103,14.586328841566958
15,104,14.343120555362896
15,105,17.389503509565998
15,106,19.244103631835237
15,107,18.640860070052245
15,108,19.798063654175223
15,109,22.90998040035381
15,110,24.77201473583056
16,1,23.18689657653259
16,2,22.164488999317037
16,3,19.951791546097358
16,4,17.18591522129721
16,5,16.280865724924553
16,6,15.431701019108026
16,7,13.598046022514657
16,8,11.61465738824478
16,9,10.553482335737378
16,10,10.12852508657377
16,11,8.837211863935156
16,12,6.074399490266119
16,13,5.043235930218133
16,14,5.3531449109422145
16,15,3.8244134849292015
16,17,3.815163168911761
16,18,5.720828234188041
16,19,4.897742720177933
16,20,6.240482900127075
16,21,8.721343595177375
16,22,10.061049615204462
16,23,10.658083258114926
16,24,12.50527925804629
16,25,14.457436498955914
16,26,16.31027861560316
16,27,16.78168416141963
16,28,18.332880710071358
16,29,20.11858146126961
16,30,22.453812955313946
16,31,23.545918444543968
16,32,26.209000899259173
16,33,25.375500168053772
16,34,27.254667386356587
16,35,27.952992692693126
16,36,26.70569986647224
16,37,23.76614550791226
