1,2,3.811787333029856
1,3,6.698309603317264
1,4,9.673089819283067
1,5,12.34054415620267
1,6,14.45741604866334
1,7,15.874757364419022
1,8,19.014882914372166
1,9,22.624950941102338
1,10,25.07661348014111
1,11,28.72884877910808
1,12,29.873464033255413
1,13,27.276133268592712
1,14,25.028924776857696
1,15,21.381260509491845
1,16,20.06303856330644
1,17,17.676046638979848
1,18,18.823481540698126
1,19,16.240899325383076
1,20,13.47819278642538
1,21,10.540310881366196
1,22,10.133958988550598
1,23,8.088692267712768
1,24,10.099777835133509
1,25,12.45143735667398
1,26,16.014328632671035
1,27,18.527264117113916
1,28,22.13010175716831
1,29,24.78699346342182
1,30,28.147215971095445
1,31,31.195700961389758
1,32,28.612320723393932
1,33,29.98775649207306
1,34,28.705406789538543
1,35,26.86976651218263
1,36,23.3937385991591
1,37,20.03180901750283
1,38,17.35047698471998
1,39,17.158556226457332
1,40,14.272312542260202
1,41,13.732578942512035
1,42,14.0936513079278
1,43,15.609855369489766
1,44,16.407387159385888
1,45,17.966623057783426
1,46,21.066588498482577
1,47,20.05378584639504
1,48,17.672413791114
1,49,18.869976499923567
1,50,18.388855979724468
1,51,18.864877446107215
1,52,20.638005750358204
1,53,23.321157724614494
1,54,24.888712966604874
1,55,28.51541268496131
1,56,30.531624833352797
1,57,34.03624923039556
1,58,36.653152976674455
1,59,37.6676194567442
1,60,15.269247967701869
1,61,14.983678265105631
1,62,16.757711724934406
1,63,19.466697095830376
1,64,20.13870905020661
1,65,21.7581922575422
1,66,25.541860829875205
1,67,26.94091526249482
1,68,27.983513455991993
1,69,30.90081757420298
1,70,30.50033194550358
1,71,27.711392541234233
1,72,27.682033384993364
1,73,28.009169700463072
1,74,24.295641007272664
1,75,21.24651731312455
1,76,17.943247823341224
1,77,14.455476203971985
1,78,10.988674516353555
1,79,8.914226686276306
1,80,5.385795402984015
1,81,5.022235808518593
1,82,8.174480417925201
1,83,9.945421861081629
1,84,13.599753192556063
1,85,16.44174276336672
1,86,20.131147834419114
1,87,22.637191706111977
1,88,35.039619162233244
1,89,35.220778489252396
1,90,34.891293137042574
1,91,32.87100639580472
1,92,34.03905125561081
1,93,23.297334351582464
1,94,19.588707586454465
1,95,16.663896324674234
1,96,13.29636122073143
1,97,10.13721501677347
1,98,9.703724127126295
1,99,8.734708449475232
1,100,11.869892084798305
1,101,13.406804685258203
1,102,10.654308360156676
1,103,11.107361496412885
1,104,9.357279879371227
1,105,12.073333400425868
1,106,13.423738143922732
1,107,16.042483913293978
1,108,19.559790483125887
1,109,20.833254421430706
1,110,24.19391988510251
1,111,26.394193953044244
2,1,3.811787333029856
2,3,3.8094076828300647
2,4,6.4805534810335725
2,5,9.365561136332692
2,6,11.250173244901148
2,7,13.176558193360593
2,8,16.496103354762862
2,9,20.00570745956085
2,10,22.806828449452468
2,11,26.302796254869868
2,12,27.467238368881308
2,13,25.01183085097878
2,14,22.672787460042578
2,15,19.145970280564804
2,16,17.96282447029733
2,17,16.027835188629382
2,18,17.676854525236745
2,19,15.723326151227507
2,20,12.696251692875475
2,21,10.678717681271491
2,22,10.7086744966198
2,23,7.854961197653062
2,24,8.482639237818233
2,25,10.111349938636524
2,26,13.299348471008928
2,27,15.585407461374384
2,28,19.28211313381948
2,29,21.63319916000107
2,30,25.059936155048966
2,31,28.149161815696942
2,32,25.725910687082052
2,33,27.326282650756514
2,34,26.41627353028017
2,35,24.875941422472966
2,36,21.36920900200737
2,37,17.786006701965498
2,38,15.096071404540059
2,39,15.301358185662108
2,40,13.070527749880956
2,41,13.20150915857687
2,42,14.50628561468605
2,43,16.740577998045
2,44,18.272165382049753
2,45,19.99627845036737
2,46,22.708361183696177
2,47,21.09530039610447
2,48,18.240832639591023
2,49,18.78337613552124
2,50,17.612754005536786
2,51,18.15286669957706
2,52,19.313179539312806
2,53,21.692260626697987
2,54,22.764138463265933
2,55,26.24574412983444
2,56,27.92416557318889
2,57,31.360257124318174
2,58,33.75621908322879
2,59,34.57958532001648
2,60,16.630156832383225
2,61,15.456833220678512
2,62,16.560254282074933
2,63,18.70117865829214
2,64,18.662137027246025
2,65,20.19411334888556
2,66,23.83858296018896
2,67,24.76412350899391
2,68,25.698709098718886
2,69,28.378136722346163
2,70,27.631442755487207
2,71,24.754314078876135
2,72,24.428132755599435
2,73,24.725071420363623
2,74,20.97868016455818
2,75,18.06088467505455
2,76,14.570095213085425
2,77,11.324833875042707
2,78,7.679637378807758
2,79,6.211320733981041
2,80,3.9178933894102514
2,81,5.424890186370944
2,82,9.001380485489411
2,83,9.39442460350415
2,84,12.847311923622177
2,85,14.957389539426499
2,86,18.745947234094174
2,87,20.937858625279976
2,88,32.76915705498045
2,89,33.206832974997404
2,90,33.24826016778646
2,91,31.469646802129773
2,92,32.99234698468739
2,93,22.435063980469668
2,94,18.732771437536655
2,95,15.51558201738953
2,96,12.713739470298135
2,97,9.402612240390114
2,98,10.070760387380826
2,99,9.661595575774847
2,100,13.157996874557941
2,101,14.444706273348219
2,102,11.4437178579152
2,103,10.851957816357617
2,104,8.47279168687777
2,105,10.643469181190053
2,106,11.893881247336852
2,107,15.132367083387562
2,108,18.27225781411532
2,109,19.6793607846234
2,110,23.238448151639084
2,111,25.15866420431491
3,1,6.698309603317264
3,2,3.8094076828300647
3,4,3.7838017451380153
3,5,5.7439901226682935
3,6,7.858634495179944
3,7,9.801760843497712
3,8,12.880555342303802
3,9,16.488820783241895
3,10,19.321987813340435
3,11,22.787674070831127
3,12,24.197785624218746
3,13,21.993591812951298
3,14,19.983003083625352
3,15,16.666655843357464
3,16,16.148846124902455
3,17,14.881597331646583
3,18,17.242832608319436
3,19,15.898124268966642
3,20,13.375435684095846
3,21,12.077337784106462
3,22,13.148660917988197
3,23,10.685816959670971
3,24,10.186511428152695
3,25,11.645562366684203
3,26,14.140922114419062
3,27,16.37589186600593
3,28,20.001563318100345
3,29,21.865435061152
3,30,25.19316940421227
3,31,28.552066592400276
3,32,26.52057462082006
3,33,28.505841124975145
3,34,28.03761871656851
3,35,26.89212361586365
3,36,23.37540381650267
3,37,19.681937695333456
3,38,16.928357864637555
3,39,17.183131273821072
3,40,15.497820225267342
3,41,15.569113395989303
3,42,17.410761355514243
3,43,19.61097937898587
3,44,21.16424687877746
3,45,22.477039928061902
3,46,25.149522245268393
3,47,23.408709084529214
3,48,20.601346413012372
3,49,21.11054878337824
3,50,19.8163400750902
3,51,20.772571084285694
3,52,21.64467706563553
3,53,23.570335251569478
3,54,24.260054919233117
3,55,27.58054387808704
3,56,28.897692581597987
3,57,32.27679492557961
3,58,34.34454804163899
3,59,34.956612376857706
3,60,18.348111683760642
3,61,16.844721308711193
3,62,17.97937576689166
3,63,19.546442463480503
3,64,19.179495093006775
3,65,21.129512321091276
3,66,24.621456190761023
3,67,25.21339486579086
3,68,26.413095672804424
3,69,28.936527280492925
3,70,27.784199540160802
3,71,24.608958507032526
3,72,23.762834788450295
3,73,23.53542887521775
3,74,19.715158742066098
3,75,17.317304642087784
3,76,13.700956137824393
3,77,10.904983037447538
3,78,7.709823141103274
3,79,5.898871216096778
3,80,4.9582554414438595
3,81,5.46198239008708
3,82,8.809911729301636
3,83,8.670828697734336
3,84,11.374881049562267
3,85,12.991739013892998
3,86,16.617718439894315
3,87,18.300879666154515
3,88,29.93166518646842
3,89,30.226975618819452
3,90,30.352646961783023
3,91,28.50146928264094
3,92,30.06262159254426
3,93,19.8501176114379
3,94,16.323640281178815
3,95,12.792678577521043
3,96,10.4120961120224
3,97,6.935944795629399
3,98,8.171701265646616
3,99,8.41663484652152
3,100,12.010725631236557
3,101,13.418243548270087
3,102,10.885385073551088
3,103,9.05772786616251
3,104,5.909364708128181
3,105,7.210522654536559
3,106,8.461453260495295
3,107,11.95108071333521
3,108,14.855204551479643
3,109,16.55662845734047
3,110,20.093803341923564
3,111,22.043031268662638
4,1,9.673089819283067
4,2,6.4805534810335725
4,3,3.7838017451380153
4,5,3.807132112209496
4,6,6.749297737775015
4,7,9.844195062038143
4,8,12.435030455584046
4,9,15.919791091986049
4,10,19.1397158589065
4,11,22.28006720827618
4,12,24.05246341892044
4,13,22.33553194288295
4,14,20.56515289062254
4,15,17.663208427115354
4,16,17.63539259892236
4,17,17.047857474742315
4,18,19.779125552838924
4,19,18.92383153395598
4,20,16.340726859085173
4,21,15.478073642286187
4,22,16.37481966902975
4,23,13.492626010969209
4,24,12.593532485521527
4,25,13.03563269715846
4,26,14.893683195865563
4,27,16.364758612801843
4,28,19.987817194693
4,29,21.29121338102414
4,30,24.738118648906735
4,31,27.8200067060808
4,32,25.878381458193406
4,33,27.85234186389969
4,34,27.835114890171436
4,35,26.782644692020032
4,36,23.499154544871597
4,37,19.68578733625772
4,38,17.42823776192583
4,39,18.398728675154317
4,40,17.30980184020936
4,41,18.065515099983177
4,42,20.138615084852102
4,43,22.691618036412287
4,44,24.490109952253622
4,45,26.029188683347662
4,46,28.594050485987896
4,47,26.673091382952684
4,48,23.647571045227018
4,49,23.73320688793555
4,50,21.96657300774233
4,51,22.61749824946701
4,52,22.91879782231577
4,53,24.72785300159882
4,54,24.874567284659964
4,55,27.907871976361633
4,56,28.770657997193855
4,57,31.907032191752652
4,58,33.67279229877847
4,59,33.873989281284196
4,60,21.958828152899947
4,61,20.22549407503577
4,62,20.97023099008545
4,63,22.21525032099647
4,64,21.31467139561127
4,65,22.99244468541809
4,66,26.246726342547262
4,67,26.31991018506554
4,68,27.211394367225992
4,69,29.328081332208143
4,70,27.749752510804647
4,71,24.63133201196445
4,72,23.325091669103436
4,73,23.105210611744976
4,74,19.342397720882676
4,75,17.339655340582926
4,76,13.55517543346427
4,77,11.613054349749138
4,78,8.633598623815844
4,79,8.299018055223415
4,80,8.46755254294327
4,81,9.18155419744702
4,82,12.464725260089683
4,83,12.030099302774767
4,84,14.236974433135961
4,85,15.135108429100354
4,86,18.534069766763853
4,87,19.595552851668355
4,88,30.25382700341327
4,89,30.66788162399861
4,90,31.160920491914997
4,91,29.418112444018764
4,92,31.157088663580048
4,93,21.582857672207837
4,94,18.337504630352434
4,95,14.610120933138036
4,96,12.895826736039186
4,97,9.530148824329226
4,98,10.60989566674476
4,99,10.329239576637287
4,100,13.342200420910348
4,101,13.864141853969544
4,102,11.164461103390838
4,103,8.86600760552746
4,104,6.510203618735046
4,105,7.501944970011166
4,106,9.457028235010984
4,107,13.089556213862675
4,108,15.445909357773598
4,109,17.684623319467395
4,110,21.091050815455883
4,111,22.98899788087028
5,1,12.34054415620267
5,2,9.365561136332692
5,3,5.7439901226682935
5,4,3.807132112209496
5,6,3.8179507319895882
5,7,6.71192603111696
5,8,8.767276143183619
5,9,12.27610708826834
5,10,15.476896932728497
5,11,18.569629553075863
5,12,20.51888028007489
5,13,19.04414616180318
5,14,17.652509373730766
5,15,15.086227394610491
5,16,15.766288033100016
5,17,15.87187745525041
5,18,19.076242646232316
5,19,18.785036770550988
5,20,16.80016276860919
5,21,16.515336084732404
5,22,18.16414333072922
5,23,15.752299574786036
5,24,14.253395103171123
5,25,14.853314151945836
5,26,16.16028905973682
5,27,17.757628613740113
5,28,21.102112538517584
5,29,22.03362790096759
5,30,25.191249245117476
5,31,28.605329185376927
5,32,27.123563189093495
5,33,29.48656294907782
5,34,29.75249989612023
5,35,29.11466037531544
5,36,25.787141237198068
5,37,22.040140404706104
5,38,19.58686038740409
5,39,20.265509540400718
5,40,19.474369718860142
5,41,19.922893905626353
5,42,22.33147889014906
5,43,24.7396602349404
5,44,26.51868211026412
5,45,27.654097138197653
5,46,30.13821964037322
5,47,28.131301536227536
5,48,25.23033650096709
5,49,25.38318573913733
5,50,23.681816688767046
5,51,24.80642700118964
5,52,25.04774498846806
5,53,26.413473741186454
5,54,26.378584447906857
5,55,29.281713810813468
5,56,29.918538700142296
5,57,33.02866736217795
5,58,34.51987984621159
5,59,34.65572439557385
5,60,22.97912316166684
5,61,21.023223594186042
5,62,21.811874438768772
5,63,22.558080205926963
5,64,21.495816234552894
5,65,23.575532351766988
5,66,26.644151317006042
5,67,26.525882594101578
5,68,27.76916034108078
5,69,29.80890773482847
5,70,27.977930153886472
5,71,24.598929003854273
5,72,22.90329487980464
5,73,22.07248623645033
5,74,18.359750934129508
5,75,16.972363121547072
5,76,13.407191169628529
5,77,11.997410719633995
5,78,9.966381626620583
5,79,9.224993915223436
5,80,10.093795121846432
5,81,10.32284583139732
5,82,12.813866438009773
5,83,11.879404398194731
5,84,13.094894648658135
5,85,13.328600725862588
5,86,16.29715935426921
5,87,16.773800712950823
5,88,27.02209889026616
5,89,27.287976456763424
5,90,27.84182799041482
5,91,26.07978212491008
5,92,27.871781248506995
5,93,18.83750611342381
5,94,15.923037282793409
5,95,12.15271318891221
5,96,11.254091881260182
5,97,8.521496835361177
5,98,10.22365714574417
5,99,10.90940953891681
5,100,13.754249979982715
5,101,14.634289287774337
5,102,12.76869487507478
5,103,9.58835867729262
5,104,6.778353384452778
5,105,5.6529975050852945
5,106,6.888400501673002
5,107,10.486664375555167
5,108,12.23042851987843
5,109,14.607270649805749
5,110,17.916162219291746
5,111,19.69036124991059
6,1,14.45741604866334
6,2,11.250173244901148
6,3,7.858634495179944
6,4,6.749297737775015
6,5,3.8179507319895882
6,7,3.834184700675839
6,8,6.478888921266617
6,9,9.504886943886232
6,10,12.955558841159693
6,11,15.932777454107367
6,12,17.47540583891656
6,13,15.861976584167314
6,14,14.215193847275794
6,15,11.802309641974961
6,16,12.631353930088908
6,17,13.337759982502202
6,18,16.802804222036535
6,19,17.202430871817757
6,20,15.538474719257062
6,21,16.126895787794687
6,22,18.198153720096897
6,23,16.087886002701467
6,24,13.771174209835653
6,25,14.116770589151859
6,26,14.6774518847372
6,27,16.329684059938057
6,28,19.293939647852948
6,29,19.967918903063683
6,30,22.797197075920877
6,31,26.526290066915823
6,32,25.457423045057244
6,33,28.185045075735133
6,34,28.63307663843831
6,35,28.465180909496326
6,36,25.09885535662283
6,37,21.52686673819475
6,38,18.881469712910736
6,39,19.268051001255284
6,40,18.98587071735543
6,41,19.37363958381171
6,42,22.24903965822626
6,43,24.735390404025175
6,44,26.80471600140405
6,45,27.79247908120365
6,46,29.91274623125192
6,47,27.581433819838104
6,48,24.63269974703681
6,49,24.523025990424937
6,50,22.68418915930671
6,51,24.18818352765719
6,52,24.211838273215083
6,53,25.049329215971955
6,54,24.795272208978194
6,55,27.533822459396703
6,56,28.00392211011081
6,57,31.10800216587767
6,58,32.42368281902304
6,59,32.65106517081056
6,60,22.685666485704207
6,61,20.239765499334798
6,62,20.605701200850433
6,63,20.72988721544176
6,64,19.26790679436499
6,65,21.45560518830751
6,66,24.24051915669011
6,67,23.86609274886502
6,68,25.321947341214734
6,69,27.26864956073758
6,70,25.29720441333449
6,71,21.759494729558114
6,72,19.884360145821226
6,73,18.693170548369196
6,74,15.03618235183784
6,75,14.039209810293297
6,76,10.79896718230421
6,77,10.000457943385621
6,78,9.182249800729448
6,79,8.763798010180956
6,80,10.872476661860775
6,81,11.770209938255334
6,82,13.506096346475957
6,83,11.521607595486005
6,84,11.960761256269278
6,85,11.16378546554845
6,86,13.845672764673719
6,87,14.047589069783594
6,88,23.658854665499092
6,89,24.22853989208802
6,90,25.05433656728009
6,91,23.670315393714734
6,92,25.848288654369494
6,93,17.09930963730309
6,94,14.33798112058936
6,95,10.87539468141731
6,96,11.009890146134177
6,97,9.362817645221487
6,98,12.131986102813265
6,99,13.734434702764776
6,100,16.795481355992095
6,101,18.107391020973466
6,102,16.413367829865045
6,103,13.205328068956147
6,104,10.049647587139258
6,105,8.023154746954097
6,106,7.352303736723738
6,107,10.80982400980956
6,108,11.71251199411068
6,109,13.389730591447965
6,110,16.836680068127333
6,111,17.920952792400552
7,1,15.874757364419022
7,2,13.176558193360593
7,3,9.801760843497712
7,4,9.844195062038143
7,5,6.71192603111696
7,6,3.834184700675839
7,8,3.8551177392776466
7,9,6.887573571611884
7,10,9.853667252019068
7,11,13.184623062485237
7,12,14.442950481367056
7,13,12.504645365168525
7,14,10.997205433859317
7,15,8.541131986601604
7,16,9.975874348563076
7,17,11.13391651305623
7,18,14.825763011356479
7,19,15.613104157445166
7,20,14.78202406991829
7,21,15.762980789414929
7,22,18.491935928654698
7,23,17.11089225163962
7,24,14.656274638205872
7,25,15.612112458321427
7,26,16.088988681433616
7,27,18.231644730481662
7,28,20.88068424571137
7,29,21.64015464973728
7,30,24.068876834797226
7,31,28.17641437299059
7,32,27.408192519110006
7,33,30.372507286780078
7,34,30.717690266903208
7,35,30.773661088318672
7,36,27.28186303047049
7,37,23.883587526725528
7,38,20.892926083923395
7,39,20.643332704000724
7,40,20.25968990786237
7,41,20.0130553507622
7,42,22.930531803675102
7,43,25.022980514798927
7,44,26.89001863409178
7,45,27.37056177973546
7,46,29.403386933930044
7,47,27.142286954387163
7,48,24.517114706071848
7,49,24.708001340541024
7,50,23.26148479698697
7,51,25.289955924135228
7,52,25.604276812982825
7,53,26.14908923912435
7,54,26.109563283290047
7,55,28.882905113499596
7,56,29.479968682774466
7,57,32.68422899900144
7,58,33.98227811091511
7,59,34.45068384458287
7,60,21.826635039445474
7,61,19.35919657733591
7,62,19.948658571989377
7,63,19.72784366230469
7,64,18.493286877604383
7,65,21.204364657099845
7,66,23.891698581221853
7,67,23.717301470734995
7,68,25.69604657503894
7,69,27.832155533713866
7,70,25.999169985270495
7,71,22.27404877436386
7,72,20.47219210424824
7,73,18.724958138820057
7,74,15.228105194030514
7,75,14.57081982045836
7,76,11.956574463774704
7,77,11.103902275439314
7,78,11.032666950337266
7,79,9.696417954832693
7,80,11.753274490414668
7,81,12.137268273517979
7,82,12.783274808442304
7,83,10.429824206546064
7,84,9.673260189575155
7,85,8.208537308810024
7,86,10.365988422135338
7,87,10.289232183345675
7,88,20.5020180908741
7,89,20.832574939755034
7,90,21.419237935474467
7,91,19.95692050735622
7,92,22.12676813047209
7,93,13.36709308469215
7,94,10.79264885871798
7,95,7.589342779792337
7,96,8.749617978337621
7,97,8.465565239449575
7,98,11.747523767115565
7,99,14.273291587693961
7,100,17.274849440979306
7,101,19.20553262826863
7,102,18.102128430081844
7,103,14.784282107148137
7,104,11.347660904563329
7,105,8.44130159274187
7,106,6.026386929755581
7,107,8.713061811485687
7,108,8.997118546276281
7,109,9.966016498624239
7,110,13.48866867922768
7,111,14.28417277572149
8,1,19.014882914372166
8,2,16.496103354762862
8,3,12.880555342303802
8,4,12.435030455584046
8,5,8.767276143183619
8,6,6.478888921266617
8,7,3.8551177392776466
8,9,3.8323113134188787
8,10,6.712542457805534
8,11,9.966897553088435
8,12,11.931632571653251
8,13,10.81178931056635
8,14,10.517388884248629
8,15,9.242834834525732
8,16,11.856898576435244
8,17,13.746526525975002
8,18,17.510167230198395
8,19,18.61597579896191
8,20,18.248578087473184
8,21,19.27177288906031
8,22,22.15784699748406
8,23,20.88483939681474
8,24,18.50139651529556
8,25,19.42165897072015
8,26,19.699399869725287
8,27,21.616198310398737
8,28,24.086223288019728
8,29,24.455997212000465
8,30,26.680514139939135
8,31,30.7670235854262
8,32,30.29006589349989
8,33,33.36799630467235
8,34,33.97757351217465
8,35,34.18490533936258
8,36,30.783076301375843
8,37,27.39105310478021
8,38,24.529898057877766
8,39,24.374821841218807
8,40,24.10080918104067
8,41,23.82122352370948
8,42,26.719516916866837
8,43,28.69429249190996
8,44,30.41422097748466
8,45,30.67360297841825
8,46,32.75413288345139
8,47,30.59365185701378
8,48,28.12005608646024
8,49,28.399611166463
8,50,27.008327484432584
8,51,29.104469216509475
8,52,29.34358531547319
8,53,29.741897389041544
8,54,29.52229375633067
8,55,32.11761915275172
8,56,32.457709834177166
8,57,35.509011096452454
8,58,36.517689213631094
8,59,36.76943638064726
8,60,25.00796365097685
8,61,22.660384840331865
8,62,23.386117474084884
8,63,22.950862873926567
8,64,21.69972899908423
8,65,24.526004210270237
8,66,26.987830043788733
8,67,26.615391165257464
8,68,28.694162224535784
8,69,30.622325973328653
8,70,28.5462186108324
8,71,24.78827516777522
8,72,22.612982524200362
8,73,20.406088967403615
8,74,17.24301795599507
8,75,17.302046388294457
8,76,15.025652613982917
8,77,14.708158524486251
8,78,14.79398879420742
8,79,13.514030754864631
8,80,15.295251176745033
8,81,15.11925498602912
8,82,15.527627735930283
8,83,13.527037812118802
8,84,12.117024004771672
8,85,10.315247771702577
8,86,11.309477922187716
8,87,9.957687180521308
8,88,18.821987751619666
8,89,18.74862321500344
8,90,19.409289223152324
8,91,17.778807763290683
8,92,19.889144461142614
8,93,12.555613220187327
8,94,10.957531961262266
8,95,8.199800541264816
8,96,10.308791174964153
8,97,10.613912487494412
8,98,13.353881321516088
8,99,15.88339175553185
8,100,18.287501493685085
8,101,20.06438906750011
8,102,19.544432208931845
8,103,15.925499069132385
8,104,12.958472509941066
8,105,9.4240076207705
8,106,6.996643157234009
8,107,8.306039364219629
8,108,7.036892484463403
8,109,8.416885263328647
8,110,11.316851604904846
8,111,12.03678382736631
9,1,22.624950941102338
9,2,20.00570745956085
9,3,16.488820783241895
9,4,15.919791091986049
9,5,12.27610708826834
9,6,9.504886943886232
9,7,6.887573571611884
9,8,3.8323113134188787
9,10,3.8155402778247054
9,11,6.434823224470432
9,12,8.360524660174983
9,13,7.904102757495382
9,14,8.418989425767508
9,15,8.610597061067725
9,16,11.955593826670203
9,17,14.706617041602481
9,18,18.447752892622354
9,19,20.217092350371985
9,20,20.272333098860333
9,21,21.833593726034493
9,22,24.876850926884977
9,23,23.783653563339037
9,24,21.05906407855835
9,25,21.717653038199
9,26,21.42525079504061
9,27,23.133030739939354
9,28,25.138437892393245
9,29,25.085464130249836
9,30,26.85957287251987
9,31,31.02156499979554
9,32,31.017773240205063
9,33,34.32557382824534
9,34,35.201682782577784
9,35,35.797175472227394
9,36,32.50057216641077
9,37,29.303352703678218
9,38,26.5030343571357
9,39,26.258714830556784
9,40,26.389234447469523
9,41,26.127102730893608
9,42,29.244397919394093
9,43,31.22770050530697
9,44,33.08257066035792
9,45,33.20559716635627
9,46,35.013286001309886
9,47,32.684815108932355
9,48,30.261288378771138
9,49,30.349948462025388
9,50,28.88319522590766
9,51,31.171044857649434
9,52,31.187113529059097
9,53,31.149900494306436
9,54,30.664133546341265
9,55,32.966206946302265
9,56,33.0197708016827
9,57,35.90008104423046
9,58,36.58635296988114
9,59,36.765987125149074
9,60,27.353614803674148
9,61,24.773023780444344
9,62,25.194960432324677
9,63,24.211821302048747
9,64,22.66468762827686
9,65,25.487763853966015
9,66,27.511654793592783
9,67,26.81201683903284
9,68,29.0258260844023
9,69,30.688549353991952
9,70,28.41047423539745
9,71,24.650284030903876
9,72,22.193967034253713
9,73,19.48205215354703
9,74,16.82243560064896
9,75,17.6819013995358
9,76,16.106249187632795
9,77,16.515045584546147
9,78,17.336997122062225
9,79,16.397194582698813
9,80,18.5788653690145
9,81,18.642510123280122
9,82,18.721480098370197
9,83,16.370247502695303
9,84,14.391585404269112
9,85,11.780057875757343
9,86,11.676359025702743
9,87,9.238160773862532
9,88,15.51177640611464
9,89,15.572343289079566
9,90,16.71413030280247
9,91,15.547467074803077
9,92,18.091662507365193
9,93,12.593599398787621
9,94,11.95744107652315
9,95,10.253402674126143
9,96,13.16677388273276
9,97,14.112918183666133
9,98,16.958967108813834
9,99,19.640120382706847
9,100,21.940710119510033
9,101,23.720145145681247
9,102,23.320569967905833
9,103,19.659084756605804
9,104,16.780122288938163
9,105,13.20617074465369
9,106,10.639773139032997
9,107,11.256572230437234
9,108,8.926169984136804
9,109,9.345543817642481
9,110,11.463636888250145
9,111,11.065146372642166
10,1,25.07661348014111
10,2,22.806828449452468
10,3,19.321987813340435
10,4,19.1397158589065
10,5,15.476896932728497
10,6,12.955558841159693
10,7,9.853667252019068
10,8,6.712542457805534
10,9,3.8155402778247054
10,11,3.8296737133704633
10,12,5.8358616941351675
10,13,5.938867960203885
10,14,8.04632899410569
10,15,9.218384767502247
10,16,12.961077771744558
10,17,15.865826495490973
10,18,19.37884494609523
10,19,21.3178955720771
10,20,22.002537007835635
10,21,23.632097639542348
10,22,26.952944769278865
10,23,26.28894321007981
10,24,23.66032688342353
10,25,24.662453825202736
10,26,24.432806889715607
10,27,26.36715966627878
10,28,28.222232788732683
10,29,28.228191545817733
10,30,29.746779539795106
10,31,34.04821387422871
10,32,34.21592991765868
10,33,37.6138574380016
10,34,38.422297615383584
10,35,39.10750362208076
10,36,35.753945773734955
10,37,32.64052421235901
10,38,29.684744821530735
10,39,29.12533665097701
10,40,29.128696038474857
10,41,28.49156788437879
10,42,31.513353013396195
10,43,33.17191342960241
10,44,34.78610538200907
10,45,34.514279853506764
10,46,36.28018611104253
10,47,34.1173260381178
10,48,32.015592004920926
10,49,32.36454261437714
10,50,31.21647257530774
10,51,33.769727197739016
10,52,33.996143880792005
10,53,33.830121195392
10,54,33.50103679600194
10,55,35.804003829677676
10,56,35.93323154808589
10,57,38.83336083349788
10,58,39.48172975877773
10,59,39.78345372113912
10,60,28.5274359466941
10,61,26.115628915418956
10,62,26.76286196566014
10,63,25.609443272997737
10,64,24.343489907323356
10,65,27.435091988344187
10,66,29.32607750506812
10,67,28.792399136354437
10,68,31.315276466411024
10,69,33.058811212748274
10,70,30.9074880393472
10,71,27.13019161355286
10,72,24.77683076081963
10,73,21.772133621767505
10,74,19.433461453356877
10,75,20.47594534581834
10,76,19.25563068387973
10,77,19.534843568691173
10,78,20.473932080973857
10,79,19.126452351494706
10,80,21.050864041971792
10,81,20.710549596156362
10,82,20.194190405789318
10,83,17.98985353220321
10,84,15.378901400820459
10,85,12.67005899826528
10,86,11.460013901308153
10,87,8.203146373732997
10,88,13.205207447712011
10,89,12.5422708474242
10,90,13.360835207123527
10,91,11.962205488559091
10,92,14.446399917433089
10,93,10.639291985022917
10,94,11.17571490743825
10,95,10.570495646672004
10,96,14.030055830452312
10,97,15.774087423978932
10,98,18.417569489784007
10,99,21.39437721213057
10,100,23.397346524902087
10,101,25.439902285653826
10,102,25.51673088728411
10,103,21.881987375394
10,104,19.08663805399966
10,105,15.33705260815017
10,106,12.415234328181787
10,107,11.872540819570952
10,108,8.701018213592267
10,109,8.124946815500484
10,110,9.147925921970524
10,111,7.956421823865422
11,1,28.72884877910808
11,2,26.302796254869868
11,3,22.787674070831127
11,4,22.28006720827618
11,5,18.569629553075863
11,6,15.932777454107367
11,7,13.184623062485237
11,8,9.966897553088435
11,9,6.434823224470432
11,10,3.8296737133704633
11,12,3.8207101958173286
11,13,6.38137317613241
11,14,9.438682290764827
11,15,11.74613205426438
11,16,15.529336468554874
11,17,18.802684716370127
11,18,22.211233848434283
11,19,24.492446872825457
11,20,25.27073144908577
11,21,27.141574964817647
11,22,30.44518334002191
11,23,29.72933646883705
11,24,26.918251508780845
11,25,27.625947994507474
11,26,27.017352101624674
11,27,28.645292954207576
11,28,30.190126581123597
11,29,29.77713491618082
11,30,30.977852409973732
11,31,35.17223261806461
11,32,35.706106489909246
11,33,39.215455887210766
11,34,40.31481532990685
11,35,41.268364912793004
11,36,38.06379929258977
11,37,35.06700071348684
11,38,32.27747870072721
11,39,31.827226674383578
11,40,32.14630978441574
11,41,31.666935956417948
11,42,34.827877873173605
11,43,36.57674048864344
11,44,38.31243127758652
11,45,38.04212878945199
11,46,39.65500419925263
11,47,37.373537492620244
11,48,35.24563333187145
11,49,35.400041006122
11,50,34.108718655460905
11,51,36.67324463454979
11,52,36.653458038006775
11,53,36.217468728943416
11,54,35.59989719658071
11,55,37.613575011469685
11,56,37.42322818507075
11,57,40.09356914904986
11,58,40.4003273256108
11,59,40.51319258110589
11,60,32.01423037120182
11,61,29.469211192592333
11,62,29.879589265838405
11,63,28.416542749589382
11,64,26.887977544376245
11,65,29.834428081000997
11,66,31.36808685379252
11,67,30.493555349840424
11,68,32.97140240665202
11,69,34.38461133527068
11,70,32.00341382192047
11,71,28.331693652980796
11,72,25.699097110179988
11,73,22.41036695545207
11,74,20.5977741355861
11,75,22.249381974763367
11,76,21.439518154444748
11,77,22.2530678482734
11,78,23.500261398715146
11,79,22.497882558424863
11,80,24.643563456869003
11,81,24.459709192502803
11,82,24.000097738152526
11,83,21.691846207742056
11,84,19.027468637453424
11,85,16.084705315977537
11,86,14.495889740103836
11,87,10.911808928819733
11,88,11.473989667817747
11,89,10.822773953631168
11,90,12.398634467397157
11,91,11.68319141958525
11,92,14.437942910592383
11,93,13.412471077810839
11,94,14.563582947797192
11,95,14.337267108167556
11,96,17.85047832849756
11,97,19.568742830969843
11,98,22.161846040853252
11,99,25.02938228567913
11,100,26.895478917679114
11,101,28.745663630604298
11,102,28.873852014089458
11,103,25.16561201319261
11,104,22.54514940719948
11,105,18.794000607971267
11,106,16.096557592604874
11,107,15.505642629499942
11,108,12.119147266446925
11,109,11.551764834655277
11,110,11.713312182053562
11,111,9.845468085269312
12,1,29.873464033255413
12,2,27.467238368881308
12,3,24.197785624218746
12,4,24.05246341892044
12,5,20.51888028007489
12,6,17.47540583891656
12,7,14.442950481367056
12,8,11.931632571653251
12,9,8.360524660174983
12,10,5.8358616941351675
12,11,3.8207101958173286
12,13,3.8513722785815445
12,14,7.34177974477715
12,15,10.542560510450011
12,16,14.155744978916143
12,17,17.673488698039247
12,18,20.755648609316104
12,19,23.452085169040338
12,20,24.618742644651075
12,21,26.906185476131533
12,22,30.312866193945627
12,23,29.92751418322437
12,24,26.91987818192656
12,25,27.61918601149003
12,26,26.72977265092423
12,27,28.45220659002946
12,28,29.618827729860147
12,29,29.216020272197735
12,30,30.01639655912985
12,31,34.35902554630175
12,32,35.14487319965187
12,33,38.77817363678356
12,34,39.809018952697215
12,35,41.00854778301282
12,36,37.8120773638855
12,37,35.06475217727681
12,38,32.16973002969732
12,39,31.383821712759175
12,40,31.8793371195898
12,41,31.22385682870447
12,42,34.468349656701875
12,43,36.09788428399329
12,44,37.90694955365854
12,45,37.479162245226895
12,46,38.7658831669398
12,47,36.371616929743574
12,48,34.385630219539884
12,49,34.45151701555914
12,50,33.26786488478167
12,51,36.06605744890177
12,52,36.045819273860424
12,53,35.27335401584116
12,54,34.68571690435396
12,55,36.57221623457011
12,56,36.41751139491645
12,57,39.074663194646234
12,58,39.35332833078248
12,59,39.7088373779192
12,60,31.39035086690329
12,61,28.68684794099094
12,62,28.842695886408954
12,63,26.971853714106725
12,64,25.3890072492089
12,65,28.346169779857675
12,66,29.542906961095227
12,67,28.658533656255184
12,68,31.353976568004736
12,69,32.755358788914634
12,70,30.53175536046913
12,71,26.913437008632325
12,72,24.475344091041624
12,73,20.976305619187887
12,74,19.569462739018213
12,75,21.43762889876766
12,76,21.233811345088572
12,77,22.197473998759566
12,78,23.954243572754102
12,79,22.988055286701197
12,80,25.375425563290094
12,81,25.479370227538634
12,82,24.642827331202014
12,83,21.97815134382242
12,84,19.0081423470634
12,85,15.667440985468621
12,86,13.456491650870289
12,87,9.755797243580476
12,88,7.754386003683547
12,89,7.61326974677367
12,90,9.721381377315177
12,91,9.981593569553157
12,92,13.37543466953995
12,93,13.019697104943491
12,94,14.443161215984068
12,95,14.96504054204513
12,96,18.691815892455313
12,97,20.834321434324128
12,98,23.768018862379133
12,99,26.925209897249406
12,100,29.082271855383492
12,101,31.229272969494758
12,102,31.199223906664457
12,103,27.58734711100036
12,104,24.64615855485961
12,105,20.968892729034792
12,106,17.878165198186906
12,107,17.382233927655268
12,108,14.224579995692528
12,109,12.718862550533645
12,110,12.966785635836944
12,111,10.187836244164949
13,1,27.276133268592712
13,2,25.01183085097878
13,3,21.993591812951298
13,4,22.33553194288295
13,5,19.04414616180318
13,6,15.861976584167314
13,7,12.504645365168525
13,8,10.81178931056635
13,9,7.904102757495382
13,10,5.938867960203885
13,11,6.38137317613241
13,12,3.8513722785815445
13,14,3.8422531166258316
13,15,7.019184176920549
13,16,10.539215724050656
13,17,13.999380112834503
13,18,16.969955085591693
13,19,19.70819829006397
13,20,21.059107302484794
13,21,23.459322467795534
13,22,26.9325863867433
13,23,26.80708541674056
13,24,23.813630441574503
13,25,24.736349061536767
13,26,23.973410741351216
13,27,26.02014202868992
13,28,27.21498970152608
13,29,27.201238639827313
13,30,28.05166482022131
13,31,32.58343784125912
13,32,33.17916487607047
13,33,36.782601884038854
13,34,37.5084197823217
13,35,38.618033619777194
13,36,35.29920011910669
13,37,32.61271051283102
13,38,29.513907635554855
13,39,28.416486460053353
13,40,28.765050059388127
13,41,27.868648411949042
13,42,31.05806544849589
13,43,32.54780335089376
13,44,34.32293286399192
13,45,33.815223859249315
13,46,35.0111279546503
13,47,32.62187099936833
13,48,30.729106087935204
13,49,30.886873711971166
13,50,29.88393512982997
13,51,32.822448569982456
13,52,33.00937205429367
13,53,32.26004816190709
13,54,31.948243785769176
13,55,34.02208495555443
13,56,34.18462566093436
13,57,37.04972634988144
13,58,37.634534962343594
13,59,38.30772321464056
13,60,27.72139240580642
13,61,24.994037416888126
13,62,25.15190734309206
13,63,23.258717058455133
13,64,21.848118578586647
13,65,24.958524657525107
13,66,26.27668554479411
13,67,25.70256018586594
13,68,28.586334881957743
13,69,30.300749502829166
13,70,28.389355482098793
13,71,24.69399890672831
13,72,22.646524211115324
13,73,19.29995109430934
13,74,17.624889277286076
13,75,19.05523472468653
13,76,18.899770931597565
13,77,19.508179602151323
13,78,21.370462327297414
13,79,20.181703588289995
13,80,22.566691830245983
13,81,22.793374000831697
13,82,21.676118089972714
13,83,18.82538711397164
13,84,15.715416897884998
13,85,12.225312809070024
13,86,9.807681612701412
13,87,6.2306530186125615
13,88,8.167847214102704
13,89,8.428321924416323
13,90,9.755725972951101
13,91,9.813790755680017
13,92,13.262551878745239
13,93,10.485694679170946
13,94,11.481606800654399
13,95,12.29627976841373
13,96,16.023725207136142
13,97,18.421273030981833
13,98,21.60355108009547
13,99,24.97221232551223
13,100,27.42300209446865
13,101,29.86376452755801
13,102,29.65522791538479
13,103,26.213307339038238
13,104,22.972799599278332
13,105,19.452412538421505
13,106,16.04155944015184
13,107,15.74884022864175
13,108,13.113286444341464
13,109,11.004480963527406
13,110,12.00061031069795
13,111,9.225014298353344
14,1,25.028924776857696
14,2,22.672787460042578
14,3,19.983003083625352
14,4,20.56515289062254
14,5,17.652509373730766
14,6,14.215193847275794
14,7,10.997205433859317
14,8,10.517388884248629
14,9,8.418989425767508
14,10,8.04632899410569
14,11,9.438682290764827
14,12,7.34177974477715
14,13,3.8422531166258316
14,15,3.8229320065202255
14,16,6.961915272430708
14,17,10.624342729297698
14,18,13.592742681464218
14,19,16.527515516751123
14,20,17.745036711021523
14,21,20.426363048979592
14,22,23.79953248614664
14,23,23.713011471963316
14,24,20.555154132579094
14,25,21.36637300454104
14,26,20.462931822785
14,27,22.60379116257982
14,28,23.696282272177736
14,29,23.880986245141987
14,30,24.721338284637937
14,31,29.348518153044367
14,32,29.844651357384194
14,33,33.429528237515925
14,34,33.99442160955948
14,35,35.115875958397865
14,36,31.77406727451366
14,37,29.20371463559695
14,38,26.04253661815016
14,39,24.78834453881473
14,40,25.241618917877364
14,41,24.36826880610769
14,42,27.64903348671122
14,43,29.23374143324458
14,44,31.20587056261259
14,45,30.864091768706963
14,46,31.88536446958556
14,47,29.30742673001035
14,48,27.28747463132699
14,49,27.257226526778897
14,50,26.175820036822152
14,51,29.14428094715832
14,52,29.30169649658552
14,53,28.475187111739928
14,54,28.228469958438453
14,55,30.353968654970657
14,56,30.667370010096846
14,57,33.63824766794928
14,58,34.412197894916645
14,59,35.29483083416154
14,60,24.82121090531337
14,61,21.852412614023713
14,62,21.69422942311449
14,63,19.666882258703648
14,64,18.076920356836798
14,65,21.129909517541616
14,66,22.464969235461822
14,67,21.94354067303325
14,68,24.85667873414063
14,69,26.71203761595525
14,70,24.966241785552455
14,71,21.238582405523434
14,72,19.46019497877191
14,73,16.29651445880752
14,74,14.436687133584144
14,75,15.584756035061405
14,76,15.62841125539857
14,77,16.200471800296828
14,78,18.37706739539148
14,79,17.362450641142935
14,80,20.025461541272545
14,81,20.737077709028863
14,82,19.654864627479885
14,83,16.427034165059695
14,84,13.523647528622003
14,85,9.760944910524026
14,86,7.77056760086086
14,87,5.261616478853514
14,88,10.151967196476328
14,89,11.304600306549451
14,90,12.513442864335387
14,91,12.724691093591307
14,92,16.058239830720943
14,93,10.98345428226508
14,94,10.849994005756148
14,95,11.386035909315245
14,96,14.769868816750487
14,97,16.99277426644656
14,98,20.514631264230832
14,99,23.889564192411687
14,100,26.741689415620698
14,101,29.264553548698178
14,102,28.637337909327897
14,103,25.371866442667706
14,104,21.870215874593544
14,105,18.671375652070992
14,106,15.225070435020857
14,107,15.6590617786867
14,108,13.823674161638417
14,109,11.738491316221864
14,110,13.704201129729226
14,111,11.45019010936473
15,1,21.381260509491845
15,2,19.145970280564804
15,3,16.666655843357464
15,4,17.663208427115354
15,5,15.086227394610491
15,6,11.802309641974961
15,7,8.541131986601604
15,8,9.242834834525732
15,9,8.610597061067725
15,10,9.218384767502247
15,11,11.74613205426438
15,12,10.542560510450011
15,13,7.019184176920549
15,14,3.8229320065202255
15,16,3.8062690888317405
15,17,7.184921955975245
15,18,10.543429743152192
15,19,13.118059924315517
15,20,14.114764482652932
15,21,16.653676921256523
15,22,20.040153787794267
15,23,19.984106530179787
15,24,16.940883897873157
15,25,18.054491869677697
15,26,17.56821596791223
15,27,20.077758249055144
15,28,21.540063972544026
15,29,22.23392266361777
15,30,23.48274606646673
15,31,28.15152821014627
15,32,28.19456684839912
15,33,31.613121401930588
15,34,31.857674869664013
15,35,32.66431696218694
15,36,29.169761170222195
15,37,26.475229958784375
15,38,23.136336812532033
15,39,21.75871467105454
15,40,21.87582787906112
15,41,20.856041283093308
15,42,24.045742427038263
15,43,25.611266533421038
15,44,27.54322457385592
15,45,27.294780951228482
15,46,28.473886273099712
15,47,25.945092651164785
15,48,23.85157602182287
15,49,23.97550970735961
15,50,22.989216604967492
15,51,25.93361837061875
15,52,26.343003125538363
15,53,25.84502539555857
15,54,25.92097444296107
15,55,28.38714960557431
15,56,29.06024324640192
15,57,32.27023559199869
15,58,33.42425949516985
15,59,34.47065233309621
15,60,21.267241512426025
15,61,18.318842579482023
15,62,18.337326652454504
15,63,16.680334869850938
15,64,15.336789104675013
15,65,18.570161613646878
15,66,20.420762183690705
15,67,20.316861031796165
15,68,23.206475773135015
15,69,25.443044028367606
15,70,23.966154991583014
15,71,20.16744609341475
15,72,18.763111904520915
15,73,16.132558543235064
15,74,13.602476144807902
15,75,13.81862231428386
15,76,13.32721657772794
15,77,13.186263280801688
15,78,15.101943334549281
15,79,13.760758063207648
15,80,16.32300487095728
15,81,17.110281861976265
15,82,16.00579625009007
15,83,12.666753111609312
15,84,9.919936336339022
15,85,6.12144823241713
15,86,5.103880782748081
15,87,4.392119794112164
15,88,13.83097939062438
15,89,14.706463679271522
15,90,15.309006175637595
15,91,14.876887705509592
15,92,17.741580505744597
15,93,10.149140040566271
15,94,8.733209677644176
15,95,8.712540681472099
15,96,11.639119056730697
15,97,13.733075112032422
15,98,17.397258757889148
15,99,20.779514138098868
15,100,23.852927197680224
15,101,26.491146152228044
15,102,25.669485513079223
15,103,22.61022027182916
15,104,18.95419223529275
15,105,16.054033823075944
15,106,12.5821945172097
15,107,13.470621006755644
15,108,12.503026712940468
15,109,10.574435290566223
15,110,13.373841023085172
15,111,11.99570714707212
16,1,20.06303856330644
16,2,17.96282447029733
16,3,16.148846124902455
16,4,17.63539259892236
16,5,15.766288033100016
16,6,12.631353930088908
16,7,9.975874348563076
16,8,11.856898576435244
16,9,11.955593826670203
16,10,12.961077771744558
16,11,15.529336468554874
16,12,14.155744978916143
16,13,10.539215724050656
16,14,6.961915272430708
16,15,3.8062690888317405
16,17,3.800703715659149
16,18,6.988378481245324
16,19,9.85241078542201
16,20,10.892010656320817
