1,2,3.8363298382716984
1,3,6.606062127939455
1,4,9.441382272857751
1,5,12.235293497089964
1,6,14.528468347664349
1,7,16.125311989104958
1,8,19.503215179202215
1,9,22.90966132939741
1,10,25.182812619434326
1,11,28.928091785341277
1,12,30.540210519731122
1,13,27.47989682540405
1,14,25.098395964968226
1,15,21.821722593768744
1,16,20.654945795067686
1,17,18.035541462004907
1,18,19.779881135744294
1,19,17.455708192145906
1,20,14.402837486505252
1,21,11.287131921535469
1,22,10.751673973327703
1,23,8.604105386854805
1,24,10.09141962425318
1,25,12.51340167266139
1,26,15.97314461324499
1,27,18.312569385991118
1,28,21.744118807347583
1,29,24.253340988900383
1,30,27.98795886110884
1,31,31.04830286333068
1,32,32.23644722749181
1,33,29.61084759381164
1,34,28.854992721808348
1,35,27.640711315235308
1,36,24.87019500289819
1,37,21.17097290294571
1,38,19.575962183551162
1,39,17.15886128368525
1,40,17.186689120758615
1,41,14.30984259583708
1,42,13.899990534014396
1,43,14.520540579651028
1,44,15.71496698065047
1,45,18.316457406576014
1,46,19.5407696910686
1,47,21.84890707078384
1,48,21.230846482045223
1,49,18.632048095883277
1,50,19.243487050460047
1,51,18.419723771765657
1,52,18.664572104601266
1,53,20.89079952631184
1,54,23.466081577299423
1,55,24.59302018417071
1,56,28.199320913014148
1,57,30.492432132476896
1,58,33.94450357333229
1,59,36.499664331710214
1,60,36.3892184289181
1,61,19.531760626860518
1,62,15.918419012059935
1,63,15.748188799130187
1,64,17.448152037667825
1,65,20.02314461732998
1,66,20.60373235377623
1,67,21.65923708199462
1,68,25.454876229028546
1,69,27.057676640135224
1,70,28.45921799422848
1,71,31.679693125452435
1,72,31.873043158001046
1,73,28.33396826128523
1,74,27.411555016658745
1,75,27.867630698783408
1,76,24.313134014435473
1,77,20.853964104977404
1,78,17.811893120939267
1,79,14.508260806421182
1,80,11.10271612683024
1,81,9.11081356377189
1,82,5.6992050765127145
1,83,5.362267646169251
1,84,8.711338589828909
1,85,10.54959138824822
1,86,14.214108966273262
1,87,16.971207192856443
1,88,20.728323457063134
1,89,23.400086201609263
1,90,27.1542240083368
1,91,30.16274782903435
1,92,32.05199939747613
1,93,35.80831852307089
1,94,37.32782145144268
1,95,36.728611117670255
1,96,33.85518130614541
1,97,32.79606167200062
1,98,35.62260405883242
1,99,33.42397788418517
1,100,31.690097465517084
1,101,28.441753454559766
1,102,25.09389270548387
1,103,23.819469257529303
1,104,20.09436675510227
1,105,16.936844073224986
1,106,13.339287303152359
1,107,10.281932438383391
1,108,9.982290007626355
1,109,9.027268846997005
1,110,12.071893540424256
1,111,13.593498621897336
1,112,10.68465442460036
1,113,10.97202413335564
1,114,9.1831231246802
1,115,12.256721637955796
1,116,13.744591435455224
1,117,16.42244629039811
1,118,20.116080051720623
1,119,21.192659204577822
1,120,24.72937655004501
1,121,27.313828872988616
1,122,30.44515581612436
1,123,32.14158788014998
1,124,35.9008857825544
2,1,3.8363298382716984
2,3,3.849159682296796
2,4,6.29474766884418
2,5,9.27005487294798
2,6,11.534277271120082
2,7,13.730591071490455
2,8,17.142960089324827
2,9,20.36794639124847
2,10,23.020556488364058
2,11,26.637702731595933
2,12,28.202133377440788
2,13,25.28342417884413
2,14,22.764165685512676
2,15,19.69528613591709
2,16,18.697902525826002
2,17,16.505955578951205
2,18,18.794352428586567
2,19,16.877069446906138
2,20,13.622356921429127
2,21,11.300364513005114
2,22,11.154111448305843
2,23,8.372972034153923
2,24,8.438468348427538
2,25,10.111265275365135
2,26,13.166901206538965
2,27,15.224725167110986
2,28,18.84409879100496
2,29,21.036162798108634
2,30,24.790678636212412
2,31,27.694373557086347
2,32,29.126344218451283
2,33,26.66607294762505
2,34,26.273661627953665
2,35,25.34945714402902
2,36,22.933585881265603
2,37,19.21464769954883
2,38,17.07887937516615
2,39,14.71984590473074
2,40,15.199391219456855
2,41,12.985855737587327
2,42,13.26884262495652
2,43,14.766400206883299
2,44,16.703264218604883
2,45,19.773345100460958
2,46,21.446333850977492
2,47,23.450768420949917
2,48,22.241725141819575
2,49,19.174590906197885
2,50,19.0682226211127
2,51,17.57008280942616
2,52,17.83236996764062
2,53,19.45930239318468
2,54,21.712838261465613
2,55,22.34860800464142
2,56,25.783087281289216
2,57,27.776649981269976
2,58,31.227588745470936
2,59,33.59374502801478
2,60,33.29135512169249
2,61,20.651278710953132
2,62,17.215192744757395
2,63,16.1814790747325
2,64,17.190084138973894
2,65,19.23006258543604
2,66,19.106546896418664
2,67,19.91636200229213
2,68,23.580596301046057
2,69,24.73843392192958
2,70,26.040772349490403
2,71,29.06962278086427
2,72,28.933797955364547
2,73,25.356316922784806
2,74,24.13123915133739
2,75,24.557499744879408
2,76,20.947500213265403
2,77,17.650360627148476
2,78,14.408622746009671
2,79,11.38618826691807
2,80,7.767919031667151
2,81,6.583658442186251
2,82,4.540425715533992
2,83,5.914007536364494
2,84,9.663630480482563
2,85,10.218601675220782
2,86,13.654819462904577
2,87,15.679235306614677
2,88,19.49140176522267
2,89,21.826554162042502
2,90,25.475742015394857
2,91,28.231983421993444
2,92,29.850424074357687
2,93,33.64104116366555
2,94,35.268115428948974
2,95,35.01544530394608
2,96,32.40926084727962
2,97,31.580812987260586
2,98,34.58287429251193
2,99,32.735059982555924
2,100,30.990139806214213
2,101,27.977900163943747
2,102,24.776106466764862
2,103,22.954682135173776
2,104,19.39290683518109
2,105,16.06792965389311
2,106,12.91905345356967
2,107,9.607236797145516
2,108,10.484423779056984
2,109,10.036717200771465
2,110,13.39539429966411
2,111,14.694304501195766
2,112,11.524758388680167
2,113,10.742758946756727
2,114,8.333943477216033
2,115,11.059294921116686
2,116,12.464561958854778
2,117,15.718143616351812
2,118,19.108515259911304
2,119,20.20194773864823
2,120,23.931144205248888
2,121,26.17387337450327
2,122,29.043970627864315
2,123,30.45269530710925
2,124,34.13852614688345
3,1,6.606062127939455
3,2,3.849159682296796
3,4,3.828469768975728
3,5,5.748306818115588
3,6,7.996759158207756
3,7,10.097485555273455
3,8,13.373056378491558
3,9,16.705070808898036
3,10,19.33513261449231
3,11,22.94353100707948
3,12,24.68817108694669
3,13,21.909420382941445
3,14,19.64917875380577
3,15,16.81603721366367
3,16,16.415988269733557
3,17,14.776545135082674
3,18,17.561680897351508
3,19,16.376797502797896
3,20,13.600495340286985
3,21,11.904826283749491
3,22,12.916614645909243
3,23,10.757007106104583
3,24,9.705600112853205
3,25,11.350091785198634
3,26,13.660200608726763
3,27,15.775668888194074
3,28,19.528065763507563
3,29,21.180706419767347
3,30,24.815487634730047
3,31,27.351759884118586
3,32,29.530684098435085
3,33,27.47982358281619
3,34,27.57081326908002
3,35,27.125539079517793
3,36,25.06578459254662
3,37,21.46378228205187
3,38,18.84451550599193
3,39,16.34368310081788
3,40,16.77289078066678
3,41,15.067191698727623
3,42,15.145469175340509
3,43,17.24466837091163
3,44,19.074996208032566
3,45,22.364193609816645
3,46,23.792103395890912
3,47,25.37050901827505
3,48,24.083332817130813
3,49,20.952317881722824
3,50,20.779125584999157
3,51,19.247085158551126
3,52,20.055647556835215
3,53,21.415827597635825
3,54,23.15260114696986
3,55,23.532902984537326
3,56,26.743566605405707
3,57,28.511541934965354
3,58,32.04607887982065
3,59,34.264359214552876
3,60,33.839440073499986
3,61,21.488519664615332
3,62,18.41768840150455
3,63,17.013721986814662
3,64,18.04288684017964
3,65,19.47648344796609
3,66,18.95548239023016
3,67,20.19565858063915
3,68,23.68428599555356
3,69,24.631504673490262
3,70,26.28098206075563
3,71,29.237258153250863
3,72,28.863217920714394
3,73,25.142025570651416
3,74,23.537864604893542
3,75,23.398383516214476
3,76,19.64706621211409
3,77,16.464739982308792
3,78,12.965607635453953
3,79,10.386202297389223
3,80,7.301449665598601
3,81,5.711755727915725
3,82,5.0941395084594
3,83,5.530134781858156
3,84,8.906033269949098
3,85,8.910783913633008
3,86,11.652807505285839
3,87,13.205244970549233
3,88,16.903093013318095
3,89,18.833294099008743
3,90,22.487849659703546
3,91,25.053005769985603
3,92,26.81999019578875
3,93,30.560931389827108
3,94,31.977682502856617
3,95,31.74083222819321
3,96,29.193768929907677
3,97,28.254830751975348
3,98,31.212961412115053
3,99,29.513047823454617
3,100,27.95656958311701
3,101,25.006694184676718
3,102,22.035914810827947
3,103,19.930702995092314
3,104,16.559111698511344
3,105,13.020637145518743
3,106,10.227898294212443
3,107,6.720410555178289
3,108,8.3296375680836
3,109,8.611347843698248
3,110,12.143113105487574
3,111,13.716410880380314
3,112,11.036520447881077
3,113,9.030318213709991
3,114,5.780071278500866
3,115,7.655973812734138
3,116,8.879210467107136
3,117,12.376478429414073
3,118,15.557953640719782
3,119,16.830247536356243
3,120,20.572413856937175
3,121,22.761345480766618
3,122,25.482197253540214
3,123,26.94404487589149
3,124,30.58746028145557
4,1,9.441382272857751
4,2,6.29474766884418
4,3,3.828469768975728
4,5,3.817750984196346
4,6,7.196391522836419
4,7,10.298166492292282
4,8,12.913151008991608
4,9,16.125540207243315
4,10,19.15295019279556
4,11,22.479896876815406
4,12,24.51381469826046
4,13,22.184109010717176
4,14,20.13636649343632
4,15,17.86395028292737
4,16,18.026428988950663
4,17,17.061067289629978
4,18,20.231492645648363
4,19,19.435185640557318
4,20,16.668940116253715
4,21,15.399612771976727
4,22,16.283106922197955
4,23,13.719473514978027
4,24,12.271216338035197
4,25,12.897414098690712
4,26,14.564953238117118
4,27,15.85984527914874
4,28,19.675030731011237
4,29,20.80009027716486
4,30,24.40181565644709
4,31,26.63629371978129
4,32,28.91758445810784
4,33,26.993278769474635
4,34,27.489487439878832
4,35,27.13453340627309
4,36,25.47414440823817
4,37,21.873168936438102
4,38,18.907981268056012
4,39,16.981662478289564
4,40,18.150545114682192
4,41,17.057923405141544
4,42,17.819864439687827
4,43,20.095661799519238
4,44,22.301832972261312
4,45,25.627361385183143
4,46,27.297969332884445
4,47,28.941186317226784
4,48,27.472926582746272
4,49,24.186882512103704
4,50,23.62675258548207
4,51,21.65078122639327
4,52,22.150162998667252
4,53,22.983520652103714
4,54,24.570489993322784
4,55,24.38004960921313
4,56,27.32303251912488
4,57,28.616995141360064
4,58,31.982755684552355
4,59,33.826256355855406
4,60,32.983879692681796
4,61,25.14357668821252
4,62,22.10732315784942
4,63,20.49178926553366
4,64,21.150228968231822
4,65,22.28145787608637
4,66,21.249840570795147
4,67,22.150671451400097
4,68,25.408795574356247
4,69,25.822974094440976
4,70,27.201609904193514
4,71,29.80664754537099
4,72,28.943037378502773
4,73,25.29879972221756
4,74,23.209509368773325
4,75,23.073203712639465
4,76,19.309466526117607
4,77,16.63458276562009
4,78,12.867636991721476
4,79,11.242340924845694
4,80,8.308880521396256
4,81,8.300119396276267
4,82,8.697519667322304
4,83,9.27147856741721
4,84,12.547718815437586
4,85,12.329209509408061
4,86,14.55940435534903
4,87,15.417576400546531
4,88,18.880015338909566
4,89,20.186708217877104
4,90,23.651345033076105
4,91,25.751481884342468
4,92,27.355393461716066
4,93,31.02329641316532
4,94,32.30745026745904
4,95,32.39635011213677
4,96,30.143994706186763
4,97,29.192966168076783
4,98,32.097467385859474
4,99,30.726727403691854
4,100,29.466667482191696
4,101,26.679323146029457
4,102,24.060558275949653
4,103,21.574432501466816
4,104,18.569167670074425
4,105,14.90066180767812
4,106,12.7002695509782
4,107,9.180600945787958
4,108,10.651593213327013
4,109,10.318319972574587
4,110,13.21434934070516
4,111,13.901191814657306
4,112,11.062510206573554
4,113,8.58033602383686
4,114,6.159548087261976
4,115,7.792683767660183
4,116,9.774831028662385
4,117,13.564371683992876
4,118,16.21882575572585
4,119,18.001698808510103
4,120,21.656955904215128
4,121,23.680033722740966
4,122,25.967276723242783
4,123,27.355364079023616
4,124,30.81327530171653
5,1,12.235293497089964
5,2,9.27005487294798
5,3,5.748306818115588
5,4,3.817750984196346
5,6,3.810420044227769
5,7,6.912077851440031
5,8,9.161895783483526
5,9,12.364478192356433
5,10,15.415416004417922
5,11,18.68709675421139
5,12,20.81771266012429
5,13,18.646119574791413
5,14,16.864781001213874
5,15,14.960350159502054
5,16,15.760286807051425
5,17,15.475355973711657
5,18,18.952464894735684
5,19,18.874550228413412
5,20,16.667021789108446
5,21,16.03739101683605
5,22,17.697480637511244
5,23,15.685901551107092
5,24,13.609785893158843
5,25,14.294135821992086
5,26,15.279653414123334
5,27,16.6986454774704
5,28,20.412460087601257
5,29,21.054971860739446
5,30,24.40362464694035
5,31,26.25129267989468
5,32,29.261627891366256
5,33,27.787354800739738
5,34,28.663276967840066
5,35,28.790708722253004
5,36,27.408695086242634
5,37,24.01326737160172
5,38,20.785827621504517
5,39,18.639743973936937
5,40,19.5277119676098
5,41,18.79415858583767
5,42,19.264945799218342
5,43,21.954321136323433
5,44,24.03055083847553
5,45,27.521974896569503
5,46,29.001295680295506
5,47,30.226477414204876
5,48,28.661067798746096
5,49,25.360373572719777
5,50,24.749299192234314
5,51,22.82739509608448
5,52,23.83671398101392
5,53,24.50622167161196
5,54,25.596769952453947
5,55,25.280456590534914
5,56,27.98239758693854
5,57,29.12676501312356
5,58,32.55559168267141
5,59,34.312828481857615
5,60,33.476854806266886
5,61,25.588379300240213
5,62,22.950290617204825
5,63,21.02405717999487
5,64,21.623192955834977
5,65,22.181905336177127
5,66,20.832445766869295
5,67,22.10007453264355
5,68,25.09951327046937
5,69,25.35128677642886
5,70,27.0743769525797
5,71,29.60543053393798
5,72,28.610306095985365
5,73,24.894195388134452
5,74,22.563750898098302
5,75,21.81440771802087
5,76,18.03952021296937
5,77,15.574757037633328
5,78,11.85756903562181
5,79,10.892895722127113
5,80,9.07613030589387
5,81,8.827328784826832
5,82,10.165059523875364
5,83,10.412099793777669
5,84,12.842641657632026
5,85,11.97168760268079
5,86,13.226760795792645
5,87,13.33414534624869
5,88,16.420558533167625
5,89,17.19260127039836
5,90,20.521376151698153
5,91,22.364766734993857
5,92,24.038855799302706
5,93,27.625975177262642
5,94,28.744274351010635
5,95,28.889368687866032
5,96,26.755930685581898
5,97,25.802192230228247
5,98,28.698753196621265
5,99,27.552724928227914
5,100,26.422120131412605
5,101,23.82628935004399
5,102,21.5037840219172
5,103,18.709990325469455
5,104,16.079819046041436
5,105,12.473529728686575
5,106,11.115448490342896
5,107,8.210019861847389
5,108,10.427402072089809
5,109,11.0859345820257
5,110,13.902761794514518
5,111,14.983731114361028
5,112,12.916646314777058
5,113,9.614206260286783
5,114,6.773716007704002
5,115,6.291783903710418
5,116,7.36342553152539
5,117,11.145202048305253
5,118,13.215150677204594
5,119,14.995801708946582
5,120,18.590392802986926
5,121,20.366570137443144
5,122,22.429711736065393
5,123,23.745846730147196
5,124,27.13276139269604
6,1,14.528468347664349
6,2,11.534277271120082
6,3,7.996759158207756
6,4,7.196391522836419
6,5,3.810420044227769
6,7,3.8449213808119196
6,8,6.402929618850324
6,9,9.158791297770877
6,10,12.36417959774795
6,11,15.625172392637857
6,12,17.394121587624014
6,13,15.095907914671825
6,14,13.129675950371787
6,15,11.368191123037054
6,16,12.4518292531983
6,17,12.792432435305194
6,18,16.48340606269652
6,19,17.039627470995576
6,20,15.330604575930058
6,21,15.536435325183794
6,22,17.75398284709875
6,23,16.264009339872196
6,24,13.552717538578424
6,25,14.142483785381234
6,26,14.41007786157118
6,27,16.027862729392773
6,28,19.494851116544787
6,29,19.813686568662675
6,30,22.870975129420643
6,31,24.462842794342922
6,32,28.052236210827658
6,33,26.9770880472563
6,34,28.080150315245152
6,35,28.677086691343764
6,36,27.510952579464924
6,37,24.40018428488917
6,38,21.04070134298698
6,39,18.609704261277457
6,40,19.0929529267065
6,41,18.768837962496885
6,42,19.009130487084388
6,43,22.10713013489749
6,44,24.142785137639812
6,45,27.791901408390228
6,46,29.21916821191139
6,47,29.978652175389175
6,48,28.175269391804964
6,49,24.833132808473632
6,50,24.030984249582435
6,51,22.11881621576537
6,52,23.601858561840594
6,53,24.069858732066628
6,54,24.633973615911902
6,55,24.263132628509783
6,56,26.731314667028045
6,57,27.83208898059234
6,58,31.331659057737735
6,59,33.118867184915274
6,60,32.46504455466241
6,61,24.738854659944817
6,62,22.545009802420086
6,63,20.18314131986353
6,64,20.47688029345103
6,65,20.41288465784215
6,66,18.700951097816514
6,67,20.19771819526556
6,68,22.89246645930759
6,69,23.015944501883578
6,70,25.04477858856941
6,71,27.53908800100891
6,72,26.560022131363738
6,73,22.807745780702884
6,74,20.452944119714335
6,75,19.19811362507043
6,76,15.482568020213886
6,77,13.11615298830245
6,78,9.701946364556903
6,79,9.322676921440966
6,80,8.889841137256232
6,81,8.657432022920503
6,82,11.035584161146696
6,83,11.65000804790243
6,84,13.223821770903225
6,85,11.350177881181803
6,86,11.678725299315012
6,87,10.792423907617541
6,88,13.50661545459546
6,89,13.926343695183304
6,90,17.062426660314344
6,91,18.80039584363048
6,92,20.304856632832283
6,93,23.918542677260206
6,94,25.187130291273686
6,95,25.47620889143547
6,96,23.491766820922575
6,97,22.865858521494182
6,98,25.9691341858302
6,99,25.079857198111775
6,100,23.744498481723955
6,101,21.48300862355805
6,102,19.28343356939212
6,103,16.14425863288703
6,104,13.84780381950639
6,105,10.652683215333623
6,106,10.327678096055573
6,107,8.596513380525032
6,108,11.736048107631099
6,109,13.432012484876127
6,110,16.42175161197124
6,111,18.013417693258795
6,112,16.297473161403634
6,113,12.878808459896323
6,114,9.694751504510505
6,115,8.05311230740185
6,116,7.200466249081626
6,117,10.510179396432695
6,118,11.896842059968431
6,119,12.938132775005688
6,120,16.56857426379351
6,121,17.78342849162615
6,122,19.72193760132718
6,123,20.63503445651985
6,124,24.014524840673896
7,1,16.125311989104958
7,2,13.730591071490455
7,3,10.097485555273455
7,4,10.298166492292282
7,5,6.912077851440031
7,6,3.8449213808119196
7,8,3.8366951060028476
7,9,6.818894396569194
7,10,9.31812192678688
7,11,12.919848554582359
7,12,14.621598657397943
7,13,12.02963624324429
7,14,10.374970496238946
7,15,8.557129912650733
7,16,10.264143961194552
7,17,11.022422157204824
7,18,14.628024424588123
7,19,15.79971106465609
7,20,14.915188622726665
7,21,15.4274332183347
7,22,18.290722872793204
7,23,17.569016281843485
7,24,14.923374227740048
7,25,16.114619635413824
7,26,16.351163237985023
7,27,18.452937786958085
7,28,21.69865270094798
7,29,22.025513278828832
7,30,24.836648162269633
7,31,26.291623595975697
7,32,30.25971827534495
7,33,29.41342959709074
7,34,30.48686721183149
7,35,31.283132616723254
7,36,30.042455063262754
7,37,27.060289272623404
7,38,23.82386566610477
7,39,21.04597474328719
7,40,20.933352791284573
7,41,20.443186857086484
7,42,20.029253388610847
7,43,23.135121828012856
7,44,24.705228485260204
7,45,28.30617803535785
7,46,29.319570776437484
7,47,29.697390094550705
7,48,28.0621760004721
7,49,24.9579221583786
7,50,24.476068956767634
7,51,23.017872006943414
7,52,25.020511618244125
7,53,25.73160994177009
7,54,26.060703834563185
7,55,25.997927561085103
7,56,28.425306130388353
7,57,29.710663515978908
7,58,33.30320629467291
7,59,35.23875539497936
7,60,34.84351802849113
7,61,23.738504687001335
7,62,21.992398243324846
7,63,19.670952584666114
7,64,20.25269465223987
7,65,19.867351284232242
7,66,18.3434741737045
7,67,20.467918673263597
7,68,23.013607642263928
7,69,23.41774963911019
7,70,25.92217024941141
7,71,28.55909080884889
7,72,27.843184014401377
7,73,24.07211258084148
7,74,21.937653285491
7,75,20.171751090850854
7,76,16.64436545865514
7,77,14.240731165163199
7,78,11.446794282485344
7,79,10.969963813391065
7,80,11.244526468985692
7,81,10.016469690247279
7,82,12.181292884599637
7,83,12.133629664491215
7,84,12.579336654210326
7,85,10.437666923623473
7,86,9.545577300156031
7,87,8.06884634868902
7,88,10.252838882801095
7,89,10.393435431664656
7,90,13.654899226164563
7,91,15.555091265756909
7,92,17.494595360347635
7,93,21.07046655362775
7,94,22.15003500527968
7,95,22.10125526213075
7,96,19.89729819222945
7,97,19.141754616007738
7,98,22.251249909028807
7,99,21.275847053979124
7,100,19.90351634206051
7,101,17.660282372724836
7,102,15.564175958167821
7,103,12.337495862000512
7,104,10.272284787431222
7,105,7.343649823759921
7,106,8.127774783622975
7,107,7.837372939727626
7,108,11.183417856053067
7,109,13.750111594348757
7,110,16.619236578042077
7,111,18.78282325286358
7,112,17.719208798999492
7,113,14.229574541340218
7,114,10.932992078535602
7,115,8.270888939654828
7,116,5.703312883841195
7,117,7.937538399574182
7,118,8.773608321427929
7,119,9.243670477371348
7,120,12.882759842949316
7,121,14.01237458144043
7,122,16.143514073071007
7,123,17.179270041550968
7,124,20.702456163212048
8,1,19.503215179202215
8,2,17.142960089324827
8,3,13.373056378491558
8,4,12.913151008991608
8,5,9.161895783483526
8,6,6.402929618850324
8,7,3.8366951060028476
8,9,3.8114737829654333
8,10,6.271840085409391
8,11,9.67630375778087
8,12,12.021996945271935
8,13,10.17788737894434
8,14,9.670156036022444
8,15,9.264029359425134
8,16,12.081823458450467
8,17,13.708126845549614
8,18,17.218858954426448
8,19,18.918974167371932
8,20,18.43644318772481
8,21,19.122169619671855
8,22,22.0893239876426
8,23,21.400803147197745
8,24,18.716208720010922
8,25,19.704041528235624
8,26,19.607144320846654
8,27,21.376534480986958
8,28,24.487496538182725
8,29,24.344907060884548
8,30,26.883611608533386
8,31,27.879045908455502
8,32,32.263607216910806
8,33,31.747110734829462
8,34,33.160945195858424
8,35,34.180069978354204
8,36,33.20401680745496
8,37,30.306405198782464
8,38,26.917727246437256
8,39,24.334232238188125
8,40,24.38400934590145
8,41,24.128043419284186
8,42,23.78955066778222
8,43,26.946907949189622
8,44,28.487142123249566
8,45,32.07649711345183
8,46,32.99053329312122
8,47,33.25194073740507
8,48,31.65316348391467
8,49,28.606667873779564
8,50,28.10092473529405
8,51,26.621630849926227
8,52,28.672054421279746
8,53,29.199392404284655
8,54,29.30561246390532
8,55,29.00244687904256
8,56,31.16215743428311
8,57,32.14740092878464
8,58,35.62897858069316
8,59,37.30864988341529
8,60,36.72150832284713
8,61,27.014762703544857
8,62,25.48859622799895
8,63,23.183026852461754
8,64,23.751460614647108
8,65,23.07013990520704
8,66,21.35781696493433
8,67,23.52354667883776
8,68,25.74184594982074
8,69,25.853435181713824
8,70,28.403658053800918
8,71,30.777657472987023
8,72,29.78730198775102
8,73,26.13106584961453
8,74,23.699685523683907
8,75,21.516422107241873
8,76,18.22951948502757
8,77,16.456782002079215
8,78,13.939141377152737
8,79,14.220311925436057
8,80,14.747986698505294
8,81,13.821315176134561
8,82,15.922813821781128
8,83,15.55505631678587
8,84,15.817253588517959
8,85,13.907316942896387
8,86,12.442191070848612
8,87,10.484602469490367
8,88,11.534538220370084
8,89,10.392306802495323
8,90,13.03989809417633
8,91,14.120669762147674
8,92,16.232023525625262
8,93,19.488973058716915
8,94,20.04542253132898
8,95,20.116013150686427
8,96,18.19751215482546
8,97,17.218892800575095
8,98,20.0975487204922
8,99,19.54654698544366
8,100,18.71834465218703
8,101,16.805634063353512
8,102,15.503054452554613
8,103,12.022168037465358
8,104,11.04659990107459
8,105,8.731842703019835
8,106,10.532699584136472
8,107,10.693916757825752
8,108,13.467284215178136
8,109,15.882596654719904
8,110,18.15781286177073
8,111,20.064611122865326
8,112,19.494844497586477
8,113,15.774067731560454
8,114,13.05090233016833
8,115,9.757204776683679
8,116,7.339910965266982
8,117,8.446225011960426
8,118,7.6088641498173635
8,119,8.501510770914248
8,120,11.462895818608342
8,121,12.192549292187602
8,122,13.620244287233763
8,123,14.721487254076225
8,124,18.00314286397423
9,1,22.90966132939741
9,2,20.36794639124847
9,3,16.705070808898036
9,4,16.125540207243315
9,5,12.364478192356433
9,6,9.158791297770877
9,7,6.818894396569194
9,8,3.8114737829654333
9,10,3.8045864565161014
9,11,6.496956938974807
9,12,8.55170267682492
9,13,7.247884854809999
9,14,7.316051034406341
9,15,8.418924719520325
9,16,11.871699097055842
9,17,14.425639114877177
9,18,17.82662987422679
9,19,20.11570487004259
9,20,20.054220148971233
9,21,21.351102143259816
9,22,24.438492027723402
9,23,23.918125980726572
9,24,20.908862987055738
9,25,21.53920378426186
9,26,20.817130790033488
9,27,22.348440949971703
9,28,25.079927408422712
9,29,24.458078552049415
9,30,26.54622701500284
9,31,27.070805597298165
9,32,31.924475638601898
9,33,31.861162335578747
9,34,33.587069628772404
9,35,35.00572967077088
9,36,34.362282003374034
9,37,31.755530150544697
9,38,28.275270772510318
9,39,25.76446268985072
9,40,25.743544590575194
9,41,25.945634034570723
9,42,25.671568883429188
9,43,29.050589859086905
9,44,30.66218294701441
9,45,34.314212114922164
9,46,35.28175011222108
9,47,35.23237998522219
9,48,33.41131165883905
9,49,30.346560828884144
9,50,29.57926342071156
9,51,28.00876880171258
9,52,30.233431784395094
9,53,30.432610441627254
9,54,30.07432790178715
9,55,29.53928808292986
9,56,31.311677406466604
9,57,32.03357358943901
9,58,35.40081157306671
9,59,36.90303578686671
9,60,36.3283493525906
9,61,28.758129629163815
9,62,27.598455946000268
9,63,24.99488800806318
9,64,25.180127325710984
9,65,23.939065568787775
9,66,21.83864877329729
9,67,23.95244090149456
9,68,25.662344699225713
9,69,25.42192722799143
9,70,28.05259961694505
9,71,30.136612751794324
9,72,28.984296286848966
9,73,25.50641126874401
9,74,22.968997032510487
9,75,20.309577723617892
9,76,17.440020109504765
9,77,16.315676951517954
9,78,14.488125791157904
9,79,15.555122668778923
9,80,16.859327962056295
9,81,16.350605162290414
9,82,18.89990967196159
9,83,18.89264574197372
9,84,18.92317518734607
9,85,16.56940014234415
9,86,14.613922061002924
9,87,11.841911577305693
9,88,11.870140043110506
9,89,9.662839094909776
9,90,11.294696233838595
9,91,11.491392006679373
9,92,13.210159662716006
9,93,16.284403946681834
9,94,16.8251368562208
9,95,17.3644342568709
9,96,15.997421663762227
9,97,15.527098133452537
9,98,18.52292149394271
9,99,18.653304923559148
9,100,17.841032614088586
9,101,16.681294459924786
9,102,15.96482336643962
9,103,12.203089869416416
9,104,12.249443217159902
9,105,10.985970486498898
9,106,13.505502849187517
9,107,14.18477320285976
9,108,17.11157698876838
9,109,19.66659079492416
9,110,21.922995224480225
9,111,23.8122314469742
9,112,23.266300541081517
9,113,19.520266523512365
9,114,16.822327607610283
9,115,13.564868029300055
9,116,11.033797353698441
9,117,11.58364301217074
9,118,9.849277745797295
9,119,9.802017003173516
9,120,11.99348312710403
9,121,11.505281818826058
9,122,12.070443408838704
9,123,12.327051665629169
9,124,15.302475677073065
10,1,25.182812619434326
10,2,23.020556488364058
10,3,19.33513261449231
10,4,19.15295019279556
10,5,15.415416004417922
10,6,12.36417959774795
10,7,9.31812192678688
10,8,6.271840085409391
10,9,3.8045864565161014
10,11,3.848258730297411
10,12,6.246347726029255
10,13,5.260998557387512
10,14,7.135804348658476
10,15,8.910439092298818
10,16,12.684963688252552
10,17,15.421609247917118
10,18,18.356906197745456
10,19,21.031511156374997
10,20,21.585867504104026
10,21,22.94757259746727
10,22,26.318877771201034
10,23,26.244620815810162
10,24,23.402843996756612
10,25,24.40276626327267
10,26,23.791313218620434
10,27,25.594607005254147
10,28,28.21959811849628
10,29,27.664965119153695
10,30,29.598588376162727
10,31,30.03695629892454
10,32,35.0485213300936
10,33,35.10669806361176
10,34,36.776742009257546
10,35,38.27102631630148
10,36,37.54606336934271
10,37,34.985541906301385
10,38,31.603345813696862
10,39,28.903680410042256
10,40,28.555167309421225
10,41,28.58329730499413
10,42,27.9058909246631
10,43,31.189173915078545
10,44,32.439635781216055
10,45,35.98093709345339
10,46,36.60288517516031
10,47,36.292073578949996
10,48,34.67820274275018
10,49,31.8715443279597
10,50,31.391299834765412
10,51,30.183375946386036
10,52,32.69340153491747
10,53,33.09152928979327
10,54,32.636078217615186
10,55,32.333808501754795
10,56,34.085901995011646
10,57,34.93606046849257
10,58,38.3309311632789
10,59,39.91971542239281
10,60,39.51440094358006
10,61,29.404580175978964
10,62,28.620769912359542
10,63,26.189175966802786
10,64,26.628578156561584
10,65,25.226663441186087
10,66,23.383900813849344
10,67,25.881358171562923
10,68,27.439555209510523
10,69,27.426019256841002
10,70,30.338292680955554
10,71,32.48580966672619
10,72,31.545757209870462
10,73,28.13267070169594
10,74,25.81325445757645
10,75,22.90643105174449
10,76,20.296159749559823
10,77,19.173385906827644
10,78,17.686296049307245
10,79,18.513492735844515
10,80,19.90713899769783
10,81,18.906605352263046
10,82,21.16690931976715
10,83,20.723394928042683
10,84,20.121656286755577
10,85,17.900169666370825
10,86,15.29635957015225
10,87,12.428138184488592
10,88,11.408544231605978
10,89,8.422001212064538
10,90,9.3673482659551
10,91,9.110438075458232
10,92,11.556392425320643
10,93,14.222838938502502
10,94,14.145077443246993
10,95,14.20861478088353
10,96,12.697125901862622
10,97,11.903567051122664
10,98,14.763587216402751
10,99,15.058939291728276
10,100,14.530668429514725
10,101,13.703148067929778
10,102,13.679480628305217
10,103,10.042670398138624
10,104,11.186742493754977
10,105,10.934111952932799
10,106,14.160102910459933
10,107,15.656861771719914
10,108,18.2689246035693
10,109,21.113728794985388
10,110,23.082149204162523
10,111,25.227770004960053
10,112,25.177505013737942
10,113,21.495915589907607
10,114,18.915276748618815
10,115,15.359330469571754
10,116,12.416867916133084
10,117,11.746950415594112
10,118,9.031845774427063
10,119,8.263785413408295
10,120,9.363801729698752
10,121,8.163577378982344
10,122,8.289998873269198
10,123,8.700218098659036
10,124,11.785957387173237
11,1,28.928091785341277
11,2,26.637702731595933
11,3,22.94353100707948
11,4,22.479896876815406
11,5,18.68709675421139
11,6,15.625172392637857
11,7,12.919848554582359
11,8,9.67630375778087
11,9,6.496956938974807
11,10,3.848258730297411
11,12,3.8415030129746035
11,13,5.550314703948674
11,14,8.617695892365255
11,15,11.492424855310729
11,16,15.310566319166295
11,17,18.448660317653868
11,18,21.209798806849275
11,19,24.160601981477292
11,20,24.902049156541107
11,21,26.51331023329105
11,22,29.887682062904723
11,23,29.808639916440324
11,24,26.818993151207664
11,25,27.55619853732519
11,26,26.591709398161615
11,27,28.112972546364176
11,28,30.490658349010925
11,29,29.53592621203908
11,30,31.10535976418226
11,31,31.092017493448083
11,32,36.41131964126169
11,33,36.83291397822709
11,34,38.78650455820108
11,35,40.543533141974315
11,36,40.10138009142807
11,37,37.71981888538623
11,38,34.253477120582154
11,39,31.71034029583253
11,40,31.443160601294874
11,41,31.767467548202323
11,42,31.210968994739275
11,43,34.59901372046426
11,44,35.9181979850378
11,45,39.48315120708787
11,46,40.13692883804965
11,47,39.67635427147256
11,48,37.95855675892086
11,49,35.15281886444651
11,50,34.51138979373873
11,51,33.21556255373817
11,52,35.75686547900517
11,53,35.909029149647274
11,54,35.17240057206713
11,55,34.640305925342965
11,56,36.07068631631618
11,57,36.63175423404318
11,58,39.862808428124005
11,59,41.209025886685936
11,60,40.71090860901779
11,61,32.696030705012355
11,62,32.10942015797854
11,63,29.56065675762944
11,64,29.789708194215514
11,65,28.084061678691373
11,66,26.010446696288334
11,67,28.385359068688636
11,68,29.551267507272648
11,69,29.21525088306246
11,70,32.085727496307264
11,71,33.911794278037206
11,72,32.762981434954995
11,73,29.579811503534973
11,74,27.13117507303528
11,75,23.9331625994834
11,76,21.759535917121305
11,77,21.236979526783056
11,78,20.14339369414115
11,79,21.46812716956028
11,80,23.133935086133732
11,81,22.438373613164423
11,82,24.87352518318203
11,83,24.544973256133034
11,84,23.95404140010688
11,85,21.655240538532823
11,86,18.94984615264142
11,87,15.88067592796985
11,88,14.372069525348506
11,89,10.90473135873721
11,90,10.529568851322901
11,91,8.77972327314693
11,92,10.672818955205768
11,93,12.511970608308472
11,94,11.81188746375457
11,95,12.43937683391495
11,96,11.887123099813197
11,97,11.45858413694763
11,98,13.93575836003765
11,99,15.18037875142421
11,100,15.129386833354848
11,101,15.180324192228747
11,102,15.966494748123493
11,103,12.56623912871432
11,104,14.437421043694565
11,105,14.643688281511311
11,106,17.973583665837182
11,107,19.487026892529627
11,108,22.03173316597157
11,109,24.780319987173492
11,110,26.572909870973426
11,111,28.543797965609787
11,112,28.596379441444864
11,113,24.86086561505194
11,114,22.46744518479383
11,115,18.884321004925003
11,116,16.138833609777173
11,117,15.360619200175162
11,118,12.295225544912725
11,119,11.520101417871388
11,120,11.629516882027989
11,121,9.49152682701841
11,122,7.961257338380414
11,123,7.299688765931698
11,124,9.380108664289091
12,1,30.540210519731122
12,2,28.202133377440788
12,3,24.68817108694669
12,4,24.51381469826046
12,5,20.81771266012429
12,6,17.394121587624014
12,7,14.621598657397943
12,8,12.021996945271935
12,9,8.55170267682492
12,10,6.246347726029255
12,11,3.8415030129746035
12,13,3.8289092175957578
12,14,7.197152833354485
12,15,10.758175222074398
12,16,14.336629361689578
12,17,17.839548285426535
12,18,20.22766183985152
12,19,23.519447252629416
12,20,24.650797349507197
12,21,26.740216437923163
12,22,30.17360484686229
12,23,30.3793495280422
12,24,27.235048624356217
12,25,27.846358344193487
12,26,26.536070598499492
12,27,28.08542214814731
12,28,30.079065747472754
12,29,29.00202583840387
12,30,30.203766639483
12,31,30.002591230902816
12,32,35.499647198867095
12,33,36.19481520953269
12,34,38.17439065064882
12,35,40.19477994901751
12,36,39.87942081397127
12,37,37.78257701056628
12,38,34.41181154900815
12,39,31.78914006696635
12,40,31.236285459435603
12,41,31.80556826753235
12,42,31.141732786001388
12,43,34.617981958396385
12,44,35.88508057859175
12,45,39.43082546425956
12,46,40.08663251028212
12,47,39.297558442618666
12,48,37.4094661697213
12,49,34.681131031326395
12,50,33.890040897608095
12,51,32.66881221792415
12,52,35.41347170511332
12,53,35.416523853795944
12,54,34.31682255557368
12,55,33.806423202998424
12,56,34.98151249375379
12,57,35.52820063309639
12,58,38.694235838375874
12,59,40.07622457352294
12,60,39.827347422491364
12,61,32.22906199728924
12,62,32.017713344609874
12,63,29.261271875334554
12,64,29.175820038207853
12,65,27.04114317431402
12,66,24.82089459868883
12,67,27.191411370665254
12,68,27.918678242038485
12,69,27.495599270838536
12,70,30.489881502594258
12,71,32.186452772336054
12,72,31.18376568355783
12,73,28.19357704887727
12,74,26.00231726004283
12,75,22.557425643449523
12,76,20.844635138282772
12,77,20.595842092740607
12,78,20.189285660261355
12,79,21.70782022249025
12,80,23.906692878968723
12,81,23.311868448046678
12,82,26.000794931943087
12,83,26.014888609253216
12,84,25.17065586886956
12,85,22.47095877696967
12,86,19.518650767958537
12,87,16.05915502924589
12,88,13.940530874881308
12,89,10.224718490491355
12,90,8.634846829144761
12,91,5.911013745128626
12,92,7.047916812581746
12,93,8.74268157741395
12,94,8.497651991524839
12,95,9.722254221242576
12,96,9.797551617599497
12,97,10.602070212989474
12,98,13.461318342842366
12,99,15.13437079161772
12,100,14.491322084535128
12,101,15.277138067036297
12,102,16.123891418034027
12,103,12.808143149868892
12,104,15.030456895129314
12,105,15.923234995729366
12,106,19.432884096803843
12,107,21.2895582837889
12,108,24.142919808457304
12,109,27.16163289199993
12,110,29.25772428664855
12,111,31.466494264248503
12,112,31.327894033496403
12,113,27.637505633184144
12,114,24.925302351569265
12,115,21.480475454281166
12,116,18.427794329650823
12,117,17.666065904783554
12,118,14.849238001980414
12,119,13.191672821301633
12,120,13.219267683675879
12,121,10.301743988704082
12,122,8.699787315773554
12,123,6.349868826898864
12,124,8.079189472657339
13,1,27.47989682540405
13,2,25.28342417884413
13,3,21.909420382941445
13,4,22.184109010717176
13,5,18.646119574791413
13,6,15.095907914671825
13,7,12.02963624324429
13,8,10.17788737894434
13,9,7.247884854809999
13,10,5.260998557387512
13,11,5.550314703948674
13,12,3.8289092175957578
13,14,3.8270999623374298
13,15,7.079856267520803
13,16,10.660687080084806
13,17,14.084609049216096
13,18,16.443528710233227
13,19,19.71912393206492
13,20,20.936427147165993
13,21,23.054749692250308
13,22,26.54396817751235
13,23,26.94307168272272
13,24,23.879635295495447
13,25,24.7257973293258
13,26,23.612574858184622
13,27,25.508600992867933
13,28,27.58284674680232
13,29,26.890968336338407
13,30,28.325305131588745
13,31,28.54595035238025
13,32,33.806038848129774
13,33,34.22787410933966
13,34,35.906810890324344
13,35,37.769146801618305
13,36,37.19690540412353
13,37,35.0399597795108
13,38,31.80676508044
13,39,28.957680202016462
13,40,28.145561655683526
13,41,28.51035006710788
13,42,27.62752711964918
13,43,31.0403708769798
13,44,32.182820946898985
13,45,35.69263215752867
13,46,36.29144111432239
13,47,35.47523742004654
13,48,33.62142586157788
13,49,30.9397713285828
13,50,30.26529994189347
13,51,29.201542761081317
13,52,32.05039980645981
13,53,32.263514905045824
13,54,31.28353569418405
13,55,31.0569638942145
13,56,32.477317347755395
13,57,33.35709705791105
13,58,36.69358094873713
13,59,38.3754990747056
13,60,38.34887479767468
13,61,28.401881434493895
13,62,28.207838501796463
13,63,25.46329061234401
13,64,25.45178513201962
13,65,23.38685224903906
13,66,21.34224484411854
13,67,23.91441754129581
13,68,24.86513462630963
13,69,24.794245394863115
13,70,27.950088614275227
13,71,29.978914743694858
13,72,29.297373454907635
13,73,26.11388047001518
13,74,24.194087627797497
13,75,20.927620999265837
13,76,18.92573715932974
13,77,18.12297964868214
13,78,17.67564631481322
13,79,18.76095772646141
13,80,20.98841093069228
13,81,20.111643249416694
13,82,22.740471079755736
13,83,22.811216468671756
13,84,21.77558504459134
13,85,18.93459257961654
13,86,15.89303248897112
13,87,12.347493283010875
13,88,10.164095190336242
13,89,6.514565478635774
13,90,5.450277570191559
13,91,4.298978021581998
13,92,6.348505909662631
13,93,9.358835755555154
13,94,10.131000636496479
13,95,10.580073296635494
13,96,9.489076325373569
13,97,10.284289281698815
13,98,13.75738392371425
13,99,14.567792823387292
13,100,13.133034569685401
13,101,13.359558788579577
13,102,13.434108349329021
13,103,9.898169672790297
13,104,11.728214210627952
13,105,12.750679380791992
13,106,16.251628984704848
13,107,18.323019755586788
13,108,21.3494562160029
13,109,24.57497438371995
13,110,26.945558473391365
13,111,29.4222410711456
13,112,29.125997228755512
13,113,25.556578621264606
13,114,22.5569219749361
13,115,19.266111907453418
13,116,15.931787675859834
13,117,15.233509282831449
13,118,12.923791316218681
13,119,10.709715868942869
13,120,11.436931777270516
13,121,8.867997613075827
13,122,8.772887713722653
13,123,7.109705774830274
13,124,10.056811877653638
14,1,25.098395964968226
14,2,22.764165685512676
14,3,19.64917875380577
14,4,20.13636649343632
14,5,16.864781001213874
14,6,13.129675950371787
14,7,10.374970496238946
14,8,9.670156036022444
14,9,7.316051034406341
14,10,7.135804348658476
14,11,8.617695892365255
14,12,7.197152833354485
14,13,3.8270999623374298
14,15,3.842482899641796
14,16,7.220330953433385
14,17,10.841896419912299
14,18,13.422448792479933
14,19,16.608792717400668
14,20,17.64136075350645
14,21,20.01231399781286
14,22,23.378957092883798
14,23,23.753108644425552
14,24,20.55048191527801
14,25,21.23747033045563
14,26,19.982906260841244
14,27,21.95411708804883
14,28,23.938309224147297
14,29,23.393482764951305
14,30,24.893627666686378
14,31,25.35679366443821
14,32,30.448459428068915
14,33,30.748264301771673
14,34,32.28629691725802
14,35,34.12810952886596
14,36,33.509653566610275
14,37,31.426246578019278
14,38,28.270572996500842
14,39,25.35872540854396
14,40,24.4366065589745
14,41,24.917574908190787
14,42,24.10699742558515
14,43,27.60236901788545
14,44,28.89521540677831
14,45,32.46067795699491
14,46,33.27128932146388
14,47,32.4758725371499
14,48,30.40684522275596
14,49,27.589277994134317
14,50,26.70262816963778
14,51,25.51110125988219
14,52,28.3467369007642
14,53,28.48317843643183
14,54,27.459195897609796
14,55,27.26725447936984
14,56,28.741575796665305
14,57,29.746968189117016
14,58,33.15278588083548
14,59,34.985728056979525
14,60,35.10025558775621
14,61,25.640367986129117
14,62,25.35298193796253
14,63,22.373896836745264
14,64,22.05895161620913
14,65,19.91685269576693
14,66,17.677487984649705
14,67,20.135489093759617
14,68,21.141627197442773
14,69,21.097036919094336
