1,2,3.8489471147948944
1,3,6.260206566859918
1,4,8.909330661807491
1,5,11.53408758307054
1,6,15.039487147375842
1,7,16.15499546995724
1,8,19.57474358923175
1,9,21.714457188954754
1,10,19.15161502178073
1,11,16.42220764928217
1,12,14.571353807053457
1,13,16.453757677104406
1,14,13.624979525654732
1,15,14.419941900696617
1,16,15.68261818481419
1,17,17.734855846827134
1,18,16.77170073975893
1,19,13.137677193244858
1,20,10.149511665889804
1,21,6.4777309793627555
1,22,4.931821231522034
1,23,4.022777951891842
1,24,7.813355862558583
1,25,10.408520372411484
1,26,12.280054144155358
1,27,15.686002877681357
1,28,19.06744015453092
1,29,21.799628544157006
1,30,25.543743207415282
1,31,27.76836775885054
1,32,31.36763469109933
1,33,32.793035773843656
1,34,36.23076423127825
1,35,37.92745012631097
1,36,37.252260414618284
1,37,34.46938058603677
1,38,31.26279884287959
1,39,27.998705500140456
1,40,24.87988235184176
1,41,21.25078332407995
1,42,17.841090634396075
1,43,14.235711166450917
1,44,11.016835494333415
1,45,11.680493098553807
1,46,9.457576563744663
1,47,9.067574461094132
1,48,12.591662179726919
1,49,13.136680824317345
1,50,16.417866298894186
1,51,17.251757856911407
1,52,16.627495888586626
1,53,18.915879269248347
1,54,19.262344442005652
1,55,22.830579790212386
1,56,24.415733871182027
1,57,24.935999399965382
1,58,28.696306955170343
1,59,28.760838058590895
1,60,27.30942788927698
1,61,29.923794967567996
1,62,31.581597447776637
1,63,31.23135566118566
1,64,27.449946040564424
1,65,25.6136605818838
1,66,21.846616753920063
1,67,20.162908992958368
1,68,16.724448515344104
1,69,15.228990661347781
1,70,12.173730044537354
1,71,12.861935586190592
1,72,11.950961349564793
1,73,13.992440536978522
1,74,15.795663071028063
1,75,16.982810307480044
1,76,19.4206248625418
1,77,21.56843139350585
1,78,21.716879208402336
1,79,24.8693033108942
1,80,25.22816771255823
1,81,28.913748295171015
1,82,30.61030223995897
1,83,32.99137535185271
1,84,36.60846429700522
1,85,38.80997453153269
2,1,3.8489471147948944
2,3,3.8186677449348867
2,4,6.849709279735561
2,5,10.134332435792052
2,6,13.760635797800584
2,7,15.729766685358632
2,8,19.417523436135053
2,9,22.074879039278052
2,10,20.056792821082798
2,11,17.22386408318577
2,12,16.07456637738292
2,13,17.904535928438722
2,14,14.964851813410322
2,15,14.85178938126309
2,16,15.34234468953027
2,17,17.251173626529386
2,18,16.058425043585828
2,19,12.354142722186936
2,20,10.26203788645887
2,21,6.6359937818765795
2,22,6.093460517885161
2,23,5.535651132306382
2,24,8.667013377798618
2,25,10.118929122414247
2,26,11.505026131294516
2,27,15.22748215033641
2,28,18.478668041848533
2,29,21.644483398421276
2,30,25.37528466150021
2,31,28.019487703804707
2,32,31.6698155386583
2,33,33.476301182840594
2,34,37.043864909853895
2,35,38.46984228804762
2,36,37.42054157153758
2,37,34.65597127295807
2,38,31.257024390478232
2,39,28.068803525138478
2,40,24.66246295753388
2,41,21.236506597690266
2,42,17.574567360898214
2,43,14.304256425764938
2,44,11.578929595639142
2,45,12.768807691894585
2,46,11.52258175423641
2,47,11.1288542413932
2,48,14.84792735944236
2,49,15.36264632774905
2,50,18.19012636730517
2,51,18.969916882490473
2,52,17.757335513859065
2,53,19.745169693653512
2,54,19.533128364922785
2,55,22.817071092786232
2,56,24.838525363292945
2,57,25.801619730338654
2,58,29.585265803637377
2,59,30.04671036761049
2,60,28.392859073081105
2,61,30.83664305286847
2,62,32.07252192111137
2,63,31.540775333044927
2,64,27.73237017212737
2,65,25.482594752682783
2,66,21.690241475748454
2,67,19.46809415135326
2,68,15.929477316301327
2,69,13.690592471024935
2,70,10.276606655078663
2,71,10.009285640713923
2,72,8.814122122627872
2,73,11.453006523079335
2,74,13.346314546699107
2,75,15.217768455093502
2,76,17.406836483737717
2,77,19.29889195165162
2,78,20.006422875241878
2,79,23.434713138513835
2,80,24.246592078083623
2,81,28.04775890551326
2,82,30.164040971965196
2,83,32.52808811623262
2,84,36.04068594511273
2,85,38.54698168706779
3,1,6.260206566859918
3,2,3.8186677449348867
3,4,3.8275152666572168
3,5,6.624291910383861
3,6,10.372969032412186
3,7,12.591430030900915
3,8,16.33972764844346
3,9,19.14345878601826
3,10,17.54380126887639
3,11,14.983326586725397
3,12,14.616760009223707
3,13,16.854915332000676
3,14,14.41993710888873
3,15,13.552120902902669
3,16,14.112625372534923
3,17,15.264221757433608
3,18,13.4076915502144
3,19,9.946921819772747
3,20,8.287009833453368
3,21,5.490064417144633
3,22,5.063685629715641
3,23,5.766749381469805
3,24,7.356874681383185
3,25,7.40519284483231
3,26,8.008507234412031
3,27,11.756505775450615
3,28,14.86236977469924
3,29,18.179620533284478
3,30,21.865723801341513
3,31,24.688205905235574
3,32,28.336500187842386
3,33,30.34324499189695
3,34,33.96930238827839
3,35,35.23460668546961
3,36,33.9980989902922
3,37,31.27374472209283
3,38,27.792264758957
3,39,24.6866833781142
3,40,21.176007144162313
3,41,17.891902255890766
3,42,14.153879302161148
3,43,11.182429197305423
3,44,8.869530498929658
3,45,10.480611228600539
3,46,10.355008063937694
3,47,10.67920093115383
3,48,14.44203526022835
3,49,15.672150775178453
3,50,18.240113646933857
3,51,18.313873460080558
3,52,16.418873298117628
3,53,17.773123520608003
3,54,16.942373907761326
3,55,20.0510214386397
3,56,22.454553654572344
3,57,23.447357827744366
3,58,27.221655807319475
3,59,27.789984057918215
3,60,25.83876867121893
3,61,28.032307381446284
3,62,29.02743718398798
3,63,28.291927011900274
3,64,24.498286774690932
3,65,22.12261721880167
3,66,18.366101431674874
3,67,16.052830750018707
3,68,12.658601876011245
3,69,10.441531050076481
3,70,7.396056651235908
3,71,7.049363570807021
3,72,5.752547312131351
3,73,7.9315648897767606
3,74,9.704651657322989
3,75,11.401193664221733
3,76,13.685281591866387
3,77,15.58703978267756
3,78,16.204648155511077
3,79,19.630470649482785
3,80,20.545675227264706
3,81,24.36672809718868
3,82,26.60273735644217
3,83,29.04669991940694
3,84,32.485190824552234
3,85,35.10391547754208
4,1,8.909330661807491
4,2,6.849709279735561
4,3,3.8275152666572168
4,5,3.7961980721376762
4,6,7.071767840014881
4,7,9.627081228132504
4,8,13.397769985541132
4,9,16.552092029931188
4,10,15.339677880531346
4,11,12.561102233372473
4,12,12.790425046704641
4,13,14.74159209115564
4,14,12.516181878078573
4,15,10.812668930500484
4,16,10.963879185168226
4,17,11.74353545535559
4,18,9.824241727511218
4,19,6.4468195515271045
4,20,5.917150139367876
4,21,4.711749344096373
4,22,6.416533062958494
4,23,8.77366682474892
4,24,9.807201639959004
4,25,8.854390218692927
4,26,7.724519657776678
4,27,11.009861174944758
4,28,13.390130662981765
4,29,16.867371040636815
4,30,20.32312488521773
4,31,23.27914705903775
4,32,26.772728402903404
4,33,28.80759508577734
4,34,32.52420729219582
4,35,33.4508634558912
4,36,32.109031864228776
4,37,29.177302359172657
4,38,25.74911195971335
4,39,22.494206804382287
4,40,18.924768200510574
4,41,15.718755187417978
4,42,12.028479416440527
4,43,9.295168099865357
4,44,8.197713986711047
4,45,10.98622233937415
4,46,11.72172328325589
4,47,13.109886097315657
4,48,16.781467125338672
4,49,18.591870737695235
4,50,21.216320374285562
4,51,20.782986683272053
4,52,18.57052254578413
4,53,19.311085472014685
4,54,17.884474076582823
4,55,20.795579011004165
4,56,23.570226410246395
4,57,24.29982167224412
4,58,28.019350961381384
4,59,28.40538619465714
4,60,26.021189041163556
4,61,27.762587030404692
4,62,28.643103482001457
4,63,27.416158658019544
4,64,23.700996842322475
4,65,21.45623750012655
4,66,17.86785497288408
4,67,15.78854675577352
4,68,12.959058490144173
4,69,11.093772986613388
4,70,8.997398575884466
4,71,7.848647814000486
4,72,5.100905594143479
4,73,5.546923491915217
4,74,8.47414944118379
4,75,9.616334363528738
4,76,11.091915663416291
4,77,13.637429253199516
4,78,14.54025162019755
4,79,17.895424688417144
4,80,19.281112613668768
4,81,23.08811895659484
4,82,25.473970754452857
4,83,28.259782419485756
4,84,31.495434146711766
4,85,34.26232909977584
5,1,11.53408758307054
5,2,10.134332435792052
5,3,6.624291910383861
5,4,3.7961980721376762
5,6,3.819494723371895
5,7,6.337408803796422
5,8,10.09289625530177
5,9,13.260122409488035
5,10,12.51023481204096
5,11,10.305382632335307
5,12,11.526171943882115
5,13,13.936996225031843
5,14,12.64222466435843
5,15,10.435892945951261
5,16,11.088000525439563
5,17,10.651394015708709
5,18,7.74981477957829
5,19,5.388864759858425
5,20,5.54598212443395
5,21,6.4511865532723665
5,22,7.619820559988639
5,23,10.367205091389355
5,24,10.085312219277998
5,25,8.027445050157327
5,26,5.441056253482188
5,27,7.910746065970957
5,28,9.793438689700244
5,29,13.276006727033074
5,30,16.624653298697545
5,31,19.633276758379747
5,32,23.079143889576446
5,33,25.199068222765
5,34,28.93959498588198
5,35,29.75642696182384
5,36,28.341043892775932
5,37,25.42269486723759
5,38,21.970841542813737
5,39,18.752370296832336
5,40,15.147645479850702
5,41,12.023347348403371
5,42,8.319855108795998
5,43,6.052316142641281
5,44,6.164966525991557
5,45,9.35214602998262
5,46,11.232889540978348
5,47,13.319777145013033
5,48,16.61566663404812
5,49,19.01843329073025
5,50,21.407850948407578
5,51,20.30363221454232
5,52,17.685758195219076
5,53,17.72079902623008
5,54,15.770801926926378
5,55,18.448475733812735
5,56,21.451485410939267
5,57,21.96174061960283
5,58,25.573331163223386
5,59,25.885992572992937
5,60,23.212694822709647
5,61,24.633794051523623
5,62,25.385469491183333
5,63,23.924593168880016
5,64,20.272467229606537
5,65,18.11692929448527
5,66,14.678397114833363
5,67,12.903511736338803
5,68,10.664683432673462
5,69,9.620038938061517
5,70,8.86818020667591
5,71,8.340604328863073
5,72,6.3814978642713545
5,73,4.546656347670191
5,74,6.896055227813129
5,75,6.612111232416867
5,76,8.194615125182349
5,77,11.08922267282953
5,78,11.428629578244404
5,79,14.527091490082398
5,80,15.856862863153488
5,81,19.60495166396293
5,82,21.933055300634773
5,83,24.874248997958606
5,84,28.033433202682026
5,85,30.795458570839433
6,1,15.039487147375842
6,2,13.760635797800584
6,3,10.372969032412186
6,4,7.071767840014881
6,5,3.819494723371895
6,7,3.780411111541208
6,8,7.145227678687823
6,9,10.729645393638318
6,10,10.887833754818246
6,11,9.021881191756776
6,12,11.34143191678114
6,13,13.399837936130913
6,14,12.86478091532336
6,15,9.893558003101404
6,16,10.249460789431405
6,17,8.588393093730307
6,18,5.047838458830424
6,19,4.767372577487123
6,20,6.822274945757563
6,21,9.237862760047348
6,22,10.94236620451106
6,23,13.992375610233807
6,24,13.435167636076867
6,25,11.028250293686389
6,26,7.686298067950114
6,27,8.543768162180042
6,28,8.867650488372371
6,29,12.161566316276247
6,30,14.955693428117929
6,31,18.030132093335265
6,32,21.18440316876796
6,33,23.342385298487358
6,34,27.118342293572983
6,35,27.52553894668821
6,36,25.969969888516246
6,37,22.881775274390087
6,38,19.524875773752658
6,39,16.232542283676402
6,40,12.630188160900055
6,41,9.853937433160704
6,42,6.630993510274184
6,43,5.792290218210188
6,44,7.960822966235093
6,45,11.379664812173873
6,46,13.826705079506537
6,47,16.417845874867478
6,48,19.422164041839352
6,49,22.161901060290603
6,50,24.468752442252697
6,51,22.959960145996874
6,52,20.15329936353673
6,53,19.596976783907664
6,54,17.17433519090948
6,55,19.42748825764969
6,56,22.657071346430467
6,57,22.885930742716234
6,58,26.283651768090632
6,59,26.428263947517735
6,60,23.376698547979643
6,61,24.220786139991667
6,62,24.775987985984717
6,63,22.791491251943093
6,64,19.374794268881224
6,65,17.47350248247629
6,66,14.507684484515972
6,67,13.238213971996917
6,68,12.023230112656131
6,69,11.639050211211
6,70,11.852007443443261
6,71,11.077836963595887
6,72,9.011625314931571
6,73,5.777114672264855
6,74,7.939415638400372
6,75,6.308052012275026
6,76,6.269173781853284
6,77,9.891142554530537
6,78,10.2439700041155
6,79,12.8521938498773
6,80,14.636514035399102
6,81,18.15784607035955
6,82,20.55211021351917
6,83,23.8060879275081
6,84,26.656947051289695
6,85,29.517906064793795
7,1,16.15499546995724
7,2,15.729766685358632
7,3,12.591430030900915
7,4,9.627081228132504
7,5,6.337408803796422
7,6,3.780411111541208
7,8,3.7844114530039
7,9,7.125923302603623
7,10,7.146766162709582
7,11,5.735707087731204
7,12,8.773927646592204
7,13,11.048515171218826
7,14,11.504474347216107
7,15,8.794395630859778
7,16,10.201042885639417
7,17,7.938568138932641
7,18,4.440176376119977
7,19,5.582377230374772
7,20,6.845710922599702
7,21,10.139696644891282
7,22,11.612304828256756
7,23,14.953618006045735
7,24,14.108075773404574
7,25,11.999068585219716
7,26,8.776577179366909
7,27,8.536979415709753
7,28,8.260278301021296
7,29,10.678741050366353
7,30,13.222256157846463
7,31,15.783768288825806
7,32,18.77372730525354
7,33,20.516824495491964
7,34,24.25753371274861
7,35,24.751398793096016
7,36,23.561511219571017
7,37,20.289920711465893
7,38,17.180065364762036
7,39,13.607946286280015
7,40,10.355503160746533
7,41,7.165330087205634
7,42,4.6011617744763615
7,43,3.9982992332275322
7,44,7.282956808087581
7,45,10.639069814726097
7,46,13.229595463142227
7,47,16.428822271624046
7,48,19.00920773470355
7,49,22.14970142217203
7,50,24.55084164848817
7,51,22.660547037532204
7,52,20.021448039172864
7,53,19.204198387995675
7,54,16.900210808518835
7,55,19.211533065381136
7,56,22.19193637074745
7,57,21.800772191994472
7,58,25.06835325821836
7,59,24.71362937798391
7,60,21.51705121960499
7,61,22.135745705451903
7,62,23.042712756880242
7,63,20.898151751658848
7,64,17.596522159638276
7,65,16.37798786792505
7,66,13.687940988644549
7,67,13.432845389157373
7,68,12.807963538196026
7,69,13.464544308800397
7,70,14.103893675134861
7,71,14.120721036686643
7,72,12.412827226512066
7,73,9.41480075748625
7,74,11.047217702348869
7,75,8.524745769850501
7,76,8.69194641327322
7,77,12.229879167909756
7,78,11.576217391861586
7,79,13.328159594890149
7,80,14.488282791588755
7,81,17.67377135627924
7,82,19.491471241973194
7,83,22.957942354526796
7,84,25.781535810392676
7,85,28.324184112735857
8,1,19.57474358923175
8,2,19.417523436135053
8,3,16.33972764844346
8,4,13.397769985541132
8,5,10.09289625530177
8,6,7.145227678687823
8,7,3.7844114530039
8,9,3.7903755006251343
8,10,5.434063988743229
8,11,5.733078256237742
8,12,9.541301680425923
8,13,11.398712284629232
8,14,12.945831607782566
8,15,10.340809893327625
8,16,11.884991530690659
8,17,8.849647296094206
8,18,6.087135557748527
8,19,8.656981519760514
8,20,10.019384605419019
8,21,13.559258471661803
8,22,14.950507167309153
8,23,18.298096072692044
8,24,17.187548447059747
8,25,15.044849247348747
8,26,11.806697406755788
8,27,10.524798003273347
8,28,9.028757599901361
8,29,10.268414596675017
8,30,11.85015825617887
8,31,13.93436083645943
8,32,16.429169913285747
8,33,17.901656748698887
8,34,21.57925144218385
8,35,21.78065139772256
8,36,20.715008803260183
8,37,17.24355402092261
8,38,14.455062832845218
8,39,10.739105630405048
8,40,8.017325742602457
8,41,5.381746678452672
8,42,5.167859608390529
8,43,6.42378215054264
8,44,10.04947734384851
8,45,12.890336123977374
8,46,15.65380421205234
8,47,19.10850278093118
8,48,21.247879526342224
8,49,24.640343270086564
8,50,26.928193036712656
8,51,24.666077758640945
8,52,22.033181933038193
8,53,20.753514531736723
8,54,18.303238612479323
8,55,20.231211289077898
8,56,23.123830092786637
8,57,22.276881354159134
8,58,25.209830032734427
8,59,24.515406194755887
8,60,21.07219392413357
8,61,21.092357432076717
8,62,21.994871967745528
8,63,19.424551988784238
8,64,16.532126816910424
8,65,15.983369605758533
8,66,14.021967510950509
8,67,14.63539689425711
8,68,14.905226066502221
8,69,16.21171653078698
8,70,17.388377758528318
8,71,17.572833943347185
8,72,16.026145130630038
8,73,12.78663942044183
8,74,14.024603743232616
8,75,10.956591809692876
8,76,10.507531541029598
8,77,13.820775556411936
8,78,12.688966246613083
8,79,13.426282698454985
8,80,14.387228154450904
8,81,16.972751302415404
8,82,18.384324099933334
8,83,22.068463650208958
8,84,24.571481642455776
8,85,26.937924743680412
9,1,21.714457188954754
9,2,22.074879039278052
9,3,19.14345878601826
9,4,16.552092029931188
9,5,13.260122409488035
9,6,10.729645393638318
9,7,7.125923302603623
9,8,3.7903755006251343
9,10,3.797569286007317
9,11,6.435460026732848
9,12,10.005880558885409
9,13,11.86152288781045
9,14,14.277641926581346
9,15,12.39007645780206
9,16,14.512275701256087
9,17,11.58138375633838
9,18,9.494281287212205
9,19,11.910993090443664
9,20,12.561712013689998
9,21,16.046927208166622
9,22,16.994722776411223
9,23,20.215771294726125
9,24,18.800589068225296
9,25,16.891084322163326
9,26,13.993823811980262
9,27,12.059583330040281
9,28,10.247797408719062
9,29,10.100822769176805
9,30,10.92783186521986
9,31,12.020365695169348
9,32,14.081525784818924
9,33,14.944760228172537
9,34,18.492773007302787
9,35,18.817003906122494
9,36,18.239642924789436
9,37,14.67074043707619
9,38,12.353667169762879
9,39,8.534911255515182
9,40,7.00279613067517
9,41,4.897010315945954
9,42,6.774822133661
9,43,8.338449788738972
9,44,11.655685164660731
9,45,13.763532378662786
9,46,16.473263997047322
9,47,20.10907052115602
9,48,21.676630013662376
9,49,25.283695653776203
9,50,27.464032457764844
9,51,24.86609813964153
9,52,22.430243166416087
9,53,20.863627453522348
9,54,18.602106791505474
9,55,20.361823002118978
9,56,22.881647187957388
9,57,21.45507427646567
9,58,24.07188344901558
9,59,22.895653248610397
9,60,19.39439249915594
9,61,19.05524596998905
9,62,20.27347974262821
9,63,17.602537800897153
9,64,15.072883138557561
9,65,15.403929271653768
9,66,14.03843106730584
9,67,15.590145879290063
9,68,16.395560407582355
9,69,18.382193821041014
9,70,19.86555859953332
9,71,20.56943615771204
9,72,19.357810004856322
9,73,16.255233586996994
9,74,17.129756342178595
9,75,13.795550211719517
9,76,13.68766928881387
9,77,16.634217345264116
9,78,14.847447524266274
9,79,14.816681511656697
9,80,15.00244966614958
9,81,16.974017644517318
9,82,17.612287399019035
9,83,21.313341427285373
9,84,23.689774457340487
9,85,25.614340099022012
10,1,19.15161502178073
10,2,20.056792821082798
10,3,17.54380126887639
10,4,15.339677880531346
10,5,12.51023481204096
10,6,10.887833754818246
10,7,7.146766162709582
10,8,5.434063988743229
10,9,3.797569286007317
10,11,3.821631897497566
10,12,6.6774050355327965
10,13,9.008269610577235
10,14,11.516502646371217
10,15,10.445816904435464
10,16,13.310816411706776
10,17,11.174833343539898
10,18,9.50391659389641
10,19,10.951879751496604
10,20,10.559075585603308
10,21,13.845401536613714
10,22,14.593837251560588
10,23,17.82863369454342
10,24,16.694746389531506
10,25,15.47269764283395
10,26,13.173837148790321
10,27,11.853148633610694
10,28,11.198474066344234
10,29,11.339059511464757
10,30,12.97984645632326
10,31,13.836284211878263
10,32,16.207560098371975
10,33,16.674444016644166
10,34,20.10106408826693
10,35,21.009137520372473
10,36,20.878151433045318
10,37,17.448614075819968
10,38,15.22811667663766
10,39,11.491174419435852
10,40,9.973629145517133
10,41,6.939255426400079
10,42,7.46629082725988
10,43,7.256012610896873
10,44,9.689548786927741
10,45,11.683492398159997
10,46,13.785605858465207
10,47,17.56196785699919
10,48,19.092038906256395
10,49,22.6779275734668
10,50,25.143826714931123
10,51,22.73733740141074
10,52,20.71147190763145
10,53,19.640989707638997
10,54,17.971791937730835
10,55,20.30638316587799
10,56,22.476369184423827
10,57,20.897572595405855
10,58,23.753329121122974
10,59,22.33067985733961
10,60,19.142173250143962
10,61,19.42301034087087
10,62,21.212554404380718
10,63,19.072377218501554
10,64,16.24647846352386
10,65,16.593623118543654
10,66,14.680400063116124
10,67,16.13176676438758
10,68,16.251717722474066
10,69,18.152112960451397
10,70,19.108163067548073
10,71,20.12206835708255
10,72,18.866220319184855
10,73,16.28882841763909
10,74,17.48918849243795
10,75,14.536333409484136
10,76,15.143809559294235
10,77,18.273960479975432
10,78,16.53857204274107
10,79,17.07516600391492
10,80,16.955610228938614
10,81,19.252041694504932
10,82,19.73856631594181
10,83,23.25126935280348
10,84,25.97147738539756
10,85,27.690360262209097
11,1,16.42220764928217
11,2,17.22386408318577
11,3,14.983326586725397
11,4,12.561102233372473
11,5,10.305382632335307
11,6,9.021881191756776
11,7,5.735707087731204
11,8,5.733078256237742
11,9,6.435460026732848
11,10,3.821631897497566
11,12,3.841566199592317
11,13,6.146678969466234
11,14,7.998574528047885
11,15,6.679255043851222
11,16,9.693838772079046
11,17,8.10154572498094
11,18,6.889522011080545
11,19,7.719287330694086
11,20,7.246938961930674
11,21,10.724759896670626
11,22,12.171350356152061
11,23,15.731591236911191
11,24,15.340703409598465
11,25,14.458572933561495
11,26,12.256939749722232
11,27,12.047322953834573
11,28,12.178715868001552
11,29,13.393338599153491
11,30,15.625052953669217
11,31,17.05558574848565
11,32,19.67735804911396
11,33,20.397614168316927
11,34,23.87856331653558
11,35,24.722114530915743
11,36,24.394414612636535
11,37,20.926148794020385
11,38,18.497744428547623
11,39,14.7006071910885
11,40,12.560484030608762
11,41,9.188600934362437
11,42,8.172970194386473
11,43,6.503145379062553
11,44,8.42964336755983
11,45,11.277651297075817
11,46,12.837023297883304
11,47,16.53963454244525
11,48,18.691329372389617
11,49,22.008928501738048
11,50,24.829641401577355
11,51,22.919131763971915
11,52,21.002722935976742
11,53,20.511172352197132
11,54,18.996329340462506
11,55,21.708777140976824
11,56,24.02565481438911
11,57,22.850485079108104
11,58,26.020308148809402
11,59,24.8501491935516
11,60,21.835900210029905
11,61,22.523803707858466
11,62,24.250914841122725
11,63,22.254693227970453
11,64,19.15533057068673
11,65,18.925138778772755
11,66,16.45040443946269
11,67,17.110693274009446
11,68,16.44951941166259
11,69,17.597185263889248
11,70,17.84249628166734
11,71,18.42031108958036
11,72,16.632591488297308
11,73,14.325930031421992
11,74,16.243056579964776
11,75,13.896119497461829
11,76,14.425249073888498
11,77,17.908941396780254
11,78,16.866623824240133
11,79,18.153843682249384
11,80,18.578042275132116
11,81,21.358089342343586
11,82,22.352088243691245
11,83,25.84651188134657
11,84,28.69781325554403
11,85,30.683287444762243
12,1,14.571353807053457
12,2,16.07456637738292
12,3,14.616760009223707
12,4,12.790425046704641
12,5,11.526171943882115
12,6,11.34143191678114
12,7,8.773927646592204
12,8,9.541301680425923
12,9,10.005880558885409
12,10,6.6774050355327965
12,11,3.841566199592317
12,13,3.7519629255245746
12,14,5.301021753082716
12,15,5.94431530312131
12,16,9.61412131482488
12,17,9.467082479834968
12,18,9.253646315664882
12,19,8.7748204322812
12,20,6.938227871132667
12,21,9.626734625971192
12,22,10.981561889910946
12,23,14.441924107527555
12,24,14.70494631625089
12,25,14.79956889071769
12,26,13.459964995385567
12,27,13.973323737679276
12,28,14.93363698794345
12,29,16.206601437513218
12,30,18.72545884047162
12,31,19.923397327555016
12,32,22.606954113325124
12,33,23.017205272722652
12,34,26.33774659852639
12,35,27.520288353351987
12,36,27.515285660760025
12,37,24.120529841885496
12,38,21.825272676264365
12,39,18.083592943259937
12,40,16.098645378649252
12,41,12.587221656055894
12,42,11.230429644788032
12,43,8.58660665394872
12,44,8.902237628006835
12,45,11.36230018578375
12,46,11.746937982537577
12,47,15.338584658897007
12,48,17.484682704374812
12,49,20.571836417992344
12,50,23.733129683001305
12,51,22.201022336727195
12,52,20.845956991093374
12,53,20.96762131211637
12,54,20.104409269073667
12,55,23.212763357339103
12,56,25.15133811710552
12,57,23.89668672713487
12,58,27.173828945186873
12,59,25.814867540753745
12,60,23.177697097537497
12,61,24.30780052937101
12,62,26.420937381261897
12,63,24.812914589183176
12,64,21.63070097835503
12,65,21.45692901165797
12,66,18.732548709945885
12,67,19.270891833099366
12,68,18.053876383025255
12,69,18.964119845598034
12,70,18.576471307111632
12,71,19.331984292177854
12,72,17.475491416183186
12,73,15.894463131509866
12,74,18.090340051621265
12,75,16.285460258970264
12,76,17.24996728281656
12,77,20.71267334705115
12,78,19.79214823148645
12,79,21.38630851420339
12,80,21.616784711123106
12,81,24.51365063598418
12,82,25.372225812217504
12,83,28.707151124003857
12,84,31.741658294360942
12,85,33.55621989843492
13,1,16.453757677104406
13,2,17.904535928438722
13,3,16.854915332000676
13,4,14.74159209115564
13,5,13.936996225031843
13,6,13.399837936130913
13,7,11.048515171218826
13,8,11.398712284629232
13,9,11.86152288781045
13,10,9.008269610577235
13,11,6.146678969466234
13,12,3.7519629255245746
13,14,3.761691694761534
13,15,5.129875676663973
13,16,8.436817224879558
13,17,8.79231529510501
13,18,10.05241836658493
13,19,9.958457329902917
13,20,8.902505839657113
13,21,11.508004205984866
13,22,13.582055872488757
13,23,17.08974072069349
13,24,17.90069761032544
13,25,18.146670313100064
13,26,16.723180212287502
13,27,17.400630000272283
13,28,18.117319068238196
13,29,19.428540007123626
13,30,21.674190415891616
13,31,22.79665489189305
13,32,25.192029156223832
13,33,25.38761006610101
13,34,28.601636270382564
13,35,29.530085502774625
13,36,29.635485799055377
13,37,26.080468440157375
13,38,24.067481960916194
13,39,20.281469141546193
13,40,18.521290887812203
13,41,15.286713277718064
13,42,14.199225932667796
13,43,11.838376706470868
13,44,12.381988586604331
13,45,15.02405199124488
13,46,15.128504530101285
13,47,18.546534400006955
13,48,20.782143407737145
13,49,23.675142175172958
13,50,26.997387386408985
13,51,25.668181724686278
13,52,24.468317189005546
13,53,24.70063764332077
13,54,23.8402604484016
13,55,26.918887842710312
13,56,28.89453201014083
13,57,27.58571473000682
13,58,30.804242329640896
13,59,29.31099715454164
13,60,26.641676383221508
13,61,27.577929078576087
13,62,29.70564253030141
13,63,27.892885753159824
13,64,24.870242049548644
13,65,24.82560629301183
13,66,22.229123321986364
13,67,22.742244240124013
13,68,21.540356334363167
13,69,22.203847029903812
13,70,21.593831759545907
13,71,21.917640164289597
13,72,19.59442583130491
13,73,18.00445095868568
13,74,20.64494780717993
13,75,19.009948327212946
13,76,19.436603384770493
13,77,23.094540489633207
13,78,22.541559444851362
13,79,24.126978329256584
13,80,24.672869890219975
13,81,27.501403472518547
13,82,28.41632095643193
13,83,31.876647409233808
13,84,34.74785134657589
13,85,36.58810507676962
14,1,13.624979525654732
14,2,14.964851813410322
14,3,14.41993710888873
14,4,12.516181878078573
14,5,12.64222466435843
14,6,12.86478091532336
14,7,11.504474347216107
14,8,12.945831607782566
14,9,14.277641926581346
14,10,11.516502646371217
14,11,7.998574528047885
14,12,5.301021753082716
14,13,3.761691694761534
14,15,3.761273425017195
14,16,6.690440091714406
14,17,8.533484394716597
14,18,9.992173483235174
14,19,8.646502959256933
14,20,7.17836779521548
14,21,8.958796093124814
14,22,11.508618292438653
14,23,14.940749652889199
14,24,16.448119935066053
14,25,17.049225917420937
14,26,15.977697849999497
14,27,17.456616572108548
14,28,18.757721551208906
14,29,20.66468976134996
14,30,23.34009898378099
14,31,24.88504951474277
14,32,27.60003031100866
14,33,28.133728006116247
14,34,31.48319716556476
14,35,32.47358472151609
14,36,32.33287287981873
14,37,28.825898045370646
14,38,26.488954670706182
14,39,22.683598929554098
14,40,20.438207845596637
14,41,16.983605806315886
14,42,15.102159772235769
14,43,12.149097414367827
14,44,11.94536048099387
14,45,14.76355704913015
14,46,14.367035207890485
14,47,17.35313471793914
14,48,20.039974915263098
14,49,22.532371860546718
14,50,26.01133567328497
14,51,25.16325266303887
14,52,24.048621230725658
14,53,24.734305889827354
14,54,24.01526670457299
14,55,27.291096979898278
14,56,29.338906906960904
14,57,28.434069119547065
14,58,31.872943053810125
14,59,30.699486880436233
14,60,28.187762346157708
14,61,29.476637302457522
14,62,31.493277076834023
14,63,29.865701272842703
14,64,26.58831434516431
14,65,26.064521590742373
14,66,23.089045524774413
14,67,23.012625040687528
14,68,21.247592255739683
14,69,21.29897473829862
14,70,20.08582845697577
14,71,20.109804920029223
14,72,17.546617466615853
14,73,16.533185460413097
14,74,19.51202461261148
14,75,18.54729008393528
14,76,19.122009281209362
14,77,22.741035230718516
14,78,22.635543735398
14,79,24.739410971648518
14,80,25.52547712618951
14,81,28.682904890345558
14,82,29.944630781038637
14,83,33.30839894032611
14,84,36.34069048616863
14,85,38.38802932737862
15,1,14.419941900696617
15,2,14.85178938126309
15,3,13.552120902902669
15,4,10.812668930500484
15,5,10.435892945951261
15,6,9.893558003101404
15,7,8.794395630859778
15,8,10.340809893327625
15,9,12.39007645780206
15,10,10.445816904435464
15,11,6.679255043851222
15,12,5.94431530312131
15,13,5.129875676663973
15,14,3.761273425017195
15,16,3.69769313630455
15,17,4.867752274512054
15,18,6.420714818733913
15,19,5.583013581032808
15,20,5.728764540820057
15,21,8.559230883889814
15,22,11.655840263993337
15,23,15.365876405668027
15,24,16.516152828065724
15,25,16.306562479266095
15,26,14.511839618238318
15,27,15.843811677327343
15,28,16.70293067332534
15,29,18.89607817840403
15,30,21.446539981129984
15,31,23.364095140721666
15,32,26.0743184898391
15,33,26.97596559637404
15,34,30.480293640875445
15,35,31.12660990492887
15,36,30.605499443306666
15,37,27.0480918053971
15,38,24.542821423330867
15,39,20.737776496354638
15,40,18.2209521094106
15,41,14.958590241101195
15,42,12.970389553709639
15,43,10.47120450001536
15,44,11.174948115957797
15,45,14.581250852975348
15,46,15.043249884456896
15,47,18.133116321059713
15,48,21.066677194347065
15,49,23.715190103144465
15,50,26.977665926858798
15,51,25.92297597732247
15,52,24.286600131656098
15,53,24.59371504397881
15,54,23.32117104083049
15,55,26.33458120207249
15,56,28.787061848724097
15,57,28.114425544952212
15,58,31.55417743547719
15,59,30.656907839744722
15,60,27.853018201624373
15,61,28.86602403063487
15,62,30.48851330141188
15,63,28.560266761988277
15,64,25.29474362167487
15,65,24.51973534967261
15,66,21.61856085061165
15,67,21.33467363482883
15,68,19.78557524035007
15,69,19.6897276966847
15,70,18.75339107991865
15,71,18.325042347730193
15,72,15.506078788595689
15,73,13.930159786468549
15,74,17.048023166625597
15,75,15.97801240018992
15,76,16.01783161755381
15,77,19.738621697232926
15,78,19.918606925203424
15,79,22.032753684576843
15,80,23.234052270784534
15,81,26.417008800034967
15,82,27.992364601590488
15,83,31.461824644526757
15,84,34.340570697587445
15,85,36.64729743948544
16,1,15.68261818481419
16,2,15.34234468953027
16,3,14.112625372534923
16,4,10.963879185168226
16,5,11.088000525439563
16,6,10.249460789431405
16,7,10.201042885639417
16,8,11.884991530690659
16,9,14.512275701256087
16,10,13.310816411706776
16,11,9.693838772079046
16,12,9.61412131482488
16,13,8.436817224879558
16,14,6.690440091714406
16,15,3.69769313630455
16,17,3.744821599868793
16,18,6.487801447761792
16,19,5.829792441864783
16,20,7.561175088483829
16,21,9.874075582868423
16,22,13.472029670112454
16,23,17.042633628376247
16,24,18.481581043666974
16,25,18.014320676613654
16,26,15.994099815903004
16,27,17.589779872715777
16,28,18.27645286310474
16,29,20.835829124050587
16,30,23.29627570715563
16,31,25.55021231676258
16,32,28.219851597019293
16,33,29.386885549051435
16,34,32.95755647410736
16,35,33.29291385753433
16,36,32.47146683678493
16,37,28.881943436547694
16,38,26.300036844777026
16,39,22.56293151683015
16,40,19.84865816057486
16,41,16.88860062761445
16,42,14.751959392820977
16,43,12.626238851090475
16,44,13.555000042922233
16,45,17.17591506024023
16,46,17.77188247244281
16,47,20.5623070328967
16,48,23.777949247536743
16,49,26.209704687995075
16,50,29.42896863193044
16,51,28.569005957599362
16,52,26.75516225256321
16,53,27.076555855372227
16,54,25.558696485097276
16,55,28.427461957520162
16,56,31.14451581452777
16,57,30.77466386412106
16,58,34.25253182870084
16,59,33.607198605041525
16,60,30.706631287887383
16,61,31.613735700106947
16,62,32.93950818978826
16,63,30.83686872978691
16,64,27.58504794135052
16,65,26.51504295555758
16,66,23.616065053701412
16,67,22.930070686665964
16,68,21.316964586138422
16,69,20.703233413969393
16,70,19.57322545833476
16,71,18.41921614439934
16,72,15.12595040842975
16,73,13.55649784144121
16,74,17.056054579354143
16,75,16.452526682072303
16,76,15.8384522729631
16,77,19.536746145749596
16,78,20.39182858871365
16,79,22.704071537762587
16,80,24.44276021018491
16,81,27.692289890031617
16,82,29.642184912986426
16,83,33.14306683214981
16,84,35.88045528669971
16,85,38.45030637238412
17,1,17.734855846827134
17,2,17.251173626529386
17,3,15.264221757433608
17,4,11.74353545535559
17,5,10.651394015708709
17,6,8.588393093730307
17,7,7.938568138932641
17,8,8.849647296094206
17,9,11.58138375633838
17,10,11.174833343539898
17,11,8.10154572498094
17,12,9.467082479834968
17,13,8.79231529510501
17,14,8.533484394716597
17,15,4.867752274512054
17,16,3.744821599868793
17,18,3.7717078610457
17,19,5.471079392342234
17,20,8.194806336166632
17,21,11.400678193823515
17,22,14.633240889190668
17,23,18.337347151302623
17,24,19.050771674282682
17,25,17.928566797413932
17,26,15.29630583121127
17,27,16.161189821387214
17,28,16.120705071929418
17,29,18.44629723872637
17,30,20.518541239381378
17,31,22.768334418439835
17,32,25.23467115004919
17,33,26.480974957457896
17,34,30.054845820162814
17,35,30.13178863783585
17,36,29.17478283297197
17,37,25.55965710479143
17,38,23.037165653495457
17,39,19.353521306473844
17,40,16.730724890725064
17,41,14.117609113615076
17,42,12.456763446302801
17,43,11.180254230141916
17,44,13.112597266409628
17,45,16.817969794034077
17,46,18.154940512564913
17,47,21.257010525659027
17,48,24.273390592967974
17,49,27.04977157023894
17,50,30.035660464942517
17,51,28.736397130974304
17,52,26.589502377075867
17,53,26.39224128444634
17,54,24.47359099146722
17,55,27.02192449545462
17,56,29.910408005455423
17,57,29.43124730576866
17,58,32.74454147074516
17,59,32.093183443773945
17,60,28.949312385542136
17,61,29.472810233498773
17,62,30.587085818690625
17,63,28.203183346512212
17,64,25.137919859897508
17,65,24.19763429262703
17,66,21.62382013790174
17,67,21.212135669998087
17,68,20.16391579867681
17,69,19.95947849254408
17,70,19.511491534307837
17,71,18.455370408262986
17,72,15.399148273879645
17,73,12.98441687102434
17,74,16.116443348965717
17,75,14.83756251528176
17,76,13.744105228044615
17,77,17.527683319656223
17,78,18.168244780391735
17,79,20.072620512737068
17,80,21.903281460379084
17,81,24.929174926106988
17,82,26.851011853289705
17,83,30.460175011227026
17,84,32.99117163615114
17,85,35.586755517080405
18,1,16.77170073975893
18,2,16.058425043585828
18,3,13.4076915502144
18,4,9.824241727511218
18,5,7.74981477957829
18,6,5.047838458830424
18,7,4.440176376119977
18,8,6.087135557748527
18,9,9.494281287212205
18,10,9.50391659389641
18,11,6.889522011080545
18,12,9.253646315664882
18,13,10.05241836658493
18,14,9.992173483235174
18,15,6.420714818733913
18,16,6.487801447761792
18,17,3.7717078610457
18,19,3.7661359922109794
18,20,6.870850724513484
18,21,10.309992177996289
18,22,13.00060212523522
18,23,16.60464648843397
18,24,16.696765514956535
18,25,15.029681342756122
18,26,12.039900926158468
18,27,12.617416854135818
18,28,12.43616945553208
18,29,14.95011697464051
18,30,17.174533439264813
18,31,19.69897427049302
18,32,22.389530771824017
18,33,23.97806066555963
18,34,27.662075128823904
18,35,27.826616448475555
18,36,26.63247070103626
18,37,23.163079414760958
18,38,20.3152256315862
18,39,16.69806502450999
18,40,13.693818475438269
18,41,10.987489005857764
18,42,8.955884851528975
18,43,8.019970026498108
18,44,10.447412728219518
18,45,14.147292292996623
18,46,16.06429833082438
18,47,19.150097927120196
18,48,22.09740434167216
18,49,24.991828079260618
18,50,27.70078495358153
18,51,26.18638327566006
18,52,23.742851806430778
18,53,23.27745376502126
18,54,21.104165741295457
18,55,23.487314108504588
18,56,26.5097061420103
18,57,26.193290689878072
18,58,29.494740158606746
18,59,29.082097814618592
18,60,25.892127594418813
18,61,26.428874757273668
18,62,27.330160324107162
18,63,25.002682400538887
18,64,21.842106139470896
18,65,20.654933724052334
18,66,18.040352791578826
18,67,17.516040886959484
18,68,16.611397417951537
18,69,16.558034807994158
18,70,16.522062473993667
18,71,15.66945799229688
18,72,13.006809279684925
18,73,10.134547345428993
18,74,12.855856038621788
18,75,11.203680271721106
18,76,10.280349296435173
18,77,14.084572008657318
18,78,14.470512762607928
18,79,16.42158410136827
18,80,18.206731431836154
18,81,21.33458694414064
18,82,23.368981931766243
18,83,26.914207712662122
18,84,29.52579991175399
18,85,32.20082601223319
19,1,13.137677193244858
19,2,12.354142722186936
19,3,9.946921819772747
19,4,6.4468195515271045
19,5,5.388864759858425
19,6,4.767372577487123
19,7,5.582377230374772
19,8,8.656981519760514
19,9,11.910993090443664
19,10,10.951879751496604
19,11,7.719287330694086
19,12,8.7748204322812
19,13,9.958457329902917
19,14,8.646502959256933
19,15,5.583013581032808
19,16,5.829792441864783
19,17,5.471079392342234
19,18,3.7661359922109794
19,20,3.768610514778385
19,21,6.715203613671041
19,22,9.716967032022627
19,23,13.284004811886522
19,24,13.898684036963765
19,25,12.708308508631347
19,26,10.306103322481546
19,27,11.951993804769188
19,28,12.892406910020656
19,29,15.830834639084163
19,30,18.666308538891506
19,31,21.29385096812613
19,32,24.340346550364384
19,33,25.978209946533774
19,34,29.689673777663486
19,35,30.227260328186677
19,36,29.10019079058815
19,37,25.763303180420237
19,38,22.722532327551935
19,39,19.121708694645026
19,40,15.901612406868885
19,41,12.732759404785368
19,42,9.840616274445065
19,43,7.577412636453076
19,44,8.651878246002745
19,45,12.409492202217793
19,46,13.74231112826689
19,47,16.47911091759648
19,48,19.73341582946013
19,49,22.311074993630058
19,50,25.16907007226524
19,51,24.06541622453808
19,52,21.82803879889001
19,53,21.898291825460884
19,54,20.105731774483385
19,55,22.85687605899292
19,56,25.735085581451727
19,57,25.673605813290795
19,58,29.198342471713897
19,59,28.94116723620849
19,60,26.050373368260544
19,61,27.112055269267735
19,62,28.173333816769944
19,63,26.27201198438449
19,64,22.829499351817162
19,65,21.332554899234896
19,66,18.239135404853123
19,67,17.234170541157415
19,68,15.542603016911103
19,69,14.952295097818682
19,70,14.158527053032095
19,71,13.287552168405787
19,72,10.430643338918106
19,73,8.407578080980883
19,74,11.580938312477583
19,75,10.794045988685765
19,76,10.812320652203756
19,77,14.433101687887559
19,78,14.998823469385556
19,79,17.561392193641733
19,80,19.15248300533913
19,81,22.61239308991226
19,82,24.719713406231396
19,83,28.048134314781016
19,84,30.962369075616028
19,85,33.627230593984024
20,1,10.149511665889804
20,2,10.26203788645887
20,3,8.287009833453368
20,4,5.917150139367876
20,5,5.54598212443395
20,6,6.822274945757563
20,7,6.845710922599702
20,8,10.019384605419019
20,9,12.561712013689998
20,10,10.559075585603308
20,11,7.246938961930674
20,12,6.938227871132667
20,13,8.902505839657113
20,14,7.17836779521548
20,15,5.728764540820057
20,16,7.561175088483829
20,17,8.194806336166632
20,18,6.870850724513484
20,19,3.768610514778385
20,21,3.778307486029317
20,22,6.4726108596479595
20,23,10.22306071319958
20,24,11.058447033766985
20,25,10.684447789675666
20,26,9.187583066886093
20,27,11.25056190404189
20,28,13.057438294496203
20,29,15.77010689206761
20,30,18.97067326448237
20,31,21.291500057474437
20,32,24.524327279283497
20,33,25.917460680655072
20,34,29.551605177687783
20,35,30.549535634606357
20,36,29.743176033902724
20,37,26.511263559014772
20,38,23.49153617897851
20,39,19.87568817408733
20,40,16.801776178097036
20,41,13.213360419376121
20,42,10.158037049421692
20,43,6.7998116925364425
20,44,6.304615334464694
20,45,9.802960201431343
20,46,10.430425327093642
20,47,13.205720071519416
20,48,16.44359733888799
20,49,18.98109671381186
20,50,22.036979677140025
20,51,21.07809603823778
20,52,19.208853732344416
20,53,19.691106134457325
20,54,18.458916957906354
20,55,21.60330494809367
20,56,24.09051047407063
20,57,23.891200437378476
20,58,27.517252152775548
20,59,27.106043313898645
20,60,24.518105747009496
20,61,26.006056708625763
20,62,27.450158581505704
20,63,25.968285214424085
20,64,22.382598628890083
20,65,21.01657966809264
20,66,17.674370277930205
20,67,16.808418451019307
20,68,14.690902684241617
20,69,14.30187617233627
20,70,13.13664154164192
20,71,13.087803436894001
20,72,10.773621052079331
20,73,9.693371543985126
