1,2,3.8339545351909274
1,3,6.642662057786035
1,4,8.929939502484288
1,5,7.310904215539644
1,6,7.217521989390844
1,7,10.655503820787793
1,8,11.856356358795967
1,9,11.332419674076961
1,10,12.98708403471252
1,11,15.57295237871728
1,12,16.51636764437106
1,13,17.059563670912805
1,14,18.855236372840867
1,15,20.97150280827486
1,16,22.058185497269978
1,17,23.105415386818166
1,18,25.005372522683473
1,19,26.647006800488885
1,20,27.89663008727413
1,21,29.060032883232537
1,22,30.404436196841143
1,23,32.43622797586222
1,24,33.86823459435351
1,25,34.68541224149038
1,26,36.25888924384315
1,27,38.720555986567604
1,28,39.455719090012416
1,29,40.28744239371037
1,30,42.121868690845254
1,31,44.42368022663367
1,32,47.5893373018542
1,33,47.784843612115914
1,34,50.573446156212384
1,35,49.56895785973455
1,36,45.83866084988354
1,37,44.053736692283444
1,38,40.52336996211334
1,39,41.76249190130176
1,40,40.2562791701086
1,41,36.68832816184928
1,42,36.07163372231388
1,43,37.081460952749715
1,44,35.52197380232685
1,45,32.13906936494084
1,46,33.04112076939212
1,47,34.08048479465062
1,48,30.91824464517205
1,49,28.809157107070952
1,50,31.179804472899992
1,51,31.04261076498663
1,52,27.280235196388787
1,53,27.216874316435476
1,54,30.141284944644774
1,55,32.40106725086329
1,56,35.017784031013896
1,57,37.94810532150473
1,58,40.40997231347121
1,59,41.37860821862451
1,60,39.93027381384527
1,61,39.393526221432715
1,62,40.029519035255724
1,63,43.35761862554858
1,64,43.05873859869249
1,65,41.58092985293585
1,66,38.97016164831262
1,67,38.105308207811646
1,68,37.549073828002335
1,69,35.5830780667589
1,70,33.335928947223245
1,71,33.24198557304768
1,72,32.08854662431944
1,73,29.129437399555986
1,74,28.16451173034621
1,75,28.744481688266813
1,76,26.634618700364843
1,77,23.7206319387276
1,78,23.87766317421512
1,79,24.217091945648086
1,80,21.423399629472794
1,81,18.98249215127933
1,82,19.929315907298776
1,83,20.002727934534885
1,84,16.52818945470565
1,85,15.44881499329725
1,86,17.749482896372715
1,87,16.166775135898245
1,88,12.712910605763962
1,89,14.666743272534239
1,90,16.2963267138873
1,91,13.45381822220733
1,92,12.431256127510023
1,93,16.111939303136456
1,94,16.812524618156107
1,95,14.108302033962342
1,96,15.37815443008587
1,97,19.00282730518598
1,98,18.748363936362743
1,99,18.017151377529498
1,100,20.968050706963485
1,101,22.945928951957388
1,102,21.724319979232543
1,103,19.630466466898117
2,1,3.8339545351909274
2,3,3.8208633687069864
2,4,5.783687682995226
2,5,5.6068429991954485
2,6,6.5096999719958
2,7,8.959245647510636
2,8,10.310216696999158
2,9,11.034059613498147
2,10,12.562180546281555
2,11,14.421162820219093
2,12,15.961255313199944
2,13,17.16655044808859
2,14,18.40036607219156
2,15,20.189868297302464
2,16,21.881843725464126
2,17,23.055003896275064
2,18,24.406203268351913
2,19,26.122397201307233
2,20,27.837209884168747
2,21,28.83484246852482
2,22,29.761527336207372
2,23,32.04019174392223
2,24,33.70337974807746
2,25,34.19334755583303
2,26,35.5444620921108
2,27,38.27734409978438
2,28,39.06388052262822
2,29,39.54178392411578
2,30,41.3147041682963
2,31,43.876837834507334
2,32,46.94898221031055
2,33,46.8691400461417
2,34,49.651201493669895
2,35,48.579453664607165
2,36,44.89382193313539
2,37,43.24493466775102
2,38,39.77051047454799
2,39,41.31312541275073
2,40,40.1008664266708
2,41,36.68128550604738
2,42,36.104499373171244
2,43,36.737284690049094
2,44,35.03530860435448
2,45,31.811669568756944
2,46,32.51134257951699
2,47,33.20404689645324
2,48,29.996163012275364
2,49,27.935501445988898
2,50,29.98394129760787
2,51,29.588766997035297
2,52,25.822650768240504
2,53,25.62377922179802
2,54,28.257965609647822
2,55,30.688354188036875
2,56,33.41980299824336
2,57,36.46043750905182
2,58,38.913334018073755
2,59,40.20383369114293
2,60,38.820920960392975
2,61,38.08569047064324
2,62,38.7626962695682
2,63,41.97910380741919
2,64,41.75425187828426
2,65,40.11020125869377
2,66,37.74786231721049
2,67,36.93322466266059
2,68,36.021093426734296
2,69,34.053441969961405
2,70,32.10170239707863
2,71,31.779214528715823
2,72,30.28636410589107
2,73,27.54940559352728
2,74,26.76868866882649
2,75,26.923021895398143
2,76,24.58196257252995
2,77,22.032163342594274
2,78,22.19596445474441
2,79,21.99552279514918
2,80,19.09245892580493
2,81,17.09062536590553
2,82,17.86174766348381
2,83,17.337530961599324
2,84,13.88489798752559
2,85,13.14179102749145
2,86,14.989140890294797
2,87,12.92589922084253
2,88,9.709343576623132
2,89,11.957876559981935
2,90,13.026797727628328
2,91,9.93331271665511
2,92,9.58255242710177
2,93,13.311095268153942
2,94,13.568893922339248
2,95,11.124841537854
2,96,13.056661961931875
2,97,16.401905301216438
2,98,16.098192848815255
2,99,16.036194122685572
2,100,19.043056048206903
2,101,20.749900425769788
2,102,19.837310226954163
2,103,17.5008148991312
3,1,6.642662057786035
3,2,3.8208633687069864
3,4,3.8086387295714736
3,5,5.301516242386786
3,6,4.944739622904157
3,7,6.092269009981462
3,8,8.49206866144238
3,9,9.736719553304912
3,10,10.297264890535159
3,11,11.896839271604378
3,12,14.167962129979905
3,13,15.359560117624847
3,14,15.90283169650986
3,15,17.815531894492803
3,16,19.928138479712754
3,17,20.772424920901916
3,18,21.77237179427668
3,19,23.821477569759736
3,20,25.66630554310344
3,21,26.28714630701576
3,22,27.105900068730918
3,23,29.665035874298113
3,24,31.240795898046265
3,25,31.412192871119696
3,26,32.819863409595044
3,27,35.7190716935248
3,28,36.326983662020815
3,29,36.60659484971414
3,30,38.51473719598472
3,31,41.181118855587684
3,32,44.11751721224426
3,33,43.99316397059699
3,34,46.88590533991009
3,35,45.9612057191975
3,36,42.27660129829484
3,37,40.86328089330087
3,38,37.34723241651833
3,39,38.94018589851397
3,40,37.9892971216341
3,41,34.663816629132924
3,42,34.38556688080585
3,43,34.87662735216545
3,44,32.87466020337911
3,45,29.858550471954572
3,46,30.73911001226693
3,47,31.0814896463956
3,48,27.70430598339788
3,49,25.99669782272928
3,50,28.052647114274365
3,51,27.25005341721846
3,52,23.474260640064323
3,53,23.650020479125295
3,54,26.03499400389968
3,55,28.777473242100275
3,56,31.288812304003358
3,57,34.53705564670028
3,58,36.74083637644473
3,59,38.17889404075979
3,60,36.57831378313637
3,61,35.54852907050503
3,62,35.98961767102108
3,63,39.07735293181424
3,64,38.68146929365363
3,65,36.853782535653046
3,66,34.52895628842379
3,67,33.92499461997678
3,68,32.929388339323204
3,69,30.782166218302375
3,70,29.016137312912296
3,71,28.8353320738578
3,72,27.133568021808852
3,73,24.34722156737678
3,74,23.90279545677679
3,75,24.091444706793965
3,76,21.483570454251463
3,77,19.049277475795826
3,78,19.659068990994513
3,79,19.355763200179148
3,80,16.14976033453235
3,81,14.525645221857486
3,82,15.84648176726552
3,83,15.057087637079839
3,84,11.39733405203936
3,85,11.606150985596575
3,86,13.696234558835524
3,87,11.238737739930784
3,88,8.692601054588698
3,89,11.884237392506442
3,90,12.699710803708511
3,91,9.829530845938605
3,92,10.715481311899437
3,93,14.374240017531207
3,94,14.29162670202682
3,95,12.60209015943388
3,96,15.169835593046544
3,97,18.072637118670578
3,98,17.80580315127341
3,99,18.45591143670813
3,100,21.40252520440614
3,101,22.841667747815517
3,102,22.19579096416995
3,103,19.580861772609143
4,1,8.929939502484288
4,2,5.783687682995226
4,3,3.8086387295714736
4,5,3.7957129331325925
4,6,5.491897583543053
4,7,5.182228043681894
4,8,6.158496555706726
4,9,8.644083007390547
4,10,9.835415580015352
4,11,10.30136028560577
4,12,12.45649410689732
4,13,14.51649453438536
4,14,14.98300087354931
4,15,16.129986255548
4,16,18.505318162977282
4,17,19.88652138332829
4,18,20.49563570967352
4,19,22.15690010572653
4,20,24.42582167238948
4,21,25.2884148341697
4,22,25.639286704909136
4,23,28.109639040499644
4,24,30.08318164552068
4,25,30.248994064673028
4,26,31.24890984534943
4,27,34.23069811294144
4,28,35.155203950873236
4,29,35.256178529606764
4,30,36.86376149472764
4,31,39.680208168884874
4,32,42.66499077819733
4,33,42.27435299875099
4,34,44.993504472597586
4,35,43.830224117318906
4,36,40.21257566524453
4,37,38.69723844163551
4,38,35.31354716869306
4,39,37.179705401159424
4,40,36.31210576721962
4,41,33.12140631505966
4,42,32.61013344695979
4,43,32.78325992341551
4,44,30.921996964555333
4,45,27.942042933846356
4,46,28.433441190018495
4,47,28.701227490582234
4,48,25.478748167074283
4,49,23.544962652942544
4,50,25.264343123198945
4,51,24.56454153982251
4,52,20.84233068408968
4,53,20.6178730559016
4,54,22.9457660408725
4,55,25.578826899245
4,56,28.295382221892883
4,57,31.464752464373646
4,58,33.820541248974386
4,59,35.39069505243498
4,60,34.027956028562265
4,61,33.10007740022771
4,62,33.831712500493204
4,63,36.94873192547863
4,64,36.86353846692795
4,65,35.173635815838544
4,66,33.08266098644686
4,67,32.19756342351841
4,68,30.963866335925438
4,69,29.125063753494157
4,70,27.40095991665673
4,71,26.769816195915556
4,72,25.06330198103237
4,73,22.609124420100688
4,74,21.877390443247233
4,75,21.619660162331606
4,76,19.19535202994143
4,77,16.97658845168615
4,78,17.063616053999805
4,79,16.44412755512753
4,80,13.533223611756927
4,81,11.89025208386025
4,82,12.598162469839663
4,83,11.667087915868684
4,84,8.190035667228372
4,85,8.052444245964928
4,86,9.9018407214061
4,87,7.598820577397973
4,88,4.917728831576487
4,89,8.31836304574753
4,90,9.334658410985611
4,91,7.131036156357783
4,92,8.22829820397899
4,93,11.707303575040697
4,94,12.048094824819142
4,95,11.22952572047221
4,96,13.677428348572288
4,97,16.260395603222946
4,98,16.666719737782213
4,99,17.643178612500957
4,100,20.114665626170133
4,101,21.765930492389376
4,102,21.7580830720165
4,103,19.491650867072277
5,1,7.310904215539644
5,2,5.6068429991954485
5,3,5.301516242386786
5,4,3.7957129331325925
5,6,3.8006249421524747
5,7,5.413074790656477
5,8,5.04034351145257
5,9,6.2059308651842295
5,10,8.56744283831226
5,11,9.698208700822324
5,12,10.78602895967587
5,13,12.64002544404478
5,14,14.02516238069815
5,15,15.215387478432417
5,16,16.915840944349515
5,17,18.591932529330727
5,18,19.784628356221962
5,19,21.09053851191885
5,20,23.045661071579794
5,21,24.3584344175094
5,22,24.997168746458165
5,23,27.084230485795192
5,24,29.055165843699083
5,25,29.689325831066988
5,26,30.733653573949642
5,27,33.42394292461672
5,28,34.515645897165804
5,29,34.990587019093404
5,30,36.488124353568146
5,31,39.07048173023208
5,32,42.244403321487795
5,33,42.04580293222824
5,34,44.667178006778464
5,35,43.41923123225246
5,36,39.76270527864656
5,37,37.964605033028164
5,38,34.564666603892064
5,39,36.21791089887091
5,40,34.98429483557756
5,41,31.63583181958122
5,42,30.879602572794163
5,43,31.35615050844941
5,44,29.782464303056706
5,45,26.53356932956058
5,46,27.03430307745416
5,47,27.78164698133414
5,48,24.69145823377766
5,49,22.453227165334223
5,50,24.45946700038099
5,51,24.252512733089898
5,52,20.51417341041451
5,53,20.183213114425808
5,54,22.996050104444787
5,55,25.280417158663102
5,56,28.013145268563928
5,57,30.97524409210341
5,58,33.488037184102964
5,59,34.68937555462804
5,60,33.400805078605
5,61,32.839504663229214
5,62,33.73087363458806
5,63,37.05413352346209
5,64,37.08117691340474
5,65,35.71462846534572
5,66,33.411573193286785
5,67,32.251132418255374
5,68,31.365187693870766
5,69,29.727343310555046
5,70,27.574165032190653
5,71,26.965796185622374
5,72,25.765747868036193
5,73,23.169178745216332
5,74,21.93032539100186
5,75,22.037657268738016
5,76,20.107853097787917
5,77,17.39347508918877
5,78,17.07558028071102
5,79,17.173886675648777
5,80,14.675976440644549
5,81,12.129596094311063
5,82,12.677166209596786
5,83,12.842691918592047
5,84,9.552737245839584
5,85,8.151060367078136
5,86,10.75133633309398
5,87,9.694700600519335
5,88,6.256498832179107
5,89,8.69556140562236
5,90,10.982297268657877
5,91,9.32103353904981
5,92,8.874187635623114
5,93,12.508001957208181
5,94,13.819258074864655
5,95,12.701283786686652
5,96,14.271203177288713
5,97,17.301696279479867
5,98,18.118523081869657
5,99,18.38497749307671
5,100,20.647601633256045
5,101,22.842476466384202
5,102,22.791230123265105
5,103,20.924519232619545
6,1,7.217521989390844
6,2,6.5096999719958
6,3,4.944739622904157
6,4,5.491897583543053
6,5,3.8006249421524747
6,7,3.77141608392841
6,8,5.439429140551713
6,9,5.105855505468791
6,10,6.077325422003064
6,11,8.416993216436442
6,12,9.931780708196957
6,13,10.756351572977128
6,14,11.958230116387755
6,15,14.000193199793474
6,16,15.566308375260885
6,17,16.556441086080362
6,18,18.04311109509228
6,19,19.845843015121584
6,20,21.399530025667804
6,21,22.361041423487926
6,22,23.43927263013691
6,23,25.68599706984518
6,24,27.231961746944606
6,25,27.805875928072425
6,26,29.26587915014446
6,27,31.901747860442935
6,28,32.646693849024395
6,29,33.273212952223794
6,30,35.08913694977965
6,31,37.530143504846315
6,32,40.63461220287398
6,33,40.708088219800615
6,34,43.526921442188964
6,35,42.57139198821708
6,36,38.8417874979125
6,37,37.216334392532445
6,38,33.65940996704145
6,39,35.025418787485556
6,40,33.794422884420186
6,41,30.347769307718945
6,42,29.9724946684145
6,43,30.731284190614357
6,44,28.880244396384185
6,45,25.685154365815652
6,46,26.715675276462377
6,47,27.398049744693395
6,48,24.075769152803776
6,49,22.264371307507783
6,50,24.692467538689684
6,51,24.21052134240282
6,52,20.423348284317512
6,53,20.780199541207036
6,54,23.580783555384578
6,55,26.106552188781603
6,56,28.440471903804514
6,57,31.56929424621942
6,58,33.77370891769748
6,59,34.83311252780919
6,60,33.16821212858213
6,61,32.41037645661335
6,62,32.910872265448255
6,63,36.19079161320034
6,64,35.86167259008686
6,65,34.378243774887785
6,66,31.811862607054127
6,67,30.931368288455623
6,68,30.334584350399492
6,69,28.38328057554611
6,70,26.145659682259353
6,71,26.050118167224667
6,72,24.907065936016565
6,73,21.921647688529994
6,74,20.982758692521482
6,75,21.67177058104618
6,76,19.57171690317323
6,77,16.546979431350756
6,78,16.929198448385176
6,79,17.507445703391717
6,80,14.65377136742778
6,81,12.1176287598334
6,82,13.716706641683821
6,83,14.113579899189581
6,84,10.537321919387578
6,85,10.121937157001332
6,86,13.264802366346348
6,87,11.99934069815335
6,88,9.188697543052832
6,89,12.161710735129592
6,90,14.22294763682859
6,91,12.374758217234309
6,92,12.477429361869184
6,93,16.154708071199927
6,94,17.097443313161094
6,95,15.804213174297056
6,96,17.683000920739026
6,97,20.7581142190095
6,98,21.209610145698985
6,99,21.504436796460322
6,100,24.038670419139642
6,101,26.047608219592355
6,102,25.681406090048633
6,103,23.494683653758212
7,1,10.655503820787793
7,2,8.959245647510636
7,3,6.092269009981462
7,4,5.182228043681894
7,5,5.413074790656477
7,6,3.77141608392841
7,8,3.812574070160709
7,9,5.314160381424047
7,10,4.919168768777367
7,11,5.822749175388686
7,12,8.505318719152653
7,13,9.925130958426596
7,14,10.03095277797049
7,15,11.749235304743546
7,16,14.082703511811761
7,17,14.988426358298499
7,18,15.759895439913997
7,19,17.765810439673107
7,20,19.75761458571139
7,21,20.39928111936982
7,22,21.059167901686866
7,23,23.611952959166018
7,24,25.298672242659173
7,25,25.482126293867122
7,26,26.774568722090706
7,27,29.67295125006641
7,28,30.39390489563816
7,29,30.677608441056318
7,30,32.486752876533004
7,31,35.15068552286819
7,32,38.13315023730855
7,33,37.99548767633338
7,34,40.848750953551644
7,35,39.91352365906037
7,36,36.216207505523236
7,37,34.794404785227094
7,38,31.262032418618947
7,39,32.85858556795312
7,40,31.972553366902563
7,41,28.710303240734564
7,42,28.52717333133261
7,43,28.931490035853148
7,44,26.82466324564487
7,45,23.887743429709154
7,46,24.8785917854412
7,47,25.110335294055652
7,48,21.672124497436094
7,49,20.13395577839932
7,50,22.353605576561957
7,51,21.451176290829707
7,52,17.663118604692215
7,53,18.22471079165081
7,54,20.691050356359817
7,55,23.511783307876723
7,56,25.735860420952235
7,57,29.050842289865074
7,58,31.082146095156123
7,59,32.4021638061229
7,60,30.646502212220426
7,61,29.6076688828927
7,62,30.014481871742852
7,63,33.1717913179038
7,64,32.82545621422635
7,65,31.184552214954685
7,66,28.793579531898192
7,67,28.002817031531684
7,68,27.145902127372796
7,69,25.13976721848013
7,70,23.1486768432609
7,71,22.950671948780442
7,72,21.52266810375781
7,73,18.64360527166513
7,74,17.95131806164759
7,75,18.41121376504706
7,76,16.05434140348766
7,77,13.25104507534338
7,78,13.914370715196075
7,79,14.18782165818202
7,80,11.086253986970744
7,81,8.965966091909195
7,82,11.009710048948222
7,83,11.051867118846728
7,84,7.4008953569416285
7,85,8.083250533221404
7,86,11.248438261630012
7,87,9.827197547544266
7,88,8.046288711298935
7,89,11.507361773510462
7,90,13.206708209236403
7,91,11.891105843700164
7,92,12.898071748450535
7,93,16.23968450667298
7,94,16.932390472328407
7,95,16.385075264807583
7,96,18.65047940871908
7,97,21.245825590245055
7,98,21.832810534899068
7,99,22.7313716960481
7,100,25.11148410279183
7,101,26.906869540065497
7,102,26.89930318073645
7,103,24.6060566995712
8,1,11.856356358795967
8,2,10.310216696999158
8,3,8.49206866144238
8,4,6.158496555706726
8,5,5.04034351145257
8,6,5.439429140551713
8,7,3.812574070160709
8,9,3.769338635821363
8,10,5.493413748979301
8,11,5.010645036041861
8,12,6.372968784674657
8,13,8.954474311454014
8,14,9.748679156440609
8,15,10.39345115240656
8,16,12.521534569448091
8,17,14.348411312101495
8,18,15.086931966684508
8,19,16.320180674940314
8,20,18.58582561142291
8,21,19.8435532363599
8,22,20.16879397715077
8,23,22.3300772534365
8,24,24.462715361811362
8,25,24.970176299069667
8,26,25.83470507425293
8,27,28.615688074332247
8,28,29.79332976000631
8,29,30.135890955423967
8,30,31.540842220900903
8,31,34.20536724030429
8,32,37.35880939498317
8,33,37.064083112922035
8,34,39.66532743887296
8,35,38.416357303905095
8,36,34.76505736464654
8,37,33.03654877654195
8,38,29.635999047824125
8,39,31.39152341427202
8,40,30.339429063461072
8,41,27.110311643221188
8,42,26.48436664795525
8,43,26.746571703436995
8,44,25.003007264487042
8,45,21.898196116885916
8,46,22.438848118237004
8,47,22.93672233986005
8,48,19.761900816515208
8,49,17.69831409066754
8,50,19.74573987750237
8,51,19.329119183071416
8,52,15.562117122217984
8,53,15.539702624347383
8,54,18.33342744519976
8,55,20.789900185712636
8,56,23.291860144343385
8,57,26.387926545979074
8,58,28.72037135620951
8,59,29.945463722853216
8,60,28.51082191163634
8,61,27.841863879737165
8,62,28.691672847326103
8,63,32.01667316068007
8,64,32.085777703463
8,65,30.805216129392203
8,66,28.546356397432177
8,67,27.271975016966753
8,68,26.38145891522862
8,69,24.863778682348105
8,70,22.65161429221938
8,71,21.94862413702699
8,72,20.86985614859471
8,73,18.315409231508585
8,74,16.914431141354
8,75,17.087366446891625
8,76,15.339035365085344
8,77,12.476056958685318
8,78,12.099191701438542
8,79,12.545237431070504
8,80,10.210786576139622
8,81,7.254896236750941
8,82,8.32924765261897
8,83,9.202855806766312
8,84,6.0958154494290575
8,85,5.172035566663784
8,86,8.80795290066598
8,87,8.641046130519046
8,88,6.634701993850213
8,89,9.3060208496018
8,90,11.82562482749546
8,91,11.456331627824342
8,92,11.793962687495943
8,93,14.8084139324026
8,94,16.269157932678983
8,95,16.177089406105548
8,96,17.8605386524604
8,97,20.35381690800597
8,98,21.5904080630828
8,99,22.34449786429682
8,100,24.240458189989276
8,101,26.419686268901987
8,102,26.833525447291276
8,103,25.00478362885944
9,1,11.332419674076961
9,2,11.034059613498147
9,3,9.736719553304912
9,4,8.644083007390547
9,5,6.2059308651842295
9,6,5.105855505468791
9,7,5.314160381424047
9,8,3.769338635821363
9,10,3.779774523079415
9,11,5.346457134583685
9,12,5.188275871137105
9,13,6.487073821791162
9,14,8.488022949856965
9,15,9.861668262099924
9,16,10.956658586966876
9,17,12.623746217970238
9,18,14.272281567290003
9,19,15.455874528027415
9,20,17.04722020730811
9,21,18.548705827511547
9,22,19.49848925305939
9,23,21.35094044016272
9,24,23.16990031864963
9,25,24.1136339990917
9,26,25.307200182675096
9,27,27.744510851095455
9,28,28.843394467022566
9,29,29.64884997180582
9,30,31.157861563783964
9,31,33.49188382396717
9,32,36.76543421968038
9,33,36.8298503358763
9,34,39.459438339442784
9,35,38.32712606018199
9,36,34.61112541340307
9,37,32.736614661249774
9,38,29.236055524134017
9,39,30.580054913872015
9,40,29.163566758683483
9,41,25.70692139869317
9,42,25.085379740700024
9,43,25.863077524808034
9,44,24.237813169400685
9,45,20.899917645220555
9,46,21.82016965343332
9,47,22.77321585561974
9,48,19.617324771823586
9,49,17.563829799238565
9,50,20.16460802470348
9,51,20.068691815258727
9,52,16.36243395508834
9,53,16.692951752195572
9,54,19.840152988675875
9,55,22.052240098268975
9,56,24.275181126032294
9,57,27.227759831095316
9,58,29.489243364399258
9,59,30.267794740812096
9,60,28.679637263032724
9,61,28.238890223590413
9,62,28.97362519647453
9,63,32.42724132893244
9,64,32.36278327028763
9,65,31.298011745032465
9,66,28.69819566373623
9,67,27.37698010609628
9,68,27.004429985772543
9,69,25.472680684106507
9,70,22.84947160995533
9,71,22.531167880731957
9,72,21.962651284155125
9,73,19.078955698227283
9,74,17.451943380603165
9,75,18.361880688555726
9,76,16.988518915857334
9,77,13.610992605926393
9,78,13.363350080852396
9,79,14.742284893648602
9,80,12.66208449923496
9,81,9.284830316710599
9,82,10.755932625829114
9,83,12.445363556760315
9,84,9.61587462606435
9,85,8.489389565999556
9,86,12.222097376122875
9,87,12.37631249809985
9,88,10.018639620569836
9,89,12.295437836596584
9,90,15.175217476745189
9,91,14.561317966453982
9,92,14.304422114888844
9,93,17.523622596649542
9,94,19.242849694569625
9,95,18.670006249316568
9,96,20.03625532056276
9,97,22.897198383663483
9,98,24.085920308906513
9,99,24.364248083044995
9,100,26.33771296262513
9,101,28.743151753203637
9,102,28.88532674750263
9,103,27.117771144685705
10,1,12.98708403471252
10,2,12.562180546281555
10,3,10.297264890535159
10,4,9.835415580015352
10,5,8.56744283831226
10,6,6.077325422003064
10,7,4.919168768777367
10,8,5.493413748979301
10,9,3.779774523079415
10,11,3.7848033457890304
10,12,5.310644690901632
10,13,5.258664721518326
10,14,5.903561917714772
10,15,8.3923614182466
10,16,9.92566384009508
10,17,10.537499258346848
10,18,12.04765760477705
10,19,14.047737717001947
10,20,15.471364821919662
10,21,16.285387551551597
10,22,17.472243670176532
10,23,19.754768112405365
10,24,21.177573332928354
10,25,21.759842929393553
10,26,23.31914004932609
10,27,25.89679490414099
10,28,26.582719441007306
10,29,27.306204317309398
10,30,29.170836801241748
10,31,31.52039053788962
10,32,34.630819947085755
10,33,34.82930935623368
10,34,37.69431216191868
10,35,36.877850524213905
10,36,33.115995284848786
10,37,31.574864320670223
10,38,27.93761163329309
10,39,29.143938327120573
10,40,27.9819651735923
10,41,24.556030481486562
10,42,24.491585648852762
10,43,25.310188085283112
10,44,23.21200930611973
10,45,20.143927925461213
10,46,21.59213299662226
10,47,22.133516565833176
10,48,18.670002608138685
10,49,17.311781920535775
10,50,20.129050832255686
10,51,19.439755558112537
10,52,15.743290379679724
10,53,16.89086133098546
10,54,19.691818009393888
10,55,22.310774722227453
10,56,24.078718220887847
10,57,27.291472103378936
10,58,29.13108906156449
10,59,29.975243130611315
10,60,27.973077107452017
10,61,27.124161213405852
10,62,27.382556268204063
10,63,30.687240493334038
10,64,30.232078498011145
10,65,28.909889234194054
10,66,26.15591656091183
10,67,25.22084574580682
10,68,24.957945719057253
10,69,23.035639708141247
10,70,20.511313862618525
10,71,20.693680769110046
10,72,19.96046039717304
10,73,16.736939552092238
10,74,15.656387632751416
10,75,17.022830836275478
10,76,15.286365772872935
10,77,11.787855064128424
10,78,12.559381331263763
10,79,14.128849673537333
10,80,11.603304585302046
10,81,8.74670168138383
10,82,11.405196289407083
10,83,12.814455690727147
10,84,9.888070685575837
10,85,10.174588839226159
10,86,13.88312315556436
10,87,13.539499371571814
10,88,11.898911096186634
10,89,14.790037685559833
10,90,17.150086289655526
10,91,16.35655060781454
10,92,16.833198943119612
10,93,20.099558027809525
10,94,21.317891085907995
10,95,20.80514879055873
10,96,22.66114988840908
10,97,25.402803708443177
10,98,26.27827996307744
10,99,26.87086331648724
10,100,29.08039110081446
10,101,31.189776801469495
10,102,31.204636786209257
10,103,29.090624723934027
11,1,15.57295237871728
11,2,14.421162820219093
11,3,11.896839271604378
11,4,10.30136028560577
11,5,9.698208700822324
11,6,8.416993216436442
11,7,5.822749175388686
11,8,5.010645036041861
11,9,5.346457134583685
11,10,3.7848033457890304
11,12,3.806256285062367
11,13,5.744707489429911
11,14,5.033096436714439
11,15,5.941749778139993
11,16,8.607831738935644
11,17,9.822858860280792
11,18,10.242888432054874
11,19,11.979529252309439
11,20,14.21389241128693
11,21,15.047187540014992
11,22,15.4446929808152
11,23,17.87423188238041
11,24,19.786383843597246
11,25,20.09773125288692
11,26,21.168757314662937
11,27,24.010105293380345
11,28,24.966257713193798
11,29,25.31066788685823
11,30,26.917068824161923
11,31,29.547361281971284
11,32,32.63092881165464
11,33,32.47869682440601
11,34,35.23668363181995
11,35,34.23712759800327
11,36,30.52573643693057
11,37,29.01726541632224
11,38,25.476621393661997
11,39,27.074505502832782
11,40,26.204342822425147
11,41,23.010243397067224
11,42,22.86615560148888
11,43,23.171723590817294
11,44,21.00425310708839
11,45,18.11950828730763
11,46,19.21173757578861
11,47,19.382813789211667
11,48,15.907414483195069
11,49,14.523944077974786
11,50,16.99676630707975
11,51,16.087270099033994
11,52,12.326633801113822
11,53,13.414378640066106
11,54,16.039497307603828
11,55,18.808807905487704
11,56,20.640057614158593
11,57,23.955644617808904
11,58,25.806722846032294
11,59,26.912525188339593
11,60,25.010517015096674
11,61,24.05751393909415
11,62,24.49946468587324
11,63,27.788189670521966
11,64,27.57735618251144
11,65,26.273032707646788
11,66,23.808291197270076
11,67,22.66874321762043
11,68,22.044578537088906
11,69,20.34928712331494
11,70,17.97327873624626
11,71,17.679002984341597
11,72,16.79537745352383
11,73,13.874060826601681
11,74,12.594759015042852
11,75,13.50708168260976
11,76,11.82125236838839
11,77,8.416260172036408
11,78,8.90326262934202
11,79,10.35323851899526
11,80,8.033643941452716
11,81,5.009945575163439
11,82,7.958582017235122
11,83,9.556319097922112
11,84,7.245373933562477
11,85,7.980235454127951
11,86,11.515048961667844
11,87,11.656948655419702
11,88,10.923693348023168
11,89,13.602443351486613
11,90,15.832769243711176
11,91,15.792211031019951
11,92,16.616909734156042
11,93,19.42240028284678
11,94,20.693159617791586
11,95,20.86606100825886
11,96,22.75282472829181
11,97,25.065840803147225
11,98,26.261652332171316
11,99,27.232046788480712
11,100,29.132633550016003
11,101,31.19923390417688
11,102,31.644769006554274
11,103,29.650372130900113
12,1,16.51636764437106
12,2,15.961255313199944
12,3,14.167962129979905
12,4,12.45649410689732
12,5,10.78602895967587
12,6,9.931780708196957
12,7,8.505318719152653
12,8,6.372968784674657
12,9,5.188275871137105
12,10,5.310644690901632
12,11,3.806256285062367
12,13,3.7873907453357556
12,14,5.176405098191273
12,15,5.00704407117518
12,16,6.21692086438421
12,17,8.579905403383133
12,18,9.743888925432763
12,19,10.423199536504177
12,20,12.407035266051922
12,21,14.142549382308543
12,22,14.671375896272712
12,23,16.390984133032333
12,24,18.527388175785838
12,25,19.513082462779487
12,26,20.386835943993933
12,27,22.82457817680939
12,28,24.174543953421434
12,29,24.920174431734544
12,30,26.195783557861855
12,31,28.568163125037696
12,32,31.890493348423817
12,33,31.850258788151077
12,34,34.37960453513423
12,35,33.17094796155764
12,36,29.466584982442658
12,37,27.554603120197157
12,38,24.0734103546851
12,39,25.51558725087776
12,40,24.206455233928263
12,41,20.866292596357102
12,42,20.27509883673618
12,43,20.829459781178794
12,44,19.115913538443717
12,45,15.851897242052072
12,46,16.7909612523878
12,47,17.610769104636365
12,48,14.436671832909013
12,49,12.481023268784863
12,50,15.268333211700911
12,51,15.153275176977816
12,52,11.543764103458003
12,53,12.300978982235048
12,54,15.515040572325864
12,55,17.67307354560089
12,56,19.53122400580144
12,57,22.500339444670747
12,58,24.578835934538883
12,59,25.245726635121198
12,60,23.540201816062922
12,61,23.13628596043037
12,62,23.92695941601882
12,63,27.448343529934977
12,64,27.539121405004558
12,65,26.747023447800743
12,66,24.195179130477456
12,67,22.568344787579942
12,68,22.31167902144089
12,69,21.112330590421298
12,70,18.266148286524906
12,71,17.765637456531312
12,72,17.65410711948154
12,73,14.924583933774683
12,74,12.771394457127638
12,75,13.951376179611888
12,76,13.275458152552195
12,77,9.706344930314728
12,78,9.064962372909227
12,79,11.39073812812971
12,80,10.223092131831812
12,81,6.591267204984171
12,82,8.368765689518384
12,83,11.142006950910973
12,84,9.56828072551532
12,85,8.905602286202882
12,86,12.49718429042774
12,87,13.602566266000151
12,88,12.457912995844337
12,89,14.337955307139582
12,90,17.207704270135114
12,91,17.550339849218886
12,92,17.63898475313589
12,93,20.29961556073989
12,94,22.17922275732728
12,95,22.3438479122117
12,96,23.678243065517858
12,97,26.10786548245416
12,98,27.684137714537115
12,99,28.285630501436316
12,100,29.896846583640666
12,101,32.335015808048226
12,102,32.902564737052856
12,103,31.254882632966265
13,1,17.059563670912805
13,2,17.16655044808859
13,3,15.359560117624847
13,4,14.51649453438536
13,5,12.64002544404478
13,6,10.756351572977128
13,7,9.925130958426596
13,8,8.954474311454014
13,9,6.487073821791162
13,10,5.258664721518326
13,11,5.744707489429911
13,12,3.7873907453357556
13,14,3.778592853867043
13,15,5.59560433170856
13,16,5.236469846681209
13,17,6.326976054628719
13,18,8.767969303937207
13,19,9.969939549346295
13,20,10.839752238179056
13,21,12.384823841580284
13,22,13.861719030886444
13,23,15.48570751378605
13,24,16.942963976565203
13,25,18.18312923899165
13,26,19.667137575530603
13,27,21.79896963320903
13,28,22.77324139871909
13,29,23.954383994178382
13,30,25.566033644241575
13,31,27.59093105568483
13,32,30.911572581829837
13,33,31.316755353381513
13,34,34.01022644421328
13,35,33.122821003602
13,36,29.358128355986967
13,37,27.53475412062427
13,38,23.905096256260222
13,39,24.810202386637542
13,40,23.284036432649796
13,41,19.7281241998585
13,42,19.528841144595457
13,43,20.68334432551533
13,44,18.81320689143226
13,45,15.535473491420417
13,46,17.24110996494799
13,47,18.249872389307686
13,48,15.003747096883325
13,49,13.6307988050598
13,50,16.946298584639447
13,51,16.761862396634385
13,52,13.420988266443633
13,53,14.88625235580503
13,54,17.991323085035482
13,55,20.10857438728531
13,56,21.438916062423502
13,57,24.354536715792836
13,58,26.088842218795854
13,59,26.387277517709926
13,60,24.321616507596115
13,61,23.88377358922017
13,62,24.24482798194517
13,63,27.738889953040516
13,64,27.44715226265474
13,65,26.690510458761377
13,66,23.745596016413103
13,67,22.359033148533445
13,68,22.67207757514008
13,69,21.21617730411691
13,70,18.107263991341405
13,71,18.33794609607494
13,72,18.566412133521762
13,73,15.412087359082763
13,74,13.530969568481332
13,75,15.60135672972858
13,76,14.974104372981364
13,77,11.18319649223755
13,78,11.392365145877745
13,79,14.177380400979423
13,80,12.831962258767858
13,81,9.614248897178802
13,82,11.963671696242113
13,83,14.57681611300829
13,84,12.732686445657475
13,85,12.456682584311814
13,86,16.13936041726971
13,87,16.876231393314463
13,88,15.50139881154793
13,89,17.664361919241887
13,90,20.50759654922013
13,91,20.410617114763667
13,92,20.464244331355296
13,93,23.415175668706194
13,94,25.178003653316974
13,95,24.953774709683994
13,96,26.35998096543607
13,97,29.0457505015675
13,98,30.375853234263086
13,99,30.787601407755176
13,100,32.63411825016371
13,101,35.0692331226004
13,102,35.331051230880405
13,103,33.52841692727848
14,1,18.855236372840867
14,2,18.40036607219156
14,3,15.90283169650986
14,4,14.98300087354931
14,5,14.02516238069815
14,6,11.958230116387755
14,7,10.03095277797049
14,8,9.748679156440609
14,9,8.488022949856965
14,10,5.903561917714772
14,11,5.033096436714439
14,12,5.176405098191273
14,13,3.778592853867043
14,15,3.792659847554464
14,16,5.316218746931436
14,17,5.029104262537658
14,18,6.179574720243534
14,19,8.541633799938358
14,20,9.922886511063327
14,21,10.448967734002936
14,22,11.613537576956698
14,23,14.000458032617813
14,24,15.353347012281626
14,25,15.874435797270419
14,26,17.463540125539343
14,27,20.02505050998615
14,28,20.6939155550564
14,29,21.458925189004777
14,30,23.328778415753145
14,31,25.624950820794442
14,32,28.737938864305764
14,33,29.012599461633766
14,34,31.9090557634002
14,35,31.224610494496492
14,36,27.443276444239014
14,37,26.025716228671726
14,38,22.31986529552515
14,39,23.400377170594847
14,40,22.408774241264695
14,41,19.08619610582144
14,42,19.446292154036477
14,43,20.210239854311347
14,44,17.7646281414499
14,45,14.979049385500295
14,46,16.928026950212946
14,47,17.16124876756734
14,48,13.565701074911509
14,49,12.980535240928077
14,50,16.1373567714512
14,51,15.135476029896857
14,52,11.803090403077714
14,53,13.981359660683669
14,54,16.517074033398963
14,55,19.13052227272513
14,56,20.119057312862008
14,57,23.35867834525031
14,58,24.705509049660225
14,59,25.326050115841376
14,60,22.943857744600052
14,61,21.95923548135389
14,62,21.928952428963452
14,63,25.238191463777994
14,64,24.67621750550094
14,65,23.57812264209109
14,66,20.659352940844066
14,67,19.605108354794883
14,68,19.729319394351794
14,69,17.93039825189587
14,70,15.053689666704251
14,71,15.547336451952171
14,72,15.411804477683928
14,73,12.034356594744922
14,74,10.721683840709611
14,75,13.002289023076054
14,76,11.975944473057075
14,77,8.20967886913969
14,78,9.46137158272385
14,79,12.180259879827963
14,80,10.60029354972241
14,81,8.193128587125978
14,82,11.34257106193012
14,83,13.504720917306196
14,84,11.894608992788802
14,85,12.70765878863989
14,86,16.14550625123939
14,87,16.563061164516697
14,88,15.942115291095028
14,89,18.47670083863195
14,90,20.8256755857947
14,91,20.806733338397578
14,92,21.521692986746203
14,93,24.364929668969253
14,94,25.719356470372862
14,95,25.787536434881698
14,96,27.608461303987248
14,97,30.030452420938502
14,98,31.213637492034312
14,99,32.05207224996305
14,100,33.98514998721488
14,101,36.13315837770459
14,102,36.47283001459639
14,103,34.43443244298904
15,1,20.97150280827486
15,2,20.189868297302464
15,3,17.815531894492803
15,4,16.129986255548
15,5,15.215387478432417
15,6,14.000193199793474
15,7,11.749235304743546
15,8,10.39345115240656
15,9,9.861668262099924
15,10,8.3923614182466
15,11,5.941749778139993
15,12,5.00704407117518
15,13,5.59560433170856
15,14,3.792659847554464
15,16,3.79468147055052
15,17,5.420176636898647
15,18,5.021984988944398
15,19,6.045061641538647
15,20,8.62853496214337
15,21,9.79780120990257
15,22,9.838544862690773
15,23,11.987454873395656
15,24,14.17383984784359
15,25,14.750932677174342
15,26,15.554692438422535
15,27,18.230852759486687
15,28,19.483414166613358
15,29,20.00181309458663
15,30,21.353694564631233
15,31,23.85942331539148
15,32,27.080296901742138
15,33,26.991519798521544
15,34,29.639938823353756
15,35,28.61107844842384
15,36,24.872777501923363
15,37,23.250888420339106
15,38,19.66704302492513
15,39,21.164618007608368
15,40,20.275460516145074
15,41,17.148947752324244
15,42,17.141703144527806
15,43,17.39790744149133
15,44,15.095711479519567
15,45,12.292893807679883
15,46,13.725166623451502
15,47,13.836203024575417
15,48,10.292418550481715
15,49,9.378943530359733
15,50,12.390359497895625
15,51,11.515262115381953
15,52,8.134847594969582
15,53,10.27959289250108
15,54,12.907110150935729
15,55,15.37339640415546
15,56,16.408985925859536
15,57,19.61573269453765
15,58,21.10481955987719
15,59,21.801694420813998
15,60,19.623241693476324
15,61,18.81271097094858
15,62,19.223187410119966
15,63,22.678427828436316
15,64,22.594043253405893
15,65,21.80359372780817
15,66,19.20310595437608
15,67,17.594336685419673
15,68,17.4687718612764
15,69,16.25945328634469
15,70,13.287426975973801
15,71,12.996666066393457
15,72,13.172670010256047
15,73,10.337842782080422
15,74,8.071762639568925
15,75,10.03621977993687
15,76,9.81859603643008
15,77,6.146700436554189
15,78,6.262783299798694
15,79,9.55196590103637
15,80,9.08116356470783
15,81,6.640878214918141
15,82,9.14129765175423
15,83,11.879385953764537
15,84,11.306891168835516
15,85,11.845229099726378
15,86,14.884791033311751
15,87,16.04280043282038
15,88,15.922073804140473
15,89,17.90432724564784
15,90,20.31848386929402
15,91,20.991670901547295
15,92,21.65141453228513
15,93,24.046130476800187
15,94,25.655524756609402
15,95,26.22330237145796
15,96,27.828568344987247
15,97,29.943865763794456
15,98,31.514360795065247
15,99,32.485931931951725
15,100,34.05019523429291
15,101,36.2980135480471
15,102,37.02504380610884
15,103,35.23728887147425
16,1,22.058185497269978
16,2,21.881843725464126
16,3,19.928138479712754
16,4,18.505318162977282
16,5,16.915840944349515
16,6,15.566308375260885
16,7,14.082703511811761
16,8,12.521534569448091
16,9,10.956658586966876
16,10,9.92566384009508
16,11,8.607831738935644
16,12,6.21692086438421
16,13,5.236469846681209
16,14,5.316218746931436
16,15,3.79468147055052
16,17,3.7855355981332233
16,18,5.382358233855586
16,19,5.004509436323634
16,20,6.246834939490326
16,21,8.567507091760266
16,22,9.4300096019752
16,23,10.549336648425912
16,24,12.543311997014017
16,25,14.056965843973904
16,26,15.01891565565447
16,27,17.019275321649722
16,28,18.45305602910367
16,29,19.649673390037513
16,30,20.851873124946373
16,31,22.86154503393808
16,32,26.30141966620866
16,33,26.585904567187907
16,34,29.091177359243744
16,35,28.055493926044434
16,36,24.31477237235463
16,37,22.352614016563066
16,38,18.762322418429925
16,39,19.744217219364547
16,40,18.251064540044975
16,41,14.803688104043657
16,42,14.574162692347324
16,43,15.506912064400447
16,44,13.59378340972614
16,45,10.327856015715497
16,46,12.181159019101038
16,47,13.158788633229438
16,48,10.031657545176833
16,49,8.941330121935678
16,50,12.548021629315537
16,51,12.521610931901023
16,52,9.774336295911894
16,53,11.758253329820064
16,54,14.696808751703182
16,55,16.449926955609662
16,56,17.180840350019814
16,57,19.926452762533067
16,58,21.40492745506082
16,59,21.43503639622419
16,60,19.260130088384592
16,61,19.00477476042089
16,62,19.493173396507203
16,63,23.093740713742935
16,64,23.073723828669976
16,65,22.796868223536357
16,66,19.946013321617915
16,67,18.052646868056954
16,68,18.63187410409663
16,69,17.770318630857602
16,70,14.333455243385037
16,71,14.310324025719932
16,72,15.374805754718405
16,73,12.666046236691312
16,74,10.016379536573586
16,75,12.504240475306718
16,76,13.057428708207233
16,77,9.599782030861554
16,78,9.239174571570526
16,79,12.833873816808525
16,80,12.793693637012742
16,81,10.092802904727446
16,82,11.991698993692044
16,83,15.153724428126063
16,84,14.553398980885722
16,85,14.407825231090868
16,86,17.586807882331968
16,87,19.05018601725493
16,88,18.44890221166315
16,89,20.136539585260437
16,90,22.945192078306818
16,91,23.586099786446116
16,92,23.758909598272368
16,93,26.227145507968153
16,94,28.172181877390095
16,95,28.517499522275962
16,96,29.80057783027505
16,97,32.13163718861318
16,98,33.8274070759392
16,99,34.451108348365985
16,100,35.94110471222216
16,101,38.4415903991388
16,102,39.09471074735969
16,103,37.46717109626698
17,1,23.105415386818166
17,2,23.055003896275064
17,3,20.772424920901916
17,4,19.88652138332829
17,5,18.591932529330727
17,6,16.556441086080362
17,7,14.988426358298499
17,8,14.348411312101495
17,9,12.623746217970238
17,10,10.537499258346848
17,11,9.822858860280792
17,12,8.579905403383133
17,13,6.326976054628719
17,14,5.029104262537658
17,15,5.420176636898647
17,16,3.7855355981332233
17,18,3.8036709858978566
17,19,5.4560169093116455
17,20,5.234342349296659
17,21,6.082515556040677
17,22,8.1372009522571
17,23,9.834017449053471
17,24,10.764517942921385
17,25,11.971040601031758
17,26,13.802660780410372
17,27,15.801007294206205
17,28,16.507307828514026
17,29,17.865511189431974
17,30,19.669766598486014
17,31,21.515862212237437
17,32,24.774511588262662
17,33,25.425846092571003
17,34,28.258256379521438
17,35,27.71250778785913
17,36,23.928566429496364
17,37,22.407523210372574
17,38,18.656515345973272
17,39,19.190208180972324
17,40,17.917109074829877
17,41,14.470185694771683
17,42,15.174072639964375
17,43,16.411186060122827
17,44,13.924607439870643
