1,2,3.8148181194006128
1,3,6.594127015736106
1,4,8.580664058202464
1,5,6.694301777008379
1,6,6.675611307709759
1,7,10.110239887115476
1,8,11.261139988706315
1,9,10.545115764400068
1,10,12.653813913174202
1,11,15.181288605412561
1,12,15.983355427186865
1,13,16.747788053540976
1,14,18.79024139769061
1,15,20.55441714684848
1,16,21.752702897572526
1,17,22.882809117665094
1,18,24.720744251699763
1,19,26.405951075547808
1,20,27.667676594031935
1,21,28.784340120209247
1,22,30.279825848899137
1,23,32.087217907042685
1,24,33.58328486475916
1,25,34.560909751430486
1,26,36.017386916991434
1,27,38.486188485649976
1,28,39.37557846321967
1,29,39.983233921013664
1,30,41.88381512957759
1,31,44.300048641961205
1,32,47.49202684959369
1,33,47.51647652523447
1,34,50.32375023575041
1,35,49.17336456016064
1,36,45.38392823539925
1,37,43.545675782925564
1,38,40.01968713265121
1,39,41.36711747418365
1,40,39.944936912446714
1,41,36.35242142883583
1,42,35.57841276433831
1,43,36.653752467406605
1,44,35.144810737704766
1,45,31.663787605545426
1,46,32.50031077468034
1,47,33.6677117450166
1,48,30.412444618104477
1,49,28.449929199081286
1,50,30.95030952491052
1,51,30.725191737407425
1,52,26.94092503011134
1,53,26.7746691574335
1,54,29.87614239073825
1,55,31.974612023899518
1,56,34.609467804459065
1,57,37.3123481965896
1,58,39.865118237025335
1,59,40.750640291635435
1,60,39.611053360915676
1,61,39.08772461001017
1,62,39.82586970358661
1,63,43.23973109745166
1,64,42.93175027322952
1,65,41.53283275291225
1,66,38.926618405542605
1,67,37.99171268019468
1,68,37.434231700572084
1,69,35.47690045527986
1,70,33.2276131784801
1,71,33.05133182364461
1,72,31.820714829752873
1,73,28.89571449716289
1,74,27.880031493412766
1,75,28.331256898421643
1,76,26.25857875875971
1,77,23.27335249080631
1,78,23.515931393561576
1,79,23.834280983486135
1,80,21.037131769171758
1,81,18.520826591364198
1,82,19.45064627469173
1,83,19.71439619459937
1,84,16.239446594532428
1,85,15.035285145889889
1,86,17.258148327538468
1,87,15.724871094729892
1,88,12.205523471087414
1,89,14.054607301896105
1,90,16.108947376086387
1,91,13.259421260713738
1,92,11.938425964707044
1,93,15.58886077949529
1,94,16.265529511799446
1,95,13.849032394695616
1,96,15.175493882570192
1,97,18.62223854863028
1,98,18.604682874537076
1,99,17.896831265813116
1,100,20.654362498602143
1,101,22.748269230426196
1,102,22.089019425782638
1,103,20.35600693374471
2,1,3.8148181194006128
2,3,3.8047637304636606
2,4,5.745918038741601
2,5,5.591522964962428
2,6,6.390906730026456
2,7,8.689255992774553
2,8,10.113667253009817
2,9,10.699293462597263
2,10,12.520487651453257
2,11,14.340152508981218
2,12,15.843826862450245
2,13,17.1425316011874
2,14,18.57865914268585
2,15,20.114655418414223
2,16,21.93492250523398
2,17,23.069559375341562
2,18,24.354966777768727
2,19,26.225543899344633
2,20,27.92094995218721
2,21,28.787461018174405
2,22,29.90008736420073
2,23,32.006806612867216
2,24,33.6905730309502
2,25,34.30241175022863
2,26,35.575476916424925
2,27,38.3263928620114
2,28,39.20836660379153
2,29,39.454618248574164
2,30,41.34375229489421
2,31,44.00923556734644
2,32,47.0734104690801
2,33,46.84816726448893
2,34,49.67616104909621
2,35,48.52311998521098
2,36,44.76504667918441
2,37,43.11274763666909
2,38,39.629068553441435
2,39,41.25338044517335
2,40,40.14695879112679
2,41,36.697188219276356
2,42,36.0207226733293
2,43,36.73125488197014
2,44,35.05868527770464
2,45,31.73420874242728
2,46,32.416104132388156
2,47,33.19990120162157
2,48,29.90225809165396
2,49,27.992365356206744
2,50,30.193833662468613
2,51,29.65994331130879
2,52,25.857727276514744
2,53,25.62359535392532
2,54,28.429227193608295
2,55,30.764915688445264
2,56,33.43841875258051
2,57,36.304902972501885
2,58,38.817426394116
2,59,40.041490757413776
2,60,38.91382536557276
2,61,38.14761606697153
2,62,38.84945798993336
2,63,42.14299489488676
2,64,41.84540235488815
2,65,40.236614351030425
2,66,37.86922337761581
2,67,37.04427901621074
2,68,36.13491754531904
2,69,34.11965529174215
2,70,32.20088572107522
2,71,31.87137184654183
2,72,30.26221422573784
2,73,27.525430127082164
2,74,26.76686416014973
2,75,26.808337249616233
2,76,24.449099050349215
2,77,21.827625394627564
2,78,22.16567341124366
2,79,21.941324542119947
2,80,18.971166295510127
2,81,16.962849897382142
2,82,17.836847593562258
2,83,17.43563807527001
2,84,13.885659971425405
2,85,13.162571511399042
2,86,14.898677620209854
2,87,12.783996730419505
2,88,9.535707794511719
2,89,11.797353438731346
2,90,13.219868854598928
2,91,10.037909714748407
2,92,9.520496919890142
2,93,13.220747849497181
2,94,13.333715913815535
2,95,11.202060414006182
2,96,13.277443026515373
2,97,16.33191690737122
2,98,16.125051959249216
2,99,16.097351950420723
2,100,18.959873751186397
2,101,20.65922805023235
2,102,20.309456633562494
2,103,18.16326702830773
3,1,6.594127015736106
3,2,3.8047637304636606
3,4,3.8100918853690757
3,5,5.256138009920474
3,6,4.839436410621397
3,7,5.682517228649502
3,8,8.081850225944102
3,9,9.225933506640343
3,10,10.103862637812698
3,11,11.627843989263356
3,12,13.839648660175381
3,13,15.071124550171726
3,14,15.865090892470185
3,15,17.54267253296344
3,16,19.768151405650784
3,17,20.574392916213302
3,18,21.52804259842798
3,19,23.7153389851692
3,20,25.532097280712957
3,21,26.042258087583864
3,22,27.039237154052152
3,23,29.419869645648884
3,24,31.036321189395167
3,25,31.35353661642481
3,26,32.67097054061543
3,27,35.56549080914597
3,28,36.28462401827031
3,29,36.35482534128348
3,30,38.36362551452131
3,31,41.12439735248896
3,32,44.06144481025444
3,33,43.80053909526111
3,34,46.72814070020851
3,35,45.72391777944928
3,36,41.96645864947354
3,37,40.53466691532576
3,38,37.008463842008666
3,39,38.67088549179466
3,40,37.8200293204399
3,41,34.4602172880971
3,42,34.071529052550055
3,43,34.64161104651126
3,44,32.68909867831572
3,45,29.56126275048354
3,46,30.416993514236033
3,47,30.86980980916871
3,48,27.430021234756992
3,49,25.84764598056445
3,50,28.056629343533462
3,51,27.137790455846073
3,52,23.330408883442527
3,53,23.477141919266288
3,54,26.07467174116025
3,55,28.717583894741562
3,56,31.140724982186413
3,57,34.22777255233703
3,58,36.498288171702235
3,59,37.825343287209805
3,60,36.46801437093425
3,61,35.42790850426283
3,62,35.89723971159559
3,63,39.075855911857175
3,64,38.6157619784284
3,65,36.84683868744956
3,66,34.51458037606082
3,67,33.87905906643812
3,68,32.899052776957625
3,69,30.720219059918815
3,70,28.954862005364653
3,71,28.768835726929858
3,72,26.9829209846823
3,73,24.1908845336459
3,74,23.73906229795583
3,75,23.81384695806646
3,76,21.215194872327803
3,77,18.67301579093194
3,78,19.426030004760616
3,79,19.1784072892429
3,80,15.930209630824717
3,81,14.247246165170916
3,82,15.688970797579685
3,83,15.04275872322596
3,84,11.29294624159125
3,85,11.457799932977222
3,86,13.463602556303373
3,87,11.013913100178224
3,88,8.43275367036136
3,89,11.63900573947324
3,90,12.898076592601594
3,91,9.985493318550086
3,92,10.655452212233044
3,93,14.330395696297838
3,94,14.234974968857207
3,95,12.9422048288768
3,96,15.523387656713181
3,97,18.08696117407088
3,98,17.952491163510402
3,99,18.61241784380015
3,100,21.365723036183464
3,101,22.78596550100795
3,102,22.79480565285376
3,103,20.323893157170282
4,1,8.580664058202464
4,2,5.745918038741601
4,3,3.8100918853690757
4,5,3.7990000353166
4,6,5.562152998502938
4,7,5.125731111999241
4,8,5.819984462253677
4,9,8.252417848144427
4,10,9.75916889932698
4,11,10.15690391848502
4,12,12.19405870271658
4,13,14.3153923017948
4,14,15.08991348626309
4,15,15.963817633831225
4,16,18.39914599580581
4,17,19.756979666617664
4,18,20.33744154632433
4,19,22.14818536083088
4,20,24.38979997312909
4,21,25.159797461558192
4,22,25.705860133032555
4,23,27.971415578459457
4,24,29.99065306443296
4,25,30.31293979776143
4,26,31.211819455092193
4,27,34.19769384580444
4,28,35.246568348669456
4,29,35.13389757831663
4,30,36.83756696503286
4,31,39.72903996729279
4,32,42.71339889865039
4,33,42.18863702596502
4,34,44.934587147282954
4,35,43.692357294198885
4,36,39.99348687223729
4,37,38.45767211750618
4,38,35.07415730643024
4,39,37.010475819251795
4,40,36.2140632184471
4,41,32.98185935983938
4,42,32.344015777480394
4,43,32.60337696801574
4,44,30.831677791973593
4,45,27.702172017627024
4,46,28.154871570245465
4,47,28.547830949258227
4,48,25.288881725435804
4,49,23.414566712799335
4,50,25.30176706438883
4,51,24.518814189608843
4,52,20.752747199503688
4,53,20.474982228349592
4,54,23.032073576215012
4,55,25.555720506586525
4,56,28.18814066400265
4,57,31.183865240782136
4,58,33.61843215689784
4,59,35.09772065085238
4,60,33.99585095579436
4,61,33.07581352780156
4,62,33.84121549348732
4,63,37.06793980633223
4,64,36.92584556345048
4,65,35.30642830986789
4,66,33.19256956050638
4,67,32.26073556268398
4,68,31.05606166599583
4,69,29.201062084498044
4,70,27.485627843676387
4,71,26.83840247597983
4,72,25.055861642748447
4,73,22.60209285544088
4,74,21.828015041878622
4,75,21.469455674335507
4,76,19.087207110229805
4,77,16.758403323224716
4,78,16.94143642251911
4,79,16.34944972508598
4,80,13.414221493688846
4,81,11.687288742787054
4,82,12.484370268656628
4,83,11.741653507602525
4,84,8.168353537015017
4,85,7.909409354404196
4,86,9.691621981284
4,87,7.473362895255637
4,88,4.667251583847631
4,89,8.034574790911892
4,90,9.540912977272752
4,91,7.274549999656409
4,92,8.110025591693534
4,93,11.63966252563361
4,94,12.046783798192083
4,95,11.607118135156176
4,96,13.979982595222724
4,97,16.223637699943797
4,98,16.76110745374377
4,99,17.78606619677545
4,100,20.020172864083236
4,101,21.614373469499213
4,102,22.231764355309437
4,103,20.0048405785056
5,1,6.694301777008379
5,2,5.591522964962428
5,3,5.256138009920474
5,4,3.7990000353166
5,6,3.805735392057428
5,7,5.478247071668333
5,8,5.025951168663433
5,9,5.927940625581653
5,10,8.61073257600454
5,11,9.78758381015705
5,12,10.725829795423856
5,13,12.668053283580381
5,14,14.359177378026141
5,15,15.262286474746587
5,16,17.002535320870802
5,17,18.662986869646943
5,18,19.851602725108773
5,19,21.292149876509665
5,20,23.20215533588333
5,21,24.42679545392088
5,22,25.293065593301474
5,23,27.155121028780407
5,24,29.13994976328454
5,25,29.931046212177385
5,26,30.901262039618356
5,27,33.5989653521807
5,28,34.80501960640672
5,29,35.067043989577236
5,30,36.67368234927153
5,31,39.32973711474928
5,32,42.509860251498644
5,33,42.181694696895974
5,34,44.840451184731286
5,35,43.49601166259913
5,36,39.762743839127076
5,37,37.937535316516744
5,38,34.53431021807121
5,39,36.25656517427306
5,40,35.081221457658366
5,41,31.687012939600656
5,42,30.804422702617043
5,43,31.389310897297115
5,44,29.88581651213934
5,45,26.500429346716075
5,46,26.97869590774444
5,47,27.86341026283965
5,48,24.693876339616505
5,49,22.575015641522207
5,50,24.76294376740459
5,51,24.466887105676967
5,52,20.693521690219043
5,53,20.307284467309078
5,54,23.309715308771917
5,55,25.458776505511135
5,56,28.163981527947364
5,57,30.917483413295937
5,58,33.50162727337321
5,59,34.616311542505564
5,60,33.6062003819384
5,61,33.04991467444071
5,62,33.993442533873
5,63,37.411415863231746
5,64,37.38382767457498
5,65,36.080597894252634
5,66,33.73844233883525
5,67,32.5440962171258
5,68,31.69785012891669
5,69,30.033602219056462
5,70,27.893539601388014
5,71,27.261187324660643
5,72,25.97821244052638
5,73,23.380850856663017
5,74,22.115857591790995
5,75,22.155457066921805
5,76,20.25528720292322
5,77,17.455911185108643
5,78,17.261586701866996
5,79,17.34818236527589
5,80,14.810897472693226
5,81,12.204633675851575
5,82,12.797889034334363
5,83,13.146017368179235
5,84,9.860424226534663
5,85,8.360973263863293
5,86,10.892771489077655
5,87,9.87728004277515
5,88,6.436725993450969
5,89,8.698051147008986
5,90,11.345521534646364
5,91,9.541332890539351
5,92,8.830807727351237
5,93,12.503082948105288
5,94,13.810316695968078
5,95,12.939827344431356
5,96,14.468275156160434
5,97,17.260799087333844
5,98,18.18697851016315
5,99,18.521854036451796
5,100,20.58309737664191
5,101,22.731714705369097
5,102,23.18045254435985
5,103,21.41321942811607
6,1,6.675611307709759
6,2,6.390906730026456
6,3,4.839436410621397
6,4,5.562152998502938
6,5,3.805735392057428
6,7,3.801464897195355
6,8,5.450090874555131
6,9,4.805319812458712
6,10,6.203726182449402
6,11,8.588832620843398
6,12,9.935902344252021
6,13,10.799734531546155
6,14,12.33931888288376
6,15,14.119519199218129
6,16,15.740190286010158
6,17,16.719945531822177
6,18,18.223815490626485
6,19,20.116079701725678
6,20,21.60833011186366
6,21,22.497380397040004
6,22,23.796787155646186
6,23,25.81896070416254
6,24,27.38154641935977
6,25,28.129875472117202
6,26,29.52356285044305
6,27,32.139359140988006
6,28,33.000403662261334
6,29,33.437763038315566
6,30,35.356157022262835
6,31,37.87901311397009
6,32,41.001899315576914
6,33,40.951261559728316
6,34,43.807095067724006
6,35,42.743699823425686
6,36,38.946986901612256
6,37,37.27579677379965
6,38,33.70676347817466
6,39,35.13288608350128
6,40,33.969219292665144
6,41,30.475325648132557
6,42,29.968443080532982
6,43,30.84008447517317
6,44,29.042716991769222
6,45,25.734502409671467
6,46,26.743452765257665
6,47,27.57982201514457
6,48,24.167926297362513
6,49,22.519288987371954
6,50,25.109131567545187
6,51,24.539262183168592
6,52,20.734521686085564
6,53,21.033836075565173
6,54,24.03310144280455
6,55,26.411228312914588
6,56,28.72710302386695
6,57,31.651920417254228
6,58,33.93221092941034
6,59,34.85507636187871
6,60,33.46074391416168
6,61,32.71546439321887
6,62,33.284069759818735
6,63,36.64870900642693
6,64,36.27298000759354
6,65,34.85947830720431
6,66,32.26220165944894
6,67,31.346518642430475
6,68,30.787803739898347
6,69,28.81097712943695
6,70,26.559065517833808
6,71,26.43608646347352
6,72,25.22406978613896
6,73,22.238516280109554
6,74,21.278155788295713
6,75,21.883525063118807
6,76,19.808725130509323
6,77,16.692850088992056
6,78,17.191217689328493
6,79,17.814678557456336
6,80,14.934283066088076
6,81,12.322893153117812
6,82,13.943325510847956
6,83,14.477114174480123
6,84,10.95116849896096
6,85,10.372456799258718
6,86,13.428703072142827
6,87,12.17254288967233
6,88,9.343955586063634
6,89,12.177421301250474
6,90,14.60130875620618
6,91,12.599187568801051
6,92,12.42346079822986
6,93,16.14852440787994
6,94,17.081829271229466
6,95,16.024734321169475
6,96,17.861392337905315
6,97,20.699406097024255
6,98,21.249017896380693
6,99,21.55793240791936
6,100,23.92148717861218
6,101,25.898505661894138
6,102,26.057473963133827
6,103,24.028296168408612
7,1,10.110239887115476
7,2,8.689255992774553
7,3,5.682517228649502
7,4,5.125731111999241
7,5,5.478247071668333
7,6,3.801464897195355
7,8,3.8078044038402292
7,9,5.13916017046592
7,10,4.954209218211902
7,11,5.968692398553277
7,12,8.540492914874383
7,13,9.853731682829498
7,14,10.318162229769667
7,15,11.877727218905788
7,16,14.261716446813324
7,17,15.074374685802944
7,18,15.8814126935463
7,19,18.049233636827303
7,20,19.95951629950563
7,21,20.488192239548454
7,22,21.38834036412748
7,23,23.74881386885998
7,24,25.441478610405163
7,25,25.785006792006172
7,26,27.027240751283244
7,27,29.905951382544664
7,28,30.7183589015006
7,29,30.81514439821841
7,30,32.74910660600503
7,31,35.48562239143329
7,32,38.470529013371326
7,33,38.22568045710819
7,34,41.126606728463955
7,35,40.12118633089056
7,36,36.34824177507358
7,37,34.90362010361836
7,38,31.35108533584861
7,39,32.98928235716166
7,40,32.18126106299196
7,41,28.86493762489642
7,42,28.579291170187425
7,43,29.09969716111475
7,44,27.046581288297343
7,45,23.984901985573607
7,46,24.976884756838395
7,47,25.349913268216437
7,48,21.841847427270427
7,49,20.44786517427931
7,50,22.842333852254168
7,51,21.837256772957144
7,52,18.026707324675456
7,53,18.574143429570245
7,54,21.25843718238864
7,55,23.965677724142807
7,56,26.111711619164947
7,57,29.261837794070647
7,58,31.353937473190857
7,59,32.523537057601985
7,60,31.00094079704936
7,61,29.959359991231707
7,62,30.39164123629938
7,63,33.636333806943874
7,64,33.211573995746186
7,65,31.626010259952384
7,66,29.194257133614272
7,67,28.393224105826324
7,68,27.5837290020042
7,69,25.525797604977157
7,70,23.525910769112862
7,71,23.345586333700187
7,72,21.83994354102953
7,73,18.936312934292182
7,74,18.251490783429716
7,75,18.63924787987943
7,76,16.290698389849414
7,77,13.373718780880731
7,78,14.187010567871038
7,79,14.558934964825408
7,80,11.411168029614103
7,81,9.22769930727274
7,82,11.364470141489726
7,83,11.489019811614078
7,84,7.876067470938908
7,85,8.382353125595301
7,86,11.457349096293436
7,87,10.011588820115591
7,88,8.21684021575071
7,89,11.593156628820651
7,90,13.621925065329691
7,91,12.08647672004372
7,92,12.888166661973669
7,93,16.333708911458228
7,94,17.029504357450232
7,95,16.724048633077256
7,96,18.943761697200845
7,97,21.254945918857864
7,98,21.886701935516136
7,99,22.821683040799837
7,100,25.038649226608886
7,101,26.731770688946458
7,102,27.284079104554678
7,103,25.02201615758628
8,1,11.261139988706315
8,2,10.113667253009817
8,3,8.081850225944102
8,4,5.819984462253677
8,5,5.025951168663433
8,6,5.450090874555131
8,7,3.8078044038402292
8,9,3.7850449362893026
8,10,5.473888044782895
8,11,5.068106779661991
8,12,6.4151383694403625
8,13,8.991016257636845
8,14,10.069898977697914
8,15,10.485233610718105
8,16,12.687619809762404
8,17,14.419828578130344
8,18,15.144168405337748
8,19,16.587550724658705
8,20,18.812835857189164
8,21,19.93259035527067
8,22,20.490232835528964
8,23,22.463532711093528
8,24,24.600189594368178
8,25,25.22560574803079
8,26,26.02952247330989
8,27,28.839523476528964
8,28,30.107336974739187
8,29,30.214900289372206
8,30,31.75218129543922
8,31,34.49675137810518
8,32,37.63822141281045
8,33,37.2160646493323
8,34,39.87024908684436
8,35,38.54778331179476
8,36,34.81684864415871
8,37,33.089083735425085
8,38,29.67875016103026
8,39,31.504384295779087
8,40,30.535593168803537
8,41,27.262556029040944
8,42,26.54487474064796
8,43,26.90307350370502
8,44,25.210424096537032
8,45,21.977418450177336
8,46,22.51386547720286
8,47,23.116621204207565
8,48,19.855175901267593
8,49,17.937322630471577
8,50,20.16213043377827
8,51,19.611760950497217
8,52,15.808716946963823
8,53,15.77563942345191
8,54,18.731516115294973
8,55,21.095855529835713
8,56,23.54440982901452
8,57,26.469028550850005
8,58,28.847881312156165
8,59,29.985366373764297
8,60,28.800421708486876
8,61,28.10500627114563
8,62,28.979537440652965
8,63,32.38652741101253
8,64,32.378697386227245
8,65,31.13385411053122
8,66,28.829793305265497
8,67,27.554562250553122
8,68,26.695230331421527
8,69,25.120503726253812
8,70,22.949231846960686
8,71,22.239635173138375
8,72,21.038293554762216
8,73,18.474214488984533
8,74,17.09605724155663
8,75,17.20071384963506
8,76,15.437161511985968
8,77,12.513581636266517
8,78,12.304046917695645
8,79,12.720949202672282
8,80,10.281029371533359
8,81,7.3274009279935886
8,82,8.506068956446104
8,83,9.405629951232312
8,84,6.342095942863909
8,85,5.364906777666111
8,86,8.918787237291317
8,87,8.686551858852031
8,88,6.75236714867036
8,89,9.335197934332482
8,90,12.063004236429348
8,91,11.456701388231853
8,92,11.694335630415372
8,93,14.820253962147442
8,94,16.272874265213446
8,95,16.418730770043126
8,96,18.068420205042482
8,97,20.284902055240337
8,98,21.566352450231005
8,99,22.462005036274043
8,100,24.17411390018688
8,101,26.20439809399548
8,102,27.133783756479417
8,103,25.27261829139408
9,1,10.545115764400068
9,2,10.699293462597263
9,3,9.225933506640343
9,4,8.252417848144427
9,5,5.927940625581653
9,6,4.805319812458712
9,7,5.13916017046592
9,8,3.7850449362893026
9,10,3.796144105236402
9,11,5.585434475551097
9,12,5.443624039067831
9,13,6.803322760772193
9,14,9.052520530530627
9,15,10.167219156609173
9,16,11.362589452906825
9,17,12.963565433226682
9,18,14.610005129281115
9,19,15.943558454205265
9,20,17.491552916390752
9,21,18.873183696334266
9,22,20.05876679269257
9,23,21.707554195126566
9,24,23.51670919441089
9,25,24.58425652144009
9,26,25.733046654286845
9,27,28.192273648061605
9,28,29.383021746510614
9,29,29.96005218822365
9,30,31.598717597764107
9,31,34.02536494042218
9,32,37.30155407411102
9,33,37.23428839999152
9,34,39.920010112483176
9,35,38.68133199451756
9,36,34.89847558944963
9,37,33.003104881807964
9,38,29.489596738760998
9,39,30.91107871003711
9,40,29.575987357063084
9,41,26.07719777880711
9,42,25.3494495578283
9,43,26.231027058486955
9,44,24.632252638050772
9,45,21.198423001777854
9,46,22.107890119331017
9,47,23.18122770326107
9,48,19.895208920652767
9,49,18.061397229259274
9,50,20.809336220014988
9,51,20.578859418226024
9,52,16.852205471254212
9,53,17.13386562608336
9,54,20.406831748689516
9,55,22.498041815141267
9,56,24.749346850260274
9,57,27.50189659830389
9,58,29.818989177706097
9,59,30.496639705744176
9,60,29.18188767721076
9,61,28.719546113259025
9,62,29.519416429785423
9,63,33.03547495140783
9,64,32.913578086173324
9,65,31.88145676040157
9,66,29.238782924360397
9,67,27.920156328982312
9,68,27.569762900229843
9,69,25.980417456784036
9,70,23.391731396700884
9,71,23.036483839986307
9,72,22.33899019907379
9,73,19.4565199238402
9,74,17.86550992039095
9,75,18.696403433205482
9,76,17.286166512827574
9,77,13.882439977687312
9,78,13.794363536233503
9,79,15.102780482385322
9,80,12.912090803055348
9,81,9.545438684141658
9,82,11.00902459700032
9,83,12.6927568632679
9,84,9.933606159074133
9,85,8.69825067345956
9,86,12.371783581907048
9,87,12.423362995416536
9,88,10.087807365300337
9,89,12.271972138242985
9,90,15.354655490342154
9,91,14.493556078326572
9,92,14.073254360394044
9,93,17.398784294508406
9,94,19.085296788691636
9,95,18.69345331966948
9,96,20.030289428364068
9,97,22.68099617029691
9,98,23.92188246650742
9,99,24.31422160870982
9,100,26.13288604450074
9,101,28.427517249795386
9,102,29.02935996194341
9,103,27.322628803653988
10,1,12.653813913174202
10,2,12.520487651453257
10,3,10.103862637812698
10,4,9.75916889932698
10,5,8.61073257600454
10,6,6.203726182449402
10,7,4.954209218211902
10,8,5.473888044782895
10,9,3.796144105236402
10,11,3.808178724553602
10,12,5.196269466728969
10,13,5.086131750528733
10,14,6.153514026817809
10,15,8.360460285379501
10,16,9.986832324935879
10,17,10.572505682706733
10,18,12.106047011441339
10,19,14.175356348620442
10,20,15.55319381677468
10,21,16.295157747762115
10,22,17.68603196684131
10,23,19.749815223690938
10,24,21.203273717250912
10,25,21.947554649589232
10,26,23.436424723154367
10,27,25.99610501733119
10,28,26.804510790646333
10,29,27.329461903984335
10,30,29.292135599330802
10,31,31.73474753305481
10,32,34.864455102992096
10,33,34.934194075816585
10,34,37.838452021909454
10,35,36.905675448752305
10,36,33.08454047160986
10,37,31.496007334553177
10,38,27.84193666819779
10,39,29.115465688700883
10,40,28.04137245971372
10,41,24.573900488922035
10,42,24.38857821457208
10,43,25.30173054131406
10,44,23.236627922239748
10,45,20.079605120627853
10,46,21.507442318647314
10,47,22.192654528389497
10,48,18.6241785027306
10,49,17.483590566774758
10,50,20.43477467487149
10,51,19.64097204045012
10,52,15.948174957023975
10,53,17.05706181321342
10,54,20.02985611787719
10,55,22.51181912908271
10,56,24.271805027860687
10,57,27.299515543102437
10,58,29.198020100856922
10,59,29.869620220669216
10,60,28.120762925888783
10,61,27.277221906369533
10,62,27.619058229512973
10,63,30.993789281306004
10,64,30.503867225900695
10,65,29.25281740581672
10,66,26.467196400768493
10,67,25.499883934429892
10,68,25.27135182010471
10,69,23.326261564103305
10,70,20.7830296974994
10,71,20.913729445696834
10,72,20.110383415396438
10,73,16.899074270419195
10,74,15.805360827764702
10,75,17.085351779611315
10,76,15.3711347277827
10,77,11.80877875576911
10,78,12.667919979273961
10,79,14.321354904978179
10,80,11.77160826722126
10,81,8.853033715356352
10,82,11.49495654723674
10,83,12.940465586791689
10,84,10.175915154197535
10,85,10.271858142450325
10,86,13.94110835181739
10,87,13.596828524154509
10,88,12.032205380633105
10,89,14.804403435322806
10,90,17.42819574730797
10,91,16.476914072714873
10,92,16.779322177997333
10,93,20.124131110732165
10,94,21.370112122824665
10,95,21.114515618971115
10,96,22.90386521330202
10,97,25.376283207466994
10,98,26.33964568662725
10,99,27.02033849128173
10,100,29.041884909208083
10,101,31.051748009620745
10,102,31.62075247729623
10,103,29.585588227276965
11,1,15.181288605412561
11,2,14.340152508981218
11,3,11.627843989263356
11,4,10.15690391848502
11,5,9.78758381015705
11,6,8.588832620843398
11,7,5.968692398553277
11,8,5.068106779661991
11,9,5.585434475551097
11,10,3.808178724553602
11,12,3.806410599431
11,13,5.597939545127297
11,14,5.2577749534690295
11,15,5.938218543777511
11,16,8.692034522505635
11,17,9.795497969423616
11,18,10.223338895047409
11,19,12.138528608202591
11,20,14.333659257587634
11,21,15.04716291751341
11,22,15.659038827311807
11,23,17.893748258622026
11,24,19.834683102544574
11,25,20.275711406101163
11,26,21.274387987824163
11,27,24.124213493056235
11,28,25.187449000916065
11,29,25.307764006728124
11,30,27.030533822375364
11,31,29.74534591611332
11,32,32.82615063237274
11,33,32.54773520081648
11,34,35.351885499789276
11,35,34.2669054394597
11,36,30.48497986824687
11,37,28.959889923253535
11,38,25.405870834810088
11,39,27.071421127752984
11,40,26.296254667469
11,41,23.06096700311418
11,42,22.820086332402436
11,43,23.20921791475805
11,44,21.091272001697554
11,45,18.094641208744928
11,46,19.172718242114986
11,47,19.460920103254796
11,48,15.907284997443117
11,49,14.701272507079047
11,50,17.31902067111693
11,51,16.286380206799443
11,52,12.520503166261639
11,53,13.601695043713015
11,54,16.39499343345924
11,55,19.06187144837392
11,56,20.839393530421443
11,57,23.997771720438326
11,58,25.892273126523033
11,59,26.845824418726476
11,60,25.179487114994956
11,61,24.213370555286204
11,62,24.702766370010178
11,63,28.068212255997
11,64,27.798925304862195
11,65,26.54887661925015
11,66,24.04076689086278
11,67,22.888281612560277
11,68,22.300154180429384
11,69,20.562898043285568
11,70,18.200535366739526
11,71,17.877643579707097
11,72,16.894164312873105
11,73,13.975330347597742
11,74,12.705610689872127
11,75,13.537314260752987
11,76,11.859198860097676
11,77,8.397062991312657
11,78,8.990960345881744
11,79,10.516603367055511
11,80,8.137871200029975
11,81,5.1034094438436215
11,82,8.073785136730304
11,83,9.616723769604766
11,84,7.4756298049737
11,85,8.045526294612628
11,86,11.559851105368331
11,87,11.68787721926409
11,88,11.063289355475533
11,89,13.645909424179951
11,90,16.06365819681715
11,91,15.8430265629828
11,92,16.570740530650202
11,93,19.48321639561561
11,94,20.796644042597446
11,95,21.222958985223773
11,96,23.035938654109763
11,97,25.053735798808038
11,98,26.305976616443985
11,99,27.41044781229058
11,100,29.114131178415114
11,101,31.020279252405796
11,102,32.0265211702326
11,103,30.001979183715655
12,1,15.983355427186865
12,2,15.843826862450245
12,3,13.839648660175381
12,4,12.19405870271658
12,5,10.725829795423856
12,6,9.935902344252021
12,7,8.540492914874383
12,8,6.4151383694403625
12,9,5.443624039067831
12,10,5.196269466728969
12,11,3.806410599431
12,13,3.8056544121504903
12,14,5.523693338624148
12,15,5.077636883417931
12,16,6.348497988538808
12,17,8.637197104674321
12,18,9.83212181556749
12,19,10.669247303209461
12,20,12.622084596082125
12,21,14.252658371070071
12,22,15.021080820545793
12,23,16.51245632748429
12,24,18.65293388102891
12,25,19.75843632451395
12,26,20.575530332156053
12,27,23.044917679957127
12,28,24.503594584078073
12,29,25.01061338674183
12,30,26.40641955075332
12,31,28.862441973028414
12,32,32.188342425375765
12,33,32.01631728456706
12,34,34.59669288056176
12,35,33.27503528257167
12,36,29.503504538569906
12,37,27.566984139602095
12,38,24.07667848945662
12,39,25.60165906325252
12,40,24.36783203481029
12,41,20.984836438215805
12,42,20.286765222864496
12,43,20.937376014274538
12,44,19.26384614601928
12,45,15.891934061509216
12,46,16.817687655469015
12,47,17.76334234671133
12,48,14.457394924185035
12,49,12.73833205380217
12,50,15.673675168727263
12,51,15.429913856054698
12,52,11.815359272594998
12,53,12.540579446400994
12,54,15.859203940825024
12,55,17.897618698988364
12,56,19.79137576902186
12,57,22.563385288579056
12,58,24.681891705138952
12,59,25.222400241284674
12,60,23.786356485132448
12,61,23.36899937532048
12,62,24.241292671157616
12,63,27.827211799661313
12,64,27.876095959780752
12,65,27.132074904431967
12,66,24.519102063530845
12,67,22.882048232456995
12,68,22.664369728682537
12,69,21.424025153333627
12,70,18.610546646413315
12,71,18.04492654983873
12,72,17.819428072368876
12,73,15.10234391957893
12,74,12.958688184129528
12,75,14.093404674112278
12,76,13.413298967335495
12,77,9.851682437313103
12,78,9.30674332357483
12,79,11.577332439000772
12,80,10.31959721365718
12,81,6.6803404413290695
12,82,8.397225673286028
12,83,11.14259191574059
12,84,9.760506529787541
12,85,8.945523033403393
12,86,12.57269919721991
12,87,13.644602701371433
12,88,12.596315776098152
12,89,14.367248329929886
12,90,17.3688395928163
12,91,17.524313744274604
12,92,17.516504110054044
12,93,20.28658609417173
12,94,22.201372993731425
12,95,22.572714654974952
12,96,23.829050712023708
12,97,26.0211130745982
12,98,27.662335905708403
12,99,28.4324489176732
12,100,29.851759672208157
12,101,32.13378291475648
12,102,33.18939340070658
12,103,31.532321854802586
13,1,16.747788053540976
13,2,17.1425316011874
13,3,15.071124550171726
13,4,14.3153923017948
13,5,12.668053283580381
13,6,10.799734531546155
13,7,9.853731682829498
13,8,8.991016257636845
13,9,6.803322760772193
13,10,5.086131750528733
13,11,5.597939545127297
13,12,3.8056544121504903
13,14,3.7930999709638984
13,15,5.4255098188290605
13,16,5.345677821985785
13,17,6.30313018131779
13,18,8.71139662195817
13,19,10.039452292557707
13,20,10.922045427392534
13,21,12.317901000436358
13,22,13.990066546665103
13,23,15.446001133778857
13,24,16.90341200252163
13,25,18.22356217087115
13,26,19.671617509962203
13,27,21.842304572341813
13,28,22.90741035932902
13,29,23.839581712832118
13,30,25.581611447531017
13,31,27.729974460817154
13,32,31.055656913042892
13,33,31.318974210566417
13,34,34.0810435109796
13,35,33.07294961539116
13,36,29.25494956071326
13,37,27.415047043493733
13,38,23.75701606118754
13,39,24.756089552779454
13,40,23.36361924867612
13,41,19.785374396372607
13,42,19.520998711648918
13,43,20.738844400985965
13,44,18.81851786090552
13,45,15.521244452540056
13,46,17.237930740810086
13,47,18.320354427499
13,48,14.8776892529006
13,49,13.882064370063107
13,50,17.291064535089806
13,51,16.914121377692993
13,52,13.583196732961477
13,53,15.066156763606921
13,54,18.227735097265285
13,55,20.25869407868438
13,56,21.63062145900215
13,57,24.38218854359677
13,58,26.12666220931766
13,59,26.276761556888353
13,60,24.442848941467638
13,61,23.95256970637231
13,62,24.395366880378695
13,63,27.920063801455353
13,64,27.583436680441935
13,65,26.853600027649883
13,66,23.861148244856746
13,67,22.48860716401578
13,68,22.817192692036844
13,69,21.298248303124087
13,70,18.20748252710074
13,71,18.37090130490884
13,72,18.477005435831472
13,73,15.323033039410676
13,74,13.498675541622937
13,75,15.524378079329312
13,76,14.853922860562207
13,77,11.068803972067807
13,78,11.420135951378246
13,79,14.216746714620244
13,80,12.7793553218625
13,81,9.58529910073377
13,82,11.934201734013222
13,83,14.48085763233703
13,84,12.8508232547604
13,85,12.50801231750335
13,86,16.19447895879452
13,87,16.863227900586818
13,88,15.644590650823737
13,89,17.744722893159423
13,90,20.71417199094668
13,91,20.442715993150266
13,92,20.427695745786735
13,93,23.471341195140955
13,94,25.220691533785278
13,95,25.23309155280663
13,96,26.607318327796488
13,97,29.038924758149953
13,98,30.42820364411751
13,99,31.015403838478846
13,100,32.69399818229344
13,101,34.9731826183393
13,102,35.74037124824048
13,103,33.96933386714093
14,1,18.79024139769061
14,2,18.57865914268585
14,3,15.865090892470185
14,4,15.08991348626309
14,5,14.359177378026141
14,6,12.33931888288376
14,7,10.318162229769667
14,8,10.069898977697914
14,9,9.052520530530627
14,10,6.153514026817809
14,11,5.2577749534690295
14,12,5.523693338624148
14,13,3.7930999709638984
14,15,3.80021025606271
14,16,5.480693755384498
14,17,4.872931814114923
14,18,6.03102228021995
14,19,8.55720990900485
14,20,9.878234597437423
14,21,10.219590571137637
14,22,11.595884491131251
14,23,13.82786745041236
14,24,15.17899602985592
14,25,15.796625050705865
14,26,17.354244184254213
14,27,19.91216881544012
14,28,20.662273782759158
14,29,21.208182527894643
14,30,23.21204146234545
14,31,25.611061509741006
14,32,28.723031292415875
14,33,28.88198100502645
14,34,31.843740732928726
14,35,31.07267484909161
14,36,27.23861787539622
14,37,25.811518855007186
14,38,22.073478136326923
14,39,23.207732735140162
14,40,22.359819838091212
14,41,19.01456717683497
14,42,19.334950400456602
14,43,20.16962708432758
14,44,17.690242642901598
14,45,14.89299719284237
14,46,16.874960260825972
14,47,17.18810925603413
14,48,13.463150226723204
14,49,13.247269999834172
14,50,16.488360380875534
14,51,15.31180257152462
14,52,12.043648324225263
14,53,14.279100247368547
14,54,16.892348179178448
14,55,19.41922978854872
14,56,20.355508882976785
14,57,23.456119719881844
14,58,24.793424334487696
14,59,25.19925971583696
14,60,23.002110094683243
14,61,21.973490769959287
14,62,21.98745013096265
14,63,25.329987687726003
14,64,24.702663844795865
14,65,23.65115287596152
14,66,20.678276624402862
14,67,19.642305833311966
14,68,19.81527576556656
14,69,17.953406420849443
14,70,15.061476440677286
14,71,15.538541278652428
14,72,15.32344695830486
14,73,11.934882005293757
14,74,10.697512075282631
14,75,12.953615789619194
14,76,11.92216688035841
14,77,8.165317459340407
14,78,9.551242519451607
14,79,12.407054228798668
14,80,10.790922487688205
14,81,8.452505952000609
14,82,11.588828674423048
14,83,13.629046433595144
14,84,12.263237348748557
14,85,12.987708658948875
14,86,16.399508195252942
14,87,16.777250462358452
14,88,16.318863392319845
14,89,18.782104828330066
14,90,21.269962539062874
14,91,21.08708322039721
14,92,21.73215565349586
14,93,24.675249049024874
14,94,26.04998124161134
14,95,26.373827857778096
14,96,28.138147000901455
14,97,30.266702920453024
14,98,31.499580028030902
14,99,32.48699989395233
14,100,34.2397066225003
14,101,36.215691351124335
14,102,37.11564086339085
14,103,35.06863705553006
15,1,20.55441714684848
15,2,20.114655418414223
15,3,17.54267253296344
15,4,15.963817633831225
15,5,15.262286474746587
15,6,14.119519199218129
15,7,11.877727218905788
15,8,10.485233610718105
15,9,10.167219156609173
15,10,8.360460285379501
15,11,5.938218543777511
15,12,5.077636883417931
15,13,5.4255098188290605
15,14,3.80021025606271
15,16,3.811357834301055
15,17,5.26489388558651
15,18,4.973879379441288
15,19,6.207233316651431
15,20,8.740574204388942
15,21,9.803343028452304
15,22,10.09511606240752
15,23,12.015909287559072
15,24,14.224214834726949
15,25,14.920578755859216
15,26,15.668182749101138
15,27,18.36182900992004
15,28,19.726245030353645
15,29,20.01333017959068
15,30,21.485823416781322
15,31,24.069351243166295
15,32,27.292052301761586
15,33,27.083605172947003
15,34,29.78341217392958
15,35,28.653428364618794
15,36,24.84971463512306
15,37,23.203002308367264
15,38,19.602627654762582
15,39,21.16907583868614
15,40,20.368406291929844
15,41,17.195098086707834
15,42,17.0986882194573
15,43,17.441446386538633
15,44,15.183457551733575
15,45,12.27644985844729
15,46,13.70494961858631
15,47,13.945136504073231
15,48,10.294283434433794
15,49,9.642826679848426
15,50,12.765502732478343
15,51,11.7721510283015
15,52,8.42641109033585
15,53,10.56056717484382
15,54,13.288614430516516
15,55,15.656774198338052
15,56,16.69524585795709
15,57,19.741993568790654
15,58,21.252989398819654
15,59,21.75627748572401
15,60,19.808874086363065
15,61,18.98887012563718
15,62,19.478651446633986
15,63,22.994664603164793
15,64,22.867962741172317
15,65,22.134355044874102
15,66,19.46055750822267
15,67,17.846707757813377
15,68,17.775632383765636
15,69,16.52375504164894
15,70,13.570478157447631
15,71,13.211837439505208
15,72,13.286864446333736
15,73,10.463296896994057
15,74,8.215970997343067
15,75,10.148041656575069
15,76,9.937475959607315
15,77,6.321086400457196
15,78,6.432869662998634
15,79,9.77030427364312
15,80,9.221082791700503
15,81,6.777652280753547
15,82,9.210707407146758
15,83,11.82548764013283
15,84,11.483125282817957
15,85,11.875834854804792
15,86,14.962839130888323
15,87,16.10367768628043
15,88,16.09545420628182
15,89,17.990116040133152
15,90,20.507582303413155
15,91,21.009125977614858
15,92,21.601625355318777
15,93,24.121005329202465
15,94,25.796002114827296
15,95,26.578834605719702
15,96,28.08797684132666
15,97,29.93695296348618
15,98,31.557633702388994
15,99,32.69713865356757
15,100,34.06450230051908
15,101,36.12411412864984
15,102,37.380293441730245
15,103,35.5341825117761
16,1,21.752702897572526
16,2,21.93492250523398
16,3,19.768151405650784
16,4,18.39914599580581
16,5,17.002535320870802
16,6,15.740190286010158
16,7,14.261716446813324
16,8,12.687619809762404
16,9,11.362589452906825
16,10,9.986832324935879
16,11,8.692034522505635
16,12,6.348497988538808
16,13,5.345677821985785
16,14,5.480693755384498
16,15,3.811357834301055
16,17,3.807070378077184
16,18,5.473447635411699
16,19,5.0646252187775405
16,20,6.348947392061749
16,21,8.629526531935287
16,22,9.681839583067573
16,23,10.517508083951949
16,24,12.546683092276945
16,25,14.174344646155271
16,26,15.064800552313539
16,27,17.09561172171896
16,28,18.674014918274903
16,29,19.624660380901613
16,30,20.91640528351238
16,31,23.020713065204994
16,32,26.481372477506635
16,33,26.624254536923353
16,34,29.172950131674202
16,35,27.980777542197277
16,36,24.191084030633114
16,37,22.17332001084587
16,38,18.570880754024728
16,39,19.654306614097813
16,40,18.244752048993938
16,41,14.764134464376554
16,42,14.415843782788103
16,43,15.4220306971032
16,44,13.51789073899331
16,45,10.18965783848431
16,46,12.02410409764405
16,47,13.139175226293084
16,48,9.822477842272496
16,49,9.115023607347249
16,50,12.790988354017145
16,51,12.650092181614488
16,52,9.949264104163703
16,53,11.907106972686508
16,54,14.877110026165576
16,55,16.504894676201005
16,56,17.33456525763003
16,57,19.883990792994766
16,58,21.37870896649486
16,59,21.21474208886318
16,60,19.301325930481433
16,61,19.047654808310924
16,62,19.68570576973244
16,63,23.326122730217488
16,64,23.312948599635885
16,65,23.10468612251398
16,66,20.1871831494188
16,67,18.265523487485357
16,68,18.886868771485886
16,69,18.016754355912074
16,70,14.596333415995144
16,71,14.424174967223594
16,72,15.41573430266333
16,73,12.757692026912343
16,74,10.086724048761072
16,75,12.562282485887824
16,76,13.147574464697378
16,77,9.784763957795434
16,78,9.37760052472804
16,79,12.970878529338808
16,80,12.90554564756694
16,81,10.20916143028282
16,82,11.967018567598167
16,83,15.063781976016852
16,84,14.758636232987795
16,85,14.464770346106194
16,86,17.684740406402096
16,87,19.146438156879128
16,88,18.680050777186114
16,89,20.250739729352688
16,90,23.145556986948968
16,91,23.645415985267913
16,92,23.739099803219272
16,93,26.30284870484328
16,94,28.30792085607356
16,95,28.86824814471915
16,96,30.048768560683083
16,97,32.13729915298786
16,98,33.91018095638253
16,99,34.72216616525012
16,100,36.00818577198686
16,101,38.33840498172972
16,102,39.491736057595986
16,103,37.86018777301294
17,1,22.882809117665094
17,2,23.069559375341562
17,3,20.574392916213302
17,4,19.756979666617664
17,5,18.662986869646943
17,6,16.719945531822177
17,7,15.074374685802944
17,8,14.419828578130344
17,9,12.963565433226682
17,10,10.572505682706733
17,11,9.795497969423616
17,12,8.637197104674321
17,13,6.30313018131779
17,14,4.872931814114923
17,15,5.26489388558651
17,16,3.807070378077184
17,18,3.7966462775179752
17,19,5.3286373322188005
17,20,5.2226506301652975
17,21,6.025845965961656
17,22,8.1757685061662
17,23,9.685651374252183
17,24,10.70431817518095
17,25,12.003253978582688
17,26,13.75611387394585
17,27,15.77532128888718
17,28,16.632611451780143
17,29,17.743003867780846
17,30,19.630969941656886
17,31,21.617831521702087
17,32,24.90320848676092
17,33,25.399002067532912
17,34,28.280193343214027
17,35,27.57527215544316
17,36,23.7542688096981
17,37,22.177320774594904
17,38,18.394630584557248
17,39,19.03721554449759
17,40,17.912217627291934
17,41,14.451686278588278
17,42,15.062928570783258
