1,2,3.8423926273449376
1,3,5.784969329406355
1,4,5.618729716615536
1,5,6.278464947073087
1,6,8.983277645355564
1,7,10.53395978987838
1,8,11.599122454560593
1,9,15.359173938397978
1,10,18.593488673582502
1,11,19.918503654725033
1,12,16.701445465413737
1,13,17.296882685204874
1,14,14.774704220614618
1,15,14.986556034701948
1,16,15.240359486272913
1,17,16.37719452559176
1,18,20.12066727102315
1,19,21.54458296229269
1,20,24.87312087043644
1,21,23.94641858601076
1,22,20.253537820989457
1,23,19.735521800117215
1,24,17.657333391796598
1,25,19.806357584288953
1,26,19.534933116112143
1,27,18.988244782578274
1,28,19.15284628954947
1,29,17.31346988830862
1,30,20.302804528167037
1,31,19.38093546712382
1,32,16.86907937059774
1,33,17.87063200632141
1,34,18.875361591367845
1,35,17.088990650522465
1,36,13.589108018597605
1,37,12.96945702549225
1,38,14.407987996392297
1,39,15.72370554723871
1,40,19.065097904549923
1,41,18.97377188724044
1,42,22.080928793494525
1,43,22.355188451802697
1,44,24.083605273609685
1,45,26.665754167689883
1,46,28.21813093675125
1,47,27.238215956830004
1,48,26.197238369058912
1,49,24.065205705260095
1,50,21.77560525622936
1,51,19.400994308394992
1,52,16.003981831623086
1,53,13.034759430425215
1,54,10.03263289219304
1,55,8.320878888491796
1,56,11.26049843370685
1,57,10.790210828971691
1,58,10.36370301401443
1,59,11.49901314729131
1,60,15.262513702985459
2,1,3.8423926273449376
2,3,3.835920087887239
2,4,5.46259147564267
2,5,4.927654970426536
2,6,6.3991949127762044
2,7,9.156084358290501
2,8,10.476370215482774
2,9,13.942960193097527
2,10,17.211009581609222
2,11,19.215324471167307
2,12,16.513137730372108
2,13,17.69659476626548
2,14,15.504834722442961
2,15,15.936584804773998
2,16,15.443220238730133
2,17,16.59155637055701
2,18,20.066118860897305
2,19,21.083801378597446
2,20,24.681310554394063
2,21,24.333275424112998
2,22,20.709532566747615
2,23,20.671195003651565
2,24,18.7027306511269
2,25,20.67405545784213
2,26,20.34429846441715
2,27,19.090294131656474
2,28,18.830708569008955
2,29,16.343195884001073
2,30,18.799626771366924
2,31,17.24144653743038
2,32,14.261349298413577
2,33,14.761546927648018
2,34,15.378482843361244
2,35,13.441315225771094
2,36,10.034917594674994
2,37,9.767520826816746
2,38,11.813974912050462
2,39,13.607750468167339
2,40,17.23138504815241
2,41,17.87100005937925
2,42,21.324891575896885
2,43,22.18405869695142
2,44,24.25864326645087
2,45,27.08182439114333
2,46,28.210567313632737
2,47,26.812070200228053
2,48,25.46385928501439
2,49,22.88645962374138
2,50,20.443848514922234
2,51,17.618955253758827
2,52,14.547034017515262
2,53,11.277828636753098
2,54,8.323397245931442
2,55,7.577457156296424
2,56,11.144995514315923
2,57,10.935974387875055
2,58,11.76715434827244
2,59,13.302579877870317
2,60,17.144543095645396
3,1,5.784969329406355
3,2,3.835920087887239
3,4,3.84064655802198
3,5,5.501495192238507
3,6,5.246465163767628
3,7,7.35287991160306
3,8,9.97423815628775
3,9,13.106039082491
3,10,16.753301665066783
3,11,18.79899171083548
3,12,16.29604451082017
3,13,18.105858441048152
3,14,16.584434685282552
3,15,17.79606981162903
3,16,17.749924096641244
3,17,19.47888673119717
3,18,22.885906412096432
3,19,24.170622322466755
3,20,27.78654548250634
3,21,27.54511296408461
3,22,24.021447572304943
3,23,23.68104375166443
3,24,21.328856678989258
3,25,22.853615226972806
3,26,21.938272390229336
3,27,20.494807886530975
3,28,19.596365189388354
3,29,16.939654749993018
3,30,19.25100344163014
3,31,17.545238645658944
3,32,14.53980079943524
3,33,15.401664574040813
3,34,15.426568004231159
3,35,14.15686551543059
3,36,10.659148261083557
3,37,11.701912489070505
3,38,13.721482445752947
3,39,15.009957474428788
3,40,18.602605610477557
3,41,19.283624565010772
3,42,22.642937716194062
3,43,23.83547007648031
3,44,25.546869510419032
3,45,28.653635607632474
3,46,29.971512021410568
3,47,28.283023617396516
3,48,27.271451571675488
3,49,24.55170744624167
3,50,22.515933289632986
3,51,19.764144544502635
3,52,17.08106962467439
3,53,14.121524069429848
3,54,10.789486062237112
3,55,10.954877925296989
3,56,14.265215518198588
3,57,13.258240282722953
3,58,13.737689254598722
3,59,14.33328518039264
3,60,18.020840992234447
4,1,5.618729716615536
4,2,5.46259147564267
4,3,3.84064655802198
4,5,3.8619513708585993
4,6,5.1999843359290425
4,7,5.336268520267824
4,8,7.506551820877185
4,9,10.939298627100756
4,10,14.561832813386353
4,11,16.00639341483867
4,12,13.140046569552917
4,13,14.771659578660365
4,14,13.38590235973379
4,15,14.974432426562656
4,16,15.558474533311925
4,17,17.798410680741434
4,18,21.234844273621935
4,19,23.070689597295413
4,20,26.51085448141886
4,21,26.089505236831343
4,22,22.71216170931899
4,23,21.815985936529348
4,24,19.054521761657952
4,25,20.22124001088718
4,26,18.94011668360229
4,27,17.724546188520677
4,28,16.79894171276038
4,29,14.574288905863952
4,30,17.333034688590953
4,31,16.30268437233278
4,32,13.939606678835213
4,33,15.683674241757728
4,34,16.42422545949571
4,35,15.72235563555623
4,36,11.933997216758204
4,37,12.750557292039058
4,38,13.738373970981073
4,39,14.12782389847975
4,40,17.378215605264725
4,41,17.367720083932657
4,42,20.38918140082341
4,43,21.346450612794584
4,44,22.65972111137248
4,45,25.77750918286355
4,46,27.428069464679524
4,47,25.854119951394125
4,48,25.25892388426238
4,49,22.83068690096612
4,50,21.1979649378711
4,51,18.95784177996957
4,52,16.25213896332072
4,53,13.88166050040725
4,54,10.151238588018686
4,55,10.544600364038496
4,56,13.113293128299684
4,57,11.214647751269807
4,58,11.029841690230693
4,59,10.932192766505583
4,60,14.471186593000672
5,1,6.278464947073087
5,2,4.927654970426536
5,3,5.501495192238507
5,4,3.8619513708585993
5,6,3.8543647116247888
5,7,5.256926451966959
5,8,5.631990770322227
5,9,9.272002864591395
5,10,12.509054283723005
5,11,14.311019464856003
5,12,11.614740621059058
5,13,13.072452930562457
5,14,11.382434986536431
5,15,12.616407321820784
5,16,12.469993110103223
5,17,14.604812711820562
5,18,17.875764875052734
5,19,19.52311230709391
5,20,23.05988766802865
5,21,22.94514254695217
5,22,19.654290849497315
5,23,19.046995965709854
5,24,16.43858414169823
5,25,17.62316279452528
5,26,16.616476084694266
5,27,15.01744391155224
5,28,14.270321187958618
5,29,11.77455760540436
5,30,14.434220645334445
5,31,13.310912183950066
5,32,10.899356842430203
5,33,12.532417229582782
5,34,13.861134326310918
5,35,13.024467768934453
5,36,9.219563948006769
5,37,9.442735183721211
5,38,9.997705025227155
5,39,10.449659580859638
5,40,13.791812366108172
5,41,13.989961691548807
5,42,17.253227692870325
5,43,18.336488157416962
5,44,20.093224937533904
5,45,23.192255651206565
5,46,24.471903048840915
5,47,22.825232954215558
5,48,21.89434853884938
5,49,19.33924733289247
5,50,17.48632369682638
5,51,15.128651647612553
5,52,12.426132515867337
5,53,10.122166506481095
5,54,6.3490063867034685
5,55,7.4189160376919645
5,56,9.88174753719322
5,57,8.125743528156871
5,58,9.067428144761855
5,59,10.013206447831834
5,60,13.662744937325591
6,1,8.983277645355564
6,2,6.3991949127762044
6,3,5.246465163767628
6,4,5.1999843359290425
6,5,3.8543647116247888
6,7,3.8793802713489334
6,8,5.811406707401639
6,9,8.392334127596941
6,10,11.88526941893209
6,11,14.416651035779125
6,12,12.534854059354926
6,13,14.877597873021417
6,14,13.980047108431126
6,15,15.672837097103121
6,16,15.218591121664764
6,17,17.449240730902275
6,18,20.37312958938505
6,19,21.74379417292584
6,20,25.407183903530232
6,21,25.74581963799237
6,22,22.589782793003874
6,23,22.234535424884164
6,24,19.663361836414456
6,25,20.532474687970208
6,26,19.250541698279875
6,27,17.081651005523433
6,28,15.602460921031458
6,29,12.48291433894492
6,30,14.332828663967497
6,31,12.402577851445148
6,32,9.447420221665116
6,33,10.816329052959343
6,34,11.255871097173475
6,35,10.895752307604283
6,36,7.154788722329965
6,37,8.925565615456676
6,38,10.032186498630463
6,39,10.58594879619037
6,40,14.040040030050905
6,41,15.013399802557435
6,42,18.407970656570093
6,43,20.169692445361964
6,44,21.948453092255935
6,45,25.312809903074086
6,46,26.328500130959014
6,47,24.205137513833332
6,48,23.220609362859484
6,49,20.243389074816466
6,50,18.54625034613876
6,51,15.88624505739781
6,52,13.868789655356263
6,53,11.610976412987155
6,54,8.18734063610735
6,55,10.176836119137775
6,56,12.82849175243903
6,57,11.22028532073414
6,58,12.646973041854144
6,59,13.312296205820557
6,60,16.717834673056508
7,1,10.53395978987838
7,2,9.156084358290501
7,3,7.35287991160306
7,4,5.336268520267824
7,5,5.256926451966959
7,6,3.8793802713489334
7,8,3.842974952613868
7,9,6.129713929414542
7,10,9.936262569958009
7,11,11.870978549828898
7,12,9.903027537957474
7,13,12.644075973862282
7,14,12.497126664973491
7,15,14.98058524500875
7,16,15.318867123719627
7,17,18.199755157615357
7,18,21.043794194104812
7,19,22.988945475497395
7,20,26.44510604812925
7,21,26.65986912646758
7,22,23.708825830353504
7,23,22.76098205960275
7,24,19.722611611803465
7,25,20.011380595154886
7,26,18.078899806449076
7,27,16.00245204680816
7,28,14.040274892863433
7,29,11.286854831136976
7,30,13.407107817793703
7,31,12.178785011151948
7,32,10.157199869550409
7,33,12.610934513650772
7,34,13.360511217833162
7,35,13.885692953032953
7,36,10.295498761660832
7,37,12.135537503635362
7,38,12.294312325240233
7,39,11.661286225608501
7,40,14.519934396408683
7,41,14.785761327518196
7,42,17.6818111722885
7,43,19.41837959785313
7,44,20.56552595568668
7,45,24.084044687426072
7,46,25.49333227470068
7,47,23.311610121760346
7,48,22.94157753813997
7,49,20.21010939858095
7,50,19.183776049122514
7,51,17.13900631418075
7,52,15.368720884916877
7,53,13.844620715371418
7,54,10.21598323098565
7,55,12.357675663008692
7,56,14.27491785279318
7,57,11.702994870902488
7,58,12.368089905897182
7,59,11.930236568135742
7,60,14.86858493384104
8,1,11.599122454560593
8,2,10.476370215482774
8,3,9.97423815628775
8,4,7.506551820877185
8,5,5.631990770322227
8,6,5.811406707401639
8,7,3.842974952613868
8,9,3.810666725004944
8,10,7.1166593820081
8,11,8.878591945517291
8,12,6.724686481969015
8,13,9.299137527720879
8,14,9.220514178313667
8,15,11.805878748878714
8,16,12.017132341454783
8,17,15.176835357195422
8,18,17.73868258167807
8,19,19.900059307279285
8,20,23.21802899455735
8,21,23.56271971732027
8,22,20.88111181955027
8,23,19.79115255422734
8,24,16.658968784196897
8,25,16.588185221918287
8,26,14.563509949330737
8,27,12.241135408491253
8,28,10.263125017502432
8,29,7.526713086847741
8,30,10.028488446355617
8,31,9.445701981449844
8,32,8.215006496174361
8,33,11.293779320227332
8,34,13.09521982552522
8,35,13.807089650272559
8,36,10.369395814223363
8,37,11.428942984595537
8,38,10.416188488274177
8,39,8.88142300950907
8,40,11.29223296800463
8,41,11.089959647753126
8,42,13.874897729599798
8,43,15.591130468983128
8,44,16.794155161479612
8,45,20.327894454802433
8,46,21.65826762094897
8,47,19.481157605580204
8,48,19.16461337719316
8,49,16.562478302553018
8,50,15.748250286281225
8,51,14.118770217276168
8,52,12.531925222535113
8,53,11.780881487238098
8,54,8.392623069056699
8,55,11.05637159183003
8,56,12.037949293784704
8,57,9.02930347833371
8,58,10.08401168665285
8,59,9.874975944236477
8,60,12.503969977725852
9,1,15.359173938397978
9,2,13.942960193097527
9,3,13.106039082491
9,4,10.939298627100756
9,5,9.272002864591395
9,6,8.392334127596941
9,7,6.129713929414542
9,8,3.810666725004944
9,10,3.8168556546125205
9,11,6.315359531047089
9,12,5.907654541805163
9,13,9.385359788313089
9,14,10.630212194360269
9,15,13.622582316604428
9,16,13.695993835662291
9,17,17.062537418644194
9,18,18.998482005051105
9,19,21.161695700583117
9,20,24.331522695112636
9,21,25.116345238629442
9,22,22.848938619656096
9,23,21.73714457119089
9,24,18.564885702804855
9,25,17.80343035057135
9,26,15.337923949665097
9,27,12.453960044327594
9,28,9.504220848679262
9,29,6.508501197171298
9,30,7.875071057168393
9,31,7.336062213884192
9,32,7.148774320751202
9,33,10.784026167445054
9,34,12.533234164347958
9,35,14.26834621983754
9,36,11.454432717621081
9,37,13.069050338635503
9,38,11.521830429353864
9,39,9.130094409578847
9,40,10.629395064615588
9,41,10.625305633885656
9,42,12.953727133038349
9,43,15.351207166761995
9,44,16.252582455994823
9,45,20.010718997232484
9,46,21.1142711615888
9,47,18.43643450173972
9,48,18.41818329830658
9,49,15.667939897606574
9,50,15.577294242099223
9,51,14.329835981738237
9,52,13.744670804995277
9,53,13.763748697825223
9,54,10.969265751645226
9,55,14.176660917683334
9,56,14.7369272252833
9,57,11.701759056885203
9,58,13.015884618261001
9,59,12.518827999422731
9,60,14.37346246995085
10,1,18.593488673582502
10,2,17.211009581609222
10,3,16.753301665066783
10,4,14.561832813386353
10,5,12.509054283723005
10,6,11.88526941893209
10,7,9.936262569958009
10,8,7.1166593820081
10,9,3.8168556546125205
10,11,3.823951040250915
10,12,5.637920493150633
10,13,8.797463244288673
10,14,10.861158729213908
10,15,13.80433065848729
10,16,13.66095909673356
10,17,17.08714126006859
10,18,18.295362373030223
10,19,20.517160064617343
10,20,23.378106597662768
10,21,24.523484113121413
10,22,22.777470234874652
10,23,21.606999206553393
10,24,18.501877074398195
10,25,17.07421671794223
10,26,14.399900886671427
10,27,11.088424399730545
10,28,7.564090202072921
10,29,4.879069613583675
10,30,4.901373393739155
10,31,5.567992883535303
10,32,7.392017643854952
10,33,11.174405653957146
10,34,13.440537906632185
10,35,15.657494886870985
10,36,13.484199108678924
10,37,14.75255301738353
10,38,12.373638735031017
10,39,9.130057768854195
10,40,9.190233482518414
10,41,8.878094643127495
10,42,10.443459213343653
10,43,13.30462290502933
10,44,13.986770919891724
10,45,17.798625789465262
10,46,18.605258299044245
10,47,15.584593010521576
10,48,15.851220671920771
10,49,13.194083202079955
10,50,13.909245048416594
10,51,13.409697051905049
10,52,13.723027979589835
10,53,14.73806204056182
10,54,12.702335284491932
10,55,16.12924783496769
10,56,15.914863202496056
10,57,12.913937346598836
10,58,14.472867207416042
10,59,14.044632483219303
10,60,15.130127405152932
11,1,19.918503654725033
11,2,19.215324471167307
11,3,18.79899171083548
11,4,16.00639341483867
11,5,14.311019464856003
11,6,14.416651035779125
11,7,11.870978549828898
11,8,8.878591945517291
11,9,6.315359531047089
11,10,3.823951040250915
11,12,3.8523727453104795
11,13,6.485067738779355
11,14,9.59679922751588
11,15,12.899746773265443
11,16,13.611213653677014
11,17,17.312725565159038
11,18,18.373899471071145
11,19,21.126033852558162
11,20,23.57932344408511
11,21,24.40978370329048
11,22,22.936645780668456
11,23,21.191945869924904
11,24,17.827061516330918
11,25,15.816558556615517
11,26,12.585748946317805
11,27,9.750945063738104
11,28,6.019290350063312
11,29,5.495384661670646
11,30,6.428325606407365
11,31,8.730585921072008
11,32,10.982156562631195
11,33,14.759196423872876
11,34,17.223708677292162
11,35,19.273883951295183
11,36,16.899767656770738
11,37,17.798020977068283
11,38,15.196637010233195
11,39,11.753939479597584
11,40,11.232400086632337
11,41,9.60302942614216
11,42,9.947591796044929
11,43,12.163177166902544
11,44,11.834286072329133
11,45,15.626227451438872
11,46,17.00365304282891
11,47,14.253148011448951
11,48,15.395606965049843
11,49,13.551016369763719
11,50,14.928243146474061
11,51,15.259154264175763
11,52,15.429288606692078
11,53,16.820075985863056
11,54,14.748055352116905
11,55,17.74633709797029
11,56,16.96534758362105
11,57,13.562875737510296
11,58,14.30835747884827
11,59,13.1386765839721
11,60,13.27107842477102
12,1,16.701445465413737
12,2,16.513137730372108
12,3,16.29604451082017
12,4,13.140046569552917
12,5,11.614740621059058
12,6,12.534854059354926
12,7,9.903027537957474
12,8,6.724686481969015
12,9,5.907654541805163
12,10,5.637920493150633
12,11,3.8523727453104795
12,13,3.7957058946343607
12,14,6.406099962490859
12,15,10.0227009809963
12,16,11.34949560520005
12,17,15.175390877106155
12,18,16.892060131984348
12,19,19.876371626701893
12,20,22.453034789703526
12,21,22.750402433468842
12,22,20.88649599808962
12,23,18.922409699158045
12,24,15.357289119500248
12,25,13.80726115607658
12,26,10.64138002416764
12,27,8.432316952082292
12,28,5.584538860056879
12,29,5.286554054879378
12,30,8.15937055888005
12,31,10.109909451689756
12,32,11.387734968087079
12,33,15.10206387525875
12,34,17.656940684687484
12,35,19.02704188921902
12,36,16.11004496979438
12,37,16.630122076589835
12,38,14.315509004107424
12,39,11.303449173220358
12,40,11.621413513518759
12,41,9.576067925884212
12,42,10.516209631485802
12,43,11.84820382017036
12,44,11.706368906870853
12,45,15.367366684431028
12,46,17.2448229547166
12,47,15.125793080601364
12,48,16.03538377789368
12,49,14.368108690031262
12,50,15.024342395550255
12,51,15.052186408317022
12,52,14.267385244970985
12,53,15.167809270151649
12,54,12.646062801903112
12,55,15.120457964313902
12,56,14.396519191619076
12,57,10.711208037651224
12,58,10.837112188735688
12,59,9.35456760630281
12,60,9.78673042740856
13,1,17.296882685204874
13,2,17.69659476626548
13,3,18.105858441048152
13,4,14.771659578660365
13,5,13.072452930562457
13,6,14.877597873021417
13,7,12.644075973862282
13,8,9.299137527720879
13,9,9.385359788313089
13,10,8.797463244288673
13,11,6.485067738779355
13,12,3.7957058946343607
13,14,3.8026868143059227
13,15,7.267102989507873
13,16,9.351581573181335
13,17,13.158988826489788
13,18,14.714285256364516
13,19,18.09747183409743
13,20,20.2608333022832
13,21,20.18180471814367
13,22,18.565188992149032
13,23,16.150970049514026
13,24,12.479154304407258
13,25,10.544750122710408
13,26,7.119451471609199
13,27,5.7994249020350885
13,28,4.4194808615478625
13,29,6.358787041213528
13,30,9.624769180456571
13,31,12.260834587338561
13,32,13.76272428404502
13,33,17.232842971668216
13,34,20.204134351826056
13,35,21.161500682518824
13,36,18.249653762217147
13,37,18.0229977805984
13,38,15.41256169731407
13,39,12.442713381197668
13,40,12.296420545503878
13,41,9.286850305686427
13,42,9.43009473983753
13,43,9.538600993936567
13,44,8.954904764233937
13,45,12.31190996650469
13,46,14.667388889279781
13,47,13.238059234247682
13,48,14.440970502441022
13,49,13.580269358111842
13,50,14.335776529199446
13,51,15.016797016144807
13,52,13.979048660570728
13,53,15.297823065145112
13,54,13.209216292425271
13,55,15.04870159439032
13,56,13.49027353621145
13,57,9.834258161407401
13,58,9.309499037333847
13,59,7.73594219382658
13,60,7.060909396935278
14,1,14.774704220614618
14,2,15.504834722442961
14,3,16.584434685282552
14,4,13.38590235973379
14,5,11.382434986536431
14,6,13.980047108431126
14,7,12.497126664973491
14,8,9.220514178313667
14,9,10.630212194360269
14,10,10.861158729213908
14,11,9.59679922751588
14,12,6.406099962490859
14,13,3.8026868143059227
14,15,3.7773483876330043
14,16,6.345761962827879
14,17,10.032932818471835
14,18,12.224227256737816
14,19,15.617889321694278
14,20,17.92738813021042
14,21,17.438936958592098
14,22,15.41424077808912
14,23,13.010777233114434
14,24,9.29055203981957
14,25,8.256169177711184
14,26,5.769690869467039
14,27,5.324390821194854
14,28,6.079398354328801
14,29,7.354189717095666
14,30,11.052279983480373
14,31,13.155249762895751
14,32,13.933152558573275
14,33,16.942309725629993
14,34,20.036283019645435
14,35,20.294200732942187
14,36,17.247600897632395
14,37,16.364749985213905
14,38,13.953664963885617
14,39,11.629760085814409
14,40,12.054982244352793
14,41,9.108080663606302
14,42,10.003238394625166
14,43,9.359367272373401
14,44,9.767782587354814
14,45,12.594523661509255
14,46,14.844274304960763
14,47,13.999029031793441
14,48,14.464352347378181
14,49,13.63133201890045
14,50,13.461441023124001
14,51,13.796998059611928
14,52,11.931204798423027
14,53,12.896281373322257
14,54,10.910919530441388
14,55,12.02939405448689
14,56,10.185847714081593
14,57,6.604991560981334
14,58,5.684729638219803
14,59,4.973334785906094
14,60,5.234030518656122
15,1,14.986556034701948
15,2,15.936584804773998
15,3,17.79606981162903
15,4,14.974432426562656
15,5,12.616407321820784
15,6,15.672837097103121
15,7,14.98058524500875
15,8,11.805878748878714
15,9,13.622582316604428
15,10,13.80433065848729
15,11,12.899746773265443
15,12,10.0227009809963
15,13,7.267102989507873
15,14,3.7773483876330043
15,16,3.820239048280248
15,17,6.844481144237042
15,18,9.23619839203115
15,19,12.73315251706967
15,20,14.836526651453553
15,21,13.930638779751549
15,22,11.833153585806715
15,23,9.276155381110105
15,24,5.547399095399187
15,25,5.330300031608769
15,26,4.670974059022266
15,27,5.573556559098651
15,28,8.181746269730354
15,29,9.553604682342288
15,30,12.953131521364496
15,31,14.924449879963985
15,32,15.504613513589238
15,33,17.938087831100145
15,34,21.247985448487164
15,35,20.951557200600604
15,36,18.11184572435392
15,37,16.431396251403402
15,38,13.985644255638999
15,39,12.214439569992937
15,40,12.53203709975397
15,41,9.558906645082194
15,42,10.408570182523066
15,43,8.748422591600278
15,44,9.886645027431907
15,45,11.843547712510816
15,46,13.852834206473844
15,47,13.765276655522166
15,48,13.674966935115993
15,49,13.303402007169515
15,50,12.538408755053508
15,51,13.045778104805752
15,52,10.743766198510611
15,53,11.860566875135618
15,54,10.7226983107419
15,55,10.953371129320209
15,56,8.19602772018213
15,57,5.604598553731515
15,58,4.727397075869211
15,59,5.987817631393228
15,60,6.294428132907263
16,1,15.240359486272913
16,2,15.443220238730133
16,3,17.749924096641244
16,4,15.558474533311925
16,5,12.469993110103223
16,6,15.218591121664764
16,7,15.318867123719627
16,8,12.017132341454783
16,9,13.695993835662291
16,10,13.66095909673356
16,11,13.611213653677014
16,12,11.34949560520005
16,13,9.351581573181335
16,14,6.345761962827879
16,15,3.820239048280248
16,17,3.8519965654329185
16,18,6.27486371819332
16,19,9.388254046454776
16,20,12.01648378558488
16,21,11.77924259690794
16,22,9.550361913263691
16,23,8.058709243334482
16,24,5.244028333349056
16,25,5.8219226247620215
16,26,6.551654652005019
16,27,5.860068487702648
16,28,8.507381264166202
16,29,8.99530422757411
16,30,11.788435509301973
16,31,13.299361953446354
16,32,13.713785323064654
16,33,15.565859831070407
16,34,19.062949937085893
16,35,18.524188014212122
16,36,16.12974321510052
16,37,13.956135892014936
16,38,11.21113569734764
16,39,9.725744624744227
16,40,9.919402520349868
16,41,7.467232620918899
16,42,9.031824673494906
16,43,7.8400171329354835
16,44,10.358616657579391
16,45,12.276726003032133
16,46,13.226614766331883
16,47,12.839029020760513
16,48,11.724717210214283
16,49,10.87899090891445
16,50,9.30956704830886
16,51,9.559578532753472
16,52,7.167599638879798
16,53,8.803420332334127
16,54,8.70531915080409
16,55,9.228243174662515
16,56,5.910661805522356
16,57,4.5544332007975665
16,58,6.265995623001086
16,59,8.911944035952914
16,60,10.027750358399517
17,1,16.37719452559176
17,2,16.59155637055701
17,3,19.47888673119717
17,4,17.798410680741434
17,5,14.604812711820562
17,6,17.449240730902275
17,7,18.199755157615357
17,8,15.176835357195422
17,9,17.062537418644194
17,10,17.08714126006859
17,11,17.312725565159038
17,12,15.175390877106155
17,13,13.158988826489788
17,14,10.032932818471835
17,15,6.844481144237042
17,16,3.8519965654329185
17,18,3.8506985618998018
17,19,6.355942635323407
17,20,9.01837562490234
17,21,8.473691067418297
17,22,5.822310009706483
17,23,5.30890187892569
17,24,4.420533302194705
17,25,6.701507104402092
17,26,9.127898589842758
17,27,9.092231482982013
17,28,12.052528620144594
17,29,12.4089399527659
17,30,14.716010688765532
17,31,15.857484645662613
17,32,15.961036089901222
17,33,17.05093291778072
17,34,20.51919463274534
17,35,19.402790188466753
17,36,17.413619672884337
17,37,14.54045147820468
17,38,12.075426354364236
17,39,11.523772116037385
17,40,11.700503731352294
17,41,9.922307801093883
17,42,11.380672039955002
17,43,9.785444998415814
17,44,12.701974182589144
17,45,13.736780101486522
17,46,14.083273324748106
17,47,14.317332449936693
17,48,12.484121156280576
17,49,11.997751982392952
17,50,9.646488850446872
17,51,9.799400467507377
17,52,7.160962279041707
17,53,8.684885576988068
17,54,9.88411918016325
17,55,9.385559702416767
17,56,5.562860314241674
17,57,6.694207276751104
17,58,8.47265765067211
17,59,11.7373219676519
17,60,12.917291075091507
18,1,20.12066727102315
18,2,20.066118860897305
18,3,22.885906412096432
18,4,21.234844273621935
18,5,17.875764875052734
18,6,20.37312958938505
18,7,21.043794194104812
18,8,17.73868258167807
18,9,18.998482005051105
18,10,18.295362373030223
18,11,18.373899471071145
18,12,16.892060131984348
18,13,14.714285256364516
18,14,12.224227256737816
18,15,9.23619839203115
18,16,6.27486371819332
18,17,3.8506985618998018
18,19,3.843384098662094
18,20,5.757449600623072
18,21,6.255151217983191
18,22,5.417809270871873
18,23,5.5424090132739865
18,24,6.023449728290438
18,25,6.871306767573634
18,26,9.718770296154673
18,27,9.531963817675228
18,28,12.683322802190668
18,29,13.48220430027813
18,30,15.036154014142118
18,31,16.509955411045024
18,32,17.23969401396314
18,33,18.14907741092329
18,34,21.815444687018775
18,35,20.96105409159028
18,36,19.501239357967773
18,37,16.600413174878643
18,38,13.672699714067377
18,39,12.741153806852124
18,40,11.816329954816405
18,41,9.973565009804108
18,42,10.494046026916063
18,43,8.542985178365374
18,44,11.75300671076294
18,45,12.090908208733673
18,46,11.559533800209644
18,47,12.147640661112135
18,48,9.870090857421925
18,49,10.12396116322495
18,50,8.053327046952397
18,51,9.409039293747302
18,52,8.170159595088155
18,53,10.803986473597977
18,54,12.705371883647791
18,55,12.760608889641476
18,56,9.064383776705148
18,57,10.070753631103564
18,58,11.965957087476374
18,59,14.85097388204158
18,60,15.391428210806515
19,1,21.54458296229269
19,2,21.083801378597446
19,3,24.170622322466755
19,4,23.070689597295413
19,5,19.52311230709391
19,6,21.74379417292584
19,7,22.988945475497395
19,8,19.900059307279285
19,9,21.161695700583117
19,10,20.517160064617343
19,11,21.126033852558162
19,12,19.876371626701893
19,13,18.09747183409743
19,14,15.617889321694278
19,15,12.73315251706967
19,16,9.388254046454776
19,17,6.355942635323407
19,18,3.843384098662094
19,20,3.8326750712744078
19,21,5.8304154408761315
19,22,5.395432623226313
19,23,7.701818342858638
19,24,9.354986571111457
19,25,10.681011855877259
19,26,13.530173693657717
19,27,12.96075667712209
19,28,15.723423318338543
19,29,15.92557560048596
19,30,16.93533765892646
19,31,17.797277401517235
19,32,18.179989673604418
19,33,18.293799914940767
19,34,21.797770492033344
19,35,20.562274792170633
19,36,19.70057714259234
19,37,16.431523925295952
19,38,13.783405365260727
19,39,13.626891899694511
19,40,12.780376703922633
19,41,11.989119099112933
19,42,12.890927960895544
19,43,11.591681736515614
19,44,15.051809435731153
19,45,15.244399381606458
19,46,13.975111402402263
19,47,14.413270167715954
19,48,11.394588944989868
19,49,11.299450608115066
19,50,8.47893722154345
19,51,9.242958565564873
19,52,8.429059148210902
19,53,10.84525595283538
19,54,13.68352158784198
19,55,13.573034746497129
19,56,10.316265382493551
19,57,12.341110568441714
19,58,14.751636285986104
19,59,18.00537521814081
19,60,18.952898242319105
20,1,24.87312087043644
20,2,24.681310554394063
20,3,27.78654548250634
20,4,26.51085448141886
20,5,23.05988766802865
20,6,25.407183903530232
20,7,26.44510604812925
20,8,23.21802899455735
20,9,24.331522695112636
20,10,23.378106597662768
20,11,23.57932344408511
20,12,22.453034789703526
20,13,20.2608333022832
20,14,17.92738813021042
20,15,14.836526651453553
20,16,12.01648378558488
20,17,9.01837562490234
20,18,5.757449600623072
20,19,3.8326750712744078
20,21,3.8570896426180066
20,22,6.072530180219863
20,23,8.117782509695514
20,24,10.609858948821362
20,25,11.494902732100615
20,26,14.725240969795454
20,27,14.773424849307657
20,28,17.863637911712356
20,29,18.67782426930926
20,30,19.56790257589484
20,31,20.844282894998923
20,32,21.61450484718739
20,33,21.831452786607546
20,34,25.389354392674772
20,35,24.271362329678276
20,36,23.497497410835205
20,37,20.25340076603592
20,38,17.53942588256552
20,39,17.124085022533897
20,40,15.811534485091055
20,41,14.623511757713889
20,42,14.647259090661406
20,43,12.704411053523472
20,44,15.731127919611673
20,45,14.977774714952496
20,46,13.362752437225712
20,47,14.657891280952718
20,48,11.858077159209444
20,49,12.872583947259765
20,50,10.869374847280934
20,51,12.473972078714796
20,52,12.138262951299025
20,53,14.670205649636806
20,54,17.39892582325661
20,55,17.130261126853117
20,56,13.701370087808765
20,57,15.515138010797157
20,58,17.427949596406787
20,59,20.430295015578896
20,60,20.80453821604687
21,1,23.94641858601076
21,2,24.333275424112998
21,3,27.54511296408461
21,4,26.089505236831343
21,5,22.94514254695217
21,6,25.74581963799237
21,7,26.65986912646758
21,8,23.56271971732027
21,9,25.116345238629442
21,10,24.523484113121413
21,11,24.40978370329048
21,12,22.750402433468842
21,13,20.18180471814367
21,14,17.438936958592098
21,15,13.930638779751549
21,16,11.77924259690794
21,17,8.473691067418297
21,18,6.255151217983191
21,19,5.8304154408761315
21,20,3.8570896426180066
21,22,3.8474162473549827
21,23,5.45330473014914
21,24,8.816939691322796
21,25,10.419446950288584
21,26,14.10909787520114
21,27,15.071571752478915
21,28,18.559625278123733
21,29,19.684863522371977
21,30,21.22721210393121
21,31,22.677204200359306
21,32,23.251402916211823
21,33,23.7597016297601
21,34,27.288269774842924
21,35,25.964556928795982
21,36,24.72776573293389
21,37,21.41689119875602
21,38,18.98417929964521
21,39,18.67251779641527
21,40,17.836033006906955
21,41,16.17147579799092
21,42,16.231338116441858
21,43,13.682383996053382
21,44,16.25000326458484
21,45,15.234534913538207
21,46,14.48314480853747
21,47,16.32015814837603
21,48,14.153632370812304
21,49,15.366251430279705
21,50,13.447029321565386
21,51,14.80960293468456
21,52,13.577458491018104
21,53,15.549256271669723
21,54,17.817508432270152
21,55,16.8511652404794
21,56,13.293026942590231
21,57,15.13534656438931
21,58,16.29310971728894
21,59,19.218869396911057
21,60,19.415482140298444
22,1,20.253537820989457
22,2,20.709532566747615
22,3,24.021447572304943
22,4,22.71216170931899
22,5,19.654290849497315
22,6,22.589782793003874
22,7,23.708825830353504
22,8,20.88111181955027
22,9,22.848938619656096
22,10,22.777470234874652
22,11,22.936645780668456
22,12,20.88649599808962
22,13,18.565188992149032
22,14,15.41424077808912
22,15,11.833153585806715
22,16,9.550361913263691
22,17,5.822310009706483
22,18,5.417809270871873
22,19,5.395432623226313
22,20,6.072530180219863
22,21,3.8474162473549827
22,23,3.8045042660847828
22,24,6.955069094806763
22,25,9.706220145882698
22,26,13.241143435009485
22,27,14.04679205310277
22,28,17.38235638405478
22,29,18.038750061474403
22,30,19.983382890187954
22,31,21.071772685638898
22,32,21.130448823565285
22,33,21.61140535039891
22,34,24.9819382882223
22,35,23.390013499936835
22,36,21.88173707943973
22,37,18.51046329174145
22,38,16.44853623892083
22,39,16.54469024753589
22,40,16.438323190484795
22,41,14.974341917284136
22,42,15.832578605576664
22,43,13.637936935666401
22,44,16.411453818859833
22,45,16.186995641670144
22,46,15.975332189284725
22,47,17.23443672116492
22,48,15.046665764596314
22,49,15.444475069981142
22,50,12.969675502000994
22,51,13.467722791610177
22,52,11.357429243434114
22,53,12.62884102862493
22,54,14.693172528673218
22,55,13.288754901971377
22,56,9.859993754081179
22,57,12.112111642527273
22,58,13.302718755529018
22,59,16.557938270558395
22,60,17.349877038840653
23,1,19.735521800117215
23,2,20.671195003651565
23,3,23.68104375166443
23,4,21.815985936529348
23,5,19.046995965709854
23,6,22.234535424884164
23,7,22.76098205960275
23,8,19.79115255422734
23,9,21.73714457119089
23,10,21.606999206553393
23,11,21.191945869924904
23,12,18.922409699158045
23,13,16.150970049514026
23,14,13.010777233114434
23,15,9.276155381110105
23,16,8.058709243334482
23,17,5.30890187892569
23,18,5.5424090132739865
23,19,7.701818342858638
23,20,8.117782509695514
23,21,5.45330473014914
23,22,3.8045042660847828
23,24,3.7969141298663187
23,25,6.600877197742199
23,26,10.278847178802135
23,27,11.911242696896648
23,28,15.528356420278316
23,29,16.813934608181025
23,30,19.182365485538316
23,31,20.80217933442257
23,32,21.192375137577294
23,33,22.32689605149889
23,34,25.80941010057792
23,35,24.58180388351854
23,36,22.61121069047012
23,37,19.607840791076118
23,38,17.323461708405073
23,39,16.774836909188785
23,40,16.556901890162774
23,41,14.31400824596321
23,42,14.697676870837732
23,43,11.935176748333642
23,44,14.065485385909712
23,45,13.708818294146404
23,46,14.28897330874646
23,47,15.858114834536428
23,48,14.46090389556271
23,49,15.263439828131087
23,50,13.492513655842778
23,51,14.465366422057516
23,52,12.264679834727318
23,53,13.703490538578784
23,54,14.909513945831808
23,55,13.648634860252256
23,56,9.972654924479462
23,57,11.117978069114061
23,58,11.400515981533028
23,59,14.11487210371252
23,60,14.29132673953268
24,1,17.657333391796598
24,2,18.7027306511269
24,3,21.328856678989258
24,4,19.054521761657952
24,5,16.43858414169823
24,6,19.663361836414456
24,7,19.722611611803465
24,8,16.658968784196897
24,9,18.564885702804855
24,10,18.501877074398195
24,11,17.827061516330918
24,12,15.357289119500248
24,13,12.479154304407258
24,14,9.29055203981957
24,15,5.547399095399187
24,16,5.244028333349056
24,17,4.420533302194705
24,18,6.023449728290438
24,19,9.354986571111457
24,20,10.609858948821362
24,21,8.816939691322796
24,22,6.955069094806763
24,23,3.7969141298663187
24,25,3.8221341098876462
24,26,6.947985097801504
24,27,8.780351494331986
24,28,12.337544735001773
24,29,13.811646349253897
24,30,16.57353796093622
24,31,18.423990668269617
24,32,18.943594445499006
24,33,20.614785400119338
24,34,24.097124886446526
24,35,23.22880261238109
24,36,20.87530944208938
24,37,18.322336883817393
24,38,15.896601234873845
24,39,14.830867365881609
24,40,14.74460603685462
24,41,12.057694838479016
24,42,12.483979349221398
24,43,9.797476216084647
24,44,11.574723193024319
24,45,11.945260380519823
24,46,13.258303732881426
24,47,14.348882986122762
24,48,13.530254785283692
24,49,14.024149992689928
24,50,12.674127615507874
24,51,13.609217605443225
24,52,11.264523655224602
24,53,12.695591108569047
24,54,13.036658513923262
24,55,12.231224108686037
24,56,8.589422050089782
24,57,8.461687498824341
24,58,8.259917420628735
24,59,10.595058941887373
24,60,10.625957630277098
25,1,19.806357584288953
25,2,20.67405545784213
25,3,22.853615226972806
25,4,20.22124001088718
25,5,17.62316279452528
25,6,20.532474687970208
25,7,20.011380595154886
25,8,16.588185221918287
25,9,17.80343035057135
25,10,17.07421671794223
25,11,15.816558556615517
25,12,13.80726115607658
25,13,10.544750122710408
25,14,8.256169177711184
25,15,5.330300031608769
25,16,5.8219226247620215
25,17,6.701507104402092
25,18,6.871306767573634
25,19,10.681011855877259
25,20,11.494902732100615
25,21,10.419446950288584
25,22,9.706220145882698
25,23,6.600877197742199
25,24,3.8221341098876462
25,26,3.822513981394064
25,27,6.256540925626143
25,28,10.052033053838247
25,29,12.400178434798658
25,30,14.935929852702243
25,31,17.44392664293932
25,32,18.699727107011807
25,33,20.817303118331417
25,34,24.45259489424485
25,35,24.17549358445745
25,36,21.871382870927018
25,37,19.736067409096343
25,38,16.816672483241547
25,39,14.911618701538401
25,40,14.05758423021534
25,41,10.734575468189618
25,42,10.09805205161907
25,43,6.850546130557219
25,44,7.948469267698266
25,45,8.22180320491329
25,46,9.986357693281859
25,47,11.17970763110311
25,48,11.148264901832517
25,49,12.20974283952837
25,50,11.92460572109882
25,51,13.706803332293006
25,52,12.217293974144292
25,53,14.386611705684142
25,54,14.507380749764534
25,55,14.60065560221286
25,56,11.042872523951338
25,57,9.865453883284111
25,58,9.658095748368241
25,59,10.976783060206914
25,60,9.989739035729002
26,1,19.534933116112143
26,2,20.34429846441715
26,3,21.938272390229336
26,4,18.94011668360229
26,5,16.616476084694266
26,6,19.250541698279875
26,7,18.078899806449076
26,8,14.563509949330737
26,9,15.337923949665097
26,10,14.399900886671427
26,11,12.585748946317805
26,12,10.64138002416764
26,13,7.119451471609199
26,14,5.769690869467039
26,15,4.670974059022266
26,16,6.551654652005019
26,17,9.127898589842758
26,18,9.718770296154673
26,19,13.530173693657717
26,20,14.725240969795454
26,21,14.10909787520114
26,22,13.241143435009485
26,23,10.278847178802135
26,24,6.947985097801504
26,25,3.822513981394064
26,27,3.843893911268889
26,28,7.164633483951853
26,29,10.128493420711662
26,30,12.867993473292646
26,31,15.764939227838024
26,32,17.368725526459265
26,33,20.051152224106776
26,34,23.58769332589882
26,35,23.823965270827376
26,36,21.301149518521
26,37,19.79173413438746
26,38,16.785454190814015
26,39,14.273782362018679
26,40,13.351279551108991
26,41,9.666577511920826
26,42,8.682678739016975
26,43,5.9601356550875995
26,44,5.7694948974850355
26,45,7.377032010616421
26,46,9.967522034757302
26,47,10.323106360333705
26,48,11.243361878792246
26,49,11.95842523775137
26,50,12.455921075890723
26,51,14.213481033098612
26,52,13.025047893565057
26,53,15.152025147028558
26,54,14.498501082361043
26,55,15.266812991901629
26,56,12.213693240014052
26,57,9.858580740232464
26,58,9.311836055489257
26,59,9.451686968502472
26,60,7.859488394071948
27,1,18.988244782578274
27,2,19.090294131656474
27,3,20.494807886530975
27,4,17.724546188520677
27,5,15.01744391155224
27,6,17.081651005523433
27,7,16.00245204680816
27,8,12.241135408491253
27,9,12.453960044327594
27,10,11.088424399730545
27,11,9.750945063738104
27,12,8.432316952082292
27,13,5.7994249020350885
27,14,5.324390821194854
27,15,5.573556559098651
27,16,5.860068487702648
27,17,9.092231482982013
27,18,9.531963817675228
27,19,12.96075667712209
27,20,14.773424849307657
27,21,15.071571752478915
27,22,14.04679205310277
27,23,11.911242696896648
27,24,8.780351494331986
27,25,6.256540925626143
27,26,3.843893911268889
27,28,3.821199202805069
27,29,6.593158668188097
27,30,9.064790409735325
27,31,12.011353583446418
27,32,13.886023483523523
27,33,16.639466735148506
27,34,20.213822162544936
27,35,20.775628894878352
27,36,18.47407746820591
27,37,17.246138258372817
27,38,13.968355132201363
27,39,11.019439723257037
27,40,9.770234569841877
27,41,6.011365723294085
27,42,5.295373388267623
27,43,4.069633332813862
27,44,5.177165405721096
27,45,8.237963559838462
27,46,9.800783982534202
27,47,8.735022705278787
27,48,9.246900191628493
27,49,8.979133558006437
27,50,9.669543412347206
27,51,11.303562861448116
27,52,10.693045299007776
27,53,13.134665102576237
27,54,12.513098109847329
27,55,14.177103085619395
27,56,11.456170855571049
27,57,8.883274737970062
27,58,9.621921884072023
27,59,10.115087051754868
27,60,9.566038977562018
28,1,19.15284628954947
28,2,18.830708569008955
28,3,19.596365189388354
28,4,16.79894171276038
28,5,14.270321187958618
28,6,15.602460921031458
28,7,14.040274892863433
28,8,10.263125017502432
28,9,9.504220848679262
28,10,7.564090202072921
28,11,6.019290350063312
28,12,5.584538860056879
28,13,4.4194808615478625
28,14,6.079398354328801
28,15,8.181746269730354
28,16,8.507381264166202
28,17,12.052528620144594
28,18,12.683322802190668
28,19,15.723423318338543
28,20,17.863637911712356
28,21,18.559625278123733
28,22,17.38235638405478
28,23,15.528356420278316
28,24,12.337544735001773
28,25,10.052033053838247
28,26,7.164633483951853
28,27,3.821199202805069
28,29,3.8151728948498973
28,30,6.16733879783602
28,31,9.424309867723043
28,32,11.733071739251974
28,33,14.976242530603923
28,34,18.31398014175991
28,35,19.495670792353017
28,36,17.19803947299202
28,37,16.752277840683828
28,38,13.52035456213145
28,39,10.059114770393245
28,40,8.796115015035571
28,41,5.5087027034628635
28,42,5.164713184471595
28,43,6.384203200680161
28,44,6.756102149459824
28,45,10.509760439087934
28,46,11.850743435297682
28,47,9.67371581318974
28,48,10.518319000426972
28,49,9.327463340896488
28,50,10.549717815594018
28,51,11.718889579707865
28,52,11.648383211343523
28,53,13.841121841125615
28,54,12.652005822086116
28,55,15.102091179873362
28,56,13.163826347171554
28,57,10.112336988702006
28,58,11.094699650524953
28,59,10.922850298311257
28,60,10.695391861549206
29,1,17.31346988830862
29,2,16.343195884001073
29,3,16.939654749993018
29,4,14.574288905863952
29,5,11.77455760540436
29,6,12.48291433894492
29,7,11.286854831136976
29,8,7.526713086847741
29,9,6.508501197171298
