1,2,3.839078311509102
1,3,6.815934513695806
1,4,10.524727455412846
1,5,12.158350910436305
1,6,9.754960370486918
1,7,12.126396382127398
1,8,11.660029978737102
1,9,14.279952946685663
1,10,14.994954133683487
1,11,17.795973606707577
1,12,20.79321244008799
1,13,23.055247393372614
1,14,26.31377168460542
1,15,26.35170324193696
1,16,23.553095620308042
1,17,22.192163576091637
1,18,18.931972424105616
1,19,19.202822765497668
1,20,17.495914848237973
1,21,15.716929677743774
1,22,14.002547899769715
1,23,11.618249520878445
1,24,14.11250361206449
1,25,13.201356654560273
1,26,11.028720003445066
1,27,13.410702155744962
1,28,13.968497243966686
1,29,14.380645361564547
1,30,10.754454270513536
1,31,12.476832565032847
1,32,12.839223349837168
1,33,12.233426096935945
1,34,15.143738839326163
1,35,15.082117469914326
1,36,17.880561167662076
1,37,19.250709120922128
1,38,20.443884717924508
1,39,23.68405922923179
1,40,25.313415669095136
1,41,23.377132473518255
1,42,23.129912988154615
1,43,20.645821238379824
1,44,19.50840000193355
1,45,17.566654954875055
1,46,15.610368072160599
1,47,14.080188967873678
1,48,10.337926504507767
1,49,12.041458903964008
1,50,13.897700590981525
1,51,11.490000942402766
1,52,10.957723076116975
1,53,9.946404150585828
1,54,12.738875791432228
2,1,3.839078311509102
2,3,3.838297144817302
2,4,7.063398523470834
2,5,8.935924470846007
2,6,6.9438212541190625
2,7,9.57159395315693
2,8,9.371086360975216
2,9,12.203648170187915
2,10,12.541899665926122
2,11,15.539546567070525
2,12,18.111362816064393
2,13,20.409744150025666
2,14,23.57374996740442
2,15,23.951063598982596
2,16,21.49888466474273
2,17,20.213372286454227
2,18,16.93482286090607
2,19,16.749698275031765
2,20,14.927800445505971
2,21,12.600033615591864
2,22,10.575796750673438
2,23,7.859757405337551
2,24,10.292520968375124
2,25,9.608733507937348
2,26,7.9697485802094
2,27,10.982050009765615
2,28,12.358431522998494
2,29,13.26997442912209
2,30,9.666791544914838
2,31,11.217436377676174
2,32,10.501515939707124
2,33,9.031946322148698
2,34,11.555440386855668
2,35,11.421277338193283
2,36,14.198490192693273
2,37,15.874420638387695
2,38,17.211491492624603
2,39,20.571812979962232
2,40,21.923295720015428
2,41,19.772688503566574
2,42,19.488341878237527
2,43,16.935091982011624
2,44,16.039016738261946
2,45,14.357358614006483
2,46,12.844806385345548
2,47,12.077717047371053
2,48,8.661178086423346
2,49,11.32559153200868
2,50,12.404676723882352
2,51,9.695983703777198
2,52,10.025691986609413
2,53,9.258330941471195
2,54,12.012803509246817
3,1,6.815934513695806
3,2,3.838297144817302
3,4,3.852208751603232
3,5,6.2658993552102515
3,6,5.87942987679595
3,7,9.443448624473046
3,8,10.583806713417932
3,9,13.863252389582868
3,10,14.21374292736844
3,11,17.42050300538199
3,12,19.398163983216293
3,13,21.723939918374118
3,14,24.674371412880365
3,15,25.427827535780914
3,16,23.431613277475826
3,17,22.113282977188092
3,18,18.78233680944629
3,19,17.872180051112004
3,20,15.544954278037974
3,21,12.720502538621298
3,22,9.73865899236103
3,23,6.888289545790187
3,24,8.252610013403526
3,25,7.832913672486766
3,26,7.372806626962545
3,27,10.924599740089198
3,28,12.264044678847092
3,29,14.20962932840917
3,30,11.148813056580176
3,31,13.237193810580965
3,32,11.882501507467389
3,33,9.532733326395165
3,34,11.108540505525879
3,35,11.053718129250557
3,36,13.291748640647526
3,37,15.588584156511779
3,38,16.544357178695417
3,39,20.19555777543276
3,40,21.32015327731408
3,41,18.67801211795537
3,42,18.733862214912946
3,43,16.11587097219144
3,44,15.988159339838889
3,45,14.747365193481604
3,46,14.184240490158416
3,47,14.22276501113799
3,48,11.36233984313296
3,49,14.54002487741981
3,50,15.154702497725909
3,51,12.300498995685395
3,52,12.880272929320547
3,53,11.650747492549288
3,54,13.620651464078984
4,1,10.524727455412846
4,2,7.063398523470834
4,3,3.852208751603232
4,5,3.8350167830674033
4,6,5.712831179979985
4,7,8.945665252171256
4,8,10.711481506264102
4,9,13.856247721870755
4,10,13.89414545963273
4,11,17.0774275120567
4,12,18.337514875247308
4,13,20.630970451002213
4,14,23.27173235304397
4,15,24.396204996630548
4,16,22.93229195269643
4,17,21.685313406332362
4,18,18.491882535554907
4,19,16.97237589887389
4,20,14.506098745256631
4,21,11.199722833498711
4,22,7.699256161315598
4,23,4.942352944389464
4,24,4.950088592256434
4,25,5.593602549198743
4,26,7.106282502271956
4,27,10.874428486615141
4,28,12.875287893000271
4,29,15.272106636358552
4,30,12.71433514628588
4,31,14.451747363162161
4,32,12.179433358367598
4,33,8.972694622697924
4,34,9.184603286256316
4,35,8.938429880287192
4,36,10.53787264240831
4,37,13.340852449670807
4,38,14.18852495927013
4,39,17.926443509314716
4,40,18.652184358586403
4,41,15.652237499694651
4,42,15.869545549727686
4,43,13.29769138711905
4,44,13.884494535952454
4,45,13.311443651967283
4,46,13.620437997691704
4,47,14.6448347700415
4,48,12.57168012623232
4,49,16.079534656958437
4,50,15.937593246405998
4,51,13.113249335644458
4,52,14.22700180640948
4,53,13.178441658563242
4,54,14.67165609732147
5,1,12.158350910436305
5,2,8.935924470846007
5,3,6.2658993552102515
5,4,3.8350167830674033
5,6,3.832084492908918
5,7,6.473230103160328
5,8,9.344681326326478
5,9,12.717741455823981
5,10,13.562050885288617
5,11,17.08644638016053
5,12,18.17980360696635
5,13,20.970677241312462
5,14,23.157342573319486
5,15,23.95782985475737
5,16,22.80285590410045
5,17,21.020111963671216
5,18,17.623955153800228
5,19,15.49581628762187
5,20,12.43763586891393
5,21,9.54720810403893
5,22,5.802360296671657
5,23,5.22243336817016
5,24,6.086734852370923
5,25,8.533206605381435
5,26,10.575522525996693
5,27,14.372290633852122
5,28,16.63782312133454
5,29,18.846853918403774
5,30,16.07963937388308
5,31,17.3884579165486
5,32,14.870668796500128
5,33,11.408804795050626
5,34,10.945804790686676
5,35,9.3239392654199
5,36,9.685327124832458
5,37,11.877671777470635
5,38,11.748107903083499
5,39,15.552531894575637
5,40,16.78187998005249
5,41,14.000974131161806
5,42,15.087569089602281
5,43,13.343502470673332
5,44,14.587775625634729
5,45,14.898997609399618
5,46,15.061948574720313
5,47,16.52501872956526
5,48,14.462194512431813
5,49,17.612299635342165
5,50,16.83844811454867
5,51,13.543701053723094
5,52,14.004368527898505
5,53,12.293783860511049
5,54,12.801815753592818
6,1,9.754960370486918
6,2,6.9438212541190625
6,3,5.87942987679595
6,4,5.712831179979985
6,5,3.832084492908918
6,7,3.817092163364455
6,8,6.354202958050786
6,9,10.06819478852278
6,10,11.574492086193267
6,11,15.31081297838542
6,12,17.079305092871447
6,13,20.14713206294095
6,14,22.473935657791387
6,15,22.725105272317425
6,16,21.142456206751888
6,17,19.05838474956824
6,18,15.425561598143808
6,19,13.735806138956834
6,20,10.700110577420286
6,21,8.499701771861746
6,22,5.650174547493634
6,23,5.41422145016071
6,24,8.223690473817218
6,25,10.198757706432527
6,26,11.159768555071444
6,27,14.922688933515754
6,28,17.194858918854305
6,29,18.756671965736036
6,30,15.48437209288101
6,31,16.450821462123955
6,32,14.32894813388977
6,33,11.312543661007249
6,34,11.727220641518674
6,35,9.692656602016326
6,36,10.622562418688439
6,37,11.882057413928628
6,38,11.863594276964578
6,39,15.461851050693241
6,40,17.30463264333156
6,41,15.185514821182089
6,42,16.130948965743944
6,43,14.575511922365274
6,44,15.106371307883066
6,45,15.11508286727921
6,46,14.30349678135718
6,47,15.225608642080292
6,48,12.650509799896328
6,49,15.277162981772529
6,50,14.585870921889114
6,51,10.975333993075646
6,52,10.695641421310667
6,53,8.58103600154498
6,54,9.223355796290404
7,1,12.126396382127398
7,2,9.57159395315693
7,3,9.443448624473046
7,4,8.945665252171256
7,5,6.473230103160328
7,6,3.817092163364455
7,8,3.8283016613853365
7,9,7.268061156207185
7,10,9.54647168805964
7,11,13.3566473389964
7,12,15.010014116035872
7,13,18.456128730837857
7,14,20.363960840882555
7,15,20.188633379261436
7,16,18.82163408669574
7,17,16.2998737997485
7,18,12.591030096771217
7,19,10.533738180098709
7,20,7.199770457753198
7,21,5.933199741892191
7,22,4.572360037582156
7,23,6.535871882911994
7,24,9.7895479603937
7,25,12.391021990083814
7,26,13.555370277463211
7,27,17.122827845702602
7,28,19.836000773935453
7,29,20.976752551350515
7,30,17.644884128751475
7,31,17.859477134366124
7,32,15.488290745169706
7,33,12.520295854371833
7,34,12.492496443837823
7,35,9.498379826592478
7,36,9.670688201491199
7,37,9.69305883299866
7,38,9.212744402279823
7,39,12.47734897994163
7,40,14.857307066825907
7,41,13.445708898516568
7,42,14.710363400134566
7,43,13.952370644965816
7,44,14.541544987129296
7,45,15.18929700215713
7,46,14.05575094629437
7,47,15.350074230895846
7,48,13.166831116308652
7,49,15.205623378566207
7,50,13.692830072731581
7,51,9.972471448812952
7,52,9.239879220996949
7,53,7.109713438058189
7,54,6.820289515764575
8,1,11.660029978737102
8,2,9.371086360975216
8,3,10.583806713417932
8,4,10.711481506264102
8,5,9.344681326326478
8,6,6.354202958050786
8,7,3.8283016613853365
8,9,3.794421838242445
8,10,6.298029022998563
8,11,10.077011207512266
8,12,12.328268152805482
8,13,15.785124080438365
8,14,17.913473257271892
8,15,17.41088217626009
8,16,15.595078074896275
8,17,13.106219176153
8,18,9.340234616678462
8,19,8.173176180331131
8,20,5.872823429354916
8,21,5.246972393845784
8,22,5.939610864819349
8,23,7.186612541212097
8,24,10.921933026067675
8,25,12.916985949905067
8,26,13.35591460163189
8,27,16.471667476613863
8,28,19.353435777200723
8,29,19.800955447988763
8,30,16.38047648963101
8,31,15.891317907014137
8,32,13.719591169428032
8,33,11.366594240314507
8,34,11.883671062276825
8,35,8.957667542250828
8,36,9.944796746319149
8,37,9.29836078343306
8,38,9.903391086052961
8,39,12.558732741777085
8,40,14.865165829047504
8,41,14.0181646424015
8,42,14.521331574542698
8,43,13.700868305236932
8,44,13.35888166022243
8,45,13.647852929941415
8,46,11.71108269985418
8,47,12.655031628210432
8,48,10.581336829763337
8,49,12.004068997079187
8,50,10.200958444279987
8,51,6.488818464574858
8,52,5.672662227584113
8,53,4.668752145725611
8,54,5.750521165094678
9,1,14.279952946685663
9,2,12.203648170187915
9,3,13.863252389582868
9,4,13.856247721870755
9,5,12.717741455823981
9,6,10.06819478852278
9,7,7.268061156207185
9,8,3.794421838242445
9,10,3.82429775494852
9,11,7.097937541078257
9,12,9.51656504226298
9,13,13.116293804130601
9,14,15.005950864788481
9,15,14.019505727026889
9,16,12.116536481495118
9,17,9.392999178604304
9,18,5.589576374287611
9,19,5.131117922726594
9,20,4.601251420045078
9,21,5.529750368932079
9,22,8.149436773635259
9,23,9.61031293013879
9,24,13.074831674526555
9,25,14.948481834078796
9,26,15.247523281877214
9,27,17.83107985085687
9,28,20.969983769245577
9,29,20.871455868650614
9,30,17.630838704779308
9,31,16.313370420878
9,32,14.124975202066189
9,33,12.310126950683443
9,34,12.664646882569665
9,35,9.652047064173727
9,36,10.498654557430765
9,37,8.749464649716657
9,38,9.927954579725155
9,39,11.57079165496288
9,40,13.831992527640962
9,41,13.84162700729387
9,42,13.900954255389179
9,43,13.58701099179296
9,44,12.71398891162507
9,45,13.237966507814772
9,46,10.842287558045175
9,47,11.91090313266572
9,48,10.668328318710008
9,49,11.189222970239616
9,50,8.458428085366474
9,51,5.531040907813597
9,52,5.061255252176872
9,53,6.101951639889271
9,54,7.186444715705585
10,1,14.994954133683487
10,2,12.541899665926122
10,3,14.21374292736844
10,4,13.89414545963273
10,5,13.562050885288617
10,6,11.574492086193267
10,7,9.54647168805964
10,8,6.298029022998563
10,9,3.82429775494852
10,11,3.8266195595089685
10,12,6.360641019421027
10,13,9.65529219705729
10,14,12.055811010421912
10,15,11.673348231887335
10,16,9.602670379443135
10,17,7.910347540384702
10,18,4.900466690241271
10,19,5.4279811679958785
10,20,6.5386809044124385
10,21,5.9685952803711775
10,22,8.667152594260672
10,23,9.228279672545844
10,24,12.140767781847465
10,25,13.497791118463805
10,26,13.649520526859584
10,27,15.647071750119787
10,28,19.025861542081753
10,29,18.649101229127645
10,30,15.801734021718744
10,31,13.940478250571703
10,32,11.461790466320593
10,33,9.992053500017267
10,34,10.22754675202913
10,35,7.735496234132981
10,36,9.27295886355836
10,37,7.912928465891218
10,38,10.469125011244849
10,39,11.931599676250068
10,40,13.17520575413629
10,41,13.003937215001084
10,42,12.037419753163705
10,43,11.283505572697651
10,44,9.611174234049289
10,45,9.883720693304667
10,46,7.327311935709108
10,47,8.831203370700669
10,48,8.640417530465221
10,49,9.349440638769659
10,50,6.0193509117751285
10,51,4.3317306104011335
10,52,6.444641501882354
10,53,8.844612379248806
10,54,10.7941662146773
11,1,17.795973606707577
11,2,15.539546567070525
11,3,17.42050300538199
11,4,17.0774275120567
11,5,17.08644638016053
11,6,15.31081297838542
11,7,13.3566473389964
11,8,10.077011207512266
11,9,7.097937541078257
11,10,3.8266195595089685
11,12,3.824441040940588
11,13,6.518989294094129
11,14,9.106742495131602
11,15,8.571534018324364
11,16,6.024878531138109
11,17,5.45781857563321
11,18,4.431217507824166
11,19,6.641912866477878
11,20,9.299338541529748
11,21,9.163374761108269
11,22,12.07899368281636
11,23,12.398011609369664
11,24,14.782716985663212
11,25,15.705431973441321
11,26,15.599589857828933
11,27,16.81740258007205
11,28,20.233955427169164
11,29,19.296728327147047
11,30,16.907013750769103
11,31,14.295534770002268
11,32,12.028931925829006
11,33,11.467410878338
11,34,11.636154741678592
11,35,9.86967406671075
11,36,11.386850534663255
11,37,9.776148501293962
11,38,12.781227289124693
11,39,13.364545843146178
11,40,13.96970922341566
11,41,14.362283744264646
11,42,12.627358636925955
11,43,12.093249308804861
11,44,9.637464575496132
11,45,9.781689430993366
11,46,7.004568611862843
11,47,8.42303019963526
11,48,9.620300180477788
11,49,9.40439627689831
11,50,5.5842491921899935
11,51,6.416480314240421
11,52,8.902503881094416
11,53,12.012495743769804
11,54,14.056601227293813
12,1,20.79321244008799
12,2,18.111362816064393
12,3,19.398163983216293
12,4,18.337514875247308
12,5,18.17980360696635
12,6,17.079305092871447
12,7,15.010014116035872
12,8,12.328268152805482
12,9,9.51656504226298
12,10,6.360641019421027
12,11,3.824441040940588
12,13,3.8391866296527897
12,14,5.704091499580845
12,15,6.140017591417891
12,16,5.341639127695685
12,17,5.738854712466513
12,18,6.1933536150488555
12,19,7.035153599870438
12,20,10.02307350864474
12,21,9.716036241587087
12,22,12.788638580221718
12,23,13.495533133335345
12,24,15.12041832991626
12,25,16.34508094883644
12,26,16.90521533956063
12,27,17.948119891499132
12,28,21.599399708060556
12,29,20.917231900672515
12,30,18.97617031161324
12,31,16.358602553640193
12,32,13.58481906714143
12,33,12.674209480447175
12,34,11.741914239337776
12,35,9.950675466882316
12,36,10.565079564442659
12,37,8.665570630024158
12,38,11.927049902281922
12,39,11.810677596342002
12,40,11.536420268988412
12,41,12.296231296253927
12,42,10.10251453752694
12,43,10.245282549321793
12,44,8.041578880957088
12,45,9.350275098573743
12,46,7.925217500185449
12,47,10.470351260181033
12,48,12.40944494999523
12,49,12.720023910697106
12,50,9.046809895640605
12,51,9.8233931609222
12,52,12.400549543132552
12,53,15.11482731572725
12,54,16.694189585771095
13,1,23.055247393372614
13,2,20.409744150025666
13,3,21.723939918374118
13,4,20.630970451002213
13,5,20.970677241312462
13,6,20.14713206294095
13,7,18.456128730837857
13,8,15.785124080438365
13,9,13.116293804130601
13,10,9.65529219705729
13,11,6.518989294094129
13,12,3.8391866296527897
13,14,3.8361827372481434
13,15,5.868408420413087
13,16,5.504677276234035
13,17,7.997522992374171
13,18,9.57336108970754
13,19,10.836811564281025
13,20,13.830030826036973
13,21,13.179750018198828
13,22,15.877629025358276
13,23,16.02601921161401
13,24,17.092891361292875
13,25,17.72321767951729
13,26,18.039277796172794
13,27,18.30011708611125
13,28,21.851349956069274
13,29,20.81341222052065
13,30,19.489878141626324
13,31,16.48323132681125
13,32,13.921146496971813
13,33,13.747652223630276
13,34,12.813951654374561
13,35,12.050024425486006
13,36,12.958039936228985
13,37,11.680872954052859
13,38,15.154390956118913
13,39,14.852371940887975
13,40,13.794456354359061
13,41,14.45489262820544
13,42,11.51867626200024
13,43,11.354919034729878
13,44,8.538221712638856
13,45,9.341157805063533
13,46,8.454590785673652
13,47,10.779429217565584
13,48,13.651888588234693
13,49,13.767432321019001
13,50,10.533846734393425
13,51,12.336778332149285
13,52,15.32899903329194
13,53,18.371157017289594
13,54,20.280699024615345
14,1,26.31377168460542
14,2,23.57374996740442
14,3,24.674371412880365
14,4,23.27173235304397
14,5,23.157342573319486
14,6,22.473935657791387
14,7,20.363960840882555
14,8,17.913473257271892
14,9,15.005950864788481
14,10,12.055811010421912
14,11,9.106742495131602
14,12,5.704091499580845
14,13,3.8361827372481434
14,15,3.8468421178637087
14,16,6.1114733290219725
14,17,8.392070397492814
14,18,10.770788134315099
14,19,11.515650998639117
14,20,14.76585976116087
14,21,14.70684565272606
14,22,17.730632366779407
14,23,18.527688014363275
14,24,19.453721769540927
14,25,20.560783500278905
14,26,21.32385745871984
14,27,21.75642667799076
14,28,25.38718178978702
14,29,24.519900137906557
14,30,23.224162370705717
14,31,20.295022625709404
14,32,17.611132780219293
14,33,17.09836223482252
14,34,15.652156161472028
14,35,14.436199485724057
14,36,14.411461112992995
14,37,12.497630360784434
14,38,15.484243210570842
14,39,14.248664011857645
14,40,12.848949033425466
14,41,14.36621217185378
14,42,11.680668932296129
14,43,12.653836677183547
14,44,10.723961760134603
14,45,12.446007262399641
14,46,12.058174970514749
14,47,14.580449548345394
14,48,17.293485487628903
14,49,17.32894150559176
14,50,13.888937733813156
14,51,15.358416743497871
14,52,17.933968154668065
14,53,20.732399116840785
14,54,22.10237297960692
15,1,26.35170324193696
15,2,23.951063598982596
15,3,25.427827535780914
15,4,24.396204996630548
15,5,23.95782985475737
15,6,22.725105272317425
15,7,20.188633379261436
15,8,17.41088217626009
15,9,14.019505727026889
15,10,11.673348231887335
15,11,8.571534018324364
15,12,6.140017591417891
15,13,5.868408420413087
15,14,3.8468421178637087
15,16,3.8727401212846684
15,17,5.651504137742397
15,18,8.905333422883617
15,19,10.293530630046881
15,20,13.988255184213676
15,21,14.87023257543638
15,22,18.33219894347468
15,23,19.503097986689248
15,24,21.077782028965814
15,25,22.40036389111875
15,26,22.945661260326464
15,27,23.683223889825044
15,28,27.262470294872223
15,29,26.209265534928505
15,30,24.499941819406747
15,31,21.49618437673399
15,32,19.112094629630295
15,33,18.660954682594713
15,34,17.67250767279737
15,35,15.93642567321995
15,36,15.908358030877864
15,37,13.329180333884402
15,38,15.83836770424198
15,39,14.2776638148051
15,40,13.804340350196371
15,41,15.890405604048855
15,42,13.890079611956907
15,43,15.11727032249908
15,44,13.272874675501964
15,45,14.79465754382643
15,46,13.530957010631061
15,47,15.529431184837227
15,48,17.768759163911568
15,49,17.157018032932346
15,50,13.542765001338923
15,51,14.950213185248836
15,52,16.86107726636933
15,53,19.67704059303658
15,54,20.772052208921103
16,1,23.553095620308042
16,2,21.49888466474273
16,3,23.431613277475826
16,4,22.93229195269643
16,5,22.80285590410045
16,6,21.142456206751888
16,7,18.82163408669574
16,8,15.595078074896275
16,9,12.116536481495118
16,10,9.602670379443135
16,11,6.024878531138109
16,12,5.341639127695685
16,13,5.504677276234035
16,14,6.1114733290219725
16,15,3.8727401212846684
16,17,3.8425342920753836
16,18,7.012309976534554
16,19,9.650744369256937
16,20,13.330403339917932
16,21,14.106657053011379
16,22,17.44951423238958
16,23,18.15564891437163
16,24,20.16027263239674
16,25,21.093990653812753
16,26,21.061935786031615
16,27,21.71966869886202
16,28,25.11118872021382
16,29,23.739739933552
16,30,21.846858647590196
16,31,18.712878439150398
16,32,16.764489170527753
16,33,16.769643519596436
16,34,16.54424529570479
16,35,15.023900183517949
16,36,15.823870586155701
16,37,13.559965494852618
16,38,16.322660105421857
16,39,15.522692650071638
16,40,15.606987962668137
16,41,17.128418799974533
16,42,15.08662878438999
16,43,15.501905204272942
16,44,13.043252096824636
16,45,13.667652549137797
16,46,11.520754625520647
16,47,12.763586487301248
16,48,14.823058116784685
16,49,13.701841354134551
16,50,10.217339805193605
16,51,12.096134970125565
16,52,14.001731597037608
16,53,17.197186328834096
16,54,18.772679136543744
17,1,22.192163576091637
17,2,20.213372286454227
17,3,22.113282977188092
17,4,21.685313406332362
17,5,21.020111963671216
17,6,19.05838474956824
17,7,16.2998737997485
17,8,13.106219176153
17,9,9.392999178604304
17,10,7.910347540384702
17,11,5.45781857563321
17,12,5.738854712466513
17,13,7.997522992374171
17,14,8.392070397492814
17,15,5.651504137742397
17,16,3.8425342920753836
17,18,3.8271011690351795
17,19,6.5995339572038
17,20,10.35093493463591
17,21,11.946970715840456
17,22,15.559821028260258
17,23,16.861676805423638
17,24,19.320855668732584
17,25,20.767243143787216
17,26,20.957540954470655
17,27,22.260167470722116
17,28,25.68857115418604
17,29,24.647695806031532
17,30,22.25954410475742
17,31,19.52189929486436
17,32,17.44571838613646
17,33,16.85970901000223
17,34,16.631715823199087
17,35,14.357165642739886
17,36,14.76979523925605
17,37,11.971795080219374
17,38,14.096038695996832
17,39,13.25849455716968
17,40,14.21549185394584
17,41,15.963443442485806
17,42,14.727921925612634
17,43,15.486528698725504
17,44,13.641490056203509
17,45,14.63258634015878
17,46,12.286587312275474
17,47,13.617274518751325
17,48,14.772785561783378
17,49,13.771065207044124
17,50,10.072710626594922
17,51,10.831053362917592
17,52,11.884595925945147
17,53,14.628232540299281
17,54,15.656041466268135
18,1,18.931972424105616
18,2,16.93482286090607
18,3,18.78233680944629
18,4,18.491882535554907
18,5,17.623955153800228
18,6,15.425561598143808
18,7,12.591030096771217
18,8,9.340234616678462
18,9,5.589576374287611
18,10,4.900466690241271
18,11,4.431217507824166
18,12,6.1933536150488555
18,13,9.57336108970754
18,14,10.770788134315099
18,15,8.905333422883617
18,16,7.012309976534554
18,17,3.8271011690351795
18,19,3.8505375379488607
18,20,7.085112630878047
18,21,8.802203499751027
18,22,12.335841437489409
18,23,13.778821856354053
18,24,16.628337936897914
18,25,18.283238443707905
18,26,18.52639212764644
18,27,20.334533329433455
18,28,23.70913659845946
18,29,23.00634710020592
18,30,20.23942085947159
18,31,17.97201839732041
18,32,15.800568577839192
18,33,14.73519819737256
18,34,14.701501048902522
18,35,12.02261120543436
18,36,12.548717453086288
18,37,9.865012630948815
18,38,11.717809124078226
18,39,11.70006595072666
18,40,13.332885474286599
18,41,14.523952332454845
18,42,13.815435350560525
18,43,14.237352408180312
18,44,12.729657484209548
18,45,13.619204572703515
18,46,11.0937572564224
18,47,12.399414781112204
18,48,12.67866709619497
18,49,12.139260255331486
18,50,8.488652650249763
18,51,7.98274780423104
18,52,8.588291949025074
18,53,10.977849761606393
18,54,11.94712344583468
19,1,19.202822765497668
19,2,16.749698275031765
19,3,17.872180051112004
19,4,16.97237589887389
19,5,15.49581628762187
19,6,13.735806138956834
19,7,10.533738180098709
19,8,8.173176180331131
19,9,5.131117922726594
19,10,5.4279811679958785
19,11,6.641912866477878
19,12,7.035153599870438
19,13,10.836811564281025
19,14,11.515650998639117
19,15,10.293530630046881
19,16,9.650744369256937
19,17,6.5995339572038
19,18,3.8505375379488607
19,20,3.8335434348484903
19,21,6.110385300269097
19,22,9.9062735419674
19,23,12.223695872552716
19,24,14.847042170601632
19,25,17.193731700550906
19,26,18.185563466846585
19,27,20.466892857515912
19,28,23.98639194124007
19,29,23.89333163390213
19,30,21.095211210190016
19,31,19.319533234807786
19,32,16.622637500766533
19,33,14.700142745376866
19,34,13.909011418835403
19,35,10.5771581248831
19,36,10.059023248389767
19,37,6.837020280206197
19,38,8.021373599414833
19,39,8.002565372061389
19,40,10.09057379643924
19,41,11.318828507550649
19,42,11.38487841901837
19,43,12.363561649602595
19,44,11.887991225035313
19,45,13.616341837329491
19,46,11.92584415996295
19,47,14.018689324516863
19,48,14.062045597936294
19,49,14.46165618656196
19,50,10.917485491387234
19,51,9.351246866544804
19,52,9.826442780245976
19,53,11.098311554922164
19,54,11.230789126651567
20,1,17.495914848237973
20,2,14.927800445505971
20,3,15.544954278037974
20,4,14.506098745256631
20,5,12.43763586891393
20,6,10.700110577420286
20,7,7.199770457753198
20,8,5.872823429354916
20,9,4.601251420045078
20,10,6.5386809044124385
20,11,9.299338541529748
20,12,10.02307350864474
20,13,13.830030826036973
20,14,14.76585976116087
20,15,13.988255184213676
20,16,13.330403339917932
20,17,10.35093493463591
20,18,7.085112630878047
20,19,3.8335434348484903
20,21,3.837331463163427
20,22,7.160556214138672
20,23,10.165481888447456
20,24,12.955434551928828
20,25,15.763798052523518
20,26,17.10465408664146
20,27,19.947792607793165
20,28,23.32711897449814
20,29,23.756959099043964
20,30,20.73822187999162
20,31,19.632115211157334
20,32,16.848688470912293
20,33,14.312412901112966
20,34,13.450343699432958
20,35,9.748982307693224
20,36,8.811426715114472
20,37,6.054820090017125
20,38,5.881204564600581
20,39,7.244695274234572
20,40,10.06987383543999
20,41,10.48113609178339
20,42,11.522234948983016
20,43,12.276979522929901
20,44,12.606413529333109
20,45,14.346274585137751
20,46,13.000562099162181
20,47,15.085628673679281
20,48,14.348511144188636
20,49,15.40122006983071
20,50,12.371612068833356
20,51,9.708381647373779
20,52,9.56629187942607
20,53,9.518926834179751
20,54,8.950130626256403
21,1,15.716929677743774
21,2,12.600033615591864
21,3,12.720502538621298
21,4,11.199722833498711
21,5,9.54720810403893
21,6,8.499701771861746
21,7,5.933199741892191
21,8,5.246972393845784
21,9,5.529750368932079
21,10,5.9685952803711775
21,11,9.163374761108269
21,12,9.716036241587087
21,13,13.179750018198828
21,14,14.70684565272606
21,15,14.87023257543638
21,16,14.106657053011379
21,17,11.946970715840456
21,18,8.802203499751027
21,19,6.110385300269097
21,20,3.837331463163427
21,22,3.819675872956871
21,23,6.619925754116177
21,24,9.161921735935854
21,25,12.012677142232805
21,26,13.644592962217285
21,27,16.558212346764048
21,28,19.989221264084538
21,29,20.741628189443116
21,30,17.905573072290498
21,31,17.101252980828413
21,32,14.010756126047374
21,33,11.04839998280474
21,34,9.868888145863012
21,35,6.099609367810655
21,36,5.4233888316504455
21,37,4.085212777205489
21,38,5.253645142841081
21,39,8.068117729595633
21,40,9.791348979784486
21,41,8.824053163842665
21,42,9.439264129489658
21,43,9.272768870276913
21,44,9.784969601167633
21,45,11.401046449558564
21,46,10.63232236584951
21,47,13.051725310168855
21,48,12.353402174569078
21,49,14.27361373493691
21,50,11.579633345790919
21,51,8.79763025368947
21,52,9.744133623753067
21,53,9.832210799630081
21,54,10.231539796121206
22,1,14.002547899769715
22,2,10.575796750673438
22,3,9.73865899236103
22,4,7.699256161315598
22,5,5.802360296671657
22,6,5.650174547493634
22,7,4.572360037582156
22,8,5.939610864819349
22,9,8.149436773635259
22,10,8.667152594260672
22,11,12.07899368281636
22,12,12.788638580221718
22,13,15.877629025358276
22,14,17.730632366779407
22,15,18.33219894347468
22,16,17.44951423238958
22,17,15.559821028260258
22,18,12.335841437489409
22,19,9.9062735419674
22,20,7.160556214138672
22,21,3.819675872956871
22,23,3.836500299468797
22,24,6.224892083091335
22,25,9.438598571585986
22,26,11.503014195650833
22,27,14.872265595284428
22,28,18.039309563588095
22,29,19.406471965777612
22,30,16.588435417123307
22,31,16.590890912644642
22,32,13.511792701221921
22,33,10.042499095792813
22,34,8.860862111078145
22,35,5.568222884573567
22,36,5.230919247827722
22,37,6.337410960566508
22,38,6.8233582210910315
22,39,10.464068772411027
22,40,11.813563541526488
22,41,9.68198056789857
22,42,10.571405115306849
22,43,9.521301661250996
22,44,10.579855417041937
22,45,11.73599482339228
22,46,11.55936906317674
22,47,13.765357476984663
22,48,12.517636754664021
22,49,15.180371080998098
22,50,13.269757207140717
22,51,10.153446334582588
22,52,11.076470236673007
22,53,10.366136551239396
22,54,10.883348659175454
23,1,11.618249520878445
23,2,7.859757405337551
23,3,6.888289545790187
23,4,4.942352944389464
23,5,5.22243336817016
23,6,5.41422145016071
23,7,6.535871882911994
23,8,7.186612541212097
23,9,9.61031293013879
23,10,9.228279672545844
23,11,12.398011609369664
23,12,13.495533133335345
23,13,16.02601921161401
23,14,18.527688014363275
23,15,19.503097986689248
23,16,18.15564891437163
23,17,16.861676805423638
23,18,13.778821856354053
23,19,12.223695872552716
23,20,10.165481888447456
23,21,6.619925754116177
23,22,3.836500299468797
23,24,3.8382709930754033
23,25,6.010818315577276
23,26,7.695708684943407
23,27,11.178708056966176
23,28,14.22999226931854
23,29,15.720750874409559
23,30,12.968409491835468
23,31,13.358768793308812
23,32,10.385753295885577
23,33,6.815685180466898
23,34,6.379848529866522
23,35,4.568808078518262
23,36,6.488652657037906
23,37,8.814420011193281
23,38,10.31912764719979
23,39,13.82944013281616
23,40,14.58332712775502
23,41,12.043696525858156
23,42,11.95693609588059
23,43,9.678335359575087
23,44,9.947864214153652
23,45,9.927546756404
23,46,9.852595858611588
23,47,11.579171507748248
23,48,10.08668486407285
23,49,13.341028416755337
23,50,12.217191594349412
23,51,9.392281066781635
23,52,11.011012566894426
23,53,10.750193931211601
23,54,12.367080005470005
24,1,14.11250361206449
24,2,10.292520968375124
24,3,8.252610013403526
24,4,4.950088592256434
24,5,6.086734852370923
24,6,8.223690473817218
24,7,9.7895479603937
24,8,10.921933026067675
24,9,13.074831674526555
24,10,12.140767781847465
24,11,14.782716985663212
24,12,15.12041832991626
24,13,17.092891361292875
24,14,19.453721769540927
24,15,21.077782028965814
24,16,20.16027263239674
24,17,19.320855668732584
24,18,16.628337936897914
24,19,14.847042170601632
24,20,12.955434551928828
24,21,9.161921735935854
24,22,6.224892083091335
24,23,3.8382709930754033
24,25,3.8256046420739325
24,26,7.162915890051654
24,27,10.326488238527848
24,28,13.348937835180742
24,29,15.496873414690961
24,30,13.49716821909631
24,31,14.248937487664195
24,32,11.006007850468345
24,33,7.256982149618609
24,34,5.481063814188179
24,35,5.1712806317222455
24,36,6.436687016744848
24,37,9.905831705149149
24,38,11.46683491614441
24,39,14.930140847141347
24,40,14.837308871298386
24,41,11.597294598260763
24,42,11.285112629247893
24,43,8.48115631070166
24,44,9.50446351240783
24,45,9.68059449628353
24,46,10.98743591729036
24,47,13.144634638975639
24,48,12.334202883273406
24,49,15.92444583153106
24,50,14.91726451449517
24,51,12.652880172000058
24,52,14.710328705770099
24,53,14.580644648216404
24,54,16.070237990204664
25,1,13.201356654560273
25,2,9.608733507937348
25,3,7.832913672486766
25,4,5.593602549198743
25,5,8.533206605381435
25,6,10.198757706432527
25,7,12.391021990083814
25,8,12.916985949905067
25,9,14.948481834078796
25,10,13.497791118463805
25,11,15.705431973441321
25,12,16.34508094883644
25,13,17.72321767951729
25,14,20.560783500278905
25,15,22.40036389111875
25,16,21.093990653812753
25,17,20.767243143787216
25,18,18.283238443707905
25,19,17.193731700550906
25,20,15.763798052523518
25,21,12.012677142232805
25,22,9.438598571585986
25,23,6.010818315577276
25,24,3.8256046420739325
25,26,3.819312824964917
25,27,6.700195171103214
25,28,9.575304089325085
25,29,11.940441626617101
25,30,10.350195245451692
25,31,11.557399649250176
25,32,8.656948558819783
25,33,5.462912553524463
25,34,4.980361416639474
25,35,6.988487339091158
25,36,9.466928656115144
25,37,12.88097130172667
25,38,14.97506551936673
25,39,18.285752499877905
25,40,17.96129836184974
25,41,14.792913947658809
25,42,13.739479465524981
25,43,10.313799954173797
25,44,10.259582482430877
25,45,9.05185099495207
25,46,10.447071517679921
25,47,11.874582234617973
25,48,11.117405856517454
25,49,14.942278437957652
25,50,14.73064948969196
25,51,13.058953307713294
25,52,15.516186571671891
25,53,15.825376855112532
25,54,17.998165065622814
26,1,11.028720003445066
26,2,7.9697485802094
26,3,7.372806626962545
26,4,7.106282502271956
26,5,10.575522525996693
26,6,11.159768555071444
26,7,13.555370277463211
26,8,13.35591460163189
26,9,15.247523281877214
26,10,13.649520526859584
26,11,15.599589857828933
26,12,16.90521533956063
26,13,18.039277796172794
26,14,21.32385745871984
26,15,22.945661260326464
26,16,21.061935786031615
26,17,20.957540954470655
26,18,18.52639212764644
26,19,18.185563466846585
26,20,17.10465408664146
26,21,13.644592962217285
26,22,11.503014195650833
26,23,7.695708684943407
26,24,7.162915890051654
26,25,3.819312824964917
26,27,3.8347771626529594
26,28,6.541249016447379
26,29,8.499761953344048
26,30,6.566795910834304
26,31,8.240292837118984
26,32,6.168912142179665
26,33,4.334036609073806
26,34,6.413076875022022
26,35,8.883838822199147
26,36,12.15860924822129
26,37,15.099219299733466
26,38,17.486225445700025
26,39,20.705196165775888
26,40,20.61942140746119
26,41,17.797166701334387
26,42,16.4153081951828
26,43,12.90361082481102
26,44,11.790115588226284
26,45,9.423852008761493
26,46,9.853766929845841
26,47,10.022841784751977
26,48,8.822476346959354
26,49,12.616486645119245
26,50,13.31023078734024
26,51,12.077184314649758
26,52,14.59290156901048
26,53,15.275024322241848
26,54,18.068359560764197
27,1,13.410702155744962
27,2,10.982050009765615
27,3,10.924599740089198
27,4,10.874428486615141
27,5,14.372290633852122
27,6,14.922688933515754
27,7,17.122827845702602
27,8,16.471667476613863
27,9,17.83107985085687
27,10,15.647071750119787
27,11,16.81740258007205
27,12,17.948119891499132
27,13,18.30011708611125
27,14,21.75642667799076
27,15,23.683223889825044
27,16,21.71966869886202
27,17,22.260167470722116
27,18,20.334533329433455
27,19,20.466892857515912
27,20,19.947792607793165
27,21,16.558212346764048
27,22,14.872265595284428
27,23,11.178708056966176
27,24,10.326488238527848
27,25,6.700195171103214
27,26,3.8347771626529594
27,28,3.8258180579122705
27,29,5.37917583647249
27,30,5.121416739902547
27,31,6.624261023244641
27,32,5.371627577854047
27,33,5.768102697999141
27,34,7.941243769135551
27,35,11.268881305812723
27,36,14.671246898615424
27,37,17.559404180947865
27,38,20.371103232760166
27,39,23.307141447249247
27,40,22.805823218057018
27,41,20.075555812752224
27,42,18.08935146368794
27,43,14.37578974122147
27,44,12.630288213214548
27,45,9.526267986295684
27,46,10.233195127935184
27,47,9.834456121116363
27,48,9.592523470497541
27,49,13.020658023898127
27,50,14.16699749726518
27,51,13.933196740674429
27,52,16.85999629910073
27,53,18.136339743537896
27,54,21.231755552527627
28,1,13.968497243966686
28,2,12.358431522998494
28,3,12.264044678847092
28,4,12.875287893000271
28,5,16.63782312133454
28,6,17.194858918854305
28,7,19.836000773935453
28,8,19.353435777200723
28,9,20.969983769245577
28,10,19.025861542081753
28,11,20.233955427169164
28,12,21.599399708060556
28,13,21.851349956069274
28,14,25.38718178978702
28,15,27.262470294872223
28,16,25.11118872021382
28,17,25.68857115418604
28,18,23.70913659845946
28,19,23.98639194124007
28,20,23.32711897449814
28,21,19.989221264084538
28,22,18.039309563588095
28,23,14.22999226931854
28,24,13.348937835180742
28,25,9.575304089325085
28,26,6.541249016447379
28,27,3.8258180579122705
28,29,3.839473880704283
28,30,5.136133975841973
28,31,7.95284630336784
28,32,8.38016939510946
28,33,9.386957603503632
28,34,11.704585026544368
28,35,14.933104041092811
28,36,18.27996815062965
28,37,21.23725777390168
28,38,23.88549118158197
28,39,26.95273616236519
28,40,26.53905276592659
28,41,23.70636409740037
28,42,21.827060443218688
28,43,18.088924098893056
28,44,16.432015989707306
28,45,13.264600517099622
28,46,13.765468765037152
28,47,12.718581956815385
28,48,12.067082567101533
28,49,15.128569701377288
28,50,16.97292821020368
28,51,16.799099698159925
28,52,19.388861795161347
28,53,20.447613976113313
28,54,23.6343504992855
29,1,14.380645361564547
29,2,13.26997442912209
29,3,14.20962932840917
29,4,15.272106636358552
29,5,18.846853918403774
29,6,18.756671965736036
29,7,20.976752551350515
29,8,19.800955447988763
29,9,20.871455868650614
29,10,18.649101229127645
29,11,19.296728327147047
29,12,20.917231900672515
29,13,20.81341222052065
29,14,24.519900137906557
29,15,26.209265534928505
29,16,23.739739933552
29,17,24.647695806031532
29,18,23.00634710020592
29,19,23.89333163390213
29,20,23.756959099043964
29,21,20.741628189443116
29,22,19.406471965777612
29,23,15.720750874409559
29,24,15.496873414690961
29,25,11.940441626617101
29,26,8.499761953344048
29,27,5.37917583647249
29,28,3.839473880704283
29,30,3.8147078515135093
29,31,5.499418974674439
29,32,7.419264220458149
29,33,9.889675957007768
29,34,12.772900287258159
29,35,15.922814976213816
29,36,19.555821649048962
29,37,22.06247374960955
29,38,25.022325678145993
29,39,27.816146248632116
29,40,27.454696535023096
29,41,25.01516551624472
29,42,22.80841737967745
29,43,19.169804299692437
29,44,16.82439280638836
29,45,13.230158714969974
29,46,13.014553339985683
29,47,11.101104155867304
29,48,10.819511066230403
29,49,13.1636477191865
29,50,15.470442443411768
29,51,16.059303177256766
29,52,18.76919646720593
29,53,20.408939695728712
29,54,23.91530777006732
30,1,10.754454270513536
30,2,9.666791544914838
30,3,11.148813056580176
30,4,12.71433514628588
30,5,16.07963937388308
30,6,15.48437209288101
30,7,17.644884128751475
30,8,16.38047648963101
30,9,17.630838704779308
30,10,15.801734021718744
30,11,16.907013750769103
30,12,18.97617031161324
30,13,19.489878141626324
30,14,23.224162370705717
30,15,24.499941819406747
30,16,21.846858647590196
30,17,22.25954410475742
30,18,20.23942085947159
30,19,21.095211210190016
30,20,20.73822187999162
30,21,17.905573072290498
30,22,16.588435417123307
30,23,12.968409491835468
30,24,13.49716821909631
30,25,10.350195245451692
30,26,6.566795910834304
30,27,5.121416739902547
30,28,5.136133975841973
30,29,3.8147078515135093
30,31,3.814387081889706
30,32,5.684575409673969
30,33,7.7791419951988425
30,34,11.257408583660528
30,35,13.770777308547988
30,36,17.49557523886083
30,37,19.75019786842672
30,38,22.4957745446062
30,39,25.39476786625794
30,40,25.48490372127323
30,41,23.184926407701962
30,42,21.333757124560368
30,43,17.879793323846933
30,44,15.620646449501962
30,45,12.218113857890321
30,46,11.264603417680416
30,47,9.137636502932247
30,48,7.765327867073107
30,49,10.368125379429358
30,50,12.775236152656243
30,51,12.84090192646121
30,52,15.242470275640901
30,53,16.696670244461814
30,54,20.219652861670063
31,1,12.476832565032847
31,2,11.217436377676174
31,3,13.237193810580965
31,4,14.451747363162161
31,5,17.3884579165486
31,6,16.450821462123955
31,7,17.859477134366124
31,8,15.891317907014137
31,9,16.313370420878
31,10,13.940478250571703
31,11,14.295534770002268
31,12,16.358602553640193
31,13,16.48323132681125
31,14,20.295022625709404
31,15,21.49618437673399
31,16,18.712878439150398
31,17,19.52189929486436
31,18,17.97201839732041
31,19,19.319533234807786
31,20,19.632115211157334
31,21,17.101252980828413
31,22,16.590890912644642
31,23,13.358768793308812
31,24,14.248937487664195
31,25,11.557399649250176
31,26,8.240292837118984
31,27,6.624261023244641
31,28,7.95284630336784
31,29,5.499418974674439
31,30,3.814387081889706
31,32,3.8213875163401654
31,33,7.294079545846458
31,34,10.742863805451533
31,35,13.102358849369441
31,36,16.903046788251963
31,37,18.660974697635417
31,38,21.77540221223723
31,39,24.25145776730769
31,40,24.219084295690966
31,41,22.352672021733397
31,42,20.121625990280016
31,43,16.871398079840187
31,44,13.997014778753638
31,45,10.382709293366819
31,46,8.7961745303413
31,47,6.011945609606511
31,48,5.781125771158943
31,49,7.764175402362198
31,50,10.078451958350056
31,51,11.135754658768683
31,52,14.021085243900377
31,53,16.276491084148056
31,54,19.94033603083809
32,1,12.839223349837168
32,2,10.501515939707124
32,3,11.882501507467389
32,4,12.179433358367598
32,5,14.870668796500128
32,6,14.32894813388977
32,7,15.488290745169706
32,8,13.719591169428032
32,9,14.124975202066189
32,10,11.461790466320593
32,11,12.028931925829006
32,12,13.58481906714143
32,13,13.921146496971813
32,14,17.611132780219293
32,15,19.112094629630295
32,16,16.764489170527753
32,17,17.44571838613646
32,18,15.800568577839192
32,19,16.622637500766533
32,20,16.848688470912293
