1,2,3.822002430860896
1,3,7.083498571393485
1,4,8.932226708082124
1,5,6.847337169009015
1,6,9.406241939787199
1,7,9.413244498267742
1,8,12.235901740882866
1,9,12.609653570863667
1,10,15.575515974649123
1,11,18.07221726578324
1,12,20.186211960061208
1,13,23.509770324449683
1,14,24.135782834868728
1,15,21.554092319169083
1,16,20.25397676210521
1,17,17.118935612819044
1,18,16.788215191491545
1,19,14.921851858021471
1,20,12.683490846472772
1,21,10.567977272104741
1,22,7.668551762227536
1,23,10.209939534820736
1,24,9.422624518358822
1,25,7.954685047970558
1,26,10.95085018339737
1,27,12.453913664764308
1,28,13.255332020049984
1,29,9.808657924869772
1,30,11.384004417505468
1,31,10.612240157509188
1,32,8.953045045594271
1,33,11.434687514112957
1,34,11.401239189429083
1,35,14.287780805039574
1,36,15.950258230432958
1,37,17.162626360815377
1,38,20.647978514962897
1,39,21.95655399825258
1,40,19.867210491053875
1,41,19.484139333410173
1,42,16.925037098319336
1,43,16.05337874945088
1,44,14.357352095829487
1,45,12.725161820073222
1,46,11.78566409393774
1,47,8.539360130011119
1,48,11.502231699709242
1,49,12.561222119666681
1,50,9.928956351936955
1,51,10.213282205083146
1,52,9.28121797438075
1,53,12.227848304048731
2,1,3.822002430860896
2,3,3.8558382766829093
2,4,6.342554467439625
2,5,5.918633203194597
2,6,9.410484630473775
2,7,10.71961046062973
2,8,13.945127487344362
2,9,14.251919574925248
2,10,17.455404057230542
2,11,19.342015533597973
2,12,21.461457527438405
2,13,24.604631508041475
2,14,25.58413902114865
2,15,23.427384945722455
2,16,22.136380034367622
2,17,18.983407584325963
2,18,17.95187319069118
2,19,15.61616837799473
2,20,12.834035991974325
2,21,9.795523518245563
2,22,6.756080310794554
2,23,8.191471161649188
2,24,7.458691216935395
2,25,7.141294357616709
2,26,10.688289107857106
2,27,12.16192782630731
2,28,14.01153247828784
2,29,11.225374440676655
2,30,13.272086485672602
2,31,11.857562118398226
2,32,9.368464303974868
2,33,10.91012571611835
2,34,10.929676962946239
2,35,13.378042422018488
2,36,15.688083531244864
2,37,16.570096165746715
2,38,20.304920338844845
2,39,21.381898686874287
2,40,18.79139108337483
2,41,18.727951212067065
2,42,16.05026168379403
2,43,15.926579525796205
2,44,14.6381227193391
2,45,13.975614178694567
2,46,13.833469051989352
2,47,11.24380933960722
2,48,14.647025825351147
2,49,15.230256127982566
2,50,12.502559795582322
2,51,13.09887795266021
2,52,11.816401035236506
2,53,14.057609119897217
3,1,7.083498571393485
3,2,3.8558382766829093
3,4,3.845855167260319
3,5,5.679893610229973
3,6,8.823332577201251
3,7,10.80406508630402
3,8,13.911919083439782
3,9,13.930112846220933
3,10,17.19285336056427
3,11,18.357334991652156
3,12,20.487354856342627
3,13,23.320023463697964
3,14,24.597914050022492
3,15,22.95599685691405
3,16,21.712936981296846
3,17,18.696662713202006
3,18,17.03924770890755
3,19,14.535716869447162
3,20,11.26706373063249
3,21,7.721944857160227
3,22,4.95495499473212
3,23,4.996809763545841
3,24,5.338326983234551
3,25,7.079081711889976
3,26,10.853071882248614
3,27,12.975612174138192
3,28,15.275907893900284
3,29,13.032804980094522
3,30,14.655354222985906
3,31,12.33397175994302
3,32,9.022070472204039
3,33,9.14825787363722
3,34,8.833526658196897
3,35,10.646398656421557
3,36,13.443358014279061
3,37,14.18885836511636
3,38,17.988453555167297
3,39,18.709082405093135
3,40,15.76391824136582
3,41,15.915588535392757
3,42,13.293847887250474
3,43,13.916349162174505
3,44,13.329108203601663
3,45,13.549309423875203
3,46,14.428389238611398
3,47,12.654302915167229
3,48,16.26543846568106
3,49,16.05180532173611
3,50,13.326674121020433
3,51,14.41898336063023
3,52,13.317992295010814
3,53,14.998106339658104
4,1,8.932226708082124
4,2,6.342554467439625
4,3,3.845855167260319
4,5,3.84539636011127
4,6,6.431570149552781
4,7,9.46834410087657
4,8,12.821775651890126
4,9,13.647378704066085
4,10,17.256516888580364
4,11,18.271069623013002
4,12,20.94038152198897
4,13,23.361407597963094
4,14,24.263356771252955
4,15,22.927400760762183
4,16,21.14113342262688
4,17,17.869083314634658
4,18,15.631873204793916
4,19,12.53881797617283
4,20,9.694283125268615
4,21,5.943345670383066
4,22,5.316337985131004
4,23,6.145602363102292
4,24,8.368931746173129
4,25,10.603407327924277
4,26,14.402950391558457
4,27,16.762611255258683
4,28,18.87447110528597
4,29,16.38591198951666
4,30,17.60563062595983
4,31,15.072514011943406
4,32,11.522449490826798
4,33,10.999391144095458
4,34,9.298198674335621
4,35,9.879134013642027
4,36,12.061255480054962
4,37,11.820548793161926
4,38,15.65013338951136
4,39,16.903906785548237
4,40,14.200263372968571
4,41,15.222461261880566
4,42,13.422586051767153
4,43,14.695937874155238
4,44,14.981862512055741
4,45,15.06252959784385
4,46,16.378440008106544
4,47,14.52564981707032
4,48,17.78703148192916
4,49,16.98990324264214
4,50,13.7627079683254
4,51,14.203623373869126
4,52,12.475742253641972
4,53,13.180093240741044
5,1,6.847337169009015
5,2,5.918633203194597
5,3,5.679893610229973
5,4,3.84539636011127
5,6,3.8041708152443494
5,7,6.4762404613522975
5,8,10.170177541540202
5,9,11.649891861505674
5,10,15.404377435237796
5,11,17.105150060498346
5,12,20.04178243851315
5,13,22.612267296322518
5,14,23.013724061752736
5,15,21.269075864239834
5,16,19.187212004257002
5,17,15.651635296297625
5,18,13.871317562837278
5,19,10.81783465910339
5,20,8.681649966357138
5,21,5.7822977079949185
5,22,5.298888944291341
5,23,8.118953779036808
5,24,9.958257799847358
5,25,11.10764204141542
5,26,14.861267117014638
5,27,17.228869850704893
5,28,18.679197984565324
5,29,15.61970143920002
5,30,16.549079613163155
5,31,14.425845410670831
5,32,11.29121374425903
5,33,11.659564511872066
5,34,9.660124515500586
5,35,10.778902040956188
5,36,12.048550890480122
5,37,11.928168092494035
5,38,15.594402120904157
5,39,17.419830418817103
5,40,15.375904238082443
5,41,16.210689786265156
5,42,14.60565769704508
5,43,15.145980904442913
5,44,15.111588747950814
5,45,14.21067308229446
5,46,14.977054039468966
5,47,12.533542409927838
5,48,15.350998052254589
5,49,14.69548227857106
5,50,11.142760157694793
5,51,10.866427265842223
5,52,8.747588096099026
5,53,9.628972453693573
6,1,9.406241939787199
6,2,9.410484630473775
6,3,8.823332577201251
6,4,6.431570149552781
6,5,3.8041708152443494
6,7,3.80316776243291
6,8,7.266106035555005
6,9,9.463516198141102
6,10,13.294784099111272
6,11,14.884943851189568
6,12,18.23179751084845
6,13,20.41498577280334
6,14,20.37977275773512
6,15,18.85604039576463
6,16,16.350989854938785
6,17,12.6981962621082
6,18,10.585354619234586
6,19,7.263850790756739
6,20,5.993156531897415
6,21,4.531988196753206
6,22,6.255418240108036
6,23,9.467263495321982
6,24,12.060838083780133
6,25,13.400837419211637
6,26,16.949510820243844
6,27,19.760530790784927
6,28,20.776794857816004
6,29,17.62157987411716
6,30,17.78516710686761
6,31,15.419757831715602
6,32,12.339622428842913
6,33,12.256056824067016
6,34,9.318657064407219
6,35,9.650047733019871
6,36,9.719152155343552
6,37,9.189842516869797
6,38,12.55084433968369
6,39,14.870685141177677
6,40,13.521998017781012
6,41,14.634311389171623
6,42,13.819170999928241
6,43,14.397894578571497
6,44,14.997792664607339
6,45,13.802002671280663
6,46,14.988068768545583
6,47,12.879621544187888
6,48,15.090397679549651
6,49,13.635629465149625
6,50,9.928202824968556
6,51,9.268228929782756
6,52,7.252776215024367
6,53,7.154293716324591
7,1,9.413244498267742
7,2,10.71961046062973
7,3,10.80406508630402
7,4,9.46834410087657
7,5,6.4762404613522975
7,6,3.80316776243291
7,8,3.784964259708566
7,9,6.31575708797392
7,10,10.05415167583783
7,11,12.245088668809057
7,12,15.623182080374072
7,13,17.969185635340114
7,14,17.618282146498018
7,15,15.682849381056295
7,16,13.160822992887457
7,17,9.443827152899456
7,18,8.18409947713238
7,19,5.848755500005981
7,20,5.378223397412543
7,21,5.995968625822379
7,22,7.1031467052849635
7,23,10.76289570178165
7,24,12.861639479280424
7,25,13.464644529748323
7,26,16.54973866594221
7,27,19.514149467239505
7,28,19.827017168610386
7,29,16.512691768663167
7,30,15.988832118474733
7,31,13.846934603129922
7,32,11.385909815198374
7,33,11.833497466313954
7,34,9.031793859391065
7,35,10.03104864149369
7,36,9.360462524967023
7,37,9.839024142034566
7,38,12.625577927598142
7,39,14.869977142555134
7,40,14.114896987216857
7,41,14.494231217677351
7,42,13.701879022835751
7,43,13.360266061471739
7,44,13.632882516035064
7,45,11.628657726372536
7,46,12.493076899489045
7,47,10.434173234875484
7,48,11.987931143656327
7,49,10.256876136656235
7,50,6.5206204438123025
7,51,5.716798167197358
7,52,4.77727465738191
7,53,5.6838543673388084
8,1,12.235901740882866
8,2,13.945127487344362
8,3,13.911919083439782
8,4,12.821775651890126
8,5,10.170177541540202
8,6,7.266106035555005
8,7,3.784964259708566
8,9,3.8321663826368435
8,10,7.027262506193146
8,11,9.389740361240992
8,12,12.942775278145776
8,13,15.03386976145322
8,14,14.219076744183344
8,15,12.22310898196836
8,16,9.46196551129825
8,17,5.690087308609127
8,18,5.131240836440287
8,19,4.561840252394124
8,20,5.605196439942768
8,21,8.147836456017112
8,22,9.523513824200638
8,23,12.850209248711236
8,24,14.905490017387907
8,25,15.341947188303466
8,26,17.894117022710955
8,27,21.09805089919152
8,28,20.871240297770672
8,29,17.690519393445
8,30,16.34255171154919
8,31,14.19792562354727
8,32,12.292953413983573
8,33,12.57551554716239
8,34,9.741479801678576
8,35,10.516083343867486
8,36,8.75562148205658
8,37,9.840483926342362
8,38,11.664463476254276
8,39,13.806895753686776
8,40,13.883567428627146
8,41,13.806156259938506
8,42,13.544316921388413
8,43,12.661788813161516
8,44,13.17232474261876
8,45,10.752772082324423
8,46,11.806243994651075
8,47,10.521273233072826
8,48,11.104411099187091
8,49,8.464634790165125
8,50,5.434647465721428
8,51,5.034280907659614
8,52,6.192783810543984
8,53,6.894405543153383
9,1,12.609653570863667
9,2,14.251919574925248
9,3,13.930112846220933
9,4,13.647378704066085
9,5,11.649891861505674
9,6,9.463516198141102
9,7,6.31575708797392
9,8,3.8321663826368435
9,10,3.8361350453450758
9,11,6.203057715463882
9,12,9.428767011284865
9,13,11.98135396549346
9,14,11.818906535197463
9,15,9.647928081554504
9,16,7.894705122528905
9,17,5.071649733043439
9,18,5.371203685685608
9,19,6.4342148784419555
9,20,5.925052521262969
9,21,8.580225336419687
9,22,9.154940012011949
9,23,11.873258573030393
9,24,13.49648116508009
9,25,13.769808346828636
9,26,15.742263540183556
9,27,19.174301652280906
9,28,18.689687595112442
9,29,15.902152502592477
9,30,13.998544022838322
9,31,11.550547963216218
9,32,9.991151676502907
9,33,10.111837591213499
9,34,7.822190050563589
9,35,9.202381489249206
9,36,7.8290542975961035
9,37,10.316361019508031
9,38,11.993053027731207
9,39,13.085041819897768
9,40,12.945810477202732
9,41,11.846739365068622
9,42,11.171358130875726
9,43,9.4999216490535
9,44,9.789544589462157
9,45,7.265677228627611
9,46,8.840236591870612
9,47,8.67710847013055
9,48,9.363450348302644
9,49,6.057174676591902
9,50,4.294617139584752
9,51,6.505883759270847
9,52,8.944675536799606
9,53,10.547268478872263
10,1,15.575515974649123
10,2,17.455404057230542
10,3,17.19285336056427
10,4,17.256516888580364
10,5,15.404377435237796
10,6,13.294784099111272
10,7,10.05415167583783
10,8,7.027262506193146
10,9,3.8361350453450758
10,11,3.8286145879168476
10,12,6.43598171532256
10,13,9.090485931885423
10,14,8.751897785833236
10,15,6.03770947483568
10,16,5.295474203452516
10,17,4.462699291249474
10,18,6.612467103535559
10,19,9.249958767836011
10,20,9.219659594384362
10,21,12.1011945961523
10,22,12.44846876224671
10,23,14.67846178316317
10,24,15.887777851251789
10,25,15.81676623716317
10,26,17.017889474620862
10,27,20.441217253220046
10,28,19.37681358822517
10,29,16.962925042195536
10,30,14.302832082425688
10,31,12.138610955753308
10,32,11.56518497377213
10,33,11.709284972072993
10,34,10.170451603558327
10,35,11.510816686304562
10,36,9.878868555107566
10,37,12.802464621727484
10,38,13.61606858819398
10,39,14.094613332068791
10,40,14.51017138220288
10,41,12.673871980232187
10,42,12.242577413831256
10,43,9.769851877987117
10,44,9.881041060133603
10,45,7.1284814582884595
10,46,8.581052186821257
10,47,9.664100200635993
10,48,9.237485635879526
10,49,5.400778887529607
10,50,6.19383495834962
10,51,8.733240761320635
10,52,11.933247130444624
10,53,13.611825803086875
11,1,18.07221726578324
11,2,19.342015533597973
11,3,18.357334991652156
11,4,18.271069623013002
11,5,17.105150060498346
11,6,14.884943851189568
11,7,12.245088668809057
11,8,9.389740361240992
11,9,6.203057715463882
11,10,3.8286145879168476
11,12,3.860951057391636
11,13,5.781598421194564
11,14,6.298867733773611
11,15,5.201279224638446
11,16,5.457079993119222
11,17,6.137798728313522
11,18,6.930515040191594
11,19,9.907220418745112
11,20,9.63229177204513
11,21,12.710732541631037
11,22,13.506535569375869
11,23,14.93050668905846
11,24,16.46878161715389
11,25,17.033946581988275
11,26,18.073851140019322
11,27,21.727184368103494
11,28,20.932069829872287
11,29,19.00394091023626
11,30,16.299908212908285
11,31,13.607085370603988
11,32,12.711535773023769
11,33,11.754246631521577
11,34,10.133293454902933
11,35,10.56358115163467
11,36,8.657278321859815
11,37,11.89559370502262
11,38,12.0282136502859
11,39,11.623308177459553
11,40,12.356528351277214
11,41,10.075863575820497
11,42,10.316709080336501
11,43,8.077125498407113
11,44,9.348014553426387
11,45,7.985348082735506
11,46,10.597519759032986
11,47,12.468935805294441
11,48,12.541325156959111
11,49,8.806159867915241
11,50,9.571434672131682
11,51,12.217871371569355
11,52,15.031730287212829
11,53,16.251007915580395
12,1,20.186211960061208
12,2,21.461457527438405
12,3,20.487354856342627
12,4,20.94038152198897
12,5,20.04178243851315
12,6,18.23179751084845
12,7,15.623182080374072
12,8,12.942775278145776
12,9,9.428767011284865
12,10,6.43598171532256
12,11,3.860951057391636
12,13,3.828423901534156
12,14,6.0406017204901845
12,15,5.243312061815169
12,16,7.744275627563854
12,17,9.53637149530907
12,18,10.774041560078896
12,19,13.720024050361102
12,20,13.035878734061878
12,21,15.700465949096744
12,22,15.905386277319561
12,23,16.778132221712443
12,24,17.70258049388125
12,25,17.9519806102849
12,26,18.19601641352072
12,27,21.723904624316702
12,28,20.575144121617388
12,29,19.242621343810722
12,30,16.13102251649732
12,31,13.654587296086628
12,32,13.559373721527122
12,33,12.645183693446294
12,34,12.08396029640953
12,35,12.870626239696378
12,36,11.650370722198963
12,37,15.146950876754111
12,38,15.14573356628672
12,39,13.971626916438817
12,40,14.518241830616692
12,41,11.493823978266775
12,42,11.351364783816198
12,43,8.433135114064143
12,44,9.125018031795376
12,45,8.304917160939794
12,46,10.730001269360768
12,47,13.553882878958115
12,48,13.38414324498613
12,49,10.081766697459747
12,50,11.951430998033837
12,51,15.041620407174685
12,52,18.174549684148133
12,53,19.782189559055986
13,1,23.509770324449683
13,2,24.604631508041475
13,3,23.320023463697964
13,4,23.361407597963094
13,5,22.612267296322518
13,6,20.41498577280334
13,7,17.969185635340114
13,8,15.03386976145322
13,9,11.98135396549346
13,10,9.090485931885423
13,11,5.781598421194564
13,12,3.828423901534156
13,14,3.8275638620105834
13,15,5.696834342784572
13,16,8.18031425000212
13,17,10.816377496826071
13,18,11.667141892806162
13,19,14.916299265982703
13,20,14.790991274891828
13,21,17.798084504471944
13,22,18.624572192072716
13,23,19.32253892148856
13,24,20.67609693147706
13,25,21.338440375712764
13,26,21.698106181542567
13,27,25.29081913076362
13,28,24.274268521582748
13,29,23.02281589373512
13,30,19.944851053184586
13,31,17.383064343298695
13,32,17.01939375178283
13,33,15.614418736482397
13,34,14.626185925024538
13,35,14.515401655628185
13,36,12.687835019048041
13,37,15.76807680101247
13,38,14.83126555041339
13,39,13.289164122036002
13,40,14.651200260314925
13,41,11.834155324253047
13,42,12.78631246346413
13,43,10.684420630932596
13,44,12.264486018666572
13,45,11.965846304813018
13,46,14.548263498522818
13,47,17.250359730510013
13,48,16.960280325246377
13,49,13.496545646021467
13,50,15.08644916480903
13,51,17.783542723239268
13,52,20.742941011250526
13,53,21.81009875237789
14,1,24.135782834868728
14,2,25.58413902114865
14,3,24.597914050022492
14,4,24.263356771252955
14,5,23.013724061752736
14,6,20.37977275773512
14,7,17.618282146498018
14,8,14.219076744183344
14,9,11.818906535197463
14,10,8.751897785833236
14,11,6.298867733773611
14,12,6.0406017204901845
14,13,3.8275638620105834
14,15,3.84170211098231
14,16,5.666259269231531
14,17,9.074615981193336
14,18,10.505815183191029
14,19,14.190188772504177
14,20,15.034887897384381
14,21,18.48599394478817
14,22,19.70859726188297
14,23,21.02647365333474
14,24,22.64267475436115
14,25,23.186222433974866
14,26,23.87534257479994
14,27,27.444389690525554
14,28,26.274559256275364
14,29,24.584316525311998
14,30,21.479224248122325
14,31,19.186378149503213
14,32,18.799476843283415
14,33,17.771246067577206
14,34,16.24201532927884
14,35,16.018772738723978
14,36,13.472459147459094
14,37,16.028539781556336
14,38,14.687034010915928
14,39,13.98435167643448
14,40,16.012534307148666
14,41,13.885071139761719
14,42,15.213894028026376
14,43,13.305305724688766
14,44,14.80365334916072
14,45,13.688035490155011
14,46,15.812567755361277
14,47,17.970624607904842
14,48,17.105641308011553
14,49,13.495657596595228
14,50,14.926121134677867
14,51,16.943414366988797
14,52,19.899330549993742
14,53,20.58595960253575
15,1,21.554092319169083
15,2,23.427384945722455
15,3,22.95599685691405
15,4,22.927400760762183
15,5,21.269075864239834
15,6,18.85604039576463
15,7,15.682849381056295
15,8,12.22310898196836
15,9,9.647928081554504
15,10,6.03770947483568
15,11,5.201279224638446
15,12,5.243312061815169
15,13,5.696834342784572
15,14,3.84170211098231
15,16,3.8645372671416856
15,17,7.166306382299207
15,18,9.740176405561444
15,19,13.392603215593466
15,20,14.120852170818011
15,21,17.420393341301633
15,22,18.14146573242156
15,23,19.89389665177104
15,24,21.120715637973372
15,25,21.119834895796494
15,26,21.727139930472934
15,27,25.12282950629466
15,28,23.652139519185695
15,29,21.749774811121423
15,30,18.549395153433803
15,31,16.664865562661348
15,32,16.695588625565016
15,33,16.400761628317934
15,34,15.132486949560784
15,35,15.734187558076732
15,36,13.5102601853762
15,37,16.309369272972315
15,38,15.755334487970321
15,39,15.587990956899889
15,40,17.055135361276673
15,41,14.85262656329662
15,42,15.362153625582552
15,43,12.843699044316034
15,44,13.459153204915353
15,45,11.47082678565824
15,46,12.899327152207748
15,47,14.871014342317068
15,48,13.565143518068519
15,49,10.093001289049566
15,50,11.973292810660212
15,51,14.026367262473704
15,52,17.32678653946062
15,53,18.50277927078314
16,1,20.25397676210521
16,2,22.136380034367622
16,3,21.712936981296846
16,4,21.14113342262688
16,5,19.187212004257002
16,6,16.350989854938785
16,7,13.160822992887457
16,8,9.46196551129825
16,9,7.894705122528905
16,10,5.295474203452516
16,11,5.457079993119222
16,12,7.744275627563854
16,13,8.18031425000212
16,14,5.666259269231531
16,15,3.8645372671416856
16,17,3.8489131769283262
16,18,6.639246435860139
16,19,10.391193485739509
16,20,11.95198501059425
16,21,15.533284027537032
16,22,16.82233963125197
16,23,19.044080182407935
16,24,20.759973652260644
16,25,21.011961426110812
16,26,22.266131933757723
16,27,25.718492753413727
16,28,24.56197185715346
16,29,22.177091971674173
16,30,19.377209736512416
16,31,17.365923390969783
16,32,16.778568561017206
16,33,16.48238654089265
16,34,14.444375621208314
16,35,14.677481033039047
16,36,11.896758916550594
16,37,14.055439281203572
16,38,13.449293644755024
16,39,14.158411172723946
16,40,15.893510185883505
16,41,14.490370583440978
16,42,15.343774649215593
16,43,13.441871587880756
16,44,14.42585002186849
16,45,12.184756881240109
16,46,13.65180122215634
16,47,14.712524702637996
16,48,13.572720699241033
16,49,9.913289110348522
16,50,10.640491317846811
16,51,11.849654604730368
16,52,14.74296748708765
16,53,15.344840662472992
17,1,17.118935612819044
17,2,18.983407584325963
17,3,18.696662713202006
17,4,17.869083314634658
17,5,15.651635296297625
17,6,12.6981962621082
17,7,9.443827152899456
17,8,5.690087308609127
17,9,5.071649733043439
17,10,4.462699291249474
17,11,6.137798728313522
17,12,9.53637149530907
17,13,10.816377496826071
17,14,9.074615981193336
17,15,7.166306382299207
17,16,3.8489131769283262
17,18,3.8493632405467584
17,19,7.102293071358605
17,20,8.935037539934886
17,21,12.445713183877388
17,22,13.896663197788902
17,23,16.55718983224232
17,24,18.47926126030059
17,25,18.818788486967527
17,26,20.601726695259682
17,27,24.011369131764408
17,28,23.18462471774132
17,29,20.422750907943925
17,30,18.11174130432875
17,31,16.0152660945677
17,32,14.909254259241731
17,33,14.807174349604287
17,34,12.324903344876299
17,35,12.661411036366976
17,36,9.93521676011491
17,37,11.710318862054487
17,38,11.863812203295765
17,39,13.34009161331926
17,40,14.605144773227163
17,41,13.782696400727318
17,42,14.331922613102707
17,43,12.81445439412035
17,44,13.713653501617086
17,45,11.238776155366915
17,46,12.607400800153098
17,47,12.772901808391955
17,48,12.126352138288608
17,49,8.553364364102725
17,50,7.94592889820729
17,51,8.591357625689382
17,52,11.0991280018327
17,53,11.570422392174462
18,1,16.788215191491545
18,2,17.95187319069118
18,3,17.03924770890755
18,4,15.631873204793916
18,5,13.871317562837278
18,6,10.585354619234586
18,7,8.18409947713238
18,8,5.131240836440287
18,9,5.371203685685608
18,10,6.612467103535559
18,11,6.930515040191594
18,12,10.774041560078896
18,13,11.667141892806162
18,14,10.505815183191029
18,15,9.740176405561444
18,16,6.639246435860139
18,17,3.8493632405467584
18,19,3.831141007674262
18,20,6.136112477706318
18,21,9.922247059341535
18,22,12.240600845265702
18,23,14.645011556381776
18,24,17.222163972826948
18,25,18.30814792084335
18,26,20.563212170890363
18,27,24.127022905653433
18,28,23.907922226430138
18,29,21.1809272527399
18,30,19.333419632487356
18,31,16.696113749554225
18,32,14.738093964596995
18,33,13.883086624688605
18,34,10.70487037472498
18,35,10.057881007443804
18,36,6.825966884031197
18,37,7.9799473188094305
18,38,8.16112587243791
18,39,10.07317409444712
18,40,11.351682114380123
18,41,11.285136239056897
18,42,12.340013447269428
18,43,11.839335781577361
18,44,13.558504103599482
18,45,11.904286216301129
18,46,14.026450040671042
18,47,14.02336713836263
18,48,14.350127341130964
18,49,10.846477660768647
18,50,9.205983245928474
18,51,9.761419489896985
18,52,11.194832377637459
18,53,10.920999047782812
19,1,14.921851858021471
19,2,15.61616837799473
19,3,14.535716869447162
19,4,12.53881797617283
19,5,10.81783465910339
19,6,7.263850790756739
19,7,5.848755500005981
19,8,4.561840252394124
19,9,6.4342148784419555
19,10,9.249958767836011
19,11,9.907220418745112
19,12,13.720024050361102
19,13,14.916299265982703
19,14,14.190188772504177
19,15,13.392603215593466
19,16,10.391193485739509
19,17,7.102293071358605
19,18,3.831141007674262
19,20,3.8504241681938263
19,21,7.166386379042402
19,22,10.133245422035586
19,23,12.72327729032839
19,24,15.69999161815095
19,25,17.16286095430207
19,26,19.97977770095593
19,27,23.422883436382758
19,28,23.722379612914228
19,29,20.820680442116913
19,30,19.637692610975478
19,31,16.897439928611757
19,32,14.305652139340031
19,33,13.376301508201953
19,34,9.7747444589281
19,35,8.792445184712442
19,36,6.033406593226688
19,37,5.810723898558262
19,38,7.3320740630826275
19,39,10.03768092449094
19,40,10.522901914933396
19,41,11.42555130931166
19,42,12.211540487126737
19,43,12.523312405447733
19,44,14.248051211690333
19,45,12.902611721878621
19,46,14.971349617940792
19,47,14.234923984711925
19,48,15.287964866718914
19,49,12.302271175666055
19,50,9.582169809415454
19,51,9.511711912706248
19,52,9.634722612468854
19,53,8.774551229554591
20,1,12.683490846472772
20,2,12.834035991974325
20,3,11.26706373063249
20,4,9.694283125268615
20,5,8.681649966357138
20,6,5.993156531897415
20,7,5.378223397412543
20,8,5.605196439942768
20,9,5.925052521262969
20,10,9.219659594384362
20,11,9.63229177204513
20,12,13.035878734061878
20,13,14.790991274891828
20,14,15.034887897384381
20,15,14.120852170818011
20,16,11.95198501059425
20,17,8.935037539934886
20,18,6.136112477706318
20,19,3.8504241681938263
20,21,3.824138070862787
20,22,6.669441812576995
20,23,8.927719701024834
20,24,11.973556386576451
20,25,13.743389854661634
20,26,16.62623512749759
20,27,20.12975960074504
20,28,20.763288182365056
20,29,18.10188187116795
20,30,17.19623695857278
20,31,14.12271160847715
20,32,11.10105806214701
20,33,9.802888090478264
20,34,6.08809915095113
20,35,5.356457616612718
20,36,4.019188315182303
20,37,5.115979548022384
20,38,8.08701339040716
20,39,9.696255836075952
20,40,8.787292569576598
20,41,9.275794580592608
20,42,9.139153863177249
20,43,9.673079503646754
20,44,11.306126987871734
20,45,10.559623652864136
20,46,12.971474196866723
20,47,12.395899885022391
20,48,14.306787356411695
20,49,11.598251054535105
20,50,8.835873269543308
20,51,9.860188619822956
20,52,10.068693098307802
20,53,10.280970161747181
21,1,10.567977272104741
21,2,9.795523518245563
21,3,7.721944857160227
21,4,5.943345670383066
21,5,5.7822977079949185
21,6,4.531988196753206
21,7,5.995968625822379
21,8,8.147836456017112
21,9,8.580225336419687
21,10,12.1011945961523
21,11,12.710732541631037
21,12,15.700465949096744
21,13,17.798084504471944
21,14,18.48599394478817
21,15,17.420393341301633
21,16,15.533284027537032
21,17,12.445713183877388
21,18,9.922247059341535
21,19,7.166386379042402
21,20,3.824138070862787
21,22,3.8432700569170466
21,23,5.985016871312603
21,24,9.297000681201578
21,25,11.509420755264356
21,26,14.85437018089977
21,27,18.110914547103523
21,28,19.35279195238242
21,29,16.75836393344264
21,30,16.64485913914324
21,31,13.56865727918745
21,32,10.032359426511986
21,33,8.753573380392163
21,34,5.4147977291982174
21,35,5.242834437972914
21,36,6.372413220830968
21,37,6.792274073055101
21,38,10.514226491909492
21,39,11.814412925088126
21,40,9.751135349371138
21,41,10.5143231331597
21,42,9.420627842935023
21,43,10.485816420722825
21,44,11.62226074160776
21,45,11.410119698487932
21,46,13.544982926852029
21,47,12.482025420007831
21,48,15.177562168801199
21,49,13.239399231300192
21,50,10.17678439145603
21,51,11.147656538673157
21,52,10.523572862635795
21,53,11.046245720421803
22,1,7.668551762227536
22,2,6.756080310794554
22,3,4.95495499473212
22,4,5.316337985131004
22,5,5.298888944291341
22,6,6.255418240108036
22,7,7.1031467052849635
22,8,9.523513824200638
22,9,9.154940012011949
22,10,12.44846876224671
22,11,13.506535569375869
22,12,15.905386277319561
22,13,18.624572192072716
22,14,19.70859726188297
22,15,18.14146573242156
22,16,16.82233963125197
22,17,13.896663197788902
22,18,12.240600845265702
22,19,10.133245422035586
22,20,6.669441812576995
22,21,3.8432700569170466
22,23,3.824060638891473
22,24,5.977268245272899
22,25,7.730529105117516
22,26,11.205479901197142
22,27,14.32766163277375
22,28,15.67372700756241
22,29,13.125615966880515
22,30,13.416625130223725
22,31,10.477291703664838
22,32,6.852778911648956
22,33,6.420349752313599
22,34,4.606909899464393
22,35,6.7482181449438
22,36,8.998078020638934
22,37,10.382495766987956
22,38,13.995995892351212
22,39,14.755082033694329
22,40,12.303842663928519
22,41,12.129592273294916
22,42,9.834726525159839
22,43,10.074291562529304
22,44,9.98485925179
22,45,9.759140440998404
22,46,11.317677724264929
22,47,10.023313004535245
22,48,13.307537206809625
22,49,12.159654778323425
22,50,9.386997612455477
22,51,10.961357722365104
22,52,10.668246585543846
22,53,12.350868539340372
23,1,10.209939534820736
23,2,8.191471161649188
23,3,4.996809763545841
23,4,6.145602363102292
23,5,8.118953779036808
23,6,9.467263495321982
23,7,10.76289570178165
23,8,12.850209248711236
23,9,11.873258573030393
23,10,14.67846178316317
23,11,14.93050668905846
23,12,16.778132221712443
23,13,19.32253892148856
23,14,21.02647365333474
23,15,19.89389665177104
23,16,19.044080182407935
23,17,16.55718983224232
23,18,14.645011556381776
23,19,12.72327729032839
23,20,8.927719701024834
23,21,5.985016871312603
23,22,3.824060638891473
23,24,3.853589592581808
23,25,7.220571489510642
23,26,10.388086949190543
23,27,13.527865917809413
23,28,15.51920923000643
23,29,13.78464091649796
23,30,14.330139810089435
23,31,11.0535681580062
23,32,7.261878198109796
23,33,5.395669226347797
23,34,4.802913202560495
23,35,6.357656122025632
23,36,9.791622392538782
23,37,11.298418620404668
23,38,14.832761934162821
23,39,14.752885615860139
23,40,11.58186465393921
23,41,11.211393424223145
23,42,8.370016155571742
23,43,9.390534169369953
23,44,9.564028459488764
23,45,10.761353307288097
23,46,12.829662439900186
23,47,12.341338123040122
23,48,15.878556932049191
23,49,14.739697249636697
23,50,12.562445023002285
23,51,14.613444308550365
23,52,14.492241647182736
23,53,16.040791296173246
24,1,9.422624518358822
24,2,7.458691216935395
24,3,5.338326983234551
24,4,8.368931746173129
24,5,9.958257799847358
24,6,12.060838083780133
24,7,12.861639479280424
24,8,14.905490017387907
24,9,13.49648116508009
24,10,15.887777851251789
24,11,16.46878161715389
24,12,17.70258049388125
24,13,20.67609693147706
24,14,22.64267475436115
24,15,21.120715637973372
24,16,20.759973652260644
24,17,18.47926126030059
24,18,17.222163972826948
24,19,15.69999161815095
24,20,11.973556386576451
24,21,9.297000681201578
24,22,5.977268245272899
24,23,3.853589592581808
24,25,3.830399808497897
24,26,6.820814378876189
24,27,9.741224408114263
24,28,12.026210170506781
24,29,10.716729725046976
24,30,11.805021318297168
24,31,8.895233359935647
24,32,5.647246736649858
24,33,5.138072063323771
24,34,6.942007071705129
24,35,9.588996746487126
24,36,12.986678041263307
24,37,14.94877087390289
24,38,18.383611355414764
24,39,18.08489268686536
24,40,14.937999529069815
24,41,13.896320250541848
24,42,10.462602056374168
24,43,10.469432780428587
24,44,9.26851654796461
24,45,10.511947576709487
24,46,11.78492477535706
24,47,11.344843928993203
24,48,15.129982309147813
24,49,14.805940658209682
24,50,13.193407352762726
24,51,15.569785560010661
24,52,15.764949300084565
24,53,18.00399543803043
25,1,7.954685047970558
25,2,7.141294357616709
25,3,7.079081711889976
25,4,10.603407327924277
25,5,11.10764204141542
25,6,13.400837419211637
25,7,13.464644529748323
25,8,15.341947188303466
25,9,13.769808346828636
25,10,15.81676623716317
25,11,17.033946581988275
25,12,17.9519806102849
25,13,21.338440375712764
25,14,23.186222433974866
25,15,21.119834895796494
25,16,21.011961426110812
25,17,18.818788486967527
25,18,18.30814792084335
25,19,17.16286095430207
25,20,13.743389854661634
25,21,11.509420755264356
25,22,7.730529105117516
25,23,7.220571489510642
25,24,3.830399808497897
25,26,3.833378383529116
25,27,6.6122911525442225
25,28,8.50023479855177
25,29,6.923953654671862
25,30,8.497124296717168
25,31,6.388418163699426
25,32,4.451078094037945
25,33,6.439175260222743
25,34,8.936214784928513
25,35,12.320172146008943
25,36,15.264603651076294
25,37,17.541185785205776
25,38,20.898257942690062
25,39,20.775243730249922
25,40,17.962762962886323
25,41,16.53289840440217
25,42,13.0050623995098
25,43,11.939613038752718
25,44,9.572302793797059
25,45,9.897308187231262
25,46,9.9095709245011
25,47,9.127630468213141
25,48,12.908833067305153
25,49,13.482012305136447
25,50,12.352827362816473
25,51,14.799878165118466
25,52,15.350211091406186
25,53,18.22673337107923
26,1,10.95085018339737
26,2,10.688289107857106
26,3,10.853071882248614
26,4,14.402950391558457
26,5,14.861267117014638
26,6,16.949510820243844
26,7,16.54973866594221
26,8,17.894117022710955
26,9,15.742263540183556
26,10,17.017889474620862
26,11,18.073851140019322
26,12,18.19601641352072
26,13,21.698106181542567
26,14,23.87534257479994
26,15,21.727139930472934
26,16,22.266131933757723
26,17,20.601726695259682
26,18,20.563212170890363
26,19,19.97977770095593
26,20,16.62623512749759
26,21,14.85437018089977
26,22,11.205479901197142
26,23,10.388086949190543
26,24,6.820814378876189
26,25,3.833378383529116
26,27,3.839545345920851
26,28,5.3604443537129525
26,29,5.426765791092565
26,30,6.84417421448077
26,31,5.51373006367199
26,32,5.8252657635163
26,33,7.968445657719504
26,34,11.332476714508072
26,35,14.81030854403848
26,36,17.70567908846005
26,37,20.420586287288767
26,38,23.51316852670749
26,39,22.96845170380684
26,40,20.230552841397014
26,41,18.205470600610017
26,42,14.486983483798285
26,43,12.784415834227326
26,44,9.688791732562567
26,45,10.28810994512954
26,46,9.757881444181209
26,47,9.937035152468878
26,48,13.295919977189312
26,49,14.292584269688348
26,50,14.157608885720302
26,51,17.018176997342277
26,52,18.15706859349232
26,53,21.31025553740911
27,1,12.453913664764308
27,2,12.16192782630731
27,3,12.975612174138192
27,4,16.762611255258683
27,5,17.228869850704893
27,6,19.760530790784927
27,7,19.514149467239505
27,8,21.09805089919152
27,9,19.174301652280906
27,10,20.441217253220046
27,11,21.727184368103494
27,12,21.723904624316702
27,13,25.29081913076362
27,14,27.444389690525554
27,15,25.12282950629466
27,16,25.718492753413727
27,17,24.011369131764408
27,18,24.127022905653433
27,19,23.422883436382758
27,20,20.12975960074504
27,21,18.110914547103523
27,22,14.32766163277375
27,23,13.527865917809413
27,24,9.741224408114263
27,25,6.6122911525442225
27,26,3.839545345920851
27,28,3.842590864779738
27,29,5.483514294168396
27,30,8.197561431898874
27,31,8.503233309814224
27,32,9.465755207245778
27,33,11.764668540522255
27,34,15.035009871188134
27,35,18.471918182403634
27,36,21.43021862830837
27,37,23.992452840429568
27,38,27.199355727603496
27,39,26.734724806476656
27,40,23.903112583665337
27,41,21.969104685395376
27,42,18.220026240292892
27,43,16.589088244647744
27,44,13.41855186256681
27,45,13.820411331413448
27,46,12.640874162640245
27,47,12.406967388795453
27,48,15.457738889211123
27,49,17.147309026651204
27,50,17.093911599591934
27,51,19.627329549256544
27,52,20.543422422150446
27,53,23.840489916755132
28,1,13.255332020049984
28,2,14.01153247828784
28,3,15.275907893900284
28,4,18.87447110528597
28,5,18.679197984565324
28,6,20.776794857816004
28,7,19.827017168610386
28,8,20.871240297770672
28,9,18.689687595112442
28,10,19.37681358822517
28,11,20.932069829872287
28,12,20.575144121617388
28,13,24.274268521582748
28,14,26.274559256275364
28,15,23.652139519185695
28,16,24.56197185715346
28,17,23.18462471774132
28,18,23.907922226430138
28,19,23.722379612914228
28,20,20.763288182365056
28,21,19.35279195238242
28,22,15.67372700756241
28,23,15.51920923000643
28,24,12.026210170506781
28,25,8.50023479855177
28,26,5.3604443537129525
28,27,3.842590864779738
28,29,3.821686981769921
28,30,5.605212252532408
28,31,7.384788611836975
28,32,9.817527530806792
28,33,12.709740033355681
28,34,15.95405617168926
28,35,19.632535309032317
28,36,22.135194768705063
28,37,25.005470324455956
28,38,27.96789597906155
28,39,27.54322668486515
28,40,25.10343641720847
28,41,22.835682179409623
28,42,19.20913425345738
28,43,16.8849878815256
28,44,13.291622832248924
28,45,12.974592348047336
28,46,10.958521496499502
28,47,11.045651686846542
28,48,13.386705059815847
28,49,15.53352909618269
28,50,16.215626545182158
28,51,18.865370767370827
28,52,20.348942694064792
28,53,23.917594626787054
29,1,9.808657924869772
29,2,11.225374440676655
29,3,13.032804980094522
29,4,16.38591198951666
29,5,15.61970143920002
29,6,17.62157987411716
29,7,16.512691768663167
29,8,17.690519393445
29,9,15.902152502592477
29,10,16.962925042195536
29,11,19.00394091023626
29,12,19.242621343810722
29,13,23.02281589373512
29,14,24.584316525311998
29,15,21.749774811121423
29,16,22.177091971674173
29,17,20.422750907943925
29,18,21.1809272527399
29,19,20.820680442116913
29,20,18.10188187116795
29,21,16.75836393344264
29,22,13.125615966880515
29,23,13.78464091649796
29,24,10.716729725046976
29,25,6.923953654671862
29,26,5.426765791092565
29,27,5.483514294168396
29,28,3.821686981769921
29,30,3.8250850625815724
29,31,5.762664437677195
29,32,7.881294918052982
29,33,11.4007233377601
29,34,14.021251687500218
29,35,17.802687405739846
29,36,19.999214691335887
29,37,22.660847311774887
29,38,25.704982623574313
29,39,25.74166240694244
29,40,23.49623532411844
29,41,21.547383365922826
29,42,18.126373882368675
29,43,15.834075146804157
29,44,12.401965396246865
29,45,11.246872179823667
29,46,8.862689748401348
29,47,7.870260634261329
29,48,10.438625550415347
29,49,12.783989635172654
29,50,13.00840995261597
29,51,15.328324904489646
29,52,16.66242913080072
29,53,20.284320596117098
30,1,11.384004417505468
30,2,13.272086485672602
30,3,14.655354222985906
30,4,17.60563062595983
30,5,16.549079613163155
30,6,17.78516710686761
30,7,15.988832118474733
30,8,16.34255171154919
30,9,13.998544022838322
30,10,14.302832082425688
30,11,16.299908212908285
30,12,16.13102251649732
30,13,19.944851053184586
30,14,21.479224248122325
30,15,18.549395153433803
30,16,19.377209736512416
30,17,18.11174130432875
30,18,19.333419632487356
30,19,19.637692610975478
30,20,17.19623695857278
30,21,16.64485913914324
30,22,13.416625130223725
30,23,14.330139810089435
30,24,11.805021318297168
30,25,8.497124296717168
30,26,6.84417421448077
30,27,8.197561431898874
30,28,5.605212252532408
30,29,3.8250850625815724
30,31,3.8101653398041186
30,32,7.293495189093454
30,33,10.733510757519502
30,34,13.26645940456404
30,35,17.04867736354511
30,36,18.77306767865446
30,37,21.813014499355543
30,38,24.45786032155323
30,39,24.327656984416787
30,40,22.489686080491616
30,41,20.151670205051584
30,42,16.9494271699762
30,43,14.055258794623757
30,44,10.427643876301024
30,45,8.717546897743096
30,46,5.785413979373902
30,47,6.036839664081305
30,48,7.908320240942697
30,49,10.080068983008587
30,50,11.278456674729341
30,51,14.11937343483293
30,52,16.26810921318941
30,53,19.91926206510365
31,1,10.612240157509188
31,2,11.857562118398226
31,3,12.33397175994302
31,4,15.072514011943406
31,5,14.425845410670831
31,6,15.419757831715602
31,7,13.846934603129922
31,8,14.19792562354727
31,9,11.550547963216218
31,10,12.138610955753308
31,11,13.607085370603988
31,12,13.654587296086628
31,13,17.383064343298695
31,14,19.186378149503213
31,15,16.664865562661348
31,16,17.365923390969783
31,17,16.0152660945677
31,18,16.696113749554225
31,19,16.897439928611757
31,20,14.12271160847715
31,21,13.56865727918745
31,22,10.477291703664838
31,23,11.0535681580062
31,24,8.895233359935647
31,25,6.388418163699426
31,26,5.51373006367199
31,27,8.503233309814224
31,28,7.384788611836975
31,29,5.762664437677195
31,30,3.8101653398041186
31,32,3.828849996566824
31,33,6.982598397131251
31,34,9.659106742935549
31,35,13.40126435475834
31,36,15.316036649716533
31,37,18.456123125397305
31,38,21.100684195255383
31,39,20.757405562066634
31,40,18.781708850943627
31,41,16.41737040000878
31,42,13.151774347729548
31,43,10.378113018391982
31,44,6.828792455373547
31,45,5.655722471937277
31,46,4.263763484071568
31,47,5.434475639070279
31,48,8.346254422688904
31,49,9.06089200280811
31,50,9.771501609644606
31,51,13.100482922445726
31,52,15.184435959704766
31,53,18.510402430785643
32,1,8.953045045594271
32,2,9.368464303974868
32,3,9.022070472204039
32,4,11.522449490826798
32,5,11.29121374425903
32,6,12.339622428842913
32,7,11.385909815198374
32,8,12.292953413983573
32,9,9.991151676502907
32,10,11.56518497377213
32,11,12.711535773023769
32,12,13.559373721527122
32,13,17.01939375178283
32,14,18.799476843283415
32,15,16.695588625565016
32,16,16.778568561017206
32,17,14.909254259241731
32,18,14.738093964596995
32,19,14.305652139340031
32,20,11.10105806214701
32,21,10.032359426511986
32,22,6.852778911648956
32,23,7.261878198109796
32,24,5.647246736649858
32,25,4.451078094037945
32,26,5.8252657635163
32,27,9.465755207245778
32,28,9.817527530806792
32,29,7.881294918052982
32,30,7.293495189093454
32,31,3.828849996566824
32,33,3.79383511856555
32,34,6.236051008739728
32,35,10.020228949960657
32,36,12.342630374769342
32,37,15.217710924102015
32,38,18.158630696184492
32,39,17.928404193717935
32,40,15.637158632117577
32,41,13.714515990728428
32,42,10.391082107327026
32,43,8.426944819442761
32,44,5.7778633525483585
32,45,5.467901754874172
32,46,6.14159630731028
32,47,6.35078463980402
32,48,9.932713506314208
32,49,9.665956170698493
32,50,9.033379619891868
32,51,12.188395723180529
32,52,13.638271698242692
