1,2,3.8648536099132405
1,3,6.59735420462124
1,4,7.564659225120078
1,5,5.443492148622393
1,6,5.72029943752156
1,7,9.231102179018214
1,8,9.540201337150917
1,9,9.778294292791632
1,10,13.58808831121429
1,11,16.43281991162756
1,12,17.342493232488405
1,13,13.941534007464009
1,14,14.068332668752003
1,15,11.50531226938112
1,16,12.010182011638754
1,17,12.926629919992196
1,18,14.515913865559519
1,19,18.281796729066023
1,20,20.15858862044426
1,21,23.419228521642122
1,22,22.302494563114113
1,23,18.8038531937874
1,24,17.76689543874094
1,25,15.224550926274924
1,26,16.848449639578025
1,27,16.31163053979493
1,28,16.063187356007308
1,29,16.324883440526737
1,30,14.913129063212551
1,31,18.28486174722157
1,32,17.973524922072713
1,33,15.93556780536454
1,34,17.62735477460763
1,35,19.166302728833926
1,36,17.77471141015918
1,37,14.005418032637824
1,38,13.474481828034667
1,39,14.033740639280925
1,40,14.526922931298724
1,41,17.395499075836344
1,42,16.89181251809867
1,43,19.636131322676697
1,44,19.723985258932345
1,45,21.07677441583392
1,46,23.66168746318597
1,47,25.408054785556235
1,48,24.611701018662078
1,49,23.96540412564582
1,50,22.146154610049457
1,51,20.087701668886112
1,52,18.18545346545473
1,53,14.806135730707677
1,54,12.424611661473467
1,55,9.115838534639725
1,56,7.877604760976375
1,57,9.982335000473382
1,58,8.46151320966028
1,59,7.094690382316838
1,60,8.08742429462342
1,61,11.796679686305179
2,1,3.8648536099132405
2,3,3.8578558765671787
2,4,5.456521455319879
2,5,5.589792286447726
2,6,6.203435317540822
2,7,8.914620245590406
2,8,10.522902174564399
2,9,11.605526261517362
2,10,15.358807314844931
2,11,18.473089709724963
2,12,19.98916077402538
2,13,16.90093379772679
2,14,17.46964726198552
2,15,14.963886924569428
2,16,15.2817725158433
2,17,15.524744550877903
2,18,16.586978300621887
2,19,20.303133633949127
2,20,21.57451130714275
2,21,25.01924924754718
2,22,24.063851726063096
2,23,20.374585675138974
2,24,19.98251404877068
2,25,17.916981569553332
2,26,19.909559940023712
2,27,19.696952231286225
2,28,19.151806560729533
2,29,19.27599039600196
2,30,17.33873918370497
2,31,20.338701725017593
2,32,19.343303037200098
2,33,16.67626943302976
2,34,17.649859714504334
2,35,18.583788327879724
2,36,16.630284908676973
2,37,13.08151549789908
2,38,12.56353336318762
2,39,14.158822470365225
2,40,15.54283381056337
2,41,18.862734828566577
2,42,19.06876952534502
2,43,22.185389226932013
2,44,22.569829196377224
2,45,24.289745150177556
2,46,26.891610941335866
2,47,28.328355884218702
2,48,27.39762551689916
2,49,26.36021431118115
2,50,24.20795697709751
2,51,21.764948093702603
2,52,19.315204343874417
2,53,15.914537539760767
2,54,12.814691845084097
2,55,9.814529610515233
2,56,8.231740919181851
2,57,11.392559140560305
2,58,10.88731130012297
2,59,10.430603222807406
2,60,11.905700409640005
2,61,15.64207867735984
3,1,6.59735420462124
3,2,3.8578558765671787
3,4,3.8602294209217525
3,5,5.856608846365421
3,6,5.091082975475484
3,7,6.697570665716569
3,8,9.54726890387787
3,9,10.738301024260842
3,10,14.164156661964924
3,11,17.25914608300743
3,12,19.44482552236831
3,13,16.896062628996223
3,14,18.039026448937015
3,15,15.809480477414706
3,16,16.294425885562738
3,17,15.786091154299534
3,18,16.82291404885233
3,19,20.2632055764386
3,20,21.097933692081106
3,21,24.780616864203626
3,22,24.39692444611544
3,23,20.79854071968882
3,24,20.898073970956254
3,25,18.956992567396604
3,26,20.803904646314653
3,27,20.60139127313758
3,28,19.366269616848495
3,29,19.08365690920921
3,30,16.521789338316523
3,31,18.98263901297576
3,32,17.333196434105663
3,33,14.214841352386255
3,34,14.621937492405307
3,35,15.164485784515307
3,36,12.987725589458694
3,37,9.603860002787933
3,38,9.363332885561139
3,39,11.592591783560017
3,40,13.492739245833578
3,41,17.11328244849626
3,42,18.051410990052286
3,43,21.518318430856997
3,44,22.468985316297942
3,45,24.568184195612815
3,46,27.3633064996316
3,47,28.357410268329325
3,48,27.034839380823488
3,49,25.662023266852312
3,50,23.071311732093157
3,51,20.471117538078953
3,52,17.569198048053327
3,53,14.497652786495173
3,54,11.08529258423851
3,55,8.27584341507663
3,56,7.647728834309468
3,57,11.343093778700625
3,58,11.178064943265564
3,59,11.955711247115829
3,60,13.771425908786899
3,61,17.61521185401355
4,1,7.564659225120078
4,2,5.456521455319879
4,3,3.8602294209217525
4,5,3.8469423727462217
4,6,5.250822833533253
4,7,5.16902109499117
4,8,7.538926470506167
4,9,10.019301166437598
4,10,13.147925273560233
4,11,16.699288676853843
4,12,18.853335844429612
4,13,16.432169499429346
4,14,18.14468487534871
4,15,16.579417395320807
4,16,17.858125440392584
4,17,17.878770678458586
4,18,19.533415541315943
4,19,22.97036618441918
4,20,24.13795451694596
4,21,27.82550103374782
4,22,27.500573484313907
4,23,24.001804498055733
4,24,23.728578198798093
4,25,21.363531411545488
4,26,22.740056007365464
4,27,21.925125862517156
4,28,20.548613755560194
4,29,19.659025422020633
4,30,16.95240162251497
4,31,19.33905508530664
4,32,17.646668955025543
4,33,14.47690830094709
4,34,15.338013933025469
4,35,15.338836261730117
4,36,13.841293507885588
4,37,10.430046022208947
4,38,11.516300629116934
4,39,13.587340822965892
4,40,14.880994051337767
4,41,18.463287922946254
4,42,19.309770005862052
4,43,22.69319817347401
4,44,23.937760680674167
4,45,25.64961974123182
4,46,28.733599263209218
4,47,29.953174520432047
4,48,28.34923360751788
4,49,27.346841664039843
4,50,24.664775884527486
4,51,22.4881237980795
4,52,19.702481422638026
4,53,16.97657767517508
4,54,13.903291313210563
4,55,10.625641685385679
4,56,10.881917117775963
4,57,14.28652624390123
4,58,13.24790822512294
4,59,13.551346519782653
4,60,14.382430830338825
4,61,18.1510930939269
5,1,5.443492148622393
5,2,5.589792286447726
5,3,5.856608846365421
5,4,3.8469423727462217
5,6,3.841046883125107
5,7,5.099616295165848
5,8,5.3741874405428325
5,9,7.597644038454247
5,10,11.006430291159825
5,11,14.569873746847193
5,12,16.12095649285202
5,13,13.330046114563082
5,14,14.870403037587755
5,15,13.488332974154721
5,16,15.171125149970466
5,17,15.847136376252319
5,18,18.021656454367736
5,19,21.51844486714007
5,20,23.254674044859094
5,21,26.78193591510257
5,22,26.271459053664884
5,23,22.919353534746282
5,24,22.064912685177788
5,25,19.277879791717783
5,26,20.267848020465063
5,27,19.047641672491146
5,28,17.898999138473147
5,29,16.970217416257363
5,30,14.680419572076186
5,31,17.497641887713815
5,32,16.49375837196772
5,33,13.925382630914005
5,34,15.685752245218739
5,35,16.359595127226893
5,36,15.485234736056738
5,37,11.743258000579827
5,38,12.737852371821866
5,39,13.789958184808505
5,40,14.166727131094014
5,41,17.37765661099565
5,42,17.51683775071561
5,43,20.566576258923106
5,44,21.58730916712659
5,45,22.877254203822478
5,46,26.0005284370929
5,47,27.56544928108206
5,48,26.0523309941398
5,49,25.48587449764373
5,50,23.10389619887171
5,51,21.327316804580253
5,52,19.04789560355037
5,53,16.30119314537124
5,54,13.813155540493206
5,55,10.0828551790677
5,56,10.58022301261752
5,57,13.28253836097847
5,58,11.341821419016178
5,59,10.953732995146563
5,60,11.04483437211296
5,61,14.68764628960222
6,1,5.72029943752156
6,2,6.203435317540822
6,3,5.091082975475484
6,4,5.250822833533253
6,5,3.841046883125107
6,7,3.8523263096308837
6,8,5.27354624902112
6,9,5.711796315488337
6,10,9.32615898057361
6,11,12.458340619573743
6,12,14.418783832402351
6,13,11.857627100219625
6,14,13.312634269263175
6,15,11.626964048320598
6,16,12.974555176023818
6,17,12.910066166545988
6,18,14.983218440649491
6,19,18.302291091904355
6,20,19.83099652490214
6,21,23.45477194636034
6,22,23.27261085351117
6,23,20.024344284012262
6,24,19.4649070325495
6,25,16.818055040352714
6,26,17.82550369246316
6,27,16.89379220448576
6,28,15.32667536385498
6,29,14.515245676470583
6,30,11.932816548420467
6,31,14.610073570474778
6,32,13.429228624189298
6,33,10.81346461459255
6,34,12.427493299414976
6,35,13.642984570854157
6,36,12.656268011258149
6,37,8.809968475124714
6,38,9.33822781580219
6,39,10.013395173243007
6,40,10.47490390746793
6,41,13.797400327665459
6,42,14.218948572912222
6,43,17.510597670778253
6,44,18.69390308409409
6,45,20.435831168134342
6,46,23.534610329359268
6,47,24.716692006346673
6,48,23.118919244553368
6,49,22.208360816069042
6,50,19.666593776290522
6,51,17.679418863011144
6,52,15.254975648475499
6,53,12.540772283706666
6,54,10.088360786445921
6,55,6.337861155926025
6,56,7.561278443514941
6,57,10.192740170090733
6,58,8.445487701584126
6,59,9.222439324776397
6,60,10.269278849074707
6,61,14.005970246331152
7,1,9.231102179018214
7,2,8.914620245590406
7,3,6.697570665716569
7,4,5.16902109499117
7,5,5.099616295165848
7,6,3.8523263096308837
7,8,3.871743322471696
7,9,5.887299997257269
7,10,8.392898262692878
7,11,11.860114772106288
7,12,14.448185826060902
7,13,12.66737806547611
7,14,15.022349565637919
7,15,14.154892605355215
7,16,16.01515631728574
7,17,15.75339181037998
7,18,17.99130439025652
7,19,21.002638984281504
7,20,22.322150132961628
7,21,26.035701141961667
7,22,26.266195133324725
7,23,23.165242639943678
7,24,22.78218451269883
7,25,20.114307649425047
7,26,20.778636739998884
7,27,19.53381671042814
7,28,17.438385558871847
7,29,15.873863634245106
7,30,12.719884456083886
7,31,14.64627682853545
7,32,12.758317705891002
7,33,9.643124833109209
7,34,11.069163962647615
7,35,11.358018279085355
7,36,10.884266347574561
7,37,7.296314292187799
7,38,9.381364277949123
7,39,10.484965876831486
7,40,10.917637265645899
7,41,14.327763396194642
7,42,15.372018011851543
7,43,18.77849386166717
7,44,20.60976822135344
7,45,22.330857006809612
7,46,25.689825694663117
7,47,26.6550858338736
7,48,24.586239148367007
7,49,23.67351887461793
7,50,20.753438606026645
7,51,18.98995803993176
7,52,16.329471335500262
7,53,14.295282292440385
7,54,11.950159085419264
7,55,8.577569570088942
7,56,10.641129515314661
7,57,13.350423352035303
7,58,11.655396534480511
7,59,12.78370089356854
7,60,13.39336232272964
7,61,16.92460601797169
8,1,9.540201337150917
8,2,10.522902174564399
8,3,9.54726890387787
8,4,7.538926470506167
8,5,5.3741874405428325
8,6,5.27354624902112
8,7,3.871743322471696
8,9,3.852678015665346
8,10,6.102048998216834
8,11,9.899507729480375
8,12,11.825686027671997
8,13,9.883436002860728
8,14,12.547921729221933
8,15,12.410707011047204
8,16,15.017706150270302
8,17,15.534384730454333
8,18,18.39851190170807
8,19,21.36684026617913
8,20,23.26960061766144
8,21,26.783350388080795
8,22,26.876784640105683
8,23,23.983157691165044
8,24,22.997462842648012
8,25,19.875642197707005
8,26,19.956630300851014
8,27,18.071826791760742
8,28,16.08740466455639
8,29,14.11253619521778
8,30,11.335513959741505
8,31,13.562980843172742
8,32,12.468086129441847
8,33,10.235923056519
8,34,12.750464365374615
8,35,13.448185909034898
8,36,13.834412955822978
8,37,10.368751223363487
8,38,12.429540666007936
8,39,12.560161386349879
8,40,11.82758672603999
8,41,14.618456831419953
8,42,14.873376862013648
8,43,17.8098198202549
8,44,19.579738174282472
8,45,20.689217678176202
8,46,24.201606826669114
8,47,25.555224317000683
8,48,23.433815272603148
8,49,23.12276755181859
8,50,20.4895109240593
8,51,19.354680209288667
8,52,17.310783083616446
8,53,15.48028797218917
8,54,13.868710416940594
8,55,10.25331211692224
8,56,12.47368237434734
8,57,14.445931056600681
8,58,11.815678836485015
8,59,12.209879620490312
8,60,11.716392262484725
8,61,14.846060948628253
9,1,9.778294292791632
9,2,11.605526261517362
9,3,10.738301024260842
9,4,10.019301166437598
9,5,7.597644038454247
9,6,5.711796315488337
9,7,5.887299997257269
9,8,3.852678015665346
9,10,3.830675369867193
9,11,7.023241189479622
9,12,8.865750631035105
9,13,6.792074591955081
9,14,9.323241131342925
9,15,9.201997608695361
9,16,11.870652228884357
9,17,12.2048644402615
9,18,15.326328076564431
9,19,18.028992136640042
9,20,20.120983849406777
9,21,23.511370260889038
9,22,23.757800964359546
9,23,21.141001218185597
9,24,20.031641539592815
9,25,16.82437645854608
9,26,16.565301631740372
9,27,14.626406545507733
9,28,12.357561469227297
9,29,10.356005962399866
9,30,7.550871369851365
9,31,10.108253496836333
9,32,9.575788371739897
9,33,8.09034687760677
9,34,11.192320510257586
9,35,12.930364752768567
9,36,13.54248365534798
9,37,10.139413673555612
9,38,11.514962660726072
9,39,10.517118448790777
9,40,8.92566342559426
9,41,11.267178643475106
9,42,11.112443262553125
9,43,13.973753498316313
9,44,15.75142127553801
9,45,16.959303088635426
9,46,20.48259675730705
9,47,21.725682315621384
9,48,19.594762539945133
9,49,19.301572101023204
9,50,16.77259634755453
9,51,15.815457554911527
9,52,14.143132966816395
9,53,12.502620651673872
9,54,11.641388681518634
9,55,8.272206914992294
9,56,11.037622882028963
9,57,12.10874906945701
9,58,9.120125312072952
9,59,10.012718467706323
9,60,9.726470835240303
9,61,12.584096515935887
10,1,13.58808831121429
10,2,15.358807314844931
10,3,14.164156661964924
10,4,13.147925273560233
10,5,11.006430291159825
10,6,9.32615898057361
10,7,8.392898262692878
10,8,6.102048998216834
10,9,3.830675369867193
10,11,3.8307480467110078
10,12,6.330181815459379
10,13,5.986939942749251
10,14,9.479822355343341
10,15,10.676680279552473
10,16,13.740063124359564
10,17,13.945842128180251
10,18,17.29229828691349
10,19,19.415787671597823
10,20,21.523305622849588
10,21,24.758936980396633
10,22,25.436819480051255
10,23,23.237576955445977
10,24,22.084046212433023
10,25,18.81873210429078
10,26,17.884676252817684
10,27,15.513753651282263
10,28,12.684659139825175
10,29,9.712765210153394
10,30,6.652732174945172
10,31,8.061620314125319
10,32,7.598339989042805
10,33,7.056528971786269
10,34,10.695242784592859
10,35,12.33964888539288
10,36,14.011409800235258
10,37,11.308204045565343
10,38,13.25999059392144
10,39,11.732255056921037
10,40,9.300802941800525
10,41,10.763260340035181
10,42,10.701763344921122
10,43,13.160411992845367
10,44,15.610726911633277
10,45,16.541193548866016
10,46,20.278867385731893
10,47,21.297718095862272
10,48,18.649561942361533
10,49,18.64542808150832
10,50,15.984650247416823
10,51,15.754538973880274
10,52,14.45328962464096
10,53,13.806145007378365
10,54,13.708516590034298
10,55,10.952769273012544
10,56,14.22791585585202
10,57,14.867959503314683
10,58,11.872845876646783
10,59,13.035378659477717
10,60,12.366859582687676
10,61,14.490219206629568
11,1,16.43281991162756
11,2,18.473089709724963
11,3,17.25914608300743
11,4,16.699288676853843
11,5,14.569873746847193
11,6,12.458340619573743
11,7,11.860114772106288
11,8,9.899507729480375
11,9,7.023241189479622
11,10,3.8307480467110078
11,12,3.832653366654561
11,13,5.6197550210339
11,14,8.829239198143672
11,15,10.74316468885145
11,16,13.690774617736219
11,17,13.61895835185046
11,18,17.032989627896328
11,19,18.464965401473474
11,20,20.635261014788558
11,21,23.568096150203232
11,22,24.61192316638749
11,23,22.93731726412588
11,24,21.72161890857378
11,25,18.520655419110014
11,26,16.96271697970283
11,27,14.43404620154721
11,28,11.139667301907991
11,29,7.616701498987351
11,30,4.7880955600135895
11,31,4.870828937458411
11,32,5.572487567150236
11,33,7.07861227638936
11,34,10.854595685376847
11,35,13.086159679192061
11,36,15.257111183381937
11,37,13.165393901710162
11,38,14.728809873279241
11,39,12.33601229722355
11,40,9.050076685723234
11,41,9.092292255692369
11,42,8.645600283205482
11,43,10.450127069306472
11,44,13.361040947373507
11,45,14.16247203026805
11,46,17.93474445392931
11,47,18.63653310891487
11,48,15.643027293656068
11,49,15.86312388306701
11,50,13.284662274160517
11,51,13.817102308175675
11,52,13.236060575489118
11,53,13.48092903649497
11,54,14.40973427198705
11,55,12.447322116721917
11,56,15.928099566592001
11,57,15.75491623756051
11,58,12.84016906041952
11,59,14.350399816441575
11,60,13.738679399684411
11,61,15.114856432430217
12,1,17.342493232488405
12,2,19.98916077402538
12,3,19.44482552236831
12,4,18.853335844429612
12,5,16.12095649285202
12,6,14.418783832402351
12,7,14.448185826060902
12,8,11.825686027671997
12,9,8.865750631035105
12,10,6.330181815459379
12,11,3.832653366654561
12,13,3.830371995715608
12,14,6.553475486504177
12,15,9.574202157874163
12,16,12.869620414457222
12,17,13.638676096380227
12,18,17.331814999946918
12,19,18.61941558136458
12,20,21.326114101480876
12,21,23.866385504846015
12,22,24.612955790852382
12,23,23.21376701357705
12,24,21.41898018027715
12,25,17.96544219940942
12,26,15.807623923212017
12,27,12.687035434533637
12,28,9.835311644343623
12,29,6.105934604136692
12,30,5.413367523612985
12,31,6.276521736159824
12,32,8.681968390617877
12,33,10.720217593760314
12,34,14.48308561366296
12,35,16.89709676940279
12,36,18.934680900321325
12,37,16.625394862656698
12,38,17.838754457433264
12,39,15.238886036859707
12,40,11.764696643889447
12,41,11.162923725511105
12,42,9.386437485235732
12,43,9.934901332635341
12,44,12.231754533529642
12,45,12.019034984975931
12,46,15.809585946430078
12,47,17.067116539529916
12,48,14.288275873842883
12,49,15.40039463582185
12,50,13.641958888419772
12,51,14.852514330774714
12,52,15.120209245275126
12,53,15.255018781580752
12,54,16.58560119248599
12,55,14.56458612543337
12,56,17.62171629787916
12,57,16.88814272720246
12,58,13.5712691879392
12,59,14.312120275130821
12,60,12.916382353751152
12,61,13.348155614822524
13,1,13.941534007464009
13,2,16.90093379772679
13,3,16.896062628996223
13,4,16.432169499429346
13,5,13.330046114563082
13,6,11.857627100219625
13,7,12.66737806547611
13,8,9.883436002860728
13,9,6.792074591955081
13,10,5.986939942749251
13,11,5.6197550210339
13,12,3.830371995715608
13,14,3.792067873577997
13,15,6.412013854509188
13,16,10.056580513979057
13,17,11.477083019793742
13,18,15.282358585548618
13,19,17.19659158425196
13,20,20.135197510031684
13,21,22.800970648989352
13,22,23.01077562811014
13,23,21.22122236694691
13,24,19.208116157212817
13,25,15.564507663682193
13,26,13.820373557697947
13,27,10.714720755213477
13,28,8.518936553265942
13,29,5.6697204182656495
13,30,5.261058209534219
13,31,8.102722661014393
13,32,10.157111508764238
13,33,11.239537855715204
13,34,14.967147688225003
13,35,17.470988451990152
13,36,18.815425814322612
13,37,15.913099055566054
13,38,16.75698511886092
13,39,14.461735816142468
13,40,11.416639758912144
13,41,11.606404272762012
13,42,9.4966428315201
13,43,10.546863412041862
13,44,11.951471943735584
13,45,11.832039397818326
13,46,15.517925876254614
13,47,17.29822488934951
13,48,15.170192897962291
13,49,16.1047338747664
13,50,14.536302235098923
13,51,15.036645942755872
13,52,15.02338050066029
13,53,14.202827760093983
13,54,15.043617608143968
13,55,12.536866528501253
13,56,15.077708603047407
13,57,14.418319891987306
13,58,10.78945225444388
13,59,10.882346480005923
13,60,9.16157741547833
13,61,9.86999665744147
14,1,14.068332668752003
14,2,17.46964726198552
14,3,18.039026448937015
14,4,18.14468487534871
14,5,14.870403037587755
14,6,13.312634269263175
14,7,15.022349565637919
14,8,12.547921729221933
14,9,9.323241131342925
14,10,9.479822355343341
14,11,8.829239198143672
14,12,6.553475486504177
14,13,3.792067873577997
14,15,3.820994500059224
14,16,7.302654748028468
14,17,9.50545822232494
14,18,13.296201174761729
14,19,15.0875340898228
14,20,18.43567492786041
14,21,20.71314185075587
14,22,20.532951604396903
14,23,18.964192911097552
14,24,16.488316430592633
14,25,12.737143559892417
14,26,10.635764114435574
14,27,7.241738539371477
14,28,5.964179531911045
14,29,4.603268944977421
14,30,6.426783813638403
14,31,9.659380108390858
14,32,12.34798572442263
14,33,13.697301975108703
14,34,17.1802096537816
14,35,20.093045109916957
14,36,21.031164866207522
14,37,18.042485510623237
14,38,18.144915038055807
14,39,15.599533815516596
14,40,12.636068319768727
14,41,12.372422753695119
14,42,9.36727223446469
14,43,9.591666051493965
14,44,9.761356140612877
14,45,9.154565607858293
14,46,12.559902015392488
14,47,14.847061296486062
14,48,13.418052582049189
14,49,14.662290484059294
14,50,13.889056041285365
14,51,14.46277898452462
14,52,15.08269575404707
14,53,13.984955069242309
14,54,15.22600485428774
14,55,13.095568158029296
14,56,14.958254441641134
14,57,13.490487268387337
14,58,9.87871694793239
14,59,9.354306980188118
14,60,7.447568965458939
14,61,6.994527404702462
15,1,11.50531226938112
15,2,14.963886924569428
15,3,15.809480477414706
15,4,16.579417395320807
15,5,13.488332974154721
15,6,11.626964048320598
15,7,14.154892605355215
15,8,12.410707011047204
15,9,9.201997608695361
15,10,10.676680279552473
15,11,10.74316468885145
15,12,9.574202157874163
15,13,6.412013854509188
15,14,3.820994500059224
15,16,3.8092904526292912
15,17,6.427685370269173
15,18,10.086948639722861
15,19,12.46165291138945
15,20,15.799011659677635
15,21,18.236649072939663
15,22,17.678889624306034
15,23,15.708881892593906
15,24,13.281428740227017
15,25,9.503869269448213
15,26,8.26297193789041
15,27,5.796540926522892
15,28,5.318996150214441
15,29,6.039664566415496
15,30,7.26907894814382
15,31,10.954472820483506
15,32,13.074121162719301
15,33,13.767161523176
15,34,16.788789199114525
15,35,19.847072317253502
15,36,20.087935399823067
15,37,16.91572144235688
15,38,16.33535283295838
15,39,13.982438289266884
15,40,11.654543297524564
15,41,11.921422110175957
15,42,9.090535336069848
15,43,10.00269496815353
15,44,9.451338453706063
15,45,9.820190656098397
15,46,12.715576288818916
15,47,14.884412350362858
15,48,14.05171798783996
15,49,14.557342228404623
15,50,13.769291045069622
15,51,13.42459825555796
15,52,13.706243138820097
15,53,11.801274964081205
15,54,12.714814463474081
15,55,10.687857897278047
15,56,11.846343915512739
15,57,10.094710707234604
15,58,6.546868886373066
15,59,5.755806434845583
15,60,4.792709756772127
15,61,5.227412410644596
16,1,12.010182011638754
16,2,15.2817725158433
16,3,16.294425885562738
16,4,17.858125440392584
16,5,15.171125149970466
16,6,12.974555176023818
16,7,16.01515631728574
16,8,15.017706150270302
16,9,11.870652228884357
16,10,13.740063124359564
16,11,13.690774617736219
16,12,12.869620414457222
16,13,10.056580513979057
16,14,7.302654748028468
16,15,3.8092904526292912
16,17,3.830829293966161
16,18,6.853786561862679
16,19,9.37164818234402
16,20,12.836518156275597
16,21,15.064415093873667
16,22,14.106968376191535
16,23,12.092320536769908
16,24,9.501583179452954
16,25,5.71431409723882
16,26,5.200180887031373
16,27,4.524817945507008
16,28,5.424168238947498
16,29,8.058545134115466
16,30,9.484949046249689
16,31,12.849353998086649
16,32,14.81850189190209
16,33,15.416432117609087
16,34,17.85833860556057
16,35,21.151976800880252
16,36,20.86658101901193
16,37,17.844004879515918
16,38,16.430860244499463
16,39,14.035112347936012
16,40,12.256305477942446
16,41,12.368453850982473
16,42,9.572509873071201
16,43,10.327235051438764
16,44,8.718107097839534
16,45,9.768452119849858
16,46,11.782980929541555
16,47,13.744554567840906
16,48,13.709868984137083
16,49,13.686788912482301
16,50,13.352089842930374
16,51,12.447633822986978
16,52,12.941207098934717
16,53,10.632351704618259
16,54,11.755587277442352
16,55,10.595131609576539
16,56,10.829784990560217
16,57,8.118116952387432
16,58,5.580838458895526
16,59,5.000677495819083
16,60,6.023170105547803
16,61,6.218995467890599
17,1,12.926629919992196
17,2,15.524744550877903
17,3,15.786091154299534
17,4,17.878770678458586
17,5,15.847136376252319
17,6,12.910066166545988
17,7,15.75339181037998
17,8,15.534384730454333
17,9,12.2048644402615
17,10,13.945842128180251
17,11,13.61895835185046
17,12,13.638676096380227
17,13,11.477083019793742
17,14,9.50545822232494
17,15,6.427685370269173
17,16,3.830829293966161
17,18,3.8326451259334826
17,19,6.351683242912881
17,20,9.440603752413258
17,21,12.146407982449823
17,22,11.836733068974782
17,23,9.747449894641848
17,24,8.172987475765256
17,25,5.223246720536805
17,26,5.581856305166506
17,27,6.476256061668813
17,28,5.786614776909244
17,29,8.434421350800598
17,30,9.034856989919925
17,31,11.778917976413918
17,32,13.245965773831363
17,33,13.766670218273257
17,34,15.602800175397888
17,35,19.094539498123275
17,36,18.5838937525349
17,37,15.977245864918997
17,38,14.047069375546297
17,39,11.342114445514035
17,40,9.851711678826582
17,41,9.800729434389925
17,42,7.585676235949471
17,43,8.97360638253457
17,44,7.795005274708879
17,45,10.257641841814687
17,46,12.139456520338886
17,47,13.034558904695055
17,48,12.76534819136333
17,49,11.708209424422797
17,50,10.904675577267339
17,51,9.214425193372147
17,52,9.485278607378342
17,53,7.108742758448074
17,54,8.798403994777546
17,55,8.747060770084893
17,56,9.222206480992147
17,57,5.890482716108351
17,58,4.706066510817744
17,59,6.598530253547601
17,60,8.996048144253805
17,61,9.985487235762035
18,1,14.515913865559519
18,2,16.586978300621887
18,3,16.82291404885233
18,4,19.533415541315943
18,5,18.021656454367736
18,6,14.983218440649491
18,7,17.99130439025652
18,8,18.39851190170807
18,9,15.326328076564431
18,10,17.29229828691349
18,11,17.032989627896328
18,12,17.331814999946918
18,13,15.282358585548618
18,14,13.296201174761729
18,15,10.086948639722861
18,16,6.853786561862679
18,17,3.8326451259334826
18,19,3.831435788326712
18,20,6.376049380617865
18,21,9.121005727585738
18,22,8.493907134245704
18,23,6.008715700612701
18,24,5.345571828431591
18,25,4.2516610818442055
18,26,6.4984899192173184
18,27,9.07280534105383
18,28,9.05431173701276
18,29,11.993128670451856
18,30,12.462247084906506
18,31,14.744526731122342
18,32,15.805599979119199
18,33,16.061736066295104
18,34,17.14820862066912
18,35,20.612913377748374
18,36,19.54706449144174
18,37,17.277968375945132
18,38,14.605974096753696
18,39,12.194019423532163
18,40,11.647010825631018
18,41,11.622793178935492
18,42,10.124123404181313
18,43,11.381177873406477
18,44,9.787413985714885
18,45,12.620261015739034
18,46,13.593782128186355
18,47,13.91763230395496
18,48,14.303510278589304
18,49,12.543883341612736
18,50,12.057071001298091
18,51,9.632059682949
18,52,9.807678290972238
18,53,7.210267378403023
18,54,8.784805674381802
18,55,9.977937438580756
18,56,9.393404595931031
18,57,5.551015771157668
18,58,6.790825042730603
18,59,8.746422106170842
18,60,11.827568473491311
18,61,12.821521991426525
19,1,18.281796729066023
19,2,20.303133633949127
19,3,20.2632055764386
19,4,22.97036618441918
19,5,21.51844486714007
19,6,18.302291091904355
19,7,21.002638984281504
19,8,21.36684026617913
19,9,18.028992136640042
19,10,19.415787671597823
19,11,18.464965401473474
19,12,18.61941558136458
19,13,17.19659158425196
19,14,15.0875340898228
19,15,12.46165291138945
19,16,9.37164818234402
19,17,6.351683242912881
19,18,3.831435788326712
19,20,3.849909856627473
19,21,5.808583132683717
19,22,6.164043848192874
19,23,5.504952427842363
19,24,5.48667363453079
19,25,5.906602378633179
19,26,6.892472819233846
19,27,9.921231075914049
19,28,9.755207529780169
19,29,12.86433274786979
19,30,13.76700396404924
19,31,15.286325567013169
19,32,16.621974683367675
19,33,17.508302415522945
19,34,18.36441248707655
19,35,22.013704475260965
19,36,21.1964829887979
19,37,19.45061664436607
19,38,16.71962447571772
19,39,13.878500106614483
19,40,13.025257845185639
19,41,11.963378753635647
19,42,10.4162909309744
19,43,10.756515688744686
19,44,8.793145304328064
19,45,11.919513701712107
19,46,12.131237249054756
19,47,11.583453047648469
19,48,12.37674850508524
19,49,10.158298554857254
19,50,10.38017524751241
19,51,8.233742416912763
19,52,9.555089097649095
19,53,8.32292105483604
19,54,10.947819734143852
19,55,12.874634603541361
19,56,12.76736428336808
19,57,9.034846575432976
19,58,10.245748856800823
19,59,12.313326412076483
19,60,15.018486174312628
19,61,15.418255218938981
20,1,20.15858862044426
20,2,21.57451130714275
20,3,21.097933692081106
20,4,24.13795451694596
20,5,23.254674044859094
20,6,19.83099652490214
20,7,22.322150132961628
20,8,23.26960061766144
20,9,20.120983849406777
20,10,21.523305622849588
20,11,20.635261014788558
20,12,21.326114101480876
20,13,20.135197510031684
20,14,18.43567492786041
20,15,15.799011659677635
20,16,12.836518156275597
20,17,9.440603752413258
20,18,6.376049380617865
20,19,3.849909856627473
20,21,3.856832700869558
20,22,5.712204350108938
20,23,5.403573046410061
20,24,7.63417544718277
20,25,9.23957297094686
20,26,10.725850162986708
20,27,13.731516665504747
20,28,13.176217727836333
20,29,15.881540962836603
20,30,16.17879412085501
20,31,17.189292563568866
20,32,17.874452299637902
20,33,18.443902047401924
20,34,18.507448661592814
20,35,21.993015068355284
20,36,20.80657494791578
20,37,19.617200769309036
20,38,16.473975470957317
20,39,13.917697030142639
20,40,13.849354874161461
20,41,12.926062281174906
20,42,12.425685978443646
20,43,13.172610380229775
20,44,11.861591570240584
20,45,15.26485522204049
20,46,15.340807637555464
20,47,14.082749779580002
20,48,14.71707081483102
20,49,11.762712582816015
20,50,11.57751820451471
20,51,8.738749897377371
20,52,9.440882656648936
20,53,8.61368641249535
20,54,10.996046500869166
20,55,13.842024933782849
20,56,13.551410566987977
20,57,10.262078269312106
20,58,12.468049398514552
20,59,15.021204306410189
20,60,18.128304355915983
20,61,18.94948776040856
21,1,23.419228521642122
21,2,25.01924924754718
21,3,24.780616864203626
21,4,27.82550103374782
21,5,26.78193591510257
21,6,23.45477194636034
21,7,26.035701141961667
21,8,26.783350388080795
21,9,23.511370260889038
21,10,24.758936980396633
21,11,23.568096150203232
21,12,23.866385504846015
21,13,22.800970648989352
21,14,20.71314185075587
21,15,18.236649072939663
21,16,15.064415093873667
21,17,12.146407982449823
21,18,9.121005727585738
21,19,5.808583132683717
21,20,3.856832700869558
21,22,3.8492149846827317
21,23,6.198820851434667
21,24,8.178663236153557
21,25,10.647157556846949
21,26,11.736211956009926
21,27,15.0709664119599
21,28,15.081984424521847
21,29,18.10571596330733
21,30,18.994217197265705
21,31,19.84743692144897
21,32,20.93330767427811
21,33,21.891436817836954
21,34,22.035415435204136
21,35,25.574350741953424
21,36,24.514718721998314
21,37,23.430521333862124
21,38,20.310185024422246
21,39,17.68812736569258
21,40,17.37504625170895
21,41,15.98314055375815
21,42,15.085353278508206
21,43,14.97946964455983
21,44,13.047095474536443
21,45,16.0345348598342
21,46,15.179094642051234
21,47,13.57961891786409
21,48,15.037228329735788
21,49,12.271467255320736
21,50,13.142941157529826
21,51,11.106944448591275
21,52,12.642084282446328
21,53,12.324315159552683
21,54,14.848997980015174
21,55,17.597062951350566
21,56,17.168385461324565
21,57,13.723693830758517
21,58,15.721761001829549
21,59,17.833774417219246
21,60,20.689266766242373
21,61,20.931543585850818
22,1,22.302494563114113
22,2,24.063851726063096
22,3,24.39692444611544
22,4,27.500573484313907
22,5,26.271459053664884
22,6,23.27261085351117
22,7,26.266195133324725
22,8,26.876784640105683
22,9,23.757800964359546
22,10,25.436819480051255
22,11,24.61192316638749
22,12,24.612955790852382
22,13,23.01077562811014
22,14,20.532951604396903
22,15,17.678889624306034
22,16,14.106968376191535
22,17,11.836733068974782
22,18,8.493907134245704
22,19,6.164043848192874
22,20,5.712204350108938
22,21,3.8492149846827317
22,23,3.8693351221384424
22,24,5.44738276971608
22,25,8.8117142595249
22,26,10.629807600738525
22,27,14.361581532021
22,28,15.271164263792167
22,29,18.70732021982563
22,30,19.891577174293538
22,31,21.39540573520924
22,32,22.67890609901447
22,33,23.40967552224609
22,34,23.86591813472033
22,35,27.37785328357786
22,36,26.103915053396783
22,37,24.54797690129641
22,38,21.364976757606023
22,39,19.03378301631129
22,40,18.819741862268206
22,41,17.882763095372685
22,42,16.529015266180064
22,43,16.45772707060443
22,44,13.934454356956161
22,45,16.44648051555647
22,46,15.381465284330883
22,47,14.649599056791626
22,48,16.612439234602345
22,49,14.477446866783726
22,50,15.55910883338115
22,51,13.570802175687758
22,52,14.87557105660576
22,53,13.66020232845188
22,54,15.633671589203605
22,55,17.894789456491466
22,56,16.78265965572033
22,57,13.228198504171797
22,58,15.232729116925599
22,59,16.628175791100695
22,60,19.4466857745892
22,61,19.47628507643777
23,1,18.8038531937874
23,2,20.374585675138974
23,3,20.79854071968882
23,4,24.001804498055733
23,5,22.919353534746282
23,6,20.024344284012262
23,7,23.165242639943678
23,8,23.983157691165044
23,9,21.141001218185597
23,10,23.237576955445977
23,11,22.93731726412588
23,12,23.21376701357705
23,13,21.22122236694691
23,14,18.964192911097552
23,15,15.708881892593906
23,16,12.092320536769908
23,17,9.747449894641848
23,18,6.008715700612701
23,19,5.504952427842363
23,20,5.403573046410061
23,21,6.198820851434667
23,22,3.8693351221384424
23,24,3.8509280754662054
23,25,7.010888905625192
23,26,9.932864560689437
23,27,13.525189855712576
23,28,14.327797178638052
23,29,17.616353221967078
23,30,18.332150481249187
23,31,20.26271067101308
23,32,21.194522474650913
23,33,21.38299484002409
23,34,21.823783176357257
23,35,25.17096866113662
23,36,23.60338256482945
23,37,21.770926976785606
23,38,18.513468620023968
23,39,16.5773539958336
23,40,16.7783698716911
23,41,16.575741047619722
23,42,15.450843080440801
23,43,16.16442217872113
23,44,13.995274901087862
23,45,16.681002692855543
23,46,16.397751581405522
23,47,16.19681961982262
23,48,17.60623803335742
23,49,15.47265747833425
23,50,15.777956196471044
23,51,13.226430459687435
23,52,13.665474657139018
23,53,11.561787758913425
23,54,12.800469702254643
23,55,14.8398255423746
23,56,13.262751441219374
23,57,9.870545521206797
23,58,12.276893243899778
23,59,13.66263019065924
23,60,16.839115423818612
23,61,17.4445990224037
24,1,17.76689543874094
24,2,19.98251404877068
24,3,20.898073970956254
24,4,23.728578198798093
24,5,22.064912685177788
24,6,19.4649070325495
24,7,22.78218451269883
24,8,22.997462842648012
24,9,20.031641539592815
24,10,22.084046212433023
24,11,21.72161890857378
24,12,21.41898018027715
24,13,19.208116157212817
24,14,16.488316430592633
24,15,13.281428740227017
24,16,9.501583179452954
24,17,8.172987475765256
24,18,5.345571828431591
24,19,5.48667363453079
24,20,7.63417544718277
24,21,8.178663236153557
24,22,5.44738276971608
24,23,3.8509280754662054
24,25,3.83937660542518
24,26,6.7757871218868555
24,27,10.474628371325142
24,28,12.08316928865232
24,29,15.680672577244104
24,30,17.02739271551287
24,31,19.35267520542277
24,32,20.85957548407222
24,33,21.35970828762835
24,34,22.46160162547827
24,35,25.929175902731274
24,36,24.72710235322412
24,37,22.467443326454106
24,38,19.61905040054165
24,39,17.434999922882543
24,40,16.9643393375416
24,41,16.599273814340613
24,42,14.66447397353879
24,43,14.896683488959674
24,44,12.15488443075317
24,45,14.19152030821643
24,46,13.794712977793596
24,47,14.365813105730588
24,48,16.070010891127975
24,49,14.719586165758033
24,50,15.470094830044411
24,51,13.593310862906492
24,52,14.53571459916321
24,53,12.349623186874581
24,54,13.794246655090365
24,55,14.987078487051706
24,56,13.594647724140973
24,57,9.93725647925439
24,58,11.235313039059045
24,59,11.778912285648275
24,60,14.399289084389803
24,61,14.36614927666767
25,1,15.224550926274924
25,2,17.916981569553332
25,3,18.956992567396604
25,4,21.363531411545488
25,5,19.277879791717783
25,6,16.818055040352714
25,7,20.114307649425047
25,8,19.875642197707005
25,9,16.82437645854608
25,10,18.81873210429078
25,11,18.520655419110014
25,12,17.96544219940942
25,13,15.564507663682193
25,14,12.737143559892417
25,15,9.503869269448213
25,16,5.71431409723882
25,17,5.223246720536805
25,18,4.2516610818442055
25,19,5.906602378633179
25,20,9.23957297094686
25,21,10.647157556846949
25,22,8.8117142595249
25,23,7.010888905625192
25,24,3.83937660542518
25,26,3.8336092047196106
25,27,7.04080255505207
25,28,8.824198126542173
25,29,12.382708344151698
25,30,13.902943371268595
25,31,16.60527161238862
25,32,18.37198919854512
25,33,18.96737757013382
25,34,20.605464465068252
25,35,24.076393159675888
25,36,23.221852917702716
25,37,20.62424309919551
25,38,18.258925772100717
25,39,15.911145888397675
25,40,14.903446048499198
25,41,14.637971411278016
25,42,12.236176867985263
25,43,12.529471925701378
25,44,9.873136503183975
25,45,11.582849295373288
25,46,11.944154312812142
25,47,13.208770810489831
25,48,14.408440541265728
25,49,13.619642642185276
25,50,14.094065708600159
25,51,12.597623743113765
25,52,13.50981943190878
25,53,11.16793463804969
25,54,12.62041952435872
25,55,12.973153883474422
25,56,12.07518249360994
25,57,8.432617157784177
25,58,8.474416777985317
25,59,8.6064072012834
25,60,10.832977002828635
25,61,10.686322606068904
26,1,16.848449639578025
26,2,19.909559940023712
26,3,20.803904646314653
26,4,22.740056007365464
26,5,20.267848020465063
26,6,17.82550369246316
26,7,20.778636739998884
26,8,19.956630300851014
26,9,16.565301631740372
26,10,17.884676252817684
26,11,16.96271697970283
26,12,15.807623923212017
26,13,13.820373557697947
26,14,10.635764114435574
26,15,8.26297193789041
26,16,5.200180887031373
26,17,5.581856305166506
26,18,6.4984899192173184
26,19,6.892472819233846
26,20,10.725850162986708
26,21,11.736211956009926
26,22,10.629807600738525
26,23,9.932864560689437
26,24,6.7757871218868555
26,25,3.8336092047196106
26,27,3.8226653593994104
26,28,6.140415594860346
26,29,9.94959685428931
26,30,12.336661183471332
26,31,14.82137497508683
26,32,17.263801514711325
26,33,18.5702691085046
26,34,20.667010301802215
26,35,24.280827368836903
26,36,24.029453006119155
26,37,21.492989984641223
26,38,19.60262681833226
26,39,16.757458494784974
26,40,14.894027827873341
26,41,13.882533762914727
26,42,10.76303515826534
26,43,10.052259718885091
26,44,6.85472943237985
26,45,7.895255555954064
26,46,8.26221926517047
26,47,10.003633747489761
26,48,11.232488141406641
26,49,11.234926143306946
26,50,12.253638749730948
26,51,11.805527309093755
26,52,13.538226462787794
26,53,12.023042446542554
26,54,14.193679492885362
26,55,14.28844781806578
26,56,14.319768113595162
26,57,10.77324429479946
26,58,9.706892712999661
26,59,9.783657416839398
26,60,10.917558664318054
26,61,9.838417909389749
27,1,16.31163053979493
27,2,19.696952231286225
27,3,20.60139127313758
27,4,21.925125862517156
27,5,19.047641672491146
27,6,16.89379220448576
27,7,19.53381671042814
27,8,18.071826791760742
27,9,14.626406545507733
27,10,15.513753651282263
27,11,14.43404620154721
27,12,12.687035434533637
27,13,10.714720755213477
27,14,7.241738539371477
27,15,5.796540926522892
27,16,4.524817945507008
27,17,6.476256061668813
27,18,9.07280534105383
27,19,9.921231075914049
27,20,13.731516665504747
27,21,15.0709664119599
27,22,14.361581532021
27,23,13.525189855712576
27,24,10.474628371325142
27,25,7.04080255505207
27,26,3.8226653593994104
27,28,3.839781050963005
27,29,7.194536079464076
27,30,10.189147588384616
27,31,12.887680896103443
27,32,15.766477519217316
27,33,17.35775267661026
27,34,20.029402593266514
27,35,23.533387367832216
27,36,23.775228002098824
27,37,21.060417480125736
27,38,19.8267082899023
27,39,16.90065018762584
27,40,14.428839975472819
27,41,13.363772440580947
27,42,9.798674393536578
27,43,8.788087105365094
27,44,6.108947164692804
27,45,5.8175731812006415
27,46,7.513035594892434
27,47,10.08072060150577
27,48,10.475964968246172
27,49,11.44461802856031
27,50,12.189957541053452
27,51,12.504763058279904
27,52,14.207996009376952
27,53,12.965272344256121
27,54,15.057753868188177
27,55,14.36447698625965
27,56,15.073815151527011
27,57,12.05517387954289
27,58,9.786169336211309
27,59,9.409971398577776
27,60,9.28452781763162
27,61,7.631234193281519
28,1,16.063187356007308
28,2,19.151806560729533
28,3,19.366269616848495
28,4,20.548613755560194
28,5,17.898999138473147
28,6,15.32667536385498
28,7,17.438385558871847
28,8,16.08740466455639
28,9,12.357561469227297
28,10,12.684659139825175
28,11,11.139667301907991
28,12,9.835311644343623
28,13,8.518936553265942
28,14,5.964179531911045
28,15,5.318996150214441
28,16,5.424168238947498
28,17,5.786614776909244
28,18,9.05431173701276
28,19,9.755207529780169
28,20,13.176217727836333
28,21,15.081984424521847
28,22,15.271164263792167
28,23,14.327797178638052
28,24,12.08316928865232
28,25,8.824198126542173
28,26,6.140415594860346
28,27,3.839781050963005
28,29,3.8274876056567715
28,30,6.685422273762666
28,31,9.095108137375412
28,32,12.026948759068866
28,33,13.911797029729302
28,34,16.639336355200214
28,35,20.186560753298615
28,36,20.760070789170687
28,37,18.297381586969227
28,38,17.35680654474313
28,39,14.136483124266984
28,40,11.216894791989883
28,41,9.806620462190349
28,42,6.117311444052916
28,43,5.370573251736544
28,44,4.155217488292438
28,45,5.206270220366551
