1,2,3.8495694238160794
1,3,6.330819218131222
1,4,10.000915726762763
1,5,12.130677257759
1,6,10.167063311459902
1,7,12.275508300865761
1,8,12.093362825066636
1,9,14.731521295950207
1,10,15.58826181629641
1,11,18.62184187683171
1,12,21.43959370585761
1,13,23.492631558013535
1,14,26.958514161893913
1,15,26.8409152908502
1,16,23.76024617032764
1,17,23.248846123044835
1,18,19.822249708247035
1,19,19.78152072299071
1,20,17.754406283949535
1,21,16.008125979015844
1,22,13.939599240443853
1,23,11.567372833685903
1,24,13.84925514000104
1,25,13.116916089040297
1,26,10.950214538613162
1,27,13.468635918155577
1,28,13.902969624149957
1,29,14.373989818759096
1,30,10.679415962510562
1,31,12.399602582175596
1,32,13.13262916726792
1,33,12.38698324130037
1,34,15.175488585996257
1,35,15.217005883666637
1,36,18.018229626503672
1,37,19.392703608142316
1,38,20.426591724653733
1,39,23.61413371726537
1,40,25.490710061194953
1,41,23.337153899119933
1,42,23.12515737198098
1,43,20.641443037334355
1,44,19.702368901530914
1,45,17.82368948145553
1,46,15.974630430306167
1,47,14.54308977873309
1,48,10.812311005343844
1,49,12.558273540575348
1,50,14.599483625761167
1,51,12.150619529537265
1,52,11.172668723381332
1,53,10.805775421608912
2,1,3.8495694238160794
2,3,3.852952183482707
2,4,6.779521543381896
2,5,9.021650261460165
2,6,7.2347423855336865
2,7,9.46735240974361
2,8,9.413895442759115
2,9,12.192756931078662
2,10,12.698684601813683
2,11,15.895027339864976
2,12,18.335142678467818
2,13,20.462067212482737
2,14,23.858457206898095
2,15,24.037009597737615
2,16,21.24940804816141
2,17,20.771287226142853
2,18,17.325445812126496
2,19,16.901104555958273
2,20,14.809992021398667
2,21,12.602257634335933
2,22,10.333513022583592
2,23,7.733178543079954
2,24,10.12425673917089
2,25,9.748047727143511
2,26,8.131999277818156
2,27,11.232009779725463
2,28,12.598047467268985
2,29,13.305194512545475
2,30,9.750132652643432
2,31,11.078262884004147
2,32,10.72228742225579
2,33,9.161063315196804
2,34,11.560076603650895
2,35,11.417860047131665
2,36,14.205886631609639
2,37,15.77217799237867
2,38,16.957949491934908
2,39,20.22497846647764
2,40,21.869670302388013
2,41,19.59049058488229
2,42,19.32382451564109
2,43,16.824137557368537
2,44,16.06616695734955
2,45,14.472149925691049
2,46,12.953275862869575
2,47,12.245652104526489
2,48,8.794564496237223
2,49,11.35865231881132
2,50,12.622379989521452
2,51,9.838137966272209
2,52,9.60097666184968
2,53,9.589080852265289
3,1,6.330819218131222
3,2,3.852952183482707
3,4,3.8488759905892636
3,5,6.353185858300958
3,6,6.046076188635692
3,7,9.467840741498078
3,8,10.797320287140105
3,9,14.084085813105583
3,10,14.642039518307534
3,11,18.03329587726789
3,12,19.897119515663988
3,13,22.115865542168873
3,14,25.34163650001836
3,15,25.901310660036003
3,16,23.51143151450657
3,17,22.913068094287855
3,18,19.402723551046936
3,19,18.27983714399192
3,20,15.680195192004902
3,21,12.980444374164197
3,22,9.82481961445672
3,23,7.219841759729564
3,24,8.500072423394421
3,25,8.40070890619468
3,26,7.965345598610293
3,27,11.554060043712655
3,28,12.810567701045256
3,29,14.53246389813709
3,30,11.52347371672682
3,31,13.45264471102743
3,32,12.515446275279299
3,33,10.128269680706355
3,34,11.561369181820497
3,35,11.40210031742661
3,36,13.633021905104076
3,37,15.799973933512877
3,38,16.502190708545875
3,39,20.120057410160975
3,40,21.53438675084768
3,41,18.79431298407295
3,42,18.911945970525135
3,43,16.366920915650013
3,44,16.418635454086935
3,45,15.301078510273674
3,46,14.684380825116257
3,47,14.73307639272396
3,48,11.75727336854133
3,49,14.78149892518367
3,50,15.616586756963867
3,51,12.635578984894716
3,52,12.541696436737265
3,53,11.918090499710349
4,1,10.000915726762763
4,2,6.779521543381896
4,3,3.8488759905892636
4,5,3.8160401640661803
4,6,5.545549892363961
4,7,8.939581224772857
4,8,10.776079888289281
4,9,13.91478596294955
4,10,14.032475330727458
4,11,17.342306049814763
4,12,18.497124985589544
4,13,20.68001334855868
4,14,23.67592130313299
4,15,24.669517739535287
4,16,22.772076281697707
4,17,22.233685222599586
4,18,18.878218759544325
4,19,17.22273677260804
4,20,14.568525532771217
4,21,11.308519943788532
4,22,7.695004162919409
4,23,5.069489458265286
4,24,5.0704025852230155
4,25,5.875633083911566
4,26,7.244382566382659
4,27,11.034831680609145
4,28,13.001130053198072
4,29,15.07234714771322
4,30,12.68466003520569
4,31,14.26827215342302
4,32,12.348397078120394
4,33,9.136486512749121
4,34,9.293647671606017
4,35,8.97498184023822
4,36,10.707397648487422
4,37,13.412283365029872
4,38,14.081660746697219
4,39,17.817307403963177
4,40,18.76938603751361
4,41,15.692504327781242
4,42,15.877155641490306
4,43,13.314023955170484
4,44,13.999569469380674
4,45,13.483555354851896
4,46,13.71719895690797
4,47,14.716469547388428
4,48,12.517177990390529
4,49,15.934116320403305
4,50,16.02441611090735
4,51,13.08387156872903
4,52,13.678214871538716
4,53,13.292496619155992
5,1,12.130677257759
5,2,9.021650261460165
5,3,6.353185858300958
5,4,3.8160401640661803
5,6,3.8054256438195626
5,7,6.894438738522458
5,8,9.82156415653026
5,9,13.19372937727625
5,10,13.98744142394419
5,11,17.52812537358013
5,12,18.40111104042321
5,13,21.07721139094296
5,14,23.646514886402034
5,15,24.465582470006524
5,16,22.860980650734184
5,17,21.759375084826473
5,18,18.287129689471776
5,19,16.007833739141414
5,20,12.828118924662222
5,21,9.84796019022889
5,22,6.118933335105294
5,23,5.643645105615235
5,24,6.103309343520219
5,25,8.650553713349703
5,26,10.71933569338606
5,27,14.494256398772178
5,28,16.736831912947085
5,29,18.678695254427637
5,30,16.1959856984978
5,31,17.35843782518751
5,32,15.126658651887366
5,33,11.630972006705075
5,34,10.981114130486551
5,35,9.354735719273108
5,36,9.770834750299489
5,37,12.002716159929065
5,38,11.684699478143155
5,39,15.517107059717134
5,40,16.810526313084775
5,41,13.86805273454137
5,42,14.932782995537774
5,43,13.176192498106156
5,44,14.592658278516518
5,45,15.01193343012872
5,46,15.251589534573773
5,47,16.765928867421348
5,48,14.677347849038364
5,49,17.767661902590238
5,50,17.21100672954806
5,51,13.854047357380741
5,52,13.91543784923184
5,53,12.78073794851511
6,1,10.167063311459902
6,2,7.2347423855336865
6,3,6.046076188635692
6,4,5.545549892363961
6,5,3.8054256438195626
6,7,3.8311375121780253
6,8,6.640389884719617
6,9,10.330087417185545
6,10,11.827523526973428
6,11,15.592156890856929
6,12,17.09130601042802
6,13,20.06153519680498
6,14,22.700808987960475
6,15,22.949355619503436
6,16,20.957601382208743
6,17,19.557103102084238
6,18,15.867646319404082
6,19,13.919416637656235
6,20,10.673486775518283
6,21,8.397798383578502
6,22,5.427730498109511
6,23,5.541660448794103
6,24,8.051663495974287
6,25,10.359963865051123
6,26,11.422480283254021
6,27,15.189041343831198
6,28,17.497062149802694
6,29,18.788152910375242
6,30,15.768858635154947
6,31,16.50151868915793
6,32,14.620499596997998
6,33,11.516244855706073
6,34,11.658769303657651
6,35,9.534828474279104
6,36,10.374610728389285
6,37,11.597344911215385
6,38,11.348290530130793
6,39,14.931953021195223
6,40,16.924579580096445
6,41,14.639305982794228
6,42,15.648539794151038
6,43,14.176059501203905
6,44,14.90997540061062
6,45,15.106840302541602
6,46,14.398245172492912
6,47,15.460157833192484
6,48,12.93438272471925
6,49,15.47909016054679
6,50,14.924994995705498
6,51,11.263464122716234
6,52,10.590821673292812
6,53,9.047658429361157
7,1,12.275508300865761
7,2,9.46735240974361
7,3,9.467840741498078
7,4,8.939581224772857
7,5,6.894438738522458
7,6,3.8311375121780253
7,8,3.8180165796821615
7,9,7.3289547731431455
7,10,9.577280880861931
7,11,13.354090386985794
7,12,14.858235725742658
7,13,18.22350940889351
7,14,20.51395534777091
7,15,20.33591300769745
7,16,18.434816115814208
7,17,16.548760012469792
7,18,12.807038572278943
7,19,10.6352737708505
7,20,7.178265444813682
7,21,5.879330689191819
7,22,4.646644862308884
7,23,6.734053917870354
7,24,9.891208086442408
7,25,12.652102365395256
7,26,13.711702702791225
7,27,17.233791995396583
7,28,19.951049601395177
7,29,20.69846473048211
7,30,17.620838015194707
7,31,17.566386049187958
7,32,15.487898632921961
7,33,12.552684541509016
7,34,12.449730786387104
7,35,9.452803925465444
7,36,9.668317763078598
7,37,9.579618645270173
7,38,9.017703804569972
7,39,12.163826049405522
7,40,14.73297104204869
7,41,13.208527264049351
7,42,14.459921454547656
7,43,13.76716464561289
7,44,14.366067846521215
7,45,15.079570779317866
7,46,13.932380923498059
7,47,15.244469807706736
7,48,13.05446606177972
7,49,14.941901610091671
7,50,13.623558931138486
7,51,9.853720726111344
7,52,8.783628522148039
7,53,7.015684756211423
8,1,12.093362825066636
8,2,9.413895442759115
8,3,10.797320287140105
8,4,10.776079888289281
8,5,9.82156415653026
8,6,6.640389884719617
8,7,3.8180165796821615
8,9,3.80445663607178
8,10,6.369417324199167
8,11,10.122367380303944
8,12,12.262877214076797
8,13,15.602651136691094
8,14,18.058528127050867
8,15,17.49230447530987
8,16,15.182240071486907
8,17,13.383725342517645
8,18,9.570889440190303
8,19,8.24547941711439
8,20,5.716776149179718
8,21,5.266328096247331
8,22,5.935557175219235
8,23,7.3655607412493405
8,24,11.072826945478914
8,25,13.280517736012742
8,26,13.61318591189908
8,27,16.673232847299467
8,28,19.549835244929493
8,29,19.58630721338468
8,30,16.44279497200417
8,31,15.666653644401505
8,32,13.76461659227245
8,33,11.468153313798666
8,34,11.93988209424656
8,35,9.068646215634084
8,36,10.038503606256976
8,37,9.22624385697548
8,38,9.784304482769972
8,39,12.20971881485828
8,40,14.808251887955919
8,41,13.857085392389724
8,42,14.359735510546967
8,43,13.637779348403472
8,44,13.27306312411663
8,45,13.602174739066323
8,46,11.644341911592887
8,47,12.595274984277648
8,48,10.541108585970134
8,49,11.782630157595664
8,50,10.15767631476236
8,51,6.4155015805352855
8,52,5.307556426487136
8,53,4.697110977822372
9,1,14.731521295950207
9,2,12.192756931078662
9,3,14.084085813105583
9,4,13.91478596294955
9,5,13.19372937727625
9,6,10.330087417185545
9,7,7.3289547731431455
9,8,3.80445663607178
9,10,3.807351236741566
9,11,7.002192866166829
9,12,9.428892915754577
9,13,12.875608527853192
9,14,15.104853092082356
9,15,14.064732404853997
9,16,11.638177465876538
9,17,9.64492896653029
9,18,5.814254943567012
9,19,5.27709124077283
9,20,4.546101862232611
9,21,5.684270373272481
9,22,8.180318886687287
9,23,9.708537455839616
9,24,13.220368895911772
9,25,15.259386877662338
9,26,15.409067802304586
9,27,17.90560856519363
9,28,21.0293723584958
9,29,20.47329463111698
9,30,17.56490539322212
9,31,15.960879208134282
9,32,13.992614568433533
9,33,12.289752613831892
9,34,12.684162858913787
9,35,9.8138450227052
9,36,10.674081692483913
9,37,8.808368206065046
9,38,10.05608489480431
9,39,11.388098186803024
9,40,13.955214784033997
9,41,13.841484793195125
9,42,13.859931740131257
9,43,13.615048903483643
9,44,12.617771329363269
9,45,13.093366296768975
9,46,10.649951074832826
9,47,11.673957171678577
9,48,10.4756048645117
9,49,10.80487442819643
9,50,8.21121868729086
9,51,5.2841122942943946
9,52,4.9436859106185045
9,53,6.125675009356952
10,1,15.58826181629641
10,2,12.698684601813683
10,3,14.642039518307534
10,4,14.032475330727458
10,5,13.98744142394419
10,6,11.827523526973428
10,7,9.577280880861931
10,8,6.369417324199167
10,9,3.807351236741566
10,11,3.8217929442344265
10,12,6.325522857677331
10,13,9.40981424543603
10,14,12.108380766846736
10,15,11.61998412086389
10,16,9.168355882934366
10,17,8.318468542416644
10,18,5.179789319590287
10,19,5.473113418901287
10,20,6.350518789532949
10,21,6.0558542919316
10,22,8.563129298310962
10,23,9.264867832447537
10,24,12.269489247331583
10,25,13.841052133837417
10,26,13.896619892069168
10,27,15.802010650751168
10,28,19.18137743026606
10,29,18.33461835034238
10,30,15.915143132774835
10,31,13.801160239418484
10,32,11.42715755173992
10,33,10.045752665346289
10,34,10.290811115151397
10,35,7.938571667336882
10,36,9.390736338767804
10,37,7.863731427435868
10,38,10.457352860975343
10,39,11.597917364924603
10,40,13.20735012189637
10,41,12.935565860058203
10,42,11.939506154264096
10,43,11.298894880086602
10,44,9.513945261110106
10,45,9.75514980019764
10,46,7.195075817437958
10,47,8.717409726033546
10,48,8.625275877803661
10,49,9.212898841547794
10,50,5.9541168008718115
10,51,4.277500657781691
10,52,6.596806607930917
10,53,9.140603296526884
11,1,18.62184187683171
11,2,15.895027339864976
11,3,18.03329587726789
11,4,17.342306049814763
11,5,17.52812537358013
11,6,15.592156890856929
11,7,13.354090386985794
11,8,10.122367380303944
11,9,7.002192866166829
11,10,3.8217929442344265
11,12,3.841724446795264
11,13,6.302670783452006
11,14,8.995704316494155
11,15,8.221738981319897
11,16,5.493405461068274
11,17,5.746096426187401
11,18,4.386738070349588
11,19,6.386820160077547
11,20,8.95594552809105
11,21,9.172015825966483
11,22,11.958178695756184
11,23,12.483203847171907
11,24,15.000187711425257
11,25,16.196503053134958
11,26,16.062982726554477
11,27,17.225372645313016
11,28,20.656363391825156
11,29,19.274351568918878
11,30,17.34855931794272
11,31,14.557580344330328
11,32,12.270678792459865
11,33,11.747348927275802
11,34,11.894461966794195
11,35,10.186861273221535
11,36,11.497371605442037
11,37,9.653780200176802
11,38,12.671043001874501
11,39,12.856629836692523
11,40,13.873133779427098
11,41,14.24054873358865
11,42,12.538332842628556
11,43,12.213247704782626
11,44,9.69069970462716
11,45,9.863247678164464
11,46,7.181518423979966
11,47,8.654223426317479
11,48,9.940945491259827
11,49,9.662866737423702
11,50,5.839066076732362
11,51,6.606011509875549
11,52,9.31382621144974
11,53,12.342188987325152
12,1,21.43959370585761
12,2,18.335142678467818
12,3,19.897119515663988
12,4,18.497124985589544
12,5,18.40111104042321
12,6,17.09130601042802
12,7,14.858235725742658
12,8,12.262877214076797
12,9,9.428892915754577
12,10,6.325522857677331
12,11,3.841724446795264
12,13,3.8443757806006595
12,14,5.826362899389902
12,15,6.199239851482491
12,16,5.467449802599065
12,17,6.165525463577674
12,18,6.196832313488274
12,19,6.757425774283735
12,20,9.634349736892208
12,21,9.575493714483096
12,22,12.536578078175413
12,23,13.456351184067987
12,24,15.232709079102234
12,25,16.718008196745522
12,26,17.28059664504361
12,27,18.293767175279218
12,28,21.970128116146444
12,29,20.85224444832641
12,30,19.41684752798949
12,31,16.698365061885863
12,32,13.835094625879748
12,33,12.905770234632554
12,34,11.946301396290607
12,35,10.148769726610476
12,36,10.518606803758138
12,37,8.41061663574986
12,38,11.673387127417362
12,39,11.18159356604176
12,40,11.303283929783147
12,41,12.053307614796472
12,42,9.931377641875976
12,43,10.315103588189933
12,44,8.070921767267603
12,45,9.440825771774394
12,46,8.160022385619543
12,47,10.761211336159256
12,48,12.696560869285573
12,49,13.020275319769215
12,50,9.325097276160632
12,51,9.930320586873854
12,52,12.697354635816286
12,53,15.316546744350648
13,1,23.492631558013535
13,2,20.462067212482737
13,3,22.115865542168873
13,4,20.68001334855868
13,5,21.07721139094296
13,6,20.06153519680498
13,7,18.22350940889351
13,8,15.602651136691094
13,9,12.875608527853192
13,10,9.40981424543603
13,11,6.302670783452006
13,12,3.8443757806006595
13,14,3.857208043457352
13,15,5.669956309274324
13,16,5.65641843975117
13,17,8.26441060441162
13,18,9.418807648563917
13,19,10.567248316531918
13,20,13.445786675200837
13,21,13.00511571688317
13,22,15.531416807270828
13,23,15.813098688327388
13,24,17.077433756233788
13,25,17.920469671176736
13,26,18.21059201152706
13,27,18.433820818465357
13,28,22.014906687104
13,29,20.52764181752184
13,30,19.72569971570826
13,31,16.658490451515448
13,32,13.917889425394371
13,33,13.752263972780373
13,34,12.870691869077328
13,35,12.119963167342457
13,36,12.88219663385419
13,37,11.47261941884743
13,38,14.969155108143237
13,39,14.396176797363788
13,40,13.74237859151106
13,41,14.362581447718933
13,42,11.481728373025826
13,43,11.458774568974373
13,44,8.532772801467418
13,45,9.26906449004989
13,46,8.447149827414455
13,47,10.80339681163126
13,48,13.678352153678064
13,49,13.84201566719409
13,50,10.516540955923771
13,51,12.200954361240573
13,52,15.429591542427318
13,53,18.45954132821251
14,1,26.958514161893913
14,2,23.858457206898095
14,3,25.34163650001836
14,4,23.67592130313299
14,5,23.646514886402034
14,6,22.700808987960475
14,7,20.51395534777091
14,8,18.058528127050867
14,9,15.104853092082356
14,10,12.108380766846736
14,11,8.995704316494155
14,12,5.826362899389902
14,13,3.857208043457352
14,15,3.8502407991817065
14,16,6.427277105307801
14,17,8.562617821285004
14,18,10.760641024925588
14,19,11.587301470586386
14,20,14.821260370514256
14,21,14.949491214976893
14,22,17.848052320173956
14,23,18.71276351560762
14,24,19.840318775048548
14,25,21.061398679619217
14,26,21.72492530274316
14,27,22.03875414465903
14,28,25.675045844885577
14,29,24.28498519154107
14,30,23.555143325077125
14,31,20.512258309249876
14,32,17.71935211793263
14,33,17.3281454485922
14,34,16.003877613044093
14,35,14.870622986905873
14,36,14.779795659079332
14,37,12.796890620683635
14,38,15.83437494505541
14,39,14.337155264150978
14,40,13.304993154561528
14,41,14.800592120420696
14,42,12.161428268391404
14,43,13.192032923404858
14,44,11.031558853281789
14,45,12.575663386234645
14,46,12.201547227938912
14,47,14.65140447845564
14,48,17.428112222362913
14,49,17.42016730222253
14,50,13.927083837541522
14,51,15.409459932025113
14,52,18.27085009918268
14,53,21.015293046030788
15,1,26.8409152908502
15,2,24.037009597737615
15,3,25.901310660036003
15,4,24.669517739535287
15,5,24.465582470006524
15,6,22.949355619503436
15,7,20.33591300769745
15,8,17.49230447530987
15,9,14.064732404853997
15,10,11.61998412086389
15,11,8.221738981319897
15,12,6.199239851482491
15,13,5.669956309274324
15,14,3.8502407991817065
15,16,3.886110060299269
15,17,5.617690914008348
15,18,8.78226433516814
15,19,10.447047223110038
15,20,14.139614553163225
15,21,15.164848373775339
15,22,18.47798411246075
15,23,19.626133271607305
15,24,21.39779855500453
15,25,22.779103009273935
15,26,23.139264165800093
15,27,23.714418223259578
15,28,27.26782055609277
15,29,25.654739145988035
15,30,24.479992515414104
15,31,21.299702275827507
15,32,18.899749835855932
15,33,18.662758786158218
15,34,17.8679850813312
15,35,16.313647877436402
15,36,16.332588694938796
15,37,13.756877049574642
15,38,16.419046946431127
15,39,14.665757928186856
15,40,14.561292601583045
15,41,16.499549707244007
15,42,14.471106738120772
15,43,15.641143163213165
15,44,13.464859895973424
15,45,14.712372087002327
15,46,13.391907886817473
15,47,15.236624914756861
15,48,17.591359453534665
15,49,16.863797643449995
15,50,13.231442332005674
15,51,14.788716251871547
15,52,17.106205215177766
15,53,19.801014521451762
16,1,23.76024617032764
16,2,21.24940804816141
16,3,23.51143151450657
16,4,22.772076281697707
16,5,22.860980650734184
16,6,20.957601382208743
16,7,18.434816115814208
16,8,15.182240071486907
16,9,11.638177465876538
16,10,9.168355882934366
16,11,5.493405461068274
16,12,5.467449802599065
16,13,5.65641843975117
16,14,6.427277105307801
16,15,3.886110060299269
16,17,3.839324600174046
16,18,6.503402928279848
16,19,9.284558607086087
16,20,12.87178452169796
16,21,13.902166090824034
16,22,17.073216410793083
16,23,17.851400836207446
16,24,20.081688945101764
16,25,21.195156540334693
16,26,21.03508802145635
16,27,21.652391541028123
16,28,25.029149286513817
16,29,23.19725747336904
16,30,21.716925704739243
16,31,18.46001701646835
16,32,16.471103668011455
16,33,16.57425133804716
16,34,16.511650251069334
16,35,15.077136001078298
16,36,15.838654096382315
16,37,13.482317548959198
16,38,16.303504488402897
16,39,15.269371796095832
16,40,15.836068436411564
16,41,17.223096134773886
16,42,15.263087954950018
16,43,15.713802192169489
16,44,13.085637103877351
16,45,13.526818694395237
16,46,11.302204476098156
16,47,12.435278794312259
16,48,14.496198257654974
16,49,13.311170352983389
16,50,9.746247526883817
16,51,11.640666376856442
16,52,13.90636513701254
16,53,16.906011045623437
17,1,23.248846123044835
17,2,20.771287226142853
17,3,22.913068094287855
17,4,22.233685222599586
17,5,21.759375084826473
17,6,19.557103102084238
17,7,16.548760012469792
17,8,13.383725342517645
17,9,9.64492896653029
17,10,8.318468542416644
17,11,5.746096426187401
17,12,6.165525463577674
17,13,8.26441060441162
17,14,8.562617821285004
17,15,5.617690914008348
17,16,3.839324600174046
17,18,3.84432924657119
17,19,6.611201041709526
17,20,10.352958807207001
17,21,12.305811501461266
17,22,15.84715711599907
17,23,17.321976545916847
17,24,19.91878832334915
17,25,21.5977286486116
17,26,21.72088972350658
17,27,22.966404738923018
17,28,26.394596252375855
17,29,24.897646054620644
17,30,22.938189360186094
17,31,20.022469129328655
17,32,17.960631266837705
17,33,17.452220825708427
17,34,17.258081899060226
17,35,15.047775149335607
17,36,15.277904556361916
17,37,12.302740615384248
17,38,14.407944557088632
17,39,13.101283778363578
17,40,14.455367143508138
17,41,16.22624385982813
17,42,15.093320963267296
17,43,16.05698665525907
17,44,14.116644783907406
17,45,15.089614594722834
17,46,12.797722467827164
17,47,14.0994989485651
17,48,15.314192174434888
17,49,14.200904852444745
17,50,10.496034419808815
17,51,11.257635301124596
17,52,12.616359053672802
17,53,14.976142330545578
18,1,19.822249708247035
18,2,17.325445812126496
18,3,19.402723551046936
18,4,18.878218759544325
18,5,18.287129689471776
18,6,15.867646319404082
18,7,12.807038572278943
18,8,9.570889440190303
18,9,5.814254943567012
18,10,5.179789319590287
18,11,4.386738070349588
18,12,6.196832313488274
18,13,9.418807648563917
18,14,10.760641024925588
18,15,8.78226433516814
18,16,6.503402928279848
18,17,3.84432924657119
18,19,3.8248059092688806
18,20,7.0490032674674925
18,21,9.088618966437643
18,22,12.540251983895406
18,23,14.115303880339583
18,24,17.0523554732585
18,25,18.908551945489595
18,26,19.056081757191443
18,27,20.771573610401973
18,28,24.144001944381213
18,29,22.968344972127422
18,30,20.621695868670663
18,31,18.111366542028918
18,32,16.02708586063444
18,33,15.073956589559396
18,34,15.062713604440493
18,35,12.502784882026278
18,36,12.90355655429257
18,37,10.057607626683856
18,38,11.953512749281213
18,39,11.478235442600607
18,40,13.469147942403284
18,41,14.63258582067132
18,42,13.94502934755919
18,43,14.53457605203293
18,44,12.8917639521494
18,45,13.75813521257122
18,46,11.258531950451784
18,47,12.543283540716278
18,48,12.939998171454397
18,49,12.238179181293747
18,50,8.611376854749132
18,51,8.212234241558768
18,52,9.167189340010953
18,53,11.274717901183703
19,1,19.78152072299071
19,2,16.901104555958273
19,3,18.27983714399192
19,4,17.22273677260804
19,5,16.007833739141414
19,6,13.919416637656235
19,7,10.6352737708505
19,8,8.24547941711439
19,9,5.27709124077283
19,10,5.473113418901287
19,11,6.386820160077547
19,12,6.757425774283735
19,13,10.567248316531918
19,14,11.587301470586386
19,15,10.447047223110038
19,16,9.284558607086087
19,17,6.611201041709526
19,18,3.8248059092688806
19,20,3.830831882007779
19,21,6.302242121773923
19,22,10.071163375806895
19,23,12.468331862224336
19,24,15.176487325673497
19,25,17.664416094713246
19,26,18.530824545832722
19,27,20.71144603928785
19,28,24.22950411443977
19,29,23.641517403429493
19,30,21.272372051569853
19,31,19.250968425529685
19,32,16.677513046550256
19,33,14.86581692023738
19,34,14.106935055474485
19,35,10.886070845646096
19,36,10.323456998152425
19,37,7.004156827810707
19,38,8.27682437577622
19,39,7.805183057012394
19,40,10.216980793550206
19,41,11.387349903201763
19,42,11.437559394222383
19,43,12.537911856589949
19,44,11.883877055900673
19,45,13.58926433719926
19,46,11.897796998221551
19,47,13.97005359644753
19,48,14.085449822012368
19,49,14.325624640106739
19,50,10.838982291089213
19,51,9.303385904051002
19,52,10.00918048312629
19,53,11.14047586629002
20,1,17.754406283949535
20,2,14.809992021398667
20,3,15.680195192004902
20,4,14.568525532771217
20,5,12.828118924662222
20,6,10.673486775518283
20,7,7.178265444813682
20,8,5.716776149179718
20,9,4.546101862232611
20,10,6.350518789532949
20,11,8.95594552809105
20,12,9.634349736892208
20,13,13.445786675200837
20,14,14.821260370514256
20,15,14.139614553163225
20,16,12.87178452169796
20,17,10.352958807207001
20,18,7.0490032674674925
20,19,3.830831882007779
20,21,3.8280134923695215
20,22,7.26106907102244
20,23,10.279708981450629
20,24,13.131598372469163
20,25,16.03672999792199
20,26,17.219397255659477
20,27,19.96527625137257
20,28,23.342984967755804
20,29,23.28300070464911
20,30,20.644507116047777
20,31,19.270704922124423
20,32,16.682566843614666
20,33,14.249699882430095
20,34,13.416200021078549
20,35,9.799027358317105
20,36,8.925884700178365
20,37,6.0876327019084835
20,38,6.098478441225973
20,39,7.09709708696255
20,40,10.155258722851306
20,41,10.460361883986808
20,42,11.42646928559443
20,43,12.239908784519345
20,44,12.39534162705113
20,45,14.117838227315453
20,46,12.735836849537323
20,47,14.799544102191883
20,48,14.095611176996306
20,49,14.982982071662507
20,50,12.069893369354274
20,51,9.383267351339251
20,52,9.31322391976022
20,53,9.283178174489638
21,1,16.008125979015844
21,2,12.602257634335933
21,3,12.980444374164197
21,4,11.308519943788532
21,5,9.84796019022889
21,6,8.397798383578502
21,7,5.879330689191819
21,8,5.266328096247331
21,9,5.684270373272481
21,10,6.0558542919316
21,11,9.172015825966483
21,12,9.575493714483096
21,13,13.00511571688317
21,14,14.949491214976893
21,15,15.164848373775339
21,16,13.902166090824034
21,17,12.305811501461266
21,18,9.088618966437643
21,19,6.302242121773923
21,20,3.8280134923695215
21,22,3.8098048657416332
21,23,6.778677226885095
21,24,9.345985126595084
21,25,12.341748971248899
21,26,13.871613162688224
21,27,16.709664188625663
21,28,20.143359279995003
21,29,20.438389037513332
21,30,18.01133153755339
21,31,16.983252192556378
21,32,14.066592591111409
21,33,11.150869846975198
21,34,9.927356178091467
21,35,6.194374227116977
21,36,5.4947738617058235
21,37,4.00233549297396
21,38,5.0987895668601535
21,39,7.714977782122254
21,40,9.731260008540687
21,41,8.64643176865581
21,42,9.253294462041957
21,43,9.193449815287595
21,44,9.657544028403189
21,45,11.33240763480792
21,46,10.589724949856931
21,47,13.031689496685955
21,48,12.336681360487129
21,49,14.148280326290585
21,50,11.598403868149967
21,51,8.730305826592222
21,52,9.580527651497997
21,53,9.885947336932196
22,1,13.939599240443853
22,2,10.333513022583592
22,3,9.82481961445672
22,4,7.695004162919409
22,5,6.118933335105294
22,6,5.427730498109511
22,7,4.646644862308884
22,8,5.935557175219235
22,9,8.180318886687287
22,10,8.563129298310962
22,11,11.958178695756184
22,12,12.536578078175413
22,13,15.531416807270828
22,14,17.848052320173956
22,15,18.47798411246075
22,16,17.073216410793083
22,17,15.84715711599907
22,18,12.540251983895406
22,19,10.071163375806895
22,20,7.26106907102244
22,21,3.8098048657416332
22,23,3.8247093903016003
22,24,6.232918742783742
22,25,9.51249941324799
22,26,11.428249455941703
22,27,14.715820516770824
22,28,17.901276020416024
22,29,18.8109817234176
22,30,16.364413184801833
22,31,16.12686892993644
22,32,13.266690740672498
22,33,9.828032364015717
22,34,8.595404064268948
22,35,5.27408817186154
22,36,5.175923152926514
22,37,6.256383066559897
22,38,6.7697572741603045
22,39,10.326901297980559
22,40,11.833990852343506
22,41,9.572996926516513
22,42,10.317171716981331
22,43,9.229871713602481
22,44,10.232847546434762
22,45,11.405009629703743
22,46,11.221680098036158
22,47,13.442856219198317
22,48,12.176946402396258
22,49,14.761775686211882
22,50,13.043550453996978
22,51,9.85054693517581
22,52,10.580647050275598
22,53,10.383319218293748
23,1,11.567372833685903
23,2,7.733178543079954
23,3,7.219841759729564
23,4,5.069489458265286
23,5,5.643645105615235
23,6,5.541660448794103
23,7,6.734053917870354
23,8,7.3655607412493405
23,9,9.708537455839616
23,10,9.264867832447537
23,11,12.483203847171907
23,12,13.456351184067987
23,13,15.813098688327388
23,14,18.71276351560762
23,15,19.626133271607305
23,16,17.851400836207446
23,17,17.321976545916847
23,18,14.115303880339583
23,19,12.468331862224336
23,20,10.279708981450629
23,21,6.778677226885095
23,22,3.8247093903016003
23,24,3.825111461833918
23,25,6.1127445529147
23,26,7.626100559957468
23,27,11.031254490446731
23,28,14.101499237704731
23,29,15.151708074460913
23,30,12.76524138523833
23,31,12.929439541193789
23,32,10.190297849484597
23,33,6.622167268429272
23,34,6.131710608802155
23,35,4.387517016800486
23,36,6.569005039590664
23,37,8.82623641887662
23,38,10.28850192275991
23,39,13.713254135804354
23,40,14.673275113866088
23,41,12.02371716101833
23,42,11.802349949910859
23,43,9.477021301753819
23,44,9.733284851970582
23,45,9.694236094696631
23,46,9.612904401041778
23,47,11.344087700956736
23,48,9.815720663578189
23,49,13.029611976260174
23,50,12.124211537534073
23,51,9.239339018032346
23,52,10.580911047712767
23,53,11.030390411365184
24,1,13.84925514000104
24,2,10.12425673917089
24,3,8.500072423394421
24,4,5.0704025852230155
24,5,6.103309343520219
24,6,8.051663495974287
24,7,9.891208086442408
24,8,11.072826945478914
24,9,13.220368895911772
24,10,12.269489247331583
24,11,15.000187711425257
24,12,15.232709079102234
24,13,17.077433756233788
24,14,19.840318775048548
24,15,21.39779855500453
24,16,20.081688945101764
24,17,19.91878832334915
24,18,17.0523554732585
24,19,15.176487325673497
24,20,13.131598372469163
24,21,9.345985126595084
24,22,6.232918742783742
24,23,3.825111461833918
24,25,3.8165157532158096
24,26,7.059369760441164
24,27,10.184587632959076
24,28,13.211714893744709
24,29,14.96470149701259
24,30,13.369206350238173
24,31,13.9994079499885
24,32,10.968454303448375
24,33,7.208012507811765
24,34,5.373073143431006
24,35,5.085808727783636
24,36,6.610448061029813
24,37,10.036777643787856
24,38,11.46957987594093
24,39,14.937052986071512
24,40,15.039573265043487
24,41,11.723900834752113
24,42,11.294012966991362
24,43,8.418090677446662
24,44,9.492018903531031
24,45,9.658630610557923
24,46,10.957077691395776
24,47,13.092641327187337
24,48,12.19333317952829
24,49,15.76353366841574
24,50,14.968421092240817
24,51,12.596587499590187
24,52,14.330153354874087
24,53,14.827920262349718
25,1,13.116916089040297
25,2,9.748047727143511
25,3,8.40070890619468
25,4,5.875633083911566
25,5,8.650553713349703
25,6,10.359963865051123
25,7,12.652102365395256
25,8,13.280517736012742
25,9,15.259386877662338
25,10,13.841052133837417
25,11,16.196503053134958
25,12,16.718008196745522
25,13,17.920469671176736
25,14,21.061398679619217
25,15,22.779103009273935
25,16,21.195156540334693
25,17,21.5977286486116
25,18,18.908551945489595
25,19,17.664416094713246
25,20,16.03672999792199
25,21,12.341748971248899
25,22,9.51249941324799
25,23,6.1127445529147
25,24,3.8165157532158096
25,26,3.845852037391608
25,27,6.645834496780811
25,28,9.489113936613627
25,29,11.53752094598761
25,30,10.41033446329345
25,31,11.561588189434373
25,32,8.879734184208438
25,33,5.693279179601346
25,34,5.100929837036989
25,35,7.138570515277611
25,36,9.709982127403359
25,37,13.091161999336098
25,38,15.033340117191889
25,39,18.328270417215474
25,40,18.21596218089302
25,41,14.953713272957495
25,42,13.820817084331173
25,43,10.356378416329049
25,44,10.444838955607153
25,45,9.269534645000423
25,46,10.685250782701171
25,47,12.104621398250552
25,48,11.270614198926193
25,49,15.091769589657245
25,50,15.067060205735713
25,51,13.295374560063566
25,52,15.392931225142657
25,53,16.388223695934876
26,1,10.950214538613162
26,2,8.131999277818156
26,3,7.965345598610293
26,4,7.244382566382659
26,5,10.71933569338606
26,6,11.422480283254021
26,7,13.711702702791225
26,8,13.61318591189908
26,9,15.409067802304586
26,10,13.896619892069168
26,11,16.062982726554477
26,12,17.28059664504361
26,13,18.21059201152706
26,14,21.72492530274316
26,15,23.139264165800093
26,16,21.03508802145635
26,17,21.72088972350658
26,18,19.056081757191443
26,19,18.530824545832722
26,20,17.219397255659477
26,21,13.871613162688224
26,22,11.428249455941703
26,23,7.626100559957468
26,24,7.059369760441164
26,25,3.845852037391608
26,27,3.835938920563036
26,28,6.486468857976156
26,29,8.122439329036844
26,30,6.591745814266949
26,31,8.193924569739195
26,32,6.393338771648269
26,33,4.511295722052
26,34,6.486631799627299
26,35,8.996100673265962
26,36,12.335691478116896
26,37,15.20699527249522
26,38,17.46282080659899
26,39,20.623523654799268
26,40,20.816498546285647
26,41,17.8962126456354
26,42,16.46138219995417
26,43,12.944716053575567
26,44,11.96587315012798
26,45,9.635185959839582
26,46,10.05451315209852
26,47,10.226975514126627
26,48,8.943767627316575
26,49,12.733183365465516
26,50,13.591864001620221
26,51,12.262369205021429
26,52,14.39353456047934
26,53,15.813939834449474
27,1,13.468635918155577
27,2,11.232009779725463
27,3,11.554060043712655
27,4,11.034831680609145
27,5,14.494256398772178
27,6,15.189041343831198
27,7,17.233791995396583
27,8,16.673232847299467
27,9,17.90560856519363
27,10,15.802010650751168
27,11,17.225372645313016
27,12,18.293767175279218
27,13,18.433820818465357
27,14,22.03875414465903
27,15,23.714418223259578
27,16,21.652391541028123
27,17,22.966404738923018
27,18,20.771573610401973
27,19,20.71144603928785
27,20,19.96527625137257
27,21,16.709664188625663
27,22,14.715820516770824
27,23,11.031254490446731
27,24,10.184587632959076
27,25,6.645834496780811
27,26,3.835938920563036
27,28,3.8469833152812942
27,29,5.023862069104705
27,30,5.360096971751054
27,31,6.810539438159495
27,32,5.607882931037141
27,33,5.845853549571167
27,34,7.954807110579537
27,35,11.321006940891252
27,36,14.764898171192511
27,37,17.581836980970735
27,38,20.282099547253267
27,39,23.140129432387678
27,40,22.935984485238478
27,41,20.123958305990705
27,42,18.083156943593497
27,43,14.373827221209922
27,44,12.763607186413324
27,45,9.694864800353871
27,46,10.398883196291015
27,47,10.044414016012217
27,48,9.738787316405064
27,49,13.209698910334868
27,50,14.425493403837587
27,51,14.088425785794248
27,52,16.70779611459025
27,53,18.69329466767368
28,1,13.902969624149957
28,2,12.598047467268985
28,3,12.810567701045256
28,4,13.001130053198072
28,5,16.736831912947085
28,6,17.497062149802694
28,7,19.951049601395177
28,8,19.549835244929493
28,9,21.0293723584958
28,10,19.18137743026606
28,11,20.656363391825156
28,12,21.970128116146444
28,13,22.014906687104
28,14,25.675045844885577
28,15,27.26782055609277
28,16,25.029149286513817
28,17,26.394596252375855
28,18,24.144001944381213
28,19,24.22950411443977
28,20,23.342984967755804
28,21,20.143359279995003
28,22,17.901276020416024
28,23,14.101499237704731
28,24,13.211714893744709
28,25,9.489113936613627
28,26,6.486468857976156
28,27,3.8469833152812942
28,29,3.8191556766104955
28,30,5.307328562616179
28,31,8.131348061851849
28,32,8.588534444560821
28,33,9.45647254897925
28,34,11.735738895146685
28,35,14.988173490743597
28,36,18.387666582521597
28,37,21.27043077552378
28,38,23.799389988019247
28,39,26.797001895948387
28,40,26.683227641598897
28,41,23.771296330576824
28,42,21.844777148358403
28,43,18.10946133924594
28,44,16.59580715629912
28,45,13.462845764673594
28,46,13.936919059151121
28,47,12.927022398802173
28,48,12.204931663925388
28,49,15.317024862718815
28,50,17.223434181911173
28,51,16.957710941513277
28,52,19.20296410092835
28,53,20.998881788320897
29,1,14.373989818759096
29,2,13.305194512545475
29,3,14.53246389813709
29,4,15.07234714771322
29,5,18.678695254427637
29,6,18.788152910375242
29,7,20.69846473048211
29,8,19.58630721338468
29,9,20.47329463111698
29,10,18.33461835034238
29,11,19.274351568918878
29,12,20.85224444832641
29,13,20.52764181752184
29,14,24.28498519154107
29,15,25.654739145988035
29,16,23.19725747336904
29,17,24.897646054620644
29,18,22.968344972127422
29,19,23.641517403429493
29,20,23.28300070464911
29,21,20.438389037513332
29,22,18.8109817234176
29,23,15.151708074460913
29,24,14.96470149701259
29,25,11.53752094598761
29,26,8.122439329036844
29,27,5.023862069104705
29,28,3.8191556766104955
29,30,3.843886713786179
29,31,5.43906556553861
29,32,7.093051797013272
29,33,9.449406089334687
29,34,12.335269757620576
29,35,15.541911028434454
29,36,19.203118406015374
29,37,21.608596165608663
29,38,24.488097414213932
29,39,27.157073453306523
29,40,27.124492189078612
29,41,24.61066245617751
29,42,22.356996116381584
29,43,18.744388290606363
29,44,16.508031462165164
29,45,12.921559798593082
29,46,12.698522297018101
29,47,10.877849493817738
29,48,10.594662064922751
29,49,13.082185800492814
29,50,15.32608378648415
29,51,15.830089966235603
29,52,18.313109138741673
29,53,20.66114919678376
30,1,10.679415962510562
30,2,9.750132652643432
30,3,11.52347371672682
30,4,12.68466003520569
30,5,16.1959856984978
30,6,15.768858635154947
30,7,17.620838015194707
30,8,16.44279497200417
30,9,17.56490539322212
30,10,15.915143132774835
30,11,17.34855931794272
30,12,19.41684752798949
30,13,19.72569971570826
30,14,23.555143325077125
30,15,24.479992515414104
30,16,21.716925704739243
30,17,22.938189360186094
30,18,20.621695868670663
30,19,21.272372051569853
30,20,20.644507116047777
30,21,18.01133153755339
30,22,16.364413184801833
30,23,12.76524138523833
30,24,13.369206350238173
30,25,10.41033446329345
30,26,6.591745814266949
30,27,5.360096971751054
30,28,5.307328562616179
30,29,3.843886713786179
30,31,3.824734732228097
30,32,5.912034187267476
30,33,7.852233913870505
30,34,11.360562555117252
30,35,13.891860436242458
30,36,17.64167201288264
30,37,19.777489604779873
30,38,22.402344847896128
30,39,25.19150327980634
30,40,25.660023672358662
30,41,23.264244506460592
30,42,21.41345390340982
30,43,17.99980149164925
30,44,15.86909141357579
30,45,12.49581848549938
30,46,11.474299372445522
30,47,9.357483952139956
30,48,7.84575950885985
30,49,10.47057747107028
30,50,12.97629690967766
30,51,12.933033206828366
30,52,14.96489968663421
30,53,17.102292128164226
31,1,12.399602582175596
31,2,11.078262884004147
31,3,13.45264471102743
31,4,14.26827215342302
31,5,17.35843782518751
31,6,16.50151868915793
31,7,17.566386049187958
31,8,15.666653644401505
31,9,15.960879208134282
31,10,13.801160239418484
31,11,14.557580344330328
31,12,16.698365061885863
31,13,16.658490451515448
31,14,20.512258309249876
31,15,21.299702275827507
31,16,18.46001701646835
31,17,20.022469129328655
31,18,18.111366542028918
31,19,19.250968425529685
31,20,19.270704922124423
31,21,16.983252192556378
31,22,16.12686892993644
31,23,12.929439541193789
31,24,13.9994079499885
31,25,11.561588189434373
31,26,8.193924569739195
31,27,6.810539438159495
31,28,8.131348061851849
31,29,5.43906556553861
31,30,3.824734732228097
31,32,3.8361558072351736
31,33,7.1725536601747875
31,34,10.749127097793082
31,35,13.099706479458371
31,36,16.900733546696856
31,37,18.510976122804852
31,38,21.51419156305637
31,39,23.853388381553998
31,40,24.265060476009506
31,41,22.309498021024478
31,42,20.116420533580627
31,43,16.93697162069374
31,44,14.176821075711892
31,45,10.585325701749536
31,46,8.883060042017421
31,47,6.089168790070021
31,48,5.576790323969928
31,49,7.666130518626508
31,50,10.053613544669219
31,51,10.952586298993586
31,52,13.568239914514407
31,53,16.404601100504802
32,1,13.13262916726792
32,2,10.72228742225579
32,3,12.515446275279299
32,4,12.348397078120394
32,5,15.126658651887366
32,6,14.620499596997998
32,7,15.487898632921961
32,8,13.76461659227245
32,9,13.992614568433533
32,10,11.42715755173992
32,11,12.270678792459865
32,12,13.835094625879748
32,13,13.917889425394371
32,14,17.71935211793263
32,15,18.899749835855932
32,16,16.471103668011455
32,17,17.960631266837705
32,18,16.02708586063444
32,19,16.677513046550256
32,20,16.682566843614666
32,21,14.066592591111409
32,22,13.266690740672498
32,23,10.190297849484597
32,24,10.968454303448375
32,25,8.879734184208438
32,26,6.393338771648269
32,27,5.607882931037141
32,28,8.588534444560821
32,29,7.093051797013272
32,30,5.912034187267476
32,31,3.8361558072351736
32,33,3.8040856841944426
32,34,7.058903489075468
32,35,9.583275850644652
32,36,13.33937904946466
32,37,15.116055447697791
32,38,18.265633033993566
32,39,20.572805886775427
32,40,20.70234629680428
32,41,18.652331893997722
32,42,16.34970160265875
32,43,13.118095080729642
32,44,10.402226393225797
32,45,6.8590710562763855
32,46,5.70898608102849
32,47,4.445057462807929
32,48,4.995471498966202
32,49,8.15782004340027
32,50,9.064082901862202
32,51,9.559701845402325
