1,2,3.8557889203117934
1,3,5.597993222042383
1,4,8.592371577984354
1,5,12.01161802588368
1,6,14.27462497782687
1,7,12.263936878246252
1,8,14.448629605138475
1,9,13.468605706920503
1,10,15.033625710768733
1,11,14.616510257073761
1,12,16.803679952834955
1,13,19.803983462486503
1,14,21.454710225606576
1,15,25.133171363573933
1,16,25.231249909383305
1,17,22.000419121276803
1,18,21.743029935417958
1,19,18.95750525442232
1,20,19.64184049147073
1,21,18.740052818298004
1,22,16.798346331318793
1,23,15.348201670276977
1,24,12.36802340435102
1,25,14.412382905401644
1,26,12.717803169040588
1,27,9.745981252039886
1,28,11.072954490632412
1,29,11.728591478156687
1,30,11.304739012972899
1,31,7.486772553639777
1,32,8.919866773738805
1,33,10.017942390824375
1,34,10.390303201362686
1,35,13.915961431381563
1,36,14.792905116537746
1,37,18.172184320426958
1,38,19.730090817733288
1,39,21.612346019612055
1,40,24.788865673666816
1,41,26.021831475849137
1,42,23.832445387016996
1,43,22.970314638226775
1,44,20.095643684329623
1,45,18.315916891163347
1,46,15.759609915994254
1,47,13.596301793088129
1,48,11.306032692480091
1,49,7.806568948057526
1,50,9.484097016494827
1,51,12.279485541015841
1,52,10.604785567860976
1,53,11.498255431595743
1,54,12.227454572997818
1,55,15.797296627596804
2,1,3.8557889203117934
2,3,3.88219855428494
2,4,6.581718657982854
2,5,10.345940695415171
2,6,11.998192467048538
2,7,9.888980065113504
2,8,12.502388761456944
2,9,12.327338846636938
2,10,14.719147023133852
2,11,15.104492971959843
2,12,17.94774037885588
2,13,20.84821589382011
2,14,23.02824037993294
2,15,26.513760911664313
2,16,26.50754051655544
2,17,23.479813095778592
2,18,22.645454021772178
2,19,19.42749365799808
2,20,19.508440359522158
2,21,17.899512001463147
2,22,16.073897209117234
2,23,14.152918003254582
2,24,11.527220802314872
2,25,13.760419169009934
2,26,12.740215934067525
2,27,10.606189430240548
2,28,12.942598351707964
2,29,13.804928106299435
2,30,14.250151484556781
2,31,10.539138176087313
2,32,12.230809511786607
2,33,12.493433165522498
2,34,11.722120427358785
2,35,14.68419318101367
2,36,14.91181547176865
2,37,17.792045752359495
2,38,19.330893383894598
2,39,20.57448271471022
2,40,23.972007661655116
2,41,25.553609586131465
2,42,23.272840278142983
2,43,23.026916812391285
2,44,20.40777717660112
2,45,19.27163159383462
2,46,17.307159274802903
2,47,15.388244811131385
2,48,13.841066573867623
2,49,10.15557057162712
2,50,11.99985552425739
2,51,14.126377076722635
2,52,11.510776191371182
2,53,11.537543580564169
2,54,11.035265122964217
2,55,14.222415359786623
3,1,5.597993222042383
3,2,3.88219855428494
3,4,3.8469810559129356
3,5,7.0712763340899265
3,6,8.75189908079559
3,7,6.7466752198694095
3,8,9.410320180217584
3,9,9.481821774126349
3,10,12.08024570550311
3,11,12.195222318208922
3,12,15.319222433457597
3,13,17.832364322509704
3,14,20.1498501863295
3,15,23.531655406603694
3,16,23.784704802634806
3,17,21.071943690023275
3,18,20.190071063600225
3,19,16.894207290850247
3,20,16.525539111628607
3,21,14.782149634949343
3,22,12.539937787823908
3,23,10.413756108277498
3,24,7.645686284759325
3,25,10.029971485194556
3,26,9.486890134194075
3,27,8.044974441845254
3,28,11.079740727645158
3,29,12.8989601817303
3,30,13.670357218370702
3,31,10.196276140446303
3,32,11.357536621515536
3,33,10.444758783322685
3,34,8.717523297808246
3,35,11.213710927006519
3,36,11.151980421508483
3,37,13.932907154658665
3,38,15.625100027997709
3,39,16.940227205276
3,40,20.40159751162208
3,41,21.814847059220643
3,42,19.428053971275084
3,43,19.217440849375805
3,44,16.643315296334364
3,45,15.768631151818552
3,46,14.179827193472498
3,47,12.598881340538918
3,48,11.886273596034492
3,49,8.51024398441517
3,50,11.147142984102162
3,51,12.353372340525775
3,52,9.290919985418892
3,53,9.910327574957638
3,54,9.695642116490706
3,55,12.464029902384963
4,1,8.592371577984354
4,2,6.581718657982854
4,3,3.8469810559129356
4,5,3.843090278564163
4,6,6.2784146000912315
4,7,6.072758776211594
4,8,9.633618981839527
4,9,10.993620281039831
4,10,14.038385011451851
4,11,14.008829549792916
4,12,17.315292331051552
4,13,19.207979079442662
4,14,21.50451817016627
4,15,24.751306770945657
4,16,25.445817785017603
4,17,23.140466844494842
4,18,22.262626822751614
4,19,18.93360291732465
4,20,17.894130073263355
4,21,15.689132644035357
4,22,12.902735607593648
4,23,9.852194227807358
4,24,6.848257964018393
4,25,8.0013926783285
4,26,7.507076805616256
4,27,7.148442317177369
4,28,10.712340181543556
4,29,12.466410830576516
4,30,14.265142330172736
4,31,11.391823526322927
4,32,13.123887425544408
4,33,11.700042874239829
4,34,9.180260466162883
4,35,10.73013900590689
4,36,10.888036849033888
4,37,13.144127071611734
4,38,15.51661191540254
4,39,16.50598826881461
4,40,20.217665716371474
4,41,21.34651090296107
4,42,18.47815320641428
4,43,18.558443088130776
4,44,15.868831979261284
4,45,15.75362219179306
4,46,14.53840628869141
4,47,13.94144307567868
4,48,13.95990232914715
4,49,11.198686008747664
4,50,14.374795324910721
4,51,15.158882216842578
4,52,12.026293985135904
4,53,12.928668120433201
4,54,12.402282452901163
4,55,14.419601451244016
5,1,12.01161802588368
5,2,10.345940695415171
5,3,7.0712763340899265
5,4,3.843090278564163
5,6,3.836074304286851
5,7,5.771229957838247
5,8,8.977602511964777
5,9,11.059920715721539
5,10,14.088782901921476
5,11,13.80493483606184
5,12,17.148604158943133
5,13,18.313819762526833
5,14,20.62952171574669
5,15,23.58722044377746
5,16,24.654580372615197
5,17,22.86533100701108
5,18,21.964167395731494
5,19,18.72096012599759
5,20,17.053483643179902
5,21,14.639543099650554
5,22,11.402644523779847
5,23,7.834933099820167
5,24,5.093804952723484
5,25,4.899403359535481
5,26,5.59981915619252
5,27,7.262780724443885
5,28,11.033595021895119
5,29,13.360382792792231
5,30,15.56777179691652
5,31,13.336713345933713
5,32,14.673963467826766
5,33,12.38269290785705
5,34,9.055852875071817
5,35,9.15429610060773
5,36,9.015577588880467
5,37,10.501420990448679
5,38,13.336381600310835
5,39,14.122394876208242
5,40,17.893115612545536
5,41,18.676672824481205
5,42,15.498049786314798
5,43,15.82441327316244
5,44,13.248941290317322
5,45,13.924964588741314
5,46,13.440978579708212
5,47,13.705715746176628
5,48,14.723389039172917
5,49,12.729129026263104
5,50,16.171529045949093
5,51,16.1509286705268
5,52,13.014096919832921
5,53,14.261064016756166
5,54,13.849467817981829
5,55,15.07887817275414
6,1,14.27462497782687
6,2,11.998192467048538
6,3,8.75189908079559
6,4,6.2784146000912315
6,5,3.836074304286851
6,7,3.834256485157203
6,8,6.559477104357961
6,9,9.670296325404282
6,10,13.082731153007737
6,11,13.651051204211441
6,12,17.29797966608272
6,13,18.3241015773541
6,14,21.142637688028962
6,15,23.703996605028966
6,16,24.462543061735705
6,17,22.93554945186529
6,18,21.447857715763096
6,19,17.98340105906033
6,20,15.750942081720341
6,21,12.717546723828145
6,22,9.952998461041442
6,23,6.244613670480952
6,24,5.564211208458677
6,25,6.359658778408272
6,26,8.738785000378446
6,27,10.797203107510601
6,28,14.593822808668863
6,29,17.13175611937621
6,30,19.133065519330643
6,31,16.688594935582795
6,32,17.63440524955765
6,33,15.115513661472127
6,34,11.58151447123897
6,35,11.138884261604014
6,36,9.643402153480753
6,37,9.9819656066214
6,38,12.142853600881928
6,39,11.937030006266067
6,40,15.765762344267035
6,41,17.088129242526477
6,42,14.165759716266468
6,43,15.365024537436272
6,44,13.624455492143808
6,45,14.878842416131139
6,46,15.224787827667
6,47,15.290354680780565
6,48,16.719025139894388
6,49,14.63034070929443
6,50,17.649555150232967
6,51,17.089145979241636
6,52,13.558703341643222
6,53,14.01040375057631
6,54,12.8398813984471
6,55,13.141263678054582
7,1,12.263936878246252
7,2,9.888980065113504
7,3,6.7466752198694095
7,4,6.072758776211594
7,5,5.771229957838247
7,6,3.834256485157203
7,8,3.851263192842696
7,9,6.526937811362871
7,10,10.207623985230985
7,11,11.412050376026857
7,12,15.207625991517089
7,13,16.876865392063475
7,14,19.95095524699034
7,15,22.6127085387054
7,16,22.82978858306571
7,17,20.923700339691546
7,18,19.180017128688924
7,19,15.521665787229578
7,20,13.701909172188488
7,21,10.733588487719198
7,22,8.627810874447183
7,23,5.768226198666436
7,24,5.399612311762479
7,25,8.166664817035374
7,26,10.209765414015587
7,27,11.257569430105027
7,28,14.986665722334664
7,29,17.60681634869101
7,30,18.93720273232593
7,31,15.973576718330746
7,32,16.531314971729095
7,33,14.294452578084492
7,34,11.146681271343217
7,35,11.551665623862426
7,36,9.604550830830997
7,37,10.56733885179145
7,38,11.816830382472206
7,39,11.794217083209501
7,40,15.468267207825695
7,41,17.36279979340799
7,42,15.042435083965252
7,43,16.050624493676978
7,44,14.479288137908894
7,45,14.986717084864493
7,46,15.06234755001269
7,47,14.177368277627513
7,48,15.156470610702298
7,49,12.582060963689928
7,50,15.061951788650177
7,51,14.572212934276928
7,52,10.797574248283322
7,53,10.575309781780645
7,54,9.061194558276068
7,55,9.638164708163314
8,1,14.448629605138475
8,2,12.502388761456944
8,3,9.410320180217584
8,4,9.633618981839527
8,5,8.977602511964777
8,6,6.559477104357961
8,7,3.851263192842696
8,9,3.831919153213342
8,10,7.405556432560417
8,11,9.3731583082857
8,12,13.17080453115666
8,13,14.67217514056812
8,14,18.11448779638291
8,15,20.361780988611063
8,16,20.21150422603738
8,17,18.55417388010944
8,18,16.34364615926692
8,19,12.618560900059034
8,20,10.416601601274815
8,21,7.135943008535126
8,22,5.904431051862471
8,23,4.513670728882296
8,24,6.407600484484994
8,25,9.655072012085883
8,26,12.366028258589917
8,27,13.620296505615562
8,28,17.12720038579741
8,29,20.157728026735825
8,30,21.042667174517888
8,31,18.11753770145191
8,32,17.91049007173376
8,33,15.364052485310609
8,34,12.280341053386937
8,35,12.219929458890096
8,36,9.263755765421237
8,37,9.492220207297237
8,38,9.486856456938048
8,39,9.031158428197488
8,40,12.404798198518938
8,41,14.813216547893154
8,42,13.176610991085232
8,43,14.48341775162655
8,44,13.718937791774454
8,45,14.260443217264438
8,46,14.999964603336847
8,47,13.833502324803982
8,48,15.271238201160006
8,49,13.093488902435505
8,50,14.957614069912754
8,51,13.620849658181772
8,52,9.886224679325931
8,53,9.111323068997871
8,54,7.5294042510858095
8,55,6.867225920650705
9,1,13.468605706920503
9,2,12.327338846636938
9,3,9.481821774126349
9,4,10.993620281039831
9,5,11.059920715721539
9,6,9.670296325404282
9,7,6.526937811362871
9,8,3.831919153213342
9,10,3.8083404108376335
9,11,6.257697002410302
9,12,9.958979732765563
9,13,12.07409665887339
9,14,15.550024856930687
9,15,17.923197194978403
9,16,17.361346246911413
9,17,15.310997591812159
9,18,13.092052881962394
9,19,9.306158894091435
9,20,7.935952319704252
9,21,5.669237120607925
9,22,5.287381010230488
9,23,6.006590395354094
9,24,7.345873380414195
9,25,11.072465901853398
9,26,13.241329799371885
9,27,13.774411216995938
9,28,16.811137477829472
9,29,19.960674684514203
9,30,20.138249330104298
9,31,17.133643353971014
9,32,16.24176039554268
9,33,13.864810969166012
9,34,11.419079941354193
9,35,11.902904291991394
9,36,8.963318140974064
9,37,9.969983014851081
9,38,9.195586223199758
9,39,9.750603384762998
9,40,12.497402053383881
9,41,14.902202025271057
9,42,13.856717037144605
9,43,14.431425251971367
9,44,13.667292941667043
9,45,13.2688665107297
9,46,13.691556669915231
9,47,11.713517527188568
9,48,12.850994952091378
9,49,10.776610581096117
9,50,11.933213016002137
9,51,10.26973562277677
9,52,6.659198949925035
9,53,5.568079269557886
9,54,4.975797816545086
9,55,5.034228775871264
10,1,15.033625710768733
10,2,14.719147023133852
10,3,12.08024570550311
10,4,14.038385011451851
10,5,14.088782901921476
10,6,13.082731153007737
10,7,10.207623985230985
10,8,7.405556432560417
10,9,3.8083404108376335
10,11,3.819309349941064
10,12,6.829716823542844
10,13,9.197925267675185
10,14,12.746922530365255
10,15,14.917126847762564
10,16,13.903405895758585
10,17,11.742330137492683
10,18,9.351612060477244
10,19,5.554231083437932
10,20,5.06940138616955
10,21,4.779925974152433
10,22,5.710585203026872
10,23,8.239438389451863
10,24,9.651681945000654
10,25,13.140917405063876
10,26,15.11138577685097
10,27,15.40656525731325
10,28,17.867682941026647
10,29,21.190996249024288
10,30,20.774289420322727
10,31,18.00296804984591
10,32,16.307166242532116
10,33,13.922456578591317
10,34,12.110132353620408
10,35,12.524119289333756
10,36,9.567857907672575
10,37,10.600186443310788
10,38,8.837305995546371
10,39,10.097060305504355
10,40,11.871110012608817
10,41,14.148038754521874
10,42,13.887876503593343
10,43,13.898845364597882
10,44,13.544664869869477
10,45,12.49634254036227
10,46,13.050116676489596
10,47,10.595458992815981
10,48,11.84467352760674
10,49,10.564296170297165
10,50,10.812149001353909
10,51,8.215519305453343
10,52,5.615723601331549
10,53,4.760428882235875
10,54,6.134241727302225
10,55,6.103574706955102
11,1,14.616510257073761
11,2,15.104492971959843
11,3,12.195222318208922
11,4,14.008829549792916
11,5,13.80493483606184
11,6,13.651051204211441
11,7,11.412050376026857
11,8,9.3731583082857
11,9,6.257697002410302
11,10,3.819309349941064
11,12,3.8338559193730597
11,13,6.246819686992507
11,14,9.456397445707662
11,15,12.1677092928152
11,16,11.821838445861731
11,17,9.52924608607852
11,18,8.272247708715197
11,19,5.254380543858524
11,20,5.56497096284766
11,21,6.672626437140595
11,22,5.922139437234773
11,23,8.404839457714406
11,24,8.948399557993467
11,25,11.880497010049973
11,26,13.36813943981337
11,27,13.528605354058044
11,28,15.437956405890896
11,29,18.93518048602284
11,30,18.281935354862554
11,31,15.983218773829757
11,32,13.813245553657238
11,33,11.102054687292132
11,34,9.592887898666195
11,35,9.845242639675268
11,36,7.3839744760637736
11,37,9.118548950250826
11,38,7.86455959086711
11,39,10.463046030161665
11,40,12.131269838050459
11,41,13.414866807540042
11,42,12.883569156108397
11,43,11.892484023129118
11,44,11.03290523980056
11,45,9.229584657583189
11,46,9.52301162161433
11,47,6.993753593264454
11,48,8.764919923682605
11,49,8.53007675903159
11,50,9.167394740945777
11,51,5.964660898615065
11,52,4.426934120567038
11,53,6.262330267982801
11,54,8.97529957515604
11,55,9.8028942440597
12,1,16.803679952834955
12,2,17.94774037885588
12,3,15.319222433457597
12,4,17.315292331051552
12,5,17.148604158943133
12,6,17.29797966608272
12,7,15.207625991517089
12,8,13.17080453115666
12,9,9.958979732765563
12,10,6.829716823542844
12,11,3.8338559193730597
12,13,3.8331250206071665
12,14,6.41111345063505
12,15,9.175228548109411
12,16,8.560820231669322
12,17,5.851772255077132
12,18,5.62141262867312
12,19,4.413967120915861
12,20,6.552434912281069
12,21,9.262436510273943
12,22,9.081201017964975
12,23,11.884860662857818
12,24,12.28123744595723
12,25,14.722416829636002
12,26,15.808667156497243
12,27,15.688360241751242
12,28,16.82787031223524
12,29,20.274576375421116
12,30,19.036275745101733
12,31,17.202536518027287
12,32,14.329284150282632
12,33,11.865139329722398
12,34,11.338107701238759
12,35,11.533980860671825
12,36,9.746007096483734
12,37,11.379756952221346
12,38,9.787154001084483
12,39,12.772392100393777
12,40,13.516501419830165
12,41,14.239260683732525
12,42,14.341249774369302
12,43,12.610706428294915
12,44,12.034809962585173
12,45,9.463251864625263
12,46,9.637113756089612
12,47,6.914770846670439
12,48,8.580487037911078
12,49,9.67732353253208
12,50,9.357549601874544
12,51,5.526974986429184
12,52,6.549154009873256
12,53,8.633675012951267
12,54,11.927219681891717
12,55,12.784727566012158
13,1,19.803983462486503
13,2,20.84821589382011
13,3,17.832364322509704
13,4,19.207979079442662
13,5,18.313819762526833
13,6,18.3241015773541
13,7,16.876865392063475
13,8,14.67217514056812
13,9,12.07409665887339
13,10,9.197925267675185
13,11,6.246819686992507
13,12,3.8331250206071665
13,14,3.811479381754246
13,15,5.937291745219762
13,16,6.368857527777776
13,17,5.4474116883217
13,18,5.848552039398066
13,19,6.010537921037128
13,20,6.793148225654752
13,21,9.808478174013864
13,22,9.42660122149952
13,23,12.445399831499248
13,24,13.29962087756063
13,25,15.005427860047018
13,26,16.418373950218033
13,27,16.96228421019954
13,28,17.95960626809066
13,29,21.603122011397318
13,30,20.62073283108204
13,31,19.311194313692283
13,32,16.42997232875092
13,33,13.491038294596436
13,34,12.61222395275948
13,35,11.671213499440265
13,36,9.781054719297238
13,37,10.448477715062262
13,38,8.519909271574091
13,39,11.745777282962749
13,40,11.746241087798998
13,41,11.644730714566178
13,42,12.161509962254653
13,43,9.992855651912706
13,44,10.138337842663278
13,45,7.864281818022175
13,46,9.253668852700933
13,47,7.950008639173556
13,48,10.706238824533315
13,49,12.52430754995043
13,50,12.775276837075838
13,51,9.04965643621684
13,52,9.892887008092746
13,53,12.06926143498712
13,54,14.980629254567532
13,55,15.208809118564961
14,1,21.454710225606576
14,2,23.02824037993294
14,3,20.1498501863295
14,4,21.50451817016627
14,5,20.62952171574669
14,6,21.142637688028962
14,7,19.95095524699034
14,8,18.11448779638291
14,9,15.550024856930687
14,10,12.746922530365255
14,11,9.456397445707662
14,12,6.41111345063505
14,13,3.811479381754246
14,15,3.8615643244576408
14,16,5.777240341272532
14,17,5.415035646566943
14,18,7.868978964547256
14,19,9.278705921952785
14,20,10.555869230890302
14,21,13.598060455525593
14,22,12.893920275132833
14,23,15.537824511082437
14,24,15.843892280045834
14,25,16.999184024790072
14,26,17.820071679312004
14,27,18.09640807976042
14,28,18.318800396796266
14,29,21.787625946175492
14,30,20.44099489328654
14,31,19.76333929499041
14,32,16.528261049349624
14,33,13.834492500865208
14,34,13.732552918568773
14,35,12.788867509082548
14,36,11.904687206117082
14,37,12.836277020751314
14,38,11.525707981953953
14,39,14.958913984595284
14,40,14.72477709667709
14,41,13.836148844672968
14,42,14.32009817622632
14,43,11.399164973842039
14,44,11.252649691138881
14,45,8.385809552966215
14,46,9.245910587501072
14,47,8.490460917742018
14,48,10.991486125834918
14,49,13.760301910257317
14,50,13.862593630445819
14,51,10.475806327048033
14,52,12.312605598973178
14,53,14.968119459743155
14,54,18.222698140781365
14,55,18.81184592064444
15,1,25.133171363573933
15,2,26.513760911664313
15,3,23.531655406603694
15,4,24.751306770945657
15,5,23.58722044377746
15,6,23.703996605028966
15,7,22.6127085387054
15,8,20.361780988611063
15,9,17.923197194978403
15,10,14.917126847762564
15,11,12.1677092928152
15,12,9.175228548109411
15,13,5.937291745219762
15,14,3.8615643244576408
15,16,3.8352386957504834
15,17,6.143224302904908
15,18,8.27634562075405
15,19,10.626735302800219
15,20,11.55766207793525
15,21,14.869882368813146
15,22,14.774006838354662
15,23,17.775192769309538
15,24,18.68852880488626
15,25,19.731033294209396
15,26,20.955921096243024
15,27,21.604944248576206
15,28,21.93237137999009
15,29,25.449141837527982
15,30,24.198411165422762
15,31,23.601712367762058
15,32,20.383146984920558
15,33,17.641980167471367
15,34,17.308157904879852
15,35,15.934465833974885
15,36,14.657773308418024
15,37,14.732127507470365
15,38,12.791894781486212
15,39,15.74428693193288
15,40,14.550547792544814
15,41,13.346774445114113
15,42,14.739710534998574
15,43,12.041079326718528
15,44,12.990090190718696
15,45,10.929704241521664
15,46,12.57974514462401
15,47,12.249023915996199
15,48,14.844265338534836
15,49,17.50055444164079
15,50,17.417849325943962
15,51,13.872211241019363
15,52,15.545008091968262
15,53,17.735839957065366
15,54,20.740756700010873
15,55,20.750861196468236
16,1,25.231249909383305
16,2,26.50754051655544
16,3,23.784704802634806
16,4,25.445817785017603
16,5,24.654580372615197
16,6,24.462543061735705
16,7,22.82978858306571
16,8,20.21150422603738
16,9,17.361346246911413
16,10,13.903405895758585
16,11,11.821838445861731
16,12,8.560820231669322
16,13,6.368857527777776
16,14,5.777240341272532
16,15,3.8352386957504834
16,17,3.8662873912711295
16,18,5.481885195143478
16,19,8.757737712214842
16,20,10.455063097406143
16,21,14.183570942712072
16,22,14.992717824498758
16,23,18.40329195169188
16,24,19.60964387692954
16,25,21.301232827569294
16,26,22.698037447058
16,27,23.104265388286105
16,28,23.700991111105537
16,29,27.18900590189306
16,30,25.72961286849942
16,31,24.67342648753688
16,32,21.376441104641405
16,33,18.92659421509574
16,34,18.679673172808467
16,35,17.820479281216244
16,36,16.09127248862322
16,37,16.271290424662524
16,38,13.733499663284995
16,39,16.270336229275593
16,40,14.887180221794539
16,41,14.588600271288053
16,42,16.41904934175264
16,43,14.345184674857451
16,44,15.452500261923818
16,45,13.382642868658131
16,46,14.77608301718564
16,47,13.523007720288533
16,48,15.590411802296599
16,49,17.760746441742914
16,50,16.970123930720703
16,51,13.310794803703471
16,52,15.07879273894329
16,53,16.579805844025053
16,54,19.51273519865939
16,55,19.336103162003162
17,1,22.000419121276803
17,2,23.479813095778592
17,3,21.071943690023275
17,4,23.140466844494842
17,5,22.86533100701108
17,6,22.93554945186529
17,7,20.923700339691546
17,8,18.55417388010944
17,9,15.310997591812159
17,10,11.742330137492683
17,11,9.52924608607852
17,12,5.851772255077132
17,13,5.4474116883217
17,14,5.415035646566943
17,15,6.143224302904908
17,16,3.8662873912711295
17,18,3.816200348321915
17,19,6.786758282143019
17,20,9.593925417162318
17,21,13.275643479607021
17,22,13.953777429989575
17,23,17.191622968307488
17,24,17.926938007186244
17,25,20.017785685190702
17,26,21.059506911224457
17,27,20.93783347569475
17,28,21.489666636092277
17,29,24.81936073046938
17,30,23.104245617764054
17,31,21.783010674386457
17,32,18.420050491360236
17,33,16.338603845655314
17,34,16.476557510883456
17,35,16.353058430829403
17,36,14.83450206818882
17,37,15.82459372827278
17,38,13.62622150631927
17,39,16.41048554411424
17,40,15.840493783645073
17,41,16.06669960653521
17,42,17.26496328818646
17,43,15.181828495718678
17,44,15.47860268917186
17,45,12.842440601438152
17,46,13.379747120785861
17,47,11.259106975326098
17,48,12.641966293355834
17,49,14.595648857496146
17,50,13.368379610910583
17,51,9.820371451383249
17,52,12.022331997158792
17,53,13.5581524232231
17,54,16.8149135723706
17,55,17.223197842950462
18,1,21.743029935417958
18,2,22.645454021772178
18,3,20.190071063600225
18,4,22.262626822751614
18,5,21.964167395731494
18,6,21.447857715763096
18,7,19.180017128688924
18,8,16.34364615926692
18,9,13.092052881962394
18,10,9.351612060477244
18,11,8.272247708715197
18,12,5.62141262867312
18,13,5.848552039398066
18,14,7.868978964547256
18,15,8.27634562075405
18,16,5.481885195143478
18,17,3.816200348321915
18,19,3.824093329245534
18,20,6.708701158888559
18,21,10.477016708371776
18,22,12.036161564581407
18,23,15.59424798874391
18,24,16.965932989285996
18,25,19.48408822409577
18,26,21.07116748017797
18,27,21.233702146257162
18,28,22.42851692616722
18,29,25.877302542544175
18,30,24.504702385591408
18,31,22.685735976418467
18,32,19.675902850668496
18,33,17.42100150181035
18,34,16.913349308659587
18,35,16.730121186759224
18,36,14.443994182974597
18,37,14.98669169837627
18,38,12.190977433564864
18,39,14.312722349699305
18,40,13.628373218177757
18,41,14.667096002676816
18,42,16.158112985668435
18,43,14.881997702185412
18,44,15.619882074943261
18,45,13.624961189388179
18,46,14.632691180090621
18,47,12.354174447516979
18,48,13.895540378746986
18,49,14.959794380943203
18,50,13.788169538774504
18,51,10.094948514059654
18,52,11.23739841419836
18,53,11.824693394158686
18,54,14.529297923970399
18,55,14.301034264810285
19,1,18.95750525442232
19,2,19.42749365799808
19,3,16.894207290850247
19,4,18.93360291732465
19,5,18.72096012599759
19,6,17.98340105906033
19,7,15.521665787229578
19,8,12.618560900059034
19,9,9.306158894091435
19,10,5.554231083437932
19,11,5.254380543858524
19,12,4.413967120915861
19,13,6.010537921037128
19,14,9.278705921952785
19,15,10.626735302800219
19,16,8.757737712214842
19,17,6.786758282143019
19,18,3.824093329245534
19,20,3.8370161856746083
19,21,7.1601805507407335
19,22,8.84190180739085
19,23,12.321381739860904
19,24,13.823481850018608
19,25,16.70701087058405
19,26,18.507517670305443
19,27,18.757049069494535
19,28,20.457700562119427
19,29,23.923754030230416
19,30,22.907737220004968
19,31,20.687534223539792
19,32,18.112117961112542
19,33,15.72744220244818
19,34,14.693328896731865
19,35,14.678069595727255
19,36,11.998679619227971
19,37,12.649056725136813
19,38,9.951533816103098
19,39,11.823115637179578
19,40,11.953350922130232
19,41,13.632424624829092
19,42,14.555357786934968
19,43,13.808247573631988
19,44,14.223258717255241
19,45,12.568278467689431
19,46,13.515999224336925
19,47,11.042127176877942
19,48,12.598731441205441
19,49,12.819267634225131
19,50,12.086357251402195
19,51,8.483488100134808
19,52,8.393809381096366
19,53,8.535384895571914
19,54,10.932443855848229
19,55,10.62992479633266
20,1,19.64184049147073
20,2,19.508440359522158
20,3,16.525539111628607
20,4,17.894130073263355
20,5,17.053483643179902
20,6,15.750942081720341
20,7,13.701909172188488
20,8,10.416601601274815
20,9,7.935952319704252
20,10,5.06940138616955
20,11,5.56497096284766
20,12,6.552434912281069
20,13,6.793148225654752
20,14,10.555869230890302
20,15,11.55766207793525
20,16,10.455063097406143
20,17,9.593925417162318
20,18,6.708701158888559
20,19,3.8370161856746083
20,21,3.8360972894864136
20,22,6.023664075317365
20,23,9.79620929228936
20,24,12.157213814685772
20,25,14.845595268408188
20,26,17.31029744915217
20,27,18.288294614787073
20,28,20.476167338400767
20,29,24.111255171918646
20,30,23.696442742374312
20,31,21.4716187547647
20,32,19.34504041477062
20,33,16.468782457459255
20,34,14.568295953284435
20,35,13.813277522937026
20,36,10.479719469199065
20,37,10.123026964387652
20,38,6.901925514935003
20,39,8.128311808005954
20,40,8.303613282802031
20,41,10.434239190960866
20,42,11.367104815816006
20,43,11.392681173466928
20,44,12.340071961527824
20,45,11.708817949198627
20,46,13.480538947357353
20,47,11.810898975425292
20,48,14.103932061533632
20,49,14.070984202015085
20,50,14.271477830654035
20,51,10.81478550734935
20,52,9.537450844501105
20,53,9.56821037009667
20,54,10.970902381565727
20,55,9.73579975769495
21,1,18.740052818298004
21,2,17.899512001463147
21,3,14.782149634949343
21,4,15.689132644035357
21,5,14.639543099650554
21,6,12.717546723828145
21,7,10.733588487719198
21,8,7.135943008535126
21,9,5.669237120607925
21,10,4.779925974152433
21,11,6.672626437140595
21,12,9.262436510273943
21,13,9.808478174013864
21,14,13.598060455525593
21,15,14.869882368813146
21,16,14.183570942712072
21,17,13.275643479607021
21,18,10.477016708371776
21,19,7.1601805507407335
21,20,3.8360972894864136
21,22,3.832950214179873
21,23,7.145889450572998
21,24,10.182213758880666
21,25,13.019939765332321
21,26,15.940993503371867
21,27,17.29695236904182
21,28,20.05893933043113
21,29,23.619118172583065
21,30,23.743216901228237
21,31,21.262451644750875
21,32,19.771181071033887
21,33,16.815808086670188
21,34,14.261685212244394
21,35,13.41403631671246
21,36,9.719778438715887
21,37,8.903513652881436
21,38,6.092926606878385
21,39,5.939567874592924
21,40,7.424756032390671
21,41,10.292239504458815
21,42,10.469123783876439
21,43,11.514927106004519
21,44,12.279996836147173
21,45,12.495209481209107
21,46,14.308330162640868
21,47,12.963728509713937
21,48,15.228614736115215
21,49,14.434139607681546
21,50,15.267841063635695
21,51,12.372541434010392
21,52,9.918892597248023
21,53,9.395779872871762
21,54,9.545619102150843
21,55,7.656055930465745
22,1,16.798346331318793
22,2,16.073897209117234
22,3,12.539937787823908
22,4,12.902735607593648
22,5,11.402644523779847
22,6,9.952998461041442
22,7,8.627810874447183
22,8,5.904431051862471
22,9,5.287381010230488
22,10,5.710585203026872
22,11,5.922139437234773
22,12,9.081201017964975
22,13,9.42660122149952
22,14,12.893920275132833
22,15,14.774006838354662
22,16,14.992717824498758
22,17,13.953777429989575
22,18,12.036161564581407
22,19,8.84190180739085
22,20,6.023664075317365
22,21,3.832950214179873
22,23,3.8113853787535
22,24,6.703622318648932
22,25,9.25423611420832
22,26,12.225068680866952
22,27,13.874699499655037
22,28,16.69738922261582
22,29,20.31266528293336
22,30,20.756271810358786
22,31,18.501008332171946
22,32,17.272955734865437
22,33,14.032320053984618
22,34,11.054953968681273
22,35,9.831314723444894
22,36,6.06246324918092
22,37,5.42158661491385
22,38,3.932733529701505
22,39,5.122821025206309
22,40,7.998488405571743
22,41,9.807500375256016
22,42,8.634930332075426
22,43,9.285441698419245
22,44,9.168006049701958
22,45,9.614193254086855
22,46,11.350671969717208
22,47,10.598327006758225
22,48,13.189044816589876
22,49,12.504970346428124
22,50,14.233403915998528
22,51,11.632277454488127
22,52,8.928995154127294
22,53,9.613757409143563
22,54,10.15490575309909
22,55,9.37824590366032
23,1,15.348201670276977
23,2,14.152918003254582
23,3,10.413756108277498
23,4,9.852194227807358
23,5,7.834933099820167
23,6,6.244613670480952
23,7,5.768226198666436
23,8,4.513670728882296
23,9,6.006590395354094
23,10,8.239438389451863
23,11,8.404839457714406
23,12,11.884860662857818
23,13,12.445399831499248
23,14,15.537824511082437
23,15,17.775192769309538
23,16,18.40329195169188
23,17,17.191622968307488
23,18,15.59424798874391
23,19,12.321381739860904
23,20,9.79620929228936
23,21,7.145889450572998
23,22,3.8113853787535
23,24,3.823948418261189
23,25,6.224871400167354
23,26,9.519182784691898
23,27,11.59654583634691
23,28,14.885955985258844
23,29,18.297290940473985
23,30,19.360968969536355
23,31,17.073927511348884
23,32,16.61593373616327
23,33,13.420502197880621
23,34,9.90547796149389
23,35,8.66589135423463
23,36,5.388787234851473
23,37,5.079230135397322
23,38,6.144283890642814
23,39,6.683366752351043
23,40,10.365550966005912
23,41,11.775372925825396
23,42,9.455055793505082
23,43,10.374550501072795
23,44,9.322872620467557
23,45,10.336895246279136
23,46,11.583416118766541
23,47,11.37819181991764
23,48,13.696461562857568
23,49,12.493315088973956
23,50,14.99719470295042
23,51,13.197274405987066
23,52,10.00715432654878
23,53,10.851832612487488
23,54,10.759954778870279
23,55,10.488060434239111
24,1,12.36802340435102
24,2,11.527220802314872
24,3,7.645686284759325
24,4,6.848257964018393
24,5,5.093804952723484
24,6,5.564211208458677
24,7,5.399612311762479
24,8,6.407600484484994
24,9,7.345873380414195
24,10,9.651681945000654
24,11,8.948399557993467
24,12,12.28123744595723
24,13,13.29962087756063
24,14,15.843892280045834
24,15,18.68852880488626
24,16,19.60964387692954
24,17,17.926938007186244
24,18,16.965932989285996
24,19,13.823481850018608
24,20,12.157213814685772
24,21,10.182213758880666
24,22,6.703622318648932
24,23,3.823948418261189
24,25,3.8360520230255446
24,26,6.130647451769868
24,27,7.818753944586959
24,28,11.24240726217589
24,29,14.53593060609627
24,30,15.743106783030964
24,31,13.473797437140611
24,32,13.416479529158108
24,33,10.372064725874845
24,34,6.724058912067062
24,35,6.23025490483529
24,36,4.495654944676859
24,37,6.417340694767816
24,38,8.739172561024905
24,39,10.229557227690991
24,40,13.786212556653654
24,41,14.628363036882188
24,42,11.900035656393822
24,43,11.87561507279594
24,44,9.580055306963676
24,45,9.845698499056686
24,46,9.894105749432926
24,47,9.75440525384431
24,48,11.521261074381123
24,49,10.079047003222545
24,50,13.219527987773473
24,51,12.209470802939911
24,52,9.136780696150032
24,53,10.786602295376785
24,54,11.18467573879976
24,55,12.153602946902897
25,1,14.412382905401644
25,2,13.760419169009934
25,3,10.029971485194556
25,4,8.0013926783285
25,5,4.899403359535481
25,6,6.359658778408272
25,7,8.166664817035374
25,8,9.655072012085883
25,9,11.072465901853398
25,10,13.140917405063876
25,11,11.880497010049973
25,12,14.722416829636002
25,13,15.005427860047018
25,14,16.999184024790072
25,15,19.731033294209396
25,16,21.301232827569294
25,17,20.017785685190702
25,18,19.48408822409577
25,19,16.70701087058405
25,20,14.845595268408188
25,21,13.019939765332321
25,22,9.25423611420832
25,23,6.224871400167354
25,24,3.8360520230255446
25,26,3.837906773617931
25,27,7.123476315592915
25,28,10.289390140054033
25,29,13.506664755995871
25,30,15.391932788427594
25,31,13.900578118050056
25,32,14.23094493822475
25,33,11.011707706215436
25,34,7.251802178098476
25,35,5.4155043721700675
25,36,5.2263907511955745
25,37,6.409218601023014
25,38,9.894367487851163
25,39,11.42400566394812
25,40,14.887880807669031
25,41,14.890115024547251
25,42,11.517840340288833
25,43,11.280658806402567
25,44,8.458238105704783
25,45,9.523807450009574
25,46,9.727356844906408
25,47,10.96084441861519
25,48,13.074042315161504
25,49,12.328598735846112
25,50,15.855425657832225
25,51,14.936454938485365
25,52,12.3835435648431
25,53,14.483953409939224
25,54,15.01270118137009
25,55,15.862373343484691
26,1,12.717803169040588
26,2,12.740215934067525
26,3,9.486890134194075
26,4,7.507076805616256
26,5,5.59981915619252
26,6,8.738785000378446
26,7,10.209765414015587
26,8,12.366028258589917
26,9,13.241329799371885
26,10,15.11138577685097
26,11,13.36813943981337
26,12,15.808667156497243
26,13,16.418373950218033
26,14,17.820071679312004
26,15,20.955921096243024
26,16,22.698037447058
26,17,21.059506911224457
26,18,21.07116748017797
26,19,18.507517670305443
26,20,17.31029744915217
26,21,15.940993503371867
26,22,12.225068680866952
26,23,9.519182784691898
26,24,6.130647451769868
26,25,3.837906773617931
26,27,3.780556480485007
26,28,6.709913569510326
26,29,9.72897078815086
26,30,11.900776877671387
26,31,10.78904529024299
26,32,11.637559843408262
26,33,8.848086946397245
26,34,5.674053253021991
26,35,5.074846018530519
26,36,7.176832750277527
26,37,9.51052243861664
26,38,12.969079985504424
26,39,15.001043879901117
26,40,18.327946705616828
26,41,18.088622081972144
26,42,14.762398124996302
26,43,13.801538199579426
26,44,10.355816196062364
26,45,10.419806010214257
26,46,9.262567654260774
26,47,10.59638162297885
26,48,11.917563536714114
26,49,11.26443266009041
26,50,15.083800541557356
26,51,14.932628666751436
26,52,12.8849613303481
26,53,15.462362510844601
26,54,16.409447437263676
26,55,18.017417676860283
27,1,9.745981252039886
27,2,10.606189430240548
27,3,8.044974441845254
27,4,7.148442317177369
27,5,7.262780724443885
27,6,10.797203107510601
27,7,11.257569430105027
27,8,13.620296505615562
27,9,13.774411216995938
27,10,15.40656525731325
27,11,13.528605354058044
27,12,15.688360241751242
27,13,16.96228421019954
27,14,18.09640807976042
27,15,21.604944248576206
27,16,23.104265388286105
27,17,20.93783347569475
27,18,21.233702146257162
27,19,18.757049069494535
27,20,18.288294614787073
27,21,17.29695236904182
27,22,13.874699499655037
27,23,11.59654583634691
27,24,7.818753944586959
27,25,7.123476315592915
27,26,3.780556480485007
27,28,3.824478965429317
27,29,6.732443861737674
27,30,8.52439436188572
27,31,7.0368252861752625
27,32,8.336430002432907
27,33,6.368634591425716
27,34,4.469995416192627
27,35,6.352050514906486
27,36,8.976252175548385
27,37,12.1523735481672
27,38,15.157973089039562
27,39,17.506686003892607
27,40,20.764587904707355
27,41,20.73890520984332
27,42,17.71823625741361
27,43,16.397524635826446
27,44,12.838604177393796
27,45,11.824896103668921
27,46,9.510685941355405
27,47,9.935339374315905
27,48,10.008095029080387
27,49,8.996579314390624
27,50,12.828496553008986
27,51,13.542632143157858
27,52,11.906407611256933
27,53,14.648329815367426
27,54,15.946009287684479
27,55,18.279043017918116
28,1,11.072954490632412
28,2,12.942598351707964
28,3,11.079740727645158
28,4,10.712340181543556
28,5,11.033595021895119
28,6,14.593822808668863
28,7,14.986665722334664
28,8,17.12720038579741
28,9,16.811137477829472
28,10,17.867682941026647
28,11,15.437956405890896
28,12,16.82787031223524
28,13,17.95960626809066
28,14,18.318800396796266
28,15,21.93237137999009
28,16,23.700991111105537
28,17,21.489666636092277
28,18,22.42851692616722
28,19,20.457700562119427
28,20,20.476167338400767
28,21,20.05893933043113
28,22,16.69738922261582
28,23,14.885955985258844
28,24,11.24240726217589
28,25,10.289390140054033
28,26,6.709913569510326
28,27,3.824478965429317
28,29,3.838239037683535
28,30,5.2733717033246315
28,31,5.448815455310408
28,32,6.66285715037257
28,33,5.587677395773409
28,34,5.914364448310123
28,35,7.8901492405743205
28,36,11.305877856673378
28,37,14.609576002588383
28,38,17.55265146787087
28,39,20.33046912185901
28,40,23.293795527211888
28,41,22.85818937616078
28,42,19.949618126764143
28,43,18.01236368570043
28,44,14.257776635201727
28,45,12.61822252406168
28,46,9.556723552715406
28,47,10.269519993813102
28,48,9.737561402253565
28,49,9.732933551417243
28,50,13.266670539827658
28,51,14.332875682972832
28,52,13.685082737531447
28,53,16.851197797224668
28,54,18.709163275122982
28,55,21.298493401062164
29,1,11.728591478156687
29,2,13.804928106299435
29,3,12.8989601817303
29,4,12.466410830576516
29,5,13.360382792792231
29,6,17.13175611937621
29,7,17.60681634869101
29,8,20.157728026735825
29,9,19.960674684514203
29,10,21.190996249024288
29,11,18.93518048602284
29,12,20.274576375421116
29,13,21.603122011397318
29,14,21.787625946175492
29,15,25.449141837527982
29,16,27.18900590189306
29,17,24.81936073046938
29,18,25.877302542544175
29,19,23.923754030230416
29,20,24.111255171918646
29,21,23.619118172583065
29,22,20.31266528293336
29,23,18.297290940473985
29,24,14.53593060609627
29,25,13.506664755995871
29,26,9.72897078815086
29,27,6.732443861737674
29,28,3.838239037683535
29,30,3.8416813924089364
29,31,5.333637010637823
29,32,7.9404119698328035
29,33,8.550488389131704
29,34,9.576204708657068
29,35,11.699732498960994
29,36,15.073295392535533
29,37,18.32483143400915
29,38,21.33412086482527
29,39,23.998069593908163
29,40,27.056427345880028
29,41,26.645877733154716
29,42,23.65027138900028
29,43,21.759051822436366
29,44,17.972948472894558
29,45,16.37881409319171
29,46,13.213407479079784
29,47,13.760844144458428
29,48,12.565665233641603
29,49,12.277413258220575
29,50,15.457532709235052
29,51,17.196194664194575
29,52,16.69219452718598
29,53,19.63063430005225
29,54,21.31773265851156
29,55,24.173977677382815
30,1,11.304739012972899
30,2,14.250151484556781
30,3,13.670357218370702
30,4,14.265142330172736
30,5,15.56777179691652
30,6,19.133065519330643
30,7,18.93720273232593
30,8,21.042667174517888
30,9,20.138249330104298
30,10,20.774289420322727
30,11,18.281935354862554
30,12,19.036275745101733
30,13,20.62073283108204
30,14,20.44099489328654
30,15,24.198411165422762
30,16,25.72961286849942
30,17,23.104245617764054
30,18,24.504702385591408
30,19,22.907737220004968
30,20,23.696442742374312
30,21,23.743216901228237
30,22,20.756271810358786
30,23,19.360968969536355
30,24,15.743106783030964
30,25,15.391932788427594
30,26,11.900776877671387
30,27,8.52439436188572
30,28,5.2733717033246315
30,29,3.8416813924089364
30,31,3.8389928961484943
30,32,5.318301935895721
30,33,7.288287804167303
30,34,9.772252944065594
30,35,12.46953094646922
30,36,15.742639785396126
30,37,19.30185070729937
30,38,21.84821788874348
30,39,24.83342501590925
30,40,27.627133727803596
30,41,27.269712271622453
30,42,24.656354663954726
30,43,22.423495191689362
30,44,18.74298418210644
30,45,16.42956594143467
30,46,12.832236240024745
30,47,12.688902807009754
30,48,10.668193268933038
30,49,10.827675931108534
30,50,13.365029826924037
30,51,15.443559661473374
30,52,15.725132117959541
30,53,18.808004495388232
30,54,21.0118494906183
30,55,24.131479873446928
31,1,7.486772553639777
31,2,10.539138176087313
31,3,10.196276140446303
31,4,11.391823526322927
31,5,13.336713345933713
31,6,16.688594935582795
31,7,15.973576718330746
31,8,18.11753770145191
31,9,17.133643353971014
31,10,18.00296804984591
31,11,15.983218773829757
31,12,17.202536518027287
31,13,19.311194313692283
31,14,19.76333929499041
31,15,23.601712367762058
31,16,24.67342648753688
31,17,21.783010674386457
31,18,22.685735976418467
31,19,20.687534223539792
31,20,21.4716187547647
31,21,21.262451644750875
31,22,18.501008332171946
31,23,17.073927511348884
31,24,13.473797437140611
31,25,13.900578118050056
31,26,10.78904529024299
31,27,7.0368252861752625
31,28,5.448815455310408
31,29,5.333637010637823
31,30,3.8389928961484943
31,32,3.8434628439050416
31,33,6.039683394577356
31,34,8.15343447851512
31,35,11.55833417380064
31,36,14.202304677833213
31,37,17.89668656534833
31,38,20.1903378937805
31,39,22.92773089621138
31,40,25.884898514904602
31,41,26.03245564281948
31,42,23.520898030279163
31,43,21.68432191983321
