1,2,3.779930607216351
1,3,7.343252112405942
1,4,10.692824453755138
1,5,13.824486370177988
1,6,15.632133191981264
1,7,14.418945252527273
1,8,27.748885204908795
1,9,28.792481417603035
1,10,26.83960622370991
1,11,26.891277002236958
1,12,30.591792800713435
1,13,29.397679890880422
1,14,31.109868347362116
1,15,34.48527833184149
1,16,34.04822279758404
1,17,32.22079824151083
1,18,33.204829652151425
1,19,30.43429858945191
1,20,32.12386391542923
1,21,31.356499395838295
1,22,28.723760780224087
1,23,25.438031183796497
1,24,23.21799966039614
1,25,20.132215097232823
1,26,20.911492916186255
1,27,20.43138687896021
1,28,21.192966766491956
1,29,18.209804522511508
1,30,16.220666766730037
1,31,18.905408007215062
1,32,18.091316851638965
1,33,14.309990182603844
1,34,12.845792101019288
1,35,11.182741925777712
1,36,8.239595314995528
1,37,7.962953385567988
1,38,8.999393482904095
1,39,6.299171134330945
1,40,6.580886574481969
1,41,10.250408459706984
1,42,10.382712080077578
1,43,9.332049015906838
1,44,12.193733919856768
1,45,14.475550161941825
1,46,13.875305120104144
1,47,14.766514782436573
1,48,17.60433124707543
1,49,18.889306353915686
1,50,19.23485116296973
1,51,20.28286996322063
1,52,22.748722141254998
1,53,21.123075301167074
1,54,20.7482071581474
1,55,18.425174371272373
1,56,16.361179095829602
1,57,16.09350995995145
1,58,15.070549215308484
1,59,11.905588921283783
1,60,11.731961090221136
1,61,12.544657767179277
1,62,9.588534011431433
1,63,7.301235799553661
1,64,9.772697887677575
1,65,7.92256126037239
1,66,4.976999645865591
1,67,6.8765012625203115
1,68,8.16896239389097
1,69,11.493766552488818
1,70,14.786312825863348
1,71,16.086917920185314
1,72,14.09244076458955
1,73,17.43881440730537
1,74,17.089154787579197
1,75,14.379823196911735
1,76,16.3568444687182
1,77,19.52846897066591
1,78,18.361642274368517
1,79,17.362184215969787
1,80,20.757427757789056
1,81,22.529114542084347
1,82,21.426878672524417
1,83,22.489435790890074
1,84,25.76054332924646
1,85,26.450953543169263
1,86,25.655427350480394
1,87,28.21899090499433
1,88,30.87461439948296
1,89,31.52746088612733
1,90,32.05185886016134
1,91,32.8500281841396
1,92,31.83565461275231
1,93,28.551778600180608
1,94,27.78076929302048
1,95,29.144603339677644
1,96,27.572852425412908
1,97,24.155469965581677
1,98,25.069830845639707
1,99,26.440953161895997
1,100,23.21294685313983
1,101,21.132577133008063
1,102,20.744672788708858
1,103,19.557784135685495
1,104,16.695423358640262
1,105,15.925538530040443
1,106,16.641225842077954
1,107,14.327491268777342
1,108,11.38252801664129
1,109,11.834127361595705
1,110,12.532055946409278
1,111,9.522863485496147
1,112,6.852545349409866
1,113,9.09022810454222
2,1,3.779930607216351
2,3,3.842228200881156
2,4,6.948503947848147
2,5,10.065512541627102
2,6,11.944592659671198
2,7,11.029753104613956
2,8,24.95513609040351
2,9,26.25359658197302
2,10,24.107655446126056
2,11,24.38821769974328
2,12,28.13616116069927
2,13,27.31544368496394
2,14,29.179862136251707
2,15,32.438891030577615
2,16,32.26776791055691
2,17,30.750125778424344
2,18,31.857498360641326
2,19,29.036402717860803
2,20,31.04863179724244
2,21,30.58705541304613
2,22,28.31908993980737
2,23,24.93986904573911
2,24,23.112698627750486
2,25,19.814890236378115
2,26,20.64167087121146
2,27,20.417692788831697
2,28,21.808496510700888
2,29,18.971278798991026
2,30,17.073898095908536
2,31,20.123155079794362
2,32,19.837612233047068
2,33,16.07193983066464
2,34,14.47202243427003
2,35,11.960379351372818
2,36,9.750934136543153
2,37,10.150001314266534
2,38,9.972894117104893
2,39,6.818677635100711
2,40,8.733050381470775
2,41,11.86944911580883
2,42,10.819130860415768
2,43,10.177236880448051
2,44,13.673663402178779
2,45,15.157696028242057
2,46,13.965664034052073
2,47,15.561002626600853
2,48,18.58584180989579
2,49,19.1397239727276
2,50,19.206229782156736
2,51,20.888231207556025
2,52,23.36979955268814
2,53,19.831827280243076
2,54,19.08791518546673
2,55,16.319941644132502
2,56,14.880525837562493
2,57,15.068286323736418
2,58,13.38914384387747
2,59,10.193219498158754
2,60,11.247404449885783
2,61,12.276554674610933
2,62,8.965540620744076
2,63,7.871755463080396
2,64,11.196063938605748
2,65,10.001860914181258
2,66,7.738620265362645
2,67,10.413885498241319
2,68,11.8899652632634
2,69,15.237183303939647
2,70,18.47847042206433
2,71,19.631553624338995
2,72,17.35963788305653
2,73,20.462535897231678
2,74,19.774474372119418
2,75,16.8265982583047
2,76,18.80781007339348
2,77,21.812532034169905
2,78,20.09976973338508
2,79,18.941596448321455
2,80,22.534648022099056
2,81,23.959623959650852
2,82,22.359903217568235
2,83,23.624870014466858
2,84,27.049944454260537
2,85,27.266871937087927
2,86,26.193376111886323
2,87,29.045545480137392
2,88,31.748213367647324
2,89,31.95818246285339
2,90,32.51286572764537
2,91,32.901049644359745
2,92,31.717759568956545
2,93,28.699229449542027
2,94,27.728128774744103
2,95,28.62953981705628
2,96,27.076187657487345
2,97,23.811998595043235
2,98,24.297029696946574
2,99,25.352399544099985
2,100,22.09261078962277
2,101,19.854732323875055
2,102,18.921352334864977
2,103,18.046978352960178
2,104,15.543199435811237
2,105,13.97452898978404
2,106,14.456775895291136
2,107,12.854072464565713
2,108,9.798318896148944
2,109,9.165512629313227
2,110,10.240670231399761
2,111,8.174360846654121
2,112,4.611341689981797
2,113,5.967885106617575
3,1,7.343252112405942
3,2,3.842228200881156
3,4,3.7986426413467673
3,5,7.058308264010406
3,6,8.363734459212488
3,7,7.2145005860500095
3,8,21.698322720020037
3,9,23.327758668708963
3,10,21.247451550795816
3,11,21.974533567618096
3,12,25.670656125747495
3,13,25.11223545900438
3,14,27.303410518238863
3,15,30.329426083463016
3,16,30.232352080590033
3,17,29.10651737810869
3,18,30.52548221160342
3,19,27.86316793369658
3,20,30.26889699121041
3,21,29.910880805682783
3,22,27.99153152154389
3,23,24.46823677207358
3,24,22.878043566164184
3,25,19.63633698932691
3,26,20.830358481678495
3,27,21.16198541379823
3,28,22.926167511016324
3,29,20.07527992671513
3,30,18.65159202053663
3,31,22.037851219174932
3,32,22.321379110902708
3,33,18.640780012943875
3,34,17.352022797573095
3,35,14.577477388587285
3,36,13.025080652789063
3,37,13.256298647961074
3,38,12.168234234330454
3,39,8.722238572395145
3,40,11.072188256731938
3,41,13.671644385072982
3,42,11.58998938937951
3,43,10.865477534767164
3,44,14.658050420989087
3,45,15.445736934647408
3,46,13.490734403304193
3,47,15.476950196130282
3,48,18.678072210762764
3,49,18.52471307541194
3,50,18.10850124646326
3,51,20.29952565736175
3,52,22.851756965457284
3,53,17.41047657830616
3,54,16.262653970959203
3,55,13.230262524826008
3,56,12.4784193236008
3,57,12.962709918703263
3,58,10.709234436434285
3,59,7.761428872337271
3,60,10.007279192307111
3,61,11.134003970260649
3,62,7.9754732348117505
3,63,8.240054011760636
3,64,11.886096418426494
3,65,11.60932258970574
3,66,10.070426189466797
3,67,13.316114413360925
3,68,15.316349430267085
3,69,18.793263930930596
3,70,21.983125503232486
3,71,22.864412821441526
3,72,20.293250159080298
3,73,23.13853983227276
3,74,22.458532636231354
3,75,19.206834972632144
3,76,20.830362181092156
3,77,23.789163979089423
3,78,21.753552643179454
3,79,20.183574667239323
3,80,23.767506187079775
3,81,25.044832563617465
3,82,22.909807313763036
3,83,24.078991542412883
3,84,27.66752557179227
3,85,27.544434664507744
3,86,26.03744600313871
3,87,29.01120701046808
3,88,31.85893087353961
3,89,31.65650500179177
3,90,32.04336048888874
3,91,31.98890193625578
3,92,30.82632443430115
3,93,28.09834488220049
3,94,26.773411748418763
3,95,27.3007644877586
3,96,25.992783655678494
3,97,22.83469802511344
3,98,22.751922987320764
3,99,23.69241790168856
3,100,20.62517617697454
3,101,18.055545001545262
3,102,16.832160243141484
3,103,16.60969302564266
3,104,14.320377102232626
3,105,11.97383835578853
3,106,12.709454946048432
3,107,12.120788180573898
3,108,8.851408330252589
3,109,7.311850145765506
3,110,9.518234594223072
3,111,8.858174240489038
3,112,5.128241932425845
3,113,5.602797823079573
4,1,10.692824453755138
4,2,6.948503947848147
4,3,3.7986426413467673
4,5,3.80154472835841
4,6,5.1129866035789995
4,7,5.5983073037923985
4,8,20.63673095883925
4,9,22.62107431694608
4,10,20.252840878313005
4,11,21.248657417634757
4,12,24.911241734883
4,13,24.92278533154897
4,14,27.16943860628175
4,15,30.004982648931282
4,16,30.303415455088377
4,17,29.53922259500307
4,18,30.977481238102133
4,19,28.256360564831873
4,20,30.886183902693077
4,21,30.930288758841343
4,22,29.412289991351518
4,23,25.96811579858008
4,24,24.844081812470723
4,25,21.503860460775734
4,26,22.517917585277196
4,27,22.871940768484475
4,28,25.100998971609947
4,29,22.56160177312504
4,30,21.067220713136944
4,31,24.46484988413338
4,32,24.923308947612657
4,33,21.353722227458174
4,34,19.78890061387023
4,35,16.599688648557283
4,36,15.411558043955186
4,37,16.25323174321129
4,38,14.937381046332039
4,39,11.868241409204103
4,40,14.643262468696298
4,41,16.991132792675888
4,42,14.634545419114284
4,43,14.32336652161825
4,44,18.129784068138687
4,45,18.481874636813348
4,46,16.369875361761128
4,47,18.659375727753797
4,48,21.806449298354657
4,49,21.19669454520564
4,50,20.60010759566289
4,51,23.13950137838382
4,52,25.620964300983726
4,53,18.698805506330945
4,54,17.09725558863215
4,55,13.753363456218336
4,56,14.002753193835295
4,57,14.845714098768555
4,58,11.995179884511797
4,59,9.74690828426558
4,60,12.799513382550407
4,61,13.735470753194813
4,62,10.684661803294038
4,63,11.761445774118604
4,64,15.298009011951182
4,65,14.989977865057487
4,66,13.759111273259752
4,67,17.00285813027572
4,68,18.811020579869993
4,69,22.17501504217613
4,70,25.419229663254555
4,71,26.426972498594832
4,72,23.88934164209841
4,73,26.69763563320855
4,74,25.774618488356104
4,75,22.58151359097369
4,76,24.344278550306363
4,77,27.136165180639832
4,78,24.845508484941018
4,79,23.379130811100527
4,80,27.019746017303778
4,81,28.014632934070896
4,82,25.69047706953182
4,83,27.04266167105708
4,84,30.619005890708383
4,85,30.159270839252112
4,86,28.560048340464313
4,87,31.69848377874288
4,88,34.485455885918086
4,89,33.960523537565784
4,90,34.41695792043348
4,91,34.045164245249694
4,92,32.722554930461534
4,93,30.281061206827303
4,94,28.871064305021328
4,95,28.955536577096645
4,96,27.652232007260682
4,97,24.77227039168414
4,98,24.326785287037637
4,99,24.86123987281786
4,100,21.85506620951245
4,101,19.321366663847094
4,102,17.476934668017677
4,103,17.56602425661427
4,104,15.94695990873017
4,105,12.92700855949403
4,106,13.094423854564745
4,107,13.438981566822655
4,108,10.748084431463422
4,109,7.955196977768818
4,110,9.995663429865665
4,111,10.599169729988635
4,112,7.460869055525264
4,113,5.832800034341972
5,1,13.824486370177988
5,2,10.065512541627102
5,3,7.058308264010406
5,4,3.80154472835841
5,6,3.7925146938806464
5,7,5.3667707678043595
5,8,18.418916520926842
5,9,20.408932111027728
5,10,17.688490075457878
5,11,18.67466673913281
5,12,22.28636697198328
5,13,22.754610994230436
5,14,24.905136177593516
5,15,27.60735119394087
5,16,28.289963428240203
5,17,27.77023970776339
5,18,29.12472852605396
5,19,26.35122189295772
5,20,29.131348769223447
5,21,29.565406107706337
5,22,28.46709632495133
5,23,25.180517277854143
5,24,24.600724559570097
5,25,21.212198445661052
5,26,22.007540176346264
5,27,22.464981465966236
5,28,25.14951750768811
5,29,22.997147780503823
5,30,21.594385341921413
5,31,25.014241319122778
5,32,25.876338174756608
5,33,22.54784601278868
5,34,21.027146507354747
5,35,17.590284245317733
5,36,17.15363060985872
5,37,18.195414214727858
5,38,16.303158680147682
5,39,13.716897762600146
5,40,16.969660433645036
5,41,18.72761583808645
5,42,16.012116880873716
5,43,16.39242241952909
5,44,20.10546189352416
5,45,19.800603439509025
5,46,17.788651694642674
5,47,20.581103528691315
5,48,23.42170247584373
5,49,22.3081665041358
5,50,21.876758746072824
5,51,24.814011279754137
5,52,26.943522592540948
5,53,19.27325405420483
5,54,17.774632086113442
5,55,14.104191244876217
5,56,14.892376967036999
5,57,16.500659764600346
5,58,13.743582075666692
5,59,11.671910172797277
5,60,15.105207357969908
5,61,16.518148166635548
5,62,13.90206845472483
5,63,14.9245504925656
5,64,18.57927898683271
5,65,18.579741505261687
5,66,17.096911856187262
5,67,20.172214185801185
5,68,21.760805088329796
5,69,25.18690531987916
5,70,28.25419701636024
5,71,29.04880308801895
5,72,26.31709132620755
5,73,28.85794427493265
5,74,27.565744083355522
5,75,24.387546485171008
5,76,26.253756614588607
5,77,28.713318657358837
5,78,26.037610187476783
5,79,24.720453232970694
5,80,28.40462825613789
5,81,28.943090299596154
5,82,26.418550232563987
5,83,28.078426957855875
5,84,31.553693379480364
5,85,30.635154697367984
5,86,29.047709949006595
5,87,32.404043298312686
5,88,34.9998214054683
5,89,34.11330569002342
5,90,34.78142068901764
5,91,34.139466205722634
5,92,32.5275389140137
5,93,30.404539470545455
5,94,29.088563126041777
5,95,28.680102128154456
5,96,27.231970107645775
5,97,24.74827868542789
5,98,24.115244236321228
5,99,24.09007170755111
5,100,21.09514110607922
5,101,18.85956746113026
5,102,16.37774668162274
5,103,16.556327023454696
5,104,15.755811398177592
5,105,12.344704820294375
5,106,11.746738833721857
5,107,12.957907190149484
5,108,11.142110953648755
5,109,7.564906002527231
5,110,9.18849685751261
5,111,11.114307965700956
5,112,9.039235689144522
5,113,6.545801658678666
6,1,15.632133191981264
6,2,11.944592659671198
6,3,8.363734459212488
6,4,5.1129866035789995
6,5,3.7925146938806464
6,7,3.811131069246737
6,8,17.492519280162213
6,9,20.055532940186605
6,10,17.777789431038823
6,11,19.488231944302754
6,12,22.861734332572656
6,13,23.460677206392894
6,14,26.042366934784642
6,15,28.39863465174726
6,16,28.927716670238667
6,17,28.802437425933885
6,18,30.564842754722264
6,19,28.11818245432563
6,20,31.16707540051633
6,21,31.441949722386713
6,22,30.468588978721932
6,23,27.04205097459366
6,24,26.34088477663073
6,25,23.223315324324453
6,26,24.48760868979451
6,27,25.35286656822875
6,28,27.91246023142506
6,29,25.520468339072888
6,30,24.474090482237425
6,31,28.028853883756792
6,32,28.962964954822212
6,33,25.54864625282383
6,34,24.226156207965555
6,35,20.93869579154149
6,36,20.206625887847437
6,37,20.929742309143187
6,38,19.115228103434216
6,39,16.100028261853275
6,40,18.954783794877258
6,41,20.858175952605706
6,42,17.938453580070156
6,43,17.66832846219905
6,44,21.394612882465662
6,45,21.102034610813206
6,46,18.512079797647456
6,47,21.00480440778321
6,48,24.07392815536419
6,49,22.741469841358356
6,50,21.67758720231576
6,51,24.645884420617847
6,52,27.034257725275882
6,53,18.05709665587057
6,54,15.917983785371074
6,55,12.499015643496994
6,56,14.110906857578723
6,57,15.328432271752893
6,58,12.100247007439698
6,59,11.069873373396694
6,60,14.792355031328935
6,61,15.62896675427212
6,62,13.327879933531998
6,63,15.25009042102523
6,64,18.600530037456007
6,65,18.91662816418135
6,66,18.13831843982248
6,67,21.590800448149384
6,68,23.675353890009195
6,69,27.121218900015617
6,70,30.327479982975348
6,71,31.13922633748489
6,72,28.39671238435386
6,73,30.98009258627063
6,74,30.041039395274858
6,75,26.67817646999437
6,76,28.154591032804994
6,77,30.82463437967474
6,78,28.28302087662478
6,79,26.546335686924223
6,80,30.073978398369057
6,81,30.85419973971784
6,82,28.08982852576489
6,83,29.347412219482464
6,84,32.956900334867775
6,85,32.10726305205109
6,86,30.12006895083254
6,87,33.31657128988489
6,88,36.151833260794355
6,89,35.137777159692135
6,90,35.43071523576829
6,91,34.5113062330605
6,92,33.200637247162554
6,93,31.234328699975148
6,94,29.48672524194865
6,95,29.021256040641767
6,96,28.04284717293969
6,97,25.5081010352532
6,98,24.35705002132638
6,99,24.58476920343314
6,100,22.011353779844864
6,101,19.322054583789598
6,102,17.06980025361562
6,103,18.04073079492306
6,104,17.07080771483895
6,105,13.429100047971009
6,106,13.629816374879514
6,107,15.315998500153418
6,108,13.1124775245921
6,109,9.900078906480404
6,110,12.356828495993662
6,111,14.196074881391418
6,112,11.699151797979914
6,113,9.884952159983918
7,1,14.418945252527273
7,2,11.029753104613956
7,3,7.2145005860500095
7,4,5.5983073037923985
7,5,5.3667707678043595
7,6,3.811131069246737
7,8,15.614937744723541
7,9,17.9615314392545
7,10,16.07960309512205
7,11,17.799023398677125
7,12,21.191418358665192
7,13,21.26542083124567
7,14,24.028776282028737
7,15,26.450312615524116
7,16,26.554753646345734
7,17,26.28712272945915
7,18,28.249197332853587
7,19,26.00241005575409
7,20,29.069555707157022
7,21,28.964160494561106
7,22,27.824643191493912
7,23,24.254297670945853
7,24,23.285965623200674
7,25,20.37898127184614
7,26,22.06195392001627
7,27,23.301501817710925
7,28,25.606876548060463
7,29,22.97175559393746
7,30,22.35683645750529
7,31,26.04737600681718
7,32,27.20064945231655
7,33,23.809641375243874
7,34,22.995727649876148
7,35,20.023906451710946
7,36,19.3766000244333
7,37,19.419329098047058
7,38,17.321212500398577
7,39,14.100390056792582
7,40,16.702701175245007
7,41,18.314161760791304
7,42,15.138915199349226
7,43,14.660781422866991
7,44,18.26507811516144
7,45,17.77159377780767
7,46,14.96667741292925
7,47,17.47547279469521
7,48,20.489570325480322
7,49,19.023872893391708
7,50,17.888211843045752
7,51,20.92110665866661
7,52,23.26090440205353
7,53,14.395147332488849
7,54,12.527146477551321
7,55,8.974097719744044
7,56,10.318690158306449
7,57,11.766873036163657
7,58,8.85343962824838
7,59,7.622161272700577
7,60,11.439129128518541
7,61,12.726486150955536
7,62,10.994726792047446
7,63,12.750394283167235
7,64,16.09468490244559
7,65,17.046298564129923
7,66,16.20255740003861
7,67,19.671908799442924
7,68,22.053387719186468
7,69,25.668699301212662
7,70,28.6973432616055
7,71,29.139666498415703
7,72,26.169839043551047
7,73,28.529216419775146
7,74,27.77331613836002
7,75,24.23446316933337
7,76,25.350934383805043
7,77,28.03252542944454
7,78,25.522167019306767
7,79,23.489621432942034
7,80,26.883513544010164
7,81,27.75225299801095
7,82,24.84249961069562
7,83,25.885580400619638
7,84,29.53664932380096
7,85,28.739589139624616
7,86,26.585247593273866
7,87,29.69743345448514
7,88,32.62688966907837
7,89,31.63063045817811
7,90,31.777952869331607
7,91,30.869463100419665
7,92,29.69853072997586
7,93,27.681879455017892
7,94,25.819928723573316
7,95,25.492755290631113
7,96,24.66037059604595
7,97,21.9850677674923
7,98,20.792566037058936
7,99,21.297973486908457
7,100,18.82120069431138
7,101,15.891597449023555
7,102,14.025950563173748
7,103,15.228666521209483
7,104,13.86471257776154
7,105,10.304564991114368
7,106,11.314802742505355
7,107,12.949336193375332
7,108,10.40371622698302
7,109,7.838962060667927
7,110,11.122270963818885
7,111,12.74160098217248
7,112,10.284496164196137
7,113,9.70506525030517
8,1,27.748885204908795
8,2,24.95513609040351
8,3,21.698322720020037
8,4,20.63673095883925
8,5,18.418916520926842
8,6,17.492519280162213
8,7,15.614937744723541
8,9,3.7946996696156456
8,10,4.910384830946539
8,11,8.600741192238175
8,12,9.34736359545669
8,13,10.33886973912108
8,14,13.914165333065407
8,15,14.311335855800072
8,16,14.482256612521677
8,17,16.234208841139253
8,18,19.153664644428197
8,19,18.63008442158843
8,20,22.45535122531187
8,21,22.61596372740145
8,22,23.387020180817398
8,23,20.69463962852293
8,24,21.43439701611971
8,25,20.28074046337857
8,26,22.393214861557443
8,27,25.21924865651683
8,28,27.775499588985376
8,29,26.194335657188464
8,30,27.384976813703858
8,31,30.85741191633262
8,32,33.62026666490639
8,33,31.387736510899447
8,34,31.942195311071686
8,35,29.499924581291143
8,36,30.53457707219846
8,37,29.75640778583797
8,38,26.319292565825403
8,39,24.381127433003588
8,40,26.84019339327439
8,41,26.252092334813376
8,42,22.491642161553088
8,43,23.22190419790006
8,44,25.253442223510252
8,45,22.48990887718213
8,46,20.227578028212406
8,47,23.193649995053583
8,48,24.24572536928585
8,49,20.83099055874981
8,50,20.030716301223105
8,51,23.758894939307055
8,52,24.109745127759464
8,53,14.59016194853083
8,54,14.716429614120894
8,55,12.900002347619548
8,56,15.057946582435484
8,57,18.307256161393767
8,58,18.027906289684676
8,59,18.170406855270798
8,60,20.74177360857147
8,61,23.144535324782783
8,62,23.70523989475397
8,63,24.751134668812824
8,64,27.49157014685642
8,65,29.886618853259098
8,66,28.698738057253895
8,67,31.51232423183674
8,68,33.807912679768
8,69,37.592754053462606
8,70,39.74687443129961
8,71,38.90091064296243
8,72,35.22998684470208
8,73,36.14169192785053
8,74,35.019135604712204
8,75,31.511171174711055
8,76,31.726405942253656
8,77,33.13514164770937
8,78,29.95884678236372
8,79,27.765235265057193
8,80,30.181769910351324
8,81,29.693770938367237
8,82,25.972045208965525
8,83,26.98010575819619
8,84,29.790437315103507
8,85,27.456198123827285
8,86,24.784170215868123
8,87,27.808211144884243
8,88,29.997870831277435
8,89,27.3641297335818
8,90,27.518444790445297
8,91,25.041505828310786
8,92,23.492122955731933
8,93,23.54762864714944
8,94,21.560266701202032
8,95,19.042182062811428
8,96,18.958565151737794
8,97,18.582742626086056
8,98,15.801784893808705
8,99,14.319696981508114
8,100,14.182783480561989
8,101,12.77020153861892
8,102,10.565573218797606
8,103,13.788091096064235
8,104,15.40082209631785
8,105,13.17845612661455
8,106,13.778493567577001
8,107,17.44406875992882
8,108,17.839026077034625
8,109,16.88000162205716
8,110,18.989271405372502
8,111,22.014500197127386
8,112,22.046766818643153
8,113,22.050980985881974
9,1,28.792481417603035
9,2,26.25359658197302
9,3,23.327758668708963
9,4,22.62107431694608
9,5,20.408932111027728
9,6,20.055532940186605
9,7,17.9615314392545
9,8,3.7946996696156456
9,10,3.8220381230283182
9,11,6.377579104056722
9,12,6.253682429220208
9,13,6.776475869074468
9,14,10.402243051803355
9,15,10.655294206263896
9,16,10.690844209869935
9,17,12.548707748183613
9,18,15.52171160857483
9,19,15.317466406503092
9,20,19.13297482621783
9,21,19.281112714117626
9,22,20.374224912424236
9,23,18.010254552202827
9,24,19.17940760333496
9,25,18.43313363937756
9,26,20.43210935014489
9,27,23.451399386761622
9,28,25.93323763237857
9,29,24.701775867144953
9,30,26.216663134340266
9,31,29.481125807767313
9,32,32.52459838218914
9,33,30.655488010291734
9,34,31.535862916782023
9,35,29.352810018768146
9,36,30.777624065060067
9,37,29.80727344701778
9,38,26.178703439716166
9,39,24.707752775206675
9,40,27.09058264288883
9,41,25.974417155254443
9,42,22.333081580650042
9,43,23.501420504647548
9,44,25.104198207697035
9,45,21.964305056974474
9,46,20.233749140545658
9,47,23.314047093236827
9,48,23.795062020374488
9,49,20.26847361077198
9,50,20.054374383042184
9,51,23.724338060269147
9,52,23.480737893776414
9,53,15.623547318843071
9,54,16.61188415788155
9,55,14.919519691612642
9,56,16.296481914914416
9,57,19.813807374978065
9,58,20.0913458937859
9,59,19.801510067909316
9,60,21.97556386318987
9,61,24.77680347883266
9,62,25.475015799669496
9,63,26.01315044984811
9,64,28.73102449946539
9,65,31.223258517863414
9,66,29.71161264543087
9,67,32.18637703329888
9,68,34.25760776505465
9,69,38.0034302024206
9,70,39.854093904024474
9,71,38.699979191338954
9,72,34.94142922603573
9,73,35.478717886658565
9,74,34.1854901733755
9,75,30.835494854550646
9,76,30.970467330381172
9,77,31.969917673914576
9,78,28.682143292435114
9,79,26.68227791834395
9,80,28.875405825754104
9,81,27.980182647939504
9,82,24.293533564115855
9,83,25.482982575213242
9,84,27.959024370679085
9,85,25.290405247872084
9,86,22.817955228139905
9,87,25.87111374146209
9,88,27.696502257332185
9,89,24.836184520242483
9,90,25.286645737688588
9,91,22.76065396973349
9,92,20.871120069890253
9,93,21.258240196681296
9,94,19.66253406126967
9,95,16.757042791552454
9,96,16.41242553267079
9,97,16.673617746366695
9,98,14.10785424244099
9,99,11.88514317741642
9,100,12.074195231320507
9,101,11.634427394325199
9,102,9.528787844471307
9,103,12.416233008210204
9,104,14.684090473511523
9,105,13.268449152230872
9,106,13.543188689933052
9,107,17.011735087418707
9,108,18.09684728879781
9,109,17.658343740386005
9,110,19.282969297233038
9,111,22.249592050748788
9,112,22.882690378440042
9,113,23.160978982628926
10,1,26.83960622370991
10,2,24.107655446126056
10,3,21.247451550795816
10,4,20.252840878313005
10,5,17.688490075457878
10,6,17.777789431038823
10,7,16.07960309512205
10,8,4.910384830946539
10,9,3.8220381230283182
10,11,3.796962063885271
10,12,5.515373292155354
10,13,6.967519814956556
10,14,10.036224715222373
10,15,11.178809248522889
10,16,12.10275459638736
10,17,13.317434922127122
10,18,15.616285840197907
10,19,14.520975336149927
10,20,18.325481943160007
10,21,18.990610758967176
10,22,19.9605161071348
10,23,17.54304308296895
10,24,18.88697125512526
10,25,17.464285364913476
10,26,18.959952217292223
10,27,21.572347940746695
10,28,24.435857722497214
10,29,23.362619407129433
10,30,24.395393319909697
10,31,27.66291297696096
10,32,30.588884561517947
10,33,28.657998635485264
10,34,29.2029799381999
10,35,26.77162202875793
10,36,28.321937049367452
10,37,27.730073793939148
10,38,24.09196467738515
10,39,22.76587896760824
10,40,25.5276083520986
10,41,24.565379266455913
10,42,20.94450521190911
10,43,22.463199597335183
10,44,24.408474829205883
10,45,21.42610267056229
10,46,19.86397075021802
10,47,23.275825618778416
10,48,24.015811008429047
10,49,20.76477032442673
10,50,20.84263740510696
10,51,24.594924148676515
10,52,24.5911572537625
10,53,16.782480324573964
10,54,17.46488323101752
10,55,15.002418229102014
10,56,16.29697993948983
10,57,19.961491901828847
10,58,19.76159031978478
10,59,18.937767345929565
10,60,21.463162827169572
10,61,24.37161684596626
10,62,24.50643535291324
10,63,24.939058130512947
10,64,27.999101153112427
10,65,30.11393171151821
10,66,28.34235543188648
10,67,30.807592798433085
10,68,32.625552497754796
10,69,36.36412169270814
10,70,38.309914824746585
10,71,37.369427222626086
10,72,33.67749984674929
10,73,34.41905613705829
10,74,32.84030440603747
10,75,29.56353173989113
10,76,30.158647607972135
10,77,31.186500965877773
10,78,27.735013250912
10,79,26.061989697247444
10,80,28.630434223600453
10,81,27.64784686744141
10,82,24.12145349434546
10,83,25.768804500190136
10,84,28.353768039203157
10,85,25.70343310766134
10,86,23.590237340005416
10,87,26.949996593481167
10,88,28.717742378554856
10,89,26.09460228523333
10,90,26.93270995432055
10,91,24.805014543477668
10,92,22.60122631047308
10,93,22.545501189934445
10,94,21.303842364734116
10,95,18.6762560891548
10,96,17.64570652779717
10,97,17.589248191234127
10,98,15.624084078620728
10,99,13.303213947401042
10,100,12.372086088570068
10,101,12.027562742188936
10,102,8.918478109727364
10,103,11.10778846630955
10,104,13.694162015117895
10,105,11.77653282368214
10,106,11.153841066772419
10,107,14.86017175725829
10,108,16.209483047148446
10,109,15.242868058222678
10,110,16.460373213957247
10,111,19.742616651429504
10,112,20.54763623927486
10,113,20.403879298792667
11,1,26.891277002236958
11,2,24.38821769974328
11,3,21.974533567618096
11,4,21.248657417634757
11,5,18.67466673913281
11,6,19.488231944302754
11,7,17.799023398677125
11,8,8.600741192238175
11,9,6.377579104056722
11,10,3.796962063885271
11,12,3.809388391836806
11,13,4.898869191642819
11,14,6.990790380077558
11,15,9.001184913421785
11,16,10.37129374356594
11,17,10.902882591572011
11,18,12.568016458062315
11,19,11.031927712114477
11,20,14.776651069073099
11,21,15.793600822191415
11,22,16.964149658647553
11,23,14.903534970926835
11,24,16.797820987037806
11,25,15.37415411779485
11,26,16.340529279377375
11,27,18.84537787623198
11,28,21.835647183649805
11,29,21.249810825876278
11,30,22.305086661640193
11,31,25.3099296101466
11,32,28.42311101416544
11,33,26.853353184432372
11,34,27.542568844065563
11,35,25.28875877749868
11,36,27.28261731870128
11,37,26.700496743114567
11,38,22.935360979680148
11,39,22.205473430932308
11,40,25.02115661046892
11,41,23.637528152208645
11,42,20.252382538956052
11,43,22.352516953477306
11,44,24.018385602235075
11,45,20.849354417148703
11,46,19.95269209560227
11,47,23.54077355763536
11,48,23.879799842676796
11,49,20.79078760957637
11,50,21.556081960390284
11,51,25.192473190517774
11,52,24.80188298778991
11,53,18.671197007485148
11,54,19.850645994569945
11,55,17.25592475527108
11,56,17.831048268860282
11,57,21.644187459192764
11,58,21.70496982857052
11,59,20.29861090708845
11,60,22.546637134759578
11,61,25.784819309890302
11,62,25.775986755767583
11,63,25.676891524086855
11,64,28.819186555238296
11,65,30.799287631679533
11,66,28.621920918534887
11,67,30.71048459978265
11,68,32.14948178957664
11,69,35.79778716856144
11,70,37.47597036664149
11,71,36.35995841887503
11,72,32.66153925976639
11,73,33.143473138907375
11,74,31.251663008236306
11,75,28.218472150112852
11,76,28.99350501323451
11,77,29.62245195613961
11,78,26.011919846491185
11,79,24.76354879176918
11,80,27.296537518751983
11,81,25.87836253520516
11,82,22.55953542443047
11,83,24.641323288318254
11,84,26.92642303041948
11,85,24.02001181939857
11,86,22.388479345428227
11,87,25.898276390164025
11,88,27.258543598362948
11,89,24.64216349674587
11,90,25.9943003724511
11,91,24.148768881952606
11,92,21.48926039275297
11,93,21.423112257473132
11,94,20.819830844569456
11,95,18.14778750820927
11,96,16.435282545941526
11,97,16.76244503329173
11,98,15.518750282665312
11,99,12.629211767963744
11,100,11.26043980318048
11,101,12.00536021864531
11,102,8.753757699739845
11,103,9.714996919616008
11,104,13.038628773149892
11,105,11.838982562216245
11,106,10.374969014058022
11,107,13.69531152710643
11,108,15.875016668740987
11,109,15.239365842413662
11,110,15.6474592436136
11,111,18.885848233062493
11,112,20.382343453705484
11,113,20.33341592933681
12,1,30.591792800713435
12,2,28.13616116069927
12,3,25.670656125747495
12,4,24.911241734883
12,5,22.28636697198328
12,6,22.861734332572656
12,7,21.191418358665192
12,8,9.34736359545669
12,9,6.253682429220208
12,10,5.515373292155354
12,11,3.809388391836806
12,13,3.8236996327949564
12,14,5.515532156879561
12,15,5.932291079225155
12,16,7.904903460795899
12,17,9.5477983179802
12,18,11.383773682738598
12,19,10.855193181587463
12,20,14.573930580569591
12,21,15.736240014374273
12,22,17.63424588691257
12,23,16.16189545761804
12,24,18.45486760345488
12,25,17.696125825293237
12,26,18.663177765416304
12,27,21.344222417207668
12,28,24.16414835917765
12,29,23.85184759732334
12,30,25.232433250978332
12,31,28.040400226480493
12,32,31.33996110830666
12,33,30.024157966508227
12,34,30.917952967982004
12,35,28.815201692841793
12,36,30.92598124336273
12,37,30.2329507823684
12,38,26.431757701211776
12,39,25.80397565284822
12,40,28.477252112776878
12,41,26.887036116547687
12,42,23.55319091786227
12,43,25.610707235695195
12,44,27.007116977485353
12,45,23.647172776792583
12,46,22.817259653717514
12,47,26.248549907204747
12,48,26.272720624048816
12,49,22.98266163657059
12,50,23.713044084560664
12,51,27.28321221833463
12,52,26.541026911124934
12,53,20.635734382581067
12,54,21.988305502988705
12,55,19.826841939924062
12,56,20.560451810603745
12,57,24.33349593852182
12,58,24.614519560880787
12,59,23.522743547103914
12,60,25.639744214799236
12,61,28.84098197998724
12,62,29.10545150608784
12,63,29.070917696118926
12,64,32.06988479598825
12,65,34.2353621675075
12,66,32.13546639123162
12,67,34.183723371545724
12,68,35.66009463164761
12,69,39.293461749210664
12,70,40.847012996652765
12,71,39.55182645338418
12,72,35.80911982092418
12,73,36.046448292237564
12,74,34.174546845553614
12,75,31.22042858327154
12,76,31.774174484730004
12,77,32.164157696626184
12,78,28.5773830941562
12,79,27.32060094978264
12,80,29.527207637078902
12,81,27.88736912851197
12,82,24.553273084537015
12,83,26.49129427619475
12,84,28.463771319092583
12,85,25.302732574831687
12,86,23.64133898640732
12,87,26.934734102006413
12,88,28.01447786149139
12,89,25.040321162456706
12,90,26.37046256877605
12,91,24.169952566364373
12,92,21.477275568305163
12,93,22.075584216794173
12,94,21.533433109642065
12,95,18.38393438327361
12,96,16.971564328965588
12,97,18.04793252181402
12,98,16.55143812120926
12,99,13.269084942695255
12,100,12.897109008589908
12,101,14.097117454767986
12,102,11.459419591439444
12,103,12.652868279269237
12,104,16.040263036083758
12,105,15.22510649119178
12,106,14.052486483992713
12,107,17.219135288363056
12,108,19.460762310083343
12,109,19.00228707533024
12,110,19.41785173559603
12,111,22.595090830986337
12,112,24.145768140898824
12,113,24.141510403519344
13,1,29.397679890880422
13,2,27.31544368496394
13,3,25.11223545900438
13,4,24.92278533154897
13,5,22.754610994230436
13,6,23.460677206392894
13,7,21.26542083124567
13,8,10.33886973912108
13,9,6.776475869074468
13,10,6.967519814956556
13,11,4.898869191642819
13,12,3.8236996327949564
13,14,3.81044007358308
13,15,5.425007971146202
13,16,5.617343879160809
13,17,6.390982653071942
13,18,8.85537810474766
13,19,8.64836374515998
13,20,12.434053141962814
13,21,12.823543552904379
13,22,14.468762123296512
13,23,12.862483468450641
13,24,15.056252685419476
13,25,14.767567903363684
13,26,16.091463137131036
13,27,19.146649044334342
13,28,21.579312423372375
13,29,21.171252922891174
13,30,22.98760612495027
13,31,25.740658721712236
13,32,29.1630062551982
13,33,27.991652747264492
13,34,29.287432791631876
13,35,27.553894388414708
13,36,29.67763302575504
13,37,28.564440701127168
13,38,24.741201959931537
13,39,24.253696153217675
13,40,26.572700402741397
13,41,24.6421992351762
13,42,21.43365115063662
13,43,23.50384649972768
13,44,24.466094027199897
13,45,20.923851238347247
13,46,20.374305139075982
13,47,23.669426300622312
13,48,23.296483397914184
13,49,19.99232862252782
13,50,21.028811606581947
13,51,24.4371830021868
13,52,23.355606303299915
13,53,18.81236199776784
13,54,20.7516640154131
13,55,18.869769083290738
13,56,18.982418770131485
13,57,22.75057350294541
13,58,23.57407345591686
13,59,22.351725945550537
13,60,23.968198280932103
13,61,27.345654670191852
13,62,27.92067008403999
13,63,27.544881470353996
13,64,30.317875420855053
13,65,32.68084451915531
13,66,30.522224937076295
13,67,32.32414170601337
13,68,33.80416528714908
13,69,37.38324510977765
13,70,38.70583128648439
13,71,37.144476821060145
13,72,33.35469833544118
13,73,33.32137824880551
13,74,31.57958296842434
13,75,28.65835209916961
13,76,28.920448918318847
13,77,29.151476048078475
13,78,25.650484229961272
13,79,24.30155985680472
13,80,26.247716205959634
13,81,24.545755555328768
13,82,21.179571974797945
13,83,23.01009436287895
13,84,24.841145758160117
13,85,21.62761431108462
13,86,19.94834638902269
13,87,23.189906305972876
13,88,24.209862573915142
13,89,21.21676534783674
13,90,22.58685424978505
13,91,20.476533709033824
13,92,17.699134002766318
13,93,18.286845473499767
13,94,17.895842298710296
13,95,14.74542092954352
13,96,13.185075342171277
13,97,14.474200171153525
13,98,13.195060047607742
13,99,9.693011362647107
13,100,9.554980758559052
13,101,11.332169525261344
13,102,9.351496659731156
13,103,10.378858560708629
13,104,13.734578593635321
13,105,13.744502216330504
13,106,13.037769450960306
13,107,15.708935995604035
13,108,18.037628177124066
13,109,18.323912037596692
13,110,18.81911831557023
13,111,21.544754710163282
13,112,23.25504037820729
13,113,23.840860141907015
14,1,31.109868347362116
14,2,29.179862136251707
14,3,27.303410518238863
14,4,27.16943860628175
14,5,24.905136177593516
14,6,26.042366934784642
14,7,24.028776282028737
14,8,13.914165333065407
14,9,10.402243051803355
14,10,10.036224715222373
14,11,6.990790380077558
14,12,5.515532156879561
14,13,3.81044007358308
14,15,3.812790860234889
14,16,5.21487223147363
14,17,4.993140746466421
14,18,5.927450028493506
14,19,5.659381296349549
14,20,9.285039498966984
14,21,10.422275628657623
14,22,12.790331177769659
14,23,12.123541833536459
14,24,15.082347377162392
14,25,14.996512656145583
14,26,15.54814179793276
14,27,18.32661696311905
14,28,20.797832479663462
14,29,21.070117061972393
14,30,22.87005894531814
14,31,25.197666101134782
14,32,28.771081504797607
14,33,28.050873470088362
14,34,29.438649676849927
14,35,27.890882743458523
14,36,30.40661844566839
14,37,29.39022900721606
14,38,25.54985792069265
14,39,25.616734514804694
14,40,27.967448958557917
14,41,25.7267079293412
14,42,22.83704224878306
14,43,25.346139046896297
14,44,26.069488819039815
14,45,22.47413872523896
14,46,22.50494504331557
14,47,25.84847527837213
14,48,25.147547672494586
14,49,22.080218263530124
14,50,23.617562326365885
14,51,26.845932559113642
14,52,25.448204098289676
14,53,22.166980050536846
14,54,24.26587238363667
14,55,22.269221497606782
14,56,22.076138391925333
14,57,25.86587084083758
14,58,26.740825343734603
14,59,25.17911605891907
14,60,26.666209943273735
14,61,30.196184766965537
14,62,30.603780362122006
14,63,29.899321827945062
14,64,32.72968590819033
14,65,34.926277528981245
14,66,32.47703150317299
14,67,33.96442800093814
14,68,35.079325950831475
14,69,38.52939415338537
14,70,39.6010405141831
14,71,37.90472380436246
14,72,34.16821518815468
14,73,33.871633136800085
14,74,31.820823345190888
14,75,29.22595242749904
14,76,29.66681642144641
14,77,29.447364358757184
14,78,25.854646789893675
14,79,25.010557245393983
14,80,26.8255131172694
14,81,24.642237902189024
14,82,21.622028743407235
14,83,23.841886577211636
14,84,25.22503732283044
14,85,21.746370238280925
14,86,20.683786160765216
14,87,23.92376679974819
14,88,24.373041684401127
14,89,21.36604244954093
14,90,23.286914423796986
14,91,21.457773134002824
14,92,18.264630806148258
14,93,19.02446047425133
14,94,19.367868884210534
14,95,16.233357298343563
14,96,14.103202215676678
14,97,15.932050938211987
14,98,15.409663418609624
14,99,11.64716612316069
14,100,11.307224987282941
14,101,13.894378221317238
14,102,12.0051258105866
14,103,11.9414521292364
14,104,15.596825620107095
14,105,16.063197038693055
14,106,14.737747724741004
14,107,16.92632566651952
14,108,19.807646704513143
14,109,20.196499043903366
14,110,20.01400253451301
14,111,22.658584287421615
14,112,24.870204989039376
14,113,25.38725454389283
15,1,34.48527833184149
15,2,32.438891030577615
15,3,30.329426083463016
15,4,30.004982648931282
15,5,27.60735119394087
15,6,28.39863465174726
15,7,26.450312615524116
15,8,14.311335855800072
15,9,10.655294206263896
15,10,11.178809248522889
15,11,9.001184913421785
15,12,5.932291079225155
15,13,5.425007971146202
15,14,3.812790860234889
15,16,3.77606643010158
15,17,5.995483387181988
15,18,7.328134996235332
15,19,8.593904484489501
15,20,11.65406790331074
15,21,12.754520302401186
15,22,15.580694992442124
15,23,15.271101936621116
15,24,18.17536591021192
15,25,18.48099299820848
15,26,19.212862698916137
15,27,22.055900248181956
15,28,24.396288847662376
15,29,24.67343624205874
15,30,26.612385148638992
15,31,28.90775878492291
15,32,32.51434535481162
15,33,31.81965507542307
15,34,33.236197343283834
15,35,31.65735753004187
15,36,34.11159574465501
15,37,33.077239488250186
15,38,29.234985322058787
15,39,29.134302637267613
15,40,31.446527629495236
15,41,29.25265950083717
15,42,26.272459857603586
15,43,28.565057459774067
15,44,29.262356758778065
15,45,25.614561725432104
15,46,25.414663109541067
15,47,28.613604601743496
15,48,27.863900986776205
15,49,24.593398742302632
15,50,25.832077037818102
15,51,29.056531301260115
15,52,27.54571293233644
15,53,23.796630535626704
15,54,25.82518616633745
15,55,24.143395045438425
15,56,24.323432025837107
15,57,28.05391224440102
15,58,28.950047027963453
15,59,27.77610720477478
15,60,29.331862288794397
15,61,32.72926359410121
15,62,33.337263444854635
15,63,32.88231289381383
15,64,35.62801769398776
15,65,37.98612587854563
15,66,35.71811273384963
15,67,37.341950127725326
15,68,38.61535033221932
15,69,42.10382460709932
15,70,43.20580776542057
15,71,41.46637310736903
15,72,37.702226966971246
15,73,37.34737874969346
15,74,35.410640951944146
15,75,32.782944165556856
15,76,33.03105958534155
15,77,32.797057795675165
15,78,29.28762502861008
15,79,28.288657362517263
15,80,29.889226561033826
15,81,27.722744038604866
15,82,24.640545690147906
15,83,26.564409351939464
15,84,27.804846628448733
15,85,24.260404101944324
15,86,22.99429781131909
15,87,25.945006100099143
15,88,26.293538544043216
15,89,22.992982855802786
15,90,24.65925468696335
15,91,22.395473924432327
15,92,19.407674329853
15,93,20.8030023979674
15,94,20.934442939348035
15,95,17.43230963503495
15,96,15.93223615359
15,97,18.17806878797004
15,98,17.151251271592105
15,99,13.390016720233039
