1,2,3.806656987298157
1,3,5.77887311794754
1,4,5.614475076448889
1,5,6.9391267117482505
1,6,9.236872803261098
1,7,10.363016115481047
1,8,11.408829767127958
1,9,13.026924180744782
1,10,14.594816833722678
1,11,16.17830364354154
1,12,17.42529831410037
1,13,19.081346679676532
1,14,20.55057281666606
1,15,21.944142473782918
1,16,24.1286938601632
1,17,27.53160986941435
1,18,29.320258754420948
1,19,27.380821677853465
1,20,28.902918879181186
1,21,27.150208305758593
1,22,27.328770754422642
1,23,25.650336232617853
1,24,22.80111397641395
1,25,22.293844205076745
1,26,22.26430158607722
1,27,19.6200548056165
1,28,17.3287920775126
1,29,17.805416993508317
1,30,17.031110169630093
1,31,13.706832887250036
1,32,13.200198807548079
1,33,14.230199228992001
1,34,12.429129023008288
1,35,9.923956330299092
1,36,11.0217501115127
1,37,14.382319358744088
1,38,13.646560994420302
1,39,15.765870518807125
1,40,18.56691887807665
1,41,18.44924871564031
1,42,18.70451591931059
1,43,21.528488414422966
1,44,23.281926535262585
1,45,22.891814183448368
1,46,24.35267302828844
1,47,27.276849931059648
1,48,28.013593290023213
1,49,27.823888337665093
1,50,30.243587209604918
1,51,32.59819252699472
1,52,32.83126979007635
1,53,33.564278352902086
2,1,3.806656987298157
2,3,3.794190750315997
2,4,5.462952907037596
2,5,5.298586337493583
2,6,6.502715583319892
2,7,8.781528403435376
2,8,10.263061446798343
2,9,10.901172242798165
2,10,12.208157159445017
2,11,14.52436878193815
2,12,15.668898158496756
2,13,16.67566812612436
2,14,18.40707398618892
2,15,20.218191229856735
2,16,22.019153398184336
2,17,25.38979462265663
2,18,26.826315524274815
2,19,24.583294684979542
2,20,25.938486896683315
2,21,24.103249264885093
2,22,23.97888832772431
2,23,22.35092274293474
2,24,19.701374135399863
2,25,18.958933323459952
2,26,18.707922029472687
2,27,16.22406036835515
2,28,14.007807693831927
2,29,14.175861964324485
2,30,13.306165825271979
2,31,10.13403999821682
2,32,9.557826296185615
2,33,10.443691757908086
2,34,8.744578264025078
2,35,6.47155469786512
2,36,8.278863734994994
2,37,11.3630449258404
2,38,10.888832956118286
2,39,13.608883791073431
2,40,15.927825315032127
2,41,15.445107077660454
2,42,16.190421064719118
2,43,19.14127868566817
2,44,20.439785314830125
2,45,20.081033255055317
2,46,21.968366971141133
2,47,24.710124379317563
2,48,25.165634499153175
2,49,25.258464511084902
2,50,27.881973753226788
2,51,29.950429654337565
2,52,30.122776483793142
2,53,31.17821941679776
3,1,5.77887311794754
3,2,3.794190750315997
3,4,3.8199581755322702
3,5,5.18323635680538
3,6,4.772781505749194
3,7,5.941292254535952
3,8,8.539221783357993
3,9,9.700695843959403
3,10,9.988537168434602
3,11,12.04909330196339
3,12,13.96961457322238
3,13,14.885568297368298
3,14,15.947291936808524
3,15,18.023753641474144
3,16,20.179066143161716
3,17,23.28576445567194
3,18,24.986325254486047
3,19,22.74143820387317
3,20,23.84200334590051
3,21,21.78179260663089
3,22,22.0876694448189
3,23,20.785027221825292
3,24,17.74837457095415
3,25,16.97579837226142
3,26,17.446540673302863
3,27,15.144453178065705
3,28,12.284813105766444
3,29,12.857243062027454
3,30,12.958706871505402
3,31,9.588676251294459
3,32,8.406666232692283
3,33,10.559520623932341
3,34,9.975501180178812
3,35,7.6771164109335235
3,36,10.605969371775922
3,37,12.868424355258528
3,38,11.541224313428947
3,39,14.585568984804448
3,40,16.909892161463528
3,41,15.650421227723541
3,42,15.976941623294866
3,43,19.36831180862173
3,44,20.45696566681389
3,45,19.400839048960364
3,46,21.325944655504994
3,47,24.346443951770116
3,48,24.406509349644097
3,49,24.085136867485478
3,50,26.954898424773003
3,51,29.108733938919432
3,52,28.83096465083732
3,53,29.729067509223324
4,1,5.614475076448889
4,2,5.462952907037596
4,3,3.8199581755322702
4,5,3.78001733452618
4,6,5.466889520754599
4,7,5.034914970293812
4,8,6.2574707483870196
4,9,8.61252844985141
4,10,9.715609803835381
4,11,10.75054282746719
4,12,12.42522861300559
4,13,14.286338623892425
4,14,15.294416061946752
4,15,16.622905037728607
4,16,19.114324999751844
4,17,22.364300876732486
4,18,24.45103514632351
4,19,22.730624885591116
4,20,24.306165546552634
4,21,22.690234341614012
4,22,23.41647422478774
4,23,21.72448831822491
4,24,18.512422196849105
4,25,18.496484066080328
4,26,19.050550055890962
4,27,16.22648915557742
4,28,13.662326660057898
4,29,15.115323266209652
4,30,14.953956091389447
4,31,11.227163661209367
4,32,11.118629319628285
4,33,13.48182600726129
4,34,12.250317805954838
4,35,9.042403509786356
4,36,11.309751669788241
4,37,13.54951153712616
4,38,11.459347858043065
4,39,13.755608745759057
4,40,16.732297843461776
4,41,15.834601634573794
4,42,15.31915438031593
4,43,18.585221401336135
4,44,20.30188861188716
4,45,19.158424935856782
4,46,20.427778987752617
4,47,23.70658430960454
4,48,24.193586031633224
4,49,23.47488461085682
4,50,26.01529007163439
4,51,28.565504078954678
4,52,28.440835075408586
4,53,28.892295382053366
5,1,6.9391267117482505
5,2,5.298586337493583
5,3,5.18323635680538
5,4,3.78001733452618
5,6,3.8233680229012843
5,7,5.380982837932502
5,8,5.289627492996499
5,9,6.121530982559616
5,10,8.288160845718492
5,11,10.04741445574684
5,12,10.69892408892809
5,13,12.316197894930834
5,14,14.195437195261444
5,15,15.437835999411543
5,16,17.322739092666854
5,17,20.83066243693256
5,18,22.513256018656186
5,19,20.735294765653197
5,20,22.596139885121502
5,21,21.30917788589247
5,22,21.661895451724295
5,23,19.54582064776796
5,24,16.68927689735997
5,25,16.914986816214473
5,26,16.832463064020285
5,27,13.685668770335866
5,28,11.78803126610086
5,29,13.325717406987485
5,30,12.393636063363102
5,31,8.645237411975868
5,32,9.641639611868587
5,33,11.587873051442248
5,34,9.67882101138421
5,35,6.021081716077144
5,36,7.982536577679432
5,37,9.9349205985781
5,38,7.76665210526202
5,39,10.055883354176705
5,40,12.99227770057462
5,41,12.342627406865343
5,42,12.035029905894971
5,43,15.13779690419755
5,44,16.8988782046943
5,45,16.15987266636246
5,46,17.504553689108718
5,47,20.569520467477282
5,48,21.268350460865662
5,49,20.91319522802478
5,50,23.335578294505684
5,51,25.7468500937942
5,52,25.957106213626858
5,53,26.634118836517864
6,1,9.236872803261098
6,2,6.502715583319892
6,3,4.772781505749194
6,4,5.466889520754599
6,5,3.8233680229012843
6,7,3.796670321993386
6,8,5.608117361899218
6,9,5.27589475165247
6,10,5.728124204072394
6,11,8.47031510505646
6,12,9.779074811528256
6,13,10.339457715945953
6,14,11.95430711817031
6,15,14.030133415646064
6,16,15.7594681719726
6,17,18.99519759709989
6,18,20.47562854746939
6,19,18.265555225990692
6,20,19.669684147049104
6,21,18.009191427640026
6,22,18.30639928077026
6,23,16.55368555358551
6,24,13.580007778059386
6,25,13.390585811851919
6,26,13.62905951374669
6,27,10.849620031191353
6,28,8.361028812590186
6,29,9.851613468077675
6,30,9.641958055695804
6,31,5.900268975955196
6,32,6.348222205817975
6,33,9.104575176258315
6,34,8.336254912948942
6,35,5.477302872509815
6,36,8.820609314854803
6,37,9.811759905935528
6,38,7.631057304494495
6,39,10.845662860473748
6,40,12.967943098152935
6,41,11.265689276881455
6,42,11.371053952703248
6,43,14.910797672782232
6,44,15.873644820402166
6,45,14.644394510415617
6,46,16.606897808439783
6,47,19.623368790892442
6,48,19.65003094213368
6,49,19.34474267067922
6,50,22.222262114290427
6,51,24.3369873925034
6,52,24.121670323865594
6,53,25.080083365689745
7,1,10.363016115481047
7,2,8.781528403435376
7,3,5.941292254535952
7,4,5.034914970293812
7,5,5.380982837932502
7,6,3.796670321993386
7,8,3.8147785327829644
7,9,5.606487720399694
7,10,5.101752977536648
7,11,6.185480169124145
7,12,8.578663017200881
7,13,9.897519386955947
7,14,10.442554825537805
7,15,12.241471647762227
7,16,14.755156167760624
7,17,17.763249960135138
7,18,19.86993568867241
7,19,18.07810943269913
7,20,19.495554236892133
7,21,17.87938216429828
7,22,18.947568028646753
7,23,17.378345044009862
7,24,13.926831675917727
7,25,14.197559404153667
7,26,15.284471656662017
7,27,12.571558551033775
7,28,9.751404740827603
7,29,11.99963772766306
7,30,12.569288018024737
7,31,8.998644008668949
7,32,9.16558466293898
7,33,12.464854291401146
7,34,12.104362733580757
7,35,9.207573993539109
7,36,12.279165437550851
7,37,13.151243947267385
7,38,10.31822553644982
7,39,12.938983583220166
7,40,15.423742644682754
7,41,13.541458393568414
7,42,12.674985902965222
7,43,16.331690043173467
7,44,17.54063404023502
7,45,15.659735169880426
7,46,17.09662505951792
7,47,20.503962611551025
7,48,20.463944079560985
7,49,19.44864492426772
7,50,22.29061466753853
7,51,24.75631684038195
7,52,24.19920610763393
7,53,24.653284589290728
8,1,11.408829767127958
8,2,10.263061446798343
8,3,8.539221783357993
8,4,6.2574707483870196
8,5,5.289627492996499
8,6,5.608117361899218
8,7,3.8147785327829644
8,9,3.797712661334018
8,10,5.43962188275618
8,11,5.340108285699716
8,12,6.278613000776272
8,13,8.810638438162199
8,14,9.972608455558087
8,15,10.637859763930749
8,16,13.101783634804807
8,17,16.463882612185333
8,18,18.704482972791787
8,19,17.481353840209145
8,20,19.58208051685032
8,21,18.68252923896102
8,22,19.849260810948984
8,23,17.659521921933546
8,24,14.406805944773803
8,25,15.549585460417223
8,26,16.21245043165983
8,27,12.924974982525995
8,28,11.034218396959941
8,29,13.839006170906428
8,30,13.656312732751045
8,31,10.055993541768807
8,32,11.496927267170628
8,33,14.396501596564462
8,34,13.225173775246628
8,35,9.787127797760402
8,36,11.959398983120451
8,37,12.53323940191517
8,38,9.110572843976572
8,39,10.730857432990982
8,40,13.708530051047195
8,41,12.355812218054519
8,42,10.637687870720718
8,43,13.996863145441509
8,44,15.878405398334491
8,45,14.165004924728926
8,46,14.868396984139796
8,47,18.415717778016358
8,48,18.971699992048862
8,49,17.76398682269599
8,50,20.14737999914636
8,51,22.945644417305928
8,52,22.780026698293348
8,53,22.903217658929368
9,1,13.026924180744782
9,2,10.901172242798165
9,3,9.700695843959403
9,4,8.61252844985141
9,5,6.121530982559616
9,6,5.27589475165247
9,7,5.606487720399694
9,8,3.797712661334018
9,10,3.802426123400677
9,11,5.526449277448629
9,12,4.985447284897935
9,13,6.32034980143178
9,14,8.733235907189012
9,15,9.813827975387042
9,16,11.264522942189497
9,17,14.832670828268958
9,18,16.426906328225662
9,19,14.859324486062063
9,20,17.081648479793678
9,21,16.380509161884778
9,22,17.071250889796655
9,23,14.545145406471082
9,24,11.666332824485037
9,25,12.95566102540603
9,26,13.02721671190521
9,27,9.495052907456364
9,28,8.313165857176482
9,29,11.24947258246804
9,30,10.576160061249785
9,31,7.296239857252904
9,32,9.715486543881033
9,33,12.290073177751749
9,34,11.077005816090498
9,35,8.019169700502442
9,36,10.117164747383478
9,37,9.674233144397544
9,38,6.035911329433511
9,39,7.983613448232435
9,40,10.38567204597121
9,41,8.629935634433291
9,42,7.161489715976042
9,43,10.74984082647256
9,44,12.259010754008777
9,45,10.682585433236317
9,46,11.879638937644055
9,47,15.210660132903932
9,48,15.656192886222831
9,49,14.925106529476782
9,50,17.470660718220454
9,51,19.95432989134936
9,52,19.963811866054964
9,53,20.54295566283434
10,1,14.594816833722678
10,2,12.208157159445017
10,3,9.988537168434602
10,4,9.715609803835381
10,5,8.288160845718492
10,6,5.728124204072394
10,7,5.101752977536648
10,8,5.43962188275618
10,9,3.802426123400677
10,11,3.8031366104358546
10,12,5.281072547338101
10,13,5.037399687923488
10,14,6.2417545740476585
10,15,8.614693856706038
10,16,10.323924746500431
10,17,13.351152491662923
10,18,15.031192667028597
10,19,13.05487124437639
10,20,14.646378529871305
10,21,13.4103797985085
10,22,14.464353335269877
10,23,12.533232910710737
10,24,9.127489239234032
10,25,10.148795133405534
10,26,11.164642964970746
10,27,8.259505230870031
10,28,6.036548306808648
10,29,9.375985291922063
10,30,10.005171443620652
10,31,7.174854274699561
10,32,8.616624017753978
10,33,11.910634509897454
10,34,11.904773325940864
10,35,9.628414371281552
10,36,12.567201056117899
10,37,11.882688681782717
10,38,8.689758450897106
10,39,11.193025437868075
10,40,12.813477425689886
10,41,10.10890068913507
10,42,9.018414628616307
10,43,12.799338745796673
10,44,13.387758132903931
10,45,10.990002693416214
10,46,12.71492290055892
10,47,16.02772541847161
10,48,15.580820438425416
10,49,14.582686108157313
10,50,17.664128939571015
10,51,19.904150676951602
10,52,19.2074789457735
10,53,19.896995789552847
11,1,16.17830364354154
11,2,14.52436878193815
11,3,12.04909330196339
11,4,10.75054282746719
11,5,10.04741445574684
11,6,8.47031510505646
11,7,6.185480169124145
11,8,5.340108285699716
11,9,5.526449277448629
11,10,3.8031366104358546
11,12,3.7780554149001686
11,13,5.3363500709558735
11,14,4.879559107308257
11,15,6.084646666970928
11,16,8.9549522236782
11,17,11.794558348807287
11,18,14.31832998682954
11,19,13.20480263789129
11,20,15.08804961057004
11,21,14.315693497650521
11,22,16.18419089494576
11,23,14.283658787196659
11,24,10.7444476194432
11,25,12.51725092050033
11,26,14.036869649088269
11,27,11.24246058093727
11,28,9.379623098443691
11,29,12.916429037563109
11,30,13.712729712589509
11,31,10.93675300123709
11,32,12.285340662983481
11,33,15.67469361313184
11,34,15.518949763038025
11,35,12.862441982311955
11,36,15.488380227868065
11,37,14.935521106306288
11,38,11.359230547782055
11,39,13.008896364915989
11,40,15.052727311794435
11,41,12.645253457478956
11,42,10.499215079437192
11,43,13.978588770205056
11,44,15.049156222800336
11,45,12.241705495912061
11,46,12.956031935437931
11,47,16.609293460203162
11,48,16.361158660160456
11,49,14.511317116766685
11,50,17.269181882606315
11,51,19.988660780725166
11,52,19.09564036977971
11,53,19.05321657667276
12,1,17.42529831410037
12,2,15.668898158496756
12,3,13.96961457322238
12,4,12.42522861300559
12,5,10.69892408892809
12,6,9.779074811528256
12,7,8.578663017200881
12,8,6.278613000776272
12,9,4.985447284897935
12,10,5.281072547338101
12,11,3.7780554149001686
12,13,3.840898887747965
12,14,5.43578605074489
12,15,5.040759710156443
12,16,6.892144430111759
12,17,10.43099776488203
12,18,12.634693516569321
12,19,11.96217195969202
12,20,14.641971899901106
12,21,14.715245908938206
12,22,16.256396312224012
12,23,13.616494181075785
12,24,10.678655270588498
12,25,13.177727818484993
12,26,13.876359585737708
12,27,10.604506590546068
12,28,10.022396517685845
12,29,13.692980399179456
12,30,13.62230259325274
12,31,11.120878326140275
12,32,13.500750774227532
12,33,16.35052570152052
12,34,15.600766685346878
12,35,12.872644886860305
12,36,14.743632420147724
12,37,13.604516831817564
12,38,9.845686580696608
12,39,10.546765266613773
12,40,12.495252999275527
12,41,10.440924386273073
12,42,7.527038280772393
12,43,10.639106791367345
12,44,12.122551540243654
12,45,9.501447912574418
12,46,9.57279822380327
12,47,13.322379015827634
12,48,13.640116684356
12,49,11.821327484245586
12,50,14.193003466290047
12,51,17.11967276725053
12,52,16.76329268922183
12,53,16.655129408320747
13,1,19.081346679676532
13,2,16.67566812612436
13,3,14.885568297368298
13,4,14.286338623892425
13,5,12.316197894930834
13,6,10.339457715945953
13,7,9.897519386955947
13,8,8.810638438162199
13,9,6.32034980143178
13,10,5.037399687923488
13,11,5.3363500709558735
13,12,3.840898887747965
13,14,3.8199491661645535
13,15,5.361600626527859
13,16,5.592376677257313
13,17,8.85174998022962
13,18,10.24106291333291
13,19,8.701589117106675
13,20,11.143246877072409
13,21,11.135486732809861
13,22,12.452417239835869
13,23,9.786079139943073
13,24,6.897200044511581
13,25,9.66563999384744
13,26,10.371915802657334
13,27,7.434392867246522
13,28,7.354602170028847
13,29,11.105280815604782
13,30,11.372713985987467
13,31,9.767791097239613
13,32,12.146869575240718
13,33,14.870306553904573
13,34,14.762258895056068
13,35,12.859884820484643
13,36,15.014367562521361
13,37,13.169422371332159
13,38,9.87623637802538
13,39,11.154686512324565
13,40,11.971389867846636
13,41,9.008267595952004
13,42,6.8794688310999
13,43,10.110702755998423
13,44,10.332007830245866
13,45,7.117189913678456
13,46,8.358261398826611
13,47,11.733725964141067
13,48,11.110385956753827
13,49,9.637062953807098
13,50,12.739041882479773
13,51,15.056595025096959
13,52,14.311186133009125
13,53,14.878772724066792
14,1,20.55057281666606
14,2,18.40707398618892
14,3,15.947291936808524
14,4,15.294416061946752
14,5,14.195437195261444
14,6,11.95430711817031
14,7,10.442554825537805
14,8,9.972608455558087
14,9,8.733235907189012
14,10,6.2417545740476585
14,11,4.879559107308257
14,12,5.43578605074489
14,13,3.8199491661645535
14,15,3.831549834729693
14,16,5.535713156837692
14,17,7.577242850713529
14,18,9.890255489953683
14,19,8.698115559999499
14,20,10.450785519392964
14,21,10.132418180095614
14,22,12.49944011791112
14,23,10.731860075730266
14,24,7.364954714850556
14,25,10.038065321271878
14,26,11.96973553603348
14,27,9.915460140374227
14,28,8.921406752285687
14,29,12.621287521361278
14,30,13.871750669323125
14,31,12.270107596670462
14,32,13.767932856111793
14,33,16.974669840662436
14,34,17.421992106772596
14,35,15.534800982116124
14,36,18.129679879678307
14,37,16.630773377773345
14,38,13.320586132903756
14,39,14.79055606247475
14,40,15.785435218898803
14,41,12.747853138652582
14,42,10.665128829756775
14,43,13.737075655530402
14,44,13.814144073359229
14,45,10.281963120789683
14,46,11.135286767890296
14,47,14.440796085857777
14,48,13.31511101042903
14,49,11.104144976439732
14,50,14.239212080895618
14,51,16.587208417492423
14,52,15.053277418057837
14,53,15.127011308949704
15,1,21.944142473782918
15,2,20.218191229856735
15,3,18.023753641474144
15,4,16.622905037728607
15,5,15.437835999411543
15,6,14.030133415646064
15,7,12.241471647762227
15,8,10.637859763930749
15,9,9.813827975387042
15,10,8.614693856706038
15,11,6.084646666970928
15,12,5.040759710156443
15,13,5.361600626527859
15,14,3.831549834729693
15,16,3.817749302550175
15,17,6.182552558119664
15,18,9.320584652323161
15,19,9.615024750243792
15,20,12.195191994576314
15,21,12.877627618543707
15,22,15.341508794132496
15,23,13.143347664667045
15,24,10.360864887297453
15,25,13.506941558809853
15,26,14.989927000564352
15,27,12.566909425806358
15,28,12.19510527248457
15,29,15.980581431711755
15,30,16.670167009920505
15,31,14.851010958317707
15,32,16.839400489650185
15,33,19.906260588035423
15,34,19.789551279332862
15,35,17.463826107222776
15,36,19.544137495291142
15,37,18.029684489112675
15,38,14.439317412098767
15,39,14.983041122748794
15,40,16.28973928357238
15,41,13.84152048730001
15,42,10.872446825487565
15,43,13.32190557812296
15,44,14.088522194443486
15,45,10.679749577583108
15,46,10.148132020021695
15,47,13.651095979346165
15,48,13.227062007783909
15,49,10.323901838927533
15,50,12.669675474141895
15,51,15.638245201116279
15,52,14.41420772591114
15,53,13.621614563856388
16,1,24.1286938601632
16,2,22.019153398184336
16,3,20.179066143161716
16,4,19.114324999751844
16,5,17.322739092666854
16,6,15.7594681719726
16,7,14.755156167760624
16,8,13.101783634804807
16,9,11.264522942189497
16,10,10.323924746500431
16,11,8.9549522236782
16,12,6.892144430111759
16,13,5.592376677257313
16,14,5.535713156837692
16,15,3.817749302550175
16,17,3.8172294400431377
16,18,5.972271649808135
16,19,6.662358263537738
16,20,9.927136065669222
16,21,11.55246131327497
16,22,13.631142554266981
16,23,10.998376022777931
16,24,9.172088800026417
16,25,12.828509311785584
16,26,13.725974091006723
16,27,11.550479102437807
16,28,12.305012484450373
16,29,15.912812333033564
16,30,16.26281282525908
16,31,15.190811588415027
16,32,17.61399284639516
16,33,20.225951351822495
16,34,20.113057087073596
16,35,18.233636852402643
16,36,19.96988998587027
16,37,17.78247938416834
16,38,14.529300652957295
16,39,14.695382434801076
16,40,15.167047122490084
16,41,12.650697702403223
16,42,9.802787516137887
16,43,11.522725194755402
16,44,11.660169605707349
16,45,8.117211800632134
16,46,7.320971698359853
16,47,10.402240058080107
16,48,9.67334289474013
16,49,6.551459687140604
16,50,9.060061289507237
16,51,11.852949596234733
16,52,10.652604072898285
16,53,10.11905589494636
17,1,27.53160986941435
17,2,25.38979462265663
17,3,23.28576445567194
17,4,22.364300876732486
17,5,20.83066243693256
17,6,18.99519759709989
17,7,17.763249960135138
17,8,16.463882612185333
17,9,14.832670828268958
17,10,13.351152491662923
17,11,11.794558348807287
17,12,10.43099776488203
17,13,8.85174998022962
17,14,7.577242850713529
17,15,6.182552558119664
17,16,3.8172294400431377
17,18,3.8221605202422424
17,19,5.976935562275974
17,20,8.621583635513828
17,21,10.896283841584525
17,22,13.517862686019418
17,23,11.560037657088733
17,24,10.278092531381235
17,25,13.912931604534784
17,26,15.260124364721113
17,27,13.899530281401985
17,28,14.66491794776268
17,29,18.069321672678413
17,30,18.887187192686337
17,31,18.22215809107067
17,32,20.317646830085856
17,33,22.987968597249953
17,34,23.280757058227838
17,35,21.65953811495272
17,36,23.561065142375263
17,37,21.249029553671622
17,38,18.145623466132914
17,39,18.394987010571157
17,40,18.554954142303714
17,41,15.884907553765334
17,42,13.335818794174584
17,43,14.713510345889897
17,44,14.302007683461909
17,45,10.728397033450479
17,46,9.91306386056567
17,47,12.150438602920826
17,48,10.679455883362076
17,49,7.165051737088666
17,50,9.336371973618164
17,51,11.602839426561843
17,52,9.384462842764586
17,53,8.273957527628603
18,1,29.320258754420948
18,2,26.826315524274815
18,3,24.986325254486047
18,4,24.45103514632351
18,5,22.513256018656186
18,6,20.47562854746939
18,7,19.86993568867241
18,8,18.704482972791787
18,9,16.426906328225662
18,10,15.031192667028597
18,11,14.31832998682954
18,12,12.634693516569321
18,13,10.24106291333291
18,14,9.890255489953683
18,15,9.320584652323161
18,16,5.972271649808135
18,17,3.8221605202422424
18,19,3.830307858867796
18,20,6.680560223275928
18,21,9.915717150325953
18,22,11.827608992924555
18,23,9.737895192005976
18,24,9.783069455085963
18,25,13.390670458183838
18,26,14.142259266363553
18,27,13.346429462156909
18,28,14.942290535420526
18,29,17.912328920067964
18,30,18.510485901006543
18,31,18.58908415007683
18,32,20.846821014433903
18,33,23.0519390175328
18,34,23.46527041392913
18,35,22.35792962026925
18,36,24.03948498772726
18,37,21.2552296889662
18,38,18.630949468314398
18,39,18.796678303842057
18,40,18.169565056315083
18,41,15.450541669023078
18,42,13.485063400446894
18,43,14.263014763858811
18,44,12.989755689483442
18,45,9.693724055793364
18,46,9.252620893505162
18,47,10.371021745347257
18,48,8.081613999778037
18,49,5.007050827291934
18,50,7.407182949967739
18,51,8.60787361578539
18,52,5.847373501976398
18,53,5.806159857530121
19,1,27.380821677853465
19,2,24.583294684979542
19,3,22.74143820387317
19,4,22.730624885591116
19,5,20.735294765653197
19,6,18.265555225990692
19,7,18.07810943269913
19,8,17.481353840209145
19,9,14.859324486062063
19,10,13.05487124437639
19,11,13.20480263789129
19,12,11.96217195969202
19,13,8.701589117106675
19,14,8.698115559999499
19,15,9.615024750243792
19,16,6.662358263537738
19,17,5.976935562275974
19,18,3.830307858867796
19,20,3.807247403132817
19,21,6.644764123494786
19,22,8.155278455433722
19,23,5.966809058206492
19,24,6.223320153352434
19,25,9.695059383276226
19,26,10.43440578169231
19,27,10.105879553787002
19,28,11.765416282408848
19,29,14.42156928451664
19,30,15.247890718357185
19,31,15.729016483487698
19,32,17.74351374629151
19,33,19.811237508682492
19,34,20.58569823715917
19,35,19.903726164479632
19,36,21.828257825144213
19,37,18.995446317277533
19,38,16.683582151762245
19,39,17.483821435910688
19,40,16.573004889338204
19,41,13.384440217195285
19,42,12.1927873127072
19,43,13.525252214369102
19,44,11.638257715901716
19,45,8.201497898589256
19,46,9.333807499627055
19,47,10.522654249835483
19,48,7.532340800443507
19,49,5.868151215525623
19,50,9.379748461098675
19,51,9.963159881176747
19,52,7.465420498119169
19,53,8.993149893120226
20,1,28.902918879181186
20,2,25.938486896683315
20,3,23.84200334590051
20,4,24.306165546552634
20,5,22.596139885121502
20,6,19.669684147049104
20,7,19.495554236892133
20,8,19.58208051685032
20,9,17.081648479793678
20,10,14.646378529871305
20,11,15.08804961057004
20,12,14.641971899901106
20,13,11.143246877072409
20,14,10.450785519392964
20,15,12.195191994576314
20,16,9.927136065669222
20,17,8.621583635513828
20,18,6.680560223275928
20,19,3.807247403132817
20,21,3.792797826813553
20,22,5.7017497102059504
20,23,5.489932436458349
20,24,6.339635606203138
20,25,8.711661685222845
20,26,10.135917859280845
20,27,11.099263370737317
20,28,12.311095168030501
20,29,14.326123968128897
20,30,15.87551029505192
20,31,16.84227618637217
20,32,18.17391920934753
20,33,20.206869013139702
20,34,21.637469450804634
20,35,21.42972375567853
20,36,23.70688884475702
20,37,20.952813851876975
20,38,18.945798439130726
20,39,20.280668372071773
20,40,19.199598941721536
20,41,15.736317153877334
20,42,15.168053244748313
20,43,16.757917175560095
20,44,14.465821898267444
20,45,11.250518707562398
20,46,12.96892827710511
20,47,13.855276648447514
20,48,10.453666022651223
20,49,9.464345703408016
20,50,12.793727840296444
20,51,12.663963431098233
20,52,9.662847346999508
20,53,11.508638421991899
21,1,27.150208305758593
21,2,24.103249264885093
21,3,21.78179260663089
21,4,22.690234341614012
21,5,21.30917788589247
21,6,18.009191427640026
21,7,17.87938216429828
21,8,18.68252923896102
21,9,16.380509161884778
21,10,13.4103797985085
21,11,14.315693497650521
21,12,14.715245908938206
21,13,11.135486732809861
21,14,10.132418180095614
21,15,12.877627618543707
21,16,11.55246131327497
21,17,10.896283841584525
21,18,9.915717150325953
21,19,6.644764123494786
21,20,3.792797826813553
21,22,3.8017401675191205
21,23,5.370362157192811
21,24,5.094769856030415
21,25,6.0090856728813815
21,26,8.498188493105808
21,27,10.096294441219065
21,28,10.376282406741902
21,29,11.938223124058442
21,30,14.225936709008664
21,31,15.240756467190362
21,32,15.848709465752407
21,33,18.021248425845492
21,34,19.969033671726248
21,35,20.017744798085293
21,36,22.715353506657245
21,37,20.30658771424178
21,38,18.45628476070805
21,39,20.454895591345924
21,40,19.57067693876234
21,41,15.859677219704995
21,42,15.764534701778755
21,43,17.992387092224085
21,44,15.763199782170753
21,45,12.598261653188164
21,46,14.966499166637623
21,47,16.27632928233014
21,48,13.039556144821578
21,49,12.349463655173585
21,50,15.95962649378592
21,51,16.04128036398181
21,52,13.31305321304135
21,53,15.154345065059685
22,1,27.328770754422642
22,2,23.97888832772431
22,3,22.0876694448189
22,4,23.41647422478774
22,5,21.661895451724295
22,6,18.30639928077026
22,7,18.947568028646753
22,8,19.849260810948984
22,9,17.071250889796655
22,10,14.464353335269877
22,11,16.18419089494576
22,12,16.256396312224012
22,13,12.452417239835869
22,14,12.49944011791112
22,15,15.341508794132496
22,16,13.631142554266981
22,17,13.517862686019418
22,18,11.827608992924555
22,19,8.155278455433722
22,20,5.7017497102059504
22,21,3.8017401675191205
22,23,3.79921650011547
22,24,5.606791507279867
22,25,5.159277699172912
22,26,6.241888115308876
22,27,8.961397822571483
22,28,10.0272646108614
22,29,10.575393300654035
22,30,12.528196445192828
22,31,14.435511809460774
22,32,15.074890235306432
22,33,16.50717913554126
22,34,18.605994469326234
22,35,19.310763264290916
22,36,21.75733241231316
22,37,19.084068777766788
22,38,17.911835335159143
22,39,20.007455921732873
22,40,18.519004483820904
22,41,14.86001582524219
22,42,15.63182124411685
22,43,17.563870182610568
22,44,14.77115051593306
22,45,12.289676958558662
22,46,15.272250399279775
22,47,15.966027471044052
22,48,12.585577238292945
22,49,13.024513895643281
22,50,16.590256398844367
22,51,16.057297377032025
22,52,13.822490296208612
22,53,16.434769036566365
23,1,25.650336232617853
23,2,22.35092274293474
23,3,20.785027221825292
23,4,21.72448831822491
23,5,19.54582064776796
23,6,16.55368555358551
23,7,17.378345044009862
23,8,17.659521921933546
23,9,14.545145406471082
23,10,12.533232910710737
23,11,14.283658787196659
23,12,13.616494181075785
23,13,9.786079139943073
23,14,10.731860075730266
23,15,13.143347664667045
23,16,10.998376022777931
23,17,11.560037657088733
23,18,9.737895192005976
23,19,5.966809058206492
23,20,5.489932436458349
23,21,5.370362157192811
23,22,3.79921650011547
23,24,3.8181508607089896
23,25,5.35001762611556
23,26,5.0078491041543405
23,27,6.424425249293026
23,28,8.567400234131576
23,29,9.90513016874983
23,30,10.884455266383068
23,31,12.541633862998966
23,32,14.094637598453598
23,33,15.481930806198449
23,34,16.87222909941852
23,35,17.211563774438297
23,36,19.28257149331992
23,37,16.3407951475558
23,38,14.994332383803787
23,39,16.68014733154872
23,40,15.101559668471719
23,41,11.518914588514486
23,42,12.103129973382776
23,43,13.81620214273543
23,44,11.032305194201733
23,45,8.514687177250137
23,46,11.584807150479788
23,47,12.297022570791052
23,48,9.113709314225645
23,49,9.794738138243558
23,50,13.406678442586431
23,51,13.142867347651292
23,52,11.473768016801344
23,53,14.145940165075922
24,1,22.80111397641395
24,2,19.701374135399863
24,3,17.74837457095415
24,4,18.512422196849105
24,5,16.68927689735997
24,6,13.580007778059386
24,7,13.926831675917727
24,8,14.406805944773803
24,9,11.666332824485037
24,10,9.127489239234032
24,11,10.7444476194432
24,12,10.678655270588498
24,13,6.897200044511581
24,14,7.364954714850556
24,15,10.360864887297453
24,16,9.172088800026417
24,17,10.278092531381235
24,18,9.783069455085963
24,19,6.223320153352434
24,20,6.339635606203138
24,21,5.094769856030415
24,22,5.606791507279867
24,23,3.8181508607089896
24,25,3.7913089707083314
24,26,5.34980910387464
24,27,5.344593711568962
24,28,5.980741281447086
24,29,8.395625350327316
24,30,9.97171942863899
24,31,10.571026094454478
24,32,11.903747608866441
24,33,14.102567217438718
24,34,15.473651449675694
24,35,15.224150784233977
24,36,17.759299404026947
24,37,15.338784461993741
24,38,13.365374856880871
24,39,15.421757395339078
24,40,14.705406427356115
24,41,10.962044056601371
24,42,10.951881839402093
24,43,13.541538926938717
24,44,11.653504330027426
24,45,8.54188180387887
24,46,11.404616937143135
24,47,13.237190582593922
24,48,10.704349247465098
24,49,10.361780122018537
24,50,14.164823347639075
24,51,14.879076650971157
24,52,13.168446278949927
24,53,15.038730492100491
25,1,22.293844205076745
25,2,18.958933323459952
25,3,16.97579837226142
25,4,18.496484066080328
25,5,16.914986816214473
25,6,13.390585811851919
25,7,14.197559404153667
25,8,15.549585460417223
25,9,12.95566102540603
25,10,10.148795133405534
25,11,12.51725092050033
25,12,13.177727818484993
25,13,9.66563999384744
25,14,10.038065321271878
25,15,13.506941558809853
25,16,12.828509311785584
25,17,13.912931604534784
25,18,13.390670458183838
25,19,9.695059383276226
25,20,8.711661685222845
25,21,6.0090856728813815
25,22,5.159277699172912
25,23,5.35001762611556
25,24,3.7913089707083314
25,26,3.7963986536071626
25,27,5.667919577384239
25,28,5.20083190356175
25,29,5.942583474730897
25,30,8.554507513854725
25,31,9.838585240384829
25,32,10.100225476403782
25,33,12.04264797908943
25,34,14.228665608070347
25,35,14.72380165669812
25,36,17.576827744356525
25,37,15.445818105341129
25,38,14.126332586496051
25,39,16.83821628249285
25,40,15.98896118807062
25,41,12.230091038311762
25,42,13.161533990503948
25,43,15.926707492234037
25,44,13.845339565847416
25,45,11.365019391780432
25,46,14.662210572377717
25,47,16.27190565054568
25,48,13.705497212973665
25,49,13.931437634393038
25,50,17.70924453535004
25,51,18.08695952264211
25,52,16.41270681244789
25,53,18.58564291968906
26,1,22.26430158607722
26,2,18.707922029472687
26,3,17.446540673302863
26,4,19.050550055890962
26,5,16.832463064020285
26,6,13.62905951374669
26,7,15.284471656662017
26,8,16.21245043165983
26,9,13.02721671190521
26,10,11.164642964970746
26,11,14.036869649088269
26,12,13.876359585737708
26,13,10.371915802657334
26,14,11.96973553603348
26,15,14.989927000564352
26,16,13.725974091006723
26,17,15.260124364721113
26,18,14.142259266363553
26,19,10.43440578169231
26,20,10.135917859280845
26,21,8.498188493105808
26,22,6.241888115308876
26,23,5.0078491041543405
26,24,5.34980910387464
26,25,3.7963986536071626
26,27,3.8110554165432875
26,28,5.551892692111577
26,29,5.330968689262395
26,30,6.356452735074649
26,31,8.758440824982674
26,32,9.8343152803512
26,33,10.705766844157694
26,34,12.504512059047777
26,35,13.523923875253242
26,36,15.784430591349857
26,37,13.150055249809034
26,38,12.529857567663198
26,39,15.044500380098054
26,40,13.491388672919996
26,41,9.887943378156894
26,42,11.70424891480713
26,43,13.966697774709415
26,44,11.430184767987743
26,45,9.82587856823987
26,46,13.542921324756255
26,47,14.561084535219669
26,48,12.192818735060106
26,49,13.40022642586187
26,50,16.953220506252435
26,51,16.965399803239723
26,52,15.973899258758372
26,53,18.618872901921268
27,1,19.6200548056165
27,2,16.22406036835515
27,3,15.144453178065705
27,4,16.22648915557742
27,5,13.685668770335866
27,6,10.849620031191353
27,7,12.571558551033775
27,8,12.924974982525995
27,9,9.495052907456364
27,10,8.259505230870031
27,11,11.24246058093727
27,12,10.604506590546068
27,13,7.434392867246522
27,14,9.915460140374227
27,15,12.566909425806358
27,16,11.550479102437807
27,17,13.899530281401985
27,18,13.346429462156909
27,19,10.105879553787002
27,20,11.099263370737317
27,21,10.096294441219065
27,22,8.961397822571483
27,23,6.424425249293026
27,24,5.344593711568962
27,25,5.667919577384239
27,26,3.8110554165432875
27,28,3.7949713536827745
27,29,5.493057835759138
27,30,5.168927067902553
27,31,6.254187254193183
27,32,8.56437312811505
27,33,9.886545977214483
27,34,10.663205203014698
27,35,10.804392926739709
27,36,12.93113358491774
27,37,10.26196230410655
27,38,9.002025864595364
27,39,11.431833272468475
27,40,10.325714352289236
27,41,6.583192964756878
27,42,8.09172061876321
27,43,10.774086048827094
27,44,8.940115406435128
27,45,7.249354751126458
27,46,10.877091785368778
27,47,12.520302190568207
27,48,10.971522792626827
27,49,11.873857236974501
27,50,15.296834869256102
27,51,16.024282073380792
27,52,15.530623557725427
27,53,17.726223044075546
28,1,17.3287920775126
28,2,14.007807693831927
28,3,12.284813105766444
28,4,13.662326660057898
28,5,11.78803126610086
28,6,8.361028812590186
28,7,9.751404740827603
28,8,11.034218396959941
28,9,8.313165857176482
28,10,6.036548306808648
28,11,9.379623098443691
28,12,10.022396517685845
28,13,7.354602170028847
28,14,8.921406752285687
28,15,12.19510527248457
28,16,12.305012484450373
28,17,14.66491794776268
28,18,14.942290535420526
28,19,11.765416282408848
28,20,12.311095168030501
28,21,10.376282406741902
28,22,10.0272646108614
28,23,8.567400234131576
28,24,5.980741281447086
28,25,5.20083190356175
28,26,5.551892692111577
28,27,3.7949713536827745
28,29,3.8016436517107772
28,30,5.398334469221098
28,31,4.980880986096697
28,32,5.992438163929179
28,33,8.553278012627201
28,34,9.93795002936393
28,35,9.727748994279164
28,36,12.756800073271009
28,37,11.098872851099879
28,38,9.452098709386222
28,39,12.586146947450672
28,40,12.484421326907967
28,41,8.971628882142461
28,42,9.927729084895814
28,43,13.284402167207604
28,44,12.209619316467617
28,45,10.168282645860666
28,46,13.34952126914051
28,47,15.626943129078349
28,48,14.182885023887078
28,49,14.358762895749859
28,50,17.90703190639016
28,51,19.049826026244688
28,52,18.170627770013382
28,53,19.94514997151125
29,1,17.805416993508317
29,2,14.175861964324485
29,3,12.857243062027454
29,4,15.115323266209652
29,5,13.325717406987485
29,6,9.851613468077675
29,7,11.99963772766306
29,8,13.839006170906428
29,9,11.24947258246804
29,10,9.375985291922063
29,11,12.916429037563109
29,12,13.692980399179456
29,13,11.105280815604782
29,14,12.621287521361278
29,15,15.980581431711755
29,16,15.912812333033564
29,17,18.069321672678413
29,18,17.912328920067964
29,19,14.42156928451664
29,20,14.326123968128897
29,21,11.938223124058442
29,22,10.575393300654035
29,23,9.90513016874983
29,24,8.395625350327316
29,25,5.942583474730897
29,26,5.330968689262395
29,27,5.493057835759138
29,28,3.8016436517107772
29,30,3.795006254876221
29,31,5.323489767461211
29,32,4.756075041574703
29,33,6.107119813460196
29,34,8.653589914808036
29,35,9.87454022991594
29,36,12.84763616718117
29,37,11.347702472918522
29,38,10.94727894345088
29,39,14.378557505637827
29,40,13.753564514055478
29,41,10.52019187636229
29,42,12.541210857189261
29,43,15.542671669173348
29,44,14.023859707608977
29,45,12.700231515341578
29,46,16.23499520396549
29,47,17.982531745846053
29,48,16.364291322425682
29,49,17.183124953749363
29,50,20.71555307567063
29,51,21.366623164267775
29,52,20.56222464408014
29,53,22.77485632785227
30,1,17.031110169630093
30,2,13.306165825271979
30,3,12.958706871505402
30,4,14.953956091389447
30,5,12.393636063363102
30,6,9.641958055695804
30,7,12.569288018024737
30,8,13.656312732751045
30,9,10.576160061249785
30,10,10.005171443620652
30,11,13.712729712589509
30,12,13.62230259325274
30,13,11.372713985987467
30,14,13.871750669323125
30,15,16.670167009920505
30,16,16.26281282525908
30,17,18.887187192686337
30,18,18.510485901006543
30,19,15.247890718357185
30,20,15.87551029505192
30,21,14.225936709008664
30,22,12.528196445192828
30,23,10.884455266383068
30,24,9.97171942863899
30,25,8.554507513854725
30,26,6.356452735074649
30,27,5.168927067902553
30,28,5.398334469221098
30,29,3.795006254876221
30,31,3.8040733436751486
30,32,5.3371011942176
30,33,5.0157155776494555
30,34,6.1657869194277515
30,35,7.766944433450441
30,36,9.94707878043711
30,37,7.93124850351217
30,38,8.325960941937126
30,39,11.593639930624654
30,40,10.551812261983603
30,41,7.777653979199147
30,42,10.590049556233804
30,43,13.168648413000025
30,44,11.774265932582042
30,45,11.41078178354366
30,46,14.941764437186409
30,47,16.39221128644169
30,48,15.378633635199463
30,49,16.73608470958221
30,50,19.913572158437574
30,51,20.54773079338975
30,52,20.428733879730874
30,53,22.75165062468117
31,1,13.706832887250036
31,2,10.13403999821682
31,3,9.588676251294459
31,4,11.227163661209367
31,5,8.645237411975868
31,6,5.900268975955196
31,7,8.998644008668949
31,8,10.055993541768807
31,9,7.296239857252904
31,10,7.174854274699561
31,11,10.93675300123709
31,12,11.120878326140275
31,13,9.767791097239613
31,14,12.270107596670462
31,15,14.851010958317707
31,16,15.190811588415027
31,17,18.22215809107067
31,18,18.58908415007683
31,19,15.729016483487698
31,20,16.84227618637217
31,21,15.240756467190362
31,22,14.435511809460774
31,23,12.541633862998966
31,24,10.571026094454478
31,25,9.838585240384829
31,26,8.758440824982674
31,27,6.254187254193183
31,28,4.980880986096697
31,29,5.323489767461211
31,30,3.8040733436751486
31,32,3.8152234772070335
31,33,5.328756710955105
31,34,5.234287478288421
31,35,4.901669085097055
31,36,7.922016351075943
31,37,6.860136292232049
31,38,6.0292240302811235
31,39,9.75684116805003
31,40,10.028852125755403
31,41,7.541414529765693
31,42,9.384114441706682
31,43,12.572648108692054
31,44,12.260591049683306
31,45,11.540847022556393
31,46,14.51953380531681
31,47,16.71009107036146
31,48,16.229959613351678
31,49,16.911818007185616
31,50,19.998596735663995
31,51,21.311375856422867
31,52,21.229194831896777
31,53,22.999997581150232
32,1,13.200198807548079
32,2,9.557826296185615
32,3,8.406666232692283
32,4,11.118629319628285
32,5,9.641639611868587
32,6,6.348222205817975
32,7,9.16558466293898
32,8,11.496927267170628
32,9,9.715486543881033
32,10,8.616624017753978
32,11,12.285340662983481
32,12,13.500750774227532
32,13,12.146869575240718
32,14,13.767932856111793
32,15,16.839400489650185
32,16,17.61399284639516
32,17,20.317646830085856
32,18,20.846821014433903
32,19,17.74351374629151
32,20,18.17391920934753
32,21,15.848709465752407
32,22,15.074890235306432
32,23,14.094637598453598
32,24,11.903747608866441
32,25,10.100225476403782
32,26,9.8343152803512
32,27,8.56437312811505
32,28,5.992438163929179
32,29,4.756075041574703
32,30,5.3371011942176
32,31,3.8152234772070335
32,33,3.8089781958111613
32,34,5.824296115269765
32,35,6.446056069502329
32,36,9.980922513426593
32,37,9.91732644980287
32,38,9.541194900689298
32,39,13.346860660731425
32,40,13.753440343709208
32,41,11.29793238080424
32,42,13.06911015503539
32,43,16.357020080360126
32,44,15.862242634181817
32,45,14.861953836006172
32,46,17.946557567826492
32,47,20.185160559119364
32,48,19.314412725506738
32,49,19.84886271011008
32,50,23.167913515990957
32,51,24.378423354554652
