1,2,3.8373316703236546
1,3,6.067374716505584
1,4,8.674163070157956
1,5,12.257849588094786
1,6,13.857235374537828
1,7,17.3759437185444
1,8,19.96012463299748
1,9,23.135572363745215
1,10,26.586375227497197
1,11,29.085561382773694
1,12,31.839271598879858
1,13,30.523101514184777
1,14,33.952721839908904
1,15,37.70051533470392
1,16,37.996902349188886
1,17,41.65350945266594
1,18,43.220700635765134
1,19,46.634493632901155
1,20,47.660829834344945
1,21,46.95392554756314
1,22,44.322666885961894
1,23,40.842817372404184
1,24,37.658327447572105
1,25,34.463270093360194
1,26,31.274080657101404
1,27,27.967320868864675
1,28,24.67912429778362
1,29,21.536901512896115
1,30,17.982902892256664
1,31,15.722966020119607
1,32,11.998804367726164
1,33,8.69803444930588
1,34,8.680512221223301
1,35,7.632000392782899
1,36,9.858834164579948
1,37,13.411100926942412
1,38,16.14939058067423
1,39,19.549142041496594
1,40,22.14361532048136
1,41,25.026262383782424
1,42,28.002031563194997
1,43,30.73241936104937
1,44,34.05234599813611
1,45,37.56007537074233
1,46,39.744641294659985
1,47,40.41439002274053
1,48,42.02341505811031
1,49,38.914206983452345
1,50,36.73278076949505
1,51,33.00461606955385
1,52,33.163903136648734
1,53,35.672216743840394
1,54,34.198337620494236
1,55,30.54109245959282
1,56,29.668318432106837
1,57,29.37615223260779
1,58,27.882592937294973
1,59,24.22705173838855
1,60,23.44516842933669
1,61,20.110323945112977
1,62,19.196966344606107
1,63,16.560980618825052
1,64,16.82105305610247
1,65,15.027719666473757
1,66,11.270607554333623
1,67,12.299620742642793
1,68,14.096053456523034
1,69,17.201868269374557
1,70,18.762102714836598
1,71,22.523386049874812
1,72,24.8151030739511
1,73,28.540503311991465
1,74,31.265426230401125
1,75,34.84318105431976
1,76,38.17609068168141
1,77,41.14039546794877
1,78,44.00959695374557
1,79,43.17114888489137
1,80,45.547346974572086
1,81,45.85980135623065
1,82,43.68852508094553
1,83,40.74558690853411
1,84,40.964861391476425
1,85,38.3330163326648
1,86,34.679386106871284
1,87,32.048687813612645
1,88,28.545983067067272
1,89,25.47648208595734
1,90,22.583804416548766
1,91,19.21152423686847
1,92,17.345880105809773
1,93,13.879641001777879
1,94,14.982973635678581
1,95,12.852700252900597
1,96,14.804032174118696
1,97,17.74811423852447
1,98,18.74534771742619
1,99,22.313587219523445
1,100,24.9914827580002
1,101,28.77445095663691
1,102,31.925405782230587
1,103,35.651117600152915
1,104,37.714997549739856
1,105,41.51416849189403
1,106,44.11356020222546
1,107,47.589154392129146
1,108,50.681568295469326
1,109,52.141153112724034
1,110,51.93955432967456
1,111,49.35752137404337
1,112,50.911370273083634
2,1,3.8373316703236546
2,3,3.801713608367941
2,4,5.992043964282513
2,5,9.098275850950692
2,6,10.694009432644968
2,7,14.093055448669052
2,8,16.526874841336333
2,9,19.576152029620737
2,10,22.974394150320506
2,11,25.361718574251
2,12,28.149899418500016
2,13,26.99053146674517
2,14,30.502363778299625
2,15,34.21420224061921
2,16,34.41250489621028
2,17,38.06572258108827
2,18,39.58796330396508
2,19,43.00688702713267
2,20,44.08096998331
2,21,43.32594427649808
2,22,40.62864985632915
2,23,37.14203996944072
2,24,33.99053834735057
2,25,30.745698896136314
2,26,27.583538625036688
2,27,24.21574928374224
2,28,21.00075624519879
2,29,17.77499584679711
2,30,14.294098228657868
2,31,11.949444276933685
2,32,8.220562773324497
2,33,4.8902196483389275
2,34,5.4103349641906835
2,35,5.191698979613707
2,36,6.945843213595249
2,37,10.742249595835526
2,38,13.168472130960067
2,39,16.76915100744701
2,40,19.082746217274856
2,41,22.13990335643225
2,42,24.932783985035286
2,43,27.78478824889588
2,44,30.95391632955764
2,45,34.521315087513905
2,46,36.66373227704675
2,47,37.50875932188807
2,48,38.96863902831175
2,49,35.831500483881406
2,50,33.793879823230704
2,51,30.01169407241997
2,52,30.1796621154209
2,53,32.48488676964179
2,54,30.859834675101716
2,55,27.20239296252398
2,56,26.266260687574757
2,57,26.203103983063922
2,58,24.645100796673262
2,59,20.991231922518782
2,60,19.919413349177375
2,61,16.57131229431458
2,62,15.64308687963896
2,63,13.244299774376524
2,64,13.706566555369399
2,65,12.379031920941062
2,66,8.601837293197129
2,67,8.807087210418455
2,68,10.385708209290973
2,69,13.38837484223826
2,70,15.060223169682743
2,71,18.797182602251038
2,72,21.220189281023202
2,73,24.90590987115641
2,74,27.723746382243622
2,75,31.255600241032315
2,76,34.64022929638703
2,77,37.5458794592354
2,78,40.42744991437483
2,79,39.64789464620675
2,80,42.12367466269426
2,81,42.527415103760305
2,82,40.48737861524099
2,83,37.426188645626176
2,84,37.662549064367006
2,85,35.16330276808656
2,86,31.561709637314753
2,87,28.808519850246615
2,88,25.431475182589477
2,89,22.247777548845214
2,90,19.620636026965297
2,91,16.152087656050167
2,92,14.784288366123901
2,93,11.551991938336114
2,94,13.527600622763055
2,95,11.815245792405236
2,96,13.08961951341775
2,97,15.44416726718384
2,98,16.023171308744875
2,99,19.378300190303293
2,100,21.846421234394345
2,101,25.607506896030632
2,102,28.61225703048466
2,103,32.368601604241746
2,104,34.28708989864442
2,105,38.09081993932672
2,106,40.636310039247356
2,107,44.08788107247024
2,108,47.192003626835906
2,109,48.5471976156259
2,110,48.28237529847678
2,111,45.64054074817219
2,112,47.13671030030225
3,1,6.067374716505584
3,2,3.801713608367941
3,4,3.858467305737958
3,5,6.890723513058535
3,6,9.597842673447039
3,7,12.507373648024819
3,8,14.554158549718926
3,9,17.97944040042437
3,10,21.25072442538249
3,11,24.02140132262329
3,12,26.754004295354576
3,13,25.40303579540014
3,14,28.79264854105588
3,15,32.51710795411831
3,16,32.6075130137812
3,17,36.196549077448466
3,18,37.65484032360761
3,19,40.998704689617334
3,20,41.898782846050636
3,21,41.276312101330625
3,22,38.77435331900035
3,23,35.3415858969103
3,24,32.06825736614943
3,25,29.023347486313206
3,26,25.766839835090586
3,27,22.666876234220155
3,28,19.197787225966845
3,29,16.388719160136468
3,30,12.66255057894549
3,31,11.204457013782948
3,32,7.541434481992692
3,33,5.7468109280372275
3,34,7.119241709666988
3,35,5.631194361404726
3,36,5.1431622747862935
3,37,8.619803194088188
3,38,10.5939457502822
3,39,13.8905473555509
3,40,16.24598032674735
3,41,19.02425354816411
3,42,21.957041771977554
3,43,24.665770212849512
3,44,27.99751753429387
3,45,31.508136247067682
3,46,33.68460715021896
3,47,34.375818072771565
3,48,36.029683984229365
3,49,32.986508834782946
3,50,30.91427084326836
3,51,27.17178468948851
3,52,27.585652334221425
3,53,30.09025453530844
3,54,28.478047358678317
3,55,24.907742074389233
3,56,24.39480247332962
3,57,24.384022156662873
3,58,23.33578583594859
3,59,19.88994879027896
3,60,19.074133539002595
3,61,16.188964948164475
3,62,16.06333102761281
3,63,14.470046111045592
3,64,15.620574248973528
3,65,14.990047447577739
3,66,11.397533359459585
3,67,10.405272579683128
3,68,10.893652304674553
3,69,13.077437445997457
3,70,13.92192154437994
3,71,17.51196984780567
3,72,19.375736984002366
3,73,23.089694414145935
3,74,25.57309862378647
3,75,29.247760957230415
3,76,32.4522276699743
3,77,35.55394018112896
3,78,38.31082564674138
3,79,37.34484382117381
3,80,39.61961045031312
3,81,39.89582646629806
3,82,37.65733230160842
3,83,34.76332032207582
3,84,35.04571424643079
3,85,32.421107121791614
3,86,28.79033502602932
3,87,26.1075578359678
3,88,22.580822377960523
3,89,19.49029345955601
3,90,16.534747957424603
3,91,13.162911444118999
3,92,11.360798070917784
3,93,8.09188497116693
3,94,9.887142137087933
3,95,8.072900506960183
3,96,9.379336973527952
3,97,11.913132553954034
3,98,12.985239091713606
3,99,16.502383732203047
3,100,19.34676721131774
3,101,23.084815349110936
3,102,26.317638862938942
3,103,29.98086861511742
3,104,31.993508908267334
3,105,35.80885099490428
3,106,38.3386500553827
3,107,41.88076855676708
3,108,44.89120273043089
3,109,46.456063986740986
3,110,46.3060485808695
3,111,43.864351867905725
3,112,45.62126457738699
4,1,8.674163070157956
4,2,5.992043964282513
4,3,3.858467305737958
4,5,3.7947305023442093
4,6,6.011474448146467
4,7,9.066342433380976
4,8,11.603155011759137
4,9,15.003753513588585
4,10,18.492876925431577
4,11,21.369015957139553
4,12,23.969048337794668
4,13,22.30291799927714
4,14,25.590568091774777
4,15,29.362840925732332
4,16,29.747959221441516
4,17,33.395672603704604
4,18,35.12313556546756
4,19,38.58523870000375
4,20,39.72817249688064
4,21,39.36033312156222
4,22,36.74363378227401
4,23,33.46600362695477
4,24,30.048149153077386
4,25,27.136491716041547
4,26,23.669600733469192
4,27,20.659587773784725
4,28,17.10698701860312
4,29,14.303526376081622
4,30,10.593553243824443
4,31,8.984354658117418
4,32,5.870292956524195
4,33,5.472567622286546
4,34,8.57137068248129
4,35,8.516908001309917
4,36,7.064000802795268
4,37,10.162629116748883
4,38,10.862117613802567
4,39,13.982148190222278
4,40,15.488333616585585
4,41,18.014529149171224
4,42,20.47310314602126
4,43,22.920443569243435
4,44,26.099428954536204
4,45,29.486902818013714
4,46,31.946816012487076
4,47,32.98685526535445
4,48,34.7551984717564
4,49,31.90831188281333
4,50,30.228033862532836
4,51,26.451630662251524
4,52,27.286939408286436
4,53,29.53087458391301
4,54,27.485815913321137
4,55,24.087692828868885
4,56,23.881593346107426
4,57,24.4682791883804
4,58,23.58248583877341
4,59,20.30344011463716
4,60,18.905902358106196
4,61,16.17842381193201
4,62,15.8951443332414
4,63,14.703561167983706
4,64,15.465294745037358
4,65,14.852094140965537
4,66,11.599487326687933
4,67,9.887945239471096
4,68,10.545179321584785
4,69,12.00619955813807
4,70,13.144790128677595
4,71,16.374662893143988
4,72,18.227999934018555
4,73,21.735636012920583
4,74,24.08473041100899
4,75,27.799061310734864
4,76,30.902284305299585
4,77,34.08790980888324
4,78,36.626200913705986
4,79,35.41820076127642
4,80,37.613389682373935
4,81,37.65984916837357
4,82,35.59579078282635
4,83,32.66517287585737
4,84,32.60129249868354
4,85,29.86800275036142
4,86,26.182089760680476
4,87,23.718785359754055
4,88,20.213922126229956
4,89,17.385535302473535
4,90,14.642313335822864
4,91,11.64855323184073
4,92,10.684114731802326
4,93,8.46803045516481
4,94,10.829563159722223
4,95,8.655446014113622
4,96,8.324147050826369
4,97,10.23059915122351
4,98,10.327933404901389
4,99,13.801275610169727
4,100,16.36470457569676
4,101,20.157451774328155
4,102,23.35296993779452
4,103,27.062490445349237
4,104,29.28564541541081
4,105,33.052900989875305
4,106,35.7932388477414
4,107,39.23363669819518
4,108,42.3835268336264
4,109,43.99435023180774
4,110,44.05395976336677
4,111,41.632891651485856
4,112,43.35667315356268
5,1,12.257849588094786
5,2,9.098275850950692
5,3,6.890723513058535
5,4,3.7947305023442093
5,6,3.843645601677265
5,7,5.719237055850085
5,8,7.838604363104902
5,9,11.316429969563933
5,10,14.734086940937113
5,11,17.70232710417096
5,12,20.281901313469522
5,13,18.642275290746976
5,14,21.958834667874378
5,15,25.708769336059333
5,16,25.989587879699396
5,17,29.6245587769724
5,18,31.329004701095112
5,19,34.7928847837994
5,20,35.96614274636767
5,21,35.643376819108475
5,22,33.01020003441148
5,23,29.78121567554173
5,24,26.322829946380214
5,25,23.476986946410126
5,26,19.952652785282613
5,27,17.036302433678387
5,28,13.43250742246545
5,29,10.802113124176676
5,30,7.125239630636454
5,31,6.22136687264571
5,32,4.414881698749865
5,33,6.504286027427895
5,34,9.777195382206486
5,35,10.211365014286903
5,36,7.659982868634603
5,37,9.715426288933134
5,38,9.104118516331633
5,39,11.907383924611901
5,40,12.642681139814414
5,41,15.098507865053067
5,42,17.191861594291492
5,43,19.639812422703592
5,44,22.64715114339434
5,45,26.04821017090846
5,46,28.525484375458184
5,47,29.771834053143916
5,48,31.460911288895918
5,49,28.6725987003167
5,50,27.23509841691513
5,51,23.449061309725277
5,52,24.47754732241914
5,53,26.48582920596079
5,54,24.197349134836532
5,55,20.918554658962254
5,56,20.909256178090303
5,57,21.912490362350372
5,58,21.23387422445607
5,59,18.22073754002997
5,60,16.523886275702356
5,61,14.231846362995851
5,62,14.30907753636309
5,63,13.984973278088125
5,64,15.05182417411462
5,65,15.198309108056595
5,66,12.57892093796213
5,67,9.819784830638012
5,68,9.51300980418565
5,69,9.763259995407061
5,70,10.527883588489418
5,71,13.306179968931245
5,72,14.963925742458448
5,73,18.311712191995262
5,74,20.557342899867248
5,75,24.269564251556307
5,76,27.32010581994242
5,77,30.52728150416021
5,78,32.98016738959794
5,79,31.717852293303142
5,80,33.93002108960118
5,81,33.98670140435232
5,82,32.02648129203047
5,83,29.019499711931502
5,84,28.924299054308143
5,85,26.272078484584164
5,86,22.62228194103611
5,87,20.0824183304754
5,88,16.678438862421892
5,89,13.818043594578857
5,90,11.398853502530601
5,91,8.552176393215362
5,92,8.64345919252979
5,93,7.671259004846536
5,94,10.770789623723054
5,95,9.443939151262533
5,96,7.7720310304448335
5,97,8.172002917912474
5,98,7.331438251240835
5,99,10.42998469972311
5,100,12.777149850680052
5,101,16.557709417963306
5,102,19.66859350326248
5,103,23.39744749810697
5,104,25.53377334471912
5,105,29.31031587527045
5,106,32.02744852835347
5,107,35.462826647611756
5,108,38.618014850380504
5,109,40.203381854278206
5,110,40.27339421617501
5,111,37.866648229870634
5,112,39.621610169068916
6,1,13.857235374537828
6,2,10.694009432644968
6,3,9.597842673447039
6,4,6.011474448146467
6,5,3.843645601677265
6,7,3.8200169324735946
6,8,7.315630798440966
6,9,10.016640560252029
6,10,13.780487254782336
6,11,16.431879365932392
6,12,18.865057821391634
6,13,17.02800738302378
6,14,20.313799399083404
6,15,24.087867153695868
6,16,24.809910166951255
6,17,28.539385282202836
6,18,30.583868270219195
6,19,34.209804429532255
6,20,35.77091555152993
6,21,35.60930657924714
6,22,32.72448324196845
6,23,29.650878370034256
6,24,26.186264255141644
6,25,23.364358338213144
6,26,19.763255782344643
6,27,16.787740019846456
6,28,13.479753222698701
6,29,10.588968467821859
6,30,7.628267361803021
6,31,5.601305971399587
6,32,5.300654930171752
6,33,7.4396015983252175
6,34,11.150461858204629
6,35,12.663731726057456
6,36,10.791460812164438
6,37,13.046080298663137
6,38,12.280826704199937
6,39,14.992370943771453
6,40,15.051090365673357
6,41,17.346805929229568
6,42,18.781382156433434
6,43,20.98399729574965
6,44,23.59802259414077
6,45,26.83199739530605
6,46,29.511098608434626
6,47,31.18656312677995
6,48,32.80707792443628
6,49,30.180571916555667
6,50,29.15089035106313
6,51,25.39573360313944
6,52,26.58022276916039
6,53,28.171840788124218
6,54,25.526507862928497
6,55,22.431322992497076
6,56,22.37592200915598
6,57,23.838082417825486
6,58,22.947220796937625
6,59,20.006955567726727
6,60,17.671082059806086
6,61,15.282837236605651
6,62,14.630312541731874
6,63,14.218442823544974
6,64,14.414604711428103
6,65,14.228160852033367
6,66,12.152026117235918
6,67,9.422499700123103
6,68,9.949325417432387
6,69,9.941097762344619
6,70,11.66744807289992
6,71,13.986836121523073
6,72,16.0296487273063
6,73,18.992014706062943
6,74,21.308574512686114
6,75,24.846621219155395
6,76,27.880686758851084
6,77,30.965801252903425
6,78,33.26431239331979
6,79,31.918741029752102
6,80,34.183695812707484
6,81,34.10668923840166
6,82,32.5104780394099
6,83,29.377076068850734
6,84,28.881931926648413
6,85,26.266833644874524
6,86,22.66369555220243
6,87,20.373354227710355
6,88,17.271840240709697
6,89,14.778639139561696
6,90,13.107615193435265
6,91,10.899227990788958
6,92,11.920426134797113
6,93,11.455820197673178
6,94,14.551036508010696
6,95,12.98193200333808
6,96,10.942451116513592
6,97,10.868196410809825
6,98,8.776002598448443
6,99,11.136442261564222
6,100,12.490022723013748
6,101,16.180443630028122
6,102,18.9204047674566
6,103,22.71985713206774
6,104,24.973226928077743
6,105,28.637413288995507
6,106,31.56800038863221
6,107,34.78842977584336
6,108,38.14467291414147
6,109,39.59942315608824
6,110,39.79704928212255
6,111,37.26788808180521
6,112,38.770760707754256
7,1,17.3759437185444
7,2,14.093055448669052
7,3,12.507373648024819
7,4,9.066342433380976
7,5,5.719237055850085
7,6,3.8200169324735946
7,8,3.804767901900333
7,9,6.428302042603545
7,10,10.168831046500205
7,11,13.077461446046874
7,12,15.387411822979681
7,13,13.384045462317557
7,14,16.638984625488447
7,15,20.420587671308958
7,16,21.08684806238591
7,17,24.801068785469006
7,18,26.873327648101494
7,19,30.50135734377461
7,20,32.094290739328144
7,21,32.07394875323758
7,22,29.217693138089654
7,23,26.26836926420111
7,24,22.718866902568426
7,25,20.101733032137492
7,26,16.400887878829437
7,27,13.729717319989332
7,28,10.417808147986488
7,29,8.133430103065816
7,30,5.937234519314173
7,31,5.6264234569161395
7,32,7.293711014104593
7,33,10.441930879064369
7,34,13.817758071234856
7,35,15.20159091069312
7,36,12.660733476167325
7,37,13.960452009873933
7,38,12.144517293632413
7,39,14.099162455119354
7,40,13.209760424180905
7,41,15.065583602033731
7,42,15.888834700838904
7,43,17.866161325974215
7,44,20.21490413873403
7,45,23.353653384551304
7,46,26.101080114143034
7,47,27.999288093606875
7,48,29.600718633063398
7,49,27.14065378143952
7,50,26.441076564640657
7,51,22.77928603374109
7,52,24.26804000899371
7,53,25.592363298537865
7,54,22.679870894834238
7,55,19.869918655671476
7,56,20.195650861944312
7,57,22.129270692881853
7,58,21.617336991494334
7,59,19.138261748560552
7,60,16.63923540748981
7,61,14.978992851072906
7,62,14.859278674676347
7,63,15.402785192045851
7,64,15.960030205550472
7,65,16.49467881156354
7,66,14.968602819984085
7,67,11.711935169374136
7,68,11.24953083362261
7,69,9.868283725613585
7,70,10.846222940617485
7,71,12.205473624004247
7,72,13.72220769503689
7,73,16.264712561024545
7,74,18.251316784355236
7,75,21.747922142899785
7,76,24.59838241105782
7,77,27.741486294284126
7,78,29.847183444379464
7,79,28.34624123092811
7,80,30.53763279445938
7,81,30.379853098949088
7,82,28.88261791572215
7,83,25.732736419773534
7,84,25.125034264047564
7,85,22.54405081075062
7,86,18.985134631863712
7,87,16.741600967580943
7,88,13.815216114259607
7,89,11.568554804486737
7,90,10.526374274698934
7,91,9.13035208222168
7,92,11.224738416290505
7,93,11.988678182866721
7,94,15.147372024427284
7,95,14.178428750588953
7,96,11.377434774469362
7,97,9.990767252178514
7,98,6.895160810509333
7,99,8.130785328623059
7,100,8.852465741521328
7,101,12.461632107136806
7,102,15.108244180584355
7,103,18.914424300133263
7,104,21.162830020054425
7,105,24.819614558893793
7,106,27.774001265411524
7,107,30.98655351741645
7,108,34.34911737983106
7,109,35.84894840659563
7,110,36.13428369451634
7,111,33.688458150563115
7,112,35.28900647956261
8,1,19.96012463299748
8,2,16.526874841336333
8,3,14.554158549718926
8,4,11.603155011759137
8,5,7.838604363104902
8,6,7.315630798440966
8,7,3.804767901900333
8,9,3.794958717768335
8,10,7.007328707505127
8,11,10.306781979432094
8,12,12.67308514893793
8,13,10.940910462074042
8,14,14.288783959147509
8,15,17.98063923201391
8,16,18.15140174436578
8,17,21.793327687616603
8,18,23.599137499627485
8,19,27.13729996310583
8,20,28.54451030512886
8,21,28.45482928757338
8,22,25.706066256702012
8,23,22.719384993099354
8,24,19.130289060646117
8,25,16.584539562323208
8,26,12.850415013030489
8,27,10.414073362584176
8,28,6.929420481608814
8,29,5.594215085510105
8,30,4.479174110506
8,31,6.529723246459893
8,32,9.01582863716802
8,33,12.649185504835788
8,34,15.48235790696357
8,35,16.57055297323747
8,36,13.513420742556264
8,37,13.765049877773036
8,38,11.078889168970326
8,39,12.190704958459195
8,40,10.44668365840427
8,41,12.021477777179856
8,42,12.393534174459553
8,43,14.45725579372012
8,44,16.636013997847392
8,45,19.878091861279334
8,46,22.476351322269508
8,47,24.42339595597951
8,48,25.888909456734215
8,49,23.422492733004315
8,50,22.85346531935436
8,51,19.245065211497252
8,52,20.850391655829338
8,53,22.002001504599047
8,54,18.9796208269696
8,55,16.326133344856004
8,56,16.939533312690692
8,57,19.167195856259735
8,58,19.041126440759747
8,59,17.036850024539145
8,60,14.6244703798341
8,61,13.797884396440597
8,62,14.460077008513872
8,63,15.907509861062413
8,64,17.098551201744293
8,65,18.39302965180287
8,66,17.176857097507874
8,67,13.554071083488436
8,68,12.038266310903186
8,69,9.604904402483639
8,70,9.38288411226027
8,71,9.74947195288643
8,72,10.535149534199695
8,73,12.793702128935724
8,74,14.528047464579585
8,75,18.056522060442845
8,76,20.837138966221783
8,77,24.044917279406736
8,78,26.136271130260464
8,79,24.644844256868772
8,80,26.868068682374343
8,81,26.84884504874124
8,82,25.311547993585435
8,83,22.0978833465053
8,84,21.70987940731683
8,85,19.28834038817987
8,86,15.805938314206006
8,87,13.238854664694609
8,88,10.44632189174369
8,89,7.994846883244464
8,90,7.70314184120914
8,91,6.980604431456658
8,92,10.089196135309328
8,93,11.871729904775503
8,94,15.043376552670694
8,95,14.956170465095902
8,96,11.929033925498137
8,97,9.44861774717192
8,98,6.19261531912551
8,99,5.838947105988476
8,100,6.080918803746701
8,101,9.547954146542056
8,102,12.149048221030329
8,103,15.946835055837084
8,104,17.910488610649598
8,105,21.662886506884064
8,106,24.42820217515578
8,107,27.767292020420083
8,108,31.017438359080774
8,109,32.52577480497685
8,110,32.712721657417305
8,111,30.330480779896945
8,112,32.10226102715565
9,1,23.135572363745215
9,2,19.576152029620737
9,3,17.97944040042437
9,4,15.003753513588585
9,5,11.316429969563933
9,6,10.016640560252029
9,7,6.428302042603545
9,8,3.794958717768335
9,10,3.8141936371634104
9,11,6.754221339450966
9,12,9.045513846413499
9,13,7.470327647053654
9,14,11.066295018918218
9,15,14.693254976644443
9,16,14.92376801383943
9,17,18.63791726234962
9,18,20.59403195841711
9,19,24.244291664869376
9,20,25.970355602335577
9,21,25.93130998030656
9,22,22.943054188764698
9,23,20.10766044743448
9,24,16.585807884842737
9,25,14.102046851374146
9,26,10.401729071443139
9,27,8.131705616430438
9,28,5.6304425745852775
9,29,5.172160610623169
9,30,6.545472317297395
9,31,8.335360454503208
9,32,11.652880772641254
9,33,15.298398228056808
9,34,17.954077885988692
9,35,19.50539549938836
9,36,16.658507617086727
9,37,16.729875637793434
9,38,13.924541022480927
9,39,14.721465176159903
9,40,12.343266048863054
9,41,13.593644052853577
9,42,12.968370076440813
9,43,14.736240637277996
9,44,16.0857993318499
9,45,19.09315808458164
9,46,21.625954841706445
9,47,24.04026628638284
9,48,25.179644881123416
9,49,22.89911712253253
9,50,22.85846117168268
9,51,19.464998255839042
9,52,21.111027752685704
9,53,21.604212523476157
9,54,18.25224732753833
9,55,16.02827048057457
9,56,16.610776279828134
9,57,19.385900220578364
9,58,19.202610269023083
9,59,17.647178457581877
9,60,14.780977916917085
9,61,14.452441097681398
9,62,14.909540092451008
9,63,16.83820482558333
9,64,17.74533847991436
9,65,19.3462825891328
9,66,18.837918406141718
9,67,15.177024179656911
9,68,13.60776292487083
9,69,10.570745124564445
9,70,10.517891932468928
9,71,9.658406350541416
9,72,10.381680727099331
9,73,11.646619132664382
9,74,13.269792564276047
9,75,16.359321871488778
9,76,19.046618209008848
9,77,22.010479807570615
9,78,23.934788291482903
9,79,22.472629144166444
9,80,24.84400583656909
9,81,24.8808769616385
9,82,23.826952214213765
9,83,20.416892152160614
9,84,19.788653405971694
9,85,17.731085338188194
9,86,14.580842554687433
9,87,12.12262942625121
9,88,10.306975177232298
9,89,8.52108232530585
9,90,9.814672858860748
9,91,9.909085358427431
9,92,13.418433925048946
9,93,15.410084011366763
9,94,18.632326979752815
9,95,18.730856789222244
9,96,15.666383859376753
9,97,12.948485208441916
9,98,9.5596982910367
9,99,7.9580323317227375
9,100,6.174549086957871
9,101,8.505377142468921
9,102,10.014397119725905
9,103,13.787026919939624
9,104,15.446810438857357
9,105,19.08498867195722
9,106,21.868459156492623
9,107,25.01431542363219
9,108,28.391968508448574
9,109,29.66141414304862
9,110,29.83771918173106
9,111,27.307706433298893
9,112,28.861865717112163
10,1,26.586375227497197
10,2,22.974394150320506
10,3,21.25072442538249
10,4,18.492876925431577
10,5,14.734086940937113
10,6,13.780487254782336
10,7,10.168831046500205
10,8,7.007328707505127
10,9,3.8141936371634104
10,11,3.8083592302882825
10,12,5.8415002379776215
10,13,4.98245431382495
10,14,8.530176256708199
10,15,11.821415830618054
10,16,11.451801410641394
10,17,15.09566434575844
10,18,16.85043784712817
10,19,20.469858085373243
10,20,22.18213192376585
10,21,22.147474293601945
10,22,19.154976874603772
10,23,16.409362206795763
10,24,12.856734306512802
10,25,10.614542338270823
10,26,6.920425101765926
10,27,5.588473221034103
10,28,4.567657446589055
10,29,6.444511960021693
10,30,9.095241611330414
10,31,11.5054182045882
10,32,14.91904616162445
10,33,18.629257813324823
10,34,20.951531674309358
10,35,22.379594303524343
10,36,19.377233100741517
10,37,18.82963049027354
10,38,15.647603223276802
10,39,15.669743315076
10,40,12.610942654930843
10,41,13.22687506299693
10,42,11.62464217767747
10,43,13.06212406840405
10,44,13.611329239677612
10,45,16.436407634816874
10,46,18.745974402860053
10,47,21.438932594152792
10,48,22.280474143924
10,49,20.177991077171246
10,50,20.595476018878674
10,51,17.504743474546242
10,52,19.28548829365183
10,53,19.234957834882266
10,54,15.650609608245846
10,55,14.01311458462843
10,56,14.934199359713169
10,57,18.1741707835695
10,58,18.387296650233864
10,59,17.574817154750757
10,60,14.819151806611462
10,61,15.432963813498585
10,62,16.370952934990203
10,63,18.915760511421855
10,64,20.092781857710904
10,65,22.139393263514595
10,66,21.949304167732
10,67,18.217142501515816
10,68,16.193624256508333
10,69,12.718384971623392
10,70,11.915393275288315
10,71,9.810471153277996
10,72,9.513631882261791
10,73,9.512813471805
10,74,10.490871606636182
10,75,13.193727994475756
10,76,15.627934733965212
10,77,18.51702357393325
10,78,20.264174844455905
10,79,18.7772746103714
10,80,21.222259116656954
10,81,21.393739333544833
10,82,20.578795998736926
10,83,17.041401418511764
10,84,16.4783604124611
10,85,14.841913694035496
10,86,12.112095419359267
10,87,9.538426209872812
10,88,8.836618003327196
10,89,7.7526171827923305
10,90,10.416472178717616
10,91,11.405280067673033
10,92,15.187178360498361
10,93,17.691376011704612
10,94,20.741003978446578
10,95,21.342487228361534
10,96,18.231364852454185
10,97,15.058193190063083
10,98,11.920265521297612
10,99,9.31224454043174
10,100,6.603826222869728
10,101,7.177635425908197
10,102,7.487205446700031
10,103,10.971798124226053
10,104,12.040058059746565
10,105,15.672680849055093
10,106,18.257671447799765
10,107,21.42104301858014
10,108,24.747259193611043
10,109,25.928357800823882
10,110,26.03592770211302
10,111,23.521917881423917
10,112,25.17008387505159
11,1,29.085561382773694
11,2,25.361718574251
11,3,24.02140132262329
11,4,21.369015957139553
11,5,17.70232710417096
11,6,16.431879365932392
11,7,13.077461446046874
11,8,10.306781979432094
11,9,6.754221339450966
11,10,3.8083592302882825
11,12,2.9705397500691033
11,13,4.714295772036215
11,14,7.984779543269499
11,15,10.534757676423792
11,16,9.83485144047108
11,17,13.370102052739526
11,18,15.010096743399746
11,19,18.655100193179326
11,20,20.68433836287551
11,21,20.4184041872273
11,22,17.07246136539068
11,23,14.39746592327756
11,24,11.26596012627254
11,25,8.8843158138531
11,26,5.9802261883288
11,27,4.98873711649466
11,28,6.440242537003244
11,29,8.155917813789598
11,30,11.551663933877437
11,31,13.478251995395567
11,32,17.157687688373887
11,33,20.744378674811188
11,34,22.771546792963388
11,35,24.57161791900617
11,36,21.858954240171236
11,37,21.267666876429296
11,38,18.2575424961141
11,39,18.350417940252086
11,40,15.300268042668101
11,41,16.054620106441995
11,42,14.148967250045459
11,43,15.541265727317867
11,44,15.32953346022692
11,45,17.84608862752058
11,46,19.718768245893447
11,47,22.66602118425324
11,48,22.940727703035773
11,49,20.92443881341345
11,50,21.685899765541787
11,51,18.889272187067217
11,52,20.31318085965503
11,53,19.58690643190676
11,54,15.980315614060984
11,55,14.73738044377905
11,56,15.178583337597619
11,57,18.64680032956271
11,58,18.543500871635793
11,59,18.098286363485936
11,60,15.0446298669792
11,61,15.984322987791975
11,62,16.62518133483718
11,63,19.443805484473685
11,64,20.384585398667074
11,65,22.70301559151787
11,66,23.13615806247622
11,67,19.51333687549106
11,68,17.478434532041707
11,69,13.85331024793031
11,70,13.333638340435522
11,71,10.6133178366255
11,72,10.60478101201278
11,73,9.602807226425774
11,74,10.69637350007283
11,75,12.442103711437596
11,76,14.859613567744304
11,77,17.132396027474204
11,78,18.8675672024957
11,79,17.780550264592915
11,80,20.566961652771656
11,81,21.088374811669105
11,82,20.89231632691283
11,83,17.189486834893486
11,84,16.649081734312446
11,85,15.791268795088902
11,86,13.798396960517476
11,87,11.438560177449139
11,88,11.78856138041472
11,89,10.96561044846326
11,90,13.938302446771397
11,91,14.726219721023705
11,92,18.51455118545133
11,93,20.829548425791387
11,94,24.043744325265024
11,95,24.774596348775706
11,96,21.814907401597488
11,97,18.72912032095355
11,98,15.64531282354252
11,99,13.116677743733014
11,100,10.280767547886434
11,101,10.097301396845088
11,102,9.029437099494071
11,103,11.752666875519505
11,104,11.867350466076081
11,105,15.08105465220156
11,106,17.330770725215753
11,107,20.16015159401908
11,108,23.511763183392787
11,109,24.179249578910063
11,110,24.021059307142416
11,111,21.172538872769028
11,112,22.39045460371915
12,1,31.839271598879858
12,2,28.149899418500016
12,3,26.754004295354576
12,4,23.969048337794668
12,5,20.281901313469522
12,6,18.865057821391634
12,7,15.387411822979681
12,8,12.67308514893793
12,9,9.045513846413499
12,10,5.8415002379776215
12,11,2.9705397500691033
12,13,3.815259094179475
12,14,5.855665063201731
12,15,7.782762589997213
12,16,7.112704810593114
12,17,10.649272247286008
12,18,12.605201690827974
12,19,16.342252912945842
12,20,18.708171201162607
12,21,18.784810468849187
12,22,15.381978986407129
12,23,13.222687535921064
12,24,10.230779788000849
12,25,8.747686254707084
12,26,6.569474196639255
12,27,7.150054954021146
12,28,9.032701006369196
12,29,11.084143026880339
12,30,14.384002987467948
12,31,16.301260889904878
12,32,19.9766899599024
12,33,23.565844207601003
12,34,25.691430488225407
12,35,27.491385653604553
12,36,24.727072231400165
12,37,24.09653236118786
12,38,20.973820450451687
12,39,20.80876234543043
12,40,17.53938236998653
12,41,17.80301931450285
12,42,15.392858390133014
12,43,16.16468360233684
12,44,15.31440619082933
12,45,17.273423451239584
12,46,19.143199289459204
12,47,22.39415302797575
12,48,22.58542233180094
12,49,20.998338157752364
12,50,22.265380398617832
12,51,19.840718608549857
12,52,21.50280856830895
12,53,20.40850280842196
12,54,16.69794056362929
12,55,16.102216958829654
12,56,16.881862840296016
12,57,20.52269414949844
12,58,20.685075277710695
12,59,20.597883116188648
12,60,17.659017477608366
12,61,18.8268506607137
12,62,19.47046318373409
12,63,22.31218922525273
12,64,23.119561113478493
12,65,25.381054537202377
12,66,25.916170061030826
12,67,22.341538281177925
12,68,20.414892274452296
12,69,16.81055044595678
12,70,16.264030884618073
12,71,13.40631622171454
12,72,12.99945224050351
12,73,11.37151746884408
12,74,11.658065208693987
12,75,12.738990324901081
12,76,14.497519265353311
12,77,16.53685371679052
12,78,17.735766706629402
12,79,16.410880112931054
12,80,19.019487801187374
12,81,19.340145695268944
12,82,19.58797996225375
12,83,15.978181769714448
12,84,15.01977200060539
12,85,14.485101234989992
12,86,13.024159479272166
12,87,11.316600659048865
12,88,12.476813466850507
12,89,12.510526354828256
12,90,15.782563361740053
12,91,17.0696335614349
12,92,20.879470107995623
12,93,23.41115729516186
12,94,26.48158893687234
12,95,27.181466161706837
12,96,24.056902300282076
12,97,20.822142009479897
12,98,17.645751184952285
12,99,14.761430015735652
12,100,11.486106091493946
12,101,10.363134858327381
12,102,8.226673332089364
12,103,10.201577487241893
12,104,9.967698727730465
12,105,12.792091537118388
12,106,15.105127079671771
12,107,17.665994698065976
12,108,21.128772743758216
12,109,21.736060096753242
12,110,21.789922892554518
12,111,19.0034271678092
12,112,20.17174444088021
13,1,30.523101514184777
13,2,26.99053146674517
13,3,25.40303579540014
13,4,22.30291799927714
13,5,18.642275290746976
13,6,17.02800738302378
13,7,13.384045462317557
13,8,10.940910462074042
13,9,7.470327647053654
13,10,4.98245431382495
13,11,4.714295772036215
13,12,3.815259094179475
13,14,3.8127276719735237
13,15,7.268232298474351
13,16,8.020297534193823
13,17,11.768255495677364
13,18,14.368235036322817
13,19,18.169440436555476
13,20,20.552014230891952
13,21,21.16006643632184
13,22,18.040258792498648
13,23,16.11587893946226
13,24,12.778367053583205
13,25,11.64185376908623
13,26,8.743623998854755
13,27,9.019131768488739
13,28,9.39170642889265
13,29,11.14907055445361
13,30,13.730929671349527
13,31,15.56313545802318
13,32,19.05590389571607
13,33,22.652275007920434
13,34,25.23120873229718
13,35,26.903504746026364
13,36,24.015000693306437
13,37,23.705349000316893
13,38,20.54718895466839
13,39,20.472961659915203
13,40,17.249756286659782
13,41,17.25753504865108
13,42,14.966317837781375
13,43,15.3385669046195
13,44,14.926597154262103
13,45,16.789671273158596
13,46,19.315429968436803
13,47,22.555884457167338
13,48,23.378248400114398
13,49,21.967040201964977
13,50,23.158171673267052
13,51,20.57564873886032
13,52,22.697111688687592
13,53,22.10611598419361
13,54,18.32529259353025
13,55,17.541548237968147
13,56,18.755792679124564
13,57,22.273933126726906
13,58,22.622215588850086
13,59,22.148813557697185
13,60,19.269860724691334
13,61,19.971745168725796
13,62,20.528733536465626
13,63,22.97749371917013
13,64,23.63216252747047
13,65,25.44864983778153
13,66,25.568008223007258
13,67,22.007998227394395
13,68,20.435939153908645
13,69,17.068547012424563
13,70,16.71512015634438
13,71,14.470321639857405
13,72,14.090023494707383
13,73,13.194667123228376
13,74,13.323929589199336
13,75,15.086458787551196
13,76,16.668751697528855
13,77,19.190332536945355
13,78,20.13345676507462
13,79,18.231508502046115
13,80,20.32194223021539
13,81,19.981834937693076
13,82,19.904009195341505
13,83,16.55281748675681
13,84,15.022021059443432
13,85,13.61379482230024
13,86,11.537963307865255
13,87,10.350322520755878
13,88,10.908249839934925
13,89,11.415321961631355
13,90,14.322076331735618
13,91,15.92041856710847
13,92,19.631102455445962
13,93,22.251556478684048
13,94,25.144550545584817
13,95,25.433770781367063
13,96,22.059138406065728
13,97,18.851148945145614
13,98,15.407727837303023
13,99,12.45174171079675
13,100,8.854490172254126
13,101,7.734643226895285
13,102,5.957871953095486
13,103,8.65536519899133
13,104,9.862899224105904
13,105,12.904179307828311
13,106,15.923646702347368
13,107,18.555043777564833
13,108,22.173956570406023
13,109,23.30695626619361
13,110,23.892191839889804
13,111,21.484250569735682
13,112,22.914814188395354
14,1,33.952721839908904
14,2,30.502363778299625
14,3,28.79264854105588
14,4,25.590568091774777
14,5,21.958834667874378
14,6,20.313799399083404
14,7,16.638984625488447
14,8,14.288783959147509
14,9,11.066295018918218
14,10,8.530176256708199
14,11,7.984779543269499
14,12,5.855665063201731
14,13,3.8127276719735237
14,15,3.8052589014309643
14,16,5.787292322705322
14,17,9.201019777184579
14,18,12.398417865924094
14,19,16.132706875685752
14,20,18.82789573955222
14,21,20.056919797390282
14,22,17.144387374674075
14,23,16.000979742912023
14,24,12.923656101042292
14,25,12.89315881853907
14,26,10.708236075211861
14,27,12.032677242297886
14,28,12.774349415023527
14,29,14.875105170424701
14,30,17.37876628126868
14,31,19.275340547443328
14,32,22.691089032772336
14,33,26.27632917328652
14,34,28.955334319218657
14,35,30.547243249687018
14,36,27.565825753533225
14,37,27.178018726320374
14,38,23.888641732670422
14,39,23.49113494517504
14,40,20.071091420797035
14,41,19.497636603715893
14,42,16.727704599535684
14,43,16.280635741045227
14,44,15.173148630373031
14,45,16.17578392914306
14,46,18.77991616854501
14,47,22.301048940307393
14,48,23.169934642689704
14,49,22.36415857622541
14,50,24.102918581543225
14,51,21.98170890057823
14,52,24.417300483158005
14,53,23.53697351365404
14,54,19.724086084536573
14,55,19.607759101843115
14,56,21.226569340484797
14,57,24.869643167001467
14,58,25.552479816784334
14,59,25.419133878994874
14,60,22.69122593115594
14,61,23.63478720119837
14,62,24.281108711087676
14,63,26.776543561443596
14,64,27.373667338486758
14,65,29.129880277451267
14,66,29.2689536044664
14,67,25.746859293254364
14,68,24.23788321316146
14,69,20.87489537860771
14,70,20.39907480407656
14,71,17.99967393043462
14,72,17.20763952633099
14,73,15.815212310633996
14,74,15.176637233929284
14,75,16.356824453420675
14,76,17.120097890970218
14,77,19.441205522504113
14,78,19.65152747439791
14,79,17.321989675285746
14,80,18.899221158808484
14,81,18.04887756259723
14,82,18.439515612636292
14,83,15.442606752022938
14,84,13.189864748732182
14,85,11.990006629299756
14,86,10.675364958874514
14,87,10.711155964614605
14,88,12.163900959185714
14,89,13.68938214259505
14,90,16.755884069263477
14,91,18.892489030099004
14,92,22.52821795536978
14,93,25.390324628905017
14,94,28.036699877569735
14,95,28.292794578560816
14,96,24.763156702010658
14,97,21.431006778773217
14,98,18.02942618556593
14,99,14.778479372118007
14,100,11.003558922691763
14,101,8.737543773780159
14,102,5.677033097331663
14,103,6.716829662812373
14,104,7.964668550191702
14,105,10.254682418414438
14,106,13.584168755941786
14,107,15.802657406690306
14,108,19.542447365361507
14,109,20.82814192978029
14,110,21.89873514722577
14,111,19.829622003828046
14,112,21.327919691858256
15,1,37.70051533470392
15,2,34.21420224061921
15,3,32.51710795411831
15,4,29.362840925732332
15,5,25.708769336059333
15,6,24.087867153695868
15,7,20.420587671308958
15,8,17.98063923201391
15,9,14.693254976644443
15,10,11.821415830618054
15,11,10.534757676423792
15,12,7.782762589997213
15,13,7.268232298474351
15,14,3.8052589014309643
15,16,3.812265859347581
15,17,6.187965227766214
15,18,9.814715711873202
15,19,13.373230283612076
15,20,16.4594786997653
15,21,18.070391350965824
15,22,15.274233540343849
15,23,14.944213287489832
15,24,12.497244880842567
15,25,13.398532297823184
15,26,12.223925015136333
15,27,14.281061588709887
15,28,15.712500686392636
15,29,18.094125032183744
15,30,20.858923805665697
15,31,22.825758033431914
15,32,26.316997769575117
15,33,29.916571390728688
15,34,32.48091978451547
15,35,34.102218836751554
15,36,31.109949768949235
15,37,30.537882967365974
15,38,27.16987607515482
15,39,26.528961964687745
15,40,22.95812375063052
15,41,22.1203177168136
15,42,18.99181404180136
15,43,18.163705964232857
15,44,16.313581541666082
15,45,16.592007752955176
15,46,18.807548001939182
15,47,22.531822704369354
15,48,23.063731387572563
15,49,22.73610445741802
15,50,24.974626563435457
15,51,23.34898508527107
15,52,25.780163896718925
15,53,24.417619067441844
15,54,20.681182504850337
15,55,21.19469593025412
15,56,22.90017545680437
15,57,26.649845276882406
15,58,27.489861909033756
15,59,27.777361355823047
15,60,25.136943386965797
15,61,26.426356677633038
15,62,27.145573088391327
15,63,29.83204942761251
15,64,30.43139546924472
15,65,32.33674889426624
15,66,32.6946484905869
15,67,29.181905009113756
15,68,27.57172528958493
15,69,24.099852960006622
15,70,23.492822447367825
15,71,20.75997511647085
15,72,19.714341110295493
15,73,17.72207185413997
15,74,16.600325400503564
15,75,16.95212795070665
15,76,17.015018885647134
15,77,18.801567769994147
15,78,18.374498432417532
15,79,15.978655593099743
15,80,17.27494685551645
15,81,16.29659901662382
15,82,17.437935469249812
15,83,14.72860042660476
15,84,12.138454256203094
15,85,11.853682736074802
15,86,11.744074300747318
15,87,12.422556416103406
15,88,14.707768740820883
15,89,16.595294408139704
15,90,19.912141309792826
15,91,22.235103987067195
15,92,25.890134121639058
15,93,28.874420928745376
15,94,31.45686231533857
15,95,31.876267791281172
15,96,28.346773623468774
15,97,24.91446246953114
15,98,21.630644350523397
15,99,18.234866115807282
15,100,14.489899182661244
15,101,11.746586889178255
15,102,8.141006878133087
15,103,7.3094464003401995
15,104,7.25628548164365
15,105,8.134903363638262
15,106,11.233842829472318
15,107,12.786651140655376
15,108,16.585661000764407
15,109,17.662189510258838
15,110,18.972720027099907
15,111,17.067876057230475
15,112,18.435520229859844
16,1,37.996902349188886
16,2,34.41250489621028
16,3,32.6075130137812
