1,2,3.8130212304074083
1,3,6.163756978673654
1,4,9.569787203558871
1,5,11.739782572543993
1,6,15.199654315734033
1,7,17.52513597091235
1,8,20.897251328394752
1,9,24.024735957577438
1,10,26.54843183087347
1,11,29.265328617841476
1,12,28.020667719012575
1,13,31.435065758905733
1,14,35.15945918874334
1,15,35.156275856462386
1,16,38.77161036372539
1,17,40.30512864505286
1,18,43.731768537270675
1,19,44.63890061007565
1,20,43.91432942695006
1,21,41.56396905855445
1,22,38.30143874802869
1,23,35.23346204718188
1,24,31.886523205901852
1,25,28.57974187183777
1,26,25.349808008501928
1,27,21.94059156619044
1,28,19.178813645095893
1,29,15.553325930769471
1,30,13.076390725929889
1,31,9.352093478497608
1,32,6.470384302193238
1,33,7.387990574133259
1,34,6.2919685424387515
1,35,7.135739614057832
1,36,10.752012950185547
1,37,13.253778970316178
1,38,16.672197694931622
1,39,19.50491984123734
1,40,22.335527761049473
1,41,25.23039568502841
1,42,27.959190163743955
1,43,31.423224295172155
1,44,34.72267032439435
1,45,37.079485059679676
1,46,38.057471462212625
1,47,39.40136623601545
1,48,36.297226779826254
1,49,33.673756406734405
1,50,29.924985644905508
1,51,30.969304420920984
1,52,33.045174055880054
1,53,31.387666847995096
1,54,27.656681934476875
1,55,26.718511806760507
1,56,26.73694992717796
1,57,25.017405473342297
1,58,21.655032478536857
1,59,21.003798253500225
1,60,17.82306785796355
1,61,17.512718379639487
1,62,15.408214903385586
1,63,15.80235988884706
1,64,14.664616321122903
1,65,10.940311561584828
1,66,11.058987998959427
1,67,11.983609454698747
1,68,14.881166495618327
1,69,16.04390872136369
1,70,19.762571846017263
1,71,22.11152497386178
1,72,25.82000387837388
1,73,28.584047016088338
1,74,32.09626862351497
1,75,35.280487408527954
1,76,38.55051376744675
1,77,40.910479565982435
1,78,40.45852218687444
1,79,42.570423441031394
1,80,43.058677985480166
1,81,41.04242777603074
1,82,37.901124985557324
1,83,38.350945604061444
1,84,35.972834617243294
1,85,32.33554440511591
1,86,29.521619628253404
1,87,25.915181313825443
1,88,22.745725178520694
1,89,20.051018956131735
1,90,16.650864661299494
1,91,15.028173946450485
1,92,11.680285345975932
1,93,12.814446215994039
1,94,10.862346058358705
1,95,11.888544370469765
1,96,14.953792025110317
1,97,16.447195475319102
1,98,19.99346089146075
1,99,22.554592861714827
1,100,26.332489060302198
1,101,29.234236803781343
1,102,33.00399807967608
1,103,35.21912678377119
1,104,39.042209534185204
1,105,41.419152332454736
1,106,45.039112831626234
1,107,48.169304006421406
1,108,49.32413900080947
1,109,50.15706217061673
1,110,47.68062040378028
2,1,3.8130212304074083
2,3,3.818767601691712
2,4,7.138594493371412
2,5,10.242593068429617
2,6,13.157409451342524
2,7,14.96406805998692
2,8,18.547768436619403
2,9,21.47142130940623
2,10,24.262758650570476
2,11,26.942421117079157
2,12,25.625241013519876
2,13,28.98255431659906
2,14,32.652075125037726
2,15,32.508513770870245
2,16,36.0368487275526
2,17,37.47488382769668
2,18,40.819391777339604
2,19,41.54984427972665
2,20,40.86165210435115
2,21,38.68572159073909
2,22,35.46489716614629
2,23,32.33551443643172
2,24,29.138706866152603
2,25,25.76988382681978
2,26,22.738118684324245
2,27,19.214276127624828
2,28,16.87378706963229
2,29,13.17046396075786
2,30,11.468250496133448
2,31,7.779251106526887
2,32,6.336880758798953
2,33,7.899296032563926
2,34,6.1030671604244935
2,35,4.824357987677941
2,36,7.946538215612191
2,37,9.981731816796193
2,38,13.169705214954378
2,39,16.016234216457548
2,40,18.67134658449715
2,41,21.643014329036713
2,42,24.321891798283097
2,43,27.848896186930737
2,44,31.127119954342156
2,45,33.45970863218481
2,46,34.352725872430625
2,47,35.77313070644686
2,48,32.735785435878384
2,49,30.084905260977337
2,50,26.370223890596172
2,51,27.581669433618302
2,52,29.746904774917223
2,53,28.12683924170471
2,54,24.417743784907664
2,55,23.77936355797193
2,56,23.872237013315566
2,57,22.53454840426472
2,58,19.307075159118455
2,59,19.05486218148984
2,60,16.313969443687018
2,61,16.71992634308945
2,62,15.412186958278
2,63,16.40773357747138
2,64,16.143711385746844
2,65,12.49600238295903
2,66,11.42663820287239
2,67,11.338143809770218
2,68,13.473781804129324
2,69,13.848694161558873
2,70,17.39659431026605
2,71,19.309162089402953
2,72,23.02062030342113
2,73,25.530411026364458
2,74,29.130497797259505
2,75,32.163673098280945
2,76,35.51875482770296
2,77,37.81051451265521
2,78,37.24759768397282
2,79,39.23515771629402
2,80,39.67518145322104
2,81,37.5302612522638
2,82,34.47825038165489
2,83,35.01636477240021
2,84,32.61127832897984
2,85,29.00895062083758
2,86,26.185028776516177
2,87,22.534125755306224
2,88,19.37831936736314
2,89,16.496131946449108
2,90,13.12602991832104
2,91,11.255928104893991
2,92,7.90491025783461
2,93,9.175256650764235
2,94,7.505215023555759
2,95,8.397895207190343
2,96,11.388974336819441
2,97,13.234400518565396
2,98,16.75365338107909
2,99,19.586547030774653
2,100,23.288606446224716
2,101,26.294673143484115
2,102,29.99952674817078
2,103,32.19950721738693
2,104,36.01072724002744
2,105,38.32511208685962
2,106,41.98775201885508
2,107,45.045719366594
2,108,46.35562935659554
2,109,47.26246674231332
2,110,44.920568179368615
3,1,6.163756978673654
3,2,3.818767601691712
3,4,3.828131971934434
3,5,6.73439810937195
3,6,9.692982220237445
3,7,11.93246642339314
3,8,15.531803852156811
3,9,18.732721449520742
3,10,21.642271180914932
3,11,24.18402215243569
3,12,22.55743253643979
3,13,25.802064641974997
3,14,29.53428025167948
3,15,29.68396481697799
3,16,33.29622582640596
3,17,35.00864056998039
3,18,38.46403804087903
3,19,39.41473042787834
3,20,39.001306991086075
3,21,36.730443420497245
3,22,33.68861323755343
3,23,30.380504507024266
3,24,27.235543157017457
3,25,23.69314568771526
3,26,20.79670844510277
3,27,17.131442971890465
3,28,14.735715987604571
3,29,10.920278054908223
3,30,9.204587518338814
3,31,6.10942336360558
3,32,6.152533868439136
3,33,9.23280211340839
3,34,8.790248631170135
3,35,6.543801862037333
3,36,9.30041150758251
3,37,9.985382935174057
3,38,13.049636654546152
3,39,15.137264714591371
3,40,17.63099296341814
3,41,20.12929743102618
3,42,22.550175133443673
3,43,25.98852410569277
3,44,29.135899272364444
3,45,31.737116126270983
3,46,32.98776290473582
3,47,34.56199027151181
3,48,31.662473866041893
3,49,29.34210231291449
3,50,25.721781936721705
3,51,27.32497054967203
3,52,29.170187102023526
3,53,27.13986245947727
3,54,23.59212359716123
3,55,23.28437404741473
3,56,23.98350155612775
3,57,22.790528721481653
3,58,19.413542205414135
3,59,18.783098478642447
3,60,16.238005425088367
3,61,16.45318405494474
3,62,15.471836507680553
3,63,16.00868177636307
3,64,16.062907351557172
3,65,12.426212705754294
3,66,10.631582860260952
3,67,10.86846247467418
3,68,12.352591751499755
3,69,12.945490664226238
3,70,16.201923048498514
3,71,18.190932629447847
3,72,21.690021462724722
3,73,24.080279814463772
3,74,27.75892878287354
3,75,30.70121735876706
3,76,34.175523019905164
3,77,36.19047321389647
3,78,35.377563142430574
3,79,37.26966212233363
3,80,37.49097430700015
3,81,35.537980637992746
3,82,32.43853262024553
3,83,32.62887808854702
3,84,30.094843209463928
3,85,26.398949247688268
3,86,23.764512938007655
3,87,20.11311897220123
3,88,17.187760470256013
3,89,14.496309316892878
3,90,11.449180817657794
3,91,10.285402923365028
3,92,7.947567392121099
3,93,9.877326634048163
3,94,7.842702417426862
3,95,6.9373166475388715
3,96,9.375934959064027
3,97,10.36474251340618
3,98,13.943516172317107
3,99,16.50921733764879
3,100,20.28793824174658
3,101,23.317573453542593
3,102,27.078821457381707
3,103,29.482919464065045
3,104,33.29569122620096
3,105,35.83351165177138
3,106,39.406717123259426
3,107,42.610106889342035
3,108,43.918396802548315
3,109,45.00178800696025
3,110,42.72761230830359
4,1,9.569787203558871
4,2,7.138594493371412
4,3,3.828131971934434
4,5,3.8268136377012354
4,6,6.044488801606215
4,7,8.125925701841066
4,8,11.70376228149069
4,9,14.938284849674522
4,10,17.869802554073438
4,11,20.37348774245316
4,12,18.738376840625566
4,13,22.022200599171242
4,14,25.749390224935965
4,15,25.892040074425495
4,16,29.527521716083623
4,17,31.298726543850663
4,18,34.7996885492121
4,19,35.87763546964144
4,20,35.55261882145756
4,21,33.19447384062114
4,22,30.23532276212227
4,23,26.86736866951899
4,24,23.731263360801705
4,25,20.135325560506388
4,26,17.304134474574543
4,27,13.611731453628426
4,28,11.235580904822697
4,29,7.447930217594356
4,30,6.213465510855846
4,31,4.463011556003117
4,32,6.792641515906225
4,33,10.24081518633107
4,34,10.63032491586807
4,35,7.6653721978049
4,36,9.47561340974968
4,37,8.813244573784885
4,38,11.639229630863882
4,39,12.87697898359841
4,40,15.39969266138933
4,41,17.414209746948714
4,42,19.815377963326455
4,43,23.049732700536193
4,44,26.21241945699292
4,45,28.86083752727759
4,46,30.404293817052817
4,47,31.904819148208606
4,48,29.025842560832455
4,49,27.009604310764427
4,50,23.468147948737208
4,51,25.24050064451193
4,52,26.714592588990634
4,53,24.360874942821535
4,54,20.968855015262008
4,55,20.823309999534896
4,56,22.03437687924403
4,57,20.93784258165034
4,58,17.515235840643022
4,59,16.61509114279643
4,60,14.458713080615421
4,61,14.77461910971062
4,62,14.494720083945131
4,63,15.048030210702995
4,64,15.881066919612536
4,65,12.676324392374513
4,66,9.900522294872069
4,67,9.653820957416354
4,68,10.036542545624425
4,69,10.489859163881176
4,70,13.312413199357573
4,71,15.306115571908096
4,72,18.582975274200756
4,73,20.925864576486525
4,74,24.595392620969342
4,75,27.51216968945859
4,76,31.009866648470023
4,77,32.88264373851922
4,78,32.00650061463928
4,79,33.94170630623498
4,80,34.161859293095034
4,81,32.405464098338015
4,82,29.19405278509697
4,83,29.25736929820778
4,84,26.815786903396162
4,85,23.131383292747156
4,86,20.447965687380307
4,87,16.915285312472147
4,88,13.991055380711012
4,89,11.772250925838314
4,90,8.898380492108224
4,91,8.964669632544098
4,92,7.866511645979086
4,93,10.726491110968626
4,94,9.528442407102794
4,95,7.158530372387395
4,96,7.9357563535480855
4,97,7.708166277958726
4,98,10.896209049556187
4,99,13.062365585353419
4,100,16.863758466395236
4,101,19.7143620093287
4,102,23.50505467279703
4,103,25.851599290583998
4,104,29.66810069023674
4,105,32.23589764367593
4,106,35.77602487398975
4,107,39.026934064202564
4,108,40.25389662273319
4,109,41.349848340207686
4,110,39.06806228268057
5,1,11.739782572543993
5,2,10.242593068429617
5,3,6.73439810937195
5,4,3.8268136377012354
5,6,3.8180884700577447
5,7,7.218236605765709
5,8,10.102589253653587
5,9,13.758628981990038
5,10,16.361846480520985
5,11,18.7193116301316
5,12,16.93810906208311
5,13,20.17138294476214
5,14,23.96333689112218
5,15,24.4850593844931
5,16,28.24410571501965
5,17,30.32827146133584
5,18,33.976824309601234
5,19,35.44090632449966
5,20,35.31963196518349
5,21,32.70764356324668
5,22,29.91697190363841
5,23,26.510960171699445
5,24,23.32590420809753
5,25,19.740060823221764
5,26,16.923932918243445
5,27,13.441558321005282
5,28,10.65256864936161
5,29,7.365248903956923
5,30,5.390721768286317
5,31,5.561617698377225
5,32,8.035525837870878
5,33,11.74765232567844
5,34,13.170370974373558
5,35,10.73420248047268
5,36,12.695614868015358
5,37,11.791069570291384
5,38,14.492456217324454
5,39,14.994485352598454
5,40,17.446887920230246
5,41,18.79224837731823
5,42,20.964956832000876
5,43,23.85548936300114
5,44,26.872017318491505
5,45,29.675490445955955
5,46,31.63350966686889
5,47,33.09338859137736
5,48,30.298689734572633
5,49,28.686422577839757
5,50,25.287530647648104
5,51,27.160373539448447
5,52,28.17326998577188
5,53,25.43990194760507
5,54,22.297421573586334
5,55,22.142816463799864
5,56,23.828464201776356
5,57,22.549448188942
5,58,18.998335408980957
5,59,17.42174530936615
5,60,15.253302337042545
5,61,14.837607365859213
5,62,14.489482039846578
5,63,14.198066930508848
5,64,15.049734689387835
5,65,12.204034403217115
5,66,9.31211807892216
5,67,9.96074475284522
5,68,9.995015681113209
5,69,11.362364068584293
5,70,13.736428457822527
5,71,16.135683351601415
5,72,19.00265285307733
5,73,21.420882222593377
5,74,24.942856029809224
5,75,27.870944556052986
5,76,31.314023300773645
5,77,32.966619279314095
5,78,32.01081995049607
5,79,33.997725820741444
5,80,34.11557126278277
5,81,32.74348398775377
5,82,29.41284338303733
5,83,29.083567925402193
5,84,26.684262331035693
5,85,23.00137903491205
5,86,20.524343354560596
5,87,17.27399073246945
5,88,14.687979835913232
5,89,13.257984065144402
5,90,10.987972090217392
5,91,12.015825494678182
5,92,11.530792372679857
5,93,14.45191396469946
5,94,13.091448314969776
5,95,10.366972099158577
5,96,10.48059998294746
5,97,8.868999578381452
5,98,11.39360790892541
5,99,12.516437298836713
5,100,16.2651953093226
5,101,18.780989598198687
5,102,22.604558518041507
5,103,25.03268019858377
5,104,28.798559680612982
5,105,31.569434840049105
5,106,34.94201230138592
5,107,38.35895081564552
5,108,39.37761807611308
5,109,40.523210150262926
5,110,38.17267644970994
6,1,15.199654315734033
6,2,13.157409451342524
6,3,9.692982220237445
6,4,6.044488801606215
6,5,3.8180884700577447
6,7,3.812380799080209
6,8,6.525304274428263
6,9,10.23601669607414
6,10,13.07959558207222
6,11,15.263155007689893
6,12,13.252896215969326
6,13,16.435296649112114
6,14,20.225327428242466
6,15,20.770004211059774
6,16,24.521612187004212
6,17,26.687805735237454
6,18,30.34610597812554
6,19,31.861389033375993
6,20,31.913342666835113
6,21,29.331548686774443
6,22,26.713924395429633
6,23,23.201551157704234
6,24,20.190397747878283
6,25,16.523702467229498
6,26,14.068141317891063
6,27,10.623199562208526
6,28,8.402742073879118
6,29,5.872938569594476
6,30,5.854312687356202
6,31,7.770633306142561
6,32,11.089046914298624
6,33,14.511166289308976
6,34,15.850621887669357
6,35,12.924578093724094
6,36,13.93855897713828
6,37,11.99602519023225
6,38,13.900517140126142
6,39,13.425172866887571
6,40,15.47385921432371
6,41,16.160025434414354
6,42,18.064316473202076
6,43,20.68840540372916
6,44,23.588542421671
6,45,26.45942273977013
6,46,28.663047418428796
6,47,30.13669937675376
6,48,27.488615072908722
6,49,26.215047970099487
6,50,23.03228633480321
6,51,25.160118007663662
6,52,25.842777413662315
6,53,22.852628176792614
6,54,20.017275393739208
6,55,20.26870751081365
6,56,22.44057724988427
6,57,21.528777584860737
6,58,18.21421267406599
6,59,16.685140062520677
6,60,15.28231772082055
6,61,15.29449723836201
6,62,15.84298096091955
6,63,15.822860872367428
6,64,17.387843709901556
6,65,15.041315190805081
6,66,11.681627049225527
6,67,11.526264486647241
6,68,10.222610216452196
6,69,10.869522348598736
6,70,12.246673912874686
6,71,14.179736698337642
6,72,16.5620178610934
6,73,18.6287276020656
6,74,22.115453251427592
6,75,24.836568404206897
6,76,28.329085716501684
6,77,29.72968313640832
6,78,28.589160484300923
6,79,30.485881226738368
6,80,30.502612427324927
6,81,29.272284096530065
6,82,25.927684894056217
6,83,25.430862895869712
6,84,23.06171049365047
6,85,19.414093188528955
6,86,17.014990953143737
6,87,13.955873170031504
6,88,11.66964847220376
6,89,10.912239818454049
6,90,9.475881719259416
6,91,11.515215143367058
6,92,12.224144323032643
6,93,15.276745495354202
6,94,14.499119923988195
6,95,11.160272890045581
6,96,9.905085341092683
6,97,7.137761184074995
6,98,8.560797108378992
6,99,8.963822796475286
6,100,12.62119787303177
6,101,14.992357952176764
6,102,18.81181524256273
6,103,21.25745375043027
6,104,25.00947763941141
6,105,27.838072453411918
6,106,31.17442668108608
6,107,34.62219574498532
6,108,35.67460535974642
6,109,36.924284781198324
6,110,34.6768748071702
7,1,17.52513597091235
7,2,14.96406805998692
7,3,11.93246642339314
7,4,8.125925701841066
7,5,7.218236605765709
7,6,3.812380799080209
7,8,3.8179582313389986
7,9,6.968854832606887
7,10,10.229816894637375
7,11,12.474803539579234
7,12,10.69113111905723
7,13,14.030686975252342
7,14,17.699803083667373
7,15,17.77351990436321
7,16,21.43326910174763
7,17,23.352806841041048
7,18,26.93576738298795
7,19,28.27803652154466
7,20,28.243038495574343
7,21,25.75995948870698
7,22,23.111687333394354
7,23,19.567024206909647
7,24,16.633951697797745
7,25,12.901019780058611
7,26,10.650020664444707
7,27,7.109973375580432
7,28,5.850122702276227
7,29,4.434600973762611
7,30,6.788938132847472
7,31,9.299625492954242
7,32,13.055534592380647
7,33,15.973805502627714
7,34,17.050154550443704
7,35,13.770870379082318
7,36,13.742464785250727
7,37,10.959213784382422
7,38,12.00366349685015
7,39,10.644555069898953
7,40,12.472345600567154
7,41,12.707224947253238
7,42,14.70053759756147
7,43,17.139071751365865
7,44,20.169171076801337
7,45,22.8816442807436
7,46,25.127150624312016
7,47,26.456971224639627
7,48,23.78488530450838
7,49,22.654532618851167
7,50,19.577035957625945
7,51,21.76884240341131
7,52,22.24618943571326
7,53,19.156094058429304
7,54,16.47988285115749
7,55,17.00246462494926
7,56,19.467668112824967
7,57,18.913798685399257
7,58,15.920420233442648
7,59,14.690042281013547
7,60,14.125295362883218
7,61,14.862873719583733
7,62,16.302021204249495
7,63,16.9367062570078
7,64,19.153779649244647
7,65,17.164283728559933
7,66,13.478195328062016
7,67,12.28088100528155
7,68,9.930620660234135
7,69,9.41988759177467
7,70,9.785036792535099
7,71,11.038955706695283
7,72,13.10691396713996
7,73,14.913785142716566
7,74,18.427318621022653
7,75,21.06162195648563
7,76,24.59327463472862
7,77,25.980713951187965
7,78,24.852414677169854
7,79,26.794972042585407
7,80,26.95221392616266
7,81,25.69046977594148
7,82,22.280803229221604
7,83,21.98826426712503
7,84,19.812540608062243
7,85,16.262520285821058
7,86,13.549773819566086
7,87,10.61650517180077
7,88,8.137077513890128
7,89,8.15182231423799
7,90,7.314805516441199
7,91,10.347995188459198
7,92,11.979388518448438
7,93,15.171329677109677
7,94,15.283466719731157
7,95,11.856775841250968
7,96,9.542094032545489
7,97,6.522215458759878
7,98,6.412263551123429
7,99,6.379927948719593
7,100,9.864210586811547
7,101,12.027509848613752
7,102,15.828224336182739
7,103,17.99955252269614
7,104,21.801648225640086
7,105,24.439411617223005
7,106,27.889799277719447
7,107,31.23560680468914
7,108,32.33417154304477
7,109,33.52040073876861
7,110,31.305822194844154
8,1,20.897251328394752
8,2,18.547768436619403
8,3,15.531803852156811
8,4,11.70376228149069
8,5,10.102589253653587
8,6,6.525304274428263
8,7,3.8179582313389986
8,9,3.8180776671561865
8,10,6.726355051248247
8,11,8.81517351673843
8,12,7.1338315791140925
8,13,10.699172886694985
8,14,14.339775795833706
8,15,14.442893608736492
8,16,18.188057562331995
8,17,20.262365780090235
8,18,23.950817090285543
8,19,25.632005852607385
8,20,25.7252698562295
8,21,23.003649955356565
8,22,20.549709953765866
8,23,17.02867410557378
8,24,14.130876967946795
8,25,10.546907274661425
8,26,8.643663224190787
8,27,6.0534431741602726
8,28,5.471905575456242
8,29,6.492938550870211
8,30,8.87385563989324
8,31,12.163692546441334
8,32,15.887313303599989
8,33,18.592147067809055
8,34,20.09025245587491
8,35,17.00840108387149
8,36,16.796846776795036
8,37,13.888238462686209
8,38,14.567439326326998
8,39,12.470849072232326
8,40,13.99108457944499
8,41,13.251404937771639
8,42,14.92905583883079
8,43,16.591790976757814
8,44,19.42827872083751
8,45,22.03225291628062
8,46,24.690271708025296
8,47,25.762152641340585
8,48,23.205219090020236
8,49,22.645770468149603
8,50,19.912423204252224
8,51,22.060350103880527
8,52,21.87357630251967
8,53,18.433283082228233
8,54,16.306762969790135
8,55,16.87678108421676
8,56,19.86348873388171
8,57,19.321066382049356
8,58,16.572290689097045
8,59,14.932344570950388
8,60,14.940730692078649
8,61,15.443756541406309
8,62,17.339457610593065
8,63,17.741469736793057
8,64,20.338105409166207
8,65,18.96315179915048
8,66,15.242388714829149
8,67,14.059515075704967
8,68,11.09757785818241
8,69,10.75664284353062
8,70,9.913059893449363
8,71,11.011733574135398
8,72,12.053742355006712
8,73,13.673054990730018
8,74,16.7839721131703
8,75,19.313094817624528
8,76,22.680172644072215
8,77,23.80409381969172
8,78,22.673642139836314
8,79,24.743178758317907
8,80,24.954508805564807
8,81,24.181107150724102
8,82,20.63038715715136
8,83,20.06447877585777
8,84,18.249937349538833
8,85,14.980439584971018
8,86,12.395262385515522
8,87,10.381470532004398
8,88,8.620991238400796
8,89,10.16141124683252
8,90,10.173574394909913
8,91,13.635694335401771
8,92,15.521090850369061
8,93,18.762138588816725
8,94,19.065699014379025
8,95,15.614183369563104
8,96,13.037537799319654
8,97,9.773348760094391
8,98,8.391687690858362
8,99,6.468864244275333
8,100,8.868477297007834
8,101,9.882710396464851
8,102,13.535096063200713
8,103,15.40769009673367
8,104,19.11933206401529
8,105,21.779671457576125
8,106,25.087319698634396
8,107,28.515986180710897
8,108,29.346359050596575
8,109,30.484298661902738
8,110,28.18190302727175
9,1,24.024735957577438
9,2,21.47142130940623
9,3,18.732721449520742
9,4,14.938284849674522
9,5,13.758628981990038
9,6,10.23601669607414
9,7,6.968854832606887
9,8,3.8180776671561865
9,10,3.8201840011070027
9,11,5.756475533619977
9,12,4.951739124977384
9,13,8.572115851241369
9,14,11.786151022490852
9,15,11.1718218303025
9,16,14.801364728819342
9,17,16.603455256021107
9,18,20.2523005144791
9,19,21.889317292517468
9,20,21.92097489648703
9,21,19.18787559153449
9,22,16.780238015737236
9,23,13.235606341504306
9,24,10.461370503171167
9,25,6.919618555723367
9,26,5.830985022062788
9,27,4.665440206834738
9,28,6.257547478335378
9,29,8.780208311911018
9,30,11.771876382567289
9,31,15.087967516407533
9,32,18.849091460893423
9,33,21.157889573569683
9,34,22.53216119152019
9,35,19.395631336457228
9,36,18.5381719187466
9,37,15.291210121555894
9,38,15.194907047978841
9,39,12.345081284599631
9,40,13.359945534420426
9,41,11.756020793572143
9,42,13.243680558726016
9,43,14.167094368978196
9,44,16.961210792036454
9,45,19.24099865535232
9,46,22.076117813281655
9,47,22.83728046517592
9,48,20.33702362782479
9,49,20.209908920692946
9,50,17.835057037500754
9,51,19.93172497416374
9,52,19.216940314036684
9,53,15.58205901256487
9,54,14.024960538839284
9,55,14.877848074021834
9,56,18.266382110255922
9,57,18.101293273431143
9,58,15.932446338032051
9,59,14.538802942986461
9,60,15.496286151760447
9,61,16.46627957543776
9,62,19.00627293289669
9,63,19.79359759224453
9,64,22.789455127327027
9,65,21.778039120476038
9,66,18.001830448175667
9,67,16.289012924642144
9,68,12.840846085886211
9,69,11.770429551858669
9,70,9.672672501681395
9,71,9.747228188043826
9,72,9.610831938883107
9,73,10.654260603690584
9,74,13.446500494722457
9,75,15.783013441019675
9,76,19.079712106000645
9,77,20.065590251046213
9,78,18.973121866672205
9,79,21.176431782888965
9,80,21.601739946448415
9,81,21.03520916646071
9,82,17.370658500787815
9,83,16.94397092681689
9,84,15.621341970225068
9,85,12.77273139144485
9,86,9.991293485961837
9,87,8.98915713881733
9,88,7.7699216192997955
9,89,10.579359554083851
9,90,11.351971434344586
9,91,15.113809368503514
9,92,17.448787920137445
9,93,20.615897435316032
9,94,21.48103140129628
9,95,18.124491692738562
9,96,15.125368726131141
9,97,12.090350269504402
9,98,9.735730330442463
9,99,7.227999267120576
9,100,8.075987532354425
9,101,7.812589951413807
9,102,11.035987139380378
9,103,12.230894235603357
9,104,15.90437936273302
9,105,18.293289725287487
9,106,21.662110896307354
9,107,24.99457933583403
9,108,25.74295913850388
9,109,26.769260502041714
9,110,24.44929828631068
10,1,26.54843183087347
10,2,24.262758650570476
10,3,21.642271180914932
10,4,17.869802554073438
10,5,16.361846480520985
10,6,13.07959558207222
10,7,10.229816894637375
10,8,6.726355051248247
10,9,3.8201840011070027
10,11,2.9749953525155273
10,12,4.84675534551687
10,13,8.172925072610564
10,14,10.707974449927576
10,15,9.65325734615533
10,16,13.16604756590278
10,17,14.807736105628459
10,18,18.49176369592453
10,19,20.52476644628982
10,20,20.39812146966821
10,21,17.247039577244863
10,22,14.895864627891008
10,23,11.737359023860357
10,24,8.798737372350708
10,25,6.2566373431277125
10,26,5.48843234055261
10,27,6.581308714736556
10,28,7.830322444872173
10,29,11.155449101803795
10,30,13.700929278284864
10,31,17.30760146256991
10,32,20.8936768046882
10,33,22.885217797464794
10,34,24.650098050632554
10,35,21.828751301022194
10,36,20.97308230893999
10,37,17.932087315274284
10,38,17.941487277885997
10,39,15.063251339767936
10,40,16.228596126917818
10,41,14.374973647569671
10,42,15.844557922866345
10,43,16.042378932344477
10,44,18.64189133183148
10,45,20.461265520625457
10,46,23.458522851921092
10,47,23.704701552924096
10,48,21.20987363185263
10,49,21.511185493461547
10,50,19.425409934181893
10,51,21.07591673456976
10,52,19.7417642007461
10,53,16.018716202862304
10,54,14.986451312244242
10,55,15.372591462591107
10,56,18.93856282702992
10,57,18.48468321328873
10,58,16.547478877778207
10,59,14.672999168940379
10,60,15.96979233398618
10,61,16.569967760533327
10,62,19.361600991861472
10,63,19.971801287109795
10,64,23.2237372137712
10,65,22.833148554133828
10,66,19.188225850295705
10,67,17.509286462566077
10,68,13.885937216041988
10,69,13.19834610272073
10,70,10.52534465886961
10,71,10.803282829338837
10,72,9.701206293666269
10,73,10.856228016791428
10,74,12.739596269218453
10,75,15.128585938621079
10,76,17.927827819859782
10,77,18.858736603034107
10,78,18.17151503839007
10,79,20.745050826015294
10,80,21.533090582841613
10,81,21.551247098377445
10,82,17.801780476639134
10,83,17.371745892634628
10,84,16.79866157799052
10,85,14.60272676073687
10,86,12.054630684337074
10,87,12.024805918056591
10,88,11.085432448640494
10,89,14.153514149844383
10,90,14.721494545158915
10,91,18.51578486965118
10,92,20.619438900529353
10,93,23.954298032276352
10,94,24.918663488576904
10,95,21.667577576328934
10,96,18.807923188019274
10,97,15.82998881144631
10,98,13.553459310914056
10,99,10.871481486058661
10,100,11.058030047826966
10,101,9.596717200094865
10,102,11.95243449324894
10,103,12.189731032197932
10,104,15.439378800480863
10,105,17.473013327659608
10,106,20.59994556387091
10,107,23.864706156330445
10,108,24.067799815434597
10,109,24.744082350508478
10,110,22.102830890017657
11,1,29.265328617841476
11,2,26.942421117079157
11,3,24.18402215243569
11,4,20.37348774245316
11,5,18.7193116301316
11,6,15.263155007689893
11,7,12.474803539579234
11,8,8.81517351673843
11,9,5.756475533619977
11,10,2.9749953525155273
11,12,3.822896295845774
11,13,5.987396341154738
11,14,7.947230562624261
11,15,6.9300975891337675
11,16,10.484928769884824
11,17,12.479531311753046
11,18,16.243579175264344
11,19,18.599309436461592
11,20,18.868168713270965
11,21,15.689999653579049
11,22,13.894231221476618
11,23,10.789636921903357
11,24,8.635170460107142
11,25,6.846297015398054
11,26,7.58808293906801
11,27,9.139243478142879
11,28,10.752774137216363
11,29,13.945029451102513
11,30,16.478789359241446
11,31,20.09634791920834
11,32,23.70863679209447
11,33,25.804759052152566
11,34,27.55757996753421
11,35,24.669227156389997
11,36,23.78035154865793
11,37,20.621842279977937
11,38,20.371315818092544
11,39,17.256378352923107
11,40,17.923512747178425
11,41,15.560019780478763
11,42,16.406511212001494
11,43,16.006675521806375
11,44,18.097676564542287
11,45,19.886200735511544
11,46,23.160249957986206
11,47,23.394597176982153
11,48,21.2717928089082
11,49,22.077869316111297
11,50,20.441960342102657
11,51,22.243011171600962
11,52,20.55827340373526
11,53,16.769154197199224
11,54,16.36329643240559
11,55,17.132619285421413
11,56,20.845297594270857
11,57,20.69596014077701
11,58,19.08203899981182
11,59,17.353813601903397
11,60,18.851830531047792
11,61,19.43354060908143
11,62,22.231107167805288
11,63,22.699393464683038
11,64,25.918304742990458
11,65,25.59233054009137
11,66,21.98508424694277
11,67,20.44029231104454
11,68,16.844294138045978
11,69,16.14031570834243
11,70,13.355721765628392
11,71,13.220220142284607
11,72,11.526848231117684
11,73,11.86123594400808
11,74,13.164653310698863
11,75,14.91708215611803
11,76,17.505107447381203
11,77,17.85867881623997
11,78,16.88294160373941
11,79,19.260859262865203
11,80,19.84371006546881
11,81,20.30260072830895
11,82,16.673129717701578
11,83,15.800927293805238
11,84,15.489443755667507
11,85,13.733407048565214
11,86,11.804803495976348
11,87,12.579031593868606
11,88,12.511875389030122
11,89,15.861435831528041
11,90,16.96279446357862
11,91,20.75554359739536
11,92,23.115650661652808
11,93,26.305596180486805
11,94,27.23744621809635
11,95,23.86146612482791
11,96,20.808936617558317
11,97,17.66251612280988
11,98,14.994130059885714
11,99,11.842167099252856
11,100,11.117297826345773
11,101,8.739235183819375
11,102,10.324872558210387
11,103,10.209666711468175
11,104,13.144899047385444
11,105,15.278153732814072
11,106,18.165156124314777
11,107,21.529500051323584
11,108,21.634778125669737
11,109,22.480583266081002
11,110,19.96958288187343
12,1,28.020667719012575
12,2,25.625241013519876
12,3,22.55743253643979
12,4,18.738376840625566
12,5,16.93810906208311
12,6,13.252896215969326
12,7,10.69113111905723
12,8,7.1338315791140925
12,9,4.951739124977384
12,10,4.84675534551687
12,11,3.822896295845774
12,13,3.8252804019412863
12,14,7.271264303853926
12,15,7.76348773976438
12,16,11.581054760800649
12,17,14.245466793347502
12,18,18.03109473186837
12,19,20.28563415345135
12,20,21.04245528066062
12,21,18.23274043159352
12,22,16.690010274753536
12,23,13.240113163241677
12,24,11.420530277134928
12,25,8.808013952757015
12,26,9.383740643062378
12,27,9.484871559255767
12,28,10.900619972747963
12,29,13.289243609997657
12,30,15.77320312251609
12,31,19.23777343979861
12,32,22.930303655747117
12,33,25.482386386325548
12,34,27.068683572857697
12,35,23.97160674109159
12,36,23.351878283311255
12,37,20.114578520331406
12,38,19.917387724017512
12,39,16.897618643914807
12,40,17.279025514871023
12,41,14.971222717364114
12,42,15.376096056255076
12,43,15.41263957674162
12,44,17.293046154510176
12,45,19.727107670308044
12,46,23.076945724873923
12,47,23.929448644127312
12,48,22.03294945504661
12,49,22.670578231403393
12,50,20.93537428329863
12,51,23.254887262856982
12,52,22.022742735868476
12,53,18.243937325183953
12,54,17.545783828567377
12,55,18.77326747821724
12,56,22.394569859317315
12,57,22.43706575318609
12,58,20.539997013999713
12,59,18.992042482597206
12,60,20.03688764442134
12,61,20.60306231807765
12,62,23.024861479890717
12,63,23.292070850623915
12,64,26.18062357495773
12,65,25.372289005969133
12,66,21.73287640608025
12,67,20.520317494824727
12,68,17.179325038817492
12,69,16.562725386406893
12,70,14.375240234901364
12,71,14.319530010034267
12,72,13.327411500498096
12,73,13.500295629298149
12,74,15.457527313421162
12,75,16.98430297937469
12,76,19.959917250949463
12,77,20.074846862583254
12,78,18.494164871919125
12,79,20.310591048865017
12,80,20.231553950082688
12,81,20.406844990191107
12,82,16.95805029031356
12,83,15.553604318719827
12,84,14.368865091693948
12,85,12.015621341908867
12,86,10.531112126979947
12,87,10.802214663293462
12,88,11.220880377560288
12,89,14.253240061015036
12,90,15.71633995331638
12,91,19.35884081277392
12,92,21.895545628331814
12,93,24.866353646727458
12,94,25.42578064222196
12,95,21.83905147843688
12,96,18.719748734222705
12,97,15.278821914218236
12,98,12.504082657065142
12,99,8.96382028558985
12,100,8.171928574104976
12,101,6.192163570526989
12,102,8.559867702398467
12,103,9.855503563248716
12,104,13.13036915563694
12,105,15.998966535845081
12,106,18.8856860496185
12,107,22.487955233864465
12,108,23.087432439060137
12,109,24.477130234392334
12,110,22.391074594089016
13,1,31.435065758905733
13,2,28.98255431659906
13,3,25.802064641974997
13,4,22.022200599171242
13,5,20.17138294476214
13,6,16.435296649112114
13,7,14.030686975252342
13,8,10.699172886694985
13,9,8.572115851241369
13,10,8.172925072610564
13,11,5.987396341154738
13,12,3.8252804019412863
13,14,3.8120851431618545
13,15,5.771933867676193
13,16,9.267325124600752
13,17,12.569382180303387
13,18,16.233663897396873
13,19,18.75050252591634
13,20,20.154591082633768
13,21,17.58624811484205
13,22,16.84150678486383
13,23,13.579777187242689
13,24,12.78760461109568
13,25,10.898545385165727
13,26,12.456838238156234
13,27,12.951424887059591
13,28,14.68395797397131
13,29,16.979241409222855
13,30,19.46221568107627
13,31,22.85835418631412
13,32,26.553571450909107
13,33,29.213940042877837
13,34,30.727871288128394
13,35,27.544605994423765
13,36,26.872112215786306
13,37,23.520898337958155
13,38,23.025821726645542
13,39,19.81350411974892
13,40,19.621476049065528
13,41,16.845961644334974
13,42,16.43194246073484
13,43,15.800545790729775
13,44,16.85743511416991
13,45,19.325330335042317
13,46,22.944537700779545
13,47,23.916013324270107
13,48,22.576277248487326
13,49,23.750388837122536
13,50,22.554246131293734
13,51,25.07751680671816
13,52,23.57132835258794
13,53,19.826086461245573
13,54,19.74360634238323
13,55,21.38682860901628
13,56,25.102573664660817
13,57,25.4881809691169
13,58,23.89563593963299
13,59,22.52548950963358
13,60,23.76868330746531
13,61,24.378674325580786
13,62,26.822428668839056
13,63,26.99684996729474
13,64,29.835616447118497
13,65,29.032912578470377
13,66,25.433526890095703
13,67,24.322035679942555
13,68,21.00329594956311
13,69,20.308077050249217
13,70,17.99730255742708
13,71,17.559684939848772
13,72,16.112513991512284
13,73,15.547135352230548
13,74,16.983479975117486
13,75,17.736607211466822
13,76,20.467878536079517
13,77,19.858704979010856
13,78,17.79665208098665
13,79,19.089648951140443
13,80,18.49873316678565
13,81,19.166996215908444
13,82,16.0800475526051
13,83,13.933319286379048
13,84,12.872573065207337
13,85,11.162390230295081
13,86,10.884137799942833
13,87,12.098677738313338
13,88,13.55776637539341
13,89,16.6895946808149
13,90,18.70611670747828
13,91,22.2312151898091
13,92,25.031396830494952
13,93,27.760749554806242
13,94,28.269580306862917
13,95,24.598752638287568
13,96,21.316715937004794
13,97,17.82406933160498
13,98,14.724665902231166
13,99,10.964856007870068
13,100,8.966445402170171
13,101,5.943341941581894
13,102,6.677250629374869
13,103,7.970007842501858
13,104,10.63338629730902
13,105,13.869904009153672
13,106,16.307623033544242
13,107,20.05225754851736
13,108,20.72893859090514
13,109,22.532086111762766
13,110,20.85451391959752
14,1,35.15945918874334
14,2,32.652075125037726
14,3,29.53428025167948
14,4,25.749390224935965
14,5,23.96333689112218
14,6,20.225327428242466
14,7,17.699803083667373
14,8,14.339775795833706
14,9,11.786151022490852
14,10,10.707974449927576
14,11,7.947230562624261
14,12,7.271264303853926
14,13,3.8120851431618545
14,15,3.809040035797094
14,16,6.241470570674633
14,17,9.94081817385919
14,18,13.373072196579052
14,19,16.21600508004681
14,20,18.06884261285198
14,21,15.657170987413455
14,22,15.707263906256618
14,23,12.943695153539382
14,24,13.134052742015268
14,25,12.272945524745989
14,26,14.58775409241618
14,27,15.79630391621988
14,28,17.870779044238763
14,29,20.451850733021786
14,30,23.04379645118617
14,31,26.4842259009928
14,32,30.192336436276896
14,33,32.72854467797192
14,34,34.23745172187702
14,35,31.049281595566402
14,36,30.168724082657704
14,37,26.730659106401436
14,38,25.94838165042151
14,39,22.52597622163942
14,40,22.011657037587412
14,41,18.859311867469913
14,42,18.028688111166872
14,43,16.6060837921066
14,44,17.014138607563904
14,45,19.05564267704316
14,46,22.82251416577412
14,47,23.541015449295987
14,48,22.63662439771044
14,49,24.38254091053363
14,50,23.74161264888788
14,51,26.16761402901314
14,52,24.218873669439194
14,53,20.57156536622133
14,54,21.170510838836393
14,55,22.96937933326984
14,56,26.761044867295222
14,57,27.383467494406588
14,58,26.199445386064454
14,59,24.949457575585775
14,60,26.559090998685544
14,61,27.26257867942495
14,62,29.911037702884713
14,63,30.152852129976477
14,64,33.12510776931729
14,65,32.52315211495974
14,66,28.929051971288978
14,67,27.692178242033197
14,68,24.245463232971762
14,69,23.39638251318424
14,70,20.74112163785475
14,71,19.942850329095386
14,72,17.892812330789297
14,73,16.762431956306738
14,74,17.426877532248078
14,75,17.49041537130684
14,76,19.725894417436017
14,77,18.484272425167767
14,78,16.25491167880882
14,79,17.261920157123193
14,80,16.528526797943275
14,81,17.896104996217183
14,82,15.146957120838788
14,83,12.623121901059584
14,84,12.371058859801204
14,85,11.803493840168423
14,86,12.247246970724081
14,87,14.383381214487914
14,88,16.282043981183204
14,89,19.647568155809928
14,90,21.905036903966458
14,91,25.441499193872662
14,92,28.38757530829866
14,93,31.043715361848978
14,94,31.7372715950023
14,95,28.10119031818041
14,96,24.69691691392103
14,97,21.314221845378942
14,98,18.013731071354293
14,99,14.32041460121764
14,100,11.737916092604793
14,101,8.162961714941149
14,102,6.929377344377559
14,103,6.800760761459938
14,104,8.189009946747232
14,105,11.283655604299666
14,106,13.158393485806295
14,107,16.917596011756793
14,108,17.392537693251697
14,109,19.361222266448543
14,110,17.943416803354012
15,1,35.156275856462386
15,2,32.508513770870245
15,3,29.68396481697799
15,4,25.892040074425495
15,5,24.4850593844931
15,6,20.770004211059774
15,7,17.77351990436321
15,8,14.442893608736492
15,9,11.1718218303025
15,10,9.65325734615533
15,11,6.9300975891337675
15,12,7.76348773976438
15,13,5.771933867676193
15,14,3.809040035797094
15,16,3.820576075871313
15,17,6.8232647800206525
15,18,10.542603292916278
15,19,13.218881132618902
15,20,14.625377946145287
15,21,12.044395076760777
15,22,11.903840084950204
15,23,9.185740097087002
15,24,9.723727168363473
15,25,9.573216065680242
15,26,12.45423173655082
15,27,14.37850957313173
15,28,16.937855778351903
15,29,19.916828801132795
15,30,22.827521298773423
15,31,26.2489573696587
15,32,29.987544789132663
15,33,32.1830978516292
15,34,33.575806139738845
15,35,30.407153436497396
15,36,29.131794724610828
15,37,25.632069381300383
15,38,24.560152744628162
15,39,20.97491735008597
15,40,20.433673534141224
15,41,17.13459564039976
15,42,16.551190807386853
15,43,14.731334956841524
15,44,15.409512437550609
15,45,16.867684625855848
15,46,20.54328243708541
15,47,20.778710279167306
15,48,19.693643773081707
15,49,21.586194519613866
15,50,21.10772791263116
15,51,23.23572631828374
15,52,20.987215796864906
15,53,17.389807935019014
15,54,18.34823460786934
15,55,20.100743037872054
15,56,23.904848285456993
15,57,24.67535920260193
15,58,23.88594144649691
15,59,22.86886996992214
15,60,24.92536341075235
15,61,25.961511060403407
15,62,28.94486882385952
15,63,29.59257036565965
15,64,32.824492401130584
15,65,32.37138931827842
15,66,28.701558448034643
15,67,27.018539746933893
15,68,23.3727642732167
15,69,22.124640507875828
15,70,19.063262101230354
15,71,17.827507227415506
15,72,15.268602405892661
15,73,13.79990335879001
15,74,13.969557263303178
15,75,13.87949556194233
15,76,15.963164977148248
15,77,14.816418677582499
15,78,12.867598744694085
15,79,14.380876713421065
15,80,14.337188836696873
15,81,15.708143575978497
15,82,12.653845185728663
15,83,10.83691813430649
15,84,11.426967620172663
15,85,11.279937240703017
15,86,11.050347222659333
15,87,13.634435793679268
15,88,15.274422008969463
15,89,18.945291405956798
15,90,21.135265554882736
15,91,24.76182286361611
15,92,27.734659941489692
15,93,30.45282073068847
15,94,31.582648453667545
15,95,28.12808475357437
15,96,24.639276557205285
15,97,21.555598250718848
15,98,18.15339312499241
15,99,14.758883948773564
15,100,12.207702054862963
15,101,8.469970788613931
15,102,7.084562603539974
15,103,5.177269647896522
15,104,6.742820742624531
15,105,9.006016865900564
15,106,11.473257461957756
15,107,15.026291193221926
15,108,15.362096841839769
15,109,16.88368796374256
15,110,15.129562293701431
16,1,38.77161036372539
16,2,36.0368487275526
16,3,33.29622582640596
16,4,29.527521716083623
16,5,28.24410571501965
16,6,24.521612187004212
16,7,21.43326910174763
16,8,18.188057562331995
16,9,14.801364728819342
16,10,13.16604756590278
16,11,10.484928769884824
16,12,11.581054760800649
16,13,9.267325124600752
16,14,6.241470570674633
16,15,3.820576075871313
16,17,3.8229869219719332
16,18,7.137708441602709
16,19,10.160528552931945
16,20,12.144670300065783
16,21,9.978926145832817
16,22,11.026806088768078
16,23,9.271400708107011
16,24,11.121957213669942
16,25,12.02410723477247
16,26,15.320439674062238
16,27,17.608956400107893
16,28,20.393722887819173
16,29,23.467515661563223
16,30,26.480204392163014
16,31,29.86559655852744
16,32,33.60834097079301
16,33,35.68731663317226
16,34,36.99592470139055
