1,2,3.833300165415438
1,3,7.141939852712962
1,4,9.610750101484797
1,5,13.30127473348061
1,6,15.194037813244998
1,7,18.79519864744798
1,8,20.16401369104346
1,9,23.955010762818354
1,10,24.407352153507727
1,11,22.46240437314729
1,12,19.17136785874333
1,13,16.362006768943893
1,14,13.016844474975468
1,15,9.969133625435175
1,16,6.466156003143053
1,17,5.501956451028628
1,18,4.578506409640602
1,19,8.075781304428123
1,20,9.343927994878808
1,21,12.693715340677509
1,22,15.475622726105385
1,23,14.421510772071526
1,24,15.43859817615016
1,25,14.531372909928775
1,26,10.983138171861091
1,27,10.15606747010326
1,28,6.605171446665821
1,29,7.152351623201394
1,30,6.777474269012541
1,31,10.283647516877133
1,32,16.1446836670048
1,33,16.004097751886576
1,34,13.78809714489371
1,35,14.208526024210103
1,36,14.026194151105988
1,37,15.74932496452035
1,38,18.87867886892846
1,39,18.708400052801874
1,40,22.11963997058326
1,41,20.73471800926807
1,42,19.402529599498564
1,43,22.38334580910069
1,44,21.919012467340114
1,45,19.11877383529346
1,46,21.851333216692648
1,47,20.5831754406438
1,48,17.009059614312484
1,49,15.811056482666062
1,50,15.55825163280811
1,51,15.816922468643908
1,52,14.675758631065973
1,53,12.25411611619987
1,54,13.472711509863302
1,55,16.921820055152715
1,56,18.03979122766963
1,57,18.676858390226023
1,58,22.34925960644169
1,59,21.581555184654366
1,60,19.497450008518086
1,61,19.340372198221843
1,62,21.762185701675822
1,63,21.738722502407768
1,64,24.459087493137808
1,65,22.63872450040281
1,66,19.50545018347468
1,67,21.999169804272846
1,68,23.63389938311564
1,69,20.608806910496185
1,70,21.48106821353657
1,71,18.850300936893337
1,72,20.214104061271353
1,73,18.915988621933785
1,74,18.8529380217515
1,75,19.80730602863129
1,76,19.88619950484286
1,77,10.80384888651726
1,78,10.466474128769109
1,79,9.445154833904514
1,80,9.32537789144485
1,81,10.119224146110327
1,82,12.978470427461982
1,83,15.011076868443519
1,84,15.438308384153464
2,1,3.833300165415438
2,3,3.8037431922025235
2,4,6.220552258495138
2,5,9.974580354979913
2,6,12.360158077353157
2,7,16.05265492493935
2,8,17.922539243830894
2,9,21.689655040643412
2,10,21.675397224367657
2,11,19.627446857262456
2,12,16.143848683005334
2,13,13.738068188287462
2,14,10.404432713423875
2,15,8.14228183258779
2,16,5.447608568742516
2,17,5.564016983045337
2,18,6.448694371405672
2,19,9.79945338857642
2,20,11.686323271066867
2,21,15.11934712303129
2,22,17.786869204328198
2,23,17.102276628299425
2,24,18.648275431716595
2,25,17.982402787926684
2,26,14.582329904012234
2,27,13.930421639016508
2,28,10.3551607961042
2,29,10.322070009795265
2,30,8.806616468661908
2,31,11.453474773143466
2,32,16.936967787803745
2,33,16.301033168284775
2,34,14.310604487685685
2,35,14.900124279164729
2,36,15.386859326364476
2,37,16.956836733065508
2,38,20.4253864564732
2,39,20.69931140391165
2,40,23.905954932724267
2,41,21.975623795134247
2,42,20.862611158827388
2,43,23.94496860935937
2,44,23.940726100655766
2,45,21.435090025776315
2,46,24.430750598099902
2,47,23.567958052397632
2,48,19.98295101920005
2,49,18.520900823546274
2,50,18.495267899552097
2,51,18.42930070637758
2,52,17.563832432620767
2,53,15.324727023102481
2,54,16.6163998263328
2,55,19.42931032981909
2,56,20.402326148212573
2,57,20.4735802154324
2,58,23.945279536817814
2,59,22.764442884723312
2,60,20.718911267860143
2,61,19.997766453331508
2,62,22.49850523533293
2,63,22.113549311170058
2,64,24.391328738720684
2,65,22.427357476331228
2,66,19.19795356113882
2,67,21.344254311947484
2,68,22.666379161609893
2,69,19.407452811259347
2,70,20.67193207908278
2,71,18.319061154109832
2,72,20.31969929575819
2,73,19.057257355708863
2,74,19.61300455864159
2,75,20.572533846456455
2,76,21.150275464948145
2,77,13.601754775028207
2,78,12.296477620475976
2,79,11.018972751777257
2,80,9.719412514201958
2,81,10.333591301548536
2,82,12.201270771422271
2,83,14.455516194268299
2,84,15.423201959974216
3,1,7.141939852712962
3,2,3.8037431922025235
3,4,3.7653718038135766
3,5,7.041924560149094
3,6,9.995074488966356
3,7,13.512199289218715
3,8,15.465819728115155
3,9,19.07282412994998
3,10,18.89583800750017
3,11,16.46870938273558
3,12,12.85981194935227
3,13,10.516828086996018
3,14,7.036270129925939
3,15,5.6706433290362135
3,16,4.486616237493156
3,17,6.5049467688653815
3,18,9.03964397058972
3,19,12.344093293379158
3,20,14.869937711688445
3,21,18.02457626547408
3,22,20.916108303619705
3,23,20.593059373220033
3,24,22.100297077131657
3,25,21.568827738003048
3,26,18.05581163596348
3,27,17.192695954994097
3,28,13.483543383052826
3,29,12.726907724072117
3,30,10.196576966427468
3,31,11.885447255969845
3,32,15.882831016852021
3,33,14.964004742870452
3,34,13.558524525362765
3,35,14.707150386484926
3,36,16.083378329010365
3,37,17.932831009355272
3,38,21.652274633896965
3,39,22.54005497003692
3,40,25.696514931924636
3,41,23.511974460356324
3,42,22.922779536314337
3,43,26.223542175141983
3,44,26.639435320915307
3,45,24.117433389759622
3,46,27.047396242089043
3,47,26.472429058225867
3,48,23.036966094526097
3,49,21.155934934912384
3,50,20.828426292007467
3,51,20.13689813822038
3,52,19.185422015710472
3,53,16.97152851899948
3,54,18.14018285075351
3,55,20.184098010071683
3,56,21.190165942722118
3,57,20.838319232930516
3,58,24.051363453012108
3,59,22.741131091636326
3,60,21.087913658156815
3,61,20.191622950062072
3,62,23.004377600354207
3,63,22.708092316392776
3,64,24.483050388634723
3,65,22.118072810577356
3,66,19.141777854223797
3,67,21.254397929200586
3,68,21.954693795288932
3,69,18.396195677187265
3,70,19.56585023687995
3,71,17.21676140453011
3,72,19.536399353710227
3,73,17.983291943771704
3,74,18.863582938662063
3,75,19.54620551214449
3,76,20.46234422002749
3,77,15.938969315989876
3,78,14.1685531713281
3,79,12.168193415068883
3,80,9.707687221343907
3,81,9.490413262089962
3,82,10.176211171137071
3,83,12.271366407518554
3,84,13.629668414403344
4,1,9.610750101484797
4,2,6.220552258495138
4,3,3.7653718038135766
4,5,3.7706052250685564
4,6,6.491310847965513
4,7,10.133028620581333
4,8,12.490257344897497
4,9,16.12911943637176
4,10,15.670583955814848
4,11,13.645266814880953
4,12,10.133833359382457
4,13,8.330839733212093
4,14,5.795205532118002
4,15,5.654085301273124
4,16,6.386995325768807
4,17,7.269699926418352
4,18,9.986930441143109
4,19,12.485655316810405
4,20,15.393569130262918
4,21,18.273358964449702
4,22,21.04559810423123
4,23,21.315747246275944
4,24,23.23611631918442
4,25,23.267266191948806
4,26,19.916023279877525
4,27,19.664451320254145
4,28,16.162881717346927
4,29,15.96235350182686
4,30,13.689349289535498
4,31,15.53849674254718
4,32,17.277579581215942
4,33,15.528890677666285
4,34,13.809147557686595
4,35,14.34596977094818
4,36,15.831320240864295
4,37,17.121199821581946
4,38,20.896654992905887
4,39,22.081329757976633
4,40,24.889914593895202
4,41,22.259945243772936
4,42,21.916950969988644
4,43,25.228965454332428
4,44,26.135638534538245
4,45,23.9374488324196
4,46,27.032719462586677
4,47,26.974907479160244
4,48,23.65292529935854
4,49,21.48202462047071
4,50,21.504252130830174
4,51,20.696495039419027
4,52,20.380980267292767
4,53,18.76678479948919
4,54,20.496425417500426
4,55,21.779379131999562
4,56,22.19542703363736
4,57,21.218494960873688
4,58,24.131438556983472
4,59,22.26676639212554
4,60,20.42120363926009
4,61,18.890910543505594
4,62,21.480670569958413
4,63,20.76779579614639
4,64,22.148849372322488
4,65,19.874308819582243
4,66,16.847862101105804
4,67,18.524818920181627
4,68,19.067259013851533
4,69,15.529888010910526
4,70,17.166310011191698
4,71,15.373974094580007
4,72,18.22881419159026
4,73,17.22218075637333
4,74,18.844446592352423
4,75,20.02699972019646
4,76,21.593091759459796
4,77,16.72503381850997
4,78,14.177504800271445
4,79,12.521838304300841
4,80,9.837056359167294
4,81,10.422066601552647
4,82,10.363901947904575
4,83,13.156580530260424
4,84,15.371361998727622
5,1,13.30127473348061
5,2,9.974580354979913
5,3,7.041924560149094
5,4,3.7706052250685564
5,6,3.8101365040767097
5,7,6.9493766280197224
5,8,9.739027771267237
5,9,13.090873956592617
5,10,12.200117743843139
5,11,10.089992810660958
5,12,6.541070803524669
5,13,5.664950091112483
5,14,4.751722956073046
5,15,6.783323997295396
5,16,9.087460821688923
5,17,10.210619755986398
5,18,13.234731134973499
5,19,15.3433363585432
5,20,18.50822938504638
5,21,21.075139193016142
5,22,23.852365761859005
5,23,24.50043892529247
5,24,26.506441692043104
5,25,26.781920919847956
5,26,23.446793497551813
5,27,23.273833548257503
5,28,19.786986413724627
5,29,19.44951748972578
5,30,16.905775660827665
5,31,18.350136347657315
5,32,18.293414160071386
5,33,16.05533807671757
5,34,14.727800627557626
5,35,15.29970407138248
5,36,17.307798347982427
5,37,18.451498615425848
5,38,22.23355064007615
5,39,23.8921164286036
5,40,26.439245614206158
5,41,23.530130426087457
5,42,23.645285697714115
5,43,27.003555237825
5,44,28.349239241677402
5,45,26.31350816191311
5,46,29.37081162306632
5,47,29.67932695764091
5,48,26.533485503721167
5,49,24.07600571686133
5,50,24.057323049891846
5,51,22.878576621825164
5,52,22.765317983526337
5,53,21.42728173481401
5,54,23.243601540290673
5,55,23.78917143520485
5,56,23.969002586885868
5,57,22.491384003031968
5,58,24.993104994372203
5,59,22.833962357538148
5,60,21.242910242928872
5,61,19.34831054310697
5,62,21.934853653908174
5,63,21.10758776426073
5,64,21.838888123944944
5,65,19.385029357756274
5,66,16.69948795525381
5,67,18.004189091465836
5,68,17.885095727572004
5,69,14.26932859986499
5,70,16.03075165174047
5,71,14.7103359448898
5,72,17.97186232648691
5,73,17.104135141101413
5,74,19.2777228622014
5,75,20.462298576898245
5,76,22.51418395601504
5,77,19.464633005779774
5,78,16.548027457707907
5,79,14.754530118139511
5,80,11.650862593688684
5,81,11.99745983549898
5,82,10.736681586260922
5,83,13.452756135024064
5,84,16.20161235228344
6,1,15.194037813244998
6,2,12.360158077353157
6,3,9.995074488966356
6,4,6.491310847965513
6,5,3.8101365040767097
6,7,3.7399363907099374
6,8,6.508747380362232
6,9,10.035386406749318
6,10,9.44720466729517
6,11,8.256479306051856
6,12,5.742896167845729
6,13,5.271977625671056
6,14,6.3559998711129735
6,15,8.084858517526543
6,16,10.840363339994234
6,17,11.065848248967775
6,18,13.965314018692746
6,19,15.285026046287276
6,20,18.705190854123437
6,21,20.71238733841365
6,22,23.46787179507283
6,23,24.70440344899091
6,24,26.782169914748124
6,25,27.581960112810666
6,26,24.38185721398096
6,27,24.65753419712967
6,28,21.43687815976413
6,29,21.51947047202543
6,30,19.247610771350413
6,31,21.014383590805
6,32,18.700746251277796
6,33,15.823190270642193
6,34,14.164848997577481
6,35,14.040337925849014
6,36,16.044466476773387
6,37,16.693306756345763
6,38,20.33260111281467
6,39,22.336857832114713
6,40,24.529132106471522
6,41,21.392062360622337
6,42,21.949531287518
6,43,25.317602612180508
6,44,27.116070157878333
6,45,25.27430042575818
6,46,28.245343585143683
6,47,29.031140680332136
6,48,26.172426232747377
6,49,23.39621143985041
6,50,23.489791046158626
6,51,22.098521114373106
6,52,22.524846932068005
6,53,21.806970872110494
6,54,24.08534031277888
6,55,23.837415232907254
6,56,23.429700846302087
6,57,21.420447849622043
6,58,23.534870655595068
6,59,20.942272834712874
6,60,19.277323764693406
6,61,16.92667751611935
6,62,19.28098252929989
6,63,18.274882644294397
6,64,18.57514269038327
6,65,16.14088958660953
6,66,13.648912741521368
6,67,14.673940250992947
6,68,14.24839477289689
6,69,10.680740052193073
6,70,12.69878214150645
6,71,11.977844779618795
6,72,15.549651220870183
6,73,15.324357988160296
6,74,18.07451790662794
6,75,19.78096915119445
6,76,22.34201197488446
6,77,19.26904690657751
6,78,15.914541757635842
6,79,14.397090202335717
6,80,11.454626523344508
6,81,12.4644104712097
6,82,10.965324317199403
6,83,14.146189683610958
6,84,17.410500033849154
7,1,18.79519864744798
7,2,16.05265492493935
7,3,13.512199289218715
7,4,10.133028620581333
7,5,6.9493766280197224
7,6,3.7399363907099374
7,8,3.78119190508698
7,9,6.64312815200271
7,10,5.732852257545943
7,11,5.280862322910534
7,12,4.516774533790475
7,13,5.712766340710565
7,14,8.541772568662054
7,15,10.837984894537975
7,16,14.031076381344716
7,17,14.347356206294716
7,18,17.30650260266731
7,19,18.328437590629875
7,20,21.847648339086188
7,21,23.4961781053063
7,22,26.234053412756904
7,23,27.79478710799764
7,24,29.852140347705184
7,25,30.878319679133025
7,26,27.71328719473977
7,27,28.06308964789357
7,28,24.90404505559029
7,29,24.928331656369277
7,30,22.539199836575662
7,31,24.101736662067296
7,32,20.164734342663003
7,33,16.937549629626595
7,34,15.652353374911607
7,35,15.44967664454578
7,36,17.752440130061427
7,37,18.208925673247716
7,38,21.632339419693214
7,39,24.048140528383545
7,40,25.912276607833203
7,41,22.647341676618236
7,42,23.70018547809544
7,43,27.029182831380442
7,44,29.2097886210024
7,45,27.519279369741337
7,46,30.336427715772043
7,47,31.462641066121087
7,48,28.85329817201472
7,49,25.850324625628648
7,50,25.865542193041552
7,51,24.15611132891458
7,52,24.781712595753728
7,53,24.375415353477486
7,54,26.726711722125906
7,55,25.784555324513867
7,56,25.10161594676823
7,57,22.656837047060886
7,58,24.251928751121664
7,59,21.42179444140941
7,60,20.086161461287887
7,61,17.482368785503947
7,62,19.69048229028396
7,63,18.67318197014527
7,64,18.198514428242948
7,65,15.65418790529063
7,66,13.839886807158985
7,67,14.401201577288504
7,68,13.078490657857524
7,69,9.726342017562914
7,70,11.660786483763797
7,71,11.719657001007265
7,72,15.444317913417079
7,73,15.524017301377585
7,74,18.720943116758907
7,75,20.45983289668118
7,76,23.43020042591927
7,77,21.96836375950443
7,78,18.473661942232198
7,79,16.923600768604373
7,80,13.94429551647632
7,81,14.765600503278808
7,82,12.587289806152736
7,83,15.477326807592508
7,84,19.01807874237596
8,1,20.16401369104346
8,2,17.922539243830894
8,3,15.465819728115155
8,4,12.490257344897497
8,5,9.739027771267237
8,6,6.508747380362232
8,7,3.78119190508698
8,9,3.841652545061884
8,10,5.348490545739556
8,11,5.392577069150622
8,12,6.326595052062091
8,13,6.438377287428952
8,14,9.686693965564436
8,15,11.529069884041546
8,16,14.921116100918493
8,17,15.154176892111701
8,18,18.207541526607418
8,19,19.01056708880593
8,20,22.71844553766529
8,21,23.879280570090778
8,22,26.828829609165602
8,23,28.666123540095118
8,24,30.40034616371639
8,25,31.627243740142635
8,26,28.439730796003484
8,27,28.794264649982296
8,28,25.79979360417704
8,29,25.796303615011933
8,30,23.425580032332153
8,31,24.954952263864634
8,32,18.770622150803234
8,33,15.219619140473556
8,34,14.16848660543056
8,35,13.88475840278217
8,36,16.50964383836739
8,37,17.070838127632573
8,38,20.285976398255357
8,39,23.14754306220579
8,40,24.906937280276033
8,41,21.81527009030162
8,42,23.439732240287647
8,43,26.870200913243156
8,44,29.247786967268237
8,45,27.4118050102879
8,46,29.874686269164688
8,47,31.20468275133634
8,48,28.928433748080458
8,49,25.626926290650978
8,50,25.283982466402882
8,51,23.118346399847123
8,52,23.825956976536197
8,53,23.77989180397889
8,54,26.210815374494373
8,55,24.434794780645017
8,56,23.461579445360346
8,57,20.658317687375074
8,58,21.778629893585247
8,59,18.875727507352867
8,60,17.98362038220935
8,61,15.474753138871572
8,62,17.831583025182375
8,63,17.312977488663847
8,64,16.44631405454868
8,65,13.473969602174394
8,66,12.454760458471318
8,67,13.37842154203699
8,68,11.307651305386049
8,69,7.957784534286157
8,70,8.89152319737592
8,71,9.065859752224672
8,72,12.647774589171018
8,73,12.851511066453508
8,74,16.309348337919737
8,75,18.13938269617104
8,76,21.435269548568066
8,77,21.812037028322745
8,78,18.36344898580953
8,79,16.578522737701903
8,80,13.643918921127884
8,81,14.314247327026566
8,82,11.799176981775792
8,83,14.523566319308435
8,84,18.25760715282591
9,1,23.955010762818354
9,2,21.689655040643412
9,3,19.07282412994998
9,4,16.12911943637176
9,5,13.090873956592617
9,6,10.035386406749318
9,7,6.64312815200271
9,8,3.841652545061884
9,10,3.8246055330626203
9,11,5.333899790952912
9,12,8.203727832437329
9,13,9.257280116770108
9,14,12.870476149568264
9,15,15.01213949695197
9,16,18.52598380552052
9,17,18.911555622524656
9,18,21.98359373319494
9,19,22.67590806203555
9,20,26.386901803363855
9,21,27.343034542515053
9,22,30.25034855267961
9,23,32.2611959689396
9,24,33.961708401022605
9,25,35.301663777714495
9,26,32.13699347110937
9,27,32.49050908633022
9,28,29.52070237351227
9,29,29.41712421151566
9,30,26.93460618350616
9,31,28.242636285958316
9,32,21.058125387310742
9,33,17.449616014847237
9,34,16.884817648368333
9,35,16.668403667856133
9,36,19.4100244462676
9,37,19.85682297724385
9,38,22.76232712645233
9,39,25.874839096911302
9,40,27.338985253223523
9,41,24.25452619436868
9,42,26.22919829097116
9,43,29.558137884310156
9,44,32.181700261013816
9,45,30.472884830296284
9,46,32.770011995551926
9,47,34.32639016588049
9,48,32.2559906354359
9,49,28.84148107460621
9,50,28.415734704599224
9,51,26.03488716168049
9,52,26.82258576852453
9,53,26.962703515475127
9,54,29.348789676619308
9,55,27.07174674075087
9,56,25.947648904587528
9,57,22.883115711333588
9,58,23.463492176277224
9,59,20.510101805604535
9,60,20.056575564167545
9,61,17.532029760971042
9,62,19.649860911837607
9,63,19.213475742064464
9,64,17.637738644109785
9,65,14.727267883321053
9,66,14.554575975396089
9,67,15.004893568555797
9,68,12.146144919646998
9,69,9.63313634903138
9,70,10.029173983196184
9,71,10.983825932468038
9,72,14.16488254591671
9,73,14.56091752033991
9,74,18.135392319185044
9,75,19.797367431869244
9,76,23.310280541655345
9,77,25.221769600495485
9,78,21.7878913773377
9,79,19.996106724288968
9,80,17.11386408559948
9,81,17.53377931442026
9,82,14.67721468237297
9,83,16.8754896011567
9,84,20.59530601757142
10,1,24.407352153507727
10,2,21.675397224367657
10,3,18.89583800750017
10,4,15.670583955814848
10,5,12.200117743843139
10,6,9.44720466729517
10,7,5.732852257545943
10,8,5.348490545739556
10,9,3.8246055330626203
10,11,3.872682043089219
10,12,6.938550475508809
10,13,9.4398210430091
10,14,13.06542071166792
10,15,15.772156217867234
10,16,19.252588082420232
10,17,19.794041221552305
10,18,22.836911171008342
10,19,23.682393346905158
10,20,27.257754033454926
10,21,28.588175989825633
10,22,31.2932472477807
10,23,33.132593714947795
10,24,35.14750167513134
10,25,36.35147141669361
10,26,33.20215629225509
10,27,33.55122287281496
10,28,30.413598327420694
10,29,30.28214299351266
10,30,27.70459080930368
10,31,28.935284338872016
10,32,23.41861170041072
10,33,20.00351238843053
10,34,19.351379925644302
10,35,19.226929574186297
10,36,21.812306530567096
10,37,22.131292017998867
10,38,25.201285073325472
10,39,28.03032823436028
10,40,29.496249708829527
10,41,26.186404600786375
10,42,27.772480732811154
10,43,30.98879901414382
10,44,33.55588853805448
10,45,32.04204671695008
10,46,34.64546372135633
10,47,36.11521565073101
10,48,33.78735800347791
10,49,30.58128816285931
10,50,30.46879830825253
10,51,28.41069799499412
10,52,29.163195708048097
10,53,29.026570905845613
10,54,31.346779765562147
10,55,29.661261434331056
10,56,28.754219861377816
10,57,25.891846943755077
10,58,26.7889491387141
10,59,23.826094679740105
10,60,23.04410643236159
10,61,20.333266021096634
10,62,22.286033289044113
10,63,21.351613515350465
10,64,19.877222352155215
10,65,17.351708423311777
10,66,16.622930817984656
10,67,16.557170228124317
10,68,14.09406021299581
10,69,11.636177123534257
10,70,12.99561424791494
10,71,14.020599481791063
10,72,17.479577863496445
10,73,17.809016459243768
10,74,21.29497125235226
10,75,22.857013745873218
10,76,26.189268514743997
10,77,26.932739609799302
10,78,23.397909608909956
10,79,21.775139283011878
10,80,18.780645875688208
10,81,19.247527816828732
10,82,16.444330496456768
10,83,18.693259630113392
10,84,22.32139610261699
11,1,22.46240437314729
11,2,19.627446857262456
11,3,16.46870938273558
11,4,13.645266814880953
11,5,10.089992810660958
11,6,8.256479306051856
11,7,5.280862322910534
11,8,5.392577069150622
11,9,5.333899790952912
11,10,3.872682043089219
11,12,3.8016185647515126
11,13,6.489222140896756
11,14,10.162718813193033
11,15,13.29196198337357
11,16,16.900044809857675
11,17,18.099519133839713
11,18,21.471141617799347
11,19,22.903078017025017
11,20,26.532804642533833
11,21,28.19029614464595
11,22,31.137576995446278
11,23,32.60358091867121
11,24,34.42120522644354
11,25,35.248781122007166
11,26,31.896051592739997
11,27,31.828928052902477
11,28,28.49330314171293
11,29,27.945471665195296
11,30,25.07688990977834
11,31,25.93929164731462
11,32,20.94366836032197
11,33,17.844278526237936
11,34,17.64962106247272
11,35,18.238989116189323
11,36,21.17129541980007
11,37,22.12057574175055
11,38,25.48685131038954
11,39,28.24838116191811
11,40,30.165032917924343
11,41,27.058643258591196
11,42,28.452626897862046
11,43,31.866649506489413
11,44,34.10285449057795
11,45,32.237994066935
11,46,34.84401791072301
11,47,35.93310598602491
11,48,33.4119032547611
11,49,30.273107909998593
11,50,29.852247666773376
11,51,27.70782589817326
11,52,27.953807172593173
11,53,27.372090388623658
11,54,29.32685140978275
11,55,27.924288163022588
11,56,27.482652984291764
11,57,24.933678985609024
11,58,26.120372390333635
11,59,23.54960029494766
11,60,22.984364726033583
11,61,20.727153392086443
11,62,23.209750098629232
11,63,22.664860051409516
11,64,21.706250991853747
11,65,18.802323073683823
11,66,17.79705903751475
11,67,18.448246318675114
11,68,16.28682192787796
11,69,13.195586628605342
11,70,14.124805542944033
11,71,14.111822933595914
11,72,17.44833334560087
11,73,16.951944232795377
11,74,20.055287597170885
11,75,21.099522984278327
11,76,24.159912054283815
11,77,26.01593084026791
11,78,22.733326733597437
11,79,20.620559374842458
11,80,17.24848909933781
11,81,17.0683771762092
11,82,13.965485139121949
11,83,15.801207049018238
11,84,19.266746410973873
12,1,19.17136785874333
12,2,16.143848683005334
12,3,12.85981194935227
12,4,10.133833359382457
12,5,6.541070803524669
12,6,5.742896167845729
12,7,4.516774533790475
12,8,6.326595052062091
12,9,8.203727832437329
12,10,6.938550475508809
12,11,3.8016185647515126
12,13,3.788325107863767
12,14,6.912430034042591
12,15,10.31430467075139
12,16,13.76754160765575
12,17,15.237860346074347
12,18,18.65045536001713
12,19,20.4572991977276
12,20,23.974927861125597
12,21,26.005686738408055
12,22,28.96365670198997
12,23,30.081361693715692
12,24,31.918215227979193
12,25,32.464501678945865
12,26,29.05509966954107
12,27,28.820023710999727
12,28,25.360923411824313
12,29,24.71215897879328
12,30,21.79848982911379
12,31,22.658128533673445
12,32,19.35037097179701
12,33,16.580951058035335
12,34,16.198897866792368
12,35,17.038723451700907
12,36,19.84974182447032
12,37,21.040654213238174
12,38,24.654135916055562
12,39,27.078660891956453
12,40,29.311474185606457
12,41,26.278645080407653
12,42,27.234233976031764
12,43,30.69134552021314
12,44,32.5870089397999
12,45,30.588276790902185
12,46,33.35492525881909
12,47,34.10842970570702
12,48,31.330001645850167
12,49,28.411172580861003
12,50,28.033821926525416
12,51,26.149256689466842
12,52,26.13464220386183
12,53,25.17098579890644
12,54,26.96606371286701
12,55,26.252072716170517
12,56,26.155985988946412
12,57,24.01328514584901
12,58,25.718476496025644
12,59,23.36007192489808
12,60,22.514315310530343
12,61,20.44657770018115
12,62,23.121778833336453
12,63,22.547465122667187
12,64,22.22241726096496
12,65,19.346617140550265
12,66,17.696079231258118
12,67,18.69229176436636
12,68,17.2212209201535
12,69,13.72680659415458
12,70,14.930080055256417
12,71,14.2341069857968
12,72,17.61926731988108
12,73,16.754827097843734
12,74,19.500995118477984
12,75,20.431808010353222
12,76,23.11565994291149
12,77,23.85664773546143
12,78,20.726828292644537
12,79,18.53908178176681
12,80,15.055615467615782
12,81,14.770642607445259
12,82,11.958551160969966
12,83,13.960310893382019
12,84,17.233249739365757
13,1,16.362006768943893
13,2,13.738068188287462
13,3,10.516828086996018
13,4,8.330839733212093
13,5,5.664950091112483
13,6,5.271977625671056
13,7,5.712766340710565
13,8,6.438377287428952
13,9,9.257280116770108
13,10,9.4398210430091
13,11,6.489222140896756
13,12,3.788325107863767
13,14,3.776017406844888
13,15,6.8689351385870205
13,16,10.506973672275137
13,17,12.161306277684604
13,18,15.776386466034081
13,19,17.80391354315913
13,20,21.41830709411004
13,21,23.384805369885868
13,22,26.588294111420012
13,23,27.599592024475413
13,24,29.121754282940472
13,25,29.574608740868857
13,26,26.06512954440418
13,27,25.67112409280593
13,28,22.247069536147265
13,29,21.509918796265993
13,30,18.600571065701768
13,31,19.55184914085911
13,32,15.667399517366658
13,33,12.952477221937885
13,34,12.558684335538416
13,35,13.717901846219254
13,36,16.680970932611906
13,37,18.31354222706145
13,38,22.01518506292876
13,39,24.422144886696017
13,40,26.94217765670585
13,41,24.19879791723915
13,42,25.15507981821528
13,43,28.756044719328827
13,44,30.43023343206555
13,45,28.119695655569604
13,46,30.71918980438747
13,47,31.272601388967104
13,48,28.52634290362372
13,49,25.561912668021716
13,50,24.871897135872324
13,51,22.851632615318653
13,52,22.590141416326215
13,53,21.527718818967642
13,54,23.2506441238954
13,55,22.506468428730184
13,56,22.545436127531914
13,57,20.581083416688585
13,58,22.48512853202509
13,59,20.387716946420742
13,60,19.635892763354764
13,61,17.986102062958075
13,62,21.005738614571914
13,63,20.87618360335303
13,64,21.011942999701056
13,65,17.89221539774062
13,66,16.160133309118827
13,67,17.87823223408983
13,68,16.69679038274553
13,69,12.925294388959887
13,70,13.56912743272932
13,71,12.000919550527309
13,72,15.083564293710914
13,73,13.751986196969545
13,74,16.16703673257836
13,75,17.003275742366778
13,76,19.526542341667685
13,77,20.696853526496152
13,78,17.795017814670118
13,79,15.249331110110777
13,80,11.61740974570459
13,81,11.030563524143945
13,82,8.180941359531127
13,83,10.391179407249235
13,84,13.747599851208683
14,1,13.016844474975468
14,2,10.404432713423875
14,3,7.036270129925939
14,4,5.795205532118002
14,5,4.751722956073046
14,6,6.3559998711129735
14,7,8.541772568662054
14,8,9.686693965564436
14,9,12.870476149568264
14,10,13.06542071166792
14,11,10.162718813193033
14,12,6.912430034042591
14,13,3.776017406844888
14,15,3.738653805449247
14,16,7.1084185732863405
14,17,9.412079495044578
14,18,13.107963914986563
14,19,15.70006853598636
14,20,19.126823936010787
14,21,21.447487631225975
14,22,24.709828680917887
14,23,25.276936514527467
14,24,26.65490753984147
14,25,26.739782592050773
14,26,23.1389208778163
14,27,22.448609636312423
14,28,18.895541017305753
14,29,17.945725636876976
14,30,14.945717395244879
14,31,15.900536358456469
14,32,13.9903293074556
14,33,11.92511081470046
14,34,11.386758257953305
14,35,12.958463816857543
14,36,15.670731777252156
14,37,17.68707524666103
14,38,21.510722240946695
14,39,23.504754173095133
14,40,26.377777151368743
14,41,23.891645304096652
14,42,24.405076010467372
14,43,28.013328651461638
14,44,29.243005651991105
14,45,26.716350556766717
14,46,29.35980753535562
14,47,29.482899313988362
14,48,26.521792027317137
14,49,23.822072743157698
14,50,23.04284263216558
14,51,21.279617976462447
14,52,20.603044315670846
14,53,19.05244551708097
14,54,20.495788160991495
14,55,20.545384254809132
14,56,21.048098697752973
14,57,19.663849739682064
14,58,22.090533138734383
14,59,20.395983382415917
14,60,19.469470005153674
14,61,18.255784976309826
14,62,21.424533594335575
14,63,21.430938923721968
14,64,22.22205518440329
14,65,19.20523025118409
14,66,17.039515155643226
14,67,19.146309536263306
14,68,18.61728353316714
14,69,14.783741942279732
14,70,15.4134548190928
14,71,13.20810905936496
14,72,15.910469912711488
14,73,14.158060185923164
14,74,15.867952834613233
14,75,16.450749774121842
14,76,18.366358628183878
14,77,18.578687627289455
14,78,16.07502060755637
14,79,13.342825300403232
14,80,9.680730174227412
14,81,8.699019995604054
14,82,6.5888918086346875
14,83,8.814881574869524
14,84,11.653481987384675
15,1,9.969133625435175
15,2,8.14228183258779
15,3,5.6706433290362135
15,4,5.654085301273124
15,5,6.783323997295396
15,6,8.084858517526543
15,7,10.837984894537975
15,8,11.529069884041546
15,9,15.01213949695197
15,10,15.772156217867234
15,11,13.29196198337357
15,12,10.31430467075139
15,13,6.8689351385870205
15,14,3.738653805449247
15,16,3.7142076673991427
15,17,6.032212892424109
15,18,9.822597563957329
15,19,12.610901104615024
15,20,16.01443252178073
15,21,18.27242302827825
15,22,21.686142912409043
15,23,22.130620204049045
15,24,23.243043789302593
15,25,23.284664021149677
15,26,19.641520518895554
15,27,18.932737738756956
15,28,15.478588923253376
15,29,14.701690114665787
15,30,11.978888636694887
15,31,13.496565338746612
15,32,11.750219693061423
15,33,9.953648888120993
15,34,8.760413520028797
15,35,10.327963158232581
15,36,12.711849677765523
15,37,15.027685310901207
15,38,18.84043201870392
15,39,20.578044223631178
15,40,23.695216369515773
15,41,21.531320454251727
15,42,21.86489427811048
15,43,25.499658753461336
15,44,26.43839620690459
15,45,23.680666876683965
15,46,26.203428037241267
15,47,26.10409640597316
15,48,23.143736159871896
15,49,20.498118983587407
15,50,19.54965618142198
15,51,17.872787695169563
15,52,17.031621400581717
15,53,15.378923111497734
15,54,16.917008469626193
15,55,17.254613999648345
15,56,17.838577944320512
15,57,16.80161471467602
15,58,19.597321112217
15,59,18.1596835524563
15,60,17.043437947816745
15,61,16.25327341139269
15,62,19.509715088494794
15,63,19.794015811057186
15,64,21.154806785396342
15,65,18.230697525939085
15,66,15.877311030624481
15,67,18.469015290609487
15,68,18.478339673679983
15,69,14.749293235005052
15,70,15.102940512513358
15,71,12.355597851283632
15,72,14.536851519258484
15,73,12.655919375282728
15,74,13.805525235829935
15,75,14.549334195282064
15,76,16.096289276506607
15,77,15.044587795120417
15,78,12.846433770684442
15,79,9.912138397901455
15,80,6.324155894077052
15,81,5.3816082297461
15,82,4.7737382929795125
15,83,7.643802192735923
15,84,10.139398839562471
16,1,6.466156003143053
16,2,5.447608568742516
16,3,4.486616237493156
16,4,6.386995325768807
16,5,9.087460821688923
16,6,10.840363339994234
16,7,14.031076381344716
16,8,14.921116100918493
16,9,18.52598380552052
16,10,19.252588082420232
16,11,16.900044809857675
16,12,13.76754160765575
16,13,10.506973672275137
16,14,7.1084185732863405
16,15,3.7142076673991427
16,17,3.7918048935297164
16,18,7.1448418264414
16,19,10.546405262352284
16,20,13.50795606216706
16,21,16.084843757729608
16,22,19.465558661711103
16,23,19.412419274637255
16,24,20.334199081551855
16,25,20.01325829725112
16,26,16.312256859998815
16,27,15.369919979255425
16,28,11.827320007172963
16,29,11.064517790464233
16,30,8.576842409487194
16,31,10.694743191183314
16,32,11.822203919961316
16,33,10.944175823818455
16,34,9.352043470979266
16,35,10.784454241275537
16,36,12.31790825479061
16,37,14.75766426835127
16,38,18.43439839931381
16,39,19.557864603702743
16,40,22.930530618225045
16,41,21.12186843079291
16,42,20.92527999862724
16,43,24.431887917717205
16,44,24.85422140381021
16,45,21.935352339508594
16,46,24.461125955565546
16,47,23.896103486331246
16,48,20.742438761431053
16,49,18.485318032758588
16,50,17.5350308367669
16,51,16.343088921895358
16,52,15.146203247637365
16,53,13.002876482690468
16,54,14.336136723577997
16,55,15.802884510368258
16,56,16.779880809485718
16,57,16.480505996516246
16,58,19.743050997377974
16,59,18.712269999174293
16,60,17.31990694236415
16,61,16.966828549813613
16,62,20.083699026064192
16,63,20.425969130870314
16,64,22.382289077207897
16,65,19.76906438007769
16,66,17.126675951568558
16,67,19.873971784079124
16,68,20.502210743636674
16,69,16.983788155638717
16,70,17.389618718728258
16,71,14.474374214322621
16,72,16.164399668038143
16,73,14.289444635521923
16,74,14.69926716299309
16,75,15.368551724048084
16,76,16.171944327052593
16,77,12.817725197453834
16,78,11.295466343667481
16,79,8.51595987289222
16,80,5.842469447597194
16,81,5.156974145749464
16,82,6.852192959475758
16,83,9.124916790369163
16,84,10.480921824831343
17,1,5.501956451028628
17,2,5.564016983045337
17,3,6.5049467688653815
17,4,7.269699926418352
17,5,10.210619755986398
17,6,11.065848248967775
17,7,14.347356206294716
17,8,15.154176892111701
17,9,18.911555622524656
17,10,19.794041221552305
17,11,18.099519133839713
17,12,15.237860346074347
17,13,12.161306277684604
17,14,9.412079495044578
17,15,6.032212892424109
17,16,3.7918048935297164
17,18,3.803706819842109
17,19,6.823575115846274
17,20,10.03700933298234
17,21,12.468030133326069
17,22,15.843987538817505
17,23,16.11291801678695
17,24,17.25847964300245
17,25,17.435246902325648
17,26,13.904229358910717
17,27,13.778740868464416
17,28,10.668088827080421
17,29,11.1702500887674
17,30,9.909823684433444
17,31,12.941958205727907
17,32,13.35883044819002
17,33,12.06348318298772
17,34,9.349469762280341
17,35,9.399238979493232
17,36,9.904519507247434
17,37,11.75891086764116
17,38,15.362698795988901
17,39,16.1728994040163
17,40,19.477982171747694
17,41,17.632963279407413
17,42,17.211023082229083
17,43,20.67343379564679
17,44,21.098217230398134
17,45,18.265293098119432
17,46,20.93620032895353
17,47,20.542890191618014
17,48,17.36676899435405
17,49,15.046512924030257
17,50,14.528084931200457
17,51,13.730496898551324
17,52,13.21843669192454
17,53,11.69443173158355
17,54,13.868337542607623
17,55,15.29172800421077
17,56,15.615112383406597
17,57,15.204810457473053
17,58,18.566482616181396
17,59,17.221450017177233
17,60,15.184315868423047
17,61,14.611880040779614
17,62,17.347113476075908
17,63,17.451213299368856
17,64,19.77817365972799
17,65,17.580436284587638
17,66,14.635059741407316
17,67,17.362341802366863
17,68,18.573233200986248
17,69,15.398937283354554
17,70,16.053447756456123
17,71,13.386691749088797
17,72,14.991370279145238
17,73,13.878422129392332
17,74,14.467799233564621
17,75,15.951661702547923
17,76,16.933325683291514
17,77,9.715249647036462
17,78,7.786784279732029
17,79,5.742926958154282
17,80,4.2961837329755985
17,81,6.135288898129006
17,82,8.6915613583498
17,83,11.654659682957845
17,84,13.24542246529247
18,1,4.578506409640602
18,2,6.448694371405672
18,3,9.03964397058972
18,4,9.986930441143109
18,5,13.234731134973499
18,6,13.965314018692746
18,7,17.30650260266731
18,8,18.207541526607418
18,9,21.98359373319494
18,10,22.836911171008342
18,11,21.471141617799347
18,12,18.65045536001713
18,13,15.776386466034081
18,14,13.107963914986563
18,15,9.822597563957329
18,16,7.1448418264414
18,17,3.803706819842109
18,19,3.8008748725076975
18,20,6.364284205902387
18,21,9.145781489205074
18,22,12.365371536141144
18,23,12.347615829499954
18,24,13.582140465336144
18,25,13.827893883818797
18,26,10.453524292084563
18,27,10.949951373300982
18,28,8.359693290637113
18,29,10.088481262499363
18,30,10.194996237151445
18,31,13.838470751685806
18,32,15.729741629242557
18,33,14.795297434697575
18,34,11.744889240661038
18,35,11.030469718788863
18,36,10.16794792807322
18,37,11.357680045481928
18,38,14.468272143635025
18,39,14.383808351833848
18,40,17.71167483034397
18,41,16.188446368415413
18,42,15.054812866067456
18,43,18.233889940364566
18,44,18.154854799255606
18,45,15.32683144518481
18,46,18.133803382958938
18,47,17.43329445810095
18,48,14.029880161255607
18,49,12.17530099181999
18,50,12.181618569259951
18,51,12.35383798645648
18,52,12.147456821391042
18,53,10.812476311026655
18,54,13.243564013993367
18,55,15.492232395548076
18,56,15.662522416890846
18,57,15.754634863765272
18,58,19.28912287165117
18,59,18.083755269745208
18,60,15.569336978041331
18,61,15.166319936153709
18,62,17.33175515618513
18,63,17.249133996852773
18,64,20.120153096921648
18,65,18.518650454522017
18,66,15.362504980438551
18,67,17.941281698799465
18,68,19.83885812806907
18,69,17.142906565442424
18,70,17.975691359898875
18,71,15.55551991050436
18,72,16.785092702149527
18,73,16.139746706311964
18,74,16.4069065679824
18,75,18.143046699293407
18,76,18.75114655300334
18,77,7.301762166105022
18,78,6.054004377689859
18,79,5.792764245869711
18,80,6.750468829775373
18,81,9.133656467303464
18,82,12.216257931341325
18,83,15.007185603952697
18,84,16.164909836699692
19,1,8.075781304428123
19,2,9.79945338857642
19,3,12.344093293379158
19,4,12.485655316810405
19,5,15.3433363585432
19,6,15.285026046287276
19,7,18.328437590629875
19,8,19.01056708880593
19,9,22.67590806203555
19,10,23.682393346905158
19,11,22.903078017025017
19,12,20.4572991977276
19,13,17.80391354315913
19,14,15.70006853598636
19,15,12.610901104615024
19,16,10.546405262352284
19,17,6.823575115846274
19,18,3.8008748725076975
19,20,3.828183006536625
19,21,5.837404351841604
19,22,9.076165941133294
19,23,9.921185155684714
19,24,11.538663302880673
19,25,12.78299720367068
19,26,10.059973249145074
19,27,11.804825202405942
19,28,10.310682631284926
19,29,12.88631554208426
19,30,13.650561844848449
19,31,17.399430006912894
19,32,17.952664106221604
19,33,16.641584966967244
19,34,13.131425080606864
19,35,11.298467458599735
19,36,9.327653985288988
19,37,9.27464705887526
19,38,11.887448041085872
19,39,11.286273896121815
19,40,14.36557986040655
19,41,12.811426573190252
19,42,11.339517227043624
19,43,14.444599760598415
19,44,14.448784544951197
19,45,11.775883986468079
19,46,14.812671626558492
19,47,14.522661981462107
19,48,11.20789648381525
19,49,9.178628930442391
19,50,10.068406386608501
19,51,10.860941947993455
19,52,11.794847805732164
19,53,11.585508519404897
19,54,14.657153624207735
19,55,16.33889427092584
19,56,15.708144921831504
19,57,15.539278978044376
19,58,18.842675639590016
19,59,17.30996687102144
19,60,14.243434014774468
19,61,13.56741718680647
19,62,15.019494681490542
19,63,14.61698663117003
19,64,17.822815513823848
19,65,16.831086146818105
19,66,13.589410990604122
19,67,15.944915311205177
19,68,18.399269796316617
19,69,16.309605223108026
19,70,17.29355144616368
19,71,15.362546852219294
19,72,16.386367475210534
19,73,16.557704319745046
19,74,17.041646167063476
19,75,19.38313017897932
19,76,20.231624528092027
19,77,5.759627373086962
19,78,3.9051221930093267
19,79,6.111872627854741
19,80,8.391554046973125
19,81,11.598615620209486
19,82,14.589041846859942
19,83,17.673850479043352
19,84,19.107173606176186
20,1,9.343927994878808
20,2,11.686323271066867
20,3,14.869937711688445
20,4,15.393569130262918
20,5,18.50822938504638
20,6,18.705190854123437
20,7,21.847648339086188
20,8,22.71844553766529
20,9,26.386901803363855
20,10,27.257754033454926
20,11,26.532804642533833
20,12,23.974927861125597
20,13,21.41830709411004
20,14,19.126823936010787
20,15,16.01443252178073
20,16,13.50795606216706
20,17,10.03700933298234
20,18,6.364284205902387
20,19,3.828183006536625
20,21,3.8299517161394143
20,22,6.174057582828583
20,23,6.190335092100927
20,24,8.181003063340734
20,25,9.513562441984995
20,26,7.447000225226369
20,27,10.097992632043916
20,28,9.639528203932302
20,29,12.987686625239132
20,30,14.706734671098134
20,31,18.582069527262007
20,32,20.800158221773266
20,33,19.915085040398115
20,34,16.492010038381718
20,35,14.688480831787077
20,36,12.232591995485055
20,37,11.800227602855456
20,38,13.538291316756156
20,39,11.839080757625538
20,40,14.662115452195764
20,41,13.697249367283925
20,42,11.268588687205861
20,43,13.616160576244248
20,44,12.688306337516625
20,45,10.190127695160186
20,46,13.344651879498867
20,47,12.440383677507063
20,48,8.756477425046816
20,49,8.015717943051358
20,50,9.784263818916658
20,51,11.849946508745848
20,52,12.814046606764203
20,53,12.613222561560496
20,54,15.396557346408885
20,55,17.933565217036833
20,56,17.433132337840135
20,57,17.847841187410896
20,58,21.181954970021053
20,59,19.958521063157598
20,60,16.797107287493326
20,61,16.398315104589607
20,62,17.30329916968592
20,63,16.75669763091148
20,64,20.236489457264565
20,65,19.763639214223858
20,66,16.555076351846477
20,67,18.590783615105156
20,68,21.426574651023227
20,69,19.683177545274862
20,70,20.769910373359313
20,71,18.98844747755486
20,72,19.76600892555419
20,73,20.028380181704755
20,74,20.18340402099621
20,75,22.42656193664443
20,76,22.864472757046894
20,77,6.507202834822848
20,78,6.585245255794591
20,79,9.31319696114619
20,80,11.972844292667132
20,81,14.889817462719982
20,82,18.11504330656609
20,83,20.9702788240764
20,84,22.005568397693274
21,1,12.693715340677509
21,2,15.11934712303129
21,3,18.02457626547408
21,4,18.273358964449702
21,5,21.075139193016142
