1,2,3.828126892568646
1,3,6.191299039405287
1,4,8.965142122575893
1,5,7.982321249898707
1,6,7.349633753648343
1,7,10.577388846363862
1,8,12.236655183304904
1,9,12.098109580673581
1,10,13.14403794470566
1,11,15.712647199127371
1,12,17.03444015467621
1,13,17.513198775061984
1,14,19.104636822838035
1,15,21.33224013828595
1,16,22.545634453167384
1,17,23.519594239789757
1,18,25.283985730857246
1,19,27.136264085082
1,20,28.431517324823293
1,21,29.407123817024484
1,22,30.87880376870671
1,23,32.92845540170079
1,24,34.222752160491424
1,25,35.075142835814454
1,26,36.61541472329646
1,27,39.073328097674896
1,28,39.745876643685676
1,29,40.50702947612063
1,30,42.548888491400646
1,31,44.893302314833036
1,32,47.96888305886444
1,33,48.131167378009295
1,34,50.982429432970385
1,35,49.950006098338356
1,36,46.22409123919
1,37,44.53959338209773
1,38,40.96616319623582
1,39,42.273280158443214
1,40,40.945245580741016
1,41,37.31804483767114
1,42,36.741931803159346
1,43,37.70899443296757
1,44,36.10080341634715
1,45,32.717936562576526
1,46,33.66356295876238
1,47,34.63293051318374
1,48,31.339972858658246
1,49,29.380928290877893
1,50,32.145643172193104
1,51,31.59882448104062
1,52,27.78958631529377
1,53,27.818678814850255
1,54,30.778499116037505
1,55,33.121909753257526
1,56,35.80793661001002
1,57,38.61309777520757
1,58,40.976514808588504
1,59,41.903205440430305
1,60,40.57134283078431
1,61,39.9423848985503
1,62,40.40192854115911
1,63,43.73618770784739
1,64,43.262319132041426
1,65,41.78305744885513
1,66,39.12268581025845
1,67,38.375992937548894
1,68,37.78980056548219
1,69,35.6339712900319
1,70,33.504567772919785
1,71,33.53083106175758
1,72,32.25041678917106
1,73,29.241561208569827
1,74,28.499259450301917
1,75,29.00924634634073
1,76,26.73940369021331
1,77,23.90030448266515
1,78,24.204358518360117
1,79,24.53310337808057
1,80,21.532596020306805
1,81,19.34772455295747
1,82,20.450271658948566
1,83,20.38311570716819
1,84,16.737906654367382
1,85,16.076676050854363
1,86,18.30562439241358
1,87,16.520846196531213
1,88,13.172400720673894
1,89,15.374808232906606
1,90,16.852554515897687
1,91,13.781223619354732
1,92,13.108677551488041
1,93,16.823133984119462
1,94,17.11397583868133
1,95,14.459721567298802
1,96,16.00093756468854
1,97,19.508596943476302
1,98,18.938975152452493
1,99,18.296023808089977
1,100,21.397040585159587
1,101,23.228347065404908
1,102,21.911285239577154
1,103,19.77234271778223
2,1,3.828126892568646
2,3,3.8008179425233775
2,4,5.67567778888089
2,5,5.607854859153852
2,6,6.401376928083866
2,7,8.837392108436218
2,8,10.198531834201393
2,9,11.197304438088402
2,10,12.52259381579138
2,11,14.272354070862246
2,12,15.885095572622784
2,13,17.13113798091628
2,14,18.40527813224081
2,15,20.149550332436846
2,16,21.840187193693676
2,17,23.118552710067107
2,18,24.3905127419515
2,19,26.153031715193247
2,20,27.925264597737854
2,21,28.907070694170027
2,22,29.92684677493096
2,23,32.097666761943515
2,24,33.72294639723412
2,25,34.36659004610207
2,26,35.5841872783867
2,27,38.264675809964594
2,28,39.111251391592724
2,29,39.560115912438356
2,30,41.44125433287215
2,31,44.02457511072952
2,32,47.06557792148667
2,33,46.932609484514636
2,34,49.696730643271465
2,35,48.50822776170449
2,36,44.85263240910935
2,37,43.201317884370354
2,38,39.725925100726776
2,39,41.34736137633342
2,40,40.23973185799923
2,41,36.74000145837859
2,42,36.07686939439416
2,43,36.66696110258351
2,44,35.03975360484181
2,45,31.75195517197695
2,46,32.39622863446436
2,47,33.11858043237942
2,48,29.87936662734098
2,49,27.805317467506168
2,50,30.25685171394195
2,51,29.580864151456908
2,52,25.778608821118503
2,53,25.54066306400338
2,54,28.31455396813354
2,55,30.7060400341648
2,56,33.525118727256014
2,57,36.393208640957404
2,58,38.83567738905448
2,59,40.03208219827206
2,60,38.848597542309335
2,61,38.128063576645836
2,62,38.73516159969028
2,63,42.039866153734565
2,64,41.74997705830715
2,65,40.22293384189052
2,66,37.81314512344909
2,67,36.97898322670262
2,68,36.06155447086681
2,69,34.02132436026688
2,70,32.10145469967137
2,71,31.797951202393243
2,72,30.29343237055963
2,73,27.557337751887932
2,74,26.80283531621647
2,75,26.855350635379633
2,76,24.51198487113115
2,77,21.995937776042187
2,78,22.075372707620136
2,79,21.934011342376294
2,80,19.00000860119131
2,81,17.074556833068478
2,82,17.804006733448748
2,83,17.328215562445557
2,84,13.781124593647414
2,85,13.161088886373635
2,86,14.951052017287921
2,87,12.938342536861596
2,88,9.64488862706583
2,89,11.927952729591668
2,90,13.106187922940357
2,91,9.985368585225194
2,92,9.666598405922015
2,93,13.400057797332893
2,94,13.568719843790342
2,95,11.27212301945717
2,96,13.189569488614326
2,97,16.48044246006413
2,98,16.09804126896234
2,99,16.008219482009775
2,100,18.966190109664087
2,101,20.73611553571163
2,102,19.90547758928457
2,103,17.662652952367715
3,1,6.191299039405287
3,2,3.8008179425233775
3,4,3.80539368794183
3,5,5.365630881876559
3,6,4.882252209323934
3,7,5.940807220701736
3,8,8.355594121898363
3,9,9.829588433043474
3,10,10.203184131860736
3,11,11.734986882939792
3,12,14.071084949683105
3,13,15.25896011198731
3,14,15.853918748858971
3,15,17.748500875398044
3,16,19.8575568155704
3,17,20.783675699842885
3,18,21.719737458026206
3,19,23.82164401560225
3,20,25.708445086229354
3,21,26.31403120678417
3,22,27.236642385041574
3,23,29.692787863017518
3,24,31.226002849234067
3,25,31.561669309086255
3,26,32.84046823707695
3,27,35.67761927269496
3,28,36.33957285741969
3,29,36.606517003932936
3,30,38.62582053941197
3,31,41.301362978312774
3,32,44.20698619984182
3,33,44.04280723106029
3,34,46.916250112099085
3,35,45.876358864115495
3,36,42.230284445960486
3,37,40.81257273206727
3,38,37.29450076576664
3,39,38.95599610281846
3,40,38.1060492197563
3,41,34.69351845237632
3,42,34.33389306360782
3,43,34.78666750083812
3,44,32.85606693222003
3,45,29.76679231033871
3,46,30.60903920154811
3,47,30.99052544767079
3,48,27.590022147121907
3,49,25.864398558751123
3,50,28.30393853129536
3,51,27.24085089678531
3,52,23.434789444138367
3,53,23.58784741800187
3,54,26.131736199416004
3,55,28.8419953484199
3,56,31.411017403901532
3,57,34.50222842213013
3,58,36.6946895722941
3,59,38.025392013367394
3,60,36.60560903438291
3,61,35.59981245809712
3,62,35.961451545927936
3,63,39.1433020162836
3,64,38.67598750134805
3,65,36.96674691350082
3,66,34.58327964555988
3,67,33.959625867299415
3,68,32.963960421920284
3,69,30.744178004469607
3,70,28.99926884936046
3,71,28.854237406330395
3,72,27.149078955740464
3,73,24.355263493402415
3,74,23.935107140361897
3,75,24.038546150998584
3,76,21.431468221438976
3,77,19.004587234686856
3,78,19.528322086254505
3,79,19.321265446619563
3,80,16.084447393899982
3,81,14.536550360318905
3,82,15.826222299706666
3,83,15.074625665294157
3,84,11.362026365904214
3,85,11.688036044008044
3,86,13.726156586825882
3,87,11.349900605466045
3,88,8.727387204824861
3,89,11.938429226557792
3,90,12.86691514974583
3,91,10.058932357882519
3,92,10.953414635503734
3,93,14.567577958214398
3,94,14.44285427615034
3,95,12.92788326775416
3,96,15.418163563653112
3,97,18.273535033683284
3,98,17.912114401891643
3,99,18.513167072106977
3,100,21.380775972003608
3,101,22.884876292413622
3,102,22.377024831426596
3,103,19.811509001660813
4,1,8.965142122575893
4,2,5.67567778888089
4,3,3.80539368794183
4,5,3.78534181716986
4,6,5.459247824334404
4,7,5.213573231701366
4,8,6.126663273297891
4,9,8.797078933347658
4,10,9.900258701028628
4,11,10.25932910086778
4,12,12.419776306979179
4,13,14.485042544906378
4,14,15.049304795128826
4,15,16.16278192764562
4,16,18.513367440525997
4,17,19.96803901496199
4,18,20.5177462971337
4,19,22.24101656640916
4,20,24.550077994631774
4,21,25.399869521269682
4,22,25.859864382569054
4,23,28.215091614822438
4,24,30.15129841150155
4,25,30.47724514780057
4,26,31.340656363122577
4,27,34.26942370785899
4,28,35.25153783171391
4,29,35.326375233089095
4,30,37.04885867545586
4,31,39.878684602991086
4,32,42.833559501481304
4,33,42.399628801873206
4,34,45.091895763251955
4,35,43.81010647297515
4,36,40.23833380848912
4,37,38.71382284886669
4,38,35.33575534268904
4,39,37.26948022698431
4,40,36.50342951364321
4,41,33.21257409049272
4,42,32.619388560657406
4,43,32.75315354424562
4,44,30.971944229869564
4,45,27.91531453059502
4,46,28.361743533913778
4,47,28.660562986490604
4,48,25.42962721724689
4,49,23.446824578763234
4,50,25.584323096694373
4,51,24.60525871276575
4,52,20.840724309801242
4,53,20.584050773213054
4,54,23.078562369494
4,55,25.673710186129703
4,56,28.433491007944635
4,57,31.463062568902973
4,58,33.81524880047481
4,59,35.28716387275466
4,60,34.10960475276729
4,61,33.19243792356309
4,62,33.843047934597315
4,63,37.07550526852626
4,64,36.92422765958743
4,65,35.36233278439476
4,66,33.20907817926458
4,67,32.30117388933174
4,68,31.07687197422103
4,69,29.162303382806996
4,70,27.46014268333307
4,71,26.86009169974934
4,72,25.156170412790967
4,73,22.697337421940585
4,74,21.969332656478166
4,75,21.622657994160416
4,76,19.2113958968141
4,77,17.02034014607279
4,78,16.994094229050834
4,79,16.458001029869873
4,80,13.5384854048616
4,81,11.949961496603134
4,82,12.606958694882541
4,83,11.742287326743043
4,84,8.180917658922654
4,85,8.153890955138552
4,86,9.94229417255995
4,87,7.731600533031976
4,88,4.958935746180664
4,89,8.35169730338892
4,90,9.479833032710953
4,91,7.3224671090530755
4,92,8.442026964899727
4,93,11.858249826099717
4,94,12.179414402798505
4,95,11.49873444453278
4,96,13.826758759923617
4,97,16.38966235103983
4,98,16.68248074862735
4,99,17.655027147013264
4,100,20.02288827693678
4,101,21.729543746986455
4,102,21.84062486118628
4,103,19.55512229630381
5,1,7.982321249898707
5,2,5.607854859153852
5,3,5.365630881876559
5,4,3.78534181716986
5,6,3.807232688164679
5,7,5.511655436054537
5,8,5.021993216247702
5,9,6.443956358841102
5,10,8.713481151468617
5,11,9.657854830555555
5,12,10.756818955082313
5,13,12.670986364947069
5,14,14.151306484734341
5,15,15.256111611076602
5,16,16.92928576890537
5,17,18.720789041238685
5,18,19.84464551104185
5,19,21.18367717632502
5,20,23.195995581946878
5,21,24.507940951383908
5,22,25.241916491330624
5,23,27.198186821986887
5,24,29.139198904117674
5,25,29.929441430634153
5,26,30.833222236415132
5,27,33.472743164154075
5,28,34.63626112025176
5,29,35.073850254627885
5,30,36.67573462828565
5,31,39.281453464785585
5,32,42.43032092560245
5,33,42.173813616327635
5,34,44.77085687277644
5,35,43.400554809094764
5,36,39.770637154381276
5,37,37.960616213345325
5,38,34.56503787485017
5,39,36.297884719104374
5,40,35.16311650046172
5,41,31.726830769768426
5,42,30.875347351089975
5,43,31.310080296916475
5,44,29.8267644599056
5,45,26.508803593926437
5,46,26.94027748582857
5,47,27.72521760715929
5,48,24.611600954178066
5,49,22.343636857137717
5,50,24.762569774276457
5,51,24.292318819416657
5,52,20.51675832344464
5,53,20.13024326206567
5,54,23.082790933562226
5,55,25.31333711104694
5,56,28.16247789610717
5,57,30.92511766588085
5,58,33.432566307324784
5,59,34.535903889067995
5,60,33.46150241249931
5,61,32.92282885524947
5,62,33.75603813125066
5,63,37.17288471792628
5,64,37.14543304162064
5,65,35.91033781804732
5,66,33.56076133350061
5,67,32.36998760365185
5,68,31.494132357308178
5,69,29.793336654090876
5,70,27.662662853767966
5,71,27.05567090065142
5,72,25.858010726168096
5,73,23.26661828567473
5,74,22.031473973153265
5,75,22.038939697889045
5,76,20.12533313051829
5,77,17.457087654865635
5,78,17.033109157304523
5,79,17.19001560267802
5,80,14.665187377332748
5,81,12.164776599967949
5,82,12.658384662590738
5,83,12.901361450483424
5,84,9.512355090569475
5,85,8.17770926169318
5,86,10.740608826312553
5,87,9.783284538353564
5,88,6.342881769664015
5,89,8.692909647745287
5,90,11.075967131573925
5,91,9.397318512277982
5,92,8.995287411740572
5,93,12.599029996355284
5,94,13.874893586255567
5,95,12.85701940055623
5,96,14.295519826271113
5,97,17.329455441021214
5,98,18.068634311890143
5,99,18.366931498894214
5,100,20.54374161085603
5,101,22.792189430008403
5,102,22.786278936705152
5,103,20.959133443698324
6,1,7.349633753648343
6,2,6.401376928083866
6,3,4.882252209323934
6,4,5.459247824334404
6,5,3.807232688164679
6,7,3.7925686596149717
6,8,5.331797434957449
6,9,5.258725262498016
6,10,6.160865596797612
6,11,8.370004728280781
6,12,9.933866691969051
6,13,10.795513320723924
6,14,12.090853229162395
6,15,14.06141569634616
6,16,15.609478103844591
6,17,16.730989988896578
6,18,18.165339045116408
6,19,19.980475351817812
6,20,21.58536105930531
6,21,22.559141353989666
6,22,23.735081822825325
6,23,25.85520262713011
6,24,27.36783748942759
6,25,28.11428246565371
6,26,29.4430731464752
6,27,32.01202342940753
6,28,32.829151132912266
6,29,33.44100936556432
6,30,35.355806738363285
6,31,37.8106392881204
6,32,40.89405355148353
6,33,40.917317720348976
6,34,43.71764586023158
6,35,42.63936818610862
6,36,38.92825452055409
6,37,37.28818506758054
6,38,33.727482183118845
6,39,35.170797624944
6,40,34.02811156101763
6,41,30.50043320871279
6,42,30.021635328427344
6,43,30.745876033815534
6,44,28.984774051227408
6,45,25.711849561548128
6,46,26.679131622880206
6,47,27.4251245846184
6,48,24.06906473051223
6,49,22.249415545038683
6,50,25.0329235983036
6,51,24.33962071523724
6,52,20.53067731243435
6,53,20.831856263277828
6,54,23.77481167111755
6,55,26.24765556483843
6,56,28.72332877087871
6,57,31.62507228582403
6,58,33.823728343404404
6,59,34.76723232689706
6,60,33.314074772114374
6,61,32.60792990035116
6,62,33.0583231112215
6,63,36.410532941074955
6,64,36.02421784278204
6,65,34.66590354225459
6,66,32.05448594474942
6,67,31.142043876286802
6,68,30.549694261469927
6,69,28.544049981262084
6,70,26.31992500746805
6,71,26.226928733913688
6,72,25.08500907336654
6,73,22.101447793445992
6,74,21.179796982220022
6,75,21.774503628478175
6,76,19.681553815641916
6,77,16.673640893813918
6,78,16.96296798803273
6,79,17.623335845046626
6,80,14.71540122803531
6,81,12.239975435323363
6,82,13.790590120327808
6,83,14.218059484256743
6,84,10.597098044002323
6,85,10.217202969181225
6,86,13.317051772388089
6,87,12.149620430262637
6,88,9.314375725603751
6,89,12.196873288751464
6,90,14.33931765573889
6,91,12.493775501583844
6,92,12.600233225711808
6,93,16.250448250366386
6,94,17.155507631006543
6,95,15.95726056004621
6,96,17.70434417398761
6,97,20.78469432236856
6,98,21.148763867767812
6,99,21.425277652093968
6,100,23.894642816149037
6,101,25.961577161237187
6,102,25.653187434758483
6,103,23.5389619675586
7,1,10.577388846363862
7,2,8.837392108436218
7,3,5.940807220701736
7,4,5.213573231701366
7,5,5.511655436054537
7,6,3.7925686596149717
7,8,3.8128697133666463
7,9,5.425136222396843
7,10,4.955579457155482
7,11,5.818903048147757
7,12,8.568443371072728
7,13,9.9156036785556
7,14,10.106519372117116
7,15,11.834147806320718
7,16,14.155930036566726
7,17,15.103246184245425
7,18,15.835591112441652
7,19,17.913542307902144
7,20,19.92760778407812
7,21,20.542880868294215
7,22,21.32963639371102
7,23,23.78112371885387
7,24,25.408565601356457
7,25,25.75108889718436
7,26,26.9335544171385
7,27,29.768495663396212
7,28,30.529515487872924
7,29,30.801836775199718
7,30,32.7382611455493
7,31,35.407014187906654
7,32,38.35630490200227
7,33,38.1877312633224
7,34,41.03092129032837
7,35,39.99143517693314
7,36,36.326369898847574
7,37,34.906743530958146
7,38,31.36723739499941
7,39,33.02301490045356
7,40,32.237906959238224
7,41,28.88092466107686
7,42,28.629690777893217
7,43,29.004981248887304
7,44,26.962776916665895
7,45,23.94965847207021
7,46,24.91988772347837
7,47,25.197629132589118
7,48,21.72872730210185
7,49,20.19177869176073
7,50,22.771491763436803
7,51,21.635926212850215
7,52,17.827174561093056
7,53,18.383239897630222
7,54,20.99779735839115
7,55,23.793026551282384
7,56,26.09261383318787
7,57,29.22668107825266
7,58,31.234959864002544
7,59,32.438544656329256
7,60,30.854393616805556
7,61,29.844244372353906
7,62,30.160623873557796
7,63,33.39824669831993
7,64,32.96570930441948
7,65,31.435513910800168
7,66,28.97952804241663
7,67,28.183914254589034
7,68,27.341282920672757
7,69,25.251406560192518
7,70,23.278467054847138
7,71,23.1297707421938
7,72,21.695327218202795
7,73,18.795982691169247
7,74,18.149293620553337
7,75,18.546057953897574
7,76,16.17632882405907
7,77,13.376504960873417
7,78,13.983428458686543
7,79,14.372792468914788
7,80,11.196866938083055
7,81,9.178402018772697
7,82,11.219283953770583
7,83,11.250975712225172
7,84,7.59527114767228
7,85,8.359248943595574
7,86,11.465161965179055
7,87,10.11137579775282
7,88,8.32373524506773
7,89,11.718358537225186
7,90,13.451715396131227
7,91,12.15324853990525
7,92,13.20411196118159
7,93,16.49979363864571
7,94,17.150218927303968
7,95,16.69478471307427
7,96,18.837240798671164
7,97,21.43828188800288
7,98,21.888263456959614
7,99,22.783568320973618
7,100,25.092592664333313
7,101,26.92048201297697
7,102,27.00083932958711
7,103,24.693955128375556
8,1,12.236655183304904
8,2,10.198531834201393
8,3,8.355594121898363
8,4,6.126663273297891
8,5,5.021993216247702
8,6,5.331797434957449
8,7,3.8128697133666463
8,9,3.7855506321047425
8,10,5.541432602234192
8,11,4.924142830826043
8,12,6.33636933027404
8,13,8.87433041009647
8,14,9.785480294066648
8,15,10.417924497435381
8,16,12.518944995050328
8,17,14.379704224124866
8,18,15.07968221418079
8,19,16.403683002456148
8,20,18.694173048689425
8,21,19.918156439080914
8,22,20.377892887661705
8,23,22.427894925300627
8,24,24.498839845398106
8,25,25.149797318605494
8,26,25.908529456622823
8,27,28.64116250782994
8,28,29.859301225284746
8,29,30.170357976580476
8,30,31.71203571033594
8,31,34.39130938454117
8,32,37.51287439641815
8,33,37.181755260219525
8,34,39.775745260563
8,35,38.42804192683084
8,36,34.800192032137346
8,37,33.07626802677577
8,38,29.66773222343367
8,39,31.481829979642153
8,40,30.534579496301436
8,41,27.20186728302669
8,42,26.51738399816052
8,43,26.75446880963217
8,44,25.07443152793149
8,45,21.89894445737647
8,46,22.41932784282202
8,47,22.94863550092408
8,48,19.732549174867273
8,49,17.67232732480245
8,50,20.14019140377769
8,51,19.45586114728049
8,52,15.650868042819022
8,53,15.637954154294826
8,54,18.565616584615732
8,55,20.99909224203101
8,56,23.589908235352222
8,57,26.49468955341295
8,58,28.79413475003391
8,59,29.909778451704796
8,60,28.65188885598304
8,61,27.991389361947135
8,62,28.74603741060049
8,63,32.15876272985264
8,64,32.14064175525753
8,65,30.976119238684593
8,66,28.648996107691843
8,67,27.37191150375739
8,68,26.514283459326094
8,69,24.903734234622444
8,70,22.707934105430255
8,71,22.048382020220632
8,72,20.967465223285135
8,73,18.382821322818767
8,74,17.01809657597323
8,75,17.141851095918334
8,76,15.381159783807245
8,77,12.54087082188065
8,78,12.124865895970194
8,79,12.67426724547411
8,80,10.242346725729075
8,81,7.348872520891308
8,82,8.491209692267535
8,83,9.392845342541973
8,84,6.189942564438149
8,85,5.413478452008038
8,86,9.028271332513825
8,87,8.903088463561303
8,88,6.963465546590687
8,89,9.554280125723158
8,90,12.07722237871034
8,91,11.673138494416934
8,92,12.10462185892939
8,93,15.095110486200596
8,94,16.512914915391047
8,95,16.47265435926091
8,96,18.02029566216198
8,97,20.54855945601971
8,98,21.65240032834207
8,99,22.45922388540758
8,100,24.28425281570105
8,101,26.4842023071645
8,102,26.934061701512555
8,103,25.06540288489876
9,1,12.098109580673581
9,2,11.197304438088402
9,3,9.829588433043474
9,4,8.797078933347658
9,5,6.443956358841102
9,6,5.258725262498016
9,7,5.425136222396843
9,8,3.7855506321047425
9,10,3.785962317761421
9,11,5.099417223470205
9,12,4.973980649977425
9,13,6.274547098064203
9,14,8.379704597871969
9,15,9.670933185437757
9,16,10.74078058225151
9,17,12.505143837944859
9,18,14.110651964951025
9,19,15.330190397527904
9,20,16.963693131293063
9,21,18.453521909303845
9,22,19.517944281985738
9,23,21.24456483457037
9,24,23.009529561068256
9,25,24.104013597059232
9,26,25.190710895725243
9,27,27.56906007202949
9,28,28.72566558051013
9,29,29.504959638814398
9,30,31.131882932547718
9,31,33.482325337084355
9,32,36.7316701375467
9,33,36.75153004835355
9,34,39.37841300740283
9,35,38.14554393401481
9,36,34.429882874207465
9,37,32.556967903408335
9,38,29.040889638948467
9,39,30.45167302850953
9,40,29.13415164498195
9,41,25.594692401890732
9,42,24.90385699853442
9,43,25.655859618429375
9,44,24.096433308346413
9,45,20.695714819348407
9,46,21.58472882112258
9,47,22.58734221811109
9,48,19.365405334680116
9,49,17.36528209514142
9,50,20.34066477800888
9,51,20.02855375934978
9,52,16.307340871122275
9,53,16.644814960239625
9,54,19.89684727702502
9,55,22.07436303769773
9,56,24.4521321820021
9,57,27.14553959187225
9,58,29.361211077220073
9,59,30.01362019766643
9,60,28.617234478526044
9,61,28.213873767057997
9,62,28.87760661383036
9,63,32.38435203545008
9,64,32.24342642792655
9,65,31.302151597360606
9,66,28.648437473725885
9,67,27.30933323900099
9,68,26.974591492400865
9,69,25.377438180120443
9,70,22.756551058007034
9,71,22.454682904829724
9,72,21.90077865556613
9,73,18.995261146859423
9,74,17.400157415611773
9,75,18.271234309603138
9,76,16.90514746402044
9,77,13.53669831235649
9,78,13.26764161641458
9,79,14.763888036029662
9,80,12.589171748329925
9,81,9.252858065690317
9,82,10.80389168597218
9,83,12.544740467320866
9,84,9.683350518579097
9,85,8.637056762796233
9,86,12.400124810163973
9,87,12.651448364544425
9,88,10.41482440142863
9,89,12.593519239673526
9,90,15.490477240559576
9,91,14.882764758935913
9,92,14.717948504054727
9,93,17.905273508676107
9,94,19.582018616553366
9,95,19.089955714752698
9,96,20.31364399630323
9,97,23.196140397806396
9,98,24.293610013385617
9,99,24.634319210136947
9,100,26.54154487294021
9,101,28.9732713343581
9,102,29.133903974519175
9,103,27.390911736567045
10,1,13.14403794470566
10,2,12.52259381579138
10,3,10.203184131860736
10,4,9.900258701028628
10,5,8.713481151468617
10,6,6.160865596797612
10,7,4.955579457155482
10,8,5.541432602234192
10,9,3.785962317761421
10,11,3.7922240729193963
10,12,5.486000978219527
10,13,5.277519126133049
10,14,5.97494257966987
10,15,8.478855731113827
10,16,10.015791780581598
10,17,10.654426965435709
10,18,12.13997373319883
10,19,14.200875650610724
10,20,15.63747136807986
10,21,16.414667583073374
10,22,17.736978669255034
10,23,19.921643041524074
10,24,21.26454598901423
10,25,21.998551995595243
10,26,23.474468413212406
10,27,25.98069727192711
10,28,26.697520662750332
10,29,27.41519644943399
10,30,29.412524717493802
10,31,31.765265659844307
10,32,34.842378277943205
10,33,35.012967147653974
10,34,37.88523684377706
10,35,36.977914654944676
10,36,33.22320545356314
10,37,31.69480127473212
10,38,28.037787698453904
10,39,29.300681382821168
10,40,28.23860597719766
10,41,24.732964126217194
10,42,24.61051449558215
10,43,25.40905975460457
10,44,23.36471772651022
10,45,20.23195629186066
10,46,21.670733627124594
10,47,22.271422861306466
10,48,18.745878797241392
10,49,17.461171364346523
10,50,20.56875654650497
10,51,19.700923992542847
10,52,16.011642992346808
10,53,17.16396780187634
10,54,20.06551233134437
10,55,22.66502411027995
10,56,24.578288861648034
10,57,27.541913515904877
10,58,29.336250332699045
10,59,30.05002180356206
10,60,28.220984473558072
10,61,27.42042479474868
10,62,27.593301164544602
10,63,30.930413439507113
10,64,30.377921482795088
10,65,29.15338741103494
10,66,26.34151847286927
10,67,25.414064348547914
10,68,25.17450735300372
10,69,23.170948945036013
10,70,20.66060433370245
10,71,20.88909451488568
10,72,20.142922555641313
10,73,16.88943104190183
10,74,15.8954597965161
10,75,17.2192798903094
10,76,15.448289751458551
10,77,11.947551968196738
10,78,12.734534286193666
10,79,14.408323992334648
10,80,11.742351604861268
10,81,9.005979038692542
10,82,11.711270855564807
10,83,13.053841615797896
10,84,10.128775654530882
10,85,10.469332455904558
10,86,14.16267542320035
10,87,13.861582249599392
10,88,12.263747204949494
10,89,15.084643736196451
10,90,17.446167485990323
10,91,16.646029377794143
10,92,17.18704561953859
10,93,20.428496637013414
10,94,21.59302419865439
10,95,21.14555244265357
10,96,22.870212472789802
10,97,25.63758659118604
10,98,26.38137818160014
10,99,26.991348333337548
10,100,29.15192908446563
10,101,31.281851793623744
10,102,31.338027482133842
10,103,29.233169386460016
11,1,15.712647199127371
11,2,14.272354070862246
11,3,11.734986882939792
11,4,10.25932910086778
11,5,9.657854830555555
11,6,8.370004728280781
11,7,5.818903048147757
11,8,4.924142830826043
11,9,5.099417223470205
11,10,3.7922240729193963
11,12,3.813581710621178
11,13,5.611043047310604
11,14,5.1034142873384285
11,15,6.029748056263909
11,16,8.657779882847095
11,17,9.888142495510008
11,18,10.316259427495186
11,19,12.12762364616253
11,20,14.368834102620943
11,21,15.186450107053888
11,22,15.732637339137469
11,23,18.044597265483237
11,24,19.893863057229076
11,25,20.3667224763788
11,26,21.337866221574636
11,27,24.113439228516025
11,28,25.11231420908762
11,29,25.44466392999631
11,30,27.18374580669365
11,31,29.817008839437722
11,32,32.87295905382546
11,33,32.692024565981164
11,34,35.442505785181794
11,35,34.34049033006929
11,36,30.651111661657513
11,37,29.14125775399883
11,38,25.59092945845975
11,39,27.243673954021588
11,40,26.468525031646134
11,41,23.169606554184533
11,42,22.95889667888247
11,43,23.24260058259604
11,44,21.14450927916934
11,45,18.173492568971255
11,46,19.251479284604386
11,47,19.486660805327027
11,48,15.975526777079292
11,49,14.606878202231174
11,50,17.40352408171093
11,51,16.319316180412393
11,52,12.555302735956259
11,53,13.636757716690003
11,54,16.393230883338735
11,55,19.132503324689946
11,56,21.08497621254361
11,57,24.171089670079038
11,58,25.992342301163045
11,59,26.9674618191484
11,60,25.240163848664967
11,61,24.33411599545037
11,62,24.690112228981626
11,63,28.046356492031695
11,64,27.748274900551436
11,65,26.560096136119142
11,66,24.027838600393718
11,67,22.882293729757752
11,68,22.294011832665046
11,69,20.520018391601006
11,70,18.14749395165133
11,71,17.895764205978864
11,72,17.015129638027776
11,73,14.065350936340387
11,74,12.834967590914934
11,75,13.70756998588914
11,76,12.008939336396223
11,77,8.609669651534286
11,78,9.05927351199331
11,79,10.634282683423331
11,80,8.182389935685611
11,81,5.253092900523048
11,82,8.216212811396735
11,83,9.74489946641991
11,84,7.432088319962642
11,85,8.14231532487035
11,86,11.69811440074297
11,87,11.887528011549218
11,88,11.171744643276973
11,89,13.769113694221502
11,90,16.006271227807215
11,91,15.974610495314861
11,92,16.857515783724743
11,93,19.633514812854923
11,94,20.894538901938834
11,95,21.121057871410326
11,96,22.84619861789017
11,97,25.20149145326649
11,98,26.268659657130396
11,99,27.27291062139508
11,100,29.095445292493675
11,101,31.186696788739074
11,102,31.69300785166275
11,103,29.662763128017698
12,1,17.03444015467621
12,2,15.885095572622784
12,3,14.071084949683105
12,4,12.419776306979179
12,5,10.756818955082313
12,6,9.933866691969051
12,7,8.568443371072728
12,8,6.33636933027404
12,9,4.973980649977425
12,10,5.486000978219527
12,11,3.813581710621178
12,13,3.7905020588751297
12,14,5.370123336119619
12,15,5.068454758008659
12,16,6.259025088485695
12,17,8.692970810989612
12,18,9.825491095751651
12,19,10.54383884742965
12,20,12.576815201575686
12,21,14.301286504048171
12,22,14.942588211748717
12,23,16.529117562162654
12,24,18.620838557410355
12,25,19.74305013495864
12,26,20.505320734296845
12,27,22.89532617725146
12,28,24.307419296212363
12,29,25.008976366919
12,30,26.404293873891472
12,31,28.80201666240351
12,32,32.10027663032195
12,33,32.00605699060668
12,34,34.529245963462664
12,35,33.21332881139011
12,36,29.509876492335078
12,37,27.59624227246555
12,38,24.105874052972244
12,39,25.625305290743206
12,40,24.41916773201263
12,41,20.98832693939133
12,42,20.320215631548557
12,43,20.837440131103733
12,44,19.201699306425635
12,45,15.86794179878668
12,46,16.75573308758464
12,47,17.630857133509977
12,48,14.395925505876223
12,49,12.483610578147333
12,50,15.590005638370954
12,51,15.304294552924631
12,52,11.688804205572069
12,53,12.419152689150307
12,54,15.713170729264228
12,55,17.839826726550665
12,56,19.905867989239574
12,57,22.58575087525583
12,58,24.62843030035583
12,59,25.176389887302282
12,60,23.677423357226946
12,61,23.319386022391352
12,62,24.050082626769886
12,63,27.61790138458247
12,64,27.63909073526116
12,65,26.965018278939812
12,66,24.368940491292157
12,67,22.726973285595765
12,68,22.50331901458946
12,69,21.2401415015758
12,70,18.405000267566468
12,71,17.89770303054325
12,72,17.78231784503939
12,73,15.03853158278068
12,74,12.9250464459436
12,75,14.04750477048254
12,76,13.357465007305578
12,77,9.827223744822208
12,78,9.173946177670029
12,79,11.554608544406936
12,80,10.240300278568917
12,81,6.626839503097847
12,82,8.483101230073833
12,83,11.221854482034713
12,84,9.61806745366397
12,85,8.923988894375642
12,86,12.576288435388504
12,87,13.743121115511707
12,88,12.681934939911924
12,89,14.455211646092744
12,90,17.31656123753107
12,91,17.659398791063033
12,92,17.826516452803542
12,93,20.461397670717265
12,94,22.328827083507946
12,95,22.540066087525684
12,96,23.699166744541607
12,97,26.175919682862407
12,98,27.650509252536132
12,99,28.328685124204906
12,100,29.863164232485854
12,101,32.31807254345373
12,102,32.903970038622845
12,103,31.243120911203874
13,1,17.513198775061984
13,2,17.13113798091628
13,3,15.25896011198731
13,4,14.485042544906378
13,5,12.670986364947069
13,6,10.795513320723924
13,7,9.9156036785556
13,8,8.87433041009647
13,9,6.274547098064203
13,10,5.277519126133049
13,11,5.611043047310604
13,12,3.7905020588751297
13,14,3.7925521483559645
13,15,5.479186115698945
13,16,5.207327268323681
13,17,6.404704132354251
13,18,8.784106909486585
13,19,10.002496181040225
13,20,10.95365898487926
13,21,12.476658667685852
13,22,14.040247308674699
13,23,15.564715480058181
13,24,16.973633797333328
13,25,18.338385342885534
13,26,19.727374308650585
13,27,21.809528810763275
13,28,22.840436288487947
13,29,23.983027863607393
13,30,25.7109494019545
13,31,27.766248195237754
13,32,31.060782503912836
13,33,31.40850962446152
13,34,34.11294808204876
13,35,33.126465374103326
13,36,29.34302679838426
13,37,27.531860425215758
13,38,23.87788397503558
13,39,24.870303912771984
13,40,23.45506032069306
13,41,19.83684693260618
13,42,19.568916006920077
13,43,20.677764161759715
13,44,18.86055346095518
13,45,15.528578286543482
13,46,17.19312654724026
13,47,18.259284982260557
13,48,14.915871202633355
13,49,13.664413951388937
13,50,17.18450037541058
13,51,16.880875594821255
13,52,13.553443805548302
13,53,15.00556482461262
13,54,18.157005341884137
13,55,20.263323806637572
13,56,21.838980260307526
13,57,24.439425717949256
13,58,26.12197398192618
13,59,26.298758992558447
13,60,24.42961321139293
13,61,24.054146121818125
13,62,24.36270995658367
13,63,27.85488254105799
13,64,27.485782785676978
13,65,26.824238402742036
13,66,23.84852379141407
13,67,22.4560024022824
13,68,22.783953865739797
13,69,21.270275193179206
13,70,18.174094073420587
13,71,18.392079716703332
13,72,18.598758737597493
13,73,15.424162980616074
13,74,13.622884788206932
13,75,15.642309166600306
13,76,14.974093182576008
13,77,11.187636933154494
13,78,11.441524924578232
13,79,14.284542739543276
13,80,12.768700848330017
13,81,9.605677503607923
13,82,12.051559999392566
13,83,14.597960261932435
13,84,12.761458539088416
13,85,12.489635265205747
13,86,16.21331491686758
13,87,17.00715187966561
13,88,15.729553938471676
13,89,17.80385721283243
13,90,20.63126619686634
13,91,20.543503203648314
13,92,20.682452859878556
13,93,23.607466503873024
13,94,25.333683011404695
13,95,25.174783491990436
13,96,26.42597463717498
13,97,29.14479819057205
13,98,30.372057137412035
13,99,30.852026686059638
13,100,32.640325892000874
13,101,35.08703064713201
13,102,35.36839907258231
13,103,33.58244637211043
14,1,19.104636822838035
14,2,18.40527813224081
14,3,15.853918748858971
14,4,15.049304795128826
14,5,14.151306484734341
14,6,12.090853229162395
14,7,10.106519372117116
14,8,9.785480294066648
14,9,8.379704597871969
14,10,5.97494257966987
14,11,5.1034142873384285
14,12,5.370123336119619
14,13,3.7925521483559645
14,15,3.8175843324232686
14,16,5.431857397196259
14,17,5.076472123773055
14,18,6.208181052051733
14,19,8.637125470121905
14,20,10.038788357483918
14,21,10.51122165944451
14,22,11.802887062502478
14,23,14.108671604508194
14,24,15.383557863264254
14,25,16.03749765336666
14,26,17.54700178391742
14,27,20.042010173988903
14,28,20.73889033973952
14,29,21.48830810995344
14,30,23.493986371309962
14,31,25.798334590118404
14,32,28.875502038192657
14,33,29.117589157038168
14,34,32.026152697501
14,35,31.25372766636888
14,36,27.47553603154864
14,37,26.080479007907737
14,38,22.353216954519855
14,39,23.49770183386606
14,40,22.621662372505412
14,41,19.22733883212136
14,42,19.545290852669403
14,43,20.270571505064535
14,44,17.862981219722922
14,45,15.020899681034198
14,46,16.973045639261827
14,47,17.263308877279012
14,48,13.600770480843964
14,49,13.140463430163758
14,50,16.449185434268276
14,51,15.35205118873308
14,52,12.066115409615287
14,53,14.253771616396794
14,54,16.845608454604125
14,55,19.458800704568432
14,56,20.62330140530757
14,57,23.58414597107688
14,58,24.8702819215044
14,59,25.356367643006905
14,60,23.132798062802237
14,61,22.21291905733425
14,62,22.097400070634837
14,63,25.406460797354807
14,64,24.742753870090496
14,65,23.73308290641376
14,66,20.7644245077731
14,67,19.723246140309946
14,68,19.871069696919243
14,69,18.00071959236373
14,70,15.13345551249558
14,71,15.664234007162307
14,72,15.506624614712399
14,73,12.095825249028803
14,74,10.904789855538645
14,75,13.157587962392256
14,76,12.078382940669455
14,77,8.2980497867048
14,78,9.62365105386776
14,79,12.429630324939541
14,80,10.667600316230327
14,81,8.36419183044862
14,82,11.602129587983008
14,83,13.638416055257418
14,84,12.085326259645356
14,85,12.899043997968691
14,86,16.358492534620567
14,87,16.815680122011976
14,88,16.270390083366618
14,89,18.732262171925044
14,90,21.055574209939046
14,91,21.06759021932812
14,92,21.864602761093156
14,93,24.66949440088687
14,94,25.99651370173063
14,95,26.136924270330127
14,96,27.80571164224353
14,97,30.257006309799852
14,98,31.313820344611955
14,99,32.20144035172925
14,100,34.06646032486163
14,101,36.22398409070585
14,102,36.624162553599575
14,103,34.56536491657669
15,1,21.33224013828595
15,2,20.149550332436846
15,3,17.748500875398044
15,4,16.16278192764562
15,5,15.256111611076602
15,6,14.06141569634616
15,7,11.834147806320718
15,8,10.417924497435381
15,9,9.670933185437757
15,10,8.478855731113827
15,11,6.029748056263909
15,12,5.068454758008659
15,13,5.479186115698945
15,14,3.8175843324232686
15,16,3.8005894043317174
15,17,5.323891876524483
15,18,4.9741047763168895
15,19,6.103541379369997
15,20,8.688101771706105
15,21,9.829820792511704
15,22,10.031668996723242
15,23,12.061879559354706
15,24,14.179954106214689
15,25,14.894080717301414
15,26,15.614565402630655
15,27,18.233789100391537
15,28,19.52635036707625
15,29,20.01745038857038
15,30,21.51179365846182
15,31,24.027116077130668
15,32,27.220686249469008
15,33,27.099750210980364
15,34,29.7507876581921
15,35,28.628948058148946
15,36,24.89625488262122
15,37,23.283628958545
15,38,19.68342659016944
15,39,21.237994922863358
15,40,20.456311760795835
15,41,17.22533793609627
15,42,17.175288941478883
15,43,17.402717218454864
15,44,15.153717320524516
15,45,12.27193153682611
15,46,13.712867947065645
15,47,13.888794681108212
15,48,10.286151355387549
15,49,9.473512128036287
15,50,12.685389847440625
15,51,11.728558128416994
15,52,8.399564487165133
15,53,10.550028348058557
15,54,13.230637308583292
15,55,15.686047334206155
15,56,16.904104629665685
15,57,19.815521467739213
15,58,21.244983607578558
15,59,21.799902324796058
15,60,19.786706803912534
15,61,19.036855744609262
15,62,19.357896317599987
15,63,22.84271207836709
15,64,22.663205069722643
15,65,21.983585694983457
15,66,19.320365928639127
15,67,17.71296713897936
15,68,17.64484976974309
15,69,16.363288588960753
15,70,13.383727206827466
15,71,13.124161230638862
15,72,13.302599757252706
15,73,10.425602278400234
15,74,8.242675566093684
15,75,10.21078515650076
15,76,9.956964690671976
15,77,6.291524650783223
15,78,6.486724847288119
15,79,9.838237715569045
15,80,9.170338819842147
15,81,6.750421850354435
15,82,9.379332608010838
15,83,12.011029980080401
15,84,11.46892231373643
15,85,11.959333491096451
15,86,15.067091594256128
15,87,16.264580259413563
15,88,16.216581399773776
15,89,18.117833527329875
15,90,20.50678099597864
15,91,21.2052660606042
15,92,21.94587380024917
15,93,24.309222062154774
15,94,25.920645420559502
15,95,26.535322465131262
15,96,27.964452929114078
15,97,30.130565115285158
15,98,31.580947916624858
15,99,32.62316640447275
15,100,34.105715999326
15,101,36.36356102598465
15,102,37.137470519154824
15,103,35.300055399826995
16,1,22.545634453167384
16,2,21.840187193693676
16,3,19.8575568155704
16,4,18.513367440525997
16,5,16.92928576890537
16,6,15.609478103844591
16,7,14.155930036566726
16,8,12.518944995050328
16,9,10.74078058225151
16,10,10.015791780581598
16,11,8.657779882847095
16,12,6.259025088485695
16,13,5.207327268323681
16,14,5.431857397196259
16,15,3.8005894043317174
16,17,3.814997860671402
16,18,5.499137534426875
16,19,5.107696417614223
16,20,6.385501682250241
16,21,8.708266951138137
16,22,9.695139068469278
16,23,10.67049185812168
16,24,12.604402944620343
16,25,14.249735871884857
16,26,15.13614274140368
16,27,17.07480834091423
16,28,18.570678108084824
16,29,19.733039063636312
16,30,21.055307374920844
16,31,23.08509261395001
16,32,26.507319424681736
16,33,26.743392352562818
16,34,29.256746304037797
16,35,28.124521817641465
16,36,24.356528650656042
16,37,22.39531695027377
16,38,18.781155697436112
16,39,19.835178658725976
16,40,18.435883857860144
16,41,14.904277270965082
16,42,14.60313547545917
16,43,15.512271024356206
16,44,13.672814303811975
16,45,10.334844360869614
16,46,12.155700139859338
16,47,13.23202509089203
16,48,10.00788391691907
16,49,9.07730412521557
16,50,12.795559963797059
16,51,12.762950908460569
16,52,10.057886374615316
16,53,12.01015753765492
16,54,14.961340960906353
16,55,16.69754446372093
16,56,17.728047794118996
16,57,20.101527150378082
16,58,21.522260210041157
16,59,21.406367055018894
16,60,19.43340589605504
16,61,19.269107957316518
16,62,19.713723012652988
16,63,23.298131627298165
16,64,23.203457588132547
16,65,23.034278046455654
16,66,20.147962769163666
16,67,18.246240389006598
16,68,18.876666100645693
16,69,17.969137056091302
16,70,14.52880596772446
16,71,14.479056682824014
16,72,15.540163113749484
16,73,12.804525731650044
16,74,10.226670692547884
16,75,12.69852701715458
16,76,13.21276229767578
16,77,9.76018333139087
16,78,9.47681444751123
16,79,13.091412465322056
16,80,12.864784288952912
16,81,10.152851316273939
16,82,12.163713166134222
16,83,15.25714293355372
16,84,14.670231738279602
16,85,14.457130001744062
16,86,17.715503051815453
16,87,19.234254635070176
16,88,18.717682265137366
16,89,20.303849392784056
16,90,23.093749420080925
16,91,23.746269829851123
16,92,23.990359133845196
16,93,26.436416092014014
16,94,28.38057039792575
16,95,28.762003586264065
16,96,29.85594822978481
16,97,32.2453211680304
16,98,33.84051370653836
16,99,34.541942979585855
16,100,35.96107626430886
16,101,38.47367388595074
16,102,39.13612358565409
16,103,37.4978681527935
17,1,23.519594239789757
17,2,23.118552710067107
17,3,20.783675699842885
17,4,19.96803901496199
17,5,18.720789041238685
17,6,16.730989988896578
17,7,15.103246184245425
17,8,14.379704224124866
17,9,12.505143837944859
17,10,10.654426965435709
17,11,9.888142495510008
17,12,8.692970810989612
17,13,6.404704132354251
17,14,5.076472123773055
17,15,5.323891876524483
17,16,3.814997860671402
17,18,3.8008361532687953
17,19,5.366185381597881
17,20,5.237108441748649
17,21,6.092376787562724
17,22,8.205106214421122
17,23,9.816584000082141
17,24,10.709165502880083
17,25,12.041495750064241
17,26,13.78685863616215
17,27,15.71965403164521
17,28,16.490557233457427
17,29,17.82297311595334
17,30,19.732852262626245
17,31,21.60262412062104
17,32,24.83991020729504
17,33,25.436944452657627
17,34,28.283915818806506
17,35,27.64041783292509
17,36,23.829599780723356
17,37,22.32341754615337
17,38,18.540959449873306
17,39,19.162695833803284
17,40,18.004615161693867
17,41,14.510187959721462
17,42,15.157806143906823
17,43,16.33539125197516
