1,2,3.8203197342250377
1,3,5.753782688903504
1,4,5.60662417126192
1,5,6.420223406873782
1,6,8.706537176267007
1,7,10.21944314742707
1,8,11.09447319895053
1,9,12.26184674293972
1,10,14.214970339704255
1,11,15.87832591292268
1,12,17.10822442408168
1,13,18.3413616693002
1,14,20.176362717632948
1,15,21.911766384239442
1,16,23.016509386601687
1,17,24.37721840683038
1,18,26.166355655986397
1,19,27.871871242750892
1,20,28.773933561716962
1,21,29.913209780654704
1,22,32.18344382822794
1,23,33.69995273187449
1,24,34.18646327640224
1,25,35.63402481697853
1,26,38.374590522278545
1,27,39.200887589035354
1,28,39.576386411194186
1,29,41.43253340158762
1,30,43.89720019444298
1,31,46.90426782876914
1,32,46.83099537954452
1,33,49.65083554929546
1,34,48.67927761779207
1,35,45.013344154458764
1,36,43.29881868287808
1,37,39.84313674586897
1,38,41.40105403841568
1,39,40.26584766061651
1,40,36.71297174376322
1,41,36.17665901176383
1,42,36.780413685918845
1,43,35.10405350052939
1,44,31.870400293312542
1,45,32.48771398234734
1,46,33.143701742329405
1,47,29.884981917421555
1,48,27.984048075740844
1,49,30.45685632979848
1,50,29.642511646823078
1,51,25.871099795456693
1,52,25.697489522598573
1,53,28.353860435090024
1,54,30.75165389804624
1,55,33.543490847004385
1,56,36.466567879936555
1,57,39.09485095177174
1,58,40.234676071303234
1,59,38.979313905121394
1,60,38.15699070977828
1,61,38.81001377512348
1,62,42.00510318916389
1,63,41.79926298060751
1,64,40.245545726982606
1,65,37.81658222612449
1,66,37.07618000285546
1,67,36.16139906365251
1,68,34.1566244057034
1,69,32.16579826089627
1,70,31.8818571828656
1,71,30.328651490719746
1,72,27.501282766371368
1,73,26.84374856592474
1,74,26.92793945584727
1,75,24.63643166860063
1,76,22.07181522308438
1,77,22.277321733792583
1,78,22.17610119915172
1,79,19.285278562568774
1,80,17.241638139142463
1,81,18.011443174878323
1,82,17.532569618155424
1,83,13.922340754652064
1,84,13.381867376475697
1,85,15.317924147800221
1,86,13.186199187124435
1,87,9.870449671741166
1,88,12.165723090216728
1,89,13.282069869733746
1,90,10.137524614958513
1,91,9.960302145694152
1,92,13.680722196159964
1,93,13.863153971239761
1,94,11.507158120694188
1,95,13.610155309347252
1,96,16.773328928344544
1,97,16.33424254661917
1,98,16.051307028018073
1,99,19.150276506379125
1,100,20.84693297443057
1,101,20.259921384555593
1,102,18.086424122137313
2,1,3.8203197342250377
2,3,3.8159147150157136
2,4,5.3691892694767125
2,5,5.124247309024089
2,6,5.918883482856038
2,7,8.4377799209418
2,8,9.902345441038442
2,9,10.128053468717603
2,10,11.74042994405411
2,11,14.137624988881987
2,12,15.388120313911397
2,13,15.913697891574431
2,14,17.840841454933027
2,15,20.019884807971135
2,16,20.80223584914162
2,17,21.78348749939978
2,18,23.892483496538798
2,19,25.769818721811763
2,20,26.29847296665932
2,21,27.30949445742002
2,22,29.864404805238046
2,23,31.302974229620414
2,24,31.460991625272744
2,25,32.94525849541809
2,26,35.85219938632588
2,27,36.508428057367
2,28,36.679494823944054
2,29,38.66192038979927
2,30,41.24316899129014
2,31,44.106320116264015
2,32,43.97000758305598
2,33,46.88848153909184
2,34,46.05504188111129
2,35,42.39552349920242
2,36,40.91052110718202
2,37,37.43470526766062
2,38,39.068810814467085
2,39,38.20697793644477
2,40,34.749423473716384
2,41,34.507274328995386
2,42,34.94597763153295
2,43,32.96791743617466
2,44,29.94238152636297
2,45,30.726258148767556
2,46,31.022327431260255
2,47,27.61542001731891
2,48,26.05590099098823
2,49,28.457072268689355
2,50,27.252338044718442
2,51,23.474154864660175
2,52,23.667648032660708
2,53,26.0698566925096
2,54,28.786559158606934
2,55,31.3430224654838
2,56,34.484293775090016
2,57,36.88278487752077
2,58,38.181207672932075
2,59,36.70811451455142
2,60,35.594143793678704
2,61,36.02211598979665
2,62,39.08046592640885
2,63,38.721784091737284
2,64,36.98370820280094
2,65,34.61046446767232
2,66,34.07357372641672
2,67,33.05625063801566
2,68,30.88154892658417
2,69,29.084010544435586
2,70,28.92766251457173
2,71,27.153302062089963
2,72,24.30197505845471
2,73,23.982810419663444
2,74,24.067526441553238
2,75,21.50263362736407
2,76,19.06628268645392
2,77,19.689277579811627
2,78,19.470818286544578
2,79,16.283333637731626
2,80,14.630550580307501
2,81,15.91993606433055
2,82,15.142772602667163
2,83,11.41626551006533
2,84,11.830103015257082
2,85,13.895807540450365
2,86,11.379693638261138
2,87,8.729355489371414
2,88,11.944057153099473
2,89,12.777358347164157
2,90,9.92629167415586
2,91,10.964303868522617
2,92,14.553571468946098
2,93,14.419718105228712
2,94,12.878084285573635
2,95,15.543567651866132
2,96,18.230806207003923
2,97,17.872112837363844
2,98,18.32295541411063
2,99,21.338870094056162
2,100,22.712363559223764
2,101,22.45552847862732
2,102,19.94350490157629
3,1,5.753782688903504
3,2,3.8159147150157136
3,4,3.7848392684551886
3,5,5.653159852996536
3,6,5.13826351953157
3,7,6.119035071459842
3,8,8.746059911014699
3,9,9.778646255127127
3,10,10.274740274466405
3,11,12.45636176890601
3,12,14.570206607513885
3,13,15.10533169865714
3,14,16.25734544723605
3,15,18.649256909849218
3,16,19.99282205650202
3,17,20.6087935911708
3,18,22.31283859414797
3,19,24.597515332289785
3,20,25.398777862838326
3,21,25.95247048967689
3,22,28.393290436955237
3,23,30.240354754003558
3,24,30.406527823813498
3,25,31.480858310165715
3,26,34.46811859471777
3,27,35.451206748374766
3,28,35.43651429080167
3,29,37.11534078946035
3,30,39.845774659140815
3,31,42.77345214115792
3,32,42.376776104227915
3,33,45.111000373065686
3,34,44.02864625354736
3,35,40.441054478190615
3,36,38.82514299303842
3,37,35.49430594862803
3,38,37.39228554276746
3,39,36.59658622682706
3,40,33.24672263594314
3,41,32.758367042931184
3,42,32.891619651051805
3,43,31.067471157110322
3,44,28.072260615016212
3,45,28.45406153133309
3,46,28.687939434309012
3,47,25.453420869947017
3,48,23.616305128566
3,49,25.73671311449449
3,50,24.64270126510591
3,51,20.9110426846897
3,52,20.682069646752197
3,53,23.045431657452767
3,54,25.627817394062188
3,55,28.38669120318373
3,56,31.46003278128916
3,57,34.01998370041239
3,58,35.446618078731234
3,59,34.22236402319508
3,60,33.23584402056096
3,61,33.96903021599698
3,62,37.08554137185052
3,63,37.05226147798364
3,64,35.46581593860579
3,65,33.31165119776228
3,66,32.47905078174186
3,67,31.232869805240828
3,68,29.374107897431948
3,69,27.614828608483144
3,70,26.999344591004125
3,71,25.249549986947745
3,72,22.722115386519278
3,73,22.0649181818104
3,74,21.708362326379348
3,75,19.364556868799575
3,76,17.146929087733835
3,77,17.204037491695
3,78,16.671997782955387
3,79,13.809170463803984
3,80,12.099788328670476
3,81,12.737921471379893
3,82,11.858386403855198
3,83,8.261051809599216
3,84,8.273826847054059
3,85,10.119330832680992
3,86,7.793793050043956
3,87,4.937503975886678
3,88,8.30295804272838
3,89,9.380340259219238
3,90,7.16962759891483
3,91,8.344989927246939
3,92,11.765445671133998
3,93,12.108523080876955
3,94,11.352156913745382
3,95,13.811278617683264
3,96,16.260515646705425
3,97,16.597786491708852
3,98,17.41000769579239
3,99,19.94920079817796
3,100,21.504995574521512
3,101,21.87088455016599
3,102,19.652254450497207
4,1,5.60662417126192
4,2,5.3691892694767125
4,3,3.7848392684551886
4,5,3.792676843227911
4,6,5.284771215410474
4,7,4.990141417169501
4,8,6.275386912574942
4,9,8.423752484957431
4,10,9.60741846696842
4,11,10.764715762063235
4,12,12.664576795213986
4,13,14.10370229980878
4,14,15.303103710580277
4,15,17.029084401525697
4,16,18.670729258721718
4,17,19.874500716294488
4,18,21.2319936104806
4,19,23.177482382647252
4,20,24.418474109792967
4,21,25.25410724004523
4,22,27.31867106411852
4,23,29.166971773527663
4,24,29.799780242530577
4,25,30.926195156974977
4,26,33.633144997540775
4,27,34.781873087003866
4,28,35.13334873234431
4,29,36.70334319874713
4,30,39.19502942729472
4,31,42.31783304444058
4,32,42.11939934118638
4,33,44.769724992546585
4,34,43.60554577175089
4,35,39.97328393939646
4,36,38.09395451290709
4,37,34.71836866158571
4,38,36.390541307435946
4,39,35.22911467677394
4,40,31.73593297847303
4,41,31.00559113298289
4,42,31.449220051505225
4,43,29.914997346704506
4,44,26.65509622657002
4,45,27.050493912556792
4,46,27.76842668111355
4,47,24.635325714142052
4,48,22.53171899117788
4,49,24.97681745155996
4,50,24.372220919600252
4,51,20.633487326320754
4,52,20.28873082468727
4,53,23.13046828292382
4,54,25.359210444977005
4,55,28.189332364888813
4,56,31.002721606140582
4,57,33.701100314935566
4,58,34.751291199968165
4,59,33.6132422843128
4,60,32.98078178208078
4,61,33.86821100139684
4,62,37.18621192117141
4,63,37.247635583581996
4,64,35.98155059361318
4,65,33.61165857304004
4,66,32.50984686329551
4,67,31.61506405917931
4,68,29.954906301222824
4,69,27.769128481323406
4,70,27.168734802988585
4,71,25.914204243422414
4,72,23.235256470759445
4,73,22.08924383333592
4,74,22.116907597139537
4,75,20.254447756034267
4,76,17.54872760262301
4,77,17.242499784284313
4,78,17.416568071759286
4,79,14.954407302610454
4,80,12.361747180044675
4,81,12.85639614999923
4,82,13.066723275134155
4,83,9.599755581451692
4,84,8.380116909297007
4,85,11.04854442143506
4,86,9.929154131098068
4,87,6.453309857013329
4,88,8.822517725980308
4,89,11.136254493159278
4,90,9.387371718338006
4,91,9.051809952662307
4,92,12.678721056834013
4,93,13.957913495114232
4,94,12.81873990647626
4,95,14.430350031322378
4,96,17.40323614607799
4,97,18.116924413194166
4,98,18.25005230102976
4,99,20.616168566045896
4,100,22.731526024405092
4,101,22.996219114668907
4,102,21.22217425806146
5,1,6.420223406873782
5,2,5.124247309024089
5,3,5.653159852996536
5,4,3.792676843227911
5,6,3.7836382097728367
5,7,5.455987283630647
5,8,5.195374279288196
5,9,5.887994794438053
5,10,8.313788617510237
5,11,9.885338910454681
5,12,10.742105902242695
5,13,12.016757563322447
5,14,14.062074834387165
5,15,15.639088745284136
5,16,16.609283243060855
5,17,18.138581425687146
5,18,19.96050566146237
5,19,21.500822957519542
5,20,22.411191912180524
5,21,23.695177036847273
5,22,25.90503113948517
5,23,27.324210818198086
5,24,27.929494842239386
5,25,29.469325186736544
5,26,32.09599508599537
5,27,32.911619124468295
5,28,33.45407310684001
5,29,35.32827296451878
5,30,37.660120237842385
5,31,40.71625254001887
5,32,40.795230927159984
5,33,43.63946230192581
5,34,42.761473283119145
5,35,39.049115727302144
5,36,37.34117516863004
5,37,33.79915288723459
5,38,35.182442498848964
5,39,34.005814969148624
5,40,30.427586250698813
5,41,30.05963318741172
5,42,30.7957431120613
5,43,29.006197786406617
5,44,25.77560672600255
5,45,26.703597059812225
5,46,27.395714563521675
5,47,24.033632385977
5,48,22.376650320217287
5,49,25.1640139061515
5,50,24.351875553667796
5,51,20.57558964430692
5,52,20.9055356884851
5,53,23.762697250355426
5,54,26.22017916096846
5,55,28.676526494987687
5,56,31.6064339716881
5,57,34.01662324391919
5,58,34.896238991242306
5,59,33.38912980630524
5,60,32.5750646797401
5,61,33.08435293298161
5,62,36.3465219863365
5,63,36.0571872949531
5,64,34.693350850355486
5,65,32.063801299998616
5,66,31.2241297610438
5,67,30.632394121048264
5,68,28.680267525625425
5,69,26.377744485919848
5,70,26.282705278597742
5,71,25.094823759785125
5,72,22.038671864517777
5,73,21.19506496562913
5,74,21.81362252198428
5,75,19.786791158794045
5,76,16.73789209019482
5,77,17.112969890681583
5,78,17.809605783781333
5,79,15.011725162212961
5,80,12.392021603616625
5,81,13.911623393918806
5,82,14.379290616160297
5,83,10.746353468240295
5,84,10.438833695339122
5,85,13.592471307533716
5,86,12.319875784567216
5,87,9.425160124274415
5,88,12.302848702972168
5,89,14.423375256254813
5,90,12.546025639402696
5,91,12.697076782007345
5,92,16.353568334685942
5,93,17.301373044822885
5,94,16.02400136422935
5,95,17.914439718683607
5,96,20.907664364124383
5,97,21.278484836451174
5,98,21.37416561514369
5,99,24.002117040923856
5,100,25.966186490786434
5,101,25.934906555620206
5,102,23.891778070281237
6,1,8.706537176267007
6,2,5.918883482856038
6,3,5.13826351953157
6,4,5.284771215410474
6,5,3.7836382097728367
6,7,3.8150875530345085
6,8,5.419248812432451
6,9,4.900127594606276
6,10,5.82735110874692
6,11,8.557154414197422
6,12,10.012532423327984
6,13,10.204407603267823
6,14,11.931575998891963
6,15,14.284808845889692
6,16,15.15035755254692
6,17,15.952162911084804
6,18,17.989728270533977
6,19,19.997229969872155
6,20,20.57971379661729
6,21,21.44958700603869
6,22,23.974989211279315
6,23,25.52718467251487
6,24,25.723117747723286
6,25,27.09560878888098
6,26,29.988546790427915
6,27,30.770612968080677
6,28,30.958972722556794
6,29,32.83746454794271
6,30,35.404813606098244
6,31,38.32896147907669
6,32,38.18888125739651
6,33,41.062643893539565
6,34,40.207515469381995
6,35,36.5323994179262
6,36,35.02015416394268
6,37,31.525941806667696
6,38,33.15568607304081
6,39,32.335798377959584
6,40,28.923887303072394
6,41,28.75892145764531
6,42,29.129255254046907
6,43,27.068479441139004
6,44,24.09817289320643
6,45,24.987186510563642
6,46,25.21145058750239
6,47,21.751850601076526
6,48,20.345515467829458
6,49,22.87876902951576
6,50,21.64361468598295
6,51,17.855654148819283
6,52,18.39814322003713
6,53,20.919605033680465
6,54,23.689087587543284
6,55,26.00236056865848
6,56,29.156869883732
6,57,31.407832961351808
6,58,32.56414462968598
6,59,30.95247048894782
6,60,29.855270220760154
6,61,30.268053023987527
6,62,33.40722239006658
6,63,33.107166269145516
6,64,31.574013215550174
6,65,29.12398186302599
6,66,28.383716459057005
6,67,27.518333637128034
6,68,25.500530468677347
6,69,23.459790921012818
6,70,23.268952942451133
6,71,21.781663218262995
6,72,18.838873864687056
6,73,18.24898965138584
6,74,18.61460048318279
6,75,16.316077212875555
6,76,13.501775311827089
6,77,14.13767849312724
6,78,14.513372354304169
6,79,11.455883442784472
6,80,9.25918217566892
6,81,11.201279349768168
6,82,11.269103150577077
6,83,7.613197735945807
6,84,8.396270984021475
6,85,11.476941000026125
6,86,10.015351977686459
6,87,8.10493519937525
6,88,11.512302006260462
6,89,13.243916361941604
6,90,11.908583511536978
6,91,12.973749417112364
6,92,16.275741253103
6,93,16.97293537647576
6,94,16.457638109127217
6,95,18.71051709647692
6,96,21.20604607640575
6,97,21.72207319416623
6,98,22.45455994945063
6,99,24.92865815012232
6,100,26.61340496867996
6,101,26.96580612051227
6,102,24.73033073538472
7,1,10.21944314742707
7,2,8.4377799209418
7,3,6.119035071459842
7,4,4.990141417169501
7,5,5.455987283630647
7,6,3.8150875530345085
7,8,3.78666514212563
7,9,5.523213820947971
7,10,5.025366037260869
7,11,6.409492123346844
7,12,9.023785150618377
7,13,9.912017968853297
7,14,10.555913025965003
7,15,12.699618645589691
7,16,14.488213196138567
7,17,15.239119830148262
7,18,16.52013255906508
7,19,18.78571334767603
7,20,19.97547095067152
7,21,20.49563451107484
7,22,22.634589059458747
7,23,24.64549793306564
7,24,25.14453232738958
7,25,26.0887439003278
7,26,28.88827213449118
7,27,30.12376144347916
7,28,30.333710871900657
7,29,31.81340584097428
7,30,34.39221289395311
7,31,37.49464924484985
7,32,37.196570491593214
7,33,39.82240223393996
7,34,38.65340666540123
7,35,35.028785495641834
7,36,33.212271395893026
7,37,29.846519585340012
7,38,31.628571250174524
7,39,30.652290569745492
7,40,27.265922614874807
7,41,26.669036676076722
7,42,26.893808889468602
7,43,25.187249827952456
7,44,22.0691918836954
7,45,22.50218063149379
7,46,22.971137532685116
7,47,19.76285330866078
7,48,17.829178060743462
7,49,20.272133313766822
7,50,19.485408108273223
7,51,15.721387736307554
7,52,15.673410290900508
7,53,18.504506702985523
7,54,20.905075245645392
7,55,23.513017743860505
7,56,26.44331671674047
7,57,28.974917952517348
7,58,30.046918234720515
7,59,28.76325987372287
7,60,28.028102096825975
7,61,28.8791606379138
7,62,32.200288311615175
7,63,32.30980932207653
7,64,31.1302763165569
7,65,28.80524990898896
7,66,27.588025987678094
7,67,26.684144319876523
7,68,25.1464963287865
7,69,22.908289849695624
7,70,22.203487057316114
7,71,21.063578647526214
7,72,18.434123613189243
7,73,17.123826637604704
7,74,17.210507382429412
7,75,15.524051892842941
7,76,12.687244407855411
7,77,12.306613050764664
7,78,12.815697226467135
7,79,10.517337671353804
7,80,7.528781697016124
7,81,8.503679291944753
7,82,9.389556995576946
7,83,6.153324792865576
7,84,5.411569639772927
7,85,9.009557308053648
7,86,8.774295439751517
7,87,6.736586128149169
7,88,9.32624472220478
7,89,11.862148638197079
7,90,11.44159201929009
7,91,11.853621285390817
7,92,14.846652116266915
7,93,16.314979252820887
7,94,16.203158833030063
7,95,17.850054617200364
7,96,20.309114840665274
7,97,21.480628128275608
7,98,22.148395596024226
7,99,24.146742019061183
7,100,26.184411222265066
7,101,26.931813128839934
7,102,25.132577875592037
8,1,11.09447319895053
8,2,9.902345441038442
8,3,8.746059911014699
8,4,6.275386912574942
8,5,5.195374279288196
8,6,5.419248812432451
8,7,3.78666514212563
8,9,3.791044199231579
8,10,5.199131565386325
8,11,5.046362760649416
8,12,6.463884074098985
8,13,8.54460311191884
8,14,9.834355501689203
8,15,10.966049563496565
8,16,12.66140058877367
8,17,14.31403707659005
8,18,15.497260312155085
8,19,17.09123702412753
8,20,18.547840014259275
8,21,19.655249451270095
8,22,21.475435275771357
8,23,23.204277474498397
8,24,24.15975948411642
8,25,25.41000986619795
8,26,27.864931179284316
8,27,29.050496160561206
8,28,29.729940232296418
8,29,31.28514282125075
8,30,33.52658934428499
8,31,36.760211669212204
8,32,36.814544981837784
8,33,39.46801432390468
8,34,38.39978044579095
8,35,34.70436815351797
8,36,32.75247906987312
8,37,29.26089378147944
8,38,30.634568795103384
8,39,29.287630829779282
8,40,25.705805949159593
8,41,25.088543731910974
8,42,25.821170343129502
8,43,24.258345745369475
8,44,20.897242720182472
8,45,21.691316897533355
8,46,22.64284431706966
8,47,19.434290603198043
8,48,17.54540084815983
8,49,20.503862427279312
8,50,20.09313136766924
8,51,16.410642493006538
8,52,16.676628169085713
8,53,19.872229536927208
8,54,22.008450835372834
8,55,24.409639806492347
8,56,27.115251355785635
8,57,29.575626811617397
8,58,30.18292637741908
8,59,28.77307786769212
8,60,28.271899202825956
8,61,29.028540543712126
8,62,32.46911364288627
8,63,32.45138780658805
8,64,31.506887210674144
8,65,28.8541772764067
8,66,27.564699672046615
8,67,27.179222950346677
8,68,25.660313037125785
8,69,22.993809411112604
8,70,22.633324172763334
8,71,22.008579918648863
8,72,19.070460049135583
8,73,17.5249784910986
8,74,18.35385337535146
8,75,17.0544108229645
8,76,13.693301029202104
8,77,13.430300992903687
8,78,14.883488923017186
8,79,12.867229728261409
8,80,9.428027979203911
8,81,10.783909888464475
8,82,12.53119228976993
8,83,9.64530577346217
8,84,8.612974831292759
8,85,12.37069156150991
8,86,12.523016066376417
8,87,10.193571565458917
8,88,12.350855875997809
8,89,15.25930645210521
8,90,14.624770269827835
8,91,14.43402176662882
8,92,17.6282332466636
8,93,19.3659656438952
8,94,18.78695122225538
8,95,20.117959933850678
8,96,22.95145101908994
8,97,24.087050418337128
8,98,24.272120810172286
8,99,26.341459210554586
8,100,28.647256383611623
8,101,29.122141056483837
8,102,27.456876250531128
9,1,12.26184674293972
9,2,10.128053468717603
9,3,9.778646255127127
9,4,8.423752484957431
9,5,5.887994794438053
9,6,4.900127594606276
9,7,5.523213820947971
9,8,3.791044199231579
9,10,3.7925550728351864
9,11,5.4472645826893205
9,12,5.413571046011355
9,13,6.151855751184892
9,14,8.629142583618755
9,15,10.20343821067588
9,16,10.781456490164654
9,17,12.338970504329913
9,18,14.358643717548315
9,19,15.781525991771543
9,20,16.528553657652896
9,21,17.917037867172322
9,22,20.181518758762753
9,23,21.469078518084412
9,24,22.069358330110212
9,25,23.714552304023407
9,26,26.28789544970259
9,27,27.036748585764332
9,28,27.671059376926486
9,29,29.601930501820334
9,30,31.84552798969496
9,31,34.90003066079366
9,32,35.100624265145356
9,33,37.998421246764785
9,34,37.260965218723086
9,35,33.51273842680435
9,36,31.90397783325939
9,37,28.275243980436596
9,38,29.509645164730177
9,39,28.411192278582362
9,40,24.85786431242668
9,41,24.80694080818947
9,42,25.597549672194805
9,43,23.55779289377492
9,44,20.44686655864468
9,45,21.796662649482
9,46,22.355124269350057
9,47,18.844831733581767
9,48,17.673361539485267
9,49,20.731044146847484
9,50,19.7714873557693
9,51,16.09371247227151
9,52,17.18653029276095
9,53,20.046419598070784
9,54,22.61209822812533
9,55,24.54977501891389
9,56,27.516320419323517
9,57,29.57441935484342
9,58,30.24073340821273
9,59,28.398770307112276
9,60,27.483943379677854
9,61,27.751340638637952
9,62,31.01861811398711
9,63,30.59450040702869
9,64,29.377655600455103
9,65,26.57054821803657
9,66,25.689181537106553
9,67,25.41648289143538
9,68,23.48802688616076
9,69,20.9137051297454
9,70,21.082336704436106
9,71,20.261707661466065
9,72,16.981886387902566
9,73,16.043287723005328
9,74,17.322221755338266
9,75,15.603104740545083
9,76,12.100772042786732
9,77,12.877092596926197
9,78,14.517680390100733
9,79,11.997630498457461
9,80,9.082280902267282
9,81,11.63444921301844
9,82,13.03350910389381
9,83,10.099731571419724
9,84,10.464541932745313
9,85,14.11711615620179
9,86,13.712336590638158
9,87,12.00183871898976
9,88,14.83445798107538
9,89,17.206110813979365
9,90,16.35848067337486
9,91,16.89164278938778
9,92,20.146069098237614
9,93,21.36082588853361
9,94,20.835069028847784
9,95,22.671365910856974
9,96,25.361950043720984
9,97,26.153492942890622
9,98,26.59597581495502
9,99,28.92726007273488
9,100,30.922851382146536
9,101,31.26578918276187
9,102,29.230638170186086
10,1,14.214970339704255
10,2,11.74042994405411
10,3,10.274740274466405
10,4,9.60741846696842
10,5,8.313788617510237
10,6,5.82735110874692
10,7,5.025366037260869
10,8,5.199131565386325
10,9,3.7925550728351864
10,11,3.8089669900880714
10,12,5.67002672207581
10,13,5.126196201014066
10,14,6.1131306663331175
10,15,8.762801457851813
10,16,9.897911020876792
10,17,10.39428947518143
10,18,12.18520545181239
10,19,14.4051653214874
10,20,15.166531720264427
10,21,15.800208480072035
10,22,18.209992922595852
10,23,19.96763523898143
10,24,20.285183266249597
10,25,21.46182399818787
10,26,24.299851605633698
10,27,25.30262651355734
10,28,25.54739624014579
10,29,27.24175676045652
10,30,29.768391862049466
10,31,32.79689427973844
10,32,32.657194205156344
10,33,35.446807745358825
10,34,34.53670627077729
10,35,30.843350971938655
10,36,29.252800966752158
10,37,25.738094380392912
10,38,27.354040793576928
10,39,26.549405133163994
10,40,23.191080155363025
10,41,23.08594638507732
10,42,23.37527640561705
10,43,21.24409210716866
10,44,18.321618173397397
10,45,19.34053943500422
10,46,19.516085080761375
10,47,16.005412295808167
10,48,14.79494239115827
10,49,17.541917271599907
10,50,16.34997677976991
10,51,12.605046927835113
10,52,13.67459703030945
10,53,16.36681135626776
10,54,19.085425966361488
10,55,21.035812153448344
10,56,24.13491006850478
10,57,26.197904247652964
10,58,27.121350123690007
10,59,25.355575544093174
10,60,24.339806614054222
10,61,24.77468657168568
10,62,28.04243203031084
10,63,27.858643152399964
10,64,26.659093547175637
10,65,24.1186474906828
10,66,23.042734712874132
10,67,22.425172464049687
10,68,20.707001109132833
10,69,18.282969595185023
10,70,18.00318861744614
10,71,17.05019316299923
10,72,14.048758760187015
10,73,12.899293156422614
10,74,13.75600139984075
10,75,12.100431046072963
10,76,8.695965463846708
10,77,9.190882565251773
10,78,10.735943747556595
10,79,8.41666990462759
10,80,5.336087277084649
10,81,8.175074662394444
10,82,9.765985646609913
10,83,7.458009353857848
10,84,8.260748968349096
10,85,11.734445080508015
10,86,11.821658781597742
10,87,11.037066240847954
10,88,13.672460529136293
10,89,15.917806607618907
10,90,15.841681134101972
10,91,16.717476140810316
10,92,19.50387601551752
10,93,20.793369186899298
10,94,20.94869100915846
10,95,22.77768797888723
10,96,25.056329980439326
10,97,26.190594215850663
10,98,27.05461949475842
10,99,29.072270257925314
10,100,30.980302535411155
10,101,31.760629304158705
10,102,29.778546508056262
11,1,15.87832591292268
11,2,14.137624988881987
11,3,12.45636176890601
11,4,10.764715762063235
11,5,9.885338910454681
11,6,8.557154414197422
11,7,6.409492123346844
11,8,5.046362760649416
11,9,5.4472645826893205
11,10,3.8089669900880714
11,12,3.7809753535662605
11,13,5.306558212757287
11,14,5.096069028593858
11,15,6.35595231500383
11,16,8.691893902062027
11,17,9.874812870611795
11,18,10.593151329466757
11,19,12.563309638550962
11,20,14.226780242202182
11,21,14.925556935725947
11,22,16.637017659290226
11,23,18.664786272646587
11,24,19.6380230585035
11,25,20.591325631445013
11,26,23.060086895686403
11,27,24.474645130955277
11,28,25.077383195029075
11,29,26.423517417505167
11,30,28.707807559171453
11,31,31.987315824601144
11,32,31.944805158918104
11,33,34.50883354745604
11,34,33.37493678169138
11,35,29.689563017974066
11,36,27.709433547647674
11,37,24.233941240376556
11,38,25.701242416000454
11,39,24.4719848554939
11,40,20.987900556063195
11,41,20.42870690490669
11,42,20.944686601157787
11,43,19.274058228329327
11,44,15.992134282518483
11,45,16.8261247534845
11,46,17.63678893715633
11,47,14.394893139079235
11,48,12.64219087463731
11,49,15.738638763003493
11,50,15.336136529537553
11,51,11.759008171979593
11,52,12.448052506559572
11,53,15.706071527814125
11,54,17.806137167980012
11,55,19.865007298914048
11,56,22.55669160816361
11,57,24.829541673436747
11,58,25.32529496299983
11,59,23.787422495863062
11,60,23.309863478810218
11,61,24.107184226027055
11,62,27.612016138492482
11,63,27.731684618343003
11,64,27.042401364638543
11,65,24.427264432665375
11,66,22.8536170628337
11,67,22.58243188449216
11,68,21.37384144827508
11,69,18.50327048369104
11,70,17.966160888599045
11,71,17.771243713797332
11,72,14.974723284520316
11,73,12.930179800548514
11,74,14.048192776862962
11,75,13.397617232375334
11,76,9.862334437745181
11,77,9.251192419250346
11,78,11.602087369421099
11,79,10.429992548285176
11,80,6.7488605653997915
11,81,8.44339172546928
11,82,11.217783194600203
11,83,9.600368568416284
11,84,9.009566759583898
11,85,12.612479770528816
11,86,13.683546192519506
11,87,12.579910023613706
11,88,14.385831039948169
11,89,17.253707246892667
11,90,17.55579203452386
11,91,17.70710530855216
11,92,20.35439086594044
11,93,22.251418767013813
11,94,22.37761748634893
11,95,23.644412381138164
11,96,26.079494407124837
11,97,27.600831314166495
11,98,28.14996931880354
11,99,29.881588347788078
11,100,32.15933914691073
11,101,33.04274199510061
11,102,31.428230315132456
12,1,17.10822442408168
12,2,15.388120313911397
12,3,14.570206607513885
12,4,12.664576795213986
12,5,10.742105902242695
12,6,10.012532423327984
12,7,9.023785150618377
12,8,6.463884074098985
12,9,5.413571046011355
12,10,5.67002672207581
12,11,3.7809753535662605
12,13,3.7858698063506155
12,14,5.505319997314847
12,15,5.271568254062181
12,16,6.384514809646189
12,17,8.829616280211292
12,18,10.035202149010463
12,19,10.917346912155553
12,20,12.388669458387561
12,21,14.005181587021323
12,22,15.636189798649768
12,23,16.997648598783755
12,24,18.238550995189428
12,25,19.79081304238447
12,26,21.948408518569174
12,27,23.00238300457092
12,28,24.061346822316008
12,29,25.726448617442795
12,30,27.656279764546504
12,31,30.93223633108715
12,32,31.32973277084005
12,33,34.063979245135435
12,34,33.24587911066673
12,35,29.489406012791143
12,36,27.62155346369442
12,37,23.970383486803456
12,38,24.91017971419643
12,39,23.465449191050123
12,40,19.806704928389724
12,41,19.6286785133799
12,42,20.73479103785247
12,43,18.918099096043242
12,44,15.60800555809605
12,45,17.214906574300574
12,46,18.236796183595207
12,47,14.903721281555262
12,48,13.79035914812891
12,49,17.28603991211631
12,50,16.888068026574977
12,51,13.589750483569572
12,52,14.982051809511269
12,53,18.1349982145704
12,54,20.202199271373097
12,55,21.77164476287292
12,56,24.359212421326404
12,57,26.286773090413803
12,58,26.403726902941024
12,59,24.510373235761026
12,60,23.992439107250252
12,61,24.367496835360672
12,62,27.818917063862433
12,63,27.55184159152724
12,64,26.903662308335896
12,65,23.91244224900154
12,66,22.566854407207373
12,67,22.862932037212925
12,68,21.417434139724282
12,69,18.264920233993582
12,70,18.43738759501819
12,71,18.572053300912774
12,72,15.369941697271932
12,73,13.622510856345027
12,74,15.63871083018605
12,75,15.018515018924838
12,76,11.229703647033558
12,77,11.475909652726738
12,78,14.318031754667375
12,79,12.976563277677315
12,80,9.701513399007688
12,81,11.993841249398663
12,82,14.618263819105625
12,83,12.805242760694918
12,84,12.601341979246264
12,85,16.26946635918512
12,86,16.98697734293932
12,87,15.658281293222228
12,88,17.74721770877294
12,89,20.585052860952747
12,90,20.46433119962314
12,91,20.591118678610457
12,92,23.521508544773738
12,93,25.292244871241177
12,94,25.056153204616912
12,95,26.416976711753517
12,96,29.083240719475832
12,97,30.353924473217756
12,98,30.68837532596251
12,99,32.6561770353988
12,100,34.954323464934824
12,101,35.54248637972701
12,102,33.81408217224236
13,1,18.3413616693002
13,2,15.913697891574431
13,3,15.10533169865714
13,4,14.10370229980878
13,5,12.016757563322447
13,6,10.204407603267823
13,7,9.912017968853297
13,8,8.54460311191884
13,9,6.151855751184892
13,10,5.126196201014066
13,11,5.306558212757287
13,12,3.7858698063506155
13,14,3.807628153821617
13,15,5.422513830178005
13,16,5.016320242740283
13,17,6.233140145063135
13,18,8.62680021082653
13,19,10.023171485093286
13,20,10.446527033437887
13,21,11.814320951675876
13,22,14.210626607570827
13,23,15.408379687301968
13,24,15.928990760013487
13,25,17.61710123418465
13,26,20.17501670786569
13,27,20.897037185124926
13,28,21.570926233244283
13,29,23.51873531580397
13,30,25.706831527857982
13,31,28.757873021312186
13,32,29.03909395978949
13,33,31.97637732421547
13,34,31.38032183494067
13,35,27.607565791023333
13,36,26.141303879746328
13,37,22.436036497966093
13,38,23.547281418478793
13,39,22.637428806266392
13,40,19.191016904093416
13,41,19.599862090483537
13,42,20.33080930009977
13,43,17.91941729125029
13,44,15.09503519910752
13,45,16.988642274505597
13,46,17.236347231750074
13,47,13.587351446664918
13,48,13.267888888563412
13,49,16.503936725411002
13,50,15.322948118952468
13,51,12.037894931563532
13,52,14.187111217362892
13,53,16.78118516842571
13,54,19.36080192672867
13,55,20.521359634127226
13,56,23.463578461871254
13,57,25.0116095629171
13,58,25.43920499765066
13,59,23.191725037353425
13,60,22.12897884646542
13,61,22.091552383690008
13,62,25.344618057649306
13,63,24.798461299401055
13,64,23.80763970688158
13,65,20.831203419093562
13,66,19.834801435118322
13,67,19.96099460296578
13,68,18.15883210278266
13,69,15.223805522847478
13,70,15.702458255481734
13,71,15.470194826248074
13,72,12.038196691336788
13,73,10.905867930219845
13,74,13.145103757084083
13,75,12.101668300894607
13,76,8.312809513981367
13,77,9.611076407546971
13,78,12.422227639006415
13,79,10.816611486164815
13,80,8.344588064908363
13,81,11.471413074394254
13,82,13.626481321764674
13,83,12.121030646040671
13,84,12.995997122861713
13,85,16.363437404645023
13,86,16.758364432727994
13,87,16.155222428922933
13,88,18.63976418549632
13,89,20.982689810080103
13,90,20.960509419294024
13,91,21.742367618697358
13,92,24.55025654011984
13,93,25.91841958657949
13,94,25.99609880318171
13,95,27.761696667479097
13,96,30.13559364966879
13,97,31.264577982031152
13,98,32.006612447008436
13,99,34.05798893284378
13,100,36.04486113918057
13,101,36.730603049347
13,102,34.72484193640365
14,1,20.176362717632948
14,2,17.840841454933027
14,3,16.25734544723605
14,4,15.303103710580277
14,5,14.062074834387165
14,6,11.931575998891963
14,7,10.555913025965003
14,8,9.834355501689203
14,9,8.629142583618755
14,10,6.1131306663331175
14,11,5.096069028593858
14,12,5.505319997314847
14,13,3.807628153821617
14,15,3.784911109950344
14,16,5.3174587347946
14,17,5.00286938055921
14,18,6.078129614229959
14,19,8.647663512273159
14,20,9.739523958114365
14,21,9.996063675400121
14,22,12.142967597492028
14,23,14.180456144258304
14,24,14.749108594490663
14,25,15.660910886938801
14,26,18.34665089573574
14,27,19.649601358067134
14,28,20.04910639041975
14,29,21.49134462785804
14,30,23.89452290683425
14,31,27.06792483168317
14,32,26.99375878067721
14,33,29.679650620312167
14,34,28.73914468455351
14,35,25.014951358691775
14,36,23.32387312042076
14,37,19.750474860446772
14,38,21.2650628893583
14,39,20.454099299831647
14,40,17.160416065124156
14,41,17.217288154290284
14,42,17.454083591408654
14,43,15.17437477744482
14,44,12.336151553335219
14,45,13.724961810924237
14,46,13.846257601715566
14,47,10.247668843630798
14,48,9.603276557498708
14,49,12.745841131984069
14,50,11.702697935902526
14,51,8.390792826326274
14,52,10.494073564124609
14,53,13.18591470224581
14,54,15.602389540467401
14,55,16.80694860697804
14,56,19.70115218955769
14,57,21.384376751273447
14,58,21.878967879225733
14,59,19.833219448263012
14,60,18.95429456176869
14,61,19.353950878606053
14,62,22.781067229536994
14,63,22.71433725921461
14,64,22.036328239882398
14,65,19.35548888581136
14,66,17.804023940367095
14,67,17.693976392743004
14,68,16.473942424333522
14,69,13.455475334647359
14,70,13.15023173927911
14,71,13.25189629725858
14,72,10.344709656497754
14,73,8.214121786265697
14,74,10.17929021540879
14,75,9.960770661264206
14,76,6.299566475838833
14,77,6.461674349044675
14,78,9.81051845370754
14,79,9.296422553918324
14,80,6.771192754934393
14,81,9.26500578150199
14,82,12.00572071596906
14,83,11.508095142109253
14,84,12.076984691022616
14,85,15.078488659410885
14,86,16.226358115433342
14,87,16.14484053852127
14,88,18.074229606410505
14,89,20.486076069079303
14,90,21.150348121517876
14,91,21.86038190917832
14,92,24.226254217446183
14,93,25.869056209018233
14,94,26.416336975681748
14,95,27.92919976635562
14,96,30.035502050143098
14,97,31.56705165528755
14,98,32.48368302811019
14,99,34.167359925206206
14,100,36.226200384493765
14,101,37.284837692180474
14,102,35.49082453802602
15,1,21.911766384239442
15,2,20.019884807971135
15,3,18.649256909849218
15,4,17.029084401525697
15,5,15.639088745284136
15,6,14.284808845889692
15,7,12.699618645589691
15,8,10.966049563496565
15,9,10.20343821067588
15,10,8.762801457851813
15,11,6.35595231500383
15,12,5.271568254062181
15,13,5.422513830178005
15,14,3.784911109950344
15,16,3.828836514944331
15,17,5.477463472130911
15,18,5.0712805525625155
15,19,6.2641541279915725
15,20,8.530846984728212
15,21,9.524332269126496
15,22,10.648222290051365
15,23,12.547557682720338
15,24,14.062693847531007
15,25,15.103768160970846
15,26,17.132296071854082
15,27,18.643226005679093
15,28,19.70572114339298
15,29,20.968755937110135
15,30,22.876425246324263
15,31,26.283919235306964
15,32,26.574621018210696
15,33,29.121681689453965
15,34,28.15644828842636
15,35,24.424048303796006
15,36,22.414942171627057
15,37,18.79602522654205
15,38,19.795593226771768
15,39,18.380323979352298
15,40,14.804332790965136
15,41,14.616917468141226
15,42,15.51932571404884
15,43,13.657780127873657
15,44,10.356434124581996
15,45,12.139317311427616
15,46,13.153811505009216
15,47,9.932936794582208
15,48,9.170272642250985
15,49,12.851839603872776
15,50,12.726061098961749
15,51,10.060204373013162
15,52,11.942659724900416
15,53,14.931524374404862
15,54,16.626366119033143
15,55,17.62925168569803
15,56,19.975105122919736
15,57,21.631842217372185
15,58,21.457690189432714
15,59,19.45360267273724
15,60,19.127262040658945
15,61,19.62669632036325
15,62,23.189325119598173
15,63,23.18569200536989
15,64,23.024979485978573
15,65,20.113725456234732
15,66,18.25842216698358
15,67,18.839164739712764
15,68,17.992987091659284
15,69,14.519938053587126
15,70,14.422928522110213
15,71,15.409650406725486
15,72,12.660381992938667
15,73,10.120066498485718
15,74,12.609572949249914
15,75,13.160752527116665
15,76,9.723698422308386
15,77,9.408189005481814
15,78,13.031050921353277
15,79,12.977893178477418
15,80,10.21805356254836
15,81,12.085036811005224
15,82,15.25683912726953
15,83,14.715042235579793
15,84,14.592622517966934
15,85,17.76142854235382
15,86,19.22461618692051
15,87,18.692455972670697
15,88,20.307461164682177
15,89,23.107467989236586
15,90,23.729065896811147
15,91,23.954880392645336
15,92,26.40191857300303
15,93,28.3754741276393
15,94,28.68648159385328
15,95,29.87907585737665
15,96,32.223031161320904
15,97,33.87645654057772
15,98,34.45881210326424
15,99,36.074607003647834
15,100,38.401595194987095
15,101,39.37062402107664
15,102,37.774050685840734
16,1,23.016509386601687
16,2,20.80223584914162
16,3,19.99282205650202
16,4,18.670729258721718
16,5,16.609283243060855
16,6,15.15035755254692
16,7,14.488213196138567
16,8,12.66140058877367
16,9,10.781456490164654
16,10,9.897911020876792
16,11,8.691893902062027
16,12,6.384514809646189
16,13,5.016320242740283
16,14,5.3174587347946
16,15,3.828836514944331
16,17,3.8261985592450296
16,18,5.461317917147
16,19,5.31504034335691
16,20,6.0290370374152475
16,21,8.202772855474294
16,22,9.968196957835426
16,23,10.781260945691665
16,24,11.97180560613518
16,25,13.885572711636941
16,26,15.906263500685204
16,27,16.684617698659515
16,28,17.932688870652573
16,29,19.800116761355234
16,30,21.546773500913435
16,31,24.750287405509077
16,32,25.396891806023056
16,33,28.279626801476727
16,34,27.809723845970243
16,35,24.023922107509197
16,36,22.483867133704674
16,37,18.69795397562641
16,38,19.279221852211396
16,39,18.104996960516537
16,40,14.573777482119938
16,41,15.325496195043849
16,42,16.505464347309186
16,43,14.056825586905234
16,44,11.32013911137256
16,45,13.983470388802289
16,46,14.50307838589433
16,47,11.115059413793105
16,48,11.58268055418613
16,49,15.081386296609766
16,50,14.325894058096099
16,51,11.936215568319865
16,52,14.592909366284458
16,53,17.046051198041077
16,54,19.098617405659244
16,55,19.53854066314876
16,56,22.04508995291797
16,57,23.158013040209777
16,58,22.95775591235685
16,59,20.436300749201887
16,60,19.625318477764417
16,61,19.37643700448803
16,62,22.669539971439438
16,63,22.046855834577336
16,64,21.61396259059973
16,65,18.353474473950246
16,66,17.070360632749182
16,67,18.051819680660973
16,68,16.66282586235276
16,69,13.155781638948774
16,70,14.061273621870038
16,71,14.96855156008435
16,72,11.756602926660438
16,73,10.169699459078624
16,74,13.389918932292481
16,75,13.49551735691284
16,76,10.091757656544816
16,77,11.102275630558387
16,78,14.639887548277866
16,79,14.082241955820127
16,80,11.936871005834304
16,81,14.576904384197546
16,82,17.249021681544054
16,83,16.457532167737988
16,84,17.033674151421902
16,85,20.25243449233564
16,86,21.179871737266986
16,87,20.725811823049874
16,88,22.835855823469515
16,89,25.377794111824183
16,90,25.6574312770814
16,91,26.218076152533172
16,92,28.883423184099097
16,93,30.51636487029429
16,94,30.682970536109583
16,95,32.21036428893434
16,96,34.59982117148634
16,97,35.94275822650396
16,98,36.58926569832599
16,99,38.480229991125704
16,100,40.63242520958891
16,101,41.40114579638426
16,102,39.535749054807646
17,1,24.37721840683038
17,2,21.78348749939978
17,3,20.6087935911708
17,4,19.874500716294488
17,5,18.138581425687146
17,6,15.952162911084804
17,7,15.239119830148262
17,8,14.31403707659005
17,9,12.338970504329913
17,10,10.39428947518143
17,11,9.874812870611795
17,12,8.829616280211292
17,13,6.233140145063135
17,14,5.00286938055921
17,15,5.477463472130911
17,16,3.8261985592450296
17,18,3.8101659019285714
17,19,5.576931062445722
17,20,5.0883411761011486
17,21,5.607408773194509
17,22,8.424462762133535
17,23,9.754581506242019
17,24,9.928718450075056
17,25,11.388475714670664
17,26,14.08448792835181
17,27,14.918494473050753
17,28,15.44183505576268
17,29,17.28589101298926
17,30,19.542171511250174
17,31,22.586251895950905
17,32,22.81444667971755
17,33,25.75575069246739
17,34,25.263026480174535
17,35,21.48183358104398
17,36,20.222779376021943
17,37,16.475187471190676
17,38,17.59356089937745
17,39,17.122677997616943
17,40,14.013894604304937
17,41,15.079301640200915
17,42,15.436357369294715
17,43,12.458501657492668
17,44,10.37270985411272
17,45,12.850083857716932
17,46,12.391685170621761
17,47,8.740415440527297
17,48,9.98129334551077
17,49,12.94831952771213
17,50,11.446285844449429
17,51,9.28582491446066
17,52,12.537907061645722
17,53,14.350710816905652
17,54,16.737331784298103
17,55,16.801585731163236
17,56,19.607016409594923
17,57,20.43387261317495
17,58,20.63850037660832
17,59,17.915790350656255
