1,2,3.8124942440405736
1,3,7.143687083640213
1,4,8.695831819307479
1,5,8.634758498855511
1,6,8.320953159080872
1,7,8.364448654917602
1,8,11.023608684453732
1,9,14.495162368657773
1,10,16.458425567965854
1,11,16.90733028318271
1,12,18.289815832966404
1,13,21.775592044091802
1,14,23.143215391003935
1,15,23.38529847248519
1,16,20.24413951224677
1,17,16.44088011490842
1,18,13.799173476174245
1,19,14.468555238333037
1,20,10.864504944212467
1,21,7.330775478006734
1,22,7.760267430924039
1,23,6.591569232706338
1,24,8.479457344691559
1,25,11.126435084812208
1,26,11.75731007167894
1,27,14.372885100444206
1,28,13.34026126381101
1,29,13.8214059459573
1,30,17.152508993349986
1,31,17.943863456528884
1,32,19.545101238106675
1,33,21.9004651084485
1,34,21.43520458594523
1,35,23.581450935869384
1,36,26.99370453652418
1,37,28.73458287387425
1,38,25.834540275038126
1,39,22.965195003313994
1,40,23.06485730674304
1,41,21.671899832880623
1,42,24.421966451910688
1,43,22.609021043399775
1,44,20.42075472153204
1,45,16.704783972260536
1,46,13.308913346920196
1,47,11.54969476595286
1,48,11.639366920975863
1,49,14.0435736292376
1,50,17.74828939111836
1,51,19.93860138277195
1,52,22.42972090257643
1,53,26.02804493009645
1,54,28.484015807023287
1,55,31.297715685274916
1,56,34.95872413200513
1,57,39.456959829455755
1,58,38.94581480803632
1,59,41.81618858995096
1,60,39.653375026316795
1,61,39.215475677814176
1,62,37.30991754044032
1,63,38.68500076937828
1,64,36.27064707075091
1,65,33.75220577745172
1,66,30.09226225951224
1,67,29.273696705378626
1,68,26.01880309620554
1,69,26.35398179412711
1,70,28.352406970898826
1,71,28.090979720679645
1,72,31.04192371441841
1,73,33.99784161877517
1,74,36.09025535979166
1,75,39.766409730617625
1,76,42.425609702330824
1,77,42.813682086652335
2,1,3.8124942440405736
2,3,3.800453823505201
2,4,5.595444872869132
2,5,6.927253564032506
2,6,7.696500959470861
2,7,8.992911568636048
2,8,10.75675744646315
2,9,14.413209491595994
2,10,15.696634491249975
2,11,15.285884063156857
2,12,16.287309079922046
2,13,19.462481142726972
2,14,20.357172331394878
2,15,20.57088985982862
2,16,17.732812895407587
2,17,13.984227768655902
2,18,12.02180859019291
2,19,13.123551938161903
2,20,9.839198510803191
2,21,6.483813461853329
2,22,8.090285321240001
2,23,8.6743990082711
2,24,11.118382630946229
2,25,13.919952141905922
2,26,13.890620373868904
2,27,15.794808516063537
2,28,13.956725590152695
2,29,13.71172889082862
2,30,16.485812892275295
2,31,16.46807805056471
2,32,17.746157523328087
2,33,19.585522723641148
2,34,18.659661717487648
2,35,20.810437360572827
2,36,24.106068688616574
2,37,25.584832192415142
2,38,22.614999880737873
2,39,19.6616123166551
2,40,19.743254212146848
2,41,18.382518945450496
2,42,21.145238426307937
2,43,19.56008963625252
2,44,17.783518589446132
2,45,14.065806569042586
2,46,11.107535294970326
2,47,8.716104870385463
2,48,9.041096243117018
2,49,10.836492597024142
2,50,14.423348345735347
2,51,16.32358253336715
2,52,18.843523236736264
2,53,22.44465873765064
2,54,24.782466141696823
2,55,27.63824829370924
2,56,31.270885317832104
2,57,35.84053698638252
2,58,35.26182905841182
2,59,38.08230119838523
2,60,35.90829012079672
2,61,35.534554646900155
2,62,33.681875530069796
2,63,35.068907021867744
2,64,32.75550669919214
2,65,30.33475900651747
2,66,26.66640554140582
2,67,26.05588739502429
2,68,22.9637331107554
2,69,23.198061534233695
2,70,24.952569839799647
2,71,24.501437277609682
2,72,27.429021486759808
2,73,30.319131942855776
2,74,32.3531233724083
2,75,36.010683864427776
2,76,38.64508657997044
2,77,39.020283713221374
3,1,7.143687083640213
3,2,3.800453823505201
3,4,3.8205843102196986
3,5,5.6591100500712805
3,6,8.171787048760141
3,7,9.56436363117497
3,8,9.915696994533082
3,9,13.569692659174864
3,10,13.939888703996035
3,11,12.824572360534574
3,12,13.199597148086362
3,13,16.164313095135086
3,14,16.791689399874468
3,15,16.82796786598696
3,16,14.079636712534755
3,17,10.38315932720205
3,18,8.93329108951365
3,19,10.363393300163745
3,20,7.717131461833626
3,21,5.183481582198251
3,22,7.670244749710594
3,23,9.788823533333733
3,24,12.751418933126983
3,25,15.29084735212248
3,26,14.438494658717959
3,27,15.499778001168872
3,28,13.046281126418299
3,29,12.01215173901416
3,30,14.129194828709464
3,31,13.457804449421893
3,32,14.456773224008746
3,33,15.986523827993402
3,34,14.936796014920612
3,35,17.22759104040271
3,36,20.419734117856194
3,37,21.956216461524058
3,38,19.12877683872081
3,39,16.038216386551984
3,40,15.995283543289233
3,41,14.694068250081484
3,42,17.60753740977034
3,43,16.2630312450447
3,44,14.642307848860083
3,45,11.108561992601615
3,46,8.51809825940068
3,47,5.386678352951306
3,48,5.458704076845634
3,49,7.11205382412992
3,50,10.688711627785109
3,51,12.844464910641456
3,52,15.54070163471034
3,53,19.031039294728096
3,54,21.583672089181317
3,55,24.572245288128244
3,56,28.25851325419658
3,57,33.0767348997616
3,58,32.66560422790835
3,59,35.33448360432901
3,60,32.94902140891372
3,61,32.35966769924185
3,62,30.315040894542882
3,63,31.577627685864723
3,64,29.14071939169485
3,65,26.69208078813791
3,66,23.00647922900128
3,67,22.28268908774501
3,68,19.164220784297175
3,69,19.45558653682652
3,70,21.28251083265675
3,71,20.954473029835427
3,72,23.927260909445486
3,73,26.901037088525168
3,74,29.095442684028963
3,75,32.80435263697976
3,76,35.5937184382483
3,77,36.44516895340001
4,1,8.695831819307479
4,2,5.595444872869132
4,3,3.8205843102196986
4,5,3.8111179189865942
4,6,5.880857137399502
4,7,8.487539046613858
4,8,8.716169956568818
4,9,11.887688740640902
4,10,12.372804139807743
4,11,11.007251181071
4,12,12.115791254715182
4,13,14.865203201484348
4,14,15.635824415134477
4,15,16.513141146081427
4,16,14.10902051403946
4,17,10.751048484003945
4,18,9.791295391183944
4,19,12.334163751701563
4,20,10.344501598304747
4,21,7.6434673666158925
4,22,8.66232610058644
4,23,10.93948220117688
4,24,13.100638453757076
4,25,16.17654157968036
4,26,15.808595280438205
4,27,16.536047882349443
4,28,13.618367205394293
4,29,13.216968663716182
4,30,14.99088490077685
4,31,13.988574249787508
4,32,15.567390212966691
4,33,16.86807832804061
4,34,15.91827233685342
4,35,18.69772638121344
4,36,21.449786281644244
4,37,22.895207659303615
4,38,20.333577115035435
4,39,16.88090991237611
4,40,16.0446406181284
4,41,13.941197105418059
4,42,16.219405610792357
4,43,14.264773923313788
4,44,12.571126983982683
4,45,8.800381543611682
4,46,6.403896619734392
4,47,4.481751743505494
4,48,6.993500209787746
4,49,8.438632443514704
4,50,11.235302566539481
4,51,12.977854787766931
4,52,16.20144512485725
4,53,19.412583039712015
4,54,21.693124641606598
4,55,24.977756415448628
4,56,28.523069412629024
4,57,33.61724784678874
4,58,32.89294337803226
4,59,35.334092474345454
4,60,32.8917440624242
4,61,32.49971499448328
4,62,30.437810737473388
4,63,31.367286956693835
4,64,28.951594596339213
4,65,26.904276273023857
4,66,23.147584287729227
4,67,22.341995481348423
4,68,19.273486999596056
4,69,18.816305601675285
4,70,20.548607003342177
4,71,20.454597828042168
4,72,23.740070236414542
4,73,26.35887861445988
4,74,28.70872460406947
4,75,32.3419459539878
4,76,35.16782124703772
4,77,35.78260096189156
5,1,8.634758498855511
5,2,6.927253564032506
5,3,5.6591100500712805
5,4,3.8111179189865942
5,6,3.80315935498065
5,7,5.2223747123464435
5,8,4.9101224451107
5,9,8.226523980849805
5,10,9.082576614602
5,11,8.621980567836813
5,12,10.429458814591191
5,13,13.731549014499494
5,14,15.409498095802673
5,15,16.5119937893783
5,16,13.640089843155497
5,17,10.279646613878647
5,18,8.364630124104037
5,19,11.153372682993712
5,20,9.335434119812192
5,21,6.493036549887832
5,22,5.895541243887883
5,23,8.468165747875302
5,24,10.325292284873438
5,25,13.290124510014529
5,26,12.908841343040745
5,27,13.29002552521786
5,28,10.244061479635178
5,29,10.50640104162812
5,30,12.494472107569182
5,31,12.135082124028111
5,32,14.486337431175023
5,33,16.46187044788346
5,34,16.386924629258314
5,35,19.502694524945877
5,36,22.21724615602385
5,37,24.196576706646606
5,38,22.00801890540696
5,39,18.48542228458822
5,40,17.3091039400462
5,41,14.95334377786688
5,42,17.085381969217362
5,43,14.661756376267938
5,44,12.068846324888304
5,45,8.377223665807373
5,46,4.835081673567651
5,47,4.7732188462303675
5,48,7.211097602365795
5,49,9.97928290302806
5,50,12.772987628491512
5,51,15.217526815040303
5,52,18.61294162993556
5,53,21.60279290890447
5,54,24.21012845011863
5,55,27.608349589169787
5,56,31.197328958932445
5,57,36.486412204103374
5,58,35.94685986443606
5,59,38.24609367031448
5,60,35.599335660659094
5,61,34.93961707328439
5,62,32.587991341325804
5,63,33.24114325052097
5,64,30.52610183418712
5,65,28.422560277109145
5,66,24.666284252430827
5,67,23.299865703234737
5,68,19.904120062480978
5,69,19.43377619224782
5,70,21.714103715927017
5,71,22.229198124885738
5,72,25.66983839361416
5,73,28.353893316934524
5,74,31.012687447264355
5,75,34.68092491861054
5,76,37.709513522101396
5,77,38.75648301814755
6,1,8.320953159080872
6,2,7.696500959470861
6,3,8.171787048760141
6,4,5.880857137399502
6,5,3.80315935498065
6,7,3.80595246724032
6,8,5.727178263654653
6,9,8.231212395581622
6,10,10.398260708502114
6,11,10.778256585071722
6,12,13.38489105598938
6,13,16.58309773881934
6,14,18.4706301623455
6,15,19.966385698295657
6,16,17.221781771597275
6,17,14.004176157151504
6,18,11.980367293827495
6,19,14.623441047753381
6,20,12.468410982790116
6,21,9.117850844933715
6,22,7.55649463599622
6,23,8.614075247888492
6,24,9.118427201026662
6,25,12.667747884081043
6,26,13.38726825930338
6,27,14.289900714250772
6,28,11.725526299336545
6,29,13.022912384680115
6,30,15.367485657387093
6,31,15.462102653777029
6,32,18.09747907609424
6,33,20.180848505018897
6,34,20.15720400022736
6,35,23.282713628584247
6,36,25.96236598181823
6,37,27.851155921304546
6,38,25.60556929916737
6,39,22.05682162137189
6,40,20.785712731147257
6,41,18.20532423256988
6,42,19.960323088567947
6,43,17.187661114224046
6,44,14.562561286233347
6,45,10.934605561174758
6,46,7.709041793983119
6,47,8.39593251760069
6,48,10.93946439998289
6,49,13.555146619085287
6,50,16.324069878532633
6,51,18.431407791999842
6,52,21.842293114554327
6,53,24.868044952080478
6,54,27.221832176075427
6,55,30.632623319403564
6,56,34.13909787550078
6,57,39.36345863998501
6,58,38.56909182952764
6,59,40.889809496841686
6,60,38.377924796213776
6,61,37.96288946240628
6,62,35.75006702467991
6,63,36.36702202790847
6,64,33.76243807843765
6,65,31.8370182919231
6,66,28.071360868149398
6,67,26.786032406797
6,68,23.460406048965726
6,69,22.702149576911445
6,70,24.844962613918106
6,71,25.323996255859054
6,72,28.824145605076325
6,73,31.300705796345582
6,74,33.88818594463269
6,75,37.479820768945636
6,76,40.40131443191482
6,77,40.97681978759845
7,1,8.364448654917602
7,2,8.992911568636048
7,3,9.56436363117497
7,4,8.487539046613858
7,5,5.2223747123464435
7,6,3.80595246724032
7,8,3.823150658760423
7,9,6.398727493621553
7,10,9.18750223805677
7,11,10.75361045986784
7,12,13.384585745521738
7,13,16.96652759261675
7,14,19.391039148933007
7,15,20.639445645781976
7,16,17.47386023693554
7,17,14.241954344959309
7,18,11.426633371727814
7,19,13.573639910180884
7,20,11.418169791745422
7,21,8.287569765769122
7,22,5.359161977382598
7,23,5.811940116621206
7,24,5.862740869774137
7,25,9.152577646105776
7,26,9.901353397796882
7,27,10.778569071371178
7,28,8.611051710524482
7,29,10.663918464789745
7,30,13.42983240268696
7,31,14.411669171235838
7,32,17.358102790596753
7,33,20.032737602375867
7,34,20.62384531763344
7,35,23.745229195131614
7,36,26.542534974332792
7,37,28.844567354595767
7,38,26.770422581341126
7,39,23.33388530629518
7,40,22.153575222826735
7,41,19.75215392256318
7,42,21.695134198360204
7,43,18.93738257058983
7,44,15.833851497451574
7,45,12.4987009499707
7,46,8.845370128600065
7,47,9.777413856549419
7,48,11.431043346548348
7,49,14.741450011844357
7,50,17.702259523290245
7,51,20.371457506906303
7,52,23.715276667244073
7,53,26.71139358067908
7,54,29.405918160027927
7,55,32.787159793427264
7,56,36.397804801818715
7,57,41.65979187598473
7,58,41.13740448816082
7,59,43.464739325223036
7,60,40.81897354719712
7,61,40.11816664573869
7,62,37.69729178742424
7,63,38.26386449577344
7,64,35.42949661911894
7,65,33.28515941856872
7,66,29.55552582832888
7,67,27.911855153839884
7,68,24.35419790284055
7,69,23.91911320280245
7,70,26.471721741557253
7,71,27.25860477399959
7,72,30.73768137602487
7,73,33.42480901215116
7,74,36.16986848938619
7,75,39.83399663015412
7,76,42.89681559109616
7,77,43.9053821313422
8,1,11.023608684453732
8,2,10.75675744646315
8,3,9.915696994533082
8,4,8.716169956568818
8,5,4.9101224451107
8,6,5.727178263654653
8,7,3.823150658760423
8,9,3.800274485394237
8,10,5.562604686572588
8,11,7.202471699000682
8,12,9.816865639631256
8,13,13.446520090456893
8,14,16.16188495640833
8,15,17.482474834240488
8,16,14.3056247581964
8,17,11.434828691351791
8,18,8.753974562620458
8,19,11.385187308968101
8,20,10.23657684682694
8,21,8.103982787623453
8,22,5.255961730010801
8,23,7.558879448828094
8,24,8.43444890720072
8,25,10.775592630723803
8,26,10.338193910582886
8,27,9.860203478216835
8,28,6.682864784721394
8,29,8.359384171718762
8,30,10.374016674019046
8,31,11.0872011125233
8,32,14.328624186183378
8,33,16.996240872763842
8,34,17.986611699522033
8,35,21.335716081785996
8,36,23.863497222242962
8,37,26.387385196927962
8,38,24.695305469041905
8,39,21.206189767364986
8,40,19.689501828840914
8,41,17.183881330495964
8,42,19.001273069167883
8,43,16.213763894741266
8,44,12.821412194528454
8,45,9.899534759684753
8,46,6.344312991756621
8,47,8.17305319410988
8,48,9.849888748426883
8,49,13.263864466164563
8,50,15.748787410860938
8,51,18.688039430579558
8,52,22.14551874362868
8,53,24.814537695357476
8,54,27.701335592141128
8,55,31.181341585497936
8,56,34.77170844330697
8,57,40.2497517940171
8,58,39.91354093906559
8,59,42.027894303245695
8,60,39.16120510791474
8,61,38.20590216027925
8,62,35.54670483093159
8,63,35.86032486208877
8,64,32.83916426920425
8,65,30.724974680945063
8,66,27.053809638530144
8,67,25.08161408708554
8,68,21.44301083988609
8,69,20.95274047039532
8,70,23.764810978081538
8,71,24.948307024515028
8,72,28.482995395405755
8,73,31.178614520398533
8,74,34.15137770060818
8,75,37.815641277169355
8,76,41.05298382237393
8,77,42.5935756431097
9,1,14.495162368657773
9,2,14.413209491595994
9,3,13.569692659174864
9,4,11.887688740640902
9,5,8.226523980849805
9,6,8.231212395581622
9,7,6.398727493621553
9,8,3.800274485394237
9,10,3.78616737957368
9,11,6.876776440460287
9,12,10.18105010353218
9,13,13.38393296752717
9,14,16.616379175238382
9,15,18.45697411811184
9,16,15.55870102545287
9,17,13.411735793624496
9,18,11.13786577881385
9,19,13.909241036147904
9,20,13.448524564586233
9,21,11.768362728012487
9,22,8.712211223944808
9,23,10.480468098211723
9,24,10.308757591703523
9,25,12.214852669583271
9,26,12.043932868261159
9,27,10.78676083836548
9,28,7.8203423218059145
9,29,10.170123716421516
9,30,11.386735598334006
9,31,12.212152989066203
9,32,15.850310127765113
9,33,18.469808894788773
9,34,19.925037288779684
9,35,23.481217695580824
9,36,25.6203925756825
9,37,28.289544124140278
9,38,26.997421651916685
9,39,23.44464801562837
9,40,21.45970718758114
9,41,18.630077587152886
9,42,19.85146763424422
9,43,16.694952108732572
9,44,13.021678062304092
9,45,10.872431247529459
9,46,8.157561813183992
9,47,11.039338033694928
9,48,12.99102716588842
9,49,16.228893416750328
9,50,18.19534808142289
9,51,21.065678756302045
9,52,24.656771175815255
9,53,26.986922069534753
9,54,29.83829895446921
9,55,33.4416298027394
9,56,36.92230981852482
9,57,42.589462455835
9,58,42.22263214181004
9,59,44.10084217718732
9,60,41.10338180261055
9,61,40.08572869978648
9,62,37.277962265756905
9,63,37.22985294194673
9,64,34.0963207581719
9,65,32.22210590997182
9,66,28.636457263574382
9,67,26.357353013508313
9,68,22.745077407113506
9,69,21.86701239168444
9,70,24.818682057637805
9,71,26.452033501366046
9,72,30.099716905583684
9,73,32.57518168533967
9,74,35.7524454015139
9,75,39.32736461978925
9,76,42.66837838695068
9,77,44.38126312080568
10,1,16.458425567965854
10,2,15.696634491249975
10,3,13.939888703996035
10,4,12.372804139807743
10,5,9.082576614602
10,6,10.398260708502114
10,7,9.18750223805677
10,8,5.562604686572588
10,9,3.78616737957368
10,11,3.8231949037987354
10,12,6.833691883678071
10,13,9.85545968762125
10,14,13.311854213079654
10,15,15.180536810670578
10,16,12.446669156938958
10,17,10.950957991019916
10,18,9.327774064241195
10,19,12.363617156461903
10,20,12.9141680098551
10,21,12.169154173729314
10,22,9.874754220490008
10,23,12.57059976324401
10,24,13.255960316980262
10,25,14.788373552905432
10,26,13.725053391948899
10,27,11.705606611797077
10,28,8.229687985065365
10,29,9.38198417689087
10,30,9.325278941999251
10,31,9.412134941101721
10,32,13.097306916363616
10,33,15.452343263626611
10,34,17.190022484909075
10,35,20.85348676102606
10,36,22.655336232961183
10,37,25.43844838987884
10,38,24.518488045114708
10,39,21.01021864129594
10,40,18.760979314118124
10,41,15.942174388525132
10,42,17.01054537927634
10,43,13.991764520982178
10,44,10.186847881127768
10,45,8.831887643390099
10,46,6.978585621398752
10,47,10.182318172721256
10,48,11.920401153090234
10,49,14.833202313020395
10,50,16.170074608689546
10,51,19.1268051672214
10,52,22.68139362147439
10,53,24.644446234022833
10,54,27.60821910046358
10,55,31.2267522895217
10,56,34.64263401511041
10,57,40.42587091056076
10,58,40.23923669649217
10,59,41.925101806022056
10,60,38.76456897392859
10,61,37.52533595143755
10,62,34.54217512590004
10,63,34.29325310650348
10,64,31.031506172384777
10,65,29.196157311205596
10,66,25.716197559528855
10,67,23.19074533062621
10,68,19.588014664338925
10,69,18.670889398412047
10,70,21.80552576115828
10,71,23.76141231280373
10,72,27.379301160572155
10,73,29.84466409044727
10,74,33.174088744388605
10,75,36.7190376425388
10,76,40.18072549702215
10,77,42.371653238005315
11,1,16.90733028318271
11,2,15.285884063156857
11,3,12.824572360534574
11,4,11.007251181071
11,5,8.621980567836813
11,6,10.778256585071722
11,7,10.75361045986784
11,8,7.202471699000682
11,9,6.876776440460287
11,10,3.8231949037987354
11,12,3.7845850380613824
11,13,6.625587149190016
11,14,9.755825354075366
11,15,11.891681627357825
11,16,9.542655007018695
11,17,8.386072941399892
11,18,8.018808257368462
11,19,11.605648942496348
11,20,12.570368850336498
11,21,12.128939721104668
11,22,10.920110783493753
11,23,14.218346373852636
11,24,15.57276112237433
11,25,17.448534722812177
11,26,16.135152625967972
11,27,14.324321692227493
11,28,10.584285673104766
11,29,10.486999784363581
11,30,9.790016340098354
11,31,8.353389864631698
11,32,11.526781291410517
11,33,13.105211862194484
11,34,14.38436363287912
11,35,18.157483962733806
11,36,19.72575500360208
11,37,22.260035248166957
11,38,21.389257379844164
11,39,17.783814384799452
11,40,15.272778709215721
11,41,12.2551095933165
11,42,13.20871252418071
11,43,10.207332119846669
11,44,6.425308370237879
11,45,5.283751416924531
11,46,4.682415491499817
11,47,8.060471882084059
11,48,10.163479451079823
11,49,12.344969345942879
11,50,13.068352398516268
11,51,15.764461025147439
11,52,19.371984187327516
11,53,21.14067200195429
11,54,23.999668372163324
11,55,27.665009976147626
11,56,31.008932460318317
11,57,36.85027632196026
11,58,36.6215856380207
11,59,38.215975482643785
11,60,35.0337782396486
11,61,33.83201049551689
11,62,30.872921035904913
11,63,30.59144200036484
11,64,27.393027012268718
11,65,25.673662312571377
11,66,22.167458673698103
11,67,19.76539490105084
11,68,16.272025115425183
11,69,15.090248551237831
11,70,18.093387026800524
11,71,20.0190081270963
11,72,23.677231630487977
11,73,26.065591124662816
11,74,29.396933434996694
11,75,32.92363160586738
11,76,36.382179673302005
11,77,38.61421088943869
12,1,18.289815832966404
12,2,16.287309079922046
12,3,13.199597148086362
12,4,12.115791254715182
12,5,10.429458814591191
12,6,13.38489105598938
12,7,13.384585745521738
12,8,9.816865639631256
12,9,10.18105010353218
12,10,6.833691883678071
12,11,3.7845850380613824
12,13,3.8409699408108064
12,14,6.839537153468699
12,15,8.349297233629184
12,16,5.8817596426102865
12,17,5.638450336410534
12,18,6.546778597393991
12,19,9.841395997993748
12,20,11.7808705815035
12,21,12.407645454222886
12,22,12.134109151172296
12,23,15.782151124936275
12,24,17.79203924145936
12,25,19.309181672209867
12,26,17.345981011629178
12,27,15.292129018562145
12,28,11.630748773181315
12,29,10.271959060603827
12,30,8.531843818518206
12,31,5.835287181089556
12,32,8.366174548616998
12,33,9.464603996350869
12,34,10.94960760016246
12,35,14.734526565068634
12,36,16.104645038391148
12,37,18.80056993301409
12,38,18.21058350629995
12,39,14.76475352374772
12,40,12.241654263964449
12,41,9.628124750555013
12,42,10.948225311013172
12,43,8.763082885017672
12,44,5.429316215558029
12,45,5.543482700612681
12,46,6.122086911648884
12,47,8.115154213126502
12,48,9.152030015523533
12,49,10.697475663726792
12,50,10.699964032924491
12,51,13.608747201089034
12,52,16.953965488440133
12,53,18.415520558206307
12,54,21.514073551755487
12,55,25.075635312837193
12,56,28.422221651794473
12,57,34.26045812737784
12,58,34.32960201374626
12,59,35.852857915147396
12,60,32.54775339316747
12,61,31.054608796478018
12,62,27.93645268471988
12,63,27.653977266557366
12,64,24.315356598548764
12,65,22.402458453341566
12,66,18.978286885105966
12,67,16.36182421122548
12,68,12.765502359439749
12,69,11.966947628950628
12,70,15.25590136608305
12,71,17.352185019670546
12,72,20.853356285500926
12,73,23.444975285767327
12,74,26.843839845641448
12,75,30.402483599381082
12,76,33.95507418606
12,77,36.71733530994716
13,1,21.775592044091802
13,2,19.462481142726972
13,3,16.164313095135086
13,4,14.865203201484348
13,5,13.731549014499494
13,6,16.58309773881934
13,7,16.96652759261675
13,8,13.446520090456893
13,9,13.38393296752717
13,10,9.85545968762125
13,11,6.625587149190016
13,12,3.8409699408108064
13,14,3.8306198192001943
13,15,6.335538605596658
13,16,5.752990833617671
13,17,7.577341997814438
13,18,9.76461215207437
13,19,12.684957131887836
13,20,15.050453514021005
13,21,15.94024218541609
13,22,15.93384846773392
13,23,19.602658583383906
13,24,21.579376363068636
13,25,23.11931892861519
13,26,21.11727623960213
13,27,18.887202195038242
13,28,15.302852816782057
13,29,13.789466809389813
13,30,11.45607101950276
13,31,8.267678587277826
13,32,9.716779076150868
13,33,9.427409630242508
13,34,10.784221826552825
13,35,14.465476164334257
13,36,14.920346648458569
13,37,17.41100126636948
13,38,17.46880696205793
13,39,14.174903144339254
13,40,11.023032843018221
13,41,8.273973540274179
13,42,8.511031133467327
13,43,6.646102769707219
13,44,4.23948020284739
13,45,6.808787946310345
13,46,9.04032567099613
13,47,10.869470999481242
13,48,11.942012575535708
13,49,12.469268987635717
13,50,11.254120450959734
13,51,13.481266531904959
13,52,16.610071432075586
13,53,17.298435456257742
13,54,20.19277093617142
13,55,23.761418202224768
13,56,26.83731345397565
13,57,32.8022961019555
13,58,32.90786307077471
13,59,34.07038272026084
13,60,30.618528860115735
13,61,29.010205685309476
13,62,25.752006780793586
13,63,25.044041579513756
13,64,21.637659004510326
13,65,20.092812943042937
13,66,16.8909722894531
13,67,14.030226339643773
13,68,10.78532960937533
13,69,9.26849268069261
13,70,12.600601731067712
13,71,15.262885972670851
13,72,18.731900212983938
13,73,21.002351973375426
13,74,24.58845589164571
13,75,27.986467742310044
13,76,31.634412769268742
13,77,34.780298296826636
14,1,23.143215391003935
14,2,20.357172331394878
14,3,16.791689399874468
14,4,15.635824415134477
14,5,15.409498095802673
14,6,18.4706301623455
14,7,19.391039148933007
14,8,16.16188495640833
14,9,16.616379175238382
14,10,13.311854213079654
14,11,9.755825354075366
14,12,6.839537153468699
14,13,3.8306198192001943
14,15,3.789496101190433
14,16,5.451513658004561
14,17,8.077587114689075
14,18,11.311326647637614
14,19,13.913027776099705
14,20,16.311525352423498
14,21,17.389432814842426
14,22,18.10510382622313
14,23,21.861879037875816
14,24,24.163705081646043
14,25,25.873794508518582
14,26,23.799917779100916
14,27,21.83748437065909
14,28,18.265153230826332
14,29,16.29068183095098
14,30,14.008717100932856
14,31,10.375136933821937
14,32,10.545480811034112
14,33,8.867477050463629
14,34,9.105343567605372
14,35,12.480302754844269
14,36,12.383177926018226
14,37,14.351462551170055
14,38,14.592632115619141
14,39,11.39764433285418
14,40,7.873375702449365
14,41,5.210010892079143
14,42,5.021623631171479
14,43,4.690327704700737
14,44,4.910219161645147
14,45,7.828319077655741
14,46,10.797748555162089
14,47,11.67864752116182
14,48,12.514471342997679
14,49,11.845560201983275
14,50,9.54805758047361
14,51,10.972071887620118
14,52,13.776894012400142
14,53,13.944267475196801
14,54,16.675910417760413
14,55,20.218290511553274
14,56,23.168121351018815
14,57,29.161797618880854
14,58,29.28618288683188
14,59,30.33434536196456
14,60,26.846321775763773
14,61,25.222639664858626
14,62,21.971235078826094
14,63,21.25079026018859
14,64,17.899857840946844
14,65,16.4639141596187
14,66,13.250873905795967
14,67,10.572009985644577
14,68,7.654340446534162
14,69,5.546927294419587
14,70,8.77396294930815
14,71,11.497803277548892
14,72,14.948564109864611
14,73,17.175654016933237
14,74,20.773069947272404
14,75,24.164731977150968
14,76,27.822973101496096
14,77,31.125942674680292
15,1,23.38529847248519
15,2,20.57088985982862
15,3,16.82796786598696
15,4,16.513141146081427
15,5,16.5119937893783
15,6,19.966385698295657
15,7,20.639445645781976
15,8,17.482474834240488
15,9,18.45697411811184
15,10,15.180536810670578
15,11,11.891681627357825
15,12,8.349297233629184
15,13,6.335538605596658
15,14,3.789496101190433
15,16,3.7955549276725686
15,17,7.239527227453365
15,18,10.824589285554621
15,19,12.497086027222178
15,20,15.301765950933024
15,21,17.09266087242714
15,22,18.38708171296795
15,23,22.161308817218913
15,24,24.887515924081008
15,25,26.27625163067611
15,26,23.79845074316103
15,27,21.86818525353376
15,28,18.55874874591604
15,29,15.92016428586366
15,30,13.434145111358983
15,31,9.643929828983826
15,32,8.458531435800932
15,33,5.757447429282955
15,34,5.761210217329288
15,35,8.892748136779499
15,36,8.726271149431591
15,37,11.095318649393539
15,38,11.514762144832215
15,39,8.68315645155546
15,40,5.698444553252523
15,41,5.002962484047971
15,42,6.476725172623427
15,43,7.781967300457629
15,44,8.185510652074525
15,45,10.138056022829508
15,46,12.40345135272858
15,47,12.285437875622396
15,48,11.966412465611969
15,49,10.81910892060893
15,50,8.11853926421597
15,51,9.846416492926105
15,52,11.96168046546083
15,53,11.981296245404979
15,54,15.189103355424301
15,55,18.438591999416886
15,56,21.526534252362904
15,57,27.348367564316952
15,58,27.89996741829617
15,59,29.084925139531183
15,60,25.559899195194433
15,61,23.573854977763094
15,62,20.195283959314104
15,63,19.809096372179052
15,64,16.304908084739722
15,65,14.219649944892097
15,66,11.019128820479013
15,67,8.063937094605816
15,68,4.517191809634935
15,69,4.440543413501452
15,70,8.055802773816442
15,71,10.482237172950937
15,72,13.462832878457744
15,73,16.259053716626113
15,74,19.7309899130648
15,75,23.22893446172036
15,76,26.905259163849767
15,77,30.67224078190359
16,1,20.24413951224677
16,2,17.732812895407587
16,3,14.079636712534755
16,4,14.10902051403946
16,5,13.640089843155497
16,6,17.221781771597275
16,7,17.47386023693554
16,8,14.3056247581964
16,9,15.55870102545287
16,10,12.446669156938958
16,11,9.542655007018695
16,12,5.8817596426102865
16,13,5.752990833617671
16,14,5.451513658004561
16,15,3.7955549276725686
16,17,3.8217870365529096
16,18,7.131948176165263
16,19,8.854523098062893
16,20,11.724473181269687
16,21,13.631855597446506
16,22,14.821120493081523
16,23,18.575182194729237
16,24,21.36699599759221
16,25,22.59296311192948
16,26,20.03212870923951
16,27,18.145925470096387
16,28,14.890792596519537
16,29,12.148142349917855
16,30,9.838384587112873
16,31,6.052462969192114
16,32,5.284799451870478
16,33,4.1495712544601675
16,34,5.269330956498444
16,35,9.013357936981782
16,36,10.245320728891862
16,37,13.104301404729716
16,38,12.749857391783026
16,39,9.672634220759992
16,40,7.565161908028631
16,41,6.564978984233839
16,42,9.005829871214917
16,43,9.059645002323057
16,44,7.938768618589798
16,45,8.710251458557234
16,46,9.914113756148645
16,47,9.66126763654843
16,48,8.900277643423129
16,49,8.710763050537526
16,50,7.278002095374442
16,51,10.265259758203772
16,52,12.808322855098094
16,53,13.838088624393988
16,54,17.307234829540416
16,55,20.563090771414366
16,56,23.939400906946183
16,57,29.626193472161866
16,58,30.154041533896304
16,59,31.6870106419974
16,60,28.30302892554434
16,61,26.423441547384947
16,62,23.181791179464536
16,63,23.160790723010095
16,64,19.731446175975186
16,65,17.33053437931593
16,66,13.994416565927013
16,67,11.311693361607476
16,68,7.516133532996625
16,69,8.103274399692554
16,70,11.528852382670188
16,71,13.41049287567349
16,72,16.445182296103045
16,73,19.48605326092781
16,74,22.781756678335007
16,75,26.4018827772475
16,76,29.98624120628832
16,77,33.383018813376374
17,1,16.44088011490842
17,2,13.984227768655902
17,3,10.38315932720205
17,4,10.751048484003945
17,5,10.279646613878647
17,6,14.004176157151504
17,7,14.241954344959309
17,8,11.434828691351791
17,9,13.411735793624496
17,10,10.950957991019916
17,11,8.386072941399892
17,12,5.638450336410534
17,13,7.577341997814438
17,14,8.077587114689075
17,15,7.239527227453365
17,16,3.8217870365529096
17,18,3.793125673687896
17,19,6.15894772050363
17,20,8.290554898150251
17,21,9.87415956098853
17,22,11.31816293247016
17,23,15.055146703399627
17,24,18.011536855147558
17,25,19.41073091817143
17,26,17.009538839781268
17,27,15.630513561076219
17,28,12.351638179806098
17,29,9.639566112553737
17,30,8.438343751047434
17,31,5.271313079969919
17,32,5.465431602106285
17,33,6.259925710628571
17,34,6.580521419394459
17,35,10.12484979969146
17,36,12.432903544186692
17,37,15.047132956450797
17,38,13.746271984823581
17,39,10.430587451384492
17,40,9.088037718766879
17,41,7.860284357071873
17,42,10.881211577217355
17,43,10.245569405632226
17,44,8.493126608889568
17,45,7.486208421571554
17,46,7.377761961461133
17,47,6.318894196140457
17,48,5.13932680796031
17,49,5.8693337288710685
17,50,6.176752293011429
17,51,9.812892525115046
17,52,12.716383220663365
17,53,14.723199244314854
17,54,18.1627770593234
17,55,21.440636191653887
17,56,25.040344041889554
17,57,30.569913101985772
17,58,30.893407833463918
17,59,32.798895014937614
17,60,29.6424997828936
17,61,28.06845544071971
17,62,25.11145384003617
17,63,25.519171066216717
17,64,22.32195164872169
17,65,19.78414498945651
17,66,16.237088760958535
17,67,14.152404470870582
17,68,10.440837399405869
17,69,11.054227336847676
17,70,14.043140948078824
17,71,15.20783833714091
17,72,18.330091036067422
17,73,21.494710547260915
17,74,24.525668778819117
17,75,28.25730778024465
17,76,31.67041139897554
17,77,34.42709229759215
18,1,13.799173476174245
18,2,12.02180859019291
18,3,8.93329108951365
18,4,9.791295391183944
18,5,8.364630124104037
18,6,11.980367293827495
18,7,11.426633371727814
18,8,8.753974562620458
18,9,11.13786577881385
18,10,9.327774064241195
18,11,8.018808257368462
18,12,6.546778597393991
18,13,9.76461215207437
18,14,11.311326647637614
18,15,10.824589285554621
18,16,7.131948176165263
18,17,3.793125673687896
18,19,3.8162191462709307
18,20,5.29421090405536
18,21,6.8164898687562445
18,22,7.838881538465446
18,23,11.527347978256813
18,24,14.53503996747132
18,25,15.695135147424862
18,26,13.218455859767486
18,27,11.97036623664786
18,28,8.795208464952523
18,29,6.089560843036996
18,30,6.005793016131624
18,31,4.531066230000378
18,32,6.188731714484971
18,33,8.731635402115282
18,34,9.683479424090082
18,35,12.802679179236089
18,36,15.537683490557125
18,37,18.314692859287323
18,38,16.77197724315285
18,39,13.655772887896832
18,40,12.765709999994339
18,41,11.50365881543243
18,42,14.398939192637652
18,43,13.179531421989362
18,44,10.670740415818928
18,45,8.766982125040755
18,46,6.888052204064736
18,47,5.917627436685115
18,48,4.201563597788644
18,49,7.122437393299483
18,50,9.061938534910642
18,51,12.77358064890761
18,52,15.635877648050808
18,53,18.052997914167484
18,54,21.477793614199527
18,55,24.667518181204663
18,56,28.35155664527957
18,57,33.720100562928785
18,58,34.01763785671153
18,59,36.115266586341
18,60,33.071352365016295
18,61,31.56830862720249
18,62,28.696209972015428
18,63,29.2393669887505
18,64,26.062023420020527
18,65,23.420760005695534
18,66,19.900717970262644
18,67,17.834639800944615
18,68,14.098014142659695
18,69,14.799978324517554
18,70,17.82627801832848
18,71,18.90529981486825
18,72,21.998368502088457
18,73,25.204063519156144
18,74,28.14765839913348
18,75,31.90162999302351
18,76,35.25111093876716
18,77,37.75830634691403
19,1,14.468555238333037
19,2,13.123551938161903
19,3,10.363393300163745
19,4,12.334163751701563
19,5,11.153372682993712
19,6,14.623441047753381
19,7,13.573639910180884
19,8,11.385187308968101
19,9,13.909241036147904
19,10,12.363617156461903
19,11,11.605648942496348
19,12,9.841395997993748
19,13,12.684957131887836
19,14,13.913027776099705
19,15,12.497086027222178
19,16,8.854523098062893
19,17,6.15894772050363
19,18,3.8162191462709307
19,20,3.7989181170393906
19,21,7.167085393213624
19,22,8.862466328076614
19,23,11.974095614130455
19,24,15.344057448404952
19,25,15.758832942203831
19,26,12.698501787668276
19,27,11.562977622336797
19,28,9.336543213339821
19,29,5.718547339473532
19,30,5.816598185113849
19,31,5.537224287346609
19,32,5.551488935660083
19,33,8.62466701787415
19,34,9.77736075998107
19,35,12.029154002178851
19,36,15.165238802545549
19,37,18.13523005513354
19,38,16.530006522589645
19,39,14.049495441005556
19,40,14.048170916311586
19,41,13.743258669662998
19,42,16.971194956127196
19,43,16.348835816767803
19,44,14.150791844474949
19,45,12.490254635461351
19,46,10.604193542444246
19,47,8.99964055066301
19,48,5.922231040567786
19,49,8.337791695914
19,50,10.424592627847568
19,51,14.211977658500906
19,52,16.373001507774358
19,53,18.825010352185846
19,54,22.4371187050591
19,55,25.25738001535072
19,56,28.986661148555633
19,57,34.032691855645886
19,58,34.675178534105214
19,59,36.918166687787334
19,60,33.928769268244466
19,61,32.19617790401264
19,62,29.331498448206393
19,63,30.1449445109072
19,64,26.962443607204236
19,65,23.949833223520585
19,66,20.648345207207797
19,67,18.639584885040925
19,68,15.011401923966154
19,69,16.561993959472105
19,70,19.562158689674895
19,71,20.4300457916516
19,72,23.101918553390508
19,73,26.57046432884325
19,74,29.339323720905462
19,75,33.097245218713795
19,76,36.39470896078499
19,77,39.16982488209952
20,1,10.864504944212467
20,2,9.839198510803191
20,3,7.717131461833626
20,4,10.344501598304747
20,5,9.335434119812192
20,6,12.468410982790116
20,7,11.418169791745422
20,8,10.23657684682694
20,9,13.448524564586233
20,10,12.9141680098551
20,11,12.570368850336498
20,12,11.7808705815035
20,13,15.050453514021005
20,14,16.311525352423498
20,15,15.301765950933024
20,16,11.724473181269687
20,17,8.290554898150251
20,18,5.29421090405536
20,19,3.7989181170393906
20,21,3.797534285771797
20,22,6.350307194365307
20,23,9.018779044009957
20,24,12.671869663924173
20,25,13.36468573617056
20,26,10.712931635736586
20,27,10.723293575423677
20,28,8.843130397315857
20,29,6.124610115882143
20,30,8.200135666776456
20,31,8.673404080953592
20,32,9.280069762784933
20,33,12.05347874537115
20,34,12.4560167903377
20,35,14.514274512217263
20,36,17.940005285055626
20,37,20.507207913609008
20,38,18.333571957548155
20,39,15.769447711132319
20,40,16.034315415538362
20,41,15.51465967065876
20,42,18.82082834731209
20,43,17.89423492762886
20,44,15.641301348291297
20,45,13.138214930827516
20,46,10.46610720146554
20,47,8.280887669158554
20,48,5.258619765984193
20,49,8.304064652575757
20,50,11.463787012514882
20,51,14.974929284807713
20,52,17.20453830136715
20,53,20.185846591918
20,54,23.563706964925846
20,55,26.353089444068715
20,56,30.148065253945962
20,57,35.00807046118486
20,58,35.40021062766654
20,59,37.90562938568786
20,60,35.15002923559024
20,61,33.74409161371572
20,62,31.159705888110135
20,63,32.2482577239907
20,64,29.28766783881674
20,65,26.30747715111281
20,66,22.87352741067554
20,67,21.29297161389807
20,68,17.761296494492854
20,69,19.078944646608985
20,70,21.780304460917897
20,71,22.207845896362112
20,72,24.93445294977496
20,73,28.370053586869602
20,74,30.91462720908774
20,75,34.70262819965912
20,76,37.82367774808054
20,77,39.97872199669488
21,1,7.330775478006734
21,2,6.483813461853329
21,3,5.183481582198251
21,4,7.6434673666158925
21,5,6.493036549887832
21,6,9.117850844933715
21,7,8.287569765769122
21,8,8.103982787623453
21,9,11.768362728012487
21,10,12.169154173729314
21,11,12.128939721104668
21,12,12.407645454222886
21,13,15.94024218541609
21,14,17.389432814842426
21,15,17.09266087242714
21,16,13.631855597446506
21,17,9.87415956098853
21,18,6.8164898687562445
21,19,7.167085393213624
21,20,3.797534285771797
21,22,3.772831683845387
21,23,6.274689987729164
21,24,9.886905591583387
21,25,11.44261078685353
21,26,9.764460262042135
21,27,10.65255409083356
21,28,8.636762301476244
21,29,7.465616881171745
21,30,10.311066156627447
21,31,10.87119931319966
21,32,12.270095574270572
21,33,14.870459875725512
21,34,14.948281886822082
21,35,17.29378414925242
21,36,20.649628499412714
21,37,22.925075776547512
21,38,20.504756560720512
21,39,17.613472965304826
21,40,17.57825151631383
21,41,16.460406640148634
21,42,19.517683323589374
21,43,18.05928769486835
21,44,15.657047097870917
21,45,12.49540923716252
21,46,9.215113370574647
21,47,7.12649414369891
21,48,5.613515913538853
21,49,8.984824296756491
21,50,12.571547536294275
21,51,15.695724609208698
21,52,18.29500308019379
21,53,21.53942229185957
21,54,24.610045416248322
21,55,27.558118857402853
21,56,31.337004674145835
21,57,36.227297230911624
21,58,36.23906364681401
21,59,38.82648643386465
21,60,36.21440177523707
21,61,35.16688924939887
21,62,32.770586057336395
21,63,33.86771417629784
21,64,31.058498233302593
21,65,28.31778220302489
21,66,24.71993462757433
21,67,23.35221727796472
21,68,19.85033810153238
21,69,20.60137552768192
21,70,23.103710222736993
21,71,23.376187877191207
21,72,26.335583347693134
21,73,29.566512497694244
21,74,32.046671010249135
21,75,35.82516591638281
21,76,38.841978441412756
21,77,40.388968993029
22,1,7.760267430924039
22,2,8.090285321240001
22,3,7.670244749710594
22,4,8.66232610058644
22,5,5.895541243887883
22,6,7.55649463599622
22,7,5.359161977382598
22,8,5.255961730010801
22,9,8.712211223944808
22,10,9.874754220490008
22,11,10.920110783493753
22,12,12.134109151172296
22,13,15.93384846773392
22,14,18.10510382622313
22,15,18.38708171296795
22,16,14.821120493081523
22,17,11.31816293247016
22,18,7.838881538465446
22,19,8.862466328076614
22,20,6.350307194365307
22,21,3.772831683845387
22,23,3.7835219215757525
22,24,6.8381451248029075
22,25,8.548384679080533
22,26,7.27763349873257
22,27,8.031179885285113
22,28,5.873572669432886
22,29,6.427171582497219
22,30,9.744621706939284
22,31,11.092023981280486
22,32,13.47381191739923
22,33,16.479695331471163
22,34,17.19657888471512
22,35,19.9390017949488
22,36,23.04697030938517
22,37,25.57100803632011
22,38,23.45845895781607
22,39,20.364973402493504
22,40,19.781489155235906
22,41,18.127022999708778
22,42,20.759932661228888
22,43,18.71334967725056
22,44,15.744771193400343
22,45,12.616429897743876
22,46,8.909843030366877
22,47,8.392352019210911
22,48,8.142379083928764
22,49,11.849119574228176
22,50,15.121130521780753
22,51,18.31827998187775
22,52,21.261284220316654
22,53,24.322906601362266
22,54,27.3960813224676
22,55,30.543008977964853
22,56,34.28624245788125
22,57,39.38727689548582
22,58,39.30382339134273
22,59,41.749342812489665
22,60,39.033703419878975
22,61,37.980450831377404
22,62,35.44755614323377
22,63,36.25032735304158
22,64,33.29885576787589
22,65,30.728033619403742
22,66,27.095867025230998
22,67,25.387098358159456
22,68,21.732338692069327
22,69,22.093610635978493
22,70,24.84884511873656
22,71,25.54697500445477
22,72,28.74520474322068
22,73,31.82818974350312
22,74,34.52982440881239
22,75,38.29199615212078
22,76,41.41650513586168
22,77,42.98289666495403
23,1,6.591569232706338
