1,2,3.818071733475388
1,3,6.052403993047937
1,4,8.434340309103574
1,5,8.740880793179475
1,6,12.021841281109054
1,7,12.640204244744723
1,8,11.367321971236711
1,9,12.421466835380981
1,10,15.166080691849247
1,11,16.014642372740727
1,12,16.941251106092746
1,13,14.479841379996367
1,14,11.081157616924306
1,15,9.976137288878055
1,16,12.40999826768566
1,17,10.187637086878834
1,18,7.256562297870959
1,19,8.417457996969906
1,20,10.470247052609718
1,21,13.018516823576215
1,22,15.92112007809993
1,23,15.231813789997833
1,24,16.315765502141424
1,25,13.569549020751314
1,26,13.147525611162859
1,27,15.006480778691259
1,28,14.18116389107332
1,29,15.799652966231516
1,30,17.31294752872721
1,31,16.561117059913478
1,32,19.55212038207573
1,33,22.134396574678266
1,34,23.606037534311138
1,35,20.822052305798746
1,36,17.416301056030935
1,37,16.51761535846745
1,38,14.379143593629696
1,39,16.65739388092925
1,40,14.541939697370927
1,41,12.86145475115155
1,42,9.122734384379228
1,43,6.72924159031764
1,44,4.926852883858841
1,45,7.21574416366717
1,46,8.718839009275849
1,47,11.733299813141484
1,48,13.439125951541676
1,49,16.69996877894105
1,50,19.90170634726348
1,51,21.922401788635607
1,52,25.470806138699764
1,53,28.80222780945674
1,54,30.727751027642714
1,55,34.51887821980476
1,56,35.11745777950232
1,57,33.5195760238799
1,58,35.963119697210615
1,59,33.31551401307803
1,60,33.1237026758604
1,61,30.91347035996982
1,62,31.855250063424936
1,63,29.387978741880996
1,64,27.468970917716707
1,65,23.713572987658598
1,66,22.896662294288763
1,67,19.774582616528182
1,68,19.331137942810603
1,69,21.03325356598232
1,70,20.86456824058631
1,71,24.27637518382234
1,72,26.947347896634124
1,73,29.387618008625054
1,74,32.9146398350541
1,75,35.70815468815857
1,76,37.93390517504642
1,77,41.436115467610755
1,78,43.33754607170374
1,79,40.37595764790032
1,80,39.153382111065376
1,81,36.68239992808139
1,82,37.32398805942188
1,83,34.03401149498297
1,84,31.580064625622597
1,85,29.053572484691642
1,86,30.543913183979644
1,87,29.073713771445572
1,88,32.44488605054721
1,89,35.84275869198518
1,90,39.311969970615785
1,91,42.51025049385914
1,92,44.64855565390886
1,93,47.45739205137814
1,94,45.591036088001836
1,95,42.76808210334829
1,96,39.41332753732432
1,97,38.435854069481564
1,98,41.76058121773295
1,99,44.22492107205602
1,100,47.90313785945502
2,1,3.818071733475388
2,3,3.8119687229286594
2,4,5.315687955577426
2,5,4.963254055505185
2,6,8.222338623267142
2,7,9.150865413451134
2,8,8.64396833864759
2,9,10.459744259673647
2,10,13.667998533926493
2,11,15.393383122971423
2,12,16.633787527298274
2,13,13.826527536222361
2,14,10.55291333654378
2,15,8.699399680558555
2,16,11.49989040168021
2,17,9.673546488900572
2,18,6.6661765563455715
2,19,6.1163886951931
2,20,8.486363487299622
2,21,10.617794504192247
2,22,13.517274295520282
2,23,12.857984376338939
2,24,13.45989261225224
2,25,10.47914049738942
2,26,10.761337243349034
2,27,12.676234147131145
2,28,12.3501812721058
2,29,14.75141044000402
2,30,16.805347953095886
2,31,16.891183055213684
2,32,20.235657103443472
2,33,22.77353482298067
2,34,24.769248243048427
2,35,22.35255179776363
2,36,18.8422754626901
2,37,17.51446663571903
2,38,15.018536666460623
2,39,17.083388478240607
2,40,14.481663682124116
2,41,11.914064499506125
2,42,8.249179268585172
2,43,4.792504356668058
2,44,5.020302846358977
2,45,7.585589735652876
2,46,10.24337657166617
2,47,13.090599214287392
2,48,15.431091395026804
2,49,18.903286843644505
2,50,21.840623472828934
2,51,24.214473214667386
2,52,27.827650078875774
2,53,31.1156868163765
2,54,33.32001254659835
2,55,37.068594100300736
2,56,37.942473318819175
2,57,36.29299130666033
2,58,38.50968927586957
2,59,35.65215886784841
2,60,35.19181587209059
2,61,32.684446195493976
2,62,33.31765915795082
2,63,30.56211276898272
2,64,28.68853134089604
2,65,24.903542696348605
2,66,23.521014637012858
2,67,20.117979456515528
2,68,19.53972477967035
2,69,21.785349022513866
2,70,22.261873774570514
2,71,25.84175483134667
2,72,28.512988438190355
2,73,31.276830458108524
2,74,34.8125291696833
2,75,37.82859850297381
2,76,40.064236320193444
2,77,43.44896949255846
2,78,45.514259482505885
2,79,42.67478338195335
2,80,41.372416681771796
2,81,38.93807348085957
2,82,39.48645730434059
2,83,36.200399694717525
2,84,33.48517035733402
2,85,31.237009313631397
2,86,32.94370107770354
2,87,31.77317002040522
2,88,35.11302739404123
2,89,38.361939776224645
2,90,41.93671425113412
2,91,45.05316450374984
2,92,47.01891312432966
2,93,49.94647530034561
2,94,47.5586781632588
2,95,44.56202560873671
2,96,41.29015812784609
2,97,40.30508191667417
2,98,43.72479903896227
2,99,46.39128139075872
2,100,50.05135723864185
3,1,6.052403993047937
3,2,3.8119687229286594
3,4,3.825847593591225
3,5,5.694545874239797
3,6,8.14636464498788
3,7,10.405626185311593
3,8,10.833102844165644
3,9,13.439980921581913
3,10,16.573366055778276
3,11,18.544687181983655
3,12,20.14522312951151
3,13,17.428775202280736
3,14,14.284643248671944
3,15,12.242729365888705
3,16,14.846024163116667
3,17,12.699894355752953
3,18,9.244496047149163
3,19,7.631675407832677
3,20,8.417786251958859
3,21,9.273254047514591
3,22,12.792864394405925
3,23,13.223849291609053
3,24,14.264030818198833
3,25,11.778648870781467
3,26,13.10997723467471
3,27,15.40438783148984
3,28,15.584031085531178
3,29,18.280493353613597
3,30,20.491776270394727
3,31,20.687678719343847
3,32,24.047180751970412
3,33,26.552343060713884
3,34,28.508735643035156
3,35,26.061142345963514
3,36,22.531024706433122
3,37,21.118556996967282
3,38,18.43281937425121
3,39,20.140548051539607
3,40,17.202558066488685
3,41,14.586288825485576
3,42,11.037896099215358
3,43,7.833354215911755
3,44,8.755789270679639
3,45,11.308271138387962
3,46,13.90507615776346
3,47,16.7661603044143
3,48,18.842024166503485
3,49,22.327046913092907
3,50,25.285716503212072
3,51,27.437705765196032
3,52,31.08673776008806
3,53,34.30340704150623
3,54,36.435773034076625
3,55,40.20814595056392
3,56,40.89610761125664
3,57,39.12076444491745
3,58,41.43672058125342
3,59,38.69508513018318
3,60,38.44085574528463
3,61,36.03130332449395
3,62,36.59153884429894
3,63,33.922306966238516
3,64,32.21288279846942
3,65,28.43928468561344
3,66,27.095057735905765
3,67,23.746484491751197
3,68,22.911109608228223
3,69,25.061642343790616
3,70,25.536969733939742
3,71,29.16803243514648
3,72,31.65355849395259
3,73,34.36521696102859
3,74,37.8085734854076
3,75,40.76568344811947
3,76,43.1584312255544
3,77,46.55416107631048
3,78,48.46448588623312
3,79,45.502559465186785
3,80,44.02427724764146
3,81,41.39853298452696
3,82,41.69417452298728
3,83,38.263682199497985
3,84,35.61460055066815
3,85,33.46841946083739
3,86,35.37158273720037
3,87,34.23500172162092
3,88,37.71175030158421
3,89,41.01309628376402
3,90,44.53489124773812
3,91,47.77714940041501
3,92,49.70480030368214
3,93,52.510570271005065
3,94,50.2075609076568
3,95,47.270568457305444
3,96,44.082527470747905
3,97,42.86614635143003
3,98,46.18267485004086
3,99,48.84359473854996
3,100,52.55544193619342
4,1,8.434340309103574
4,2,5.315687955577426
4,3,3.825847593591225
4,5,3.811855239060926
4,6,6.36968962430476
4,7,9.238264911021062
4,8,10.801216761396491
4,9,13.372051036588154
4,10,16.921880540767685
4,11,19.40442208896008
4,12,20.690678131370486
4,13,17.546729261964003
4,14,14.387479038148907
4,15,11.555715538257662
4,16,13.615205702791677
4,17,11.511633507519111
4,18,8.303695615790593
4,19,5.33513785136792
4,20,5.525163896373513
4,21,5.958244251369302
4,22,9.243380557807397
4,23,9.706605670151252
4,24,10.691968170867943
4,25,8.603930852275731
4,26,10.649222480551222
4,27,13.370635602224407
4,28,14.427564658501288
4,29,17.373044720506936
4,30,20.149869516320734
4,31,20.94436912302947
4,32,24.284425834324374
4,33,26.998454613247564
4,34,29.31566444643242
4,35,26.983364369187615
4,36,23.59321198250331
4,37,22.321321616257862
4,38,19.83799905932157
4,39,21.79764111967281
4,40,18.948095279449277
4,41,15.85724140464572
4,42,12.571480776658452
4,43,8.911090003864665
4,44,9.957502399514304
4,45,11.610180690566809
4,46,14.90330880801265
4,47,17.935170858803545
4,48,20.575412523012368
4,49,23.966230994973248
4,50,26.930941101176998
4,51,29.43770522419781
4,52,33.01198272713918
4,53,36.34713844199675
4,54,38.5375695534618
4,55,42.282396815729044
4,56,43.160923750669525
4,57,41.57668956181948
4,58,43.80821786539665
4,59,40.931437936608255
4,60,40.38516650470785
4,61,37.789607500435785
4,62,38.35422776054855
4,63,35.46113174533056
4,64,33.52979810793673
4,65,29.753221355430124
4,66,28.06769881160608
4,67,24.486229152094815
4,68,24.00442973560225
4,69,26.574805406197402
4,70,27.334157866228015
4,71,30.929085255162864
4,72,33.63412983731906
4,73,36.490937613561755
4,74,40.031122684612576
4,75,43.09682221064324
4,76,45.310512408589666
4,77,48.66877338168018
4,78,50.78561430202391
4,79,47.97163038944492
4,80,46.644515708252655
4,81,44.183483070544796
4,82,44.63834895894583
4,83,41.30190830495958
4,84,38.54075928930427
4,85,36.40463581158179
4,86,38.20638727442733
4,87,37.06049851649339
4,88,40.42040450479919
4,89,43.67293559398361
4,90,47.24632708264009
4,91,50.36849119938431
4,92,52.31832424025957
4,93,55.24584325924603
4,94,52.76302308815033
4,95,49.7208415100769
4,96,46.48982103591104
4,97,45.468918388317825
4,98,48.89227589005758
4,99,51.61239394370109
4,100,55.27820848921691
5,1,8.740880793179475
5,2,4.963254055505185
5,3,5.694545874239797
5,4,3.811855239060926
5,6,3.7937934625622067
5,7,5.633915672451302
5,8,7.226665378138619
5,9,9.785491533921812
5,10,13.382868518735613
5,11,16.14023266651045
5,12,17.482881219021937
5,13,14.348543274191526
5,14,11.555443400366654
5,15,8.878700144313528
5,16,11.436917855267536
5,17,10.334758517979715
5,18,8.039368836066084
5,19,5.234373176554982
5,20,7.39244225280681
5,21,8.525788848006346
5,22,10.881986267207745
5,23,10.182660811820663
5,24,9.860277917660094
5,25,6.721949404155253
5,26,8.398588672580214
5,27,10.34963535665321
5,28,11.103441598572084
5,29,14.341216029596843
5,30,17.074131457213856
5,31,18.224878788212333
5,32,21.741058657778538
5,33,24.231772182990944
5,34,26.7982299598913
5,35,24.81413510623203
5,36,21.37616708083925
5,37,19.7906087812118
5,38,17.202857252838474
5,39,19.0530993519856
5,40,16.20772667965403
5,41,12.822196599699376
5,42,9.936061108017338
5,43,6.357632150089763
5,44,8.244412006797253
5,45,9.960113373363948
5,46,13.338821845708312
5,47,15.90005508249257
5,48,18.804517018217236
5,49,22.282667527558957
5,50,24.933023218117732
5,51,27.679819349290973
5,52,31.264603091715617
5,53,34.51858298097891
5,54,36.9637321419796
5,55,40.63588186265497
5,56,41.814608765815976
5,57,40.198661274995864
5,58,42.17155256014353
5,59,39.10099655421019
5,60,38.29895384769358
5,61,35.4834611762129
5,62,35.828765133629666
5,63,32.763501525997654
5,64,30.880487333946792
5,65,27.1465807641747
5,66,25.14761611914929
5,67,21.50458914297931
5,68,20.963629584646696
5,69,23.7951802677865
5,70,24.940628925001047
5,71,28.568171140051355
5,72,31.27155297565714
5,73,34.33566797881637
5,74,37.87276759873373
5,75,41.10027201999727
5,76,43.26142834590334
5,77,46.50029876103337
5,78,48.77920193260938
5,79,46.12261799074662
5,80,44.81134348096645
5,81,42.48700317851841
5,82,43.0047572136808
5,83,39.78229092329303
5,84,36.82167262319621
5,85,34.847301676109794
5,86,36.687730613941454
5,87,35.78040958105643
5,88,39.02599581040963
5,89,42.104446968711976
5,90,45.76979686002119
5,91,48.75322477349832
5,92,50.55996775320458
5,93,53.62697836078628
5,94,50.70379834237825
5,95,47.526051619792774
5,96,44.33944430684993
5,97,43.42688915342247
5,98,46.94728959734138
5,99,49.804862589567406
5,100,53.41210564038804
6,1,12.021841281109054
6,2,8.222338623267142
6,3,8.14636464498788
6,4,6.36968962430476
6,5,3.7937934625622067
6,7,3.821054951720667
6,8,6.909083317538088
6,9,10.169576489908204
6,10,13.345669383078727
6,11,16.614061652860258
6,12,18.43635496390479
6,13,15.591514339470695
6,14,13.5259673512288
6,15,11.236474052456629
6,16,13.916580116235782
6,17,13.520389467226854
6,18,11.682655649836457
6,19,8.665327883878883
6,20,10.28573923183471
6,21,10.31173196537637
6,22,12.32880031741208
6,23,11.94302343587072
6,24,10.757193783468491
6,25,7.774445172956548
6,26,10.169324520135122
6,27,11.317434734881276
6,28,12.175456934197156
6,29,15.815684238303605
6,30,18.4830250772722
6,31,20.092115334922926
6,32,23.755506827044872
6,33,25.896293033458
6,34,28.682326986197314
6,35,27.08891187679044
6,36,23.597362066762958
6,37,21.571217433774226
6,38,18.685914623639952
6,39,19.966980117605697
6,40,16.80697322490932
6,41,13.13992910834925
6,42,11.02922262309826
6,43,8.22611788205726
6,44,11.115207628656497
6,45,13.078355229878614
6,46,16.289897475994056
6,47,18.352000944756988
6,48,21.21870877748749
6,49,24.802269131109203
6,50,27.109618691297655
6,51,29.89396365551211
6,52,33.52389685069492
6,53,36.6011624174247
6,54,39.27536728296105
6,55,42.882491786907224
6,56,44.22919033389097
6,57,42.4452209136125
6,58,44.20560850232738
6,59,41.021616584106084
6,60,40.12412395488316
6,61,37.14616918931555
6,62,37.130028485503765
6,63,33.953114774449155
6,64,32.32825652249124
6,65,28.685144002619015
6,66,26.36352064598349
6,67,22.76736866606801
6,68,21.849751183229106
6,69,24.85177654744432
6,70,26.461387111663168
6,71,30.165524626435193
6,72,32.649190378883695
6,73,35.90779438069799
6,74,39.33096620150817
6,75,42.6945664008639
6,76,44.957656956819235
6,77,48.05109873097015
6,78,50.36551379965136
6,79,47.77917710891642
6,80,46.29549472609052
6,81,43.93838013364487
6,82,44.25442293319368
6,83,41.02544456177208
6,84,37.885139909623824
6,85,36.239777971264424
6,86,38.33915212403171
6,87,37.765166214844925
6,88,41.012330412359404
6,89,43.927941664640514
6,90,47.648621091301976
6,91,50.59153368144993
6,92,52.17242090474403
6,93,55.28190997730646
6,94,51.880282864913774
6,95,48.59450573738228
6,96,45.56773474510549
6,97,44.537493626384126
6,98,48.06293977001757
6,99,51.09227428253422
6,100,54.67677723335784
7,1,12.640204244744723
7,2,9.150865413451134
7,3,10.405626185311593
7,4,9.238264911021062
7,5,5.633915672451302
7,6,3.821054951720667
7,8,3.8130732243130367
7,9,6.822625851699952
7,10,9.792053319856832
7,11,13.282899280204472
7,12,15.134555704988236
7,13,12.486711009809602
7,14,11.093426241641192
7,15,9.481178813554566
7,16,12.461144634313968
7,17,13.067527737949717
7,18,12.13122482919821
7,19,9.922615997876282
7,20,12.52102569067071
7,21,13.347535467504253
7,22,14.935110697298791
7,23,13.67375591355048
7,24,11.778204039701851
7,25,8.271222221054193
7,26,9.486895358742569
7,27,9.337171226133558
7,28,9.413180527549827
7,29,13.116210906051101
7,30,15.47479633656585
7,31,17.328547903917844
7,32,21.054227012791078
7,33,22.88468337232181
7,34,25.82162155504358
7,35,24.59072689891037
7,36,21.14116878412951
7,37,18.856231459808395
7,38,15.97230876695095
7,39,17.092814395213093
7,40,14.096938716844253
7,41,10.285489466547958
7,42,8.978855514640651
7,43,7.054864452969332
7,44,10.239669552175542
7,45,12.030614117599063
7,46,14.901063610940888
7,47,16.317110563497085
7,48,19.264219605376773
7,49,22.792708301019413
7,50,24.732786700895744
7,51,27.672922912729053
7,52,31.241701380777123
7,53,34.20218067317415
7,54,37.066979644781334
7,55,40.569280482165425
7,56,42.17041405239319
7,57,40.388702798847
7,58,41.90440585476596
7,59,38.57842717199788
7,60,37.45698270345977
7,61,34.31775349279937
7,62,34.12051775363246
7,63,30.824404929622734
7,64,29.25708722227561
7,65,25.70837984736625
7,66,23.14434540437469
7,67,19.575977620761943
7,68,18.602524982703788
7,69,21.79371003749835
7,70,23.731872753133693
7,71,27.38838514425549
7,72,29.845914818921152
7,73,33.244745325122274
7,74,36.637707392916994
7,75,40.109896981464104
7,76,42.29061722008854
7,77,45.263021337119284
7,78,47.7123745588581
7,79,45.28776829810377
7,80,43.85799924750513
7,81,41.66536529609737
7,82,42.08200132332555
7,83,39.00528478903896
7,84,35.728474494081844
7,85,34.209834711235224
7,86,36.274267453130335
7,87,35.89624235924302
7,88,38.98758088410438
7,89,41.72273518498014
7,90,45.49281845500047
7,91,48.28233377618599
7,92,49.74603596206296
7,93,52.96748579691594
7,94,49.23085934172108
7,95,45.84845250778232
7,96,42.8599153129713
7,97,41.96807234873216
7,98,45.56541438177369
7,99,48.68109819310263
7,100,52.189158269294055
8,1,11.367321971236711
8,2,8.64396833864759
8,3,10.833102844165644
8,4,10.801216761396491
8,5,7.226665378138619
8,6,6.909083317538088
8,7,3.8130732243130367
8,9,3.781071881488584
8,10,6.544044143600835
8,11,9.723998357868458
8,12,11.85266931619874
8,13,9.584193485276783
8,14,8.50217281430376
8,15,8.116369888551128
8,16,11.677339460740681
8,17,12.637362777767914
8,18,11.9914028799599
8,19,10.903419017245294
8,20,14.117366733111908
8,21,15.663395094384297
8,22,17.514259945378026
8,23,15.941596519270664
8,24,14.313056776818895
8,25,10.560950314403087
8,26,10.511391054064736
8,27,9.742770027610947
8,28,8.311540728938963
8,29,11.550146882809493
8,30,13.155722461183315
8,31,14.526117491266264
8,32,18.335296608851845
8,33,19.8996952741759
8,34,22.64257292975886
8,35,21.473010055080962
8,36,17.915628384863613
8,37,15.372784879976551
8,38,12.297730774394688
8,39,13.299901854519264
8,40,10.316687207187222
8,41,6.519040306538468
8,42,5.451507383201506
8,43,4.754621730554359
8,44,8.070902746780039
8,45,10.225077482573317
8,46,12.370015182873763
8,47,13.213147249046209
8,48,15.908871260261503
8,49,19.482361252461295
8,50,21.228237814232642
8,51,24.08711521921666
8,52,27.67987052853823
8,53,30.546871124769766
8,54,33.47699352198825
8,55,36.95564885401162
8,56,38.587511022099925
8,57,36.728563808883926
8,58,38.17948745662952
8,59,34.844628477371245
8,60,33.76434468608964
8,61,30.648857656400082
8,62,30.421774022637006
8,63,27.188184122820072
8,64,25.72153149113682
8,65,22.1614124475552
8,66,19.72397990603635
8,67,16.264702963771754
8,68,15.035014800785207
8,69,18.09000035457158
8,70,19.993973092100852
8,71,23.68595226348842
8,72,26.074707395380887
8,73,29.46966778297723
8,74,32.84425078636991
8,75,36.315488953933645
8,76,38.53546442404277
8,77,41.50675532874394
8,78,43.923338640731664
8,79,41.48872900362146
8,80,40.04732972175723
8,81,37.872512978657824
8,82,38.33028568674994
8,83,35.29738783015004
8,84,32.01329996092254
8,85,30.47956201330449
8,86,32.518944283187444
8,87,32.206409606677894
8,88,35.26245138938027
8,89,37.95008665428799
8,90,41.72757125559198
8,91,44.501162381243866
8,92,45.938806924666046
8,93,49.16596981962678
8,94,45.42946370040131
8,95,42.058862461237354
8,96,39.05617186155017
8,97,38.17212064707621
8,98,41.776652342159544
8,99,44.88210888528567
8,100,48.38593769556621
9,1,12.421466835380981
9,2,10.459744259673647
9,3,13.439980921581913
9,4,13.372051036588154
9,5,9.785491533921812
9,6,10.169576489908204
9,7,6.822625851699952
9,8,3.781071881488584
9,10,3.8432210233818647
9,11,6.874513393788863
9,12,8.320674309251645
9,13,5.905007443737172
9,14,5.675110945912264
9,15,6.519896307818167
9,16,9.84102230518607
9,17,11.740121083511522
9,18,12.170856928079363
9,19,12.039011900064734
9,20,15.652721044438302
9,21,17.805650602871793
9,22,19.23363826871846
9,23,17.017783426916967
9,24,15.19339866977892
9,25,11.528107498320953
9,26,10.207814279274157
9,27,8.427470449949782
9,28,5.732881491629443
9,29,8.362733972579756
9,30,9.48944632340338
9,31,11.012565454633792
9,32,14.803776446715728
9,33,16.253693060278575
9,34,19.155523782766174
9,35,18.22137358409411
9,36,14.823315693465242
9,37,12.307805371651767
9,38,9.634441785051003
9,39,11.048763033377718
9,40,8.913160839180662
9,41,5.515668992594414
9,42,5.607729352179648
9,43,6.1084341088924194
9,44,7.988213614865935
9,45,9.082254997667267
9,46,10.6215427765542
9,47,10.743616003615623
9,48,13.66545676704312
9,49,16.962048130063828
9,50,18.442476548762343
9,51,21.566626590997103
9,52,24.999098596599797
9,53,27.876968324509935
9,54,30.872830549267672
9,55,34.25583819657746
9,56,36.11061225178749
9,57,34.436089753536805
9,58,35.73012258363375
9,59,32.285241900269234
9,60,30.924963623282554
9,61,27.683815000478443
9,62,27.519138404361613
9,63,24.154710247761958
9,64,22.474530663780058
9,65,18.95723632713729
9,66,16.331063878586924
9,67,12.755741186963542
9,68,11.939085391670236
9,69,15.2770121999456
9,70,17.322292664796528
9,71,20.852640971583124
9,72,23.4522182064592
9,73,26.898287218982144
9,74,30.34177449519363
9,75,33.857899779537895
9,76,35.846874565485024
9,77,38.770472501718174
9,78,41.37097205695191
9,79,39.11612349580373
9,80,37.91045580898122
9,81,36.00246379482015
9,82,36.76167683453205
9,83,33.95209683442263
9,84,30.652404117340122
9,85,29.034566759909218
9,86,30.789415054612483
9,87,30.45445974563769
9,88,33.27475217636074
9,89,35.84739370598949
9,90,39.63781763399825
9,91,42.22692192794279
9,92,43.69904103096999
9,93,47.04321344754666
9,94,43.24336494644603
9,95,39.8250136951959
9,96,36.74450152384535
9,97,36.16713797130487
9,98,39.860991938870285
9,99,42.939895387071
9,100,46.35141236111878
10,1,15.166080691849247
10,2,13.667998533926493
10,3,16.573366055778276
10,4,16.921880540767685
10,5,13.382868518735613
10,6,13.345669383078727
10,7,9.792053319856832
10,8,6.544044143600835
10,9,3.8432210233818647
10,11,3.827018258340558
10,12,6.278972300933066
10,13,5.7859849114714725
10,14,7.565310010470649
10,15,9.727143658303794
10,16,12.722098881615526
10,17,15.008982726773475
10,18,15.687342914387555
10,19,15.831373990773224
10,20,19.461502203074932
10,21,21.582971082529724
10,22,23.052343395314008
10,23,20.81170546663127
10,24,18.823826017069294
10,25,15.220279040057475
10,26,13.762864785696888
10,27,11.417709184690665
10,28,8.212186131993693
10,29,9.788169181350819
10,30,9.493494530268276
10,31,10.780328631863728
10,32,14.388107681670835
10,33,14.92571099353914
10,34,17.749097020810762
10,35,17.463768565349945
10,36,14.188028161257309
10,37,11.054773555341214
10,38,8.23936436941438
10,39,8.572834774372787
10,40,6.796184860955207
10,41,4.250588019484715
10,42,6.773352411511867
10,43,8.957048766572115
10,44,10.681164798927751
10,45,11.834731365841543
10,46,12.331934975967096
10,47,11.239909211257118
10,48,13.49378565441884
10,49,16.561200527933444
10,50,17.26963770097854
10,51,20.280065326576437
10,52,23.611910040415413
10,53,26.13176074111966
10,54,29.386798290336056
10,55,32.59196229662047
10,56,34.67891146129742
10,57,32.84468402839857
10,58,33.79649336408152
10,59,30.241891875430532
10,60,28.755333795277213
10,61,25.376331541598784
10,62,24.796078502213277
10,63,21.374301682916172
10,64,20.08012402566246
10,65,16.786174909936896
10,66,13.919299650339726
10,67,10.727167857312065
10,68,9.162779456520164
10,69,12.563007861808384
10,70,15.178968288031642
10,71,18.643725085110937
10,72,20.912556632430622
10,73,24.526338015629587
10,74,27.7949527780334
10,75,31.42578889096546
10,76,33.461964259705354
10,77,36.19220611083454
10,78,38.83441212676243
10,79,36.71688920746021
10,80,35.41581788207219
10,81,33.60374426606978
10,82,34.300393786438164
10,83,31.640668563396908
10,84,28.18925817417611
10,85,26.891248196217454
10,86,28.751936684346123
10,87,28.816471068227443
10,88,31.47593398923252
10,89,33.76514772976748
10,90,37.57845062336345
10,91,40.02916310276064
10,92,41.254150390232546
10,93,44.66004770081348
10,94,40.39412275008914
10,95,36.881820507985964
10,96,33.944883959558304
10,97,33.368009442875234
10,98,37.07843542932053
10,99,40.288005572892175
10,100,43.621585911325255
11,1,16.014642372740727
11,2,15.393383122971423
11,3,18.544687181983655
11,4,19.40442208896008
11,5,16.14023266651045
11,6,16.614061652860258
11,7,13.282899280204472
11,8,9.723998357868458
11,9,6.874513393788863
11,10,3.827018258340558
11,12,3.8110430157741106
11,13,5.53571088854105
11,14,8.072518274688594
11,15,11.293645414766614
11,16,13.998095837296493
11,17,16.28523708835197
11,18,17.17428104462744
11,19,18.046932043771047
11,20,21.77048251299182
11,21,24.23132545561856
11,22,25.82523671410221
11,23,23.48623346272488
11,24,21.786714258179238
11,25,18.21563516447444
11,26,16.28287416642894
11,27,13.989379437767825
11,28,10.356387338402616
11,29,10.678917353312313
11,30,9.040316807874827
11,31,9.148722360540095
11,32,12.407775731647982
11,33,12.325353933814782
11,34,14.717934035683294
11,35,14.649206947237229
11,36,11.446109963209638
11,37,7.938263256429679
11,38,5.201135000037974
11,39,5.0548846486522505
11,40,4.767380892982416
11,41,4.798010701467718
11,42,7.761484172455715
11,43,10.755679413913246
11,44,11.531803500207912
11,45,12.441596656356747
11,46,11.734803290313492
11,47,9.55922073066152
11,48,11.013706725972932
11,49,13.751228157118641
11,50,13.933391258617341
11,51,16.81884838682727
11,52,20.077448871011022
11,53,22.440095979599544
11,54,25.776196542763373
11,55,28.913728899371474
11,56,31.07080455614915
11,57,29.19890341256099
11,58,30.03955774116508
11,59,26.461248045017594
11,60,24.969384819388903
11,61,21.60118484996408
11,62,21.013607883167822
11,63,17.647399233411996
11,64,16.447000398195758
11,65,13.158874677289038
11,66,10.485448687735234
11,67,7.634612077411375
11,68,5.466328164520852
11,69,8.741752124184492
11,70,11.419981488735278
11,71,14.861395423659072
11,72,17.087452401221515
11,73,20.70773000185526
11,74,23.97796438443133
11,75,27.61080147960231
11,76,29.637615071556123
11,77,32.373762502300295
11,78,35.011451333045926
11,79,32.91085118746938
11,80,31.665517788588268
11,81,29.946608725510377
11,82,30.78702053393722
11,83,28.25643664467865
11,84,24.83730304216474
11,85,23.482488772319766
11,86,25.19041829897161
11,87,25.317619614681494
11,88,27.844626353215528
11,89,30.044535387992287
11,90,33.85581752366469
11,91,36.247312797647595
11,92,37.47013923923922
11,93,40.9000867361051
11,94,36.678777071398414
11,95,33.18304223881934
11,96,30.18963371098878
11,97,29.70879470994385
11,98,33.44470302881565
11,99,36.61248063890274
11,100,39.923135096882696
12,1,16.941251106092746
12,2,16.633787527298274
12,3,20.14522312951151
12,4,20.690678131370486
12,5,17.482881219021937
12,6,18.43635496390479
12,7,15.134555704988236
12,8,11.85266931619874
12,9,8.320674309251645
12,10,6.278972300933066
12,11,3.8110430157741106
12,13,3.7984014540554893
12,14,7.20882179571697
12,15,10.779368123223403
12,16,12.569053691036425
12,17,15.28834507838452
12,18,16.942376463021727
12,19,18.362848503471124
12,20,22.14273588158694
12,21,24.968020518314198
12,22,26.17318725003776
12,23,23.435892482398973
12,24,21.75946229693083
12,25,18.47068294489341
12,26,15.86466408616149
12,27,13.34471649838055
12,28,9.564643985119009
12,29,8.535835764511601
12,30,5.890047666294992
12,31,5.740881715927149
12,32,8.758930530470357
12,33,8.725308384638561
12,34,11.496380170043135
12,35,11.57386538419098
12,36,8.749813447227039
12,37,5.808954677790467
12,38,5.001818790068227
12,39,6.511667300417504
12,40,7.841173069354911
12,41,8.073852371529775
12,42,10.082561453025777
12,43,12.406360095947663
12,44,12.19800497680359
12,45,11.929018715690544
12,46,10.794509422520795
12,47,8.145703685199313
12,48,9.922524311209095
12,49,11.959237917409686
12,50,12.023651853952694
12,51,15.370656940920382
12,52,18.31712540277287
12,53,20.885820123402556
12,54,24.115037962888202
12,55,27.181564973765493
12,56,29.512529020489115
12,57,28.045778268600408
12,58,28.860023043054543
12,59,25.225947845787083
12,60,23.37776766444422
12,61,19.9190553085777
12,62,19.73160275331641
12,63,16.212073405204585
12,64,14.334197267849706
12,65,10.999903394583567
12,66,8.05645853114674
12,67,4.525211464710414
12,68,4.456690243343175
12,69,8.113543369390548
12,70,10.496507911739858
12,71,13.480292822916564
12,72,16.272962292790858
12,73,19.772096506722153
12,74,23.209952449670666
12,75,26.77909061604592
12,76,28.38817685220497
12,77,31.15542774383424
12,78,34.02445787988164
12,79,32.12182467445151
12,80,31.30525403936279
12,81,29.942374453047414
12,82,31.238742266054725
12,83,28.978120541313658
12,84,25.734923994061734
12,85,24.092480147648935
12,86,25.2595387351447
12,87,25.084516200423057
12,88,27.30924192173217
12,89,29.486563739001568
12,90,33.24876164730458
12,91,35.437231058635064
12,92,36.86008735195024
12,93,40.38559918456457
12,94,36.4177690736039
12,95,32.954375791059256
12,96,29.790472826763896
12,97,29.775670160585463
12,98,33.56906785625367
12,99,36.57113817736875
12,100,39.76655896061482
13,1,14.479841379996367
13,2,13.826527536222361
13,3,17.428775202280736
13,4,17.546729261964003
13,5,14.348543274191526
13,6,15.591514339470695
13,7,12.486711009809602
13,8,9.584193485276783
13,9,5.905007443737172
13,10,5.7859849114714725
13,11,5.53571088854105
13,12,3.7984014540554893
13,14,3.796163516467173
13,15,7.0838085303368254
13,16,8.89665434537611
13,17,11.69433017109331
13,18,13.476350453622212
13,19,14.807562240376038
13,20,18.576835121471596
13,21,21.454023361199575
13,22,22.48996194449751
13,23,19.6738663705595
13,24,18.051792660010832
13,25,14.829923485254643
13,26,12.099104509592598
13,27,9.759843444222112
13,28,5.993854426404906
13,29,5.328319504043225
13,30,4.224228107518786
13,31,5.25145900937905
13,32,8.985919309552676
13,33,10.402858136060603
13,34,13.430714967203006
13,35,12.696297051801201
13,36,9.662257366435556
13,37,7.590092893263212
13,38,6.50652575913775
13,39,9.04404961723897
13,40,9.137241335480683
13,41,7.900167108687787
13,42,8.691437440723986
13,43,9.953088177842956
13,44,9.569981703307716
13,45,8.8364183058642
13,46,8.650007856662272
13,47,7.238844409958485
13,48,10.246543906707734
13,49,12.722237807938361
13,50,13.80963123061311
13,51,17.312890203668186
13,52,20.38832835127112
13,53,23.341566377324483
13,54,26.298020783808063
13,55,29.54133142509924
13,56,31.64389065774163
13,57,30.339311787255596
13,58,31.488954882129743
13,59,27.966622513422017
13,60,26.241593938042413
13,61,22.92753750402438
13,62,23.103194713037695
13,63,19.65887073781055
13,64,17.45379342330568
13,65,13.97265904892123
13,66,11.320977486103398
13,67,7.51566596701567
13,68,8.12757685600843
13,69,11.566476909450996
13,70,13.37361331128072
13,71,16.44803404790118
13,72,19.49743694811411
13,73,22.830728800690505
13,74,26.401480494667258
13,75,29.861882762659533
13,76,31.43146545638636
13,77,34.351719940169076
13,78,37.18103383016874
13,79,35.16242392458458
13,80,34.40682389040424
13,81,32.9288310544826
13,82,34.22358297725486
13,83,31.78631243693139
13,84,28.63663720492931
13,85,26.752291634631593
13,86,27.901760902580197
13,87,27.3680737079759
13,88,29.781629186967702
13,89,32.232504422413136
13,90,35.97508152050219
13,91,38.295962664646396
13,92,39.92652608160012
13,93,43.39190334050595
13,94,39.79457331939601
13,95,36.40485676703519
13,96,33.149218929685354
13,97,33.091898787562265
13,98,36.86284066288449
13,99,39.774210310731824
13,100,43.039507233304654
14,1,11.081157616924306
14,2,10.55291333654378
14,3,14.284643248671944
14,4,14.387479038148907
14,5,11.555443400366654
14,6,13.5259673512288
14,7,11.093426241641192
14,8,8.50217281430376
14,9,5.675110945912264
14,10,7.565310010470649
14,11,8.072518274688594
14,12,7.20882179571697
14,13,3.796163516467173
14,15,3.802791557502809
14,16,6.23975003225262
14,17,8.282050481363761
14,18,9.752188325248802
14,19,11.368507282280438
14,20,15.119554953940755
14,21,18.186657127530555
14,22,19.382276789958624
14,23,16.700257303053956
14,24,15.608332512635585
14,25,12.387940321310808
14,26,9.654179906332875
14,27,8.420506082545646
14,28,5.301315240249786
14,29,5.51215429953837
14,30,6.348471837646727
14,31,6.6927667276727085
14,32,10.331625027503593
14,33,12.684148313774612
14,34,15.323130170274593
14,35,13.671525031104228
14,36,10.403340543591886
14,37,9.041381438940482
14,38,7.722284019975471
14,39,10.825631615715604
14,40,10.185755872989125
14,41,8.392170871989661
14,42,7.423351940686998
14,43,7.450209307452644
14,44,6.244638503918145
14,45,5.085702049274293
14,46,5.780436366661253
14,47,6.097917663948609
14,48,9.712824836864272
14,49,12.595253571287268
14,50,14.648579961753871
14,51,18.002727895243172
14,52,21.25443933848392
14,53,24.516399234293246
14,54,27.155434563458225
14,55,30.611808664196264
14,56,32.341414463669715
14,57,31.088441521213515
14,58,32.65275370083966
14,59,29.32586110598616
14,60,27.933068020425598
14,61,24.89505736355032
14,62,25.457159557788355
14,63,22.237520367530216
14,64,19.88239824876782
14,65,16.216940098174543
14,66,14.16815648035316
14,67,10.43219014067312
14,68,11.048627810076516
14,69,14.016448259384092
14,70,15.09507908836033
14,71,18.303934738302733
14,72,21.483824934337957
14,73,24.57302418143061
14,74,28.253725885913557
14,75,31.545092365225084
14,76,33.198814432856715
14,77,36.33841925447505
14,78,38.994172669562154
14,79,36.73846823715228
14,80,35.96873887064811
14,81,34.28016412616333
14,82,35.52875746455527
14,83,32.87284662856769
14,84,29.898312513098833
14,85,27.712489421615963
14,86,28.846624084694014
14,87,27.925375137697603
14,88,30.585503517351373
14,89,33.361196482605465
14,90,37.06071872581019
14,91,39.60197475856488
14,92,41.46601133982351
14,93,44.80259342569126
14,94,41.74947351393397
14,95,38.49908493810287
14,96,35.131789362417884
14,97,34.92967458304651
14,98,38.63479259974701
14,99,41.405018878486864
14,100,44.78608040507185
15,1,9.976137288878055
15,2,8.699399680558555
15,3,12.242729365888705
15,4,11.555715538257662
15,5,8.878700144313528
15,6,11.236474052456629
15,7,9.481178813554566
15,8,8.116369888551128
15,9,6.519896307818167
15,10,9.727143658303794
15,11,11.293645414766614
15,12,10.779368123223403
15,13,7.0838085303368254
15,14,3.802791557502809
15,16,3.8183598314559344
15,17,5.29295499146631
15,18,6.7038577508408395
15,19,7.892395632505996
15,20,11.607726667877262
15,21,14.687339014957324
15,22,15.645661128289474
15,23,12.898600717183799
15,24,11.933636144097937
15,25,8.832195326610895
15,26,6.083105552227678
15,27,5.951888906212629
15,28,4.539476823341209
15,29,6.133550532377227
15,30,8.733836435181454
15,31,9.787829765711
15,32,13.073438024881352
15,33,15.870744712581033
15,34,18.58855144988173
15,35,16.694261982928165
15,36,13.643013173838293
15,37,12.73017988797884
15,38,11.383559380123835
15,39,14.357401998182707
15,40,13.125550707792046
15,41,10.590843768454636
15,42,8.705474726443082
15,43,6.934896584555728
15,44,5.84715456108264
15,45,4.141708608727823
15,46,7.069533192370055
15,47,9.006559261871441
15,48,12.681934053204486
15,49,15.538464649271106
15,50,17.999911311790708
15,51,21.287379257749002
15,52,24.514942677785722
15,53,27.912601560341777
15,54,30.36003733273889
15,55,33.87307991187401
15,56,35.43920899269988
15,57,34.29229910423534
15,58,36.0412681917184
15,59,32.806176525216166
15,60,31.485069975852188
15,61,28.52786306091062
15,62,29.210314785628853
15,63,26.00479966352397
15,64,23.552901232891376
15,65,19.906172315097027
15,66,17.86358839099174
15,67,14.09369058884025
15,68,14.788522699639145
15,69,17.80750514617788
15,70,18.807377039585838
15,71,21.999409269185637
15,72,25.218480772521367
15,73,28.232412957676253
15,74,31.936836739597222
15,75,35.1662594288695
15,76,36.800541365878686
15,77,39.99551650037147
15,78,42.62269268440818
15,79,40.31153225859985
15,80,39.553524160358265
15,81,37.78578905016714
15,82,38.97993774354358
15,83,36.21173906447815
15,84,33.289691389607974
15,85,31.033860504092214
15,86,32.20199905252797
15,87,31.108400584368074
15,88,33.87112067597836
15,89,36.7819684478264
15,90,40.44626480551475
15,91,43.06184827239653
15,92,45.024935780959574
15,93,48.309748473165044
15,94,45.44332067960775
15,95,42.22781929936847
15,96,38.841039696931325
15,97,38.587281591704546
15,98,42.265745644216295
15,99,44.99750337284657
15,100,48.41531386934677
16,1,12.40999826768566
16,2,11.49989040168021
16,3,14.846024163116667
16,4,13.615205702791677
16,5,11.436917855267536
16,6,13.916580116235782
16,7,12.461144634313968
16,8,11.677339460740681
16,9,9.84102230518607
16,10,12.722098881615526
16,11,13.998095837296493
16,12,12.569053691036425
16,13,8.89665434537611
16,14,6.23975003225262
16,15,3.8183598314559344
16,17,3.808595846274967
16,18,7.12104903640706
16,19,8.868615115747199
16,20,12.060400102647266
16,21,15.372399168538287
16,22,15.523115400838257
16,23,12.246730589016407
16,24,11.402065425301378
16,25,9.280469439886051
16,26,5.621075541326471
16,27,5.7575841576067734
16,28,5.629776217700908
16,29,5.562149843011951
16,30,8.702301957851837
16,31,9.968132830116911
16,32,12.451784041267036
16,33,15.731997868400521
16,34,18.49802804198869
16,35,16.51313143491049
16,36,14.110951014555319
16,37,14.102622340866258
16,38,13.699597376806592
16,39,17.004489024540288
16,40,16.359015372075756
16,41,14.114570932061383
16,42,12.445864221559571
16,43,10.63794482065577
16,44,8.963676884751091
16,45,5.910716041711041
16,46,8.397464555431293
16,47,10.415762433602046
16,48,14.157982195544868
16,49,16.31866843851817
16,50,18.856384266270698
16,51,22.286739485229475
16,52,25.16544685755795
16,53,28.694048369822696
16,54,30.908739084051103
16,55,34.32379870649359
16,56,35.930086804287114
16,57,35.174093007188674
16,58,36.94948452838009
16,59,33.75950730796444
16,60,32.229738324142794
16,61,29.320701596645108
16,62,30.31363388648234
16,63,27.108537680759497
16,64,24.271252702188143
16,65,20.796590027030224
16,66,18.82920183375193
16,67,15.141763301107819
16,68,16.680396327301143
16,69,19.667313643081343
16,70,20.448105967468162
16,71,23.24007608807844
16,72,26.71557771111853
16,73,29.556022490702084
16,74,33.31116148735287
16,75,36.429228839527504
16,76,37.724269910787406
16,77,40.916573776570765
16,78,43.68203021964579
16,79,41.52970222648935
16,80,41.09923665653558
16,81,39.581690691344825
16,82,41.07258185599544
16,83,38.480301527445576
16,84,35.68497502763668
16,85,33.2562471252672
16,86,34.064601574260614
16,87,32.72713232114213
16,88,35.2635706676128
16,89,38.16535772741334
16,90,41.744860482021735
16,91,44.20217542470249
16,92,46.332759587715294
16,93,49.65413201683288
16,94,47.03903250821191
16,95,43.87226139438251
16,96,40.39100694207504
16,97,40.45145300012964
16,98,44.14410191779629
16,99,46.737893192744046
16,100,50.05989187654591
17,1,10.187637086878834
17,2,9.673546488900572
17,3,12.699894355752953
17,4,11.511633507519111
17,5,10.334758517979715
17,6,13.520389467226854
17,7,13.067527737949717
17,8,12.637362777767914
17,9,11.740121083511522
17,10,15.008982726773475
17,11,16.28523708835197
17,12,15.28834507838452
17,13,11.69433017109331
17,14,8.282050481363761
17,15,5.29295499146631
17,16,3.808595846274967
17,18,3.8083441886089995
17,19,6.441852706547667
17,20,9.209929256501425
17,21,12.833127085276523
17,22,13.269390631032511
17,23,10.385203532657203
17,24,10.731266604579044
17,25,8.967966130369682
17,26,6.179252184291842
17,27,8.248472049719895
17,28,8.770404754671276
17,29,9.279049820055107
17,30,12.109583419010063
17,31,12.624954146958286
17,32,14.980598508225311
17,33,18.43514878942626
17,34,20.762607983350883
17,35,18.24577982754409
17,36,15.741360928054702
17,37,15.96550000919444
17,38,15.351210469749645
17,39,18.71711299950096
17,40,17.741501413965917
17,41,15.496990049512222
17,42,12.98843899965146
17,43,10.434682716940358
17,44,8.185556906777979
17,45,5.169718689460363
17,46,8.241610633530836
17,47,11.347029599384925
17,48,14.779056393517891
17,49,17.045804787152335
17,50,20.09913352156659
17,51,23.21185129572836
17,52,26.177417355378154
17,53,29.83159965083337
17,54,31.76764938528579
17,55,35.317672979089096
17,56,36.55373854072333
17,57,35.789130688876924
17,58,37.89481613523234
17,59,34.91683308130539
17,60,33.7357533287024
17,61,31.09377389404385
17,62,32.31974999048124
17,63,29.33181685503184
17,64,26.515771402768106
17,65,22.936585394451814
17,66,21.40205428799053
17,67,17.80731731933811
17,68,19.101822818362137
17,69,21.760549147755004
17,70,22.086230393333924
17,71,24.959589225152158
17,72,28.40818649978298
17,73,31.03690785935041
17,74,34.81550514710744
17,75,37.77001321508441
17,76,39.18449544783644
17,77,42.53931596589106
17,78,45.09959218427837
17,79,42.72774157589017
17,80,42.23864462917003
17,81,40.521954666747604
17,82,41.92436814567782
17,83,39.16188475405683
17,84,36.546451629988695
17,85,33.92064519507929
17,86,34.73369868901541
17,87,33.122747476112295
17,88,35.84764940340039
17,89,38.98564184379955
17,90,42.49294052060801
17,91,45.14495208240581
17,92,47.439777997910234
17,93,50.6122132095841
17,94,48.47310576694515
17,95,45.44491927477735
17,96,41.904198321837406
17,97,41.79551240484551
