1,2,3.7927133556558865
1,3,6.5819324744896734
1,4,10.214181389640807
1,5,13.398185752218351
1,6,16.751815796322163
1,7,19.43130215856399
1,8,22.818530329177847
1,9,26.481308377438296
1,10,29.66264056555266
1,11,32.2886936402936
1,12,35.991337716223434
1,13,37.707098135498626
1,14,41.236255523792195
1,15,43.09073888022021
1,16,41.603925919448535
1,17,39.43572452781598
1,18,39.8271462952287
1,19,36.97961925171447
1,20,35.93624616516207
1,21,33.23524019811685
1,22,33.06855926432056
1,23,30.65904042278155
1,24,30.300222744438134
1,25,32.02290901958
1,26,31.650323621282322
1,27,33.29826360947333
1,28,31.052901204046936
1,29,33.60509480629917
1,30,35.108795204292704
1,31,34.25638210873676
1,32,36.01316467294924
1,33,36.66308188684705
1,34,35.35028323221454
1,35,37.63387759951566
1,36,35.45961678009369
1,37,37.05424456379933
1,38,36.07252197183931
1,39,38.30304056645875
1,40,38.39064928814385
1,41,41.30152828732326
1,42,38.15817929477598
1,43,34.708700819981686
1,44,31.561239642038124
1,45,27.866896536422768
1,46,26.079535004009205
1,47,22.295367309041374
1,48,19.943821775744862
1,49,16.251875976632178
1,50,13.726072278616925
1,51,10.016421825025999
1,52,8.2291400655578
1,53,5.182779301876838
1,54,5.528954069492257
1,55,6.133075029732539
1,56,7.268959470822088
1,57,8.972456545407955
1,58,11.915732987132806
1,59,10.686899820659628
1,60,9.285449265681505
1,61,12.640516184658587
1,62,14.528286204978757
1,63,13.154831670311614
1,64,14.18754619806735
1,65,17.45972419447185
1,66,18.65211700073047
1,67,17.75742337652396
1,68,20.22500642794274
1,69,22.622768420019145
1,70,22.764866014889378
1,71,23.599449939309427
1,72,25.833388936648426
1,73,23.569124371317997
1,74,24.544150529087222
1,75,24.88746225454148
1,76,23.672587634871917
1,77,19.976592339914703
1,78,18.29676072301581
1,79,15.145093716765462
1,80,14.52651385822028
1,81,12.338027829328615
1,82,12.665214158153063
1,83,11.563607700135014
1,84,8.941242042510503
1,85,11.623390515819922
1,86,13.748710911252545
1,87,17.31415033255543
1,88,20.04245857224257
1,89,23.634727230833107
1,90,26.382328076073915
2,1,3.7927133556558865
2,3,3.8017784717929977
2,4,6.852708107109659
2,5,10.23918784902714
2,6,13.415608415530066
2,7,16.181489580197127
2,8,19.52439915908249
2,9,23.200376441541664
2,10,26.397267285105684
2,11,28.8512609865541
2,12,32.56125189132924
2,13,34.143615760645126
2,14,37.6395351349493
2,15,39.31284147676561
2,16,37.82837556791618
2,17,35.70163733087104
2,18,36.14621782241135
2,19,33.37125203927572
2,20,32.44775577708986
2,21,29.8810220409587
2,22,29.92398554820078
2,23,27.59417963937421
2,24,27.53188852808977
2,25,29.293908686858327
2,26,29.193462762430777
2,27,31.021274929175224
2,28,28.9028617876594
2,29,31.413671542213272
2,30,32.603161364025915
2,31,31.463443952641573
2,32,32.98995888436851
2,33,33.43658499112858
2,34,31.964426743407085
2,35,34.10965362415914
2,36,31.825317398615574
2,37,33.329384469423694
2,38,32.295388341814814
2,39,34.51034140900842
2,40,34.61749359247711
2,41,37.877804513822596
2,42,34.76366295725656
2,43,31.380886445323732
2,44,28.128086589491296
2,45,24.46279001619785
2,46,22.50851840227581
2,47,18.715899313142955
2,48,16.256807985248088
2,49,12.547049520301965
2,50,10.081756592152953
2,51,6.47815639059808
2,52,5.726619975638978
2,53,4.461055542331914
2,54,6.671120657228039
2,55,8.81777945034242
2,56,9.18598074483546
2,57,9.4507191549628
2,58,12.597177141969434
2,59,11.394363882479249
2,60,8.781096833890771
2,61,11.84044386029291
2,62,13.94201567104671
2,63,12.112160809589533
2,64,12.295813891794099
2,65,15.902578576215662
2,66,17.22170038621224
2,67,15.68129901703287
2,68,17.917947320245226
2,69,20.6880940992575
2,70,20.71532366889668
2,71,21.070526478956047
2,72,23.192866793224805
2,73,20.89663906089792
2,74,22.122441182332373
2,75,22.513120092920726
2,76,21.53402261637665
2,77,18.01285853833026
2,78,16.46715268536608
2,79,13.624961149242868
2,80,13.075003574260947
2,81,11.819339781995769
2,82,11.98902213306378
2,83,9.818065781426462
2,84,7.362404548655182
2,85,9.110618502229736
2,86,11.40863280318057
2,87,14.636514806879072
2,88,17.375672203155837
2,89,20.797542502332075
2,90,23.516160360092936
3,1,6.5819324744896734
3,2,3.8017784717929977
3,4,3.8045237941287566
3,5,6.916381396010677
3,6,10.209227127288722
3,7,12.99253680415126
3,8,16.277967197297993
3,9,19.970611190242273
3,10,23.092790194973084
3,11,25.76886356467956
3,12,29.45621612082897
3,13,31.27129659576261
3,14,34.84439989110113
3,15,37.40925941848981
3,16,35.73613722932018
3,17,33.347346229611084
3,18,33.60776474212207
3,19,30.64541491833448
3,20,29.570943901410065
3,21,26.843379959464208
3,22,26.804933898419687
3,23,24.64235841497906
3,24,24.621073697882167
3,25,26.69615705371041
3,26,26.867398479005757
3,27,28.437731911388695
3,28,26.093182495963248
3,29,28.35396498702265
3,30,29.57586776984501
3,31,28.40924435325844
3,32,30.0833106417622
3,33,30.499759736824675
3,34,29.28735214070103
3,35,31.5740773876419
3,36,29.417180487048565
3,37,31.10688637346341
3,38,30.2691710650996
3,39,32.76072657667563
3,40,33.04556984284737
3,41,34.77939788113599
3,42,31.673985582531376
3,43,28.182505826589882
3,44,25.090326595752394
3,45,21.361377734035287
3,46,19.6811304719706
3,47,15.927944688964654
3,48,13.911211567949334
3,49,10.288266666363668
3,50,8.39088942705596
3,51,5.415941719563816
3,52,5.642030025383358
3,53,6.104574603637036
3,54,7.444349903246417
3,55,9.776156635211953
3,56,8.818958716297953
3,57,7.541476380688707
3,58,10.669959436587288
3,59,10.09916839311496
3,60,6.804164368058079
3,61,8.992278220547181
3,62,11.628733851053537
3,63,10.279851203850287
3,64,9.558377683399703
3,65,13.056025822527463
3,66,14.9775840120662
3,67,13.491988673926434
3,68,15.148568385914714
3,69,18.177057929619203
3,70,18.720136314397926
3,71,18.73401905687172
3,72,20.427890329704162
3,73,17.7964060839604
3,74,18.700118507560546
3,75,18.8460785790718
3,76,17.749735315074524
3,77,14.235410467527293
3,78,12.73610395082927
3,79,10.117998163047796
3,80,10.096922484342251
3,81,9.588549230618366
3,82,10.515696857624118
3,83,8.061883767077749
3,84,4.9882243064594105
3,85,5.743835878413092
3,86,7.624120670465473
3,87,10.918348486082678
3,88,13.681986319345116
3,89,17.165904499029214
3,90,19.986616989742355
4,1,10.214181389640807
4,2,6.852708107109659
4,3,3.8045237941287566
4,5,3.778507902713864
4,6,6.587556351525634
4,7,9.620832636285572
4,8,12.757146650862042
4,9,16.489868983774187
4,10,19.580636113041376
4,11,22.109223528681415
4,12,25.796471517731586
4,13,27.514198331037527
4,14,31.068928772160653
4,15,33.683647732302774
4,16,31.974157923487823
4,17,29.550892065223078
4,18,29.83804632830174
4,19,26.90687567775839
4,20,25.952622187869594
4,21,23.351273661437258
4,22,23.577876981027508
4,23,21.61082372335855
4,24,22.004334829374073
4,25,24.219708023298107
4,26,24.812494612269674
4,27,26.486193488681778
4,28,24.255359399425185
4,29,26.343464926916564
4,30,27.187430877042054
4,31,25.66604990840905
4,32,27.09070288122509
4,33,27.22646412800956
4,34,25.903783501338303
4,35,28.048249525060317
4,36,25.78237241907328
4,37,27.401492696566184
4,38,26.543099893322314
4,39,29.093060806465797
4,40,29.432953463500446
4,41,31.110187537170734
4,42,28.02532659657159
4,43,24.58434530888716
4,44,21.40575248947271
4,45,17.6920728685518
4,46,15.905610572947491
4,47,12.144978344386283
4,48,10.22077938122188
4,49,6.622462124888403
4,50,5.553613185104699
4,51,4.310228944456572
4,52,6.72171861553744
4,53,8.875835024318718
4,54,10.720812125572529
4,55,13.396259626949863
4,56,12.203014488341061
4,57,10.134125235154704
4,58,12.87674544262612
4,59,12.529480442418684
4,60,8.823903497318753
4,61,9.901836070862524
4,62,12.51501617616682
4,63,11.034721124961168
4,64,9.053832799237691
4,65,12.503088943861178
4,66,14.62692804302186
4,67,12.496535769587112
4,68,13.481975087071127
4,69,16.93937182358756
4,70,17.4961701355874
4,71,16.785423109008242
4,72,18.11194419025104
4,73,15.354417833672581
4,74,16.434014538935756
4,75,16.510137949473393
4,76,15.686659354036337
4,77,12.569468932551167
4,78,11.327848232744788
4,79,9.501118442806927
4,80,9.70814267593413
4,81,10.615364412411143
4,82,11.35399759819863
4,83,8.10775792753717
4,84,6.154830048806332
4,85,4.364936820811829
4,86,5.940020411160288
4,87,8.264713276860524
4,88,11.007762749218054
4,89,14.169251493780376
4,90,16.992285734283218
5,1,13.398185752218351
5,2,10.23918784902714
5,3,6.916381396010677
5,4,3.778507902713864
5,6,3.796211899141178
5,7,6.0800674029805455
5,8,9.455135798523129
5,9,13.085937507164234
5,10,16.330390821080577
5,11,19.030334072335545
5,12,22.751434249398972
5,13,24.74836934176261
5,14,28.417652566214098
5,15,31.899253834361982
5,16,29.86756316316245
5,17,27.238064996934384
5,18,27.15671685709376
5,19,24.02207125099095
5,20,22.754269009177833
5,21,19.944386898703364
5,22,19.949605563844003
5,23,17.97765336043041
5,24,18.34535134022751
5,25,20.73109673814716
5,26,21.532372827484384
5,27,23.048937050891457
5,28,20.758282620811567
5,29,22.704423184482735
5,30,23.479415722793817
5,31,21.939208836001217
5,32,23.459279490729937
5,33,23.684802302363718
5,34,22.583924011479667
5,35,24.946094580224013
5,36,22.94915724552902
5,37,24.898490247947514
5,38,24.44558384891985
5,39,27.31838232182552
5,40,28.053838868622922
5,41,28.29869634568466
5,42,25.39797299779998
5,43,21.843753287809605
5,44,18.845257510406874
5,45,15.050991514259193
5,46,13.292589353573762
5,47,9.642034601450955
5,48,8.119086618751604
5,49,5.422082521583192
5,50,5.27055366752836
5,51,6.022095241651899
5,52,8.300592203799985
5,53,11.16830506134587
5,54,12.622716664253556
5,55,15.478826219430143
5,56,14.010310988063555
5,57,11.352051630339592
5,58,13.229394855514714
5,59,12.98325332271265
5,60,9.287968202280277
5,61,9.138117868283837
5,62,11.364219100972928
5,63,10.114361311785668
5,64,7.078799317693785
5,65,10.029523608836366
5,66,12.373196934454118
5,67,10.095126609869864
5,68,10.28099412245526
5,69,13.94633844909535
5,70,14.827046230943282
5,71,13.675422512321344
5,72,14.593253852256398
5,73,11.667511222117023
5,74,12.74147604635703
5,75,12.968113233562585
5,76,12.596535083904666
5,77,9.866573081203146
5,78,9.57842821434727
5,79,9.064412768557663
5,80,10.45411244560387
5,81,12.267451062909517
5,82,13.65931848469924
5,83,10.623230296322106
5,84,8.75737229426976
5,85,5.720048741844021
5,86,4.764225479166182
5,87,5.716972948270296
5,88,7.615712228705225
5,89,10.764519925908937
5,90,13.340857164817965
6,1,16.751815796322163
6,2,13.415608415530066
6,3,10.209227127288722
6,4,6.587556351525634
6,5,3.796211899141178
6,7,3.7967221751884686
6,8,6.2298530581686835
6,9,10.00916010163815
6,10,13.00131852637714
6,11,15.569889992276678
6,12,19.247903095380416
6,13,21.138066151341146
6,14,24.77138488410534
6,15,28.508588430415685
6,16,26.491135491836836
6,17,23.741902146107698
6,18,23.762708982988578
6,19,20.647749179629884
6,20,19.624777188326803
6,21,17.00979925127069
6,22,17.51197776229543
6,23,16.073622943445617
6,24,17.14995081491964
6,25,19.818234048139512
6,26,21.267190313845173
6,27,22.75232521542759
6,28,20.57607218307791
6,29,22.08814306284464
6,30,22.375275300574998
6,31,20.344565024169505
6,32,21.527780206180267
6,33,21.24227429927614
6,34,20.084778908914224
6,35,22.19260552917709
6,36,20.00618753230626
6,37,21.789629881277673
6,38,21.244405821680765
6,39,24.19152670905231
6,40,24.898827864789865
6,41,24.646397873288365
6,42,21.678021344292418
6,43,18.17509055997309
6,44,15.092489155162522
6,45,11.31294115248051
6,46,9.671227758961782
6,47,6.0967380402236255
6,48,5.637285422719955
6,49,4.2426796542147365
6,50,6.58221233933415
6,51,8.8418947491737
6,52,11.749960124896306
6,53,14.781122097061848
6,54,16.395378738297623
6,55,19.17195755730036
6,56,17.486173263029112
6,57,14.55173484327369
6,58,16.377062638866853
6,59,16.520186026874832
6,60,12.927161063527617
6,61,12.186884276984978
6,62,14.387402188947963
6,63,13.40745107997105
6,64,9.951900637566496
6,65,12.143736003661862
6,66,14.590711575330742
6,67,12.097480517930185
6,68,11.243532612399854
6,69,15.06092004258223
6,70,16.061206158520495
6,71,14.04196755525588
6,72,14.154148826385972
6,73,11.057462185387157
6,74,11.998388592484181
6,75,11.740141857836896
6,76,11.524487366663752
6,77,9.696943133956628
6,78,9.538538830086974
6,79,9.979171945918754
6,80,11.14299787241653
6,81,13.84014762330568
6,82,14.848628521908866
6,83,11.691371013615559
6,84,10.937063923663187
6,85,7.2712905874955025
6,86,6.199869019636589
6,87,4.67226061273905
6,88,6.208891089933128
6,89,8.310952617620854
6,90,11.046229788180266
7,1,19.43130215856399
7,2,16.181489580197127
7,3,12.99253680415126
7,4,9.620832636285572
7,5,6.0800674029805455
7,6,3.7967221751884686
7,8,3.7995163063501254
7,9,7.116659563543213
7,10,10.61280709777394
7,11,13.251423864904728
7,12,17.002705389361164
7,13,19.2038007282224
7,14,22.9595222576616
7,15,27.43156909365486
7,16,25.006150990193074
7,17,22.142666308078113
7,18,21.621278032943387
7,19,18.298805386617808
7,20,16.771898045419462
7,21,13.869998846858676
7,22,13.982389198035289
7,23,12.327993067139849
7,24,13.367659086683632
7,25,16.08616365040972
7,26,17.71804564045111
7,27,19.148679817445913
7,28,17.09269381368373
7,29,18.55790526094789
7,30,18.655284041757866
7,31,16.58355850519042
7,32,17.80201638299398
7,33,17.72776633587643
7,34,16.741986075783675
7,35,19.17219866737125
7,36,17.4042965810797
7,37,19.672737029948447
7,38,19.737539693666506
7,39,23.002904772894684
7,40,24.26472801271174
7,41,22.832688983312533
7,42,20.256280598348887
7,43,16.705039608780567
7,44,13.90178234762589
7,45,10.195668691175591
7,46,8.31064293292801
7,47,5.400879290852383
7,48,5.459477754518067
7,49,6.219140984376354
7,50,8.134962220156064
7,51,10.894492193623076
7,52,13.3478878352672
7,53,16.697902480259806
7,54,18.160226259537936
7,55,21.136153580765335
7,56,19.56279016419481
7,57,16.584835884130513
7,58,17.688259323683397
7,59,17.58733929555842
7,60,14.22491927289861
7,61,12.977328597447437
7,62,14.353716053106373
7,63,13.389793542222112
7,64,9.693715183975456
7,65,10.98898561513622
7,66,13.068072028546323
7,67,10.488707730906604
7,68,8.74776062307654
7,69,12.44776968477848
7,70,13.51938298537658
7,71,10.975421648313214
7,72,10.591238874843262
7,73,7.575888114149374
7,74,8.9376852585968
7,75,9.353980207453704
7,76,10.305485597148017
7,77,9.443639242044691
7,78,10.694792546212497
7,79,12.183176108353011
7,80,14.11800723782285
7,81,16.903452231108137
7,82,18.331894339613847
7,83,15.354145374782073
7,84,14.254927417014606
7,85,10.63824140127297
7,86,8.558862314704614
7,87,6.19396337292391
7,88,5.14013897557709
7,89,6.390296209931703
7,90,8.069489509914654
8,1,22.818530329177847
8,2,19.52439915908249
8,3,16.277967197297993
8,4,12.757146650862042
8,5,9.455135798523129
8,6,6.2298530581686835
8,7,3.7995163063501254
8,9,3.795235311257432
8,10,6.930688337376168
8,11,9.658442436946078
8,12,13.356994301453977
8,13,15.663337530248656
8,14,19.430457366350836
8,15,24.75031453622616
8,16,22.249923691352606
8,17,19.12874343859265
8,18,18.548755716525783
8,19,15.124094825657274
8,20,13.735660568371445
8,21,10.946509802516992
8,22,11.644337965281277
8,23,10.955662877759888
8,24,12.863855301408535
8,25,15.922697064707762
8,26,18.27725062317615
8,27,19.438688936792726
8,28,17.492232180160826
8,29,18.26962600148526
8,30,17.851208587992108
8,31,15.283380305078275
8,32,16.158134145863368
8,33,15.446531334123033
8,34,14.639625597041528
8,35,16.826661860002016
8,36,15.017832348278395
8,37,17.206018703933424
8,38,17.361575788700303
8,39,20.795211035177527
8,40,22.123324385419856
8,41,19.081103948476066
8,42,16.488594004215713
8,43,12.91571409740377
8,44,10.236016605314948
8,45,6.601698270848414
8,46,5.353196680449953
8,47,4.04835123497808
8,48,6.503595426423615
8,49,8.572433685425436
8,50,11.343082249741178
8,51,14.36942492583435
8,52,17.058275517085967
8,53,20.378091088468373
8,54,21.81502818577461
8,55,24.65562469305025
8,56,22.82961344984176
8,57,19.62505296330278
8,58,20.687711844775947
8,59,20.969685094304968
8,60,17.715394343604256
8,61,16.09046753992931
8,62,17.554516669205952
8,63,16.95747304047518
8,64,13.19500124020873
8,65,13.895289634068392
8,66,16.059395266399793
8,67,13.7083741115001
8,68,11.293740647952815
8,69,14.647716094014262
8,70,15.932577456725408
8,71,12.852095382425661
8,72,11.427224561541173
8,73,8.550756507843754
8,74,9.220693286766135
8,75,8.835200261184118
8,76,9.962831582911551
8,77,10.354516798582072
8,78,11.686376890588152
8,79,13.840076095865784
8,80,15.600130720165517
8,81,18.861747639628387
8,82,20.10070829884752
8,83,17.264449865758316
8,84,16.797512249426212
8,85,13.011417381386451
8,86,10.967816202904936
8,87,7.6427706279593135
8,88,5.939994128660393
8,89,4.67789720962566
8,90,5.99910483106134
9,1,26.481308377438296
9,2,23.200376441541664
9,3,19.970611190242273
9,4,16.489868983774187
9,5,13.085937507164234
9,6,10.00916010163815
9,7,7.116659563543213
9,8,3.795235311257432
9,10,3.8086858837684883
9,11,6.493279668051322
9,12,10.124306371202971
9,13,12.799973269843798
9,14,16.61355290876074
9,15,23.016717044234174
9,16,20.171946262532934
9,17,16.865791149941202
9,18,15.725197871288655
9,19,12.087357698339364
9,20,10.264206005674135
9,21,7.263277087256508
9,22,8.127488756869967
9,23,8.246406304011058
9,24,10.844958687308539
9,25,14.000816846142389
9,26,16.930816061690734
9,27,17.845674708107886
9,28,16.210540321781256
9,29,16.439855219205363
9,30,15.425822810761549
9,31,12.459698471542433
9,32,12.987359897181149
9,33,11.915617175912121
9,34,11.444732421304417
9,35,13.705005807839038
9,36,12.352058123781044
9,37,14.886572598698603
9,38,15.683024527431032
9,39,19.366845442340058
9,40,21.156017757751894
9,41,16.149669323106806
9,42,14.034945073246819
9,43,10.578213030587081
9,44,8.544599208292679
9,45,5.828620263395912
9,46,5.289993529307434
9,47,6.4518820823878675
9,48,9.166767414796965
9,49,11.95532705395699
9,50,14.622003765110426
9,51,17.818145982491046
9,52,20.3760879534975
9,53,23.796417910646625
9,54,25.17532072707558
9,55,28.058982206010164
9,56,26.23489229829936
9,57,22.984447437701917
9,58,23.701599300781275
9,59,23.97056394439371
9,60,20.904248709903904
9,61,19.01411016919881
9,62,20.05781383613254
9,63,19.587928892038686
9,64,15.884707046663287
9,65,15.914666601711364
9,66,17.731261952764743
9,67,15.565295542006755
9,68,12.614807950756406
9,69,15.352951714570972
9,70,16.65076440668712
9,71,13.170803598409048
9,72,10.861808464366272
9,73,8.71657894772198
9,74,9.187511889546206
9,75,8.959473130497674
9,76,10.95673561274258
9,77,12.481422621221109
9,78,14.385260501887164
9,79,17.033334960519174
9,80,18.980402722564765
9,81,22.35271034872215
9,82,23.6814504098934
9,83,20.955810893403186
9,84,20.529603557594086
9,85,16.742028735807786
9,86,14.478678227854214
9,87,10.996117683692662
9,88,8.502423182651889
9,89,5.760543156624785
9,90,4.6843792315873545
10,1,29.66264056555266
10,2,26.397267285105684
10,3,23.092790194973084
10,4,19.580636113041376
10,5,16.330390821080577
10,6,13.00131852637714
10,7,10.61280709777394
10,8,6.930688337376168
10,9,3.8086858837684883
10,11,3.817525801224265
10,12,6.907862943264944
10,13,9.991888702005378
10,14,13.725176268220396
10,15,21.519284469133208
10,16,18.68160657177342
10,17,15.079765823399722
10,18,13.845527220675427
10,19,10.18060004706806
10,20,8.66692157629133
10,21,6.225630795477051
10,22,7.9884705773924995
10,23,9.721108240888077
10,24,12.722258619194678
10,25,15.913709996926338
10,26,19.23801905292026
10,27,19.745173742940846
10,28,18.19750043375127
10,29,17.678728392424194
10,30,16.304699058019757
10,31,13.121731272489795
10,32,13.265765288727899
10,33,11.394159488084782
10,34,11.462062327897039
10,35,13.162935661068875
10,36,11.979781543171605
10,37,14.178749789694315
10,38,15.067447795241808
10,39,18.740714710949636
10,40,20.483016831436483
10,41,12.61937209917776
10,42,10.520905750797382
10,43,7.022818670876842
10,44,5.9234653823780725
10,45,4.733849208059706
10,46,6.336996484703688
10,47,8.91243873434661
10,48,12.215705803280878
10,49,15.061842594875806
10,50,18.05658478004228
10,51,21.255831173030764
10,52,23.94453349777665
10,53,27.28511264433536
10,54,28.586588270260798
10,55,31.31362401495233
10,56,29.25280130013452
10,57,25.84042690498785
10,58,26.558447297384724
10,59,27.168360479462702
10,60,24.184496297553576
10,61,22.061865977798966
10,62,23.27584385329531
10,63,23.11158384913298
10,64,19.371268175753926
10,65,19.16830237222389
10,66,21.153018757852
10,67,19.225037233091115
10,68,16.09254359467191
10,69,18.588258184671282
10,70,20.086013953035827
10,71,16.563218753767565
10,72,13.832395955189718
10,73,11.90863639842299
10,74,11.61318429278478
10,75,10.572881688259812
10,76,12.199483672687673
10,77,14.431588765518104
10,78,16.13472401988381
10,79,19.046159982353288
10,80,20.789478712265662
10,81,24.388754093277342
10,82,25.578547558139842
10,83,23.081338466275664
10,84,23.07846230994107
10,85,19.285702454755757
10,86,17.10670301310326
10,87,13.383991525879955
10,88,11.036240436781684
10,89,7.527957164368912
10,90,6.23818475849723
11,1,32.2886936402936
11,2,28.8512609865541
11,3,25.76886356467956
11,4,22.109223528681415
11,5,19.030334072335545
11,6,15.569889992276678
11,7,13.251423864904728
11,8,9.658442436946078
11,9,6.493279668051322
11,10,3.817525801224265
11,12,3.794014111767807
11,13,6.378840078421232
11,14,10.176208808712067
11,15,17.987495430940722
11,16,15.021066969523565
11,17,11.391174931784198
11,18,10.043334008811167
11,19,6.4304255791248215
11,20,5.642148530591521
11,21,4.875096285750282
11,22,8.136170891102878
11,23,10.484486785175953
11,24,14.047238837104464
11,25,16.662366415869833
11,26,20.21581751095949
11,27,21.00894333787723
11,28,20.08242424128355
11,29,19.51219751528174
11,30,17.465383532344383
11,31,13.90631389463909
11,32,12.985191805887531
11,33,10.211226506289986
11,34,9.702688036136713
11,35,10.417936224597133
11,36,8.982817102108795
11,37,10.786471125988184
11,38,11.845099194499857
11,39,15.500991107529657
11,40,17.46325262901493
11,41,9.907023544655598
11,42,8.283673996681152
11,43,5.730653670329308
11,44,4.9047087289950735
11,45,5.838256052798504
11,46,6.907195903765573
11,47,10.409470004487405
11,48,13.520816373147143
11,49,16.834723286285744
11,50,19.92584836971336
11,51,23.40559014462747
11,52,26.29390902142055
11,53,29.7851604344244
11,54,31.40799789964377
11,55,34.30944418990193
11,56,32.44280951231001
11,57,29.138217975113015
11,58,30.010604537886294
11,59,30.41504929849374
11,60,27.289936942616258
11,61,25.420562867198704
11,62,26.538433988895928
11,63,26.04120916530568
11,64,22.355228052957145
11,65,22.336912459706078
11,66,23.986481884082444
11,67,21.75690074488899
11,68,18.781972472434923
11,69,21.128367464507818
11,70,22.145149650456407
11,71,18.435897345721354
11,72,15.788551654974226
11,73,14.555694910300085
11,74,14.823557201080481
11,75,14.221604712566029
11,76,16.013962822241748
11,77,18.174111936580697
11,78,19.7461205197828
11,79,22.466148671864794
11,80,23.932026896121656
11,81,27.537054108592542
11,82,28.41086308897338
11,83,25.712608344220296
11,84,25.947344714765276
11,85,22.152253845085742
11,86,20.310456060870344
11,87,16.666321240275757
11,88,14.559988066381257
11,89,11.232868573386721
11,90,9.757372290967353
12,1,35.991337716223434
12,2,32.56125189132924
12,3,29.45621612082897
12,4,25.796471517731586
12,5,22.751434249398972
12,6,19.247903095380416
12,7,17.002705389361164
12,8,13.356994301453977
12,9,10.124306371202971
12,10,6.907862943264944
12,11,3.794014111767807
12,13,3.8251431112258403
12,14,7.184442497531467
12,15,16.836939465011127
12,16,13.848726395414708
12,17,10.126090731875655
12,18,8.388196353715262
12,19,5.324423143408361
12,20,5.411807657357421
12,21,6.435997947040956
12,22,9.65176204526329
12,23,12.780549552566894
12,24,16.32698444122051
12,25,18.717171912136997
12,26,22.446620864939437
12,27,22.947193462462
12,28,22.251249410447922
12,29,21.169835836337903
12,30,18.78949125939786
12,31,15.24744809920561
12,32,13.873819260931075
12,33,10.557381519265995
12,34,10.595084538623086
12,35,10.433096708830805
12,36,9.616799998550322
12,37,10.81593313907523
12,38,12.173368438055526
12,39,15.516767328314923
12,40,17.536514746645764
12,41,6.333182773918205
12,42,5.7396453375290335
12,43,4.802939061791942
12,44,6.238495032715188
12,45,8.768214925412462
12,46,10.40571724882651
12,47,14.052676748662508
12,48,17.202944754780415
12,49,20.53009278805257
12,50,23.682984736470836
12,51,27.1744320638118
12,52,30.085447123086617
12,53,33.56570501138004
12,54,35.15087012129156
12,55,37.999809414387705
12,56,36.035491522102674
12,57,32.65740489739386
12,58,33.460995364448586
12,59,34.00142165766784
12,60,30.946416597320393
12,61,28.938065367757538
12,62,30.037477929273134
12,63,29.684404053510487
12,64,26.000104815428667
12,65,25.77579919886036
12,66,27.40825907485478
12,67,25.32279220025281
12,68,22.21812022427418
12,69,24.314760250484255
12,70,25.387135935145476
12,71,21.663610619553335
12,72,18.779848360723637
12,73,17.818184301448067
12,74,17.788192814817133
12,75,16.98515577559841
12,76,18.702894889876823
12,77,21.22668793678723
12,78,22.788872966043876
12,79,25.652241675020225
12,80,27.049279234229882
12,81,30.73766568511009
12,82,31.550565994110265
12,83,28.991802451731758
12,84,29.41388750821177
12,85,25.63481568403451
12,86,23.7931940820904
12,87,20.076414996906756
12,88,17.936223193545224
12,89,14.396530521553249
12,90,12.707181309490322
13,1,37.707098135498626
13,2,34.143615760645126
13,3,31.27129659576261
13,4,27.514198331037527
13,5,24.74836934176261
13,6,21.138066151341146
13,7,19.2038007282224
13,8,15.663337530248656
13,9,12.799973269843798
13,10,9.991888702005378
13,11,6.378840078421232
13,12,3.8251431112258403
13,14,3.813864255886243
13,15,13.140728463720142
13,16,10.30245992509528
13,17,6.581296592690516
13,18,5.503662760314722
13,19,3.9719202412971755
13,20,6.546991338225125
13,21,9.026123912873206
13,22,12.590333009084127
13,23,15.457304311200229
13,24,19.16973674622638
13,25,21.158471962143864
13,26,24.846625147310924
13,27,25.71165145524276
13,28,25.3467217812196
13,29,24.468941958891925
13,30,21.849379902588904
13,31,18.194384051600714
13,32,16.256318437967106
13,33,12.640005322447088
13,34,11.84386247734772
13,35,10.42538588728243
13,36,8.965712855440932
13,37,8.773609137226494
13,38,9.64154634973389
13,39,12.515969519047811
13,40,14.397432817402743
13,41,5.42715247037214
13,42,5.3847683154683885
13,43,6.4430772155979374
13,44,7.32156434014467
13,45,10.469402369969812
13,46,11.636745943069679
13,47,15.436195946843638
13,48,18.36574373901967
13,49,21.80700732485987
13,50,25.060329079639764
13,51,28.684735897137983
13,52,31.817305707397683
13,53,35.3487035557557
13,54,37.23964707115682
13,55,40.19150256359117
13,56,38.375836735069996
13,57,35.10140013771866
13,58,36.18671790345937
13,59,36.60420682410011
13,60,33.36757762487742
13,61,31.648130236635954
13,62,32.85303896044467
13,63,32.20583304972664
13,64,28.542222046385174
13,65,28.668826892088838
13,66,30.189202091495048
13,67,27.79554805434669
13,68,24.948018834367986
13,69,27.167103745776384
13,70,27.873361373473323
13,71,24.09531568827784
13,72,21.51506371884803
13,73,20.730046222714737
13,74,21.101114688846778
13,75,20.4365153992636
13,76,22.045268240284596
13,77,24.296625385966827
13,78,25.55838931087644
13,79,28.137461501392167
13,80,29.167765527531948
13,81,32.83486773367023
13,82,33.26761585054997
13,83,30.55027240348879
13,84,31.273403033187144
13,85,27.54704247788308
13,86,26.11770965758086
13,87,22.503722250886728
13,88,20.75076996480435
13,89,17.40900705532734
13,90,16.046756378769746
14,1,41.236255523792195
14,2,37.6395351349493
14,3,34.84439989110113
14,4,31.068928772160653
14,5,28.417652566214098
14,6,24.77138488410534
14,7,22.9595222576616
14,8,19.430457366350836
14,9,16.61355290876074
14,10,13.725176268220396
14,11,10.176208808712067
14,12,7.184442497531467
14,13,3.813864255886243
14,15,11.428701784838662
14,16,8.987777356570506
14,17,5.950312085335376
14,18,5.43296460058394
14,19,6.3754859733776055
14,20,9.374346803572285
14,21,12.390715288408673
14,22,15.796046321189051
14,23,18.802640197997807
14,24,22.48568239521507
14,25,24.22115045799603
14,26,27.92982749145205
14,27,28.758185946459363
14,28,28.620551141685045
14,29,27.565183266564556
14,30,24.741626735582486
14,31,21.13992581347454
14,32,18.880184254559534
14,33,15.124063995300737
14,34,14.388640158183831
14,35,12.216138750587158
14,36,11.09269821516978
14,37,9.908022106207689
14,38,10.569024492296613
14,39,12.495410166208519
14,40,14.150660951244024
14,41,4.836035757063874
14,42,6.4637239337269685
14,43,9.131411671537057
14,44,10.532578780154015
14,45,13.9761994161125
14,46,15.198481273668857
14,47,18.987452599827993
14,48,21.83434115965479
14,49,25.270375622253482
14,50,28.55854185225086
14,51,32.210555865280575
14,52,35.41836929870159
14,53,38.952161022513174
14,54,40.927325386053056
14,55,43.883534829024235
14,56,42.068487184934824
14,57,38.79370041363153
14,58,39.94099581127273
14,59,40.38922161826987
14,60,37.127634807200394
14,61,35.433524725412674
14,62,36.66635325834225
14,63,35.9959043921479
14,64,32.33945463927886
14,65,32.47693767363167
14,66,33.955840482605865
14,67,31.536655486485405
14,68,28.707878357366475
14,69,30.846120888222682
14,70,31.463718855301714
14,71,27.676068687233023
14,72,25.089104992982524
14,73,24.467790506273058
14,74,24.817496319577106
14,75,24.103418579558216
14,76,25.643148587636652
14,77,27.972949000116653
14,78,29.13428947036377
14,79,31.683937593533255
14,80,32.55175971172989
14,81,36.23854393098653
14,82,36.49988483430771
14,83,33.818935183332556
14,84,34.74345008651761
14,85,31.059360298088382
14,86,29.76658495801995
14,87,26.15983280686731
14,88,24.503048622978927
14,89,21.129061583945653
14,90,19.76644586999949
15,1,43.09073888022021
15,2,39.31284147676561
15,3,37.40925941848981
15,4,33.683647732302774
15,5,31.899253834361982
15,6,28.508588430415685
15,7,27.43156909365486
15,8,24.75031453622616
15,9,23.016717044234174
15,10,21.519284469133208
15,11,17.987495430940722
15,12,16.836939465011127
15,13,13.140728463720142
15,14,11.428701784838662
15,16,3.79187344834034
15,17,6.842149560252224
15,18,10.014578415891444
15,19,13.111105623490884
15,20,16.73468397328269
15,21,19.944307001627173
15,22,23.5207139096944
15,23,25.301162336345932
15,24,29.000341660927063
15,25,29.885668584429318
15,26,33.06072719704406
15,27,35.00354979133426
15,28,35.464141724939054
15,29,35.39820519456062
15,30,32.42482557714372
15,31,28.704307995052847
15,32,25.88088822523227
15,33,22.396454228259806
15,34,19.893634466240016
15,35,16.666762034698085
15,36,14.209542463070537
15,37,10.493388432176989
15,38,8.40553590118955
15,39,5.921135840647585
15,40,5.759309484572852
15,41,16.01577628534208
15,42,16.298225344882766
15,43,18.289199052152913
15,44,17.534023800485365
15,45,20.03155954805362
15,46,19.52373837023753
15,47,22.51921639069954
15,48,24.063906592889104
15,49,27.289361790123476
15,50,30.238180419059663
15,51,33.897742488563416
15,52,37.3615463924559
15,53,40.861631238109055
15,54,43.63845766528547
15,55,46.86872263596978
15,56,45.73535753040453
15,57,43.004448487683575
15,58,44.82383829408531
15,59,44.6713470276822
15,60,41.03518126994111
15,61,40.32840960013245
15,62,41.64408868312271
15,63,40.049258425209494
15,64,36.70877424300228
15,65,37.833432557106086
15,66,38.84871015755401
15,67,35.668433299163226
15,68,33.784298274171164
15,69,36.20236473775988
15,70,35.7662894419772
15,71,32.14409389637054
15,72,30.669476522042896
15,73,30.40375406542115
15,74,31.887055928048394
15,75,31.805443156754837
15,76,33.31568207353751
15,77,34.68481144401966
15,78,35.291109328837244
15,79,36.93301615941065
15,80,37.04704905571074
15,81,40.34527257831554
15,82,39.74307911271125
15,83,36.57443585801474
15,84,37.88651480670611
15,85,34.57204442188765
15,86,34.32566973253175
15,87,31.33802281779585
15,88,30.560125560867753
15,89,28.03411297270967
15,90,27.31895160846247
16,1,41.603925919448535
16,2,37.82837556791618
16,3,35.73613722932018
16,4,31.974157923487823
16,5,29.86756316316245
16,6,26.491135491836836
16,7,25.006150990193074
16,8,22.249923691352606
16,9,20.171946262532934
16,10,18.68160657177342
16,11,15.021066969523565
16,12,13.848726395414708
16,13,10.30245992509528
16,14,8.987777356570506
16,15,3.79187344834034
16,17,3.788244909408955
16,18,6.399314009742777
16,19,9.627718360312192
16,20,13.142141253229966
16,21,16.472668759362413
16,22,19.96026419635446
16,23,21.78923478532259
16,24,25.471486917965635
16,25,26.294100423236813
16,26,29.529501920986384
16,27,31.375155639675988
16,28,31.910604327731996
16,29,31.77753938533828
16,30,28.731740464820763
16,31,25.02865055731579
16,32,22.135002960179488
16,33,18.649981923989795
16,34,16.180673635158307
16,35,12.906741936415626
16,36,10.625487198880467
16,37,6.9956299900370205
16,38,5.831748771936217
16,39,4.865894853355616
16,40,6.893470507790421
16,41,13.783924024779887
16,42,14.320449385137488
16,43,16.037388020013953
16,44,15.3932638453927
16,45,17.828839860967772
16,46,17.23788327167824
16,47,20.41253513305753
16,48,22.048088388929024
16,49,25.50696778969951
16,50,28.39527817997812
16,51,32.14429146686784
16,52,35.47419318146146
16,53,39.08130821683252
16,54,41.71791240476141
16,55,45.00500076981977
16,56,43.84300829523426
16,57,41.041830353846876
16,58,42.61193561884482
16,59,42.408509142950585
16,60,38.85834290020244
16,61,37.98065517971934
16,62,39.079834119429904
16,63,37.55850235465032
16,64,34.2047832941093
16,65,35.074732529686344
16,66,35.97857302405347
16,67,32.907487590113455
16,68,30.85678620219442
16,69,33.084854390580745
16,70,32.69600360662544
16,71,29.0298237556871
16,72,27.38931288558765
16,73,27.313845808585132
16,74,28.801625105869554
16,75,28.894700966216934
16,76,30.6750495449769
16,77,32.22197033561456
16,78,33.16000831170069
16,79,35.04202648278674
16,80,35.51099086086658
16,81,38.87487328663993
16,82,38.611135093774934
16,83,35.41221189343256
16,84,36.40675820711888
16,85,32.94105757332125
16,86,32.3402561993149
16,87,29.227993663321573
16,88,28.084398637094267
16,89,25.435417462599705
16,90,24.361736981858574
17,1,39.43572452781598
17,2,35.70163733087104
17,3,33.347346229611084
17,4,29.550892065223078
17,5,27.238064996934384
17,6,23.741902146107698
17,7,22.142666308078113
17,8,19.12874343859265
17,9,16.865791149941202
17,10,15.079765823399722
17,11,11.391174931784198
17,12,10.126090731875655
17,13,6.581296592690516
17,14,5.950312085335376
17,15,6.842149560252224
17,16,3.788244909408955
17,18,3.810496541579258
17,19,6.34755881872483
17,20,10.062236712197755
17,21,13.259614530913712
17,22,16.88556868379041
17,23,18.977080091997248
17,24,22.738122430003937
17,25,23.965667572733874
17,26,27.37345500039356
17,27,28.963239735317234
17,28,29.182355834225238
17,29,28.872856703333742
17,30,25.97265585925751
17,31,22.231348108658793
17,32,19.61939135289562
17,33,16.03513308594272
17,34,13.892398166205227
17,35,11.068483165951042
17,36,8.64363057382488
17,37,5.73174028451381
17,38,5.130257923563987
17,39,6.551167586249082
17,40,8.615914306553817
17,41,10.541734622866809
17,42,10.789733803948563
17,43,12.296449863159019
17,44,11.790495282364096
17,45,14.406057808584915
17,46,14.212716929823817
17,47,17.65136866092967
17,48,19.723074502196294
17,49,23.235911993938384
17,50,26.30388526570401
17,51,30.056162539639416
17,52,33.370450334342905
17,53,36.973991905462036
17,54,39.39337220364941
17,55,42.58437941062028
17,56,41.20754825172802
17,57,38.24898294614977
17,58,39.70155823798724
17,59,39.694875790125614
17,60,36.21199579499109
17,61,35.086978127516694
17,62,36.25376360434214
17,63,34.98731773211423
17,64,31.508768386683272
17,65,32.19738333102727
17,66,33.321014996876805
17,67,30.417989640874044
17,68,28.12565252630901
17,69,30.417933875710045
17,70,30.369997125094486
17,71,26.631471507754902
17,72,24.716845312879986
17,73,24.377103992084844
17,74,25.57277252065426
17,75,25.441962564333817
17,76,27.15110808633795
17,77,28.858212435104466
17,78,29.85942060194672
17,79,31.92737920106632
17,80,32.54503017799056
17,81,36.0152119168022
17,82,35.950976645965646
17,83,32.873797559004956
17,84,33.801883236184544
17,85,30.233626787843107
17,86,29.40328189821703
17,87,26.129316551327097
17,88,24.84400085015604
17,89,22.011748309530365
17,90,20.917992642539872
18,1,39.8271462952287
18,2,36.14621782241135
18,3,33.60776474212207
18,4,29.83804632830174
18,5,27.15671685709376
18,6,23.762708982988578
18,7,21.621278032943387
18,8,18.548755716525783
18,9,15.725197871288655
18,10,13.845527220675427
18,11,10.043334008811167
18,12,8.388196353715262
18,13,5.503662760314722
18,14,5.43296460058394
18,15,10.014578415891444
18,16,6.399314009742777
18,17,3.810496541579258
18,19,3.7924038569960534
18,20,7.121735181384453
18,21,10.732239393282171
18,22,14.10360980911566
18,23,16.440594322396933
18,24,20.130780305378323
18,25,21.19688215833009
18,26,24.707196902710542
18,27,26.06640662762262
18,28,26.471573296081935
18,29,25.94361571630491
18,30,22.84957057464562
18,31,19.162252063086815
18,32,16.344610932706146
18,33,12.680464651671816
18,34,10.851018209708512
18,35,7.882711970245617
18,36,6.47754333193178
18,37,4.845045871308842
18,38,6.7351076043430576
18,39,9.079257999201188
18,40,11.923273210687716
18,41,9.588998031345598
18,42,10.640512064088425
18,43,11.866283137225325
18,44,11.923949065232529
18,45,14.40095159111897
18,46,14.252085631187013
18,47,17.78912501078205
18,48,19.914457438469316
18,49,23.60095745787465
18,50,26.49174157851479
18,51,30.269606029436158
18,52,33.34993042818836
18,53,37.035679311365335
18,54,39.25703721280363
18,55,42.4878738169904
18,56,41.087366127225124
18,57,38.06419697757833
18,58,39.16818356745631
18,59,39.106158665714226
18,60,35.781171325601385
18,61,34.422619281908744
18,62,35.27110919894251
18,63,34.13240344593819
18,64,30.68096862651328
18,65,30.961594912465703
18,66,31.90089939827176
18,67,29.20980064148984
18,68,26.675320475100005
18,69,28.60429743005884
18,70,28.628731708588294
18,71,24.867851797995975
18,72,22.659693176383236
18,73,22.676462579942132
18,74,23.8000060131447
18,75,23.904486015682938
18,76,26.00117096068409
18,77,28.021184887741107
18,78,29.479710981530168
18,79,31.867527992758276
18,80,32.92108696296386
18,81,36.43216178086682
18,82,36.76187696933267
18,83,33.71821591942872
18,84,34.27468464637555
18,85,30.585247218680394
18,86,29.306134050674345
18,87,25.908854722364083
18,88,24.10393649240516
18,89,21.083417604223584
18,90,19.37970602233116
19,1,36.97961925171447
19,2,33.37125203927572
19,3,30.64541491833448
19,4,26.90687567775839
19,5,24.02207125099095
19,6,20.647749179629884
19,7,18.298805386617808
19,8,15.124094825657274
19,9,12.087357698339364
19,10,10.18060004706806
19,11,6.4304255791248215
19,12,5.324423143408361
19,13,3.9719202412971755
19,14,6.3754859733776055
19,15,13.111105623490884
19,16,9.627718360312192
19,17,6.34755881872483
19,18,3.7924038569960534
19,20,3.7587533002021503
19,21,7.084950837898854
19,22,10.634126083187958
19,23,13.077193974339183
19,24,16.826393495182696
19,25,18.298256313885044
19,26,21.903065139264825
19,27,23.097936469551367
19,28,23.177939210927168
19,29,22.631887141726434
19,30,19.745431324106175
19,31,16.01066186602299
19,32,13.588069643367305
19,33,9.968204387634124
19,34,8.395197599576703
19,35,6.581946400184074
19,36,5.101830198141493
19,37,5.671274145833329
19,38,7.798956911889824
19,39,11.136355240581535
19,40,13.862696256322444
19,41,8.895670021007525
19,42,9.227503481732588
19,43,9.335861769072263
19,44,9.23055929928504
19,45,11.31869621275854
19,46,11.28209097935458
19,47,14.859386926503536
19,48,17.21573973577652
19,49,20.897106402645427
19,50,23.793545070872227
19,51,27.519668999292726
19,52,30.492795568944945
19,53,34.15994208512234
19,54,36.17926325373725
19,55,39.343317490305466
19,56,37.82876043121879
19,57,34.72867310995121
19,58,35.685141057673384
19,59,35.707674402891065
19,60,32.46893435999736
19,61,30.937825686550262
19,62,31.763432287152444
19,63,30.80129384178689
19,64,27.29670737989018
19,65,27.414045683987194
19,66,28.476590564789486
19,67,25.933711511257886
19,68,23.228620880981044
19,69,25.19108347878445
19,70,25.47996552350035
19,71,21.693341850540296
19,72,19.293713631321488
