1,2,3.7888799363840677
1,3,6.828953865603887
1,4,10.433171377738127
1,5,13.326628663747398
1,6,16.478375181897995
1,7,19.406075703267792
1,8,23.177662476449672
1,9,25.865821453820054
1,10,28.379541482424145
1,11,31.92455538335063
1,12,33.364372496568244
1,13,36.89012074279924
1,14,38.36816694961803
1,15,37.42516803552498
1,16,35.1930525867645
1,17,35.80663637988892
1,18,33.13022248059343
1,19,32.481102580742984
1,20,30.070998215588578
1,21,30.518831943962358
1,22,28.895574732763215
1,23,29.38088319957291
1,24,31.75870446083278
1,25,32.8667343894315
1,26,34.12412800250397
1,27,31.429212503862498
1,28,33.56053936809509
1,29,34.619579731873856
1,30,33.01299084847174
1,31,34.4028879729608
1,32,34.29260558305008
1,33,32.92171049511941
1,34,34.76899075665302
1,35,32.185976497463095
1,36,33.52031432937014
1,37,32.206527076853256
1,38,34.341486170477026
1,39,33.98067071810716
1,40,36.71316595503439
1,41,33.485849425937154
1,42,30.278174452042453
1,43,26.95489696295256
1,44,23.50313264212298
1,45,22.048959769268915
1,46,18.376413527394096
1,47,16.396184601650784
1,48,12.612972237277212
1,49,10.824602834187136
1,50,7.452952816743712
1,51,5.699556609732787
1,52,4.197034645165075
1,53,6.17132522278176
1,54,8.463326652182731
1,55,9.351591905360207
1,56,9.224698520437975
1,57,12.248992185868248
1,58,11.217984830009906
1,59,8.651243806861704
1,60,11.773502592145759
1,61,14.055667708825636
1,62,12.407473326702986
1,63,12.182696182071107
1,64,15.694051625751337
1,65,16.944799233913535
1,66,15.74621675678749
1,67,17.589559405387
1,68,20.513422095333738
1,69,20.919246918566877
1,70,21.011181014739456
1,71,23.371827779436085
1,72,21.368202388603365
1,73,23.090079700334403
1,74,22.535654651937026
1,75,21.460830163114373
1,76,18.01772592854394
1,77,16.75892375301881
1,78,13.746585870728849
1,79,13.100104726894067
1,80,11.204067366235787
1,81,12.216270553260912
1,82,9.958920622766678
1,83,7.727497124915837
1,84,9.156794476592141
1,85,11.241834252903459
1,86,14.428496444140698
1,87,17.30646761487241
1,88,20.521856445277376
1,89,23.77494449384341
1,90,27.205067337517647
2,1,3.7888799363840677
2,3,3.786474059345198
2,4,7.120555955332576
2,5,10.11088657584385
2,6,13.241747118855
2,7,16.102671985069172
2,8,19.866470793178518
2,9,22.505811769634494
2,10,25.22806557329002
2,11,28.76444123522784
2,12,30.450150736262113
2,13,34.047967290572856
2,14,36.445147668798455
2,15,35.28710573701692
2,16,32.80331783259668
2,17,33.16466793978401
2,18,30.294643832859695
2,19,29.458110961125215
2,20,26.883984167577648
2,21,27.22138924484574
2,22,25.73656726967562
2,23,26.23160677933793
2,24,28.828838134138014
2,25,30.16293941166843
2,26,31.19510642569368
2,27,28.358695086375434
2,28,30.27490709545897
2,29,31.34648081926331
2,30,29.71298750210887
2,31,31.219187929303914
2,32,31.12050941689046
2,33,29.99240573246356
2,34,32.00486442011856
2,35,29.58349994995473
2,36,31.138032041451748
2,37,30.0810338431209
2,38,32.50487362749608
2,39,32.400360666867286
2,40,33.60533507418629
2,41,30.459081786933954
2,42,27.117233503679877
2,43,23.9325820921278
2,44,20.399265324422093
2,45,19.186543999626736
2,46,15.554217677465616
2,47,13.986188087556956
2,48,10.349073175839326
2,49,9.05995356562761
2,50,6.40616695288571
2,51,5.4843402606296054
2,52,6.007367435303661
2,53,7.059027803244452
2,54,9.577990638554713
2,55,9.0115801684797
2,56,7.4856505712255395
2,57,10.394952361064853
2,58,9.924996706377184
2,59,6.629460843208903
2,60,8.887808872466675
2,61,11.745890304376692
2,62,10.437346284524347
2,63,9.377114420919
2,64,12.714624779796525
2,65,14.531523657493366
2,66,13.369404806994224
2,67,14.628207617124238
2,68,17.672200720934114
2,69,18.53548155770413
2,70,18.46788067855403
2,71,20.443629259922034
2,72,18.13870198982305
2,73,19.599551577130484
2,74,18.84139006372938
2,75,17.678747375017267
2,76,14.251539682073224
2,77,13.079889954554925
2,78,10.296765208293886
2,79,10.200312157535963
2,80,9.11553601919309
2,81,10.782494169035308
2,82,8.300676320344161
2,83,5.439088792794706
2,84,5.811467985878862
2,85,7.466710769824726
2,86,10.711134858583913
2,87,13.607885783120961
2,88,16.864083321393565
2,89,20.17005237977127
2,90,23.57416651302629
3,1,6.828953865603887
3,2,3.786474059345198
3,4,3.784967139710672
3,5,6.532914571856739
3,6,9.690218859059353
3,7,12.593673845721277
3,8,16.35864921530036
3,9,19.1339414808468
3,10,21.72318735702641
3,11,25.325817598244758
3,12,26.97177395425468
3,13,30.600420713747347
3,14,33.05116832707721
3,15,31.738139590021387
3,16,29.240703334569535
3,17,29.51258797797502
3,18,26.63993185460709
3,19,25.79005618890161
3,20,23.278805702839417
3,21,23.726175230789366
3,22,22.254632970941742
3,23,22.9815721340732
3,24,25.57471451511245
3,25,27.082137349699323
3,26,28.262952278687845
3,27,25.583341411274027
3,28,27.52302191241572
3,29,28.291695313477316
3,30,26.4489847655414
3,31,27.746191133755257
3,32,27.53254506692215
3,33,26.283139266022758
3,34,28.24091874688998
3,35,25.81057353259863
3,36,27.408508528612682
3,37,26.45477530865593
3,38,28.981367034600275
3,39,29.07535006432391
3,40,30.349319329140055
3,41,27.3014022117518
3,42,23.963522364094775
3,43,20.68997475439259
3,44,17.08191751374301
3,45,15.588992769686902
3,46,11.883867054750711
3,47,10.225556331824638
3,48,6.656062711443261
3,49,5.903883912685905
3,50,4.714516661571535
3,51,6.066942516351047
3,52,8.419342924799434
3,53,10.083580980072707
3,54,13.03723361130882
3,55,12.227815613833771
3,56,10.148639519027135
3,57,12.493050251890171
3,58,12.003646029080958
3,59,8.25141401782443
3,60,9.358603886643193
3,61,12.236507462401669
3,62,10.517300389602802
3,63,8.2493477490391
3,64,11.591566187808345
3,65,13.441486431983895
3,66,11.52824285364174
3,67,12.2501330432696
3,68,15.6977233374132
3,69,16.45252708922575
3,70,15.748144112694773
3,71,17.68774016217543
3,72,15.221267812822518
3,73,16.973199284647613
3,74,16.29832880700632
3,75,15.598773444926074
3,76,12.617409549670304
3,77,11.89960142346858
3,78,9.99632753508546
3,79,10.383583919692926
3,80,10.65015888514966
3,81,12.062008939403565
3,82,8.906984254815665
3,83,6.951405736622672
3,84,4.997028305856212
3,85,6.012086249950661
3,86,8.214585104570581
3,87,10.888589294733132
3,88,13.920553419715036
3,89,17.08508000856758
3,90,20.521720670280374
4,1,10.433171377738127
4,2,7.120555955332576
4,3,3.784967139710672
4,5,3.790130240666113
4,6,6.179621746839035
4,7,9.379027781757681
4,8,13.05522585931638
4,9,16.053475891656536
4,10,18.834048330029095
4,11,22.5007771037067
4,12,24.447815135429504
4,13,28.17618264387138
4,14,31.517492539817756
4,15,29.846735339632772
4,16,27.15142514917676
4,17,27.0180686658359
4,18,23.925567634278554
4,19,22.719669609649515
4,20,19.97402294175419
4,21,20.15391389792334
4,22,18.622450027173855
4,23,19.269181646078568
4,24,21.97109648622533
4,25,23.617451272807493
4,26,24.65890565311233
4,27,21.93795528066875
4,28,23.792339887225896
4,29,24.52624088425079
4,30,22.700651107535894
4,31,24.105708910115
4,32,24.03685839019863
4,33,22.993178875642286
4,34,25.201338480678217
4,35,23.057212050875187
4,36,25.014330852524783
4,37,24.50020383221721
4,38,27.353807450419758
4,39,27.890931527375642
4,40,27.80216504820033
4,41,25.001585763037205
4,42,21.515584488753742
4,43,18.40760859310683
4,44,14.659389855275538
4,45,13.14953866893855
4,46,9.503456783547048
4,47,8.165405990291175
4,48,5.440806969538835
4,49,5.413654727345065
4,50,6.259481939019103
4,51,8.178681686411444
4,52,11.222761046413638
4,53,12.475535342070286
4,54,15.494619706845265
4,55,14.170429210340288
4,56,11.676106028648912
4,57,13.151269471183868
4,58,12.782137086982274
4,59,9.091979859862255
4,60,8.764459751156659
4,61,11.411949918332922
4,62,9.832031164925422
4,63,6.529793601070518
4,64,9.251171535993482
4,65,11.321930606719032
4,66,9.17554337496154
4,67,9.009981044953447
4,68,12.62773177310884
4,69,13.656882444541822
4,70,12.615284389814345
4,71,14.18533898990592
4,72,11.511195338046257
4,73,13.273970495000697
4,74,12.739739401079463
4,75,12.501298143225306
4,76,9.97770449709765
4,77,10.168777990513094
4,78,9.49739441987937
4,79,10.972329355171727
4,80,12.315976338608216
4,81,14.097964713598694
4,82,11.142093642996311
4,83,9.315009396215059
4,84,6.143750783659116
4,85,4.920722567335845
4,86,5.635820217549239
4,87,7.462581651275077
4,88,10.574045992544706
4,89,13.503470730692115
4,90,17.060546931281312
5,1,13.326628663747398
5,2,10.11088657584385
5,3,6.532914571856739
5,4,3.790130240666113
5,6,3.811226245085234
5,7,6.086308948323354
5,8,9.861437304445237
5,9,12.651729777173339
5,10,15.249623491106016
5,11,18.89042560293745
5,12,20.72197511858184
5,13,24.43006892479298
5,14,27.97478808243437
5,15,26.2981306759211
5,16,23.504521717304286
5,17,23.414550410212563
5,18,20.349108866443174
5,19,19.35681825728426
5,20,16.81531268982389
5,21,17.465570680994066
5,22,16.40664122734385
5,23,17.70710373590142
5,24,20.60001961873056
5,25,22.734654972010087
5,26,23.8237854111975
5,27,21.284155361034372
5,28,22.84919013081215
5,29,23.07378012962662
5,30,20.780735302930307
5,31,21.80077664311328
5,32,21.268085117303613
5,33,20.135136519564856
5,34,22.113658400231238
5,35,19.816019953623364
5,36,21.64381489452255
5,37,21.0935990606431
5,38,24.029522573829098
5,39,24.607356423490106
5,40,24.120677417609592
5,41,21.284337037073655
5,42,17.859048900638765
5,43,14.662941415352968
5,44,10.925426110221618
5,45,9.431964833151564
5,46,5.878372908843147
5,47,5.567050548189022
5,48,4.354080829159323
5,49,6.7366366987196455
5,50,8.988319955810926
5,51,11.617503473247968
5,52,14.674568084246937
5,53,16.11885560254226
5,54,19.021290362161476
5,55,17.517284413331073
5,56,14.672300078965005
5,57,16.24558410366158
5,58,16.32252061749545
5,59,12.710985608692752
5,60,11.8612269386218
5,61,14.589967794248697
5,62,13.276395495253592
5,63,9.676047728485113
5,64,11.601978329015376
5,65,13.81192001614808
5,66,11.389048921436988
5,67,10.15199582048351
5,68,13.856098008371385
5,69,14.980833912280614
5,70,13.069157071392384
5,71,14.110906142833095
5,72,10.969277585651135
5,73,12.60308894523917
5,74,11.577919380658516
5,75,11.520634613530115
5,76,9.855042812213812
5,77,9.940149266539576
5,78,10.144278470069471
5,79,11.333626031689956
5,80,13.547691369522463
5,81,14.711645691125426
5,82,11.64312392439274
5,83,10.939846634513374
5,84,7.238943163199031
5,85,6.290210097973298
5,86,4.6660842957810775
5,87,6.256122734807458
5,88,8.199959070900027
5,89,11.161753740621792
5,90,14.441020723069027
6,1,16.478375181897995
6,2,13.241747118855
6,3,9.690218859059353
6,4,6.179621746839035
6,5,3.811226245085234
6,7,3.7868715135018927
6,8,7.102777151911408
6,9,10.49354038076587
6,10,13.191253297727998
6,11,16.92650907757257
6,12,19.088297314080656
6,13,22.87922750183794
6,14,27.19357833882472
6,15,25.06208842849779
6,16,22.160161136194226
6,17,21.523037445789445
6,18,18.234232488467867
6,19,16.697220170624227
6,20,13.836824383191818
6,21,14.041661846755353
6,22,12.69994283098105
6,23,13.899570634573875
6,24,16.80890428927746
6,25,19.040289818894507
6,26,20.087834344142497
6,27,17.637403696211305
6,28,19.227997683831084
6,29,19.324600257899892
6,30,17.051455606586067
6,31,18.14383343010129
6,32,17.879209613687177
6,33,16.902802327546222
6,34,19.23332312562925
6,35,17.362330653384895
6,36,19.693016850705618
6,37,19.76676194953012
6,38,23.01872268296067
6,39,24.174815306852366
6,40,22.601594421685746
6,41,20.211815560989432
6,42,16.710326595237746
6,43,13.810874253346135
6,44,10.078390540467515
6,45,8.305882956487801
6,46,5.361235990334268
6,47,5.4442214877068
6,48,6.243995224311236
6,49,8.20329688294256
6,50,11.10947209167274
6,51,13.7527183889525
6,52,17.151194213914827
6,53,18.463024974570377
6,54,21.498572399940993
6,55,19.898131068062696
6,56,17.10322401599089
6,57,17.97951534643181
6,58,17.86197547797214
6,59,14.495355694256638
6,60,13.005321986016384
6,61,15.052174613156792
6,62,13.745152477329821
6,63,9.9908559637217
6,64,10.962203109912009
6,65,12.801365122023753
6,66,10.242799061507851
6,67,8.065559991264518
6,68,11.561582476871719
6,69,12.664596504477199
6,70,10.235148029857713
6,71,10.791570729651914
6,72,7.581968529101886
6,73,9.52076969945815
6,74,9.089787283753775
6,75,10.188754928263819
6,76,9.636188474680482
6,77,10.991095186761418
6,78,12.296312818825683
6,79,14.211889666705867
6,80,16.727601207563712
6,81,18.186607682597604
6,82,15.323047620984015
6,83,14.413454672758126
6,84,10.674525374211793
6,85,8.703694528999353
6,86,6.06037552172891
6,87,5.036145337903493
6,88,6.288103079786938
6,89,8.263190925732992
6,90,11.762120155054157
7,1,19.406075703267792
7,2,16.102671985069172
7,3,12.593673845721277
7,4,9.379027781757681
7,5,6.086308948323354
7,6,3.7868715135018927
7,8,3.7836215474904895
7,9,6.799566707215161
7,10,9.570341531884054
7,11,13.255346318372451
7,12,15.526166996144878
7,13,19.32328741577486
7,14,24.50287596551581
7,15,22.31949285294943
7,16,19.163039313040514
7,17,18.411118619741757
7,18,15.016792344279732
7,19,13.603795612401017
7,20,10.854603860568297
7,21,11.638634600844036
7,22,11.24854157353008
7,23,13.262675450306638
7,24,16.4582867945842
7,25,19.282847112250252
7,26,20.127089937888663
7,27,17.839614455383654
7,28,18.8333748379492
7,29,18.40837824407586
7,30,15.632290949780124
7,31,16.342933025023545
7,32,15.470129036937449
7,33,14.667556123847277
7,34,16.799754488694685
7,35,14.912575999438399
7,36,17.185420077028212
7,37,17.388924245360627
7,38,20.81077468821816
7,39,22.07110513462972
7,40,18.843510879600526
7,41,16.47076059581392
7,42,12.944544994116493
7,43,10.176846308192117
7,44,6.518448704841388
7,45,5.392010598527076
7,46,4.0952216165383915
7,47,6.5674705449966275
7,48,8.66410512667221
7,49,11.468493280624264
7,50,14.507764322913735
7,51,17.269532971925955
7,52,20.537854027426903
7,53,21.79321065135514
7,54,24.63834255610929
7,55,22.77798972795454
7,56,19.676841210452203
7,57,20.63630096191274
7,58,20.994794992578797
7,59,17.70870242371725
7,60,15.90162033080293
7,61,18.142166351641528
7,62,17.249879962301815
7,63,13.463065302676506
7,64,13.932227147414036
7,65,16.02384298683794
7,66,13.719929218488348
7,67,11.01405397538607
7,68,14.056902791794554
7,69,15.430045957285527
7,70,12.665493961461594
7,71,12.350894864389495
7,72,8.930890826419002
7,73,9.965198703876116
7,74,8.685634022691099
7,75,9.745338080870814
7,76,10.269952968626823
7,77,11.366995310467617
7,78,13.336841784013963
7,79,14.998066182040027
7,80,18.058294962352154
7,81,19.120386942044565
7,82,16.482750191063182
7,83,16.257992045325658
7,84,12.465182253125624
7,85,10.734314991638142
7,86,7.243767335743636
7,87,5.898676746003059
7,88,4.58228054877319
7,89,6.171932932025178
7,90,8.979831290533642
8,1,23.177662476449672
8,2,19.866470793178518
8,3,16.35864921530036
8,4,13.05522585931638
8,5,9.861437304445237
8,6,7.102777151911408
8,7,3.7836215474904895
8,9,3.7868109923038715
8,10,6.487622086692855
8,11,10.106344853150539
8,12,12.746473380110007
8,13,16.533277396889556
8,14,22.843854408555007
8,15,20.29737280797858
8,16,16.959111527566183
8,17,15.628291251285225
8,18,12.011122270019753
8,19,10.140701501463703
8,20,7.1640453842212555
8,21,8.0993831140555
8,22,8.466193719770743
8,23,11.111995459848947
8,24,14.365874506782914
8,25,17.62409691149574
8,26,18.291625634208728
8,27,16.33525022228125
8,28,16.875015458530626
8,29,15.878690541938438
8,30,12.729015679193582
8,31,13.077803892861162
8,32,11.882996881118142
8,33,11.390449949645657
8,34,13.64447488968555
8,35,12.222639848295692
8,36,14.851071909361496
8,37,15.71481850296937
8,38,19.384795819244452
8,39,21.135787967282926
8,40,15.986553385753101
8,41,14.145251700726138
8,42,10.718357223745683
8,43,8.62916341802253
8,44,5.833462299477865
8,45,5.371218311552488
8,46,6.494159514739932
8,47,9.232333169818451
8,48,12.035953255271984
8,49,14.787304235559153
8,50,18.029361700732494
8,51,20.835183626384246
8,52,24.19140825581422
8,53,25.40101126803205
8,54,28.242283702668328
8,55,26.27602551080957
8,56,23.12505287731367
8,57,23.813468721421373
8,58,24.23514100926017
8,59,21.111759868719055
8,60,19.0044448648974
8,61,20.94490738106199
8,62,20.20341671200139
8,63,16.477674108704004
8,64,16.35565608178923
8,65,18.21923494049631
8,66,16.05504819932499
8,67,12.925223684127454
8,68,15.330546009534542
8,69,16.677256060015722
8,70,13.619422342160876
8,71,12.507191142924958
8,72,9.454243630202967
8,73,9.956319005480935
8,74,8.834385319157589
8,75,10.61452968550532
8,76,12.321119234271515
8,77,13.812312574164539
8,78,16.34593365179412
8,79,18.125292021513587
8,80,21.408420423981713
8,81,22.416269818584674
8,82,19.955494579715047
8,83,19.882748649943533
8,84,16.1092771230375
8,85,14.214183117972164
8,86,10.544894439759316
8,87,8.419400751876076
8,88,5.624912394024085
8,89,4.778325794818553
8,90,6.384302225453483
9,1,25.865821453820054
9,2,22.505811769634494
9,3,19.1339414808468
9,4,16.053475891656536
9,5,12.651729777173339
9,6,10.49354038076587
9,7,6.799566707215161
9,8,3.7868109923038715
9,10,3.800728110149978
9,11,6.909388899445246
9,12,9.945277984155576
9,13,13.637959668068682
9,14,21.347529298690464
9,15,18.876262280387873
9,16,15.249639613856802
9,17,13.787802208727694
9,18,10.143258549083393
9,19,8.62002111302605
9,20,6.219187638819198
9,21,8.06922814169578
9,22,9.981637006665517
9,23,12.994804317485832
9,24,16.25196992308504
9,25,19.81865361653232
9,26,20.141870591905576
9,27,18.33726670107313
9,28,18.167877194787476
9,29,16.81130028632849
9,30,13.413095397593644
9,31,13.349867674042054
9,32,11.378205967009395
9,33,11.413900634589632
9,34,13.164273928374483
9,35,11.910080714923398
9,36,14.188397689754634
9,37,15.141555732066898
9,38,18.791943751096962
9,39,20.504081937610387
9,40,12.46296317961895
9,41,10.668662246802805
9,42,7.170634454369839
9,43,5.948273109466861
9,44,4.6233520048495365
9,45,6.311518515653332
9,46,8.849861340475217
9,47,12.202531931540008
9,48,15.036159532756646
9,49,18.111584325242525
9,50,21.263763211211366
9,51,24.050932467340733
9,52,27.248794765382858
9,53,28.34448044978424
9,54,30.976675224641212
9,55,28.78730992192652
9,56,25.424931471981466
9,57,26.203473987031085
9,58,27.033772042837565
9,59,23.98878062503753
9,60,21.717038990355192
9,61,23.869746930906476
9,62,23.46931471052293
9,63,19.731085030472542
9,64,19.4320232458019
9,65,21.578167708008014
9,66,19.654246860153734
9,67,16.39924486800534
9,68,18.588485907520177
9,69,20.198469386530512
9,70,17.222037488207977
9,71,15.725189876053653
9,72,12.713026905856845
9,73,12.398988070187785
9,74,10.571543590781102
9,75,11.734670040610691
9,76,13.946201611923138
9,77,14.977953212694079
9,78,17.760261289803537
9,79,19.237303528156588
9,80,22.7846656786241
9,81,23.476537527240154
9,82,21.35548813903432
9,83,21.747294330915874
9,84,18.110804990732472
9,85,16.451618010987357
9,86,12.673281423350124
9,87,10.881403601993362
9,88,7.335568134219595
9,89,6.216720993616221
9,90,5.474905844005594
10,1,28.379541482424145
10,2,25.22806557329002
10,3,21.72318735702641
10,4,18.834048330029095
10,5,15.249623491106016
10,6,13.191253297727998
10,7,9.570341531884054
10,8,6.487622086692855
10,9,3.800728110149978
10,11,3.782073636900023
10,12,6.332250795630588
10,13,10.085033862508697
10,14,17.854764641132316
10,15,15.25248495085999
10,16,11.584411369249764
10,17,10.011501667836667
10,18,6.426943891322587
10,19,5.661048020470348
10,20,4.963278969753756
10,21,8.264006084542858
10,22,10.73307009873263
10,23,14.283657997395794
10,24,16.989711116027323
10,25,20.617428517300247
10,26,21.265341569090143
10,27,20.075821180523917
10,28,19.893703812175787
10,29,17.876170156828707
10,30,14.184634392214218
10,31,13.084593719309952
10,32,10.232978124760304
10,33,9.705430858784435
10,34,10.485426278785663
10,35,9.002011267055016
10,36,10.859958813206154
10,37,11.969881044961074
10,38,15.59343955361521
10,39,17.521646709621702
10,40,9.752692674140526
10,41,8.300365709362724
10,42,5.689134610862234
10,43,4.927490183974571
10,44,5.692532854663392
10,45,6.860945878281247
10,46,10.36915257339737
10,47,13.58194300562328
10,48,16.875279358473712
10,49,20.122573060980137
10,50,23.515795235689268
10,51,26.589537007254393
10,52,29.862939177410034
10,53,31.276029382954146
10,54,34.043291512730576
10,55,32.043221779049084
10,56,28.734030005597575
10,57,29.703536969890827
10,58,30.39827394704478
10,59,27.20639218037243
10,60,25.160244756419644
10,61,27.308806572390424
10,62,26.62989356505685
10,63,22.875275806779296
10,64,22.797191972687557
10,65,24.684608940080086
10,66,22.45333922208898
10,67,19.352753301052115
10,68,21.55709883339225
10,69,22.743842540028208
10,70,19.456020438440785
10,71,18.128473542992907
10,72,15.529333497988992
10,73,15.60690573012943
10,74,14.186134242830809
10,75,15.528877635945154
10,76,17.70026660547669
10,77,18.5602385806444
10,78,21.13956372466083
10,79,22.2696553489611
10,80,25.764572909548246
10,81,26.076370307744273
10,82,23.796861616453082
10,83,24.556363509887063
10,84,20.956071366873424
10,85,19.678728719558148
10,86,15.97665910799297
10,87,14.423373525566388
10,88,11.04269314356054
10,89,9.719109047621512
10,90,8.458069600052355
11,1,31.92455538335063
11,2,28.76444123522784
11,3,25.325817598244758
11,4,22.5007771037067
11,5,18.89042560293745
11,6,16.92650907757257
11,7,13.255346318372451
11,8,10.106344853150539
11,9,6.909388899445246
11,10,3.782073636900023
11,12,3.800927525317966
11,13,7.026903359898587
11,14,16.744407184218645
11,15,14.149280727345404
11,16,10.396462974632856
11,17,8.400802719325435
11,18,5.361134073331095
11,19,5.498702168563306
11,20,6.5366972180849965
11,21,9.77510766191595
11,22,12.962163496053755
11,23,16.48697419199312
11,24,18.93922293200434
11,25,22.65528287724642
11,26,23.063915979538674
11,27,22.165526558140343
11,28,21.486087424377285
11,29,19.125359400682196
11,30,15.445477680936673
11,31,13.882755377720432
11,32,10.5205044808243
11,33,10.5371872215187
11,34,10.507642352122106
11,35,9.669156795617594
11,36,10.906210594718344
11,37,12.319754395293748
11,38,15.631805498711158
11,39,17.64413197613082
11,40,6.166194455119237
11,41,5.751665594409756
11,42,4.648516799575565
11,43,6.232586488825617
11,44,8.63723397706946
11,45,10.344522128830343
11,46,14.00014711560965
11,47,17.2527472540015
11,48,20.553954390254088
11,49,23.86685100368343
11,50,27.24598202308902
11,51,30.31574786441098
11,52,33.54017133838724
11,53,34.899701648719926
11,54,37.574723677639675
11,55,35.45988167295019
11,56,32.05934289028222
11,57,33.01014472616278
11,58,33.889907601180525
11,59,30.766295765760315
11,60,28.600338239788062
11,61,30.76732985180936
11,62,30.255304408485873
11,63,26.508448789915555
11,64,26.254827680090788
11,65,28.197822607783706
11,66,26.094313360205263
11,67,22.886841881571897
11,68,24.871371028331343
11,69,26.13905639191463
11,70,22.87211128718034
11,71,21.271824552203444
11,72,18.83301466728231
11,73,18.537430669000045
11,74,16.990029052237162
11,75,18.17271956250929
11,76,20.64452599765855
11,77,21.378235381586894
11,78,24.09143315923898
11,79,25.087022916010536
11,80,28.680503855289842
11,81,28.81375759180918
11,82,26.76187099579357
11,83,27.75218430949309
11,84,24.25263177382965
11,85,23.04369353056352
11,86,19.325361444980985
11,87,17.784632216295886
11,88,14.200688268381978
11,89,12.614622633914813
11,90,10.400854762170297
12,1,33.364372496568244
12,2,30.450150736262113
12,3,26.97177395425468
12,4,24.447815135429504
12,5,20.72197511858184
12,6,19.088297314080656
12,7,15.526166996144878
12,8,12.746473380110007
12,9,9.945277984155576
12,10,6.332250795630588
12,11,3.800927525317966
12,13,3.805603629945548
12,14,13.07398811689694
12,15,10.664055388232397
12,16,6.923195252363667
12,17,5.56997924947051
12,18,4.065455051728695
12,19,6.6540846245690455
12,20,9.112190068269594
12,21,12.69051378078803
12,22,15.596833779218953
12,23,19.29046265539464
12,24,21.363086476439396
12,25,24.94661332087197
12,26,25.740963523843057
12,27,25.165844611139214
12,28,24.71207388306352
12,29,22.109023198110716
12,30,18.37219819829112
12,31,16.274744830913807
12,32,12.629127769721304
12,33,11.81773966210214
12,34,10.532025302747911
12,35,9.079943413388806
12,36,8.933193600356605
12,37,9.83263084937475
12,38,12.67493295016344
12,39,14.541146551617926
12,40,5.449516775557459
12,41,5.1546054362157845
12,42,6.150780765257585
12,43,7.278684024494633
12,44,10.302034029540673
12,45,11.508578848171659
12,46,15.331620068550892
12,47,18.38141078748581
12,48,21.794690210246078
12,49,25.24537039268739
12,50,28.69803193789612
12,51,31.975359033242306
12,52,35.171998584395475
12,53,36.830671407699356
12,54,39.58664470036267
12,55,37.67995093298229
12,56,34.33645878484907
12,57,35.58682131626472
12,58,36.370594883254945
12,59,33.07193177689292
12,60,31.207176584681807
12,61,33.509650842644085
12,62,32.73429234231948
12,63,28.96226504718338
12,64,29.074591956199924
12,65,30.917897183709833
12,66,28.519357016574812
12,67,25.551110877321676
12,68,27.76982345115249
12,69,28.730309926286033
12,70,25.27994389540901
12,71,24.052934514250936
12,72,21.713527729269792
12,73,21.828470915704617
12,74,20.38691474022675
12,75,21.50451218677724
12,76,23.679118340222693
12,77,24.11068298748159
12,78,26.498966997148887
12,79,27.085607942854704
12,80,30.55498911247579
12,81,30.279645755416087
12,82,28.086854213767477
12,83,29.449046545658568
12,84,26.055916706771697
12,85,25.298312869338613
12,86,21.714960387732887
12,87,20.572408693862293
12,88,17.18672996053167
12,89,15.947283992108042
12,90,14.076791212620853
13,1,36.89012074279924
13,2,34.047967290572856
13,3,30.600420713747347
13,4,28.17618264387138
13,5,24.43006892479298
13,6,22.87922750183794
13,7,19.32328741577486
13,8,16.533277396889556
13,9,13.637959668068682
13,10,10.085033862508697
13,11,7.026903359898587
13,12,3.805603629945548
13,14,11.682402003214607
13,15,9.6020094504307
13,16,6.524158521388766
13,17,5.510284295979906
13,18,6.359624180379809
13,19,9.298089072996586
13,20,12.307224274318378
13,21,15.683336235040505
13,22,18.73848317930357
13,23,22.382095353776357
13,24,24.17178604796707
13,25,27.705543993828414
13,26,28.46631378671757
13,27,28.173176887160015
13,28,27.51391060621355
13,29,24.678483945484775
13,30,21.025582244699148
13,31,18.597194357177163
13,32,14.829275471675597
13,33,14.149001955462243
13,34,12.138660808257168
13,35,11.160465613841701
13,36,10.10409346404387
13,37,10.925378026041168
13,38,12.886942854886577
13,39,14.627080948466745
13,40,4.834328537372847
13,41,6.198874700428026
13,42,8.8437381534832
13,43,10.586337806020232
13,44,13.908292445421777
13,45,15.165099644002114
13,46,18.983397836156243
13,47,21.95688002601995
13,48,25.376770426301476
13,49,28.858095930881557
13,50,32.316575853798014
13,51,35.639860202038875
13,52,38.804326544383635
13,53,40.51712739521739
13,54,43.24814827890891
13,55,41.34078781302524
13,56,37.97047169475673
13,57,39.27900804375691
13,58,40.12801312922079
13,59,36.82296346820818
13,60,34.96790399441888
13,61,37.29920162929481
13,62,36.53822229025095
13,63,32.76526711261134
13,64,32.864664654043324
13,65,34.695194551719865
13,66,32.28715734379353
13,67,29.31646000336824
13,68,31.462976706414235
13,69,32.37543505791314
13,70,28.890605809111054
13,71,27.60734564427623
13,72,25.39435263169702
13,73,25.427997884380947
13,74,23.98026990679176
13,75,25.03794322817697
13,76,27.299689705086738
13,77,27.622680379339986
13,78,29.99938791750626
13,79,30.42149318968267
13,80,33.88937415397956
13,81,33.40927943825085
13,82,31.319058676700777
13,83,32.889167876288425
13,84,29.589221742212395
13,85,28.964201711912704
13,86,25.408042011702495
13,87,24.32758543398276
13,88,20.8904691677765
13,89,19.570337368860518
13,90,17.4095854255515
14,1,38.36816694961803
14,2,36.445147668798455
14,3,33.05116832707721
14,4,31.517492539817756
14,5,27.97478808243437
14,6,27.19357833882472
14,7,24.50287596551581
14,8,22.843854408555007
14,9,21.347529298690464
14,10,17.854764641132316
14,11,16.744407184218645
14,12,13.07398811689694
14,13,11.682402003214607
14,15,3.807072581428786
14,16,6.6137105803817064
14,17,10.006550386454768
14,18,13.089060981048002
14,19,16.742103811143387
14,20,19.937832931736594
14,21,23.528502429609826
14,22,25.311089155805075
14,23,29.00885382042985
14,24,30.040981884286122
14,25,32.912333060745866
14,26,34.835866231406804
14,27,35.041284291859334
14,28,35.446177930656
14,29,32.493549466053
14,30,28.829673809825447
14,31,25.929435413536225
14,32,22.42549387199519
14,33,19.92112219366886
14,34,16.745011693698316
14,35,14.313613761522012
14,36,10.629738616880767
14,37,8.420013235088147
14,38,6.035205214971312
14,39,5.750016827845043
14,40,16.19067451226272
14,41,15.850427580995964
14,42,17.908565993882938
14,43,17.391197729045597
14,44,19.762948106214402
14,45,19.21719884566984
14,46,22.241806659819687
14,47,23.922494572359625
14,48,27.126768181407733
14,49,30.381940484510025
14,50,33.763018557079036
14,51,37.429873592106816
14,52,40.42449342022106
14,53,42.99400806895934
14,54,46.00388998013325
14,55,44.94530883330185
14,56,42.035332277043814
14,57,44.02675837815375
14,58,44.27109656969627
14,59,40.583586253922704
14,60,39.73765868323415
14,61,42.18464223955839
14,62,40.52957857080186
14,63,36.92764267304292
14,64,38.08206432252473
14,65,39.40252371354248
14,66,36.22913903127242
14,67,34.17680589756279
14,68,36.90602002714571
14,69,36.84589961564608
14,70,33.10618553668159
14,71,33.06930845757045
14,72,31.198849419338803
14,73,32.48851312961411
14,74,31.561864312121703
14,75,32.73923141275269
14,76,34.060866229816305
14,77,33.97260326731966
14,78,35.3668232551098
14,79,35.019752177246446
14,80,37.82581755614788
14,81,36.59049942259305
14,82,33.91103013007673
14,83,35.991746226045855
14,84,33.06326316196235
14,85,33.46493791912939
14,86,30.526240126620046
14,87,30.282944398600527
14,88,27.715071198134066
14,89,27.175219471842432
14,90,26.29916085473205
15,1,37.42516803552498
15,2,35.28710573701692
15,3,31.738139590021387
15,4,29.846735339632772
15,5,26.2981306759211
15,6,25.06208842849779
15,7,22.31949285294943
15,8,20.29737280797858
15,9,18.876262280387873
15,10,15.25248495085999
15,11,14.149280727345404
15,12,10.664055388232397
15,13,9.6020094504307
15,14,3.807072581428786
15,16,3.80074341781334
15,17,6.600284185156764
15,18,9.861450837980472
15,19,13.357804413044006
15,20,16.69672567426802
15,21,20.16080437891732
15,22,21.927502149091556
15,23,25.58613769764295
15,24,26.47598767821261
15,25,29.34777637409386
15,26,31.227816389329053
15,27,31.570568170076108
15,28,31.9421958456759
15,29,28.89515237376918
15,30,25.275659408203897
15,31,22.26609727141408
15,32,18.795478013644246
15,33,16.263609868863405
15,34,12.987255627797614
15,35,10.774011018395136
15,36,7.1089342232083945
15,37,5.8343567335119175
15,38,4.710059838974026
15,39,6.769105215779067
15,40,14.363700363507114
15,41,14.39828769086225
15,42,16.141005608636334
15,43,15.72402668040673
15,44,17.95854326128969
15,45,17.260800987258857
15,46,20.44050490170097
15,47,22.155758499597233
15,48,25.612268308608005
15,49,28.78276391534536
15,50,32.33698783705779
15,51,36.00444409199025
15,52,39.19549650333306
15,53,41.66308960644603
15,54,44.77247823451448
15,55,43.61938596271487
15,56,40.686213329159344
15,57,42.406866867120584
15,58,42.5622379979118
15,59,38.933582209984614
15,60,37.87877432999888
15,61,40.11118807611504
15,62,38.48117403107654
15,63,34.869408969665685
15,64,35.77044050918909
15,65,36.95436120350573
15,66,33.8426043249702
15,67,31.639975753464345
15,68,34.15028584226177
15,69,34.0582543596732
15,70,30.290138767181276
15,71,30.058475902365338
15,72,28.38280644458881
15,73,29.64626737263962
15,74,28.95595457587624
15,75,30.445765591101
15,76,32.012898484158825
15,77,32.30153821309601
15,78,33.974950816374964
15,79,34.02430068591374
15,80,36.97833720009289
15,81,36.11506874946817
15,82,33.35181177440465
15,83,35.09133802381534
15,84,31.9191396097235
15,85,31.91881528107455
15,86,28.789930013367393
15,87,28.13223274686843
15,88,25.454929616039184
15,89,24.52146034856453
15,90,23.566732092836027
16,1,35.1930525867645
16,2,32.80331783259668
16,3,29.240703334569535
16,4,27.15142514917676
16,5,23.504521717304286
16,6,22.160161136194226
16,7,19.163039313040514
16,8,16.959111527566183
16,9,15.249639613856802
16,10,11.584411369249764
16,11,10.396462974632856
16,12,6.923195252363667
16,13,6.524158521388766
16,14,6.6137105803817064
16,15,3.80074341781334
16,17,3.800827435534562
16,18,6.488059811034296
16,19,10.193072007256045
16,20,13.421040944157438
16,21,17.030234128750926
16,22,19.07979727160479
16,23,22.822427396482542
16,24,24.105351117732912
16,25,27.233762360822926
16,26,28.831629768752364
16,27,28.86313393245971
16,28,29.045971231962344
16,29,26.136902677207818
16,30,22.428795911730965
16,31,19.664671782160024
16,32,16.07769133185273
16,33,13.85498167436618
16,34,11.023957407622632
16,35,8.64600270425987
16,36,5.668874394305704
16,37,5.029521839089506
16,38,6.367544727625176
16,39,8.496703119468023
16,40,11.072350113784456
16,41,10.88462386937796
16,42,12.401701509573835
16,43,12.113815743019893
16,44,14.514442488715853
16,45,14.206431842757441
16,46,17.6528654883683
16,47,19.796715846571015
16,48,23.31070501032126
16,49,26.6262538648326
16,50,30.191373099591463
16,51,33.77622384242852
16,52,36.9915128264922
16,53,39.230215632428475
16,54,42.24994604254649
16,55,40.870954830167804
16,56,37.80688669482009
16,57,39.40861387918582
16,58,39.74350435052734
16,59,36.18669323658467
16,60,34.90431179634198
16,61,37.179758521843375
16,62,35.78321906080528
16,63,32.09799388265924
16,64,32.80262190019979
16,65,34.1939848526297
16,66,31.25854996917216
16,67,28.8280471967338
16,68,31.3069817623505
16,69,31.52430583016145
16,70,27.813479241814626
16,71,27.322947523181373
16,72,25.41351514125795
16,73,26.403483619469462
16,74,25.502804852251103
16,75,26.892093291177744
16,76,28.588318896747577
16,77,28.90545524254141
16,78,30.761712466555938
16,79,30.958238461367934
16,80,34.069507459734744
16,81,33.378235801506186
16,82,30.7437124481199
16,83,32.37890524365971
16,84,29.11339822927723
16,85,28.908027448029706
16,86,25.63602806635528
16,87,24.866992027559718
16,88,22.00892172027759
16,89,21.04052985009073
16,90,19.929400028389672
17,1,35.80663637988892
17,2,33.16466793978401
17,3,29.51258797797502
17,4,27.0180686658359
17,5,23.414550410212563
17,6,21.523037445789445
17,7,18.411118619741757
17,8,15.628291251285225
17,9,13.787802208727694
17,10,10.011501667836667
17,11,8.400802719325435
17,12,5.56997924947051
17,13,5.510284295979906
17,14,10.006550386454768
17,15,6.600284185156764
17,16,3.800827435534562
17,18,3.7857230578313215
17,19,7.1600533108058615
17,20,10.767216129465417
17,21,14.141314825598405
17,22,16.446935593233373
17,23,20.121265050130585
17,24,21.28207515574229
17,25,24.496009690436367
17,26,25.85901522726036
17,27,26.0511074552885
17,28,25.992213396799347
17,29,22.916788752070016
17,30,19.264133670021355
17,31,16.335627040428754
17,32,12.671549495977134
17,33,10.79202588166843
17,34,7.909188656607653
17,35,6.52764983963448
17,36,4.851225414647302
17,37,6.7000349784336874
17,38,9.048598766715573
17,39,11.89185915201346
17,40,9.725665114137724
17,41,10.434381757367962
17,42,11.643124968415998
17,43,11.942184447783145
17,44,14.23576753719901
17,45,14.075924471129776
17,46,17.651462183527876
17,47,19.91622942845013
17,48,23.598469496358582
17,49,26.77552570531085
17,50,30.447626950306024
17,51,33.94502117319233
17,52,37.31759509271096
17,53,39.35308764307374
17,54,42.404093077386655
17,55,40.85593523436287
17,56,37.742227031970366
17,57,38.997152169479776
17,58,39.3225937362494
17,59,35.900135346482365
17,60,34.30315924001636
17,61,36.3297569602654
17,62,35.08019949063376
17,63,31.402319393441392
17,64,31.696641599561328
17,65,32.99134445224295
17,66,30.244249109999032
17,67,27.554895431838194
17,68,29.67519611304618
17,69,29.973664129648558
17,70,26.292656455814118
17,71,25.39246069468313
17,72,23.70275285518353
17,73,24.454052275797334
17,74,23.761406336990532
17,75,25.474883845332794
17,76,27.572609796854262
17,77,28.32128021284312
17,78,30.55899392635333
17,79,31.202472815993733
17,80,34.484423262825274
17,81,34.18983336473522
17,82,31.60649051820792
17,83,32.88215323660986
17,84,29.414204643921163
17,85,28.714886508746527
17,86,25.22740363820082
17,87,23.91901196163154
17,88,20.842264963831443
17,89,19.273973321204895
17,90,17.810573721867975
18,1,33.13022248059343
18,2,30.294643832859695
18,3,26.63993185460709
18,4,23.925567634278554
18,5,20.349108866443174
18,6,18.234232488467867
18,7,15.016792344279732
18,8,12.011122270019753
18,9,10.143258549083393
18,10,6.426943891322587
18,11,5.361134073331095
18,12,4.065455051728695
18,13,6.359624180379809
18,14,13.089060981048002
18,15,9.861450837980472
18,16,6.488059811034296
18,17,3.7857230578313215
18,19,3.779572436301381
18,20,7.117332639364603
18,21,10.667401944578295
18,22,13.111641554084931
18,23,16.84582534788814
18,24,18.4148249864273
18,25,21.82194253650453
18,26,22.976725521637224
18,27,22.823300772007144
18,28,22.727783062763613
18,29,19.865377442921975
18,30,16.126179072421806
18,31,13.572503463974874
18,32,9.931835653430973
18,33,8.310282866653314
18,34,6.5952301686973955
18,35,5.126948611149069
18,36,5.7058344986050225
18,37,7.854110035836419
18,38,11.175904215946025
18,39,13.891337640972724
18,40,8.929750429259869
18,41,9.12946447665275
18,42,9.184229839101492
18,43,9.299891598199743
18,44,11.186549994235516
18,45,11.162523745337653
18,46,14.773834746790499
18,47,17.264382212637123
18,48,20.941073924303282
18,49,24.092467471790115
18,50,27.745626093327264
18,51,31.122318331740324
18,52,34.52815340054109
18,53,36.360523260939345
18,54,39.36446402185703
18,55,37.675816214152846
18,56,34.520553690215415
18,57,35.60242259635992
18,58,35.9826479633265
18,59,32.65028085198691
18,60,30.87426064309405
18,61,32.843682042999504
18,62,31.748119094883595
18,63,28.057011878460628
18,64,28.163867715679054
18,65,29.552627479214138
18,66,26.96183583744431
18,67,24.11028663661631
18,68,26.16820023407944
18,69,26.686444081136372
18,70,23.084549968572805
18,71,21.98733151857888
18,72,20.144460805178635
18,73,20.73345006814488
18,74,19.99092390216974
18,75,21.76089915663507
18,76,23.953739479520426
18,77,24.880495071545287
18,78,27.28088621567854
18,79,28.186677971271337
18,80,31.54525551399319
18,81,31.53749105913264
18,82,29.006353020540985
18,83,30.019504806767756
18,84,26.451476187065328
18,85,25.46645412985031
18,86,21.885131461728477
18,87,20.356949979577227
18,88,17.20529212914245
18,89,15.5056751254395
18,90,14.067849099180497
19,1,32.481102580742984
19,2,29.458110961125215
19,3,25.79005618890161
19,4,22.719669609649515
19,5,19.35681825728426
19,6,16.697220170624227
19,7,13.603795612401017
19,8,10.140701501463703
19,9,8.62002111302605
19,10,5.661048020470348
19,11,5.498702168563306
19,12,6.6540846245690455
19,13,9.298089072996586
19,14,16.742103811143387
19,15,13.357804413044006
19,16,10.193072007256045
19,17,7.1600533108058615
19,18,3.779572436301381
19,20,3.770767993027993
19,21,6.992476608537027
19,22,9.621736963815003
19,23,13.27974758918666
19,24,14.914966495845736
19,25,18.44204906747511
19,26,19.351066983710112
19,27,19.17333483357462
19,28,18.971290049647603
19,29,16.09118490972655
19,30,12.350809377068252
19,31,9.89246744847586
19,32,6.308357600688793
19,33,5.239977368791387
19,34,5.179302204401336
19,35,5.2608260083608345
19,36,7.888375899889623
19,37,10.636898432083646
19,38,14.207889873159466
19,39,17.122712990238593
19,40,10.470432493561447
19,41,10.88400058402967
19,42,9.917881525609026
19,43,10.096582549255382
19,44,11.103833136617464
19,45,10.987651172211999
19,46,14.25498748060793
19,47,16.643722419367226
19,48,20.295238577446735
19,49,23.15283590666012
19,50,26.80724936086097
19,51,30.011459317950653
19,52,33.5231243634187
19,53,35.13190007691008
19,54,38.149839135436444
19,55,36.351556456534034
19,56,33.229792304840025
19,57,33.939593814258124
19,58,34.24212891123354
19,59,31.08489347065061
19,60,29.050736901044864
19,61,30.712485003960566
19,62,29.74138922530602
19,63,26.128749002840962
19,64,25.838900558858473
19,65,27.085295857978195
19,66,24.715089692050196
19,67,21.664194731565445
19,68,23.346646302804555
19,69,23.94626157133698
19,70,20.444372233542694
19,71,18.960931976384675
19,72,17.350438686317645
19,73,17.754528568842897
