1,2,3.815961148614394
1,3,6.951404106480961
1,4,9.615176647372778
1,5,13.178157520310474
1,6,16.295041163219622
1,7,19.856490360428488
1,8,22.50286728630363
1,9,25.907547368640234
1,10,29.488446783062724
1,11,32.55836264888911
1,12,35.677292480231024
1,13,39.160285065622055
1,14,41.19689401560288
1,15,44.9388359456629
1,16,47.32405304052293
1,17,47.12300136508582
1,18,50.122891424340075
1,19,50.195096396220855
1,20,53.59477061787781
1,21,56.5282908241588
1,22,55.04401858999323
1,23,52.41731519295295
1,24,50.3309174075666
1,25,48.216025267205765
1,26,46.65982957086915
1,27,44.671600233875054
1,28,43.040229755674034
1,29,42.77581986765952
1,30,39.77469077901272
1,31,39.41982372155519
1,32,36.55281727307646
1,33,35.85797865895669
1,34,33.63089976529062
1,35,32.68509249334594
1,36,34.54962485054383
1,37,33.923309333685104
1,38,31.06447890945113
1,39,32.467934971105834
1,40,36.01392132852933
1,41,37.077078903654304
1,42,36.49682998306076
1,43,38.88504827885307
1,44,39.83196055180414
1,45,38.61970834025084
1,46,39.13171837037926
1,47,38.01230129440004
1,48,39.851693773406346
1,49,38.89822343800827
1,50,40.88100512624728
1,51,40.83391754911592
1,52,43.54980990869369
1,53,45.488988930678545
1,54,42.905444625034555
1,55,40.72099359508946
1,56,37.20423523757328
1,57,34.27620173108481
1,58,30.706899221878704
1,59,29.095524228480414
1,60,25.299293176372284
1,61,22.876566108214824
1,62,19.21597364317138
1,63,16.203003939613374
1,64,12.429115796260735
1,65,9.65229757416118
1,66,5.938825802241221
1,67,5.339610707821701
1,68,4.810581619743967
1,69,7.893763730258703
1,70,10.711773680914787
1,71,12.890816590202366
1,72,11.013392637060265
1,73,10.843774976385362
1,74,14.436938149695377
1,75,15.602734597490572
1,76,14.329443347741897
1,77,15.979241896495404
1,78,18.99271829265114
1,79,19.68336730281565
1,80,19.239830054380615
1,81,21.72990994122708
1,82,24.210770181905957
1,83,24.20589066536719
1,84,24.99366125676314
1,85,27.523736103960072
1,86,25.80907142087771
1,87,26.960239621475772
1,88,27.5225126695502
1,89,26.539229553528223
1,90,22.861906578244085
1,91,21.320333447304993
1,92,18.04313615579015
1,93,17.566409478960825
1,94,15.013334084293552
1,95,15.799466588671415
1,96,14.767921898946472
1,97,12.216989638247545
1,98,14.839603201030501
1,99,16.69854161028935
1,100,20.226925107279488
1,101,22.72989156686961
1,102,26.270620722633435
1,103,29.40045036555125
1,104,32.91684903325178
1,105,32.49767733226129
1,106,35.746283674825435
1,107,37.45260440321341
1,108,36.39391219898259
2,1,3.815961148614394
2,3,3.814829330218715
2,4,6.383319540779036
2,5,10.001304646413644
2,6,13.357639020837887
2,7,16.74779844025216
2,8,19.680846196090695
2,9,22.887343211475596
2,10,26.56309022750332
2,11,29.448688340494936
2,12,32.606964861437895
2,13,35.99177005964874
2,14,38.01566344006284
2,15,41.75094850439127
2,16,44.173594052516876
2,17,44.1545973080409
2,18,47.270675438608386
2,19,47.44071914846239
2,20,50.919465699682824
2,21,53.74874320146004
2,22,52.12174078210013
2,23,49.376808465357946
2,24,47.22130594240126
2,25,44.97019531743937
2,26,43.50370382760128
2,27,41.631363471490424
2,28,39.95450421363775
2,29,39.833549070653014
2,30,36.808633799656526
2,31,36.58558653601119
2,32,33.78295635275305
2,33,33.32123641405183
2,34,31.36338631023113
2,35,30.681073926898357
2,36,32.85836702791563
2,37,32.44613595433004
2,38,29.573382913549423
2,39,30.81979469174259
2,40,34.360704709318355
2,41,35.215574652790835
2,42,34.39392096656207
2,43,36.6947298411551
2,44,37.40696463148982
2,45,36.18918686990285
2,46,36.52421656318302
2,47,35.335562621382714
2,48,37.0570458435271
2,49,35.91371579941353
2,50,37.87771870270785
2,51,37.67829022686138
2,52,40.4323790776089
2,53,41.89436673983089
2,54,39.40402649626349
2,55,37.27839147342868
2,56,33.81750088831808
2,57,30.978187569267767
2,58,27.4384545385278
2,59,26.063091869709766
2,60,22.268761471896
2,61,20.16073275382482
2,62,16.428976196820603
2,63,13.857048622651321
2,64,10.1319671750214
2,65,8.208946746401267
2,66,5.359672125324999
2,67,5.353868308138757
2,68,5.7926088823822015
2,69,7.102060794520015
2,70,8.769967404977328
2,71,11.781309351767955
2,72,10.616769274494098
2,73,9.400175738324315
2,74,12.723610504854566
2,75,14.715461375004518
2,76,13.498507565079192
2,77,14.275858778756847
2,78,17.435910040240767
2,79,18.717721401918688
2,80,17.987839136346626
2,81,19.96864243860902
2,82,22.809986056121847
2,83,23.16515204380399
2,84,23.515520363030355
2,85,25.803881594331113
2,86,23.68823912058543
2,87,24.70132405116309
2,88,24.90575211592755
2,89,23.71687059157051
2,90,20.036916352948616
2,91,18.20518598264341
2,92,14.845268632932925
2,93,14.057680597708126
2,94,11.709365015780753
2,95,12.29534026567044
2,96,10.986481413539597
2,97,8.546724953464025
2,98,11.258512516177792
2,99,13.508381415468191
2,100,17.027658126472836
2,101,19.83815408758172
2,102,23.24384206853191
2,103,26.549048909546475
2,104,29.942903303460028
2,105,29.269470815156474
2,106,32.550308564937446
2,107,34.19552311539839
2,108,32.94951494285318
3,1,6.951404106480961
3,2,3.814829330218715
3,4,3.800328605695433
3,5,6.739662679896553
3,6,10.314211993916908
3,7,13.51639285386014
3,8,16.578151894503133
3,9,19.71979817030387
3,10,23.414384552706345
3,11,26.304155003474378
3,12,29.30812323927927
3,13,32.72143193892602
3,14,34.58679756746386
3,15,38.29580269123926
3,16,40.61242411896706
3,17,40.518034339508475
3,18,43.60601524801686
3,19,43.702983033547035
3,20,47.16721363120137
3,21,50.020749561643555
3,22,48.43822014007014
3,23,45.7337569728401
3,24,43.54980661793048
3,25,41.35213894438432
3,26,39.80777720953944
3,27,37.9166044989514
3,28,36.31907674493659
3,29,36.24894732814487
3,30,33.315204150103284
3,31,33.24233403244503
3,32,30.588626817637984
3,33,30.33497700108579
3,34,28.411965726139794
3,35,28.043703324230943
3,36,30.2857336187865
3,37,30.231779339871633
3,38,27.585587484851587
3,39,29.025364566991847
3,40,32.409918151926085
3,41,32.91444651502246
3,42,31.78411895446655
3,43,33.843565754494485
3,44,34.33471771771345
3,45,32.91549912717159
3,46,33.06859110651938
3,47,31.729917575336977
3,48,33.359715290462034
3,49,32.19344883639018
3,50,34.120770030826115
3,51,33.9716992691647
3,52,36.72948785320104
3,53,38.83072531960549
3,54,36.28435619834696
3,55,33.98523267465329
3,56,30.53688024182755
3,57,27.557266354323026
3,58,24.074866960568485
3,59,22.538312491592144
3,60,18.745139152981235
3,61,16.555738070603784
3,62,12.791179206906252
3,63,10.317595564784872
3,64,6.6643629894931
3,65,5.81791986395219
3,66,4.6817985692149655
3,67,6.567526344143477
3,68,8.659426555079712
3,69,9.309454352434358
3,70,9.587826476699671
3,71,12.709859496769154
3,72,11.47938230330689
3,73,9.033601858128906
3,74,12.147351788029146
3,75,14.399784917771195
3,76,12.569882498440482
3,77,12.519047780066328
3,78,16.029246483439113
3,79,17.35705097663775
3,80,15.956745811957694
3,81,17.713671308491016
3,82,20.89826874681001
3,83,21.13933351424143
3,84,20.97228118051829
3,85,23.32340787948076
3,86,21.121497471920208
3,87,22.44051863812819
3,88,22.69046006825097
3,89,21.776458734889786
3,90,18.29442146854381
3,91,16.653296320187675
3,92,13.634767741136555
3,93,12.927725306761815
3,94,11.536919426846406
3,95,11.911002706894845
3,96,9.509324010997238
3,97,7.293479902607116
3,98,8.986740597634473
3,99,11.383476388095024
3,100,14.518714959663486
3,101,17.382188916088513
3,102,20.58849089057815
3,103,23.858892219577402
3,104,27.24999979783478
3,105,26.632381830242252
3,106,30.08231366206628
3,107,31.42855605991396
3,108,30.178651674861893
4,1,9.615176647372778
4,2,6.383319540779036
4,3,3.800328605695433
4,5,3.789780296234674
4,6,7.013657468922458
4,7,10.399162194811934
4,8,13.345623228560944
4,9,16.5088198646454
4,10,20.18773114141143
4,11,23.075580732100565
4,12,26.25372280428318
4,13,29.65312222618726
4,14,31.759940188340572
4,15,35.51791574447563
4,16,38.04065900493357
4,17,38.07063967643033
4,18,41.22880058868408
4,19,41.594493098360495
4,20,45.13907935596088
4,21,47.855001813183506
4,22,46.11588215680232
4,23,43.322732542895785
4,24,41.29964243778353
4,25,39.08575113457549
4,26,37.81130757217109
4,27,35.806297744332994
4,28,33.92221127971947
4,29,33.67309376369228
4,30,30.554592258386716
4,31,30.258695573895018
4,32,27.439589084663666
4,33,27.07009796252427
4,34,25.28777398047231
4,35,24.847669265118153
4,36,27.292733725069297
4,37,27.169622293539508
4,38,24.407391649728883
4,39,25.623962524840433
4,40,29.039897354454887
4,41,29.56704859256089
4,42,28.470766177749926
4,43,30.65419556537304
4,44,31.205196440098234
4,45,30.029889045498823
4,46,30.351509054021196
4,47,29.286570547066425
4,48,31.12135277668012
4,49,30.073784741542013
4,50,32.28536422242129
4,51,32.27731679322082
4,52,35.28222445067154
4,53,35.9658734445237
4,54,33.31497603947381
4,55,31.177451569481132
4,56,27.6363518569684
4,57,24.810019594930043
4,58,21.201274130859158
4,59,19.871625204825925
4,60,16.094646401149873
4,61,14.227283956609094
4,62,10.601108123464126
4,63,8.605909990684518
4,64,5.558186736618558
4,65,5.504702593463847
4,66,6.2063392084936115
4,67,7.099131517407976
4,68,9.492083098917973
4,69,8.801769711499027
4,70,7.57904396134812
4,71,10.597347076317988
4,72,9.920333472435209
4,73,6.724317740163819
4,74,9.099341701456964
4,75,11.83994122949672
4,76,10.32052581713524
4,77,9.493235137930283
4,78,12.847107961301425
4,79,14.690529900348698
4,80,13.39965305656406
4,81,14.627501067428804
4,82,17.88804364655107
4,83,18.60504184563899
4,84,18.350217456141667
4,85,20.316029711465017
4,86,17.84513270598791
4,87,18.88073095635736
4,88,18.96324022382274
4,89,17.981307971131066
4,90,14.499923747065838
4,91,12.994652317716616
4,92,10.207950593042641
4,93,10.12262761096375
4,94,9.46784086515455
4,95,10.645551861012661
4,96,8.087646648091425
4,97,5.102467986338292
4,98,5.76983338590668
4,99,7.642714625593944
4,100,10.867560670618289
4,101,13.682345677430352
4,102,16.981516979305106
4,103,20.280778555904455
4,104,23.670577059794397
4,105,23.08621838755333
4,106,26.469493932575244
4,107,27.965669310157136
4,108,26.855996318038013
5,1,13.178157520310474
5,2,10.001304646413644
5,3,6.739662679896553
5,4,3.789780296234674
5,6,3.7817438384670794
5,7,6.791403153005463
5,8,9.964373602600737
5,9,12.993290265345658
5,10,16.708077808211765
5,11,19.573030583059673
5,12,22.63178057222742
5,13,26.050813429316324
5,14,28.055016230179532
5,15,31.802236955825045
5,16,34.27873953299465
5,17,34.28654631036976
5,18,37.45114636141414
5,19,37.82994891343773
5,20,41.391184820563396
5,21,44.08149980932396
5,22,42.32799462799607
5,23,39.537126578222015
5,24,37.52205525562902
5,25,35.34400088755392
5,26,34.07857700526047
5,27,32.03187728268464
5,28,30.13780062171044
5,29,29.90559248613049
5,30,26.823530367392458
5,31,26.644002082880828
5,32,23.951954407255542
5,33,23.822297889121003
5,34,22.17362702799844
5,35,22.12052419761394
5,36,24.71809994476014
5,37,24.99994537456529
5,38,22.500618407237855
5,39,23.822241754615888
5,40,27.02094189909486
5,41,27.142510745995803
5,42,25.692091951722833
5,43,27.617467419198903
5,44,27.906128741760067
5,45,26.580832741660213
5,46,26.72545309894496
5,47,25.57028735295256
5,48,27.354502783624845
5,49,26.29648738591225
5,50,28.559258135115364
5,51,28.63534180574773
5,52,31.72093945220477
5,53,32.605078128385685
5,54,29.874631562564392
5,55,27.60076951083234
5,56,24.049467695195933
5,57,21.117799470878946
5,58,17.53008653337559
5,59,16.105070171927512
5,60,12.321687048352377
5,61,10.560171432360805
5,62,6.973113546822415
5,63,5.8012173613894324
5,64,4.301662782401601
5,65,6.5412623161623795
5,66,8.87699087250378
5,67,10.369611213700729
5,68,13.124147265925705
5,69,12.204265377438961
5,70,10.210866561987627
5,71,12.803333125665906
5,72,12.304942650621424
5,73,8.608903477868152
5,74,9.936876131207034
5,75,12.718292660497317
5,76,10.888420893777948
5,77,8.81565317982908
5,78,12.152592883795874
5,79,14.128863323091183
5,80,12.151018975442968
5,81,12.71987182567503
5,82,16.32954555079476
5,83,17.085398275065828
5,84,16.136822931282133
5,85,17.95265486560198
5,86,15.272244638878577
5,87,16.54970469654156
5,88,16.574723767183446
5,89,15.914517581542185
5,90,12.837979421099702
5,91,11.695897400322561
5,92,9.747187418474333
5,93,9.957630744837932
5,94,10.695920489851062
5,95,11.635867506260185
5,96,8.398203847989292
5,97,6.435513063851105
5,98,4.6387975856273815
5,99,6.029147447796266
5,100,8.251647667981992
5,101,11.070569429144292
5,102,14.023704102646377
5,103,17.27929904665991
5,104,20.623095645608974
5,105,20.087616039154792
5,106,23.632566000303502
5,107,24.811829903814967
5,108,23.72341073498544
6,1,16.295041163219622
6,2,13.357639020837887
6,3,10.314211993916908
6,4,7.013657468922458
6,5,3.7817438384670794
6,7,3.778339715489899
6,8,6.333876199982814
6,9,9.613256032558676
6,10,13.224427828232447
6,11,16.28142850472345
6,12,19.419371264153874
6,13,22.920606554680774
6,14,25.136804053670527
6,15,28.9192633424504
6,16,31.54978311832228
6,17,31.528744858105558
6,18,34.669295036473585
6,19,35.26881353160372
6,20,38.853675052903874
6,21,41.45298948043313
6,22,39.63803075099832
6,23,36.85530869197797
6,24,35.08195877632943
6,25,33.033988295552916
6,26,32.00211398103981
6,27,29.72552906588332
6,28,27.558373301795942
6,29,27.011139120247062
6,30,23.773148593466946
6,31,23.2928900486524
6,32,20.43018562953906
6,33,20.123772211848685
6,34,18.49095478328497
6,35,18.422314863367685
6,36,21.148591268070508
6,37,21.500053040304152
6,38,19.065416334634463
6,39,20.35351851607988
6,40,23.444969665077053
6,41,23.43903732949408
6,42,21.935869316549343
6,43,23.8972704604847
6,44,24.258659958297393
6,45,23.10825259396615
6,46,23.479659697758844
6,47,22.649531920895477
6,48,24.7341758541063
6,49,23.984204530767066
6,50,26.59226135865816
6,51,27.00675301314055
6,52,30.33333810098999
6,53,30.21735398766567
6,54,27.258173228191623
6,55,25.039215695218058
6,56,21.35748622895338
6,57,18.484234078111232
6,58,14.776885394146571
6,59,13.307163360672304
6,60,9.634309559852761
6,61,8.119997783728566
6,62,5.332482384504213
6,63,5.365352187958572
6,64,6.126485774768986
6,65,8.469572023279136
6,66,11.503849248458407
6,67,12.630647943175852
6,68,15.528617908679221
6,69,14.20972459850467
6,70,11.565366727352659
6,71,13.321110652487477
6,72,13.018724164439188
6,73,9.270503245018467
6,74,9.3186124087914
6,75,11.844374490931417
6,76,10.150001113666212
6,77,7.018797091862205
6,78,9.822823587548248
6,79,11.998833116970838
6,80,9.836089760172657
6,81,9.546306794283614
6,82,13.26463514523821
6,83,14.342657859409597
6,84,13.067293489897832
6,85,14.488382301987892
6,86,11.605321161780692
6,87,12.891001390264899
6,88,13.02717414757021
6,89,12.80565641197204
6,90,10.147312652051292
6,91,9.929547687454765
6,92,9.216483411356393
6,93,10.543776803961231
6,94,12.256179089713125
6,95,13.728314805300556
6,96,10.751074286258786
6,97,8.898271670259609
6,98,5.817155787422568
6,99,4.769304115535363
6,100,5.528852749593884
6,101,7.632545885739053
6,102,10.5847507848854
6,103,13.646335934188617
6,104,17.106913187121037
6,105,16.927202924440486
6,106,20.47331221883749
6,107,21.640141637398795
6,108,20.92665312884494
7,1,19.856490360428488
7,2,16.74779844025216
7,3,13.51639285386014
7,4,10.399162194811934
7,5,6.791403153005463
7,6,3.778339715489899
7,8,3.7991206292794595
7,9,6.22738908364662
7,10,9.979701662860938
7,11,12.799808366033107
7,12,15.86177332767026
7,13,19.305128722780328
7,14,21.43980418281538
7,15,25.217723707923376
7,16,27.855817928071428
7,17,27.96096159506136
7,18,31.192144315495888
7,19,31.893459974641424
7,20,35.53865287309016
7,21,38.027743687271624
7,22,36.09680356662163
7,23,33.230780846375794
7,24,31.432152989605747
7,25,29.322799133400153
7,26,28.39593274653574
7,27,26.158418288508404
7,28,23.915701622294335
7,29,23.472977068543987
7,30,20.232634995122908
7,31,19.957151443757937
7,32,17.284177350048775
7,33,17.450447556620354
7,34,16.27705060423241
7,35,16.863129952022934
7,36,19.888074923754033
7,37,20.759397756092305
7,38,18.69443932928387
7,39,19.862360529523283
7,40,22.59945361075345
7,41,22.069280369713123
7,42,20.084517496277144
7,43,21.67281462663646
7,44,21.574866908124303
7,45,20.307830283511795
7,46,20.360450858504972
7,47,19.42600261835978
7,48,21.374355020995093
7,49,20.489287708458665
7,50,23.160236153067142
7,51,23.56545368710836
7,52,26.99446838068087
7,53,26.565391755982777
7,54,23.57985804075274
7,55,21.281415737474614
7,56,17.60957282857962
7,57,14.711839263293243
7,58,11.01111257213268
7,59,9.722435169807422
7,60,6.125625572167674
7,61,5.7400064516465745
7,62,4.38559739063301
7,63,6.849274756767716
7,64,8.979094373685408
7,65,11.920589735729807
7,66,15.091321817582926
7,67,16.392610516319316
7,68,19.230852255273174
7,69,17.7290819482308
7,70,14.827077003926975
7,71,16.504250588778554
7,72,16.550121789361032
7,73,12.880623384064867
7,74,12.324491049770186
7,75,14.78802291280615
7,76,13.300928942843997
7,77,9.756957497406749
7,78,11.755106294119821
7,79,13.997580799273816
7,80,11.580980391467856
7,81,10.212584345588054
7,82,13.896709859882368
7,83,15.161866002931829
7,84,13.066554413327008
7,85,13.889798204192466
7,86,10.672848685343794
7,87,11.917358476384736
7,88,11.58800095557703
7,89,11.607028201931033
7,90,9.862659062891488
7,91,9.948804403614123
7,92,10.319190449650932
7,93,11.505994239934493
7,94,14.082468545068583
7,95,15.135937994716299
7,96,12.107488644156334
7,97,11.270290439542816
7,98,7.617416856259356
7,99,6.373197169016002
7,100,4.643842751373524
7,101,6.308605201639244
7,102,8.074139775911718
7,103,11.10241596831367
7,104,14.282996898118602
7,105,13.948248953669342
7,106,17.65285799002901
7,107,18.409313865824245
7,108,17.597073253819854
8,1,22.50286728630363
8,2,19.680846196090695
8,3,16.578151894503133
8,4,13.345623228560944
8,5,9.964373602600737
8,6,6.333876199982814
8,7,3.7991206292794595
8,9,3.787169953531296
8,10,7.015444682361824
8,11,10.390541326961463
8,12,13.434904915516494
8,13,17.055022969550283
8,14,19.445854565687345
8,15,23.225026278263126
8,16,25.999201853984903
8,17,25.926751123664353
8,18,29.024980444067623
8,19,29.940430138459575
8,20,33.54799785609826
8,21,35.97607996311174
8,22,34.06679202262569
8,23,31.306728813446195
8,24,29.875274659674133
8,25,28.056539536687055
8,26,27.37113043879338
8,27,24.786662641697713
8,28,22.252431109229377
8,29,21.276602456772792
8,30,17.87269891016822
8,31,17.070115493934505
8,32,14.107791199579413
8,33,13.875741220990271
8,34,12.536543577139582
8,35,13.080992977199227
8,36,16.17076491879974
8,37,17.166754793554194
8,38,15.319637298017614
8,39,16.58163120223967
8,40,19.079631290774433
8,41,18.35302871396154
8,42,16.303366044205195
8,43,17.92797413169789
8,44,18.021058500257453
8,45,16.95835552902147
8,46,17.441090705573743
8,47,17.028435106451422
8,48,19.469112188446395
8,49,19.17572149011162
8,50,22.26185867045045
8,51,23.207809154689702
8,52,26.827540382269138
8,53,25.58546499665067
8,54,22.285192104370534
8,55,20.036378698781373
8,56,16.248461608234074
8,57,13.445576886985062
8,58,9.768687270230979
8,59,8.18489829525157
8,60,5.390582174584023
8,61,5.4316345545664095
8,62,6.26174476976066
8,63,8.6274251613523
8,64,11.387716507210067
8,65,13.949083979350743
8,66,17.384096941167552
8,67,18.484195459471437
8,68,21.451473332673405
8,69,19.897459356399523
8,70,16.852956737336324
8,71,17.78931374551452
8,72,17.74452753202995
8,73,14.319964766325963
8,74,13.103764988502475
8,75,14.873434165074148
8,76,13.501511407111746
8,77,9.754199551369645
8,78,10.771033556909256
8,79,12.687632175780355
8,80,10.266692697453367
8,81,7.946214573000425
8,82,11.30694747462426
8,83,12.728430417152007
8,84,10.249252012004261
8,85,10.48243042441771
8,86,7.1911581326063345
8,87,8.709276821294726
8,88,8.902976716757633
8,89,10.024979791989916
8,90,9.31730998820113
8,91,10.773681675878036
8,92,12.20270303138945
8,93,14.180533670749492
8,94,16.933848655117217
8,95,18.417892411057892
8,96,15.653674310106707
8,97,14.514457308991071
8,98,10.866374412703541
8,99,8.566013270650982
8,100,5.877472652230121
8,101,4.926820487336773
8,102,5.95303213999336
8,103,8.085867511592355
8,104,11.53318337142293
8,105,12.084441631146781
8,106,15.681345157463866
8,107,16.345069196352327
8,108,16.273332578124503
9,1,25.907547368640234
9,2,22.887343211475596
9,3,19.71979817030387
9,4,16.5088198646454
9,5,12.993290265345658
9,6,9.613256032558676
9,7,6.22738908364662
9,8,3.787169953531296
9,10,3.7904085777540377
9,11,6.721707487616747
9,12,9.861284610098282
9,13,13.38057326230605
9,14,15.838147838152949
9,15,19.632718303834842
9,16,22.530394688090944
9,17,22.728820184662048
9,18,25.977506665759712
9,19,27.13516466430857
9,20,30.825120164508256
9,21,33.03907260762694
9,22,30.915202487280148
9,23,28.002663940221193
9,24,26.59144069295875
9,25,24.663237773133257
9,26,24.248240060175107
9,27,21.73721900378484
9,28,18.990081324254735
9,29,18.096710611096587
9,30,14.592756845192172
9,31,13.953754617321241
9,32,11.177581140583749
9,33,11.656205891890556
9,34,11.269637251990565
9,35,12.68716852071414
9,36,16.089866943645685
9,37,17.579072939509594
9,38,16.17967612037066
9,39,17.047128906462746
9,40,19.048892823279445
9,41,17.76815718671208
9,42,15.209991999254425
9,43,16.352218353567476
9,44,15.815893013392206
9,45,14.784247438058998
9,46,14.88317954100804
9,47,14.508933053375834
9,48,16.793602268742397
9,49,16.35771645827931
9,50,19.566727114006174
9,51,20.489181864010305
9,52,24.223508650548016
9,53,21.865919930722058
9,54,18.51917396553906
9,55,16.29970973050012
9,56,12.500773433676178
9,57,9.872077320360072
9,58,6.2255878121794535
9,59,5.462119241261693
9,60,4.222784721835922
9,61,6.628163188731621
9,62,8.672569533042456
9,63,11.789866586559796
9,64,14.723470985786467
9,65,17.550117075337546
9,66,20.942608214271957
9,67,22.06375197485917
9,68,24.9023567844057
9,69,23.132066350747145
9,70,19.89678454430744
9,71,20.883025343918156
9,72,21.20402941798983
9,73,17.835140246995785
9,74,16.328821504517762
9,75,18.211925814250684
9,76,17.14681871394421
9,77,13.36301544101448
9,78,13.874501484895283
9,79,15.887804625144957
9,80,13.654201192713451
9,81,10.83781645419861
9,82,13.64095739705855
9,83,15.268279565980034
9,84,12.40039437921031
9,85,11.75781018924923
9,86,8.497068333260708
9,87,9.33668676855266
9,88,8.635464003643985
9,89,9.84006352418744
9,90,10.330028786838337
9,91,11.806433899780025
9,92,13.906643022410021
9,93,15.628600199365174
9,94,18.854927097269755
9,95,20.02483334206072
9,96,17.412673991512023
9,97,16.93425292679395
9,98,13.146010840943017
9,99,11.021525225815576
9,100,7.546809340717792
9,101,6.1834525112088805
9,102,4.60149671574076
9,103,6.062358687346115
9,104,8.760314136612955
9,105,9.094960589901364
9,106,12.784864408284516
9,107,12.92556794138284
9,108,12.811893726905184
10,1,29.488446783062724
10,2,26.56309022750332
10,3,23.414384552706345
10,4,20.18773114141143
10,5,16.708077808211765
10,6,13.224427828232447
10,7,9.979701662860938
10,8,7.015444682361824
10,9,3.7904085777540377
10,11,3.7883980320010626
10,12,6.662978596063673
10,13,10.270361168119322
10,14,12.98686534696559
10,15,16.71191064250065
10,16,19.759560671161207
10,17,19.91291991625508
10,18,23.07263665831552
10,19,24.544931805711354
10,20,28.202282406581116
10,21,30.235169129818882
10,22,28.04169235962604
10,23,25.178802539986464
10,24,24.140625742111045
10,25,22.47529677515559
10,26,22.424048234791236
10,27,19.67485965265623
10,28,16.59554610469392
10,29,15.203538362177305
10,30,11.532040150493541
10,31,10.3865404466499
10,32,7.422672230302238
10,33,8.111281836480881
10,34,8.450011196523237
10,35,10.566672293845036
10,36,14.02479406368302
10,37,15.955389750476177
10,38,15.18000964304856
10,39,15.890552705570531
10,40,17.218439267474604
10,41,15.364294921090368
10,42,12.394909997937514
10,43,13.086295998111758
10,44,12.217622426530127
10,45,11.410667396167833
10,46,11.681659603300208
10,47,11.943767070532406
10,48,14.562455722131096
10,49,14.6803550299076
10,50,18.218194666600372
10,51,19.602189962031257
10,52,23.427760713900533
10,53,19.988541904928397
10,54,16.382379379215152
10,55,14.263616420367544
10,56,10.543931198833123
10,57,8.372116382312525
10,58,5.623741881540365
10,59,5.3764537384208815
10,60,6.584488969075518
10,61,9.16474233284729
10,62,11.96249174631433
10,63,15.013022098352991
10,64,18.170985342742824
10,65,20.897475050553
10,66,24.386434024360454
10,67,25.452674502221512
10,68,28.32619405182016
10,69,26.511653881751343
10,70,23.20760416370528
10,71,23.84316028970422
10,72,24.1841733351677
10,73,20.993928929772974
10,74,19.183861120097177
10,75,20.670002941796167
10,76,19.750872138137506
10,77,16.04561115615936
10,78,15.91407173551001
10,79,17.589387084315504
10,80,15.536732303065149
10,81,12.318638261834636
10,82,14.317245514710544
10,83,15.940889442036589
10,84,12.846613185042623
10,85,11.343267258305994
10,86,8.67905004769934
10,87,9.232363913350257
10,88,8.64707605162494
10,89,10.691248590332792
10,90,12.34457794382277
10,91,14.401695462317388
10,92,17.017440295728772
10,93,18.94764944701078
10,94,22.29411664282629
10,95,23.548869995987133
10,96,21.082282530390962
10,97,20.628581128113368
10,98,16.843512848624776
10,99,14.48381048769003
10,100,10.884251468182434
10,101,8.65749944598835
10,102,5.8520170098959365
10,103,4.713406165169609
10,104,6.358002213278933
10,105,7.779336013727189
10,106,11.00788391963978
10,107,10.514285724576855
10,108,11.280422246008975
11,1,32.55836264888911
11,2,29.448688340494936
11,3,26.304155003474378
11,4,23.075580732100565
11,5,19.573030583059673
11,6,16.28142850472345
11,7,12.799808366033107
11,8,10.390541326961463
11,9,6.721707487616747
11,10,3.7883980320010626
11,12,3.812367189162707
11,13,6.877947108699966
11,14,9.919317045377042
11,15,13.620023210441229
11,16,16.927895951735522
11,17,17.63184428181404
11,18,20.999893462341532
11,19,22.839548309027258
11,20,26.556748665662617
11,21,28.23158767798302
11,22,25.711099312996357
11,23,22.606715923216708
11,24,21.59730251535929
11,25,19.71791548034714
11,26,20.139292486509607
11,27,17.64101323513273
11,28,14.280197979013145
11,29,13.106175388173039
11,30,9.376691434596971
11,31,8.549316854466637
11,32,6.28179879755523
11,33,8.260131363754546
11,34,10.106192156001434
11,35,12.700778058450659
11,36,16.113754162818054
11,37,18.214713607571653
11,38,17.725327590353814
11,39,17.91220959923001
11,40,18.79136104990597
11,41,16.615780502136193
11,42,13.442460382053628
11,43,13.541347757501544
11,44,11.870503636885307
11,45,11.356544688557257
11,46,11.009448492488099
11,47,11.387828754785467
11,48,13.48899171878836
11,49,13.314124536088295
11,50,16.794476353007845
11,51,17.982578970051115
11,52,21.809994403044712
11,53,16.296798025133356
11,54,12.650217813180605
11,55,10.768925034622155
11,56,7.1362470998865675
11,57,5.984129237920482
11,58,4.637175426148129
11,59,6.508698416250224
11,60,8.905284285677281
11,61,12.147013350677907
11,62,14.953614130664485
11,63,18.2866149747031
11,64,21.380672030168274
11,65,24.261846270996575
11,66,27.66261975494165
11,67,28.690908447136447
11,68,31.410720427689114
11,69,29.39150343414974
11,70,25.95447244559732
11,71,26.69638324394471
11,72,27.367394793593256
11,73,24.201483744354654
11,74,22.24029716450254
11,75,23.93816256351127
11,76,23.269905526104044
11,77,19.521875210242417
11,78,19.244613604240357
11,79,21.13292524210471
11,80,19.25953325843513
11,81,15.94216554826459
11,82,17.71887661166864
11,83,19.51738610207349
11,84,16.45712866795872
11,85,14.611620086111168
11,86,12.10941113555388
11,87,11.967490573804325
11,88,10.570736068876396
11,89,12.072204956876986
11,90,14.3007809892451
11,91,16.050794196585073
11,92,18.919341286286357
11,93,20.548318462635425
11,94,24.131813067249254
11,95,25.116860902366184
11,96,22.877658074767933
11,97,22.909734301797354
11,98,19.140800192222645
11,99,16.99146266621535
11,100,13.233060498980315
11,101,11.282151781997822
11,102,7.766165383992253
11,103,6.217361685064475
11,104,5.415885013376362
11,105,6.071019998646379
11,106,8.80807518944966
11,107,7.317805041836442
11,108,8.074838099492872
12,1,35.677292480231024
12,2,32.606964861437895
12,3,29.30812323927927
12,4,26.25372280428318
12,5,22.63178057222742
12,6,19.419371264153874
12,7,15.86177332767026
12,8,13.434904915516494
12,9,9.861284610098282
12,10,6.662978596063673
12,11,3.812367189162707
12,13,3.805531062846448
12,14,6.41827346356112
12,15,10.083902534004874
12,16,13.29875790331847
12,17,13.868002104517418
12,18,17.208540485023573
12,19,19.164548591792485
12,20,22.862005665866345
12,21,24.44855376396856
12,22,21.920576190666228
12,23,18.866860767670318
12,24,18.023266552280983
12,25,16.425268971486467
12,26,16.997183197221048
12,27,14.31550761425268
12,28,10.795670375735964
12,29,9.356904882594486
12,30,5.623099718373144
12,31,5.260447769606494
12,32,4.625750984286394
12,33,8.022249818484113
12,34,10.451280176724689
12,35,13.746663322353363
12,36,16.653019287680834
12,37,19.310906426916333
12,38,19.533995760835598
12,39,19.922479254555505
12,40,20.15003854883177
12,41,17.399161018964655
12,42,13.858329435098357
12,43,12.890858473594283
12,44,10.284863458049822
12,45,9.315353886864045
12,46,8.103539472017935
12,47,8.518931077297163
12,48,10.357969405523022
12,49,10.550537172593689
12,50,14.119349785007211
12,51,15.733688945064813
12,52,19.49182832759654
12,53,14.788099320302049
12,54,11.032174520289928
12,55,8.746975598908413
12,56,5.759865268077385
12,57,5.136086977314372
12,58,6.154316524944685
12,59,7.598202429387341
12,60,10.979937483443157
12,61,14.079853179302237
12,62,17.325286737450732
12,63,20.72397802909427
12,64,24.068299603293273
12,65,27.092533659906408
12,66,30.609489302555993
12,67,31.89115088654072
12,68,34.76127855666745
12,69,32.90880669420423
12,70,29.552007694455185
12,71,30.320442673264413
12,72,30.806373367724714
12,73,27.579019223840056
12,74,25.7620571669454
12,75,27.29410859458494
12,76,26.393448077065106
12,77,22.700887793910542
12,78,22.478720407564218
12,79,24.01375061808846
12,80,21.92618501525057
12,81,18.71581852311664
12,82,20.262831771916613
12,83,21.64618443770495
12,84,18.33500662971116
12,85,16.49637725608709
12,86,14.646261103692979
12,87,14.894871912062063
12,88,13.943703856707671
12,89,15.737832188590911
12,90,18.080893272013807
12,91,19.851206879832496
12,92,22.653907688936577
12,93,24.137225247787814
12,94,27.718732365987915
12,95,28.5042435732078
12,96,26.11760910751737
12,97,26.305812361325398
12,98,22.528342039475795
12,99,20.561643935057912
12,100,16.847628008095064
12,101,14.941592349768479
12,102,11.526594965895752
12,103,9.575551620526001
12,104,8.13412577338335
12,105,9.085979269804742
12,106,10.867770941198163
12,107,8.176825342968064
12,108,9.299973576392649
13,1,39.160285065622055
13,2,35.99177005964874
13,3,32.72143193892602
13,4,29.65312222618726
13,5,26.050813429316324
13,6,22.920606554680774
13,7,19.305128722780328
13,8,17.055022969550283
13,9,13.38057326230605
13,10,10.270361168119322
13,11,6.877947108699966
13,12,3.805531062846448
13,14,3.8031382581179116
13,15,7.025512353180909
13,16,10.650067178869449
13,17,11.992863002016819
13,18,15.41488561660939
13,19,17.88386766554378
13,20,21.505449046606902
13,21,22.565965567533087
13,22,19.668604219065106
13,23,16.392943618454773
13,24,15.787246951528184
13,25,14.108613774780949
13,26,15.449637145396272
13,27,13.147251567346238
13,28,9.391048225578825
13,29,8.180212834362164
13,30,5.189526217338199
13,31,5.486626645305445
13,32,6.6375546984215
13,33,10.116129294811962
13,34,13.218375934557104
13,35,16.492955932983254
13,36,19.20291622382669
13,37,21.868266650153977
13,38,22.311278493967574
13,39,22.323387145648343
13,40,22.156750729806856
13,41,19.24669520074424
13,42,15.786426377878557
13,43,14.365241748891863
13,44,11.288972201636732
13,45,10.839349044477771
13,46,9.232803308458802
13,47,9.906580335747208
13,48,10.85341300753844
13,49,10.91046785174205
13,50,14.053594830619502
13,51,15.487536852168788
13,52,19.006917742993885
13,53,11.762805448893427
13,54,8.009546476180258
13,55,6.299528164239756
13,56,4.851621328424629
13,57,6.560807872092383
13,58,8.93382754950517
13,59,11.01226113048831
13,60,14.47078466575717
13,61,17.721132922613037
13,62,20.90121308860171
13,63,24.38817729033611
13,64,27.679031160422717
13,65,30.75191144506249
13,66,34.21713601720998
13,67,35.44127283246942
13,68,38.20827806613172
13,69,36.21129663924103
13,70,32.766230316773616
13,71,33.541106835121674
13,72,34.240421185633444
13,73,31.060948304059053
13,74,29.107052195166208
13,75,30.716551081174885
13,76,30.002177247704864
13,77,26.290695210196922
13,78,25.90973456816924
13,79,27.549847122613436
13,80,25.6154479218412
13,81,22.30937763591426
13,82,23.66450953642112
13,83,25.174383919391065
13,84,21.936930449403892
13,85,19.859814166123204
13,86,18.116037077245615
13,87,17.969913632514313
13,88,16.674006157582024
13,89,18.180239629424797
13,90,20.8317490432213
13,91,22.464844895765438
13,92,25.41290522649437
13,93,26.742779463021563
13,94,30.429296664714762
13,95,31.068542865704163
13,96,28.884941251074682
13,97,29.34284989384936
13,98,25.610129774005138
13,99,23.72072672986878
13,100,19.963048534096586
13,101,18.124131910462633
13,102,14.498669217295644
13,103,12.426632071655195
13,104,10.016803458197264
13,105,10.45315245527566
13,106,11.095452689561657
13,107,7.561947301168618
13,108,8.779208772963626
14,1,41.19689401560288
14,2,38.01566344006284
14,3,34.58679756746386
14,4,31.759940188340572
14,5,28.055016230179532
14,6,25.136804053670527
14,7,21.43980418281538
14,8,19.445854565687345
14,9,15.838147838152949
14,10,12.98686534696559
14,11,9.919317045377042
14,12,6.41827346356112
14,13,3.8031382581179116
14,15,3.7996828980341895
14,16,7.061083557477779
14,17,8.550167207192153
14,18,12.179331207780816
14,19,14.531326614341625
14,20,18.18460113556862
14,21,19.216702061199065
14,22,16.285124937749664
14,23,12.910467909997143
14,24,12.029316278215576
14,25,10.391527126602046
14,26,11.752934950562334
14,27,9.522420686863232
14,28,5.775554521650499
14,29,5.314591979070052
14,30,3.9698697565666445
14,31,6.482918048520729
14,32,9.106065138976437
14,33,12.821629827793334
14,34,15.624071551219767
14,35,19.18479342127777
14,36,21.541007227777985
14,37,24.5406085165845
14,38,25.294926940709487
14,39,25.61569796029053
14,40,25.276146755686078
14,41,22.13913560650468
14,42,18.532913977620836
14,43,16.55061947700385
14,44,13.056256730544213
14,45,11.859248003198674
14,46,9.182892663014686
14,47,8.958967058816866
14,48,8.610847774565134
14,49,8.411976410810974
14,50,11.075026292899219
14,51,12.630183786090887
14,52,15.89891459750711
14,53,11.193661106314476
14,54,7.9870172501231576
14,55,5.49184462835003
14,56,5.838170666924168
14,57,7.3439645141527095
14,58,10.647794898787375
14,59,12.316075776765528
14,60,16.027746582283427
14,61,19.144593839181056
14,62,22.456464376588784
14,63,26.014777900348747
14,64,29.421903702540337
14,65,32.69053480879526
14,66,36.195035739474434
14,67,37.72578254577219
14,68,40.6117735299892
14,69,38.80803689079879
14,70,35.47876020590642
14,71,36.47574163842577
14,72,37.002342604304154
14,73,33.673125877693664
14,74,31.996849747827824
14,75,33.64970050362756
14,76,32.64216647260014
14,77,28.94186135917314
14,78,28.872816786680414
14,79,30.346315937886846
14,80,28.10509888136688
14,81,25.017305114435352
14,82,26.521823539103156
14,83,27.66529291347629
14,84,24.21627941383698
14,85,22.47399749995535
14,86,20.9450808094544
14,87,21.237628694307077
14,88,20.166718627017172
14,89,21.690692099025195
14,90,24.113932656275935
14,91,25.53825660156861
14,92,28.25204433469986
14,93,29.28643441490594
14,94,32.93644965545677
14,95,33.25604033904836
14,96,30.883051878193513
14,97,31.587175077506004
14,98,27.885378391640778
14,99,26.335580901814883
14,100,22.659381531180095
14,101,21.12760767773901
14,102,17.648792029745927
14,103,15.833783751201457
14,104,13.725964152922632
14,105,13.983584003720669
14,106,14.714634808251207
14,107,11.061280602550774
14,108,11.642310509858786
15,1,44.9388359456629
15,2,41.75094850439127
15,3,38.29580269123926
15,4,35.51791574447563
15,5,31.802236955825045
15,6,28.9192633424504
15,7,25.217723707923376
15,8,23.225026278263126
15,9,19.632718303834842
15,10,16.71191064250065
15,11,13.620023210441229
15,12,10.083902534004874
15,13,7.025512353180909
15,14,3.7996828980341895
15,16,3.8176846695288686
15,17,6.3208885471776926
15,18,9.707132342912528
15,19,12.542197250878802
15,20,15.920681806621367
15,21,16.359827807110488
15,22,13.12105453082777
15,23,9.60276463751234
15,24,9.202818718088803
15,25,8.01232804258416
15,26,10.316823364837315
15,27,8.599031428627494
15,28,5.423199715067916
15,29,5.435497572548409
15,30,6.45464571051146
15,31,8.803665507606027
15,32,12.033538249956331
15,33,15.55774327878295
15,34,18.498257004409197
15,35,22.066135672112196
15,36,24.09917623538659
15,37,27.19743766513086
15,38,28.26094876029688
15,39,28.504466448498377
15,40,27.797105742604643
15,41,24.490556538180616
15,42,20.955330516420233
15,43,18.54819113431606
15,44,14.862444545729828
15,45,13.851982977427028
15,46,11.066016258379857
15,47,11.001800693081641
15,48,9.8619542206149
15,49,9.908122620844006
15,50,11.648357639792557
15,51,13.198190570115127
15,52,15.824415191501512
15,53,10.927083597374235
15,54,8.615669314779877
15,55,7.112660349731515
15,56,9.005033958873485
15,57,10.924591212554718
15,58,14.383994125076551
15,59,15.984234133567398
15,60,19.725407358316872
15,61,22.759192866446945
15,62,26.115366040195642
15,63,29.66426586593647
15,64,33.10725842458068
15,65,36.40516488190903
15,66,39.92378401691103
15,67,41.50438033632847
15,68,44.40398258752349
15,69,42.60271765610813
15,70,39.26508654527728
15,71,40.24667973904599
15,72,40.786125200497
15,73,37.466446462133405
15,74,35.768022849372436
15,75,37.37267587526941
15,76,36.3684597420301
15,77,32.68715516929811
15,78,32.548123935960504
15,79,33.9370833502747
15,80,31.70984879418533
15,81,28.618851858564472
15,82,29.955226577514726
15,83,31.014744363878414
15,84,27.56438579462811
15,85,25.741162999638554
15,86,24.449498192577288
15,87,24.69721190268676
15,88,23.65207058144613
15,89,25.191118110935136
15,90,27.755322391362483
15,91,29.18459679650857
15,92,31.944532603082518
15,93,32.91744121908332
15,94,36.589442743496875
15,95,36.81646044317849
15,96,34.48610164123357
15,97,35.3034864631036
15,98,31.622381954074132
15,99,30.11445206718773
15,100,26.433346896553513
15,101,24.874353309780293
15,102,21.347192365397923
15,103,19.376747096772537
15,104,16.997826494400854
15,105,17.26308419763194
15,106,17.452554107103918
15,107,13.67212795229339
15,108,14.337103552384809
16,1,47.32405304052293
16,2,44.173594052516876
16,3,40.61242411896706
16,4,38.04065900493357
16,5,34.27873953299465
16,6,31.54978311832228
16,7,27.855817928071428
16,8,25.999201853984903
16,9,22.530394688090944
16,10,19.759560671161207
16,11,16.927895951735522
16,12,13.29875790331847
16,13,10.650067178869449
16,14,7.061083557477779
16,15,3.8176846695288686
16,17,3.7906181784995714
16,18,6.842898501913475
16,19,9.487163730328337
16,20,12.67417273079555
16,21,12.93396725268841
16,22,9.653705178238251
16,23,6.010984456794497
16,24,5.444138100281712
16,25,5.158821090043959
16,26,7.690450239018351
16,27,6.432167627490006
16,28,4.869500294639742
16,29,5.999096164503617
16,30,8.736540355640921
16,31,11.50746030921006
16,32,15.053995326605405
16,33,18.548112258629267
16,34,21.193761705987587
16,35,24.871826906995967
16,36,26.58876932739699
16,37,29.896827788104908
16,38,31.209769648856845
16,39,31.707142277528114
16,40,30.862181623569192
16,41,27.41493352484274
16,42,23.8299656447669
16,43,21.097623637455253
16,44,17.319407533024748
16,45,15.87060729231557
16,46,12.698079829233011
16,47,12.058952375286838
16,48,9.913044880431721
16,49,9.96081650525521
16,50,10.5903486996526
16,51,12.242615322249945
16,52,14.121952369463251
16,53,12.970709027451598
16,54,11.492271331634205
16,55,9.884683759059008
16,56,12.114303947102266
16,57,13.563391896901576
16,58,17.140857243414093
16,59,18.334576336465013
16,60,22.08648310085969
16,61,24.889287035979358
16,62,28.296111695216744
16,63,31.806055587861543
16,64,35.31558220821048
16,65,38.71028508812072
16,66,42.25148316381184
16,67,44.069311337222025
16,68,47.074443956772015
16,69,45.45553616327445
