1,2,3.803873690067538
1,3,6.39924941198334
1,4,9.991795094638803
1,5,13.24217606018477
1,6,16.67092145726021
1,7,19.61305024531633
1,8,22.865615352542143
1,9,26.58711923500094
1,10,29.38398207737348
1,11,32.584753674623535
1,12,35.9266383234965
1,13,37.801819744204096
1,14,41.57785729044811
1,15,44.05494458431806
1,16,44.25524144987789
1,17,47.54029884188062
1,18,48.12278893152147
1,19,51.410507879531174
1,20,53.602973877330285
1,21,52.43091270683864
1,22,49.84973134350591
1,23,47.46925825211017
1,24,45.34546847037087
1,25,43.902317853129425
1,26,41.73897329843254
1,27,39.94109605719672
1,28,39.90133645262794
1,29,36.821923419515784
1,30,36.809115485360515
1,31,34.09444985819806
1,32,33.77931586753951
1,33,31.654432722703927
1,34,30.847256960118774
1,35,33.022470281118395
1,36,32.5448606125919
1,37,29.727111746288255
1,38,31.18537968092255
1,39,34.618300424414244
1,40,35.55309851773081
1,41,34.70399187187246
1,42,36.9310922499712
1,43,37.60778396137771
1,44,36.429866962888404
1,45,36.76567528060893
1,46,35.49679436211059
1,47,37.114024563462635
1,48,35.91381386428749
1,49,37.91084698156239
1,50,37.961517963616664
1,51,40.474602115907
1,52,42.28451511565409
1,53,41.95819635682722
1,54,39.51040370692244
1,55,36.96337343756753
1,56,33.60179838548939
1,57,30.913670678725207
1,58,27.375547056641743
1,59,25.94360116692347
1,60,22.183657988273378
1,61,20.11691897825722
1,62,16.37555209037858
1,63,13.850084655623833
1,64,10.142000720448493
1,65,8.193944818558299
1,66,5.57581598008604
1,67,5.576403052719516
1,68,5.963192417426503
1,69,6.985763920230739
1,70,8.77258156142375
1,71,11.750637451464023
1,72,10.820406024030358
1,73,9.344726231322115
1,74,12.685919489666999
1,75,14.615886097588058
1,76,13.642808452780098
1,77,14.19188109272498
1,78,17.341871842795264
1,79,18.771936520938183
1,80,17.99807020503957
1,81,19.958842652664416
1,82,22.833875982058206
1,83,23.371289837942935
1,84,23.69213144504404
1,85,25.91239215297699
1,86,23.835402247830363
1,87,24.90741097923424
1,88,24.650222611962818
1,89,23.462565129109077
1,90,19.795003663648455
1,91,18.019221053285726
1,92,14.721278547882815
1,93,14.04088940153053
1,94,11.723017690304054
1,95,12.393702727682362
1,96,10.938856246664896
1,97,8.469445943390664
1,98,11.16165122818459
1,99,13.487547157772294
1,100,17.08318032943003
1,101,19.84508704463749
1,102,23.3258699656159
1,103,26.73615832097242
1,104,30.021381350149667
1,105,28.79353208963473
1,106,31.960281200227996
1,107,34.20973990558752
1,108,32.6408719220864
1,109,33.623898035750294
2,1,3.803873690067538
2,3,3.7998509691023674
2,4,6.71077585855329
2,5,10.208064148699135
2,6,13.478953105773712
2,7,16.517177909590316
2,8,19.730187147157448
2,9,23.475210057241558
2,10,26.303408333648466
2,11,29.344778271128792
2,12,32.73807376888151
2,13,34.45579315746066
2,14,38.21133866683725
2,15,40.58297263749925
2,16,40.6773072549321
2,17,43.91567360531468
2,18,44.41801119858879
2,19,47.6819526723321
2,20,49.9263899175927
2,21,48.7943445885365
2,22,46.28107154894703
2,23,43.873649883755036
2,24,41.825383078230715
2,25,40.29775794738285
2,26,38.09575937786559
2,27,36.37940722803683
2,28,36.36471376954828
2,29,33.37544201612742
2,30,33.49525292672222
2,31,30.92192706637678
2,32,30.79280928751095
2,33,28.671459732549298
2,34,28.148193579060095
2,35,30.356441458732903
2,36,30.22422839029532
2,37,27.63054587716181
2,38,29.28813140496445
2,39,32.57065902982456
2,40,33.16684152938368
2,41,32.044760675818466
2,42,34.0335042497287
2,43,34.51616451560248
2,44,33.13327239278426
2,45,33.310914833297005
2,46,31.903997527697374
2,47,33.44641716007107
2,48,32.25614533122762
2,49,34.22728214981048
2,50,34.35873666562573
2,51,36.879330334612625
2,52,38.80097205359704
2,53,39.06562638494082
2,54,36.509413167692486
2,55,33.79893335877511
2,56,30.449242942422742
2,57,27.59406626907143
2,58,24.110871016694958
2,59,22.472979705263633
2,60,18.7008791671984
2,61,16.506937836173943
2,62,12.73691516228045
2,63,10.287968964384891
2,64,6.667950373788781
2,65,5.77240743292516
2,66,4.891029376908831
2,67,6.637135290740006
2,68,8.722065719908064
2,69,9.173074466002008
2,70,9.567308967860637
2,71,12.64977189357238
2,72,11.624843430675584
2,73,8.985869198241632
2,74,12.092148338513619
2,75,14.259522224589213
2,76,12.638054040109008
2,77,12.392141355652841
2,78,15.893322937068163
2,79,17.352713588940233
2,80,15.906492353936752
2,81,17.68518895811353
2,82,20.873103452690167
2,83,21.2373313525456
2,84,21.06824852264553
2,85,23.38994049153622
2,86,21.26283650566961
2,87,22.680661283232528
2,88,22.47748893514188
2,89,21.561827886499096
2,90,18.096844845291557
2,91,16.436887925848662
2,92,13.522474142007809
2,93,12.950701586535976
2,94,11.589588593104782
2,95,11.963368577751002
2,96,9.462126854153645
2,97,7.216718852574603
2,98,8.95334581980587
2,99,11.38251653362772
2,100,14.632716975446057
2,101,17.427626522824628
2,102,20.71600379338958
2,103,24.095210996017475
2,104,27.369890028240462
2,105,26.24931003400111
2,106,29.613771089721723
2,107,31.588670663391117
2,108,30.029116610753466
2,109,31.342330119244707
3,1,6.39924941198334
3,2,3.7998509691023674
3,4,3.792575566950683
3,5,6.880058017886163
3,6,10.294358384828959
3,7,13.26259381122226
3,8,16.468032631761982
3,9,20.192993620206135
3,10,22.998399488434764
3,11,26.20819908688812
3,12,29.572428409904113
3,13,31.522524783192825
3,14,35.30918769312268
3,15,37.87643472990264
3,16,38.10900080667501
3,17,41.43617989708983
3,18,42.19922648531808
3,19,45.53357679739837
3,20,47.57637011058745
3,21,46.37738011679259
3,22,43.7281688459458
3,23,41.47609232250299
3,24,39.39813727222166
3,25,38.13414457739332
3,26,35.84282392974038
3,27,33.85523900623487
3,28,33.684997471409545
3,29,30.523702162156308
3,30,30.44184222820648
3,31,27.720336545118386
3,32,27.49751633582144
3,33,25.522482490835646
3,34,24.962285004904192
3,35,27.38735468075143
3,36,27.20003206345018
3,37,24.481603774287912
3,38,25.920035645612618
3,39,29.259062361355188
3,40,29.87489708429674
3,41,28.73953092123892
3,42,30.846194508203553
3,43,31.36015928175223
3,44,30.20719566908077
3,45,30.5242429152011
3,46,29.364614233573914
3,47,31.098552182269355
3,48,29.99558720754726
3,49,32.23112987016913
3,50,32.480886351679935
3,51,35.25637297467439
3,52,37.0554866021987
3,53,36.0291909859931
3,54,33.418949978654105
3,55,30.861508637253184
3,56,27.410299199517183
3,57,24.711147247093162
3,58,21.1072969922282
3,59,19.7021813908762
3,60,15.95777651891358
3,61,14.135107156210193
3,62,10.497849512688466
3,63,8.492987622351748
3,64,5.4630017240502715
3,65,5.431565708376122
3,66,6.414336728412814
3,67,7.128914766369391
3,68,9.583586203656552
3,69,8.740875985688136
3,70,7.596845631202333
3,71,10.613798063571187
3,72,10.160963859987467
3,73,6.84491879043058
3,74,9.152110137481202
3,75,11.852615829436148
3,76,10.548559564887379
3,77,9.479337481843698
3,78,12.8132901831444
3,79,14.802044238170415
3,80,13.42190565528975
3,81,14.639285230983765
3,82,17.94882738618255
3,83,18.776629619960236
3,84,18.469336957544243
3,85,20.40295197107642
3,86,17.986590279729825
3,87,19.143785146675036
3,88,18.754044776536052
3,89,17.762870056864315
3,90,14.305366336623011
3,91,12.755981671456302
3,92,10.084003462003016
3,93,10.12564476838367
3,94,9.538964762857212
3,95,10.634910257393658
3,96,8.079449968392815
3,97,5.082532785069845
3,98,5.674931889939784
3,99,7.625025681610739
3,100,10.942119914523019
3,101,13.711869366937817
3,102,17.0737617997459
3,103,20.487189350833116
3,104,23.757258913177754
3,105,22.632831473464492
3,106,25.940351364627016
3,107,28.03673975931266
3,108,26.6004222345095
3,109,27.829830144945536
4,1,9.991795094638803
4,2,6.71077585855329
4,3,3.792575566950683
4,5,3.7938274610565794
4,6,6.773125456160219
4,7,9.979691471240269
4,8,13.041960929131823
4,9,16.807511814071482
4,10,19.593059905772584
4,11,22.659179076778198
4,12,26.05562048224675
4,13,27.877785354436572
4,14,31.652862011847855
4,15,34.15571480164972
4,16,34.34126706983408
4,17,37.659138580286914
4,18,38.40960353964956
4,19,41.75281907108532
4,20,43.79683022416772
4,21,42.59249138684305
4,22,39.96371397084232
4,23,37.70587810749784
4,24,35.673334093195905
4,25,34.39482815497829
4,26,32.06313682767627
4,27,30.089309230968198
4,28,29.940180065516664
4,29,26.83080292092187
4,30,26.88053318183575
4,31,24.304917069715206
4,32,24.33072883635847
4,33,22.466321437615875
4,34,22.298197521359988
4,35,24.853177692630176
4,36,25.082380118715587
4,37,22.626447967016688
4,38,24.17387287137302
4,39,27.312900050799296
4,40,27.51987802739203
4,41,26.033352228063304
4,42,27.868482373270012
4,43,28.11779167486593
4,44,26.787621755169077
4,45,26.91748580231957
4,46,25.645508272701946
4,47,27.318379064549234
4,48,26.207122117227403
4,49,28.477296989966227
4,50,28.81521796079391
4,51,31.66368678077792
4,52,33.51825243638272
4,53,32.781228348032656
4,54,30.0630102813341
4,55,27.368556862196844
4,56,23.919181057826773
4,57,21.081392307957255
4,58,17.513461507386502
4,59,15.966670564643511
4,60,12.211572027430654
4,61,10.459489854444774
4,62,6.839781099535506
4,63,5.642075065194611
4,64,4.209448408643283
4,65,6.560280218336108
4,66,9.080503611389037
4,67,10.408479137192582
4,68,13.229633800507733
4,69,12.20469300054802
4,70,10.300085603088048
4,71,12.932756054245937
4,72,12.624831561660555
4,73,8.902435470378936
4,74,10.170130557024473
4,75,12.91849858925268
4,76,11.246095023465516
4,77,9.005589930066352
4,78,12.310477815171462
4,79,14.407122592932165
4,80,12.317283852410652
4,81,12.909079241193329
4,82,16.55145457148184
4,83,17.330838342412953
4,84,16.31912944043759
4,85,18.15446552021043
4,86,15.556615240565076
4,87,17.01900509029557
4,88,16.56250443492445
4,89,15.865853763303141
4,90,12.835926493078693
4,91,11.494961803031362
4,92,9.697228265167555
4,93,9.972463079705978
4,94,10.756654290226258
4,95,11.468244150008365
4,96,8.27958785107027
4,97,6.385195299694766
4,98,4.644035080790279
4,99,6.1351476366594975
4,100,8.48396930847393
4,101,11.271050006290848
4,102,14.259966407551737
4,103,17.641000225162518
4,104,20.8317131866576
4,105,19.789206043670717
4,106,23.292698166239596
4,107,25.068306593230627
4,108,23.64008072679748
4,109,25.22114703259009
5,1,13.24217606018477
5,2,10.208064148699135
5,3,6.880058017886163
5,4,3.7938274610565794
5,6,3.788643585932994
5,7,6.383797145469366
5,8,9.692256491610408
5,9,13.370856106507784
5,10,16.360887708552983
5,11,19.539354974083906
5,12,23.01446208223799
5,13,25.088532917023567
5,14,28.87437414024494
5,15,31.557190124438065
5,16,31.724840015849637
5,17,35.05171010075458
5,18,36.04766141981462
5,19,39.38810602019044
5,20,41.23087555049351
5,21,40.088748673597316
5,22,37.406681574207255
5,23,35.39017748414677
5,24,33.48482632897136
5,25,32.46003681560049
5,26,29.9122814210359
5,27,27.659741990938414
5,28,27.179220043871386
5,29,23.90422778346923
5,30,23.626503668901346
5,31,20.852369720665465
5,32,20.671407541284108
5,33,18.804685472925257
5,34,18.582396097369852
5,35,21.259213318807
5,36,21.514480864841044
5,37,19.08024261130112
5,38,20.57964274430492
5,39,23.652782622418403
5,40,23.778253154678005
5,41,22.267138882591546
5,42,24.172327206217474
5,43,24.52236273013073
5,44,23.392006804760776
5,45,23.773521691699706
5,46,22.845335363830834
5,47,24.84659398447479
5,48,24.0473770093326
5,49,26.674065235762093
5,50,27.34870854927918
5,51,30.472196534101688
5,52,32.32369920237678
5,53,30.442907097074208
5,54,27.52317192315063
5,55,24.928915260981373
5,56,21.32069059219425
5,57,18.545719252574024
5,58,14.843511614091668
5,59,13.296156775157945
5,60,9.613290626791898
5,61,8.166979643849494
5,62,5.3596949123048505
5,63,5.177185388203514
5,64,5.935282783092864
5,65,8.328305621843212
5,66,11.506477958678992
5,67,12.418221530224915
5,68,15.408836356881027
5,69,14.030634534594784
5,70,11.41677864057386
5,71,13.209584933536643
5,72,13.058236467239965
5,73,9.354509896921456
5,74,9.324373740533753
5,75,11.86778346802961
5,76,10.306495564642265
5,77,7.0845381994543715
5,78,9.842735273355839
5,79,12.146356071763964
5,80,9.899119470131563
5,81,9.662120088128477
5,82,13.410279425223614
5,83,14.491571777386099
5,84,13.184945880146778
5,85,14.640710382569914
5,86,11.84870642194658
5,87,13.319213390829997
5,88,12.970583248286825
5,89,12.694881245458403
5,90,10.054752187553738
5,91,9.588872712977764
5,92,9.052013451630964
5,93,10.48907484957079
5,94,12.242927784203667
5,95,13.512869486375587
5,96,10.703148956946732
5,97,8.836384285021706
5,98,5.732241215283033
5,99,4.7006299661753275
5,100,5.703762398803905
5,101,7.784097733013707
5,102,10.777413043158989
5,103,13.996594927106406
5,104,17.323282615010505
5,105,16.62198869210394
5,106,20.158143070805217
5,107,21.955208632850052
5,108,20.90535349945116
5,109,22.591966460398304
6,1,16.67092145726021
6,2,13.478953105773712
6,3,10.294358384828959
6,4,6.773125456160219
6,5,3.788643585932994
6,7,3.797636648540025
6,8,6.288922042045309
6,9,10.076805202867936
6,10,12.842397087410593
6,11,15.929147724632216
6,12,19.362083511551198
6,13,21.34860044317134
6,14,25.137825354223068
6,15,27.817600990988808
6,16,28.088413315302997
6,17,31.479848339964366
6,18,32.557126191345176
6,19,35.96457615249974
6,20,37.7373380634027
6,21,36.4772006730257
6,22,33.72628499430069
6,23,31.703381321707905
6,24,29.74708912620782
6,25,28.818461661589925
6,26,26.295604457941984
6,27,23.9667183729389
6,28,23.571084932382828
6,29,20.293730854538122
6,30,20.200753025282403
6,31,17.61718516209047
6,32,17.875835856734252
6,33,16.422558419335882
6,34,16.843358300905383
6,35,19.81554296531803
6,36,20.584383089348233
6,37,18.482342880334663
6,38,19.841014650980764
6,39,22.625235944948862
6,40,22.246849533451236
6,41,20.248070133203484
6,42,21.803366096138102
6,43,21.710746161292672
6,44,20.458614758053017
6,45,20.539241018491904
6,46,19.513083015588286
6,47,21.402969154718203
6,48,20.49026631606385
6,49,23.18783363136033
6,50,23.873262734758192
6,51,27.115389115473683
6,52,28.876396094361876
6,53,26.817301836646276
6,54,23.84185459322739
6,55,21.173043608800285
6,56,17.574480132854514
6,57,14.758036529517057
6,58,11.064679277295253
6,59,9.64446166317756
6,60,6.078162740946923
6,61,5.759628994957292
6,62,4.410164979404889
6,63,6.703544138400906
6,64,8.897816624439931
6,65,11.854398837498247
6,66,15.15545033797677
6,67,16.200178970181526
6,68,19.121230327054956
6,69,17.523291657317607
6,70,14.631134174781794
6,71,16.330142235079574
6,72,16.535187853409898
6,73,12.941448710201117
6,74,12.274126086048327
6,75,14.77076424490321
6,76,13.39254949349364
6,77,9.782042790120052
6,78,11.71203925341549
6,79,14.071599029574793
6,80,11.580639593556429
6,81,10.255435636110082
6,82,13.967545403525175
6,83,15.17472338197089
6,84,13.036348176832917
6,85,13.92550056560249
6,86,10.793835678819095
6,87,12.289619308886618
6,88,11.499677994171698
6,89,11.406878628213986
6,90,9.704265594993062
6,91,9.407905831827536
6,92,10.0271740494625
6,93,11.335567096657186
6,94,13.969789943952911
6,95,14.806954773908615
6,96,12.023667516608146
6,97,11.166471951755224
6,98,7.538038145631836
6,99,6.183285646018092
6,100,4.665787964196757
6,101,6.361995001878894
6,102,8.222950144319165
6,103,11.415041910201749
6,104,14.426624791053943
6,105,13.645352522444952
6,106,17.35057900867038
6,107,18.744457445984036
6,108,17.617372612454275
6,109,19.65188780698393
7,1,19.61305024531633
7,2,16.517177909590316
7,3,13.26259381122226
7,4,9.979691471240269
7,5,6.383797145469366
7,6,3.797636648540025
7,8,3.7831882987320893
7,9,7.140649464984367
7,10,10.489758295732726
7,11,13.573247659982375
7,12,17.181377413356444
7,13,19.44796037454986
7,14,23.18684081142181
7,15,26.01979976586454
7,16,26.108378346458206
7,17,29.41157432121994
7,18,30.718558390821716
7,19,34.039193772216635
7,20,35.607066977012394
7,21,34.540937644551285
7,22,31.82666847329771
7,23,30.142370980044326
7,24,28.48044257885622
7,25,27.79806135275274
7,26,24.958751937749373
7,27,22.36389310174333
7,28,21.42846154879053
7,29,18.00011621529734
7,30,17.379080168814724
7,31,14.494467727080028
7,32,14.352781977595095
7,33,12.69688236961012
7,34,13.053744784473954
7,35,16.068492310484064
7,36,16.956853985175762
7,37,15.062520951254763
7,38,16.53013368978103
7,39,19.08817546345277
7,40,18.5236769802767
7,41,16.487261557762544
7,42,18.079963880615175
7,43,18.1941051947657
7,44,17.138629335466426
7,45,17.653919457215707
7,46,17.140027212638845
7,47,19.534924909638672
7,48,19.21378582431681
7,49,22.319656011423376
7,50,23.534029556313477
7,51,26.997206195603322
7,52,28.846717963283425
7,53,25.848265228095578
7,54,22.582258870659345
7,55,20.02344909745561
7,56,16.286904129010047
7,57,13.529919677644914
7,58,9.866461439287969
7,59,8.194119009510596
7,60,5.303816539236082
7,61,5.451702888956684
7,62,6.281716579234104
7,63,8.413275517875535
7,64,11.221256273576056
7,65,13.829980032604666
7,66,17.37127164991971
7,67,18.263641369164766
7,68,21.336602991226425
7,69,19.76878076675057
7,70,16.726854542742917
7,71,17.68629467906202
7,72,17.73144094888815
7,73,14.414844386792218
7,74,13.100991461420803
7,75,14.912141048802994
7,76,13.561763642196457
7,77,9.811140725819442
7,78,10.778905982962733
7,79,12.764922468966784
7,80,10.241329069734178
7,81,7.997965130726524
7,82,11.389234995017617
7,83,12.667740385819357
7,84,10.116501375675702
7,85,10.48271583722498
7,86,7.311131221365477
7,87,9.155113762977864
7,88,8.93339287650117
7,89,9.974716496194082
7,90,9.316662914356685
7,91,10.419959483519381
7,92,12.090960379799073
7,93,14.153087271276926
7,94,16.96080124329662
7,95,18.20234843908043
7,96,15.665439473196903
7,97,14.520630340331744
7,98,10.853734480244292
7,99,8.494590190576242
7,100,5.938710620497951
7,101,5.0414042272972
7,102,6.060196959354817
7,103,8.43830839227838
7,104,11.73719053986073
7,105,11.849033191452039
7,106,15.531084815610942
7,107,16.824265554426553
7,108,16.424234857529633
7,109,18.655254299661813
8,1,22.865615352542143
8,2,19.730187147157448
8,3,16.468032631761982
8,4,13.041960929131823
8,5,9.692256491610408
8,6,6.288922042045309
8,7,3.7831882987320893
8,9,3.7981168491353325
8,10,6.782220289980627
8,11,9.916850569806034
8,12,13.453360045919627
8,13,15.778076913681693
8,14,19.53318328321669
8,15,22.470076168290795
8,16,22.79122348851273
8,17,26.210816785828392
8,18,27.726487226821085
8,19,31.14049137985982
8,20,32.53626655408178
8,21,31.280826674000757
8,22,28.42047310191227
8,23,26.792838499649253
8,24,25.03889566828992
8,25,24.61086125034138
8,26,21.824146145583
8,27,19.01683817675552
8,28,18.126165387459498
8,29,14.598074633446874
8,30,14.097440415682822
8,31,11.389046746104704
8,32,11.8857571607515
8,33,11.091968592917773
8,34,12.355274805519212
8,35,15.704574975752667
8,36,17.10342800505062
8,37,15.627913493705693
8,38,16.669836276643956
8,39,18.810184001863927
8,40,17.70093691010837
8,41,15.107472198571354
8,42,16.25540923342515
8,43,15.757649937186553
8,44,14.716142305115369
8,45,14.87711880547887
8,46,14.413568354488225
8,47,16.71204612100687
8,48,16.287755696557394
8,49,19.53367991190256
8,50,20.753414732876003
8,51,24.363192649698117
8,52,25.98776036741268
8,53,22.172031157594045
8,54,18.842774129661198
8,55,16.315372872677564
8,56,12.560640944893445
8,57,9.945240137895427
8,58,6.326637325100471
8,59,5.358217177623593
8,60,4.154616550768245
8,61,6.639185026123658
8,62,8.720003030429282
8,63,11.64499310550942
8,64,14.63977258614964
8,65,17.478504910211903
8,66,20.986529454612157
8,67,21.861174747835324
8,68,24.80327625527862
8,69,22.99100472021913
8,70,19.75409510958915
8,71,20.74021126108756
8,72,21.155485124883985
8,73,17.919405367869814
8,74,16.297768845114405
8,75,18.21190836287469
8,76,17.169296090527066
8,77,13.39192246265651
8,78,13.82582561117463
8,79,15.878819334076233
8,80,13.560895048767312
8,81,10.779735255377387
8,82,13.608569339558631
8,83,15.054353944780651
8,84,12.087849360631289
8,85,11.558092923455087
8,86,8.369097478184303
8,87,9.610455160282989
8,88,8.643821222468931
8,89,9.739006286698984
8,90,10.316519259556774
8,91,11.407290870277464
8,92,13.77049396249436
8,93,15.592783359660137
8,94,18.866566973764762
8,95,19.81087830495893
8,96,17.484977299407845
8,97,16.967955014428437
8,98,13.191846122204034
8,99,10.946172929250938
8,100,7.544732736303666
8,101,6.193025637274463
8,102,4.653618446893022
8,103,6.337795194923937
8,104,8.86927642742116
8,105,8.93663131607996
8,106,12.705155974339364
8,107,13.460143642619306
8,108,13.075934381334944
8,109,15.678508307305536
9,1,26.58711923500094
9,2,23.475210057241558
9,3,20.192993620206135
9,4,16.807511814071482
9,5,13.370856106507784
9,6,10.076805202867936
9,7,7.140649464984367
9,8,3.7981168491353325
9,10,3.79979877602404
9,11,6.719186615598561
9,12,10.306490523240559
9,13,12.939169840930578
9,14,16.569055474576103
9,15,19.683438883899065
9,16,19.98876356425564
9,17,23.363074004576138
9,18,25.20538065614403
9,19,28.566256458049292
9,20,29.663906652488635
9,21,28.46323184882615
9,22,25.5648881004178
9,23,24.295058567359185
9,24,22.77266674740289
9,25,22.733223471867777
9,26,19.766792368811704
9,27,16.63826452970916
9,28,15.258351858348016
9,29,11.568540952098987
9,30,10.547863978673059
9,31,7.639493102482972
9,32,8.318657656417097
9,33,8.248162376852562
9,34,10.258661655246193
9,35,13.70276597283688
9,36,15.539057794214965
9,37,14.6480136470534
9,38,15.432713573382653
9,39,16.957669104807923
9,40,15.289963872751358
9,41,12.271793743051797
9,42,13.010328141952007
9,43,12.177432681954192
9,44,11.384304713535021
9,45,11.715986691777733
9,46,11.895094011571107
9,47,14.542360086736457
9,48,14.641163512756203
9,49,18.202335996447122
9,50,19.827619821403328
9,51,23.578392626383035
9,52,25.100114244269484
9,53,20.11235690844916
9,54,16.551320091773185
9,55,14.240620030311279
9,56,10.5446348092206
9,57,8.378940133965068
9,58,5.6593229950120625
9,59,5.443575816044587
9,60,6.65024961251962
9,61,9.358460694299986
9,62,12.134490871930883
9,63,15.0154653681758
9,64,18.1900735759674
9,65,20.937722881566486
9,66,24.509519558642356
9,67,25.317467274654504
9,68,28.27294367025436
9,69,26.410706609257613
9,70,23.080782812531723
9,71,23.7302473920695
9,72,24.183703683919333
9,73,21.149388939439703
9,74,19.205872120812597
9,75,20.770203727329136
9,76,19.876379504287026
9,77,16.199125794194604
9,78,15.98801446633576
9,79,17.723874541020614
9,80,15.625839755488682
9,81,12.432429065744266
9,82,14.452656254442713
9,83,15.88735488037104
9,84,12.709000969328757
9,85,11.299065689926405
9,86,8.657246003373777
9,87,9.525017610076091
9,88,8.736519846777373
9,89,10.5772875306092
9,90,12.324975432350817
9,91,13.976695054504658
9,92,16.841891853853756
9,93,18.831463299721825
9,94,22.246291381656885
9,95,23.255705685980804
9,96,21.107242028608635
9,97,20.65167066143117
9,98,16.866471331835562
9,99,14.405362856737998
9,100,10.82094049065372
9,101,8.63399119250555
9,102,5.695060626129278
9,103,4.834661110113653
9,104,6.301403582542315
9,105,7.556823641446209
9,106,10.928646063731977
9,107,11.0276790793571
9,108,11.48424980415129
9,109,14.39104240580935
10,1,29.38398207737348
10,2,26.303408333648466
10,3,22.998399488434764
10,4,19.593059905772584
10,5,16.360887708552983
10,6,12.842397087410593
10,7,10.489758295732726
10,8,6.782220289980627
10,9,3.79979877602404
10,11,3.8290036386018165
10,12,6.890144474161968
10,13,9.831794593605359
10,14,13.457232950477275
10,15,16.799733624500043
10,16,17.650985080687846
10,17,21.201188934410983
10,18,23.347703622476324
10,19,26.820896827605424
10,20,27.649281081051882
10,21,26.10029199253963
10,22,22.946113341341597
10,23,21.740086361845684
10,24,19.97297367184326
10,25,20.37738098053846
10,26,17.674165576419124
10,27,14.266376310921803
10,28,13.11687691974793
10,29,9.367414080091551
10,30,8.637228019281187
10,31,6.4160435721337405
10,32,8.329725273612453
10,33,9.835587495063397
10,34,12.400098610870453
10,35,15.820977717119721
10,36,17.823093413741244
10,37,17.176551434510614
10,38,17.37115058804274
10,39,18.530351624737094
10,40,16.564898353482658
10,41,13.27171598112328
10,42,13.466117106417041
10,43,11.807668599287947
10,44,11.287923119203443
10,45,10.973307805779589
10,46,11.252130347863881
10,47,13.410403202746862
10,48,13.188063253783843
10,49,16.68631131237409
10,50,18.0800413911051
10,51,21.8762589427468
10,52,22.941891380344302
10,53,16.37250506205462
10,54,12.798631356504849
10,55,10.723734520549765
10,56,7.078054803300363
10,57,5.889564420453191
10,58,4.526612574830392
10,59,6.475578544552938
10,60,8.971310432355478
10,61,12.309051075109764
10,62,15.075318942292927
10,63,18.269564708483966
10,64,21.37662465049363
10,65,24.25952059672045
10,66,27.747668819480907
10,67,28.479458436257364
10,68,31.26603309700268
10,69,29.16140965635967
10,70,25.700142146765224
10,71,26.46069147970771
10,72,27.2717596943928
10,73,24.2732692297102
10,74,22.179289098308406
10,75,23.97511296758111
10,76,23.35593384801548
10,77,19.62986994329776
10,78,19.278013692633927
10,79,21.23975491615043
10,80,19.332125776515937
10,81,16.028736678042314
10,82,17.859029820074376
10,83,19.482619428325627
10,84,16.34879667418706
10,85,14.589488598172272
10,86,12.05900947856399
10,87,12.186768281601987
10,88,10.660591459968442
10,89,11.881486308915697
10,90,14.195136591354087
10,91,15.496854115167443
10,92,18.589975657064578
10,93,20.26056912510886
10,94,23.90220297033029
10,95,24.65171973817793
10,96,22.787428653500054
10,97,22.806708410725264
10,98,19.06707784260918
10,99,16.80415078550563
10,100,13.052611066653352
10,101,11.182775843540155
10,102,7.614965730926973
10,103,6.260113393503714
10,104,5.2563351471620745
10,105,5.975661664495871
10,106,8.794162067861144
10,107,7.86755279036406
10,108,8.316707342431485
10,109,11.610561158384655
11,1,32.584753674623535
11,2,29.344778271128792
11,3,26.20819908688812
11,4,22.659179076778198
11,5,19.539354974083906
11,6,15.929147724632216
11,7,13.573247659982375
11,8,9.916850569806034
11,9,6.719186615598561
11,10,3.8290036386018165
11,12,3.8022718448617825
11,13,6.317212901680788
11,14,9.873439488903717
11,15,13.138831182363745
11,16,13.860885274728659
11,17,17.39208255110423
11,18,19.64272285458097
11,19,23.09791054360516
11,20,23.838098579256997
11,21,22.292822653636435
11,22,19.170456993775748
11,23,18.089756786928195
11,24,16.57259364692129
11,25,17.133329129608125
11,26,14.294561348708632
11,27,10.746441049130791
11,28,9.346897820900963
11,29,5.599247057639824
11,30,5.333147776055085
11,31,4.725279113696041
11,32,8.070511035909533
11,33,10.272840461617294
11,34,13.573431417171042
11,35,16.486921870391004
11,36,19.062573882295727
11,37,19.12851385949687
11,38,19.459315177790007
11,39,19.95238669471475
11,40,17.379039323250524
11,41,13.750096599798281
11,42,12.873144843177068
11,43,10.267576605220482
11,44,9.274311144911227
11,45,8.063133101625931
11,46,8.360589209051966
11,47,10.264816508010039
11,48,10.3853184557436
11,49,13.957704257886416
11,50,15.728420733117778
11,51,19.50347856033303
11,52,20.577049140679918
11,53,14.752137691153125
11,54,10.963228626830876
11,55,8.667301105038673
11,56,5.723864386151705
11,57,4.981755936490115
11,58,6.093508337931452
11,59,7.657717446273291
11,60,11.081270785986002
11,61,14.284297652050883
11,62,17.484905873490334
11,63,20.797518705121323
11,64,24.148124973766777
11,65,27.201062046277453
11,66,30.7852170575073
11,67,31.77669826944693
11,68,34.695392565649854
11,69,32.73510646491916
11,70,29.34610002665145
11,71,30.158407592452296
11,72,30.811362152367224
11,73,27.736937287450914
11,74,25.781903561534932
11,75,27.441714237146222
11,76,26.59002951743741
11,77,22.91101943061011
11,78,22.629236383984928
11,79,24.270620351073713
11,80,22.159070218403883
11,81,18.965680781357847
11,82,20.564468438795785
11,83,21.769568481447322
11,84,18.398227000255506
11,85,16.667677419072668
11,86,14.761672473539864
11,87,15.220023646767688
11,88,14.131761819156651
11,89,15.603675236346433
11,90,18.014301771677054
11,91,19.283894505537848
11,92,22.30020269194789
11,93,23.77798816601284
11,94,27.428517332246013
11,95,27.929280476603154
11,96,25.920315072037432
11,97,26.160129694327573
11,98,22.438525353096548
11,99,20.385300791219176
11,100,16.68575383895484
11,101,14.893378730603205
11,102,11.397926225564063
11,103,9.626081075766788
11,104,7.948496357157971
11,105,9.083377949166264
11,106,10.96884412131273
11,107,8.740052749303315
11,108,9.553375001827222
11,109,13.144708259717236
12,1,35.9266383234965
12,2,32.73807376888151
12,3,29.572428409904113
12,4,26.05562048224675
12,5,23.01446208223799
12,6,19.362083511551198
12,7,17.181377413356444
12,8,13.453360045919627
12,9,10.306490523240559
12,10,6.890144474161968
12,11,3.8022718448617825
12,13,3.799030259737116
12,14,6.852786836981976
12,15,10.503789666673548
12,16,11.993319773974429
12,17,15.565609315416127
12,18,18.25880934895037
12,19,21.70168142953065
12,20,21.986947567599383
12,21,20.084527437921835
12,22,16.68975398962466
12,23,15.908560616983424
12,24,14.262212382499376
12,25,15.580881284596654
12,26,13.164456925950178
12,27,9.3877292186774
12,28,8.200594621712199
12,29,5.20010240160397
12,30,5.41245983342797
12,31,6.550095724853031
12,32,9.971756370647432
12,33,12.957465140577414
12,34,16.2613000387502
12,35,18.994521302282262
12,36,21.564477311668874
12,37,21.821584605084652
12,38,21.721964417012522
12,39,21.86693930745674
12,40,19.149768204571522
12,41,15.565310693114208
12,42,14.279364347792592
12,43,11.199884784216902
12,44,10.748681147225653
12,45,9.14647228571806
12,46,9.758834242820594
12,47,10.815271452288325
12,48,10.79666825837947
12,49,13.928585286136613
12,50,15.455124628256057
12,51,19.059875177758475
12,52,19.555125737887884
12,53,11.647311442917324
12,54,7.84598561590454
12,55,6.3191035937055
12,56,4.868034430809165
12,57,6.464600086508268
12,58,8.882976369560808
12,59,11.080117435873502
12,60,14.602762319743091
12,61,17.938693433965117
12,62,21.06412760987482
12,63,24.465455716910892
12,64,27.756712296010903
12,65,30.836432181283808
12,66,34.37037841616621
12,67,35.271799297992104
12,68,38.07576709469022
12,69,35.94981727094326
12,70,32.47209216916026
12,71,33.278979332642194
12,72,34.159218985821155
12,73,31.153097849256064
12,74,29.05208168454817
12,75,30.791486217145074
12,76,30.14501575632424
12,77,26.45142149114357
12,78,25.997001716557115
12,79,27.743127353920613
12,80,25.801884748431696
12,81,22.497493901086806
12,82,23.90792641331353
12,83,25.254401239199304
12,84,21.96565785885316
12,85,19.972758128757594
12,86,18.152714809253084
12,87,18.178917941574227
12,88,16.801533264975934
12,89,17.97512073901887
12,90,20.69489411500257
12,91,21.837341574873076
12,92,24.9783603754217
12,93,26.301102966288102
12,94,30.042302774189007
12,95,30.4184902077814
12,96,28.655678264590343
12,97,29.1451216513299
12,98,25.48390484452407
12,99,23.491513894921777
12,100,19.746576749142438
12,101,18.019417652160566
12,102,14.345727619417326
12,103,12.384468478021533
12,104,9.752111961404644
12,105,10.52664273776121
12,106,11.230334240598028
12,107,7.97768491371934
12,108,9.027108862990012
12,109,12.431809897741058
13,1,37.801819744204096
13,2,34.45579315746066
13,3,31.522524783192825
13,4,27.877785354436572
13,5,25.088532917023567
13,6,21.34860044317134
13,7,19.44796037454986
13,8,15.778076913681693
13,9,12.939169840930578
13,10,9.831794593605359
13,11,6.317212901680788
13,12,3.799030259737116
13,14,3.7995583104979427
13,15,7.018788651774309
13,16,8.644703046297845
13,17,12.369579927018115
13,18,14.876026499487212
13,19,18.425619558125007
13,20,18.890708828207707
13,21,16.772376989891857
13,22,13.367264187841648
13,23,12.229021286959242
13,24,10.536445352509563
13,25,11.816233090454027
13,26,9.507255177549611
13,27,5.750260822399237
13,28,5.404328862045967
13,29,3.972041855118314
13,30,6.438626283920077
13,31,9.040492736394071
13,32,12.742419500072824
13,33,15.449412746067408
13,34,19.025902009895326
13,35,21.427687105934513
13,36,24.336107943681114
13,37,24.886610268722205
13,38,25.085494873027518
13,39,25.055469000405754
13,40,22.095107327154516
13,41,18.407863418134593
13,42,16.563866276417166
13,43,13.082401398228678
13,44,11.848533477801269
13,45,9.151649704840969
13,46,8.810581461306114
13,47,8.548483653345551
13,48,8.194188847749219
13,49,10.833819641023963
13,50,12.399895807515511
13,51,15.821920917636445
13,52,16.27717857550167
13,53,11.065244744236598
13,54,7.570771576504673
13,55,5.379846384377466
13,56,5.79184866704977
13,57,7.106348510418801
13,58,10.48103668246184
13,59,12.25662817530492
13,60,16.024886153172066
13,61,19.225965063984404
13,62,22.473534360961395
13,63,26.005756723662664
13,64,29.4106558271475
13,65,32.7089430001404
13,66,36.26811362739668
13,67,37.47770755289739
13,68,40.37918296699961
13,69,38.40895235769996
13,70,35.048163711737146
13,71,36.10903030735088
13,72,36.85456758894591
13,73,33.67080075209299
13,74,31.850192573922413
13,75,33.66257655119184
13,76,32.73480505722312
13,77,29.029610598568983
13,78,28.909282595380983
13,79,30.535249065263827
13,80,28.286902330250808
13,81,25.20579915790562
13,82,26.78236804466105
13,83,27.777832549610054
13,84,24.28564556737645
13,85,22.65237346817126
13,86,21.009710089668328
13,87,21.46123292082716
13,88,20.23729142630943
13,89,21.3807059161413
13,90,23.84880365386388
13,91,24.70613947479487
13,92,27.604023314927346
13,93,28.58471448259438
13,94,32.29123168169267
13,95,32.296851971250085
13,96,30.345869418971617
13,97,31.146356176060497
13,98,27.5594488316737
13,99,25.934946369191746
13,100,22.29458727002945
13,101,20.91980739698937
13,102,17.405005500218415
13,103,15.760438275068326
13,104,13.427934146141807
13,105,13.962090314604433
13,106,14.784549138737678
13,107,11.380225111908409
13,108,11.771224212420575
13,109,15.209781481341524
14,1,41.57785729044811
14,2,38.21133866683725
14,3,35.30918769312268
14,4,31.652862011847855
14,5,28.87437414024494
14,6,25.137825354223068
14,7,23.18684081142181
14,8,19.53318328321669
14,9,16.569055474576103
14,10,13.457232950477275
14,11,9.873439488903717
14,12,6.852786836981976
14,13,3.7995583104979427
14,15,3.8086089237099885
14,16,6.292476759831479
14,17,9.71867082295786
14,18,12.679492109424448
14,19,16.0308062394125
14,20,15.978965519390556
14,21,13.597641002978204
14,22,10.012009889709038
14,23,9.451268658635556
14,24,8.184387028166334
14,25,10.424581651686404
14,26,8.649071465441674
14,27,5.440042244048084
14,28,5.293485031057561
14,29,6.23546375970756
14,30,8.381454237373527
14,31,11.64977167916334
14,32,15.136483960395864
14,33,18.06739696371607
14,34,21.66761432217302
14,35,23.725583968829515
14,36,26.742854131518452
14,37,27.626016491285434
14,38,27.709173403598882
14,39,27.27988700685963
14,40,24.119804776147213
14,41,20.510846878854654
14,42,18.218120340556073
14,43,14.528180111165895
14,44,13.515113177103716
14,45,10.728544060919132
14,46,10.698123769929296
14,47,9.74676652820452
14,48,9.790562870213034
14,49,11.547576737431228
14,50,13.098370672574138
14,51,15.96912445679083
14,52,16.015503569084263
14,53,10.848074992022719
14,54,8.13762602563456
14,55,7.232783386444601
14,56,9.06361468167896
14,57,10.796248213126981
14,58,14.266484576012722
14,59,15.94452444775485
14,60,19.7384281507428
14,61,22.83774193538305
14,62,26.153227164377764
14,63,29.6712692354317
14,64,33.121873834276144
14,65,36.43573349494725
14,66,40.014643544329346
14,67,41.258393383943925
14,68,44.174783419341786
14,69,42.200580774077814
14,70,38.82462779467932
14,71,39.84043223195103
14,72,40.59501511118853
14,73,37.43695453107091
14,74,35.572293365487084
14,75,37.31290514028215
14,76,36.39295987784256
14,77,32.715320134544584
14,78,32.49324062584151
14,79,34.015076369195874
14,80,31.800621270372094
14,81,28.698713819331385
14,82,30.067576491959045
14,83,30.975340448780337
14,84,27.491707750229054
14,85,25.745003481885657
14,86,24.365449186771052
14,87,24.744587774003477
14,88,23.607506764367162
14,89,24.809445564904237
14,90,27.44124745805373
14,91,28.350377194430237
14,92,31.304300405373624
14,93,32.25230173471985
14,94,35.976089411578414
14,95,35.91790267447112
14,96,34.01820900246041
14,97,34.90463426124819
14,98,31.336093118143623
14,99,29.718404893648874
14,100,26.063993395501384
14,101,24.613033950154286
14,102,21.037299315233728
14,103,19.154792115774104
14,104,16.55084405335415
14,105,17.217290735576533
14,106,17.481842973083793
14,107,13.815958498565061
14,108,14.465560872394033
14,109,17.529678367169407
15,1,44.05494458431806
15,2,40.58297263749925
15,3,37.87643472990264
15,4,34.15571480164972
15,5,31.557190124438065
15,6,27.817600990988808
15,7,26.01979976586454
15,8,22.470076168290795
15,9,19.683438883899065
15,10,16.799733624500043
15,11,13.138831182363745
15,12,10.503789666673548
15,13,7.018788651774309
15,14,3.8086089237099885
15,16,3.7953260833037437
15,17,6.775517670781298
15,18,9.505953540945312
15,19,12.806069759920954
15,20,12.824516269262295
15,21,10.116236687295293
15,22,6.513538531207668
15,23,5.667280986554636
15,24,5.006248879279932
15,25,7.5997893011358455
15,26,6.458677556925871
15,27,4.867474016635756
15,28,5.932145669676503
15,29,8.612364426133077
15,30,11.221955624166526
15,31,14.789595977196322
15,32,18.26800597840312
15,33,20.945475581431342
15,34,24.645468807817306
15,35,26.409675498817123
15,36,29.636029380795115
15,37,30.75718193954853
15,38,31.062561515364173
15,39,30.48016207842049
15,40,27.163676328592008
15,41,23.544698565538784
15,42,20.922950155145493
15,43,17.145731428613754
15,44,15.705602238561879
15,45,12.52875719469739
15,46,11.921865951682964
15,47,9.918500433998778
15,48,9.915974198799484
15,49,10.512177562113823
15,50,12.025589138393457
15,51,14.205578325106636
15,52,14.16223052388607
15,53,12.686451524758183
15,54,10.78345600020254
15,55,9.821355581284365
15,56,12.12639769773952
15,57,13.44392111403326
15,58,17.05883443736121
15,59,18.358213819042323
15,60,22.151648337282392
15,61,25.035532505340203
15,62,28.395115067036226
15,63,31.924516327948307
15,64,35.43688093201646
15,65,38.86965093200358
15,66,42.457289919511524
15,67,43.93658979620081
15,68,46.93601470412971
15,69,45.107694154333906
15,70,41.83383570843491
15,71,43.00155746981293
15,72,43.623360920796365
15,73,40.35382120102727
15,74,38.69293208181586
15,75,40.43811313720451
15,76,39.3012023169492
15,77,35.647148752553086
15,78,35.637803643833884
15,79,37.02550874830654
15,80,34.606379024108826
15,81,31.681614419630858
15,82,33.114631182507324
15,83,33.74063666638248
15,84,30.14955596069849
15,85,28.655287969823554
15,86,27.455010243799258
15,87,28.120848263736903
15,88,27.13377148399761
15,89,28.3788265659664
15,90,30.86325518788359
15,91,31.638733769635902
15,92,34.430605781424035
15,93,35.17716890586451
15,94,38.84937556273003
15,95,38.548624251273004
15,96,36.50394374814202
15,97,37.57192275489933
15,98,34.07126631958595
15,99,32.688792780163055
15,100,29.12457472577071
15,101,27.855352266380617
15,102,24.39146211242958
15,103,22.644119200973787
15,104,20.224642309179977
15,105,20.856334331171006
15,106,21.240013576693272
15,107,17.567254902831174
15,108,17.96748098756766
15,109,21.018052268343514
16,1,44.25524144987789
16,2,40.6773072549321
16,3,38.10900080667501
16,4,34.34126706983408
16,5,31.724840015849637
16,6,28.088413315302997
16,7,26.108378346458206
16,8,22.79122348851273
16,9,19.98876356425564
16,10,17.650985080687846
16,11,13.860885274728659
16,12,11.993319773974429
16,13,8.644703046297845
16,14,6.292476759831479
16,15,3.7953260833037437
16,17,3.796711855359619
16,18,6.4496320284404165
16,19,9.84799768749839
16,20,10.361950049589366
16,21,8.51007387126954
16,22,5.852101350137518
16,23,5.2779554415054895
16,24,6.625743750463984
16,25,7.743735016698603
16,26,5.452924544496142
16,27,4.882080666652334
16,28,4.779562206748229
16,29,8.473698888006629
16,30,11.002788840183127
16,31,14.746048602855156
16,32,18.03875976825224
16,33,20.270575421692257
16,34,24.018548180166285
16,35,25.33235683500836
16,36,28.795961376423435
16,37,30.274466211915495
16,38,30.971776158455704
16,39,30.165542426783947
16,40,26.660571478425098
16,41,23.057766501583917
16,42,20.084824640974723
16,43,16.333539051433014
16,44,14.368283242350083
16,45,11.018435694648549
16,46,10.24051543676165
16,47,8.02364288134966
16,48,9.14291814818885
16,49,9.720988241609076
16,50,12.201217004187951
16,51,14.218412380326694
16,52,15.040677077329834
16,53,16.342079860773637
16,54,14.100327756509913
