1,2,3.848382412032756
1,3,6.506763314240733
1,4,10.043850958246779
1,5,12.669982778821447
1,6,15.86663660428657
1,7,18.90629043595992
1,8,20.392227744264137
1,9,21.39112631656825
1,10,24.952190950217222
1,11,25.658135129678193
1,12,26.735482351604748
1,13,26.806472639042777
1,14,25.342559885090328
1,15,25.329277862415793
1,16,29.12963239738244
1,17,32.35944611917614
1,18,31.599532408464487
1,19,28.657948331088473
1,20,25.26968160904974
1,21,21.73549155245256
1,22,20.93154610311107
1,23,17.392094004721177
1,24,16.292707976684916
1,25,13.8711154186231
1,26,12.519058526074529
1,27,12.210364474097819
1,28,8.852285717812252
1,29,7.577666187550595
1,30,7.226327458914711
1,31,10.174774403046762
1,32,11.413252366099389
1,33,15.256220952806197
1,34,17.625536330347725
1,35,21.445704625097996
1,36,24.629650161473492
1,37,25.80301984128979
1,38,22.80505833485623
1,39,19.78207844041961
1,40,16.192653491719845
1,41,14.334361028042036
1,42,11.039689829889372
1,43,11.991932037129185
1,44,10.512254893819778
1,45,12.837324045919566
1,46,12.817215911201492
1,47,16.13506031981253
1,48,18.727084809919205
1,49,22.171533492822352
1,50,24.809782900359252
1,51,26.3793150710069
1,52,24.12788106272613
1,53,25.92321440798403
1,54,23.147380207113457
1,55,19.779219040565735
1,56,17.60288093037397
1,57,15.8493344954984
1,58,14.22791970459465
1,59,14.859088492989757
1,60,13.627226937843139
1,61,15.561226986372805
1,62,14.490712166874747
1,63,16.955144898645543
1,64,21.217636955262073
1,65,17.98313058270185
1,66,17.12210234403829
1,67,14.502964285176422
1,68,15.407386824678133
1,69,18.214885235232607
1,70,18.424113015906986
1,71,20.259221325051513
1,72,21.9869925838109
1,73,22.85216096517754
1,74,25.854230757149146
1,75,28.19002177837786
1,76,30.97151501755215
1,77,29.042103613816902
1,78,26.5410546508689
1,79,26.73493530145532
1,80,25.947882954237844
1,81,26.320781932215183
1,82,23.480403332807708
1,83,24.701619512794544
1,84,22.369101344068874
1,85,24.83051845650041
1,86,25.859126413030552
1,87,23.956716611731732
1,88,26.19442780356911
1,89,25.365149748902976
1,90,23.59246242728939
1,91,24.651794564100687
1,92,22.48874750775376
1,93,24.969105011744
1,94,23.169549627009562
1,95,24.657851233671764
1,96,24.18978510716187
1,97,25.387637138129595
1,98,26.0257635545748
1,99,25.111682587220816
1,100,21.71846810557005
1,101,18.28417381244904
1,102,17.141165122592508
1,103,18.385641767481395
1,104,20.037124004266854
1,105,20.543310465375498
1,106,22.893367646672715
1,107,21.57062594112039
1,108,24.63497966182024
1,109,23.778889284303997
1,110,27.515333631512828
1,111,27.875311738054485
1,112,24.83452919007622
1,113,25.712634116348386
1,114,24.62044071601015
1,115,25.488608887778703
1,116,28.85751309601654
2,1,3.848382412032756
2,3,3.8387844352648433
2,4,6.955166246223774
2,5,9.422079884280603
2,6,12.929680057855437
2,7,15.918417013458267
2,8,17.265863391616527
2,9,18.581640521384177
2,10,21.94545506672752
2,11,22.690537471027966
2,12,24.097085881470164
2,13,24.052903727070895
2,14,22.910051770473945
2,15,23.240061441375243
2,16,27.012501866975295
2,17,30.268625228789425
2,18,29.736835995625054
2,19,26.569696660544764
2,20,23.365332315719375
2,21,19.685728224033735
2,22,19.00682741941817
2,23,15.739041983528335
2,24,15.000334306510366
2,25,13.397773864386664
2,26,12.457381344516618
2,27,13.294460989041156
2,28,10.538398626817376
2,29,7.971448546378022
2,30,6.807991383436637
2,31,8.541425783753917
2,32,9.363593985061422
2,33,13.119240982158168
2,34,15.174970453191968
2,35,19.020112677890957
2,36,22.196370722668213
2,37,23.827772356937256
2,38,21.11954852604588
2,39,18.478301670628998
2,40,14.681322537336795
2,41,13.380878534091757
2,42,10.595749557008045
2,43,11.793674665250684
2,44,11.265961367472785
2,45,13.936281822136182
2,46,14.893215441649218
2,47,18.249544737301676
2,48,20.426179468906682
2,49,24.09384290837738
2,50,26.614953619473983
2,51,27.72341201120234
2,52,25.29489397799972
2,53,27.222882333583446
2,54,24.604747153360606
2,55,21.002804809669538
2,56,19.160254717270554
2,57,16.886662456226357
2,58,15.498850912519998
2,59,15.39607512238746
2,60,14.227794075621926
2,61,15.528278309833382
2,62,14.059077115448803
2,63,16.866697834285915
2,64,21.907020680013236
2,65,18.981133538775023
2,66,18.758284883225727
2,67,16.618997388035613
2,68,16.915282181343624
2,69,19.505243793160087
2,70,19.95078979059087
2,71,21.346242481486822
2,72,23.22226308291221
2,73,23.640431267270998
2,74,26.73351121200016
2,75,28.735445199302166
2,76,31.60509039601839
2,77,29.577540956361467
2,78,26.71530866028619
2,79,26.681531844465002
2,80,26.1379285754583
2,81,26.366503010022242
2,82,23.757684473754495
2,83,25.071550571895305
2,84,22.692274126915706
2,85,25.31928212595773
2,86,25.944997554219217
2,87,23.6280443704214
2,88,25.84266498967818
2,89,25.028028373374234
2,90,23.0222216744514
2,91,24.109423889123747
2,92,22.081958148725683
2,93,24.358465340018615
2,94,22.753889581952134
2,95,24.19138667089068
2,96,24.26001385551811
2,97,25.40284501242856
2,98,26.493439621169934
2,99,25.529717763880516
2,100,21.894581505919252
2,101,18.834509390144426
2,102,17.126941382670665
2,103,18.191730125925066
2,104,19.16826687683147
2,105,19.653389493672506
2,106,21.622472675063463
2,107,20.323466054705776
2,108,23.32886839350782
2,109,22.418492605670725
2,110,26.063184099108817
2,111,26.879216138146205
2,112,23.83422000924513
2,113,24.656006057919903
2,114,23.58279166352262
2,115,24.954728483444477
2,116,28.187993066407728
3,1,6.506763314240733
3,2,3.8387844352648433
3,4,3.840018870598557
3,5,6.253777279773878
3,6,9.388321030500743
3,7,12.553878571338194
3,8,14.379369252533916
3,9,15.969086607163508
3,10,19.36356720691756
3,11,19.647990269301328
3,12,20.751935697007575
3,13,20.521788070375614
3,14,19.177137243832238
3,15,19.559746976268528
3,16,23.363818436099894
3,17,26.53969260497439
3,18,25.92492274982537
3,19,22.750412578966202
3,20,19.526926033441523
3,21,15.851430656358321
3,22,15.285015388734275
3,23,12.127315503481888
3,24,11.889044035893253
3,25,10.641693822683695
3,26,10.64421150267499
3,27,12.305088740615957
3,28,10.506750443832722
3,29,7.05776126912494
3,30,4.504281684267078
3,31,4.86690313409259
3,32,5.830728454207523
3,33,9.561816063981341
3,34,12.018959859031924
3,35,15.831042497524145
3,36,19.24590283290389
3,37,20.949738176196565
3,38,18.118984754444227
3,39,15.80744949870438
3,40,12.033047536259822
3,41,10.495472833295896
3,42,7.887958948870204
3,43,8.796803171344212
3,44,9.110573514949913
3,45,12.076586384848127
3,46,13.862226220257403
3,47,17.25760973444827
3,48,19.16641366150814
3,49,22.97404202732653
3,50,25.5935071010032
3,51,26.246172401174285
3,52,23.613059922590274
3,53,25.355182670210095
3,54,22.74565542249106
3,55,18.98124881103522
3,56,17.331214821224037
3,57,14.600573462480549
3,58,13.497890386952873
3,59,12.922886563092874
3,60,12.281342314451601
3,61,13.505402423230922
3,62,12.5455738351164
3,63,15.906602716500258
3,64,20.308008592956575
3,65,17.465263046671577
3,66,17.998436190134544
3,67,16.063230257035084
3,68,15.492051402195475
3,69,17.570058712959153
3,70,18.024362423105757
3,71,18.94413705640848
3,72,20.930861941078014
3,73,21.064074308306406
3,74,24.276960117687512
3,75,26.131755867355455
3,76,28.912676099634563
3,77,26.72632920064245
3,78,23.696018387335354
3,79,23.43103352096528
3,80,23.001604944772925
3,81,23.181660371127197
3,82,20.81091805056429
3,83,22.337401401421566
3,84,20.177112726976915
3,85,23.09608308870339
3,86,23.72603187604816
3,87,21.04948571808252
3,88,22.952176809082726
3,89,21.898218313167447
3,90,19.64534663821092
3,91,20.622590266679723
3,92,18.660376963379978
3,93,20.866017579318484
3,94,19.486460178288713
3,95,21.09897711924869
3,96,21.583464328996012
3,97,22.993658550448437
3,98,24.533986335846542
3,99,23.942776408966026
3,100,20.28795483460669
3,101,17.46620112153101
3,102,15.10798480969455
3,103,15.548555008538534
3,104,16.02878368141731
3,105,16.198027898729432
3,106,17.92585715815789
3,107,16.58481795939632
3,108,19.592210153199588
3,109,18.81046095999439
3,110,22.47076509629275
3,111,23.49159926329057
3,112,20.62578790440048
3,113,21.750721787730743
3,114,21.093067484202003
3,115,22.845510952077657
3,116,26.168474373016252
4,1,10.043850958246779
4,2,6.955166246223774
4,3,3.840018870598557
4,5,3.8292923554510687
4,6,6.616877082703981
4,7,10.14397717051754
4,8,12.427665918834343
4,9,14.822769620277848
4,10,17.802458182957
4,11,17.63034413141399
4,12,18.828212424267974
4,13,18.045400765073964
4,14,16.769688510048002
4,15,17.81363685785993
4,16,21.56153654785622
4,17,24.52716303163128
4,18,23.8907941878744
4,19,20.452020757034774
4,20,17.34957705718969
4,21,13.53130082277499
4,22,12.713057788206093
4,23,9.932549134456478
4,24,9.929575097876134
4,25,9.96214552974106
4,26,10.403153194536314
4,27,13.092653674975582
4,28,12.19338580608951
4,29,8.408142437493515
4,30,6.326648155910407
4,31,4.726970454986515
4,32,5.903443484013787
4,33,8.658177114026271
4,34,11.053151897244598
4,35,14.603938994711635
4,36,18.143054272080235
4,37,20.375133132736483
4,38,17.81147618806209
4,39,16.258194683889315
4,40,12.638825003462367
4,41,11.437892079226911
4,42,9.58591553260664
4,43,9.774804044320417
4,44,10.667769278564345
4,45,13.171530930833027
4,46,15.752775943065348
4,47,18.785965664896043
4,48,20.04538913497201
4,49,23.893045822369263
4,50,26.22316914398666
4,51,26.359393576984584
4,52,23.65476753600635
4,53,25.56595521253515
4,54,23.326525770590724
4,55,19.540714612587525
4,56,18.52763060388575
4,57,15.67904529839687
4,58,15.28805884286176
4,59,14.436179699677567
4,60,14.435823433854328
4,61,15.352737656104864
4,62,14.599473854790347
4,63,18.17819573780701
4,64,22.378236889821604
4,65,19.76452481503866
4,66,20.85861162744554
4,67,19.106277859579812
4,68,17.95369660042968
4,69,19.466718548935052
4,70,19.736014328825046
4,71,19.96134676807996
4,72,21.728780470050392
4,73,21.21251388708267
4,74,24.26102094437625
4,75,25.60295182461543
4,76,28.501711929184808
4,77,26.421508401209735
4,78,23.05945372576668
4,79,22.77839230959767
4,80,22.857684380453428
4,81,23.174141634971246
4,82,21.32778825014034
4,83,23.190502433466357
4,84,21.36659575003703
4,85,24.536218688043853
4,86,25.02030696480015
4,87,21.93234239517413
4,88,23.44240957222503
4,89,22.103192804187124
4,90,19.42548227225853
4,91,20.02678880771071
4,92,18.01666440261064
4,93,19.676978135957818
4,94,18.342238676157987
4,95,19.638019818864215
4,96,20.61195055879327
4,97,21.80511703060091
4,98,23.741318238288333
4,99,23.099788430127834
4,100,19.353006568699037
4,101,17.116784476512308
4,102,14.32150764997811
4,103,14.60130825128465
4,104,14.318777604557505
4,105,14.7051860571421
4,106,16.112964847982823
4,107,15.219828652529216
4,108,18.278636353132672
4,109,17.877694924637122
4,110,21.40246899822352
4,111,23.017554159849293
4,112,20.49013507993905
4,113,21.88636300403747
4,114,21.637054014607404
4,115,23.937154226409778
4,116,27.14566752215868
5,1,12.669982778821447
5,2,9.422079884280603
5,3,6.253777279773878
5,4,3.8292923554510687
5,6,3.837510157716805
5,7,6.6736747825022045
5,8,8.615989934899702
5,9,11.061158538546081
5,10,13.973745168980708
5,11,13.901876047733495
5,12,15.336734305125047
5,13,14.86601670979964
5,14,14.108530164771931
5,15,15.06004372348206
5,16,18.673455156679683
5,17,21.824256647725033
5,18,21.671889642559123
5,19,18.23909599312322
5,20,15.56347698152304
5,21,11.913253841155457
5,22,12.114462689329702
5,23,10.257666208987235
5,24,11.565584386005812
5,25,12.174487648744554
5,26,13.50015630654973
5,27,16.3389991621965
5,28,15.64230465317087
5,29,11.844855755667071
5,30,9.036030626631387
5,31,6.136945079620629
5,32,4.866420137755977
5,33,6.242211947430806
5,34,7.700057366464218
5,35,11.131542117350298
5,36,14.528783572424857
5,37,17.011259936091847
5,38,14.815743108871716
5,39,13.696491182139503
5,40,10.25880834639728
5,41,10.066475160725448
5,42,9.557405651247716
5,43,10.533054460178164
5,44,12.586687980270463
5,45,15.495070745566059
5,46,18.20037833088704
5,47,21.3770250811075
5,48,22.71247849620451
5,49,26.54928294537376
5,50,29.047857242778196
5,51,28.949059865893428
5,52,26.1300026129948
5,53,27.706605180324416
5,54,25.347583257744738
5,55,21.518060987166844
5,56,20.364901933820867
5,57,17.076030708796516
5,58,16.36704664454046
5,59,14.618141457459316
5,60,14.312103919123798
5,61,14.292580840126037
5,62,13.251289457103423
5,63,16.771959397586173
5,64,21.353266799033907
5,65,19.29110736835437
5,66,20.85162844666595
5,67,19.775157980693315
5,68,18.324715871124802
5,69,19.732078582528477
5,70,20.57716806862619
5,71,20.73951499872398
5,72,22.92974894511772
5,73,22.461505262751444
5,74,25.708265642584127
5,75,27.023482684161323
5,76,29.626867425916704
5,77,27.215681859509527
5,78,23.81989036951021
5,79,22.946192974130675
5,80,22.826242275839085
5,81,22.596683134620296
5,82,20.819400700799893
5,83,22.34985683323421
5,84,20.350119164825138
5,85,23.356959413157707
5,86,23.320368135619884
5,87,20.048610425044203
5,88,21.632518764669122
5,89,20.63186947207897
5,90,18.143665726055026
5,91,19.17098221567864
5,92,17.821962812317146
5,93,19.590742878940812
5,94,18.975370314452874
5,95,20.667341017794
5,96,22.227000081724846
5,97,23.768536632488846
5,98,26.113623884452245
5,99,25.82693295535323
5,100,22.16932610567585
5,101,20.16355711142386
5,102,17.010916756029356
5,103,16.57527177567824
5,104,15.549587817352343
5,105,15.157106647376828
5,106,15.657754765733033
5,107,14.225552286909226
5,108,16.70150169778522
5,109,15.800777365574401
5,110,19.02914308905853
5,111,20.86294200483658
5,112,18.24187945618202
5,113,19.32052429280699
5,114,18.987662341277616
5,115,21.621706268225047
5,116,24.577658144685977
6,1,15.86663660428657
6,2,12.929680057855437
6,3,9.388321030500743
6,4,6.616877082703981
6,5,3.837510157716805
6,7,3.828330248803451
6,8,7.112853405674797
6,9,10.104306515763096
6,10,12.613839808325041
6,11,11.559560395057938
6,12,12.428130632056334
6,13,11.428530159109414
6,14,10.382495501007531
6,15,11.706668240043768
6,16,15.286146862648902
6,17,18.238461670945917
6,18,17.99814547408072
6,19,14.480067144417847
6,20,11.918629737731525
6,21,8.337233592280594
6,22,8.98638409789396
6,23,8.122285800590152
6,24,10.472226728213123
6,25,11.924553377145715
6,26,14.11465951182799
6,27,17.330813992609542
6,28,17.429217583760554
6,29,13.685405817412732
6,30,10.87948330764789
6,31,7.204655982949735
6,32,5.970723228714296
6,33,4.978340199158319
6,34,6.454045979551798
6,35,9.059395806127498
6,36,12.651411670890537
6,37,15.277116456763222
6,38,13.163769127014396
6,39,12.94060667221078
6,40,10.211216176967053
6,41,10.033395791280983
6,42,10.385681556600714
6,43,10.673541428441084
6,44,13.331523009884092
6,45,15.909178392694823
6,46,19.06372869524334
6,47,21.953235725596713
6,48,22.895245017277947
6,49,26.634259049889753
6,50,29.075441663011866
6,51,28.50702343331753
6,52,25.61488539358468
6,53,26.949716065634433
6,54,24.767631221364553
6,55,21.027116425968316
6,56,20.24669206711904
6,57,16.819060873144807
6,58,16.586909518993423
6,59,14.508592481115619
6,60,14.88974523157155
6,61,14.69240545779467
6,62,14.361185134476758
6,63,17.969750647678072
6,64,21.491788551306016
6,65,19.70213395613714
6,66,21.869395284006266
6,67,21.025337393484808
6,68,18.92972183670695
6,69,19.64172834329824
6,70,20.404547308477543
6,71,19.952828397432146
6,72,22.076823328465636
6,73,21.222855829039556
6,74,24.390903157082576
6,75,25.39608138021609
6,76,27.80843440276521
6,77,25.314358420907705
6,78,21.80696147114803
6,79,20.64206657354964
6,80,20.77181715124769
6,81,20.484581061410264
6,82,19.231520511621273
6,83,20.9743101023273
6,84,19.423155436922183
6,85,22.60698167047535
6,86,22.547659910840714
6,87,18.96796705225039
6,88,19.98161259908341
6,89,18.67928954948643
6,90,15.907689701212938
6,91,16.65743969574529
6,92,15.561333378079622
6,93,16.972338815598235
6,94,16.807605927252517
6,95,18.579924212078122
6,96,20.699609794674235
6,97,22.43244410254815
6,98,25.20941851609237
6,99,25.315127691677
6,100,21.850238874703333
6,101,20.306600973410006
6,102,16.772342927530946
6,103,15.62013779695662
6,104,13.791616315953686
6,105,12.91853689689834
6,106,12.6962543333612
6,107,11.349452354669705
6,108,13.586075734599806
6,109,12.99872123091977
6,110,16.032368461634988
6,111,18.310789722803143
6,112,16.161041003189386
6,113,17.652384844601475
6,114,17.989194388385243
6,115,21.035295224505564
6,116,23.92121824387425
7,1,18.90629043595992
7,2,15.918417013458267
7,3,12.553878571338194
7,4,10.14397717051754
7,5,6.6736747825022045
7,6,3.828330248803451
7,8,3.830639567699936
7,9,7.0398675667968265
7,10,9.058759371842012
7,11,7.731611725785595
7,12,8.848723872490572
7,13,8.270988624489217
7,14,8.228540441016177
7,15,9.432274692947884
7,16,12.629284594748658
7,17,15.76533363488989
7,18,16.234085030224453
7,19,12.851860379935145
7,20,11.168177661384536
7,21,8.390115042297746
7,22,10.375032213086596
7,23,10.717826848827732
7,24,13.680351914382683
7,25,15.296946627242448
7,26,17.787053975276276
7,27,20.960106540361146
7,28,21.073447428151187
7,29,17.354523921685193
7,30,14.29883544753389
7,31,10.551676355267874
7,32,8.30735091506763
7,33,5.731927460897678
7,34,4.813656477180291
7,35,6.062111077771937
7,36,9.285568123886815
7,37,12.328963277401986
7,38,10.945725358367085
7,39,11.643962806805114
7,40,9.736563364820812
7,41,10.761908499855794
7,42,12.329607096830193
7,43,13.162769501944261
7,44,16.320188298734486
7,45,19.05541540664011
7,46,22.14541479721593
7,47,25.08608536976512
7,48,26.09042442862378
7,49,29.756570517787736
7,50,32.295973307254485
7,51,31.569539996744048
7,52,28.642476174098928
7,53,29.68444791280152
7,54,27.448344082039192
7,55,23.77879596095234
7,56,22.897549050046823
7,57,19.28240800846534
7,58,18.795528787505646
7,59,16.12148225889752
7,60,16.22136209824535
7,61,15.15675607259584
7,62,14.651570669089594
7,63,17.90060323380995
7,64,21.510671358296033
7,65,20.374694389818195
7,66,22.893311016442492
7,67,22.669797986938253
7,68,20.41662782429411
7,69,20.98667978855655
7,70,22.22464736654354
7,71,21.738951126809614
7,72,24.14947079071242
7,73,23.37610644338941
7,74,26.608309199861004
7,75,27.56213262493959
7,76,29.63614828495675
7,77,26.89974707842806
7,78,23.486710685941063
7,79,21.781657491150693
7,80,21.711008143583538
7,81,20.855977776530818
7,82,19.776098162208505
7,83,21.091617805838858
7,84,19.465153165372506
7,85,22.340619521074025
7,86,21.705043656327497
7,87,18.031720206220882
7,88,19.0072111885171
7,89,18.13713448101887
7,90,15.730063268417341
7,91,16.90191510186481
7,92,16.639991233805418
7,93,18.042666693354214
7,94,18.63004992813109
7,95,20.666087678283837
7,96,23.198738068634057
7,97,25.15696932686886
7,98,28.178379881181286
7,99,28.545287379683064
7,100,25.2108341686796
7,101,23.83254519313169
7,102,20.190366847150283
7,103,18.635982274795737
7,104,16.382511319689296
7,105,14.897196688038665
7,106,13.712384668922956
7,107,11.897028490273525
7,108,13.085065940381417
7,109,11.899864214267355
7,110,14.258855468978842
7,111,16.831329025228772
7,112,14.747213912003458
7,113,15.810305986456626
7,114,16.15431836726877
7,115,19.55771686908731
7,116,22.02725209364123
8,1,20.392227744264137
8,2,17.265863391616527
8,3,14.379369252533916
8,4,12.427665918834343
8,5,8.615989934899702
8,6,7.112853405674797
8,7,3.830639567699936
8,9,3.8568776911170466
8,10,5.557961557410051
8,11,5.551588939186981
8,12,8.061082601446428
8,13,8.789125853001398
8,14,10.169330398418774
8,15,10.797272180148182
8,16,13.331755823958236
8,17,16.6745643940721
8,18,17.94335381420515
8,19,14.90260021571817
8,20,13.95502993215321
8,21,11.759372737679048
8,22,14.1104850951664
8,23,14.51337040345142
8,24,17.402609943532703
8,25,18.797740682813494
8,26,21.10759487580359
8,27,24.118400444610764
8,28,23.824455958228544
8,29,20.082403584417385
8,30,16.84604693894458
8,31,13.327554874573181
8,32,10.386244580003634
8,33,7.989768530396815
8,34,5.13186837565305
8,35,5.368653930862347
8,36,7.310750426745926
8,37,10.809585514716996
8,38,10.45270733902931
8,39,11.386380237011123
8,40,9.886185753344899
8,41,12.128273961488322
8,42,14.223321410873163
8,43,15.853570715295442
8,44,19.10201513096466
8,45,22.160926969590427
8,46,24.982310789006142
8,47,28.14859969527354
8,48,29.434520492993762
8,49,33.130240362486205
8,50,35.79296752681897
8,51,35.21103510510565
8,52,32.2771993519014
8,53,33.2514417460632
8,54,30.85422132027859
8,55,27.154317835400676
8,56,25.9689722540223
8,57,22.254689471685396
8,58,21.275013919808835
8,59,18.29094614944429
8,60,17.692248110491626
8,61,15.887028716093186
8,62,14.657588440500351
8,63,17.349513662730097
8,64,21.891533379820522
8,65,21.26751235048795
8,66,23.698602678861043
8,67,23.959068744665604
8,68,21.99718200201473
8,69,22.901611814537624
8,70,24.627694841694158
8,71,24.507336261188996
8,72,27.211076391486923
8,73,26.732435554815947
8,74,30.085793186222254
8,75,31.186539667432616
8,76,33.12444965556844
8,77,30.23396797619332
8,78,26.94545122877643
8,79,24.995249554367945
8,80,24.600319948652782
8,81,23.297662185931475
8,82,22.00353897421511
8,83,22.753743810327514
8,84,20.721669832385608
8,85,23.110848887747906
8,86,21.853650102517364
8,87,18.378280292290405
8,88,19.78704818806482
8,89,19.627520569584792
8,90,17.82098340458619
8,91,19.543996242092085
8,92,19.766760322675314
8,93,21.388590903542784
8,94,22.238750334998873
8,95,24.418651888264144
8,96,26.95887355095229
8,97,28.97413036794507
8,98,31.964628992400293
8,99,32.286135465503165
8,100,28.894354938786105
8,101,27.383591072633916
8,102,23.813171886303305
8,103,22.353622344143353
8,104,20.19395406655728
8,105,18.58616985355838
8,106,17.20964577699822
8,107,15.051801817068647
8,108,15.619844309016743
8,109,13.720145432952163
8,110,15.485865955074798
8,111,17.888631631086167
8,112,15.514518503108738
8,113,15.66534675920086
8,114,15.348873429585648
8,115,18.783228298201088
8,116,20.7556548427953
9,1,21.39112631656825
9,2,18.581640521384177
9,3,15.969086607163508
9,4,14.822769620277848
9,5,11.061158538546081
9,6,10.104306515763096
9,7,7.0398675667968265
9,8,3.8568776911170466
9,10,3.8606466152822767
9,11,5.645000045682838
9,12,7.966087340232648
9,13,10.243739731342552
9,14,11.904751642088033
9,15,11.334545952349794
9,16,13.417987241774792
9,17,17.030210176727707
9,18,18.78325060181873
9,19,16.316561769612452
9,20,15.69051906997674
9,21,14.001576872031247
9,22,16.827130079671143
9,23,17.134472245892617
9,24,20.152423615586223
9,25,21.061095545480104
9,26,23.469353196145114
9,27,26.14643154104298
9,28,25.60379009513418
9,29,21.99643714134389
9,30,18.462077243937216
9,31,15.157846547003913
9,32,11.639070113762157
9,33,9.162743733648696
9,34,5.368540951637144
9,35,4.533774245423121
9,36,4.867209128652933
9,37,8.007168512284299
9,38,8.330685670911484
9,39,9.302185791283016
9,40,8.642352936710049
9,41,11.82769219692502
9,42,14.588965594861673
9,43,16.869997899261204
9,44,20.315108738647062
9,45,23.659066263954994
9,46,26.12369834102987
9,47,29.4701647760301
9,48,31.11762012094284
9,49,34.757529069299196
9,50,37.67716689328735
9,51,37.2737601035705
9,52,34.322286985159025
9,53,34.9958137574926
9,54,32.315281586567416
9,55,28.648101943094378
9,56,27.045536201138198
9,57,23.232035353739597
9,58,21.713586094832312
9,59,18.368649754197037
9,60,17.18898767532043
9,61,14.65492408577434
9,62,13.099443567635012
9,63,15.13684646704388
9,64,19.94078462712137
9,65,19.909092008432356
9,66,22.364197218666025
9,67,23.22079793041089
9,68,21.41183051983306
9,69,22.475526107550674
9,70,24.734925022612742
9,71,24.99353309508615
9,72,28.062376459732604
9,73,28.043701321743967
9,74,31.580210935741768
9,75,33.0059827149377
9,76,34.6541016224681
9,77,31.499168111865508
9,78,28.486800098399364
9,79,26.195287207990706
9,80,25.26529288368689
9,81,23.431049508336418
9,82,21.837153695696866
9,83,21.930815130214388
9,84,19.533619735999707
9,85,21.378868481149148
9,86,19.591709607344356
9,87,16.403058951842272
9,88,18.2260841859213
9,89,18.80158256241387
9,90,17.73304937028965
9,91,20.10447249169199
9,92,20.883805742358188
9,93,22.947314517731446
9,94,24.15798800165858
9,95,26.73662334653063
9,96,29.21013421105553
9,97,31.538005518150232
9,98,34.479410880092765
9,99,35.006021023962376
9,100,31.666525735936066
9,101,29.897433738912632
9,102,26.366932067311566
9,103,24.72924329897439
9,104,22.764699946203116
9,105,20.735052312081095
9,106,19.220555396619606
9,107,16.477905771438213
9,108,16.46202457212876
9,109,13.778335453487745
9,110,15.126999070742084
9,111,16.967986284800027
9,112,14.22815877231849
9,113,13.483615752455485
9,114,12.52229216542999
9,115,15.856236506820451
9,116,17.458397041020525
10,1,24.952190950217222
10,2,21.94545506672752
10,3,19.36356720691756
10,4,17.802458182957
10,5,13.973745168980708
10,6,12.613839808325041
10,7,9.058759371842012
10,8,5.557961557410051
10,9,3.8606466152822767
10,11,3.853682765438393
10,12,7.170145269360083
10,13,9.614256168356892
10,14,12.364927236306395
10,15,12.20139270005289
10,16,13.339099872882482
10,17,16.56098405508576
10,18,18.888125427750648
10,19,16.604849690435294
10,20,16.8023821768564
10,21,15.6588248161677
10,22,18.62409252949564
10,23,19.546340530097524
10,24,22.695334355239197
10,25,24.048903050021007
10,26,26.520055109835177
10,27,29.418937153548725
10,28,29.033917470779677
10,29,25.349968798323808
10,30,21.94027526812309
10,31,18.503310895123867
10,32,15.19249645367129
10,33,12.510148697945386
10,34,8.84294848442846
10,35,6.852446718880714
10,36,5.374292931507581
10,37,8.850089277240675
10,38,10.521236297384954
10,39,12.406815799856565
10,40,12.355927965904682
10,41,15.511735797935964
10,42,18.333855226999876
10,43,20.385342925656225
10,44,23.863175622811013
10,45,27.065232392432783
10,46,29.704799663707725
10,47,32.94948087095563
10,48,34.39364970922224
10,49,38.0157810934372
10,50,40.81982084691372
10,51,40.19164782748186
10,52,37.23762796213045
10,53,37.91957776796939
10,54,35.40887093416824
10,55,31.79441261051607
10,56,30.41542015496775
10,57,26.606560763784323
10,58,25.296838661773926
10,59,21.91529801846285
10,60,20.91101753038797
10,61,18.28777171077914
10,62,16.80167753355314
10,63,18.54258503336281
10,64,23.139903490366294
10,65,23.41689653292023
10,66,25.994825594511344
10,67,26.99530969446313
10,68,25.091323004425362
10,69,25.952230372917047
10,70,28.188459563801718
10,71,28.199894263681035
10,72,31.18183911154392
10,73,30.924622789086897
10,74,34.33676525330643
10,75,35.487518878383995
10,76,37.054462288495536
10,77,33.932710282310865
10,78,30.86724044556971
10,79,28.447193035571384
10,80,27.725073277622617
10,81,25.80603879208075
10,82,24.59814586959731
10,83,24.659792722708058
10,84,22.49656149545346
10,85,24.18068655369426
10,86,22.10454331668147
10,87,18.961270213842457
10,88,20.448664325558617
10,89,21.112038430683867
10,90,20.105413763500774
10,91,22.30876091879691
10,92,23.345396142580814
10,93,25.027487089766776
10,94,26.479601855640475
10,95,28.895547959250703
10,96,31.660384548503696
10,97,33.88848904939866
10,98,37.01562555215084
10,99,37.55414440030696
10,100,34.254609607240106
10,101,32.774182935824236
10,102,29.15506214205717
10,103,27.438565660393092
10,104,25.111028214478107
10,105,23.087151351533745
10,106,21.14328678629562
10,107,18.66550743328634
10,108,18.18669353660974
10,109,15.676663551492535
10,110,16.24745706557943
10,111,18.466489363088076
10,112,16.250431268834003
10,113,15.32794969541131
10,114,14.607027557182187
10,115,18.068577257093416
10,116,19.041241299815496
11,1,25.658135129678193
11,2,22.690537471027966
11,3,19.647990269301328
11,4,17.63034413141399
11,5,13.901876047733495
11,6,11.559560395057938
11,7,7.731611725785595
11,8,5.551588939186981
11,9,5.645000045682838
11,10,3.853682765438393
11,12,3.8468769594953134
11,13,5.795387459557564
11,14,8.839792820114077
11,15,9.126870458888348
11,16,10.081102965015534
11,17,13.096404228604035
11,18,15.329191306487882
11,19,12.959556536344698
11,20,13.493906937874014
11,21,12.79536887388702
11,22,15.926221402187446
11,23,17.458367605128537
11,24,20.849962386202193
11,25,22.589056778190205
11,26,25.364827794873264
11,27,28.46649965363503
11,28,28.580628845886537
11,29,24.90803149542684
11,30,21.621147265514573
11,31,17.910399354090682
11,32,15.014245405110302
11,33,11.777810821820246
11,34,8.658390818681903
11,35,5.896551052233015
11,36,5.145823860125088
11,37,8.793068729227121
11,38,10.086688064494917
11,39,12.674463959974931
11,40,12.831896842834455
11,41,15.360333043719999
11,42,18.182254763648668
11,43,19.577709400775824
11,44,23.14052486692345
11,45,26.002384050448367
11,46,28.939970243157987
11,47,31.910758031839322
11,48,32.9983401470113
11,49,36.52120213589748
11,50,39.18407112471419
11,51,38.23718413945151
11,52,35.29358094764158
11,53,35.8897201448386
11,54,33.60860643953733
11,55,30.117703723265194
11,56,29.107534607390658
11,57,25.356228062911892
11,58,24.53330216849312
11,59,21.21937477163937
11,60,20.892012092652628
11,61,18.629167404233765
11,62,17.88924740146667
11,63,20.08227521211305
11,64,23.539863315280734
11,65,23.650472051010514
11,66,26.567604628792836
11,67,27.355323901057773
11,68,25.000992229494397
11,69,25.335101708617795
11,70,27.244377737311943
11,71,26.74708647415002
11,72,29.492133193919393
11,73,28.877042784298215
11,74,32.1045156382163
11,75,32.95856001736865
11,76,34.43886475119208
11,77,31.39911611903601
11,78,28.279348572574115
11,79,25.814210523341472
11,80,25.413655169756943
11,81,23.654685325848877
11,82,22.948869648784967
11,83,23.39181945932486
11,84,21.76077103032285
11,85,23.79330034899348
11,86,22.056147430181113
11,87,18.598672570336937
11,88,19.397985794825328
11,89,19.517863995096764
11,90,18.12242899295623
11,91,19.88270896842228
11,92,20.975134417153594
11,93,22.245347176599722
11,94,23.8929738894126
11,95,26.19445019660271
11,96,29.214099703636073
11,97,31.44054512396695
11,98,34.75555356850596
11,99,35.48709144213729
11,100,32.361525925983834
11,101,31.207378786881932
11,102,27.46525458619054
11,103,25.45654988973164
11,104,22.77198401094518
11,105,20.628098828802376
11,106,18.300598072228187
11,107,16.105541787540428
11,108,15.387195853116676
11,109,13.34732892392513
11,110,13.678329530825607
11,111,16.452169456627875
11,112,14.853561482740893
11,113,14.70355651832779
11,114,14.972441498415174
11,115,18.733496996033885
11,116,19.97045374549236
12,1,26.735482351604748
12,2,24.097085881470164
12,3,20.751935697007575
12,4,18.828212424267974
12,5,15.336734305125047
12,6,12.428130632056334
12,7,8.848723872490572
12,8,8.061082601446428
12,9,7.966087340232648
12,10,7.170145269360083
12,11,3.8468769594953134
12,13,3.8871245872765376
12,14,6.498012921387185
12,15,5.922143301423336
12,16,6.268277463657641
12,17,9.423403677258452
12,18,11.775048472977208
12,19,9.86701070532719
12,20,10.900155082263186
12,21,11.149612945049128
12,22,14.719990376100345
12,23,16.709105195035782
12,24,20.386316328215912
12,25,22.09972810874619
12,26,25.261845298098404
12,27,28.284970973187338
12,28,28.790685563366214
12,29,25.28614319675846
12,30,21.980289814626307
12,31,18.198109212237416
12,32,15.520543752762613
12,33,11.823296732121488
12,34,9.285222580882598
12,35,5.766440431291448
12,36,5.0804845965382945
12,37,7.599147772897327
12,38,8.666355974136811
12,39,11.95653641145318
12,40,12.888640808726343
12,41,14.94682161952449
12,42,18.0170332882487
12,43,18.995551980772635
12,44,22.69758403460589
12,45,25.31174300707273
12,46,28.288573295042667
12,47,31.033392566675502
12,48,31.977371531245407
12,49,35.312346175558645
12,50,38.005389339337476
12,51,36.85972327619932
12,52,33.93238369911417
12,53,34.18292332750229
12,54,31.948731329288005
12,55,28.657772145649492
12,56,27.767797700201196
12,57,24.0723569796492
12,58,23.46543826584109
12,59,20.081872557447834
12,60,20.221940494513817
12,61,18.057285139607863
12,62,18.09374514561856
12,63,20.327212411859737
12,64,22.37849184830531
12,65,22.648774683357065
12,66,25.912881154802633
12,67,26.800583715732312
12,68,24.05420400209834
12,69,23.839636018162203
12,70,25.673567704129265
12,71,24.847249853373604
12,72,27.54112540074629
12,73,26.8755044712084
12,74,30.010621983379274
12,75,30.806524446730435
12,76,31.955821658180387
12,77,28.816902655142485
12,78,25.884906535598347
12,79,23.134642725272542
12,80,22.683613319908662
12,81,20.751032273688875
12,82,20.435063602634827
12,83,20.887842568091052
12,84,19.718846870687155
12,85,21.780788043996687
12,86,20.195558459450428
12,87,16.648766416991965
12,88,16.79856683504371
12,89,16.7098608605502
12,90,15.381417300403093
12,91,17.04133387684109
12,92,18.592825632945654
12,93,19.74632005650353
12,94,21.86503565831854
12,95,24.363303284873997
12,96,27.545808764068173
12,97,30.030224731428643
12,98,33.468604439261085
12,99,34.59129854973556
12,100,31.725929628365524
12,101,30.70496234907721
12,102,26.89696116259089
12,103,24.43564720667403
12,104,21.58828532523495
12,105,18.99079970007561
12,106,16.211230858601315
12,107,13.894872694672223
12,108,12.456755001104213
12,109,10.459934479826712
12,110,10.155927876159842
12,111,13.151840253922595
12,112,12.166781437232776
12,113,12.481813414794177
12,114,13.654664548798666
12,115,17.51271414795574
12,116,18.82192341319886
13,1,26.806472639042777
13,2,24.052903727070895
13,3,20.521788070375614
13,4,18.045400765073964
13,5,14.86601670979964
13,6,11.428530159109414
13,7,8.270988624489217
13,8,8.789125853001398
13,9,10.243739731342552
13,10,9.614256168356892
13,11,5.795387459557564
13,12,3.8871245872765376
13,14,3.824789011642695
13,15,5.6623467746001745
13,16,6.377932778094142
13,17,8.637660310207085
13,18,10.208240558860364
13,19,7.475983705285733
13,20,8.606484352136638
13,21,8.934029775975976
13,22,12.150769758414054
13,23,14.699364102837393
13,24,18.31359162608006
13,25,20.567227802227656
13,26,23.727921207353923
13,27,27.013858431523797
13,28,27.8969097315578
13,29,24.395661580507046
13,30,21.44951403906474
13,31,17.588271883943825
13,32,15.598380866503547
13,33,12.016691774349509
13,34,10.428524827364514
13,35,7.850067790355724
13,36,8.605185953480415
13,37,11.207078305017633
13,38,11.439874431631077
13,39,14.36620101053944
13,40,14.651765310983913
13,41,15.966504542217132
13,42,18.48895983437454
13,43,18.766627478230564
13,44,22.242531326535044
13,45,24.44027271941293
13,46,27.735986768052676
13,47,30.194474650779867
13,48,30.700942092490553
13,49,33.99628571854515
13,50,36.400971480257866
13,51,34.97761386680201
13,52,32.09503835327505
13,53,32.543107285934724
13,54,30.664214136548384
13,55,27.446065928977678
13,56,27.054889168665586
13,57,23.529919440927685
13,58,23.52271984516059
13,59,20.511221984928362
13,60,21.24056803968251
13,61,19.696676449637184
13,62,20.013331330513598
13,63,22.716710752989982
13,64,24.51895020566971
13,65,24.298448516923145
13,66,27.556101877848494
13,67,27.95736048712972
13,68,25.04191665691929
13,69,24.58311327341227
13,70,25.875081593103065
13,71,24.58518222560991
13,72,26.84677144968987
13,73,25.655776290886564
13,74,28.513535345005625
13,75,28.878830145956435
13,76,30.219688537931184
13,77,27.370049674290552
13,78,24.198942996572598
13,79,21.74656322088523
13,80,21.93804562278396
13,81,20.58432126819652
13,82,20.732003420112544
13,83,21.854846446493365
13,84,21.141589443121827
13,85,23.676873651718513
13,86,22.62132969519304
13,87,18.889910617693367
13,88,18.608491963966642
13,89,17.73166996986727
13,90,15.654181134282668
13,91,16.455311505655942
13,92,17.509222873375904
13,93,17.992966165475767
13,94,19.905657224547983
13,95,21.962157008554314
13,96,25.333222641934906
13,97,27.535755353140107
13,98,31.093195467070107
13,99,32.143148176492986
13,100,29.361129908623308
13,101,28.729686047122872
13,102,24.894026754497865
13,103,22.449522589569927
13,104,19.27115189343729
13,105,16.982242242969146
13,106,14.067651954824116
13,107,12.563191654251458
13,108,11.530726066240971
13,109,10.737819723610311
13,110,10.786748380720592
13,111,14.348923436579716
13,112,13.914414838929574
13,113,15.127021270153989
13,114,16.73873159990728
13,115,20.575202147743422
13,116,22.22622011148319
14,1,25.342559885090328
14,2,22.910051770473945
14,3,19.177137243832238
14,4,16.769688510048002
14,5,14.108530164771931
14,6,10.382495501007531
14,7,8.228540441016177
14,8,10.169330398418774
14,9,11.904751642088033
14,10,12.364927236306395
14,11,8.839792820114077
14,12,6.498012921387185
14,13,3.824789011642695
14,15,3.8325143496771443
14,16,5.952812223857159
14,17,8.059102522665233
14,18,8.178505059826982
14,19,4.76781725727258
14,20,4.8307562372630946
14,21,5.4500478341341925
14,22,8.876214446043566
14,23,11.667631026289468
14,24,15.390038246161845
14,25,17.607111625467134
14,26,20.98681923050618
14,27,24.196056959441297
14,28,25.428079140617303
14,29,22.1291688908124
14,30,19.350825711855197
14,31,15.56690663869139
14,32,14.1443746279541
14,33,10.609124027160044
14,34,10.236021250632485
14,35,8.438962544987563
14,36,10.338281979004414
14,37,12.29703878003773
14,38,11.368783795960947
14,39,13.868826318097733
14,40,13.979088551606061
14,41,14.382014315784266
14,42,16.574388548769978
14,43,16.213613954785828
14,44,19.57338150185854
14,45,21.426931454567164
14,46,24.801448227870463
14,47,27.014653749597333
14,48,27.3340218431728
14,49,30.51450955653046
14,50,32.88140905886459
14,51,31.36107205789408
14,52,28.494447650227254
14,53,28.832853071875785
14,54,27.029632272920928
14,55,23.916934605401252
14,56,23.727383308149008
14,57,20.335989771483987
14,58,20.70704851964715
14,59,17.94793134054141
14,60,19.25555939696873
14,61,18.270616441055672
14,62,19.21070817469527
14,63,22.221411296468368
14,64,23.12029582972038
14,65,22.534943044225187
14,66,25.8547849583542
14,67,25.946614455226626
14,68,22.797470699459833
14,69,21.97507748530533
14,70,22.89112919632438
14,71,21.28048509731594
14,72,23.322831197517637
14,73,21.962921842106987
14,74,24.73868618758817
14,75,25.065622022671295
14,76,26.40047365337992
14,77,23.583078173244008
14,78,20.381266380591825
14,79,17.990727066457406
14,80,18.370438542236094
14,81,17.335615112310673
14,82,17.716944658779056
14,83,19.30219515410499
14,84,19.002240229249363
14,85,21.90775848529141
14,86,21.44456688746663
14,87,17.622056006274658
14,88,16.935419308857167
14,89,15.375023267949679
14,90,12.767720893438732
14,91,13.04010118262121
14,92,13.850168714745356
14,93,14.179164851951287
14,94,16.119460950845273
14,95,18.254113743056337
14,96,21.643031842500964
14,97,23.97768009677172
14,98,27.55533392334168
14,99,28.80760171451585
14,100,26.18234575527185
14,101,25.610733601787686
14,102,21.77173806493005
14,103,19.069104647035367
14,104,15.841339055959851
14,105,13.337423293848738
14,106,10.279332372358805
14,107,8.923537361421502
14,108,8.104237436083128
14,109,8.167624899195605
14,110,8.901903079634955
14,111,12.540239599707915
14,112,12.410694725302228
14,113,14.519198903441575
14,114,16.641089631914785
14,115,20.307252265519395
14,116,22.453109740387603
15,1,25.329277862415793
15,2,23.240061441375243
15,3,19.559746976268528
15,4,17.81363685785993
15,5,15.06004372348206
15,6,11.706668240043768
15,7,9.432274692947884
15,8,10.797272180148182
15,9,11.334545952349794
15,10,12.20139270005289
15,11,9.126870458888348
15,12,5.922143301423336
15,13,5.6623467746001745
15,14,3.8325143496771443
15,16,3.8582626949134378
15,17,7.137519468031682
15,18,7.7207626046879385
15,19,5.738394464201227
15,20,5.8496909475535315
15,21,7.015130409757365
15,22,10.848893500478495
15,23,13.042858519414418
15,24,16.865726045298672
15,25,18.379749162414956
15,26,21.93285072236356
15,27,24.75949580047259
15,28,25.822623860168616
15,29,22.66884508947783
15,30,19.557877868300718
15,31,15.898249243804752
15,32,13.985442193964717
15,33,10.201343500209687
15,34,9.520966065575777
15,35,7.122718249688882
15,36,8.608030317395517
15,37,9.498079698274633
15,38,8.335498279889316
15,39,11.165094885314069
15,40,12.154281371106071
15,41,12.737687506679842
15,42,15.520501660373238
15,43,15.552160539646467
15,44,19.180033166303414
15,45,21.282814248263435
15,46,24.319360435030024
15,47,26.67190042040469
15,48,27.363937953440395
15,49,30.45780493429651
15,50,33.13822177878
15,51,31.821414904396775
15,52,28.93408437843074
15,53,28.859551617787044
15,54,26.70167130316049
15,55,23.642376682923175
15,56,22.994356292241843
