1,2,3.846246771255036
1,3,6.506478056749519
1,4,10.040527891090024
1,5,12.664494003118818
1,6,15.858124598882672
1,7,18.893890804249814
1,8,20.331289887134968
1,9,21.365006747409666
1,10,24.899889591091767
1,11,25.47739439769604
1,12,26.632316773124064
1,13,26.715205579897056
1,14,25.318884174141957
1,15,25.25523597893304
1,16,29.06221036353631
1,17,32.32224113594991
1,18,31.609180970323393
1,19,28.65320071292666
1,20,25.282037651124057
1,21,21.737441075102506
1,22,20.956772679641794
1,23,17.40848916979579
1,24,16.29792853907641
1,25,13.847271352190647
1,26,12.49695859718294
1,27,12.203258546153023
1,28,8.850732108656022
1,29,7.562525821947666
1,30,7.228856899247195
1,31,10.177305500286904
1,32,11.410289086677436
1,33,15.250733027672252
1,34,17.613595705608844
1,35,21.446792133610153
1,36,24.625014411021844
1,37,25.656394936188807
1,38,22.711177505573957
1,39,19.747736506170583
1,40,16.195329668734836
1,41,14.336155896446064
1,42,11.042665636718306
1,43,11.99793163968629
1,44,10.516292915669325
1,45,12.83830597191648
1,46,12.822248335957386
1,47,16.13484773090578
1,48,18.715883385214912
1,49,22.224073644662678
1,50,24.628016418571768
1,51,26.263365366851442
1,52,23.961032356968687
1,53,25.91161037993349
1,54,23.13691584857963
1,55,19.780168125808917
1,56,17.610325104021214
1,57,15.85572570399256
1,58,14.236196835011205
1,59,14.860376284243136
1,60,13.622385386404346
1,61,15.548400201973008
1,62,14.480670050361013
1,63,15.450732040726637
1,64,18.22854689535452
1,65,18.430063090640633
1,66,20.27998053403708
1,67,21.95420375342817
1,68,22.787650861089755
1,69,25.721290436530754
1,70,28.067400408486495
1,71,30.898731686124215
1,72,29.012863492916317
1,73,26.54601261794129
1,74,26.757799216494895
1,75,25.974595705454462
1,76,26.357922658247453
1,77,23.508457550929478
1,78,24.70084847135418
1,79,22.386050140342096
1,80,24.866048078563082
1,81,25.86412940952426
1,82,23.92600319749735
1,83,26.16420510751253
1,84,25.323973534108458
1,85,23.61768177361596
1,86,24.65296320066862
1,87,22.496145203141133
1,88,24.980429266273653
1,89,23.181054210597665
1,90,24.664206757061645
1,91,24.174927391961
1,92,25.36927263975947
1,93,24.778204081581787
1,94,22.14684643978919
1,95,21.01526324872165
1,96,17.333772949001183
1,97,16.749218364396967
1,98,18.34422825262705
1,99,20.040787969269438
1,100,20.542584193482803
1,101,22.930155976777044
1,102,21.674720249363872
1,103,24.682666638452567
1,104,23.773115800837957
1,105,27.486590418843466
1,106,27.82105792044262
1,107,24.759434683103365
1,108,25.608298568932938
1,109,24.50228468429391
1,110,25.437203136512537
1,111,26.677819466293286
2,1,3.846246771255036
2,3,3.8387871856241667
2,4,6.954532953450814
2,5,9.416534267165956
2,6,12.921762362887167
2,7,15.90348148966952
2,8,17.19647119458058
2,9,18.541846343835
2,10,21.870589590458906
2,11,22.472270076015427
2,12,23.963011792140477
2,13,23.93899532589768
2,14,22.869486052680518
2,15,23.144121164922485
2,16,26.917779869933394
2,17,30.201784892168813
2,18,29.720116772282392
2,19,26.545806321458084
2,20,23.363655932248573
2,21,19.681323966425936
2,22,19.026329888602085
2,23,15.745218879164424
2,24,14.992985368459363
2,25,13.361231408683105
2,26,12.416147416241282
2,27,13.269992117081923
2,28,10.52756831495616
2,29,7.950673424864406
2,30,6.807684311736644
2,31,8.542885338241732
2,32,9.358425165805988
2,33,13.110155187490111
2,34,15.156312419442896
2,35,19.01111147424215
2,36,22.187582059280025
2,37,23.68303035003546
2,38,21.02233015952786
2,39,18.45957535499679
2,40,14.682663019408437
2,41,13.379962498844593
2,42,10.595519603195692
2,43,11.795192245170941
2,44,11.262819746592182
2,45,13.924860909736813
2,46,14.887810832392564
2,47,18.23634228394128
2,48,20.39878154652747
2,49,24.095488857123563
2,50,26.330228486428062
2,51,27.514965189754275
2,52,25.075300096371098
2,53,27.202966491996666
2,54,24.58356780185606
2,55,20.99187524836754
2,56,19.158322374182458
2,57,16.885327710271323
2,58,15.501738183083505
2,59,15.393611238470095
2,60,14.222223110363622
2,61,15.516916806751013
2,62,14.049472558642789
2,63,16.94833424462012
2,64,19.513847647778
2,65,19.954664855659935
2,66,21.359525080736752
2,67,23.171092058881086
2,68,23.55737604330512
2,69,26.60397357941634
2,70,28.622594237595443
2,71,31.528803722055365
2,72,29.53302385797126
2,73,26.702617595524316
2,74,26.68687954657349
2,75,26.14819620909043
2,76,26.383706031085836
2,77,23.772547397908316
2,78,25.056436201598107
2,79,22.70832820173303
2,80,25.359303610548558
2,81,25.962098455664233
2,82,23.607410180265653
2,83,25.80674393913267
2,84,24.969626588011085
2,85,23.02080638991397
2,86,24.089550467557594
2,87,22.076027027149884
2,88,24.35306041993716
2,89,22.74923720491967
2,90,24.181268154740685
2,91,24.228631547491986
2,92,25.33814444818319
2,93,25.279007336759665
2,94,22.930599849907583
2,95,21.247697776357153
2,96,17.84919066830881
2,97,16.720024126076606
2,98,18.14022547341793
2,99,19.157906009529174
2,100,19.641723060620336
2,101,21.64989924504049
2,102,20.42517257537215
2,103,23.357458396052618
2,104,22.38946626670354
2,105,26.00975025714768
2,106,26.806070443530313
2,107,23.74801159825605
2,108,24.556092555103
2,109,23.484228747524554
2,110,24.92836145997066
2,111,25.90401843669158
3,1,6.506478056749519
3,2,3.8387871856241667
3,4,3.8402110008145365
3,5,6.247792606493785
3,6,9.379637744321462
3,7,12.540068288008337
3,8,14.317594866098364
3,9,15.940176652998836
3,10,19.30497814603498
3,11,19.44195581960902
3,12,20.63236081734206
3,13,20.41781968717466
3,14,19.141350921161333
3,15,19.46987956251646
3,16,23.278309935187824
3,17,26.481303964072268
3,18,25.91146345849248
3,19,22.729534333699515
3,20,19.525530167010995
3,21,15.8469601991772
3,22,15.301618779780544
3,23,12.128693081750722
3,24,11.874170775665373
3,25,10.589616282513719
3,26,10.589629346202006
3,27,12.26881402078989
3,28,10.49046457784003
3,29,7.035593055005061
3,30,4.50074365874014
3,31,4.8677724098342985
3,32,5.827331787549134
3,33,9.555156900449434
3,34,12.005142868169514
3,35,15.830191515429544
3,36,19.25121154443835
3,37,20.8449631646227
3,38,18.050656814398426
3,39,15.816233900052627
3,40,12.03767846243553
3,41,10.497195792881618
3,42,7.88906281697035
3,43,8.79724827443544
3,44,9.103208440440701
3,45,12.056366382306328
3,46,13.850127359975547
3,47,17.23646720094544
3,48,19.129254492395216
3,49,22.95239072954873
3,50,25.26576338955147
3,51,25.97650395386965
3,52,23.34429272355296
3,53,25.33386072667153
3,54,22.720511518156886
3,55,18.963098203347545
3,56,17.323740457715108
3,57,14.595176528598074
3,58,13.498776459453085
3,59,12.920491854033461
3,60,12.278306508159478
3,61,13.499327397541848
3,62,12.540210229705464
3,63,15.520497854886552
3,64,17.575746037345258
3,65,18.028978156390824
3,66,18.95381027733086
3,67,20.867727057724736
3,68,20.969206991887482
3,69,24.152398502897167
3,70,26.02838554958491
3,71,28.836033999740902
3,72,26.674710191335713
3,73,23.674027029176287
3,74,23.427949593320722
3,75,23.00342082567251
3,76,23.188377483753403
3,77,20.816344480471713
3,78,22.312473967330195
3,79,20.191518396284337
3,80,23.133804975331415
3,81,23.748542881260406
3,82,21.03967081514397
3,83,22.91843697813189
3,84,21.83568401483716
3,85,19.634610257504818
3,86,20.594928842713323
3,87,18.648883075216876
3,88,20.853414499649446
3,89,19.473399397722286
3,90,21.080192590562397
3,91,21.542584016564522
3,92,22.903745886994923
3,93,23.309919425055952
3,94,21.434390535243622
3,95,19.677252935715664
3,96,16.548198561221067
3,97,14.67802198295388
3,98,15.47947948578044
3,99,16.010775150405436
3,100,16.18091142998427
3,101,17.950355426746665
3,102,16.685948138574222
3,103,19.619074724236018
3,104,18.7815491113481
3,105,22.42196790059971
3,106,23.42128122687642
3,107,20.545858405486907
3,108,21.66765752395939
3,109,21.020400805627425
3,110,22.840285904700618
3,111,24.071793144937246
4,1,10.040527891090024
4,2,6.954532953450814
4,3,3.8402110008145365
4,5,3.826564725094445
4,6,6.6122572969249935
4,7,10.13437529600701
4,8,12.370269697485169
4,9,14.795812727879865
4,10,17.734335066806562
4,11,17.385924153014507
4,12,18.69428419355355
4,13,17.926828263605902
4,14,16.725268472236714
4,15,17.720833814495187
4,16,21.471616197480355
4,17,24.46247503810978
4,18,23.871642627556927
4,19,20.426939360508744
4,20,17.34574241760756
4,21,13.529163737338589
4,22,12.7268913909467
4,23,9.921956930045926
4,24,9.894183219736174
4,25,9.899618835180659
4,26,10.325866213932137
4,27,13.03452137665743
4,28,12.163329924395217
4,29,8.380455413025171
4,30,6.318921739425353
4,31,4.727835821481338
4,32,5.909206642758435
4,33,8.660596559644334
4,34,11.047444288740706
4,35,14.609836314571295
4,36,18.168167901190248
4,37,20.324000486208472
4,38,17.78271420183633
4,39,16.311787950187263
4,40,12.65422540486587
4,41,11.447256900130373
4,42,9.59074981641576
4,43,9.7740124644104
4,44,10.654077716048421
4,45,13.1372211135982
4,46,15.727269540738192
4,47,18.74667635621685
4,48,19.985918734620316
4,49,23.80338230955717
4,50,25.779606193845076
4,51,25.98920213571752
4,52,23.336050414269003
4,53,25.528924956654063
4,54,23.28421506198955
4,55,19.506110455897943
4,56,18.507511315172124
4,57,15.664922793488197
4,58,15.284413532194643
4,59,14.434330135502588
4,60,14.43768127608077
4,61,15.357543853347178
4,62,14.60506146898744
4,63,17.978622303776955
4,64,19.468687160454188
4,65,19.73767827820485
4,66,19.966712192563666
4,67,21.648160134605764
4,68,21.101884538007273
4,69,24.142041117760417
4,70,25.508096334259644
4,71,28.419960303034177
4,72,26.351506629604426
4,73,23.01722013332533
4,74,22.7565689531307
4,75,22.84285333324906
4,76,23.161179160365354
4,77,21.316628575792055
4,78,23.153558694014375
4,79,21.38192993490531
4,80,24.57635509848671
4,81,25.057992669845184
4,82,21.94427086987901
4,83,23.41545914131703
4,84,22.035815922129146
4,85,19.395576657814594
4,86,19.982879275193056
4,87,17.99425753814382
4,88,19.649018368105295
4,89,18.31104431346812
4,90,19.598499976331208
4,91,20.549399653615055
4,92,21.661477551936834
4,93,22.597587895408317
4,94,21.08905913060009
4,95,18.826325527030814
4,96,16.22618521510821
4,97,13.907697989143406
4,98,14.524155851103197
4,99,14.281353975909411
4,100,14.676449032928813
4,101,16.128051003682963
4,102,15.320267847481396
4,103,18.2989025670641
4,104,17.841499215354514
4,105,21.352664657718645
4,106,22.949450224420108
4,107,20.421340215259214
4,108,21.8341627665309
4,109,21.61064090209771
4,110,23.97038058190427
4,111,25.16623013542711
5,1,12.664494003118818
5,2,9.416534267165956
5,3,6.247792606493785
5,4,3.826564725094445
5,6,3.835698502549587
5,7,6.664761050115546
5,8,8.56018382292913
5,9,11.034703856259764
5,10,13.908683145374003
5,11,13.658554411627428
5,12,15.186814049157904
5,13,14.739249343200067
5,14,14.05057760131357
5,15,14.943538723540334
5,16,18.554707532527853
5,17,21.725857792420975
5,18,21.615559098255606
5,19,18.18693165579859
5,20,15.53475289182941
5,21,11.894407035833169
5,22,12.107824645681342
5,23,10.22433568997594
5,24,11.514695879435653
5,25,12.096067932061782
5,26,13.419177041774459
5,27,16.27937412318535
5,28,15.612136620942515
5,29,11.816006098574578
5,30,9.023859928782299
5,31,6.129562026071893
5,32,4.869060607198462
5,33,6.241486341551367
5,34,7.692675086283392
5,35,11.131560023030664
5,36,14.553183855115364
5,37,16.961481751677777
5,38,14.7835171287956
5,39,13.767752626137902
5,40,10.278271301817544
5,41,10.076717781175342
5,42,9.560887688042877
5,43,10.527749093877715
5,44,12.569889156893483
5,45,15.457834202678203
5,46,18.175972715746866
5,47,21.33966309588859
5,48,22.652970744138564
5,49,26.47064140413341
5,50,28.617388724709194
5,51,28.555990895949677
5,52,25.782320229801652
5,53,27.67306898147191
5,54,25.308576410658613
5,55,21.481668573028905
5,56,20.344892544769177
5,57,17.060947934248286
5,58,16.364303305872863
5,59,14.618150150676673
5,60,14.319447014359774
5,61,14.30563624484942
5,62,13.264096439817985
5,63,18.34264092856131
5,64,19.73798531033716
5,65,20.584775347615945
5,66,20.73875778979292
5,67,22.844825190735037
5,68,22.3424876261523
5,69,25.596008873373
5,70,26.94127564467799
5,71,29.54743081477951
5,72,27.14386700502944
5,73,23.768263431905442
5,74,22.914192611638068
5,75,22.803702826704342
5,76,22.57498975394827
5,77,20.81068960356753
5,78,22.312766548471124
5,79,20.373964558961973
5,80,23.411698139547333
5,81,23.37729638175516
5,82,20.076081476738246
5,83,21.606640820975574
5,84,20.555019087337005
5,85,18.092001076568238
5,86,19.111955508947652
5,87,17.789024053282144
5,88,19.54697352207449
5,89,18.92996230989506
5,90,20.614012125087466
5,91,22.155051836739982
5,92,23.600001013434124
5,93,24.98026251169661
5,94,23.901388198125993
5,95,21.686749250964755
5,96,19.348753888280182
5,97,16.597425319988467
5,98,16.477496494703722
5,99,15.497861830082297
5,100,15.115386767237487
5,101,15.65968803320401
5,102,14.31204150908197
5,103,16.692303490291014
5,104,15.738396774183375
5,105,18.94894334746073
5,106,20.776115514584436
5,107,18.16498915944354
5,108,19.275877513820955
5,109,18.9857178032553
5,110,21.683640821174134
5,111,22.59119361344571
6,1,15.858124598882672
6,2,12.921762362887167
6,3,9.379637744321462
6,4,6.6122572969249935
6,5,3.835698502549587
6,7,3.8270630462809136
6,8,7.086290129864454
6,9,10.099730304256303
6,10,12.579057221601396
6,11,11.337752947686752
6,12,12.301057398843437
6,13,11.315346555058476
6,14,10.326844676882967
6,15,11.596056248871571
6,16,15.178019873062878
6,17,18.148275838804683
6,18,17.940655364901858
6,19,14.427118034564797
6,20,11.883061737684145
6,21,8.312400471591891
6,22,8.965076244338794
6,23,8.068918571720346
6,24,10.40842893007712
6,25,11.837389080261932
6,26,14.030249465817596
6,27,17.264134140857333
6,28,17.39491083130558
6,29,13.657471721901326
6,30,10.863113951090993
6,31,7.191419277403659
6,32,5.970279874162031
6,33,4.98138926150878
6,34,6.45825797753992
6,35,9.074441566821038
6,36,12.702391751598483
6,37,15.303396291216115
6,38,13.187557188993088
6,39,13.050011279964336
6,40,10.228347588887933
6,41,10.039881734511548
6,42,10.382997024115667
6,43,10.660752821036573
6,44,13.307669385969996
6,45,15.862711729954759
6,46,19.030342694234758
6,47,21.90602864324676
6,48,22.825233629167773
6,49,26.528415986762962
6,50,28.61047743973936
6,51,28.05848526781139
6,52,25.22854313525072
6,53,26.91141172772297
6,54,24.721026010238763
6,55,20.97994910009956
6,56,20.216632774581413
6,57,16.794800005620534
6,58,16.575861069373676
6,59,14.502394300089675
6,60,14.892554538269822
6,61,14.704670982536795
6,62,14.371184095538608
6,63,18.934702203142834
6,64,19.637408466689255
6,65,20.4060415387657
6,66,19.941982432311306
6,67,21.977472930392715
6,68,21.091621513094275
6,69,24.287691428852362
6,70,25.327563593982145
6,71,27.72805333069762
6,72,25.230811895883967
6,73,21.739069048347883
6,74,20.592599311131096
6,75,20.73167126647995
6,76,20.441065936228817
6,77,19.203047720801926
6,78,20.919799582237314
6,79,19.437802056261724
6,80,22.650577499197702
6,81,22.604512897001015
6,82,19.00634067815978
6,83,19.9562064151629
6,84,18.594303044771657
6,85,15.833014082332879
6,86,16.580044943957756
6,87,15.51449504504323
6,88,16.911787451055382
6,89,16.74516652872519
6,90,18.51107439765541
6,91,20.61459684217086
6,92,22.23390638536005
6,93,24.13594314026075
6,94,23.646434027544785
6,95,21.448944773707762
6,96,19.628688313797152
6,97,16.387438982489982
6,98,15.507410561551675
6,99,13.725522605972202
6,100,12.863856669750334
6,101,12.684798238398505
6,102,11.421286415168844
6,103,13.56348592492728
6,104,12.928514435011177
6,105,15.954764934164137
6,106,18.226297449610644
6,107,16.095411483873296
6,108,17.63684667373767
6,109,18.026717194274962
6,110,21.11958083200069
6,111,22.267812627301783
7,1,18.893890804249814
7,2,15.90348148966952
7,3,12.540068288008337
7,4,10.13437529600701
7,5,6.664761050115546
7,6,3.8270630462809136
7,8,3.824858406054232
7,9,7.039073856971059
7,10,9.03457557866678
7,11,7.513966636811381
7,12,8.697526090364235
7,13,8.148804708694268
7,14,8.157314538469137
7,15,9.294056990361554
7,16,12.48538772854269
7,17,15.634951684964165
7,18,16.13432889113582
7,19,12.768343907365914
7,20,11.10718530536239
7,21,8.352038784268402
7,22,10.339915430343872
7,23,10.661895459866495
7,24,13.619177664264978
7,25,15.212698157400784
7,26,17.70698225062853
7,27,20.89813538244399
7,28,21.041464019745025
7,29,17.32680394546343
7,30,14.282543224887696
7,31,10.538628441268266
7,32,8.303261176728995
7,33,5.73173722762666
7,34,4.816897686673248
7,35,6.070331928552402
7,36,9.343541317656792
7,37,12.381765636695713
7,38,10.983487385772666
7,39,11.778473128957588
7,40,9.755351317418917
7,41,10.771024882686103
7,42,12.329018880383577
7,43,13.153985825021127
7,44,16.301243226960004
7,45,19.015736911244176
7,46,22.119996949547236
7,47,25.048513926796716
7,48,26.029696333955332
7,49,29.670262956834023
7,50,31.856759456610764
7,51,31.12063670984286
7,52,28.251379189006144
7,53,29.659641874227198
7,54,27.41542561059805
7,55,23.741207978645456
7,56,22.877506858681777
7,57,19.267347021114787
7,58,18.79316937052553
7,59,16.12449704505962
7,60,16.233291211489764
7,61,15.17961078709717
7,62,14.667256812256014
7,63,20.420998503514095
7,64,20.994016528765705
7,65,22.24000934107613
7,66,21.733248397175796
7,67,24.060683958837245
7,68,23.253731300312158
7,69,26.525073018570748
7,70,27.517947414308416
7,71,29.571940046101663
7,72,26.829189819912916
7,73,23.42429383281668
7,74,21.735953067650602
7,75,21.676484721618742
7,76,20.81587694021774
7,77,19.76180406870529
7,78,21.04865668469883
7,79,19.496230869180604
7,80,22.405433330836075
7,81,21.788388938044708
7,82,18.095389502311857
7,83,18.99351429828228
7,84,18.05501279758708
7,85,15.642951777641825
7,86,16.82283640764093
7,87,16.596829869895103
7,88,17.980553421826432
7,89,18.568900824266507
7,90,20.598311601445555
7,91,23.11895641843506
7,92,24.953406957924052
7,93,27.144892715257356
7,94,26.968691901267906
7,95,24.851148004012764
7,96,23.212711629545954
7,97,19.823214484678687
7,98,18.522625129335797
7,99,16.318436074089608
7,100,14.845566291948696
7,101,13.696977577281784
7,102,11.951260049698321
7,103,13.033539979050305
7,104,11.805816987655074
7,105,14.150517523413662
7,106,16.735929908746726
7,107,14.685343095103883
7,108,15.818115515857713
7,109,16.233845536756842
7,110,19.68038667241255
7,111,20.471584370605605
8,1,20.331289887134968
8,2,17.19647119458058
8,3,14.317594866098364
8,4,12.370269697485169
8,5,8.56018382292913
8,6,7.086290129864454
8,7,3.824858406054232
8,9,3.8548709761028834
8,10,5.54227115899459
8,11,5.364695690780954
8,12,7.915581596548652
8,13,8.706054569926923
8,14,10.129822915501721
8,15,10.684752612580658
8,16,13.198359248767284
8,17,16.549121564611077
8,18,17.85039959503793
8,19,14.835675123246148
8,20,13.911010152387918
8,21,11.734739996673511
8,22,14.077813096985043
8,23,14.450803214707602
8,24,17.324229647902985
8,25,18.69182786937744
8,26,20.996891623176573
8,27,24.02813297006832
8,28,23.756222036340628
8,29,20.01380412583174
8,30,16.794178662038373
8,31,13.284054289135153
8,32,10.351753163565526
8,33,7.9754995149131584
8,34,5.126577628023176
8,35,5.386873289901023
8,36,7.395609839396993
8,37,10.854738598307714
8,38,10.480445823770468
8,39,11.528872062563927
8,40,9.907810041736596
8,41,12.134100151767909
8,42,14.206579165273864
8,43,15.831732006954054
8,44,19.063808689956467
8,45,22.105307006484953
8,46,24.941008162319307
8,47,28.09849246954702
8,48,29.362256016569454
8,49,33.051825952859495
8,50,35.365751624431574
8,51,34.770201918576824
8,52,31.882595862020317
8,53,33.22614225545215
8,54,30.82255003673885
8,55,27.114444819885122
8,56,25.94614822636916
8,57,22.237314549799382
8,58,21.26925246645929
8,59,18.29616413571544
8,60,17.703081803378765
8,61,15.915944508320177
8,62,14.67020394458406
8,63,21.99753234929759
8,64,22.92140908347438
8,65,24.650727594506627
8,66,24.508141724816962
8,67,27.133306591356906
8,68,26.618099592688864
8,69,30.006994469001697
8,70,31.14917143017587
8,71,33.0754211044569
8,72,30.1857114561097
8,73,26.899979982769786
8,74,24.97367216291205
8,75,24.593574587048558
8,76,23.293606733466866
8,77,22.02813252422587
8,78,22.750803499842895
8,79,20.78823881925511
8,80,23.221649046784567
8,81,21.98677269965742
8,82,18.482073156984185
8,83,19.813066421880443
8,84,19.580438092783822
8,85,17.76283067442355
8,86,19.49592016559128
8,87,19.74373809030903
8,88,21.346041695681958
8,89,22.188171882942974
8,90,24.356200924748126
8,91,26.879848354814197
8,92,28.766669222711318
8,93,30.901748162251042
8,94,30.61327636489507
8,95,28.491425704659708
8,96,26.690038032426965
8,97,23.410372829005574
8,98,22.227646870391165
8,99,20.125286670099793
8,100,18.539946654260095
8,101,17.208943459719812
8,102,15.11715926737494
8,103,15.583477430016366
8,104,13.646674851422944
8,105,15.390222585276925
8,106,17.820041926910296
8,107,15.481146356729742
8,108,15.70831067122555
8,109,15.472293300194433
8,110,18.956249369023272
8,111,19.035500417090745
9,1,21.365006747409666
9,2,18.541846343835
9,3,15.940176652998836
9,4,14.795812727879865
9,5,11.034703856259764
9,6,10.099730304256303
9,7,7.039073856971059
9,8,3.8548709761028834
9,10,3.873813680916282
9,11,5.6215629877888755
9,12,7.844335260890789
9,13,10.18925198679008
9,14,11.878056054258913
9,15,11.23077275674196
9,16,13.274562710027926
9,17,16.887685661812203
9,18,18.676603918177356
9,19,16.24496511184793
9,20,15.650838002805449
9,21,13.986541217553354
9,22,16.810438766358313
9,23,17.10189191000919
9,24,20.108591818680637
9,25,20.988841983554682
9,26,23.39901943370966
9,27,26.101755522752395
9,28,25.57852928910208
9,29,21.965647116279516
9,30,18.44851954345131
9,31,15.150286103295446
9,32,11.638432632056373
9,33,9.176234219640703
9,34,5.383679628606141
9,35,4.544418703344124
9,36,4.916109293485594
9,37,7.986777931254587
9,38,8.331985774972617
9,39,9.46229013592639
9,40,8.698720168912006
9,41,11.872910441022556
9,42,14.613617252470737
9,43,16.889856973442527
9,44,20.321242664104936
9,45,23.650555051047892
9,46,26.13354785493124
9,47,29.47415325292926
9,48,31.098595932596393
9,49,34.766330365805466
9,50,37.366274990351585
9,51,36.91966568780708
9,52,33.97977589580748
9,53,35.02184510249716
9,54,32.3379586281192
9,55,28.658394974158426
9,56,27.074401617514553
9,57,23.26346002301572
9,58,21.757592776335997
9,59,18.422110271929238
9,60,17.248749467536854
9,61,14.731227372520538
9,62,13.153279490966192
9,63,21.455594949520602
9,64,22.549694716729633
9,65,24.811880018262787
9,66,25.038398813125536
9,67,28.038895666153557
9,68,27.976829807713262
9,69,31.541866311614704
9,70,33.00564964641575
9,71,34.64693382665943
9,72,31.50130272598641
9,73,28.48584184019315
9,74,26.216865452240853
9,75,25.30535008167366
9,76,23.476778500351823
9,77,21.921551657606344
9,78,21.985182151148493
9,79,19.655144865866134
9,80,21.549659671406197
9,81,19.779469349652448
9,82,16.551533509878933
9,83,18.290897245079595
9,84,18.79461135467349
9,85,17.7148906495977
9,86,20.0971010846306
9,87,20.899459537847257
9,88,22.939130392495095
9,89,24.14518859866001
9,90,26.710709603725505
9,91,29.172668200362725
9,92,31.38271762621134
9,93,33.39696262159322
9,94,33.09000402295233
9,95,31.25614327657586
9,96,29.242555240868338
9,97,25.98047433664954
9,98,24.63201338894558
9,99,22.73106898348315
9,100,20.721722602437985
9,101,19.24597405874292
9,102,16.55981004718902
9,103,16.437420550225674
9,104,13.723836197211678
9,105,15.0279380066045
9,106,16.91178724173272
9,107,14.215541761781852
9,108,13.544251000453803
9,109,12.679138761588966
9,110,16.075813380908855
9,111,15.668838060158057
10,1,24.899889591091767
10,2,21.870589590458906
10,3,19.30497814603498
10,4,17.734335066806562
10,5,13.908683145374003
10,6,12.579057221601396
10,7,9.03457557866678
10,8,5.54227115899459
10,9,3.873813680916282
10,11,3.8802963104759045
10,12,7.073748400719108
10,13,9.572001063649294
10,14,12.347510361592416
10,15,12.146933745550015
10,16,13.235628908897825
10,17,16.43959369338198
10,18,18.798695836459064
10,19,16.546770410788458
10,20,16.77517596527228
10,21,15.64850008773867
10,22,18.592840411284723
10,23,19.495445429075072
10,24,22.624258161494307
10,25,23.962463694476682
10,26,26.421728044929644
10,27,29.350507778827012
10,28,28.9835924693531
10,29,25.292638112884166
10,30,21.908111193233893
10,31,18.479034387565296
10,32,15.183667512647082
10,33,12.528074257569877
10,34,8.869223563020622
10,35,6.901980874139451
10,36,5.528129487388533
10,37,9.001360662651882
10,38,10.63582366809426
10,39,12.632722010918805
10,40,12.441022474642597
10,41,15.58141923450165
10,42,18.369001429888417
10,43,20.412096118842015
10,44,23.868790263556765
10,45,27.053094462115343
10,46,29.715024591496938
10,47,32.95266133233944
10,48,34.36853751590703
10,49,38.00562177751467
10,50,40.46633458043005
10,51,39.797241655229676
10,52,36.877911886346155
10,53,37.95156937914222
10,54,35.441474354829026
10,55,31.811296351143174
10,56,30.457217905775288
10,57,26.653233111359764
10,58,25.362022607758604
10,59,21.99796775637346
10,60,21.001755960254698
10,61,18.40599380967567
10,62,16.88889665731103
10,63,25.169864724555936
10,64,26.06880190053428
10,65,28.30087650079998
10,66,28.278155052454995
10,67,31.183831863447292
10,68,30.877492102316435
10,69,34.32743657873329
10,70,35.51428994940768
10,71,37.07604238552161
10,72,33.96211569734253
10,73,30.882752191845523
10,74,28.494434122760858
10,75,27.802206866712716
10,76,25.89776271522649
10,77,24.731936046067347
10,78,24.778366817462388
10,79,22.68439339890361
10,80,24.430155886239543
10,81,22.38763491103649
10,82,19.20247847682571
10,83,20.602958059253414
10,84,21.17746502428002
10,85,20.131647740100163
10,86,22.340681062023435
10,87,23.388418084670864
10,88,25.03693063596404
10,89,26.472163809973647
10,90,28.863496930794977
10,91,31.61681641507534
10,92,33.70099908981199
10,93,35.988681778090324
10,94,35.88776312888928
10,95,33.871042271562224
10,96,32.11872080239374
10,97,28.76775834501385
10,98,27.332327951731248
10,99,25.061046837480568
10,100,23.074692007647943
10,101,21.173739139087367
10,102,18.759448340017258
10,103,18.18990211619151
10,104,15.669871470394474
10,105,16.208291638280716
10,106,18.491490806251985
10,107,16.329601421149267
10,108,15.5108044776824
10,109,14.894173395217415
10,110,18.40423880357363
10,111,17.589532448267622
11,1,25.47739439769604
11,2,22.472270076015427
11,3,19.44195581960902
11,4,17.385924153014507
11,5,13.658554411627428
11,6,11.337752947686752
11,7,7.513966636811381
11,8,5.364695690780954
11,9,5.6215629877888755
11,10,3.8802963104759045
11,12,3.8624633656129657
11,13,5.722077139940826
11,14,8.774128305747897
11,15,9.118857894314907
11,16,10.085577898361178
11,17,13.07451990732385
11,18,15.2915106181562
11,19,12.899718195492389
11,20,13.42182187779529
11,21,12.687438795426097
11,22,15.758675964521482
11,23,17.262347241747143
11,24,20.621526145400903
11,25,22.366061635374642
11,26,25.11447513905558
11,27,28.25524427116368
11,28,28.388585571487603
11,29,24.70521742742441
11,30,21.453561392398157
11,31,17.74674819537399
11,32,14.884390242493863
11,33,11.693943351771917
11,34,8.604679449497107
11,35,5.959947358408489
11,36,5.47354813743094
11,37,9.218387136928294
11,38,10.364789226254018
11,39,12.96910091687143
11,40,12.887336851790428
11,41,15.383476130446281
11,42,18.138777672082558
11,43,19.513470224050913
11,44,23.042180859002883
11,45,25.879938835979452
11,46,28.84946168819279
11,47,31.81083318549874
11,48,32.860946717956075
11,49,36.384680359764715
11,50,38.68529230821078
11,51,37.69656946210274
11,52,34.80861536049217
11,53,35.83138728689305
11,54,33.557841615490126
11,55,30.0441681361878
11,56,29.070760956120022
11,57,25.328855848898982
11,58,24.53824384699786
11,59,21.25989716851548
11,60,20.94758028310235
11,61,18.738138097713456
11,62,17.95429510449506
11,63,25.05567557877736
11,64,25.435454611743456
11,65,27.32427555108464
11,66,26.791527971296706
11,67,29.44231373523103
11,68,28.76710164362746
11,69,32.04121180341404
11,70,32.92393008959806
11,71,34.41244379521015
11,72,31.385737072649345
11,73,28.234364240165107
11,74,25.824599244455065
11,75,25.475435336562406
11,76,23.756457060530916
11,77,23.086106352869084
11,78,23.54416310290167
11,79,21.984041557110842
11,80,24.0958755602885
11,81,22.421004880802624
11,82,18.92675891481264
11,83,19.647215415788786
11,84,19.647328665101057
11,85,18.16766926111823
11,86,19.912752447784694
11,87,20.97860739238981
11,88,22.20183613241474
11,89,23.800689737810774
11,90,26.056862048498456
11,91,29.061507782281765
11,92,31.115463710372257
11,93,33.671554937451546
11,94,33.90982052299523
11,95,31.884638061316213
11,96,30.48972162632357
11,97,26.96067917977818
11,98,25.221788292067046
11,99,22.58905313295003
11,100,20.51399271383771
11,101,18.24820725202626
11,102,16.139505511213308
11,103,15.39003349044086
11,104,13.379243995044035
11,105,13.742957839732414
11,106,16.59247723055407
11,107,15.040848390784983
11,108,15.035118365242012
11,109,15.390449839711552
11,110,19.174971779611607
11,111,19.03429623097477
12,1,26.632316773124064
12,2,23.963011792140477
12,3,20.63236081734206
12,4,18.69428419355355
12,5,15.186814049157904
12,6,12.301057398843437
12,7,8.697526090364235
12,8,7.915581596548652
12,9,7.844335260890789
12,10,7.073748400719108
12,11,3.8624633656129657
12,13,3.892106237322971
12,14,6.500430493224618
12,15,5.945587881012539
12,16,6.271820852519457
12,17,9.409240103033712
12,18,11.768243051383426
12,19,9.862661924831222
12,20,10.897915135615175
12,21,11.126086915140782
12,22,14.66626695709695
12,23,16.634903068264233
12,24,20.298967558497115
12,25,22.001041959168507
12,26,25.150357653888403
12,27,28.202663540573727
12,28,28.716106765827107
12,29,25.20021315995633
12,30,21.906156862733592
12,31,18.123054460280038
12,32,15.443639896022413
12,33,11.768783538106248
12,34,9.205209247543998
12,35,5.712410548032253
12,36,5.139582082419355
12,37,7.923955120881919
12,38,8.882004131725918
12,39,12.162433838503597
12,40,12.881151082385665
12,41,14.96068817794228
12,42,18.00393440945049
12,43,18.99398626856267
12,44,22.6809042125412
12,45,25.29013545962974
12,46,28.2883585818338
12,47,31.036909525981834
12,48,31.961406488150292
12,49,35.30429763462578
12,50,37.67058605308446
12,51,36.463696822655876
12,52,33.578610501340705
12,53,34.25340329188541
12,54,32.01168955269751
12,55,28.69212121880779
12,56,27.818803331761632
12,57,24.122111610302422
12,58,23.521412655466893
12,59,20.150743676521937
12,60,20.278292433626884
12,61,18.127486070051887
12,62,18.102583362597414
12,63,24.10886808776945
12,64,23.950555157704652
12,65,25.79548327361856
12,66,24.946768588369903
12,67,27.570459609247155
12,68,26.865883994895334
12,69,30.066744533238808
12,70,30.905340777798386
12,71,32.04453673119294
12,72,28.90275775729287
12,73,25.94409320458298
12,74,23.2291862469818
12,75,22.80475034263836
12,76,20.882029751346444
12,77,20.588125902896813
12,78,21.023567534708825
12,79,19.905044215726498
12,80,22.01360953706866
12,81,20.46060895122475
12,82,16.900368912338312
12,83,16.99251454976243
12,84,16.82362406711348
12,85,15.435202713269339
12,86,17.118999091569567
12,87,18.67059803854159
12,88,19.796334538869832
12,89,21.88537562751675
12,90,24.359299068621986
12,91,27.531230168684115
12,92,29.862742284506567
12,93,32.56399164710145
12,94,33.161801305072906
12,95,31.437688198079815
12,96,30.245455246189106
12,97,26.557773474050627
12,98,24.331016331744735
12,99,21.544048277462288
12,100,18.99254182635593
12,101,16.258176735278163
12,102,13.979826323500635
12,103,12.497421531496553
12,104,10.5019741292943
12,105,10.213555644639754
12,106,13.267647994423886
12,107,12.318257786478606
12,108,12.733097182858806
12,109,13.95104107462608
12,110,17.816412610623214
12,111,18.206078879361467
13,1,26.715205579897056
13,2,23.93899532589768
13,3,20.41781968717466
13,4,17.926828263605902
13,5,14.739249343200067
13,6,11.315346555058476
13,7,8.148804708694268
13,8,8.706054569926923
13,9,10.18925198679008
13,10,9.572001063649294
13,11,5.722077139940826
13,12,3.892106237322971
13,14,3.817519021964271
13,15,5.690041836324631
13,16,6.39490909366184
13,17,8.635185995567713
13,18,10.202255628463917
13,19,7.470342509291752
13,20,8.594384587149873
13,21,8.904075596349264
13,22,12.080068550948651
13,23,14.60987116198751
13,24,18.211509743045696
13,25,20.460614044143092
13,26,23.606652040767777
13,27,26.91557818612512
13,28,27.814489388257293
13,29,24.309780097211007
13,30,21.376223614763703
13,31,17.515720337746377
13,32,15.533190831749085
13,33,11.974454037782579
13,34,10.382289508070121
13,35,7.846842970461847
13,36,8.70591249185833
13,37,11.513921596402914
13,38,11.652084168576694
13,39,14.568089806864892
13,40,14.652076861715361
13,41,15.974119933944992
13,42,18.47054167769577
13,43,18.75157878243939
13,44,22.210982309339308
13,45,24.39626048744283
13,46,27.71018794281411
13,47,30.16547258190119
13,48,30.650032999938098
13,49,33.91516166388569
13,50,35.96877980815782
13,51,34.50099422457352
13,52,31.69827199434194
13,53,32.56992798419367
13,54,30.6820575811137
13,55,27.4420814529488
13,56,27.06905216185843
13,57,23.547199837039685
13,58,23.54924648877729
13,59,20.551480370693543
13,60,21.275283867911725
13,61,19.747815892464725
13,62,20.021285701625633
13,63,25.072892238537495
13,64,24.651280689716515
13,65,25.9545767786285
13,66,24.645936857030428
13,67,26.827400979415373
13,68,25.603936388302536
13,69,28.536622168618344
13,70,28.946548375178217
13,71,30.263305445508244
13,72,27.398238947142687
13,73,24.207569748220862
13,74,21.786648837825215
13,75,22.00044165249904
13,76,20.64762844818693
13,77,20.814929202111337
13,78,21.922021302084772
13,79,21.26913661662963
13,80,23.842948163036393
13,81,22.823349803155445
13,82,19.086705057795697
13,83,18.742688452901394
13,84,17.78854719270241
13,85,15.655039212027582
13,86,16.479153637085524
13,87,17.54484960209249
13,88,18.000650594861494
13,89,19.88696276458518
13,90,21.92068439062426
13,91,25.281109110143085
13,92,27.319132532260006
13,93,30.25284119323848
13,94,31.04835420236415
13,95,29.12460311549134
13,96,28.30646608331923
13,97,24.577105873536734
13,98,22.330757974610812
13,99,19.200706761215542
13,100,16.956688806162248
13,101,14.08334158566231
13,102,12.620966099800208
13,103,11.54812171446027
13,104,10.752773660220894
13,105,10.83076275308087
13,106,14.425349890069501
13,107,14.023842674073547
13,108,15.3301794069729
13,109,16.989205584426962
13,110,20.83016454989104
13,111,21.61568254451326
14,1,25.318884174141957
14,2,22.869486052680518
14,3,19.141350921161333
14,4,16.725268472236714
14,5,14.05057760131357
14,6,10.326844676882967
14,7,8.157314538469137
14,8,10.129822915501721
14,9,11.878056054258913
14,10,12.347510361592416
14,11,8.774128305747897
14,12,6.500430493224618
14,13,3.817519021964271
14,15,3.848340665218523
14,16,5.941909222421487
14,17,8.037252176570808
14,18,8.157945350417643
14,19,4.74871317356629
14,20,4.820685960058336
14,21,5.442480797502037
14,22,8.841011797024418
14,23,11.629432584057696
14,24,15.351057593899053
14,25,17.559199028657318
14,26,20.935955236328265
14,27,24.161748291324074
14,28,25.412427627511956
14,29,22.113592087722584
14,30,19.338014993128684
14,31,15.55067808088261
14,32,14.1268854158099
14,33,10.600071142841882
14,34,10.215549717785429
14,35,8.440385259967394
14,36,10.399672368008211
14,37,12.543668333697196
14,38,11.560675767479532
14,39,14.049210040903999
14,40,13.98303008802525
14,41,14.402636573415984
14,42,16.58678047945915
14,43,16.233529396093502
14,44,19.585556761518458
14,45,21.428023940924838
14,46,24.81673648842246
14,47,27.026002776054415
14,48,27.32669991305181
14,49,30.46918241415351
14,50,32.501795528617166
14,51,30.927287795118712
14,52,28.13674022774173
14,53,28.889325717735524
14,54,27.07359097451253
14,55,23.94306760633514
14,56,23.767623819020155
14,57,20.378158755078555
14,58,20.75361838815484
14,59,17.999169168407224
14,60,19.29977990097489
14,61,18.31852289856602
14,62,19.224914454829232
14,63,22.83620842748311
14,64,22.036966129390006
14,65,22.974680654694883
14,66,21.346835283778056
14,67,23.311901416617296
14,68,21.9269704248112
14,69,24.780318601343087
14,70,25.151233146453002
14,71,26.447060739458802
14,72,23.607094088399
14,73,20.395563987921914
14,74,18.022900926896178
14,75,18.414566658567043
14,76,17.3633788965431
14,77,17.764136367240987
14,78,19.323094852597162
14,79,19.087447187287722
14,80,22.013738150054376
14,81,21.5757338800288
14,82,17.759679845706255
14,83,17.00840698718852
14,84,15.385673506409555
14,85,12.739595255389824
14,86,13.040848708822478
14,87,13.886313562882702
14,88,14.189565469903794
14,89,16.120781942916228
14,90,18.242607323985997
14,91,21.625637678704226
14,92,23.81122350372712
14,93,26.763221769451928
14,94,27.728890991005613
14,95,26.0182296301853
14,96,25.328713888860413
14,97,21.5325149800074
14,98,18.997384390658464
14,99,15.818420065335113
14,100,13.343600754609133
14,101,10.31214690778466
14,102,8.983972253717553
14,103,8.114374028901134
14,104,8.166584455755318
14,105,8.917721777557128
14,106,12.56504957947683
14,107,12.473286943835406
14,108,14.653376354665768
14,109,16.8176567054567
14,110,20.486253166343825
14,111,21.922542756928046
15,1,25.25523597893304
15,2,23.144121164922485
15,3,19.46987956251646
15,4,17.720833814495187
15,5,14.943538723540334
15,6,11.596056248871571
15,7,9.294056990361554
15,8,10.684752612580658
15,9,11.23077275674196
15,10,12.146933745550015
15,11,9.118857894314907
15,12,5.945587881012539
15,13,5.690041836324631
15,14,3.848340665218523
15,16,3.8710501948477747
15,17,7.159730244441643
15,18,7.740097200646024
15,19,5.754752444732194
15,20,5.845839936247711
15,21,6.978889362389208
15,22,10.811208570543037
15,23,12.994806556528872
15,24,16.823117073538416
15,25,18.312734131017145
15,26,21.870398401670062
15,27,24.716337864453394
15,28,25.78463084411533
15,29,22.622077205626418
15,30,19.504149928013767
15,31,15.835615738663511
15,32,13.903564877610094
15,33,10.11595133013913
15,34,9.40785722532363
15,35,7.018260622815451
15,36,8.560523311578955
15,37,9.679285032107144
15,38,8.470857886647947
15,39,11.264855609345213
15,40,12.070985072640223
15,41,12.692688717408931
15,42,15.478989603260391
15,43,15.535472121573418
15,44,19.164798342753787
15,45,21.27289424121902
15,46,24.323634023257796
15,47,26.68583912617822
15,48,27.370137154183226
15,49,30.47198227402707
15,50,32.86439754000957
15,51,31.468915914175998
15,52,28.60890709555804
15,53,28.950007734323144
15,54,26.77397986050247
15,55,23.684505254532546
15,56,23.039515759542105
15,57,19.517386743854992
15,58,19.413581134423524
15,59,16.2696452918046
15,60,17.342139624005565
15,61,15.949096012081057
15,62,17.141681795461796
15,63,20.705143545573122
15,64,19.798754391065536
15,65,21.192511762374092
15,66,19.82158470955059
15,67,22.222784493034695
15,68,21.384005759651405
15,69,24.485292084944586
15,70,25.324089179804375
15,71,26.24415970288635
15,72,23.042103559642634
15,73,20.204654370517115
15,74,17.344175899229526
15,75,16.965218096252112
15,76,15.204192166528927
15,77,15.34120975985289
15,78,16.336269582590177
15,79,15.980823292048026
15,80,18.623096534544562
15,81,17.972616309076646
15,82,14.21339403062182
15,83,13.381993117058322
15,84,12.139974757002678
15,85,10.088574491842275
15,86,11.281825423698423
15,87,12.985027509184588
15,88,14.069470302524897
15,89,16.497834302250524
15,90,19.250983807284772
15,91,22.4340473959874
15,92,25.09137947001821
15,93,27.807968693173223
15,94,28.735911260755678
15,95,27.44545916194942
15,96,26.460635023650283
15,97,22.677059498156797
15,98,19.92221131328372
15,99,17.143689042094994
15,100,14.073050497305543
15,101,11.047307592674285
15,102,8.530066697317684
15,103,6.566730395594638
15,104,5.145438172762771
15,105,5.480684057879521
15,106,8.981885549208407
15,107,8.783669126227956
15,108,10.919544645527255
15,109,13.36891104224728
15,110,16.973984374259345
15,111,18.591634350871836
16,1,29.06221036353631
16,2,26.917779869933394
16,3,23.278309935187824
16,4,21.471616197480355
16,5,18.554707532527853
16,6,15.178019873062878
16,7,12.48538772854269
16,8,13.198359248767284
16,9,13.274562710027926
16,10,13.235628908897825
16,11,10.085577898361178
16,12,6.271820852519457
16,13,6.39490909366184
16,14,5.941909222421487
16,15,3.8710501948477747
16,17,3.831827058479536
