1,2,3.846132601689222
1,3,7.201678995395752
1,4,9.133263151859634
1,5,11.812783668970178
1,6,14.328831290375422
1,7,17.046978997375216
1,8,17.7117724000605
1,9,20.91854604962748
1,10,22.63823073554597
1,11,24.01375533570797
1,12,26.70803659357396
1,13,28.688060410942892
1,14,27.03200490096377
1,15,28.682001612959688
1,16,30.178450115550547
1,17,30.336018874717382
1,18,33.420228001726926
1,19,31.431115901774497
1,20,31.19930796344805
1,21,27.552977715329632
1,22,26.120094708909903
1,23,23.89949298375245
1,24,22.013161571266895
1,25,20.980984264110614
1,26,18.48210454662604
1,27,17.73053838339876
1,28,15.111643892143436
1,29,16.977503335819538
1,30,14.755009279133091
1,31,12.609818816455402
1,32,9.102963406214203
1,33,8.720423648347683
1,34,7.159043790227188
1,35,5.728528201848845
1,36,7.032401500057115
1,37,10.801799871217213
1,38,12.588208967253268
1,39,15.826929355205538
1,40,18.82631372296
1,41,22.61783429251598
1,42,25.03734202772398
1,43,28.848907523352157
1,44,31.75774287326319
1,45,31.484490001988334
1,46,27.67574625536835
1,47,27.366343987233677
1,48,26.525839002992633
1,49,23.66167342316299
1,50,25.566898424300792
1,51,25.278810982364277
1,52,22.111380087578553
1,53,19.246959522830466
1,54,20.190235684609217
1,55,17.317051540543826
1,56,14.574200240908985
1,57,11.065447454829098
1,58,11.78275588012489
1,59,9.538497564504727
1,60,10.815317250661398
1,61,10.956306004642679
1,62,12.96592734121937
1,63,15.782266379240642
1,64,18.423073275764743
1,65,17.361331219916966
1,66,18.181079002413995
1,67,16.084281535863987
1,68,18.659668613431872
1,69,18.302594063607113
1,70,21.08353680443566
1,71,22.051750017898083
1,72,25.21648063702767
1,73,26.68033606603313
1,74,29.688963736130933
1,75,33.30853496394124
1,76,34.56572784923938
1,77,32.79954367097136
1,78,29.015647764277997
1,79,26.27608964818287
1,80,23.021260341740607
1,81,20.63106567901551
1,82,17.742397633849865
1,83,15.596488013940458
1,84,16.111665385195312
1,85,19.467955741800687
1,86,22.636345416048563
1,87,20.849294112766543
1,88,19.708889582250805
1,89,21.576964776061974
1,90,24.01657432704283
1,91,25.822508591542128
1,92,29.06801549512714
1,93,29.792716728865596
1,94,32.998988862406904
1,95,33.284469670008725
1,96,36.913891534480115
2,1,3.846132601689222
2,3,3.8555644508094975
2,4,6.528873549641592
2,5,8.772433471891901
2,6,11.816888287542668
2,7,14.622740848960317
2,8,15.729743418796748
2,9,19.23667625832943
2,10,21.241457503905625
2,11,23.16997170006709
2,12,25.833959345811056
2,13,27.505085223231703
2,14,25.76409625499191
2,15,27.758353067086176
2,16,29.185900084111324
2,17,29.761552545203553
2,18,32.93677686579073
2,19,30.918267376814622
2,20,30.22200608431204
2,21,26.590578972905494
2,22,25.001464314612097
2,23,23.110614139668154
2,24,20.95773483975316
2,25,20.305150598455523
2,26,17.50837654032555
2,27,16.91987273065132
2,28,14.021464699665831
2,29,15.587796644060537
2,30,13.126694077861327
2,31,11.505376366298092
2,32,8.613592672842445
2,33,9.101078937164415
2,34,8.525413826323481
2,35,5.499041905184149
2,36,5.901726778803976
2,37,9.084935372784095
2,38,9.895244165146243
2,39,13.455455534689124
2,40,16.271849411866413
2,41,20.100297686163483
2,42,22.149573165773074
2,43,25.956160483981858
2,44,28.77396943233547
2,45,28.219386566749538
2,46,24.40544844814531
2,47,24.020446262347082
2,48,23.439820256870124
2,49,20.84950870822229
2,50,23.116960007313615
2,51,23.30275656423257
2,52,20.49018157706772
2,53,17.965045662740962
2,54,19.610025132276412
2,55,17.19119752522293
2,56,14.830784764128675
2,57,11.00354314400542
2,58,11.598217688113323
2,59,9.864028105936578
2,60,10.905005253110824
2,61,12.195835547538751
2,62,13.660082888632964
2,63,15.685322620567128
2,64,18.73545166761035
2,65,17.967351056653122
2,66,18.31868236322557
2,67,16.08879505421859
2,68,18.602180983536318
2,69,17.704466065590196
2,70,20.458946787755647
2,71,20.86236246615836
2,72,23.83388385363545
2,73,24.804642502058137
2,74,27.68937969581279
2,75,31.30195892835388
2,76,32.27530568343212
2,77,30.26520460535274
2,78,26.434465404468064
2,79,23.559171532963823
2,80,20.553075306442764
2,81,17.811408258174755
2,82,15.166156051948716
2,83,12.637028470389392
2,84,12.608885519127266
2,85,15.816390587716475
2,86,19.12356519128642
2,87,17.652839385004132
2,88,16.594564901862764
2,89,18.85209420722721
2,90,21.18176640805352
2,91,23.34230245781345
2,92,26.527430848431873
2,93,27.555659748850676
2,94,30.821722127659797
2,95,31.39481720991779
2,96,35.123220778212875
3,1,7.201678995395752
3,2,3.8555644508094975
3,4,3.832167266584015
3,5,6.328808619836126
3,6,9.199023067863115
3,7,11.50907500193029
3,8,12.544492088060261
3,9,16.126713313917914
3,10,18.161885726962478
3,11,20.4876074206304
3,12,23.02088706961278
3,13,24.423076681384934
3,14,22.64549740632713
3,15,24.887752296673067
3,16,26.326100231081632
3,17,27.26359833738024
3,18,30.54404488326843
3,19,28.652423624766737
3,20,27.609758721779816
3,21,23.97495809389855
3,22,22.147277787473428
3,23,20.452221384175687
3,24,18.07081054609135
3,25,17.72033556947657
3,26,14.79782264594745
3,27,14.538704060456698
3,28,11.743890689560795
3,29,13.380714680665927
3,30,11.308744374770185
3,31,10.817659637919505
3,32,9.074065019941028
3,33,9.346653914488227
3,34,9.318194393309065
3,35,5.517639069533466
3,36,4.46971964915431
3,37,6.196055191129226
3,38,6.2824000875865185
3,39,10.022624857960023
3,40,12.918934562311948
3,41,16.705723688002283
3,42,18.66642402136096
3,43,22.49729634780316
3,44,25.153948844980864
3,45,24.63553319048956
3,46,20.77892079382051
3,47,20.66978972358218
3,48,20.33911833221769
3,49,17.814535777740076
3,50,20.115211741027064
3,51,20.472583634011954
3,52,17.967262980599557
3,53,15.563395592617834
3,54,17.71247663557446
3,55,15.61996117180761
3,56,13.970179948106354
3,57,10.155556046932078
3,58,10.092434572545237
3,59,8.926034634669536
3,60,9.69838996656846
3,61,12.100605680704872
3,62,13.245604134857055
3,63,14.484633006918916
3,64,17.57094171549923
3,65,16.850843388100593
3,66,16.59513955998599
3,67,14.26378756030757
3,68,16.618522106655654
3,69,15.355466602604778
3,70,18.128496168194804
3,71,18.197151359284632
3,72,21.099455165524635
3,73,21.694298298131606
3,74,24.621940201024636
3,75,28.135918991378468
3,76,28.86454908011273
3,77,26.682500337161382
3,78,22.855393744245223
3,79,19.849029908844557
3,80,16.903178858140457
3,81,14.019033855351438
3,82,11.416361619606517
3,83,8.83458833324017
3,84,8.976905296680304
3,85,12.423708654066724
3,86,15.665936198403854
3,87,14.2322521004277
3,88,12.853461236937527
3,89,15.098763911187712
3,90,17.341267049036468
3,91,19.587178536802927
3,92,22.767147113103107
3,93,23.95450858647511
3,94,27.289417501018445
3,95,28.086678750838317
3,96,31.865753307186107
4,1,9.133263151859634
4,2,6.528873549641592
4,3,3.832167266584015
4,5,3.826066665284051
4,6,5.663448497059574
4,7,8.107319953323831
4,8,9.417225197168502
4,9,13.078576343278474
4,10,15.561064504504573
4,11,17.803264850728507
4,12,20.686597974442194
4,13,22.391132337575
4,14,21.135560280780567
4,15,23.708030393966915
4,16,25.624159706024788
4,17,26.873491060459266
4,18,30.388269146586417
4,19,28.947205683393868
4,20,27.838831618856826
4,21,24.105472649099436
4,22,21.746438403977834
4,23,19.714304463604737
4,24,16.80639467122564
4,25,15.912572954792559
4,26,12.535898798424014
4,27,11.588196348717421
4,28,8.37314978763191
4,29,9.596527522362425
4,30,7.534218082985196
4,31,7.61587683940931
4,32,6.962989086151
4,33,7.234287931911995
4,34,8.245156718152042
4,35,5.03049544933922
4,36,5.472789232982705
4,37,5.763644273737041
4,38,6.664440423626389
4,39,10.262488347122696
4,40,13.615879637549401
4,41,17.148767659565575
4,42,19.107448745998223
4,43,22.920830979989873
4,44,25.118043377951295
4,45,24.69178998196143
4,46,20.779286051068876
4,47,21.32542013966816
4,48,21.541756100675084
4,49,19.171420280094804
4,50,21.315009232439483
4,51,21.60790428640534
4,52,19.33128920767302
4,53,16.707871074539835
4,54,18.845062365931373
4,55,16.542611487681047
4,56,15.582184200803676
4,57,11.984619214974627
4,58,10.620782819802708
4,59,8.724965399131461
4,60,7.941950191584756
4,61,10.51664646331497
4,62,10.682579671709169
4,63,11.203892905810667
4,64,14.528280351813791
4,65,14.396487857470039
4,66,14.378876282291717
4,67,12.75855777187276
4,68,15.616577980501308
4,69,14.933935044178737
4,70,18.1600210802301
4,71,18.546045536342024
4,72,21.668021755564645
4,73,22.041725606397875
4,74,25.236561840792824
4,75,28.497203167717636
4,76,28.879887948427516
4,77,26.431654971540222
4,78,22.702816560425045
4,79,19.36179258156501
4,80,16.31769082302698
4,81,13.295938233017544
4,82,10.091381054653867
4,83,7.166930468739766
4,84,8.012175119054788
4,85,11.475249215522522
4,86,14.067652156626185
4,87,11.843145846232822
4,88,10.875168144276016
4,89,12.938145745296696
4,90,15.809809852926563
4,91,18.113204919180223
4,92,21.604671989871015
4,93,23.11865441315146
4,94,26.688087484487664
4,95,27.83852634645015
4,96,31.62817404796916
5,1,11.812783668970178
5,2,8.772433471891901
5,3,6.328808619836126
5,4,3.826066665284051
5,6,3.828213627665357
5,7,7.157173675382954
5,8,9.88244790345263
5,9,13.651090687122023
5,10,16.725739982876078
5,11,19.27437679207956
5,12,22.27131557533612
5,13,23.83995750102862
5,14,22.85355115995277
5,15,25.792778860691048
5,16,27.781682924698423
5,17,29.42089776815756
5,18,32.98927025364899
5,19,31.655303324653303
5,20,30.20989768892917
5,21,26.56572472716755
5,22,24.019492505425212
5,23,22.223811414305814
5,24,19.044549755069642
5,25,18.23347333594979
5,26,14.617546473383342
5,27,13.31412549016206
5,28,9.811829590241102
5,29,9.570179376559913
5,30,6.734752542729382
5,31,7.112924148223786
5,32,7.649732197495086
5,33,9.388016395466847
5,34,11.20132017517903
5,35,8.469695124660772
5,36,9.217575142566284
5,37,9.020595341244936
5,38,8.719474813011463
5,39,12.157637632963649
5,40,15.031069471146944
5,41,18.314021145250145
5,42,19.598217930374044
5,43,23.258146345952394
5,44,25.10394080121547
5,45,24.181521426673477
5,46,20.33288214341858
5,47,20.90184833972165
5,48,21.725951721143417
5,49,19.94957616382775
5,50,22.50633585465728
5,51,23.357005194094697
5,52,21.55846099027898
5,53,19.3515931365857
5,54,21.884862594880328
5,55,19.909034713714632
5,56,19.12563296219243
5,57,15.539358978560578
5,58,14.240942598338638
5,59,12.486011540525393
5,60,11.23541486902263
5,61,13.614634901489651
5,62,12.911361815263856
5,63,12.593894985449975
5,64,16.228089864973423
5,65,16.85242989053411
5,66,16.965580362972045
5,67,15.80966511272851
5,68,18.677606506202604
5,69,17.912945773229502
5,70,21.06175487763775
5,71,21.072142827076398
5,72,23.934826067466094
5,73,23.76227909324108
5,74,26.765359016363163
5,75,29.88370782628475
5,76,29.829432045719532
5,77,27.024115172777663
5,78,23.363823410903017
5,79,19.799984424247917
5,80,17.252632229149587
5,81,13.763456408164322
5,82,10.980061326334155
5,83,7.3193775807980925
5,84,6.686469503306208
5,85,9.249134744042747
5,86,11.651327206698493
5,87,9.531351849932209
5,88,9.736617678902693
5,89,12.564494503911629
5,90,15.580713441114884
5,91,18.46993954858563
5,92,21.915558379867505
5,93,23.982471791359
5,94,27.626774488024637
5,95,29.214777954542093
5,96,33.03538323333868
6,1,14.328831290375422
6,2,11.816888287542668
6,3,9.199023067863115
6,4,5.663448497059574
6,5,3.828213627665357
6,7,3.814726483264611
6,8,6.979461302768585
6,9,10.519664825330453
6,10,13.939439035929084
6,11,16.37279029808363
6,12,19.556435042748408
6,13,21.316334634828262
6,14,20.8472091834128
6,15,24.006589900060803
6,16,26.37090264160655
6,17,28.263170590150082
6,18,31.96860994831347
6,19,31.068674774013314
6,20,29.593369865933276
6,21,25.946015904920962
6,22,22.997579799616126
6,23,20.984542736469262
6,24,17.473439699627658
6,25,16.270723667838876
6,26,12.486190449515027
6,27,10.681450955653768
6,28,7.2212362398037415
6,29,6.110426218583644
6,30,3.8918807318783473
6,31,6.249902859037728
6,32,8.444451096775744
6,33,9.49607310945232
6,34,11.745641699603242
6,35,9.798151903693158
6,36,10.742723066883713
6,37,9.552983598335508
6,38,9.805559716990397
6,39,12.544263603944051
6,40,15.592415781094788
6,41,18.459586039463428
6,42,19.824746451932068
6,43,23.35480749931343
6,44,24.7479846618677
6,45,24.10417440037731
6,46,20.320913009039117
6,47,21.57752504448579
6,48,22.741591777070763
6,49,21.00543595780329
6,50,23.20017301807411
6,51,23.844171344574683
6,52,22.243909692755246
6,53,19.888997431255714
6,54,22.30773938865349
6,55,20.26746860794458
6,56,20.117330277659295
6,57,16.864069488369726
6,58,14.729593813350077
6,59,12.844626581448313
6,60,10.663630693949179
6,61,13.09940699669535
6,62,11.59462913658221
6,63,10.208904681063983
6,64,13.731642913322487
6,65,14.871379247850665
6,66,14.974092472533268
6,67,14.531649853436463
6,68,17.528729296904576
6,69,17.231876208181284
6,70,20.570883714133352
6,71,20.841060190382905
6,72,23.80531338262842
6,73,23.48612048128683
6,74,26.68705400849476
6,75,29.50462000910562
6,76,29.181917853683665
6,77,26.241381578228445
6,78,22.7802341074294
6,79,19.059853174007127
6,80,16.47451967497254
6,81,13.19528006896256
6,82,10.09092132773282
6,83,6.897533423109139
6,84,7.501322731338735
6,85,9.739912033150715
6,86,10.965804939307226
6,87,7.822801672152487
6,88,8.373064441826127
6,89,10.526664394907838
6,90,14.051558323006065
6,91,16.751850545335824
6,92,20.389486419231687
6,93,22.641198528586845
6,94,26.408050240362584
6,95,28.248620850490628
6,96,31.99866734247892
7,1,17.046978997375216
7,2,14.622740848960317
7,3,11.50907500193029
7,4,8.107319953323831
7,5,7.157173675382954
7,6,3.814726483264611
7,8,3.822968523858466
7,9,7.089668242130975
7,10,10.642398214708104
7,11,13.38813667108736
7,12,16.392988946724206
7,13,17.946029068133775
7,14,17.711558955621157
7,15,21.080861966674114
7,16,23.578393678580657
7,17,25.7840591044872
7,18,29.530624469306662
7,19,28.943602817540036
7,20,27.291997880343793
7,21,23.751452155853805
7,22,20.532074804305445
7,23,18.621813973437227
7,24,14.928574326640364
7,25,13.85232034912823
7,26,10.167571078909932
7,27,8.709691216066433
7,28,6.248653316292401
7,29,5.222285150778884
7,30,5.66225267181894
7,31,9.15511771988586
7,32,11.646595184137714
7,33,11.779477455869346
7,34,13.752840346262529
7,35,11.955121929003623
7,36,12.170920854646726
7,37,9.825555044124046
7,38,9.926774853001259
7,39,11.585353205852591
7,40,14.434101036398966
7,41,16.72836942912807
7,42,18.087955887833104
7,43,21.411250430744513
7,44,22.41746240533783
7,45,22.11258165490261
7,46,18.456479941599262
7,47,20.317929708211935
7,48,21.69581095619187
7,49,20.02647005608625
7,50,21.823581255660574
7,51,22.339286471648514
7,52,21.09329959566234
7,53,18.853851349466904
7,54,21.31051257615847
7,55,19.56137803390664
7,56,20.136992835428575
7,57,17.366155907329833
7,58,14.732439152973194
7,59,13.422835932489194
7,60,11.105927616300505
7,61,13.975789317798215
7,62,12.418586515251015
7,63,10.222187932934544
7,64,13.073843804098537
7,65,14.151864772707084
7,66,13.55238270707866
7,67,13.37933950522614
7,68,15.982375664730846
7,69,15.687348018981845
7,70,18.892239840833707
7,71,19.089051034506987
7,72,21.925590459586154
7,73,21.329446357117522
7,74,24.585270450375432
7,75,27.093658212322932
7,76,26.522999116541836
7,77,23.505373882255878
7,78,20.25799071486694
7,79,16.496817106497183
7,80,13.99609601218846
7,81,11.048785442458456
7,82,8.00868451736712
7,83,5.891915199021841
7,84,7.690450184032445
7,85,9.629716838862326
7,86,9.85043557689459
7,87,6.2197752892409115
7,88,6.1744238919050165
7,89,7.281977319610357
7,90,11.049036152616482
7,91,13.503395009181478
7,92,17.203700495788098
7,93,19.56888121005317
7,94,23.37397685653819
7,95,25.423264146933743
7,96,29.09232387616645
8,1,17.7117724000605
8,2,15.729743418796748
8,3,12.544492088060261
8,4,9.417225197168502
8,5,9.88244790345263
8,6,6.979461302768585
8,7,3.822968523858466
8,9,3.8063963010718846
8,10,6.988369621095067
8,11,9.802404874754261
8,12,12.702287638802765
8,13,14.346335007425957
8,14,14.124827287266067
8,15,17.41781883549216
8,16,20.077831641069636
8,17,22.235191724754532
8,18,26.02161431689899
8,19,25.650765675944424
8,20,24.154578289262115
8,21,20.599938709837577
8,22,17.228170946542026
8,23,15.08864336926211
8,24,11.32003946332896
8,25,10.092555291681304
8,26,6.494368020882724
8,27,5.640759490246254
8,28,4.770201908555164
8,29,5.639055761528178
8,30,7.829761900478561
8,31,11.240843109101654
8,32,13.324696476445347
8,33,12.321430860580229
8,34,13.715927460833338
8,35,12.218649311867894
8,36,11.884342149306338
8,37,8.862405198946314
8,38,9.625210456165188
8,39,10.283124898209733
8,40,13.26944672890714
8,41,15.238711269290606
8,42,17.155966234797912
8,43,20.41484046067221
8,44,21.426657800576884
8,45,21.786061964879366
8,46,18.217524920699244
8,47,20.415323952356317
8,48,21.446665521160483
8,49,19.398671729402324
8,50,20.55466152193788
8,51,20.50337655772694
8,52,19.176376379225573
8,53,16.709117131091574
8,54,18.820668962132164
8,55,17.061847872023232
8,56,18.1998187832306
8,57,15.979383520816954
8,58,12.844192917629872
8,59,11.96656147549192
8,60,9.691474853103633
8,61,12.817246665991332
8,62,11.66677447893293
8,63,9.425857132280514
8,64,11.372410608417594
8,65,11.815681948763661
8,66,10.460553871552566
8,67,10.344340276813917
8,68,12.625900479865267
8,69,12.56092639149528
8,70,15.774488649499885
8,71,16.30662922721825
8,72,19.281934135097426
8,73,18.93233016525133
8,74,22.41714751758086
8,75,24.785442458014977
8,76,24.39741702019238
8,77,21.643550603064494
8,78,18.5214935585602
8,79,14.95855878619763
8,80,12.04365485072754
8,81,9.937906364729235
8,82,6.581038120760576
8,83,6.372565189470824
8,84,9.563794506903182
8,85,11.936577614392268
8,86,12.06224748830866
8,87,8.741410177217851
8,88,7.19146311191813
8,89,6.3544195066345575
8,90,9.935256456728341
8,91,11.408613181361005
8,92,15.227011572705363
8,93,17.124687475978515
8,94,20.914377599791806
8,95,22.74244652777478
8,96,26.32698920504005
9,1,20.91854604962748
9,2,19.23667625832943
9,3,16.126713313917914
9,4,13.078576343278474
9,5,13.651090687122023
9,6,10.519664825330453
9,7,7.089668242130975
9,8,3.8063963010718846
9,10,3.8244145276594215
9,11,6.584398302657821
9,12,9.435441397733287
9,13,11.227208124797176
9,14,11.787379291806564
9,15,15.200935699594979
9,16,18.24523483023589
9,17,20.63512721804427
9,18,24.441374758085328
9,19,24.618361123751388
9,20,23.160315913468366
9,21,19.795858466383145
9,22,16.12686486072419
9,23,13.880418935923093
9,24,10.053864129205769
9,25,8.504169089436914
9,26,5.697325389642031
9,27,5.253658644313757
9,28,6.682175681699644
9,29,7.402457572471813
9,30,10.626526164787041
9,31,14.142818600022986
9,32,16.442221575080357
9,33,15.013478972450098
9,34,16.255859287388876
9,35,15.290276089467831
9,36,14.897413093025971
9,37,11.697812619550913
9,38,12.656054554278032
9,39,12.400732121641532
9,40,14.991746119842254
9,41,16.209099504719784
9,42,18.177266896307206
9,43,21.032808638429525
9,44,21.570398575854142
9,45,22.41826856813133
9,46,19.189510555326805
9,47,21.894187583765117
9,48,23.008154851469296
9,49,21.017173395497533
9,50,21.60370136404481
9,51,21.20913201498171
9,52,20.163295076483877
9,53,17.755520973932494
9,54,19.510797950482672
9,55,17.92377655759986
9,56,19.708993763115192
9,57,18.099768856730027
9,58,14.628821148735584
9,59,14.052777581887405
9,60,11.67104031628165
9,61,14.446118338323059
9,62,13.132224557156466
9,63,10.390574749802132
9,64,11.12677664322846
9,65,11.600498298965805
9,66,9.746637627528767
9,67,10.4995508846088
9,68,12.197443898604826
9,69,12.665231386681686
9,70,15.612275948556796
9,71,16.41297577553844
9,72,19.24326361523354
9,73,18.81793249285587
9,74,22.343057323415785
9,75,24.23944438124784
9,76,23.66014318808458
9,77,21.007250777756795
9,78,18.34639300099216
9,79,15.041961303745444
9,80,12.330471535615388
9,81,11.247694873080274
9,82,8.556074949648796
9,83,9.613907245213255
9,84,12.87794371395076
9,85,14.823222795802074
9,86,14.224940638799005
9,87,11.026003393487276
9,88,9.491711972772517
9,89,7.138134761841187
9,90,10.13869514041323
9,91,10.518639162058728
9,92,14.179714862753459
9,93,15.916973984212243
9,94,19.606457862670414
9,95,21.54120747338831
9,96,24.880597144817216
10,1,22.63823073554597
10,2,21.241457503905625
10,3,18.161885726962478
10,4,15.561064504504573
10,5,16.725739982876078
10,6,13.939439035929084
10,7,10.642398214708104
10,8,6.988369621095067
10,9,3.8244145276594215
10,11,3.8651524316554027
10,12,5.819616556371232
10,13,7.542598537371726
10,14,8.237660689774883
10,15,11.539534494866674
10,16,14.77968780871009
10,17,17.17843790790912
10,18,20.96811489576823
10,19,21.463759476295838
10,20,20.147276656127097
10,21,16.926598603359583
10,22,13.149814225405564
10,23,10.805269023546058
10,24,7.1677476884072595
10,25,5.745978972286737
10,26,4.731921350975356
10,27,6.243696633570218
10,28,9.129171486255036
10,29,10.753459073488774
10,30,14.057279634919299
10,31,17.33302863798032
10,32,19.231705404038227
10,33,17.24712891136682
10,34,17.941147685864877
10,35,17.116799104157447
10,36,16.213713947779656
10,37,12.831724304037404
10,38,13.949461799242528
10,39,12.759057822421099
10,40,14.97490781730139
10,41,15.598082389990607
10,42,17.920367174142505
10,43,20.47987333749965
10,44,20.961613416209694
10,45,22.453286155696134
10,46,19.50647664627032
10,47,22.381923068937926
10,48,23.14103634746832
10,49,20.93694345549309
10,50,20.8300598739423
10,51,19.880597886259775
10,52,18.919331235881355
10,53,16.53451478062392
10,54,17.824136721159544
10,55,16.49620025172274
10,56,18.89927600201112
10,57,18.034846974514064
10,58,14.458883402775855
10,59,14.572907893960087
10,60,12.730531734862883
10,61,15.43780969359344
10,62,14.744510566500445
10,63,12.441312200587745
10,64,12.15604872629146
10,65,11.717802400722972
10,66,8.907979276339303
10,67,9.603068828872939
10,68,10.191494211147136
10,69,10.83633311411631
10,70,13.312037208224387
10,71,14.381569750679821
10,72,17.09139067086729
10,73,16.884808414619215
10,74,20.47190255964245
10,75,22.075921590154717
10,76,21.684199247797682
10,77,19.44059091464627
10,78,17.11661883209319
10,79,14.342236551379692
10,80,11.574297604259518
10,81,11.719192895947812
10,82,9.598010074908338
10,83,11.810263759791805
10,84,15.37067405758494
10,85,17.443768532748773
10,86,16.9045277236932
10,87,14.140972006517925
10,88,11.947198143055209
10,89,8.85094407830267
10,90,10.6902510815666
10,91,9.67149873098585
10,92,12.936850582583022
10,93,13.90439271593711
10,94,17.356114150451976
10,95,18.97408270605685
10,96,22.10309120053447
11,1,24.01375533570797
11,2,23.16997170006709
11,3,20.4876074206304
11,4,17.803264850728507
11,5,19.27437679207956
11,6,16.37279029808363
11,7,13.38813667108736
11,8,9.802404874754261
11,9,6.584398302657821
11,10,3.8651524316554027
11,12,3.8364571577744533
11,13,7.233067880158828
11,14,9.003161103166136
11,15,11.479258759168495
11,16,15.144926150754353
11,17,17.091720233380123
11,18,20.80596502624237
11,19,21.78479553535022
11,20,21.042968963171997
11,21,17.94991813234683
11,22,14.272116611606785
11,23,11.363640734061363
11,24,8.353937246485158
11,25,5.637565964518355
11,26,5.981397072201142
11,27,6.716243325422098
11,28,10.358689154944273
11,29,12.048086289321118
11,30,15.661151816829163
11,31,18.63521467629138
11,32,20.467005858132218
11,33,18.02856824182217
11,34,18.54314577762532
11,35,18.483424538413818
11,36,17.987250377893968
11,37,15.022703458401528
11,38,16.838979133379706
11,39,15.796395875119792
11,40,18.1944826231095
11,41,18.829342226038317
11,42,21.400155022472024
11,43,23.864311214031126
11,44,24.32151994479209
11,45,26.05905742680691
11,46,23.223169807637888
11,47,26.10172553427212
11,48,26.679207709394827
11,49,24.289348490901155
11,50,23.891080558093705
11,51,22.503266001210257
11,52,21.291431876731284
11,53,18.620606454801596
11,54,19.19738944107672
11,55,17.511204200466526
11,56,20.0076691785405
11,57,19.503195008353828
11,58,15.717121845886473
11,59,15.501746934717467
11,60,13.411188140357373
11,61,15.322486324654525
11,62,14.515315617279585
11,63,12.256051757073338
11,64,10.782428522527605
11,65,10.218000067510275
11,66,7.562239105524631
11,67,9.500232048545195
11,68,9.979223625057264
11,69,11.840853278314075
11,70,14.276720573321724
11,71,16.13974230741554
11,72,18.970776777183527
11,73,19.272205075102644
11,74,22.90347126411357
11,75,24.3006109379828
11,76,24.124860128311074
11,77,22.24438119070052
11,78,20.207668644356698
11,79,17.768707932063933
11,80,14.973375649879701
11,81,15.424566395949725
11,82,13.14150365077009
11,83,15.163673080608236
11,84,18.80532508097603
11,85,21.05505643187253
11,86,20.5426181544512
11,87,17.54838432363448
11,88,15.62427006942313
11,89,12.666470887359571
11,90,14.499058696114457
11,91,13.120451627948704
11,92,16.02895587116932
11,93,16.492529611790193
11,94,19.598014883769032
11,95,20.857451860475738
11,96,23.636830099916818
12,1,26.70803659357396
12,2,25.833959345811056
12,3,23.02088706961278
12,4,20.686597974442194
12,5,22.27131557533612
12,6,19.556435042748408
12,7,16.392988946724206
12,8,12.702287638802765
12,9,9.435441397733287
12,10,5.819616556371232
12,11,3.8364571577744533
12,13,3.8237280068741843
12,14,6.340460237425216
12,15,8.36448653301844
12,16,12.138959757665512
12,17,14.268008392271728
12,18,17.828833181790177
12,19,19.26249504309783
12,20,18.506463608302678
12,21,15.832130408081099
12,22,12.211229611511857
12,23,9.734597265025016
12,24,7.663107274292896
12,25,6.254713318314962
12,26,8.334002569478022
12,27,10.187548902490079
12,28,13.83788597397152
12,29,15.701295241686362
12,30,19.233733441359316
12,31,22.253528950960614
12,32,23.9299624761011
12,33,21.396650745654178
12,34,21.62832125780291
12,35,21.36579251608861
12,36,20.358614227209117
12,37,17.196547159244982
12,38,18.672998461039974
12,39,16.894511991671664
12,40,18.664272736107147
12,41,18.585819585387817
12,42,21.13861482317703
12,43,23.133254685864774
12,44,23.3590032957738
12,45,25.58330221716941
12,46,23.15128989563753
12,47,26.185157574627507
12,48,26.595559545389342
12,49,24.254280064530263
12,50,23.28182509348168
12,51,21.581068213304356
12,52,20.735014406076825
12,53,18.42940771612953
12,54,18.7226860150945
12,55,17.631336287462396
12,56,20.66024256055752
12,57,20.79425387241287
12,58,17.21203091655371
12,59,17.732267944525756
12,60,16.25161325260719
12,61,18.284216316090273
12,62,17.94912182142967
12,63,15.977473782805184
12,64,14.32059283197578
12,65,13.241339033702767
12,66,10.122306252182742
12,67,11.405527131175196
12,68,10.54426185117506
12,69,12.03493827968448
12,70,13.508418252932838
12,71,15.234953327306075
12,72,17.55907523278429
12,73,17.81038573244791
12,74,21.236784042101554
12,75,22.15527518811948
12,76,21.994618051967606
12,77,20.506898691768434
12,78,18.992680854229327
12,79,17.173223186122424
12,80,14.753878192918494
12,81,16.125653114765605
12,82,14.60231083141047
12,83,17.29573128820589
12,84,20.94518716912884
12,85,23.03993404782514
12,86,22.398908632344924
12,87,19.827745325961356
12,88,17.526272293967967
12,89,14.137545875482733
12,90,15.025358610010164
12,91,12.719908975919717
12,92,14.886991199748339
12,93,14.674717242126892
12,94,17.30437874395657
12,95,18.32803913146253
12,96,20.7410935031289
13,1,28.688060410942892
13,2,27.505085223231703
13,3,24.423076681384934
13,4,22.391132337575
13,5,23.83995750102862
13,6,21.316334634828262
13,7,17.946029068133775
13,8,14.346335007425957
13,9,11.227208124797176
13,10,7.542598537371726
13,11,7.233067880158828
13,12,3.8237280068741843
13,14,3.831343002862109
13,15,6.092543996940822
13,16,9.54847491260301
13,17,12.378232039679526
13,18,15.759688676288105
13,19,17.356190541179767
13,20,16.10114631101293
13,21,13.882272107041725
13,22,10.305008525502759
13,23,8.974317190067836
13,24,7.6773683392102114
13,25,8.16429476746084
13,26,10.493099243568015
13,27,13.012445590483841
13,28,16.3900194927624
13,29,18.232016261814145
13,30,21.590699296468788
13,31,24.783041369200618
13,32,26.432884120832256
13,33,24.08047470506492
13,34,24.250354341579623
13,35,23.50507956068462
13,36,21.98337041473983
13,37,18.540724302518182
13,38,19.358282812346307
13,39,16.947727340193115
13,40,17.94376328688395
13,41,17.095072490191473
13,42,19.356297240852264
13,43,20.828172670113123
13,44,20.732390392569457
13,45,23.293794080303922
13,46,21.293200323608595
13,47,24.473997139545187
13,48,24.875416495100513
13,49,22.780254081441473
13,50,21.420687953286535
13,51,19.731042925224028
13,52,19.491452409983783
13,53,17.807193612824264
13,54,18.284316564212315
13,55,17.99284302789007
13,56,21.354324446204675
13,57,21.79160669632508
13,58,18.543937496193575
13,59,19.71940647282074
13,60,18.72424159011933
13,61,21.169404287259578
13,62,21.09909132000067
13,63,19.183809606465587
13,64,17.888668202927636
13,65,16.682912178355508
13,66,13.289993154131086
13,67,13.767192298762604
13,68,12.18487888260914
13,69,12.658464209256383
13,70,13.201172111992484
13,71,14.172655458032095
13,72,15.767318428985279
13,73,15.532997757980013
13,74,18.629902509883735
13,75,19.08101859390143
13,76,18.699303649355272
13,77,17.382440237214517
13,78,16.362700600873794
13,79,15.084749590085138
13,80,13.279266241288129
13,81,15.39036531925893
13,82,14.788877917402937
13,83,17.984035375859843
13,84,21.448243383985254
13,85,23.210281036491992
13,86,22.38715111474561
13,87,20.36345695917648
13,88,17.77051875181958
13,89,14.104259289442915
13,90,13.988381557435083
13,91,10.95617462483343
13,92,12.285965941098496
13,93,11.617049433202565
13,94,13.873742298094047
13,95,14.969621237416748
13,96,17.19312178036161
14,1,27.03200490096377
14,2,25.76409625499191
14,3,22.64549740632713
14,4,21.135560280780567
14,5,22.85355115995277
14,6,20.8472091834128
14,7,17.711558955621157
14,8,14.124827287266067
14,9,11.787379291806564
14,10,8.237660689774883
14,11,9.003161103166136
14,12,6.340460237425216
14,13,3.831343002862109
14,15,3.804947990986783
14,16,6.752706887616004
14,17,9.754085354022372
14,18,13.3237183632263
14,19,14.298647017454998
14,20,12.774538463290217
14,21,10.281618650395675
14,22,6.586466139641179
14,23,5.795004600400639
14,24,5.162390422960517
14,25,7.378514167898728
14,26,9.969230382734874
14,27,13.273758349992534
14,28,16.34226681854338
14,29,18.686393170698338
14,30,21.63974879697938
14,31,24.65609542825496
14,32,25.881793846085877
14,33,23.519070992619334
14,34,23.379342622701547
14,35,22.216126454402485
14,36,20.156295981783632
14,37,16.68064660479397
14,38,17.184001719576855
14,39,14.32121009039395
14,40,14.915720006642697
14,41,13.872459868089338
14,42,16.409373696941362
14,43,17.933510800084445
14,44,18.308158360029534
14,45,21.03797771119186
14,46,18.989162094152412
14,47,21.88015004714134
14,48,21.852253841981202
14,49,19.541572347390286
14,50,17.932990784141722
14,51,16.01443568365055
14,52,15.762911096919078
14,53,14.260673242842064
14,54,14.79163599061771
14,55,14.956117566610146
14,56,18.458120198602
14,57,19.15517212565621
14,58,16.28017483641737
14,59,18.09209306604525
14,60,17.792313517765336
14,61,20.5756581863005
14,62,21.101321596375872
14,63,19.69603967551466
14,64,18.82658908423288
14,65,17.089368815895398
14,66,13.368350184775325
14,67,12.751662138959945
14,68,10.550356947197324
14,69,10.025623153940804
14,70,9.929715591940113
14,71,10.476175314256748
14,72,11.936211391424369
14,73,11.84569198143546
14,74,15.07155034950996
14,75,15.842847286831756
14,76,15.911452063981928
14,77,14.84293178315254
14,78,13.533764540823077
14,79,12.555683743251933
14,80,10.547991106533022
14,81,13.172434809907983
14,82,12.972118274044902
14,83,16.51893906338328
14,84,19.942995773472273
14,85,21.887953793663076
14,86,21.533706575004704
14,87,19.886152034099705
14,88,16.772352089019087
14,89,13.313666935544106
14,90,12.667908426984885
14,91,9.438791646514282
14,92,10.586826911831567
14,93,9.186402421984527
14,94,11.49244067392064
14,95,12.103182875439803
14,96,14.721767905991939
15,1,28.682001612959688
15,2,27.758353067086176
15,3,24.887752296673067
15,4,23.708030393966915
15,5,25.792778860691048
15,6,24.006589900060803
15,7,21.080861966674114
15,8,17.41781883549216
15,9,15.200935699594979
15,10,11.539534494866674
15,11,11.479258759168495
15,12,8.36448653301844
15,13,6.092543996940822
15,14,3.804947990986783
15,16,3.8072673216137747
15,17,6.302335120295203
15,18,9.797129573445085
15,19,11.287213442343836
15,20,10.387410382649133
15,21,8.410561380665882
15,22,5.5315104396165085
15,23,5.203452021807793
15,24,6.922844657091506
15,25,9.115818859979386
15,26,12.451949796398395
15,27,15.853414252288097
15,28,19.085859170003456
15,29,21.755858293399022
15,30,24.67905086211453
15,31,27.454821896720055
15,32,28.355905680692903
15,33,25.688151874510893
15,34,25.16417076832272
15,35,24.197287816166234
15,36,21.977170113772317
15,37,18.787899588608347
15,38,19.521768697787298
15,39,16.495347944026488
15,40,16.86232145532105
15,41,15.631905662700024
15,42,18.379973521063732
15,43,19.61082214426682
15,44,20.170782382420647
15,45,23.251697788702348
15,46,21.47198221834491
15,47,24.112427681490015
15,48,23.59721560398249
15,49,21.08737015789017
15,50,18.9181362208084
15,51,16.370387959191266
15,52,16.01357848004262
15,53,14.624157655859555
15,54,14.256533592479261
15,55,14.728581968362354
15,56,18.480770422651087
15,57,19.909319838127956
15,58,17.313926567769748
15,59,19.465517024797073
15,60,19.616585943051554
15,61,22.091121473385503
15,62,23.055203092471466
15,63,22.07353809205215
15,64,20.81181946289953
15,65,18.581053193076155
15,66,14.812922271425702
15,67,14.017818471983283
15,68,11.013878957615072
15,69,10.652533505911837
15,70,9.480025600540484
15,71,10.44725708384302
15,72,11.446988374698416
15,73,12.128630451578578
15,74,15.048428691770754
15,75,15.491627009454087
15,76,16.198123554839487
15,77,16.025312133827892
15,78,15.166169742402513
15,79,14.979904734092162
15,80,13.115139447744152
15,81,16.092804214519266
15,82,15.986973020256315
15,83,19.574878098001246
15,84,23.03163193041108
15,85,25.16844058999704
15,86,25.05779290452262
15,87,23.489809832021887
15,88,20.236519779520577
15,89,16.921204906391022
15,90,16.10018610566691
15,91,12.76497787707965
15,92,13.29295481699107
15,93,10.966293865641159
15,94,12.246944509308182
15,95,11.736781917025818
15,96,13.707309822478397
16,1,30.178450115550547
16,2,29.185900084111324
16,3,26.326100231081632
16,4,25.624159706024788
16,5,27.781682924698423
16,6,26.37090264160655
16,7,23.578393678580657
16,8,20.077831641069636
16,9,18.24523483023589
16,10,14.77968780871009
16,11,15.144926150754353
16,12,12.138959757665512
16,13,9.54847491260301
16,14,6.752706887616004
16,15,3.8072673216137747
16,17,3.8430750605415804
16,18,6.820607359187352
16,19,8.132830843307191
16,20,6.808195960497224
16,21,5.779326521354041
16,22,4.483140193762392
16,23,6.464109348602205
16,24,9.27782986420857
16,25,12.17222675243035
16,26,15.36307960226585
16,27,18.981807113235877
16,28,21.952038759019516
16,29,24.756902427874667
16,30,27.42013340522266
16,31,30.10146741740495
16,32,30.747128785147737
16,33,28.139917759333365
16,34,27.401296454539484
16,35,26.13318501818121
16,36,23.499543400538435
16,37,20.401922746950245
16,38,20.710594563972343
16,39,17.318182046692353
16,40,16.935616342001666
16,41,15.143200752142867
16,42,17.742982197685063
16,43,18.462332801173183
16,44,19.151473860578417
16,45,22.5368514540896
16,46,21.174482406671665
16,47,23.525797378505818
16,48,22.590574380434052
16,49,20.13982391683933
16,50,17.416289939530692
16,51,14.553166488894282
16,52,14.629589969872749
16,53,13.993405771900685
16,54,13.410865217481874
16,55,14.816200852123568
16,56,18.64163135858927
16,57,20.53736453853687
16,58,18.549769954600418
16,59,21.244434703881655
16,60,21.96526993774471
16,61,24.574148673179746
16,62,25.909205368541475
16,63,25.205681489731976
16,64,24.154718818267778
16,65,21.705763968123485
16,66,17.896072501052803
16,67,16.519213955811146
16,68,13.171868056787343
16,69,11.980613563196536
16,70,9.631513267342122
16,71,9.71648876729173
16,72,9.500338059916855
16,73,10.28145041967235
16,74,12.582141796360624
16,75,12.645800607486958
16,76,13.884063311743644
16,77,14.531746867752176
16,78,14.132766803822735
16,79,14.872236383482388
16,80,13.540859123215672
16,81,16.98143663871068
16,82,17.531514364246483
16,83,21.257652719102822
16,84,24.463298556798414
16,85,26.496916386464743
16,86,26.571902156852534
16,87,25.466466439163458
16,88,21.983281453843134
16,89,18.857313905714012
16,90,17.40646335770975
16,91,13.967598982698435
16,92,13.660461147616648
16,93,10.509385338814095
16,94,10.751887995110305
16,95,9.172309646638407
16,96,10.741509100303096
17,1,30.336018874717382
17,2,29.761552545203553
17,3,27.26359833738024
17,4,26.873491060459266
17,5,29.42089776815756
17,6,28.263170590150082
17,7,25.7840591044872
17,8,22.235191724754532
17,9,20.63512721804427
17,10,17.17843790790912
17,11,17.091720233380123
17,12,14.268008392271728
17,13,12.378232039679526
17,14,9.754085354022372
17,15,6.302335120295203
17,16,3.8430750605415804
17,18,3.833318315501167
17,19,5.2958430168307755
17,20,5.930169274823839
17,21,5.406700136946262
17,22,6.038542404740833
17,23,7.328007628899284
17,24,10.951205690478107
17,25,13.453501517270428
17,26,16.89999090321316
17,27,20.489508875455467
17,28,23.467476553143545
17,29,26.60146288062411
17,30,29.144656255470128
17,31,31.493098962461634
17,32,31.747478286372175
17,33,28.87044204472754
17,34,27.749364730781036
17,35,26.71301301256111
17,36,24.03680480404215
17,37,21.36360432215515
17,38,22.037454078964615
17,39,18.785535258450203
17,40,18.556283273007523
17,41,17.124005951056805
17,42,20.044678880142303
17,43,20.899054351135284
17,44,22.034308268638817
17,45,25.40313050069313
17,46,23.960925148805302
17,47,25.93319779593577
17,48,24.52847292921988
17,49,21.755441779649367
17,50,18.858829305262173
17,51,15.504994962986888
17,52,15.003882626249162
17,53,14.16412067430664
17,54,12.55429778328871
17,55,13.951261122117057
17,56,17.71821401992365
17,57,20.213822997595823
17,58,18.553295706141025
17,59,21.398567156407765
17,60,22.533267256914762
17,61,24.783525843079122
17,62,26.55642203704831
17,63,26.351482751895006
17,64,25.08149254552364
17,65,22.203800580907362
17,66,18.517871262879595
17,67,16.92100377712934
17,68,13.21120011345712
17,69,12.270344455423771
17,70,9.373140646625442
17,71,10.172632186381186
17,72,10.000286545438449
17,73,11.943213671042173
17,74,14.03566239658153
17,75,14.327655201746985
17,76,16.326997418986895
17,77,17.485943344034037
17,78,16.966721787005977
17,79,17.83371889458714
17,80,16.190685371915
17,81,19.471379874703466
17,82,19.71403023259317
17,83,23.292813662390042
17,84,26.564880008705536
17,85,28.929435978682857
17,86,29.378346960155387
17,87,28.168704535416904
17,88,24.59409192587619
17,89,21.70321030327266
17,90,20.506372497609625
17,91,17.297406952853336
17,92,17.201236085825926
17,93,13.98002461017036
17,94,14.001559994653295
17,95,11.712669000569374
17,96,12.777792524420441
18,1,33.420228001726926
18,2,32.93677686579073
18,3,30.54404488326843
18,4,30.388269146586417
18,5,32.98927025364899
18,6,31.96860994831347
18,7,29.530624469306662
18,8,26.02161431689899
18,9,24.441374758085328
18,10,20.96811489576823
18,11,20.80596502624237
18,12,17.828833181790177
18,13,15.759688676288105
18,14,13.3237183632263
18,15,9.797129573445085
18,16,6.820607359187352
18,17,3.833318315501167
18,19,3.8819808203662696
18,20,5.762025377805033
18,21,7.391162908597213
18,22,9.333830756600948
18,23,11.079805931626945
18,24,14.755734871046853
18,25,17.254517917129785
18,26,20.71401169280993
18,27,24.296955145010774
18,28,27.255713472376364
18,29,30.42375773655404
18,30,32.9221789755731
18,31,35.20836551603038
18,32,35.33243273491492
18,33,32.42081617450887
18,34,31.151076617246222
18,35,30.10538629602666
18,36,27.307475747184622
18,37,24.787850371044758
18,38,25.333082627347704
18,39,21.992491892209717
18,40,21.3942990829123
18,41,19.676408379543833
18,42,22.359485118904313
18,43,22.74694279153821
18,44,23.825623903207173
18,45,27.372563929563103
18,46,26.328895623008023
18,47,28.10368164364346
18,48,26.43340867505196
18,49,23.796422953574858
18,50,20.5434651169514
18,51,17.05408361935805
18,52,16.865244281495514
18,53,16.58411859989823
18,54,14.646400480615183
18,55,16.493851250067692
18,56,20.084613661870538
