1,2,3.849175602060386
1,3,6.851793272571389
1,4,9.126173661375322
1,5,12.242456223888281
1,6,14.932773531412206
1,7,16.120302202657886
1,8,19.760257537531736
1,9,21.992627072025293
1,10,23.335564549779207
1,11,26.18425902823667
1,12,27.806711319528667
1,13,26.20611930980452
1,14,28.045118309361737
1,15,29.620093445950996
1,16,26.69675481055163
1,17,25.401745949720638
1,18,23.72083093391041
1,19,21.31282875806192
1,20,20.90760501966888
1,21,18.243761811629565
1,22,17.553094706028258
1,23,14.517152201637122
1,24,15.804892356690551
1,25,12.995766030619206
1,26,12.61320245498292
1,27,8.885961650641123
1,28,9.123858986595414
1,29,7.87259091134532
1,30,5.267840625154477
1,31,6.1316706066266216
1,32,9.304333649175085
1,33,10.113977867567945
1,34,13.662409904220786
1,35,16.478093732969228
1,36,20.31109795514284
1,37,22.74234077280901
1,38,26.595457696131675
1,39,21.157162318100795
1,40,18.4347289570034
1,41,20.034855435448996
1,42,17.223592020962503
1,43,15.677243674290807
1,44,12.101460775690224
1,45,11.907313566007131
1,46,9.821028650770128
1,47,10.728927541646925
1,48,12.200175388162664
1,49,16.758636103527945
1,50,18.945314684385888
1,51,18.097223281158502
1,52,20.796738553884136
1,53,21.36747661557922
1,54,24.32118104681773
1,55,25.215501428326352
1,56,27.311307593664484
1,57,31.08144024702932
1,58,32.37241040867666
1,59,30.547276236733882
1,60,26.708801805179306
1,61,23.789988626663085
1,62,20.904176109048084
1,63,17.81003860247413
1,64,15.21796771818617
1,65,12.496595248686088
1,66,12.657235722822021
1,67,16.388204896975168
1,68,18.58041652333002
1,69,21.01060646645267
1,70,23.250423115425157
1,71,26.49892398711322
1,72,27.79370613149956
1,73,31.042848096681485
1,74,31.740791988027578
2,1,3.849175602060386
2,3,3.8541739760824547
2,4,6.3030449917795695
2,5,9.480528501215575
2,6,11.662773119933165
2,7,12.85993609231598
2,8,16.57227651061107
2,9,18.78429021511548
2,10,20.52404599619445
2,11,23.21214040595456
2,12,24.57903631884878
2,13,22.930676877214392
2,14,25.006556650266685
2,15,26.556935600937415
2,16,23.903270513505564
2,17,22.37688349146276
2,18,20.857217836617266
2,19,18.234200708240284
2,20,18.09226136195626
2,21,15.358469884008501
2,22,15.030139973339312
2,23,12.112224208905689
2,24,13.497061630494962
2,25,11.292435820226858
2,26,12.053466202355484
2,27,8.909677813112461
2,28,9.301418912284783
2,29,8.711052551734747
2,30,5.01057991233812
2,31,4.438637336457102
2,32,6.254288124650039
2,33,6.541464764311968
2,34,10.270409392049391
2,35,13.080966974176652
2,36,16.86211539555573
2,37,19.205098976113604
2,38,23.06360819986281
2,39,18.478540942689172
2,40,15.8961997384077
2,41,17.91090080547191
2,42,15.366330102759584
2,43,14.535102697433171
2,44,11.108862660686384
2,45,10.093918361451017
2,46,8.663396907998829
2,47,9.556904912449959
2,48,12.139705241262453
2,49,14.789797674231062
2,50,16.666987513683498
2,51,15.44617311519407
2,52,18.21737553705947
2,53,18.499780227361377
2,54,21.450891042082006
2,55,21.98968625593719
2,56,24.10052692014021
2,57,27.80786560957408
2,58,28.881970678391955
2,59,26.905784362609438
2,60,23.07500348579031
2,61,20.044043920011113
2,62,17.211711785969282
2,63,14.016037724193811
2,64,11.450490357792646
2,65,8.669049057340658
2,66,9.048430245112673
2,67,12.680269245792244
2,68,14.815092006850668
2,69,17.16560387905755
2,70,19.46347026924819
2,71,22.692152718660843
2,72,24.105867385781252
2,73,27.420160324370393
2,74,28.31248387400015
3,1,6.851793272571389
3,2,3.8541739760824547
3,4,3.8341583654651257
3,5,5.960620800329242
3,6,8.132302854317524
3,7,9.395267772618558
3,8,13.143071600696024
3,9,15.714804423311469
3,10,17.42776262031571
3,11,20.363856489010406
3,12,21.976338518585717
3,13,20.798415693835267
3,14,23.21103970128288
3,15,25.179747437608093
3,16,23.42560653180874
3,17,21.338159821966883
3,18,19.487930725292543
3,19,16.408961383693182
3,20,15.783903733698036
3,21,12.591489154126865
3,22,11.773706706027152
3,23,8.570941116122118
3,24,9.673350031110099
3,25,7.723440020216528
3,26,9.232272924940027
3,27,6.990113318223895
3,28,7.684229670209754
3,29,8.264267015584197
3,30,5.056978855257265
3,31,5.549640479131781
3,32,5.5657324873690355
3,33,6.653433162968995
3,34,10.343356235924425
3,35,13.297322136361522
3,36,16.768771579926607
3,37,18.905757059473554
3,38,22.68994258148883
3,39,19.19438190779078
3,40,16.52055146234723
3,41,18.484039583018173
3,42,15.844113019891195
3,43,15.894680777927894
3,44,12.477529517626909
3,45,10.25825200830996
3,46,8.484202704083273
3,47,7.96980895039132
3,48,11.004993604955772
3,49,12.988612186693555
3,50,15.218745751715188
3,51,14.434077386941269
3,52,17.67473504233604
3,53,18.21509862261123
3,54,21.42256845210414
3,55,21.646623459757688
3,56,24.049564085339615
3,57,27.564167750386236
3,58,28.253874663264508
3,59,25.99791242465332
3,60,22.26233734322783
3,61,18.915800852798736
3,62,16.075644380272017
3,63,12.755477866625318
3,64,9.63191997614966
3,65,6.677014152516808
3,66,7.867989676160303
3,67,10.197735757090873
3,68,12.172316265975896
3,69,15.095960017199802
3,70,17.448660368567776
3,71,20.919707492551506
3,72,22.623854068168875
3,73,26.17781938402631
3,74,27.425632382624958
4,1,9.126173661375322
4,2,6.3030449917795695
4,3,3.8341583654651257
4,5,3.84459798359431
4,6,6.791332135261479
4,7,9.520980860264268
4,8,13.31202479678531
4,9,16.393572803679263
4,10,18.559925704861822
4,11,21.49513237920649
4,12,22.912524565720243
4,13,21.975163117256663
4,14,24.819855279969996
4,15,26.78205879467858
4,16,25.402249237933052
4,17,23.10948671535156
4,18,21.53263275502289
4,19,18.17951843647916
4,20,17.68660098299466
4,21,14.247965152200427
4,22,13.226781892328864
4,23,9.830006678784914
4,24,9.531112831801332
4,25,7.574731155509533
4,26,9.715597418808896
4,27,8.065720785908844
4,28,10.16865569109959
4,29,11.43219585824743
4,30,8.621429887413724
4,31,9.214152954326703
4,32,8.619532928912372
4,33,8.349587978193059
4,34,11.727734003521908
4,35,13.844917475082694
4,36,17.05813828434353
4,37,18.460236965314557
4,38,22.13764422350563
4,39,20.890786722842524
4,40,18.71836401433384
4,41,21.144037798516923
4,42,18.90193319240877
4,43,19.15928224572909
4,44,15.950230548455906
4,45,13.69405965559459
4,46,12.242582989536857
4,47,11.387687119416078
4,48,14.360372611366946
4,49,15.900603694723651
4,50,17.978941728758667
4,51,16.984294149669964
4,52,20.14603496994528
4,53,20.219563109302293
4,54,23.16926216441291
4,55,22.783005288575943
4,56,24.85263022997821
4,57,28.22900181728293
4,58,28.47256869272934
4,59,25.82274949573421
4,60,22.16694818450957
4,61,18.58162553756587
4,62,16.359391270950372
4,63,12.66388102296862
4,64,10.121351608424062
4,65,6.4429808031466305
4,66,6.065149685772291
4,67,8.4303629495688
4,68,11.32716773140441
4,69,14.288486707114872
4,70,17.26618990566698
4,71,20.513745134623917
4,72,22.781956028049837
4,73,26.414570032772943
4,74,28.120461180345814
5,1,12.242456223888281
5,2,9.480528501215575
5,3,5.960620800329242
5,4,3.84459798359431
5,6,3.849997711374704
5,7,6.948196882516647
5,8,10.421887169445592
5,9,13.8965050372382
5,10,15.93613411992772
5,11,19.061956965668774
5,12,20.73377835865694
5,13,20.383059594417453
5,14,23.478573218261516
5,15,25.83111155086061
5,16,25.37361173900484
5,17,22.622721082049146
5,18,20.75201773698413
5,19,17.11325073481343
5,20,16.108890119800794
5,21,12.400006645447283
5,22,10.811835641325828
5,23,7.442136820435956
5,24,6.144494573768286
5,25,5.096897485792471
5,26,8.344955486486304
5,27,8.360173334342731
5,28,10.344563648315008
5,29,12.335126388356382
5,30,10.297090040517357
5,31,11.249183689836514
5,32,9.867656679268805
5,33,10.26499623626776
5,34,13.120028300371132
5,35,15.258731457784279
5,36,17.983851464035986
5,37,19.197895399007525
5,38,22.647186012432993
5,39,22.16131054066597
5,40,19.922157511345645
5,41,22.134245394235684
5,42,19.852598008661545
5,43,20.743999340016234
5,44,17.631540533760187
5,45,14.7122013393688
5,46,13.156962090051765
5,47,11.364489861207398
5,48,14.30447625191335
5,49,15.034158084539348
5,50,17.291460885490583
5,51,16.804345246556547
5,52,20.215258143852868
5,53,20.575351128481476
5,54,23.675209546313077
5,55,23.077681510711926
5,56,25.41042274015481
5,57,28.521655543625577
5,58,28.421092469932972
5,59,25.588508220449267
5,60,22.14723044934556
5,61,18.40044112907453
5,62,16.253310294347973
5,63,12.77461377978233
5,64,9.944753391643614
5,65,6.946224241506428
5,66,7.613857347652046
5,67,7.419385328201215
5,68,9.74619100664584
5,69,13.261856965944203
5,70,16.095309605223942
5,71,19.494506518766606
5,72,21.971153270538178
5,73,25.750797997885375
5,74,27.745875735587948
6,1,14.932773531412206
6,2,11.662773119933165
6,3,8.132302854317524
6,4,6.791332135261479
6,5,3.849997711374704
6,7,3.8514305305581953
6,8,7.080135572870444
6,9,10.522965928515315
6,10,13.035882609005952
6,11,15.851397112401182
6,12,17.238421533858297
6,13,17.01323579260491
6,14,20.325082920048583
6,15,22.717784515613634
6,16,22.852026884007444
6,17,19.833523202810305
6,18,18.077776190273024
6,19,14.317072669570097
6,20,13.487691038294692
6,21,9.923147082807768
6,22,8.945881680850452
6,23,6.673406608394477
6,24,5.823142042806583
6,25,7.131218601129397
6,26,10.893111730419125
6,27,11.518898899909427
6,28,12.65371037665954
6,29,14.475741829781471
6,30,12.366819505054396
6,31,12.482895845948804
6,32,9.965102500160011
6,33,10.177085303926077
6,34,12.055689787644711
6,35,13.906964485538465
6,36,16.019514773375906
6,37,17.093352888403203
6,38,20.287543591328745
6,39,20.56440479483132
6,40,18.54029225440109
6,41,20.75762614923446
6,42,18.84808568436138
6,43,20.415427668039687
6,44,17.77291149208932
6,45,14.466248110627205
6,46,13.668230952636334
6,47,11.999147325739333
6,48,15.30376035411947
6,49,13.818953913640087
6,50,15.520516925880807
6,51,14.917827833160825
6,52,18.200003325005728
6,53,18.432895738981415
6,54,21.433361517908075
6,55,20.52212670798583
6,56,22.95468841080824
6,57,25.806074492400878
6,58,25.454603531487614
6,59,22.554552398152648
6,60,19.30337203298388
6,61,15.53850086252004
6,62,13.492932920145286
6,63,10.370599647923077
6,64,7.657427142929266
6,65,5.892139963613366
6,66,7.621528195503143
6,67,5.030538920684941
6,68,6.281217918709598
6,69,10.021886183124664
6,70,12.628160138170742
6,71,16.073961202014825
6,72,18.61015681549055
6,73,22.431355480336308
6,74,24.603733962478064
7,1,16.120302202657886
7,2,12.85993609231598
7,3,9.395267772618558
7,4,9.520980860264268
7,5,6.948196882516647
7,6,3.8514305305581953
7,8,3.8471291967469106
7,9,6.976109035879823
7,10,9.351372895157432
7,11,12.187464721642804
7,12,13.805631959141499
7,13,13.681840871982663
7,14,16.86406146981483
7,15,19.519949783042563
7,16,20.09278881325286
7,17,16.87142351955088
7,18,14.740556139382612
7,19,10.934456076669274
7,20,9.723573341254788
7,21,6.148033481743315
7,22,5.620963099267162
7,23,4.822373316608223
7,24,5.769699490391302
7,25,8.305655379552972
7,26,11.841619659228407
7,27,12.779020985948796
7,28,12.776625461509983
7,29,14.323477583796723
7,30,12.566408402923773
7,31,12.308682013584217
7,32,9.280303474528822
7,33,10.338043418137868
7,34,11.53478964418874
7,35,13.787952555726187
7,36,15.578973393591943
7,37,17.147991726843955
7,38,20.185841873939125
7,39,19.17417929512535
7,40,16.887287603181523
7,41,18.600166103144115
7,42,16.6403290474783
7,43,18.729395423401225
7,44,16.39812219103244
7,45,12.733961749230883
7,46,12.28488080595461
7,47,10.543597609104012
7,48,13.86743659588531
7,49,10.663253547211685
7,50,12.16619090428556
7,51,11.979669653535794
7,52,15.367193849500326
7,53,16.082894849379784
7,54,19.298717934841424
7,55,18.67764000243404
7,56,21.555869626885467
7,57,24.27567452687414
7,58,24.085834163079376
7,59,21.489163148861422
7,60,18.373670724615273
7,61,14.855581534277244
7,62,12.301693376934093
7,63,9.98962339306484
7,64,6.794337477664225
7,65,6.890196798397503
7,66,9.949971086869818
7,67,6.956924651758455
7,68,5.952194756208437
7,69,9.598892099429758
7,70,11.098387999059158
7,71,14.840227927610952
7,72,16.8372820882636
7,73,20.640678212022273
7,74,22.560854449315908
8,1,19.760257537531736
8,2,16.57227651061107
8,3,13.143071600696024
8,4,13.31202479678531
8,5,10.421887169445592
8,6,7.080135572870444
8,7,3.8471291967469106
8,9,3.8170042287400614
8,10,6.24284858169462
8,11,8.95290476147146
8,12,10.768456988126548
8,13,11.509240567920173
8,14,14.847946310269116
8,15,17.87780499912578
8,16,19.643668598217975
8,17,16.060791480283452
8,18,13.75783250017636
8,19,10.020576390631064
8,20,8.326250514258092
8,21,5.433201473020825
8,22,5.263551709455174
8,23,6.733062753743384
8,24,7.474122057758063
8,25,10.925687005324283
8,26,14.287070132684446
8,27,15.873185072716941
8,28,15.52449366108932
8,29,17.12516673722495
8,30,15.829922721133213
8,31,15.539015013957775
8,32,12.369851001819363
8,33,13.560330496221315
8,34,14.02203595727403
8,35,15.97430349593116
8,36,17.03327822453823
8,37,18.413857661848652
8,38,20.95407606952912
8,39,20.43980303295234
8,40,18.3057875385749
8,41,19.626553115530722
8,42,17.92885542279166
8,43,20.57123004884063
8,44,18.66978427069025
8,45,14.86638968316564
8,46,14.719249080944916
8,47,12.8038402543381
8,48,15.734497043167313
8,49,11.048193309070806
8,50,12.07400928644459
8,51,12.441811816710699
8,52,15.571467682485363
8,53,16.52582874644906
8,54,19.610842686095832
8,55,18.83526480212668
8,56,21.885455312643128
8,57,24.144447743908128
8,58,23.66129337930739
8,59,21.12170052730947
8,60,18.483542781014172
8,61,15.239118522224777
8,62,12.954430969752885
8,63,11.62492307548218
8,64,9.06352605104047
8,65,10.263595999500325
8,66,13.311861343241182
8,67,9.45402294154714
8,68,7.088067149834437
8,69,10.085191177933762
8,70,10.527688507823441
8,71,14.086993623204556
8,72,15.90815777969107
8,73,19.611980185280785
8,74,21.666275763605658
9,1,21.992627072025293
9,2,18.78429021511548
9,3,15.714804423311469
9,4,16.393572803679263
9,5,13.8965050372382
9,6,10.522965928515315
9,7,6.976109035879823
9,8,3.8170042287400614
9,10,3.845927257217422
9,11,5.398238837861995
9,12,7.028448200774015
9,13,7.966190618432195
9,14,11.226721571376629
9,15,14.444257348225612
9,16,16.934013846493972
9,17,13.192652264865545
9,18,10.804666229797103
9,19,7.387745440486268
9,20,5.768872491698052
9,21,4.759077282000464
9,22,6.514219192026385
9,23,9.352225875225685
9,24,10.93937110424909
9,25,14.314921092807788
9,26,17.423288951363133
9,27,18.855390974121434
9,28,17.92045046610974
9,29,19.103697739184824
9,30,17.863676182805442
9,31,17.041763604554255
9,32,13.659142945564936
9,33,14.903545780257703
9,34,14.50930677764138
9,35,16.29944768139238
9,36,16.756341564547448
9,37,18.33798817473365
9,38,20.48592648759833
9,39,19.30640123067759
9,40,17.296862611151706
9,41,18.154324053429193
9,42,16.844002459534813
9,43,19.98618269210899
9,44,18.717283286708724
9,45,14.99439651417781
9,46,15.549368831190632
9,47,14.128558939818234
9,48,16.911665246663144
9,49,10.406823061710485
9,50,10.372934698906557
9,51,10.900638413431295
9,52,13.520934330340417
9,53,14.674848482399115
9,54,17.603005828168403
9,55,16.9491764906134
9,56,20.227557747549167
9,57,22.155957792479256
9,58,21.750872281297504
9,59,19.59996321551122
9,60,17.321183701905184
9,61,14.625723735744266
9,62,12.263124341202367
9,63,12.085718587030563
9,64,10.041826159542532
9,65,12.357945184015959
9,66,15.695709183898364
9,67,11.911776386558968
9,68,8.698546905417635
9,69,10.546855803486814
9,70,9.56398170857944
9,71,12.875948417702551
9,72,13.930492759905203
9,73,17.380741857746504
9,74,19.156103784228744
10,1,23.335564549779207
10,2,20.52404599619445
10,3,17.42776262031571
10,4,18.559925704861822
10,5,15.93613411992772
10,6,13.035882609005952
10,7,9.351372895157432
10,8,6.24284858169462
10,9,3.845927257217422
10,11,3.8579811025091155
10,12,7.308372530616319
10,13,9.137011105576672
10,14,11.473776616047768
10,15,15.156827913053833
10,16,18.118128889601394
10,17,14.465340552527698
10,18,11.401865229317815
10,19,8.647899847931582
10,20,5.590968636209498
10,21,5.461316765595521
10,22,6.240536453890055
10,23,9.91523873937538
10,24,11.739182612221567
10,25,15.135677648815703
10,26,17.671943607528313
10,27,19.485387260773116
10,28,18.025300183611336
10,29,19.1899350417072
10,30,18.68367859261007
10,31,18.279099424661467
10,32,15.341331757584506
10,33,17.321899835650864
10,34,17.191374092594515
10,35,19.4075910415301
10,36,20.035143230521996
10,37,21.90440579807443
10,38,24.03763079163176
10,39,21.579562245270967
10,40,19.201856158698302
10,41,19.35655870382647
10,42,17.6719177611265
10,43,20.82387699738194
10,44,19.550524960714032
10,45,15.826423287597907
10,46,15.978588014303282
10,47,14.138503229671436
10,48,16.177837341958487
10,49,9.643257104872728
10,50,9.990690957599146
10,51,11.794314259602007
10,52,14.455281881709388
10,53,16.42535692078627
10,54,19.522326535916417
10,55,19.424505301662954
10,56,22.941685808081765
10,57,24.76534841653793
10,58,24.5775327496445
10,59,22.756916788673212
10,60,20.64559364134989
10,61,18.20139557182178
10,62,15.64670609404392
10,63,15.593264333981844
10,64,13.188296156067059
10,65,15.270658589250262
10,66,18.779347217099964
10,67,15.30234388403031
10,68,12.373616976407469
10,69,14.377613168309928
10,70,13.184596559451226
10,71,16.323949642842226
10,72,16.9083421007073
10,73,20.06860486021633
10,74,21.463162161733486
11,1,26.18425902823667
11,2,23.21214040595456
11,3,20.363856489010406
11,4,21.49513237920649
11,5,19.061956965668774
11,6,15.851397112401182
11,7,12.187464721642804
11,8,8.95290476147146
11,9,5.398238837861995
11,10,3.8579811025091155
11,12,3.8519888005123546
11,13,6.509433470274896
11,14,8.517462888778049
11,15,12.264156064493244
11,16,16.267868179479546
11,17,12.581299586378782
11,18,9.913541088719448
11,19,8.090235728747558
11,20,6.189533375461052
11,21,7.944530208414049
11,22,9.842908195265176
11,23,13.48147859909558
11,24,15.373444823091216
11,25,18.783278200058636
11,26,21.43680988252698
11,27,23.062146747568786
11,28,21.516163042106864
11,29,22.426660282008562
11,30,21.689218254398686
11,31,20.77750061628989
11,32,17.595968004021113
11,33,19.19206357373636
11,34,18.31368731729095
11,35,20.054829835011684
11,36,19.991348247597656
11,37,21.730536776536074
11,38,23.341768609813922
11,39,21.154485752356535
11,40,19.208036348195126
11,41,19.127125271375323
11,42,18.110966096410873
11,43,21.63808396391205
11,44,21.021037391384002
11,45,17.536564165653274
11,46,18.392869275443836
11,47,17.128591497970536
11,48,19.227829560702325
11,49,11.687021635502536
11,50,10.755325214543975
11,51,12.189844266929203
11,52,13.93031993782189
11,53,15.693261674884122
11,54,18.296439442225775
11,55,18.062086669766487
11,56,21.533828523864972
11,57,22.85516097437561
11,58,22.55723251237831
11,59,21.0684953893028
11,60,19.48553250572382
11,61,17.636608145747843
11,62,15.414330636320043
11,63,16.28374694407709
11,64,14.620471784181905
11,65,17.36067072206306
11,66,20.84163815375067
11,67,17.18754763384449
11,68,13.757805591288749
11,69,14.81074805455385
11,70,12.671342758717541
11,71,15.175181262902317
11,72,15.11823692068776
11,73,17.824354697926204
11,74,19.043470911662766
12,1,27.806711319528667
12,2,24.57903631884878
12,3,21.976338518585717
12,4,22.912524565720243
12,5,20.73377835865694
12,6,17.238421533858297
12,7,13.805631959141499
12,8,10.768456988126548
12,9,7.028448200774015
12,10,7.308372530616319
12,11,3.8519888005123546
12,13,3.8502025171946617
12,14,6.228134517723792
12,15,9.52768709483775
12,16,14.256673959959052
12,17,10.571330517970182
12,18,8.963393462129478
12,19,7.852276355204727
12,20,7.827195727106899
12,21,10.0765411042722
12,22,12.713491808465893
12,23,16.054462570988324
12,24,17.91157814310461
12,25,21.27971952044221
12,26,24.226518385148424
12,27,25.54913026490993
12,28,24.173319532190312
12,29,24.920495258061727
12,30,23.704312173038556
12,31,22.26494173563375
12,32,18.78909304579967
12,33,19.735651374746933
12,34,18.159573270428915
12,35,19.230564269966123
12,36,18.448023999839815
12,37,19.881249768079922
12,38,20.962175475697244
12,39,19.7452399040991
12,40,18.438076492553186
12,41,18.54443004415615
12,42,18.31743031410616
12,43,22.049939323339785
12,44,21.945925340599757
12,45,18.714325021059842
12,46,20.22409208769346
12,47,19.529339497547642
12,48,21.989464546092663
12,49,13.966048747575812
12,50,12.144395089388619
12,51,12.576226683672731
12,52,13.42663835551529
12,53,14.445461884469614
12,54,16.392032490264143
12,55,15.687791714842419
12,56,18.91908341027721
12,57,19.785530126301733
12,58,19.251857774745332
12,59,17.93177602623822
12,60,16.823959343240443
12,61,15.519623685927911
12,62,13.816429668383172
12,63,15.491071010348975
12,64,14.730735475332839
12,65,17.95904054154368
12,66,21.22864425078219
12,67,17.474837676319062
12,68,13.734438984763827
12,69,13.756035670914285
12,70,10.8552654430815
12,71,12.599785678888786
12,72,12.041045964099403
12,73,14.380266625732059
12,74,15.641476899690389
13,1,26.20611930980452
13,2,22.930676877214392
13,3,20.798415693835267
13,4,21.975163117256663
13,5,20.383059594417453
13,6,17.01323579260491
13,7,13.681840871982663
13,8,11.509240567920173
13,9,7.966190618432195
13,10,9.137011105576672
13,11,6.509433470274896
13,12,3.8502025171946617
13,14,3.857992582886188
13,15,6.6339361348760475
13,16,10.580329805080702
13,17,6.826250727964964
13,18,5.80398096638589
13,19,5.277671198659413
13,20,7.071007442591175
13,21,9.775096026797438
13,22,13.188750946532327
13,23,16.182845152993778
13,24,18.50821616574001
13,25,21.480196274468064
13,26,24.44532471513925
13,27,25.189812867932307
13,28,23.718056042659803
13,29,24.07610431542582
13,30,22.463675432293723
13,31,20.47583082488863
13,32,16.941131913406753
13,33,17.544936191561074
13,34,15.447337206188438
13,35,16.31615266007406
13,36,15.345763269862442
13,37,17.107636400750316
13,38,18.230197819996796
13,39,16.019205871547445
13,40,14.909316081264592
13,41,15.069421720402504
13,42,15.303705336343157
13,43,19.09362780399378
13,44,19.396067559934885
13,45,16.50083641484594
13,46,18.618712513497805
13,47,18.64272358534882
13,48,21.36712574271475
13,49,13.0451303584696
13,50,10.472276502818879
13,51,9.941214597232054
13,52,10.137009528495982
13,53,10.744440071287011
13,54,12.543488161515858
13,55,11.964889775940613
13,56,15.340628982196229
13,57,16.435253265792333
13,58,16.360167243462115
13,59,15.352081616533223
13,60,13.996746996154751
13,61,13.020397472254404
13,62,11.01912353996405
13,63,13.2186537967446
13,64,12.855329946613542
13,65,16.447146860680263
13,66,19.70501627340935
13,67,16.55273030425468
13,68,12.887607554090838
13,69,12.35119948901889
13,70,9.108182421200667
13,71,10.812173254804513
13,72,9.534629826153962
13,73,11.86073706921644
13,74,12.641840478149202
14,1,28.045118309361737
14,2,25.006556650266685
14,3,23.21103970128288
14,4,24.819855279969996
14,5,23.478573218261516
14,6,20.325082920048583
14,7,16.86406146981483
14,8,14.847946310269116
14,9,11.226721571376629
14,10,11.473776616047768
14,11,8.517462888778049
14,12,6.228134517723792
14,13,3.857992582886188
14,15,3.8441223826025643
14,16,8.755182120629682
14,17,5.671681522322249
14,18,4.898112047497119
14,19,6.8161030086748795
14,20,8.631472931592434
14,21,12.119720747218484
14,22,15.5893513028109
14,23,18.76156973468121
14,24,21.464984163663075
14,25,24.274464034612
14,26,26.947329818422393
14,27,27.536194206338205
14,28,25.639042782367973
14,29,25.644051930122323
14,30,24.23432141073798
14,31,22.06317580164586
14,32,18.812066332498343
14,33,19.6465498714969
14,34,17.328248031958925
14,35,18.275756886068166
14,36,17.200151393527783
14,37,19.288911761903126
14,38,20.18461161746851
14,39,16.17749392738675
14,40,15.104945037734819
14,41,14.371840894541007
14,42,14.966265645972118
14,43,18.835592192341803
14,44,19.75862527961062
14,45,17.316595630670204
14,46,19.732978166829568
14,47,20.135705846263324
14,48,22.4835923314635
14,49,13.889650917568513
14,50,10.682076719376358
14,51,10.438477137698538
14,52,9.541503662459382
14,53,10.616545611683003
14,54,11.979900889995577
14,55,12.243205034195132
14,56,15.66651203412667
14,57,16.43499076187838
14,58,16.930202526954602
14,59,16.784783088348473
14,60,15.796465221738453
14,61,15.544223819342474
14,62,13.47160341492007
14,63,16.019166884411593
14,64,15.668956343390764
14,65,19.313301525487848
14,66,22.668566036927523
14,67,19.965493810708
14,68,16.430936722784196
14,69,15.781344375867793
14,70,12.431950773421821
14,71,13.676173307173714
14,72,11.49737081799219
14,73,12.864879559992408
14,74,12.538406903198137
15,1,29.620093445950996
15,2,26.556935600937415
15,3,25.179747437608093
15,4,26.78205879467858
15,5,25.83111155086061
15,6,22.717784515613634
15,7,19.519949783042563
15,8,17.87780499912578
15,9,14.444257348225612
15,10,15.156827913053833
15,11,12.264156064493244
15,12,9.52768709483775
15,13,6.6339361348760475
15,14,3.8441223826025643
15,16,6.349730799145728
15,17,4.596844274038185
15,18,6.3484062491261435
15,19,9.138709035045492
15,20,11.819566961217223
15,21,15.169632639752338
15,22,18.838326087097705
15,23,21.72869426098637
15,24,24.494518237252315
15,25,27.10940840700515
15,26,29.840794333984906
15,27,30.082131498480226
15,28,28.22366689000566
15,29,27.9756738209417
15,30,26.256905093517148
15,31,23.65880798154509
15,32,20.443680534341357
15,33,20.771833068038127
15,34,17.913278864210305
15,35,18.2595615015131
15,36,16.606962630229248
15,37,18.594965103830255
15,38,18.972879559844436
15,39,14.78357203409648
15,40,14.500794661216577
15,41,13.704947422071308
15,42,15.267349859559552
15,43,19.026084859388757
15,44,20.585340077220526
15,45,18.70318230259446
15,46,21.617642782248453
15,47,22.583552384994054
15,48,25.05359412014892
15,49,16.574827659321954
15,50,13.009624491248687
15,51,11.908598585410209
15,52,9.815406637378944
15,53,9.894748597335589
15,54,10.011902560880166
15,55,10.278275498456521
15,56,13.304333023473957
15,57,13.559909415976493
15,58,14.411886734199038
15,59,15.040381187949038
15,60,14.54728616295123
15,61,15.21546170363548
15,62,13.58862384509735
15,63,16.73808351798707
15,64,17.110736803361917
15,65,20.89193582844518
15,66,23.974624659518664
15,67,21.64641361347217
15,68,18.231754896456565
15,69,16.877573637456603
15,70,13.32763432915318
15,71,13.721758829429158
15,72,10.685977130813658
15,73,11.008943702282986
15,74,9.71407808415629
16,1,26.69675481055163
16,2,23.903270513505564
16,3,23.42560653180874
16,4,25.402249237933052
16,5,25.37361173900484
16,6,22.852026884007444
16,7,20.09278881325286
16,8,19.643668598217975
16,9,16.934013846493972
16,10,18.118128889601394
16,11,16.267868179479546
16,12,14.256673959959052
16,13,10.580329805080702
16,14,8.755182120629682
16,15,6.349730799145728
16,17,3.837844377094985
16,18,6.895203668839383
16,19,9.93347974484859
16,20,13.307057177046941
16,21,16.145426006553457
16,22,19.934785784358276
16,23,22.066219026622196
16,24,25.209297249873735
16,25,27.072929617069267
16,26,29.55002627447419
16,27,28.970757912726626
16,28,27.024462218055113
16,29,26.189222652593124
16,30,24.091102507443907
16,31,20.911018285590753
16,32,18.15023941842324
16,33,18.074657713216148
16,34,14.854686419183514
16,35,15.07187914060625
16,36,13.696145518441407
16,37,16.425099005804416
16,38,17.214620657101957
16,39,9.398038304124663
16,40,9.43836514815586
16,41,8.319701723488862
16,42,10.984130906466293
16,43,14.291568455827818
16,44,16.609957798414097
16,45,15.75542195208705
16,46,19.288696590783005
16,47,21.275417746130454
16,48,23.81539387729634
16,49,16.198979837578086
16,50,12.462873337806258
16,51,10.093631689790746
16,52,6.595588605054478
16,53,5.502123123790982
16,54,4.577645411874146
16,55,6.876817082479623
16,56,9.950536031352879
16,57,11.3089580376858
16,58,13.67137481220411
16,59,14.845179063742242
16,60,13.560509826142468
16,61,14.520446964186922
16,62,12.40179290877888
16,63,15.409220474439529
16,64,15.997023298905418
16,65,19.537537719484398
16,66,22.337222712846202
16,67,21.336028695491084
16,68,18.641647582757667
16,69,17.195465324929472
16,70,14.355529022496913
16,71,14.96811046107266
16,72,11.910698251610482
16,73,12.207332691953123
16,74,9.909774131449012
17,1,25.401745949720638
17,2,22.37688349146276
17,3,21.338159821966883
17,4,23.10948671535156
17,5,22.622721082049146
17,6,19.833523202810305
17,7,16.87142351955088
17,8,16.060791480283452
17,9,13.192652264865545
17,10,14.465340552527698
17,11,12.581299586378782
17,12,10.571330517970182
17,13,6.826250727964964
17,14,5.671681522322249
17,15,4.596844274038185
17,16,3.837844377094985
17,18,3.840101841498958
17,19,6.499818250396151
17,20,9.971618362884984
17,21,12.852975219081891
17,22,16.67797309489568
17,23,19.035143306254383
17,24,22.01616434456789
17,25,24.18927700708691
17,26,26.8459446403742
17,27,26.64212464457991
17,28,24.834301173530008
17,29,24.374111428862278
17,30,22.366083871826945
17,31,19.504546235596905
17,32,16.365162503713652
17,33,16.523348221223888
17,34,13.568687665150506
17,35,14.11404493241142
17,36,12.915437567538213
17,37,15.505545202978354
17,38,16.586520555072443
17,39,10.625257199024176
17,40,9.972628468220213
17,41,9.517261264828367
17,42,11.105555412281827
17,43,14.822759540153921
17,44,16.328046806171265
17,45,14.605632357744092
17,46,17.784607015118212
17,47,19.188308708036953
17,48,21.89534307064789
17,49,13.830090624981173
17,50,10.224256834914538
17,51,8.106227171804852
17,52,5.711368147360848
17,53,5.349133639004535
17,54,6.329315348218619
17,55,7.241915364259487
17,56,10.905816077059155
17,57,12.422927156340714
17,58,13.874526895344683
17,59,14.134435221391412
17,60,12.566633158197558
17,61,12.746969443763714
17,62,10.35836190360335
17,63,13.248932520624777
17,64,13.504807925275172
17,65,17.207810318377163
17,66,20.25480703432963
17,67,18.6049078093733
17,68,15.591930950668182
17,69,14.410139310527024
17,70,11.391433666930826
17,71,12.501688877605181
17,72,9.866326704034316
17,73,11.109626000699981
17,74,9.957933740350013
18,1,23.72083093391041
18,2,20.857217836617266
18,3,19.487930725292543
18,4,21.53263275502289
18,5,20.75201773698413
18,6,18.077776190273024
18,7,14.740556139382612
18,8,13.75783250017636
18,9,10.804666229797103
18,10,11.401865229317815
18,11,9.913541088719448
18,12,8.963393462129478
18,13,5.80398096638589
18,14,4.898112047497119
18,15,6.3484062491261435
18,16,6.895203668839383
18,17,3.840101841498958
18,19,3.8306432419737044
18,20,6.552308027086162
18,21,9.83568468344595
18,22,13.551284541302252
18,23,16.20916451004122
18,24,19.385163008546744
18,25,21.624189490733922
18,26,24.063147870462384
18,27,24.114294470256187
18,28,22.04282023391645
18,29,21.67718484231241
18,30,20.10215749598427
18,31,17.65919284033183
18,32,14.62779295940961
18,33,15.623813843524061
18,34,13.388281508730854
18,35,14.889306596973203
18,36,14.563951412368567
18,37,17.388736418362914
18,38,19.038498429750977
18,39,12.605382731586406
18,40,10.785267867595273
18,41,9.912364420970933
18,42,10.111214436173162
18,43,13.980313438189711
18,44,14.883254427317668
18,45,12.619422016859328
18,46,15.335908300908232
18,47,16.297894602841694
18,48,18.750966837953683
18,49,10.383724200906999
18,50,6.769758805610664
18,51,5.744938073158461
18,52,4.787539368592083
18,53,6.706432772467694
18,54,9.219218482670621
18,55,10.457011626241389
18,56,14.282455405615444
18,57,16.112559006308043
18,58,17.34602375658067
18,59,17.10245080053384
18,60,15.153665308505413
18,61,14.450863330124614
18,62,11.468207858000637
18,63,13.502923336051381
18,64,12.671893953793184
18,65,16.166216066814734
18,66,19.62555978300874
18,67,17.81884825679296
18,68,14.793360136796272
18,69,14.563820280511548
18,70,11.911098036072515
18,71,13.96852354281469
18,72,12.122150427978484
18,73,14.082061514549565
18,74,13.511171572506314
19,1,21.31282875806192
19,2,18.234200708240284
19,3,16.408961383693182
19,4,18.17951843647916
19,5,17.11325073481343
19,6,14.317072669570097
19,7,10.934456076669274
19,8,10.020576390631064
19,9,7.387745440486268
19,10,8.647899847931582
19,11,8.090235728747558
19,12,7.852276355204727
19,13,5.277671198659413
19,14,6.8161030086748795
19,15,9.138709035045492
19,16,9.93347974484859
19,17,6.499818250396151
19,18,3.8306432419737044
19,20,3.8369029828206966
19,21,6.361708524359388
19,22,10.184450919648897
19,23,12.714387702910876
19,24,15.711940284498187
19,25,18.071671157434658
19,26,20.73205919127816
19,27,20.96903175605288
19,28,19.223280805922123
19,29,19.240730227820638
19,30,17.55681477590532
19,31,15.417794949979752
19,32,12.062624572721873
19,33,13.134912154007463
19,34,11.398797196050909
19,35,13.223282416735714
19,36,13.386724060194409
19,37,16.044128781481188
19,38,18.145729851621443
19,39,13.246636450533863
19,40,11.121090314887303
19,41,11.264132937947535
19,42,10.631356362166368
19,43,14.281921487513376
19,44,14.22162643909037
19,45,11.229907839490302
19,46,13.429899272762555
19,47,13.834794813677068
19,48,16.669849880402754
19,49,8.49304303997498
19,50,5.840513156630638
19,51,4.832343650566767
19,52,6.301135988067262
19,53,7.815919142207047
19,54,10.929984905844714
19,55,11.365399734642496
19,56,15.124902812707365
19,57,17.322309133227474
19,58,18.048662398557877
19,59,16.983259964762517
19,60,14.559275487279939
19,61,12.921706258348907
19,62,9.682979026219448
19,63,10.923446947925088
19,64,9.519426117470177
19,65,12.921770118480794
19,66,16.501545513349118
19,67,14.343546498160741
19,68,11.30395797628611
19,69,11.671966390680685
19,70,9.552516170630465
19,71,12.407777093431385
19,72,11.619532403079164
19,73,14.451807838695917
19,74,14.83383639483409
20,1,20.90760501966888
20,2,18.09226136195626
20,3,15.783903733698036
20,4,17.68660098299466
20,5,16.108890119800794
20,6,13.487691038294692
20,7,9.723573341254788
20,8,8.326250514258092
20,9,5.768872491698052
20,10,5.590968636209498
20,11,6.189533375461052
20,12,7.827195727106899
20,13,7.071007442591175
20,14,8.631472931592434
20,15,11.819566961217223
20,16,13.307057177046941
20,17,9.971618362884984
20,18,6.552308027086162
20,19,3.8369029828206966
20,21,3.84515982883331
20,22,7.219128485442378
20,23,10.394225572809056
20,24,13.469926816002744
20,25,16.043022452291417
20,26,18.442237115308057
20,27,19.1868777146521
20,28,17.218774586150385
20,29,17.53127271990422
20,30,16.50936004888607
20,31,15.14714884934274
20,32,12.118149777346119
20,33,14.087353982951095
20,34,13.3401594871218
20,35,15.768247564871974
20,36,16.4957280394803
20,37,19.071121091607235
20,38,21.392830967867102
20,39,16.59762438010871
20,40,13.990823861149988
20,41,13.816446345675367
20,42,12.227017619314957
20,43,15.583162643238976
20,44,14.835438237979075
20,45,11.395615648140918
20,46,12.57110364879624
20,47,12.017043189644408
20,48,14.430388398097502
20,49,6.200497876617842
20,50,4.892294576764079
20,51,6.32806487079847
20,52,8.929119814496094
20,53,11.253166214797082
20,54,14.595452774350582
20,55,15.190363072488411
20,56,18.934231691818443
20,57,21.12237170448215
20,58,21.68055357044094
20,59,20.39047058298886
20,60,17.953128831639084
20,61,15.892771182011684
20,62,12.668970085709244
20,63,13.06854688010964
20,64,10.727270158091622
20,65,13.45234885610181
20,66,17.235067091386604
20,67,14.829355776067118
20,68,11.966937815216308
20,69,13.37342271590157
20,70,11.81272525757407
20,71,15.035314190653857
20,72,14.79190606353267
20,73,17.787236090624774
20,74,18.4117745724863
21,1,18.243761811629565
21,2,15.358469884008501
21,3,12.591489154126865
21,4,14.247965152200427
21,5,12.400006645447283
21,6,9.923147082807768
21,7,6.148033481743315
21,8,5.433201473020825
21,9,4.759077282000464
21,10,5.461316765595521
21,11,7.944530208414049
21,12,10.0765411042722
21,13,9.775096026797438
21,14,12.119720747218484
21,15,15.169632639752338
21,16,16.145426006553457
21,17,12.852975219081891
21,18,9.83568468344595
21,19,6.361708524359388
21,20,3.84515982883331
21,22,3.835285894600096
21,23,6.652509948458137
21,24,9.68403724385786
21,25,12.250942859448674
21,26,14.839118112079525
21,27,15.71939619253258
21,28,14.143303577906604
21,29,14.89205018495293
21,30,13.795628949401944
21,31,12.951981872213834
21,32,9.912641199749467
21,33,12.058974720104578
21,34,12.216022922553314
21,35,14.93531033590617
21,36,16.285035864541243
21,37,18.66867989493783
21,38,21.403114013740456
21,39,17.576204646175814
21,40,14.828798417815943
21,41,15.352525155035774
21,42,13.268870686460104
21,43,16.070329886459227
21,44,14.45019281849588
21,45,10.643440106577808
21,46,10.935892249441336
21,47,9.633870245996896
21,48,12.441223570249042
21,49,5.87389807172699
21,50,6.695524687264871
21,51,7.730289160852532
21,52,11.153423550599562
21,53,13.023260805357832
21,54,16.543382613271422
21,55,16.790890814472082
21,56,20.315099257843304
21,57,22.832167391968536
21,58,23.17210494711219
21,59,21.358296355639073
21,60,18.5408404130155
21,61,15.810641761566428
21,62,12.586450300916942
21,63,11.854558886505709
21,64,8.784611589277011
21,65,10.716990273379778
21,66,14.473353724829943
21,67,12.04873842830698
21,68,9.720613777525704
21,69,12.08919909417644
21,70,11.63794312993632
21,71,15.312060918745766
21,72,15.967846132166205
21,73,19.398856447083688
21,74,20.524169199473214
22,1,17.553094706028258
22,2,15.030139973339312
22,3,11.773706706027152
22,4,13.226781892328864
22,5,10.811835641325828
22,6,8.945881680850452
22,7,5.620963099267162
22,8,5.263551709455174
22,9,6.514219192026385
22,10,6.240536453890055
22,11,9.842908195265176
22,12,12.713491808465893
22,13,13.188750946532327
22,14,15.5893513028109
22,15,18.838326087097705
22,16,19.934785784358276
22,17,16.67797309489568
22,18,13.551284541302252
22,19,10.184450919648897
22,20,7.219128485442378
22,21,3.835285894600096
22,23,3.8414491768481183
22,24,6.628864518315041
22,25,9.364032963714077
22,26,11.715542005350244
22,27,13.272404646943558
22,28,11.857334846992908
22,29,13.226827153328362
22,30,12.8043230413701
22,31,13.068327251453924
22,32,10.702511371515078
22,33,13.28199719542523
22,34,14.416777909671751
22,35,17.35082445000906
22,36,19.12758363642287
22,37,21.311421154018056
22,38,24.22666987343915
22,39,20.85914059944552
22,40,17.945975546944172
22,41,18.515847415019454
22,42,15.965717781819158
22,43,18.25176163769953
22,44,15.986201094965784
22,45,12.14734103144403
22,46,11.168532444167615
22,47,8.6133224655285
22,48,10.93614079533786
22,49,7.0199993726914585
22,50,9.40633091981842
22,51,11.016696196542572
22,52,14.657222732142841
22,53,16.637098555253097
22,54,20.229173114824913
22,55,20.448470401422394
22,56,23.872447306744107
22,57,26.465477793251424
22,58,26.656412224227395
22,59,24.588256392650994
22,60,21.69829876822922
22,61,18.646933976166636
22,62,15.601912983883054
22,63,14.165300522050872
22,64,10.712777870341911
22,65,11.44045175209428
22,66,14.900205058243428
22,67,12.52487437208001
22,68,10.967145969864388
22,69,14.101467717046903
22,70,14.37394208036944
22,71,18.122092287689785
22,72,19.265039639705353
22,73,22.824674240768996
22,74,24.190354041805154
23,1,14.517152201637122
23,2,12.112224208905689
23,3,8.570941116122118
23,4,9.830006678784914
23,5,7.442136820435956
23,6,6.673406608394477
23,7,4.822373316608223
23,8,6.733062753743384
23,9,9.352225875225685
23,10,9.91523873937538
23,11,13.48147859909558
23,12,16.054462570988324
23,13,16.182845152993778
23,14,18.76156973468121
23,15,21.72869426098637
23,16,22.066219026622196
23,17,19.035143306254383
23,18,16.20916451004122
23,19,12.714387702910876
23,20,10.394225572809056
23,21,6.652509948458137
23,22,3.8414491768481183
23,24,3.8443693519215856
23,25,5.688944572875064
23,26,8.270098407410499
23,27,9.63999748561097
23,28,8.84791763326031
23,29,10.655500968775574
23,30,10.035256308533459
23,31,10.959195642676091
23,32,9.121439883467465
23,33,11.649799616245
23,34,13.704831541550725
23,35,16.75485261142263
23,36,19.10549164421262
23,37,21.18096473762504
23,38,24.426444780261345
23,39,21.39038501908532
23,40,18.451633900498468
23,41,19.493481159820558
23,42,16.721874389004522
23,43,18.3464195565707
23,44,15.489963096625353
23,45,11.835055650515374
23,46,10.0830340522244
23,47,7.140274269034108
23,48,9.761497383573541
23,49,8.806554682589743
23,50,11.671508471035313
23,51,12.646100732216818
23,52,16.434027944283457
23,53,18.037614578777074
23,54,21.64061273157834
23,55,21.772893164187188
23,56,24.93516279981386
23,57,27.836997588128565
23,58,28.055419428368936
23,59,25.754427406623428
23,60,22.554085693389634
