1,2,3.8585551158316296
1,3,6.678179394889244
1,4,9.099707872334458
1,5,12.015089131495019
1,6,14.635170116524623
1,7,16.915918857113763
1,8,17.637823221321096
1,9,21.00822509312818
1,10,22.841631396727212
1,11,23.69534003417386
1,12,26.61158074668181
1,13,28.38698084765322
1,14,26.696055175810844
1,15,28.151935394362184
1,16,29.787842079740834
1,17,30.535646903507825
1,18,30.246533617968158
1,19,26.551383445866566
1,20,25.449492492525717
1,21,23.610399785508875
1,22,21.57292477744228
1,23,20.901130419750636
1,24,18.574464922896958
1,25,17.90955709270372
1,26,15.321908806903576
1,27,17.192507045083758
1,28,14.631276245028507
1,29,13.722633249119593
1,30,10.154334283958107
1,31,8.76661632426692
1,32,6.54212338095361
1,33,5.423235303723406
1,34,6.211001933630992
1,35,10.031121367499818
1,36,11.753967106607483
1,37,14.874121021185188
1,38,18.015475189060126
1,39,21.795720397230795
1,40,24.68300843099094
1,41,28.50142709583573
1,42,31.2180546116848
1,43,31.05006715097238
1,44,27.278773019529993
1,45,26.7840613523086
1,46,24.098819844530894
1,47,25.663474953211896
1,48,23.647804638255693
1,49,23.77058112943239
1,50,21.625205785098657
1,51,18.550549773633502
1,52,19.52188072960415
1,53,16.46613974108108
1,54,14.609939883139443
1,55,10.925049354539635
1,56,11.210513599243171
1,57,8.608502012860278
1,58,9.857881271806358
1,59,10.164053424844951
1,60,12.863402129939779
1,61,15.090834599990547
1,62,15.829234683928583
1,63,18.286082326337013
1,64,17.814900319682064
1,65,20.44096385460878
1,66,21.49765271368936
1,67,24.780842167834404
1,68,25.983581170889206
1,69,28.123816251559813
1,70,31.88914440378019
1,71,33.47361990704413
1,72,31.863504079700068
1,73,28.104290735102524
1,74,25.430331702087667
1,75,22.29475778549693
1,76,19.574750997401143
1,77,16.74935413192113
1,78,14.727581322185447
1,79,15.676173047772698
1,80,18.8525431414287
1,81,21.95075599445681
1,82,20.09628662026772
1,83,18.777791079735234
1,84,20.57003979680986
1,85,22.956102044534234
1,86,24.845776485164784
1,87,28.116321783747598
1,88,29.031526274096823
1,89,32.256704718702125
1,90,32.44980636378657
1,91,36.12744829378818
1,92,37.63763051913465
1,93,37.15326643617464
1,94,40.052153388244875
2,1,3.8585551158316296
2,3,3.8496519189422647
2,4,6.7054433798863275
2,5,8.812801265954878
2,6,11.943322645232744
2,7,14.6162829992571
2,8,16.073325472194448
2,9,19.737499952999492
2,10,22.008744946301732
2,11,23.3632961650353
2,12,26.346727548914757
2,13,27.953791518944406
2,14,26.33892064844207
2,15,28.24990720428
2,16,29.89183010685404
2,17,31.34057207175182
2,18,30.579050363392728
2,19,26.89165660874474
2,20,25.548564149131284
2,21,23.937465570059555
2,22,21.49170626428093
2,23,20.996485925277078
2,24,18.23934030563683
2,25,17.460622807318487
2,26,14.39290175180958
2,27,15.646316392013146
2,28,12.829155806952887
2,29,12.405020401945519
2,30,8.675784955137143
2,31,8.722138218171937
2,32,7.747968026132162
2,33,5.311061008406451
2,34,6.197980642662502
2,35,9.33241973790655
2,36,10.144799254533037
2,37,13.702401973347719
2,38,16.501354208388303
2,39,20.309997720496103
2,40,22.77678134848218
2,41,26.61252176477067
2,42,29.13540531712174
2,43,28.617437040365434
2,44,24.797424721314016
2,45,24.418172007086213
2,46,22.0793480489899
2,47,24.104419897505228
2,48,22.594721075734412
2,49,23.142717182300718
2,50,21.57107711524545
2,51,18.763675469079843
2,52,20.423304034962925
2,53,17.698522356538398
2,54,16.32616283886604
2,55,12.674087476906855
2,56,12.263473903761325
2,57,9.83672089338819
2,58,10.597090072517705
2,59,11.841607624133001
2,60,13.760218658417793
2,61,15.072789402416518
2,62,16.612636251726766
2,63,19.10089755444374
2,64,18.26843930057996
2,65,21.038504191121927
2,66,21.65508025455585
2,67,24.79472783524783
2,68,25.432042469874833
2,69,27.363613700406727
2,70,31.11901577506946
2,71,32.349777492948256
2,72,30.398193634436485
2,73,26.587135494000563
2,74,23.678260264771154
2,75,20.89135382455487
2,76,17.752121848489754
2,77,15.127836691493155
2,78,12.433331788587084
2,79,12.684199344534731
2,80,15.532238233852466
2,81,18.69443368496236
2,82,17.108433130137364
2,83,16.16427275524194
2,84,18.4904805234075
2,85,20.913166520762225
2,86,23.272117284196412
2,87,26.453189695566298
2,88,27.805055322175217
2,89,31.16015064055694
2,90,31.732061944082428
2,91,35.491884063971604
2,92,37.13865885158487
2,93,36.827118585069194
2,94,39.94089377046494
3,1,6.678179394889244
3,2,3.8496519189422647
3,4,3.8630134506002434
3,5,6.17579539090163
3,6,9.325102836414112
3,7,11.486242161617335
3,8,12.971250585542254
3,9,16.701751344755923
3,10,18.944968423399477
3,11,20.719581470658625
3,12,23.518319354522163
3,13,24.83691186336307
3,14,23.142132726682505
3,15,25.27260460377755
3,16,26.849965633844022
3,17,28.82162112488504
3,18,27.726372245800107
3,19,24.06483679467032
3,20,22.542813651287005
3,21,21.140648856408433
3,22,18.51136554314023
3,23,18.336129809450295
3,24,15.518710194757572
3,25,15.139195637479363
3,26,12.173985925589552
3,27,13.536916639801909
3,28,11.3076959883491
3,29,12.054379150551972
3,30,8.923850257436289
3,31,9.124863209942568
3,32,8.83544785429606
3,33,5.1947947924167055
3,34,4.642684305361492
3,35,6.3967884012146765
3,36,6.554896222246468
3,37,10.279348599812876
3,38,13.03047094071016
3,39,16.780199224786156
3,40,19.158971351639167
3,41,22.99210017048009
3,42,25.399774807923595
3,43,24.969011284798256
3,44,21.143482685545166
3,45,20.992235008989173
3,46,18.79572087375539
3,47,20.81848274498574
3,48,19.555687917691458
3,49,20.083426085807698
3,50,18.866231245408496
3,51,16.167256767579342
3,52,18.258128146479603
3,53,15.836421901238243
3,54,15.138066274985517
3,55,11.690052114406164
3,56,10.528936850825943
3,57,8.740997854049908
3,58,9.60272823066766
3,59,12.01544150774358
3,60,13.658410569034222
3,61,14.220996223057048
3,62,14.738848485160542
3,63,16.926498815838073
3,64,15.69084066547445
3,65,18.477264407475605
3,66,18.800309202852997
3,67,21.853467288411366
3,68,22.14447678185072
3,69,24.077564001813894
3,70,27.774100924178526
3,71,28.79949167277225
3,72,26.70861547499586
3,73,22.898332795226946
3,74,19.895471857821658
3,75,17.189122772192054
3,76,13.948550503075268
3,77,11.4082109910439
3,78,8.625063474267014
3,79,9.03540812656497
3,80,12.185195812397987
3,81,15.34789877828686
3,82,13.794363467220602
3,83,12.475645509436292
3,84,14.78562355920558
3,85,17.08807083367374
3,86,19.51558510402231
3,87,22.650796715628424
3,88,24.11489885757247
3,89,27.515346326231366
3,90,28.266542696797266
3,91,32.057947173685335
3,92,33.83298053243868
3,93,33.6821757994187
3,94,36.86714149036794
4,1,9.099707872334458
4,2,6.7054433798863275
4,3,3.8630134506002434
4,5,3.841300660144673
4,6,5.847891927773419
4,7,7.956190756402536
4,8,9.49675376374047
4,9,13.264084553213278
4,10,15.853180111423285
4,11,17.5914028660556
4,12,20.618080552924752
4,13,22.189853518941963
4,14,20.95722134361491
4,15,23.412173656443322
4,16,25.401914354233874
4,17,28.452559639004523
4,18,27.227327298930934
4,19,23.50467973333933
4,20,21.423062001943716
4,21,19.68279878855539
4,22,16.610904886157257
4,23,15.964100046118919
4,24,12.715762912367618
4,25,11.844246546018649
4,26,8.595070323794442
4,27,9.693057326629148
4,28,7.698223627188728
4,29,9.156870589073913
4,30,6.92207544800951
4,31,7.4261521748896895
4,32,8.306042967663467
4,33,5.01271269630675
4,34,5.62627887327176
4,35,5.707171834987383
4,36,6.658837043349448
4,37,10.321902351653709
4,38,13.275764104958737
4,39,16.70613030381995
4,40,18.934579371929892
4,41,22.67717550234914
4,42,24.63014425280727
4,43,24.416508805908617
4,44,20.620285638805118
4,45,21.17220411489831
4,46,19.422166968036773
4,47,21.343770211347238
4,48,20.410808680331442
4,49,20.559421808373795
4,50,19.564062372546957
4,51,16.678292806614724
4,52,18.689763964473695
4,53,16.131322695189386
4,54,16.281142841208073
4,55,12.873392496513059
4,56,10.569323173506618
4,57,8.444802330199874
4,58,7.924512158975658
4,59,10.797655436241532
4,60,11.48593114207191
4,61,11.181901810968384
4,62,12.795750912843056
4,63,15.342957542594904
4,64,14.577062416844838
4,65,17.81823562129857
4,66,18.4791626938064
4,67,21.69821794898391
4,68,21.742395874705405
4,69,24.028053449615115
4,70,27.53314227016206
4,71,28.198309463886478
4,72,25.843904753171344
4,73,22.11163211560715
4,74,18.78555737931725
4,75,16.06481087794561
4,76,12.72228054714961
4,77,9.61132800807426
4,78,6.76071329595003
4,79,8.029630431876228
4,80,10.974735527998654
4,81,13.437616260282997
4,82,11.111731701842983
4,83,10.089983577581458
4,84,12.175920481783448
4,85,15.068203310812372
4,86,17.51154509648245
4,87,20.91331870355924
4,88,22.64072805517748
4,89,26.24935254585587
4,90,27.361657257613867
4,91,31.19625577479446
4,92,33.353415791978726
4,93,33.53363319331002
4,94,36.635116540472794
5,1,12.015089131495019
5,2,8.812801265954878
5,3,6.17579539090163
5,4,3.841300660144673
5,6,3.8457186104648104
5,7,6.946390064064547
5,8,9.878148704971212
5,9,13.66945850780437
5,10,16.778201060170943
5,11,18.938924243322507
5,12,21.9569596336207
5,13,23.35879177946585
5,14,22.37132123005088
5,15,25.237655004402598
5,16,27.218183316398534
5,17,30.881752445348628
5,18,29.275243937347287
5,19,25.68130262531758
5,20,23.42608011779014
5,21,21.946555179734766
5,22,18.616654681029452
5,23,18.088799727298014
5,24,14.594069667806268
5,25,13.476243975575729
5,26,9.985479015372432
5,27,9.667131400907703
5,28,7.468720263168338
5,29,9.451165142112051
5,30,7.804861635757713
5,31,9.848816881985586
5,32,11.39171394261444
5,33,8.528852850144919
5,34,9.311609858070238
5,35,8.900697527585692
5,36,8.54622580342123
5,37,11.982654164094237
5,38,14.137115014081088
5,39,17.283269498687748
5,40,18.796660086853628
5,41,22.399445464411823
5,42,23.969290916983894
5,43,23.286491344563416
5,44,19.521533367455888
5,45,20.333255292309385
5,46,19.1961251769741
5,47,21.61946138769069
5,48,21.343638099232397
5,49,21.942757190888248
5,50,21.566212526557532
5,51,19.096345590889033
5,52,21.53795911398774
5,53,19.343181120044225
5,54,19.6786947136071
5,55,16.438862208068482
5,56,14.104508966090613
5,57,12.240106472767758
5,58,11.385733447065435
5,59,14.142459827259655
5,60,14.124786808968807
5,61,13.02337019818605
5,62,15.799351214161902
5,63,18.244205985669712
5,64,17.318482061384383
5,65,20.47998711042223
5,66,20.73499974662542
5,67,23.660822133588425
5,68,23.120458431179262
5,69,25.103180322907072
5,70,28.473428368991016
5,71,28.693462426804754
5,72,25.961490983888197
5,73,22.294605926863678
5,74,18.746354987628653
5,75,16.666824044974504
5,76,12.969701681832527
5,77,10.449038586950062
5,78,6.848608892929371
5,79,6.537811772123457
5,80,8.339809241256193
5,81,10.604988249882764
5,82,8.551534127554156
5,83,8.697787954111023
5,84,11.65400624067222
5,85,14.589152254800446
5,86,17.624971116982493
5,87,20.79880973705182
5,88,23.084923140253
5,89,26.76200569743523
5,90,28.318116639828258
5,91,32.148709930742626
5,92,34.432357858224336
5,93,34.80273635649793
5,94,38.05900873484147
6,1,14.635170116524623
6,2,11.943322645232744
6,3,9.325102836414112
6,4,5.847891927773419
6,5,3.8457186104648104
6,7,3.856566728410072
6,8,7.124356500516289
6,9,10.637533315059096
6,10,14.108118914201503
6,11,16.188880645136685
6,12,19.341638295823373
6,13,20.96522638747052
6,14,20.52662857251976
6,15,23.646689498918352
6,16,25.989756294049652
6,17,30.59937621405069
6,18,28.9226286544699
6,19,25.359406449836154
6,20,22.64437883027
6,21,20.893398459433232
6,22,17.279483451923433
6,23,16.30692231041611
6,24,12.579620821867946
6,25,10.966236707408763
6,26,7.519396159590147
6,27,6.2758161782842095
6,28,4.971560470122786
6,29,8.15080321713686
6,30,8.199748429020584
6,31,10.134334057161146
6,32,12.33906086562791
6,33,10.12835003547331
6,34,11.213531570735096
6,35,9.939561952563766
6,36,10.181066540040447
6,37,13.055434883853199
6,38,15.244852690589386
6,39,17.903673761737647
6,40,19.26414808727295
6,41,22.636441718845866
6,42,23.713756101018248
6,43,23.34858604778755
6,44,19.756341981688355
6,45,21.24265190494399
6,46,20.500976949542718
6,47,22.651491619670637
6,48,22.597890510230428
6,49,22.77358697868302
6,50,22.539938050711136
6,51,19.970398651191402
6,52,22.21588798292338
6,53,19.985885300811
6,54,20.96489415624335
6,55,17.88002972028948
6,56,14.897643806886322
6,57,13.040267932744024
6,58,11.304560295106532
6,59,14.121591261581349
6,60,13.204679058367109
6,61,11.127456481142318
6,62,14.756073069815272
6,63,17.31479690265916
6,64,16.87156999848128
6,65,20.256244228545697
6,66,20.816499058284975
6,67,23.796956388431425
6,68,23.081523597545754
6,69,25.369121993665093
6,70,28.4767007683423
6,71,28.37036642403097
6,72,25.466434094493216
6,73,21.992346380961283
6,74,18.267877628752668
6,75,16.261245522644685
6,76,12.780087442047604
6,77,9.98510987383547
6,78,7.098746722663925
6,79,7.818444460012024
6,80,8.972376731420823
6,81,9.883452920613735
6,82,6.712743967208262
6,83,7.506000834355005
6,84,9.82836199162095
6,85,13.312312183574111
6,86,16.17925630842784
6,87,19.52582611563351
6,88,21.99888898237645
6,89,25.788231828049614
6,90,27.653158317071096
6,91,31.448115550507993
6,92,34.06923898151352
6,93,34.745728794395355
6,94,37.8588648142302
7,1,16.915918857113763
7,2,14.6162829992571
7,3,11.486242161617335
7,4,7.956190756402536
7,5,6.946390064064547
7,6,3.856566728410072
7,8,3.8469584224944504
7,9,7.1587741499309985
7,10,10.608674164645494
7,11,13.112161551927404
7,12,15.981727126144893
7,13,17.36054825484281
7,14,17.047894541104554
7,15,20.360770836322875
7,16,22.758224524359537
7,17,28.012677731505974
7,18,26.156673480548424
7,19,22.719987873943573
7,20,19.739937869818515
7,21,18.070002951089272
7,22,14.33557698911382
7,23,13.520532592904603
7,24,9.911273836475363
7,25,8.862452677000483
7,26,6.4208881601533925
7,27,5.657098728932762
7,28,6.798518371197001
7,29,10.546725804741241
7,30,11.23485005926595
7,31,12.26603496913571
7,32,14.295213921913113
7,33,12.028585548251183
7,34,12.318906235945061
7,35,9.895085404657536
7,36,10.041511435494394
7,37,11.938214615794475
7,38,13.900052475126845
7,39,15.966701606217141
7,40,17.243632701964355
7,41,20.372334329159322
7,42,21.153795288610738
7,43,21.242305727657943
7,44,17.8451726237487
7,45,19.79938832484388
7,46,19.26443416507321
7,47,20.990137864170535
7,48,21.09824846713975
7,49,20.886956677036
7,50,20.89726336214373
7,51,18.464180179603147
7,52,20.683561804401517
7,53,18.781397739568398
7,54,20.4303302949639
7,55,17.825275214599852
7,56,14.442188842656131
7,57,13.339080908376316
7,58,11.706843073078522
7,59,14.945150801090854
7,60,13.947135164761393
7,61,11.41831545071183
7,62,13.279268618357113
7,63,15.317827855877791
7,64,14.809790972301055
7,65,18.076173544789903
7,66,18.588145382601173
7,67,21.42068532789871
7,68,20.466932676627593
7,69,22.922270991090244
7,70,25.77693356274547
7,71,25.45201999258432
7,72,22.504272794425855
7,73,19.20784493577613
7,74,15.459446751685348
7,75,13.508216614027061
7,76,10.402004815588837
7,77,7.669712045929616
7,78,6.047131677038284
7,79,7.877328889354653
7,80,9.019307565767575
7,81,9.059745685375647
7,82,5.380864169390193
7,83,5.246067469520464
7,84,6.405549619704497
7,85,10.14341748219851
7,86,12.727419746616784
7,87,16.16259207279849
7,88,18.654294362569456
7,89,22.469054024068228
7,90,24.502804335903324
7,91,28.243818199898932
7,92,31.06221222140277
7,93,31.952840476562685
7,94,34.96043240408749
8,1,17.637823221321096
8,2,16.073325472194448
8,3,12.971250585542254
8,4,9.49675376374047
8,5,9.878148704971212
8,6,7.124356500516289
8,7,3.8469584224944504
8,9,3.8481043318279737
8,10,7.001452221605054
8,11,9.383048027853205
8,12,12.275143540298744
8,13,13.870652987872218
8,14,13.684835532844557
8,15,16.894094045791654
8,16,19.560110625062645
8,17,25.11384827683091
8,18,23.457427957876323
8,19,20.004839412183316
8,20,16.78656641392304
8,21,14.750139714361557
8,22,10.95798724865022
8,23,9.784449427274298
8,24,6.187487821076312
8,25,5.586317154591083
8,26,4.679610488894823
8,27,5.666689793340026
8,28,8.213559773334067
8,29,11.730520324247236
8,30,12.72834230639188
8,31,12.644149152477613
8,32,14.37629965706243
8,33,12.464023986635965
8,34,12.386650242589672
8,35,9.431600533831007
8,36,10.402002207449415
8,37,11.508780851623921
8,38,13.807046324970447
8,39,15.53821909257552
8,40,17.262466812855024
8,41,20.236933923768675
8,42,21.03357021246532
8,43,21.81159077342783
8,44,18.610914125575324
8,45,20.66891297004028
8,46,19.879119070854312
8,47,20.926965962333693
8,48,20.685648756444834
8,49,19.788736404834744
8,50,19.50720151572958
8,51,16.85558601353152
8,52,18.582241821137053
8,53,16.638186402325108
8,54,18.80853721248079
8,55,16.567359357496116
8,56,12.854510309996238
8,57,12.19312267396371
8,58,10.486638125273549
8,59,13.784418435095354
8,60,12.792407805715381
8,61,10.234811791885287
8,62,10.252939224001397
8,63,12.038679238887868
8,64,11.952161665609534
8,65,15.3011991105303
8,66,16.291675299392555
8,67,19.27541489730131
8,68,18.624011835231748
8,69,21.526636166926046
8,70,24.22886033941005
8,71,24.054137634038415
8,72,21.38961843363179
8,73,18.254730164515554
8,74,14.732009132999233
8,75,12.289471928785805
8,76,10.008928346235502
8,77,6.862064382788661
8,78,7.176175641857547
8,79,10.242643428493444
8,80,11.988423796798216
8,81,11.939881667257806
8,82,8.459203667241319
8,83,7.051240012196146
8,84,5.988258946786507
8,85,9.63249621143858
8,86,11.127245972899132
8,87,14.860689702952113
8,88,16.827389739456045
8,89,20.605027954281102
8,90,22.43534982885733
8,91,26.12066387949151
8,92,29.05787486393956
8,93,30.013600917128134
8,94,32.76940093706537
9,1,21.00822509312818
9,2,19.737499952999492
9,3,16.701751344755923
9,4,13.264084553213278
9,5,13.66945850780437
9,6,10.637533315059096
9,7,7.1587741499309985
9,8,3.8481043318279737
9,10,3.823328668678201
9,11,6.301490685429265
9,12,9.006328928915377
9,13,10.77816606660182
9,14,11.436071676336585
9,15,14.810928626022148
9,16,17.83239131934956
9,17,24.343242217488893
9,18,22.677029167207344
9,19,19.4780401975653
9,20,15.889924674125067
9,21,13.685875403206548
9,22,9.953469788575307
9,23,8.37065779450848
9,24,5.511867321697259
9,25,5.342294257590177
9,26,6.724462680013974
9,27,7.476956661743687
9,28,10.932437445901016
9,29,14.276466482735373
9,30,15.88939390503649
9,31,15.505977660982209
9,32,17.2390522217866
9,33,15.761387030836442
9,34,15.631101276073787
9,35,12.514111950158837
9,36,13.605996812472457
9,37,13.949576164290642
9,38,15.928528900995381
9,39,16.927427200585445
9,40,18.46091613222571
9,41,20.940050758467226
9,42,21.254900192203614
9,43,22.53126744551843
9,44,19.762153668093124
9,45,22.231917484673566
9,46,21.71884468643474
9,47,22.292741427164355
9,48,22.178389959452172
9,49,20.814158383138988
9,50,20.665557193578493
9,51,18.168136790886482
9,52,19.50455083456966
9,53,17.818627151343886
9,54,20.53432083841921
9,55,18.765718241005388
9,56,14.941288835003911
9,57,14.680971258486807
9,58,12.835422080418113
9,59,15.79257834437282
9,60,14.412842553671759
9,61,11.530077856411111
9,62,10.720412804965587
9,63,11.905001743426812
9,64,12.364303611230211
9,65,15.424696533958388
9,66,16.66522694997253
9,67,19.42144265744305
9,68,18.67021222432199
9,69,21.787383549365686
9,70,24.026053752419244
9,71,23.575409845365183
9,72,20.97970253422876
9,73,18.315986713082836
9,74,15.056590401019571
9,75,12.876053740027563
9,76,11.5921885003842
9,77,9.101566534737968
9,78,10.493118362230357
9,79,13.54339869975015
9,80,14.897408753351938
9,81,14.119436445925036
9,82,10.7966380062824
9,83,9.544285602409976
9,84,7.0880067064865315
9,85,10.079773629281428
9,86,10.482517724526161
9,87,14.064741577365819
9,88,15.834787047000214
9,89,19.468141216848124
9,90,21.471509059700768
9,91,24.944254775486698
9,92,28.163989106223447
9,93,29.418820291680163
9,94,31.892455593487014
10,1,22.841631396727212
10,2,22.008744946301732
10,3,18.944968423399477
10,4,15.853180111423285
10,5,16.778201060170943
10,6,14.108118914201503
10,7,10.608674164645494
10,8,7.001452221605054
10,9,3.823328668678201
10,11,3.834268746625731
10,12,5.448500004155481
10,13,7.049489660189994
10,14,7.892645025241248
10,15,11.179775378162766
10,16,14.394170827836243
10,17,21.32519884763432
10,18,19.762302891389073
10,19,16.76597348649433
10,20,13.008775016179488
10,21,10.699492924792551
10,22,7.279703278261505
10,23,5.812624877015345
10,24,4.829024837184692
10,25,6.5701038822562055
10,26,9.339164117013418
10,27,10.937850976516136
10,28,14.34219935087417
10,29,17.4378233877806
10,30,18.8776898955652
10,31,17.898968092452797
10,32,19.20008468596188
10,33,17.79772637527195
10,34,17.13829028739557
10,35,13.797807054186665
10,36,14.982119913304977
10,37,14.454170956464349
10,38,16.255598764237654
10,39,16.680678843899898
10,40,18.402199976325733
10,41,20.51772629368055
10,42,20.80491510962256
10,43,22.695832854783607
10,44,20.27031012203331
10,45,22.718299763615832
10,46,22.064171684242428
10,47,21.973524663288426
10,48,21.647138927100443
10,49,19.710732539880762
10,50,19.468269892560038
10,51,17.11308383459604
10,52,17.976538379753777
10,53,16.658766854048235
10,54,19.853544262761808
10,55,18.74004272358727
10,56,15.015608641679059
10,57,15.514988663591385
10,58,14.16021865060793
10,59,17.00553431326322
10,60,16.005708425190058
10,61,13.588406636252682
10,62,10.13553829266327
10,63,10.180264313718467
10,64,10.807697689459902
10,65,13.342015381517871
10,66,14.796659545571973
10,67,17.345249435197854
10,68,16.784927760077466
10,69,20.155283538835896
10,70,22.064443108838898
10,71,21.716767928958088
10,72,19.517977809037408
10,73,17.22455781168806
10,74,14.508440481876379
10,75,12.213374919600552
10,76,12.082342677191283
10,77,10.105074031781028
10,78,12.578226765348942
10,79,15.912752131984577
10,80,17.534920724937262
10,81,16.84137735671948
10,82,13.915716935546182
10,83,11.991025339385724
10,84,8.742207621004338
10,85,10.586665497656245
10,86,9.57301564504147
10,87,12.925913078217253
10,88,13.908092137707055
10,89,17.261264580125804
10,90,19.003035475473947
10,91,22.291736596685066
10,92,25.581522335330746
10,93,26.91950440460064
10,94,29.105562472286497
11,1,23.69534003417386
11,2,23.3632961650353
11,3,20.719581470658625
11,4,17.5914028660556
11,5,18.938924243322507
11,6,16.188880645136685
11,7,13.112161551927404
11,8,9.383048027853205
11,9,6.301490685429265
11,10,3.834268746625731
11,12,3.853671987520416
11,13,7.278039582133094
11,14,9.013363271100598
11,15,11.380597721020703
11,16,15.061816351752503
11,17,21.820544418432235
11,18,20.852982289221142
11,19,17.91085778156595
11,20,14.206680175236237
11,21,11.186846346999832
11,22,8.42241963915195
11,23,5.475274166214298
11,24,5.4954910857141686
11,25,6.346832520074303
11,26,9.991206512112942
11,27,11.816676821684004
11,28,15.271395506571768
11,29,17.795763247605734
11,30,19.570706646551802
11,31,18.100849563979185
11,32,19.319540751339506
11,33,18.638596584379602
11,34,18.374959634331
11,35,15.473015107371033
11,36,17.389406257712587
11,37,17.083577858913163
11,38,19.301610781995578
11,39,19.90953811765827
11,40,21.91817311721355
11,41,24.030403994232774
11,42,24.390911859391025
11,43,26.43356608926791
11,44,24.036485588234303
11,45,26.37817457984585
11,46,25.51002811786294
11,47,25.241300871300332
11,48,24.56681294720141
11,49,22.31567678780282
11,50,21.58604340955996
11,51,18.92519109946114
11,52,19.06778243718309
11,53,17.364905259304678
11,54,20.555094788788814
11,55,19.478551960076004
11,56,15.795779534540904
11,57,15.996375906120539
11,58,14.232959389097259
11,59,16.36902635887003
11,60,15.047022794370234
11,61,12.778734285102743
11,62,9.472445328699662
11,63,9.72210753934202
11,64,11.625822514421985
11,65,14.196485548364128
11,66,16.44160505374543
11,67,19.176868895594627
11,68,19.206848737849064
11,69,22.804693922752307
11,70,24.610382276235697
11,71,24.50161600926168
11,72,22.640543099322084
11,73,20.519113281530736
11,74,18.054963460676422
11,75,15.544911184577561
11,76,15.54743047192723
11,77,13.203842412052273
11,78,15.499527039012365
11,79,19.018130396934392
11,80,20.849610248876967
11,81,20.264565315607623
11,82,17.065607661083327
11,83,15.389681599199484
11,84,12.411380305575305
11,85,14.396944883646851
11,86,13.167107637179406
11,87,16.353540307226393
11,88,16.85154313745352
11,89,19.895612067175
11,90,21.272205544914396
11,91,24.33064238780746
11,92,27.58956350679435
11,93,28.886688284026683
11,94,30.72115419924659
12,1,26.61158074668181
12,2,26.346727548914757
12,3,23.518319354522163
12,4,20.618080552924752
12,5,21.9569596336207
12,6,19.341638295823373
12,7,15.981727126144893
12,8,12.275143540298744
12,9,9.006328928915377
12,10,5.448500004155481
12,11,3.853671987520416
12,13,3.8556626165673875
12,14,6.5034870613041935
12,15,8.53595659136304
12,16,12.272203214401149
12,17,19.711887788571268
12,18,18.669377606354036
12,19,16.221336599968975
12,20,12.487758035570035
12,21,9.874492192441805
12,22,8.05834911180417
12,23,6.332433030438134
12,24,8.113656493044934
12,25,9.995773674730433
12,26,13.588070437349577
12,27,15.440678601692225
12,28,18.919889184625685
12,29,21.575613404562265
12,30,23.197345956316276
12,31,21.651023567481158
12,32,22.649590051762054
12,33,21.758863395252497
12,34,21.011283080111998
12,35,17.855513803349677
12,36,19.401378715290818
12,37,18.372116600331058
12,38,20.090439960531583
12,39,20.010946588397026
12,40,21.845565975435264
12,41,23.43966683245896
12,42,23.558700570846142
12,43,26.056146907827024
12,44,24.10750088209187
12,45,26.52998386157135
12,46,25.783470576127716
12,47,25.00463956797269
12,48,24.40392493264392
12,49,21.8119426855345
12,50,21.301139474193224
12,51,19.092557488353698
12,52,19.007321985091806
12,53,17.97218995726413
12,54,21.519951751389392
12,55,21.09946959126501
12,56,17.653877525385596
12,57,18.55048249056977
12,58,17.33233377537529
12,59,19.541736892695223
12,60,18.572312765441584
12,61,16.54847283842866
12,62,11.746526769403706
12,63,10.723570155283682
12,64,12.236857512088182
12,65,13.86229200483582
12,66,15.881289196832748
12,67,18.045210787155145
12,68,17.975771455575035
12,69,21.549416798898186
12,70,22.835771573162575
12,71,22.60613341534721
12,72,21.071623640192232
12,73,19.499008117788346
12,74,17.616833335045236
12,75,15.44817561410531
12,76,16.359888753689976
12,77,14.768035794631164
12,78,17.655543274094324
12,79,21.122091510602218
12,80,22.862465096015157
12,81,22.110672639535295
12,82,19.307209205350325
12,83,17.310010094016587
12,84,13.853222377396623
12,85,14.901832785476515
12,86,12.739890564991812
12,87,15.293554393746536
12,88,15.16817893826139
12,89,17.724816050056244
12,90,18.980689905666317
12,91,21.691143398260607
12,92,25.042857390134753
12,93,26.53136151504464
12,94,28.061408954532833
13,1,28.38698084765322
13,2,27.953791518944406
13,3,24.83691186336307
13,4,22.189853518941963
13,5,23.35879177946585
13,6,20.96522638747052
13,7,17.36054825484281
13,8,13.870652987872218
13,9,10.77816606660182
13,10,7.049489660189994
13,11,7.278039582133094
13,12,3.8556626165673875
13,14,3.8451157541935443
13,15,6.216116972369498
13,16,9.495151718164148
13,17,17.670026040688448
13,18,16.146197712460197
13,19,14.183252871534759
13,20,10.488566882468941
13,21,8.951836909965602
13,22,7.857703513353576
13,23,8.005319840690142
13,24,10.207529827645482
13,25,12.824253761527286
13,26,16.10082576175793
13,27,17.935582951169433
13,28,21.351450605761947
13,29,24.307836862912428
13,30,25.640121955621456
13,31,24.2379247430974
13,32,25.102904105450378
13,33,23.742064334813275
13,34,22.466161158830026
13,35,19.004154768043296
13,36,19.917549784307194
13,37,18.219048975334292
13,38,19.259348771408924
13,39,18.466057585013033
13,40,19.973088088156906
13,41,21.04751216674881
13,42,20.933848705177095
13,43,23.767683201201883
13,44,22.252136200792243
13,45,24.721036877688086
13,46,24.172951981903466
13,47,23.00918763875181
13,48,22.645781551071913
13,49,19.941144304953507
13,50,19.89929914179839
13,51,18.314189335754914
13,52,18.426401885104113
13,53,18.185880044045856
13,54,21.935482341990493
13,55,22.011938347759457
13,56,18.798912118783008
13,57,20.318064753209526
13,58,19.672525463234013
13,59,22.245164402945285
13,60,21.664205602543312
13,61,19.7300494364897
13,62,13.97881979250524
13,63,12.137534812048886
13,64,12.634338505382772
13,65,13.361971809608153
13,66,14.63522931442589
13,67,16.08033472158588
13,68,15.57411533132296
13,69,18.941905225521328
13,70,19.771761796577195
13,71,19.308740490792637
13,72,17.94821425684924
13,73,16.855047622036064
13,74,15.51237285610342
13,75,13.852470169960158
13,76,15.558548256032163
13,77,14.869680129905396
13,78,18.185576685985612
13,79,21.430312743283572
13,80,23.000125247446828
13,81,22.140019121129065
13,82,19.873296734190976
13,83,17.544796774675238
13,84,13.799370594916926
13,85,13.823765700717972
13,86,10.908975358047519
13,87,12.71673326256007
13,88,12.094587920591206
13,89,14.263565068908143
13,90,15.583146519784192
13,91,18.099585824727395
13,92,21.562396340107995
13,93,23.24896287584066
13,94,24.724969571223504
14,1,26.696055175810844
14,2,26.33892064844207
14,3,23.142132726682505
14,4,20.95722134361491
14,5,22.37132123005088
14,6,20.52662857251976
14,7,17.047894541104554
14,8,13.684835532844557
14,9,11.436071676336585
14,10,7.892645025241248
14,11,9.013363271100598
14,12,6.5034870613041935
14,13,3.8451157541935443
14,15,3.8592885573766336
14,16,6.647603426993135
14,17,14.484861095849457
14,18,12.718975568098509
14,19,10.513857786492848
14,20,6.759829310179193
14,21,5.834340544091576
14,22,5.301945711770598
14,23,7.226215622591574
14,24,9.814199686309568
14,25,13.206955516543594
14,26,16.13950130423193
14,27,18.455586416726938
14,28,21.48100257080321
14,29,24.46518467952554
14,30,25.22454505496
14,31,23.690385985398088
14,32,24.194820343798593
14,33,22.460680849435207
14,34,20.630901718665044
14,35,17.09010243684644
14,36,17.68741481527396
14,37,15.476720171352591
14,38,16.293845263553415
14,39,15.32844033561365
14,40,17.13377520989573
14,41,18.276672332242367
14,42,18.66623103692987
14,43,21.61840910218873
14,44,20.034576483493613
14,45,22.102018531234677
14,46,21.205225046152666
14,47,19.75070720279669
14,48,19.11827014999284
14,49,16.24225025098759
14,50,16.14887813863237
14,51,14.773279143621608
14,52,14.962016337074392
14,53,15.183369332894214
14,54,18.983579831561084
14,55,19.437919513321088
14,56,16.53922657536622
14,57,18.64389343926931
14,58,18.705907233726958
14,59,21.539653328265917
14,60,21.608936500688703
14,61,20.13283213478258
14,62,12.999390127288846
14,63,10.48111584438918
14,64,9.998991991453256
14,65,10.081981268768685
14,66,10.931668111133433
14,67,12.236097563800135
14,68,11.854852510101297
14,69,15.348696005402346
14,70,16.408690723367997
14,71,16.391091716759483
14,72,15.315238753102898
14,73,13.99751091132772
14,74,12.975552288942216
14,75,10.998649106205558
14,76,13.218452541696845
14,77,12.923051759437165
14,78,16.57468449861345
14,79,19.81111113078191
14,80,21.7111317265357
14,81,21.35029070045249
14,82,19.41333623177582
14,83,16.498895721309026
14,84,12.864326364159902
14,85,12.32119717324694
14,86,9.09978511454057
14,87,10.857868165998823
14,88,9.547699383982776
14,89,11.761607123905168
14,90,12.579617331971658
14,91,15.425153056424847
14,92,18.66620392392738
14,93,20.07696140437049
14,94,21.790605806517267
15,1,28.151935394362184
15,2,28.24990720428
15,3,25.27260460377755
15,4,23.412173656443322
15,5,25.237655004402598
15,6,23.646689498918352
15,7,20.360770836322875
15,8,16.894094045791654
15,9,14.810928626022148
15,10,11.179775378162766
15,11,11.380597721020703
15,12,8.53595659136304
15,13,6.216116972369498
15,14,3.8592885573766336
15,16,3.838978231663985
15,17,11.511512506019837
15,18,10.407974031816211
15,19,8.697305066652811
15,20,5.583641083325337
15,21,4.91906231699382
15,22,6.825433051055054
15,23,8.775965476635838
15,24,12.175930902589563
15,25,15.649121231992158
15,26,18.775740002374064
15,27,21.463001222061045
15,28,24.348575111990087
15,29,27.05569336343107
15,30,27.639877852531313
15,31,25.68584444674951
15,32,25.820132465204193
15,33,24.294479961879816
15,34,22.25835034698542
15,35,18.97638245052378
15,36,19.808283804756208
15,37,17.34508288945494
15,38,18.19978884593191
15,39,17.13492903592433
15,40,19.227301898613607
15,41,20.158636315736405
15,42,20.821762803047488
15,43,24.0270723361932
15,44,22.638164608126154
15,45,24.325878097848484
15,46,23.08933587258377
15,47,21.13290727341326
15,48,20.02239600432548
15,49,16.690988276453478
15,50,16.1285184072755
15,51,14.919318720929065
15,52,14.218715535781499
15,53,14.816501075390066
15,54,18.66809180678683
15,55,19.77183287186853
15,56,17.356045502791844
15,57,19.833390805308763
15,58,20.269118397844174
15,59,22.75917180391066
15,60,23.18688578274868
15,61,22.203843968698944
15,62,14.00983297923948
15,63,10.787335400564944
15,64,10.52605340341921
15,65,9.502855956246272
15,66,10.70142156513093
15,67,11.5809141450649
15,68,12.089149235376315
15,69,15.595618608210655
15,70,16.31719333429878
15,71,16.878998017350824
15,72,16.668094540326763
15,73,15.750806536774544
15,74,15.461830234237572
15,75,13.392701643947994
15,76,15.976861999238778
15,77,15.709397727892997
15,78,19.432741112849794
15,79,22.764290409345822
15,80,24.956375013764884
15,81,24.884177771322225
15,82,22.983529786206834
15,83,19.887489933800985
15,84,16.3979122223741
15,85,15.710759815717134
15,86,12.38494944437711
15,87,13.655940810224482
15,88,11.435884052691884
15,89,12.691437742286128
15,90,12.423882123588454
15,91,14.723331230594622
15,92,17.61099312149321
15,93,18.80419826819649
15,94,19.990050144051775
16,1,29.787842079740834
16,2,29.89183010685404
16,3,26.849965633844022
16,4,25.401914354233874
16,5,27.218183316398534
16,6,25.989756294049652
16,7,22.758224524359537
16,8,19.560110625062645
16,9,17.83239131934956
16,10,14.394170827836243
16,11,15.061816351752503
16,12,12.272203214401149
16,13,9.495151718164148
16,14,6.647603426993135
16,15,3.838978231663985
16,17,8.608120872348895
16,18,6.993518649166358
16,19,6.383194461141534
16,20,4.682639530047275
16,21,6.496020165378653
16,22,9.228914233278838
16,23,11.988569482278022
16,24,15.231957565562599
16,25,18.899931012212413
16,26,21.741761407491367
16,27,24.490956087303978
16,28,27.180854062805437
16,29,29.956889320560016
16,30,30.207606985698167
16,31,28.275105750041163
16,32,28.180596642007412
16,33,26.36371755340623
16,34,23.893881379923563
16,35,20.624916515397594
16,36,20.96746602341408
16,37,17.988024464808
16,38,18.213793639781592
16,39,16.571963125734335
16,40,18.502074451647246
16,41,18.924260466983355
16,42,19.72177656826949
16,43,23.169886692909053
16,44,22.188540683829647
16,45,23.533727991379905
16,46,22.22932002685093
16,47,19.74080323851033
16,48,18.56943063793403
16,49,15.049405137778692
16,50,14.750315042676213
16,51,14.398827332650429
16,52,13.663728978162775
16,53,15.235414932509752
16,54,18.95902861577332
16,55,20.6659970415653
16,56,18.78743918723981
16,57,21.74341353157999
16,58,22.73150971531085
16,59,25.343622973627856
16,60,26.165394322066344
16,61,25.400779534182984
16,62,16.727183458928288
16,63,13.202119483071321
16,64,12.078838568948314
16,65,9.902893495170533
16,66,10.018430101469427
16,67,9.630083938682025
16,68,10.159275834080463
16,69,13.25358021117549
16,70,13.433438483731043
16,71,14.327945993193888
16,72,14.886337467182582
16,73,14.512650527816406
16,74,15.149695990985867
16,75,13.52238093447506
16,76,16.704578349800848
16,77,17.165255005074986
16,78,20.984855304450978
16,79,24.035508679707185
16,80,26.212861674151394
16,81,26.30925143988189
16,82,24.87834271397638
16,83,21.53485514700139
16,84,18.184428633572118
16,85,16.7778970984508
16,86,13.25883756916961
16,87,13.648651107332293
16,88,10.583697338735819
16,89,10.806526621935488
16,90,9.58974991314397
16,91,11.476668523889092
16,92,14.063124833728095
16,93,15.15149780928528
16,94,16.18347151649661
17,1,30.535646903507825
17,2,31.34057207175182
17,3,28.82162112488504
17,4,28.452559639004523
17,5,30.881752445348628
17,6,30.59937621405069
17,7,28.012677731505974
17,8,25.11384827683091
17,9,24.343242217488893
17,10,21.32519884763432
17,11,21.820544418432235
17,12,19.711887788571268
17,13,17.670026040688448
17,14,14.484861095849457
17,15,11.511512506019837
17,16,8.608120872348895
17,18,3.84179665278423
17,19,5.545307463781869
17,20,8.636056330648474
17,21,10.89311161639296
17,22,14.50158482516593
17,23,17.363752614458836
17,24,20.544672327766662
17,25,24.24876509624051
17,26,26.626561281410904
17,27,29.935947945764383
17,28,31.90825856235861
17,29,34.201428565673886
17,30,33.62016465000139
17,31,31.209474163649457
17,32,30.273534199301256
17,33,28.464893215490704
17,34,25.40195382738314
17,35,22.917953659031426
17,36,23.189706460560142
17,37,19.938588380835984
17,38,20.027763403104345
17,39,18.63754728009374
17,40,21.119450234282485
17,41,21.55249182449999
17,42,23.432898052657556
17,43,26.674401669584427
17,44,25.720889266251287
17,45,25.813326615085344
17,46,23.582669418588587
17,47,20.46749862204093
17,48,18.12952476993236
17,49,14.399321184996863
17,50,12.960045162812195
17,51,13.4738165882793
17,52,11.36282042111939
17,53,14.150079181110478
17,54,16.89416841017705
17,55,19.92984348143289
17,56,19.655587388769387
17,57,23.244844630275566
17,58,25.357973736156467
17,59,27.54358155929039
17,60,29.4153840133093
17,61,29.709981021607724
17,62,19.973324314884664
17,63,16.169444486329944
17,64,14.491680750762672
17,65,10.812107347995626
17,66,10.355757376513672
17,67,8.722461972179934
17,68,11.411194925384569
17,69,13.411801205329928
17,70,13.665248618671027
17,71,16.395111467691603
17,72,18.396678960489428
17,73,18.01708975190853
17,74,19.51235903539419
17,75,17.629897708956992
17,76,20.721544024665366
17,77,21.297900950282198
17,78,24.814652307462325
17,79,27.642075058554955
17,80,30.386088310281384
17,81,31.397666882760127
17,82,30.279406221205285
17,83,26.538819369354528
17,84,23.895616892699774
17,85,22.379482179110695
17,86,19.428924060162487
17,87,19.649371152523088
17,88,16.223630658799642
17,89,15.599033375767467
17,90,12.488657596040204
17,91,13.362779441333466
17,92,13.6548542783455
17,93,12.992972495768733
17,94,13.355260274695109
18,1,30.246533617968158
18,2,30.579050363392728
18,3,27.726372245800107
18,4,27.227327298930934
18,5,29.275243937347287
18,6,28.9226286544699
18,7,26.156673480548424
18,8,23.457427957876323
18,9,22.677029167207344
18,10,19.762302891389073
18,11,20.852982289221142
18,12,18.669377606354036
18,13,16.146197712460197
18,14,12.718975568098509
18,15,10.407974031816211
18,16,6.993518649166358
18,17,3.84179665278423
18,19,3.842644589176621
18,20,6.875394499663345
18,21,10.16449599886142
18,22,13.297683051426445
18,23,16.649179482236722
18,24,19.540996506940324
18,25,23.358845866926263
18,26,25.58223439813553
18,27,28.629491778276325
18,28,30.696194343275337
18,29,33.30736552308802
18,30,32.78251754925301
18,31,30.7435876802753
18,32,30.07458655992766
18,33,27.903182158948777
18,34,24.76072264922661
18,35,21.910378849570964
18,36,21.672518349385065
18,37,18.177122996848716
18,38,17.721648403866638
18,39,15.800381470927574
18,40,17.89457265806782
18,41,18.013815851730858
18,42,19.711633782139504
18,43,23.044677159075103
18,44,22.306932001612978
18,45,22.55181737809837
18,46,20.632480628449212
18,47,17.42649141617799
18,48,15.556846599503022
18,49,11.866754368212154
18,50,11.34599288420486
18,51,12.412149438109033
18,52,11.396650851548348
18,53,14.435993823055155
18,54,17.41920944761495
18,55,20.112444442681063
18,56,19.46209857874942
18,57,23.06318681218573
18,58,25.08038286225856
18,59,27.697474094588475
18,60,29.37031939790896
18,61,29.268295587240953
18,62,19.88852434616926
18,63,16.190910299854583
18,64,13.962823750941974
18,65,10.43728802372457
18,66,8.937899638272146
18,67,6.434299239580676
18,68,8.169067667743123
18,69,10.047738890492932
18,70,10.06358483367206
18,71,12.604088845810026
18,72,14.575627563910022
18,73,14.392874974155117
18,74,16.170819722565412
18,75,14.743808795248547
18,76,18.138017913754
18,77,19.253942705955403
18,78,22.854294404319965
18,79,25.44297674283674
18,80,27.887761799337866
18,81,28.695137198250347
18,82,27.87287672586937
18,83,24.144745173168623
18,84,21.454783081399032
18,85,19.506826923413524
18,86,16.465577005209358
18,87,16.24423445034413
18,88,12.696872195986948
18,89,11.856196502209844
