1,2,3.8484504986041626
1,3,6.668543431541291
1,4,8.85597679867113
1,5,11.870087901030901
1,6,14.284529334462833
1,7,16.97121517622447
1,8,17.45158543098222
1,9,20.701309546798313
1,10,22.41793091669331
1,11,23.08196944909439
1,12,25.865882124494284
1,13,27.900757271352173
1,14,26.363048173500182
1,15,27.847593252304105
1,16,29.416387782832967
1,17,29.318932971564045
1,18,32.384687769529805
1,19,30.63961725868438
1,20,30.187307724451987
1,21,26.611211056088894
1,22,25.376236131667504
1,23,23.12505216974429
1,24,21.341013818349488
1,25,20.39825694883566
1,26,18.11235521316494
1,27,17.83121735942728
1,28,15.235013840962374
1,29,16.928206887727846
1,30,14.37032847945353
1,31,13.662883981679691
1,32,9.92898551619454
1,33,8.870864956520393
1,34,6.800351939898042
1,35,5.295327702143076
1,36,6.042746372628029
1,37,9.861305402262767
1,38,11.799308969732671
1,39,14.794730055247955
1,40,18.039705998912485
1,41,21.71719412549819
1,42,24.805648723734766
1,43,28.55759681567834
1,44,31.46362147001992
1,45,31.6646364318668
1,46,27.977452119682088
1,47,26.994724522989976
1,48,23.52750130685927
1,49,24.071697254576264
1,50,21.760633393898395
1,51,20.863496858827805
1,52,21.650856076258826
1,53,18.432894971814207
1,54,19.305372526851585
1,55,16.282531782732985
1,56,13.868228243620848
1,57,10.137164600388928
1,58,10.822949368256106
1,59,8.46511655236825
1,60,9.922293450225341
1,61,10.508983116967855
1,62,13.470895757997258
1,63,14.770765598760944
1,64,18.262252487200293
1,65,17.526195044203956
1,66,17.57926050655536
1,67,15.742860361124313
1,68,17.98148543327012
1,69,17.488972213331344
1,70,20.178290317785553
1,71,21.3396092719162
1,72,24.59946658115757
1,73,26.42505509191631
1,74,29.15372335222078
1,75,32.833158991905336
1,76,34.09499073676005
1,77,32.317473663011086
1,78,28.532477289737184
1,79,25.656539417478257
1,80,22.36172260411799
1,81,19.812141560446012
1,82,16.950273585929178
1,83,14.804515714745879
1,84,15.090305916291012
1,85,18.331624595294375
1,86,22.052890634525106
1,87,22.222487276500186
1,88,19.681133715133374
1,89,21.072525410147968
1,90,23.315094397936072
1,91,25.2819373820166
1,92,28.55720372486814
1,93,29.31671293543734
1,94,32.48277215209111
1,95,32.7989485372937
2,1,3.8484504986041626
2,3,3.8702415543042408
2,4,6.468032636196572
2,5,8.709119792432027
2,6,11.710908015488961
2,7,14.733464799768345
2,8,15.915561973419374
2,9,19.487578268387846
2,10,21.68034888492848
2,11,22.842703427728253
2,12,25.78489846091795
2,13,27.6770476634553
2,14,26.203717248172367
2,15,28.144050406652163
2,16,29.78781758576125
2,17,30.147719085310893
2,18,33.356315111167156
2,19,31.622312211629556
2,20,30.709580262995843
2,21,27.113715143874582
2,22,25.66237842735911
2,23,23.625984605405005
2,24,21.389302936337607
2,25,20.623118703544616
2,26,17.849383955728293
2,27,17.390921576612506
2,28,14.358454748895085
2,29,15.441332061386065
2,30,12.520526508213521
2,31,12.195167471075752
2,32,8.461801850664378
2,33,8.835059177597229
2,34,8.025788992469014
2,35,5.327992550678754
2,36,6.061678434738268
2,37,9.15110497463301
2,38,10.151677940836898
2,39,13.658209335613405
2,40,16.701979236553303
2,41,20.517664547392236
2,42,23.237932546266318
2,43,27.061602128872067
2,44,29.732584464802372
2,45,29.63657323161027
2,46,25.854763873627572
2,47,25.079367427479763
2,48,21.8828040003443
2,49,23.009706971973166
2,50,21.124826068470398
2,51,20.896624405464802
2,52,21.62150178480314
2,53,18.72403762023531
2,54,20.305187313035358
2,55,17.61183954966713
2,56,15.550707730674981
2,57,11.712056225245655
2,58,11.957839893296
2,59,9.83121633837936
2,60,10.719395781789574
2,61,12.15749594138272
2,62,14.435834936753736
2,63,14.76690433844104
2,64,18.54224851537576
2,65,18.33568939348765
2,66,18.13005815772589
2,67,16.58438389344155
2,68,18.941058598315756
2,69,18.113989140944938
2,70,20.90929540862274
2,71,21.59356280856751
2,72,24.7934595105612
2,73,26.090624608489122
2,74,28.68733541246572
2,75,32.33660720818335
2,76,33.22871714300248
2,77,31.104247595477755
2,78,27.273709371921786
2,79,24.164870437851906
2,80,21.13507128744952
2,81,18.132537796781456
2,82,15.43564229459917
2,83,12.663770012545081
2,84,12.18696417601814
2,85,15.082488224785044
2,86,18.884059061783788
2,87,19.28749804048381
2,88,17.137811345777283
2,89,19.08795371098119
2,90,21.383486441570803
2,91,23.811585266520108
2,92,27.0799096176083
2,93,28.288255568580347
2,94,31.626012159802343
2,95,32.34646716172588
3,1,6.668543431541291
3,2,3.8702415543042408
3,4,3.8536782643875522
3,5,6.307656535658574
3,6,9.287717427083019
3,7,11.815021742026591
3,8,12.905015822322333
3,9,16.55114181854784
3,10,18.734992231935056
3,11,20.362135254943095
3,12,23.150389395361742
3,13,24.733727816108452
3,14,23.14379323725508
3,15,25.31075738461869
3,16,26.90805629181995
3,17,27.58740800748604
3,18,30.867443008735318
3,19,29.17491905104577
3,20,27.92172535134187
3,21,24.337222232526802
3,22,22.748969254524788
3,23,20.952614882125886
3,24,18.505738001217274
3,25,18.104129743147418
3,26,15.22001265190903
3,27,15.145199906050074
3,28,12.293791831091562
3,29,13.547186338206933
3,30,11.13610786061022
3,31,12.023396135386166
3,32,8.932154984451639
3,33,9.341030178427323
3,34,9.176778251035087
3,35,5.462370066554338
3,36,4.586803462094428
3,37,6.234515583353995
3,38,6.466622912615077
3,39,10.14645038885544
3,40,13.156111454174955
3,41,16.970737493649846
3,42,19.606772585608713
3,43,23.447105697203607
3,44,25.993187777395338
3,45,25.971239383107363
3,46,22.177555198873076
3,47,21.62848041740031
3,48,18.526422785397177
3,49,19.80985988503771
3,50,18.323526502127944
3,51,18.410065528202832
3,52,18.790308955192
3,53,16.08725405779365
3,54,18.152072648664248
3,55,15.78439801006858
3,56,14.295547047376804
3,57,10.627010054349926
3,58,10.300021738206581
3,59,8.916108163840772
3,60,9.868619613804992
3,61,12.42929232188746
3,62,14.46401860933256
3,63,14.019422245120543
3,64,17.76000947090115
3,65,17.422036341631394
3,66,16.506527397378232
3,67,14.836609848332335
3,68,16.921145282009807
3,69,15.664196229288194
3,70,18.41702589634499
3,71,18.736813095297453
3,72,21.887888701435557
3,73,22.83265252500617
3,74,25.41686012801225
3,75,28.993848045210704
3,76,29.675809617471185
3,77,27.41154912931681
3,78,23.586352361349036
3,79,20.39107903767917
3,80,17.444532515645022
3,81,14.3229830913864
3,82,11.751245727377322
3,83,8.92039839247837
3,84,8.499596374060504
3,85,11.692705926603242
3,86,15.408952246979894
3,87,15.838457477135801
3,88,13.466206065422472
3,89,15.41915139320088
3,90,17.566086905271348
3,91,20.072360269010137
3,92,23.295648464383817
3,93,24.63131792554581
3,94,28.023162949029015
3,95,28.934990810160457
4,1,8.85597679867113
4,2,6.468032636196572
4,3,3.8536782643875522
4,5,3.843803532871285
4,6,5.737818034199909
4,7,8.313331493263311
4,8,9.576804823329775
4,9,13.26374079258135
4,10,15.807913271341896
4,11,17.344526052753178
4,12,20.420664287775498
4,13,22.280528751686997
4,14,21.17650611742154
4,15,23.65425455654754
4,16,25.69862172140653
4,17,26.73275651714943
4,18,30.24238597857835
4,19,28.997388766754252
4,20,27.670783011399116
4,21,23.96528174330297
4,22,21.83351826481916
4,23,19.719552394487014
4,24,16.811723396327633
4,25,15.910112755691182
4,26,12.602739787076064
4,27,11.917593709342272
4,28,8.746299437890407
4,29,9.70395168783378
4,30,7.436394862113666
4,31,8.950520722825262
4,32,6.69839128056181
4,33,7.302485366594546
4,34,8.270015969903382
4,35,5.039361487400376
4,36,5.539391668383859
4,37,5.580874227293846
4,38,6.590790842165412
4,39,10.23097542220014
4,40,13.5320615540034
4,41,17.125684179023974
4,42,19.753279422569896
4,43,23.557223259901924
4,44,25.703150613753575
4,45,26.00485297853799
4,46,22.22357811848214
4,47,22.32382302824663
4,48,19.48088779657318
4,49,20.83797187798088
4,50,19.881437197168157
4,51,19.96718527626588
4,52,19.62175384523802
4,53,16.800081968763443
4,54,18.805836305491166
4,55,16.248003088211327
4,56,15.578109413524835
4,57,12.105415069457838
4,58,10.480422809499247
4,59,8.57528045683996
4,60,8.071827565331544
4,61,10.935916843424652
4,62,12.087275151260561
4,63,10.867012405364601
4,64,14.588447888844959
4,65,14.692793939566277
4,66,13.861941460400919
4,67,12.915923119517956
4,68,15.483169930752647
4,69,14.76411924356105
4,70,17.970308877210933
4,71,18.600287059734754
4,72,21.983942459185972
4,73,22.692243402602948
4,74,25.58100983219027
4,75,28.932916245307823
4,76,29.285408050838875
4,77,26.80466167304096
4,78,23.088023071965022
4,79,19.61555566144661
4,80,16.545493782096056
4,81,13.28170770608159
4,82,10.136613094041065
4,83,7.032978900858033
4,84,7.399945731891352
4,85,10.481769214426713
4,86,14.038956623381342
4,87,13.59063811856749
4,88,11.277992461061423
4,89,13.035978292504703
4,90,15.803553289642007
4,91,18.331284041707427
4,92,21.840392188034826
4,93,23.43387369459338
4,94,27.028212657845902
4,95,28.247122217776713
5,1,11.870087901030901
5,2,8.709119792432027
5,3,6.307656535658574
5,4,3.843803532871285
5,6,3.8316115725051514
5,7,7.139143005041784
5,8,9.813486770226994
5,9,13.564077392190871
5,10,16.687600200498007
5,11,18.601155605234847
5,12,21.790532655658733
5,13,23.53449851978171
5,14,22.696460890063378
5,15,25.574858937234765
5,16,27.71104271110948
5,17,29.1548930449153
5,18,32.72249665491524
5,19,31.57053992749429
5,20,29.90061079878133
5,21,26.279041137303174
5,22,23.96840602968979
5,23,22.078287072585894
5,24,18.850219679247903
5,25,18.029192634888677
5,26,14.427798861831857
5,27,13.331552164755346
5,28,9.919976640613987
5,29,9.457512120922484
5,30,6.823271330162768
5,31,8.727475741467536
5,32,7.419341380357181
5,33,9.555773858648985
5,34,11.265719454565922
5,35,8.540743264215997
5,36,9.28551522625588
5,37,8.788888841944534
5,38,8.509434366239834
5,39,12.018069922970296
5,40,14.708486280451925
5,41,18.144239903746218
5,42,20.17154292035126
5,43,23.901180549557335
5,44,25.6206294574132
5,45,25.586922206966054
5,46,21.791536364517928
5,47,22.272913913195815
5,48,19.93235878397005
5,49,21.9028653542147
5,50,21.46231012538099
5,51,22.149671645246805
5,52,21.7550108852394
5,53,19.35807492173665
5,54,21.773635772211183
5,55,19.537413608373104
5,56,19.05125699761375
5,57,15.68045491504943
5,58,14.058352428172233
5,59,12.34727270131158
5,60,11.384797218352782
5,61,14.084687058074898
5,62,14.47975242024783
5,63,12.509634698295338
5,64,16.10115768631472
5,65,16.92804206480745
5,66,16.172061238164787
5,67,15.794488473387306
5,68,18.378121806135553
5,69,17.583602209406127
5,70,20.719571948894057
5,71,20.966307664207154
5,72,24.15777705085203
5,73,24.318626213024423
5,74,27.0046236115991
5,75,30.202609894104782
5,76,30.111062418472507
5,77,27.267249257847265
5,78,23.635186668289656
5,79,19.964208519410146
5,80,17.381499647626377
5,81,13.730727991123247
5,82,11.045046050211123
5,83,7.325513458248119
5,84,6.217668673090883
5,85,8.064681295962888
5,86,11.64265680992536
5,87,11.255718994392842
5,88,9.94584558566285
5,89,12.562986752704216
5,90,15.463997652692727
5,91,18.529545287068
5,92,21.95285625018375
5,93,24.102947596188077
5,94,27.81919974913746
5,95,29.491124895003022
6,1,14.284529334462833
6,2,11.710908015488961
6,3,9.287717427083019
6,4,5.737818034199909
6,5,3.8316115725051514
6,7,3.8193032286581703
6,8,6.907305322049452
6,9,10.407452469748064
6,10,13.844400373723268
6,11,15.638582466854311
6,12,18.994866446273974
6,13,20.94446285318474
6,14,20.623940344038388
6,15,23.71619378485922
6,16,26.220053073673437
6,17,27.956410490613507
6,18,31.65955726264237
6,19,30.94363144710378
6,20,29.259484519365017
6,21,25.61200643618178
6,22,22.871203356123583
6,23,20.757896875483553
6,24,17.241297809201342
6,25,16.003716370959033
6,26,12.214322904151215
6,27,10.536082234721823
6,28,7.156976399123778
6,29,5.9412770374058015
6,30,4.213443647899505
6,31,7.455298195437486
6,32,7.848600737632149
6,33,9.55918287056829
6,34,11.871488667694646
6,35,9.877515948410123
6,36,10.91317613689385
6,37,9.504598907134504
6,38,9.808030353326904
6,39,12.693998088018718
6,40,15.450240080210532
6,41,18.46930028756251
6,42,20.500682621330657
6,43,24.06431190442039
6,44,25.405194811488858
6,45,25.798841775039115
6,46,22.14679315404931
6,47,23.188562183394456
6,48,21.066255572463135
6,49,22.884579674018024
6,50,22.83358591453327
6,51,23.38149590234773
6,52,22.36511024504291
6,53,19.912524202537494
6,54,22.149130498979293
6,55,19.84974975559121
6,56,20.04469940610881
6,57,16.982033348208958
6,58,14.557627284037938
6,59,12.785657670970814
6,60,10.909278621676089
6,61,13.631796547816844
6,62,13.144517070818019
6,63,10.363209123824667
6,64,13.535014876935922
6,65,14.749852145954435
6,66,13.984765652621261
6,67,14.36475166578651
6,68,17.135354621371455
6,69,16.841528047357897
6,70,20.187240510918137
6,71,20.710056974300784
6,72,24.005704154267296
6,73,23.99659575349824
6,74,26.928770759431302
6,75,29.852795407594275
6,76,29.502582121678373
6,77,26.563614030735817
6,78,23.13755357409245
6,79,19.355614494405895
6,80,16.71830596370603
6,81,13.254248603500033
6,82,10.256792167959855
6,83,7.052573535502149
6,84,7.309571273361302
6,85,8.710220837356383
6,86,11.511069059982953
6,87,9.860613581732077
6,88,8.637777081548501
6,89,10.635632265539073
6,90,14.092130589398606
6,91,16.945440781335364
6,92,20.55539387542536
6,93,22.83673755816177
6,94,26.645080685510013
6,95,28.53187306908411
7,1,16.97121517622447
7,2,14.733464799768345
7,3,11.815021742026591
7,4,8.313331493263311
7,5,7.139143005041784
7,6,3.8193032286581703
7,8,3.8234970130280947
7,9,7.001289966857174
7,10,10.573683246019204
7,11,12.798296455834196
7,12,15.95191990197487
7,13,17.662449478385238
7,14,17.551375011467204
7,15,20.881454460673687
7,16,23.498244451219712
7,17,25.589858337536825
7,18,29.327036005953225
7,19,28.896780903160277
7,20,27.027469252236756
7,21,23.481601887837105
7,22,20.469816337372826
7,23,18.49137443350623
7,24,14.782358579340956
7,25,13.68790931707088
7,26,9.954392474510929
7,27,8.540486626440831
7,28,6.223006050898029
7,29,5.292975058846842
7,30,6.215789240336361
7,31,10.037409985992381
7,32,11.07183387331009
7,33,11.944531756596714
7,34,14.1376223195527
7,35,12.212693607546093
7,36,12.565517800543134
7,37,10.070108372911806
7,38,10.16356004331773
7,39,12.032602394383321
7,40,14.44858118195516
7,41,16.883266731447794
7,42,18.774104156378115
7,43,22.09009144089072
7,44,23.082817643172667
7,45,23.870297107582783
7,46,20.42595545928412
7,47,21.943890846181255
7,48,20.095131672446723
7,49,21.763532324069754
7,50,22.199054413443918
7,51,22.776482192157946
7,52,21.195134364380852
7,53,18.981030625746847
7,54,21.24570358199456
7,55,19.267646324397923
7,56,20.170253712655462
7,57,17.644816223493322
7,58,14.75297608087784
7,59,13.644021956703236
7,60,11.726835323556768
7,61,14.784371039909708
7,62,14.007193596516322
7,63,10.765397828690617
7,64,13.184879709159596
7,65,14.15722774924659
7,66,12.701483817278447
7,67,13.335725354042577
7,68,15.69784431904149
7,69,15.402019557366435
7,70,18.602584622041412
7,71,19.018143117218788
7,72,22.186197105491676
7,73,21.83679883356562
7,74,24.840349041833427
7,75,27.46798839559386
7,76,26.850220989050698
7,77,23.840871225511076
7,78,20.63918350234266
7,79,16.845466387953866
7,80,14.327208416142382
7,81,11.163148293751123
7,82,8.316565309261788
7,83,6.1800353163171335
7,84,7.638031720315851
7,85,8.728430852611123
7,86,10.488930690893607
7,87,7.8913814808363565
7,88,6.316615024297022
7,89,7.40465313603675
7,90,11.133982753521941
7,91,13.758312675080118
7,92,17.411916057301607
7,93,19.800869628402793
7,94,23.634014412864268
7,95,25.732239014781737
8,1,17.45158543098222
8,2,15.915561973419374
8,3,12.905015822322333
8,4,9.576804823329775
8,5,9.813486770226994
8,6,6.907305322049452
8,7,3.8234970130280947
8,9,3.8021296502595376
8,10,6.975149968426029
8,11,9.268187356774858
8,12,12.294405762704253
8,13,14.04802501912163
8,14,13.923804756506337
8,15,17.171475082791353
8,16,19.92305180436943
8,17,21.996456085850806
8,18,25.770908211951866
8,19,25.556612117937675
8,20,23.83946622245641
8,21,20.268795303484854
8,22,17.0758859924815
8,23,14.897353836247508
8,24,11.148596184275233
8,25,9.91857521382837
8,26,6.254347516770824
8,27,5.445505841419312
8,28,4.730076798923356
8,29,5.890021437083116
8,30,8.162948917719493
8,31,11.809173976552524
8,32,12.715943323858223
8,33,12.413140352012084
8,34,14.173501202220686
8,35,12.470856487846667
8,36,12.31210780222843
8,37,9.220045258930268
8,38,9.947970368828102
8,39,10.871027709296996
8,40,13.41990686948298
8,41,15.446346014129185
8,42,17.733748613959126
8,43,20.895729772742452
8,44,21.991857099745328
8,45,23.357575371790475
8,46,20.1037163045679
8,47,21.62053676621113
8,48,19.58812848477436
8,49,20.64089954035194
8,50,21.05685782533164
8,51,21.181012464358847
8,52,19.138818386601
8,53,16.789717706060568
8,54,18.684091302633565
8,55,16.732005399420043
8,56,18.211820382381926
8,57,16.213989414162338
8,58,12.880162495118917
8,59,12.271271678467237
8,60,10.434100263330924
8,61,13.6615863292995
8,62,12.985858087227014
8,63,9.918445633234263
8,64,11.728383543275754
8,65,11.89633236636136
8,66,9.698333292562491
8,67,10.27465937066092
8,68,12.310343061106819
8,69,12.238777851762048
8,70,15.449086205012891
8,71,16.18641969887951
8,72,19.445985408257723
8,73,19.29101678022967
8,74,22.57166635491158
8,75,25.081747528280534
8,76,24.641680556557642
8,77,21.911502652254455
8,78,18.82336865693492
8,79,15.219818991148959
8,80,12.300900293682947
8,81,9.861512819511395
8,82,6.661701294465912
8,83,6.331999360822578
8,84,9.328456642090604
8,85,11.147765962433517
8,86,12.5293730729661
8,87,9.851875652825063
8,88,7.221486985913837
8,89,6.272653937431807
8,90,9.92417477938388
8,91,11.633487874859656
8,92,15.448706338720616
8,93,17.34790903980976
8,94,21.11022717442691
8,95,22.96841524335243
9,1,20.701309546798313
9,2,19.487578268387846
9,3,16.55114181854784
9,4,13.26374079258135
9,5,13.564077392190871
9,6,10.407452469748064
9,7,7.001289966857174
9,8,3.8021296502595376
9,10,3.8009554812489688
9,11,6.247658055012698
9,12,9.108016312815476
9,13,10.938870175203723
9,14,11.59237613378406
9,15,15.00000923144769
9,16,18.104122315967583
9,17,20.508454012862902
9,18,24.294778639148973
9,19,24.619418228742276
9,20,22.932856119687905
9,21,19.542304968648033
9,22,15.99703443753055
9,23,13.763116997243092
9,24,10.008337742620617
9,25,8.48207240944723
9,26,5.591160413679207
9,27,4.975164432260791
9,28,6.584720169770011
9,29,7.65689766545519
9,30,10.924924227783613
9,31,14.38476069520035
9,32,15.820381954114564
9,33,15.138202429867995
9,34,16.85538235437851
9,35,15.628382572063789
9,36,15.440601698375083
9,37,12.217004153388988
9,38,13.092101491321174
9,39,13.190682447334808
9,40,15.322919156565783
9,41,16.580780806797392
9,42,18.71616117500085
9,43,21.422867567229204
9,44,22.108388693932458
9,45,23.977906934539924
9,46,21.112793702338127
9,47,23.011182997976693
9,48,21.260805832278642
9,49,21.981567680324737
9,50,22.727894724511145
9,51,22.674919878688584
9,52,20.107494919297366
9,53,17.95234728549852
9,54,19.483758319811898
9,55,17.76235697424708
9,56,19.883348884317996
9,57,18.45484108305266
9,58,14.855515391823609
9,59,14.572583412730378
9,60,12.572820342414092
9,61,15.430153048585158
9,62,14.27347341970355
9,63,11.142063170651944
9,64,11.715137501154818
9,65,11.732655478263526
9,66,9.214982020166447
9,67,10.519704573432476
9,68,12.041432072170478
9,69,12.508900963042068
9,70,15.437632795173313
9,71,16.38579893998309
9,72,19.446763792248145
9,73,19.106766699526887
9,74,22.492475048162806
9,75,24.546635179888096
9,76,23.88556062131067
9,77,21.266530418467788
9,78,18.642873383323185
9,79,15.320399329847028
9,80,12.635638784378788
9,81,11.1713873132677
9,82,8.63931728374669
9,83,9.58349427144285
9,84,12.704704556073658
9,85,14.129622220550944
9,86,14.73013297582809
9,87,11.597110065383026
9,88,9.342342403971797
9,89,6.961718045715588
9,90,10.141390562379337
9,91,10.792097904623791
9,92,14.45437269744254
9,93,16.178321158163385
9,94,19.79673793915531
9,95,21.757364428474546
10,1,22.41793091669331
10,2,21.68034888492848
10,3,18.734992231935056
10,4,15.807913271341896
10,5,16.687600200498007
10,6,13.844400373723268
10,7,10.573683246019204
10,8,6.975149968426029
10,9,3.8009554812489688
10,11,3.820321898877292
10,12,5.579343116136058
10,13,7.204680622074111
10,14,8.033800121707023
10,15,11.368199263955827
10,16,14.649674500621225
10,17,17.14328315578367
10,18,20.90475330359016
10,19,21.56499620727962
10,20,20.018511665776657
10,21,16.77379666754293
10,22,13.057822497286352
10,23,10.783950290290926
10,24,7.276362606500679
10,25,5.891226099913299
10,26,4.789269344668259
10,27,6.027542439220442
10,28,9.064731306802294
10,29,10.980086128049994
10,30,14.255359286000415
10,31,17.490454596190066
10,32,18.675933093339456
10,33,17.3768442990528
10,34,18.635251946171593
10,35,17.53635777090742
10,36,16.879818880045985
10,37,13.51146355449791
10,38,14.549292558784172
10,39,13.751715472204452
10,40,15.577908864102499
10,41,16.16853973168717
10,42,18.444086123443572
10,43,20.763723316162864
10,44,21.451287219361067
10,45,23.84543942865315
10,46,21.33380052391138
10,47,23.19049365187179
10,48,21.42614766418658
10,49,21.534828120640974
10,50,22.33114951815278
10,51,21.896356414227323
10,52,18.907566599097645
10,53,16.885428972973994
10,54,17.94067387906229
10,55,16.532703477581947
10,56,19.240964849412006
10,57,18.53313278192591
10,58,14.877472719197653
10,59,15.266204875369462
10,60,13.71446812084419
10,61,16.434595809559386
10,62,15.549955372289666
10,63,12.995920135738794
10,64,12.878008898436223
10,65,11.94445374364228
10,66,8.756555908645128
10,67,9.747353698741074
10,68,10.20203213079081
10,69,10.877531370668596
10,70,13.316710026258894
10,71,14.492911724306335
10,72,17.356754551377573
10,73,17.1287149734243
10,74,20.651074712983174
10,75,22.411520158885104
10,76,21.901402290406537
10,77,19.689889589581572
10,78,17.407212300471066
10,79,14.596300462726742
10,80,11.887519046104908
10,81,11.606798316153155
10,82,9.608190985819864
10,83,11.731228769257152
10,84,15.219130660990329
10,85,16.91550643481854
10,86,17.272291042994503
10,87,14.387003584748104
10,88,11.796822139738266
10,89,8.557536572293584
10,90,10.627745241951747
10,91,9.894451438733412
10,92,13.23490137380035
10,93,14.202085218962285
10,94,17.52248601239167
10,95,19.1766078669737
11,1,23.08196944909439
11,2,22.842703427728253
11,3,20.362135254943095
11,4,17.344526052753178
11,5,18.601155605234847
11,6,15.638582466854311
11,7,12.798296455834196
11,8,9.268187356774858
11,9,6.247658055012698
11,10,3.820321898877292
11,12,3.8509703583707164
11,13,7.258736581128474
11,14,9.054053608458677
11,15,11.523352512708344
11,16,15.19623305656894
11,17,17.25036548622542
11,18,20.973392546335525
11,19,22.064001413724295
11,20,21.128818263907906
11,21,17.913494535816064
11,22,14.205705321300666
11,23,11.269617502688012
11,24,8.42610503048364
11,25,5.551236631467993
11,26,5.544848283984518
11,27,5.776545117460293
11,28,9.506859611199406
11,29,11.590385348002847
11,30,15.0374034616144
11,31,17.71570178373287
11,32,19.138857082236573
11,33,17.329915133010317
11,34,18.481555921307116
11,35,18.150129842342338
11,36,17.970077740860606
11,37,15.083371375925553
11,38,16.90204278171213
11,39,16.360852149256658
11,40,18.578112621130852
11,41,19.297416212186835
11,42,21.84489248900541
11,43,24.13320160218651
11,44,24.93780614182912
11,45,27.473715812460203
11,46,25.003523446550314
11,47,26.702357374975175
11,48,24.729615462581652
11,49,24.54473000404253
11,50,24.997774880647306
11,51,24.0917431627803
11,52,21.104599773980723
11,53,18.718662154460027
11,54,19.06268786178333
11,55,17.2280623221235
11,56,19.998753573129598
11,57,19.40588754664639
11,58,15.586958380470081
11,59,15.546011815454223
11,60,13.557454230541639
11,61,15.50544992724075
11,62,14.177630057712216
11,63,12.006772821645647
11,64,10.856553181270444
11,65,9.655276070859765
11,66,6.877791558557357
11,67,8.917031299433306
11,68,9.652783094052047
11,69,11.606560135191414
11,70,14.183273010197652
11,71,16.183802570053352
11,72,19.174597218093993
11,73,19.49102160575778
11,74,23.16427741083682
11,75,24.835970123794134
11,76,24.600185549974423
11,77,22.743790570035898
11,78,20.624614686182806
11,79,18.065127492666477
11,80,15.197585890864085
11,81,15.074828033586412
11,82,12.704767648174881
11,83,14.54094282092253
11,84,18.120991818989303
11,85,20.06246129873125
11,86,20.730699105421213
11,87,17.725922834756343
11,88,15.21370159959876
11,89,12.239027694152176
11,90,14.432771757815852
11,91,13.486709066184886
11,92,16.61766630839607
11,93,17.10588740916306
11,94,20.09511013923987
11,95,21.33333768149494
12,1,25.865882124494284
12,2,25.78489846091795
12,3,23.150389395361742
12,4,20.420664287775498
12,5,21.790532655658733
12,6,18.994866446273974
12,7,15.95191990197487
12,8,12.294405762704253
12,9,9.108016312815476
12,10,5.579343116136058
12,11,3.8509703583707164
12,13,3.846173042580473
12,14,6.459212380669875
12,15,8.489406219296976
12,16,12.273818570273503
12,17,14.56397863960068
12,18,18.12409851848191
12,19,19.678386209065874
12,20,18.791495092108505
12,21,15.979804242394861
12,22,12.26066436984593
12,23,9.735272074322564
12,24,7.812665954170026
12,25,6.077296214295678
12,26,7.954246193744617
12,27,9.382114924435289
12,28,13.132027607663101
12,29,15.337649512022752
12,30,18.74875491006553
12,31,21.5050521959723
12,32,22.748257733993082
12,33,20.7896364506425
12,34,21.660400248325995
12,35,21.179306044876522
12,36,20.518090596420063
12,37,17.451800418308487
12,38,18.98683645755627
12,39,17.71684694995157
12,40,19.387066586079673
12,41,19.384596785735212
12,42,21.763495311286526
12,43,23.538649959314487
12,44,24.158440664335092
12,45,27.09652115983854
12,46,25.059574560822163
12,47,26.81976788156249
12,48,25.043569674162732
12,49,24.42987423845824
12,50,25.10438693252447
12,51,24.04638374634018
12,52,20.71414788552923
12,53,18.74989732385139
12,54,18.776040861871213
12,55,17.541302313866545
12,56,20.78385182821222
12,57,20.878893647071482
12,58,17.249046185476075
12,59,17.904890804610407
12,60,16.48229375525487
12,61,18.44315842589327
12,62,17.465505388928126
12,63,15.655856749439225
12,64,14.332010448219394
12,65,12.641963600530561
12,66,9.661107954095995
12,67,10.880663969754035
12,68,10.241684557599122
12,69,11.948425282785063
12,70,13.584041376744555
12,71,15.464800560519645
12,72,17.93121309163503
12,73,18.127762429753954
12,74,21.69991365808354
12,75,22.89874845238744
12,76,22.663127538214024
12,77,21.20531366090979
12,78,19.6036340072562
12,79,17.648892951268934
12,80,15.14598715813847
12,81,15.968873201346385
12,82,14.33305802890141
12,83,16.87200550184889
12,84,20.523409147984502
12,85,22.414714239662864
12,86,22.690686336039576
12,87,19.840924426639223
12,88,17.260790787525316
12,89,13.80619923686555
12,90,15.098846263125369
12,91,13.183297638682122
12,92,15.65964169796109
12,93,15.484915843735712
12,94,17.96745840675021
12,95,18.961486647447998
13,1,27.900757271352173
13,2,27.6770476634553
13,3,24.733727816108452
13,4,22.280528751686997
13,5,23.53449851978171
13,6,20.94446285318474
13,7,17.662449478385238
13,8,14.04802501912163
13,9,10.938870175203723
13,10,7.204680622074111
13,11,7.258736581128474
13,12,3.846173042580473
13,14,3.8308277874873027
13,15,6.106660682802739
13,16,9.592287321687145
13,17,12.548462243762629
13,18,15.917115333000845
13,19,17.605300099845646
13,20,16.299248715285664
13,21,13.940733370799185
13,22,10.284425020350477
13,23,8.881560370190979
13,24,7.646733582553115
13,25,7.827313751880468
13,26,10.081233729317677
13,27,12.291886280066644
13,28,15.836657431085012
13,29,18.03382296345272
13,30,21.348741163108947
13,31,24.39618618467448
13,32,25.425530072817292
13,33,23.61542581730947
13,34,24.370929301235826
13,35,23.430297357857395
13,36,22.230042821702742
13,37,18.87014901852708
13,38,19.793743977593497
13,39,17.861100008307947
13,40,18.795037674648214
13,41,18.041274395449246
13,42,20.02923060901563
13,43,21.268575123544583
13,44,21.610272850493146
13,45,24.830312460959426
13,46,23.229322484791776
13,47,25.114177951796293
13,48,23.679719296512882
13,49,22.845640836238697
13,50,23.924138712276353
13,51,23.028787070996053
13,52,19.435187734234155
13,53,18.131810765245742
13,54,18.305976307650695
13,55,17.86983319199499
13,56,21.377720978594876
13,57,21.93113895047084
13,58,18.59418849012584
13,59,19.91863078069867
13,60,19.054589063839526
13,61,21.385775860421745
13,62,20.798045842453032
13,63,18.966592103529628
13,64,17.99209415830203
13,65,16.19201935124379
13,66,12.894916389331012
13,67,13.301671354001002
13,68,11.768874874619748
13,69,12.498138270335607
13,70,13.163137874824711
13,71,14.32421930748163
13,72,16.10536910460833
13,73,15.7920824283925
13,74,19.106394053698864
13,75,19.845092123654638
13,76,19.40838792086712
13,77,18.151793503212623
13,78,17.040692077021216
13,79,15.638489000377756
13,80,13.723927775889992
13,81,15.361010621414348
13,82,14.64500719030225
13,83,17.73344661281167
13,84,21.27155108036396
13,85,22.953395907480456
13,86,22.749771272244967
13,87,20.172357222382253
13,88,17.614545433602867
13,89,13.855741987740085
13,90,14.15201806669617
13,91,11.432557527524127
13,92,13.144084730102827
13,93,12.490527721170471
13,94,14.576458740209603
13,95,15.603242047415401
14,1,26.363048173500182
14,2,26.203717248172367
14,3,23.14379323725508
14,4,21.17650611742154
14,5,22.696460890063378
14,6,20.623940344038388
14,7,17.551375011467204
14,8,13.923804756506337
14,9,11.59237613378406
14,10,8.033800121707023
14,11,9.054053608458677
14,12,6.459212380669875
14,13,3.8308277874873027
14,15,3.8261832525197836
14,16,6.794831650427818
14,17,9.853358003560034
14,18,13.386765807859074
14,19,14.484229441845333
14,20,12.877169568610839
14,21,10.306337208772183
14,22,6.594447774140305
14,23,5.81274805699169
14,24,5.130057893779627
14,25,7.123095591801187
14,26,9.684844814814458
14,27,12.806863045438167
14,28,16.0266434293019
14,29,18.66237602817497
14,30,21.549995139530708
14,31,24.668766516041597
14,32,25.135327415801928
14,33,23.25850816695712
14,34,23.673878856649743
14,35,22.311188665261476
14,36,20.539666762770246
14,37,17.118487194160924
14,38,17.72503210370826
14,39,15.275272869725459
14,40,15.862380982395724
14,41,14.824410422393992
14,42,16.98046577186884
14,43,18.198475871032873
14,44,18.966555355566985
14,45,22.22132003117409
14,46,20.626584573397388
14,47,22.147635774090627
14,48,20.541913277880283
14,49,19.3775012483961
14,50,20.369091908133516
14,51,19.379688345708086
14,52,15.724036383004409
14,53,14.651197627355756
14,54,14.89558181857933
14,55,14.946562018056492
14,56,18.541640103062377
14,57,19.447068306574764
14,58,16.465668424384596
14,59,18.42478990590291
14,60,18.285889064387764
14,61,20.948520118407895
14,62,21.04502144464413
14,63,19.498792020239843
14,64,19.16337647265814
14,65,16.946409258133183
14,66,13.254471877350216
14,67,12.54412358483325
14,68,10.25696723179135
14,69,9.966576274687379
14,70,9.935914406873222
14,71,10.660221218544889
14,72,12.279996263211567
14,73,12.056282874514295
14,74,15.476491850119624
14,75,16.481055922574164
14,76,16.442569770323278
14,77,15.405226456368089
14,78,14.05042053408373
14,79,12.918611209684714
14,80,10.864925101331933
14,81,13.067076706035646
14,82,12.796931626752723
14,83,16.289887496311547
14,84,19.808950470276987
14,85,21.75602861489446
14,86,21.673666290755634
14,87,19.641548678465483
14,88,16.6682922212322
14,89,12.984109047671554
14,90,12.644150923281087
14,91,9.637489649287708
14,92,11.179016790929428
14,93,9.863767409595843
14,94,11.963007800352841
14,95,12.578583212527452
15,1,27.847593252304105
15,2,28.144050406652163
15,3,25.31075738461869
15,4,23.65425455654754
15,5,25.574858937234765
15,6,23.71619378485922
15,7,20.881454460673687
15,8,17.171475082791353
15,9,15.00000923144769
15,10,11.368199263955827
15,11,11.523352512708344
15,12,8.489406219296976
15,13,6.106660682802739
15,14,3.8261832525197836
15,16,3.811627408731335
15,17,6.4470184657902
15,18,9.906282897021464
15,19,11.545107582779895
15,20,10.646631375779563
15,21,8.547784397642648
15,22,5.457278813807897
15,23,5.108501819300905
15,24,6.85138866628253
15,25,8.802957724431186
15,26,12.155663561957699
15,27,15.377082866977695
15,28,18.70643949263489
15,29,21.657115085157134
15,30,24.434459692657626
15,31,27.30402218953901
15,32,27.542874384731697
15,33,25.27682951084824
15,34,25.31206565056487
15,35,24.163876657820705
15,36,22.234365297498115
15,37,19.120264602304335
15,38,19.9908224727276
15,39,17.32666361375242
15,40,17.842206953259936
15,41,16.575957992268577
15,42,18.873848791591907
15,43,19.766317588400838
15,44,20.78485189762316
15,45,24.210467403661397
15,46,22.89016138901259
15,47,24.02305684196263
15,48,22.26867022194392
15,49,20.49310173595036
15,50,21.15512093345936
15,51,19.607334472121117
15,52,15.934051404119272
15,53,14.966460699408643
15,54,14.310450406544492
15,55,14.696932057716042
15,56,18.490435590423797
15,57,20.061476646651485
15,58,17.39837106945077
15,59,19.660927220958772
15,60,19.897364502034826
15,61,22.205802777574235
15,62,22.59586106787644
15,63,21.603707745304856
15,64,21.036093426234547
15,65,18.328900513163752
15,66,14.776776297802991
15,67,13.680677444770241
15,68,10.645765692500888
15,69,10.57092030060925
15,70,9.514232750578719
15,71,10.65505605567579
15,72,11.716013527625082
15,73,12.203594387129531
15,74,15.47370753097404
15,75,16.184231600763745
15,76,16.78017709049537
15,77,16.611733227129385
15,78,15.650531977929736
15,79,15.260280463817406
15,80,13.307489426607443
15,81,15.904781767962673
15,82,15.682790487278329
15,83,19.228958103182517
15,84,22.8008778203878
15,85,25.021588882853546
15,86,25.11050234889644
15,87,23.272729993925942
15,88,20.13814281848744
15,89,16.56438920236009
15,90,16.036150473405694
15,91,12.889862318636325
15,92,13.862545084734807
15,93,11.640788240831306
15,94,12.739744600209377
15,95,12.238671587907323
16,1,29.416387782832967
16,2,29.78781758576125
16,3,26.90805629181995
16,4,25.69862172140653
16,5,27.71104271110948
16,6,26.220053073673437
16,7,23.498244451219712
16,8,19.92305180436943
16,9,18.104122315967583
16,10,14.649674500621225
16,11,15.19623305656894
16,12,12.273818570273503
16,13,9.592287321687145
16,14,6.794831650427818
16,15,3.811627408731335
16,17,3.8269482403823454
16,18,6.772675939562463
16,19,8.284344513248607
16,20,7.138846129332765
16,21,6.0178705836637265
16,22,4.490534750419824
16,23,6.459480002562502
16,24,9.198972780156138
16,25,11.903490199548994
16,26,15.134163521854468
16,27,18.614796880329912
16,28,21.703199477957586
16,29,24.760327840974632
16,30,27.298518509508334
16,31,30.202996210701357
16,32,30.109104945591888
16,33,27.840557189244787
16,34,27.619822299386215
16,35,26.200813740334556
16,36,23.8368576184051
16,37,20.799014316580596
16,38,21.282694977480112
16,39,18.17010444180542
16,40,18.053806947503734
16,41,16.19407965846128
16,42,18.237537772135898
16,43,18.577816986482752
16,44,19.732052247319096
16,45,23.2725275088625
16,46,22.37991856423402
16,47,23.184368645624513
16,48,21.55616616432417
16,49,19.273370335048632
16,50,19.972698196196756
16,51,18.302915196905396
16,52,14.621222156281085
16,53,14.409869203136742
16,54,13.54589520982831
16,55,14.877851232736433
16,56,18.642546970645085
16,57,20.779124117465937
16,58,18.699210380836778
16,59,21.480123386972103
16,60,22.296473559515174
16,61,24.70917149657001
16,62,25.52711447856945
16,63,24.734719237457707
16,64,24.439460758736608
16,65,21.56695247162572
16,66,17.962339446375395
16,67,16.30357873960528
16,68,12.865661400356279
16,69,11.967156145613757
16,70,9.69856114033008
16,71,9.969862919787047
16,72,9.794033235230026
16,73,10.30327323229012
16,74,13.081478634432466
16,75,13.391747762468563
16,76,14.485934190454513
16,77,15.112203015480917
16,78,14.610914584133694
16,79,15.123563838983326
16,80,13.708426029951871
16,81,16.881080918507223
16,82,17.312429094386612
16,83,21.025034572771244
16,84,24.387411209042778
16,85,26.615542582934502
16,86,26.58450037963801
16,87,25.195630565865194
16,88,22.00100228930859
16,89,18.567678767615327
16,90,17.360734884807936
16,91,14.005211585813937
16,92,14.144095498969826
16,93,11.098310932613924
16,94,11.178959833914123
16,95,9.652201513614335
17,1,29.318932971564045
17,2,30.147719085310893
17,3,27.58740800748604
17,4,26.73275651714943
17,5,29.1548930449153
17,6,27.956410490613507
17,7,25.589858337536825
17,8,21.996456085850806
17,9,20.508454012862902
17,10,17.14328315578367
17,11,17.25036548622542
17,12,14.56397863960068
17,13,12.548462243762629
17,14,9.853358003560034
17,15,6.4470184657902
17,16,3.8269482403823454
17,18,3.825632263358561
17,19,5.409991481948118
17,20,6.107163383635951
17,21,5.442207142217118
17,22,5.784362247620596
17,23,7.253692689400719
17,24,10.861420140583716
17,25,13.264979340723617
17,26,16.71217645807193
17,27,20.21561668649806
17,28,23.199613389130477
17,29,26.55555627900812
17,30,28.842536881375096
17,31,31.447446115236257
17,32,31.02983852179385
17,33,28.433457017748324
17,34,27.8124733004997
17,35,26.583858425757
17,36,24.11976260819531
17,37,21.517465356434524
17,38,22.31572836043012
17,39,19.24614846164866
17,40,19.32754558909966
17,41,17.708617048830693
17,42,20.08583899381522
17,43,20.523571303559194
17,44,22.16583642002717
17,45,25.552875193728468
17,46,24.60130559552666
17,47,24.879832991918413
17,48,22.891983638262136
17,49,20.18334572479749
17,50,20.24699884513499
17,51,17.94964818903702
17,52,14.60483487337114
17,53,14.200933985429831
17,54,12.374193028566378
17,55,13.836319688930038
17,56,17.491948321153163
17,57,20.146413378501414
17,58,18.49955943640799
17,59,21.444682145519415
17,60,22.658979914751384
17,61,24.729307476621543
17,62,25.932451065713707
17,63,25.701181831747686
17,64,25.422654823328674
17,65,22.177421308760934
17,66,18.785966365622944
17,67,16.69988852114276
17,68,12.950957810095979
17,69,12.180284208147038
17,70,9.332009035059778
17,71,10.16116252645376
17,72,9.790516272552926
17,73,11.492284810602333
17,74,14.07356155168262
17,75,14.623171531926772
17,76,16.528963712922163
17,77,17.667889880720978
17,78,17.01479982827483
17,79,17.680658834681065
17,80,15.978483954663703
17,81,19.019794105530533
17,82,19.185314671169714
17,83,22.75818836447995
17,84,26.14113858730968
17,85,28.722831817127275
17,86,29.069729852537368
17,87,27.866935224688053
17,88,24.44132719221049
17,89,21.229272385162762
17,90,20.198430535823217
17,91,17.11161603267265
17,92,17.40990413937855
17,93,14.25125387044805
17,94,14.095705969091387
17,95,11.800752521520653
18,1,32.384687769529805
18,2,33.356315111167156
18,3,30.867443008735318
18,4,30.24238597857835
18,5,32.72249665491524
18,6,31.65955726264237
18,7,29.327036005953225
18,8,25.770908211951866
18,9,24.294778639148973
18,10,20.90475330359016
18,11,20.973392546335525
18,12,18.12409851848191
18,13,15.917115333000845
18,14,13.386765807859074
18,15,9.906282897021464
18,16,6.772675939562463
18,17,3.825632263358561
18,19,3.8717813654960542
18,20,5.978624107148229
18,21,7.446839263800362
18,22,9.117993691099526
18,23,11.020914630889855
18,24,14.651536609176581
18,25,17.07068916067123
18,26,20.526981789889785
18,27,24.028493602277923
18,28,26.993038114810897
18,29,30.372429359936095
18,30,32.611051242471085
18,31,35.17719631935589
18,32,34.64261115335417
18,33,31.98304811407032
18,34,31.20112040161158
18,35,29.96899445995272
18,36,27.365758168381053
18,37,24.91278935703945
18,38,25.581552258571875
18,39,22.369427422523646
18,40,22.116964954779586
18,41,20.18225473232253
18,42,22.261031170636503
18,43,22.200136175450826
18,44,23.796043024204767
18,45,27.218283827248282
18,46,26.683841716968256
18,47,26.741284980692065
18,48,24.928875567353007
18,49,21.881371038150625
18,50,21.907747740029023
18,51,19.48850524429851
18,52,16.416028134028412
18,53,16.56761114925279
18,54,14.467286564108916
18,55,16.421458487041185
18,56,19.829667088917645
18,57,22.855557815728126
18,58,21.62526637329386
18,59,24.719127876953834
18,60,26.161572273761948
18,61,28.109730680869085
18,62,29.460072505053258
18,63,29.39980761846394
18,64,29.075656882325244
18,65,25.743484830067704
18,66,22.45746229919717
18,67,20.297713452283105
18,68,16.50120415346288
18,69,15.645139921111497
18,70,12.471529572927322
18,71,12.8691330984195
18,72,11.571735497657082
18,73,13.223675364504949
