1,2,3.8371912789327554
1,3,6.008230633487943
1,4,9.200393376287815
1,5,12.313141103422657
1,6,15.803310591879944
1,7,18.78099981316458
1,8,20.6145699342559
1,9,23.759662722147038
1,10,25.843795236494653
1,11,27.894033940836554
1,12,27.25572395222935
1,13,29.692989660232076
1,14,30.689474732041543
1,15,30.6218061968287
1,16,32.79075258728416
1,17,35.01371396322413
1,18,33.31223305738614
1,19,33.52772424143979
1,20,34.47022353426037
1,21,33.27082637106028
1,22,35.60421962287676
1,23,33.6249604265061
1,24,34.5382615243208
1,25,31.364889754533067
1,26,30.836327678292843
1,27,28.57178705622254
1,28,28.27631781610786
1,29,27.10359369922232
1,30,26.176179809894837
1,31,25.157036746125424
1,32,24.084364459329986
1,33,26.759219362827956
1,34,25.291227233564264
1,35,22.91999690498581
1,36,19.35504281407532
1,37,17.862347398795045
1,38,15.072566009661788
1,39,15.930086704471616
1,40,16.455259948049886
1,41,19.985640660931857
1,42,22.361376244668843
1,43,24.228377881512408
1,44,27.14596287375883
1,45,30.239284670041762
1,46,33.0896166586406
1,47,36.926078446749194
1,48,39.14707486623894
1,49,34.478288740356504
1,50,31.524575463937328
1,51,33.15125735279255
1,52,30.625613863215655
1,53,27.187180856861517
1,54,24.023115629892114
1,55,23.17615830205884
1,56,20.173939006906117
1,57,17.510655751744945
1,58,15.370909422847605
1,59,17.573688888683055
1,60,16.01371458766706
1,61,17.838947203136005
1,62,16.348448230076478
1,63,19.513127891425228
1,64,23.25022063193205
1,65,25.74664932925623
1,66,23.145956833417593
1,67,24.212679021557648
1,68,21.99857529964836
1,69,23.59238202227161
1,70,23.540895456672406
1,71,25.132863982751697
1,72,26.850447944313704
1,73,29.76292396968484
1,74,32.43139531080747
1,75,35.25850478581489
1,76,38.739755990819965
1,77,40.859023531887445
1,78,39.92021489047667
1,79,36.42214448661314
1,80,34.6414134979114
1,81,31.208104960542144
1,82,29.731705812463243
1,83,27.041643920150396
1,84,25.77231566960146
1,85,27.33507779441682
1,86,30.72682437503021
1,87,32.35282650268871
1,88,33.268861077409994
1,89,30.911734346980452
1,90,31.35491576662726
1,91,33.52555546871693
1,92,34.46107508208295
1,93,37.37183123515044
1,94,37.03664962102258
1,95,39.626110712242074
1,96,38.852517913485904
1,97,42.19620985474306
2,1,3.8371912789327554
2,3,3.820951892848847
2,4,6.148939665000676
2,5,9.757930118696951
2,6,12.917220614825588
2,7,15.946767957090396
2,8,18.26085886420855
2,9,21.266631364037856
2,10,23.73956462000869
2,11,25.975391750384176
2,12,25.634500585426817
2,13,28.395795411702004
2,14,29.545458377075295
2,15,29.950781560334814
2,16,32.229420884841744
2,17,34.24287359954083
2,18,32.3619566494665
2,19,32.88396621573743
2,20,33.73743596521173
2,21,32.79668602105255
2,22,35.23163062791986
2,23,33.04688083753049
2,24,33.57681478096788
2,25,30.35415857838952
2,26,29.81872658514565
2,27,27.789138707506684
2,28,27.241821381222824
2,29,26.388098401981864
2,30,25.189844260284072
2,31,24.29035921441167
2,32,22.88721924142912
2,33,25.48571625119834
2,34,23.69951092146831
2,35,21.372878083283826
2,36,17.692025049192353
2,37,16.66831174804462
2,38,14.052781035727744
2,39,14.057020580772088
2,40,14.230476296171537
2,41,17.906428490974545
2,42,19.813003649981727
2,43,21.874250638234866
2,44,24.631948313802933
2,45,27.90310537901977
2,46,30.491293029001795
2,47,34.290704299729164
2,48,36.46955177882162
2,49,31.519446345535044
2,50,28.76833821122242
2,51,30.700576233342098
2,52,28.47249168711991
2,53,25.177902347409933
2,54,22.25017105696222
2,55,21.96600535158471
2,56,19.1602245456782
2,57,16.163462244817435
2,58,13.755043566355884
2,59,16.163042827762208
2,60,14.773931762422258
2,61,16.966539257721223
2,62,16.16370284496356
2,63,19.25984932499635
2,64,22.763449455010633
2,65,25.518885209264095
2,66,23.135862892222132
2,67,23.94308775241953
2,68,21.555753988874397
2,69,23.12172561468656
2,70,22.54128697275769
2,71,24.191243594749245
2,72,25.450098450783436
2,73,28.275814101478204
2,74,30.670831914681152
2,75,33.34318223086365
2,76,36.95668549476219
2,77,38.947482238398884
2,78,37.81579688123263
2,79,34.22778869659978
2,80,32.37781808419115
2,81,29.10228739823895
2,82,27.36856378167959
2,83,24.87826754491024
2,84,23.39248692501549
2,85,24.608310172666094
2,86,27.98168421077492
2,87,29.77464383063355
2,88,30.945436323612395
2,89,28.538325842447502
2,90,29.265675144386364
2,91,31.315253372073574
2,92,32.53508158335021
2,93,35.39418054666549
2,94,35.25488990650425
2,95,37.90338306872575
2,96,37.32281724145909
2,97,40.783087548237006
3,1,6.008230633487943
3,2,3.820951892848847
3,4,3.8339577380688197
3,5,6.809369319868803
3,6,10.369516456458518
3,7,12.981894726840483
3,8,15.059272599795364
3,9,18.339920062542582
3,10,20.582960665148484
3,11,22.553053241756878
3,12,21.98983564282624
3,13,24.67208904009398
3,14,25.740875101534513
3,15,26.18049387628045
3,16,28.453936517742388
3,17,30.451253916873856
3,18,28.606117299626
3,19,29.231459988867314
3,20,30.211228754439283
3,21,29.456784089646547
3,22,32.070240732696305
3,23,30.028246809844436
3,24,30.400057754168866
3,25,27.046030031506735
3,26,26.286089324779663
3,27,24.157299474202244
3,28,23.477124695347772
3,29,22.60338076053267
3,30,21.384697035755874
3,31,20.58990717594834
3,32,19.323593214052785
3,33,22.110179938354275
3,34,20.574192771090317
3,35,18.603410410483935
3,36,15.111267931118867
3,37,13.659499022443278
3,38,10.906403355874316
3,39,10.698488300254873
3,40,10.654329358570376
3,41,14.247856751059205
3,42,16.40393670676794
3,43,18.398374483725934
3,44,21.34580705011759
3,45,24.591386658277738
3,46,27.32506110389935
3,47,31.13168691542461
3,48,33.241534331447944
3,49,28.79897089631026
3,50,25.94367407861758
3,51,27.737040875602148
3,52,25.375492503426464
3,53,22.15571583413337
3,54,19.04534306264183
3,55,18.853311398824417
3,56,15.835020128230745
3,57,13.110856468283822
3,58,10.306926909861255
3,59,12.422577385169857
3,60,10.960087220657991
3,61,13.299522550189986
3,62,12.8611370610559
3,63,16.115654220956174
3,64,19.527697676297272
3,65,22.15526074727731
3,66,19.708163662055775
3,67,20.296307535548106
3,68,17.832567058115107
3,69,19.43204275138263
3,70,18.844728598353107
3,71,20.69031833792444
3,72,22.039632242934502
3,73,25.042557792244946
3,74,27.357189028638555
3,75,30.201444886920925
3,76,33.770871675237224
3,77,35.64064151706854
3,78,34.442695669732636
3,79,30.845007625758594
3,80,28.909204921733636
3,81,25.535830013820505
3,82,23.869014825352142
3,83,21.263009720562067
3,84,19.933935965585512
3,85,21.453716832197696
3,86,24.931465933223368
3,87,26.714917193471756
3,88,27.61908146703103
3,89,25.119327940233124
3,90,25.650689160473704
3,91,27.730164381950765
3,92,28.85236112175656
3,93,31.766928479017746
3,94,31.648004698000147
3,95,34.37329574033952
3,96,33.888784847642015
3,97,37.38972464225283
4,1,9.200393376287815
4,2,6.148939665000676
4,3,3.8339577380688197
4,5,3.814714066837453
4,6,6.832376503355895
4,7,9.816917341622379
4,8,12.24359620916261
4,9,15.199203331407134
4,10,17.830145728659296
4,11,20.162356188963855
4,12,20.138847637292216
4,13,23.20698297276852
4,14,24.675031262257836
4,15,25.576010007785403
4,16,28.12801347178254
4,17,30.056607755258778
4,18,28.264196917814047
4,19,29.369108005666856
4,20,30.479348777105393
4,21,30.17209518578276
4,22,33.0001775690247
4,23,30.95113998474264
4,24,30.848981677793144
4,25,27.38265836008916
4,26,26.362303341229058
4,27,24.32874730947351
4,28,23.130377232125134
4,29,22.366079763879377
4,30,20.615792794548337
4,31,19.644884331081702
4,32,17.799369620015476
4,33,20.23508525091104
4,34,18.226044281750585
4,35,16.158540178538917
4,36,12.580955881538344
4,37,11.90827486905375
4,38,9.694748585444835
4,39,8.561229485372621
4,40,8.661502058255342
4,41,12.468781940421918
4,42,14.165090839906808
4,43,16.722452064316272
4,44,19.674949892747744
4,45,23.207469085062367
4,46,25.59908622477816
4,47,29.300305549785392
4,48,31.141714899438004
4,49,26.87329521321124
4,50,24.360846239863726
4,51,26.54899823610967
4,52,24.564965115131127
4,53,21.69845553308153
4,54,18.831110026126723
4,55,19.402786379568536
4,56,16.519196054901343
4,57,13.878164624485967
4,58,10.575208028316784
4,59,12.207050938966788
4,60,10.493909153976695
4,61,12.657009754990568
4,62,12.799256779456028
4,63,15.517418072038357
4,64,18.517548514404915
4,65,21.511239739469776
4,66,19.580914129009873
4,67,20.173634325650248
4,68,17.91298505859884
4,69,19.77287078082867
4,70,18.85225655861047
4,71,21.02649625790087
4,72,21.969547381132355
4,73,24.99031006765518
4,74,26.834912822101398
4,75,29.610373343818313
4,76,33.264892802960595
4,77,34.815235138227656
4,78,33.25468970983935
4,79,29.52580933558826
4,80,27.303229790086686
4,81,24.06660074960791
4,82,21.925873367478395
4,83,19.35441237505073
4,84,17.508616160750954
4,85,18.52581341145467
4,86,21.8452705117251
4,87,23.63907501725686
4,88,24.89901404907669
4,89,22.56664176562981
4,90,23.56672559490773
4,91,25.73525370024731
4,92,27.301747081113543
4,93,30.30159291298349
4,94,30.592610652623822
4,95,33.51572509847015
4,96,33.42095176510444
4,97,37.06874934768578
5,1,12.313141103422657
5,2,9.757930118696951
5,3,6.809369319868803
5,4,3.814714066837453
5,6,3.8163943371104
5,7,6.602072379885848
5,8,8.517846032051866
5,9,11.574153549344189
5,10,14.042676322913396
5,11,16.384518743397756
5,12,16.507381796981182
5,13,19.68907220725209
5,14,21.42361154637215
5,15,22.489551673684105
5,16,25.267518875308628
5,17,27.275825874618167
5,18,25.720557627379165
5,19,27.190265597957595
5,20,28.613498336612643
5,21,28.733408005460774
5,22,31.8364323232753
5,23,30.056781772365184
5,24,29.635056806048233
5,25,26.007317426077318
5,26,24.53337525124124
5,27,22.336837053808114
5,28,20.654678108043424
5,29,19.72326812527193
5,30,17.55913539665212
5,31,16.361547877432816
5,32,14.220365086148234
5,33,16.52068259833206
5,34,14.468009795569548
5,35,12.608035674427441
5,36,9.228517919886478
5,37,8.583396662838215
5,38,6.797380107944463
5,39,4.895880780453052
5,40,5.586692048170567
5,41,9.392087977894557
5,42,11.316929142050508
5,43,14.273432463552545
5,44,17.536804788848926
5,45,21.150133084396927
5,46,23.509875704992247
5,47,27.102263421321208
5,48,28.617681087796665
5,49,25.270912230089827
5,50,22.887100205755843
5,51,25.070401117793967
5,52,23.13737850319527
5,53,20.626458092457842
5,54,17.710405626155904
5,55,18.671716368928223
5,56,15.65191229678551
5,57,13.692870671182561
5,58,9.953310862740903
5,59,10.41336937345707
5,60,8.13194553859696
5,61,9.771855358268565
5,62,10.44075637810251
5,63,12.688676163896625
5,64,15.291800377233644
5,65,18.392186258775837
5,66,16.82494806036633
5,67,17.419818888471482
5,68,15.478412841990226
5,69,17.688793620508225
5,70,16.843710171120872
5,71,19.490200246977903
5,72,20.447283394261426
5,73,23.676690830497268
5,74,25.166697613749548
5,75,28.120563754792823
5,76,31.693029362631943
5,77,32.907079835172915
5,78,31.07617916188782
5,79,27.294995120569222
5,80,24.755062664049778
5,81,21.45434254350069
5,82,19.08346989449782
5,83,16.240090127031774
5,84,14.128970472134226
5,85,15.216376103354401
5,86,18.463022580066312
5,87,20.09057180507703
5,88,21.25930273929566
5,89,19.075749902014902
5,90,20.16721155940322
5,91,22.590359638655567
5,92,24.31265364299016
5,93,27.50135522051341
5,94,28.090974927999202
5,95,31.235153162110635
5,96,31.476981028149552
5,97,35.204970354948
6,1,15.803310591879944
6,2,12.917220614825588
6,3,10.369516456458518
6,4,6.832376503355895
6,5,3.8163943371104
6,7,3.8474674994154254
6,8,6.301281774836179
6,9,8.583817748024158
6,10,11.6710627226685
6,11,14.435884090161728
6,12,15.31179980609039
6,13,18.866043699099272
6,14,20.987592928866764
6,15,22.596424962318036
6,16,25.55063446641975
6,17,27.374415655347068
6,18,25.883943647310698
6,19,27.81403094329509
6,20,29.295215670251665
6,21,29.851874388580672
6,22,33.07282902819983
6,23,31.30040623565816
6,24,30.419165075143088
6,25,26.79398626092364
6,26,25.130569640297583
6,27,23.15799690239481
6,28,21.017874709308874
6,29,20.316612849090298
6,30,17.696245194072098
6,31,16.445918696805585
6,32,13.74411632847046
6,33,15.448465007363273
6,34,12.857456645565431
6,35,11.13315631539413
6,36,8.091539257852217
6,37,8.805592838503877
6,38,8.312461671378697
6,39,5.326830282083187
6,40,5.902300097511023
6,41,8.9576956463255
6,42,9.866332795117987
6,43,13.380073882872058
6,44,16.42996597471192
6,45,20.21470929779978
6,46,22.078391753169743
6,47,25.44706776915453
6,48,26.61065942357478
6,49,23.587079607072944
6,50,21.67898661076602
6,51,24.229637858898215
6,52,22.787347868050787
6,53,20.781813422233856
6,54,18.304231223022196
6,55,19.974758081190974
6,56,17.321729577459283
6,57,15.573583760703437
6,58,11.930337854494638
6,59,11.874351970618775
6,60,9.877879958032594
6,61,11.052380302216982
6,62,12.398441751399824
6,63,13.782963952913121
6,64,15.580646447743081
6,65,18.85655953479638
6,66,17.945063345656724
6,67,18.404970306920614
6,68,16.76374424781124
6,69,19.006664752577827
6,70,17.811201019794623
6,71,20.587887887449785
6,72,21.042705266640116
6,73,24.12883322959531
6,74,25.061211740719244
6,75,27.843009301753227
6,76,31.420325513309628
6,77,32.26798015471422
6,78,30.074546484517917
6,79,26.230231140137512
6,80,23.4239612667672
6,81,20.40372189295132
6,82,17.525292685998263
6,83,14.876464916152383
6,84,12.129642204421005
6,85,12.398071519907568
6,86,15.369596986076022
6,87,17.02659709166639
6,88,18.65880575367436
6,89,16.713713757049643
6,90,18.41202619893519
6,91,20.85590296271112
6,92,23.08529662306881
6,93,26.280755219851816
6,94,27.32509017997485
6,95,30.61087951023135
6,96,31.266956296991697
6,97,35.07678701968375
7,1,18.78099981316458
7,2,15.946767957090396
7,3,12.981894726840483
7,4,9.816917341622379
7,5,6.602072379885848
7,6,3.8474674994154254
7,8,3.858848058224638
7,9,6.33651788789003
7,10,9.39426120480351
7,11,11.661801939975366
7,12,12.486139150343082
7,13,16.129353228644565
7,14,18.14416534335671
7,15,20.210012589409146
7,16,23.047214301060382
7,17,24.54827313609379
7,18,22.969971364635818
7,19,25.1659211955301
7,20,26.615491075826316
7,21,27.5113607821874
7,22,30.80480611074376
7,23,29.104034218899375
7,24,27.853725956006755
7,25,24.25146503011054
7,26,22.434285300446255
7,27,20.70043372709578
7,28,18.308778022078116
7,29,17.9923830109211
7,30,15.28825155013452
7,31,14.514732257797082
7,32,11.946373249103043
7,33,13.718985166750961
7,34,11.48670633420631
7,35,10.920587788755554
7,36,8.990653999844383
7,37,9.442275011862918
7,38,9.483215710589027
7,39,5.72046001172085
7,40,4.740203722599807
7,41,6.255965514289242
7,42,6.291816217874128
7,43,10.010898464310248
7,44,13.003626990902708
7,45,16.781097829909683
7,46,18.51253977074783
7,47,21.786403311152032
7,48,22.82712381791956
7,49,20.317100395280164
7,50,18.51497264053998
7,51,21.03857403549632
7,52,19.764164864023304
7,53,18.179390340877166
7,54,15.977842605901797
7,55,18.153928747239334
7,56,15.861841873434146
7,57,14.637488991505373
7,58,11.274039442738806
7,59,10.512894818723511
7,60,9.239224056419427
7,61,10.436984312420936
7,62,12.852501215247804
7,63,13.957156420215831
7,64,15.030972073551453
7,65,17.911052951008674
7,66,17.174874110149844
7,67,16.986698038497703
7,68,15.298092540246138
7,69,17.22690849514821
7,70,15.622110619180829
7,71,18.403604207796388
7,72,18.471618664934255
7,73,21.45512975804447
7,74,21.979766481939745
7,75,24.720969282586324
7,76,28.22481269075289
7,77,28.833714815299707
7,78,26.477926855382737
7,79,22.629661452792156
7,80,19.70711776582902
7,81,16.79032492703495
7,82,13.759501274568782
7,83,11.248627790989183
7,84,8.43935837545764
7,85,8.762072234914163
7,86,12.035585205826589
7,87,13.977236231764525
7,88,15.370515848287068
7,89,13.109506280570269
7,90,14.797372504484862
7,91,17.085667448928564
7,92,19.430523584735305
7,93,22.57817451018646
7,94,23.780987352275865
7,95,27.118213575424107
7,96,27.997395166716984
7,97,31.831834265988604
8,1,20.6145699342559
8,2,18.26085886420855
8,3,15.059272599795364
8,4,12.24359620916261
8,5,8.517846032051866
8,6,6.301281774836179
8,7,3.858848058224638
8,9,3.837357250132704
8,10,5.872837203687384
8,11,8.167229156347991
8,12,9.207314935508647
8,13,12.913203112239454
8,14,15.39159859429203
8,15,17.37396732307271
8,16,20.528396916515984
8,17,22.332213221788123
8,18,21.280918019205465
8,19,23.760031164976034
8,20,25.693197337275915
8,21,26.935561137857317
8,22,30.462966054671817
8,23,29.22014874943726
8,24,27.889115370275356
8,25,24.176923813298114
8,26,21.825851015715205
8,27,19.715921495220975
8,28,16.853455859178073
8,29,16.00299868096284
8,30,12.809133493062465
8,31,11.459960466712857
8,32,8.455453476844685
8,33,9.886040738023995
8,34,7.713449106839969
8,35,7.754918300740878
8,36,6.9019000243598665
8,37,7.227532418573214
8,38,8.295845172493122
8,39,5.146224450248105
8,40,5.663306874273841
8,41,5.7290420990301385
8,42,6.70346521508331
8,43,10.321830489380522
8,44,13.65854605507623
8,45,17.13913061423501
8,46,18.977172203780633
8,47,22.009762962107605
8,48,22.587085789966697
8,49,21.61103404671519
8,50,19.87889672437145
8,51,22.043458145689236
8,52,20.62770212794939
8,53,19.364342613291644
8,54,16.995065793288568
8,55,19.036030385152873
8,56,16.511923532471776
8,57,16.132218221776117
8,58,12.74582801429269
8,59,10.824189903792547
8,60,8.922342792836915
8,61,8.69261838117585
8,62,11.223974819223786
8,63,11.403711651487665
8,64,11.752812188374891
8,65,14.61185026981224
8,66,14.433014621657204
8,67,14.46374068004318
8,68,13.522032183214069
8,69,15.944113582317538
8,70,14.923743566371714
8,71,18.190528195130934
8,72,18.64197608426382
8,73,21.864999808835268
8,74,22.173978814483874
8,75,25.192294947445458
8,76,28.439172894622377
8,77,28.72264446319743
8,78,26.197678800019723
8,79,22.4252664745505
8,80,19.170506292586932
8,81,16.100401390087168
8,82,13.036327856308228
8,83,9.884150197654392
8,84,6.73999747331961
8,85,7.6214613285756805
8,86,10.509843525838377
8,87,11.80581573971514
8,88,12.786280782213717
8,89,10.965543462881385
8,90,12.602935986795874
8,91,15.525296680745338
8,92,17.87021733639462
8,93,21.342259511680208
8,94,22.8273267239622
8,95,26.391593732863665
8,96,27.561415344520228
8,97,31.37374218573162
9,1,23.759662722147038
9,2,21.266631364037856
9,3,18.339920062542582
9,4,15.199203331407134
9,5,11.574153549344189
9,6,8.583817748024158
9,7,6.33651788789003
9,8,3.837357250132704
9,10,3.8253679708628288
9,11,7.119048422114934
9,12,9.659811094609722
9,13,13.429638655237461
9,14,16.423560513392754
9,15,18.75628795070411
9,16,22.060047444948484
9,17,23.755754080449385
9,18,23.01174943930842
9,19,25.87827547914922
9,20,27.93350007386558
9,21,29.55490373678678
9,22,33.13839556828207
9,23,32.01129779465516
9,24,30.360876517720104
9,25,26.7321032434662
9,26,24.208567283350465
9,27,22.269064565667193
9,28,19.074169507166598
9,29,18.28010859050344
9,30,14.781997686663363
9,31,13.200671027305862
9,32,9.783909628276108
9,33,9.754080310541777
9,34,6.851047234966721
9,35,7.220555290877447
9,36,7.589785870041779
9,37,9.328540412452169
9,38,11.212545752171778
9,39,8.595775179788033
9,40,9.434452282021489
9,41,9.036217598438451
9,42,8.877589284734812
9,43,12.400613508576278
9,44,15.191241860614456
9,45,18.53287817288761
9,46,19.728021591641113
9,47,22.29735578323057
9,48,22.265096138167642
9,49,22.124578880342384
9,50,21.017700362323215
9,51,23.412887809095867
9,52,22.511403159567838
9,53,21.778548336614843
9,54,19.837770648692388
9,55,22.22742015145745
9,56,19.971631614730455
9,57,19.69619384292952
9,58,16.438118686095326
9,59,14.470690737024324
9,60,12.68518722529415
9,61,11.974961161422687
9,62,14.25123790910442
9,63,13.586574258151009
9,64,13.082720509076504
9,65,15.965276645412807
9,66,16.630696552311
9,67,16.832038027740385
9,68,16.47273088819851
9,69,18.92932647724372
9,70,17.908358467817667
9,71,21.166421014521624
9,72,21.308388086020592
9,73,24.31953760003717
9,74,24.107021249074155
9,75,26.910660649301494
9,76,30.023041701216442
9,77,29.868039624550743
9,78,26.98303221294819
9,79,23.284100476964976
9,80,19.762981766504968
9,81,17.166069699190945
9,82,13.689580225407349
9,83,10.963619307462064
9,84,7.2305303506733765
9,85,6.391774724432304
9,86,8.036443210060122
9,87,8.838539067779319
9,88,10.624726837694514
9,89,9.758845004847085
9,90,12.362819780651938
9,91,15.403156240329013
9,92,18.31038208155887
9,93,21.746818483232314
9,94,23.793758594957293
9,95,27.45739895917942
9,96,29.08519914074422
9,97,32.87791744031044
10,1,25.843795236494653
10,2,23.73956462000869
10,3,20.582960665148484
10,4,17.830145728659296
10,5,14.042676322913396
10,6,11.6710627226685
10,7,9.39426120480351
10,8,5.872837203687384
10,9,3.8253679708628288
10,11,3.816651777626128
10,12,6.941148433641987
10,13,10.425070373262514
10,14,13.81762791112177
10,15,16.043672227859606
10,16,19.519994069728625
10,17,21.409942657052596
10,18,21.21040064483906
10,19,24.278630710270622
10,20,26.71923536473674
10,21,28.641405234550604
10,22,32.360522671722045
10,23,31.66965934350676
10,24,29.964807551421906
10,25,26.330089705940097
10,26,23.40100524222516
10,27,21.225723064473947
10,28,17.72979825372437
10,29,16.535862201691423
10,30,12.794225970169157
10,31,10.839219419526245
10,32,7.371877089655135
10,33,6.380002384578256
10,34,4.013040294259727
10,35,6.298906471397469
10,36,8.388778222688838
10,37,9.458613381467847
10,38,11.84056660500685
10,39,10.049539070895
10,40,11.185116590480384
10,41,9.885723950360367
10,42,10.28116773336022
10,43,13.17227035124543
10,44,16.022818389795674
10,45,18.892193474027074
10,46,20.21012846191064
10,47,22.50353534380531
10,48,22.098061202675826
10,49,23.363095189281115
10,50,22.23482558444331
10,51,24.17372882309104
10,52,23.1107214593919
10,53,22.6477841516906
10,54,20.626717281204414
10,55,22.831820313416966
10,56,20.51944048630253
10,57,20.93690493474141
10,58,17.838821012372158
10,59,15.167722308532781
10,60,13.288094813721147
10,61,11.644534986282336
10,62,13.902275689826537
10,63,12.414868112172563
10,64,10.89433406235247
10,65,13.326282235468115
10,66,14.644106711969224
10,67,14.879225933454519
10,68,15.287446985653705
10,69,17.920601565121682
10,70,17.41428695833213
10,71,20.88488916819369
10,72,21.31651679778163
10,73,24.420565467164227
10,74,24.03257854365202
10,75,27.026146000061186
10,76,29.82964434102543
10,77,29.3995682675009
10,78,26.454251837105257
10,79,22.939516344550267
10,80,19.260992424506078
10,81,16.626839379509242
10,82,13.43489658843356
10,83,10.41297051076948
10,84,7.1791811532517205
10,85,7.23789623949277
10,86,8.031514702264422
10,87,7.764890687624804
10,88,8.510153408679612
10,89,8.36459284558233
10,90,10.582219430976783
10,91,14.118876948086474
10,92,16.816655808793588
10,93,20.44218333021953
10,94,22.669508701995003
10,95,26.443938201427308
10,96,28.289992323899806
10,97,31.982800555912306
11,1,27.894033940836554
11,2,25.975391750384176
11,3,22.553053241756878
11,4,20.162356188963855
11,5,16.384518743397756
11,6,14.435884090161728
11,7,11.661801939975366
11,8,8.167229156347991
11,9,7.119048422114934
11,10,3.816651777626128
11,12,3.826200583217775
11,13,6.964403578719104
11,14,10.394151354084407
11,15,12.920587827790378
11,16,16.271869421886997
11,17,17.984744222405883
11,18,18.033835625194598
11,19,21.305934529715188
11,20,23.90113152234946
11,21,26.13731041503572
11,22,29.896787816492477
11,23,29.51717185632222
11,24,27.646827122639184
11,25,24.108452957038786
11,26,20.92090443521626
11,27,18.803027230657978
11,28,15.102702569453193
11,29,13.989131742835099
11,30,10.280001572802549
11,31,8.824411137545683
11,32,6.286320776369275
11,33,5.320951629021085
11,34,5.568851925290265
11,35,9.048289439267755
11,36,11.441079857408091
11,37,11.493115561520126
11,38,13.622129519575958
11,39,11.998586708466764
11,40,12.482376049350643
11,41,10.093132330998415
11,42,10.432710121888347
11,43,12.343138425372125
11,44,14.949856450789625
11,45,17.22140093209509
11,46,18.614842461720297
11,47,20.646967498622182
11,48,20.048853350383737
11,49,22.45330092478522
11,50,21.27938290872927
11,51,22.718400760512054
11,52,21.573151644189366
11,53,21.483504362567512
11,54,19.612516080889076
11,55,21.78263537513666
11,56,19.739981327607723
11,57,20.826567379706187
11,58,18.181564781419116
11,59,15.01978093912177
11,60,13.707525160591912
11,61,11.891185399328506
11,62,14.570986460132088
11,63,12.987172722780073
11,64,10.801020345852905
11,65,12.15615142796081
11,66,13.625214943803597
11,67,13.162159416469223
11,68,13.879918479504152
11,69,16.151323897995002
11,70,15.748651859423184
11,71,19.14550638165245
11,72,19.56243248239351
11,73,22.55984272117714
11,74,21.89964398582759
11,75,24.955465474216687
11,76,27.45001727904651
11,77,26.786630720505098
11,78,23.838661261685292
11,79,20.527496220462464
11,80,16.81715557123109
11,81,14.23419545714457
11,82,11.467711196088315
11,83,8.484863883125861
11,84,6.364678002821678
11,85,7.504753152774559
11,86,8.052598386101087
11,87,7.543659529506026
11,88,6.455460707408939
11,89,6.194168424453008
11,90,7.4927920024242685
11,91,11.270508435282352
11,92,13.658855843005956
11,93,17.354190086038564
11,94,19.660832077285217
11,95,23.46480293553512
11,96,25.478092989949193
11,97,29.063052388359175
12,1,27.25572395222935
12,2,25.634500585426817
12,3,21.98983564282624
12,4,20.138847637292216
12,5,16.507381796981182
12,6,15.31179980609039
12,7,12.486139150343082
12,8,9.207314935508647
12,9,9.659811094609722
12,10,6.941148433641987
12,11,3.826200583217775
12,13,3.82234344819707
12,14,6.890598938794932
12,15,9.368203195558182
12,16,12.655911055627982
12,17,14.478826807018185
12,18,14.495840132538182
12,19,17.639881473515032
12,20,20.361986644674218
12,21,22.548668876113275
12,22,26.345694857292447
12,23,26.155470015141816
12,24,24.440836366368465
12,25,20.872439038809866
12,26,17.537490523488557
12,27,15.194766510873981
12,28,11.47801000868447
12,29,10.181254976280192
12,30,6.499513989840048
12,31,5.663197052818414
12,32,4.66484393057406
12,33,5.621718724382889
12,34,7.579670947126903
12,35,10.930759699982415
12,36,12.864869047696564
12,37,11.730292362320952
12,38,13.270089054986027
12,39,11.919961781742302
12,40,11.893251902118854
12,41,8.906408785351772
12,42,9.93333140029958
12,43,10.92660725259596
12,44,13.703273663522223
12,45,15.569505804510104
12,46,17.562708090448986
12,47,19.78611893585869
12,48,19.595948147959188
12,49,22.012292696154944
12,50,20.34375901527648
12,51,21.225682699697174
12,52,19.588797883607135
12,53,19.36346044908302
12,54,17.268038006597354
12,55,19.063529874213096
12,56,17.022296778030146
12,57,18.65908596118828
12,58,16.387278297192157
12,59,12.851098951422912
12,60,11.962435696062364
12,61,10.115313168345983
12,62,13.115122768715223
12,63,11.916984760141931
12,64,9.84733342805463
12,65,10.288395236999751
12,66,11.156804379004207
12,67,9.913373751768388
12,68,10.586442763755674
12,69,12.604754598012008
12,70,12.457096384328366
12,71,15.884535964730592
12,72,16.643874468731813
12,73,19.770061968473296
12,74,19.352311527125206
12,75,22.671516569029855
12,76,25.038779414045475
12,77,24.586498759400506
12,78,21.965019182557988
12,79,18.746674152703992
12,80,15.271634632478499
12,81,12.255409003576073
12,82,10.305723765090068
12,83,6.943058174521506
12,84,6.498315820443073
12,85,9.238855491565465
12,86,10.660017771093113
12,87,10.692810555441921
12,88,8.687828771315967
12,89,7.2838454659499545
12,90,6.540578311174601
12,91,10.215837699439973
12,92,11.643241244919492
12,93,15.459313078397487
12,94,17.256506644210372
12,95,21.01730500044295
12,96,22.74043465347516
12,97,26.276058055887592
13,1,29.692989660232076
13,2,28.395795411702004
13,3,24.67208904009398
13,4,23.20698297276852
13,5,19.68907220725209
13,6,18.866043699099272
13,7,16.129353228644565
13,8,12.913203112239454
13,9,13.429638655237461
13,10,10.425070373262514
13,11,6.964403578719104
13,12,3.82234344819707
13,14,3.8188629204882556
13,15,6.136827821271595
13,16,9.423110054393627
13,17,11.420394486255523
13,18,12.231945975190008
13,19,15.468332554623725
13,20,18.58443713782746
13,21,21.06038613716325
13,22,24.878216609755526
13,23,25.229656787839726
13,24,23.53562469322513
13,25,20.14448016643793
13,26,16.497330297509652
13,27,14.027060835790913
13,28,10.27926887538942
13,29,8.606693776092674
13,30,5.475014489643347
13,31,5.350415853444069
13,32,6.5344984789881755
13,33,7.160006271668696
13,34,10.287337193089538
13,35,13.775758760294464
13,36,15.98244964024382
13,37,14.41536891954907
13,38,15.814234463155524
13,39,15.018782785717972
13,40,14.954005615776174
13,41,11.81646227051417
13,42,13.004227383940163
13,43,13.124670153216382
13,44,15.509334933490655
13,45,16.57731147232699
13,46,18.6763103870639
13,47,20.537675204906975
13,48,20.180966329333224
13,49,23.638408285761283
13,50,21.911523811832122
13,51,22.173324984978702
13,52,20.35804916307657
13,53,20.390983826302033
13,54,18.375985265673595
13,55,19.777328779673127
13,56,17.93548243583759
13,57,20.222205835168054
13,58,18.418315645051386
13,59,14.657858944013922
13,60,14.087405916403045
13,61,11.970561055246643
13,62,14.65721685295481
13,63,13.222453485940775
13,64,10.667066768065014
13,65,9.660791463259105
13,66,10.769585544730113
13,67,8.986493236985895
13,68,10.482804324669246
13,69,12.067222793275649
13,70,12.579032824700851
13,71,15.772441169960194
13,72,16.82403700348055
13,73,19.797536533640063
13,74,19.271018701424033
13,75,22.657074887348717
13,76,24.544055816166367
13,77,23.89811616945364
13,78,21.466896338945528
13,79,18.686560142589546
13,80,15.462229687768106
13,81,12.642456471503692
13,82,11.723126380627724
13,83,8.952167782079494
13,84,9.759276721877841
13,85,12.57060660286524
13,86,13.563155784898054
13,87,13.23538370345144
13,88,10.394633849455348
13,89,9.445580155511006
13,90,7.3876892009809225
13,91,10.531961917968086
13,92,10.881227391390043
13,93,14.544597501158433
13,94,16.169098138025262
13,95,19.807816707010698
13,96,21.583883931500413
13,97,24.854640230954114
14,1,30.689474732041543
14,2,29.545458377075295
14,3,25.740875101534513
14,4,24.675031262257836
14,5,21.42361154637215
14,6,20.987592928866764
14,7,18.14416534335671
14,8,15.39159859429203
14,9,16.423560513392754
14,10,13.81762791112177
14,11,10.394151354084407
14,12,6.890598938794932
14,13,3.8188629204882556
14,15,3.840161853353576
14,16,6.084716905997396
14,17,7.671322516827454
14,18,8.490299786319744
14,19,11.751891242136917
14,20,14.959072384580947
14,21,17.5951696131743
14,22,21.38042542624443
14,23,22.0004728093472
14,24,20.301666423021867
14,25,17.078579619397114
14,26,13.304520782425866
14,27,10.93543196166499
14,28,7.325001163303066
14,29,6.08183328370895
14,30,4.622793687060226
14,31,6.739218211825032
14,32,9.3195517970686
14,33,10.754034928071972
14,34,13.880756909674265
14,35,17.179689372008063
14,36,18.99650288576365
14,37,16.976112592150326
14,38,17.83938111027995
14,39,17.015750937507047
14,40,16.319532467022487
14,41,12.918239420080631
14,42,14.030472962012578
14,43,13.104123032775728
14,44,15.022196078777958
14,45,15.314773886815981
14,46,17.69677573602311
14,47,19.457490858463444
14,48,19.413643635542147
14,49,23.03272675304768
14,50,21.05135365965138
14,51,20.667437742972357
14,52,18.580428297759468
14,53,18.759260845817373
14,54,16.903251233574036
14,55,17.978727192305296
14,56,16.577527822947918
14,57,19.413373569173263
14,58,18.300745000364387
14,59,14.560000052082751
14,60,14.81125755429995
14,61,13.227505597136124
14,62,16.044250187283478
14,63,15.228787142944949
14,64,13.143658026317398
14,65,11.427030630597315
14,66,11.647401075691358
14,67,8.791758604997037
14,68,9.827000932100615
14,69,10.242871406871242
14,70,10.794017687689657
14,71,13.450048630557177
14,72,14.560732292691075
14,73,17.297032617613567
14,74,16.784753173221965
14,75,20.22208551095528
14,76,21.78159249770583
14,77,21.225329768712047
14,78,19.17427640218198
14,79,16.72597889268245
14,80,14.001525822636465
14,81,11.223394265533424
14,82,11.513069571025396
14,83,9.412301925046298
14,84,11.505561008816422
14,85,14.692758563783698
14,86,15.993275032328611
14,87,16.05837859083491
14,88,12.941137552398043
14,89,11.386423235731028
14,90,8.257132215379452
14,91,10.234850016960326
14,92,9.218148745413783
14,93,12.527454438289341
14,94,13.499916158240653
14,95,16.919900546579335
14,96,18.45087902462985
14,97,21.560536356069896
15,1,30.6218061968287
15,2,29.950781560334814
15,3,26.18049387628045
15,4,25.576010007785403
15,5,22.489551673684105
15,6,22.596424962318036
15,7,20.210012589409146
15,8,17.37396732307271
15,9,18.75628795070411
15,10,16.043672227859606
15,11,12.920587827790378
15,12,9.368203195558182
15,13,6.136827821271595
15,14,3.840161853353576
15,16,3.844540174485414
15,17,7.135110057839206
15,18,8.920268280842887
15,19,11.300152785536628
15,20,14.943340746682042
15,21,17.21428088606782
15,22,20.96664083627715
15,23,22.04146784002414
15,24,20.909410678158768
15,25,17.75717134414846
15,26,13.981992493963213
15,27,10.999184963538132
15,28,8.128584504970421
15,29,5.444631099337941
15,30,5.215787572734249
15,31,6.660529603426007
15,32,10.127782924233218
15,33,11.706115967377363
15,34,15.212542734281921
15,35,18.202116169851266
15,36,19.957527587548977
15,37,17.442168470443697
15,38,18.0945153764501
15,39,18.041594402845984
15,40,17.750319326134655
15,41,14.78903626952067
15,42,16.643508590324277
15,43,15.815456276997494
15,44,18.01573563095251
15,45,18.282409275024406
15,46,20.986367410203282
15,47,22.85818808795072
15,48,23.004157639293542
15,49,26.363982624895566
15,50,24.102651016132608
15,51,23.47476215591994
15,52,20.996141334736055
15,53,20.774443196851085
15,54,18.530058183793045
15,55,18.845150399158303
15,56,17.10986274398695
15,57,20.202391512113724
15,58,19.17144341292752
15,59,15.400314709705395
15,60,15.340444291669417
15,61,13.322385858373218
15,62,15.434104000121346
15,63,14.503871553973802
15,64,12.485339756612392
15,65,9.830437230033557
15,66,9.79437689864303
15,67,6.936732567631918
15,68,8.931376518311321
15,69,9.489535176209623
15,70,11.334516630752665
15,71,13.938568618812436
15,72,15.886179423702055
15,73,18.758611209744235
15,74,18.80853679388736
15,75,22.390030114525537
15,76,23.75491048612694
15,77,23.478629161914647
15,78,21.874473917665355
15,79,19.6765376007091
15,80,17.321042913340495
15,81,14.452024211852208
15,82,15.043110136819926
15,83,12.70296303180423
15,84,14.596536591325389
15,85,17.948851227045317
15,86,19.39367729919676
15,87,19.297874862021267
15,88,16.28868055700626
15,89,14.980404649663729
15,90,12.049208889271537
15,91,14.029161802350119
15,92,12.63787798519011
15,93,15.60563796588923
15,94,15.997016913122561
15,95,19.048828516131675
15,96,20.106639003504
15,97,22.916381446710037
16,1,32.79075258728416
16,2,32.229420884841744
16,3,28.453936517742388
16,4,28.12801347178254
16,5,25.267518875308628
16,6,25.55063446641975
16,7,23.047214301060382
16,8,20.528396916515984
16,9,22.060047444948484
16,10,19.519994069728625
16,11,16.271869421886997
16,12,12.655911055627982
16,13,9.423110054393627
16,14,6.084716905997396
16,15,3.844540174485414
16,17,3.8459858692404283
16,18,6.424742250193139
16,19,8.287624182045596
16,20,12.084359359663516
16,21,14.548448793183276
16,22,18.133823821108088
16,23,19.693980005547232
16,24,18.60281548269944
16,25,15.870863523372348
16,26,12.145989220058388
16,27,9.558212878231924
16,28,7.654240936223178
16,29,6.078605632489579
16,30,7.859295883380211
16,31,10.207933423734213
16,32,13.789848804156795
16,33,15.515080814227206
16,34,18.968124057866962
16,35,21.95701335748794
16,36,23.54763461879087
16,37,20.896658992202422
16,38,21.24840062514615
16,39,21.0855691171399
16,40,20.338578252037955
16,41,17.246377186194163
16,42,18.833491509048166
16,43,17.289351959757106
16,44,18.919382636173097
16,45,18.43973495988534
16,46,21.171408516642483
16,47,22.769491699061007
16,48,23.083753663953715
16,49,26.70278887426938
16,50,24.357743223806914
16,51,23.127064358156098
16,52,20.542196792063674
16,53,20.55637397802791
16,54,18.64203790435156
16,55,18.60761581065704
16,56,17.469165801768114
16,57,20.960552837802723
16,58,20.617662715106135
16,59,17.063954618382688
16,60,17.6830153153728
16,61,16.1877197215808
16,62,18.32851485832986
16,63,17.8334881958103
16,64,16.122899558613064
16,65,13.282736985424405
16,66,12.755391687382465
16,67,9.535679930958521
16,68,10.79731381763038
16,69,10.000271044218854
16,70,11.750404398082635
16,71,13.39498581616327
16,72,15.277411943884374
16,73,17.636570253672225
16,74,17.648123303340213
16,75,21.07069612740107
16,76,21.918923876654063
16,77,21.669107984136268
16,78,20.54391151636524
16,79,18.895487466538547
16,80,17.184070352642305
16,81,14.70563812400233
16,82,16.215415701937097
16,83,14.588056598731399
16,84,17.140612262295804
16,85,20.549657251571773
16,86,22.03190966981008
16,87,22.11814223028811
16,88,18.888424075445382
16,89,17.351847542584213
16,90,13.95427446211245
16,91,15.022044975803105
16,92,12.695424949070542
16,93,14.905035777067352
16,94,14.592512221100241
16,95,17.11056478662056
16,96,17.86109936684177
16,97,20.270425886104405
17,1,35.01371396322413
17,2,34.24287359954083
17,3,30.451253916873856
17,4,30.056607755258778
17,5,27.275825874618167
17,6,27.374415655347068
17,7,24.54827313609379
17,8,22.332213221788123
17,9,23.755754080449385
17,10,21.409942657052596
17,11,17.984744222405883
17,12,14.478826807018185
17,13,11.420394486255523
17,14,7.671322516827454
17,15,7.135110057839206
17,16,3.8459858692404283
17,18,3.858699419116862
17,19,6.10779289639958
17,20,9.594107699214696
17,21,12.712507173781086
17,22,16.09501094458816
17,23,17.804441137644485
17,24,16.240185344911534
17,25,13.975023053944442
17,26,10.356776759041615
17,27,8.922100157176668
17,28,7.608625829155303
17,29,7.956673815805267
17,30,10.139542296428624
17,31,13.138075699043384
17,32,16.482296236890075
17,33,18.201911999773067
17,34,21.46876036271237
17,35,24.62272778444121
17,36,26.158487397450568
17,37,23.679028499465808
17,38,23.960581372851504
17,39,23.316999690596113
17,40,22.03800187982694
17,41,18.659243937843673
17,42,19.599196136907867
17,43,17.42362319743177
17,44,18.278373810582675
17,45,17.037774898025223
17,46,19.496416297850356
17,47,20.656884172328866
17,48,20.987961917707857
17,49,25.07329402153176
17,50,22.884572542562992
17,51,21.19414790679535
17,52,18.828038166208483
17,53,19.403216291127563
17,54,18.140615684844267
17,55,18.306986756684065
17,56,17.972617252072606
17,57,21.58326922249528
17,58,21.76426928674994
17,59,18.446862513424133
17,60,19.722773575708846
17,61,18.790737863512252
17,62,21.324116257920426
17,63,21.11672107767006
17,64,19.48314310652014
17,65,16.89997367333754
17,66,16.30196717607192
17,67,12.842097074804059
17,68,13.33157978279071
17,69,11.661250788792929
17,70,12.453426289863824
17,71,13.196275619228507
17,72,14.324213545950004
17,73,15.955990423706087
17,74,15.448610594849487
17,75,18.530236382182174
17,76,18.894697046600264
17,77,18.405669361533832
17,78,17.493547769123325
17,79,16.362119931974128
17,80,15.190305533034657
17,81,13.351926221422008
17,82,15.60523621703958
17,83,14.893321959038776
17,84,17.988422252886707
17,85,21.2357268652252
17,86,22.602372921989115
17,87,22.899753729060258
17,88,19.504003793199345
17,89,17.748934500106063
17,90,14.029462880265301
17,91,14.086040753958972
17,92,11.028155478638865
17,93,12.38427750188272
17,94,11.61562036422843
17,95,13.726353198094953
17,96,14.53913082448171
17,97,16.714142785442387
18,1,33.31223305738614
18,2,32.3619566494665
18,3,28.606117299626
18,4,28.264196917814047
18,5,25.720557627379165
18,6,25.883943647310698
18,7,22.969971364635818
18,8,21.280918019205465
18,9,23.01174943930842
18,10,21.21040064483906
18,11,18.033835625194598
18,12,14.495840132538182
18,13,12.231945975190008
18,14,8.490299786319744
18,15,8.920268280842887
18,16,6.424742250193139
18,17,3.858699419116862
18,19,3.8292824390282125
18,20,6.71596953395015
18,21,9.935421474160975
18,22,13.471928196816531
18,23,14.615660908756771
18,24,12.788677003363953
18,25,10.306084332789515
18,26,6.6304070655265885
18,27,5.8494430219095985
18,28,5.145712403241648
18,29,7.265734034701495
18,30,9.911154928644535
18,31,13.533796076235465
18,32,16.68089457225764
18,33,18.939334920901143
18,34,21.778023523674456
18,35,24.737989894936803
18,36,25.8155088065378
18,37,23.32484514955469
18,38,23.273136351977435
18,39,22.203462328665776
