1,2,3.8094328199472356
1,3,6.685594339005694
1,4,9.64494328252674
1,5,12.492376991474659
1,6,15.469663015342833
1,7,18.23522726362992
1,8,20.468733806273438
1,9,20.50614296729687
1,10,23.738095988245036
1,11,24.994501323645988
1,12,26.295543284868078
1,13,28.55641538761599
1,14,30.22613420816696
1,15,28.198038667124354
1,16,29.458776148382753
1,17,29.486816277806476
1,18,29.4199145048537
1,19,31.564744820393685
1,20,29.03350580863499
1,21,29.035328729609088
1,22,25.569473485003446
1,23,25.297646051888574
1,24,24.205564946183188
1,25,22.845581154550544
1,26,22.4506111439606
1,27,21.010792913425842
1,28,20.742449180292795
1,29,18.794561588546465
1,30,20.81170796509745
1,31,18.464074340580193
1,32,17.696481233876526
1,33,14.101730420905504
1,34,12.615461693345479
1,35,10.370859687458145
1,36,9.023930174651278
1,37,8.756403168901919
1,38,12.387115304669008
1,39,13.815886753051918
1,40,16.23549243018635
1,41,19.05606999337864
1,42,22.708408525910404
1,43,25.865841002075683
1,44,29.610169502052514
1,45,32.308593149178044
1,46,32.416717738622324
1,47,28.678357331239066
1,48,27.627348027436764
1,49,24.685960157013493
1,50,25.151064599728446
1,51,24.236456105390243
1,52,21.925626570131584
1,53,18.894958728594823
1,54,16.811995496334976
1,55,17.830718518266604
1,56,15.529382855707771
1,57,13.023094510397287
1,58,9.746677281709816
1,59,11.810825749619655
1,60,10.547579244426926
1,61,12.89110718008231
1,62,12.990174648107121
1,63,16.376085522170733
1,64,18.227862168547087
1,65,21.33895500330617
1,66,20.0979264639758
1,67,20.35164050552724
1,68,17.94499734309558
1,69,19.554295301421813
1,70,18.468862755488775
1,71,20.210918117352644
1,72,20.58315388429135
1,73,23.00637717468978
1,74,24.739711455025088
1,75,27.101711709896744
1,76,30.734062664078618
1,77,33.088556215143534
1,78,32.25419352697889
1,79,28.84666613607278
1,80,26.912117233627434
1,81,23.49947868938436
1,82,21.645141079399497
1,83,19.045944575596362
1,84,17.72552602900486
1,85,18.876198317973383
1,86,22.294980187900432
1,87,25.331824902349084
1,88,24.7915856792189
1,89,22.342065455926058
1,90,23.60112197302342
1,91,25.51158350595158
1,92,26.918743040966472
1,93,29.691254466796927
1,94,30.229460561047432
1,95,32.55178214724648
1,96,31.651458837240718
1,97,34.66878512699124
1,98,34.80165418791659
1,99,37.67955682041393
1,100,41.31138635984831
2,1,3.8094328199472356
2,3,3.8073180523747463
2,4,6.606638386265472
2,5,8.92380835316631
2,6,12.046224834757028
2,7,14.591538582015444
2,8,16.877039320563895
2,9,17.06551456717459
2,10,20.369620235551494
2,11,21.93812970012551
2,12,23.304732477038353
2,13,25.831796418306343
2,14,27.725022797708466
2,15,25.987861620978947
2,16,27.648403588622884
2,17,28.1163948315277
2,18,28.450689024790282
2,19,30.961830887189187
2,20,28.695785695885085
2,21,28.325180862718565
2,22,24.707674322372828
2,23,23.89089554883358
2,24,22.52984112525591
2,25,20.67164060081305
2,26,19.945020142292567
2,27,18.062999992539993
2,28,17.447691410542983
2,29,15.217041656831086
2,30,17.055230932072778
2,31,14.654658889231937
2,32,13.991968214073106
2,33,10.430051153903515
2,34,8.995541514862515
2,35,7.0370442106572195
2,36,5.300469670283733
2,37,5.834437912652067
2,38,9.620439538270762
2,39,11.423384747704448
2,40,14.360716642726304
2,41,17.4989742252939
2,42,21.241105005975513
2,43,24.28304665051031
2,44,28.084123910545912
2,45,30.464480593477024
2,46,30.59541832973949
2,47,26.85128914567547
2,48,26.269960419432568
2,49,23.614543846971866
2,50,24.305089356898357
2,51,23.794595022170732
2,52,21.2881225435697
2,53,18.52343219787304
2,54,16.23824667076367
2,55,17.595054768134162
2,56,14.96745944056372
2,57,12.850196835207765
2,58,9.369010579271306
2,59,10.207682503185838
2,60,8.063220185233806
2,61,9.76142878416853
2,62,10.220286217850974
2,63,13.303278997213063
2,64,14.746037764277004
2,65,18.051083253815385
2,66,17.1544288926832
2,67,17.494095392317313
2,68,15.43776076839138
2,69,17.535085531505512
2,70,16.707026371348782
2,71,19.0059509610155
2,72,19.537160245960003
2,73,22.3371530089141
2,74,23.771082740675368
2,75,26.38025279800204
2,76,30.01937154510526
2,77,32.02724573436132
2,78,30.810538227785575
2,79,27.30331883289992
2,80,24.987108841235404
2,81,21.541644141621354
2,82,19.332190721502073
2,83,16.40499095873865
2,84,14.754068396015342
2,85,16.064965527871337
2,86,19.52635157123277
2,87,22.309507741410783
2,88,21.5075352306884
2,89,19.28638620158171
2,90,20.6184184726308
2,91,22.879279513360807
2,92,24.510761604666556
2,93,27.540234268196087
2,94,28.41790080272994
2,95,31.063190455413416
2,96,30.553365061405042
2,97,33.798512825427274
2,98,34.33443492656845
2,99,37.350025499029286
2,100,40.92232882898793
3,1,6.685594339005694
3,2,3.8073180523747463
3,4,3.817573899919652
3,5,6.685565089363328
3,6,9.019246735518168
3,7,12.100573111244898
3,8,14.855868936189273
3,9,15.788475143314768
3,10,19.40550394013084
3,11,21.39378031579079
3,12,23.256155467711494
3,13,25.92674396457124
3,14,27.750323831063348
3,15,26.078416329349594
3,16,28.095874921340016
3,17,28.74345398730999
3,18,29.538911009886508
3,19,32.19214217838551
3,20,29.89586172556889
3,21,29.061250472199845
3,22,25.500713247009454
3,23,24.404647865097424
3,24,23.277012918480466
3,25,21.030405084608034
3,26,20.4361584152515
3,27,18.06722229031172
3,28,17.307386825358616
3,29,14.5268704584517
3,30,15.763592597255018
3,31,12.996609714750491
3,32,12.636055658681599
3,33,8.919490288727076
3,34,8.86657350016044
3,35,8.076803523313261
3,36,5.300669257806796
3,37,5.901839661217482
3,38,9.095471790974045
3,39,9.948600625715207
3,40,13.377793732786559
3,41,16.19709735984771
3,42,20.003303391284703
3,43,22.635611598180326
3,44,26.428905810530466
3,45,28.589561586418192
3,46,28.349678864951287
3,47,24.56191664699107
3,48,24.13784166753185
3,49,21.85261782971037
3,50,23.092397370104333
3,51,23.166788105759867
3,52,20.99209400085903
3,53,18.7707652424159
3,54,16.98235396654052
3,55,19.032706183257385
3,56,16.753634105975248
3,57,14.416537349377755
3,58,11.415181463542158
3,59,11.714408495109334
3,60,9.577189040961647
3,61,10.669783541046854
3,62,11.926078238451169
3,63,14.33977548906597
3,64,14.84005158333349
3,65,18.473652787127612
3,66,18.152466155449392
3,67,18.319095066006927
3,68,16.52566803424658
3,69,18.769447627642425
3,70,17.667036808485417
3,71,20.068375602975554
3,72,20.121031982561796
3,73,22.81928676257036
3,74,23.659173827329706
3,75,26.065234366490227
3,76,29.772237489726194
3,77,31.470693325871345
3,78,29.922985118900403
3,79,26.26496030293909
3,80,23.712449854757025
3,81,20.533820052222982
3,82,17.840374333528665
3,83,15.098681676792376
3,84,12.75815517357933
3,85,13.349537046684498
3,86,16.526718428459656
3,87,19.40402572854243
3,88,18.97768060990013
3,89,17.062276207938513
3,90,18.989972261697062
3,91,21.32178482690086
3,92,23.456745963614388
3,93,26.479468382721436
3,94,27.803283762779216
3,95,30.593393597852653
3,96,30.472676207003186
3,97,33.879702809376994
3,98,34.71518183879521
3,99,37.955702859912456
3,100,41.38669937720804
4,1,9.64494328252674
4,2,6.606638386265472
4,3,3.817573899919652
4,5,3.805138923546291
4,6,6.121366672268943
4,7,9.219291404594133
4,8,11.64358490387386
4,9,12.617100661206635
4,10,16.3235596278428
4,11,18.307895981855964
4,12,20.554445008086624
4,13,23.133624552848435
4,14,24.77407817348321
4,15,23.09633088172071
4,16,25.32536032877557
4,17,26.126854784661433
4,18,27.306619876208106
4,19,30.111904322656706
4,20,27.922595467832778
4,21,26.687036836736592
4,22,23.17555337087512
4,23,21.778593415218293
4,24,20.81047124770728
4,25,18.320990190601535
4,26,17.961895899068878
4,27,15.427815718817719
4,28,14.962399989555648
4,29,12.187072097505432
4,30,13.485017677978432
4,31,11.161497732663918
4,32,11.911949246005761
4,33,8.721481192794007
4,34,8.920480192860081
4,35,8.861783334512772
4,36,5.2031844019516145
4,37,4.5271945900525745
4,38,6.306132404735224
4,39,6.516849946672517
4,40,10.195773247054243
4,41,12.99240757176486
4,42,16.75047879397143
4,43,19.234593051508163
4,44,23.014656837996736
4,45,24.99688521628475
4,46,24.82162032832151
4,47,21.06715504111586
4,48,20.936236678203837
4,49,18.847635918794307
4,50,20.196343103187118
4,51,20.61564843908
4,52,18.434147015091934
4,53,16.65388753081011
4,54,15.073005971492844
4,55,17.584702436172954
4,56,15.57503518411356
4,57,13.404980606680672
4,58,11.025993587043354
4,59,10.503278025029047
4,60,8.780107850471653
4,61,9.692607391071066
4,62,12.0616123581399
4,63,14.086384722431102
4,64,13.786720960452413
4,65,17.378024013531796
4,66,17.082218176081714
4,67,16.64024066234064
4,68,14.834691092661762
4,69,16.925973982061112
4,70,15.537070271890139
4,71,17.989588047086627
4,72,17.758670708982834
4,73,20.473213523532742
4,74,20.888333047861657
4,75,23.311743155415396
4,76,26.97512040171968
4,77,28.38628454239078
4,78,26.596516048314843
4,79,22.900620060566165
4,80,20.169922864542723
4,81,17.090283178571507
4,82,14.190837766807043
4,83,11.494856811152676
4,84,8.978816738333649
4,85,9.61461060705703
4,86,12.952589904489821
4,87,15.802880013753429
4,88,15.36039506323264
4,89,13.283324386712126
4,90,15.286153537030586
4,91,17.582654908398744
4,92,19.874482494508637
4,93,22.906131735097617
4,94,24.450655724182838
4,95,27.364007756434983
4,96,27.536856806102033
4,97,31.062716678616432
4,98,32.193684593786635
4,99,35.559057307980645
4,100,38.86899258886172
5,1,12.492376991474659
5,2,8.92380835316631
5,3,6.685565089363328
5,4,3.805138923546291
5,6,3.818264848134629
5,7,5.81394429074132
5,8,8.181160764898026
5,9,9.331028017006755
5,10,13.062362696876109
5,11,15.476140380282118
5,12,17.661930171786214
5,13,20.54986594989651
5,14,22.510387513370837
5,15,21.31671640070521
5,16,23.940261659036818
5,17,25.269185407007363
5,18,26.76678396262366
5,19,29.885165900228092
5,20,28.110367007199535
5,21,26.646484021724763
5,22,23.073427011988198
5,23,21.110701256479963
5,24,19.73267239435342
5,25,16.758163927882027
5,26,15.866530043464548
5,27,12.833497064207362
5,28,11.82309235034756
5,29,8.69249710878034
5,30,9.69428503752418
5,31,7.516716865818023
5,32,8.905967660398481
5,33,6.509389804478753
5,34,6.954412462377595
5,35,7.94833252256132
5,36,4.926002410553546
5,37,5.506907068392741
5,38,5.775472230534361
5,39,6.794337769982638
5,40,10.484458998171789
5,41,13.520241836938462
5,42,17.0117570799975
5,43,19.31165248481695
5,44,22.99150470065765
5,45,24.503427467250216
5,46,24.532628954626023
5,47,20.9352034404773
5,48,21.479926425358446
5,49,19.783247543439327
5,50,21.12479880970881
5,51,21.805500518510737
5,52,19.375115381700304
5,53,17.86430258071209
5,54,16.00339814088974
5,55,18.40215786466932
5,56,16.11065092469278
5,57,14.73722347819468
5,58,12.464939633490683
5,59,10.749342451255927
5,60,8.471471566983416
5,61,7.947045701247264
5,62,10.664793933821466
5,63,11.79489321446289
5,64,10.699924775710894
5,65,14.2833740146759
5,66,14.450669428534903
5,67,14.094856880833273
5,68,12.971991172726383
5,69,15.530168883101668
5,70,14.711397131125365
5,71,17.681315762989414
5,72,17.850050092871175
5,73,20.904733277125942
5,74,21.13254110699696
5,75,23.846721649949867
5,76,27.332766701761276
5,77,28.360583932022156
5,78,26.229662811012233
5,79,22.590446296213187
5,80,19.482255311012633
5,81,16.420100327376495
5,82,13.278002047599385
5,83,10.090248836455757
5,84,7.233394262184838
5,85,8.528757896131197
5,86,11.82525829498787
5,87,13.952453210622377
5,88,12.782959742811787
5,89,11.127385667559194
5,90,12.998598228815666
5,91,15.877705122650397
5,92,18.294176229979584
5,93,21.6486236579712
5,94,23.49569089280866
5,95,26.731539170082
5,96,27.28652991602215
5,97,30.941836175978665
5,98,32.43332363228
5,99,35.789971057497944
5,100,39.01967911387323
6,1,15.469663015342833
6,2,12.046224834757028
6,3,9.019246735518168
6,4,6.121366672268943
6,5,3.818264848134629
6,7,3.7913403407954562
6,8,7.0906829556746365
6,9,9.659270340857192
6,10,13.398458558270917
6,11,16.28355061488351
6,12,18.88732196842573
6,13,21.827916964297714
6,14,23.676600906508607
6,15,22.686208119300495
6,16,25.61202723682336
6,17,27.119242455516435
6,18,29.012443407370593
6,19,32.187953191091985
6,20,30.450381904769845
6,21,28.61155533541254
6,22,25.212644649672693
6,23,23.04257606902936
6,24,21.920326625045902
6,25,18.71432952761476
6,26,17.95158036541283
6,27,14.62177203558873
6,28,13.43468418628316
6,29,10.010088711861412
6,30,9.718127512011575
6,31,7.31988763166553
6,32,9.15886447463534
6,33,7.520290400376935
6,34,9.487762970955753
6,35,11.143252232779162
6,36,8.533168311654492
6,37,9.125055106063678
6,38,8.749425099183664
6,39,8.384693630211357
6,40,11.878930589258802
6,41,14.158743933515359
6,42,17.38366241680721
6,43,18.993994187003
6,44,22.491638726738998
6,45,23.581837738040036
6,46,23.15601015474795
6,47,19.633473629657004
6,48,20.530045931575852
6,49,19.462286247012003
6,50,21.39226838827108
6,51,22.70927761047285
6,52,20.723061834013073
6,53,19.829053023632362
6,54,18.504318169923145
6,55,21.27638928339186
6,56,19.337902195282215
6,57,17.863139263282292
6,58,15.940302973605949
6,59,14.230191104794056
6,60,12.209981777366918
6,61,11.354808331556134
6,62,14.006967824530077
6,63,14.4696208128109
6,64,12.593821302457421
6,65,16.090549868174545
6,66,16.914987440328662
6,67,16.536992259664885
6,68,15.865594543339332
6,69,18.372027849927527
6,70,17.444659879582773
6,71,20.308334085023997
6,72,20.075313254535377
6,73,22.884526505539302
6,74,22.518279698600686
6,75,24.929260401651614
6,76,28.349064111893043
6,77,28.981149196592057
6,78,26.49976469852419
6,79,22.81995454191551
6,80,19.496574616209585
6,81,16.96601145599637
6,82,13.384175987091327
6,83,10.765268128136636
6,84,7.130649472385133
6,85,6.882822998126994
6,86,9.308944664816396
6,87,11.256006051841815
6,88,10.571764389466008
6,89,9.805075188307937
6,90,12.561918275641718
6,91,15.490794020150371
6,92,18.49485163757771
6,93,21.735723815676156
6,94,24.09510751141346
6,95,27.42434946386693
6,96,28.42062994993799
6,97,32.152882011925335
6,98,33.93170948263809
6,99,37.433946370039074
6,100,40.470604585604214
7,1,18.23522726362992
7,2,14.591538582015444
7,3,12.100573111244898
7,4,9.219291404594133
7,5,5.81394429074132
7,6,3.7913403407954562
7,8,3.817153865981064
7,9,6.99950302869296
7,10,10.430609378946146
7,11,13.746063810252862
7,12,16.24326741441152
7,13,19.390261247925142
7,14,21.490219920633983
7,15,21.03696496628294
7,16,24.275122536660067
7,17,26.25518391117393
7,18,28.411421392016244
7,19,31.813389405201708
7,20,30.49262018625539
7,21,28.484198350339376
7,22,25.115156116283675
7,23,22.488604192147456
7,24,21.03846092965066
7,25,17.510285330920222
7,26,16.302510626150575
7,27,12.666943020639565
7,28,11.010743361838573
7,29,7.544681835279134
7,30,6.417134987409924
7,31,4.865450518892693
7,32,7.924443801859218
7,33,7.9502070661878905
7,34,9.723561134828829
7,35,11.92031075573816
7,36,10.099569306181557
7,37,10.98889801325689
7,38,9.761247716504878
7,39,9.972588563495144
7,40,12.939184868428027
7,41,15.272074789180348
7,42,18.056727085410238
7,43,19.482374541817514
7,44,22.755770730465695
7,45,23.36489908227513
7,46,23.248985762982326
7,47,20.02181676820071
7,48,21.53821690645312
7,49,20.79309691426158
7,50,22.540069571586603
7,51,23.968267328727883
7,52,21.767559780420765
7,53,21.083201493705793
7,54,19.5471954942407
7,55,22.115234819723966
7,56,20.040624899417345
7,57,19.23938872546638
7,58,17.496049716561377
7,59,15.057487461311242
7,60,12.951951977985958
7,61,11.187421543629295
7,62,13.885949142988736
7,63,13.443475770843996
7,64,10.74357638638935
7,65,13.823466015399935
7,66,15.106854532125897
7,67,14.710042330724688
7,68,14.78546850682431
7,69,17.478235024976794
7,70,17.082644710421263
7,71,20.223378707077995
7,72,20.34100587247535
7,73,23.34966774855618
7,74,22.854498729307963
7,75,25.488548070431744
7,76,28.658815908461
7,77,28.93434082342411
7,78,26.198099389973926
7,79,22.690712731819513
7,80,19.12724338371264
7,81,16.723384479375
7,82,13.189203644370192
7,83,10.381001156477186
7,84,7.088627898379342
7,85,7.658521719359174
7,86,9.583554772143737
7,87,10.265987628563135
7,88,8.460805456487384
7,89,8.46665519138054
7,90,10.796896540896274
7,91,14.227967160696434
7,92,17.200070111905653
7,93,20.65855921166184
7,94,23.235763028335565
7,95,26.797550499707185
7,96,28.12654009318511
7,97,31.90547585548534
7,98,33.98790829893209
7,99,37.4239486244721
7,100,40.35678773669888
8,1,20.468733806273438
8,2,16.877039320563895
8,3,14.855868936189273
8,4,11.64358490387386
8,5,8.181160764898026
8,6,7.0906829556746365
8,7,3.817153865981064
8,9,3.806054530221713
8,10,6.863340575156322
8,11,10.243842558200223
8,12,12.961611485974938
8,13,15.990998171765924
8,14,18.019096157127166
8,15,17.835882990522872
8,16,21.267920104097165
8,17,23.542156514571914
8,18,25.970263506643413
8,19,29.492718213391324
8,20,28.504294912631412
8,21,26.283315238246782
8,22,23.050620492414357
8,23,20.08492553684683
8,24,18.568293296553232
8,25,14.880200177746389
8,26,13.669321555017888
8,27,10.028654159719062
8,28,8.718939116078037
8,29,6.108195911162229
8,30,5.358002557378705
8,31,6.3248901684979995
8,32,10.074752462432205
8,33,10.829579316965647
8,34,11.681981589322604
8,35,13.712515244969264
8,36,12.04934283445003
8,37,12.316857454010725
8,38,10.022365339200181
8,39,10.29963222933281
8,40,12.346543411731934
8,41,14.522865799703899
8,42,16.74338714834364
8,43,18.05103133315189
8,44,21.075365694885697
8,45,21.370837393394986
8,46,21.725639968257557
8,47,18.808621746243492
8,48,20.757484423049736
8,49,20.17370692271398
8,50,21.573098496222634
8,51,23.026469784658847
8,52,20.676098798624356
8,53,20.304471576302884
8,54,18.765484880861333
8,55,21.21052275418537
8,56,19.32124517558119
8,57,19.09456481473933
8,58,17.89618326872223
8,59,14.939622681239458
8,60,13.388976106752153
8,61,11.492841938355497
8,62,14.540238206838957
8,63,13.76973288183712
8,64,10.685277793124328
8,65,12.979003530216907
8,66,14.039156987216614
8,67,12.955593254603265
8,68,13.307935329323723
8,69,15.663709397593374
8,70,15.412435078825862
8,71,18.517328190213547
8,72,18.73506714683135
8,73,21.7536161777234
8,74,21.061433824241163
8,75,23.823766174382705
8,76,26.709795553507686
8,77,26.68175102326613
8,78,23.7984642559574
8,79,20.504427643750294
8,80,16.84296692001811
8,81,14.585054694900796
8,82,11.318013076710075
8,83,8.591934001252731
8,84,6.30089640214579
8,85,7.857824567592015
8,86,9.55005491148142
8,87,9.283602507156726
8,88,6.33279483262011
8,89,6.301811438440298
8,90,7.70197843329306
8,91,11.400083382185796
8,92,14.176216065638496
8,93,17.742550544753513
8,94,20.407136885145402
8,95,24.094901898425572
8,96,25.675329967541025
8,97,29.45009238139615
8,98,31.77967356737417
8,99,35.14751260960514
8,100,37.95303979746447
9,1,20.50614296729687
9,2,17.06551456717459
9,3,15.788475143314768
9,4,12.617100661206635
9,5,9.331028017006755
9,6,9.659270340857192
9,7,6.99950302869296
9,8,3.806054530221713
9,10,3.8124250420074874
9,11,6.769692801685868
9,12,9.42265194793242
9,13,12.406265562174859
9,14,14.542104841415
9,15,14.377941860718822
9,16,17.776581317461474
9,17,20.185556055792496
9,18,22.544797777548425
9,19,26.148942444601268
9,20,25.402709551239756
9,21,23.28835001920829
9,22,20.018717201298372
9,23,16.89127571975627
9,24,15.057858764178619
9,25,11.305597936056888
9,26,9.891114361339584
9,27,6.273481079423397
9,28,5.586815708110448
9,29,4.4582394462414
9,30,5.8363364457353715
9,31,8.08206492032469
9,32,11.661375135778087
9,33,12.370746944140292
9,34,12.03124326592816
9,35,13.573402588312275
9,36,12.137789889565141
9,37,11.903807362700205
9,38,9.022427764813983
9,39,10.029050819641805
9,40,11.291756193163328
9,41,13.782809640850354
9,42,15.738566540563337
9,43,17.48715463585491
9,44,20.460269329756613
9,45,20.922038932370985
9,46,21.929501969010282
9,47,19.16254666457278
9,48,21.0344502171634
9,49,20.087697140840618
9,50,20.82147873058563
9,51,21.821355868446368
9,52,19.066772401069667
9,53,18.525141011201807
9,54,16.642434870686724
9,55,18.68487381997935
9,56,16.746840043945554
9,57,17.147279429207863
9,58,16.287393239254307
9,59,12.917867497637106
9,60,11.851631360507518
9,61,10.012644661890413
9,62,13.2559212162538
9,63,12.573687588607612
9,64,9.771465652338717
9,65,11.390408296992518
9,66,11.659328822503939
9,67,9.824650561034728
9,68,10.118600274137853
9,69,12.196948824600112
9,70,12.215560877376415
9,71,15.405740373364344
9,72,16.042594995342487
9,73,19.25471161061764
9,74,18.855971594384947
9,75,21.944477546019705
9,76,24.659163333886074
9,77,24.7255307040619
9,78,22.03675869832448
9,79,18.944289723716558
9,80,15.432981149684073
9,81,12.828548464351284
9,82,10.242091960522536
9,83,7.144727889686327
9,84,6.570432026955144
9,85,9.50407305326151
9,86,11.721941023733756
9,87,11.510491567251012
9,88,8.256318981662544
9,89,7.011918471009408
9,90,6.431933296577154
9,91,10.10066107845054
9,92,12.031611382408709
9,93,15.794107354529613
9,94,18.038928823562348
9,95,21.74855871022193
9,96,23.149503944412
9,97,26.866444861166293
9,98,29.157780695391377
9,99,32.366713907411835
9,100,35.23224662647237
10,1,23.738095988245036
10,2,20.369620235551494
10,3,19.40550394013084
10,4,16.3235596278428
10,5,13.062362696876109
10,6,13.398458558270917
10,7,10.430609378946146
10,8,6.863340575156322
10,9,3.8124250420074874
10,11,3.824175514337722
10,12,6.2855689939240325
10,13,9.312612926216518
10,14,11.696159558299199
10,15,12.357508003085659
10,16,15.988930532535642
10,17,18.9150460495431
10,18,21.504931178051198
10,19,25.23326249057774
10,20,25.034426744947098
10,21,22.813789763385472
10,22,19.788243551396047
10,23,16.297882227688568
10,24,14.188640845125132
10,25,10.416561055723543
10,26,8.614821629189986
10,27,5.483538139573786
10,28,5.2069591648071105
10,29,6.321810946662713
10,30,7.443827298937081
10,31,10.719808795763276
10,32,14.171625343845468
10,33,15.493892487702103
10,34,14.854739025393323
10,35,16.343728129089467
10,36,15.392575231437124
10,37,15.141046999349548
10,38,12.109822408578339
10,39,13.232794547592894
10,40,13.731527329142423
10,41,15.901128482062292
10,42,17.158361689233818
10,43,18.682309303363464
10,44,21.198518011291135
10,45,21.237880134365724
10,46,22.711708937505232
10,47,20.431248917864053
10,48,22.65714410423933
10,49,21.928188494429925
10,50,22.294982883624296
10,51,23.230557908587425
10,52,20.393952164046503
10,53,20.09566006391899
10,54,18.179211460469446
10,55,19.806321329754642
10,56,18.002771068740355
10,57,19.082755003876283
10,58,18.609617904189967
10,59,14.994256120595546
10,60,14.288761851680388
10,61,12.26750895146384
10,62,15.158111754527818
10,63,13.949075857813718
10,64,11.054368634950366
10,65,11.410673128853388
10,66,11.604901327840615
10,67,9.342593573032518
10,68,10.44605902948198
10,69,12.039104904949737
10,70,12.673391427292872
10,71,15.693284578746534
10,72,16.678364518335925
10,73,19.816487734682593
10,74,19.342980966125282
10,75,22.51412481764143
10,76,24.776596483577016
10,77,24.489362188779864
10,78,21.72830707553856
10,79,19.09111454239291
10,80,15.701654324252825
10,81,13.477093606544429
10,82,11.67944152126543
10,83,9.23785596612506
10,84,9.781121774638805
10,85,12.638750002793284
10,86,14.328427425093706
10,87,13.342546011582739
10,88,9.723408016389063
10,89,8.995978490041793
10,90,6.970466169766871
10,91,10.188539333360684
10,92,11.297306431125778
10,93,14.98383676703875
10,94,17.14965290740285
10,95,20.90847809014448
10,96,22.566430615168827
10,97,26.1593509888851
10,98,28.69516569256166
10,99,31.70642876543619
10,100,34.39900975528555
11,1,24.994501323645988
11,2,21.93812970012551
11,3,21.39378031579079
11,4,18.307895981855964
11,5,15.476140380282118
11,6,16.28355061488351
11,7,13.746063810252862
11,8,10.243842558200223
11,9,6.769692801685868
11,10,3.824175514337722
11,12,3.82389521814395
11,13,5.832648454350319
11,14,7.92471543059815
11,15,8.638210242530192
11,16,12.289939947489763
11,17,15.40185436926424
11,18,18.090297470728277
11,19,21.841537958737824
11,20,21.957232367287332
11,21,19.706634923404234
11,22,16.887289136687382
11,23,13.23456279563371
11,24,11.060531249623407
11,25,7.489299890264917
11,26,6.100022164816709
11,27,4.638333023788896
11,28,6.553666125096017
11,29,9.055978909617943
11,30,10.999862439886584
11,31,14.189305419586788
11,32,17.488679436528955
11,33,18.50275997410639
11,34,17.32043596232506
11,35,18.32622808423603
11,36,17.306441680259773
11,37,16.43872914565683
11,38,13.119073774006543
11,39,14.225599951671736
11,40,13.753247979265003
11,41,15.660328922037502
11,42,16.313695560077875
11,43,17.977193584837487
11,44,20.19115179285817
11,45,20.309832355368233
11,46,22.369052488208585
11,47,20.397916353552084
11,48,22.51708780196206
11,49,21.60791172125685
11,50,21.351652267964067
11,51,21.931852703420144
11,52,18.950857058851344
11,53,18.77479932006218
11,54,16.88277390767281
11,55,18.111381666360902
11,56,16.685271725616257
11,57,18.308972156082426
11,58,18.482586582851095
11,59,14.860605927057454
11,60,15.008326689864836
11,61,13.584966038030167
11,62,16.4838884726262
11,63,15.664535449417645
11,64,13.393568511251935
11,65,13.179244459708146
11,66,12.39650479610303
11,67,9.256900290371195
11,68,9.875543109952872
11,69,10.281135708384008
11,70,10.902347466392516
11,71,13.427068415122573
11,72,14.578189923745349
11,73,17.556064569954692
11,74,17.17023380963628
11,75,20.443186719683528
11,76,22.34492222574517
11,77,22.017303009955267
11,78,19.481856128450833
11,79,17.248873238251235
11,80,14.255604351830794
11,81,12.102176545171927
11,82,11.40704468692629
11,83,9.554960110128471
11,84,11.420465490079431
11,85,14.550213185216396
11,86,16.325476359185025
11,87,15.464706306225827
11,88,12.135338419618874
11,89,10.700330619444681
11,90,7.529343487577164
11,91,9.569328585098976
11,92,9.334601499014408
11,93,12.820779010850073
11,94,14.429929685600838
11,95,18.07906337075233
11,96,19.63501652749428
11,97,23.08351223768077
11,98,25.64573394569622
11,99,28.479861130730537
11,100,31.12241470783794
12,1,26.295543284868078
12,2,23.304732477038353
12,3,23.256155467711494
12,4,20.554445008086624
12,5,17.661930171786214
12,6,18.88732196842573
12,7,16.24326741441152
12,8,12.961611485974938
12,9,9.42265194793242
12,10,6.2855689939240325
12,11,3.82389521814395
12,13,3.7854906045870855
12,14,7.282087720271927
12,15,9.050190869372056
12,16,12.25105810451529
12,17,15.655278387379562
12,18,17.932628376000586
12,19,21.71496993732591
12,20,22.331727217674718
12,21,20.51532430886102
12,22,17.751902755182222
12,23,14.158964152767824
12,24,11.264288336970303
12,25,8.230436374309878
12,26,5.583341949658215
12,27,5.371575305306882
12,28,6.674206219570149
12,29,10.14883916882786
12,30,12.2159007124193
12,31,15.628467366304264
12,32,18.473955337894168
12,33,19.798022824627367
12,34,18.133235327178873
12,35,18.978038436477675
12,36,18.657935504422003
12,37,18.153319360650666
12,38,15.225153142054
12,39,17.008955174174016
12,40,16.639121564321954
12,41,18.845250605593883
12,42,19.534333797360713
12,43,21.420852350637293
12,44,23.548555963930678
12,45,23.7017259590323
12,46,25.96871576384529
12,47,24.099162417494252
12,48,26.13068122537991
12,49,25.042383307474
12,50,24.488198349002474
12,51,24.680073481199678
12,52,21.462144673072174
12,53,20.911770678308443
12,54,18.589149771079974
12,55,19.103042686462246
12,56,17.337745828658335
12,57,19.568866829963614
12,58,19.596711443802505
12,59,15.874609822908155
12,60,15.87311172211695
12,61,14.123077907907883
12,62,16.339909200751777
12,63,15.125778416790757
12,64,13.223830217563906
12,65,11.966085525370328
12,66,10.864542128552277
12,67,7.821430187625873
12,68,9.374208777763565
12,69,9.719849470484773
12,70,11.545743197757256
12,71,14.122420880441886
12,72,16.08969666013069
12,73,19.192859120968325
12,74,19.3500420979143
12,75,22.797223102465654
12,76,24.46234792759317
12,77,24.259678041669712
12,78,22.03353347785126
12,79,20.142836880498642
12,80,17.476691677800087
12,81,15.25237226021016
12,82,14.942253302398166
12,83,12.87990603004144
12,84,14.694706244615482
12,85,18.017595556681105
12,86,19.977179465830236
12,87,19.102629511448935
12,88,15.624257267818384
12,89,14.400370413611764
12,90,11.347473920847282
12,91,13.248144755534573
12,92,12.448938372406353
12,93,15.616869221281616
12,94,16.632746998850923
12,95,20.02666032731034
12,96,21.28814546003325
12,97,24.46211946359831
12,98,26.86233590768778
12,99,29.341636880147977
12,100,32.00728010576737
13,1,28.55641538761599
13,2,25.831796418306343
13,3,25.92674396457124
13,4,23.133624552848435
13,5,20.54986594989651
13,6,21.827916964297714
13,7,19.390261247925142
13,8,15.990998171765924
13,9,12.406265562174859
13,10,9.312612926216518
13,11,5.832648454350319
13,12,3.7854906045870855
13,14,3.7586787713100267
13,15,6.337125096963759
13,16,9.247270224816678
13,17,12.91225480946645
13,18,15.359157805999121
13,19,19.06994815751043
13,20,20.144222497802943
13,21,18.24122245794048
13,22,15.959322780953187
13,23,12.347481294487576
13,24,9.705169242326251
13,25,7.630748807824339
13,26,6.3161961734002885
13,27,7.932082003410509
13,28,10.189917555138509
13,29,13.66457759589401
13,30,15.870639875664159
13,31,19.219393032257397
13,32,22.14079387399143
13,33,23.252719099831655
13,34,21.46046961830496
13,35,22.04873276144992
13,36,21.50965993507746
13,37,20.510495460025474
13,38,17.379302678998638
13,39,18.84133956935516
13,40,17.730427924233393
13,41,19.4567582096513
13,42,19.48653632688315
13,43,21.244840192411836
13,44,22.919886375322903
13,45,23.001966363603177
13,46,25.70593986220315
13,47,24.24037243913272
13,48,26.229680003614142
13,49,25.153740959360515
13,50,24.12856397713645
13,51,24.109455269982742
13,52,20.971669933670807
13,53,20.72319718898086
13,54,18.675385495835066
13,55,18.868383091530117
13,56,17.698372742097423
13,57,20.255695607265327
13,58,20.930789810506404
13,59,17.413658089059194
13,60,18.13190115673149
13,61,16.956456113249946
13,62,19.229691091440593
13,63,18.381960641741035
13,64,16.81071431635209
13,65,15.464591547413518
13,66,13.906305747359644
13,67,10.584001757433487
13,68,11.396728046643892
13,69,10.446014418452412
13,70,11.91410745380169
13,71,13.57178446414843
13,72,15.447224990871673
13,73,18.086760429391497
13,74,18.173029508583223
13,75,21.487705415192355
13,76,22.63653590283087
13,77,22.253161466713298
13,78,20.267176649285545
13,79,18.947855424474582
13,80,16.810645216439855
13,81,15.003010474222986
13,82,15.608132048572314
13,83,14.288409606194879
13,84,16.789386619183748
13,85,20.05186132899623
13,86,21.857779810749737
13,87,20.947110070200818
13,88,17.723287413585812
13,89,16.227629856542702
13,90,12.700939511381838
13,91,13.576964837848747
13,92,11.751346157001786
13,93,14.255256790676254
13,94,14.65505733364245
13,95,17.723527854969728
13,96,18.957128467897853
13,97,21.84510804447275
13,98,24.32353612108918
13,99,26.560326753012244
13,100,29.049005852951442
14,1,30.22613420816696
14,2,27.725022797708466
14,3,27.750323831063348
14,4,24.77407817348321
14,5,22.510387513370837
14,6,23.676600906508607
14,7,21.490219920633983
14,8,18.019096157127166
14,9,14.542104841415
14,10,11.696159558299199
14,11,7.92471543059815
14,12,7.282087720271927
14,13,3.7586787713100267
14,15,3.776457106736838
14,16,6.463569016394072
14,17,10.247274700863288
14,18,13.172801412888616
14,19,16.72711189535407
14,20,18.01746459580134
14,21,15.767608759204393
14,22,14.075368730659372
14,23,10.511976416093981
14,24,8.791646185120795
14,25,7.75036832770676
14,26,8.249982424377217
14,27,10.41970115773443
14,28,13.28318227777601
14,29,16.512273586826154
14,30,18.776339846181532
14,31,21.991621653159896
14,32,25.109632977915062
14,33,25.94398883324421
14,34,24.228194057555324
14,35,24.67697397627396
14,36,23.71560979258081
14,37,22.197479706706265
14,38,18.82925909959677
14,39,19.738045409167665
14,40,17.940515318757537
14,41,19.017214671171676
14,42,18.338510604074457
14,43,19.81970620994719
14,44,20.997414707778148
14,45,20.994944467573866
14,46,24.045626220409293
14,47,22.992017872097357
14,48,24.92603646085059
14,49,23.952085079661714
14,50,22.56876138799684
14,51,22.494495742114037
14,52,19.61168250579135
14,53,19.862899788097522
14,54,18.345300115087348
14,55,18.544256988877486
14,56,18.138750660040262
14,57,20.663152059287523
14,58,21.97121535025007
14,59,18.746740097544475
14,60,20.09042291322048
14,61,19.479659482738562
14,62,22.02946423835651
14,63,21.5849633835412
14,64,20.09512978523982
14,65,19.0406658781179
14,66,17.30319272392878
14,67,13.758134112209493
14,68,13.814062681944002
14,69,12.032366094701175
14,70,12.60263582304731
14,71,13.259067703149656
14,72,14.553050631147055
14,73,16.532650135367742
14,74,16.258687680650606
14,75,19.273626124956568
14,76,19.928215983506057
14,77,19.267513423805255
14,78,17.42981960586021
14,79,16.65250166012551
14,80,15.058115304203234
14,81,13.83632281422381
14,82,15.264280766436805
14,83,14.823205276891969
14,84,17.839349178277022
14,85,20.872339374730807
14,86,22.429696117819212
14,87,21.53136489859164
14,88,18.70507161182155
14,89,16.948859610815028
14,90,13.175354899971548
14,91,12.967276932752908
14,92,10.27459837848128
14,93,11.930901337944443
14,94,11.790513405209689
14,95,14.54376533483549
14,96,15.904807284894662
14,97,18.594962383082677
14,98,21.263434883968326
14,99,23.423440078070172
14,100,25.698878184316694
15,1,28.198038667124354
15,2,25.987861620978947
15,3,26.078416329349594
15,4,23.09633088172071
15,5,21.31671640070521
15,6,22.686208119300495
15,7,21.03696496628294
15,8,17.835882990522872
15,9,14.377941860718822
15,10,12.357508003085659
15,11,8.638210242530192
15,12,9.050190869372056
15,13,6.337125096963759
15,14,3.776457106736838
15,16,3.8109280184755243
15,17,7.198059962774188
15,18,10.373719054141226
15,19,13.977250861626954
15,20,14.762476549380407
15,21,12.318892947150156
15,22,10.465800542645884
15,23,6.833778107205625
15,24,5.783552320037899
15,25,5.455584662337898
15,26,7.662488761832437
15,27,10.215805689683707
15,28,13.708330558587145
15,29,16.610593542848964
15,30,19.283969203365825
15,31,22.074643869874787
15,32,25.20255900525777
15,33,25.484029839138838
15,34,23.686112027578904
15,35,23.83821496756255
15,36,22.455598299227304
15,37,20.414605156012062
15,38,16.998352738061413
15,39,17.596050911279317
15,40,15.299089950513052
15,41,16.1322531431968
15,42,15.283732438399884
15,43,17.059188004396557
15,44,18.346063606474306
15,45,18.879471484578875
15,46,22.012795134293512
15,47,20.80219799750774
15,48,22.305454067589714
15,49,20.99323757346389
15,50,19.296644912311734
15,51,18.934999852836295
15,52,16.007424081184183
15,53,16.30444132932692
15,54,15.018218011570953
15,55,15.289790262493547
15,56,15.388016204222609
15,57,17.75182716547788
15,58,19.50458147538614
15,59,16.616456110222472
15,60,18.537684094693066
15,61,18.616232503616544
15,62,21.43268938336692
15,63,21.63258144896111
15,64,20.453107173586872
15,65,19.97582288539156
15,66,17.862141338515773
15,67,14.070147090718349
15,68,13.097476458613384
15,69,10.695981365391692
15,70,10.238663886580149
15,71,10.181593462354797
15,72,11.020858537316286
15,73,12.783847633197496
15,74,12.553226621874872
15,75,15.649440521465566
15,76,16.450073448430125
15,77,16.164834271181753
15,78,14.608098485461174
15,79,13.689894790430182
15,80,12.42812159221395
15,81,10.975314993987276
15,82,12.994214211060621
15,83,12.917750210258346
15,84,16.351522261806043
15,85,19.363926384104115
15,86,21.140465963110934
15,87,20.784394595395757
15,88,18.381014494048333
15,89,15.972796201470127
15,90,12.286644994560888
15,91,11.487638105233753
15,92,8.351390765819406
15,93,9.798862890588259
15,94,8.998911567649433
15,95,11.70909155423093
15,96,12.639524098914364
15,97,15.54988892608621
15,98,18.054470941772877
15,99,20.462691664669418
15,100,22.994670208766642
16,1,29.458776148382753
16,2,27.648403588622884
16,3,28.095874921340016
16,4,25.32536032877557
16,5,23.940261659036818
16,6,25.61202723682336
16,7,24.275122536660067
16,8,21.267920104097165
16,9,17.776581317461474
16,10,15.988930532535642
16,11,12.289939947489763
16,12,12.25105810451529
16,13,9.247270224816678
16,14,6.463569016394072
16,15,3.8109280184755243
16,17,3.80366378520227
16,18,6.898445842780733
16,19,10.37664452355722
16,20,11.66450464702742
16,21,9.502764326843648
16,22,8.35043305046758
16,23,5.532864359533792
16,24,5.391564253712814
16,25,7.3723859256843305
16,26,9.973885651731045
16,27,13.148456135552056
16,28,16.741626621658565
16,29,19.722333802405203
16,30,22.656814860770012
16,31,25.290342049286544
16,32,28.25076379007498
16,33,28.272635820921487
16,34,26.188125800726024
16,35,25.988893665266332
16,36,24.620615013887274
16,37,22.302759719895953
16,38,19.106487970807567
16,39,19.721247870628154
16,40,17.048337083815404
16,41,17.653370867285403
16,42,16.49321880350175
16,43,18.42062449917939
16,44,19.408577132293317
16,45,20.280005609349647
16,46,23.65082993992421
16,47,22.63679022550361
16,48,23.70119618962693
16,49,22.099394674377116
16,50,19.814637339405994
16,51,18.832000228732788
16,52,15.958840163493269
16,53,16.17198497788607
16,54,15.047629104583153
16,55,14.601634692267108
16,56,15.294545892776792
16,57,17.947204787693078
16,58,20.191909065659434
16,59,17.758031682545727
16,60,20.186536703385975
16,61,20.75368697982841
16,62,23.357710236877903
16,63,23.91945376648696
16,64,23.211220740749578
16,65,22.64824451375248
16,66,20.106270793391282
16,67,16.332285071420547
16,68,14.924088429632539
16,69,11.806648157450846
16,70,11.137397307948834
16,71,9.864753261275908
16,72,10.72626727013586
16,73,11.739190268403366
16,74,12.030467134672149
16,75,14.908169614352145
16,76,15.140385790660897
16,77,15.2021243476075
16,78,14.522445040229163
16,79,14.276292359352182
16,80,13.97127194119315
16,81,12.708791305289688
16,82,15.37925990966279
16,83,15.574423359037212
16,84,19.19088290029924
16,85,22.19139914504517
16,86,24.10179627240384
16,87,24.034328004869803
16,88,21.866952113931223
16,89,19.207900374336585
16,90,15.646411271612287
16,91,14.433880163612114
16,92,10.984983264820764
16,93,11.47368421722328
16,94,9.368255950584691
16,95,10.937523595010857
16,96,10.93486917895863
16,97,13.24132955575457
16,98,15.364490132465903
16,99,17.3663746110886
16,100,19.967876535743134
17,1,29.486816277806476
17,2,28.1163948315277
17,3,28.74345398730999
17,4,26.126854784661433
17,5,25.269185407007363
17,6,27.119242455516435
17,7,26.25518391117393
17,8,23.542156514571914
17,9,20.185556055792496
17,10,18.9150460495431
17,11,15.40185436926424
17,12,15.655278387379562
17,13,12.91225480946645
17,14,10.247274700863288
17,15,7.198059962774188
17,16,3.80366378520227
17,18,3.8245065520893533
17,19,6.9597814323351335
17,20,8.027154341595352
17,21,5.826218031064765
17,22,5.529655342352
17,23,4.441221159168302
17,24,6.230567528827459
17,25,9.3452752925217
17,26,12.482466353933008
17,27,15.688100740409865
17,28,19.407525892441328
17,29,22.1309733669319
17,30,25.26892797055111
17,31,27.56696331751357
17,32,30.427401512855308
17,33,30.025859650799863
17,34,27.84086921287395
17,35,27.32779206084937
17,36,25.72080271745849
17,37,23.006125189830513
17,38,20.010793017270093
17,39,20.35864825909486
17,40,17.28768277076961
17,41,17.504427162416615
17,42,16.067442974593764
17,43,18.14159936553967
17,44,18.95142142054369
17,45,20.331111255303266
17,46,23.753381564777627
17,47,22.798375668753103
17,48,23.298965958904947
17,49,21.370267148677886
17,50,18.58069537283985
17,51,17.0150939693837
17,52,14.323006547054552
17,53,14.5680589292425
17,54,13.900357814790718
17,55,13.089502290154702
17,56,14.632344762244431
17,57,17.125665606373374
17,58,19.91007222106151
17,59,18.105852021971916
17,60,21.05205496076516
17,61,22.247692404159345
17,62,24.846526423520444
17,63,25.916987269785576
17,64,25.558792272324734
17,65,25.292565849400223
17,66,22.489781846612615
17,67,18.745538667530543
17,68,16.717148726783243
17,69,13.237690395741994
17,70,11.824619062227677
17,71,9.363811703189828
17,72,9.568238878090959
17,73,9.514861077294958
17,74,10.204436246337261
17,75,12.727870444545982
17,76,12.605125215179003
17,77,13.272656018142756
17,78,13.512044312191634
17,79,13.639570445843052
17,80,14.212236117279149
17,81,13.081230421974245
17,82,16.25225602213776
17,83,16.83526572658015
17,84,20.569060186971452
17,85,23.39925425498543
17,86,25.40655155230512
17,87,25.766977631792912
