1,2,3.83225499132842
1,3,6.793818043122595
1,4,8.871136143244842
1,5,12.489886254135403
1,6,13.15785152960599
1,7,16.918813021837188
1,8,19.39597307841347
1,9,23.11936147868292
1,10,26.294375413693395
1,11,27.105162048459537
1,12,30.527882479775894
1,13,34.12204467573267
1,14,35.43006360062107
1,15,33.36049830805205
1,16,30.532058098039993
1,17,27.444562103404447
1,18,24.221160889490758
1,19,21.931320153975058
1,20,18.143684266534
1,21,16.25085551867991
1,22,12.950511190716087
1,23,11.572394922737836
1,24,9.126835684386172
1,25,5.644616176578396
1,26,7.002099722204869
1,27,8.960122228679714
1,28,11.785713361588737
1,29,10.588365639140656
1,30,13.67845264233323
1,31,13.287586361782825
1,32,11.980430961800204
1,33,13.101773478088186
1,34,14.648338468537741
1,35,16.234866077167304
1,36,19.28531146985975
1,37,20.870857986872224
1,38,24.250799297050158
1,39,26.146214713035047
1,40,27.487414885112752
1,41,26.313069425038556
1,42,28.604046391548618
1,43,26.586707095186473
1,44,23.289272216084136
1,45,22.08739532186743
1,46,19.68300429768106
1,47,18.80932618422195
1,48,17.24392560261067
1,49,17.163551586274142
1,50,16.620074121784207
1,51,14.043808651961363
1,52,16.421013760864064
1,53,16.88953733340052
1,54,15.436539913011382
1,55,17.88802694569625
1,56,19.754429608616263
1,57,22.858906506904674
1,58,23.228000096447303
1,59,26.98134803585001
1,60,29.233976382388867
1,61,27.551434686659988
1,62,30.192481172473933
1,63,31.82871305157649
1,64,31.858577122927546
1,65,28.84960519316859
1,66,25.926872755612354
1,67,22.763810913507204
1,68,19.162469394081658
1,69,16.570049051779282
1,70,12.95634801276042
1,71,10.710922726008153
1,72,8.125672540486455
1,73,7.557130968199524
1,74,9.72560202417374
1,75,13.196126514966823
1,76,9.77525181506458
1,77,6.193857365847852
1,78,5.406115431149563
1,79,7.829402846260642
1,80,8.608332942856663
1,81,11.47774340253543
1,82,14.552029299272112
1,83,17.08297900348828
1,84,20.66382980288414
1,85,23.532854722197204
1,86,27.081802757061016
1,87,29.783678437935055
1,88,33.48524513099769
2,1,3.83225499132842
2,3,3.8210398873891505
2,4,6.281788012505752
2,5,9.55973674563618
2,6,9.586527723553745
2,7,13.327159646965724
2,8,15.622188359455494
2,9,19.368842788112804
2,10,22.522990539862498
2,11,23.462252146213974
2,12,26.821558629373197
2,13,30.451616717195492
2,14,31.67820321188228
2,15,29.644069821571648
2,16,26.794062739008456
2,17,23.771425256694023
2,18,20.491664657394036
2,19,18.316470742921087
2,20,14.516406069924374
2,21,12.883523540295473
2,22,9.835524209860472
2,23,9.336402977593748
2,24,7.912461744240246
2,25,5.515912194018689
2,26,8.321512874689423
2,27,11.184855780110414
2,28,13.272727693538323
2,29,11.066091893002756
2,30,13.698021575428584
2,31,12.342322686583111
2,32,10.042045671956302
2,33,10.722944008129028
2,34,11.538943823409165
2,35,13.117272159201425
2,36,15.880788861192713
2,37,17.666455371635966
2,38,21.01776450773907
2,39,23.142703570836925
2,40,24.657207897445613
2,41,23.694907379968896
2,42,25.776985736729348
2,43,23.46852468354793
2,44,20.35318236961224
2,45,19.048774305730586
2,46,16.959551782256003
2,47,16.071111275774875
2,48,15.017112484008186
2,49,15.106855632912842
2,50,15.286919875763935
2,51,13.182457370711075
2,52,15.287696356604654
2,53,14.92357555697316
2,54,12.949390501861032
2,55,14.880116514259429
2,56,16.60308295455566
2,57,19.490458230027954
2,58,19.76490593761062
2,59,23.491311162102065
2,60,25.701449004777754
2,61,23.9234538826943
2,62,26.59222527746586
2,63,28.11780400626456
2,64,28.201808138814332
2,65,25.291614038999086
2,66,22.387825532578642
2,67,19.194736596045793
2,68,15.65896305588001
2,69,12.899743252119968
2,70,9.414122371391837
2,71,7.2519544598549075
2,72,5.613971497135345
2,73,6.478502181564129
2,74,9.703582827281693
2,75,13.36846679574498
2,76,9.595098198368518
2,77,6.597917678519062
2,78,4.926241648815985
2,79,5.220336749960367
2,80,5.10155460157676
2,81,8.433179712826854
2,82,11.179029850418656
2,83,13.46867045112288
2,84,17.02433273633455
2,85,19.77162144890687
2,86,23.33682674990536
2,87,25.980194374002288
2,88,29.686040226306307
3,1,6.793818043122595
3,2,3.8210398873891505
3,4,3.799267097567789
3,5,7.0054739036342495
3,6,6.956927850738344
3,7,10.539276368069665
3,8,13.197666531206515
3,9,16.768254122177126
3,10,19.944324028342294
3,11,20.54835225058707
3,12,24.00975510113821
3,13,27.543516506438273
3,14,29.08284344021081
3,15,27.20192052973883
3,16,24.651924789060867
3,17,21.431364335412535
3,18,18.064988869430966
3,19,15.445576776911254
3,20,11.731766542293704
3,21,9.50100320835363
3,22,6.176729418973283
3,23,5.65038393574256
3,24,4.961915951078325
3,25,4.498698435927675
3,26,8.060946704148073
3,27,11.17417437750258
3,28,12.913508935319923
3,29,10.325109371630557
3,30,12.830401080995122
3,31,11.293282499300199
3,32,8.616930623543247
3,33,10.032188433379018
3,34,10.576336816048611
3,35,12.932355005350807
3,36,15.300495358465279
3,37,17.758314410749307
3,38,21.12276520404188
3,39,23.716799833237104
3,40,25.2814968710823
3,41,24.37361576696389
3,42,25.957245714991984
3,43,23.30485711298733
3,44,20.38420472273143
3,45,18.501880890560876
3,46,16.45761633071057
3,47,14.853580287696243
3,48,13.71227261397334
3,49,13.083385053582294
3,50,13.28781266849221
3,51,11.133168789535954
3,52,12.505523383202705
3,53,11.813072973687353
3,54,9.417545870811422
3,55,11.487501466544852
3,56,13.698579317247285
3,57,16.7654802314429
3,58,17.624512152070174
3,59,21.391260859943117
3,60,23.967071508677463
3,61,22.478930403861654
3,62,25.472435962502693
3,63,26.865819125607487
3,64,27.318066018751907
3,65,24.710648063825143
3,66,21.986122935283625
3,67,18.709028308742454
3,68,15.518322146165875
3,69,12.225137769157051
3,70,9.300651317873514
3,71,6.507404068870074
3,72,6.090383749956379
3,73,6.508960370323957
3,74,10.266016144820965
3,75,15.014999111399892
3,76,11.30885526780292
3,77,9.204640879237479
3,78,8.371012040229823
3,79,7.4788341879581255
3,80,6.101099665588956
3,81,9.521964992841381
3,82,11.595152319159471
3,83,12.897846225500361
3,84,16.36155684367166
3,85,18.5651883502508
3,86,22.190375901114272
3,87,24.43379838282186
3,88,28.147179985765224
4,1,8.871136143244842
4,2,6.281788012505752
4,3,3.799267097567789
4,5,3.7954788246180207
4,6,5.643188077742394
4,7,9.080141737311507
4,8,12.397784812455528
4,9,15.80394308678237
4,10,19.32875477313777
4,11,20.22535213718928
4,12,23.439395974607923
4,13,26.955891420291234
4,14,28.691107765563157
4,15,27.26734890535151
4,16,24.906210647459016
4,17,21.86842343424607
4,18,18.235479876774427
4,19,15.513781454784828
4,20,12.067722376177613
4,21,9.420664068967847
4,22,5.885145165921184
4,23,4.775862202845348
4,24,5.93525882832883
4,25,5.776957725807621
4,26,8.05876387889626
4,27,11.721246291040304
4,28,15.54021817266043
4,29,13.38323892475229
4,30,16.10503231930882
4,31,14.742433375593365
4,32,11.99087031468442
4,33,13.34162166198677
4,34,13.171636290658615
4,35,15.249179748403932
4,36,16.95182202555485
4,37,19.344481858490738
4,38,22.354388594132192
4,39,24.87693170995091
4,40,26.89896214776136
4,41,26.46659619815857
4,42,27.990242657300943
4,43,25.041798269612354
4,44,22.498231698624792
4,45,20.71946346846813
4,46,19.1655179074989
4,47,17.551870254692844
4,48,16.78004125726977
4,49,15.891874092192868
4,50,16.15271431269321
4,51,13.866203373994397
4,52,14.398693655286637
4,53,13.553496074991282
4,54,10.471040428115304
4,55,12.270114654103272
4,56,14.970119565316605
4,57,17.751263638141285
4,58,18.886564302033893
4,59,22.504686608570974
4,60,25.063120725550977
4,61,23.358176414102555
4,62,26.275079966538687
4,63,27.149651162878847
4,64,27.401746070231095
4,65,25.145157065349576
4,66,22.19025727467489
4,67,19.287829721343968
4,68,16.18949114690281
4,69,13.14033585227257
4,70,10.934436420956269
4,71,9.061796701062484
4,72,9.624613493839016
4,73,10.286792077318825
4,74,14.01728990149433
4,75,18.750535199154545
4,76,15.00597258266774
4,77,12.600704187022403
4,78,11.066340443101035
4,79,9.932856862210505
4,80,7.240931059388353
4,81,9.526668061359292
4,82,11.830882736717022
4,83,12.363275094070605
4,84,15.946853045525748
4,85,18.117804047831264
4,86,21.8847046019446
4,87,24.114403046583263
4,88,27.671693142941173
5,1,12.489886254135403
5,2,9.55973674563618
5,3,7.0054739036342495
5,4,3.7954788246180207
5,6,3.7945484613574534
5,7,6.241526887950635
5,8,9.849527025843134
5,9,12.952939945380388
5,10,16.65087513150419
5,11,17.84937815252379
5,12,20.763412498734667
5,13,24.251861890910217
5,14,26.045461115555135
5,15,24.99564658120522
5,16,22.812315527037708
5,17,20.02095546998885
5,18,16.255710972795995
5,19,13.642885246363146
5,20,10.661506257520866
5,21,8.189158988496594
5,22,5.631363395301727
5,23,5.908788414151444
5,24,8.74025013669674
5,25,9.464941269981761
5,26,11.417824891552362
5,27,15.078898282501193
5,28,18.915987558408784
5,29,16.56689067201745
5,30,18.945851062340452
5,31,17.20673525743932
5,32,14.089744406291588
5,33,15.03817122479563
5,34,13.978709996618893
5,35,15.765374587248756
5,36,16.630417261248837
5,37,19.05491564034758
5,38,21.65480148088209
5,39,24.245764096746004
5,40,26.591697181069787
5,41,26.600545356933782
5,42,27.852436700614632
5,43,24.593736674545514
5,44,22.53616639166911
5,45,20.781074407128898
5,46,19.83229476574779
5,47,18.24884044150265
5,48,18.08788033078367
5,49,17.214877180820867
5,50,17.99677545489718
5,51,16.157760167854644
5,52,16.077960401822196
5,53,14.553573857718773
5,54,10.948307137133451
5,55,11.791888253004055
5,56,14.485386755304592
5,57,16.702908483577378
5,58,17.93796971603919
5,59,21.28425358497548
5,60,23.744160617479864
5,61,21.896030957649323
5,62,24.730058319609608
5,63,25.134998982909625
5,64,25.333083985853044
5,65,23.484906619616414
5,66,20.519386411353207
5,67,17.972871566754268
5,68,15.26586049151069
5,69,12.453155994228455
5,70,11.320594549055512
5,71,10.342093340552745
5,72,12.070691289658104
5,73,13.31805761655846
5,74,17.112815113531088
5,75,21.653922280885777
5,76,17.94400809905629
5,77,15.812653119351111
5,78,13.967131453707218
5,79,12.046125770194958
5,80,8.646120491900312
5,81,9.79382421720064
5,82,11.344624163424507
5,83,10.7149324453187
5,84,14.022563974436407
5,85,15.825285978828118
5,86,19.58361220262038
5,87,21.63950882535619
5,88,25.02764100540044
6,1,13.15785152960599
6,2,9.586527723553745
6,3,6.956927850738344
6,4,5.643188077742394
6,5,3.7945484613574534
6,7,3.780215725684501
6,8,6.76780949880007
6,9,10.284478230135461
6,10,13.804868200717634
6,11,15.050146266635602
6,12,18.10671214567798
6,13,21.72662133946069
6,14,23.233698631438287
6,15,21.85010762221661
6,16,19.444323510744645
6,17,16.603377778610028
6,18,12.874570896769367
6,19,10.496814307399994
6,20,7.240884985406663
6,21,5.636369803713181
6,22,4.325854020693132
6,23,6.85920234666244
6,24,9.622105237036049
6,25,10.751916307816181
6,26,13.594419416732961
6,27,17.108667376382414
6,28,19.20169400967179
6,29,16.26817765351307
6,30,18.0036549488261
6,31,15.612778474747511
6,32,12.101020968339869
6,33,12.381544489534456
6,34,10.704322039647886
6,35,12.366953871108185
6,36,12.96791927175692
6,37,15.589198669652127
6,38,18.24204088573734
6,39,21.067897205144742
6,40,23.24759257114802
6,41,23.190234278979876
6,42,24.23993063893044
6,43,20.932166058229203
6,44,18.941919436416086
6,45,17.101023896525714
6,46,16.365438017951476
6,47,14.909414695575819
6,48,15.243368446147057
6,49,14.818962907625112
6,50,16.30136759563558
6,51,15.202100232846265
6,52,15.375982076285212
6,53,13.145636408018595
6,54,9.56409161545354
6,55,9.479942353838762
6,56,11.49375094904921
6,57,13.434872809487429
6,58,14.310069386987813
6,59,17.67614493742218
6,60,20.052900968756145
6,61,18.20397868345503
6,62,21.104514631171316
6,63,21.73769336804262
6,64,22.13468716431779
6,65,20.154241119634577
6,66,17.398981112287228
6,67,14.59978263577485
6,68,12.06520180992956
6,69,8.973472697369091
6,70,8.27485136685622
6,71,7.645982870942397
6,72,10.297719455934802
6,73,12.222603406224547
6,74,15.932108595997875
6,75,19.99780189166912
6,76,16.457607114370816
6,77,14.96707220548839
6,78,13.286777983573346
6,79,10.57444064123222
6,80,7.36355689439513
6,81,8.652062120751811
6,82,9.064304088405787
6,83,8.192762645887676
6,84,11.253967316384319
6,85,12.832458222422309
6,86,16.544011876587163
6,87,18.55603239562511
6,88,22.106866832050336
7,1,16.918813021837188
7,2,13.327159646965724
7,3,10.539276368069665
7,4,9.080141737311507
7,5,6.241526887950635
7,6,3.780215725684501
7,8,3.815699646038122
7,9,6.771084144183314
7,10,10.419351761272198
7,11,11.798440970484323
7,12,14.627311946897267
7,13,18.207143120722538
7,14,19.837328761320386
7,15,18.78480059741124
7,16,16.683490982912637
7,17,14.023880803208323
7,18,10.233243219883397
7,19,7.915353614041968
7,20,5.7291817905686875
7,21,4.969775002024454
7,22,6.042818011917228
7,23,9.087415325118974
7,24,12.433241185244931
7,25,14.177917011554234
7,26,16.917342741850526
7,27,20.353237040648953
7,28,22.099388445915793
7,29,19.047366181921394
7,30,20.37753822400468
7,31,17.78124892668763
7,32,14.247275446487047
7,33,14.3158200566715
7,34,12.025899097074744
7,35,13.484683041565898
7,36,13.085844132328656
7,37,15.852452532436534
7,38,18.018450800930953
7,39,21.036163918622027
7,40,23.321205310212214
7,41,23.57670052259495
7,42,24.12196922631877
7,43,20.549072961925734
7,44,19.1436377695194
7,45,17.161861024881194
7,46,17.03179597095399
7,47,15.47590674352874
7,48,16.342261012574653
7,49,15.81856834438868
7,50,17.70745536690838
7,51,17.12441982981474
7,52,16.687715119572882
7,53,13.902511564415763
7,54,10.255906933803049
7,55,8.9402002620963
7,56,10.63946366444624
7,57,11.736056691372307
7,58,12.855973121904691
7,59,15.781317416265212
7,60,18.146693173629483
7,61,16.39648433217425
7,62,19.324080236358082
7,63,19.52911716205124
7,64,20.159630504139976
7,65,18.720322055526914
7,66,16.273280186388103
7,67,13.838061101751288
7,68,12.178011571404758
7,69,9.433535129739408
7,70,10.176479375868515
7,71,10.179796267702416
7,72,13.33707421017391
7,73,15.29841819445537
7,74,18.856096543692033
7,75,22.8258175904071
7,76,19.479414578421842
7,77,18.387759757643668
7,78,16.81431210204924
7,79,13.802131340128302
7,80,10.679904674537775
7,81,11.271211204047408
7,82,10.626467557222487
7,83,8.410081583593993
7,84,10.434916393899922
7,85,10.959963864525886
7,86,14.45818448695884
7,87,15.941877064560385
7,88,19.33389121001464
8,1,19.39597307841347
8,2,15.622188359455494
8,3,13.197666531206515
8,4,12.397784812455528
8,5,9.849527025843134
8,6,6.76780949880007
8,7,3.815699646038122
8,9,3.8036827924829946
8,10,7.19322216014258
8,11,9.194236375211101
8,12,11.78470473695909
8,13,15.513808337062025
8,14,16.658262769462052
8,15,15.426169107148493
8,16,13.077724668124421
8,17,10.705150089236977
8,18,6.925668937353893
8,19,5.762372147854786
8,20,4.727673391860319
8,21,6.530643746245307
8,22,8.92478265968841
8,23,12.429782098100427
8,24,15.515337263073013
8,25,17.241545377622224
8,26,20.2658293918983
8,27,23.655722531142438
8,28,24.512339853862127
8,29,21.168830715703645
8,30,21.959318852657038
8,31,18.917200712666677
8,32,15.277825549603337
8,33,14.534853879924718
8,34,11.509489068681603
8,35,12.258133254917619
8,36,10.864098016152226
8,37,13.532211446484187
8,38,15.244336266178374
8,39,18.396883022436796
8,40,20.64389621453087
8,41,21.13556861810321
8,42,21.313037787888696
8,43,17.605848178474137
8,44,16.72030191091325
8,45,14.872654707344212
8,46,15.483609710611253
8,47,14.355339932449274
8,48,16.055631459974947
8,49,16.127510844760646
8,50,18.688114641748356
8,51,18.841697997796995
8,52,18.55670529086085
8,53,15.301935001832103
8,54,12.068494829179292
8,55,9.676868582648996
8,56,10.008248160010911
8,57,9.898417713621594
8,58,10.287986225527243
8,59,12.75955120713292
8,60,14.744450577933499
8,61,12.803519496823503
8,62,15.63591070422045
8,63,15.738316937307339
8,64,16.527460022684643
8,65,15.251263104930798
8,66,13.150690694491004
8,67,10.872067611325566
8,68,10.076299130103997
8,69,7.868542249225026
8,70,9.965209712595275
8,71,10.906648640704324
8,72,14.543759936506587
8,73,16.97577669855845
8,74,20.246575605309637
8,75,23.49083578569574
8,76,20.448392621149257
8,77,19.87383363065439
8,78,18.329351242225595
8,79,14.883868120793448
8,80,12.170695574620884
8,81,12.26315694126932
8,82,10.388822270771566
8,83,7.53341720831995
8,84,8.194571622430026
8,85,7.728376178370317
8,86,10.959108410491652
8,87,12.227382340158183
8,88,15.702847959204519
9,1,23.11936147868292
9,2,19.368842788112804
9,3,16.768254122177126
9,4,15.80394308678237
9,5,12.952939945380388
9,6,10.284478230135461
9,7,6.771084144183314
9,8,3.8036827924829946
9,10,3.8025443988007908
9,11,6.312735035182903
9,12,8.264537360689202
9,13,11.94227286925558
9,14,13.212166092065903
9,15,12.492836278674702
9,16,10.72101322638617
9,17,8.846938197609589
9,18,5.523611087008721
9,19,5.333048486757838
9,20,6.78572666985129
9,21,8.858573226684268
9,22,11.866355817618986
9,23,15.266977471666463
9,24,18.57486370861476
9,25,20.647240604197005
9,26,23.58281634064034
9,27,26.904976091230893
9,28,27.553943942129205
9,29,24.198603272991804
9,30,24.721187578448767
9,31,21.659865658473493
9,32,18.18113777900795
9,33,17.450525096830226
9,34,14.33200137254377
9,35,14.950293150008237
9,36,12.889965420716843
9,37,15.425379522326041
9,38,16.494585182221506
9,39,19.661249322627405
9,40,21.857450925561405
9,41,22.60880843150345
9,42,22.2201123878549
9,43,18.425753887748602
9,44,18.21994772771453
9,45,16.3210920559318
9,46,17.432985546075873
9,47,16.245729511650968
9,48,18.218443837309074
9,49,18.141288801647956
9,50,20.842027590291476
9,51,21.337152868217924
9,52,20.587366976406738
9,53,17.116310021118853
9,54,14.130738840649622
9,55,11.151882424821622
9,56,11.026844179092702
9,57,9.791938264816078
9,58,10.39291935344776
9,59,11.86626436836677
9,60,13.674738511774418
9,61,12.075542530637916
9,62,14.771552667839414
9,63,14.269112603973923
9,64,15.451588505596787
9,65,15.019081983347187
9,66,13.585541241861659
9,67,12.020325198182377
9,68,12.342353599783285
9,69,10.809146577216802
9,70,13.43037407793705
9,71,14.437590700576354
9,72,18.08277231945413
9,73,20.368496475172613
9,74,23.503172299661973
9,75,26.725573845793622
9,76,23.85738805020533
9,77,23.51508189494958
9,78,22.091499036811374
9,79,18.611398513220117
9,80,15.964892256292897
9,81,15.858049898623277
9,82,13.691537752955261
9,83,10.448823986845106
9,84,9.931239799222148
9,85,7.977880360316266
9,86,10.209174397815506
9,87,10.347353233492422
9,88,13.42422057723178
10,1,26.294375413693395
10,2,22.522990539862498
10,3,19.944324028342294
10,4,19.32875477313777
10,5,16.65087513150419
10,6,13.804868200717634
10,7,10.419351761272198
10,8,7.19322216014258
10,9,3.8025443988007908
10,11,3.8173607927983992
10,12,4.814348089732923
10,13,8.55875877203734
10,14,9.484655886335373
10,15,8.73236445833916
10,16,7.338391819016655
10,17,6.079937749742284
10,18,4.1884644733228455
10,19,5.922845073930147
10,20,8.839338265195732
10,21,11.51715035398676
10,22,14.944863666928752
10,23,18.445164252402236
10,24,21.619419185831728
10,25,23.88232574642746
10,26,26.97245380399396
10,27,30.167531587554883
10,28,30.027701544431338
10,29,26.547944716435246
10,30,26.602936059752317
10,31,23.388038410219202
10,32,20.09192665405082
10,33,19.08608216920893
10,34,15.85163904847101
10,35,16.208048039077102
10,36,13.59752121302427
10,37,15.983458421698096
10,38,16.534735423986408
10,39,19.755574052470347
10,40,21.611864626852178
10,41,22.41865560631076
10,42,21.407374085140194
10,43,17.676595615685038
10,44,18.0860664780431
10,45,16.15577535180692
10,46,17.76408403959892
10,47,16.711753997918706
10,48,19.079555598378185
10,49,19.184140310003606
10,50,22.179337729236753
10,51,23.23501867098636
10,52,22.382515749038415
10,53,18.704567336779977
10,54,16.242047660869087
10,55,12.785863969491928
10,56,11.718972608901328
10,57,9.299240153987252
10,58,9.54042948048891
10,59,9.7765363622987
10,60,11.212779149357855
10,61,10.147409867774057
10,62,12.71578533451726
10,63,11.999944115479371
10,64,13.87053219855429
10,65,14.04971310717274
10,66,13.589412421247012
10,67,12.458676024966561
10,68,13.80193520040198
10,69,12.753798912656158
10,70,15.775119904873295
10,71,16.904166744135537
10,72,20.56066391938235
10,73,22.834537353905464
10,74,25.66097734356631
10,75,28.52013532283457
10,76,25.982498589639277
10,77,26.089445781278336
10,78,24.90875997438029
10,79,21.338631191455896
10,80,19.057627346101267
10,81,18.964596514299966
10,82,16.366021150356566
10,83,13.20057639717614
10,84,11.796569110643887
10,85,8.84043471974424
10,86,9.67190306196872
10,87,8.454943424772416
10,88,11.15451632830687
11,1,27.105162048459537
11,2,23.462252146213974
11,3,20.54835225058707
11,4,20.22535213718928
11,5,17.84937815252379
11,6,15.050146266635602
11,7,11.798440970484323
11,8,9.194236375211101
11,9,6.312735035182903
11,10,3.8173607927983992
11,12,3.835639038307319
11,13,7.0810127463343235
11,14,8.973579499725195
11,15,7.910116284622364
11,16,7.595543416258631
11,17,5.376761024718218
11,18,4.668577967394444
11,19,5.26752270506277
11,20,9.020483709272172
11,21,11.368716548648633
11,22,15.098203518319396
11,23,18.456062834263612
11,24,21.491600288677013
11,25,24.209339072304537
11,26,27.3563973894067
11,27,30.251561974890745
11,28,29.291569785347775
11,29,25.85153478813104
11,30,25.548891921894576
11,31,22.481213127348077
11,32,19.56131244976263
11,33,18.94979908460737
11,34,16.14523384041429
11,35,17.139015586698847
11,36,14.912119349602936
11,37,17.773238358278302
11,38,18.706410405902353
11,39,22.178932391365983
11,40,23.550576369548228
11,41,23.851906053020706
11,42,22.504284842591083
11,43,18.95427308287355
11,44,19.134498330158547
11,45,16.600867079586994
11,46,17.77124781372463
11,47,16.09958011563412
11,48,18.123214022557704
11,49,17.7533749308519
11,50,20.623319211111927
11,51,21.981113290992475
11,52,20.737902516669745
11,53,17.02135554254981
11,54,15.100937686875259
11,55,11.43718988003968
11,56,10.108978971573654
11,57,7.358692588248096
11,58,8.689169303700872
11,59,8.658401454284803
11,60,10.956982908065164
11,61,11.179995878621563
11,62,14.202234329908892
11,63,14.076804527918465
11,64,16.595194124424374
11,65,16.70389833603135
11,66,16.651082629056006
11,67,15.100314361708483
11,68,16.325212966916947
11,69,14.696403392898583
11,70,17.282100041533152
11,71,17.69846907330914
11,72,21.083952571063776
11,73,22.85575790180262
11,74,25.422622636141412
11,75,28.575737278653346
11,76,26.2465138860973
11,77,26.684465301525577
11,78,26.01380533032194
11,79,22.636241882224766
11,80,20.621556793319343
11,81,21.159443284046034
11,82,18.797607289890834
11,83,15.985894817665898
11,84,15.007785899519142
11,85,12.27824952357462
11,86,13.03653683571765
11,87,11.430669590270632
11,88,13.849767509329817
12,1,30.527882479775894
12,2,26.821558629373197
12,3,24.00975510113821
12,4,23.439395974607923
12,5,20.763412498734667
12,6,18.10671214567798
12,7,14.627311946897267
12,8,11.78470473695909
12,9,8.264537360689202
12,10,4.814348089732923
12,11,3.835639038307319
12,13,3.766409285767325
12,14,5.545943025202269
12,15,5.862316251318719
12,16,6.844475652424808
12,17,6.7037756119802365
12,18,7.303806376258948
12,19,8.92979938962857
12,20,12.558493645090971
12,21,14.950076213213334
12,22,18.590170074415056
12,23,21.91085635728079
12,24,25.09404847396291
12,25,27.73067971535918
12,26,30.789736288579636
12,27,33.792465547314286
12,28,33.10872893635516
12,29,29.670650985159025
12,30,29.368392875552015
12,31,26.260344022528045
12,32,23.307702501857676
12,33,22.494522005942304
12,34,19.490933568268947
12,35,20.031717057863197
12,36,17.345880140464246
12,37,19.714364956242427
12,38,19.96057291034453
12,39,23.146394789547074
12,40,24.617732358697005
12,41,25.350873543651527
12,42,23.716443519115103
12,43,20.215235548794478
12,44,21.05954074995759
12,45,18.939283606649113
12,46,20.636083385559505
12,47,19.35055944171323
12,48,21.651028216975416
12,49,21.4659800070974
12,50,24.399246861457513
12,51,25.813637803104882
12,52,24.508283665244594
12,53,20.811351126416717
12,54,18.87577721974313
12,55,15.24875212021098
12,56,13.88598723717427
12,57,10.870245080938256
12,58,11.557022014149908
12,59,10.45233005703753
12,60,11.689126347380821
12,61,11.90996429626987
12,62,14.140602291338384
12,63,13.15534650822027
12,64,15.709576394725376
12,65,16.68822257314847
12,66,17.109081144293565
12,67,16.37632615396658
12,68,18.208774369574073
12,69,17.243789333435352
12,70,20.220756960938346
12,71,21.061438130607936
12,72,24.574934149059473
12,73,26.5329668184304
12,74,29.12650598426328
12,75,32.052826642310755
12,76,29.75739887048878
12,77,30.163915031726773
12,78,29.2864659797667
12,79,25.783823280735625
12,80,23.644136307847678
12,81,23.738310123692486
12,82,21.129925379721907
12,83,18.003399086556737
12,84,16.388796017977906
12,85,13.11129210993896
12,86,12.933779451817866
12,87,10.427598888706049
12,88,11.877972235669509
13,1,34.12204467573267
13,2,30.451616717195492
13,3,27.543516506438273
13,4,26.955891420291234
13,5,24.251861890910217
13,6,21.72662133946069
13,7,18.207143120722538
13,8,15.513808337062025
13,9,11.94227286925558
13,10,8.55875877203734
13,11,7.0810127463343235
13,12,3.766409285767325
13,14,3.801526707497391
13,15,5.845742477542056
13,16,8.590356059193615
13,17,9.315228031026406
13,18,10.79906408682003
13,19,12.343893639971126
13,20,16.08040207403157
13,21,18.298898790723886
13,22,21.963189214427633
13,23,25.14884215300297
13,24,28.331993902613476
13,25,31.138085444684343
13,26,34.14839531900783
13,27,37.04878782771575
13,28,36.117393227042946
13,29,32.72923373318463
13,30,32.236343281073474
13,31,29.216114240790723
13,32,26.472260251040197
13,33,25.748433613432102
13,34,22.867586295930586
13,35,23.438148219731975
13,36,20.69623003826739
13,37,22.960527355991342
13,38,22.961472459025273
13,39,26.0382444842117
13,40,27.307182057055215
13,41,28.05824851450072
13,42,26.066805120741183
13,43,22.769128373035464
13,44,23.915782067160407
13,45,21.796377160176338
13,46,23.570283207631313
13,47,22.233829349262024
13,48,24.485082568839296
13,49,24.16269036730549
13,50,27.01434138402695
13,51,28.60933469985977
13,52,27.052253642397627
13,53,23.41645117759951
13,54,21.79130895247638
13,55,18.17994603450019
13,56,16.735173282555245
13,57,13.5855853224064
13,58,14.380212348070538
13,59,12.598533108996309
13,60,13.469549038866926
13,61,14.341315442540568
13,62,16.13547338088746
13,63,14.921782697406055
13,64,17.69315948563388
13,65,19.188367540941684
13,66,20.083040320065482
13,67,19.660479542865676
13,68,21.75683616173586
13,69,20.915432381952638
13,70,23.904590707887053
13,71,24.65911196654696
13,72,28.10099567240664
13,73,29.908519206852112
13,74,32.37145182884838
13,75,35.29698912935251
13,76,33.14383142613521
13,77,33.696845134801514
13,78,32.94843246263211
13,79,29.472417376250494
13,80,27.381650421893568
13,81,27.503352525781487
13,82,24.867930642730126
13,83,21.71941165425942
13,84,19.94940498091361
13,85,16.521304536129506
13,86,15.83321981554808
13,87,12.796580304266357
13,88,13.30106289611124
14,1,35.43006360062107
14,2,31.67820321188228
14,3,29.08284344021081
14,4,28.691107765563157
14,5,26.045461115555135
14,6,23.233698631438287
14,7,19.837328761320386
14,8,16.658262769462052
14,9,13.212166092065903
14,10,9.484655886335373
14,11,8.973579499725195
14,12,5.545943025202269
14,13,3.801526707497391
14,15,3.792790813459769
14,16,6.8754485503932505
14,17,9.119520773729677
14,18,11.36351347947012
14,19,13.874367897143708
14,20,17.46695614919122
14,21,20.221199905554386
14,22,23.901912752232477
14,23,27.324269876461656
14,24,30.39953261451915
14,25,32.958141850469815
14,26,36.12532861679529
14,27,39.131630533266545
14,28,38.01417343305967
14,29,34.47768013765574
14,30,33.85175048437687
14,31,30.59678917334283
14,32,27.759328446111944
14,33,26.53333373789625
14,34,23.40120605822081
14,35,23.387027769294377
14,36,20.259577474691397
14,37,22.00407522452892
14,38,21.437344069019446
14,39,24.233536661130476
14,40,25.36626267662135
14,41,26.374881874185068
14,42,24.14428661552984
14,43,21.028247585096643
14,44,22.724774345517453
14,45,21.06710698919016
14,46,23.363285844432742
14,47,22.602926448137865
14,48,25.3016470234769
14,49,25.529762232923815
14,50,28.69017109982469
14,51,30.510132093763676
14,52,29.333512861015592
14,53,25.592392203741266
14,54,23.99165779105677
14,55,20.26502829581547
14,56,18.33373411121241
14,57,14.840557898731134
14,58,14.665850389073114
14,59,12.21200497344717
14,60,11.97406860435135
14,61,12.73696721849876
14,62,13.75455429647302
14,63,12.200366579938333
14,64,15.084418410742412
14,65,17.007443902290003
14,66,18.484647666588362
14,67,18.57415224720086
14,68,21.20922868774224
14,69,20.97546074141093
14,70,24.278410671850637
14,71,25.501179462405887
14,72,29.04049914828061
14,73,31.175360665865014
14,74,33.52039250430375
14,75,35.842957172378156
14,76,33.86373500631627
14,77,34.57044976150154
14,78,33.707723073158384
14,79,30.0929383293096
14,80,28.19816468182695
14,81,28.015033015591328
14,82,25.01204232870837
14,83,21.924960311461962
14,84,19.5941800416901
14,85,15.918091461869864
14,86,14.392344164775418
14,87,10.888459265614934
14,88,10.689097590344108
15,1,33.36049830805205
15,2,29.644069821571648
15,3,27.20192052973883
15,4,27.26734890535151
15,5,24.99564658120522
15,6,21.85010762221661
15,7,18.78480059741124
15,8,15.426169107148493
15,9,12.492836278674702
15,10,8.73236445833916
15,11,7.910116284622364
15,12,5.862316251318719
15,13,5.845742477542056
15,14,3.792790813459769
15,16,3.788535676008656
15,17,6.100733566416574
15,18,9.176748726193978
15,19,12.060381946200378
15,20,15.522017194022997
15,21,18.622793376375142
15,22,22.348709193678197
15,23,25.91392602404384
15,24,28.690787145533957
15,25,31.17692466884286
15,26,34.54611945854828
15,27,37.44944183680998
15,28,35.68385499950212
15,29,32.05552992369024
15,30,31.18107444734137
15,31,27.812112143340027
15,32,25.075505226064955
15,33,23.612933704071747
15,34,20.529179546853403
15,35,20.42756776368543
15,36,17.33791131887226
15,37,19.145776778493737
15,38,18.76364985240427
15,39,21.754834384100732
15,40,22.52191198282716
15,41,23.191413573735662
15,42,20.83425094016571
15,43,17.805366452806805
15,44,19.403543708272625
15,45,17.621063414860973
15,46,19.937748776111338
15,47,19.30495402752813
15,48,22.152025751556994
15,49,22.675624646819564
15,50,26.012843914347556
15,51,28.100126926935385
15,52,27.234987443806567
15,53,23.45349050386234
15,54,22.126185744816222
15,55,18.343269749882314
15,56,15.893197786826162
15,57,12.194216411230698
15,58,11.495093412595825
15,59,8.645251303737195
15,60,8.280110255374458
15,61,9.56071843502386
15,62,10.976744874352432
15,63,10.355675109356747
15,64,13.74794411662158
15,65,15.032411751576646
15,66,16.718219867986924
15,67,16.34675822554222
15,68,19.021636287465714
15,69,18.690835086631957
15,70,21.911644289459968
15,71,23.08454560594716
15,72,26.512455885853118
15,73,28.656558651942472
15,74,30.750498743197934
15,75,32.728933889171046
15,76,30.977523101122372
15,77,31.96798978629017
15,78,31.324795718330506
15,79,27.743799604882458
15,80,26.224774554710745
15,81,26.278610933711246
15,82,23.16660602127257
15,83,20.4460396249405
15,84,18.17067242138305
15,85,14.637998588220132
15,86,13.203063866754777
15,87,9.965896379437968
15,88,10.654325109778767
16,1,30.532058098039993
16,2,26.794062739008456
16,3,24.651924789060867
16,4,24.906210647459016
16,5,22.812315527037708
16,6,19.444323510744645
16,7,16.683490982912637
16,8,13.077724668124421
16,9,10.72101322638617
16,10,7.338391819016655
16,11,7.595543416258631
16,12,6.844475652424808
16,13,8.590356059193615
16,14,6.8754485503932505
16,15,3.788535676008656
16,17,3.8314636156022357
16,18,6.797259936888453
16,19,10.320647899059907
16,20,13.272671658535522
16,21,16.7417883870244
16,22,20.314227777231075
16,23,24.024245673258896
16,24,26.64325453056093
16,25,28.817750793505734
16,26,32.28026662023781
16,27,35.268279226809604
16,28,33.584813068973624
16,29,29.875265609449233
16,30,29.098103532869583
16,31,25.565425246796337
16,32,22.63879364967988
16,33,20.812864139674154
16,34,17.513253469854348
16,35,17.02061343404353
16,36,13.7548542066031
16,37,15.392274185361304
16,38,15.00222398179973
16,39,18.069098894228972
16,40,18.925315270093087
16,41,19.642994509333413
16,42,17.527690754967814
16,43,14.296018479341164
16,44,15.853169357104855
16,45,14.289380193064575
16,46,16.85119938988675
16,47,16.6327229762482
16,48,19.767445422200712
16,49,20.740262924999957
16,50,24.26367416210788
16,51,26.283790877353738
16,52,25.862695630446844
16,53,22.061462295507305
16,54,20.555025880588836
16,55,16.83978134362264
16,56,14.22106999976561
16,57,10.621466642138762
16,58,9.008563211987388
16,59,6.441338500264483
16,60,5.605586227428919
16,61,5.9161293558909
16,62,7.70639597721947
16,63,7.565676133377899
16,64,10.958257761532353
16,65,11.632601753445401
16,66,13.1991630681246
16,67,12.629775030964176
16,68,15.381863984716587
16,69,15.268672910395388
16,70,18.603304232340825
16,71,20.08911404799014
16,72,23.567823395310892
16,73,25.98984466967317
16,74,28.091985083279944
16,75,29.731587428723014
16,76,27.963081759256976
16,77,28.923606163770145
16,78,28.1463173570024
16,79,24.50760340254082
16,80,23.134862499384955
16,81,23.061607340178025
16,82,19.796984968583374
16,83,17.273200768968284
16,84,14.88437704775898
16,85,11.474871306295118
16,86,10.088432936191504
16,87,7.342705448729063
16,88,9.070581610306975
17,1,27.444562103404447
17,2,23.771425256694023
17,3,21.431364335412535
17,4,21.86842343424607
17,5,20.02095546998885
17,6,16.603377778610028
17,7,14.023880803208323
17,8,10.705150089236977
17,9,8.846938197609589
17,10,6.079937749742284
17,11,5.376761024718218
17,12,6.7037756119802365
17,13,9.315228031026406
17,14,9.119520773729677
17,15,6.100733566416574
17,16,3.8314636156022357
17,18,3.804133489910007
17,19,6.9219646119870655
17,20,9.920770933855314
17,21,13.333331240924997
17,22,16.967342054151242
17,23,20.640299140120558
17,24,23.138945932409964
17,25,25.4714621706081
17,26,28.971874081467984
17,27,31.824436296423954
17,28,29.89598313827798
17,29,26.210892127246858
17,30,25.42250760637064
17,31,21.960515912346334
17,32,19.089537968888457
17,33,17.549171723724
17,34,14.448748745193427
17,35,14.590643146328162
17,36,11.820068683963813
17,37,14.270169901211124
17,38,14.843447035488653
17,39,18.341859501469568
17,40,19.15558196232312
17,41,19.31740056723409
17,42,17.548525858053498
17,43,14.174944249229002
17,44,14.796697404743414
17,45,12.48527581288659
17,46,14.377450488056535
17,47,13.53614718179749
17,48,16.386213112925795
17,49,17.07166003428597
17,50,20.523007743378646
17,51,22.505549293583602
17,52,22.03372172380223
17,53,18.23300650830301
17,54,16.81703971275508
17,55,13.094910856040201
17,56,10.397817427219367
17,57,6.799981468744327
17,58,5.614857586425202
17,59,3.9850112943138787
17,60,5.5973632297314815
17,61,6.220210036217001
17,62,9.438736733639416
17,63,10.258690675499498
17,64,13.315429346107262
17,65,13.03819560115816
17,66,13.817767432886756
17,67,12.211449789838344
17,68,14.186567242528646
17,69,13.183993474551972
17,70,16.11605162414409
17,71,17.069761451500245
17,72,20.437173438289737
17,73,22.59939678595002
17,74,24.69977569125371
17,75,26.749724634073928
17,76,24.900143864049987
17,77,25.883931110584665
17,78,25.352438960611387
17,79,21.841421372015372
17,80,20.526225913358182
17,81,20.961647528474938
17,82,18.008196585995258
17,83,15.712336459296326
17,84,14.066884485744767
17,85,11.184808518284925
17,86,11.063652374484418
17,87,9.363804155153725
17,88,12.007660256917303
18,1,24.221160889490758
18,2,20.491664657394036
18,3,18.064988869430966
18,4,18.235479876774427
18,5,16.255710972795995
18,6,12.874570896769367
18,7,10.233243219883397
18,8,6.925668937353893
18,9,5.523611087008721
18,10,4.1884644733228455
18,11,4.668577967394444
18,12,7.303806376258948
18,13,10.79906408682003
18,14,11.36351347947012
18,15,9.176748726193978
18,16,6.797259936888453
18,17,3.804133489910007
18,19,3.792652606774276
18,20,6.520589804133533
18,21,9.969269138020492
18,22,13.519109205536214
18,23,17.230499325493497
18,24,19.906346533717205
18,25,22.13769740682478
18,26,25.545346120940735
18,27,28.545216084821206
18,28,27.374485590397263
18,29,23.742215920238458
18,30,23.42279068040613
18,31,20.02363759336297
18,32,16.83021197012367
18,33,15.520377858612765
18,34,12.300141917175168
18,35,12.74361005748867
18,36,10.280734519704998
18,37,13.112448058938469
18,38,14.232721240356813
18,39,17.806315846732605
18,40,19.15141133170019
18,41,19.3808742624245
18,42,18.331074792103077
18,43,14.69108124697175
18,44,14.650651540559192
18,45,12.298694835428694
18,46,13.720724930454258
18,47,12.626471351204094
18,48,15.179471823329438
18,49,15.63558345782006
18,50,18.90930430274654
18,51,20.357316514413213
18,52,19.916645090121925
18,53,16.15579102992718
18,54,14.136663006018862
18,55,10.546546081880763
18,56,8.56067263397603
18,57,5.851766982507639
18,58,5.395159496817662
18,59,6.343554377099974
18,60,8.462406401587097
18,61,7.687530316917295
18,62,11.06565145729011
18,63,11.66257227669881
18,64,13.912754434184054
18,65,13.151293317050255
18,66,12.845840371578124
18,67,10.771975078685728
18,68,11.940533348069236
18,69,10.411767933232419
18,70,13.24172296935759
18,71,14.148496355974025
18,72,17.682002972806796
18,73,19.933138017097363
18,74,22.42455993228998
18,75,24.94223025396877
18,76,22.67777055923749
18,77,23.220437205562312
18,78,22.429522722708167
18,79,18.89802037917293
18,80,17.21214506140696
18,81,17.644205856217248
18,82,14.937964605615823
18,83,12.488060925536752
18,84,11.391125158263273
18,85,8.971286915272442
18,86,10.088623783620298
18,87,9.472020071900067
18,88,12.754355283990348
19,1,21.931320153975058
19,2,18.316470742921087
19,3,15.445576776911254
19,4,15.513781454784828
19,5,13.642885246363146
19,6,10.496814307399994
19,7,7.915353614041968
19,8,5.762372147854786
19,9,5.333048486757838
19,10,5.922845073930147
19,11,5.26752270506277
19,12,8.92979938962857
19,13,12.343893639971126
19,14,13.874367897143708
19,15,12.060381946200378
19,16,10.320647899059907
19,17,6.9219646119870655
19,18,3.792652606774276
19,20,3.805630146925534
19,21,6.569667674715933
19,22,10.309559982727137
19,23,13.883574388586423
19,24,16.656687686511727
19,25,19.214567094896402
19,26,22.5288760214191
19,27,25.411222376043245
19,28,24.384044031750573
19,29,20.88036287164747
19,30,20.77723803170445
19,31,17.64733862174718
19,32,14.51285305052521
19,33,13.985101753469975
19,34,11.291260577562822
19,35,12.789051441996945
19,36,11.337790321678522
19,37,14.702171978494375
19,38,16.55415003099593
19,39,20.191707745021
19,40,21.574136783818126
19,41,21.4394286082306
19,42,20.756344418827616
19,43,17.202320305843894
19,44,16.404687424545976
19,45,13.606969511089016
19,46,14.019619047171084
19,47,12.05880678657217
19,48,13.759629556477812
19,49,13.417443719025533
19,50,16.28061829630574
19,51,17.358735877147403
19,52,16.579237449654332
19,53,12.863941252758408
19,54,10.609800670679594
19,55,7.0210211076574565
19,56,5.921727985892862
19,57,4.609588589011868
19,58,6.307567012475543
19,59,8.581019420380056
19,60,11.550301583692852
19,61,11.119861223127575
19,62,14.659292638812847
19,63,15.40160332940789
19,64,17.43254541120625
19,65,16.40165162635464
19,66,15.523158157579061
19,67,12.984909898456364
19,68,13.118532194977814
19,69,10.603393613078829
19,70,12.552003124366308
19,71,12.53706389189171
19,72,15.851552096444214
19,73,17.618994459183757
19,74,20.289742661212706
19,75,23.620517214888523
19,76,21.12177942956195
19,77,21.45060294860442
19,78,20.86580362936261
19,79,17.60082331331462
19,80,15.731936244032456
19,81,16.758162868714543
19,82,14.752841728682087
19,83,12.529519804457959
19,84,12.555829303573033
19,85,10.990817424803996
19,86,13.014170934778363
19,87,12.876008420213383
19,88,16.183671690404957
20,1,18.143684266534
20,2,14.516406069924374
20,3,11.731766542293704
20,4,12.067722376177613
20,5,10.661506257520866
20,6,7.240884985406663
20,7,5.7291817905686875
20,8,4.727673391860319
20,9,6.78572666985129
20,10,8.839338265195732
20,11,9.020483709272172
20,12,12.558493645090971
20,13,16.08040207403157
20,14,17.46695614919122
20,15,15.522017194022997
20,16,13.272671658535522
