1,2,3.8047890842729863
1,3,6.763717346817498
1,4,9.57084587521556
1,5,12.856931975722702
1,6,12.116935731384125
1,7,10.99260394176064
1,8,8.58562251415904
1,9,9.81145738769968
1,10,12.74122347850502
1,11,12.440475136311916
1,12,9.70187746208448
1,13,10.518929316439387
1,14,9.579971624038789
1,15,10.176508037268729
1,16,13.652935404261033
1,17,13.22162743184144
1,18,11.442259283400052
1,19,8.758717288760677
1,20,5.718285246462679
1,21,5.09822533987298
1,22,7.048011857521079
1,23,9.159437807113807
1,24,12.854849427605066
1,25,15.56105302211014
1,26,17.488073778634337
1,27,21.015621891508573
1,28,20.484924039425152
1,29,18.498697936408373
1,30,16.99127049132069
1,31,15.552725738094379
1,32,17.392710624954873
1,33,16.00834653041975
1,34,13.431052650686983
1,35,13.596819283641473
1,36,13.455603702860241
1,37,14.766195637723932
1,38,14.569984785145191
1,39,15.026002147559263
1,40,15.615015841537428
1,41,19.27392161958908
1,42,21.651517000069656
1,43,23.089981555583897
1,44,26.728065366738022
1,45,29.283701010520822
1,46,32.42511550814483
1,47,35.702009334876074
1,48,38.647025959121244
1,49,40.24602732207584
1,50,37.20011633413133
1,51,35.67674028040229
1,52,32.026515831013704
1,53,31.663276960042072
1,54,27.991037287322207
1,55,25.67629774676998
1,56,22.693438830425126
1,57,19.375404234737054
1,58,15.851010832272614
1,59,16.610932239050847
1,60,20.362999899858238
1,61,22.734362884675193
1,62,25.800625849769016
1,63,28.65186882238044
1,64,31.976938552663675
1,65,35.48782679733366
1,66,38.96965006828468
1,67,40.98905665243964
1,68,44.15316443600578
1,69,44.98181157644358
1,70,42.78093780348861
1,71,41.71263229405112
2,1,3.8047890842729863
2,3,3.831098614055916
2,4,6.617364693101446
2,5,9.487255691071864
2,6,8.988108950922065
2,7,8.757278478696689
2,8,7.643609393534727
2,9,9.7977370889643
2,10,13.295309961115278
2,11,13.928374922515738
2,12,10.99547428169917
2,13,10.996841650736998
2,14,9.128147417737422
2,15,9.991192548755837
2,16,13.032283974203995
2,17,11.72063066522775
2,18,9.382923779374083
2,19,6.553703875422202
2,20,5.067262866431294
2,21,5.827201890332877
2,22,9.171370327462451
2,23,11.729511878301052
2,24,15.062088100906726
2,25,18.213212446831974
2,26,20.209720839511625
2,27,23.537544293593477
2,28,22.770556541515276
2,29,20.312788802983725
2,30,18.444525964749477
2,31,16.328359824192603
2,32,17.814989529827358
2,33,15.698609350208747
2,34,12.493325361190575
2,35,12.474804775236896
2,36,11.999882210683799
2,37,14.179239529453158
2,38,14.341610347469912
2,39,15.679884681791085
2,40,16.67633909866267
2,41,20.200810899149303
2,42,23.043138249274396
2,43,24.688759311500252
2,44,28.160582877761843
2,45,31.02856212265033
2,46,34.08062522718436
2,47,37.29446137243528
2,48,40.436838461906525
2,49,41.84352354379895
2,50,38.8177414683337
2,51,37.509990651200006
2,52,33.92773248992934
2,53,33.41909017141645
2,54,29.85642367256034
2,55,27.800746714268275
2,56,24.67316954492804
2,57,21.48157941440078
2,58,17.849888251235363
2,59,17.962632078636457
2,60,21.638690559753538
2,61,24.032093382865053
2,62,27.383142300248803
2,63,30.021510871379665
2,64,33.40391317504906
2,65,36.83029317301319
2,66,40.34564433447529
2,67,42.60706923159307
2,68,45.69402410208881
2,69,46.29731099801971
2,70,43.8504809827269
2,71,42.630389852640874
3,1,6.763717346817498
3,2,3.831098614055916
3,4,3.817877750113324
3,5,6.342332032520215
3,6,5.461100951070397
3,7,4.996566098384063
3,8,4.94943874278916
3,9,7.842633838123691
3,10,11.40702485848472
3,11,12.81247250953659
3,12,9.974481902347025
3,13,9.467754603567466
3,14,7.5614507087715985
3,15,9.548797778377939
3,16,12.374939243720378
3,17,11.146457955491814
3,18,7.8725904871237535
3,19,6.509712282534366
3,20,5.947604035122705
3,21,5.954706045821526
3,22,9.698005619794438
3,23,12.057449536673916
3,24,14.743232200046949
3,25,18.297673799180064
3,26,20.19894418409727
3,27,23.185856236403954
3,28,22.25797443805234
3,29,19.33150445395268
3,30,17.058756637427223
3,31,14.364343565167685
3,32,15.496248219063297
3,33,12.911769094649706
3,34,9.407892238150959
3,35,9.194786701062197
3,36,8.835791465177847
3,37,11.61113431517859
3,38,12.54162544263623
3,39,14.279438790861285
3,40,15.22973658698878
3,41,18.428254653456737
3,42,21.645183673533257
3,43,23.319451994192285
3,44,26.54816370719392
3,45,29.684626743736967
3,46,32.57241853874345
3,47,35.719109823400906
3,48,39.024389085432354
3,49,40.19573093019853
3,50,37.20124758045416
3,51,36.129464849899044
3,52,32.66128370033921
3,53,32.050122593024845
3,54,28.662161665805844
3,55,26.88197448873465
3,56,23.633512966021364
3,57,20.685253299187917
3,58,17.047334587692006
3,59,16.525039894095407
3,60,19.978645814757062
3,61,22.299863758195894
3,62,25.867333160884062
3,63,28.267489563762673
3,64,31.65151152236736
3,65,34.970089293299495
3,66,38.481362022210405
3,67,40.969376615061584
3,68,43.97601933349489
3,69,44.3436015233817
3,70,41.691780016691325
3,71,40.339264289299486
4,1,9.57084587521556
4,2,6.617364693101446
4,3,3.817877750113324
4,5,3.826368388669171
4,6,5.367726854359863
4,7,5.014976542667436
4,8,6.346277849744252
4,9,8.105449927703347
4,10,11.745272381278081
4,11,14.095154075883679
4,12,12.052903850967626
4,13,12.0216730942593
4,14,10.658381332185101
4,15,13.107179410163361
4,16,15.707209384880635
4,17,14.261270428131722
4,18,10.722941170119615
4,19,9.77618982495206
4,20,9.756137238857686
4,21,9.39877045453388
4,22,12.93206452612439
4,23,14.65558424864203
4,24,17.13713133919845
4,25,20.76497083045628
4,26,22.17003093610114
4,27,25.045339587984685
4,28,24.454113739128697
4,29,21.367106683871583
4,30,18.593810123665303
4,31,15.478444996770092
4,32,15.690654636107077
4,33,12.514751406381937
4,34,8.800501102889887
4,35,9.637852981995119
4,36,10.207022957288402
4,37,13.481424870380218
4,38,15.208076061088935
4,39,16.950335836053583
4,40,17.4533004061065
4,41,20.26308358861515
4,42,23.634418599532854
4,43,24.948719738139815
4,44,27.944296343003476
4,45,31.17175945535522
4,46,33.762018266345144
4,47,36.988995196093306
4,48,40.30337869343676
4,49,41.142850838768425
4,50,38.021095985181326
4,51,36.90009489001477
4,52,33.45976911019533
4,53,32.443489842982856
4,54,29.154265437576232
4,55,27.837410644708438
4,56,24.79816283086259
4,57,21.81612705528154
4,58,18.429608016991324
4,59,17.15858028632915
4,60,20.480995756321263
4,61,23.128831739760315
4,62,26.73531761437435
4,63,28.71529666282963
4,64,32.23188004602983
4,65,35.320467295189594
4,66,38.92103164901736
4,67,41.44278442547459
4,68,44.22259484467509
4,69,44.58791624587795
4,70,41.757940447677086
4,71,40.46585483664899
5,1,12.856931975722702
5,2,9.487255691071864
5,3,6.342332032520215
5,4,3.826368388669171
5,6,3.7997359552628223
5,7,5.570858273083601
5,8,8.62123183453099
5,9,10.852423105863886
5,10,14.102850886572444
5,11,16.72985823358033
5,12,14.614225146501864
5,13,13.813662884677704
5,14,11.965107818775792
5,15,14.265426049227253
5,16,16.100455371093034
5,17,14.210165929710207
5,18,10.621811927785297
5,19,10.505662740499321
5,20,11.690350344004788
5,21,11.990561244191625
5,22,15.618620047042116
5,23,17.619256736110042
5,24,19.722246874661945
5,25,23.464561888112502
5,26,25.029910856331057
5,27,27.64610147353525
5,28,26.752288244169048
5,29,23.419589565517867
5,30,20.630318670767807
5,31,17.246557078208596
5,32,17.267795419913444
5,33,13.769245366502403
5,34,10.04318100016769
5,35,10.196725982408248
5,36,10.176891466649689
5,37,13.901833583577213
5,38,15.795906364040121
5,39,18.1653549327436
5,40,19.05396106801129
5,41,21.552955739569047
5,42,25.151114668285057
5,43,26.697036234649005
5,44,29.442291128026486
5,45,32.86954057494944
5,46,35.36867903281615
5,47,38.417769043532886
5,48,41.88238631722328
5,49,42.582031458205186
5,50,39.59074189212794
5,51,38.76664491436933
5,52,35.48544549771022
5,53,34.48242456744683
5,54,31.396716710366086
5,55,30.242467208778343
5,56,27.098299644117155
5,57,24.416020936288113
5,58,21.05918041544053
5,59,19.512935138408235
5,60,22.50182036067519
5,61,24.883221112779815
5,62,28.61143281265788
5,63,30.40517566897523
5,64,33.81522355913671
5,65,36.79001275733445
5,66,40.309178418798425
5,67,43.05883619812434
5,68,45.775483794566114
5,69,45.85629210624926
5,70,42.83906393685642
5,71,41.364702204630554
6,1,12.116935731384125
6,2,8.988108950922065
6,3,5.461100951070397
6,4,5.367726854359863
6,5,3.7997359552628223
6,7,3.8147885023631463
6,8,7.115544418551353
6,9,10.335613153912677
6,10,13.27440499829925
6,11,15.38712482451636
6,12,12.76148202073054
6,13,11.12762733793814
6,14,8.816735710487345
6,15,11.00432319799318
6,16,12.53863078601794
6,17,10.89936680110089
6,18,7.189535789233698
6,19,8.031441866581918
6,20,9.448149034179677
6,21,9.956745245236794
6,22,13.453929633976141
6,23,15.821896615641846
6,24,17.615622455924758
6,25,21.364438707665776
6,26,23.340239791301606
6,27,25.800296969023933
6,28,24.46152332350349
6,29,21.078655327526626
6,30,18.63989892982888
6,31,15.404532366006256
6,32,16.08758944842242
6,33,12.938175776781673
6,34,9.345800060379345
6,35,8.136227889640551
6,36,6.980356376046671
6,37,10.689157192156152
6,38,12.263949246888037
6,39,14.959605298592116
6,40,16.322474115229237
6,41,18.872092452941615
6,42,22.49070328921886
6,43,24.4316388152326
6,44,27.206421408805493
6,45,30.67673457543671
6,46,33.3649011704655
6,47,36.24847231106179
6,48,39.78935626506527
6,49,40.69710758462361
6,50,37.88930578767126
6,51,37.283336233275584
6,52,34.07441902406396
6,53,33.45271046671431
6,54,30.404063285123573
6,55,28.948182954457774
6,56,25.557804738995255
6,57,23.125782157189068
6,58,19.611794717240155
6,59,18.4536702866444
6,60,21.337389400451993
6,61,23.268699547601837
6,62,27.041194179460255
6,63,29.102774147260828
6,64,32.33340458504685
6,65,35.4641865128671
6,66,38.85859895102559
6,67,41.70662001700989
6,68,44.608986527344
6,69,44.536388269223565
6,70,41.59353398738489
6,71,39.96655045386023
7,1,10.99260394176064
7,2,8.757278478696689
7,3,4.996566098384063
7,4,5.014976542667436
7,5,5.570858273083601
7,6,3.8147885023631463
7,8,3.8048511025768503
7,9,6.718326440657465
7,10,9.472701556197178
7,11,11.768160011907527
7,12,9.537295019788827
7,13,8.513340855731947
7,14,7.41360137130468
7,15,10.61236681953809
7,16,12.928376629293147
7,17,12.334359212510888
7,18,8.567123286716562
7,19,9.400908272708188
7,20,9.281362858932296
7,21,8.266327624393753
7,22,11.342556365585814
7,23,13.015530784548739
7,24,14.56715215712173
7,25,18.358026591230217
7,26,20.00612207448
7,27,22.40347909018311
7,28,21.323216562610078
7,29,17.914878587522466
7,30,15.198783322590542
7,31,11.86572894305751
7,32,12.403287373099207
7,33,9.315044213054732
7,34,5.694417509739948
7,35,4.958280647339869
7,36,5.323819912172596
7,37,8.730291127186765
7,38,10.98027299086915
7,39,12.889690645663165
7,40,13.516227720590452
7,41,16.00297156043484
7,42,19.582282975669603
7,43,21.181797281832267
7,44,23.984272470290904
7,45,27.399760481142156
7,46,30.010722839873115
7,47,33.031274003189424
7,48,36.49890643768716
7,49,37.354795160301954
7,50,34.4332215970372
7,51,33.68392011576679
7,52,30.421661295239016
7,53,29.717492230655136
7,54,26.633900855455778
7,55,25.23836825759128
7,56,21.920493419907125
7,57,19.442176080621245
7,58,16.009824820425226
7,59,14.674154400811082
7,60,17.59466051989412
7,61,19.69071420949247
7,62,23.441447664676527
7,63,25.481155811882914
7,64,28.79381813766032
7,65,31.93412038707727
7,66,35.39338026889176
7,67,38.146319606634556
7,68,41.03769625490535
7,69,41.10036886270711
7,70,38.22171090530445
7,71,36.709944085765216
8,1,8.58562251415904
8,2,7.643609393534727
8,3,4.94943874278916
8,4,6.346277849744252
8,5,8.62123183453099
8,6,7.115544418551353
8,7,3.8048511025768503
8,9,3.8578093174221957
8,10,6.793660485830984
8,11,8.421473680440423
8,12,5.995888637208865
8,13,5.947870357456601
8,14,6.015002965907784
8,15,9.46437273136784
8,16,12.589937512119972
8,17,12.76106733017078
8,18,9.41127204810887
8,19,9.6124233453035
8,20,7.952619119578226
8,21,5.538740823627682
8,22,8.09633006703542
8,23,9.330254953845323
8,24,11.132183973348015
8,25,14.881507411518449
8,26,16.463232649269987
8,27,19.099802357714637
8,28,18.235181174625893
8,29,15.061814490534909
8,30,12.425734060782819
8,31,9.490001116268624
8,32,10.593019808544572
8,33,8.28507931583784
8,34,5.255927601853062
8,35,5.145896558490959
8,36,6.240192381796362
8,37,8.276311074513064
8,38,10.15550034089228
8,39,11.062778876835761
8,40,11.150745572389335
8,41,14.041138569086801
8,42,17.321738286680542
8,43,18.722414786712047
8,44,21.829654183468673
8,45,25.023019284307942
8,46,27.782747540398077
8,47,30.958460094062087
8,48,34.27613676934725
8,49,35.33299643981347
8,50,32.32040992199713
8,51,31.309234004550365
8,52,27.895620016853854
8,53,27.298266956093652
8,54,24.00764381340703
8,55,22.32769339404127
8,56,19.028744979122546
8,57,16.2862826217123
8,58,12.718164709800627
8,59,11.871018222723821
8,60,15.161981921599631
8,61,17.413444944325263
8,62,21.031532178451734
8,63,23.369132927148293
8,64,26.737867144797935
8,65,30.041744554576944
8,66,33.54486307169248
8,67,36.073448856863195
8,68,39.078992688456836
8,69,39.401377947999336
8,70,36.75271028271364
8,71,35.404131100754725
9,1,9.81145738769968
9,2,9.7977370889643
9,3,7.842633838123691
9,4,8.105449927703347
9,5,10.852423105863886
9,6,10.335613153912677
9,7,6.718326440657465
9,8,3.8578093174221957
9,10,3.7950118324373947
9,11,6.2471900043253275
9,12,5.666389834215435
9,13,7.640174679041488
9,14,9.194427729992412
9,15,12.643493948872761
9,16,15.980628267726875
9,17,16.479657354298077
9,18,13.24166854172019
9,19,13.183822727919793
9,20,10.998292361764188
9,21,7.8491994676231664
9,22,9.285492776702473
9,23,8.954563350095842
9,24,10.51209266013428
9,25,14.022645000513178
9,26,14.72970871279662
9,27,17.36412188302792
9,28,17.230256577820978
9,29,14.242462087912392
9,30,11.107253243460603
9,31,8.241518032507031
9,32,8.459134543320904
9,33,6.439118888211982
9,34,4.438605139692745
9,35,6.5519131066555065
9,36,9.137219488669649
9,37,10.448316683499275
9,38,12.718260780589516
9,39,12.622245935237975
9,40,11.513462610524234
9,41,14.002635565425106
9,42,16.970906660128918
9,43,17.58714783447753
9,44,20.620375990645837
9,45,23.626202116133435
9,46,26.12466925141448
9,47,29.52433834263168
9,48,32.66537989505361
9,49,33.5286077060796
9,50,30.29481961935282
9,51,28.96768131974941
9,52,25.455620823275673
9,53,24.501362260378905
9,54,21.13106431644841
9,55,19.7361656528617
9,56,16.76951458942142
9,57,13.751734768725383
9,58,10.50979194672089
9,59,9.092102098307317
9,60,12.573751067698716
9,61,15.41077394192767
9,62,18.865402138749907
9,63,20.971080684902464
9,64,24.530456199717822
9,65,27.716993830471292
9,66,31.34861057276068
9,67,33.67761501807857
9,68,36.54379209382428
9,69,37.12167039847938
9,70,34.524680444572354
9,71,33.41569070327458
10,1,12.74122347850502
10,2,13.295309961115278
10,3,11.40702485848472
10,4,11.745272381278081
10,5,14.102850886572444
10,6,13.27440499829925
10,7,9.472701556197178
10,8,6.793660485830984
10,9,3.7950118324373947
10,11,3.813797011306017
10,12,5.466722404363088
10,13,7.987483908689623
10,14,10.76209336197724
10,15,14.27720787112021
10,16,17.459601450618592
10,17,18.650352499012527
10,18,15.636200912153203
10,19,16.10867438434299
10,20,13.70886434528143
10,21,10.185056392288086
10,22,10.383715209208596
10,23,8.861768050153614
10,24,9.058146859161305
10,25,12.262113682392522
10,26,12.367073965295196
10,27,14.493547521130346
10,28,14.598194236546696
10,29,11.579083923211082
10,30,8.062956729542433
10,31,5.260427925807613
10,32,4.985746936620765
10,33,4.410589539950529
10,34,5.121803772785799
10,35,7.137674143118424
10,36,10.254624754566452
10,37,10.40328538519873
10,38,12.946379503364605
10,39,11.937416846638463
10,40,9.796818027812016
10,41,11.565154824543892
10,42,14.268805502922355
10,43,14.356795189452157
10,44,17.21051205961384
10,45,20.167444583417293
10,46,22.498102775389423
10,47,25.948833255322736
10,48,29.047017709545383
10,49,29.811852770691374
10,50,26.539211134159853
10,51,25.210586876770442
10,52,21.7287009774297
10,53,20.77354551425509
10,54,17.470404487206068
10,55,16.18825574257806
10,56,13.245796074539262
10,57,10.45211846316531
10,58,7.539932138562885
10,59,5.442315373543989
10,60,8.7899252153881
10,61,11.704192048680712
10,62,15.135600259623255
10,63,17.17647986357095
10,64,20.74623457705032
10,65,23.92845254706717
10,66,27.56437967988548
10,67,29.883826889114
10,68,32.75966911893271
10,69,33.34540337693565
10,70,30.793635642341403
10,71,29.73022885062347
11,1,12.440475136311916
11,2,13.928374922515738
11,3,12.81247250953659
11,4,14.095154075883679
11,5,16.72985823358033
11,6,15.38712482451636
11,7,11.768160011907527
11,8,8.421473680440423
11,9,6.2471900043253275
11,10,3.813797011306017
11,12,3.824892233346563
11,13,7.121495341442535
11,14,10.550946426769691
11,15,13.489627478100989
11,16,16.75935139331474
11,17,18.540033089862618
11,18,16.10914250004851
11,19,16.448019888409874
11,20,13.475681639220014
11,21,9.698553916798028
11,22,8.488848105937908
11,23,5.954212669976921
11,24,5.481116419280924
11,25,8.473516507711153
11,26,8.716633529287401
11,27,11.12494973972905
11,28,11.18615537913733
11,29,8.52069972935215
11,30,5.547330776077889
11,31,4.51032752102576
11,32,6.278431739184457
11,33,7.531015941542186
11,34,8.470975503205873
11,35,9.295978242878613
11,36,11.546041802900781
11,37,10.627091609736192
11,38,12.258253617135763
11,39,10.290278733783953
11,40,7.68038889914176
11,41,9.799094302555213
11,42,11.871505395828525
11,43,11.98109790025068
11,44,15.280334063045107
11,45,17.932612251796616
11,46,20.626356803878203
11,47,24.093720741378966
11,48,27.062872299204564
11,49,28.242431512296363
11,50,25.0507058850949
11,51,23.605644531877484
11,52,20.023555426879522
11,53,19.57976435649756
11,54,16.088666355832768
11,55,14.07556154527484
11,56,10.901621736989263
11,57,7.896806257001012
11,58,4.347441480165332
11,59,4.378326187395112
11,60,7.965494568502034
11,61,10.39998264553347
11,62,13.53921766403697
11,63,16.231128431407818
11,64,19.610313682395628
11,65,23.070132982200157
11,66,26.588968071345633
11,67,28.708608488097745
11,68,31.83241610246938
11,69,32.56681518497783
11,70,30.3461420114339
11,71,29.343128124180648
12,1,9.70187746208448
12,2,10.99547428169917
12,3,9.974481902347025
12,4,12.052903850967626
12,5,14.614225146501864
12,6,12.76148202073054
12,7,9.537295019788827
12,8,5.995888637208865
12,9,5.666389834215435
12,10,5.466722404363088
12,11,3.824892233346563
12,13,3.785479554654772
12,14,6.904497797195416
12,15,9.72152049413603
12,16,13.11512159784247
12,17,14.787695867334532
12,18,12.49952543360238
12,19,12.782833770176593
12,20,9.798429781542652
12,21,6.101710000121517
12,22,5.154434132513037
12,23,4.228906780079176
12,24,5.178718205152386
12,25,8.916357727653384
12,26,10.584798551692042
12,27,13.275549761234513
12,28,12.433765801116312
12,29,9.600263417538569
12,30,7.45848669023558
12,31,5.998878959995257
12,32,8.6387546890761
12,33,8.716747285310118
12,34,8.17776737327853
12,35,7.873140836832805
12,36,9.058879828383347
12,37,8.358385352368193
12,38,9.373018166533821
12,39,8.059488702415912
12,40,6.822178259147951
12,41,10.04159438607372
12,42,12.586813127953937
12,43,13.767061778947369
12,44,17.246367558721452
12,45,20.069907538943745
12,46,23.086858569929845
12,47,26.331728604681715
12,48,29.451673272415388
12,49,30.867894899289837
12,50,27.88883505671912
12,51,26.704414220985612
12,52,23.209906975110506
12,53,23.0760813674121
12,54,19.650487289184472
12,55,17.373955871442828
12,56,13.960549440751166
12,57,11.218525639203401
12,58,7.442736383685251
12,59,8.069065409037222
12,60,11.403325185769997
12,61,13.272208899503399
12,62,16.55326065996694
12,63,19.44720568213216
12,64,22.645957028278342
12,65,26.202502011944883
12,66,29.604699679129407
12,67,31.872424005409364
12,68,35.11059993523735
12,69,35.650926988452774
12,70,33.39149236005375
12,71,32.18387319299896
13,1,10.518929316439387
13,2,10.996841650736998
13,3,9.467754603567466
13,4,12.0216730942593
13,5,13.813662884677704
13,6,11.12762733793814
13,7,8.513340855731947
13,8,5.947870357456601
13,9,7.640174679041488
13,10,7.987483908689623
13,11,7.121495341442535
13,12,3.785479554654772
13,14,3.7897256319656356
13,15,6.777560058626548
13,16,9.746768330744922
13,17,11.68420374144719
13,18,9.585139124525178
13,19,10.727315523836022
13,20,8.402870056313251
13,21,5.633052717764673
13,22,5.398260205104269
13,23,6.564006533734566
13,24,6.934380413112001
13,25,10.57045537139345
13,26,13.02303308352994
13,27,15.25863040911098
13,28,13.510290880807029
13,29,10.363176248000505
13,30,8.825714835708457
13,31,7.095956543242765
13,32,10.114970952741064
13,33,9.735145778827828
13,34,8.687697672626072
13,35,6.686778227823449
13,36,6.334368725962354
13,37,5.158322480541832
13,38,5.672765195706622
13,39,5.309879336139536
13,40,5.823139974037233
13,41,9.276982053494734
13,42,12.306348160716087
13,43,14.409821947865924
13,44,17.7255865968069
13,45,20.81608277686607
13,46,23.98025437236067
13,47,26.902978006689676
13,48,30.242766373077636
13,49,31.75403825963854
13,50,29.056378786078913
13,51,28.32479934430824
13,52,25.048711491119004
13,53,25.234539844203447
13,54,22.053002668235255
13,55,19.716591411127496
13,56,16.05071690287328
13,57,13.928990350581314
13,58,10.262820482096215
13,59,10.806813043479668
13,60,13.57286300277361
13,61,14.716341648833575
13,62,18.15669994359303
13,63,21.08909677292954
13,64,24.02604259779394
13,65,27.607048363951193
13,66,30.834189412489525
13,67,33.377863798030525
13,68,36.703605897513704
13,69,36.885894482802044
13,70,34.51916893066972
13,71,33.02601238815952
14,1,9.579971624038789
14,2,9.128147417737422
14,3,7.5614507087715985
14,4,10.658381332185101
14,5,11.965107818775792
14,6,8.816735710487345
14,7,7.41360137130468
14,8,6.015002965907784
14,9,9.194427729992412
14,10,10.76209336197724
14,11,10.550946426769691
14,12,6.904497797195416
14,13,3.7897256319656356
14,15,3.8170037263135046
14,16,6.812701364991791
14,17,8.054075798732526
14,18,5.833779123120942
14,19,7.183020275429094
14,20,5.655612326958904
14,21,4.637918687776708
14,22,6.19379592031659
14,23,8.981777044391215
14,24,10.232715132371174
14,25,13.674903955903615
14,26,16.439060346624935
14,27,18.823893418403284
14,28,16.882174762872502
14,29,13.87950935606721
14,30,12.588233421240098
14,31,10.65133739257953
14,32,13.29281651946715
14,33,12.08561902427393
14,34,9.997070866654475
14,35,7.494065515742526
14,36,5.44433409440916
14,37,5.740080712074463
14,38,5.2317447074652765
14,39,7.035419202525233
14,40,9.033079288204005
14,41,12.363287818529136
14,42,15.452585621182525
14,43,17.917553027249767
14,44,21.144977583535
14,45,24.28581967812289
14,46,27.499616204026935
14,47,30.277292963244427
14,48,33.682510218561134
14,49,35.23646602481903
14,50,32.64276240701738
14,51,32.033610876896084
14,52,28.802004759925584
14,53,28.994072974592033
14,54,25.82515934025109
14,55,23.501749259669193
14,56,19.833629730830435
14,57,17.666817584782525
14,58,13.954665845711295
14,59,14.380750309051818
14,60,17.23458112217525
14,61,18.393591045782895
14,62,21.8796591245314
14,63,24.75650899887695
14,64,27.658943590989413
14,65,31.209287942375372
14,66,34.39778976415139
14,67,37.03335746303707
14,68,40.354050818535846
14,69,40.41856448959525
14,70,37.967098529685565
14,71,36.36297781489522
15,1,10.176508037268729
15,2,9.991192548755837
15,3,9.548797778377939
15,4,13.107179410163361
15,5,14.265426049227253
15,6,11.00432319799318
15,7,10.61236681953809
15,8,9.46437273136784
15,9,12.643493948872761
15,10,14.27720787112021
15,11,13.489627478100989
15,12,9.72152049413603
15,13,6.777560058626548
15,14,3.8170037263135046
15,16,3.798427572760349
15,17,5.547286700569215
15,18,5.3071571267581055
15,19,6.245181966729433
15,20,5.119518339995531
15,21,6.077733302797286
15,22,6.927960438745834
15,23,10.408239463015152
15,24,11.823767593000584
15,25,14.679011712506185
15,26,17.944385739308686
15,27,20.367993229806995
15,28,18.08301605930193
15,29,15.563385339557113
15,30,15.086367644635576
15,31,13.807691861747038
15,32,16.796914293672202
15,33,15.858433040990233
15,34,13.791578562977575
15,35,11.219160600715933
15,36,8.605882243229733
15,37,8.429649489484412
15,38,6.10596118491182
15,39,8.085656141075402
15,40,10.94707178128183
15,41,14.3372433025437
15,42,16.956395829354285
15,43,19.80753259712559
15,44,23.10326934482169
15,45,26.02689320055179
15,46,29.461873504268205
15,47,32.045800966798716
15,48,35.38172292799578
15,49,37.244367512041094
15,50,34.8460106209371
15,51,34.3095220613272
15,52,31.13154985026526
15,53,31.65451283880781
15,54,28.477519957622196
15,55,25.829821113171036
15,56,22.147700392121376
15,57,20.092301535395638
15,58,16.422079343495916
15,59,17.475525282594894
15,60,20.27664827540857
15,61,21.12011904364327
15,62,24.39395948309259
15,63,27.51492709127679
15,64,30.212076782559727
15,65,33.8578963242117
15,66,36.89747876848244
15,67,39.468421793620195
15,68,42.92323944345622
15,69,42.97172091069319
15,70,40.68316790481358
15,71,39.03231246506086
16,1,13.652935404261033
16,2,13.032283974203995
16,3,12.374939243720378
16,4,15.707209384880635
16,5,16.100455371093034
16,6,12.53863078601794
16,7,12.928376629293147
16,8,12.589937512119972
16,9,15.980628267726875
16,10,17.459601450618592
16,11,16.75935139331474
16,12,13.11512159784247
16,13,9.746768330744922
16,14,6.812701364991791
16,15,3.798427572760349
16,17,3.830634692379309
16,18,5.6963261633281155
16,19,7.71053731752268
16,20,8.177983115103984
16,21,9.823935520986659
16,22,10.560861657913087
16,23,13.893449696519877
16,24,14.781180753069448
16,25,17.351164675375696
16,26,20.805440186827546
16,27,22.86094822810701
16,28,20.144639943061126
16,29,17.671424424819115
16,30,17.573013365457484
16,31,16.374238197414527
16,32,19.387082998006118
16,33,18.44132181694214
16,34,16.44685812112886
16,35,13.367196846839095
16,36,10.0677709875694
16,37,9.650521235640232
16,38,6.6328478323768225
16,39,9.37427487292068
16,40,12.886759198660393
16,41,15.771551748722759
16,42,18.28914631420374
16,43,21.543281620611346
16,44,24.563495928296774
16,45,27.516267700000096
16,46,30.971953081108595
16,47,33.22804554988386
16,48,36.643393231448634
16,49,38.58456857326072
16,50,36.46380404742201
16,51,36.27008678103852
16,52,33.300684951979534
16,53,34.071088584188914
16,54,31.092692907462176
16,55,28.417216993425995
16,56,24.660182119187684
16,57,22.998101156906703
16,58,19.454930811759855
16,59,20.487770134976913
16,60,22.9505511912025
16,61,23.346910864148636
16,62,26.577484606315405
16,63,29.677974463882652
16,64,32.11780230247527
16,65,35.727290265712504
16,66,38.570532350197006
16,67,41.29704165133148
16,68,44.799783005190925
16,69,44.577548481838605
16,70,42.26737738341875
16,71,40.42259544116054
17,1,13.22162743184144
17,2,11.72063066522775
17,3,11.146457955491814
17,4,14.261270428131722
17,5,14.210165929710207
17,6,10.89936680110089
17,7,12.334359212510888
17,8,12.76106733017078
17,9,16.479657354298077
17,10,18.650352499012527
17,11,18.540033089862618
17,12,14.787695867334532
17,13,11.68420374144719
17,14,8.054075798732526
17,15,5.547286700569215
17,16,3.830634692379309
17,18,3.808580606249555
17,19,5.363288937693363
17,20,7.5390530172802634
17,21,10.320472986513613
17,22,12.173024915764806
17,23,15.80790703747456
17,24,17.344408775745215
17,25,20.196001874385537
17,26,23.486963127368323
17,27,25.833178663126965
17,28,23.386779100723377
17,29,20.7688968566438
17,30,20.196558551483157
17,31,18.497409231920532
17,32,21.101201954097068
17,33,19.517179520878905
17,34,16.90151923317631
17,35,14.08791788486564
17,36,10.713654695920924
17,37,11.594070565927447
17,38,9.468360811221256
17,39,12.585951390588901
17,40,15.844969169839068
17,41,18.83877605904604
17,42,21.63581750980061
17,43,24.721319447619983
17,44,27.77261132997714
17,45,30.845518529879964
17,46,34.21990200457987
17,47,36.5962154116634
17,48,40.05559001295786
17,49,41.850081458705304
17,50,39.59798914767403
17,51,39.30752087943864
17,52,36.23954594275049
17,53,36.72976793639019
17,54,33.651355671713894
17,55,31.14655801838128
17,56,27.419642668991763
17,57,25.44490847758898
17,58,21.75873858188715
17,59,22.425284542462343
17,60,25.168438727819623
17,61,25.974600078839064
17,62,29.377930454809007
17,63,32.3326300475333
17,64,34.979099064158525
17,65,38.535896629058
17,66,41.513925301994746
17,67,44.28075527998921
17,68,47.692991369931256
17,69,47.49732870689242
17,70,45.037876339966594
17,71,43.20441746586194
18,1,11.442259283400052
18,2,9.382923779374083
18,3,7.8725904871237535
18,4,10.722941170119615
18,5,10.621811927785297
18,6,7.189535789233698
18,7,8.567123286716562
18,8,9.41127204810887
18,9,13.24166854172019
18,10,15.636200912153203
18,11,16.10914250004851
18,12,12.49952543360238
18,13,9.585139124525178
18,14,5.833779123120942
18,15,5.3071571267581055
18,16,5.6963261633281155
18,17,3.808580606249555
18,19,3.8194240797338255
18,20,6.053225049146268
18,21,8.245172497418363
18,22,10.900658109573813
18,23,14.301856187210815
18,24,15.966238441109995
18,25,19.258353152530695
18,26,22.175945656368953
18,27,24.60288070420332
18,28,22.492196810531716
18,29,19.528315796372222
18,30,18.30614821463369
18,31,16.077411769624767
18,32,18.25160712470963
18,33,16.263736653229536
18,34,13.388416522290477
18,35,10.772899334591031
18,36,7.6190581309086856
18,37,9.450837351354942
18,38,8.5298021807101
18,39,11.741883200699004
18,40,14.46459821114504
18,41,17.465309315072847
18,42,20.640239772865613
18,43,23.391748111403025
18,44,26.426143418612806
18,45,29.673989925020635
18,46,32.86563711724838
18,47,35.452024887347875
18,48,38.96244881392938
18,49,40.48127291355022
18,50,38.01861089451642
18,51,37.608551081055225
18,52,34.46087637888322
18,53,34.60947186548055
18,54,31.505145861634983
18,55,29.29109683129361
18,56,25.611778326986677
18,57,23.45755950211821
18,58,19.735519147493978
18,59,19.880003291187865
18,60,22.725421827089672
18,61,23.888127086266206
18,62,27.462500630717084
18,63,30.19048548636454
18,64,33.053430520625454
18,65,36.5183004796367
18,66,39.6565667069883
18,67,42.455783435449035
18,68,45.73122554853157
18,69,45.59083529745666
18,70,42.978199224320385
18,71,41.21173883621629
19,1,8.758717288760677
19,2,6.553703875422202
19,3,6.509712282534366
19,4,9.77618982495206
19,5,10.505662740499321
19,6,8.031441866581918
19,7,9.400908272708188
19,8,9.6124233453035
19,9,13.183822727919793
19,10,16.10867438434299
19,11,16.448019888409874
19,12,12.782833770176593
19,13,10.727315523836022
19,14,7.183020275429094
19,15,6.245181966729433
19,16,7.71053731752268
19,17,5.363288937693363
19,18,3.8194240797338255
19,20,3.8177032720202297
19,21,7.210622459271142
19,22,10.250844310516982
19,23,13.846335861674687
19,24,16.31621071329019
19,25,19.481241699911735
19,26,22.309512356014626
19,27,25.169181655236677
19,28,23.42156388727198
19,29,20.750943854184655
19,30,19.49755823214859
19,31,17.426600723099405
19,32,19.560517877736267
19,33,17.527776954732623
19,34,14.384891758898485
19,35,12.58648088483685
19,36,10.202189637743864
19,37,12.158608088982682
19,38,11.220703885790657
19,39,13.767557956291107
19,40,16.130947877842782
19,41,19.519739787353746
19,42,22.502531618003385
19,43,25.00723527107678
19,44,28.30585370469883
19,45,31.376956729269345
19,46,34.63765211687113
19,47,37.42842601779505
19,48,40.8003263689373
19,49,42.40374626671655
19,50,39.77112230278184
19,51,39.031467337365704
19,52,35.697843224823956
19,53,35.70990498978576
19,54,32.38220021473029
19,55,30.07685664071612
19,56,26.538988474301874
19,57,23.96811930177047
19,58,20.180628212702928
19,59,20.543311285355113
19,60,23.780241003838817
19,61,25.346962945378486
19,62,28.838399040605392
19,63,31.66370228344511
19,64,34.6997211598717
19,65,38.223009654869344
19,66,41.48661694708753
19,67,44.07729892260028
19,68,47.35061633848438
19,69,47.49131908268511
19,70,44.97814486664564
19,71,43.39118617630275
20,1,5.718285246462679
20,2,5.067262866431294
20,3,5.947604035122705
20,4,9.756137238857686
20,5,11.690350344004788
20,6,9.448149034179677
20,7,9.281362858932296
20,8,7.952619119578226
20,9,10.998292361764188
20,10,13.70886434528143
20,11,13.475681639220014
20,12,9.798429781542652
20,13,8.402870056313251
20,14,5.655612326958904
20,15,5.119518339995531
20,16,8.177983115103984
20,17,7.5390530172802634
20,18,6.053225049146268
20,19,3.8177032720202297
20,21,3.814213597287386
20,22,6.651607768966524
20,23,10.242595773932887
20,24,13.02870882868295
20,25,16.07261405479181
20,26,18.823994350609762
20,27,21.86455847237118
20,28,20.356474524824332
20,29,17.92792834975335
20,30,16.773773402242515
20,31,15.091790130569532
20,32,17.46842394936609
20,33,15.922833887766204
20,34,13.145341647245022
20,35,11.748414352541863
20,36,10.081000955788275
20,37,11.353006387467778
20,38,10.388990396199873
20,39,11.961968094041378
20,40,13.816305438638434
20,41,17.45657377637623
20,42,20.171470179569617
20,43,22.425078415024707
20,44,25.91285727699115
20,45,28.783451164502182
20,46,32.09314217407588
20,47,35.02572073832727
20,48,38.251142672050086
20,49,39.94929717943156
20,50,37.219522094092966
20,51,36.248541967136084
20,52,32.817461688642496
20,53,32.85638660040605
20,54,29.413936665326585
20,55,26.961935452499333
20,56,23.51979375520799
20,57,20.785459358128215
20,58,17.013179423942987
20,59,17.754901706535865
20,60,21.136966374160853
20,61,22.81170562019503
20,62,26.142951250265995
20,63,29.112044349485227
20,64,32.184526205005966
20,65,35.77562799932557
20,66,39.07491595418289
20,67,41.466109325263616
20,68,44.77662088082025
20,69,45.14170908663847
20,70,42.79946994184891
20,71,41.37356066923433
21,1,5.09822533987298
21,2,5.827201890332877
21,3,5.954706045821526
21,4,9.39877045453388
21,5,11.990561244191625
21,6,9.956745245236794
21,7,8.266327624393753
21,8,5.538740823627682
21,9,7.8491994676231664
21,10,10.185056392288086
21,11,9.698553916798028
21,12,6.101710000121517
21,13,5.633052717764673
21,14,4.637918687776708
21,15,6.077733302797286
21,16,9.823935520986659
21,17,10.320472986513613
21,18,8.245172497418363
21,19,7.210622459271142
21,20,3.814213597287386
21,22,3.8041401106287274
21,23,6.838075640259117
21,24,9.688615670950451
21,25,12.963391652920297
21,26,15.394072111109619
21,27,18.46825689860531
21,28,17.265359385887265
21,29,14.769202557220087
21,30,13.322398840212166
21,31,11.701643005682106
21,32,14.077277061873541
21,33,12.892031682528415
21,34,10.569998578281432
21,35,9.642524323281561
21,36,9.011169824463868
21,37,9.782603705993075
21,38,9.525982557016112
21,39,10.11034933096815
21,40,11.05929302195455
21,41,14.722286218463456
21,42,17.387710744447876
21,43,19.25699743576275
21,44,22.79155820059866
21,45,25.615162245024557
21,46,28.828841249959286
21,47,31.913929103608844
21,48,35.07457486449829
21,49,36.67660782532826
21,50,33.82018727147984
21,51,32.70256021962246
21,52,29.213921034331996
21,53,29.143973515196457
21,54,25.6645838090216
21,55,23.273066883517085
21,56,19.893561575226485
21,57,17.050375691995626
21,58,13.281873331070667
21,59,14.010014607560574
21,60,17.46396015466857
21,61,19.304639006694423
21,62,22.594484833504243
21,63,25.533541915091433
21,64,28.6865884328466
21,65,32.262321502345245
21,66,35.62427550462917
21,67,37.92691006520299
21,68,41.19758268004274
21,69,41.684255398727004
21,70,39.38514798325007
21,71,38.076313334656845
22,1,7.048011857521079
22,2,9.171370327462451
22,3,9.698005619794438
22,4,12.93206452612439
22,5,15.618620047042116
22,6,13.453929633976141
22,7,11.342556365585814
22,8,8.09633006703542
22,9,9.285492776702473
22,10,10.383715209208596
22,11,8.488848105937908
22,12,5.154434132513037
22,13,5.398260205104269
22,14,6.19379592031659
22,15,6.927960438745834
22,16,10.560861657913087
22,17,12.173024915764806
22,18,10.900658109573813
22,19,10.250844310516982
22,20,6.651607768966524
22,21,3.8041401106287274
22,23,3.804615841913924
22,24,6.638244644310544
22,25,9.475088453391207
22,26,12.228251843511028
22,27,15.336590303675784
22,28,14.051834252317894
22,29,12.038575062581824
22,30,11.318129217512816
22,31,10.772809319573717
22,32,13.758829487557454
22,33,13.624480129406182
22,34,12.267703035881945
22,35,11.306273488334197
22,36,10.916919050984303
22,37,10.33771106029422
22,38,9.477767440700354
22,39,8.676932667310275
22,40,9.166343764519727
22,41,12.932956658129328
22,42,14.97091680517061
22,43,16.790787933062774
22,44,20.48614420492569
22,45,22.992763694529135
22,46,26.36477294780767
22,47,29.419520910591896
22,48,32.42015374332697
22,49,34.27758301013542
22,50,31.500248048318955
22,51,30.30506445016153
22,52,26.822873163616556
22,53,27.087001255457544
22,54,23.588634792521493
22,55,20.82578144654351
22,56,17.46900812803641
22,57,14.754100448249025
22,58,11.098023369442448
22,59,12.785851509411957
22,60,16.051567729654625
22,61,17.533489084202063
22,62,20.490160630504576
22,63,23.727855918534107
22,64,26.690587518756864
22,65,30.378589235317524
22,66,33.62191777476869
22,67,35.74223747335326
22,68,39.14327700787623
22,69,39.74994154221219
22,70,37.71446897181215
22,71,36.48855126785473
23,1,9.159437807113807
23,2,11.729511878301052
23,3,12.057449536673916
23,4,14.65558424864203
23,5,17.619256736110042
23,6,15.821896615641846
23,7,13.015530784548739
23,8,9.330254953845323
23,9,8.954563350095842
23,10,8.861768050153614
23,11,5.954212669976921
23,12,4.228906780079176
23,13,6.564006533734566
23,14,8.981777044391215
23,15,10.408239463015152
23,16,13.893449696519877
23,17,15.80790703747456
23,18,14.301856187210815
23,19,13.846335861674687
23,20,10.242595773932887
23,21,6.838075640259117
23,22,3.804615841913924
23,24,3.8433711534117188
23,25,6.5306797707721636
23,26,8.671306581001906
23,27,11.99265054443104
23,28,11.348421470867908
23,29,9.660756273335773
23,30,8.853768418486666
23,31,9.080794967415681
23,32,11.952402089396358
23,33,12.660045212176518
23,34,12.240704648136344
23,35,12.01308971738171
23,36,12.64572787809029
23,37,11.583646175792767
23,38,11.387072842414709
23,39,9.438571565509227
23,40,8.371176624135032
23,41,11.743678877151833
23,42,13.270297387910482
23,43,14.359518140046205
23,44,18.11084674476334
23,45,20.355094004429105
23,46,23.608936380948617
23,47,26.849656774771535
23,48,29.668518375025325
23,49,31.47564817525755
23,50,28.552498717153533
23,51,27.08937178919884
23,52,23.5168046425843
23,53,23.702902607685072
23,54,20.121975974413957
23,55,17.313409447104124
23,56,14.145186240547488
23,57,11.220462641980962
23,58,7.715968346286787
23,59,9.929032813656262
23,60,13.16083444624535
23,61,14.798277064252805
23,62,17.470837898949902
23,63,20.72960932103168
23,64,23.736371555650123
23,65,27.40555723635598
23,66,30.690911299132537
23,67,32.59937791020734
23,68,35.965465461347186
23,69,36.79713622884155
23,70,34.906555760597776
23,71,33.88115376549044
24,1,12.854849427605066
24,2,15.062088100906726
24,3,14.743232200046949
24,4,17.13713133919845
24,5,19.722246874661945
24,6,17.615622455924758
24,7,14.56715215712173
24,8,11.132183973348015
24,9,10.51209266013428
24,10,9.058146859161305
24,11,5.481116419280924
24,12,5.178718205152386
24,13,6.934380413112001
24,14,10.232715132371174
24,15,11.823767593000584
24,16,14.781180753069448
24,17,17.344408775745215
24,18,15.966238441109995
24,19,16.31621071329019
24,20,13.02870882868295
24,21,9.688615670950451
24,22,6.638244644310544
24,23,3.8433711534117188
24,25,3.796361587861342
24,26,6.2298140779349644
24,27,8.858888399337994
24,28,7.722296576870435
24,29,5.827921913795193
24,30,5.672367507293664
24,31,7.1611445564283
24,32,10.482401746768364
24,33,12.203961308763384
24,34,12.806631336416917
24,35,12.2293236254691
24,36,13.016298714981124
24,37,10.955103422014508
24,38,10.864586427197471
24,39,7.874917198989784
24,40,5.682733053215026
24,41,8.499326313254143
24,42,9.545331899293293
24,43,10.579288384242624
24,44,14.355304858691849
24,45,16.586186528070588
24,46,19.91818036317385
24,47,23.078615271152287
24,48,25.946245904702796
24,49,27.818867687930368
24,50,25.013767331512845
24,51,23.75147183406185
24,52,20.299193708290005
24,53,20.835952138163673
24,54,17.444182914392684
24,55,14.443866245707671
24,56,11.022650549115975
24,57,8.747143757838316
24,58,5.468996849104199
24,59,8.340273434252575
24,60,10.776679912477901
24,61,11.659130913216623
24,62,14.188775226630007
