1,2,3.808513044153197
1,3,7.294078378091578
1,4,10.326590879281861
1,5,13.542902676637532
1,6,13.348706299716863
1,7,16.016641444678374
1,8,18.173436444209283
1,9,18.943574640476474
1,10,21.15937602148064
1,11,18.898221989877833
1,12,20.41901520102141
1,13,19.014723769288416
1,14,20.31766442140744
1,15,23.080894136353084
1,16,23.161441280478606
1,17,25.50216145379625
1,18,24.209951792051164
1,19,21.223207873512546
1,20,21.525333761854544
1,21,21.3041524146127
1,22,18.002698427667838
1,23,16.67081309868344
1,24,17.900763560189713
1,25,16.525581634968127
1,26,12.903565482879834
1,27,13.349862540485523
1,28,15.024160037738227
1,29,11.956378603773596
1,30,10.2740732935663
1,31,8.710669267333751
1,32,10.215673070696635
1,33,12.650001720260727
1,34,14.050790599869673
1,35,17.376448261847404
1,36,19.83620085026476
1,37,20.01944788017019
1,38,23.76096715789695
1,39,25.12240654239602
1,40,22.11713318181899
1,41,23.29041074861965
1,42,22.635620796415466
1,43,24.546184757851844
1,44,23.320276966654664
1,45,19.704810549931068
1,46,16.96192423897341
1,47,13.954625078803394
1,48,10.953921244233943
1,49,8.723659446509489
1,50,5.359518132846435
1,51,5.344638936188038
1,52,4.749445091138224
1,53,5.272850452880337
1,54,8.837135123105284
1,55,9.495307738346332
1,56,11.684932631818567
1,57,11.608830481715426
1,58,14.774387165262034
1,59,15.938913630263938
1,60,18.839414901158595
1,61,21.570277607253043
1,62,23.64901306540686
1,63,23.16588344622876
1,64,25.257283299310664
2,1,3.808513044153197
2,3,3.7816477088534617
2,4,6.7472971787512845
2,5,10.24551217179884
2,6,10.795688197572801
2,7,13.655089027912497
2,8,16.384939834208634
2,9,17.52150142826467
2,10,19.217247839546886
2,11,16.48627391184796
2,12,17.763818063359604
2,13,16.131506396531552
2,14,17.7063566658558
2,15,20.312284876905544
2,16,20.5194826680314
2,17,22.84912062113377
2,18,21.904715597695503
2,19,19.047307866521123
2,20,19.94171708042409
2,21,19.63168997014907
2,22,16.051194080181865
2,23,15.275994743771811
2,24,17.05547997847358
2,25,15.40855026149629
2,26,11.824213992889364
2,27,13.297090481040897
2,28,15.152193175081488
2,29,12.069848553625489
2,30,11.257271113022894
2,31,8.79483415906134
2,32,10.31032064545168
2,33,11.639017490640358
2,34,12.06612911782981
2,35,14.948926648662722
2,36,17.02781868540921
2,37,16.75178504393742
2,38,20.418612289176842
2,39,21.546737748230868
2,40,18.4390272727412
2,41,19.558288021754947
2,42,19.101157872074094
2,43,21.077716315333205
2,44,20.058424470888838
2,45,16.549321086226144
2,46,14.150047039990893
2,47,10.895462043475241
2,48,8.514473394934173
2,49,6.749806359317108
2,50,4.92930236421353
2,51,5.197653897876906
2,52,6.565692837212116
2,53,6.2448061071301435
2,54,9.548835389703497
2,55,9.08179687109871
2,56,10.168635620273799
2,57,8.979830651829714
2,58,11.717264420316715
2,59,13.121084993176716
2,60,15.809685166534715
2,61,18.693237427685183
2,62,20.725028343884155
2,63,20.396197224398566
2,64,22.8565036685155
3,1,7.294078378091578
3,2,3.7816477088534617
3,4,3.820772058180856
3,5,7.428178052154846
3,6,8.913293089038548
3,7,12.229855422851482
3,8,15.475016443427409
3,9,17.313275167497476
3,10,18.597715024335045
3,11,15.517301289201159
3,12,16.0756724786723
3,13,13.840139310479694
3,14,15.233805824104032
3,15,17.411133118490447
3,16,17.39231528754245
3,17,19.509397475783775
3,18,18.68385393567859
3,19,15.868365181869938
3,20,17.241641052841754
3,21,17.04742127771627
3,22,13.342084225732146
3,23,12.923428516814553
3,24,15.278059314467473
3,25,13.725212029563439
3,26,10.282535742161427
3,27,12.498576636322426
3,28,14.689951599479762
3,29,12.078097730563057
3,30,11.813023021407531
3,31,8.62548711571361
3,32,9.698964428055529
3,33,9.759121410844774
3,34,9.23521484079679
3,35,11.637538631724494
3,36,13.530062924370613
3,37,13.031775735198257
3,38,16.707469284626235
3,39,17.940655579382252
3,40,14.972069354948063
3,41,16.468365422752335
3,42,16.145724352887243
3,43,17.79871111994157
3,44,16.629410906537924
3,45,13.29252730816971
3,46,10.994353417831173
3,47,7.448404565582389
3,48,5.657622361052042
3,49,4.537788240891339
3,50,5.290014025463019
3,51,6.190694541280897
3,52,9.053282390950459
3,53,9.197635435291348
3,54,11.785952718093919
3,55,10.11108214376444
3,56,10.420343008005068
3,57,8.146189807953924
3,58,10.305323107464888
3,59,12.480871352315278
3,60,14.903364593186692
3,61,17.7329286036287
3,62,19.36791523167858
3,63,18.906772036419014
3,64,21.774810468895403
4,1,10.326590879281861
4,2,6.7472971787512845
4,3,3.820772058180856
4,5,3.8136197543059955
4,6,6.101923617223586
4,7,9.158197502194389
4,8,12.737380675385433
4,9,14.814555264393466
4,10,15.582678082541774
4,11,12.27429924468092
4,12,12.528128091027634
4,13,10.246453691475008
4,14,12.036998166390898
4,15,14.289865403837844
4,16,14.819246878278689
4,17,17.26158237397513
4,18,17.119913999681533
4,19,14.909025124911153
4,20,16.7041022862111
4,21,15.886780544152247
4,22,12.099194532103798
4,23,12.792536328394423
4,24,15.082907965077645
4,25,12.89627166100926
4,26,10.202194820392174
4,27,13.314851363786978
4,28,14.909187851266639
4,29,12.317726399550796
4,30,13.199345223714147
4,31,10.350611458024932
4,32,11.988346794747207
4,33,11.08978644348033
4,34,9.327270600334934
4,35,10.819685995234044
4,36,11.658972303892211
4,37,10.79801483036295
4,38,14.21073977407098
4,39,15.026944822066492
4,40,11.892892460997942
4,41,13.107045347493539
4,42,12.458134736605832
4,43,14.334826986735155
4,44,13.524374292836255
4,45,10.125280577509322
4,46,8.507325293475603
4,47,5.403622662362721
4,48,5.546767704899052
4,49,6.8203887124368965
4,50,8.477621429722527
4,51,8.131716352257731
4,52,10.92900776842778
4,53,10.510625259667991
4,54,12.156477395795497
4,55,9.751489400806658
4,56,8.766295484266578
4,57,5.5805933782368085
4,58,6.947122351468182
4,59,9.691244333398707
4,60,12.076534694855207
4,61,14.577390295444971
4,62,15.858826160969441
4,63,15.298973983517206
4,64,18.344544090474468
5,1,13.542902676637532
5,2,10.24551217179884
5,3,7.428178052154846
5,4,3.8136197543059955
5,6,3.7921896994300033
5,7,6.468295786104925
5,8,10.233319671794161
5,9,12.898186512349726
5,10,13.269516891210227
5,11,9.998417527166097
5,12,9.342353302219022
5,13,6.58477697641801
5,14,8.35607073204656
5,15,10.627815881141883
5,16,11.621315021631178
5,17,14.40952401023392
5,18,14.87015210570874
5,19,13.389010411575255
5,20,15.362554537483692
5,21,13.89774874750658
5,22,10.275215806822484
5,23,12.05378235910542
5,24,14.081630896133893
5,25,11.452410388863798
5,26,9.825746444716453
5,27,13.504010016485278
5,28,14.504235627704926
5,29,12.322880097993146
5,30,14.157223649245886
5,31,11.740520247705756
5,32,13.649431125267249
5,33,11.961039253886767
5,34,9.330477448827848
5,35,9.856602880728135
5,36,9.567184618220018
5,37,8.861499942953783
5,38,11.86547587786826
5,39,12.563946654333515
5,40,9.670420760425047
5,41,10.894360509682667
5,42,9.396637915444073
5,43,11.095578764832693
5,44,10.293994791281339
5,45,6.7146902919723095
5,46,5.747517525176773
5,47,4.250064908052584
5,48,6.279041676330591
5,49,9.12172645549961
5,50,11.28322461571034
5,51,10.290747969788896
5,52,13.087390656063537
5,53,12.791213548229473
5,54,13.438289719404148
5,55,10.325249586487352
5,56,8.531843432560597
5,57,5.291113772070746
5,58,5.596327749149845
5,59,9.245479589428143
5,60,11.581197735175444
5,61,13.240911970879857
5,62,13.656716204932122
5,63,12.516568844193333
5,64,15.671300000423349
6,1,13.348706299716863
6,2,10.795688197572801
6,3,8.913293089038548
6,4,6.101923617223586
6,5,3.7921896994300033
6,7,3.7929300351761848
6,8,7.09208899093743
6,9,9.966585021221263
6,10,11.154058581847828
6,11,8.634942254168566
6,12,8.126132886975146
6,13,5.929847946302106
6,14,7.101898919478199
6,15,10.282235595254768
6,16,11.589645673222401
6,17,14.869769659976384
6,18,15.18160715489053
6,19,13.973260226852677
6,20,15.110648949174632
6,21,12.978543122945322
6,22,9.63699283878981
6,23,11.485605099278422
6,24,12.510960515503228
6,25,9.229913248508032
6,26,8.140076901272169
6,27,11.739063252994335
6,28,11.846536162422229
6,29,9.49939694123119
6,30,12.055944358829041
6,31,10.546489847341226
6,32,13.25092176856217
6,33,11.949216684712892
6,34,9.872659195828978
6,35,10.987614857345507
6,36,10.889361542534628
6,37,11.342255972240626
6,38,14.18560239490188
6,39,15.162877453446978
6,40,12.683888892051534
6,41,13.722702896679237
6,42,11.373964000804051
6,43,12.89507996409119
6,44,11.806434717247908
6,45,8.006439670981473
6,46,6.3628997483572896
6,47,6.258496402004116
6,48,6.887848387809722
6,49,10.00196499590456
6,50,11.392265821579759
6,51,9.279487262530807
6,52,11.57518336048936
6,53,11.55022211652672
6,54,11.231585912018911
6,55,7.6682222834226215
6,56,6.055050226612242
6,57,4.369072440006671
6,58,6.17389788609974
6,59,9.819781876547385
6,60,12.90616820235289
6,61,13.893012395449464
6,62,13.943719083632114
6,63,12.035869734278142
6,64,14.517360311635919
7,1,16.016641444678374
7,2,13.655089027912497
7,3,12.229855422851482
7,4,9.158197502194389
7,5,6.468295786104925
7,6,3.7929300351761848
7,8,3.8129210547264942
7,9,6.704110385072619
7,10,7.456584637699029
7,11,5.333637548856573
7,12,4.86884621889701
7,13,4.339514558224996
7,14,6.337095392011062
7,15,10.041530010128625
7,16,12.429032816921081
7,17,16.048771208740618
7,18,17.045417369719235
7,19,16.560819320694275
7,20,17.636236200544936
7,21,14.919198437302809
7,22,12.102362164904326
7,23,14.482940013654739
7,24,14.919873858200512
7,25,11.261377048128432
7,26,11.129606590413207
7,27,14.545983358310107
7,28,13.787222958687815
7,29,11.46242553832529
7,30,14.581995108511125
7,31,13.763159315774214
7,32,16.76271498419423
7,33,15.545011599857705
7,34,13.418938984727212
7,35,14.108640751079529
7,36,13.262332181341497
7,37,13.563842981854474
7,38,15.71615742775787
7,39,16.06489353151276
7,40,13.683031295282479
7,41,13.884032277791
7,42,10.911940067981996
7,43,12.812219912225457
7,44,12.47207096366444
7,45,9.117493694766857
7,46,8.755744187747977
7,47,9.615102667579428
7,48,10.671705926033402
7,49,13.752682183234846
7,50,14.832128858064388
7,51,12.263498556553504
7,52,13.789430922482786
7,53,13.141765595737134
7,54,11.903523585768966
7,55,8.612915637086964
7,56,5.838977705089644
7,57,5.274623536527922
7,58,5.738886182123099
7,59,8.827987603779118
7,60,11.875957073998933
7,61,11.857447024206406
7,62,11.317420474179277
7,63,8.895086390383277
7,64,10.932008817161137
8,1,18.173436444209283
8,2,16.384939834208634
8,3,15.475016443427409
8,4,12.737380675385433
8,5,10.233319671794161
8,6,7.09208899093743
8,7,3.8129210547264942
8,9,3.8760131143804806
8,10,5.585293756951998
8,11,5.751431396948661
8,12,5.564194165037675
8,13,6.742068876038598
8,14,7.684829863943049
8,15,11.367466080387784
8,16,14.029328054666115
8,17,17.764869353610536
8,18,18.844384207177107
8,19,18.78681475770837
8,20,19.31381931314117
8,21,16.1414723903316
8,22,13.967445442960104
8,23,16.37464589417416
8,24,15.952562876438538
8,25,12.114282998082079
8,26,12.793259281285021
8,27,15.722213626911325
8,28,14.025312067539257
8,29,11.943521433029062
8,30,15.494629216515388
8,31,15.573577321354291
8,32,18.878378348637682
8,33,17.906362560531022
8,34,16.118712189907644
8,35,16.89527698193757
8,36,15.985955761985801
8,37,16.764970635899832
8,38,18.614832167225867
8,39,18.96988585434502
8,40,16.93308055715836
8,41,16.91607699320658
8,42,13.585288718323941
8,43,15.248174904386893
8,44,14.938773145258127
8,45,11.942820123925456
8,46,11.613183977469424
8,47,13.015775511112457
8,48,13.682589391078748
8,49,16.715257036501015
8,50,17.364356165027232
8,51,14.313305828088636
8,52,15.158453206914729
8,53,14.566319248288567
8,54,12.365570741802037
8,55,9.399349709482674
8,56,7.043983148254814
8,57,8.237384211846063
8,58,8.882483687118501
8,59,11.10793125501542
8,60,14.146187418372225
8,61,13.306646385594544
8,62,12.240839692084748
8,63,9.21704143287566
8,64,9.901853835320566
9,1,18.943574640476474
9,2,17.52150142826467
9,3,17.313275167497476
9,4,14.814555264393466
9,5,12.898186512349726
9,6,9.966585021221263
9,7,6.704110385072619
9,8,3.8760131143804806
9,10,3.8134957540254466
9,11,5.725540771676397
9,12,7.458776986168757
9,13,9.834262704791145
9,14,11.398406877548066
9,15,15.016580939865056
9,16,17.85534052192947
9,17,21.59510920886026
9,18,22.716522038887287
9,19,22.56153335021121
9,20,23.019472311957944
9,21,19.88377379177268
9,22,17.669876120179623
9,23,19.813544698790892
9,24,19.252224474096447
9,25,15.41355551474667
9,26,15.772266050281232
9,27,18.366873439174167
9,28,16.42910971582542
9,29,13.929255715784642
9,30,17.280453201754014
9,31,17.74313363971252
9,32,21.290810893520206
9,33,20.8365373461679
9,34,19.370102235044417
9,35,20.448742304509874
9,36,19.68625576454083
9,37,20.19475340443448
9,38,22.06042838947268
9,39,22.062306774652704
9,40,19.747224982720233
9,41,19.170842753002596
9,42,16.02775435654945
9,43,18.203470219300602
9,44,18.38130166431567
9,45,15.444291398754453
9,46,15.226768278665002
9,47,16.160258582790895
9,48,16.523558381553144
9,49,19.140181702800408
9,50,19.1894411866998
9,51,15.856438225207615
9,52,15.838169244173463
9,53,14.55441889927194
9,54,11.815867397552266
9,55,9.890646939530896
9,56,7.3772288354331215
9,57,9.507914258221808
9,58,10.034028236357555
9,59,10.970174379432702
9,60,13.967719829357197
9,61,12.727120142807749
9,62,12.009701527367149
9,63,9.467714053293014
9,64,8.988055959001553
10,1,21.15937602148064
10,2,19.217247839546886
10,3,18.597715024335045
10,4,15.582678082541774
10,5,13.269516891210227
10,6,11.154058581847828
10,7,7.456584637699029
10,8,5.585293756951998
10,9,3.8134957540254466
10,11,3.8170470159941896
10,12,5.6743141192142925
10,13,9.11363892736368
10,14,11.346707793826805
10,15,14.605832443165504
10,16,17.93476202060452
10,17,21.613526672418562
10,18,23.312046437921687
10,19,23.48316243653814
10,20,24.451411809622922
10,21,21.296029001187254
10,22,19.04159645613157
10,23,21.625396761345343
10,24,21.475819007564255
10,25,17.65152782089692
10,26,18.069202300494332
10,27,21.07751155298919
10,28,19.455024216849466
10,29,17.043043205054033
10,30,20.376331129220308
10,31,20.341163280774165
10,32,23.68780864376058
10,33,22.843723658281554
10,34,20.86583712205378
10,35,21.399400096174197
10,36,20.050259845344844
10,37,20.001893755538877
10,38,21.36280332813047
10,39,20.735715119474353
10,40,18.45783664728494
10,41,17.254166727930503
10,42,14.131381530710605
10,43,16.587696504606104
10,44,17.509706485822832
10,45,15.087170283103859
10,46,15.796912583980298
10,47,16.897684251089473
10,48,18.019272169982894
10,49,20.824450854363743
10,50,21.315002338448217
10,51,18.300611192779833
10,52,18.637701184587797
10,53,16.987639111836586
10,54,14.70739120103074
10,55,12.779222849455678
10,56,9.546458126319504
10,57,10.49669961471029
10,58,9.561075806838051
10,59,9.925585215729036
10,60,12.1013345987247
10,61,10.02964877965039
10,62,8.662272640418678
10,63,6.0842536885426375
10,64,5.205447553506856
11,1,18.898221989877833
11,2,16.48627391184796
11,3,15.517301289201159
11,4,12.27429924468092
11,5,9.998417527166097
11,6,8.634942254168566
11,7,5.333637548856573
11,8,5.751431396948661
11,9,5.725540771676397
11,10,3.8170470159941896
11,12,3.810338207523043
11,13,6.684975406354793
11,14,9.831157922874727
11,15,13.10124478211913
11,16,16.259355708263993
11,17,19.835893007316287
11,18,21.478873154455126
11,19,21.321053276727753
11,20,22.71582852006848
11,21,19.920356729634403
11,22,17.214917000917517
11,23,19.748886977814443
11,24,20.228893897721836
11,25,16.530622580088977
11,26,16.383757632588186
11,27,19.708718263244783
11,28,18.75885487339371
11,29,16.14639827054708
11,30,19.181158668520993
11,31,18.4830086198872
11,32,21.575405077259518
11,33,20.57498897438342
11,34,18.377286629954984
11,35,18.823760693487692
11,36,17.511364781082488
11,37,16.99777808652111
11,38,18.539876864827807
11,39,17.807714200243026
11,40,15.179461247839509
11,41,13.980671605106421
11,42,11.16593684313129
11,43,14.012862381221987
11,44,15.050220069800403
11,45,12.449257354124427
11,46,13.282848194058708
11,47,13.913033627924904
11,48,15.326132040428684
11,49,18.05718897086143
11,50,18.839761094678344
11,51,16.22320211859569
11,52,17.042114074960246
11,53,15.287317771328858
11,54,13.780758784657564
11,55,11.571862318693627
11,56,7.891360184495541
11,57,7.578135414119884
11,58,5.877950541865936
11,59,6.613094095747439
11,60,8.934007226375487
11,61,7.5834727694537785
11,62,6.834876961686358
11,63,4.8132764748530015
11,64,6.412863974143183
12,1,20.41901520102141
12,2,17.763818063359604
12,3,16.0756724786723
12,4,12.528128091027634
12,5,9.342353302219022
12,6,8.126132886975146
12,7,4.86884621889701
12,8,5.564194165037675
12,9,7.458776986168757
12,10,5.6743141192142925
12,11,3.810338207523043
12,13,3.7962855641689432
12,14,6.6126482665525055
12,15,9.547044363704252
12,16,12.95373288923065
12,17,16.500582441667866
12,18,18.48592345566893
12,19,18.81908381347304
12,20,20.345927745711442
12,21,17.39482529369421
12,22,15.030695270414094
12,23,18.04622505773937
12,24,18.55710117649021
12,25,14.989632998624147
12,26,15.472454401645592
12,27,19.012970179943395
12,28,18.11255847250951
12,29,16.1365589503254
12,30,19.390796181059837
12,31,18.51101122512633
12,32,21.317114906838473
12,33,19.69993537721021
12,34,17.05922594115117
12,35,16.863175133113835
12,36,14.985124519071233
12,37,14.66853838300659
12,38,15.747701386985563
12,39,15.11790341157394
12,40,13.05403876422399
12,41,12.235512263436206
12,42,8.8015140329832
12,43,10.984539654628652
12,44,11.874530501899285
12,45,9.674657771623352
12,46,11.098799668084508
12,47,12.63781209838173
12,48,14.676978356213674
12,49,17.909686227713458
12,50,19.35087285418688
12,51,17.003748568274844
12,52,18.482808007573396
12,53,17.389675144426015
12,54,16.029001014396787
12,55,13.13347437923958
12,56,9.838959747301999
12,57,8.93853178714309
12,58,7.145305461939521
12,59,9.16680328879183
12,60,10.99265727627856
12,61,9.609987492212067
12,62,7.6981879626129075
12,63,4.5213520674498335
12,64,6.87577160620349
13,1,19.014723769288416
13,2,16.131506396531552
13,3,13.840139310479694
13,4,10.246453691475008
13,5,6.58477697641801
13,6,5.929847946302106
13,7,4.339514558224996
13,8,6.742068876038598
13,9,9.834262704791145
13,10,9.11363892736368
13,11,6.684975406354793
13,12,3.7962855641689432
13,14,3.8115676154764184
13,15,6.738486283102646
13,16,9.692816808024634
13,17,13.188698247007725
13,18,14.973704098371861
13,19,15.129309205028587
13,20,16.884030037272847
13,21,14.187491239098435
13,22,11.630325381565575
13,23,14.737782832084399
13,24,15.679079039614855
13,25,12.402665205978147
13,26,12.781595390497456
13,27,16.51814646434697
13,28,16.162643246113706
13,29,14.521821864317653
13,30,17.55091921885131
13,31,16.193206498970326
13,32,18.592704771365295
13,33,16.56364754923292
13,34,13.636754353716057
13,35,13.144061607813217
13,36,11.198558281001548
13,37,11.004519093223516
13,38,12.34572988119421
13,39,12.280703095395113
13,40,10.323417828669152
13,41,10.510101791083674
13,42,7.089284530171328
13,43,8.617059881306705
13,44,8.661741968281245
13,45,5.977650194085589
13,46,7.379873264595986
13,47,9.210458791210975
13,48,11.651176169155624
13,49,15.100984926036798
13,50,17.077280482374338
13,51,15.202275449508036
13,52,17.363192321490033
13,53,16.8519564515664
13,54,16.062789310969976
13,55,12.703651522320282
13,56,9.949398345719462
13,57,8.193093322028979
13,58,6.878517580550766
13,59,10.086974528899743
13,60,12.026021544754123
13,61,11.6729225092828
13,62,10.264699298258101
13,63,7.720393524466387
13,64,10.581029766500492
14,1,20.31766442140744
14,2,17.7063566658558
14,3,15.233805824104032
14,4,12.036998166390898
14,5,8.35607073204656
14,6,7.101898919478199
14,7,6.337095392011062
14,8,7.684829863943049
14,9,11.398406877548066
14,10,11.346707793826805
14,11,9.831157922874727
14,12,6.6126482665525055
14,13,3.8115676154764184
14,15,3.78988652581438
14,16,6.6085066304368185
14,17,10.316906107047252
14,18,12.051283156416472
14,19,12.745193377423568
14,20,14.113188227304716
14,21,11.041716939013643
14,22,9.174246643584294
14,23,12.668487745622661
14,24,13.183268069518014
14,25,10.126212916479753
14,26,11.509781312423499
14,27,15.06395353302215
14,28,14.49614899487285
14,29,13.73641524375749
14,30,16.922828715673763
14,31,15.813817358461614
14,32,17.97903758901885
14,33,15.556499236371987
14,34,12.587523312983878
14,35,11.706671364049086
14,36,9.53512067458531
14,37,10.509604084137225
14,38,11.612693225579394
14,39,12.436928304369173
14,40,11.466768665147091
14,41,12.566047974615985
14,42,9.095007813108698
14,43,9.013512853029509
14,44,7.709635525135048
14,45,5.36458276464665
14,46,6.240698388052599
14,47,9.364554566862115
14,48,11.653860550298555
14,49,15.377359025197196
14,50,17.60801808160582
14,51,15.815225538306045
14,52,18.23456538875497
14,53,18.47958933680895
14,54,17.525846252533242
14,55,13.847535620810817
14,56,11.904380739000421
14,57,10.685709652148876
14,58,10.308444128103678
14,59,13.741213977931968
14,60,15.820112590108526
14,61,15.419809262054269
14,62,13.692407736695193
14,63,10.727290741242498
14,64,13.013419994961371
15,1,23.080894136353084
15,2,20.312284876905544
15,3,17.411133118490447
15,4,14.289865403837844
15,5,10.627815881141883
15,6,10.282235595254768
15,7,10.041530010128625
15,8,11.367466080387784
15,9,15.016580939865056
15,10,14.605832443165504
15,11,13.10124478211913
15,12,9.547044363704252
15,13,6.738486283102646
15,14,3.78988652581438
15,16,3.815435195775025
15,17,7.177003626408064
15,18,9.748506768056156
15,19,11.363900711610311
15,20,13.13248345105022
15,21,10.275035206066466
15,22,9.251367466421415
15,23,13.025704657094137
15,24,13.815859339719243
15,25,11.569362503847138
15,26,13.334088777963254
15,27,16.737969397166513
15,28,16.51067751910138
15,29,16.406089845831772
15,30,19.352710957420452
15,31,17.98167336101188
15,32,19.5566972093787
15,33,16.58905846507933
15,34,13.278826668800507
15,35,11.358635749104815
15,36,8.303920620284035
15,37,9.400580738407248
15,38,9.409209251567743
15,39,10.471559378761935
15,40,10.67387734157959
15,41,12.28144687006514
15,42,9.081310343093667
15,43,7.41336986522038
15,44,5.375410358297129
15,45,5.022237295884921
15,46,6.929455077019238
15,47,10.55462551887663
15,48,13.342537906505449
15,49,17.0464392225919
15,50,19.789697122914927
15,51,18.51341423247316
15,52,21.289775273326434
15,53,21.783974941905342
15,54,21.087157273702314
15,55,17.35244842080874
15,56,15.558530934662228
15,57,13.982882289697411
15,58,13.261315589194972
15,59,16.664167693311118
15,60,18.22593295331599
15,61,17.79522390089763
15,62,15.75066171017766
15,63,12.971038996664992
15,64,15.36528164412303
16,1,23.161441280478606
16,2,20.5194826680314
16,3,17.39231528754245
16,4,14.819246878278689
16,5,11.621315021631178
16,6,11.589645673222401
16,7,12.429032816921081
16,8,14.029328054666115
16,9,17.85534052192947
16,10,17.93476202060452
16,11,16.259355708263993
16,12,12.95373288923065
16,13,9.692816808024634
16,14,6.6085066304368185
16,15,3.815435195775025
16,17,3.7410971511164663
16,18,5.9361059176981525
16,19,7.9067285835973005
16,20,9.76638594852499
16,21,7.362252198068507
16,22,7.006404801240668
16,23,10.645762981461724
16,24,11.73550727782716
16,25,10.485725027096272
16,26,12.344644452107962
16,27,15.392671683816545
16,28,15.697968351835993
16,29,16.255927424342243
16,30,18.735465986876985
16,31,17.14394453293756
16,32,18.06297962799392
16,33,14.71315268910305
16,34,11.40862869960632
16,35,8.908587533767893
16,36,5.834348379245883
16,37,8.08205278610769
16,38,8.170921753089434
16,39,10.520509241651697
16,40,11.350709804770455
16,41,13.906133671383365
16,42,11.422734696373785
16,43,9.085114779000346
16,44,5.682814348143616
16,45,5.787029660107137
16,46,6.412141507380038
16,47,10.066695095482023
16,48,12.610837709434842
16,49,16.110272893180788
16,50,19.16854501377215
16,51,18.432534527741012
16,52,21.565038287100204
16,53,22.6300520740169
16,54,22.296026314783223
16,55,18.495572766987923
16,56,17.346768999490443
16,57,15.665022954411363
16,58,15.492355658201392
16,59,19.144168232697982
16,60,20.82197003642606
16,61,20.885633119340646
16,62,19.170067744033354
16,63,16.57393870735025
16,64,19.087033919728956
17,1,25.50216145379625
17,2,22.84912062113377
17,3,19.509397475783775
17,4,17.26158237397513
17,5,14.40952401023392
17,6,14.869769659976384
17,7,16.048771208740618
17,8,17.764869353610536
17,9,21.59510920886026
17,10,21.613526672418562
17,11,19.835893007316287
17,12,16.500582441667866
17,13,13.188698247007725
17,14,10.316906107047252
17,15,7.177003626408064
17,16,3.7410971511164663
17,18,3.8321411894552186
17,19,6.95274174371249
17,20,9.149612591548582
17,21,7.918545492392897
17,22,8.574018929630082
17,23,11.562206183699786
17,24,12.967121624854506
17,25,12.758030568292835
17,26,14.5254855316131
17,27,17.15494530405105
17,28,17.902482199415594
17,29,18.914300668500623
17,30,20.975635451392492
17,31,19.165014401974297
17,32,19.41444706732147
17,33,15.769603464293295
17,34,12.537798519051625
17,35,9.339803423809885
17,36,6.287959271071037
17,37,8.54232980479106
17,38,7.66723350201078
17,39,10.59089530013292
17,40,12.408694583197853
17,41,15.39566999053497
17,42,13.58613281313141
17,43,10.548825950630434
17,44,6.991892501606034
17,45,8.40830021069845
17,46,8.988330713918424
17,47,12.112241386568241
17,48,14.610448822047328
17,49,17.738635314662737
17,50,21.079476284460842
17,51,20.878824858905094
17,52,24.23634120466207
17,53,25.546043963826442
17,54,25.50003147568321
17,55,21.7249799427252
17,56,20.77848359994824
17,57,18.892329724594077
17,58,18.672520542242637
17,59,22.303332496035466
17,60,23.727360422684878
17,61,23.95703212463384
17,62,22.25509944489702
17,63,19.869215001587655
17,64,22.484817740668323
18,1,24.209951792051164
18,2,21.904715597695503
18,3,18.68385393567859
18,4,17.119913999681533
18,5,14.87015210570874
18,6,15.18160715489053
18,7,17.045417369719235
18,8,18.844384207177107
18,9,22.716522038887287
18,10,23.312046437921687
18,11,21.478873154455126
18,12,18.48592345566893
18,13,14.973704098371861
18,14,12.051283156416472
18,15,9.748506768056156
18,16,5.9361059176981525
18,17,3.8321411894552186
18,19,3.8037093828343007
18,20,5.545230111754753
18,21,5.490713124335394
18,22,6.828008391312743
18,23,8.85574680294919
18,24,10.394053100890837
18,25,11.211833249261128
18,26,12.799184741286105
18,27,14.818305815788001
18,28,16.006797384370067
18,29,17.49120761776519
18,30,19.026475034827744
18,31,17.204921043658796
18,32,16.926233564198522
18,33,13.22607694321517
18,34,10.48016234954295
18,35,7.458819531971371
18,36,5.92737988167701
18,37,9.198733376579964
18,38,9.49714318327785
18,39,13.038854033551091
18,40,14.413261275313598
18,41,17.756849531624333
18,42,16.16734032443916
18,43,13.540828969284885
18,44,9.75873153007063
18,45,10.098257015491942
18,46,9.191841755088934
18,47,11.736811957813671
18,48,13.407667701700548
18,49,16.110430948002435
18,50,19.39296484752497
18,51,19.542678583094776
18,52,22.990908613346523
18,53,24.806540784707902
18,54,24.98903232733308
18,55,21.30053336036176
18,56,21.013931225186493
18,57,19.30672154661935
18,58,19.769519141183657
18,59,23.550611424182936
18,60,25.332708643586283
18,61,25.96550164696438
18,62,24.646120289238
18,63,22.255926117210475
18,64,24.882183311102025
19,1,21.223207873512546
19,2,19.047307866521123
19,3,15.868365181869938
19,4,14.909025124911153
19,5,13.389010411575255
19,6,13.973260226852677
19,7,16.560819320694275
19,8,18.78681475770837
19,9,22.56153335021121
19,10,23.48316243653814
19,11,21.321053276727753
19,12,18.81908381347304
19,13,15.129309205028587
19,14,12.745193377423568
19,15,11.363900711610311
19,16,7.9067285835973005
19,17,6.95274174371249
19,18,3.8037093828343007
19,20,3.8169108437872983
19,21,5.447533241320754
19,22,5.34400333879639
19,23,6.107382184922926
19,24,8.721876856327802
19,25,9.9984910669874
19,26,10.544219325183601
19,27,12.368232143214872
19,28,14.331423755317044
19,29,15.615904139098484
19,30,16.543605347592933
19,31,14.314513092768038
19,32,13.563897132382845
19,33,9.786979940268994
19,34,7.199039733876023
19,35,4.3134087076059515
19,36,4.828828175508873
19,37,8.252801454291388
19,38,9.884579123869752
19,39,13.620935161314955
19,40,14.245934131050229
19,41,17.786397424495654
19,42,16.571188732593658
19,43,14.560155791284174
19,44,10.832764019712757
19,45,10.174617170603115
19,46,8.170105197049548
19,47,9.61022164529304
19,48,10.647374481155905
19,49,12.853173628343452
19,50,16.185684634204886
19,51,16.808771683749598
19,52,20.398994232619806
19,53,22.41595916527941
19,54,23.038518910466536
19,55,19.539276010317973
19,56,19.658359931345743
19,57,17.841628712530806
19,58,18.751251757485896
19,59,22.527739696680708
19,60,24.48544038454188
19,61,25.633200558851268
19,62,24.85456973671293
19,63,22.73031129480757
19,64,25.553912570956722
20,1,21.525333761854544
20,2,19.94171708042409
20,3,17.241641052841754
20,4,16.7041022862111
20,5,15.362554537483692
20,6,15.110648949174632
20,7,17.636236200544936
20,8,19.31381931314117
20,9,23.019472311957944
20,10,24.451411809622922
20,11,22.71582852006848
20,12,20.345927745711442
20,13,16.884030037272847
20,14,14.113188227304716
20,15,13.13248345105022
20,16,9.76638594852499
20,17,9.149612591548582
20,18,5.545230111754753
20,19,3.8169108437872983
20,21,3.8432762529510183
20,22,5.543052842276918
20,23,4.947268836365477
20,24,6.208712835278868
20,25,8.66815679186922
20,26,9.834271993457534
20,27,10.615331094827443
20,28,12.320786551615063
20,29,14.431940930532202
20,30,15.177562067516952
20,31,13.633051364604757
20,32,12.816038986848076
20,33,9.411463190561758
20,34,8.074586897082376
20,35,6.802841380066767
20,36,8.143157562225026
20,37,11.80775004254675
20,38,13.549404763240023
20,39,17.21617734216238
20,40,17.707293997675635
20,41,21.09617990475021
20,42,19.49731605789331
20,43,17.63380659005167
20,44,13.879289181817132
20,45,12.810093311733006
20,46,10.235364321268506
20,47,11.735920818353692
20,48,11.738458595263687
20,49,13.689137194616306
20,50,16.452823329850116
20,51,16.828463899958603
20,52,20.1388230522198
20,53,22.644384825393608
20,54,22.98575413707502
20,55,19.571596153863368
20,56,20.28455525055453
20,57,19.11259681427701
20,58,20.59328696861863
20,59,24.416275365848442
20,60,26.773982517072934
20,61,27.814554952375307
20,62,26.99943259567581
20,63,24.561075892872182
20,64,27.03207661999136
21,1,21.3041524146127
21,2,19.63168997014907
21,3,17.04742127771627
21,4,15.886780544152247
21,5,13.89774874750658
21,6,12.978543122945322
21,7,14.919198437302809
21,8,16.1414723903316
21,9,19.88377379177268
21,10,21.296029001187254
21,11,19.920356729634403
21,12,17.39482529369421
21,13,14.187491239098435
21,14,11.041716939013643
21,15,10.275035206066466
21,16,7.362252198068507
21,17,7.918545492392897
21,18,5.490713124335394
21,19,5.447533241320754
21,20,3.8432762529510183
21,22,3.792310843182075
21,23,5.394284206732215
21,24,5.289845368650591
21,25,6.305374189576743
21,26,8.706764222731803
21,27,10.186045549041975
21,28,10.799711780983309
21,29,12.795727858141907
21,30,14.469583352502076
21,31,13.426456140750641
21,32,13.687249210370863
21,33,10.515408709161921
21,34,8.70361342778761
21,35,7.623265511019753
21,36,7.830834016865335
21,37,11.634492241075073
21,38,13.244079963904534
21,39,16.53286697190582
21,40,16.86472513272719
21,41,19.867819647758456
21,42,17.664603704398452
21,43,15.943552125802295
21,44,12.329984810653961
21,45,10.983063546997487
21,46,8.591777953410041
21,47,11.043673564785601
21,48,11.397491250853419
21,49,14.126489850502537
21,50,16.683307937629635
21,51,16.217136265882523
21,52,19.286022835071414
21,53,21.514204462216814
21,54,21.290122328119985
21,55,17.679066462483252
21,56,18.089048737072005
21,57,17.240494829547092
21,58,18.623048323671085
21,59,22.461568976192723
21,60,24.945919400217036
21,61,25.55852827704542
21,62,24.438821404556418
21,63,21.697951225266145
21,64,23.882731101559358
22,1,18.002698427667838
22,2,16.051194080181865
22,3,13.342084225732146
22,4,12.099194532103798
22,5,10.275215806822484
22,6,9.63699283878981
22,7,12.102362164904326
22,8,13.967445442960104
22,9,17.669876120179623
22,10,19.04159645613157
22,11,17.214917000917517
22,12,15.030695270414094
22,13,11.630325381565575
22,14,9.174246643584294
22,15,9.251367466421415
22,16,7.006404801240668
22,17,8.574018929630082
22,18,6.828008391312743
22,19,5.34400333879639
22,20,5.543052842276918
22,21,3.792310843182075
22,23,3.786434122248823
22,24,5.417844920103002
22,25,4.974265099473179
22,26,6.050510967885273
22,27,8.64694873969444
22,28,9.819877202491138
22,29,10.759286508124772
22,30,12.440931729387405
22,31,10.77104158774686
22,32,11.354801967820304
22,33,8.10819587106423
22,34,5.590203094998257
22,35,5.009679621730043
22,36,5.734075479149772
22,37,9.197717991092627
22,38,11.65271110695181
22,39,14.720754261509587
22,40,14.321685725646402
22,41,17.240273407879542
22,42,15.20072950710062
22,43,14.095119240618077
22,44,10.714412495229784
22,45,8.465891366640204
22,46,5.3103533269311685
22,47,7.333808340376794
22,48,7.7290229782798345
22,49,10.749873743735938
22,50,13.476694755657347
22,51,13.028853820416629
22,52,16.305161817181173
22,53,18.264425559273008
22,54,18.338134424831757
22,55,14.715329278719338
22,56,14.967422940653767
22,57,13.772597142080674
22,58,15.23173401144404
22,59,19.065641546330216
22,60,21.580895491537923
22,61,22.502743346436258
22,62,21.764051736801
22,63,19.321204886412115
22,64,21.788652976725793
23,1,16.67081309868344
23,2,15.275994743771811
23,3,12.923428516814553
23,4,12.792536328394423
23,5,12.05378235910542
23,6,11.485605099278422
23,7,14.482940013654739
23,8,16.37464589417416
23,9,19.813544698790892
23,10,21.625396761345343
23,11,19.748886977814443
23,12,18.04622505773937
23,13,14.737782832084399
23,14,12.668487745622661
23,15,13.025704657094137
23,16,10.645762981461724
23,17,11.562206183699786
23,18,8.85574680294919
23,19,6.107382184922926
23,20,4.947268836365477
23,21,5.394284206732215
23,22,3.786434122248823
23,24,3.7950593440686937
23,25,5.478833190194498
23,26,5.131811342463171
23,27,6.266476687593926
23,28,8.612870282582643
23,29,10.017144044153591
23,30,10.554804380079393
23,31,8.738736611396114
23,32,8.39533860635223
23,33,5.133541885789615
23,34,4.2577372700029645
23,35,5.440785307544054
23,36,8.098214036520988
23,37,11.323351922735716
23,38,14.181513730408614
23,39,17.46199204409426
23,40,16.88120041722422
23,41,19.95454466595343
23,42,18.300006288264356
23,43,17.39599526866455
23,44,14.026514761229503
23,45,11.691490007507271
23,46,8.155055108057473
23,47,8.623935774130599
23,48,7.448947573666621
23,49,9.308492853028154
23,50,11.727510501371816
23,51,11.899795261890779
23,52,15.200223667642991
23,53,17.76929979140191
23,54,18.257884799440163
23,55,15.001421477951599
23,56,16.0939754496351
23,57,15.125672575879488
23,58,17.194343462836535
23,59,20.90485734109639
23,60,23.60341851495324
23,61,24.938846665469185
23,62,24.620404650515145
23,63,22.360061970848157
23,64,24.81574430793326
24,1,17.900763560189713
24,2,17.05547997847358
24,3,15.278059314467473
24,4,15.082907965077645
24,5,14.081630896133893
24,6,12.510960515503228
24,7,14.919873858200512
24,8,15.952562876438538
24,9,19.252224474096447
24,10,21.475819007564255
24,11,20.228893897721836
24,12,18.55710117649021
24,13,15.679079039614855
24,14,13.183268069518014
24,15,13.815859339719243
24,16,11.73550727782716
24,17,12.967121624854506
24,18,10.394053100890837
24,19,8.721876856327802
24,20,6.208712835278868
24,21,5.289845368650591
24,22,5.417844920103002
24,23,3.7950593440686937
24,25,3.846884752423919
24,26,5.45366990868825
24,27,5.2683507602274595
24,28,6.1549721994104
24,29,8.760837812859815
24,30,9.741351155585587
24,31,9.357873024226029
24,32,9.750475264114018
24,33,7.619586531719244
24,34,7.719691224954845
24,35,9.002345747841751
24,36,10.928604759135823
24,37,14.393397626269998
24,38,16.956485156171027
24,39,20.12596203628126
24,40,19.61883353962638
24,41,22.43903286003642
24,42,20.278115256089894
24,43,19.397226163211876
24,44,16.066347742879827
24,45,13.675150424384082
24,46,10.276551950451829
24,47,11.399645071281446
24,48,9.971211127674712
24,49,11.876865904599038
24,50,13.457637626559674
24,51,12.817712861861336
24,52,15.494422760409194
24,53,18.31586183685001
24,54,18.132774310332575
24,55,14.925735232396491
24,56,16.39412583615566
24,57,16.2529059910723
24,58,18.62020996776677
24,59,22.28505897217092
24,60,25.282119647306672
24,61,26.246359089757394
24,62,25.69081987016964
24,63,23.045933012839523
24,64,25.0132768515228
25,1,16.525581634968127
25,2,15.40855026149629
25,3,13.725212029563439
25,4,12.89627166100926
25,5,11.452410388863798
25,6,9.229913248508032
25,7,11.261377048128432
25,8,12.114282998082079
25,9,15.41355551474667
25,10,17.65152782089692
25,11,16.530622580088977
25,12,14.989632998624147
25,13,12.402665205978147
25,14,10.126212916479753
25,15,11.569362503847138
25,16,10.485725027096272
25,17,12.758030568292835
25,18,11.211833249261128
25,19,9.9984910669874
25,20,8.66815679186922
25,21,6.305374189576743
25,22,4.974265099473179
25,23,5.478833190194498
25,24,3.846884752423919
25,26,3.8702273945167125
25,27,5.687730808227298
25,28,5.220022000014428
25,29,6.597042729971702
25,30,8.944090362256286
25,31,8.736935102262153
25,32,10.481623283425153
25,33,8.64523606750246
25,34,7.916443866737756
25,35,9.313686122712856
25,36,10.484279937514602
25,37,13.54717211873455
25,38,16.182618689840425
25,39,18.844718922809516
25,40,17.915950337363586
25,41,20.275833950352542
25,42,17.767430701403427
25,43,17.367006355611952
25,44,14.458489884342303
25,45,11.575589750517974
25,46,8.304769093891592
25,47,9.757368154914126
25,48,8.647184892192085
25,49,11.305687303992404
25,50,12.72434983353169
25,51,11.19469277444628
25,52,13.686331983513146
25,53,15.9900242781094
25,54,15.360201398316981
25,55,11.885981555850641
25,56,12.965256835694563
25,57,13.054150092226335
25,58,15.398848721599537
25,59,19.009313606845765
25,60,22.119456037807257
25,61,22.841793358130506
25,62,22.22723614912393
25,63,19.497871177740976
25,64,21.316936620231044
26,1,12.903565482879834
26,2,11.824213992889364
26,3,10.282535742161427
26,4,10.202194820392174
26,5,9.825746444716453
26,6,8.140076901272169
26,7,11.129606590413207
26,8,12.793259281285021
26,9,15.772266050281232
26,10,18.069202300494332
26,11,16.383757632588186
26,12,15.472454401645592
26,13,12.781595390497456
26,14,11.509781312423499
26,15,13.334088777963254
26,16,12.344644452107962
26,17,14.5254855316131
26,18,12.799184741286105
26,19,10.544219325183601
26,20,9.834271993457534
26,21,8.706764222731803
26,22,6.050510967885273
26,23,5.131811342463171
26,24,5.45366990868825
26,25,3.8702273945167125
26,27,3.853032296741444
26,28,5.454161598721572
26,29,5.23009698303161
26,30,6.503553550149787
26,31,5.135198422193488
26,32,7.070441621727758
26,33,5.688424926080845
26,34,5.652736050900392
26,35,8.39831972073675
26,36,10.551631537752852
26,37,12.989007326983772
26,38,16.255496013835
26,39,18.82760612969399
26,40,17.335842857699713
26,41,19.70285328063053
26,42,17.708923071629446
26,43,17.821023995814095
26,44,15.131600794672087
26,45,11.829093482459335
26,46,8.1169627303803
26,47,7.918004402609578
26,48,5.546942646600496
26,49,7.630627217614821
26,50,8.862524155937878
26,51,7.663052179285755
26,52,10.593759139116166
26,53,13.07907122969829
26,54,13.20777726653486
26,55,9.976107890811605
26,56,11.507120605005529
26,57,11.262638675956977
26,58,14.053380848183384
26,59,17.519002097902145
26,60,20.68049217903307
26,61,21.999803095504962
26,62,22.01887167189548
26,63,19.79416652340596
26,64,21.932118363244232
27,1,13.349862540485523
27,2,13.297090481040897
27,3,12.498576636322426
27,4,13.314851363786978
27,5,13.504010016485278
27,6,11.739063252994335
27,7,14.545983358310107
27,8,15.722213626911325
27,9,18.366873439174167
27,10,21.07751155298919
27,11,19.708718263244783
27,12,19.012970179943395
27,13,16.51814646434697
27,14,15.06395353302215
27,15,16.737969397166513
27,16,15.392671683816545
27,17,17.15494530405105
27,18,14.818305815788001
27,19,12.368232143214872
27,20,10.615331094827443
27,21,10.186045549041975
27,22,8.64694873969444
27,23,6.266476687593926
27,24,5.2683507602274595
27,25,5.687730808227298
27,26,3.853032296741444
