1,2,3.8097603003891813
1,3,6.685209784841486
1,4,9.425737568508342
1,5,12.193467332552988
1,6,15.011397074636383
1,7,17.69826796849354
1,8,20.352552913510355
1,9,20.907235685737692
1,10,24.217488781181327
1,11,25.713417843793017
1,12,26.26141180098158
1,13,29.03726210511106
1,14,30.660764371041022
1,15,28.71643182284403
1,16,30.21181830255925
1,17,30.455654123535247
1,18,29.19267897398846
1,19,31.331170048610705
1,20,29.814825460541567
1,21,30.45691620231407
1,22,27.084669909473718
1,23,26.714049953767425
1,24,24.795419451768804
1,25,23.779356947808513
1,26,23.03956952920425
1,27,21.493566425152903
1,28,21.682229244480286
1,29,19.135096110737262
1,30,20.9349546409209
1,31,18.307510711681186
1,32,17.287450537868427
1,33,13.4971798391747
1,34,12.59449980480224
1,35,10.301226527059548
1,36,9.102323442519001
1,37,8.723154103914391
1,38,12.380657435564935
1,39,13.92990884564792
1,40,16.65167834858442
1,41,19.55909896326107
1,42,23.100863673716706
1,43,26.27803900163862
1,44,29.783090871598702
1,45,32.97542094367061
1,46,33.106630648926064
1,47,29.715039570103254
1,48,28.33461484041175
1,49,24.679216541670396
1,50,24.662802550856917
1,51,21.715384923937645
1,52,21.00671440865124
1,53,22.145176132009254
1,54,19.067752917488516
1,55,19.795076484585227
1,56,17.070305543568047
1,57,14.015736914838056
1,58,10.77229413000333
1,59,12.65352805583368
1,60,11.164546670642874
1,61,13.262944349360945
1,62,13.175882155706232
1,63,16.506198465746774
1,64,18.33530637968949
1,65,21.509253545238035
1,66,20.525669873767338
1,67,20.974454963480657
1,68,18.64855585128354
1,69,20.23213804276125
1,70,19.278033191411375
1,71,21.499344978346564
1,72,22.670978502906976
1,73,25.363466178653
1,74,27.54254132230004
1,75,30.39567942234964
1,76,34.029981983181216
1,77,35.5248147782504
1,78,33.92794272114974
1,79,30.251788376407593
1,80,27.580463121406666
1,81,24.238057973226308
1,82,22.048752958232935
1,83,19.402733848748305
1,84,17.674968876029816
1,85,17.838946028403814
1,86,20.96473521493928
1,87,24.608651185071054
1,88,23.92724804400587
1,89,22.07803352325219
1,90,23.67346776024227
1,91,25.762854067889947
1,92,27.602508336449194
1,93,30.482599587415304
1,94,31.071226431959335
1,95,34.22238602833913
1,96,34.17584837309826
1,97,37.808946794379665
1,98,39.74692531553628
2,1,3.8097603003891813
2,3,3.815224334618899
2,4,6.458895443053823
2,5,8.614370086832889
2,6,11.617631255102213
2,7,14.04109924576328
2,8,16.7289154267179
2,9,17.355286869140244
2,10,20.708188617212084
2,11,22.40810855266439
2,12,22.974075244244066
2,13,25.945123840481997
2,14,27.754356462968566
2,15,26.07517588021386
2,16,27.89208106373476
2,17,28.540545288951975
2,18,27.527448817091535
2,19,29.95957439763462
2,20,28.80215242483249
2,21,29.2230102943408
2,22,25.717904424742965
2,23,24.863001864495963
2,24,22.65310559747176
2,25,21.19412259339844
2,26,20.193130438214506
2,27,18.27924762098858
2,28,18.17869322321448
2,29,15.449035253406215
2,30,17.13426098520966
2,31,14.514774455547819
2,32,13.64440951205358
2,33,9.91863328757228
2,34,9.0201701747329
2,35,7.0352784335391405
2,36,5.3508010718497365
2,37,5.664975977086024
2,38,9.458992398765615
2,39,11.445808272733553
2,40,14.537693799246238
2,41,17.803428265874217
2,42,21.42549159491499
2,43,24.602555898612533
2,44,28.243171252644263
2,45,31.194174988886083
2,46,31.37614665611581
2,47,27.841099769748737
2,48,26.900539888499555
2,49,23.401070646360097
2,50,23.728956600541956
2,51,21.160901211031923
2,52,20.712736507421862
2,53,21.28748244403754
2,54,18.018344025031084
2,55,18.9723743172612
2,56,16.009441155577207
2,57,13.601387212535252
2,58,9.924522985606062
2,59,10.682069613870041
2,60,8.46040818376214
2,61,9.983237881743843
2,62,10.267692319106105
2,63,13.325343069583788
2,64,14.770070398453539
2,65,18.11318797551455
2,66,17.393023865602636
2,67,17.836392158214597
2,68,15.816092766587719
2,69,17.82239335484368
2,70,17.102582900283487
2,71,19.790284256785196
2,72,21.147684992984516
2,73,24.201119507254614
2,74,26.129334291250554
2,75,29.206512747231415
2,76,32.72906706869638
2,77,33.91488276532472
2,78,32.06547404364988
2,79,28.374501284948717
2,80,25.41622709036328
2,81,21.986054932197675
2,82,19.551065682405554
2,83,16.567863150242374
2,84,14.622642790245337
2,85,15.050621133023316
2,86,18.245641759101755
2,87,21.752746810376156
2,88,20.69990525938316
2,89,19.0091283793341
2,90,20.541859190177497
2,91,22.947356485155993
2,92,24.875353286738108
2,93,27.988167323150076
2,94,28.832272180253756
2,95,32.179251297664614
2,96,32.44572508286328
2,97,36.133200764399646
2,98,38.3635495116873
3,1,6.685209784841486
3,2,3.815224334618899
3,4,3.8797423014825827
3,5,6.337893586771718
3,6,8.491265720169084
3,7,11.49479578393045
3,8,14.532413128983931
3,9,15.896425652573692
3,10,19.51964657912656
3,11,21.736137753310622
3,12,22.76553793371216
3,13,25.900083236273737
3,14,27.66432716285275
3,15,26.099746544046226
3,16,28.341409510582068
3,17,29.316619329365995
3,18,28.781680857875212
3,19,31.547620346551284
3,20,30.474275994528515
3,21,30.452331936423544
3,22,26.782307671722588
3,23,25.48918625316112
3,24,23.35729839435253
3,25,21.39981547123293
3,26,20.533789070050766
3,27,18.085612528596275
3,28,17.746187911681208
3,29,14.55724086830354
3,30,15.567012448909061
3,31,12.582209089206328
3,32,11.981777380199642
3,33,8.307119085636463
3,34,8.858745131078768
3,35,8.113961946718522
3,36,5.368992986912177
3,37,5.936490106553621
3,38,9.044745877802365
3,39,10.201756752360659
3,40,13.802019297469514
3,41,16.923626283586593
3,42,20.69179202800753
3,43,23.505710666567207
3,44,27.252292659059925
3,45,30.010782190659377
3,46,29.82670382325194
3,47,26.17875278311676
3,48,25.37556265696877
3,49,22.131459644878355
3,50,23.063603164856648
3,51,20.950691349808196
3,52,21.18384690671261
3,53,21.72441143069974
3,54,18.726937673076744
3,55,20.34058694315349
3,56,17.676571823550418
3,57,15.72515356516054
3,58,11.905889031146064
3,59,12.121736581669108
3,60,9.890722286303877
3,61,10.750196621686852
3,62,11.786619505024927
3,63,14.114281004627538
3,64,14.605885578650216
3,65,18.2949312788247
3,66,18.157068301020022
3,67,18.38949706491392
3,68,16.703450254374903
3,69,18.89910443947145
3,70,17.95085508717226
3,71,20.771678591883
3,72,21.74816966304394
3,73,24.857217377095058
3,74,26.265999125279787
3,75,29.252456471645054
3,76,32.768157257137226
3,77,33.56794802011647
3,78,31.35954429393559
3,79,27.600718699036175
3,80,24.439720370549466
3,81,21.23662279434639
3,82,18.310890861354732
3,83,15.396500449100953
3,84,12.748821155970436
3,85,12.46040625994877
3,86,15.256517694292894
3,87,18.838241527871624
3,88,17.979131039526447
3,89,16.764195207470127
3,90,18.84021694205207
3,91,21.37073939385479
3,92,23.776653424517335
3,93,26.98465035561493
3,94,28.302876594497945
3,95,31.79094725736084
3,96,32.473223163433225
3,97,36.269937534984706
3,98,38.654349995292435
4,1,9.425737568508342
4,2,6.458895443053823
4,3,3.8797423014825827
4,5,3.834804509667216
4,6,6.1532488598330755
4,7,9.10872809411298
4,8,11.608875749384588
4,9,12.881669637631543
4,10,16.54282716466586
4,11,18.773279552864103
4,12,20.26803441929466
4,13,23.234733022585985
4,14,24.70259381456698
4,15,23.01443530816831
4,16,25.426596024844397
4,17,26.51989903294833
4,18,26.375075066064575
4,19,29.3894224484292
4,20,28.34317008078956
4,21,27.9208212599662
4,22,24.160927265160883
4,23,22.58069205365878
4,24,20.63117467699411
4,25,18.463100805766423
4,26,17.985493881624624
4,27,15.459292729016699
4,28,15.536981780138314
4,29,12.496667458940896
4,30,13.668505427655811
4,31,11.226259033471598
4,32,11.85477720868965
4,33,8.871598813972334
4,34,9.381631510533722
4,35,9.2315440627438
4,36,5.511367752530444
4,37,4.489928435649205
4,38,6.130553868746033
4,39,6.542128861858941
4,40,10.2912223420511
4,41,13.377919844429881
4,42,17.139541159446175
4,43,19.84505831318329
4,44,23.621215391035303
4,45,26.263243489714466
4,46,26.086564763304022
4,47,22.40954533950407
4,48,21.799296619138286
4,49,18.67012355184923
4,50,19.819933216862427
4,51,18.070278511881064
4,52,18.64794124406734
4,53,18.887143639060426
4,54,16.07251977081729
4,55,18.146075929344352
4,56,15.822978808897005
4,57,14.499274324203178
4,58,10.801227116277452
4,59,10.452691616360678
4,60,8.864447791242192
4,61,9.860985372200938
4,62,12.0981430807805
4,63,14.166772237056408
4,64,13.905159064514557
4,65,17.586889414227926
4,66,17.284717882081733
4,67,16.7687877811969
4,68,14.929138083052049
4,69,16.832936404690454
4,70,15.46555335439484
4,71,18.21519034386034
4,72,18.85518206451378
4,73,21.984194231019337
4,74,23.03633559576905
4,75,25.998681051494906
4,76,29.45191994200021
4,77,30.03651620537075
4,78,27.684938944407936
4,79,23.923338998974735
4,80,20.691517111738737
4,81,17.583758339782023
4,82,14.51981987941881
4,83,11.722183634194028
4,84,8.98344138926066
4,85,8.713932442440964
4,86,11.789280567118029
4,87,15.330175069161934
4,88,14.54648995685491
4,89,13.029393294598803
4,90,15.165072352497942
4,91,17.557781180664676
4,92,20.064681939154
4,93,23.239319583806175
4,94,24.70371359088359
4,95,28.225164301127244
4,96,29.102278694733823
4,97,32.93814953298079
4,98,35.408089472009515
5,1,12.193467332552988
5,2,8.614370086832889
5,3,6.337893586771718
5,4,3.834804509667216
5,6,3.818101765940922
5,7,5.629025303908296
5,8,8.250267356988632
5,9,9.654710322083965
5,10,13.35182108593582
5,11,15.886266531097727
5,12,17.258965341971507
5,13,20.489586158623275
5,14,22.29109833488984
5,15,21.09084116687826
5,16,23.82365175834913
5,17,25.400083972994054
5,18,25.436212122059267
5,19,28.619784372172894
5,20,28.065748849533282
5,21,27.559460033490737
5,22,23.83035799389713
5,23,21.775521900312945
5,24,19.425464008691225
5,25,16.770984631960705
5,26,15.791452763131426
5,27,12.779471100519698
5,28,12.261215302418638
5,29,8.9352774681224
5,30,9.839279646326817
5,31,7.5017910114504405
5,32,8.698129961705645
5,33,6.538473261357183
5,34,7.193674964852904
5,35,8.142406240634399
5,36,4.873546126885236
5,37,5.402640648554849
5,38,5.660801995544329
5,39,6.953364103380629
5,40,10.54739835648678
5,41,13.896498021624192
5,42,17.40610712615221
5,43,20.058704215620974
5,44,23.834090564225544
5,45,26.082818209154738
5,46,26.10090878065687
5,47,22.360615929473063
5,48,22.411122997880526
5,49,19.607201296181863
5,50,20.975122569156987
5,51,19.675205132969424
5,52,20.270482080023214
5,53,19.80443982003356
5,54,16.856516333040133
5,55,18.7916923385023
5,56,16.25741947178966
5,57,15.6840855300721
5,58,12.17231018640823
5,59,10.556460561179035
5,60,8.35485256764808
5,61,7.913097582603253
5,62,10.498890654701631
5,63,11.677128638117779
5,64,10.655832169869598
5,65,14.366563311289735
5,66,14.499595919030703
5,67,14.043009981288193
5,68,12.886852392602606
5,69,15.31589579598626
5,70,14.53907981956265
5,71,17.75676888994483
5,72,18.772743508718793
5,73,22.214770696586413
5,74,23.060667502032185
5,75,26.257154583068704
5,76,29.446836937917382
5,77,29.719966201432914
5,78,27.180028463790585
5,79,23.53483922456027
5,80,20.02383809288504
5,81,16.84381802882417
5,82,13.64859684738089
5,83,10.320241503720569
5,84,7.374894639841476
5,85,8.00386598635939
5,86,11.004402139715191
5,87,14.026453470517625
5,88,12.357368337021294
5,89,11.188425585799026
5,90,12.992646942386138
5,91,15.971156909916385
5,92,18.437509199106493
5,93,21.917755750820525
5,94,23.61900296622213
5,95,27.311522367301496
5,96,28.48962145055414
5,97,32.272626821060896
5,98,35.048443937786374
6,1,15.011397074636383
6,2,11.617631255102213
6,3,8.491265720169084
6,4,6.1532488598330755
6,5,3.818101765940922
6,7,3.8384714317091753
6,8,7.085349615200991
6,9,9.859841028821325
6,10,13.571345771023763
6,11,16.69006343411702
6,12,18.487154345027264
6,13,21.77506744010963
6,14,23.51134735493089
6,15,22.56385500401366
6,16,25.65036106595419
6,17,27.52336479286706
6,18,27.984805391279206
6,19,31.35797668742774
6,20,30.90290128697635
6,21,30.055072381115817
6,22,26.3021769184297
6,23,23.920433197636996
6,24,21.727872268058363
6,25,18.71337194363925
6,26,17.871659288098826
6,27,14.493730513187696
6,28,13.591722320490922
6,29,10.060081695692633
6,30,9.57416574545478
6,31,6.94091801476179
6,32,8.576416625494325
6,33,7.408120900170231
6,34,9.550475800110402
6,35,11.207472960764319
6,36,8.379363028163421
6,37,9.089975970367716
6,38,8.805218171087034
6,39,8.805913833260892
6,40,12.259207871048089
6,41,15.047358130945291
6,42,18.429272618890767
6,43,20.497028884476983
6,44,24.242328344467257
6,45,26.158301604335993
6,46,25.742931438106243
6,47,21.963049481045815
6,48,22.257035781080706
6,49,19.91777250071134
6,50,21.91849186932875
6,51,21.157573071251658
6,52,22.347338028924497
6,53,21.898006541985094
6,54,19.35366600988852
6,55,21.698016536060436
6,56,19.496649731393592
6,57,19.135846645259473
6,58,15.700335366827689
6,59,14.085124922513684
6,60,12.090024322084904
6,61,11.220654958410108
6,62,13.695925629254637
6,63,14.139556783196973
6,64,12.31856465270139
6,65,15.975716191865322
6,66,16.803980155431134
6,67,16.321586207818033
6,68,15.703684383580114
6,69,18.15387347455286
6,70,17.306181957588585
6,71,20.42948134207368
6,72,21.068557816301308
6,73,24.400701628720558
6,74,24.715624903408926
6,75,27.715170494689083
6,76,30.79869774260666
6,77,30.64470450998679
6,78,27.759361227856694
6,79,24.162041374053118
6,80,20.52888385084647
6,81,17.803135399348946
6,82,14.209272006378967
6,83,11.294738222894527
6,84,7.6694372996335725
6,85,6.982674385709074
6,86,8.813501092054313
6,87,11.696631514865983
6,88,10.158442842910404
6,89,10.128822944103073
6,90,12.672883117476353
6,91,15.755216550983443
6,92,18.746003382010333
6,93,22.231839323645094
6,94,24.46406342107996
6,95,28.21087583959694
6,96,29.823388509080722
6,97,33.62301447361579
6,98,36.51532100524985
7,1,17.69826796849354
7,2,14.04109924576328
7,3,11.49479578393045
7,4,9.10872809411298
7,5,5.629025303908296
7,6,3.8384714317091753
7,8,3.795064048910152
7,9,6.873452887419005
7,10,10.353616803345856
7,11,13.730664680247198
7,12,15.42535831731414
7,13,18.840284525726144
7,14,20.82036719617665
7,15,20.378891584511962
7,16,23.692205060318475
7,17,25.975300705874307
7,18,26.620780497247345
7,19,30.088335169892094
7,20,30.083535487780406
7,21,29.154504680466445
7,22,25.521457207402907
7,23,22.76987465416472
7,24,20.30623050852951
7,25,16.954618851178637
7,26,15.729077565634425
7,27,12.058260281737436
7,28,10.607905919053554
7,29,7.130214002823446
7,30,5.969246778115297
7,31,4.221834302799534
7,32,7.310596204977553
7,33,7.832855156724393
7,34,9.484065465069019
7,35,11.737553260530033
7,36,9.64472288599714
7,37,10.685123664590893
7,38,9.499988991827806
7,39,10.04456049762774
7,40,12.844372397456045
7,41,15.661682635152529
7,42,18.607630609842296
7,43,20.61952398891792
7,44,24.233089132695717
7,45,25.75115708734817
7,46,25.64584282067792
7,47,21.927576736349693
7,48,22.84882801690618
7,49,20.817520192566878
7,50,22.816246964834875
7,51,22.39847790588431
7,52,23.476054357809918
7,53,22.40444245432407
7,54,19.816988672459896
7,55,21.94723754792167
7,56,19.69043995946698
7,57,19.984846695827404
7,58,16.869727268093985
7,59,14.449363817439504
7,60,12.396750328903684
7,61,10.621279416464478
7,62,13.253359132168244
7,63,12.792827361324553
7,64,10.120820272235093
7,65,13.41281917798895
7,66,14.592063962308039
7,67,13.983840008262433
7,68,14.089962786669634
7,69,16.755584398637044
7,70,16.43275425021704
7,71,19.764920710170305
7,72,20.694051817008642
7,73,24.191144899352487
7,74,24.334813980882654
7,75,27.49775081909403
7,76,30.268628840227205
7,77,29.859165492916855
7,78,26.89179351349416
7,79,23.50483813535251
7,80,19.734823629782618
7,81,17.02752022298213
7,82,13.595962343461979
7,83,10.45052719398532
7,84,7.329518787360285
7,85,7.952677073216748
7,86,9.513858513933007
7,87,11.33198781147051
7,88,8.635364432066936
7,89,8.95911396351239
7,90,10.739358995624839
7,91,14.292636234333347
7,92,17.03040342323012
7,93,20.705687594629516
7,94,23.062846622391238
7,95,26.88022837099183
7,96,28.718671391099257
7,97,32.394834871563965
7,98,35.53224731548889
8,1,20.352552913510355
8,2,16.7289154267179
8,3,14.532413128983931
8,4,11.608875749384588
8,5,8.250267356988632
8,6,7.085349615200991
8,7,3.795064048910152
8,9,3.820131895679737
8,10,6.971776552514547
8,11,10.513158833375403
8,12,12.708087755334459
8,13,15.871057765714527
8,14,17.61531712172464
8,15,17.35404010452961
8,16,20.875192095947572
8,17,23.42565052942032
8,18,24.470196156013746
8,19,28.08101028118945
8,20,28.311565275506943
8,21,27.069867451242498
8,22,23.551367839178056
8,23,20.460976942370387
8,24,18.100460028066653
8,25,14.50293678734276
8,26,13.50890123559577
8,27,9.831328404854744
8,28,8.731505712453725
8,29,6.2623392772842035
8,30,5.363882747879413
8,31,6.235044444624313
8,32,10.011744055044263
8,33,11.119158077288196
8,34,11.959925029290172
8,35,14.086684036627242
8,36,12.067319737323691
8,37,12.422064991266463
8,38,10.1222074811852
8,39,10.3200059109784
8,40,12.099588075279192
8,41,14.517567786917246
8,42,16.880937417840777
8,43,18.656781991944566
8,44,22.060912571137724
8,45,23.202014897141076
8,46,23.344277605977766
8,47,19.752593393171093
8,48,21.205541921333054
8,49,19.544971464572125
8,50,21.570735893279227
8,51,21.629700983718802
8,52,22.783722268961483
8,53,21.19480470468839
8,54,18.881671471788692
8,55,21.04895857689061
8,56,19.150850502617754
8,57,20.150773007404325
8,58,17.545538404310413
8,59,14.683852206848496
8,60,13.311247489196505
8,61,11.559228765335243
8,62,14.64558140545106
8,63,13.897634279777902
8,64,10.78472997267375
8,65,13.358714339566383
8,66,14.25659605080682
8,67,12.838989811821849
8,68,13.156224878839536
8,69,15.399172448328823
8,70,15.057979019297461
8,71,18.20197188096942
8,72,18.98594009772327
8,73,22.420869310990717
8,74,22.187820379704092
8,75,25.331608439124185
8,76,27.800450067060524
8,77,27.10388970275494
8,78,24.047450466269268
8,79,20.872557562371018
8,80,17.067688692331842
8,81,14.582312703416264
8,82,11.364771135850807
8,83,8.48929368352415
8,84,6.275427887873496
8,85,7.872526507969548
8,86,9.14782196390092
8,87,9.871004917127438
8,88,6.427363672392886
8,89,6.546231553324975
8,90,7.477491199781852
8,91,11.21575479949717
8,92,13.779148299260047
8,93,17.49074943349639
8,94,20.003183456667067
8,95,23.82051653669229
8,96,25.902850591555826
8,97,29.476409389219224
8,98,32.762410023902234
9,1,20.907235685737692
9,2,17.355286869140244
9,3,15.896425652573692
9,4,12.881669637631543
9,5,9.654710322083965
9,6,9.859841028821325
9,7,6.873452887419005
9,8,3.820131895679737
9,10,3.770538423767337
9,11,6.908735429534009
9,12,9.144333243333062
9,13,12.206247588109173
9,14,13.970792113526757
9,15,13.723585275249535
9,16,17.203603513972062
9,17,19.841799737637043
9,18,20.86259915374033
9,19,24.470468786828516
9,20,24.919263677450495
9,21,23.717635377841944
9,22,20.324501985429293
9,23,17.132366286322746
9,24,14.5723772804843
9,25,10.903559650240771
9,26,9.768824433543703
9,27,6.139197176158446
9,28,5.705441682062538
9,29,4.744270090078838
9,30,5.870526458851514
9,31,8.127182261200375
9,32,11.762613520601523
9,33,12.775064365115263
9,34,12.453572857623518
9,35,14.184801289867528
9,36,12.475535943604667
9,37,12.386381762311203
9,38,9.467659909596977
9,39,10.218086661020045
9,40,11.049698796253118
9,41,13.522366798795149
9,42,15.425905278767468
9,43,17.519137206275044
9,44,20.746807223563607
9,45,21.860992397884846
9,46,22.60787841974783
9,47,19.188241394210483
9,48,20.823807112229478
9,49,19.07974813408628
9,50,20.585143699788244
9,51,20.60311295107528
9,52,21.320505710149416
9,53,19.230766411828636
9,54,16.824581913580296
9,55,18.59890278490071
9,56,16.739392194761795
9,57,18.305896954320517
9,58,16.24029723192703
9,59,12.92955408900917
9,60,12.069182412983173
9,61,10.375452414138463
9,62,13.696303062033914
9,63,12.966907329784497
9,64,10.028108775165641
9,65,11.919118233089932
9,66,12.045567647661134
9,67,9.863313301463673
9,68,10.151587102328746
9,69,12.074769416332423
9,70,11.996096565793476
9,71,15.141563313875443
9,72,16.241030802369
9,73,19.765098787440216
9,74,19.67932009300391
9,75,23.02254646462096
9,76,25.301564091467725
9,77,24.74137739258492
9,78,21.9340607039465
9,79,18.914949162554308
9,80,15.194101015774837
9,81,12.426032237622483
9,82,9.89840436954151
9,83,6.8242554268655455
9,84,6.429327050904018
9,85,9.458364845625544
9,86,11.39275916688834
9,87,11.831293292022774
9,88,8.44875043848286
9,89,7.115620769795541
9,90,6.0781221031248
9,91,9.77545500330095
9,92,11.438246990118197
9,93,15.232669552749075
9,94,17.3293751588169
9,95,21.131963044023795
9,96,23.031351685708707
9,97,26.504253147576403
9,98,29.856387527966945
10,1,24.217488781181327
10,2,20.708188617212084
10,3,19.51964657912656
10,4,16.54282716466586
10,5,13.35182108593582
10,6,13.571345771023763
10,7,10.353616803345856
10,8,6.971776552514547
10,9,3.770538423767337
10,11,3.7460211469867164
10,12,6.346804593223149
10,13,9.091159960466548
10,14,10.909745288860925
10,15,11.417415965303606
10,16,15.085880151230466
10,17,18.177213668513282
10,18,19.530772839107676
10,19,23.153011954955335
10,20,24.096069286520425
10,21,22.73097787664954
10,22,19.675098038255683
10,23,16.17348287860918
10,24,13.581700628672179
10,25,9.806385256439244
10,26,8.539753217101108
10,27,5.491090335481535
10,28,5.299684142023809
10,29,6.652761447023845
10,30,7.651438381872123
10,31,10.902067360249639
10,32,14.444308348792829
10,33,15.95719142023731
10,34,15.300613068391954
10,35,17.004912726441532
10,36,15.737344435399196
10,37,15.612961926215972
10,38,12.516890693643854
10,39,13.290658357190885
10,40,13.284953330231282
10,41,15.259675783948856
10,42,16.35920193523462
10,43,18.181636376185363
10,44,20.96362814788699
10,45,21.57068601928969
10,46,22.728641698212872
10,47,19.648374283543372
10,48,21.80350992690538
10,49,20.473996431883478
10,50,21.80556833656745
10,51,22.180929013812808
10,52,22.759222808031968
10,53,20.158225029821114
10,54,18.014993249318227
10,55,19.454483708328986
10,56,17.87362808116093
10,57,20.04926688611088
10,58,18.551618699750197
10,59,14.99922634707911
10,60,14.527735513973209
10,61,12.701537952149163
10,62,15.77081854665059
10,63,14.570301951840447
10,64,11.527748525309487
10,65,12.266807635104211
10,66,12.249874970304294
10,67,9.581891202996527
10,68,10.583200782087577
10,69,11.993012889065504
10,70,12.423135685809008
10,71,15.228407251193616
10,72,16.43959284493468
10,73,19.799393591208577
10,74,19.45035377692128
10,75,22.76254770740995
10,76,24.54030116711511
10,77,23.70864351919632
10,78,20.974691610104305
10,79,18.42935997663452
10,80,14.913740233061773
10,81,12.53612271010518
10,82,10.913141196503076
10,83,8.66232875630466
10,84,9.516003904282776
10,85,12.606408706780664
10,86,14.115423378630616
10,87,13.696801715445856
10,88,10.232531451297612
10,89,9.068153210439009
10,90,6.539901288914452
10,91,9.640074327189613
10,92,10.26247658599378
10,93,13.893287661484969
10,94,15.905356002814411
10,95,19.570405305814074
10,96,21.656832736276872
10,97,24.844765013079687
10,98,28.391545043606744
11,1,25.713417843793017
11,2,22.40810855266439
11,3,21.736137753310622
11,4,18.773279552864103
11,5,15.886266531097727
11,6,16.69006343411702
11,7,13.730664680247198
11,8,10.513158833375403
11,9,6.908735429534009
11,10,3.7460211469867164
11,12,3.8141314955849666
11,13,5.559551426204096
11,14,7.226138594978397
11,15,7.994737739389808
11,16,11.59807468633128
11,17,14.877721793136242
11,18,16.32519696469998
11,19,19.904329675949366
11,20,21.16334836312093
11,21,19.781431336512576
11,22,17.037068229290142
11,23,13.456560351020094
11,24,10.804364022793905
11,25,7.225961345298648
11,26,6.049941390166337
11,27,4.665291580171184
11,28,6.095946374707564
11,29,8.93788853633662
11,30,10.791927926798467
11,31,14.08431459751303
11,32,17.37054203577274
11,33,18.665159136634426
11,34,17.373712304612845
11,35,18.654217150774674
11,36,17.611303471139752
11,37,17.10728009169841
11,38,13.850077395751358
11,39,14.797383348594831
11,40,13.962140265724319
11,41,15.632892012612729
11,42,16.066947124379794
11,43,17.991173617046595
11,44,20.370677040551968
11,45,20.860073586201242
11,46,22.60542872694969
11,47,19.87795892994205
11,48,22.12596801852016
11,49,20.838157235852584
11,50,21.624104039693087
11,51,22.014587934376863
11,52,22.17665570489427
11,53,19.145222164599918
11,54,17.144498601213687
11,55,18.07202501498
11,56,16.76746220038887
11,57,19.488036746951195
11,58,18.686384283117114
11,59,15.054567658005883
11,60,15.226888996197564
11,61,13.767278471037235
11,62,16.713516977717067
11,63,15.690741838580887
11,64,13.195307071252772
11,65,13.165323595281015
11,66,12.268347356475156
11,67,8.933025859084381
11,68,9.778225873024093
11,69,10.221267557759456
11,70,10.964660587840106
11,71,13.292231376417067
11,72,14.72574289443074
11,73,17.914612437145635
11,74,17.65036922456422
11,75,21.013582037673128
11,76,22.440303705505528
11,77,21.73261206096222
11,78,19.383439155945027
11,79,17.214251089208545
11,80,14.099785886937603
11,81,11.78433308285248
11,82,11.334584946075983
11,83,9.661903933339492
11,84,11.69079263640706
11,85,15.11155493573531
11,86,16.88169511317593
11,87,16.381552152041415
11,88,13.277778663890071
11,89,11.474412235271998
11,90,8.15573314539935
11,91,10.124126237509536
11,92,9.307280820410977
11,93,12.526301094384577
11,94,13.836188137301662
11,95,17.27897968545416
11,96,19.119795161697045
11,97,22.07124015374366
11,98,25.66274397970268
12,1,26.26141180098158
12,2,22.974075244244066
12,3,22.76553793371216
12,4,20.26803441929466
12,5,17.258965341971507
12,6,18.487154345027264
12,7,15.42535831731414
12,8,12.708087755334459
12,9,9.144333243333062
12,10,6.346804593223149
12,11,3.8141314955849666
12,13,3.8607355288132883
12,14,7.24939494708469
12,15,8.93652911220938
12,16,11.816391255920244
12,17,15.092771615093397
12,18,15.890043821296302
12,19,19.11009365343337
12,20,20.865545362425205
12,21,20.068443748985505
12,22,17.662019370520174
12,23,14.414134645648373
12,24,11.206030530751514
12,25,8.2732548693627
12,26,5.5560507558189585
12,27,5.102346660038991
12,28,5.503215082098904
12,29,9.237719742746815
12,30,11.36428206681105
12,31,14.77002477451496
12,32,17.516157254581405
12,33,18.995619241859035
12,34,17.175968375543416
12,35,18.345568056679728
12,36,18.071848570639762
12,37,18.034276083828274
12,38,15.247975749367871
12,39,16.986007963466367
12,40,16.40115749326551
12,41,18.465065955032806
12,42,19.018235027019255
12,43,21.258209784312207
12,44,23.581449417832324
12,45,24.170773226272637
12,46,26.139254508937764
12,47,23.483221130950884
12,48,25.595021733228315
12,49,24.082642861586354
12,50,24.53128426565337
12,51,24.547031660040215
12,52,24.220240432905467
12,53,21.134390061671294
12,54,18.77922632605218
12,55,18.993448782634825
12,56,17.24617943532662
12,57,19.96048114331676
12,58,19.330842854994703
12,59,15.53702445761141
12,60,15.360401492354843
12,61,13.461220760129372
12,62,15.721815235977425
12,63,14.268433526524309
12,64,12.134341179082424
12,65,11.084316922693455
12,66,9.910970922820649
12,67,6.796277332945253
12,68,8.708558460411496
12,69,9.483226213318188
12,70,11.496522994240175
12,71,14.012570061702933
12,72,16.237745156604376
12,73,19.488223139917483
12,74,19.777664497681478
12,75,23.275355200815362
12,76,24.570378878385643
12,77,24.170319509388253
12,78,22.21306008045446
12,79,20.231498964713218
12,80,17.35442992178409
12,81,14.838232635621589
12,82,14.637559068689729
12,83,12.563586977551157
12,84,14.41219188965566
12,85,17.992736399507248
12,86,20.056415697991465
12,87,19.835490587673952
12,88,16.528850283464294
12,89,14.874455956668921
12,90,11.802556794715745
12,91,13.87316673654041
12,92,12.773367665268706
12,93,15.70861105151334
12,94,16.42683081531866
12,95,19.579005596431152
12,96,20.983679319925486
12,97,23.6396538992247
12,98,27.179286475099936
13,1,29.03726210511106
13,2,25.945123840481997
13,3,25.900083236273737
13,4,23.234733022585985
13,5,20.489586158623275
13,6,21.77506744010963
13,7,18.840284525726144
13,8,15.871057765714527
13,9,12.206247588109173
13,10,9.091159960466548
13,11,5.559551426204096
13,12,3.8607355288132883
13,14,3.824813534830044
13,15,6.5289158640049365
13,16,8.979533114693991
13,17,12.51972702730244
13,18,13.728874253849646
13,19,16.84944433850534
13,20,18.996167653132176
13,21,17.95782953474015
13,22,16.088283385865306
13,23,12.808992209888537
13,24,10.071608602846139
13,25,7.945980918824208
13,26,6.408229260699323
13,27,7.819156354183751
13,28,9.260657165649562
13,29,12.954204299385328
13,30,15.106717989508368
13,31,18.52418312404032
13,32,21.348973198840465
13,33,22.698741800591026
13,34,20.757668959797684
13,35,21.683532895355096
13,36,21.292368298946307
13,37,20.816860163842307
13,38,17.80556540905237
13,39,19.213059336858237
13,40,17.918793499509356
13,41,19.399565223424002
13,42,19.209146468964157
13,43,21.189211452428594
13,44,22.969991209130818
13,45,23.23054778264538
13,46,25.622791908390674
13,47,23.413737634741288
13,48,25.71502677145227
13,49,24.495207627560884
13,50,24.61873401281262
13,51,24.89749612428266
13,52,24.415800016761
13,53,20.993420514419842
13,54,19.10720044700299
13,55,19.029147722059804
13,56,17.888801494434833
13,57,21.06848996819393
13,58,21.085776937567164
13,59,17.465985338110386
13,60,17.9687501511555
13,61,16.58526343142468
13,62,18.85868613381491
13,63,17.684962405064798
13,64,15.863689434588316
13,65,14.581531747856296
13,66,12.987230784298317
13,67,9.726136815332005
13,68,10.967483217861101
13,69,10.434959681733483
13,70,12.217782412732266
13,71,13.772044475545798
13,72,15.772709487893744
13,73,18.52623688006334
13,74,18.595672899241706
13,75,21.877718530627227
13,76,22.63504272616
13,77,22.156717910478076
13,78,20.554999625418443
13,79,19.143837072277332
13,80,16.818107336047646
13,81,14.804136051915433
13,82,15.539171979156675
13,83,14.284555587608601
13,84,16.801738646557133
13,85,20.382340776446835
13,86,22.330071203406174
13,87,21.777315569576874
13,88,18.776793043534934
13,89,16.864030108627684
13,90,13.348377948879167
13,91,14.464798668912255
13,92,12.377122940848508
13,93,14.548710863592257
13,94,14.663775625411336
13,95,17.338814140066884
13,96,18.616946786271185
13,97,20.85919829520488
13,98,24.431592055177006
14,1,30.660764371041022
14,2,27.754356462968566
14,3,27.66432716285275
14,4,24.70259381456698
14,5,22.29109833488984
14,6,23.51134735493089
14,7,20.82036719617665
14,8,17.61531712172464
14,9,13.970792113526757
14,10,10.909745288860925
14,11,7.226138594978397
14,12,7.24939494708469
14,13,3.824813534830044
14,15,3.826604604222773
14,16,6.207093772366178
14,17,9.969974510475192
14,18,12.065808255745615
14,19,15.304074234994298
14,20,17.360708036848074
14,21,15.71063464029227
14,22,14.143814982313177
14,23,10.716808423627468
14,24,8.974649702381514
14,25,7.535206254695693
14,26,7.880549895991326
14,27,9.924013272016428
14,28,12.217867719767554
14,29,15.646523062279702
14,30,17.844553911240506
14,31,21.15300866325463
14,32,24.22585183520865
14,33,25.320692471156317
14,34,23.47373935636992
14,35,24.230704519197843
14,36,23.402993188600256
14,37,22.368193372641755
14,38,19.051768668235823
14,39,19.865975795966538
14,40,17.893475785344187
14,41,18.652926523700646
14,42,17.72719348893693
14,43,19.315726720030916
14,44,20.571380228247513
14,45,20.532670927247917
14,46,23.228870753697645
14,47,21.445322008785205
14,48,23.87697021832116
14,49,22.998039874765063
14,50,22.917355210355836
14,51,23.570241771074965
14,52,23.16165263503482
14,53,19.52601501260152
14,54,18.279792272504384
14,55,18.29705893939672
14,56,17.940773707287466
14,57,21.432658608633357
14,58,21.89863658378951
14,59,18.57301177643856
14,60,19.754372496764834
14,61,18.975160465326187
14,62,21.57588982663018
14,63,20.843555420070043
14,64,19.09202079706602
14,65,18.16457672605677
14,66,16.357369176536423
14,67,12.819073820720996
14,68,13.187228789085387
14,69,11.685856868639842
14,70,12.547532654400912
14,71,13.090975807919133
14,72,14.38218397567213
14,73,16.552524927240558
14,74,16.13670720770613
14,75,19.107365070709623
14,76,19.436481268111073
14,77,18.777484476968965
14,78,17.378076013309993
14,79,16.439049831969488
14,80,14.649659481343356
14,81,13.267092831481326
14,82,14.823351898260547
14,83,14.513056947305103
14,84,17.56732328452242
14,85,20.994651052746825
14,86,22.759247569608423
14,87,21.92428521674674
14,88,19.403679490845224
14,89,17.18560230731727
14,90,13.440136959649719
14,91,13.509310819798136
14,92,10.614650843269473
14,93,11.934089313811548
14,94,11.55088546123662
14,95,13.849132183719277
14,96,15.176267399212373
14,97,17.224419275656558
14,98,20.85823318211853
15,1,28.71643182284403
15,2,26.07517588021386
15,3,26.099746544046226
15,4,23.01443530816831
15,5,21.09084116687826
15,6,22.56385500401366
15,7,20.378891584511962
15,8,17.35404010452961
15,9,13.723585275249535
15,10,11.417415965303606
15,11,7.994737739389808
15,12,8.93652911220938
15,13,6.5289158640049365
15,14,3.826604604222773
15,16,3.8506457886827983
15,17,7.268515832187723
15,18,9.6834127540923
15,19,13.299147505504596
15,20,14.670458136800155
15,21,12.681643304854536
15,22,10.70370417885362
15,23,7.07084788815779
15,24,5.846034440576375
15,25,4.950547176650754
15,26,7.055959617820415
15,27,9.581734322741033
15,28,12.773813086533133
15,29,15.771521807779848
15,30,18.392465670764686
15,31,21.269164850535983
15,32,24.37161876619434
15,33,24.90998151086087
15,34,23.000740090871314
15,35,23.41849144770538
15,36,22.188021111032853
15,37,20.58838997244207
15,38,17.164403887477174
15,39,17.643276011079628
15,40,15.17832341287803
15,41,15.600007861618147
15,42,14.409361883729005
15,43,16.186551973556853
15,44,17.42332031774718
15,45,17.790747351076703
15,46,20.631903971544187
15,47,18.861465463971207
15,48,20.942110364067755
15,49,19.853570846511918
15,50,19.431517152340966
15,51,19.99096606924294
15,52,19.47173627763721
15,53,15.785253909172708
15,54,14.761432307180177
15,55,14.866339799209985
15,56,14.978433139965983
15,57,18.582826546184737
15,58,19.348792000020232
15,59,16.363698076529793
15,60,18.16301359449942
15,61,18.102371928092104
15,62,20.990243603753704
15,63,20.933663974193845
15,64,19.502387093695127
15,65,19.178885583418054
15,66,16.959342155085334
15,67,13.155208602753467
15,68,12.402879315027315
15,69,10.131255308998558
15,70,9.983305631173732
15,71,9.831292715907288
15,72,10.685349329329208
15,73,12.742945825273205
15,74,12.37791663580189
15,75,15.481610374635054
15,76,16.115250167130636
15,77,15.834179041827662
15,78,14.58463298282743
15,79,13.362217078720846
15,80,11.742339944892805
15,81,10.19034242130972
15,82,12.334691945866119
15,83,12.481859088934288
15,84,15.956655079708394
15,85,19.327385585340878
15,86,21.32991837360282
15,87,20.81169064924647
15,88,18.760965624287604
15,89,15.949148293954986
15,90,12.350985174526485
15,91,11.828859251215947
15,92,8.66814695679779
15,93,9.74971690860997
15,94,8.728498827903513
15,95,11.235020715654992
15,96,12.191417691223903
15,97,14.724342436610026
15,98,18.24399033850884
16,1,30.21181830255925
16,2,27.89208106373476
16,3,28.341409510582068
16,4,25.426596024844397
16,5,23.82365175834913
16,6,25.65036106595419
16,7,23.692205060318475
16,8,20.875192095947572
16,9,17.203603513972062
16,10,15.085880151230466
16,11,11.59807468633128
16,12,11.816391255920244
16,13,8.979533114693991
16,14,6.207093772366178
16,15,3.8506457886827983
16,17,3.767656006999644
16,18,6.462173342834113
16,19,9.82296484653489
16,20,11.510596524824415
16,21,9.554974741155284
16,22,8.489093466401592
16,23,5.690179104056864
16,24,5.546899956787486
16,25,7.054848602515111
16,26,9.19054903904588
16,27,12.46467276089002
16,28,15.741524111144363
16,29,18.82416027554139
16,30,21.729020334515774
16,31,24.478764445268148
16,32,27.365099845528295
16,33,27.65690172058296
16,34,25.406241839102865
16,35,25.458657207080762
16,36,24.398803977946624
16,37,22.58877186095251
16,38,19.384573283091786
16,39,19.99269597593163
16,40,17.238959249604466
16,41,17.434249179898718
16,42,15.867857306563932
16,43,17.70345042326129
16,44,18.439723355774056
16,45,18.907667314376724
16,46,22.12934202365333
16,47,20.784153637707583
16,48,22.55459890754289
16,49,21.39433841852583
16,50,20.311006790447006
16,51,20.64776848079909
16,52,19.563712144946923
16,53,15.782978869781438
16,54,15.058973685826698
16,55,14.35801257365953
16,56,14.943123668533088
16,57,18.722539032731106
16,58,20.203475440154726
16,59,17.58523123697809
16,60,19.803943453479917
16,61,20.145441462857427
16,62,22.7444084769893
16,63,22.98390202916395
16,64,22.064149097297875
16,65,21.507854473186438
16,66,18.833826734631593
16,67,15.16065881215365
16,68,14.047133511638023
16,69,11.043006520889547
16,70,10.942832898970805
16,71,9.661778698009101
16,72,10.572712524417668
16,73,11.823206742917447
16,74,11.932191914425891
16,75,14.766102146935534
16,76,14.937573169569548
16,77,15.253867322986224
16,78,14.95511080390902
16,79,14.29630775402452
16,80,13.56966356280577
16,81,12.269581300860123
16,82,15.012518069424326
16,83,15.372459382813716
16,84,18.989527425487015
16,85,22.35587790722851
16,86,24.559946553243947
16,87,24.224712957913763
16,88,22.37761250827413
16,89,19.35819340519185
16,90,15.897365983674057
16,91,15.047464391433213
16,92,11.686396873309986
16,93,11.882761205477646
16,94,9.649279507162946
16,95,11.044213946131586
16,96,10.86029083645829
16,97,12.801352164146568
16,98,16.03983873170949
17,1,30.455654123535247
17,2,28.540545288951975
17,3,29.316619329365995
17,4,26.51989903294833
17,5,25.400083972994054
17,6,27.52336479286706
17,7,25.975300705874307
17,8,23.42565052942032
17,9,19.841799737637043
17,10,18.177213668513282
17,11,14.877721793136242
17,12,15.092771615093397
17,13,12.51972702730244
17,14,9.969974510475192
17,15,7.268515832187723
17,16,3.767656006999644
17,18,3.821276536218985
17,19,6.927421170058539
17,20,8.093614712603722
17,21,5.846285009972773
17,22,5.622317631877039
17,23,4.47800875286008
17,24,6.07887632907738
17,25,9.065474929152165
17,26,11.542943143726932
17,27,15.006378390113897
17,28,18.49385650636069
17,29,21.333801180595668
17,30,24.497146456191654
17,31,26.93374556339297
17,32,29.659154764115684
17,33,29.534741162965265
17,34,27.09772621653171
17,35,26.759310447292243
17,36,25.627418027873833
17,37,23.451765677788263
17,38,20.459560054057675
17,39,20.9655018214753
17,40,17.915090926390043
17,41,17.79407694078456
17,42,15.951040022654336
17,43,17.876565138129628
17,44,18.256884788995894
17,45,19.069300793589903
17,46,22.47976996599046
17,47,21.434550182948428
17,48,22.70746064507539
17,49,21.375928214012966
17,50,19.646125787658317
17,51,19.70031830644016
17,52,18.118886390327905
17,53,14.412508387297386
17,54,14.101101507062515
17,55,12.808054842549174
17,56,14.071412621707536
17,57,17.838215344994495
17,58,19.96142867424104
17,59,17.924766809083923
17,60,20.642843015249365
17,61,21.585602422496706
17,62,24.067115792702417
17,63,24.81064757800123
17,64,24.348938252646438
17,65,23.962258607569154
17,66,20.946189734509893
17,67,17.388291868836706
17,68,15.642944457459082
17,69,12.124438613973558
17,70,11.493422686156151
17,71,9.057374571244026
17,72,9.580011439258085
17,73,9.850310002411051
17,74,10.542833280089216
17,75,13.0635820418434
17,76,13.117501806429676
17,77,14.278376708841487
17,78,14.836232888760271
17,79,14.397428281458877
17,80,14.403079388159826
17,81,13.233064855620034
17,82,16.38453719772563
17,83,17.026015279219102
17,84,20.731994990433183
17,85,23.960972712936492
17,86,26.359967249427886
17,87,26.315065140145524
17,88,24.820047618670444
17,89,21.503580319847405
17,90,18.324199593370295
17,91,17.141351390863814
17,92,13.847940206063937
17,93,13.509723993933894
17,94,10.500873958857527
17,95,11.056099328186411
17,96,9.575093489391342
17,97,11.219079709285582
17,98,13.876434334781532
18,1,29.19267897398846
18,2,27.527448817091535
18,3,28.781680857875212
18,4,26.375075066064575
18,5,25.436212122059267
18,6,27.984805391279206
18,7,26.620780497247345
18,8,24.470196156013746
18,9,20.86259915374033
18,10,19.530772839107676
18,11,16.32519696469998
18,12,15.890043821296302
18,13,13.728874253849646
18,14,12.065808255745615
18,15,9.6834127540923
18,16,6.462173342834113
18,17,3.821276536218985
18,19,3.817518290370956
18,20,5.365018318061817
18,21,5.130354446867773
18,22,5.32493185521361
