1,2,3.851235592935944
1,3,6.69503800360112
1,4,8.718304133204862
1,5,12.028806029449742
1,6,14.962634660462825
1,7,15.916909733303454
1,8,19.607015570209068
1,9,21.811335569715755
1,10,23.247870246344633
1,11,25.932856559943065
1,12,27.456465549918033
1,13,26.18521076466488
1,14,28.718502251774
1,15,29.810229184074597
1,16,29.42769384346077
1,17,32.28946980884932
1,18,30.67007034049438
1,19,30.390381110951264
1,20,26.738568109727733
1,21,25.485662068988866
1,22,23.818641480592582
1,23,21.43147134122759
1,24,20.89095265949431
1,25,18.33035694647466
1,26,17.853596361872707
1,27,14.800987313515483
1,28,15.86459481697456
1,29,12.915339519353903
1,30,12.635155650927553
1,31,8.865346790674671
1,32,9.557761300632505
1,33,8.677872578897155
1,34,5.882450632909431
1,35,6.246640316385945
1,36,9.262249449750392
1,37,10.005058835535385
1,38,13.482211777371301
1,39,16.331214924077624
1,40,20.13631769973407
1,41,20.965932811426722
1,42,18.281171447141944
1,43,20.14295171786449
1,44,17.537775015641746
1,45,15.981828662665228
1,46,12.45751788196022
1,47,12.25842995999427
1,48,10.193323482761421
1,49,11.081582242343211
1,50,12.590629623376943
1,51,14.617300554030708
1,52,15.322099355016286
1,53,18.978397225198663
1,54,18.625480463016743
1,55,18.814260388063115
1,56,17.273568059083203
1,57,19.26580736914836
1,58,18.14183348726501
1,59,20.807611950178938
1,60,21.581968815066656
1,61,24.666716024332256
1,62,25.939048704045383
1,63,27.90955666275956
1,64,31.57877915234538
1,65,32.377104138401286
1,66,24.208258279517086
1,67,20.72696205908836
1,68,17.82846976825078
1,69,15.096394139041394
1,70,12.571287174713305
1,71,13.082510987649714
1,72,19.302336721089848
1,73,17.09821898202202
1,74,18.7059575033734
1,75,21.387929947440345
1,76,23.319731693632022
1,77,26.565576312322108
1,78,28.230357294647284
2,1,3.851235592935944
2,3,3.861372083748986
2,4,6.2511899721018445
2,5,9.416411557413603
2,6,11.861995549497165
2,7,12.62856751417106
2,8,16.343168737624325
2,9,18.479453783846406
2,10,20.279088501949552
2,11,22.83682315160455
2,12,24.103036202159387
2,13,22.833882417037813
2,14,25.54710833224031
2,15,26.790774256332988
2,16,26.761564109906637
2,17,29.853836589499686
2,18,28.364746163066094
2,19,27.74632255566669
2,20,24.013624405502224
2,21,22.459407310967222
2,22,20.911416074932674
2,23,18.299065197287835
2,24,17.996429327980046
2,25,15.34654991361747
2,26,15.22686533003203
2,27,12.327857673424088
2,28,13.642784045555258
2,29,11.258102031240842
2,30,12.136032865385523
2,31,8.92709947010978
2,32,9.450664045688265
2,33,9.195738929230185
2,34,5.477799532204862
2,35,4.50543709475
2,36,6.141962498531238
2,37,6.356385602737981
2,38,10.037545865345994
2,39,12.927132779336647
2,40,16.732684250145223
2,41,18.25146537652284
2,42,15.739844678304406
2,43,17.98913503371754
2,44,15.639053320758647
2,45,14.801794183902466
2,46,11.510796194557186
2,47,10.374419224675426
2,48,8.835781202805638
2,49,9.67175463793084
2,50,12.253511946075042
2,51,14.06055793059069
2,52,14.102732520925855
2,53,17.651732148682758
2,54,17.20923473665383
2,55,16.709830772575554
2,56,15.120646042106124
2,57,16.885054157794848
2,58,15.466983503428516
2,59,18.17499193349668
2,60,18.738466381719018
2,61,21.86939172154059
2,62,22.79484089884196
2,63,24.806067131293354
2,64,28.37416574940814
2,65,28.94092160219986
2,66,20.512349940115364
2,67,17.033980298115484
2,68,14.025998585096463
2,69,11.300839235618428
2,70,8.76250484493503
2,71,9.52893632006466
2,72,15.866599190869415
2,73,13.395454258991219
2,74,14.932472037583533
2,75,17.542845774643666
2,76,19.540250880236584
2,77,22.806759166158518
2,78,24.618644190970247
3,1,6.69503800360112
3,2,3.861372083748986
3,4,3.867661598906032
3,5,5.959499798551817
3,6,8.348739190142306
3,7,9.31444361551499
3,8,13.05996775811795
3,9,15.593782680720343
3,10,17.276530262698987
3,11,20.170012287873373
3,12,21.724918461041838
3,13,20.98884978558108
3,14,23.970401960004118
3,15,25.70075197086295
3,16,25.85421107687151
3,17,29.151290953510042
3,18,28.14406129804773
3,19,27.48686910398081
3,20,23.713075819034035
3,21,21.657404634568618
3,22,19.692349047984404
3,23,16.653185695369988
3,24,15.775397609981015
3,25,12.65633073998408
3,26,11.957043265971217
3,27,8.743770393284814
3,28,9.789958228000147
3,29,7.575670862156717
3,30,9.117872040170601
3,31,6.706212334728443
3,32,7.289593939827087
3,33,8.171798348934797
3,34,4.9711204163676905
3,35,5.4418581239017465
3,36,5.597419805778565
3,37,6.667926491597075
3,38,10.338961399861205
3,39,13.470592366230358
3,40,17.066325330138653
3,41,19.17039694511036
3,42,16.557324194902012
3,43,18.677440316742523
3,44,16.121779825923515
3,45,16.10467418806011
3,46,12.801687198742142
3,47,10.578336375785423
3,48,8.497733379999996
3,49,7.837157955285415
3,50,10.721490678489383
3,51,11.628243314867492
3,52,10.879321440788258
3,53,14.44609071141159
3,54,14.467997910652098
3,55,13.975071345734806
3,56,13.10014712888403
3,57,15.376493800776505
3,58,14.547020643563066
3,59,17.753004107001498
3,60,18.72441364204955
3,61,22.138262923593864
3,62,22.81448927196758
3,63,25.17354288289973
3,64,28.538196152118527
3,65,28.763252803621356
3,66,19.895921332146663
3,67,16.33932486244122
3,68,13.128898210004687
3,69,9.869363535958833
3,70,6.929248980647689
3,71,8.189362639175902
3,72,13.359584598801813
3,73,11.227581579741278
3,74,12.598714336497933
3,75,15.760697452549865
3,76,17.950329831694905
3,77,21.51748700590597
3,78,23.610787131587827
4,1,8.718304133204862
4,2,6.2511899721018445
4,3,3.867661598906032
4,5,3.8513326599959172
4,6,7.227289748401257
4,7,9.674724438782224
4,8,13.384746579578723
4,9,16.473463430399693
4,10,18.548561215153544
4,11,21.58395727597965
4,12,22.95417086497729
4,13,22.577576231078034
4,14,25.879857907020437
4,15,27.887774420346545
4,16,28.463788637036693
4,17,31.9427930044357
4,18,31.06343017123619
4,19,30.082646150717718
4,20,26.295628037172943
4,21,23.942898630138377
4,22,22.1371547647452
4,23,18.802239702524226
4,24,17.944175074180023
4,25,14.496965018759706
4,26,13.44438165454024
4,27,9.964450477192655
4,28,9.628887231809642
4,29,7.121751567924914
4,30,8.841779367269881
4,31,7.4141097499297155
4,32,9.524273803618714
4,33,11.170420114872131
4,34,8.480027042279282
4,35,9.19170331839712
4,36,8.840782931426002
4,37,8.617304305606398
4,38,12.169146036082303
4,39,14.596445166529824
4,40,18.0839655580486
4,41,21.389094577216564
4,42,19.240406538037682
4,43,21.740622195835826
4,44,19.503193732559033
4,45,19.656478219825445
4,46,16.501513898911806
4,47,14.195421476766912
4,48,12.310680127049153
4,49,11.230342766346176
4,50,13.950576079642854
4,51,14.084570339046907
4,52,12.47622432522484
4,53,16.054097512945983
4,54,16.822452569131364
4,55,16.30393163693653
4,56,16.012322103548296
4,57,18.324153275838697
4,58,17.457018562576728
4,59,20.608547901905972
4,60,21.24480846175616
4,61,24.506481849738893
4,62,24.661487384870362
4,63,26.766701966118962
4,64,29.93891631521671
4,65,29.72493768108794
4,66,20.385587023649773
4,67,17.18966933206969
4,68,13.553982371861016
4,69,10.816333832565173
4,70,7.119298994644151
4,71,6.593332815341798
4,72,11.18030404225507
4,73,9.979788746475085
4,74,12.354043345368689
4,75,15.626964260992242
4,76,18.484451442003543
4,77,22.051428809593535
4,78,24.641551482816315
5,1,12.028806029449742
5,2,9.416411557413603
5,3,5.959499798551817
5,4,3.8513326599959172
5,6,3.862230561820534
5,7,7.00439582958782
5,8,10.378376625924044
5,9,13.855021735402213
5,10,15.817839109665902
5,11,19.071689025433848
5,12,20.63489670912392
5,13,20.834107841600773
5,14,24.31722112257279
5,15,26.747521199524677
5,16,27.524980386550695
5,17,31.131429142869088
5,18,30.708798582156202
5,19,29.678717285114097
5,20,25.950543305495625
5,21,23.197587645502832
5,22,21.109473218670427
5,23,17.51008871670566
5,24,16.192085152032764
5,25,12.48426550635213
5,26,10.897410126454691
5,27,7.466401807503261
5,28,6.30072238935116
5,29,4.761287971615238
5,30,7.782518631284616
5,31,8.055707865294643
5,32,9.737676928482975
5,33,12.049200780219788
5,34,10.108006419476796
5,35,11.131579118813965
5,36,9.90630100934934
5,37,10.177350985551206
5,38,13.158321691816077
5,39,15.585034396031629
5,40,18.65315419057351
5,41,22.270270772806715
5,42,20.121458147851637
5,43,22.435767987600084
5,44,20.165969716780417
5,45,20.979194308937196
5,46,17.985864360377004
5,47,15.046874582054066
5,48,13.125813783707214
5,49,11.149293685529203
5,50,13.871786980173152
5,51,13.11755473258697
5,52,10.595957917569459
5,53,13.772798247713117
5,54,15.021830411117532
5,55,14.366875706241567
5,56,14.849250235172715
5,57,17.376369703179964
5,58,17.031183434743678
5,59,20.4039367130482
5,60,21.327689733521073
5,61,24.71096967178337
5,62,24.627764986122287
5,63,27.001994484890957
5,64,29.912868916902376
5,65,29.390391665185987
5,66,19.93255398909537
5,67,16.826163325636724
5,68,13.288759485907718
5,69,10.384323939663886
5,70,7.023732242391417
5,71,7.107690589340139
5,72,9.084137002383015
5,73,8.551904260938201
5,74,10.510031351524402
5,75,14.18920800193956
5,76,17.107216983578855
5,77,20.829919667555444
5,78,23.617214405609268
6,1,14.962634660462825
6,2,11.861995549497165
6,3,8.348739190142306
6,4,7.227289748401257
6,5,3.862230561820534
6,7,3.838932447687265
6,8,6.75481510637936
6,9,10.341223273966827
6,10,12.590441428040005
6,11,15.726065294672837
6,12,17.137308167593005
6,13,17.65533476015323
6,14,21.27612450286737
6,15,23.97867185961631
6,16,25.066816383900985
6,17,28.790206864743087
6,18,28.692495874702256
6,19,27.46993395363974
6,20,23.845454002751797
6,21,20.76933798583786
6,22,18.671774137782595
6,23,14.918170326143818
6,24,13.589396216851572
6,25,9.894757153624179
6,26,8.57683472086094
6,27,6.1174187104026565
6,28,5.370013890259537
6,29,6.420081552289405
6,30,10.19163680108716
6,31,11.056730750778824
6,32,11.750902430315236
6,33,13.975364393100904
6,34,12.17216056074868
6,35,12.60085398905999
6,36,10.313179565499249
6,37,10.558783809080563
6,38,12.596356727391901
6,39,14.781625741072386
6,40,17.280567139469532
6,41,21.168449609058005
6,42,19.22571281015518
6,43,21.45901821064104
6,44,19.464340527682502
6,45,20.9729178693453
6,46,18.436293052037055
6,47,15.011303392189724
6,48,13.673398836849005
6,49,11.592362257286606
6,50,14.619751239787345
6,51,13.624681516085374
6,52,10.666504229871096
6,53,13.006313951865947
6,54,14.072342507313815
6,55,12.653153731685517
6,56,13.434998645962997
6,57,15.633268932756728
6,58,15.41614874144356
6,59,18.7060516119663
6,60,19.639880977294826
6,61,22.97170730540193
6,62,22.574511746609513
6,63,25.10268431016992
6,64,27.729292839827046
6,65,26.953815250142014
6,66,17.5973933629235
6,67,14.656748995543992
6,68,11.429647075799682
6,69,8.661267767000611
6,70,6.3294780096434
6,71,7.342203258340501
6,72,6.979586202961889
6,73,6.409505883083614
6,74,7.422385826013474
6,75,11.265566081248755
6,76,14.0753961690936
6,77,17.836058964047773
6,78,20.720217279809845
7,1,15.916909733303454
7,2,12.62856751417106
7,3,9.31444361551499
7,4,9.674724438782224
7,5,7.00439582958782
7,6,3.838932447687265
7,8,3.802368485166389
7,9,6.885042751358517
7,10,9.15732758950607
7,11,12.14648365456289
7,12,13.649111044353306
7,13,14.051678357252825
7,14,17.585844300910047
7,15,20.312424094789492
7,16,21.321162545625462
7,17,25.03918665355644
7,18,25.095032865982486
7,19,23.955656211116843
7,20,20.394504615824918
7,21,17.245035142425163
7,22,14.957194933938778
7,23,11.19130107180623
7,24,9.772191630838279
7,25,6.138953748983357
7,26,5.6151535478694985
7,27,4.661926325438185
7,28,6.156795115055929
7,29,8.327259146841257
7,30,12.081447943918059
7,31,12.633012603092789
7,32,12.123025991930371
7,33,13.860402104554238
7,34,12.19635101954626
7,35,12.055727827007756
7,36,9.129376675396804
7,37,9.966807866837009
7,38,11.134000304067094
7,39,13.54580605570565
7,40,15.656400548869398
7,41,18.82876768794961
7,42,16.74993940453168
7,43,18.62555592045622
7,44,16.680889978088867
7,45,18.695400867967933
7,46,16.562160304150236
7,47,12.838809031047962
7,48,12.033837460066147
7,49,10.121393094196671
7,50,13.363334539589458
7,51,12.65373355912063
7,52,10.044029627292678
7,53,11.670696118843024
7,54,11.889659765275695
7,55,9.670694541801968
7,56,10.246819008025563
7,57,12.104844839388289
7,58,12.054509505306102
7,59,15.352680693833797
7,60,16.56946008512431
7,61,19.989135608996136
7,62,19.747101341231335
7,63,22.603407333889187
7,64,25.18177047265388
7,65,24.59191237195585
7,66,15.715806685236721
7,67,12.569046208943448
7,68,10.017269357702519
7,69,6.913909878762967
7,70,6.3008885804657595
7,71,8.932466876480593
7,72,8.795103656047406
7,73,7.0384113370288395
7,74,5.945415189526245
7,75,9.654416275657113
7,76,11.610280779362597
7,77,15.439156112067952
7,78,17.937955276557748
8,1,19.607015570209068
8,2,16.343168737624325
8,3,13.05996775811795
8,4,13.384746579578723
8,5,10.378376625924044
8,6,6.75481510637936
8,7,3.802368485166389
8,9,3.8464715082821535
8,10,6.181835746607335
8,11,9.127066446495803
8,12,10.724164422021579
8,13,11.971992165790788
8,14,15.57338723825711
8,15,18.742720534229765
8,16,20.041355398126193
8,17,23.792016618870377
8,18,24.390637025363958
8,19,23.172945781352208
8,20,19.886660261417155
8,21,16.412837171942567
8,22,13.99746841133374
8,23,10.272611384546005
8,24,8.51600253346752
8,25,5.493375671920053
8,26,5.2654984647202
8,27,6.575874813764881
8,28,7.804124931757013
8,29,11.01154270873846
8,30,14.697532664042097
8,31,15.814446057425728
8,32,14.972519225289936
8,33,16.71661029007871
8,34,15.505268863065409
8,35,15.34312602305135
8,36,12.252556907040637
8,37,13.14507711778953
8,38,13.506443104839125
8,39,15.506338317526629
8,40,16.85339905836227
8,41,19.946926946929203
8,42,18.102768476857506
8,43,19.622914405948674
8,44,17.947501059567443
8,45,20.532922789712266
8,46,18.855868999948886
8,47,14.998277628839313
8,48,14.555342931547518
8,49,12.511803062355037
8,50,15.3836001419973
8,51,14.247462185356937
8,52,11.45072160413092
8,53,11.85800045577001
8,54,12.05291474248374
8,55,9.33068373773144
8,56,10.626174132951414
8,57,12.041746008379368
8,58,12.545548191570147
8,59,15.56412566606424
8,60,16.941907993751812
8,61,20.185486727426927
8,62,19.666319213733757
8,63,22.69161498972653
8,64,24.83437803707172
8,65,23.967559306453584
8,66,15.711415501646295
8,67,13.038919141201418
8,68,11.335622496287677
8,69,8.984621868950846
8,70,9.524148931246508
8,71,12.02523186476092
8,72,9.979669262204698
8,73,8.856113986525056
8,74,6.454229977510995
8,75,9.442112892067486
8,76,10.704807777447938
8,77,14.319730672939789
8,78,16.754691223399366
9,1,21.811335569715755
9,2,18.479453783846406
9,3,15.593782680720343
9,4,16.473463430399693
9,5,13.855021735402213
9,6,10.341223273966827
9,7,6.885042751358517
9,8,3.8464715082821535
9,10,3.843958959255407
9,11,5.599319282777314
9,12,6.929701019927657
9,13,8.30015235383951
9,14,11.843221165797829
9,15,15.16418194309739
9,16,16.62856010509609
9,17,20.384453956310818
9,18,21.260827623396562
9,19,19.97637067667518
9,20,16.93082437454205
9,21,13.32153594201744
9,22,10.920637745893815
9,23,7.448334442262518
9,24,6.032538424136122
9,25,4.77451806299403
9,26,6.535121984162618
9,27,9.23035986280433
9,28,11.259088599451644
9,29,14.445496930096734
9,30,18.001560953179116
9,31,18.813725845683358
9,32,17.410513850799735
9,33,18.683750986383163
9,34,17.502844153777858
9,35,16.79694404152146
9,36,13.457474537501112
9,37,14.39321892740234
9,38,13.781867241479823
9,39,15.487312775536429
9,40,16.102254784829977
9,41,18.495063293649878
9,42,16.852852126230022
9,43,17.95418226188012
9,44,16.694106891865246
9,45,19.800235876702903
9,46,18.792255532816334
9,47,14.978941558552012
9,48,15.30822838112718
9,49,13.8132087859954
9,50,16.613194326978697
9,51,15.885389817026159
9,52,13.681109234698035
9,53,13.377565441602252
9,54,12.655851724980103
9,55,9.20382956311458
9,56,10.016326436032488
9,57,10.316074748028592
9,58,10.893038977172848
9,59,13.361181793682334
9,60,14.807125893846056
9,61,17.82907838600426
9,62,17.26570124045005
9,63,20.49634847862007
9,64,22.367658144438273
9,65,21.58213802717719
9,66,14.367013684165189
9,67,11.96884994598747
9,68,11.435659310134927
9,69,9.69005268659182
9,70,11.530154274761165
9,71,14.439807056731526
9,72,12.644295195992653
9,73,11.006019544801452
9,74,7.577512162584273
9,75,9.184385365216567
9,76,8.972544856359304
9,77,12.18289749225876
9,78,14.047314643398716
10,1,23.247870246344633
10,2,20.279088501949552
10,3,17.276530262698987
10,4,18.548561215153544
10,5,15.817839109665902
10,6,12.590441428040005
10,7,9.15732758950607
10,8,6.181835746607335
10,9,3.843958959255407
10,11,3.8498819737403864
10,12,7.112119915169132
10,13,9.135873005773222
10,14,11.89068575416816
10,15,15.288628013362679
10,16,16.14242993654197
10,17,19.605382221919772
10,18,20.968816408688138
10,19,20.27908127097765
10,20,17.52057169080455
10,21,14.13684202688733
10,22,11.062526195924463
10,23,8.254332683889192
10,24,5.376204039253653
10,25,5.188965206499473
10,26,6.053082186921475
10,27,9.692906895004226
10,28,11.850725618864193
10,29,15.264546570873293
10,30,18.408306097397716
10,31,19.473269167064988
10,32,17.532679871855127
10,33,18.709265702282583
10,34,18.28064869543289
10,35,18.02484998984021
10,36,15.129897901097621
10,37,16.84026578687156
10,38,16.42681854781238
10,39,18.5431884647402
10,40,19.222266271921015
10,41,20.590730989832515
10,42,18.549219495732146
10,43,18.92099656992345
10,44,17.269639898690848
10,45,20.441034892173676
10,46,19.444820285975453
10,47,15.720920967936696
10,48,15.722630728428038
10,49,13.828800451905778
10,50,15.876429224004722
10,51,14.778768357824477
10,52,12.851479592950184
10,53,11.512153993501839
10,54,10.554131755403738
10,55,7.25323255819393
10,56,8.988446685735207
10,57,9.569958189114267
10,58,11.42991121952163
10,59,14.00039447585838
10,60,16.226032200867298
10,61,19.333154857821764
10,62,19.28460951124835
10,63,22.79075845619465
10,64,24.600887351123745
10,65,24.08994279066224
10,66,17.694286871643833
10,67,15.249328048826131
10,68,14.943394047830648
10,69,12.82248407737334
10,70,14.45108021970904
10,71,17.57493196474157
10,72,15.96181133043
10,73,14.516576330406103
10,74,11.300343157802155
10,75,12.990352450044197
10,76,12.346864541848854
10,77,15.201460473527884
10,78,16.446626506568638
11,1,25.932856559943065
11,2,22.83682315160455
11,3,20.170012287873373
11,4,21.58395727597965
11,5,19.071689025433848
11,6,15.726065294672837
11,7,12.14648365456289
11,8,9.127066446495803
11,9,5.599319282777314
11,10,3.8498819737403864
11,12,3.8325534420103393
11,13,6.350624408028769
11,14,8.595113518861533
11,15,12.193586378862467
11,16,13.395749252469418
11,17,16.809591112246103
11,18,18.558136435165807
11,19,17.688326706091754
11,20,15.378125625483241
11,21,11.961568747526274
11,22,9.253207632789726
11,23,7.410692937596271
11,24,5.835633782939733
11,25,7.6421499896541825
11,26,9.62978508950999
11,27,13.25323423145048
11,28,15.596787952429823
11,29,18.928868889022837
11,30,22.129560646700988
11,31,22.95575106708393
11,32,20.871435774333676
11,33,21.737020768962896
11,34,21.118909703431125
11,35,20.348059587670726
11,36,17.245282909341242
11,37,18.65465047710472
11,38,17.472125720984838
11,39,19.0854258592224
11,40,19.027359764285457
11,41,19.920609974364066
11,42,18.31601672107513
11,43,18.36337563641767
11,44,17.35914968250156
11,45,20.9146774550203
11,46,20.61627865191247
11,47,17.09885065258099
11,48,17.83897040286273
11,49,16.567289120124947
11,50,18.656579881376803
11,51,17.99519884688762
11,52,16.457551233414595
11,53,14.967518276677406
11,54,13.476359674207151
11,55,9.988949568569744
11,56,10.83603092591185
11,57,10.037359111076702
11,58,11.587913927025955
11,59,13.176846784622839
11,60,15.177132696234823
11,61,17.778508034723718
11,62,17.538571223657105
11,63,21.051219097222837
11,64,22.42777148479032
11,65,21.90958656332588
11,66,16.86920026968813
11,67,14.976672496075773
11,68,15.629473632862272
11,69,14.248951863734735
11,70,16.62623550124126
11,71,19.800061651109274
11,72,18.11185805096328
11,73,16.445067923687006
11,74,12.794564467019859
11,75,13.393022836829106
11,76,11.677384358657442
11,77,13.72066991209507
11,78,14.284327473269567
12,1,27.456465549918033
12,2,24.103036202159387
12,3,21.724918461041838
12,4,22.95417086497729
12,5,20.63489670912392
12,6,17.137308167593005
12,7,13.649111044353306
12,8,10.724164422021579
12,9,6.929701019927657
12,10,7.112119915169132
12,11,3.8325534420103393
12,13,3.833869302131838
12,14,6.36148234679665
12,15,10.136535543905545
12,16,12.346262358945014
12,17,15.88419641659581
12,18,17.563568739739416
12,19,16.000297194550345
12,20,13.94075734264466
12,21,10.345178213442452
12,22,8.788679553068887
12,23,7.481455056187611
12,24,7.8609498997772125
12,25,9.851395545219468
12,26,12.480107166294799
12,27,15.758374457712007
12,28,18.060993944551385
12,29,21.27495963575038
12,30,24.717080123605456
12,31,25.331331274048473
12,32,23.47989115676154
12,33,24.262125311866196
12,34,23.142523458710315
12,35,21.846447161794515
12,36,18.42397214761661
12,37,19.151740518743413
12,38,17.32266613421027
12,39,18.186390342449982
12,40,17.397205200101673
12,41,18.624072069492378
12,42,17.742246993848255
12,43,18.044248296536296
12,44,17.84487990578612
12,45,21.569629729476894
12,46,21.744273826150728
12,47,18.36165341470592
12,48,19.71001163740353
12,49,18.971945306848728
12,50,21.470608215719935
12,51,21.16370142117748
12,52,19.594462102394758
12,53,18.495333902111014
12,54,16.956461778462415
12,55,13.277715244484536
12,56,13.414779369505172
12,57,11.843602410181196
12,58,12.334441740172364
12,59,13.017451268961814
12,60,14.147847081783537
12,61,16.12500145620321
12,62,15.22547634901395
12,63,18.477494985166423
12,64,19.40580374455342
12,65,18.583914841983944
12,66,14.409172428545226
12,67,13.258157430829389
12,68,14.663223733474439
12,69,14.23862397061919
12,70,17.14501786899609
12,71,20.08564937222544
12,72,18.165836704067882
12,73,16.392676184899194
12,74,12.546995422605674
12,75,12.005826211752149
12,76,9.512866775395063
12,77,10.70784586768787
12,78,10.999164076280437
13,1,26.18521076466488
13,2,22.833882417037813
13,3,20.98884978558108
13,4,22.577576231078034
13,5,20.834107841600773
13,6,17.65533476015323
13,7,14.051678357252825
13,8,11.971992165790788
13,9,8.30015235383951
13,10,9.135873005773222
13,11,6.350624408028769
13,12,3.833869302131838
13,14,3.841996686553734
13,15,7.1520373058828675
13,16,9.562450018014095
13,17,13.336096570249412
13,18,14.435713641103614
13,19,12.581884113467584
13,20,10.27871852523741
13,21,6.596508877569225
13,22,5.71721091415299
13,23,5.209967257346439
13,24,7.396154322048412
13,25,9.950709383212308
13,26,13.344117514146602
13,27,16.312143497407448
13,28,19.114075648637204
13,29,21.874849585797058
13,30,25.27606311554357
13,31,25.300350939452528
13,32,23.322850231654495
13,33,23.687388760290045
13,34,22.22610606831764
13,35,20.375795030032332
13,36,16.939064244360143
13,37,17.446699229979377
13,38,15.065628872769988
13,39,15.696076738253828
13,40,14.601448867915252
13,41,15.058161895986188
13,42,14.385687921615705
13,43,14.619128860376986
13,44,14.923599984426671
13,45,18.713355897515623
13,46,19.361367535317513
13,47,16.292601321636955
13,48,18.278799442896446
13,49,18.292097340607413
13,50,21.00319086885576
13,51,21.38670653313364
13,52,20.301185178280544
13,53,19.663720719177295
13,54,17.593660813869764
13,55,13.761755020394606
13,56,12.802247455577268
13,57,10.383959913572895
13,58,9.936315752446731
13,59,9.80218343341201
13,60,10.518877885114637
13,61,12.304345684903886
13,62,11.537413197514963
13,63,14.942055817248253
13,64,16.118736736746982
13,65,15.785680396925349
13,66,12.141920347635917
13,67,10.909131472572488
13,68,12.981590348201088
13,69,12.892073301308134
13,70,16.280728933256732
13,71,19.38496975215966
13,72,18.658487842389352
13,73,16.207093389916565
13,74,12.400185382086715
13,75,11.345522065699594
13,76,8.150262126396516
13,77,8.979522010004809
13,78,8.408467323560025
14,1,28.718502251774
14,2,25.54710833224031
14,3,23.970401960004118
14,4,25.879857907020437
14,5,24.31722112257279
14,6,21.27612450286737
14,7,17.585844300910047
14,8,15.57338723825711
14,9,11.843221165797829
14,10,11.89068575416816
14,11,8.595113518861533
14,12,6.36148234679665
14,13,3.841996686553734
14,15,3.794865228816438
14,16,6.42569449165778
14,17,9.925015061004514
14,18,11.538054464593639
14,19,9.834419859880333
14,20,8.477655013762991
14,21,5.625184139223778
14,22,5.603086190062799
14,23,7.389348436053937
14,24,9.610487714316422
14,25,12.866121592568124
14,26,16.258489850096208
14,27,19.403380068051234
14,28,22.420217464693994
14,29,25.12791918444004
14,30,28.3601828292673
14,31,28.219370033504948
14,32,25.91884803104009
14,33,25.959553023029084
14,34,24.68522729432514
14,35,22.690193570628107
14,36,19.493278101275127
14,37,20.18264351053201
14,38,17.537584587926197
14,39,18.05863355817029
14,40,16.59905938171913
14,41,15.650620128654754
14,42,15.170909890789671
14,43,14.568542556104608
14,44,15.331801130479741
14,45,19.20106007332825
14,46,20.471709779443863
14,47,17.86334579398345
14,48,20.177307901768216
14,49,20.53213288294497
14,50,22.90478731938311
14,51,23.54873277662166
14,52,22.9145708625845
14,53,21.972657317920913
14,54,19.484906385343024
14,55,15.807059705325509
14,56,14.545727249266928
14,57,11.503389536885352
14,58,11.22785521104793
14,59,10.003986299754807
14,60,10.774456885227066
14,61,11.770706681220238
14,62,11.445606275332327
14,63,14.816872494648136
14,64,15.572637108560285
14,65,15.75636839014775
14,66,14.37458308671949
14,67,13.53029410567039
14,68,16.09155490781463
14,69,16.120851434759835
14,70,19.621839940521077
14,71,22.8358462824904
14,72,22.46301558086381
14,73,19.89548547405858
14,74,16.137005109724846
14,75,14.876948287231965
14,76,11.383815152781986
14,77,11.296863799262933
14,78,9.416501705050324
15,1,29.810229184074597
15,2,26.790774256332988
15,3,25.70075197086295
15,4,27.887774420346545
15,5,26.747521199524677
15,6,23.97867185961631
15,7,20.312424094789492
15,8,18.742720534229765
15,9,15.16418194309739
15,10,15.288628013362679
15,11,12.193586378862467
15,12,10.136535543905545
15,13,7.1520373058828675
15,14,3.794865228816438
15,16,3.860123139400939
15,17,6.985890547684816
15,18,8.219212291420494
15,19,6.194427977001725
15,20,5.7999798356971315
15,21,4.626399854348199
15,22,6.35877548821967
15,23,9.411146684137647
15,24,12.136239358173103
15,25,15.52230500337111
15,26,19.084239371552307
15,27,22.02720959212967
15,28,25.28518043282069
15,29,27.693874264361042
15,30,30.796614448726576
15,31,30.258200937248347
15,32,27.812505045657723
15,33,27.47081486377445
15,34,26.087015930714998
15,35,23.733660986400405
15,36,20.75785961854042
15,37,21.334190695878423
15,38,18.338288359721485
15,39,18.586079190184012
15,40,16.789788191417713
15,41,14.479487481363643
15,42,14.386878391607715
15,43,13.225727427435721
15,44,14.720601586022774
15,45,18.452046712743293
15,46,20.391056408915265
15,47,18.388981926219444
15,48,21.176404247177253
15,49,22.13881006585403
15,50,24.423638031797584
15,51,25.56469872160707
15,52,25.3762492818126
15,53,24.598810646666653
15,54,21.760876864509864
15,55,18.212569810105233
15,56,16.33108287945642
15,57,12.811211942532145
15,58,11.995111162965113
15,59,9.596237222893695
15,60,9.826562200097667
15,61,9.799969328229984
15,62,9.97650273961279
15,63,13.145667920785177
15,64,13.752515160818547
15,65,14.712419222681016
15,66,15.19109270418527
15,67,14.599677198104839
15,68,17.592981848791187
15,69,17.892234656215578
15,70,21.53719253676033
15,71,24.762368857437725
15,72,25.147126620697218
15,73,22.265656887861663
15,74,18.684175553954784
15,75,17.1453925015151
15,76,13.4822709803178
15,77,12.806611078443765
15,78,9.98209702432758
16,1,29.42769384346077
16,2,26.761564109906637
16,3,25.85421107687151
16,4,28.463788637036693
16,5,27.524980386550695
16,6,25.066816383900985
16,7,21.321162545625462
16,8,20.041355398126193
16,9,16.62856010509609
16,10,16.14242993654197
16,11,13.395749252469418
16,12,12.346262358945014
16,13,9.562450018014095
16,14,6.42569449165778
16,15,3.860123139400939
16,17,3.8894615550049343
16,18,5.403248820332376
16,19,5.342416086169861
16,20,5.353122721035173
16,21,5.850402271158576
16,22,6.426797440588185
16,23,10.153755021781102
16,24,12.326826233680997
16,25,15.959465627158295
16,26,19.35747607446137
16,27,22.292891828770898
16,28,25.80165677775819
16,29,28.004461706814133
16,30,30.780584397419755
16,31,30.03016704487617
16,32,27.222513218761566
16,33,26.53467996536456
16,34,25.49882236962887
16,35,23.241475425737267
16,36,20.718612159774736
16,37,21.826223821482877
16,38,19.070278264385294
16,39,19.854894938083152
16,40,18.545303950235766
16,41,14.98675321945326
16,42,14.222380659981221
16,43,12.103677306634621
16,44,13.25472542044382
16,45,16.82591220135124
16,46,19.00076986735825
16,47,17.43148800646343
16,48,20.203131657568793
16,49,21.366549520088874
16,50,23.179263051360625
16,51,24.594266132917284
16,52,24.963421583629223
16,53,24.052682288243595
16,54,20.834479499909236
16,55,17.639374035886323
16,56,15.455171859069582
16,57,11.761213723109712
16,58,11.418065024678143
16,59,8.824613513325623
16,60,10.020001236931892
16,61,10.293374569738758
16,62,11.784226943854149
16,63,15.06447068747306
16,64,16.14027579993768
16,65,17.72894424398727
16,66,17.94729523033424
16,67,16.773105074762714
16,68,19.443000956338295
16,69,19.163931675229712
16,70,22.613758266513933
16,71,26.09221870009625
16,72,27.143098557205114
16,73,24.07806554181803
16,74,20.60593838813703
16,75,19.603280132335993
16,76,16.20566154406956
16,77,16.069497928615117
16,78,13.410193687139472
17,1,32.28946980884932
17,2,29.853836589499686
17,3,29.151290953510042
17,4,31.9427930044357
17,5,31.131429142869088
17,6,28.790206864743087
17,7,25.03918665355644
17,8,23.792016618870377
17,9,20.384453956310818
17,10,19.605382221919772
17,11,16.809591112246103
17,12,15.88419641659581
17,13,13.336096570249412
17,14,9.925015061004514
17,15,6.985890547684816
17,16,3.8894615550049343
17,18,3.864257593748426
17,19,5.706515531396719
17,20,7.6401616141917374
17,21,9.403741094175906
17,22,10.159687102293216
17,23,13.924764244621372
17,24,15.835823121908309
17,25,19.521185477258978
17,26,22.775876251929674
17,27,25.726724959276908
17,28,29.29987496136803
17,29,31.426649303914875
17,30,34.025628998942594
17,31,33.15810344814055
17,32,30.160421293235462
17,33,29.230074841849174
17,34,28.395148646801466
17,35,26.133960547487753
17,36,23.910605222333196
17,37,25.13611157730631
17,38,22.37089887534081
17,39,23.11446091700068
17,40,21.714746527611673
17,41,17.36890991008864
17,42,16.7369389613196
17,43,14.053465829967951
17,44,15.391273683926935
17,45,18.568267851148352
17,46,21.133399191244
17,47,20.09453246592566
17,48,22.904670745580262
17,49,24.25656418561735
17,50,25.706178017213542
17,51,27.28402566687788
17,52,27.995041824798502
17,53,26.91302627632734
17,54,23.517535445009702
17,55,20.625595915291054
17,56,18.401023288089135
17,57,14.745297790601699
17,58,14.604931859324083
17,59,11.798180870227602
17,60,12.881687282724364
17,61,12.482037116280564
17,62,14.322591629243979
17,63,17.14185371460743
17,64,17.87645480446428
17,65,19.867227410037085
17,66,21.338786467202294
17,67,20.343968657834385
17,68,23.110435731798624
17,69,22.848228685498796
17,70,26.25776940069085
17,71,29.760356356533265
17,72,31.015362800395934
17,73,27.906546098310304
17,74,24.473744850728405
17,75,23.431542693548252
17,76,19.981693184128282
17,77,19.575598835025424
17,78,16.600495349586836
18,1,30.67007034049438
18,2,28.364746163066094
18,3,28.14406129804773
18,4,31.06343017123619
18,5,30.708798582156202
18,6,28.692495874702256
18,7,25.095032865982486
18,8,24.390637025363958
18,9,21.260827623396562
18,10,20.968816408688138
18,11,18.558136435165807
18,12,17.563568739739416
18,13,14.435713641103614
18,14,11.538054464593639
18,15,8.219212291420494
18,16,5.403248820332376
18,17,3.864257593748426
18,19,3.8251511475923468
18,20,5.877098427485029
18,21,8.956817180871505
18,22,10.398581696265389
18,23,14.148754229099962
18,24,16.538121902889582
18,25,19.94235369857757
18,26,23.35418777113902
18,27,25.885778961485293
18,28,29.583654720137993
18,29,31.315973320341456
18,30,33.82904519069209
18,31,32.54326505722465
18,32,29.627927040119978
18,33,28.42999632885588
18,34,27.302774995629886
18,35,24.696190739459798
18,36,22.67739529600845
18,37,23.665684278696716
18,38,20.750363356946245
18,39,21.32193216101234
18,40,19.93645697096444
18,41,14.714939921910236
18,42,14.267616360117106
18,43,11.350755619879381
18,44,13.284428315325032
18,45,16.095950326326623
18,46,19.09453184546984
18,47,18.597028163999656
18,48,21.761290247081305
18,49,23.67838675877194
18,50,25.275420794323274
18,51,27.324287584069438
18,52,28.26601919707252
18,53,27.677404941537667
18,54,24.18000861774105
18,55,21.320067195205347
18,56,18.534953599689103
18,57,14.777225416348301
18,58,13.834302897783964
18,59,10.45740245643049
18,60,10.935978038440707
18,61,10.005422951486986
18,62,12.496835057910964
18,63,15.045112207388224
18,64,16.206359105565955
18,65,18.771949567822578
18,66,20.405729269451705
18,67,19.33802594571892
18,68,22.137908509792155
18,69,22.023525904930867
18,70,25.409294511849268
18,71,28.811093258680145
18,72,30.84939917699023
18,73,27.468426908764965
18,74,24.324181125712425
18,75,23.204446565359056
18,76,19.88780887246311
18,77,19.47252091423088
18,78,16.423746948806873
19,1,30.390381110951264
19,2,27.74632255566669
19,3,27.48686910398081
19,4,30.082646150717718
19,5,29.678717285114097
19,6,27.46993395363974
19,7,23.955656211116843
19,8,23.172945781352208
19,9,19.97637067667518
19,10,20.27908127097765
19,11,17.688326706091754
19,12,16.000297194550345
19,13,12.581884113467584
19,14,9.834419859880333
19,15,6.194427977001725
19,16,5.342416086169861
19,17,5.706515531396719
19,18,3.8251511475923468
19,20,3.79081310659835
19,21,6.845482946006391
19,22,9.52405394333607
19,23,13.04770557946725
19,24,16.07036133913923
19,25,19.30208493361932
19,26,22.954631036425624
19,27,25.420727821812964
19,28,28.977000994864937
19,29,30.800206228259388
19,30,33.61011952081219
19,31,32.40037166147947
19,32,29.813186601443004
19,33,28.867555498590797
19,34,27.316953252396097
19,35,24.48660388516382
19,36,22.04696704242198
19,37,22.477504014327916
19,38,19.216263729361398
19,39,19.209651133457893
19,40,17.300184226821617
19,41,12.716059753085904
19,42,13.08048739566723
19,43,11.030801567636273
19,44,13.591195664541223
19,45,16.656497525828904
19,46,19.548904177093167
19,47,18.690361564377742
19,48,22.03537735590232
19,49,23.927766305321168
19,50,26.04072746947261
19,51,27.9646414791305
19,52,28.4616164337233
19,53,28.096879034144585
19,54,24.851372873114865
19,55,21.617414181087423
19,56,18.8914945172683
19,57,15.093216353603028
19,58,13.50635200755854
19,59,9.910997939756964
19,60,9.265534558948254
19,61,7.557721821812231
19,62,9.24573919155275
19,63,11.649994369700233
19,64,12.524352979050738
19,65,14.971701542222831
19,66,17.253511694222894
19,67,16.692221420674397
19,68,19.855169326081
19,69,20.318148974502538
19,70,23.918367902971408
19,71,27.090845752111253
19,72,28.820123825263916
19,73,25.48748913927687
19,74,22.337407406367966
19,75,20.721345888309113
19,76,17.230151384015638
19,77,16.320538222133163
19,78,13.026604236239537
20,1,26.738568109727733
20,2,24.013624405502224
20,3,23.713075819034035
20,4,26.295628037172943
20,5,25.950543305495625
20,6,23.845454002751797
20,7,20.394504615824918
20,8,19.886660261417155
20,9,16.93082437454205
20,10,17.52057169080455
20,11,15.378125625483241
20,12,13.94075734264466
20,13,10.27871852523741
20,14,8.477655013762991
20,15,5.7999798356971315
20,16,5.353122721035173
20,17,7.6401616141917374
20,18,5.877098427485029
20,19,3.79081310659835
20,21,3.7917081144673164
20,22,6.534789147291995
20,23,9.764279309148534
20,24,12.997084083874034
20,25,15.960727755974064
20,26,19.657671965465237
20,27,21.90567826524942
20,28,25.469779810983766
20,29,27.161993496085085
20,30,29.98511648915754
20,31,28.72597962380451
20,32,26.249473065641666
20,33,25.378072754079458
20,34,23.681877362004233
20,35,20.826631598914897
20,36,18.288242599846065
20,37,18.71871773897204
20,38,15.518916440017255
20,39,15.766124963490178
20,40,14.220139998169929
20,41,9.866392052429376
20,42,9.735695873564977
20,43,8.030364419076633
20,44,10.405334882091443
20,45,13.747401305164377
20,46,16.32362574721249
20,47,15.16562733715861
20,48,18.523121111422377
20,49,20.41979981218525
20,50,22.757259334128022
20,51,24.70385511775845
20,52,25.104121158677078
20,53,25.018813573529982
20,54,21.869738044097243
20,55,18.5677866970624
20,56,15.684028662165368
20,57,11.953707362348075
20,58,9.92622760475417
20,59,6.2932709103075215
20,60,5.6248193897633625
20,61,4.989937775453658
20,62,7.155007954932827
20,63,10.39804197293043
20,64,12.235876378869975
20,65,14.414768010594424
20,66,14.612631834391532
20,67,13.474658735217718
20,68,16.386453255113295
20,69,16.62832895120799
20,70,20.180044801898276
20,71,23.400927093174225
20,72,25.386731545486654
20,73,21.96054772334463
20,74,18.913447577593775
20,75,17.559490341392863
20,76,14.312134409527673
20,77,14.013312313638522
20,78,11.25947931414507
21,1,25.485662068988866
21,2,22.459407310967222
21,3,21.657404634568618
21,4,23.942898630138377
21,5,23.197587645502832
21,6,20.76933798583786
21,7,17.245035142425163
21,8,16.412837171942567
21,9,13.32153594201744
21,10,14.13684202688733
21,11,11.961568747526274
21,12,10.345178213442452
21,13,6.596508877569225
21,14,5.625184139223778
21,15,4.626399854348199
21,16,5.850402271158576
21,17,9.403741094175906
21,18,8.956817180871505
21,19,6.845482946006391
21,20,3.7917081144673164
21,22,3.8100806717119715
21,23,6.5196422766446585
21,24,10.010969551023752
21,25,12.905740489643154
21,26,16.67156104758541
21,27,19.082652700252687
21,28,22.478830717335505
21,29,24.461644824323855
21,30,27.51717747236098
21,31,26.617806106283467
21,32,24.32334835136316
21,33,23.8637473079825
21,34,22.13164435780811
21,35,19.50966299626617
21,36,16.5334367708475
21,37,16.93061732577406
21,38,13.845737498366072
21,39,14.225986558284436
21,40,12.787801742099179
21,41,10.30605842459033
21,42,9.899953942320979
21,43,9.242356821094335
21,44,10.769767855781321
21,45,14.490853141424848
21,46,16.29480332423653
21,47,14.2882257680996
21,48,17.309644359928896
21,49,18.6522956891524
21,50,21.266076245359912
21,51,22.763010481071316
21,52,22.667090722468508
21,53,22.521114037640444
21,54,19.678930933545207
21,55,16.103027469852528
21,56,13.632285125149428
21,57,10.10841249888791
21,58,8.207274067670053
21,59,5.5495815569110505
21,60,5.351923316387151
21,61,6.341303526460787
21,62,7.038057488008462
21,63,10.785103525435115
21,64,12.605370564508636
21,65,13.839337170276941
21,66,12.29874422385901
21,67,10.95821483546667
21,68,13.772047691113148
21,69,13.948800133462
21,70,17.59634837376747
21,71,20.842599166390794
21,72,22.13482739068464
21,73,18.893507884438907
21,74,15.605744997319341
21,75,14.289516476540838
21,76,10.964870874226856
21,77,11.038073663311295
21,78,8.798532673269527
22,1,23.818641480592582
22,2,20.911416074932674
22,3,19.692349047984404
22,4,22.1371547647452
22,5,21.109473218670427
22,6,18.671774137782595
22,7,14.957194933938778
22,8,13.99746841133374
22,9,10.920637745893815
22,10,11.062526195924463
22,11,9.253207632789726
22,12,8.788679553068887
22,13,5.71721091415299
22,14,5.603086190062799
22,15,6.35877548821967
22,16,6.426797440588185
22,17,10.159687102293216
22,18,10.398581696265389
22,19,9.52405394333607
22,20,6.534789147291995
22,21,3.8100806717119715
22,23,3.80741283412827
22,24,6.561622899931845
22,25,9.845688378956526
22,26,13.465657091663942
22,27,16.147560537296826
22,28,19.643514003485684
22,29,21.767884509167935
22,30,24.695932830638917
22,31,24.0116005358443
22,32,21.47954327895586
22,33,21.116652165386554
22,34,19.81114685757438
22,35,17.659975888918506
22,36,14.789160837787598
22,37,15.937797871819615
22,38,13.512151308226766
22,39,14.833635368836678
22,40,14.291120150676965
22,41,12.264544946736525
22,42,10.68745694382675
22,43,9.803151679956303
22,44,9.882555146693331
22,45,13.7590849698893
22,46,14.913279907143394
22,47,12.429624711092593
22,48,14.936249386790207
22,49,15.780530883843072
