1,2,3.803468088258296
1,3,6.470201186387845
1,4,9.571384291872876
1,5,12.254092151614799
1,6,12.823901933872184
1,7,16.455135629577292
1,8,18.66766040309863
1,9,20.377139047571646
1,10,22.506114947086942
1,11,22.927670613777586
1,12,22.169287254961688
1,13,25.178875913216
1,14,26.74786285780618
1,15,27.005324909571865
1,16,30.20814502932298
1,17,29.0922744801152
1,18,28.1076641300183
1,19,24.401062748632405
1,20,22.788090929056555
1,21,20.690378848075223
1,22,18.953854745990007
1,23,18.052660793614184
1,24,15.388170456986627
1,25,15.686507331236841
1,26,12.667480245794325
1,27,14.25205697468632
1,28,12.220864168068406
1,29,11.766637773009752
1,30,9.426419985477805
1,31,9.604171956047782
1,32,9.31283325000449
1,33,5.6321193078325456
1,34,4.582907329129428
1,35,6.542520473544123
1,36,6.506176348247882
1,37,10.105012064092113
1,38,12.866199965247981
1,39,16.5858876183628
1,40,19.2108176956312
1,41,22.952972223332175
1,42,25.53832996314512
1,43,25.315807634422068
1,44,21.63203331212723
1,45,21.456769241378275
1,46,18.347809309192037
1,47,19.72969584154038
1,48,18.51329737883286
1,49,17.784396740877373
1,50,18.73311987471477
1,51,16.12262664798373
1,52,18.47993903906547
1,53,16.320751271402166
1,54,14.68401366501655
1,55,10.916525313094748
1,56,10.5839698954015
1,57,9.374928914282934
1,58,10.158613517228027
1,59,12.752417563234541
1,60,13.682496088344095
1,61,14.523817453518456
1,62,16.436942117582124
1,63,15.539157422253865
1,64,16.392692205035207
1,65,14.848438195636627
1,66,16.94044388682339
1,67,15.664149744701836
1,68,18.427869474057232
1,69,18.85064914118038
1,70,21.905598109959335
1,71,22.351768661738895
1,72,24.871525455312252
1,73,28.35266898454931
1,74,29.148538885527397
1,75,26.682963822118932
1,76,22.889050651055275
1,77,20.01688933326518
1,78,16.778614475819086
1,79,14.085651676273066
1,80,11.703146641556843
1,81,9.056319539272758
1,82,9.034923912602057
1,83,12.012066927115908
1,84,15.175795818393635
1,85,13.696537790255537
1,86,13.032213211435904
1,87,15.47362609624443
1,88,17.753103869555765
1,89,19.880072847556004
1,90,22.902391987050546
1,91,24.318025424893673
1,92,27.613787906555295
1,93,28.538116954361982
1,94,32.283016992972
1,95,33.82041270375305
1,96,35.10532882276546
2,1,3.803468088258296
2,3,3.7995373201240636
2,4,5.997022422775456
2,5,8.73457776673746
2,6,9.481722718457016
2,7,13.176915543910303
2,8,15.699761661992781
2,9,17.331904069530754
2,10,19.82483621800467
2,11,20.532343897620706
2,12,20.32583953679603
2,13,23.5547592409398
2,14,25.572866990387755
2,15,25.983620828802927
2,16,29.334118425486434
2,17,28.692643775607525
2,18,27.79213209879136
2,19,24.01219085596003
2,20,21.911112309892225
2,21,19.416565636624256
2,22,17.12624828065948
2,23,15.720158499290031
2,24,12.64036975171607
2,25,12.381837240263389
2,26,9.11244972581435
2,27,10.455532938937264
2,28,8.54354395093169
2,29,8.678637528522062
2,30,7.225861231719877
2,31,7.358881392100607
2,32,7.9029104951474505
2,33,4.785713701222482
2,34,5.067062737991538
2,35,5.477280336476875
2,36,6.444078850043134
2,37,10.147022981954764
2,38,13.364387835768591
2,39,16.909414767349695
2,40,19.59867723258344
2,41,23.311929957263672
2,42,25.577476404294078
2,43,25.75450090216331
2,44,22.022354156701745
2,45,22.438400383967437
2,46,19.537678509494864
2,47,20.83084842876387
2,48,20.10787529686765
2,49,19.37070514306378
2,50,19.614842045765155
2,51,16.74506218213865
2,52,18.98609495145694
2,53,16.509775815867616
2,54,15.476748500779243
2,55,11.9719374063662
2,56,10.360330831977777
2,57,8.49691991546748
2,58,7.901607238089336
2,59,10.679401069609165
2,60,10.924657541765388
2,61,11.139933886953362
2,62,12.905131385395379
2,63,12.46734280130324
2,64,13.54864219877251
2,65,12.683927494024099
2,66,15.296118785927666
2,67,14.611328181047293
2,68,17.858816696079426
2,69,18.69366586226579
2,70,22.062330061154277
2,71,22.34684464576998
2,72,25.174838122325664
2,73,28.42031396504751
2,74,28.953758663866058
2,75,26.28549838979529
2,76,22.567510421258696
2,77,19.411800058006904
2,78,16.006262116829053
2,79,13.192815375725575
2,80,10.1489593464707
2,81,7.112859240951481
2,82,7.935555892004344
2,83,10.888915757372615
2,84,13.368685695200542
2,85,11.154144802171427
2,86,11.040978418455516
2,87,13.312440201077736
2,88,16.16548842651939
2,89,18.23752310706765
2,90,21.60366384124029
2,91,23.27126266589895
2,92,26.797216214604333
2,93,27.991243100065923
2,94,31.76568896359792
2,95,33.663180817844435
2,96,34.736472728152386
3,1,6.470201186387845
3,2,3.7995373201240636
3,4,3.806496676847689
3,5,6.707015239260924
3,6,8.800030511434386
3,7,12.573927616548197
3,8,15.710361956732731
3,9,17.796998484593956
3,10,20.504394763972947
3,11,20.99884372781725
3,12,21.228827154937033
3,13,24.74095557967199
3,14,27.101772423462716
3,15,27.956717182249363
3,16,31.484910256265028
3,17,31.065745429284124
3,18,29.894473751430073
3,19,26.108818901775518
3,20,23.66426842906558
3,21,21.25131150773735
3,22,18.530166480029767
3,23,17.134071912730203
3,24,13.637108945076408
3,25,12.966228247982539
3,26,9.574796193008908
3,27,9.651787974546046
3,28,7.356817398758216
3,29,7.992290187023667
3,30,7.846042628417385
3,31,9.314477686907434
3,32,10.757912187371467
3,33,8.290695101809384
3,34,8.787095662838933
3,35,8.287209367469075
3,36,8.121458637307274
3,37,11.629180299543318
3,38,14.340804996025225
3,39,17.82408663720427
3,40,19.979761466973205
3,41,23.692920249264432
3,42,25.48612336391568
3,43,25.497149089110337
3,44,21.707588005379467
3,45,22.641310050722392
3,46,20.2191258776878
3,47,22.01108581015057
3,48,21.84185565720143
3,49,21.667107274645627
3,50,21.827510232938618
3,51,19.270491649537334
3,52,21.82934871274513
3,53,19.590801889651004
3,54,18.93437397097726
3,55,15.44948157932153
3,56,13.68317303590233
3,57,11.952652284112908
3,58,10.64636675642193
3,59,13.273228593102774
3,60,12.552748892615774
3,61,11.609037657026125
3,62,13.3042203371966
3,63,13.905999986118315
3,64,15.124376565415627
3,65,14.918037666304963
3,66,17.621996890874712
3,67,16.96901481385081
3,68,20.245124954152697
3,69,20.805576158906216
3,70,24.09068723172407
3,71,23.83031530981235
3,72,26.485332857233352
3,73,29.525875472723186
3,74,29.58207904333096
3,75,26.57246874643978
3,76,22.975839536451584
3,77,19.49879364152781
3,78,16.434792912656658
3,79,13.11299877921308
3,80,10.381979614048959
3,81,6.671385005698362
3,82,6.308837846773658
3,83,8.199799250052848
3,84,10.375247418736325
3,85,8.387820753761918
3,86,9.302707463383642
3,87,12.220611727392575
3,88,15.354706540019416
3,89,17.970194830746546
3,90,21.465305357642823
3,91,23.681973543086468
3,92,27.310395233788693
3,93,28.975196834398705
3,94,32.767015467974765
3,95,34.93575913552952
3,96,36.183068196692865
4,1,9.571384291872876
4,2,5.997022422775456
4,3,3.806496676847689
4,5,3.7933419208647856
4,6,6.528533695001661
4,7,10.022737611024844
4,8,13.460524112735243
4,9,15.2580006635303
4,10,18.350848160510978
4,11,19.255042593374718
4,12,20.11481650594017
4,13,23.693932895361556
4,14,26.42277511991413
4,15,27.31707601613681
4,16,30.87034041155534
4,17,30.91023946092131
4,18,29.927002527829636
4,19,26.17185488908627
4,20,23.38338758891629
4,21,20.623069262688468
4,22,17.49573914405388
4,23,15.550406144442363
4,24,11.836604267078036
4,25,10.325355627370632
4,26,6.868276630949149
4,27,6.012764359090219
4,28,3.9463495750109847
4,29,6.034192882580923
4,30,7.579395359252371
4,31,8.720250226633782
4,32,10.73562703374089
4,33,9.373839789341424
4,34,10.537592770448732
4,35,9.378021236077553
4,36,10.12549033497703
4,37,13.16310585978662
4,38,16.109545893156913
4,39,19.224520761553432
4,40,21.466363244151097
4,41,25.01190632457391
4,42,26.54083556953537
4,43,26.997228593265696
4,44,23.29549205359298
4,45,24.631848620817802
4,46,22.349190759958194
4,47,23.867395566925012
4,48,23.96338332714688
4,49,23.617555822127496
4,50,23.210341263870472
4,51,20.443151033803932
4,52,22.70169366516449
4,53,20.211852477611306
4,54,19.981416009775003
4,55,16.87557630461415
4,56,14.339129018997925
4,57,12.249827305742246
4,58,9.87733445568351
4,59,12.162416553424196
4,60,10.652130023696383
4,61,8.776760291610222
4,62,10.117880351261633
4,63,11.470286215437103
4,64,12.95023825151665
4,65,13.635238443241594
4,66,16.69833841480779
4,67,16.748496380945298
4,68,20.295926318162344
4,69,21.303404321980214
4,70,24.781909620581274
4,71,24.51184232505548
4,72,27.43386202189164
4,73,30.216126791634753
4,74,30.11674269470138
4,75,27.048520764885726
4,76,23.621274268154153
4,77,20.064128809557246
4,78,16.936799828901442
4,79,13.870059676158455
4,80,10.712226791376336
4,81,7.444948239739848
4,82,8.274669602190945
4,83,9.75390545712822
4,84,10.621322053103697
4,85,7.635350041923256
4,86,9.361707121303636
4,87,11.587312856331264
4,88,15.190623516809753
4,89,17.478140325654532
4,90,21.195225854939267
4,91,23.507439376031115
4,92,27.257210694902145
4,93,29.064847524061687
4,94,32.8010394056493
4,95,35.2462909045847
4,96,36.20522384744834
5,1,12.254092151614799
5,2,8.73457776673746
5,3,6.707015239260924
5,4,3.7933419208647856
5,6,3.789416562011726
5,7,6.7807800654963515
5,8,10.462507777361795
5,9,12.700783987148188
5,10,15.701077430484633
5,11,16.35050465052702
5,12,17.59383529717777
5,13,21.29164186322056
5,14,24.304172920319147
5,15,25.577923826105877
5,16,29.23586565878588
5,17,29.591980024586835
5,18,28.431717959970996
5,19,24.76766325067805
5,20,21.646941985009946
5,21,18.970060837757423
5,22,15.530165478915253
5,23,13.7394633563738
5,24,9.966228522284881
5,25,8.595738253964791
5,26,6.186828512739922
5,27,5.115888293213783
5,28,5.569440486980197
5,29,8.943387035854878
5,30,11.0764640593433
5,31,11.567443720609267
5,32,13.376659260864438
5,33,12.082558810110662
5,34,12.563346530977947
5,35,10.30362232838681
5,36,10.752530928973236
5,37,12.904113122080041
5,38,15.549821485957583
5,39,18.14487656423889
5,40,20.16752472054497
5,41,23.462833855988965
5,42,24.608198324743057
5,43,25.414770840006362
5,44,21.87171404281047
5,45,23.667858674707816
5,46,21.727169245447893
5,47,23.12877303253289
5,48,23.75124051034999
5,49,23.622174262283917
5,50,22.71256348370395
5,51,20.15519145494974
5,52,22.465946420730827
5,53,20.244720558585417
5,54,20.716791105265777
5,55,17.945549806949476
5,56,15.076961594677124
5,57,13.59637836323307
5,58,11.137439462325473
5,59,13.70775685947786
5,60,12.260495639126338
5,61,9.855404999852656
5,62,9.763674477446218
5,63,11.46200391983543
5,64,12.127488149461286
5,65,13.122554465502857
5,66,15.84335378828045
5,67,15.928380161861972
5,68,19.364857212975704
5,69,20.259697383397263
5,70,23.656482715095574
5,71,23.01542891765128
5,72,25.939632882159998
5,73,28.38613814415489
5,74,27.96615882662515
5,75,24.78113328841485
5,76,21.593251986787106
5,77,17.97449333787287
5,78,15.075897360780502
5,79,12.221158839709442
5,80,9.229127696042669
5,81,6.793316316407514
5,82,8.300252453630977
5,83,9.412334866769134
5,84,9.081888118482453
5,85,5.413262009793183
5,86,7.29185430910407
5,87,8.752223265647201
5,88,12.529504460133717
5,89,14.665241536437527
5,90,18.44042533718856
5,91,20.9689068265378
5,92,24.75278234080567
5,93,26.837464010342714
5,94,30.497193139513588
5,95,33.20690911259073
5,96,34.11647053529714
6,1,12.823901933872184
6,2,9.481722718457016
6,3,8.800030511434386
6,4,6.528533695001661
6,5,3.789416562011726
6,7,3.800444100646292
6,8,7.033205448049583
6,9,9.421345154587318
6,10,12.155756451236908
6,11,12.7762169746903
6,12,13.904880952296558
6,13,17.560228817119132
6,14,20.57564569154851
6,15,21.823286879101023
6,16,25.482327724107023
6,17,25.941259899488163
6,18,24.835940470626166
6,19,21.215084488535826
6,20,18.011517363288927
6,21,15.259086987439346
6,22,11.761488087416975
6,23,10.046511563985069
6,24,6.3204608295973195
6,25,5.789113354328231
6,26,4.705608520326596
6,27,5.763109047444013
6,28,7.767134855202839
6,29,11.196185250142099
6,30,12.845896550367035
6,31,12.210174235792081
6,32,13.386979508926142
6,33,12.093332629140791
6,34,11.89986135082742
6,35,8.879495720882574
6,36,9.754277238237568
6,37,11.032380452943888
6,38,13.810068379946538
6,39,15.958758397644608
6,40,18.29511790644839
6,41,21.39240192282562
6,42,22.67355638301046
6,43,23.944311694000575
6,44,20.56781371311779
6,45,22.283692469474147
6,46,20.21713099763452
6,47,21.080796796184988
6,48,21.74800501692555
6,49,21.37552775611124
6,50,20.003402793566316
6,51,17.390225000251966
6,52,19.48292252878653
6,53,17.346313583375625
6,54,18.326695702692582
6,55,16.003459452002396
6,56,12.854321786666528
6,57,11.985345441441948
6,58,9.813308855704141
6,59,12.75686169227406
6,60,12.08794389150144
6,61,10.263741671177623
6,62,9.073277591616261
6,63,9.881063610211651
6,64,9.440222294206393
6,65,10.120270744033963
6,66,12.448357112382414
6,67,12.565222286865438
6,68,15.948989638850271
6,69,17.005446867402075
6,70,20.447643510022047
6,71,19.927999838962673
6,72,23.058423307530568
6,73,25.406289545730576
6,74,25.154308219404555
6,75,22.171728059973162
6,76,19.031721870965317
6,77,15.628588754976185
6,78,12.507282955392657
6,79,10.342312041078364
6,80,7.028705641502015
6,81,6.10701005625345
6,82,9.062765904498422
6,83,11.036477287907527
6,84,10.765570537695893
6,85,7.076594480663048
6,86,7.119927341867329
6,87,7.0097105128767705
6,88,10.60863789334771
6,89,11.963733731843202
6,90,15.748170611061239
6,91,17.914953070150677
6,92,21.696800962298678
6,93,23.587645173856018
6,94,27.21077661421736
6,95,29.924323665849776
6,96,30.63628895987223
7,1,16.455135629577292
7,2,13.176915543910303
7,3,12.573927616548197
7,4,10.022737611024844
7,5,6.7807800654963515
7,6,3.800444100646292
7,8,3.800552572424138
7,9,6.4778635123167225
7,10,9.165855216966056
7,11,9.864701704131091
7,12,11.808798430272553
7,13,15.411851241730677
7,14,18.79261337080438
7,15,20.287463572696467
7,16,23.92491315443204
7,17,24.889599487894912
7,18,23.83079526688815
7,19,20.441089454752998
7,20,16.926571772734714
7,21,14.154629920230962
7,22,10.38560027737488
7,23,8.613129429699418
7,24,5.498683492259058
7,25,5.111899627739781
7,26,6.458714518681435
7,27,7.278388263400035
7,28,10.39165153803658
7,29,14.042767744649389
7,30,16.06150104782415
7,31,15.085345206753733
7,32,16.163560196094984
7,33,15.309827161538658
7,34,15.03286603418397
7,35,11.772965788904058
7,36,12.731122027120328
7,37,13.122635637480354
7,38,15.524388629907419
7,39,16.903960310667355
7,40,19.07371794590823
7,41,21.70673756244355
7,42,22.613895496884023
7,43,24.395079568907796
7,44,21.353930091792108
7,45,23.383808536777703
7,46,21.620006581947557
7,47,22.117173766333764
7,48,23.148613227137083
7,49,22.766877455890942
7,50,20.82150073022485
7,51,18.378114257479783
7,52,20.148414518641996
7,53,18.20835864327894
7,54,19.826636896538542
7,55,18.090276788573505
7,56,14.719864756576563
7,57,14.233925315632074
7,58,12.007136520354331
7,59,14.58174647170147
7,60,13.891842541185918
7,61,11.862862947316305
7,62,9.483113890931397
7,63,10.434428067090371
7,64,9.127879985852221
7,65,10.39675827869135
7,66,12.174448189329853
7,67,12.76141766332774
7,68,15.858504770843465
7,69,17.07151984767412
7,70,20.36620567948643
7,71,19.679656319532235
7,72,22.87588851189656
7,73,24.75729788228971
7,74,24.28552796418182
7,75,21.378824234780115
7,76,18.663847802618765
7,77,15.500115458281671
7,78,12.745199028287555
7,79,11.45486725463812
7,80,8.736308973452772
7,81,9.170774442971942
7,82,12.177628480148147
7,83,13.76867889581649
7,84,12.686590395466817
7,85,9.186767392548338
7,86,9.038458896550894
7,87,7.326817509867941
7,88,10.420469120979162
7,89,10.823002953225245
7,90,14.468831229278441
7,91,16.564841378180414
7,92,20.27659062055153
7,93,22.300932842879998
7,94,25.724193302489617
7,95,28.706388321563818
7,96,29.138820792309907
8,1,18.66766040309863
8,2,15.699761661992781
8,3,15.710361956732731
8,4,13.460524112735243
8,5,10.462507777361795
8,6,7.033205448049583
8,7,3.800552572424138
8,9,3.7978383892261345
8,10,5.493418773053046
8,11,6.180460899528127
8,12,8.483111699049411
8,13,11.898921747230428
8,14,15.41765143309457
8,15,16.970256316130023
8,16,20.554228043974415
8,17,21.82474000517856
8,18,20.862731850567712
8,19,17.695059057274623
8,20,14.054578135152255
8,21,11.295548513937389
8,22,7.529040053410189
8,23,6.0856207976845695
8,24,4.612152015603414
8,25,5.864480013426995
8,26,8.739542289171958
8,27,10.392749019114316
8,28,13.70711329769429
8,29,17.201666320644314
8,30,18.922268843645604
8,31,17.35594169519409
8,32,17.9572500016009
8,33,17.221162567211376
8,34,16.518028326097348
8,35,13.07457533883353
8,36,14.199467138071551
8,37,13.681204455810176
8,38,15.819713922544508
8,39,16.45137865305351
8,40,18.718494573273293
8,41,20.88977067153016
8,42,21.785003059993937
8,43,24.072217871595043
8,44,21.394842611423584
8,45,23.336871689822598
8,46,21.615950818589013
8,47,21.50668778849425
8,48,22.633259548351855
8,49,22.043135858447386
8,50,19.56941646370517
8,51,17.267201495958012
8,52,18.60294884050318
8,53,16.935236791521618
8,54,19.162703528705066
8,55,18.110460646788315
8,56,14.73344669194229
8,57,14.928390124396442
8,58,13.197442835707433
8,59,15.666957357879289
8,60,15.608942299008913
8,61,14.142393894837214
8,62,11.191974430628164
8,63,11.257991944629556
8,64,8.752084006593329
8,65,9.64978861036191
8,66,10.381152477006328
8,67,11.166053576023062
8,68,13.784113648076739
8,69,15.171943547293793
8,70,18.29190103703149
8,71,17.707281102524348
8,72,21.0272752348802
8,73,22.589610166835758
8,74,22.240639049851698
8,75,19.674591181401905
8,76,17.28068513976041
8,77,14.650006034603527
8,78,12.078305421999868
8,79,11.963304740629903
8,80,9.732376638103855
8,81,11.399917864735523
8,82,14.734757443784758
8,83,16.61663713574732
8,84,15.597946959578202
8,85,12.400338376236144
8,86,11.400695253917899
8,87,8.66029411330672
8,88,10.641761773963998
8,89,9.67022456139161
8,90,12.866447865324183
8,91,14.341923795573443
8,92,17.874413060033238
8,93,19.662658248281637
8,94,22.903977300322556
8,95,25.93943183322682
8,96,26.050980998919663
9,1,20.377139047571646
9,2,17.331904069530754
9,3,17.796998484593956
9,4,15.2580006635303
9,5,12.700783987148188
9,6,9.421345154587318
9,7,6.4778635123167225
9,8,3.7978383892261345
9,10,3.799508618763098
9,11,6.731462857298424
9,12,9.35659383472611
9,13,11.970447793361002
9,14,15.4063442823392
9,15,16.30834064892906
9,16,19.567965178326155
9,17,21.24352629107018
9,18,20.92719457183915
9,19,17.976281642936527
9,20,14.518834287005559
9,21,11.296737551262417
9,22,7.913778081462491
9,23,5.244216083652817
9,24,5.23460318186334
9,25,5.518855434866268
9,26,9.252944718807887
9,27,11.060880206629315
9,28,14.626174067132009
9,29,17.85126729923166
9,30,19.556557470125107
9,31,17.484377173623344
9,32,17.91392054085736
9,33,17.916626568773747
9,34,17.64485823934269
9,35,14.600588859327694
9,36,16.495386182319724
9,37,16.126677251821597
9,38,18.592330083929333
9,39,19.18736870904178
9,40,21.752502534452304
9,41,23.801940887681646
9,42,24.872203727191792
9,43,27.340816086657423
9,44,24.761069960433773
9,45,26.47124482057091
9,46,24.528342274657245
9,47,24.038727610492824
9,48,24.82502822111589
9,49,23.733732774491063
9,50,21.073126517564543
9,51,18.463014030364242
9,52,19.07328899314132
9,53,17.035388208136084
9,54,19.28181905410872
9,55,18.75032882697339
9,56,15.138491446985569
9,57,15.038321913167385
9,58,13.085122906031213
9,59,14.776852449084075
9,60,14.778807239858985
9,61,13.625977304722788
9,62,10.162699212908704
9,63,9.813329446957365
9,64,6.964997560492671
9,65,8.681154555770432
9,66,9.442381746659299
9,67,11.438783284145101
9,68,14.050589731856755
9,69,16.224512396594843
9,70,19.40985799052408
9,71,19.425528168129937
9,72,22.95664529536732
9,73,24.429000610438536
9,74,24.420019154587575
9,75,22.247238445256738
9,76,20.00748938057631
9,77,17.755645567085622
9,78,15.082837807942482
9,79,15.295142758763022
9,80,12.782996079852044
9,81,14.262714620842418
9,82,17.78911595765391
9,83,19.9040220045025
9,84,19.03372431200583
9,85,15.617546642780889
9,86,14.897324105661044
9,87,12.38915119661079
9,88,14.322125546312538
9,89,12.951978888621108
9,90,15.780663138813537
9,91,16.62309283252078
9,92,19.876981126087287
9,93,21.188850081656472
9,94,24.18706363913272
9,95,27.108486231045042
9,96,26.699539386170223
10,1,22.506114947086942
10,2,19.82483621800467
10,3,20.504394763972947
10,4,18.350848160510978
10,5,15.701077430484633
10,6,12.155756451236908
10,7,9.165855216966056
10,8,5.493418773053046
10,9,3.799508618763098
10,11,3.799833907445061
10,12,6.52724211043584
10,13,8.528789145836416
10,14,12.052142146265215
10,15,13.19730804774942
10,16,16.413631061461704
10,17,18.379729748601804
10,18,17.99104917775683
10,19,15.391137820842431
10,20,11.892837563991502
10,21,9.095449490258332
10,22,6.307451363417269
10,23,5.263746199764494
10,24,7.217008079603594
10,25,8.91418651419037
10,26,12.55897844240313
10,27,14.68176251058663
10,28,18.14103804073848
10,29,21.35063327722789
10,30,22.792612917239754
10,31,20.54603959648755
10,32,20.63010242417096
10,33,20.3627012356832
10,34,19.521367684572223
10,35,16.298645381611127
10,36,17.87717078323378
10,37,16.7015579341399
10,38,18.64594871098881
10,39,18.494827192300225
10,40,20.916878397793536
10,41,22.441689167022066
10,42,23.405442994508373
10,43,26.24739472361038
10,44,24.07950666749396
10,45,25.724678186989497
10,46,23.969727311241847
10,47,23.01513889973339
10,48,23.998944672007156
10,49,22.913861913208223
10,50,19.841978408875757
10,51,17.64843799356713
10,52,17.969072910052454
10,53,16.525415737091762
10,54,19.35461784378345
10,55,19.38226659017504
10,56,16.095449674579264
10,57,16.809797219559606
10,58,15.563797430106263
10,59,17.423486350391098
10,60,17.98437225211398
10,61,17.20946861240865
10,62,13.820423791408967
10,63,12.947188209903068
10,64,9.553041262642136
10,65,10.166111967131092
10,66,9.423160257431071
10,67,11.009872212890038
10,68,12.678610972834072
10,69,14.658443024062892
10,70,17.39750754826385
10,71,17.351975054784536
10,72,20.79668915759216
10,73,21.861759999923404
10,74,21.90072663247736
10,75,20.099934997352914
10,76,18.2903175783725
10,77,16.650378727364718
10,78,14.427695779659576
10,79,15.565902529447985
10,80,13.756387715818256
10,81,16.05451172596382
10,82,19.60764717298843
10,83,21.79468073121721
10,84,20.924706652740536
10,85,17.83930288166649
10,86,16.47166773247117
10,87,13.387948178219828
10,88,14.351521349130413
10,89,12.04745581406286
10,90,14.126293087744198
10,91,14.298258935513463
10,92,17.179599935810455
10,93,18.251313986327364
10,94,20.98888310595196
10,95,23.94034561007543
10,96,23.2935827825746
11,1,22.927670613777586
11,2,20.532343897620706
11,3,20.99884372781725
11,4,19.255042593374718
11,5,16.35050465052702
11,6,12.7762169746903
11,7,9.864701704131091
11,8,6.180460899528127
11,9,6.731462857298424
11,10,3.799833907445061
11,12,3.8008516053114967
11,13,6.382043256726039
11,14,10.16318415161959
11,15,12.312493442925122
11,16,15.77227192948136
11,17,17.5254521335953
11,18,16.407270503083193
11,19,13.898460834669082
11,20,10.178017191189708
11,21,8.379685820367275
11,22,5.8702857476829085
11,23,6.977981531960366
11,24,8.647312645212493
11,25,11.151600897462217
11,26,14.379118508165822
11,27,16.485299566820142
11,28,19.75289143481326
11,29,23.115265370826503
11,30,24.46830457439536
11,31,22.487483004793344
11,32,22.54513123917413
11,33,21.669229446535006
11,34,20.25941528303957
11,35,16.726100046670783
11,36,17.53432492812482
11,37,15.726953723239149
11,38,16.954260193039058
11,39,16.20643457372953
11,40,18.19136805062459
11,41,19.343575959846543
11,42,20.009592022053422
11,43,23.023797289480235
11,44,21.14023669194916
11,45,22.954470770334286
11,46,21.58160450784056
11,47,20.599209129992314
11,48,22.0564021095074
11,49,21.435264853354084
11,50,18.23617553584913
11,51,16.66745720694329
11,52,17.42148557326786
11,53,16.71784511877967
11,54,19.841162938158952
11,55,19.786312187247777
11,56,16.907782561248492
11,57,18.227788392629893
11,58,17.4387313572325
11,59,19.85469320598693
11,60,20.56634713855041
11,61,19.701070315990773
11,62,16.558135924528116
11,63,15.795126666369258
11,64,12.396499747656826
11,65,12.247539363730429
11,66,10.92576693869485
11,67,11.25360551152432
11,68,12.226191345823626
11,69,13.255177464943728
11,70,15.525090508557598
11,71,14.796662994507313
11,72,17.955831636368753
11,73,18.72443602705321
11,74,18.420527364804386
11,75,16.533624359499807
11,76,15.004381208283203
11,77,13.598909932631356
11,78,11.979121437240652
11,79,13.666476539400483
11,80,12.751157070816133
11,81,15.641545896530845
11,82,18.937584493828503
11,83,20.915442614543277
11,84,19.925835793342284
11,85,17.333520118069934
11,86,15.426254677843266
11,87,11.906594420493976
11,88,11.93602435225789
11,89,9.037220685559983
11,90,10.588149317532698
11,91,10.721935333106062
11,92,13.589186025955309
11,93,15.013190836580643
11,94,17.797672913909228
11,95,20.959952729852002
11,96,20.642506917963107
12,1,22.169287254961688
12,2,20.32583953679603
12,3,21.228827154937033
12,4,20.11481650594017
12,5,17.59383529717777
12,6,13.904880952296558
12,7,11.808798430272553
12,8,8.483111699049411
12,9,9.35659383472611
12,10,6.52724211043584
12,11,3.8008516053114967
12,13,3.802485920219966
12,14,7.157623627562187
12,15,9.539864653720098
12,16,13.232098005470391
12,17,14.437507913090139
12,18,12.950523123023212
12,19,10.285502040077152
12,20,6.520869918921697
12,21,5.436557386947133
12,22,4.193636815109274
12,23,7.228939686210367
12,24,9.43231814020314
12,25,12.755043854236632
12,26,15.573289342366408
12,27,18.226856596653587
12,28,21.106824177977245
12,29,24.228133762501173
12,30,25.046915009758365
12,31,22.907177045301435
12,32,22.561538048920873
12,33,21.300716624348624
12,34,19.31508758878232
12,35,15.843945882379844
12,36,16.376268218665864
12,37,13.934034116162044
12,38,14.756623270584132
12,39,13.52010748973026
12,40,15.662947440533134
12,41,16.607729074455925
12,42,17.694955747725285
12,43,20.78041015528406
12,44,19.06638712876624
12,45,20.429493599320008
12,46,18.91190029654996
12,47,17.48034554561507
12,48,18.834247387147656
12,49,18.127559682611228
12,50,14.756105280209256
12,51,13.517077923100201
12,52,14.227532845583804
12,53,14.113864765549424
12,54,17.497416427776038
12,55,17.745046156375093
12,56,15.39583087002646
12,57,17.445062740665108
12,58,17.460938816236936
12,59,20.153354034239374
12,60,21.48008979921652
12,61,21.14824085204761
12,62,18.38024709343323
12,63,17.00335219308023
12,64,13.420671196325737
12,65,12.149041866808414
12,66,9.919141286575794
12,67,9.197509798847877
12,68,9.24090580093613
12,69,9.76544183395062
12,70,11.770514658522494
12,71,11.133239099489828
12,72,14.397022253410926
12,73,15.336570533398879
12,74,15.493961468695593
12,75,13.960670254915287
12,76,12.30219234074883
12,77,11.47593758991516
12,78,9.904677365346592
12,79,12.391554309506374
12,80,11.99177464549921
12,81,15.38047288146946
12,82,18.63619115419396
12,83,20.957982901819523
12,84,20.514143053761423
12,85,18.210536750863426
12,86,15.633988559112657
12,87,12.229642101360463
12,88,11.52785401282374
12,89,8.253160782798517
12,90,9.119768811351596
12,91,8.227326949238154
12,92,10.980269812590057
12,93,11.864296613863454
12,94,14.87764367438098
12,95,17.77448182925264
12,96,17.61284595956455
13,1,25.178875913216
13,2,23.5547592409398
13,3,24.74095557967199
13,4,23.693932895361556
13,5,21.29164186322056
13,6,17.560228817119132
13,7,15.411851241730677
13,8,11.898921747230428
13,9,11.970447793361002
13,10,8.528789145836416
13,11,6.382043256726039
13,12,3.802485920219966
13,14,3.7995088564555326
13,15,6.494482198387928
13,16,9.91643714118968
13,17,11.59891001105108
13,18,10.318936754547334
13,19,8.51433720800116
13,20,5.349627770504089
13,21,5.631464143652526
13,22,6.635698026307138
13,23,9.62047086378172
13,24,12.568958360317673
13,25,15.807648814886896
13,26,18.809719330582702
13,27,21.6055587553428
13,28,24.537648232136096
13,29,27.543602636688618
13,30,28.204164535505104
13,31,25.79194248477497
13,32,25.182284113790914
13,33,24.088139268018967
13,34,22.00427574728668
13,35,18.763587983412076
13,36,19.430257322967986
13,37,16.732607027599833
13,38,17.283788526605772
13,39,15.52880850367351
13,40,17.54399621921673
13,41,17.845981240352582
13,42,18.933277925957043
13,43,22.286664182500402
13,44,21.08124416626005
13,45,22.12699098869509
13,46,20.70266502444837
13,47,18.674668286855464
13,48,19.902352729380404
13,49,18.934912432357557
13,50,15.26283097330586
13,51,14.441938274142577
13,52,14.347589700432952
13,53,14.754491567160077
13,54,18.425104292549264
13,55,19.394563466954637
13,56,17.37751634670036
13,57,19.729048267489155
13,58,20.077205161844848
13,59,22.481018483527937
13,60,24.117153866233682
13,61,24.09986577891797
13,62,21.22868715150381
13,63,19.5125463324012
13,64,15.758731274964699
13,65,14.296541420862999
13,66,11.376060420873168
13,67,10.817319149201971
13,68,9.669773584753523
13,69,10.210326888072784
13,70,11.315765840177265
13,71,11.127678801112028
13,72,14.13746873926085
13,73,14.4782060933253
13,74,15.05113603936548
13,75,14.42748661988404
13,76,13.488777033474216
13,77,13.674647932435601
13,78,12.644177762804947
13,79,15.607837175460455
13,80,15.459665801454927
13,81,18.926093530818715
13,82,22.178687290691187
13,83,24.593890716199517
13,84,24.233009185733085
13,85,22.000816142292877
13,86,19.338137915677457
13,87,15.945011708887096
13,88,14.89220562843892
13,89,11.36977621016416
13,90,11.193683293705412
13,91,9.097158778436308
13,92,10.643663630372641
13,93,10.531057432100171
13,94,12.897495179701254
13,95,15.60049045311841
13,96,14.781704138449308
14,1,26.74786285780618
14,2,25.572866990387755
14,3,27.101772423462716
14,4,26.42277511991413
14,5,24.304172920319147
14,6,20.57564569154851
14,7,18.79261337080438
14,8,15.41765143309457
14,9,15.4063442823392
14,10,12.052142146265215
14,11,10.16318415161959
14,12,7.157623627562187
14,13,3.7995088564555326
14,15,3.8056269729296206
14,16,6.892048207633116
14,17,8.221262496692448
14,18,6.72222071215894
14,19,5.854323645417906
14,20,4.299075338594058
14,21,6.520841140723907
14,22,9.131772335879043
14,23,12.318446601383139
14,24,15.449171371537933
14,25,18.853602521308332
14,26,21.654833911010105
14,27,24.71127632207405
14,28,27.433221067092376
14,29,30.22256692955351
14,30,30.51322614163702
14,31,27.931621040721293
14,32,26.9896263556777
14,33,25.787171353600222
14,34,23.398677919993943
14,35,20.438676323365183
14,36,21.006652367405643
14,37,17.98587422610868
14,38,18.15940886190552
14,39,15.971252206761633
14,40,17.92501536039375
14,41,17.737507655893516
14,42,19.107653514773567
14,43,22.48439426889834
14,44,21.68317211580274
14,45,22.188251109808906
14,46,20.737726427576657
14,47,18.13282644563956
14,48,19.10102544609767
14,49,17.912001285218203
14,50,14.123641416382931
14,51,13.884519730574526
14,52,13.188422518338538
14,53,14.36990081809961
14,54,18.149938351083335
14,55,19.690912255837386
14,56,18.296574625529995
14,57,21.104148819994844
14,58,22.038696389014554
14,59,24.387606738745017
14,60,26.453467363863435
14,61,26.849355973272523
14,62,24.1775348384648
14,63,22.068762096650595
14,64,18.302447980959247
14,65,16.297334054695263
14,66,12.872748643813615
14,67,11.846203847654717
14,68,9.494459535944365
14,69,9.554234153709093
14,70,9.543495082117508
14,71,9.931274862016789
14,72,12.583303665783719
14,73,12.656928484549258
14,74,13.981943341054889
14,75,14.301536128261255
14,76,13.738987195335605
14,77,14.81801987625646
14,78,14.124225867754449
14,79,17.468977944985316
14,80,17.653874087760165
14,81,21.22604046765892
14,82,24.36892174234415
14,83,26.967656071851888
14,84,26.947598762199863
14,85,24.90096790082814
14,86,21.95421059076206
14,87,18.74718925231152
14,88,17.332591208164768
14,89,13.841554398819394
14,90,12.991774361502648
14,91,9.9989225893913
14,92,10.432169226305824
14,93,8.96912405164005
14,94,10.813144384756033
14,95,12.877035092691575
14,96,11.660572913625703
15,1,27.005324909571865
15,2,25.983620828802927
15,3,27.956717182249363
15,4,27.31707601613681
15,5,25.577923826105877
15,6,21.823286879101023
15,7,20.287463572696467
15,8,16.970256316130023
15,9,16.30834064892906
15,10,13.19730804774942
15,11,12.312493442925122
15,12,9.539864653720098
15,13,6.494482198387928
15,14,3.8056269729296206
15,16,3.8059818395481377
15,17,5.3801979838335106
15,18,5.715030022252134
15,19,5.286093596466587
15,20,5.396580593565248
15,21,6.729284469633042
15,22,10.072938864038207
15,23,12.662855880222063
15,24,16.144998003381435
15,25,19.387292150928072
15,26,22.13865829748719
15,27,25.445548164014316
15,28,28.056077435195643
15,29,30.538043735245278
15,30,30.535799144993256
15,31,27.62143850095567
15,32,26.373599932086975
15,33,25.493452906996175
15,34,23.237190106192415
15,35,20.707628386622115
15,36,21.784767304520756
15,37,18.997105270268477
15,38,19.59966224520928
15,39,17.777348424057138
15,40,20.18579430854339
15,41,20.252963247798647
15,42,22.07423586701325
15,43,25.24928936434436
15,44,24.289251916454333
15,45,24.376600357031265
15,46,22.48994255545895
15,47,19.650858399128573
15,48,19.91733112880043
15,49,18.043504460041152
15,50,14.361977000450393
15,51,13.693754308553205
15,52,11.989110511857222
15,53,12.95972621205206
15,54,16.64916587288347
15,55,18.81308810805901
15,56,17.586223241975397
15,57,20.395581698332105
15,58,21.602699626422037
15,59,23.536621659387773
15,60,25.950376472527125
15,61,26.82988678130932
15,62,24.285301035076255
15,63,21.716677278261628
15,64,18.004511099154374
15,65,15.76365951112974
15,66,12.061350259543154
15,67,11.499024071994441
15,68,8.811983185323106
15,69,9.8379643205615
15,70,9.971311394289653
15,71,11.658818392974418
15,72,14.450464192275591
15,73,14.936882855443974
15,74,16.908578764801305
15,75,17.50388519144329
15,76,16.636912314298385
15,77,17.626434206386232
15,78,16.409941319543826
15,79,19.53527700283243
15,80,19.22409021501495
15,81,22.562694862176382
15,82,25.878773463188846
15,83,28.806114312375602
15,84,29.102779887410662
15,85,26.800283536670058
15,86,23.942389627078295
15,87,20.99724084221017
15,88,20.013288759612124
15,89,16.770784706496634
15,90,16.35423376459748
15,91,13.4509738280856
15,92,13.922302533489205
15,93,11.940751887977509
15,94,13.465183022113866
15,95,14.727993886241366
15,96,12.9965662683651
16,1,30.20814502932298
16,2,29.334118425486434
16,3,31.484910256265028
16,4,30.87034041155534
16,5,29.23586565878588
16,6,25.482327724107023
16,7,23.92491315443204
16,8,20.554228043974415
16,9,19.567965178326155
16,10,16.413631061461704
16,11,15.77227192948136
16,12,13.232098005470391
16,13,9.91643714118968
16,14,6.892048207633116
16,15,3.8059818395481377
16,17,3.8171545294247795
16,18,6.019665648036097
16,19,7.551176983656353
16,20,8.941477395944563
16,21,10.384849682954584
16,22,13.759691654642277
16,23,16.05139776737671
16,24,19.648476852786224
16,25,22.73036632725627
16,26,25.518988577994836
16,27,28.86470361475217
16,28,31.471694160575986
16,29,33.823539468993225
16,30,33.69342921522086
16,31,30.611939432676685
16,32,29.187825719550673
16,33,28.496789933440795
16,34,26.283152130500056
16,35,24.015411254495234
16,36,25.2091636731005
16,37,22.42618817842736
16,38,22.946103244526995
16,39,21.00218297311062
16,40,23.301934092026357
16,41,23.053658311293898
16,42,24.873262261122385
16,43,28.066830598364334
16,44,27.39566491803259
16,45,27.234981313659237
16,46,25.39360145406081
16,47,22.28148326568872
16,48,22.313570593380955
16,49,20.235989653819022
16,50,16.700508503788015
16,51,16.314488216609735
16,52,14.013368984077514
16,53,15.21083513645261
16,54,18.679551732617938
16,55,21.320378038193155
16,56,20.39825582567592
16,57,23.214846795689066
16,58,24.58599964757389
16,59,26.205685898799615
16,60,28.784745582340218
16,61,29.89766653769055
16,62,27.356375140640218
16,63,24.61644030496868
16,64,20.973868054155467
16,65,18.764670982651367
16,66,15.038762220288547
16,67,14.72984075723469
16,68,11.841662935343184
16,69,12.833294432689291
16,70,12.302095726623126
16,71,14.316192414126094
16,72,16.581957647170846
16,73,16.660702042247763
16,74,18.9396555415592
16,75,20.13458949618469
16,76,19.65971980828976
16,77,21.035428573834636
16,78,20.016023963549888
16,79,23.213246302105283
16,80,22.93912211320487
16,81,26.235206737067116
16,82,29.545852969574657
16,83,32.535623433405036
16,84,32.89661003918697
16,85,30.58650432656046
16,86,27.726431590626596
16,87,24.80176077192637
16,88,23.751700546850937
16,89,20.45985576568918
16,90,19.774851541864816
16,91,16.62385654172093
16,92,16.4702172931783
16,93,13.931409661823295
16,94,14.56510355296228
16,95,15.117317437285289
16,96,12.631187013280721
17,1,29.0922744801152
17,2,28.692643775607525
17,3,31.065745429284124
17,4,30.91023946092131
17,5,29.591980024586835
17,6,25.941259899488163
17,7,24.889599487894912
17,8,21.82474000517856
17,9,21.24352629107018
17,10,18.379729748601804
17,11,17.5254521335953
17,12,14.437507913090139
17,13,11.59891001105108
17,14,8.221262496692448
17,15,5.3801979838335106
17,16,3.8171545294247795
17,18,3.8031675044066997
17,19,5.890659133708443
17,20,8.74524445841679
17,21,10.761473656740385
17,22,14.504213619024087
17,23,17.066379911820906
17,24,20.39201572618481
17,25,23.693929308550512
17,26,26.0606556626703
17,27,29.593345879579424
17,28,31.84906239808845
17,29,33.97608167268932
17,30,33.46258176095889
17,31,30.418043082895068
17,32,28.76794830524693
17,33,27.773588663772063
17,34,25.23958931962359
17,35,23.247031223114263
17,36,24.20262996241077
17,37,21.275305162092828
17,38,21.529136543774793
17,39,19.52656640285902
17,40,21.856802797188813
17,41,21.571842945619313
17,42,23.793041738934402
17,43,26.705024955641022
17,44,26.095134996518375
17,45,25.437352677200128
17,46,23.43563775893397
17,47,20.08704233812668
17,48,19.721497658858468
17,49,17.46075339823772
17,50,14.154631612066185
17,51,14.176631120957444
17,52,11.613576813521588
17,53,13.500149075591926
17,54,16.783365487884566
17,55,19.617393854680603
17,56,19.36358257395343
17,57,22.538202424678826
17,58,24.44761228555181
17,59,26.24166287361568
17,60,29.12413564684376
17,61,30.511827927342512
17,62,28.342255516498202
17,63,25.39822847927404
17,64,21.890704043601517
17,65,19.143808623390722
17,66,15.342815757315321
17,67,14.29469171659518
17,68,10.851293854065608
17,69,11.251257818735754
17,70,10.063519429369535
17,71,12.663961828904506
17,72,14.65357021915517
17,73,15.142058153509682
17,74,17.999629094484618
17,75,19.457946746438466
17,76,18.78356599706798
17,77,20.412730205953533
17,78,19.41103616735852
17,79,22.632786266801144
17,80,22.57716317266974
17,81,25.841839455604735
17,82,28.942696384823325
17,83,32.06626426463952
17,84,32.820803529998145
17,85,30.722732702690656
17,86,27.62660898026643
17,87,25.008338057498968
17,88,23.799831764146543
17,89,20.775797593247905
17,90,19.99742421448798
17,91,16.712124132296186
17,92,16.42637275953995
17,93,13.457776031713918
17,94,14.236473280085566
17,95,14.064400499511612
17,96,12.076652067316934
18,1,28.1076641300183
18,2,27.79213209879136
18,3,29.894473751430073
18,4,29.927002527829636
18,5,28.431717959970996
18,6,24.835940470626166
18,7,23.83079526688815
18,8,20.862731850567712
18,9,20.92719457183915
18,10,17.99104917775683
18,11,16.407270503083193
18,12,12.950523123023212
18,13,10.318936754547334
18,14,6.72222071215894
18,15,5.715030022252134
18,16,6.019665648036097
18,17,3.8031675044066997
18,19,3.7910277791567455
18,20,6.924882633263044
18,21,10.024356606743721
18,22,13.640138441034944
18,23,16.798480217515866
18,24,19.806768143023746
18,25,23.375239343460745
18,26,25.621113671010313
18,27,29.058617915982232
18,28,31.263958714932937
18,29,33.57207019303484
18,30,33.146498787334934
18,31,30.394203884033583
18,32,28.911921283637007
18,33,27.472777313478527
18,34,24.634352798106104
18,35,22.34344858782585
18,36,22.730674030532843
18,37,19.461864582751822
18,38,19.15754377532942
18,39,16.710179225280605
18,40,18.661275083931606
18,41,18.048196830814202
18,42,20.150701193365222
18,43,23.10845624224697
18,44,22.7253976755576
18,45,22.116050190662886
18,46,20.418030283573426
18,47,17.03169125878172
18,48,17.14144434662138
18,49,15.442188386965908
18,50,11.962410177859319
18,51,12.72106273529384
18,52,11.03331178315741
18,53,13.534340637198436
18,54,16.985875102540128
18,55,19.30786358132072
18,56,19.16531224885193
18,57,22.563533950660794
