1,2,3.8053575143911544
1,3,5.729833904969529
1,4,6.426743925179303
1,5,9.501739128052725
1,6,12.173937056382503
1,7,12.792251045759599
1,8,15.878899296312476
1,9,17.4289391801472
1,10,19.84103981932365
1,11,19.733727844187595
1,12,22.70918914572258
1,13,24.30500642612661
1,14,23.921382809232213
1,15,26.272590053703823
1,16,29.175244769008536
1,17,28.286851230920274
1,18,30.056368971109098
1,19,31.13171329278865
1,20,30.245870768921712
1,21,32.99749302270982
1,22,31.960059959930504
1,23,32.23067026853752
1,24,28.850289373002944
1,25,27.650220623131993
1,26,24.928117367134856
1,27,23.41560383525888
1,28,21.46280784901631
1,29,19.80737729898412
1,30,18.79145087497392
1,31,16.413196362880793
1,32,18.373039915012125
1,33,16.689257243038426
1,34,14.119705087796458
1,35,10.984786291119171
1,36,8.947672775034025
1,37,6.533901158617252
1,38,8.086978736907064
1,39,10.286353317892841
1,40,13.76464086395678
1,41,16.44168876663914
1,42,19.265808538084553
1,43,22.351219339958657
1,44,25.950643913304418
1,45,28.85529062715561
1,46,32.60080958767586
1,47,35.24221452039789
1,48,35.388007055660694
1,49,31.64114078654516
1,50,32.034165326677574
1,51,31.130540337308815
1,52,28.015035101413506
1,53,29.220486157742158
1,54,28.261005405113305
1,55,24.76939751197559
1,56,21.584656839909886
1,57,21.69061089699221
1,58,18.350533229386425
1,59,15.579381768527904
1,60,13.126459816027658
1,61,13.04457972994611
1,62,10.161662763271485
1,63,10.891368067545814
1,64,8.888149213005537
1,65,10.829473562459267
1,66,14.124400464985198
1,67,16.900741428849187
1,68,14.868554908147514
1,69,16.8206464712731
1,70,16.08611803367846
1,71,18.72065304068765
1,72,19.327119962701225
1,73,22.11960161737718
1,74,23.832980911865153
1,75,27.209267954007746
1,76,29.262124506487037
1,77,32.417427176538645
1,78,35.85561036431531
1,79,37.28790754609228
1,80,35.68060020860521
1,81,32.13371250772274
1,82,29.578271397399025
1,83,26.033153169017176
1,84,24.21565375997763
1,85,20.996296971303266
1,86,19.254298731450994
1,87,20.703274177600868
1,88,23.68747521370675
1,89,26.4125760706889
1,90,24.414444478237
1,91,23.532886683565593
1,92,24.77195644763454
1,93,27.532803320957733
1,94,28.81903123644563
1,95,31.996877911921388
1,96,32.18489532601176
1,97,35.45581266301623
1,98,35.518148751552765
1,99,38.92924355258288
1,100,40.35377849122959
1,101,41.003091388049896
2,1,3.8053575143911544
2,3,3.8047790739271905
2,4,6.57272503735849
2,5,9.654527648194014
2,6,13.074449023120096
2,7,14.236972084588809
2,8,16.84287940339391
2,9,18.9368487726541
2,10,21.808192804808773
2,11,22.21616330186981
2,12,25.455466470323056
2,13,27.31563996826349
2,14,27.217085093337936
2,15,29.682736314697127
2,16,32.500167772816674
2,17,31.4739233354686
2,18,33.32004758022344
2,19,34.32230548168314
2,20,33.508453500363736
2,21,36.23176506261363
2,22,34.96924729836584
2,23,35.08633718261242
2,24,31.74514674412525
2,25,30.65758415334478
2,26,28.13403763525902
2,27,26.58232910770078
2,28,24.812951712032714
2,29,22.968068462312313
2,30,21.920165397400815
2,31,19.197654922762798
2,32,20.800865370546646
2,33,18.574185555430066
2,34,15.612904760024955
2,35,12.06285080783149
2,36,11.1268549323412
2,37,9.314552173001342
2,38,10.18649903974932
2,39,12.36881477396153
2,40,16.07412859540073
2,41,18.17146972323307
2,42,21.256903778891022
2,43,24.141592426354542
2,44,27.85202689281823
2,45,30.476654116175627
2,46,34.242654507518616
2,47,37.004075500817024
2,48,36.82456947664965
2,49,33.07141267378254
2,50,33.111651697775784
2,51,32.21313011681615
2,52,29.287335768002638
2,53,30.824504713702417
2,54,30.193259056821294
2,55,26.75224648769572
2,56,23.862634553765727
2,57,24.23206352680233
2,58,21.146964366175602
2,59,18.08739959940507
2,60,15.432708184400004
2,61,15.927759875048606
2,62,13.276903583364762
2,63,14.066563192779517
2,64,12.394284672778992
2,65,13.841239580388251
2,66,16.750457648229393
2,67,19.869900202721286
2,68,18.227926004843575
2,69,20.336655047461928
2,70,19.579873479393132
2,71,22.18997795162817
2,72,22.472969015816517
2,73,25.139119223727572
2,74,26.502325949377003
2,75,29.703780257771264
2,76,31.623969364800395
2,77,34.588935766830176
2,78,38.1470896889713
2,79,39.53884483292871
2,80,37.876852463928124
2,81,34.231979633645295
2,82,31.676954113247824
2,83,28.297278860828218
2,84,26.20041956513789
2,85,23.156293536177564
2,86,21.053148035308954
2,87,21.89432235031296
2,88,24.62000454484387
2,89,27.593620570253247
2,90,26.007134808084956
2,91,25.277410572732382
2,92,26.95144032117514
2,93,29.64792184013779
2,94,31.25889381272724
2,95,34.40644225256556
2,96,34.75580900780763
2,97,38.023226688820586
2,98,38.14275426324479
2,99,41.60036545153824
2,100,43.01572497883773
2,101,43.875341064242846
3,1,5.729833904969529
3,2,3.8047790739271905
3,4,3.809190582206689
3,5,6.269466918454596
3,6,9.955823161421511
3,7,11.645072134781625
3,8,14.012356174903141
3,9,16.609788782829526
3,10,19.66222299962138
3,11,20.37890186182749
3,12,23.861454469507123
3,13,25.89814251062799
3,14,26.314726237881946
3,15,28.849415033850434
3,16,31.427193212028868
3,17,30.17052643661124
3,18,32.20056104738629
3,19,33.23156967716846
3,20,32.75327048281752
3,21,35.61918454889819
3,22,34.20850182276573
3,23,33.92311971607813
3,24,30.5226038910964
3,25,29.346699133024707
3,26,27.067047848951265
3,27,25.32969528474809
3,28,23.882607390487404
3,29,21.803662858144282
3,30,20.986555832581303
3,31,18.005638749223834
3,32,19.557788028735906
3,33,16.983502733817595
3,34,14.216448617830977
3,35,10.550222816214744
3,36,10.31860648507643
3,37,8.965266344649127
3,38,8.439130454374183
3,39,10.274561029571077
3,40,13.97745592260071
3,41,15.472933670915788
3,42,18.7550374821854
3,43,21.5096712976387
3,44,25.28149851053307
3,45,27.62928254584017
3,46,31.400276752774793
3,47,34.160782149807545
3,48,33.72934413084019
3,49,29.982020114740557
3,50,29.865260418816064
3,51,29.098118290641576
3,52,26.37244280542927
3,53,28.220295639184112
3,54,27.966906678983136
3,55,24.717669883602785
3,56,22.10843232414744
3,57,23.031812598873884
3,58,20.261655163563717
3,59,17.294473556422986
3,60,14.130523073268007
3,61,14.791724574581057
3,62,12.382954925147258
3,63,13.300363157874921
3,64,12.644980580518913
3,65,14.009721675971328
3,66,16.43771660117114
3,67,19.518285762425418
3,68,18.145710858046446
3,69,20.06393553343681
3,70,19.06552430952851
3,71,21.63164385634263
3,72,21.428867782866064
3,73,24.07309392219185
3,74,24.971050169933427
3,75,28.029596339067545
3,76,29.610008388299388
3,77,32.45044277678593
3,78,36.053789446266464
3,79,37.246491893701595
3,80,35.43212745570392
3,81,31.713084462647466
3,82,29.106011376472743
3,83,25.913177682287976
3,84,23.553714841003085
3,85,20.70987554044004
3,86,18.376429007539386
3,87,18.790714247857824
3,88,21.42027773874464
3,89,24.584533317891736
3,90,23.34636188311909
3,91,22.547835639258512
3,92,24.522896670063474
3,93,27.079348404085053
3,94,28.976826632500227
3,95,32.073343553736535
3,96,32.64316007614289
3,97,35.93414179917014
3,98,36.24693462459834
3,99,39.79461647156552
3,100,41.359255740098526
3,101,42.50872433185732
4,1,6.426743925179303
4,2,6.57272503735849
4,3,3.809190582206689
4,5,3.814133738401516
4,6,7.052002371636107
4,7,9.273658705748943
4,8,12.194528643561405
4,9,14.825620713028693
4,10,17.487120809845823
4,11,17.798455725335465
4,12,21.23328921318435
4,13,22.999948977202536
4,14,23.618104315248367
4,15,25.934630739676397
4,16,28.286280310481015
4,17,26.791766699305494
4,18,28.7472513335265
4,19,29.671333044420784
4,20,29.275874221268392
4,21,32.16427993701292
4,22,30.68118469833806
4,23,30.25218574013767
4,24,26.847949011460443
4,25,25.70308437738735
4,26,23.575925781660683
4,27,21.929405993475665
4,28,20.790659392555064
4,29,18.8959528417266
4,30,18.582214391935533
4,31,15.846685697177971
4,32,17.903591818668435
4,33,15.648239009605721
4,34,13.575208524374867
4,35,10.289315275047212
4,36,9.48204265977801
4,37,7.891625692999106
4,38,6.087758862939566
4,39,6.82679387389973
4,40,10.573529118387473
4,41,11.99932639212573
4,42,15.104061052640503
4,43,17.804947873603126
4,44,21.558154496951406
4,45,24.01691821589378
4,46,27.782285305863635
4,47,30.586274211760134
4,48,30.323658685850617
4,49,26.589994031877797
4,50,26.547169384682483
4,51,25.660869397032304
4,52,22.79882472200514
4,53,24.513734338555054
4,54,24.185907877244546
4,55,20.94291204704409
4,56,18.33393371435721
4,57,19.404683403506652
4,58,16.765426599894443
4,59,13.927747030138853
4,60,10.548771023342278
4,61,11.324307230034286
4,62,9.361264267233018
4,63,10.905270031253913
4,64,11.128700843244713
4,65,13.087597262839898
4,66,15.502470860933835
4,67,18.075727214641617
4,68,16.40209903004771
4,69,17.7442038020202
4,70,16.25486288436749
4,71,18.532611786140674
4,72,17.967694196578545
4,73,20.498788838801193
4,74,21.230552957875584
4,75,24.250878181000942
4,76,25.803967091040484
4,77,28.646213923466224
4,78,32.24611652454055
4,79,33.46774663222439
4,80,31.71623278032373
4,81,28.015050747919034
4,82,25.502675387026397
4,83,22.28800453231312
4,84,20.090344802674927
4,85,17.358887821515662
4,86,15.358394963967713
4,87,16.075989561569312
4,88,19.079383325960567
4,89,22.28502883788057
4,90,20.994889493248046
4,91,19.72801910845132
4,92,21.459121461925694
4,93,23.808995799886734
4,94,25.556964110569755
4,95,28.541185231562093
4,96,28.98189017427126
4,97,32.2160306017219
4,98,32.47269511761068
4,99,36.01296571409567
4,100,37.5738145804507
4,101,38.77713149199085
5,1,9.501739128052725
5,2,9.654527648194014
5,3,6.269466918454596
5,4,3.814133738401516
5,6,3.7998398864121845
5,7,6.417152521840027
5,8,8.80315425465302
5,9,11.875495945082307
5,10,14.734287096893869
5,11,15.560275237797551
5,12,19.210751871104044
5,13,21.322937628852493
5,14,22.456746084932227
5,15,24.97646760390779
5,16,27.152198508233283
5,17,25.64166213563693
5,18,27.9417979008905
5,19,29.115962759213556
5,20,29.20880733929838
5,21,32.32304883142241
5,22,30.913269993161624
5,23,30.05364294428649
5,24,26.541616729996214
5,25,25.06905398527715
5,26,23.083326492223694
5,27,21.02357107556649
5,28,20.046049803406216
5,29,17.716360380121756
5,30,17.394195084242753
5,31,14.348232654937801
5,32,16.045367631751407
5,33,13.440207071507594
5,34,11.71011234659628
5,35,8.76542574866149
5,36,8.971025803881561
5,37,8.46272957660889
5,38,5.448797566385635
5,39,5.929769829666185
5,40,9.013336612305674
5,41,9.633276354121772
5,42,13.149221976882853
5,43,15.904070159924329
5,44,19.694434486176185
5,45,21.790569485320223
5,46,25.574923472373747
5,47,28.18374063719417
5,48,27.61251230026403
5,49,23.84614749069441
5,50,23.86018579270836
5,51,23.393753546570235
5,52,20.85572751461164
5,53,22.970603865046705
5,54,23.119202722726328
5,55,20.246789014704195
5,56,17.922845059903544
5,57,19.67236323593609
5,58,17.364216490971977
5,59,15.077504273760042
5,60,11.329248588879382
5,61,11.610324137208497
5,62,9.767230217199955
5,63,10.687801057968517
5,64,11.904258234132516
5,65,13.195721870259561
5,66,14.758219488959348
5,67,17.240693334867313
5,68,16.173426972303986
5,69,17.492440848071087
5,70,16.160503170293367
5,71,18.548500193225674
5,72,17.73318566462656
5,73,20.399515436880137
5,74,20.723709811104534
5,75,23.649116519072404
5,76,24.665365983902287
5,77,27.470203405809098
5,78,31.007820740278877
5,79,31.839465857243667
5,80,29.76605573303964
5,81,26.001036365923042
5,82,23.248819951632424
5,83,20.246820713709084
5,84,17.60273681595607
5,85,14.957084359162439
5,86,12.465022546885692
5,87,12.644140696388723
5,88,15.43854744971994
5,89,18.73025177644293
5,90,17.7219367215674
5,91,16.61112516234138
5,92,18.760009203665863
5,93,21.130910105371083
5,94,23.281178613223684
5,95,26.331942403610704
5,96,27.192258083255087
5,97,30.543102549963653
5,98,31.189645045711046
5,99,34.849558678536006
5,100,36.70994089707824
5,101,38.15693471932388
6,1,12.173937056382503
6,2,13.074449023120096
6,3,9.955823161421511
6,4,7.052002371636107
6,5,3.7998398864121845
6,7,3.8042527803679325
6,8,6.284511288540116
6,9,9.276465635824207
6,10,11.6788049932643
6,11,12.406789037332631
6,12,16.061949199960154
6,13,18.165989048879954
6,14,19.71455051871289
6,15,22.197143860111357
6,16,24.12871467349797
6,17,22.543087130674145
6,18,25.031950103805872
6,19,26.370121059871398
6,20,26.842769483522638
6,21,30.11756675130466
6,22,28.834592899161997
6,23,27.665552522451993
6,24,24.0818426184713
6,25,22.328663794613437
6,26,20.467181958310572
6,27,18.154470166951384
6,28,17.428492610391537
6,29,14.958184554398251
6,30,14.97465270052366
6,31,12.069763715405127
6,32,13.882065623082545
6,33,11.561361708537529
6,34,10.874920697510372
6,35,8.99174952289928
6,36,9.160894542725567
6,37,9.225847922879304
6,38,5.49791571280624
6,39,4.565209560340011
6,40,6.179461626844218
6,41,6.117969614186206
6,42,9.8243032182085
6,43,12.749213614581265
6,44,16.49152235599743
6,45,18.512922003341572
6,46,22.303971629429007
6,47,24.71565787412213
6,48,24.174364152352382
6,49,20.37900752006702
6,50,20.702287622464688
6,51,20.511062197830704
6,52,18.06061251713725
6,53,20.217256616072888
6,54,20.52190110352361
6,55,17.955622791134473
6,56,15.750407820795228
6,57,17.957160403355452
6,58,15.9384814513175
6,59,14.377278387103642
6,60,10.586797246460167
6,61,10.219573570994969
6,62,8.88697591418004
6,63,9.532893027263007
6,64,11.875803444504053
6,65,12.998105752212766
6,66,13.912859946093377
6,67,15.769612270192326
6,68,14.921409944534199
6,69,15.759381867173579
6,70,14.325072417101277
6,71,16.552763858683285
6,72,15.470488505341521
6,73,18.183064091316382
6,74,18.24052407190279
6,75,21.123267106446367
6,76,21.756902751584175
6,77,24.623171840696973
6,78,28.040497716432363
6,79,28.610522572700884
6,80,26.345994891734925
6,81,22.58271315980113
6,82,19.668911303481597
6,83,16.72337854512739
6,84,13.912248859473316
6,85,11.271224258017593
6,86,8.70200046174851
6,87,9.024874739000966
6,88,12.112251272189086
6,89,15.33877114739938
6,90,14.278410890957584
6,91,12.88704949013846
6,92,15.020698376773895
6,93,17.34653063219113
6,94,19.592948780177416
6,95,22.672385847805145
6,96,23.723393135182107
6,97,27.146317015123365
6,98,28.037429298657777
6,99,31.75811872453328
6,100,33.837828456345434
6,101,35.38489773907367
7,1,12.792251045759599
7,2,14.236972084588809
7,3,11.645072134781625
7,4,9.273658705748943
7,5,6.417152521840027
7,6,3.8042527803679325
7,8,3.8039189714487027
7,9,5.808311678229866
7,10,8.33446370381412
7,11,9.355897756026916
7,12,13.108161634445786
7,13,15.655189017332127
7,14,17.08084903052565
7,15,19.962851046900038
7,16,22.180589065522625
7,17,21.114914715349023
7,18,23.95021858891074
7,19,25.787751800985294
7,20,26.487075916082734
7,21,29.972563728630732
7,22,29.159014338163516
7,23,28.043742147638753
7,24,24.31718529996299
7,25,22.058915712450613
7,26,19.79922524916636
7,27,16.98155665240242
7,28,15.68130424803973
7,29,12.667655115100972
7,30,12.005929817525878
7,31,8.730392646892891
7,32,10.145134471168163
7,33,7.775058880729016
7,34,7.517217444032233
7,35,6.625967538969002
7,36,6.932844828153527
7,37,7.9905243454512735
7,38,4.941511763681992
7,39,5.4649061267102725
7,40,5.779674734192316
7,41,6.701011353540489
7,42,10.31311425698357
7,43,13.753641232563977
7,44,17.259630750410164
7,45,19.341075481761585
7,46,23.0692608459905
7,47,25.01536195994377
7,48,24.58953848617372
7,49,20.79691175037554
7,50,21.749745568959796
7,51,22.03817502311484
7,52,19.71501139195555
7,53,21.69818009905213
7,54,21.871804410313228
7,55,19.49205521006435
7,56,17.019850712237833
7,57,19.110820977070862
7,58,16.82243816095365
7,59,15.853843970568494
7,60,12.279487182381928
7,61,10.67585008987479
7,62,8.599927401512291
7,63,7.694088505594148
7,64,10.25679007261718
7,65,10.473102869311612
7,66,10.63051833146107
7,67,12.400345014143483
7,68,12.152647888018446
7,69,13.36415548004713
7,70,12.719733827240386
7,71,15.477816152093474
7,72,15.077091188946353
7,73,18.270436675844664
7,74,18.750225089278004
7,75,21.886294265416293
7,76,22.351741106332856
7,77,25.497015296156217
7,78,28.660940564219917
7,79,28.948744836714216
7,80,26.428320378762784
7,81,22.769065338420372
7,82,19.50133016226129
7,83,16.444948375398955
7,84,13.517304697791902
7,85,10.278206804089695
7,86,7.269572206897715
7,87,8.204093294611111
7,88,11.024825610286554
7,89,13.628410960916145
7,90,11.862195835544235
7,91,11.120655855347653
7,92,13.211551055971263
7,93,16.153905181594745
7,94,18.416946249719057
7,95,21.839301176932373
7,96,23.18279913553863
7,97,26.81431930380564
7,98,28.02312122487998
7,99,31.781613901854787
7,100,34.1248323285857
7,101,35.474438508189024
8,1,15.878899296312476
8,2,16.84287940339391
8,3,14.012356174903141
8,4,12.194528643561405
8,5,8.80315425465302
8,6,6.284511288540116
8,7,3.8039189714487027
8,9,3.8014874212180096
8,10,7.091772990678921
8,11,9.53924823535277
8,12,13.272788379946231
8,13,16.357360730566818
8,14,18.24424601602252
8,15,21.346947548123378
8,16,23.380475152739642
8,17,22.49333258329929
8,18,25.638052391810078
8,19,27.727992839025642
8,20,28.849936947792564
8,21,32.44091642960352
8,22,31.73035214610306
8,23,30.303259899538595
8,24,26.597429647699197
8,25,24.103699632373065
8,26,22.030325487114478
8,27,18.907646344181654
8,28,17.712046078538485
8,29,14.351357219658224
8,30,13.399067365791357
8,31,9.973286982086512
8,32,10.100742085834593
8,33,7.1116850587911395
8,34,7.316765861520406
8,35,7.423472466760614
8,36,9.213726352175488
8,37,11.021069455513578
8,38,8.472750226091046
8,39,9.17447334238909
8,40,8.837161394608884
8,41,8.561534875439852
8,42,11.956509895444984
8,43,15.049089414897445
8,44,18.285132661953792
8,45,19.735887426714267
8,46,23.305793731752917
8,47,24.88463630896166
8,48,23.991932052695333
8,49,20.287194049443162
8,50,21.30020818148219
8,51,22.19872327029567
8,52,20.446950358026335
8,53,22.827448182335104
8,54,23.52449535259473
8,55,21.610798812160198
8,56,19.552083522228244
8,57,22.02707125752586
8,58,20.060609943343348
8,59,19.339118114358406
8,60,15.772558869420012
8,61,14.18512881609256
8,62,12.29739029562906
8,63,10.925248216225445
8,64,13.395072233744363
8,65,12.755485563611803
8,66,11.873049721585422
8,67,13.594741509918755
8,68,14.319787237419442
8,69,15.706076192708123
8,70,15.54490829082178
8,71,18.290834109849264
8,72,17.847916522005775
8,73,20.97659986581564
8,74,21.116126742645278
8,75,24.011177815484878
8,76,23.93003498198817
8,77,26.906935707685168
8,78,29.905199866472152
8,79,29.734864564934593
8,80,26.873109174089162
8,81,23.26648647491237
8,82,19.776777101880214
8,83,17.199648095700734
8,84,13.79683604173006
8,85,10.941282848254396
8,86,7.24485722066865
8,87,6.7013344150014165
8,88,8.388773655206055
8,89,10.887270302453166
8,90,9.58271623855757
8,91,9.797773860986752
8,92,12.697112143662746
8,93,15.705188697215876
8,94,18.52994497013868
8,95,21.972880130641073
8,96,23.884332099217342
8,97,27.562784128026482
8,98,29.216133309044615
8,99,33.00971009061285
8,100,35.623992599152444
8,101,37.17660884777147
9,1,17.4289391801472
9,2,18.9368487726541
9,3,16.609788782829526
9,4,14.825620713028693
9,5,11.875495945082307
9,6,9.276465635824207
9,7,5.808311678229866
9,8,3.8014874212180096
9,10,3.794499917965693
9,11,6.834447569617762
9,12,10.314303141598387
9,13,13.76356206871214
9,14,15.529457403980441
9,15,18.89479241213566
9,16,21.09220497923025
9,17,20.734784526782192
9,18,24.11511203613543
9,19,26.618012912346785
9,20,27.94295422222579
9,21,31.653905942633887
9,22,31.38599484762686
9,23,30.02536197324123
9,24,26.27726214870541
9,25,23.393594958466714
9,26,21.05267820762988
9,27,17.59947046783209
9,28,15.986112656401962
9,29,12.319459641871129
9,30,10.795023862669515
9,31,7.4414415158804275
9,32,6.698949098264552
9,33,4.092502855553559
9,34,6.080357505434868
9,35,8.01889397221134
9,36,9.35376286481716
9,37,11.599638333653276
9,38,9.89772194698554
9,39,10.830536174050017
9,40,9.61261975981221
9,41,9.985579107499854
9,42,12.752182838488592
9,43,16.029128086522448
9,44,18.88033091442344
9,45,20.435994963634325
9,46,23.833338307913365
9,47,24.952890142712924
9,48,24.33324315785144
9,49,20.751937951864736
9,50,22.387913486094124
9,51,23.576574474782547
9,52,21.862506907116913
9,53,23.903864830927603
9,54,24.368785730278642
9,55,22.634119953416498
9,56,20.39220452311233
9,57,22.684434771233647
9,58,20.606883564721418
9,59,20.445552612243766
9,60,17.20034146234929
9,61,14.842009896491648
9,62,12.81365585080687
9,63,10.52086422901224
9,64,13.036331817443045
9,65,11.682694365652916
9,66,9.82595838742537
9,67,10.89827998151558
9,68,12.356250917209545
9,69,13.78925467670533
9,70,14.36514785288745
9,71,17.283678228816974
9,72,17.400061644023623
9,73,20.750647563564055
9,74,21.231025496803362
9,75,24.25237416011166
9,76,24.052178743535595
9,77,27.23135406816302
9,78,29.931537718910395
9,79,29.54408888668856
9,80,26.54260867715842
9,81,23.145700062412786
9,82,19.47119357278318
9,83,16.865866173533952
9,84,13.675002252131357
9,85,10.532833100758177
9,86,7.200125816040726
9,87,7.682863652406842
9,88,8.86573148917076
9,89,10.08003808636978
9,90,7.667713033189752
9,91,8.71474899980031
9,92,11.132939283548334
9,93,14.62311505595715
9,94,17.232155415133438
9,95,20.887346347428526
9,96,22.970926805770034
9,97,26.74843122424297
9,98,28.634558423802538
9,99,32.38587567263523
9,100,35.19333855382377
9,101,36.51891496541931
10,1,19.84103981932365
10,2,21.808192804808773
10,3,19.66222299962138
10,4,17.487120809845823
10,5,14.734287096893869
10,6,11.6788049932643
10,7,8.33446370381412
10,8,7.091772990678921
10,9,3.794499917965693
10,11,3.796171682365644
10,12,6.80278171247763
10,13,10.387086883100782
10,14,12.495733391500377
10,15,15.815671927393371
10,16,17.811094442821286
10,17,17.68529430524201
10,18,21.235952732166925
10,19,24.003415538822644
10,20,25.645018582489097
10,21,29.420269253147442
10,22,29.460895705958762
10,23,27.9946229622373
10,24,24.298184855910225
10,25,21.119938502707164
10,26,18.81041378098968
10,27,15.150247683056424
10,28,13.610393726084636
10,29,9.916757730744932
10,30,8.645440638487953
10,31,6.3039290617060315
10,32,5.55898585798901
10,33,5.355157626202594
10,34,8.7048271662867
10,35,11.184045927736914
10,36,11.651129048043156
10,37,13.656448165338784
10,38,12.104951532015575
10,39,12.33940022022698
10,40,10.027531539539577
10,41,10.350136801648398
10,42,12.104249695115797
10,43,15.21657522178748
10,44,17.51408913171908
10,45,19.074618305808066
10,46,22.21909858356029
10,47,22.922666245270314
10,48,22.634930874133982
10,49,19.234846989923536
10,50,21.432059625509222
10,51,22.81459198003921
10,52,21.175565045488117
10,53,22.846411901227064
10,54,23.16459371955898
10,55,21.777026928660263
10,56,19.612583981231406
10,57,21.883929636817275
10,58,20.047609318130927
10,59,20.58773004213992
10,60,17.77854563175335
10,61,14.972405691685854
10,62,13.502884567692861
10,63,11.095355825172295
10,64,14.012168114705453
10,65,12.74139119906321
10,66,10.500886615677606
10,67,10.183240754631582
10,68,11.819001059386046
10,69,12.467441040792703
10,70,13.220178492866387
10,71,15.77199343119735
10,72,15.993274677766756
10,73,19.250052195210447
10,74,19.744636768710425
10,75,22.667095748908874
10,76,22.202325339735733
10,77,25.446871410501767
10,78,27.823269145775097
10,79,27.210168821780854
10,80,24.121413876975538
10,81,20.962623252765283
10,82,17.219668004759505
10,83,14.719372327336634
10,84,11.862271322591331
10,85,8.809433778905964
10,86,6.434576506146068
10,87,7.917649389154997
10,88,8.962281299310726
10,89,9.020411532251078
10,90,5.589681146900657
10,91,6.648530706412521
10,92,8.193141027295788
10,93,11.913000228319275
10,94,14.242537363835561
10,95,17.973005171336652
10,96,20.179248759744393
10,97,23.973683608181283
10,98,26.06823112137999
10,99,29.751919479604375
10,100,32.726071649635344
10,101,33.94332854723409
11,1,19.733727844187595
11,2,22.21616330186981
11,3,20.37890186182749
11,4,17.798455725335465
11,5,15.560275237797551
11,6,12.406789037332631
11,7,9.355897756026916
11,8,9.53924823535277
11,9,6.834447569617762
11,10,3.796171682365644
11,12,3.7994350005688635
11,13,6.944816624298275
11,14,9.0065359054576
11,15,12.183919556318443
11,16,14.264510118238622
11,17,14.130950247751255
11,18,17.62438982988203
11,19,20.439742297827667
11,20,22.00537354228877
11,21,25.789411522694017
11,22,26.003320168417066
11,23,24.69600270932345
11,24,20.99572543660946
11,25,17.715433740718534
11,26,15.209590711227133
11,27,11.50405951674056
11,28,9.839752959626098
11,29,6.181689608885083
11,30,5.580470098353341
11,31,4.652667537153411
11,32,5.7969505096539535
11,33,7.34094205620653
11,34,10.610806395496594
11,35,12.798181486918782
11,36,12.11950367318221
11,37,13.539546650291664
11,38,12.15106151602758
11,39,11.75111001383761
11,40,8.77698720440863
11,41,9.717907530888647
11,42,10.583883601128203
11,43,13.752395029181873
11,44,15.780705432979383
11,45,17.856199150065297
11,46,20.935017887529302
11,47,21.671888428209698
11,48,22.0121053869327
11,49,18.678336715894197
11,50,21.149518439976134
11,51,22.165732674078935
11,52,20.16069343363105
11,53,21.243302879550058
11,54,21.037081468475474
11,55,19.58866340304556
11,56,17.196420660522527
11,57,19.140662976766787
11,58,17.30110920868817
11,59,18.34224430737713
11,60,16.034850666704187
11,61,12.836538629019932
11,62,11.870584170170789
11,63,9.63447527053701
11,64,12.844884884569256
11,65,12.180822954486862
11,66,10.429663340492517
11,67,9.058438149990048
11,68,9.904978244080242
11,69,9.546270319445146
11,70,10.08259767591771
11,71,12.308096963056162
11,72,12.712252428349991
11,73,15.980709659346337
11,74,16.787784174544168
11,75,19.83534883192662
11,76,19.59945740898518
11,77,23.048183559981094
11,78,25.317615258951932
11,79,24.930047535958362
11,80,22.07724497181573
11,81,19.04276521420877
11,82,15.457469489352127
11,83,12.57237254905554
11,84,10.474932521126766
11,85,7.148797074613254
11,86,6.3963488377555064
11,87,9.347079045317546
11,88,11.233711689828386
11,89,11.256709673223876
11,90,7.6848106028179535
11,91,7.1922712565432505
11,92,6.93198600695435
11,93,10.620479050312976
11,94,12.067397816622975
11,95,15.854530045182164
11,96,17.592169143081342
11,97,21.385670492020605
11,98,23.245477176493676
11,99,26.870322101541888
11,100,29.750653872563817
11,101,30.720713137855675
12,1,22.70918914572258
12,2,25.455466470323056
12,3,23.861454469507123
12,4,21.23328921318435
12,5,19.210751871104044
12,6,16.061949199960154
12,7,13.108161634445786
12,8,13.272788379946231
12,9,10.314303141598387
12,10,6.80278171247763
12,11,3.7994350005688635
12,13,3.8036007250792743
12,14,6.145512913464585
12,15,9.286447250655003
12,16,11.246602537023342
12,17,11.814495160806501
12,18,15.475169658607504
12,19,18.70346315674043
12,20,20.576526048691953
12,21,24.365207465554796
12,22,25.07876537892598
12,23,23.8030364410734
12,24,20.265696322654012
12,25,16.679927633930827
12,26,14.150823951533484
12,27,10.36116057059137
12,28,8.619243967712084
12,29,5.533150888411963
12,30,5.351834776081434
12,31,6.732166835238621
12,32,7.441663672289695
12,33,10.156808067623764
12,34,13.639198228215273
12,35,16.1527288781286
12,36,15.184770738917898
12,37,16.48452130260725
12,38,15.495815097634754
12,39,14.95679834494629
12,40,11.753821462061653
12,41,12.70972278887784
12,42,12.649299500372138
12,43,15.33881034005254
12,44,16.60564121005578
12,45,18.636211442969948
12,46,21.26546548261289
12,47,21.480510104135462
12,48,22.255150859171163
12,49,19.302268152601407
12,50,22.245214449479274
12,51,23.38792547739474
12,52,21.506895257557982
12,53,22.09782725733313
12,54,21.63461682175516
12,55,20.560642195604387
12,56,18.276004841978587
12,57,19.934525037215362
12,58,18.33198999788945
12,59,20.016448400153394
12,60,18.288498102148964
12,61,14.864283616570317
12,62,14.31776139812739
12,63,12.081438844568881
12,64,15.02410937757418
12,65,14.281912604587031
12,66,12.301500393499957
12,67,9.820460313219169
12,68,10.81292526532577
12,69,9.635187570788261
12,70,10.627489219907478
12,71,12.203460956620322
12,72,13.019982945512814
12,73,15.99400359741901
12,74,16.988529391068216
12,75,19.842797054623198
12,76,19.416662827984666
12,77,22.872835841416258
12,78,24.660344010336626
12,79,24.059979576598124
12,80,21.23277401974906
12,81,18.668320059871988
12,82,15.24591152861277
12,83,12.659049842219249
12,84,11.450628525677434
12,85,8.847043857799159
12,86,9.37709923049569
12,87,12.321889535813492
12,88,13.773929406453432
12,89,12.922533510271219
12,90,9.284406366224085
12,91,8.907592984099956
12,92,7.119518358097342
12,93,10.359671459416811
12,94,10.870400595614344
12,95,14.52607240702069
12,96,16.225655100301648
12,97,19.9092788078839
12,98,21.93832825674336
12,99,25.368078268552175
12,100,28.387282898890735
12,101,29.08884547575997
13,1,24.30500642612661
13,2,27.31563996826349
13,3,25.89814251062799
13,4,22.999948977202536
13,5,21.322937628852493
13,6,18.165989048879954
13,7,15.655189017332127
13,8,16.357360730566818
13,9,13.76356206871214
13,10,10.387086883100782
13,11,6.944816624298275
13,12,3.8036007250792743
13,14,3.7986150059018877
13,15,5.8460493988361835
13,16,7.466604626400539
13,17,8.174408284285064
13,18,11.819619068885759
13,19,15.202773669237526
13,20,17.196743428400097
13,21,20.951594405202638
13,22,21.948776731302832
13,23,20.752354460641246
13,24,17.371884822009537
13,25,13.66182487986776
13,26,11.159082021446897
13,27,7.529148838804926
13,28,6.197150483259934
13,29,4.796050783615517
13,30,6.473494427547253
13,31,9.220089427904469
13,32,10.733372128034294
13,33,13.627873490265635
13,34,16.90275935748015
13,35,19.115952329437334
13,36,17.61859237987479
13,37,18.432629848328073
13,38,17.478218489159023
13,39,16.390709921022005
13,40,12.967471091190282
13,41,13.976756769495598
13,42,12.950473742180712
13,43,15.133576776669786
13,44,15.755239706164453
13,45,18.031614951650578
13,46,20.316374041278507
13,47,20.407121113942907
13,48,21.813488151708533
13,49,19.161173124081653
13,50,22.29394648705117
13,51,23.133933716679806
13,52,21.103624894376715
13,53,21.04104786715267
13,54,20.10847742621974
13,55,19.237193168891434
13,56,17.020529775820126
13,57,18.29567618515015
13,58,17.01901686355637
13,59,19.32472276964799
13,60,18.293012978831694
13,61,14.865144822201446
13,62,15.082607788474782
13,63,13.42861128627935
13,64,16.33450609826373
13,65,16.20792695343892
13,66,14.782514787651172
13,67,11.85781211032913
13,68,11.972177273910022
13,69,9.623258163071846
13,70,10.065203607371954
13,71,10.498227145769073
13,72,11.332388488836248
13,73,13.80520554812507
13,74,14.958445814312865
13,75,17.628136613874805
13,76,17.27621056656521
13,77,20.76333158659092
13,78,22.232450552318706
13,79,21.769635110779024
13,80,19.256866382562624
13,81,17.0702139847406
13,82,14.08856308144626
13,83,11.53507714440952
13,84,11.525501899123674
13,85,9.57520552396511
13,86,11.392089294180172
13,87,14.658706354559312
13,88,16.404709940950056
13,89,15.568412635208949
13,90,12.244241312354587
13,91,11.045707733125276
13,92,8.134308054174177
13,93,10.306261404647698
13,94,9.442233624684818
13,95,12.708629582410648
13,96,13.776271223479496
13,97,17.273976943476065
13,98,19.08483119884874
13,99,22.33928764561419
13,100,25.28776856465319
13,101,25.722540407053067
14,1,23.921382809232213
14,2,27.217085093337936
14,3,26.314726237881946
14,4,23.618104315248367
14,5,22.456746084932227
14,6,19.71455051871289
14,7,17.08084903052565
14,8,18.24424601602252
14,9,15.529457403980441
14,10,12.495733391500377
14,11,9.0065359054576
14,12,6.145512913464585
14,13,3.7986150059018877
14,15,3.8079759450586566
14,16,7.084414929527445
14,17,8.879598524347239
14,18,11.927813617785864
14,19,15.366593517362647
14,20,16.777024293108813
14,21,20.404497763212824
14,22,21.81791769249204
14,23,21.261089515413303
14,24,17.96855510022699
14,25,14.394886665819271
14,26,11.283227416088595
14,27,8.14515184241125
14,28,5.43937523744061
14,29,4.988589060772871
14,30,5.766566566818738
14,31,9.432759856474595
14,32,11.08973599956327
14,33,14.449441017871111
14,34,17.40449022850321
14,35,19.602439514057213
14,36,17.59065814248159
14,37,18.187070205548043
14,38,17.97004121249515
14,39,17.279887019403652
14,40,14.29554289336038
14,41,16.122306262156094
14,42,15.336121678520861
14,43,17.76179359311815
14,44,18.546357942724775
14,45,21.18039234678712
14,46,23.486517236385545
14,47,23.709612826575494
14,48,25.34992886172946
14,49,22.71109117411114
14,50,25.75670196086133
14,51,26.316626143508216
14,52,23.99902627524908
14,53,23.653895367522
14,54,22.241538339284173
14,55,21.01205428808853
14,56,18.375352944194024
14,57,18.926259714799006
14,58,17.189258664887117
14,59,19.507136358213902
14,60,18.84693254545323
14,61,15.171359212119807
14,62,15.07441889704618
14,63,13.172355387312095
14,64,15.386056961102911
14,65,15.209076466019853
14,66,14.003004681140947
14,67,10.58211144027192
14,68,10.34214989015615
14,69,7.661683953722821
14,70,8.9418306399326
14,71,9.450917340207893
14,72,11.481686513371935
14,73,14.093357943232006
14,74,16.097414219587545
14,75,19.012068527538865
14,76,19.272019040456655
14,77,22.876857784867283
14,78,24.281178196166664
14,79,24.18036540464039
14,80,22.038276438808506
14,81,20.02915672375398
14,82,17.340171053321924
14,83,14.580777267977645
14,84,14.849348963202603
14,85,12.564858479718641
14,86,14.155280457972053
14,87,17.624571206465273
14,88,19.58664588352449
14,89,18.90819785970675
14,90,15.374246651125121
14,91,14.454375354794058
14,92,11.822644147864477
14,93,14.042378958024958
14,94,12.861108952763077
14,95,15.830755167092216
14,96,16.3040847561162
14,97,19.53312994771663
14,98,20.887261429925886
14,99,23.890590742683546
14,100,26.554314057082042
14,101,26.47145518459081
15,1,26.272590053703823
15,2,29.682736314697127
15,3,28.849415033850434
15,4,25.934630739676397
15,5,24.97646760390779
15,6,22.197143860111357
15,7,19.962851046900038
15,8,21.346947548123378
15,9,18.89479241213566
15,10,15.815671927393371
15,11,12.183919556318443
15,12,9.286447250655003
15,13,5.8460493988361835
15,14,3.8079759450586566
15,16,3.793680775183589
15,17,6.223683529658857
15,18,8.693677388518699
15,19,12.235214604637642
15,20,13.731445815256974
15,21,17.224688348468785
15,22,19.026661036262105
15,23,18.598885781590685
15,24,15.642606328681007
15,25,12.118756636477093
15,26,9.26025477135146
15,27,7.046336479603063
15,28,5.5363855421040835
15,29,7.327602089328559
15,30,9.220693731532043
15,31,12.901494619563856
15,32,14.852648487113722
15,33,18.109706270408896
15,34,20.994156562771604
15,35,22.958654975028942
15,36,20.724522981432514
15,37,20.97282407160764
15,38,20.63224804148354
15,39,19.457211487622935
15,40,16.366359148472736
15,41,17.98602544478653
15,42,16.472150657746784
15,43,18.29301435564632
15,44,18.432982972854873
15,45,21.121413491184036
15,46,23.001493545976835
15,47,23.08163938673745
15,48,25.233723920752137
15,49,22.956080980339895
15,50,26.081083361044783
15,51,26.3882274526202
15,52,24.039702099698303
15,53,23.107676442457546
15,54,21.308267869325828
15,55,20.370443938170837
15,56,17.9698331835257
15,57,18.108334259889297
15,58,16.862943512205984
15,59,19.730140807287682
15,60,19.757954522508545
15,61,16.325691597432016
15,62,16.97245726958664
15,63,15.72663465171062
15,64,17.909411792994895
15,65,18.26391681176428
15,66,17.48334349414476
15,67,14.086887947308643
15,68,13.277586384942893
15,69,10.006454692467551
15,70,10.394324002492224
15,71,9.453398756910723
15,72,11.233640637777672
15,73,12.941229336491059
15,74,14.988823759902418
15,75,17.49808981676745
15,76,17.82016749191435
15,77,21.282568207622067
15,78,22.272763379502262
15,79,22.317691872186565
15,80,20.596802293200795
15,81,19.083479468699213
15,82,16.988928690846095
15,83,14.515523339694928
15,84,15.729218688354635
15,85,14.13572690014726
15,86,16.46654883466521
15,87,19.997803564770848
15,88,22.070828609803392
15,89,21.366812849154233
15,90,18.08899902075798
15,91,16.67557450946693
15,92,13.510954597860579
15,93,14.84716914265169
15,94,12.71876510018185
15,95,14.966854908313207
15,96,14.707237604666439
15,97,17.484326203645157
15,98,18.50383272740438
15,99,21.178129620575582
15,100,23.690436999882643
15,101,23.273478478261236
16,1,29.175244769008536
16,2,32.500167772816674
16,3,31.427193212028868
16,4,28.286280310481015
16,5,27.152198508233283
16,6,24.12871467349797
16,7,22.180589065522625
16,8,23.380475152739642
16,9,21.09220497923025
16,10,17.811094442821286
16,11,14.264510118238622
16,12,11.246602537023342
16,13,7.466604626400539
16,14,7.084414929527445
16,15,3.793680775183589
16,17,3.7922584363373777
16,18,6.0864262938368485
16,19,9.875674432505019
16,20,12.174029604481795
16,21,15.53780466871654
16,22,17.49718982612799
16,23,16.646489009108162
16,24,14.092832293846616
16,25,10.537954867692369
16,26,8.740832751074251
16,27,7.32266649053858
16,28,7.761484062758421
16,29,9.929272528356147
16,30,12.414314354686152
16,31,15.86708587484967
16,32,17.769713541924574
16,33,20.86019705548174
16,34,23.91900670046386
16,35,25.8496197837227
16,36,23.781509159850998
16,37,23.999461417259816
16,38,23.239575921342905
16,39,21.608328627178025
16,40,18.24919803547518
16,41,19.244774614480697
16,42,17.08852757438573
16,43,18.16733607427478
16,44,17.522078218541317
16,45,19.879876770514944
16,46,21.19821592200778
16,47,20.893784910266152
16,48,23.386926772031178
16,49,21.575357843819607
16,50,24.847761031325078
16,51,25.180295655278453
16,52,23.10234363043086
16,53,21.80649229564147
16,54,20.022822609295567
16,55,19.72088840300044
16,56,17.920839126041216
16,57,18.197264212904706
16,58,17.73679018122866
16,59,20.98708506598965
16,60,21.29379911471402
16,61,18.211733701226542
16,62,19.455439324409667
16,63,18.63994741775813
16,64,21.13346613015624
16,65,21.694556289501037
16,66,20.903335973208478
16,67,17.605391663044944
16,68,16.839307332021896
16,69,13.485810326995905
16,70,13.234767677895494
16,71,11.547786852309198
16,72,12.347638650192744
16,73,13.089201845025615
16,74,14.451712200478307
16,75,16.238827961867784
16,76,16.05354698985384
16,77,19.1882207592553
16,78,19.647729960228467
16,79,19.45068337234258
16,80,17.887482896480673
16,81,16.934784124086377
16,82,15.343337132156563
16,83,13.53268687941935
16,84,15.461618973228138
16,85,14.782547265864347
16,86,17.662429221644846
16,87,20.987345231826808
16,88,22.8745014010439
16,89,21.950209498960486
16,90,19.06366097573103
16,91,17.31766458948396
16,92,13.732868271273476
16,93,14.095702288411404
16,94,11.219047248252105
16,95,12.63877478230771
16,96,12.02080903376131
16,97,14.381908765461864
16,98,15.500889767336052
16,99,17.93958088648132
16,100,20.6025456321405
16,101,20.199983270716032
17,1,28.286851230920274
17,2,31.4739233354686
17,3,30.17052643661124
17,4,26.791766699305494
17,5,25.64166213563693
17,6,22.543087130674145
17,7,21.114914715349023
17,8,22.49333258329929
17,9,20.734784526782192
17,10,17.68529430524201
17,11,14.130950247751255
17,12,11.814495160806501
17,13,8.174408284285064
17,14,8.879598524347239
17,15,6.223683529658857
17,16,3.7922584363373777
17,18,3.7821073894685546
17,19,7.2690447257973485
17,20,9.936125326353038
17,21,13.509682288426971
17,22,14.838378031852082
17,23,13.50848427790555
17,24,10.749486668097026
17,25,7.055963172056733
17,26,5.912201339786241
17,27,5.0183693924795625
17,28,7.288098490710209
17,29,9.814956480281253
17,30,13.103207135092163
17,31,16.125458497185644
17,32,18.502506039088125
17,33,21.12342926078476
17,34,24.033085443054926
17,35,25.557040306327625
17,36,23.50490907928728
17,37,23.487951798019
17,38,22.239295488472905
17,39,20.067575407970384
17,40,16.62843265159537
17,41,17.19095716566766
17,42,14.526438474548884
17,43,15.085574015700557
17,44,14.12829915568079
17,45,16.600090647980345
17,46,17.889934502037306
17,47,17.915115758649577
17,48,20.585372765652515
17,49,18.764697096930725
17,50,21.83910188672146
17,51,21.851121747024216
17,52,19.66320693899715
17,53,18.14857475164692
17,54,16.263467392062307
17,55,16.10501825875289
17,56,14.59606342332117
17,57,15.071390425126436
17,58,15.149007697283178
17,59,18.557327904691874
17,60,19.017644673244995
17,61,16.358602239260886
17,62,18.228329310897482
17,63,18.07977427651645
17,64,20.914458382877203
17,65,21.990183978626764
17,66,21.58573445446468
17,67,18.7037226180736
17,68,17.51964366016008
17,69,14.02783229958154
17,70,12.763609362322558
17,71,10.490380719784572
17,72,10.141683425283517
