1,2,2.828244666095398
1,3,4.637063470402979
1,4,6.370828219429425
1,5,9.689462517299182
1,6,12.78422819241742
1,7,15.986076583114853
1,8,18.606449961659855
1,9,21.403226814678398
1,10,25.081566152925394
1,11,26.201729437759326
1,12,28.50418320491918
1,13,31.64062261222364
1,14,31.405096907005003
1,15,34.54888182589048
1,16,34.409721577465106
1,17,37.99591964896392
1,18,39.94836443812963
1,19,41.3493416536279
1,20,39.748269719195235
1,21,36.16061456419597
1,22,36.380598897322635
1,23,37.65791091534914
1,24,35.12217947213875
1,25,32.279212275799395
1,26,33.66723431667208
1,27,34.00677643121768
1,28,30.58125897716591
1,29,28.23031801075744
1,30,27.325909929508054
1,31,25.50870822244433
1,32,22.95870117180838
1,33,19.753663111252344
1,34,20.275239553644568
1,35,16.770945209953908
1,36,14.090049338357401
1,37,10.444382420620428
1,38,9.487992705361703
1,39,7.952190525516663
1,40,9.184781223174847
1,41,13.011974689624523
1,42,13.881510509453015
1,43,12.673293775215654
1,44,15.51124891618802
1,45,19.306807987157246
1,46,20.121400851080125
1,47,19.958998709084586
1,48,21.15546056826773
1,49,18.305850222920625
1,50,15.53390929241773
1,51,17.58606466703136
1,52,18.104152103470824
1,53,14.525414135395744
1,54,13.716860927891029
1,55,16.87796579361526
1,56,16.34513184814494
1,57,12.907886408907514
1,58,14.184133170954668
1,59,17.48414032060691
1,60,16.142430821978106
1,61,14.05040697103896
1,62,17.04410773045796
1,63,19.47124205245021
1,64,18.073465781029483
1,65,18.383173533141797
1,66,21.846401211511896
1,67,23.28431538431284
1,68,22.686452702567593
1,69,24.751872474875768
1,70,27.209427291011153
1,71,28.358185930497175
1,72,27.288213572525578
1,73,26.52893084160398
1,74,29.256233124129132
1,75,29.602718226902855
1,76,30.656111158451193
1,77,27.630345972045195
1,78,25.38424112767625
1,79,27.436926226746237
1,80,27.31423602631711
1,81,23.553432708643548
1,82,22.85091915374875
1,83,25.27243832680299
1,84,24.020477856471814
1,85,20.24193740188699
1,86,21.20495819300964
1,87,23.03662443441684
1,88,20.139523469773312
1,89,17.642983882337887
1,90,20.433324105478853
1,91,20.955233022817723
1,92,17.349020806875718
1,93,17.486766074119032
1,94,20.68238991994545
1,95,19.310186999799534
1,96,17.401996179216273
1,97,20.341080691836304
2,1,2.828244666095398
2,3,3.839743707806966
2,4,6.833022700297393
2,5,10.381967105238774
2,6,13.211707424461913
2,7,16.714016044211927
2,8,19.204870603218204
2,9,21.627736424081263
2,10,25.28330518923144
2,11,26.135930384789315
2,12,28.1198636841163
2,13,31.168039688479706
2,14,30.625691375384612
2,15,33.6214343272029
2,16,33.29501546101771
2,17,36.77933009030858
2,18,38.82192330625663
2,19,40.44215475189016
2,20,38.87819373682738
2,21,35.245795718910855
2,22,35.6239491052288
2,23,37.10791699687293
2,24,34.538196693284924
2,25,31.71085130512975
2,26,33.360068710952675
2,27,33.84300376668854
2,28,30.356288395177277
2,29,28.016166102000323
2,30,27.49359270392058
2,31,25.566589105292966
2,32,22.781781780886195
2,33,19.702742962757803
2,34,20.420258306453373
2,35,16.91963812638502
2,36,13.7806567251392
2,37,10.005883813356263
2,38,8.28632209811985
2,39,6.095139387306808
2,40,7.811915913446271
2,41,11.504340838475313
2,42,12.157902216222643
2,43,10.379759760901713
2,44,13.09538308098634
2,45,16.85921673601756
2,46,17.868857490428784
2,47,17.925600846351816
2,48,18.911250650500296
2,49,15.861493741817338
2,50,13.37898132556328
2,51,15.666183279654575
2,52,15.91042822537346
2,53,12.31114324203766
2,54,12.063383979991123
2,55,15.327176427077603
2,56,14.628777188134459
2,57,11.469069373580037
2,58,13.334214329888928
2,59,16.558661151902946
2,60,15.222380141872987
2,61,13.755632346434531
2,62,16.899968649706327
2,63,19.100681186209865
2,64,18.016698160337548
2,65,18.83535130525726
2,66,22.113133328204384
2,67,23.395642548104664
2,68,23.195910598410347
2,69,25.384869937297708
2,70,27.530332317960752
2,71,28.38325783302228
2,72,26.95694935658233
2,73,25.93150121348021
2,74,28.40627570794036
2,75,28.434910087041718
2,76,29.588069839761555
2,77,26.787087011333785
2,78,24.26089855150277
2,79,26.11434284257507
2,80,26.25670458754102
2,81,22.607351629372925
2,82,21.493726125379972
2,83,23.957322291312455
2,84,23.071135913464666
2,85,19.266422994251233
2,86,19.825363732420502
2,87,21.919090766017504
2,88,19.342189543274714
2,89,16.494828337960275
2,90,19.150950542775508
2,91,20.132830797523138
2,92,16.63531028994151
2,93,16.285663564300563
2,94,19.707057802795152
2,95,18.824933490685815
2,96,16.727624901647708
2,97,19.343384975965375
3,1,4.637063470402979
3,2,3.839743707806966
3,4,3.771678904567322
3,5,6.909028194949716
3,6,9.753944220900973
3,7,13.320537314597342
3,8,15.555816405327556
3,9,17.89889034840848
3,10,21.51185682809329
3,11,22.30236164566574
3,12,24.34383657172691
3,13,27.40060940375386
3,14,26.972063028722197
3,15,30.052455744866847
3,16,29.87862828885024
3,17,33.431042070503935
3,18,35.4681616767463
3,19,36.97231115942033
3,20,35.488325012745875
3,21,31.84811980590745
3,22,32.05438606731909
3,23,33.51992855249771
3,24,31.061306144243733
3,25,28.13172444444376
3,26,29.658801289484703
3,27,30.239810682225148
3,28,26.834256931402972
3,29,24.35063488813023
3,30,23.84556778453142
3,31,22.100108133091283
3,32,19.19873908890233
3,33,16.003599773425886
3,34,16.602057465858685
3,35,13.095531281996964
3,36,9.952207142841736
3,37,6.1945888790882275
3,38,4.969615631800852
3,39,4.490927096057028
3,40,7.141990595078455
3,41,10.618962193533235
3,42,12.444474958832506
3,43,10.944404861086301
3,44,12.853560514822547
3,45,16.656546140872607
3,46,16.85618690271789
3,47,16.145024563453372
3,48,17.131433536974445
3,49,14.569561193270184
3,50,11.545349660949253
3,51,13.162286535676301
3,52,13.826376156733486
3,53,10.37262811113984
3,54,9.129153613522925
3,55,12.346830482500124
3,56,12.243288007266917
3,57,9.015567917188983
3,58,10.089429814038684
3,59,13.588807276278372
3,60,12.89933165798482
3,61,11.187078442966348
3,62,13.899270200325496
3,63,16.512399110897086
3,64,15.920268472430328
3,65,16.426554127212235
3,66,19.470661928368973
3,67,21.201537491105647
3,68,21.309419543150238
3,69,23.08274004040314
3,70,25.260072636649927
3,71,25.853874751125527
3,72,24.40328094322149
3,73,23.163846528970556
3,74,25.69216950496657
3,75,25.76351004924492
3,76,26.586071597452417
3,77,23.656234513573317
3,78,21.35527907867639
3,79,23.14593642501058
3,80,22.944084403007178
3,81,19.237851457240723
3,82,18.36740764315928
3,83,20.683143878482262
3,84,19.510793222178336
3,85,15.719798001720381
3,86,16.5710028225259
3,87,18.493120715573742
3,88,15.738077991779592
3,89,13.151692513856787
3,90,16.08923032707652
3,91,16.891371298940776
3,92,13.468805466429544
3,93,13.695876477993645
3,94,17.125686636099474
3,95,16.206067355846876
3,96,14.710976756174553
3,97,17.660352110770475
4,1,6.370828219429425
4,2,6.833022700297393
4,3,3.771678904567322
4,5,3.8427441704435115
4,6,6.471319043114539
4,7,9.886369572982229
4,8,12.534119220393773
4,9,15.129000958968835
4,10,18.855550196994752
4,11,20.172275568896996
4,12,22.438088146180416
4,13,25.73160191722314
4,14,25.771108200145118
4,15,29.10096372410007
4,16,29.384829931976736
4,17,33.00291754386937
4,18,35.12448680577309
4,19,36.40984216117604
4,20,35.14350229234171
4,21,31.515852473940484
4,22,31.286403325524585
4,23,32.69119449174441
4,24,30.52295750029908
4,25,27.38118172201995
4,26,28.46674419286839
4,27,29.218681619535907
4,28,26.06153083803891
4,29,23.264070618085476
4,30,22.47294378231876
4,31,21.258277115757984
4,32,18.367181405075286
4,33,14.822145983854078
4,34,14.635758922501402
4,35,10.930532711148544
4,36,8.455602630153148
4,37,5.480609745093076
4,38,5.197942236593789
4,39,5.99111710577507
4,40,7.3196386880838435
4,41,10.45577168513248
4,42,12.972969277518144
4,43,12.51938870388838
4,44,14.293152532585786
4,45,18.000219700873387
4,46,17.606944760013565
4,47,16.421414425823063
4,48,17.954288274409056
4,49,16.00971681146583
4,50,12.477131539555408
4,51,13.702289309100985
4,52,15.25173235261186
4,53,12.292526166283679
4,54,9.989804548958537
4,55,13.145913305840295
4,56,13.992381098652828
4,57,10.967086824141788
4,58,10.732223078322725
4,59,14.445124325086208
4,60,14.526888457258657
4,61,12.259387708433406
4,62,14.188423682018906
4,63,17.3834175497457
4,64,17.045401667032685
4,65,16.754535345867325
4,66,19.659967211149425
4,67,21.970247527382654
4,68,21.99000093363808
4,69,23.211242189564214
4,70,25.7062741801083
4,71,26.289024478101034
4,72,25.108290028610632
4,73,23.82039507676161
4,74,26.49866823571882
4,75,26.72766244722941
4,76,27.061572824246564
4,77,23.927935461924665
4,78,22.082862221528732
4,79,23.734290564400037
4,80,22.912275948624924
4,81,19.18335235325597
4,82,18.740482433327653
4,83,20.57571530648465
4,84,18.794312123119752
4,85,15.176410434981353
4,86,16.32104652168446
4,87,17.521630697992542
4,88,14.306951760252316
4,89,12.234041051199918
4,90,15.079426092326162
4,91,15.046742962841714
4,92,11.471821258785964
4,93,12.445355510211181
4,94,15.394374760635436
4,95,13.796565567805882
4,96,12.724943008757004
4,97,16.13643496276645
5,1,9.689462517299182
5,2,10.381967105238774
5,3,6.909028194949716
5,4,3.8427441704435115
5,6,3.7835890574237863
5,7,6.750076511409249
5,8,8.934435644759333
5,9,11.82111080040632
5,10,15.461739940907547
5,11,16.845230327455837
5,12,19.452286185617197
5,13,22.741902005218172
5,14,23.12104877642894
5,15,26.57588315086564
5,16,27.105525985746183
5,17,30.80915031471276
5,18,32.790906373148
5,19,33.7870646722727
5,20,32.55338815330028
5,21,29.008266510222093
5,22,28.529657841591703
5,23,29.729216695423514
5,24,27.6997187070987
5,25,24.50957005849368
5,26,25.276026133352463
5,27,25.99284249829588
5,28,22.997245595017098
5,29,20.097575535212076
5,30,19.04267090290871
5,31,18.140108799156298
5,32,15.38105339353966
5,33,11.700461409291018
5,34,11.144316495575252
5,35,7.508538149542011
5,36,5.988824584957703
5,37,4.525356402148907
5,38,6.47386304095794
5,39,8.909618746338875
5,40,10.360770306495821
5,41,12.791982061364815
5,42,15.868238905822281
5,43,15.596534130094673
5,44,16.753639385997875
5,45,20.256712457599097
5,46,19.231052726999682
5,47,17.353546647044325
5,48,18.760677391008457
5,49,17.43776654423496
5,50,13.761870777731541
5,51,13.991915159910574
5,52,15.816499826433008
5,53,13.331303801807929
5,54,10.19917487602626
5,55,12.57534763704643
5,56,13.967603451943264
5,57,11.185184921531432
5,58,9.602684642086556
5,59,13.137025079097443
5,60,13.89596599207512
5,61,11.244162907138616
5,62,12.227152219114275
5,63,15.804456672016912
5,64,15.83385131101915
5,65,14.889794621461474
5,66,17.448176469804288
5,67,20.241073667128752
5,68,20.37212012144298
5,69,21.020829642938562
5,70,23.635534490692013
5,71,24.09484950402852
5,72,23.14031011932172
5,73,21.85295485826797
5,74,24.663034364517525
5,75,25.148603344664288
5,76,25.10135093309672
5,77,21.771486068346583
5,78,20.435753479521953
5,79,22.126066397877675
5,80,20.80530225770271
5,81,17.081257152758834
5,82,17.28779471901972
5,83,18.876418263150335
5,84,16.565556889291717
5,85,13.20314743405454
5,86,15.02898108973302
5,87,15.780371999551202
5,88,12.252572307826703
5,89,11.134255628620284
5,90,14.228437418487935
5,91,13.632286952061113
5,92,10.438386799437952
5,93,12.53190339475429
5,94,15.06469354741486
5,95,13.241952607324096
5,96,13.244225130546386
5,97,16.888804578209154
6,1,12.78422819241742
6,2,13.211707424461913
6,3,9.753944220900973
6,4,6.471319043114539
6,5,3.7835890574237863
6,7,3.7203012504685375
6,8,6.479288152119288
6,9,8.886228611890433
6,10,12.673008304759435
6,11,14.544751410704318
6,12,16.924433954958143
6,13,20.447389953845207
6,14,21.09868576412086
6,15,24.684924812109447
6,16,25.641529775236556
6,17,29.251657743755022
6,18,31.48410613078828
6,19,32.4754114598559
6,20,31.63733571268619
6,21,28.084328856620377
6,22,27.187958875006924
6,23,28.606601662306897
6,24,26.997843240560748
6,25,23.561248728643736
6,26,24.03774270199382
6,27,25.246987094067823
6,28,22.608694454100277
6,29,19.313348026074024
6,30,18.487700847466872
6,31,18.2892215809407
6,32,15.298713042839484
6,33,11.549345637676787
6,34,9.90494154015921
6,35,6.269972849441225
6,36,5.684468349091331
6,37,6.277054190666388
6,38,7.623023466350109
6,39,10.253603306620278
6,40,10.882892225663426
6,41,12.280098371121873
6,42,15.786541252134924
6,43,16.172677156329772
6,44,16.83450267367922
6,45,19.97713862079354
6,46,18.365405013692087
6,47,16.093982993287792
6,48,17.9051986558416
6,49,17.277682611366878
6,50,13.48498026491169
6,51,13.350402803110361
6,52,15.94188497189336
6,53,14.198448387222424
6,54,10.693089809120218
6,55,12.900428181210783
6,56,15.218864181247417
6,57,13.17475136401338
6,58,11.108838035527302
6,59,14.458338335800098
6,60,16.06365472356503
6,61,13.816454814183983
6,62,14.070571552242077
6,63,17.748781834436993
6,64,18.418011317540977
6,65,17.319683846405397
6,66,19.33926307867677
6,67,22.457345927724962
6,68,22.932855132486164
6,69,23.11573602707529
6,70,25.624590557299612
6,71,25.692381383286722
6,72,24.632483454951938
6,73,22.96481372275768
6,74,25.53784850250843
6,75,25.774755838026405
6,76,25.199760245740656
6,77,22.001852263221746
6,78,20.929321012553867
6,79,22.074550404006782
6,80,20.274140543749226
6,81,16.827741185444808
6,82,17.017375383603035
6,83,17.8631873785534
6,84,15.227376127216813
6,85,12.291344009036644
6,86,13.82777085390657
6,87,13.729102550586914
6,88,10.052171950179007
6,89,9.438500490534999
6,90,11.96790448806074
6,91,10.594416532557565
6,92,7.550884655931424
6,93,10.301535108275784
6,94,12.15309364203173
6,95,10.018391742131936
6,96,10.768651898543244
6,97,14.463802416748704
7,1,15.986076583114853
7,2,16.714016044211927
7,3,13.320537314597342
7,4,9.886369572982229
7,5,6.750076511409249
7,6,3.7203012504685375
7,8,3.808875154818496
7,9,6.616963872259702
7,10,10.212538042204567
7,11,12.80301898728149
7,12,15.512525541160704
7,13,19.10476764994312
7,14,20.39003252411813
7,15,24.105047953909157
7,16,25.529974290366706
7,17,29.107762689522403
7,18,31.262316393768355
7,19,31.908323057396426
7,20,31.269316081256324
7,21,27.878916001640277
7,22,26.53964729555839
7,23,27.74774753062848
7,24,26.50003353553987
7,25,23.009032803112795
7,26,22.89741679499108
7,27,24.19336313184412
7,28,21.97889666047809
7,29,18.538973107181782
7,30,17.349909055772848
7,31,17.860600101916564
7,32,15.23773918646089
7,33,11.63538226993391
7,34,9.007083180925866
7,35,6.28439241956395
7,36,7.764434134802729
7,37,9.489952017193994
7,38,11.260775594697272
7,39,13.946662579824297
7,40,14.280109748796084
7,41,15.305350532246807
7,42,18.868453695672176
7,43,19.612993887627574
7,44,20.128451867995135
7,45,23.05490372763451
7,46,21.11181288023224
7,47,18.55750238181234
7,48,20.456946473070825
7,49,20.31302735020138
7,50,16.57596251563284
7,51,15.989891826825337
7,52,18.788288139099595
7,53,17.43580849187861
7,54,13.755754827079958
7,55,15.37571053461045
7,56,17.980008068463174
7,57,16.173557668432586
7,58,13.527247623309123
7,59,16.441513427013394
7,60,18.417655604386653
7,61,15.989958556288908
7,62,15.502155947650296
7,63,19.261341834808153
7,64,20.09630006086435
7,65,18.404964782847006
7,66,20.03585851563694
7,67,23.49162501436791
7,68,23.90066136142448
7,69,23.507494288338762
7,70,26.15790723514104
7,71,26.187188350365368
7,72,25.463141155425053
7,73,23.875542527235236
7,74,26.489806089856966
7,75,26.94410994823696
7,76,25.933460092526413
7,77,22.664774719932563
7,78,22.181094903337634
7,79,23.211228252914005
7,80,20.874737014319503
7,81,17.689247210455193
7,82,18.459119698511124
7,83,18.799639672590256
7,84,15.661656262469535
7,85,13.415006431013376
7,86,15.28557917198262
7,87,14.377151076519201
7,88,10.675728066285858
7,89,11.265617910504895
7,90,13.326619081544802
7,91,11.031358866227938
7,92,8.86527551587735
7,93,12.255103403625325
7,94,13.122499301673077
7,95,10.535491192401556
7,96,12.2418090480454
7,97,15.855021643589213
8,1,18.606449961659855
8,2,19.204870603218204
8,3,15.555816405327556
8,4,12.534119220393773
8,5,8.934435644759333
8,6,6.479288152119288
8,7,3.808875154818496
8,9,3.804803632801123
8,10,7.012255102928512
8,11,9.384623964230709
8,12,12.52564641450483
8,13,15.939815747412187
8,14,17.48967279898283
8,15,21.20829061403249
8,16,22.758726147296755
8,17,26.360685536486418
8,18,28.287862209119922
8,19,28.664672107591585
8,20,28.01653908482228
8,21,24.75837362705231
8,22,23.258532492672
8,23,24.25473366096741
8,24,23.130538397211065
8,25,19.6725136152627
8,26,19.2969287171315
8,27,20.569485015756094
8,28,18.561979164824784
8,29,15.086334207817302
8,30,13.795291925069337
8,31,14.729409376053633
8,32,12.333526433748707
8,33,9.062329832597719
8,34,5.83199788174063
8,35,4.571800174454105
8,36,7.72536464407571
8,37,10.579980617860352
8,38,13.055684314230225
8,39,16.29988494400146
8,40,17.192388957704033
8,41,18.05987211727461
8,42,21.761113447012512
8,43,22.170994848335525
8,44,22.225829099921377
8,45,24.97561518958276
8,46,22.724568310091477
8,47,19.765547955611577
8,48,21.181279877593845
8,49,21.429970338570026
8,50,17.9082506536879
8,51,16.528385330477523
8,52,19.11793573289044
8,53,18.186898911648232
8,54,14.371232458702789
8,55,15.03638913444754
8,56,17.783547385033657
8,57,16.426512138695976
8,58,13.149800597988163
8,59,15.367172802582383
8,60,17.822511928803237
8,61,15.566755705897517
8,62,14.204335186095502
8,63,17.83327743434491
8,64,19.127725953530973
8,65,17.18818676939374
8,66,18.158605264829156
8,67,21.824584404933848
8,68,22.53867361850404
8,69,21.64211405544798
8,70,24.101506934023593
8,71,23.826850573851587
8,72,23.202520213711068
8,73,21.564228216403336
8,74,24.105640534236557
8,75,24.718161222368245
8,76,23.369642573400995
8,77,20.083715134474595
8,78,20.12415647458153
8,79,21.10066063403407
8,80,18.389745528090046
8,81,15.458157595739424
8,82,16.85257497470505
8,83,16.931267584921077
8,84,13.457775067178709
8,85,11.84788777050426
8,86,14.290660929826364
8,87,13.079934336057192
8,88,9.579096135160524
8,89,11.335115999744893
8,90,13.467241164986444
8,91,11.168147008602377
8,92,10.08941324889704
8,93,13.827219371555827
8,94,14.512155622053802
8,95,12.532181500604608
8,96,14.8681540306049
8,97,18.19031147186805
9,1,21.403226814678398
9,2,21.627736424081263
9,3,17.89889034840848
9,4,15.129000958968835
9,5,11.82111080040632
9,6,8.886228611890433
9,7,6.616963872259702
9,8,3.804803632801123
9,10,3.8019489201267267
9,11,6.423973396219629
9,12,9.057008514813088
9,13,12.643330913116584
9,14,14.350146484037836
9,15,18.0983439750895
9,16,19.992283769647177
9,17,23.431916709408046
9,18,25.56760540407076
9,19,26.00619175379165
9,20,25.755181117436617
9,21,22.522607102002627
9,22,20.693803337666242
9,23,22.008876443818636
9,24,21.314564107309586
9,25,17.690049708963265
9,26,17.185938151520876
9,27,19.079719195744488
9,28,17.477017433788802
9,29,13.73225925187611
9,30,13.192362361767353
9,31,14.726611740250528
9,32,12.12034131431254
9,33,9.46243197903214
9,34,5.8205685454455764
9,35,5.994664472567033
9,36,8.98372044058463
9,37,12.463290833400265
9,38,14.533265500965442
9,39,17.86231193394662
9,40,18.65784049045123
9,41,18.809720601153234
9,42,22.61567352110555
9,43,23.115044777206343
9,44,22.56864563620918
9,45,24.86081680415963
9,46,22.16198904549946
9,47,18.87916206546378
9,48,20.182969053330048
9,49,21.094607061081586
9,50,17.86346975272888
9,51,15.942967660508563
9,52,18.756328736097082
9,53,18.58264802979208
9,54,14.836341292762848
9,55,14.964754546503114
9,56,18.214901485781326
9,57,17.624671623373796
9,58,14.276503764926913
9,59,16.025898543282057
9,60,19.060058660063508
9,61,17.44445073126913
9,62,15.70747959006997
9,63,19.048422524129197
9,64,20.962965426641066
9,65,19.314342581477618
9,66,19.708400310538416
9,67,23.364635962089533
9,68,24.59171894294451
9,69,23.480588614772145
9,70,25.52325291669243
9,71,24.702186358239047
9,72,23.772641729860407
9,73,21.687381833836337
9,74,23.776038080099948
9,75,24.0124703818963
9,76,22.18774903608314
9,77,19.255890159932363
9,78,19.510076750253937
9,79,19.838089401757514
9,80,16.782591707636662
9,81,14.421754318855415
9,82,15.730282002402973
9,83,15.003102889757033
9,84,11.415893150204635
9,85,10.72070840864774
9,86,12.751861840539517
9,87,10.69938957747799
9,88,7.7397795955553095
9,89,10.441491529903663
9,90,11.781221318543942
9,91,9.15156886312774
9,92,9.405910823906643
9,93,13.180484033847804
9,94,13.201129261624843
9,95,11.839272054479045
9,96,14.834811474979823
9,97,17.625514564653148
10,1,25.081566152925394
10,2,25.28330518923144
10,3,21.51185682809329
10,4,18.855550196994752
10,5,15.461739940907547
10,6,12.673008304759435
10,7,10.212538042204567
10,8,7.012255102928512
10,9,3.8019489201267267
10,11,3.934134305242341
10,12,6.625914164408485
10,13,9.902703981867477
10,14,12.354957169503805
10,15,16.007368478557854
10,16,18.372865709217606
10,17,21.61435739680332
10,18,23.58171637110726
10,19,23.65217341816708
10,20,23.69344984744005
10,21,20.746919740864843
10,22,18.44008966884744
10,23,19.586411551171857
10,24,19.430676653207577
10,25,15.872521587650043
10,26,14.727050359310146
10,27,16.92082059732842
10,28,16.01863642751999
10,29,12.298231149079477
10,30,11.91887963312934
10,31,14.319730598190144
10,32,12.281511530360703
10,33,10.648844091734722
10,34,7.129456906515229
10,35,8.944739154013915
10,36,12.15490313716366
10,37,15.83689421476809
10,38,18.02593236035074
10,39,21.447898493946727
10,40,22.319471724952802
10,41,22.254954857263222
10,42,26.06758593927716
10,43,26.549970367038796
10,44,25.711182318505433
10,45,27.73723010291208
10,46,24.796185842857323
10,47,21.32426290555714
10,48,22.3596020249493
10,49,23.698264858431312
10,50,20.751895942648495
10,51,18.401887218013115
10,52,21.07279069785516
10,53,21.344702849558782
10,54,17.711641870665808
10,55,17.197656832288267
10,56,20.490725920534455
10,57,20.33142663671314
10,58,16.790535782063518
10,59,17.874676562168148
10,60,21.184478943291445
10,61,19.814551054132185
10,62,17.519309225723628
10,63,20.515821516539873
10,64,22.76336026707862
10,65,20.965362913385643
10,66,20.714269517717124
10,67,24.4178118311962
10,68,25.871460201718186
10,69,24.273273395976595
10,70,26.057313697252283
10,71,24.904012507655924
10,72,24.105096328295478
10,73,21.967765754286475
10,74,23.777101154860063
10,75,24.05772891582354
10,76,21.732133363187906
10,77,19.048465744463254
10,78,19.945002834064958
10,79,19.939015778461744
10,80,16.460725089013295
10,81,14.834708947625078
10,82,16.606883744618194
10,83,15.27250218147668
10,84,11.60410128474293
10,85,12.116182563126431
10,86,14.155915237757887
10,87,11.585795449632071
10,88,9.616334049699635
10,89,12.980438062940184
10,90,13.80994541829582
10,91,11.203583706695463
10,92,12.440316436964752
10,93,16.04659739382716
10,94,15.576595749788176
10,95,14.596461672894895
10,96,17.91696540481018
10,97,20.331803163728214
11,1,26.201729437759326
11,2,26.135930384789315
11,3,22.30236164566574
11,4,20.172275568896996
11,5,16.845230327455837
11,6,14.544751410704318
11,7,12.80301898728149
11,8,9.384623964230709
11,9,6.423973396219629
11,10,3.934134305242341
11,12,3.9401691355367556
11,13,6.706730962011832
11,14,8.916553489516499
11,15,12.528399485277333
11,16,14.707983475995569
11,17,18.04479405484789
11,18,19.818049449515197
11,19,19.87760213972406
11,20,19.792993843292034
11,21,16.819930998050136
11,22,14.594707921165758
11,23,15.803139341428647
11,24,15.573481691123598
11,25,11.973981975760491
11,26,11.045559498768815
11,27,13.453156031599946
11,28,12.561692595821697
11,29,8.805634261120902
11,30,9.294683991230102
11,31,11.761577343737414
11,32,9.76089958744109
11,33,9.191340084587175
11,34,6.6492247413351295
11,35,9.5161738622225
11,36,12.409907466781501
11,37,16.238839238725422
11,38,18.579407678902776
11,39,22.204965348455264
11,40,23.588775721611647
11,41,23.517243150133964
11,42,27.303511059662398
11,43,27.309008896683633
11,44,26.0963716155992
11,45,27.956116022111313
11,46,24.957071053199503
11,47,21.347697131838874
11,48,21.727268320959034
11,49,23.238220311472617
11,50,20.688442523029305
11,51,17.811178754793097
11,52,19.98078081960213
11,53,20.635177692374636
11,54,17.25204526701877
11,55,15.898272140691248
11,56,19.061698110632022
11,57,19.466389873138365
11,58,15.86148370917398
11,59,16.150690476296845
11,60,19.719737953688202
11,61,18.904855667011276
11,62,16.201952078751365
11,63,18.685922907248475
11,64,21.397920459612067
11,65,19.91084469894768
11,66,19.066019992284154
11,67,22.58736459151183
11,68,24.51780269027327
11,69,22.81761174687677
11,70,24.094897142167735
11,71,22.469910944760414
11,72,21.421942004406574
11,73,19.044230825121442
11,74,20.509341253370795
11,75,20.680083783713062
11,76,18.10967650942788
11,77,15.644576078392882
11,78,16.8626461856672
11,79,16.629323954963642
11,80,12.97521720824141
11,81,11.87374186071914
11,82,13.999069351851286
11,83,12.440748875951895
11,84,8.844038838997031
11,85,10.286702283260807
11,86,12.524593792534755
11,87,10.17888437128208
11,88,9.127703047424907
11,89,12.822378638773367
11,90,13.771415108213612
11,91,12.062000038466463
11,92,13.732879018365086
11,93,17.0417366157042
11,94,16.966426905834137
11,95,16.748549252764402
11,96,19.919471246514302
11,97,22.11094516900861
12,1,28.50418320491918
12,2,28.1198636841163
12,3,24.34383657172691
12,4,22.438088146180416
12,5,19.452286185617197
12,6,16.924433954958143
12,7,15.512525541160704
12,8,12.52564641450483
12,9,9.057008514813088
12,10,6.625914164408485
12,11,3.9401691355367556
12,13,3.7654513966038743
12,14,5.90745393108503
12,15,9.502119753990165
12,16,12.156640494828302
12,17,15.155807257698036
12,18,17.372678974691844
12,19,17.761355817930756
12,20,18.286620232399077
12,21,15.341005373862401
12,22,12.82063402468674
12,23,14.771077392756165
12,24,15.11093464030595
12,25,11.504479541147466
12,26,10.843057388963706
12,27,14.076768220658932
12,28,13.655536390602132
12,29,10.148314739728727
12,30,11.839981697804934
12,31,14.193143371570178
12,32,12.035692431065389
12,33,11.949954387071461
12,34,9.933837740905298
12,35,12.343546975817535
12,36,14.53558392563698
12,37,18.325099505324282
12,38,20.132446202118054
12,39,23.59503748074852
12,40,24.838426126298035
12,41,24.20623276486538
12,42,27.90646581949606
12,43,27.95331239755889
12,44,26.247993498013983
12,45,27.601047830813307
12,46,24.32623743406817
12,47,20.62476549721537
12,48,20.79994282898162
12,49,22.882958919302737
12,50,20.79559574851366
12,51,17.643304581646003
12,52,19.8414848416364
12,53,21.186313679200534
12,54,18.149985683606626
12,55,16.51444613600935
12,56,19.907050529019205
12,57,20.954934519445153
12,58,17.66643862579372
12,59,17.69827903963845
12,60,21.48225774168977
12,61,21.262869313811784
12,62,18.676830097640355
12,63,20.822734984870376
12,64,23.870836665895975
12,65,22.8388842972395
12,66,21.80185423691093
12,67,25.07876244618128
12,68,27.3734273220948
12,69,25.783146917501504
12,70,26.663985506934516
12,71,24.62696945542204
12,72,23.164295486297352
12,73,20.36956497515321
12,74,21.200175788081534
12,75,20.75628030367274
12,76,17.838295112849117
12,77,16.08869826545405
12,78,17.222265651799567
12,79,16.11262979098614
12,80,12.436668480784036
12,81,12.282972896481178
12,82,13.79277697500807
12,83,11.287480726268239
12,84,8.30317352146704
12,85,10.796919055192726
12,86,11.981006186154247
12,87,9.033404619799082
12,88,9.42047829506551
12,89,13.133478073826273
12,90,13.1232022724163
12,91,11.725190401691478
12,92,14.316124431004503
12,93,17.099559095762427
12,94,16.576102086259432
12,95,17.098905579374275
12,96,20.38443823721863
12,97,21.953940768705344
13,1,31.64062261222364
13,2,31.168039688479706
13,3,27.40060940375386
13,4,25.73160191722314
13,5,22.741902005218172
13,6,20.447389953845207
13,7,19.10476764994312
13,8,15.939815747412187
13,9,12.643330913116584
13,10,9.902703981867477
13,11,6.706730962011832
13,12,3.7654513966038743
13,14,3.722332950067234
13,15,6.573799532395977
13,16,9.663943146535646
13,17,12.30872014018717
13,18,14.212644467782406
13,19,14.285310495232196
13,20,15.13740630356163
13,21,12.556851442112501
13,22,9.583018985990234
13,23,11.606951981115952
13,24,12.593880150253113
13,25,9.333564040236027
13,26,8.375184704099153
13,27,12.066596496269595
13,28,12.44095801015056
13,29,9.612281662627876
13,30,11.987103884405387
13,31,14.510571914310642
13,32,13.01186790894843
13,33,13.942980915875465
13,34,12.609785727770404
13,35,15.445405967852816
13,36,17.559289698357702
13,37,21.297569761852095
13,38,23.1891692614228
13,39,26.692407993802284
13,40,28.150831391162182
13,41,27.488194965286194
13,42,31.123418039169295
13,43,30.95774329004274
13,44,29.022547152788384
13,45,30.16410249073093
13,46,26.852551883591687
13,47,23.147969114043384
13,48,22.86797475294605
13,49,25.140891824970513
13,50,23.43650552901651
13,51,20.03162523314194
13,52,21.788591691247017
13,53,23.445602608820618
13,54,20.702313811975145
13,55,18.531816062511748
13,56,21.65603632028073
13,57,23.100716055586986
13,58,19.864881677764803
13,59,19.242072385718654
13,60,23.055195878392166
13,61,23.20514127726213
13,62,20.33001645365369
13,63,21.93306183412691
13,64,25.229249953444608
13,65,24.317660739216638
13,66,22.732259524176136
13,67,25.775629632558942
13,68,28.353925045167024
13,69,26.524044075944108
13,70,26.94854621265814
13,71,24.51896099707281
13,72,23.027976164922286
13,73,20.180266132362615
13,74,20.49098097703362
13,75,19.95704073268111
13,76,16.623611760251354
13,77,15.479945112845986
13,78,17.16624877519198
13,79,15.653927597297118
13,80,11.924035713805198
13,81,12.872991895096597
13,82,14.623084016532635
13,83,11.812265247059589
13,84,9.586174340899799
13,85,12.84200552850931
13,86,13.9060075256682
13,87,11.320531724183704
13,88,12.478251306480754
13,89,16.066609131413795
13,90,15.958117291530243
13,91,15.04328712689342
13,92,17.792590988405106
13,93,20.332399497909506
13,94,19.83804529276907
13,95,20.666683296421414
13,96,23.907654164557965
13,97,25.26621931782642
14,1,31.405096907005003
14,2,30.625691375384612
14,3,26.972063028722197
14,4,25.771108200145118
14,5,23.12104877642894
14,6,21.09868576412086
14,7,20.39003252411813
14,8,17.48967279898283
14,9,14.350146484037836
14,10,12.354957169503805
14,11,8.916553489516499
14,12,5.90745393108503
14,13,3.722332950067234
14,15,3.7487042518676588
14,16,6.312465188544797
14,17,9.272333976409975
14,18,11.601545826183585
14,19,12.48666221467688
14,20,13.239068298207206
14,21,10.254976245163707
14,22,7.937072081852934
14,23,10.865902724906181
14,24,11.408463734153669
14,25,8.222997930685928
14,26,8.795060054354344
14,27,12.408622573025296
14,28,12.276272475135519
14,29,9.834625987008677
14,30,13.034190844054383
14,31,14.729621792520028
14,32,12.878196100447413
14,33,14.116189441308041
14,34,13.572208295341307
14,35,16.086852782226043
14,36,17.479179140774185
14,37,20.981422848952384
14,38,22.592355913484884
14,39,25.983705827373203
14,40,27.66855979856693
14,41,26.883769207547385
14,42,30.35583001669312
14,43,29.857701089844
14,44,27.607474209335905
14,45,28.49606036321405
14,46,25.22852626481237
14,47,21.588281732240155
14,48,20.784062655270798
14,49,23.180656539609952
14,50,21.952079102090753
14,51,18.338129482106304
14,52,19.655767477987528
14,53,21.70750163576254
14,54,19.421393257289548
14,55,16.839297012391928
14,56,19.801873322094337
14,57,21.77079178325009
14,58,18.901716044968317
14,59,17.891806588966887
14,60,21.718590972625616
14,61,22.465333433664796
14,62,19.767328159013495
14,63,20.949855027167523
14,64,24.475179897846637
14,65,24.126049681754004
14,66,22.468284297827044
14,67,25.153766284248476
14,68,28.06346381212114
14,69,26.56762462807327
14,70,26.610696244711107
14,71,23.90225884156436
14,72,21.912318988588527
14,73,18.718706277607765
14,74,18.535626925925083
14,75,17.4411649890281
14,76,14.101045704308941
14,77,13.525018045865076
14,78,14.870908005856302
14,79,12.7727562966545
14,80,9.322912614955651
14,81,10.989817712177645
14,82,12.198927715668065
14,83,9.034082224172995
14,84,7.837884179917558
14,85,11.554036336559438
14,86,12.033994281069432
14,87,9.969755345350716
14,88,12.049343900009188
14,89,15.221845955510457
14,90,15.002098585684955
14,91,14.982605945290185
14,92,17.80065302227261
14,93,19.826416807080818
14,94,19.69073106042053
14,95,21.105306865924852
14,96,24.028644553687116
14,97,25.124901508898528
15,1,34.54888182589048
15,2,33.6214343272029
15,3,30.052455744866847
15,4,29.10096372410007
15,5,26.57588315086564
15,6,24.684924812109447
15,7,24.105047953909157
15,8,21.20829061403249
15,9,18.0983439750895
15,10,16.007368478557854
15,11,12.528399485277333
15,12,9.502119753990165
15,13,6.573799532395977
15,14,3.7487042518676588
15,16,3.724111576359273
15,17,5.751226091494042
15,18,8.16667124366908
15,19,9.336071626856334
15,20,10.719167954767693
15,21,8.21940121333585
15,22,5.9029176129707315
15,23,9.441843193882113
15,24,10.602710994283544
15,25,8.409727313045629
15,26,9.337592855776599
15,27,12.867473949000946
15,28,13.308035308087119
15,29,11.824124316951384
15,30,15.348370213254144
15,31,16.85131543650814
15,32,15.4359224778093
15,33,17.194188713937102
15,34,17.062465634465475
15,35,19.622399698305983
15,36,20.802941412190307
15,37,24.154567842610447
15,38,25.649268065928823
15,39,28.94693369494125
15,40,30.73381365188002
15,41,29.821876018893494
15,42,33.15549149189458
15,43,32.488315868349844
15,44,29.983134170443755
15,45,30.559223890223592
15,46,27.29995453755524
15,47,23.77120912064882
15,48,22.55677251561355
15,49,25.138735534929705
15,50,24.382620112767274
15,51,20.675866092412843
15,52,21.569706535431305
15,53,23.955882519395573
15,54,22.081212565685888
15,55,19.19030831764512
15,56,21.842557416106146
15,57,24.201744302589088
15,58,21.587194034504723
15,59,20.12775147361339
15,60,23.84532737292453
15,61,25.0070183754536
15,62,22.27785697445216
15,63,22.94937790728508
15,64,26.61948980158774
15,65,26.535537889436483
15,66,24.54433861417404
15,67,26.881971731924043
15,68,30.039773407294604
15,69,28.510654610223543
15,70,28.09989950495745
15,71,25.058648014112496
15,72,22.916849907881087
15,73,19.662251927622535
15,74,18.79671577725267
15,75,17.35286648822722
15,76,13.786492954180305
15,77,14.1989387421621
15,78,15.73897762242461
15,79,13.091564211065343
15,80,10.20673118987165
15,81,12.891557937582734
15,82,13.848146818785436
15,83,10.621611225894238
15,84,10.573214782947728
15,85,14.384069952342841
15,86,14.463395513179528
15,87,12.817603315555091
15,88,15.366482413908914
15,89,18.244438530196987
15,90,17.803173890255717
15,91,18.17369698223242
15,92,21.110408649661057
15,93,22.80440044998088
15,94,22.651518460772085
15,95,24.38242524442619
15,96,27.211044867671717
15,97,28.02058322600228
16,1,34.409721577465106
16,2,33.29501546101771
16,3,29.87862828885024
16,4,29.384829931976736
16,5,27.105525985746183
16,6,25.641529775236556
16,7,25.529974290366706
16,8,22.758726147296755
16,9,19.992283769647177
16,10,18.372865709217606
16,11,14.707983475995569
16,12,12.156640494828302
16,13,9.663943146535646
16,14,6.312465188544797
16,15,3.724111576359273
16,17,3.824980450904125
16,18,6.066050149302048
16,19,8.262428243520226
16,20,8.879280731771814
16,21,5.976789500874403
16,22,5.567799764140947
16,23,9.245338313397308
16,24,9.490821939375488
16,25,7.98477696656084
16,26,10.242357642480071
16,27,13.061586416756574
16,28,12.972498501449955
16,29,12.181886342719578
16,30,16.000875076279353
16,31,16.70887825564637
16,32,15.3343051963098
16,33,17.458722919469867
16,34,18.0922821578965
16,35,20.48054167911069
16,36,21.164650759464067
16,37,24.18430340966223
16,38,25.601173647155104
16,39,28.8025239772247
16,40,30.909248768404154
16,41,30.129018321150397
16,42,33.28626752047661
16,43,32.20936132461457
16,44,29.584024971450894
16,45,30.083943135082915
16,46,27.051190800359162
16,47,23.697182403706613
16,48,21.93837335898518
16,49,24.343646347731134
16,50,23.991261168650624
16,51,20.22387858651783
16,52,20.452178823101512
16,53,22.963479875146202
16,54,21.56468512837468
16,55,18.293075106040444
16,56,20.447048057631818
16,57,23.161588457678032
16,58,20.91074409898731
16,59,18.956713572014156
16,60,22.462937236173033
16,61,24.125103344900538
16,62,21.5266885670689
16,63,21.640777629437746
16,64,25.404479065391296
16,65,25.787783579921367
16,66,23.65374739086148
16,67,25.541769013401193
16,68,28.943639509354973
16,69,27.678697218542645
16,70,26.85794296367604
16,71,23.60396930174116
16,72,21.11154827498
16,73,17.719515912205495
16,74,16.31796155743981
16,75,14.439992970791957
16,76,10.960423298113316
16,77,12.146631110033224
16,78,13.475249673607001
16,79,10.442230526632265
16,80,8.346043037476392
16,81,11.734370196169756
16,82,12.368790626295247
16,83,9.524704975197322
16,84,10.608377146231321
16,85,14.240903563603826
16,86,14.165733657580581
16,87,13.466852157480103
16,88,16.233551365525226
16,89,18.629359050961195
16,90,18.475893405642342
16,91,19.53229272455238
16,92,22.183440921801942
16,93,23.561038534828906
16,94,23.915553157917135
16,95,25.88859428142945
16,96,28.372739323973388
16,97,29.16271769547379
17,1,37.99591964896392
17,2,36.77933009030858
17,3,33.431042070503935
17,4,33.00291754386937
17,5,30.80915031471276
17,6,29.251657743755022
17,7,29.107762689522403
17,8,26.360685536486418
17,9,23.431916709408046
17,10,21.61435739680332
17,11,18.04479405484789
17,12,15.155807257698036
17,13,12.30872014018717
17,14,9.272333976409975
17,15,5.751226091494042
17,16,3.824980450904125
17,18,3.8288744674662927
17,19,6.887700430496703
17,20,8.685248972428264
17,21,7.2299622232323495
17,22,7.011708466997249
17,23,10.44350964176416
17,24,11.478101841240976
17,25,10.932412728354192
17,26,12.78818927199645
17,27,15.509929357148922
17,28,16.003161138778836
17,29,15.63705581124924
17,30,19.41950237705122
17,31,20.229778990884206
17,32,19.084476279569373
17,33,21.28083324029431
17,34,21.84117997598767
17,35,24.222943735555397
17,36,24.85858852562125
17,37,27.835279374928874
17,38,29.06971102267426
17,39,32.14287723565124
17,40,34.15597125636776
17,41,33.14227491868448
17,42,36.18111202231085
17,43,35.12598121868918
17,44,32.28386644256657
17,45,32.432490681646165
17,46,29.357307406605894
17,47,26.127048595625524
17,48,24.222929532044223
17,49,26.86827964686822
17,50,26.872340896051124
17,51,23.141730479861923
17,52,23.25735272979512
17,53,26.03854607719156
17,54,24.90430042967381
17,55,21.63815757609255
17,56,23.688591829605013
17,57,26.601992078690056
17,58,24.54580596921804
17,59,22.513739633673662
17,60,25.91623479892571
17,61,27.768701319079444
17,62,25.221411526601074
17,63,25.131502815260042
17,64,28.910534928957695
17,65,29.413443553548756
17,66,27.14869830578093
17,67,28.837951182424103
17,68,32.33022227368596
17,69,31.031349423029862
17,70,29.96545990031434
17,71,26.55457597225182
17,72,24.0428874108775
17,73,20.72159114567145
17,74,18.867478915056864
17,75,16.746634190300774
17,76,13.37835362643578
17,77,15.255175152199532
17,78,16.56292781893362
17,79,13.299093903726458
17,80,11.845491662151264
17,81,15.39282824452209
17,82,15.7081394367193
17,83,12.838347566520053
17,84,14.259956659615568
17,85,17.862760606780487
17,86,17.38945161127519
17,87,16.603330906438362
17,88,19.631530258021066
17,89,21.910047871714003
17,90,21.363888206218054
17,91,22.483193662891278
17,92,25.35798972732437
17,93,26.489107377771862
17,94,26.600203082541597
17,95,28.801485782691902
17,96,31.295924705908245
17,97,31.760295467467763
18,1,39.94836443812963
18,2,38.82192330625663
18,3,35.4681616767463
18,4,35.12448680577309
18,5,32.790906373148
18,6,31.48410613078828
18,7,31.262316393768355
18,8,28.287862209119922
18,9,25.56760540407076
18,10,23.58171637110726
18,11,19.818049449515197
18,12,17.372678974691844
18,13,14.212644467782406
18,14,11.601545826183585
18,15,8.16667124366908
18,16,6.066050149302048
18,17,3.8288744674662927
18,19,3.719327895963581
18,20,5.457440640866802
18,21,5.546951122626719
18,22,6.233040580405657
18,23,8.634834775212099
18,24,9.839950428077819
18,25,10.580943553468078
18,26,12.371879704978154
18,27,14.383395359615207
18,28,15.325053312179099
18,29,15.868205374173238
18,30,19.538614782265824
18,31,20.226983819946884
18,32,19.772115075640723
18,33,22.480903667671058
18,34,23.377591411351105
18,35,26.061706392773633
18,36,26.87609759932906
18,37,29.818167056762572
18,38,31.359094583391947
