1,2,3.8078555984580027
1,3,6.460653971991358
1,4,8.203121516793086
1,5,11.144123811809086
1,6,12.603495791190303
1,7,13.137892482222618
1,8,14.12116956812713
1,9,17.91620224764176
1,10,18.84439133056187
1,11,19.506859829254342
1,12,18.28970514649128
1,13,20.75470618648918
1,14,20.060158386921557
1,15,21.357792573976173
1,16,18.111368880963393
1,17,15.948634358849741
1,18,15.591033422405397
1,19,14.141509228569666
1,20,12.303128613842036
1,21,10.972996447979899
1,22,11.839491926855754
1,23,10.752579983424738
1,24,13.725325076712751
1,25,15.623327601903213
1,26,15.918484702495634
1,27,14.337800713962503
1,28,11.925953580833568
1,29,13.469548161904713
1,30,13.821291575277838
1,31,13.834685891126387
1,32,11.877323279811506
1,33,11.571168668943338
1,34,8.469973261584581
1,35,10.368151420891138
1,36,10.07572689000968
1,37,12.412232610524052
1,38,15.56731248070275
1,39,14.513713530532897
1,40,11.455434845870176
1,41,8.866496582427205
1,42,6.873938407605742
1,43,8.755161105778559
1,44,9.097429306322699
1,45,12.681028588238322
1,46,15.506456391202462
1,47,16.88097131651288
1,48,20.2262142726503
1,49,20.424677178335127
1,50,22.753759395369908
1,51,21.339672139363792
1,52,18.118671726023408
1,53,20.48479467025967
1,54,22.442669003308545
1,55,19.557344779524993
1,56,18.354697865660786
1,57,21.86158924910228
1,58,22.623558952745235
1,59,19.793536582378948
1,60,21.356175380491838
1,61,24.861402172806404
2,1,3.8078555984580027
2,3,3.813228435890171
2,4,7.038447833419483
2,5,9.923319238414383
2,6,12.399164416557518
2,7,13.497381705579613
2,8,15.407144941228408
2,9,19.06448925513167
2,10,20.60709738629271
2,11,21.384297886529122
2,12,20.680487485293288
2,13,23.31116273972792
2,14,22.52628142341119
2,15,24.24359096281279
2,16,21.205087748926356
2,17,18.751090997947156
2,18,18.400971562834116
2,19,16.35209336673585
2,20,13.85769001777753
2,21,11.595574180048771
2,22,11.359552872032255
2,23,9.145174292810701
2,24,11.34027376951142
2,25,12.795575438446788
2,26,12.584891883563664
2,27,10.647840832772417
2,28,8.465955161334227
2,29,10.517087547049778
2,30,11.543703233485433
2,31,11.981105534471336
2,32,11.049790861745258
2,33,11.804218242669013
2,34,9.682787366470448
2,35,12.547526759853712
2,36,12.981451236584165
2,37,15.692515287140523
2,38,19.00832171630306
2,39,18.221632474836127
2,40,15.175172452534767
2,41,12.589795226953774
2,42,10.140857649526808
2,43,11.162688610255385
2,44,10.19648706854891
2,45,13.456649876980173
2,46,15.505464109922466
2,47,16.625697762435145
2,48,19.790685069947273
2,49,20.66072373798193
2,50,23.330332625379413
2,51,22.519398170152016
2,52,19.09584389584457
2,53,21.109296465716806
2,54,23.582992835206326
2,55,21.126768979472015
2,56,19.48654950191793
2,57,22.914296620488766
2,58,24.244905492053576
2,59,21.56844478639983
2,60,22.649565800672622
2,61,26.34762914994459
3,1,6.460653971991358
3,2,3.813228435890171
3,4,3.8080782364682753
3,5,6.651408909348347
3,6,9.496950678141628
3,7,10.82913098541897
3,8,13.431447685574776
3,9,16.813232865062478
3,10,18.8982024636972
3,11,19.89536433366015
3,12,19.86088250960142
3,13,22.80345935314535
3,14,22.30128699782499
3,15,24.49010401098193
3,16,21.62713698808992
3,17,19.18971849481616
3,18,19.45664005001932
3,19,17.201299002899535
3,20,14.167731742500374
3,21,11.880412945747247
3,22,10.59139211059937
3,23,7.787599203463312
3,24,9.277034200568187
3,25,9.984138253595944
3,26,10.506294406744027
3,27,9.152251701061195
3,28,5.941184744842684
3,29,7.015546588442339
3,30,7.92609458059039
3,31,8.997822872424214
3,32,8.521576049293625
3,33,10.321261475738954
3,34,9.217238857691394
3,35,12.641317162672237
3,36,14.11136088762899
3,37,16.666730971314614
3,38,20.295900476928523
3,39,19.75207427512949
3,40,17.196486841569236
3,41,14.159408166513153
3,42,11.106509846346718
3,43,10.798750035793576
3,44,8.629567745012752
3,45,11.435145710524063
3,46,12.805453326476368
3,47,14.15891718395706
3,48,16.936663783371287
3,49,18.05710444060562
3,50,21.075329521148547
3,51,20.75006073222661
3,52,17.419593773106627
3,53,19.44161100654915
3,54,22.273142533530056
3,55,20.266742858958967
3,56,18.734513552291574
3,57,22.239781830825102
3,58,23.855248475474667
3,59,21.661544917109968
3,60,22.744649518322024
3,61,26.464935544122728
4,1,8.203121516793086
4,2,7.038447833419483
4,3,3.8080782364682753
4,5,3.805092087983569
4,6,5.881159955013105
4,7,7.087654416040365
4,8,9.973534150229924
4,9,13.164395269366068
4,10,15.526202536273097
4,11,16.799374535185144
4,12,17.26065870032153
4,13,20.490591806997294
4,14,20.458007667413042
4,15,22.870163259149994
4,16,20.089050201653706
4,17,17.95717999842458
4,18,18.954406234211845
4,19,16.94451909662783
4,20,13.846829201389037
4,21,12.277466571987514
4,22,10.803968899557525
4,23,8.594169022242284
4,24,10.037102197820271
4,25,10.34484777110932
4,26,12.074078249752615
4,27,11.609651622481108
4,28,7.858495251595408
4,29,6.997846204708815
4,30,6.647308705729735
4,31,8.03197949095366
4,32,6.869270249800548
4,33,8.960022087479064
4,34,8.360851791808289
4,35,11.6200103802686
4,36,13.797555886095758
4,37,15.799654083472083
4,38,19.576705002173547
4,39,19.120997751320754
4,40,17.214193721619502
4,41,13.806843427119478
4,42,10.524006062791893
4,43,8.947658330636752
4,44,6.047226866536448
4,45,8.541766938347756
4,46,9.76092090978924
4,47,11.86449501008856
4,48,14.280865765437264
4,49,15.022131967549862
4,50,18.240138618337213
4,51,17.99159322240987
4,52,14.983696845389106
4,53,17.38490544514788
4,54,20.203863703552564
4,55,18.399585371588604
4,56,17.40845554658941
4,57,21.055973097984047
4,58,22.52204863377067
4,59,20.79702335668593
4,60,22.255709301792233
4,61,25.819606996970954
5,1,11.144123811809086
5,2,9.923319238414383
5,3,6.651408909348347
5,4,3.805092087983569
5,6,3.808606013314971
5,7,6.818261872002419
5,8,10.066947138427707
5,9,12.615125351066183
5,10,15.584537467154423
5,11,17.574250519441563
5,12,18.639791130348456
5,13,22.174329824116043
5,14,22.699443611462204
5,15,25.133642925325784
5,16,22.312700007515193
5,17,20.612346830720313
5,18,22.033310229743407
5,19,20.293018961067133
5,20,17.27453610462915
5,21,15.943863071200143
5,22,14.260097130285065
5,23,11.91742682712935
5,24,12.567021116488183
5,25,11.791607053975412
5,26,13.639721275596418
5,27,13.070060527906296
5,28,9.331917826090427
5,29,7.027663392212471
5,30,7.320455851262029
5,31,9.959919087108755
5,32,9.459798390380199
5,33,11.977920751302646
5,34,11.735995610616992
5,35,14.680007463918978
5,36,16.94780451622304
5,37,18.436177254295668
5,38,22.170776995870426
5,39,21.393463143232207
5,40,19.831654252968974
5,41,16.165019459861384
5,42,13.244075130732368
5,43,11.175853373350522
5,44,8.352983424844915
5,45,10.28908802051876
5,46,10.825934568854331
5,47,13.557457323751025
5,48,15.129211958127707
5,49,15.750001174604712
5,50,19.29073308478544
5,51,19.349160925477403
5,52,16.83375829899833
5,53,19.425455222617032
5,54,22.275810895211343
5,55,20.761726148154054
5,56,20.18455030400221
5,57,23.829135256932894
5,58,25.230814869581636
5,59,23.843612285797995
5,60,25.468403974324566
5,61,28.92201864561706
6,1,12.603495791190303
6,2,12.399164416557518
6,3,9.496950678141628
6,4,5.881159955013105
6,5,3.808606013314971
6,7,3.7969892036429007
6,8,6.747450831915009
6,9,8.946974605078914
6,10,12.048937754861736
6,11,14.387665833053472
6,12,15.814442867460626
6,13,19.507431329725073
6,14,20.532156477453068
6,15,22.96563382977538
6,16,20.246159247612066
6,17,18.998495215503915
6,18,21.001336291408947
6,19,19.689705936321182
6,20,16.949814749175914
6,21,16.42195766347193
6,22,15.068323221331523
6,23,13.556442403415351
6,24,14.614749258141872
6,25,14.151233507028735
6,26,16.59393030686566
6,27,16.507546693028328
6,28,12.691090420302265
6,29,10.228859564803694
6,30,9.334394376799327
6,31,11.278662440142163
6,32,9.867472108467402
6,33,11.749064254625344
6,34,11.58721051795502
6,35,13.820634499571543
6,36,16.338623317736662
6,37,17.152950671815216
6,38,20.790060058770624
6,39,20.07397315207145
6,40,19.177966238380947
6,41,15.43872600252792
6,42,12.680991100603485
6,43,9.805856685340489
6,44,7.229454886789346
6,45,8.5020759803843
6,46,9.178641889771017
6,47,12.6082745352305
6,48,13.813395958800406
6,49,13.596044601425405
6,50,17.04923578293518
6,51,16.884238332650227
6,52,14.911538502202104
6,53,17.917316445919926
6,54,20.430291276320364
6,55,18.975084873897735
6,56,19.06487088590385
6,57,22.73172467811764
6,58,23.75749375944708
6,59,22.744785697314352
6,60,24.77943335380339
6,61,27.967789103994992
7,1,13.137892482222618
7,2,13.497381705579613
7,3,10.82913098541897
7,4,7.087654416040365
7,5,6.818261872002419
7,6,3.7969892036429007
7,8,3.7889193516635578
7,9,6.175640567788662
7,10,9.047214131939528
7,11,10.885603120123942
7,12,12.474871027839775
7,13,16.10285191562401
7,14,17.10733541082219
7,15,19.77538493334505
7,16,17.379264890125697
7,17,16.099333911026385
7,18,18.421604068489184
7,19,17.158463717518156
7,20,14.510025257624521
7,21,14.564134227763894
7,22,13.408092090909546
7,23,12.802131947223527
7,24,14.270135644536
7,25,14.4425211805737
7,26,17.363671384944595
7,27,17.904295912896824
7,28,14.108321585405541
7,29,11.971731688581883
7,30,9.896050764365583
7,31,10.602415474323424
7,32,8.29298286051501
7,33,9.386625942085681
7,34,9.665666579681353
7,35,11.382544890981434
7,36,14.356134415519112
7,37,14.984175486095758
7,38,18.579734592033144
7,39,18.42972607793733
7,40,17.940419917439012
7,41,14.45445915552203
7,42,11.473256817563295
7,43,7.9680027241744105
7,44,5.241937293325717
7,45,5.1579446460824725
7,46,6.047937578578511
7,47,9.73864879312951
7,48,11.035357847153767
7,49,10.226944059480983
7,50,13.472146909454162
7,51,13.101561714848396
7,52,11.249598278203742
7,53,14.42203932995029
7,54,16.75270693105341
7,55,15.379524201825452
7,56,15.763331066009851
7,57,19.37629675048875
7,58,20.26894377081238
7,59,19.549905575524
7,60,21.717252594770798
7,61,24.72195915204485
8,1,14.12116956812713
8,2,15.407144941228408
8,3,13.431447685574776
8,4,9.973534150229924
8,5,10.066947138427707
8,6,6.747450831915009
8,7,3.7889193516635578
8,9,3.8020271700518156
8,10,5.6159320382983
8,11,7.784572659063052
8,12,9.245557998235709
8,13,13.019708333460452
8,14,14.585352155621276
8,15,16.948114185790836
8,16,14.522475930068111
8,17,13.902108227798331
8,18,16.713039113737327
8,19,16.17964928643293
8,20,14.241141189509861
8,21,15.245165609567414
8,22,14.913827606711491
8,23,15.108814640612524
8,24,17.13907878661499
8,25,17.805091852015277
8,26,20.70565665253796
8,27,21.19293174616075
8,28,17.424557684770267
8,29,15.614039792670143
8,30,13.492011776720627
8,31,13.654671945192458
8,32,10.707597700199535
8,33,10.5215790607723
8,34,10.176653586739487
8,35,10.57655090622751
8,36,13.258455976862717
8,37,12.95941300377984
8,38,16.233193036865
8,39,16.05977761685868
8,40,16.2871015597475
8,41,12.991817814188503
8,42,10.621622747888594
8,43,6.8829205931703825
8,44,5.963829008053685
8,45,5.568894897356518
8,46,7.56710497714814
8,47,11.119317373820964
8,48,12.426989894881116
8,49,10.460019931709013
8,50,12.948329380818167
8,51,11.65205109538836
8,52,10.491752228566703
8,53,14.152990426300839
8,54,15.678382951821519
8,55,13.959829658197297
8,56,15.170346374475788
8,57,18.73807637971138
8,58,18.926069869830947
8,59,18.360194246261255
8,60,21.054225363047006
8,61,23.70625749010217
9,1,17.91620224764176
9,2,19.06448925513167
9,3,16.813232865062478
9,4,13.164395269366068
9,5,12.615125351066183
9,6,8.946974605078914
9,7,6.175640567788662
9,8,3.8020271700518156
9,10,3.802088647669512
9,11,6.755662525343229
9,12,9.54235416921478
9,13,13.173555941108757
9,14,15.370890124016121
9,15,17.835470189719867
9,16,15.957901989473461
9,17,15.841721770956491
9,18,19.070736353921493
9,19,18.74678562411797
9,20,16.96247533191262
9,21,18.22136267501867
9,22,17.66938752836997
9,23,18.014482799004707
9,24,19.65262532218706
9,25,19.973914004710192
9,26,23.184574584762682
9,27,24.004546192881527
9,28,20.236893465104313
9,29,17.956859345465123
9,30,15.574440530031527
9,31,15.791235237321963
9,32,13.175453399549415
9,33,13.131912038570752
9,34,13.455446284284294
9,35,13.560095284519571
9,36,16.36793085819868
9,37,15.654213292754953
9,38,18.562148837479047
9,39,18.58938401675322
9,40,19.36734836566628
9,41,16.280363537339515
9,42,14.178188412745065
9,43,10.449414580235723
9,44,9.529390253411266
9,45,8.006139034805214
9,46,8.639775767382933
9,47,12.127024476121308
9,48,12.323075727396665
9,49,9.69559251715239
9,50,11.931050939782416
9,51,10.967931079468524
9,52,11.007319571180423
9,53,14.527165485640387
9,54,15.749233705218185
9,55,14.718674418347115
9,56,16.51596491887125
9,57,19.72896330526353
9,58,19.769273437782513
9,59,19.90629559707055
9,60,22.656135188045738
9,61,24.93894064701018
10,1,18.84439133056187
10,2,20.60709738629271
10,3,18.8982024636972
10,4,15.526202536273097
10,5,15.584537467154423
10,6,12.048937754861736
10,7,9.047214131939528
10,8,5.6159320382983
10,9,3.802088647669512
10,11,3.808293941678427
10,12,6.429703216477291
10,13,9.901438957549832
10,14,12.628765752471491
10,15,14.730733307731725
10,16,13.072970504331849
10,17,13.615900601952195
10,18,17.160547385771714
10,19,17.486773486574513
10,20,16.43097554933003
10,21,18.429262760411035
10,22,18.569323096939684
10,23,19.57804304570787
10,24,21.694701135744108
10,25,22.55130338336239
10,26,25.70512209686396
10,27,26.522859720601787
10,28,22.809058483473716
10,29,20.94595642596159
10,30,18.450634523769573
10,31,18.119575255266728
10,32,15.028297814778336
10,33,14.028249700967505
10,34,13.932145198636416
10,35,12.97174729371337
10,36,15.367310995529126
10,37,13.911599797433688
10,38,16.275610754118773
10,39,16.527866767094277
10,40,17.963836090897967
10,41,15.380893278948848
10,42,13.863727032491646
10,43,10.460620767878014
10,44,10.7494577113984
10,45,9.197134403905679
10,46,10.595793714371082
10,47,13.519181153327105
10,48,14.030457948965832
10,49,10.786989691161816
10,50,11.89424157935025
10,51,9.85144861612357
10,52,10.585517020815288
10,53,14.221301793027148
10,54,14.520747476450437
10,55,13.157250338489543
10,56,15.64275078945094
10,57,18.638404565246308
10,58,17.978666868189656
10,59,18.266407829999896
10,60,21.396262341111775
10,61,23.273236127868635
11,1,19.506859829254342
11,2,21.384297886529122
11,3,19.89536433366015
11,4,16.799374535185144
11,5,17.574250519441563
11,6,14.387665833053472
11,7,10.885603120123942
11,8,7.784572659063052
11,9,6.755662525343229
11,10,3.808293941678427
11,12,3.825015492463778
11,13,6.754272474064989
11,14,9.303404640564061
11,15,11.798027882824009
11,16,10.871216048009453
11,17,11.24778939648365
11,18,14.918877889754842
11,19,15.281253365277122
11,20,14.564451035966037
11,21,17.036353991078474
11,22,17.471242295985196
11,23,19.169709097694668
11,24,21.46245591458182
11,25,22.79333722391483
11,26,26.002833149922825
11,27,27.150755229188544
11,28,23.62244776005625
11,29,22.139617559284815
11,30,19.25683550797777
11,31,18.16182532383671
11,32,14.863808109819578
11,33,13.113795704069911
11,34,13.31740486509826
11,35,11.720895130940786
11,36,14.18706615253257
11,37,12.73921386815444
11,38,14.787529215317187
11,39,15.898992882021666
11,40,17.5004444735079
11,41,15.519286506561402
11,42,13.919373600870403
11,43,10.822527935256604
11,44,11.32385597234321
11,45,9.086006550026969
11,46,10.467745657487347
11,47,12.45743531458819
11,48,13.161113642518792
11,49,9.644997826506533
11,50,9.647792968743973
11,51,6.7842405368835985
11,52,8.07279915023165
11,53,11.491246268381905
11,54,11.129142146121513
11,55,9.790376176086
11,56,12.721389620208248
11,57,15.378666558038663
11,58,14.435802711385442
11,59,15.085563189041423
11,60,18.25609697374365
11,61,19.827307439960943
12,1,18.28970514649128
12,2,20.680487485293288
12,3,19.86088250960142
12,4,17.26065870032153
12,5,18.639791130348456
12,6,15.814442867460626
12,7,12.474871027839775
12,8,9.245557998235709
12,9,9.54235416921478
12,10,6.429703216477291
12,11,3.825015492463778
12,13,3.814989042477217
12,14,6.377968333853787
12,15,8.339875559445643
12,16,7.054757125359495
12,17,7.830924303890056
12,18,11.603339027228346
12,19,12.618524818352299
12,20,12.711993564628372
12,21,15.707893168688324
12,22,16.95901883572552
12,23,19.04852332407767
12,24,21.861127646785427
12,25,23.718896553524985
12,26,26.61018625040656
12,27,27.50504830118144
12,28,24.108589071811267
12,29,23.19442069505622
12,30,20.504498635457193
12,31,19.114341293860253
12,32,15.487547571131891
12,33,13.001765638586752
12,34,12.369298925593123
12,35,9.832759539348
12,36,11.528606831884064
12,37,9.514525563662332
12,38,11.120025916337049
12,39,12.499569460628225
12,40,14.392721807248153
12,41,12.998215398794645
12,42,11.96663618497273
12,43,9.678036951408878
12,44,11.316430406029257
12,45,9.878602909143149
12,46,12.24303224102264
12,47,13.822842885853593
12,48,15.369309721610476
12,49,12.206022571830314
12,50,11.876048323501522
12,51,8.341739237140683
12,52,8.847526018865151
12,53,12.13723914839598
12,54,11.204906207068234
12,55,8.761126147480828
12,56,11.765154802078188
12,57,14.429971008699503
12,58,12.855602530710685
12,59,12.9148327864153
12,60,16.451276479147218
12,61,17.925946652299988
13,1,20.75470618648918
13,2,23.31116273972792
13,3,22.80345935314535
13,4,20.490591806997294
13,5,22.174329824116043
13,6,19.507431329725073
13,7,16.10285191562401
13,8,13.019708333460452
13,9,13.173555941108757
13,10,9.901438957549832
13,11,6.754272474064989
13,12,3.814989042477217
13,14,3.82606140448914
13,15,5.237469537857785
13,16,5.6720731751092694
13,17,7.14472036361387
13,18,10.77532075928323
13,19,12.407147565500887
13,20,13.413458732526841
13,21,16.8740362804946
13,22,18.567659936463844
13,23,21.17603204550416
13,24,24.103897161199846
13,25,26.291290520651454
13,26,29.12182624277791
13,27,30.165302768063935
13,28,26.958234080777764
13,29,26.328059924200783
13,30,23.5066894700683
13,31,21.693817577641653
13,32,18.06437120520537
13,33,15.122407954881643
13,34,14.545768378396044
13,35,11.442448009250011
13,36,12.518912329291652
13,37,10.230032705315732
13,38,10.6621928999831
13,39,12.856085278057828
13,40,15.186521094865112
13,41,14.730621062230517
13,42,14.154870625517155
13,43,12.578847769956592
13,44,14.45340071564141
13,45,12.912083743419267
13,46,15.085333076866071
13,47,15.931925350446226
13,48,17.4719702213837
13,49,14.316067157243786
13,50,13.012599498924743
13,51,9.179809642024226
13,52,10.218235096089938
13,53,12.664444594733405
13,54,10.62080881661351
13,55,8.175211731357813
13,56,11.614810078019577
13,57,13.449969199509175
13,58,11.000847576453925
13,59,11.466443986703378
13,60,15.144065836641932
13,61,15.876691433951088
14,1,20.060158386921557
14,2,22.52628142341119
14,3,22.30128699782499
14,4,20.458007667413042
14,5,22.699443611462204
14,6,20.532156477453068
14,7,17.10733541082219
14,8,14.585352155621276
14,9,15.370890124016121
14,10,12.628765752471491
14,11,9.303404640564061
14,12,6.377968333853787
14,13,3.82606140448914
14,15,3.83061626918067
14,16,5.2460991207048195
14,17,4.999970947505928
14,18,8.035203043710183
14,19,9.428451387926092
14,20,10.895381721945553
14,21,14.558649446396178
14,22,16.605809705135357
14,23,19.651050193153857
14,24,22.69598826090598
14,25,25.29150435990014
14,26,27.917778280153293
14,27,29.08395888889765
14,28,26.18294082982403
14,29,26.029704920489507
14,30,23.15109428180876
14,31,20.843596158855384
14,32,17.263795910621408
14,33,13.880463680870374
14,34,13.373767126631895
14,35,10.038367425573705
14,36,10.883484253248634
14,37,9.314724731551065
14,38,9.592285895934864
14,39,12.661824221951813
14,40,14.424270721556647
14,41,14.51662710282736
14,42,13.70054952475073
14,43,12.73917937812985
14,44,14.514449629970471
14,45,13.018217344165231
14,46,15.206592454348279
14,47,15.236738867841103
14,48,17.261751051304042
14,49,14.662534649233887
14,50,13.119426031718048
14,51,9.418981608950462
14,52,9.563132984792317
14,53,11.23347811846562
14,54,8.963184846636572
14,55,5.907455256770814
14,56,8.906415078812215
14,57,10.402901365137472
14,58,7.678127293129577
14,59,7.757472842121199
14,60,11.487887526418973
14,61,12.213902987543038
15,1,21.357792573976173
15,2,24.24359096281279
15,3,24.49010401098193
15,4,22.870163259149994
15,5,25.133642925325784
15,6,22.96563382977538
15,7,19.77538493334505
15,8,16.948114185790836
15,9,17.835470189719867
15,10,14.730733307731725
15,11,11.798027882824009
15,12,8.339875559445643
15,13,5.237469537857785
15,14,3.83061626918067
15,16,3.825899879202198
15,17,5.6221388513282164
15,18,7.95204463178342
15,19,10.666319697775211
15,20,13.073742356786978
15,21,16.85005132571305
15,22,19.394377314235125
15,23,22.40937810967516
15,24,25.692587264930758
15,25,28.415731499705945
15,26,30.82588715640726
15,27,31.687640696259855
15,28,28.815366640402793
15,29,28.852207520692044
15,30,26.224052204078383
15,31,24.051455553433136
15,32,20.378865503161936
15,33,16.922522514313684
15,34,15.757979706197107
15,35,12.080453348578876
15,36,11.765577027075526
15,37,9.336882224862556
15,38,8.090064008867966
15,39,11.20730553634624
15,40,13.643191512802765
15,41,14.542289822380878
15,42,14.720038626699381
15,43,14.467849048397152
15,44,16.937947607240915
15,45,16.050117753000865
15,46,18.615276382242968
15,47,18.877749393954304
15,48,21.013836608701663
15,49,18.345423565964452
15,50,16.84231134113575
15,51,13.077698674767902
15,52,13.329973394782073
15,53,15.024407045774117
15,54,12.593615513515482
15,55,9.611589955125256
15,56,12.244557651845813
15,57,13.400751008013968
15,58,10.194594870402856
15,59,9.779414771629975
15,60,13.477731384404146
15,61,13.654270399862957
16,1,18.111368880963393
16,2,21.205087748926356
16,3,21.62713698808992
16,4,20.089050201653706
16,5,22.312700007515193
16,6,20.246159247612066
16,7,17.379264890125697
16,8,14.522475930068111
16,9,15.957901989473461
16,10,13.072970504331849
16,11,10.871216048009453
16,12,7.054757125359495
16,13,5.6720731751092694
16,14,5.2460991207048195
16,15,3.825899879202198
16,17,3.790905794193514
16,18,6.638961334589461
16,19,9.541633714759774
16,20,11.687055687760239
16,21,15.280590049771202
16,22,17.91152340002183
16,23,20.531417291112476
16,24,23.979110411207717
16,25,26.609448071342655
16,26,28.856923075077898
16,27,29.34600390594225
16,28,26.370378003910005
16,29,26.44035164850226
16,30,24.140896946546608
16,31,22.327038777809154
16,32,18.555955995721384
16,33,15.256844185240126
16,34,13.427726502835915
16,35,9.720578086043485
16,36,9.0075105095083
16,37,5.94220220651765
16,38,5.109246812983642
16,39,7.747044186166193
16,40,10.240627728852726
16,41,10.852318175684372
16,42,11.332210397573514
16,43,11.338097861050366
16,44,14.277655549661858
16,45,14.099763841289565
16,46,17.185982502830488
16,47,17.998579199968713
16,48,20.4542895103631
16,49,17.90890483550594
16,50,17.201367619988947
16,51,13.480534098875124
16,52,13.06270228163584
16,53,15.465265468809521
16,54,13.872378748000683
16,55,10.40169466254877
16,56,12.621011778120934
16,57,14.709613768856855
16,58,12.176324018512055
16,59,10.893886638646311
16,60,14.659931245023907
16,61,15.715996472683385
17,1,15.948634358849741
17,2,18.751090997947156
17,3,19.18971849481616
17,4,17.95717999842458
17,5,20.612346830720313
17,6,18.998495215503915
17,7,16.099333911026385
17,8,13.902108227798331
17,9,15.841721770956491
17,10,13.615900601952195
17,11,11.24778939648365
17,12,7.830924303890056
17,13,7.14472036361387
17,14,4.999970947505928
17,15,5.6221388513282164
17,16,3.790905794193514
17,18,3.799514851646326
17,19,5.867772609348478
17,20,7.966423985661614
17,21,11.637563716227161
17,22,14.399019041804662
17,23,17.23834203899246
17,24,20.719488864273064
17,25,23.57746236534729
17,26,25.707072405464732
17,27,26.337930592524543
17,28,23.57051244344359
17,29,23.941463169161903
17,30,21.57677712425903
17,31,19.429225755384145
17,32,15.74047392267358
17,33,12.206049341938833
17,34,10.476827831858975
17,35,6.695844621950759
17,36,6.230229832798807
17,37,4.6633416607627325
17,38,5.395817108417504
17,39,8.589163015064335
17,40,9.66116966631537
17,41,10.092656336702223
17,42,9.598951182386648
17,43,9.80971272430553
17,44,12.316129541606056
17,45,12.11041069843091
17,46,15.15489148455785
17,47,15.442520920386963
17,48,18.29507693656122
17,49,16.293929150817167
17,50,15.764324335410556
17,51,12.358390655035093
17,52,11.012423797467198
17,53,13.076667180821639
17,54,11.988862493781328
17,55,8.220144607643421
17,56,9.539564029273404
17,57,11.907540304995718
17,58,9.980113457911417
17,59,7.938719921015303
17,60,11.55367310393141
17,61,13.266101361950792
18,1,15.591033422405397
18,2,18.400971562834116
18,3,19.45664005001932
18,4,18.954406234211845
18,5,22.033310229743407
18,6,21.001336291408947
18,7,18.421604068489184
18,8,16.713039113737327
18,9,19.070736353921493
18,10,17.160547385771714
18,11,14.918877889754842
18,12,11.603339027228346
18,13,10.77532075928323
18,14,8.035203043710183
18,15,7.95204463178342
18,16,6.638961334589461
18,17,3.799514851646326
18,19,3.8233433492284483
18,20,7.279444006933724
18,21,10.708059906688511
18,22,14.094883829606635
18,23,17.075815150317403
18,24,20.70794592775869
18,25,23.928966649048707
18,26,25.594046566919957
18,27,26.053115852635898
18,28,23.69573155631704
18,29,24.672243933588422
18,30,22.567733729510852
18,31,20.200962500669853
18,32,16.73063244762722
18,33,13.090288816466243
18,34,11.024680537409749
18,35,7.517499951124719
18,36,5.597573442099999
18,37,5.433642421511572
18,38,5.2974845859903725
18,39,8.770016728140648
18,40,8.822644627348124
18,41,10.302681005982237
18,42,10.104364270570343
18,43,11.487330809172462
18,44,13.954024487450301
18,45,14.272458447372115
18,46,17.322604924039172
18,47,17.13653406880637
18,48,20.357767086219006
18,49,18.901872430770847
18,50,18.430944532507084
18,51,15.316391385285948
18,52,13.445803247442683
18,53,14.885467695004598
18,54,13.99470446709704
18,55,10.308728833408125
18,56,10.41786913065685
18,57,12.350524700110919
18,58,10.688146186503355
18,59,7.573640324424531
18,60,10.520532896810051
18,61,12.376207501662702
19,1,14.141509228569666
19,2,16.35209336673585
19,3,17.201299002899535
19,4,16.94451909662783
19,5,20.293018961067133
19,6,19.689705936321182
19,7,17.158463717518156
19,8,16.17964928643293
19,9,18.74678562411797
19,10,17.486773486574513
19,11,15.281253365277122
19,12,12.618524818352299
19,13,12.407147565500887
19,14,9.428451387926092
19,15,10.666319697775211
19,16,9.541633714759774
19,17,5.867772609348478
19,18,3.8233433492284483
19,20,3.8173201892904607
19,21,7.135388317849234
19,22,10.559241261337784
19,23,13.755707859145609
19,24,17.298094739570466
19,25,20.67312412796871
19,26,22.266205909993708
19,27,22.963660242663497
19,28,20.823667825683906
19,29,22.00773922178779
19,30,19.819132413944942
19,31,17.147598017614392
19,32,13.930775661428678
19,33,10.267673214401567
19,34,8.656210606334911
19,35,5.918404183355665
19,36,5.137801141486594
19,37,7.191248549171245
19,38,8.599304133020846
19,39,11.500549801727086
19,40,10.539366383854327
19,41,11.187055766275655
19,42,9.756966164787064
19,43,10.902894565003182
19,44,12.46079568326188
19,45,12.623954285090583
19,46,15.314970460624863
19,47,14.57944700116794
19,48,18.03511326830656
19,49,17.214239503051818
19,50,17.014050402353178
19,51,14.481729791390787
19,52,11.876208946060459
19,53,12.835887886591406
19,54,12.727168754913755
19,55,9.314869278296229
19,56,8.104592593368888
19,57,10.323711567030985
19,58,9.855173784894948
19,59,6.315555185019246
19,60,8.43226418812402
19,61,11.269837858311629
20,1,12.303128613842036
20,2,13.85769001777753
20,3,14.167731742500374
20,4,13.846829201389037
20,5,17.27453610462915
20,6,16.949814749175914
20,7,14.510025257624521
20,8,14.241141189509861
20,9,16.96247533191262
20,10,16.43097554933003
20,11,14.564451035966037
20,12,12.711993564628372
20,13,13.413458732526841
20,14,10.895381721945553
20,15,13.073742356786978
20,16,11.687055687760239
20,17,7.966423985661614
20,18,7.279444006933724
20,19,3.8173201892904607
20,21,3.7901298545709357
20,22,6.8491561817744095
20,23,10.08356245294622
20,24,13.565510867393446
20,25,16.890616530020115
20,26,18.628733664307568
20,27,19.53882044058893
20,28,17.336258713914237
20,29,18.433494551367733
20,30,16.128679618246366
20,31,13.35158516429014
20,32,10.240850790443252
20,33,6.640878298557597
20,34,5.573404245938213
20,35,4.287386529955283
20,36,5.65016508031396
20,37,8.648990466222061
20,38,11.230743840377121
20,39,13.491891172849632
20,40,12.084038676497375
20,41,11.562553938211162
20,42,8.952791466469419
20,43,9.371910230163724
20,44,9.845045709293219
20,45,9.875443423477858
20,46,12.248675679133795
20,47,11.327323554154145
20,48,14.985427193520822
20,49,14.710451368645113
20,50,15.107882676720271
20,51,13.218044570799645
20,52,9.934942449854635
20,53,10.898360290642978
20,54,11.90525553694225
20,55,8.941168359813174
20,56,6.873189984471254
20,57,9.887461552782547
20,58,10.668137403792672
20,59,7.722731697828694
20,60,9.14736845053003
20,61,12.651918948601493
21,1,10.972996447979899
21,2,11.595574180048771
21,3,11.880412945747247
21,4,12.277466571987514
21,5,15.943863071200143
21,6,16.42195766347193
21,7,14.564134227763894
21,8,15.245165609567414
21,9,18.22136267501867
21,10,18.429262760411035
21,11,17.036353991078474
21,12,15.707893168688324
21,13,16.8740362804946
21,14,14.558649446396178
21,15,16.85005132571305
21,16,15.280590049771202
21,17,11.637563716227161
21,18,10.708059906688511
21,19,7.135388317849234
21,20,3.7901298545709357
21,22,3.7872827147724406
21,23,6.828260095554602
21,24,10.330033460937416
21,25,13.878637318395748
21,26,15.208072723844053
21,27,16.100112566654897
21,28,14.27191422222448
21,29,15.86619608926964
21,30,13.867227046802313
21,31,10.999936327786049
21,32,8.59287335577615
21,33,5.872664020371248
21,34,5.309083552930053
21,35,6.510950687180181
21,36,7.921301366577889
21,37,11.486377403946046
21,38,14.340648661630217
21,39,16.064580782487656
21,40,13.946514964418236
21,41,13.006995012485582
21,42,9.945328318980545
21,43,10.477758152649226
21,44,9.933155233188922
21,45,10.427821044418195
21,46,12.270171451984531
21,47,11.056011835015427
21,48,14.857753362678219
21,49,15.492975244869642
21,50,16.50908807038505
21,51,15.374985810142187
21,52,11.698768316260137
21,53,12.291589922605748
21,54,14.185591995130961
21,55,11.8407346162665
21,56,9.088697378356308
21,57,11.90024188803895
21,58,13.571154831041705
21,59,10.798184693588958
21,60,11.17242956892901
21,61,14.958325996793473
22,1,11.839491926855754
22,2,11.359552872032255
22,3,10.59139211059937
22,4,10.803968899557525
22,5,14.260097130285065
22,6,15.068323221331523
22,7,13.408092090909546
22,8,14.913827606711491
22,9,17.66938752836997
22,10,18.569323096939684
22,11,17.471242295985196
22,12,16.95901883572552
22,13,18.567659936463844
22,14,16.605809705135357
22,15,19.394377314235125
22,16,17.91152340002183
22,17,14.399019041804662
22,18,14.094883829606635
22,19,10.559241261337784
22,20,6.8491561817744095
22,21,3.7872827147724406
22,23,3.7888894440099365
22,24,6.820822942895383
22,25,10.336049282959644
22,26,12.019498520624861
22,27,13.505312344785555
22,28,11.681482401930152
22,29,13.047275757471605
22,30,10.758255678686403
22,31,7.540866235855921
22,32,5.913312786919116
22,33,4.5812009631874115
22,34,6.076652923454059
22,35,8.681201936105566
22,36,11.017332800681634
22,37,14.36710126064275
22,38,17.54594579927417
22,39,19.072531175821187
22,40,17.0256386117603
22,41,15.454189341339017
22,42,11.935232619662173
22,43,11.541672204289702
22,44,9.688610345976302
22,45,9.673356105805999
22,46,10.448677159596377
22,47,8.814218666217473
22,48,12.461750313675122
22,49,13.910022265536158
22,50,15.450203688709603
22,51,15.188903369539686
22,52,11.373156085681579
22,53,11.640991502498085
22,54,14.398910401933849
22,55,12.861735509568648
22,56,9.939067809297237
22,57,12.715064442010556
22,58,15.118434910552127
22,59,13.06317088540792
22,60,13.044655810731978
22,61,16.845941295870777
23,1,10.752579983424738
23,2,9.145174292810701
23,3,7.787599203463312
23,4,8.594169022242284
23,5,11.91742682712935
23,6,13.556442403415351
23,7,12.802131947223527
23,8,15.108814640612524
23,9,18.014482799004707
23,10,19.57804304570787
23,11,19.169709097694668
23,12,19.04852332407767
23,13,21.17603204550416
23,14,19.651050193153857
23,15,22.40937810967516
23,16,20.531417291112476
23,17,17.23834203899246
23,18,17.075815150317403
23,19,13.755707859145609
23,20,10.08356245294622
23,21,6.828260095554602
23,22,3.7888894440099365
23,24,3.8155071287799136
23,25,7.180842338005967
23,26,8.562217494036762
23,27,9.8079407716756
23,28,7.91374390485598
23,29,9.589628490964982
23,30,7.908203717642707
23,31,5.352361451649525
23,32,5.185251843400971
23,33,6.23874925224755
23,34,7.388289352778292
23,35,10.88057118551908
23,36,13.11628755056298
23,37,16.442630443428865
23,38,19.883164545545288
23,39,20.807682995812215
23,40,18.452497436560094
23,41,16.360503646408276
23,42,12.740622621169999
23,43,12.246907283652801
23,44,9.731600922485939
23,45,10.423076375937683
23,46,10.83370528634255
23,47,9.893719471355709
23,48,13.162165886761395
23,49,15.087804054957381
23,50,17.353053411115294
23,51,17.491829842429112
23,52,13.733489889048503
23,53,14.351282644600275
23,54,17.46086537950792
23,55,16.06613288821415
23,56,13.437629365388869
23,57,16.31926875300568
23,58,18.758247472352917
23,59,16.771002512801534
23,60,16.828511963583356
23,61,20.629208812564663
24,1,13.725325076712751
24,2,11.34027376951142
24,3,9.277034200568187
24,4,10.037102197820271
24,5,12.567021116488183
24,6,14.614749258141872
24,7,14.270135644536
24,8,17.13907878661499
24,9,19.65262532218706
24,10,21.694701135744108
24,11,21.46245591458182
24,12,21.861127646785427
24,13,24.103897161199846
24,14,22.69598826090598
24,15,25.692587264930758
24,16,23.979110411207717
24,17,20.719488864273064
24,18,20.70794592775869
24,19,17.298094739570466
24,20,13.565510867393446
24,21,10.330033460937416
24,22,6.820822942895383
24,23,3.8155071287799136
24,25,3.8009778400290273
24,26,5.427440017440652
24,27,7.8756353119119895
24,28,6.683882511853365
24,29,8.16970830873662
24,30,6.611985701950062
24,31,4.297268558188474
24,32,6.677850490035956
24,33,8.99561154947229
24,34,10.899729018051847
24,35,14.439021766528345
24,36,16.88833249278026
24,37,20.128905449618372
24,38,23.61298706025622
24,39,24.527249841303394
24,40,22.206345647707018
24,41,19.95651737570968
24,42,16.29299636390828
24,43,15.427334151248829
24,44,12.401167424177997
24,45,12.613787636724107
24,46,11.932102550126684
24,47,10.679048817426956
24,48,13.151061986115291
24,49,15.853986723632074
24,50,18.36464266999385
24,51,19.249796950615526
24,52,15.672079758606658
24,53,15.825271922128895
24,54,19.305276121024722
24,55,18.549231401201506
24,56,15.83473102337645
24,57,18.368713800602773
24,58,21.226646546795433
24,59,19.64247881633618
24,60,19.304510188777854
24,61,23.018746069859304
25,1,15.623327601903213
25,2,12.795575438446788
25,3,9.984138253595944
25,4,10.34484777110932
25,5,11.791607053975412
25,6,14.151233507028735
25,7,14.4425211805737
25,8,17.805091852015277
25,9,19.973914004710192
25,10,22.55130338336239
25,11,22.79333722391483
25,12,23.718896553524985
25,13,26.291290520651454
25,14,25.29150435990014
25,15,28.415731499705945
25,16,26.609448071342655
25,17,23.57746236534729
25,18,23.928966649048707
25,19,20.67312412796871
25,20,16.890616530020115
25,21,13.878637318395748
25,22,10.336049282959644
25,23,7.180842338005967
25,24,3.8009778400290273
25,26,3.8292599761937045
25,27,6.860810228142436
25,28,5.697484422990712
25,29,5.957028458318171
25,30,4.9334441853325455
25,31,4.6745438870326845
25,32,8.263490299682452
25,33,11.493557641195197
25,34,13.528969259218226
25,35,17.200707270521043
25,36,19.855464514420426
25,37,22.84876195615556
25,38,26.48264743986217
25,39,27.12828374632876
25,40,24.90899140167351
25,41,22.281775294780218
25,42,18.60326975661184
25,43,17.29776745705014
25,44,13.869402269915074
25,45,13.981756411148925
25,46,12.624660289448192
25,47,11.89091159887012
25,48,13.469935218394557
25,49,16.481813071438758
25,50,19.430414437159428
25,51,20.799024379461557
25,52,17.517633535320854
25,53,17.812398463187463
25,54,21.491924621496953
25,55,21.06456277580604
25,56,18.674388465392667
25,57,21.240846332234344
25,58,24.138167469239004
25,59,22.866530752468545
25,60,22.661520426498782
25,61,26.29803201139523
26,1,15.918484702495634
26,2,12.584891883563664
26,3,10.506294406744027
26,4,12.074078249752615
26,5,13.639721275596418
26,6,16.59393030686566
26,7,17.363671384944595
26,8,20.70565665253796
26,9,23.184574584762682
26,10,25.70512209686396
26,11,26.002833149922825
26,12,26.61018625040656
26,13,29.12182624277791
26,14,27.917778280153293
26,15,30.82588715640726
26,16,28.856923075077898
26,17,25.707072405464732
26,18,25.594046566919957
26,19,22.266205909993708
26,20,18.628733664307568
26,21,15.208072723844053
26,22,12.019498520624861
26,23,8.562217494036762
26,24,5.427440017440652
26,25,3.8292599761937045
26,27,3.8325971471480287
26,28,5.054538480597558
26,29,7.13039699052341
26,30,7.934201552179961
26,31,8.095206516249052
26,32,11.225796663050359
26,33,14.077811382732436
26,34,15.479586013563722
26,35,19.197409382179263
26,36,21.338230712201646
26,37,24.584747122551956
26,38,28.12752731515886
26,39,28.58764304069946
26,40,25.96337138363625
26,41,23.515067945637
26,42,20.048570121121784
26,43,19.3675936052985
26,44,16.262375261111096
26,45,16.997194096899623
26,46,16.125097621343322
26,47,15.39968261391179
26,48,17.226684447244644
26,49,20.183973522890273
26,50,23.044905464239665
26,51,24.211123839002237
26,52,20.765048098236434
26,53,21.013272387007063
26,54,24.59354824696225
26,55,23.912920549467735
26,56,21.26129104865023
26,57,23.74206101021153
26,58,26.64989712956144
26,59,24.99744103092575
26,60,24.553080864476808
26,61,28.274575514842414
27,1,14.337800713962503
27,2,10.647840832772417
27,3,9.152251701061195
27,4,11.609651622481108
27,5,13.070060527906296
27,6,16.507546693028328
27,7,17.904295912896824
27,8,21.19293174616075
27,9,24.004546192881527
27,10,26.522859720601787
27,11,27.150755229188544
27,12,27.50504830118144
27,13,30.165302768063935
27,14,29.08395888889765
27,15,31.687640696259855
27,16,29.34600390594225
27,17,26.337930592524543
27,18,26.053115852635898
27,19,22.963660242663497
27,20,19.53882044058893
27,21,16.100112566654897
27,22,13.505312344785555
27,23,9.8079407716756
27,24,7.8756353119119895
27,25,6.860810228142436
27,26,3.8325971471480287
27,28,3.8365372037793106
27,29,7.0641530031125255
27,30,9.32201006825088
27,31,10.313864747456844
27,32,12.770404308634987
27,33,15.453257159070581
27,34,15.974978493124214
27,35,19.695862315403822
27,36,21.346917134272914
27,37,24.553713229773724
27,38,28.062151810668674
27,39,28.057694139728305
27,40,25.16753027812722
27,41,22.672243172704523
27,42,19.525088911710057
27,43,19.30182015804451
27,44,16.551081801827912
27,45,18.084987794652946
27,46,17.85726569858196
27,47,17.736528527313286
27,48,19.857719299750777
27,49,22.43340534878916
27,50,25.44075165127159
27,51,26.204315857734574
27,52,22.687011472292838
27,53,23.409204492921404
27,54,26.833711203110752
27,55,25.689700302019126
27,56,23.18377290865983
27,57,25.9398000999773
27,58,28.544869171492877
27,59,26.52572506979943
27,60,26.357545314904268
27,61,30.165383351107955
28,1,11.925953580833568
28,2,8.465955161334227
28,3,5.941184744842684
28,4,7.858495251595408
28,5,9.331917826090427
28,6,12.691090420302265
28,7,14.108321585405541
28,8,17.424557684770267
28,9,20.236893465104313
28,10,22.809058483473716
28,11,23.62244776005625
28,12,24.108589071811267
28,13,26.958234080777764
28,14,26.18294082982403
28,15,28.815366640402793
28,16,26.370378003910005
28,17,23.57051244344359
28,18,23.69573155631704
28,19,20.823667825683906
28,20,17.336258713914237
28,21,14.27191422222448
28,22,11.681482401930152
28,23,7.91374390485598
28,24,6.683882511853365
28,25,5.697484422990712
28,26,5.054538480597558
28,27,3.8365372037793106
28,29,3.9056114644644526
28,30,6.146104704937443
28,31,7.713081468118318
28,32,9.733540398370524
28,33,12.64926755070102
28,34,13.101182811321184
28,35,16.876730113464898
28,36,18.799675672154752
28,37,21.73523254790961
28,38,25.3804942606044
28,39,25.278613697988167
28,40,22.660532073888195
28,41,19.852452368463183
