1,2,3.810321996604442
1,3,6.747663821269253
1,4,10.436072105914166
1,5,13.564051889838373
1,6,17.051253158000204
1,7,19.833383010668122
1,8,23.193487220768436
1,9,26.873062454424986
1,10,30.053201022392717
1,11,32.65010244097832
1,12,36.168532117463684
1,13,38.02391949098327
1,14,41.044470111279665
1,15,43.292567258153674
1,16,42.49151597494063
1,17,40.22975702657482
1,18,40.5623610914624
1,19,37.86027262485251
1,20,37.33039448163415
1,21,34.601273078645896
1,22,33.98956454773704
1,23,32.18877877776546
1,24,31.53319111077025
1,25,34.431011270444
1,26,33.77248390637809
1,27,32.60308339630776
1,28,29.848500088475067
1,29,32.550008333775985
1,30,34.801216046101366
1,31,34.56420480685334
1,32,37.17410900675112
1,33,38.09945371513156
1,34,38.21599371646446
1,35,39.57761320897841
1,36,38.12787643195734
1,37,39.2176473009283
1,38,38.47244983211354
1,39,40.35671622587466
1,40,41.373054690415835
1,41,37.93966516411267
1,42,34.81809211786532
1,43,31.650106696615005
1,44,28.11245924151274
1,45,26.39640263401347
1,46,22.6298087000308
1,47,20.44884928650365
1,48,16.70298986710065
1,49,14.038462086795464
1,50,10.27684261393864
1,51,9.163428357045353
1,52,5.898702468182023
1,53,5.105828212904057
1,54,4.562101344062711
1,55,6.7779659380255515
1,56,8.969219268194461
1,57,11.334138347175303
1,58,10.26666389360655
1,59,9.202815545681366
1,60,12.69511034147259
1,61,14.070826632522582
1,62,13.13612086391863
1,63,14.091954783002217
1,64,17.27719362062342
1,65,17.856021793284107
1,66,17.88144453688376
1,67,20.304068389239376
1,68,22.02103910807611
1,69,22.37889827015546
1,70,23.814107236202258
1,71,26.32519422349254
1,72,23.822277572547108
1,73,24.07002560534767
1,74,25.14859722261143
1,75,23.671631959839
1,76,20.002899690339696
1,77,19.02793330727221
1,78,15.826925326830262
1,79,15.35561834317346
1,80,12.915014761965008
1,81,13.604470924730407
1,82,12.197479715416316
1,83,9.948896166395928
1,84,12.569273776803897
1,85,14.307288912893394
1,86,17.867860926197714
1,87,20.167909330053238
1,88,23.81821741568547
2,1,3.810321996604442
2,3,3.813950705409148
2,4,7.023341546061533
2,5,10.244358078219747
2,6,13.610478036182535
2,7,16.427201560177892
2,8,19.771947668080497
2,9,23.461758489123127
2,10,26.681889721647213
2,11,29.138499198940902
2,12,32.668178690022664
2,13,34.43121374943454
2,14,37.461443378439576
2,15,39.57433429396491
2,16,38.73280958815211
2,17,36.496511396439836
2,18,36.83944213539582
2,19,34.18655894809176
2,20,33.733144814783515
2,21,31.09932536645207
2,22,30.632446057906588
2,23,28.843065556446433
2,24,28.381114553995868
2,25,31.300171539506124
2,26,30.85652524891505
2,27,29.893035157172662
2,28,27.209007444416116
2,29,29.99865311590098
2,30,31.98461483955448
2,31,31.498790402635983
2,32,33.93143142180785
2,33,34.710282434888335
2,34,34.66930327572971
2,35,35.92012136740831
2,36,34.385599522530455
2,37,35.430964203911486
2,38,34.67082149782106
2,39,36.571612239284455
2,40,37.92532183793156
2,41,34.56636263518558
2,42,31.48852465687032
2,43,28.21041514872358
2,44,24.64527491409957
2,45,22.75616275967199
2,46,18.972432333102613
2,47,16.69359145669735
2,48,12.934979111182944
2,49,10.317578388780683
2,50,6.605276934826325
2,51,6.367355834690118
2,52,4.256733416642324
2,53,5.685073056648212
2,54,7.207720384477424
2,55,8.583908287923505
2,56,9.348547734695371
2,57,11.851143143524098
2,58,10.592066817308979
2,59,8.273673307383957
2,60,11.660838229553221
2,61,13.266184614701135
2,62,11.675346032697677
2,63,11.906033199644883
2,64,15.469557451053667
2,65,16.169359192089985
2,66,15.489237385978925
2,67,17.759280082807507
2,68,19.874158081179413
2,69,20.018044611785694
2,70,21.043735395490792
2,71,23.51065575918047
2,72,20.974518403862756
2,73,21.503103181530154
2,74,22.629570618111302
2,75,21.33774813988094
2,76,17.810372290642665
2,77,16.908982266402603
2,78,14.061567532232823
2,79,13.728397502424194
2,80,12.1231993239229
2,81,12.662947727124594
2,82,10.311586769192669
2,83,8.220532779469595
2,84,9.959349532365058
2,85,11.769374054912033
2,86,15.022024861886756
2,87,17.326310220236536
2,88,20.842460873164477
3,1,6.747663821269253
3,2,3.813950705409148
3,4,3.809682819006632
3,5,7.039680264198325
3,6,10.38279435052314
3,7,13.375543976025693
3,8,16.565471911832226
3,9,20.2929199004631
3,10,23.369764323457435
3,11,25.97118340322008
3,12,29.463637353853997
3,13,31.3953014414186
3,14,34.45452877185214
3,15,37.37688262310477
3,16,36.37807118183447
3,17,33.91384549072475
3,18,34.12906821316159
3,19,31.342031370924165
3,20,30.81426184602857
3,21,28.11531043512978
3,22,27.689556048838398
3,23,26.19327219278835
3,24,25.957635749995845
3,25,29.118000650979305
3,26,28.990613066253914
3,27,27.837475628672053
3,28,24.91786654414335
3,29,27.451372145096197
3,30,29.40994744924128
3,31,28.764359714795155
3,32,31.18722601936901
3,33,31.84008631208712
3,34,31.99185593581143
3,35,33.28191183306695
3,36,31.925498960995263
3,37,33.05880608794891
3,38,32.505004683914876
3,39,34.61983376975998
3,40,34.69415916956171
3,41,31.26345848037087
3,42,28.093853512039708
3,43,24.95124498969967
3,44,21.402967361389354
3,45,19.840905848969946
3,46,16.12448562153129
3,47,14.342161904190178
3,48,10.679854342585422
3,49,8.787867773927006
3,50,5.757157779081681
3,51,6.611319274512665
3,52,6.480923564071434
3,53,7.499885111217923
3,54,9.00890306558056
3,55,8.783268972056067
3,56,7.895310691799654
3,57,10.70221711642326
3,58,10.233003503147929
3,59,6.987800886011197
3,60,9.49578057817369
3,61,11.902580456388796
3,62,10.69998526014946
3,63,9.799557612480868
3,64,13.320767940088045
3,65,14.795226064764917
3,66,13.932200598795827
3,67,15.515269888214842
3,68,18.080983979494867
3,69,18.68729643037378
3,70,19.204717360646388
3,71,21.209190041281612
3,72,18.30947516806686
3,73,18.485490569790993
3,74,19.246027116956512
3,75,17.727571105773173
3,76,14.17625332179128
3,77,13.129931015469241
3,78,10.395871541859238
3,79,10.328619357772046
3,80,9.372348347144664
3,81,10.374985604569806
3,82,7.759403693433827
3,83,5.1408698863298055
3,84,6.256568142089895
3,85,7.997604006803721
3,86,11.313449158783923
3,87,13.83305261828786
3,88,17.3400384853757
4,1,10.436072105914166
4,2,7.023341546061533
4,3,3.809682819006632
4,5,3.8077948850187795
4,6,6.706519701650936
4,7,9.918221006422252
4,8,12.960631553915597
4,9,16.725292817263718
4,10,19.779729196204002
4,11,22.250877745712458
4,12,25.73994668285478
4,13,27.614849489341797
4,14,30.6892776739128
4,15,33.720211960627154
4,16,32.63551246008918
4,17,30.12590606619201
4,18,30.32160720647493
4,19,27.549975018175513
4,20,27.10100256518018
4,21,24.503687855172306
4,22,24.288435512543987
4,23,22.936441710377952
4,24,23.03827496259135
4,25,26.281550160880254
4,26,26.516729283693046
4,27,25.550938962772296
4,28,22.68095934200624
4,29,25.180287508973116
4,30,26.797936653646047
4,31,25.80493739457015
4,32,27.99455294451576
4,33,28.416623788640656
4,34,28.44576651217091
4,35,29.60613054417717
4,36,28.2057104559621
4,37,29.304036044512156
4,38,28.795499235202808
4,39,30.991364109459088
4,40,31.007316206116155
4,41,27.633990470400132
4,42,24.491088655284432
4,43,21.26043223046281
4,44,17.685494591090745
4,45,16.03784509110879
4,46,12.321980177806429
4,47,10.695064481505014
4,48,7.123277902989949
4,49,6.127201815557537
4,50,4.699478536981161
4,51,7.229042631187617
4,52,8.818162418677339
4,53,10.59188416021646
4,54,12.628122209081877
4,55,12.132285540449443
4,56,10.414608051585054
4,57,12.874552142101487
4,58,12.472621890284206
4,59,8.754398160476342
4,60,10.254668723998355
4,61,12.752185111868917
4,62,11.202656774832658
4,63,9.155172210412292
4,64,12.67200418807065
4,65,14.4273991139862
4,66,12.757159459447282
4,67,13.73506118952
4,68,16.82540323820999
4,69,17.321607296221924
4,70,17.13613725746501
4,71,18.83902278299221
4,72,15.818889969512934
4,73,16.20232008924086
4,74,16.835608397540625
4,75,15.492494543590082
4,76,12.274594431568513
4,77,11.297542380901684
4,78,9.389322928989976
4,79,9.603413271118114
4,80,10.091283509742203
4,81,10.856337887090323
4,82,7.532257644825816
4,83,5.866222103332621
4,84,4.441257230560629
4,85,5.995178937650406
4,86,8.45575118376958
4,87,11.050974871754052
4,88,14.263984901455268
5,1,13.564051889838373
5,2,10.244358078219747
5,3,7.039680264198325
5,4,3.8077948850187795
5,6,3.8044311466715226
5,7,6.342019933322256
5,8,9.650430208610494
5,9,13.311446767106897
5,10,16.538253107042607
5,11,19.240567937939574
5,12,22.852505466544986
5,13,25.006281921610196
5,14,28.292807065416284
5,15,32.07481173224939
5,16,30.620426434582964
5,17,27.898023280427967
5,18,27.70896599225634
5,19,24.7094222727683
5,20,23.92334555550788
5,21,21.113881415238787
5,22,20.661566017909095
5,23,19.296698856290742
5,24,19.369178529104076
5,25,22.705187228990653
5,26,23.06918688194822
5,27,22.003306531261586
5,28,19.068049036696802
5,29,21.481723295765022
5,30,23.03449713214969
5,31,22.025506348710124
5,32,24.28099997499617
5,33,24.8169137137835
5,34,25.039125556522617
5,35,26.44062113662939
5,36,25.339600068052192
5,37,26.776037734461845
5,38,26.67796747904121
5,39,29.210489503604688
5,40,28.546991827426556
5,41,25.273249587416053
5,42,21.939183294175365
5,43,18.7835189572217
5,44,15.061406832124726
5,45,13.42319108493791
5,46,9.79517441062479
5,47,8.385446993695558
5,48,5.5850068970784434
5,49,5.435319908105818
5,50,6.036287420264131
5,51,8.176907433529802
5,52,10.883321592665263
5,53,12.524245409071646
5,54,14.938433414635163
5,55,14.063856702519924
5,56,11.713833692401009
5,57,13.359624814864445
5,58,12.950951870997056
5,59,9.205177358785432
5,60,9.521914277819304
5,61,11.767143611348157
5,62,10.206058545935637
5,63,7.181826903303625
5,64,10.267653048590148
5,65,12.30357171795292
5,66,10.220323626144971
5,67,10.470945530041385
5,68,13.876653963258073
5,69,14.560706595058589
5,70,13.88089174678544
5,71,15.239989052431763
5,72,12.104164396690338
5,73,12.556627513758947
5,74,13.33247236938829
5,75,12.442112021622577
5,76,9.667158702576454
5,77,9.595764273817448
5,78,8.974692143222365
5,79,10.390560740736285
5,80,11.879085307325878
5,81,13.219109425573409
5,82,10.142962288047276
5,83,8.402322601790669
5,84,5.5350652316090985
5,85,4.611382128891055
5,86,5.7614517631893705
5,87,7.574382812454118
5,88,10.77339104558474
6,1,17.051253158000204
6,2,13.610478036182535
6,3,10.38279435052314
6,4,6.706519701650936
6,5,3.8044311466715226
6,7,3.8050170999798305
6,8,6.274243732822483
6,9,10.063804758715612
6,10,13.095438044041133
6,11,15.606108427246761
6,12,19.16093140115383
6,13,21.24221857812475
6,14,24.498733426574947
6,15,28.580366466053768
6,16,27.062261249763292
6,17,24.243628369126995
6,18,24.078261280494885
6,19,21.103855409224163
6,20,20.498905882482624
6,21,17.880340883055684
6,22,17.865488036740512
6,23,16.92884014427549
6,24,17.663255722346687
6,25,21.120434837821843
6,26,22.08642324694894
6,27,21.252747638716553
6,28,18.419480846058406
6,29,20.57977801761687
6,30,21.61795112944047
6,31,20.054070139842285
6,32,21.902658347240394
6,33,21.987536929139136
6,34,22.06938868162091
6,35,23.217230827357653
6,36,22.059447175199487
6,37,23.37821592351874
6,38,23.327532150147675
6,39,25.94596992676797
6,40,24.766897008835382
6,41,21.51563275894141
6,42,18.23400480047435
6,43,15.004360819669621
6,44,11.28494126020972
6,45,9.729054923507313
6,46,6.210295448300301
6,47,5.862107697702601
6,48,4.49366687734862
6,49,6.769962779641823
6,50,8.879058490682127
6,51,11.553175746989519
6,52,14.454827266270977
6,53,16.307536246292784
6,54,18.675668019398245
6,55,17.649635813396458
6,56,15.031267973374904
6,57,16.68608388881316
6,58,16.550210578530418
6,59,12.85789717637986
6,60,12.587999005099903
6,61,14.834380708241284
6,62,13.379771288377672
6,63,9.966940752151396
6,64,12.335161667404117
6,65,14.544636182509104
6,66,11.979547725749804
6,67,11.240048800789795
6,68,14.980179956944779
6,69,15.595845609451318
6,70,13.976063723357491
6,71,14.624817398332846
6,72,11.394918679030116
6,73,11.904793745914192
6,74,12.128924699009751
6,75,11.352755012619635
6,76,9.42322633412654
6,77,9.230830770750721
6,78,9.774398643023206
6,79,11.034514890013353
6,80,13.480414014051744
6,81,14.378379159306503
6,82,11.303944917697851
6,83,10.614263815653196
6,84,6.9948747808439915
6,85,6.01790803715227
6,86,4.602617601557827
6,87,6.275707421540415
6,88,8.402269825879419
7,1,19.833383010668122
7,2,16.427201560177892
7,3,13.375543976025693
7,4,9.918221006422252
7,5,6.342019933322256
7,6,3.8050170999798305
7,8,3.79262241792634
7,9,7.122458179333943
7,10,10.63572906635987
7,11,13.383564588034933
7,12,17.127327005990427
7,13,19.513237714131975
7,14,23.04184784352041
7,15,27.696857509308384
7,16,25.737477622561645
7,17,22.769115996184635
7,18,22.076045845981632
7,19,18.84684159416164
7,20,17.73048687680144
7,21,14.800891812745855
7,22,14.3709114266056
7,23,13.222239698483682
7,24,13.872105650270358
7,25,17.372258808208368
7,26,18.460033956711897
7,27,17.638936354836318
7,28,14.892452904862933
7,29,17.042197654487833
7,30,17.881837954394356
7,31,16.28688190415122
7,32,18.20074035895335
7,33,18.51323557574384
7,34,18.765315119417647
7,35,20.275612960041773
7,36,19.49452121457796
7,37,21.299191661376305
7,38,21.774501017919714
7,39,24.74836840130178
7,40,23.36557517258838
7,41,20.39185039468326
7,42,16.961405309708567
7,43,13.865551558092006
7,44,10.069967264028852
7,45,8.310088417405527
7,46,5.4454574717604896
7,47,5.378321066638481
7,48,6.129055777729179
7,49,8.242098750365866
7,50,11.024037545546589
7,51,13.089283641023652
7,52,16.46412658594646
7,53,18.27067777886553
7,54,20.94696787536205
7,55,19.9069745797608
7,56,17.182366401983785
7,57,18.125496842404566
7,58,17.754503448477912
7,59,14.351419190991137
7,60,13.496282805366231
7,61,15.068025991101631
7,62,13.549088614898338
7,63,9.996493987258248
7,64,11.460424343984712
7,65,13.436074638209922
7,66,10.54357935139563
7,67,8.954917460712878
7,68,12.707956074400919
7,69,13.263740528360843
7,70,10.991392504250623
7,71,11.15496573376561
7,72,8.059195091799188
7,73,9.094026355214469
7,74,9.794846036338885
7,75,10.160503432660889
7,76,9.373316153281483
7,77,10.490008960217079
7,78,12.060431433963307
7,79,14.045728475933002
7,80,16.660674074253855
7,81,17.92617137975441
7,82,15.021967375151643
7,83,14.020036660352966
7,84,10.428216583589887
7,85,8.39329681873683
7,86,5.9305280477364315
7,87,5.008799371954018
7,88,6.17018407064246
8,1,23.193487220768436
8,2,19.771947668080497
8,3,16.565471911832226
8,4,12.960631553915597
8,5,9.650430208610494
8,6,6.274243732822483
8,7,3.79262241792634
8,9,3.8042681553688826
8,10,6.97271099481978
8,11,9.708454321501874
8,12,13.404763978445382
8,13,15.90460918161211
8,14,19.443318447863643
8,15,24.940439800541363
8,16,22.82630546354828
8,17,19.636750380519278
8,18,18.827271981524753
8,19,15.514200248278721
8,20,14.487048698592396
8,21,11.710600020212244
8,22,11.863869820096447
8,23,11.595867788886432
8,24,13.203038222277169
8,25,16.775801963878067
8,26,18.607678116061784
8,27,17.940167687221365
8,28,15.359062726499548
8,29,16.912402809304382
8,30,17.15082272639542
8,31,14.900830034485738
8,32,16.26697548036267
8,33,15.954680193886261
8,34,16.212375762063626
8,35,17.46990340661357
8,36,16.817469440005404
8,37,18.567676729088223
8,38,19.27763946852966
8,39,22.42009713497532
8,40,19.62182361502693
8,41,16.671107811531858
8,42,13.213820083338055
8,43,10.208348707431279
8,44,6.478557992101523
8,45,5.396842892742005
8,46,4.183161598061693
8,47,6.481960061239571
8,48,8.594618222906986
8,49,11.507774257447636
8,50,14.487867437220565
8,51,16.81174265803643
8,52,20.1261658511159
8,53,21.921936862611574
8,54,24.439868798660267
8,55,23.17336184748129
8,56,20.215936772668925
8,57,21.247407826198877
8,58,21.223164612225588
8,59,17.841668437253286
8,60,16.642727873791866
8,61,18.375298160295664
8,62,17.156590242256275
8,63,13.513888561919641
8,64,14.461820362627801
8,65,16.619908827954706
8,66,13.807994839260338
8,67,11.576570784247002
8,68,15.172495244131907
8,69,15.839623137756364
8,70,12.941386155575406
8,71,12.102659973180506
8,72,9.233658875206622
8,73,9.84407848383282
8,74,9.535295052872874
8,75,9.973810009776408
8,76,10.316452412669545
8,77,11.210617730067915
8,78,13.544856925613912
8,79,15.331528757101935
8,80,18.472622718935195
8,81,19.482243201208966
8,82,16.818416273126886
8,83,16.407560918272463
8,84,12.627638105189694
8,85,10.752720879893316
8,86,7.360135394930246
8,87,6.1795687437822915
8,88,4.874858589350119
9,1,26.873062454424986
9,2,23.461758489123127
9,3,20.2929199004631
9,4,16.725292817263718
9,5,13.311446767106897
9,6,10.063804758715612
9,7,7.122458179333943
9,8,3.8042681553688826
9,10,3.809345635634069
9,11,6.728375284733698
9,12,10.468226668672266
9,13,13.327923484269515
9,14,17.051197742588233
9,15,23.47074936936846
9,16,20.926062576436763
9,17,17.541072870527564
9,18,16.143835190215476
9,19,12.572433619338462
9,20,11.029175959896133
9,21,8.014935420667545
9,22,8.236922910903186
9,23,8.650510463697692
9,24,10.980745195503799
9,25,14.457429547680315
9,26,16.88127266068247
9,27,16.378499666384133
9,28,14.157914548659626
9,29,15.187431676754851
9,30,14.751886692314317
9,31,11.993356834025361
9,32,12.892610283360394
9,33,12.269621795531902
9,34,12.721635595878245
9,35,14.1551545396643
9,36,14.035491987417455
9,37,16.195644593611043
9,38,17.552046893667075
9,39,21.01224699170061
9,40,17.18693501889073
9,41,14.641610112627493
9,42,11.19916972931515
9,43,8.703973770046893
9,44,5.731335815547774
9,45,5.45366122909264
9,46,6.623647311407662
9,47,9.129685014331438
9,48,11.958797922656952
9,49,14.80266568143419
9,50,17.978430784297245
9,51,20.107927228421193
9,52,23.56437180889787
9,53,25.331894958482263
9,54,27.931708329327773
9,55,26.601298419353903
9,56,23.5550364904262
9,57,24.27289669116569
9,58,24.244759459926314
9,59,21.05805908149649
9,60,19.53797821235439
9,61,20.943451154781364
9,62,19.829573430333483
9,63,16.264629848722926
9,64,16.551112589092384
9,65,18.511189695209787
9,66,15.735156711126168
9,67,12.982289891384251
9,68,16.143786233143725
9,69,16.76077452081104
9,70,13.345114881872155
9,71,11.594809583707505
9,72,9.471661277974716
9,73,10.14143558430947
9,74,9.638809578739076
9,75,10.960851960925305
9,76,12.472901881639668
9,77,13.832722446405763
9,78,16.67128373273349
9,79,18.632738186183445
9,80,21.925870952471783
9,81,23.002903418828932
9,82,20.48946159854699
9,83,20.10952355077435
9,84,16.32753346195131
9,85,14.222191361585226
9,86,10.647313197075157
9,87,8.641100218006695
9,88,5.798263627861526
10,1,30.053201022392717
10,2,26.681889721647213
10,3,23.369764323457435
10,4,19.779729196204002
10,5,16.538253107042607
10,6,13.095438044041133
10,7,10.63572906635987
10,8,6.97271099481978
10,9,3.809345635634069
10,11,3.8127779170893947
10,12,7.129660544793055
10,13,10.422273142708372
10,14,14.066897209682812
10,15,21.910997323980578
10,16,19.227205588030177
10,17,15.584899339214735
10,18,13.971794545253918
10,19,10.343902331674698
10,20,8.889042772160039
10,21,6.379725442976847
10,22,7.696142664109305
10,23,9.69387481803862
10,24,12.722272712464422
10,25,15.904493966676641
10,26,18.845734010557713
10,27,18.379351875605522
10,28,16.37025287947072
10,29,16.64421662441087
10,30,15.728308150166153
10,31,12.539160552876753
10,32,12.652656975603358
10,33,11.114942323238177
10,34,11.768583565669399
10,35,12.770422870090565
10,36,13.045155144689367
10,37,15.022958927379719
10,38,16.706254322492534
10,39,20.221521685289577
10,40,13.747063336572234
10,41,11.275910928588782
10,42,7.794114442067297
10,43,6.172115131527847
10,44,4.8209629691091545
10,45,6.6167302403586445
10,46,9.158045043922723
10,47,12.290650274178777
10,48,15.188093846609728
10,49,18.302223448583387
10,50,21.434215702110592
10,51,23.715156114043655
10,52,27.076680380041307
10,53,28.758649118854994
10,54,31.174257510980816
10,55,29.61951628543923
10,56,26.398057422731984
10,57,27.209671449623094
10,58,27.505490122712416
10,59,24.330189423142393
10,60,22.589425685341187
10,61,24.19516482470954
10,62,23.364070586897597
10,63,19.723703355091516
10,64,19.796494389672294
10,65,21.966100346121998
10,66,19.378781162727627
10,67,16.414679067910683
10,68,19.418510514550544
10,69,20.233151543906207
10,70,16.714349083436254
10,71,14.475422850329528
10,72,12.598270549559892
10,73,12.646999664980017
10,74,11.265381884547265
10,75,12.284397430238997
10,76,14.407022950765546
10,77,15.432706847616618
10,78,18.588878974993186
10,79,20.338398282445727
10,80,23.887747754129
10,81,24.798513255063074
10,82,22.59786455160678
10,83,22.58289997555545
10,84,18.805408811736115
10,85,16.846007333174466
10,86,13.079511268672034
10,87,11.335246092397426
10,88,7.855494562048381
11,1,32.65010244097832
11,2,29.138499198940902
11,3,25.97118340322008
11,4,22.250877745712458
11,5,19.240567937939574
11,6,15.606108427246761
11,7,13.383564588034933
11,8,9.708454321501874
11,9,6.728375284733698
11,10,3.8127779170893947
11,12,3.807475308568808
11,13,6.715132213681898
11,14,10.45734587853483
11,15,18.334517858114566
11,16,15.54215015930931
11,17,11.850736873329994
11,18,10.227772493145343
11,19,6.714372403459601
11,20,6.131770091080532
11,21,5.291030535111261
11,22,8.311356043214438
11,23,10.718088590410042
11,24,14.288736722943321
11,25,16.901501556428048
11,26,20.20055545251314
11,27,20.348631484939673
11,28,18.90302242201513
11,29,19.18687568616452
11,30,17.625298606677738
11,31,14.04669148559386
11,32,13.110522258735346
11,33,10.604247575830236
11,34,10.308843386938115
11,35,10.234875486945514
11,36,10.152436466792103
11,37,11.678826816290501
11,38,13.437370700912071
11,39,16.935787776267574
11,40,10.667103593122713
11,41,8.717471885569571
11,42,6.0645863337801185
11,43,4.650732752865262
11,44,5.3515516579099955
11,45,7.004975617600197
11,46,10.53284340659068
11,47,13.693525319741752
11,48,16.971831178552424
11,49,20.31672709238712
11,50,23.676955624000055
11,51,26.22630392817161
11,52,29.616096108019494
11,53,31.597295510151532
11,54,34.111223585194686
11,55,32.75065844416709
11,56,29.64034614092095
11,57,30.64036296997218
11,58,30.803522676408384
11,59,27.507301263756936
11,60,26.025483121308437
11,61,27.62129424646839
11,62,26.518092774420577
11,63,22.937232846189335
11,64,23.24408497516344
11,65,25.190349767528144
11,66,22.343580822748947
11,67,19.588859968502117
11,68,22.534895788440267
11,69,22.92426579429278
11,70,19.284883879992215
11,71,17.164779157256287
11,72,15.756810861408553
11,73,16.242040778417504
11,74,15.05338564310406
11,75,16.047675872398138
11,76,18.043385753259802
11,77,18.74084865616968
11,78,21.716920222653435
11,79,23.06615597086134
11,80,26.64966772382284
11,81,27.148063825897953
11,82,24.830315093703597
11,83,25.232775251472283
11,84,21.458382315024977
11,85,19.92695250347955
11,86,16.227808252911107
11,87,14.85168337999783
11,88,11.554196308123474
12,1,36.168532117463684
12,2,32.668178690022664
12,3,29.463637353853997
12,4,25.73994668285478
12,5,22.852505466544986
12,6,19.16093140115383
12,7,17.127327005990427
12,8,13.404763978445382
12,9,10.468226668672266
12,10,7.129660544793055
12,11,3.807475308568808
12,13,3.8071063668232
12,14,7.250513906294495
12,15,16.758272418628724
12,16,13.85850783795781
12,17,10.070515719427007
12,18,8.219883096730214
12,19,5.297713939913568
12,20,5.71271868372165
12,21,6.849990910688156
12,22,10.292433330984458
12,23,13.29887313483375
12,24,17.017296013587444
12,25,19.210777704894056
12,26,22.759374395066963
12,27,23.040822728716787
12,28,21.855013279884496
12,29,21.71759882528366
12,30,19.7998341953214
12,31,16.10497125057746
12,32,14.475461883431265
12,33,11.27861537743263
12,34,10.852721829157174
12,35,9.888422170782336
12,36,10.133047418903598
12,37,11.058210439807171
12,38,13.066873581274159
12,39,16.354950013867782
12,40,7.107452996715478
12,41,6.00061389459001
12,42,4.774552879323206
12,43,5.625633338630524
12,44,8.220941410076918
12,45,10.320659552914504
12,46,14.004236981543643
12,47,17.24531447888873
12,48,20.518205404971972
12,49,23.96270089454918
12,50,27.313921890214385
12,51,29.958389267933796
12,52,33.303003407137204
12,53,35.28159070167669
12,54,37.71155910793526
12,55,36.2602917063523
12,56,33.07895783681153
12,57,34.14423153830404
12,58,34.457321886778644
12,59,31.158814214399833
12,60,29.593871097572993
12,61,31.273707007573208
12,62,30.277046077650574
12,63,26.6686984517926
12,64,26.88231859836195
12,65,28.890735524806978
12,66,26.103480494481776
12,67,23.263336696887198
12,68,26.108044620041703
12,69,26.53480922632154
12,70,22.8407861413567
12,71,20.516916550849476
12,72,19.296735775106676
12,73,19.574943495459085
12,74,18.083517465825384
12,75,18.940394490369172
12,76,21.16693686917122
12,77,21.665724892902837
12,78,24.723502471493017
12,79,25.878532521693213
12,80,29.55650287665061
12,81,29.880349155999756
12,82,27.7593579703346
12,83,28.423652165288892
12,84,24.697493886187697
12,85,23.30166940628792
12,86,19.576347984980398
12,87,18.33000399864766
12,88,14.890881695577306
13,1,38.02391949098327
13,2,34.43121374943454
13,3,31.3953014414186
13,4,27.614849489341797
13,5,25.006281921610196
13,6,21.24221857812475
13,7,19.513237714131975
13,8,15.90460918161211
13,9,13.327923484269515
13,10,10.422273142708372
13,11,6.715132213681898
13,12,3.8071063668232
13,14,3.8196775052207386
13,15,13.124933321908008
13,16,10.313137781118234
13,17,6.565270140999051
13,18,5.403846151087084
13,19,4.235985239045056
13,20,6.937347569007511
13,21,9.431269876940886
13,22,13.17506137212089
13,23,15.85483182708491
13,24,19.644735927966217
13,25,21.486685124482634
13,26,25.077103486633572
13,27,25.799106208196584
13,28,24.90469194086807
13,29,24.992614090185004
13,30,22.84161458714944
13,31,19.063356187000693
13,32,17.01398298109364
13,33,13.545886914055245
13,34,12.185678204592284
13,35,10.014223320313352
13,36,9.345760794929088
13,37,8.961138533929388
13,38,10.510899203162483
13,39,13.38873344363399
13,40,5.391750565030297
13,41,5.609841284113209
13,42,6.5838399335503
13,43,7.213691000403803
13,44,10.240129221559528
13,45,11.802754455952224
13,46,15.594819220803453
13,47,18.674888039607577
13,48,22.021615658813086
13,49,25.575613991432324
13,50,29.014551161153673
13,51,31.896562769365747
13,52,35.19362792686465
13,53,37.433586687426306
13,54,39.91702961058956
13,55,38.6706329725746
13,56,35.6296837029366
13,57,36.92588839647924
13,58,37.11704773067883
13,59,33.686480150293164
13,60,32.41760685015861
13,61,34.15137716623119
13,62,32.900661160069234
13,63,29.34308986306518
13,64,29.872503844767003
13,65,31.740675812406643
13,66,28.73345660388316
13,67,26.15395575071761
13,68,29.06377454999495
13,69,29.159496962645537
13,70,25.475663565265865
13,71,23.435453812618235
13,72,22.346723527870765
13,73,22.941087018710867
13,74,21.61948317688926
13,75,22.35528058403785
13,76,24.298329881809654
13,77,24.487604681092392
13,78,27.287659045891775
13,79,28.05812514828741
13,80,31.688459105128
13,81,31.612408157486108
13,82,29.383483096625167
13,83,30.414608348727292
13,84,26.753544622904602
13,85,25.776650104844197
13,86,22.178962574299145
13,87,21.296335448728808
13,88,18.08434334966062
14,1,41.044470111279665
14,2,37.461443378439576
14,3,34.45452877185214
14,4,30.6892776739128
14,5,28.292807065416284
14,6,24.498733426574947
14,7,23.04184784352041
14,8,19.443318447863643
14,9,17.051197742588233
14,10,14.066897209682812
14,11,10.45734587853483
14,12,7.250513906294495
14,13,3.8196775052207386
14,15,11.407032155776651
14,16,9.046762489830032
14,17,5.99848783691037
14,18,6.033710838083157
14,19,7.075849786757885
14,20,10.129164846522642
14,21,13.042167061824903
14,22,16.758200128549937
14,23,19.515449222689465
14,24,23.313908698323527
14,25,24.958535049092696
14,26,28.60466952714476
14,27,29.440646214770183
14,28,28.649528149422835
14,29,28.622868841429135
14,30,26.356035996596038
14,31,22.570478543639485
14,32,20.27025437276407
14,33,16.630849119503686
14,34,15.129694592374657
14,35,12.434210631976804
14,36,11.635005307146189
14,37,10.238136590515593
14,38,11.239597602246594
14,39,13.25413691241328
14,40,3.7854882720578327
14,41,5.976514393376416
14,42,8.731671519844864
14,43,10.050260377550257
14,44,13.448614072201439
14,45,15.118301495419894
14,46,18.844192148498244
14,47,21.931666248611425
14,48,25.17792890782102
14,49,28.810342326780077
14,50,32.2015266220909
14,51,35.23144188440768
14,52,38.434107718440686
14,53,40.730151734506094
14,54,43.12693810181433
14,55,41.8730186387594
14,56,38.83802253666081
14,57,40.2997410168939
14,58,40.586622226593406
14,59,37.09807490664348
14,60,35.887983174830026
14,61,37.75581600564538
14,62,36.51642016924919
14,63,32.93847612084711
14,64,33.56157734797135
14,65,35.488549290854664
14,66,32.46471749290818
14,67,29.928695945356456
14,68,32.873754732625194
14,69,32.948231523575004
14,70,29.27137462939412
14,71,27.24757262761418
14,72,26.151978839972383
14,73,26.662786832954193
14,74,25.175827602321156
14,75,25.696885444867885
14,76,27.60440980424207
14,77,27.513098268947562
14,78,30.225919991506498
14,79,30.70266324499861
14,80,34.33961093909811
14,81,33.990521155254854
14,82,31.90273334547496
14,83,33.24201941570512
14,84,29.67903925775925
14,85,28.95837795769033
14,86,25.42129384416831
14,87,24.792607555568033
14,88,21.611861135534216
15,1,43.292567258153674
15,2,39.57433429396491
15,3,37.37688262310477
15,4,33.720211960627154
15,5,32.07481173224939
15,6,28.580366466053768
15,7,27.696857509308384
15,8,24.940439800541363
15,9,23.47074936936846
15,10,21.910997323980578
15,11,18.334517858114566
15,12,16.758272418628724
15,13,13.124933321908008
15,14,11.407032155776651
15,16,3.8009793514682366
15,17,6.939054633301119
15,18,10.374534933189935
15,19,13.521476046693035
15,20,17.21356849488583
15,21,20.284061154525972
15,22,23.904422205729265
15,23,25.292541567968588
15,24,28.751275804642685
15,25,29.734835469543604
15,26,32.94889338018547
15,27,34.80826765851135
15,28,34.627596074764625
15,29,35.60457980032382
15,30,33.15077409416384
15,31,29.443193865248425
15,32,26.978986480347707
15,33,23.687434342759772
15,34,20.669596152211305
15,35,17.107151194303178
15,36,14.199993632927079
15,37,10.44456160447253
15,38,7.94926713642449
15,39,5.799227997867271
15,40,14.928356526542242
15,41,16.266827013024102
15,42,18.46471092597738
15,43,17.765965779917625
15,44,19.897250342210132
15,45,19.596345839373598
15,46,22.55834370327603
15,47,24.403121730334412
15,48,27.46450742246836
15,49,30.77597362375297
15,50,34.19113113917642
15,51,37.49486390984421
15,52,40.48320164600965
15,53,43.49901586574109
15,54,46.171850147845895
15,55,45.78245694801992
15,56,43.40936810957784
15,57,45.264469109017504
15,58,44.87131284893716
15,59,41.20861227321016
15,60,40.98736250826989
15,61,42.6649654202014
15,62,40.56684181530672
15,63,37.42355919559329
15,64,38.89264443745684
15,65,40.13876345658279
15,66,36.586154732023154
15,67,35.0035222051699
15,68,37.95120532704329
15,69,36.98792930994783
15,70,33.62935909341626
15,71,32.66412913385167
15,72,31.95766356369721
15,73,33.511255358880405
15,74,32.91630136493307
15,75,33.51849911759768
15,76,34.54884816697876
15,77,34.14340378501143
15,78,36.01882513488416
15,79,35.836595787333955
15,80,38.997286821959165
15,81,37.85545737100269
15,82,35.20380446765557
15,83,37.036286099057214
15,84,33.801824462125175
15,85,33.98437987481461
15,86,31.049808101031818
15,87,31.01660509497187
15,88,28.666869513845576
16,1,42.49151597494063
16,2,38.73280958815211
16,3,36.37807118183447
16,4,32.63551246008918
16,5,30.620426434582964
16,6,27.062261249763292
16,7,25.737477622561645
16,8,22.82630546354828
16,9,20.926062576436763
16,10,19.227205588030177
16,11,15.54215015930931
16,12,13.85850783795781
16,13,10.313137781118234
16,14,9.046762489830032
16,15,3.8009793514682366
16,17,3.797301427821515
16,18,6.734108356696251
16,19,10.081398854471537
16,20,13.6769010625287
16,21,16.9210968508137
16,22,20.50582435498834
16,23,22.00860913487143
16,24,25.511118261297266
16,25,26.37741581474686
16,26,29.705420946506994
16,27,31.547958239062467
16,28,31.484436545845643
16,29,32.29302216305688
16,30,29.697263757315113
16,31,25.978348339047145
16,32,23.36759764506996
16,33,20.026211858528164
16,34,17.003517122378135
16,35,13.38321282830308
16,36,10.679792500616715
16,37,7.006473919156815
16,38,5.512677244439461
16,39,5.1637946200846185
16,40,12.799620130465689
16,41,14.351574860382948
16,42,16.29999537662328
16,43,15.74195832953304
16,44,17.89420903600787
16,45,17.65614503043937
16,46,20.89491468687958
16,47,22.853570857127192
16,48,26.1927388283457
16,49,29.50187846193848
16,50,33.06798887996504
16,51,36.194254012579194
16,52,39.38378934123012
16,53,42.290910388835506
16,54,45.06928915209164
16,55,44.558767956969916
16,56,42.04935640048065
16,57,43.64294257120082
16,58,43.23306290801584
16,59,39.653693107488714
16,60,39.1887997824815
16,61,40.69809353018576
16,62,38.68302834161703
16,63,35.500216267418885
16,64,36.672852020131174
16,65,37.879548087345505
16,66,34.38026155996419
16,67,32.57609883900201
16,68,35.374884885977615
16,69,34.47628488704445
16,70,30.99304297513538
16,71,29.777567073518263
16,72,29.276165954598536
16,73,30.83612238645652
16,74,30.301109503506567
16,75,31.199963442354136
16,76,32.52400763618093
16,77,32.47388648538459
16,78,34.63136244478515
16,79,34.83339688816255
16,80,38.11901026418692
16,81,37.33824857563469
16,82,34.64024662577294
16,83,36.14168847336653
16,84,32.71748420307186
16,85,32.492849084870464
16,86,29.354230373056975
16,87,28.910470179434224
16,88,26.327778353727158
17,1,40.22975702657482
17,2,36.496511396439836
17,3,33.91384549072475
17,4,30.12590606619201
17,5,27.898023280427967
17,6,24.243628369126995
17,7,22.769115996184635
17,8,19.636750380519278
17,9,17.541072870527564
17,10,15.584899339214735
17,11,11.850736873329994
17,12,10.070515719427007
17,13,6.565270140999051
17,14,5.99848783691037
17,15,6.939054633301119
17,16,3.797301427821515
17,18,3.802673511322381
17,19,6.648946491281531
17,20,10.403597235760868
17,21,13.553422535688973
17,22,17.25504289706926
17,23,19.05575447808251
17,24,22.693110657537648
17,25,23.888950439343002
17,26,27.32751010419833
17,27,28.84348027409763
17,28,28.517385952163174
17,29,29.158100395079007
17,30,26.693625396763814
17,31,22.923883450820746
17,32,20.47424273540769
17,33,17.065110896177913
17,34,14.386837859444634
17,35,11.019161363920775
17,36,8.614656083908182
17,37,5.637830601794959
17,38,5.488310747102742
17,39,7.310231379512129
17,40,9.749485440888776
17,41,10.968820979670811
17,42,12.634795574389214
17,43,12.167817406036788
17,44,14.481276815325737
17,45,14.624394016319185
17,46,18.105724361353353
17,47,20.42556324224555
17,48,23.842528759395012
17,49,27.26927732226042
17,50,30.843252485888048
17,51,33.911457016768054
17,52,37.16701908664079
17,53,39.88184988622438
17,54,42.59232829474905
17,55,41.85779571079701
17,56,39.179973239410145
17,57,40.6788244931309
17,58,40.435383930259995
17,59,36.88656120938419
17,60,36.18244308269924
17,61,37.7542379475297
17,62,35.95090618124424
17,63,32.63961245273541
17,64,33.63324149311979
17,65,35.03493377919098
17,66,31.655653912043814
17,67,29.615701200904674
17,68,32.47081094231634
17,69,31.858894454556435
17,70,28.28790172360527
17,71,26.835620658897476
17,72,26.15527155069791
17,73,27.477413776884198
17,74,26.753881454089477
17,75,27.627181345720828
17,76,29.10925660896089
17,77,29.146216868288548
17,78,31.49332074918096
17,79,31.884871453644354
17,80,35.286131165484974
17,81,34.73656257894946
17,82,32.139746377485764
17,83,33.480154971111595
17,84,29.950900844389228
17,85,29.488043513283017
17,86,26.196722806503267
17,87,25.615386271111877
17,88,22.86058261712223
18,1,40.5623610914624
18,2,36.83944213539582
18,3,34.12906821316159
18,4,30.32160720647493
18,5,27.70896599225634
18,6,24.078261280494885
18,7,22.076045845981632
18,8,18.827271981524753
18,9,16.143835190215476
18,10,13.971794545253918
18,11,10.227772493145343
18,12,8.219883096730214
18,13,5.403846151087084
18,14,6.033710838083157
18,15,10.374534933189935
18,16,6.734108356696251
18,17,3.802673511322381
18,19,3.7996270881001
18,20,7.193425293986957
18,21,10.737757937438095
18,22,14.33672219672835
18,23,16.390796158526285
18,24,20.06121096202555
18,25,21.04736410705184
18,26,24.638503807469352
18,27,26.113701223140538
18,28,25.973453378901507
18,29,26.323754932017078
18,30,23.636227657121726
18,31,19.860150395635262
18,32,17.14508219313227
18,33,13.609369802844567
18,34,11.010899488408706
18,35,7.586648597557126
18,36,6.099811139320636
18,37,4.546888380013862
18,38,6.860278459405738
18,39,9.71047359463225
18,40,9.261659002958986
18,41,10.76763788990439
18,42,11.932133364339183
18,43,11.86254322994815
18,44,14.077177013801542
18,45,14.372017426579824
18,46,18.020948623532853
18,47,20.379629395390957
18,48,23.999288226192224
18,49,27.31175391896438
18,50,30.97396463677948
18,51,33.77391962233598
18,52,37.2068435429062
18,53,39.76383565242921
18,54,42.5626960316096
18,55,41.69987422563764
18,56,38.89488102854188
18,57,40.066215328691534
18,58,39.80869494971346
18,59,36.40539850656768
18,60,35.40984735406979
18,61,36.754086286109235
18,62,35.079343458190664
18,63,31.767354514957194
18,64,32.3577618209776
18,65,33.69227460683591
18,66,30.43183806320636
18,67,28.120932895601506
18,68,30.72887253535009
18,69,30.214362525262583
18,70,26.52184546499059
18,71,24.7146390829951
18,72,24.34622439732705
18,73,25.635763358421748
18,74,24.981988545763414
18,75,26.252884816000225
18,76,28.126746502817234
18,77,28.617000654194655
18,78,31.27631238923342
18,79,32.110200375503254
18,80,35.59577267864104
18,81,35.45059150736589
18,82,32.86276011282566
18,83,33.8158183965412
18,84,30.143996283431402
18,85,29.203870478305483
18,86,25.728781312028023
18,87,24.616607375387737
18,88,21.58261560075462
19,1,37.86027262485251
19,2,34.18655894809176
19,3,31.342031370924165
19,4,27.549975018175513
19,5,24.7094222727683
19,6,21.103855409224163
19,7,18.84684159416164
19,8,15.514200248278721
19,9,12.572433619338462
19,10,10.343902331674698
19,11,6.714372403459601
19,12,5.297713939913568
19,13,4.235985239045056
19,14,7.075849786757885
19,15,13.521476046693035
19,16,10.081398854471537
19,17,6.648946491281531
19,18,3.7996270881001
19,20,3.795089549329077
19,21,7.049561810018147
19,22,10.7566306327002
19,23,12.997198400631936
19,24,16.751646580359445
19,25,18.116657627101926
19,26,21.732524158183935
19,27,22.881490555309885
19,28,22.481229936618643
19,29,22.775908869323573
19,30,20.267841031935927
19,31,16.467864139624094
19,32,14.06083114177471
19,33,10.61522550888614
19,34,8.467888137860978
19,35,5.9482356227402855
19,36,5.240482205533683
19,37,5.939646274527439
19,38,8.638220257469296
19,39,12.14135893846687
19,40,9.21988692309381
19,41,9.679806286275179
19,42,9.658911450079785
19,43,9.31681134406568
19,44,11.12894675822699
19,45,11.563229602419176
19,46,15.2547952851238
19,47,17.76126063868066
19,48,21.40673632417635
19,49,24.678735969347287
19,50,28.31634834758418
19,51,30.958120207330083
19,52,34.450845756579106
19,53,36.82729131652131
19,54,39.604259922467726
19,55,38.60330498352385
19,56,35.70515486272251
19,57,36.71412460983784
19,58,36.519196596242054
19,59,33.1947665227615
19,60,32.010956787906785
19,61,33.311603152220314
19,62,31.787871117788168
19,63,28.427787264032094
19,64,28.829648665857615
19,65,30.255575518106717
19,66,27.112592764814426
19,67,24.624694016684984
19,68,27.22893959705406
19,69,26.93349873905047
19,70,23.19786363862501
19,71,21.212886202384787
19,72,20.736570083240753
19,73,21.900114805939612
19,74,21.22682412595263
19,75,22.616379243722275
19,76,24.613228122391742
19,77,25.333001189468508
19,78,28.138048301277635
19,79,29.25390228481728
19,80,32.76477639872696
19,81,32.91892710976676
19,82,30.36315783197467
19,83,31.028762812879314
19,84,27.287973446953142
19,85,26.048898601624767
19,86,22.48844087808184
19,87,21.122202421780724
19,88,17.984497430369444
20,1,37.33039448163415
20,2,33.733144814783515
20,3,30.81426184602857
20,4,27.10100256518018
20,5,23.92334555550788
20,6,20.498905882482624
20,7,17.73048687680144
20,8,14.487048698592396
20,9,11.029175959896133
20,10,8.889042772160039
20,11,6.131770091080532
20,12,5.71271868372165
20,13,6.937347569007511
20,14,10.129164846522642
20,15,17.21356849488583
20,16,13.6769010625287
20,17,10.403597235760868
20,18,7.193425293986957
20,19,3.795089549329077
