1,2,3.7293203964437893
1,3,6.804594782825066
1,4,8.706863811434484
1,5,11.545159993348243
1,6,10.178866277048517
1,7,11.359185534714658
1,8,14.815404531863168
1,9,17.93069416890957
1,10,19.322416265737683
1,11,22.12582701484724
1,12,25.316808165648208
1,13,26.247639953265743
1,14,29.93323898696969
1,15,31.61671638365765
1,16,33.08691684089717
1,17,32.8043686672974
1,18,30.622859225581497
1,19,28.748217390559066
1,20,26.35590549807191
1,21,22.579266915341563
1,22,19.38389166321462
1,23,16.55261482059704
1,24,13.673563746408066
1,25,15.062490187563327
1,26,12.751349316978219
1,27,16.07840685247705
1,28,16.915045273484438
1,29,13.446313741641005
1,30,14.744053930016117
1,31,15.79965025145024
1,32,19.11788894410359
1,33,22.160886678870497
1,34,23.56604482269692
1,35,26.39494306920703
1,36,25.743021084100537
1,37,28.838602836184933
1,38,28.26895622391073
1,39,27.77264051059118
1,40,25.198193363622
1,41,22.56663105517646
1,42,18.788419419540176
1,43,16.089413145888532
1,44,14.941606921082133
1,45,17.965220817062537
1,46,18.33137391194734
1,47,21.57132727343955
1,48,20.80687555917278
1,49,19.014603836128057
1,50,17.92633881426559
1,51,16.186027015440143
1,52,14.275592020572395
1,53,13.334178024835142
1,54,12.172169102220948
1,55,10.1185321365452
1,56,8.819077262443539
1,57,8.582032628654948
1,58,6.052604968373162
1,59,4.62299710337745
1,60,7.836395290610307
2,1,3.7293203964437893
2,3,3.7740720324697956
2,4,6.411404915772653
2,5,8.429971003844756
2,6,6.8997251398462796
2,7,8.97862318486481
2,8,12.05160540357625
2,9,15.109678072380419
2,10,16.065866580521703
2,11,18.79687531626542
2,12,21.82960157281231
2,13,22.80455132600419
2,14,26.53372609696591
2,15,28.05603157670722
2,16,29.479962727064407
2,17,29.10897389650421
2,18,26.96578657423344
2,19,25.078477325328507
2,20,22.77928586844501
2,21,18.96579596180572
2,22,15.903102887833214
2,23,13.118490471511766
2,24,10.590624348969104
2,25,12.555100956991915
2,26,10.978730326296912
2,27,14.698872984231835
2,28,15.417003881698118
2,29,12.054920075719556
2,30,12.675516909881072
2,31,13.011927098156749
2,32,16.19436728883853
2,33,18.94738399966415
2,34,20.18313422328535
2,35,22.86489676611028
2,36,22.102263258219914
2,37,25.1949402940464
2,38,24.574349667864077
2,39,24.182092948915113
2,40,21.753866793686665
2,41,19.14306289419101
2,42,15.3830135894433
2,43,12.529019626051317
2,44,11.315166397000159
2,45,14.2514689719337
2,46,14.676014832429287
2,47,18.005340935065178
2,48,17.494650804085452
2,49,15.948059174967828
2,50,15.177361334699977
2,51,13.09717971696399
2,52,10.98488488659989
2,53,10.731823664120698
2,54,9.793072071496262
2,55,7.0520791969807535
2,56,5.630855895924408
2,57,6.733232594217954
2,58,5.826455055827533
2,59,5.4673632333076885
2,60,7.573443731817332
3,1,6.804594782825066
3,2,3.7740720324697956
3,4,3.860253374297952
3,5,5.562612066257011
3,6,5.74018194586037
3,7,8.174354457053715
3,8,10.288388590254996
3,9,13.656857341646182
3,10,14.435162518674318
3,11,16.55681624205985
3,12,19.5900903828038
3,13,20.057484083514545
3,14,23.721102273206213
3,15,25.341510292240994
3,16,27.109134388043188
3,17,26.80976074290735
3,18,25.03136176480371
3,19,23.403686818546543
3,20,21.566720198390524
3,21,17.696524328480542
3,22,15.174902196353296
3,23,12.370159040135812
3,24,10.694675629677842
3,25,13.010339218433488
3,26,12.030790352600846
3,27,15.838458387254095
3,28,16.952045087938902
3,29,14.050742314168971
3,30,14.3107305231191
3,31,13.818230629913229
3,32,16.50971522549762
3,33,18.629910396961314
3,34,19.190754414699587
3,35,21.40203058439711
3,36,20.081771912899395
3,37,22.857550467421678
3,38,21.98554294336734
3,39,21.191785596461074
3,40,18.55189519272546
3,41,16.19562461607049
3,42,12.324317993082555
3,43,9.502082463435226
3,44,9.223712674477301
3,45,12.28667148608175
3,46,13.276916624462732
3,47,16.783065986649557
3,48,17.087973688086233
3,49,16.241012614570657
3,50,15.859347420050913
3,51,13.09110798343124
3,52,11.060157120683028
3,53,12.04988219314482
3,54,11.071393156651846
3,55,7.4886308905194365
3,56,6.771340990029596
3,57,9.34663817947139
3,58,9.307352547854054
3,59,8.57829135062123
3,60,9.485205239763136
4,1,8.706863811434484
4,2,6.411404915772653
4,3,3.860253374297952
4,5,3.764657530796316
4,6,5.283328167281941
4,7,5.910484138344207
4,8,7.724648526077128
4,9,11.408290891481702
4,10,12.980638226168205
4,11,14.847508660068627
4,12,18.304947480878333
4,13,18.514002770473162
4,14,22.013358898181203
4,15,24.140594665700814
4,16,26.1267463842553
4,17,26.370592321897707
4,18,24.66074133403597
4,19,23.598674284057726
4,20,21.987281759838464
4,21,18.26760239978211
4,22,15.91595324946651
4,23,12.629201237171745
4,24,10.963043880225595
4,25,12.445327958914437
4,26,11.159523795923203
4,27,14.632872972575143
4,28,16.534204119121352
4,29,14.254040905043404
4,30,15.083929948704315
4,31,14.776941339204308
4,32,16.94080470200429
4,33,18.88779982682847
4,34,18.858973218263607
4,35,20.985907877388488
4,36,19.57892701491944
4,37,22.119783007834055
4,38,21.63383668567021
4,39,20.44974779740945
4,40,17.382205817586073
4,41,14.728539561164851
4,42,11.009175319942722
4,43,9.318247198596886
4,44,9.031958732073994
4,45,12.645537054107107
4,46,14.62731620490449
4,47,18.350456739048976
4,48,19.033415739378597
4,49,18.132512731329165
4,50,18.450708611106418
4,51,15.782234113908736
4,52,13.181554247552913
4,53,14.531314181824431
4,54,14.299560131276474
4,55,10.731402635577961
4,56,9.056317167404012
4,57,11.728842912428112
4,58,12.028770114608484
4,59,11.723646344684537
4,60,13.18986821153555
5,1,11.545159993348243
5,2,8.429971003844756
5,3,5.562612066257011
5,4,3.764657530796316
5,6,3.814189408770623
5,7,5.310103274358927
5,8,5.385535531406157
5,9,8.787780790888302
5,10,9.659107904460136
5,11,11.320583645413132
5,12,14.631275056920606
5,13,14.930901718437461
5,14,18.524876222403236
5,15,20.488196275409997
5,16,22.39566475807951
5,17,22.611124491420423
5,18,20.91861094393838
5,19,19.95255952678269
5,20,18.518237512588712
5,21,14.874751327680093
5,22,12.888434411156398
5,23,9.72289380929828
5,24,8.985822079594156
5,25,10.849783180601847
5,26,10.72983188304867
5,27,14.140673464233295
5,28,15.79932982245844
5,29,13.977149135569421
5,30,14.085988169029177
5,31,12.979354717121522
5,32,14.579503261612947
5,33,15.955971718866662
5,34,15.526269949588768
5,35,17.393764218194722
5,36,15.838450078191027
5,37,18.35968723976523
5,38,17.929005512568892
5,39,16.882109986242703
5,40,13.974237333624625
5,41,11.170565078090235
5,42,7.449027923806163
5,43,5.906029659973457
5,44,5.530286530456521
5,45,9.159761695308289
5,46,11.625445451480926
5,47,15.370165308050636
5,48,16.474031097805177
5,49,15.929137649514333
5,50,16.815377867791078
5,51,14.048988691623366
5,52,11.31980523664801
5,53,13.506808568866468
5,54,13.786085370208669
5,55,10.219810179665185
5,56,8.662651973623129
5,57,12.01560447838257
5,58,13.379727069189633
5,59,13.708366057137658
5,60,14.64360228717993
6,1,10.178866277048517
6,2,6.8997251398462796
6,3,5.74018194586037
6,4,5.283328167281941
6,5,3.814189408770623
6,7,3.877437251122963
6,8,5.6825980750326135
6,9,8.406927848689286
6,10,9.201939830981152
6,11,12.01314682757205
6,12,15.190253313387423
6,13,16.408860057881984
6,14,20.11666395341274
6,15,21.78413609852773
6,16,23.109376180184363
6,17,23.168087710359483
6,18,20.92145770702999
6,19,19.57159604372118
6,20,17.490552094148477
6,21,13.827461690932495
6,22,11.035255372989928
6,23,7.5786886082148746
6,24,5.697948045937642
6,25,7.656961023639797
6,26,7.493534741809977
6,27,11.184967042534327
6,28,12.367684781749066
6,29,10.271351029043856
6,30,10.347729094730921
6,31,9.618224143260882
6,32,11.658772520282534
6,33,13.740667243350982
6,34,14.124166832879963
6,35,16.682714917962794
6,36,15.92669872445776
6,37,18.985372648617698
6,38,18.93223901178967
6,39,18.614619050649832
6,40,16.21356417939284
6,41,13.072432680271195
6,42,9.687122808138515
6,43,7.791034918666938
6,44,5.375578170518987
6,45,8.93958730199432
6,46,10.749737325003828
6,47,14.47692665832398
6,48,14.734174344989876
6,49,13.421202277652782
6,50,14.34969806439806
6,51,12.185104875259345
6,52,8.900882371195447
6,53,10.485487809571724
6,54,11.406509746898594
6,55,8.335727616174811
6,56,5.645588267020167
6,57,8.745400604048795
6,58,10.676603728034282
6,59,11.942625234437404
6,60,13.329159054308361
7,1,11.359185534714658
7,2,8.97862318486481
7,3,8.174354457053715
7,4,5.910484138344207
7,5,5.310103274358927
7,6,3.877437251122963
7,8,3.8977404492123067
7,9,6.750364223256002
7,10,9.105595866075651
7,11,11.921622656927624
7,12,15.57178489132238
7,13,16.738928936515396
7,14,20.194941957700735
7,15,22.393000347583836
7,16,23.779931372695287
7,17,24.44124439631545
7,18,22.13821047868963
7,19,21.347724717916158
7,20,19.35916673008094
7,21,16.02462059997641
7,22,13.31469869726857
7,23,9.563063587481983
7,24,7.355122795472824
7,25,7.348599976512071
7,26,6.0998740956899065
7,27,9.163800465991141
7,28,11.43443338805917
7,29,10.110262754139747
7,30,11.295774048080785
7,31,11.396945513613561
7,32,12.89928883291003
7,33,15.046905482386105
7,34,15.034150299903915
7,35,17.686757433113353
7,36,17.1537392684064
7,37,20.010060260823433
7,38,20.514980301900298
7,39,19.93973999368697
7,40,17.223582768430663
7,41,13.738075896592026
7,42,10.802098141585029
7,43,10.190978325909283
7,44,7.83766782378382
7,45,11.498233046734187
7,46,13.909679062789843
7,47,17.600300513284886
7,48,17.8978130177524
7,49,16.305923293356706
7,50,17.63074081475187
7,51,15.816530540533092
7,52,12.291845934861179
7,53,13.547211417668175
7,54,14.872573560080436
7,55,12.02071842336469
7,56,8.84683872451295
7,57,11.160185366348745
7,58,12.78423796077666
7,59,14.173959707730527
7,60,16.234637184247607
8,1,14.815404531863168
8,2,12.05160540357625
8,3,10.288388590254996
8,4,7.724648526077128
8,5,5.385535531406157
8,6,5.6825980750326135
8,7,3.8977404492123067
8,9,3.7368700308299005
8,10,6.187081089565302
8,11,8.315011976930881
8,12,12.13064992603174
8,13,13.03852640752871
8,14,16.390220266738744
8,15,18.772054740007675
8,16,20.33122612022749
8,17,21.288035072840398
8,18,19.219663426716657
8,19,18.929627066550882
8,20,17.443234635648622
8,21,14.375733686528415
8,22,12.435414932981644
8,23,8.917570802775174
8,24,8.228629552694963
8,25,8.310522818166694
8,26,8.564904883784868
8,27,10.909164278242878
8,28,13.16651407497321
8,29,12.644101928140199
8,30,13.148587149704088
8,31,12.356174351964395
8,32,12.89050603616279
8,33,14.057265066246005
8,34,13.066827257184245
8,35,15.154816764766446
8,36,14.248168504521264
8,37,16.75294390489786
8,38,17.44369423923658
8,39,16.648230913037565
8,40,13.861691519279715
8,41,10.238123683905576
8,42,7.840286212653595
8,43,8.504309205892989
8,44,6.539274215471417
8,45,9.866481025553515
8,46,13.059088943691536
8,47,16.634453195865188
8,48,17.639241162444197
8,49,16.635548169097927
8,50,18.530705307574483
8,51,16.5050332373733
8,52,13.099655741449679
8,53,15.227664416307205
8,54,16.726034684413264
8,55,13.757355352353086
8,56,11.128383574800736
8,57,13.993408590828366
8,58,16.058379956070695
8,59,17.357881535181615
8,60,18.899619868266623
9,1,17.93069416890957
9,2,15.109678072380419
9,3,13.656857341646182
9,4,11.408290891481702
9,5,8.787780790888302
9,6,8.406927848689286
9,7,6.750364223256002
9,8,3.7368700308299005
9,10,3.81692791999906
9,11,6.26484764915812
9,12,9.904545102821876
9,13,11.535872240342545
9,14,14.634846129615735
9,15,16.94710739297011
9,16,18.037440596919243
9,17,19.333655716864317
9,18,16.987294938493584
9,19,17.093229948081532
9,20,15.633524904687867
9,21,13.169394948933716
9,22,11.57436485323721
9,23,8.453570413374418
9,24,8.516996637297439
9,25,7.684964526426673
9,26,9.039253884725413
9,27,10.302722130533308
9,28,12.349316226133853
9,29,12.857951213006675
9,30,13.035960790922935
9,31,12.03902193880897
9,32,11.510709636327242
9,33,12.098316851789974
9,34,10.591494385880015
9,35,12.669130913788846
9,36,12.334605718563239
9,37,14.815079878439493
9,38,16.25996087964672
9,39,15.919121298109259
9,40,13.649553887619913
9,41,9.8154108257881
9,42,8.744391374583827
9,43,10.23915890880202
9,44,7.769936665625911
9,45,10.044550117667375
9,46,13.33906454456008
9,47,16.505429662858617
9,48,17.504728424007702
9,49,16.44613479338667
9,50,18.99928515906115
9,51,17.454372071598222
9,52,13.961319194943705
9,53,16.195230908394375
9,54,18.344050420735535
9,55,15.850604306448174
9,56,13.12170166211852
9,57,15.74643344776029
9,58,18.352410309936136
9,59,20.16999950461082
9,60,21.686465185046462
10,1,19.322416265737683
10,2,16.065866580521703
10,3,14.435162518674318
10,4,12.980638226168205
10,5,9.659107904460136
10,6,9.201939830981152
10,7,9.105595866075651
10,8,6.187081089565302
10,9,3.81692791999906
10,11,3.934011897850225
10,12,6.86942994425336
10,13,9.22806636073196
10,14,12.580870784097085
10,15,14.215545864428638
10,16,14.983364070460796
10,17,15.877312520552652
10,18,13.388783612376244
10,19,13.29173747555999
10,20,11.904292694898162
10,21,9.548085333351574
10,22,8.566325378646397
10,23,6.2551179692110965
10,24,7.981242126865117
10,25,8.225026106375768
10,26,10.822249410443012
10,27,12.313280681711387
10,28,13.363616220948987
10,29,13.785074190340024
10,30,12.879186331045664
10,31,10.854541684336331
10,32,9.69657482652444
10,33,9.28902794605751
10,34,7.250550918086488
10,35,9.054922735105256
10,36,8.649659159341615
10,37,11.452281306841348
10,38,12.893346447018002
10,39,13.132188291892803
10,40,11.554123570639677
10,41,7.858100959817154
10,42,7.426881600841964
10,43,8.874103094418249
10,44,6.324093214536883
10,45,7.202673020014438
10,46,10.487688025940857
10,47,13.270812394741263
10,48,14.584165240860631
10,49,14.028625987335884
10,50,16.91426793588708
10,51,15.404180813476344
10,52,12.260244469411168
10,53,15.033541012682162
10,54,17.292732172158257
10,55,15.092519405075146
10,56,12.989955138955255
10,57,15.837000868032879
10,58,18.88295245149002
10,59,20.79637691870697
10,60,21.739031813319475
11,1,22.12582701484724
11,2,18.79687531626542
11,3,16.55681624205985
11,4,14.847508660068627
11,5,11.320583645413132
11,6,12.01314682757205
11,7,11.921622656927624
11,8,8.315011976930881
11,9,6.26484764915812
11,10,3.934011897850225
11,12,3.9301766831361578
11,13,5.4247165375124755
11,14,8.71988750763904
11,15,10.721853996416073
11,16,12.061030311758715
11,17,13.422368062850735
11,18,11.649309463751038
11,19,12.451897129831924
11,20,12.204267538500721
11,21,10.452688163343776
11,22,10.839210724662308
11,23,9.398748324910796
11,24,11.673572715978786
11,25,12.153123056296531
11,26,14.570740108411188
11,27,15.958526417891544
11,28,17.204562856743312
11,29,17.706316516248528
11,30,16.74235727882535
11,31,14.448388848624926
11,32,13.035487217144421
11,33,11.712834636690076
11,34,8.63979933696315
11,35,8.744727813449359
11,36,7.1266058053461165
11,37,8.835082366105244
11,38,10.378414724596078
11,39,10.022083626838448
11,40,8.393795814645676
11,41,4.86854529684925
11,42,6.3313476740191055
11,43,9.199236217998745
11,44,8.252947670301824
11,45,8.302267065782909
11,46,11.878618750428771
11,47,14.226732677695022
11,48,16.37281953203952
11,49,16.60906890358641
11,50,19.505029553428347
11,51,17.65529555497141
11,52,15.005667858369101
11,53,18.188819752970495
11,54,20.100411776405373
11,55,17.678269978824282
11,56,16.106602392165435
11,57,19.24921027712868
11,58,22.15194448151148
11,59,23.685297917094513
11,60,24.310051116946212
12,1,25.316808165648208
12,2,21.82960157281231
12,3,19.5900903828038
12,4,18.304947480878333
12,5,14.631275056920606
12,6,15.190253313387423
12,7,15.57178489132238
12,8,12.13064992603174
12,9,9.904545102821876
12,10,6.86942994425336
12,11,3.9301766831361578
12,13,3.898269741302471
12,14,6.569237610771566
12,15,7.450418385987929
12,16,8.230468741192272
12,17,9.597380628964444
12,18,7.922395560507266
12,19,9.39372554379856
12,20,10.029801473738576
12,21,9.406194904359435
12,22,11.107115018590626
12,23,10.99270605256546
12,24,14.009782399712181
12,25,14.715633211978625
12,26,17.642277846649606
12,27,18.834767683864527
12,28,19.54992425738034
12,29,20.251010926609823
12,30,18.72366424247802
12,31,15.965385820329809
12,32,13.943596133692582
12,33,11.550564474444032
12,34,7.85736863868047
12,35,6.269386482759913
12,36,4.139507959716253
12,37,5.068832049078688
12,38,7.415111130522926
12,39,7.954430362407418
12,40,7.9213903245303054
12,41,5.841333979329588
12,42,8.62930043589076
12,43,11.270567891960326
12,44,10.686334042864475
12,45,9.282751746683942
12,46,12.216205679314138
12,47,13.573538197221863
12,48,16.07471867921267
12,49,16.904515281838478
12,50,20.051735840049552
12,51,18.432523103041348
12,52,16.32707454468195
12,53,19.697147184508395
12,54,21.687273235344616
12,55,19.65586891650338
12,56,18.549761720766615
12,57,21.63326068131562
12,58,24.780032073695274
12,59,26.408992051376565
12,60,26.661866045131717
13,1,26.247639953265743
13,2,22.80455132600419
13,3,20.057484083514545
13,4,18.514002770473162
13,5,14.930901718437461
13,6,16.408860057881984
13,7,16.738928936515396
13,8,13.03852640752871
13,9,11.535872240342545
13,10,9.22806636073196
13,11,5.4247165375124755
13,12,3.898269741302471
13,14,3.7972758064037824
13,15,5.869856301870636
13,16,8.411715807968115
13,17,10.069806723100221
13,18,9.861972015353569
13,19,11.68587810425316
13,20,13.041097591212152
13,21,12.19637382583256
13,22,14.022752805091613
13,23,13.629657193250914
13,24,16.464988459711208
13,25,17.414110128022863
13,26,19.904495140206073
13,27,21.381120743904773
13,28,22.51548317044633
13,29,22.932839542219007
13,30,21.64892605524787
13,31,18.927571688360878
13,32,17.340170311067894
13,33,15.182012976335274
13,34,11.638247092638775
13,35,9.839089184803218
13,36,6.806275532709523
13,37,5.9522092383431024
13,38,7.03500011593866
13,39,5.663291638063485
13,40,4.887375518346265
13,41,4.085560081021045
13,42,7.917735688360681
13,43,11.234435211742868
13,44,11.910205417801413
13,45,10.835058377339463
13,46,13.988497778970244
13,47,15.452422901933446
13,48,18.448050700412345
13,49,19.668957539237184
13,50,22.458481925901562
13,51,20.325660695756447
13,52,18.455841658356405
13,53,22.0168524423621
13,54,23.504816217128006
13,55,21.05347291993456
13,56,20.252929852434768
13,57,23.62680731945666
13,58,26.44089475545053
13,59,27.58089428575896
13,60,27.661239906755718
14,1,29.93323898696969
14,2,26.53372609696591
14,3,23.721102273206213
14,4,22.013358898181203
14,5,18.524876222403236
14,6,20.11666395341274
14,7,20.194941957700735
14,8,16.390220266738744
14,9,14.634846129615735
14,10,12.580870784097085
14,11,8.71988750763904
14,12,6.569237610771566
14,13,3.7972758064037824
14,15,3.8771856027148788
14,16,6.975320004265896
14,17,9.610733495964814
14,18,10.410723800470592
14,19,13.172102251334792
14,20,15.210983842386455
14,21,15.136559460278303
14,22,17.347417321035902
14,23,17.21436639100185
14,24,20.08418684306268
14,25,20.772729067886928
14,26,23.27734076967908
14,27,24.432988004080865
14,28,25.63358184243996
14,29,26.349854370985714
14,30,25.096511210714326
14,31,22.39626703702248
14,32,20.509584772066944
14,33,18.022500107927474
14,34,14.246365445336467
14,35,11.81924332948583
14,36,9.1333077444113
14,37,6.760855192803055
14,38,8.218781424926624
14,39,6.703026163248773
14,40,6.984354473459929
14,41,7.5883287232009415
14,42,11.480096375685674
14,43,14.885215839188936
14,44,15.706038850210428
14,45,14.509008597463769
14,46,17.456913224206914
14,47,18.50104534173512
14,48,21.598621092792094
14,49,22.984203762828376
14,50,25.887719430818894
14,51,23.858588255794636
14,52,22.118997702833305
14,53,25.68428745002727
14,54,27.220276194672408
14,55,24.821150623638378
14,56,24.041563680980214
14,57,27.39071148852716
14,58,30.22680418900133
14,59,31.356299776194728
14,60,31.413350985380525
15,1,31.61671638365765
15,2,28.05603157670722
15,3,25.341510292240994
15,4,24.140594665700814
15,5,20.488196275409997
15,6,21.78413609852773
15,7,22.393000347583836
15,8,18.772054740007675
15,9,16.94710739297011
15,10,14.215545864428638
15,11,10.721853996416073
15,12,7.450418385987929
15,13,5.869856301870636
15,14,3.8771856027148788
15,16,3.835278245845508
15,17,6.017714587477578
15,18,7.770365635227616
15,19,10.789264031876773
15,20,13.53660352011451
15,21,14.209869388571201
15,22,17.108470681183306
15,23,17.811054601432396
15,24,21.108295591826135
15,25,22.127811337719777
15,26,25.026820324492206
15,27,26.255682356265076
15,28,26.956040480622452
15,29,27.62248933888437
15,30,25.879352394713
15,31,22.82913314621904
15,32,20.721441876406633
15,33,17.72567420353341
15,34,14.037949379380377
15,35,10.866489149817577
15,36,8.191389281288977
15,37,4.700748898568296
15,38,5.992732227871589
15,39,5.847695599379295
15,40,8.171046823358493
15,41,9.49834939486854
15,42,13.260454876097453
15,43,16.072174405227422
15,44,16.877913609693536
15,45,14.833710068959762
15,46,17.10712854076436
15,47,17.347752582586033
15,48,20.569820434219135
15,49,22.39877053428538
15,50,25.323683499526382
15,51,23.498939223902916
15,52,22.252273158236473
15,53,25.88018316987738
15,54,27.410576256800272
15,55,25.38803580014713
15,56,25.00799201738536
15,57,28.27902194225837
15,58,31.302264802270077
15,59,32.52648611575938
15,60,32.24056424477233
16,1,33.08691684089717
16,2,29.479962727064407
16,3,27.109134388043188
16,4,26.1267463842553
16,5,22.39566475807951
16,6,23.109376180184363
16,7,23.779931372695287
16,8,20.33122612022749
16,9,18.037440596919243
16,10,14.983364070460796
16,11,12.061030311758715
16,12,8.230468741192272
16,13,8.411715807968115
16,14,6.975320004265896
16,15,3.835278245845508
16,17,3.857270485766429
16,18,5.278967101773553
16,19,8.969479590242074
16,20,11.91947667049594
16,21,13.594684573347246
16,22,16.7589032236211
16,23,18.033856449020078
16,24,21.479254269879135
16,25,22.307174512533756
16,26,25.54290153461651
16,27,26.44029432536881
16,28,26.7098348739499
16,29,27.68332694672242
16,30,25.661576299988734
16,31,22.555245063781793
16,32,19.99608553384618
16,33,16.581682422364686
16,34,12.969994207304017
16,35,9.361114628089732
16,36,7.854771458842752
16,37,4.43906386532316
16,38,6.97873198764959
16,39,8.650303564752411
16,40,11.365891831978715
16,41,12.042545950955773
16,42,15.566533972722391
16,43,18.020965422740616
16,44,18.16493896714114
16,45,15.725686567101464
16,46,17.509693872990724
16,47,17.192518483892943
16,48,20.062985639186127
16,49,21.81527513986394
16,50,25.002783122029918
16,51,23.704523257167597
16,52,22.53794257086361
16,53,25.987355707869696
16,54,27.872097502109973
16,55,26.299703651516932
16,56,25.838781284812065
16,57,28.83983459273376
16,58,32.1324902185222
16,59,33.722444025008386
16,60,33.46046806030833
17,1,32.8043686672974
17,2,29.10897389650421
17,3,26.80976074290735
17,4,26.370592321897707
17,5,22.611124491420423
17,6,23.168087710359483
17,7,24.44124439631545
17,8,21.288035072840398
17,9,19.333655716864317
17,10,15.877312520552652
17,11,13.422368062850735
17,12,9.597380628964444
17,13,10.069806723100221
17,14,9.610733495964814
17,15,6.017714587477578
17,16,3.857270485766429
17,18,3.8360084613497305
17,19,6.560092013174132
17,20,10.106708056179096
17,21,12.090367776779033
17,22,15.70168892017597
17,23,17.632520841450905
17,24,21.311707640960222
17,25,22.672516377662756
17,26,26.073116226090583
17,27,27.3110061804431
17,28,27.175815054371096
17,29,27.789098320599976
17,30,25.358997174581358
17,31,21.954208157546184
17,32,19.56097134710432
17,33,15.998937521919451
17,34,12.89168182454861
17,35,9.149918824247688
17,36,7.502531767236729
17,37,4.594327888501158
17,38,5.4635684677196386
17,39,8.382884133435185
17,40,11.824824047853884
17,41,12.868648386503974
17,42,15.91940641001194
17,43,17.659165728841675
17,44,17.950288273948672
17,45,14.916598620351296
17,46,15.933136876987353
17,47,14.901497600787039
17,48,17.878218761291663
17,49,20.118895820748435
17,50,23.074872333828
17,51,21.84091461905929
17,52,21.25571569836958
17,53,24.71970889793182
17,54,26.382196162892864
17,55,25.11999499482519
17,56,25.164230505299855
17,57,28.09612611045863
17,58,31.402962580100066
17,59,32.92431889559221
17,60,32.278866647247156
18,1,30.622859225581497
18,2,26.96578657423344
18,3,25.03136176480371
18,4,24.66074133403597
18,5,20.91861094393838
18,6,20.92145770702999
18,7,22.13821047868963
18,8,19.219663426716657
18,9,16.987294938493584
18,10,13.388783612376244
18,11,11.649309463751038
18,12,7.922395560507266
18,13,9.861972015353569
18,14,10.410723800470592
18,15,7.770365635227616
18,16,5.278967101773553
18,17,3.8360084613497305
18,19,3.8633410403194377
18,20,6.8337592328326915
18,21,9.207451790602763
18,22,12.660550001355796
18,23,14.737393185648076
18,24,18.376334028417297
18,25,19.526825095744734
18,26,23.082150856686518
18,27,24.123539394160456
18,28,23.741995818070002
18,29,24.518849359869797
18,30,22.01449497716647
18,31,18.684298980455264
18,32,16.04532256469732
18,33,12.368825297253476
18,34,9.318423340481658
18,35,5.533496284921546
18,36,5.094959966782069
18,37,4.060493012464442
18,38,6.316172909486827
18,39,9.682992990236976
18,40,12.41622523567746
18,41,12.316926030011922
18,42,14.942490189394242
18,43,16.425929629120926
18,44,15.919278869875043
18,45,12.892154073072737
18,46,13.814886092532689
18,47,12.907495885317358
18,48,15.391779925322197
18,49,17.173233971822924
18,50,20.4233653398016
18,51,19.5684940924605
18,52,18.66912334755709
18,53,21.928136140801985
18,54,23.97759866640669
18,55,22.947750011252054
18,56,22.665475222852233
18,57,25.36066113094004
18,58,28.83872658082459
18,59,30.69593395255713
18,60,30.295609962190444
19,1,28.748217390559066
19,2,25.078477325328507
19,3,23.403686818546543
19,4,23.598674284057726
19,5,19.95255952678269
19,6,19.57159604372118
19,7,21.347724717916158
19,8,18.929627066550882
19,9,17.093229948081532
19,10,13.29173747555999
19,11,12.451897129831924
19,12,9.39372554379856
19,13,11.68587810425316
19,14,13.172102251334792
19,15,10.789264031876773
19,16,8.969479590242074
19,17,6.560092013174132
19,18,3.8633410403194377
19,20,3.7145812164482326
19,21,6.423982217990805
19,22,10.159824384110115
19,23,12.934683087536289
19,24,16.653271826963426
19,25,18.305211403562854
19,26,21.94497503781704
19,27,23.311725792651764
19,28,22.48975505930006
19,29,22.854683121416407
19,30,19.973674622692727
19,31,16.419068929852525
19,32,14.048916721930498
19,33,10.422033125429778
19,34,8.35050167615317
19,35,5.385970769500973
19,36,5.394069827746139
19,37,6.4252631910807745
19,38,7.084731867616319
19,39,10.797243608783925
19,40,13.341122523398349
19,41,13.012170769026952
19,42,14.761080161136338
19,43,15.317395653942983
19,44,14.598156472657124
19,45,11.135174299650451
19,46,11.08710835871457
19,47,9.520551432387853
19,48,11.83206798640222
19,49,13.9062905668826
19,50,16.997268912538672
19,51,16.335496445266436
19,52,15.881133386635435
19,53,19.03311853997098
19,54,20.97999248359337
19,55,20.345363872648576
19,56,20.43051706890279
19,57,22.932531068948286
19,58,26.430676818356083
19,59,28.320302534862627
19,60,27.674353024417776
20,1,26.35590549807191
20,2,22.77928586844501
20,3,21.566720198390524
20,4,21.987281759838464
20,5,18.518237512588712
20,6,17.490552094148477
20,7,19.35916673008094
20,8,17.443234635648622
20,9,15.633524904687867
20,10,11.904292694898162
20,11,12.204267538500721
20,12,10.029801473738576
20,13,13.041097591212152
20,14,15.210983842386455
20,15,13.53660352011451
20,16,11.91947667049594
20,17,10.106708056179096
20,18,6.8337592328326915
20,19,3.7145812164482326
20,21,3.8950657278786593
20,22,7.122949990680458
20,23,10.290008983055284
20,24,13.841131722989775
20,25,15.468884104912389
20,26,19.192665441609805
20,27,20.515291297793784
20,28,19.326958758514703
20,29,19.639650090264034
20,30,16.582642407892315
20,31,13.047834337312544
20,32,10.607508169644165
20,33,7.006265018387075
20,34,5.957512899724483
20,35,4.706751813713771
20,36,6.2468714013084945
20,37,8.864034641866454
20,38,9.726758080996865
20,39,13.05932304998584
20,40,14.82425455450826
20,41,13.62832725950892
20,42,14.572797391128711
20,43,14.554814078214221
20,44,13.00620297748626
20,45,9.71085050666487
20,46,9.169127646266825
20,47,7.78002114929834
20,48,9.143818715190845
20,49,10.607692923575343
20,50,13.978317722898925
20,51,13.791353378406878
20,52,13.078566506872306
20,53,15.915236257512737
20,54,18.222239262907934
20,55,17.93284460538638
20,56,17.775667493663423
20,57,19.943338306294216
20,58,23.570355540434626
20,59,25.7649149821476
20,60,25.31459812565257
21,1,22.579266915341563
21,2,18.96579596180572
21,3,17.696524328480542
21,4,18.26760239978211
21,5,14.874751327680093
21,6,13.827461690932495
21,7,16.02462059997641
21,8,14.375733686528415
21,9,13.169394948933716
21,10,9.548085333351574
21,11,10.452688163343776
21,12,9.406194904359435
21,13,12.19637382583256
21,14,15.136559460278303
21,15,14.209869388571201
21,16,13.594684573347246
21,17,12.090367776779033
21,18,9.207451790602763
21,19,6.423982217990805
21,20,3.8950657278786593
21,22,3.850231919161808
21,23,6.922533889881608
21,24,10.584991432373744
21,25,12.79840265016513
21,26,16.314261180350922
21,27,18.18812220383947
21,28,17.228655383915147
21,29,16.978763373622506
21,30,14.026488706681143
21,31,10.34270980552825
21,32,8.69313447795953
21,33,6.062910435031162
21,34,5.548211407088702
21,35,5.966031404283087
21,36,6.223666830662642
21,37,9.645376585764724
21,38,9.829434009257003
21,39,12.391988312069087
21,40,13.277458749325428
21,41,11.622778314009937
21,42,11.661985388327638
21,43,11.049575002174088
21,44,9.345527584231817
21,45,6.021255556509716
21,46,5.46139414700353
21,47,5.255034975953686
21,48,6.925418822659308
21,49,8.256014670979052
21,50,11.468896219220921
21,51,10.629545968003978
21,52,9.564104714575823
21,53,12.750233569768726
21,54,14.862509305019891
21,55,14.208756260167455
21,56,14.085832113408971
21,57,16.50871737374152
21,58,20.027373179561565
21,59,22.050015489783124
21,60,21.623129079153262
22,1,19.38389166321462
22,2,15.903102887833214
22,3,15.174902196353296
22,4,15.91595324946651
22,5,12.888434411156398
22,6,11.035255372989928
22,7,13.31469869726857
22,8,12.435414932981644
22,9,11.57436485323721
22,10,8.566325378646397
22,11,10.839210724662308
22,12,11.107115018590626
22,13,14.022752805091613
22,14,17.347417321035902
22,15,17.108470681183306
22,16,16.7589032236211
22,17,15.70168892017597
22,18,12.660550001355796
22,19,10.159824384110115
22,20,7.122949990680458
22,21,3.850231919161808
22,23,3.7704963672114524
22,24,7.0378397684468545
22,25,9.471161347296631
22,26,12.90011580753958
22,27,14.955131845912032
22,28,13.805925411852522
22,29,13.237268841899294
22,30,10.242700031094445
22,31,6.539308185900616
22,32,5.510444832023305
22,33,4.59797895321046
22,34,5.930829269860547
22,35,8.31137488654228
22,36,9.03455033728437
22,37,12.731739102332524
22,38,13.089372499071054
22,39,15.059122086742837
22,40,15.07958486607758
22,41,12.684906088054188
22,42,11.699696286456351
22,43,10.440769559681597
22,44,7.650817323203401
22,45,5.54092276043756
22,46,4.860199206663641
22,47,6.32794442911987
22,48,6.3025902825767215
22,49,5.871609036867786
22,50,9.224373838420894
22,51,8.618650688007953
22,52,6.519849114565016
22,53,9.41057403735869
22,54,11.996283144708146
22,55,11.44178680964279
22,56,10.744863769153385
22,57,12.906503609802034
22,58,16.54446020344609
22,59,18.874069064818084
22,60,18.83597032189848
23,1,16.55261482059704
23,2,13.118490471511766
23,3,12.370159040135812
23,4,12.629201237171745
23,5,9.72289380929828
23,6,7.5786886082148746
23,7,9.563063587481983
23,8,8.917570802775174
23,9,8.453570413374418
23,10,6.2551179692110965
23,11,9.398748324910796
23,12,10.99270605256546
23,13,13.629657193250914
23,14,17.21436639100185
23,15,17.811054601432396
23,16,18.033856449020078
23,17,17.632520841450905
23,18,14.737393185648076
23,19,12.934683087536289
23,20,10.290008983055284
23,21,6.922533889881608
23,22,3.7704963672114524
23,24,3.771439223545977
23,25,6.390936247107293
23,26,9.549116743748334
23,27,11.95901168507264
23,28,11.493758942682428
23,29,10.728988413409963
23,30,8.515244719861606
23,31,5.459436231614009
23,32,5.471294035699385
23,33,6.35736301569832
23,34,7.118672347543275
23,35,10.012071619543557
23,36,10.301231836515118
23,37,13.940391378617464
23,38,14.460578496171578
23,39,15.603775841035077
23,40,14.68206480890973
23,41,11.646195081402666
23,42,9.939135391623086
23,43,8.726753920828203
23,44,5.0733176127982285
23,45,5.100984534304008
23,46,6.232218334866545
23,47,9.14997807916589
23,48,9.240556358317235
23,49,8.035568482387358
23,50,10.73161416194645
23,51,9.585643427024866
23,52,6.281270450114752
23,53,8.998127169429365
23,54,11.558932694690135
23,55,10.158251799655217
23,56,8.441734886076167
23,57,10.961523628799469
23,58,14.463196707779371
23,59,16.76891479185655
23,60,17.31293165640025
24,1,13.673563746408066
24,2,10.590624348969104
24,3,10.694675629677842
24,4,10.963043880225595
24,5,8.985822079594156
24,6,5.697948045937642
24,7,7.355122795472824
24,8,8.228629552694963
24,9,8.516996637297439
24,10,7.981242126865117
24,11,11.673572715978786
24,12,14.009782399712181
24,13,16.464988459711208
24,14,20.08418684306268
24,15,21.108295591826135
24,16,21.479254269879135
24,17,21.311707640960222
24,18,18.376334028417297
24,19,16.653271826963426
24,20,13.841131722989775
24,21,10.584991432373744
24,22,7.0378397684468545
24,23,3.771439223545977
24,25,3.7746385034479433
24,26,6.165251515332958
24,27,9.079260011217745
24,28,8.719237201433797
24,29,7.276295399948827
24,30,5.77554503613193
24,31,4.222325697010401
24,32,6.03521162373656
24,33,8.705052136849215
24,34,10.134111175440161
24,35,13.418524825425182
24,36,13.893176965492687
24,37,17.46911993297047
24,38,18.05136667974211
24,39,18.853002035491777
24,40,17.425127462468254
24,41,14.125718194217868
24,42,11.790887376098755
24,43,10.259314329532504
24,44,6.41678230418122
24,45,8.14075618064015
24,46,9.049626616534127
24,47,12.151614141233
24,48,11.478883969113124
24,49,9.288840372533336
24,50,11.221378870104198
24,51,10.358275855017473
24,52,6.516647142868216
24,53,7.845593149802288
24,54,10.54827369678332
24,55,9.117876390895269
24,56,6.164771678375854
24,57,8.161940852974736
24,58,11.582446093595966
24,59,14.221506606233362
24,60,15.462443695307373
25,1,15.062490187563327
25,2,12.555100956991915
25,3,13.010339218433488
25,4,12.445327958914437
25,5,10.849783180601847
25,6,7.656961023639797
25,7,7.348599976512071
25,8,8.310522818166694
25,9,7.684964526426673
25,10,8.225026106375768
25,11,12.153123056296531
25,12,14.715633211978625
25,13,17.414110128022863
25,14,20.772729067886928
25,15,22.127811337719777
25,16,22.307174512533756
25,17,22.672516377662756
25,18,19.526825095744734
25,19,18.305211403562854
25,20,15.468884104912389
25,21,12.79840265016513
25,22,9.471161347296631
25,23,6.390936247107293
25,24,3.7746385034479433
25,26,3.830582088291499
25,27,5.585860412651579
25,28,5.632266934693799
25,29,5.601018783245067
25,30,5.480236640908092
25,31,5.786606496230591
25,32,6.462435473605282
25,33,9.389865365261713
25,34,10.638148077011532
25,35,14.203476820123093
25,36,15.247095403672395
25,37,18.70152775784454
25,38,19.94425538652362
25,39,20.71550614932885
25,40,19.177278177058067
25,41,15.559282188060447
25,42,13.669859567894527
25,43,12.987077557492798
25,44,9.129810173416555
25,45,11.048322499647394
25,46,12.42726821704877
25,47,15.31756619374833
25,48,14.538738793651916
25,49,11.99819682644915
25,50,14.232034454009558
25,51,13.911754008974079
25,52,10.10011124983831
25,53,10.737515196467763
25,54,13.732570718153722
25,55,12.51472644631261
25,56,9.061791535063987
25,57,10.195199195971536
25,58,13.342829293394992
25,59,16.277935374296142
25,60,18.151019144454768
26,1,12.751349316978219
26,2,10.978730326296912
26,3,12.030790352600846
26,4,11.159523795923203
26,5,10.72983188304867
26,6,7.493534741809977
26,7,6.0998740956899065
26,8,8.564904883784868
26,9,9.039253884725413
26,10,10.822249410443012
26,11,14.570740108411188
26,12,17.642277846649606
26,13,19.904495140206073
26,14,23.27734076967908
26,15,25.026820324492206
26,16,25.54290153461651
26,17,26.073116226090583
26,18,23.082150856686518
26,19,21.94497503781704
26,20,19.192665441609805
26,21,16.314261180350922
26,22,12.90011580753958
26,23,9.549116743748334
26,24,6.165251515332958
26,25,3.830582088291499
26,27,3.8828792722799936
26,28,5.469604567459718
26,29,4.475256367141011
26,30,6.68776815207525
26,31,8.4603026655143
26,32,10.022344832641435
26,33,13.191910767647895
26,34,14.387513309278715
26,35,17.854464566344994
26,36,18.595872667518762
26,37,21.92357297747194
26,38,23.009458378584945
26,39,23.345894305262735
26,40,21.32414814362994
26,41,17.65105608278205
26,42,15.284434191204916
26,43,14.441706266199443
26,44,10.950705107121978
26,45,13.674249431012955
26,46,15.138796169973814
26,47,18.315164552724546
26,48,17.454605302975757
26,49,14.774360235579376
26,50,16.317290352130343
26,51,15.82508878152604
26,52,12.04888880466329
26,53,11.99333570415127
26,54,14.443355411874819
26,55,12.978923053107023
26,56,9.10100364105577
26,57,9.637846705499415
26,58,11.92072060822808
26,59,14.70866462581313
26,60,17.24586889783459
27,1,16.07840685247705
27,2,14.698872984231835
27,3,15.838458387254095
27,4,14.632872972575143
27,5,14.140673464233295
27,6,11.184967042534327
27,7,9.163800465991141
27,8,10.909164278242878
27,9,10.302722130533308
27,10,12.313280681711387
27,11,15.958526417891544
27,12,18.834767683864527
27,13,21.381120743904773
27,14,24.432988004080865
27,15,26.255682356265076
27,16,26.44029432536881
27,17,27.3110061804431
27,18,24.123539394160456
27,19,23.311725792651764
27,20,20.515291297793784
27,21,18.18812220383947
27,22,14.955131845912032
27,23,11.95901168507264
27,24,9.079260011217745
27,25,5.585860412651579
27,26,3.8828792722799936
27,28,3.770774957166844
27,29,5.530858402719756
27,30,8.152685969193598
27,31,10.4334490373788
27,32,11.046892998470604
27,33,14.054161977310072
27,34,15.191018023797882
27,35,18.728363407615564
27,36,20.028634291381884
27,37,23.241147624856648
27,38,24.86624189516477
27,39,25.37817819492162
27,40,23.510909586436117
27,41,19.7201523541689
27,42,17.90801556065789
27,43,17.626841718229603
27,44,14.035043232184428
27,45,16.427916039704943
27,46,17.985123470727956
27,47,20.883312516961166
27,48,19.87748711137528
27,49,16.982983290267846
27,50,18.90566085257007
27,51,18.916000897045127
27,52,15.150607217218997
27,53,14.902075624257572
27,54,17.73944750702752
27,55,16.649500557911075
27,56,12.798318901688623
27,57,12.876717962562235
27,58,15.114944335981395
27,59,18.115661878633887
27,60,20.83202471422899
28,1,16.915045273484438
28,2,15.417003881698118
28,3,16.952045087938902
28,4,16.534204119121352
28,5,15.79932982245844
28,6,12.367684781749066
28,7,11.43443338805917
28,8,13.16651407497321
28,9,12.349316226133853
28,10,13.363616220948987
28,11,17.204562856743312
28,12,19.54992425738034
28,13,22.51548317044633
28,14,25.63358184243996
28,15,26.956040480622452
28,16,26.7098348739499
28,17,27.175815054371096
28,18,23.741995818070002
28,19,22.48975505930006
28,20,19.326958758514703
28,21,17.228655383915147
28,22,13.805925411852522
28,23,11.493758942682428
28,24,8.719237201433797
28,25,5.632266934693799
28,26,5.469604567459718
28,27,3.770774957166844
28,29,3.8383769365509495
28,30,5.624225736129369
28,31,8.44105709165501
28,32,9.055336794381065
28,33,12.453145093328262
28,34,14.46164909991743
28,35,18.221978177025075
28,36,20.0026771824675
28,37,23.449637330325075
28,38,25.04149644812548
28,39,26.076364747803073
28,40,24.67138794844961
28,41,21.004616671913556
28,42,19.255191769086725
28,43,18.540882207098925
28,44,14.695850397250835
28,45,16.4506158813201
28,46,17.269034094857567
28,47,19.711825363030464
28,48,18.109673804992433
28,49,14.844543343609208
28,50,16.751139572836472
28,51,17.451072039526288
28,52,13.924757130861877
28,53,13.122785875137037
28,54,16.363729374142356
28,55,16.066565738657822
28,56,12.457082021674312
28,57,11.89263040142321
28,58,14.553869115187782
28,59,18.02441097036763
28,60,20.4826727072632
29,1,13.446313741641005
29,2,12.054920075719556
29,3,14.050742314168971
29,4,14.254040905043404
29,5,13.977149135569421
29,6,10.271351029043856
29,7,10.110262754139747
29,8,12.644101928140199
29,9,12.857951213006675
29,10,13.785074190340024
29,11,17.706316516248528
29,12,20.251010926609823
