1,2,3.886429077300355
1,3,5.8891514760451695
1,4,8.572291484734773
1,5,11.144894720736698
1,6,12.506187747398954
1,7,15.502755432197382
1,8,17.28944292747468
1,9,17.810944431799356
1,10,18.473883451904673
1,11,20.201616890918682
1,12,19.92863543239243
1,13,23.114106314039436
1,14,25.499920547593785
1,15,28.598072927752238
1,16,31.736465148398956
1,17,34.47551565150504
1,18,34.22863399335456
1,19,37.7966482836806
1,20,37.401976288549065
1,21,35.12060399442776
1,22,35.8549763403822
1,23,35.94596362941502
1,24,35.104858788459936
1,25,38.73571771302366
1,26,38.004700381928025
1,27,40.450624165833595
1,28,40.13879184763153
1,29,40.178399235989545
1,30,40.71723566521375
1,31,37.90405126187285
1,32,39.301807909420376
1,33,38.435511047779336
1,34,38.78560082984559
1,35,38.15121783096149
1,36,39.40603625481349
1,37,39.49773284207246
1,38,42.804790525598555
1,39,42.629197781082176
1,40,40.42091250922775
1,41,39.74570767827703
1,42,36.281186390123466
1,43,35.520990058624605
1,44,33.45701140347167
1,45,29.934969321033613
1,46,27.148644264848375
1,47,23.530071009501057
1,48,23.181111101717217
1,49,20.73667201944316
1,50,22.378301994307098
1,51,22.30059463247712
1,52,23.208619751076593
1,53,26.789016458567197
1,54,26.678477289410125
1,55,25.399660420963237
1,56,22.68993302210629
1,57,22.395061224193746
1,58,24.494278960260317
1,59,20.712503111211095
1,60,18.535781276015822
1,61,18.08350705555194
1,62,20.697096345539677
1,63,23.284145515004944
1,64,26.292956467070592
1,65,28.75350517642997
1,66,28.249706389148912
1,67,26.923974414342908
1,68,27.85188052435686
1,69,25.144866121052438
1,70,24.67371540425609
1,71,22.430125720732644
1,72,24.02207995120367
1,73,23.989680274308473
1,74,23.769879740391687
1,75,25.029362535317958
1,76,25.06623728466166
1,77,28.097555807590627
1,78,28.53485607867721
1,79,31.72442573177384
1,80,33.92275181527136
1,81,37.514860359812936
1,82,39.455882007843606
1,83,43.115891366165826
1,84,44.35558972838915
1,85,48.036488546826824
1,86,49.97572493872896
1,87,47.63845820682133
1,88,44.18709937890241
1,89,41.42021708288483
1,90,38.016065695371296
1,91,36.53052625255374
1,92,33.25567370452508
1,93,32.53464122188864
1,94,30.302332314326556
1,95,27.785033537712174
1,96,25.069576834323627
1,97,21.63936806223359
1,98,19.478054583722077
1,99,19.56089215510052
1,100,19.049216614819294
1,101,20.129500846574174
1,102,23.19983313219794
1,103,24.805513458660133
1,104,28.530342936501356
1,105,30.535976491322433
1,106,32.489670777215615
2,1,3.886429077300355
2,3,3.8296181488361682
2,4,6.4560778593831465
2,5,9.385836716364574
2,6,11.295254516411541
2,7,13.799596089442295
2,8,16.289342395739578
2,9,17.20694500339579
2,10,18.65266034823016
2,11,20.910777153447423
2,12,21.331936615681542
2,13,24.782425784066596
2,14,27.544265362908064
2,15,30.47781071604547
2,16,33.806935062541186
2,17,36.27385423814842
2,18,35.95758700476524
2,19,39.45916971227333
2,20,38.862633067909975
2,21,36.548988588827946
2,22,37.12251412022093
2,23,37.46968857572149
2,24,36.57594398522703
2,25,40.057713787652034
2,26,39.0613749096353
2,27,41.63922545431172
2,28,41.36510343223805
2,29,41.7311979911338
2,30,42.439131360223364
2,31,39.842918335802544
2,32,41.494854935350446
2,33,40.71822193317125
2,34,41.35319342889177
2,35,40.896910096097294
2,36,42.38431590994904
2,37,42.66516460990059
2,38,46.07506377752142
2,39,45.94073208259988
2,40,43.6222922116567
2,41,42.73475891181731
2,42,39.18028514580007
2,43,38.15792039637086
2,44,35.94416216837941
2,45,32.34759248085739
2,46,29.38550002346501
2,47,25.673350845805004
2,48,24.807965704012513
2,49,21.931207684516757
2,50,22.954760203555118
2,51,22.226149394880668
2,52,22.9173872510452
2,53,26.22449768618984
2,54,25.578890803853636
2,55,24.420410655221247
2,56,21.14896040771052
2,57,20.346834243327287
2,58,22.473961273223185
2,59,18.782126562146146
2,60,16.195371701600735
2,61,15.198775665487503
2,62,18.00080190021076
2,63,20.296894885410005
2,64,23.402839757466527
2,65,25.674028609621956
2,66,25.43586763669841
2,67,24.448289041848984
2,68,25.63717590025003
2,69,23.263585479783615
2,70,23.22212278622058
2,71,21.46586764116853
2,72,23.578765999975314
2,73,24.152717634317625
2,74,24.28734299975594
2,75,26.083288940768007
2,76,26.61724069230244
2,77,29.90969959649299
2,78,30.700899156335538
2,79,34.08349096631621
2,80,36.24399518354685
2,81,39.89999425413481
2,82,41.57692763047653
2,83,45.13881597341252
2,84,46.23138800685742
2,85,49.91872409262954
2,86,52.06086563124558
2,87,49.89580297202815
2,88,46.53225402776202
2,89,43.731415091799626
2,90,40.448457394066175
2,91,38.69415028937218
2,92,35.26436968864272
2,93,34.29621915248672
2,94,31.731483775312185
2,95,29.225208933336067
2,96,26.199709094153878
2,97,22.966884865386962
2,98,20.28710359507598
2,99,19.65889470800928
2,100,18.695744093529413
2,101,19.040069920905623
2,102,22.039220655742422
2,103,23.13846397173811
2,104,26.723860779081456
2,105,28.411178178613994
2,106,30.05601466992603
3,1,5.8891514760451695
3,2,3.8296181488361682
3,4,3.7972902365863455
3,5,5.749695882655631
3,6,7.482666227966665
3,7,10.177967935823292
3,8,12.523147915105634
3,9,13.416434209736591
3,10,15.06037361232375
3,11,17.54888835255593
3,12,18.36776803380506
3,13,21.97386551783641
3,14,24.990345846914618
3,15,27.736004313617066
3,16,31.19929825232159
3,17,33.42574928269553
3,18,33.06745014488438
3,19,36.51722165122668
3,20,35.84393068809529
3,21,33.60506922939753
3,22,34.21195198739656
3,23,34.8350662967547
3,24,34.1254723894373
3,25,37.522027779230385
3,26,36.26363563369275
3,27,38.77272124431872
3,28,38.3676589338854
3,29,38.89126082222091
3,30,39.61575486480292
3,31,37.166383060184984
3,32,38.98524624106617
3,33,38.25301604392194
3,34,39.17471720704201
3,35,38.95961420688478
3,36,40.73680305194951
3,37,41.32816400194324
3,38,44.88486100445206
3,39,44.74775949174549
3,40,42.24051848164883
3,41,41.046586597002545
3,42,37.393458734303316
3,43,36.06393039403033
3,44,33.71606230803452
3,45,30.066491246413126
3,46,26.985557800680738
3,47,23.225578589600012
3,48,21.961232973033066
3,49,18.835489769333943
3,50,19.5193531354668
3,51,18.546666993946697
3,52,19.163762701252267
3,53,22.418648918032456
3,54,21.754729128200076
3,55,20.643664438650383
3,56,17.381239477174365
3,57,16.75389643487428
3,58,18.966592802086055
3,59,15.26250683246098
3,60,12.77534564857696
3,61,12.354994804788904
3,62,15.232818592829279
3,63,17.983548862956315
3,64,20.760672113724702
3,65,23.399795778110388
3,66,23.230672643052607
3,67,21.846563485675922
3,68,22.62863385571428
3,69,20.029695598430177
3,70,19.707998732773344
3,71,17.844279980839204
3,72,20.06953900437144
3,73,20.74105773450739
3,74,21.215551727987798
3,75,23.246532229136903
3,76,24.16653347702193
3,77,27.632901008201575
3,78,28.542333319503463
3,79,32.0652710305758
3,80,34.032079173966494
3,81,37.69175947981903
3,82,39.12811164394143
3,83,42.601759592932396
3,84,43.67874462855908
3,85,47.323852366511495
3,86,49.579226302380775
3,87,47.61061147099426
3,88,44.2999613087157
3,89,41.57227947169998
3,90,38.45264910770031
3,91,36.54007603583831
3,92,33.06158813662722
3,93,31.771422774533864
3,94,29.003038544755505
3,95,26.37614672105915
3,96,23.13841475805534
3,97,20.13265398813531
3,98,17.205942172262706
3,99,16.227071469235714
3,100,15.413636781166744
3,101,15.752266245656566
3,102,18.973788047775418
3,103,20.29344205386512
3,104,23.914996704572903
3,105,25.876157222428812
3,106,27.470308063292006
4,1,8.572291484734773
4,2,6.4560778593831465
4,3,3.7972902365863455
4,5,3.8303389446073366
4,6,7.188900378539077
4,7,10.033463022340442
4,8,12.166599209461626
4,9,12.328248644460958
4,10,14.461545963559002
4,11,16.80068598479702
4,12,18.13986063777313
4,13,21.643044552310347
4,14,24.917817431125535
4,15,27.706562744667707
4,16,31.14029461303101
4,17,33.20815976109474
4,18,33.17766844659135
4,19,36.677661323254696
4,20,36.19847677972856
4,21,34.26989243330459
4,22,35.139972517769976
4,23,36.122676979962876
4,24,35.75906961876016
4,25,39.08875716964315
4,26,37.5370144433759
4,27,39.83962754012159
4,28,39.11798475239606
4,29,39.693127502249325
4,30,40.205113248583466
4,31,37.79185288319188
4,32,39.56743938390727
4,33,38.593625143056244
4,34,39.75909145881904
4,35,39.90122725126405
4,36,41.84055955344486
4,37,42.69138387609221
4,38,46.28989483282812
4,39,45.90011287462461
4,40,43.166953025381595
4,41,41.808261652889456
4,42,38.07324362660712
4,43,36.476511205898376
4,44,34.29722005114105
4,45,30.542502144292424
4,46,27.626048263054464
4,47,23.81556746263456
4,48,22.378469568874145
4,49,19.139517251069165
4,50,19.491705887730184
4,51,18.10753110371816
4,52,17.967654124330444
4,53,21.03601606030323
4,54,20.346820505554263
4,55,19.910852982809544
4,56,16.02444346765844
4,57,14.805105375319748
4,58,18.155775550075248
4,59,14.740350306971775
4,60,11.7681659441749
4,61,11.797809253219576
4,62,15.221096958026864
4,63,18.061156706890802
4,64,20.396652727993228
4,65,23.209811005034357
4,66,23.628015165157183
4,67,22.244937385575952
4,68,22.702535384825445
4,69,20.147188029354908
4,70,19.617955983206716
4,71,17.836870662788122
4,72,20.42717722079998
4,73,21.231413825740805
4,74,22.339904792080837
4,75,24.533811956541268
4,76,25.7964836808115
4,77,29.331052891873618
4,78,30.087788269315343
4,79,33.62985395316572
4,80,35.24455532584038
4,81,38.80602075873126
4,82,40.11490924975018
4,83,43.533208099212764
4,84,44.78313499011095
4,85,48.32539499330623
4,86,50.568674350254774
4,87,48.797271846870615
4,88,45.45768817351145
4,89,42.94203811181691
4,90,39.967880895029126
4,91,38.10064980667066
4,92,34.698204457758436
4,93,33.06268782371942
4,94,30.198954596102926
4,95,27.27895318698174
4,96,23.819419737004733
4,97,21.20071175154853
4,98,18.189977221794294
4,99,16.773233023603044
4,100,16.430961643982414
4,101,16.551904396679237
4,102,19.979197827854634
4,103,21.24033814023669
4,104,24.701238515312756
4,105,26.67713312610761
4,106,27.830802324271993
5,1,11.144894720736698
5,2,9.385836716364574
5,3,5.749695882655631
5,4,3.8303389446073366
5,6,3.7798253509267963
5,7,6.60409667053165
5,8,8.451928209583063
5,9,8.71837333593933
5,10,11.26409426772474
5,11,14.027526595538092
5,12,15.9020481272869
5,13,19.55104225583379
5,14,23.03744321618208
5,15,25.479046661152353
5,16,29.05290307780562
5,17,30.799741756621643
5,18,30.600563956680702
5,19,33.96626658099524
5,20,33.30574591945764
5,21,31.39270217923243
5,22,32.18840771412585
5,23,33.41615780852759
5,24,33.16298612259892
5,25,36.34435988190034
5,26,34.556179194659066
5,27,36.83031421367637
5,28,36.06178693334228
5,29,36.851419970870985
5,30,37.47023313577097
5,31,35.28006271027861
5,32,37.28393821510797
5,33,36.468374799873764
5,34,37.91433726543436
5,35,38.234715752920806
5,36,40.452250634851346
5,37,41.5707830340592
5,38,45.2881947707465
5,39,44.99596789699561
5,40,42.151768289677804
5,41,40.49661871261269
5,42,36.71533272439735
5,43,34.84365369163346
5,44,32.46284161056669
5,45,28.739638001830347
5,46,25.669677282151635
5,47,21.916533940679106
5,48,19.991200721865614
5,49,16.501835498771367
5,50,16.320584011808897
5,51,14.568012278555873
5,52,14.4327178996271
5,53,17.390139518865194
5,54,16.57980388383761
5,55,16.084794976190615
5,56,12.25989572558856
5,57,11.386284201651502
5,58,14.624845157260317
5,59,11.225940583347107
5,60,8.535089461392655
5,61,9.494221794977184
5,62,12.715168179837013
5,63,15.99162149218174
5,64,17.891590094771473
5,65,21.05185669478402
5,66,21.41794962579103
5,67,19.59858509805814
5,68,19.598646870710077
5,69,16.821200720077066
5,70,15.991766221810412
5,71,14.149503066919802
5,72,16.85974246496778
5,73,17.85392048981823
5,74,19.304816818215144
5,75,21.767972844817724
5,76,23.444751053698454
5,77,27.098059099343775
5,78,28.06709626190846
5,79,31.712964240015307
5,80,33.18268844752996
5,81,36.73523039462644
5,82,37.75266299932487
5,83,41.034958234563675
5,84,42.17739858447179
5,85,45.674892640607474
5,86,48.06422214917183
5,87,46.489261679484045
5,88,43.262252158808465
5,89,40.78138068186688
5,90,37.99836357590094
5,91,35.92672633816359
5,92,32.47954935715355
5,93,30.56942896144542
5,94,27.498297778246744
5,95,24.58072624303284
5,96,20.954141327961317
5,97,18.660351052599633
5,98,15.405814144155933
5,99,13.515998659301522
5,100,13.266730720634492
5,101,13.284029354280461
5,102,16.821501229446323
5,103,18.277292966820866
5,104,21.69680525577037
5,105,23.93465929530006
5,106,25.080651969004407
6,1,12.506187747398954
6,2,11.295254516411541
6,3,7.482666227966665
6,4,7.188900378539077
6,5,3.7798253509267963
6,7,3.830596809681658
6,8,5.118781589061289
6,9,6.316020336958198
6,10,8.683834894222032
6,11,11.97574904187582
6,12,13.919612370021335
6,13,17.730998231314103
6,14,21.19276003384017
6,15,23.26958149527964
6,16,26.971538848114108
6,17,28.537579420798757
6,18,27.969397968436812
6,19,31.183822757896923
6,20,30.245528099230544
6,21,28.147496245077058
6,22,28.72904168934154
6,23,29.95610824978971
6,24,29.616510220356982
6,25,32.723206218891924
6,26,30.900652396401842
6,27,33.26349749130477
6,28,32.633556477752
6,29,33.561340254167575
6,30,34.39546284625469
6,31,32.36968503342731
6,32,34.59480075766838
6,33,34.06880158868917
6,34,35.60417203339041
6,35,35.86597743680034
6,36,38.229426873467624
6,37,39.435873716154646
6,38,43.22467360661766
6,39,43.16013657272189
6,40,40.355903700576924
6,41,38.54092025245371
6,42,34.78069652926855
6,43,32.83580302967549
6,44,30.179353403788
6,45,26.56559829960594
6,46,23.26511901308999
6,47,19.620986489105643
6,48,17.351645230505497
6,49,13.707343163228025
6,50,13.251419114514713
6,51,11.503812160734524
6,52,12.098908112201373
6,53,15.142972332355159
6,54,14.367177463614848
6,55,13.19096882640809
6,56,10.20621033992963
6,57,10.494316437405736
6,58,12.472049396440992
6,59,8.847850784734765
6,60,7.288273851806287
6,61,8.998051819010776
6,62,11.330570478974218
6,63,14.975352107502976
6,64,16.680587804443302
6,65,20.049559190585068
6,66,19.912329580541254
6,67,17.580406570171203
6,68,17.250815628293715
6,69,14.098389846319472
6,70,12.937914578364484
6,71,10.754174324664591
6,72,13.239502488177116
6,73,14.245094339452407
6,74,15.608894572933123
6,75,18.223189401319427
6,76,20.091808564407025
6,77,23.817821842232973
6,78,25.058632900847055
6,79,28.78172048023192
6,80,30.316092215500706
6,81,33.912985893134476
6,82,34.752244067863266
6,83,37.952643512478396
6,84,38.90908035684909
6,85,42.4308150165105
6,86,44.94512552635374
6,87,43.419494331153665
6,88,40.303446770797116
6,89,37.73493168898094
6,90,35.038854778697534
6,91,32.76779220021131
6,92,29.24299969053668
6,93,27.280505768260756
6,94,24.079989408140882
6,95,21.329181775675117
6,96,17.680608675732735
6,97,15.441302039391356
6,98,11.979317453597327
6,99,9.893659800440757
6,100,9.49088606619587
6,101,9.773777759396229
6,102,13.415306211429966
6,103,15.309983384764916
6,104,18.849658198206388
6,105,21.441161828308964
6,106,22.940313954914355
7,1,15.502755432197382
7,2,13.799596089442295
7,3,10.177967935823292
7,4,10.033463022340442
7,5,6.60409667053165
7,6,3.830596809681658
7,8,3.876609221798643
7,9,6.901073568674526
7,10,9.821207721506495
7,11,13.559307419943302
7,12,15.958089741393144
7,13,19.72925426586976
7,14,23.21813986697384
7,15,24.802065149609486
7,16,28.58432105610517
7,17,29.74358087925147
7,18,28.839928755141262
7,19,31.760171608181164
7,20,30.422242303263648
7,21,28.186201431724374
7,22,28.372192865802454
7,23,29.773065496940195
7,24,29.2660097132756
7,25,32.080988374816535
7,26,30.038753296078625
7,27,32.58057552471892
7,28,32.15818514175977
7,29,33.501363086566506
7,30,34.670148263005935
7,31,33.023986138368876
7,32,35.57947896005642
7,33,35.373179687113726
7,34,37.13370944025248
7,35,37.440136284179935
7,36,39.999350528216276
7,37,41.33195813299635
7,38,45.17693342488891
7,39,45.322137122463886
7,40,42.53932989090846
7,41,40.531555344273364
7,42,36.804133895470834
7,43,34.703011626887594
7,44,31.80830190422833
7,45,28.347163800316853
7,46,24.883136495924827
7,47,21.4560624622939
7,48,18.716117090492443
7,49,14.943878449670432
7,50,13.607622193774224
7,51,11.147060628012843
7,52,11.996007686239215
7,53,14.325588443060997
7,54,12.684241532602094
7,55,11.077749474910558
7,56,8.02756262693451
7,57,8.511749448372994
7,58,9.036946245692056
7,59,5.254156852295025
7,60,4.284920704134547
7,61,6.301444620501066
7,62,7.854828129584768
7,63,11.640475999485396
7,64,13.088728225648985
7,65,16.541804224019554
7,66,16.315455222962445
7,67,13.826260400081104
7,68,13.4294651643516
7,69,10.373577195294343
7,70,9.651911669349714
7,71,8.260628818331208
7,72,11.339953141929222
7,73,13.299616589273448
7,74,14.884350169395438
7,75,18.058287322725846
7,76,20.417902868723665
7,77,24.22624605848154
7,78,25.95833739374189
7,79,29.752249710492933
7,80,31.315748845744384
7,81,34.91177379191062
7,82,35.39294471782731
7,83,38.37748768925156
7,84,39.01516283064337
7,85,42.50877400923759
7,86,45.26424113596543
7,87,43.927220966705434
7,88,41.02597000341751
7,89,38.38343456508404
7,90,35.88661726925315
7,91,33.29041932696021
7,92,29.66063802086959
7,93,27.56070170616921
7,94,24.08185517780687
7,95,21.675368974421374
7,96,17.975492897858594
7,97,16.157478615766447
7,98,12.40289320488485
7,99,9.50745905902004
7,100,8.087112891810097
7,101,6.968810318902863
7,102,10.376929248459227
7,103,11.827549580414358
7,104,15.228379692079374
7,105,17.745289480101732
7,106,19.13474257979145
8,1,17.28944292747468
8,2,16.289342395739578
8,3,12.523147915105634
8,4,12.166599209461626
8,5,8.451928209583063
8,6,5.118781589061289
8,7,3.876609221798643
8,9,3.810879696669394
8,10,6.3776063701544725
8,11,10.191939624455259
8,12,12.869526389000606
8,13,16.50305824007223
8,14,20.019196272093065
8,15,21.33120587171148
8,16,25.114742787862205
8,17,26.07361717966042
8,18,25.175378180577514
8,19,28.056899614466637
8,20,26.776782553582635
8,21,24.71165595242574
8,22,25.109990817350585
8,23,26.751292636291918
8,24,26.60122023799243
8,25,29.385720469768323
8,26,27.16737240896616
8,27,29.464856012716293
8,28,28.7810568256604
8,29,30.08951491538139
8,30,31.12459139737067
8,31,29.53077334486491
8,32,32.112022795410134
8,33,31.88648467978283
8,34,33.830195267582255
8,35,34.350182855364366
8,36,37.08729858683512
8,37,38.6640278713628
8,38,42.55159667825588
8,39,42.64074104271066
8,40,39.739080938285674
8,41,37.526639685686135
8,42,33.794862297147496
8,43,31.490153042402277
8,44,28.575944577905876
8,45,25.16418540523772
8,46,21.744201688643574
8,47,18.455490888700787
8,48,15.440584392368566
8,49,11.6473114419117
8,50,9.900423033518154
8,51,7.2810573756543135
8,52,8.327357231582413
8,53,10.89420422739964
8,54,9.892101926972245
8,55,8.156745855399063
8,56,6.278503574156434
8,57,8.303128764118386
8,58,8.878736223839025
8,59,5.802927828729428
8,60,6.571650803431554
8,61,9.669677304512192
8,62,10.61980248372891
8,63,14.445585072796625
8,64,15.13896877436286
8,65,18.815067522111775
8,66,18.497649341264733
8,67,15.462937315014017
8,68,14.143429335441304
8,69,10.566089804419338
8,70,8.458668028049514
8,71,5.833270268533631
8,72,8.520020142508491
8,73,10.034485713129149
8,74,12.164542130491677
8,75,15.270131287769487
8,76,17.893128848306176
8,77,21.659382056401046
8,78,23.252025590890074
8,79,27.014302372919275
8,80,28.2723899694104
8,81,31.76711919935905
8,82,32.09860740408157
8,83,35.01579471700313
8,84,35.762721879894364
8,85,39.176565815625125
8,86,41.910877519760184
8,87,40.713752969377204
8,88,37.82672600023501
8,89,35.3450130650517
8,90,33.01319472350792
8,91,30.44309262956846
8,92,26.924684849634524
8,93,24.538537428931395
8,94,21.037481040268492
8,95,18.427401155328184
8,96,14.622248862374535
8,97,13.25388694546042
8,98,9.591772990872203
8,99,6.369606781021192
8,100,6.26625047535263
8,101,6.3943641317329964
8,102,10.01262418638811
8,103,12.418750804708976
8,104,15.676578926725323
8,105,18.75074728173865
8,106,20.254355371563403
9,1,17.810944431799356
9,2,17.20694500339579
9,3,13.416434209736591
9,4,12.328248644460958
9,5,8.71837333593933
9,6,6.316020336958198
9,7,6.901073568674526
9,8,3.810879696669394
9,10,3.822344043549187
9,11,7.214549395648379
9,12,10.38787513479231
9,13,13.836473979155336
9,14,17.55319029868815
9,15,19.062456342483003
9,16,22.75414687153185
9,17,23.746536752223868
9,18,23.337901511343578
9,19,26.417730296596808
9,20,25.600133195238932
9,21,23.984324296941047
9,22,24.949634700657796
9,23,26.80883962696033
9,24,27.169093942265512
9,25,30.03353876370977
9,26,27.730363689520708
9,27,29.610944101781417
9,28,28.450201139886442
9,29,29.481779422942846
9,30,30.06180145489163
9,31,28.279872086200445
9,32,30.600418326565265
9,33,29.98442550707382
9,34,32.03305094209932
9,35,32.86524686795248
9,36,35.647730676591245
9,37,37.409921740145286
9,38,41.285268702263686
9,39,41.0613912787527
9,40,37.963149857253235
9,41,35.679436046031945
9,42,31.889199974062514
9,43,29.414315152505175
9,44,26.7802001563627
9,45,23.245354414909414
9,46,20.120721507145163
9,47,16.776554401431998
9,48,13.86939907280732
9,49,10.195124929904221
9,50,8.615112266049048
9,51,6.143022540172153
9,52,5.8182075940785065
9,53,9.037812604053336
9,54,9.137808767354294
9,55,8.641704965744218
9,56,6.761373099561393
9,57,8.622517413753934
9,58,11.062740957822275
9,59,8.708087880578889
9,60,8.9070336220346
9,61,12.325952110040467
9,62,13.845439089490814
9,63,17.64349760510356
9,64,18.04890184217684
9,65,21.811219480037956
9,66,21.869330989536742
9,67,18.857705015795784
9,68,17.212072654389395
9,69,13.679622117024401
9,70,11.04199023797197
9,71,8.100470436397924
9,72,10.128870335430623
9,73,10.664086347941995
9,74,13.249559929413023
9,75,15.819541874432755
9,76,18.322949096125907
9,77,21.92030292337804
9,78,22.960102801386242
9,79,26.59522802753142
9,80,27.435275436313
9,81,30.774168769645804
9,82,31.183719032504527
9,83,34.146861951205125
9,84,35.266364800396644
9,85,38.56225538672245
9,86,41.10239124122924
9,87,39.9851017084177
9,88,36.96654765236245
9,89,34.76888192373074
9,90,32.49902773865729
9,91,30.22219608084747
9,92,26.93464354371548
9,93,24.326774012307407
9,94,21.032153335081013
9,95,17.934699826894175
9,96,14.079880251483647
9,97,13.044413516528119
9,98,9.91983502781541
9,99,7.275960491113144
9,100,8.912315372803606
9,101,9.89737475154221
9,102,13.384652888091052
9,103,15.972210531876705
9,104,19.03201755258787
9,105,22.183315998399454
9,106,23.45976570932591
10,1,18.473883451904673
10,2,18.65266034823016
10,3,15.06037361232375
10,4,14.461545963559002
10,5,11.26409426772474
10,6,8.683834894222032
10,7,9.821207721506495
10,8,6.3776063701544725
10,9,3.822344043549187
10,11,3.8255550672877687
10,12,6.77014390546686
10,13,10.228441333043774
10,14,13.862104260919345
10,15,15.321715619743541
10,16,19.046537842381813
10,17,20.175309371018233
10,18,19.73712905286633
10,19,22.938268062685964
10,20,22.282645835727454
10,21,20.71721737373548
10,22,21.95951506378967
10,23,23.73101412533487
10,24,24.327593500408256
10,25,27.32767821198191
10,26,25.16413669776358
10,27,26.831869102819635
10,28,25.513384820601384
10,29,26.243114014127812
10,30,26.642245318429243
10,31,24.675665821955675
10,32,26.88622852591034
10,33,26.23235310666778
10,34,28.222589521824247
10,35,29.050726149243783
10,36,31.850082583624182
10,37,33.673081953219594
10,38,37.553379986252224
10,39,37.322780884923496
10,40,34.20987099349215
10,41,31.881923925107067
10,42,28.1001443212484
10,43,25.622127769086198
10,44,22.95940980006084
10,45,19.43191630776945
10,46,16.30785233910156
10,47,13.006365625970236
10,48,10.07612651520347
10,49,6.475356395240143
10,50,5.419075782843969
10,51,4.5576125270193915
10,52,5.236944155071346
10,53,9.06887602494252
10,54,10.535799195981005
10,55,9.691110129744573
10,56,9.719058375958873
10,57,12.192876641516065
10,58,13.929167691328342
10,59,11.748514646171312
10,60,12.477357731679248
10,61,15.757313576694715
10,62,16.98355869796614
10,63,20.803752237808496
10,64,21.245586902771954
10,65,24.991398539856423
10,66,24.6845787739476
10,67,21.43878928597407
10,68,19.612961698799904
10,69,15.876153940076737
10,70,12.803675575668045
10,71,9.236496109015084
10,72,9.808482727857035
10,73,8.924855022978424
10,74,11.255493108784867
10,75,13.138601293512018
10,76,15.389253615814797
10,77,18.805484351489532
10,78,19.519993379822683
10,79,23.06998854873337
10,80,23.765972411458417
10,81,27.0673949555341
10,82,27.57902797861676
10,83,30.626015633371818
10,84,31.91036850553358
10,85,35.20796218510933
10,86,37.61994339094396
10,87,36.42805069479659
10,88,33.33187609113854
10,89,31.202274731013055
10,90,28.920198515593963
10,91,26.79748874417424
10,92,23.63870595675337
10,93,21.005894302073298
10,94,17.91833714314493
10,95,14.583152725358623
10,96,10.815425830219509
10,97,9.857367654102294
10,98,7.376927045431015
10,99,5.890821680495582
10,100,8.9041459762716
10,101,11.178784022891621
10,102,14.449606774152045
10,103,17.632913534337643
10,104,20.718911842219033
10,105,24.163765089680346
10,106,25.808465382461677
11,1,20.201616890918682
11,2,20.910777153447423
11,3,17.54888835255593
11,4,16.80068598479702
11,5,14.027526595538092
11,6,11.97574904187582
11,7,13.559307419943302
11,8,10.191939624455259
11,9,7.214549395648379
11,10,3.8255550672877687
11,12,3.8517744567621137
11,13,6.709985584424558
11,14,10.473565316794957
11,15,12.087852294542682
11,16,15.6851551166566
11,17,16.937133632046006
11,18,16.98486124687902
11,19,20.399390466934552
11,20,20.293695335672783
11,21,19.214226122800913
11,22,21.06576058676157
11,23,22.90786175255438
11,24,24.02291505742289
11,25,27.06619630122729
11,26,24.970487598506356
11,27,26.153574731009442
11,28,24.398142192366166
11,29,24.703468078089337
11,30,24.594249250009053
11,31,22.38226277736468
11,32,24.252626295370842
11,33,23.223261338878363
11,34,25.259639073614554
11,35,26.36476777117803
11,36,29.194015532257747
11,37,31.20492223132966
11,38,35.04744585802179
11,39,34.553435714919075
11,40,31.279760968049967
11,41,28.86796226696149
11,42,25.066468427147154
11,43,22.43887330717547
11,44,20.050754812154388
11,45,16.463077635672775
11,46,13.73286842475897
11,47,10.564396193596258
11,48,7.973685682683304
11,49,5.339855672559787
11,50,5.453903109563129
11,51,6.408740110149901
11,52,6.261012225566181
11,53,9.803092457542885
11,54,12.411561865908688
11,55,12.175630337275996
11,56,12.765393838950947
11,57,15.1579683977006
11,58,17.306505729829123
11,59,15.433361579879714
11,60,16.10279931573631
11,61,19.431784051415462
11,62,20.776303116006687
11,63,24.59253770412477
11,64,24.917584152779778
11,65,28.68967174781721
11,66,28.437060947059035
11,67,25.13254437121755
11,68,23.120100042806875
11,69,19.38940913436604
11,70,16.090509532142413
11,71,12.501442443242354
11,72,12.355141743590575
11,73,10.51009510847984
11,74,12.652440430646347
11,75,13.573440156907498
11,76,15.389878079385856
11,77,18.343378937710007
11,78,18.362615475944835
11,79,21.620609515646624
11,80,21.834189234977096
11,81,24.90515188327438
11,82,25.533657797625022
11,83,28.6207566244148
11,84,30.2916769405828
11,85,33.449021287605696
11,86,35.6053201791684
11,87,34.45018416801681
11,88,31.235904839164764
11,89,29.413181363541863
11,90,27.217954268233314
11,91,25.470665347573426
11,92,22.66405377773128
11,93,19.91623960499732
11,94,17.27052857586445
11,95,13.572485078816904
11,96,10.214674058184928
11,97,9.801435992682224
11,98,8.734522669170081
11,99,8.579592485185856
11,100,12.103589358029321
11,101,14.746489066062514
11,102,17.81267382786969
11,103,21.159709449746323
11,104,24.126784696023275
11,105,27.672008926651703
11,106,29.319919617373564
12,1,19.92863543239243
12,2,21.331936615681542
12,3,18.36776803380506
12,4,18.13986063777313
12,5,15.9020481272869
12,6,13.919612370021335
12,7,15.958089741393144
12,8,12.869526389000606
12,9,10.38787513479231
12,10,6.77014390546686
12,11,3.8517744567621137
12,13,3.859066259596314
12,14,7.334784155113296
12,15,9.600066201308286
12,16,13.157851040600178
12,17,15.10836406817127
12,18,15.206623391549353
12,19,18.876429791764455
12,20,19.091851396011705
12,21,17.964939279092604
12,22,20.063793713296974
12,23,21.42958824853089
12,24,22.58233798058236
12,25,25.87800449469461
12,26,24.230271993157587
12,27,25.28034611178013
12,28,23.544939616018862
12,29,23.31209186876422
12,30,22.97172789550527
12,31,20.31817028955566
12,32,21.83874246018629
12,33,20.669421016231
12,34,22.307076619735057
12,35,23.160180829644798
12,36,25.783328240558262
12,37,27.631912240614152
12,38,31.448653155376714
12,39,30.92780397682526
12,40,27.713483396894294
12,41,25.476828718427207
12,42,21.656666926240764
12,43,19.291467138196655
12,44,16.95505565839278
12,45,13.234750194965745
12,46,10.521913086732598
12,47,7.082682146638094
12,48,5.435218463995943
12,49,4.196987745749625
12,50,6.765984605523937
12,51,9.2534835459683
12,52,9.93935537163345
12,53,13.317661029513133
12,54,16.060754232449195
12,55,15.414737764037636
12,56,16.329601551641243
12,57,18.74238674761402
12,58,20.589119278669887
12,59,18.427805926598236
12,60,19.050332932570583
12,61,22.0934898947317
12,62,23.439525855325677
12,63,27.26641761000543
12,64,27.91331305604087
12,65,31.62062185441849
12,66,31.075788164055172
12,67,27.76337241108635
12,68,25.945183265955336
12,69,22.136032934692327
12,70,18.919359957460724
12,71,15.166105906577505
12,72,14.407301211273014
12,73,11.814531489568115
12,74,12.934283889112457
12,75,12.825923943984119
12,76,13.725994732828157
12,77,16.28473375545481
12,78,15.704022204773441
12,79,18.781133317195486
12,80,19.044708329384427
12,81,22.14152712500562
12,82,23.211252511541595
12,83,26.539251247392777
12,84,28.43015635611946
12,85,31.64759327017325
12,86,33.55045633928667
12,87,32.100844645799526
12,88,28.704546419850686
12,89,26.86334153513743
12,90,24.435977206216474
12,91,23.02777237083677
12,92,20.385515116956835
12,93,17.979086372087558
12,94,15.86723953732098
12,95,12.080804764209821
12,96,9.396702545642595
12,97,8.465644334501308
12,98,8.686125606298495
12,99,10.06345741114913
12,100,13.576351626651297
12,101,16.790383236383363
12,102,19.7436409258263
12,103,23.307895593657275
12,104,26.422022646981212
12,105,30.033014839540357
12,106,32.012555548814504
13,1,23.114106314039436
13,2,24.782425784066596
13,3,21.97386551783641
13,4,21.643044552310347
13,5,19.55104225583379
13,6,17.730998231314103
13,7,19.72925426586976
13,8,16.50305824007223
13,9,13.836473979155336
13,10,10.228441333043774
13,11,6.709985584424558
13,12,3.859066259596314
13,14,3.8224449123886686
13,15,6.309235379693854
13,16,9.580347703801785
13,17,11.72910087982799
13,18,12.43569070569003
13,19,16.24462394769974
13,20,17.12207796809075
13,21,16.631941135685867
13,22,19.32013400068704
13,23,20.738012081650623
13,24,22.45067900400052
13,25,25.62781625398233
13,26,24.0648758614327
13,27,24.547357949628662
13,28,22.388358091702464
13,29,21.694841614750377
13,30,20.780053540362353
13,31,17.920331260603607
13,32,19.005977559364936
13,33,17.42070754880941
13,34,19.146255518676412
13,35,20.379929152675192
13,36,23.089150896773173
13,37,25.228956695083717
13,38,28.984856339725997
13,39,28.204439919429394
13,40,24.80436192471836
13,41,22.385595942873277
13,42,18.57430709101795
13,43,15.95564742234068
13,44,13.954495022908977
13,45,10.262605912012358
13,46,8.332992203424379
13,47,5.758358559706048
13,48,5.386407425933168
13,49,6.5894523924204185
13,50,9.022879736060736
13,51,11.898792717806947
13,52,12.220782709521647
13,53,15.004176005515681
13,54,18.28534502022527
13,55,17.961322132843723
13,56,19.354773773179662
13,57,21.84478422887293
13,58,23.75404385000031
13,59,21.89516957629696
13,60,22.654826680218427
13,61,25.817281888886388
13,62,27.111202405231307
13,63,30.931077323483304
13,64,31.391200985802367
13,65,35.12761090289277
13,66,34.59802938011708
13,67,31.19021325250627
13,68,29.152001603555654
13,69,25.36289773103564
13,70,21.960231227579825
13,71,18.258006603395685
13,72,17.078025305474068
13,73,14.083503257985427
13,74,15.076931099592505
13,75,14.201906743101969
13,76,14.67770305261248
13,77,16.477993404271807
13,78,15.152020988430888
13,79,17.67040403073571
13,80,17.243272021036418
13,81,19.93231945026176
13,82,21.056035983599564
13,83,24.333052554383414
13,84,26.6142257515007
13,85,29.608471556373928
13,86,31.222402783166746
13,87,29.867304070400362
13,88,26.40906843907796
13,89,24.973178126881216
13,90,22.762752672863513
13,91,21.800861463961844
13,92,19.688550897472435
13,93,17.205150727192766
13,94,15.738525028980623
13,95,11.931034940138415
13,96,10.224174419890181
13,97,10.230479607650642
13,98,11.55949015106062
13,99,13.280528803252349
13,100,16.936321522337163
13,101,20.219896184212896
13,102,22.94580355661513
13,103,26.595904192588893
13,104,29.537241719589534
13,105,33.23259672145649
13,106,35.20064814629607
14,1,25.499920547593785
14,2,27.544265362908064
14,3,24.990345846914618
14,4,24.917817431125535
14,5,23.03744321618208
14,6,21.19276003384017
14,7,23.21813986697384
14,8,20.019196272093065
14,9,17.55319029868815
14,10,13.862104260919345
14,11,10.473565316794957
14,12,7.334784155113296
14,13,3.8224449123886686
14,15,3.826006738125685
14,16,6.361051319630755
14,17,9.309081489403054
14,18,10.311709164613346
14,19,14.17410611715491
14,20,15.620970736997277
14,21,15.474923144209779
14,22,18.51408269509891
14,23,19.575676559463478
14,24,21.581843667779452
14,25,24.734374224694903
14,26,23.54811161258647
14,27,23.618437396900898
14,28,21.32553141899199
14,29,20.02270705519594
14,30,18.655451708515873
14,31,15.430482457665336
14,32,15.955008418896698
14,33,14.076653313253361
14,34,15.524029592099385
14,35,16.793557217197304
14,36,19.443682628671937
14,37,21.689065545230303
14,38,25.393298985691434
14,39,24.507262650472878
14,40,21.05260033532747
14,41,18.58288524944851
14,42,14.777558302491316
14,43,12.166419878086996
14,44,10.372083718436464
14,45,6.678310962443199
14,46,5.717833697191859
14,47,4.689780548314307
14,48,6.384928453405954
14,49,9.155859287898346
14,50,11.866152120300889
14,51,15.146993711277261
14,52,15.74169196107864
14,53,18.241080407916485
14,54,21.66122589224621
14,55,21.188778686311096
14,56,22.98614046009654
14,57,25.603145304397
14,58,27.23922737300336
14,59,25.407891796543467
14,60,26.29994235662884
14,61,29.3927268740658
14,62,30.569544864172464
14,63,34.37089143632622
14,64,34.87495800307255
14,65,38.578872453811364
14,66,37.86413870864613
14,67,34.39428368841562
14,68,32.339223217635976
14,69,28.544026541959077
14,70,25.11972075901213
14,71,21.4142006450206
14,72,19.78977526333884
14,73,16.436648463523476
14,74,16.842431514504852
14,75,15.132790652205538
14,76,14.838406572222953
14,77,15.771522866535584
14,78,13.658623163837218
14,79,15.507565745245573
14,80,14.62474902331443
14,81,16.97590561240702
14,82,18.414345067761747
14,83,21.76177264209187
14,84,24.365509802405075
14,85,27.23109937609525
14,86,28.50365146586201
14,87,27.015827257308146
14,88,23.446354020712164
14,89,22.256070814579722
14,90,20.082531462197075
14,91,19.6448781680106
14,92,18.06426251235862
14,93,15.869767484569083
14,94,15.263755465024868
14,95,11.782347717724232
14,96,11.321598824107678
14,97,11.598159568994351
14,98,13.866153749878226
14,99,16.17251838289601
14,100,19.74801604658462
14,101,23.233908394193524
14,102,25.722815073934687
14,103,29.480580925610955
14,104,32.363914928098886
14,105,36.11667764881716
14,106,38.261074543125964
15,1,28.598072927752238
15,2,30.47781071604547
15,3,27.736004313617066
15,4,27.706562744667707
15,5,25.479046661152353
15,6,23.26958149527964
15,7,24.802065149609486
15,8,21.33120587171148
15,9,19.062456342483003
15,10,15.321715619743541
15,11,12.087852294542682
15,12,9.600066201308286
15,13,6.309235379693854
15,14,3.826006738125685
15,16,3.806069218047947
15,17,5.906668596465272
15,18,6.508787490668432
15,19,10.375978764908846
15,20,11.930386549913765
15,21,12.206033802873614
15,22,15.541928678023538
15,23,16.896971811058293
15,24,19.37772837501221
15,25,22.19477553570437
15,26,20.855227111483423
15,27,20.513262505892964
15,28,17.937828189146952
15,29,16.575762720642157
15,30,15.043958948662096
15,31,12.009127468941829
15,32,12.816524035709604
15,33,11.224110886758028
15,34,13.343703660853475
15,35,15.048812702404433
15,36,18.210161255541408
15,37,20.924823210318173
15,38,24.652246884627942
15,39,23.997514049977266
15,40,20.536445073371354
15,41,17.563938608488822
15,42,13.947198067776725
15,43,10.787721274864717
15,44,8.510216611500857
15,45,5.529491264901253
15,46,4.970012636977271
15,47,6.023109811273488
15,48,6.836459370570871
15,49,10.13659411612708
15,50,12.087836334625225
15,51,15.488382822801675
15,52,16.27928876049205
15,53,18.144139281673507
15,54,21.713194591189268
15,55,21.144204847921838
15,56,23.736758107847262
15,57,26.709724847783182
15,58,27.757737271216445
15,59,26.334763232782947
15,60,27.70565486589794
15,61,30.946398399725776
15,62,31.7302835213663
15,63,35.45930802961481
15,64,35.65659221331472
15,65,39.33562802221824
15,66,38.49583335698345
15,67,34.86875857768439
15,68,32.531786394081145
15,69,28.820479263277882
15,70,25.257192291477295
15,71,21.714103897392086
15,72,19.585797349368224
15,73,16.03699212934703
15,74,16.416302963783554
15,75,14.363284854044863
15,76,14.229829371714047
15,77,14.637630253306465
15,78,12.544130715645224
15,79,14.037264430229502
15,80,12.476274516093838
15,81,14.506780021275533
15,82,15.388933097514784
15,83,18.500813653546157
15,84,21.12091992619535
15,85,23.851420942106483
15,86,25.228489809297574
15,87,24.03798003231185
15,88,20.634896857961156
15,89,19.662973059897446
15,90,17.967476386845632
15,91,17.415789007430668
15,92,16.152711872372667
15,93,13.563132863233372
15,94,13.223221049806531
15,95,10.045412606492487
15,96,10.417384091281209
15,97,11.842861881487895
15,98,14.555375402499633
15,99,16.83067978083065
15,100,20.433880084506388
15,101,23.872729264896588
15,102,25.938975079467053
15,103,29.735877213596154
15,104,32.30663334368456
15,105,36.12901384197319
15,106,38.285908484391925
16,1,31.736465148398956
16,2,33.806935062541186
16,3,31.19929825232159
16,4,31.14029461303101
16,5,29.05290307780562
16,6,26.971538848114108
16,7,28.58432105610517
16,8,25.114742787862205
16,9,22.75414687153185
16,10,19.046537842381813
16,11,15.6851551166566
16,12,13.157851040600178
16,13,9.580347703801785
16,14,6.361051319630755
16,15,3.806069218047947
16,17,3.841187739130486
16,18,5.891876854459861
16,19,9.246050113977267
16,20,11.869527980156322
16,21,13.031090773005158
16,22,16.67291803252636
16,23,17.81825107158991
16,24,20.67663248111156
16,25,23.219700268805564
16,26,22.153016225632978
16,27,21.212307122897094
16,28,18.36342729227421
16,29,16.376701552244356
16,30,14.059096490978247
16,31,10.832930501035879
16,32,10.58713152846523
16,33,8.17007724935464
16,34,10.352915764863193
16,35,12.685261970145579
16,36,15.856151349838045
16,37,18.908489936669195
16,38,22.423123309052936
16,39,21.465801238552693
16,40,17.859892375145076
16,41,14.654377142044904
16,42,11.247173617955461
16,43,7.693088840988144
16,44,6.329467893870273
16,45,4.6789703033000425
16,46,6.663614126681935
16,47,8.96829541242926
16,48,10.50668550061866
16,49,13.92329648443559
16,50,15.836353613551266
16,51,19.17618728104618
16,52,19.774176908882563
16,53,21.370887954368218
16,54,25.065779063543122
16,55,24.67066529057647
16,56,27.34974755129425
16,57,30.285209167830363
16,58,31.41999222589199
16,59,30.09287973937655
16,60,31.45567354990116
16,61,34.72021464194797
16,62,35.52638336984914
16,63,39.25315426458643
16,64,39.39871295830784
16,65,43.081101420829874
16,66,42.242267639854916
16,67,38.59073818169
16,68,36.18501280847256
16,69,32.505388882870285
16,70,28.90872766322811
16,71,25.421412828645227
16,72,23.19137191873862
16,73,19.606152724923373
16,74,19.84111707707382
16,75,17.475701387967394
16,76,16.950931342979644
16,77,16.631367775108828
16,78,13.988961834044188
16,79,14.49970604265649
16,80,12.130404844991876
16,81,13.21727530573582
16,82,14.209959878431151
16,83,17.09323917474987
16,84,20.19010794226974
16,85,22.515969483950748
16,86,23.39313626848901
16,87,22.29096062060114
16,88,18.876410122511455
16,89,18.540042138792966
16,90,17.224675442979642
16,91,17.402560438394527
16,92,16.972260963114266
16,93,14.708934980372957
16,94,15.251870515833073
16,95,12.679963663435004
16,96,13.785223003153
16,97,15.32983739647845
16,98,18.25208517994464
