1,2,3.83042950466229
1,3,7.046719232449105
1,4,10.714644610325706
1,5,13.0840426803075
1,6,15.703611319796705
1,7,15.5750263752664
1,8,17.533943843080294
1,9,19.49243093161342
1,10,21.323617413985986
1,11,24.59890183737539
1,12,27.758342933003604
1,13,30.740807868759937
1,14,34.06535903228625
1,15,36.35768160413417
1,16,36.453099220646294
1,17,40.041323916908844
1,18,39.8384132406038
1,19,37.98973915999222
1,20,38.83917089212491
1,21,39.437387235065025
1,22,38.70428054856444
1,23,42.21959251889919
1,24,41.505497596580476
1,25,43.608494082398835
1,26,42.91622152262329
1,27,43.31097929643347
1,28,43.39349090347198
1,29,40.949870677591996
1,30,42.61461328499916
1,31,41.16643262294507
1,32,42.278180376156506
1,33,42.45988858905828
1,34,45.09401798173185
1,35,44.45062246433897
1,36,47.271180362905206
1,37,48.3925077872157
1,38,44.768696396089666
1,39,43.71390965680118
1,40,39.98621956204089
1,41,38.55526666908898
1,42,37.02173082194382
1,43,33.28483552541495
1,44,30.578223684306835
1,45,26.8240646853847
1,46,25.68835644505874
1,47,22.52648653635152
1,48,22.74611212612366
1,49,21.332143085552875
1,50,20.752624214929213
1,51,23.401312158301263
1,52,21.16725300661689
1,53,17.859318901587148
1,54,14.507157641536168
1,55,13.85518699124446
1,56,17.414053042199523
1,57,19.747516633571376
1,58,22.20772061938952
1,59,24.83599960396329
1,60,25.800695505970918
1,61,24.699051582644316
1,62,25.55734098529039
1,63,23.307452087414664
1,64,22.933550108026775
1,65,21.398362815465955
1,66,23.92009264475258
1,67,24.71054274721314
1,68,25.783961846695956
1,69,27.971658815783314
1,70,29.145880071603905
1,71,32.5932308457747
1,72,33.22025670046126
1,73,36.694663352119676
1,74,38.360426371886305
1,75,41.85273676058728
1,76,43.296071826363736
1,77,46.543452870685954
1,78,47.81663326440834
1,79,50.718911845679
1,80,52.82308023192067
1,81,51.379896853811644
1,82,48.633664634046546
1,83,46.330326362301875
1,84,43.07643544585135
1,85,41.1894650297691
1,86,37.755318704158064
1,87,36.26333452776598
1,88,33.453337189315235
1,89,30.55946802876654
1,90,27.21506785645685
1,91,24.476709573244847
1,92,21.589604172120783
1,93,20.197812136954145
1,94,19.899394294549488
1,95,20.06855172376575
1,96,23.402878575479935
1,97,24.39809934870798
1,98,27.697420126318796
1,99,29.26956836670525
1,100,30.816951614507317
1,101,34.572736462266384
2,1,3.83042950466229
2,3,3.8532167506934063
2,4,7.148704769341904
2,5,9.704810185945913
2,6,12.285605236528568
2,7,12.442591936984984
2,8,14.252107481396258
2,9,16.52963396564604
2,10,18.36964450267439
2,11,21.85094863348396
2,12,25.03336108801688
2,13,27.835524127992326
2,14,31.282954298072084
2,15,33.48641913155833
2,16,33.32186430380488
2,17,36.844235105888
2,18,36.45348660514076
2,19,34.463191918408185
2,20,35.17953531572669
2,21,35.75181110458596
2,22,34.955741774252104
2,23,38.442635316014346
2,24,37.724034412207786
2,25,39.885805948080495
2,26,39.28189442948273
2,27,39.76034082218328
2,28,39.98881827220614
2,29,37.63821683645607
2,30,39.46735193081017
2,31,38.221127099649735
2,32,39.41101138700921
2,33,39.53245514434975
2,34,42.24456007555213
2,35,41.646179383498406
2,36,44.59552983889245
2,37,45.82822791743102
2,38,42.26055210806944
2,39,41.151691976563974
2,40,37.38774608294278
2,41,35.90404976410826
2,42,34.12049931333332
2,43,30.40982405724757
2,44,27.49656896180002
2,45,23.748718794714563
2,46,22.399106651906912
2,47,19.144482953835627
2,48,19.30070074586423
2,49,17.99721772462561
2,50,17.847306031315824
2,51,20.55500362150314
2,52,18.483796187826037
2,53,14.951550342875267
2,54,11.98109680932156
2,55,11.722894356006048
2,56,15.043114911567244
2,57,17.806162179822177
2,58,20.19460290003879
2,59,23.103839309758357
2,60,23.700693766793957
2,61,22.18578979059728
2,62,22.851745413658353
2,63,20.30820512641793
2,64,19.741998483130125
2,65,17.988119078337764
2,66,20.32053207500433
2,67,21.041279536056436
2,68,21.995115830996706
2,69,24.21631224162786
2,70,25.44807369979353
2,71,28.948912317066995
2,72,29.74351279517436
2,73,33.29042561117401
2,74,35.028238982084495
2,75,38.56999065004835
2,76,39.90267771009965
2,77,43.10322400412852
2,78,44.254465924770976
2,79,47.19375270317047
2,80,49.36042453986506
2,81,47.90438056689837
2,82,45.246175573994705
2,83,42.908996014942346
2,84,39.68106978320794
2,85,37.661665182208004
2,86,34.1732335581869
2,87,32.65180210121293
2,88,29.779395599527124
2,89,26.98395065808646
2,90,23.630731751483737
2,91,20.85729106030331
2,92,17.874642545150795
2,93,16.495492433630986
2,94,16.13877985410916
2,95,16.511832027227364
2,96,19.92152649644468
2,97,21.20205608193757
2,98,24.65122846521279
2,99,26.507797689366125
2,100,28.277326804346785
2,101,32.07821851074014
3,1,7.046719232449105
3,2,3.8532167506934063
3,4,3.793135593974977
3,5,6.455826589759835
3,6,8.669983181494821
3,7,8.788710988523023
3,8,11.071044977726176
3,9,13.696901262033755
3,10,16.06624348247827
3,11,19.666001240802323
3,12,23.07321686046193
3,13,25.55948715767591
3,14,29.137693307115498
3,15,31.02188856939103
3,16,30.75679686737382
3,17,34.175859781919264
3,18,33.665955206817294
3,19,31.721631200597233
3,20,32.45582634106525
3,21,33.32595146169349
3,22,32.69195842267005
3,23,36.084641535091066
3,24,35.06990124765879
3,25,37.18474071821839
3,26,36.4464357248358
3,27,37.11302256365298
3,28,37.393066409225426
3,29,35.255222716461375
3,30,37.26228497618175
3,31,36.113445720022085
3,32,37.61255816913244
3,33,37.95910359123133
3,34,40.89556655859797
3,35,40.590864449451246
3,36,43.735569665633534
3,37,44.88061614618431
3,38,41.322083365753116
3,39,39.92953668971213
3,40,36.118298007667434
3,41,34.32759600266582
3,42,32.371023127221854
3,43,28.640303278843174
3,44,25.591819112672674
3,45,21.943994450448542
3,46,20.10740180496055
3,47,16.595048900142196
3,48,16.203921213277336
3,49,14.494708579946751
3,50,14.23622326250567
3,51,16.77409277909748
3,52,14.970855604845216
3,53,11.50261556713421
3,54,8.72260754347134
3,55,9.420286610563704
3,56,12.681299934053543
3,57,15.89088633099148
3,58,17.757196417790627
3,59,21.00627342264753
3,60,21.673734186752686
3,61,19.74927463711364
3,62,19.923899151463974
3,63,17.166311580792247
3,64,16.26306141853571
3,65,14.431126231415139
3,66,16.925116631220746
3,67,17.835741954895113
3,68,19.21430926409794
3,69,21.699679375829405
3,70,23.377449085471373
3,71,27.00479419116807
3,72,28.018470010574482
3,73,31.64708140138025
3,74,33.1978907668675
3,75,36.684046154904145
3,76,37.71593712229703
3,77,40.74987978418588
3,78,41.784757844529224
3,79,44.59610745755698
3,80,46.935037417184844
3,81,45.68854829228517
3,82,43.18216961577673
3,83,41.0113119971012
3,84,37.959271230457986
3,85,35.737883544563296
3,86,32.24477390021012
3,87,30.39304048146564
3,88,27.312375548943532
3,89,24.478779209248156
3,90,20.939746822623622
3,91,18.53790764044913
3,92,15.311169993172925
3,93,13.420456528260937
3,94,13.242152955669187
3,95,13.505707790709337
3,96,17.062662858938726
3,97,18.543234246015786
3,98,21.93883609781313
3,99,24.0651021997241
3,100,25.66673617760394
3,101,29.43840618446083
4,1,10.714644610325706
4,2,7.148704769341904
4,3,3.793135593974977
4,5,3.808974025967296
4,6,5.23794928675693
4,7,5.922777016219973
4,8,8.01074906184278
4,9,11.18077646092049
4,10,13.635681271801428
4,11,17.392149029506502
4,12,20.786438678140005
4,13,22.931021830990872
4,14,26.62293499269121
4,15,28.313625981347027
4,16,27.740510997292954
4,17,31.04111848553845
4,18,30.303789280611998
4,19,28.223897372307647
4,20,28.820985946545488
4,21,29.73886523778803
4,22,29.09269117455605
4,23,32.42704199814913
4,24,31.334124592630346
4,25,33.48790034881171
4,26,32.80601691739825
4,27,33.597909621494516
4,28,34.03936746670249
4,29,32.05660868010761
4,30,34.2648027162073
4,31,33.356522129691875
4,32,34.99181527844701
4,33,35.32497774552282
4,34,38.36511945778685
4,35,38.17433415933467
4,36,41.4595042213474
4,37,42.68151071496834
4,38,39.21080607477645
4,39,37.71818595132642
4,40,33.90247374860716
4,41,32.0117817505939
4,42,29.77959196507496
4,43,26.12292707234043
4,44,22.861512157956184
4,45,19.32504404666873
4,46,17.118534587489282
4,47,13.471317812695874
4,48,12.791161951358772
4,49,11.12764546751729
4,50,11.522633923162843
4,51,14.045637897563726
4,52,12.793187952345269
4,53,9.200124323578356
4,54,7.545146607686488
4,55,9.174734995686478
4,56,11.614892213329373
4,57,15.223338995335482
4,58,16.72804547811321
4,59,20.23015993040776
4,60,20.47652242121137
4,61,18.015634440464513
4,62,17.773427060628833
4,63,14.607926659231008
4,64,13.268208122120809
4,65,11.023110188405317
4,66,13.240869775033044
4,67,14.079513465705077
4,68,15.455606534063962
4,69,18.05530177452228
4,70,19.938881761638378
4,71,23.63270330161401
4,72,24.87818884863791
4,73,28.569545688715817
4,74,30.129041950764503
4,75,33.62618298379634
4,76,34.466879066848385
4,77,37.402946496111426
4,78,38.28782281585337
4,79,41.10233429473708
4,80,43.53384563195547
4,81,42.32333185100412
4,82,39.9449814170406
4,83,37.789533385804475
4,84,34.822917203124454
4,85,32.4309070237079
4,86,28.902774154414253
4,87,26.936938943642694
4,88,23.745408587400107
4,89,21.023560637954198
4,90,17.439824798130488
4,91,15.152677135447883
4,92,11.74397112895417
4,93,9.656574568080618
4,94,9.54038946711405
4,95,10.174421173367017
4,96,13.880451478307958
4,97,15.852993410675458
4,98,19.360078531275455
4,99,21.891611374146766
4,100,23.67950539098331
4,101,27.426951929575715
5,1,13.0840426803075
5,2,9.704810185945913
5,3,6.455826589759835
5,4,3.808974025967296
5,6,3.8197661409785635
5,7,6.687269368623491
5,8,9.338577767760917
5,9,13.011168442817723
5,10,15.741570708674304
5,11,19.494533526110647
5,12,22.87453871385082
5,13,24.540923025511752
5,14,28.319784760122214
5,15,29.632651079325925
5,16,28.69145880289181
5,17,31.72852604386252
5,18,30.580322862027266
5,19,28.28523495007035
5,20,28.495225321266446
5,21,29.53658466536553
5,22,28.670276047790775
5,23,31.751401479668562
5,24,30.461892324665467
5,25,32.86609803992461
5,26,32.380649485188094
5,27,33.59063045980978
5,28,34.391737892509745
5,29,32.774960059994065
5,30,35.310821002693785
5,31,34.73874239348005
5,32,36.58800594920404
5,33,36.916431952825505
5,34,40.05246840192105
5,35,39.95047695795995
5,36,43.3559620642304
5,37,44.702145789336356
5,38,41.349730520712015
5,39,39.78115895890254
5,40,35.98911525180877
5,41,33.99125368067897
5,42,31.471898522021
5,43,27.945161801005398
5,44,24.47753172927409
5,45,21.16340343147233
5,46,18.486208709322426
5,47,14.735207447406275
5,48,13.227857789996005
5,49,10.980466399018209
5,50,11.778783624939946
5,51,13.370353038358072
5,52,9.628489761960404
5,53,5.843135511605038
5,54,4.751775706901505
5,55,6.416516890195803
5,56,8.100960407323798
5,57,11.820834149949476
5,58,13.16424383667303
5,59,16.70267274018566
5,60,16.79630385211919
5,61,14.223211277935597
5,62,14.012182152240987
5,63,10.94765678462288
5,64,10.083512274119535
5,65,8.570798450805073
5,66,11.356469345797793
5,67,13.136487905996074
5,68,14.633569790372706
5,69,17.78220968321827
5,70,20.096050741340072
5,71,23.88706004790797
5,72,25.666724237350103
5,73,29.43607055592939
5,74,31.099221080827242
5,75,34.601158481299244
5,76,35.09634740150042
5,77,37.80136099495363
5,78,38.31854976217622
5,79,41.10178113341901
5,80,43.76604370893914
5,81,42.647290061976335
5,82,40.54886832507059
5,83,38.39349510557127
5,84,35.560722436081015
5,85,32.849882148750766
5,86,29.231346972608975
5,87,27.141209823145644
5,88,23.703016592096166
5,89,21.376737767350466
5,90,17.752905926798284
5,91,15.816543787997109
5,92,12.072207095630484
5,93,9.192832889881743
5,94,7.884056245731999
5,95,7.206396167843235
5,96,10.691465088589371
5,97,12.264406243375586
5,98,15.680309227799123
5,99,18.12625645529015
5,100,19.87401396205159
5,101,23.62847282298851
6,1,15.703611319796705
6,2,12.285605236528568
6,3,8.669983181494821
6,4,5.23794928675693
6,5,3.8197661409785635
6,7,3.8244454474086673
6,8,6.293885308965452
6,9,10.04140081552893
6,10,13.021549350486735
6,11,16.626553158669594
6,12,20.037688050082686
6,13,21.377459487545885
6,14,25.166989657568585
6,15,26.223479941672185
6,16,25.26926977250384
6,17,28.234284949886646
6,18,27.1120026583768
6,19,24.976938461717882
6,20,25.384334181229622
6,21,26.722402456621513
6,22,26.205716995729286
6,23,29.26078934600863
6,24,27.718278503670316
6,25,29.89484311945633
6,26,29.1491971931649
6,27,30.361751918498637
6,28,31.056514325333
6,29,29.54670408977501
6,30,32.12075750481371
6,31,31.55591794160485
6,32,33.62311623897808
6,33,34.18069235926378
6,34,37.46899194914137
6,35,37.65285744859674
6,36,41.165958002668205
6,37,42.35037527712447
6,38,39.01816286494936
6,39,37.20911854564255
6,40,33.43355195922233
6,41,31.197787468188345
6,42,28.629866180651934
6,43,25.14406849705807
6,44,21.697131064671844
6,45,18.601235980802226
6,46,15.594872193360054
6,47,11.79964654881355
6,48,9.760229886291283
6,49,7.198302573002701
6,50,8.194341584396621
6,51,9.826908229773252
6,52,8.748804107633898
6,53,5.642694994552216
6,54,6.33484785875599
6,55,9.312307459225627
6,56,10.350921365886132
6,57,14.1322295495547
6,58,14.59771482066068
6,59,18.344717569359588
6,60,18.406828264965718
6,61,15.306161220359481
6,62,14.150860450362512
6,63,10.597636414356405
6,64,8.456148456716436
6,65,5.872901096347381
6,66,8.397788991102809
6,67,9.92009663443259
6,68,12.039679253688794
6,69,15.192922035215117
6,70,17.86068457627721
6,71,21.619840997774688
6,72,23.367699775144334
6,73,27.085458942599516
6,74,28.43215010165486
6,75,31.797591302852048
6,76,32.08880189497921
6,77,34.67584347086008
6,78,35.22988194816364
6,79,37.86552401894152
6,80,40.58778949923046
6,81,39.66428864560427
6,82,37.62438669586835
6,83,35.68602177696097
6,84,33.0403708657173
6,85,30.290460884715944
6,86,26.78825860721493
6,87,24.38201065523945
6,88,20.87036652562759
6,89,18.38458152332911
6,90,14.655482026869553
6,91,13.260929632503906
6,92,9.588011604181206
6,93,6.262202888386838
6,94,6.1672944178861595
6,95,6.392093811320739
6,96,10.065778365798412
6,97,12.458960405717493
6,98,15.710097448526364
6,99,18.694564509369545
6,100,20.28121293636245
6,101,23.860165717579974
7,1,15.5750263752664
7,2,12.442591936984984
7,3,8.788710988523023
7,4,5.922777016219973
7,5,6.687269368623491
7,6,3.8244454474086673
7,8,3.7909017603016357
7,9,6.989865627403693
7,10,10.414361057688549
7,11,13.85985087564128
7,12,17.481920630875294
7,13,19.049606495739848
7,14,22.766687042197237
7,15,23.908791252562345
7,16,23.44217520167331
7,17,26.602122187024456
7,18,25.956053948397432
7,19,24.26304269332694
7,20,25.23719981973158
7,21,26.77781590049444
7,22,26.75696053042216
7,23,29.94780328139363
7,24,28.32811275674282
7,25,30.08352607266013
7,26,28.904426677538893
7,27,29.77808598111388
7,28,30.010663392126222
7,29,28.28409249386444
7,30,30.55474388221367
7,31,29.59718553204108
7,32,31.71048914941341
7,33,32.558343784799476
7,34,35.90617786162668
7,35,36.27948417864338
7,36,39.758178984421036
7,37,40.64183650315425
7,38,37.18498428677291
7,39,35.201963944709654
7,40,31.40695824582136
7,41,29.001274152580702
7,42,26.744565298286773
7,43,23.126415060753754
7,44,19.967461070176665
7,45,16.845410150781838
7,46,14.012982415440622
7,47,10.2653544701455
7,48,8.498006772741379
7,49,5.969063506949968
7,50,5.606322386589819
7,51,8.344229362598352
7,52,10.980456137743403
7,53,8.554163605298148
7,54,8.609892953652661
7,55,11.927223620269396
7,56,13.598959877818436
7,57,17.36209792064471
7,58,17.609899999279023
7,59,21.41015728097029
7,60,21.84195950834396
7,61,18.778262997363505
7,62,17.31801711478445
7,63,13.801599745342608
7,64,11.143018617745435
7,65,8.176985651168122
7,66,10.045303580928627
7,67,10.557775503652715
7,68,13.092761787575819
7,69,15.690419682847494
7,70,18.232870315048412
7,71,21.83022539575156
7,72,23.047564899857456
7,73,26.622979988991897
7,74,27.56088782412179
7,75,30.771065839446827
7,76,31.179888978259395
7,77,33.84166551006447
7,78,34.756818313582556
7,79,37.23658182822207
7,80,39.824551819181046
7,81,39.04252576503803
7,82,36.81771897090394
7,83,35.104914658278176
7,84,32.521142309456586
7,85,30.03638174149814
7,86,26.738643203542214
7,87,24.166293716172035
7,88,20.833707206087016
7,89,17.838128242794753
7,90,14.072342321423134
7,91,12.94067018742511
7,92,9.80312659691227
7,93,7.123671689291699
7,94,8.80732085135259
7,95,9.911071812257378
7,96,13.490144897763596
7,97,16.074434895605027
7,98,19.159591209770753
7,99,22.221501968563786
7,100,23.55100998622681
7,101,27.02056081460525
8,1,17.533943843080294
8,2,14.252107481396258
8,3,11.071044977726176
8,4,8.01074906184278
8,5,9.338577767760917
8,6,6.293885308965452
8,7,3.7909017603016357
8,9,3.802338664295081
8,10,6.826787912541906
8,11,10.369326980448205
8,12,13.877152374404156
8,13,15.45767646400136
8,14,19.204115992582157
8,15,20.529516470350167
8,16,20.01732598180443
8,17,23.299391523021242
8,18,22.787474612253938
8,19,21.127015253958277
8,20,22.308414133235107
8,21,23.719271963041496
8,22,23.892187881455875
8,23,27.227888773186482
8,24,25.775268027224172
8,25,27.322368780973214
8,26,26.06381432549032
8,27,26.63263930986833
8,28,26.709612365879348
8,29,24.781999932135903
8,30,26.953323270127303
8,31,25.973406279352727
8,32,27.98906416500142
8,33,28.779892666566365
8,34,32.11642807371125
8,35,32.504752603644064
8,36,35.99429341021925
8,37,36.86794638121796
8,38,33.429986400208726
8,39,31.44947680513943
8,40,27.657596340098547
8,41,25.28839812214259
8,42,22.984212025208542
8,43,19.36925817951833
8,44,16.18299308653522
8,45,13.064756888011614
8,46,10.252787095223045
8,47,6.538671170984694
8,48,5.426285194901863
8,49,4.554966588887941
8,50,5.4110030476173145
8,51,8.883298673104632
8,52,13.823864631836683
8,53,11.552219640255267
8,54,12.12443329504199
8,55,15.253862502143999
8,56,16.637975011539243
8,57,20.422800553566603
8,58,20.72686569435935
8,59,24.511873624476184
8,60,24.555889440726688
8,61,21.273496686469084
8,62,19.680280764386126
8,63,15.949884352372761
8,64,12.925212820718771
8,65,9.351140342555953
8,66,9.758574435741444
8,67,8.856461274887911
8,68,11.038758262222398
8,69,12.958242809274017
8,70,15.21846513672575
8,71,18.656382339737416
8,72,19.570142933769073
8,73,23.06779492549725
8,74,23.90323664770189
8,75,27.102083228213697
8,76,27.649257506428917
8,77,30.433241511068918
8,78,31.533268685942428
8,79,34.07187486378553
8,80,36.506731995840795
8,81,35.63454186216358
8,82,33.28149484137102
8,83,31.565888697368464
8,84,28.953786579164507
8,85,26.614346546449873
8,86,23.4083134337838
8,87,20.87346200102827
8,88,17.732638491402238
8,89,14.504719095707186
8,90,10.828401980141269
8,91,9.65013224967685
8,92,7.097479786604438
8,93,5.651499051165986
8,94,8.677003815051746
8,95,11.053352529326759
8,96,14.471391319941004
8,97,17.62588116342128
8,98,20.79190358011949
8,99,24.146576975997572
8,100,25.768402280590283
8,101,29.155532030709825
9,1,19.49243093161342
9,2,16.52963396564604
9,3,13.696901262033755
9,4,11.18077646092049
9,5,13.011168442817723
9,6,10.04140081552893
9,7,6.989865627403693
9,8,3.802338664295081
9,10,3.8141448480892812
9,11,6.8976662313287465
9,12,10.58084421356773
9,13,12.367690032664322
9,14,15.993457704561438
9,15,17.463928830281816
9,16,17.460925265806853
9,17,20.930068378425737
9,18,20.967136357413736
9,19,19.81736708455688
9,20,21.590465682650837
9,21,23.112995279473314
9,22,23.820417398107264
9,23,27.212874772484735
9,24,25.772623516896967
9,25,26.82217597414739
9,26,25.164144189024626
9,27,25.289927016844157
9,28,24.86024368205494
9,29,22.685902151084274
9,30,24.486303039901205
9,31,23.122262561824837
9,32,25.14994679448593
9,33,26.22187810064775
9,34,29.59932070971293
9,35,30.208789566567233
9,36,33.65568053185006
9,37,34.22443631954327
9,38,30.70824629618647
9,39,28.54137734152206
9,40,24.763615156071722
9,41,22.22193920387372
9,42,20.229309958607846
9,43,16.539886947764916
9,44,13.753017706327883
9,45,10.800135856467492
9,46,8.392608603068094
9,47,5.488923680444009
9,48,5.617165854900974
9,49,6.253829358697124
9,50,6.147799009333769
9,51,9.831156296118653
9,52,17.02185929383337
9,53,15.101973122625491
9,54,15.593318539883967
9,55,18.813093075250677
9,56,20.351851782214077
9,57,24.133534483338288
9,58,24.302037286898273
9,59,28.108106468916482
9,60,28.24920787903999
9,61,24.919942187660727
9,62,23.11953450629519
9,63,19.398695409743574
9,64,16.136074463157005
9,65,12.532527869702575
9,66,12.317224907467386
9,67,10.524001218516839
9,68,12.58872883388077
9,69,13.576495875232816
9,70,15.44529092635153
9,71,18.43485844975936
9,72,18.688357877395127
9,73,21.877257183003483
9,74,22.21275410354176
9,75,25.170979153937942
9,76,25.849851421698947
9,77,28.69225279572528
9,78,30.17670024497105
9,79,32.54820086854018
9,80,34.780064799977474
9,81,34.027523767123256
9,82,31.496418918136037
9,83,30.032723508906276
9,84,27.535329088697836
9,85,25.53753144470072
9,86,22.65974048965404
9,87,20.042137285239903
9,88,17.293318283719852
9,89,13.671070350575084
9,90,10.384583805515105
9,91,9.750896773713738
9,92,8.606004856581668
9,93,8.462416491900266
9,94,11.982206814653985
9,95,14.638345509326786
9,96,17.87104754373553
9,97,21.162800344370684
9,98,24.208633267407777
9,99,27.660812962735946
9,100,29.19014002929692
9,101,32.46386749011686
10,1,21.323617413985986
10,2,18.36964450267439
10,3,16.06624348247827
10,4,13.635681271801428
10,5,15.741570708674304
10,6,13.021549350486735
10,7,10.414361057688549
10,8,6.826787912541906
10,9,3.8141448480892812
10,11,3.8209707975392364
10,12,7.211917304988936
10,13,9.514532200302979
10,14,13.075743834602928
10,15,15.122135722144234
10,16,15.189768791276927
10,17,18.86229290707188
10,18,19.200574266971508
10,19,18.129853879137556
10,20,20.129548964087327
10,21,21.274109161767537
10,22,22.13206635502373
10,23,25.675151724684095
10,24,24.615129178840043
10,25,25.41850544184364
10,26,23.771749899555857
10,27,23.395314294580462
10,28,22.717364531879408
10,29,20.147950134563256
10,30,21.656565721062975
10,31,20.16385169564953
10,32,21.868198337272375
10,33,22.76014620565751
10,34,26.03321170984257
10,35,26.53375086146953
10,36,29.929006818634786
10,37,30.51137396384363
10,38,26.973161299911588
10,39,24.915634169632362
10,40,21.11413903445456
10,41,18.753042636199453
10,42,16.808275091468385
10,43,13.048787292569854
10,44,10.336308868963185
10,45,7.206892627285198
10,46,5.630828226534992
10,47,4.198406203351896
10,48,6.662770740864046
10,49,8.988379087899057
10,50,9.666311455917986
10,51,13.08807573900518
10,52,20.396495414556302
10,53,18.33102490762635
10,54,18.882004765470693
10,55,21.870939427810168
10,56,23.336526723190143
10,57,27.120397757380985
10,58,27.501831375955593
10,59,31.27260502071158
10,60,31.124719222477246
10,61,27.7411403962013
10,62,26.044210937389302
10,63,22.248139005215453
10,64,19.00464877638427
10,65,15.268389587038044
10,66,14.320230379706064
10,67,11.694315761678425
10,68,12.82300191735752
10,69,12.737498354742723
10,70,13.766403636985437
10,71,16.299986742927608
10,72,15.916366382140307
10,73,18.88836392812534
10,74,19.141172070647713
10,75,22.096639850764266
10,76,23.150610900256723
10,77,26.233262140254663
10,78,28.016253621803024
10,79,30.49906935308615
10,80,32.43197611995483
10,81,31.468949986358425
10,82,28.699717661636274
10,83,27.16106080262172
10,84,24.544195670117006
10,85,22.881331717948893
10,86,20.179404106849734
10,87,17.85492639523935
10,88,15.623266125516512
10,89,11.855936416559738
10,90,9.25332782665102
10,91,8.376494800589494
10,92,8.681971445897448
10,93,10.08638463395396
10,94,13.681905671293789
10,95,16.885969065046154
10,96,19.944973542786894
10,97,23.460430072576067
10,98,26.59687255702616
10,99,30.147107841600622
10,100,31.95728693920737
10,101,35.21110008890697
11,1,24.59890183737539
11,2,21.85094863348396
11,3,19.666001240802323
11,4,17.392149029506502
11,5,19.494533526110647
11,6,16.626553158669594
11,7,13.85985087564128
11,8,10.369326980448205
11,9,6.8976662313287465
11,10,3.8209707975392364
11,12,3.7586126047988913
11,13,6.302093679428637
11,14,9.576141788763888
11,15,11.826311237385289
11,16,12.517563943972757
11,17,16.2894789495017
11,18,17.274789533149075
11,19,16.861755883214045
11,20,19.43503134289043
11,21,20.681220739660482
11,22,22.123881220084726
11,23,25.557058171558598
11,24,24.504568762082037
11,25,24.736910671810282
11,26,22.70505735648379
11,27,21.84817690878428
11,28,20.61239896645459
11,29,17.837563816773446
11,30,18.8790056455895
11,31,16.97925482644843
11,32,18.73251224406256
11,33,19.999759463287656
11,34,23.33754300004561
11,35,24.18642932362827
11,36,27.5459795800011
11,37,27.764938756766895
11,38,24.204749123833434
11,39,21.863274288737085
11,40,18.122748772303456
11,41,15.478477657115358
11,42,13.886397502697964
11,43,10.151224415068574
11,44,8.230237923150735
11,45,6.0799141640520995
11,46,5.760200369080442
11,47,6.640445824788171
11,48,9.078999196298488
11,49,11.700529587752238
11,50,12.025443491050163
11,51,15.045654669179253
11,52,23.505831405257446
11,53,21.75070205659101
11,54,22.432546486788592
11,55,25.545739494246238
11,56,26.97360526503932
11,57,30.750508397614304
11,58,30.94506918833264
11,59,34.729263999532215
11,60,34.6050314007032
11,61,31.138758199467134
11,62,29.222061290532835
11,63,25.447000383123545
11,64,22.029550628546964
11,65,18.336974623209933
11,66,17.01227045728022
11,67,14.02433474689429
11,68,15.033747688347212
11,69,14.192964978365659
11,70,14.815812317001399
11,71,16.608132885274877
11,72,15.540667194647645
11,73,17.931882733677988
11,74,17.4831936610031
11,75,20.010892436974824
11,76,21.127651090542432
11,77,24.176294512092543
11,78,26.33659008628175
11,79,28.575609184482815
11,80,30.27195991733934
11,81,29.479602128424002
11,82,26.587905187636963
11,83,25.401860520570345
11,84,23.036008513492206
11,85,21.778636160336898
11,86,19.59123532058649
11,87,17.230799760861675
11,88,15.60470039990831
11,89,11.805287285930483
11,90,10.178242335296991
11,91,10.241083966568706
11,92,11.61199015849806
11,93,13.346562865089957
11,94,17.053864658827084
11,95,20.295650081737787
11,96,23.138787822081824
11,97,26.73191903445569
11,98,29.706641112484352
11,99,33.34373025881529
11,100,35.065086159021064
11,101,38.179389447647765
12,1,27.758342933003604
12,2,25.03336108801688
12,3,23.07321686046193
12,4,20.786438678140005
12,5,22.87453871385082
12,6,20.037688050082686
12,7,17.481920630875294
12,8,13.877152374404156
12,9,10.58084421356773
12,10,7.211917304988936
12,11,3.7586126047988913
12,13,3.805522998815001
12,14,6.368775781444641
12,15,9.351354683799112
12,16,10.32181769456286
12,17,14.110712101742612
12,18,15.597396224102617
12,19,15.566017121745638
12,20,18.432775166024005
12,21,19.383609358558537
12,22,21.164311286110358
12,23,24.52508973382011
12,24,23.77197196561538
12,25,23.56846185012291
12,26,21.45275032588437
12,27,20.01765622973821
12,28,18.373783550688753
12,29,15.246438107678943
12,30,15.78199151111775
12,31,13.63541534617892
12,32,15.114897377966066
12,33,16.40765454970992
12,34,19.709603997519697
12,35,20.689498570146313
12,36,24.016054767769145
12,37,24.090756484791463
12,38,20.547846349581437
12,39,18.12038125451623
12,40,14.399806413572177
12,41,11.724793743884454
12,42,10.291124587943667
12,43,6.577245121989472
12,44,5.593123502833089
12,45,4.938966428519475
12,46,6.494337337383886
12,47,9.033656712318034
12,48,11.803061637031382
12,49,14.870611836853787
12,50,15.505266144013872
12,51,18.252154150161086
12,52,26.874676806528065
12,53,25.16490728991262
12,54,25.997187608032483
12,55,29.04403455542331
12,56,30.34010512366746
12,57,34.09764073761678
12,58,34.31665022241508
12,59,38.0721567512054
12,60,37.755305914520235
12,61,34.22386749837274
12,62,32.28232619380859
12,63,28.49908609118076
12,64,25.066048203874516
12,65,21.37563963603884
12,66,19.601418305527204
12,67,16.254069806460596
12,68,16.678434540682687
12,69,15.006108125217027
12,70,14.883035182425598
12,71,15.829226835938714
12,72,14.010424396768775
12,73,15.75048600296698
12,74,14.818290480730614
12,75,17.027156119480637
12,76,18.441029658632424
12,77,21.60001759663538
12,78,24.115952602052033
12,79,26.301397402298697
12,80,27.64541546698742
12,81,26.772182217154462
12,82,23.688054832066516
12,83,22.634489800080868
12,84,20.365207953002262
12,85,19.589745602592703
12,86,17.893838818294828
12,87,15.838851177197528
12,88,15.027281326718875
12,89,11.518031447497117
12,90,11.114199660187595
12,91,11.489240588000431
12,92,13.800281251828281
12,93,16.127663900750466
12,94,19.752497093600848
12,95,23.181511974563243
12,96,25.78535206826062
12,97,29.481686295844312
12,98,32.402256053933094
12,99,36.10624246759111
12,100,37.955089130019665
12,101,40.97859077523452
13,1,30.740807868759937
13,2,27.835524127992326
13,3,25.55948715767591
13,4,22.931021830990872
13,5,24.540923025511752
13,6,21.377459487545885
13,7,19.049606495739848
13,8,15.45767646400136
13,9,12.367690032664322
13,10,9.514532200302979
13,11,6.302093679428637
13,12,3.805522998815001
13,14,3.7994878608730125
13,15,5.921412499098711
13,16,6.554779979244291
13,17,10.34877653524531
13,18,11.946603764215565
13,19,12.337696080279823
13,20,15.535019466630839
13,21,16.844802793358117
13,22,19.124490849777306
13,23,22.185615237090634
13,24,21.177322338433246
13,25,20.579389899791803
13,26,18.16022800437893
13,27,16.658953461543636
13,28,14.844630966649055
13,29,11.931992405865719
13,30,12.701236100883245
13,31,10.819476726413702
13,32,13.008901956636414
13,33,14.72863701918612
13,34,18.347868888857256
13,35,19.871453029414198
13,36,23.38208611241751
13,37,23.359230209973266
13,38,20.10240680952636
13,39,17.289713926384064
13,40,13.801296877047653
13,41,10.620952214389895
13,42,8.642450050677203
13,43,5.590676559821733
13,44,4.95475772751675
13,45,6.393908954831894
13,46,7.0490166137794015
13,47,10.116571054827412
13,48,12.166039942813676
13,49,15.3382522516493
13,50,16.20247346253771
13,51,18.29638874213007
13,52,27.390602781259396
13,53,26.106773288588034
13,54,27.423908883691823
13,55,30.623033222129305
13,56,31.537463808646088
13,57,35.221248265579156
13,58,35.11650884485366
13,59,38.82550832324911
13,60,38.38525563379563
13,61,34.71723841275176
13,62,32.488619423480394
13,63,28.788792812018087
13,64,25.232267119463554
13,65,21.698837785839252
13,66,19.45950903894753
13,67,15.946624429460808
13,68,16.35635534946379
13,69,14.338109087050288
13,70,14.378179843861904
13,71,14.814905639844893
13,72,13.114438363532088
13,73,14.462075582491149
13,74,12.887772748142224
13,75,14.695028885831233
13,76,15.532967454051416
13,77,18.402558522825377
13,78,20.88176841027709
13,79,22.848606397607167
13,80,24.33162732086852
13,81,23.75447900476419
13,82,20.886329677211254
13,83,20.198366920427713
13,84,18.379380867276133
13,85,17.464648475004058
13,86,16.130120726941623
13,87,13.680688735146342
13,88,13.120953887246735
13,89,9.940044316809017
13,90,10.35472669242898
13,91,11.898427702674073
13,92,14.606508580901556
13,93,16.887556532830235
13,94,20.50798372228041
13,95,23.84651359756752
13,96,26.03266140560757
13,97,29.761922861784115
13,98,32.38154622795084
13,99,36.164888139173904
13,100,37.91126596064111
13,101,40.69654462061324
14,1,34.06535903228625
14,2,31.282954298072084
14,3,29.137693307115498
14,4,26.62293499269121
14,5,28.319784760122214
14,6,25.166989657568585
14,7,22.766687042197237
14,8,19.204115992582157
14,9,15.993457704561438
14,10,13.075743834602928
14,11,9.576141788763888
14,12,6.368775781444641
14,13,3.7994878608730125
14,15,3.8225762841855646
14,16,5.887017297238868
14,17,9.105474681750136
14,18,11.724282407085
14,19,13.02707899847169
14,20,16.521697404803632
14,21,17.669933972289208
14,22,20.374515648327062
14,23,23.139655845023153
14,24,22.31677381976656
14,25,21.114011921021536
14,26,18.470141037045092
14,27,16.32216334533161
14,28,13.77966396722409
14,29,10.653433875273095
14,30,10.340653764506623
14,31,7.693108583652192
14,32,9.874963726719956
14,33,12.199523423674657
14,34,15.779623693478861
14,35,17.783095189550945
14,36,21.12867396918405
14,37,20.636770713726545
14,38,17.489805819736894
14,39,14.325162975696793
14,40,11.146548196144233
14,41,7.563618810225314
14,42,6.395705180063469
14,43,4.6875600978236704
14,44,6.584957260020963
14,45,9.171201238419869
14,46,10.61339846675633
14,47,13.872004843612048
14,48,15.92752531981909
14,49,19.053426076270718
14,50,19.75217635788952
14,51,21.67939802422644
14,52,31.05969999269619
14,53,29.869023166763093
14,54,31.183390042390005
14,55,34.401139171588625
14,56,35.33246477040474
14,57,39.012708848807236
14,58,38.86325047735443
14,59,42.567082517050274
14,60,42.116072804010464
14,61,38.42601613623952
14,62,36.13202656839003
14,63,32.46356189778345
14,64,28.881618488595524
14,65,25.400580319660666
14,66,23.057542468099854
14,67,19.50650683601454
14,68,19.744234128617226
14,69,17.39159653969546
14,70,17.010064323607104
14,71,16.712207411032516
14,72,14.446816348649113
14,73,14.83469923721624
14,74,12.446639546538858
14,75,13.33604765787517
14,76,14.304635378520357
14,77,17.009496979464608
14,78,19.966942262918273
14,79,21.57234266282009
14,80,22.59125195886405
14,81,22.178333864323186
14,82,19.179467965597347
14,83,18.988452903382598
14,84,17.60066788546664
14,85,17.37957514097586
14,86,16.856795752903786
14,87,14.775834485886428
14,88,15.095686696774536
14,89,12.518731680443517
14,90,13.680322099964101
14,91,15.322626585143894
14,92,18.26188181870501
14,93,20.65039133519489
14,94,24.233670891659287
14,95,27.585865152238657
14,96,29.66897605542505
14,97,33.4062102598909
14,98,35.94408907170386
14,99,39.74384638385795
14,100,41.46890865069999
14,101,44.160753038761044
15,1,36.35768160413417
15,2,33.48641913155833
15,3,31.02188856939103
15,4,28.313625981347027
15,5,29.632651079325925
15,6,26.223479941672185
15,7,23.908791252562345
15,8,20.529516470350167
15,9,17.463928830281816
15,10,15.122135722144234
15,11,11.826311237385289
15,12,9.351354683799112
15,13,5.921412499098711
15,14,3.8225762841855646
15,16,3.822591315594554
15,17,6.252901299091015
15,18,9.32279190116093
15,19,11.497125283471041
15,20,15.247173649426353
15,21,17.017213823545543
15,22,20.153143611929494
15,23,22.468011624339525
15,24,21.179303471141832
15,25,19.571103455900694
15,26,16.48053601040102
15,27,14.483030254716208
15,28,11.68815474292743
15,29,9.33694066649477
15,30,9.316710246046789
15,31,7.14404178394433
15,32,10.447395524804703
15,33,13.334929979378682
15,34,17.02450689260288
15,35,19.558619311987957
15,36,22.925290742429834
15,37,22.26246333295474
15,38,19.516775537697182
15,39,16.074698689579066
15,40,13.449315803175564
15,41,9.74037228829337
15,42,8.475689231298956
15,43,7.905048726307525
15,44,9.242150289142815
15,45,11.952006056567678
15,46,12.438886190037168
15,47,15.442857987193404
15,48,16.71403387473808
15,49,19.56027408798495
15,50,20.164470157677936
15,51,21.455332323159894
15,52,31.204277345976166
15,53,30.466313027127253
15,54,32.110875316471336
15,55,35.48899618667626
15,56,36.16053929253126
15,57,39.75215846140059
15,58,39.247861675327
15,59,42.89697185607267
15,60,42.472081985191544
15,61,38.7115598242394
15,62,36.132342787811425
15,63,32.60768135479362
15,64,28.943079679552323
15,65,25.699074334044422
15,66,23.19315953634237
15,67,19.768992470081027
15,68,20.28564289931393
15,69,18.041750072792343
15,70,18.127985104072007
15,71,17.696527685955846
15,72,15.914052087495568
15,73,16.120334926994477
15,74,13.323407203783214
15,75,13.615685002666707
15,76,13.567259449398783
15,77,15.56207171289101
15,78,18.330917252516425
15,79,19.436984882778873
15,80,20.733731430056253
15,81,20.91913315888741
15,82,18.379928871701246
15,83,18.782450470464738
15,84,18.059728968835497
15,85,17.57489556611378
15,86,17.375053793101962
15,87,14.841037431421555
15,88,15.134039597453077
15,89,12.991422367694556
15,90,14.351664894540763
15,91,16.78003739269806
15,92,19.602446343670092
15,93,21.636019035211795
15,94,25.189555804203867
15,95,28.301947565341933
15,96,30.07609773228369
15,97,33.7397051471388
15,98,35.95431313526625
15,99,39.76450393566725
15,100,41.260583827226455
15,101,43.710449594363205
16,1,36.453099220646294
16,2,33.32186430380488
16,3,30.75679686737382
16,4,27.740510997292954
16,5,28.69145880289181
16,6,25.26926977250384
16,7,23.44217520167331
16,8,20.01732598180443
16,9,17.460925265806853
16,10,15.189768791276927
16,11,12.517563943972757
16,12,10.32181769456286
16,13,6.554779979244291
16,14,5.887017297238868
16,15,3.822591315594554
16,17,3.8111900108153174
16,18,5.892201849717824
16,19,7.6976755943229795
16,20,11.434475724357794
16,21,13.249641424231251
16,22,16.448350226007314
16,23,18.68005695423537
16,24,17.360969250860038
16,25,15.818588021786956
16,26,12.84817168023097
16,27,10.991059826435142
16,28,8.683138581966583
16,29,6.469081664957668
16,30,7.880184086899464
16,31,7.3244102549422285
16,32,10.696283800010713
16,33,12.88241550254953
16,34,16.68657650139567
16,35,19.029432124620406
16,36,22.634782465507598
16,37,22.52234362411322
16,38,20.017838755160714
16,39,16.869578727432895
16,40,14.241309687970638
16,41,10.97012447681242
16,42,8.452992869069703
16,43,8.125449696177297
16,44,8.385088339007389
16,45,11.357026393195664
16,46,11.333325891681593
16,47,14.458489239029069
16,48,15.52056600698722
16,49,18.57509370430603
16,50,19.831060306987006
16,51,20.881256515780905
16,52,29.98822306804907
16,53,29.307688584796004
16,54,31.284135682892085
16,55,34.55421469595056
16,56,34.86466299469309
16,57,38.35095771270744
16,58,37.83103884812052
16,59,41.37764995626207
16,60,40.66168724472273
16,61,36.85856702942627
16,62,34.29660381914342
16,63,30.83320372445175
16,64,27.27028271799673
16,65,24.140250919597037
16,66,21.24894131598205
16,67,17.72804942705054
16,68,17.823433686843654
16,69,15.295554763836078
16,70,15.328017983119452
16,71,14.611518234930791
16,72,13.210177427156394
16,73,13.453273460061641
16,74,10.783651926378111
16,75,11.36073850558227
16,76,10.780505454773353
16,77,12.822585504017038
16,78,15.212222089363996
16,79,16.69415360606047
16,80,18.381394443261705
16,81,18.375836235675994
16,82,16.032000680386652
16,83,16.150630438125933
16,84,15.412211699408257
16,85,14.390874354994319
16,86,14.077502550053184
16,87,11.30166921398174
16,88,11.689000290080495
16,89,10.09704369239389
16,90,12.105102087645626
16,91,14.882245749475809
16,92,17.92915521901261
16,93,20.11774827403788
16,94,23.417515148776268
16,95,26.52150757975894
16,96,27.93248012442421
16,97,31.59580275419135
16,98,33.679803855100594
16,99,37.494447104062566
16,100,39.1261624459526
16,101,41.46555865677171
17,1,40.041323916908844
17,2,36.844235105888
17,3,34.175859781919264
17,4,31.04111848553845
17,5,31.72852604386252
17,6,28.234284949886646
17,7,26.602122187024456
17,8,23.299391523021242
17,9,20.930068378425737
17,10,18.86229290707188
17,11,16.2894789495017
17,12,14.110712101742612
17,13,10.34877653524531
17,14,9.105474681750136
17,15,6.252901299091015
17,16,3.8111900108153174
17,18,3.816260821328026
17,19,7.1397560881741455
17,20,10.744463520138131
17,21,12.755303794511914
17,22,16.381701342139884
17,23,17.88964322902802
17,24,16.422358723164216
17,25,14.15816858204625
17,26,10.833390607847688
17,27,8.66793391118649
17,28,5.75771716016991
17,29,4.939751726110976
17,30,6.504419521070589
17,31,7.227638675416755
17,32,10.826121881739363
17,33,13.146031854742121
17,34,16.736736037134374
17,35,19.495810220009936
17,36,22.971342139082267
17,37,22.737472823888847
17,38,20.767847835274654
17,39,17.558270871970567
17,40,15.617939478464987
17,41,12.599662021213943
17,42,10.341158021119266
17,43,11.165662036616718
17,44,11.767954761790666
17,45,14.937556038817695
17,46,14.80342904725609
17,47,17.825839573261014
17,48,18.52011742779105
17,49,21.401382213629443
17,50,22.722744911700705
17,51,23.303598360802567
17,52,32.29335605986364
17,53,31.915051544297004
17,54,34.15018014250624
17,55,37.43510651512784
17,56,37.48330640227666
17,57,40.84916834385286
17,58,40.12225310664072
17,59,43.56233406472767
17,60,42.735066644218044
17,61,38.90264680225353
17,62,36.19310180420779
17,63,32.89888809986415
17,64,29.385749441518687
17,65,26.512486403157933
17,66,23.419791100891825
17,67,20.038033505224938
17,68,20.014461418775095
17,69,17.396800742985064
17,70,17.410216875025487
17,71,16.15620644479716
17,72,14.967571743850739
17,73,14.534526548381127
17,74,11.44967295630372
