1,2,3.8322130635904013
1,3,7.05439966829431
1,4,10.72367195494715
1,5,13.103425053144571
1,6,15.72875647906609
1,7,15.57340347501156
1,8,17.54004489314951
1,9,19.474578688411203
1,10,21.290895340666463
1,11,24.5738097532443
1,12,27.773237694653673
1,13,30.763995483692362
1,14,34.07237696385014
1,15,36.36325031413389
1,16,36.48668863856545
1,17,40.06128332425667
1,18,39.82504523501254
1,19,37.96510991663825
1,20,38.8396478583533
1,21,39.45659955343504
1,22,38.71540760472986
1,23,42.23353158390603
1,24,41.50426070618181
1,25,43.6160067784154
1,26,42.92582901717885
1,27,43.31661348093599
1,28,43.40063917974258
1,29,40.98501012278623
1,30,42.62470204043674
1,31,41.18670834536499
1,32,42.27194987439936
1,33,42.47080909809917
1,34,45.1079411719669
1,35,44.449924648228084
1,36,47.27809182015073
1,37,48.39492953370226
1,38,44.771207073873775
1,39,43.730637779673465
1,40,39.9952479877481
1,41,38.61531019107282
1,42,37.0441422730207
1,43,33.31488936595123
1,44,30.5928648096248
1,45,26.83884513288204
1,46,25.68374379454865
1,47,22.535766907922444
1,48,22.77373163531777
1,49,21.34925082373198
1,50,20.76258375598973
1,51,23.414793965013715
1,52,21.944505856437825
1,53,21.171123569455354
1,54,17.860052200731506
1,55,14.527592701239783
1,56,13.862430100658985
1,57,17.430066006764516
1,58,19.71687358394879
1,59,22.20306325790537
1,60,24.821675825342318
1,61,25.820388422769273
1,62,24.676488630951546
1,63,25.54335277127718
1,64,23.283887897837015
1,65,22.945536026710517
1,66,21.39708452346802
1,67,23.907474223381907
1,68,24.707478985912253
1,69,25.79420284416989
1,70,27.932916474922262
1,71,29.133959984860496
1,72,32.59538244449084
1,73,33.24276332964933
1,74,36.71246661872282
1,75,38.3563471331167
1,76,41.84495903098362
1,77,43.28781892623352
1,78,46.52198305216237
1,79,47.82428498699528
1,80,50.7297134076795
1,81,52.849297109197856
1,82,51.405723393024495
1,83,48.63399779924302
1,84,46.33722704472248
1,85,43.07453078640638
1,86,41.19053514626063
1,87,37.780635879445754
1,88,36.264284857580016
1,89,33.45920966589265
1,90,30.560540433623785
1,91,27.209086933975723
1,92,24.506444160822223
1,93,21.576588179747453
1,94,20.21775895831495
1,95,19.907184004716033
1,96,20.04766126711614
1,97,23.401587542238243
1,98,24.387232809739313
1,99,27.706328454032707
1,100,29.235232613164943
1,101,30.790814497616665
1,102,34.58876451944916
2,1,3.8322130635904013
2,3,3.834363230158533
2,4,7.144200380684239
2,5,9.710798436883382
2,6,12.294910258991305
2,7,12.410258768510868
2,8,14.234866305519533
2,9,16.49054603090256
2,10,18.3285540697467
2,11,21.812980934787927
2,12,25.02995419731066
2,13,27.84002226892395
2,14,31.275879716297204
2,15,33.47427728854711
2,16,33.34047822109841
2,17,36.84973119502711
2,18,36.42605923290127
2,19,34.427696383187886
2,20,35.171392649272796
2,21,35.76549752781952
2,22,34.96495928406192
2,23,38.45450623946713
2,24,37.71702052261535
2,25,39.88540815115943
2,26,39.28057240240394
2,27,39.75599308257846
2,28,39.98420122338257
2,29,37.66339490381927
2,30,39.4669744921546
2,31,38.229467497839586
2,32,39.39608292070263
2,33,39.53769037583618
2,34,42.25558155025738
2,35,41.64503713495159
2,36,44.603657108096264
2,37,45.829316370409146
2,38,42.26076102893121
2,39,41.162901956412064
2,40,37.39242889019387
2,41,35.95120099682365
2,42,34.13384181549378
2,43,30.428853404429034
2,44,27.50393736132219
2,45,23.756198007260878
2,46,22.386768679723513
2,47,19.138671366191907
2,48,19.31191209454667
2,49,17.99448005614493
2,50,17.831447220273926
2,51,20.541168368340774
2,52,19.74745856554413
2,53,18.469644955838742
2,54,14.93713818238866
2,55,11.986239771959513
2,56,11.71800190544733
2,57,15.04821366275553
2,58,17.772199951643188
2,59,20.179259460842875
2,60,23.083579468410765
2,61,23.721388877235878
2,62,22.160143238097852
2,63,22.824028500968073
2,64,20.274103297360067
2,65,19.7379800658563
2,66,17.971380350012524
2,67,20.292599310384603
2,68,21.024910061805873
2,69,21.998149825524703
2,70,24.17312289601454
2,71,25.435589888380868
2,72,28.952449259722588
2,73,29.76645588448065
2,74,33.311330902709344
2,75,35.01808254991646
2,76,38.557401918555676
2,77,39.88832352555338
2,78,43.073335861321254
2,79,44.25413276714748
2,80,47.194531264739226
2,81,49.37760541185235
2,82,47.92436227591369
2,83,45.240377501245106
2,84,42.9129205618851
2,85,39.6782012449476
2,86,37.66105154328187
2,87,34.19662352825608
2,88,32.64847227208466
2,89,29.77988917880053
2,90,26.977825126606923
2,91,23.61181248093299
2,92,20.880246848387785
2,93,17.85444225447868
2,94,16.502621208520868
2,95,16.138568822429463
2,96,16.48233316020382
2,97,19.913745249259048
2,98,21.18761647324068
2,99,24.653042638546967
2,100,26.470960179378448
2,101,28.244563395017952
2,102,32.064617784258346
3,1,7.05439966829431
3,2,3.834363230158533
3,4,3.7886814098196084
3,5,6.487217954265947
3,6,8.692075654175548
3,7,8.758723212716543
3,8,11.04045449631976
3,9,13.632665232586296
3,10,15.996791798406644
3,11,19.59675032104138
3,12,23.02824160514789
3,13,25.52817469882424
3,14,29.089984653836424
3,15,30.974731468664608
3,16,30.745518541159694
3,17,34.15230737543323
3,18,33.61635418625702
3,19,31.666626840904797
3,20,32.4318766405228
3,21,33.320366448460916
3,22,32.68568447336731
3,23,36.08512968714689
3,24,35.054609197443284
3,25,37.171759144532984
3,26,36.431977080840156
3,27,37.09096552472625
3,28,37.36239615576478
3,29,35.25060544364313
3,30,37.23080295247647
3,31,36.083631901827225
3,32,37.55723696690199
3,33,37.92179369574604
3,34,40.86363643631225
3,35,40.54458696841381
3,36,43.69665227852234
3,37,44.833384134217106
3,38,41.27356073411247
3,39,39.89243387700885
3,40,36.07721354176671
3,41,34.32677418335698
3,42,32.33932842895136
3,43,28.616556811970277
3,44,25.564015465586223
3,45,21.913648804407213
3,46,20.064853411746135
3,47,16.56224991937711
3,48,16.1997992662083
3,49,14.487730679240096
3,50,14.216831238635258
3,51,16.766983214839776
3,52,16.32838191278663
3,53,14.997498568822815
3,54,11.527762211292286
3,55,8.781459684994779
3,56,9.476001977405987
3,57,12.730587517725326
3,58,15.911913279494277
3,59,17.797130210524074
3,60,21.042744687212075
3,61,21.747943628190107
3,62,19.776404294973222
3,63,19.943535810291888
3,64,17.171968897178527
3,65,16.28998895368583
3,66,14.432727939481905
3,67,16.910337814597348
3,68,17.818513915807262
3,69,19.21347560958715
3,70,21.646918926167757
3,71,23.349957567387662
3,72,26.983469951090623
3,73,28.010301056224908
3,74,31.640221776762214
3,75,33.147975847025585
3,76,36.63711293727654
3,77,37.67083564106846
3,78,40.69101142791063
3,79,41.76112418636014
3,80,44.57457805750548
3,81,46.925974464639665
3,82,45.68127389051975
3,83,43.14433938892981
3,84,40.98386026207951
3,85,37.923799577830025
3,86,35.71033165893007
3,87,32.2426667954324
3,88,30.368616259834972
3,89,27.29166886566289
3,90,24.448307855989565
3,91,20.899304653990193
3,92,18.5391592957927
3,93,15.275102806574024
3,94,13.425839324305715
3,95,13.254480492576267
3,96,13.498982611000903
3,97,17.07665496313552
3,98,18.56122630765482
3,99,21.983034482937196
3,100,24.073672573503195
3,101,25.682657688816825
3,102,29.46523699721011
4,1,10.72367195494715
4,2,7.144200380684239
4,3,3.7886814098196084
4,5,3.8175386555811524
4,6,5.254365810593487
4,7,5.8779197596434125
4,8,7.985711039585319
4,9,11.135346014070727
4,10,13.604845307870368
4,11,17.355966905184943
4,12,20.76421280465697
4,13,22.9197874805564
4,14,26.601356931191102
4,15,28.287594759057207
4,16,27.749654551634453
4,17,31.036898109259223
4,18,30.270671966324905
4,19,28.185652063219194
4,20,28.811553730508326
4,21,29.74947353254421
4,22,29.102590880947798
4,23,32.44219682024475
4,24,31.330195614404445
4,25,33.48727178567652
4,26,32.80441020505554
4,27,33.59312179176839
4,28,34.02692914063717
4,29,32.0741572341676
4,30,34.25839165377774
4,31,33.35246201049618
4,32,34.96610886007225
4,33,35.317709487207345
4,34,38.36578881629749
4,35,38.16128462270241
4,36,41.4553567338542
4,37,42.66921032099473
4,38,39.19743298966095
4,39,37.714262013538885
4,40,33.896463093502064
4,41,32.03697064228049
4,42,29.775595249196964
4,43,26.126125599355777
4,44,22.863716992818723
4,45,19.324667562235856
4,46,17.104180193802073
4,47,13.45534604418151
4,48,12.798270408270316
4,49,11.124375854390012
4,50,11.504308956588803
4,51,14.031807706418462
4,52,14.782213669232044
4,53,12.7971262321319
4,54,9.205765368493017
4,55,7.578063761921461
4,56,9.193012845662306
4,57,11.624841614651647
4,58,15.214029019226482
4,59,16.73354042391432
4,60,20.23326592596217
4,61,20.523029274547746
4,62,18.01936465642505
4,63,17.763430906785423
4,64,14.593807173738108
4,65,13.276578034516705
4,66,11.014685598034458
4,67,13.221564723887852
4,68,14.066693008891834
4,69,15.46448560289488
4,70,18.01994959024161
4,71,19.93397607186054
4,72,23.63409076941438
4,73,24.895955961736263
4,74,28.59372624581774
4,75,30.101418108518516
4,76,33.605587217117275
4,77,34.44542669231338
4,78,37.364369160541784
4,79,38.281945465877335
4,80,41.097674506202324
4,81,43.5439293267006
4,82,42.33753211325741
4,83,39.92979131676503
4,84,37.78620300068552
4,85,34.81322772264956
4,86,32.42655676338701
4,87,28.921879600151772
4,88,26.933422566577796
4,89,23.741878619500344
4,90,21.012489300913472
4,91,17.41199928197109
4,92,15.173757854727327
4,93,11.7246022446945
4,94,9.668484524585633
4,95,9.55593780197144
4,96,10.15807721870582
4,97,13.88002802359424
4,98,15.853410676037887
4,99,19.38204612927594
4,100,21.877890500710482
4,101,23.66855888981274
4,102,27.39808715248908
5,1,13.103425053144571
5,2,9.710798436883382
5,3,6.487217954265947
5,4,3.8175386555811524
5,6,3.814055531250097
5,7,6.639488023195775
5,8,9.303589177712778
5,9,12.962338053277046
5,10,15.71862914232513
5,11,19.45978883377172
5,12,22.84032638544802
5,13,24.514989724780342
5,14,28.287046918264497
5,15,29.5921228640363
5,16,28.686274288823373
5,17,31.70873201591866
5,18,30.53200155993481
5,19,28.23409535899839
5,20,28.471507856010177
5,21,29.530711452468147
5,22,28.66550210610514
5,23,31.752270582813246
5,24,30.441684735518724
5,25,32.84765628892594
5,26,32.36315478816579
5,27,33.572946208347794
5,28,34.36323910850193
5,29,32.779450337421444
5,30,35.29392473968716
5,31,34.722836587063775
5,32,36.55374418979163
5,33,36.900129300232834
5,34,40.04614919451638
5,35,39.9306203168129
5,36,43.34624176956697
5,37,44.68419263225194
5,38,41.330931903343455
5,39,39.770232243621166
5,40,35.978391510719455
5,41,34.00279605167551
5,42,31.45657021460464
5,43,27.936862620330146
5,44,24.473416566766932
5,45,21.15632827940524
5,46,18.468238068085846
5,47,14.703010187247388
5,48,13.217639226031816
5,49,10.960576252981635
5,50,11.745086373355464
5,51,13.334506818764297
5,52,12.0402987825689
5,53,9.61783250162573
5,54,5.834115835055385
5,55,4.774648142797777
5,56,6.436855176629616
5,57,8.10637620362301
5,58,11.814503746452232
5,59,13.165800203138748
5,60,16.704569823326594
5,61,16.84018810810447
5,62,14.221148162287347
5,63,13.990101273834508
5,64,10.918385389701047
5,65,10.073092472881724
5,66,8.543428036852722
5,67,11.31454883623805
5,68,13.105761243109242
5,69,14.62739354159027
5,70,17.743034679854773
5,71,20.083102906908124
5,72,23.88430859674245
5,73,25.676314744523484
5,74,29.45817400680862
5,75,31.055299169385457
5,76,34.570135746592854
5,77,35.06392028694248
5,78,37.74795478479536
5,79,38.29669467436147
5,80,41.080698349589426
5,81,43.76023544150608
5,82,42.64795438704867
5,83,40.519394542100606
5,84,38.377983328778164
5,85,35.54059447995728
5,86,32.833652450980914
5,87,29.234656688697722
5,88,27.126715155312816
5,89,23.686747945769817
5,90,21.354259975904483
5,91,17.701247553037454
5,92,15.822667587515289
5,93,12.042093118157746
5,94,9.181846739083012
5,95,7.885852440356405
5,96,7.17548421225036
5,97,10.677867590307535
5,98,12.25189770796962
5,99,15.692125838823651
5,100,18.103615304742227
5,101,19.853667398491076
5,102,23.59073619516093
6,1,15.72875647906609
6,2,12.294910258991305
6,3,8.692075654175548
6,4,5.254365810593487
6,5,3.814055531250097
6,7,3.7911332078179774
6,8,6.277216638300112
6,9,10.00919571407587
6,10,13.020227275955792
6,11,16.60950502750705
6,12,20.01310670874289
6,13,21.36109582463037
6,14,25.14109686870813
6,15,26.189931020383845
6,16,25.27220743993279
6,17,28.221078822400067
6,18,27.072393686779755
6,19,24.934863930806486
6,20,25.36954406963611
6,21,26.726845093494347
6,22,26.21287750244569
6,23,29.27400394901936
6,24,27.709957549282837
6,25,29.887327100221235
6,26,29.1421188297906
6,27,30.355383771181486
6,28,31.03610914924659
6,29,29.559556223655758
6,30,32.115114744054296
6,31,31.547874368387227
6,32,33.598342367097985
6,33,34.17330233051201
6,34,37.47277203056663
6,35,37.6433956491802
6,36,41.166121378571
6,37,42.341839627973485
6,38,39.00922353483482
6,39,37.20651735043442
6,40,33.432896642081616
6,41,31.21572211986478
6,42,28.620618571271688
6,43,25.144535991707052
6,44,21.70581985772902
6,45,18.606681934042008
6,46,15.58925095710438
6,47,11.781939395977298
6,48,9.7602682275295
6,49,7.18578651597583
6,50,8.166656942503902
6,51,9.795269618507803
6,52,11.32399877788198
6,53,8.744989159890446
6,54,5.64772493829353
6,55,6.36768101597039
6,56,9.332003830836602
6,57,10.342495713077593
6,58,14.125159735484361
6,59,14.598322689960467
6,60,18.344328748048504
6,61,18.448641623179515
6,62,15.312686659608124
6,63,14.133683377349769
6,64,10.578303759431629
6,65,8.45112047217139
6,66,5.848907875299606
6,67,8.372058013609355
6,68,9.902008065625896
6,69,12.049084470542905
6,70,15.169667328360719
6,71,17.867444366673354
6,72,21.623389777233022
6,73,23.386852511599514
6,74,27.120488640645142
6,75,28.394746465347975
6,76,31.776700365906834
6,77,32.06443609477078
6,78,34.63031205274395
6,79,35.2170206558077
6,80,37.85323387864055
6,81,40.59066852540343
6,82,39.67425961811944
6,83,37.603943976063654
6,84,35.680251728859986
6,85,33.03044575466353
6,86,30.286053803756925
6,87,26.804962459964443
6,88,24.380169037044375
6,89,20.861381383625552
6,90,18.369843374579517
6,91,14.617147091103202
6,92,13.282887223066878
6,93,9.576002675094342
6,94,6.274441784329584
6,95,6.1979100295742136
6,96,6.377234068306578
6,97,10.050709573343035
6,98,12.449498975825732
6,99,15.728327362149713
6,100,18.677873006330362
6,101,20.26406787746873
6,102,23.79991407800474
7,1,15.57340347501156
7,2,12.410258768510868
7,3,8.758723212716543
7,4,5.8779197596434125
7,5,6.639488023195775
7,6,3.7911332078179774
7,8,3.7764788247899905
7,9,6.957752147903329
7,10,10.387648617348807
7,11,13.834323098324326
7,12,17.455320449705095
7,13,19.038464034946127
7,14,22.7375607385322
7,15,23.88392669082207
7,16,23.44922278277691
7,17,26.593948876987554
7,18,25.92139492928136
7,19,24.216537697036372
7,20,25.21382949846072
7,21,26.767289642549784
7,22,26.741512453038283
7,23,29.942087827191745
7,24,28.310196810047884
7,25,30.071626123680833
7,26,28.898399081199443
7,27,29.768779790008804
7,28,29.989881183897968
7,29,28.28994636253324
7,30,30.544268593410756
7,31,29.584760732504645
7,32,31.67397533168316
7,33,32.531513068316606
7,34,35.88688018171315
7,35,36.240992364181345
7,36,39.72702389023574
7,37,40.606985200027275
7,38,37.1506692077946
7,39,35.179331012598695
7,40,31.38461527504788
7,41,29.010589270233954
7,42,26.718653601272674
7,43,23.11391378552233
7,44,19.9559639210917
7,45,16.8252614226729
7,46,13.979196046254762
7,47,10.236377412144677
7,48,8.49619498612998
7,49,5.972954631092196
7,50,5.630106635408865
7,51,8.379004330588565
7,52,12.758481843593632
7,53,11.003760547582734
7,54,8.564086230275528
7,55,8.646513691726298
7,56,11.936124173044542
7,57,13.576500473581618
7,58,17.341000803561226
7,59,17.61527417911155
7,60,21.410874891300768
7,61,21.874536788756455
7,62,18.780245270528518
7,63,17.31270310181487
7,64,13.787880519770983
7,65,11.152655662710766
7,66,8.160000702844957
7,67,10.031522336023798
7,68,10.535536078513275
7,69,13.078139798599858
7,70,15.63422209246559
7,71,18.205383547822386
7,72,21.788304588861312
7,73,23.0283933202654
7,74,26.61955240358957
7,75,27.501198588707123
7,76,30.730205220045143
7,77,31.13898317912911
7,78,33.787347701716115
7,79,34.736966809767885
7,80,37.223290294077174
7,81,39.82347051379169
7,82,39.040467869997435
7,83,36.783589402129365
7,84,35.07791166009953
7,85,32.483860501732856
7,86,30.007411613064313
7,87,26.73171752628499
7,88,24.143015616843847
7,89,20.800661399392858
7,90,17.800079117754724
7,91,14.030810331518692
7,92,12.933764680289343
7,93,9.752271431336682
7,94,7.117558229997831
7,95,8.797584987020757
7,96,9.870494769833629
7,97,13.451566181878356
7,98,16.047486615054105
7,99,19.173262039693135
7,100,22.198675202660297
7,101,23.539074479957556
7,102,26.972716225140964
8,1,17.54004489314951
8,2,14.234866305519533
8,3,11.04045449631976
8,4,7.985711039585319
8,5,9.303589177712778
8,6,6.277216638300112
8,7,3.7764788247899905
8,9,3.795585434556291
8,10,6.8282166654171
8,11,10.363248721249143
8,12,13.863438900413847
8,13,15.45857769550899
8,14,19.19113666291644
8,15,20.518354416074832
8,16,20.036309150575285
8,17,23.303292269239645
8,18,22.76105465332253
8,19,21.087305767297934
8,20,22.2913068846089
8,21,23.718560984510937
8,22,23.886028147585925
8,23,27.229743390934487
8,24,25.763692882009423
8,25,27.317989713171063
8,26,26.062945117131168
8,27,26.629001535115304
8,28,26.698853659251462
8,29,24.79873976774854
8,30,26.953103493109634
8,31,25.974201821332453
8,32,27.965956303035917
8,33,28.766957826989312
8,34,32.11132933851777
8,35,32.481192695692776
8,36,35.978403732748035
8,37,36.84833490685921
8,38,33.411181226287695
8,39,31.441949197270382
8,40,27.6508436242597
8,41,25.311698441168858
8,42,22.973153946797883
8,43,19.371188009274388
8,44,16.18545089862079
8,45,13.059538419801317
8,46,10.23108232349239
8,47,6.524512792284352
8,48,5.437500987629469
8,49,4.5674973750816745
8,50,5.443726518666658
8,51,8.91646459886744
8,52,15.907785525769144
8,53,13.83731916177689
8,54,11.5593416232299
8,55,12.154977039125024
8,56,15.258575474226634
8,57,16.61341602618218
8,58,20.399556569137633
8,59,20.723244058334238
8,60,24.505120873423518
8,61,24.585093848840426
8,62,21.272459100813993
8,63,19.66377163242583
8,64,15.935166588170215
8,65,12.927163738151613
8,66,9.335048346285529
8,67,9.747496855326292
8,68,8.839081894144018
8,69,11.029469473008144
8,70,12.90408816400299
8,71,15.201516157405878
8,72,18.619091881253095
8,73,19.561479852748363
8,74,23.074201439712812
8,75,23.85749070088062
8,76,27.07323119900531
8,77,27.618664556600447
8,78,30.38946330307148
8,79,31.522727768261678
8,80,34.0670278145619
8,81,36.51523388409556
8,82,35.64226073064429
8,83,33.25895918078962
8,84,31.55041133279156
8,85,28.92846533576078
8,86,26.596710200365198
8,87,23.414869409564957
8,88,20.859013946069187
8,89,17.707319232726473
8,90,14.475265391944875
8,91,10.803980473532883
8,92,9.655340233332046
8,93,7.056717923531281
8,94,5.656014305593081
8,95,8.670090900462089
8,96,11.018235698195372
8,97,14.433110988390334
8,98,17.601491151045824
8,99,20.796732067362687
8,100,24.121086670472152
8,101,25.749722747785373
8,102,29.070939087775095
9,1,19.474578688411203
9,2,16.49054603090256
9,3,13.632665232586296
9,4,11.135346014070727
9,5,12.962338053277046
9,6,10.00919571407587
9,7,6.957752147903329
9,8,3.795585434556291
9,10,3.8140617018271445
9,11,6.9056797204887825
9,12,10.593031522167566
9,13,12.400295024520078
9,14,16.001538339372335
9,15,17.477959502187545
9,16,17.507779370521202
9,17,20.961306957004503
9,18,20.971349551334153
9,19,19.807581593187702
9,20,21.604010056200458
9,21,23.148020619315155
9,22,23.850019094528783
9,23,27.25019103501721
9,24,25.79620914030334
9,25,26.853932485131526
9,26,25.196043977458988
9,27,25.318755567265065
9,28,24.881718686067185
9,29,22.732088963156155
9,30,24.516589481867243
9,31,23.14960718820389
9,32,25.15300914550186
9,33,26.23680237523442
9,34,29.622042450676
9,35,30.214368727994245
9,36,33.66731650708461
9,37,34.23057825245934
9,38,30.714343319888584
9,39,28.557316339808327
9,40,24.779133002075
9,41,22.271941444936655
9,42,20.242862605978072
9,43,16.569079177027476
9,44,13.781282521754916
9,45,10.81837256862779
9,46,8.386120045080894
9,47,5.516543958356954
9,48,5.64152824162865
9,49,6.255024090241383
9,50,6.156535871346885
9,51,9.852162622816843
9,52,18.719595708638426
9,53,17.016980082923794
9,54,15.09092102213635
9,55,15.60005439110891
9,56,18.797813981837347
9,57,20.311212225764386
9,58,24.094537965847397
9,59,24.2825106935897
9,60,28.085603755186042
9,61,28.268005599462267
9,62,24.912630639445688
9,63,23.09742005423493
9,64,19.379135032652687
9,65,16.131384263376262
9,66,12.512348196382662
9,67,12.321428282662273
9,68,10.527457731532369
9,69,12.603481441979163
9,70,13.549659642433207
9,71,15.462799684056087
9,72,18.418793457838678
9,73,18.707359634481715
9,74,21.90964221542993
9,75,22.20224078371532
9,76,25.17443772852693
9,77,25.84910333464236
9,78,28.68184627246382
9,79,30.20108226081051
9,80,32.57737749736005
9,81,34.82277396935899
9,82,34.06924144084178
9,83,31.509049829632932
9,84,30.0518927385322
9,85,27.543936222977063
9,86,25.556112058223135
9,87,22.706311633219848
9,88,20.061365353485808
9,89,17.296081784613477
9,90,13.667361314755802
9,91,10.409278525899353
9,92,9.785709460030965
9,93,8.59428038331704
9,94,8.479488556393129
9,95,11.984015749572123
9,96,14.607386122156816
9,97,17.83684878938968
9,98,21.140203762384722
9,99,24.215083693681375
9,100,27.636008427247486
9,101,29.16812548397487
9,102,32.37093117669192
10,1,21.290895340666463
10,2,18.3285540697467
10,3,15.996791798406644
10,4,13.604845307870368
10,5,15.71862914232513
10,6,13.020227275955792
10,7,10.387648617348807
10,8,6.8282166654171
10,9,3.8140617018271445
10,11,3.8087439672639976
10,12,7.218178663723679
10,13,9.559331161808966
10,14,13.095812817823674
10,15,15.15177723309698
10,16,15.263485287218826
10,17,18.92543367349421
10,18,19.242255167396582
10,19,18.164541275668896
10,20,20.19376182888941
10,21,21.36422600862557
10,22,22.2192030799884
10,23,25.768314805484493
10,24,24.695008337451306
10,25,25.50378204298072
10,26,23.849207247208724
10,27,23.463205855206564
10,28,22.777652359865847
10,29,20.227855961309256
10,30,21.70823324004667
10,31,20.20831919179449
10,32,21.883535421132386
10,33,22.792489076238187
10,34,26.07036869563533
10,35,26.554810791471816
10,36,29.95265687794206
10,37,30.52400923257279
10,38,26.982667428300005
10,39,24.935179430299193
10,40,21.1325578599969
10,41,18.80845838982013
10,42,16.840228526654062
10,43,13.092591970539178
10,44,10.387866240179708
10,45,7.250777257881729
10,46,5.665585045308608
10,47,4.293447182746959
10,48,6.726720621823608
10,49,9.0194629577053
10,50,9.682516929135383
10,51,13.122146571429058
10,52,22.363365439444774
10,53,20.419408777683916
10,54,18.348686694493686
10,55,18.907105088172607
10,56,21.873243047564912
10,57,23.32594980215385
10,58,27.11057369288789
10,59,27.51009123958336
10,60,31.2798750793985
10,61,31.18090560402956
10,62,27.771436584375596
10,63,26.05640904362122
10,64,22.26898587291235
10,65,19.0370875007854
10,66,15.289463393391983
10,67,14.36905028927081
10,68,11.749306947697905
10,69,12.892857399975261
10,70,12.763864669077622
10,71,13.838481230054224
10,72,16.331389520363086
10,73,15.97971015710963
10,74,18.955341057394453
10,75,19.174381815186873
10,76,22.133010514809204
10,77,23.186801284260667
10,78,26.263019807643744
10,79,28.085066241087944
10,80,30.569011686567507
10,81,32.51250704810821
10,82,31.54900298458328
10,83,28.74977798093305
10,84,27.219614198983056
10,85,24.59232436019876
10,86,22.945883115791432
10,87,20.279369668141722
10,88,17.923053522661895
10,89,15.68270581589971
10,90,11.90781071873501
10,91,9.352260445685808
10,92,8.467044739581247
10,93,8.727846104140138
10,94,10.143365551636933
10,95,13.723265814381085
10,96,16.89854879059457
10,97,19.96049321362368
10,98,23.486681693627343
10,99,26.644576219744035
10,100,30.167521939533923
10,101,31.97656012443854
10,102,35.142754611473215
11,1,24.5738097532443
11,2,21.812980934787927
11,3,19.59675032104138
11,4,17.355966905184943
11,5,19.45978883377172
11,6,16.60950502750705
11,7,13.834323098324326
11,8,10.363248721249143
11,9,6.9056797204887825
11,10,3.8087439672639976
11,12,3.7767009893464323
11,13,6.363415086248775
11,14,9.598677756379518
11,15,11.864400868587966
11,16,12.587599032585695
11,17,16.34715940347037
11,18,17.306965954835338
11,19,16.87783151296224
11,20,19.473612471046582
11,21,20.74523065084138
11,22,22.180956330044214
11,23,25.621533735645635
11,24,24.55887360979957
11,25,24.800961446516247
11,26,22.763186287685002
11,27,21.898181788248888
11,28,20.660995810519992
11,29,17.902538714491282
11,30,18.923404124117553
11,31,17.019726605713924
11,32,18.74159320212745
11,33,20.02048649705056
11,34,23.36304537963969
11,35,24.19458273346882
11,36,27.55666823425598
11,37,27.768071252685885
11,38,24.20620768567332
11,39,21.875275257325306
11,40,18.133004035603445
11,41,15.531676459747327
11,42,13.906170168462447
11,43,10.188665038538662
11,44,8.263457002035926
11,45,6.09460955662315
11,46,5.748702783379506
11,47,6.6830103364088735
11,48,9.099340881299653
11,49,11.707217690237472
11,50,12.036010401710833
11,51,15.074268812839266
11,52,25.279187856677833
11,53,23.516141155835097
11,54,21.755095928878966
11,55,22.449921869986387
11,56,25.54035123910446
11,57,26.94820157418649
11,58,30.727685918318638
11,59,30.940621390385093
11,60,34.723398408010866
11,61,34.64369055653195
11,62,31.15241654211623
11,63,29.21731779161443
11,64,25.450034244631542
11,65,22.04127325321305
11,66,18.335963575771178
11,67,17.03714565587556
11,68,14.047439436830354
11,69,15.063673863543283
11,70,14.184001254574381
11,71,14.85296496316986
11,72,16.593610613381358
11,73,15.56611100999086
11,74,17.96447740914329
11,75,17.497832793449433
11,76,20.0304485814737
11,77,21.14395106152772
11,78,24.19132974293854
11,79,26.388252303642957
11,80,28.631406604659627
11,81,30.33885982544822
11,82,29.542117253540418
11,83,26.622988334233966
11,84,25.440622569954083
11,85,23.061835320677815
11,86,21.819978822780374
11,87,19.666924467716154
11,88,17.27111572512995
11,89,15.627793624028126
11,90,11.820139218717872
11,91,10.254522271819742
11,92,10.280223448640431
11,93,11.621375151310028
11,94,13.369923361164732
11,95,17.065667163927095
11,96,20.285204235364628
11,97,23.125910125846154
11,98,26.73365092570382
11,99,29.730691766201513
11,100,33.34351070512556
11,101,35.06590990689681
11,102,38.08349927768014
12,1,27.773237694653673
12,2,25.02995419731066
12,3,23.02824160514789
12,4,20.76421280465697
12,5,22.84032638544802
12,6,20.01310670874289
12,7,17.455320449705095
12,8,13.863438900413847
12,9,10.593031522167566
12,10,7.218178663723679
12,11,3.7767009893464323
12,13,3.808789911382663
12,14,6.364439342377878
12,15,9.349382120956616
12,16,10.322444080034115
12,17,14.103470136360313
12,18,15.552783314552986
12,19,15.499124841090937
12,20,18.385392128894186
12,21,19.36676998647231
12,22,21.142970218504146
12,23,24.508083491341697
12,24,23.743172935470117
12,25,23.54972747647416
12,26,21.42464848803272
12,27,19.982775522674512
12,28,18.349419006330237
12,29,15.238503956433727
12,30,15.764591889991244
12,31,13.631032980063425
12,32,15.086084483920944
12,33,16.389162008879158
12,34,19.70182793476419
12,35,20.66950130177152
12,36,24.004356275514112
12,37,24.07660874793183
12,38,20.536974821111034
12,39,18.1166871899596
12,40,14.39469793803089
12,41,11.758770086108422
12,42,10.27113215817069
12,43,6.576314352158982
12,44,5.556432919112369
12,45,4.899600694838771
12,46,6.425119259879138
12,47,9.031925030637094
12,48,11.775774695109275
12,49,14.846107651610714
12,50,15.500992991906129
12,51,18.254499845041963
12,52,28.755934176293536
12,53,26.865070685572775
12,54,25.156196937935512
12,55,26.01369869410267
12,56,29.039523421231607
12,57,30.30587328457994
12,58,34.06564737128738
12,59,34.29636618596271
12,60,38.05037582735541
12,61,37.77257632954928
12,62,34.21242271291549
12,63,32.24514409185494
12,64,28.473437097010848
12,65,25.043626170179234
12,66,21.343519211482402
12,67,19.5797028131822
12,68,16.222991011892177
12,69,16.6464782926537
12,70,14.93112286254152
12,71,14.854483930195741
12,72,15.737243531889154
12,73,13.965176025070397
12,74,15.71079003290113
12,75,14.774977635310734
12,76,16.98512099065578
12,77,18.386148466774966
12,78,21.545910426370863
12,79,24.092041844318835
12,80,26.282597523440835
12,81,27.64261752506159
12,82,26.764486788490263
12,83,23.65962453316362
12,84,22.607962512165763
12,85,20.328002355391522
12,86,19.561157612650966
12,87,17.90059426067336
12,88,15.798087339870696
12,89,14.968595761811493
12,90,11.453182467957681
12,91,11.127465765210276
12,92,11.466676400694563
12,93,13.774485774353892
12,94,16.11434366853095
12,95,19.72978127009579
12,96,23.143421620073816
12,97,25.73523088923393
12,98,29.450104558423483
12,99,32.38357237077886
12,100,36.07024613105469
12,101,37.92031216402976
12,102,40.82738197033801
13,1,30.763995483692362
13,2,27.84002226892395
13,3,25.52817469882424
13,4,22.9197874805564
13,5,24.514989724780342
13,6,21.36109582463037
13,7,19.038464034946127
13,8,15.45857769550899
13,9,12.400295024520078
13,10,9.559331161808966
13,11,6.363415086248775
13,12,3.808789911382663
13,14,3.796643520297181
13,15,5.920536322617041
13,16,6.54950410786361
13,17,10.335071206871547
13,18,11.89713189962495
13,19,12.266830439852434
13,20,15.483096159926367
13,21,16.82297814168635
13,22,19.101689808976932
13,23,22.167838851440102
13,24,21.148992590929165
13,25,20.558714200738493
13,26,18.129305945745735
13,27,16.62107992482506
13,28,14.81227753967941
13,29,11.914473840611722
13,30,12.681831403523946
13,31,10.807578392629413
13,32,12.976576449314166
13,33,14.70261097488647
13,34,18.33589303479113
13,35,19.847011695912585
13,36,23.365464519844334
13,37,23.340079638679192
13,38,20.087704307743003
13,39,17.279370818215085
13,40,13.796632658891124
13,41,10.633651211800382
13,42,8.604591543820472
13,43,5.576612583636959
13,44,4.931991425925989
13,45,6.376732532054811
13,46,7.011529418986987
13,47,10.126095782490562
13,48,12.146623818640286
13,49,15.324998724929774
13,50,16.21182520629197
13,51,18.31016844303859
13,52,29.312710878160733
13,53,27.391681357119978
13,54,26.10899862522071
13,55,27.449085955039873
13,56,30.627668540516407
13,57,31.509041720291318
13,58,35.200246105648986
13,59,35.105506989336426
13,60,38.81345945138694
13,61,38.41019470482312
13,62,34.71747162328274
13,63,32.4609942699552
13,64,28.775238234821266
13,65,25.217829857663357
13,66,21.67762072700087
13,67,19.451304583243587
13,68,15.927303154508136
13,69,16.331778627272016
13,70,14.281343865963926
13,71,14.36334331380858
13,72,14.719845438053248
13,73,13.064557168039336
13,74,14.425628992168642
13,75,12.827737540320678
13,76,14.646740763045235
13,77,15.468303812118702
13,78,18.338872115779015
13,79,20.850913695762156
13,80,22.823422956224977
13,81,24.32144218781009
13,82,23.739772609214963
13,83,20.849011945817782
13,84,20.164468053490804
13,85,18.33630870939919
13,86,17.432985575019526
13,87,16.133991556089743
13,88,13.639898590859271
13,89,13.056177498318565
13,90,9.872921146334123
13,91,10.379474801961388
13,92,11.880720301507825
13,93,14.596382023623207
13,94,16.882674891207543
13,95,20.495545288863426
13,96,23.820944481602226
13,97,25.988808312714735
13,98,29.73819296182857
13,99,32.37002262008416
13,100,36.13936701312602
13,101,37.886234042031354
13,102,40.538834362835615
14,1,34.07237696385014
14,2,31.275879716297204
14,3,29.089984653836424
14,4,26.601356931191102
14,5,28.287046918264497
14,6,25.14109686870813
14,7,22.7375607385322
14,8,19.19113666291644
14,9,16.001538339372335
14,10,13.095812817823674
14,11,9.598677756379518
14,12,6.364439342377878
14,13,3.796643520297181
14,15,3.8166643729939724
14,16,5.894097456710469
14,17,9.113082255767173
14,18,11.712558415903949
14,19,13.005693039193783
14,20,16.51843698217007
14,21,17.7085315123894
14,22,20.414728819305015
14,23,23.18303217188649
14,24,22.343122944780653
14,25,21.14739894896429
14,26,18.482536020365778
14,27,16.331536264226827
14,28,13.793275110656076
14,29,10.680028177826767
14,30,10.368946280940799
14,31,7.71598376990059
14,32,9.887511278309715
14,33,12.23068398441679
14,34,15.824564543071784
14,35,17.82303920011304
14,36,21.17110656569946
14,37,20.66759917070281
14,38,17.523769992349
14,39,14.354894368881173
14,40,11.185445224548225
14,41,7.609003755831485
14,42,6.406748321253178
14,43,4.723966369636842
14,44,6.608565878765537
14,45,9.182102132545394
14,46,10.600002385409121
14,47,13.886988670604934
14,48,15.905521452028372
14,49,19.026973808723266
14,50,19.73197034184673
14,51,21.663600063259757
14,52,32.86777594469625
14,53,31.045905797039318
14,54,29.859977871578383
14,55,31.193298753095554
14,56,34.394795048368636
14,57,35.297900818782644
14,58,38.98684467714926
14,59,38.843697378797565
14,60,42.54795878214956
14,61,42.141306759534864
14,62,38.428069157131404
14,63,36.10292604265015
14,64,32.44924694633668
14,65,28.862766116716788
14,66,25.375934587830912
14,67,23.055775539809915
14,68,19.499002452062808
14,69,19.74542817576514
14,70,17.377977279755797
14,71,17.047113153417435
14,72,16.677044384553227
14,73,14.460620284551386
14,74,14.862066052053185
14,75,12.469150048437882
14,76,13.35911286051752
14,77,14.299800626555204
14,78,17.00487313252126
14,79,19.993055543457118
14,80,21.59570572925296
14,81,22.631634966772236
14,82,22.221358368997787
14,83,19.20716194299259
14,84,19.024803811933253
14,85,17.63275405712703
14,86,17.42301137729618
14,87,16.93379907344478
14,88,14.799220761466009
14,89,15.085090771902145
14,90,12.501839567311835
14,91,13.734503848225636
14,92,15.332016013694185
14,93,18.270185380603845
14,94,20.650992393889407
14,95,24.231509044353594
14,96,27.567436283854494
14,97,29.63692040030828
14,98,33.39291748120712
14,99,35.941582593914326
14,100,39.72826981590066
14,101,41.447486593134904
14,102,44.00147061677699
15,1,36.36325031413389
15,2,33.47427728854711
15,3,30.974731468664608
15,4,28.287594759057207
15,5,29.5921228640363
15,6,26.189931020383845
15,7,23.88392669082207
15,8,20.518354416074832
15,9,17.477959502187545
15,10,15.15177723309698
15,11,11.864400868587966
15,12,9.349382120956616
15,13,5.920536322617041
15,14,3.8166643729939724
15,16,3.816183832545062
15,17,6.247190436921583
15,18,9.307111553817984
15,19,11.469217039816872
15,20,15.230420460416658
15,21,17.037216500770658
15,22,20.175771741520506
15,23,22.49684236604729
15,24,21.194052398981917
15,25,19.59306099923715
15,26,16.485754413047587
15,27,14.489853558121403
15,28,11.691329992330374
15,29,9.3495697828341
15,30,9.353542551218869
15,31,7.16179121987626
15,32,10.46142386122725
15,33,13.354220262925685
15,34,17.061171019605073
15,35,19.586813704885596
15,36,22.95701286228288
15,37,22.286842786597607
15,38,19.54443580207336
15,39,16.097074786748383
15,40,13.482782951729938
15,41,9.75853485641437
15,42,8.461123169328337
15,43,7.913792570663832
15,44,9.258114961741905
15,45,11.955361163014569
15,46,12.424895180445434
15,47,15.45094332462698
15,48,16.68509718548323
15,49,19.53034541860666
15,50,20.14638952498826
15,51,21.440214462341036
15,52,32.865595932411665
15,53,31.18581270927801
15,54,30.451756863181018
15,55,32.11491969869707
15,56,35.47701410316675
15,57,36.114956736793935
15,58,39.719336067881855
15,59,39.22150751658133
15,60,42.870495297263815
15,61,42.48583469197364
15,62,38.70665616282247
15,63,36.09714911884375
15,64,32.58710840129991
15,65,28.916091259048184
15,66,25.66784017478276
15,67,23.187788993754587
15,68,19.755213556381758
15,69,20.2756223739725
15,70,18.025980139101495
15,71,18.155907825813376
15,72,17.64420703299779
15,73,15.907154810815436
15,74,16.137466782675084
15,75,13.314950504458272
15,76,13.62680434802235
15,77,13.548658615266174
15,78,15.54432850742763
15,79,18.34489739677536
15,80,19.4519767914908
15,81,20.765175741247926
15,82,20.951491640202967
15,83,18.39436574956697
15,84,18.803450745967876
15,85,18.07501924193377
15,86,17.602592375182812
15,87,17.430252402955475
15,88,14.852597788041331
15,89,15.103328584732411
15,90,12.958723324026765
15,91,14.392043710689425
15,92,16.776313693059326
15,93,19.60292409945072
15,94,21.628438922613743
15,95,25.179737075330195
15,96,28.276483555671398
15,97,30.030669162291563
15,98,33.7137871817737
15,99,35.941918149318866
15,100,39.73992173838886
15,101,41.23100124884866
15,102,43.5364092508592
16,1,36.48668863856545
16,2,33.34047822109841
16,3,30.745518541159694
16,4,27.749654551634453
16,5,28.686274288823373
16,6,25.27220743993279
16,7,23.44922278277691
16,8,20.036309150575285
16,9,17.507779370521202
16,10,15.263485287218826
16,11,12.587599032585695
16,12,10.322444080034115
16,13,6.54950410786361
16,14,5.894097456710469
16,15,3.816183832545062
16,17,3.801215358290525
16,18,5.869640857820057
16,19,7.677006449091617
16,20,11.425881106532833
16,21,13.273533654643575
16,22,16.47845858681247
16,23,18.713444720759625
16,24,17.383094781960132
16,25,15.841369415781653
16,26,12.852363252924226
16,27,10.98974739455739
16,28,8.669014297264116
16,29,6.4704354555074195
16,30,7.88847553987565
16,31,7.312418622236258
16,32,10.682036173719446
16,33,12.874874738844033
16,34,16.696192018659573
16,35,19.030990169943752
16,36,22.63966725376887
16,37,22.517458245035705
16,38,20.0176502342779
16,39,16.864680890493567
16,40,14.255840465315025
16,41,10.951288389594163
16,42,8.42312471062176
16,43,8.122393163149512
16,44,8.419092533285674
16,45,11.380910700868776
16,46,11.359364431487982
16,47,14.491082271741238
16,48,15.524526157601276
16,49,18.58285162901093
16,50,19.85130697311433
16,51,20.903348527842493
16,52,32.00489197502604
16,53,30.009546093398303
16,54,29.332216703416083
16,55,31.324223634837626
16,56,34.57737115692015
16,57,34.85587791906147
16,58,38.35771582524894
16,59,37.842515556678315
16,60,41.39038717088447
16,61,40.71279573759558
16,62,36.89132511029769
16,63,34.29613576764375
16,64,30.851804577553878
16,65,27.279387959016518
16,66,24.14788725112647
16,67,21.277296774514426
16,68,17.74825518506102
16,69,17.841689635079423
16,70,15.313507844619838
16,71,15.380001719648588
16,72,14.574871004193993
16,73,13.211425499680423
16,74,13.479906203464399
16,75,10.753743950667987
16,76,11.352622164652866
16,77,10.745262882934885
16,78,12.780267504339475
16,79,15.20944982903239
16,80,16.68911723300703
16,81,18.388053906819632
16,82,18.386043147766493
16,83,16.01835030583081
16,84,16.151318045282995
16,85,15.412610196200646
16,86,14.411649247902055
16,87,14.132222325027096
16,88,11.323384284848489
16,89,11.675296076343917
16,90,10.091607994816876
16,91,12.171664151040305
16,92,14.90062078122364
16,93,17.962991696241613
16,94,20.13937284081234
16,95,23.43836152575829
16,96,26.53279660983507
16,97,27.92191557349745
16,98,31.606076531494104
16,99,33.698472136249315
16,100,37.50597568111459
16,101,39.1330038821488
16,102,41.31145853889943
17,1,40.06128332425667
17,2,36.84973119502711
17,3,34.15230737543323
17,4,31.036898109259223
17,5,31.70873201591866
17,6,28.221078822400067
17,7,26.593948876987554
17,8,23.303292269239645
17,9,20.961306957004503
17,10,18.92543367349421
17,11,16.34715940347037
17,12,14.103470136360313
17,13,10.335071206871547
17,14,9.113082255767173
17,15,6.247190436921583
17,16,3.801215358290525
17,18,3.8277131013008345
17,19,7.151935514481543
17,20,10.752729060132442
17,21,12.797028711568075
17,22,16.430007581192484
17,23,17.944172100388965
17,24,16.463285366250542
17,25,14.202346898192411
17,26,10.856103230480384
17,27,8.699399969568946
17,28,5.773258521567204
17,29,4.969768275614413
17,30,6.561488928597989
17,31,7.238526458304064
17,32,10.84662526793416
17,33,13.168231793730325
17,34,16.777913356053475
17,35,19.528524022683257
17,36,23.006187120462776
17,37,22.76157049678511
17,38,20.794408554119336
17,39,17.57607715340509
17,40,15.656235283902335
17,41,12.582377964649645
17,42,10.329507740806909
17,43,11.167381233814226
17,44,11.80329349284175
17,45,14.958828430126761
17,46,14.826561450807128
17,47,17.84487216821891
17,48,18.50875216961487
17,49,21.392318332981304
17,50,22.722985466526943
17,51,23.303216757432182
17,52,34.26840020492261
17,53,32.29680436112384
17,54,31.92330168866476
17,55,34.171782774881336
17,56,37.441964232612385
17,57,37.457916789239924
17,58,40.84284228491531
17,59,40.11754662640537
