1,2,3.8018674121177747
1,3,7.469985666057812
1,4,9.814199651767264
1,5,12.68175380453756
1,6,16.101961434339934
1,7,19.707556630504254
1,8,22.70239820648933
1,9,26.497805224216236
1,10,28.0093385819806
1,11,29.036228165630423
1,12,27.231595132380644
1,13,25.203985120583077
1,14,27.616261249461886
1,15,30.942009049845353
1,16,34.69888281894176
1,17,37.75737674857601
1,18,40.3692151342831
1,19,41.41237282533501
1,20,44.98564306157058
1,21,47.001668645604106
1,22,49.44713010578675
1,23,50.25039284110617
1,24,53.52534743395776
1,25,52.048894786790974
1,26,50.00707303837061
1,27,51.5741133459611
1,28,50.74555300556159
1,29,48.97370790986058
1,30,46.54904223452003
1,31,46.05407810428733
1,32,45.10935601509407
1,33,42.92893723285621
1,34,41.396076136000204
1,35,40.89856512412475
1,36,39.74327048880231
1,37,37.133662174120865
1,38,35.509857979421135
1,39,35.69965842908862
1,40,33.0492597045875
1,41,30.726443610775846
1,42,30.097318951280393
1,43,28.69244859537159
1,44,26.351935752778477
1,45,22.850356183407342
1,46,23.891996070452674
1,47,26.85472238792408
1,48,27.4026112535099
1,49,29.2035469148366
1,50,31.378280421857042
1,51,32.89434002670914
1,52,34.68000854058828
1,53,37.048882939340956
1,54,36.96323148967523
1,55,38.68135128316112
1,56,41.00639473380442
1,57,42.406389904159056
1,58,42.72648649911794
1,59,44.47496649062064
1,60,46.949606374942014
1,61,48.04060065284015
1,62,48.77502961031948
1,63,49.42897770513324
1,64,49.378389051691265
1,65,46.2050331773414
1,66,43.89051051539942
1,67,40.697272343851914
1,68,42.56911336213382
1,69,44.34442861032765
1,70,41.12307621868936
1,71,39.492026158513795
1,72,41.99425169351715
1,73,44.654205713755985
1,74,47.68626415315139
1,75,48.6310531775209
1,76,51.70719899965743
1,77,51.05273235063714
1,78,48.73946019390006
1,79,45.08180115604834
1,80,43.11673498799981
1,81,44.321501615479114
1,82,48.026935180772035
1,83,49.10282269836015
1,84,47.234070019834
1,85,49.1315594248618
1,86,52.20488013241797
1,87,52.16690324307913
1,88,51.17952420916682
1,89,54.26472854002896
1,90,56.22077434565653
1,91,55.16923721660614
1,92,55.976754153378366
1,93,59.52296907564372
1,94,60.62494546656716
1,95,58.9697317847429
1,96,60.52223236502784
1,97,57.7303925099169
1,98,57.99369970779032
1,99,56.155433886591304
1,100,54.39147258013445
1,101,55.72399949237062
1,102,57.13320889292247
2,1,3.8018674121177747
2,3,3.8500990212511277
2,4,6.705565864811531
2,5,9.707882384581373
2,6,12.811146204332736
2,7,16.360999291726824
2,8,19.187595680761707
2,9,23.00056095627816
2,10,24.42182704173983
2,11,25.646398815513283
2,12,23.976578057935587
2,13,21.78264690336474
2,14,24.14589594484983
2,15,27.564245651512426
2,16,31.281271117310922
2,17,34.378028906077645
2,18,37.03928561682139
2,19,38.268879537961716
2,20,41.898369336942245
2,21,44.082889701432
2,22,46.53891329586629
2,23,47.275700784420714
2,24,50.49041957037156
2,25,48.88142386874894
2,26,46.80889688473449
2,27,48.304913484440696
2,28,47.54791077569125
2,29,45.64666414966541
2,30,43.23048031572711
2,31,42.897956245990216
2,32,41.90394295068948
2,33,39.597258026996705
2,34,38.201900890202666
2,35,37.86245513001158
2,36,36.61529316602697
2,37,33.9197911616091
2,38,32.51565985809214
2,39,32.6799971626108
2,40,29.8517331080206
2,41,27.575136194515423
2,42,27.253298256834224
2,43,25.877484301406085
2,44,23.290017221197946
2,45,19.855947730374123
2,46,21.1160893862141
2,47,24.314727415003095
2,48,24.8106653383709
2,49,26.28176095718506
2,50,28.580812703386798
2,51,30.324490164973895
2,52,31.875823467972005
2,53,34.16880612938964
2,54,34.34457034328074
2,55,36.156082381965696
2,56,38.26970446072038
2,57,39.680861829832395
2,58,40.25572086997199
2,59,41.9609140777383
2,60,44.25276586076187
2,61,45.39042470835961
2,62,46.34901899379501
2,63,47.13531993783172
2,64,47.167237391931366
2,65,44.12798483764912
2,66,41.61390883616604
2,67,38.407385202154195
2,68,40.41904826645081
2,69,41.95895431105302
2,70,38.60995739815529
2,71,37.20056781009286
2,72,39.89052778566328
2,73,42.347846991734556
2,74,45.47735174080582
2,75,46.50243603919556
2,76,49.437186751554115
2,77,48.58754887056368
2,78,46.10220283402754
2,79,42.50883206846907
2,80,40.34847736462186
2,81,41.43733527603259
2,82,45.09033489264484
2,83,46.35771274691937
2,84,44.51331571931854
2,85,46.233016546020245
2,86,49.39495730167649
2,87,49.5459135411742
2,88,48.506434873984794
2,89,51.47080321265692
2,90,53.584165903473576
2,91,52.65717159704488
2,92,53.35654611038804
2,93,56.86387339125152
2,94,58.1367059821396
2,95,56.5395343727379
2,96,57.96849600713776
2,97,55.06481147352684
2,98,55.147856831097755
2,99,53.20965585535318
2,100,51.30469291293129
2,101,52.49658441766147
2,102,53.78410716599351
3,1,7.469985666057812
3,2,3.8500990212511277
3,4,3.819332695648117
3,5,6.309745471536971
3,6,9.130412145952054
3,7,12.573679024263358
3,8,15.339740015147818
3,9,19.151471612041675
3,10,20.613004710153426
3,11,21.87367115009398
3,12,20.36054586600257
3,13,18.215702552930377
3,14,20.733919362117195
3,15,24.135418015657134
3,16,27.83649542644271
3,17,30.854446939420008
3,18,33.64715971364697
3,19,35.01150199638894
3,20,38.6421529388061
3,21,40.94741758406878
3,22,43.50487041885831
3,23,44.304494999944254
3,24,47.41352904272684
3,25,45.653849332025324
3,26,43.66650149822271
3,27,45.205377445630226
3,28,44.63413064238535
3,29,42.64897818151602
3,30,40.13032405953518
3,31,39.98905210244554
3,32,39.09430284347014
3,33,36.60339926175925
3,34,35.255220497749406
3,35,35.186652135691276
3,36,33.99850657241135
3,37,31.10819780872728
3,38,29.982522604626414
3,39,30.32227201936384
3,40,27.28429541673336
3,41,24.893746854917627
3,42,24.939020045638564
3,43,23.847059365566363
3,44,20.902390741003543
3,45,17.48776384745914
3,46,18.694783549657906
3,47,22.01500989666216
3,48,22.19466174467971
3,49,23.387683899738235
3,50,25.956988867770928
3,51,27.770187656414446
3,52,28.999612381368202
3,53,31.353905054406603
3,54,31.838469196863926
3,55,33.57759012151611
3,56,35.45840194875211
3,57,37.021624773434375
3,58,37.806055920701354
3,59,39.33188554980055
3,60,41.47021233577038
3,61,42.77524397867468
3,62,43.91781310256146
3,63,44.93246755484558
3,64,45.13856299416077
3,65,42.20339040265176
3,66,39.477228029756574
3,67,36.36421575240505
3,68,38.61782417250308
3,69,39.95854690865466
3,70,36.52436915364644
3,71,35.43550001884665
3,72,38.36319387747047
3,73,40.62968194972595
3,74,43.91125283806981
3,75,45.14033698941976
3,76,47.932953335012215
3,77,46.81601944510113
3,78,44.16460778248589
3,79,40.681204688981545
3,80,38.279156114565446
3,81,39.146193477453224
3,82,42.70943503174133
3,83,44.15358117219858
3,84,42.21860141220326
3,85,43.717523098292475
3,86,47.01096974392318
3,87,47.30974220731571
3,88,46.09802626113418
3,89,48.931674695988725
3,90,51.202776828958456
3,91,50.30802967060127
3,92,50.80488038816718
3,93,54.307386289843926
3,94,55.75433003509837
3,95,54.12075336470338
3,96,55.366782553211905
3,97,52.34385414712074
3,98,52.275835855375725
3,99,50.32950286705286
3,100,48.3266794892709
3,101,49.370706543834274
3,102,50.5823251604419
4,1,9.814199651767264
4,2,6.705565864811531
4,3,3.819332695648117
4,5,3.8287409763792377
4,6,6.560342785703159
4,7,10.345863297088627
4,8,13.604203274991349
4,9,17.357613783545087
4,10,19.418277569025744
4,11,20.814008325319513
4,12,19.879997408039323
4,13,18.098290020921706
4,14,20.942866027060404
4,15,24.245026077445107
4,16,27.852379568837225
4,17,30.633963320177244
4,18,33.715988217268546
4,19,35.311440206273524
4,20,38.8899418116713
4,21,41.34279854683846
4,22,44.100464808793724
4,23,45.04674332276591
4,24,47.96709462168204
4,25,45.96071031877189
4,26,44.15030081648288
4,27,45.74208717169217
4,28,45.4591846717224
4,29,43.31413700598646
4,30,40.682299082882366
4,31,40.86570271900819
4,32,40.07980782093115
4,33,37.320533501305775
4,34,36.11070511840984
4,35,36.42873628970734
4,36,35.27439931624561
4,37,32.17205838567421
4,38,31.453667145292314
4,39,31.92821737471594
4,40,28.646094929333366
4,41,26.23138653433117
4,42,26.7471564823502
4,43,25.917431990199464
4,44,22.6522901002178
4,45,19.39260909815956
4,46,20.503578694637888
4,47,23.832874472789516
4,48,23.52722693928739
4,49,24.4309563916698
4,50,27.358761188182182
4,51,29.141971924812765
4,52,29.935105223893473
4,53,32.421662051078336
4,54,33.28524349553509
4,55,34.83422285097028
4,56,36.42446623102113
4,57,38.23823960995746
4,58,39.2253323588248
4,59,40.45977459075412
4,60,42.43289454190763
4,61,43.998191091369556
4,62,45.31495457008628
4,63,46.60648602896659
4,64,47.01670672266853
4,65,44.16765813873707
4,66,41.25870706330607
4,67,38.29327641338855
4,68,40.780670676289795
4,69,41.9436601744648
4,70,38.452407019425976
4,71,37.678769742342084
4,72,40.791315192331524
4,73,42.87825320123733
4,74,46.2704388493854
4,75,47.64238088862468
4,76,50.29234076719114
4,77,48.94909780126814
4,78,46.13362043685545
4,79,42.774730964451535
4,80,40.14303521611725
4,81,40.782894440372225
4,82,44.21810421328482
4,83,45.8822946985702
4,84,43.88077876334478
4,85,45.10551699370876
4,86,48.537158950201565
4,87,49.012993826185635
4,88,47.60919199571994
4,89,50.27288754216359
4,90,52.7213484274462
4,91,51.84587486918675
4,92,52.0837986321617
4,93,55.580942701439675
4,94,57.220318831380126
4,95,55.509918732915885
4,96,56.519403136657694
4,97,53.360105879611694
4,98,53.112934622503815
4,99,51.19152715010851
4,100,49.05795570164853
4,101,49.85163360133169
4,102,50.90294218933947
5,1,12.68175380453756
5,2,9.707882384581373
5,3,6.309745471536971
5,4,3.8287409763792377
5,6,3.8376061777865473
5,7,7.315063596443806
5,8,10.792625786198537
5,9,14.428538748496962
5,10,16.68577942467513
5,11,17.663927522979968
5,12,16.77631094366385
5,13,15.504753753378358
5,14,18.7202554483349
5,15,21.718472568503188
5,16,25.3218452238971
5,17,27.845587674786167
5,18,31.065494844750805
5,19,32.580442490816495
5,20,36.04893144049017
5,21,38.44974966999606
5,22,41.370135021044455
5,23,42.53683342315842
5,24,45.34374808986458
5,25,43.27784504310772
5,26,41.6884449732277
5,27,43.481804870989876
5,28,43.439752654992354
5,29,41.37773722234702
5,30,38.53850755998778
5,31,38.80589505203419
5,32,38.316143167641435
5,33,35.4413255406279
5,34,34.07684741308136
5,35,34.65336289729585
5,36,33.797825273858216
5,37,30.487895902757238
5,38,29.937315560034843
5,39,30.812995937082913
5,40,27.481445550667917
5,41,24.777121068127734
5,42,25.46190422649618
5,43,25.15770663050267
5,44,21.696523005458157
5,45,18.4347954620667
5,46,19.013100467036946
5,47,22.112033083461114
5,48,21.268668966001044
5,49,22.152646213845383
5,50,25.36732005133124
5,51,26.89585046916749
5,52,27.423419449811504
5,53,30.133859674593054
5,54,31.172528156029497
5,55,32.426034571058345
5,56,33.88400928483618
5,57,35.96318495136239
5,58,36.956804664665505
5,59,37.909463921203596
5,60,39.85741609178805
5,61,41.66328320160684
5,62,42.98980826028439
5,63,44.51616532846588
5,64,45.13617176286379
5,65,42.302146753312655
5,66,39.29012321151249
5,67,36.53785882774399
5,68,39.269647542014035
5,69,40.39814998072311
5,70,36.95825415217863
5,71,36.46670141793631
5,72,39.73996967034009
5,73,41.75897050586885
5,74,45.28807179157601
5,75,46.93752668140846
5,76,49.52325770573496
5,77,47.96160055080957
5,78,45.10754408562955
5,79,41.875103065779186
5,80,39.101299771470515
5,81,39.489366709442486
5,82,42.816879367349955
5,83,44.49916245525741
5,84,42.28341406227182
5,85,43.36083352558354
5,86,46.89140967051775
5,87,47.34879275073869
5,88,45.694967025803486
5,89,48.28736990759296
5,90,50.78561222819152
5,91,49.78345475547593
5,92,49.797488303524524
5,93,53.335283210724825
5,94,55.04552342119145
5,95,53.185612617091955
5,96,54.030307469531536
5,97,50.81991078846124
5,98,50.56262787922017
5,99,48.787771281288684
5,100,46.70428809674497
5,101,47.44979233947104
5,102,48.56713675233955
6,1,16.101961434339934
6,2,12.811146204332736
6,3,9.130412145952054
6,4,6.560342785703159
6,5,3.8376061777865473
6,7,3.817394334371204
6,8,7.328195396762702
6,9,10.946395170361802
6,10,13.415189943951974
6,11,14.813368156742976
6,12,14.552291496784347
6,13,13.289987236319092
6,14,16.469814740986553
6,15,19.430960820757875
6,16,22.829274915559864
6,17,25.2548530709156
6,18,28.615595603596645
6,19,30.455493188793493
6,20,33.928415848225335
6,21,36.569198438384625
6,22,39.52270608110299
6,23,40.62952432109647
6,24,43.27325327004615
6,25,40.98297195391803
6,26,39.42274915078261
6,27,41.11826963095381
6,28,41.25367007234952
6,29,38.99923897086355
6,30,36.17176942560289
6,31,36.753500469964145
6,32,36.24003555745334
6,33,33.15944867620298
6,34,32.05102219963477
6,35,32.94994204654767
6,36,32.00686747764086
6,37,28.59554993805694
6,38,28.49496750705767
6,39,29.356429155206538
6,40,25.82813100952627
6,41,23.28161636630974
6,42,24.517073161918276
6,43,24.36531974139732
6,44,20.680222658858685
6,45,17.838301643901094
6,46,18.58833919796733
6,47,21.751945868983015
6,48,20.714341026753484
6,49,20.967103227671615
6,50,24.334658050160083
6,51,26.083731567133704
6,52,26.1282144320451
6,53,28.695395404948357
6,54,30.16326485459194
6,55,31.441931089552668
6,56,32.50314904337991
6,57,34.622763348493365
6,58,35.96797790122201
6,59,36.77051036499743
6,60,38.40727566640066
6,61,40.30912232601407
6,62,41.930119941920196
6,63,43.64835192302364
6,64,44.39406877502447
6,65,41.78529198010911
6,66,38.568016301346724
6,67,35.899568228404405
6,68,38.77229463465153
6,69,39.56354258765754
6,70,36.04018796152086
6,71,35.892850890369736
6,72,39.327088576222216
6,73,41.033961220050784
6,74,44.61893478943217
6,75,46.34259860986575
6,76,48.701313647689496
6,77,46.906930199408826
6,78,43.86666330237225
6,79,40.79781122433837
6,80,37.80056619675018
6,81,37.98312570006418
6,82,41.151118880918915
6,83,43.09360159157687
6,84,40.93430657748955
6,85,41.707389499555724
6,86,45.32700959712732
6,87,46.04736135469834
6,88,44.315581534686174
6,89,46.68535868168991
6,90,49.38309323506584
6,91,48.548536451808
6,92,48.37760878541046
6,93,51.827329687490476
6,94,53.763673636917375
6,95,51.978122165073785
6,96,52.61751573527458
6,97,49.2743204671905
6,98,48.75406091887589
6,99,46.87712980114101
6,100,44.60087456175043
6,101,45.0881376378929
6,102,45.99119080742029
7,1,19.707556630504254
7,2,16.360999291726824
7,3,12.573679024263358
7,4,10.345863297088627
7,5,7.315063596443806
7,6,3.817394334371204
7,8,3.811121837425316
7,9,7.207092468243665
7,10,9.948131850093342
7,11,11.279562618093033
7,12,11.56412428692688
7,13,10.789365508059953
7,14,14.084567995941333
7,15,16.678908455651325
7,16,19.86841804062751
7,17,22.022399455864154
7,18,25.52924134483074
7,19,27.500037717589887
7,20,30.881856061545328
7,21,33.622696583183206
7,22,36.670676231123814
7,23,37.86451104025065
7,24,40.332041381574186
7,25,37.889070134189474
7,26,36.4873582850296
7,27,38.24629313343284
7,28,38.632931639862164
7,29,36.34453736573136
7,30,33.40585919227714
7,31,34.21483775239884
7,32,33.889457880561004
7,33,30.647359406578982
7,34,29.59225690426058
7,35,30.841278869075666
7,36,30.062962334795372
7,37,26.50456939088044
7,38,26.78644800413493
7,39,27.89628733692417
7,40,24.301563102156
7,41,21.71344169351413
7,42,23.36036868879592
7,43,23.653913785548824
7,44,19.84570986292147
7,45,17.400280244775985
7,46,17.861952119117504
7,47,20.77503930004586
7,48,19.312599598666743
7,49,19.106848901040042
7,50,22.66228446803981
7,51,24.35178695186281
7,52,23.908510466384868
7,53,26.477131401278612
7,54,28.30413748669033
7,55,29.40077628489496
7,56,30.11309328098576
7,57,32.39387364328235
7,58,33.94795537462322
7,59,34.484033796533474
7,60,35.895904715774535
7,61,37.982103293609576
7,62,39.776716066066285
7,63,41.734293382601614
7,64,42.67224251070706
7,65,40.23292622939878
7,66,36.8618444771344
7,67,34.40360847353521
7,68,37.47260924746542
7,69,38.032635554118
7,70,34.533924742107075
7,71,34.767399614546086
7,72,38.34940071992275
7,73,39.814577999594164
7,74,43.4806432203754
7,75,45.4034661855245
7,76,47.577016884847076
7,77,45.53073825110946
7,78,42.38981528331544
7,79,39.52309248461415
7,80,36.344483757215
7,81,36.244732820715214
7,82,39.221569839887856
7,83,41.30236552452199
7,84,39.05755859301091
7,85,39.55700445765112
7,86,43.26204317911308
7,87,44.11410894509631
7,88,42.196072698805544
7,89,44.37833062555445
7,90,47.20447560139953
7,91,46.39660488482769
7,92,45.98678639758287
7,93,49.391544775768004
7,94,51.49138719567904
7,95,49.673085172019356
7,96,50.095323794335854
7,97,46.65963680381881
7,98,45.98195395304434
7,99,44.14021866078859
7,100,41.79618652893779
7,101,42.109602419367036
7,102,42.93693299075345
8,1,22.70239820648933
8,2,19.187595680761707
8,3,15.339740015147818
8,4,13.604203274991349
8,5,10.792625786198537
8,6,7.328195396762702
8,7,3.811121837425316
8,9,3.8198369267763534
8,10,6.175076020831235
8,11,8.028217234075486
8,12,8.906001766339587
8,13,8.089138368496497
8,14,11.082534299593597
8,15,13.487175348654342
8,16,16.427421579835244
8,17,18.54254461381222
8,18,22.076545991341554
8,19,24.285207913612116
8,20,27.678770857680348
8,21,30.604528707186734
8,22,33.59612526468637
8,23,34.68024287668033
8,24,37.04476408417659
8,25,34.48025543364492
8,26,33.05615602664005
8,27,34.72938481701411
8,28,35.217359613975376
8,29,32.834811574554614
8,30,29.90802722417548
8,31,30.913588952928006
8,32,30.597565159488592
8,33,27.241569906047122
8,34,26.355906986134563
8,35,27.84768860652231
8,36,27.062795239233992
8,37,23.45617495899816
8,38,24.11535125992676
8,39,25.275819013402543
8,40,21.626143062710057
8,41,19.18080822992744
8,42,21.27749221645539
8,43,21.821553247205106
8,44,17.98081751367685
8,45,16.116557185909045
8,46,16.586765151903826
8,47,19.3411964911803
8,48,17.790411543828583
8,49,16.913557972148112
8,50,20.452232038608322
8,51,22.321274524813237
8,52,21.448932871581217
8,53,23.782497604490626
8,54,25.953454923259212
8,55,27.09637590280936
8,56,27.449616513449225
8,57,29.684373521592015
8,58,31.53444052456474
8,59,31.986977391316895
8,60,33.10959831580877
8,61,35.206416823183574
8,62,37.23975141348176
8,63,39.31142328040293
8,64,40.32986306737467
8,65,38.122152182552895
8,66,34.61448182493938
8,67,32.25768402065618
8,68,35.40234594559716
8,69,35.65651692343538
8,70,32.1422567531713
8,71,32.69255950292179
8,72,36.36794580690696
8,73,37.54104569586097
8,74,41.22387615440658
8,75,43.22870120605809
8,76,45.194211174733695
8,77,42.955275639058875
8,78,39.70473595540374
8,79,37.01746543554966
8,80,33.6897540865857
8,81,33.39145005863952
8,82,36.204348543959476
8,83,38.45018867638884
8,84,36.24747935497022
8,85,36.50504448411953
8,86,40.25133522472646
8,87,41.29015895701978
8,88,39.32475601306778
8,89,41.32440962813052
8,90,44.28116474754204
8,91,43.61864280964882
8,92,43.090161165520946
8,93,46.40238143331261
8,94,48.65921036073938
8,95,46.93581839338656
8,96,47.22368239120326
8,97,43.7109679398011
8,98,42.83865143248584
8,99,40.90300315735886
8,100,38.432029949662365
8,101,38.593624381632765
8,102,39.30205800428591
9,1,26.497805224216236
9,2,23.00056095627816
9,3,19.151471612041675
9,4,17.357613783545087
9,5,14.428538748496962
9,6,10.946395170361802
9,7,7.207092468243665
9,8,3.8198369267763534
9,10,3.8010465536105054
9,11,5.654896077070867
9,12,8.067272559404811
9,13,8.338102272927214
9,14,10.818128122433881
9,15,12.31276221985331
9,16,14.615086974889381
9,17,16.15855734813566
9,18,19.868134527528213
9,19,22.298058456549615
9,20,25.4875759400064
9,21,28.54528173640126
9,22,31.631195025269303
9,23,32.80970736012795
9,24,34.886906595647034
9,25,32.10020792147998
9,26,30.913262274972485
9,27,32.62691374267332
9,28,33.466728293066964
9,29,31.02614574166341
9,30,28.008270160699972
9,31,29.363471159266485
9,32,29.27793094708868
9,33,25.742887621071368
9,34,25.01511107105505
9,35,26.969877670054938
9,36,26.38037945182928
9,37,22.700900181334468
9,38,23.884691749188484
9,39,25.26871608599002
9,40,21.665636591069106
9,41,19.355911392317342
9,42,21.876496168153206
9,43,22.858499921391438
9,44,19.10916309353729
9,45,17.833103642074015
9,46,18.011291869000175
9,47,20.309573870287903
9,48,18.38577731869503
9,49,16.96495663417377
9,50,20.51082958758293
9,51,22.232056352472085
9,52,20.7329808196617
9,53,22.949875486839137
9,54,25.54450907111518
9,55,26.426302246024786
9,56,26.282575755290306
9,57,28.673822575164085
9,58,30.7749872528501
9,59,30.870003214067815
9,60,31.654115652973555
9,61,33.96273955045855
9,62,36.205093570192545
9,63,38.5482733410337
9,64,39.78434910662667
9,65,37.817805227500635
9,66,34.18475896716251
9,67,32.12535108232654
9,68,35.42926969748664
9,69,35.393869976857054
9,70,31.97165551245928
9,71,32.95581380284485
9,72,36.72019911591924
9,73,37.587242104117365
9,74,41.298805647348246
9,75,43.481814359690546
9,76,45.205125155250165
9,77,42.705581094787846
9,78,39.366560495776454
9,79,36.961582202551725
9,80,33.47340151795529
9,81,32.84040640702344
9,82,35.35752928949395
9,83,37.76940034665422
9,84,35.51892048048991
9,85,35.40752626467082
9,86,39.21353623369404
9,87,40.429894049811686
9,88,38.267141610841286
9,89,39.98892769008718
9,90,43.092271144229194
9,91,42.48835941658279
9,92,41.659155356870514
9,93,44.87587238461548
9,94,47.33339495934872
9,95,45.591443849766826
9,96,45.5927127264669
9,97,41.9815444612832
9,98,40.88695055520504
9,99,38.99926593378401
9,100,36.432752306495665
9,101,36.316679269995326
9,102,36.87071425828807
10,1,28.0093385819806
10,2,24.42182704173983
10,3,20.613004710153426
10,4,19.418277569025744
10,5,16.68577942467513
10,6,13.415189943951974
10,7,9.948131850093342
10,8,6.175076020831235
10,9,3.8010465536105054
10,11,3.8423692655364494
10,12,6.2828931272562025
10,13,6.132593012017101
10,14,7.616094891867064
10,15,8.851400627087282
10,16,10.9675188799981
10,17,12.787015235352898
10,18,16.37706849036556
10,19,18.96412671492886
10,20,22.285485349490823
10,21,25.482743563143796
10,22,28.390578592284076
10,23,29.35425510524286
10,24,31.492480543639516
10,25,28.73034967030378
10,26,27.357296109235893
10,27,28.967751304765187
10,28,29.71732683653735
10,29,27.257678085283644
10,30,24.273541329299785
10,31,25.62894142136836
10,32,25.486102836445763
10,33,21.94457864105894
10,34,21.28138507621018
10,35,23.290896152179233
10,36,22.682057208855642
10,37,19.009144875735362
10,38,20.397214010629444
10,39,21.807029271916036
10,40,18.256220525569837
10,41,16.079956754531775
10,42,18.87769806998605
10,43,20.05259426498265
10,44,16.447376829395047
10,45,15.770782889936797
10,46,15.946583053104634
10,47,18.01585433351307
10,48,16.25435812889823
10,49,14.228102827579093
10,50,17.548170722735232
10,51,19.50009872691354
10,52,17.774564974703512
10,53,19.652139062307878
10,54,22.430696042928314
10,55,23.493497735653257
10,56,23.144572202267383
10,57,25.343368077290116
10,58,27.660160243697742
10,59,27.85899534119724
10,60,28.454283171219526
10,61,30.620854387205885
10,62,33.02290269735749
10,63,35.329683857107916
10,64,36.53586645995819
10,65,34.74581911986074
10,66,31.054506479555535
10,67,29.007065362647747
10,68,32.283213912989076
10,69,32.02692319640181
10,70,28.599010919135704
10,71,29.76292014588532
10,72,33.545548287012686
10,73,34.20821960945454
10,74,37.89827357021738
10,75,40.1070410017838
10,76,41.7033341201569
10,77,39.11651627032936
10,78,35.7393978602299
10,79,33.43909201616879
10,80,29.895685438385264
10,81,29.167183420550213
10,82,31.612728389361124
10,83,34.08361254394291
10,84,31.887702002246144
10,85,31.689321528002868
10,86,35.49386549421197
10,87,36.801813303645645
10,88,34.685155619406046
10,89,36.34389846891488
10,90,39.495403507784445
10,91,39.020686802955794
10,92,38.22992470293705
10,93,41.38337212773116
10,94,43.891844714406965
10,95,42.28198377898756
10,96,42.30444366386012
10,97,38.679692365921404
10,98,37.5014521841975
10,99,35.479124722792406
10,100,32.84391441148058
10,101,32.7553464697338
10,102,33.318237807690174
11,1,29.036228165630423
11,2,25.646398815513283
11,3,21.87367115009398
11,4,20.814008325319513
11,5,17.663927522979968
11,6,14.813368156742976
11,7,11.279562618093033
11,8,8.028217234075486
11,9,5.654896077070867
11,10,3.8423692655364494
11,12,3.7729490043816725
11,13,6.005111456627107
11,14,7.935279195695341
11,15,7.867506023162351
11,16,10.014163565031042
11,17,11.179682928893472
11,18,14.914386668173972
11,19,16.968434290670814
11,20,20.0871885097161
11,21,23.004067788348074
11,22,26.173721938392006
11,23,27.55759369093052
11,24,29.656041959355754
11,25,27.01027308764934
11,26,25.993538057487456
11,27,28.043847541791926
11,28,29.012358926668988
11,29,26.93919653687835
11,30,23.629374444121527
11,31,24.78418794949681
11,32,25.192347933273275
11,33,21.76374201962541
11,34,20.556099681101152
11,35,22.675285057353808
11,36,22.698324694762007
11,37,18.91450582008019
11,38,20.128087453681797
11,39,22.162803190552623
11,40,18.930757016507552
11,41,16.26953767361071
11,42,18.725551698947474
11,43,20.531906068751663
11,44,17.111876454028618
11,45,16.28863139633201
11,46,15.54647429936981
11,47,16.944361750900743
11,48,14.503209883034408
11,49,12.748342163003874
11,50,16.288016212013236
11,51,17.55900888692176
11,52,15.622468418714416
11,53,17.9707376187123
11,54,20.710188407702695
11,55,21.229164685775316
11,56,20.898146515322168
11,57,23.506905352005145
11,58,25.56602904536474
11,59,25.410062800236528
11,60,26.17648949676424
11,61,28.650051807114142
11,62,30.843195525169357
11,63,33.35230226239265
11,64,34.766280684520936
11,65,32.87175029607682
11,66,29.208526419601988
11,67,27.46625120046794
11,68,30.944796470404
11,69,30.87492408667941
11,70,27.658910245985847
11,71,28.968522852321772
11,72,32.774774466925365
11,73,33.554213360221304
11,74,37.32679205589014
11,75,39.819462467395624
11,76,41.48394301931304
11,77,38.82505504595873
11,78,35.60748569831634
11,79,33.39706038983449
11,80,29.92402235858069
11,81,29.010526213380597
11,82,31.377304099151594
11,83,33.596461163776134
11,84,31.061918340516122
11,85,30.89907649504083
11,86,34.725567056518706
11,87,35.76648684761084
11,88,33.358584687679226
11,89,35.07974682736503
11,90,38.116025684589665
11,91,37.32533692478331
11,92,36.35236456101595
11,93,39.6262062588205
11,94,42.050472624270135
11,95,40.17765876875755
11,96,40.12132780889005
11,97,36.526085543210336
11,98,35.548114022171845
11,99,33.842084468678856
11,100,31.47429194616543
11,101,31.56258828111107
11,102,32.45516814369493
12,1,27.231595132380644
12,2,23.976578057935587
12,3,20.36054586600257
12,4,19.879997408039323
12,5,16.77631094366385
12,6,14.552291496784347
12,7,11.56412428692688
12,8,8.906001766339587
12,9,8.067272559404811
12,10,6.2828931272562025
12,11,3.7729490043816725
12,13,3.8309706930913108
12,14,6.35818948834187
12,15,6.541297620613857
12,16,9.66825070172683
12,17,11.428025919889722
12,18,14.756857263069795
12,19,16.181589689733553
12,20,19.484132276227296
12,21,22.08383285969162
12,22,25.171955902553872
12,23,26.575769676917563
12,24,29.0320130690107
12,25,26.773081501528527
12,26,25.586160403106202
12,27,27.784338239825303
12,28,28.406579779341268
12,29,26.6453464155468
12,30,23.288636817404367
12,31,23.86899060939649
12,32,24.317067627726352
12,33,21.193401608883786
12,34,19.466973134155534
12,35,21.097842771121705
12,36,21.30597370066087
12,37,17.526315221299853
12,38,18.07891812513285
12,39,20.338259685526733
12,40,17.288886970290466
12,41,14.138089249785146
12,42,16.02898845160473
12,43,17.99597284906721
12,44,14.664663236182117
12,45,13.4862628703969
12,46,12.215486915645455
12,47,13.448591399697504
12,48,10.878299440790752
12,49,9.581560907541686
12,50,13.325116958307593
12,51,14.446707415025266
12,52,13.039243034507024
12,53,15.752928668250968
12,54,18.0406194035018
12,55,18.632572099290886
12,56,18.868134038074285
12,57,21.45506893747133
12,58,23.15148319747605
12,59,23.276773973906902
12,60,24.493449859924706
12,61,26.82150889371694
12,62,28.712628204084336
12,63,31.015615133378816
12,64,32.299572871856405
12,65,30.137614139944752
12,66,26.578283746563578
12,67,24.676323982355406
12,68,28.130213581727375
12,69,28.401763281130265
12,70,25.19489497453685
12,71,26.218109854044165
12,72,29.986988954546025
12,73,31.081659877057806
12,74,34.8886203314769
12,75,37.40555352556656
12,76,39.31522888920446
12,77,36.83755470265915
12,78,33.79453337267527
12,79,31.379474528682934
12,80,28.08924199042176
12,81,27.377610393182284
12,82,30.001199429344293
12,83,31.897482241335254
12,84,29.214623238162577
12,85,29.466080673409884
12,86,33.238796437507474
12,87,33.94916914332293
12,88,31.602787821266073
12,89,33.662600160570406
12,90,36.47913662938885
12,91,35.485183892327036
12,92,34.77333130809131
12,93,38.201798572113866
12,94,40.36539844503787
12,95,38.41862545333976
12,96,38.66324981680187
12,97,35.200928295525635
12,98,34.57384875308134
12,99,32.940277256028224
12,100,30.8288576057204
12,101,31.376124635277282
12,102,32.647462398878446
13,1,25.203985120583077
13,2,21.78264690336474
13,3,18.215702552930377
13,4,18.098290020921706
13,5,15.504753753378358
13,6,13.289987236319092
13,7,10.789365508059953
13,8,8.089138368496497
13,9,8.338102272927214
13,10,6.132593012017101
13,11,6.005111456627107
13,12,3.8309706930913108
13,14,3.7995595401331235
13,15,6.215810492583259
13,16,9.859530751358992
13,17,12.646116632722572
13,18,15.628527701290155
13,19,17.3421071830492
13,20,20.964655641092783
13,21,23.730088012568444
13,22,26.45327103985483
13,23,27.37324361557725
13,24,30.07124960351264
13,25,27.898871765582783
13,26,26.218059103341083
13,27,28.02317473746838
13,28,28.198866373518882
13,29,26.21384441205032
13,30,23.17110891843506
13,31,23.624313101658206
13,32,23.48853593531718
13,33,20.42795405153286
13,34,18.976955963392903
13,35,20.18757195806818
13,36,19.791437317843897
13,37,16.112930554185592
13,38,16.447811278275463
13,39,18.14777606493375
13,40,14.813572337504171
13,41,11.816456044806005
13,42,13.820628141065844
13,43,15.16925367053339
13,44,11.568066316018815
13,45,10.338036959423642
13,46,9.934908864586001
13,47,12.047143682040426
13,48,10.477607167839173
13,49,8.929398822763448
13,50,12.421940237602241
13,51,14.433115055033703
13,52,13.584074799185158
13,53,15.795865571822182
13,54,17.88819321446265
13,55,19.229609979382627
13,56,19.704539669312886
13,57,21.743171002450072
13,58,23.57022542236243
13,59,24.281995514690422
13,60,25.498449641443266
13,61,27.366856921037986
13,62,29.348877615826115
13,63,31.290897524347347
13,64,32.2534350966727
13,65,30.09185150039851
13,66,26.560901320829007
13,67,24.205903655483922
13,68,27.393954649595106
13,69,27.61850661522584
13,70,24.16127536367367
13,71,24.859347125611812
13,72,28.59179350542652
13,73,29.721615820366363
13,74,33.46256758204089
13,75,35.68348731138642
13,76,37.65973232470141
13,77,35.358652756508064
13,78,32.23584010800496
13,79,29.59269444250906
13,80,26.32002841613655
13,81,25.93409677465832
13,82,28.81045009129879
13,83,30.793784879691035
13,84,28.401714734238084
13,85,28.855915102829304
13,86,32.575473810257556
13,87,33.39518554288155
13,88,31.417693035657
13,89,33.59731171320937
13,90,36.41849191719056
13,91,35.677021590378736
13,92,35.32174975610195
13,93,38.69153519798022
13,94,40.80518204486915
13,95,39.128920384978
13,96,39.62865439454556
13,97,36.21049177198564
13,98,35.54552447082935
13,99,33.5931684966967
13,100,31.329780378743916
13,101,31.952880070559022
13,102,33.10061535784167
14,1,27.616261249461886
14,2,24.14589594484983
14,3,20.733919362117195
14,4,20.942866027060404
14,5,18.7202554483349
14,6,16.469814740986553
14,7,14.084567995941333
14,8,11.082534299593597
14,9,10.818128122433881
14,10,7.616094891867064
14,11,7.935279195695341
14,12,6.35818948834187
14,13,3.7995595401331235
14,15,3.845033699296092
14,16,7.212325339566208
14,17,10.637882933410973
14,18,13.107003004288707
14,19,15.076659279452587
14,20,18.85924336942037
14,21,21.828437115222066
14,22,24.199529801525838
14,23,24.70009622981381
14,24,27.465676471607107
14,25,25.31525270681357
14,26,23.303374587383836
14,27,24.826757751362738
14,28,24.799276321998644
14,29,22.69628307224371
14,30,19.824835279487917
14,31,20.2896900276614
14,32,19.890685993331918
14,33,16.827488130289463
14,34,15.595585085129462
14,35,16.794936893071373
14,36,16.155085686828524
14,37,12.491364739898165
14,38,13.14787344412951
14,39,14.700474663167142
14,40,11.31191671076013
14,41,8.60927159215933
14,42,11.271946628078666
14,43,12.733598167277433
14,44,9.375915299752336
14,45,9.431235145386317
14,46,9.430990039240207
14,47,11.226708791370077
14,48,10.335113113067825
14,49,7.620191443617879
14,50,10.413548721806992
14,51,13.063567050002119
14,52,11.949570543121931
14,53,13.37319375726188
14,54,15.742008921402872
14,55,17.53812016850026
14,56,17.691650517380495
14,57,19.2856889695099
14,58,21.501486433937377
14,59,22.45581025294575
14,60,23.336543268082707
14,61,24.905738016952096
14,62,27.167948209080954
14,63,29.002441088599998
14,64,29.866682639909857
14,65,27.995845040302555
14,66,24.382054263030284
14,67,21.959237355865202
14,68,25.0369257375877
14,69,24.874885769623308
14,70,21.33059474631807
14,71,22.252583843815376
14,72,26.010544681672023
14,73,26.804777788716926
14,74,30.49884848681491
14,75,32.67054444548034
14,76,34.450093645408046
14,77,32.041869954087716
14,78,28.80348238956842
14,79,26.26766785927519
14,80,22.877784299495758
14,81,22.41911747284606
14,82,25.240116980780822
14,83,27.388258995269112
14,84,25.173281856314183
14,85,25.500172408336578
14,86,29.216107047417665
14,87,30.247932280663303
14,88,28.41997504985823
14,89,30.48961812732613
14,90,33.41343989597072
14,91,32.94310325300285
14,92,32.680448041974394
14,93,35.919416542548475
14,94,38.13204937905516
14,95,36.70516374029394
14,96,37.23288919121667
14,97,33.79548671655862
14,98,32.9556335240143
14,99,30.748918799085438
14,100,28.32756118395456
14,101,28.930789120258122
14,102,29.986499576979266
15,1,30.942009049845353
15,2,27.564245651512426
15,3,24.135418015657134
15,4,24.245026077445107
15,5,21.718472568503188
15,6,19.430960820757875
15,7,16.678908455651325
15,8,13.487175348654342
15,9,12.31276221985331
15,10,8.851400627087282
15,11,7.867506023162351
15,12,6.541297620613857
15,13,6.215810492583259
15,14,3.845033699296092
15,16,3.825620730839041
15,17,7.003787140191762
15,18,9.519043920550637
15,19,11.394914639800644
15,20,15.122193802834307
15,21,18.139116823525477
15,22,20.65387573789716
15,23,21.374290771908043
15,24,23.994403200632927
15,25,21.770765146015414
15,26,20.01428388438592
15,27,21.841307430185783
15,28,22.171210237248175
15,29,20.28531648435938
15,30,17.081164059340118
15,31,17.656808202770726
15,32,17.841450433228324
15,33,14.695022447785282
15,34,13.143159200376068
15,35,14.904879366566634
15,36,14.970991428508626
15,37,11.172542564392351
15,38,12.33277031159245
15,39,14.611773241658863
15,40,11.760640481396225
15,41,9.09305949241794
15,42,11.807961591506952
15,43,14.159017844060662
15,44,11.468353235318254
15,45,12.0793189526142
15,46,11.181882896789906
15,47,11.751215954631865
15,48,10.18230319407243
15,49,6.880055514126198
15,50,9.475007301953925
15,51,11.51253650267949
15,52,9.42799876582179
15,53,10.838044561960318
15,54,13.756746397047078
15,55,15.057362665928014
15,56,14.660742061322225
15,57,16.573763524295867
15,58,18.979548327623736
15,59,19.4871197771386
15,60,20.11899465627923
15,61,21.988629644601616
15,62,24.38338682123524
15,63,26.551138351596613
15,64,27.709195438012475
15,65,26.03873403970988
15,66,22.30760922805139
15,67,20.35032512740026
15,68,23.678386312355496
15,69,23.30175316670932
15,70,19.995470641518978
15,71,21.478287003928486
15,72,25.292545325132238
15,73,25.82292742251655
15,74,29.565096236426122
15,75,32.062630015109185
15,76,33.64001318662551
15,77,30.957562012690268
15,78,27.756112418466188
15,79,25.57380684296868
15,80,22.110206375288076
15,81,21.187545300122917
15,82,23.664436869700836
15,83,25.793613341931216
15,84,23.319409227978845
15,85,23.332269096539466
15,86,27.13048930907987
15,87,28.162633463874617
15,88,25.993464174680486
15,89,27.87959192098169
15,90,30.878194522252695
15,91,30.301379474411668
15,92,29.717551917432488
15,93,32.95931849435648
15,94,35.2980560247367
15,95,33.74584702154792
15,96,34.03817745995765
15,97,30.52011664147649
15,98,29.60614750619767
15,99,27.54664234233763
15,100,25.17760691175267
15,101,25.737763223990655
15,102,26.932356937952218
16,1,34.69888281894176
16,2,31.281271117310922
16,3,27.83649542644271
16,4,27.852379568837225
16,5,25.3218452238971
16,6,22.829274915559864
16,7,19.86841804062751
16,8,16.427421579835244
16,9,14.615086974889381
16,10,10.9675188799981
16,11,10.014163565031042
16,12,9.66825070172683
16,13,9.859530751358992
16,14,7.212325339566208
16,15,3.825620730839041
16,17,3.791519604759819
16,18,5.993676126906313
16,19,8.617905385083937
16,20,12.264968574014716
16,21,15.656544840424635
16,22,18.011338516636716
16,23,18.544863962310252
16,24,20.893377524104427
16,25,18.409646069324552
16,26,16.667597302638256
16,27,18.415470796418536
16,28,19.066809551448394
16,29,17.0682416180624
16,30,13.759110748185783
16,31,14.82263506228162
16,32,15.240170931167702
16,33,11.859615417130781
16,34,10.638914167002833
16,35,13.161607209116955
16,36,13.469370790498926
16,37,9.833820601953061
16,38,11.99301002614898
16,39,14.338896079210345
16,40,11.95360784432156
16,41,10.172417407492475
16,42,13.208650615869846
16,43,15.767434014274736
16,44,13.692307401694364
16,45,15.081905034747878
16,46,14.273154916490375
16,47,14.27977629644395
16,48,12.8524353627367
16,49,9.251726476816403
16,50,10.789383854694075
16,51,12.577621426337771
16,52,9.682118926513887
16,53,10.09073874186749
16,54,13.617891553073939
16,55,14.725395251790362
16,56,13.392535914926004
16,57,15.139899702181609
16,58,18.069274718528355
16,59,18.254990097400796
16,60,18.195706742631803
16,61,20.108372309420737
16,62,22.910285629454563
16,63,25.29593804301034
16,64,26.62727400860108
16,65,25.43937798891926
16,66,21.62814867546159
16,67,20.084455082751713
16,68,23.399318705270748
16,69,22.475283076820546
16,70,19.376317188914612
16,71,21.45264862449714
16,72,25.21039939963553
16,73,25.19773354526516
16,74,28.842124836871054
16,75,31.452374755674178
16,76,32.63843663907096
16,77,29.661856121081605
16,78,26.367543364837612
16,79,24.637323969643827
16,80,21.03887835315179
16,81,19.658939531018788
16,82,21.650710760832325
16,83,24.02943060438086
16,84,21.629338499109675
16,85,21.087916464809854
16,86,24.924255901936686
16,87,26.272858818721623
16,88,23.969416005701493
16,89,25.44208210117926
16,90,28.657604230072714
16,91,28.308247906417556
16,92,27.44027007308102
16,93,30.489852094475605
16,94,33.09915004656495
16,95,31.68171911156313
16,96,31.685152042047758
16,97,28.052125581878272
16,98,26.781594354107334
16,99,24.603737046109718
16,100,22.012684164441374
16,101,22.26841700138269
16,102,23.290726765378608
17,1,37.75737674857601
17,2,34.378028906077645
17,3,30.854446939420008
17,4,30.633963320177244
17,5,27.845587674786167
17,6,25.2548530709156
17,7,22.022399455864154
17,8,18.54254461381222
17,9,16.15855734813566
17,10,12.787015235352898
17,11,11.179682928893472
17,12,11.428025919889722
17,13,12.646116632722572
17,14,10.637882933410973
17,15,7.003787140191762
17,16,3.791519604759819
17,18,3.8524279871964477
17,19,6.688850313744058
17,20,9.737944672308416
17,21,13.280941953936836
17,22,15.952211910955695
17,23,16.912424428411338
17,24,18.763840020480053
17,25,15.971470250926858
17,26,14.875484020920043
17,27,17.0137427702367
17,28,18.383131672439838
17,29,16.62897794489136
17,30,13.039572850659477
17,31,14.534205603005805
17,32,15.718743259975104
17,33,12.402739516939105
17,34,11.184717061004543
17,35,14.32284033923494
17,36,15.295439979785256
17,37,12.028438235299035
17,38,14.453499270674767
17,39,17.069217280460478
17,40,15.165025766954567
17,41,13.575131894354351
17,42,16.356417243447986
17,43,19.193999701124547
17,44,17.341087796732108
17,45,18.663554467576688
17,46,17.485139953744483
17,47,17.0227110433199
17,48,15.111554499346406
17,49,11.808758957727672
17,50,13.18820711443415
17,51,14.109402337486655
17,52,10.61602453798221
17,53,10.996998281710342
17,54,14.71534012804221
17,55,14.982677045179935
17,56,12.914946885090053
17,57,15.07262471562448
17,58,18.055383143106955
17,59,17.47442927076357
17,60,16.96488965467119
17,61,19.353080623509822
17,62,22.256643385887173
17,63,25.064422800794347
