1,2,3.749484022478153
1,3,6.09907346834098
1,4,8.535928879646898
1,5,11.172633157917858
1,6,10.131847826990404
1,7,9.794348192056484
1,8,12.811069083866686
1,9,15.801060162294805
1,10,18.354926328067346
1,11,18.72393031822889
1,12,20.543265744492864
1,13,21.384448200098465
1,14,18.95297121871602
1,15,16.500430175192534
1,16,18.799440698332347
1,17,17.28830633931976
1,18,13.775146683395016
1,19,13.371883826880948
1,20,13.28665432815634
1,21,9.822067914583124
1,22,8.733322879538164
1,23,10.900970735759227
1,24,9.51413347807238
1,25,5.921070445200473
1,26,7.800393890027088
1,27,11.047564405309428
1,28,12.031401132902069
1,29,14.945961444016627
1,30,17.432325498742863
1,31,17.222105019554757
1,32,17.79420788416015
1,33,20.67909984459712
1,34,22.444415045292338
1,35,22.230749264280867
1,36,22.889824492836755
1,37,26.14644087596535
1,38,24.549708079480933
1,39,22.944850879027644
1,40,26.15584943585138
1,41,27.075144833170985
1,42,24.035625216551217
1,43,24.67570107503709
1,44,21.764753389253492
1,45,22.315222759557937
1,46,23.063881629223772
1,47,19.813397450991612
1,48,17.825588052718132
1,49,20.019067769762714
1,50,19.537694837431534
1,51,15.84328151988993
1,52,16.869547986463076
1,53,19.60322465747189
1,54,17.47508899798903
1,55,15.531211195866641
1,56,18.965838172954363
1,57,20.13807753269953
1,58,17.45693739984089
1,59,19.638732314017172
2,1,3.749484022478153
2,3,3.7670279928580492
2,4,6.257615589935696
2,5,7.9934196190807745
2,6,6.446789019068469
2,7,6.275170368358039
2,8,9.4072040536848
2,9,12.518332702288372
2,10,15.049957519654278
2,11,15.601244199603514
2,12,17.15711579677466
2,13,18.010786251870222
2,14,15.446194680938447
2,15,13.268247269749759
2,16,15.874487404077971
2,17,14.413814395184142
2,18,11.09010195961938
2,19,11.601521433075925
2,20,12.137812148107948
2,21,9.313083301953101
2,22,6.848356367941253
2,23,8.848184907437782
2,24,8.709616798831643
2,25,5.055125478241961
2,26,5.037151710800718
2,27,8.707210189113988
2,28,10.404374529756284
2,29,13.72511658431603
2,30,16.01148125205058
2,31,15.056415561907096
2,32,15.6771652609545
2,33,18.92039373164342
2,34,20.28394521918077
2,35,19.655708946079365
2,36,20.61862471187968
2,37,23.62356657658012
2,38,21.701967576214027
2,39,20.343952500995282
2,40,23.656650887351052
2,41,24.204260169374034
2,42,21.10113325587261
2,43,21.96115608859065
2,44,19.376329520789586
2,45,20.409652050008955
2,46,21.637981651812535
2,47,18.708511640079415
2,48,16.20227583956886
2,49,18.454471597201888
2,50,18.680862512290823
2,51,15.01007192831228
2,52,15.472817542863178
2,53,18.636484260854925
2,54,17.187558507216764
2,55,14.926047389788339
2,56,18.162691521731
2,57,19.984690017607416
2,58,17.727215385613352
2,59,19.534506652652954
3,1,6.09907346834098
3,2,3.7670279928580492
3,4,3.710705136588309
3,5,6.179280373872744
3,6,5.536325542787769
3,7,7.4115841295727165
3,8,10.75855338456259
3,9,13.740617739001996
3,10,16.302815745458723
3,11,17.097742376177216
3,12,17.923057220569333
3,13,18.265473673474503
3,14,15.151676458191973
3,15,13.688004496605224
3,16,16.049767136103508
3,17,13.844867465794074
3,18,11.098397331694573
3,19,11.82808897863746
3,20,13.421915988968063
3,21,10.824377648041876
3,22,8.063339074710598
3,23,10.844991254730408
3,24,11.57508507728936
3,25,8.324429004427815
3,26,7.772212778934654
3,27,11.499288742469707
3,28,13.652958944274223
3,29,17.075932879704833
3,30,19.211418522162084
3,31,17.775281706101723
3,32,18.405450724425876
3,33,21.867448413753586
3,34,22.912161424735213
3,35,21.870830761952625
3,36,23.03119243046928
3,37,25.706013981197117
3,38,23.351174254215177
3,39,22.090125827208748
3,40,25.293142868038537
3,41,25.355466123186698
3,42,22.004272349688875
3,43,22.61442945093501
3,44,20.362492516876845
3,45,21.37666445477937
3,46,23.080679383488768
3,47,20.149155981291177
3,48,17.7266153614576
3,49,20.41282487453173
3,50,20.9585606905661
3,51,17.484348759697404
3,52,18.091946866080416
3,53,21.468405866306835
3,54,20.291099767537702
3,55,18.23744222273276
3,56,21.463896815730937
3,57,23.42780595191121
3,58,21.356318683805757
3,59,23.176442295646332
4,1,8.535928879646898
4,2,6.257615589935696
4,3,3.710705136588309
4,5,3.826079284955373
4,6,5.625358044337905
4,7,7.560805988317119
4,8,11.151661071677497
4,9,13.289484517809889
4,10,16.316855813706074
4,11,17.885345196584787
4,12,18.58984040494755
4,13,19.242500685603332
4,14,15.979563897000435
4,15,15.229617022460477
4,16,17.97269071251125
4,17,15.84324475311803
4,18,13.586613441833538
4,19,14.97645626329096
4,20,16.770904728700483
4,21,14.392857067812228
4,22,11.337592383627557
4,23,13.627742691619332
4,24,14.562903600569086
4,25,11.172405144900432
4,26,9.766357704046042
4,27,13.15750774630154
4,28,14.869392129052809
4,29,18.578412407386978
4,30,20.081593178335222
4,31,18.383386527564394
4,32,19.637687920560165
4,33,23.057878353934157
4,34,23.556985804062798
4,35,22.618810820006647
4,36,24.314596377296617
4,37,26.833401656231384
4,38,24.403444984629083
4,39,23.67947391403078
4,40,27.03971317416223
4,41,26.772702052083844
4,42,23.541934248532876
4,43,24.544251047410693
4,44,22.68242264637505
4,45,24.118882710555678
4,46,26.04788503307143
4,47,23.35085535206485
4,48,20.655405282558785
4,49,23.16210699722648
4,50,24.010241271686425
4,51,20.51384132913948
4,52,20.638335284331536
4,53,24.070654889952497
4,54,23.079821074181673
4,55,20.630578306092623
4,56,23.57132255497439
4,57,25.78140432528581
4,58,23.599773527118064
4,59,24.977005472747845
5,1,11.172633157917858
5,2,7.9934196190807745
5,3,6.179280373872744
5,4,3.826079284955373
5,6,3.7236489259416015
5,7,5.903599217864994
5,8,8.86174191217332
5,9,10.439717426435992
5,10,13.379207769894094
5,11,15.333179708756896
5,12,15.713921787345994
5,13,16.538998021316942
5,14,13.301230687403791
5,15,13.175150633407123
5,16,16.223202345452588
5,17,14.459609646566513
5,18,12.750340444514613
5,19,15.03923438020094
5,20,17.04775169971687
5,21,15.384871681793244
5,22,11.809163142422745
5,23,13.335671916211735
5,24,15.017513210282354
5,25,12.110807434354372
5,26,9.552277592359756
5,27,12.275324713933692
5,28,14.161318412751003
5,29,17.861365249665845
5,30,18.943855920431453
5,31,16.65301457735347
5,32,18.028017053928696
5,33,21.523374123419778
5,34,21.517196630823864
5,35,20.282207138363685
5,36,22.321369991271812
5,37,24.492274385713632
5,38,21.86770174204993
5,39,21.576755116849604
5,40,24.96274646602773
5,41,24.321900214023863
5,42,21.225532422177924
5,43,22.589463241035606
5,44,21.195367293404402
5,45,23.15124187303308
5,46,25.389641657683406
5,47,23.151321030954314
5,48,20.077850888331163
5,49,22.356056292202357
5,50,23.7719050549261
5,51,20.451052858575483
5,52,19.970044638569508
5,53,23.528215511654103
5,54,23.116151152608346
5,55,20.44875873810762
5,56,22.99876433110489
5,57,25.653279616103802
5,58,23.83408047365163
5,59,24.79027709757476
6,1,10.131847826990404
6,2,6.446789019068469
6,3,5.536325542787769
6,4,5.625358044337905
6,5,3.7236489259416015
6,7,3.766793501571619
6,8,6.293554221172212
6,9,8.97050554784749
6,10,11.328205719517126
6,11,12.542788195152452
6,12,13.007543848703188
6,13,13.668396587862803
6,14,10.56037730677551
6,15,9.77792248433212
6,16,12.831872512089987
6,17,11.286918626079077
6,18,9.239697949102322
6,19,11.662581690835237
6,20,13.544124066374373
6,21,12.23753214023739
6,22,8.499838991191165
6,23,9.744560777562038
6,24,11.813986467012
6,25,9.420829790280916
6,26,6.592550838413801
6,27,9.278605478302836
6,28,11.831727007560689
6,29,15.2941200110357
6,30,16.842163005093003
6,31,14.499870067072612
6,32,15.25544178240501
6,33,18.903047328176168
6,34,19.25983668008972
6,35,17.75630092589459
6,36,19.398285363429903
6,37,21.629095013134027
6,38,18.97726787746422
6,39,18.301897411809566
6,40,21.62314295154316
6,41,21.187336310929375
6,42,17.988986997466828
6,43,19.208423450296852
6,44,17.59577161780509
6,45,19.49513658323678
6,46,21.675650598941015
6,47,19.483422450552442
6,48,16.36160151913157
6,49,18.653642848510582
6,50,20.129405694611133
6,51,16.896626896602335
6,52,16.449793011842342
6,53,20.068789769674442
6,54,19.820195945111394
6,55,17.355324632781862
6,56,19.970972895511448
6,57,22.66168943616781
6,58,21.14697440279864
6,59,22.2913289123748
7,1,9.794348192056484
7,2,6.275170368358039
7,3,7.4115841295727165
7,4,7.560805988317119
7,5,5.903599217864994
7,6,3.766793501571619
7,8,3.7753446166887854
7,9,6.408403042758647
7,10,9.230124499051142
7,11,10.684731726682564
7,12,12.172635864014648
7,13,13.772122258986926
7,14,11.433075988692616
7,15,10.037185553808149
7,16,13.560406224731878
7,17,12.980157013529974
7,18,10.508431947072996
7,19,12.853979875595547
7,20,13.766608187052663
7,21,12.44871696757071
7,22,8.94280608240994
7,23,8.98405505643417
7,24,10.469499659493056
7,25,8.129981816034975
7,26,4.62327392402142
7,27,6.509330689229074
7,28,8.39246820028488
7,29,12.007829115304578
7,30,13.248684390126288
7,31,11.055405417240612
7,32,12.254270831014258
7,33,15.731758320767886
7,34,16.075975167653297
7,35,15.068446308087541
7,36,16.8643332392781
7,37,19.418295625035846
7,38,17.22991277475356
7,39,16.774087929768346
7,40,20.34878099907509
7,41,20.323057702513225
7,42,17.514137231346357
7,43,19.266315165725658
7,44,17.4747695883728
7,45,19.615403372127425
7,46,21.375333792533898
7,47,19.349720523630072
7,48,16.009897073879607
7,49,17.675973006907046
7,50,19.025491809942764
7,51,15.64909649696383
7,52,14.649098630373793
7,53,18.07177832424942
7,54,17.768481203119357
7,55,14.836106817773661
7,56,17.17432232055221
7,57,19.955535873095275
7,58,18.306531786386465
7,59,19.072940257503877
8,1,12.811069083866686
8,2,9.4072040536848
8,3,10.75855338456259
8,4,11.151661071677497
8,5,8.86174191217332
8,6,6.293554221172212
8,7,3.7753446166887854
8,9,3.8216669641158285
8,10,5.660736170512105
8,11,6.938293171024168
8,12,8.68612776031349
8,13,10.81810065936307
8,14,9.23272761228305
8,15,7.80276168424542
8,16,11.573790017163423
8,17,11.992951104155502
8,18,10.009351051630304
8,19,12.878982233592161
8,20,13.525181311978177
8,21,13.181864221426412
8,22,9.81546476628302
8,23,8.472183071829518
8,24,10.586716710110947
8,25,9.532174035572197
8,26,5.7386886365088134
8,27,5.330715110350506
8,28,7.495059146160313
8,29,10.470792602474635
8,30,11.419041838029734
8,31,8.529621395231835
8,32,9.375259750765178
8,33,12.967962870000937
8,34,13.008581770396022
8,35,11.54472917556054
8,36,13.467517529629136
8,37,15.782999513468795
8,38,13.51262365483028
8,39,13.333063536194304
8,40,16.96222004279158
8,41,16.84750990729614
8,42,14.297816565330558
8,43,16.50104209121221
8,44,15.027627441188399
8,45,17.65923278519095
8,46,19.48718800633544
8,47,18.058506463254247
8,48,14.426599899325394
8,49,15.565537252919196
8,50,17.452249658641353
8,51,14.454550241069494
8,52,12.690837607097762
8,53,16.08691822958854
8,54,16.51248917219653
8,55,13.532484820528971
8,56,15.284499617397719
8,57,18.490016019934227
8,58,17.459763713235663
8,59,17.814514807938444
9,1,15.801060162294805
9,2,12.518332702288372
9,3,13.740617739001996
9,4,13.289484517809889
9,5,10.439717426435992
9,6,8.97050554784749
9,7,6.408403042758647
9,8,3.8216669641158285
9,10,3.7688124632337954
9,11,6.92267530615083
9,12,8.752378669083345
9,13,11.714104895352452
9,14,10.71271051424356
9,15,10.24906378228392
9,16,14.013488259786108
9,17,14.857862646054159
9,18,13.439933596956834
9,19,16.53551591666839
9,20,17.142539407218834
9,21,16.943316372777343
9,22,13.63424285012776
9,23,12.059651961203429
9,24,13.959633720022287
9,25,12.929007780704076
9,26,9.204071167138085
9,27,8.093154836060119
9,28,8.880157181058417
9,29,11.496362884606134
9,30,11.1489669723514
9,31,7.781153411043379
9,32,9.656932164071067
9,33,12.716151765087709
9,34,11.66850597108542
9,35,10.446793465874794
9,36,13.257061410854197
9,37,15.172617886373057
9,38,13.10841589854872
9,39,13.981210040112213
9,40,17.62793566592848
9,41,17.202796372005373
9,42,15.25901596134623
9,43,18.094804064720968
9,44,17.2093542440065
9,45,20.261385084015252
9,46,22.112196603473862
9,47,21.12855707727854
9,48,17.395681033966554
9,49,18.007690243027774
9,50,20.141553709334996
9,51,17.375905927161206
9,52,15.01819797261149
9,53,18.082920018528167
9,54,18.839141375779306
9,55,15.566039439810556
9,56,16.574362168714735
9,57,20.001556884972363
9,58,19.072102057157473
9,59,18.671359560522276
10,1,18.354926328067346
10,2,15.049957519654278
10,3,16.302815745458723
10,4,16.316855813706074
10,5,13.379207769894094
10,6,11.328205719517126
10,7,9.230124499051142
10,8,5.660736170512105
10,9,3.7688124632337954
10,11,3.8004694321562122
10,12,5.601194978460323
10,13,9.094045621856633
10,14,9.236799854951352
10,15,8.962379805940044
10,16,12.364956106658099
10,17,14.065747196970351
10,18,13.255972639536374
10,19,16.509367087739985
10,20,16.970254465978933
10,21,17.58333012179827
10,22,14.538163760957397
10,23,12.27586920155273
10,24,14.599956022301456
10,25,14.525001731992141
10,26,10.970014052833701
10,27,8.961176412498192
10,28,10.08832780579883
10,29,11.65629072897902
10,30,11.277916548940416
10,31,7.533266918132381
10,32,8.32584372164919
10,33,11.253130683899823
10,34,9.886935765022763
10,35,7.6768602652268685
10,36,10.522296329753
10,37,11.859288761918325
10,38,9.518597269739493
10,39,10.804244264336559
10,40,14.31743976913257
10,41,13.672432289060188
10,42,12.091163643914149
10,43,15.295326590623825
10,44,14.878704273412403
10,45,18.271024636438067
10,46,20.19116220945753
10,47,19.827418774803377
10,48,16.05031442120965
10,49,16.194695862168352
10,50,18.81738981400482
10,51,16.61767706936619
10,52,13.804064490229633
10,53,16.688016934798302
10,54,18.179239711308682
10,55,15.222215429200878
10,56,15.675562473488764
10,57,19.338784870747673
10,58,19.134837574907305
10,59,18.5517735329633
11,1,18.72393031822889
11,2,15.601244199603514
11,3,17.097742376177216
11,4,17.885345196584787
11,5,15.333179708756896
11,6,12.542788195152452
11,7,10.684731726682564
11,8,6.938293171024168
11,9,6.92267530615083
11,10,3.8004694321562122
11,12,3.7748800483012976
11,13,7.10309540125281
11,14,8.296361591608111
11,15,7.108702146070145
11,16,9.927684871602528
11,17,12.385718643077812
11,18,11.678430914005222
11,19,14.655866360404984
11,20,14.708215786806608
11,21,15.991395838917732
11,22,13.457101930904033
11,23,10.580268853394212
11,24,13.086714750564676
11,25,13.983702205802183
11,26,10.93798219457197
11,27,8.352594432121116
11,28,10.049481148634259
11,29,10.710138212055957
11,30,11.114963634032824
11,31,7.729908461840515
11,32,6.678322969138655
11,33,9.744956871246636
11,34,9.223998607370884
11,35,6.156696010922273
11,36,7.883137442779205
11,37,9.251664926652072
11,38,6.604597871527976
11,39,7.1277827672343035
11,40,10.717298007290518
11,41,10.45065321854237
11,42,8.789185962751098
11,43,11.987380321551154
11,44,11.402010558835787
11,45,14.838141237583535
11,46,16.619982444907798
11,47,16.592468914074896
11,48,12.865776491114094
11,49,12.668462459146596
11,50,15.539230149837053
11,51,13.785963888923854
11,52,10.801535148321548
11,53,13.607626017059781
11,54,15.579065792931965
11,55,13.120242290329987
11,56,13.436929374501574
11,57,17.1164126477461
11,58,17.504424936146734
11,59,17.200350947602246
12,1,20.543265744492864
12,2,17.15711579677466
12,3,17.923057220569333
12,4,18.58984040494755
12,5,15.713921787345994
12,6,13.007543848703188
12,7,12.172635864014648
12,8,8.68612776031349
12,9,8.752378669083345
12,10,5.601194978460323
12,11,3.7748800483012976
12,13,3.766678522098867
12,14,5.647207027050439
12,15,6.041616649965105
12,16,8.2233243906505
12,17,10.762414065225979
12,18,11.227199902453124
12,19,14.594088156696706
12,20,15.410772722728403
12,21,17.11347050943554
12,22,14.416397869381322
12,23,12.04432360574909
12,24,15.199416480175543
12,25,16.061925815320325
12,26,12.944677368505129
12,27,11.13051665783435
12,28,13.432749570145257
12,29,14.333083000820205
12,30,14.888157937850803
12,31,11.447938690466994
12,32,10.345803327365154
12,33,13.248790521034644
12,34,12.495220623170187
12,35,9.0115693167815
12,36,10.448288034284275
12,37,10.664508396430088
12,38,7.108378357005666
12,39,7.760570387058638
12,40,10.613687618056138
12,41,9.08942311695495
12,42,6.971756251212091
12,43,10.11639457592284
12,44,10.531572973997987
12,45,14.215700941623826
12,46,16.68645599543295
12,47,16.971057122301
12,48,13.363532730360117
12,49,13.607320617341491
12,50,16.943269224011203
12,51,15.579717561344477
12,52,13.015000169801196
12,53,15.924713659788557
12,54,18.163254190855685
12,55,16.1639173911428
12,56,16.642011961696337
12,57,20.239052717120007
12,58,20.840330679247767
12,59,20.766859547851443
13,1,21.384448200098465
13,2,18.010786251870222
13,3,18.265473673474503
13,4,19.242500685603332
13,5,16.538998021316942
13,6,13.668396587862803
13,7,13.772122258986926
13,8,10.81810065936307
13,9,11.714104895352452
13,10,9.094045621856633
13,11,7.10309540125281
13,12,3.766678522098867
13,14,3.757940889194448
13,15,5.095908696781347
13,16,5.631281001971985
13,17,8.271569549821614
13,18,9.868317798465618
13,19,13.175672882554478
13,20,14.539956530456083
13,21,16.718833243166845
13,22,14.23394051560557
13,23,12.332015370893306
13,24,15.88280095854693
13,25,16.971167282081176
13,26,14.214606672106097
13,27,13.025654564228345
13,28,15.932478414040183
13,29,16.872169464391206
13,30,18.00027427445782
13,31,14.759815763586245
13,32,13.203684218856038
13,33,16.176931222127486
13,34,15.877176181498806
13,35,12.284129213214491
13,36,12.966000425066934
13,37,12.852577699637422
13,38,9.109812876676129
13,39,8.760476308796763
13,40,10.710653324048382
13,41,8.616148876008227
13,42,5.566028945088405
13,43,7.631345362411927
13,44,8.648440361584939
13,45,12.18890047264949
13,46,15.2285980184221
13,47,15.64877290181403
13,48,12.365724639050754
13,49,13.174821892190195
13,50,16.70826121613253
13,51,15.739143090779528
13,52,13.833997660463856
13,53,16.813364937592407
13,54,19.127644308841212
13,55,17.73925125243343
13,56,18.568944956416516
13,57,21.934084791887642
13,58,22.723314491105295
13,59,23.134375103690385
14,1,18.95297121871602
14,2,15.446194680938447
14,3,15.151676458191973
14,4,15.979563897000435
14,5,13.301230687403791
14,6,10.56037730677551
14,7,11.433075988692616
14,8,9.23272761228305
14,9,10.71271051424356
14,10,9.236799854951352
14,11,8.296361591608111
14,12,5.647207027050439
14,13,3.757940889194448
14,15,3.8015954691039933
14,16,5.3810836269745845
14,17,6.206549272932171
14,18,7.756574508798354
14,19,11.445579535917153
14,20,13.55332627591659
14,21,15.140231534720074
14,22,12.185287370859552
14,23,11.173573712688313
14,24,14.886992110439513
14,25,15.265846988313331
14,26,12.39548790773951
14,27,12.186104189159495
14,28,15.431063354067623
14,29,17.14979654178514
14,30,18.515534332887903
14,31,15.258327198229512
14,32,14.255294347229091
14,33,17.676787457161858
14,34,17.520240690896813
14,35,14.28669227583045
14,36,15.333787339615382
14,37,15.870301049441995
14,38,12.246627186596326
14,39,11.707371128028791
14,40,14.040666120172142
14,41,12.295019100631093
14,42,8.97886524497644
14,43,10.221336776288105
14,44,10.422983925873035
14,45,13.40462482938942
14,46,16.58156873322789
14,47,16.164771901771235
14,48,12.865418473070118
14,49,14.541320246939144
14,50,17.663256719740858
14,51,16.06759097216043
14,52,14.720587272229901
14,53,18.123902445681253
14,54,19.8058549067606
14,55,18.211979857911462
14,56,19.68766023364212
14,57,22.95144945673988
14,58,23.175773631818252
14,59,23.90658008878338
15,1,16.500430175192534
15,2,13.268247269749759
15,3,13.688004496605224
15,4,15.229617022460477
15,5,13.175150633407123
15,6,9.77792248433212
15,7,10.037185553808149
15,8,7.80276168424542
15,9,10.24906378228392
15,10,8.962379805940044
15,11,7.108702146070145
15,12,6.041616649965105
15,13,5.095908696781347
15,14,3.8015954691039933
15,16,3.8118783480318443
15,17,5.29857548651199
15,18,5.197720696474074
15,19,8.673710889302104
15,20,10.130001893628574
15,21,11.82201910100445
15,22,9.146921153280863
15,23,7.5638845321422385
15,24,11.276105889063224
15,25,12.135628215077453
15,26,9.668569181678452
15,27,9.209776820862194
15,28,12.689560021978705
15,29,14.167563300360763
15,30,16.08462187670697
15,31,13.25974107847357
15,32,11.772368493749193
15,33,15.301838176187879
15,34,15.878071861642985
15,35,12.925492388480833
15,36,13.396714095248443
15,37,14.651845606303134
15,38,11.434933410890569
15,39,9.985471963505695
15,40,12.643450730015767
15,41,11.936808967677507
15,42,8.427191388390995
15,43,9.461216563732666
15,44,8.316550700793936
15,45,11.05867450825957
15,46,13.81271382824875
15,47,12.997520407975657
15,48,9.497136483463267
15,49,11.282489810955274
15,50,14.138376861171631
15,51,12.312993467266201
15,52,11.13002337481577
15,53,14.6483668041123
15,54,16.10694588609114
15,55,14.64272775649905
15,56,16.38486879330815
15,57,19.476013059922003
15,58,19.669067099422545
15,59,20.69100033641962
16,1,18.799440698332347
16,2,15.874487404077971
16,3,16.049767136103508
16,4,17.97269071251125
16,5,16.223202345452588
16,6,12.831872512089987
16,7,13.560406224731878
16,8,11.573790017163423
16,9,14.013488259786108
16,10,12.364956106658099
16,11,9.927684871602528
16,12,8.2233243906505
16,13,5.631281001971985
16,14,5.3810836269745845
16,15,3.8118783480318443
16,17,3.769528351412278
16,18,5.491775384377252
16,19,8.067825599885103
16,20,9.706519471662654
16,21,12.318739781291105
16,22,10.517526408451083
16,23,9.197347443717922
16,24,12.826041836253268
16,25,14.333170517195116
16,26,12.60142975768388
16,27,12.219546019209899
16,28,15.750056607315335
16,29,16.722019574220102
16,30,18.942668685882012
16,31,16.361985546231576
16,32,14.266671554377078
16,33,17.490836344138383
16,34,18.35665172467599
16,35,15.16902794697526
16,36,14.901043457982212
16,37,15.666716737302577
16,38,12.431340812695058
16,39,10.318599375180444
16,40,11.955613608305734
16,41,11.11158268045006
16,42,7.344448925512661
16,43,6.797915212324765
16,44,5.816702108234743
16,45,8.178293847320536
16,46,11.477076397441511
16,47,11.074400631528858
16,48,8.160048734076945
16,49,10.264912779987089
16,50,13.3352713949266
16,51,12.368528067018337
16,52,11.788517388166643
16,53,14.958595298794535
16,54,16.720452477995586
16,55,16.101142549016316
16,56,17.792892702834784
16,57,20.58826102588486
16,58,21.255466111068756
16,59,22.581554698137698
17,1,17.28830633931976
17,2,14.413814395184142
17,3,13.844867465794074
17,4,15.84324475311803
17,5,14.459609646566513
17,6,11.286918626079077
17,7,12.980157013529974
17,8,11.992951104155502
17,9,14.857862646054159
17,10,14.065747196970351
17,11,12.385718643077812
17,12,10.762414065225979
17,13,8.271569549821614
17,14,6.206549272932171
17,15,5.29857548651199
17,16,3.769528351412278
17,18,3.773036511218862
17,19,6.3724905833867345
17,20,9.3233349899743
17,21,11.275529551305626
17,22,9.236626510123513
17,23,9.365715874127003
17,24,12.966641370090809
17,25,13.758286850202976
17,26,12.268829192768546
17,27,13.019300766828149
17,28,16.76694812216266
17,29,18.368084091918785
17,30,20.789847691751017
17,31,18.26201948189083
17,32,16.62335239476616
17,33,20.106373803143143
17,34,21.033784844181586
17,35,18.073479753391695
17,36,18.106773252270624
17,37,19.17348550646274
17,38,15.914338440507914
17,39,13.92837242164375
17,40,15.706215108642395
17,41,14.819473372232418
17,42,11.049974591786574
17,43,10.166344792960672
17,44,9.02085515547757
17,45,10.317620177602816
17,46,13.559650384300662
17,47,12.287409955330073
17,48,9.841184284953988
17,49,12.766356364009383
17,50,15.208829532443765
17,51,13.77091657129608
17,52,13.95130429831383
17,53,17.322089042290838
17,54,18.42773246882127
17,55,17.775308371906387
17,56,20.034574966352338
17,57,22.624091887228964
17,58,22.798312895344733
17,59,24.471455007760348
18,1,13.775146683395016
18,2,11.09010195961938
18,3,11.098397331694573
18,4,13.586613441833538
18,5,12.750340444514613
18,6,9.239697949102322
18,7,10.508431947072996
18,8,10.009351051630304
18,9,13.439933596956834
18,10,13.255972639536374
18,11,11.678430914005222
18,12,11.227199902453124
18,13,9.868317798465618
18,14,7.756574508798354
18,15,5.197720696474074
18,16,5.491775384377252
18,17,3.773036511218862
18,19,3.804331716412903
18,20,6.488589268737553
18,21,7.805926762087037
18,22,5.495438607754902
18,23,5.88366292454974
18,24,9.362997059968086
18,25,10.02970136539103
18,26,8.921590632900907
18,27,10.037789462571833
18,28,13.803150599330737
18,29,15.56590309141735
18,30,18.297560835581645
18,31,16.171566457808556
18,32,14.661864675024404
18,33,18.219705277425557
18,34,19.56012323284426
18,35,17.101156928930738
18,36,17.08807960850323
18,37,18.871538934131323
18,38,16.018452617779023
18,39,13.812705973338469
18,40,16.120839078493205
18,41,15.99682580167772
18,42,12.330452643582925
18,43,11.934987177853753
18,44,9.722264747962699
18,45,10.748681225629676
18,46,13.246880141153714
18,47,11.169232347134951
18,48,8.45579042960245
18,49,11.571322609304065
18,50,13.38279356726979
18,51,11.207066343396367
18,52,11.694063387879806
18,53,15.227649696615595
18,54,15.721421838355528
18,55,14.873967416722143
18,56,17.542023804824602
18,57,19.947894628698464
18,58,19.711867066024237
18,59,21.60327505165463
19,1,13.371883826880948
19,2,11.601521433075925
19,3,11.82808897863746
19,4,14.97645626329096
19,5,15.03923438020094
19,6,11.662581690835237
19,7,12.853979875595547
19,8,12.878982233592161
19,9,16.53551591666839
19,10,16.509367087739985
19,11,14.655866360404984
19,12,14.594088156696706
19,13,13.175672882554478
19,14,11.445579535917153
19,15,8.673710889302104
19,16,8.067825599885103
19,17,6.3724905833867345
19,18,3.804331716412903
19,20,3.810669271653449
19,21,5.326941752041884
19,22,5.0107619984786345
19,23,6.290695206643872
19,24,8.654663640521346
19,25,9.817867714605459
19,26,10.182684754150774
19,27,11.564753148489768
19,28,15.109671349760658
19,29,16.527421964542235
19,30,19.751471304461955
19,31,18.23625761071324
19,32,16.4315690523746
19,33,19.738945277552116
19,34,21.661338454781333
19,35,19.4941819952597
19,36,18.929123452420708
19,37,20.964487449773003
19,38,18.486369993537874
19,39,15.744803012931719
19,40,17.69021796962054
19,41,18.132866211478987
19,42,14.595890631709512
19,43,13.48792626089491
19,44,10.62822147726492
19,45,10.298561627615792
19,46,12.130819571308624
19,47,9.233517749178063
19,48,7.602482008412132
19,49,11.193820709036741
19,50,12.047043965424095
19,51,10.0012829850748
19,52,11.719374341302284
19,53,14.86012368146354
19,54,14.774219815551678
19,55,14.683375287691332
19,56,17.72353812593991
19,57,19.498024467465452
19,58,19.21940172707904
19,59,21.68406424019379
20,1,13.28665432815634
20,2,12.137812148107948
20,3,13.421915988968063
20,4,16.770904728700483
20,5,17.04775169971687
20,6,13.544124066374373
20,7,13.766608187052663
20,8,13.525181311978177
20,9,17.142539407218834
20,10,16.970254465978933
20,11,14.708215786806608
20,12,15.410772722728403
20,13,14.539956530456083
20,14,13.55332627591659
20,15,10.130001893628574
20,16,9.706519471662654
20,17,9.3233349899743
20,18,6.488589268737553
20,19,3.810669271653449
20,21,3.766664356375935
20,22,5.487434824555657
20,23,5.314236111061662
20,24,6.399125094499811
20,25,8.817690331781131
20,26,10.066557193636497
20,27,10.703752822509509
20,28,13.796816132441727
20,29,14.50615951955088
20,30,18.046703443738135
20,31,17.156725935497693
20,32,14.96892233491825
20,33,17.876031767425957
20,34,20.338784638819636
20,35,18.56841033168206
20,36,17.461860702474844
20,37,19.843981486554366
20,38,17.960879003457674
20,39,14.860407491157279
20,40,16.721203606085805
20,41,17.95696719051158
20,42,14.819586894189776
20,43,13.837023582003345
20,44,10.33816668044612
20,45,9.532087004735097
20,46,10.217378675420333
20,47,6.834623358153521
20,48,5.5194454530292365
20,49,8.787619338493315
20,50,8.748475938182038
20,51,6.5230974272793
20,52,8.978620073670184
20,53,11.717875006954177
20,54,11.257612876002833
20,55,11.683997016770087
20,56,14.813402726106572
20,57,16.16491945011215
20,58,16.021812331563968
20,59,18.74836921436098
21,1,9.822067914583124
21,2,9.313083301953101
21,3,10.824377648041876
21,4,14.392857067812228
21,5,15.384871681793244
21,6,12.23753214023739
21,7,12.44871696757071
21,8,13.181864221426412
21,9,16.943316372777343
21,10,17.58333012179827
21,11,15.991395838917732
21,12,17.11347050943554
21,13,16.718833243166845
21,14,15.140231534720074
21,15,11.82201910100445
21,16,12.318739781291105
21,17,11.275529551305626
21,18,7.805926762087037
21,19,5.326941752041884
21,20,3.766664356375935
21,22,3.8133674793559527
21,23,5.44869070918349
21,24,5.07027272500721
21,25,6.2235978143564274
21,26,8.496939920557898
21,27,10.151850344595685
21,28,12.907928701907242
21,29,14.214996800671873
21,30,17.78724222991842
21,31,17.205993999690108
21,32,15.681333976646687
21,33,18.65529202552397
21,34,21.134112090647445
21,35,19.842870569178693
21,36,19.15356493573397
21,37,21.940753373857284
21,38,20.16554131038618
21,39,17.391467322856172
21,40,19.697822204042467
21,41,20.933670332172607
21,42,17.765368816885726
21,43,17.213511887205584
21,44,13.81148889859494
21,45,13.288592322957838
21,46,13.806656818165138
21,47,10.27982498286303
21,48,9.030516369454789
21,49,11.894910736739755
21,50,11.298017730296937
21,51,8.294194908988871
21,52,10.72063220402203
21,53,13.45476967040052
21,54,12.051331385682253
21,55,11.909154257102278
21,56,15.489952553033623
21,57,16.600699129659677
21,58,15.588733718117686
21,59,18.502853971845735
22,1,8.733322879538164
22,2,6.848356367941253
22,3,8.063339074710598
22,4,11.337592383627557
22,5,11.809163142422745
22,6,8.499838991191165
22,7,8.94280608240994
22,8,9.81546476628302
22,9,13.63424285012776
22,10,14.538163760957397
22,11,13.457101930904033
22,12,14.416397869381322
22,13,14.23394051560557
22,14,12.185287370859552
22,15,9.146921153280863
22,16,10.517526408451083
22,17,9.236626510123513
22,18,5.495438607754902
22,19,5.0107619984786345
22,20,5.487434824555657
22,21,3.8133674793559527
22,23,3.776717150409571
22,24,5.325669770725878
22,25,5.021627025986747
22,26,5.646173781839782
22,27,7.943660058685047
22,28,11.189895495111223
22,29,13.279068589996943
22,30,16.42841163557261
22,31,15.201844951308757
22,32,14.169402838358227
22,33,17.56265013152885
22,34,19.471491035601638
22,35,17.973512666080946
22,36,17.94204534378967
22,37,20.609304928448044
22,38,18.454819314639128
22,39,16.192037180154923
22,40,18.92506334576387
22,41,19.632951233499448
22,42,16.30031668916271
22,43,16.30474584290086
22,44,13.360555287477034
22,45,13.826359874680353
22,46,15.131744532060342
22,47,12.129905073133287
22,48,9.810607615832478
22,49,12.648746089747501
22,50,13.074236620552195
22,51,9.847497917867475
22,52,11.044903361693216
22,53,14.394444177825935
22,54,13.563033473034258
22,55,12.433472869873283
22,56,15.797224557955436
22,57,17.643204857751176
22,58,16.515800055439183
22,59,18.84510536221506
23,1,10.900970735759227
23,2,8.848184907437782
23,3,10.844991254730408
23,4,13.627742691619332
23,5,13.335671916211735
23,6,9.744560777562038
23,7,8.98405505643417
23,8,8.472183071829518
23,9,12.059651961203429
23,10,12.27586920155273
23,11,10.580268853394212
23,12,12.04432360574909
23,13,12.332015370893306
23,14,11.173573712688313
23,15,7.5638845321422385
23,16,9.197347443717922
23,17,9.365715874127003
23,18,5.88366292454974
23,19,6.290695206643872
23,20,5.314236111061662
23,21,5.44869070918349
23,22,3.776717150409571
23,24,3.7841405627116047
23,25,5.472165414340962
23,26,5.230058139445841
23,27,5.485962008031483
23,28,8.88459675661946
23,29,10.303676811664184
23,30,13.520406706871613
23,31,12.28255360392144
23,32,10.714826155367197
23,33,14.038139541097365
23,34,16.097766177689714
23,35,14.563774327860767
23,36,14.254211584074655
23,37,17.006466351597265
23,38,15.106132362750508
23,39,12.746131360811159
23,40,15.588314848526934
23,41,16.638727047237648
23,42,13.610404358977492
23,43,14.060324749233207
23,44,10.987536418452226
23,45,11.954584199020944
23,46,13.011183081007317
23,47,10.548898593306378
23,48,7.543124329092233
23,49,9.664408253232
23,50,10.471833651495787
23,51,7.177977797173442
23,52,7.5042066807997
23,53,11.038228654053826
23,54,10.740730123844742
23,55,9.367113638910125
23,56,12.424909874213073
23,57,14.635835384821615
23,58,13.97092885293234
23,59,15.985349249536425
24,1,9.51413347807238
24,2,8.709616798831643
24,3,11.57508507728936
24,4,14.562903600569086
24,5,15.017513210282354
24,6,11.813986467012
24,7,10.469499659493056
24,8,10.586716710110947
24,9,13.959633720022287
24,10,14.599956022301456
24,11,13.086714750564676
24,12,15.199416480175543
24,13,15.88280095854693
24,14,14.886992110439513
24,15,11.276105889063224
24,16,12.826041836253268
24,17,12.966641370090809
24,18,9.362997059968086
24,19,8.654663640521346
24,20,6.399125094499811
24,21,5.07027272500721
24,22,5.325669770725878
24,23,3.7841405627116047
24,25,3.8269286054728253
24,26,5.8823536199504805
24,27,6.110460670758659
24,28,8.199961248605609
24,29,9.192009268582618
24,30,12.819374219285933
24,31,12.646847760157085
24,32,11.251912526139877
24,33,14.012410846744515
24,34,16.639183572481635
24,35,15.908699441373507
24,36,15.315449022319552
24,37,18.540786918268036
24,38,17.307702664816603
24,39,14.877046897343098
24,40,17.655139609055414
24,41,19.298378157274275
24,42,16.622697993759154
24,43,17.072125712072193
24,44,13.698481362804118
24,45,14.104009329023562
24,46,14.235449558083396
24,47,11.402713884877139
24,48,9.175951113279092
24,49,10.710362888714572
24,50,10.209561768357439
24,51,6.446869422688241
24,52,7.527447716342
24,53,10.320813861210764
24,54,8.759459791150674
24,55,7.418831243739105
24,56,11.035391710758157
24,57,12.50859032087682
24,58,11.214296989177845
24,59,13.749145659670518
25,1,5.921070445200473
25,2,5.055125478241961
25,3,8.324429004427815
25,4,11.172405144900432
25,5,12.110807434354372
25,6,9.420829790280916
25,7,8.129981816034975
25,8,9.532174035572197
25,9,12.929007780704076
25,10,14.525001731992141
25,11,13.983702205802183
25,12,16.061925815320325
25,13,16.971167282081176
25,14,15.265846988313331
25,15,12.135628215077453
25,16,14.333170517195116
25,17,13.758286850202976
25,18,10.02970136539103
25,19,9.817867714605459
25,20,8.817690331781131
25,21,6.2235978143564274
25,22,5.021627025986747
25,23,5.472165414340962
25,24,3.8269286054728253
25,26,3.824742532927504
25,27,6.096981369894987
25,28,7.904371911803273
25,29,10.244095018780257
25,30,13.345408800708679
25,31,12.991307819435484
25,32,12.669244607306789
25,33,15.651161835839806
25,34,17.774960588811663
25,35,17.260302261566824
25,36,17.42737834264032
25,37,20.68579132090948
25,38,19.223730942555385
25,39,17.31546696822282
25,40,20.428914531258542
25,41,21.64557512987258
25,42,18.790009713907576
25,43,19.50847857755964
25,44,16.43600851381147
25,45,17.14995180130368
25,46,17.72736001622304
25,47,14.796903736568968
25,48,12.443837124542435
25,49,14.276774114933678
25,50,14.024602884221357
25,51,10.270069268820526
25,52,10.972192712562308
25,53,13.865900714972405
25,54,12.174698975396849
25,55,10.186668021494322
25,56,13.669252958870565
25,57,15.234902371246118
25,58,13.21780520152863
25,59,15.437335032328178
26,1,7.800393890027088
26,2,5.037151710800718
26,3,7.772212778934654
26,4,9.766357704046042
26,5,9.552277592359756
26,6,6.592550838413801
26,7,4.62327392402142
26,8,5.7386886365088134
26,9,9.204071167138085
26,10,10.970014052833701
26,11,10.93798219457197
26,12,12.944677368505129
26,13,14.214606672106097
26,14,12.39548790773951
26,15,9.668569181678452
26,16,12.60142975768388
26,17,12.268829192768546
26,18,8.921590632900907
26,19,10.182684754150774
26,20,10.066557193636497
26,21,8.496939920557898
26,22,5.646173781839782
26,23,5.230058139445841
26,24,5.8823536199504805
26,25,3.824742532927504
26,27,3.775144996906861
26,28,6.409434178344995
26,29,9.526361982057754
26,30,11.96761343516508
26,31,10.657685327066856
26,32,10.794154613160178
26,33,14.195998670168477
26,34,15.622595200637424
26,35,14.782776565856526
26,36,15.597465732967288
26,37,18.608686390731158
26,38,16.808139080210825
26,39,15.456503992119474
26,40,18.859684599890386
26,41,19.585475822738285
26,42,16.736759696665402
26,43,17.999683799330896
26,44,15.44720227004436
26,45,16.969166522661048
26,46,18.139943153697203
26,47,15.751128904330093
26,48,12.700796476702576
26,49,14.381580339388258
26,50,15.093090887565177
26,51,11.50387694661071
26,52,11.085177187974748
26,53,14.408038547559796
26,54,13.615071749256485
26,55,11.011956020367105
26,56,13.91425054268952
26,57,16.283809373269314
26,58,14.61131858538207
26,59,16.05024551222436
27,1,11.047564405309428
27,2,8.707210189113988
27,3,11.499288742469707
27,4,13.15750774630154
27,5,12.275324713933692
27,6,9.278605478302836
27,7,6.509330689229074
27,8,5.330715110350506
27,9,8.093154836060119
27,10,8.961176412498192
27,11,8.352594432121116
27,12,11.13051665783435
27,13,13.025654564228345
27,14,12.186104189159495
27,15,9.209776820862194
27,16,12.219546019209899
27,17,13.019300766828149
27,18,10.037789462571833
27,19,11.564753148489768
27,20,10.703752822509509
27,21,10.151850344595685
27,22,7.943660058685047
27,23,5.485962008031483
27,24,6.110460670758659
27,25,6.096981369894987
27,26,3.775144996906861
27,28,3.773676674385376
27,29,6.273586392074667
27,30,8.72340031958377
27,31,7.3213202492307765
27,32,7.0342576855535235
27,33,10.44635080401279
27,34,12.008412222547687
27,35,11.277991468948604
27,36,11.952021961260662
27,37,15.134926633025877
27,38,13.729315751234012
27,39,12.503532536576474
27,40,16.02246541947545
27,41,17.081088664443765
27,42,14.710701594250466
27,43,16.470728532903557
27,44,13.999812092439221
27,45,15.922496351840236
27,46,16.80592160905733
27,47,15.018933762802288
27,48,11.691188059246535
27,49,12.446398638258072
27,50,13.434794800660551
27,51,10.096605652980431
27,52,8.558451981469833
27,53,11.729364881070683
27,54,11.4922560348231
27,55,8.43438740396906
27,56,10.74003328618638
27,57,13.570855369731293
27,58,12.35811993867687
27,59,13.258401365922996
28,1,12.031401132902069
28,2,10.404374529756284
28,3,13.652958944274223
28,4,14.869392129052809
28,5,14.161318412751003
28,6,11.831727007560689
28,7,8.39246820028488
28,8,7.495059146160313
28,9,8.880157181058417
28,10,10.08832780579883
28,11,10.049481148634259
28,12,13.432749570145257
28,13,15.932478414040183
28,14,15.431063354067623
28,15,12.689560021978705
28,16,15.750056607315335
28,17,16.76694812216266
28,18,13.803150599330737
28,19,15.109671349760658
28,20,13.796816132441727
28,21,12.907928701907242
28,22,11.189895495111223
28,23,8.88459675661946
28,24,8.199961248605609
28,25,7.904371911803273
28,26,6.409434178344995
28,27,3.773676674385376
28,29,3.8257255900797187
28,30,5.658923414496578
28,31,5.490288636255446
28,32,6.415749835620303
28,33,8.904370197322999
28,34,10.520937873681975
28,35,11.033207994451608
28,36,11.918318568522723
28,37,15.434862058818382
28,38,14.838181528099971
28,39,14.094405079583398
28,40,17.6329361311073
28,41,19.036350460404858
28,42,17.22591864706512
28,43,19.354280765614686
28,44,16.943056745924004
28,45,18.878185028737757
28,46,19.28944973463574
28,47,17.65575014686479
28,48,14.531419100199084
28,49,14.599303832517785
28,50,15.139137887853057
28,51,11.894374973480597
28,52,9.985430179197452
28,53,12.31086204064961
28,54,11.684060078902343
28,55,7.993258545314934
28,56,9.649593733313786
28,57,12.325252448354622
28,58,10.56650580985887
28,59,10.749211944534974
29,1,14.945961444016627
29,2,13.72511658431603
29,3,17.075932879704833
29,4,18.578412407386978
29,5,17.861365249665845
29,6,15.2941200110357
29,7,12.007829115304578
29,8,10.470792602474635
29,9,11.496362884606134
29,10,11.65629072897902
29,11,10.710138212055957
29,12,14.333083000820205
29,13,16.872169464391206
29,14,17.14979654178514
29,15,14.167563300360763
29,16,16.722019574220102
29,17,18.368084091918785
29,18,15.56590309141735
29,19,16.527421964542235
29,20,14.50615951955088
29,21,14.214996800671873
29,22,13.279068589996943
29,23,10.303676811664184
29,24,9.192009268582618
29,25,10.244095018780257
29,26,9.526361982057754
29,27,6.273586392074667
29,28,3.8257255900797187
29,30,3.8297324531871513
29,31,5.387910812300329
29,32,4.890798911640956
29,33,6.099439714891152
29,34,8.775335573335957
29,35,9.875871743974491
29,36,9.830013526514563
29,37,13.602795077886382
29,38,13.857983607330251
