1,2,3.79637148579003
1,3,6.658796405753322
1,4,8.805701852690428
1,5,11.857989369255936
1,6,14.23411246115416
1,7,16.895524732183244
1,8,17.427615633101887
1,9,20.710411893033775
1,10,22.137836334164636
1,11,23.165780359832386
1,12,25.60445896892157
1,13,27.479685263842274
1,14,25.831593643498422
1,15,27.580085051041852
1,16,28.66353406811869
1,17,28.516893659566566
1,18,31.426396343538638
1,19,30.07525111900914
1,20,29.289278543325167
1,21,25.68589404835545
1,22,24.402637025120296
1,23,22.804169996118812
1,24,20.851805239810858
1,25,20.011317082549244
1,26,18.327251718149284
1,27,17.99633128646093
1,28,15.469001825676703
1,29,16.993715801229584
1,30,14.527406574940002
1,31,13.807655054082593
1,32,10.141578253019427
1,33,9.246193472819044
1,34,7.208024172625053
1,35,5.346173655826904
1,36,6.035781005456159
1,37,9.796567272162259
1,38,11.734198827390577
1,39,14.568453270246746
1,40,17.511124383472026
1,41,21.28889557010961
1,42,24.032568941612386
1,43,27.807704972948724
1,44,30.26951654155074
1,45,30.317655507131636
1,46,26.57958825047113
1,47,26.16114977122062
1,48,23.005712902883317
1,49,24.297318096961988
1,50,23.197862563624547
1,51,22.157393068823122
1,52,19.83014023045217
1,53,17.347226512334107
1,54,18.839853014742
1,55,16.017137410749754
1,56,13.726684478924733
1,57,10.30496295299349
1,58,10.64650506429258
1,59,8.447275273460026
1,60,10.008957163298133
1,61,10.873720865738868
1,62,13.79955970961669
1,63,14.853264900877972
1,64,18.37480126669797
1,65,17.74569161057697
1,66,17.98080048870631
1,67,15.815347115597698
1,68,17.793377145564047
1,69,17.171064231686735
1,70,19.749562932040366
1,71,20.35138703275939
1,72,23.248946617822927
1,73,24.118343135575554
1,74,26.61313699686914
1,75,30.28329082674945
1,76,32.15757974248889
1,77,31.03244242446236
1,78,27.44279316105598
1,79,25.086048098396457
1,80,21.883057276539564
1,81,19.42463694046227
1,82,16.757267110689707
1,83,14.721698065338982
1,84,15.714576871367841
1,85,18.365717285110005
1,86,21.75317336421373
1,87,20.873689734369556
1,88,19.23716286581722
1,89,20.674532843930542
1,90,23.125705189651907
1,91,24.911604354118943
1,92,27.92636141398143
1,93,28.28540492867259
1,94,31.13393231310091
1,95,30.956297811507344
1,96,34.47138489242054
1,97,35.719358058636296
2,1,3.79637148579003
2,3,3.806372042044948
2,4,6.493070355790774
2,5,8.847793113038094
2,6,11.832251889903208
2,7,14.738979880614012
2,8,15.896340676729071
2,9,19.476373466663798
2,10,21.271263772691015
2,11,22.833260792020578
2,12,25.439696515336145
2,13,27.100837818022406
2,14,25.523856500421026
2,15,27.68214794448701
2,16,28.905921510835256
2,17,29.245003311095584
2,18,32.34992295594513
2,19,30.96477979173193
2,20,29.7250137700327
2,21,26.14628014087053
2,22,24.603846839087957
2,23,23.229158983346412
2,24,20.859584773425908
2,25,20.165991538371735
2,26,17.99437175175897
2,27,17.576454017629157
2,28,14.649864182936755
2,29,15.636210284146516
2,30,12.93056463640315
2,31,12.534412879235424
2,32,8.904453526499594
2,33,9.298630324561794
2,34,8.35869223820963
2,35,5.449329537138292
2,36,6.024066241868029
2,37,9.018749451500781
2,38,10.060669638216755
2,39,13.44262077345705
2,40,16.139603626436017
2,41,19.87866675774236
2,42,22.203631718963727
2,43,25.956732922411568
2,44,28.141784088970688
2,45,27.904586445512678
2,46,24.115321501951172
2,47,23.96541866272525
2,48,21.112534766011184
2,49,22.912198508418122
2,50,22.371829196172644
2,51,21.855781237056938
2,52,20.10919781856867
2,53,18.001961082650315
2,54,20.09107977505715
2,55,17.516156568987896
2,56,15.767931080023336
2,57,12.073041510791612
2,58,11.69229986384488
2,59,9.843815511568328
2,60,10.884835203156383
2,61,12.643920159324116
2,62,14.920142695767353
2,63,15.016037165338563
2,64,18.76424877828606
2,65,18.604655781456028
2,66,18.517778714403867
2,67,16.613283744549854
2,68,18.69843920092382
2,69,17.84017741275038
2,70,20.54068239192605
2,71,20.726797212309677
2,72,23.492093238861862
2,73,23.754018910878354
2,74,25.99986961242723
2,75,29.69675023528047
2,76,31.23962874617961
2,77,29.754410345833
2,78,26.04371454258279
2,79,23.466772775330654
2,80,20.55187613879246
2,81,17.643330620792476
2,82,15.16228405693562
2,83,12.51972635777793
2,84,12.79582652720847
2,85,15.087747688255451
2,86,18.566719594772966
2,87,18.100648586099517
2,88,16.68770027605043
2,89,18.672126054992468
2,90,21.118637419185223
2,91,23.37120475749143
2,92,26.457960128871356
2,93,27.251973588631156
2,94,30.266072959740452
2,95,30.478452174530215
2,96,34.11658790434406
2,97,35.521905729775455
3,1,6.658796405753322
3,2,3.806372042044948
3,4,3.7983965062621095
3,5,6.34407089750083
3,6,9.276944917076914
3,7,11.681870883352858
3,8,12.7305668055846
3,9,16.379964662434585
3,10,18.113143444902448
3,11,20.065270579121584
3,12,22.58900420133484
3,13,23.988612595168757
3,14,22.397210612700768
3,15,24.78491077063108
3,16,26.105806888996224
3,17,26.81798141097921
3,18,30.07504370604654
3,19,28.76556228251493
3,20,27.20266840867414
3,21,23.646193555593946
3,22,21.848760552625734
3,23,20.629834291155618
3,24,18.008998721547048
3,25,17.550911899634837
3,26,15.22589465234061
3,27,15.131724486631793
3,28,12.34550926590747
3,29,13.490019668902466
3,30,11.338413559188352
3,31,12.063132741094563
3,32,9.065474751734957
3,33,9.459447619972009
3,34,9.150412899009082
3,35,5.467803808598068
3,36,4.662906949275937
3,37,6.1576556573064565
3,38,6.5387364410308795
3,39,10.1691549580589
3,40,12.881821603514613
3,41,16.553249066495248
3,42,18.799741988843284
3,43,22.535594337614175
3,44,24.57109689516697
3,45,24.47431856827839
3,46,20.70206501146314
3,47,20.828322114010085
3,48,18.1282680451845
3,49,19.994689358178697
3,50,19.824548539733303
3,51,19.411928317542348
3,52,18.063304296859886
3,53,16.08628689857385
3,54,18.505279312673977
3,55,16.130484334151575
3,56,15.146797727440996
3,57,11.386165606725813
3,58,10.166305745701884
3,59,9.036530878941619
3,60,9.984292622181343
3,61,12.738825777955793
3,62,14.64361198743114
3,63,13.994560467350157
3,64,17.664207947706558
3,65,17.426637762088717
3,66,16.685727438738382
3,67,14.78285387254611
3,68,16.687889770277284
3,69,15.581617268666298
3,70,18.336655873805608
3,71,18.294054060457718
3,72,21.034336857726867
3,73,20.882293135076324
3,74,23.1145104010016
3,75,26.737577377268735
3,76,28.012419610091843
3,77,26.313723504313693
3,78,22.57478549482052
3,79,19.842070627411275
3,80,16.99937730021592
3,81,13.942121767060375
3,82,11.503735201419738
3,83,8.756404396948511
3,84,9.123593878290693
3,85,11.744058431244005
3,86,15.205294074632478
3,87,14.637587826444614
3,88,12.958862569918487
3,89,14.942034708339984
3,90,17.327785186129983
3,91,19.673009919095385
3,92,22.78616939623218
3,93,23.765987342693066
3,94,26.886699064811165
3,95,27.357470977418657
3,96,31.065280494338207
3,97,32.6712831834189
4,1,8.805701852690428
4,2,6.493070355790774
4,3,3.7983965062621095
4,5,3.8069557604002213
4,6,5.742837182645275
4,7,8.274024617497645
4,8,9.55286700502296
4,9,13.222965112680107
4,10,15.414823650762193
4,11,17.270428173392595
4,12,20.15511437674199
4,13,21.85560821356728
4,14,20.78926932356795
4,15,23.486899048804016
4,16,25.312502401437637
4,17,26.266949011112604
4,18,29.743228304739723
4,19,28.888540650208704
4,20,27.30060682888323
4,21,23.658665755377605
4,22,21.339121100217433
4,23,19.689983279909445
4,24,16.63874015005916
4,25,15.588296950465399
4,26,12.726853325354359
4,27,12.007950451004662
4,28,8.872272053056873
4,29,9.703787255072422
4,30,7.662440911182658
4,31,8.979006592195109
4,32,6.764442047946628
4,33,7.264262245085804
4,34,8.001523099366201
4,35,4.986896126827473
4,36,5.515398160558857
4,37,5.587721256785961
4,38,6.823724082499034
4,39,10.438474354533769
4,40,13.550730946536659
4,41,16.993716467640994
4,42,19.23697372719252
4,43,22.862696170648313
4,44,24.499287095780375
4,45,24.74005817583752
4,46,21.07120719627849
4,47,21.80914238478336
4,48,19.435464138079606
4,49,21.236978351772812
4,50,21.388201159037646
4,51,20.747858700372827
4,52,19.493302043510948
4,53,17.193240752256546
4,54,19.314373630328227
4,55,16.639939149787295
4,56,16.301720284757835
4,57,12.613496234391963
4,58,10.30101370883418
4,59,8.659925402930162
4,60,8.191522564449736
4,61,11.247196199304181
4,62,12.26928271174077
4,63,10.880235099094886
4,64,14.51627967984727
4,65,14.736769724967358
4,66,14.099071511191012
4,67,12.912581072409123
4,68,15.36088721767317
4,69,14.927653389626427
4,70,18.149698869207867
4,71,18.584204790176535
4,72,21.628552943586097
4,73,21.32519402487138
4,74,23.844675620433833
4,75,27.253594867981185
4,76,28.166518407402034
4,77,26.178756439484765
4,78,22.48474727329551
4,79,19.364656010913844
4,80,16.429490246029626
4,81,13.265779157135457
4,82,10.201231725451349
4,83,7.174969311104784
4,84,8.228624361002833
4,85,10.558280365441878
4,86,13.472550692037288
4,87,12.193223847714215
4,88,11.07824286925956
4,89,12.905076941991018
4,90,15.885961982817006
4,91,18.255806895624755
4,92,21.69806654608897
4,93,23.002199402683114
4,94,26.393966224565304
4,95,27.220408052606988
4,96,30.98975464849334
4,97,32.98681964910268
5,1,11.857989369255936
5,2,8.847793113038094
5,3,6.34407089750083
5,4,3.8069557604002213
5,6,3.7857288547994687
5,7,6.970198649559784
5,8,9.616313240451266
5,9,13.309299500618888
5,10,16.088659914781154
5,11,18.335466417369744
5,12,21.412810791366184
5,13,22.96674278323527
5,14,22.225717506780832
5,15,25.29062819158055
5,16,27.31788397190147
5,17,28.685998046561117
5,18,32.26830330602092
5,19,31.494798810745486
5,20,29.599993714229075
5,21,26.069739229324156
5,22,23.525411857650518
5,23,22.025134687601216
5,24,18.682093891612343
5,25,17.620929659643384
5,26,14.340444910135425
5,27,13.224105216202599
5,28,9.81227184289825
5,29,9.260948637939102
5,30,6.946060944373173
5,31,8.52692841713578
5,32,7.3015940477975905
5,33,9.294638332986011
5,34,10.852933900874213
5,35,8.436163634042238
5,36,9.269621634836312
5,37,8.75364315160359
5,38,8.839182538296
5,39,12.392488670218041
5,40,14.95137610818345
5,41,18.028386759047855
5,42,19.63737731654206
5,43,23.057001117780977
5,44,24.17618284327661
5,45,24.120278358611657
5,46,20.520120803246012
5,47,21.758401308403176
5,48,19.941027630954615
5,49,22.228784365959765
5,50,22.984562247410626
5,51,22.823821555930678
5,52,22.08914711506692
5,53,20.135022530686662
5,54,22.502573481809705
5,55,20.032811290462455
5,56,19.93734396512067
5,57,16.283250301389025
5,58,13.846230945147095
5,59,12.355550250597243
5,60,11.35764783196574
5,61,14.287476387517316
5,62,14.557182487517442
5,63,12.401146206052736
5,64,15.865874411431868
5,65,16.802742525199115
5,66,16.19785261969751
5,67,15.634356389533663
5,68,18.161319987003974
5,69,17.783823249079706
5,70,20.987713812477978
5,71,21.18267150246598
5,72,24.033131454409062
5,73,23.205159474589593
5,74,25.44037531966306
5,75,28.732332558187338
5,76,29.219571904971634
5,77,26.83054585498787
5,78,23.131509296014386
5,79,19.76657379713097
5,80,17.32759428495137
5,81,13.787168141868799
5,82,11.109538590018888
5,83,7.458240087411376
5,84,7.119762176063211
5,85,8.1085890006557
5,86,10.783701862525533
5,87,9.972255049425925
5,88,9.870000479699389
5,89,12.504606952901629
5,90,15.569256385735397
5,91,18.485140919296587
5,92,21.98877016751209
5,93,23.85932184539899
5,94,27.393750773707154
5,95,28.675733088952462
5,96,32.48163165864309
5,97,34.6594674718585
6,1,14.23411246115416
6,2,11.832251889903208
6,3,9.276944917076914
6,4,5.742837182645275
6,5,3.7857288547994687
6,7,3.7869891650459593
6,8,6.83944821761045
6,9,10.232852529463234
6,10,13.43507317756744
6,11,15.504085106108267
6,12,18.830084509730384
6,13,20.629826140324607
6,14,20.44123358813596
6,15,23.69378177472585
6,16,26.140633510792004
6,17,27.68527037522243
6,18,31.389016998139137
6,19,31.050773981391355
6,20,29.194867271416683
6,21,25.66639552487138
6,22,22.731299877784426
6,23,20.885343199830686
6,24,17.303257756019278
6,25,15.74583993574618
6,26,12.136979378689313
6,27,10.42674332034416
6,28,6.987652020062407
6,29,5.715118416428033
6,30,4.289587464658047
6,31,7.2611753002100095
6,32,7.69784116278375
6,33,9.161248979140764
6,34,11.308208311665016
6,35,9.74052760125089
6,36,10.810182030359316
6,37,9.463134517603278
6,38,10.115242255591966
6,39,13.08787145567049
6,40,15.835565728411684
6,41,18.56922445592206
6,42,20.2409685790439
6,43,23.459400024270725
6,44,24.25391704539984
6,45,24.659034196944237
6,46,21.286325866810643
6,47,22.962946824048682
6,48,21.371339070865318
6,49,23.372134786470305
6,50,24.257305240884175
6,51,23.788244977727892
6,52,23.073686128617428
6,53,20.87346936880679
6,54,22.89380733680956
6,55,20.285995514361463
6,56,20.74603420306973
6,57,17.32320579275373
6,58,14.262448317095561
6,59,12.713122233775918
6,60,10.815281701201213
6,61,13.735945203770758
6,62,13.113307899773698
6,63,10.205137396343869
6,64,13.226585891022538
6,65,14.554290039065828
6,66,13.937878371410605
6,67,14.157781866642248
6,68,16.935614579666428
6,69,17.156779904322512
6,70,20.581264374031672
6,71,21.195119806629208
6,72,24.23163807119877
6,73,23.36019078681591
6,74,25.849976455123503
6,75,28.8711797514641
6,76,29.0670754535204
6,77,26.522489367621503
6,78,22.986999372868635
6,79,19.407809946647024
6,80,16.92368398257088
6,81,13.620776758611681
6,82,10.575029144988969
6,83,7.454302870267476
6,84,8.15721339082576
6,85,8.831110641314948
6,86,10.339817843626498
6,87,8.347193291052452
6,88,8.975162407996125
6,89,10.971596362208636
6,90,14.508953728866823
6,91,17.188777656262765
6,92,20.890899362554258
6,93,22.946640750591285
6,94,26.633005910222373
6,95,28.169590978917274
6,96,31.95058244526455
6,97,34.451629113024325
7,1,16.895524732183244
7,2,14.738979880614012
7,3,11.681870883352858
7,4,8.274024617497645
7,5,6.970198649559784
7,6,3.7869891650459593
7,8,3.761891350521297
7,9,6.848794600686426
7,10,10.159678708198769
7,11,12.603043119104218
7,12,15.814517304679336
7,13,17.387551092584992
7,14,17.470712625440683
7,15,20.930244258841988
7,16,23.585245731169465
7,17,25.46874067455167
7,18,29.23571652872716
7,19,29.149526148432187
7,20,27.130328894838936
7,21,23.747867464288788
7,22,20.53876069827514
7,23,18.74435037498323
7,24,15.007711409299304
7,25,13.535616267234598
7,26,9.855204189698611
7,27,8.465927858327882
7,28,6.037442447478085
7,29,5.180251029600469
7,30,6.355618581729168
7,31,10.040209883395912
7,32,11.034384805171362
7,33,11.677386611243264
7,34,13.667205961489087
7,35,12.12257973146943
7,36,12.424278146752853
7,37,9.98772536563778
7,38,10.289645539500148
7,39,12.333891452693376
7,40,14.820715871432865
7,41,16.998528656626224
7,42,18.563801503163116
7,43,21.4983561278889
7,44,22.00076178483736
7,45,22.836542163086577
7,46,19.744263612765675
7,47,21.7711551424067
7,48,20.468617082256127
7,49,22.185986139483568
7,50,23.3156291766901
7,51,22.745377340960765
7,52,22.336401690307
7,53,20.245940610239696
7,54,22.174129337193204
7,55,19.832751180287143
7,56,20.980312450778694
7,57,17.923113806015625
7,58,14.48563126698313
7,59,13.650494045809733
7,60,11.766585832392611
7,61,14.954995147727768
7,62,14.022933886556268
7,63,10.733887623693015
7,64,12.975406516508446
7,65,14.035076951414824
7,66,12.667380968357426
7,67,13.201744874787442
7,68,15.600783873355192
7,69,15.878156870415085
7,70,19.176196959138547
7,71,19.78718244669481
7,72,22.724618696510834
7,73,21.576646947094126
7,74,24.096563201522383
7,75,26.80729521103173
7,76,26.665060822616905
7,77,23.966332436924155
7,78,20.62200872975991
7,79,16.932473298271947
7,80,14.60593015399767
7,81,11.606632757967867
7,82,8.675922101934246
7,83,6.511112315606448
7,84,7.962157864452168
7,85,8.639418200990832
7,86,9.108563674689966
7,87,6.001306881297051
7,88,6.70776773472244
7,89,7.878252861668708
7,90,11.602392337482224
7,91,14.077738925851524
7,92,17.832027486839056
7,93,20.079601843148932
7,94,23.83649847088241
7,95,25.653638315073476
7,96,29.381093135269744
7,97,32.12940625146322
8,1,17.427615633101887
8,2,15.896340676729071
8,3,12.7305668055846
8,4,9.55286700502296
8,5,9.616313240451266
8,6,6.83944821761045
8,7,3.761891350521297
8,9,3.7749133635648513
8,10,6.6078723936680275
8,11,9.076304285344586
8,12,12.163479888252088
8,13,13.812802171909292
8,14,13.901178746944632
8,15,17.300907479710183
8,16,20.077364438653444
8,17,21.92541193642356
8,18,25.709060380099068
8,19,25.837606179473596
8,20,23.947787797596842
8,21,20.570368596546473
8,22,17.213517422464747
8,23,15.211446567736624
8,24,11.447695996946468
8,25,9.861462687391953
8,26,6.216469601894716
8,27,5.520229398591071
8,28,4.687774107423449
8,29,5.978985329640243
8,30,8.35946623664718
8,31,12.046052652930552
8,32,12.855319482930438
8,33,12.370394325580554
8,34,13.895203161060815
8,35,12.488812734105428
8,36,12.168083435826228
8,37,9.109147911323442
8,38,9.829682184914134
8,39,10.883754031178269
8,40,13.53215381860912
8,41,15.475596548474599
8,42,17.485504078510992
8,43,20.34336278275975
8,44,21.059320040439214
8,45,22.468776050940036
8,46,19.550935781200074
8,47,21.41251279283667
8,48,19.91154645733944
8,49,21.01010048020174
8,50,21.86135762879352
8,51,20.80940803321959
8,52,20.256711042615954
8,53,17.981494319358337
8,54,19.544513623811078
8,55,17.276635760994754
8,56,18.940226896920294
8,57,16.327887506564508
8,58,12.642961161497018
8,59,12.383516635677985
8,60,10.665463991216447
8,61,13.9581100912463
8,62,13.109696725439616
8,63,10.058967142618407
8,64,11.701103638592727
8,65,11.939090560345997
8,66,9.791420682970685
8,67,10.278433409110223
8,68,12.324836490123316
8,69,12.788180498888545
8,70,16.0549584088329
8,71,16.967308463163018
8,72,20.015832846696405
8,73,19.074231190475448
8,74,21.89682083738941
8,75,24.42290964635261
8,76,24.35094929801933
8,77,21.87303794127644
8,78,18.703971761902046
8,79,15.140270116777575
8,80,12.449475000570441
8,81,10.157504326449038
8,82,6.913124493399014
8,83,6.467821660437785
8,84,9.302927133010451
8,85,10.92423997421514
8,86,11.320543415315399
8,87,7.826677069420504
8,88,7.202685948675357
8,89,6.466880163559315
8,90,10.190008110682577
8,91,11.791217563692857
8,92,15.574637221626322
8,93,17.439181570276762
8,94,21.165653580793396
8,95,22.833281806822026
8,96,26.500550226376838
8,97,29.33824606015292
9,1,20.710411893033775
9,2,19.476373466663798
9,3,16.379964662434585
9,4,13.222965112680107
9,5,13.309299500618888
9,6,10.232852529463234
9,7,6.848794600686426
9,8,3.7749133635648513
9,10,3.7888714175496885
9,11,6.106001978055811
9,12,9.24934058382357
9,13,11.0481835884196
9,14,12.00772500747153
9,15,15.504842396608984
9,16,18.70795720518454
9,17,20.778986422029813
9,18,24.562218724888343
9,19,25.203579254806186
9,20,23.38609921723351
9,21,20.231881041772144
9,22,16.59230766261883
9,23,14.380140723278215
9,24,10.692409849319949
9,25,8.761971359136275
9,26,5.543300574402035
9,27,4.999125259254122
9,28,6.426920215253355
9,29,7.619191396544092
9,30,10.939952905904773
9,31,14.566460111455354
9,32,15.913061920911453
9,33,15.075400696344953
9,34,16.59304431692848
9,35,15.663668100934622
9,36,15.315560172938145
9,37,12.143649751932504
9,38,12.951006510500545
9,39,13.176871246653565
9,40,15.495676209790329
9,41,16.779688189189944
9,42,18.701698788105748
9,43,21.105725501902082
9,44,21.496005382525112
9,45,23.408386398023833
9,46,20.928474510709407
9,47,23.016719691622708
9,48,21.78365718699722
9,49,22.46068550012578
9,50,23.367521054438246
9,51,22.060434175236438
9,52,21.621284471188382
9,53,19.343663760173516
9,54,20.451338275274754
9,55,18.363722234047476
9,56,20.573310801795675
9,57,18.47117822520261
9,58,14.693692819599265
9,59,14.71871213893265
9,60,12.815233286293074
9,61,15.699860901800747
9,62,14.333675452131104
9,63,11.245255870925027
9,64,11.66060304090489
9,65,11.771607214396655
9,66,9.25140362831801
9,67,10.600256354649876
9,68,12.224646046629507
9,69,13.24823567449125
9,70,16.265315254502124
9,71,17.507050137243716
9,72,20.46027936406524
9,73,19.497182904951348
9,74,22.414569430609504
9,75,24.465213409711122
9,76,24.065882358766657
9,77,21.57773714838749
9,78,18.848965725623263
9,79,15.411839745443151
9,80,12.98008277785922
9,81,11.606825707316162
9,82,8.946538168037081
9,83,9.692569471577192
9,84,12.512395747613933
9,85,13.826933703920579
9,86,13.412430595057117
9,87,9.646465995750956
9,88,9.368302812538603
9,89,7.289819876912649
9,90,10.50149455988503
9,91,11.14215929215849
9,92,14.745434976697371
9,93,16.602393675397884
9,94,20.27095093274603
9,95,22.152074711867755
9,96,25.623548972457737
9,97,28.75019398512279
10,1,22.137836334164636
10,2,21.271263772691015
10,3,18.113143444902448
10,4,15.414823650762193
10,5,16.088659914781154
10,6,13.43507317756744
10,7,10.159678708198769
10,8,6.6078723936680275
10,9,3.7888714175496885
10,11,3.81836805734458
10,12,5.878661125423412
10,13,7.33515036368372
10,14,8.305496078597765
10,15,11.784152912932763
10,16,15.09750678262501
10,17,17.28154585768132
10,18,21.03825030240229
10,19,21.888122495030366
10,20,20.113952925863575
10,21,17.13476666300322
10,22,13.392424536097979
10,23,11.199422643039119
10,24,7.725928597108288
10,25,6.2463413401574135
10,26,4.548374702982198
10,27,6.230407893332811
10,28,8.965966635309922
10,29,11.053265987288531
10,30,14.259324547264361
10,31,17.76709504670721
10,32,18.73767599721025
10,33,17.37359427826319
10,34,18.400981161787993
10,35,17.371929236294935
10,36,16.38261509748454
10,37,12.966699272702511
10,38,13.664011746709633
10,39,12.835436315932192
10,40,14.806352461243334
10,41,15.55438189402128
10,42,17.689881344388606
10,43,19.815117816515336
10,44,20.374842214454848
10,45,22.782135916621865
10,46,20.60716524491901
10,47,22.46477257628706
10,48,21.172703693937574
10,49,21.21942527353929
10,50,21.908748644219294
10,51,20.249735717222503
10,52,19.85771236751608
10,53,17.676550737325545
10,54,18.43121099628977
10,55,16.759948692272854
10,56,19.513410698537896
10,57,18.038010968105706
10,58,14.40836102462368
10,59,15.233481858688354
10,60,13.942925757232851
10,61,16.758056347765574
10,62,15.791293258888702
10,63,13.322445370001088
10,64,13.283211564965427
10,65,12.380641904712954
10,66,9.06441677307766
10,67,9.916846788569798
10,68,10.394899490269069
10,69,11.303146369431873
10,70,13.803001657268565
10,71,15.139759995518231
10,72,17.923963321889193
10,73,17.06881666937911
10,74,20.115116863336635
10,75,21.830634499066583
10,76,21.43635341059402
10,77,19.2344638896311
10,78,16.859375280555366
10,79,13.810700371669396
10,80,11.336222275996683
10,81,11.097544956241515
10,82,9.024037268347913
10,83,11.106402662492577
10,84,14.258824128022834
10,85,16.046219790875767
10,86,15.711177792061598
10,87,12.162656887614753
10,88,10.986691948957912
10,89,7.8447411489032035
10,90,10.00470853449282
10,91,9.321451359616265
10,92,12.543625138807089
10,93,13.842197768597465
10,94,17.332973221407805
10,95,19.065994016941723
10,96,22.39344457107238
10,97,25.59627170643995
11,1,23.165780359832386
11,2,22.833260792020578
11,3,20.065270579121584
11,4,17.270428173392595
11,5,18.335466417369744
11,6,15.504085106108267
11,7,12.603043119104218
11,8,9.076304285344586
11,9,6.106001978055811
11,10,3.81836805734458
11,12,3.807530697840335
11,13,7.021810297292731
11,14,8.871404751982556
11,15,11.578970678290215
11,16,15.174951511861956
11,17,16.82959931589062
11,18,20.459483796191808
11,19,21.834538182480156
11,20,20.6581456265243
11,21,17.715456010438366
11,22,14.041248751696568
11,23,11.124523532651168
11,24,8.288284571481881
11,25,5.556159269847347
11,26,5.046121260566493
11,27,5.996413483145623
11,28,9.648704999654488
11,29,11.957408532796343
11,30,15.331898188468351
11,31,18.46309732165057
11,32,19.645816351887245
11,33,17.739859851073753
11,34,18.638820136468425
11,35,18.318422453266304
11,36,17.683595417753864
11,37,14.69155988740016
11,38,16.15954155152861
11,39,15.374803000546901
11,40,17.67187534442139
11,41,18.555090639453137
11,42,20.988234006116343
11,43,23.085639801916134
11,44,23.786888238117765
11,45,26.36103365177133
11,46,24.240789909656893
11,47,25.915322947492676
11,48,24.411105760277003
11,49,24.152890008729322
11,50,24.428784054508473
11,51,22.312915257966765
11,52,21.446164922902412
11,53,18.8662421077455
11,54,18.874173650845176
11,55,16.9259034805306
11,56,19.745271572415245
11,57,18.66001922699817
11,58,15.085060924186283
11,59,15.601606559802034
11,60,13.968379136624385
11,61,16.06836464270998
11,62,14.722502509012172
11,63,12.675944955007795
11,64,11.643415443814881
11,65,10.361360473658085
11,66,7.187045026347105
11,67,8.973116902497855
11,68,9.504359877706822
11,69,11.559577063097649
11,70,14.064623176186473
11,71,16.215596471222373
11,72,19.20028123979823
11,73,18.98323240170265
11,74,22.30374959196376
11,75,23.840084486238506
11,76,23.655917036694802
11,77,21.840093449212414
11,78,19.752357428276653
11,79,17.03043258528397
11,80,14.40008445758204
11,81,14.50950376300993
11,82,12.180928940941335
11,83,14.141439822900281
11,84,17.521300986242018
11,85,19.43335994875633
11,86,19.207072259697423
11,87,15.535269557556532
11,88,14.590932292501618
11,89,11.622228928169081
11,90,13.7426959724109
11,91,12.620279351834913
11,92,15.448359210242549
11,93,16.164122958680657
11,94,19.315417047893167
11,95,20.66467512807241
11,96,23.723532889840218
11,97,26.90905796595419
12,1,25.60445896892157
12,2,25.439696515336145
12,3,22.58900420133484
12,4,20.15511437674199
12,5,21.412810791366184
12,6,18.830084509730384
12,7,15.814517304679336
12,8,12.163479888252088
12,9,9.24934058382357
12,10,5.878661125423412
12,11,3.807530697840335
12,13,3.7792673070024385
12,14,6.241603644552843
12,15,8.407113248125683
12,16,12.159888629536363
12,17,13.969650247507658
12,18,17.458050249073114
12,19,19.199886916911602
12,20,18.104360330711025
12,21,15.58016325861904
12,22,11.964012540453588
12,23,9.28869424659348
12,24,7.452905784508567
12,25,5.990005018680504
12,26,7.506222359871273
12,27,9.537058202864603
12,28,13.190861879337204
12,29,15.685604156150298
12,30,18.981408321518913
12,31,22.12972576143132
12,32,23.07615539062082
12,33,21.000292610774018
12,34,21.58593048771744
12,35,21.08146823004016
12,36,19.94814728448171
12,37,16.827106536870854
12,38,17.973074457527957
12,39,16.41532162807992
12,40,18.177027239197198
12,41,18.43360985712719
12,42,20.831852324127546
12,43,22.499355474451868
12,44,23.225118185599467
12,45,26.186136893512803
12,46,24.460713883098496
12,47,25.96640499876683
12,48,24.555199860130692
12,49,23.750066120715182
12,50,23.895896840720546
12,51,21.560346886762595
12,52,20.866122609577044
12,53,18.57254069887483
12,54,18.214473432939506
12,55,16.890485355781365
12,56,20.16689202326936
12,57,19.727985042178883
12,58,16.485716682434322
12,59,17.689506488248647
12,60,16.655842111411776
12,61,18.68999365854826
12,62,17.734949292844618
12,63,16.122041212274276
12,64,14.961685787316133
12,65,13.122082201565538
12,66,9.756688746183425
12,67,10.754479835905329
12,68,9.903774699204522
12,69,11.579861447968396
12,70,13.135870331741645
12,71,15.234666590927661
12,72,17.78748007344507
12,73,17.642542652666606
12,74,20.899487225959888
12,75,21.926389496299787
12,76,21.652180472784476
12,77,20.17885955022439
12,78,18.640967204948588
12,79,16.48434723843571
12,80,14.165703532181128
12,81,15.247897207711983
12,82,13.659258816998499
12,83,16.329950072423067
12,84,19.70736079600738
12,85,21.775476615280155
12,86,21.470830830693643
12,87,17.984733635329416
12,88,16.612029458592712
12,89,13.174689625698212
12,90,14.35333972743812
12,91,12.240122878313697
12,92,14.281928378492031
12,93,14.35540298863023
12,94,17.05580526751061
12,95,18.24124000040602
12,96,20.969922765690562
12,97,24.230798016985194
13,1,27.479685263842274
13,2,27.100837818022406
13,3,23.988612595168757
13,4,21.85560821356728
13,5,22.96674278323527
13,6,20.629826140324607
13,7,17.387551092584992
13,8,13.812802171909292
13,9,11.0481835884196
13,10,7.33515036368372
13,11,7.021810297292731
13,12,3.7792673070024385
13,14,3.782342668172581
13,15,6.174321751274192
13,16,9.854171659085491
13,17,12.456560929365597
13,18,15.842296764624374
13,19,17.532355385464808
13,20,15.971050736126093
13,21,13.951611669201732
13,22,10.383895958101883
13,23,8.806938843009473
13,24,7.6038067265409195
13,25,8.003751205549124
13,26,9.792100059686936
13,27,12.433251992193375
13,28,15.798294317638877
13,29,18.221095487770814
13,30,21.44155571760709
13,31,24.80389219786548
13,32,25.55953508708695
13,33,23.694380099752003
13,34,24.20015948547335
13,35,23.21533690194405
13,36,21.594581166965774
13,37,18.195516405449712
13,38,18.638813436303483
13,39,16.480680300001275
13,40,17.469288705726782
13,41,16.957973732070354
13,42,18.99479880845437
13,43,20.140718071380103
13,44,20.689734523160404
13,45,23.924181124582454
13,46,22.635785326628852
13,47,24.13867423550372
13,48,23.04945976009837
13,49,21.94091811170287
13,50,22.30737786815146
13,51,20.145486332536944
13,52,20.020231315065338
13,53,18.33794729357227
13,54,18.203873946362854
13,55,17.63464450955285
13,56,21.17391384408599
13,57,20.9707695401179
13,58,17.970619400837315
13,59,19.769356470871795
13,60,19.241499445273657
13,61,21.614926017157064
13,62,21.004621228642527
13,63,19.32338866759824
13,64,18.510215723866157
13,65,16.650163599339866
13,66,13.085540059340616
13,67,13.389751723388683
13,68,11.820041824956203
13,69,12.44891653212041
13,70,13.132695233102782
13,71,14.480157757809668
13,72,16.35591502035226
13,73,15.724592641518333
13,74,18.62926827276518
13,75,19.177111463031967
13,76,18.533475044982296
13,77,17.084018380652076
13,78,16.023034846343133
13,79,14.301843731307573
13,80,12.615746608804464
13,81,14.45842366541742
13,82,13.826624275381597
13,83,16.99017357134071
13,84,20.090733247221525
13,85,22.087048226596558
13,86,21.577375869482683
13,87,18.412779175540546
13,88,16.71952210898101
13,89,12.986563010884732
13,90,13.134534341619627
13,91,10.258980287959643
13,92,11.479998881764725
13,93,11.287595856386664
13,94,13.725652058612107
13,95,15.166666032725127
13,96,17.735068808154068
13,97,21.174177341220833
14,1,25.831593643498422
14,2,25.523856500421026
14,3,22.397210612700768
14,4,20.78926932356795
14,5,22.225717506780832
14,6,20.44123358813596
14,7,17.470712625440683
14,8,13.901178746944632
14,9,12.00772500747153
14,10,8.305496078597765
14,11,8.871404751982556
14,12,6.241603644552843
14,13,3.782342668172581
14,15,3.8018408301586026
14,16,7.005591749615202
14,17,9.821514019689808
14,18,13.404755522049323
14,19,14.492490176648117
14,20,12.618894485982025
14,21,10.39496232384099
14,22,6.756274793673229
14,23,5.873095702356473
14,24,5.2090657241595135
14,25,7.361227351740787
14,26,9.69452902450299
14,27,13.089530887255657
14,28,16.09536130402709
14,29,18.920599193391734
14,30,21.716631029919114
14,31,25.035116608490174
14,32,25.23475457072006
14,33,23.309571565675203
14,34,23.46119818987271
14,35,22.05742228027198
14,36,19.907033477093968
14,37,16.50523526773933
14,38,16.616157867234122
14,39,13.931076918991813
14,40,14.567617728135998
14,41,13.892499069794042
14,42,16.199743992794826
14,43,17.45762157442192
14,44,18.546041773741123
14,45,21.76383163180549
14,46,20.386744485437326
14,47,21.430990555164072
14,48,20.07528804593618
14,49,18.648265601083864
14,50,18.747638740668602
14,51,16.452350728727765
14,52,16.385881010586157
14,53,14.95635832201584
14,54,14.976651650760283
14,55,14.888514078576813
14,56,18.524574297606186
14,57,18.552004071773542
14,58,15.918049934019423
14,59,18.302007657165078
14,60,18.487255227510314
14,61,21.090539683797548
14,62,21.14789736278558
14,63,19.785625713716787
14,64,19.573283900833566
14,65,17.325068231912358
14,66,13.530417838494415
14,67,12.74740038540531
14,68,10.46901173732391
14,69,10.03306618809853
14,70,10.067515667661713
14,71,10.919794278422533
14,72,12.598903126973742
14,73,11.993798050349584
14,74,15.0111151150681
14,75,15.74040926944614
14,76,15.511385157601602
14,77,14.384088358634243
14,78,13.170697227833553
14,79,11.817250759441912
14,80,9.893282447623688
14,81,12.301077257314894
14,82,12.118773507319858
14,83,15.66829041270308
14,84,18.75922136610861
14,85,21.162370967533477
14,86,21.13689373312226
14,87,18.318488378096863
14,88,15.927727457738717
14,89,12.284850717568354
14,90,11.91006990138888
14,91,8.766210674979344
14,92,9.671833248749673
14,93,8.63321662087377
14,94,11.039790391317126
14,95,12.013745665429914
14,96,14.885350756700173
14,97,18.12436064297228
15,1,27.580085051041852
15,2,27.68214794448701
15,3,24.78491077063108
15,4,23.486899048804016
15,5,25.29062819158055
15,6,23.69378177472585
15,7,20.930244258841988
15,8,17.300907479710183
15,9,15.504842396608984
15,10,11.784152912932763
15,11,11.578970678290215
15,12,8.407113248125683
15,13,6.174321751274192
15,14,3.8018408301586026
15,16,3.7912764527902336
15,17,6.389074184759315
15,18,9.79666998538308
15,19,11.380529480579284
15,20,10.054704919937144
15,21,8.398953566364625
15,22,5.506361961820372
15,23,5.191496229013318
15,24,6.933234513643437
15,25,9.291939973707183
15,26,12.432627920673331
15,27,15.86685844098686
15,28,19.00620823823352
15,29,22.089050398160616
15,30,24.783921550676542
15,31,27.913068025142127
15,32,27.903572971821472
15,33,25.64562230741195
15,34,25.455679317654337
15,35,24.18863909356228
15,36,21.858025458207397
15,37,18.752004994997158
15,38,19.040464902543807
15,39,16.059255202137305
15,40,16.508278931224766
15,41,15.648956675392322
15,42,18.09666295980082
15,43,19.095036165920114
15,44,20.495368558198965
15,45,23.844251215172168
15,46,22.69589809912866
15,47,23.27650503291501
15,48,21.74493332200848
15,49,19.72923325233497
15,50,19.273795474740776
15,51,16.536017057856245
15,52,16.229740737207273
15,53,14.939215971213743
15,54,14.180686815875557
15,55,14.667565108119662
15,56,18.466299846500768
15,57,19.257338079749122
15,58,17.161452803078866
15,59,19.830731479052012
15,60,20.395298568475685
15,61,22.635925725116362
15,62,22.978517657510956
15,63,22.138870302255242
15,64,21.721486073270366
15,65,19.019481056923464
15,66,15.355489301540167
15,67,14.234654156563515
15,68,11.222490924985012
15,69,10.708416520311603
15,70,9.566526261622474
15,71,10.614055715102408
15,72,11.749322599135647
15,73,11.92435317066668
15,74,14.905512384717746
15,75,15.121268228892982
15,76,15.312465670577534
15,77,15.094810776872551
15,78,14.524464460101553
15,79,14.058442121073837
15,80,12.30755691000053
15,81,15.15607910100422
15,82,15.135292237675587
15,83,18.756906596850598
15,84,21.91000303428974
15,85,24.54333958188336
15,86,24.7302140442945
15,87,22.00265389857024
15,88,19.43188274503105
15,89,15.884630104057821
15,90,15.27163727062484
15,91,11.947276036398247
15,92,12.026936917095433
15,93,9.878117183659892
15,94,11.09450883057808
15,95,11.030490185441021
15,96,13.272206294479986
15,97,16.272581181234028
16,1,28.66353406811869
16,2,28.905921510835256
16,3,26.105806888996224
16,4,25.312502401437637
16,5,27.31788397190147
16,6,26.140633510792004
16,7,23.585245731169465
16,8,20.077364438653444
16,9,18.70795720518454
16,10,15.09750678262501
16,11,15.174951511861956
16,12,12.159888629536363
16,13,9.854171659085491
16,14,7.005591749615202
16,15,3.7912764527902336
16,17,3.793654078823693
16,18,6.776557146882997
16,19,7.926753942569439
16,20,6.429689138296225
16,21,5.700090181799263
16,22,4.498530481284216
16,23,6.301130216344265
16,24,9.1457586773305
16,25,12.125286921983738
16,26,15.34610277983972
16,27,18.962781466056086
16,28,21.85093991128022
16,29,25.079482207058668
16,30,27.499016960705777
16,31,30.54255326497599
16,32,30.15800890740669
16,33,27.85533950622363
16,34,27.35967169479246
16,35,25.847745465678063
16,36,23.13158927068398
16,37,20.216058806582687
16,38,20.196874397168077
16,39,16.830468092663697
16,40,16.698712297143587
16,41,15.44529915513975
16,42,17.83606969531025
16,43,18.528135668163998
16,44,20.309797003973035
16,45,23.653645566058376
16,46,22.746745903937747
16,47,22.784959792359572
16,48,21.163340080713127
16,49,18.5944319929024
16,50,17.72433653983453
16,51,14.825287582412612
16,52,14.680122145642027
16,53,14.033305498292448
16,54,13.07936857290059
16,55,14.517019097074598
16,56,18.266812056862864
16,57,19.600427767211762
16,58,18.16207708590589
16,59,21.26446551895674
16,60,22.419762936787638
16,61,24.646993821217997
16,62,25.465588482432068
16,63,24.929296614116986
16,64,24.780804064993134
16,65,21.85874223484825
16,66,18.239605030230603
16,67,16.527846090303722
16,68,13.106062579668832
16,69,11.77485796463465
16,70,9.431977288570682
16,71,9.64805423770673
16,72,9.667849686343107
16,73,10.2149550571255
16,74,12.84107093735362
16,75,12.596229832620024
16,76,13.288931370666107
16,77,13.973544435436882
16,78,13.920309515978117
16,79,14.398124706948257
16,80,13.00762213440146
16,81,16.29371735936734
16,82,16.823149296324353
16,83,20.53968282588795
16,84,23.497356795770557
16,85,26.309991357180383
16,86,26.75495921218551
16,87,24.37350576435961
16,88,21.447675450974547
16,89,18.098604539573756
16,90,16.96492574686947
16,91,13.586415222213489
16,92,12.883896427874033
16,93,9.812169202260495
16,94,9.856469057226047
16,95,8.602251104837132
16,96,10.378049121244956
16,97,12.972898186594879
17,1,28.516893659566566
17,2,29.245003311095584
17,3,26.81798141097921
17,4,26.266949011112604
17,5,28.685998046561117
17,6,27.68527037522243
17,7,25.46874067455167
17,8,21.92541193642356
17,9,20.778986422029813
17,10,17.28154585768132
17,11,16.82959931589062
17,12,13.969650247507658
17,13,12.456560929365597
17,14,9.821514019689808
17,15,6.389074184759315
17,16,3.793654078823693
17,18,3.795287763808851
17,19,5.435166841206551
17,20,5.918165225762937
17,21,5.302900742077112
17,22,5.786869687817726
17,23,6.843494123546535
17,24,10.499247494097599
17,25,13.091788501936783
17,26,16.65418412104054
17,27,20.166289528053326
17,28,23.032302128107734
17,29,26.512075715573367
17,30,28.72387251164693
17,31,31.46784472383812
17,32,30.84327112183122
17,33,28.201655366076615
17,34,27.359343887355877
17,35,26.094790777812296
17,36,23.383270766285047
17,37,20.9270409211866
17,38,21.343485239333774
17,39,18.075883268923175
17,40,18.27126485017988
17,41,17.4944841572373
17,42,20.25323027858123
17,43,21.22296628977517
17,44,23.386409715928902
17,45,26.551753550060717
17,46,25.43948464737194
17,47,25.08726617862389
17,48,23.05258226816532
17,49,20.311843376918546
17,50,18.76626855026404
17,51,15.41105712611616
17,52,14.49127660933237
17,53,13.54442362886386
17,54,11.633370447318445
17,55,13.26299886597788
17,56,16.871156311225043
17,57,18.84992163300114
17,58,17.944746508598094
17,59,21.06161400185379
17,60,22.49863461716832
17,61,24.280147200586022
17,62,25.40506472584875
17,63,25.43644529829611
17,64,25.222646813218294
17,65,21.94530883561249
17,66,18.615230030107668
17,67,16.59036685487324
17,68,12.88029378179049
17,69,11.707026674646857
17,70,8.792807527168094
17,71,9.654670142079901
17,72,9.73792615526011
17,73,11.58235562960213
17,74,14.336968160488812
17,75,14.292835791155797
17,76,15.753440857654132
17,77,16.970252927326648
17,78,16.80289624567963
17,79,17.375918561214842
17,80,15.5800046817709
17,81,18.62754662835343
17,82,18.761460665693235
17,83,22.312477677304077
17,84,25.44324244560105
17,85,28.53509326081185
17,86,29.339410197824826
17,87,26.901020633849996
17,88,23.878645471737105
17,89,20.712053153735745
17,90,19.93358662651747
17,91,16.81254390951586
17,92,16.395161762975416
17,93,13.25885339410364
17,94,13.097177079718822
17,95,11.051001500046551
17,96,12.302903520330021
17,97,14.040264497605463
18,1,31.426396343538638
18,2,32.34992295594513
18,3,30.07504370604654
18,4,29.743228304739723
18,5,32.26830330602092
18,6,31.389016998139137
18,7,29.23571652872716
18,8,25.709060380099068
18,9,24.562218724888343
18,10,21.03825030240229
18,11,20.459483796191808
18,12,17.458050249073114
18,13,15.842296764624374
18,14,13.404755522049323
18,15,9.79666998538308
18,16,6.776557146882997
18,17,3.795287763808851
18,19,3.811466628584372
18,20,6.133079264014949
18,21,7.411572986593692
18,22,9.192600897199304
18,23,10.57244953181843
18,24,14.273565371412614
18,25,16.788506087134216
18,26,20.398523773991247
18,27,23.864288665516707
18,28,26.73334945849767
18,29,30.25169539971688
18,30,32.41081816522501
18,31,35.06829739485678
18,32,34.32847477486216
18,33,31.588699350478432
18,34,30.57303403757263
18,35,29.350314663502658
18,36,26.55732615629118
18,37,24.30909221331422
18,38,24.679485129308162
18,39,21.33066318904996
