1,2,3.8026574113939535
1,3,6.753282874902176
1,4,7.273308793107722
1,5,10.66173487279005
1,6,12.735931183886164
1,7,16.21388034043768
1,8,19.336673158675396
1,9,20.955555380286132
1,10,23.466463852071634
1,11,26.79732333324107
1,12,26.776794251818814
1,13,29.115896248353458
1,14,31.97529200935466
1,15,31.06104114344132
1,16,33.76795339086608
1,17,32.94497569054983
1,18,36.43317485945681
1,19,38.0214463525376
1,20,39.34991595441172
1,21,37.29347479106457
1,22,33.85717300699888
1,23,34.782845534866055
1,24,35.68140986799967
1,25,32.68957242603341
1,26,30.38870554915759
1,27,32.33268165387913
1,28,32.00936453792207
1,29,28.381938619033203
1,30,26.629909536810718
1,31,25.57409339310778
1,32,23.173554073493584
1,33,20.99617988418395
1,34,18.624725019961677
1,35,20.473336186478218
1,36,17.614154409986885
1,37,14.830287279484079
1,38,11.229516978537404
1,39,11.298511808438997
1,40,10.686879315345701
1,41,13.755939469149741
1,42,16.853695865833526
1,43,18.046666699919978
1,44,15.533542718416173
1,45,17.444436178403723
1,46,20.991907990113013
1,47,22.1629511117072
1,48,21.88167100723871
1,49,21.719233420052813
1,50,18.722148113130665
1,51,16.78307546561885
1,52,18.028172181979095
1,53,17.240130886706492
1,54,13.503790538539773
1,55,13.520349805633716
1,56,15.382010095714863
1,57,13.283147228771814
1,58,9.942958483524654
1,59,12.17948171494642
1,60,14.122155350711758
1,61,11.523837172662663
1,62,10.170084153030741
1,63,13.87501056384439
1,64,14.911617342484329
1,65,13.1580321805011
1,66,14.610674525141663
1,67,17.80827359952894
1,68,18.025711086524097
1,69,17.635426469589145
1,70,20.70625825078139
1,71,22.5315049506756
1,72,22.786469408248024
1,73,22.527427135582347
1,74,22.47373203249866
1,75,25.38026582113236
1,76,25.723729960845766
1,77,27.352370289265128
1,78,24.500581039569738
1,79,22.026110548418426
1,80,24.528231563675142
1,81,25.108501887816423
1,82,21.556367564281548
1,83,20.860839623747466
1,84,23.827959901550614
1,85,23.232197944651695
1,86,19.538737091732294
1,87,20.80582915664014
1,88,23.38607204011712
1,89,20.944106396138377
1,90,18.713504971128305
1,91,22.03236391252455
1,92,23.05076484264802
1,93,19.84903887703335
1,94,20.318421950349883
1,95,23.973548318509128
1,96,23.32203514097396
1,97,20.661000956473114
1,98,23.01729667582428
1,99,25.914334538630936
1,100,24.264249802057876
1,101,23.733973979651353
1,102,26.7222113577473
2,1,3.8026574113939535
2,3,3.7839478964822972
2,4,5.525433298919495
2,5,8.704372569178203
2,6,11.496853782145427
2,7,14.96329103349189
2,8,18.07654425728383
2,9,20.296119323314404
2,10,22.952321207493423
2,11,26.513829383897406
2,12,27.01972424306994
2,13,29.3931178492096
2,14,32.53795925548589
2,15,31.932189691201167
2,16,34.86759294016146
2,17,34.39631123702018
2,18,37.9140279408621
2,19,39.74712297037703
2,20,41.10366832192626
2,21,39.29466495629566
2,22,35.75623279753849
2,23,36.33877952192487
2,24,37.35225532996988
2,25,34.593632459519114
2,26,32.008232702716995
2,27,33.67790008032892
2,28,33.599473478865825
2,29,30.12171752600136
2,30,28.00794328394981
2,31,26.797322711063845
2,32,24.836594851044108
2,33,22.479622592633334
2,34,19.614315190324078
2,35,20.804940340269678
2,36,17.53701805898118
2,37,14.840194566582829
2,38,11.086334686352282
2,39,10.651668661673462
2,40,9.275302492041899
2,41,11.544655121701497
2,42,15.044508382477266
2,43,15.918185039205481
2,44,13.90519920371037
2,45,16.449760949221485
2,46,20.14030485596353
2,47,21.409002184762876
2,48,21.33881185841447
2,49,21.830761281595354
2,50,18.846818663893785
2,51,16.495719636656574
2,52,18.231930548428938
2,53,18.1497188968608
2,54,14.384953663261035
2,55,13.985858131200866
2,56,16.573748623604047
2,57,15.197302026766556
2,58,11.662507446951402
2,59,13.534626659655435
2,60,16.206146254669427
2,61,14.24846928261471
2,62,12.490469848479297
2,63,15.910657506722805
2,64,17.615782115349397
2,65,16.075728179289055
2,66,16.906061390511628
2,67,20.250598670235238
2,68,20.945913790768483
2,69,20.291328308759866
2,70,23.088016572762648
2,71,25.30180034504106
2,72,25.498868117971448
2,73,25.43827049709659
2,74,25.246262349044923
2,75,28.223232185622212
2,76,28.508622166546143
2,77,29.805501479256016
2,78,26.842511884337586
2,79,24.441228579538546
2,80,26.68245165659551
2,81,26.919250154116646
2,82,23.295074879779346
2,83,22.548116016157845
2,84,25.124538380989
2,85,24.185517082869364
2,86,20.429136234436264
2,87,21.539668927582404
2,88,23.69769494636487
2,89,20.935100618993275
2,90,18.611402305145603
2,91,21.714724752165708
2,92,22.322799715801025
2,93,18.810678364011377
2,94,19.19188349994478
2,95,22.66334071551015
2,96,21.6011050708491
2,97,18.69911951642259
2,98,21.141154020233888
2,99,23.799442223280856
2,100,21.73995052377781
2,101,21.019892536445532
2,102,24.24730974600298
3,1,6.753282874902176
3,2,3.7839478964822972
3,4,3.809622715157916
3,5,6.8530288373492425
3,6,10.3878557795854
3,7,13.306087348230648
3,8,16.68129330958054
3,9,19.302512970087665
3,10,21.628533246009827
3,11,25.325772503038728
3,12,26.065516311168487
3,13,28.142069955459935
3,14,31.43028783275111
3,15,30.84832608213311
3,16,33.824264072228765
3,17,33.53200412414119
3,18,36.9546814037886
3,19,39.09894838866195
3,20,40.66792668573134
3,21,39.1714946773072
3,22,35.508572208194025
3,23,35.873294853027474
3,24,37.20888749973136
3,25,34.696752312510675
3,26,31.842783890892157
3,27,33.47121603983137
3,28,33.816997713325385
3,29,30.47091630697503
3,30,27.993915108581152
3,31,27.05576887700215
3,32,25.447859990434885
3,33,22.678916627716625
3,34,19.55666997502685
3,35,20.264868653326918
3,36,16.695450635326637
3,37,13.737435521356664
3,38,10.029267420216323
3,39,8.500568946010151
3,40,6.187929890376942
3,41,7.9030205306781545
3,42,11.455980066095771
3,43,12.181427994950301
3,44,10.436463951690891
3,45,13.214903082098076
3,46,16.946407143317543
3,47,18.20367613236575
3,48,18.320790094105188
3,49,19.245575288826238
3,50,16.31053897320882
3,51,13.766489572960012
3,52,15.957498704166193
3,53,16.389713301496183
3,54,12.76781268062477
3,55,12.295262370537364
3,56,15.48032323051888
3,57,14.74756603698745
3,58,11.454801379543023
3,59,13.331694633424437
3,60,16.474254676340724
3,61,15.21801339215844
3,62,13.800542990901507
3,63,16.955549825472982
3,64,19.033034000803937
3,65,18.165384696759812
3,66,18.915832871344183
3,67,22.00665416563978
3,68,23.116319548924444
3,69,22.815766362504426
3,70,25.33148585284726
3,71,27.592379713472386
3,72,27.346849406496734
3,73,27.029576271400327
3,74,26.347313269725774
3,75,29.130648760908432
3,76,29.045740948312044
3,77,30.055437095027397
3,78,27.218254993798624
3,79,24.670096842269217
3,80,26.438325133915015
3,81,26.558965889763307
3,82,23.039181214398216
3,83,21.91402580528627
3,84,24.08497936624986
3,85,23.140613521432822
3,86,19.369705589145134
3,87,19.98077003765545
3,88,21.904414286192797
3,89,19.17836784638575
3,90,16.527647249306927
3,91,19.250793595161785
3,92,19.83347288628548
3,93,16.219109776505906
3,94,16.168780049160386
3,95,19.553370796772004
3,96,18.53877786923506
3,97,15.383538536546759
3,98,17.61629630911533
3,99,20.320742309367763
3,100,18.259996607424537
3,101,17.34933675754596
3,102,20.523958079359154
4,1,7.273308793107722
4,2,5.525433298919495
4,3,3.809622715157916
4,5,3.7842254281592695
4,6,6.894978731908559
4,7,9.890630345677028
4,8,13.33995595663781
4,9,15.697944991967189
4,10,17.991759248555216
4,11,21.640261766068303
4,12,22.291530373538293
4,13,24.444871393367862
4,14,27.7259198103412
4,15,27.236994623230114
4,16,30.29314136951293
4,17,30.132200762228944
4,18,33.63151005765637
4,19,35.73229030555428
4,20,37.179245841817924
4,21,35.72996874682763
4,22,32.0711240302973
4,23,32.29378496461494
4,24,33.57783470130711
4,25,31.14775208368251
4,26,28.222189081104837
4,27,29.740841572494507
4,28,30.13409600867244
4,29,26.85583231779528
4,30,24.28282529688396
4,31,23.33991676240284
4,32,21.880365851122775
4,33,19.043362175504978
4,34,15.819813598543654
4,35,16.457200745864878
4,36,12.904012961400655
4,37,9.977040628130165
4,38,6.274270937111536
4,39,5.433269695731015
4,40,4.823550927561741
4,41,7.35326427863944
4,42,10.657632108197713
4,43,12.54721391341702
4,44,11.181303700614444
4,45,13.186749536340212
4,46,16.987274972581613
4,47,17.45208683117739
4,48,16.787445707713694
4,49,17.639684748082068
4,50,15.200978976787082
4,51,12.194649153675254
4,52,13.650961436732453
4,53,14.385646641201934
4,54,10.940620816392727
4,55,9.53427501729945
4,56,12.57798432775449
4,57,12.339276141386561
4,58,8.859454776955324
4,59,9.991017441458837
4,60,13.405595630040757
4,61,12.723234168368021
4,62,11.040662205105757
4,63,13.787753896397708
4,64,16.265416641126446
4,65,15.845295212373038
4,66,16.256655795809387
4,67,19.142376483992244
4,68,20.692247695560493
4,69,20.57848240425194
4,70,22.731640291124545
4,71,25.100168654486072
4,72,24.545454501390093
4,73,24.254718866850794
4,74,23.411837643040744
4,75,26.249044041200932
4,76,26.261022107175165
4,77,26.970728477366976
4,78,24.005106393569985
4,79,21.669485478537048
4,80,23.414481011809094
4,81,23.217532393186517
4,82,19.642423917685054
4,83,18.78015211412215
4,84,20.837005450222435
4,85,19.618100425147425
4,86,15.883695890071245
4,87,16.83620153156789
4,88,18.610117123214263
4,89,15.712592379589822
4,90,13.383114042180317
4,91,16.425651905425372
4,92,16.825951836962727
4,93,13.28994140159835
4,94,13.873621799277108
4,95,17.30481627812818
4,96,16.249926004786705
4,97,13.57957861253911
4,98,16.257852702703634
4,99,18.87073811986053
4,100,17.15059667813123
4,101,17.018079076483147
4,102,20.067750851920707
5,1,10.66173487279005
5,2,8.704372569178203
5,3,6.8530288373492425
5,4,3.7842254281592695
5,6,3.810033091917072
5,7,6.53264180874595
5,8,9.828808205596863
5,9,12.579518538184484
5,10,14.995201792959378
5,11,18.743316619501226
5,12,19.87813733225687
5,13,22.149780552995047
5,14,25.63546325758102
5,15,25.593822429352567
5,16,28.890642773468002
5,17,29.191854613244317
5,18,32.736058305419114
5,19,34.9345432721274
5,20,36.224327280921706
5,21,35.02137772399996
5,22,31.3648333196239
5,23,31.150086978730954
5,24,32.40700485169377
5,25,30.28490479848084
5,26,27.1357285035167
5,27,28.235154569538857
5,28,28.829070492475914
5,29,25.82265260811464
5,30,22.94480683924563
5,31,21.8100634181548
5,32,20.934746128071012
5,33,18.08013447713156
5,34,14.48610177294178
5,35,14.302050123137459
5,36,10.558226168142358
5,37,8.27400222789387
5,38,5.4131786389433385
5,39,5.374896259667662
5,40,6.012099825680848
5,41,7.155725964135031
5,42,10.196144492030681
5,43,12.66110702617179
5,44,12.383137513481778
5,45,14.183789684011778
5,46,17.877410752258335
5,47,17.695221611289604
5,48,16.53083147174264
5,49,17.92315764347553
5,50,16.147767279928413
5,51,12.62839627837996
5,52,13.663761483525153
5,53,15.27163233005128
5,54,12.392403413806388
5,55,9.947052640340667
5,56,12.977181198997473
5,57,13.747146415587498
5,58,10.482644640497627
5,59,10.314532740343294
5,60,14.044603878634666
5,61,14.248027869235052
5,62,12.14537209665946
5,63,14.027733530048279
5,64,17.119018814809845
5,65,17.07696570210194
5,66,16.73090688907428
5,67,19.445759400236756
5,68,21.593059914995155
5,69,21.36315660068358
5,70,22.969102840211644
5,71,25.66426433005308
5,72,24.902056905856348
5,73,24.866094411471806
5,74,23.91104387471666
5,75,26.813649354482017
5,76,26.94887643466584
5,77,27.14050055534704
5,78,24.023510310005975
5,79,22.08292248942239
5,80,23.60563668121146
5,81,22.811001565366055
5,82,19.26089872256628
5,83,18.751293147386082
5,84,20.266757141058264
5,85,18.455202583326106
5,86,14.953204750782332
5,87,16.13026750693691
5,88,17.164262651915536
5,89,13.841194326167585
5,90,12.06107524799087
5,91,14.990589853860316
5,92,14.589914871261492
5,93,10.942553286932078
5,94,12.234847688192984
5,95,15.245997621524886
5,96,13.579015548242664
5,97,11.328390817762221
5,98,14.560328110009864
5,99,16.621957713850495
5,100,14.782334587446904
5,101,15.321338547454008
5,102,18.456000855594407
6,1,12.735931183886164
6,2,11.496853782145427
6,3,10.3878557795854
6,4,6.894978731908559
6,5,3.810033091917072
6,7,3.781509933416445
6,8,6.644762741432114
6,9,8.963694406740192
6,10,11.679704035308545
6,11,15.344811300896069
6,12,16.521555852728245
6,13,19.10137700647257
6,14,22.590502186067926
6,15,22.853573462333873
6,16,26.294069909269563
6,17,26.845929680879756
6,18,30.486630636322754
6,19,32.53452175612682
6,20,33.5458828379396
6,21,32.36815144948136
6,22,28.796372471246226
6,23,28.345805430073497
6,24,29.391335348212593
6,25,27.394686786777893
6,26,24.21036130522385
6,27,25.007221137510303
6,28,25.55154158719188
6,29,22.703407594808866
6,30,19.75424150684152
6,31,18.37915410458958
6,32,17.829784084280604
6,33,15.128557414438342
6,34,11.377043023845498
6,35,10.814210244480295
6,36,7.155398234230354
6,37,5.88110949813445
6,38,4.543488530269474
6,39,6.6402980315414775
6,40,8.912968362885422
6,41,10.133582060647853
6,42,12.428406584420895
6,43,15.457911195130535
6,44,15.43945796642872
6,45,16.63517919713136
6,46,20.1427429961588
6,47,19.317490410663716
6,48,17.446357707170655
6,49,18.690186171736713
6,50,17.55085399890205
6,51,13.928862921484555
6,52,13.959957891502382
6,53,15.774698113357548
6,54,13.418915003115574
6,55,10.213268996778517
6,56,12.438710467355552
6,57,13.740688558945818
6,58,10.714791322672895
6,59,9.171598022948714
6,60,12.758585092961592
6,61,13.647070696553392
6,62,11.169552929182966
6,63,12.068677400042437
6,64,15.571622343596422
6,65,15.896647859061353
6,66,14.887924419145778
6,67,17.28873782132019
6,68,19.924996579469028
6,69,19.699404484968923
6,70,20.753073590982876
6,71,23.62328757742418
6,72,22.654156559552128
6,73,22.85984319596373
6,74,21.914356592067694
6,75,24.911076753266634
6,76,25.328453211840046
6,77,25.134267462450115
6,78,21.831968490885394
6,79,20.385953496025383
6,80,21.94361865719408
6,81,20.63940905381718
6,82,17.085850252405535
6,83,17.207387129021924
6,84,18.487941943250398
6,85,16.151415623526372
6,86,12.955975955989185
6,87,14.814304080388773
6,88,15.396587152769325
6,89,11.780604416005335
6,90,11.016180607407398
6,91,14.18845013991321
6,92,13.250608147931942
6,93,10.016504304840902
6,94,12.404837064062498
6,95,15.052656992701758
6,96,13.199204905710577
6,97,11.978412001086896
6,98,15.534474981910206
6,99,17.157226152850082
6,100,15.705679577279158
6,101,17.079540558061215
6,102,19.9668478584762
7,1,16.21388034043768
7,2,14.96329103349189
7,3,13.306087348230648
7,4,9.890630345677028
7,5,6.53264180874595
7,6,3.781509933416445
7,8,3.778372754771702
7,9,6.503781559057452
7,10,8.584963658647423
7,11,12.380856030969888
7,12,13.975296204904208
7,13,16.28646125317031
7,14,19.944503621173617
7,15,20.486967499036563
7,16,24.038793106277407
7,17,24.99822139489845
7,18,28.53651747245862
7,19,30.80703287707897
7,20,31.85337014907875
7,21,31.06499676531812
7,22,27.48044863281477
7,23,26.619569064713858
7,24,27.88479015287036
7,25,26.307725329742684
7,26,22.87124456511642
7,27,23.386205924077746
7,28,24.41093951323935
7,29,21.927748750688895
7,30,18.605885332851738
7,31,17.519848320472608
7,32,17.668023212231656
7,33,14.750464660664473
7,34,10.956404688352325
7,35,9.2921718937522
7,36,5.657856743402479
7,37,5.35642809119158
7,38,6.217244016965204
7,39,7.735281189320191
7,40,10.343712153762988
7,41,10.753828374126368
7,42,12.025330460419044
7,43,15.423194564031485
7,44,16.081337465451558
7,45,16.726257693536102
7,46,19.863542436403907
7,47,18.391859935302286
7,48,16.06557888507975
7,49,17.661502454429616
7,50,17.25999849902928
7,51,13.531188447540648
7,52,13.09375026428022
7,53,15.620837051862432
7,54,14.063994350026555
7,55,10.46421544732959
7,56,12.469658353663668
7,57,14.717222564426594
7,58,12.437775201974679
7,59,10.349539869600672
7,60,13.775315837632037
7,61,15.547178674549778
7,62,13.530720386936506
7,63,13.647064537690218
7,64,17.26044164782431
7,65,18.25923743217045
7,66,17.083225682011776
7,67,18.899787952145196
7,68,21.90400456828761
7,69,22.0075426245514
7,70,22.567439862242175
7,71,25.381829140995677
7,72,23.959490602416405
7,73,24.012696769531075
7,74,22.64393418278288
7,75,25.363307628218177
7,76,25.55772244614717
7,77,24.84336001820307
7,78,21.699626644447722
7,79,20.473169481396933
7,80,21.464872607239382
7,81,19.725845860825956
7,82,16.49532688578482
7,83,16.605914779206497
7,84,17.112172709035317
7,85,14.423634779285036
7,86,11.696696194915885
7,87,13.304965040191307
7,88,13.02871149671681
7,89,9.25543894747566
7,90,9.124252368651087
7,91,11.779543581995767
7,92,10.104806764097056
7,93,7.149623462964478
7,94,10.216363890366333
7,95,12.230022816317588
7,96,10.162746363378918
7,97,9.847158607664639
7,98,13.490553808848171
7,99,14.631827624613905
7,100,13.648274390359447
7,101,15.733831562486447
7,102,18.21184817431085
8,1,19.336673158675396
8,2,18.07654425728383
8,3,16.68129330958054
8,4,13.33995595663781
8,5,9.828808205596863
8,6,6.644762741432114
8,7,3.778372754771702
8,9,3.8048497853288774
8,10,6.403520734581776
8,11,9.992640110386379
8,12,12.331151828433166
8,13,14.970048413537878
8,14,18.675525984075154
8,15,19.90031905071815
8,16,23.61722163382225
8,17,25.072082103138378
8,18,28.595186707764004
8,19,30.74479992402588
8,20,31.43658743408528
8,21,30.82335941424581
8,22,27.417227273507667
8,23,26.11187701589101
8,24,27.114561175135155
8,25,25.882751360279496
8,26,22.417495522100957
8,27,22.311698075938054
8,28,23.362665443379562
8,29,21.314581102451275
8,30,17.917250416003174
8,31,16.44586101265947
8,32,17.326520390195213
8,33,14.873120791316989
8,34,11.20593596460883
8,35,8.51866361908031
8,36,5.957211811840999
8,37,7.771709313754692
8,38,9.552109253872166
8,39,11.481411980015528
8,40,14.090176307517421
8,41,14.18173229369964
8,42,15.23300947886948
8,43,18.576383328088365
8,44,19.60522686055043
8,45,20.183026854797756
8,46,23.138915509084722
8,47,21.363909566811163
8,48,18.782709109512336
8,49,20.486379250113895
8,50,20.530458533360434
8,51,16.849703526133062
8,52,16.019303570045484
8,53,18.698699805299114
8,54,17.502281263608648
8,55,13.778373867518866
8,56,15.22995869074121
8,57,17.699731862357677
8,58,15.611114280880155
8,59,12.966611118694189
8,60,15.961934218067672
8,61,18.035656522575486
8,62,15.761246922397486
8,63,15.133825389612516
8,64,18.866600879978098
8,65,19.945976135856625
8,66,18.135634449094365
8,67,19.664541920455747
8,68,22.99853736070067
8,69,22.885500072550442
8,70,22.87112574894385
8,71,25.894665484110757
8,72,24.435912166754207
8,73,24.870346057441232
8,74,23.63403917671477
8,75,26.384196018657068
8,76,26.871597641103726
8,77,25.729905882324143
8,78,22.498906263804475
8,79,21.877638089079774
8,80,22.792106914526716
8,81,20.49984400108425
8,82,17.50667190790287
8,83,18.244085097716038
8,84,18.284174958256013
8,85,15.062713982138733
8,86,13.103334101082106
8,87,15.081783238584293
8,88,13.99885229050595
8,89,10.243611785699725
8,90,11.350303924231618
8,91,13.53316838794893
8,92,11.0101452102974
8,93,8.987024345995582
8,94,12.529477980734256
8,95,13.6277688161132
8,96,11.105739481526806
8,97,11.840584879129946
8,98,15.472636992874616
8,99,15.777342236120354
8,100,14.882134154618736
8,101,17.54366080564441
8,102,19.855972908447395
9,1,20.955555380286132
9,2,20.296119323314404
9,3,19.302512970087665
9,4,15.697944991967189
9,5,12.579518538184484
9,6,8.963694406740192
9,7,6.503781559057452
9,8,3.8048497853288774
9,10,3.7802113172667378
9,11,6.892222884989969
9,12,8.976489349631784
9,13,12.060850514410314
9,14,15.598490429213344
9,15,17.057940231721414
9,16,20.805274945518708
9,17,22.397790420107434
9,18,25.963721889481615
9,19,27.859075224173026
9,20,28.26120574172505
9,21,27.622786213617815
9,22,24.3620666245729
9,23,22.90230392251537
9,24,23.66256321275171
9,25,22.541714451121006
9,26,19.129918657470448
9,27,18.750036430319057
9,28,19.74249697971062
9,29,17.902887528480566
9,30,14.51025044023649
9,31,12.920738765448887
9,32,14.248527670769992
9,33,12.102825571620043
9,34,8.801279600924966
9,35,5.487573965932916
9,36,4.66065201836231
9,37,8.015261676613077
9,38,10.815851798303862
9,39,13.381919123180092
9,40,16.543772738930567
9,41,17.175854823668686
9,42,17.974502582659166
9,43,21.540069465630836
9,44,22.292907780138343
9,45,22.43758151144917
9,46,25.243366674685692
9,47,23.16278007054484
9,48,20.17473473407906
9,49,21.389333842160678
9,50,21.81452314381304
9,51,18.375090400260376
9,52,16.788211175088176
9,53,19.200281927398265
9,54,18.435560534677986
9,55,14.635730464367168
9,56,15.137639361174738
9,57,17.721927306683
9,58,16.09797059727818
9,59,12.827714234792788
9,60,15.100547309747691
9,61,17.615334193868353
9,62,15.48005337975579
9,63,13.950077047317848
9,64,17.573717257223638
9,65,19.06348945351311
9,66,16.95300412873281
9,67,17.841343599299524
9,68,21.424693108636514
9,69,21.53039060843432
9,70,20.966858683114264
9,71,23.876121921517065
9,72,22.13171101414741
9,73,22.646370560495885
9,74,21.37154531664578
9,75,24.02648059572373
9,76,24.728082971854228
9,77,23.247563960823065
9,78,19.994504352823252
9,79,19.917287676249494
9,80,20.804107007068414
9,81,18.108928858662708
9,82,15.349767517262157
9,83,16.735001258048552
9,84,16.555474219520683
9,85,13.004001632185995
9,86,11.751325963045332
9,87,14.306422876212816
9,88,12.949116063765299
9,89,9.491202521754703
9,90,11.70025883101426
9,91,13.92302789496489
9,92,11.481654429976162
9,93,10.51093095915817
9,94,14.305407283344412
9,95,15.234465172815923
9,96,13.291788673659925
9,97,14.614807978425945
9,98,17.98528471664312
9,99,18.30263541729462
9,100,17.973062262779145
9,101,20.82208233575093
9,102,22.8069828043669
10,1,23.466463852071634
10,2,22.952321207493423
10,3,21.628533246009827
10,4,17.991759248555216
10,5,14.995201792959378
10,6,11.679704035308545
10,7,8.584963658647423
10,8,6.403520734581776
10,9,3.7802113172667378
10,11,3.8089954804069492
10,12,6.208856950643033
10,13,8.693138958461036
10,14,12.387006010110099
10,15,14.021694402347665
10,16,17.78989376879235
10,17,19.72538712808154
10,18,23.113169868500922
10,19,25.22772277240118
10,20,25.751341077166067
10,21,25.52929326155987
10,22,22.274786690595416
10,23,20.475550371707318
10,24,21.591155074248228
10,25,20.92028113472668
10,26,17.309074380077398
10,27,16.7958427113151
10,28,18.441882549662363
10,29,17.01766563472071
10,30,13.342664262404845
10,31,12.584882865541994
10,32,14.462186224676325
10,33,12.090381005579594
10,34,9.422944666824394
10,35,5.70973355673545
10,36,6.130249809133583
10,37,9.184023785777997
10,38,12.6090250393697
10,39,14.679418301833145
10,40,17.949660101616157
10,41,18.41189169757822
10,42,18.442119000414912
10,43,22.128424343466023
10,44,23.061248454285046
10,45,22.626606972812848
10,46,24.99286078442364
10,47,22.43628626011543
10,48,19.117934388944963
10,49,20.27247960847487
10,50,21.349522575084777
10,51,18.174989623285065
10,52,16.09558281886064
10,53,18.734402922851576
10,54,18.725104376009693
10,55,14.996917925541064
10,56,15.04986104419881
10,57,18.15758100726067
10,58,17.274759799015396
10,59,13.963312434496212
10,60,15.8418968221673
10,61,18.90590551485789
10,62,17.41977923684115
10,63,15.578353648928147
10,64,18.935472483806656
10,65,21.01391600300412
10,66,19.184902256016596
10,67,19.4915345068127
10,68,23.118043279104945
10,69,23.73578887070669
10,70,22.947595191834793
10,71,25.510144630724984
10,72,23.28936155133458
10,73,23.393414709023457
10,74,21.612151653453893
10,75,23.789335294534165
10,76,24.119232903052648
10,77,22.19593018169013
10,78,19.322702267210385
10,79,19.37792678767054
10,80,19.59306326604206
10,81,16.618892440883993
10,82,14.454275961375464
10,83,15.693369450916586
10,84,14.693839133473903
10,85,11.02522951180355
10,86,10.678241430750372
10,87,12.774657954031557
10,88,10.578385096398955
10,89,7.698681713076131
10,90,10.746861379746623
10,91,12.159503451830812
10,92,9.455629906049692
10,93,9.773579450022002
10,94,13.513519288136935
10,95,13.780391704663773
10,96,12.395204190475184
10,97,14.521751077209508
10,98,17.395543729027814
10,99,17.49473890134496
10,100,17.932962500860967
10,101,21.07509868818536
10,102,22.46587766240381
11,1,26.79732333324107
11,2,26.513829383897406
11,3,25.325772503038728
11,4,21.640261766068303
11,5,18.743316619501226
11,6,15.344811300896069
11,7,12.380856030969888
11,8,9.992640110386379
11,9,6.892222884989969
11,10,3.8089954804069492
11,12,3.8155479938085097
11,13,6.224375474859251
11,14,9.577845240100562
11,15,11.994091226586743
11,16,15.703907417447141
11,17,18.14194851295143
11,18,21.341057861231818
11,19,23.256101749425
11,20,23.422926196702043
11,21,23.490198805927996
11,22,20.531746509636953
11,23,18.24420141573006
11,24,19.174461929479374
11,25,19.049869384525614
11,26,15.515356400646034
11,27,14.325830255314285
11,28,16.261217716482
11,29,15.564683349431231
11,30,11.975855822392267
11,31,11.461889393280288
11,32,14.168799887516505
11,33,12.41516972935868
11,34,10.777573281344386
11,35,7.217726077563736
11,36,9.190783445107087
11,37,12.403354912541069
11,38,16.019936541375756
11,39,18.18865906540825
11,40,21.563571910155115
11,41,22.09028408015145
11,42,21.88314797726653
11,43,25.587901077782995
11,44,26.537191866464166
11,45,25.82324802875081
11,46,27.939969453629264
11,47,25.121043889413
11,48,21.599456671175613
11,49,22.50789956473642
11,50,24.004502015633914
11,51,21.109289177782927
11,52,18.62693256740251
11,53,21.109071969441768
11,54,21.54873355495867
11,55,17.947563754476015
11,56,17.395114199604333
11,57,20.552357927114528
11,58,20.107247595924367
11,59,16.612166049074162
11,60,17.840721128490113
11,61,21.147896651967027
11,62,19.876422754631083
11,63,17.4811981819249
11,64,20.52561450508574
11,65,22.88811897615379
11,66,20.885563276372157
11,67,20.581625383009133
11,68,24.292774440219123
11,69,25.07993226385064
11,70,23.76009124560675
11,71,26.121137948622906
11,72,23.643536596829914
11,73,23.791983445265167
11,74,21.93492084997717
11,75,23.78912894533966
11,76,24.213914342596887
11,77,21.79709871463273
11,78,19.17652759843931
11,79,19.872696868145933
11,80,19.765764356923697
11,81,16.360783699490277
11,82,14.908133319495068
11,83,16.620583736828095
11,84,15.062845788922663
11,85,11.330835864788487
11,86,12.200084915963878
11,87,14.287780796230182
11,88,11.617636253793636
11,89,9.778312005467535
11,90,13.355817092703335
11,91,14.249965804775004
11,92,11.641831031204756
11,93,12.884743826626504
11,94,16.425025535441545
11,95,16.20443952225616
11,96,15.175898650512407
11,97,17.75041507009523
11,98,20.29860282343097
11,99,20.113910481818902
11,100,20.936982851205148
11,101,24.260646351571427
11,102,25.318388371079074
12,1,26.776794251818814
12,2,27.01972424306994
12,3,26.065516311168487
12,4,22.291530373538293
12,5,19.87813733225687
12,6,16.521555852728245
12,7,13.975296204904208
12,8,12.331151828433166
12,9,8.976489349631784
12,10,6.208856950643033
12,11,3.8155479938085097
12,13,3.812116129088023
12,14,6.759187335923518
12,15,8.741508972866777
12,16,12.442570236424578
12,17,14.653865290049483
12,18,17.98561022540553
12,19,19.697860841377114
12,20,19.838694311954278
12,21,19.742578381902657
12,22,16.7439952555677
12,23,14.580028767630695
12,24,15.55231963534955
12,25,15.30522293624097
12,26,11.722299577040388
12,27,10.781165791572343
12,28,12.886814009236556
12,29,12.139343445712775
12,30,8.487850835397492
12,31,8.79446211088328
12,32,11.50881011925733
12,33,9.805817289505205
12,34,9.211650591869255
12,35,6.582309280068059
12,36,9.558661964757752
12,37,12.455436970788135
12,38,16.228314375139036
12,39,18.536200602007458
12,40,22.149570224009057
12,41,23.208107002195472
12,42,22.90314570829397
12,43,26.701987449563685
12,44,27.20176999435757
12,45,26.138738691219025
12,46,28.13350935724813
12,47,25.263645315345908
12,48,21.597182614316207
12,49,21.858844913226623
12,50,23.48582902880434
12,51,20.976422903625142
12,52,18.013759364328035
12,53,19.974321652463306
12,54,20.757798014616704
12,55,17.412474386307537
12,56,16.065733391220665
12,57,19.09130472907532
12,58,19.202296272230015
12,59,15.6284969816598
12,60,16.07815021886033
12,61,19.600475614159112
12,62,18.826469519935593
12,63,16.032769895729917
12,64,18.606904867000015
12,65,21.376687871223794
12,66,19.63164192415048
12,67,18.72582484354796
12,68,22.33321753504388
12,69,23.591215206096532
12,70,22.121001123935756
12,71,24.047814420725246
12,72,21.219988292226486
12,73,21.039072903669886
12,74,18.927008195977947
12,75,20.463090551394135
12,76,20.829754516034225
12,77,18.209576055910496
12,78,15.768860946104233
12,79,16.764375905864462
12,80,16.497600616536303
12,81,12.91979346683643
12,82,11.901553842019123
12,83,13.971014817730174
12,84,12.294759890882569
12,85,8.650939917086376
12,86,10.35942759505818
12,87,12.670024960798985
12,88,10.307541535198629
12,89,9.345857870580272
12,90,13.108256377911317
12,91,14.145755951822952
12,92,12.420027429383707
12,93,14.006138115780924
12,94,17.294976727103204
12,95,17.451435256402725
12,96,17.13698765025329
12,97,19.491899740076185
12,98,21.813589325259
12,99,22.13232922404706
12,100,23.237395596454917
12,101,26.352156277021574
12,102,27.289801892332044
13,1,29.115896248353458
13,2,29.3931178492096
13,3,28.142069955459935
13,4,24.444871393367862
13,5,22.149780552995047
13,6,19.10137700647257
13,7,16.28646125317031
13,8,14.970048413537878
13,9,12.060850514410314
13,10,8.693138958461036
13,11,6.224375474859251
13,12,3.812116129088023
13,14,3.801664512373121
13,15,5.9340603360542605
13,16,9.576557414797294
13,17,12.287010506754239
13,18,15.254229634211795
13,19,17.36422683353024
13,20,17.836683951631567
13,21,18.366832983057485
13,22,15.404699975948493
13,23,12.878714123378534
13,24,14.571941702228981
13,25,14.95716090106771
13,26,11.327492622073816
13,27,10.521229360295235
13,28,13.512945333084163
13,29,13.286997395589664
13,30,9.842088648514968
13,31,11.35871596657417
13,32,13.92633232095862
13,33,12.056980222270584
13,34,11.967339019846195
13,35,9.785434585596864
13,36,12.305051500614393
13,37,14.562447661285134
13,38,18.353332314511874
13,39,20.124687746948364
13,40,23.619621045729616
13,41,24.504714648842224
13,42,23.61990814204563
13,43,27.359989367813462
13,44,27.964148535284508
13,45,26.435936460335824
13,46,27.956683927822663
13,47,24.770164655885548
13,48,20.984684997650625
13,49,21.105655801952164
13,50,23.284447665668324
13,51,21.18424515858636
13,52,17.974612912853793
13,53,19.98451643127237
13,54,21.428352528664742
13,55,18.388677106425632
13,56,16.809503710541872
13,57,20.091731437351022
13,58,20.80667552725767
13,59,17.515711144514604
13,60,17.740270053307317
13,61,21.46803009327285
13,62,21.256073447119803
13,63,18.5768101212714
13,64,20.83651431091116
13,65,23.92225851915778
13,66,22.57595270828064
13,67,21.42791962058269
13,68,24.85879943227204
13,69,26.503788309215974
13,70,25.08667314749374
13,71,26.661762884728127
13,72,23.54941983127768
13,73,22.88509305562759
13,74,20.316963460801723
13,75,21.230664492428748
13,76,21.03221266115278
13,77,18.085887495372496
13,78,16.343035424170193
13,79,17.248897649779195
13,80,16.126617744484612
13,81,12.573083229961258
13,82,12.50412795623244
13,83,13.997148653573714
13,84,11.408139694787158
13,85,8.33158951536603
13,86,10.994310669206843
13,87,12.306151343608215
13,88,9.360726300433548
13,89,9.750987380916527
13,90,13.481191175927796
13,91,13.567394561981018
13,92,12.132326142514959
13,93,14.62647427471191
13,94,17.403463478824747
13,95,17.046486548140262
13,96,17.392071495221774
13,97,20.083556533355942
13,98,21.82014875546038
13,99,22.046877203544895
13,100,23.738172538689895
13,101,26.88938623538355
13,102,27.301938126164462
14,1,31.97529200935466
14,2,32.53795925548589
14,3,31.43028783275111
14,4,27.7259198103412
14,5,25.63546325758102
14,6,22.590502186067926
14,7,19.944503621173617
14,8,18.675525984075154
14,9,15.598490429213344
14,10,12.387006010110099
14,11,9.577845240100562
14,12,6.759187335923518
14,13,3.801664512373121
14,15,3.807972414500003
14,16,6.7172327886852825
14,17,9.965389087261515
14,18,12.522586680887741
14,19,14.318454263624947
14,20,14.487495499895202
14,21,15.420435134040412
14,22,12.865541307606467
14,23,9.826758825079205
14,24,11.607754933593613
14,25,12.73744844245578
14,26,9.477393593067967
14,27,8.267244671594462
14,28,11.795328821454126
14,29,12.428924054175216
14,30,9.70226754091316
14,31,11.967437984423153
14,32,14.632527777401853
14,33,13.400566736663675
14,34,14.293465298199685
14,35,12.74135908415238
14,36,15.629281547627981
14,37,17.78034612960201
14,38,21.533410611593567
14,39,23.33704391293859
14,40,26.873445549083723
14,41,27.938323799767637
14,42,26.932390957645264
14,43,30.64919926762109
14,44,31.096885349737946
14,45,29.320430591908114
14,46,30.61220515369462
14,47,27.337258750015057
14,48,23.522668266077446
14,49,23.233702959391714
14,50,25.638213972558884
14,51,23.92651969953377
14,52,20.484226009830923
14,53,22.098199013230225
14,54,23.883572588941266
14,55,21.142045874870202
14,56,19.07401928112223
14,57,22.151198803204455
14,58,23.29533313165504
14,59,20.06001838434017
14,60,19.666246901010293
14,61,23.41398088039982
14,62,23.540645007791948
14,63,20.590987507650993
14,64,22.35305186457559
14,65,25.64747791481379
14,66,24.400201132915623
14,67,22.71949328397307
14,68,25.97652663672572
14,69,27.900650529463608
14,70,26.183462909833548
14,71,27.34299207886875
14,72,23.99801355011535
14,73,23.15508198870051
14,74,20.471101369987313
14,75,20.809958482034666
14,76,20.542132223958603
14,77,17.188114246853203
14,78,16.067467359964358
14,79,17.51908896950016
14,80,15.983347865637334
14,81,12.370105321414533
14,82,13.352262238731239
14,83,15.04855792736587
14,84,12.185504248117297
14,85,9.908856465656685
14,86,13.263227769153533
14,87,14.369125416823506
14,88,11.725596925451812
14,89,12.922547021580355
14,90,16.483635965795383
14,91,16.360109113938204
14,92,15.393672442509999
14,93,18.113903896247514
14,94,20.627758553577078
14,95,20.200068491385405
14,96,20.882516285693793
14,97,23.602885408941656
14,98,25.094583469543576
14,99,25.35634367914894
14,100,27.270276883221268
14,101,30.390840495216068
14,102,30.59685776586981
15,1,31.06104114344132
15,2,31.932189691201167
15,3,30.84832608213311
15,4,27.236994623230114
15,5,25.593822429352567
15,6,22.853573462333873
15,7,20.486967499036563
15,8,19.90031905071815
15,9,17.057940231721414
15,10,14.021694402347665
15,11,11.994091226586743
15,12,8.741508972866777
15,13,5.9340603360542605
15,14,3.807972414500003
15,16,3.773782120096489
15,17,6.431930451115617
15,18,9.35630443017576
15,19,11.510278878906544
15,20,12.420570627805573
15,21,13.201680792566597
15,22,10.20551763216257
15,23,7.7807775356098645
15,24,10.49195972745087
15,25,11.161250022221965
15,26,7.885750894438896
15,27,8.248417656436136
15,28,11.776784741074357
15,29,11.849344893945547
15,30,9.41548010953528
15,31,12.544694577578975
15,32,14.346374490477633
15,33,12.75649821321509
15,34,14.107161770437243
15,35,13.412097460381576
15,36,16.0403888696983
15,37,17.49045627665893
15,38,21.052074275308897
15,39,22.605022411022297
15,40,26.093946079711596
15,41,27.453635786075996
15,42,26.282386311913196
15,43,29.93849447910476
15,44,30.029096809989554
15,45,27.943459373172832
15,46,29.026640410487513
15,47,25.79475628115743
15,48,22.02079048520288
15,49,21.180118913981296
15,50,23.661511681343224
15,51,22.413763470830727
15,52,18.760797462871924
15,53,19.892811983412294
15,54,22.034585892618182
15,55,19.74077425790219
15,56,17.224855223900917
15,57,20.1320003653272
15,58,21.821828842240773
15,59,18.908705694055723
15,60,18.052528436445442
15,61,21.807275072390798
15,62,22.525881023017295
15,63,19.715414359057604
15,64,21.02010562602406
15,65,24.554317711971116
15,66,23.84391515368017
15,67,21.97439359101713
15,68,24.917394635711116
15,69,27.270579892320363
15,70,25.830672113527758
15,71,26.583412200723096
15,72,23.04542833700893
15,73,21.63250084845289
15,74,18.557910970316676
15,75,18.425230268970893
15,76,17.638304112485745
15,77,14.278328375458337
15,78,13.69049185092709
15,79,14.857374384455847
15,80,12.791574872418593
15,81,9.448200046020393
15,82,11.152742627738514
15,83,12.407597981133307
15,84,9.292664397421424
15,85,8.018102422724729
15,86,11.766646918550856
15,87,12.392509417248858
15,88,10.34984224288062
15,89,12.424830716065255
15,90,15.530327596597232
15,91,15.354115938705949
15,92,15.297389574893185
15,93,18.060008202422402
15,94,20.114427625431347
15,95,20.04721128825477
15,96,21.31088792181801
15,97,23.690642445800282
15,98,24.89619258090264
15,99,25.652063012331123
15,100,27.7413824290711
15,101,30.562410966905293
15,102,30.657749257723086
16,1,33.76795339086608
16,2,34.86759294016146
16,3,33.824264072228765
16,4,30.29314136951293
16,5,28.890642773468002
16,6,26.294069909269563
16,7,24.038793106277407
16,8,23.61722163382225
16,9,20.805274945518708
16,10,17.78989376879235
16,11,15.703907417447141
16,12,12.442570236424578
16,13,9.576557414797294
16,14,6.7172327886852825
16,15,3.773782120096489
16,17,3.8109524155586856
16,18,5.808579892664096
16,19,8.04188880430481
16,20,9.319456968459377
16,21,10.765448280930652
16,22,8.226063012669908
16,23,5.766961669103942
16,24,9.231674424394111
16,25,10.539566903345111
16,26,8.245878887578257
16,27,9.011068315886927
16,28,12.51229301683811
16,29,13.093127465463501
16,30,11.600496733787377
16,31,15.100141498950133
16,32,16.598298931278006
16,33,15.363569060625597
16,34,17.225019942375408
16,35,16.953473653268798
16,36,19.572130867514506
16,37,20.755739156320164
16,38,24.171283518403268
16,39,25.56057297304501
16,40,28.9642715238644
16,41,30.428566983985867
16,42,29.063792994581036
16,43,32.61671932634952
16,44,32.551361318550995
16,45,30.185139096024127
16,46,30.946056006625582
16,47,27.680430088549123
16,48,23.99547739104056
16,49,22.752660656599957
16,50,25.430754652731892
16,51,24.671230402542417
16,52,20.93033517099107
16,53,21.652897875244868
16,54,24.151773537308546
16,55,22.28655274997365
16,56,19.469661271377767
16,57,22.11734237509523
16,58,24.249583943773303
16,59,21.59993294538335
16,60,20.298044881849442
16,61,23.94266934341721
16,62,25.08132553532087
16,63,22.269028854565242
16,64,23.074842271084634
16,65,26.737928157342665
16,66,26.309942177482082
16,67,24.10388140916128
16,68,26.733520969626223
16,69,29.38605168943981
16,70,27.886234518174327
16,71,28.187176241810352
16,72,24.496947328645078
16,73,22.745754394286045
16,74,19.515502066868972
16,75,18.648366059639272
16,76,17.49098316319448
16,77,13.935975153585826
16,78,14.347618074517058
16,79,15.68400527454291
16,80,13.051936989679215
16,81,10.287705778137374
16,82,12.978111344734431
16,83,13.934440168131637
16,84,10.78495885799877
16,85,10.705678031161986
16,86,14.497040937770274
16,87,14.645721938534201
16,88,13.024831923691456
16,89,15.63175044704717
16,90,18.38532652262248
16,91,17.92502953610509
16,92,18.320322776946924
16,93,21.234182869235124
16,94,22.91842375001947
16,95,22.79323644202659
16,96,24.423120072263444
16,97,26.76342464632472
16,98,27.646355696277514
16,99,28.496346275687284
16,100,30.81921017773299
16,101,33.53027347506398
16,102,33.38051950753414
17,1,32.94497569054983
17,2,34.39631123702018
17,3,33.53200412414119
17,4,30.132200762228944
17,5,29.191854613244317
17,6,26.845929680879756
17,7,24.99822139489845
17,8,25.072082103138378
17,9,22.397790420107434
17,10,19.72538712808154
17,11,18.14194851295143
17,12,14.653865290049483
17,13,12.287010506754239
17,14,9.965389087261515
17,15,6.431930451115617
17,16,3.8109524155586856
17,18,3.8188153061097876
17,19,5.9767286402742394
17,20,8.244530929136813
17,21,8.949528243427542
17,22,5.979198525570046
17,23,5.479287237924328
17,24,9.175932506020734
17,25,9.550387496248259
17,26,7.929029428415222
17,27,10.107021454679453
17,28,12.923475687848624
17,29,12.900926585891197
17,30,12.028628736494719
17,31,15.809694235066347
17,32,16.45525375175425
17,33,15.19916490116114
17,34,17.47318753930848
17,35,17.99388853108172
17,36,20.41669478254719
17,37,21.074434518339796
17,38,24.16891778918104
17,39,25.451684033068574
17,40,28.77453702849067
17,41,30.592324505922676
17,42,29.274357177091495
17,43,32.73028289078822
17,44,32.24286835710568
17,45,29.730592317163666
17,46,30.407174337566026
17,47,27.357258371633986
17,48,23.839721977236913
17,49,22.029664901164374
17,50,24.530788123031137
17,51,24.20256592583479
17,52,20.4104415349799
