1,2,3.8085893997363973
1,3,5.613350659435082
1,4,5.674387105931276
1,5,6.746187395348716
1,6,8.922983205707867
1,7,10.389034667436663
1,8,11.17002525196007
1,9,12.976920095257842
1,10,14.665665211046216
1,11,15.883640897797129
1,12,17.128152900524846
1,13,19.405227159138864
1,14,21.239851027559382
1,15,21.82201872482808
1,16,23.301714841787202
1,17,24.997074524769012
1,18,26.785271656846774
1,19,27.89172327879943
1,20,29.218952208236814
1,21,30.78542210446229
1,22,32.27150704292086
1,23,33.390465655819824
1,24,36.9049984624119
1,25,37.95859470153254
1,26,40.126882881217504
1,27,43.89726192054697
1,28,44.442758479721
1,29,42.56352703881307
1,30,38.89614212431889
1,31,35.75324099485363
1,32,33.88464840993858
1,33,31.169525558722906
1,34,28.327979734428187
1,35,24.63972997771249
1,36,23.920747643628776
1,37,20.292723228254914
1,38,19.23375715789944
1,39,21.23700681311115
1,40,23.551936670032415
1,41,27.217008845089815
1,42,30.31731758043412
1,43,33.683633850268066
1,44,35.05662653554584
1,45,38.54497494552857
1,46,40.79034517716849
1,47,40.74263642699699
1,48,38.166328142212926
1,49,34.767555653579215
1,50,32.050265167584875
1,51,29.55854012043406
1,52,26.026923007391257
1,53,23.64735922897171
1,54,20.567291919162265
1,55,17.883022140268505
1,56,15.712710771896464
1,57,12.764136752283987
1,58,12.832388031361814
1,59,10.833069990605788
1,60,13.629168679127583
1,61,15.365249019639572
1,62,17.694732821865742
1,63,19.297073268000393
1,64,20.44631033279552
1,65,20.75852236077179
1,66,24.5293533540144
1,67,24.41291921763985
1,68,25.504235256835713
1,69,25.340082416708263
1,70,28.984735496326273
1,71,30.127014800552395
1,72,33.845218540698816
1,73,35.767457969867344
1,74,38.579470353205124
1,75,42.307297371144756
1,76,42.39851219062401
1,77,39.422179751486304
1,78,37.33107726249954
1,79,33.780607382959474
1,80,33.90523901642309
1,81,32.49129641017549
1,82,30.00842624773406
1,83,27.42071922057277
1,84,27.360266931971193
1,85,23.83955659731456
1,86,23.90872182530334
1,87,23.77211556863563
1,88,20.49968902915487
1,89,19.010836777651704
1,90,20.002772267439397
1,91,17.390048018077835
1,92,19.91223443208279
2,1,3.8085893997363973
2,3,3.798585524137279
2,4,5.3922735760151355
2,5,5.205008409078643
2,6,6.06123403435732
2,7,8.542051358982958
2,8,9.767682115621982
2,9,10.59673882744916
2,10,12.192286878031798
2,11,14.15176669301545
2,12,15.289433371122195
2,13,17.04036788072936
2,14,19.086840672296155
2,15,20.08003169142683
2,16,21.231802391640514
2,17,22.67556474273808
2,18,24.844358478359695
2,19,26.090261143608632
2,20,27.00021829588636
2,21,28.57896501292289
2,22,30.410627931048282
2,23,31.406546137460378
2,24,34.76872171536455
2,25,35.60355982548596
2,26,37.873772094494576
2,27,41.59814600512901
2,28,42.01772298966046
2,29,39.95169981691862
2,30,36.328581051668756
2,31,33.047048807387796
2,32,31.113780676165685
2,33,28.615781118194157
2,34,25.54988038041459
2,35,21.790727089570357
2,36,20.847087675298194
2,37,17.177896512787207
2,38,16.424798615327962
2,39,18.850966090889823
2,40,21.25008268798407
2,41,24.917422429143695
2,42,28.205527034521193
2,43,31.382810264924796
2,44,32.774782053953416
2,45,36.35266109337775
2,46,38.379236558365506
2,47,38.332198575358326
2,48,35.985535959575316
2,49,32.68769819361474
2,50,30.004596420241295
2,51,27.845992066453263
2,52,24.32367071395329
2,53,22.392741701247175
2,54,19.37912903329265
2,55,16.44886385509902
2,56,14.921203488450645
2,57,11.47084470073439
2,58,11.598423990189984
2,59,10.616183553347831
2,60,13.949316954467049
2,61,15.372404333905234
2,62,18.318138280427625
2,63,19.794157746124625
2,64,20.25838903739681
2,65,20.6029733776209
2,66,24.257712351586676
2,67,23.683403941249377
2,68,24.224834458998004
2,69,23.548139959160142
2,70,27.04383343667225
2,71,27.787165220942125
2,72,31.415375820466732
2,73,33.1917394243849
2,74,35.81037375373301
2,75,39.57130762889224
2,76,39.50500612068515
2,77,36.64558789948114
2,78,34.35623147975904
2,79,30.866466775336725
2,80,31.019931929618338
2,81,29.46598288158602
2,82,27.201796445617497
2,83,24.88648766756825
2,84,25.24866603720541
2,85,21.923640106186802
2,86,22.535661733348224
2,87,22.854680173758535
2,88,19.402280814728968
2,89,17.96501861567105
2,90,19.503122999024463
2,91,17.41900447300359
2,92,20.09694648984332
3,1,5.613350659435082
3,2,3.798585524137279
3,4,3.795180913902803
3,5,5.652534361145809
3,6,5.201438730410423
3,7,6.174081937286614
3,8,8.619272524899694
3,9,10.004734224497591
3,10,10.461337888972972
3,11,12.405407189497428
3,12,14.422925293168877
3,13,15.877238909038779
3,14,17.243657986188218
3,15,18.610331439701287
3,16,20.286352695810606
3,17,21.268903217087555
3,18,23.136389022069363
3,19,24.831088614207033
3,20,25.895692949795166
3,21,27.01363321593434
3,22,28.875312679889557
3,23,30.284972510490856
3,24,33.658042466175154
3,25,34.79703154713942
3,26,37.3416190523105
3,27,41.04379498272495
3,28,41.7601909062005
3,29,39.84920217333571
3,30,36.335666474669026
3,31,33.153519761122645
3,32,30.853072532165285
3,33,28.225022059439752
3,34,25.161420716899705
3,35,21.454083429640452
3,36,21.061387202216743
3,37,17.261608457797173
3,38,17.216980898783483
3,39,19.46875065372904
3,40,21.291572024101043
3,41,25.065372104065673
3,42,28.16894696827984
3,43,31.266557496819768
3,44,33.06452176663778
3,45,36.72834066140778
3,46,38.85007359589708
3,47,39.163435737068674
3,48,36.926396033293464
3,49,33.82336585235126
3,50,30.87336581833587
3,51,28.836544112797714
3,52,25.162719145905882
3,53,23.24620994269715
3,54,20.659625619018097
3,55,17.3232643236575
3,56,15.510888563895891
3,57,11.929749317201576
3,58,13.18236784041377
3,59,12.762255012042756
3,60,16.326971852451038
3,61,17.058987647817514
3,62,19.913141392370765
3,63,21.931138073900243
3,64,22.231535529623546
3,65,21.96805985221993
3,66,25.627204175149963
3,67,25.346777002764213
3,68,25.711988398902204
3,69,25.06799616340404
3,70,28.537158902998836
3,71,29.04743613125258
3,72,32.58963767034556
3,73,33.993279804580496
3,74,36.600102351485624
3,75,40.311353737336326
3,76,39.93128692524101
3,77,36.965339147572394
3,78,34.74296093340632
3,79,31.436894478746392
3,80,32.03004297357608
3,81,30.715478089513205
3,82,28.782105368024183
3,83,26.544892794688526
3,84,27.231684964485307
3,85,24.090739114322357
3,86,24.983638437262215
3,87,25.109977412635313
3,88,21.478101278303527
3,89,20.583284402383377
3,90,22.464270042935723
3,91,20.59877662424147
3,92,23.512496671681976
4,1,5.674387105931276
4,2,5.3922735760151355
4,3,3.795180913902803
4,5,3.8210555057580167
4,6,5.364807871662684
4,7,5.103990127330571
4,8,6.192485779174499
4,9,8.762027250945671
4,10,9.7493217409459
4,11,10.556330363735698
4,12,12.429907011182383
4,13,14.621046884670209
4,14,15.964807751301604
4,15,16.646171440058595
4,16,18.562730141306854
4,17,19.994916748695758
4,18,21.49200124750903
4,19,22.866253169880217
4,20,24.37677924467961
4,21,25.62906349776974
4,22,27.062924468773836
4,23,28.485358740030307
4,24,32.02961491920127
4,25,33.37686035389549
4,26,35.76517018613553
4,27,39.52185007270462
4,28,40.38729297840556
4,29,38.73092967281847
4,30,35.1694791994948
4,31,32.19621233332791
4,32,29.972948721355063
4,33,27.04121554114326
4,34,24.315036903164838
4,35,20.737700711797206
4,36,20.74814132920815
4,37,17.044858442424896
4,38,16.60733171548672
4,39,18.204204136776198
4,40,19.810467120707397
4,41,23.584952808643997
4,42,26.441310467100404
4,43,29.75355097216701
4,44,31.575592701442023
4,45,35.148172083666886
4,46,37.55520080037675
4,47,37.97367312010129
4,48,35.49527513739902
4,49,32.35445713806498
4,50,29.263861582372403
4,51,26.923783554769116
4,52,23.189464648206485
4,53,20.874811441722027
4,54,18.41171387890722
4,55,15.124434382861738
4,56,12.711444543285323
4,57,9.502220380558878
4,58,11.186283453467148
4,59,10.569299719590331
4,60,14.028327130618727
4,61,14.329686115552095
4,62,16.874393446876244
4,63,19.27587436513857
4,64,19.72763252385387
4,65,19.08821020110865
4,66,22.796743830891565
4,67,22.94870196129203
4,68,23.629595544881585
4,69,23.47759315696501
4,70,27.087684430143717
4,71,27.947986149635025
4,72,31.56593042536416
4,73,33.014621949598606
4,74,35.89617581016723
4,75,39.53871412170622
4,76,39.3078971128984
4,77,36.140832338409325
4,78,34.24825380267987
4,79,30.893476197620444
4,80,31.601409476466284
4,81,30.65915899469763
4,82,28.548907414605054
4,83,25.933886656165708
4,84,26.292028287705005
4,85,23.063222799031127
4,86,23.648497277450343
4,87,23.241939742457404
4,88,19.623886969058958
4,89,19.14807255110834
4,90,21.015993891303392
4,91,19.19588092215644
4,92,22.39060631193111
5,1,6.746187395348716
5,2,5.205008409078643
5,3,5.652534361145809
5,4,3.8210555057580167
5,6,3.7974951188649997
5,7,5.501324302532635
5,8,4.95441714672253
5,9,6.340202400106065
5,10,8.650310666610698
5,11,9.709219293053877
5,12,10.469249468729888
5,13,12.79898085464055
5,14,14.963964165842308
5,15,15.372327967915435
5,16,16.597260398442508
5,17,18.428458605594933
5,18,20.371628246550596
5,19,21.317922278386785
5,20,22.523451707496562
5,21,24.25046003097158
5,22,25.768535976333467
5,23,26.72465023460488
5,24,30.207612037518253
5,25,31.21467712575796
5,26,33.394145197631325
5,27,37.161878786899535
5,28,37.76061096321113
5,29,35.95326469012734
5,30,32.311850533962705
5,31,29.2482618994966
5,32,27.287288027356013
5,33,24.474575464899868
5,34,21.721196359241077
5,35,18.095651489215513
5,36,17.732855771315492
5,37,14.129842968310015
5,38,13.194191384200051
5,39,14.891440059145706
5,40,16.918500488910787
5,41,20.63663554256083
5,42,23.69065455527158
5,43,27.024930375132637
5,44,28.562971033699345
5,45,32.10873180583094
5,46,34.413659364158605
5,47,34.621184617115055
5,48,32.11861337007667
5,49,28.890200795988584
5,50,25.938676218484705
5,51,23.62018691943435
5,52,19.955912911420246
5,53,17.80538670316731
5,54,15.110437169347813
5,55,11.897817573618388
5,56,10.013334297530836
5,57,6.511842120036721
5,58,7.644357244548914
5,59,7.546413369455441
5,60,11.281448139456343
5,61,11.550390674090984
5,62,14.604827357480758
5,63,16.65755773391859
5,64,16.689450884734757
5,65,16.351991492992045
5,66,19.987740305018413
5,67,19.723703905316597
5,68,20.222501175606364
5,69,19.87615633136799
5,70,23.47586157811262
5,71,24.36777428951005
5,72,28.025455397273205
5,73,29.64944164008475
5,74,32.53820724345721
5,75,36.2122641780661
5,76,36.161552327932235
5,77,33.05495120474872
5,78,31.125584961891363
5,79,27.65326485689875
5,80,28.14180181864389
5,81,27.144408057530082
5,82,24.887085655524285
5,83,22.209159166315033
5,84,22.50385652012186
5,85,19.262757837184317
5,86,19.936555257433927
5,87,19.726555273461095
5,88,16.066422652561766
5,89,15.54897622199929
5,90,17.664224977497287
5,91,16.20455239697059
5,92,19.54071252289841
6,1,8.922983205707867
6,2,6.06123403435732
6,3,5.201438730410423
6,4,5.364807871662684
6,5,3.7974951188649997
6,7,3.802986822399178
6,8,5.204065420695849
6,9,5.035921059131205
6,10,6.171717405919924
6,11,8.573585603946587
6,12,9.867100011903368
6,13,11.121674269037635
6,14,13.113785577732495
6,15,14.397506715667415
6,16,15.5397237438161
6,17,16.691755114081126
6,18,18.948230595036712
6,19,20.38943858709043
6,20,21.156027736092643
6,21,22.589320914973502
6,22,24.57073595607633
6,23,25.648354795554948
6,24,28.948824358376246
6,25,29.87008237867829
6,26,32.336762697701126
6,27,36.03398659001578
6,28,36.639211646636326
6,29,34.67812710807999
6,30,31.1508173733613
6,31,27.956815025881582
6,32,25.70661563201351
6,33,23.10985943620329
6,34,20.03469830074701
6,35,16.312395608268545
6,36,15.942840843271055
6,37,12.154320477295474
6,38,12.16779591220704
6,39,14.386665036918515
6,40,16.17569951669766
6,41,19.932398834732812
6,42,23.11155329240642
6,43,26.148009816767118
6,44,27.916292475832
6,45,31.599887077048734
6,46,33.672127848075945
6,47,34.03495366064145
6,48,31.870313415352722
6,49,28.86238049221786
6,50,25.86995190840167
6,51,24.0293315040671
6,52,20.371052775887616
6,53,18.80335140728905
6,54,16.456944897227668
6,55,12.930428154613425
6,56,11.797401099681828
6,57,7.991212589471928
6,58,9.606058251178466
6,59,10.614660408885847
6,60,14.423367368454853
6,61,14.377023089146977
6,62,17.687379259407475
6,63,19.671469674536787
6,64,19.157498993651537
6,65,18.702505615188763
6,66,22.113580000305134
6,67,21.5192532230589
6,68,21.378377334555886
6,69,20.461207381243035
6,70,23.806500421290412
6,71,24.103139320708934
6,72,27.581903281614817
6,73,28.858170660723175
6,74,31.477454583827253
6,75,35.16812156620756
6,76,34.77265179354937
6,77,31.774363753428823
6,78,29.60555298179008
6,79,26.304470111994345
6,80,27.021453809897647
6,81,25.914014595526982
6,82,24.094887702870544
6,83,21.849299314304464
6,84,22.784400939645742
6,85,19.89645164357985
6,86,21.23128509063728
6,87,21.474316420267854
6,88,17.71715004788293
6,89,17.35156000471393
6,90,19.897686990965244
6,91,18.853010902163877
6,92,22.131271402615138
7,1,10.389034667436663
7,2,8.542051358982958
7,3,6.174081937286614
7,4,5.103990127330571
7,5,5.501324302532635
7,6,3.802986822399178
7,8,3.8025285478835897
7,9,5.469265124029027
7,10,4.895537289776562
7,11,6.300101226341154
7,12,8.86865447193407
7,13,10.20760572140293
7,14,11.208048669305063
7,15,12.533728477814293
7,16,14.520785879649416
7,17,15.385486418486684
7,18,17.014063350730474
7,19,18.80034754004879
7,20,20.040157194823394
7,21,21.01027519718379
7,22,22.755714779953113
7,23,24.319341393666473
7,24,27.733133789070504
7,25,29.112539739648696
7,26,31.763933608192108
7,27,35.45565829149665
7,28,36.4483456833317
7,29,34.80206966557724
7,30,31.381440908083935
7,31,28.439880284306675
7,32,25.887043671708124
7,33,22.99796146812174
7,34,20.179457803288834
7,35,16.679596745334912
7,36,17.165893357490702
7,37,13.478506930987734
7,38,13.968653487728348
7,39,15.494225053489492
7,40,16.474653130986326
7,41,20.257714328176487
7,42,23.036902646759703
7,43,26.090136401895045
7,44,28.264083413740938
7,45,31.940758935201668
7,46,34.25520478960179
7,47,35.007536522673135
7,48,32.8208730767083
7,49,29.995114445651527
7,50,26.719332378970428
7,51,24.828072265620797
7,52,21.05869154459882
7,53,19.277495314686973
7,54,17.455438418537778
7,55,13.733911524323553
7,56,11.97114655608432
7,57,8.565805788851321
7,58,11.31837861310744
7,59,12.369986754256864
7,60,16.06695399024529
7,61,15.38503023681564
7,62,18.290012734043735
7,63,20.855754785132206
7,64,20.406008654192572
7,65,19.263654625222795
7,66,22.65035444462279
7,67,22.59834834595893
7,68,22.53809140897931
7,69,21.981453355639456
7,70,25.325998023574094
7,71,25.63146587890168
7,72,29.024987078954478
7,73,29.979908157405504
7,74,32.71225563160284
7,75,36.28362692822813
7,76,35.685767259092536
7,77,32.50188027695864
7,78,30.60499782186811
7,79,27.494639854128355
7,80,28.66122925306412
7,81,27.97105874687195
7,82,26.36053129893658
7,83,24.021066495610082
7,84,24.99372526868441
7,85,22.23753315675066
7,86,23.53129945538896
7,87,23.3135597953285
7,88,19.52921809175222
7,89,19.734921477146624
7,90,22.349813289728896
7,91,21.342053021460195
7,92,24.804998092412024
8,1,11.17002525196007
8,2,9.767682115621982
8,3,8.619272524899694
8,4,6.192485779174499
8,5,4.95441714672253
8,6,5.204065420695849
8,7,3.8025285478835897
8,9,3.817578584421028
8,10,5.288412956158461
8,11,4.92502586541958
8,12,6.255073209984854
8,13,8.799625314086565
8,14,10.452314756863794
8,15,10.653864847303161
8,16,12.41578445772498
8,17,14.134619479327576
8,18,15.674049850897642
8,19,16.771260802880732
8,20,18.293855111850277
8,21,19.762661188577987
8,22,21.105554969793566
8,23,22.350641052128246
8,24,25.91206616848193
8,25,27.265489609687503
8,26,29.615447194304206
8,27,33.376756942631715
8,28,34.32748318905857
8,29,32.81773877270877
8,30,29.291540746479072
8,31,26.488804325931657
8,32,24.204615861423857
8,33,21.09482195693043
8,34,18.611446869050305
8,35,15.233608364564825
8,36,15.86460075932991
8,37,12.42347990626837
8,38,12.163801226703288
8,39,13.003431940673739
8,40,14.002460745212229
8,41,17.763151409398848
8,42,20.428304457549167
8,43,23.735521199816905
8,44,25.737651434258932
8,45,29.3112441531199
8,46,31.835631616747623
8,47,32.53320297652827
8,48,30.094831397525077
8,49,27.16797914721789
8,50,23.848994911134163
8,51,21.66269877520829
8,52,17.864366265312142
8,53,15.770307945919521
8,54,13.983362688267656
8,55,10.315745327357085
8,56,8.228070203240115
8,57,5.091390562588685
8,58,8.352554238583688
8,59,9.7458837166186
8,60,13.224004502765352
8,61,11.986543215220038
8,62,14.821506716470418
8,63,17.521260306278247
8,64,16.927850902627604
8,65,15.548847061386192
8,66,18.90827950215054
8,67,19.033104279978843
8,68,19.153006441083082
8,69,18.96565000990957
8,70,22.424469874143178
8,71,23.092550003024527
8,72,26.57664668589966
8,73,27.7022499816745
8,74,30.693223109404695
8,75,34.21906953966997
8,76,33.89427025153423
8,77,30.573413457980628
8,78,28.960040506103347
8,79,25.727737247099807
8,80,26.830410388400487
8,81,26.429033163010722
8,82,24.560186319738715
8,83,21.855263997243657
8,84,22.464826099738808
8,85,19.654243529373957
8,86,20.700271377317346
8,87,20.10478902780328
8,88,16.36244016786958
8,89,16.97946382758577
8,90,19.664787702729797
8,91,18.930414251259663
8,92,22.586686558673662
9,1,12.976920095257842
9,2,10.59673882744916
9,3,10.004734224497591
9,4,8.762027250945671
9,5,6.340202400106065
9,6,5.035921059131205
9,7,5.469265124029027
9,8,3.817578584421028
9,10,3.7914079557624945
9,11,5.1479635191892426
9,12,5.037103693275558
9,13,6.580212185814434
9,14,9.257893830591243
9,15,9.921554532314646
9,16,10.6524495893639
9,17,12.270363098076341
9,18,14.623685149190907
9,19,15.636631515890588
9,20,16.415878627200403
9,21,18.18654931609131
9,22,20.003261591905705
9,23,20.82792224592188
9,24,24.174012677099004
9,25,25.089598028800037
9,26,27.44771448647653
9,27,31.177227108389527
9,28,31.84914222424002
9,29,30.048690254912135
9,30,26.503902339745043
9,31,23.475545501984733
9,32,21.231631006926296
9,33,18.401403414543903
9,34,15.582809101546625
9,35,11.994634912383114
9,36,12.231910331215328
9,37,8.676395210548325
9,38,8.66707246698407
9,39,10.040421111455881
9,40,11.343863575431385
9,41,15.137514376184724
9,42,18.172162560125095
9,43,21.282817687706594
9,44,23.16167371592958
9,45,26.8332476513995
9,46,29.075311571046623
9,47,29.659712986970778
9,48,27.44202579608907
9,49,24.57322943315504
9,50,21.36672065817535
9,51,19.57806017822778
9,52,15.862694122173863
9,53,14.462703365773848
9,54,12.720009624346394
9,55,8.954800894760998
9,56,8.375730050859648
9,57,5.032754082654876
9,58,7.691724798890705
9,59,10.238238031138199
9,60,13.729957191025536
9,61,12.45677174136353
9,62,15.791695031039033
9,63,17.96290271699399
9,64,16.67592103859063
9,65,15.626500095234535
9,66,18.66915049378379
9,67,18.097817379033017
9,68,17.54025831246531
9,69,16.680564677693354
9,70,19.925895491508204
9,71,20.162654169196433
9,72,23.570682081906515
9,73,24.62817712917552
9,74,27.43647973967767
9,75,31.030314765891116
9,76,30.636311897272105
9,77,27.446711104276115
9,78,25.592923938821784
9,79,22.338304188486475
9,80,23.389742772778305
9,81,22.845816087145696
9,82,21.147412857144566
9,83,18.69587294480417
9,84,19.732215474680388
9,85,17.193298872883897
9,86,18.813117044919323
9,87,18.771889894973427
9,88,14.989974556641272
9,89,15.640292470563844
9,90,18.761839840001166
9,91,18.587902787810524
9,92,22.193952727643676
10,1,14.665665211046216
10,2,12.192286878031798
10,3,10.461337888972972
10,4,9.7493217409459
10,5,8.650310666610698
10,6,6.171717405919924
10,7,4.895537289776562
10,8,5.288412956158461
10,9,3.7914079557624945
10,11,3.814958159337301
10,12,5.8282571344644385
10,13,5.696116652377836
10,14,7.018410533109114
10,15,8.942501677746616
10,16,10.378120256728145
10,17,10.842213497709412
10,18,12.996650517422921
10,19,14.880220058082477
10,20,15.592873539324108
10,21,16.617986085708594
10,22,18.73447616435384
10,23,20.100018614230084
10,24,23.33926998971482
10,25,24.535027351749495
10,26,27.301971806186504
10,27,30.93854084873759
10,28,31.898280942453347
10,29,30.19104762522123
10,30,26.860879705325676
10,31,23.92182499459993
10,32,21.195969811434857
10,33,18.40362672961443
10,34,15.492284940464595
10,35,12.072076955286047
10,36,12.971564773687822
10,37,9.497803049043716
10,38,10.853693157147331
10,39,12.16471503288252
10,40,12.554962193727059
10,41,16.22787973110664
10,42,18.986762852036986
10,43,21.766973997648005
10,44,24.12081685920593
10,45,27.85355580320791
10,46,30.02770597535442
10,47,30.987570750340947
10,48,29.066799794305325
10,49,26.530811078209677
10,50,23.18730891849626
10,51,21.778857317112088
10,52,18.121451302770055
10,53,17.035031660152566
10,54,15.867227662505757
10,55,12.075090197755888
10,56,11.439050384551937
10,57,8.469523933029599
10,58,11.458078101075294
10,59,13.844242402757216
10,60,17.381945088473735
10,61,15.978040009063081
10,62,19.10808173088363
10,63,21.52690217897567
10,64,20.21356570884823
10,65,18.822561655242698
10,66,21.715019517255
10,67,21.31195664616993
10,68,20.492434556371876
10,69,19.49943986094035
10,70,22.47097434631924
10,71,22.25693237226897
10,72,25.392419935511008
10,73,25.9428354817991
10,74,28.536684109682962
10,75,32.03099874880504
10,76,31.198331056809547
10,77,28.02178124935149
10,78,26.138121381764037
10,79,23.220795213970856
10,80,24.736047263311306
10,81,24.322589566138305
10,82,23.14660074282318
10,83,21.07315990670123
10,84,22.561881768828083
10,85,20.359464059322313
10,86,22.269396677107185
10,87,22.277414623426285
10,88,18.533346133057094
10,89,19.350082202406785
10,90,22.534488463821656
10,91,22.35444846902474
10,92,25.93599386355042
11,1,15.883640897797129
11,2,14.15176669301545
11,3,12.405407189497428
11,4,10.556330363735698
11,5,9.709219293053877
11,6,8.573585603946587
11,7,6.300101226341154
11,8,4.92502586541958
11,9,5.1479635191892426
11,10,3.814958159337301
11,12,3.82120268295872
11,13,5.1037990878993815
11,14,5.650887982687116
11,15,6.24787843286812
11,16,8.633300926906141
11,17,9.673760903693875
11,18,10.941559502304727
11,19,12.542215641242965
11,20,14.091409492228005
11,21,15.107062519471684
11,22,16.562659553449226
11,23,18.149340076816753
11,24,21.654788122796177
11,25,23.27628934768429
11,26,25.9264553377224
11,27,29.61428857990689
11,28,30.877159589793262
11,29,29.571942670792676
11,30,26.25608448348563
11,31,23.682440447920627
11,32,20.981897213088697
11,33,17.753194088759138
11,34,15.461291271250948
11,35,12.48363411878457
11,36,14.164073574120248
11,37,11.180452668464202
11,38,12.039824396302677
11,39,12.19434731908476
11,40,11.874524118189498
11,41,15.451225660969367
11,42,17.686790975811657
11,43,20.69962701286715
11,44,23.22993315742101
11,45,26.833377802036473
11,46,29.38709825781394
11,47,30.5906908716062
11,48,28.432286744235142
11,49,25.956454860813082
11,50,22.39274437981176
11,51,20.68166707955352
11,52,16.96870986364744
11,53,15.446270305265463
11,54,14.775259649540326
11,55,11.072751432459874
11,56,9.794799668099913
11,57,7.80252129636726
11,58,11.426253195263923
11,59,13.768132725740944
11,60,16.94144347574886
11,61,14.884549696850543
11,62,17.518232509629446
11,63,20.36050292152377
11,64,19.086849123787978
11,65,17.064772886156483
11,66,19.84253273938196
11,67,20.02662669382889
11,68,19.47274844945781
11,69,19.104622827064254
11,70,22.13897355662961
11,71,22.280527261909423
11,72,25.404578724672565
11,73,25.879655484373625
11,74,28.765353437193713
11,75,32.10505657093763
11,76,31.373362271899325
11,77,27.958745296114778
11,78,26.555105601039905
11,79,23.705344120154002
11,80,25.449440804764475
11,81,25.54650881214377
11,82,24.268682784727847
11,83,21.84183554602696
11,84,22.980187888118582
11,85,20.800626886868585
11,86,22.3851899353027
11,87,21.775719974782476
11,88,18.137671273730938
11,89,19.533922203577056
11,90,22.66831875399912
11,91,22.58932261014024
11,92,26.339900935205883
12,1,17.128152900524846
12,2,15.289433371122195
12,3,14.422925293168877
12,4,12.429907011182383
12,5,10.469249468729888
12,6,9.867100011903368
12,7,8.86865447193407
12,8,6.255073209984854
12,9,5.037103693275558
12,10,5.8282571344644385
12,11,3.82120268295872
12,13,3.7663801059477513
12,14,6.249882213539223
12,15,5.328269833683145
12,16,6.228078808503446
12,17,8.561158408718727
12,18,10.357973287868981
12,19,10.878509478974387
12,20,12.20753504718271
12,21,14.1170142065818
12,22,15.419079675326424
12,23,16.26531421273407
12,24,19.797153609327673
12,25,21.057956520620603
12,26,23.362515212629937
12,27,27.125146656125267
12,28,28.132301795970598
12,29,26.758124014135745
12,30,23.290458238127417
12,31,20.699937171478087
12,32,18.3467151227053
12,33,15.042763791257062
12,34,12.928426293052473
12,35,10.002910924726855
12,36,11.625414688180095
12,37,9.082733243238117
12,38,9.252326922884595
12,39,8.678646909857315
12,40,8.376863142723325
12,41,12.006687223049697
12,42,14.390650781447556
12,43,17.623939578012127
12,44,19.872368954677263
12,45,23.4507865854122
12,46,26.057861840587115
12,47,27.10375487472439
12,48,24.798667154259586
12,49,22.226318624390494
12,50,18.67452111094299
12,51,16.87532825064504
12,52,13.15218775274126
12,53,11.745638376252394
12,54,11.273604332846203
12,55,7.682380803500847
12,56,7.267049932163457
12,57,6.16152574312715
12,58,9.413053653910648
12,59,12.430300425104674
12,60,15.18777763080354
12,61,12.70715217340648
12,62,15.433084865444561
12,63,17.98549609034249
12,64,16.19267208223654
12,65,14.161962233121677
12,66,16.64237119203833
12,67,16.566632922015863
12,68,15.759210853733265
12,69,15.38072887009319
12,70,18.380251135427763
12,71,18.649507745580514
12,72,21.823059010965995
12,73,22.459802713177563
12,74,25.510372212382702
12,75,28.856548239206962
12,76,28.390975188204457
12,77,24.92280000887387
12,78,23.6545180644448
12,79,20.650155857555873
12,80,22.262581200788052
12,81,22.552509649775942
12,82,21.110376980943037
12,83,18.486446086435286
12,84,19.481569051447924
12,85,17.45488692770942
12,86,19.090923328498693
12,87,18.435856578230567
12,88,14.911239075673754
12,89,16.722342900299452
12,90,20.055213873529297
12,91,20.504896179890398
12,92,24.278890406106903
13,1,19.405227159138864
13,2,17.04036788072936
13,3,15.877238909038779
13,4,14.621046884670209
13,5,12.79898085464055
13,6,11.121674269037635
13,7,10.20760572140293
13,8,8.799625314086565
13,9,6.580212185814434
13,10,5.696116652377836
13,11,5.1037990878993815
13,12,3.7663801059477513
13,14,3.8096866590139493
13,15,4.735477903430537
13,16,4.813827783406848
13,17,5.693312635728902
13,18,8.39461615205994
13,19,9.65070167380987
13,20,10.051220203824698
13,21,11.633478938168466
13,22,13.708089674312202
13,23,14.610392790253623
13,24,17.84341938343022
13,25,18.947570262497944
13,26,21.63025005852455
13,27,25.291392477102765
13,28,26.306575222056154
13,29,24.765716277642678
13,30,21.46346231202764
13,31,18.761893717192454
13,32,15.98409449949016
13,33,12.924810683592069
13,34,10.398530884633306
13,35,7.457276361231854
13,36,9.622118706331182
13,37,7.354231978535396
13,38,9.007916545090177
13,39,8.780004857263132
13,40,7.722690079034196
13,41,11.109529300817442
13,42,13.523138488360136
13,43,16.211529136968792
13,44,18.78944376183434
13,45,22.487923184551686
13,46,24.782532134803933
13,47,26.06185223367626
13,48,24.215101645962108
13,49,22.01392690794562
13,50,18.493827836992875
13,51,17.43660745659022
13,52,13.989940372653686
13,53,13.562809403616345
13,54,13.555317679377985
13,55,10.204444231594254
13,56,10.734600016963915
13,57,9.399359762900021
13,58,12.241518225765194
13,59,15.522809171113064
13,60,18.40009101500437
13,61,16.067557315927544
13,62,18.94382785786409
13,63,21.250745533193736
13,64,19.12081171641707
13,65,17.24514558655966
13,66,19.350193979388504
13,67,18.867287101423354
13,68,17.380732881595996
13,69,16.3429994047028
13,70,18.835890701445084
13,71,18.33835104833711
13,72,21.154546201185834
13,73,21.26875340389617
13,74,23.972912052029372
13,75,27.27583657655544
13,76,26.3796412751944
13,77,23.017992910400842
13,78,21.545219637539407
13,79,18.831802509446433
13,80,20.833238952892383
13,81,21.163962333985634
13,82,20.32518370472151
13,83,18.26259793377133
13,84,19.95370088434714
13,85,18.456931098872644
13,86,20.694740881503975
13,87,20.52656518533707
13,88,17.106567114145424
13,89,18.90455826491966
13,90,22.466293006974936
13,91,23.190485945784207
13,92,26.8633516367345
14,1,21.239851027559382
14,2,19.086840672296155
14,3,17.243657986188218
14,4,15.964807751301604
14,5,14.963964165842308
14,6,13.113785577732495
14,7,11.208048669305063
14,8,10.452314756863794
14,9,9.257893830591243
14,10,7.018410533109114
14,11,5.650887982687116
14,12,6.249882213539223
14,13,3.8096866590139493
14,15,3.781121607518087
14,16,5.732021869189509
14,17,4.655061953438286
14,18,6.0753190733055735
14,19,8.632510564982963
14,20,9.510146552326642
14,21,9.840981599218606
14,22,11.89847189377369
14,23,13.719171554435427
14,24,16.918775885250216
14,25,18.63712084739029
14,26,21.687279127625615
14,27,25.20726649634439
14,28,26.70566021891766
14,29,25.518082104688773
14,30,22.53275827731003
14,31,20.207699406843027
14,32,17.029852653136025
14,33,13.925683667014455
14,34,11.860907537887638
14,35,9.737772263823597
14,36,12.549454437531873
14,37,10.662027063788006
14,38,12.748581294127314
14,39,12.322934829662298
14,40,10.529731583115744
14,41,13.369921942696166
14,42,15.026742429244678
14,43,17.34534835129765
14,44,20.413987769352687
14,45,23.986986110608136
14,46,26.357080454813417
14,47,28.081298432209756
14,48,26.42392874703951
14,49,24.58042164692798
14,50,20.956357601284346
14,51,20.076106166546186
14,52,16.78463067118543
14,53,16.3133635952302
14,54,16.745538026834797
14,55,13.470374443820068
14,56,13.415961607472688
14,57,12.231543728592422
14,58,15.487973343255529
14,59,18.478389440473137
14,60,21.40506582073171
14,61,18.933481724446146
14,62,21.49077963889808
14,63,24.14297739381192
14,64,22.186153377637382
14,65,19.91717569091888
14,66,21.9389282435976
14,67,21.883829699618456
14,68,20.48363524701488
14,69,19.689978904053962
14,70,21.999918471874807
14,71,21.369879114600387
14,72,23.895907122884637
14,73,23.5529863064253
14,74,26.1226406549019
14,75,29.191733046870702
14,76,27.940681702112496
14,77,24.553497317835593
14,78,23.322658404944068
14,79,21.05104884933182
14,80,23.481192244473043
14,81,24.08120596383876
14,82,23.598958810525712
14,83,21.71645852716274
14,84,23.502734848805282
14,85,22.153798165282485
14,86,24.344078457421976
14,87,23.96142548636702
14,88,20.59643938757747
14,89,22.527852611379437
14,90,26.02307465585363
14,91,26.60545625413237
14,92,30.333584194292072
15,1,21.82201872482808
15,2,20.08003169142683
15,3,18.610331439701287
15,4,16.646171440058595
15,5,15.372327967915435
15,6,14.397506715667415
15,7,12.533728477814293
15,8,10.653864847303161
15,9,9.921554532314646
15,10,8.942501677746616
15,11,6.24787843286812
15,12,5.328269833683145
15,13,4.735477903430537
15,14,3.781121607518087
15,16,3.7805860587404734
15,17,4.955506893140932
15,18,5.253397951050898
15,19,6.3104713561134815
15,20,8.354576882784706
15,21,9.46910954586653
15,22,10.452402238664495
15,23,11.996435008362402
15,24,15.592807098479403
15,25,17.51386818309439
15,26,20.161359183259506
15,27,23.803972945778117
15,28,25.394144306791166
15,29,24.521486344329908
15,30,21.42536892410915
15,31,19.412441979527504
15,32,16.59195088200328
15,33,13.05334249246949
15,34,11.759321333010075
15,35,10.07788420337078
15,36,13.106639082392654
15,37,11.64288421638948
15,38,12.792188976770161
15,39,11.348682225453976
15,40,9.124056362670489
15,41,11.773008231935718
15,42,12.967152978144043
15,43,15.711065120623172
15,44,18.6967857904919
15,45,22.11237288661625
15,46,24.872558181422033
15,47,26.629896532504773
15,48,24.624418793419217
15,49,22.715067567149642
15,50,18.96097657188585
15,51,17.696043194575147
15,52,14.409813637655489
15,53,13.582558073962119
15,54,14.495510847253431
15,55,11.59101980025473
15,56,11.401839574745507
15,57,11.287220082973393
15,58,14.512808500956071
15,59,17.49426837381936
15,60,19.94045544878565
15,61,17.006237189945207
15,62,19.131775205340823
15,63,21.88966097219698
15,64,19.858113872870558
15,65,17.196471587379257
15,66,18.948511315477674
15,67,19.278124061169105
15,68,18.083526383798016
15,69,17.86137689140948
15,70,20.217859191411797
15,71,20.054355255406048
15,72,22.634528656098333
15,73,22.44289425095799
15,74,25.36925030850501
15,75,28.330374551489193
15,76,27.415695913902606
15,77,23.821579781189538
15,78,23.061607750085514
15,79,20.694071280152002
15,80,23.077080362488836
15,81,24.06735463288827
15,82,23.28842671442733
15,83,20.99620191634498
15,84,22.314724816105173
15,85,20.97041319605511
15,86,22.81137934741273
15,87,21.935259696415162
15,88,18.782023153307566
15,89,21.17229834295251
15,90,24.579049445588474
15,91,25.35302153297892
15,92,29.138907842069823
16,1,23.301714841787202
16,2,21.231802391640514
16,3,20.286352695810606
16,4,18.562730141306854
16,5,16.597260398442508
16,6,15.5397237438161
16,7,14.520785879649416
16,8,12.41578445772498
16,9,10.6524495893639
16,10,10.378120256728145
16,11,8.633300926906141
16,12,6.228078808503446
16,13,4.813827783406848
16,14,5.732021869189509
16,15,3.7805860587404734
16,17,3.810470327204764
16,18,5.778317156695674
16,19,5.345099341590144
16,20,6.018131532412794
16,21,8.45916553413034
16,22,9.823210041488373
16,23,10.186483982203157
16,24,13.610632762482549
16,25,14.870851729866159
16,26,17.331393705288164
16,27,21.052615279522335
16,28,22.280990364505815
16,29,21.150482218211256
16,30,17.90907048238064
16,31,15.740261267939331
16,32,13.076870256484444
16,33,9.5182933878785
16,34,8.24224630802485
16,35,6.888753346378346
16,36,10.137417373682592
16,37,9.56747274304649
16,38,10.640664690315575
16,39,8.644956064827232
16,40,5.735825550938462
16,41,8.081036433098856
16,42,9.488371756641218
16,43,12.233246496162712
16,44,15.104504089702436
16,45,18.628621414836996
16,46,21.257804969657446
16,47,22.93007332855362
16,48,21.017191466542297
16,49,19.184552771517833
16,50,15.473013537447168
16,51,14.591111545047857
16,52,11.525670463396118
16,53,11.542999829068682
16,54,12.869813127211803
16,55,10.454278517629083
16,56,11.515860063988612
16,57,11.763713257899292
16,58,14.287482816336025
16,59,17.71824997161174
16,60,19.893615142123988
16,61,16.9079143172702
16,62,19.205254487474264
16,63,21.461184881526794
16,64,18.887943211777518
16,65,16.501478892592413
16,66,17.7663976906503
16,67,17.525923681252987
16,68,15.707064926045408
16,69,15.056636733226831
16,70,17.027349123540255
16,71,16.54439640959265
16,72,18.96441489287251
16,73,18.674618483099472
16,74,21.59066118523587
16,75,24.572715467923583
16,76,23.730717993759285
16,77,20.133034597140686
16,78,19.367463929861707
16,79,16.964148863558666
16,80,19.388340530482242
16,81,20.569648055828676
16,82,19.938298652540524
16,83,17.793091519274075
16,84,19.32238721565524
16,85,18.43466825792686
16,86,20.601250475246605
16,87,20.0129552496912
16,88,17.10191502148439
16,89,19.70662220582909
16,90,23.299321351458033
16,91,24.59734432755981
16,92,28.269406307815164
17,1,24.997074524769012
17,2,22.67556474273808
17,3,21.268903217087555
17,4,19.994916748695758
17,5,18.428458605594933
17,6,16.691755114081126
17,7,15.385486418486684
17,8,14.134619479327576
17,9,12.270363098076341
17,10,10.842213497709412
17,11,9.673760903693875
17,12,8.561158408718727
17,13,5.693312635728902
17,14,4.655061953438286
17,15,4.955506893140932
17,16,3.810470327204764
17,18,3.8128172638600835
17,19,5.510445581457151
17,20,5.032467494376182
17,21,5.968133000837768
17,22,8.497904073120692
17,23,9.59130047602153
17,24,12.580085016449276
17,25,14.030620768627895
17,26,17.118188251279385
17,27,20.611952689709327
17,28,22.082282621322292
17,29,20.942372603286465
17,30,18.07440372057196
17,31,15.979060098379628
17,32,12.695220246843078
17,33,9.56651577039283
17,34,8.060667408675041
17,35,7.230887256177261
17,36,10.852207594064794
17,37,10.451091823540823
17,38,12.635723278471746
17,39,11.355754749564491
17,40,8.457522898891112
17,41,10.212798850479734
17,42,11.272060387749788
17,43,13.077412804642615
17,44,16.3763325681188
17,45,19.861252422708993
17,46,22.140528407219325
17,47,24.145641865564578
17,48,22.758823761243974
17,49,21.37036585978702
17,50,17.797313894783446
17,51,17.545626691556446
17,52,14.794574269802691
17,53,15.234239463938058
17,54,16.524148647030415
17,55,13.957166220588336
17,56,14.91479399344855
17,57,14.551588159524826
17,58,17.270544585530146
17,59,20.685149888788253
17,60,23.179648168763567
17,61,20.38593997952347
17,62,22.815425232386342
17,63,25.12604122157155
17,64,22.597321603917447
17,65,20.28406125300567
17,66,21.566503926630652
17,67,21.232636884470654
17,68,19.205106838863102
17,69,18.184204810501473
17,70,19.816101544640272
17,71,18.739541868607606
17,72,20.755255898719447
17,73,19.894811306689387
17,74,22.34350945360044
17,75,25.1757288149767
17,76,23.77147595526685
17,77,20.343059882423905
17,78,19.423906365346685
17,79,17.524340852481064
17,80,20.364532607662014
17,81,21.525341297000764
17,82,21.496961467410554
17,83,19.908902650957337
17,84,21.948994533517205
17,85,21.317809063197558
17,86,23.802502413049297
17,87,23.51901044428702
17,88,20.568305751433392
17,89,22.96465854408125
17,90,26.630233381860535
17,91,27.848670293151564
17,92,31.496864519833597
18,1,26.785271656846774
18,2,24.844358478359695
18,3,23.136389022069363
18,4,21.49200124750903
18,5,20.371628246550596
18,6,18.948230595036712
18,7,17.014063350730474
18,8,15.674049850897642
18,9,14.623685149190907
18,10,12.996650517422921
18,11,10.941559502304727
18,12,10.357973287868981
18,13,8.39461615205994
18,14,6.0753190733055735
18,15,5.253397951050898
18,16,5.778317156695674
18,17,3.8128172638600835
18,19,3.8026103005408247
18,20,5.272183115924631
18,21,4.581733369894273
18,22,5.857133584628844
18,23,8.226765972626202
18,24,11.43981100234141
18,25,13.848021171626497
18,26,16.96006739977114
18,27,20.312811775963116
18,28,22.366888301346027
18,29,21.85961161273654
18,30,19.306866236889974
18,31,17.865441872693303
18,32,14.633746959151052
18,33,11.380792962005469
18,34,10.961276418583042
18,35,10.819851961471102
18,36,14.526907627166322
18,37,14.1372284870053
18,38,16.014910911530603
18,39,14.324504532662353
18,40,11.150530511426588
18,41,12.462797628720418
18,42,12.527069249297517
18,43,14.185759762673547
18,44,17.74213577167219
18,45,20.888642499511917
18,46,23.469200433376514
18,47,25.84632970630548
18,48,24.393728703927454
18,49,23.254216714985237
18,50,19.592134724003184
18,51,19.17658225468852
18,52,16.575393722664504
18,53,16.647585698240636
18,54,18.355021481492884
18,55,15.956174243133706
18,56,16.323866905688735
18,57,16.41466472353562
18,58,19.444611418845458
18,59,22.60693459867228
18,60,24.939859121728414
18,61,21.87317225691817
18,62,23.83489392731403
18,63,26.46753851106637
18,64,24.12010726455204
18,65,21.345505231593393
18,66,22.463004164251107
18,67,22.715225172680046
18,68,20.9882529532603
18,69,20.531948049280192
18,70,22.13215321003372
18,71,21.332217686724125
18,72,23.183781586442326
18,73,22.126376385865804
18,74,24.6564168248712
18,75,27.177160007906274
18,76,25.72323267985914
18,77,22.210731180020236
18,78,21.832443395467152
18,79,20.255675940999502
18,80,23.279482276111032
18,81,24.789843099973996
18,82,24.76431961315695
18,83,23.020856148057423
18,84,24.78238546713598
18,85,24.138177973759447
18,86,26.32441182015926
18,87,25.588284790290658
18,88,22.756212976175497
18,89,25.410966250057058
18,90,28.947877330923387
18,91,30.07724874660731
18,92,33.80917334862173
19,1,27.89172327879943
19,2,26.090261143608632
19,3,24.831088614207033
19,4,22.866253169880217
19,5,21.317922278386785
19,6,20.38943858709043
19,7,18.80034754004879
19,8,16.771260802880732
19,9,15.636631515890588
19,10,14.880220058082477
19,11,12.542215641242965
19,12,10.878509478974387
19,13,9.65070167380987
19,14,8.632510564982963
19,15,6.3104713561134815
19,16,5.345099341590144
19,17,5.510445581457151
19,18,3.8026103005408247
19,20,3.8067792942500565
19,21,5.221003323937366
19,22,4.811757663348312
19,23,5.790399906907857
19,24,9.516326061276585
19,25,11.834823487644636
19,26,14.398341337649187
19,27,17.92640683423617
19,28,19.91906083817462
19,29,19.63748465434939
19,30,16.957494344308564
19,31,15.846802787883917
19,32,13.11139520885636
