1,2,3.811782861161279
1,3,5.452884283092009
1,4,5.585311591460577
1,5,6.43837866814478
1,6,8.905843173457512
1,7,10.004194980960461
1,8,10.930935833483938
1,9,12.65779247815534
1,10,15.041156412730523
1,11,15.812382461283255
1,12,17.13403436739578
1,13,19.26856207628252
1,14,20.936274430244154
1,15,21.681924253288848
1,16,23.652837253791116
1,17,25.418990416744528
1,18,26.649406601190726
1,19,28.181401421148983
1,20,30.32559909926399
1,21,31.56282993055586
1,22,33.40368378033054
1,23,34.08746015985661
1,24,37.562221340787275
1,25,38.46159315357909
1,26,40.7363624527151
1,27,44.48036053805683
1,28,45.09638683481601
1,29,43.70694513737447
1,30,40.12549428329487
1,31,37.02522889535006
1,32,35.050266298099054
1,33,31.95298517612526
1,34,29.245516728955142
1,35,25.48006031454195
1,36,24.581030621202252
1,37,21.092845911290695
1,38,19.98301622302374
1,39,22.068705199600963
1,40,24.103031493620023
1,41,27.604716786844033
1,42,31.102131983261305
1,43,34.41472181339742
1,44,35.7675953550144
1,45,39.37837646364104
1,46,41.347942663109734
1,47,41.94927758094218
1,48,40.01042919855093
1,49,36.66061143085374
1,50,33.8273328922283
1,51,30.430871728638692
1,52,26.919539305552636
1,53,24.549230294277596
1,54,21.352421210378274
1,55,18.25567623759295
1,56,15.667177331257015
1,57,12.686376601176484
1,58,11.196561042597194
1,59,10.441728822397092
1,60,13.787238801610961
1,61,15.46447238714698
1,62,18.127196330418816
1,63,19.792109397394768
1,64,21.220621143069696
1,65,21.79264446969266
1,66,25.53943408659449
1,67,25.001570444606013
1,68,25.9264206636416
1,69,26.843056359704214
1,70,30.20041432942364
1,71,31.773760246197917
1,72,34.983203567800274
1,73,37.15077505493328
1,74,39.96283083081304
1,75,43.7025266928232
1,76,43.52477524547035
1,77,40.97364842587065
1,78,39.30802964247809
1,79,35.984745830253246
1,80,35.93916574754637
1,81,32.98096663019592
1,82,30.56124696942829
1,83,27.964162101538292
1,84,27.116824880733603
1,85,24.71981687133026
1,86,25.97612713152382
1,87,24.874685684042007
1,88,21.57777880257795
1,89,20.397956821813004
1,90,19.015375674247057
1,91,20.6068709689485
2,1,3.811782861161279
2,3,3.800978619646673
2,4,5.623236972619625
2,5,5.024665485484031
2,6,6.236530768214741
2,7,8.502828410249947
2,8,9.854239763216821
2,9,10.476704758579173
2,10,12.78453100160924
2,11,14.371169770111125
2,12,15.470423572860495
2,13,17.00326452807431
2,14,19.017988668878306
2,15,20.212543554375184
2,16,21.764674532830156
2,17,23.255642315206
2,18,24.896645466924674
2,19,26.546232250968362
2,20,28.34752346014529
2,21,29.41529616623109
2,22,31.586787942235976
2,23,32.27193623313602
2,24,35.63561814413909
2,25,36.31010023260635
2,26,38.66430596400192
2,27,42.41953749979491
2,28,42.877905873688505
2,29,41.25996609622566
2,30,37.698120133461174
2,31,34.44316511900333
2,32,32.39447030583036
2,33,29.477323875796536
2,34,26.53299218879411
2,35,22.736524593394005
2,36,21.663923848721282
2,37,18.063640136499146
2,38,17.283534710801277
2,39,19.793699750575268
2,40,21.952725746304342
2,41,25.59561534823516
2,42,29.115945512037527
2,43,32.229788067119614
2,44,33.63142268785587
2,45,37.30427038387557
2,46,39.066585425979405
2,47,39.72816590006455
2,48,38.054091320316765
2,49,34.81099160380957
2,50,32.042273820209
2,51,28.845260291489087
2,52,25.35882653323031
2,53,23.435207121029343
2,54,20.264581833379427
2,55,17.060673232260093
2,56,15.106333516496207
2,57,11.618124240800084
2,58,10.153966734680152
2,59,10.650173183969477
2,60,14.295320899829683
2,61,15.657838214493129
2,62,18.83377819147971
2,63,20.16936380288149
2,64,20.983370042485873
2,65,21.721778237099436
2,66,25.322736231312355
2,67,24.318269132290297
2,68,24.7322783568178
2,69,25.196242911785358
2,70,28.346111134772574
2,71,29.55677752888656
2,72,32.69453253526968
2,73,34.65705428158396
2,74,37.39426883146969
2,75,41.089996250507276
2,76,40.723739292417505
2,77,38.28181759084606
2,78,36.39261658087658
2,79,32.9619053853642
2,80,32.970684177679125
2,81,30.174957461842578
2,82,27.76493684784127
2,83,25.450051622213017
2,84,24.936206848791787
2,85,22.943239968502205
2,86,24.621335104835644
2,87,23.899736255006438
2,88,20.389330686239926
2,89,19.298577495000423
2,90,18.537576321941767
2,91,20.7289938523943
3,1,5.452884283092009
3,2,3.800978619646673
3,4,3.795454204607119
3,5,5.2719328719979135
3,6,5.123454035752881
3,7,6.016487047887784
3,8,8.56176542439577
3,9,9.60790335895024
3,10,10.937314339298961
3,11,12.368310313218197
3,12,14.311599021597873
3,13,15.704223998119879
3,14,17.071581057342872
3,15,18.578831264149315
3,16,20.543710374917094
3,17,21.652714709983904
3,18,22.928853007911112
3,19,24.969230656477098
3,20,27.028626574871275
3,21,27.750459416056362
3,22,29.755678654970495
3,23,30.858127243541265
3,24,34.35614153413167
3,25,35.350725245732015
3,26,37.96605671607368
3,27,41.65619757406567
3,28,42.40097293220815
3,29,40.91102330138063
3,30,37.483882840123385
3,31,34.30538627838856
3,32,31.928134514731546
3,33,28.86913077292947
3,34,25.934155886984964
3,35,22.1986234139645
3,36,21.73258259667685
3,37,18.0188845903895
3,38,17.856865790589637
3,39,20.17821734767682
3,40,21.737316852699593
3,41,25.41079615734602
3,42,28.706749513985237
3,43,31.864823712093923
3,44,33.65976164576643
3,45,37.39742450493236
3,46,39.35200705329097
3,47,40.36477768047178
3,48,38.69497578356749
3,49,35.627170831416066
3,50,32.61042861750907
3,51,29.464324160003297
3,52,25.822727475200157
3,53,23.935526113184636
3,54,21.15679591672638
3,55,17.598628347534152
3,56,15.458402539239213
3,57,11.919277470586962
3,58,11.664348532377891
3,59,12.560515493405683
3,60,16.349977986279548
3,61,16.99812362848218
3,62,20.24394379640001
3,63,22.09055514769401
3,64,22.664752309354498
3,65,22.8116499033757
3,66,26.426331557124044
3,67,25.705425329111556
3,68,25.877936856541975
3,69,26.34449000755591
3,70,29.55909868063207
3,71,30.563483128027833
3,72,33.434076490408906
3,73,35.11714008333279
3,74,38.08065308265532
3,75,41.698091506392174
3,76,41.084901218753444
3,77,38.44460501588445
3,78,36.560179007451424
3,79,33.20674856504084
3,80,33.64224670094014
3,81,31.065773288581227
3,82,29.033040151654934
3,83,26.885707042165386
3,84,26.79069136840349
3,85,24.93708154353857
3,86,26.91602467756649
3,87,25.939797145358007
3,88,22.295061663076897
3,89,21.75677391125471
3,90,21.28320086519287
3,91,23.59835921853451
4,1,5.585311591460577
4,2,5.623236972619625
4,3,3.795454204607119
4,5,3.7970520139824155
4,6,5.460363204518383
4,7,4.7979813780408636
4,8,6.106951051117775
4,9,8.501490780612256
4,10,10.24014023362977
4,11,10.535982563052313
4,12,12.458471670952092
4,13,14.660904674162131
4,14,15.788259672161052
4,15,16.604876020053986
4,16,18.934474293040793
4,17,20.511656582834966
4,18,21.409925783104853
4,19,23.15007158165712
4,20,25.529463711176593
4,21,26.582572921188316
4,22,28.23404146228198
4,23,29.18512251931155
4,24,32.77171633651531
4,25,33.9705196283176
4,26,36.4577742613818
4,27,40.13572631102645
4,28,41.0516224872003
4,29,39.850566634566505
4,30,36.40756399380355
4,31,33.44730320244929
4,32,31.180578831569214
4,33,27.887244614703228
4,34,25.31069186929658
4,35,21.644941704415594
4,36,21.451474437402897
4,37,17.965138902570175
4,38,17.349877719419773
4,39,19.04324536062893
4,40,20.361988919812624
4,41,23.855706089420554
4,42,27.10702462683574
4,43,30.491940609336318
4,44,32.25334080872844
4,45,35.92300401528089
4,46,38.1494678897211
4,47,39.17258639753563
4,48,37.207352998039724
4,49,34.08442798173223
4,50,30.93011529931512
4,51,27.605689201838146
4,52,23.90485216084575
4,53,21.632741381114446
4,54,18.973134488710382
4,55,15.39888389348235
4,56,12.721114579931005
4,57,9.59587995170885
4,58,9.876624435533552
4,59,10.35530128077748
4,60,14.02275090509246
4,61,14.271759515534551
4,62,17.32274425807432
4,63,19.596428851210643
4,64,20.29049225021223
4,65,20.026243580587384
4,66,23.71249668415145
4,67,23.423843555484435
4,68,23.867852838794335
4,69,24.740353926334645
4,70,28.183808417601174
4,71,29.503680619377274
4,72,32.36249610845734
4,73,34.2254590533835
4,74,37.344141598478835
4,75,40.99411290944855
4,76,40.591234684934605
4,77,37.76149536426675
4,78,36.21830616636748
4,79,33.061346191092035
4,80,33.5022743908673
4,81,30.747698338389284
4,82,28.863975453057115
4,83,26.399172132052218
4,84,26.12901613371268
4,85,23.92745541764917
4,86,25.725834464356154
4,87,24.25664123197011
4,88,20.70587533479123
4,89,20.51465587116515
4,90,19.899017765519144
4,91,22.030585672880182
5,1,6.43837866814478
5,2,5.024665485484031
5,3,5.2719328719979135
5,4,3.7970520139824155
5,6,3.808349382525137
5,7,5.277503561078486
5,8,5.087415494663857
5,9,6.312236885352133
5,10,9.183579507519271
5,11,10.035171274992466
5,12,10.830868793127166
5,13,12.960490899323304
5,14,14.92359570897234
5,15,15.593280446874747
5,16,17.29492736945156
5,17,19.172634851226338
5,18,20.618593045232693
5,19,21.98616684694027
5,20,23.967139411663783
5,21,25.316543864392383
5,22,27.25696705353331
5,23,27.781542677338994
5,24,31.199570658781493
5,25,32.03018786745987
5,26,34.32152266904707
5,27,38.06471960338571
5,28,38.69835398996055
5,29,37.33664469443555
5,30,33.78732907975872
5,31,30.732503849125134
5,32,28.701726820800367
5,33,25.544233611751025
5,34,22.916663396542837
5,35,19.182938466654672
5,36,18.521722247671796
5,37,15.114395139126964
5,38,14.063738767924333
5,39,15.939817997296245
5,40,17.738196931223968
5,41,21.27868443297481
5,42,24.733199524878714
5,43,28.032169016746067
5,44,29.517875633900147
5,45,33.1729517550038
5,46,35.21557877538988
5,47,36.03576146260364
5,48,34.139482227899094
5,49,30.937688372672707
5,50,27.94324602688869
5,51,24.64820013991752
5,52,21.034514559615538
5,53,18.935513862565706
5,54,16.014665040151048
5,55,12.561296221843067
5,56,10.381149293442487
5,57,6.862235530223338
5,58,6.487233800884148
5,59,7.756544935041719
5,60,11.566625537714986
5,61,11.86363928127521
5,62,15.28153094775651
5,63,17.06234049992278
5,64,17.43396015149737
5,65,17.585150453820386
5,66,21.179274256145
5,67,20.450610590020077
5,68,20.754904422432134
5,69,21.43836200842427
5,70,24.79807246310875
5,71,26.12811190332371
5,72,29.1274277691465
5,73,31.122306648094458
5,74,34.104062006100555
5,75,37.80156786961891
5,76,37.52838884733823
5,77,34.83113685215973
5,78,33.26742730225229
5,79,30.057266551421304
5,80,30.244006903502928
5,81,27.364040576437507
5,82,25.30979400641616
5,83,22.77698617673075
5,84,22.411813418931793
5,85,20.25214315278637
5,86,22.122927336271236
5,87,20.871123081594735
5,88,17.249185214521045
5,89,16.98074548205086
5,90,16.646833523192363
5,91,19.11907309465966
6,1,8.905843173457512
6,2,6.236530768214741
6,3,5.123454035752881
6,4,5.460363204518383
6,5,3.808349382525137
6,7,3.724895816291772
6,8,5.323573919585071
6,9,4.740720668153969
6,10,6.569242559459343
6,11,8.643250278156387
6,12,9.816040991555433
6,13,10.913592393495701
6,14,12.868171991144543
6,15,14.397193338946659
6,16,15.862941253551561
6,17,17.085356161981615
6,18,18.78617332507691
6,19,20.594933104955647
6,20,22.34571891779144
6,21,23.233943384688555
6,22,25.45740827061989
6,23,26.28693192398803
6,24,29.669063613116258
6,25,30.457167995762283
6,26,33.01347032228282
6,27,36.724215235082454
6,28,37.361112158031794
6,29,35.816257006844275
6,30,32.37551910374575
6,31,29.184194301467773
6,32,26.84585952151722
6,33,23.81141194437516
6,34,20.877099411470745
6,35,17.123568808258074
6,36,16.664922375851443
6,37,12.992720046293472
6,38,12.892891171453439
6,39,15.193635396031873
6,40,16.711568435666415
6,41,20.426515120092226
6,42,23.73820565019797
6,43,26.818678565762234
6,44,28.6081764268258
6,45,32.360742094694295
6,46,34.27369300182403
6,47,35.35848281015059
6,48,33.769842415522234
6,49,30.80254544234795
6,50,27.766799308868524
6,51,24.759285141108883
6,52,21.1363365981138
6,53,19.604474398047753
6,54,17.032504574273972
6,55,13.401260719051301
6,56,11.973360693104176
6,57,8.213544620579702
6,58,8.696508641011356
6,59,10.999170238463261
6,60,14.720338332976755
6,61,14.55426258491605
6,62,18.189266434703217
6,63,19.834128474373557
6,64,19.612487505264777
6,65,19.64822871537866
6,66,23.004313561152788
6,67,21.99193855087237
6,68,21.651491191313543
6,69,21.826745225732832
6,70,24.932005835289665
6,71,25.71842984145237
6,72,28.46255419854383
6,73,30.04532847631403
6,74,33.05810266974851
6,75,36.65136106249457
6,76,36.01435567003639
6,77,33.3341003918994
6,78,31.498766353490414
6,79,28.197581689488025
6,80,28.70775956645007
6,81,26.165642857838908
6,82,24.34252186228922
6,83,22.27517223271813
6,84,22.52179363539941
6,85,20.931339739835476
6,86,23.324782089021603
6,87,22.39261118375847
6,88,18.61523327305726
6,89,18.645734209027435
6,90,18.95835381212107
6,91,21.835610406771842
7,1,10.004194980960461
7,2,8.502828410249947
7,3,6.016487047887784
7,4,4.7979813780408636
7,5,5.277503561078486
7,6,3.724895816291772
7,8,3.7902162685575127
7,9,5.152348724324213
7,10,5.627627644375067
7,11,6.378345408448662
7,12,8.787930465363027
7,13,10.367003438049187
7,14,11.26744929771508
7,15,12.655984104214589
7,16,14.903180703096815
7,17,16.03505009408391
7,18,17.026978163118546
7,19,19.069213546327813
7,20,21.33735663645918
7,21,22.08766758375043
7,22,23.881317978721135
7,23,25.049374919551145
7,24,28.629044002967824
7,25,29.871776488799636
7,26,32.57914061792925
7,27,36.20973469362969
7,28,37.218077142067294
7,29,35.981560829431494
7,30,32.668426134724335
7,31,29.709563485655465
7,32,27.169285678862174
7,33,23.875969197740886
7,34,21.227474215637763
7,35,17.650871448172108
7,36,17.95653266589659
7,37,14.472779014522393
7,38,14.610683577809505
7,39,16.224183679993523
7,40,16.980148195017176
7,41,20.52958631082241
7,42,23.563060299973696
7,43,26.81812168271211
7,44,28.91896822070382
7,45,32.65284909968201
7,46,34.89262490283321
7,47,36.25361834553923
7,48,34.48321281420732
7,49,31.633293537503466
7,50,28.339373398254462
7,51,25.27500498345303
7,52,21.531029420147075
7,53,19.758550231763174
7,54,17.62872250494661
7,55,13.806467189058914
7,56,11.837257448473208
7,57,8.57354867282408
7,58,10.255659188478832
7,59,12.173390295211174
7,60,15.766586082904148
7,61,15.016142083399957
7,62,18.419171154232906
7,63,20.668737258175074
7,64,20.482454416254598
7,65,19.832873338752588
7,66,23.21921512961598
7,67,22.755297148278835
7,68,22.479542128979997
7,69,22.955965261857006
7,70,26.22314388911975
7,71,27.068260568291695
7,72,29.57431632950221
7,73,31.039938637014686
7,74,34.298429539698965
7,75,37.823652474776395
7,76,37.12558162735145
7,77,34.189954706752275
7,78,32.581890616109966
7,79,29.49631744885263
7,80,30.33996984612696
7,81,27.891203789870126
7,82,26.44798881442727
7,83,24.3359908137548
7,84,24.716442833809598
7,85,22.995042344480925
7,86,25.368012858506074
7,87,23.969503623071393
7,88,20.25354523691596
7,89,20.757154233738646
7,90,20.9986037841328
7,91,23.687033478895565
8,1,10.930935833483938
8,2,9.854239763216821
8,3,8.56176542439577
8,4,6.106951051117775
8,5,5.087415494663857
8,6,5.323573919585071
8,7,3.7902162685575127
8,9,3.7993234937151867
8,10,5.863769506343461
8,11,5.241055307988734
8,12,6.426891613955974
8,13,9.146515409657498
8,14,10.447062296863885
8,15,10.757151719102529
8,16,12.957046370419736
8,17,14.911912000977741
8,18,15.894279348931876
8,19,17.270866810190643
8,20,19.598575222306867
8,21,20.9502515728231
8,22,22.570192382825596
8,23,23.242005695135315
8,24,26.794257939441653
8,25,27.978577557257623
8,26,30.40668052812829
8,27,34.077762895103334
8,28,35.05293383053859
8,29,33.98957191410065
8,30,30.58188570374521
8,31,27.778418182648068
8,32,25.535134345224453
8,33,22.106431609425407
8,34,19.81582813150153
8,35,16.29567164883565
8,36,16.543316190474304
8,37,13.438970228853728
8,38,12.776368092696819
8,39,13.760324707834238
8,40,14.560515151964953
8,41,17.946499728603516
8,42,21.092073302780005
8,43,24.53873638972971
8,44,26.401161532635033
8,45,30.05759274655654
8,46,32.44172457317018
8,47,33.66000005375992
8,48,31.639437896971447
8,49,28.673121101540083
8,50,25.347480030969848
8,51,22.108753604828056
8,52,18.346400241598655
8,53,16.266520389388184
8,54,14.126240294113904
8,55,10.319721210868938
8,56,8.090724128309589
8,57,5.118350637072477
8,58,7.593426530385429
8,59,9.617722044977846
8,60,12.861268485872007
8,61,11.567711484351591
8,62,14.951317101734952
8,63,17.295137402511127
8,64,16.96020236121864
8,65,16.099181201264436
8,66,19.476575468363674
8,67,19.177250961247548
8,68,19.065713452161823
8,69,19.837849094748815
8,70,23.275375840355405
8,71,24.448298817403934
8,72,27.0370757051867
8,73,28.781302659274743
8,74,32.08477966417701
8,75,35.671104916917365
8,76,35.277561932074335
8,77,32.26407575585735
8,78,30.97888060993459
8,79,28.05673671849155
8,80,28.70741082494105
8,81,26.006592153445393
8,82,24.59100383895441
8,83,22.141263074045032
8,84,22.28043603523021
8,85,20.27129407519515
8,86,22.488987708738456
8,87,20.75848050864315
8,88,17.1398187738139
8,89,17.979189021501544
8,90,18.286205968442793
8,91,20.94560614384781
9,1,12.65779247815534
9,2,10.476704758579173
9,3,9.60790335895024
9,4,8.501490780612256
9,5,6.312236885352133
9,6,4.740720668153969
9,7,5.152348724324213
9,8,3.7993234937151867
9,10,3.7974880289682527
9,11,5.354162566047346
9,12,5.2339186110889795
9,13,6.67388072552105
9,14,9.066808390441457
9,15,10.088619510307723
9,16,11.293552545417441
9,17,12.961378314887178
9,18,14.772841582858224
9,19,16.17348702472479
9,20,17.87595177167176
9,21,19.112775872748667
9,22,21.272885662118238
9,23,21.80209936628742
9,24,25.16291270260513
9,25,25.954452509953516
9,26,28.427431579609046
9,27,32.14515537974116
9,28,32.85291624415262
9,29,31.472975772114246
9,30,28.033958487208526
9,31,24.998038218311073
9,32,22.70680026985503
9,33,19.4908284663667
9,34,16.840797510794022
9,35,13.160650457165923
9,36,13.119599905539378
9,37,9.798333285968756
9,38,9.530117690137235
9,39,11.105672051469675
9,40,12.181628807804971
9,41,15.837968369357112
9,42,19.098971449007525
9,43,22.286467936510025
9,44,24.141164890954247
9,45,27.883725937746036
9,46,29.983099880870526
9,47,31.216732537606116
9,48,29.510935162129556
9,49,26.644083280031072
9,50,23.44258187838713
9,51,20.468316886372246
9,52,16.787608704545814
9,53,15.401512607578855
9,54,13.29861040314161
9,55,9.553331647777274
9,56,8.741839778883502
9,57,5.438666809675044
9,58,7.634923977068883
9,59,10.782665300828267
9,60,13.936272741143185
9,61,12.621974112365697
9,62,16.303974217054105
9,63,18.00732660823603
9,64,17.038422492087246
9,65,16.57366385339316
9,66,19.62212770743251
9,67,18.66495847716985
9,68,17.91239922741788
9,69,18.057689606684807
9,70,21.19759663448383
9,71,21.932629926960473
9,72,24.469941772374394
9,73,26.014347665930273
9,74,29.221481946462653
9,75,32.788026225196994
9,76,32.22054746069841
9,77,29.339947663748575
9,78,27.79297637864064
9,79,24.716370011671724
9,80,25.388693890023564
9,81,22.825335985023347
9,82,21.419785594172083
9,83,19.276506075633254
9,84,19.821166029424255
9,85,18.317770785339896
9,86,20.98733764216842
9,87,19.751575027923195
9,88,15.99068014295628
9,89,16.924263164703046
9,90,17.902302565392343
9,91,21.043020867958322
10,1,15.041156412730523
10,2,12.78453100160924
10,3,10.937314339298961
10,4,10.24014023362977
10,5,9.183579507519271
10,6,6.569242559459343
10,7,5.627627644375067
10,8,5.863769506343461
10,9,3.7974880289682527
10,11,3.7880682741880243
10,12,5.205340035692847
10,13,5.058022400094919
10,14,6.383642176796931
10,15,8.60411818025436
10,16,10.06432193399635
10,17,10.72622513176133
10,18,12.327402343162145
10,19,14.450632310762332
10,20,16.248775871805655
10,21,16.82612290870999
10,22,19.005602939727336
10,23,20.12566285895087
10,24,23.571800284892102
10,25,24.63892570430309
10,26,27.483410393638856
10,27,31.087813145669582
10,28,32.04965244584026
10,29,30.704269021000716
10,30,27.494623828601846
10,31,24.51520654283362
10,32,21.775204198376635
10,33,18.543049494277117
10,34,15.80498641040181
10,35,12.340359319620754
10,36,13.19393966222932
10,37,9.945322556725404
10,38,11.009361527963627
10,39,12.380189850441068
10,40,12.46531096324118
10,41,16.011326064112158
10,42,18.80633232251362
10,43,21.821551795260547
10,44,24.184461414963618
10,45,27.954042565918662
10,46,30.11719085339507
10,47,31.77162750686821
10,48,30.263777386748426
10,49,27.739478759710366
10,50,24.40184227283663
10,51,21.742422063645655
10,52,18.112062094108758
10,53,17.15370641237793
10,54,15.736646105649056
10,55,12.057706896197443
10,56,11.519702344084292
10,57,8.796607808524952
10,58,11.407375309652267
10,59,14.455873547901906
10,60,17.576266539110573
10,61,15.957464388812047
10,62,19.506975580961242
10,63,21.407904859676627
10,64,20.200028332624566
10,65,19.328078228361306
10,66,22.137935975795784
10,67,21.322963591384813
10,68,20.15432226329696
10,69,20.052153680008253
10,70,22.95587026416055
10,71,23.21164246927349
10,72,25.290648098772632
10,73,26.32349344043573
10,74,29.672580676965286
10,75,33.0491809219159
10,76,32.0919262858832
10,77,29.08731028160829
10,78,27.43703837306662
10,79,24.45754919404379
10,80,25.67498873074454
10,81,23.562191276325198
10,82,22.655237763341546
10,83,20.986977019032704
10,84,22.109767131766123
10,85,21.03673540086408
10,86,23.979635318096484
10,87,22.776467008919344
10,88,19.0738563397601
10,89,20.333349069429673
10,90,21.55850161103826
10,91,24.752939645418707
11,1,15.812382461283255
11,2,14.371169770111125
11,3,12.368310313218197
11,4,10.535982563052313
11,5,10.035171274992466
11,6,8.643250278156387
11,7,6.378345408448662
11,8,5.241055307988734
11,9,5.354162566047346
11,10,3.7880682741880243
11,12,3.8109589424179307
11,13,5.641086932260163
11,14,5.4731776303100155
11,15,6.32234786078595
11,16,8.999798803496647
11,17,10.306077362791804
11,18,10.882156136174912
11,19,12.755282530884594
11,20,15.281347837822121
11,21,16.198013890328518
11,22,17.699247255525655
11,23,18.82298821926604
11,24,22.478016644901135
11,25,23.99096751031257
11,26,26.755028329092937
11,27,30.301665199244624
11,28,31.59769280433033
11,29,30.68363294538499
11,30,27.53458721275497
11,31,24.913045892355637
11,32,22.2613303078355
11,33,18.718847713313828
11,34,16.609677709037193
11,35,13.476922522251943
11,36,14.86156950489021
11,37,12.183382809074653
11,38,12.63516142761826
11,39,12.969422361520756
11,40,12.414492925167098
11,41,15.568210901940152
11,42,18.14048898435633
11,43,21.47002100283519
11,44,23.907142215729838
11,45,27.568918490320343
11,46,30.124978781780023
11,47,31.871683592045436
11,48,30.008544575299133
11,49,27.48557032840919
11,50,23.93441645187257
11,51,21.08751796635678
11,52,17.378266211218268
11,53,15.929476894422722
11,54,14.907578003946774
11,55,11.229385892767576
11,56,10.07813366184527
11,57,8.287666641943467
11,58,11.681385532427948
11,59,14.224731934760184
11,60,17.00186739489273
11,61,14.840798525288182
11,62,18.02822505961372
11,63,20.421574243420437
11,64,19.29887937801321
11,65,17.776789025361683
11,66,20.583151152605545
11,67,20.39451249828262
11,68,19.50656229111803
11,69,19.92715128584437
11,70,23.077647453080896
11,71,23.683285045581567
11,72,25.650101173216317
11,73,26.82351921161267
11,74,30.366043236189803
11,75,33.72010659255115
11,76,32.96518846413846
11,77,29.723958854031864
11,78,28.518008905338952
11,79,25.85799930933242
11,80,27.139622950483496
11,81,24.907150515962993
11,82,24.236038344763312
11,83,22.263157383694136
11,84,23.18094020929509
11,85,21.739090167482637
11,86,24.42868712166425
11,87,22.666147339056824
11,88,19.146143709869037
11,89,20.79246123883239
11,90,21.818148041159553
11,91,24.732422443098912
12,1,17.13403436739578
12,2,15.470423572860495
12,3,14.311599021597873
12,4,12.458471670952092
12,5,10.830868793127166
12,6,9.816040991555433
12,7,8.787930465363027
12,8,6.426891613955974
12,9,5.2339186110889795
12,10,5.205340035692847
12,11,3.8109589424179307
12,13,3.8284628732193613
12,14,5.481344820058165
12,15,5.082184210554844
12,16,6.557613311224454
12,17,8.929960925998712
12,18,10.28485856361019
12,19,11.193142740790913
12,20,13.235780880266939
12,21,14.853985601720105
12,22,16.60080369594932
12,23,16.962910731758097
12,24,20.436582060065575
12,25,21.551985784429206
12,26,24.028213316097478
12,27,27.68602659602682
12,28,28.724856741343928
12,29,27.74573131333593
12,30,24.437402255544256
12,31,21.79252878644897
12,32,19.4488598870555
12,33,15.889920209317996
12,34,13.931426662449436
12,35,10.759421523559979
12,36,11.910003942176381
12,37,9.698180152961797
12,38,9.541011146421589
12,39,9.313817813291717
12,40,8.823382812586722
12,41,12.047858611056391
12,42,14.913295179448168
12,43,18.32659625021713
12,44,20.486188617380904
12,45,24.157630935384255
12,46,26.669260183495663
12,47,28.254700686102016
12,48,26.335457418834384
12,49,23.728941684132856
12,50,20.21369807632685
12,51,17.33711261186189
12,52,13.624388016050581
12,53,12.359564439645007
12,54,11.461690754514347
12,55,7.955001676564098
12,56,7.834841536810067
12,57,6.73715049176496
12,58,10.275517428945657
12,59,13.233141127657621
12,60,15.49399000700703
12,61,12.949510281777972
12,62,16.158505224914176
12,63,18.13760886681057
12,64,16.47637621846752
12,65,15.03005294494584
12,66,17.537980860193475
12,67,17.055431703143867
12,68,15.86756822478189
12,69,16.158413037660434
12,70,19.27867198564815
12,71,19.934509117798346
12,72,21.965878684130114
12,73,23.322079259545724
12,74,26.844366363368493
12,75,30.2668923122441
12,76,29.726650970088507
12,77,26.50600454995456
12,78,25.451183194320215
12,79,22.846710935739765
12,80,23.909514459523997
12,81,21.499450000667093
12,82,20.86155221516783
12,83,18.758877961070603
12,84,19.689306661695085
12,85,18.315594820426806
12,86,21.097705724107787
12,87,19.35527869179377
12,88,15.922034952123308
12,89,17.941146195166247
12,90,19.40547413158339
12,91,22.49578759430177
13,1,19.26856207628252
13,2,17.00326452807431
13,3,15.704223998119879
13,4,14.660904674162131
13,5,12.960490899323304
13,6,10.913592393495701
13,7,10.367003438049187
13,8,9.146515409657498
13,9,6.67388072552105
13,10,5.058022400094919
13,11,5.641086932260163
13,12,3.8284628732193613
13,14,3.8074177986956244
13,15,5.47776548613637
13,16,5.345499796830942
13,17,6.346800324545497
13,18,8.752604111445532
13,19,10.198380175028014
13,20,11.480633190368183
13,21,12.479198677284543
13,22,14.884339121615447
13,23,15.495749340251614
13,24,18.80006463987972
13,25,19.672085544009466
13,26,22.447155264245787
13,27,26.074548284055872
13,28,26.999179561940668
13,29,25.712140867935407
13,30,22.517403048012042
13,31,19.657399264865685
13,32,16.936314096840352
13,33,13.574709861614082
13,34,11.104866848988925
13,35,7.863956212191212
13,36,9.530949374605836
13,37,7.340607295393388
13,38,8.663914964228825
13,39,8.883586123566939
13,40,7.9050056226237295
13,41,11.245662107769828
13,42,13.830420101732441
13,43,16.789475092452097
13,44,19.276857331706168
13,45,23.031071614404084
13,46,25.272052551330265
13,47,27.12100217381796
13,48,25.65401728628241
13,49,23.3767823586639
13,50,19.96854756712623
13,51,17.624249563902335
13,52,14.176705320361505
13,53,13.925344579647
13,54,13.415614116644498
13,55,10.335435440147727
13,56,11.178468424984338
13,57,9.776897524861383
13,58,12.801522991246943
13,59,16.17062666314391
13,60,18.536245541962167
13,61,16.17411881861344
13,62,19.48662084970612
13,63,21.07554127332944
13,64,19.045559843601232
13,65,17.87475783334127
13,66,19.993967349320055
13,67,19.042917072857986
13,68,17.184514193838897
13,69,16.73621293071624
13,70,19.329907708339952
13,71,19.24621659680763
13,72,20.914924733095486
13,73,21.72638348617092
13,74,25.22181449945472
13,75,28.498411426699576
13,76,27.540663209700018
13,77,24.377565423953193
13,78,22.981656662492806
13,79,20.27771978272109
13,80,21.7225586562893
13,81,19.75735091552731
13,82,19.451314138438565
13,83,17.985295610261197
13,84,19.60390612427091
13,85,18.953946243846815
13,86,22.165355599792253
13,87,20.93452153698496
13,88,17.51303627161762
13,89,19.566424674598963
13,90,21.508598305902225
13,91,24.884957232743464
14,1,20.936274430244154
14,2,19.017988668878306
14,3,17.071581057342872
14,4,15.788259672161052
14,5,14.92359570897234
14,6,12.868171991144543
14,7,11.26744929771508
14,8,10.447062296863885
14,9,9.066808390441457
14,10,6.383642176796931
14,11,5.4731776303100155
14,12,5.481344820058165
14,13,3.8074177986956244
14,15,3.807530980142151
14,16,5.263373899051261
14,17,5.053357748914431
14,18,5.944719892969509
14,19,8.384297084983142
14,20,10.501181780542376
14,21,10.870397181605913
14,22,12.692663786129904
14,23,14.103960469232199
14,24,17.680357390049604
14,25,19.234976930609044
14,26,22.313427904439564
14,27,25.739730504294673
14,28,27.163880387547497
14,29,26.239802667016637
14,30,23.363270346712735
14,31,20.876012690793853
14,32,17.855674130071765
14,33,14.374764013647772
14,34,12.438460868010246
14,35,9.998603360530007
14,36,12.549179237104159
14,37,10.81325610240345
14,38,12.384046645362535
14,39,12.095134743750796
14,40,10.193667508065452
14,41,12.82415345419035
14,42,14.637533715233248
14,43,17.56108576428877
14,44,20.508628892739228
14,45,24.12043824315108
14,46,26.649298912975837
14,47,28.869447379846104
14,48,27.34226637174939
14,49,25.35776064611445
14,50,21.783634064691665
14,51,19.5888692563415
14,52,16.237526629748682
14,53,15.867271063153312
14,54,15.918142804217142
14,55,12.885410272686256
14,56,13.167271268990195
14,57,12.140768860679406
14,58,15.564346625855327
14,59,18.584752761624195
14,60,20.967369334866852
14,61,18.36042133396537
14,62,21.414307107102285
14,63,23.450214128698253
14,64,21.539119807593067
14,65,19.819082699885172
14,66,21.86675703508533
14,67,21.449070190903257
14,68,19.677701276099718
14,69,19.481389605780205
14,70,22.050091626676146
14,71,21.90701061343573
14,72,23.157299712232604
14,73,23.648436683753822
14,74,27.297600798613768
14,75,30.35405329337137
14,76,29.213869667408087
14,77,25.853777773249327
14,78,24.673624453527438
14,79,22.311126297865997
14,80,24.18742784194918
14,81,22.536630913872738
14,82,22.654203699534005
14,83,21.329635036901266
14,84,23.051975133410952
14,85,22.36053428286056
14,86,25.476117879701864
14,87,23.94847207813984
14,88,20.655257983173296
14,89,22.894145870488856
14,90,24.665971160256344
14,91,27.865226349690907
15,1,21.681924253288848
15,2,20.212543554375184
15,3,18.578831264149315
15,4,16.604876020053986
15,5,15.593280446874747
15,6,14.397193338946659
15,7,12.655984104214589
15,8,10.757151719102529
15,9,10.088619510307723
15,10,8.60411818025436
15,11,6.32234786078595
15,12,5.082184210554844
15,13,5.47776548613637
15,14,3.807530980142151
15,16,3.8120038290741975
15,17,5.8260311032696395
15,18,5.693633050648255
15,19,6.560725632478402
15,20,9.394652651373073
15,21,10.880132400570375
15,22,11.94816213888341
15,23,12.675939787019546
15,24,16.37174213010077
15,25,18.126306756118097
15,26,20.852227672455093
15,27,24.302230901252972
15,28,25.871738874949035
15,29,25.346449193489136
15,30,22.408647872903135
15,31,20.279843301830574
15,32,17.66839711699363
15,33,13.929861078706622
15,34,12.82234612582325
15,35,10.741723827802911
15,36,13.259827922836125
15,37,12.139882490680023
15,38,12.697355893000054
15,39,11.375136950972685
15,40,9.048778144223853
15,41,11.118912700073086
15,42,12.854808366594009
15,43,16.194093344869042
15,44,18.94468681078768
15,45,22.423500385733057
15,46,25.30244207877778
15,47,27.42933401900568
15,48,25.493496564434725
15,49,23.418937627096774
15,50,19.69895895215644
15,51,17.285289022744383
15,52,13.921250997616232
15,53,13.159823851662258
15,54,13.703516038041005
15,55,11.025993739812552
15,56,11.30020075959524
15,57,11.387744324850889
15,58,15.079954787850394
15,59,17.76277535310539
15,60,19.59038046712368
15,61,16.52171097503361
15,62,19.153598878603756
15,63,21.32912221539793
15,64,19.30948564413059
15,65,17.1164986393128
15,66,18.937265591378758
15,67,18.964291202174056
15,68,17.375390685065245
15,69,17.637223069902486
15,70,20.395327338595223
15,71,20.684296911365966
15,72,21.926022702401944
15,73,22.744596500591356
15,74,26.502208051221796
15,75,29.59404882019015
15,76,28.848208448074956
15,77,25.334234672930485
15,78,24.67967760026554
15,79,22.63260058527269
15,80,24.2960474585352
15,81,22.370178189296478
15,82,22.58530442565391
15,83,20.869529318354854
15,84,22.28372916334802
15,85,21.257077741723034
15,86,24.0934552656647
15,87,22.122250026623867
15,88,19.112142265361346
15,89,21.728770410130632
15,90,23.448259138435816
15,91,26.421578111558016
16,1,23.652837253791116
16,2,21.764674532830156
16,3,20.543710374917094
16,4,18.934474293040793
16,5,17.29492736945156
16,6,15.862941253551561
16,7,14.903180703096815
16,8,12.957046370419736
16,9,11.293552545417441
16,10,10.06432193399635
16,11,8.999798803496647
16,12,6.557613311224454
16,13,5.345499796830942
16,14,5.263373899051261
16,15,3.8120038290741975
16,17,3.8225627893638383
16,18,5.609234454212511
16,19,5.318898793201242
16,20,6.690392058816253
16,21,8.712532800193266
16,22,10.568838623541724
16,23,10.53014175754392
16,24,13.919711781194867
16,25,15.08716075402119
16,26,17.76626279301228
16,27,21.346062264568456
16,28,22.604469460518217
16,29,21.82111312198604
16,30,18.787110110541303
16,31,16.515502624889557
16,32,13.924982021664686
16,33,10.189056745309227
16,34,9.123821558517378
16,35,7.382923023747189
16,36,10.218826100813377
16,37,10.001743926050558
16,38,10.776803195647158
16,39,8.998244161231867
16,40,5.951420383418916
16,41,7.7939899613101336
16,42,9.488240766059779
16,43,12.668549148719071
16,44,15.468624495437775
16,45,19.042135424495235
16,46,21.743738576104345
16,47,23.934714838332212
16,48,22.235625299887396
16,49,20.33176916719531
16,50,16.699907498971168
16,51,14.683198623218184
16,52,11.592297002228522
16,53,11.830781301907656
16,54,12.824517816274629
16,55,10.801176798385594
16,56,12.305310398497024
16,57,12.544717356851812
16,58,15.865105534741481
16,59,18.91965481858995
16,60,20.47932917406575
16,61,17.39555753215185
16,62,20.057168630040923
16,63,21.646424977351707
16,64,19.08017024486667
16,65,17.205319553304104
16,66,18.490924377962735
16,67,17.970679941934463
16,68,15.714945600534362
16,69,15.366977090598803
16,70,17.67145838469888
16,71,17.492926616482997
16,72,18.470203157508273
16,73,19.062595324563247
16,74,22.817724200803294
16,75,25.866810995710427
16,76,25.048996177672844
16,77,21.552215165512198
16,78,20.87030531833047
16,79,18.882529432724652
16,80,20.623357227639
16,81,18.863266422430893
16,82,19.406254018459375
16,83,18.018682231217273
16,84,19.8572463070713
16,85,19.35798885471826
16,86,22.454645672217552
16,87,20.838697872113386
16,88,18.004784281540744
16,89,20.861650218694837
16,90,23.121943023321794
16,91,26.324123521137402
17,1,25.418990416744528
17,2,23.255642315206
17,3,21.652714709983904
17,4,20.511656582834966
17,5,19.172634851226338
17,6,17.085356161981615
17,7,16.03505009408391
17,8,14.911912000977741
17,9,12.961378314887178
17,10,10.72622513176133
17,11,10.306077362791804
17,12,8.929960925998712
17,13,6.346800324545497
17,14,5.053357748914431
17,15,5.8260311032696395
17,16,3.8225627893638383
17,18,3.809049327015292
17,19,5.308128011262675
17,20,5.93354640922945
17,21,6.164552140736489
17,22,8.72049483611321
17,23,9.754498109324208
17,24,13.052548718832487
17,25,14.365270033436506
17,26,17.594775047642525
17,27,20.961163594272715
17,28,22.36361441182993
17,29,21.415700705974597
17,30,18.74008854056741
17,31,16.44078686186682
17,32,13.23671615030663
17,33,9.832580691690072
17,34,8.428722515973982
17,35,7.326027246427539
17,36,10.853019263264338
17,37,10.677992157053918
17,38,12.64332178540105
17,39,11.536617795020343
17,40,8.516458447517051
17,41,10.039829518057083
17,42,10.877840760485316
17,43,13.253013517265403
17,44,16.554470647935457
17,45,20.036443413089653
17,46,22.500525704990057
17,47,25.072166305077538
17,48,23.84374785240918
17,49,22.3857503842251
17,50,18.922811391174317
17,51,17.46443692399531
17,52,14.72442654438057
17,53,15.452064530376546
17,54,16.449228561785603
17,55,14.3394816153262
17,56,15.742217852971685
17,57,15.41140239397914
17,58,18.66204175606629
17,59,21.894386436812127
17,60,23.790508201098366
17,61,20.89446812188714
17,62,23.715366537017943
17,63,25.307385523124616
17,64,22.758962680543547
17,65,21.00555759880655
17,66,22.26122198984271
17,67,21.599721439468578
17,68,19.121082521365004
17,69,18.374920339948492
17,70,20.25602578664485
17,71,19.461236935232563
17,72,19.977617883430554
17,73,19.87208640006774
17,74,23.561566441244857
17,75,26.32286288369149
17,76,24.9634397416817
17,77,21.505204205782498
17,78,20.50303501449122
17,79,18.562346752136953
17,80,20.87407948411117
17,81,19.739008787854
17,82,20.64318440828515
17,83,19.887081739255333
17,84,22.20445693009122
17,85,22.170355233934032
17,86,25.489137367053576
17,87,24.18937276059336
17,88,21.296492129722786
17,89,24.001790048573405
17,90,26.364564993030523
17,91,29.70090447529674
18,1,26.649406601190726
18,2,24.896645466924674
18,3,22.928853007911112
18,4,21.409925783104853
18,5,20.618593045232693
18,6,18.78617332507691
18,7,17.026978163118546
18,8,15.894279348931876
18,9,14.772841582858224
18,10,12.327402343162145
18,11,10.882156136174912
18,12,10.28485856361019
18,13,8.752604111445532
18,14,5.944719892969509
18,15,5.693633050648255
18,16,5.609234454212511
18,17,3.809049327015292
18,19,3.749779369897729
18,20,6.23158621281829
18,21,6.044581627010957
18,22,6.885874173790196
18,23,8.877794971841084
18,24,12.545394504465598
18,25,14.804558034474852
18,26,18.09523432033726
18,27,21.178064213953753
18,28,23.16005037750944
18,29,22.785772153556575
18,30,20.443244429152436
18,31,18.705051999864363
18,32,15.585602457837716
18,33,12.18891656492257
18,34,11.66220219608946
18,35,11.026909209136772
18,36,14.547734502735505
18,37,14.285405992437779
18,38,15.922960625601162
18,39,14.494751351948874
18,40,11.256789421655617
18,41,12.214242441442675
18,42,12.433539691196781
18,43,14.881936146609807
18,44,18.333124734575826
18,45,21.534722949826026
18,46,24.364206195609547
18,47,27.121522680389326
18,48,25.646427939763083
18,49,24.343665976079063
18,50,20.744746863684824
18,51,19.23714651185535
18,52,16.546076792273993
18,53,16.8267614086275
18,54,18.1583620563802
18,55,16.030754945756307
18,56,16.85180030392957
18,57,16.893263663850483
18,58,20.468400168232602
18,59,23.349413626219143
18,60,25.174380820238227
18,61,22.055027373019115
18,62,24.574812654353753
18,63,26.586868150767433
18,64,24.228415292000605
18,65,21.965601593221827
18,66,23.198879705820683
18,67,23.137697885862174
18,68,20.960209977887637
18,69,20.67847429341721
18,70,22.722059219820494
18,71,22.195606975916803
18,72,22.520765460507537
18,73,22.398021583352612
18,74,26.171203172701823
18,75,28.762301067082035
18,76,27.46671664784315
18,77,23.861579929478637
18,78,23.261219318308406
18,79,21.7056382994928
18,80,24.12751989459799
18,81,23.034751059011978
18,82,24.082609732782473
18,83,23.151408760759885
18,84,25.270339799179876
18,85,24.938050883743802
18,86,28.038541029119695
18,87,26.338022379671454
18,88,23.557077902550983
18,89,26.397449589975277
18,90,28.501845099758725
18,91,31.611691806057962
19,1,28.181401421148983
19,2,26.546232250968362
19,3,24.969230656477098
19,4,23.15007158165712
19,5,21.98616684694027
19,6,20.594933104955647
19,7,19.069213546327813
19,8,17.270866810190643
19,9,16.17348702472479
19,10,14.450632310762332
19,11,12.755282530884594
19,12,11.193142740790913
19,13,10.198380175028014
19,14,8.384297084983142
19,15,6.560725632478402
19,16,5.318898793201242
19,17,5.308128011262675
19,18,3.749779369897729
19,20,3.822255799908738
19,21,5.716523463424103
19,22,5.841552186753408
19,23,6.189072812777906
19,24,9.966821652027551
19,25,12.234773079880256
19,26,15.159497899075292
19,27,18.32854063824186
19,28,20.349316140697518
19,29,20.288013401777697
19,30,17.898318545809747
19,31,16.542767320980186
19,32,13.88673184025958
19,33,10.373174314194387
19,34,10.8796318604823
19,35,10.89073323347061
19,36,14.310752621104848
19,37,14.822217520724102
19,38,15.815806500807897
19,39,13.569735114932355
19,40,9.918731291422198
19,41,9.832289073666038
19,42,9.463785357239624
19,43,12.070047867528125
19,44,15.399199652188225
19,45,18.428553098206844
19,46,21.517392502869402
19,47,24.255234674591595
19,48,22.54625691822736
19,49,21.346454283978073
19,50,17.72082085152047
19,51,16.37058397005068
