1,2,3.80936638789067
1,3,6.930232635313373
1,4,10.567543329246563
1,5,13.442636617604915
1,6,14.528316134161047
1,7,11.596734601329244
1,8,11.929795691159352
1,9,15.619829297038303
1,10,15.42118827451835
1,11,13.689709236318041
1,12,16.410437184483463
1,13,19.202219523239005
1,14,18.584929221170864
1,15,18.038315823215978
1,16,21.433176813654924
1,17,23.458086479497254
1,18,26.44827298882771
1,19,27.872256324501503
1,20,25.044811706860582
1,21,25.1302176434363
1,22,22.120231680160686
1,23,21.865461533401948
1,24,21.772813237661182
1,25,19.43077480631513
1,26,16.757673656942774
1,27,17.689591858750116
1,28,17.099242977409816
1,29,13.76237546189096
1,30,12.770363377553586
1,31,14.36565915968865
1,32,12.435791635383124
1,33,9.137173435821564
1,34,11.46407313006893
1,35,13.0492670776159
1,36,12.253028358096563
1,37,15.805397723105468
1,38,17.337017553938775
1,39,16.220374373938466
1,40,19.83943692463428
1,41,21.413665884180997
1,42,19.271748728490543
1,43,19.994875965768333
1,44,23.6037970829554
1,45,24.02180597749714
1,46,22.560194183623587
1,47,25.04767132149298
1,48,27.840174070601435
1,49,27.23786560426853
1,50,27.024244031994726
1,51,30.29658638111166
1,52,32.055486000706594
1,53,31.45882250555098
1,54,32.87074885201076
2,1,3.80936638789067
2,3,3.814462923785806
2,4,7.163234061512779
2,5,10.012705750106605
2,6,11.660639800506043
2,7,9.346330784517633
2,8,9.376450760389034
2,9,13.113071443460145
2,10,13.666674382219878
2,11,12.421850931695788
2,12,14.670479746284569
2,13,17.6126952486478
2,14,17.74282299799477
2,15,17.273082466539144
2,16,20.278057733290407
2,17,22.577680183306175
2,18,25.740708632326598
2,19,27.522343560443463
2,20,25.075040933066777
2,21,25.63801386552066
2,22,22.901437030215053
2,23,23.099311737580503
2,24,22.565560960183124
2,25,19.821303952334965
2,26,17.74255595561303
2,27,18.900273720013224
2,28,17.612656987681955
2,29,14.189956641947024
2,30,14.13133900523457
2,31,15.309216820039575
2,32,12.557364345421627
2,33,10.083850260977508
2,34,12.977946254744182
2,35,13.729974629701433
2,36,11.868522189265509
2,37,15.285064463825213
2,38,16.99980550840568
2,39,15.291174959273754
2,40,18.59203958550206
2,41,20.773047055659237
2,42,18.960870050131987
2,43,19.091004558087437
2,44,22.711843344873163
2,45,23.705011339121008
2,46,22.199638198484084
2,47,24.197509795367942
2,48,27.272138564203512
2,49,27.085100035426336
2,50,26.55829886150294
2,51,29.58745883571562
2,52,31.736188482175123
2,53,31.29728276445692
2,54,32.326054110918655
3,1,6.930232635313373
3,2,3.814462923785806
3,4,3.8029139204913776
3,5,6.606989311865552
3,6,7.856089051373319
3,7,5.765567696111573
3,8,6.320708838573984
3,9,9.78785797454042
3,10,10.464866206790457
3,11,10.019189215176599
3,12,12.211199680340558
3,13,14.810031076464258
3,14,15.410745351739434
3,15,15.49011597517228
3,16,18.185259982661623
3,17,20.319572554917215
3,18,23.71799561221702
3,19,25.522549064346197
3,20,23.33527436607686
3,21,24.428416131494398
3,22,22.130897639953808
3,23,22.452341579100686
3,24,21.325633491032658
3,25,18.481407581389416
3,26,17.028544357299833
3,27,17.99973706624995
3,28,16.01208004521988
3,29,12.85254346884428
3,30,13.50254830303683
3,31,13.993654310486452
3,32,10.650725116031794
3,33,9.23963844439482
3,34,12.36117403178229
3,35,12.307078589580492
3,36,9.64571719523214
3,37,12.861404747051948
3,38,14.45225323734394
3,39,12.291826294044824
3,40,15.295545448748719
3,41,17.83809444257696
3,42,16.345565145698323
3,43,16.11310015025197
3,44,19.63827789970057
3,45,21.047370853935618
3,46,19.690978064025174
3,47,21.339716732477225
3,48,24.495993620415714
3,49,24.711339495188653
3,50,24.139458714914124
3,51,26.903924296239264
3,52,29.259706399827124
3,53,29.119454140308587
3,54,29.967781808022842
4,1,10.567543329246563
4,2,7.163234061512779
4,3,3.8029139204913776
4,5,3.8054298160693656
4,6,5.439665018628852
4,7,5.440568522392502
4,8,6.323851870705695
4,9,8.777542668771762
4,10,10.243307637464019
4,11,10.995617961408136
4,12,12.517117517191377
4,13,14.727485201900318
4,14,16.151094187337353
4,15,16.64252523896603
4,16,18.731627059486076
4,17,20.833560117904124
4,18,24.369684509968273
4,19,26.331853012356763
4,20,24.557324784970938
4,21,26.146255564639784
4,22,24.255337335994092
4,23,24.77278675665263
4,24,23.195082341242795
4,25,20.273928137453336
4,26,19.42231858071447
4,27,20.27052840258172
4,28,17.73490250072025
4,29,14.957217579868832
4,30,16.1228276163783
4,31,15.980338764331048
4,32,12.309307381673573
4,33,11.855157363302213
4,34,14.739046533742151
4,35,13.796696771108193
4,36,10.411411780573513
4,37,12.806769944607765
4,38,14.62246685702657
4,39,12.17577248714334
4,40,14.472967017709788
4,41,17.583641336935486
4,42,16.776814181847985
4,43,16.063650063994782
4,44,19.2799217041927
4,45,21.320297801160176
4,46,20.225117013480666
4,47,21.284507564313383
4,48,24.524868119893284
4,49,25.294316121597912
4,50,24.601154795401932
4,51,26.947577315161972
4,52,29.601711960206103
4,53,29.79368405467721
4,54,30.31403070827709
5,1,13.442636617604915
5,2,10.012705750106605
5,3,6.606989311865552
5,4,3.8054298160693656
5,6,3.816468039275212
5,7,5.501056287736569
5,8,4.915365807104757
5,9,6.1292603036677695
5,10,8.741254094943997
5,11,9.909734289565451
5,12,10.34657518333885
5,13,12.445398133969249
5,14,14.614607497119485
5,15,15.051643180010819
5,16,16.48044134871218
5,17,18.753781929399125
5,18,22.220242362573142
5,19,24.492045987571544
5,20,23.20107530409824
5,21,25.11683164139019
5,22,23.569236714574554
5,23,24.567747807251475
5,24,22.76571000023814
5,25,19.59155952112122
5,26,19.39658627316515
5,27,20.570154745218854
5,28,17.72720007471351
5,29,15.114829111642578
5,30,17.10293154602592
5,31,16.972753250335977
5,32,13.193274898335376
5,33,13.606995812891281
5,34,16.755127837054225
5,35,15.78673166299266
5,36,12.299606835450938
5,37,14.437790567558709
5,38,15.554080536743596
5,39,12.433754946898759
5,40,13.97876433932745
5,41,17.39592613297205
5,42,16.630481352966694
5,43,15.073027048301705
5,44,18.16158953856022
5,45,20.54755848014842
5,46,19.171965413495933
5,47,19.624186728206165
5,48,23.091011301479092
5,49,24.070428423541426
5,50,22.92652550461069
5,51,25.006373296428936
5,52,27.97328568178922
5,53,28.144096286113445
5,54,28.23196317640026
6,1,14.528316134161047
6,2,11.660639800506043
6,3,7.856089051373319
6,4,5.439665018628852
6,5,3.816468039275212
6,7,3.7902133619939864
6,8,5.352920431375728
6,9,5.081684010538973
6,10,6.422729328575283
6,11,8.842636322647147
6,12,9.856761798425978
6,13,10.879069959405607
6,14,12.917770824029011
6,15,14.290102259902318
6,16,15.695627257404952
6,17,17.26129513292279
6,18,20.936919435143043
6,19,22.77299550060329
6,20,21.44522183895007
6,21,23.674828604016998
6,22,22.50578499009576
6,23,23.167071229767032
6,24,20.913497988184083
6,25,18.08140653663121
6,26,18.206341669060095
6,27,18.795501138396613
6,28,15.580207339780491
6,29,13.6030894881361
6,30,15.643195698535608
6,31,14.768211408717676
6,32,11.006990275928624
6,33,12.280059255947219
6,34,14.991345096379861
6,35,13.457635201971465
6,36,9.863362660860679
6,37,11.46365314381184
6,38,12.235002483028504
6,39,9.017879935254896
6,40,10.227434614523773
6,41,13.745005527746414
6,42,13.361255021241288
6,43,11.859685496107158
6,44,14.722452086529035
6,45,17.28932047323382
6,46,16.357383199751645
6,47,16.76938026577492
6,48,20.03181086389248
6,49,21.305328814327254
6,50,20.529218043588724
6,51,22.42560097779556
6,52,25.284814347076022
6,53,25.843094053661726
6,54,26.118291644503277
7,1,11.596734601329244
7,2,9.346330784517633
7,3,5.765567696111573
7,4,5.440568522392502
7,5,5.501056287736569
7,6,3.7902133619939864
7,8,3.8054000165799384
7,9,5.364224173864617
7,10,5.142465953988489
7,11,6.390036640098015
7,12,8.673134401312552
7,13,10.144241405831737
7,14,11.138235025149365
7,15,12.320086765204254
7,16,14.538335320416635
7,17,16.06266918953199
7,18,19.726267898719502
7,19,21.32909539852355
7,20,19.469850417637055
7,21,21.274849489115475
7,22,19.732856560897382
7,23,20.12734441873249
7,24,18.16281648211378
7,25,15.385844271891408
7,26,14.979857430900937
7,27,15.563797550686266
7,28,12.653661082926755
7,29,10.289668377140421
7,30,12.038231339021747
7,31,11.51933098448402
7,32,7.7237903420694565
7,33,8.617167649523564
7,34,11.6224778260497
7,35,10.71549450172207
7,36,7.534844600228552
7,37,10.188638544990543
7,38,10.700091380059717
7,39,7.585714006172681
7,40,10.018779610978424
7,41,12.880943482380138
7,42,11.619137371930496
7,43,10.749953127903446
7,44,14.155656822771657
7,45,15.991788687574225
7,46,14.788848281378245
7,47,16.005287162339645
7,48,19.196260814509426
7,49,19.8660084815101
7,50,19.305835146503757
7,51,21.730422451299198
7,52,24.24712877559195
7,53,24.499440146988476
7,54,25.2101582843927
8,1,11.929795691159352
8,2,9.376450760389034
8,3,6.320708838573984
8,4,6.323851870705695
8,5,4.915365807104757
8,6,5.352920431375728
8,7,3.8054000165799384
8,9,3.8219198372926853
8,10,5.490753257338929
8,11,5.216927172460537
8,12,6.2329717980843835
8,13,8.880459473074103
8,14,10.325476682322147
8,15,10.43794365297291
8,16,12.43937634687353
8,17,14.744050403563675
8,18,18.16652088170573
8,19,20.33371473844533
8,20,18.747740284247943
8,21,20.395950449533125
8,22,18.692349418910158
8,23,19.76051366740397
8,24,18.14657536343828
8,25,14.850946744480051
8,26,14.602664960914673
8,27,16.090317728828612
8,28,13.465856999607269
8,29,10.597559689848344
8,30,12.964957464348602
8,31,13.39465967966474
8,32,9.843547506095643
8,33,10.447075216156419
8,34,13.983767511190885
8,35,13.848633563952747
8,36,11.06319136691138
8,37,13.931757908652346
8,38,14.08557234125091
8,39,10.704544227420731
8,40,12.752660662815538
8,41,15.563054841601746
8,42,13.823789977766738
8,43,12.254299094177476
8,44,15.795737726327479
8,45,17.529843175435357
8,46,15.573586429183576
8,47,16.49605055020636
8,48,20.02587902591865
8,49,20.398560470017983
8,50,19.165755953453008
8,51,21.704464980227275
8,52,24.453797769307034
8,53,24.22337342568808
8,54,24.559624195540966
9,1,15.619829297038303
9,2,13.113071443460145
9,3,9.78785797454042
9,4,8.777542668771762
9,5,6.1292603036677695
9,6,5.081684010538973
9,7,5.364224173864617
9,8,3.8219198372926853
9,10,3.7935603508624394
9,11,5.439301830707776
9,12,4.993019887752145
9,13,6.339383884762935
9,14,8.896681451017674
9,15,9.769196445703667
9,16,10.765105599234452
9,17,12.724220035383333
9,18,16.253064381004346
9,19,18.47561713501237
9,20,17.450674415631212
9,21,19.7102323725052
9,22,18.694336482905804
9,23,19.986615101686095
9,24,17.827969921993947
9,25,14.595343829707655
9,26,15.306127037872965
9,27,16.607324600203796
9,28,13.477739943028082
9,29,11.433209996776906
9,30,14.419380665870678
9,31,14.257654333463485
9,32,10.831551359492984
9,33,12.588998514117044
9,34,15.773604440786464
9,35,15.138944671575617
9,36,12.261896937801456
9,37,14.385119454149569
9,38,13.923454158953943
9,39,10.156409847026017
9,40,11.081161610431353
9,41,14.12329630205257
9,42,12.785762371920676
9,43,10.339403643009861
9,44,13.485614309536539
9,45,15.723883735092272
9,46,13.813691467175527
9,47,13.945536706080256
9,48,17.594085830793958
9,49,18.446625746369072
9,50,16.96660925088251
9,51,19.043397716550714
9,52,22.09209500677826
9,53,22.14452652849914
9,54,22.113840081769272
10,1,15.42118827451835
10,2,13.666674382219878
10,3,10.464866206790457
10,4,10.243307637464019
10,5,8.741254094943997
10,6,6.422729328575283
10,7,5.142465953988489
10,8,5.490753257338929
10,9,3.7935603508624394
10,11,3.825867941194671
10,12,5.377440532033298
10,13,5.300558972800415
10,14,6.57248181604408
10,15,8.595332982377375
10,16,10.214736414633865
10,17,11.217356588915967
10,18,14.964615432182455
10,19,16.511498538334298
10,20,15.030697712315632
10,21,17.341757087070228
10,22,16.47400061991772
10,23,17.243793317458334
10,24,14.777633934691089
10,25,11.923758134865759
10,26,12.697461129892337
10,27,13.401019213536083
10,28,10.017073135182233
10,29,8.522406254352651
10,30,11.513757597250367
10,31,10.866192380461444
10,32,7.684513962152811
10,33,10.219374198776936
10,34,12.996331736188015
10,35,12.34935518454008
10,36,9.996138540711202
10,37,12.043234892960962
10,38,10.8596338334382
10,39,7.100264040050372
10,40,8.294656589882937
10,41,10.8146161312897
10,42,9.072846521865022
10,43,6.872008321640051
10,44,10.353319104224878
10,45,12.22975719953245
10,46,10.45972735262727
10,47,11.196470021521698
10,48,14.646712166650037
10,49,15.349951887959703
10,50,14.40382836587129
10,51,16.725891062036794
10,52,19.425288472740412
10,53,19.65243474464895
10,54,20.150650892671536
11,1,13.689709236318041
11,2,12.421850931695788
11,3,10.019189215176599
11,4,10.995617961408136
11,5,9.909734289565451
11,6,8.842636322647147
11,7,6.390036640098015
11,8,5.216927172460537
11,9,5.439301830707776
11,10,3.825867941194671
11,12,3.8018589715300464
11,13,5.568823683693717
11,14,5.447165627954457
11,15,5.968609482628304
11,16,8.663124185037885
11,17,10.333961576243814
11,18,13.791189306156344
11,19,15.541074856147747
11,20,13.643003751268862
11,21,15.277765134678862
11,22,13.770140103844005
11,23,14.808385456253626
11,24,13.007094296461807
11,25,9.692672387124222
11,26,9.919081248527089
11,27,11.48154382193927
11,28,8.811542700641931
11,29,6.253113043625447
11,30,9.522578610423809
11,31,10.167853526230196
11,32,7.417471127293001
11,33,9.081434630141237
11,34,12.36303319860912
11,35,12.854290308102955
11,36,11.171493938824975
11,37,14.022371367718105
11,38,12.837663131778031
11,39,9.49766088322182
11,40,11.447653901915121
11,41,13.269797278895535
11,42,10.605425249239257
11,43,8.950988331459945
11,44,12.654827359575679
11,45,13.593360779556116
11,46,11.061442312511863
11,47,12.454162467399744
11,48,15.887678917574393
11,49,15.68412979357848
11,50,14.471935047899603
11,51,17.399847384575658
11,52,19.8480064195041
11,53,19.364912157154496
11,54,20.032180906392497
12,1,16.410437184483463
12,2,14.670479746284569
12,3,12.211199680340558
12,4,12.517117517191377
12,5,10.34657518333885
12,6,9.856761798425978
12,7,8.673134401312552
12,8,6.2329717980843835
12,9,4.993019887752145
12,10,5.377440532033298
12,11,3.8018589715300464
12,13,3.8286228856316487
12,14,5.574114146332364
12,15,5.034162749336503
12,16,6.228026394317419
12,17,8.838323555159448
12,18,12.069548349030885
12,19,14.586547059665673
12,20,13.537446952596909
12,21,15.463244214995424
12,22,14.360236137756054
12,23,16.237961367530982
12,24,14.471902973695975
12,25,10.87658180821302
12,26,11.953946096060466
12,27,14.065109472895333
12,28,11.500420399110526
12,29,9.386611034207007
12,30,12.938728839772445
12,31,13.716284023102626
12,32,11.127183480686394
12,33,12.853512012489135
12,34,16.161331277446262
12,35,16.534759595000864
12,36,14.582225150522886
12,37,17.150379777543176
12,38,15.898577891063058
12,39,12.283596332948541
12,40,13.374994766633082
12,41,15.474578304552658
12,42,13.113807318372059
12,43,10.538814858152648
12,44,13.79829571345046
12,45,15.097064177985821
12,46,12.190079100578771
12,47,12.565673680680892
12,48,16.284269148189995
12,49,16.249252778724994
12,50,14.204742491152206
12,51,16.78500042886294
12,52,19.681004334621186
12,53,18.973967879853156
12,54,18.9251613855204
13,1,19.202219523239005
13,2,17.6126952486478
13,3,14.810031076464258
13,4,14.727485201900318
13,5,12.445398133969249
13,6,10.879069959405607
13,7,10.144241405831737
13,8,8.880459473074103
13,9,6.339383884762935
13,10,5.300558972800415
13,11,5.568823683693717
13,12,3.8286228856316487
13,14,3.7941556490077972
13,15,5.501047974596967
13,16,5.395005290078111
13,17,6.453283838313377
13,18,10.078701287316079
13,19,12.18716841052075
13,20,11.555007127556669
13,21,14.243696099207412
13,22,14.054380133320393
13,23,15.75355507319486
13,24,13.267866871018468
13,25,10.142451160078478
13,26,12.22435623811193
13,27,13.665654405172255
13,28,10.639658960265425
13,29,9.813271558780142
13,30,13.541676785736334
13,31,13.530685937189682
13,32,11.35685608265234
13,33,14.018492738146826
13,34,16.754907885156115
13,35,16.694702432300925
13,36,14.93926093149744
13,37,16.83713286720458
13,38,14.919841928497396
13,39,11.360794411761931
13,40,11.498247571273513
13,41,13.264199145423305
13,42,11.162086430353416
13,43,7.951919077162361
13,44,10.662851409632596
13,45,12.132691043073226
13,46,9.272408030727606
13,47,8.960452271978097
13,48,12.743975478873804
13,49,13.105258567759236
13,50,10.999290269119872
13,51,13.23689577952792
13,52,16.30562104298129
13,53,16.003814246225016
13,54,15.860419128391852
14,1,18.584929221170864
14,2,17.74282299799477
14,3,15.410745351739434
14,4,16.151094187337353
14,5,14.614607497119485
14,6,12.917770824029011
14,7,11.138235025149365
14,8,10.325476682322147
14,9,8.896681451017674
14,10,6.57248181604408
14,11,5.447165627954457
14,12,5.574114146332364
14,13,3.7941556490077972
14,15,3.796492639205737
14,16,5.375858187540558
14,17,5.300206990835962
14,18,8.889936381253163
14,19,10.222009679265433
14,20,8.607837728531008
14,21,10.980626527842464
14,22,10.628438471201767
14,23,12.016865513012446
14,24,9.51538888173357
14,25,6.398111900076096
14,26,8.67478321534012
14,27,10.051517540090313
14,28,7.321276085946343
14,29,6.96498209246507
14,30,10.711591038851125
14,31,11.002205000163713
14,32,9.725681443295068
14,33,12.39289326502317
14,34,14.78960044966089
14,35,15.324600988883683
14,36,14.41679043099796
14,37,16.525697441044166
14,38,14.163672257302444
14,39,11.12481842019909
14,40,11.830213181573637
14,41,12.611920856526066
14,42,9.662667569649807
14,43,7.278621001123894
14,44,10.174872396032532
14,45,10.430650386369942
14,46,7.0371181077498495
14,47,8.068375246749776
14,48,11.4628849363672
14,49,10.860015179880047
14,50,9.149659948105963
14,51,12.221844142758139
14,52,14.637995942225919
14,53,13.971608972121569
14,54,14.607334859358831
15,1,18.038315823215978
15,2,17.273082466539144
15,3,15.49011597517228
15,4,16.64252523896603
15,5,15.051643180010819
15,6,14.290102259902318
15,7,12.320086765204254
15,8,10.43794365297291
15,9,9.769196445703667
15,10,8.595332982377375
15,11,5.968609482628304
15,12,5.034162749336503
15,13,5.501047974596967
15,14,3.796492639205737
15,16,3.8152100596696337
15,17,5.840664120035321
15,18,8.50472044014782
15,19,10.695552963114336
15,20,9.170759800121354
15,21,10.588617349258621
15,22,9.450965639880462
15,23,11.74054612839909
15,24,10.341819999793845
15,25,6.614484009116992
15,26,8.310192562358093
15,27,10.975355994831428
15,28,9.30189449663273
15,29,7.835246277127238
15,30,11.464693403796224
15,31,12.893939412353228
15,32,11.627264456525186
15,33,13.370749939162701
15,34,16.2293980665087
15,35,17.39707980223128
15,36,16.495191096596383
15,37,19.1398886048638
15,38,17.16800081832722
15,39,14.084299880727091
15,40,15.253846252794983
15,41,16.23149892635594
15,42,13.113403481804786
15,43,11.000793112572447
15,44,13.968720162843328
15,45,14.030547518452984
15,46,10.459345739734173
15,47,11.447785608757881
15,48,14.724602082745633
15,49,13.590635525162279
15,50,11.382366085419466
15,51,14.580776854457245
15,52,16.90939100967387
15,53,15.466611776997109
15,54,15.81721074718026
16,1,21.433176813654924
16,2,20.278057733290407
16,3,18.185259982661623
16,4,18.731627059486076
16,5,16.48044134871218
16,6,15.695627257404952
16,7,14.538335320416635
16,8,12.43937634687353
16,9,10.765105599234452
16,10,10.214736414633865
16,11,8.663124185037885
16,12,6.228026394317419
16,13,5.395005290078111
16,14,5.375858187540558
16,15,3.8152100596696337
16,17,3.831312586085316
16,18,6.071987259398117
16,19,9.183559034837335
16,20,9.111446283491627
16,21,11.209135883598146
16,22,11.153183239659754
16,23,13.933584864087779
16,24,12.274187939309442
16,25,8.990689479686534
16,26,11.554482576744965
16,27,13.985110800425934
16,28,12.1236324914074
16,29,11.343368123712128
16,30,15.051383458889893
16,31,16.068042649265514
16,32,14.721543832131918
16,33,16.856814080830706
16,34,19.645731981091643
16,35,20.434340239122616
16,36,19.252784424001142
16,37,21.52064261749425
16,38,19.379835323267553
16,39,16.100950711745888
16,40,16.459647209678923
16,41,17.566737339069057
16,42,14.899744824836256
16,43,12.075743560701302
16,44,14.366657119564673
16,45,14.791959100013758
16,46,11.193614113320752
16,47,10.927766431415094
16,48,14.253531808130848
16,49,13.474742262369434
16,50,10.449197046414596
16,51,12.995219522205888
16,52,15.782456951296204
16,53,14.278316627798386
16,54,13.74117133915431
17,1,23.458086479497254
17,2,22.577680183306175
17,3,20.319572554917215
17,4,20.833560117904124
17,5,18.753781929399125
17,6,17.26129513292279
17,7,16.06266918953199
17,8,14.744050403563675
17,9,12.724220035383333
17,10,11.217356588915967
17,11,10.333961576243814
17,12,8.838323555159448
17,13,6.453283838313377
17,14,5.300206990835962
17,15,5.840664120035321
17,16,3.831312586085316
17,18,3.7858180827241457
17,19,5.896699016117614
17,20,6.1911607361185395
17,21,9.198728538735258
17,22,10.299066162975462
17,23,12.65187973148857
17,24,10.340937878587306
17,25,7.929354721671483
17,26,11.35186388252775
17,27,12.989735395484391
17,28,11.083498395991894
17,29,11.557045111984133
17,30,15.108593700075081
17,31,15.562101930744085
17,32,14.861095609725092
17,33,17.53027702940706
17,34,19.72848189167318
17,35,20.345846632261207
17,36,19.583696899913786
17,37,21.38627851530704
17,38,18.69881476983074
17,39,15.797490846214298
17,40,15.64267709168695
17,41,16.040947068826693
17,42,13.455162408991852
17,43,10.712296633247773
17,44,12.226549276597819
17,45,12.145419252632074
17,46,8.542228248179985
17,47,7.961648731268823
17,48,10.86944621714323
17,49,9.894803132793008
17,50,6.661556520523087
17,51,9.288287403696247
17,52,11.954085492844044
17,53,10.55838312796672
17,54,10.237557903888018
18,1,26.44827298882771
18,2,25.740708632326598
18,3,23.71799561221702
18,4,24.369684509968273
18,5,22.220242362573142
18,6,20.936919435143043
18,7,19.726267898719502
18,8,18.16652088170573
18,9,16.253064381004346
18,10,14.964615432182455
18,11,13.791189306156344
18,12,12.069548349030885
18,13,10.078701287316079
18,14,8.889936381253163
18,15,8.50472044014782
18,16,6.071987259398117
18,17,3.7858180827241457
18,19,3.81507603747596
18,20,5.855359029236109
18,21,8.28534953380978
18,22,10.182223696073565
18,23,13.027883495705881
18,24,11.335070370640587
18,25,9.593245533079054
18,26,13.097550953611677
18,27,14.924699905454881
18,28,13.763377283772703
18,29,14.449990023427514
18,30,17.761047419872256
18,31,18.524479491569902
18,32,18.23955449442058
18,33,20.728405531611315
18,34,22.81782073134579
18,35,23.71032445990991
18,36,23.191098109382683
18,37,25.013586992967046
18,38,22.19550077704501
18,39,19.459809543756165
18,40,19.218627692796336
18,41,19.31257761913162
18,42,16.71121755141682
18,43,14.177993641059398
18,44,15.223198905785583
18,45,14.677320838110575
18,46,11.18667482305462
18,47,10.40305268757146
18,48,12.472297792052638
18,49,10.922288369274975
18,50,7.344445012690468
18,51,9.434203457609536
18,52,11.591929693024678
18,53,9.249918659455565
18,54,8.304708056892446
19,1,27.872256324501503
19,2,27.522343560443463
19,3,25.522549064346197
19,4,26.331853012356763
19,5,24.492045987571544
19,6,22.77299550060329
19,7,21.32909539852355
19,8,20.33371473844533
19,9,18.47561713501237
19,10,16.511498538334298
19,11,15.541074856147747
19,12,14.586547059665673
19,13,12.18716841052075
19,14,10.222009679265433
19,15,10.695552963114336
19,16,9.183559034837335
19,17,5.896699016117614
19,18,3.81507603747596
19,20,3.7971656368802815
19,21,6.57263310148975
19,22,9.621315392422341
19,23,11.685487105088704
19,24,9.71234571872085
19,25,9.31076654804969
19,26,13.001706773990096
19,27,14.026468049585882
19,28,13.235080683754486
19,29,14.850509626609002
19,30,17.719159260284318
19,31,18.143182003922032
19,32,18.56269519582671
19,33,21.23155736012254
19,34,22.73830050249157
19,35,23.64178646326666
19,36,23.637452002677446
19,37,25.15263761207179
19,38,21.97217684860248
19,39,19.758996123314258
19,40,19.361761982344056
19,41,18.707032539537217
19,42,16.131705251942744
19,43,14.154914956303942
19,44,14.562902298437008
19,45,13.209044976704808
19,46,10.08232047271788
19,47,9.606157954526411
19,48,10.569603784130459
19,49,8.29097840754965
19,50,5.157908657122456
19,51,7.357309149163645
19,52,8.478657836104246
19,53,5.648393085876369
19,54,5.747277892004635
20,1,25.044811706860582
20,2,25.075040933066777
20,3,23.33527436607686
20,4,24.557324784970938
20,5,23.20107530409824
20,6,21.44522183895007
20,7,19.469850417637055
20,8,18.747740284247943
20,9,17.450674415631212
20,10,15.030697712315632
20,11,13.643003751268862
20,12,13.537446952596909
20,13,11.555007127556669
20,14,8.607837728531008
20,15,9.170759800121354
20,16,9.111446283491627
20,17,6.1911607361185395
20,18,5.855359029236109
20,19,3.7971656368802815
20,21,3.804021662542792
20,22,6.511612688084559
20,23,8.076099199792264
20,24,5.942994611315147
20,25,5.84589800848481
20,26,9.451034196039684
20,27,10.310179327069228
20,28,9.95455212082658
20,29,11.732484811519855
20,30,14.262527200387845
20,31,14.885836578766092
20,32,15.721721025865095
20,33,18.15752334404666
20,34,19.463260959580698
20,35,20.690477417906198
20,36,21.071072231654416
20,37,22.79229844121816
20,38,19.638386451341926
20,39,17.698432113912705
20,40,17.89166793032437
20,41,16.983666360358427
20,42,13.931166336335163
20,43,12.62209025589114
20,44,13.580521135270471
20,45,11.680039504683364
20,46,8.353599398864793
20,47,9.366038986010075
20,48,10.450009576201387
20,49,7.484105240613019
20,50,5.575222851063376
20,51,9.042238337934496
20,52,9.633901096271638
20,53,7.180918877795197
20,54,8.862982137053265
21,1,25.1302176434363
21,2,25.63801386552066
21,3,24.428416131494398
21,4,26.146255564639784
21,5,25.11683164139019
21,6,23.674828604016998
21,7,21.274849489115475
21,8,20.395950449533125
21,9,19.7102323725052
21,10,17.341757087070228
21,11,15.277765134678862
21,12,15.463244214995424
21,13,14.243696099207412
21,14,10.980626527842464
21,15,10.588617349258621
21,16,11.209135883598146
21,17,9.198728538735258
21,18,8.28534953380978
21,19,6.57263310148975
21,20,3.804021662542792
21,22,3.8002595705166695
21,23,5.616903312458359
21,24,5.46410699229725
21,25,6.140835428921348
21,26,8.684381876937405
21,27,9.925907958468828
21,28,10.931964287543975
21,29,12.380898744406263
21,30,14.259746715205042
21,31,15.6126942775058
21,32,16.94398761867915
21,33,18.743821556197055
21,34,19.919845330007913
21,35,21.763850690363974
21,36,22.56797123039919
21,37,24.617484705148254
21,38,21.603087820992698
21,39,19.914358172929674
21,40,20.648702017791955
21,41,19.59003141687904
21,42,16.222962640214377
21,43,15.486116157735626
21,44,16.761981122497932
21,45,14.485348277838991
21,46,11.324827944603443
21,47,12.96720445685429
21,48,13.807932303185677
21,49,10.44003852892243
21,50,9.224513239785999
21,51,12.53779763816868
21,52,12.432218926951355
21,53,9.482423161439765
21,54,11.474199050943627
22,1,22.120231680160686
22,2,22.901437030215053
22,3,22.130897639953808
22,4,24.255337335994092
22,5,23.569236714574554
22,6,22.50578499009576
22,7,19.732856560897382
22,8,18.692349418910158
22,9,18.694336482905804
22,10,16.47400061991772
22,11,13.770140103844005
22,12,14.360236137756054
22,13,14.054380133320393
22,14,10.628438471201767
22,15,9.450965639880462
22,16,11.153183239659754
22,17,10.299066162975462
22,18,10.182223696073565
22,19,9.621315392422341
22,20,6.511612688084559
22,21,3.8002595705166695
22,23,3.8299713688052437
22,24,5.4044904904556725
22,25,4.957159391890003
22,26,5.991499242080139
22,27,8.249901702039578
22,28,9.912768378134464
22,29,10.407603060881556
22,30,11.951441009450596
22,31,14.100772084486174
22,32,15.375321411960945
22,33,16.505574526294307
22,34,17.910061733392535
22,35,20.22551997328898
22,36,21.095742723340983
22,37,23.600800541926294
22,38,20.975139208306373
22,39,19.259169954754054
22,40,20.66251397686735
22,41,19.900539938220398
22,42,16.23082569761962
22,43,15.787589885505474
22,44,17.801447662872317
22,45,15.718613253908934
22,46,12.455155023904874
22,47,14.680030063446148
22,48,16.08015206810471
22,49,12.937862050193367
22,50,11.879299266319798
22,51,15.510665899086593
22,52,15.761479642518779
22,53,13.103549913423178
22,54,14.979055215404951
23,1,21.865461533401948
23,2,23.099311737580503
23,3,22.452341579100686
23,4,24.77278675665263
23,5,24.567747807251475
23,6,23.167071229767032
23,7,20.12734441873249
23,8,19.76051366740397
23,9,19.986615101686095
23,10,17.243793317458334
23,11,14.808385456253626
23,12,16.237961367530982
23,13,15.75355507319486
23,14,12.016865513012446
23,15,11.74054612839909
23,16,13.933584864087779
23,17,12.65187973148857
23,18,13.027883495705881
23,19,11.685487105088704
23,20,8.076099199792264
23,21,5.616903312458359
23,22,3.8299713688052437
23,24,3.8092124458971774
23,25,5.619843352287079
23,26,5.430789145288778
23,27,5.969123724162853
23,28,8.717999050990983
23,29,9.999180776857818
23,30,10.45513937609397
23,31,12.336046368140716
23,32,14.476004833263866
23,33,15.474393158596186
23,34,16.095977970155623
23,35,18.565954465322683
23,36,20.079386987651247
23,37,22.3677055924988
23,38,19.641991342438363
23,39,18.5983958540612
23,40,20.19150489636243
23,41,18.859376889339295
23,42,15.17856968742485
23,43,15.629546189810721
23,44,17.44330145678073
23,45,14.807486344526009
23,46,12.186739812405303
23,47,15.100512634472508
23,48,15.91873323802992
23,49,12.59836687720451
23,50,12.688941247800315
23,51,16.3207744288835
23,52,15.95660827026634
23,53,13.790745128584769
23,54,16.43231249089278
24,1,21.772813237661182
24,2,22.565560960183124
24,3,21.325633491032658
24,4,23.195082341242795
24,5,22.76571000023814
24,6,20.913497988184083
24,7,18.16281648211378
24,8,18.14657536343828
24,9,17.827969921993947
24,10,14.777633934691089
24,11,13.007094296461807
24,12,14.471902973695975
24,13,13.267866871018468
24,14,9.51538888173357
24,15,10.341819999793845
24,16,12.274187939309442
24,17,10.340937878587306
24,18,11.335070370640587
24,19,9.71234571872085
24,20,5.942994611315147
24,21,5.46410699229725
24,22,5.4044904904556725
24,23,3.8092124458971774
24,25,3.805452703522673
24,26,5.466156480298966
24,27,4.881670982991572
24,28,6.177442394628206
24,29,8.522189828292566
24,30,9.696155195158344
24,31,10.537409811879932
24,32,12.498511085502674
24,33,14.355974247225422
24,34,14.937774459436849
24,35,16.74648055906413
24,36,18.015306662222976
24,37,19.913084123022198
24,38,16.874880540521374
24,39,15.756146809696602
24,40,16.907806411142104
24,41,15.443731906871518
24,42,11.883334162762784
24,43,12.18938297471895
24,44,13.720186939380618
24,45,11.048004508873197
24,46,8.431873643720131
24,47,11.434469995389545
24,48,12.20201358597612
24,49,9.04824356340562
24,50,9.441580609229348
24,51,13.09992267913219
24,52,12.945668090952667
24,53,11.378308423445052
24,54,14.112555505415251
25,1,19.43077480631513
25,2,19.821303952334965
25,3,18.481407581389416
25,4,20.273928137453336
25,5,19.59155952112122
25,6,18.08140653663121
25,7,15.385844271891408
25,8,14.850946744480051
25,9,14.595343829707655
25,10,11.923758134865759
25,11,9.692672387124222
25,12,10.87658180821302
25,13,10.142451160078478
25,14,6.398111900076096
25,15,6.614484009116992
25,16,8.990689479686534
25,17,7.929354721671483
25,18,9.593245533079054
25,19,9.31076654804969
25,20,5.84589800848481
25,21,6.140835428921348
25,22,4.957159391890003
25,23,5.619843352287079
25,24,3.805452703522673
25,26,3.8020279473909677
25,27,5.488375360088264
25,28,5.44001746900654
25,29,6.277598948364859
25,30,8.669258791781386
25,31,10.067138194783526
25,32,10.92265698764175
25,33,12.737782857777793
25,34,14.261347340767998
25,35,16.024263635142123
25,36,16.58865638561004
25,37,18.916396332974376
25,38,16.229830651822358
25,39,14.355472806843634
25,40,15.718689704347048
25,41,15.121794810630178
25,42,11.44262336614054
25,43,10.930633854140343
25,44,13.25351309409194
25,45,11.530675123928532
25,46,8.198930508022414
25,47,10.824288527940103
25,48,12.73598617065703
25,49,10.261546840676695
25,50,9.502658654622957
25,51,13.328205932652551
25,52,14.214283083906386
25,53,12.589169351608192
25,54,14.476394953128398
26,1,16.757673656942774
26,2,17.74255595561303
26,3,17.028544357299833
26,4,19.42231858071447
26,5,19.39658627316515
26,6,18.206341669060095
26,7,14.979857430900937
26,8,14.602664960914673
26,9,15.306127037872965
26,10,12.697461129892337
26,11,9.919081248527089
26,12,11.953946096060466
26,13,12.22435623811193
26,14,8.67478321534012
26,15,8.310192562358093
26,16,11.554482576744965
26,17,11.35186388252775
26,18,13.097550953611677
26,19,13.001706773990096
26,20,9.451034196039684
26,21,8.684381876937405
26,22,5.991499242080139
26,23,5.430789145288778
26,24,5.466156480298966
26,25,3.8020279473909677
26,27,3.8196047123412056
26,28,5.433519474186882
26,29,4.936151331017867
26,30,6.002611212417462
26,31,8.576162484940157
26,32,9.832280373418461
26,33,10.57011811858156
26,34,12.012280093457067
26,35,14.499246791984833
26,36,15.492674786619979
26,37,18.24732166640588
26,38,16.02169911161506
26,39,14.528485699882518
26,40,16.70192777872534
26,41,16.148024127722113
26,42,12.324376492023742
26,43,12.638591324556147
26,44,15.398563349936408
26,45,13.655630953666584
26,46,10.847461363426108
26,47,13.945565569366776
26,48,15.81116174619512
26,49,13.40659473596906
26,50,13.162562384222811
26,51,16.976464072202525
26,52,17.662324821165353
26,53,16.10701403531549
26,54,18.20499773013389
27,1,17.689591858750116
27,2,18.900273720013224
27,3,17.99973706624995
27,4,20.27052840258172
27,5,20.570154745218854
27,6,18.795501138396613
27,7,15.563797550686266
27,8,16.090317728828612
27,9,16.607324600203796
27,10,13.401019213536083
27,11,11.48154382193927
27,12,14.065109472895333
27,13,13.665654405172255
27,14,10.051517540090313
27,15,10.975355994831428
27,16,13.985110800425934
27,17,12.989735395484391
27,18,14.924699905454881
27,19,14.026468049585882
27,20,10.310179327069228
27,21,9.925907958468828
27,22,8.249901702039578
27,23,5.969123724162853
27,24,4.881670982991572
27,25,5.488375360088264
27,26,3.8196047123412056
27,28,3.799958488663602
27,29,5.505652319384724
27,30,5.118516303556473
27,31,6.383560986835735
27,32,8.918499860900697
27,33,10.062289236547969
27,34,10.315700424331204
27,35,12.611336765447525
27,36,14.316447971472146
27,37,16.542731786174844
27,38,13.980844685640207
27,39,13.303502450877815
27,40,15.397795643331243
27,41,14.089157391941367
27,42,10.351570498574223
27,43,11.681296300061975
27,44,13.96329400755905
27,45,11.652967277213143
27,46,9.71140119470992
27,47,13.342419167963229
27,48,14.517643481889287
27,49,12.148294525808483
27,50,12.99823593914796
27,51,16.62430034285986
27,52,16.801191612401876
27,53,15.852945847637
27,54,18.50597099357873
28,1,17.099242977409816
28,2,17.612656987681955
28,3,16.01208004521988
28,4,17.73490250072025
28,5,17.72720007471351
28,6,15.580207339780491
28,7,12.653661082926755
28,8,13.465856999607269
28,9,13.477739943028082
28,10,10.017073135182233
28,11,8.811542700641931
28,12,11.500420399110526
28,13,10.639658960265425
28,14,7.321276085946343
28,15,9.30189449663273
28,16,12.1236324914074
28,17,11.083498395991894
28,18,13.763377283772703
28,19,13.235080683754486
28,20,9.95455212082658
28,21,10.931964287543975
28,22,9.912768378134464
28,23,8.717999050990983
28,24,6.177442394628206
28,25,5.44001746900654
28,26,5.433519474186882
28,27,3.799958488663602
28,29,3.7981537398568883
28,30,5.271073563455637
28,31,4.939188620897534
28,32,6.39012991882567
28,33,8.796953734812533
28,34,9.561662073474208
28,35,10.874621122993215
28,36,11.848462945586146
28,37,13.871980221855262
28,38,11.103223902683048
28,39,9.894331755250851
28,40,11.754284173732103
28,41,10.778608884039274
28,42,6.955781565846132
28,43,7.941201173913451
28,44,10.535233243768879
28,45,8.83973826965773
28,46,6.834588909634718
28,47,10.411442152174986
28,48,12.103026459304958
28,49,10.551782061353093
28,50,11.253200996570037
28,51,14.693345603839749
28,52,15.51680753239356
28,53,15.15449858901007
28,54,17.41301718074783
29,1,13.76237546189096
29,2,14.189956641947024
29,3,12.85254346884428
29,4,14.957217579868832
29,5,15.114829111642578
29,6,13.6030894881361
29,7,10.289668377140421
29,8,10.597559689848344
29,9,11.433209996776906
29,10,8.522406254352651
29,11,6.253113043625447
29,12,9.386611034207007
29,13,9.813271558780142
29,14,6.96498209246507
29,15,7.835246277127238
29,16,11.343368123712128
29,17,11.557045111984133
29,18,14.449990023427514
29,19,14.850509626609002
29,20,11.732484811519855
29,21,12.380898744406263
29,22,10.407603060881556
29,23,9.999180776857818
29,24,8.522189828292566
29,25,6.277598948364859
29,26,4.936151331017867
29,27,5.505652319384724
29,28,3.7981537398568883
29,30,3.8041528127525015
29,31,5.365511228624138
29,32,5.137784949244672
29,33,6.52874841474164
29,34,8.656023395787
29,35,10.44969742371851
29,36,10.793149498097387
29,37,13.675141163644229
29,38,11.77202020943088
29,39,9.93335279052707
29,40,12.521652107405897
29,41,12.59887044509586
29,42,8.962273510884517
29,43,9.333529833108331
29,44,12.701025616486032
29,45,11.900241385181067
29,46,9.588929135891677
29,47,12.61984265760635
29,48,15.026848338383735
29,49,13.726269305305324
29,50,13.654594273826744
29,51,17.17024224813844
29,52,18.497623773197105
29,53,17.812613605285975
29,54,19.60898012999887
30,1,12.770363377553586
30,2,14.13133900523457
30,3,13.50254830303683
30,4,16.1228276163783
30,5,17.10293154602592
30,6,15.643195698535608
30,7,12.038231339021747
30,8,12.964957464348602
30,9,14.419380665870678
30,10,11.513757597250367
30,11,9.522578610423809
30,12,12.938728839772445
30,13,13.541676785736334
30,14,10.711591038851125
30,15,11.464693403796224
30,16,15.051383458889893
30,17,15.108593700075081
30,18,17.761047419872256
30,19,17.719159260284318
30,20,14.262527200387845
30,21,14.259746715205042
30,22,11.951441009450596
30,23,10.45513937609397
30,24,9.696155195158344
30,25,8.669258791781386
30,26,6.002611212417462
30,27,5.118516303556473
30,28,5.271073563455637
30,29,3.8041528127525015
30,31,3.81579943524216
30,32,5.423029562434044
30,33,5.140280766257571
30,34,6.036171249809403
30,35,8.874860766556885
30,36,10.398324585585662
30,37,13.31170911939697
30,38,11.741136095456314
30,39,11.033605152785391
30,40,14.108764114512617
30,41,13.652586014472488
30,42,10.180252034937968
30,43,11.762568302416279
30,44,14.826303759054282
30,45,13.5536391879448
30,46,11.98494975780274
30,47,15.437276943751044
30,48,17.28595154088205
30,49,15.779894459674697
30,50,16.396141705962524
30,51,19.914648343557392
30,52,20.723989956880093
30,53,20.118762744428786
30,54,22.37334653983543
31,1,14.36565915968865
31,2,15.309216820039575
31,3,13.993654310486452
31,4,15.980338764331048
31,5,16.972753250335977
31,6,14.768211408717676
31,7,11.51933098448402
31,8,13.39465967966474
31,9,14.257654333463485
31,10,10.866192380461444
31,11,10.167853526230196
31,12,13.716284023102626
31,13,13.530685937189682
31,14,11.002205000163713
31,15,12.893939412353228
31,16,16.068042649265514
31,17,15.562101930744085
31,18,18.524479491569902
31,19,18.143182003922032
31,20,14.885836578766092
31,21,15.6126942775058
31,22,14.100772084486174
31,23,12.336046368140716
31,24,10.537409811879932
31,25,10.067138194783526
31,26,8.576162484940157
31,27,6.383560986835735
31,28,4.939188620897534
31,29,5.365511228624138
31,30,3.81579943524216
31,32,3.8008331440335406
31,33,5.326799399130547
31,34,4.778722560865872
31,35,6.264058750905663
31,36,8.182156428002454
31,37,10.331222691240265
31,38,8.263420512945514
31,39,8.255136619181366
31,40,11.186360831484746
31,41,10.264966407754399
31,42,7.102777120848829
31,43,9.56779544832387
31,44,12.235537111484955
31,45,11.048847420053896
31,46,10.450524470160879
31,47,13.923830890255683
31,48,15.42693554499181
31,49,14.510307671895362
31,50,15.741321287119435
31,51,18.87355433069331
31,52,19.63099919507374
31,53,19.732701130459127
31,54,22.08960383672983
32,1,12.435791635383124
32,2,12.557364345421627
32,3,10.650725116031794
32,4,12.309307381673573
32,5,13.193274898335376
32,6,11.006990275928624
32,7,7.7237903420694565
32,8,9.843547506095643
32,9,10.831551359492984
32,10,7.684513962152811
32,11,7.417471127293001
32,12,11.127183480686394
32,13,11.35685608265234
32,14,9.725681443295068
32,15,11.627264456525186
32,16,14.721543832131918
32,17,14.861095609725092
