1,2,3.7680051135884725
1,3,6.89227315404601
1,4,9.86773338314675
1,5,13.01434672493762
1,6,16.15771088705186
1,7,19.835014410992454
1,8,22.004974580258764
1,9,25.499135875955723
1,10,28.34051555436505
1,11,31.824285924318282
1,12,33.528051301226135
1,13,31.328976833770575
1,14,29.38444147237091
1,15,25.799211761380413
1,16,22.817348427559065
1,17,19.206937408555113
1,18,16.158300191465955
1,19,12.388851806981855
1,20,10.195950891729339
1,21,6.658993711439885
1,22,5.03510015087071
1,23,5.04501177398962
1,24,7.156853044623588
1,25,10.131686079015738
1,26,9.62610374909258
1,27,9.02222283547934
1,28,11.90456706644513
1,29,14.040785187482598
1,30,13.738223967691221
1,31,14.75593107839345
1,32,17.68387054046733
1,33,18.67132865787495
1,34,18.90549201470016
1,35,20.937616710822343
1,36,23.24749256100719
1,37,23.863281261374382
1,38,24.748211840935507
1,39,26.89367471937433
1,40,29.216391051109202
1,41,30.434499702236177
1,42,29.740421987718552
1,43,30.814496777008912
1,44,29.347566380876
1,45,26.12989771040785
1,46,25.185504584346063
1,47,21.703138574830085
1,48,21.61613508721857
1,49,18.530038536742364
1,50,18.150569187838602
1,51,15.984212387271212
1,52,15.278128399879032
1,53,14.088313639629048
1,54,11.666947423291909
1,55,14.56565165539906
1,56,17.07440432129368
1,57,20.584770282574993
1,58,21.80146074277783
1,59,25.571318411169827
1,60,27.717523178350515
1,61,31.31513485275942
1,62,32.955175840191
2,1,3.7680051135884725
2,3,3.779928384144988
2,4,6.491710035325218
2,5,9.613326656934401
2,6,12.877467833349627
2,7,16.504521689213945
2,8,18.948446630138225
2,9,22.289787076732985
2,10,25.327277981799895
2,11,28.752266294903126
2,12,30.457923163133135
2,13,28.09443484797262
2,14,26.35031402329317
2,15,22.70254209869991
2,16,19.973565263720293
2,17,16.30740797144126
2,18,13.60078691761524
2,19,9.951418435351782
2,20,8.291645079002974
2,21,5.757381179362927
2,22,5.853417001951975
2,23,5.952087828478397
2,24,5.904132566924688
2,25,9.478924130147652
2,26,9.516030921158002
2,27,7.652003713458573
2,28,9.945698708524864
2,29,12.832413474141916
2,30,12.54599607946068
2,31,12.618534025372854
2,32,15.641265918697279
2,33,17.222480920817908
2,34,17.16394831419051
2,35,18.67767594365923
2,36,21.333264247766785
2,37,22.224333816910583
2,38,22.687686522915634
2,39,24.64575145958627
2,40,27.30047559309566
2,41,28.369163602414353
2,42,27.29072144408738
2,43,28.28882518431794
2,44,26.77228360327843
2,45,23.371131061690903
2,46,22.18136866364585
2,47,18.596716518692624
2,48,18.23043446686309
2,49,15.114419914279113
2,50,14.534270797600682
2,51,12.454851783092023
2,52,12.153858933936705
2,53,10.862092411443468
2,54,8.05352788528244
2,55,10.861865625084913
2,56,13.576140117763737
2,57,17.088251091248242
2,58,18.615309972381993
2,59,22.3835465894019
2,60,24.794233327638125
2,61,28.374076814733268
2,62,30.160426435280037
3,1,6.89227315404601
3,2,3.779928384144988
3,4,3.788223533524436
3,5,6.190838577419194
3,6,9.568466483381803
3,7,13.101320273336208
3,8,15.55898474493467
3,9,18.95782968251129
3,10,21.982509714487502
3,11,25.50824100928598
3,12,27.00219978553681
3,13,24.612267498024956
3,14,22.716240838378752
3,15,19.056029848778433
3,16,16.256276386368505
3,17,12.566391695992557
3,18,9.931557284196113
3,19,6.335231879409155
3,20,5.619058932518126
3,21,4.586599871857455
3,22,6.970498136783528
3,23,8.44348193230013
3,24,7.805607377722271
3,25,10.87281725545274
3,26,10.298719037198774
3,27,7.226221876933465
3,28,9.455647468475327
3,29,12.421699191406596
3,30,11.313911468396904
3,31,10.627624154761477
3,32,14.062240294308776
3,33,15.662714352440355
3,34,14.868589457996494
3,35,16.259103472263345
3,36,19.296679419471648
3,37,19.943638005848616
3,38,19.926884676748877
3,39,22.06955391553638
3,40,24.819347828600495
3,41,25.519256067610865
3,42,24.29475717680606
3,43,25.57051741065105
3,44,24.3816431899931
3,45,20.964013309676552
3,46,20.01443032673727
3,47,16.563987935899956
3,48,16.393516135332003
3,49,13.723674516232196
3,50,13.227766386332402
3,51,11.804579027783987
3,52,12.379011032814715
3,53,10.458711020319187
3,54,7.118590397477393
3,55,8.701047361587488
3,56,11.197067821573063
3,57,14.367633341619054
3,58,15.853792575838815
3,59,19.51178918566142
3,60,21.901445757889647
3,61,25.58041784889029
3,62,27.148876782201203
4,1,9.86773338314675
4,2,6.491710035325218
4,3,3.788223533524436
4,5,3.799143911925451
4,6,6.472664220518133
4,7,10.180162462033266
4,8,12.570474987801674
4,9,15.83554826461866
4,10,18.914789082034233
4,11,22.28922712770269
4,12,24.065215817233348
4,13,21.744523121094794
4,14,20.19688451626166
4,15,16.623844496720743
4,16,14.172075634263955
4,17,10.692074052237441
4,18,8.393028748043154
4,19,5.6578414576417035
4,20,5.134173286875085
4,21,6.346652463622339
4,22,8.692862454775169
4,23,9.686301357960351
4,24,7.751699377225642
4,25,10.099814511673678
4,26,9.957774103664407
4,27,6.360985101846524
4,28,7.174250322203937
4,29,10.457629204481185
4,30,9.622139921325925
4,31,7.884311414471917
4,32,11.068111139530217
4,33,13.256059465165675
4,34,12.467919352279178
4,35,13.19151485404546
4,36,16.34841544686172
4,37,17.42755482259129
4,38,17.221376615358473
4,39,18.977207010738166
4,40,21.978228907255815
4,41,22.77559395940878
4,42,21.282027031766894
4,43,22.273595390017473
4,44,20.89114341799058
4,45,17.377921562681
4,46,16.259632141654425
4,47,12.782957076014913
4,48,12.690476783009586
4,49,10.25015934784094
4,50,10.298983693656174
4,51,9.794319239574607
4,52,10.387656746940735
4,53,7.7248103769589544
4,54,4.827287297855649
4,55,5.566481469100052
4,56,7.514653297315176
4,57,10.79548736463258
4,58,12.22936918381459
4,59,15.953985473620483
4,60,18.4550690098103
4,61,22.056863125361023
4,62,23.851026480713962
5,1,13.01434672493762
5,2,9.613326656934401
5,3,6.190838577419194
5,4,3.799143911925451
5,6,3.786840275970431
5,7,7.000658706353692
5,8,9.896638090779064
5,9,13.0194399024851
5,10,16.285924520578344
5,11,19.744805390070933
5,12,21.137063121842548
5,13,18.563707458603716
5,14,16.92316960220648
5,15,13.2268610213287
5,16,10.932289787590138
5,17,7.364052253272808
5,18,6.039836168090825
5,19,4.673800122864492
5,20,6.612809574666104
5,21,8.891845287170005
5,22,11.963930476005777
5,23,13.404049721022941
5,24,11.527825511840232
5,25,13.693243064783116
5,26,13.352753746968707
5,27,9.589853068587988
5,28,10.037333288584547
5,29,13.015761086160945
5,30,11.614998497925558
5,31,9.025374770507897
5,32,12.163522862809272
5,33,14.375368697906328
5,34,12.68074719711401
5,35,12.883254002798854
5,36,16.482064392424547
5,37,17.312787056415768
5,38,16.2801141133914
5,39,18.115707854025434
5,40,21.29931777446118
5,41,21.507891023527357
5,42,19.634239945606325
5,43,20.945871349590917
5,44,19.98764086340586
5,45,16.442604899686906
5,46,15.444524188186458
5,47,12.246060165394265
5,48,12.010041414964828
5,49,10.279793342109407
5,50,9.951034028035027
5,51,10.10172589328272
5,52,11.857769934141457
5,53,9.419002248127603
5,54,6.5420612453517135
5,55,4.880465824799282
5,56,6.447286795415617
5,57,8.766223065238504
5,58,10.577256841058812
5,59,13.974920791651822
5,60,16.664968498317087
5,61,20.312875330440125
5,62,21.89267403696848
6,1,16.15771088705186
6,2,12.877467833349627
6,3,9.568466483381803
6,4,6.472664220518133
6,5,3.786840275970431
6,7,3.7978017101422616
6,8,6.265035915855363
6,9,9.426516098467724
6,10,12.623768042315218
6,11,16.043127469364542
6,12,17.638484365181892
6,13,15.276378166431579
6,14,13.833337907032238
6,15,10.342499105858709
6,16,8.387542633090275
6,17,5.56725186765407
6,18,5.19116960154325
6,19,6.106612861167031
6,20,8.000643968327143
6,21,11.235650466932894
6,22,14.230982325588869
6,23,15.694666469116896
6,24,13.56614068202033
6,25,14.889662595608119
6,26,14.448550096916685
6,27,10.785004543265666
6,28,10.337372608458944
6,29,12.717944703615373
6,30,11.205475755476508
6,31,7.836925895541366
6,32,10.34821406656984
6,33,12.652074190775574
6,34,10.56333418594691
6,35,9.967875827118869
6,36,13.713844293781417
6,37,14.643968117593552
6,38,13.151702761092572
6,39,14.72554645930596
6,40,18.066685383839175
6,41,18.14169361707057
6,42,16.02340947697477
6,43,17.278298552152528
6,44,16.443814187501406
6,45,12.944235937057217
6,46,12.218100551017624
6,47,9.453921804212829
6,48,9.860106710400517
6,49,9.320921034884261
6,50,9.977058845224017
6,51,11.462469193825038
6,52,13.116067600041536
6,53,10.212909569313116
6,54,8.574714416619297
6,55,5.726343511084482
6,56,4.75574378100537
6,57,5.834294136581446
6,58,7.013458374970552
6,59,10.28560690098404
6,60,12.89555084535976
6,61,16.55629526418789
6,62,18.114692772747723
7,1,19.835014410992454
7,2,16.504521689213945
7,3,13.101320273336208
7,4,10.180162462033266
7,5,7.000658706353692
7,6,3.7978017101422616
7,8,3.789602529229176
7,9,6.137319286510066
7,10,9.626199642704384
7,11,12.97958269607101
7,12,14.243294028634663
7,13,11.61412870462675
7,14,10.36391483444466
7,15,6.881224908338678
7,16,5.971605585394758
7,17,4.58249308238778
7,18,6.6256806726859745
7,19,9.005226145736366
7,20,11.459906092985683
7,21,14.834640393031126
7,22,17.963685128507322
7,23,19.490129450822977
7,24,17.274656452529516
7,25,18.45827991016362
7,26,18.05210424315115
7,27,14.46125284994322
7,28,13.721181246543225
7,29,15.787858443992352
7,30,14.213800082657908
7,31,10.654212301790247
7,32,12.457375672846213
7,33,14.64897243675126
7,34,12.110822096713703
7,35,10.700005849579739
7,36,14.416527965392566
7,37,15.209763133666163
7,38,12.84656342810142
7,39,14.102330521007307
7,40,17.555349907930328
7,41,17.006276117251414
7,42,14.352363374504307
7,43,15.763948296368048
7,44,15.39597453140411
7,45,12.089860288340644
7,46,11.542522600714662
7,47,9.633130136698469
7,48,9.96124029103827
7,49,10.58960258402842
7,50,11.132927920068433
7,51,13.265293207820903
7,52,15.41405568922922
7,53,12.85049604460423
7,54,11.608692522115028
7,55,8.114978433013466
7,56,6.355672400120725
7,57,4.882519661038067
7,58,6.011385943555352
7,59,8.133030375950772
7,60,10.899974255606866
7,61,14.388565468155623
7,62,15.748666109674494
8,1,22.004974580258764
8,2,18.948446630138225
8,3,15.55898474493467
8,4,12.570474987801674
8,5,9.896638090779064
8,6,6.265035915855363
8,7,3.789602529229176
8,9,3.7982709799435823
8,10,6.433790483748371
8,11,10.041402067586368
8,12,11.547520080412221
8,13,9.697368207866397
8,14,8.282923399278602
8,15,5.651653235730416
8,16,4.9521078442347894
8,17,5.684005135426183
8,18,7.487481263121709
8,19,10.609700551249112
8,20,12.62794010298911
8,21,16.34654090515685
8,22,19.378817200510266
8,23,21.122014170330296
8,24,19.0964858226494
8,25,19.636024246625237
8,26,18.832516032556228
8,27,15.521384845258664
8,28,14.6234031469473
8,29,15.840992967755161
8,30,13.98702877098086
8,31,10.547701553329672
8,32,11.681178759416817
8,33,13.256273228487046
8,34,10.343139061323713
8,35,8.520015162054248
8,36,11.995077760027984
8,37,12.415647352185223
8,38,9.555827242679506
8,39,10.792937916826034
8,40,14.11912814867842
8,41,13.294317983386867
8,42,10.616781721071924
8,43,12.32357691217777
8,44,12.49164752390498
8,45,9.657279129910249
8,46,10.218807205123321
8,47,9.430032192116236
8,48,10.976677584093261
8,49,12.513622828286834
8,50,13.927098254449604
8,51,16.453030889655246
8,52,18.146092342558465
8,53,15.193976903119811
8,54,14.457531149559781
8,55,11.192296426033817
8,56,8.57286501068341
8,57,6.428527701503514
8,58,5.1046875252081
8,59,6.099020963558739
8,60,7.830363487597645
8,61,11.463693976970072
8,62,12.353130214555241
9,1,25.499135875955723
9,2,22.289787076732985
9,3,18.95782968251129
9,4,15.83554826461866
9,5,13.0194399024851
9,6,9.426516098467724
9,7,6.137319286510066
9,8,3.7982709799435823
9,10,3.783890773992703
9,11,6.858495326923596
9,12,8.386402649417274
9,13,6.330268184692826
9,14,6.168651136189866
9,15,4.837808351418338
9,16,6.665065564576506
9,17,8.589829989753632
9,18,11.105087312331625
9,19,14.27180630501897
9,20,16.364591560651505
9,21,20.047364495445805
9,22,23.017642507099428
9,23,24.54925639376585
9,24,22.254507443299786
9,25,22.698701763789895
9,26,22.198982109929787
9,27,18.980457885494502
9,28,17.662418630750754
9,29,18.833301768553802
9,30,17.328494172091737
9,31,13.801073228880819
9,32,14.236425690012465
9,33,15.950618095739738
9,34,13.273289533044037
9,35,10.728902796256637
9,36,13.638680497398664
9,37,14.299417962713475
9,38,11.019815014632867
9,39,11.256537074337304
9,40,14.577066662587113
9,41,13.325809665295829
9,42,9.953223029939503
9,43,11.28119949293808
9,44,11.73380876624404
9,45,9.357441470210174
9,46,9.834956436533949
9,47,10.108188475397412
9,48,11.333954430976759
9,49,13.704559119633851
9,50,15.060099603405513
9,51,18.031505489051113
9,52,19.909425484931013
9,53,17.290473679931257
9,54,16.988743093990582
9,55,13.441930582005737
9,56,10.561894556821988
9,57,7.303762651775982
9,58,6.011304086279407
9,59,4.56849034607499
9,60,6.292090478308648
9,61,9.210266668198033
9,62,10.134414009811623
10,1,28.34051555436505
10,2,25.327277981799895
10,3,21.982509714487502
10,4,18.914789082034233
10,5,16.285924520578344
10,6,12.623768042315218
10,7,9.626199642704384
10,8,6.433790483748371
10,9,3.783890773992703
10,11,3.812703313494931
10,12,5.521122408436753
10,13,5.283543020186847
10,14,5.381082878560991
10,15,6.359167465685513
10,16,8.339183635666323
10,17,11.153700689706783
10,18,13.424799646151927
10,19,16.842962385757158
10,20,18.72440528778917
10,21,22.515351942335307
10,22,25.424018749701318
10,23,27.12770093524864
10,24,25.0193015303342
10,25,25.074613956842793
10,26,24.28275380484844
10,27,21.307266649870733
10,28,19.992635110851705
10,29,20.551472458575233
10,30,18.877661153855318
10,31,15.673249697997077
10,32,15.620122656746554
10,33,16.67015761632186
10,34,13.90196254193411
10,35,11.292630554301292
10,36,13.43665252190839
10,37,13.585865150340002
10,38,9.945059464702481
10,39,9.8113299718682
10,40,12.56043432953422
10,41,10.658748529220226
10,42,7.126991257939852
10,43,8.84730274150339
10,44,10.385884883466847
10,45,9.22466463387982
10,46,10.871831601806884
10,47,12.22706784805483
10,48,14.095502902436541
10,49,16.833042808563963
10,50,18.562876177761133
10,51,21.64986879977826
10,52,23.30017559117943
10,53,20.50066781215416
10,54,20.38657765895849
10,55,16.974392575305068
10,56,13.886776715374715
10,57,10.715045262722656
10,58,8.498815321246038
10,59,5.901196401304388
10,60,5.102056824126128
10,61,7.223451572785032
10,62,6.927874417630037
11,1,31.824285924318282
11,2,28.752266294903126
11,3,25.50824100928598
11,4,22.28922712770269
11,5,19.744805390070933
11,6,16.043127469364542
11,7,12.97958269607101
11,8,10.041402067586368
11,9,6.858495326923596
11,10,3.812703313494931
11,12,3.810965753622195
11,13,5.382858789762308
11,14,7.34855412782214
11,15,9.454119113719777
11,16,11.990528497007432
11,17,14.877881845395075
11,18,17.213142112618343
11,19,20.569667854843207
11,20,22.314378196361517
11,21,26.099097651973338
11,22,28.867949514269345
11,23,30.37570437101667
11,24,28.087319972034948
11,25,27.921358118297963
11,26,27.338609757231456
11,27,24.536672592939503
11,28,22.875688306797265
11,29,23.261495911006314
11,30,21.91264224838544
11,31,18.73704603870108
11,32,18.10828645389276
11,33,19.17172767121507
11,34,16.780394460363787
11,35,13.807800434394364
11,36,15.235193272581718
11,37,15.63021544971439
11,38,12.144069526556923
11,39,10.974942621025182
11,40,13.279093821697687
11,41,11.284119913737868
11,42,7.641959271913285
11,43,8.31332497435371
11,44,10.137206873704814
11,45,10.019746996798958
11,46,11.677451982662285
11,47,13.916563592113322
11,48,15.676872080186765
11,49,18.884427062429783
11,50,20.73821197427337
11,51,24.09519414448161
11,52,25.653119094082676
11,53,23.025123787900423
11,54,23.32853289293345
11,55,19.884872404189974
11,56,16.611840972847485
11,57,13.176676270670018
11,58,10.951496482266581
11,59,7.461186545977433
11,60,5.808287224559968
11,61,5.57564742783339
11,62,4.80618736862937
12,1,33.528051301226135
12,2,30.457923163133135
12,3,27.00219978553681
12,4,24.065215817233348
12,5,21.137063121842548
12,6,17.638484365181892
12,7,14.243294028634663
12,8,11.547520080412221
12,9,8.386402649417274
12,10,5.521122408436753
12,11,3.810965753622195
12,13,3.793892376875187
12,14,5.6639633948388655
12,15,8.96597785702686
12,16,11.943240494079786
12,17,15.330310969005787
12,18,18.11456853672367
12,19,21.717206394097154
12,20,23.930203594048898
12,21,27.702650304027777
12,22,30.75832997203492
12,23,32.55279696600301
12,24,30.433382139605595
12,25,30.57618490790457
12,26,29.788897901921292
12,27,26.77326814243525
12,28,25.495195767188783
12,29,26.04526466623818
12,30,24.32642104932576
12,31,21.18262264706493
12,32,21.0502261450205
12,33,21.933633186221467
12,34,19.13226795813262
12,35,16.595369086723373
12,36,18.2780491865089
12,37,18.121656625659217
12,38,14.404802146991429
12,39,13.926331885530455
12,40,15.836171820810513
12,41,13.153358494280537
12,42,9.952137962462198
12,43,11.471649022814734
12,44,13.77576598557203
12,45,13.651638155465534
12,46,15.244383108747355
12,47,17.106004665842434
12,48,18.555309359269366
12,49,21.526937426203435
12,50,22.924137654145007
12,51,26.06788475161902
12,52,28.020811203261065
12,53,25.511686585471065
12,54,25.36686900711722
12,55,21.77826285831623
12,56,18.86440738174604
12,57,15.398077059676224
12,58,13.676371500263725
12,59,10.53922398090461
12,60,9.343623019626229
12,61,9.307057480637837
12,62,7.6543484204977315
13,1,31.328976833770575
13,2,28.09443484797262
13,3,24.612267498024956
13,4,21.744523121094794
13,5,18.563707458603716
13,6,15.276378166431579
13,7,11.61412870462675
13,8,9.697368207866397
13,9,6.330268184692826
13,10,5.283543020186847
13,11,5.382858789762308
13,12,3.793892376875187
13,14,3.785930349790938
13,15,6.29924595829779
13,16,9.867625854682652
13,17,12.957104357683834
13,18,16.146775923187544
13,19,19.63526232776427
13,20,22.16596466938135
13,21,25.831428393478046
13,22,29.01090658390779
13,23,30.719578861092707
13,24,28.479349896066218
13,25,29.025087013224372
13,26,28.450922480633633
13,27,25.19077775432029
13,28,23.990607563378166
13,29,25.065199634214707
13,30,23.40315642771685
13,31,20.00689707018448
13,32,20.31810224381612
13,33,21.685505333126194
13,34,18.818025582202033
13,35,16.326679380821034
13,36,18.667820432630307
13,37,18.82295654662705
13,38,15.125064747555312
13,39,15.01673799127228
13,40,17.567084814062692
13,41,15.252148985833696
13,42,11.81820643757046
13,43,13.326336483230238
13,44,14.896665679561409
13,45,13.787931784645771
13,46,14.595533338385355
13,47,15.74891044405802
13,48,16.579599878820662
13,49,19.257076451708333
13,50,20.164684585228613
13,51,23.144176580809347
13,52,25.41772491778315
13,53,23.173559968451613
13,54,22.784787709581693
13,55,19.076856603058026
13,56,16.501028121022753
13,57,12.985002690284677
13,58,12.094636779742256
13,59,9.434756892443387
13,60,9.676593147236044
13,61,10.578845373243212
13,62,10.105647113315532
14,1,29.38444147237091
14,2,26.35031402329317
14,3,22.716240838378752
14,4,20.19688451626166
14,5,16.92316960220648
14,6,13.833337907032238
14,7,10.36391483444466
14,8,8.282923399278602
14,9,6.168651136189866
14,10,5.381082878560991
14,11,7.34855412782214
14,12,5.6639633948388655
14,13,3.785930349790938
14,15,3.8110809230801053
14,16,6.8883297182825425
14,17,10.415337648913164
14,18,13.585241314950528
14,19,17.25885723644008
14,20,19.992700082628147
14,21,23.631604361715457
14,22,26.99042188027522
14,23,29.070312563022895
14,24,27.206700251920395
14,25,27.897097166381933
14,26,26.90508878644884
14,27,23.560767227986034
14,28,22.894695355393186
14,29,23.910612389674615
14,30,21.76411373686668
14,31,18.604482060336167
14,32,19.467640669969214
14,33,20.439857838674236
14,34,17.170162930896552
14,35,15.339561181851757
14,36,17.964357466917825
14,37,17.510492234094443
14,38,13.764304654799787
14,39,14.601469997809973
14,40,16.968859243984152
14,41,14.411049184608736
14,42,11.464670692178453
14,43,13.887007007722733
14,44,15.750711638124383
14,45,14.435968496943143
14,46,15.637298542745652
14,47,16.260684567699325
14,48,17.382742720820396
14,49,19.576441124351533
14,50,20.405326360499963
14,51,23.019857336885686
14,52,25.345244600163973
14,53,22.8667534313818
14,54,21.962091101390612
14,55,18.37999638850518
14,56,16.10740291007982
14,57,13.05997320530354
14,58,12.096893242213575
14,59,10.308070657887681
14,60,10.454094835804
14,61,12.294241751856925
14,62,11.357020235243178
15,1,25.799211761380413
15,2,22.70254209869991
15,3,19.056029848778433
15,4,16.623844496720743
15,5,13.2268610213287
15,6,10.342499105858709
15,7,6.881224908338678
15,8,5.651653235730416
15,9,4.837808351418338
15,10,6.359167465685513
15,11,9.454119113719777
15,12,8.96597785702686
15,13,6.29924595829779
15,14,3.8110809230801053
15,16,3.7994103952987333
15,17,6.839507504464473
15,18,10.261439730974518
15,19,13.797871265590517
15,20,16.718925307061426
15,21,20.256107984454715
15,22,23.676407530275235
15,23,25.716069979324075
15,24,23.85209176629424
15,25,24.83549192387946
15,26,23.928806238081794
15,27,20.426603052338002
15,28,19.94047777609884
15,29,21.337974072352672
15,30,19.19569186239429
15,31,15.938297624916755
15,32,17.30548934308318
15,33,18.59348614348231
15,34,15.333729744830938
15,35,13.779664323718583
15,36,16.955546007295688
15,37,16.747212588406036
15,38,13.297947899155211
15,39,14.576405847801603
15,40,17.39873063262171
15,41,15.425167448456243
15,42,12.550230708484357
15,43,14.864364188080286
15,44,16.028316733994888
15,45,13.89727038706795
15,46,14.563396219741758
15,47,14.315879341060022
15,48,15.134409694567749
15,49,16.78630186341166
15,50,17.331542535978866
15,51,19.661382362373466
15,52,22.08774643155094
15,53,19.655200185512882
15,54,18.439619243937575
15,55,14.896844731505963
15,56,12.990325495912357
15,57,10.328892767851276
15,58,10.01844575003614
15,59,9.392624847602725
15,60,10.622476914867194
15,61,13.341187457622413
15,62,13.23874139336368
16,1,22.817348427559065
16,2,19.973565263720293
16,3,16.256276386368505
16,4,14.172075634263955
16,5,10.932289787590138
16,6,8.387542633090275
16,7,5.971605585394758
16,8,4.9521078442347894
16,9,6.665065564576506
16,10,8.339183635666323
16,11,11.990528497007432
16,12,11.943240494079786
16,13,9.867625854682652
16,14,6.8883297182825425
16,15,3.7994103952987333
16,17,3.775423135958928
16,18,6.830768910187817
16,19,10.526125834505041
16,20,13.512045287180621
16,21,17.01344400048575
16,22,20.52898555843241
16,23,22.87883883945184
16,24,21.411648140590827
16,25,22.462304886081743
16,26,21.16059213713576
16,27,17.647853850426173
16,28,17.714423349543654
16,29,19.024528328235338
16,30,16.473822944157444
16,31,13.556127429675419
16,32,15.524443225211723
16,33,16.446321349298085
16,34,12.969830603076527
16,35,12.279439220263964
16,36,15.68066721242299
16,37,15.064727750488405
16,38,11.998683793197326
16,39,14.136277838738813
16,40,16.80589754020875
16,41,15.11560861887008
16,42,12.900870048224023
16,43,15.557251503154351
16,44,16.59588544520948
16,45,14.252014478910084
16,46,15.130181379482902
16,47,14.288051734686746
16,48,15.433300687688597
16,49,16.4571184219732
16,50,17.075659887110483
16,51,18.959277812703785
16,52,21.17407634544372
16,53,18.462915353356205
16,54,16.81586611985935
16,55,13.657729091277734
16,56,12.131412895381445
16,57,10.441029011815209
16,58,10.007011578309768
16,59,10.581558080790924
16,60,11.713845385936278
16,61,15.01912619610018
16,62,14.89366325526381
17,1,19.206937408555113
17,2,16.30740797144126
17,3,12.566391695992557
17,4,10.692074052237441
17,5,7.364052253272808
17,6,5.56725186765407
17,7,4.58249308238778
17,8,5.684005135426183
17,9,8.589829989753632
17,10,11.153700689706783
17,11,14.877881845395075
17,12,15.330310969005787
17,13,12.957104357683834
17,14,10.415337648913164
17,15,6.839507504464473
17,16,3.775423135958928
17,18,3.778999701462836
17,19,7.086077897138173
17,20,10.379493393416421
17,21,13.679677001734984
17,22,17.26567770558629
17,23,19.566708528905796
17,24,18.153158852005777
17,25,19.582204138169445
17,26,18.379212764031738
17,27,14.708082127443268
17,28,15.108361761354985
17,29,16.888503935380353
17,30,14.40930089380997
17,31,11.554757948877427
17,32,14.182227282118705
17,33,15.42676097861416
17,34,12.247116262126253
17,35,12.079825172402261
17,36,15.788187521179276
17,37,15.512674345245804
17,38,13.133896240997966
17,39,15.439273209241032
17,40,18.32329766297468
17,41,17.290880884284128
17,42,15.271587463134475
17,43,17.57142887620489
17,44,17.93450812996135
17,45,15.050813425146725
17,46,15.330394474679034
17,47,13.577475946120913
17,48,14.329242263895473
17,49,14.504442512958873
17,50,14.772374705607126
17,51,16.119924617170916
17,52,18.323100809884068
17,53,15.684441974309285
17,54,13.57825991591745
17,55,10.719884456400663
17,56,9.969938211584504
17,57,9.384519621279063
17,58,9.797161676930006
17,59,11.631119406560128
17,60,13.463716004827992
17,61,17.073095201975775
17,62,17.551012317997696
18,1,16.158300191465955
18,2,13.60078691761524
18,3,9.931557284196113
18,4,8.393028748043154
18,5,6.039836168090825
18,6,5.19116960154325
18,7,6.6256806726859745
18,8,7.487481263121709
18,9,11.105087312331625
18,10,13.424799646151927
18,11,17.213142112618343
18,12,18.11456853672367
18,13,16.146775923187544
18,14,13.585241314950528
18,15,10.261439730974518
18,16,6.830768910187817
18,17,3.778999701462836
18,19,3.787827432440154
18,20,6.823946160002392
18,21,10.20181614066071
18,22,13.782871270475656
18,23,16.347881538414864
18,24,15.361929968008942
18,25,16.687865830279954
18,26,15.069969894189391
18,27,11.481765380597933
18,28,12.484438068173787
18,29,14.067695917404988
18,30,11.26874031331917
18,31,8.992116881622895
18,32,12.197994874219246
18,33,13.053669620783783
18,34,10.054678702793485
18,35,10.91550650995522
18,36,14.516191415863752
18,37,14.082262759778901
18,38,12.540557456476368
18,39,15.260968699712185
18,40,17.904565146769574
18,41,17.437322173525782
18,42,16.0476118343434
18,43,18.260416115161593
18,44,18.3286314679132
18,45,15.41617405868977
18,46,15.822790195495857
18,47,13.680542990600266
18,48,14.808929053533952
18,49,14.402184726298435
18,50,14.99048471387558
18,51,15.905494756960275
18,52,17.515938163209768
18,53,14.555884240187709
18,54,12.271376916766924
18,55,10.27222157186821
18,56,9.881468703433688
18,57,10.517992272393466
18,58,10.569725660743632
18,59,13.154590652428055
18,60,14.728838371770612
18,61,18.5198409562312
18,62,19.09642915757267
19,1,12.388851806981855
19,2,9.951418435351782
19,3,6.335231879409155
19,4,5.6578414576417035
19,5,4.673800122864492
19,6,6.106612861167031
19,7,9.005226145736366
19,8,10.609700551249112
19,9,14.27180630501897
19,10,16.842962385757158
19,11,20.569667854843207
19,12,21.717206394097154
19,13,19.63526232776427
19,14,17.25885723644008
19,15,13.797871265590517
19,16,10.526125834505041
19,17,7.086077897138173
19,18,3.787827432440154
19,20,3.8127101323847854
19,21,6.629855660110544
19,22,10.317665298479229
19,23,12.932902292336786
19,24,12.269549955151643
19,25,14.040724465714547
19,26,12.416742916520809
19,27,8.790561900690834
19,28,10.577436025030956
19,29,12.578330288128061
19,30,9.998363047772171
19,31,8.445705644444054
19,32,12.165678863388296
19,33,13.142168729026132
19,34,10.943227038645805
19,35,12.40211520892793
19,36,15.804384488672273
19,37,15.669290141663794
19,38,14.933625705833775
19,39,17.580708610392616
19,40,20.181525041830355
19,41,20.24667236282344
19,42,19.08691651037459
19,43,20.977350569551135
19,44,20.559153604584697
19,45,17.44472750170041
19,46,17.40887327658168
19,47,14.668381047129765
19,48,15.44443618626968
19,49,14.125377826272814
19,50,14.419454183527304
19,51,14.526230901892381
19,52,15.77590038011815
19,53,12.961932502558682
19,54,10.197829359902583
19,55,9.329171593104784
19,56,10.052536191506517
19,57,11.921647256305377
19,58,12.492016541833216
19,59,15.668005597308177
19,60,17.51069502238192
19,61,21.3208404850795
19,62,22.244513186223948
20,1,10.195950891729339
20,2,8.291645079002974
20,3,5.619058932518126
20,4,5.134173286875085
20,5,6.612809574666104
20,6,8.000643968327143
20,7,11.459906092985683
20,8,12.62794010298911
20,9,16.364591560651505
20,10,18.72440528778917
20,11,22.314378196361517
20,12,23.930203594048898
20,13,22.16596466938135
20,14,19.992700082628147
20,15,16.718925307061426
20,16,13.512045287180621
20,17,10.379493393416421
20,18,6.823946160002392
20,19,3.8127101323847854
20,21,3.8154388893903755
20,22,7.0350788847992165
20,23,9.715766866119244
20,24,9.426764292837078
20,25,10.737710567256348
20,26,8.700577676246118
20,27,5.26276142167581
20,28,7.773092252746149
20,29,9.421712052219668
20,30,6.908961898780401
20,31,6.517448779463692
20,32,10.301707012026036
20,33,10.979422762046518
20,34,9.707686228362604
20,35,11.796005697067114
20,36,14.666949926460541
20,37,14.738618869126569
20,38,14.94921182657729
20,39,17.46829378176175
20,40,19.83156065057503
20,41,20.56042595769953
20,42,19.830671719173314
20,43,21.34761446251486
20,44,20.522564202610983
20,45,17.509504219537252
20,46,17.48325374054667
20,47,14.622762613393752
20,48,15.73111442058815
20,49,14.100208974359656
20,50,14.937554698093273
20,51,14.88195183463072
20,52,15.193624752185853
20,53,12.110132776187035
20,54,9.845223271789408
20,55,10.101079629719518
20,56,10.71915618944122
20,57,13.249396465245887
20,58,13.383489252527182
20,59,16.840356048008253
20,60,18.435916124872353
20,61,22.1752781500078
20,62,23.30444316158312
21,1,6.658993711439885
21,2,5.757381179362927
21,3,4.586599871857455
21,4,6.346652463622339
21,5,8.891845287170005
21,6,11.235650466932894
21,7,14.834640393031126
21,8,16.34654090515685
21,9,20.047364495445805
21,10,22.515351942335307
21,11,26.099097651973338
21,12,27.702650304027777
21,13,25.831428393478046
21,14,23.631604361715457
21,15,20.256107984454715
21,16,17.01344400048575
21,17,13.679677001734984
21,18,10.20181614066071
21,19,6.629855660110544
21,20,3.8154388893903755
21,22,3.80183736639745
21,23,6.979085916036045
21,24,7.894508090830024
21,25,9.802399596874954
21,26,7.688830274748013
21,27,5.210269264169366
21,28,8.751460363311054
21,29,10.463040911167585
21,30,8.64196736495708
21,31,9.400274937396121
21,32,12.893117624901045
21,33,13.423904695170384
21,34,12.852919306223471
21,35,15.189883403798982
21,36,17.72058913218329
21,37,17.835434468486106
21,38,18.468353113872574
21,39,20.95980534462935
21,40,23.160271228542193
21,41,24.09089224540792
21,42,23.54026434449932
21,43,24.9635747373383
21,44,23.959627462682796
21,45,20.93636387221505
21,46,20.67135484968283
21,47,17.578434683760353
21,48,18.328663351098577
21,49,16.09771371593463
21,50,16.520895254904197
21,51,15.631868983296652
21,52,15.551375330751453
21,53,12.992210478245212
21,54,10.480883519276258
21,55,11.91165336579917
21,56,13.364826194552789
21,57,16.351452374685632
21,58,16.83986314696255
21,59,20.424900136541122
21,60,22.131739981454004
21,61,25.835673862321286
21,62,27.062825719259532
22,1,5.03510015087071
22,2,5.853417001951975
22,3,6.970498136783528
22,4,8.692862454775169
22,5,11.963930476005777
22,6,14.230982325588869
22,7,17.963685128507322
22,8,19.378817200510266
22,9,23.017642507099428
22,10,25.424018749701318
22,11,28.867949514269345
22,12,30.75832997203492
22,13,29.01090658390779
22,14,26.99042188027522
22,15,23.676407530275235
22,16,20.52898555843241
22,17,17.26567770558629
22,18,13.782871270475656
22,19,10.317665298479229
22,20,7.0350788847992165
22,21,3.80183736639745
22,23,3.779795733057695
22,24,6.224281377851374
22,25,7.700982742752339
22,26,5.552763900319808
22,27,5.132716967697808
22,28,8.700167025288396
22,29,9.919060083995978
22,30,9.121125472766847
22,31,10.884772621348876
22,32,13.731222856108834
22,33,14.099995220340576
22,34,14.5038997822328
22,35,16.943758971547194
22,36,18.909306327799396
22,37,19.29249419022435
22,38,20.551601913256118
22,39,22.777209105681244
22,40,24.785460281956222
22,41,26.18896785986746
22,42,25.872899246750393
22,43,26.94933711820071
22,44,25.598094021080694
22,45,22.68233748151127
22,46,22.27442545990165
22,47,19.13790387663224
22,48,19.883887351118616
22,49,17.375073092739175
22,50,17.982801552286087
22,51,16.807037048488894
22,52,15.901027388577408
22,53,13.59144404595311
22,54,11.71863509641461
22,55,13.98856887243043
22,56,15.473741296841007
22,57,18.768673800680325
22,58,19.15535671815204
22,59,22.828517313349373
22,60,24.45313080047544
22,61,28.01775697397885
22,62,29.44731185306164
23,1,5.04501177398962
23,2,5.952087828478397
23,3,8.44348193230013
23,4,9.686301357960351
23,5,13.404049721022941
23,6,15.694666469116896
23,7,19.490129450822977
23,8,21.122014170330296
23,9,24.54925639376585
23,10,27.12770093524864
23,11,30.37570437101667
23,12,32.55279696600301
23,13,30.719578861092707
23,14,29.070312563022895
23,15,25.716069979324075
23,16,22.87883883945184
23,17,19.566708528905796
23,18,16.347881538414864
23,19,12.932902292336786
23,20,9.715766866119244
23,21,6.979085916036045
23,22,3.779795733057695
23,24,3.793725971624312
23,25,5.404574032426205
23,26,5.1466819197574765
23,27,6.048364612276482
23,28,8.375512419252615
23,29,9.887457930644013
23,30,10.525203777321869
23,31,12.13196585490677
23,32,14.30986938844141
23,33,15.225999647634517
23,34,16.341079446660146
23,35,18.291227993147828
23,36,20.01411748249457
23,37,21.017156544426335
23,38,22.464036209861206
23,39,24.20052663326364
23,40,26.367781788855847
23,41,28.11733734265313
23,42,27.626802510332144
23,43,28.241488091132613
23,44,26.422299579408072
23,45,23.4176546437648
23,46,22.525550909152237
23,47,19.226913061800847
23,48,19.59597602656964
23,49,16.719921642024794
23,50,17.28353994379935
23,51,15.804711247766475
23,52,14.16351937342329
23,53,12.343549778364398
23,54,11.162131948643692
23,55,14.155250571743359
23,56,15.824224763271413
23,57,19.409452377800637
23,58,20.043670823580022
23,59,23.804611206288516
23,60,25.65313297710471
23,61,29.041477903995375
23,62,30.873332523667848
24,1,7.156853044623588
24,2,5.904132566924688
24,3,7.805607377722271
24,4,7.751699377225642
24,5,11.527825511840232
24,6,13.56614068202033
24,7,17.274656452529516
24,8,19.0964858226494
24,9,22.254507443299786
24,10,25.0193015303342
24,11,28.087319972034948
24,12,30.433382139605595
24,13,28.479349896066218
24,14,27.206700251920395
24,15,23.85209176629424
24,16,21.411648140590827
24,17,18.153158852005777
24,18,15.361929968008942
24,19,12.269549955151643
24,20,9.426764292837078
24,21,7.894508090830024
24,22,6.224281377851374
24,23,3.793725971624312
24,25,3.8059055136727236
24,26,5.6110741455886295
24,27,5.331961891477523
24,28,6.035937554696638
24,29,8.620543036248256
24,30,9.980941690580616
24,31,10.552056455429677
24,32,12.403247277211534
24,33,14.201441497021477
24,34,15.379924836344449
24,35,16.588452738754878
24,36,18.49100599034313
24,37,20.061114307955307
24,38,21.215688008515865
24,39,22.52345467006626
24,40,25.06480019681682
24,41,26.849914477878027
24,42,25.944882970310115
24,43,26.248720135498846
24,44,24.147888350252085
24,45,20.94653088888815
24,46,19.60738924965341
24,47,16.15370857292109
24,48,16.172546203588862
24,49,13.138233461267143
24,50,13.757586816710493
24,51,12.455383858369402
24,52,10.552859096730677
24,53,8.642252542478786
24,54,8.01275669775812
24,55,11.176464715167901
24,56,12.7983166492135
24,57,16.489237876251643
24,58,17.387633480742533
24,59,21.167003985044744
24,60,23.307335105783633
24,61,26.573851388560254
24,62,28.730006734700282
25,1,10.131686079015738
25,2,9.478924130147652
25,3,10.87281725545274
25,4,10.099814511673678
25,5,13.693243064783116
25,6,14.889662595608119
25,7,18.45827991016362
25,8,19.636024246625237
25,9,22.698701763789895
25,10,25.074613956842793
25,11,27.921358118297963
25,12,30.57618490790457
25,13,29.025087013224372
25,14,27.897097166381933
25,15,24.83549192387946
25,16,22.462304886081743
25,17,19.582204138169445
25,18,16.687865830279954
25,19,14.040724465714547
25,20,10.737710567256348
25,21,9.802399596874954
25,22,7.700982742752339
25,23,5.404574032426205
25,24,3.8059055136727236
25,26,3.831635588178971
25,27,5.555409353571961
25,28,5.08253453252042
25,29,6.150239264028537
25,30,8.603853574376473
25,31,9.91434592238551
25,32,10.766862057947478
25,33,12.210594097436568
25,34,14.241256468691784
25,35,15.472074274127165
25,36,16.648313736778913
25,37,18.421287596470588
25,38,20.14511384772034
25,39,21.14331305170781
25,40,23.3776386077398
25,41,25.60503801326258
25,42,25.025494543611835
25,43,24.994889596615884
25,44,22.68748200725289
25,45,19.830388700646072
25,46,18.738767377864626
25,47,15.665659731965537
25,48,16.31155979033277
25,49,13.782454619600514
25,50,15.30990861104297
25,51,14.746668319876159
25,52,12.346371617761092
25,53,9.980607918685122
25,54,10.503530141250938
25,55,13.150214076933008
25,56,13.795263999730732
25,57,17.2348488358025
25,58,17.41581974511753
25,59,21.021514813422396
25,60,22.71167899935874
25,61,25.7496223959534
25,62,27.9312226812796
26,1,9.62610374909258
26,2,9.516030921158002
26,3,10.298719037198774
26,4,9.957774103664407
26,5,13.352753746968707
26,6,14.448550096916685
26,7,18.05210424315115
26,8,18.832516032556228
26,9,22.198982109929787
26,10,24.28275380484844
26,11,27.338609757231456
26,12,29.788897901921292
26,13,28.450922480633633
26,14,26.90508878644884
26,15,23.928806238081794
26,16,21.16059213713576
26,17,18.379212764031738
26,18,15.069969894189391
26,19,12.416742916520809
26,20,8.700577676246118
26,21,7.688830274748013
26,22,5.552763900319808
26,23,5.1466819197574765
26,24,5.6110741455886295
26,25,3.831635588178971
26,27,3.8009027063595564
26,28,5.416580327772281
26,29,5.1823975332597065
26,30,6.16105421222683
26,31,8.625606497477143
26,32,10.106697403286525
26,33,10.475405487151757
26,34,12.21086914456269
26,35,14.293944890489982
26,36,15.437596084329025
26,37,16.481067100242612
26,38,18.401406350490127
26,39,19.95031918310625
26,40,21.82348420705593
26,41,23.901050947788537
26,42,23.73848719492471
26,43,24.153881817709852
26,44,22.314753674452668
26,45,19.675856126633303
26,46,19.280002377814878
26,47,16.45916872466701
26,48,17.719162622035117
26,49,15.606680646522962
26,50,17.254000274311615
26,51,16.89572289687568
26,52,15.126915621897162
26,53,12.300730042720224
26,54,12.014331617510676
26,55,14.122744451282998
26,56,14.526549243575081
26,57,17.71748939136238
26,58,17.427084958696447
26,59,20.96905121456138
26,60,22.250443322629742
26,61,25.473946167520587
26,62,27.1912911569122
27,1,9.02222283547934
27,2,7.652003713458573
27,3,7.226221876933465
27,4,6.360985101846524
27,5,9.589853068587988
27,6,10.785004543265666
27,7,14.46125284994322
27,8,15.521384845258664
27,9,18.980457885494502
27,10,21.307266649870733
27,11,24.536672592939503
27,12,26.77326814243525
27,13,25.19077775432029
27,14,23.560767227986034
27,15,20.426603052338002
27,16,17.647853850426173
27,17,14.708082127443268
27,18,11.481765380597933
27,19,8.790561900690834
27,20,5.26276142167581
27,21,5.210269264169366
27,22,5.132716967697808
27,23,6.048364612276482
27,24,5.331961891477523
27,25,5.555409353571961
27,26,3.8009027063595564
27,28,3.81455558314663
27,29,5.4827401232840405
27,30,5.053735083034125
27,31,6.1203995892478575
27,32,8.73961249350632
27,33,9.769691077976924
27,34,10.445809787414564
27,35,12.307593268975436
27,36,14.304969674216583
27,37,15.274676386279078
27,38,16.47317503297754
27,39,18.2477651550834
27,40,20.53443451694045
27,41,22.149425074716394
27,42,21.581512273071578
27,43,22.29100505599658
27,44,20.677317089030414
27,45,17.713442142342444
27,46,17.236713113690254
27,47,14.192732219696838
27,48,15.285837803896626
27,49,13.190863374599298
27,50,14.586989288590079
27,51,14.370872936492338
27,52,13.332119271582613
27,53,10.207553477535285
27,54,9.217316870675571
27,55,10.838036714826021
27,56,11.358979452480536
27,57,14.541154806589285
27,58,14.541450779552243
27,59,18.19999437955089
27,60,19.783701299101576
27,61,23.226952754469252
27,62,24.89718187857683
28,1,11.90456706644513
28,2,9.945698708524864
28,3,9.455647468475327
28,4,7.174250322203937
28,5,10.037333288584547
28,6,10.337372608458944
28,7,13.721181246543225
28,8,14.6234031469473
28,9,17.662418630750754
28,10,19.992635110851705
28,11,22.875688306797265
28,12,25.495195767188783
28,13,23.990607563378166
28,14,22.894695355393186
28,15,19.94047777609884
28,16,17.714423349543654
28,17,15.108361761354985
