1,2,3.7957212259503708
1,3,6.1078944611771595
1,4,9.69257976149559
1,5,11.937037447710768
1,6,15.420522399433063
1,7,18.3757792039834
1,8,22.11370423101629
1,9,24.274099468579745
1,10,27.651351004128028
1,11,30.4552783707789
1,12,33.82809527132383
1,13,35.80118035188638
1,14,33.84426786101807
1,15,31.88703907651037
1,16,28.344427273964246
1,17,25.522401251194236
1,18,21.984190530703845
1,19,18.94460178215169
1,20,15.25602219057767
1,21,12.724435518646484
1,22,9.525329050664137
1,23,6.723421581604426
1,24,4.578263603219824
1,25,6.892351448994002
1,26,9.355748682857243
1,27,9.791294146413245
1,28,10.240163530164
1,29,12.538600531840101
1,30,14.505020789837683
1,31,14.952744821031844
1,32,16.269113588903114
1,33,18.63975176439491
1,34,19.79848751622291
1,35,20.58322178532144
1,36,22.4420614077112
1,37,24.425639906856848
1,38,25.403241083807533
1,39,26.599875097258526
1,40,28.471833873696205
1,41,30.75159443369279
1,42,32.31311404211543
1,43,31.647786408800567
1,44,32.38593205608814
1,45,30.56174726296729
1,46,27.346910091345446
1,47,26.323682762713094
1,48,22.776750371899325
1,49,22.628209316001062
1,50,19.36782671498816
1,51,19.000348180586894
1,52,16.68776755184521
1,53,15.184291808663756
1,54,14.464396945235963
1,55,12.724068740899913
1,56,16.120923127054002
1,57,18.517462237109143
1,58,22.198068448274142
1,59,23.5486751070507
1,60,27.354507453034905
1,61,29.548329370401454
1,62,32.99666982897384
1,63,34.82723972838053
2,1,3.7957212259503708
2,3,3.787489114116495
2,4,6.789743455624483
2,5,9.795780035762379
2,6,12.89035155174697
2,7,16.05236600861221
2,8,19.70914349622411
2,9,21.90463379897338
2,10,25.392191719798294
2,11,28.187295410603184
2,12,31.715063829485448
2,13,33.39173667611032
2,14,31.3682340784463
2,15,29.167440877292016
2,16,25.59065562971757
2,17,22.59650153568657
2,18,19.013301323910003
2,19,15.95936788013168
2,20,12.181259672150048
2,21,10.085777433077178
2,22,6.621660788186893
2,23,4.989035095584025
2,24,5.222475373176759
2,25,7.44154498585571
2,26,10.40768609342264
2,27,9.913431509146518
2,28,9.164561325209622
2,29,12.113096381283494
2,30,14.310589261836713
2,31,13.835531953421487
2,32,14.82685531918736
2,33,17.78215012336584
2,34,18.82603763691659
2,35,18.92481802720974
2,36,20.929604493529183
2,37,23.286569256880618
2,38,23.888677973188518
2,39,24.71911546537367
2,40,26.93032120154593
2,41,29.23902689667123
2,42,30.41610833678428
2,43,29.702419880993506
2,44,30.818404405866495
2,45,29.36384333336416
2,46,26.104864632219304
2,47,25.315628827166382
2,48,21.812969339749642
2,49,21.774924113852137
2,50,18.716735265655796
2,51,18.22148899308429
2,52,16.073219960204547
2,53,15.376662739361542
2,54,14.237242258139315
2,55,11.688572844735951
2,56,14.5726371235799
2,57,17.033237777729187
2,58,20.51946669892727
2,59,21.896221379720956
2,60,25.64751537419029
2,61,27.816178618538114
2,62,31.427532703801724
2,63,32.98998369502479
3,1,6.1078944611771595
3,2,3.787489114116495
3,4,3.7534019526989972
3,5,6.399293176682891
3,6,9.511549828144299
3,7,12.77679698499678
3,8,16.394372998488418
3,9,18.855454422779978
3,10,22.184730405151033
3,11,25.178935939344885
3,12,28.641322307668705
3,13,30.355366098300316
3,14,28.171936409029424
3,15,26.19368201511706
3,16,22.555667690478046
3,17,19.83010240578045
3,18,16.1805310011221
3,19,13.45202661139774
3,20,9.818126220457538
3,21,8.194778451254537
3,22,5.800886712748752
3,23,5.735902454946231
3,24,5.883151171902393
3,25,5.978778672183762
3,26,9.54893758647552
3,27,9.638988799954152
3,28,7.707580873428754
3,29,10.030194571082665
3,30,12.955178654659761
3,31,12.558374219927254
3,32,12.621096325943181
3,33,15.62073145028629
3,34,17.269209889200695
3,35,17.13341438461036
3,36,18.59604606680239
3,37,21.27564289714994
3,38,22.188845035352777
3,39,22.62436640873443
3,40,24.62169341289293
3,41,27.26643598335024
3,42,28.318023199760184
3,43,27.222543177547536
3,44,28.22614421867881
3,45,26.699243419072435
3,46,23.264592207954543
3,47,22.204061368602872
3,48,18.603327078934303
3,49,18.28692045264357
3,50,15.19240285874022
3,51,14.5309157450447
3,52,12.482763916184632
3,53,12.13940214897565
3,54,10.887921673114077
3,55,8.00870083479329
3,56,10.825799692413447
3,57,13.474265133849812
3,58,16.98128135686237
3,59,18.65154576617237
3,60,22.42003621867288
3,61,24.84994344581726
3,62,28.42767949644229
3,63,30.16595306615909
4,1,9.69257976149559
4,2,6.789743455624483
4,3,3.7534019526989972
4,5,3.7822562398487345
4,6,6.1538847821411125
4,7,9.515497340866867
4,8,13.035639269793457
4,9,15.491911175687754
4,10,18.88219507861525
4,11,21.85797019137294
4,12,25.414810615619558
4,13,26.919719077234223
4,14,24.711568958981957
4,15,22.589337482758236
4,16,18.94199728025079
4,17,16.13830943207165
4,18,12.467918506958236
4,19,9.798016317955039
4,20,6.213900282038816
4,21,5.538198317231306
4,22,4.570169647447071
4,23,6.820127558111209
4,24,8.351183862773885
4,25,7.861255230062416
4,26,10.957781213690026
4,27,10.42524277369482
4,28,7.3249505806469735
4,29,9.578736107260553
4,30,12.571104833651276
4,31,11.360364445033985
4,32,10.65776879565612
4,33,14.069885548511921
4,34,15.726818708255799
4,35,14.860613787489818
4,36,16.1967752881031
4,37,19.249269859677195
4,38,19.915546214411833
4,39,19.877697572702363
4,40,22.061742624054087
4,41,24.794891455576884
4,42,25.47746590750451
4,43,24.239869647500598
4,44,25.51995106336525
4,45,24.325948297031218
4,46,20.88078200502786
4,47,20.05041220615438
4,48,16.605053791449492
4,49,16.482223374049116
4,50,13.839176482688973
4,51,13.298273265242859
4,52,11.91802980328688
4,53,12.443549531540292
4,54,10.549889725875554
4,55,7.170073529418808
4,56,8.772244008757864
4,57,11.155401920806858
4,58,14.311626330713898
4,59,15.925739117294217
4,60,19.578001228904622
4,61,21.972697596121193
4,62,25.651439063733
4,63,27.172916982544564
5,1,11.937037447710768
5,2,9.795780035762379
5,3,6.399293176682891
5,4,3.7822562398487345
5,6,3.7997753881197016
5,7,6.474482450636215
5,8,10.182047780365066
5,9,12.583305648216717
5,10,15.836071886220902
5,11,18.86903493710714
5,12,22.277303650660887
5,13,24.079225468592117
5,14,21.94689080050937
5,15,20.16170552565325
5,16,16.59781126019033
5,17,14.163097493056082
5,18,10.700291623172042
5,19,8.335140739510681
5,20,5.643120388195858
5,21,5.083065075155653
5,22,6.3915764757485425
5,23,8.569374492271514
5,24,9.539509572621897
5,25,7.686009092105633
5,26,10.115169374320532
5,27,10.017394026972003
5,28,6.416765754297495
5,29,7.261287981645986
5,30,10.570489034811223
5,31,9.665797691610216
5,32,7.935073902784022
5,33,11.072938357749242
5,34,13.317349046545852
5,35,12.492133491314995
5,36,13.15816220235539
5,37,16.323494356019623
5,38,17.437989263521523
5,39,17.224579900061016
5,40,19.013883391418762
5,41,22.00351344620301
5,42,22.79128430396592
5,43,21.289664368717
5,44,22.268763209096353
5,45,20.867964147049644
5,46,17.327339645704665
5,47,16.31144289658345
5,48,12.83015833071392
5,49,12.77428490275739
5,50,10.334469821324463
5,51,10.339910274746877
5,52,9.856083821312701
5,53,10.392524506645
5,54,7.755132649695631
5,55,4.818469279332741
5,56,5.658417744330878
5,57,7.489463706483106
5,58,10.771998620661154
5,59,12.338827439207213
5,60,16.0690396248034
5,61,18.585189651885408
5,62,22.17784591027985
5,63,23.940290549114483
6,1,15.420522399433063
6,2,12.89035155174697
6,3,9.511549828144299
6,4,6.1538847821411125
6,5,3.7997753881197016
6,7,3.7727456835818254
6,8,6.977313953773598
6,9,9.874823286492472
6,10,12.981895251891697
6,11,16.215340404505657
6,12,19.699428703534497
6,13,21.13141845235223
6,14,18.73047562805048
6,15,16.88749265215541
6,16,13.200447921858913
6,17,10.929462969660506
6,18,7.358174527325202
6,19,5.968184134969307
6,20,4.687019540411438
6,21,6.59204978392163
6,22,8.884143201836693
6,23,11.83605851183761
6,24,13.260841434285933
6,25,11.457345826009387
6,26,13.703988496306032
6,27,13.414121459893662
6,28,9.647468164759765
6,29,10.101368961675677
6,30,13.117422159724276
6,31,11.67742945466486
6,32,9.063084437181047
6,33,12.155741039335947
6,34,14.431936334236994
6,35,12.718377014512326
6,36,12.835068532365968
6,37,16.441059416227024
6,38,17.32083685371876
6,39,16.28144435163276
6,40,18.13932694364508
6,41,21.31848238800623
6,42,21.514871657796338
6,43,19.622835869748286
6,44,20.90787571595163
6,45,19.933893028822805
6,46,16.36405387094867
6,47,15.420700427479742
6,48,12.2362638417581
6,49,12.008050734402053
6,50,10.2707546948257
6,51,9.943353630326481
6,52,10.120978187316945
6,53,11.834577110261684
6,54,9.398405572049194
6,55,6.5129255142616715
6,56,4.939775617685405
6,57,6.370683507494565
6,58,8.697956132937584
6,59,10.629796166639908
6,60,14.05220236896803
6,61,16.75098030543818
6,62,20.389054227295592
6,63,21.95890774428512
7,1,18.3757792039834
7,2,16.05236600861221
7,3,12.77679698499678
7,4,9.515497340866867
7,5,6.474482450636215
7,6,3.7727456835818254
7,8,3.8058658657608033
7,9,6.2648302537460445
7,10,9.415485863223843
7,11,12.570300917259996
7,12,16.016343358867598
7,13,17.6526709395267
7,14,15.477455632697623
7,15,13.805375124185044
7,16,10.321660112984585
7,17,8.40559745367
7,18,5.597468565375846
7,19,5.101774388247823
7,20,6.1106354668899066
7,21,7.960164496691831
7,22,11.211926193619204
7,23,14.123010261729194
7,24,15.56463217219145
7,25,13.48930932909502
7,26,14.909091688847107
7,27,14.489643836970448
7,28,10.81933630061838
7,29,10.385881231717983
7,30,12.805179269744178
7,31,11.2592829588626
7,32,7.863058573080169
7,33,10.348581801748926
7,34,12.694483399112015
7,35,10.594801377170176
7,36,9.921589098136973
7,37,13.675006253088288
7,38,14.647413339596529
7,39,13.15090863946651
7,40,14.754906227079953
7,41,18.090996570008098
7,42,18.146900789630962
7,43,16.01727849829198
7,44,17.246608455246253
7,45,16.401947787419218
7,46,12.880848740408018
7,47,12.195177563532255
7,48,9.455721429557299
7,49,9.859058213934777
7,50,9.30164973353471
7,51,9.992390869714933
7,52,11.497267146924964
7,53,13.131168845549418
7,54,10.21240017788349
7,55,8.563266376727734
7,56,5.829837823604657
7,57,4.736246132376749
7,58,5.79912152829081
7,59,7.081923769731696
7,60,10.375696492197013
7,61,12.992894238808223
7,62,16.645903898534513
7,63,18.194571873094336
8,1,22.11370423101629
8,2,19.70914349622411
8,3,16.394372998488418
8,4,13.035639269793457
8,5,10.182047780365066
8,6,6.977313953773598
8,7,3.8058658657608033
8,9,3.784494561629926
8,10,6.119505377492305
8,11,9.591136947000283
8,12,12.965779232615352
8,13,14.279605730233971
8,14,11.815390769462402
8,15,10.359240008190971
8,16,6.876761725006327
8,17,6.026545917371469
8,18,4.590852098024098
8,19,6.548155154031435
8,20,9.010790689184844
8,21,11.437221532284035
8,22,14.797112527692573
8,23,17.861339589985793
8,24,19.36942995386709
8,25,17.205701074563304
8,26,18.495373525110704
8,27,18.108860501300278
8,28,14.509184468289334
8,29,13.782232335155237
8,30,15.891451351872814
8,31,14.297686366468033
8,32,10.700654119331897
8,33,12.493545601153285
8,34,14.718676028607208
8,35,12.184623814183418
8,36,10.697756265763156
8,37,14.419030024542769
8,38,15.254254088200593
8,39,12.888244307446795
8,40,14.170893404888668
8,41,17.6247477865476
8,42,17.04475751644666
8,43,14.373929498118313
8,44,15.75090105594671
8,45,15.38605380630461
8,46,12.069371363858588
8,47,11.494321439788916
8,48,9.631633041775574
8,49,9.912743701336456
8,50,10.523362973023987
8,51,11.125701967920701
8,52,13.270647888894668
8,53,15.427205286497669
8,54,12.8419428999297
8,55,11.595018722690243
8,56,8.17391944985019
8,57,6.352719955226315
8,58,4.857672344410725
8,59,6.039044151437968
8,60,8.226434126550727
8,61,10.997431764183995
8,62,14.480307194329137
8,63,15.85608667024082
9,1,24.274099468579745
9,2,21.90463379897338
9,3,18.855454422779978
9,4,15.491911175687754
9,5,12.583305648216717
9,6,9.874823286492472
9,7,6.2648302537460445
9,8,3.784494561629926
9,10,3.783312815628882
9,11,6.379425165427371
9,12,9.999593655361336
9,13,11.532330326317302
9,14,9.860219425709603
9,15,8.191567509416222
9,16,5.538504823585575
9,17,4.936436730389792
9,18,5.692200312072911
9,19,7.423762504344952
9,20,10.611649778348632
9,21,12.616587321814059
9,22,16.311793318013454
9,23,19.316830598924483
9,24,21.041173523553198
9,25,19.05565874885285
9,26,19.71565597438057
9,27,18.912689651441745
9,28,15.583507613754096
9,29,14.702073675467997
9,30,15.97539536685842
9,31,14.102340990191218
9,32,10.61117778205583
9,33,11.775891162401784
9,34,13.364491129743126
9,35,10.450396484720983
9,36,8.577814485361507
9,37,12.051508636851485
9,38,12.495849997849778
9,39,9.627433649053035
9,40,10.901766079730681
9,41,14.222668212561091
9,42,13.349681555313106
9,43,10.655029542764856
9,44,12.34223647465696
9,45,12.525852948074432
9,46,9.683144364052795
9,47,10.202888447652086
9,48,9.472314014497584
9,49,10.95852973898941
9,50,12.478736808975944
9,51,13.945373876157209
9,52,16.48079879068348
9,53,18.197017319800878
9,54,15.224767027790932
9,55,14.46264909654478
9,56,11.28190206404403
9,57,8.622341791741107
9,58,6.450633451492003
9,59,5.167179276950518
9,60,6.175795685867404
9,61,7.931103199875281
9,62,11.572264401075927
9,63,12.463030520185367
10,1,27.651351004128028
10,2,25.392191719798294
10,3,22.184730405151033
10,4,18.88219507861525
10,5,15.836071886220902
10,6,12.981895251891697
10,7,9.415485863223843
10,8,6.119505377492305
10,9,3.783312815628882
10,11,3.783396226156614
10,12,6.869211734666123
10,13,8.435316864254654
10,14,6.539234799094997
10,15,6.1059525287731145
10,16,4.742764231305229
10,17,6.674178661747797
10,18,8.568778936806948
10,19,11.028047500949452
10,20,14.258144212428247
10,21,16.33610259513155
10,22,20.003904156404406
10,23,22.945542522970953
10,24,24.459940001428667
10,25,22.202291217048348
10,26,22.768692991345652
10,27,22.26143601663104
10,28,19.02559911115465
10,29,17.726009191207602
10,30,18.942132716312813
10,31,17.4205186330356
10,32,13.845303041991874
10,33,14.31402063350622
10,34,16.028585344340556
10,35,13.355614901804627
10,36,10.777113680501138
10,37,13.69534523007111
10,38,14.371748007939464
10,39,11.086297289176413
10,40,11.37089272662401
10,41,14.69574168226965
10,42,13.384190023143972
10,43,10.004710493864408
10,44,11.307650012531722
10,45,11.79630320922856
10,46,9.431459611957859
10,47,9.794076617118312
10,48,10.136361095227512
10,49,11.282964331792057
10,50,13.638147373766829
10,51,15.066444010969638
10,52,18.04172413187628
10,53,19.95988786672324
10,54,17.30784577220989
10,55,16.986741805083653
10,56,13.499048767986478
10,57,10.607332908081005
10,58,7.33803490692973
10,59,5.991555699012671
10,60,4.636191800110362
10,61,6.389505134774583
10,62,9.326355177928857
10,63,10.286624869573945
11,1,30.4552783707789
11,2,28.187295410603184
11,3,25.178935939344885
11,4,21.85797019137294
11,5,18.86903493710714
11,6,16.215340404505657
11,7,12.570300917259996
11,8,9.591136947000283
11,9,6.379425165427371
11,10,3.783396226156614
11,12,3.7961215250443074
11,13,5.562503148942819
11,14,5.473081043481898
11,15,5.288167320392292
11,16,6.2551337647904655
11,17,8.309939363244661
11,18,11.123688961389856
11,19,13.325339747033253
11,20,16.784756753423995
11,21,18.642389784148836
11,22,22.40919364356635
11,23,25.306972332386483
11,24,26.991446881449228
11,25,24.914064036373844
11,26,25.088114595171145
11,27,24.27467384365619
11,28,21.283040231411217
11,29,19.981674018948436
11,30,20.582196697272813
11,31,18.895544268023038
11,32,15.63589701053972
11,33,15.632906628667955
11,34,16.666893524353583
11,35,13.901861880017481
11,36,11.278642955004127
11,37,13.430186897694123
11,38,13.582382077102695
11,39,9.936398339163956
11,40,9.859156831852578
11,41,12.62335674173449
11,42,10.66225031273705
11,43,7.130119800472198
11,44,8.839252605041485
11,45,10.41558791337482
11,46,9.254780209297948
11,47,10.777946535570814
11,48,12.20369783510101
11,49,14.013232025804648
11,50,16.735961055801525
11,51,18.550092408818625
11,52,21.64233393526987
11,53,23.32548425328032
11,54,20.48343028883028
11,55,20.3472529580509
11,56,17.009170473117244
11,57,13.900965452883073
11,58,10.72266944931972
11,59,8.42360135985149
11,60,5.8337686987176465
11,61,5.062141692910854
11,62,7.293097479827639
11,63,7.061728280098688
12,1,33.82809527132383
12,2,31.715063829485448
12,3,28.641322307668705
12,4,25.414810615619558
12,5,22.277303650660887
12,6,19.699428703534497
12,7,16.016343358867598
12,8,12.965779232615352
12,9,9.999593655361336
12,10,6.869211734666123
12,11,3.7961215250443074
12,13,3.806167950904146
12,14,5.469018579488935
12,15,7.209189727023775
12,16,9.342286352497092
12,17,11.935111821827801
12,18,14.834640458199642
12,19,17.105675876656086
12,20,20.51533381764937
12,21,22.23977924784425
12,22,26.015625404626828
12,23,28.78103166699914
12,24,30.280860919294884
12,25,28.02673025322481
12,26,27.979465327360554
12,27,27.35092981984761
12,28,24.533331314330965
12,29,22.8980070397597
12,30,23.306909954854508
12,31,21.93237874538338
12,32,18.715624412237467
12,33,18.142999988997
12,34,19.15554687056519
12,35,16.757531921139776
12,36,13.79696737025259
12,37,15.229864103233211
12,38,15.588549289044481
12,39,12.080487257748565
12,40,10.980717069017627
12,41,13.291630625825285
12,42,11.188331694144166
12,43,7.555065807243783
12,44,8.266406638151292
12,45,10.199144658081536
12,46,10.114178704892295
12,47,11.640415522118422
12,48,13.952924102353178
12,49,15.663663942073892
12,50,18.853020940429637
12,51,20.79788444904647
12,52,24.15362374419891
12,53,25.7596259810381
12,54,23.073522840304868
12,55,23.345651638437033
12,56,19.962716931127115
12,57,16.68587447206398
12,58,13.247738906295284
12,59,10.898656958263128
12,60,7.409678334832563
12,61,5.7234731036973345
12,62,5.621282662104324
12,63,4.89685866680826
13,1,35.80118035188638
13,2,33.39173667611032
13,3,30.355366098300316
13,4,26.919719077234223
13,5,24.079225468592117
13,6,21.13141845235223
13,7,17.6526709395267
13,8,14.279605730233971
13,9,11.532330326317302
13,10,8.435316864254654
13,11,5.562503148942819
13,12,3.806167950904146
13,14,3.8023395461521474
13,15,5.598537412687494
13,16,8.929093463514928
13,17,11.919141483907428
13,18,15.309410142131043
13,19,18.035141574424927
13,20,21.68093690552356
13,21,23.87238382264669
13,22,27.602217520991204
13,23,30.65537956756013
13,24,32.45277693768495
13,25,30.387081559610113
13,26,30.641788878242973
13,27,29.812065878011534
13,28,26.786389560899828
13,29,25.536714803929573
13,30,26.105921736863404
13,31,24.359499633082287
13,32,21.175345339235218
13,33,21.09563771585856
13,34,21.929744799627272
13,35,19.124236261395815
13,36,16.59648546410655
13,37,18.2698564221174
13,38,18.076508335755637
13,39,14.352205928046883
13,40,13.932954964567063
13,41,15.831897069734788
13,42,13.053662543540389
13,43,9.873562415238027
13,44,11.425603327194208
13,45,13.828576042729663
13,46,13.742473736192984
13,47,15.219156315945373
13,48,17.16768528779517
13,49,18.575126298640313
13,50,21.533010631066716
13,51,23.03359390079342
13,52,26.174756354105522
13,53,28.162628609444617
13,54,25.592045761045174
13,55,25.420371807090703
13,56,21.89787236449629
13,57,18.970674131858946
13,58,15.512786685211193
13,59,13.663311235408296
13,60,10.539452282329734
13,61,9.278335005062809
13,62,9.329668441736992
13,63,7.707821197631707
14,1,33.84426786101807
14,2,31.3682340784463
14,3,28.171936409029424
14,4,24.711568958981957
14,5,21.94689080050937
14,6,18.73047562805048
14,7,15.477455632697623
14,8,11.815390769462402
14,9,9.860219425709603
14,10,6.539234799094997
14,11,5.473081043481898
14,12,5.469018579488935
14,13,3.8023395461521474
14,15,3.7925557779337615
14,16,6.389864986401158
14,17,9.987567158979845
14,18,13.063065696667495
14,19,16.226324826269835
14,20,19.77621204789731
14,21,22.30588288915011
14,22,25.92612108272651
14,23,29.09564381432338
14,24,30.814719366060913
14,25,28.636716535436598
14,26,29.302244561716115
14,27,28.700438216302608
14,28,25.42493801991162
14,29,24.258832692750687
14,30,25.35981214953269
14,31,23.66525283464801
14,32,20.228824715076087
14,33,20.58171932566435
14,34,21.915836941003366
14,35,19.04102251391532
14,36,16.539116390705132
14,37,18.870301184922642
14,38,18.998429898647753
14,39,15.287711699752968
14,40,15.22960475381728
14,41,17.756166890199452
14,42,15.337004659771047
14,43,11.917468905716401
14,44,13.431333456406417
14,45,15.10675332835047
14,46,14.059038943042474
14,47,14.744335819084649
14,48,16.000051085744374
14,49,16.76280592740232
14,50,19.431616231438607
14,51,20.424407228037392
14,52,23.39592686059991
14,53,25.719704211533262
14,54,23.431443646895854
14,55,23.017085383244613
14,56,19.35582535247151
14,57,16.782677121270424
14,58,13.272702857194517
14,59,12.273945831943943
14,60,9.654566317189664
14,61,9.831210579178427
14,62,10.745785165760424
14,63,10.288676378997788
15,1,31.88703907651037
15,2,29.167440877292016
15,3,26.19368201511706
15,4,22.589337482758236
15,5,20.16170552565325
15,6,16.88749265215541
15,7,13.805375124185044
15,8,10.359240008190971
15,9,8.191567509416222
15,10,6.1059525287731145
15,11,5.288167320392292
15,12,7.209189727023775
15,13,5.598537412687494
15,14,3.7925557779337615
15,16,3.8018576977238756
15,17,6.872596395234658
15,18,10.378854715393619
15,19,13.494332697074444
15,20,17.202969878327984
15,21,19.907551914199775
15,22,23.47645797351586
15,23,26.817978458609677
15,24,28.895333429951858
15,25,27.09233081995543
15,26,27.882447697174932
15,27,26.880006609112115
15,28,23.529622950956536
15,29,22.87467753115444
15,30,23.92058272199803
15,31,21.75882849282044
15,32,18.54436026829833
15,33,19.436486124632115
15,34,20.40018832532087
15,35,17.13630412932285
15,36,15.269064186656456
15,37,17.88035816916697
15,38,17.434517446606023
15,39,13.691695669700401
15,40,14.559609099639609
15,41,16.927318075102313
15,42,14.32439131493338
15,43,11.364333776154337
15,44,13.773336973886938
15,45,15.683203596280666
15,46,14.38489921192125
15,47,15.492910892476331
15,48,16.21325266801254
15,49,17.295976382972658
15,50,19.490312805723836
15,51,20.428037659166204
15,52,23.052969050514434
15,53,25.385385057548806
15,54,22.857127949061063
15,55,21.94709347819955
15,56,18.438900177953283
15,57,16.11970409431841
15,58,13.075690382469713
15,59,12.013042343560617
15,60,10.241439659196791
15,61,10.33636426620373
15,62,12.243214893549448
15,63,11.353542318539338
16,1,28.344427273964246
16,2,25.59065562971757
16,3,22.555667690478046
16,4,18.94199728025079
16,5,16.59781126019033
16,6,13.200447921858913
16,7,10.321660112984585
16,8,6.876761725006327
16,9,5.538504823585575
16,10,4.742764231305229
16,11,6.2551337647904655
16,12,9.342286352497092
16,13,8.929093463514928
16,14,6.389864986401158
16,15,3.8018576977238756
16,17,3.7979659406282673
16,18,6.7976409635825235
16,19,10.168012625995214
16,20,13.753841521217435
16,21,16.647408704679165
16,22,20.117983713866476
16,23,23.50940465084367
16,24,25.54715411763325
16,25,23.748052099929478
16,26,24.828843042106985
16,27,23.923786604440163
16,28,20.41463761651829
16,29,19.938818371355385
16,30,21.370561403468923
16,31,19.210455616238004
16,32,15.897783609177566
16,33,17.282517984867503
16,34,18.579306842302298
16,35,15.323300022425874
16,36,13.713346107134882
16,37,16.881104803212533
16,38,16.695414639790773
16,39,13.249050707599325
16,40,14.556399745695344
16,41,17.378593156591464
16,42,15.370329575079126
16,43,12.477316106988981
16,44,14.767154705428732
16,45,15.960263958904722
16,46,13.835117221216297
16,47,14.430701835418677
16,48,14.271494186877614
16,49,15.052765056799192
16,50,16.7059648455868
16,51,17.35227609742587
16,52,19.695183480601887
16,53,22.1214365746275
16,54,19.646045676456644
16,55,18.428634527507324
16,56,14.959198743807562
16,57,12.994302330376293
16,58,10.331817545888004
16,59,9.951125199566244
16,60,9.364714912004755
16,61,10.561737772255324
16,62,13.326320745950971
16,63,13.26228104613543
17,1,25.522401251194236
17,2,22.59650153568657
17,3,19.83010240578045
17,4,16.13830943207165
17,5,14.163097493056082
17,6,10.929462969660506
17,7,8.40559745367
17,8,6.026545917371469
17,9,4.936436730389792
17,10,6.674178661747797
17,11,8.309939363244661
17,12,11.935111821827801
17,13,11.919141483907428
17,14,9.987567158979845
17,15,6.872596395234658
17,16,3.7979659406282673
17,18,3.785238577568554
17,19,6.773509207636171
17,20,10.495259184424771
17,21,13.468119912430039
17,22,16.87036436776551
17,23,20.371988488025572
17,24,22.72552884853718
17,25,21.33273290455383
17,26,22.488752742662857
17,27,21.19574947542302
17,28,17.670642977811475
17,29,17.755495405888496
17,30,19.1197574109885
17,31,16.546352527205528
17,32,13.5691866108487
17,33,15.572341475841794
17,34,16.517523722818435
17,35,13.03713623754731
17,36,12.295412617095364
17,37,15.686743286217235
17,38,15.095304826973399
17,39,12.039282907623472
17,40,14.20697488401961
17,41,16.865115415614508
17,42,15.152945124063079
17,43,12.921257927124644
17,44,15.559784042843605
17,45,16.608348226132545
17,46,14.252629192616656
17,47,15.097501518741456
17,48,14.320342806647092
17,49,15.427626492264453
17,50,16.439902639619927
17,51,17.124152402406878
17,52,19.013864688654657
17,53,21.220829748969436
17,54,18.48803579088894
17,55,16.820061649417898
17,56,13.761620952555969
17,57,12.170507648813112
17,58,10.483304678672242
17,59,10.061380615976262
17,60,10.649520662564004
17,61,11.762671133228142
17,62,15.103866952587115
17,63,14.986886299441704
18,1,21.984190530703845
18,2,19.013301323910003
18,3,16.1805310011221
18,4,12.467918506958236
18,5,10.700291623172042
18,6,7.358174527325202
18,7,5.597468565375846
18,8,4.590852098024098
18,9,5.692200312072911
18,10,8.568778936806948
18,11,11.123688961389856
18,12,14.834640458199642
18,13,15.309410142131043
18,14,13.063065696667495
18,15,10.378854715393619
18,16,6.7976409635825235
18,17,3.785238577568554
18,19,3.7821691645411804
18,20,7.111909849967587
18,21,10.410810367354191
18,22,13.602397254185975
18,23,17.158806694184822
18,24,19.454096986646366
18,25,18.110014007388628
18,26,19.655306039130682
18,27,18.495067841245543
18,28,14.806510415274088
18,29,15.215323809421626
18,30,17.072394802883203
18,31,14.582427153284494
18,32,11.66235321081828
18,33,14.30042290955698
18,34,15.608135914212308
18,35,12.429738926794471
18,36,12.17144162087528
18,37,15.8783194959033
18,38,15.654725972851327
18,39,13.272299146936435
18,40,15.585812204410047
18,41,18.46983882546571
18,42,17.41560678530557
18,43,15.356484383630786
18,44,17.626465001190805
18,45,17.983941666875065
18,46,15.073407084471302
18,47,15.328371978874229
18,48,13.620824289082478
18,49,14.314693574323298
18,50,14.475728885173883
18,51,14.765202966118673
18,52,16.119136400254494
18,53,18.323950770782822
18,54,15.693148310042384
18,55,13.56184070017974
18,56,10.790212163640721
18,57,9.97254565871249
18,58,9.372046055651712
18,59,9.883088081115021
18,60,11.724336067796004
18,61,13.57044010288875
18,62,17.189528207901986
18,63,17.677372352761843
19,1,18.94460178215169
19,2,15.95936788013168
19,3,13.45202661139774
19,4,9.798016317955039
19,5,8.335140739510681
19,6,5.968184134969307
19,7,5.101774388247823
19,8,6.548155154031435
19,9,7.423762504344952
19,10,11.028047500949452
19,11,13.325339747033253
19,12,17.105675876656086
19,13,18.035141574424927
19,14,16.226324826269835
19,15,13.494332697074444
19,16,10.168012625995214
19,17,6.773509207636171
19,18,3.7821691645411804
19,20,3.792059305991007
19,21,6.830110035443101
19,22,10.102799850466003
19,23,13.660010477413584
19,24,16.203623925762606
19,25,15.2683289479975
19,26,16.701028564273063
19,27,15.142178135629601
19,28,11.529698813955113
19,29,12.514961118723805
19,30,14.193399497959838
19,31,11.39395610420082
19,32,9.022503594584693
19,33,12.233675780929486
19,34,13.181439206617027
19,35,10.175043999567341
19,36,10.919375854855746
19,37,14.524712636797904
19,38,14.159484595615055
19,39,12.60495581518087
19,40,15.323027166199504
19,41,17.9733458579024
19,42,17.502039921620703
19,43,16.064272391183696
19,44,18.24727407086699
19,45,18.286249472601156
19,46,15.327604992963971
19,47,15.753000417822875
19,48,13.634066692003035
19,49,14.730675884529221
19,50,14.314064157755334
19,51,14.912358404512437
19,52,15.85084165482556
19,53,17.441730422561946
19,54,14.492616476591753
19,55,12.181135816349018
19,56,10.283708616904494
19,57,9.784207020017877
19,58,10.405523390677546
19,59,10.59075943257439
19,60,13.160748984629564
19,61,14.764862026827467
19,62,18.56952431318149
19,63,19.143692478150204
20,1,15.25602219057767
20,2,12.181259672150048
20,3,9.818126220457538
20,4,6.213900282038816
20,5,5.643120388195858
20,6,4.687019540411438
20,7,6.1106354668899066
20,8,9.010790689184844
20,9,10.611649778348632
20,10,14.258144212428247
20,11,16.784756753423995
20,12,20.51533381764937
20,13,21.68093690552356
20,14,19.77621204789731
20,15,17.202969878327984
20,16,13.753841521217435
20,17,10.495259184424771
20,18,7.111909849967587
20,19,3.792059305991007
20,21,3.821160955815896
20,22,6.513089712126416
20,23,10.163636046485248
20,24,12.783291148090294
20,25,12.207834673452053
20,26,14.070142960075676
20,27,12.50213058078916
20,28,8.861705300832629
20,29,10.651340773391338
20,30,12.729552629463724
20,31,10.117067275222368
20,32,8.508084064751847
20,33,12.22004968075558
20,34,13.272199992810933
20,35,11.038073266297951
20,36,12.414458946963833
20,37,15.81662758910992
20,38,15.72531029374362
20,39,14.980019323545909
20,40,17.646795574613122
20,41,20.236354196456595
20,42,20.297696180368927
20,43,19.11181741171383
20,44,20.98950139656793
20,45,20.548847305960287
20,46,17.396980622781427
20,47,17.430732609721712
20,48,14.705459655446038
20,49,15.482246236241874
20,50,14.157106344658237
20,51,14.436686338693505
20,52,14.560853186950352
20,53,15.766439853989564
20,54,12.975480517000879
20,55,10.172857288419776
20,56,9.42271748303022
20,57,10.03083482965154
20,58,11.89338403411446
20,59,12.601097712986702
20,60,15.754908976740328
20,61,17.610373508080887
20,62,21.427036247591353
20,63,22.322951764999036
21,1,12.724435518646484
21,2,10.085777433077178
21,3,8.194778451254537
21,4,5.538198317231306
21,5,5.083065075155653
21,6,6.59204978392163
21,7,7.960164496691831
21,8,11.437221532284035
21,9,12.616587321814059
21,10,16.33610259513155
21,11,18.642389784148836
21,12,22.23977924784425
21,13,23.87238382264669
21,14,22.30588288915011
21,15,19.907551914199775
21,16,16.647408704679165
21,17,13.468119912430039
21,18,10.410810367354191
21,19,6.830110035443101
21,20,3.821160955815896
21,22,3.7925594851151243
21,23,6.93368818124962
21,24,9.580667174080704
21,25,9.345355485064701
21,26,10.739978558605863
21,27,8.768661473244196
21,28,5.302436359721112
21,29,7.7921820805383994
21,30,9.539879128998523
21,31,6.989307952133414
21,32,6.5279455415053285
21,33,10.305708570664546
21,34,11.07217831960877
21,35,9.746576379109383
21,36,11.763471302950391
21,37,14.637839928610905
21,38,14.755887372533085
21,39,14.952889212962154
21,40,17.489446571753092
21,41,19.843895836702327
21,42,20.578358641745606
21,43,19.825293327095522
21,44,21.331899217575007
21,45,20.470052208643963
21,46,17.41117306068933
21,47,17.488631127081657
21,48,14.621126985836932
21,49,15.748849266073563
21,50,14.112858352517945
21,51,14.917189803548004
21,52,14.888187997033073
21,53,15.147244919086823
21,54,12.090209565448259
21,55,9.780258678927664
21,56,10.159006226812721
21,57,10.659074120093935
21,58,13.181872008531137
21,59,13.46724554087516
21,60,16.88811809913238
21,61,18.5112146341698
21,62,22.255301551808447
21,63,23.34572742359126
22,1,9.525329050664137
22,2,6.621660788186893
22,3,5.800886712748752
22,4,4.570169647447071
22,5,6.3915764757485425
22,6,8.884143201836693
22,7,11.211926193619204
22,8,14.797112527692573
22,9,16.311793318013454
22,10,20.003904156404406
22,11,22.40919364356635
22,12,26.015625404626828
22,13,27.602217520991204
22,14,25.92612108272651
22,15,23.47645797351586
22,16,20.117983713866476
22,17,16.87036436776551
22,18,13.602397254185975
22,19,10.102799850466003
22,20,6.513089712126416
22,21,3.7925594851151243
22,23,3.7896049779981555
22,24,7.033571966780348
22,25,8.071436588166357
22,26,10.030991242695944
22,27,7.9730465166352715
22,28,5.4526213626032405
22,29,8.97563417569331
22,30,10.75201438589711
22,31,8.802059088586995
22,32,9.507181629550498
22,33,13.014203246443543
22,34,13.59782130998329
22,35,12.904945393314662
22,36,15.207472980750337
22,37,17.758049460036666
22,38,17.866858829274296
22,39,18.46133842673339
22,40,21.005929360251457
22,41,23.182335259306605
22,42,24.08861350574987
22,43,23.52436338173215
22,44,24.977476528968594
22,45,23.972861451370797
22,46,20.912931966279615
22,47,20.793067259528247
22,48,17.701079634576388
22,49,18.491160223077088
22,50,16.28367356648171
22,51,16.63710720050837
22,52,15.777455265988273
22,53,15.675489904442154
22,54,13.161048793224957
22,55,10.565540076017543
22,56,12.048415713015995
22,57,13.396010488114241
22,58,16.347345435097882
22,59,16.983412234695553
22,60,20.521756125904684
22,61,22.241078774971633
22,62,25.95745400959164
22,63,27.110173780766182
23,1,6.723421581604426
23,2,4.989035095584025
23,3,5.735902454946231
23,4,6.820127558111209
23,5,8.569374492271514
23,6,11.83605851183761
23,7,14.123010261729194
23,8,17.861339589985793
23,9,19.316830598924483
23,10,22.945542522970953
23,11,25.306972332386483
23,12,28.78103166699914
23,13,30.65537956756013
23,14,29.09564381432338
23,15,26.817978458609677
23,16,23.50940465084367
23,17,20.371988488025572
23,18,17.158806694184822
23,19,13.660010477413584
23,20,10.163636046485248
23,21,6.93368818124962
23,22,3.7896049779981555
23,24,3.793150331798637
23,25,6.287811058253681
23,26,7.860223254890072
23,27,5.8254889918331845
23,28,5.217972964666085
23,29,8.811036896228066
23,30,10.158068924230214
23,31,9.224319920784612
23,32,10.931721141090632
23,33,13.810241289479288
23,34,14.265812352711997
23,35,14.544138715974258
23,36,16.94900041443519
23,37,18.956450485551656
23,38,19.3504467938964
23,39,20.559450967256826
23,40,22.83037699880843
23,41,24.835178552271607
23,42,26.218215693661612
23,43,25.873877232268367
23,44,26.97656490725224
23,45,25.60738485839257
23,46,22.635801797135603
23,47,22.369617449073065
23,48,19.196414882907757
23,49,19.96964508718682
23,50,17.46014850326345
23,51,17.957048406141638
23,52,16.787062240979946
23,53,15.859748226848085
23,54,13.612909074196565
23,55,11.625780022595277
23,56,13.967011630983478
23,57,15.396804881015669
23,58,18.679959630129552
23,59,19.245497432479738
23,60,22.88548951865951
23,61,24.55381816481
23,62,28.13253895260759
23,63,29.496114943090898
24,1,4.578263603219824
24,2,5.222475373176759
24,3,5.883151171902393
24,4,8.351183862773885
24,5,9.539509572621897
24,6,13.260841434285933
24,7,15.56463217219145
24,8,19.36942995386709
24,9,21.041173523553198
24,10,24.459940001428667
24,11,26.991446881449228
24,12,30.280860919294884
24,13,32.45277693768495
24,14,30.814719366060913
24,15,28.895333429951858
24,16,25.54715411763325
24,17,22.72552884853718
24,18,19.454096986646366
24,19,16.203623925762606
24,20,12.783291148090294
24,21,9.580667174080704
24,22,7.033571966780348
24,23,3.793150331798637
24,25,3.8017338988541143
24,26,5.468222234246016
24,27,5.250418427184183
24,28,5.990717099316405
24,29,8.38660652012095
24,30,9.988851039452125
24,31,10.491977049972409
24,32,12.104634086628032
24,33,14.291933952836626
24,34,15.275901133269079
24,35,16.293699769148894
24,36,18.224103927939414
24,37,19.98369630582269
24,38,20.99856603069467
24,39,22.409308710669272
24,40,24.190736625922142
24,41,26.353642536923385
24,42,28.088902101737226
24,43,27.582209632288823
24,44,28.216635213007404
24,45,26.37620892245246
24,46,23.322635583770047
24,47,22.586340814098385
24,48,19.237944090430002
24,49,19.655943019833327
24,50,16.780477528703244
24,51,17.228527121210377
24,52,15.75903954517583
24,53,14.085201563689452
24,54,12.318720630975184
24,55,11.034736713333114
24,56,14.08504086441286
24,57,15.710752236586421
24,58,19.29129932075684
24,59,20.08989718470761
24,60,23.83393327917253
24,61,25.726755952474786
24,62,29.121665697074047
24,63,30.89023444781587
25,1,6.892351448994002
25,2,7.44154498585571
25,3,5.978778672183762
25,4,7.861255230062416
25,5,7.686009092105633
25,6,11.457345826009387
25,7,13.48930932909502
25,8,17.205701074563304
25,9,19.05565874885285
25,10,22.202291217048348
25,11,24.914064036373844
25,12,28.02673025322481
25,13,30.387081559610113
25,14,28.636716535436598
25,15,27.09233081995543
25,16,23.748052099929478
25,17,21.33273290455383
25,18,18.110014007388628
25,19,15.2683289479975
25,20,12.207834673452053
25,21,9.345355485064701
25,22,8.071436588166357
25,23,6.287811058253681
25,24,3.8017338988541143
25,26,3.7953589049294427
25,27,5.6288017826826025
25,28,5.281137686824025
25,29,6.022799368163368
25,30,8.640800558548062
25,31,9.905557017253706
25,32,10.5187274654266
25,33,12.328412426296385
25,34,14.179434120694896
25,35,15.305950013480352
25,36,16.489948805282744
25,37,18.408983832732186
25,38,20.003364878508904
25,39,21.142743933641846
25,40,22.48557744839835
25,41,25.018134882631003
25,42,26.79824438070225
25,43,25.89105810590322
25,44,26.195299961603816
25,45,24.06772222294447
25,46,20.832985589677545
25,47,19.6486649796038
25,48,16.14978869095236
25,49,16.237432746309057
25,50,13.211177236038067
25,51,13.736475466485466
25,52,12.46233700706799
25,53,10.50863325600204
25,54,8.63104230952812
25,55,7.94151365098268
25,56,11.149004957065465
25,57,12.71357250557307
25,58,16.400511004866612
25,59,17.436042089589115
25,60,21.212164877777756
25,61,23.38823207806487
25,62,26.64662054936085
25,63,28.751162199859273
26,1,9.355748682857243
26,2,10.40768609342264
26,3,9.54893758647552
26,4,10.957781213690026
26,5,10.115169374320532
26,6,13.703988496306032
26,7,14.909091688847107
26,8,18.495373525110704
26,9,19.71565597438057
26,10,22.768692991345652
26,11,25.088114595171145
26,12,27.979465327360554
26,13,30.641788878242973
26,14,29.302244561716115
26,15,27.882447697174932
26,16,24.828843042106985
26,17,22.488752742662857
26,18,19.655306039130682
26,19,16.701028564273063
26,20,14.070142960075676
26,21,10.739978558605863
26,22,10.030991242695944
26,23,7.860223254890072
26,24,5.468222234246016
26,25,3.7953589049294427
26,27,3.8188255033662366
26,28,5.536169218074922
26,29,5.107174601195034
26,30,6.205622094473196
26,31,8.578430301355413
26,32,9.968939328763906
26,33,10.786940479932484
26,34,12.258962541953188
26,35,14.24728671275842
26,36,15.483174304629301
26,37,16.668336106692045
26,38,18.45604074521414
26,39,20.171432844275767
26,40,21.205416874445355
26,41,23.42726179073304
26,42,25.656683523741506
26,43,25.084478823352793
26,44,25.05881605406158
26,45,22.715146254807095
26,46,19.823026975239625
26,47,18.899909498054278
26,48,15.764046320086345
26,49,16.4708806571505
26,50,13.929148501168566
26,51,15.347307365876933
26,52,14.789109029941354
26,53,12.340203935572175
26,54,10.027415383835443
26,55,10.489303334577432
26,56,13.211811818571096
26,57,13.820604670895955
26,58,17.25206049980438
26,59,17.575966825071404
26,60,21.164659555862016
26,61,22.90475423306783
26,62,25.93597607625677
26,63,28.058330026222954
27,1,9.791294146413245
27,2,9.913431509146518
27,3,9.638988799954152
27,4,10.42524277369482
27,5,10.017394026972003
27,6,13.414121459893662
27,7,14.489643836970448
27,8,18.108860501300278
27,9,18.912689651441745
27,10,22.26143601663104
27,11,24.27467384365619
27,12,27.35092981984761
27,13,29.812065878011534
27,14,28.700438216302608
27,15,26.880006609112115
27,16,23.923786604440163
27,17,21.19574947542302
27,18,18.495067841245543
27,19,15.142178135629601
27,20,12.50213058078916
27,21,8.768661473244196
27,22,7.9730465166352715
27,23,5.8254889918331845
27,24,5.250418427184183
27,25,5.6288017826826025
27,26,3.8188255033662366
27,28,3.8079866913247526
27,29,5.399822435473865
27,30,5.212612837389824
27,31,6.126377811155898
27,32,8.65685758172412
27,33,10.097110460970807
27,34,10.503711658192344
27,35,12.200142482793295
27,36,14.282138062651226
27,37,15.410423196883286
27,38,16.47906976805752
27,39,18.402333745646388
27,40,19.97010829132715
27,41,21.821701442966194
27,42,23.921370810358276
27,43,23.7650565905032
27,44,24.17757072783254
27,45,22.287756890853796
27,46,19.612957602703688
27,47,19.385797173730264
27,48,16.520918646759164
27,49,17.84138041420781
27,50,15.726615848609132
27,51,17.30256899988731
27,52,16.97090475188908
