1,2,3.890943728586048
1,3,7.043615921558515
1,4,9.871792509709366
1,5,12.086896555799791
1,6,15.87399429220088
1,7,18.28834312181539
1,8,21.81977798402192
1,9,24.480327770406532
1,10,27.497355580457373
1,11,28.778723987394994
1,12,32.353040016355145
1,13,33.722389080130036
1,14,36.822881985738995
1,15,39.35474835236184
1,16,36.92847450090191
1,17,34.36973845244138
1,18,31.092539259952122
1,19,30.603134870570653
1,20,27.06647678950415
1,21,26.613526867360665
1,22,23.080978652742143
1,23,21.915057437788487
1,24,21.44276752979822
1,25,20.362183706646604
1,26,20.19243118864913
1,27,17.243358252897437
1,28,16.941388143983723
1,29,20.529032994878975
1,30,20.627339236230767
1,31,18.117618559114355
1,32,19.68630390083154
1,33,23.339329483839126
1,34,25.95552321333328
1,35,29.775075964680372
1,36,32.1165477732661
1,37,35.549827694275805
1,38,38.88226617009007
1,39,41.881068349164636
1,40,45.4426959302577
1,41,48.53675573105841
1,42,51.55631480291072
1,43,50.632532228751096
1,44,47.57559921305581
1,45,49.657172265788105
1,46,46.40547282323765
1,47,43.314886743482646
1,48,40.94645635478499
1,49,37.264723499461724
1,50,34.29395881783698
1,51,30.702231581566604
1,52,29.316341689353635
1,53,25.705045470177943
1,54,26.680962247429896
1,55,29.34905861341249
1,56,29.40938452141201
1,57,32.883049906021284
1,58,32.79569005100153
1,59,36.06632110567156
1,60,38.11802494917042
1,61,40.67066963264934
1,62,43.53521426208718
1,63,41.535255916607
1,64,39.163412756983284
1,65,35.64551919411709
1,66,35.83035510797858
1,67,33.69621166990394
1,68,34.51036500555264
1,69,34.833287207468
1,70,33.13478609891006
1,71,34.17556421885138
1,72,34.09027237289928
1,73,36.166988904901295
1,74,38.26427979525135
1,75,39.61530510236537
1,76,42.68511021455888
1,77,44.65018226564539
1,78,48.04805788219172
1,79,50.020923510604156
1,80,53.409148256929264
1,81,52.49432803616133
1,82,51.36296494967434
1,83,47.621320801155136
1,84,45.75935077135774
1,85,41.993839128475855
1,86,39.85546257534063
1,87,36.07308789418094
1,88,33.43269284139113
1,89,29.787249707467314
1,90,27.414210006923973
1,91,23.836313541757395
1,92,21.010338125362278
1,93,20.457419970830372
1,94,16.72994202454464
1,95,16.142761609474775
1,96,17.59589091463968
1,97,16.348534839714407
1,98,19.504837087152232
1,99,21.63557883994249
1,100,20.28267009811491
1,101,19.210628386462687
1,102,16.86404150502557
1,103,16.408330829342198
1,104,14.127874437480001
1,105,14.518577861162177
1,106,12.722717078232062
1,107,13.559325806591565
1,108,16.539745904696673
1,109,19.462993308331495
1,110,23.02464347533897
1,111,24.975688927571316
2,1,3.890943728586048
2,3,3.9195415703431102
2,4,6.805127281059302
2,5,8.421549865676532
2,6,12.178088072429054
2,7,14.841078959724753
2,8,18.314709011299108
2,9,21.153222617180134
2,10,24.052463571927685
2,11,25.21177374174053
2,12,28.733041331223536
2,13,30.087198450541138
2,14,33.10813597922061
2,15,35.616901705337604
2,16,33.22927259939625
2,17,30.58348360287235
2,18,27.320448186569426
2,19,26.800740369421202
2,20,23.296342209714254
2,21,22.9545517574338
2,22,19.446828984656793
2,23,18.565228968349892
2,24,18.08263159509265
2,25,17.431154429616523
2,26,17.18657728643507
2,27,14.655142844344526
2,28,14.213547105494134
2,29,17.96368152622442
2,30,18.49587099405786
2,31,16.466028982531043
2,32,17.944047547600164
2,33,21.487117628095223
2,34,24.415998801936105
2,35,28.195378972022716
2,36,30.830850264192193
2,37,34.192766679968976
2,38,37.64202972685363
2,39,40.66487542685496
2,40,44.27588551399191
2,41,47.404298819110934
2,42,50.60105964264473
2,43,49.92300766924669
2,44,46.873669159311284
2,45,48.92754297565806
2,46,45.75600902917632
2,47,42.47697244569375
2,48,40.19764360329936
2,49,36.44033519528774
2,50,33.481204633776514
2,51,29.75826598599827
2,52,28.06068088879412
2,53,24.46956051992603
2,54,25.163619596647692
2,55,27.45877587544079
2,56,27.455909401218033
2,57,30.829837964589313
2,58,30.973677307184378
2,59,34.4409140794424
2,60,36.64415232192449
2,61,39.0828740980732
2,62,41.71789481992202
2,63,39.49570733402067
2,64,36.9123300566452
2,65,33.34549088436982
2,66,33.19592784825215
2,67,30.855166920163718
2,68,31.576899832466328
2,69,32.21338917887123
2,70,30.82352199973794
2,71,32.211967051036005
2,72,32.48246733273626
2,73,34.8764684860641
2,74,36.99825285298076
2,75,38.69471645951164
2,76,41.7971821902436
2,77,43.48495950004047
2,78,46.92382369560156
2,79,48.67802028591093
2,80,52.13048082240365
2,81,51.19724824446252
2,82,49.88492020464615
2,83,46.178650043131775
2,84,44.17170907301025
2,85,40.35772657015668
2,86,38.151199253441206
2,87,34.29899124945653
2,88,31.674009460611426
2,89,27.921265221733336
2,90,25.873974414151185
2,91,22.302307526721812
2,92,19.958395443921027
2,93,19.785795766501565
2,94,16.294642736239236
2,95,14.84354115401711
2,96,16.40636419833053
2,97,15.376772457666418
2,98,18.6900310309792
2,99,20.477863831683745
2,100,18.507727945879097
2,101,17.10224734394238
2,102,14.242174429627065
2,103,14.01915951734139
2,104,11.290754318944805
2,105,11.095509238055818
2,106,8.955624263780313
2,107,10.011287389358348
2,108,13.014868674655872
2,109,16.210482334046898
2,110,19.65465319276043
2,111,21.916401960959572
3,1,7.043615921558515
3,2,3.9195415703431102
3,4,3.848560061265448
3,5,6.221720078486029
3,6,9.519798328661913
3,7,12.34458817504733
3,8,16.026102974493675
3,9,18.561523510953307
3,10,21.694682671743955
3,11,23.19950222952869
3,12,26.774604616781605
3,13,28.47871926851572
3,14,31.287920620657914
3,15,33.962839373976585
3,16,31.883315704737708
3,17,28.947605060880726
3,18,25.594440260027596
3,19,24.59940456952265
3,20,20.98166162885787
3,21,20.193305350307725
3,22,16.524474809199532
3,23,15.324009043458659
3,24,14.490737989679355
3,25,13.5958856979256
3,26,13.332803976221479
3,27,10.77337986538367
3,28,10.639543907853078
3,29,14.356074027002347
3,30,14.783038389059357
3,31,13.1088735205145
3,32,14.866479131593092
3,33,18.221971801027408
3,34,21.14209257736954
3,35,24.878419172414535
3,36,27.713960329114983
3,37,30.934069257269062
3,38,34.48657926671214
3,39,37.41603469642118
3,40,41.08392771941627
3,41,44.14909683535805
3,42,47.43962059465324
3,43,46.84560309050686
3,44,43.84751407814869
3,45,45.97897737146049
3,46,42.932636820212906
3,47,39.56824788565999
3,48,37.23590519949724
3,49,33.47985572425952
3,50,30.444125713659368
3,51,26.659464101050304
3,52,24.696929821694916
3,53,21.09316785185334
3,54,21.550118743038112
3,55,23.694040877396198
3,56,23.638088756801032
3,57,26.986333358715292
3,58,27.243162822602056
3,59,30.765384618212575
3,60,33.05375332497032
3,61,35.39547465745118
3,62,37.954704604844416
3,63,35.65596589160226
3,64,33.05361375760077
3,65,29.509347371471385
3,66,29.31998923375717
3,67,26.96928999403046
3,68,27.705440589559945
3,69,28.30481117178663
3,70,26.948795755809904
3,71,28.39479198431535
3,72,28.805789250825104
3,73,31.328674583132372
3,74,33.513643918498204
3,75,35.38612837051606
3,76,38.547257892711166
3,77,40.05992517363887
3,78,43.4779365728976
3,79,45.10257421369053
3,80,48.59979300515842
3,81,47.726594425889886
3,82,46.3974477795434
3,83,42.73760559518389
3,84,40.760217369488366
3,85,36.92729494063998
3,86,34.82645681964336
3,87,30.952877889700876
3,88,28.501796862670837
3,89,24.735101833995234
3,90,22.994314914132044
3,91,19.593894825634912
3,92,17.51892354611934
3,93,18.007187683279998
3,94,14.692721737095312
3,95,12.831088408634415
3,96,15.046849446933752
3,97,14.88856468238342
3,98,18.516968569439026
3,99,19.580322128950353
3,100,17.280981414729826
3,101,15.152214561808316
3,102,12.087784062000019
3,103,12.868074421514306
3,104,10.50571909229757
3,105,10.297348425882348
3,106,8.136808394845747
3,107,10.019370861301569
3,108,12.48100983727547
3,109,15.97767584988491
3,110,18.972950688561056
3,111,21.557301071754832
4,1,9.871792509709366
4,2,6.805127281059302
4,3,3.848560061265448
4,5,3.8900322914569805
4,6,6.8519007512146315
4,7,8.961978567336613
4,8,12.752683559875106
4,9,15.01486298233713
4,10,18.30393667532736
4,11,20.10837775934424
4,12,23.80660430147254
4,13,25.79445021119624
4,14,28.641239772077693
4,15,31.554596433070216
4,16,29.733982254932375
4,17,26.80020634229029
4,18,23.260833955635526
4,19,22.036738688409443
4,20,18.286032279880533
4,21,17.18778611616084
4,22,13.560567510459718
4,23,12.060350504784413
4,24,11.877877244282024
4,25,11.20965748499062
4,26,11.910959834687302
4,27,9.920878513121858
4,28,10.855898631635732
4,29,14.331177826173004
4,30,14.489125068081272
4,31,13.74732635580098
4,32,16.01431188484818
4,33,18.9185594890532
4,34,21.70412480213113
4,35,25.294174854693253
4,36,28.422255259974975
4,37,31.34083002449306
4,38,35.04301873567507
4,39,37.743098624361124
4,40,41.49906908821587
4,41,44.39059220987781
4,42,47.79472133082148
4,43,47.22991940779234
4,44,44.35899021506034
4,45,46.677536893062246
4,46,43.845476075035016
4,47,40.422106247550396
4,48,37.94618566825888
4,49,34.25545499748501
4,50,31.053785642513006
4,51,27.239802066360433
4,52,24.813356396320017
4,53,21.15298374038604
4,54,20.91546785854025
4,55,22.780190514095345
4,56,22.151929837962104
4,57,25.184522970745643
4,58,25.201982590964462
4,59,28.822640547219642
4,60,31.024695178698504
4,61,33.522641146479536
4,62,35.90914958400504
4,63,33.66156018722271
4,64,30.838480723088534
4,65,27.151578350396694
4,66,26.932244036270458
4,67,24.74383330779348
4,68,25.873580360639586
4,69,26.675838090988602
4,70,25.662135500612294
4,71,27.175597061034612
4,72,28.00204757771942
4,73,30.697236381572317
4,74,33.17834779301549
4,75,35.276103519925556
4,76,38.61282960577468
4,77,39.834843686767464
4,78,43.11814806170233
4,79,44.46703325939187
4,80,48.086788071083944
4,81,47.46097025690811
4,82,46.200740953139274
4,83,42.666040790871534
4,84,40.820074218302075
4,85,36.97726147410912
4,86,35.12581203902952
4,87,31.250604397508383
4,88,29.14271357445567
4,89,25.402808021132955
4,90,24.187681742169882
4,91,21.09301391335486
4,92,19.396444501148036
4,93,20.509942157531814
4,94,17.403617275952918
4,95,15.311607736362944
4,96,17.87320316347068
4,97,18.12913576165057
4,98,21.774978879485225
4,99,22.473610831909674
4,100,19.844031957550634
4,101,17.273897585449706
4,102,13.922191553022122
4,103,15.278425542051643
4,104,12.761231796699253
4,105,11.602698720231793
4,106,8.604651561418095
4,107,9.66119559566561
4,108,10.895539013318048
4,109,14.098598443890756
4,110,16.71346067836067
4,111,19.13692724370419
5,1,12.086896555799791
5,2,8.421549865676532
5,3,6.221720078486029
5,4,3.8900322914569805
5,6,3.876120642913546
5,7,6.576206772400794
5,8,10.006101792438356
5,9,12.95265935165553
5,10,15.756670492955038
5,11,17.034535505882157
5,12,20.609891598784998
5,13,22.31949703393536
5,14,25.20293271488893
5,15,27.973474723332554
5,16,26.000392677866046
5,17,23.128277721119595
5,18,19.646340258953845
5,19,18.710150322846683
5,20,15.066209908920534
5,21,14.55798317054706
5,22,11.123679725260581
5,23,10.648027683340102
5,24,10.84750459013285
5,25,11.489070995494105
5,26,12.025269955469263
5,27,11.16651575687681
5,28,11.5290127409834
5,29,14.971186255158129
5,30,15.938011484567356
5,31,15.740961058304414
5,32,17.47153370951167
5,33,20.159412862268162
5,34,23.27316480970274
5,35,26.701807206951766
5,36,29.988043589871907
5,37,32.850711077072354
5,38,36.552828265648394
5,39,39.31780236009194
5,40,43.037234951323676
5,41,45.992896463127096
5,42,49.520903727681976
5,43,49.22522428970012
5,44,46.35340449369174
5,45,48.53956929233004
5,46,45.74259340791946
5,47,42.185216057462895
5,48,39.91347397890466
5,49,36.18662429183414
5,50,33.138411180608166
5,51,29.301147084075225
5,52,26.74898964999645
5,53,23.284261277506864
5,54,22.86426582649162
5,55,24.20322389284427
5,56,23.563856269865873
5,57,26.35825202201661
5,58,26.6631467619731
5,59,30.430767801287764
5,60,32.74051874579167
5,61,35.08090448541533
5,62,37.14398496054959
5,63,34.65618205558343
5,64,31.575911216470306
5,65,27.876923275399278
5,66,27.134868769615636
5,67,24.64299210810622
5,68,25.578889305653522
5,69,26.928539778466476
5,70,26.415616638563968
5,71,28.390935683450344
5,72,29.608228424871722
5,73,32.586067271733654
5,74,34.98052073544655
5,75,37.36822842828873
5,76,40.63468806938196
5,77,41.6058012400492
5,78,44.92118777082636
5,79,46.06115047013685
5,80,49.6891048487436
5,81,48.98789735356222
5,82,47.500304103354594
5,83,44.01690500189391
5,84,41.965012858638296
5,85,38.12603750677505
5,86,36.121605859573776
5,87,32.23962748153124
5,88,30.065957850394163
5,89,26.288525841414152
5,90,25.349641521657485
5,91,22.271654281822208
5,92,21.117247916920398
5,93,22.17957409198509
5,94,19.421382046970347
5,95,16.7444030740605
5,96,18.833613356349442
5,97,18.829133936676552
5,98,22.197249898671846
5,99,22.885604713305973
5,100,19.829832725550027
5,101,17.40774991947319
5,102,13.701831309959514
5,103,14.78332595198463
5,104,11.765190473731627
5,105,9.518448373119051
5,106,5.9884731704594865
5,107,6.486484282949861
5,108,7.2223283288763955
5,109,10.613655574971784
5,110,13.127694227334203
5,111,15.869840400090885
6,1,15.87399429220088
6,2,12.178088072429054
6,3,9.519798328661913
6,4,6.8519007512146315
6,5,3.876120642913546
6,7,3.8177552028690043
6,8,6.924122035831075
6,9,9.833666902622136
6,10,12.525797938189818
6,11,13.896521593414793
6,12,17.41471127288031
6,13,19.377073762608116
6,14,22.013102849734523
6,15,24.889968993644455
6,16,23.22285817923734
6,17,20.11947815277115
6,18,16.592151933711133
6,19,15.234510786328473
6,20,11.525322789324314
6,21,10.791258647772537
6,22,7.301678540766947
6,23,7.313383915521875
6,24,7.6909467503618965
6,25,9.385258316047642
6,26,10.133425730127524
6,27,10.537345563345845
6,28,11.123744072896306
6,29,13.9717103625664
6,30,15.219537253788342
6,31,15.942361924750873
6,32,17.535927345132798
6,33,19.639698833066554
6,34,22.740393510183292
6,35,25.86712476777665
6,36,29.35935969691301
6,37,31.944252375901943
6,38,35.678778355747376
6,39,38.31528395699218
6,40,42.020291734166705
6,41,44.89385378572995
6,42,48.54429100483007
6,43,48.467552861662405
6,44,45.688505469294704
6,45,47.8685257499581
6,46,45.25418917328217
6,47,41.599349048685674
6,48,39.4086447308996
6,49,35.74318094840935
6,50,32.75756592601928
6,51,28.959072097385107
6,52,26.117913128619968
6,53,22.884083001884022
6,54,22.017889089685795
6,55,22.775894785532
6,56,21.957312985271667
6,57,24.41347551504811
6,58,24.94238003316347
6,59,28.792785598130486
6,60,31.18267470608714
6,61,33.33961684921422
6,62,35.078714767725586
6,63,32.4149191802919
6,64,29.1433170668293
6,65,25.476871178437275
6,66,24.345645659715217
6,67,21.70829523116349
6,68,22.616641902750636
6,69,24.341755739612285
6,70,24.29499709230056
6,71,26.590681270943268
6,72,28.238094996045817
6,73,31.459990698453772
6,74,33.8673748772607
6,75,36.55931623320548
6,76,39.81154597746892
6,77,40.4370342239146
6,78,43.68757698792174
6,79,44.54270069456557
6,80,48.1991264060306
6,81,47.55440209284288
6,82,45.95220170967751
6,83,42.59587014286914
6,84,40.500803110362924
6,85,36.7017342775968
6,86,34.77800795224583
6,87,30.952924915706404
6,88,29.008136610053608
6,89,25.321390462627008
6,90,24.934620013167713
6,91,22.204576584431734
6,92,21.677994057777415
6,93,23.199147377496228
6,94,20.907782519722243
6,95,17.873072987491
6,96,20.023216928498808
6,97,20.46519273950118
6,98,23.717252175900814
6,99,23.87850971777594
6,100,20.51415967577781
6,101,17.770504272418428
6,102,14.045128666994644
6,103,15.668296514612315
6,104,13.007440749727351
6,105,10.4268513505437
6,106,7.535225532568238
6,107,8.083057866101505
6,108,7.333631627194109
6,109,10.331644432959225
6,110,11.783506600049577
6,111,14.853863981535147
7,1,18.28834312181539
7,2,14.841078959724753
7,3,12.34458817504733
7,4,8.961978567336613
7,5,6.576206772400794
7,6,3.8177552028690043
7,8,3.842405123437611
7,9,6.376915720884937
7,10,9.365330801320436
7,11,11.289035145189562
7,12,15.043108989445939
7,13,17.425897721833685
7,14,20.171756574760806
7,15,23.380075839356227
7,16,22.077428778979705
7,17,19.138887259670874
7,18,15.404531171495865
7,19,13.804381511589433
7,20,9.98692846007321
7,21,8.752313427489275
7,22,5.720016984141019
7,23,5.432537948504224
7,24,7.702775195510481
7,25,9.762419128491075
7,26,11.70217298507883
7,27,12.550512566280366
7,28,13.963981107257041
7,29,16.346034482547456
7,30,17.10043384648565
7,31,18.32360642759163
7,32,20.30297046645895
7,33,22.071975997619415
7,34,24.86568650755167
7,35,27.810306312257563
7,36,31.415163821313122
7,37,33.70336336194106
7,38,37.4997496725696
7,39,39.87497617340008
7,40,43.61806140830593
7,41,46.281671891404145
7,42,49.969807619755365
7,43,49.850817232978756
7,44,47.21551068472326
7,45,49.57670100197163
7,46,47.162494693761964
7,47,43.53098475573972
7,48,41.19010649020814
7,49,37.640840169015036
7,50,34.5234969062953
7,51,30.786205003451315
7,52,27.66333271556827
7,53,24.443766894700858
7,54,23.0251823844165
7,55,23.570092791804417
7,56,22.147229265014502
7,57,24.134172157322666
7,58,24.285192487442696
7,59,28.100389750894028
7,60,30.28493823706437
7,61,32.625285642939716
7,62,34.16792986475487
7,63,31.668889504349362
7,64,28.216659087712976
7,65,24.458926573133347
7,66,23.364929948357545
7,67,21.080066181926142
7,68,22.517518568905434
7,69,24.3991968748762
7,70,24.71390761553406
7,71,26.927666556234183
7,72,28.9019368936514
7,73,32.14764633988523
7,74,34.8209039873354
7,75,37.60501430486876
7,76,40.99166942937736
7,77,41.39122801085461
7,78,44.45299748304124
7,79,45.061260526240446
7,80,48.80163595817262
7,81,48.43585669715205
7,82,46.97162450136463
7,83,43.769544663829464
7,84,41.87457559803485
7,85,38.124915062966544
7,86,36.49953436931852
7,87,32.7526045347169
7,88,31.164450538898286
7,89,27.606005526475926
7,90,27.564560857189218
7,91,25.103389087024688
7,92,24.653195708890728
7,93,26.466541282220597
7,94,24.1532778319042
7,95,21.259629677739927
7,96,23.630715699045226
7,97,24.21378027900442
7,98,27.51098722050308
7,99,27.59373167621646
7,100,24.22152476009299
7,101,21.344464952334626
7,102,17.68602768390294
7,103,19.458841655133973
7,104,16.805236337409923
7,105,14.053164461076282
7,106,10.949649848259451
7,107,10.466565318725007
7,108,8.33903447707033
7,109,10.07570492785711
7,110,10.686910746009978
7,111,13.179077532748687
8,1,21.81977798402192
8,2,18.314709011299108
8,3,16.026102974493675
8,4,12.752683559875106
8,5,10.006101792438356
8,6,6.924122035831075
8,7,3.842405123437611
8,9,3.87697018305549
8,10,5.765234096931758
8,11,7.4552401322169874
8,12,11.233531371170876
8,13,13.759587976269602
8,14,16.494020128501777
8,15,19.822289546360384
8,16,18.758877668723773
8,17,15.927879033572552
8,18,12.147122353791616
8,19,10.492452950528197
8,20,6.811432326698332
8,21,5.950214572064453
8,22,4.510224272160084
8,23,6.013420004560392
8,24,9.04673153977408
8,25,11.966409099258165
8,26,13.935720244233886
8,27,15.542705788965558
8,28,16.829511388668106
8,29,18.798933466362293
8,30,19.79184273887179
8,31,21.444879180811487
8,32,23.206791591520012
8,33,24.627832586684484
8,34,27.39948186861655
8,35,30.070158076611534
8,36,33.75625112731494
8,37,35.81858432575653
8,38,39.58206185499537
8,39,41.84267443797261
8,40,45.52999438438516
8,41,48.10857914012423
8,42,51.87433201070066
8,43,51.94244725328144
8,44,49.39965338376303
8,45,51.72928063147658
8,46,49.46309466245502
8,47,45.778618697047186
8,48,43.53927744572414
8,49,40.063436380944154
8,50,37.038416526476624
8,51,33.376162208285514
8,52,30.112557357848328
8,53,27.118830366476207
8,54,25.41021762284443
8,55,25.472283052222718
8,56,23.85556441043977
8,57,25.363208649996665
8,58,25.591696010185604
8,59,29.36632035452878
8,60,31.492661175162525
8,61,33.706325269511254
8,62,34.85345266402452
8,63,32.281151732005085
8,64,28.63120204344966
8,65,24.970601923009426
8,66,23.467242637771303
8,67,21.190418727772766
8,68,22.64703740919187
8,69,24.9983641483612
8,70,25.88588217454541
8,71,28.34534895372243
8,72,30.70126530695157
8,73,34.08889326041446
8,74,36.75769336790035
8,75,39.75385442768052
8,76,43.10066108732258
8,77,43.19916225790983
8,78,46.15930187106226
8,79,46.481266191886355
8,80,50.22427012513634
8,81,49.935203353198105
8,82,48.37612319337247
8,83,45.327493104473085
8,84,43.39917632418266
8,85,39.73267787346917
8,86,38.17083372365651
8,87,34.52966045016733
8,88,33.11077514958735
8,89,29.67909839677867
8,90,30.00136333249976
8,91,27.752469459392085
8,92,27.683461894077976
8,93,29.588482754273844
8,94,27.51214977295
8,95,24.428589448437545
8,96,26.616142914093416
8,97,27.180108781195337
8,98,30.283359925547085
8,99,30.247011537564468
8,100,26.69973424434135
8,101,23.891023466930626
8,102,20.25631142174019
8,103,21.95431258447197
8,104,19.295536298666907
8,105,16.178702439748346
8,106,13.33855176233382
8,107,12.326450802340116
8,108,9.232813296545105
8,109,9.708345057447573
8,110,8.889235404820647
8,111,11.184318780558685
9,1,24.480327770406532
9,2,21.153222617180134
9,3,18.561523510953307
9,4,15.01486298233713
9,5,12.95265935165553
9,6,9.833666902622136
9,7,6.376915720884937
9,8,3.87697018305549
9,10,3.8987049193647922
9,11,7.321141883693795
9,12,10.874215055009884
9,13,14.151200739342968
9,14,16.45419482065436
9,15,20.093135277422377
9,16,19.765080225849324
9,17,16.975370720535967
9,18,13.341200757528602
9,19,10.952212594178068
9,20,7.742534409940486
9,21,5.309017978033858
9,22,5.190076121528808
9,23,5.475225907355893
9,24,9.173620694133648
9,25,11.84909016776378
9,26,14.497956391599404
9,27,16.425570970258292
9,28,18.32947062371706
9,29,19.727117381424815
9,30,20.229779428678256
9,31,22.375663474746194
9,32,24.405672869226777
9,33,25.391404864819236
9,34,27.767727768699174
9,35,30.164143534938216
9,36,33.899360642697616
9,37,35.60363859925826
9,38,39.37417142443823
9,39,41.33028899063398
9,40,45.01290522039352
9,41,47.348903899535415
9,42,51.12348283028982
9,43,51.16853986651478
9,44,48.797303331671095
9,45,51.28424476574594
9,46,49.25857652344857
9,47,45.62646271615602
9,48,43.267407392861905
9,49,39.95952471693579
9,50,36.86352319532625
9,51,33.335267022796614
9,52,29.84692842837826
9,53,27.00101485875629
9,54,24.804429095769954
9,55,24.58005651136105
9,56,22.48946915603337
9,57,23.480319369963162
9,58,23.44937375229544
9,59,27.09529025940253
9,60,29.042299782672686
9,61,31.291192252364976
9,62,32.211573965057255
9,63,29.78849956832826
9,64,26.05373247475281
9,65,22.423080135172285
9,66,20.974405137610518
9,67,19.12068752131899
9,68,21.05993017457373
9,69,23.407529911257907
9,70,24.586255193837257
9,71,26.906169109122963
9,72,29.53083526603464
9,73,32.893654580686174
9,74,35.740643311913935
9,75,38.81214026573184
9,76,42.22652011215511
9,77,42.076668840913804
9,78,44.8246760428609
9,79,44.898782928581184
9,80,48.68168671126891
9,81,48.654625254970135
9,82,47.24349953859699
9,83,44.37749582280897
9,84,42.67907339541827
9,85,39.10808648255455
9,86,37.88821088930111
9,87,34.38576664444335
9,88,33.382146637250685
9,89,30.157865877014657
9,90,30.85707056916454
9,91,28.975745714342604
9,92,29.051986785183267
9,93,31.341718329822097
9,94,29.380650086580356
9,95,26.43546040007579
9,96,28.927120218876844
9,97,29.875535616137157
9,98,33.08608101656725
9,99,32.75774823851451
9,100,29.254899750055635
9,101,26.167481199982678
9,102,22.709233952424196
9,103,24.821808215996427
9,104,22.4677254813595
9,105,19.606401568057773
9,106,16.87209938402905
9,107,16.089354821999525
9,108,13.0566393966111
9,109,13.2447738391709
9,110,11.947404166576225
9,111,13.535779724955955
10,1,27.497355580457373
10,2,24.052463571927685
10,3,21.694682671743955
10,4,18.30393667532736
10,5,15.756670492955038
10,6,12.525797938189818
10,7,9.365330801320436
10,8,5.765234096931758
10,9,3.8987049193647922
10,11,3.8507291975880418
10,12,7.1015183524361465
10,13,10.56078717060386
10,14,12.763278240186066
10,15,16.482916386610842
10,16,16.44160847216535
10,17,13.914847320327313
10,18,10.472949009936313
10,19,8.213864670175111
10,20,6.000849856422913
10,21,4.840434588438211
10,22,7.030818998607788
10,23,8.773547928949702
10,24,12.053991942064528
10,25,15.183940582133884
10,26,17.449594987071585
10,27,19.74466918548757
10,28,21.28452993751457
10,29,22.548398873407276
10,30,23.41502540302813
10,31,25.690125838103217
10,32,27.423353712351975
10,33,28.258805446815305
10,34,30.725024381865165
10,35,32.93613326178748
10,36,36.68898628859164
10,37,38.28173965721558
10,38,41.98218020245229
10,39,43.91036480266399
10,40,47.509587331967005
10,41,49.82341996214521
10,42,53.651032838358724
10,43,53.89604784132256
10,44,51.57456489585094
10,45,53.96269651023144
10,46,52.016752341187214
10,47,48.334474930813215
10,48,46.1319595313094
10,49,42.86151201808223
10,50,39.90350278633942
10,51,36.43004492076519
10,52,32.92744762547252
10,53,30.271995782420557
10,54,28.027319581080402
10,55,27.460692240318043
10,56,25.410592932553595
10,57,26.08137089581213
10,58,26.22728920682534
10,59,29.781713022065357
10,60,31.691155977355844
10,61,33.74506356683224
10,62,34.29788386204324
10,63,31.788247472534497
10,64,27.952756725685088
10,65,24.53189849448883
10,66,22.661286313986817
10,67,20.75914127770541
10,68,22.48191567217749
10,69,25.252627033767897
10,70,26.892285603914576
10,71,29.452548997538305
10,72,32.3131632484565
10,73,35.7749263446085
10,74,38.51842121122105
10,75,41.74449163707821
10,76,45.065581511071684
10,77,44.695883573397914
10,78,47.388273867632755
10,79,47.246467267605105
10,80,50.988188104020544
10,81,50.9540502904537
10,82,49.40469680898861
10,83,46.660855100705966
10,84,44.866509961041345
10,85,41.38301926513206
10,86,40.12662363098939
10,87,36.722612791111146
10,88,35.757108907794645
10,89,32.62373543562864
10,90,33.52205114206288
10,91,31.722997221907548
10,92,32.07863986800439
10,93,34.30154799667415
10,94,32.50797126534813
10,95,29.366981925425684
10,96,31.591933825325363
10,97,32.39356797468254
10,98,35.39135099954333
10,99,35.053478022402786
10,100,31.410636457579585
10,101,28.49976117739993
10,102,25.041761489587916
10,103,26.935708456218673
10,104,24.509773997888864
10,105,21.348901309485093
10,106,18.82878139121854
10,107,17.672126211290035
10,108,14.195533877178255
10,109,13.533649247456946
10,110,11.188480754025347
10,111,12.38419317659451
11,1,28.778723987394994
11,2,25.21177374174053
11,3,23.19950222952869
11,4,20.10837775934424
11,5,17.034535505882157
11,6,13.896521593414793
11,7,11.289035145189562
11,8,7.4552401322169874
11,9,7.321141883693795
11,10,3.8507291975880418
11,12,3.8489915123621357
11,13,6.841853639899017
11,14,9.447764350436456
11,15,13.040987125315405
11,16,12.704859701497359
11,17,10.420045010693231
11,18,7.02685988340018
11,19,5.729149028713136
11,20,4.815815547024903
11,21,6.278484616389127
11,22,8.928188615456262
11,23,11.653047816518393
11,24,14.493239211101244
11,25,17.964206752035007
11,26,19.69556673624529
11,27,22.08077386261932
11,28,23.080007091298413
11,29,24.490982852463116
11,30,25.83953198630098
11,31,27.96737471472288
11,32,29.344698492677267
11,33,30.27511060593102
11,34,32.99724721935881
11,35,35.20787656141181
11,36,38.93989922237673
11,37,40.63956201569877
11,38,44.27794162662734
11,39,46.35275112122896
11,40,49.88763360399611
11,41,52.32138255199576
11,42,56.18288275975724
11,43,56.59595667571503
11,44,54.21515471652533
11,45,56.436093520492385
11,46,54.41689431060118
11,47,50.66906342313106
11,48,48.65569359876541
11,49,45.323328115713466
11,50,42.510357022327106
11,51,39.00797740888883
11,52,35.6148659189743
11,53,33.02043569504869
11,54,30.988830463899085
11,55,30.33438213286528
11,56,28.55732896926509
11,57,29.298706617298635
11,58,29.70469543443664
11,59,33.28538571310996
11,60,35.28006856486701
11,61,37.183429065502104
11,62,37.616031153322105
11,63,34.95623620552406
11,64,31.104322024925885
11,65,27.80364660302454
11,66,25.633128014271385
11,67,23.46266996336371
11,68,24.753997656350172
11,69,27.80125664962774
11,70,29.59066149851164
11,71,32.39257178360899
11,72,35.27223302921427
11,73,38.82186748962779
11,74,41.39308732500044
11,75,44.692885217392714
11,76,47.9075437252265
11,77,47.51357192475561
11,78,50.28658894982705
11,79,50.12684621369736
11,80,53.81342340897223
11,81,53.619630746534625
11,82,51.87864247994384
11,83,49.12428113042691
11,84,47.126100762407766
11,85,43.659799613750764
11,86,42.184990784196096
11,87,38.786856262368964
11,88,37.62638891554671
11,89,34.46352823076684
11,90,35.312783873205724
11,91,33.398764821322004
11,92,33.896122205842246
11,93,35.86410825074127
11,94,34.159567057436426
11,95,30.823211350406773
11,96,32.66785974031951
11,97,33.156730778462425
11,98,35.89268159073988
11,99,35.694036916978234
11,100,31.949797084582208
11,101,29.35600635791248
11,102,25.86604161212964
11,103,27.353546462104468
11,104,24.776061941562805
11,105,21.327064827536187
11,106,19.048371574802285
11,107,17.53390660546277
11,108,13.840067558061964
11,109,12.517747466975612
11,110,9.392601333948196
11,111,10.50125473112403
12,1,32.353040016355145
12,2,28.733041331223536
12,3,26.774604616781605
12,4,23.80660430147254
12,5,20.609891598784998
12,6,17.41471127288031
12,7,15.043108989445939
12,8,11.233531371170876
12,9,10.874215055009884
12,10,7.1015183524361465
12,11,3.8489915123621357
12,13,3.8231170580419715
12,14,5.772592245964155
12,15,9.507387984251759
12,16,9.862018852474648
12,17,8.071693903679865
12,18,5.746850086771023
12,19,5.174096849536506
12,20,6.821155907467376
12,21,8.838643317747257
12,22,12.077595967489891
12,23,15.003432780733693
12,24,17.546335506202855
12,25,21.14950870170338
12,26,22.650797402780647
12,27,25.31717111473699
12,28,26.11886286957823
12,29,27.280006768898712
12,30,28.829228185698025
12,31,31.12410711259014
12,32,32.26589020365313
12,33,32.971427694558045
12,34,35.67948300675616
12,35,37.660331108465854
12,36,41.374866758067874
12,37,42.9154740972462
12,38,46.455933921639904
12,39,48.462661310509176
12,40,51.89081968393326
12,41,54.27241882810164
12,42,58.16520886655102
12,43,58.77708736953169
12,44,56.46666918026875
12,45,58.58694052750349
12,46,56.67701844548151
12,47,52.90464011513038
12,48,51.04796304246465
12,49,47.78861939308883
12,50,45.12318954666839
12,51,41.71242138038459
12,52,38.311588857887436
12,53,35.93384059853456
12,54,33.83401600507013
12,55,32.860841809269445
12,56,31.126246445606068
12,57,31.577109389080242
12,58,32.15433867151151
12,59,35.62409709332633
12,60,37.59304010731025
12,61,39.274257921606484
12,62,39.37358414646381
12,63,36.64361417071739
12,64,32.76867078208428
12,65,29.715591219757126
12,66,27.228114668798625
12,67,25.069130964627142
12,68,26.133412365823084
12,69,29.45214208251524
12,70,31.608342496426566
12,71,34.57400655053786
12,72,37.64018030684192
12,73,41.250954156107284
12,74,43.70600895139928
12,75,47.1372688727952
12,76,50.241953267413884
12,77,49.624765785999905
12,78,52.32279288250614
12,79,51.951041676559335
12,80,55.57304821856059
12,81,55.373057000496836
12,82,53.510260664148966
12,83,50.90112111438596
12,84,48.837904933965504
12,85,45.492581831205165
12,86,44.024958962849084
12,87,40.770216400919864
12,88,39.70585617595074
12,89,36.69618936647851
12,90,37.77235390122089
12,91,36.023711618752316
12,92,36.80461390408611
12,93,38.77731096839281
12,94,37.288219694661905
12,95,33.83460801633834
12,96,35.48845649582925
12,97,35.958947969517936
12,98,38.48803314341421
12,99,38.18121317101218
12,100,34.37747479123302
12,101,31.912423208233463
12,102,28.548332519846046
12,103,29.93988574394187
12,104,27.482649423101815
12,105,23.996242369688837
12,106,22.063309114805513
12,107,20.535831278252488
12,108,16.866566619049458
12,109,15.21412030451519
12,110,11.67182648632445
12,111,12.338678900497005
13,1,33.722389080130036
13,2,30.087198450541138
13,3,28.47871926851572
13,4,25.79445021119624
13,5,22.31949703393536
13,6,19.377073762608116
13,7,17.425897721833685
13,8,13.759587976269602
13,9,14.151200739342968
13,10,10.56078717060386
13,11,6.841853639899017
13,12,3.8231170580419715
13,14,3.7478502195349557
13,15,6.695217476064189
13,16,6.36230497767695
13,17,5.639510211946628
13,18,4.652910107624792
13,19,6.52248577511156
13,20,8.987316315745698
13,21,11.902651092173192
13,22,14.841467570683124
13,23,18.074612140115086
13,24,20.390360260711976
13,25,24.099593194546394
13,26,25.25715663615249
13,27,27.856786666948597
13,28,28.261418668798363
13,29,29.59418963244752
13,30,31.46276850975675
13,31,33.557211637347486
13,32,34.44266825218615
13,33,35.285272469510005
13,34,38.19344910306642
13,35,40.21658534594628
13,36,43.885947315848036
13,37,45.55420206126924
13,38,49.038856303343
13,39,51.187722712212995
13,40,54.564135267019786
13,41,57.06068149411563
13,42,60.963177090379176
13,43,61.684585898671756
13,44,59.30871611473021
13,45,61.287560431502094
13,46,59.2881637462347
13,47,55.475425417755474
13,48,53.76640457791668
13,49,50.446259637341605
13,50,47.889069637065816
13,51,44.446400578007434
13,52,41.164801253464695
13,53,38.79439377726233
13,54,36.90396028264291
13,55,35.95412098160298
13,56,34.43677702053851
13,57,35.018915167780065
13,58,35.74461358746041
13,59,39.25420512540911
13,60,41.289409043371926
13,61,42.90632524618625
13,62,42.98782091431746
13,63,40.16661022559285
13,64,36.3064062742225
13,65,33.30378116051578
13,66,30.691651373559928
13,67,28.35377287828257
13,68,29.113129693186444
13,69,32.54016398214578
13,70,34.7028019085099
13,71,37.80174980811412
13,72,40.817277306249416
13,73,44.469999550125856
13,74,46.79530456217505
13,75,50.244796674658375
13,76,53.27093804659822
13,77,52.68891233515327
13,78,55.4684373847276
13,79,55.1312910684747
13,80,58.70560070083718
13,81,58.36009893528261
13,82,56.353375646116284
13,83,53.71311655421283
13,84,51.484700433346205
13,85,48.1479555070981
13,86,46.484410808148674
13,87,43.22767901986005
13,88,41.96754687904271
13,89,38.92507980129023
13,90,39.884803616537845
13,91,38.00654985857506
13,92,38.832454900302444
13,93,40.54065417587716
13,94,39.09229346560314
13,95,35.53699229517852
13,96,36.85246482112029
13,97,37.00824705116323
13,98,39.28182631352275
13,99,39.15320549503387
13,100,35.32950941828089
13,101,33.199852697028255
13,102,29.852385061760334
13,103,30.83082512843238
13,104,28.261364771089657
13,105,24.62727150762887
13,106,22.93190700512954
13,107,21.1341529258047
13,108,17.525586592851152
13,109,15.432806151903542
13,110,11.676429769193852
13,111,12.053958221342787
14,1,36.822881985738995
14,2,33.10813597922061
14,3,31.287920620657914
14,4,28.641239772077693
14,5,25.20293271488893
14,6,22.013102849734523
14,7,20.171756574760806
14,8,16.494020128501777
14,9,16.45419482065436
14,10,12.763278240186066
14,11,9.447764350436456
14,12,5.772592245964155
14,13,3.7478502195349557
14,15,3.8233202713493135
14,16,5.59809721229632
14,17,5.237212912885816
14,18,6.252615629019239
14,19,7.422882518210835
14,20,10.83069253000223
14,21,13.440970023092111
14,22,16.762980120922634
14,23,20.03191201744103
14,24,22.03308809991617
14,25,25.799367295686128
14,26,26.771100169103303
14,27,29.69528979714461
14,28,30.017532939419144
14,29,30.95408938854251
14,30,32.92555339412161
14,31,35.27980538011284
14,32,35.96162693277958
14,33,36.46339339223667
14,34,39.25769081980023
14,35,40.98061611110824
14,36,44.61117386635814
14,37,46.051421515796754
14,38,49.41278148326954
14,39,51.44261513642029
14,40,54.689763506180405
14,41,57.09770929297572
14,42,61.014017129079036
14,43,61.93938149429159
14,44,59.66131466276827
14,45,61.54011303985305
14,46,59.69315430700022
14,47,55.87968205385904
14,48,54.32897839036668
14,49,51.12572476360262
14,50,48.73415834741773
14,51,45.42946193049659
14,52,42.13607062294938
14,53,40.04170284594072
14,54,38.05089834720499
14,55,36.74435081178818
14,56,35.287143627960674
14,57,35.57510956389164
14,58,36.51923635758303
14,59,39.9007464086606
14,60,41.94071835425914
14,61,43.27532686563933
14,62,43.04105740344475
14,63,40.132570588706834
14,64,36.30324135498787
14,65,33.58203934149535
14,66,30.681838173358813
14,67,28.35570373249321
14,68,28.871722341402617
14,69,32.485485728052566
14,70,34.973114570306926
14,71,38.20239666865434
14,72,41.38547945676897
14,73,45.07732199172838
14,74,47.26068009601385
14,75,50.83518001434526
14,76,53.725661180791825
14,77,52.899401888142656
14,78,55.583401140459166
14,79,55.03106899139782
14,80,58.518343049406894
14,81,58.1657722313323
14,82,56.05153548392735
14,83,53.58033654214153
14,84,51.319242961716384
14,85,48.13408176824339
14,86,46.53069930256146
14,87,43.460500646700574
14,88,42.37462495271085
14,89,39.54924482806585
14,90,40.80784076245322
14,91,39.20378121234715
14,92,40.36178473147448
14,93,42.194520116842526
14,94,41.034241858717856
14,95,37.40333771801747
14,96,38.64559412019793
14,97,38.983890345698185
14,98,41.11538293806004
14,99,40.71292755364283
14,100,36.87043015362314
14,101,34.73192449152796
14,102,31.593008156324746
14,103,32.702369805631875
14,104,30.438585189968745
14,105,26.9623603105842
14,106,25.632788429032246
14,107,24.17933243585108
14,108,20.740048628906308
14,109,18.92232781630893
14,110,15.236762400864492
14,111,15.788931468650626
15,1,39.35474835236184
15,2,35.616901705337604
15,3,33.962839373976585
15,4,31.554596433070216
15,5,27.973474723332554
15,6,24.889968993644455
15,7,23.380075839356227
15,8,19.822289546360384
15,9,20.093135277422377
15,10,16.482916386610842
15,11,13.040987125315405
15,12,9.507387984251759
15,13,6.695217476064189
15,14,3.8233202713493135
15,16,3.8841852079370085
15,17,5.540815496053314
15,18,8.375892806691802
15,19,10.302007044233811
15,20,13.906645586479844
15,21,16.800440629185918
15,22,19.980656386451805
15,23,23.41427844549516
15,24,25.147672877455257
15,25,28.972119276050808
15,26,29.624069762613754
15,27,32.58954774428648
15,28,32.587327395866126
15,29,33.493031150500485
15,30,35.72658856007615
15,31,38.010419053284146
15,32,38.41201151315756
15,33,38.88435333043209
15,34,41.772981465930634
15,35,43.40635401584636
15,36,46.96336042376267
15,37,48.4160467443449
15,38,51.667244647322875
15,39,53.76427914783639
15,40,56.90516066561313
15,41,59.37110316453273
15,42,63.28680640419618
15,43,64.3810088342185
15,44,62.088906539336925
15,45,63.800804168897926
15,46,61.940628592364114
15,47,58.10640745375585
15,48,56.74771002041441
15,49,53.55027256396469
15,50,51.322484683065284
15,51,48.0581996214123
15,52,44.873941603916606
15,53,42.898684972942405
15,54,41.04986118630963
15,55,39.64353669726006
15,56,38.39476602888939
15,57,38.69823264108421
15,58,39.84092268182005
15,59,43.20707282827103
15,60,45.30942055970153
15,61,46.48501603411471
15,62,46.14262226302474
15,63,43.1309564841129
15,64,39.347944347468626
15,65,36.76849458128096
15,66,33.6985558650673
15,67,31.24216528667643
15,68,31.42776086297322
15,69,35.14303770055014
15,70,37.713413929729974
15,71,41.07514381991285
15,72,44.25351360143085
15,73,47.97859273803776
15,74,49.99024089462194
15,75,53.6117094816138
15,76,56.37409318773822
15,77,55.49407924445968
15,78,58.20783355486971
15,79,57.615773345011014
15,80,61.01732109669251
15,81,60.53045314914327
15,82,58.258081138268636
15,83,55.8288388580777
15,84,53.42261749581831
15,85,50.315939216888516
15,86,48.57682161712491
15,87,45.59307082834224
15,88,44.417448917129306
15,89,41.6687191420014
15,90,42.93827157664484
15,91,41.3514595704346
15,92,42.66922732248543
15,93,44.33500630559338
15,94,43.3354331601356
15,95,39.62102547258259
15,96,40.56394351666443
15,97,40.73851804232001
15,98,42.59168328467261
15,99,42.2095202376108
15,100,38.381974423635626
15,101,36.52085340455479
15,102,33.519548258907605
15,103,34.361419884244874
15,104,32.18048982523573
15,105,28.726563110838946
15,106,27.74883710238909
15,107,26.29785636254794
15,108,23.055820722883123
15,109,21.156670360927855
15,110,17.533845782753666
15,111,18.035548265413013
16,1,36.92847450090191
16,2,33.22927259939625
16,3,31.883315704737708
16,4,29.733982254932375
16,5,26.000392677866046
16,6,23.22285817923734
16,7,22.077428778979705
16,8,18.758877668723773
16,9,19.765080225849324
16,10,16.44160847216535
16,11,12.704859701497359
16,12,9.862018852474648
16,13,6.36230497767695
16,14,5.59809721229632
16,15,3.8841852079370085
16,17,3.8762680046013194
16,18,6.903106464614499
16,19,9.99846280931812
16,20,13.169582818974343
16,21,16.610713483158158
16,22,19.290316008053193
16,23,22.892040380004808
16,24,24.537641733048837
16,25,28.375917346875454
16,26,28.81920407136216
