1,2,3.8837225016390136
1,3,5.385131463091029
1,4,5.246385291041466
1,5,6.220647386632269
1,6,8.684872818117855
1,7,9.95555642652255
1,8,10.296236982191086
1,9,12.28376274942828
1,10,14.359147352944923
1,11,15.390526418380823
1,12,15.940388496492133
1,13,18.369335396724253
1,14,20.131106897385056
1,15,21.514109879377973
1,16,27.651361530013336
1,17,25.035011088193585
1,18,26.625377546654523
1,19,30.07468141492694
1,20,32.328968118220686
1,21,29.760522097580875
1,22,29.439553474005717
1,23,26.89499513565625
1,24,27.344596845810628
1,25,26.08160922964153
1,26,23.513716502038204
1,27,23.977350773465048
1,28,20.557943085956612
1,29,20.70939748877362
1,30,19.488919125858704
1,31,16.028098804756272
1,32,17.952952474484626
1,33,15.547812119610164
1,34,18.847702824263237
1,35,20.900616501287253
1,36,18.87474056812424
1,37,19.025259207404275
1,38,22.756713805958338
1,39,23.510888692022778
1,40,22.11969496415959
1,41,23.596714009207286
1,42,26.994703141574586
1,43,26.300258242547137
1,44,28.31204628576234
1,45,28.201081549629993
1,46,25.238371932300318
1,47,23.193980787341843
1,48,21.13589403723887
1,49,19.417125339291943
1,50,19.010322750251422
1,51,15.34749951578417
1,52,14.53148348074108
1,53,16.778302313842744
1,54,15.16452960311364
1,55,11.572288270116307
1,56,13.448973206978382
1,57,15.368211195003452
1,58,12.355232356705441
1,59,12.016563287341954
1,60,15.844499359967022
1,61,17.51583693061985
1,62,21.030949156747948
1,63,23.822074311697914
1,64,23.745407191533783
1,65,26.80451176509535
1,66,28.090328159406052
1,67,30.81993849699605
1,68,30.23010486720228
1,69,28.570237609945625
1,70,27.511381216033058
1,71,24.62312778589431
1,72,26.29414191009652
1,73,29.319103385851825
1,74,29.54812317012684
1,75,30.978498998581163
1,76,32.93815465034039
1,77,31.342919820229024
1,78,30.568912218107098
1,79,28.555831509061193
1,80,27.486417948683172
1,81,24.038419343345357
1,82,23.447436256198902
1,83,24.414802570718013
1,84,22.20705870793092
1,85,19.041214116556812
1,86,20.179177632999647
1,87,20.754662924530997
1,88,17.356328217865645
1,89,15.78367037922956
1,90,17.813429878450844
1,91,16.745120154823706
1,92,12.941427627622284
1,93,13.136460043914157
1,94,15.457867508575534
1,95,13.138003729436054
1,96,10.417239563159686
1,97,13.54123754709722
2,1,3.8837225016390136
2,3,3.858640328347316
2,4,5.545213142089298
2,5,4.86940854544562
2,6,6.06103122061189
2,7,8.63194374472997
2,8,9.454602399130913
2,9,10.272648544994778
2,10,12.307101458901158
2,11,14.214777158253815
2,12,14.6034828107305
2,13,16.360244309448863
2,14,18.456246109898395
2,15,20.304051919427007
2,16,25.346863219897063
2,17,22.409303212829446
2,18,23.60417972612509
2,19,27.18892367173612
2,20,29.27079358348664
2,21,26.52555306341379
2,22,26.26499904584906
2,23,23.661460902002634
2,24,24.223562702348392
2,25,23.320773920836086
2,26,20.81176290140601
2,27,21.632113417091897
2,28,18.50500091155747
2,29,18.98266900532448
2,30,17.7805247949121
2,31,14.068220387451982
2,32,15.375156472428246
2,33,12.488867045045282
2,34,15.559032314468318
2,35,17.751674120395197
2,36,15.635115386420493
2,37,15.3973823159982
2,38,19.16809825903955
2,39,20.063835356574938
2,40,18.55130242849181
2,41,19.81901296057826
2,42,23.287348924932186
2,43,22.699420230106373
2,44,24.681588131104824
2,45,24.72566863117738
2,46,21.93225218388572
2,47,20.04564667509069
2,48,18.229669363670993
2,49,16.150960790546836
2,50,15.527532618475972
2,51,12.013653210143184
2,52,11.07001542762574
2,53,13.000265861133153
2,54,11.367554141546135
2,55,7.733200352847189
2,56,9.673439633688714
2,57,11.556294062812821
2,58,8.745771275430304
2,59,8.73324657166272
2,60,12.485718070157745
2,61,14.16392433143403
2,62,17.663769935385154
2,63,20.231713135306748
2,64,20.012982623668435
2,65,22.983781945855615
2,66,24.25376799930024
2,67,27.058845845727983
2,68,26.537203210549396
2,69,25.058870977081092
2,70,24.214534330927194
2,71,21.507783080942236
2,72,23.164924548817545
2,73,26.394286874317785
2,74,26.753829780948518
2,75,27.92982937489828
2,76,30.057272241509647
2,77,28.604786591061536
2,78,27.634357818351642
2,79,25.794999778032118
2,80,24.745375895681715
2,81,21.169205386569164
2,82,21.05715793675758
2,83,22.161695883411195
2,84,19.620590893312
2,85,16.627695136807898
2,86,18.379477477753934
2,87,18.82962537515633
2,88,15.186377272276943
2,89,14.278460236767495
2,90,16.796889527166286
2,91,15.510475389434202
2,92,11.738380726930112
2,93,12.987418187328347
2,94,15.425882642130185
2,95,13.008533995647346
2,96,11.176242025821969
2,97,14.842199150568103
3,1,5.385131463091029
3,2,3.858640328347316
3,4,3.853053647315155
3,5,5.38305958348974
3,6,5.055134429004613
3,7,6.310830817042072
3,8,8.517891691633578
3,9,9.868166012199067
3,10,10.742648756838584
3,11,12.540486009960757
3,12,13.93677607077086
3,13,15.548032793299502
3,14,16.91326987977196
3,15,19.08705504196187
3,16,24.151133314283452
3,17,21.35290310732429
3,18,22.805854832148505
3,19,26.190762529290016
3,20,28.100715264685025
3,21,25.37146313094274
3,22,24.659623320137054
3,23,21.93147270875366
3,24,22.135781242112785
3,25,20.737298253756457
3,26,18.144554875802484
3,27,18.67979847193457
3,28,15.330017475921977
3,29,15.86255706344455
3,30,15.107696318459093
3,31,11.586771566013027
3,32,13.065633831660639
3,33,10.75373971559009
3,34,14.33784106427916
3,35,15.906387500789494
3,36,13.774680403932022
3,37,14.465212449525266
3,38,18.100039265197836
3,39,18.57275578439119
3,40,17.537667710551588
3,41,19.40721665012974
3,42,22.62730977257975
3,43,22.150096908594342
3,44,24.612226064317394
3,45,25.000925069885056
3,46,22.024931989524752
3,47,20.666220799390256
3,48,18.35218006314922
3,49,16.03903548552816
3,50,16.26139179463627
3,51,13.084244138148474
3,52,11.056544663894519
3,53,13.242980252183877
3,54,12.701726621437814
3,55,8.839852020756467
3,56,9.526960490205193
3,57,12.340064511728695
3,58,10.291319914040207
3,59,8.950621172250218
3,60,12.487815830870456
3,61,15.075183163093543
3,62,18.10221947006419
3,63,20.7526751293363
3,64,20.061792254707807
3,65,23.072126020550638
3,66,24.051831052306376
3,67,26.45748165481626
3,68,25.94628828259529
3,69,24.036272628950226
3,70,23.109592082603456
3,71,19.994909368461016
3,72,21.312304567038137
3,73,24.259827370563915
3,74,24.27601066911319
3,75,25.70922668109661
3,76,27.587581742112143
3,77,26.003859421469645
3,78,25.369209056098907
3,79,23.497760526833176
3,80,22.752476185097695
3,81,19.44149742497491
3,82,19.0829863243732
3,83,19.649018615555455
3,84,17.183956751840043
3,85,14.302165531258419
3,86,15.55096975518737
3,87,15.684756621194321
3,88,12.145465221178577
3,89,11.075160599707447
3,90,13.194478858835728
3,91,11.801298526868033
3,92,8.00181782384055
3,93,9.244260712763891
3,94,11.58737046734523
3,95,9.324088188603701
3,96,7.678331280081251
3,97,11.491769046686814
4,1,5.246385291041466
4,2,5.545213142089298
4,3,3.853053647315155
4,5,3.882178751254255
4,6,5.470410792161908
4,7,5.0317356661618895
4,8,5.948067778040856
4,9,8.595032798809266
4,10,9.859842556048937
4,11,10.521889700375937
4,12,11.81672955170257
4,13,14.22497356319286
4,14,15.401155822903911
4,15,16.93544014126856
4,16,23.274836234456203
4,17,20.92419801461261
4,18,22.937281633996307
4,19,26.128008123543758
4,20,28.434268730105426
4,21,26.11113511458839
4,22,25.662189133794566
4,23,23.351391317669886
4,24,23.91458642938778
4,25,22.372898154661417
4,26,20.207476545342125
4,27,20.935292952791382
4,28,17.553646063365896
4,29,18.445058060530844
4,30,18.201792494702353
4,31,14.904690795652906
4,32,16.2678639719247
4,33,14.056726635829039
4,34,17.687173512485572
4,35,18.854774053650107
4,36,16.267129172528186
4,37,17.1640155794833
4,38,20.84445813731883
4,39,20.789216999453803
4,40,19.38489271728686
4,41,21.57902411210334
4,42,24.562215885847174
4,43,23.538734505348483
4,44,25.836648757466474
4,45,25.769257193931637
4,46,22.47724469112547
4,47,20.823139832431316
4,48,18.129607260771284
4,49,16.53684926789308
4,50,17.12642565064698
4,51,13.712084562464373
4,52,12.125134968674649
4,53,15.092119320005757
4,54,14.626489445902896
4,55,10.911525197122623
4,56,12.318648178097524
4,57,15.311998041869087
4,58,13.372352340484367
4,59,12.602955166324554
4,60,16.107820119469626
4,61,18.5730994471116
4,62,21.677410058398717
4,63,24.110287880530766
4,64,23.19971009402939
4,65,25.944437256118754
4,66,26.566180541548153
4,67,29.038721835885852
4,68,28.898077246177074
4,69,27.109863683291326
4,70,26.46478914400088
4,71,23.30248074750956
4,72,24.249389213524395
4,73,27.129239094238386
4,74,26.730198865360396
4,75,27.99516109699108
4,76,29.489237382143966
4,77,27.478694821669
4,78,26.665019057037927
4,79,24.322389758934907
4,80,23.144961285757713
4,81,19.904282973292673
4,82,18.83842912014405
4,83,19.691538262530056
4,84,17.88961821824599
4,85,14.540373631955765
4,86,15.248411579388456
4,87,16.17576999413392
4,88,13.110767662549028
4,89,10.94287926393961
4,90,13.130893401400824
4,91,12.795467562134531
4,92,9.026370843020722
4,93,8.831528004466627
4,94,11.93515072882874
4,95,10.673441591966244
4,96,7.9308386443774905
4,97,11.242368389328554
5,1,6.220647386632269
5,2,4.86940854544562
5,3,5.38305958348974
5,4,3.882178751254255
5,6,3.860970721742797
5,7,5.435812270611504
5,8,4.768604759203248
5,9,6.0856700872056
5,10,8.627732663350447
5,11,9.85752137334582
5,12,9.94117285788628
5,13,12.199710016387634
5,14,14.264193620723578
5,15,15.694609140759383
5,16,21.562870397653786
5,17,19.01503072682381
5,18,20.782265913922092
5,19,24.15497669248316
5,20,26.644980558319933
5,21,24.356383817659754
5,22,24.41323502761589
5,23,22.34356390127379
5,24,23.43864254424608
5,25,22.484312722388154
5,26,20.61851104387176
5,27,21.95109164036857
5,28,18.93996739435663
5,29,20.237477769877422
5,30,19.93782532951476
5,31,16.367719780969455
5,32,17.072050474246904
5,33,14.171003756736585
5,34,17.38535469021024
5,35,18.788669671909886
5,36,15.867822405528816
5,37,16.026439239164947
5,38,19.84066896193029
5,39,19.855156583507025
5,40,17.832651256768326
5,41,19.68730750519581
5,42,22.734175361322123
5,43,21.41031849086013
5,44,23.288228339604782
5,45,22.866416589894403
5,46,19.637743096085092
5,47,17.595399220018795
5,48,15.191193303303491
5,49,13.849950973729191
5,50,13.98477805892397
5,51,10.344795573730819
5,52,9.55186538176036
5,53,12.664137305999187
5,54,11.783193254425967
5,55,8.419192913172893
5,56,10.81382443420259
5,57,13.484944391575707
5,58,11.707729142514548
5,59,12.035428517430024
5,60,15.396365564979583
5,61,17.36217486720147
5,62,20.62474466007679
5,63,22.645432562238202
5,64,21.711885548224632
5,65,24.16576063561944
5,66,24.7055604707958
5,67,27.51135368325648
5,68,27.644056087796383
5,69,26.33689394778691
5,70,26.086668356256503
5,71,23.2855307713856
5,72,24.221571317858324
5,73,27.42885217671092
5,74,27.155800796594047
5,75,27.94648838322702
5,76,29.570641925724257
5,77,27.566311924390806
5,78,26.248556916296685
5,79,23.849687719659112
5,80,22.25329546383572
5,81,18.71741666296039
5,82,17.942573664503005
5,83,19.48260187108094
5,84,17.600956748543418
5,85,14.10732912633124
5,86,15.599307225838656
5,87,16.965256238400563
5,88,13.76489030167961
5,89,12.0164508865427
5,90,15.00629594426685
5,91,14.858879497201448
5,92,11.160964992260851
5,93,11.733017219543187
5,94,15.058648095651183
5,95,13.804417438242922
5,96,11.56622625167457
5,97,15.029345315446971
6,1,8.684872818117855
6,2,6.06103122061189
6,3,5.055134429004613
6,4,5.470410792161908
6,5,3.860970721742797
6,7,3.8699573172580406
6,8,5.430746074803511
6,9,5.1414425783439555
6,10,6.329678855948932
6,11,8.828965274374507
6,12,9.624774179776312
6,13,10.75636965351885
6,14,12.625658444052617
6,15,14.91788776742895
6,16,19.45149022137966
6,17,16.585026880647245
6,18,18.076207051191947
6,19,21.499970778730916
6,20,23.661273517408308
6,21,21.135776760104935
6,22,20.90805861877033
6,23,18.63961190233314
6,24,19.606567446246743
6,25,18.701645672486627
6,26,16.85100937422783
6,27,18.37925663327589
6,28,15.593890260023352
6,29,17.236509065479556
6,30,17.22773710598122
6,31,13.717904917103699
6,32,13.829037236484075
6,33,10.883962189020625
6,34,14.060335757549096
6,35,15.135223513986977
6,36,12.066351740936474
6,37,12.451719106194547
6,38,16.205064633410988
6,39,16.058278429916967
6,40,14.21253393808096
6,41,16.303533835733717
6,42,19.27248247348842
6,43,18.161282001397076
6,44,20.39605080399452
6,45,20.439105292975178
6,46,17.2668408958249
6,47,15.84126334018359
6,48,13.342855263922356
6,49,11.275443130671192
6,50,11.861451549057247
6,51,8.742334685860486
6,52,6.675716793458965
6,53,9.742024027247254
6,54,9.802652964029386
6,55,6.3742429555272295
6,56,7.787419927532851
6,57,11.075649861743898
6,58,10.195240781631597
6,59,10.034432046658225
6,60,12.908214805042183
6,61,15.351705062255144
6,62,18.198073061574117
6,63,20.034333484975555
6,64,18.68071673384419
6,65,21.06489775634554
6,66,21.410850650555663
6,67,24.01527533335922
6,68,24.19525939647562
6,69,22.7802940778394
6,70,22.673560095033523
6,71,19.828736399802704
6,72,20.524523961449315
6,73,23.730169113879914
6,74,23.384189655004057
6,75,24.09429751417989
6,76,25.743043590658406
6,77,23.816763655280226
6,78,22.52941877949656
6,79,20.299514423492003
6,80,18.952212618883436
6,81,15.409026473445023
6,82,15.034168925471159
6,83,16.33547592743179
6,84,14.075747016420399
6,85,10.805589775985375
6,86,12.733988626305175
6,87,13.73274335446591
6,88,10.32313042871538
6,89,9.283107043849009
6,90,12.557624450781407
6,91,12.15035202392127
6,92,8.712232691469309
6,93,10.33259574261572
6,94,13.489192402248822
6,95,12.326882604338184
6,96,11.113182893471382
6,97,14.785398852975257
7,1,9.95555642652255
7,2,8.63194374472997
7,3,6.310830817042072
7,4,5.0317356661618895
7,5,5.435812270611504
7,6,3.8699573172580406
7,8,3.8871179207358946
7,9,5.4697937869017705
7,10,5.12394492719393
7,11,6.299690335211306
7,12,8.408783021805714
7,13,10.026806846319692
7,14,10.795879825837766
7,15,12.949344135069033
7,16,18.54154583129293
7,17,16.222088312426276
7,18,18.395822822857333
7,19,21.410582836140655
7,20,23.67094507165414
7,21,21.49466162404021
7,22,21.011967662595502
7,23,18.959734516306757
7,24,19.79106760540377
7,25,18.290188777366925
7,26,16.691043872064157
7,27,18.013564183813784
7,28,15.048490204473605
7,29,16.910478440014394
7,30,17.56694432687577
7,31,14.487984897795565
7,32,14.77601346528481
7,33,12.59487356487519
7,34,16.06141029362073
7,35,16.38244580797503
7,36,13.213656168377495
7,37,14.560605253499299
7,38,18.036446672815018
7,39,17.21938639874489
7,40,15.683966384828365
7,41,18.414024360039864
7,42,20.93231407527662
7,43,19.616229329329144
7,44,22.10323363009212
7,45,22.14090693840724
7,46,18.691650881517933
7,47,17.563655410981298
7,48,14.453013188032546
7,49,12.841718367542832
7,50,14.366079357146873
7,51,11.59456118998594
7,52,9.251192081968231
7,53,12.607650329889488
7,54,13.35498459807682
7,55,10.122885847993665
7,56,10.895175816438547
7,57,14.511293552758891
7,58,13.837734021532539
7,59,13.06063932960586
7,60,15.825884328780807
7,61,18.679586027272002
7,62,21.267821630856535
7,63,23.133930662867527
7,64,21.46500449325417
7,65,23.738475590990134
7,66,23.705012708996644
7,67,25.958131036614777
7,68,26.30859021824576
7,69,24.607507328696283
7,70,24.52440677439873
7,71,21.366947691864837
7,72,21.590538163526546
7,73,24.426246037678926
7,74,23.53150874984757
7,75,24.390015492681293
7,76,25.53335440579782
7,77,23.208926243469765
7,78,22.151792040666063
7,79,19.564106518313512
7,80,18.21632012498939
7,81,15.07006434342003
7,82,13.819200374535775
7,83,14.750962781700323
7,84,13.164852070961478
7,85,9.645903758462195
7,86,10.446555783457724
7,87,11.83510495311271
7,88,9.021782114571408
7,89,6.6718242796987255
7,90,9.732695942922279
7,91,10.212125050808696
7,92,6.969174759862577
7,93,7.445595554471285
7,94,11.081732412630204
7,95,10.931030530464596
7,96,9.414744351874631
7,97,12.599072912498638
8,1,10.296236982191086
8,2,9.454602399130913
8,3,8.517891691633578
8,4,5.948067778040856
8,5,4.768604759203248
8,6,5.430746074803511
8,7,3.8871179207358946
8,9,3.863486200340867
8,10,5.590967217444449
8,11,5.358440204102988
8,12,5.8895274442977374
8,13,8.701617555931339
8,14,10.102271047765026
8,15,11.220795318010323
8,16,18.01589683202552
8,17,16.033449432094418
8,18,18.500460316890642
8,19,21.455887881494572
8,20,24.201238022355973
8,21,22.413584635556532
8,22,22.545407539688576
8,23,20.992956651287436
8,24,22.38544380287071
8,25,21.215442832837606
8,26,20.00371196942453
8,27,21.637639346517272
8,28,18.82898391392128
8,29,20.788685871862178
8,30,21.366237055241832
8,31,18.159704863218284
8,32,18.39409758014208
8,33,15.866048444613186
8,34,19.115371900445705
8,35,19.625841450670166
8,36,16.234678604888718
8,37,17.050400949112344
8,38,20.618027500834003
8,39,19.727481868110885
8,40,17.58127390760982
8,41,20.102486436102783
8,42,22.55080695120735
8,43,20.693109045808143
8,44,22.653770921959552
8,45,22.025704359394908
8,46,18.43123863941596
8,47,16.670300935000384
8,48,13.530441803203006
8,49,12.897263207357325
8,50,14.205483988029147
8,51,11.121689364502256
8,52,9.990712950357493
8,53,13.739113246633465
8,54,13.973717939018712
8,55,11.124357929143988
8,56,12.98226906380062
8,57,16.213657451792947
8,58,15.333684489328235
8,59,15.413432056107158
8,60,18.3338309906046
8,61,20.69958361858805
8,62,23.56875399332115
8,63,25.212425020077195
8,64,23.625699703648014
8,65,25.643409785336154
8,66,25.482786619663287
8,67,28.03374605305891
8,68,28.685271934933493
8,69,27.370819562562577
8,70,27.555863335613186
8,71,24.62020841280179
8,72,24.82877599212683
8,73,27.814125075213752
8,74,26.884989105489915
8,75,27.414527079827398
8,76,28.450095261740913
8,77,25.935166071065527
8,78,24.467708606089662
8,79,21.577945510476788
8,80,19.618871181872297
8,81,16.384870409792786
8,82,14.773027860646584
8,83,16.47699487042067
8,84,15.437066223760036
8,85,11.656084922581371
8,86,12.491528682364795
8,87,14.708478924512507
8,88,12.302474543811933
8,89,9.70741365395538
8,90,12.838573429218728
8,91,13.905105072042087
8,92,10.793068067158451
8,93,10.607624919308918
8,94,14.419752378114374
8,95,14.428396222477286
8,96,12.274231269959447
8,97,15.193002136474409
9,1,12.28376274942828
9,2,10.272648544994778
9,3,9.868166012199067
9,4,8.595032798809266
9,5,6.0856700872056
9,6,5.1414425783439555
9,7,5.4697937869017705
9,8,3.863486200340867
9,10,3.851753897321577
9,11,5.553949385164735
9,12,4.7557244514978745
9,13,6.157982219864957
9,14,8.69953548504497
9,15,10.389152440180917
9,16,15.531980993886092
9,17,13.089674753466381
9,18,15.157064211838325
9,19,18.351847589678076
9,20,21.101335400313996
9,21,19.22013200896994
9,22,19.7068913373092
9,23,18.326639157589323
9,24,20.15542881347086
9,25,19.57815518759579
9,26,18.68628030446601
9,27,20.87880953971188
9,28,18.557172381848268
9,29,20.89712549745932
9,30,21.51156852837124
9,31,18.225637191679333
9,32,17.732137399050366
9,33,14.815400320936906
9,34,17.542347573529124
9,35,18.019623714480772
9,36,14.395087193727527
9,37,14.676112838485503
9,38,18.160573767334352
9,39,17.20076694402125
9,40,14.581680988443116
9,41,16.909348248927476
9,42,19.270098433570922
9,43,17.193020565794818
9,44,18.92911760395097
9,45,18.19428403052602
9,46,14.633897189772014
9,47,12.850681361474477
9,48,9.79684111471477
9,49,9.122062588076188
9,50,10.451830819341426
9,51,7.638911009620666
9,52,6.745402630316567
9,53,10.593876320328187
9,54,11.140455691204162
9,55,9.050254813957762
9,56,11.031437332419934
9,57,14.062293361136618
9,58,13.894617638041266
9,59,14.539624852801913
9,60,16.935983702256692
9,61,19.05079980043944
9,62,21.718108190756986
9,63,22.86695555944593
9,64,21.04658267649365
9,65,22.69017067283442
9,66,22.300652723039903
9,67,24.995213501084983
9,68,25.932755557913218
9,69,25.00299762985689
9,70,25.603897125914447
9,71,23.006860970698387
9,72,23.064819399946575
9,73,26.258904005724553
9,74,25.41613957210585
9,75,25.4851042376802
9,76,26.634109580613035
9,77,24.20582839473522
9,78,22.3067840499349
9,79,19.491260023309966
9,80,17.268040318120192
9,81,13.755089003802953
9,82,12.699817964162365
9,83,14.98184853726166
9,84,13.687449647163758
9,85,10.016096983692353
9,86,11.899414083380895
9,87,14.210694791883745
9,88,11.718859145994363
9,89,10.087351980580742
9,90,13.783064225064448
9,91,14.692433418280672
9,92,11.880486071230294
9,93,12.747913778032059
9,94,16.390634107642775
9,95,16.23649855281284
9,96,14.789151763166265
9,97,18.013169739851232
10,1,14.359147352944923
10,2,12.307101458901158
10,3,10.742648756838584
10,4,9.859842556048937
10,5,8.627732663350447
10,6,6.329678855948932
10,7,5.12394492719393
10,8,5.590967217444449
10,9,3.851753897321577
10,11,3.8505965012090435
10,12,5.404701214412506
10,13,5.305080875818722
10,14,6.371110923710452
10,15,9.181952702356652
10,16,13.515414652823893
10,17,11.126897746579244
10,18,13.471906752435835
10,19,16.397234465858656
10,20,18.87209940720107
10,21,16.996552252496663
10,22,16.98786319445305
10,23,15.58743719061377
10,24,17.229319012542348
10,25,16.31151914105201
10,26,15.7057786934895
10,27,17.975345620669668
10,28,15.864751086767003
10,29,18.610083763842564
10,30,19.83622115698196
10,31,16.962797758525316
10,32,16.095780048774945
10,33,13.72863619432848
10,34,16.456679510104944
10,35,16.14845489918397
10,36,12.413403119628818
10,37,13.536997159220427
10,38,16.65745396643913
10,39,15.06949313033865
10,40,12.87770776929257
10,41,15.871215114079625
10,42,17.78889027038307
10,43,15.808333046146188
10,44,18.097399419481814
10,45,17.879734371719916
10,46,14.257406100102225
10,47,13.459734083874496
10,48,9.98639252923321
10,49,8.845816215691569
10,50,11.323970781808761
10,51,9.514331261619766
10,52,7.2526073683118195
10,53,10.828393106323572
10,54,12.547326830136756
10,55,10.543753742320673
10,56,11.231972657897225
10,57,14.73743275959109
10,58,15.217040530321599
10,59,15.105304472492303
10,60,17.047419056206643
10,61,19.69879829755997
10,62,21.86249318497648
10,63,22.917543525538882
10,64,20.626510198751237
10,65,22.144348339013067
10,66,21.36568495395413
10,67,23.59635233089496
10,68,24.65660728572325
10,69,23.441526047847663
10,70,24.158402930821154
10,71,21.370747285897828
10,72,20.911783557368572
10,73,23.821968794549296
10,74,22.557228662045137
10,75,22.627301426458693
10,76,23.4406034226489
10,77,20.799128224830028
10,78,19.0562930478788
10,79,16.10301607247979
10,80,14.067227026430444
10,81,10.797296993464782
10,82,9.39501302906381
10,83,11.278817939635093
10,84,10.158052252268758
10,85,6.374357376388318
10,86,8.056448087878897
10,87,10.517092759885058
10,88,8.473608738360063
10,89,6.8491466854907825
10,90,10.628925714400355
10,91,11.968109429578883
10,92,9.905709741639523
10,93,10.931420192687346
10,94,14.383201080434857
10,95,14.866486809931098
10,96,14.09122459856903
10,97,17.033395316568583
11,1,15.390526418380823
11,2,14.214777158253815
11,3,12.540486009960757
11,4,10.521889700375937
11,5,9.85752137334582
11,6,8.828965274374507
11,7,6.299690335211306
11,8,5.358440204102988
11,9,5.553949385164735
11,10,3.8505965012090435
11,12,3.8967125712423125
11,13,5.475525906204064
11,14,5.10902314621893
11,15,6.698168729261244
11,16,13.510521254202079
11,17,12.140365017931607
11,18,15.245290123308559
11,19,17.602945704437083
11,20,20.400369180672552
11,21,19.1344457836347
11,22,19.23160118690322
11,23,18.29226863689699
11,24,19.961022507787057
11,25,18.69622413950893
11,26,18.367271826100556
11,27,20.408932266499658
11,28,18.16413088912278
11,29,20.869532316995006
11,30,22.351732015279925
11,31,19.658659065244795
11,32,19.151676530741018
11,33,17.103356380093288
11,34,20.04659590798291
11,35,19.557823503056394
11,36,15.893924642004556
11,37,17.314421099136048
11,38,20.33192360326789
11,39,18.483193787691853
11,40,16.39454838833913
11,41,19.51721316985613
11,42,21.151652295651104
11,43,18.89364726476268
11,44,21.005732272245947
11,45,20.422603388586683
11,46,16.660097056034946
11,47,15.688342075684135
11,48,11.971510557361796
11,49,11.864164306232258
11,50,14.462855165045104
11,51,12.545708587239412
11,52,10.898746458959481
11,53,14.579705285939053
11,54,16.052532694388095
11,55,13.913348331572557
11,56,14.910391176186321
11,57,18.424845382289337
11,58,18.558545004938647
11,59,18.386196068538982
11,60,20.615985707788795
11,61,23.306776221302208
11,62,25.59469512862707
11,63,26.748662429342534
11,64,24.47175965565891
11,65,25.94207166865518
11,66,25.014678248370682
11,67,27.13972992612294
11,68,28.330171043905278
11,69,27.050546373916994
11,70,27.752592865058638
11,71,24.829846252128267
11,72,24.20392459883867
11,73,26.875537302285682
11,74,25.278491028676935
11,75,25.409139106781378
11,76,25.792609683734124
11,77,22.81246234678685
11,78,21.165185080903516
11,79,17.851853054771343
11,80,15.579474353440705
11,81,12.874090827702195
11,82,10.38656481855777
11,83,12.215970338426828
11,84,12.22171534254863
11,85,8.520608577699399
11,86,8.610943174593626
11,87,11.788175097753696
11,88,10.643125518252267
11,89,7.843126210535136
11,90,10.956741286785597
11,91,13.231173898429041
11,92,11.378676816980406
11,93,11.0904248836308
11,94,14.762286322477266
11,95,15.937727968519354
11,96,14.59305961046087
11,97,16.94820197390892
12,1,15.940388496492133
12,2,14.6034828107305
12,3,13.93677607077086
12,4,11.81672955170257
12,5,9.94117285788628
12,6,9.624774179776312
12,7,8.408783021805714
12,8,5.8895274442977374
12,9,4.7557244514978745
12,10,5.404701214412506
12,11,3.8967125712423125
12,13,3.866990632779204
12,14,5.738507036443296
12,15,5.993212400830662
12,16,12.960093786466674
12,17,11.594544755341559
12,18,14.558795460092517
12,19,17.055886632861043
12,20,20.263555961922624
12,21,19.21300167107421
12,22,20.051055537413408
12,23,19.482747852683154
12,24,21.70064746445266
12,25,21.039877192257084
12,26,20.87289034644253
12,27,23.254778651623464
12,28,21.171051228489073
12,29,23.88141846670296
12,30,25.05084833446896
12,31,22.059495384483693
12,32,21.409918965178395
12,33,18.83979192104929
12,34,21.49494867385807
12,35,21.391617922984754
12,36,17.600192730940336
12,37,18.25174348623431
12,38,21.374030167261317
12,39,19.719145051640663
12,40,16.996112407443714
12,41,19.64748488202013
12,42,21.320456536648972
12,43,18.643357500229328
12,44,20.10295150696338
12,45,18.861423351641683
12,46,15.089860109682675
12,47,13.413203997179066
12,48,9.879473682403853
12,49,10.762771972834113
12,50,12.897965007585753
12,51,10.922333868358791
12,52,10.508807287956408
12,53,14.23759035762473
12,54,15.220951784052923
12,55,13.649098149190678
12,56,15.449575541127368
12,57,18.492230695282476
12,58,18.594208898367746
12,59,19.21655539407288
12,60,21.458922913886134
12,61,23.630531279383007
12,62,26.11719933158185
12,63,26.985315288161647
12,64,24.835170512327345
12,65,26.041651346239792
12,66,25.085332943866483
12,67,27.576968312297957
12,68,28.99872810762232
12,69,28.1951009253756
12,70,29.154340102669345
12,71,26.558727577854476
12,72,26.08293027570316
12,73,29.036499590813424
12,74,27.66270605627377
12,75,27.431296018152416
12,76,27.97776108978444
12,77,25.074074428574825
12,78,22.952425486161125
12,79,19.633535547024632
12,80,16.852570583050976
12,81,13.886739605776153
12,82,11.763736629172378
12,83,14.47460543905729
12,84,14.440673930226131
12,85,10.817041918374784
12,86,11.761653502221673
12,87,15.020106240488305
12,88,13.637729489257191
12,89,11.369311262648063
12,90,14.733414166186025
12,91,16.720935933819597
12,92,14.529001376797678
12,93,14.532021811501748
12,94,18.298659838662633
12,95,19.03749754858594
12,96,17.42214631231823
12,97,20.050490655510274
13,1,18.369335396724253
13,2,16.360244309448863
13,3,15.548032793299502
13,4,14.22497356319286
13,5,12.199710016387634
13,6,10.75636965351885
13,7,10.026806846319692
13,8,8.701617555931339
13,9,6.157982219864957
13,10,5.305080875818722
13,11,5.475525906204064
13,12,3.866990632779204
13,14,3.875655508168187
13,15,5.653360805677039
13,16,9.565036233461726
13,17,7.7747920873010825
13,18,10.70684733269409
13,19,13.234112492698236
13,20,16.413980369510618
13,21,15.409353582133699
13,22,16.45365977180115
13,23,16.228475796491068
13,24,18.807489011910686
13,25,18.573118526261116
13,26,18.916964673041942
13,27,21.738274464616037
13,28,20.220524574829923
13,29,23.310653663380002
13,30,24.736868792047638
13,31,21.932831418761804
13,32,20.630014104915066
13,33,18.11493612102779
13,34,20.257622341275052
13,35,19.756218023596723
13,36,15.892043189023948
13,37,16.446626376488616
13,38,19.15159090843263
13,39,17.119173584224548
13,40,14.228220278790213
13,41,16.950912318090296
13,42,18.159977717262947
13,43,15.247021692987758
13,44,16.686177910254226
13,45,15.541131655266065
13,46,11.741551001550004
13,47,10.707850338205976
13,48,6.913083758415922
13,49,7.983679683390915
13,50,10.863239850284105
13,51,10.015932357862205
13,52,9.353093225972572
13,53,12.62152087914137
13,54,14.382574715443758
13,55,13.560236489248217
13,56,14.79179993133474
13,57,17.71131275109415
13,58,18.608727487254583
13,59,19.27647212947264
13,60,20.886704495316724
13,61,23.042938952507175
13,62,25.083636857850998
13,63,25.481181691007137
13,64,22.94818851742322
13,65,23.70293506505563
13,66,22.310666312636318
13,67,24.641407499185306
13,68,26.405922560165642
13,69,25.83451162011383
13,70,27.209799774180254
13,71,24.86884658902897
13,72,24.01117954871367
13,73,26.93083899565754
13,74,25.431570077579558
13,75,24.766493844034876
13,76,25.193762959053235
13,77,22.276531845662177
13,78,19.81544829609796
13,79,16.495997768574025
13,80,13.454564903053654
13,81,10.479681734593424
13,82,8.63942326696488
13,83,11.881745323571247
13,84,11.93672056215322
13,85,8.755249043967616
13,86,10.363627044979818
13,87,13.644888927727632
13,88,12.626272413114327
13,89,11.265101364973994
13,90,14.761290462477065
13,91,16.71034180337551
13,92,15.08909513225327
13,93,15.798483876323008
13,94,19.2833451048452
13,95,20.09655997165908
13,96,19.173425264171783
13,97,21.915652197404068
14,1,20.131106897385056
14,2,18.456246109898395
14,3,16.91326987977196
14,4,15.401155822903911
14,5,14.264193620723578
14,6,12.625658444052617
14,7,10.795879825837766
14,8,10.102271047765026
14,9,8.69953548504497
14,10,6.371110923710452
14,11,5.10902314621893
14,12,5.738507036443296
14,13,3.875655508168187
14,15,3.8676956253478862
14,16,8.496100473343585
14,17,7.785922445285829
14,18,11.401127103343475
14,19,13.101676264587805
14,20,16.083992110495476
14,21,15.484788745333933
14,22,16.00708645101771
14,23,16.011712403688733
14,24,18.308015483095964
14,25,17.538141041826652
14,26,18.253809224332727
14,27,20.907719583962344
14,28,19.506125504220538
14,29,22.781025708976077
14,30,24.738226040655213
14,31,22.354484333618448
14,32,21.052336560978876
14,33,19.137225277334462
14,34,21.421371531406773
14,35,20.313147360555806
14,36,16.546292317011773
14,37,17.890653360004944
14,38,20.264272889708
14,39,17.71752857658705
14,40,15.415941262852138
14,41,18.647316287944257
14,42,19.40510018251121
14,43,16.626258260139956
14,44,18.479780964620126
14,45,17.725819431022245
14,46,14.021519786211824
14,47,13.788945984112916
14,48,9.987964409059778
14,49,10.744141003697925
14,50,14.111187520436275
14,51,13.497249420242387
14,52,12.082619152975882
14,53,15.224678757615578
14,54,17.446581724065997
14,55,16.299379661331457
14,56,16.9150703729576
14,57,20.186750409184427
14,58,21.175910574109295
14,59,21.246834235967096
14,60,22.78423546974407
14,61,25.36038043255647
14,62,27.15826520385954
14,63,27.651976562859765
14,64,24.87361753760634
14,65,25.62170847740288
14,66,23.97233428810889
14,67,25.826839902384208
14,68,27.64521988012449
14,69,26.748188955101305
14,70,28.105233088213534
14,71,25.53149948622143
14,72,24.2474296203492
14,73,26.759219061424186
14,74,24.767526870342707
14,75,24.196275720638944
14,76,24.08711239412691
14,77,20.821327669400315
14,78,18.63063921695568
14,79,15.007202912538526
14,80,12.061769245938995
14,81,9.909182740546404
14,82,6.837599806528754
14,83,9.597559616368118
14,84,10.7270750853083
14,85,7.84029825954658
14,86,8.058313963896968
14,87,11.797154152616159
14,88,11.813112782766247
14,89,10.06838288000267
14,90,12.94426787565396
14,91,15.594675399363357
14,92,14.700646110537045
14,93,14.90947124240615
14,94,18.16485921067174
14,95,19.700132137147477
14,96,19.001175171592717
14,97,21.2200151807949
15,1,21.514109879377973
15,2,20.304051919427007
15,3,19.08705504196187
15,4,16.93544014126856
15,5,15.694609140759383
15,6,14.91788776742895
15,7,12.949344135069033
15,8,11.220795318010323
15,9,10.389152440180917
15,10,9.181952702356652
15,11,6.698168729261244
15,12,5.993212400830662
15,13,5.653360805677039
15,14,3.8676956253478862
15,16,9.408433407428163
15,17,9.895934983959735
15,18,13.665868208352634
15,19,14.867750551179196
15,20,18.216464035347162
15,21,18.222711603365024
15,22,19.176378363332283
15,23,19.580855862729827
15,24,22.035972041204175
15,25,21.29650095258727
15,26,22.086630240418934
15,27,24.65746140666175
15,28,23.126708723330356
15,29,26.294692936230653
15,30,28.194436749441504
15,31,25.713822557988475
15,32,24.658315207204172
15,33,22.62881916319503
15,34,25.034731958490468
15,35,24.101431456814037
15,36,20.309431026657105
15,37,21.476361856322193
15,38,23.9604189158407
15,39,21.478647514844287
15,40,18.98440705133901
15,41,22.015133982294536
15,42,22.728850704069867
15,43,19.6747812055622
15,44,21.046251720472142
15,45,19.710716683184444
15,46,16.03682778979116
15,47,15.28418495946659
15,48,11.661307728156881
15,49,13.379906890819974
15,50,16.389459130778484
15,51,15.552653000539623
15,52,14.875608511760934
15,53,18.200852223725047
15,54,19.97641190022645
15,55,18.842624490118972
15,56,20.005425137757367
15,57,23.15964789938878
15,58,23.838432829863372
15,59,24.185222820576243
15,60,26.001729259072917
15,61,28.40426501659828
15,62,30.44028735814553
15,63,30.94251461684967
15,64,28.28702709998937
15,65,28.9687973848034
15,66,27.3011011423749
15,67,29.29131945830356
15,68,31.233254800189815
15,69,30.48694578666501
15,70,31.879569813895593
15,71,29.328331414212794
15,72,28.10575001126997
15,73,30.624146417584292
15,74,28.58726119313583
15,75,27.963815540995327
15,76,27.702892545004435
15,77,24.327648686447517
15,78,22.06676742709758
15,79,18.347924038338064
15,80,15.185937333186072
15,81,13.380535517706408
15,82,10.203101520044616
15,83,12.949875074957358
15,84,14.509826797883669
15,85,11.684594840902271
15,86,11.458285367186436
15,87,15.298075884265405
15,88,15.421738011349316
15,89,13.184371524566744
15,90,15.793583833069928
15,91,18.712881301904638
15,92,17.60810306571512
15,93,17.200295338182517
15,94,20.627969342644498
15,95,22.307335767578476
15,96,21.09038743752022
15,97,23.07152870063182
16,1,27.651361530013336
16,2,25.346863219897063
16,3,24.151133314283452
16,4,23.274836234456203
16,5,21.562870397653786
16,6,19.45149022137966
16,7,18.54154583129293
16,8,18.01589683202552
16,9,15.531980993886092
16,10,13.515414652823893
16,11,13.510521254202079
16,12,12.960093786466674
16,13,9.565036233461726
16,14,8.496100473343585
16,15,9.408433407428163
16,17,3.8694493489003636
16,18,6.726269029666662
16,19,5.977092340006788
16,20,9.342722902279874
16,21,10.561539542846333
16,22,12.39822071781797
16,23,14.421276166613415
16,24,17.68835469889338
16,25,18.23181401784163
16,26,20.38099428620983
16,27,23.74204659869385
16,28,23.652320644890327
16,29,27.364043796872316
16,30,29.625236506252463
16,31,27.62118813630064
16,32,25.342333292264776
16,33,23.560405867508397
16,34,24.66879959776574
16,35,22.98403606290143
16,36,19.52828536965791
16,37,20.292656837567748
16,38,21.446646617019518
16,39,18.298681053578676
16,40,15.858016780014605
16,41,18.504520792411157
16,42,17.659436952199602
16,43,14.253141841131223
16,44,15.093309204246385
16,45,14.027342545089251
16,46,11.276907046512708
16,47,12.644900092034247
16,48,10.206989832625345
16,49,12.050192133568599
16,50,15.483245488908782
16,51,16.885605802563113
16,52,16.149896100589494
16,53,17.897522462499914
16,54,20.725592093886227
16,55,21.06534173892724
16,56,21.23783686790538
16,57,23.73718382970468
16,58,25.784333483193166
16,59,26.300526616363317
16,60,26.814451795797787
16,61,28.9376631653405
16,62,29.956880822424598
16,63,29.366409689684417
16,64,26.068358358372322
16,65,25.54895095545377
16,66,22.857508271552472
16,67,24.213682336789727
16,68,27.00769285243146
16,69,26.971437828747007
16,70,29.336719193054794
16,71,27.600586905670085
16,72,25.541891846815048
16,73,27.773955560613675
16,74,25.51767649811404
16,75,23.712079745179818
16,76,22.997342826865133
16,77,19.744135444316615
16,78,16.587682943710846
16,79,13.168239632445111
16,80,9.37029370893554
16,81,9.022029844367946
16,82,7.38180089215887
16,83,10.621073764863482
16,84,12.656075693494424
16,85,12.066996766273107
16,86,12.949255558299923
16,87,15.930682062507143
16,88,16.893740631129084
16,89,16.720658603764655
16,90,19.20549754306987
16,91,21.620489738272337
16,92,21.532345906529436
16,93,22.45419317309895
16,94,25.21669665872183
16,95,26.764018844534046
16,96,26.74182500184488
16,97,29.018886621496737
17,1,25.035011088193585
17,2,22.409303212829446
17,3,21.35290310732429
17,4,20.92419801461261
17,5,19.01503072682381
17,6,16.585026880647245
17,7,16.222088312426276
17,8,16.033449432094418
17,9,13.089674753466381
17,10,11.126897746579244
17,11,12.140365017931607
17,12,11.594544755341559
17,13,7.7747920873010825
17,14,7.785922445285829
17,15,9.895934983959735
17,16,3.8694493489003636
17,18,3.8970579977244864
17,19,5.512407512235975
17,20,8.737971500392616
17,21,8.528700099623267
17,22,10.359622771295687
17,23,11.7240686489095
17,24,15.128364896951878
17,25,15.941612576674933
17,26,17.720388693572573
17,27,21.21288980647
17,28,21.06319492565713
17,29,24.693940610203555
17,30,26.66863777894931
17,31,24.505780035317056
17,32,22.120352626811208
17,33,20.119739167293226
17,34,21.076630258485814
17,35,19.614829129424134
17,36,16.11471107368112
17,37,16.57636379745705
17,38,17.850471047745177
17,39,14.917311206174428
17,40,12.190454360395215
17,41,14.790213282132532
17,42,14.29253788154264
17,43,10.880664567899036
17,44,12.047593203262752
17,45,11.286375583253111
17,46,8.171072334051189
17,47,9.720219456721887
17,48,7.159403190979715
17,49,8.349015268486198
17,50,11.888982064112241
17,51,13.493873302142573
17,52,12.601719461896762
17,53,14.090209997618128
17,54,17.033464303888447
17,55,17.54583734994604
17,56,17.585026642395622
17,57,19.948391875137528
17,58,22.13772546387983
17,59,22.728835081908734
17,60,23.095316638177447
17,61,25.125272934070527
17,62,26.123305130309298
17,63,25.52606650128916
17,64,22.27617388425376
17,65,21.869126510782667
17,66,19.357611072539193
17,67,20.971074459601688
17,68,23.605037589924233
17,69,23.5856878392315
17,70,25.88665465122052
17,71,24.20705806163042
17,72,22.39235560347399
17,73,24.913362962349204
17,74,23.011288001247333
17,75,21.281847458285153
17,76,21.11935193136555
17,77,18.160974384711405
17,78,14.91525911972234
17,79,11.707654632568053
17,80,7.971188779323005
17,81,6.251090243608288
17,82,5.753575065818002
17,83,9.44568606354567
17,84,10.319405960957228
17,85,9.579650809215197
17,86,11.500903666979209
17,87,14.1364282638937
17,88,14.423085873843124
17,89,14.737943363218093
17,90,17.62213132599927
17,91,19.494774837468444
17,92,19.1515135270219
17,93,20.59527900944014
17,94,23.35388941183562
17,95,24.44335381747653
17,96,24.57154437931597
17,97,27.183813300444196
18,1,26.625377546654523
18,2,23.60417972612509
18,3,22.805854832148505
18,4,22.937281633996307
18,5,20.782265913922092
18,6,18.076207051191947
18,7,18.395822822857333
18,8,18.500460316890642
18,9,15.157064211838325
18,10,13.471906752435835
18,11,15.245290123308559
18,12,14.558795460092517
18,13,10.70684733269409
18,14,11.401127103343475
18,15,13.665868208352634
18,16,6.726269029666662
18,17,3.8970579977244864
18,19,3.8520851887506504
18,20,6.3384934042938665
18,21,5.521973736803323
18,22,8.316843092087957
18,23,10.063789487553208
18,24,13.846333419068444
18,25,15.56879503134193
18,26,17.511927574901968
18,27,21.229642229183735
18,28,21.57438395356261
18,29,25.157590084589984
18,30,26.937951024939867
18,31,24.85654941994492
18,32,22.071876922130887
18,33,20.023605238770923
18,34,20.268569130625302
18,35,18.836049486889188
18,36,15.680946301333963
18,37,15.515257327091259
