1,2,3.804876632634452
1,3,7.167327270014652
1,4,10.02675577000788
1,5,11.772444159037077
1,6,9.430252384741282
1,7,9.307725754742584
1,8,13.021759803457327
1,9,13.641852512267192
1,10,12.238524959474717
1,11,14.463971144122723
1,12,17.444458905920293
1,13,17.537522241566204
1,14,17.08147872987532
1,15,20.106077861184914
1,16,22.416780661937494
1,17,25.660949986405523
1,18,27.378476973040055
1,19,24.935820223450733
1,20,25.583316586722635
1,21,22.92957139552105
1,22,23.096795648685845
1,23,22.48344711898859
1,24,19.771785255433613
1,25,17.72545305103057
1,26,18.855091195230372
1,27,17.456639043300846
1,28,14.06506500110384
1,29,14.14576162488682
1,30,15.108428956232878
1,31,12.212600793501517
1,32,9.961455045417429
1,33,12.834461512180713
1,34,13.324514758806918
1,35,11.358732969817941
1,36,14.645351959597196
1,37,16.423630642710904
1,38,14.62066222802466
1,39,17.837015635136737
1,40,20.219778255484986
1,41,18.52632346887707
1,42,18.60538176752904
1,43,22.188443722976984
1,44,23.32613413728763
1,45,21.77035356160247
1,46,23.784240685283898
1,47,26.896968732075006
1,48,26.85473152611399
1,49,26.3173479593455
1,50,29.216702616678813
1,51,31.49768116442704
1,52,31.072685477472866
1,53,32.08616314368391
2,1,3.804876632634452
2,3,3.8154355481208095
2,4,6.691903608129685
2,5,7.994752215925754
2,6,5.82656474663289
2,7,6.325418078985406
2,8,9.76827908326648
2,9,10.499508971686751
2,10,9.918481305344338
2,11,12.161232125602655
2,12,14.751666790593308
2,13,15.268535793207157
2,14,15.41444592681584
2,15,18.14974057720323
2,16,20.256321789266146
2,17,23.72793545564349
2,18,25.446473783763693
2,19,23.252288978233274
2,20,24.42592129088655
2,21,22.226599706829912
2,22,22.47290165235099
2,23,21.263449170332752
2,24,18.483536687523728
2,25,17.051585000379816
2,26,17.96290448326028
2,27,15.871678881201133
2,28,12.785801271391046
2,29,13.550888968013924
2,30,13.779353070683529
2,31,10.33814106751436
2,32,9.21139748815151
2,33,12.220054836470473
2,34,11.856009530864139
2,35,9.06306334122674
2,36,12.130302601911612
2,37,13.803144414678606
2,38,11.591591666056456
2,39,14.48878203626444
2,40,17.209311049120632
2,41,15.86700225515478
2,42,15.618619921970797
2,43,19.08501668193073
2,44,20.631535008378172
2,45,19.262211739102085
2,46,20.941936374881166
2,47,24.115415025521077
2,48,24.485492332352457
2,49,23.94137625526512
2,50,26.561665546485116
2,51,29.027359414534548
2,52,28.919732314238804
2,53,29.777028876293762
3,1,7.167327270014652
3,2,3.8154355481208095
3,4,3.8177119061327547
3,5,5.501212592082235
3,6,5.327518208595709
3,7,6.3178516443072015
3,8,8.74571406762875
3,9,10.291680548980539
3,10,10.903899117140968
3,11,12.50874719703929
3,12,14.670051871165029
3,13,15.996863606502885
3,14,16.582347042679114
3,15,18.719873445709197
3,16,20.77444043028816
3,17,24.367521058100433
3,18,26.244939251717184
3,19,24.466448386140062
3,20,26.134880343689748
3,21,24.354921775300376
3,22,24.785116320379206
3,23,23.12519913641137
3,24,20.274754339837813
3,25,19.446611537500225
3,26,20.238356426346968
3,27,17.608482460938077
3,28,14.923660279036303
3,29,16.20670953754793
3,30,15.805547155365874
3,31,12.096573638585939
3,32,11.945188918665652
3,33,14.679683646707359
3,34,13.436433594696007
3,35,9.953249612381626
3,36,12.109426738569548
3,37,14.003319734208079
3,38,11.558229751600583
3,39,13.652855275087735
3,40,16.910234461646365
3,41,16.289611625358063
3,42,15.557543180120085
3,43,18.684325451069355
3,44,20.864643533533428
3,45,19.7770523407128
3,46,20.858525310476267
3,47,24.106173063511715
3,48,25.04163313638876
3,49,24.39155910148983
3,50,26.57502194850128
3,51,29.324764973878462
3,52,29.558738711435893
3,53,30.093210912595204
4,1,10.02675577000788
4,2,6.691903608129685
4,3,3.8177119061327547
4,5,3.8221888183273087
4,6,5.418606201574589
4,7,5.060738776264428
4,8,6.21243453234255
4,9,8.90328479049228
4,10,9.957727329504307
4,11,10.476921907035436
4,12,12.46005803050251
4,13,14.573831129830888
4,14,15.13390531415421
4,15,16.5986041863503
4,16,18.808653906630916
4,17,22.326013072817116
4,18,24.52279358378836
4,19,23.237721871153386
4,20,25.24074087654259
4,21,23.816166601357217
4,22,24.72110589787166
4,23,22.836487636609753
4,24,19.72902687716419
4,25,19.560491118483736
4,26,20.680666469207324
4,27,17.7513405974227
4,28,15.234273912443177
4,29,17.320060649994478
4,30,16.936412258624685
4,31,13.144477404412413
4,32,13.829445406998516
4,33,16.8356833997696
4,34,15.573630082937514
4,35,11.97473324654956
4,36,13.89943620671943
4,37,15.07964219248171
4,38,11.97197486290747
4,39,13.243743790317193
4,40,16.803505731391283
4,41,16.255675750795284
4,42,14.657722190042973
4,43,17.644208111887156
4,44,20.181457992715274
4,45,18.831146347682967
4,46,19.282605243056157
4,47,22.750754699331722
4,48,23.921439917680587
4,49,22.824748291538832
4,50,24.723948187310132
4,51,27.782748114249742
4,52,28.007039536126847
4,53,28.100303808092026
5,1,11.772444159037077
5,2,7.994752215925754
5,3,5.501212592082235
5,4,3.8221888183273087
5,6,3.7281130601867933
5,7,5.415439117421899
5,8,5.065982761823659
5,9,6.593536493794305
5,10,8.926897253830424
5,11,10.015962369645546
5,12,10.93296022850323
5,13,12.867352717147368
5,14,14.355656200880233
5,15,15.779401628831389
5,16,17.280563703277533
5,17,20.977328833003785
5,18,22.744489781126074
5,19,21.442731458827897
5,20,23.75575318188168
5,21,22.72244032063899
5,22,23.300871688265595
5,23,20.96877505343263
5,24,18.207771185443292
5,25,18.376998990878185
5,26,18.9308968036167
5,27,15.638122953639717
5,28,13.785662431803637
5,29,15.944940641038288
5,30,14.83261167422469
5,31,11.129430505794156
5,32,12.685891165287991
5,33,15.23121463641784
5,34,13.429636309621069
5,35,9.76177277506686
5,36,11.113507904216764
5,37,11.880046108376359
5,38,8.700586247722752
5,39,9.51507622068089
5,40,13.168073459799302
5,41,13.024478904448522
5,42,11.461707777743316
5,43,14.179891033659995
5,44,16.907316706719428
5,45,16.007791620590197
5,46,16.392967284586142
5,47,19.653709496654066
5,48,21.120027026755263
5,49,20.386889730261974
5,50,22.081911973333483
5,51,25.035067352655393
5,52,25.647395005076408
5,53,25.92297802830773
6,1,9.430252384741282
6,2,5.82656474663289
6,3,5.327518208595709
6,4,5.418606201574589
6,5,3.7281130601867933
6,7,3.7492510636223004
6,8,5.2370549747219
6,9,5.233445709369003
6,10,6.4808190165988036
6,11,8.786596457774973
6,12,10.194659363907418
6,13,11.111690095773762
6,14,12.400888537232543
6,15,14.615459847812513
6,16,16.097085363327263
6,17,19.806784689910543
6,18,21.340712737194902
6,19,19.512387653353993
6,20,21.41446712316213
6,21,20.006962142457876
6,22,20.329451206804443
6,23,18.274226341134238
6,24,15.566137827523745
6,25,15.216093107218486
6,26,15.75506407152409
6,27,12.739562916542216
6,28,10.514092465906794
6,29,12.393271779511462
6,30,11.592629634263941
6,31,7.803873338640346
6,32,9.040945528056964
6,33,11.856402034288124
6,34,10.609092234474245
6,35,7.245014428152343
6,36,9.691959939788122
6,37,10.222499672358609
6,38,7.014444157218342
6,39,9.191890469189952
6,40,12.280483929339645
6,41,11.245224640766688
6,42,10.305940808181406
6,43,13.612666921662319
6,44,15.63290221230971
6,45,14.450494503699945
6,46,15.64413995663588
6,47,18.851525001618786
6,48,19.719742390544376
6,49,19.188582422067697
6,50,21.421748497525467
6,51,24.057531412248153
6,52,24.36455347519727
6,53,25.067492772932827
7,1,9.307725754742584
7,2,6.325418078985406
7,3,6.3178516443072015
7,4,5.060738776264428
7,5,5.415439117421899
7,6,3.7492510636223004
7,8,3.785562293442442
7,9,5.449892911435136
7,10,5.082622808652676
7,11,6.213824517820865
7,12,8.752106569013604
7,13,10.131405295010671
7,14,10.376852862626322
7,15,12.42253009826969
7,16,14.66172371821269
7,17,18.15861320697285
7,18,20.235644116374594
7,19,18.640809875307855
7,20,20.376620833568538
7,21,18.79182958669847
7,22,19.762274912286106
7,23,18.063918129563174
7,24,14.83163981459175
7,25,14.60829296579661
7,26,16.037520623383557
7,27,13.319744312881793
7,28,10.537646038802004
7,29,12.997747236000876
7,30,13.172896415966353
7,31,9.573004039132776
7,32,10.455167333862477
7,33,13.894301712254265
7,34,13.477454793198113
7,35,10.53378160110538
7,36,13.330847047402933
7,37,13.491454976328397
7,38,10.017655125070402
7,39,11.901825110537565
7,40,14.88644088870773
7,41,13.297282532842637
7,42,11.67271071408046
7,43,15.181575522007392
7,44,17.04667890434965
7,45,15.082000439057953
7,46,16.030885281012786
7,47,19.575072550958605
7,48,20.11997916404834
7,49,18.925593241288475
7,50,21.315954340028107
7,51,24.163972730043756
7,52,23.972894530650738
7,53,24.324207401729797
8,1,13.021759803457327
8,2,9.76827908326648
8,3,8.74571406762875
8,4,6.21243453234255
8,5,5.065982761823659
8,6,5.2370549747219
8,7,3.785562293442442
8,9,3.787128309498486
8,10,5.40163655658834
8,11,5.140021751699938
8,12,6.280339299737992
8,13,8.74237750444389
8,14,9.77309565238476
8,15,10.827106913017655
8,16,12.694765009761404
8,17,16.268983294567597
8,18,18.406153679013944
8,19,17.3729024032402
8,20,19.705817741517194
8,21,18.810046924141144
8,22,19.99472274289515
8,23,17.768293049172094
8,24,14.600151497454114
8,25,15.325350275982547
8,26,16.584101409593778
8,27,13.39272630521845
8,28,11.441460678140423
8,29,14.493351093483383
8,30,14.113439091609985
8,31,10.718588872990347
8,32,12.69405970216353
8,33,15.772445853937594
8,34,14.896163003904464
8,35,11.894674515160872
8,36,13.949669965867162
8,37,13.471636882480604
8,38,9.675913228169872
8,39,10.343014419353839
8,40,13.50569393414537
8,41,12.333042343681305
8,42,9.816507125372604
8,43,12.908802548438866
8,44,15.266814605748113
8,45,13.364225876913146
8,46,13.507826288499738
8,47,17.16211335678733
8,48,18.192340515383798
8,49,16.76383840323343
8,50,18.679782905833214
8,51,21.810865423204216
8,52,21.90431506219082
8,53,21.89592888288865
9,1,13.641852512267192
9,2,10.499508971686751
9,3,10.291680548980539
9,4,8.90328479049228
9,5,6.593536493794305
9,6,5.233445709369003
9,7,5.449892911435136
9,8,3.787128309498486
9,10,3.8208006731895106
9,11,5.501127323127939
9,12,5.3412047011634245
9,13,6.365920085643957
9,14,8.512791915447716
9,15,10.180980612986401
9,16,11.113300428499764
9,17,14.883459859367663
9,18,16.34587955299285
9,19,14.860680622906434
9,20,17.229701934454276
9,21,16.478463609259222
9,22,17.158529416476366
9,23,14.637426293363632
9,24,11.846974535094613
9,25,12.645909237110843
9,26,13.33390423755473
9,27,9.903645637916341
9,28,8.527625950538356
9,29,11.598072849382778
9,30,10.765833187273742
9,31,7.689399629110137
9,32,10.415972441035585
9,33,13.083671139367791
9,34,12.243023567888063
9,35,9.799428637991475
9,36,11.822298907780075
9,37,10.55223109717833
9,38,6.7482017267184435
9,39,7.685860999135277
9,40,10.293434179233763
9,41,8.653056828408006
9,42,6.3460317018236205
9,43,9.809072802957804
9,44,11.776092729162015
9,45,9.969459693990395
9,46,10.737450237581099
9,47,14.20495347988645
9,48,15.051890635252011
9,49,14.139769935993574
9,50,16.31634223510241
9,51,19.104955843860136
9,52,19.34827400027744
9,53,19.87297364372727
10,1,12.238524959474717
10,2,9.918481305344338
10,3,10.903899117140968
10,4,9.957727329504307
10,5,8.926897253830424
10,6,6.4808190165988036
10,7,5.082622808652676
10,8,5.40163655658834
10,9,3.8208006731895106
10,11,3.8213908663240623
10,12,5.610941037090386
10,13,5.412420557258938
10,14,5.970563237973429
10,15,8.694951054400894
10,16,10.365963477361683
10,17,13.882352757109134
10,18,15.568120313663224
10,19,13.66635490119399
10,20,15.358197886488073
10,21,13.937268851706744
10,22,14.900325401613728
10,23,13.06114282584998
10,24,9.788391010842723
10,25,10.001297178654024
10,26,11.555387716534417
10,27,8.836951238934772
10,28,6.318668536879403
10,29,9.627089126563087
10,30,10.093436632850668
10,31,7.308943377861474
10,32,9.120893469353707
10,33,12.37956472989365
10,34,12.656225222246352
10,35,10.805027512986593
10,36,13.69966270829041
10,37,12.511924925288692
10,38,9.053247373945753
10,39,10.911010006641048
10,40,12.898411262241861
10,41,10.329557482809216
10,42,8.612862477571335
10,43,12.324933283548487
10,44,13.363944355325891
10,45,10.784537983346771
10,46,12.210161928973958
10,47,15.668165826829355
10,48,15.61021913676654
10,49,14.403339752470727
10,50,17.20747503152924
10,51,19.76805185705205
10,52,19.291216925822923
10,53,19.961214392383567
11,1,14.463971144122723
11,2,12.161232125602655
11,3,12.50874719703929
11,4,10.476921907035436
11,5,10.015962369645546
11,6,8.786596457774973
11,7,6.213824517820865
11,8,5.140021751699938
11,9,5.501127323127939
11,10,3.8213908663240623
11,12,3.8014092205454104
11,13,5.537799840296679
11,14,4.975539178465028
11,15,6.23583722855213
11,16,8.860309726488753
11,17,12.132529561137712
11,18,14.605532661385576
11,19,13.537355973347747
11,20,15.491077758997784
11,21,14.452075694531874
11,22,16.26606574182983
11,23,14.499149149540601
11,24,10.912526629340528
11,25,11.955579013565451
11,26,14.101781738945096
11,27,11.540448245887324
11,28,9.411824541457074
11,29,12.985340594023581
11,30,13.663563871955763
11,31,11.077626064900922
11,32,12.879905908647435
11,33,16.190366559063254
11,34,16.403640487588884
11,35,14.310783513136046
11,36,16.945299506310256
11,37,15.710680552763392
11,38,12.029743790093658
11,39,13.020962681991293
11,40,15.234411619557353
11,41,12.955656590811166
11,42,10.33556345079003
11,43,13.603511234824895
11,44,14.955020920596334
11,45,11.99135001845655
11,46,12.404792739839774
11,47,16.133464003937867
11,48,16.218694751437567
11,49,14.171209221143286
11,50,16.650942085067374
11,51,19.632795947112346
11,52,18.902482277683752
11,53,18.85603881248291
12,1,17.444458905920293
12,2,14.751666790593308
12,3,14.670051871165029
12,4,12.46005803050251
12,5,10.93296022850323
12,6,10.194659363907418
12,7,8.752106569013604
12,8,6.280339299737992
12,9,5.3412047011634245
12,10,5.610941037090386
12,11,3.8014092205454104
12,13,3.805384398175494
12,14,5.4334598566680645
12,15,5.3130977634996
12,16,6.452136208611945
12,17,10.064752653795676
12,18,12.19245128339369
12,19,11.585317262907337
12,20,14.290571124034981
12,21,14.172354126143185
12,22,15.839223652470473
12,23,13.376742368165672
12,24,10.235698419324564
12,25,12.296702087932571
12,26,13.819306528917647
12,27,10.829533335434336
12,28,9.972226724137098
12,29,13.723944858731011
12,30,13.658707863228793
12,31,11.527328869941798
12,32,14.217220161127525
12,33,16.966902666672837
12,34,16.775224185645133
12,35,14.87078082882249
12,36,16.860654978944112
12,37,14.96347276476993
12,38,11.374358030860535
12,39,11.383218060294682
12,40,13.217713307453218
12,41,11.205768893675774
12,42,7.949915560679613
12,43,10.629263386262922
12,44,12.130483973158297
12,45,9.215350200736065
12,46,8.886692255789256
12,47,12.677011227953008
12,48,13.158756013591372
12,49,11.019273965016152
12,50,13.125927784482101
12,51,16.291185215321033
12,52,15.947361708469371
12,53,15.777291360794374
13,1,17.537522241566204
13,2,15.268535793207157
13,3,15.996863606502885
13,4,14.573831129830888
13,5,12.867352717147368
13,6,11.111690095773762
13,7,10.131405295010671
13,8,8.74237750444389
13,9,6.365920085643957
13,10,5.412420557258938
13,11,5.537799840296679
13,12,3.805384398175494
13,14,3.7998745710172006
13,15,5.382054834514528
13,16,5.349863091170289
13,17,8.984889193081191
13,18,10.279095095096173
13,19,8.676923411208348
13,20,11.089460593482219
13,21,10.810555563857921
13,22,12.125213839524289
13,23,9.617905943891625
13,24,6.511931855309174
13,25,8.74286042350142
13,26,10.153257157278404
13,27,7.4178627842078475
13,28,7.040980857902534
13,29,10.784230159906567
13,30,10.983922439281065
13,31,9.721697166806866
13,32,12.42297428704748
13,33,14.842807564045092
13,34,15.224331189776292
13,35,14.150886484577867
13,36,16.357248972755034
13,37,13.993283834534054
13,38,10.881440782319014
13,39,11.500658366564316
13,40,12.38474162076402
13,41,9.515059831724674
13,42,7.074030434465075
13,43,9.972497453487222
13,44,10.28371683268812
13,45,6.844588725359169
13,46,7.879068302154983
13,47,11.292894525604153
13,48,10.837516078754941
13,49,9.118319076776974
13,50,12.071081487632966
13,51,14.60501948252931
13,52,13.936947901098298
13,53,14.569195202424362
14,1,17.08147872987532
14,2,15.41444592681584
14,3,16.582347042679114
14,4,15.13390531415421
14,5,14.355656200880233
14,6,12.400888537232543
14,7,10.376852862626322
14,8,9.77309565238476
14,9,8.512791915447716
14,10,5.970563237973429
14,11,4.975539178465028
14,12,5.4334598566680645
14,13,3.7998745710172006
14,15,3.81062634730875
14,16,5.85765167541049
14,17,8.624935957402984
14,18,10.744385943505634
14,19,9.19662473658571
14,20,10.662338134792137
14,21,9.588853299909141
14,22,11.794877382275242
14,23,10.384392666675177
14,24,6.653495989625658
14,25,8.30460175501206
14,26,10.990451341718034
14,27,9.308790453042867
14,28,7.8057759909106315
14,29,11.41947036896157
14,30,12.775762504184996
14,31,11.496833437590805
14,32,13.269621478195653
14,33,16.173484180402493
14,34,17.197625304980843
14,35,16.142984095950005
14,36,18.89006382099033
14,37,16.925215214803202
14,38,13.75079753132764
14,39,14.878413962505325
14,40,15.979319882433572
14,41,12.923888507026021
14,42,10.779246240801331
14,43,13.771897983216405
14,44,13.875611169087314
14,45,10.261550390249091
14,46,11.28024327497153
14,47,14.557317642932873
14,48,13.543701209774918
14,49,11.325078544824901
14,50,14.450893271318957
14,51,16.8772882447159
14,52,15.424121279237228
14,53,15.776645563910849
15,1,20.106077861184914
15,2,18.14974057720323
15,3,18.719873445709197
15,4,16.5986041863503
15,5,15.779401628831389
15,6,14.615459847812513
15,7,12.42253009826969
15,8,10.827106913017655
15,9,10.180980612986401
15,10,8.694951054400894
15,11,6.23583722855213
15,12,5.3130977634996
15,13,5.382054834514528
15,14,3.81062634730875
15,16,3.8202442817992726
15,17,6.127562075139255
15,18,9.190248054342428
15,19,9.083352524497421
15,20,11.197152348467208
15,21,11.194366023151334
15,22,13.913105889311677
15,23,12.271256732035095
15,24,8.961292002104916
15,25,11.49828388758454
15,26,13.976151576199433
15,27,12.148288295405669
15,28,11.334565425308579
15,29,15.01591102269513
15,30,15.99183727229912
15,31,14.673368107406496
15,32,16.81818573777656
15,33,19.64047363209453
15,34,20.31074174122352
15,35,18.990953848613703
15,36,21.373217790338725
15,37,19.243891602500266
15,38,15.914173155668438
15,39,16.224891308205365
15,40,17.401286771099468
15,41,14.790379545155448
15,42,11.956311600037084
15,43,14.265254596206898
15,44,14.683816648515041
15,45,11.058705618487334
15,46,10.821209186099027
15,47,14.115913818994581
15,48,13.4317087557505
15,49,10.398366388806608
15,50,12.88879495400503
15,51,15.73318629313927
15,52,14.192648013958783
15,53,13.662111854120722
16,1,22.416780661937494
16,2,20.256321789266146
16,3,20.77444043028816
16,4,18.808653906630916
16,5,17.280563703277533
16,6,16.097085363327263
16,7,14.66172371821269
16,8,12.694765009761404
16,9,11.113300428499764
16,10,10.365963477361683
16,11,8.860309726488753
16,12,6.452136208611945
16,13,5.349863091170289
16,14,5.85765167541049
16,15,3.8202442817992726
16,17,3.7896396477813736
16,18,5.892241445796124
16,19,6.175849354328553
16,20,9.185165659608924
16,21,10.341313925749999
16,22,12.64125949076893
16,23,10.360696939634119
16,24,7.909448217952691
16,25,11.31509899658923
16,26,13.013968484163934
16,27,11.155539268915353
16,28,11.592457078371766
16,29,15.111327805151307
16,30,15.548916638161229
16,31,14.897040281010366
16,32,17.548703241265866
16,33,19.784106498905228
16,34,20.304236351151015
16,35,19.401342824278842
16,36,21.338395603370707
16,37,18.657975671268893
16,38,15.721169921741048
16,39,15.531931852563106
16,40,15.971035701540576
16,41,13.43404717426556
16,42,10.70090338779413
16,43,12.22024744834365
16,44,12.102862073219192
16,45,8.504318266664594
16,46,7.925552122051433
16,47,10.771413915445908
16,48,9.879976559366382
16,49,6.6298099370517685
16,50,9.194349850200442
16,51,11.917118672853274
16,52,10.473597112694549
16,53,10.156910402720055
17,1,25.660949986405523
17,2,23.72793545564349
17,3,24.367521058100433
17,4,22.326013072817116
17,5,20.977328833003785
17,6,19.806784689910543
17,7,18.15861320697285
17,8,16.268983294567597
17,9,14.883459859367663
17,10,13.882352757109134
17,11,12.132529561137712
17,12,10.064752653795676
17,13,8.984889193081191
17,14,8.624935957402984
17,15,6.127562075139255
17,16,3.7896396477813736
17,18,3.8091476857304993
17,19,5.884607637182645
17,20,8.332084966863716
17,21,10.293568558951462
17,22,13.083661367391896
17,23,11.407956290231985
17,24,9.629520659303124
17,25,13.133561702480385
17,26,14.99464763384489
17,27,13.869441307209655
17,28,14.532382364313811
17,29,17.793571466008114
17,30,18.541002589964695
17,31,18.297139345963927
17,32,20.765918270589157
17,33,22.897748349780343
17,34,23.69058942811263
17,35,23.02526840403761
17,36,24.979131506646514
17,37,22.165443081320813
17,38,19.390631248477135
17,39,19.118827566460563
17,40,19.25165529450233
17,41,16.704902214091163
17,42,14.17784580372068
17,43,15.223461210704048
17,44,14.638992705491813
17,45,11.191489546897223
17,46,10.375607944375862
17,47,12.353547913672118
17,48,10.880940447768994
17,49,7.276332653335847
17,50,9.322892970220297
17,51,11.509329731985073
17,52,9.129541493160733
17,53,8.153944286079401
18,1,27.378476973040055
18,2,25.446473783763693
18,3,26.244939251717184
18,4,24.52279358378836
18,5,22.744489781126074
18,6,21.340712737194902
18,7,20.235644116374594
18,8,18.406153679013944
18,9,16.34587955299285
18,10,15.568120313663224
18,11,14.605532661385576
18,12,12.19245128339369
18,13,10.279095095096173
18,14,10.744385943505634
18,15,9.190248054342428
18,16,5.892241445796124
18,17,3.8091476857304993
18,19,3.7940811972953514
18,20,6.5496405318279125
18,21,9.634692618511263
18,22,11.656885606279024
18,23,9.716063079042023
18,24,9.2617770928776
18,25,12.952979415654577
18,26,14.021133769687445
18,27,13.279194617475188
18,28,14.86431828573934
18,29,17.672432840034638
18,30,18.11314323255882
18,31,18.585676442411017
18,32,21.204222145436926
18,33,22.75957091538305
18,34,23.594136055816918
18,35,23.45145987691104
18,36,25.12016456225884
18,37,21.94150986518375
18,38,19.692663514880238
18,39,19.30362465363916
18,40,18.680965965577368
18,41,16.13433241149387
18,42,14.186393193408916
18,43,14.613283907700657
18,44,13.200210617201172
18,45,10.13953474577203
18,46,9.641650246268137
18,47,10.503118179835553
18,48,8.256733847870787
18,49,5.1029682603192015
18,50,7.319650569116308
18,51,8.451918723878771
18,52,5.569948559426
18,53,5.696453601738287
19,1,24.935820223450733
19,2,23.252288978233274
19,3,24.466448386140062
19,4,23.237721871153386
19,5,21.442731458827897
19,6,19.512387653353993
19,7,18.640809875307855
19,8,17.3729024032402
19,9,14.860680622906434
19,10,13.66635490119399
19,11,13.537355973347747
19,12,11.585317262907337
19,13,8.676923411208348
19,14,9.19662473658571
19,15,9.083352524497421
19,16,6.175849354328553
19,17,5.884607637182645
19,18,3.7940811972953514
19,20,3.789213210979428
19,21,6.520636348245774
19,22,8.04992644714729
19,23,5.955446089661918
19,24,5.785558838041362
19,25,9.393996326718844
19,26,10.304528572104843
19,27,9.99384747261584
19,28,11.734265340305614
19,29,14.199949511062774
19,30,14.84859712840767
19,31,15.725031501646903
19,32,18.102323180676564
19,33,19.46790876131412
19,34,20.62906116630097
19,35,20.870658809647423
19,36,22.743063448944785
19,37,19.584367087516487
19,38,17.584954678935862
19,39,17.7928065952593
19,40,16.95321763632673
19,41,13.927415192700593
19,42,12.635601731320337
19,43,13.607781649538238
19,44,11.679323150261414
19,45,8.3991096345655
19,46,9.374674964587612
19,47,10.388263630259125
19,48,7.4645001190372575
19,49,5.50733482118174
19,50,8.980250668307882
19,51,9.647780589062451
19,52,7.161949802291124
19,53,8.850968714651813
20,1,25.583316586722635
20,2,24.42592129088655
20,3,26.134880343689748
20,4,25.24074087654259
20,5,23.75575318188168
20,6,21.41446712316213
20,7,20.376620833568538
20,8,19.705817741517194
20,9,17.229701934454276
20,10,15.358197886488073
20,11,15.491077758997784
20,12,14.290571124034981
20,13,11.089460593482219
20,14,10.662338134792137
20,15,11.197152348467208
20,16,9.185165659608924
20,17,8.332084966863716
20,18,6.5496405318279125
20,19,3.789213210979428
20,21,3.807008987224132
20,22,5.61510181615417
20,23,5.494512704914996
20,24,6.115214183075253
20,25,8.667166732261897
20,26,9.929053975808767
20,27,10.973272759007004
20,28,12.39735400662704
20,29,14.185366000562864
20,30,15.573628698345352
20,31,16.929751479128402
20,32,18.66205290494309
20,33,19.9072678217081
20,34,21.69117681766587
20,35,22.362993235994058
20,36,24.55433957231772
20,37,21.527198742289617
20,38,19.759075905830233
20,39,20.518188720573722
20,40,19.554417396421485
20,41,16.212011710985557
20,42,15.482877591391658
20,43,16.769797293102783
20,44,14.481702180053107
20,45,11.355164494052554
20,46,12.957694336962266
20,47,13.736098291148755
20,48,10.396512597318921
20,49,9.134579150791318
20,50,12.463902781139891
20,51,12.429656726040433
20,52,9.457899646689725
20,53,11.443523807440146
21,1,22.92957139552105
21,2,22.226599706829912
21,3,24.354921775300376
21,4,23.816166601357217
21,5,22.72244032063899
21,6,20.006962142457876
21,7,18.79182958669847
21,8,18.810046924141144
21,9,16.478463609259222
21,10,13.937268851706744
21,11,14.452075694531874
21,12,14.172354126143185
21,13,10.810555563857921
21,14,9.588853299909141
21,15,11.194366023151334
21,16,10.341313925749999
21,17,10.293568558951462
21,18,9.634692618511263
21,19,6.520636348245774
21,20,3.807008987224132
21,22,3.8142473811904476
21,23,5.44502494267158
21,24,5.001112141493602
21,25,6.013500747307644
21,26,8.263338399988603
21,27,9.97669344329769
21,28,10.455449003895785
21,29,11.879673998587092
21,30,14.065803491485172
21,31,15.357879989323083
21,32,16.416785069724007
21,33,17.8902984044221
21,34,20.146506227234624
21,35,20.90163520444578
21,36,23.53267573000532
21,37,20.889981337839632
21,38,19.082081672629815
21,39,20.51345309117974
21,40,19.869199196186543
21,41,16.22595906504385
21,42,15.788899430552144
21,43,17.80833567953254
21,44,15.72823251166399
21,45,12.47103841987096
21,46,14.679761928429352
21,47,16.028063753121366
21,48,12.920920713134473
21,49,11.825130602036085
21,50,15.452969198618753
21,51,15.779231173199438
21,52,13.093173967892506
21,53,14.965742961791857
22,1,23.096795648685845
22,2,22.47290165235099
22,3,24.785116320379206
22,4,24.72110589787166
22,5,23.300871688265595
22,6,20.329451206804443
22,7,19.762274912286106
22,8,19.99472274289515
22,9,17.158529416476366
22,10,14.900325401613728
22,11,16.26606574182983
22,12,15.839223652470473
22,13,12.125213839524289
22,14,11.794877382275242
22,15,13.913105889311677
22,16,12.64125949076893
22,17,13.083661367391896
22,18,11.656885606279024
22,19,8.04992644714729
22,20,5.61510181615417
22,21,3.8142473811904476
22,23,3.8014611023881333
22,24,5.614362216139155
22,25,5.4352967265445775
22,26,5.950554142235179
22,27,8.720369089772603
22,28,10.001402429252854
22,29,10.349837483372502
22,30,12.2760499649179
22,31,14.426230364991182
22,32,15.349380427652115
22,33,16.04438888821372
22,34,18.466451074049502
22,35,19.86830656319672
22,36,22.275227807453813
22,37,19.519272152137827
22,38,18.37740307071597
22,39,20.005498225880004
22,40,18.800008319607006
22,41,15.138769057647337
22,42,15.590339782803786
22,43,17.398502087551588
22,44,14.780900090044076
22,45,12.165156217617174
22,46,15.046502186944894
22,47,15.82827556471551
22,48,12.536892920768379
22,49,12.587487639242012
22,50,16.210116040400653
22,51,15.946622762082242
22,52,13.768475115568444
22,53,16.40305911343337
23,1,22.48344711898859
23,2,21.263449170332752
23,3,23.12519913641137
23,4,22.836487636609753
23,5,20.96877505343263
23,6,18.274226341134238
23,7,18.063918129563174
23,8,17.768293049172094
23,9,14.637426293363632
23,10,13.06114282584998
23,11,14.499149149540601
23,12,13.376742368165672
23,13,9.617905943891625
23,14,10.384392666675177
23,15,12.271256732035095
23,16,10.360696939634119
23,17,11.407956290231985
23,18,9.716063079042023
23,19,5.955446089661918
23,20,5.494512704914996
23,21,5.44502494267158
23,22,3.8014611023881333
23,24,3.801088685335887
23,25,5.440347471864804
23,26,4.863711148795547
23,27,6.1874105608525705
23,28,8.527678598854134
23,29,9.615744202367452
23,30,10.485946697316596
23,31,12.483019216059297
23,32,14.271883525394605
23,33,14.912224555623615
23,34,16.665260345992785
23,35,17.81611124137884
23,36,19.8422345453809
23,37,16.77519729132062
23,38,15.579556002101134
23,39,16.75748674921209
23,40,15.394082753327655
23,41,11.856060652016586
23,42,12.177152056609692
23,43,13.691957233497146
23,44,11.025073633197835
23,45,8.431783735911448
23,46,11.39757108498489
23,47,12.121974331602509
23,48,9.002833087197804
23,49,9.368882627652862
23,50,13.00055637423115
23,51,12.952397758240298
23,52,11.375889228961608
23,53,14.114128876912325
24,1,19.771785255433613
24,2,18.483536687523728
24,3,20.274754339837813
24,4,19.72902687716419
24,5,18.207771185443292
24,6,15.566137827523745
24,7,14.83163981459175
24,8,14.600151497454114
24,9,11.846974535094613
24,10,9.788391010842723
24,11,10.912526629340528
24,12,10.235698419324564
24,13,6.511931855309174
24,14,6.653495989625658
24,15,8.961292002104916
24,16,7.909448217952691
24,17,9.629520659303124
24,18,9.2617770928776
24,19,5.785558838041362
24,20,6.115214183075253
24,21,5.001112141493602
24,22,5.614362216139155
24,23,3.801088685335887
24,25,3.7978731893910522
24,26,5.51827058355031
24,27,5.494243815992691
24,28,6.323813495554592
24,29,8.645284514574652
24,30,10.034953173956099
24,31,10.916743732853266
24,32,12.697587644237837
24,33,14.28039099442463
24,34,15.952806406223715
24,35,16.38778666177763
24,36,18.834746709289025
24,37,16.121427424397133
24,38,14.156797072878847
24,39,15.517764578455733
24,40,15.029009697269537
24,41,11.384801691684968
24,42,10.86735322875821
24,43,13.175057736612908
24,44,11.4611937411064
24,45,8.10415865546025
24,46,10.722917250444176
24,47,12.600809098034658
24,48,10.184469786324026
24,49,9.38483133734499
24,50,13.171395173690264
24,51,14.16226559640434
24,52,12.50918572919755
24,53,14.399764032346651
25,1,17.72545305103057
25,2,17.051585000379816
25,3,19.446611537500225
25,4,19.560491118483736
25,5,18.376998990878185
25,6,15.216093107218486
25,7,14.60829296579661
25,8,15.325350275982547
25,9,12.645909237110843
25,10,10.001297178654024
25,11,11.955579013565451
25,12,12.296702087932571
25,13,8.74286042350142
25,14,8.30460175501206
25,15,11.49828388758454
25,16,11.31509899658923
25,17,13.133561702480385
25,18,12.952979415654577
25,19,9.393996326718844
25,20,8.667166732261897
25,21,6.013500747307644
25,22,5.4352967265445775
25,23,5.440347471864804
25,24,3.7978731893910522
25,26,3.813831637778785
25,27,5.407495578301697
25,28,4.9174143254648275
25,29,5.91229410844523
25,30,8.484368504695562
25,31,9.735190597434888
25,32,10.442556480501208
25,33,11.963908953242148
25,34,14.361373459538926
25,35,15.240243291515885
25,36,18.09511744591662
25,37,15.834211797155161
25,38,14.224884942582941
25,39,16.414599390871892
25,40,16.0050417739428
25,41,12.20927759034097
25,42,12.510391517736299
25,43,15.26130891641974
25,44,13.558341936293793
25,45,10.705605239782068
25,46,13.80982401572163
25,47,15.665251418147182
25,48,13.32406444511566
25,49,13.040998766486855
25,50,16.810098543850692
25,51,17.6139712132721
25,52,16.039125451354682
25,53,18.132387389314342
26,1,18.855091195230372
26,2,17.96290448326028
26,3,20.238356426346968
26,4,20.680666469207324
26,5,18.9308968036167
26,6,15.75506407152409
26,7,16.037520623383557
26,8,16.584101409593778
26,9,13.33390423755473
26,10,11.555387716534417
26,11,14.101781738945096
26,12,13.819306528917647
26,13,10.153257157278404
26,14,10.990451341718034
26,15,13.976151576199433
26,16,13.013968484163934
26,17,14.99464763384489
26,18,14.021133769687445
26,19,10.304528572104843
26,20,9.929053975808767
26,21,8.263338399988603
26,22,5.950554142235179
26,23,4.863711148795547
26,24,5.51827058355031
26,25,3.813831637778785
26,27,3.8013278165228948
26,28,5.525641941230715
26,29,5.053690220258715
26,30,6.346266357565503
26,31,8.904536531279092
26,32,9.981685036113477
26,33,10.295790512125674
26,34,12.535964651011128
26,35,14.145128239245814
26,36,16.473249312845265
26,37,13.866984551039396
26,38,13.09549665678526
26,39,15.218744397526832
26,40,14.040464650376267
26,41,10.323912250676392
26,42,11.656489572483979
26,43,13.907129419608673
26,44,11.633993646569802
26,45,9.664762478660373
26,46,13.28587882124868
26,47,14.449140830089892
26,48,12.123738582005206
26,49,12.942417444547761
26,50,16.515015578350802
26,51,16.810796076157658
26,52,15.843444559593387
26,53,18.498564746465718
27,1,17.456639043300846
27,2,15.871678881201133
27,3,17.608482460938077
27,4,17.7513405974227
27,5,15.638122953639717
27,6,12.739562916542216
27,7,13.319744312881793
27,8,13.39272630521845
27,9,9.903645637916341
27,10,8.836951238934772
27,11,11.540448245887324
27,12,10.829533335434336
27,13,7.4178627842078475
27,14,9.308790453042867
27,15,12.148288295405669
27,16,11.155539268915353
27,17,13.869441307209655
27,18,13.279194617475188
27,19,9.99384747261584
27,20,10.973272759007004
27,21,9.97669344329769
27,22,8.720369089772603
27,23,6.1874105608525705
27,24,5.494243815992691
27,25,5.407495578301697
27,26,3.8013278165228948
27,28,3.807452117416728
27,29,5.240847759866341
27,30,4.859803173386365
27,31,6.382380393086594
27,32,8.746829459457121
27,33,9.542005584318584
27,34,10.767295582231998
27,35,11.636639050805348
27,36,13.769552518821685
27,37,10.958690066127035
27,38,9.679087071077674
27,39,11.552863923171117
27,40,10.683371677062429
27,41,6.887002203627238
27,42,7.906857372347982
27,43,10.457660308423554
27,44,8.795177781298735
27,45,6.759884803878733
27,46,10.35974684309061
27,47,12.043773945478243
27,48,10.561441906676034
27,49,11.250868843302047
27,50,14.608542228894914
27,51,15.549699434943282
27,52,15.171102292775661
27,53,17.44277964902404
28,1,14.06506500110384
28,2,12.785801271391046
28,3,14.923660279036303
28,4,15.234273912443177
28,5,13.785662431803637
28,6,10.514092465906794
28,7,10.537646038802004
28,8,11.441460678140423
28,9,8.527625950538356
28,10,6.318668536879403
28,11,9.411824541457074
28,12,9.972226724137098
28,13,7.040980857902534
28,14,7.8057759909106315
28,15,11.334565425308579
28,16,11.592457078371766
28,17,14.532382364313811
28,18,14.86431828573934
28,19,11.734265340305614
28,20,12.39735400662704
28,21,10.455449003895785
28,22,10.001402429252854
28,23,8.527678598854134
28,24,6.323813495554592
28,25,4.9174143254648275
28,26,5.525641941230715
28,27,3.807452117416728
28,29,3.8036558528016178
28,30,5.276732938192889
28,31,5.046032880695288
28,32,6.451527854918611
28,33,8.633814753747503
28,34,10.305911600596605
28,35,10.537363105241425
28,36,13.517096087936691
28,37,11.581666710604969
28,38,9.6274642858113
28,39,12.230351847953482
28,40,12.455810923634013
28,41,8.851644283349364
28,42,9.220432015239087
28,43,12.573665068321919
28,44,11.82948838983306
28,45,9.449514063844378
28,46,12.520864323603531
28,47,14.938029240535299
28,48,13.716836197142518
28,49,13.62155356383804
28,50,17.0571842774936
28,51,18.503549940338484
28,52,17.7931396724665
28,53,19.59437444308694
29,1,14.14576162488682
29,2,13.550888968013924
29,3,16.20670953754793
29,4,17.320060649994478
29,5,15.944940641038288
29,6,12.393271779511462
29,7,12.997747236000876
29,8,14.493351093483383
29,9,11.598072849382778
29,10,9.627089126563087
29,11,12.985340594023581
29,12,13.723944858731011
29,13,10.784230159906567
29,14,11.41947036896157
29,15,15.01591102269513
29,16,15.111327805151307
29,17,17.793571466008114
29,18,17.672432840034638
29,19,14.199949511062774
29,20,14.185366000562864
29,21,11.879673998587092
29,22,10.349837483372502
29,23,9.615744202367452
29,24,8.645284514574652
29,25,5.91229410844523
29,26,5.053690220258715
29,27,5.240847759866341
29,28,3.8036558528016178
29,30,3.8168088872815376
29,31,5.43817698197791
29,32,5.116946202165139
29,33,6.078471658660521
29,34,8.846154474337531
29,35,10.309093742181593
29,36,13.286610441578429
29,37,11.658483056315406
29,38,10.837933835710576
29,39,13.9334290842275
29,40,13.624562696235747
29,41,10.16611531943202
29,42,11.734002371480107
29,43,14.762053360436237
29,44,13.535784439524742
29,45,11.884775931458666
29,46,15.363708344403896
29,47,17.220442141513686
29,48,15.752893270368983
29,49,16.3337099691968
29,50,19.78722895500695
29,51,20.71116762931986
29,52,20.06364518706234
29,53,22.324567373090073
30,1,15.108428956232878
30,2,13.779353070683529
30,3,15.805547155365874
30,4,16.936412258624685
30,5,14.83261167422469
30,6,11.592629634263941
30,7,13.172896415966353
30,8,14.113439091609985
30,9,10.765833187273742
30,10,10.093436632850668
30,11,13.663563871955763
30,12,13.658707863228793
30,13,10.983922439281065
30,14,12.775762504184996
30,15,15.99183727229912
30,16,15.548916638161229
30,17,18.541002589964695
30,18,18.11314323255882
30,19,14.84859712840767
30,20,15.573628698345352
30,21,14.065803491485172
30,22,12.2760499649179
30,23,10.485946697316596
30,24,10.034953173956099
30,25,8.484368504695562
30,26,6.346266357565503
30,27,4.859803173386365
30,28,5.276732938192889
30,29,3.8168088872815376
30,31,3.7977291934341157
30,32,5.294726676293368
30,33,4.823916695263784
30,34,6.229148176043422
30,35,8.056835419680151
30,36,10.292105680126655
30,37,8.163906674884771
30,38,8.046976596984548
30,39,11.003423412972062
30,40,10.232934532340124
30,41,7.080092295108334
30,42,9.52504078471031
30,43,12.153530765978664
30,44,11.038529613541721
30,45,10.351172604362148
30,46,13.843987417778683
30,47,15.383923440361238
30,48,14.515953015352428
30,49,15.705775479098854
30,50,18.758324115504823
30,51,19.6496054720187
30,52,19.71472226864113
30,53,22.072989736371174
31,1,12.212600793501517
31,2,10.33814106751436
31,3,12.096573638585939
31,4,13.144477404412413
31,5,11.129430505794156
31,6,7.803873338640346
31,7,9.573004039132776
31,8,10.718588872990347
31,9,7.689399629110137
31,10,7.308943377861474
31,11,11.077626064900922
31,12,11.527328869941798
31,13,9.721697166806866
31,14,11.496833437590805
31,15,14.673368107406496
31,16,14.897040281010366
31,17,18.297139345963927
31,18,18.585676442411017
31,19,15.725031501646903
31,20,16.929751479128402
31,21,15.357879989323083
31,22,14.426230364991182
31,23,12.483019216059297
31,24,10.916743732853266
31,25,9.735190597434888
31,26,8.904536531279092
31,27,6.382380393086594
31,28,5.046032880695288
31,29,5.43817698197791
31,30,3.7977291934341157
31,32,3.789285629329551
31,33,5.5130402630716935
31,34,5.701176263793314
31,35,5.545302447943409
31,36,8.529482458589332
31,37,7.132033705925976
31,38,5.626534985279606
31,39,9.091518477640514
31,40,9.686350782068255
31,41,6.95113779054275
31,42,8.347504286757584
31,43,11.633994062855388
31,44,11.709622793340152
31,45,10.722424859430625
31,46,13.59834827527086
31,47,15.886789012309222
31,48,15.657105979080928
31,49,16.20387625236181
31,50,19.094781680688378
31,51,20.66973058142844
31,52,20.809427407307968
31,53,22.61632747596474
32,1,9.961455045417429
32,2,9.21139748815151
32,3,11.945188918665652
32,4,13.829445406998516
32,5,12.685891165287991
32,6,9.040945528056964
32,7,10.455167333862477
32,8,12.69405970216353
32,9,10.415972441035585
32,10,9.120893469353707
32,11,12.879905908647435
32,12,14.217220161127525
32,13,12.42297428704748
32,14,13.269621478195653
32,15,16.81818573777656
32,16,17.548703241265866
32,17,20.765918270589157
32,18,21.204222145436926
32,19,18.102323180676564
32,20,18.66205290494309
32,21,16.416785069724007
32,22,15.349380427652115
32,23,14.271883525394605
32,24,12.697587644237837
32,25,10.442556480501208
32,26,9.981685036113477
32,27,8.746829459457121
32,28,6.451527854918611
32,29,5.116946202165139
32,30,5.294726676293368
32,31,3.789285629329551
32,33,3.8237978153438017
32,34,5.7247495660578425
32,35,6.241399842168622
32,36,9.813927419291886
32,37,9.594604939434305
32,38,8.752066641492824
32,39,12.477726719644028
32,40,13.166284835444598
32,41,10.599705218962093
32,42,12.114561673884968
32,43,15.417327572358452
32,44,15.30574143950852
32,45,14.189769215944423
32,46,17.202501350323473
32,47,19.47814202415688
32,48,18.902467889989385
32,49,19.379449924853745
