1,2,3.8136705779971543
1,3,5.218439442534008
1,4,5.686304889986251
1,5,7.468890406535069
1,6,9.36479869220811
1,7,10.686970197576697
1,8,11.609288337363575
1,9,13.458192138261913
1,10,15.044550028493546
1,11,16.389048991940157
1,12,17.70430182947028
1,13,19.518111214490663
1,14,21.33193557769556
1,15,22.846760533345734
1,16,24.047676886566496
1,17,25.919890656410796
1,18,27.475125249206712
1,19,28.05090858253986
1,20,29.90399837426139
1,21,31.941743092643808
1,22,32.92790973492573
1,23,34.07529901130676
1,24,36.43927238565689
1,25,37.63163594202082
1,26,38.06817681887803
1,27,39.99231115266658
1,28,45.061347631584
1,29,42.38532869680223
1,30,41.331918221265376
1,31,40.96419186476236
1,32,38.82921295626886
1,33,36.31400806947574
1,34,35.95363240694776
1,35,35.23981413912758
1,36,32.41744225782854
1,37,30.947787019403297
1,38,31.01610989484395
1,39,29.487944178311672
1,40,26.44084139090747
1,41,25.756117702456045
1,42,26.289823268766195
1,43,23.68405695911604
1,44,21.047307338584947
1,45,22.041692042700717
1,46,22.125911918055237
1,47,18.607623139168386
1,48,17.339993965550608
1,49,19.393619926063646
1,50,18.17759374018421
1,51,14.50062456157128
1,52,15.612548161855164
1,53,17.66742748610773
1,54,15.031970992097433
1,55,12.89275403507415
1,56,16.116372991571467
1,57,16.937687579318258
1,58,13.99951047084773
1,59,15.269426313554836
1,60,13.04313632456842
1,61,14.341361855259644
1,62,15.556911045656637
1,63,13.816597953305946
1,64,10.437663075175745
1,65,12.147445726062562
1,66,13.306241236387624
1,67,10.282941965230451
1,68,8.845866982168674
1,69,12.443861338653793
1,70,13.178152401370504
1,71,10.44128732172476
1,72,11.941228742237426
1,73,15.414287633370087
1,74,15.420099011799032
1,75,14.813451276276448
1,76,17.286849013483923
1,77,19.63475129535281
1,78,19.298293295865367
1,79,20.304753569626413
1,80,23.257602291203426
1,81,24.391944281434334
1,82,24.281901132509276
1,83,26.105620292232103
1,84,28.506533521756673
1,85,29.50511191625618
1,86,30.556977981957495
1,87,32.899384737083544
1,88,34.529193609744254
1,89,35.15758624035756
1,90,37.29222446853297
1,91,38.81620520705841
2,1,3.8136705779971543
2,3,3.8613908900855205
2,4,5.318007967183875
2,5,5.264554173378801
2,6,6.408794165046857
2,7,8.83098882694649
2,8,10.067252966947365
2,9,10.931423470990245
2,10,12.47741978324797
2,11,14.534490179645
2,12,15.672715113444069
2,13,16.934075032341116
2,14,19.105068184631506
2,15,20.89959098997223
2,16,21.657484152166305
2,17,23.370374681956385
2,18,25.319162947249993
2,19,25.888310643026497
2,20,27.370824470051176
2,21,29.49266123743086
2,22,30.804575656791506
2,23,31.8044927262228
2,24,33.93875177067953
2,25,35.36981507825282
2,26,35.95631460311953
2,27,37.630438192682625
2,28,43.08968434993769
2,29,40.40487785482832
2,30,39.653347810524345
2,31,39.2631286891473
2,32,36.86428249285552
2,33,34.498533807339875
2,34,34.437808971356006
2,35,33.500844197606156
2,36,30.505379757136964
2,37,29.423210030848036
2,38,29.618583575345188
2,39,27.71964740095388
2,40,24.682009660336202
2,41,24.510353964777845
2,42,24.935595815451116
2,43,21.949850678983832
2,44,19.712019462088247
2,45,21.16508111889151
2,46,20.87033321078211
2,47,17.15146799987194
2,48,16.6394650730392
2,49,18.836176231221792
2,50,17.115461900331336
2,51,13.743245460503822
2,52,15.72752498558291
2,53,17.493919144370967
2,54,14.566426801798384
2,55,13.353465749334683
2,56,16.945013390144624
2,57,17.299617253530577
2,58,14.654899797697967
2,59,16.5114162644346
2,60,15.044903435273731
2,61,16.98188059344229
2,62,18.174919606362558
2,63,16.915396764881137
2,64,13.324813986205179
2,65,14.254470360714846
2,66,15.739160708111031
2,67,12.988879790225441
2,68,10.660889005192896
2,69,13.749395159906278
2,70,14.835905289274468
2,71,11.715672080866753
2,72,12.19316643856875
2,73,15.946547927768723
2,74,16.06668343823592
2,75,14.553590733949932
2,76,16.761180923038136
2,77,19.580957946988566
2,78,19.028639688066907
2,79,19.356009406015612
2,80,22.52436354645134
2,81,23.9180017216482
2,82,23.338405040486226
2,83,24.844858053516383
2,84,27.620309115707517
2,85,28.57766961487285
2,86,29.170591196099423
2,87,31.598971099733607
2,88,33.49939335244396
2,89,33.83872484689294
2,90,35.797461033085646
2,91,37.60126916090392
3,1,5.218439442534008
3,2,3.8613908900855205
3,4,3.828504374696547
3,5,5.529808911809177
3,6,5.273342088481597
3,7,6.29042374805059
3,8,8.57002851275195
3,9,10.060918462430697
3,10,10.626458740218963
3,11,12.308216647537138
3,12,14.268457874667535
3,13,15.531909825085178
3,14,17.03489272631344
3,15,19.095138051472098
3,16,20.372448683053396
3,17,21.730324996819714
3,18,23.441114477138264
3,19,24.492502762482722
3,20,26.125753951921553
3,21,27.835239716503253
3,22,29.10291587446883
3,23,30.52616354688808
3,24,32.606676941893355
3,25,33.69598166141944
3,26,34.51437289815725
3,27,36.42851338392626
3,28,40.624497717826074
3,29,38.1145573412968
3,30,37.2306899117522
3,31,36.607323077649944
3,32,34.37164818482648
3,33,32.10261962273701
3,34,31.732304355431474
3,35,30.701587280195447
3,36,27.93394763985163
3,37,26.724905980773933
3,38,26.583724620493843
3,39,24.77888706246599
3,40,21.91644422334459
3,41,21.446193625330878
3,42,21.639922116934482
3,43,18.848146867402118
3,44,16.54111096367696
3,45,17.633700542028592
3,46,17.31188337248249
3,47,13.687913158521413
3,48,12.946446082148402
3,49,15.015193917510109
3,50,13.433258480449899
3,51,9.952054542152194
3,52,11.906682825008012
3,53,13.831551277585499
3,54,11.171318366416015
3,55,9.949715450755903
3,56,13.653824566083046
3,57,14.345046036524977
3,58,12.224744504149392
3,59,14.688648452229952
3,60,13.364608234780595
3,61,15.293418805625246
3,62,15.921931593714605
3,63,15.079164365084036
3,64,11.495562284030013
3,65,11.513994143108642
3,66,13.066926582908525
3,67,10.817437222569856
3,68,7.7652354976981615
3,69,10.36482039897863
3,70,11.94198800872218
3,71,9.144842468408276
3,72,8.897255437892344
3,73,12.69857502163714
3,74,13.462646568764457
3,75,12.096678148654606
3,76,13.771020281835018
3,77,16.771443583685304
3,78,16.821477852807803
3,79,17.01015515140789
3,80,19.831764883368116
3,81,21.597783747991123
3,82,21.427612400634985
3,83,22.629484030215895
3,84,25.217899676643125
3,85,26.60178526031481
3,86,27.260796080544228
3,87,29.34755017320524
3,88,31.387905020614227
3,89,32.059844488454814
3,90,33.80994118737927
3,91,35.36200459576395
4,1,5.686304889986251
4,2,5.318007967183875
4,3,3.828504374696547
4,5,3.810692704697817
4,6,5.668429107681753
4,7,5.548548613729352
4,8,6.104708674255383
4,9,8.618650080952161
4,10,10.088907770232009
4,11,10.846611626060355
4,12,12.29694543581941
4,13,14.393138240911842
4,14,15.913379960193636
4,15,17.282703929076053
4,16,18.76972853989912
4,17,20.659274277702412
4,18,21.956761627490646
4,19,22.63185157359298
4,20,24.675936654332354
4,21,26.570014682114305
4,22,27.40243422876385
4,23,28.714932432737875
4,24,31.142794150349346
4,25,32.14832135918048
4,26,32.60331226774097
4,27,34.67893195093714
4,28,39.49661269186934
4,29,36.7817716697031
4,30,35.67007083376553
4,31,35.37448548759225
4,32,33.28244646659202
4,33,30.684393051158043
4,34,30.343267078055902
4,35,29.754654981011818
4,36,26.89503128422574
4,37,25.34269699995627
4,38,25.583185315911525
4,39,24.164390164567642
4,40,20.9724693130671
4,41,20.320764522827915
4,42,21.168188920502928
4,43,18.582844566297098
4,44,15.767380839510508
4,45,17.159153366997028
4,46,17.637535019753464
4,47,14.088038615699674
4,48,12.878942261830208
4,49,15.637357653915032
4,50,14.851631721012028
4,51,11.368137451653043
4,52,13.006658323102572
4,53,15.7066127923656
4,54,13.728749752100459
4,55,12.072198410211868
4,56,15.609035288906572
4,57,17.035051276508348
4,58,15.144912924107865
4,59,17.506082541773804
4,60,15.592361658708032
4,61,16.758942599248087
4,62,16.82568021449601
4,63,15.275763061661717
4,64,12.168862316109122
4,65,12.43173172680582
4,66,12.863036362500656
4,67,9.94516599639096
4,68,7.576710406678104
4,69,10.014914963966499
4,70,10.330279547672014
4,71,6.80924610941055
4,72,7.412352917627984
4,73,10.998613375405407
4,74,10.771522906332516
4,75,9.401334143637197
4,76,11.895170391476556
4,77,14.41729948199444
4,78,13.931927640250247
4,79,14.657953025177475
4,80,17.698913510040274
4,81,18.928809888756003
4,82,18.72408828834033
4,83,20.42927426389197
4,84,22.89344023917861
4,85,23.950076098937757
4,86,24.923777849601198
4,87,27.222153287957056
4,88,28.92250347900529
4,89,29.576736490455627
4,90,31.637388963010828
4,91,33.155309503064025
5,1,7.468890406535069
5,2,5.264554173378801
5,3,5.529808911809177
5,4,3.810692704697817
5,6,3.8401297379999333
5,7,5.553980659256454
5,8,5.226143180247025
5,9,6.14904395151859
5,10,8.570625053122406
5,11,10.138275085187997
5,12,10.668724798518529
5,13,12.390751176109262
5,14,14.709782884598559
5,15,16.02898265983577
5,16,16.79006706576669
5,17,18.878429831331072
5,18,20.60045052897772
5,19,20.890145941123055
5,20,22.594183084881934
5,21,24.854681579010393
5,22,25.917227141796754
5,23,26.82048366426738
5,24,29.152588818749607
5,25,30.552406428975747
5,26,30.930662941170368
5,27,32.680321641474286
5,28,38.71408433821755
5,29,35.847058492859496
5,30,35.04317220378542
5,31,34.93724926934352
5,32,32.542783956988586
5,33,29.959625976502416
5,34,30.095394888525426
5,35,29.452129628301133
5,36,26.283131711616843
5,37,25.114191523267245
5,38,25.763201595554612
5,39,24.025443814022744
5,40,20.685867691630616
5,41,20.701863721443125
5,42,21.706960632166243
5,43,18.705531902605518
5,44,16.27836132660746
5,45,18.383780388282382
5,46,18.645986171753872
5,47,14.926508059272974
5,48,14.57266800269934
5,49,17.561295412992887
5,50,16.373865978033102
5,51,13.312432144704504
5,52,15.670498930212881
5,53,18.07282497014427
5,54,15.842134137047829
5,55,14.906633973308894
5,56,18.61193756828623
5,57,19.593267299590778
5,58,17.718920962125356
5,59,20.195947869899797
5,60,18.643799130771846
5,61,20.167814961820543
5,62,20.488071534505732
5,63,18.99954466209351
5,64,15.779409325341692
5,65,16.05838051894988
5,66,16.65664495529392
5,67,13.736817548708979
5,68,11.32422659777752
5,69,13.50564949837554
5,70,13.771694446329777
5,71,10.08940870334939
5,72,10.11370590808188
5,73,13.578014052392419
5,74,12.966858376832304
5,75,10.619840850953707
5,76,13.113348041445487
5,77,15.821208781288412
5,78,14.63805697924273
5,79,14.772628084240498
5,80,18.22998879562204
5,81,19.364354043521505
5,82,18.39871265632031
5,83,20.04133090862087
5,84,22.950044212034477
5,85,23.623377589655597
5,86,24.150881342077195
5,87,26.77107653974345
5,88,28.571158690369295
5,89,28.737268687223125
5,90,30.80858956183755
5,91,32.72957564663769
6,1,9.36479869220811
6,2,6.408794165046857
6,3,5.273342088481597
6,4,5.668429107681753
6,5,3.8401297379999333
6,7,3.798097694309743
6,8,5.701541589028833
6,9,5.343276281034615
6,10,6.123250377878575
6,11,8.73177577653792
6,12,10.061828174844223
6,13,10.743888770623624
6,14,12.869920174707614
6,15,15.011286586263058
6,16,15.683377309235853
6,17,17.074855463128603
6,18,19.169246771966332
6,19,20.009938641380813
6,20,21.310086900649523
6,21,23.24123197406642
6,22,24.74836956753112
6,23,25.89930528599174
6,24,27.838439887446146
6,25,29.219234637870727
6,26,30.05375680481794
6,27,31.704341280387276
6,28,36.84844839709175
6,29,34.19080901822194
6,30,33.62473925481502
6,31,33.187332564025354
6,32,30.640013889870133
6,33,28.392572997365196
6,34,28.52385639060213
6,35,27.440798624419863
6,36,24.33607411527792
6,37,23.544563145525004
6,38,23.881514299601633
6,39,21.738811511999103
6,40,18.679010612999043
6,41,18.995618241288586
6,42,19.4635992279499
6,43,16.18746045316393
6,44,14.303675710585335
6,45,16.42138773315313
6,46,16.02845224122334
6,47,12.223461328529988
6,48,12.623714846181429
6,49,15.319293261079407
6,50,13.572870276964544
6,51,10.941763548678116
6,52,13.92980634704969
6,53,15.819876698174772
6,54,13.470958060518413
6,55,13.408911663126068
6,56,17.16857263480187
6,57,17.72363782326911
6,58,16.29888863905506
6,59,19.227482054528885
6,60,18.35941630858224
6,61,20.388222770270232
6,62,20.694676592093586
6,63,19.88870770709454
6,64,16.481691297012315
6,65,16.01246630889313
6,66,17.164539905048787
6,67,14.918569554110563
6,68,11.771554792538645
6,69,13.361315635617036
6,70,14.476765848868448
6,71,11.226992949287466
6,72,9.953954159261242
6,73,13.492293452706
6,74,13.775268125257623
6,75,11.048838896815536
6,76,12.501137417121148
6,77,15.816063098749913
6,78,15.185638808394463
6,79,14.460004975646774
6,80,17.669477237259905
6,81,19.490678515449943
6,82,18.522550771008184
6,83,19.43698055624177
6,84,22.52371705309628
6,85,23.622807020210104
6,86,23.71141295661674
6,87,26.03379759027102
6,88,28.278378244914663
6,89,28.484060254086515
6,90,30.125005375503633
6,91,32.07848053714535
7,1,10.686970197576697
7,2,8.83098882694649
7,3,6.29042374805059
7,4,5.548548613729352
7,5,5.553980659256454
7,6,3.798097694309743
7,8,3.8178971081434585
7,9,5.252567651364481
7,10,4.914023759339815
7,11,6.024525285967824
7,12,8.367263186869
7,13,9.679111788435591
7,14,10.818634772300358
7,15,12.865323083883549
7,16,14.388469573462084
7,17,15.684078733798756
7,18,17.18542207464781
7,19,18.383297988757477
7,20,20.14310500598124
7,21,21.69443878587779
7,22,22.861237280822564
7,23,24.440811452408454
7,24,26.54226194538962
7,25,27.473376387170692
7,26,28.339772931689282
7,27,30.364834144479417
7,28,34.470367495257726
7,29,31.877433406803064
7,30,31.00812664024735
7,31,30.501777255434583
7,32,28.226718309213883
7,33,25.870025274065515
7,34,25.64663306851423
7,35,24.725841386947167
7,36,21.814934229979816
7,37,20.630745794415148
7,38,20.804280750156877
7,39,19.006479952130746
7,40,15.900138779013728
7,41,15.720783835838066
7,42,16.346770004224524
7,43,13.395998574808488
7,44,11.005210569605968
7,45,12.975240082879944
7,46,13.094920918879408
7,47,9.393038279205742
7,48,9.258249022372864
7,49,12.354910041366152
7,50,11.33276510688271
7,51,8.72535702918483
7,52,11.473207495432419
7,53,13.926807793159862
7,54,12.381677024529058
7,55,12.113288778023579
7,56,15.668913747632038
7,57,16.894329671904874
7,58,16.057674017680565
7,59,19.243086948246937
7,60,18.19788351300436
7,61,19.796669993402897
7,62,19.416313563170625
7,63,18.658817590891655
7,64,15.633874514192936
7,65,14.579801982517868
7,66,15.196930591633382
7,67,13.269025199900153
7,68,10.097214827948354
7,69,10.781775630692817
7,70,11.669337289727888
7,71,8.682807754627294
7,72,6.660452504868138
7,73,9.925951554819402
7,74,10.413863240837479
7,75,7.63957247958965
7,76,8.75417408912279
7,77,12.148847697571387
7,78,11.926440386575475
7,79,11.240647164138018
7,80,14.210519765197677
7,81,16.20824087982896
7,82,15.700373015994387
7,83,16.547372446559017
7,84,19.363157866923483
7,85,20.781272201404075
7,86,21.149014376527767
7,87,23.210372656710568
7,88,25.41744442856081
7,89,26.002990207170306
7,90,27.60804057844542
7,91,29.253042173677823
8,1,11.609288337363575
8,2,10.067252966947365
8,3,8.57002851275195
8,4,6.104708674255383
8,5,5.226143180247025
8,6,5.701541589028833
8,7,3.8178971081434585
8,9,3.8297343804226656
8,10,5.692877777496562
8,11,5.458204053031521
8,12,6.220665411650635
8,13,8.77345682118193
8,14,10.342583838868338
8,15,11.288705051164406
8,16,12.761733826522295
8,17,14.898878027250461
8,18,16.037919299699034
8,19,16.53581386168795
8,20,18.688085814775658
8,21,20.651114577611555
8,22,21.367653252744287
8,23,22.618376559186505
8,24,25.11586796520374
8,25,26.126132442950908
8,26,26.507827269981544
8,27,28.588520155501783
8,28,33.95510390084428
8,29,31.070483393533355
8,30,30.058609997596974
8,31,30.01679854181559
8,32,27.80033890480067
8,33,25.06578505216701
8,34,25.074377441688824
8,35,24.66829374274693
8,36,21.549710388751176
8,37,20.1097539053893
8,38,20.916891391335135
8,39,19.491038610831826
8,40,15.985294948444833
8,41,15.854974241210664
8,42,17.322783170848787
8,43,14.5820441877339
8,44,11.83740325494663
8,45,14.308391056482046
8,46,15.229148198337924
8,47,11.833062607100477
8,48,11.41139222391478
8,49,14.954475354637552
8,50,14.566425813340405
8,51,12.083793327777904
8,52,14.402320254072034
8,53,17.262219540670948
8,54,15.998843527228507
8,55,15.318069104706314
8,56,18.770022036652197
8,57,20.3464842909148
8,58,19.355526988990277
8,59,22.319815977844094
8,60,20.82362338217133
8,61,21.990436557706307
8,62,21.434633580876298
8,63,20.086387782094956
8,64,17.355648243866145
8,65,16.755169830133056
8,66,16.644418512334454
8,67,14.178075628852506
8,68,11.739231989122953
8,69,12.50131003358068
8,70,12.21118871184734
8,71,8.777405458184216
8,72,7.740602807801471
8,73,10.35678519390472
8,74,9.42656370188973
8,75,6.166847917986105
8,76,8.479015438610999
8,77,11.14232322340739
8,78,9.784208953655664
8,79,9.5565990677493
8,80,13.06841636640474
8,81,14.266906367794816
8,82,13.324340045336363
8,83,14.868176722134349
8,84,17.732614069413334
8,85,18.545374886772187
8,86,19.135114656168255
8,87,21.631077935694844
8,88,23.448819919691058
8,89,23.80281681186627
8,90,25.81847771092828
8,91,27.594881083901655
9,1,13.458192138261913
9,2,10.931423470990245
9,3,10.060918462430697
9,4,8.618650080952161
9,5,6.14904395151859
9,6,5.343276281034615
9,7,5.252567651364481
9,8,3.8297343804226656
9,10,3.8214045767449374
9,11,5.4935566237065965
9,12,5.096573497981791
9,13,6.276424374837125
9,14,8.99671314917946
9,15,10.349052135758638
9,16,10.73548589858556
9,17,12.770094435396627
9,18,14.671663978298326
9,19,14.989501168497792
9,20,16.497064033474484
9,21,18.74421837105591
9,22,19.976489056483555
9,23,20.875329881331695
9,24,23.061236952659158
9,25,24.518707092041144
9,26,25.05062951663309
9,27,26.71203912131268
9,28,32.9540604846388
9,29,30.022795963787516
9,30,29.464550587688
9,31,29.452782724177517
9,32,26.847788813551848
9,33,24.318765734894722
9,34,24.839624037019494
9,35,24.14919234100781
9,36,20.754850575829703
9,37,19.959719986546286
9,38,21.022313056642396
9,39,19.06486222808225
9,40,15.610856939409862
9,41,16.384790051887574
9,42,17.675288520598304
9,43,14.433039072712152
9,44,12.522686154490378
9,45,15.555037702437682
9,46,15.877031778911531
9,47,12.431030684308643
9,48,13.134453550794284
9,49,16.49478862476003
9,50,15.48849332501534
9,51,13.548232709285635
9,52,16.50662190749887
9,53,18.829455712278467
9,54,17.258009589083553
9,55,17.310026799651613
9,56,20.889816663884393
9,57,21.92016545092521
9,58,20.980217331716513
9,59,24.086082331130267
9,60,23.033106632810465
9,61,24.65775419599075
9,62,24.41129882214053
9,63,23.30775104217578
9,64,20.30127636886907
9,65,19.637819844713647
9,66,19.982900912417378
9,67,17.62000069611951
9,68,14.86697379387926
9,69,15.68068305580954
9,70,15.839630564175001
9,71,12.48326039247385
9,72,11.013666552637355
9,73,13.622919022592697
9,74,12.963195364973652
9,75,9.367154241242808
9,76,10.86432682538649
9,77,13.761737468177472
9,78,12.18134528072901
9,79,10.918842125327556
9,80,14.497407875427493
9,81,15.890369080921714
9,82,14.172061403224523
9,83,15.183364358190918
9,84,18.549601501033738
9,85,19.14543856807337
9,86,18.992479348713054
9,87,21.65419263494708
9,88,23.779788317214507
9,89,23.619883784387003
9,90,25.40923358432185
9,91,27.61868658466347
10,1,15.044550028493546
10,2,12.47741978324797
10,3,10.626458740218963
10,4,10.088907770232009
10,5,8.570625053122406
10,6,6.123250377878575
10,7,4.914023759339815
10,8,5.692877777496562
10,9,3.8214045767449374
10,11,3.843020153658999
10,12,5.5238475573125685
10,13,5.153934027482379
10,14,6.806895064729789
10,15,9.403369176597579
10,16,10.202106966067957
10,17,11.131658848133554
10,18,13.195038074109792
10,19,14.458981756472838
10,20,15.697172741976466
10,21,17.28686977234843
10,22,18.879490243537745
10,23,20.315475743080963
10,24,22.10779848435045
10,25,23.28926017395302
10,26,24.36896189571776
10,27,26.11076920451006
10,28,30.748813059474667
10,29,28.09324801300456
10,30,27.636638174022114
10,31,27.195961391928794
10,32,24.556747532210842
10,33,22.36286948069398
10,34,22.670960293752174
10,35,21.536776887623812
10,36,18.31060392128584
10,37,17.76102033861656
10,38,18.347193992267893
10,39,16.055028049458663
10,40,12.894261612383984
10,41,13.815172237372748
10,42,14.529775098084805
10,43,11.057332300032538
10,44,9.64279906559608
10,45,12.66796992405816
10,46,12.467707034071744
10,47,9.074678968277084
10,48,10.53343935005034
10,49,13.625096012604628
10,50,12.41588362939066
10,51,11.168603901116589
10,52,14.428128712124156
10,53,16.37724288117917
10,54,15.114608207218934
10,55,15.832525339484896
10,56,19.213212694208302
10,57,20.091311260184842
10,58,19.748762532091753
10,59,23.182612945648142
10,60,22.60180257492593
10,61,24.433160642505594
10,62,23.98896942775858
10,63,23.443594733586725
10,64,20.45689435939888
10,65,19.115974614069305
10,66,19.733828693532864
10,67,18.02660785173403
10,68,14.855305397689369
10,69,14.96194424900587
10,70,15.740433238871343
10,71,12.974435768946183
10,72,10.467965348528605
10,73,12.811880125940462
10,74,13.098258041663959
10,75,9.512903317092883
10,76,9.632044918161629
10,77,13.042670533314077
10,78,12.354207196214297
10,79,10.263646820920524
10,80,13.270812599888604
10,81,15.498634186895142
10,82,14.13114549933007
10,83,14.228453062442014
10,84,17.58257625589627
10,85,18.838633764565405
10,86,18.37457634887396
10,87,20.509069615891345
10,88,23.089646043663418
10,89,23.204502575395278
10,90,24.486133947123108
10,91,26.536238842560937
11,1,16.389048991940157
11,2,14.534490179645
11,3,12.308216647537138
11,4,10.846611626060355
11,5,10.138275085187997
11,6,8.73177577653792
11,7,6.024525285967824
11,8,5.458204053031521
11,9,5.4935566237065965
11,10,3.843020153658999
11,12,3.803274370877766
11,13,5.233118757490089
11,14,5.195198433592931
11,15,6.935681435015692
11,16,9.035467317876046
11,17,10.29306577475928
11,18,11.272814554770244
11,19,12.648321718850054
11,20,14.685058451547834
11,21,16.002261012247534
11,22,16.92033379043796
11,23,18.71313451094693
11,24,20.896289911467335
11,25,21.584627150189778
11,26,22.45427229491794
11,27,24.653935766934207
11,28,28.740961113716214
11,29,26.006761633418364
11,30,25.122149093635723
11,31,24.83417700131321
11,32,22.535696204099487
11,33,20.000181107280973
11,34,20.004136141279666
11,35,19.332559593005318
11,36,16.212531669384685
11,37,15.015144166425086
11,38,15.769191013330728
11,39,14.108901711443647
11,40,10.608176336747547
11,41,10.944409491936872
11,42,12.405191277923823
11,43,9.510931574822052
11,44,7.197527362229116
11,45,10.456283666069766
11,46,11.355749717546361
11,47,8.50475695250601
11,48,9.178907422046297
11,49,12.733033137306036
11,50,12.627031792803022
11,51,11.519720455152965
11,52,14.134768029801087
11,53,16.650228236037382
11,54,16.162608024409455
11,55,16.443293098757856
11,56,19.519660231808576
11,57,21.047696276790386
11,58,21.006529205679705
11,59,24.444072356059422
11,60,23.525121899898654
11,61,24.844229590570425
11,62,23.84477650799159
11,63,23.11599791915818
11,64,20.587163481637447
11,65,19.054371044063927
11,66,18.974785777267225
11,67,17.390470092324808
11,68,14.629936940214936
11,69,14.061179662176071
11,70,14.148673995528998
11,71,11.722321434816964
11,72,9.137137004293301
11,73,10.49579540545411
11,74,10.381672909164823
11,75,6.667027195954353
11,76,6.397331356023716
11,77,9.483026300617722
11,78,8.724605708211723
11,79,6.432947573545323
11,80,9.504545363055708
11,81,11.676010253591162
11,82,10.570421163428703
11,83,10.822294123207573
11,84,13.97914566290711
11,85,15.361844927878142
11,86,15.305747676146982
11,87,17.363055787778062
11,88,19.7526444426705
11,89,20.200611948767737
11,90,21.64573213670778
11,91,23.41884508717626
12,1,17.70430182947028
12,2,15.672715113444069
12,3,14.268457874667535
12,4,12.29694543581941
12,5,10.668724798518529
12,6,10.061828174844223
12,7,8.367263186869
12,8,6.220665411650635
12,9,5.096573497981791
12,10,5.5238475573125685
12,11,3.803274370877766
12,13,3.8087160905312536
12,14,5.4237546593920305
12,15,5.451724925795102
12,16,6.5824628011226745
12,17,9.078493965778964
12,18,10.117091777073467
12,19,10.355354012995157
12,20,12.505821088712123
12,21,14.574357976414953
12,22,15.285110317683564
12,23,16.423665155899716
12,24,18.90434707911694
12,25,19.999147999051715
12,26,20.387120514860317
12,27,22.386367873488073
12,28,28.487618833838738
12,29,25.418620626780392
12,30,24.670588621031886
12,31,24.918658515675684
12,32,22.460220984206703
12,33,19.656151921261998
12,34,20.261321650290608
12,35,19.990539193171806
12,36,16.52791859196393
12,37,15.497194822524946
12,38,17.095639177752467
12,39,15.564059416987115
12,40,11.85415870476712
12,41,12.793193710361964
12,42,14.871256395154402
12,43,12.093082908152411
12,44,10.165371196224546
12,45,13.699827252672044
12,46,14.808266397993341
12,47,12.179452791544424
12,48,12.91927767470054
12,49,16.505094955689213
12,50,16.37921254708675
12,51,15.19236936245905
12,52,17.81522847530214
12,53,20.387799164721475
12,54,19.687586356954764
12,55,19.837663669962495
12,56,23.05392007834946
12,57,24.54289382410434
12,58,24.206318252713675
12,59,27.514841139266178
12,60,26.406084532115674
12,61,27.66708122309401
12,62,26.79979791983432
12,63,25.69684707905833
12,64,23.15516462860741
12,65,22.049589978361674
12,66,21.766925552356593
12,67,19.726424882385235
12,68,17.27437057593446
12,69,17.11567260152876
12,70,16.67192513680836
12,71,13.85449552452288
12,72,12.014437964102376
12,73,13.294918835810911
12,74,12.205038315022994
12,75,8.379233729105477
12,76,9.060689716036904
12,77,11.224387148355719
12,78,9.167129900886966
12,79,6.987641261187535
12,80,10.521900399557337
12,81,11.689391109454533
12,82,9.459592796762227
12,83,10.259842032167269
12,84,13.77221235314533
12,85,14.20570110221641
12,86,13.896585405044963
12,87,16.625606648252717
12,88,18.728606483862226
12,89,18.542058054425894
12,90,20.341280546274707
12,91,22.553649380366977
13,1,19.518111214490663
13,2,16.934075032341116
13,3,15.531909825085178
13,4,14.393138240911842
13,5,12.390751176109262
13,6,10.743888770623624
13,7,9.679111788435591
13,8,8.77345682118193
13,9,6.276424374837125
13,10,5.153934027482379
13,11,5.233118757490089
13,12,3.8087160905312536
13,14,3.8329846349540486
13,15,5.534271194990299
13,16,5.141824275293335
13,17,6.504616350293489
13,18,8.806698243996765
13,19,9.562792514164222
13,20,10.618278604582681
13,21,12.569722977780444
13,22,14.175695741092218
13,23,15.278540923204606
13,24,17.113251728997984
13,25,18.5273920996332
13,26,19.455924386905032
13,27,21.04101215434397
13,28,26.99623594822491
13,29,24.06749034367724
13,30,23.85027195829028
13,31,23.84391512523713
13,32,20.978913845606606
13,33,18.632976624784092
13,34,19.616572408037257
13,35,18.765548438223064
13,36,15.154978330438167
13,37,15.005626462649383
13,38,16.505413560576613
13,39,14.251792621321314
13,40,10.891385100747582
13,41,12.824427758684227
13,42,14.284102613254674
13,43,11.024865929075075
13,44,10.312253858667518
13,45,14.044387411994833
13,46,14.323039186443516
13,47,11.85360536878328
13,48,13.658214213765326
13,49,16.815510383649382
13,50,16.126145367292363
13,51,15.591240629884698
13,52,18.666478647766272
13,53,20.65240295432437
13,54,19.8343590032013
13,55,20.69146937360299
13,56,23.89489106581542
13,57,24.905351538728482
13,58,24.80508249427292
13,59,28.289678935973207
13,60,27.671704994766515
13,61,29.343938895454205
13,62,28.66257726623111
13,63,27.95217645820905
13,64,25.1770607830647
13,65,23.81229022256657
13,66,24.00804696791651
13,67,22.238105444509902
13,68,19.373312853464505
13,69,19.131492206375466
13,70,19.3073156185014
13,71,16.62516780337636
13,72,14.256943772947837
13,73,15.707751261949529
13,74,15.303263809581548
13,75,11.480452132234335
13,76,11.288806032079503
13,77,13.863399824518458
13,78,12.380644209833275
13,79,9.456073522482049
13,80,12.334657324197028
13,81,14.106570839172043
13,82,11.720979044760071
13,83,11.359183817100618
13,84,15.110535170843402
13,85,15.767923786847817
13,86,14.561430218728335
13,87,17.00241231063493
13,88,19.63949485669
13,89,19.149019834827754
13,90,20.353727597604667
13,91,22.846012975473577
14,1,21.33193557769556
14,2,19.105068184631506
14,3,17.03489272631344
14,4,15.913379960193636
14,5,14.709782884598559
14,6,12.869920174707614
14,7,10.818634772300358
14,8,10.342583838868338
14,9,8.99671314917946
14,10,6.806895064729789
14,11,5.195198433592931
14,12,5.4237546593920305
14,13,3.8329846349540486
14,15,3.814238795602371
14,16,5.4215715206630195
14,17,5.327107143486876
14,18,6.5570918823945865
14,19,8.67293346733423
14,20,10.143231868610373
14,21,10.99664077756122
14,22,12.36854511264577
14,23,14.364569089715523
14,24,16.111099487711797
14,25,16.790690976987356
14,26,18.0893191409793
14,27,20.128212097202994
14,28,24.078336218915837
14,29,21.326701226968208
14,30,20.866289266611986
14,31,20.577306978943938
14,32,17.91548604714014
14,33,15.593009729998327
14,34,16.16535778643017
14,35,15.238137040512123
14,36,11.782158828972891
14,37,11.413723124421441
14,38,12.694743656644347
14,39,10.546006791439503
14,40,7.082762623638764
14,41,9.086321624288061
14,42,10.648734933514413
14,43,7.6898252507529365
14,44,7.254083961167154
14,45,11.064369550779382
14,46,11.64629793660915
14,47,9.977367034920785
14,48,11.858863600558658
14,49,14.823707488770573
14,50,14.728520976113662
14,51,14.849340485086968
14,52,17.58460002217817
14,53,19.55248185251536
14,54,19.428462495687086
14,55,20.423926174576945
14,56,23.23409064665679
14,57,24.501037131273193
14,58,24.94610157160533
14,59,28.574107066247834
14,60,28.052177130321216
14,61,29.537998561892454
14,62,28.433872891579604
14,63,27.97739103376101
14,64,25.506097848954443
14,65,23.664916896902714
14,66,23.644283018074027
14,67,22.375091171630622
14,68,19.561012498934268
14,69,18.572354621702292
14,70,18.750189746370634
14,71,16.705499949367574
14,72,13.880402413442132
14,73,14.50846718845952
14,74,14.506642773770979
14,75,11.004567225930476
14,76,9.63785150473659
14,77,11.963913380189812
14,78,11.18436598721844
14,79,7.605655279217686
14,80,9.559378331584561
14,81,11.937405034229297
14,82,10.063212924750303
14,83,8.715821891255606
14,84,12.292469173817226
14,85,13.64653001713579
14,86,12.38276569207962
14,87,14.199034503274188
14,88,17.153817013948423
14,89,17.16879840408638
14,90,17.986566207917154
14,91,20.12008423970967
15,1,22.846760533345734
15,2,20.89959098997223
15,3,19.095138051472098
15,4,17.282703929076053
15,5,16.02898265983577
15,6,15.011286586263058
15,7,12.865323083883549
15,8,11.288705051164406
15,9,10.349052135758638
15,10,9.403369176597579
15,11,6.935681435015692
15,12,5.451724925795102
15,13,5.534271194990299
15,14,3.814238795602371
15,16,3.81689274257887
15,17,5.476196683195725
15,18,4.920813527230729
15,19,5.883746145601871
15,20,8.547238151550369
15,21,9.81764641140352
15,22,10.133403076090893
15,23,11.919980296783283
15,24,14.378196747441251
15,25,14.919796647400632
15,26,15.541527296062164
15,27,17.880220284547732
15,28,23.117546378500688
15,29,20.001631811766988
15,30,19.235272728510306
15,31,19.597257141613042
15,32,17.164779904337603
15,33,14.244625331585587
15,34,15.076112794771129
15,35,15.041174151585711
15,36,11.489126703300325
15,37,10.562973199876701
15,38,12.81430594860283
15,39,11.588702975537078
15,40,7.940747091032927
15,41,9.61786226179774
15,42,12.261836906244534
15,43,10.21912225771465
15,44,9.224516626954104
15,45,12.89702928092877
15,46,14.35437426098189
15,47,12.995276336304046
15,48,14.153473668769166
15,49,17.36946738000493
15,50,17.827682691254655
15,51,17.674522474725187
15,52,20.04560536096818
15,53,22.419537910420523
15,54,22.458140732014748
15,55,23.012326178345333
15,56,25.798276702395494
15,57,27.41777319005425
15,58,27.729384602013074
15,59,31.245530657719016
15,60,30.35900862412834
15,61,31.508104281311713
15,62,30.207326513681004
15,63,29.373374104793307
15,64,27.149917547528368
15,65,25.536186082173938
15,66,25.006439058152242
15,67,23.494538205967423
15,68,21.124978017569237
15,69,20.12715151823926
15,70,19.588165914274285
15,71,17.514683366382307
15,72,15.217697587866686
15,73,15.333725598284355
15,74,14.473381918220285
15,75,11.126037436650563
15,76,10.260105952962467
15,77,11.488964033191634
15,78,9.817107487463462
15,79,6.383326503028267
15,80,8.37404752220373
15,81,9.670570804173687
15,82,6.966031974438879
15,83,5.975504854620673
15,84,9.793596152244815
15,85,10.354697656906104
15,86,9.118526169148023
15,87,11.58064697549466
15,88,14.119274370728935
15,89,13.863306705126435
15,90,15.18524017721235
15,91,17.48036520071618
16,1,24.047676886566496
16,2,21.657484152166305
16,3,20.372448683053396
16,4,18.76972853989912
16,5,16.79006706576669
16,6,15.683377309235853
16,7,14.388469573462084
16,8,12.761733826522295
16,9,10.73548589858556
16,10,10.202106966067957
16,11,9.035467317876046
16,12,6.5824628011226745
16,13,5.141824275293335
16,14,5.4215715206630195
16,15,3.81689274257887
16,17,3.8207969584827715
16,18,5.0908584785227315
16,19,4.527969456178966
16,20,5.928557743355363
16,21,8.36876007365386
16,22,9.475365520573758
16,23,10.216705911772799
16,24,12.401749570631898
16,25,13.869030885092759
16,26,14.43190192409231
16,27,16.062396989988123
16,28,23.401111338689855
16,29,20.147133777462265
16,30,20.0193782527423
16,31,20.6179723593458
16,32,17.723891862539865
16,33,15.084644229953094
16,34,16.749775771728512
16,35,16.499580768030597
16,36,12.70326227205681
16,37,12.77342480380224
16,38,15.29721843599422
16,39,13.567283843855812
16,40,10.348068274067437
16,41,12.829524192310032
16,42,15.04794018407081
16,43,12.605457235052478
16,44,12.32452930995892
16,45,16.106292664388434
16,46,16.973344257369416
16,47,15.383196729537756
16,48,17.063466753508408
16,49,20.186652688829675
16,50,20.08311259662202
16,51,19.94230523330834
16,52,22.71031823078334
16,53,24.826347992968774
16,54,24.44905866000414
16,55,25.258060157239978
16,56,28.267377518199478
16,57,29.524992989320765
16,58,29.636786512230312
16,59,33.150665066649566
16,60,32.41111044061361
16,61,33.83921689882171
16,62,32.86095430583162
16,63,31.9948848248419
16,64,29.496513186488272
16,65,28.085165593949874
16,66,27.83989933033099
16,67,26.086064356492837
16,68,23.552313464361948
16,69,22.968166226084364
16,70,22.606867018139774
16,71,20.154893499997637
16,72,17.969980687018555
16,73,18.610415983389792
16,74,17.67759838281878
16,75,14.090328687140918
16,76,13.662554443569483
16,77,15.155534435666516
16,78,13.1671953481153
16,79,10.015255708518973
16,80,12.169082313020372
16,81,13.147499399294222
16,82,9.949392762545191
16,83,9.08239475682571
16,84,12.832795102433902
16,85,12.678444024163957
16,86,10.65951610079007
16,87,13.41300956041379
16,88,15.922687228245394
16,89,14.770168932874517
16,90,15.945399701139435
16,91,18.850098530354032
17,1,25.919890656410796
17,2,23.370374681956385
17,3,21.730324996819714
17,4,20.659274277702412
17,5,18.878429831331072
17,6,17.074855463128603
17,7,15.684078733798756
17,8,14.898878027250461
17,9,12.770094435396627
17,10,11.131658848133554
17,11,10.29306577475928
17,12,9.078493965778964
17,13,6.504616350293489
17,14,5.327107143486876
17,15,5.476196683195725
17,16,3.8207969584827715
17,18,3.7873396490038638
17,19,5.539593309884094
17,20,5.276125125313183
17,21,6.202887407849788
17,22,8.511766479168083
17,23,9.999226412900478
17,24,11.145907989976811
17,25,12.379049207536076
17,26,13.937733543696952
17,27,15.414072646878367
17,28,20.901271215267528
17,29,17.952545686865978
17,30,18.235933372439288
17,31,18.319302244346446
17,32,15.121794209970503
17,33,13.075192004260526
17,34,14.841510861775653
17,35,13.888665254708632
17,36,10.089134772335358
17,37,11.095498197682119
17,38,13.272195848280438
17,39,10.94879904523177
17,40,8.391662066558686
17,41,11.663470494600887
17,42,13.210448463385374
17,43,10.78631266903724
17,44,11.659783709726067
17,45,15.262805490347754
17,46,15.577944098089356
17,47,14.569868390196225
17,48,16.869775841129282
17,49,19.483082164992364
17,50,19.238506829870207
17,51,19.805503856182415
17,52,22.651470064977474
17,53,24.306133653053113
17,54,24.15996387691136
17,55,25.484606412761547
17,56,28.267107050460588
17,57,29.287610469932257
17,58,29.813320277001345
17,59,33.481879882620795
17,60,33.13899748207548
17,61,34.76648449591348
17,62,33.73711250185382
17,63,33.28427755405658
17,64,30.75644936341393
17,65,28.954108756135128
17,66,28.96892342317792
17,67,27.633087350675464
17,68,24.830514507300673
17,69,23.897970667677704
17,70,23.993295829319386
17,71,21.880759559267428
17,72,19.184006404681675
17,73,19.679993633413694
17,74,19.413272387597424
17,75,15.930679978150065
17,76,14.660021628772352
17,77,16.400407253839766
17,78,15.195180450357455
17,79,11.573347334850345
17,80,12.895895382365797
17,81,14.629521161056038
17,82,11.965234535585235
17,83,9.886195476689888
17,84,13.392275004177577
17,85,13.96545449036216
17,86,11.370817642870367
17,87,13.193164856479493
17,88,16.33011805174024
17,89,15.372982236235314
17,90,15.628151083120258
17,91,18.440002292734885
18,1,27.475125249206712
18,2,25.319162947249993
18,3,23.441114477138264
18,4,21.956761627490646
18,5,20.60045052897772
18,6,19.169246771966332
18,7,17.18542207464781
18,8,16.037919299699034
18,9,14.671663978298326
18,10,13.195038074109792
18,11,11.272814554770244
18,12,10.117091777073467
18,13,8.806698243996765
18,14,6.5570918823945865
18,15,4.920813527230729
18,16,5.0908584785227315
18,17,3.7873396490038638
18,19,3.854495517038351
18,20,5.375100472217174
18,21,5.150764420233792
18,22,5.828884480542457
18,23,8.309407863782829
18,24,10.103614144894461
18,25,10.328420701923632
18,26,11.642966908070674
18,27,13.911186902787378
18,28,18.564704203714
18,29,15.422508113690578
18,30,15.155479959066762
18,31,15.552553063823309
18,32,12.746784714609687
18,33,10.071143857441982
18,34,11.730614073603714
18,35,11.533598718616727
18,36,7.760888991240854
18,37,8.092686667050891
18,38,10.967853443749918
18,39,9.624421726985192
18,40,7.029120866401938
18,41,9.939695542664774
18,42,12.257075907056205
18,43,10.841747466884854
18,44,11.376083296811773
18,45,14.71941473277732
18,46,15.811272961974321
18,47,15.39039525182618
18,48,17.144923738278116
18,49,19.78838913455627
18,50,20.25613223945476
18,51,20.89388070284181
18,52,23.279231771869735
18,53,25.220031787626738
18,54,25.552291313267684
18,55,26.594079196878987
18,56,29.139469508450635
18,57,30.569380893380835
18,58,31.28099506654845
18,59,34.93759681716833
18,60,34.37440495967368
18,61,35.6524147419594
18,62,34.254041582649165
18,63,33.699170797842505
18,64,31.516023605212958
18,65,29.608208512465406
18,66,29.17752513520998
18,67,27.980625600513772
18,68,25.499476609804418
18,69,24.17837648700017
18,70,23.84756204387624
18,71,22.093739377587468
18,72,19.50971957388641
18,73,19.290748438780437
18,74,18.78057192354844
18,75,15.690241275263178
18,76,14.152553046368967
18,77,15.059352143806903
18,78,13.880640325818517
18,79,10.326626123400587
18,80,10.805240274894564
18,81,12.139643562509285
18,82,9.583021131016139
18,83,6.890703413506964
18,84,10.052689812454528
18,85,10.582945184919327
18,86,7.765125872478319
18,87,9.40770878346292
18,88,12.5801945048969
18,89,11.831304763650776
18,90,12.072093588017008
18,91,14.735448183679718
19,1,28.05090858253986
19,2,25.888310643026497
19,3,24.492502762482722
19,4,22.63185157359298
19,5,20.890145941123055
19,6,20.009938641380813
19,7,18.383297988757477
19,8,16.53581386168795
19,9,14.989501168497792
19,10,14.458981756472838
19,11,12.648321718850054
19,12,10.355354012995157
19,13,9.562792514164222
19,14,8.67293346733423
19,15,5.883746145601871
19,16,4.527969456178966
19,17,5.539593309884094
19,18,3.854495517038351
19,20,3.8238949382447163
19,21,5.764983727837722
19,22,5.393772954862391
19,23,6.126355990670977
19,24,8.946342825827262
19,25,9.946933980707831
19,26,10.070972644209494
19,27,12.123500953552183
19,28,20.081186919743626
19,29,16.56682336175784
19,30,16.35406004786532
19,31,17.54996010475293
19,32,14.855796864787811
19,33,11.899396084538873
19,34,14.08236133892026
19,35,14.567697305303243
19,36,10.95202505075813
19,37,11.055096990928579
19,38,14.354149886726177
19,39,13.406567124668344
19,40,10.716615875523296
19,41,13.203267131957437
19,42,15.87917730420048
19,43,14.375870037332605
19,44,14.356351869379578
19,45,17.84440943009034
19,46,19.167533384932895
19,47,18.31183725936823
19,48,19.79390936773035
