1,2,3.7958869378096107
1,3,4.892834026712858
1,4,6.361078717144618
1,5,8.841753361268376
1,6,9.362669028527025
1,7,11.460977679431702
1,8,12.809100313763086
1,9,14.75518415205709
1,10,16.646684421555292
1,11,17.83488289415116
1,12,19.49155076403728
1,13,21.82153918752694
1,14,22.910419930047766
1,15,23.644492694509257
1,16,25.456884517614196
1,17,27.682840104842313
1,18,28.27966424204547
1,19,29.847728372171964
1,20,32.271900698466034
1,21,33.83004177170858
1,22,33.98994540511196
1,23,36.64976908646319
1,24,39.1351266684574
1,25,41.10427174418549
1,26,46.35861597926492
1,27,44.70312521199617
1,28,47.60838623717282
1,29,47.9603343342331
1,30,47.980968686988014
1,31,44.58487271646281
1,32,42.869310379076865
1,33,43.32074206001042
1,34,41.01153392630946
1,35,38.034813898957246
1,36,36.93295364571182
1,37,36.10128345944011
1,38,33.68732458570987
1,39,31.557471333827163
1,40,31.444954433720298
1,41,30.647868316243343
1,42,27.527923255983158
1,43,26.357878432122895
1,44,26.389247628825988
1,45,24.904329898518583
1,46,21.693493702098927
1,47,20.89493989417417
1,48,21.7884418477369
1,49,19.434943808431765
1,50,16.39874199282391
1,51,17.576887182726278
1,52,18.310618719251995
1,53,14.894531375246155
1,54,13.523114908710866
1,55,16.143463754866477
1,56,15.212742031122126
1,57,11.551406854333095
1,58,12.933307296633034
1,59,15.722537365111531
1,60,13.716718180376242
1,61,11.902294826359155
1,62,15.532296691259724
1,63,16.707995780790878
1,64,14.664884458483327
1,65,17.135494917627042
1,66,15.586165193359813
1,67,16.5661880426361
1,68,16.770576903987838
1,69,15.058348883836238
1,70,11.795206250734946
1,71,12.174594897289941
1,72,12.764566859464914
1,73,9.769046623500786
1,74,7.473923101691583
1,75,10.121789575355804
1,76,10.402262893526537
1,77,7.098389617223053
1,78,7.856206561374868
1,79,11.418129440561671
1,80,10.987625560195712
1,81,9.598712193543648
1,82,12.165032192613163
1,83,14.844812444183225
1,84,14.370767809587674
1,85,15.059907512477665
1,86,17.92100666470425
1,87,19.356592080426704
1,88,19.53261366291284
1,89,21.26833965413253
1,90,23.901832912636124
1,91,24.829493866410214
1,92,25.563752205077776
1,93,28.15440457630402
1,94,29.797312490969635
1,95,31.065283995401405
1,96,32.00324074702325
1,97,34.284090786474245
1,98,36.56335814484486
1,99,36.741740610574524
1,100,38.495052885318096
2,1,3.7958869378096107
2,3,3.8349876691209843
2,4,4.745000026378764
2,5,5.848133758532578
2,6,7.431724443851663
2,7,9.788914923361139
2,8,10.242141697021802
2,9,12.048125762184595
2,10,14.555889205143178
2,11,15.58221711926374
2,12,16.68186702098271
2,13,19.278265138230942
2,14,20.669953880689977
2,15,21.06623416570134
2,16,22.58878092163803
2,17,25.09780067658141
2,18,25.867797202448646
2,19,27.108029933576933
2,20,29.504249380352828
2,21,31.33964669525343
2,22,31.382029562942996
2,23,33.85373637503971
2,24,36.54431089991018
2,25,38.47744365775093
2,26,43.68656029875504
2,27,42.23227465157816
2,28,45.27412643078473
2,29,45.877881690868946
2,30,45.940876494343165
2,31,42.44008561098927
2,32,40.74134100783808
2,33,41.48159643885945
2,34,39.18732085561472
2,35,36.068689970354654
2,36,35.230907909266456
2,37,34.58059873699824
2,38,31.929286306275078
2,39,29.790861413989738
2,40,30.105387683405198
2,41,29.27978103484224
2,42,25.909128527354852
2,43,25.08224989763942
2,44,25.4545580164741
2,45,23.689954409696973
2,46,20.374780945149748
2,47,20.206084764446494
2,48,21.283448538266892
2,49,18.55753789919614
2,50,15.778687866026148
2,51,17.72661826136953
2,52,18.374351457302307
2,53,14.760894043240274
2,54,14.226851791993774
2,55,17.21356473609782
2,56,16.01423384098161
2,57,12.773082393406106
2,58,14.967888141485325
2,59,17.55764839953888
2,60,15.47232798355511
2,61,14.452195328382826
2,62,18.221406892645234
2,63,19.085463652433152
2,64,17.22763306748629
2,65,19.970790570327512
2,66,18.848324760135064
2,67,20.155459618191298
2,68,20.42092426299571
2,69,18.839683782085125
2,70,15.535200313655318
2,71,15.698389663083896
2,72,16.3432749318709
2,73,13.47053781366858
2,74,11.002061693905528
2,75,13.137790438405789
2,76,13.303219218344688
2,77,9.685043761258814
2,78,9.698005833615772
2,79,13.136409822638836
2,80,12.353021491107134
2,81,9.870164196249496
2,82,12.382488797037327
2,83,15.19738176758006
2,84,14.02396798084286
2,85,14.059420160180954
2,86,17.38943437444432
2,87,18.793101378084273
2,88,18.237180716392388
2,89,19.88630575003132
2,90,22.890788739515816
2,91,23.487076206946313
2,92,23.775059141236795
2,93,26.62040081030746
2,94,28.41958257572572
2,95,29.275879203374163
2,96,30.127092951951152
2,97,32.717993645317286
2,98,34.87062231961495
2,99,34.70090086109926
2,100,36.34917444558914
3,1,4.892834026712858
3,2,3.8349876691209843
3,4,3.7922304806964986
3,5,5.003050289857052
3,6,4.488135999888408
3,7,7.0935753582281995
3,8,8.825903211625755
3,9,10.154021998136875
3,10,12.034075221722953
3,11,13.701482718705266
3,12,15.206219470630277
3,13,17.222416133708425
3,14,18.584937263791076
3,15,19.61886421639497
3,16,21.179746783713192
3,17,23.236794608840814
3,18,24.14284157812229
3,19,25.828955869474914
3,20,27.9834977276479
3,21,29.626042124626238
3,22,30.078625850174614
3,23,32.590704058269104
3,24,35.085756047978855
3,25,37.29109612660347
3,26,42.19621319465559
3,27,40.47329657561713
3,28,43.32402862128352
3,29,43.7320279398032
3,30,43.58444585028983
3,31,40.13266190367181
3,32,38.59740063250376
3,33,39.11670360869186
3,34,36.652147066446005
3,35,33.72479988591711
3,36,32.86300816463503
3,37,31.89688961607886
3,38,29.295222827664475
3,39,27.383150902690666
3,40,27.418409478994057
3,41,26.34952710254974
3,42,23.15150502066482
3,43,22.35403595486252
3,44,22.32832400838093
3,45,20.497143286293266
3,46,17.374873467805777
3,47,17.06595077637678
3,48,17.79004019792694
3,49,15.06266097349826
3,50,12.351700880074702
3,51,14.1246937712215
3,52,14.573361174045603
3,53,10.948009417341694
3,54,10.515053296676173
3,55,13.492870340267086
3,56,12.327280957951357
3,57,9.2598122234544
3,58,11.75713229939825
3,59,14.302989737281884
3,60,12.582332951283869
3,61,12.045121480414279
3,62,15.758843108812894
3,63,16.803733932051372
3,64,15.614214530633971
3,65,18.816233231506022
3,66,18.079154906359687
3,67,19.4886835218382
3,68,19.29323033422115
3,69,18.25620249211376
3,70,15.058267537773114
3,71,14.29308948511948
3,72,15.083875796395459
3,73,12.952779419172312
3,74,9.82152122159848
3,75,11.05739625496718
3,76,11.789028143218882
3,77,8.59620100485836
3,78,7.1774283241214425
3,79,10.665457847025237
3,80,10.78364893056003
3,81,8.097262917783418
3,82,9.626470093733579
3,83,12.959014705938992
3,84,12.520521083457458
3,85,12.010572105678383
3,86,14.983652316127431
3,87,17.023141077134447
3,88,16.792453604983276
3,89,17.872380935388264
3,90,20.89510769150977
3,91,22.039804401523366
3,92,22.225594919377045
3,93,24.69368615186091
3,94,26.782244505058404
3,95,27.93656461387001
3,96,28.43617043043144
3,97,30.847586073909426
3,98,33.31684499415827
3,99,33.25959196954196
3,100,34.69422953771674
4,1,6.361078717144618
4,2,4.745000026378764
4,3,3.7922304806964986
4,5,3.8311729674259976
4,6,5.329916169223493
4,7,5.866479112289772
4,8,6.64871061305167
4,9,9.276898689299175
4,10,10.94895381633255
4,11,11.59314480593213
4,12,13.444389816801403
4,13,15.95315547035909
4,14,16.753353264050148
4,15,17.33806251753109
4,16,19.35453557581511
4,17,21.577384730270172
4,18,21.980573704260753
4,19,23.559511651436523
4,20,26.08002646909795
4,21,27.54406213342773
4,22,27.648007653855693
4,23,30.372105871465504
4,24,32.803269773127795
4,25,34.75924985397786
4,26,40.058234683551845
4,27,38.41457786988767
4,28,41.35942861585869
4,29,41.76324146977333
4,30,41.91223429045895
4,31,38.513608993541126
4,32,36.67830802115009
4,33,37.24082500573373
4,34,35.05419196230759
4,35,31.948035863839024
4,36,30.87455295568665
4,37,30.275868682747603
4,38,27.81971301598852
4,39,25.51205398571926
4,40,25.67196150128914
4,41,25.08723769254219
4,42,21.781477324002125
4,43,20.64127808120918
4,44,21.174752908148264
4,45,19.753462692044007
4,46,16.249374374909912
4,47,15.86085809898659
4,48,17.37587235250188
4,49,14.99791465523439
4,50,11.870902234359884
4,51,14.03388186001267
4,52,15.356482830596075
4,53,12.106948392145286
4,54,11.398504894512762
4,55,14.94134483496461
4,56,14.577710680403461
4,57,11.726657183591556
4,58,13.792270406148095
4,59,16.806976880940045
4,60,15.688116760325254
4,61,14.898549627942588
4,62,18.44737583909792
4,63,19.977633542215496
4,64,18.91108082082404
4,65,22.005306712699117
4,66,20.87394078298794
4,67,21.778243552812917
4,68,21.218023679739076
4,69,19.718579522794293
4,70,16.9038140684627
4,71,16.26343499841197
4,72,16.208241974416215
4,73,13.877236756032373
4,74,11.397538084184408
4,75,12.192872792063087
4,76,11.766340917541504
4,77,8.220427171293524
4,78,7.430459241068001
4,79,10.067157493250896
4,80,8.983139476730821
4,81,5.717131268531093
4,82,8.11717936848906
4,83,10.790445199783457
4,84,9.47066283242833
4,85,9.321491155511735
4,86,12.675598416813326
4,87,14.104267070813538
4,88,13.638903708909801
4,89,15.25242878010493
4,90,18.17357362972021
4,91,18.922333027181338
4,92,19.346532049821867
4,93,22.05927104513559
4,94,23.833474647509775
4,95,24.9017539424484
4,96,25.75003710755404
4,97,28.18040772909602
4,98,30.420627904189413
4,99,30.451400331273042
4,100,32.16840576090527
5,1,8.841753361268376
5,2,5.848133758532578
5,3,5.003050289857052
5,4,3.8311729674259976
5,6,3.828805755279407
5,7,5.150145798418329
5,8,4.618410678421071
5,9,6.323522692906197
5,10,9.045914005544738
5,11,9.974652339496732
5,12,10.852440934434027
5,13,13.467478251722026
5,14,14.957672762879733
5,15,15.37357941822897
5,16,16.78549019794668
5,17,19.256552300753874
5,18,20.14834119206768
5,19,21.415694660319396
5,20,23.697275702357924
5,21,25.57468234524968
5,22,25.756131616043373
5,23,28.152203552150123
5,24,30.842856680587143
5,25,32.915051629165205
5,26,37.93345804278681
5,27,36.45860597044544
5,28,39.501141199955434
5,29,40.1860162855681
5,30,40.22600433428381
5,31,36.68554164919124
5,32,35.02837676659233
5,33,35.8980923642082
5,34,33.589024303798894
5,35,30.417447881002676
5,36,29.77528971879437
5,37,29.203049913469698
5,38,26.39740553383249
5,39,24.298298341902576
5,40,24.92326037516876
5,41,24.061012037000136
5,42,20.52376687926205
5,43,20.021434759004663
5,44,20.70452026490804
5,45,18.752451302253675
5,46,15.366018549637813
5,47,15.894845640489164
5,48,17.223965638125016
5,49,14.295787574516611
5,50,11.886964022501408
5,51,14.75733285173196
5,52,15.524422075733796
5,53,12.127842877234917
5,54,12.617042203930307
5,55,16.042688680310217
5,56,15.107189175114293
5,57,12.858749255718267
5,58,15.667915027934601
5,59,18.134762851127096
5,60,16.753416191160184
5,61,16.740593689999354
5,62,20.358911182601258
5,63,21.373518070875637
5,64,20.412158859424228
5,65,23.706860858251684
5,66,23.070935919818506
5,67,24.451121512078533
5,68,24.14099489451206
5,69,22.933993059983816
5,70,19.87087816419862
5,71,19.11624179364386
5,72,19.52030260033733
5,73,17.304769887500537
5,74,14.480674193402148
5,75,15.28154693575762
5,76,15.330018839996415
5,77,11.921027567869409
5,78,10.53094795803106
5,79,13.129008491175757
5,80,12.394758450886412
5,81,8.770885041487011
5,82,10.19634649447721
5,83,13.055055151186204
5,84,11.476410839594545
5,85,10.1323283820184
5,86,13.679731857578187
5,87,15.361687016747085
5,88,14.067663509860202
5,89,15.132373387748276
5,90,18.540670201425204
5,91,19.10231712898394
5,92,18.76967036908262
5,93,21.613669860313635
5,94,23.76809401090356
5,95,24.375501333244934
5,96,24.877270770473384
5,97,27.656658087270483
5,98,29.876768227707757
5,99,29.440736836017965
5,100,30.852347868800816
6,1,9.362669028527025
6,2,7.431724443851663
6,3,4.488135999888408
6,4,5.329916169223493
6,5,3.828805755279407
6,7,3.849306113935854
6,8,5.87773548351535
6,9,6.027074977274862
6,10,7.847854721088623
6,11,10.099533322772857
6,12,11.34265362074885
6,13,12.950673658939541
6,14,14.621137843474216
6,15,15.958812838256913
6,16,17.21925645533444
6,17,19.07959173977566
6,18,20.302305590531407
6,19,22.08425725477267
6,20,23.951098609182065
6,21,25.671271113622616
6,22,26.404034310071747
6,23,28.7526516265383
6,24,31.245487033711736
6,25,33.66185571925122
6,26,38.22338593090893
6,27,36.452025512417244
6,28,39.25648323572724
6,29,39.73408045062781
6,30,39.45022389227706
6,31,35.94623095916777
6,32,34.57013287554833
6,33,35.1812936549291
6,34,32.59317419961244
6,35,29.697891598577062
6,36,29.093132671402408
6,37,28.041331952808147
6,38,25.243974843868816
6,39,23.54241944629168
6,40,23.790447984242967
6,41,22.477251986789703
6,42,19.176864074504365
6,43,18.82308264209632
6,44,18.828042803130575
6,45,16.62593503403046
6,46,13.602123434873796
6,47,13.994426142620219
6,48,14.604972886362429
6,49,11.469285886706782
6,50,9.32456206687966
6,51,11.924340846384045
6,52,12.106078126124462
6,53,8.529661721487388
6,54,9.467364013550293
6,55,12.615539449787029
6,56,11.422270830451716
6,57,9.55910378926562
6,58,12.705282582941123
6,59,14.812444829446184
6,60,13.617808686825951
6,61,14.169792714390274
6,62,17.612874918744982
6,63,18.54564944954236
6,64,18.096187971730842
6,65,21.653355386069002
6,66,21.444521407202757
6,67,23.034617601146923
6,68,22.542898376347523
6,69,21.902024947972873
6,70,18.86552651687332
6,71,17.47921288015717
6,72,18.2519477701029
6,73,16.678213634581592
6,74,13.38405149177005
6,75,13.629460314510412
6,76,14.439012610908847
6,77,11.6288118431871
6,78,9.161671377016395
6,79,11.77631177896366
6,80,12.18516676434468
6,81,8.80510971761433
6,82,8.944380966097366
6,83,12.436930766242762
6,84,11.958317315043018
6,85,10.101648441691973
6,86,13.012339992962566
6,87,15.532420684196232
6,88,14.79068933844479
6,89,15.085805769298913
6,90,18.463772719757117
6,91,19.748361749061637
6,92,19.311763055941864
6,93,21.627382251845344
6,94,24.140432312130386
6,95,25.11919044109091
6,96,25.16693321607278
6,97,27.71045446963964
6,98,30.32060630091575
6,99,30.00679460417923
6,100,31.116141926291384
7,1,11.460977679431702
7,2,9.788914923361139
7,3,7.0935753582281995
7,4,5.866479112289772
7,5,5.150145798418329
7,6,3.849306113935854
7,8,3.817391115240427
7,9,5.0747567378699285
7,10,5.3341804824681365
7,11,6.944168925918738
7,12,9.201476207441843
7,13,10.800773736929592
7,14,11.649858001026422
7,15,13.101005847753935
7,16,14.975435491765525
7,17,16.596244269440582
7,18,17.315612944175363
7,19,19.38605086658404
7,20,21.476619185500535
7,21,22.807440122961285
7,22,23.484965052011933
7,23,26.116060769408122
7,24,28.36866731745182
7,25,30.718648380710203
7,26,35.49171150580813
7,27,33.59447492815317
7,28,36.35725476782081
7,29,36.67015803080818
7,30,36.560517753823625
7,31,33.15197922489034
7,32,31.552904120077194
7,33,32.02961410183857
7,34,29.617786609614036
7,35,26.660559334187756
7,36,25.775936520090497
7,37,24.882166672929635
7,38,22.290232570273556
7,39,20.292293127372833
7,40,20.441599559768086
7,41,19.494133133474108
7,42,16.182042737107672
7,43,15.418284819712898
7,44,15.763873620364555
7,45,14.008599989958576
7,46,10.593644268036472
7,47,10.796629417553293
7,48,12.14659395846595
7,49,9.49113895474529
7,50,6.811447174993352
7,51,9.903387359217682
7,52,11.078627273675101
7,53,8.24859714206115
7,54,8.88043862384763
7,55,12.492739188189871
7,56,12.374995817660393
7,57,10.956544700306441
7,58,13.531188660659161
7,59,16.01450710689422
7,60,15.683136252151067
7,61,16.081833783007603
7,62,19.22865180530437
7,63,20.728964464123738
7,64,20.659802527815206
7,65,24.226812365172243
7,66,23.77415397695977
7,67,24.91775934655917
7,68,23.903534695645476
7,69,23.112884873674922
7,70,20.499447124758177
7,71,18.867572721779396
7,72,18.96164945823227
7,73,17.619104178982244
7,74,14.691521523948298
7,75,14.161830415021932
7,76,14.264772914792886
7,77,11.70305492502183
7,78,9.165019600357903
7,79,10.613994732132618
7,80,10.62640422742778
7,81,7.045913482842021
7,82,6.484438925301905
7,83,9.501070962170038
7,84,8.828288232677597
7,85,6.393727995829409
7,86,9.328749605770366
7,87,11.849477295201849
7,88,11.070018466728403
7,89,11.269287240364768
7,90,14.615266641249836
7,91,15.971055608363365
7,92,15.657632157858297
7,93,17.90635620103319
7,94,20.348365662364838
7,95,21.48262551454759
7,96,21.607895032259858
7,97,24.027732263708085
7,98,26.654818993992848
7,99,26.53320957228256
7,100,27.788379463080634
8,1,12.809100313763086
8,2,10.242141697021802
8,3,8.825903211625755
8,4,6.64871061305167
8,5,4.618410678421071
8,6,5.87773548351535
8,7,3.817391115240427
8,9,3.8223770229691736
8,10,5.529017559548577
8,11,5.42393159382309
8,12,6.802261820765418
8,13,9.56628331579584
8,14,10.523389266854293
8,15,10.900632175070477
8,16,12.709027157074638
8,17,15.033022879372124
8,18,15.631355234503127
8,19,17.08061898638227
8,20,19.47491669176067
8,21,21.122484641884164
8,22,21.321134184628868
8,23,23.871521478333193
8,24,26.409588202684258
8,25,28.507072677971745
8,26,33.57684295278398
8,27,32.01589700910477
8,28,35.04033363604198
8,29,35.67169382190826
8,30,35.82373010818671
8,31,32.32465270993565
8,32,30.535968279250515
8,33,31.40658758573432
8,34,29.221118580624868
8,35,25.969815233241906
8,36,25.268054167770664
8,37,24.880605273568758
8,38,22.12300800340536
8,39,19.84002463002245
8,40,20.63739445966832
8,41,20.02653237382626
8,42,16.394494521669888
8,43,15.86126469495917
8,44,17.023779870145844
8,45,15.28405201175635
8,46,11.703027510217373
8,47,12.643845714773457
8,48,14.552863582625722
8,49,11.937752367034713
8,50,9.74404755002035
8,51,13.187874866285572
8,52,14.481697229173225
8,53,11.830172781543682
8,54,12.679489909153716
8,55,16.289595705323034
8,56,16.045859176437993
8,57,14.57888214518859
8,58,17.227617826485172
8,59,19.728488354277363
8,60,19.11913899541445
8,61,19.42361310568433
8,62,22.742880750603693
8,63,24.098296704696587
8,64,23.705204688440407
8,65,27.18041974710101
8,66,26.598767045824072
8,67,27.75242607433655
8,68,26.945372827176698
8,69,25.816753136742687
8,70,23.104296204621935
8,71,21.90014227397372
8,72,21.858681322733645
8,73,20.05446850075857
8,74,17.37263646503828
8,75,17.288087161874177
8,76,16.934060545628736
8,77,13.929842426269447
8,78,12.133304706432094
8,79,13.574063533839029
8,80,12.66588529661204
8,81,8.88512203930189
8,82,9.280546111096484
8,83,11.437529838507238
8,84,9.49031176680555
8,85,7.051338559278971
8,86,10.55013164702849
8,87,12.157423751795559
8,88,10.24570585585418
8,89,10.88840281429205
8,90,14.493364446041028
8,91,14.96044356755436
8,92,14.27678298349393
8,93,17.12147207303463
8,94,19.41264186191384
8,95,19.918739393862705
8,96,20.28143996549081
8,97,23.113584113895406
8,98,25.3497276376898
8,99,24.86800368875084
8,100,26.249110730743258
9,1,14.75518415205709
9,2,12.048125762184595
9,3,10.154021998136875
9,4,9.276898689299175
9,5,6.323522692906197
9,6,6.027074977274862
9,7,5.0747567378699285
9,8,3.8223770229691736
9,10,3.8488669334493792
9,11,5.629320903288008
9,12,5.508921749703014
9,13,7.336730070026901
9,14,9.527494689613702
9,15,10.502329461857766
9,16,11.279642820746131
9,17,13.384770511142838
9,18,14.882209092630623
9,19,16.345424259133235
9,20,18.089405853782363
9,21,20.090877166865575
9,22,20.799556192745012
9,23,22.917852611019008
9,24,25.578164007999344
9,25,28.032922018714917
9,26,32.45368342233449
9,27,30.864259617068832
9,28,33.812246334034384
9,29,34.58406079225675
9,30,34.39450143593569
9,31,30.779928932769998
9,32,29.387143054804177
9,33,30.38747795245979
9,34,27.88293542270378
9,35,24.778910049374375
9,36,24.569807086896585
9,37,23.86266471513917
9,38,20.752496534782356
9,39,19.026980045791962
9,40,20.03630380786354
9,41,18.79961987428446
9,42,15.130137395418663
9,43,15.459159739567994
9,44,16.253010657758818
9,45,13.777500173868912
9,46,10.725674316293524
9,47,12.574349945848281
9,48,13.710310495659273
9,49,10.50469701471015
9,50,9.492900379931557
9,51,13.154429157023857
9,52,13.538338352154236
9,53,10.942944431121184
9,54,12.91032395019797
9,55,16.043157807993474
9,56,15.251719003765139
9,57,14.514466518521836
9,58,17.643758062701387
9,59,19.497738668460514
9,60,18.79230261448792
9,61,19.82856689339807
9,62,23.04020745693042
9,63,23.94967234716185
9,64,23.841590651185946
9,65,27.491569722767363
9,66,27.438216120225544
9,67,29.007556687195265
9,68,28.33464698921591
9,69,27.64998825678051
9,70,24.75965276376547
9,71,23.268929905185487
9,72,23.725592098076397
9,73,22.211741023993575
9,74,19.12335020146229
9,75,18.943689225635225
9,76,19.249574844959767
9,77,16.473065278738115
9,78,14.07103289128286
9,79,15.678964726727969
9,80,15.534848862832245
9,81,11.82539337514418
9,82,11.344274275257868
9,83,13.91029961882797
9,84,12.622667453114099
9,85,9.532227839714713
9,86,12.365069340710061
9,87,14.603931678008347
9,88,12.622549607927837
9,89,12.16420977359878
9,90,15.964480203536228
9,91,16.75323820460982
9,92,15.316220902168887
9,93,17.77761286417396
9,94,20.61643752386454
9,95,20.93390534293129
9,96,20.613987118105854
9,97,23.564560439701808
9,98,26.01455359850981
9,99,25.16961596288813
9,100,26.00356812148113
10,1,16.646684421555292
10,2,14.555889205143178
10,3,12.034075221722953
10,4,10.94895381633255
10,5,9.045914005544738
10,6,7.847854721088623
10,7,5.3341804824681365
10,8,5.529017559548577
10,9,3.8488669334493792
10,11,3.8163651741268017
10,12,5.394165345011115
10,13,5.656968510469966
10,14,6.931538956659505
10,15,9.07916148836011
10,16,10.411753701162011
10,17,11.551299234901094
10,18,12.780548383274615
10,19,15.02947732741663
10,20,16.631998005459117
10,21,18.050481096284624
10,22,19.171734573906807
10,23,21.536770416776424
10,24,23.765651597455843
10,25,26.41602588782669
10,26,30.685045956233484
10,27,28.73345059069908
10,28,31.450609340996653
10,29,31.892664484047437
10,30,31.6233946213138
10,31,28.12549169400603
10,32,26.726969735199848
10,33,27.38729357815661
10,34,24.825142040657287
10,35,21.86729489097437
10,36,21.411810986029995
10,37,20.468416576268254
10,38,17.536061319942664
10,39,15.834923823583361
10,40,16.470694844580663
10,41,15.198346989684532
10,42,11.634359721124493
10,43,11.776119422807506
10,44,12.413874894569604
10,45,10.082678833046923
10,46,6.885568685958132
10,47,8.883289707108698
10,48,10.156908046216516
10,49,7.304055145350584
10,50,6.619745443773243
10,51,10.407638678211013
10,52,11.14640226792636
10,53,9.46116657867344
10,54,11.488505534423005
10,55,14.491384492633957
10,56,14.42260222651063
10,57,14.321711469628006
10,58,17.06100966728671
10,59,18.889677831589754
10,60,18.947244593671503
10,61,20.120499921730513
10,62,22.944327880916795
10,63,24.213911217323943
10,64,24.642936228136172
10,65,28.38090366396531
10,66,28.35319121652987
10,67,29.684470944253082
10,68,28.550710497073915
10,69,28.064596630342002
10,70,25.5216259827135
10,71,23.575877425308516
10,72,23.74849413751331
10,73,22.745735587834293
10,74,19.7437425858675
10,75,18.807977387084996
10,76,19.02733301252338
10,77,16.821453370305225
10,78,14.037260050112337
10,79,14.767580502563368
10,80,14.969450613010691
10,81,11.624396448014519
10,82,10.029948949749006
10,83,12.160074473484311
10,84,11.475638793093994
10,85,7.817216724011065
10,86,9.696773451014458
10,87,12.382375757967472
10,88,10.74533639734681
10,89,9.362835792784516
10,90,13.057073298440782
10,91,14.44797350287934
10,92,12.96933051523288
10,93,14.86329345011692
10,94,17.946454390047613
10,95,18.680397131000266
10,96,18.038720631843436
10,97,20.67682732553693
10,98,23.448171866710087
10,99,22.883242634041558
10,100,23.612270865846728
11,1,17.83488289415116
11,2,15.58221711926374
11,3,13.701482718705266
11,4,11.59314480593213
11,5,9.974652339496732
11,6,10.099533322772857
11,7,6.944168925918738
11,8,5.42393159382309
11,9,5.629320903288008
11,10,3.8163651741268017
11,12,3.849475414230061
11,13,5.554262407162597
11,14,5.226385430560462
11,15,6.200611067849638
11,16,8.594987810258164
11,17,10.200557707479895
11,18,10.476431058884915
11,19,12.505386953280395
11,20,14.799588451642855
11,21,16.023235026306555
11,22,16.542343964884672
11,23,19.24597685098009
11,24,21.47406079252877
11,25,23.775495462605484
11,26,28.662458379897927
11,27,26.875955621762213
11,28,29.788583598821084
11,29,30.29817445962485
11,30,30.46748588363788
11,31,27.01991924300451
11,32,25.17344042544315
11,33,25.98514849803034
11,34,23.849982675519733
11,35,20.572552488235658
11,36,19.85940945998731
11,37,19.56813450149262
11,38,16.83217810325688
11,39,14.439237751982287
11,40,15.457888347422427
11,41,15.041238841202372
11,42,11.325001175832345
11,43,10.946142910299608
11,44,12.709653728912105
11,45,11.227601059843247
11,46,7.69152545679438
11,47,9.514877276593161
11,48,11.924392388513915
11,49,10.006078967300372
11,50,8.825189084181366
11,51,12.457822625129545
11,52,14.047174075551377
11,53,12.657123013637918
11,54,13.976651237873492
11,55,17.279221262013046
11,56,17.67585719658217
11,57,17.2121311186828
11,58,19.619038235581442
11,59,21.87274529602031
11,60,22.026372895689494
11,61,22.75881809868085
11,62,25.656054428467037
11,63,27.215935858205224
11,64,27.445549027651083
11,65,31.078599964596734
11,66,30.683361158821285
11,67,31.710228890267615
11,68,30.459398773713
11,69,29.573589549467858
11,70,27.19146618152045
11,71,25.498637244377864
11,72,25.19291731485416
11,73,23.93321419467968
11,74,21.325131564972796
11,75,20.426548869304835
11,76,19.949301732214693
11,77,17.584280453494227
11,78,15.383854956812032
11,79,15.688371715075352
11,80,15.02713539128495
11,81,11.734218768049365
11,82,10.696940458441837
11,83,11.799924309739952
11,84,10.16971603123174
11,85,6.626131095144747
11,86,8.708156003019882
11,87,10.345248884913431
11,88,7.8142893398036835
11,89,6.818925243246524
11,90,10.657049965858008
11,91,11.277332237312622
11,92,9.717034049085127
11,93,12.220925986359093
11,94,14.98796909546382
11,95,15.415285449007715
11,96,15.229718355406472
11,97,18.08833109838849
11,98,20.521204985668565
11,99,19.948104389765398
11,100,21.083427820398676
12,1,19.49155076403728
12,2,16.68186702098271
12,3,15.206219470630277
12,4,13.444389816801403
12,5,10.852440934434027
12,6,11.34265362074885
12,7,9.201476207441843
12,8,6.802261820765418
12,9,5.508921749703014
12,10,5.394165345011115
12,11,3.849475414230061
12,13,3.8420697774128385
12,14,5.4558449679193295
12,15,5.228946618024973
12,16,5.98033517696008
12,17,8.54417130170336
12,18,9.766477966950633
12,19,10.868288357183767
12,20,12.856171806678274
12,21,14.91355089891384
12,22,15.357994285210015
12,23,17.49311085174609
12,24,20.216563658892333
12,25,22.56599294924798
12,26,27.16378481983948
12,27,25.733296804607207
12,28,28.849775001081802
12,29,29.822098341632312
12,30,29.9282060086049
12,31,26.29650555069187
12,32,24.652797627033756
12,33,25.98156018265831
12,34,23.7873725897009
12,35,20.40159941111971
12,36,20.36461399345816
12,37,20.259437067680846
12,38,17.08983282622838
12,39,15.04539523350962
12,40,16.84151698530379
12,41,16.139830441687415
12,42,12.288273700584924
12,43,12.965387700898985
12,44,14.85100690605716
12,45,12.790192319492654
12,46,9.92145408660788
12,47,12.608799156668368
12,48,14.482930445937713
12,49,12.104331103387853
12,50,11.753764013928395
12,51,15.510515530513285
12,52,16.432030738328724
12,53,14.82255088390047
12,54,16.758430775425644
12,55,19.874765791970436
12,56,19.6821304901933
12,57,19.356198301706332
12,58,22.188645589053774
12,59,24.12482238327756
12,60,23.872296159110167
12,61,24.909223002735484
12,62,27.959813538702484
12,63,29.10198740134492
12,64,29.18467708073475
12,65,32.851761276801376
12,66,32.68799640987126
12,67,34.03640778577636
12,68,33.1023294179776
12,69,32.25694384491108
12,70,29.596769689314566
12,71,28.06290219002602
12,72,28.086948036801928
12,73,26.611928611405087
12,74,23.816053882969754
12,75,23.30080466318116
12,76,23.065440887454333
12,77,20.41001650539784
12,78,18.238592442117195
12,79,19.04126851024992
12,80,18.380934783906223
12,81,14.853524374602697
12,82,14.151590100881851
12,83,15.557845038256643
12,84,13.710909223611207
12,85,10.34975923998803
12,86,12.54053700620421
12,87,13.96661839592401
12,88,11.00208361391728
12,89,9.96033988494231
12,90,13.676258784003387
12,91,13.721334304263126
12,92,11.365625930239142
12,93,13.976659522688259
12,94,16.871414359907053
12,95,16.484867628781743
12,96,15.969029756289022
12,97,19.269496838633838
12,98,21.41829445472945
12,99,20.15283497675306
12,100,20.903762740532336
13,1,21.82153918752694
13,2,19.278265138230942
13,3,17.222416133708425
13,4,15.95315547035909
13,5,13.467478251722026
13,6,12.950673658939541
13,7,10.800773736929592
13,8,9.56628331579584
13,9,7.336730070026901
13,10,5.656968510469966
13,11,5.554262407162597
13,12,3.8420697774128385
13,14,3.798367321144059
13,15,5.642927268020702
13,16,5.338561801792758
13,17,6.2273708017864
13,18,8.419928550913296
13,19,10.26842989711205
13,20,11.271918033487971
13,21,13.15904041958384
13,22,14.532014882982494
13,23,16.396311437644524
13,24,18.827660817760126
13,25,21.66898078841711
13,26,25.491354198725652
13,27,23.73405994906511
13,28,26.58780620875703
13,29,27.428080858422113
13,30,27.156852451672254
13,31,23.497603540791683
13,32,22.22496853926823
13,33,23.41483069329958
13,34,20.875380819572722
13,35,17.736073041183847
13,36,18.013106005148867
13,37,17.44044018585774
13,38,14.039217789895705
13,39,12.612207308730044
13,40,14.398342907326962
13,41,13.09433750111079
13,42,9.31949378084124
13,43,10.884931593292189
13,44,12.377274704558083
13,45,9.872350238504287
13,46,7.8626119768552485
13,47,11.306308375856988
13,48,12.555120461192685
13,49,10.34206498210049
13,50,11.183270317362709
13,51,14.710069859097695
13,52,15.17558291835847
13,53,14.27651161662749
13,54,16.728614046084783
13,55,19.335045404540953
13,56,19.208848633100047
13,57,19.63568310918153
13,58,22.446447345221188
13,59,23.941593860474054
13,60,24.04549977600687
13,61,25.54589272728157
13,62,28.278830563999378
13,63,29.3360659312344
13,64,29.881218136519276
13,65,33.663753892015436
13,66,33.82772192240464
13,67,35.28384763311262
13,68,34.182889921677614
13,69,33.719208775590864
13,70,31.149047038417372
13,71,29.215628696830787
13,72,29.38586491778298
13,73,28.351947492500447
13,74,25.377625919571468
13,75,24.444489494694718
13,76,24.54937141321541
13,77,22.30493732324157
13,78,19.655091653948077
13,79,20.158043509908772
13,80,20.100199929439626
13,81,16.79302744550984
13,82,15.253444837914294
13,83,16.673413948686882
13,84,15.567672107898952
13,85,11.851553761871509
13,86,13.088223300507797
13,87,15.060450086376383
13,88,12.535585172128267
13,89,10.318634187875238
13,90,13.772571072390898
13,91,14.479726627481767
13,92,11.678034059740765
13,93,13.330738123472507
13,94,16.75893685337517
13,95,16.557563068927053
13,96,15.178216154767494
13,97,18.252846381605266
13,98,20.79707646855371
13,99,19.45827118925736
13,100,19.59333475952079
14,1,22.910419930047766
14,2,20.669953880689977
14,3,18.584937263791076
14,4,16.753353264050148
14,5,14.957672762879733
14,6,14.621137843474216
14,7,11.649858001026422
14,8,10.523389266854293
14,9,9.527494689613702
14,10,6.931538956659505
14,11,5.226385430560462
14,12,5.4558449679193295
14,13,3.798367321144059
14,15,3.816157921825507
14,16,5.609003994727611
14,17,5.487618128288881
14,18,5.91655455532577
14,19,8.72530710971904
14,20,10.33724625873339
14,21,11.226144203420079
14,22,12.467599582037193
14,23,15.002656496035437
14,24,16.940791406925616
14,25,19.641805658739838
14,26,23.95000238720924
14,27,21.951452902433637
14,28,24.742392058142105
14,29,25.2591341153351
14,30,25.302053341226912
14,31,21.817697609955943
14,32,20.09641204465354
14,33,21.005033440539076
14,34,18.77844392469656
14,35,15.483087553787357
14,36,15.143255000011369
14,37,14.887418536172984
14,38,11.897399768365663
14,39,9.698421550430957
14,40,11.397570152849477
14,41,10.905916324262167
14,42,7.092162439730071
14,43,7.8629470455691655
14,44,10.232282094122919
14,45,8.816483462173334
14,46,6.539663534968022
14,47,9.616102801616188
14,48,11.721056144582503
14,49,10.593016231165477
14,50,11.042400921095648
14,51,14.266797022268852
14,52,15.536253774162022
14,53,15.213131304695226
14,54,17.059767805744816
14,55,19.77608768687012
14,56,20.3639237473289
14,57,20.74208435138933
14,58,23.07887025897749
14,59,24.891311612982886
14,60,25.45221839751749
14,61,26.64470229018763
14,62,29.217026973822115
14,63,30.710520949885282
14,64,31.38290336068471
14,65,35.124125859423025
14,66,35.011483087837206
14,67,36.10002363106255
14,68,34.6579492769543
14,69,34.04642379410046
14,70,31.796830236314435
14,71,29.785376105603586
14,72,29.49238998161341
14,73,28.599678008965466
14,74,25.93889485672415
14,75,24.64045281466902
14,76,24.293549229025615
14,77,22.317224126231334
14,78,19.846881536634164
14,79,19.665328841346856
14,80,19.34387773123831
14,81,16.41166248920608
14,82,14.676535134034525
14,83,15.237602691837337
14,84,14.112120986365804
14,85,10.550911871283141
14,86,11.020379384726988
14,87,12.498571362181215
14,88,9.96380535972247
14,89,7.2276158246350635
14,90,10.331470881726233
14,91,11.019993490189533
14,92,8.093106077813406
14,93,9.53609184729425
14,94,12.996195181681333
14,95,13.013990023140348
14,96,11.678132270972517
14,97,14.63082392323096
14,98,17.27130769527595
14,99,16.28218245555557
14,100,16.743266648741624
15,1,23.644492694509257
15,2,21.06623416570134
15,3,19.61886421639497
15,4,17.33806251753109
15,5,15.37357941822897
15,6,15.958812838256913
15,7,13.101005847753935
15,8,10.900632175070477
15,9,10.502329461857766
15,10,9.07916148836011
15,11,6.200611067849638
15,12,5.228946618024973
15,13,5.642927268020702
15,14,3.816157921825507
15,16,3.8263140773903603
15,17,5.583006865016039
15,18,5.014515402409031
15,19,6.328061476908571
15,20,9.019483012902844
15,21,10.36569953454183
15,22,10.471308654899278
15,23,13.115248582585615
15,24,15.509846840237831
15,25,17.71435044416393
15,26,22.721984955256595
15,27,21.229990121885
15,28,24.40334335529634
15,29,25.30975947363099
15,30,25.8174860022962
15,31,22.320353730670366
15,32,20.23199414379114
15,33,21.635134869815325
15,34,19.907895676284138
15,35,16.277882394608834
15,36,16.041386216402834
15,37,16.64468655507577
15,38,13.799969726445203
15,39,11.164483396109683
15,40,13.53793900732208
15,41,13.76788573770094
15,42,10.172772898726695
15,43,10.676587233127798
15,44,13.623946492358954
15,45,12.57770262703682
15,46,10.194254220478951
15,47,12.856681547983445
15,48,15.343087156117294
15,49,14.1253797935505
15,50,14.036162711026984
15,51,17.413664497225753
15,52,18.909273330370883
15,53,18.160677267297284
15,54,19.777997605914152
15,55,22.812933450436617
15,56,23.286437362175477
15,57,23.216676772307988
15,58,25.627635547802207
15,59,27.702756144819258
15,60,27.968230938545613
15,61,28.894707727289433
15,62,31.719408765009234
15,63,33.21081139522822
15,64,33.530535840603974
15,65,37.198412110334026
15,66,36.86781589013708
15,67,37.90166687394081
15,68,36.610332586801874
15,69,35.65917933115933
15,70,33.33018445410267
15,71,31.672531914041997
15,72,31.23689559876111
15,73,29.944263194517696
15,74,27.463354962918242
15,75,26.52121135409656
15,76,25.82172666135427
15,77,23.484836033065466
15,78,21.483815238579343
15,79,21.477448688868023
15,80,20.52013670900997
15,81,17.45683836737086
15,82,16.47041154710447
15,83,16.761545193471832
15,84,14.810642205943141
15,85,11.698797801147924
15,86,12.777107411046218
15,87,13.285897492914708
15,88,9.963757868064116
15,89,8.30435013293851
15,90,11.212822111824089
15,91,10.558149595051644
15,92,7.320331950061259
15,93,9.809309152330362
15,94,12.618823110989554
15,95,11.666861606411253
15,96,10.960366595775882
15,97,14.470383516493472
15,98,16.37348710148439
15,99,14.937023632085255
15,100,15.788443467117037
16,1,25.456884517614196
16,2,22.58878092163803
16,3,21.179746783713192
16,4,19.35453557581511
16,5,16.78549019794668
16,6,17.21925645533444
16,7,14.975435491765525
16,8,12.709027157074638
16,9,11.279642820746131
16,10,10.411753701162011
16,11,8.594987810258164
16,12,5.98033517696008
16,13,5.338561801792758
16,14,5.609003994727611
16,15,3.8263140773903603
16,17,3.804869859710725
16,18,5.544353769216679
16,19,5.521855255309587
16,20,6.9716252565133985
16,21,9.555288197602712
16,22,10.095419259437305
16,23,11.699136244558176
16,24,14.609766797809753
16,25,17.11637341427421
16,26,21.330571544708388
16,27,20.108863480334307
16,28,23.369991207171438
16,29,24.723145124798776
16,30,24.95165870092265
16,31,21.259171840153222
16,32,19.62684406181799
16,33,21.50349338442927
16,34,19.544400839013488
16,35,16.007879625547236
16,36,16.673893365257225
16,37,17.158954927706578
16,38,13.848698861683596
16,39,12.052068195066614
16,40,14.952271080336423
16,41,14.549866014148302
16,42,11.071684133913578
16,43,12.73784206784778
16,44,15.283744225943893
16,45,13.563711886287951
16,46,11.907797787206237
16,47,15.194610124786715
16,48,17.005233594798586
16,49,15.370618636071002
16,50,15.996961362405472
16,51,19.471888228200736
16,52,20.317417273147058
16,53,19.4990827716233
16,54,21.688652480591056
16,55,24.47649633848883
16,56,24.48177227841201
16,57,24.694287479615376
16,58,27.44580377745624
16,59,29.14764912852216
16,60,29.176236134244586
16,61,30.478449959427493
16,62,33.33970442009826
16,63,34.45775326352335
16,64,34.797851962005524
16,65,38.52827181236733
16,66,38.50437812554838
16,67,39.857195310641025
16,68,38.78606491909439
16,69,38.015877736314074
16,70,35.460056108727166
16,71,33.7840580912902
16,72,33.704447637871716
16,73,32.38402253465191
16,74,29.643005412578212
16,75,28.87747569211147
16,76,28.539356083917387
16,77,26.076999739686197
16,78,23.869679861380444
16,79,24.235458161886676
16,80,23.545677962727925
16,81,20.259945823532245
16,82,19.22215584413326
16,83,19.99200220640391
16,84,18.18065356055724
16,85,14.86545527316097
16,86,16.08163657786502
16,87,16.97262596224194
16,88,13.725696084440184
16,89,11.878479168492731
16,90,14.773216535844675
16,91,14.23974647675159
16,92,10.763485287076191
16,93,12.701627982267537
16,94,15.67442892932292
16,95,14.272351081377817
16,96,12.920492729627904
16,97,16.514130432149308
16,98,18.283758466857527
16,99,16.186227318383075
16,100,16.265397680604647
17,1,27.682840104842313
17,2,25.09780067658141
17,3,23.236794608840814
17,4,21.577384730270172
17,5,19.256552300753874
17,6,19.07959173977566
17,7,16.596244269440582
17,8,15.033022879372124
17,9,13.384770511142838
17,10,11.551299234901094
17,11,10.200557707479895
17,12,8.54417130170336
17,13,6.2273708017864
17,14,5.487618128288881
17,15,5.583006865016039
17,16,3.804869859710725
17,18,3.8322629195320217
17,19,5.37630505401925
17,20,5.281049487861763
17,21,7.076122521516298
17,22,8.958397739237967
17,23,10.47012738782169
17,24,12.718557869340623
17,25,15.78344282627414
17,26,19.273039723969443
17,27,17.542189673727446
17,28,20.506798812980218
17,29,21.601822312514194
17,30,21.560975383573446
17,31,17.861863199999622
17,32,16.430002819308353
17,33,18.108138324688436
17,34,15.904126651676988
17,35,12.495715387436764
17,36,13.401345583951333
17,37,13.614546785591173
17,38,10.171863881342588
17,39,8.846282049603639
17,40,11.93509644244411
17,41,11.325135761615144
17,42,8.24512382737934
17,43,10.599759477851938
17,44,13.02830905725655
17,45,11.510297512680282
17,46,10.828775815559506
17,47,14.279164857498243
17,48,15.760925926026705
17,49,14.731359208091876
17,50,16.030537979385286
17,51,19.111419932351748
17,52,19.844871672528242
17,53,19.733555539549904
17,54,22.04241534424674
17,55,24.447223374331415
17,56,24.730055017311862
17,57,25.457713773271504
17,58,28.01523841506322
17,59,29.47901358857625
17,60,29.923496176292186
17,61,31.455134775858156
17,62,34.009917905023656
17,63,35.20704131271532
17,64,35.9415756374205
17,65,39.73720759017896
17,66,39.87019461228827
17,67,41.17920794740586
17,68,39.86509107831157
17,69,39.34676703419272
17,70,36.96771672102048
17,71,34.96202906892644
17,72,34.84731043482983
17,73,33.91167532520335
17,74,31.13449145012168
17,75,29.94875414619211
17,76,29.731360871084604
17,77,27.657782852820528
17,78,25.16035409345855
17,79,25.119586732826026
17,80,24.80164114638545
17,81,21.784207102418023
17,82,20.13622570667243
17,83,20.68786710424519
17,84,19.43178482243092
17,85,15.971657000329758
17,86,16.337450146027326
17,87,17.461164715805577
17,88,14.672449625577483
17,89,11.978136241282673
