1,2,3.8193076241124424
1,3,6.901858002171747
1,4,7.485582453895802
1,5,8.63136249427714
1,6,11.488038444590535
1,7,12.652378844425254
1,8,12.576990904293364
1,9,14.061608563490546
1,10,16.627556240972513
1,11,17.616896540921207
1,12,17.84441256092948
1,13,19.319525937295502
1,14,22.29055360818623
1,15,23.1259509998447
1,16,22.642542467828434
1,17,25.04479343419018
1,18,27.143193798611783
1,19,27.698040206960467
1,20,28.354078609305247
1,21,31.58926339469758
1,22,32.37482103446045
1,23,32.99569943762827
1,24,34.52946015379504
1,25,37.086870908201846
1,26,37.92301523558598
1,27,38.93501443904921
1,28,41.772093494727855
1,29,42.76311948553374
1,30,42.82599715612921
1,31,45.30114351491894
1,32,46.803291167391976
1,33,47.851303989477856
1,34,49.07146170500269
1,35,51.0128385912148
1,36,52.65680955379056
1,37,52.59210279339786
1,38,54.75892978095024
1,39,57.177392681318395
1,40,57.66452594167415
1,41,58.52353005037102
1,42,60.85618908319785
1,43,62.43135226147379
1,44,63.10919067261599
1,45,64.71342481741162
1,46,66.99503074664813
1,47,68.0978065790501
1,48,68.42278783410384
1,49,70.86758305481528
1,50,72.83866113094815
1,51,73.08422366593493
1,52,74.64468705196724
1,53,76.84781153452799
1,54,77.9824987798943
1,55,78.520985006069
1,56,80.97019338093722
1,57,82.34622297983819
1,58,83.08423744089582
1,59,84.48045328775204
1,60,86.85817634118727
1,61,88.08255806308692
1,62,88.43316089880102
1,63,90.41489545383648
1,64,92.63720157698343
1,65,93.60900282579227
1,66,95.46750949799961
2,1,3.8193076241124424
2,3,3.803513752387526
2,4,5.399296129000057
2,5,5.913406087024755
2,6,8.254384187686878
2,7,10.243328294034598
2,8,10.691388907991945
2,9,11.682869045036899
2,10,13.870547352163575
2,11,15.490061958046308
2,12,16.27066979181012
2,13,17.314456341073388
2,14,20.083408364248825
2,15,21.441614243893778
2,16,21.155039505037337
2,17,23.117591191090757
2,18,25.3355143505115
2,19,26.287042628312225
2,20,26.718025452248877
2,21,29.7832882933125
2,22,30.841055114812693
2,23,31.709414674431642
2,24,32.94270719988037
2,25,35.46761515929059
2,26,36.65484710512366
2,27,37.67837023121512
2,28,40.30361966685792
2,29,41.4785446595983
2,30,41.812480856311765
2,31,44.13607161353442
2,32,45.49990572079903
2,33,46.81857936259716
2,34,48.11472209550338
2,35,49.81207920430135
2,36,51.555272366721475
2,37,51.74960737511345
2,38,53.85128326804174
2,39,56.1202001692367
2,40,56.791904194918864
2,41,57.79970458772984
2,42,59.95872178394672
2,43,61.516953989976344
2,44,62.415120545504855
2,45,64.03372511573787
2,46,66.14931138295907
2,47,67.35569510109795
2,48,67.86215835904933
2,49,70.2107319393046
2,50,72.09280152722111
2,51,72.51638183817899
2,52,74.16320945789452
2,53,76.2106371486951
2,54,77.36099938934751
2,55,78.082192464615
2,56,80.50218541502998
2,57,81.74373230987577
2,58,82.58895599647295
2,59,84.10718129748776
2,60,86.36601089407228
2,61,87.54037398524126
2,62,88.04527549561578
2,63,90.0527156618092
2,64,92.15000000865028
2,65,93.20111333015643
2,66,95.19226711515276
3,1,6.901858002171747
3,2,3.803513752387526
3,4,3.7887161701581342
3,5,5.533259105635093
3,6,6.012913028854855
3,7,8.022196081561564
3,8,9.784498855716947
3,9,11.175664858623229
3,10,12.355902626229895
3,11,14.091830451387283
3,12,15.714829291100994
3,13,16.896995745296064
3,14,19.083105461180665
3,15,20.607333898405948
3,16,20.969661963682174
3,17,22.694858922003835
3,18,24.58677587072375
3,19,26.047332122087226
3,20,26.677782533282425
3,21,29.409311525691358
3,22,30.382007035812816
3,23,31.691507551670554
3,24,32.885777719365215
3,25,35.12517985805009
3,26,36.532170150711636
3,27,37.838531066483895
3,28,40.205595247452436
3,29,41.292719605583
3,30,41.9539343282686
3,31,44.31344732140671
3,32,45.37877589504982
3,33,46.823285092754126
3,34,48.37215872211237
3,35,49.872276447201294
3,36,51.50000454368985
3,37,51.92305299644872
3,38,54.1314267568728
3,39,56.193433896679835
3,40,56.86672626732147
3,41,58.11125333160339
3,42,60.20786277743509
3,43,61.58546482280673
3,44,62.607505551295056
3,45,64.38588499506345
3,46,66.34100517349596
3,47,67.47722157236363
3,48,68.17762968064835
3,49,70.55244073748501
3,50,72.2597466722683
3,51,72.73496741199659
3,52,74.55009012238432
3,53,76.50158654341416
3,54,77.52327933810632
3,55,78.36777700120939
3,56,80.86694830968277
3,57,81.94909379538014
3,58,82.76358548372865
3,59,84.43889653780678
3,60,86.66373246128137
3,61,87.68842814860282
3,62,88.2528589672659
3,63,90.37678567269327
3,64,92.3650542709824
3,65,93.36897116697082
3,66,95.43482223633701
4,1,7.485582453895802
4,2,5.399296129000057
4,3,3.7887161701581342
4,5,3.7943487827713347
4,6,5.029572668413093
4,7,5.313476341413499
4,8,6.55726255479891
4,9,8.86203762185631
4,10,10.244535040906355
4,11,11.154835429998036
4,12,12.516479800504706
4,13,14.257262645257834
4,14,16.440605282929607
4,15,17.48836846925496
4,16,17.965234260806596
4,17,20.044738470029493
4,18,21.662618074878946
4,19,22.996722458014446
4,20,23.980463570707297
4,21,26.71065110469659
4,22,27.367781976778822
4,23,28.69456074504827
4,24,30.169496454652823
4,25,32.28093953694848
4,26,33.485049014374624
4,27,34.959572457969294
4,28,37.37635729004141
4,29,38.24587112912855
4,30,38.8641212895529
4,31,41.38514740464174
4,32,42.39752112151594
4,33,43.686433584792326
4,34,45.32557857315028
4,35,46.91795236549876
4,36,48.3982542668452
4,37,48.744552126631696
4,38,51.0719054561394
4,39,53.13653446157304
4,40,53.6668662786649
4,41,54.93547158946714
4,42,57.13198137809419
4,43,58.421549753004044
4,44,59.35090478194565
4,45,61.210995000392295
4,46,63.19953872372587
4,47,64.22362280379733
4,48,64.90337058197059
4,49,67.36221621703584
4,50,69.03788698743759
4,51,69.41953184394153
4,52,71.26918889596244
4,53,73.2745004213954
4,54,74.2191648173799
4,55,75.01017656456405
4,56,77.5704401070242
4,57,78.65769902016363
4,58,79.3903061140728
4,59,81.06934914530683
4,60,83.35142288366951
4,61,84.33491809655736
4,62,84.83560386776573
4,63,87.00055936286319
4,64,89.01215863607133
4,65,89.9484549124354
4,66,91.97539194761032
5,1,8.63136249427714
5,2,5.913406087024755
5,3,5.533259105635093
5,4,3.7943487827713347
5,6,3.8257198276874824
5,7,5.441857378456071
5,8,5.185827963974144
5,9,5.890507739973987
5,10,8.056061141868389
5,11,9.701895131849401
5,12,10.678125807207724
5,13,11.599566900248035
5,14,14.192299962300762
5,15,15.701436088421392
5,16,15.63945789764333
5,17,17.427896656990455
5,18,19.544212296980703
5,19,20.756986637610446
5,20,21.259656885479416
5,21,24.13517658844772
5,22,25.18873437468148
5,23,26.306953325438883
5,24,27.48504906411197
5,25,29.8479841884592
5,26,31.199570417010513
5,27,32.38579269690455
5,28,34.82974262797281
5,29,35.98650814310223
5,30,36.556351301756756
5,31,38.86644846635767
5,32,40.03346271106758
5,33,41.480938176718254
5,34,42.93537283489356
5,35,44.46294157101605
5,36,46.164738978607055
5,37,46.55400627996776
5,38,48.69421704576758
5,39,50.804501511684144
5,40,51.53175667717536
5,41,52.713925829332176
5,42,54.781707707528845
5,43,56.235618029511734
5,44,57.274304828579666
5,45,58.98087851736158
5,46,60.950417211642836
5,47,62.15757003910721
5,48,62.83294296732072
5,49,65.15520261650688
5,50,66.91116124000878
5,51,67.43319599558716
5,52,69.1995878863036
5,53,71.13047589955312
5,54,72.22425587295433
5,55,73.08644985442224
5,56,75.52788440904716
5,57,76.6316336961186
5,58,77.51368950456917
5,59,79.16030266371095
5,60,81.34339638055624
5,61,82.42725976617331
5,62,83.03573942915231
5,63,85.10341233010888
5,64,87.08853168096356
5,65,88.16158111401593
5,66,90.2551731474161
6,1,11.488038444590535
6,2,8.254384187686878
6,3,6.012913028854855
6,4,5.029572668413093
6,5,3.8257198276874824
6,7,3.8207934754902793
6,8,5.830120904486879
6,9,6.354149009319441
6,10,6.499463051222246
6,11,8.834918183846117
6,12,11.090624464200427
6,13,11.769554693172399
6,14,13.477311928622328
6,15,15.460013111644265
6,16,16.13633348491922
6,17,17.356182354126087
6,18,19.18658663336579
6,19,21.057569378097373
6,20,21.587108697462877
6,21,24.0121760889996
6,22,25.130305382076163
6,23,26.730989407073825
6,24,27.691517181337783
6,25,29.768399809651715
6,26,31.468075244978976
6,27,32.86729811625075
6,28,34.96864535599123
6,29,36.13973404774728
6,30,37.09464639876915
6,31,39.332916318897034
6,32,40.19058220742509
6,33,41.85710411660592
6,34,43.52783052670391
6,35,44.775799095248374
6,36,46.42680844184964
6,37,47.109732140016234
6,38,49.28419787665311
6,39,51.15646905625615
6,40,51.967818514536965
6,41,53.38776572193271
6,42,55.31795906909941
6,43,56.62323068143351
6,44,57.849612398127015
6,45,59.67188819516227
6,46,61.43976927566111
6,47,62.63743537738502
6,48,63.533358725441374
6,49,65.82267160066087
6,50,67.40498078109822
6,51,68.04193748333574
6,52,69.9623199846062
6,53,71.74895400964799
6,54,72.7525529167947
6,55,73.78133220429989
6,56,76.26025850423036
6,57,77.18700380670197
6,58,78.09066635851505
6,59,79.89919478268486
6,60,82.00127880247757
6,61,82.95238642783214
6,62,83.66850808902306
6,63,85.82672704808172
6,64,87.67549541942859
6,65,88.74559454026881
6,66,90.94454881783989
7,1,12.652378844425254
7,2,10.243328294034598
7,3,8.022196081561564
7,4,5.313476341413499
7,5,5.441857378456071
7,6,3.8207934754902793
7,8,3.837999401743716
7,9,6.302126225928433
7,10,5.9183881713384965
7,11,6.518004016085482
7,12,9.01082168896803
7,13,10.75494108305105
7,14,12.042868546172016
7,15,13.275050633749963
7,16,14.52389222170933
7,17,16.19212668010318
7,18,17.38286564015938
7,19,19.294900532243584
7,20,20.46388422366268
7,21,22.73049605789219
7,22,23.30842667143596
7,23,25.115681104219725
7,24,26.487386492684287
7,25,28.251571214039743
7,26,29.718693705109043
7,27,31.469840120376563
7,28,33.55306719298159
7,29,34.35774378668891
7,30,35.35545623956011
7,31,37.84845935824666
7,32,38.52733455290194
7,33,39.992823301146004
7,34,41.87861000249598
7,35,43.20689008948888
7,36,44.59333262804812
7,37,45.225441385584475
7,38,47.6135597517394
7,39,49.42919432203578
7,40,50.01661882316793
7,41,51.539414211952305
7,42,53.60818810732092
7,43,54.72468416695448
7,44,55.83695671708264
7,45,57.830506440211856
7,46,59.60911248805763
7,47,60.60818123355644
7,48,61.52040720865296
7,49,63.95119779050206
7,50,65.43803797758787
7,51,65.93510537603875
7,52,67.95222170162036
7,53,69.80411409456082
7,54,70.6488152526875
7,55,71.61798828365941
7,56,74.21762719023025
7,57,75.11474746413579
7,58,75.87233427867805
7,59,77.72457506151807
7,60,79.9160186298189
7,61,80.7603783252102
7,62,81.38099318302065
7,63,83.63801700575183
7,64,85.50124553399503
7,65,86.44202824239986
7,66,88.58873704519671
8,1,12.576990904293364
8,2,10.691388907991945
8,3,9.784498855716947
8,4,6.55726255479891
8,5,5.185827963974144
8,6,5.830120904486879
8,7,3.837999401743716
8,9,3.840708609852363
8,10,5.3593769265126925
8,11,5.059745813873103
8,12,5.98574277726573
8,13,7.988388156656652
8,14,10.130475385509706
8,15,10.9689521283311
8,16,11.494809052884094
8,17,13.646489762621254
8,18,15.134449628165813
8,19,16.475440699731752
8,20,17.609208638678222
8,21,20.245617425512172
8,22,20.811198181948
8,23,22.218615451134045
8,24,23.7427436617902
8,25,25.75165318886184
8,26,26.96852979616335
8,27,28.53765168551145
8,28,30.88052299770354
8,29,31.71172322565759
8,30,32.424114534233716
8,31,34.94558511103118
8,32,35.870013849430386
8,33,37.204315290070895
8,34,38.91213406544888
8,35,40.42954109393785
8,36,41.88976610802042
8,37,42.32453393063172
8,38,44.659927384403886
8,39,46.64986265923998
8,40,47.21691887871142
8,41,48.5631049608997
8,42,50.70275733141029
8,43,51.95363366164505
8,44,52.96277322725508
8,45,54.848845685002225
8,46,56.75985541961658
8,47,57.806026195813686
8,48,58.57138357379639
8,49,60.99543880097072
8,50,62.616477079588144
8,51,63.0709305614817
8,52,64.96921905139355
8,53,66.89864257001237
8,54,67.83968673790544
8,55,68.71861942189
8,56,71.26522044009195
8,57,72.28260846006049
8,58,73.06603177039543
8,59,74.80515303390932
8,60,77.02384825227345
8,61,77.98285621672957
8,62,78.5634411822082
8,63,80.73529085237804
8,64,82.68072841575609
8,65,83.66296174674702
8,66,85.7624481923652
9,1,14.061608563490546
9,2,11.682869045036899
9,3,11.175664858623229
9,4,8.86203762185631
9,5,5.890507739973987
9,6,6.354149009319441
9,7,6.302126225928433
9,8,3.840708609852363
9,10,3.8065465919994903
9,11,5.373852085579107
9,12,5.852691310217636
9,13,5.786737273340505
9,14,8.495712814662689
9,15,10.369680244257305
9,16,10.151074804608308
9,17,11.575547360013326
9,18,13.852228823740067
9,19,15.190663005837603
9,20,15.52939160007202
9,21,18.28871741698784
9,22,19.50401948705916
9,23,20.71916818722277
9,24,21.725450987218252
9,25,24.048867212007295
9,26,25.57843533961357
9,27,26.773280742854215
9,28,29.074751517678692
9,29,30.325942850009938
9,30,31.058410840547168
9,31,33.26307980463995
9,32,34.33525341553465
9,33,35.93976204967156
9,34,37.437290502778005
9,35,38.80418783644528
9,36,40.55719203511047
9,37,41.111421658264426
9,38,43.199093930977995
9,39,45.20120516882292
9,40,46.04788514283598
9,41,47.32460418249718
9,42,49.265861073994486
9,43,50.70382464458097
9,44,51.89067290633855
9,45,53.596981491949236
9,46,55.44464255797626
9,47,56.72471911042401
9,48,57.52367376884499
9,49,59.765192099821675
9,50,61.456601618903065
9,51,62.10920122559963
9,52,63.927182684459375
9,53,65.73666695700149
9,54,66.84876143370731
9,55,67.84417999144934
9,56,70.2472502061571
9,57,71.25443250062733
9,58,72.22579508409322
9,59,73.95056438074756
9,60,76.03259076757422
9,61,77.09174829913674
9,62,77.82143195900336
9,63,79.88818763176202
9,64,81.77767384935171
9,65,82.92447745521723
9,66,85.1193291547273
10,1,16.627556240972513
10,2,13.870547352163575
10,3,12.355902626229895
10,4,10.244535040906355
10,5,8.056061141868389
10,6,6.499463051222246
10,7,5.9183881713384965
10,8,5.3593769265126925
10,9,3.8065465919994903
10,11,3.8237825791965374
10,12,6.4539388007550755
10,13,6.176896122400024
10,14,7.079234044025941
10,15,9.580334839100441
10,16,10.56225631762591
10,17,11.191626085640166
10,18,12.895958081159714
10,19,15.119835362212443
10,20,15.61926442288807
10,21,17.71318351056276
10,22,18.89649825050542
10,23,20.742556491596524
10,24,21.550715649056357
10,25,23.443556895587164
10,26,25.339787133094386
10,27,26.845550517988322
10,28,28.72471197738806
10,29,29.918772898125706
10,30,31.101609497987397
10,31,33.25767468210526
10,32,33.938153458682265
10,33,35.75047873947886
10,34,37.52392648729389
10,35,38.58538786708363
10,36,40.2292679419401
10,37,41.100701520037894
10,38,43.25610181720226
10,39,44.979055997804345
10,40,45.878199626876395
10,41,47.429942261432835
10,42,49.23883481712829
10,43,50.479064011088354
10,44,51.849029159165276
10,45,53.70527669469238
10,46,55.332293538758606
10,47,56.56720283512919
10,48,57.60518013261638
10,49,59.82982864776345
10,50,61.31626845009694
10,51,62.06879735770881
10,52,64.06385477065929
10,53,65.7266775630355
10,54,66.71587979088994
10,55,67.87818207952427
10,56,70.3363204559762
10,57,71.14961993105513
10,58,72.12046860735623
10,59,74.02119044059545
10,60,76.02860249305243
10,61,76.93029456236604
10,62,77.75864777657343
10,63,79.93319341115628
10,64,81.6794113614093
10,65,82.80306817035604
10,66,85.09912708397206
11,1,17.616896540921207
11,2,15.490061958046308
11,3,14.091830451387283
11,4,11.154835429998036
11,5,9.701895131849401
11,6,8.834918183846117
11,7,6.518004016085482
11,8,5.059745813873103
11,9,5.373852085579107
11,10,3.8237825791965374
11,12,3.801244610429962
11,13,5.451534475797591
11,14,5.789420269662473
11,15,6.839704749560575
11,16,8.57505654698572
11,17,10.042293202632523
11,18,10.876766175787726
11,19,12.994075222394876
11,20,14.367441820831687
11,21,16.367106669505084
11,22,16.82630783149631
11,23,18.81723220660699
11,24,20.20227752733624
11,25,21.78507564042343
11,26,23.30961466509837
11,27,25.186451129156545
11,28,27.134518075654757
11,29,27.898141283557504
11,30,29.03755835891025
11,31,31.507441925586715
11,32,32.06354476154315
11,33,33.59805043796728
11,34,35.56325672150053
11,35,36.78462368584974
11,36,38.15066482660708
11,37,38.896807959957606
11,38,41.281263557275345
11,39,43.00262770126388
11,40,43.640807186505135
11,41,45.24966863529685
11,42,47.24211995659873
11,43,48.31791653532125
11,44,49.52462876997006
11,45,51.53757749485316
11,46,53.225267387125236
11,47,54.255437219256066
11,48,55.26070926831767
11,49,57.643194519154726
11,50,59.07245845457844
11,51,59.6543154588474
11,52,61.716427362293
11,53,63.48136105803086
11,54,64.32911647156702
11,55,65.39358747539521
11,56,67.96901188161567
11,57,68.79354997300672
11,58,69.61190055352226
11,59,71.52201155857125
11,60,73.64019848876265
11,61,74.46535629018307
11,62,75.1736650068364
11,63,77.4289294940479
11,64,79.22230857095086
11,65,80.2180410794254
11,66,82.44027270075102
12,1,17.84441256092948
12,2,16.27066979181012
12,3,15.714829291100994
12,4,12.516479800504706
12,5,10.678125807207724
12,6,11.090624464200427
12,7,9.01082168896803
12,8,5.98574277726573
12,9,5.852691310217636
12,10,6.4539388007550755
12,11,3.801244610429962
12,13,3.7767419900238406
12,14,5.564537226922583
12,15,5.289062221687585
12,16,5.690944907751144
12,17,8.28818995055617
12,18,9.434338736163433
12,19,10.528383177368928
12,20,12.037485302989088
12,21,14.587550334982266
12,22,14.890116439579295
12,23,16.30535320618563
12,24,18.02483583998347
12,25,19.90450936678088
12,26,21.004705669555335
12,27,22.695808669279902
12,28,25.01861326861939
12,29,25.74233727235042
12,30,26.48374807681204
12,31,29.055000212073825
12,32,29.91929365938039
12,33,31.227793197281386
12,34,32.9944053212223
12,35,34.49658231993002
12,36,35.909007973110626
12,37,36.37270104714477
12,38,38.735112694406844
12,39,40.68422468176239
12,40,41.245689355277236
12,41,42.63850969897711
12,42,44.76050274558177
12,43,45.976956917133926
12,44,47.018864390958655
12,45,48.92802323935761
12,46,50.79806892815574
12,47,51.84604067719549
12,48,52.658268267241674
12,49,55.067381865541755
12,50,56.65476639588109
12,51,57.14595039066069
12,52,59.073735565054555
12,53,60.959896359769346
12,54,61.89725378680673
12,55,62.82645337153169
12,56,65.36362670497668
12,57,66.34113320136431
12,58,67.15603872420309
12,59,68.92812831875544
12,60,71.10730214396801
12,61,72.05603684526928
12,62,72.6857003418692
12,63,74.85624399741386
12,64,76.76289263590068
12,65,77.77783412430833
12,66,79.92296607520558
13,1,19.319525937295502
13,2,17.314456341073388
13,3,16.896995745296064
13,4,14.257262645257834
13,5,11.599566900248035
13,6,11.769554693172399
13,7,10.75494108305105
13,8,7.988388156656652
13,9,5.786737273340505
13,10,6.176896122400024
13,11,5.451534475797591
13,12,3.7767419900238406
13,14,3.789119051293598
13,15,5.556331066882662
13,16,4.71975140152956
13,17,5.838609354889753
13,18,8.278829133669891
13,19,9.525350830763612
13,20,9.862992454660159
13,21,12.542498380545121
13,22,13.76209020982298
13,23,15.020225111374629
13,24,16.021318483822103
13,25,18.26688405472725
13,26,19.83572875339042
13,27,21.103082713139163
13,28,23.32085311067927
13,29,24.559838313207344
13,30,25.39422383743695
13,31,27.576142245723513
13,32,28.563262541824667
13,33,30.227392534731493
13,34,31.78432133502498
13,35,33.06697398232259
13,36,34.809191983545304
13,37,35.456761230373644
13,38,37.54133129995543
13,39,39.467041279119215
13,40,40.356684241237396
13,41,41.706990172773914
13,42,43.5855956936769
13,43,44.9875523409288
13,44,46.2539014844457
13,45,47.98033245045721
13,46,49.750204086875804
13,47,51.05287774343968
13,48,51.93314764045276
13,49,54.136979284298214
13,50,55.775200122347144
13,51,56.497238246571044
13,52,58.35840982205764
13,53,60.09386865563469
13,54,61.20212639840507
13,55,62.27879636183321
13,56,64.6656790406215
13,57,65.60724913777813
13,58,66.62509353484523
13,59,68.40269894979163
13,60,70.42430970772033
13,61,71.46062072710788
13,62,72.26226121263095
13,63,74.33249139353696
13,64,76.16062930114363
13,65,77.34786539719677
13,66,79.60560521679507
14,1,22.29055360818623
14,2,20.083408364248825
14,3,19.083105461180665
14,4,16.440605282929607
14,5,14.192299962300762
14,6,13.477311928622328
14,7,12.042868546172016
14,8,10.130475385509706
14,9,8.495712814662689
14,10,7.079234044025941
14,11,5.789420269662473
14,12,5.564537226922583
14,13,3.789119051293598
14,15,3.801296706143089
14,16,5.1832092121171796
14,17,4.698878801025467
14,18,5.861889653805338
14,19,8.478567557910283
14,20,9.219263241051282
14,21,10.832503477932864
14,22,11.861303963874427
14,23,13.966168712042288
14,24,14.809120349190918
14,25,16.430093287464473
14,26,18.375086228084275
14,27,20.07400934259248
14,28,21.788072501249513
14,29,22.883428036752424
14,30,24.229695284479064
14,31,26.391649268738174
14,32,26.912529957209422
14,33,28.764572541631054
14,34,30.650569080869854
14,35,31.615651545037302
14,36,33.194656558828015
14,37,34.17003813422235
14,38,36.35231100936698
14,39,37.97270270097655
14,40,38.883630156854224
14,41,40.53235664262881
14,42,42.288747449007936
14,43,43.45886446671951
14,44,44.897850872771436
14,45,46.79665215700477
14,46,48.33956232237023
14,47,49.57097485419757
14,48,50.69565067382652
14,49,52.8951466013061
14,50,54.31335605057026
14,51,55.12089573020527
14,52,57.169017328977894
14,53,58.76122969498767
14,54,59.72941201925891
14,55,60.96740439919508
14,56,63.417886021009785
14,57,64.16241313313854
14,58,65.16680357566025
14,59,67.12184265289798
14,60,69.07484148199781
14,61,69.94635100542465
14,62,70.83818923430788
14,63,73.02048281093329
14,64,74.70731558003718
14,65,75.86242405812676
14,66,78.21595360454897
15,1,23.1259509998447
15,2,21.441614243893778
15,3,20.607333898405948
15,4,17.48836846925496
15,5,15.701436088421392
15,6,15.460013111644265
15,7,13.275050633749963
15,8,10.9689521283311
15,9,10.369680244257305
15,10,9.580334839100441
15,11,6.839704749560575
15,12,5.289062221687585
15,13,5.556331066882662
15,14,3.801296706143089
15,16,3.815792953296862
15,17,5.220320503489455
15,18,4.490950653121957
15,19,6.464050117324513
15,20,8.71901349353909
15,21,10.282424352375216
15,22,10.107195484533255
15,23,12.238787047233053
15,24,13.991029413724393
15,25,15.260908301071288
15,26,16.557712321847138
15,27,18.67813428429118
15,28,20.586336220781472
15,29,21.124775233484108
15,30,22.29507941022294
15,31,24.86973805216677
15,32,25.334228222226248
15,33,26.782814290973917
15,34,28.837779113042703
15,35,30.074651147608204
15,36,31.34258436257589
15,37,32.08822698206389
15,38,34.52967712804213
15,39,36.21658548248232
15,40,36.80727471601399
15,41,38.458270686956396
15,42,40.461228681760204
15,43,41.48890279026126
15,44,42.69694670876946
15,45,44.741828595873706
15,46,46.407149842936924
15,47,47.41729473055771
15,48,48.44976583546366
15,49,50.833167109963505
15,50,52.23603403352209
15,51,52.82958375369513
15,52,54.91348715921192
15,53,56.65450780041679
15,54,57.494826401342294
15,55,58.586984953631934
15,56,61.156419310281116
15,57,61.958499812263405
15,58,62.796102704807055
15,59,64.7227678088942
15,60,66.81548737226986
15,61,67.64007494171348
15,62,68.37915182729442
15,63,70.62638867720786
15,64,72.3981974237929
15,65,73.42069126080605
15,66,75.673257394517
16,1,22.642542467828434
16,2,21.155039505037337
16,3,20.969661963682174
16,4,17.965234260806596
16,5,15.63945789764333
16,6,16.13633348491922
16,7,14.52389222170933
16,8,11.494809052884094
16,9,10.151074804608308
16,10,10.56225631762591
16,11,8.57505654698572
16,12,5.690944907751144
16,13,4.71975140152956
16,14,5.1832092121171796
16,15,3.815792953296862
16,17,3.804055575012803
16,18,5.257118412178772
16,19,5.134347153797752
16,20,6.479102877248381
16,21,9.281833478003405
16,22,9.757149019815104
16,23,10.742286379772402
16,24,12.414812419939107
16,25,14.516833348610001
16,26,15.576161919835354
16,27,17.04829233086741
16,28,19.459355058216566
16,29,20.369078157117638
16,30,21.02217351316299
16,31,23.453731638637436
16,32,24.464431679742415
16,33,25.86617752103717
16,34,27.482057230618402
16,35,28.957245828052947
16,36,30.537682415347636
16,37,31.022123357750804
16,38,33.23880551651998
16,39,35.22874024877454
16,40,35.94458169042926
16,41,37.26961893651335
16,42,39.287459183063234
16,43,40.63425643201682
16,44,41.76919635968268
16,45,43.55444030346337
16,46,45.40243019606978
16,47,46.602346317429294
16,48,47.41962240557181
16,49,49.71057734149905
16,50,51.35742393307246
16,51,51.974467613297705
16,52,53.839089220345834
16,53,55.650410622051666
16,54,56.71262373515795
16,55,57.71481593202693
16,56,60.14637554075235
16,57,61.12747560968102
16,58,62.07841879441844
16,59,63.82935597400214
16,60,65.91175259555138
16,61,66.94487754814617
16,62,67.67952525453298
16,63,69.76283319395284
16,64,71.6360498127112
16,65,72.77759948260149
16,66,74.99179557618915
17,1,25.04479343419018
17,2,23.117591191090757
17,3,22.694858922003835
17,4,20.044738470029493
17,5,17.427896656990455
17,6,17.356182354126087
17,7,16.19212668010318
17,8,13.646489762621254
17,9,11.575547360013326
17,10,11.191626085640166
17,11,10.042293202632523
17,12,8.28818995055617
17,13,5.838609354889753
17,14,4.698878801025467
17,15,5.220320503489455
17,16,3.804055575012803
17,18,3.8118382482420814
17,19,4.942581163822866
17,20,4.553558817854806
17,21,6.716622553386367
17,22,8.383771674880647
17,23,9.787822838393701
17,24,10.376359219847453
17,25,12.510612391533737
17,26,14.40395280313788
17,27,15.675153132271495
17,28,17.616027348175972
17,29,19.008389801402835
17,30,20.104634275565775
17,31,22.09133970668736
17,32,22.925241143653505
17,33,24.8218370122531
17,34,26.427965647775043
17,35,27.467919858378746
17,36,29.280544183729816
17,37,30.157650993035432
17,38,32.1518220685311
17,39,33.923104575755644
17,40,34.975111385307734
17,41,36.44124216735121
17,42,38.141978786315356
17,43,39.523690063333454
17,44,40.97832882212053
17,45,42.69141063070993
17,46,44.302252008309104
17,47,45.698475979830604
17,48,46.726829425504164
17,49,48.81901316228988
17,50,50.378233115540056
17,51,51.2606347090613
17,52,53.173193535378296
17,53,54.75699609469399
17,54,55.89127482188871
17,55,57.123524607374144
17,56,59.45297212789053
17,57,60.28251926270698
17,58,61.408506835936855
17,59,63.26799226155741
17,60,65.16524823472388
17,61,66.17812103684813
17,62,67.11975954507905
17,63,69.17780329268821
17,64,70.89530483499716
17,65,72.17021661021934
17,66,74.53834977991922
18,1,27.143193798611783
18,2,25.3355143505115
18,3,24.58677587072375
18,4,21.662618074878946
18,5,19.544212296980703
18,6,19.18658663336579
18,7,17.38286564015938
18,8,15.134449628165813
18,9,13.852228823740067
18,10,12.895958081159714
18,11,10.876766175787726
18,12,9.434338736163433
18,13,8.278829133669891
18,14,5.861889653805338
18,15,4.490950653121957
18,16,5.257118412178772
18,17,3.8118382482420814
18,19,3.796113777928943
18,20,5.664772059440213
18,21,6.01918986921427
18,22,6.075768887796156
18,23,8.675852521547787
18,24,9.934772549634777
18,25,10.956819177046317
18,26,12.709895594251941
18,27,14.824822663714807
18,28,16.387926556967187
18,29,17.150846982735953
18,30,18.63386886270076
18,31,20.94365935079928
18,32,21.2610865848553
18,33,23.01761236643882
18,34,25.08429502315334
18,35,26.038583794240374
18,36,27.44288949512006
18,37,28.44985581914803
18,38,30.74537933101709
18,39,32.28449506761868
18,40,33.10149146748311
18,41,34.846754181545755
18,42,36.63231581879149
18,43,37.68863402607531
18,44,39.11928144684444
18,45,41.10520525660503
18,46,42.60884172918201
18,47,43.76649485474935
18,48,44.94201416327632
18,49,47.176702338763704
18,50,48.52831561718179
18,51,49.31826065302825
18,52,51.42527551885611
18,53,53.0011670891963
18,54,53.910924637336976
18,55,55.17056325424177
18,56,57.65114509648839
18,57,58.35360807395848
18,58,59.33590226344518
18,59,61.329257913623834
18,60,63.2783581750518
18,61,64.10987155559256
18,62,65.0094155471944
18,63,67.21799075024579
18,64,68.8805650822167
18,65,70.02219390034375
18,66,72.3936702161201
19,1,27.698040206960467
19,2,26.287042628312225
19,3,26.047332122087226
19,4,22.996722458014446
19,5,20.756986637610446
19,6,21.057569378097373
19,7,19.294900532243584
19,8,16.475440699731752
19,9,15.190663005837603
19,10,15.119835362212443
19,11,12.994075222394876
19,12,10.528383177368928
19,13,9.525350830763612
19,14,8.478567557910283
19,15,6.464050117324513
19,16,5.134347153797752
19,17,4.942581163822866
19,18,3.796113777928943
19,20,3.8305512698584594
19,21,5.3024526931863125
19,22,4.7818370039360705
19,23,5.848098653439473
19,24,8.006874750718247
19,25,9.623142140670488
19,26,10.498481824199539
19,27,12.314154545294958
19,28,14.564954845276072
19,29,15.263308556209733
19,30,16.089172697059684
19,31,18.589041497193083
19,32,19.40336937396532
19,33,20.818047938831086
19,34,22.594649082737796
19,35,23.97384596469897
19,36,25.456926712832892
19,37,26.05865476301823
19,38,28.331435902307575
19,39,30.200251639931846
19,40,30.916753848076837
19,41,32.36877981235637
19,42,34.336148941986394
19,43,35.59000889179779
19,44,36.804310482681146
19,45,38.655467376085376
19,46,40.40485799778461
19,47,41.59089712490415
19,48,42.51649748781826
19,49,44.7896936039394
19,50,46.349686625627704
19,51,47.02542047347146
19,52,48.96405121779648
19,53,50.69689255269514
19,54,51.72278611803288
19,55,52.81340341380835
19,56,55.24931111748349
19,57,56.14490081973382
19,58,57.12396945478322
19,59,58.947653789460055
19,60,60.975021452000895
19,61,61.96032760793869
19,62,62.762848279314596
19,63,64.86967263045482
19,64,66.67320452824919
19,65,67.83813891678308
19,66,70.11648692877569
20,1,28.354078609305247
20,2,26.718025452248877
20,3,26.677782533282425
20,4,23.980463570707297
20,5,21.259656885479416
20,6,21.587108697462877
20,7,20.46388422366268
20,8,17.609208638678222
20,9,15.52939160007202
20,10,15.61926442288807
20,11,14.367441820831687
20,12,12.037485302989088
20,13,9.862992454660159
20,14,9.219263241051282
20,15,8.71901349353909
20,16,6.479102877248381
20,17,4.553558817854806
20,18,5.664772059440213
20,19,3.8305512698584594
20,21,3.818924903494178
20,22,5.976728022079981
20,23,5.893419885466559
20,24,6.231882550162612
20,25,9.033767691651843
20,26,10.617952365125356
20,27,11.349612992978956
20,28,13.622122344712656
20,29,15.254608549422997
20,30,15.99528699659546
20,31,17.831815915476646
20,32,19.01816941697805
20,33,20.877006151711175
20,34,22.18896055690098
20,35,23.355099320367376
20,36,25.3583734057316
20,37,26.089371473022535
20,38,27.918479077516253
20,39,29.852440619841474
20,40,30.996153032742075
20,41,32.272650390845776
20,42,33.94984937993434
20,43,35.51860627862598
20,44,36.95198174578466
20,45,38.49924993024981
20,46,40.190745412592285
20,47,41.71321291041539
20,48,42.634605878031394
20,49,44.644840779933745
20,50,46.33405172050508
20,51,47.25815670648165
20,52,49.0447293821738
20,53,50.63713631554976
20,54,51.90934532885812
20,55,53.11673927477529
20,56,55.34491116708072
20,57,56.25939772303117
20,58,57.476504229791566
20,59,59.242080609519846
20,60,61.10230851826906
20,61,62.23870794712772
20,62,63.2070834584788
20,63,65.15640086171607
20,64,66.91014789634808
20,65,68.27780949230376
20,66,70.64578850990068
21,1,31.58926339469758
21,2,29.7832882933125
21,3,29.409311525691358
21,4,26.71065110469659
21,5,24.13517658844772
21,6,24.0121760889996
21,7,22.73049605789219
21,8,20.245617425512172
21,9,18.28871741698784
21,10,17.71318351056276
21,11,16.367106669505084
21,12,14.587550334982266
21,13,12.542498380545121
21,14,10.832503477932864
21,15,10.282424352375216
21,16,9.281833478003405
21,17,6.716622553386367
21,18,6.01918986921427
21,19,5.3024526931863125
21,20,3.818924903494178
21,22,3.8096358993381596
21,23,4.978120981919731
21,24,4.2248106827988785
21,25,5.908542979086659
21,26,8.443822084782276
21,27,9.667849815780759
21,28,11.03734153605147
21,29,12.67802366075126
21,30,14.179737210911908
21,31,15.816105651649448
21,32,16.406993446395838
21,33,18.63033789939464
21,34,20.28537058705296
21,35,20.97742355982755
21,36,22.879058950902294
21,37,24.05761969145144
21,38,25.913098281244217
21,39,27.475581002779762
21,40,28.734514590716696
21,41,30.336135982385404
21,42,31.803438150467716
21,43,33.15897627503967
21,44,34.84069569731164
21,45,36.52515754432703
21,46,37.939268908016466
21,47,39.4487938751655
21,48,40.6476902714465
21,49,42.59670958570402
21,50,44.06297678546941
21,51,45.13411141515843
21,52,47.096377397810684
21,53,48.499032862148425
21,54,49.66762062832907
21,55,51.07626802728421
21,56,53.32841009816579
21,57,54.03213465630689
21,58,55.285444256642485
21,59,57.2286976852892
21,60,58.978705558109674
21,61,59.971499712941004
21,62,61.071474957636546
21,63,63.10446214384471
21,64,64.69773414019522
21,65,66.07552167645132
21,66,68.56340010212605
22,1,32.37482103446045
22,2,30.841055114812693
22,3,30.382007035812816
22,4,27.367781976778822
22,5,25.18873437468148
22,6,25.130305382076163
22,7,23.30842667143596
22,8,20.811198181948
22,9,19.50401948705916
22,10,18.89649825050542
22,11,16.82630783149631
22,12,14.890116439579295
22,13,13.76209020982298
22,14,11.861303963874427
22,15,10.107195484533255
22,16,9.757149019815104
22,17,8.383771674880647
22,18,6.075768887796156
22,19,4.7818370039360705
22,20,5.976728022079981
22,21,3.8096358993381596
22,23,3.7868581603478533
22,24,5.519091342358993
22,25,5.37906081135213
22,26,6.6902278286514205
22,27,9.251117198857957
22,28,10.634055581228088
22,29,11.090564047404914
22,30,12.662984960404193
22,31,15.038140031624636
22,32,15.249376021874612
22,33,16.945297160494203
22,34,19.08350484364528
22,35,20.036518457593697
22,36,21.3787848497597
22,37,22.39728702791242
22,38,24.707972552059076
22,39,26.223807828248056
22,40,27.03635569544102
22,41,28.801023944964435
22,42,30.569401626603586
22,43,31.619570435622162
22,44,33.07205892166283
22,45,35.04871875840863
22,46,36.533389121329805
22,47,37.71462623906496
22,48,38.905974363650145
22,49,41.11021594688373
22,50,42.463128134973836
22,51,43.29062626459177
22,52,45.39071530274317
22,53,46.933726703803494
22,54,47.87536550919267
22,55,49.16725276205521
22,56,51.61123649123957
22,57,52.30746122354196
22,58,53.33999997184681
22,59,55.329096785177605
22,60,57.23712084410872
22,61,58.10004872427784
22,62,59.04340199367528
22,63,61.214608648669596
22,64,62.86151495482991
22,65,64.05702312440377
22,66,66.46100399578224
23,1,32.99569943762827
23,2,31.709414674431642
23,3,31.691507551670554
23,4,28.69456074504827
23,5,26.306953325438883
23,6,26.730989407073825
23,7,25.115681104219725
23,8,22.218615451134045
23,9,20.71916818722277
23,10,20.742556491596524
23,11,18.81723220660699
23,12,16.30535320618563
23,13,15.020225111374629
23,14,13.966168712042288
23,15,12.238787047233053
23,16,10.742286379772402
23,17,9.787822838393701
23,18,8.675852521547787
23,19,5.848098653439473
23,20,5.893419885466559
23,21,4.978120981919731
23,22,3.7868581603478533
23,24,3.793267767983179
23,25,5.11868115510957
23,26,5.010481462243955
23,27,6.510816046013317
23,28,9.032060763738503
23,29,9.834769440439201
23,30,10.383869379710626
23,31,12.755476580479794
23,32,13.817632029409088
23,33,15.250904407715167
23,34,16.813242396557303
23,35,18.22469467942263
23,36,19.88573719772859
23,37,20.45582286596307
23,38,22.56187404055153
23,39,24.504952113244265
23,40,25.370957678847493
23,41,26.720186971448314
23,42,28.590166348613124
23,43,29.994275598648642
23,44,31.28359869724878
23,45,32.99017000548943
23,46,34.733466041497636
23,47,36.07549066772898
23,48,36.98479558653397
23,49,39.13474152855625
23,50,40.76848634275741
23,51,41.562311291194156
23,52,43.42095481188511
23,53,45.08556329466658
23,54,46.24488199228057
23,55,47.39502364321531
23,56,49.71563483184617
23,57,50.628154438632876
23,58,51.742807059449625
23,59,53.52818201888294
23,60,55.460947711091265
23,61,56.5422774645059
23,62,57.4404546212539
23,63,59.44746972793114
23,64,61.22686541306402
23,65,62.51786131971041
23,66,64.85383853494517
24,1,34.52946015379504
24,2,32.94270719988037
24,3,32.885777719365215
24,4,30.169496454652823
24,5,27.48504906411197
24,6,27.691517181337783
24,7,26.487386492684287
24,8,23.7427436617902
24,9,21.725450987218252
24,10,21.550715649056357
24,11,20.20227752733624
24,12,18.02483583998347
24,13,16.021318483822103
24,14,14.809120349190918
24,15,13.991029413724393
24,16,12.414812419939107
24,17,10.376359219847453
24,18,9.934772549634777
24,19,8.006874750718247
24,20,6.231882550162612
24,21,4.2248106827988785
24,22,5.519091342358993
24,23,3.793267767983179
24,25,3.799503461629595
24,26,5.700147133868469
24,27,5.676440772939933
24,28,7.4611731568477895
24,29,9.643234577362884
24,30,10.640120983620566
24,31,11.91964459249892
24,32,13.028960521204235
24,33,15.258984072720876
24,34,16.476015885599907
24,35,17.2915965343354
24,36,19.49189469791595
24,37,20.5034683234067
24,38,22.107253189720854
24,39,23.872709175223104
24,40,25.280379945958817
24,41,26.63781373281892
24,42,28.051740577409895
24,43,29.65550334387307
24,44,31.325216732649714
24,45,32.79131816502988
24,46,34.29751664609124
24,47,35.97593763977421
24,48,37.04653288006229
24,49,38.88450850113875
24,50,40.5109971513097
24,51,41.64112223001536
24,52,43.447147650325334
24,53,44.854822960152546
24,54,46.194658388358455
24,55,47.57588492397319
24,56,49.70207060201085
24,57,50.506844565261225
24,58,51.871979833641404
24,59,53.70195150600599
24,60,55.40540096240067
24,61,56.54586257536043
24,62,57.678052442066004
24,63,59.58073537598578
24,64,61.21623954734808
24,65,62.7033328292485
24,66,65.18899649539203
25,1,37.086870908201846
25,2,35.46761515929059
25,3,35.12517985805009
25,4,32.28093953694848
25,5,29.8479841884592
25,6,29.768399809651715
25,7,28.251571214039743
25,8,25.75165318886184
25,9,24.048867212007295
25,10,23.443556895587164
25,11,21.78507564042343
25,12,19.90450936678088
25,13,18.26688405472725
25,14,16.430093287464473
25,15,15.260908301071288
25,16,14.516833348610001
25,17,12.510612391533737
25,18,10.956819177046317
25,19,9.623142140670488
25,20,9.033767691651843
25,21,5.908542979086659
25,22,5.37906081135213
25,23,5.11868115510957
25,24,3.799503461629595
25,26,3.7960341483699844
25,27,5.45690789571246
25,28,5.538242608112357
25,29,6.936343925388205
25,30,9.084594769315963
25,31,10.52030807556483
25,32,10.583361731903063
25,33,12.985978456949232
25,34,14.894704524634811
25,35,15.296532146869614
25,36,17.056512655275416
25,37,18.490544835400048
25,38,20.376335041567152
25,39,21.70585244213803
25,40,22.992194846173906
25,41,24.783894549438646
25,42,26.14280933135307
25,43,27.355710994272073
25,44,29.15826019314091
25,45,30.921614841921325
25,46,32.18542481544497
25,47,33.67399185700586
25,48,35.01677264035397
25,49,36.93122073929533
25,50,38.27725469499769
25,51,39.421205737862024
25,52,41.47081706054982
25,53,42.77040310055152
25,54,43.88905270634225
25,55,45.40127849960525
25,56,47.652419627932716
25,57,48.252622565870105
25,58,49.53492055130858
25,59,51.55728738994697
25,60,53.241263912515336
25,61,54.17745487956806
25,62,55.350256845084346
25,63,57.404837745163334
25,64,58.91934550878753
25,65,60.31921736162319
25,66,62.87156599860502
26,1,37.92301523558598
26,2,36.65484710512366
26,3,36.532170150711636
26,4,33.485049014374624
26,5,31.199570417010513
26,6,31.468075244978976
26,7,29.718693705109043
26,8,26.96852979616335
26,9,25.57843533961357
26,10,25.339787133094386
26,11,23.30961466509837
26,12,21.004705669555335
26,13,19.83572875339042
26,14,18.375086228084275
26,15,16.557712321847138
26,16,15.576161919835354
26,17,14.40395280313788
26,18,12.709895594251941
26,19,10.498481824199539
26,20,10.617952365125356
26,21,8.443822084782276
26,22,6.6902278286514205
26,23,5.010481462243955
26,24,5.700147133868469
26,25,3.7960341483699844
26,27,3.8074505285168145
26,28,5.061145334454386
26,29,4.844440783385389
26,30,6.006748790613775
26,31,8.500820356084025
26,32,8.965621580403164
26,33,10.42780991599773
26,34,12.395213993025425
26,35,13.557780125955732
26,36,14.982022996511317
26,37,15.819503631483384
26,38,18.040505011755254
26,39,19.72034306204042
26,40,20.57836782037773
26,41,22.18158454473287
26,42,23.954984415123228
26,43,25.16946990773381
26,44,26.59718910076928
26,45,28.43136516138865
26,46,29.99726143119011
26,47,31.297503789084825
26,48,32.393070822555096
26,49,34.522092230227656
26,50,36.00004244584235
26,51,36.8758158424825
26,52,38.861369296895745
26,53,40.40540980636701
26,54,41.48828996606463
26,55,42.769266203429886
