1,2,3.838286272621188
1,3,5.469830044454938
1,4,8.973147591002332
1,5,8.401987360120518
1,6,6.917776530727873
1,7,8.90939806428268
1,8,11.97036727630176
1,9,12.151366510398988
1,10,13.339189710332318
1,11,15.190451835417367
1,12,13.303633078586559
1,13,15.360045944056278
1,14,12.991014507860264
1,15,11.496332424921903
1,16,9.9324121928077
1,17,10.761695747331528
1,18,14.329111829495178
1,19,16.812417810628254
1,20,19.466171024952786
1,21,22.302646961401464
1,22,24.616264060505912
1,23,28.2217460806073
1,24,29.488775055952026
1,25,33.008313817661744
1,26,32.52817506541251
1,27,29.688286695585063
1,28,30.220207251491384
1,29,33.8009414337582
1,30,33.085702850938205
1,31,35.99480053475557
1,32,35.69479852471497
1,33,32.938546815712606
1,34,34.20495562812365
1,35,31.160891685341817
1,36,28.832207262833197
1,37,30.2931878597801
1,38,26.833452414145537
1,39,23.036140399339118
1,40,19.70183108757762
1,41,18.381673704302205
1,42,16.077372006333846
1,43,15.641701372850509
1,44,13.75608741262773
1,45,15.169430793380332
1,46,15.014694029306874
1,47,16.124315401745886
1,48,14.523512013804377
1,49,15.827172251434508
1,50,15.649887686564666
1,51,12.734252696234732
1,52,10.381233098014187
1,53,8.496552144901395
1,54,11.986533864138508
1,55,11.992734602659251
1,56,15.714678454580227
1,57,18.500162386614882
1,58,20.146084649776824
1,59,17.182601035483366
1,60,17.528818426434793
1,61,21.278421804187666
1,62,21.113442257254423
1,63,18.822635843519237
1,64,21.119496689398883
1,65,24.159013221426473
1,66,23.163653090175785
1,67,23.084583295000485
1,68,26.635623102535995
1,69,27.556273581031807
1,70,26.061682237053436
1,71,27.79517403954839
1,72,27.22026820501329
1,73,25.691738625297027
1,74,24.301424927027664
1,75,20.573803251754722
1,76,17.389368077280828
1,77,16.635323766176416
1,78,13.713040061714182
1,79,13.702346696910809
1,80,12.206951803648526
1,81,10.391249596414477
1,82,10.674103132921223
1,83,14.008995113789036
1,84,15.776372328317727
1,85,19.55838116943014
1,86,21.883421439827096
1,87,24.99097156484251
1,88,28.139627095978316
1,89,31.92915216852319
1,90,34.53806841768876
1,91,38.26075370983528
1,92,40.42722389450379
1,93,43.66524850029442
1,94,43.47608670443752
1,95,41.54782226442891
1,96,37.92409321469893
1,97,35.30572333207219
1,98,31.646239235009585
1,99,29.476783653662192
1,100,25.7569411180523
1,101,24.500469796062237
1,102,21.766793043535483
1,103,18.675933768812126
1,104,19.425954098665894
1,105,16.305247054098878
1,106,13.104672148195661
1,107,10.185360797138939
1,108,7.578853923834436
1,109,8.678081335657355
1,110,9.195799101874483
1,111,12.174593004841135
1,112,15.240385964760218
2,1,3.838286272621188
2,3,3.786593874854943
2,4,7.051062355215895
2,5,7.911386059766648
2,6,6.105867980483681
2,7,6.314341655835515
2,8,9.713034699095942
2,9,10.831902567476156
2,10,11.43028630330251
2,11,12.602061351060824
2,12,10.491089490341384
2,13,12.284247081610923
2,14,9.954720130215984
2,15,8.041965536672272
2,16,6.116788641577959
2,17,7.180377700853257
2,18,10.770578854313246
2,19,13.597051188877789
2,20,16.235473003910037
2,21,19.339872007616066
2,22,21.68496531301611
2,23,25.391125100675314
2,24,26.852113547685303
2,25,30.221318545189543
2,26,29.45586682219375
2,27,26.55427348932164
2,28,27.297726881524696
2,29,30.933319879841655
2,30,30.535257822678123
2,31,33.543944888778185
2,32,33.571844006906474
2,33,30.98079809802551
2,34,32.39523833527292
2,35,29.468783984680634
2,36,26.996915112527123
2,37,28.052808241869414
2,38,24.43987707801539
2,39,20.73279200727577
2,40,17.219385440274685
2,41,15.73406863827197
2,42,12.996849525656597
2,43,12.193101720362762
2,44,10.11447872654213
2,45,11.37605808036941
2,46,11.442087379498012
2,47,13.029779025310692
2,48,12.043250111117747
2,49,13.94810353531197
2,50,14.635977948922067
2,51,12.502350876837045
2,52,9.284064564570622
2,53,7.882680479068197
2,54,11.396896427183167
2,55,12.116031318773956
2,56,15.634767768604846
2,57,18.545443493781715
2,58,19.477550694042996
2,59,16.162098191069774
2,60,17.023446832902643
2,61,20.58079076543781
2,62,19.73873919329571
2,63,17.368258707923456
2,64,20.114291822849957
2,65,22.79966450145232
2,66,21.325514365520988
2,67,21.536315816990008
2,68,25.223587962931237
2,69,25.67013216516811
2,70,23.836961401381306
2,71,25.193505314443854
2,72,24.71862503066594
2,73,22.910046874872144
2,74,21.905718720752677
2,75,18.21413411061025
2,76,15.156772163549954
2,77,13.81918351875725
2,78,10.549735810249075
2,79,10.79571689926079
2,80,9.717231426804345
2,81,9.048098735559257
2,82,9.897006202742261
2,83,12.793078305798211
2,84,14.913929101626898
2,85,18.638600074873796
2,86,20.624820624967967
2,87,23.99294739742968
2,88,26.814908097110703
2,89,30.622057572937603
2,90,33.00941766464567
2,91,36.7837848787973
2,92,39.00423936121683
2,93,42.152435446083565
2,94,42.12358707478923
2,95,40.468996010771164
2,96,36.836181999652965
2,97,34.365922616012014
2,98,30.818969617071865
2,99,28.578532380744786
2,100,24.96202898731676
2,101,23.278215589723853
2,102,20.73963325520585
2,103,17.3271869908083
2,104,17.516251013579087
2,105,14.336901111353312
2,106,10.851179949353664
2,107,8.550888803030617
2,108,5.45585083726247
2,109,5.768592305128633
2,110,7.04539475188696
2,111,10.063050817311781
2,112,13.418174615931667
3,1,5.469830044454938
3,2,3.786593874854943
3,4,3.8175795268342165
3,5,5.191502690351537
3,6,5.401684949800939
3,7,5.89281336662222
3,8,8.074301494609648
3,9,9.685535246719754
3,10,11.345130449310194
3,11,13.062366371728805
3,12,11.919373760945644
3,13,14.243399324952778
3,14,12.585179204845382
3,15,10.44463162978842
3,16,7.384227069313272
3,17,6.375545380497978
3,18,9.709159128995624
3,19,11.667713801156784
3,20,14.237903884576138
3,21,16.91700867831754
3,22,19.350810648662158
3,23,22.90388703454301
3,24,24.343673913646498
3,25,27.82512456670225
3,26,27.32299044245648
3,27,24.659527178939587
3,28,25.402744710990635
3,29,28.901404302002227
3,30,28.219292254667273
3,31,31.005993766114038
3,32,30.884253373912788
3,33,28.073018733615605
3,34,29.233612605361373
3,35,26.154126361372636
3,36,23.702822190759562
3,37,24.992266992470164
3,38,21.514906196778064
3,39,17.716912322103948
3,40,14.294708067145532
3,41,13.246259120984211
3,42,10.932683552581711
3,43,11.21809821750349
3,44,10.340320128714115
3,45,12.343124517202623
3,46,13.383347815563027
3,47,15.70464956520716
3,48,15.246177813549828
3,49,17.468575715290694
3,50,18.37226312407929
3,51,16.28281664507576
3,52,13.048784212865367
3,53,11.459230071263331
3,54,14.793941508529976
3,55,15.003485620745879
3,56,18.37182700211182
3,57,21.577011885390462
3,58,22.482442823492782
3,59,19.312317442177395
3,60,20.499447052152853
3,61,24.028986269814286
3,62,23.037754427669206
3,63,20.859402672164727
3,64,23.759611187921678
3,65,26.306567327045578
3,66,24.732300545885796
3,67,25.109445181698028
3,68,28.819091796650206
3,69,29.064059696133075
3,70,27.07783076202328
3,71,28.14557689412458
3,72,27.67219800369973
3,73,25.544791004928477
3,74,24.73832204436537
3,75,21.15376425588719
3,76,18.024519056963396
3,77,16.133142965206503
3,78,12.526957890345244
3,79,11.886994046726892
3,80,9.777004749453312
3,81,9.224387276178714
3,82,8.636512555906332
3,83,10.890056938608348
3,84,12.231006756640086
3,85,15.812596302787314
3,86,17.534475796852355
3,87,20.741191449762642
3,88,23.596291201392212
3,89,27.375240937157372
3,90,29.951745708158807
3,91,33.70929013680773
3,92,36.08354395379525
3,93,39.16585755348376
3,94,38.93311245672498
3,95,37.26314795251543
3,96,33.57617033181877
3,97,31.215725875645617
3,98,27.62561422055274
3,99,25.628487288950748
3,100,22.058514871104972
3,101,20.66846860313422
3,102,18.46053061900194
3,103,15.288367136604675
3,104,15.189477581118517
3,105,11.708106541223135
3,106,8.72320965710747
3,107,5.647198909467147
3,108,4.172597335774494
3,109,6.721810976023864
3,110,9.402918287759402
3,111,12.865128200180186
3,112,15.879170338026324
4,1,8.973147591002332
4,2,7.051062355215895
4,3,3.8175795268342165
4,5,3.812050342579654
4,6,5.577080866138646
4,7,5.113647254953446
4,8,5.338814693399967
4,9,7.731158491262965
4,10,9.895599682030893
4,11,11.761468085076853
4,12,11.668635681724295
4,13,14.384399239438327
4,14,13.665419662676333
4,15,11.83695128235844
4,16,8.149703632108341
4,17,5.8483009594875135
4,18,7.903177863197294
4,19,8.860262921873778
4,20,11.726431097373533
4,21,14.172911168260361
4,22,17.011199454589995
4,23,20.40180520352028
4,24,22.20879333196725
4,25,25.580708032225512
4,26,24.97651698453033
4,27,22.662725381902696
4,28,23.799362586320264
4,29,27.133331542428145
4,30,26.50484808554777
4,31,29.041250917561065
4,32,29.111859548176465
4,33,26.16249580704964
4,34,26.997937467733113
4,35,23.759613109080814
4,36,21.17008107409471
4,37,22.326638962607745
4,38,18.94486835916518
4,39,15.166709718842123
4,40,11.623501832512815
4,41,11.444258487893674
4,42,9.095824004026412
4,43,10.44070638772458
4,44,10.62087219700176
4,45,12.500080260350023
4,46,14.06723469443737
4,47,17.022297200241105
4,48,17.36231139703936
4,49,19.708365393081255
4,50,21.114957894552894
4,51,19.305701894628612
4,52,15.894500680551126
4,53,14.81199676061807
4,54,18.134966781742055
4,55,18.597777671379482
4,56,21.85787021898963
4,57,25.081005734908974
4,58,25.705976886020682
4,59,22.416937056804873
4,60,23.747310165298366
4,61,27.155725620122613
4,62,25.837625220475637
4,63,23.555394139726463
4,64,26.571972885673755
4,65,28.939057133571314
4,66,27.00036982267331
4,67,27.375732589236218
4,68,31.151942236289372
4,69,31.129696949649052
4,70,28.786297233705376
4,71,29.555359069471344
4,72,29.36619120170319
4,73,27.059630937317383
4,74,26.72748880647143
4,75,23.26850305511745
4,76,20.398646160788033
4,77,18.034120731082353
4,78,14.245518162270256
4,79,13.587822140249441
4,80,11.470681726901946
4,81,11.808411740958022
4,82,10.682451287159063
4,83,11.80533159089827
4,84,12.325373977790019
4,85,15.399365504820821
4,86,16.323017261873417
4,87,19.358021263686325
4,88,21.898899090007728
4,89,25.572183943586555
4,90,28.236261044560834
4,91,31.972785910581585
4,92,34.624699091381984
4,93,37.492590449825016
4,94,37.06643938382563
4,95,35.62769735124377
4,96,31.872189982144867
4,97,29.85215171765194
4,98,26.329526230734636
4,99,24.70568162783711
4,100,21.368181981551853
4,101,20.112061591775987
4,102,18.553989349389823
4,103,15.585866844650146
4,104,14.625799473911474
4,105,10.872174422081798
4,106,8.675858147252095
4,107,5.880047527211767
4,108,6.4504951778258395
4,109,9.057192912074763
4,110,12.327113300524797
4,111,15.597907205211978
4,112,18.603911941388876
5,1,8.401987360120518
5,2,7.911386059766648
5,3,5.191502690351537
5,4,3.812050342579654
5,6,3.8158764878504114
5,7,5.865423876137645
5,8,5.905216872818711
5,9,6.184897516599016
5,10,9.254959259863595
5,11,12.122219520306967
5,12,12.410775386616294
5,13,15.676115977799288
5,14,15.127246196384334
5,15,13.987015808816345
5,16,10.599301660519483
5,17,9.237204105605647
5,18,11.216102074286152
5,19,12.007222965400913
5,20,15.129871529647836
5,21,17.359936342093683
5,22,20.362881724218322
5,23,23.568977183699594
5,24,25.433137974647863
5,25,28.81089384474639
5,26,28.286947692711614
5,27,26.17635107602421
5,28,27.36969028231391
5,29,30.60608012222656
5,30,29.82367191479131
5,31,32.1724122522405
5,32,32.08391149885861
5,33,28.939683429536267
5,34,29.447412757882265
5,35,26.003563937767773
5,36,23.494349491529334
5,37,24.94127321401553
5,38,21.800754006323682
5,39,18.032188306153238
5,40,14.671971595234345
5,41,14.953081569025558
5,42,12.817431930058534
5,43,14.216486949303597
5,44,14.082551808762789
5,45,15.575860452076913
5,46,16.508479302445192
5,47,19.094385162004468
5,48,19.131914262089502
5,49,20.90399284898931
5,50,21.905018503490705
5,51,19.578479426418188
5,52,16.5727336683796
5,53,15.671121769380214
5,54,19.269524039134218
5,55,19.69411509820584
5,56,23.23130004607338
5,57,26.26821678418439
5,58,27.33490488201576
5,59,24.05946285982801
5,60,24.873630101809578
5,61,28.449610961544956
5,62,27.547777401712693
5,63,25.015711830776226
5,64,27.67822366139411
5,65,30.387737092710363
5,66,28.591887595195118
5,67,28.52086455655731
5,68,32.29739392826873
5,69,32.67406852668661
5,70,30.3826785424302
5,71,31.534196770186455
5,72,31.530543602004954
5,73,29.55294733664745
5,74,29.090084109030386
5,75,25.48834024857426
5,76,22.631488659121246
5,77,20.703023910105603
5,78,17.025852279000322
5,79,16.691327349340963
5,80,14.602986139966807
5,81,14.237864257437133
5,82,12.932601555100486
5,83,14.520645669351428
5,84,14.671940209003296
5,85,17.738355106775227
5,86,18.75319946996391
5,87,21.423466248086882
5,88,24.17191132796837
5,89,27.76067615918311
5,90,30.700421142291137
5,91,34.36715461745426
5,92,37.110351667687276
5,93,39.95017624804735
5,94,39.250519294182496
5,95,37.6614674502053
5,96,33.873770894782595
5,97,31.88494407293962
5,98,28.26485793707641
5,99,26.899315144878514
5,100,23.532645900467383
5,101,22.74906123282439
5,102,21.164497189164358
5,103,18.462625669573264
5,104,17.828069677672442
5,105,14.080309475790319
5,106,12.088470677855069
5,107,8.747232910785085
5,108,9.044912131469498
5,109,11.73049019211856
5,110,14.43462752404895
5,111,17.685020183857592
5,112,20.905409402326484
6,1,6.917776530727873
6,2,6.105867980483681
6,3,5.401684949800939
6,4,5.577080866138646
6,5,3.8158764878504114
6,7,3.8314447617032337
6,8,5.787437314353784
6,9,5.239264655967425
6,10,7.068980196965717
6,11,9.784101071458734
6,12,9.458306469176385
6,13,12.75172799450525
6,14,12.127984562058185
6,15,11.64173617296609
6,16,8.810746953485697
6,17,8.891155338908808
6,18,11.137371283766267
6,19,12.886182456760793
6,20,16.31328810373317
6,21,19.115893158782765
6,22,22.178732730218478
6,23,25.602702853341793
6,24,27.621027356714524
6,25,30.882421022225618
6,26,29.99756517043021
6,27,27.671623889573326
6,28,29.002666689746285
6,29,32.403475158192634
6,30,31.96338486593752
6,31,34.53770249572267
6,32,34.68177120052735
6,33,31.72783165550514
6,34,32.47322947510144
6,35,29.148298552340467
6,36,26.550209164883334
6,37,27.68067523379729
6,38,24.34058260568302
6,39,20.611695280537326
6,40,17.00334908700171
6,41,16.850829955929395
6,42,14.061944141482215
6,43,14.549549836318457
6,44,13.481390584103265
6,45,14.214738072179893
6,46,14.310530241571184
6,47,16.45580489809923
6,48,16.386927351152952
6,49,17.723351011898362
6,50,18.698135888250242
6,51,16.381525975524934
6,52,13.484405430062143
6,53,13.213175453761457
6,54,16.924992247857364
6,55,17.91705546345191
6,56,21.558651000108764
6,57,24.260525849038228
6,58,25.293564123129816
6,59,21.85150581178618
6,60,22.292935290517327
6,61,25.82585779921801
6,62,25.003082741657863
6,63,22.182604203894794
6,64,24.630347549923563
6,65,27.444759943123643
6,66,25.595844068186388
6,67,25.226927040482718
6,68,28.998678249819424
6,69,29.543559274731702
6,70,27.23897701150869
6,71,28.637528894267188
6,72,28.82911837613272
6,73,27.178274878759208
6,74,26.72660871466362
6,75,23.067061999942784
6,76,20.447179349073853
6,77,18.89725111350666
6,78,15.440428259695103
6,79,15.916640562089762
6,80,14.605193603152737
6,81,14.341742199678238
6,82,14.016006018091428
6,83,16.18351892912718
6,84,17.11002555108385
6,85,20.45881611335344
6,86,21.696879458697047
6,87,24.6323442915847
6,88,27.325451513665058
6,89,30.9817205463277
6,90,33.744766523268936
6,91,37.46555950169308
6,92,40.12481885896005
6,93,43.00675437794008
6,94,42.491352813616075
6,95,40.97287464303793
6,96,37.20218706466097
6,97,35.146736137211334
6,98,31.550468231428695
6,99,29.95064492273294
6,100,26.506233034383364
6,101,25.369722230216908
6,102,23.490092559037784
6,103,20.43159569705305
6,104,19.908589284293164
6,105,16.226315125432546
6,106,13.551844299417317
6,107,10.556718494554001
6,108,9.43323257808145
6,109,11.0098996506169
6,110,13.00986036971842
6,111,15.778265034468301
6,112,19.305952841403684
7,1,8.90939806428268
7,2,6.314341655835515
7,3,5.89281336662222
7,4,5.113647254953446
7,5,5.865423876137645
7,6,3.8314447617032337
7,8,3.7841743354725867
7,9,5.348248014130295
7,10,5.7007539146707735
7,11,7.203441934067356
7,12,6.7411575533457295
7,13,9.843042645747381
7,14,9.622148142796812
7,15,9.056526968702812
7,16,5.884156600693991
7,17,5.998970829926909
7,18,7.6842579285280515
7,19,9.844717461209216
7,20,13.370672820356013
7,21,16.520643837569743
7,22,19.62673736018511
7,23,23.14558759918289
7,24,25.376956908588745
7,25,28.437956766849215
7,26,27.21510951538143
7,27,24.82458204034551
7,28,26.393976209651417
7,29,29.83358435041607
7,30,29.759946510290984
7,31,32.443283622604206
7,32,32.94088520977372
7,33,30.210925200019833
7,34,31.14801839116656
7,35,28.00376238270477
7,36,25.278640598267394
7,37,25.928843303507
7,38,22.431189947234888
7,39,18.859637095967386
7,40,15.086179155217339
7,41,14.78396205881968
7,42,11.5048920259454
7,43,11.634893425585629
7,44,10.5386538450303
7,45,10.838601177524954
7,46,11.15941753491373
7,47,13.802544135305803
7,48,14.464088174756466
7,49,16.228518242111637
7,50,17.921422858655973
7,51,16.3411787510016
7,52,12.970682950695604
7,53,13.09986068891226
7,54,16.573495353351905
7,55,18.016804720420758
7,56,21.40106773685025
7,57,24.123103354715532
7,58,24.57802105500014
7,59,20.959765901109648
7,60,21.783991224590295
7,61,25.068999756378588
7,62,23.705392779189495
7,63,20.899486852231227
7,64,23.65494655121174
7,65,26.092534330144755
7,66,23.85844652913322
7,67,23.7629830155196
7,68,27.579005067731423
7,69,27.673623604472954
7,70,25.090383449937036
7,71,26.096531604242053
7,72,26.39703144538441
7,73,24.524987821101707
7,74,24.47027226890525
7,75,20.95838817629963
7,76,18.598799407309265
7,77,16.607162888138046
7,78,13.069264616660769
7,79,13.840152814606904
7,80,13.066156099453178
7,81,13.790674623914825
7,82,13.953001285185225
7,83,15.664864391181665
7,84,16.923120740855072
7,85,20.130402384788358
7,86,21.051507052063126
7,87,24.220366225106478
7,88,26.54583078344467
7,89,30.187241277977453
7,90,32.66636250926132
7,91,36.41497374764734
7,92,39.077042722830654
7,93,41.87081826888961
7,94,41.56250154369344
7,95,40.320425355090784
7,96,36.57777681352263
7,97,34.65214238016313
7,98,31.206564619760854
7,99,29.499920567097966
7,100,26.189680567735774
7,101,24.61790398401461
7,102,22.91648231544325
7,103,19.62282194071235
7,104,18.592238780477164
7,105,14.99728880998274
7,106,12.207993362776227
7,107,10.097028417437224
7,108,8.871427569178135
7,109,9.639515068279684
7,110,11.973545701867193
7,111,14.397717958737156
7,112,17.928763192802773
8,1,11.97036727630176
8,2,9.713034699095942
8,3,8.074301494609648
8,4,5.338814693399967
8,5,5.905216872818711
8,6,5.787437314353784
8,7,3.7841743354725867
8,9,3.8162955423701264
8,10,5.27851373935178
8,11,7.226485123560295
8,12,8.538791349762732
8,13,11.830244898724882
8,14,12.53114629997659
8,15,12.089937458561295
8,16,8.68130719565179
8,17,7.450317886631613
8,18,7.567752452588225
8,19,8.245676120774402
8,20,11.988397466664473
8,21,14.697378691368673
8,22,18.146300150839455
8,23,21.371259085149813
8,24,23.906128885851576
8,25,26.832138649632313
8,26,25.584278136627443
8,27,23.624444040982617
8,28,25.51987058163895
8,29,28.725878038950796
8,30,28.625508889629867
8,31,30.993089842509146
8,32,31.599761738023822
8,33,28.727382719143115
8,34,29.28378709626276
8,35,26.001032707000196
8,36,23.219694534985514
8,37,23.796337977333508
8,38,20.51982060126437
8,39,17.080938515361275
8,40,13.405154307088141
8,41,14.031052643225998
8,42,11.02051723728137
8,43,12.187693804515739
8,44,12.18390439150249
8,45,12.581841631340081
8,46,13.504162722817362
8,47,16.585506583489785
8,48,17.766196984836583
8,49,19.627993661116108
8,50,21.54851407758916
8,51,20.074564752102948
8,52,16.709206381838563
8,53,16.83899241621802
8,54,20.273232011442055
8,55,21.597290887955022
8,56,24.927643600465082
8,57,27.76715443216825
8,58,28.12452076699899
8,59,24.515765892404634
8,60,25.49054552822075
8,61,28.718410747655692
8,62,27.184177334084453
8,63,24.41271060248604
8,64,27.232312357274807
8,65,29.53387356739802
8,66,27.10856254591335
8,67,27.042634177270333
8,68,30.855112646991458
8,69,30.75484413114175
8,70,27.94485860508724
8,71,28.67917984901597
8,72,29.16830741059669
8,73,27.130805903338583
8,74,27.408905570109017
8,75,24.04017801701659
8,76,21.806614649410566
8,77,19.46304004608348
8,78,15.834196972333105
8,79,16.26717709910905
8,80,15.175384283152695
8,81,16.201683695102282
8,82,15.719236820391453
8,83,16.717964707657814
8,84,17.253181586096996
8,85,19.993160346376648
8,86,20.274928823887176
8,87,23.146250118985797
8,88,25.193508456684956
8,89,28.661509117592317
8,90,31.243330644308532
8,91,34.91566215630549
8,92,37.81821070048919
8,93,40.39601010440584
8,94,39.85560240457568
8,95,38.79336018180242
8,96,35.01889309827791
8,97,33.41677949035104
8,98,30.05304879230424
8,99,28.740056148064877
8,100,25.668821828925164
8,101,24.340135573354654
8,102,23.18834222563479
8,103,20.186509559136088
8,104,18.59870832945812
8,105,14.92494848658584
8,106,12.92574243086178
8,107,10.928278318504757
8,108,10.978398221766614
8,109,12.367117715007176
8,110,15.217064855488688
8,111,17.747760857814107
8,112,21.128789134430587
9,1,12.151366510398988
9,2,10.831902567476156
9,3,9.685535246719754
9,4,7.731158491262965
9,5,6.184897516599016
9,6,5.239264655967425
9,7,5.348248014130295
9,8,3.8162955423701264
9,10,3.791156528345808
9,11,7.2952285245371105
9,12,9.055464699348029
9,13,12.814704671027908
9,14,13.720067696550343
9,15,14.055475714429663
9,16,11.103827069585698
9,17,10.728396321272095
9,18,11.240989971685044
9,19,11.975190780680853
9,20,15.731116008778708
9,21,18.284941546153178
9,22,21.804370930730293
9,23,24.906156741680274
9,24,27.480893409188873
9,25,30.400462757803275
9,26,29.174269687445097
9,27,27.3477292714187
9,28,29.28330017971719
9,29,32.44099206602537
9,30,32.260588744001154
9,31,34.51611384592948
9,32,35.02590356886162
9,33,32.01843102863079
9,34,32.34707974432073
9,35,28.91308965168951
9,36,26.18659952014292
9,37,26.962230882856943
9,38,23.857833208538366
9,39,20.41730850433593
9,40,16.858837705235114
9,41,17.67053384165366
9,42,14.785694968043405
9,43,15.862721309463465
9,44,15.458744834230712
9,45,15.540254429939552
9,46,15.736895399629045
9,47,18.314788279234612
9,48,19.201293224771355
9,49,20.416438401694897
9,50,21.982079152330655
9,51,20.11472071436687
9,52,17.185321626809447
9,53,17.65169623746334
9,54,21.282891385369304
9,55,22.701804242016863
9,56,26.254378378473472
9,57,28.85447657475788
9,58,29.55586399844457
9,59,25.931179716495695
9,60,26.3828635975537
9,61,29.712479572207922
9,62,28.547937437220757
9,63,25.500975364663926
9,64,27.93240591354786
9,65,30.536088155180092
9,66,28.21538321933604
9,67,27.654643364014966
9,68,31.439270520896937
9,69,31.73317595192678
9,70,28.95853095564776
9,71,30.09117807503006
9,72,30.820958282688235
9,73,29.171589057460203
9,74,29.350510145807068
9,75,25.869992059485682
9,76,23.720084105635564
9,77,21.830189734750995
9,78,18.35210347569306
9,79,19.119543598605485
9,80,18.078599984117048
9,81,18.57789311653217
9,82,18.07315466668106
9,83,19.517690898064174
9,84,19.936984591024896
9,85,22.791785142248724
9,86,23.219794836132014
9,87,25.88923026949197
9,88,28.11328854530903
9,89,31.539044838046102
9,90,34.32282942113711
9,91,37.95452156199841
9,92,40.9265405810491
9,93,43.48852729711685
9,94,42.746929919748695
9,95,41.57824549485967
9,96,37.77424787417272
9,97,36.18793801175855
9,98,32.74002828711125
9,99,31.584846169505585
9,100,28.452794421513047
9,101,27.41738516417946
9,102,26.163011696105094
9,103,23.253914842728733
9,104,21.950269207510807
9,105,18.202803407515198
9,106,16.139417320418584
9,107,13.604450390549633
9,108,13.359027514714299
9,109,14.815685149534552
9,110,17.18162357397908
9,111,19.619310752557315
9,112,23.211876588014494
10,1,13.339189710332318
10,2,11.43028630330251
10,3,11.345130449310194
10,4,9.895599682030893
10,5,9.254959259863595
10,6,7.068980196965717
10,7,5.7007539146707735
10,8,5.27851373935178
10,9,3.791156528345808
10,11,3.7459168033923733
10,12,5.950436283431796
10,13,9.694723625509932
10,14,11.303425939715133
10,15,12.506443084715547
10,16,10.266123476036137
10,17,10.892257091486051
10,18,10.974299041740075
10,19,12.325310958318235
10,20,16.12739286578064
10,21,19.094168101087764
10,22,22.603172875409438
10,23,25.807317305530457
10,24,28.572472855842204
10,25,31.265048045091138
10,26,29.621961275704756
10,27,27.683280726352685
10,28,29.839035444738688
10,29,33.07039450831019
10,30,33.30543847030511
10,31,35.72335718698986
10,32,36.55770532060123
10,33,33.79013554911616
10,34,34.33960585955613
10,35,31.080674011787593
10,36,28.26573147401586
10,37,28.61352653702567
10,38,25.363958382922952
10,39,22.085999200417444
10,40,18.4012233535946
10,41,18.90160194273176
10,42,15.551374729680425
10,43,15.90118410144174
10,44,14.95914963766393
10,45,14.126116867176115
10,46,13.660820465896403
10,47,15.996297733409344
10,48,17.29076607103509
10,49,18.202233804811332
10,50,20.12109530841558
10,51,18.729593244805006
10,52,15.852015828458834
10,53,17.076886654020583
10,54,20.512729087592778
10,55,22.51290571898816
10,56,25.93096195272266
10,57,28.2255194574653
10,58,28.615031514793625
10,59,24.856086194427057
10,60,25.159550320986487
10,61,28.244123723213878
10,62,26.891025210557594
10,63,23.64755472964323
10,64,25.962193216002706
10,65,28.404527251831304
10,66,25.827054412087328
10,67,25.089725927179092
10,68,28.830473146772885
10,69,29.021782478675632
10,70,26.052078832141216
10,71,27.16318888504868
10,72,28.218784864773067
10,73,26.790244997538526
10,74,27.2649180573127
10,75,23.91381774481638
10,76,22.22052792665529
10,77,20.469228381367884
10,78,17.300400564218315
10,79,18.775947480499298
10,80,18.508261569309536
10,81,19.43690487139547
10,82,19.629235282452964
10,83,21.191059909931617
10,84,22.12898644352472
10,85,25.078171673737845
10,86,25.516655529775747
10,87,28.420015246116744
10,88,30.455602290588132
10,89,33.89925658864494
10,90,36.44069715919484
10,91,40.102062587195526
10,92,43.02043692218512
10,93,45.55337432279149
10,94,45.0179871466682
10,95,44.02776311188015
10,96,40.25433386277722
10,97,38.69217771751631
10,98,35.32906925093716
10,99,33.99298898763056
10,100,30.87528484992237
10,101,29.465364318524948
10,102,28.11982601812
10,103,24.941435370219047
10,104,23.514581631805587
10,105,19.897450186496815
10,106,17.491028977381767
10,107,15.480286265014675
10,108,14.570259656817624
10,109,15.080772662673052
10,110,16.996498250566074
10,111,18.786134806627437
10,112,22.466208196310905
11,1,15.190451835417367
11,2,12.602061351060824
11,3,13.062366371728805
11,4,11.761468085076853
11,5,12.122219520306967
11,6,9.784101071458734
11,7,7.203441934067356
11,8,7.226485123560295
11,9,7.2952285245371105
11,10,3.7459168033923733
11,12,3.7576586332816615
11,13,6.822694022527869
11,14,9.386415138725882
11,15,11.154073842394267
11,16,9.638327386342967
11,17,10.83007100303822
11,18,10.195333722926232
11,19,11.924448462522145
11,20,15.497767713844304
11,21,18.735605064986284
11,22,22.11698703581317
11,23,25.35023225221022
11,24,28.250112419934784
11,25,30.674112228701656
11,26,28.650956096468413
11,27,26.629395552223738
11,28,28.976193350266723
11,29,32.22392011822556
11,30,32.87312225568674
11,31,35.42111875471364
11,32,36.587916310568005
11,33,34.10511799603454
11,34,34.88987614449329
11,35,31.866904276817284
11,36,28.99485273688706
11,37,28.88469534656579
11,38,25.53152291402031
11,39,22.49879851831362
11,40,18.808280196603572
11,41,19.02757450357525
11,42,15.396140798415157
11,43,15.118444594677849
11,44,13.911788887905344
11,45,12.22621614278912
11,46,11.398208823093013
11,47,13.715580303525654
11,48,15.675152803382186
11,49,16.607691999693856
11,50,19.077062185202188
11,51,18.40481245696286
11,52,15.437171342368906
11,53,17.160740416093816
11,54,20.226663678831613
11,55,22.65898795294923
11,56,25.792703641050963
11,57,27.90256848815415
11,58,27.822601171011556
11,59,23.991113573012324
11,60,24.422348778893166
11,61,27.17727145903401
11,62,25.447492044446797
11,63,22.189922415772344
11,64,24.571072322383248
11,65,26.653194461170877
11,66,23.753346802882607
11,67,23.112288722360592
11,68,26.794267021587604
11,69,26.638925765776115
11,70,23.425528018224735
11,71,24.25277247317848
11,72,25.552421899341468
11,73,24.142146406256142
11,74,25.021543098898107
11,75,21.90999117000409
11,76,20.688569266067898
11,77,18.85053442114418
11,78,16.006304980957758
11,79,17.982712892090333
11,80,18.4198098195783
11,81,19.93345801799977
11,82,20.664602783467352
11,83,22.066205813833015
11,84,23.388369418133085
11,85,26.274238377661362
11,86,26.60596371698142
11,87,29.696924042243353
11,88,31.457717247290276
11,89,34.87215238055898
11,90,37.1127812527288
11,91,40.77301115757404
11,92,43.61797631730141
11,93,46.092044998982225
11,94,45.79525247509829
11,95,45.024143628478
11,96,41.31196980350732
11,97,39.80824839189401
11,98,36.58555427098621
11,99,35.09036509645852
11,100,32.06556320561516
11,101,30.275540787501207
11,102,28.961373173800368
11,103,25.603487642437575
11,104,23.95157508151093
11,105,20.573408084655792
11,106,18.047872631138507
11,107,16.7412642234886
11,108,15.521858713533069
11,109,15.206624100424742
11,110,16.870448156158336
11,111,18.034928019599505
11,112,21.60510037450525
12,1,13.303633078586559
12,2,10.491089490341384
12,3,11.919373760945644
12,4,11.668635681724295
12,5,12.410775386616294
12,6,9.458306469176385
12,7,6.7411575533457295
12,8,8.538791349762732
12,9,9.055464699348029
12,10,5.950436283431796
12,11,3.7576586332816615
12,13,3.8125134560756084
12,14,5.70614337876458
12,15,7.869076237338294
12,16,7.247950219431853
12,17,9.626728590595052
12,18,9.899270423205135
12,19,12.641782435009407
12,20,15.976908535143242
12,21,19.542435095693573
12,22,22.597249236229363
12,23,26.091817297612355
12,24,28.68703598414561
12,25,31.244770748308422
12,26,29.28800541752821
12,27,26.857745173776085
12,28,28.872038088699153
12,29,32.321028956206916
12,30,32.98482234363232
12,31,35.82159265683737
12,32,36.88978799604147
12,33,34.55309277107846
12,34,35.70263393416313
12,35,32.818651980690795
12,36,29.987544003831246
12,37,29.93908082785014
12,38,26.371781809400538
12,39,23.216780753683118
12,40,19.44516873176294
12,41,18.932056232161788
12,42,15.157712747135403
12,43,14.060433599013422
12,44,11.995967834257366
12,45,10.026856004826426
12,46,8.424918915636319
12,47,10.290620112349599
12,48,11.983825538751955
12,49,12.88467951064705
12,50,15.381435930993492
12,51,14.88790561665838
12,52,11.859634026716495
12,53,13.80936228132621
12,54,16.686099402154376
12,55,19.329991359295548
12,56,22.351731937294804
12,57,24.31163501399873
12,58,24.16589991717887
12,59,20.328106222232243
12,60,20.708311387782373
12,61,23.422957040192767
12,62,21.71755441232644
12,63,18.44115639036319
12,64,20.8518916957367
12,65,22.966415305319458
12,66,20.157878388532424
12,67,19.591771188754233
12,68,23.327237216105964
12,69,23.24508306081225
12,70,20.19912378815882
12,71,21.22102220278217
12,72,22.297504437976112
12,73,20.97475667086315
12,74,21.588502696510066
12,75,18.369460798047932
12,76,17.129134220803095
12,77,15.580248370063227
12,78,12.962898013868022
12,79,15.356272629001378
12,80,16.25073547242636
12,81,17.678837238309043
12,82,18.990480489988528
12,83,20.768481629512667
12,84,22.63624090087347
12,85,25.788635650014726
12,86,26.568576383146137
12,87,29.908547744474888
12,88,31.854126650145258
12,89,35.41369239444443
12,90,37.53085301265031
12,91,41.258839120898166
12,92,43.87656661605096
12,93,46.54207029670031
12,94,46.48582697045298
12,95,45.57212432956101
12,96,41.89587929768283
12,97,40.11407082000278
12,98,36.84674926595896
12,99,35.00389012942434
12,100,31.818772610620222
12,101,29.786638958207586
12,102,28.076632634531194
12,103,24.518227759608077
12,104,23.25653738182097
12,105,20.02956290442849
12,106,17.021753455697382
12,107,15.881496119885485
12,108,13.88866759342752
12,109,12.839126125468237
12,110,13.879787761286455
12,111,14.640036947566513
12,112,18.23882108766148
13,1,15.360045944056278
13,2,12.284247081610923
13,3,14.243399324952778
13,4,14.384399239438327
13,5,15.676115977799288
13,6,12.75172799450525
13,7,9.843042645747381
13,8,11.830244898724882
13,9,12.814704671027908
13,10,9.694723625509932
13,11,6.822694022527869
13,12,3.8125134560756084
13,14,3.8129268012677886
13,15,6.888474558507535
13,16,7.970078049514884
13,17,10.937787577153637
13,18,10.973931320259549
13,19,14.066775868692414
13,20,16.853646892633513
13,21,20.56074447310087
13,22,23.258289759021157
13,23,26.775710738011007
13,24,29.288647115036206
13,25,31.63218254386904
13,26,29.431985275620033
13,27,26.809272091155655
13,28,28.78821295083078
13,29,32.27151448571799
13,30,33.27530579619049
13,31,36.29532321924144
13,32,37.575343768735166
13,33,35.555910817581314
13,34,37.013234651742906
13,35,34.39957658650439
13,36,31.587047320089965
13,37,31.221819916665122
13,38,27.571552774615654
13,39,24.640401584023728
13,40,20.97159141767378
13,41,19.994443627723523
13,42,16.17095985379001
13,43,14.261866778543153
13,44,11.689258578005962
13,45,8.781975490179887
13,46,6.140747451931804
13,47,7.320013810334219
13,48,9.73688095679853
13,49,10.579363633848182
13,50,13.675353842581162
13,51,14.147023067160992
13,52,11.257186049516442
13,53,13.688123995523128
13,54,15.868355253366088
13,55,18.92923958318637
13,56,21.49629945774565
13,57,23.133933204938916
13,58,22.476550647259053
13,59,18.658813889231844
13,60,19.131962204662614
13,61,21.39632368459815
13,62,19.321909143459244
13,63,16.087564934484536
13,64,18.53357014886395
13,65,20.218732721508403
13,66,17.117833314412827
13,67,16.723953146700897
13,68,20.37841815748286
13,69,19.938353140560334
13,70,16.71779586652736
13,71,17.520398825441934
13,72,18.749503177304128
13,73,17.518383228111002
13,74,18.446042352273658
13,75,15.488882958461
13,76,14.859005262165885
13,77,13.463256214031732
13,78,11.566629573234978
13,79,14.610268106289142
13,80,16.380732876783746
13,81,18.206127883936396
13,82,20.140896048315767
13,83,21.86096320361828
13,84,24.16461177241513
13,85,27.277806113524523
13,86,28.12488452161969
13,87,31.62723593413013
13,88,33.404285386724354
13,89,36.94508085990775
13,90,38.75894685066678
13,91,42.47103992192287
13,92,44.916325096794836
13,93,47.58876793609122
13,94,47.81387817345753
13,95,47.02089230990426
13,96,43.436675573884116
13,97,41.610613702322425
13,98,38.46868123187571
13,99,36.39693656774709
13,100,33.269892539202296
13,101,30.88835364415189
13,102,29.082781593558142
13,103,25.393696618217714
13,104,24.149812992899413
13,105,21.291460884428542
13,106,18.15547916312176
13,107,17.67682054286722
13,108,15.320093384481082
13,109,13.357702377477711
13,110,13.736977614970778
13,111,13.530461683969952
13,112,16.829865237532864
14,1,12.991014507860264
14,2,9.954720130215984
14,3,12.585179204845382
14,4,13.665419662676333
14,5,15.127246196384334
14,6,12.127984562058185
14,7,9.622148142796812
14,8,12.53114629997659
14,9,13.720067696550343
14,10,11.303425939715133
14,11,9.386415138725882
14,12,5.70614337876458
14,13,3.8129268012677886
14,15,3.8507690207717094
14,16,6.2455508694097
14,17,9.909330527887676
14,18,11.104729677668837
14,19,14.68667286524086
14,20,17.243453063669563
14,21,21.011501816493748
14,22,23.402191601118453
14,23,27.09999467630595
14,24,29.2097673965716
14,25,31.802097650784585
14,26,29.908557648081963
14,27,26.963761194192294
14,28,28.471770984740463
14,29,32.10748980951588
14,30,32.885459099228854
14,31,36.09787969824529
14,32,37.10093830959732
14,33,35.11051090916787
14,34,36.81163368177301
14,35,34.26144687746773
14,36,31.54465447699136
14,37,31.441190366911304
14,38,27.675585320946066
14,39,24.570843475864976
14,40,20.916405330029484
14,41,19.375021467469015
14,42,15.689405066908
14,43,13.334261634253885
14,44,10.09782852370882
14,45,7.677132348372168
14,46,4.545280749757664
14,47,4.933348212440993
14,48,6.312592364227539
14,49,7.639982520370081
14,50,10.562818932025019
14,51,10.95532875574994
14,52,7.767750366219512
14,53,10.036859126976223
14,54,12.08050200270769
14,55,15.147961195454657
14,56,17.685324197685798
14,57,19.374698505644336
14,58,18.82362817419298
14,59,14.987475028125173
14,60,15.553105073744613
14,61,18.021010839114528
14,62,16.079357890251902
14,63,12.910615760344974
14,64,15.60719273933633
14,65,17.51805772310137
14,66,14.76691008097857
14,67,14.67955353213478
14,68,18.463303673274634
14,69,18.233022730882524
14,70,15.486175175178571
14,71,16.588393646626507
14,72,17.14363623394363
14,73,15.816085654746088
14,74,16.04373468288888
14,75,12.717830124967278
14,76,11.5569725161672
14,77,10.45636808461119
14,78,8.603591137267166
14,79,11.830753934809763
14,80,13.782366850496556
14,81,15.272889858260633
14,82,17.61336713235582
14,83,19.695855886029822
14,84,22.37049747076272
14,85,25.688916921544013
14,86,26.99343074600185
14,87,30.61630203394235
14,88,32.64673751462887
14,89,36.301403466259394
14,90,38.09812335380521
14,91,41.8489170760803
14,92,44.0842069487557
14,93,46.957374138233554
14,94,47.31652989445163
14,95,46.29529679135688
14,96,42.74624693381868
14,97,40.63739701027782
14,98,37.428616684035134
14,99,35.09493105782855
14,100,31.81633875783975
14,101,29.364944875621372
14,102,27.183971075763377
14,103,23.42408300894481
14,104,22.68528812038687
14,105,19.97174437181102
14,106,16.506989186952737
14,107,16.04276516625237
14,108,13.113224857512982
14,109,10.628833536788246
14,110,10.309066697828907
14,111,9.857394260103495
14,112,13.261365114640839
15,1,11.496332424921903
15,2,8.041965536672272
15,3,10.44463162978842
15,4,11.83695128235844
15,5,13.987015808816345
15,6,11.64173617296609
15,7,9.056526968702812
15,8,12.089937458561295
15,9,14.055475714429663
15,10,12.506443084715547
15,11,11.154073842394267
15,12,7.869076237338294
15,13,6.888474558507535
15,14,3.8507690207717094
15,16,3.7990934726339325
15,17,7.333565737202917
15,18,9.21040762266542
15,19,12.970271925395515
15,20,15.089214040206672
15,21,18.78910748911776
15,22,20.850141901844786
15,23,24.631121316222433
15,24,26.403930762950797
15,25,29.16762216604148
15,26,27.565899102464403
15,27,24.420913928308494
15,28,25.564840118001392
15,29,29.27451433173648
15,30,29.84714466930829
15,31,33.15705210743753
15,32,33.96782475713774
15,33,32.02190420478952
15,34,33.90372283260354
15,35,31.467431662946797
15,36,28.846658915272194
15,37,28.874521454538566
15,38,25.058968484702365
15,39,21.916112701228972
15,40,18.38114053253989
15,41,16.388502029512463
15,42,12.917143933270925
15,43,10.262652024126359
15,44,6.729450638987392
15,45,5.25584487986205
15,46,3.5956442787827116
15,47,5.280920117846597
15,48,5.9540619152466165
15,49,8.829279573397898
15,50,11.373805892101004
15,51,11.529421158219211
15,52,7.838089322507145
15,53,8.609885417428734
15,54,10.612767573069602
15,55,13.084534894983113
15,56,15.551030662544495
15,57,17.815637080957174
15,58,17.217124132730696
15,59,13.457070241039512
15,60,14.823566365877467
15,61,17.491782227471642
15,62,15.393018359135354
15,63,12.833989533165575
15,64,16.093206135700584
15,65,17.87456930831991
15,66,15.464745592597493
15,67,16.16474579249662
15,68,19.886475536992
15,69,19.438727478902546
15,70,17.065025928866408
15,71,17.7997322902647
15,72,17.599033993820704
15,73,15.60573536548156
15,74,15.42025486632229
15,75,11.962465701519996
15,76,9.898241853172086
15,77,7.9959170195352325
15,78,5.217549918724649
15,79,8.062048153694517
15,80,9.95499797424114
15,81,11.661596150418752
15,82,14.138653694918514
15,83,16.092942765409273
15,84,18.963731650641126
15,85,22.258557283676623
15,86,23.725862971512033
15,87,27.41882547758874
15,88,29.4954103929287
15,89,33.17754516944529
15,90,34.89318597043367
15,91,38.644770864004485
15,92,40.739045891352184
15,93,43.709690696973475
15,94,44.177794886031826
15,95,43.06066820917089
15,96,39.56474387640678
15,97,37.320310430827384
15,98,34.13543193936321
15,99,31.646807479106535
15,100,28.355651828529723
15,101,25.801921112089794
15,102,23.51266009685359
15,103,19.731725658728713
15,104,19.156497485508577
15,105,16.635360982745322
15,106,13.08307953285916
15,107,13.00660339316269
15,108,9.969417513618444
15,109,7.057879707100518
15,110,7.016656504425809
15,111,7.121444527916428
15,112,10.506973511304341
16,1,9.9324121928077
16,2,6.116788641577959
