1,2,3.835541143889401
1,3,5.59653650118218
1,4,8.994519359206244
1,5,8.466365779092321
1,6,7.106478518019689
1,7,8.800020387044919
1,8,11.950283930886128
1,9,12.607633244577979
1,10,12.492107151931904
1,11,14.507369552865423
1,12,13.12042578306725
1,13,15.401478038256416
1,14,12.979917194672987
1,15,11.004597929796605
1,16,9.349647524478883
1,17,9.877930372034326
1,18,13.535114525011668
1,19,15.77321897470666
1,20,18.732891939388505
1,21,21.49512901086291
1,22,23.797489031819786
1,23,27.338394386305676
1,24,29.26949616476132
1,25,32.66921844298121
1,26,31.899360672307317
1,27,29.160174120800637
1,28,29.871826562913903
1,29,33.42346335324691
1,30,32.84571174846182
1,31,35.714824500326614
1,32,35.6932225811341
1,33,32.946692309071835
1,34,34.31842198418525
1,35,31.10042280199144
1,36,28.46248180541217
1,37,29.588724797209892
1,38,26.18555749209111
1,39,22.460249634667154
1,40,18.99183506594826
1,41,18.148089020442733
1,42,15.54958955666438
1,43,14.862423603746965
1,44,12.784802296957157
1,45,14.48938988448296
1,46,14.604409298862146
1,47,15.573268551225754
1,48,14.287384987149608
1,49,15.551162926696334
1,50,16.130210451372072
1,51,13.310721273954448
1,52,10.545935428641405
1,53,7.8263507644184225
1,54,11.023276444657988
1,55,11.737346325345163
1,56,15.261735135610769
1,57,17.814217116307304
1,58,19.34520873522049
1,59,16.249113964478813
1,60,16.224528883720886
1,61,20.02983377599895
1,62,20.155038607313575
1,63,17.667123421702
1,64,20.399530066463768
1,65,23.372717125186828
1,66,22.426330748761757
1,67,22.19800899498637
1,68,25.787537115753224
1,69,27.189234796464802
1,70,25.617704733483095
1,71,28.935843695636404
1,72,28.260328755608377
1,73,25.627652359589856
1,74,23.595194739076973
1,75,20.104827529483977
1,76,17.056744763891057
1,77,16.1461069434066
1,78,13.233929434202377
1,79,13.032738086970824
1,80,11.993800287699417
1,81,9.970411691732886
1,82,10.55251392138381
1,83,13.875883906402507
1,84,16.038598324585962
1,85,19.834961530515645
1,86,22.105446700335172
1,87,25.368672877695687
1,88,28.351758926921665
1,89,32.02943492796628
1,90,34.87082009460007
1,91,38.67727488732976
1,92,41.29064312398759
1,93,44.25488850281014
1,94,44.25612644680904
1,95,41.93437714228065
1,96,38.29690248712898
1,97,35.6732385979243
1,98,32.09448586771362
1,99,29.6029934168699
1,100,26.016981585771106
1,101,24.768380525791816
1,102,21.87332113128119
1,103,18.814252439236213
1,104,19.700075621390358
1,105,16.442616405636294
1,106,13.02874489641686
1,107,10.234575740727896
1,108,7.185575271328546
1,109,7.772332654189935
1,110,8.57311545815299
1,111,11.443219406660509
1,112,14.31731178347197
2,1,3.835541143889401
2,3,3.8201849299170965
2,4,7.103835616000943
2,5,7.966455978702002
2,6,6.141771695156225
2,7,6.032158158471388
2,8,9.42301524633425
2,9,10.96265802851724
2,10,10.590670842489995
2,11,11.990518592414501
2,12,10.360513983485752
2,13,12.374564273173602
2,14,10.207662119970308
2,15,7.897153473975817
2,16,5.646316050171399
2,17,6.148255987674463
2,18,9.817380017070972
2,19,12.377926661655216
2,20,15.344970857426953
2,21,18.374857678102934
2,22,20.657338320907893
2,23,24.28177159137292
2,24,26.381153378583953
2,25,29.634317951884647
2,26,28.615162086444023
2,27,25.818958373045657
2,28,26.711126741344405
2,29,30.318925837398766
2,30,30.032581665604663
2,31,32.97647043363021
2,32,33.26745798357545
2,33,30.672698462737596
2,34,32.17562974663868
2,35,29.08557695564136
2,36,26.321688623534914
2,37,27.048531536590513
2,38,23.50185004263419
2,39,19.91096094498908
2,40,16.337415370975812
2,41,15.355065954165982
2,42,12.355309569303996
2,43,11.397178821394508
2,44,9.25169155949962
2,45,10.855006026786688
2,46,11.25177149736469
2,47,12.832155755644875
2,48,12.254065775146028
2,49,14.12603855350864
2,50,15.575886224225117
2,51,13.472224631701078
2,52,10.072256606184116
2,53,7.800336122604547
2,54,11.106331875481459
2,55,11.971873093322616
2,56,15.783622262079454
2,57,18.504897252351643
2,58,19.291521520875317
2,59,15.831691247224812
2,60,16.389792009089028
2,61,19.99052576763586
2,62,19.378124975353376
2,63,16.807597491933333
2,64,19.933119251967643
2,65,22.56241917143809
2,66,21.04555305375599
2,67,21.034705951656992
2,68,24.781442424199586
2,69,25.773077244513285
2,70,23.74431641161704
2,71,26.879466568909123
2,72,26.39727171523745
2,73,23.44411102217812
2,74,21.83570058024056
2,75,18.236029082306878
2,76,15.363449813285195
2,77,13.800753928946023
2,78,10.44774339665993
2,79,10.506561788890789
2,80,9.830481234287285
2,81,9.001615986847733
2,82,10.019179477569029
2,83,12.748187165740854
2,84,15.069420888116534
2,85,18.711814265378457
2,86,20.577479389152735
2,87,24.04938275227223
2,88,26.681955159681433
2,89,30.382594014718737
2,90,33.01898102781907
2,91,36.85289515526775
2,92,39.509389668386504
2,93,42.39012874519464
2,94,42.58915578753419
2,95,40.47697606287127
2,96,36.87383601979299
2,97,34.330558457675984
2,98,30.9058305920211
2,99,28.36693462731186
2,100,24.950776267739457
2,101,23.32457356873745
2,102,20.698070206504305
2,103,17.360775716257553
2,104,17.684671606387383
2,105,14.346947283540329
2,106,10.765679789085873
2,107,8.594237800321235
2,108,5.310474053063459
2,109,5.2636919516166705
2,110,7.12356210874143
2,111,9.903247936491574
2,112,13.121866748218775
3,1,5.59653650118218
3,2,3.8201849299170965
3,4,3.842531915140186
3,5,5.4697116656868285
3,6,5.639441766640839
3,7,5.750453698165829
3,8,7.84578086387522
3,9,9.774357820827223
3,10,10.76839216728337
3,11,12.82500397122273
3,12,12.18006814753242
3,13,14.546593743247826
3,14,13.088995959628537
3,15,10.735557242487296
3,16,7.566710896540976
3,17,6.035742949183511
3,18,9.200293126454634
3,19,10.631834899517084
3,20,13.582079359359781
3,21,16.102966639016557
3,22,18.637127578920325
3,23,22.058749414142305
3,24,24.180419952317948
3,25,27.54269654561768
3,26,26.76211611046585
3,27,24.25990335821087
3,28,25.22233804980537
3,29,28.663887913164842
3,30,28.079719829208756
3,31,30.76532115545488
3,32,30.897172753995967
3,33,28.040155311694605
3,34,29.245032919536914
3,35,25.980253643178546
3,36,23.234494657002244
3,37,24.201835130632567
3,38,20.834063052030363
3,39,17.132915403963914
3,40,13.565649035583444
3,41,13.180717695626234
3,42,10.601394496431292
3,43,10.864785944719305
3,44,10.012957135010542
3,45,12.33478445298537
3,46,13.549943078872856
3,47,15.809421625466294
3,48,15.68496292717183
3,49,17.782463968140952
3,50,19.382751896841093
3,51,17.26666536986383
3,52,13.89230562401026
3,53,11.473297384819524
3,54,14.54435613818845
3,55,14.786991164436026
3,56,18.615339938815588
3,57,21.640001708787747
3,58,22.443081122577624
3,59,19.120503798852813
3,60,19.949126201028374
3,61,23.56270580667997
3,62,22.88725042822523
3,63,20.47840225194068
3,64,23.697991729502196
3,65,26.221128779790252
3,66,24.605572034528993
3,67,24.717916684411357
3,68,28.48601319328831
3,69,29.32501308505923
3,70,27.11772499718013
3,71,30.097888964081534
3,72,29.60361927539103
3,73,26.44958397292007
3,74,24.979360695698052
3,75,21.458647181243677
3,76,18.50001837107853
3,77,16.45883935217428
3,78,12.851242159645903
3,79,12.10806192174619
3,80,10.373367329747088
3,81,9.53663633366454
3,82,9.070839700452632
3,83,11.179009122781633
3,84,12.674634367996585
3,85,16.19852283949195
3,86,17.774015443365258
3,87,21.049834948771824
3,88,23.758247811924278
3,89,27.377264274931782
3,90,30.209124407987378
3,91,34.02345017658302
3,92,36.83776362692663
3,93,39.60999297010321
3,94,39.58044786714783
3,95,37.513549473036
3,96,33.828938776266845
3,97,31.452245738499933
3,98,27.95989902205129
3,99,25.692684321997746
3,100,22.331897544899913
3,101,21.072980209211877
3,102,18.74548151636914
3,103,15.759250936727895
3,104,15.742204385248597
3,105,12.089964650239951
3,106,9.05440153897135
3,107,6.062651528735938
3,108,4.434770204764481
3,109,6.778433006290451
3,110,9.782148959019962
3,111,13.037130976924008
3,112,15.876416524905867
4,1,8.994519359206244
4,2,7.103835616000943
4,3,3.842531915140186
4,5,3.8699965425389093
4,6,5.540337318422217
4,7,5.128059694266649
4,8,5.120942183971523
4,9,7.378579833505998
4,10,9.494673040518148
4,11,11.870024500065115
4,12,12.311179001608226
4,13,15.00792713490229
4,14,14.50449026828008
4,15,12.660870190888975
4,16,8.992806088733595
4,17,6.7235512092590675
4,18,8.391356873385678
4,19,8.630258255350194
4,20,11.870650862781758
4,21,14.020181688590565
4,22,17.071023644358178
4,23,20.21314869776883
4,24,22.702290182593263
4,25,25.923602517262378
4,26,25.008497884347346
4,27,22.906018763029085
4,28,24.30683425025351
4,29,27.568334011521696
4,30,27.03583566426518
4,31,29.419002146857167
4,32,29.73067743645851
4,33,26.693592317555467
4,34,27.51837022050584
4,35,24.11289643770091
4,36,21.268043162693708
4,37,22.07019503900713
4,38,18.890287974047997
4,39,15.312094201553549
4,40,11.644640665459724
4,41,12.302788425053931
4,42,9.802866727240541
4,43,11.147198320272294
4,44,11.298186243272632
4,45,13.383616127621702
4,46,14.787960727293113
4,47,17.533686006090004
4,48,18.134462731945227
4,49,20.203559141268517
4,50,22.18239560103567
4,51,20.40372054000945
4,52,16.85178602112211
4,53,14.898316871919466
4,54,18.115752694165945
4,55,18.503516321903486
4,56,22.35674529878761
4,57,25.366451249045166
4,58,26.00348184508023
4,59,22.568724944867586
4,60,23.43354971321367
4,61,26.96784326960565
4,62,26.047784041925986
4,63,23.484742418159435
4,64,26.705559590160963
4,65,29.171160106926465
4,66,27.23647540829
4,67,27.209827170257864
4,68,31.05090856331476
4,69,31.797052052712935
4,70,29.316434865003647
4,71,32.199741437400654
4,72,32.01206446347228
4,73,28.697509217106305
4,74,27.624752324129524
4,75,24.053016199018565
4,76,21.370754607382388
4,77,18.995601097889313
4,78,15.21988150123304
4,79,14.610468019150652
4,80,12.8563735940016
4,81,12.664720103164722
4,82,11.645164504835213
4,83,12.799069313370115
4,84,13.388357534027746
4,85,16.42652205810502
4,86,17.206910565592004
4,87,20.221603550340834
4,88,22.673768113920197
4,89,26.10290780152424
4,90,29.01502812859405
4,91,32.77730041704189
4,92,35.84189180025857
4,93,38.34843956091333
4,94,38.138150626462824
4,95,36.34877764177379
4,96,32.598084396735494
4,97,30.581052894499585
4,98,27.15552312588322
4,99,25.29618766558191
4,100,22.21081721178039
4,101,21.196721163532928
4,102,19.472838581209036
4,103,16.808791645389334
4,104,15.997474460169583
4,105,12.133985058347472
4,106,9.957061574986438
4,107,7.176695396730195
4,108,7.352740277431539
4,109,9.837984025904973
4,110,13.187456525377655
4,111,16.209809392113698
4,112,19.14031195673391
5,1,8.466365779092321
5,2,7.966455978702002
5,3,5.4697116656868285
5,4,3.8699965425389093
5,6,3.799741465854845
5,7,6.0437791221396155
5,8,6.237423889559508
5,9,6.233300346146263
5,10,8.66158443079779
5,11,11.942435690793126
5,12,12.872974171634786
5,13,16.160715688133724
5,14,15.638491852817323
5,15,14.382773507615404
5,16,11.009939630748084
5,17,9.794192580011782
5,18,11.677043010381903
5,19,12.105629871245458
5,20,15.529584408693625
5,21,17.561620131249153
5,22,20.770554054699637
5,23,23.7717344492996
5,24,26.327579841554904
5,25,29.525738034004625
5,26,28.595810246864644
5,27,26.635023873619847
5,28,28.12516549308137
5,29,31.336465555855728
5,30,30.740235094166767
5,31,32.99797151576471
5,32,33.212134921551524
5,33,30.03043791486242
5,34,30.600098811697904
5,35,27.047454673474558
5,36,24.275636954233644
5,37,25.25965689878411
5,38,22.28643728534739
5,39,18.738285789583305
5,40,15.167224608132626
5,41,16.093553903384755
5,42,13.669185986469206
5,43,14.834817669008347
5,44,14.481172040306099
5,45,16.17980525873314
5,46,16.878460408965097
5,47,19.11207762685092
5,48,19.443796673900785
5,49,20.878014891014274
5,50,22.449393494016245
5,51,20.41928920834536
5,52,17.0627721769564
5,53,15.306879815557922
5,54,18.825793624091645
5,55,19.581096106466383
5,56,23.32606130415399
5,57,26.048316383542883
5,58,27.152973377446685
5,59,23.756152768981345
5,60,24.02390597276075
5,61,27.688935955355614
5,62,27.199680736367856
5,63,24.378417551450795
5,64,27.244570160028452
5,65,30.086180670953397
5,66,28.388614346621075
5,67,27.905726955460054
5,68,31.726706059286162
5,69,32.91248269404857
5,70,30.688430383283954
5,71,33.84228782017502
5,72,33.78161095981984
5,73,30.702437315530688
5,74,29.47285675192066
5,75,25.784167077421884
5,76,23.15504658747276
5,77,21.264000044616036
5,78,17.617473316211157
5,79,17.35971614060529
5,80,15.759346562721307
5,81,14.908905186176193
5,82,13.885109262618858
5,83,15.625738278848438
5,84,16.12940484750246
5,85,19.28866861552253
5,86,20.248648918569526
5,87,23.007145305680957
5,88,25.672163231349057
5,89,28.999245834118817
5,90,32.10407898582482
5,91,35.81672777282399
5,92,38.94596461564051
5,93,41.40366103096116
5,94,40.951701376950766
5,95,39.11892723548522
5,96,35.30994669647386
5,97,33.37883893651178
5,98,29.83979015004718
5,99,28.162264923820896
5,100,24.997160732721447
5,101,24.334084900519635
5,102,22.475233601623742
5,103,19.971255482681265
5,104,19.485745648262515
5,105,15.635998797063674
5,106,13.427311131073417
5,107,10.18094155984565
5,108,9.798175539564212
5,109,12.133283408346555
5,110,14.895407356415882
5,111,17.829336070682647
5,112,20.984714158514173
6,1,7.106478518019689
6,2,6.141771695156225
6,3,5.639441766640839
6,4,5.540337318422217
6,5,3.799741465854845
6,7,3.870210371672482
6,8,5.919463512663694
6,9,5.5337072339116125
6,10,6.118505220460229
6,11,9.15075115866911
6,12,9.601583260355051
6,13,12.999392503441971
6,14,12.353876061690912
6,15,11.616157466311776
6,16,8.66495739224596
6,17,8.754682370147782
6,18,10.92573100737158
6,19,12.43545572966176
6,20,16.104064648047526
6,21,18.767725438403215
6,22,21.86582157454468
6,23,25.12421711612186
6,24,27.793114491440292
6,25,30.870031401744242
6,26,29.59644323504318
6,27,27.36288088069658
6,28,28.92524871485182
6,29,32.32823839579988
6,30,32.099462187517915
6,31,34.616582761246036
6,32,35.090156264819875
6,33,32.147321109037975
6,34,33.016559674416875
6,35,29.619559018807944
6,36,26.749968318778134
6,37,27.381572734752865
6,38,24.152439670599833
6,39,20.674128098515023
6,40,16.934131452094288
6,41,17.321946612073372
6,42,14.276782954716676
6,43,14.51385653585976
6,44,13.291201292885706
6,45,14.270373621305723
6,46,14.226640798432767
6,47,16.037403693944555
6,48,16.37379472840812
6,49,17.45434969975435
6,50,19.063548348063225
6,51,17.279405336430738
6,52,13.868353210536641
6,53,12.697256724356812
6,54,16.434547382679522
6,55,17.824879961508465
6,56,21.522263691387405
6,57,23.90852483016972
6,58,24.91410810860964
6,59,21.366594910653017
6,60,21.347386773416755
6,61,24.911209641383685
6,62,24.37615389171834
6,63,21.31408883002704
6,64,24.01544774987326
6,65,26.935722845214574
6,66,25.18294028791169
6,67,24.446990948489898
6,68,28.266521891790198
6,69,29.588683280805355
6,70,27.42755959358506
6,71,30.700469047048074
6,72,30.82975543091584
6,73,27.903283748555626
6,74,26.74796870942515
6,75,22.973239635831902
6,76,20.624126904010623
6,77,19.04436075247149
6,78,15.56405481007288
6,79,16.061398867541893
6,80,15.269940141588304
6,81,14.650497302965508
6,82,14.623188195800434
6,83,16.802348252394435
6,84,18.056252703122894
6,85,21.422710211047093
6,86,22.570312561047587
6,87,25.63775905159079
6,88,28.180760683919768
6,89,31.632265803305064
6,90,34.53794524187553
6,91,38.30840262150075
6,92,41.34454246064675
6,93,43.87831135252348
6,94,43.675315329124786
6,95,41.86237263989892
6,96,38.105623521647814
6,97,36.04056490969916
6,98,32.566536824057266
6,99,30.61500574413393
6,100,27.39229305843093
6,101,26.29597811690638
6,102,24.210064252439622
6,103,21.278223161130533
6,104,20.901839402394813
6,105,17.1256298529908
6,106,14.294732841816986
6,107,11.495858761686122
6,108,9.870717534946996
6,109,11.022362731159175
6,110,13.206871185802779
6,111,15.566449576043473
6,112,19.05544202726592
7,1,8.800020387044919
7,2,6.032158158471388
7,3,5.750453698165829
7,4,5.128059694266649
7,5,6.0437791221396155
7,6,3.870210371672482
7,8,3.7840592300876374
7,9,5.563994537206587
7,10,5.428039850146413
7,11,7.138441518525059
7,12,7.238190985163773
7,13,10.232239337099749
7,14,10.044929179722152
7,15,9.184985759380428
7,16,5.802373103475416
7,17,5.715386199899753
7,18,7.271720699305872
7,19,9.192911310334754
7,20,12.900788916691765
7,21,15.912184691611149
7,22,18.917107390402258
7,23,22.27263551679617
7,24,25.06463140062255
7,25,27.969966318668195
7,26,26.43830550007003
7,27,24.100429836021945
7,28,25.80233337302683
7,29,29.259176057364485
7,30,29.346934473899648
7,31,31.97561775701031
7,32,32.75617630864418
7,33,30.042816274947167
7,34,31.127489434780355
7,35,27.936346188917703
7,36,24.972458134098666
7,37,25.163896429706664
7,38,21.76582715553927
7,39,18.480638396802107
7,40,14.696273757124368
7,41,14.85665365269392
7,42,11.428410651859362
7,43,11.37936515101427
7,44,10.267542259375862
7,45,10.924901472446788
7,46,11.160780460767917
7,47,13.563071812087605
7,48,14.580989131618356
7,49,16.19011835862105
7,50,18.467996699677848
7,51,17.266617004531135
7,52,13.563313186667497
7,53,12.66879689832813
7,54,16.201539672863824
7,55,17.57417746093101
7,56,21.36715020020678
7,57,23.87284380823235
7,58,24.278979485162257
7,59,20.563080786298723
7,60,21.047583219887482
7,61,24.378773975499023
7,62,23.25626271934133
7,63,20.27170817196612
7,64,23.2721964428274
7,65,25.800701329158038
7,66,23.615889366354093
7,67,23.172603322052076
7,68,27.047195689072407
7,69,27.933333019706946
7,70,25.401850427380584
7,71,28.42838977576845
7,72,28.675684761268595
7,73,25.507984979786404
7,74,24.73170608096312
7,75,20.984879783291653
7,76,18.854668489140614
7,77,16.79436947941642
7,78,13.171794669449582
7,79,13.90030422079493
7,80,13.517789422790697
7,81,13.862467497500965
7,82,14.241839019234172
7,83,15.890361024667076
7,84,17.339735798336918
7,85,20.488365708385416
7,86,21.3103886834433
7,87,24.576768945055274
7,88,26.743017790865462
7,89,30.21262199419434
7,90,32.8438325830928
7,91,36.622528234529355
7,92,39.62428808310291
7,93,42.113410259036634
7,94,42.173857811598104
7,95,40.53184000308762
7,96,36.85820363467962
7,97,34.812781905088606
7,98,31.529693170906526
7,99,29.464367749721646
7,100,26.420503259601354
7,101,24.9121038381384
7,102,23.048626277311712
7,103,19.90081526616074
7,104,19.07522004398654
7,105,15.401809328939471
7,106,12.553935068329462
7,107,10.625616078216733
7,108,9.08508828821788
7,109,9.622027487996084
7,110,12.197433779432895
7,111,14.233145065787989
7,112,17.737002577359647
8,1,11.950283930886128
8,2,9.42301524633425
8,3,7.84578086387522
8,4,5.120942183971523
8,5,6.237423889559508
8,6,5.919463512663694
8,7,3.7840592300876374
8,9,3.823585949701855
8,10,5.660257806158607
8,11,7.6256798968770765
8,12,9.215350713820783
8,13,12.172827224145236
8,14,12.916777170213622
8,15,12.281935535861816
8,16,8.772213621029403
8,17,7.552569990058217
8,18,7.4415903656685485
8,19,7.773274193557125
8,20,11.568259863907972
8,21,14.071085143580502
8,22,17.4897078482872
8,23,20.486970225370026
8,24,23.567048379111075
8,25,26.309824860446795
8,26,24.69918188057703
8,27,22.797674224519103
8,28,24.870533033459573
8,29,28.09941753143525
8,30,28.191419115859105
8,31,30.4965639080519
8,32,31.407681344200295
8,33,28.55090329852641
8,34,29.270743928242386
8,35,26.00019994728229
8,36,23.004191955250764
8,37,23.035332630153402
8,38,19.889046131539903
8,39,16.825246944505086
8,40,13.127331812830667
8,41,14.20872484375594
8,42,11.089159660019048
8,43,12.091486364285876
8,44,12.094657803212796
8,45,12.825761454109344
8,46,13.516885551283663
8,47,16.34848120106078
8,48,17.867875782872815
8,49,19.55738171337765
8,50,22.043160934708045
8,51,21.00698430490373
8,52,17.292138020594024
8,53,16.423741542166884
8,54,19.897160733165578
8,55,21.06731366668395
8,56,24.902707541845185
8,57,27.53814915917954
8,58,27.84429554590864
8,59,24.12953450237744
8,60,24.770900948272452
8,61,28.054123814045347
8,62,26.766179156599637
8,63,23.81471506103289
8,64,26.84671194311827
8,65,29.255504534701547
8,66,26.867900611529503
8,67,26.43433201740997
8,68,30.306914807009907
8,69,31.040160853417717
8,70,28.292884297144557
8,71,31.142615873577306
8,72,31.566719422552342
8,73,28.25090603125999
8,74,27.776242638690047
8,75,24.086739380253928
8,76,22.08491388896024
8,77,19.692293180779497
8,78,15.987374960522983
8,79,16.440315109188838
8,80,15.710308433922933
8,81,16.33601514294615
8,82,16.073023364837507
8,83,17.036294177574437
8,84,17.75803608759281
8,85,20.469782717000758
8,86,20.642149304506344
8,87,23.611414355037297
8,88,25.517950718980845
8,89,28.763920897629585
8,90,31.43619484234963
8,91,35.12742359964867
8,92,38.32783743264568
8,93,40.56180176637441
8,94,40.45103562128319
8,95,39.06450986935884
8,96,35.36422310609314
8,97,33.655134657195575
8,98,30.466220254603414
8,99,28.780066681653846
8,100,26.008519673111138
8,101,24.746054531235576
8,102,23.40133085821518
8,103,20.58826398498109
8,104,19.171519271802712
8,105,15.439402245065647
8,106,13.372833119974773
8,107,11.552871909424375
8,108,11.237004776589417
8,109,12.457931013818188
8,110,15.483909805224478
8,111,17.63751381937613
8,112,20.996226774000167
9,1,12.607633244577979
9,2,10.96265802851724
9,3,9.774357820827223
9,4,7.378579833505998
9,5,6.233300346146263
9,6,5.5337072339116125
9,7,5.563994537206587
9,8,3.823585949701855
9,10,3.8733844615521287
9,11,7.209752613968683
9,12,9.739513774598068
9,13,13.296638675865037
9,14,14.205751764453492
9,15,14.296053413835736
9,16,11.16731543512604
9,17,10.807069384744421
9,18,11.078795128872393
9,19,11.507362778663078
9,20,15.268153114901633
9,21,17.57134727301431
9,22,21.112040115624094
9,23,23.93935582059478
9,24,27.10466964642247
9,25,29.78340429799293
9,26,28.119607131222782
9,27,26.397607236846255
9,28,28.59082790410162
9,29,31.752144651429443
9,30,31.82799312962516
9,31,33.999095350012055
9,32,34.87774028735767
9,33,31.89541945231387
9,34,32.36717888999506
9,35,28.969336322449248
9,36,26.0189234095052
9,37,26.157356499178842
9,38,23.216019668945766
9,39,20.195970331730464
9,40,16.573352375904328
9,41,17.904329109059923
9,42,14.88555946482612
9,43,15.801573111538257
9,44,15.408619927683679
9,45,15.798340458756902
9,46,15.769720938364161
9,47,18.05029450244017
9,48,19.420357594025823
9,49,20.43770769030999
9,50,22.618171496613552
9,51,21.51225288567486
9,52,17.977314811833914
9,53,17.469557805669986
9,54,21.202495350508915
9,55,22.765964178389424
9,56,26.511806526223285
9,57,28.85418382405822
9,58,29.5030245990947
9,59,25.78789598218202
9,60,25.88497392344626
9,61,29.2264813810627
9,62,28.261383239062237
9,63,25.03195474828172
9,64,27.69279044046907
9,65,30.4212556775602
9,66,28.18309139258642
9,67,27.251227804450203
9,68,31.08915185739886
9,69,32.22850399526955
9,70,29.6890710937385
9,71,32.76975135022551
9,72,33.412553400937675
9,73,30.329013352819103
9,74,29.801900030640855
9,75,26.009839649263228
9,76,24.153648148476574
9,77,22.190067401611508
9,78,18.620360607127527
9,79,19.40248279383365
9,80,18.786782308125385
9,81,18.944126028708162
9,82,18.665489740770134
9,83,20.044519421036625
9,84,20.69540655817144
9,85,23.532373534032114
9,86,23.801745243567996
9,87,26.587472449225295
9,88,28.63962550958907
9,89,31.7941953417077
9,90,34.623597741704245
9,91,38.27208197206953
9,92,41.56061032181585
9,93,43.71435712212079
9,94,43.394196579563186
9,95,42.02637307425158
9,96,38.26977943485725
9,97,36.67536192752014
9,98,33.40177521344178
9,99,31.886617468597297
9,100,29.06023589475371
9,101,28.062125952494483
9,102,26.632149056200607
9,103,23.9068253623139
9,104,22.69126823199716
9,105,18.88572690232134
9,106,16.75511711646412
9,107,14.449028632137747
9,108,13.826562932713811
9,109,15.036277956335786
9,110,17.641760718471723
9,111,19.659135617407106
9,112,23.239310288125836
10,1,12.492107151931904
10,2,10.590670842489995
10,3,10.76839216728337
10,4,9.494673040518148
10,5,8.66158443079779
10,6,6.118505220460229
10,7,5.428039850146413
10,8,5.660257806158607
10,9,3.8733844615521287
10,11,3.83526224350344
10,12,6.39808485232461
10,13,10.125535948492937
10,14,11.249986994148761
10,15,12.16630646910284
10,16,9.770434804640773
10,17,10.696628539395949
10,18,11.088595916600953
10,19,12.588567763485932
10,20,16.365313726813962
10,21,19.21665981786373
10,22,22.519700776580464
10,23,25.57381054240604
10,24,28.758130365002174
10,25,31.319337821179275
10,26,29.366199231991374
10,27,27.36282471263469
10,28,29.55993346317438
10,29,32.88667607117705
10,30,33.29796790729136
10,31,35.724444814743535
10,32,36.81301554101567
10,33,34.07735398520924
10,34,34.862614648791165
10,35,31.630709296470155
10,36,28.62377531769099
10,37,28.492711971652046
10,38,25.322780614429934
10,39,22.366037706621768
10,40,18.66290452581213
10,41,19.40374906354936
10,42,15.94512546242921
10,43,15.957848935459989
10,44,14.78496198243315
10,45,14.345270767889312
10,46,13.461331299874447
10,47,15.238732221571654
10,48,16.759321611238686
10,49,17.350359502623785
10,50,19.62919643934298
10,51,18.950559753297306
10,52,15.492166264574422
10,53,15.726706955565307
10,54,19.45150873705137
10,55,21.550106123428762
10,56,25.142906895286703
10,57,27.11833828899107
10,58,27.609473315230982
10,59,23.82013504178763
10,60,23.665423536576068
10,61,26.794393803714282
10,62,25.740404396205843
10,63,22.321884660445416
10,64,24.758472721819746
10,65,27.485332116583006
10,66,25.15881044373048
10,67,23.955428457446146
10,68,27.748291495760924
10,69,28.988311214910993
10,70,26.495708315570727
10,71,29.654290417626978
10,72,30.537766647365974
10,73,27.634002999893625
10,74,27.2531781002664
10,75,23.43803845831153
10,76,21.97535629017483
10,77,20.339772684674816
10,78,17.063834507540953
10,79,18.57347137905784
10,80,18.71527126739559
10,81,19.087213327923237
10,82,19.58223724484238
10,83,21.29024655704155
10,84,22.546910853552507
10,85,25.5748747313247
10,86,26.07708066830056
10,87,29.140109949999268
10,88,31.12854179069601
10,89,34.41094972740125
10,90,37.0543249900215
10,91,40.75370351087309
10,92,43.923991241372136
10,93,46.17366349861744
10,94,46.10190817138338
10,95,44.71806085119934
10,96,41.0177176642994
10,97,39.26164248655299
10,98,36.03529110333892
10,99,34.241920099928656
10,100,31.339358950380028
10,101,29.96559928235288
10,102,28.30726962169985
10,103,25.23614492979375
10,104,24.17423323208844
10,105,20.487035260558873
10,106,17.867937959962205
10,107,15.922714841103184
10,108,14.442411911391373
10,109,14.668406985943657
10,110,16.656249094687624
10,111,17.987588458855296
10,112,21.75487503711827
11,1,14.507369552865423
11,2,11.990518592414501
11,3,12.82500397122273
11,4,11.870024500065115
11,5,11.942435690793126
11,6,9.15075115866911
11,7,7.138441518525059
11,8,7.6256798968770765
11,9,7.209752613968683
11,10,3.83526224350344
11,12,3.850123612216562
11,13,7.037048383964344
11,14,9.17738204547066
11,15,10.919627031500019
11,16,9.317092508506098
11,17,10.922003825698535
11,18,10.59696994213866
11,19,12.598756307939768
11,20,16.08306677480385
11,21,19.239759688356923
11,22,22.27608441974135
11,23,25.362248462064322
11,24,28.61893018272332
11,25,30.903106929347363
11,26,28.59733046207032
11,27,26.473664176043872
11,28,28.798764642486955
11,29,32.162331456830294
11,30,32.99853931731367
11,31,35.56213518414506
11,32,36.982844293137376
11,33,34.55301847292399
11,34,35.581369281477144
11,35,32.60068705757784
11,36,29.554265823938927
11,37,28.977700928623417
11,38,25.6938222500888
11,39,23.02468580486044
11,40,19.42020211352624
11,41,19.80476462366374
11,42,16.117709996013097
11,43,15.510810505477675
11,44,14.086329328710734
11,45,12.707269299239075
11,46,11.266647394894242
11,47,12.930270881742628
11,48,15.121321258140984
11,49,15.657577743791899
11,50,18.4178626141507
11,51,18.477289242355127
11,52,15.05745794383966
11,53,15.965039627052983
11,54,19.40750980968925
11,55,21.768829435104223
11,56,25.224647530429976
11,57,26.994495568063215
11,58,27.013553446719254
11,59,23.155172681486416
11,60,23.131462363202928
11,61,25.894995381746664
11,62,24.412059174197378
11,63,20.97265324603289
11,64,23.366911699564547
11,65,25.774717799058056
11,66,23.094685908732888
11,67,21.873608572317824
11,68,25.607526776028024
11,69,26.59627207982399
11,70,23.877044861040904
11,71,26.86422727253153
11,72,28.06867696999372
11,73,25.167656396228583
11,74,25.22971653436884
11,75,21.49879654444319
11,76,20.573732915166538
11,77,18.918529730463096
11,78,15.950636262931335
11,79,18.05840053279181
11,80,18.90687892469561
11,81,19.894650143457792
11,82,20.948122878369286
11,83,22.48077591059514
11,84,24.05718173891232
11,85,26.96702228945496
11,86,27.34601328285533
11,87,30.57114460319227
11,88,32.25411497468552
11,89,35.54066338927547
11,90,37.892441305439576
11,91,41.57309444899762
11,92,44.65306001994751
11,93,46.876546193809645
11,94,47.08298919877667
11,95,45.83730279708056
11,96,42.24356174571726
11,97,40.467989543068626
11,98,37.42002973435066
11,99,35.475597442988935
11,100,32.69805132015796
11,101,30.942078725365946
11,102,29.361019181993864
11,103,26.083023819816876
11,104,24.835534949988315
11,105,21.393467545783878
11,106,18.69772343501839
11,107,17.45634303405213
11,108,15.73894714435256
11,109,15.154935163078209
11,110,16.82522632095101
11,111,17.42957188800747
11,112,21.17657779413125
12,1,13.12042578306725
12,2,10.360513983485752
12,3,12.18006814753242
12,4,12.311179001608226
12,5,12.872974171634786
12,6,9.601583260355051
12,7,7.238190985163773
12,8,9.215350713820783
12,9,9.739513774598068
12,10,6.39808485232461
12,11,3.850123612216562
12,13,3.8205814153421325
12,14,5.33471877234744
12,15,7.457853351868334
12,16,6.85754667971449
12,17,9.53885123099892
12,18,9.874035798027073
12,19,12.845941097381766
12,20,16.084312470772367
12,21,19.614490686803762
12,22,22.21836425451413
12,23,25.590757194546306
12,24,28.566364688914113
12,25,30.947763376133345
12,26,28.71448146844383
12,27,26.18375857749289
12,28,28.155164910507157
12,29,31.695705417734207
12,30,32.58184249221132
12,31,35.44368138175795
12,32,36.80436522252737
12,33,34.58402060359124
12,34,35.99532496295997
12,35,33.16192177308365
12,36,30.13951726444727
12,37,29.60690212473077
12,38,26.086108523113502
12,39,23.31159887984543
12,40,19.705157273483806
12,41,19.336865913300752
12,42,15.506809558520919
12,43,14.032824407624604
12,44,11.818793800871415
12,45,9.993146391632461
12,46,7.898548287959059
12,47,9.167551327789612
12,48,11.28429382552753
12,49,11.936747400390654
12,50,14.874998938191373
12,51,15.14035449150342
12,52,11.715470286321368
12,53,12.917654829159062
12,54,16.099271422270235
12,55,18.613488435109115
12,56,21.922634464502604
12,57,23.562458890069788
12,58,23.378270389963074
12,59,19.517851029266634
12,60,19.57396641330718
12,61,22.20867031966397
12,62,20.60018526841859
12,63,17.197130624723005
12,64,19.69933161273525
12,65,22.005629927911666
12,66,19.315004723153976
12,67,18.266591836482064
12,68,22.052987784082237
12,69,22.9555284449845
12,70,20.263344601312728
12,71,23.322331389874115
12,72,24.35973114575633
12,73,21.48862845595173
12,74,21.421921218564872
12,75,17.67381050891573
12,76,16.80642267977513
12,77,15.346438204121958
12,78,12.637012475741361
12,79,15.172036890618232
12,80,16.57388665938129
12,81,17.683580909173983
12,82,19.358965207602573
12,83,21.119934241635406
12,84,23.230547953062914
12,85,26.29180243066817
12,86,27.048824465322756
12,87,30.5172744402515
12,88,32.27128784543442
12,89,35.72394638053436
12,90,37.93764879590831
12,91,41.675957541005495
12,92,44.546032540795395
12,93,46.98225077226725
12,94,47.428634893877465
12,95,46.00206987461018
12,96,42.47763115670198
12,97,40.41882967514133
12,98,37.37743826072627
12,99,35.09522966605713
12,100,32.19486122069944
12,101,30.13216493563504
12,102,28.25376729142595
12,103,24.73654634170278
12,104,23.829029956497692
12,105,20.60791233607422
12,106,17.51250985796525
12,107,16.625735340689666
12,108,14.27394257431385
12,109,12.845216640843537
12,110,13.914360962549699
12,111,13.986857353465451
12,112,17.71994359669462
13,1,15.401478038256416
13,2,12.374564273173602
13,3,14.546593743247826
13,4,15.00792713490229
13,5,16.160715688133724
13,6,12.999392503441971
13,7,10.232239337099749
13,8,12.172827224145236
13,9,13.296638675865037
13,10,10.125535948492937
13,11,7.037048383964344
13,12,3.8205814153421325
13,14,3.789004415592845
13,15,6.720515071170609
13,16,7.691014408550943
13,17,10.658975385167123
13,18,10.537529730856082
13,19,13.836791503014917
13,20,16.45328973582541
13,21,20.1414987263436
13,22,22.248311437473923
13,23,25.6406080902179
13,24,28.477041898450185
13,25,30.626302256963356
13,26,28.201589929950057
13,27,25.466586125850615
13,28,27.339860726437642
13,29,30.90530487751697
13,30,32.1349981533752
13,31,35.171901483718926
13,32,36.75098796402748
13,33,34.885601891046754
13,34,36.60402819006921
13,35,34.06377011265785
13,36,31.07776993335362
13,37,30.236665766832832
13,38,26.630374634163235
13,39,24.126255514369703
13,40,20.74514825739173
13,41,19.865625624945604
13,42,16.05614634282949
13,43,13.8603344742825
13,44,11.349829010827126
13,45,8.483016475390349
13,46,5.523812354750708
13,47,6.379203767402456
13,48,9.395736893138116
13,49,10.258777157123696
13,50,13.741937586600882
13,51,14.829869763482218
13,52,11.70516948664916
13,53,13.406872411000661
13,54,15.909937663713766
13,55,18.473112429048186
13,56,21.48833188955382
13,57,22.918620251797037
13,58,22.150723265118884
13,59,18.345536187690417
13,60,18.704236036593922
13,61,20.837567202101614
13,62,18.70250185043966
13,63,15.484056369642444
13,64,18.022281443833243
13,65,19.8041495494278
13,66,16.72881680473923
13,67,15.93679902763775
13,68,19.624985570271853
13,69,20.081118701581552
13,70,17.09785271333751
13,71,19.92166839667768
13,72,21.157310623548568
13,73,18.236418240764163
13,74,18.61555879376123
13,75,15.034283448446347
13,76,14.791101756663208
13,77,13.33858241991755
13,78,11.252787926177524
13,79,14.371759066824568
13,80,16.543817913085466
13,81,18.22775988203958
13,82,20.431447146741856
13,83,21.979777859332216
13,84,24.400869272778884
13,85,27.298909131671785
13,86,28.03767035388587
13,87,31.62773823563225
13,88,33.12475413655284
13,89,36.57707330178458
13,90,38.479577704842754
13,91,42.17571265432847
13,92,44.86846203568929
13,93,47.33580430055405
13,94,48.08510186412785
13,95,46.717758709702416
13,96,43.337733744458816
13,97,41.192453050631876
13,98,38.33766200796287
13,99,35.86198654016337
13,100,33.08110141181665
13,101,30.652170775571374
13,102,28.803611593044185
13,103,25.147363933725696
13,104,24.204590040922717
13,105,21.38885806157912
13,106,18.293535514259727
13,107,18.147308115869503
13,108,15.6747766100908
13,109,13.488972385013282
13,110,14.035593346119747
13,111,13.208103660828879
13,112,16.631813720152724
14,1,12.979917194672987
14,2,10.207662119970308
14,3,13.088995959628537
14,4,14.50449026828008
14,5,15.638491852817323
14,6,12.353876061690912
14,7,10.044929179722152
14,8,12.916777170213622
14,9,14.205751764453492
14,10,11.249986994148761
14,11,9.17738204547066
14,12,5.33471877234744
14,13,3.789004415592845
14,15,3.774020738838979
14,16,6.124612260155936
14,17,9.734905385239943
14,18,10.862904085917368
14,19,14.5746364050304
14,20,17.153438311008482
14,21,20.9195848317768
14,22,22.808393847629908
14,23,26.423362487258473
14,24,28.924019644995287
14,25,31.36640836163533
14,26,29.28907647669986
14,27,26.28039920494339
14,28,27.690652757927147
14,29,31.384093181732908
14,30,32.32686064450236
14,31,35.543795478295095
14,32,36.80649726962574
14,33,34.927747192866136
14,34,36.83704994051953
14,35,34.26754773313372
14,36,31.345347694546007
14,37,30.864298971370545
14,38,27.135128000962787
14,39,24.34256507606465
14,40,20.92134178248659
14,41,19.56024014647338
14,42,15.832100696792413
14,43,13.217663334385158
14,44,9.97356546532015
14,45,7.541992699210305
14,46,4.271748320807032
14,47,4.080879562121597
14,48,6.0139224422429365
14,49,7.258267870953198
14,50,10.616465104171551
14,51,11.341136349339354
14,52,8.12185703800206
14,53,9.787885059154476
14,54,12.130130272913453
14,55,14.780253023990872
14,56,17.734269020762515
14,57,19.15700773491898
14,58,18.519667274773322
14,59,14.686068823184938
14,60,15.025272542207205
14,61,17.35712844602694
14,62,15.426598626412144
14,63,12.181488208257345
14,64,14.98272413023623
14,65,16.989078087095265
14,66,14.248629310701975
14,67,13.704513305425744
14,68,17.54417551419952
14,69,18.177532118944875
14,70,15.511932240674627
14,71,18.6298348439131
14,72,19.297822928635586
14,73,16.440152385591578
14,74,16.12824715352337
14,75,12.354818752242329
14,76,11.595049860718705
14,77,10.505427333078481
14,78,8.514044802690677
14,79,11.800434134053578
14,80,14.169938539509888
14,81,15.497577346887487
14,82,18.09038365614304
14,83,20.044789019525368
14,84,22.838256672740847
14,85,25.966685464751404
14,86,27.199564913316976
14,87,30.902860679738072
14,88,32.6843640553062
14,89,36.285597153339445
14,90,38.25560547207913
14,91,42.01215915635143
14,92,44.55369526496344
14,93,47.2490357945899
14,94,48.0293170446488
14,95,46.38338978941907
14,96,43.00377237611356
14,97,40.59242803444258
14,98,37.623896013707096
14,99,34.91651856313526
14,100,31.924718334334035
14,101,29.458967910508832
14,102,27.225797445242517
14,103,23.46985142409091
14,104,23.072223867108885
14,105,20.34866780391131
14,106,16.89328978797512
14,107,16.665737342487645
14,108,13.64134288516076
14,109,10.935257285269996
14,110,10.756277346026886
14,111,9.638379102066388
14,112,13.176099558838025
15,1,11.004597929796605
15,2,7.897153473975817
15,3,10.735557242487296
15,4,12.660870190888975
15,5,14.382773507615404
15,6,11.616157466311776
15,7,9.184985759380428
15,8,12.281935535861816
15,9,14.296053413835736
15,10,12.16630646910284
15,11,10.919627031500019
15,12,7.457853351868334
15,13,6.720515071170609
15,14,3.774020738838979
15,16,3.761383387344066
15,17,7.123192537044634
15,18,9.025086869597695
15,19,12.839975122296789
15,20,15.153815946202501
15,21,18.86844123657983
15,22,20.51490222100079
15,23,24.2517466891317
15,24,26.453852031001208
15,25,29.131560532424537
15,26,27.405730233436348
15,27,24.2393446307695
15,28,25.284549980291843
15,29,29.033263266610277
15,30,29.681533573893915
15,31,32.9791814071623
15,32,33.983822968080915
15,33,32.089472866472846
15,34,34.12745426033628
15,35,31.58439646289745
15,36,28.74153420942395
15,37,28.51224210785418
15,38,24.72651096912522
15,39,21.78000533886945
15,40,18.440868774381453
15,41,16.683916506127236
15,42,13.135143648452827
15,43,10.29623878833627
15,44,6.726249971755542
15,45,5.264406010725962
15,46,3.7376232203739876
15,47,5.097718974165241
15,48,5.799442852571126
15,49,8.552704592835346
15,50,11.487951270124675
15,51,11.344950352348906
15,52,7.893528841197839
15,53,8.06519058822631
15,54,10.24308372251811
15,55,12.145624744253574
15,56,15.420570005630108
15,57,17.46359903504142
15,58,16.817724760983598
15,59,12.970539248617765
15,60,14.029917765446966
15,61,16.697517687757312
15,62,14.785325012506446
15,63,12.051844492629787
15,64,15.45388654507758
15,65,17.31847065440967
15,66,14.86102356284452
15,67,15.134670972491852
15,68,18.931910693741223
15,69,19.270489058811293
15,70,16.663858957769
15,71,19.575235969523376
15,72,19.543306160826564
15,73,16.3876243313517
15,74,15.569924993998121
15,75,11.831772388370435
15,76,10.02751362354057
15,77,8.198579339940519
15,78,5.3245781660129055
15,79,8.175778196211633
15,80,10.400417218251661
15,81,11.830309090728266
15,82,14.523808601076492
15,83,16.419048077006074
15,84,19.36650638193857
15,85,22.504156964181416
15,86,23.945856329507677
15,87,27.700381560779878
15,88,29.585030215351537
15,89,33.25199022155609
15,90,35.227731045897926
15,91,39.003042358796364
15,92,41.44218779102991
15,93,44.267421299813066
15,94,45.072115990284786
15,95,43.26595671337057
15,96,39.912384046538065
15,97,37.35281294555654
15,98,34.36055903684212
15,99,31.527571103190787
15,100,28.47270956287293
15,101,25.964550387016526
15,102,23.60060159297156
15,103,19.82014418876858
15,104,19.64000902335434
15,105,17.037020716221217
15,106,13.46896652915448
15,107,13.475422481075613
15,108,10.370291087304304
15,109,7.348848324552832
15,110,7.376213848995361
15,111,6.8759227774069025
15,112,10.410819936152123
16,1,9.349647524478883
16,2,5.646316050171399
16,3,7.566710896540976
16,4,8.992806088733595
