1,2,3.806576315200202
1,3,6.409810212428464
1,4,10.064973344608298
1,5,13.09331861934374
1,6,14.916762565187835
1,7,18.104384248405644
1,8,20.000450908490937
1,9,22.61332368897853
1,10,22.654625121727385
1,11,25.64103733812453
1,12,26.818064986582836
1,13,26.665494031825215
1,14,29.17361186336502
1,15,31.211437881048358
1,16,29.733804523641172
1,17,30.850529819524315
1,18,31.47205865460546
1,19,31.644456094783376
1,20,34.49359480258403
1,21,32.74970575276072
1,22,32.26261429771739
1,23,28.677771830213064
1,24,27.763645765591928
1,25,25.814819771240455
1,26,24.528017732692913
1,27,23.733198504661615
1,28,22.47429973107079
1,29,21.967725674163233
1,30,20.190605142794627
1,31,21.550595553103005
1,32,19.473805422134348
1,33,18.119004488385034
1,34,14.691378704692765
1,35,12.968830756232872
1,36,10.270719951740533
1,37,10.512204765332871
1,38,11.165627457350052
1,39,14.841154996108326
1,40,17.14505226276376
1,41,19.30086353521441
1,42,22.4688335978086
1,43,26.036981771083642
1,44,29.216959499164076
1,45,32.83948634349827
1,46,35.73060655961655
1,47,35.91601130947833
1,48,32.36260932772759
1,49,30.778849252556398
1,50,27.353149234243762
1,51,27.90358682725976
1,52,24.49990942424774
1,53,25.89026254274499
1,54,23.74813508342971
1,55,21.033358320090805
1,56,20.968136643514303
1,57,17.915898887663122
1,58,14.887662149148946
1,59,11.890584327524907
1,60,13.598785774060064
1,61,11.756072898378797
1,62,13.408637808844462
1,63,12.143000444652522
1,64,15.462635055856234
1,65,18.132875974701115
1,66,20.792864547659914
1,67,19.590820843445595
1,68,20.324838194282773
1,69,18.449219747095086
1,70,20.158519896214333
1,71,20.050805112895265
1,72,22.397240078437864
1,73,23.826131885917665
1,74,26.767259628556502
1,75,28.903443529328626
1,76,31.70964419838693
1,77,35.32793517138581
1,78,37.28766422392841
1,79,36.249754082891876
1,80,32.65680143156732
1,81,30.141620864876167
1,82,26.79158306633379
1,83,24.751506889805032
1,84,21.910778099207416
1,85,20.424121132641844
1,86,21.450184734538887
1,87,24.450617687321994
1,88,27.926549865093534
1,89,26.77800170408187
1,90,25.02748272953851
1,91,26.13827918240682
1,92,28.507434136291966
1,93,30.192864583692113
1,94,32.99934375249005
1,95,33.33348932440833
1,96,36.03438040280994
1,97,35.910612622652486
1,98,38.68448108884597
2,1,3.806576315200202
2,3,3.8103472998617853
2,4,6.882620425083779
2,5,10.022822313451
2,6,12.487896998721776
2,7,15.515710280572497
2,8,17.900122173663107
2,9,20.6279171032506
2,10,20.917916529909437
2,11,24.171417654898118
2,12,25.562668552834445
2,13,25.943203458254814
2,14,28.49746067111889
2,15,30.241245162157487
2,16,28.610729264476465
2,17,30.01049785994515
2,18,30.545042685454355
2,19,31.0130060664449
2,20,33.8849339003849
2,21,31.961200914951856
2,22,31.096445613121986
2,23,27.544672424715582
2,24,26.60263055553202
2,25,24.989521971652575
2,26,23.454541546986636
2,27,22.990547773816804
2,28,21.461706843533182
2,29,21.1624319924201
2,30,19.102859391260207
2,31,20.32897573494172
2,32,18.134487155089918
2,33,17.14818884883448
2,34,13.43284620066793
2,35,12.331173675096915
2,36,10.02183926595919
2,37,8.924626944571816
2,38,8.957077944712113
2,39,12.691037099871536
2,40,14.386214696953791
2,41,16.777818118310936
2,42,19.74500316623503
2,43,23.408383246727084
2,44,26.362305944948233
2,45,29.997660607295373
2,46,32.85920521193036
2,47,32.78596779534275
2,48,29.194476464892677
2,49,27.533356826874922
2,50,24.225624396635187
2,51,25.0667475148848
2,52,21.866458649662857
2,53,23.506186028514072
2,54,21.77554377613361
2,55,19.319042068070537
2,56,19.91603365070347
2,57,17.108665815173133
2,58,13.974900840274975
2,59,10.631617358005395
2,60,12.436408256948726
2,61,10.863404890407487
2,62,12.879741400907546
2,63,12.669567429789312
2,64,15.990036179218398
2,65,18.01781108428544
2,66,21.10205543463694
2,67,19.995525054076747
2,68,20.19929952853496
2,69,18.103684869749852
2,70,19.784340048822756
2,71,19.121302493541638
2,72,21.449599918609938
2,73,22.356357676465265
2,74,25.151708869555414
2,75,26.92420015088919
2,76,29.539130021156794
2,77,33.23534640364102
2,78,35.07806465286271
2,79,33.87325631834044
2,80,30.187969112143588
2,81,27.648679091327242
2,82,24.499882831714757
2,83,22.20887679366328
2,84,19.599551545099207
2,85,17.859450422069855
2,86,18.43849630790222
2,87,21.33750488945346
2,88,24.9391351134744
2,89,24.150257050937043
2,90,22.378745228388805
2,91,23.830375399621925
2,92,26.04360531173457
2,93,28.013956930005865
2,94,30.752259742329805
2,95,31.300559607215796
2,96,34.05994284140285
2,97,34.12577893202816
2,98,37.02536958918524
3,1,6.409810212428464
3,2,3.8103472998617853
3,4,3.8017629258178065
3,5,6.781400446245264
3,6,8.78982312221608
3,7,11.840408790318206
3,8,14.10951634885666
3,9,16.911922831489235
3,10,17.417889558608067
3,11,20.780822676977074
3,12,22.469090888805322
3,13,22.991080314450656
3,14,25.779866161854333
3,15,27.60533043143706
3,16,26.244164104451546
3,17,28.01062517482024
3,18,28.892989969030562
3,19,29.779328044330573
3,20,32.89258492670875
3,21,31.220007041162212
3,22,30.018574792206703
3,23,26.3687075599452
3,24,24.967881847581204
3,25,23.2057229944181
3,26,21.20291975628373
3,27,20.489310422991267
3,28,18.529189352848125
3,29,17.964856492094675
3,30,15.611162123055516
3,31,16.632889705245667
3,32,14.394811635051378
3,33,13.632046257128625
3,34,9.889808421414644
3,35,8.971874949646631
3,36,7.080411844289715
3,37,5.332996142834817
3,38,6.001260370938583
3,39,9.768005874901394
3,40,11.682176809327922
3,41,14.542818033757847
3,42,17.76318074277289
3,43,21.510888590952117
3,44,24.399032721468462
3,45,28.137041100886847
3,46,30.72012643626461
3,47,30.706459769327786
3,48,27.021391494627345
3,49,25.769925512914647
3,50,22.611883696148922
3,51,23.779594126684295
3,52,20.691227466098333
3,53,22.847154104210976
3,54,21.184223835748544
3,55,18.503214891052284
3,56,19.42651731766488
3,57,16.412626326260916
3,58,13.845881287563305
3,59,10.10158647427971
3,60,10.785957064197573
3,61,8.555552763923128
3,62,10.008950291712187
3,63,10.373941702591326
3,64,13.368063802090475
3,65,14.859494467012855
3,66,18.198312924583686
3,67,17.40146395573571
3,68,17.519948582868956
3,69,15.727619502798849
3,70,17.851531151224716
3,71,17.34678315679589
3,72,20.105327924329316
3,73,21.044196736863263
3,74,24.071988927789075
3,75,25.49625511230444
3,76,28.278276843688584
3,77,31.90023066612631
3,78,33.39336570758057
3,79,31.86382950081649
3,80,28.15207620215409
3,81,25.312286574267137
3,82,22.133876450941816
3,83,19.560247998866377
3,84,16.691052709142816
3,85,14.621281356998107
3,86,15.2624136309715
3,87,18.10443152385947
3,88,21.593049882709547
3,89,20.60862021165671
3,90,19.04655048375431
3,91,20.58966807233787
3,92,23.06871699417124
3,93,25.212952779184736
3,94,28.176074861318845
3,95,29.04564811697974
3,96,32.05220706128261
3,97,32.48134590028121
3,98,35.60963824734038
4,1,10.064973344608298
4,2,6.882620425083779
4,3,3.8017629258178065
4,5,3.8034003939769314
4,6,6.515053991644844
4,7,8.915980743990087
4,8,11.842430190369738
4,9,14.865702018010634
4,10,15.91749228554711
4,11,19.550288670264155
4,12,21.627109568737367
4,13,22.716494704340843
4,14,25.608273463667775
4,15,27.17623074145399
4,16,25.85013094179625
4,17,28.006791658202598
4,18,28.94337295577205
4,19,30.232371118095422
4,20,33.39177032207113
4,21,31.683829916137785
4,22,30.053894462887207
4,23,26.484771105515545
4,24,24.913532262062716
4,25,23.447210147902865
4,26,21.0724108032615
4,27,20.557893499537492
4,28,18.181567432404627
4,29,17.64211487644808
4,30,14.891540938721647
4,31,15.449953760130196
4,32,13.028987636065922
4,33,12.699450410503085
4,34,8.979085490282971
4,35,9.297360387738662
4,36,8.53239140849303
4,37,5.572302663232368
4,38,5.79193779014674
4,39,8.832649041685704
4,40,9.767364742510766
4,41,13.13818714706067
4,42,16.07679566500314
4,43,19.8667013893968
4,44,22.36161190799907
4,45,26.105277022467252
4,46,28.475752983034923
4,47,28.155982265212103
4,48,24.40201658851957
4,49,23.28111448462978
4,50,20.4258521812114
4,51,22.111340064664063
4,52,19.421081389911002
4,53,22.005311588661407
4,54,20.874889334376334
4,55,18.50051242016688
4,56,20.11437958059249
4,57,17.41586163326041
4,58,15.140751981166801
4,59,11.423512896272513
4,60,11.642567025695683
4,61,9.705131829589977
4,62,10.868136696512513
4,63,12.228637941236025
4,64,14.67629949733103
4,65,15.23381659495153
4,66,18.87057153063257
4,67,18.427672174929338
4,68,18.133536517880753
4,69,16.457867473237354
4,70,18.644727698465513
4,71,17.762912019828278
4,72,20.543591543004506
4,73,20.967110166639376
4,74,23.83526094749851
4,75,24.706086067820056
4,76,27.288799142109795
4,77,30.895508434267278
4,78,32.09554318896331
4,79,30.256211423906997
4,80,26.48261529640837
4,81,23.506593324071332
4,82,20.626194953698693
4,83,17.637402453709196
4,84,14.993769995442554
4,85,12.362882586271674
4,86,12.255563452478942
4,87,14.76700959510929
4,88,18.347355752153405
4,89,17.76200027609685
4,90,16.43697932506249
4,91,18.511312495803242
4,92,20.940535933977188
4,93,23.506109043936814
4,94,26.47278658477411
4,95,27.737000451133884
4,96,30.876689350438543
4,97,31.654654416099856
4,98,34.95366061033527
5,1,13.09331861934374
5,2,10.022822313451
5,3,6.781400446245264
5,4,3.8034003939769314
5,6,3.806190957042607
5,7,6.31719940845229
5,8,9.215862700515
5,9,11.800626113402478
5,10,12.737560265984815
5,11,16.412509887136757
5,12,18.523533354860028
5,13,20.04007090888816
5,14,22.847976938707784
5,15,24.14677156590694
5,16,22.8144549603536
5,17,25.214722854306913
5,18,26.22438976947266
5,19,27.844002683634322
5,20,31.063665657098618
5,21,29.463886057521478
5,22,27.510113753000088
5,23,23.999514854411853
5,24,22.204459236558407
5,25,20.92020545436868
5,26,18.291853993962686
5,27,17.991984905299546
5,28,15.463173428545199
5,29,15.246977833431993
5,30,12.586239003243424
5,31,13.330547870771557
5,32,11.500941172693361
5,33,12.281180252815663
5,34,9.080522838049385
5,35,9.415335000627653
5,36,9.33264034012143
5,37,5.617633434987236
5,38,4.568426390434328
5,39,6.046241716479586
5,40,6.303923997489024
5,41,9.947059695393227
5,42,12.85731890966164
5,43,16.600775000201082
5,44,18.994264954469408
5,45,22.7596032142278
5,46,24.951840190663198
5,47,24.737215366774976
5,48,20.96863034079067
5,49,20.154205918663067
5,50,17.40784658985313
5,51,19.26619289638812
5,52,16.758144331784106
5,53,19.71352922743723
5,54,18.759915868641958
5,55,16.42890174283684
5,56,18.452515267780388
5,57,15.968672435814906
5,58,14.327118081634504
5,59,10.862983491079754
5,60,10.248570009800881
5,61,8.816168611627688
5,62,9.897002357651202
5,63,12.341133042616573
5,64,14.435124418355624
5,65,14.266584083950983
5,66,17.861954113688917
5,67,17.325642683155355
5,68,16.38065079508014
5,69,14.647828703056925
5,70,16.70282621594723
5,71,15.535947370814611
5,72,18.334840598138165
5,73,18.473953953336224
5,74,21.312004206750675
5,75,21.788519978693838
5,76,24.38190141295233
5,77,27.88602874858688
5,78,28.826204834348122
5,79,26.794022306464488
5,80,23.032078862635945
5,81,19.925349983330047
5,82,17.12801576779718
5,83,13.977203730948348
5,84,11.386720111695482
5,85,8.61725788229187
5,86,8.554635236623923
5,87,11.367145870422696
5,88,14.921032949046502
5,89,14.266813010630461
5,90,12.694678219612175
5,91,14.797293029975512
5,92,17.16557671886483
5,93,19.830376617455066
5,94,22.814679930675624
5,95,24.259850219848005
5,96,27.496659063919715
5,97,28.516659062144633
5,98,31.939248669481678
6,1,14.916762565187835
6,2,12.487896998721776
6,3,8.78982312221608
6,4,6.515053991644844
6,5,3.806190957042607
6,7,3.7959124185994675
6,8,5.669525505443242
6,9,8.36650048731281
6,10,9.590308525681749
6,11,13.317261560525182
6,12,15.814254025938881
6,13,17.21054550096337
6,14,20.328450802124713
6,15,21.929163763895232
6,16,21.12665808133436
6,17,23.818375873318633
6,18,25.339095706667116
6,19,27.26963977120888
6,20,30.7145707028982
6,21,29.556230381221642
6,22,27.49084112571547
6,23,23.918225686521595
6,24,21.598652666466368
6,25,19.921541833228243
6,26,16.862748146046314
6,27,15.962244338830953
6,28,12.941916260956747
6,29,12.124561710276677
6,30,9.091372466464327
6,31,9.5335355489704
6,32,7.860527264451634
6,33,9.257086441972506
6,34,6.759924046793134
6,35,7.1936915752901385
6,36,8.148402560642412
6,37,5.030114231043959
6,38,5.4693069952792595
6,39,5.551855502546605
6,40,6.7439679828258114
6,41,10.343384644170005
6,42,13.519847283252037
6,43,17.02131704737228
6,44,19.404660867513208
6,45,23.1532462616256
6,46,24.929764778181273
6,47,25.030373458325915
6,48,21.292551241064448
6,49,21.142560306586233
6,50,18.62756424648762
6,51,20.534484051551708
6,52,18.121901978577554
6,53,21.312075793861915
6,54,20.1534068098441
6,55,17.494353774175202
6,56,19.315991804248696
6,57,16.577112596858317
6,58,15.678066196579637
6,59,12.344327056727876
6,60,10.528660097597898
6,61,8.425460936813886
6,62,8.062309385947602
6,63,10.825528026116023
6,64,12.047205276279525
6,65,11.124426740334965
6,66,14.74571204723545
6,67,14.6539206822925
6,68,13.812762688829322
6,69,12.798686703083408
6,70,15.404115288878796
6,71,14.874182760171138
6,72,18.114963702838768
6,73,18.651997949045928
6,74,21.774240913266375
6,75,22.072695610756035
6,76,24.94618750298874
6,77,28.213221520928663
6,78,28.78253916762381
6,79,26.49281345869533
6,80,22.858709264871706
6,81,19.430639453818834
6,82,16.51252710896743
6,83,13.2718266160025
6,84,10.106544269426939
6,85,7.013096857858015
6,86,7.7306814067178475
6,87,10.364997629179383
6,88,13.396049518354165
6,89,11.939307741450499
6,90,10.812726996144855
6,91,12.709263159623562
6,92,15.682282667234414
6,93,18.33180651140661
6,94,21.67377351264811
6,95,23.390969488905977
6,96,26.867839986858325
6,97,28.208275661953763
6,98,31.774222441580417
7,1,18.104384248405644
7,2,15.515710280572497
7,3,11.840408790318206
7,4,8.915980743990087
7,5,6.31719940845229
7,6,3.7959124185994675
7,8,3.7996256254010112
7,9,7.091925144507044
7,10,9.65882868159113
7,11,13.389407100268311
7,12,16.473366782292064
7,13,18.285092042720045
7,14,21.52648180804553
7,15,22.982549321388586
7,16,22.508640803631543
7,17,25.567349461503316
7,18,27.268609540028894
7,19,29.558939353266222
7,20,33.02266758307798
7,21,31.97226015638048
7,22,29.596594069011406
7,23,26.177392933403397
7,24,23.662651414324174
7,25,22.173815255688726
7,26,18.82558467903177
7,27,17.893462153589095
7,28,14.504331644975643
7,29,13.360957894871708
7,30,9.974514681843575
7,31,9.123335716721682
7,32,7.145499626234555
7,33,8.8834542919554
7,34,7.405133831872198
7,35,9.31352651810757
7,36,11.05102336416097
7,37,8.486535738710888
7,38,9.200147716633433
7,39,8.697699809084112
7,40,8.717831168013673
7,41,12.241165569284426
7,42,14.8029598656155
7,43,18.020319170204353
7,44,19.783858652460676
7,45,23.38766167505168
7,46,24.692880925716725
7,47,24.47772565593097
7,48,20.75555106046753
7,49,21.02213750779862
7,50,19.091043560894587
7,51,21.535343651043227
7,52,19.68765209406603
7,53,23.16361277986205
7,54,22.478075886275423
7,55,20.136758387079485
7,56,22.3077322293202
7,57,19.82723025921215
7,58,19.137594384911104
7,59,15.93872889401996
7,60,14.042605934025806
7,61,12.103200092419561
7,62,11.238810139689603
7,63,13.905634628434937
7,64,14.377444897935423
7,65,12.617318644597262
7,66,16.186105484680546
7,67,16.77935978094126
7,68,15.964187367345197
7,69,15.50731588256555
7,70,18.178125380682417
7,71,17.64161626547385
7,72,20.814782410494793
7,73,21.031105249039086
7,74,23.944556836562846
7,75,23.69553060000114
7,76,26.3390578336437
7,77,29.440349008523334
7,78,29.585915017262725
7,79,26.920155042736386
7,80,23.366645129538902
7,81,19.786724321481213
7,82,17.358986646429905
7,83,13.769320349220097
7,84,11.029105414400759
7,85,7.3278283075512025
7,86,6.669966250426734
7,87,7.968238815201351
7,88,10.724857677480635
7,89,9.572250306541092
7,90,9.557985689247493
7,91,12.23078051351317
7,92,15.296761518494392
7,93,18.423781243603113
7,94,21.799946817790275
7,95,24.05265774170583
7,96,27.661194141047563
7,97,29.435840608375038
7,98,33.129238487876904
8,1,20.000450908490937
8,2,17.900122173663107
8,3,14.10951634885666
8,4,11.842430190369738
8,5,9.215862700515
8,6,5.669525505443242
8,7,3.7996256254010112
8,9,3.8062974212722303
8,10,6.854624407935809
8,11,10.328877021950866
8,12,13.722725996732745
8,13,15.35680901390955
8,14,18.786150296491016
8,15,20.494614042398002
8,16,20.562197486901994
8,17,23.792070156963696
8,18,25.93038253157535
8,19,28.437959872723997
8,20,32.04133681848803
8,21,31.420838810603502
8,22,29.01965969393457
8,23,25.613327619660783
8,24,22.69848221367005
8,25,20.889005735518754
8,26,17.297410589512587
8,27,15.843579112798013
8,28,12.173626402025658
8,29,10.482609928850938
8,30,6.996308411134937
8,31,5.577013420768078
8,32,4.61035774910879
8,33,7.694560123880406
8,34,7.735903841782292
8,35,9.093255720890065
8,36,11.371139594694437
8,37,9.647650450751769
8,38,10.7054539087526
8,39,9.385286313278925
8,40,10.059543267349044
8,41,12.990730615855297
8,42,15.648694414388418
8,43,18.48454870919389
8,44,20.303588516713173
8,45,23.786148019804703
8,46,24.741471282605648
8,47,24.97785828340308
8,48,21.420387966874042
8,49,22.2423071512068
8,50,20.432000698839403
8,51,22.664063518383475
8,52,20.825616435726168
8,53,24.3341776519635
8,54,23.383766754394372
8,55,20.78749664364045
8,56,22.67231505204873
8,57,20.074623854349788
8,58,20.02690752692613
8,59,17.092512473901316
8,60,14.452061333131109
8,61,12.37278216485853
8,62,10.56771568141416
8,63,13.296930348334946
8,64,12.876213687589523
8,65,10.314992439758557
8,66,13.525731889743811
8,67,14.484931629569271
8,68,13.66734512050118
8,69,13.959424384899117
8,70,16.88051639057381
8,71,16.92306988951714
8,72,20.30050961899483
8,73,20.88326006884026
8,74,23.97254837065536
8,75,23.648563296699194
8,76,26.532343028536417
8,77,29.35660698981689
8,78,29.212505466171756
8,79,26.42810141389945
8,80,23.0988731440564
8,81,19.360800664190783
8,82,16.846721064573206
8,83,13.513921168674676
8,84,10.456978157417009
8,85,7.269957846961769
8,86,7.8845496471265895
8,87,8.962788916704895
8,88,10.60531608919161
8,89,8.224322858534213
8,90,8.68266759554703
8,91,10.616256795772204
8,92,14.171250746094357
8,93,17.00435255143121
8,94,20.628364656898253
8,95,22.993595969491558
8,96,26.726405907295145
8,97,28.70781833675085
8,98,32.449560135337784
9,1,22.61332368897853
9,2,20.6279171032506
9,3,16.911922831489235
9,4,14.865702018010634
9,5,11.800626113402478
9,6,8.36650048731281
9,7,7.091925144507044
9,8,3.8062974212722303
9,10,3.7929408060707166
9,11,6.852391385635605
9,12,10.43639991844577
9,13,12.466201623864729
9,14,15.75092541469587
9,15,17.252959437442776
9,16,17.616430425120164
9,17,21.056196919962847
9,18,23.41995425487344
9,19,26.2193986316566
9,20,29.837816320706605
9,21,29.523110605257756
9,22,26.953996402955354
9,23,23.717003007675668
9,24,20.529821489135387
9,25,18.779520279380044
9,26,15.027434992633472
9,27,13.574457746351282
9,28,9.863168081113725
9,29,8.476981441037523
9,30,5.880256214755045
9,31,5.114935167007064
9,32,6.681205533466905
9,33,10.398321681320406
9,34,11.037606768997025
9,35,11.577393657723364
9,36,13.711230137095917
9,37,12.109541109984452
9,38,12.515968019878867
9,39,10.136305201983086
9,40,10.569896112986404
9,41,12.554663357446318
9,42,14.85624836033492
9,43,17.101780570491808
9,44,18.785172392204004
9,45,22.039929799005925
9,46,22.642301799998574
9,47,23.29405426072874
9,48,19.976551203489457
9,49,21.31374405046501
9,50,19.720877936609295
9,51,21.752777540869342
9,52,20.136001352127703
9,53,23.66358617419602
9,54,22.70343575924668
9,55,20.157447929833793
9,56,22.01009924861878
9,57,19.680928249423136
9,58,20.3369071279013
9,59,17.937754097822975
9,60,14.820409347686
9,61,13.349205458928221
9,62,11.478788919991613
9,63,14.551714879618498
9,64,13.768006648733389
9,65,10.77266677491852
9,66,13.205408880030063
9,67,13.936705858241528
9,68,12.434307999286832
9,69,13.000563062500936
9,70,15.588391837827988
9,71,15.707879970305132
9,72,18.931516244796498
9,73,19.475569284722436
9,74,22.468866587465435
9,75,21.845193499363127
9,76,24.773399368379376
9,77,27.272298972028906
9,78,26.801149544248435
9,79,23.90098427343621
9,80,20.82647185090223
9,81,17.037936491997662
9,82,14.661728246715848
9,83,11.669866518759195
9,84,8.802890971829408
9,85,6.61681802132323
9,86,8.143303400242846
9,87,9.109465844866929
9,88,9.684439376856824
9,89,6.328960875749918
9,90,6.682231213497898
9,91,7.6457320748885085
9,92,11.399782218892016
9,93,13.953111081055441
9,94,17.66570564832681
9,95,20.161508822350683
9,96,23.946893848120492
9,97,26.162817059809687
9,98,29.931121205479432
10,1,22.654625121727385
10,2,20.917916529909437
10,3,17.417889558608067
10,4,15.91749228554711
10,5,12.737560265984815
10,6,9.590308525681749
10,7,9.65882868159113
10,8,6.854624407935809
10,9,3.7929408060707166
10,11,3.7947307422629644
10,12,6.90579560224841
10,13,9.062847667993463
10,14,12.18071151012001
10,15,13.658064492699697
10,16,13.92992414814523
10,17,17.310457836695118
10,18,19.75883467980081
10,19,22.554135083026136
10,20,26.2076337774823
10,21,26.067117276253708
10,22,23.583498202756843
10,23,20.343032158706336
10,24,17.017072104045923
10,25,15.117383000330925
10,26,11.33821207467773
10,27,9.857424300235468
10,28,6.225604322186899
10,29,5.709174030081409
10,30,4.750887916072648
10,31,6.351544473869315
10,32,8.957189561915003
10,33,12.607990837119546
10,34,12.946240336401528
10,35,12.362987434061848
10,36,13.970932121997048
10,37,12.462922766876508
10,38,12.224056662452027
10,39,9.180406067402242
10,40,9.98555196630428
10,41,10.970169485817792
10,42,13.333669382496232
10,43,15.24895997161474
10,44,17.32927579659124
10,45,20.51192918349615
10,46,21.26350699859605
10,47,22.48168019385
10,48,19.343605024210888
10,49,20.68482402886656
10,50,18.81896971665464
10,51,20.267278460903132
10,52,18.428150543694905
10,53,21.73123386917113
10,54,20.42122896326439
10,55,17.70657732184807
10,56,19.250770862271782
10,57,17.017005287844007
10,58,18.243515484186265
10,59,16.373140271204818
10,60,12.898621222677072
10,61,12.030263733299758
10,62,10.379719218812701
10,63,13.703809550734972
10,64,13.078073099645744
10,65,10.403425695598413
10,66,12.191166907537331
10,67,12.050122627396078
10,68,9.730154346087954
10,69,10.084707391340062
10,70,12.278028335439535
10,71,12.505533840445889
10,72,15.663060972971856
10,73,16.44500336556562
10,74,19.53348359846785
10,75,19.084940478547743
10,76,22.255730731575003
10,77,24.626531358459342
10,78,24.254657345516165
10,79,21.592265651258145
10,80,18.64067876721528
10,81,14.947068969224489
10,82,12.198402290939466
10,83,9.878478669386965
10,84,6.775583378685496
10,85,6.306815486429946
10,86,9.247827873400311
10,87,11.099693890212727
10,88,11.649635255127112
10,89,8.197523039062014
10,90,6.999903968882199
10,91,6.0641244349294015
10,92,9.758912176666511
10,93,11.495829940163862
10,94,15.278285231731248
10,95,17.356631815958746
10,96,21.09612526243433
10,97,23.127790119446082
10,98,26.83350378668798
11,1,25.64103733812453
11,2,24.171417654898118
11,3,20.780822676977074
11,4,19.550288670264155
11,5,16.412509887136757
11,6,13.317261560525182
11,7,13.389407100268311
11,8,10.328877021950866
11,9,6.852391385635605
11,10,3.7947307422629644
11,12,3.7991373206841352
11,13,6.2166622490542585
11,14,9.132847790879115
11,15,10.625076881421798
11,16,11.689242847928869
11,17,15.210784413226381
11,18,18.104857940257656
11,19,21.148881415399348
11,20,24.804263917655476
11,21,25.17966000821323
11,22,22.68560054930849
11,23,19.70267067550919
11,24,16.077484350324013
11,25,14.065963138879297
11,26,10.335486452746027
11,27,8.539275398664715
11,28,5.458189458292969
11,29,5.407915550645019
11,30,6.603746262420103
11,31,8.303345449964926
11,32,11.69017514808307
11,33,15.32047933296362
11,34,16.16438974465323
11,35,15.25879243700479
11,36,16.809089365998087
11,37,15.736538806999686
11,38,15.444391087592097
11,39,12.24770646465821
11,40,13.078347813507799
11,41,13.212021092008897
11,42,15.11952091388272
11,43,16.267629255398823
11,44,18.188675409752204
11,45,20.946199595932885
11,46,21.29391400521251
11,47,23.024963105716616
11,48,20.30850742315999
11,49,22.079536512734826
11,50,20.448296965040605
11,51,21.526526945967596
11,52,19.88526726436508
11,53,22.973068508000058
11,54,21.54276754124661
11,55,18.878362013439833
11,56,20.080935528398246
11,57,18.10549839548954
11,58,19.986921725775517
11,59,18.66751222335479
11,60,14.986026616687015
11,61,14.491705831393835
11,62,12.699292610914027
11,63,15.723679153460685
11,64,14.617243785474178
11,65,11.827169427852576
11,66,12.476325906239273
11,67,12.213384537820966
11,68,9.547665929361077
11,69,10.558192557693264
11,70,12.219166263338826
11,71,12.918013524307916
11,72,15.739059078047195
11,73,16.72370895571934
11,74,19.657536193805186
11,75,19.057758802048163
11,76,22.271499811867997
11,77,24.15889935062164
11,78,23.45177190730184
11,79,20.813504242870575
11,80,18.35942026496298
11,81,14.862126777436004
11,82,12.378047833330912
11,83,11.045342957001223
11,84,8.684879539591615
11,85,9.483193140319226
11,86,12.443253933259866
11,87,13.950327464828337
11,88,13.695973801982376
11,89,10.084977389835458
11,90,9.09174048732526
11,91,6.697137006814559
11,92,9.773653813737658
11,93,10.416035763800867
11,94,14.09955946467568
11,95,16.075840430767027
11,96,19.73651372449846
11,97,21.93272597587288
11,98,25.552610593308295
12,1,26.818064986582836
12,2,25.562668552834445
12,3,22.469090888805322
12,4,21.627109568737367
12,5,18.523533354860028
12,6,15.814254025938881
12,7,16.473366782292064
12,8,13.722725996732745
12,9,10.43639991844577
12,10,6.90579560224841
12,11,3.7991373206841352
12,13,3.819066804908338
12,14,5.641420726465923
12,15,6.882946036911593
12,16,8.096431240768528
12,17,11.557383479734835
12,18,14.6553450817734
12,19,17.749118067803323
12,20,21.386901226421692
12,21,22.07435808973381
12,22,19.693865801798268
12,23,16.878882877126355
12,24,13.124367748081099
12,25,11.032981140067703
12,26,7.5700038654493
12,27,5.9554412287066185
12,28,4.5598748360982775
12,29,6.40462681703165
12,30,9.102584953188781
12,31,11.584405888034944
12,32,14.97991031474648
12,33,18.44065114400284
12,34,19.018372433884494
12,35,17.53382586071923
12,36,18.616697367076835
12,37,17.624838149319498
12,38,16.847196081807365
12,39,13.485069140612413
12,40,14.377529324436752
12,41,13.553224369383662
12,42,15.146983344759182
12,43,15.69020099940877
12,44,17.801579012058024
12,45,20.243856388915834
12,46,20.660341778397026
12,47,22.934564503934965
12,48,20.570997523704122
12,49,22.30910521073927
12,50,20.56146335515356
12,51,20.99327261437649
12,52,19.29267007899048
12,53,21.96998090788274
12,54,20.26836726043892
12,55,17.63203046331892
12,56,18.40521504536584
12,57,16.774114293860546
12,58,19.26512498740345
12,59,18.650620324054866
12,60,14.957853932777246
12,61,15.183804991890476
12,62,13.85177317575945
12,63,16.75709211793609
12,64,15.89997587252608
12,65,13.696463594052021
12,66,13.650690558299448
12,67,12.504341331650789
12,68,9.21358159282935
12,69,9.857120412970177
12,70,10.444497515193715
12,71,11.252263260647911
12,72,13.549059141713826
12,73,14.739688016567895
12,74,17.536454765882397
12,75,17.087174870798627
12,76,20.419937874133044
12,77,21.994504146957695
12,78,21.343386759162644
12,79,19.069885119991028
12,80,16.97967226914651
12,81,13.900086556651653
12,82,11.364200166418486
12,83,11.236657812135535
12,84,9.45383314605098
12,85,11.497729038246161
12,86,14.795539942902197
12,87,16.66908266580803
12,88,16.449705640065854
12,89,13.106416940545268
12,90,11.41492436826182
12,91,8.153450893233508
12,92,10.085919464769022
12,93,9.306746709826706
12,94,12.592078219297525
12,95,13.861019748203372
12,96,17.280109510945557
12,97,19.23289993656163
12,98,22.68689357002036
13,1,26.665494031825215
13,2,25.943203458254814
13,3,22.991080314450656
13,4,22.716494704340843
13,5,20.04007090888816
13,6,17.21054550096337
13,7,18.285092042720045
13,8,15.35680901390955
13,9,12.466201623864729
13,10,9.062847667993463
13,11,6.2166622490542585
13,12,3.819066804908338
13,14,3.816755051406199
13,15,7.004743105182796
13,16,8.94679300054248
13,17,11.592443992110615
13,18,15.046602608279047
13,19,17.689696342045448
13,20,21.392133995539986
13,21,22.465465748103764
13,22,20.630338439591068
13,23,17.747893598927728
13,24,14.03206947960649
13,25,11.15182713073506
13,26,8.260841309997893
13,27,5.2152097436623785
13,28,4.809341116076515
13,29,5.712740397747668
13,30,9.326072604690827
13,31,12.044367990158964
13,32,15.536334908371607
13,33,18.597761074944955
13,34,19.39737951114363
13,35,17.389368258644687
13,36,18.312517278054035
13,37,18.067390641597573
13,38,17.732947263613248
13,39,14.835313535667954
13,40,16.53328934667997
13,41,15.877360394735655
13,42,17.91890099921266
13,43,18.66559560332018
13,44,21.107760826213198
13,45,23.567631246626547
13,46,24.156139865170466
13,47,26.559151648135998
13,48,24.205041946669706
13,49,25.74964157675301
13,50,23.741168103277605
13,51,23.89712602851532
13,52,21.83139124600357
13,53,24.214824024453712
13,54,22.03536397608965
13,55,19.047548825373017
13,56,19.094267380292976
13,57,17.090849860351067
13,58,19.693352314160816
13,59,19.161024951556563
13,60,15.37815585834935
13,61,15.255395326478398
13,62,13.485134840481193
13,63,15.698215096308497
13,64,14.412838594152811
13,65,12.530563723059625
13,66,11.517242342052624
13,67,10.11868175522511
13,68,7.121567055357187
13,69,8.75562940699671
13,70,9.53005355926182
13,71,11.561117326302748
13,72,14.015831828663659
13,73,16.06009339099311
13,74,19.09764408382359
13,75,19.272384234921564
13,76,22.80556534933195
13,77,24.322067307699236
13,78,23.926138564709465
13,79,22.02327656319799
13,80,20.092998084633074
13,81,17.24617730463325
13,82,14.482508936932902
13,83,14.546557101669654
13,84,12.343245957361628
13,85,14.161172510593913
13,86,17.668750493415654
13,87,19.760320803010558
13,88,19.76639623140896
13,89,16.251118650456622
13,90,14.764530989219232
13,91,11.781775716299649
13,92,13.859957922761149
13,93,12.851851680308602
13,94,15.870178704896095
13,95,16.586866104819954
13,96,19.68742968556889
13,97,21.210591594107235
13,98,24.386190140767543
14,1,29.17361186336502
14,2,28.49746067111889
14,3,25.779866161854333
14,4,25.608273463667775
14,5,22.847976938707784
14,6,20.328450802124713
14,7,21.52648180804553
14,8,18.786150296491016
14,9,15.75092541469587
14,10,12.18071151012001
14,11,9.132847790879115
14,12,5.641420726465923
14,13,3.816755051406199
14,15,3.795317574345427
14,16,6.432956614099976
14,17,8.57396949127373
14,18,12.278634703361703
14,19,14.99945139976106
14,20,18.54523264784585
14,21,20.073764258417224
14,22,18.338608635145874
14,23,15.899210683108526
14,24,12.228915858398
14,25,9.6101150156004
14,26,7.7064638994560335
14,27,5.808028884901568
14,28,7.45194432994165
14,29,9.369003826369878
14,30,13.005762905275418
14,31,15.80948853136866
14,32,19.28219078823447
14,33,22.367232477338685
14,34,22.997716472989087
14,35,20.84569648667622
14,36,21.49967105637409
14,37,21.11592089238496
14,38,20.32992019037973
14,39,17.27532132492924
14,40,18.661908248597033
14,41,17.281544292925567
14,42,18.779412627997853
14,43,18.838364181905966
14,44,21.159783977195247
14,45,23.154115243617625
14,46,23.627856190987913
14,47,26.448620420435823
14,48,24.528450657288865
14,49,26.14573981590272
14,50,24.244507880994536
14,51,23.90456312538501
14,52,22.023048406528144
14,53,23.998579249472822
14,54,21.774431382590222
14,55,19.0693380028912
14,56,18.807756781547077
14,57,17.404015498366192
14,58,20.508542696158695
14,59,20.66504425974319
14,60,17.083958957127344
14,61,17.656095128469232
14,62,16.4270353246087
14,63,18.596138944421526
14,64,17.61672464098879
14,65,16.11538745966363
14,66,14.846292218572113
14,67,13.000076350399416
14,68,9.886384521116165
14,69,10.791162775359739
14,70,10.214092689050332
14,71,11.961053211893741
14,72,13.459363760070145
14,73,15.424048834984736
14,74,18.009201524133953
14,75,18.15165478893113
14,76,21.56193543178593
14,77,22.58982262046211
14,78,22.110496472133097
14,79,20.572172295476513
14,80,19.18497776574062
14,81,16.898463757200872
14,82,14.48739119753516
14,83,15.51000789795342
14,84,14.06104612678468
14,85,16.574009378036944
14,86,20.083238193547068
14,87,22.207214414566373
14,88,22.03359938806448
14,89,18.732541250220127
14,90,16.925563671068833
14,91,13.491823186141906
14,92,14.644127666649766
14,93,12.644708293515302
14,94,14.941250483102804
14,95,14.987211907518754
14,96,17.61809554258638
14,97,18.92836706397865
14,98,21.813845593187406
15,1,31.211437881048358
15,2,30.241245162157487
15,3,27.60533043143706
15,4,27.17623074145399
15,5,24.14677156590694
15,6,21.929163763895232
15,7,22.982549321388586
15,8,20.494614042398002
15,9,17.252959437442776
15,10,13.658064492699697
15,11,10.625076881421798
15,12,6.882946036911593
15,13,7.004743105182796
15,14,3.795317574345427
15,16,3.8066883752317984
15,17,6.286744802816845
15,18,9.880610696662426
15,19,13.121632568772494
15,20,16.42727747545369
15,21,18.03727326417685
15,22,15.926304223479715
15,23,14.005086157200306
15,24,10.405893296452483
15,25,8.86456931844128
15,26,7.570728568536107
15,27,7.564895322877943
15,28,9.542121806397047
15,29,12.178551728612264
15,30,15.52739820768823
15,31,18.285756988442948
15,32,21.7028061331771
15,33,25.011209042029783
15,34,25.421451186209804
15,35,23.460668744754102
15,36,24.04882615217847
15,37,23.171121981751302
15,38,21.862532756995265
15,39,18.50212760797747
15,40,19.21335075576304
15,41,17.227872205111225
15,42,17.965690971850428
15,43,17.27680730020288
15,44,19.21504942480993
15,45,20.71629156770088
15,46,20.956496582217476
15,47,24.055910608264515
15,48,22.562726186667685
15,49,24.340727618157956
15,50,22.733958114700915
15,51,22.133565194966792
15,52,20.691457097680956
15,53,22.47485864960667
15,54,20.57519563999888
15,55,18.402118995177702
15,56,18.39975579322408
15,57,17.74950894170968
15,58,21.092074871616827
15,59,21.680494513246558
15,60,18.342323432714156
15,61,19.542024649811705
15,62,18.863002941599564
15,63,21.396303112647942
15,64,20.802750644413806
15,65,19.287284913432277
15,66,18.389431373918246
15,67,16.455145863416416
15,68,13.056127128046962
15,69,13.176812325587171
15,70,11.82891761655333
15,71,12.539568932092333
15,72,13.128223749129225
15,73,14.335069906333022
15,74,16.265514150396342
15,75,15.897554754243986
15,76,19.00207590738869
15,77,19.58290275443243
15,78,18.815844435956212
15,79,17.373288698822932
15,80,16.450302656832488
15,81,14.636835933630943
15,82,12.827047483122518
15,83,14.615281517144476
15,84,14.114765706502773
15,85,17.15065810065404
15,86,20.43770553358158
15,87,22.417438914537822
15,88,21.994390015644495
15,89,19.05813839769447
15,90,16.971442930797796
15,91,13.25103766595718
15,92,13.38813919633167
15,93,10.597680409897155
15,94,12.140891393550431
15,95,11.809818054898075
15,96,14.166738253289596
15,97,15.618050316529292
15,98,18.460633952678517
16,1,29.733804523641172
16,2,28.610729264476465
16,3,26.244164104451546
16,4,25.85013094179625
16,5,22.8144549603536
16,6,21.12665808133436
16,7,22.508640803631543
16,8,20.562197486901994
16,9,17.616430425120164
16,10,13.92992414814523
16,11,11.689242847928869
16,12,8.096431240768528
16,13,8.94679300054248
16,14,6.432956614099976
16,15,3.8066883752317984
16,17,3.803751320501755
16,18,6.783276627778241
16,19,10.219073821466763
16,20,13.622746444770055
16,21,14.728095073229705
16,22,12.400162447233434
16,23,10.310655218762784
16,24,6.678213922054547
16,25,5.812258228351901
16,26,5.220054129484569
16,27,7.08826338606377
16,28,9.63257928724254
16,29,13.034044577893638
16,30,16.108611386700808
16,31,19.2096192770506
16,32,22.26957643229209
16,33,25.532700180946822
16,34,25.377900554080792
16,35,23.3248722743397
16,36,23.561391847233946
16,37,22.279867179429036
16,38,20.409772157150023
16,39,17.021882254056994
16,40,17.41037307881346
16,41,14.872987355536749
16,42,15.264999754386269
16,43,14.320844094295596
16,44,16.488439570444996
16,45,17.979098588671164
16,46,18.706380957806008
16,47,21.86257907540725
16,48,20.385298424375403
16,49,21.761758290940897
16,50,19.924193982278084
16,51,18.923640625450066
16,52,17.39233342036074
16,53,18.897793224143843
16,54,16.957897797182422
16,55,14.991595584444163
16,56,15.046120981307167
16,57,14.88749372199192
16,58,18.34522114238024
16,59,19.35245527492809
16,60,16.36920473003797
16,61,18.226209790353256
16,62,18.29163050498214
16,63,21.041897739867895
16,64,21.130763399906446
16,65,20.030490578505518
16,66,19.64713222766394
16,67,17.246562461944603
16,68,13.544901058103253
16,69,12.56922920926701
16,70,10.422637388540215
16,71,10.130394649757593
16,72,9.966686305941245
16,73,10.754267760939163
16,74,12.479912604307486
16,75,12.23583303185793
16,76,15.444786329584678
16,77,16.227319981402577
16,78,15.912571737400413
16,79,14.817382387556924
16,80,13.689084275351371
16,81,12.200921497750391
16,82,10.22591480000543
16,83,12.621975224107823
16,84,12.581425137906024
16,85,16.059717322319706
16,86,19.318983109299104
16,87,21.63871730460691
16,88,21.632254626582743
16,89,19.081696766446367
16,90,16.374502387810054
16,91,12.761707881036171
16,92,12.321424970249595
16,93,9.309769253055505
16,94,10.431672716405718
16,95,9.309993800701355
16,96,11.565440981504079
16,97,12.548074428206371
16,98,15.510237488745178
17,1,30.850529819524315
17,2,30.01049785994515
17,3,28.01062517482024
17,4,28.006791658202598
17,5,25.214722854306913
17,6,23.818375873318633
17,7,25.567349461503316
17,8,23.792070156963696
17,9,21.056196919962847
17,10,17.310457836695118
17,11,15.210784413226381
17,12,11.557383479734835
17,13,11.592443992110615
17,14,8.57396949127373
17,15,6.286744802816845
17,16,3.803751320501755
17,18,3.786542344581556
17,19,6.839319464904294
17,20,10.19710268440903
17,21,11.847724766148628
17,22,10.164737285179692
17,23,8.56813411013064
17,24,5.681977868553084
17,25,5.218295435790842
17,26,7.002814621926757
17,27,9.059816263383205
17,28,12.359125146067786
17,29,15.755722423120526
17,30,19.0040341491218
17,31,22.32877813192152
17,32,25.296619563298833
17,33,28.359791644472008
17,34,28.013586453509085
17,35,25.62527966553462
17,36,25.509556710576874
17,37,24.400491397070283
17,38,22.374136521938883
17,39,19.263939461226457
17,40,19.836106314258778
17,41,17.017488563244537
17,42,17.303161836769654
17,43,16.147416178462766
17,44,18.44189693955018
17,45,19.606897729362366
17,46,20.59765032747271
17,47,23.935159026549094
17,48,22.737926455074668
17,49,23.775212779577338
17,50,21.77460096480008
17,51,20.16568356264468
17,52,18.503383577320587
17,53,19.28807232497345
17,54,17.019480152008224
17,55,15.226628867379173
17,56,14.488218107414193
17,57,14.810734401507961
17,58,18.5305516762299
17,59,20.18167083624385
17,60,17.578861611503715
17,61,19.79187407256986
17,62,20.196090550631354
17,63,22.595543511037267
17,64,22.927523379248196
17,65,22.33537759127531
17,66,21.67200553824987
17,67,18.85890251241693
17,68,15.322576134746312
17,69,14.053175017331526
17,70,11.149201941835395
17,71,10.917582281687762
17,72,9.688282776094837
17,73,10.772289459376747
17,74,11.981514267029103
17,75,12.434591762282944
17,76,15.483213668511388
17,77,15.89716262412828
17,78,16.06987124117322
17,79,15.864845560619534
17,80,15.2099248114158
17,81,14.505525343998633
17,82,12.690282967021144
17,83,15.495961795102257
17,84,15.560723935844681
17,85,19.129630306906986
17,86,22.442174057653784
17,87,24.989415119388028
17,88,25.195238588627223
17,89,22.74019184934486
17,90,19.868588790372467
17,91,16.360867896425564
17,92,15.722341162168904
17,93,12.570506824597386
17,94,12.96154472167893
17,95,10.829302455732803
17,96,11.98428300433654
17,97,11.883414822355876
17,98,14.124594741853207
18,1,31.47205865460546
18,2,30.545042685454355
18,3,28.892989969030562
18,4,28.94337295577205
18,5,26.22438976947266
18,6,25.339095706667116
18,7,27.268609540028894
18,8,25.93038253157535
18,9,23.41995425487344
18,10,19.75883467980081
18,11,18.104857940257656
18,12,14.6553450817734
18,13,15.046602608279047
18,14,12.278634703361703
18,15,9.880610696662426
18,16,6.783276627778241
18,17,3.786542344581556
18,19,3.7969858845938593
18,20,6.885287346097009
18,21,8.21304442178657
18,22,6.46690408565086
