1,2,3.816591347663833
1,3,6.573501484137674
1,4,8.580654028517538
1,5,6.996391951948019
1,6,6.742776259084426
1,7,10.195535677619
1,8,11.394939653618307
1,9,10.84220911816766
1,10,12.407176945498604
1,11,15.050945180415466
1,12,15.970797919938892
1,13,16.528113784410785
1,14,18.371642174338156
1,15,20.378424445978826
1,16,21.489517389347302
1,17,22.66300333043003
1,18,24.56327080303795
1,19,26.1778818017077
1,20,27.449541209192443
1,21,28.612243003020215
1,22,30.03907543800708
1,23,32.076511972839235
1,24,33.50832720122384
1,25,34.31774925913229
1,26,35.864180858667275
1,27,38.389830915510124
1,28,39.33795767744303
1,29,39.98386085906138
1,30,41.8333315334609
1,31,44.18072080504263
1,32,47.31590525685406
1,33,47.31266362351327
1,34,50.0508095805715
1,35,48.81166650059706
1,36,45.14839189819685
1,37,43.35866607240156
1,38,39.91671989035252
1,39,41.2535895378696
1,40,39.9146665466921
1,41,36.28097012148559
1,42,35.64568578160506
1,43,36.652944037606645
1,44,34.940820596625336
1,45,31.58972908219391
1,46,32.43501723722
1,47,33.43271749597934
1,48,30.13815874140922
1,49,28.38339240625262
1,50,30.91121561196103
1,51,30.436414194229933
1,52,26.674911767703026
1,53,27.02881302345535
1,54,30.260759295592727
1,55,31.841233657688537
1,56,35.09958871351944
1,57,37.3904116053367
1,58,39.469749484691725
1,59,40.55804713092889
1,60,39.293971066105016
1,61,38.88246203580652
1,62,39.53204533779666
1,63,42.94954312134187
1,64,42.638718540236255
1,65,41.25565345249298
1,66,38.5436224712792
1,67,37.706125522872455
1,68,37.190494945900696
1,69,35.09761871707878
1,70,32.86042416953689
1,71,32.73292491900265
1,72,31.599175238559702
1,73,28.569328393606984
1,74,27.62876106751065
1,75,28.14108477974581
1,76,26.12962422269173
1,77,23.237459296440406
1,78,23.41836660202769
1,79,23.935317666729702
1,80,21.086046146378802
1,81,18.583239200396946
1,82,19.689658426992086
1,83,19.815248464813806
1,84,16.212313599540007
1,85,15.14963535516721
1,86,17.45787435702532
1,87,15.992878889863816
1,88,12.479560838257695
1,89,14.348026448935064
1,90,16.228812229448714
1,91,13.421055679084217
1,92,12.229572699257883
1,93,15.930932085936522
1,94,16.751370526454426
1,95,14.306894211083833
1,96,15.740928923632888
1,97,19.26231177389126
1,98,18.811559441591967
1,99,18.18872882788192
1,100,21.007469450887008
1,101,23.19351713438249
1,102,23.001032942814383
1,103,21.296969412983078
2,1,3.816591347663833
2,3,3.7997910062186055
2,4,5.742229693531293
2,5,5.830597800684693
2,6,6.48762970601506
2,7,8.828397398220615
2,8,10.341855310227364
2,9,11.084561972419829
2,10,12.432156716501735
2,11,14.339915375952476
2,12,15.860819794163815
2,13,17.059124304608588
2,14,18.341332413255007
2,15,20.046273935008276
2,16,21.770372893754725
2,17,23.03802841706591
2,18,24.384084564505923
2,19,26.119685908018493
2,20,27.84916925582893
2,21,28.826101280180886
2,22,29.846476836678068
2,23,32.12342728040862
2,24,33.78353406074941
2,25,34.25376976389335
2,26,35.57985671920103
2,27,38.38260331525839
2,28,39.34535627631965
2,29,39.62865835213474
2,30,41.44296026255928
2,31,44.050567577768916
2,32,47.066478041262144
2,33,46.801469198007446
2,34,49.53577966936976
2,35,48.239716630164196
2,36,44.639924230623215
2,37,43.00745330248656
2,38,39.624905150631285
2,39,41.25621429783387
2,40,40.23042964740403
2,41,36.73604277406167
2,42,36.16188416356101
2,43,36.79355215348019
2,44,34.93319047445708
2,45,31.756098816095747
2,46,32.41284021897013
2,47,33.039962992547395
2,48,29.73942714001321
2,49,27.99601873625863
2,50,30.173512841855157
2,51,29.445108600115365
2,52,25.65939161101353
2,53,25.891641070750627
2,54,28.823105369445884
2,55,30.627736277014144
2,56,33.86505674853217
2,57,36.39284214749338
2,58,38.41874910577403
2,59,39.84393012240209
2,60,38.62426388958325
2,61,38.00434801304363
2,62,38.66829870972883
2,63,41.97568994430789
2,64,41.71475687790943
2,65,40.1463637123425
2,66,37.680199341674516
2,67,36.93139530439702
2,68,36.04705135883554
2,69,33.91641413004201
2,70,32.01012369883496
2,71,31.686047572360877
2,72,30.185351601764207
2,73,27.371943366519577
2,74,26.65660425258032
2,75,26.726069779289908
2,76,24.445744065908166
2,77,21.94819533016369
2,78,22.145184019578803
2,79,22.094097437187205
2,80,19.09941536986389
2,81,17.074349069910543
2,82,17.996391139877208
2,83,17.47622590135977
2,84,13.894985614924815
2,85,13.248660628127663
2,86,15.0271683605778
2,87,13.002362441482692
2,88,9.768377589916364
2,89,11.962895561475818
2,90,13.21212506989852
2,91,10.079176600393776
2,92,9.592667967905077
2,93,13.320449401290139
2,94,13.620177986009423
2,95,11.449412566761005
2,96,13.544895200586009
2,97,16.728557930203678
2,98,16.139266267351942
2,99,16.171826791439752
2,100,19.09561042285123
2,101,20.895488453509792
2,102,20.941580925077574
2,103,18.885465659462902
3,1,6.573501484137674
3,2,3.7997910062186055
3,4,3.838567029550299
3,5,5.604420463548557
3,6,5.103005978997369
3,7,6.001591440441791
3,8,8.546345170993993
3,9,9.894461672752568
3,10,10.275383216456815
3,11,11.840695203792361
3,12,14.10730652668528
3,13,15.318351220127223
3,14,15.903862137898743
3,15,17.716537081538114
3,16,19.88142548509781
3,17,20.834763528853795
3,18,21.81300722067019
3,19,23.884245978634357
3,20,25.759078868729148
3,21,26.365031945439718
3,22,27.25060310116984
3,23,29.81204190721107
3,24,31.414035488717495
3,25,31.554309076193995
3,26,32.91082584440503
3,27,35.87746726424196
3,28,36.66178728496381
3,29,36.746876950574645
3,30,38.69044967703923
3,31,41.4101810684557
3,32,44.28303199635128
3,33,43.976988789082405
3,34,46.81584832797943
3,35,45.659238806802236
3,36,42.06913155682041
3,37,40.67546797648925
3,38,37.25666224481931
3,39,38.939179497577776
3,40,38.186870965401525
3,41,34.78628116919786
3,42,34.50990513807641
3,43,34.98595695485336
3,44,32.83502381978445
3,45,29.86934671368898
3,46,30.69641412143368
3,47,30.959855347055424
3,48,27.527919807461966
3,49,26.13064670142614
3,50,28.229130400766728
3,51,27.107044236906145
3,52,23.344082977043463
3,53,23.93152239879359
3,54,26.661477517140057
3,55,28.83775238154951
3,56,31.858482149488285
3,57,34.59326751448232
3,58,36.33245383228532
3,59,37.85739617086166
3,60,36.41025602642571
3,61,35.492646824050546
3,62,35.92261091080999
3,63,39.10190345244697
3,64,38.672996451357854
3,65,36.91678465346859
3,66,34.49986555354286
3,67,33.96238785332556
3,68,32.97286427255648
3,69,30.670894441309834
3,70,28.959230003413328
3,71,28.77241998008099
3,72,27.053071624379204
3,73,24.207822555872607
3,74,23.835331045684722
3,75,23.912340113419482
3,76,21.357379022462204
3,77,18.993481082538214
3,78,19.61801035545987
3,79,19.47005834537636
3,80,16.180035635462673
3,81,14.558527425915969
3,82,15.99168836105814
3,83,15.158577740453659
3,84,11.434475676986855
3,85,11.742179948670135
3,86,13.70798686345347
3,87,11.297843898392406
3,88,8.70905747314094
3,89,11.857725455628852
3,90,12.870438158724392
3,91,9.958246511665477
3,92,10.716032216720297
3,93,14.368262663742533
3,94,14.355303718933264
3,95,13.014378124157245
3,96,15.61952800970757
3,97,18.34444691634499
3,98,17.81957412364667
3,99,18.55920403254818
3,100,21.412505750485415
3,101,22.87357575519767
3,102,23.195707474637224
3,103,20.794419068720252
4,1,8.580654028517538
4,2,5.742229693531293
4,3,3.838567029550299
4,5,3.8244735381280437
4,6,5.453344789976631
4,7,5.0707410117756675
4,8,6.128886355972711
4,9,8.621015868671227
4,10,9.725755963786272
4,11,10.215790398839355
4,12,12.201936623471106
4,13,14.268900382465311
4,14,14.903225425144418
4,15,15.928222257303256
4,16,18.281844417043065
4,17,19.79435364436143
4,18,20.42684350021815
4,19,22.087037270617927
4,20,24.36409326549536
4,21,25.25791025452602
4,22,25.708313640594294
4,23,28.109370184810558
4,24,30.104849697514837
4,25,30.295257041899816
4,26,31.247738540493195
4,27,34.283532308808425
4,28,35.39108692418702
4,29,35.310884219622736
4,30,36.95091593916622
4,31,39.79642735925816
4,32,42.72542246318976
4,33,42.16059802714743
4,34,44.81265326366831
4,35,43.412941687900435
4,36,39.897669324598354
4,37,38.38275879939638
4,38,35.10104447732981
4,39,37.045101720917145
4,40,36.35127202808036
4,41,33.070396107569834
4,42,32.54371258872462
4,43,32.723571106822774
4,44,30.737870020182605
4,45,27.796664123115526
4,46,28.235442376573562
4,47,28.45493167940614
4,48,25.204420336980785
4,49,23.50612186267479
4,50,25.32929094801406
4,51,24.36359616111948
4,52,20.607414560420445
4,53,20.793548282299145
4,54,23.46638794559507
4,55,25.504001748659036
4,56,28.637385557742597
4,57,31.360855128723998
4,58,33.25959511367121
4,59,34.93258011159668
4,60,33.72889030032766
4,61,32.9507065325856
4,62,33.68069869781069
4,63,36.91476232893815
4,64,36.8076156181801
4,65,35.22852757699621
4,66,33.020132907660134
4,67,32.18060973782026
4,68,30.99370993060082
4,69,29.004738443798985
4,70,27.309929504441502
4,71,26.67187934129751
4,72,24.991345080844543
4,73,22.459900348216824
4,74,21.750132782862696
4,75,21.409523193197515
4,76,19.083301618464393
4,77,16.897554041633573
4,78,16.9506042985745
4,79,16.520331184007997
4,80,13.542412560029215
4,81,11.804339215528664
4,82,12.633687382590319
4,83,11.787133598913275
4,84,8.194348406345991
4,85,8.086142961752081
4,86,9.899071525821086
4,87,7.754787365674391
4,88,4.928361596454711
4,89,8.257255741389892
4,90,9.576419727235391
4,91,7.361727468446231
4,92,8.280086923366955
4,93,11.77958340628591
4,94,12.293952149878766
4,95,11.792299451814655
4,96,14.092965308101045
4,97,16.594114918417894
4,98,16.803622888967762
4,99,17.843629118165346
4,100,20.180640282669582
4,101,21.79129890581763
4,102,22.73229399297512
4,103,20.6162740491897
5,1,6.996391951948019
5,2,5.830597800684693
5,3,5.604420463548557
5,4,3.8244735381280437
5,6,3.8263389681567066
5,7,5.442606297856161
5,8,4.984631913986077
5,9,6.114361967531049
5,10,8.435526090473887
5,11,9.614431628153762
5,12,10.51068642594222
5,13,12.366856597067764
5,14,13.923734312105617
5,15,14.966836360216162
5,16,16.631285803765035
5,17,18.44313019479204
5,18,19.659581287831646
5,19,20.93779811963135
5,20,22.900166951269856
5,21,24.24187707191901
5,22,24.985777346831174
5,23,27.00759485012523
5,24,28.976043885219493
5,25,29.63943485669143
5,26,30.654880600347525
5,27,33.40455544792078
5,28,34.6949984895484
5,29,34.98083166666091
5,30,36.503827933220215
5,31,39.11289499165461
5,32,42.24428208081308
5,33,41.85556991428303
5,34,44.41649423070658
5,35,42.93629849537245
5,36,39.36522357078556
5,37,37.560435417278974
5,38,34.25837217888345
5,39,35.9991971102303
5,40,34.92884511469749
5,41,31.499729809257897
5,42,30.720869677719275
5,43,31.20682738734766
5,44,29.500745794103025
5,45,26.28751351918652
5,46,26.73050696468829
5,47,27.44262738605457
5,48,24.267512251032358
5,49,22.30936047945423
5,50,24.485751648668312
5,51,23.985344481534415
5,52,20.21362478513009
5,53,20.298442082628025
5,54,23.415560033589177
5,55,25.034954102362914
5,56,28.31410005652385
5,57,30.71674646301961
5,58,32.82065470804564
5,59,34.14956114332688
5,60,33.04062626727981
5,61,32.62785267729615
5,62,33.528887698943585
5,63,36.9575410309618
5,64,36.97130249669144
5,65,35.71994074894607
5,66,33.299306605899574
5,67,32.17094206908492
5,68,31.348208108456777
5,69,29.570778668149885
5,70,27.43404040587311
5,71,26.79814137558962
5,72,25.630277819696865
5,73,22.955540819139586
5,74,21.726645119701807
5,75,21.77121640619501
5,76,19.956698395864745
5,77,17.26457473086201
5,78,16.93907868430252
5,79,17.21473331084635
5,80,14.664165389863664
5,81,12.023502192147761
5,82,12.741559086916002
5,83,13.014595833015267
5,84,9.581793679808271
5,85,8.173273013664435
5,86,10.801156187195392
5,87,9.921425725380434
5,88,6.405644167399853
5,89,8.680732806737335
5,90,11.217245940067707
5,91,9.566483076105639
5,92,8.998443636670723
5,93,12.625405906081241
5,94,14.087898460134364
5,95,13.215902096861443
5,96,14.65870363973304
5,97,17.66424329487991
5,98,18.283766686201265
5,99,18.637517163023425
5,100,20.74133022433797
5,101,22.925496972579708
5,102,23.844022518042703
5,103,22.19747974333676
6,1,6.742776259084426
6,2,6.48762970601506
6,3,5.103005978997369
6,4,5.453344789976631
6,5,3.8263389681567066
6,7,3.8173670793893613
6,8,5.388684437974136
6,9,5.119283040815387
6,10,5.979157120889479
6,11,8.361882570315815
6,12,9.844454085674647
6,13,10.644709240517383
6,14,11.940838099599569
6,15,13.884981697573242
6,16,15.463291598203037
6,17,16.56396125977875
6,18,18.070203544868438
6,19,19.868000001833636
6,20,21.427031609344464
6,21,22.385246403735916
6,22,23.55950011756917
6,23,25.804093588213934
6,24,27.343795156627344
6,25,27.90998095755618
6,26,29.350825204411628
6,27,32.043737938235274
6,28,32.980692308237664
6,29,33.429245041712285
6,30,35.27754917858075
6,31,37.75583335192133
6,32,40.81904453691664
6,33,40.71347851812591
6,34,43.48811404223583
6,35,42.30782728071087
6,36,38.6484109793316
6,37,37.02492761661884
6,38,33.554184579030085
6,39,35.00045899523929
6,40,33.938937998832884
6,41,30.41265629901302
6,42,30.028807048971572
6,43,30.79726838118896
6,44,28.79983771747566
6,45,25.63662183898042
6,46,26.619550324075945
6,47,27.256827886319833
6,48,23.826527607234322
6,49,22.37896816125772
6,50,24.895506898254016
6,51,24.087458969652126
6,52,20.331134638188246
6,53,21.099528773899493
6,54,24.259389874922817
6,55,26.171199625576342
6,56,29.19183916838886
6,57,31.64497190814906
6,58,33.42177800113121
6,59,34.54018325039871
6,60,33.040759066256726
6,61,32.4037915534047
6,62,32.90606718464584
6,63,36.273873170365064
6,64,35.91789055389595
6,65,34.51975298343566
6,66,31.84380209008734
6,67,31.009065262418368
6,68,30.455105599514777
6,69,28.363539822583608
6,70,26.14152591819363
6,71,26.027715355358303
6,72,24.891638338320252
6,73,21.830742687186497
6,74,20.937992178932348
6,75,21.560218750031652
6,76,19.54182977574854
6,77,16.54403832654649
6,78,16.96660886214333
6,79,17.730854805247183
6,80,14.810389019778533
6,81,12.250379921019476
6,82,14.012321796098828
6,83,14.400736883820603
6,84,10.73572135622807
6,85,10.327923288594045
6,86,13.429961606887948
6,87,12.278359918639707
6,88,9.340286289976365
6,89,12.201417776213797
6,90,14.478656052761481
6,91,12.578971687327819
6,92,12.541079780483585
6,93,16.237368807060157
6,94,17.29247442049355
6,95,16.23281426876998
6,96,18.036489235387236
6,97,21.05967839655137
6,98,21.270494965775573
6,99,21.63016862238488
6,100,24.046996832700728
6,101,26.074546067985644
6,102,26.679561248579205
6,103,24.742259832351674
7,1,10.195535677619
7,2,8.828397398220615
7,3,6.001591440441791
7,4,5.0707410117756675
7,5,5.442606297856161
7,6,3.8173670793893613
7,8,3.8467563743667554
7,9,5.533428273904534
7,10,4.997253911043395
7,11,5.851057830668698
7,12,8.512305232133167
7,13,9.904417232645399
7,14,10.107273770318509
7,15,11.736944569411357
7,16,14.103094573951855
7,17,15.0980609986537
7,18,15.87251630804285
7,19,17.914080119950892
7,20,19.917026712071895
7,21,20.54195861759748
7,22,21.28777842832862
7,23,23.83529076733227
7,24,25.529321466611385
7,25,25.68783736661158
7,26,26.948562263704428
7,27,29.910109410888996
7,28,30.797139453855596
7,29,30.89270817045149
7,30,32.75010179291985
7,31,35.456632719239884
7,32,38.37604443922748
7,33,38.067987546231485
7,34,40.87778368617827
7,35,39.72391472315175
7,36,36.112491122525256
7,37,34.71245468446384
7,38,31.270393874973145
7,39,32.94263704370078
7,40,32.24991920116478
7,41,28.90362665395887
7,42,28.731606470677455
7,43,29.135664768013868
7,44,26.87938050048137
7,45,23.991021920861602
7,46,24.941901292996917
7,47,25.098017393831526
7,48,21.599551928087767
7,49,20.404340284624357
7,50,22.638026199024328
7,51,21.41529334738594
7,52,17.668945516714885
7,53,18.64645357236807
7,54,21.499262669797414
7,55,23.78766106453161
7,56,26.622603415887234
7,57,29.328398406558094
7,58,30.872884662707673
7,59,32.22828581673533
7,60,30.611646179432164
7,61,29.679718647220454
7,62,30.067543074725503
7,63,33.312450420281486
7,64,32.92323484664851
7,65,31.353491409081453
7,66,28.855132039747858
7,67,28.136345260576192
7,68,27.30516003077197
7,69,25.137340196145193
7,70,23.189086284830168
7,71,22.992531393452644
7,72,21.5467404824234
7,73,18.593931548694446
7,74,17.983924646861105
7,75,18.355792902756306
7,76,16.048529820938917
7,77,13.299279803763113
7,78,14.010813686315839
7,79,14.466114300279553
7,80,11.272607371779802
7,81,9.181372815983073
7,82,11.372573217652217
7,83,11.341640409782649
7,84,7.646169233219825
7,85,8.376108477785483
7,86,11.444177662103801
7,87,10.09623800560463
7,88,8.15415910640683
7,89,11.576251517876555
7,90,13.461270434464064
7,91,12.04274538363577
7,92,12.976687455311701
7,93,16.353889115107723
7,94,17.142367224901008
7,95,16.85418147591766
7,96,18.992979516476943
7,97,21.524794674291304
7,98,21.869630843797033
7,99,22.84973055882817
7,100,25.127180242425574
7,101,26.840455443873847
7,102,27.78019808145962
7,103,25.62956837693509
8,1,11.394939653618307
8,2,10.341855310227364
8,3,8.546345170993993
8,4,6.128886355972711
8,5,4.984631913986077
8,6,5.388684437974136
8,7,3.8467563743667554
8,9,3.7655635533596157
8,10,5.3576235370607375
8,11,4.945831198021375
8,12,6.109671532264522
8,13,8.63099300994474
8,14,9.620624585867402
8,15,10.171165299573143
8,16,12.2689748006636
8,17,14.171317769708585
8,18,14.947654280052392
8,19,16.218215635699227
8,20,18.471535205654597
8,21,19.724621313214477
8,22,20.18156595648552
8,23,22.29126159025351
8,24,24.394044895703495
8,25,24.914547695096413
8,26,25.780923408466926
8,27,28.62772466120532
8,28,29.965261315523062
8,29,30.119038325440254
8,30,31.584775088197794
8,31,34.27104335455922
8,32,37.367684362605864
8,33,36.904155377434094
8,34,39.46666894142376
8,35,38.013753863505364
8,36,34.4430306901356
8,37,32.73239152309956
8,38,29.415709996395876
8,39,31.238218143034615
8,40,30.36455193831275
8,41,27.042364942595896
8,42,26.435919775765935
8,43,26.721755003670715
8,44,24.818297050521956
8,45,21.761362328150845
8,46,22.289141295822677
8,47,22.725074093453017
8,48,19.457794664101655
8,49,17.725270991091865
8,50,19.914855395187214
8,51,19.175101102508254
8,52,15.391907029806466
8,53,15.847308813495022
8,54,18.975570646159106
8,55,20.851238073539744
8,56,23.924543141809423
8,57,26.428715488372834
8,58,28.28485238271548
8,59,29.58821620177972
8,60,28.287335153278654
8,61,27.736947147354112
8,62,28.55734090877678
8,63,31.97955061149385
8,64,32.00055890752223
8,65,30.81487237968905
8,66,28.418811867340555
8,67,27.209546397420333
8,68,26.396912613003355
8,69,24.70542671397588
8,70,22.51387806757804
8,71,21.82257042091975
8,72,20.758853823603072
8,73,18.09483919480304
8,74,16.74638261675581
8,75,16.89649202862713
8,76,15.229322938609826
8,77,12.369243259758054
8,78,12.06806649577237
8,79,12.727391305248638
8,80,10.284792895963326
8,81,7.2782126774401
8,82,8.675804581034475
8,83,9.590304784494052
8,84,6.345614319727208
8,85,5.538122707588013
8,86,9.171752475227606
8,87,9.105551813460474
8,88,6.952165342979506
8,89,9.563145100361714
8,90,12.240056171732729
8,91,11.766576011625608
8,92,12.089154541259948
8,93,15.153109706012557
8,94,16.717357586077394
8,95,16.813434919291584
8,96,18.30089056350055
8,97,20.818745200818796
8,98,21.83479052938261
8,99,22.681562072046884
8,100,24.45702409768213
8,101,26.50601441056269
8,102,27.841813319157158
8,103,26.126071889689815
9,1,10.84220911816766
9,2,11.084561972419829
9,3,9.894461672752568
9,4,8.621015868671227
9,5,6.114361967531049
9,6,5.119283040815387
9,7,5.533428273904534
9,8,3.7655635533596157
9,10,3.7859892294918462
9,11,5.439612092527224
9,12,5.151773452489124
9,13,6.320809326703035
9,14,8.512150547792793
9,15,9.775578960815494
9,16,10.82406404859395
9,17,12.577062258939156
9,18,14.27536442565408
9,19,15.450416647530275
9,20,17.023518467983028
9,21,18.521105012371283
9,22,19.599242058488162
9,23,21.428205424967462
9,24,23.19922522140309
9,25,24.154475695268616
9,26,25.363602212067033
9,27,27.860951528584298
9,28,29.145893670147007
9,29,29.769342006291716
9,30,31.321789957862563
9,31,33.67835340566999
9,32,36.9156153718037
9,33,36.80028339544768
9,34,39.39662337759109
9,35,38.05736003792858
9,36,34.399522946416134
9,37,32.52708939785104
9,38,29.105560108573826
9,39,30.523351320861266
9,40,29.265673530379214
9,41,25.726156616346373
9,42,25.10424308082863
9,43,25.909382494042625
9,44,24.12844444088498
9,45,20.822678081606607
9,46,21.71209611837651
9,47,22.630353854457788
9,48,19.322867095379074
9,49,17.674220499255096
9,50,20.41991315019149
9,51,19.984255239657163
9,52,16.31134130689912
9,53,17.066922877535106
9,54,20.54108318074493
9,55,22.129879875979643
9,56,25.135294300525757
9,57,27.31927219537192
9,58,29.165006098190034
9,59,30.001396687170452
9,60,28.57668988427785
9,61,28.253514202933033
9,62,28.984139451364143
9,63,32.51708347838036
9,64,32.42063406187391
9,65,31.44820191903904
9,66,28.72273799161645
9,67,27.44596510898455
9,68,27.151671189506686
9,69,25.47528752647219
9,70,22.854673898520392
9,71,22.516988741859773
9,72,21.965210245203966
9,73,18.99001563060213
9,74,17.4034114876578
9,75,18.293083550737773
9,76,17.012758247944905
9,77,13.640903876286607
9,78,13.483069377746622
9,79,15.037237482067274
9,80,12.88402899495968
9,81,9.504376219863492
9,82,11.218986757816916
9,83,12.888791925980005
9,84,9.92970716705723
9,85,8.798660954849348
9,86,12.555805741732108
9,87,12.807905437992321
9,88,10.29020504179537
9,89,12.463368811796734
9,90,15.502453459150649
9,91,14.811264777675786
9,92,14.491943493987018
9,93,17.749618084186004
9,94,19.576272255135372
9,95,19.163728545053115
9,96,20.355218505782368
9,97,23.25683102262349
9,98,24.22232803281321
9,99,24.58000674976487
9,100,26.422541175339454
9,101,28.766239286314633
9,102,29.855166943571305
9,103,28.29210934698429
10,1,12.407176945498604
10,2,12.432156716501735
10,3,10.275383216456815
10,4,9.725755963786272
10,5,8.435526090473887
10,6,5.979157120889479
10,7,4.997253911043395
10,8,5.3576235370607375
10,9,3.7859892294918462
10,11,3.7950069816617558
10,12,5.409556509282709
10,13,5.233455453259071
10,14,5.99286879611137
10,15,8.42096250733244
10,16,9.971760722802648
10,17,10.650325599174845
10,18,12.20036550536025
10,19,14.219577494903351
10,20,15.629074647317392
10,21,16.41368931175392
10,22,17.706847181254616
10,23,20.018004888677606
10,24,21.41066238677135
10,25,21.965849850898696
10,26,23.531096328622688
10,27,26.161931841651523
10,28,27.023858828126848
10,29,27.57731053716129
10,30,29.4904933971697
10,31,31.873434476466922
10,32,34.940502080754136
10,33,34.97506990011005
10,34,37.81419152140864
10,35,36.79227332823141
10,36,33.08648321903223
10,37,31.55758663043378
10,38,27.995265989242537
10,39,29.265489530331443
10,40,28.27529719485779
10,41,24.76491540587888
10,42,24.71130055977593
10,43,25.549959341595113
10,44,23.296979302763635
10,45,20.261417584945274
10,46,21.67944951863647
10,47,22.169505941403422
10,48,18.57834436294058
10,49,17.66818149938637
10,50,20.489061005207407
10,51,19.45899696534575
10,52,15.866750536067332
10,53,17.40073989609364
10,54,20.610971544236357
10,55,22.699674184262545
10,56,25.321921700713524
10,57,27.713110895646018
10,58,29.098949459404928
10,59,29.91758747948219
10,60,28.05908120294595
10,61,27.307112140890457
10,62,27.554679767017472
10,63,30.928101833203964
10,64,30.429353609939255
10,65,29.173544306746404
10,66,26.304195168903785
10,67,25.42948424985412
10,68,25.215062113309948
10,69,23.148790233629942
10,70,20.632862259563698
10,71,20.806611617283266
10,72,20.06256969407538
10,73,16.75733453720743
10,74,15.756629702138609
10,75,17.077720303968125
10,76,15.397595395844673
10,77,11.918513503244679
10,78,12.79586271405193
10,79,14.544839798428967
10,80,11.936783496305662
10,81,9.14312326785928
10,82,11.952927058659165
10,83,13.245764890266955
10,84,10.244621125989188
10,85,10.496638785196684
10,86,14.189338462504212
10,87,13.914991416377486
10,88,12.063752171931965
10,89,14.899249643376223
10,90,17.437065480758577
10,91,16.536295473038344
10,92,16.93145265244558
10,93,20.2537480538095
10,94,21.57716752279934
10,95,21.25455045221137
10,96,22.949329817928085
10,97,25.692612587498566
10,98,26.328695681024104
10,99,26.985129766960654
10,100,29.08701094276073
10,101,31.133042802169545
10,102,32.100461182491564
10,103,30.17630617332552
11,1,15.050945180415466
11,2,14.339915375952476
11,3,11.840695203792361
11,4,10.215790398839355
11,5,9.614431628153762
11,6,8.361882570315815
11,7,5.851057830668698
11,8,4.945831198021375
11,9,5.439612092527224
11,10,3.7950069816617558
11,12,3.826697259797618
11,13,5.553479830618049
11,14,4.98169822481854
11,15,5.889972644539034
11,16,8.565203341961848
11,17,9.778065211132802
11,18,10.239598076186365
11,19,12.078188645194212
11,20,14.283218236207256
11,21,15.065410823142248
11,22,15.594020377428242
11,23,18.024436383343502
11,24,19.892773877030326
11,25,20.175483733890637
11,26,21.264788503446933
11,27,24.1716135873334
11,28,25.263559369636525
11,29,25.423716680765565
11,30,27.111311155667842
11,31,29.769135103605066
11,32,32.78622114388019
11,33,32.48185256540991
11,34,35.220401012012054
11,35,34.03421637086181
11,36,30.39406564182383
11,37,28.92366520001972
11,38,25.457842732459763
11,39,27.106884637703622
11,40,26.432040557553538
11,41,23.14345856405813
11,42,23.04805990167774
11,43,23.378040132074172
11,44,21.037772605879805
11,45,18.21240816977932
11,46,19.310650426203754
11,47,19.39496746846889
11,48,15.82841646603557
11,49,14.881268032453555
11,50,17.347459725780414
11,51,16.089577373103122
11,52,12.422221648279779
11,53,13.959650044772868
11,54,16.988287390255824
11,55,19.287893754618263
11,56,21.848691313936136
11,57,24.424401012490186
11,58,25.748119250136824
11,59,26.8283722732276
11,60,25.030499545111297
11,61,24.160425044629203
11,62,24.551030192688945
11,63,27.91355452824675
11,64,27.630613176836277
11,65,26.388762561789072
11,66,23.786938510205598
11,67,22.740268316194587
11,68,22.181160726460764
11,69,20.29915646244794
11,70,17.948686126888216
11,71,17.68878575370973
11,72,16.784384007850537
11,73,13.746036262814304
11,74,12.586444643103428
11,75,13.48571417890281
11,76,11.831531646236215
11,77,8.437937558314985
11,78,9.10662489126221
11,79,10.75758372025483
11,80,8.308084944547497
11,81,5.445449812308283
11,82,8.589034762965742
11,83,10.021926302527726
11,84,7.623269573478706
11,85,8.381001384591471
11,86,11.91663347447304
11,87,12.084755927024712
11,88,11.133601397002487
11,89,13.827244715122008
11,90,16.19572267590762
11,91,16.019459841021924
11,92,16.841942159867518
11,93,19.725108225489254
11,94,21.08772327769538
11,95,21.44617894077082
11,96,23.12605677537397
11,97,25.45991074641983
11,98,26.42768896260815
11,99,27.485344295860973
11,100,29.285255966422827
11,101,31.19321681066599
11,102,32.55943973682523
11,103,30.65792991066467
12,1,15.970797919938892
12,2,15.860819794163815
12,3,14.10730652668528
12,4,12.201936623471106
12,5,10.51068642594222
12,6,9.844454085674647
12,7,8.512305232133167
12,8,6.109671532264522
12,9,5.151773452489124
12,10,5.409556509282709
12,11,3.826697259797618
12,13,3.7557089248280415
12,14,5.330166831720178
12,15,4.957466861176684
12,16,6.217093737947487
12,17,8.648212782734381
12,18,9.785590309739986
12,19,10.49698072957258
12,20,12.527245595424525
12,21,14.229330689931437
12,22,14.841902857616294
12,23,16.550261576982404
12,24,18.65205038626331
12,25,19.613380021875244
12,26,20.49004102647134
12,27,23.029738414695345
12,28,24.554889009905946
12,29,25.068330557485094
12,30,26.39621856772472
12,31,28.815887156770756
12,32,32.085066377540976
12,33,31.838382323728315
12,34,34.3416023941083
12,35,32.92913273710821
12,36,29.28563559197815
12,37,27.397484634153564
12,38,23.998549433580187
12,39,25.546510233749274
12,40,24.437420427311235
12,41,21.02574500893672
12,42,20.451454249700596
12,43,20.990056198055537
12,44,19.10115223404705
12,45,15.899845979076927
12,46,16.786127999217598
12,47,17.51310117704758
12,48,14.173692083479393
12,49,12.65717110499173
12,50,15.503030362196693
12,51,15.012318252382878
12,52,11.443806155702745
12,53,12.593759709651895
12,54,16.125314170677495
12,55,17.76672186549571
12,56,20.5093456001439
12,57,22.656973316781116
12,58,24.289328968039882
12,59,25.01377274112076
12,60,23.464117290996114
12,61,23.14591960046129
12,62,23.930259563499234
12,63,27.517413027387093
12,64,27.577719958821028
12,65,26.85635703732809
12,66,24.19522258499028
12,67,22.624783413018708
12,68,22.415824725979512
12,69,21.06091241411593
12,70,18.249953420308298
12,71,17.696884624417326
12,72,17.547875012915434
12,73,14.73796372501069
12,74,12.646878520992779
12,75,13.772632651902311
12,76,13.144998733474063
12,77,9.590949032648345
12,78,9.080207610807234
12,79,11.489657943267936
12,80,10.200088627828661
12,81,6.608250071429756
12,82,8.664955165055488
12,83,11.312871526378622
12,84,9.587684432786954
12,85,8.909800323065356
12,86,12.585400518261766
12,87,13.746957879832065
12,88,12.429152182793963
12,89,14.27865369404383
12,90,17.25113892989638
12,91,17.517891786327947
12,92,17.637022750078717
12,93,20.34826071496384
12,94,22.322237924362078
12,95,22.6585688622862
12,96,23.757314944956637
12,97,26.24059788388255
12,98,27.622464509221523
12,99,28.3426105996035
12,100,29.817159515211703
12,101,32.08907633625079
12,102,33.59841822236236
12,103,32.08074475704063
13,1,16.528113784410785
13,2,17.059124304608588
13,3,15.318351220127223
13,4,14.268900382465311
13,5,12.366856597067764
13,6,10.644709240517383
13,7,9.904417232645399
13,8,8.63099300994474
13,9,6.320809326703035
13,10,5.233455453259071
13,11,5.553479830618049
13,12,3.7557089248280415
13,14,3.775660516200846
13,15,5.422134485177689
13,16,5.19609799061141
13,17,6.381799328485113
13,18,8.77345612324566
13,19,9.980115026809592
13,20,10.92410028873586
13,21,12.416507645689437
13,22,13.94459182011061
13,23,15.642334292872652
13,24,17.068856657278896
13,25,18.250527180913746
13,26,19.74349861935144
13,27,21.974259248424485
13,28,23.14933767103782
13,29,24.11017596579579
13,30,25.758904233925435
13,31,27.844088674529708
13,32,31.130333684677773
13,33,31.32767711121865
13,34,34.00697920739297
13,35,32.915794861252465
13,36,29.18545182757578
13,37,27.377716819021938
13,38,23.816135709132894
13,39,24.82950317837084
13,40,23.49556016479173
13,41,19.87850184055261
13,42,19.68808404319724
13,43,20.81895254043916
13,44,18.768009931916286
13,45,15.53146988913127
13,46,17.178421982524412
13,47,18.108831641445388
13,48,14.640687642010054
13,49,13.802736504528601
13,50,17.107642846365483
13,51,16.540261983685852
13,52,13.320787822518486
13,53,15.114011718931474
13,54,18.583323039789864
13,55,20.22423007666012
13,56,22.620501299390032
13,57,24.568077481220307
13,58,25.89240376547467
13,59,26.177218195111973
13,60,24.270576298237728
13,61,23.898641910929495
13,62,24.269878535637194
13,63,27.810185766392305
13,64,27.49543296099433
13,65,26.793096163157617
13,66,23.752740688622588
13,67,22.405592049402046
13,68,22.75130155175221
13,69,21.17145226923433
13,70,18.070972363872094
13,71,18.22997956341286
13,72,18.419507000878067
13,73,15.196695255963883
13,74,13.376167550996971
13,75,15.406471874473558
13,76,14.823583390320497
13,77,11.027541861719746
13,78,11.385165426015629
13,79,14.274427070714387
13,80,12.840126219514254
13,81,9.685403248996018
13,82,12.239170620694432
13,83,14.722004914394674
13,84,12.781271138895967
13,85,12.465308686250623
13,86,16.207804073091154
13,87,17.0179937037287
13,88,15.471689115261743
13,89,17.58260660912114
13,90,20.553252003235635
13,91,20.393131582624775
13,92,20.434525235627365
13,93,23.4282742519574
13,94,25.291910246033897
13,95,25.25100427839284
13,96,26.451330487943615
13,97,29.172057177514844
13,98,30.297922830753976
13,99,30.814591272457847
13,100,32.52478453490693
13,101,34.851930471886945
13,102,36.0853034427798
13,103,34.472575006388894
14,1,18.371642174338156
14,2,18.341332413255007
14,3,15.903862137898743
14,4,14.903225425144418
14,5,13.923734312105617
14,6,11.940838099599569
14,7,10.107273770318509
14,8,9.620624585867402
14,9,8.512150547792793
14,10,5.99286879611137
14,11,4.98169822481854
14,12,5.330166831720178
14,13,3.775660516200846
14,15,3.823125457884788
14,16,5.410270274475618
14,17,5.076078845562154
14,18,6.256699998643399
14,19,8.698260194217879
14,20,10.060297503992652
14,21,10.50226495569823
14,22,11.760611001417834
14,23,14.223890931571704
14,24,15.527029810088465
14,25,15.979245020743729
14,26,17.593948726269407
14,27,20.21646458086025
14,28,21.040867010849553
14,29,21.627988235387196
14,30,23.565408900068153
14,31,25.89853322576153
14,32,28.95868218260012
14,33,29.078529274074338
14,34,31.968220497783815
14,35,31.1012414210378
14,36,27.36587295559641
14,37,25.982940781326516
14,38,22.34301966417067
14,39,23.47565265782066
14,40,22.678474011473806
14,41,19.275027586057334
14,42,19.681294430262977
14,43,20.457363680970463
14,44,17.84127284212006
14,45,15.110236470564159
14,46,17.048255144878475
14,47,17.196177550699634
14,48,13.46355366155582
14,49,13.434935495084577
14,50,16.44926867986315
14,51,15.092416760972489
14,52,11.973468455151842
14,53,14.471859341349685
14,54,17.45523381282586
14,55,19.69405056997711
14,56,21.691055502045224
14,57,23.97274812652916
14,58,24.825941035364295
14,59,25.32251741664838
14,60,23.048822708760504
14,61,22.1223157128593
14,62,22.0602084574082
14,63,25.41196715518676
14,64,24.787609703474853
14,65,23.735007839732564
14,66,20.696755097983562
14,67,19.719475869386383
14,68,19.894494947399334
14,69,17.95029155179522
14,70,15.075093362423235
14,71,15.569223107553
14,72,15.398707690667912
14,73,11.932339260378185
14,74,10.748304262134349
14,75,13.0186777911788
14,76,12.013766933345298
14,77,8.247964930841988
14,78,9.70111648326163
14,79,12.561407824226704
14,80,10.878038814437643
14,81,8.597920914472974
14,82,11.888867379927381
14,83,13.86778315715984
14,84,12.201515739564329
14,85,12.983023591120823
14,86,16.45970117934035
14,87,16.923047375129105
14,88,16.095715358574477
14,89,18.62366868645449
14,90,21.11403809291941
14,91,20.992480116571393
14,92,21.689657153064896
14,93,24.601420229184125
14,94,26.05961446892371
14,95,26.31799682897313
14,96,27.921308478712874
14,97,30.365084181726996
14,98,31.332985622850117
14,99,32.254247270311346
14,100,34.07488232714126
14,101,36.08685783038201
14,102,37.37599766041002
14,103,35.474346982486324
15,1,20.378424445978826
15,2,20.046273935008276
15,3,17.716537081538114
15,4,15.928222257303256
15,5,14.966836360216162
15,6,13.884981697573242
15,7,11.736944569411357
15,8,10.171165299573143
15,9,9.775578960815494
15,10,8.42096250733244
15,11,5.889972644539034
15,12,4.957466861176684
15,13,5.422134485177689
15,14,3.823125457884788
15,16,3.769397068223888
15,17,5.379014048478765
15,18,5.050227074004965
15,19,6.197259418447008
15,20,8.759665656614096
15,21,9.892123667800565
15,22,10.056376029446202
15,23,12.190566630106371
15,24,14.323359416656753
15,25,14.877758210851406
15,26,15.709435027378214
15,27,18.465373197887416
15,28,19.866161614864712
15,29,20.18237430100829
15,30,21.610938116075324
15,31,24.146183914885828
15,32,27.308561891549317
15,33,27.05074100537285
15,34,29.68496001437789
15,35,28.470156257512524
15,36,24.789455792954254
15,37,23.199914091768246
15,38,19.68984924481553
15,39,21.251713023148483
15,40,20.55805306490533
15,41,17.335957743863894
15,42,17.367868737720187
15,43,17.639825410266983
15,44,15.1743214608761
15,45,12.432832607997435
15,46,13.846724465634034
15,47,13.866834429524605
15,48,10.199666120640925
15,49,9.806532192824132
15,50,12.688760822415299
15,51,11.473211243732962
15,52,8.269216427816483
15,53,10.718141201820533
15,54,13.777800989800957
15,55,15.893172392133247
15,56,17.91798349431298
15,57,20.18169882073115
15,58,21.156724248528562
15,59,21.764530740588533
15,60,19.699470000639447
15,61,18.963817012544155
15,62,19.34399014675084
15,63,22.85737566134698
15,64,22.717795947531695
15,65,21.991370184866824
15,66,19.25902162087687
15,67,17.724073369322426
15,68,17.668060813773337
15,69,16.295361444633457
15,70,13.337000179141773
15,71,13.027566239379281
15,72,13.16287049979582
15,73,10.222584454225482
15,74,8.05465719678524
15,75,10.02193864642944
15,76,9.82240666256856
15,77,6.116796145546656
15,78,6.461566977870759
15,79,9.828262250150647
15,80,9.207662944486065
15,81,6.843304493662771
15,82,9.547057462568299
15,83,12.12328148812815
15,84,11.442476413490446
15,85,11.936605556402533
15,86,15.079277493053013
15,87,16.275254011644698
15,88,15.938705287141895
15,89,17.93086260795816
15,90,20.460026106230423
15,91,21.032926054412346
15,92,21.71587416112811
15,93,24.189903643702173
15,94,25.90945460550811
15,95,26.641279761264265
15,96,27.971373121753494
15,97,30.147852733308145
15,98,31.53255912649143
15,99,32.598752758207866
15,100,34.039559429621455
15,101,36.08810809731346
15,102,37.73852199311908
15,103,36.03957783382512
16,1,21.489517389347302
16,2,21.770372893754725
16,3,19.88142548509781
16,4,18.281844417043065
16,5,16.631285803765035
16,6,15.463291598203037
16,7,14.103094573951855
16,8,12.2689748006636
16,9,10.82406404859395
16,10,9.971760722802648
16,11,8.565203341961848
16,12,6.217093737947487
16,13,5.19609799061141
16,14,5.410270274475618
16,15,3.769397068223888
16,17,3.8021591196015274
16,18,5.411578443737842
16,19,5.041632225487176
16,20,6.36235693745926
16,21,8.637843683563718
16,22,9.572169741553502
16,23,10.728432753549962
16,24,12.651767087723432
16,25,14.13560950550325
16,26,15.136988465099053
16,27,17.242196592137
16,28,18.865822668846626
16,29,19.835991904627775
16,30,21.087101313377094
16,31,23.14128892214331
16,32,26.547446559542347
16,33,26.626887767515555
16,34,29.1243057443137
16,35,27.898896002028543
16,36,24.186335167760546
16,37,22.23820070871917
16,38,18.71253881332095
16,39,19.79586544566329
16,40,18.48947087722091
16,41,14.970880758886846
16,42,14.75534972947491
16,43,15.677087558509397
16,44,13.586328330583822
16,45,10.365235977136052
16,46,12.161930656967014
16,47,13.065299141784811
16,48,9.672018374875293
16,49,9.190102940218843
16,50,12.730223736808155
16,51,12.349369186468852
16,52,9.771174848564074
16,53,11.983218406501242
16,54,15.289256097729103
16,55,16.68741215481456
16,56,18.614794999872668
16,57,20.283531839442777
16,58,21.347735242011336
16,59,21.31045306518907
16,60,19.28717195366078
16,61,19.094572312379654
16,62,19.59387993062657
16,63,23.231053399586678
16,64,23.188292444980704
16,65,22.973668501525157
16,66,20.01539072698847
16,67,18.15553465025154
16,68,18.796682902810453
16,69,17.817997798590113
16,70,14.378279192218677
16,71,14.264689530485894
16,72,15.29520745198853
16,73,12.518832548274604
16,74,9.902978007337927
16,75,12.402454895409074
16,76,12.999666448712848
16,77,9.509078892398918
16,78,9.315515660751764
16,79,12.960269592950633
16,80,12.835534355872786
16,81,10.181744417411702
16,82,12.27247604036398
16,83,15.322112415394274
16,84,14.623529572590662
16,85,14.403265150022458
16,86,17.694281246258264
16,87,19.22431986619506
16,88,18.43108390567284
16,89,20.08270507764776
16,90,22.995562201297496
16,91,23.57066100482432
16,92,23.75871404563513
16,93,26.285630401255947
16,94,28.343301140477635
16,95,28.840973713710067
16,96,29.844180392249598
16,97,32.252383907383376
16,98,33.7726434622744
16,99,34.49820179311477
16,100,35.84424714211569
16,101,38.17254115579151
16,102,39.77015114808692
16,103,38.28718969531195
17,1,22.66300333043003
17,2,23.03802841706591
17,3,20.834763528853795
17,4,19.79435364436143
17,5,18.44313019479204
17,6,16.56396125977875
17,7,15.0980609986537
17,8,14.171317769708585
17,9,12.577062258939156
17,10,10.650325599174845
17,11,9.778065211132802
17,12,8.648212782734381
17,13,6.381799328485113
17,14,5.076078845562154
17,15,5.379014048478765
17,16,3.8021591196015274
17,18,3.8016136894703263
17,19,5.418594743182733
17,20,5.260157048791549
17,21,6.0538187417305025
17,22,8.129254176177646
17,23,9.960856193818456
17,24,10.855565137397338
17,25,11.987885273886947
17,26,13.843163131131144
17,27,15.91202131011008
17,28,16.83386739968101
17,29,18.004473550345505
17,30,19.83792822757242
17,31,21.731945103580625
17,32,24.968556769043662
17,33,25.438568763172125
17,34,28.266669085266404
17,35,27.531142956109917
17,36,23.762623027048207
17,37,22.251920150327695
17,38,18.555918927606648
17,39,19.16339555715382
17,40,18.06917926054997
17,41,14.552488708338846
17,42,15.273234837462992
