1,2,3.821939806310074
1,3,6.692688314829659
1,4,8.684018500817933
1,5,6.854250558312533
1,6,6.665037944638264
1,7,10.151951843110744
1,8,11.258751707069932
1,9,10.665286693537157
1,10,12.303401607149615
1,11,15.005160727828237
1,12,15.839376356393167
1,13,16.379016457710886
1,14,18.269392303787086
1,15,20.308594625878722
1,16,21.385745764800614
1,17,22.504233346282984
1,18,24.45750955799258
1,19,26.07527436494433
1,20,27.205562311762996
1,21,28.35429040218827
1,22,29.920351158137937
1,23,31.876686237633134
1,24,33.31439836612159
1,25,34.144798406622826
1,26,35.719213779251554
1,27,38.19930134771796
1,28,39.084887497432064
1,29,39.801404814141954
1,30,41.6690639616103
1,31,43.99895507037141
1,32,47.12769521446071
1,33,47.252875416685896
1,34,49.944615821117125
1,35,48.66666781648105
1,36,44.983502304129864
1,37,43.361686470869586
1,38,39.85150649345591
1,39,41.138527019047935
1,40,39.71352272960729
1,41,36.08403620391534
1,42,35.320354309814064
1,43,36.32387538315095
1,44,34.70913703458424
1,45,31.337857306471125
1,46,32.25391816253343
1,47,33.42127655558848
1,48,30.244833673995494
1,49,28.20140499583606
1,50,30.67768989670594
1,51,30.585561495576805
1,52,26.812282863800327
1,53,26.81918374892586
1,54,29.94147466752701
1,55,32.23863766585561
1,56,34.934028251312874
1,57,37.56596775818094
1,58,39.95321707207997
1,59,40.62531077215692
1,60,39.28045203525844
1,61,38.78086892893648
1,62,39.39800793920238
1,63,42.87154334065921
1,64,42.540484809091105
1,65,41.13245869310793
1,66,38.3972240032416
1,67,37.50901892421971
1,68,37.067649771865916
1,69,34.99338256992289
1,70,32.74366180118212
1,71,32.68580631554654
1,72,31.660301692667236
1,73,28.634558289661385
1,74,27.677535768803537
1,75,28.2138811110541
1,76,26.152590763824843
1,77,23.200590711363404
1,78,23.37108844613331
1,79,23.76797300730657
1,80,20.97762680440073
1,81,18.51566575971253
1,82,19.43629045476054
1,83,19.645830640551996
1,84,16.13159493373142
1,85,15.017837630420003
1,86,17.41936301304333
1,87,15.991187345154414
1,88,12.464671886179092
1,89,14.408265241707378
1,90,16.434709696051456
1,91,13.627778471162596
1,92,12.537285407761763
1,93,16.24698094408153
1,94,17.06698814108445
1,95,14.586263807228836
1,96,15.996410502511964
1,97,19.534804684321706
1,98,19.377904449813585
1,99,18.530234263400626
1,100,21.48851204810672
1,101,23.56557302035265
1,102,22.064550845262882
2,1,3.821939806310074
2,3,3.8071714560435406
2,4,5.828725656406993
2,5,5.6835357533942785
2,6,6.3472608549258425
2,7,8.754284330580981
2,8,10.207887456189088
2,9,10.916822401174095
2,10,12.291958007643961
2,11,14.296166845479982
2,12,15.771004184096613
2,13,16.946705712306205
2,14,18.258212295178026
2,15,20.03594408571242
2,16,21.745709931382578
2,17,22.91109890761855
2,18,24.312090448473313
2,19,26.082716364491283
2,20,27.667383132038918
2,21,28.595830560855898
2,22,29.77142167931269
2,23,31.997154142314
2,24,33.650222501456845
2,25,34.12484199889734
2,26,35.492074122605715
2,27,38.25491296414412
2,28,39.143154221461664
2,29,39.495365084391096
2,30,41.35095403062411
2,31,43.94030998925477
2,32,46.94530674263375
2,33,46.815685547132944
2,34,49.524830127306195
2,35,48.203346733529315
2,36,44.57426101965449
2,37,43.12074676040105
2,38,39.659308335901414
2,39,41.23083645258588
2,40,40.123366121347935
2,41,36.63146416897008
2,42,35.955685031607565
2,43,36.588457168093655
2,44,34.798684509149744
2,45,31.602091169991457
2,46,32.34430768942887
2,47,33.13263186111378
2,48,29.911387010981553
2,49,27.894190005823138
2,50,30.046446699544145
2,51,29.67882602158072
2,52,25.876684194345064
2,53,25.776297439353225
2,54,28.585639889245023
2,55,31.100052537378183
2,56,33.837778026178
2,57,36.646531264661526
2,58,39.03146815802504
2,59,40.055090860779934
2,60,38.749617187258224
2,61,38.01679654371952
2,62,38.62519212908658
2,63,41.98038339147419
2,64,41.683016672830504
2,65,40.074454570806466
2,66,37.575665123633264
2,67,36.79992607821923
2,68,35.99413520587738
2,69,33.85181100401959
2,70,31.93932179812137
2,71,31.707549992607788
2,72,30.292012751345524
2,73,27.46059638796298
2,74,26.754115207769136
2,75,26.861035911171076
2,76,24.503511470500175
2,77,21.93997896114687
2,78,22.171709167310073
2,79,21.9995742290336
2,80,19.054351626242788
2,81,17.092412996999062
2,82,17.866413011076478
2,83,17.40353690539935
2,84,13.880561422098975
2,85,13.23185180804334
2,86,15.12890125542538
2,87,13.108285022672153
2,88,9.841362545332458
2,89,12.133357140788403
2,90,13.519686402217584
2,91,10.37535454413289
2,92,10.003092491518572
2,93,13.742415882407096
2,94,14.005335168923795
2,95,11.721010405291658
2,96,13.80238942943334
2,97,17.022797521648542
2,98,16.668668263493824
2,99,16.441766443627355
2,100,19.522702825412733
2,101,21.250133111463438
2,102,19.868782911366992
3,1,6.692688314829659
3,2,3.8071714560435406
3,4,3.8342927911823534
3,5,5.436633409827747
3,6,5.017863436288561
3,7,5.94229848977897
3,8,8.402624926286846
3,9,9.75312861192271
3,10,10.173235991086406
3,11,11.803596485627347
3,12,14.034537532947725
3,13,15.271840482036085
3,14,15.876956477486697
3,15,17.73339277226767
3,16,19.903528227033252
3,17,20.75898183132384
3,18,21.77319637006796
3,19,23.866270707927452
3,20,25.61663521796276
3,21,26.175279046459472
3,22,27.195385852488137
3,23,29.708455739460696
3,24,31.326131874119138
3,25,31.464615179377418
3,26,32.841081335982786
3,27,35.78172711279903
3,28,36.505878684988886
3,29,36.64329826562612
3,30,38.619327488176694
3,31,41.32836402744671
3,32,44.18883697906643
3,33,43.99945421548849
3,34,46.81279679619936
3,35,45.61896397226783
3,36,42.00062501727433
3,37,40.78663412556818
3,38,37.299740172538925
3,39,38.936158036234986
3,40,38.11023496947932
3,41,34.722347828737156
3,42,34.339964104225416
3,43,34.804864737630716
3,44,32.72205954327125
3,45,29.738493049659393
3,46,30.629636431860703
3,47,31.05278006756596
3,48,27.68427008767492
3,49,25.987378006006605
3,50,28.099284374279893
3,51,27.32287519463466
3,52,23.516532134746775
3,53,23.757270565808845
3,54,26.31857617182334
3,55,29.13356378104903
3,56,31.636694789281123
3,57,34.66862339525966
3,58,36.825772114789956
3,59,38.02406529152253
3,60,36.51344806230515
3,61,35.48534141710225
3,62,35.86856662814772
3,63,39.09083620944765
3,64,38.64105561722102
3,65,36.84464485303465
3,66,34.40951577967868
3,67,33.8396019907233
3,68,32.91640057121454
3,69,30.606371654046033
3,70,28.897223590283005
3,71,28.78513525812106
3,72,27.139691471283058
3,73,24.28678791145258
3,74,23.91929562896844
3,75,24.003190522621676
3,76,21.374161334173042
3,77,18.957339465047554
3,78,19.602487176188784
3,79,19.302722530492527
3,80,16.0639023578669
3,81,14.525086491862728
3,82,15.792655352262637
3,83,14.996555200346437
3,84,11.32243732772938
3,85,11.6271188790844
3,86,13.683486282757759
3,87,11.249205904683341
3,88,8.655304476349091
3,89,11.863038359242298
3,90,12.95695968162731
3,91,10.038284061458105
3,92,10.907345063869407
3,93,14.570739697712243
3,94,14.489886022805058
3,95,12.990209801975745
3,96,15.638325142610729
3,97,18.395066233240307
3,98,18.057664059497743
3,99,18.566653235492055
3,100,21.578439940080024
3,101,23.008700180995756
3,102,21.845508163505457
4,1,8.684018500817933
4,2,5.828725656406993
4,3,3.8342927911823534
4,5,3.811459945018092
4,6,5.512913434364636
4,7,5.099244384538928
4,8,6.034549348499656
4,9,8.572031398320979
4,10,9.709933420887245
4,11,10.245600541571234
4,12,12.204389733499942
4,13,14.311255606162778
4,14,14.96039597886874
4,15,16.037801033132798
4,16,18.41817940820011
4,17,19.83153658331872
4,18,20.482691474852118
4,19,22.177017235719767
4,20,24.353892551172564
4,21,25.18763143998936
4,22,25.761147437648145
4,23,28.132797497222402
4,24,30.147279301505133
4,25,30.3224555106464
4,26,31.28635940172111
4,27,34.29434497774179
4,28,35.34698196798077
4,29,35.310665990743786
4,30,36.98633922723671
4,31,39.83291408570717
4,32,42.749653909928746
4,33,42.29506555871066
4,34,44.92100583926488
4,35,43.48295839610567
4,36,39.94188466590609
4,37,38.6051403029842
4,38,35.25039871775234
4,39,37.15661824224906
4,40,36.39459422303686
4,41,33.127501226374115
4,42,32.50278460214744
4,43,32.653803785043465
4,44,30.7272266823406
4,45,27.772403002521582
4,46,28.26525891043947
4,47,28.62837088091616
4,48,25.437937113728786
4,49,23.45353551653411
4,50,25.24643513236776
4,51,24.625066534848713
4,52,20.855771720097124
4,53,20.679558518103015
4,54,23.198208249129316
4,55,25.89784583061903
4,56,28.59566764550388
4,57,31.551832882460122
4,58,33.88332444900665
4,59,35.20177410058767
4,60,33.94200723736232
4,61,33.038040578967696
4,62,33.722521415081204
4,63,36.9961902604434
4,64,36.867757716231374
4,65,35.24143781516451
4,66,33.021420849719135
4,67,32.15799048413225
4,68,31.01445500610726
4,69,29.01199355229468
4,70,27.33898550521873
4,71,26.766224145856764
4,72,25.134151922425673
4,73,22.605079650149964
4,74,21.911148486292493
4,75,21.57001203831023
4,76,19.150976134307257
4,77,16.934623329347176
4,78,17.013049763357337
4,79,16.40991989825248
4,80,13.502030108101717
4,81,11.871526497188935
4,82,12.505000154848956
4,83,11.644808239322277
4,84,8.128558316954798
4,85,8.030069512358788
4,86,9.87541600090321
4,87,7.658787058299088
4,88,4.859166951426765
4,89,8.240492501264741
4,90,9.584449553010714
4,91,7.315798981840007
4,92,8.367785170379527
4,93,11.882941541064563
4,94,12.280535400966466
4,95,11.623363697614382
4,96,14.043116421987417
4,97,16.568149201471694
4,98,16.920302640671647
4,99,17.746881805958797
4,100,20.27720403908672
4,101,21.93626597621224
4,102,21.406145819862996
5,1,6.854250558312533
5,2,5.6835357533942785
5,3,5.436633409827747
5,4,3.811459945018092
5,6,3.793125745560263
5,7,5.391001691643584
5,8,4.954529876215621
5,9,6.098654516127035
5,10,8.422309424567192
5,11,9.681302235779004
5,12,10.572246665393568
5,13,12.418320557546691
5,14,13.978677324846114
5,15,15.10456925603595
5,16,16.79692501543703
5,17,18.507796830203894
5,18,19.74838043757774
5,19,21.08116308224753
5,20,22.93371316609967
5,21,24.21180948538031
5,22,25.088938429540466
5,23,27.081913906087674
5,24,29.05365710088372
5,25,29.698028324289943
5,26,30.742175513133763
5,27,33.45991904662568
5,28,34.67811996699127
5,29,35.01299546655024
5,30,36.57771068958761
5,31,39.19056969377086
5,32,42.30700124547562
5,33,42.03794794534501
5,34,44.56825050327684
5,35,43.0575043238381
5,36,39.46438164724331
5,37,37.84313918606328
5,38,34.462025574959746
5,39,36.162911075588624
5,40,35.02615359334361
5,41,31.6040539477175
5,42,30.72935446846748
5,43,31.189492253888556
5,44,29.544440721236747
5,45,26.321188138790653
5,46,26.836167873550636
5,47,27.685001777170523
5,48,24.595526362325536
5,49,22.371545950104398
5,50,24.479187510439363
5,51,24.32592054571031
5,52,20.555798971743485
5,53,20.294304873039604
5,54,23.286009378047606
5,55,25.633232547929822
5,56,28.41480124201876
5,57,31.111827252652677
5,58,33.565496723648316
5,59,34.49600681674984
5,60,33.30916916216162
5,61,32.76834800053375
5,62,33.619851787178064
5,63,37.091274580018705
5,64,37.069572146446134
5,65,35.762221197136824
5,66,33.32604991258434
5,67,32.18072180239601
5,68,31.396410327126198
5,69,29.605309106212935
5,70,27.4945553038258
5,71,26.9337440609478
5,72,25.81760657704775
5,73,23.145992941828073
5,74,21.946534964185975
5,75,22.0029359327366
5,76,20.08513774811258
5,77,17.36374648582115
5,78,17.07088391335217
5,79,17.180973263173968
5,80,14.665040307846917
5,81,12.124736309880953
5,82,12.654056966915439
5,83,12.91646184047243
5,84,9.565229659729805
5,85,8.168780406932608
5,86,10.810668851187096
5,87,9.847871279407109
5,88,6.385592686076171
5,89,8.764691728448106
5,90,11.30926047214089
5,91,9.555877197471897
5,92,9.134352608528731
5,93,12.791069487557136
5,94,14.127892784999553
5,95,13.141077275673844
5,96,14.730106703831995
5,97,17.751781331110646
5,98,18.518887124406508
5,99,18.66201948104994
5,100,21.005797462266894
5,101,23.20080675734277
5,102,22.693318513633578
6,1,6.665037944638264
6,2,6.3472608549258425
6,3,5.017863436288561
6,4,5.512913434364636
6,5,3.793125745560263
6,7,3.7915457631141276
6,8,5.399410725204999
6,9,5.09427186831019
6,10,5.974639945180685
6,11,8.422116204466807
6,12,9.878894525603808
6,13,10.67972375122366
6,14,11.975803030507404
6,15,13.967188679648467
6,16,15.557567920717153
6,17,16.569568157101354
6,18,18.10353741066366
6,19,19.928671903156005
6,20,21.365867910713682
6,21,22.280448232415853
6,22,23.58330324522204
6,23,25.77440749205051
6,24,27.32900613322628
6,25,27.887722196575254
6,26,29.350614263005696
6,27,32.017903495402
6,28,32.88625037545507
6,29,33.382760030621434
6,30,35.25982718056163
6,31,37.73594506237074
6,32,40.78318754006578
6,33,40.791878054520545
6,34,43.52980019481224
6,35,42.31124128963371
6,36,38.63163263456983
6,37,37.19222552857666
6,38,33.65607028579335
6,39,35.064506952658576
6,40,33.93592716134002
6,41,30.42274314373557
6,42,29.928277574396084
6,43,30.67956541893346
6,44,28.755727348043788
6,45,25.581069521174904
6,46,26.630875955234973
6,47,27.420617350622237
6,48,24.08165933012051
6,49,22.33602091717356
6,50,24.84715565878459
6,51,24.38009809202688
6,52,20.582037883737584
6,53,21.009820683742607
6,54,24.004318175259606
6,55,26.573043088101183
6,56,28.98043932633939
6,57,31.82547157870205
6,58,33.95778338275568
6,59,34.747231209926625
6,60,33.175886065579746
6,61,32.432352179586225
6,62,32.89397349672473
6,63,36.30627562916289
6,64,35.92595940820164
6,65,34.48053702437979
6,66,31.794565947990097
6,67,30.927815987471778
6,68,30.42309589254489
6,69,28.333473581526384
6,70,26.12666233513662
6,71,26.08177125170094
6,72,25.021023346184883
6,73,21.969535326231107
6,74,21.08983835766032
6,75,21.71016931124839
6,76,19.616556391553416
6,77,16.58232591039728
6,78,17.00936036136489
6,79,17.610459908083314
6,80,14.710564362413269
6,81,12.232878676605644
6,82,13.813431626410162
6,83,14.235370246366893
6,84,10.640131891330217
6,85,10.215527074902228
6,86,13.361932754294877
6,87,12.158685217511664
6,88,9.298794325147217
6,89,12.231384040649964
6,90,14.53350296224476
6,91,12.593730984507268
6,92,12.698582434385369
6,93,16.404743598228094
6,94,17.36129679962229
6,95,16.197372394736895
6,96,18.116114536226604
6,97,21.14594847953291
6,98,21.528829515326724
6,99,21.68931818569295
6,100,24.31548231086548
6,101,26.31276048045903
6,102,25.465726968028005
7,1,10.151951843110744
7,2,8.754284330580981
7,3,5.94229848977897
7,4,5.099244384538928
7,5,5.391001691643584
7,6,3.7915457631141276
7,8,3.811922131840928
7,9,5.413270552657145
7,10,4.916232222984391
7,11,5.8702417456788005
7,12,8.484438346962092
7,13,9.904824891531257
7,14,10.13750993049484
7,15,11.812397041444697
7,16,14.185022458753286
7,17,15.085883506865759
7,18,15.897377930421529
7,19,17.953505779659704
7,20,19.84049310715687
7,21,20.425582695394052
7,22,21.300727091500953
7,23,23.795865699454517
7,24,25.51621763594271
7,25,25.674447138450088
7,26,26.946300721153627
7,27,29.88050639042083
7,28,30.714695664990344
7,29,30.859752591017187
7,30,32.743225456037365
7,31,35.44458219981897
7,32,38.353982345256334
7,33,38.155560244233484
7,34,40.931588677637016
7,35,39.73237726314518
7,36,36.09654163669607
7,37,34.87262507745408
7,38,31.367545678928213
7,39,33.000343073367226
7,40,32.232995604038365
7,41,28.901089224398252
7,42,28.61847999412342
7,43,29.008183991846547
7,44,26.822309316415907
7,45,23.914003049290848
7,46,24.920394838879037
7,47,25.242290694770183
7,48,21.808474072511697
7,49,20.293822338402165
7,50,22.575946569812942
7,51,21.69099925148362
7,52,17.88332930826458
7,53,18.5119623590007
7,54,21.177441866400997
7,55,24.046728810830665
7,56,26.296104779754575
7,57,29.36476134959369
7,58,31.34034440968733
7,59,32.41111790979036
7,60,30.742524505157025
7,61,29.70879338291508
7,62,30.06102386235729
7,63,33.35123070802534
7,64,32.94835730937943
7,65,31.33894828750541
7,66,28.830547425739223
7,67,28.073375651833416
7,68,27.29442860598451
7,69,25.12903486231637
7,70,23.1905391513628
7,71,23.055989760271515
7,72,21.686381637788152
7,73,18.73985754340063
7,74,18.12811509934123
7,75,18.49516637193773
7,76,16.12437929828445
7,77,13.328446863654907
7,78,14.03361689696893
7,79,14.326122688339018
7,80,11.164903277486014
7,81,9.147423416837169
7,82,11.154772833033487
7,83,11.165475681881299
7,84,7.520357328906578
7,85,8.21788071422479
7,86,11.339311233950326
7,87,9.932996914017375
7,88,8.089179898875475
7,89,11.537994154879216
7,90,13.431889684892115
7,91,11.996519262136017
7,92,13.046347493382042
7,93,16.438784893732578
7,94,17.128862056690966
7,95,16.710682028452034
7,96,18.978973820733135
7,97,21.52730177223201
7,98,22.010671526575404
7,99,22.793153857492698
7,100,25.27148646094232
7,101,27.024469780553154
7,102,26.475929910513997
8,1,11.258751707069932
8,2,10.207887456189088
8,3,8.402624926286846
8,4,6.034549348499656
8,5,4.954529876215621
8,6,5.399410725204999
8,7,3.811922131840928
8,9,3.7664250830286554
8,10,5.417334332182888
8,11,5.0751900322109655
8,12,6.210492664293247
8,13,8.763253500483842
8,14,9.76973367952705
8,15,10.378790693646716
8,16,12.514355687150914
8,17,14.333546350192956
8,18,15.118338079406595
8,19,16.419873816026474
8,20,18.588837136555536
8,21,19.791717857421
8,22,20.35798002956621
8,23,22.431786128281647
8,24,24.563662944822504
8,25,25.066237926723346
8,26,25.933909742318754
8,27,28.75054618183918
8,28,30.037817898946653
8,29,30.229026459810903
8,30,31.719774809368005
8,31,34.418755577081136
8,32,37.50370268480339
8,33,37.14078740299915
8,34,39.66076052075896
8,35,38.15888161879748
8,36,34.57198998277832
8,37,33.03629420878891
8,38,29.653018526442597
8,39,31.45193598468257
8,40,30.512290875021336
8,41,27.206120420139374
8,42,26.48904362871215
8,43,26.73324687075359
8,44,24.900029091687657
8,45,21.831526336196937
8,46,22.39877542989869
8,47,22.978565147054397
8,48,19.798793164034908
8,49,17.76010104428064
8,50,19.90710536103573
8,51,19.515609562196
8,52,15.718722254276873
8,53,15.789416650031283
8,54,18.76278312415776
8,55,21.285886100946573
8,56,23.83030876647976
8,57,26.66423389923086
8,58,28.925681050125952
8,59,29.890919601306674
8,60,28.543353171068883
8,61,27.877264118988197
8,62,28.67105910739951
8,63,32.13689223067238
8,64,32.14426168947618
8,65,30.908538926086127
8,66,28.514920489769974
8,67,27.275302136679013
8,68,26.477764360644414
8,69,24.789752101163753
8,70,22.63696263371171
8,71,21.98915631130468
8,72,20.969900950445396
8,73,18.334687391790176
8,74,17.002733135198824
8,75,17.127616390139174
8,76,15.368597117261807
8,77,12.505068997661567
8,78,12.187974959304258
8,79,12.639731466123227
8,80,10.236453006935973
8,81,7.331155780340169
8,82,8.45409214692698
8,83,9.352217652601414
8,84,6.183663084933195
8,85,5.290042472168415
8,86,8.924144213878655
8,87,8.775131019088498
8,88,6.745481858073942
8,89,9.398163172293176
8,90,12.05098193216589
8,91,11.534364948074238
8,92,11.974680096427376
8,93,15.063022021271657
8,94,16.516537804379904
8,95,16.528278843887286
8,96,18.191612004603122
8,97,20.7148161680329
8,98,21.85466096072744
8,99,22.523451609648355
8,100,24.53110086387107
8,101,26.663299800111425
8,102,26.571695524303422
9,1,10.665286693537157
9,2,10.916822401174095
9,3,9.75312861192271
9,4,8.572031398320979
9,5,6.098654516127035
9,6,5.09427186831019
9,7,5.413270552657145
9,8,3.7664250830286554
9,10,3.786565767566114
9,11,5.454577319889225
9,12,5.185222538691814
9,13,6.375005637649787
9,14,8.537188860674458
9,15,9.841036881273768
9,16,10.94869326751643
9,17,12.641390475119453
9,18,14.33211732924052
9,19,15.540418523119596
9,20,17.031243820195385
9,21,18.487696733997474
9,22,19.66520905082309
9,23,21.447809601234272
9,24,23.249773134138895
9,25,24.18382131369038
9,26,25.398602871991542
9,27,27.87301533346826
9,28,29.09706129350431
9,29,29.75412943717915
9,30,31.32611114763367
9,31,33.70037058079116
9,32,36.921989050019114
9,33,36.90649052746989
9,34,39.452353548249704
9,35,38.06522649241732
9,36,34.39575122788032
9,37,32.704826039668426
9,38,29.219395728457865
9,39,30.620774977903842
9,40,29.30672323655864
9,41,25.784148854207714
9,42,25.045738274821645
9,43,25.807085273912254
9,44,24.101301003044473
9,45,20.79099841026326
9,46,21.731329580952657
9,47,22.78436417444372
9,48,19.591474952636386
9,49,17.64380214771142
9,50,20.34153737599855
9,51,20.23860314250368
9,52,16.533799634421772
9,53,16.943651249060686
9,54,20.26918983507552
9,55,22.519835665257375
9,56,24.880090849341336
9,57,27.507405079701115
9,58,29.67282467385831
9,59,30.176686416707174
9,60,28.684878170777274
9,61,28.254151828100326
9,62,28.960588744964358
9,63,32.5415986673078
9,64,32.4275387208567
9,65,31.403123808004608
9,66,28.682407085033677
9,67,27.369394620614894
9,68,27.08836852876051
9,69,25.4269906078845
9,70,22.841754659036063
9,71,22.54619958894971
9,72,22.054433706085067
9,73,19.112617370627103
9,74,17.54097707278935
9,75,18.405032826013407
9,76,17.043589048338756
9,77,13.66082159770878
9,78,13.474573614247355
9,79,14.8507233115564
9,80,12.700275372589862
9,81,9.37419436377597
9,82,10.885523859498775
9,83,12.588665200177353
9,84,9.717675696961637
9,85,8.531118159981792
9,86,12.291157949030982
9,87,12.497099661686866
9,88,10.124116576365765
9,89,12.35819560446831
9,90,15.38144501598403
9,91,14.655589760451619
9,92,14.474029626472072
9,93,17.74590149020452
9,94,19.46999297476606
9,95,19.006868293939526
9,96,20.373408376385804
9,97,23.26566064282827
9,98,24.38227326923311
9,99,24.57547753546657
9,100,26.660203794000097
9,101,29.029043713348255
9,102,28.71660806740464
10,1,12.303401607149615
10,2,12.291958007643961
10,3,10.173235991086406
10,4,9.709933420887245
10,5,8.422309424567192
10,6,5.974639945180685
10,7,4.916232222984391
10,8,5.417334332182888
10,9,3.786565767566114
10,11,3.8009690413767743
10,12,5.4318901040558
10,13,5.305715815441343
10,14,6.021037213657702
10,15,8.455382073804998
10,16,10.053209480682668
10,17,10.6629386763181
10,18,12.213083437799652
10,19,14.243106483720826
10,20,15.556410472219556
10,21,16.31007564017781
10,22,17.704415747069547
10,23,19.95519797236979
10,24,21.39109403717443
10,25,21.933134082830133
10,26,23.49877791996581
10,27,26.1173971573219
10,28,26.921980690584544
10,29,27.506541999297124
10,30,29.43418290944757
10,31,31.827707495595504
10,32,34.87791942941085
10,33,35.007449477846535
10,34,37.79975612539602
10,35,36.72556742342347
10,36,33.004552669605715
10,37,31.660224967030757
10,38,28.045115011426965
10,39,29.296640008015892
10,40,28.24946224698836
10,41,24.76211827934245
10,42,24.589018762991454
10,43,25.39833130736668
10,44,23.21989347295122
10,45,20.176398716078197
10,46,21.64385644559959
10,47,22.28462215483915
10,48,18.785255561837843
10,49,17.54510669148822
10,50,20.422781315685864
10,51,19.69990792726059
10,52,16.015697352372083
10,53,17.22953406085302
10,54,20.233903136259904
10,55,22.874770471907276
10,56,24.768763360336138
10,57,27.67033340094395
10,58,29.420514493339695
10,59,30.003718824169265
10,60,28.0867756631769
10,61,27.240620157501223
10,62,27.463666127023114
10,63,30.883495926839835
10,64,30.3748795242058
10,65,29.071041100713153
10,66,26.208912615620097
10,67,25.289919206695828
10,68,25.1025321890643
10,69,23.054555352996925
10,70,20.563857591990004
10,71,20.781256456831645
10,72,20.112052999586343
10,73,16.836479010205952
10,74,15.84010210771693
10,75,17.125219196575625
10,76,15.385063159702671
10,77,11.880235406918151
10,78,12.721023726967859
10,79,14.302266061443726
10,80,11.67243184321923
10,81,8.924950309426174
10,82,11.59593880584107
10,83,12.940742448071921
10,84,10.004495273472916
10,85,10.232432310939343
10,86,13.940014818302418
10,87,13.614814693503128
10,88,11.929866322119718
10,89,14.80468104834132
10,90,17.315730988706438
10,91,16.40994677365149
10,92,16.949804829518655
10,93,20.27498408334432
10,94,21.492356674916643
10,95,21.09638784617545
10,96,22.954176624533297
10,97,25.687140134499185
10,98,26.46680457330903
10,99,26.961103232434876
10,100,29.284126124906233
10,101,31.344126560586346
10,102,30.85253034905975
11,1,15.005160727828237
11,2,14.296166845479982
11,3,11.803596485627347
11,4,10.245600541571234
11,5,9.681302235779004
11,6,8.422116204466807
11,7,5.8702417456788005
11,8,5.0751900322109655
11,9,5.454577319889225
11,10,3.8009690413767743
11,12,3.825044733403883
11,13,5.605501114121561
11,14,5.025824934729787
11,15,5.954577407569634
11,16,8.678498038510083
11,17,9.804901278488368
11,18,10.262829984221469
11,19,12.110663100547878
11,20,14.2373725678175
11,21,14.979170258180734
11,22,15.604382337515364
11,23,17.98640219345273
11,24,19.903646600464974
11,25,20.171259784634838
11,26,21.248630077569757
11,27,24.134486376346032
11,28,25.183134987609346
11,29,25.374612870518487
11,30,27.077527456424594
11,31,29.74757742302959
11,32,32.752430888458136
11,33,32.540283516854686
11,34,35.23327163692794
11,35,33.99126929174008
11,36,30.334341156616134
11,37,29.04248217102868
11,38,25.52118739344058
11,39,27.150495571413547
11,40,26.41418407519744
11,41,23.150565099211452
11,42,22.944992627864035
11,43,23.23832230395457
11,44,20.96330443845304
11,45,18.1279878987443
11,46,19.265512507154217
11,47,19.50265248357935
11,48,16.00576821118009
11,49,14.720160017226544
11,50,17.26645759427744
11,51,16.315651694243524
11,52,12.561281988726403
11,53,13.765300722122328
11,54,16.58026886802759
11,55,19.39102264005496
11,56,21.277709937054027
11,57,24.317059202093677
11,58,26.069787893428497
11,59,26.92305396774717
11,60,25.082704606566647
11,61,24.111362863161652
11,62,24.480027589631923
11,63,27.888403484148547
11,64,27.601191783565387
11,65,26.31526235421442
11,66,23.7222278981584
11,67,22.631290378365446
11,68,22.090027803079412
11,69,20.225340281002595
11,70,17.906695774800976
11,71,17.681154810834695
11,72,16.841844506133828
11,73,13.838133727525705
11,74,12.677307689223904
11,75,13.539086278574437
11,76,11.826469788150003
11,77,8.411480368755466
11,78,9.028559747187598
11,79,10.50955384605502
11,80,8.050489481781772
11,81,5.202683202599942
11,82,8.233418952516677
11,83,9.725980266382793
11,84,7.41260586353428
11,85,8.146363060754823
11,86,11.667309481108784
11,87,11.790749591338937
11,88,11.050184314622594
11,89,13.74081766798077
11,90,16.053517604072006
11,91,15.89207838688955
11,92,16.839963657363064
11,93,19.72301334264105
11,94,20.97665348864895
11,95,21.264121961690698
11,96,23.12573428771797
11,97,25.450823497037458
11,98,26.530598939055896
11,99,27.433305156781174
11,100,29.454583556628418
11,101,31.447250851079197
11,102,31.359659676175617
12,1,15.839376356393167
12,2,15.771004184096613
12,3,14.034537532947725
12,4,12.204389733499942
12,5,10.572246665393568
12,6,9.878894525603808
12,7,8.484438346962092
12,8,6.210492664293247
12,9,5.185222538691814
12,10,5.4318901040558
12,11,3.825044733403883
12,13,3.790453615050497
12,14,5.34741237292019
12,15,5.007036976776213
12,16,6.361142461389568
12,17,8.741207725874142
12,18,9.853070926610764
12,19,10.582898426331566
12,20,12.558457250713799
12,21,14.22888020901624
12,22,14.920851021039256
12,23,16.577658484158274
12,24,18.727473183440633
12,25,19.66860322576142
12,26,20.53079116448864
12,27,23.039515015923108
12,28,24.52140331491095
12,29,25.065030462203364
12,30,26.400996889918435
12,31,28.844941526323105
12,32,32.103577615954634
12,33,31.946972085797597
12,34,34.38896349637655
12,35,32.91695915824457
12,36,29.26590257821402
12,37,27.54998388963677
12,38,24.09200981042242
12,39,25.632747644837654
12,40,24.464290760611764
12,41,21.07441535797498
12,42,20.378112278064325
12,43,20.861153648032992
12,44,19.05000925330432
12,45,15.841943015789393
12,46,16.760650137009293
12,47,17.629548824386916
12,48,14.4082942230609
12,49,12.563262834953951
12,50,15.399876086240127
12,51,15.230955398440175
12,52,11.615798181197679
12,53,12.424381065995911
12,54,15.804358767751863
12,55,18.012527813538306
12,56,20.069790813334006
12,57,22.707155216478995
12,58,24.689795606467523
12,59,25.12224128257011
12,60,23.523220145831793
12,61,23.107528747496485
12,62,23.885818665529793
12,63,27.525914285797
12,64,27.581606540892476
12,65,26.81585357760471
12,66,24.16912746668728
12,67,22.5512266218423
12,68,22.335607238019207
12,69,21.01322299349522
12,70,18.24522179627407
12,71,17.70790666530658
12,72,17.619355540349012
12,73,14.862005793493745
12,74,12.771464595805837
12,75,13.856308036447167
12,76,13.169542507430796
12,77,9.620686771506755
12,78,9.023424552518806
12,79,11.280515488019422
12,80,9.999695129221871
12,81,6.390476649482946
12,82,8.272641441785083
12,83,11.001510904236103
12,84,9.399310722322788
12,85,8.645465447802293
12,86,12.269862555808986
12,87,13.41874763117849
12,88,12.310680094331888
12,89,14.160638948423667
12,90,17.079664465009845
12,91,17.350160549318517
12,92,17.581921267799984
12,93,20.29428109705521
12,94,22.17162181895096
12,95,22.474256102255538
12,96,23.770641567694287
12,97,26.240732809022205
12,98,27.743223328189877
12,99,28.315561705664443
12,100,30.03515884950082
12,101,32.402824965307595
12,102,32.51872768466462
13,1,16.379016457710886
13,2,16.946705712306205
13,3,15.271840482036085
13,4,14.311255606162778
13,5,12.418320557546691
13,6,10.67972375122366
13,7,9.904824891531257
13,8,8.763253500483842
13,9,6.375005637649787
13,10,5.305715815441343
13,11,5.605501114121561
13,12,3.790453615050497
13,14,3.771342201076426
13,15,5.391087542347269
13,16,5.1943092950382805
13,17,6.409317770608483
13,18,8.79720932678183
13,19,9.977895702466151
13,20,10.8389729489896
13,21,12.35200612110769
13,22,13.961911472041
13,23,15.564428486861335
13,24,17.048867931696865
13,25,18.23575892318698
13,26,19.717729455353037
13,27,21.919582330957972
13,28,23.04985075172993
13,29,24.049545084560187
13,30,25.692058536928503
13,31,27.792542290209973
13,32,31.07073112078565
13,33,31.35961859741178
13,34,33.96848410848261
13,35,32.812933829740416
13,36,29.076095690531094
13,37,27.43579491923594
13,38,23.825506742640243
13,39,24.83000285367485
13,40,23.429305172835733
13,41,19.83021245737151
13,42,19.494868736395382
13,43,20.59551250586725
13,44,18.641645885435196
13,45,15.389087373386701
13,46,17.079592469187116
13,47,18.173366347091513
13,48,14.840647066946303
13,49,13.662016638292082
13,50,17.024607795790388
13,51,16.757105235623996
13,52,13.441417631600682
13,53,14.953517207866653
13,54,18.252607305866153
13,55,20.37797295570134
13,56,21.965868679386265
13,57,24.511298240026573
13,58,26.13379750961939
13,59,26.1799844268393
13,60,24.21559319846107
13,61,23.779695647775444
13,62,24.154096161354573
13,63,27.75485190644339
13,64,27.441426444860813
13,65,26.706017050768605
13,66,23.679551283923548
13,67,22.265721374691392
13,68,22.62443267075089
13,69,21.097800785154433
13,70,18.018879161341268
13,71,18.19282033859026
13,72,18.481335325071505
13,73,15.31327007382128
13,74,13.469085831852645
13,75,15.46214808148524
13,76,14.860259672918577
13,77,11.053838773632151
13,78,11.305537509551813
13,79,14.083367577313274
13,80,12.638684189786087
13,81,9.46583710214405
13,82,11.888698780962551
13,83,14.462296018931642
13,84,12.626377294981442
13,85,12.235474871408037
13,86,15.943456062567163
13,87,16.745655340418626
13,88,15.387579081089532
13,89,17.50543323363234
13,90,20.441635134063844
13,91,20.287613739984373
13,92,20.443324609689157
13,93,23.434966270991257
13,94,25.212207857221696
13,95,25.131452446278658
13,96,26.510500095199326
13,97,29.218727799521044
13,98,30.48761121765622
13,99,30.85006194542454
13,100,32.80045259465977
13,101,35.17918443861988
13,102,34.99989706281795
14,1,18.269392303787086
14,2,18.258212295178026
14,3,15.876956477486697
14,4,14.96039597886874
14,5,13.978677324846114
14,6,11.975803030507404
14,7,10.13750993049484
14,8,9.76973367952705
14,9,8.537188860674458
14,10,6.021037213657702
14,11,5.025824934729787
14,12,5.34741237292019
14,13,3.771342201076426
14,15,3.786348139902398
14,16,5.395036051113462
14,17,5.0194359745168295
14,18,6.239790514061432
14,19,8.642219044140115
14,20,9.904594312745813
14,21,10.360524446330398
14,22,11.722392744889449
14,23,14.09130607502032
14,24,15.460718685428043
14,25,15.92639523843655
14,26,17.5285517235207
14,27,20.129475528618137
14,28,20.91420075478462
14,29,21.542796388673665
14,30,23.47815276817434
14,31,25.81684546190023
14,32,28.870244305537398
14,33,29.08158779383295
14,34,31.912281184498056
14,35,30.9802223131058
14,36,27.229827183629308
14,37,26.01739508004344
14,38,22.333867172711553
14,39,23.44736078962819
14,40,22.578941008223943
14,41,19.196990668187905
14,42,19.473993915239195
14,43,20.23746635507239
14,44,17.70267078241149
14,45,14.95084702632023
14,46,16.93605608258989
14,47,17.262428931360823
14,48,13.612902758752734
14,49,13.222469662287308
14,50,16.42145542153733
14,51,15.333772580453672
14,52,12.054977824545725
14,53,14.307667407036943
14,54,17.061558222182367
14,55,19.661272785565085
14,56,20.815997970228743
14,57,23.716396391813927
14,58,24.94675398597151
14,59,25.302352598111074
14,60,22.98287877674381
14,61,21.995037908609113
14,62,21.92778321709757
14,63,25.337132352848933
14,64,24.718284119309118
14,65,23.635153592492877
14,66,20.60771895210842
14,67,19.56073168995122
14,68,19.76560462991865
14,69,17.869279721031685
14,70,15.004128464484742
14,71,15.521822289653684
14,72,15.46125715342132
14,73,12.04126431455917
14,74,10.820356844470755
14,75,13.05179751366544
14,76,12.049493856402451
14,77,8.255130116390756
14,78,9.599676291484581
14,79,12.370062654430038
14,80,10.66181720488359
14,81,8.362578648236104
14,82,11.587876575871745
14,83,13.656472413691594
14,84,12.07017413701037
14,85,12.793271352270404
14,86,16.242426918239538
14,87,16.68435658143623
14,88,16.049137701373066
14,89,18.56682792340206
14,90,21.009070379049362
14,91,20.907462960546198
14,92,21.71641276714229
14,93,24.62597706981713
14,94,25.989365858492555
14,95,26.179975154442015
14,96,27.960458764994755
14,97,30.396936404567075
14,98,31.484332952885623
14,99,32.25024015369634
14,100,34.29789321597712
14,101,36.37961216293478
14,102,36.20568916735757
15,1,20.308594625878722
15,2,20.03594408571242
15,3,17.73339277226767
15,4,16.037801033132798
15,5,15.10456925603595
15,6,13.967188679648467
15,7,11.812397041444697
15,8,10.378790693646716
15,9,9.841036881273768
15,10,8.455382073804998
15,11,5.954577407569634
15,12,5.007036976776213
15,13,5.391087542347269
15,14,3.786348139902398
15,16,3.7985864712402213
15,17,5.343569057867553
15,18,5.038422511957954
15,19,6.165557791697909
15,20,8.65546900125927
15,21,9.781144716763816
15,22,10.045568555187426
15,23,12.102820597877564
15,24,14.291441707920773
15,25,14.850374090329405
15,26,15.667648103353493
15,27,18.379865441320227
15,28,19.7462927115952
15,29,20.10997136596015
15,30,21.54376000578002
15,31,24.08799553726813
15,32,27.24716286362349
15,33,27.086798785976697
15,34,29.66026551043569
15,35,28.384070879223078
15,36,24.690174029137196
15,37,23.267545689824523
15,38,19.70342018898011
15,39,21.24073504395265
15,40,20.47133533136161
15,41,17.268454064989815
15,42,17.18845555185657
15,43,17.436131705616095
15,44,15.039036640660624
15,45,12.27800655316534
15,46,13.74375175673436
15,47,13.941343702987707
15,48,10.356554596846536
15,49,9.602617969488879
15,50,12.67556300738399
15,51,11.733399307337153
15,52,8.403081563952574
15,53,10.612279707132354
15,54,13.45765407473292
15,55,15.910433401268673
15,56,17.13109140262111
15,57,19.983978353380607
15,58,21.360585973336494
15,59,21.788739623297385
15,60,19.680781560567997
15,61,18.87082099729674
15,62,19.245063275701753
15,63,22.816553266920906
15,64,22.676374403472373
15,65,21.920402695117197
15,66,19.195856518974487
15,67,17.59982633017816
15,68,17.558967280249366
15,69,16.2336121569952
15,70,13.29863358682548
15,71,13.010125785607213
15,72,13.246316763610595
15,73,10.359585382510064
15,74,8.16973951988401
15,75,10.11535118793052
15,76,9.919031913281435
15,77,6.222909470289729
15,78,6.431863955322279
15,79,9.736963070310008
15,80,9.114337993808663
15,81,6.7170906702009825
15,82,9.361148687492182
15,83,12.011374477567616
15,84,11.425229696714602
15,85,11.856560519098624
15,86,14.928888248477879
15,87,16.105194993596143
15,88,15.975637714130423
15,89,17.942796299955383
15,90,20.401583728730003
15,91,20.9908694379122
15,92,21.769045480279274
15,93,24.24488506224474
15,94,25.867391414996877
15,95,26.54259445522198
15,96,28.073205972880952
15,97,30.245695920073913
15,98,31.72256661811429
15,99,32.640984261939536
15,100,34.32317466128899
15,101,36.49888424774175
15,102,36.719226757870636
16,1,21.385745764800614
16,2,21.745709931382578
16,3,19.903528227033252
16,4,18.41817940820011
16,5,16.79692501543703
16,6,15.557567920717153
16,7,14.185022458753286
16,8,12.514355687150914
16,9,10.94869326751643
16,10,10.053209480682668
16,11,8.678498038510083
16,12,6.361142461389568
16,13,5.1943092950382805
16,14,5.395036051113462
16,15,3.7985864712402213
16,17,3.817626322640708
16,18,5.454250779506156
16,19,5.066415774297452
16,20,6.274099153111584
16,21,8.57958605428342
16,22,9.610194045449191
16,23,10.655566787961552
16,24,12.617675587516594
16,25,14.114152115682032
16,26,15.116609407619954
16,27,17.163140793678156
16,28,18.737498299362596
16,29,19.764631646272584
16,30,21.014261064267295
16,31,23.077670814780735
16,32,26.47963717377702
16,33,26.663120375264498
16,34,29.085021652756904
16,35,27.80196018161232
16,36,24.08579287980405
16,37,22.301845344763084
16,38,18.723528273635306
16,39,19.78255077330535
16,40,18.398008725316554
16,41,14.89081829082375
16,42,14.548188073113907
16,43,15.457184908559853
16,44,13.45544960090158
16,45,10.218222548497803
16,46,12.091135423019425
16,47,13.168814209731059
16,48,9.928409200028856
16,49,9.132223811883717
16,50,12.793440250992672
16,51,12.652500192283659
16,52,9.970228860969831
16,53,12.00449619427635
16,54,15.133520222373381
16,55,16.865714599499178
16,56,17.916575238121286
16,57,20.24504369943567
16,58,21.58155518196723
16,59,21.334249731312163
16,60,19.245469508641072
16,61,18.999482569931757
16,62,19.500396832836696
16,63,23.19942582395333
16,64,23.147381855786424
16,65,22.904928380440317
16,66,19.95463413906447
16,67,18.032706547034746
16,68,18.685959155907632
16,69,17.77035266328391
16,70,14.354815596357758
16,71,14.26196756747332
16,72,15.402330914716464
16,73,12.682752764916605
16,74,10.057628228327731
16,75,12.545065547265603
16,76,13.143925221524205
16,77,9.666329387107268
16,78,9.366418383994224
16,79,12.956527516811146
16,80,12.801586915392711
16,81,10.120644562208524
16,82,12.146069402574005
16,83,15.255689907279143
16,84,14.646524800969802
16,85,14.365361653581925
16,86,17.580122533574293
16,87,19.091317868111815
16,88,18.497536101982952
16,89,20.145967019057093
16,90,22.99444895502012
16,91,23.56859110865286
16,92,23.85455262714946
16,93,26.387382699791768
16,94,28.352077669732235
16,95,28.809298527159868
16,96,30.021371597818778
16,97,32.42439077042241
16,98,34.047787406310114
16,99,34.62774437023997
16,100,36.23541047127949
16,101,38.670290434772966
16,102,38.86410150954875
17,1,22.504233346282984
17,2,22.91109890761855
17,3,20.75898183132384
17,4,19.83153658331872
17,5,18.507796830203894
17,6,16.569568157101354
17,7,15.085883506865759
17,8,14.333546350192956
17,9,12.641390475119453
17,10,10.6629386763181
17,11,9.804901278488368
17,12,8.741207725874142
17,13,6.409317770608483
17,14,5.0194359745168295
17,15,5.343569057867553
17,16,3.817626322640708
17,18,3.8031721816836237
17,19,5.418539492904002
17,20,5.151559090477715
17,21,5.964270319583874
17,22,8.131261300048543
17,23,9.862886213033699
17,24,10.819022947493542
17,25,11.943590822052853
17,26,13.80337042947771
17,27,15.860976346460284
17,28,16.714559772810794
17,29,17.917700688030454
17,30,19.755343369740334
17,31,21.666680779429807
17,32,24.88700222990177
17,33,25.446866062698284
17,34,28.211764007663383
17,35,27.418463002602188
17,36,23.641375624797835
17,37,22.3137874503197
17,38,18.57980373000562
17,39,19.176518109276955
17,40,18.02950980922661
17,41,14.540156717911415
17,42,15.145328791254109
17,43,16.367052544019145
17,44,13.791545969743026
17,45,11.128630172818966
17,46,13.86886484069176
17,47,14.447540387920352
17,48,11.02263753826831
17,49,11.482937072850575
17,50,15.094134390688025
17,51,14.237011239459154
17,52,11.868696069369642
17,53,14.646949778879057
17,54,17.254776541675618
17,55,19.291933778919866
17,56,19.7667173528927
17,57,22.266745686134502
17,58,23.048808743755973
