1,2,3.8287738926326274
1,3,5.37070507490429
1,4,5.6098042965921175
1,5,7.067492406278544
1,6,9.01784552568758
1,7,10.398484383009848
1,8,11.18479805492889
1,9,12.943816186262325
1,10,14.609749045599143
1,11,15.960531830815642
1,12,17.294216710918924
1,13,18.915892185557333
1,14,20.496309489376294
1,15,22.11439664207982
1,16,23.258825408252086
1,17,25.06829325767695
1,18,26.02325138983698
1,19,27.619451325722164
1,20,29.62179663212389
1,21,31.83590224687898
1,22,33.382910170952364
1,23,36.93973047514996
1,24,38.077419518483474
1,25,38.58890930029337
1,26,42.0567366495016
1,27,41.76416891018089
1,28,40.43549628273006
1,29,36.623230576656844
1,30,33.26910071897852
1,31,31.848540782505022
1,32,29.032132032652356
1,33,25.553540490764878
1,34,21.78036550211388
1,35,21.30401174327588
1,36,17.574914511140545
1,37,17.110531770977385
1,38,19.6559160217883
1,39,22.21804356651146
1,40,25.72548011213548
1,41,29.089701282390337
1,42,32.30802886978795
1,43,33.22172218634754
1,44,36.804785793529064
1,45,37.51707000155516
1,46,37.95996107837867
1,47,35.884634263454096
1,48,32.539462554926764
1,49,30.178616265127648
1,50,27.945159563731192
1,51,24.975865491164587
1,52,23.208042555006443
1,53,19.782342128775618
1,54,17.363775236827834
1,55,15.728840671054732
1,56,12.080784968169889
1,57,12.135248138871768
1,58,10.884267721433922
1,59,14.448767945713525
1,60,16.25367525653959
1,61,18.506226369383874
1,62,19.92758290316592
1,63,20.41571453823481
1,64,21.35357715032398
1,65,24.870408814488634
1,66,24.03170075983107
1,67,24.351045882048616
1,68,23.273713933883304
1,69,26.301801729640637
1,70,27.253881139374577
1,71,30.772635908363032
1,72,32.91143343256723
1,73,35.74064798220548
1,74,39.45302950342445
1,75,38.95379759782399
1,76,37.005876728847305
1,77,34.001423433196905
1,78,30.776522262615043
1,79,30.615505972500685
1,80,28.464072631017984
1,81,27.300279748654024
1,82,28.794418083969568
1,83,27.46628584737802
1,84,27.989986174144654
1,85,24.42301903252735
1,86,23.564203312822528
1,87,24.471023925362537
1,88,24.17385472359128
1,89,24.488499730835677
1,90,21.32537343973732
1,91,22.52165355114352
1,92,22.817288115039318
1,93,19.173678894114463
1,94,17.78841864311164
1,95,16.83819316749183
2,1,3.8287738926326274
2,3,3.79035024032985
2,4,5.2481347224407475
2,5,4.949717405599094
2,6,6.076891781838929
2,7,8.593080581600185
2,8,9.524000806184441
2,9,10.279307288140048
2,10,12.066083019476213
2,11,14.081795508244802
2,12,15.08099366574166
2,13,16.152801909312387
2,14,18.100614941541718
2,15,20.021553185435316
2,16,20.760051839934334
2,17,22.417573313006177
2,18,23.784677847387734
2,19,25.418862465689788
2,20,27.0634322270187
2,21,29.391312866552823
2,22,31.20638278166112
2,23,34.803051633503436
2,24,35.97666725442646
2,25,36.806806661515274
2,26,40.39087567610425
2,27,40.331080152844535
2,28,39.1273638782967
2,29,35.34761046150831
2,30,32.02487777803804
2,31,30.225244935336164
2,32,27.394780429560775
2,33,23.89454567610902
2,34,20.170499473456992
2,35,20.184243795633346
2,36,16.396737988316072
2,37,16.54738808035895
2,38,18.88331995484696
2,39,20.92772688056185
2,40,24.558309871783635
2,41,27.710240571072575
2,42,30.889335797550896
2,43,32.206928574393885
2,44,35.8717338669197
2,45,36.73690757637132
2,46,37.5586974642675
2,47,35.58049905641025
2,48,32.441617562231244
2,49,29.869324600044223
2,50,27.869389107158486
2,51,24.79996481468781
2,52,23.316122499183017
2,53,20.15753404599153
2,54,17.184433727163054
2,55,15.562661192045155
2,56,11.810028282321664
2,57,13.001353491498548
2,58,12.51243409983931
2,59,16.295313260034195
2,60,17.318527499508395
2,61,19.750851808683727
2,62,21.65153401956386
2,63,21.795019311540123
2,64,22.172664612715057
2,65,25.768425723017053
2,66,25.023651760437886
2,67,24.979078854278534
2,68,23.704235659372163
2,69,26.558311439751883
2,70,27.14841254473423
2,71,30.642227195840313
2,72,32.39024566239618
2,73,35.27203718948655
2,74,38.89170039896036
2,75,38.149753386171774
2,76,35.9713496493369
2,77,33.06637986211618
2,78,30.064316413651696
2,79,30.31055813087631
2,80,28.18932154131141
2,81,27.453713127863402
2,82,29.14662942615234
2,83,27.463190158909228
2,84,27.597076583290512
2,85,23.976936832057312
2,86,23.026056035193253
2,87,24.445159438461488
2,88,24.42925262851184
2,89,25.227818927229873
2,90,22.273050700395846
2,91,24.033634477693916
2,92,24.293178326946254
2,93,20.532122734381705
2,94,19.679113507049586
2,95,19.32148471841138
3,1,5.37070507490429
3,2,3.79035024032985
3,4,3.8062045610750657
3,5,5.40976154812146
3,6,4.890343921867732
3,7,6.176985474859928
3,8,8.420866968832561
3,9,9.722213915319035
3,10,10.342086508578575
3,11,12.354956446853649
3,12,14.233426228869783
3,13,15.143419108824538
3,14,16.40344398995065
3,15,18.648084041392195
3,16,19.910120073536028
3,17,21.116409274061166
3,18,22.107344892533003
3,19,24.18789754464891
3,20,25.97722202140451
3,21,27.907283979527904
3,22,29.816639141631008
3,23,33.50242334905826
3,24,35.02371825968681
3,25,35.8862188355318
3,26,39.3957322770309
3,27,39.542431990565454
3,28,38.64597374882859
3,29,34.8492311531726
3,30,31.741477718607182
3,31,29.951202044816434
3,32,26.814727968789683
3,33,23.56720234369615
3,34,19.890562274409945
3,35,20.34927471055737
3,36,16.738561998648766
3,37,16.278628034917123
3,38,17.977208205361944
3,39,19.86254414370265
3,40,23.603846463138346
3,41,26.578344088790985
3,42,29.993945155295137
3,43,31.33355103271221
3,44,35.066633125068094
3,45,36.270548032611366
3,46,37.11905078466261
3,47,34.827254003231594
3,48,31.62170711953442
3,49,28.788272208690458
3,50,26.464502532339054
3,51,23.127879380584268
3,52,21.26271835881287
3,53,18.32939194834252
3,54,15.322716807415917
3,55,13.033651998128013
3,56,9.584620882133278
3,57,11.165995288416932
3,58,10.330079286428784
3,59,14.126968337480408
3,60,14.790672835437315
3,61,16.87058998903232
3,62,19.198310213435516
3,63,19.59688845494777
3,64,19.56545908270352
3,65,23.29432943420714
3,66,23.029167587710138
3,67,23.326138618007814
3,68,22.547579477755697
3,69,25.676904712140963
3,70,26.6485586896406
3,71,30.305082691423348
3,72,32.10641540250056
3,73,35.24067566081683
3,74,38.783593922446926
3,75,38.317555866284835
3,76,35.9342591433444
3,77,33.291864052303495
3,78,30.19938999733831
3,79,30.68138764543335
3,80,28.974328419975496
3,81,28.497386872011855
3,82,30.564483357672213
3,83,29.18346469073606
3,84,29.007698906324283
3,85,25.26467643340039
3,86,23.76953763571726
3,87,24.922182943954503
3,88,24.387755607251385
3,89,24.870766404201397
3,90,21.672781010871102
3,91,23.441145285008815
3,92,23.114254984487086
3,93,19.302251619522533
3,94,18.97897840216998
3,95,18.5337060996761
4,1,5.6098042965921175
4,2,5.2481347224407475
4,3,3.8062045610750657
4,5,3.7945772672893177
4,6,5.319126119574014
4,7,5.145018027028061
4,8,6.025689269712886
4,9,8.53618524387852
4,10,9.63395794554758
4,11,10.536763222461756
4,12,12.365052029161479
4,13,14.165812683880777
4,14,15.256876937399923
4,15,16.838834505002936
4,16,18.38536617923703
4,17,20.044249663572074
4,18,20.668426374420253
4,19,22.420648664088517
4,20,24.611580891692906
4,21,26.600269113246892
4,22,28.093142447294277
4,23,31.6800752407881
4,24,33.009022658862726
4,25,33.535817778669234
4,26,36.96515781962348
4,27,36.85339952446238
4,28,35.795081102712714
4,29,31.972558411397255
4,30,28.8092078523133
4,31,27.314661056527815
4,32,24.235175363093283
4,33,20.962368859336642
4,34,17.232925794572395
4,35,17.300291025586173
4,36,13.743023880004694
4,37,12.87063818820887
4,38,14.790033484764972
4,39,17.103813773060292
4,40,20.727561620264154
4,41,23.935587600097357
4,42,27.311032144715714
4,43,28.348616591498438
4,44,32.018802072380396
4,45,33.067205061124284
4,46,33.716767008388075
4,47,31.429858254955068
4,48,28.146101016681232
4,49,25.462104084469313
4,50,23.151432433717172
4,51,19.965529857640597
4,52,18.22486002654486
4,53,15.057679735141166
4,54,12.2116983051497
4,55,10.461574179046373
4,56,6.715331630907003
4,57,7.842296432174284
4,58,7.761335240887078
4,59,11.517952365830412
4,60,12.162074248264327
4,61,14.814802994798585
4,62,16.73437411390405
4,63,16.66049264756689
4,64,16.946545112563104
4,65,20.526644760372967
4,66,19.84436775663215
4,67,19.939160241023842
4,68,18.974006739141043
4,69,22.079976576479496
4,70,23.10334876155572
4,71,26.76274491349346
4,72,28.736057048489823
4,73,31.838607246456384
4,74,35.433774239854145
4,75,35.09629211869418
4,76,32.84934807021199
4,77,30.145054459271815
4,78,26.916286309015312
4,79,27.21952274063763
4,80,25.57003539458546
4,81,25.018726784578067
4,82,27.172028164189015
4,83,26.03335891125364
4,84,25.85398895895059
4,85,22.093510938709578
4,86,20.47333788377263
4,87,21.364684756706897
4,88,20.696445620479313
4,89,21.095673104504566
4,90,17.900769560220432
4,91,19.70300820715868
4,92,19.53194387316569
4,93,15.719974630214036
4,94,15.371408732013856
4,95,15.269306941446581
5,1,7.067492406278544
5,2,4.949717405599094
5,3,5.40976154812146
5,4,3.7945772672893177
5,6,3.7892774045580286
5,7,5.473528169739161
5,8,4.848267242620463
5,9,5.972291548824376
5,10,8.327311466425343
5,11,9.661360788980724
5,12,10.375782226963024
5,13,12.02159388919587
5,14,13.940286784713061
5,15,15.405044479252943
5,16,16.25157106799814
5,17,18.22165131016635
5,18,19.406764169073597
5,19,20.788511456940682
5,20,22.65731851176207
5,21,25.043731246331255
5,22,26.608561708948855
5,23,30.145255173761786
5,24,31.221164365105487
5,25,31.92970943600053
5,26,35.49361182098831
5,27,35.38879986147454
5,28,34.19742919260288
5,29,30.41351073120818
5,30,27.121995689643256
5,31,25.341182553801314
5,32,22.472379403255722
5,33,18.992227775341966
5,34,15.257163076258951
5,35,15.402974076365968
5,36,11.670755669163283
5,37,11.847869905473322
5,38,14.06217366291439
5,39,16.021365621544383
5,40,19.630955374664833
5,41,22.799625718264128
5,42,25.9485482845742
5,43,27.276571944551534
5,44,30.94733137250195
5,45,31.862629792546095
5,46,32.79421674847111
5,47,30.828429300786805
5,48,27.790685493768557
5,49,25.153534463765258
5,50,23.340360373442667
5,51,20.34854115174331
5,52,19.25303093332299
5,53,16.24628669231569
5,54,13.021715996272205
5,55,12.046893924261866
5,56,8.295261507676841
5,57,10.103109378093171
5,58,11.071624541741933
5,59,14.641347877408117
5,60,14.835170677039487
5,61,17.827862175490843
5,62,19.71116395823473
5,63,19.08087594748341
5,64,19.202346227324234
5,65,22.609982424343155
5,66,21.599355418245093
5,67,21.048182255568115
5,68,19.496233866507577
5,69,22.153648093690443
5,70,22.54019861267902
5,71,26.026126115517943
5,72,27.621769283635
5,73,30.58001519176057
5,74,34.144843379220255
5,75,33.433079557763755
5,76,31.14799331456012
5,77,28.346907224205363
5,78,25.359395142047557
5,79,25.840194777506373
5,80,23.959143660382114
5,81,23.619472095035785
5,82,25.722847158658567
5,83,24.136444266340863
5,84,23.791404322290493
5,85,20.060993752941233
5,86,18.6829397511554
5,87,20.187182295113917
5,88,20.142317652289876
5,89,21.217922392478993
5,90,18.481235537977696
5,91,20.764534421985264
5,92,21.045329861211425
5,93,17.299628621484477
5,94,17.023487191759514
5,95,17.552314873145356
6,1,9.01784552568758
6,2,6.076891781838929
6,3,4.890343921867732
6,4,5.319126119574014
6,5,3.7892774045580286
6,7,3.777683215530784
6,8,5.279408928142486
6,9,5.095534916910638
6,10,6.064043738102464
6,11,8.645006483576646
6,12,9.894871730535188
6,13,10.430925066753323
6,14,12.168923043717742
6,15,14.466131733882209
6,16,15.296204738837865
6,17,16.564072954986813
6,18,17.936851088092144
6,19,19.846837644325355
6,20,21.385538687790103
6,21,23.525368799289403
6,22,25.533695649284432
6,23,29.203742895678914
6,24,30.641934157423353
6,25,31.723958876045344
6,26,35.328368099391504
6,27,35.62572048206438
6,28,34.80429787439267
6,29,31.065358804389295
6,30,28.00344544916273
6,31,25.88483313095399
6,32,22.78232842281436
6,33,19.546632152643546
6,34,15.992998679951103
6,35,16.98935949321925
6,36,13.515640380058093
6,37,13.73433432619532
6,38,15.111198093892082
6,39,16.358013097111886
6,40,20.126170334158022
6,41,22.879060886899673
6,42,26.172116858355448
6,43,27.88507572151826
6,44,31.650792864812786
6,45,32.95501913326254
6,46,34.191718001460465
6,47,32.073162939366
6,48,29.160964353986415
6,49,26.186199885125507
6,50,24.281001271674658
6,51,21.0102531912598
6,52,19.75731227639826
6,53,17.210928352137728
6,54,13.661555982642218
6,55,11.998694757911927
6,56,8.694149173005773
6,57,11.490639122926261
6,58,12.224779185856287
6,59,15.811610136381441
6,60,15.43463609539528
6,61,18.013463207464373
6,62,20.512773221020428
6,63,20.090177390401337
6,64,19.535341867966302
6,65,23.089797599169096
6,66,22.635826748234358
6,67,22.238073868128378
6,68,21.04949755607458
6,69,23.786474334624735
6,70,24.235479513771
6,71,27.771261748341903
6,72,29.102154841726872
6,73,32.246112203721275
6,74,35.65180749930434
6,75,34.948483507774235
6,76,32.35402604453079
6,77,29.851677894807494
6,78,27.025498242751862
6,79,27.957640155125194
6,80,26.381507941917725
6,81,26.45311767405787
6,82,28.803063401741717
6,83,27.168681936158684
6,84,26.459646162676467
6,85,22.721110569564473
6,86,21.023207829961574
6,87,22.669168858526955
6,88,22.453183109330396
6,89,23.54061373170053
6,90,20.771292483512887
6,91,23.229509273067684
6,92,23.0290052619288
6,93,19.254088275152743
6,94,19.541920439196222
6,95,20.03586887327719
7,1,10.398484383009848
7,2,8.593080581600185
7,3,6.176985474859928
7,4,5.145018027028061
7,5,5.473528169739161
7,6,3.777683215530784
7,8,3.7686010685748106
7,9,5.505062435365299
7,10,4.866854464381697
7,11,6.284700686041863
7,12,8.800971542760736
7,13,9.89337100167406
7,14,10.51086631131925
7,15,12.667129477118285
7,16,14.371665613645435
7,17,15.45920508897151
7,18,16.073460987814688
7,19,18.248764213340664
7,20,20.261923567445063
7,21,21.997356596738626
7,22,23.78865415351251
7,23,27.480152847040515
7,24,29.136587843396274
7,25,29.99806179329136
7,26,33.463350230657866
7,27,33.774011627479915
7,28,33.135505896031404
7,29,29.370726307136433
7,30,26.49284861856632
7,31,24.619703317580747
7,32,21.26370165950967
7,33,18.30407327216209
7,34,14.814243169754036
7,35,15.972411805060815
7,36,12.83019447459905
7,37,12.116134446386129
7,38,12.86014305526434
7,39,14.197019612692097
7,40,17.99148263449738
7,41,20.71602024791381
7,42,24.22966364254756
7,43,25.736222982295033
7,44,29.517505347893042
7,45,31.03791730314367
7,46,32.143170953589475
7,47,29.726790579252302
7,48,26.6995883223782
7,49,23.576196536792644
7,50,21.347902643614447
7,51,17.89643732867918
7,52,16.331085402431224
7,53,13.931822187622735
7,54,10.40619977652543
7,55,8.333930749143226
7,56,5.356199494245298
7,57,8.650459962340667
7,58,9.714819030533748
7,59,12.966180076192462
7,60,12.03908783537218
7,61,14.586863373134351
7,62,17.24076554686858
7,63,16.73040117976542
7,64,15.892015508907736
7,65,19.458024356348076
7,66,19.233889083979633
7,67,19.034136389681322
7,68,18.24392788302409
7,69,21.213289069465592
7,70,22.078744692274046
7,71,25.748360488301405
7,72,27.253068156550796
7,73,30.596140910599047
7,74,33.95470767729329
7,75,33.61064977641816
7,76,30.94361472689185
7,77,28.65427367508787
7,78,25.660469560755992
7,79,26.662855388527763
7,80,25.511746525086995
7,81,25.726688384058882
7,82,28.39163206737164
7,83,27.199242177610813
7,84,26.28938446808291
7,85,22.497939030323046
7,86,20.284786603309634
7,87,21.462631663531646
7,88,20.66815485432577
7,89,21.375636321953017
7,90,18.43053242247371
7,91,20.87394445759255
7,92,20.213530999493166
7,93,16.478698101536494
7,94,17.2884740406361
7,95,17.909074801870425
8,1,11.18479805492889
8,2,9.524000806184441
8,3,8.420866968832561
8,4,6.025689269712886
8,5,4.848267242620463
8,6,5.279408928142486
8,7,3.7686010685748106
8,9,3.7912782971011003
8,10,5.150352969908544
8,11,5.027210867191722
8,12,6.373832099175558
8,13,8.66313603445883
8,14,9.801742962805294
8,15,10.953126623236225
8,16,12.441108549187422
8,17,14.35426696122277
8,18,14.999265888063741
8,19,16.475791054839274
8,20,18.706740023267745
8,21,20.83014597839986
8,22,22.213626033371455
8,23,25.76706959254081
8,24,27.01897525307523
8,25,27.645474098768183
8,26,31.141306826405422
8,27,31.161464630913617
8,28,30.225553777816472
8,29,26.43090738707971
8,30,23.356412323595578
8,31,21.59251462092895
8,32,18.428555019761166
8,33,15.216811367218751
8,34,11.563013068845256
8,35,12.35601796974884
8,36,9.088689826219895
8,37,8.642500442173079
8,38,9.893295008609389
8,39,11.537027527936258
8,40,15.264415886738407
8,41,18.297924426201394
8,42,21.626344684315068
8,43,23.006869489246835
8,44,26.74623000343971
8,45,27.985717538616154
8,46,29.060509887169893
8,47,26.872151596189745
8,48,23.90169749992148
8,49,20.977215615334682
8,50,19.112956628812324
8,51,15.974892102733769
8,52,15.041735511556105
8,53,12.469156073769263
8,54,8.873358498938902
8,55,8.279130783495003
8,56,5.179930173964553
8,57,8.111845037204752
8,58,10.398048196593988
8,59,13.340903961994037
8,60,12.344355411833428
8,61,15.539030770804043
8,62,17.61319479336956
8,63,16.37191649887307
8,64,15.880609622208366
8,65,19.10805408714967
8,66,18.191380998039417
8,67,17.339227431299765
8,68,15.895982318962673
8,69,18.526568268642006
8,70,18.99229772766654
8,71,22.57150597883565
8,72,24.02542036500656
8,73,27.242945898713856
8,74,30.670690521185936
8,75,30.192480663632598
8,76,27.649662540291168
8,77,25.184135534943373
8,78,22.1808655464153
8,79,23.097665736177714
8,80,21.819337238039743
8,81,22.077175518969895
8,82,24.768059273355465
8,83,23.52593730617442
8,84,22.532255012774332
8,85,18.745309205621307
8,86,16.554467772457173
8,87,17.88578986733347
8,88,17.386668943266333
8,89,18.482773325365773
8,90,15.862128880238298
8,91,18.632899905566763
8,92,18.478961760612652
8,93,14.835228846623899
8,94,15.587606883037525
8,95,16.86000599738095
9,1,12.943816186262325
9,2,10.279307288140048
9,3,9.722213915319035
9,4,8.53618524387852
9,5,5.972291548824376
9,6,5.095534916910638
9,7,5.505062435365299
9,8,3.7912782971011003
9,10,3.757546846310655
9,11,5.374454118957933
9,12,5.059054705642068
9,13,6.065197911054263
9,14,8.42209737550143
9,15,10.041218579441516
9,16,10.484048668481762
9,17,12.321070567557893
9,18,13.856919990282849
9,19,15.22938209283612
9,20,16.80694812799481
9,21,19.258152951157232
9,22,21.0322371310208
9,23,24.605378593581786
9,24,25.799563890603434
9,25,26.870596156139488
9,26,30.524646980231147
9,27,30.79355051422277
9,28,29.933879307570013
9,29,26.237743760707186
9,30,23.18581763152744
9,31,20.901175962041567
9,32,17.87470272656489
9,33,14.616930101592782
9,34,11.178445455306385
9,35,12.626178113886967
9,36,9.508660293336924
9,37,10.409589091720536
9,38,11.40516277277776
9,39,12.043877950070923
9,40,15.702273970385189
9,41,18.342567215248284
9,42,21.448038254849585
9,43,23.36460373249679
9,44,27.107448541461697
9,45,28.40561103749197
9,46,29.914986480295664
9,47,28.0000246787042
9,48,25.38216894062148
9,49,22.398862411028446
9,50,21.008638060745007
9,51,18.01438730746591
9,52,17.577743563870232
9,53,15.464577263406106
9,54,11.722787058260614
9,55,11.322400272302309
9,56,8.718879224470859
9,57,11.886464255072173
9,58,14.050679714684941
9,59,17.073681802578538
9,60,15.887790843626156
9,61,18.935787234227497
9,62,21.21990544008132
9,63,19.896288353509036
9,64,19.0763837388654
9,65,22.20058907345842
9,66,21.351612731567812
9,67,20.16187117213744
9,68,18.474483865143185
9,69,20.66223269411636
9,70,20.54653356059193
9,71,23.886246616670515
9,72,24.79853964519674
9,73,27.909310267357753
9,74,31.18723629514246
9,75,30.32319116796272
9,76,27.60035370240286
9,77,25.214871171474016
9,78,22.60751087928525
9,79,23.915540319660852
9,80,22.548868043691208
9,81,23.173007245631588
9,82,25.828095221398765
9,83,24.12445945211395
9,84,22.851875201091023
9,85,19.18140930659988
9,86,17.19138524801865
9,87,19.19575443884332
9,88,19.260097515404496
9,89,20.918954897575333
9,90,18.731153784018183
9,91,21.78015782002216
9,92,21.79692329787297
9,93,18.277195237651235
9,94,19.107319941505345
9,95,20.54579001320561
10,1,14.609749045599143
10,2,12.066083019476213
10,3,10.342086508578575
10,4,9.63395794554758
10,5,8.327311466425343
10,6,6.064043738102464
10,7,4.866854464381697
10,8,5.150352969908544
10,9,3.757546846310655
10,11,3.774571080334882
10,12,5.451438766748882
10,13,5.22337495930422
10,14,6.14026425470933
10,15,8.826878546759465
10,16,10.018957427278986
10,17,10.79754896609153
10,18,11.935512960498121
10,19,14.144074365335145
10,20,15.73019291609074
10,21,17.5904907265543
10,22,19.674748109667956
10,23,23.397768179690356
10,24,25.10719531694481
10,25,26.36105198382964
10,26,29.932047714780627
10,27,30.564499867028225
10,28,30.156579619153938
10,29,26.509989060807833
10,30,23.81719584127006
10,31,21.466233103406466
10,32,18.09423274252042
10,33,15.353042449509939
10,34,12.269424722849209
10,35,14.415664120334178
10,36,11.849501577307649
10,37,11.987470114523012
10,38,11.884372024466128
10,39,11.93058531379537
10,40,15.655661532798325
10,41,17.83970174573653
10,42,21.21214231760983
10,43,23.288785031553537
10,44,27.087976670492672
10,45,28.84582563371268
10,46,30.4712740727995
10,47,28.233625046676025
10,48,25.64006932744554
10,49,22.322163801443857
10,50,20.621518779418018
10,51,17.308265827509988
10,52,16.51271832172325
10,53,14.925096431123428
10,54,11.107297929023195
10,55,9.9510100832415
10,56,8.242246707176035
10,57,11.967688152410597
10,58,13.925804302743254
10,59,16.698080413762757
10,60,14.924259894674625
10,61,17.511567429606824
10,62,20.268133726715902
10,63,19.13078033191145
10,64,17.661052002130166
10,65,20.845831822573437
10,66,20.610406220532486
10,67,19.736321425242416
10,68,18.655559632898864
10,69,21.05920237133984
10,70,21.32442286606306
10,71,24.75788220740036
10,72,25.612778108628397
10,73,28.967400155176584
10,74,32.07186613072147
10,75,31.479254508635044
10,76,28.505091119235924
10,77,26.518358867343466
10,78,23.938339841714757
10,79,25.56352476907044
10,80,24.682487187433217
10,81,25.579812842176974
10,82,28.509207389944823
10,83,27.07715322217925
10,84,25.558311381975727
10,85,21.90179679361638
10,86,19.46487456015613
10,87,21.160705322019982
10,88,20.695523746035686
10,89,22.01639792226566
10,90,19.664581524090686
10,91,22.69138233268404
10,92,22.0850241953384
10,93,18.614309577021807
10,94,20.017010300067238
10,95,21.349374303405586
11,1,15.960531830815642
11,2,14.081795508244802
11,3,12.354956446853649
11,4,10.536763222461756
11,5,9.661360788980724
11,6,8.645006483576646
11,7,6.284700686041863
11,8,5.027210867191722
11,9,5.374454118957933
11,10,3.774571080334882
11,12,3.8145134030937595
11,13,5.590066213144022
11,14,5.147326063830837
11,15,6.459692022929378
11,16,8.720523805010929
11,17,10.006792435475084
11,18,10.15080659091146
11,19,12.074999275150335
11,20,14.424675401577987
11,21,16.13608774889323
11,22,17.627031614825324
11,23,21.274621638831995
11,24,22.90111307358736
11,25,23.739292390459397
11,26,27.20229095090508
11,27,27.6274736534288
11,28,27.1805755698945
11,29,23.476328856021382
11,30,20.82828286908485
11,31,18.810126203152777
11,32,15.295226540836738
11,33,12.694215331760375
11,34,9.636995079537257
11,35,11.791934887235596
11,36,9.738503467139884
11,37,9.151732648754638
11,38,8.363378698513047
11,39,8.468589824077391
11,40,12.239381911563296
11,41,14.622029516598108
11,42,18.136255171944462
11,43,19.922580728227512
11,44,23.728953785986487
11,45,25.512327122046877
11,46,26.990610561749115
11,47,24.615675423729353
11,48,21.95483046016194
11,49,18.603525055618945
11,50,16.847152774801923
11,51,13.557511931404962
11,52,12.975776637281562
11,53,11.58387634950321
11,54,7.803029348879253
11,55,7.544158799852571
11,56,6.773175431982002
11,57,10.259808895023777
11,58,13.014444788825696
11,59,15.148111088008731
11,60,12.895553558871443
11,61,15.749872951052907
11,62,18.17904436317017
11,63,16.49353876012934
11,64,14.97188668585959
11,65,17.846447719147406
11,66,17.364132928917684
11,67,16.194143861028227
11,68,15.069777336407556
11,69,17.404992944664585
11,70,17.78344656535672
11,71,21.262090700246954
11,72,22.232460467482493
11,73,25.692699581544684
11,74,28.79382303520308
11,75,28.457471396185124
11,76,25.505898313452604
11,77,23.61240715848686
11,78,20.878420624042434
11,79,22.519504344409395
11,80,21.97809041411156
11,81,23.03087388546133
11,82,26.20451527722827
11,83,25.14810956853953
11,84,23.437905276094344
11,85,19.814661486025177
11,86,16.96664622949229
11,87,18.292627213828176
11,88,17.478474044896654
11,89,18.69457786130431
11,90,16.483301388442552
11,91,19.664102747100134
11,92,18.96382709377525
11,93,15.712303122081673
11,94,17.54999819591895
11,95,19.345093472373456
12,1,17.294216710918924
12,2,15.08099366574166
12,3,14.233426228869783
12,4,12.365052029161479
12,5,10.375782226963024
12,6,9.894871730535188
12,7,8.800971542760736
12,8,6.373832099175558
12,9,5.059054705642068
12,10,5.451438766748882
12,11,3.8145134030937595
12,13,3.793262549689198
12,14,5.261497381404232
12,15,5.304809329035977
12,16,6.10724511426863
12,17,8.536766256504574
12,18,9.550876284242692
12,19,10.433827289465565
12,20,12.478375180584687
12,21,14.926835931064053
12,22,16.279575620975614
12,23,19.784247288419888
12,24,20.923314607925334
12,25,21.864059080049746
12,26,25.492279560617096
12,27,25.797249910339154
12,28,25.084353851014324
12,29,21.41004867295822
12,30,18.5461124850346
12,31,16.20450349208667
12,32,12.984387021797335
12,33,9.987320017440513
12,34,6.870093234653289
12,35,9.35256723926917
12,36,7.499153228007232
12,37,8.355307109818664
12,38,7.941591647882185
12,39,7.42203277886936
12,40,10.957508593211294
12,41,13.349439990808865
12,42,16.447488063349525
12,43,18.524050746727152
12,44,22.277349781764954
12,45,23.792006342536904
12,46,25.54538781834846
12,47,23.62171688211164
12,48,21.285667355743723
12,49,18.163215454600916
12,50,17.16496065394576
12,51,14.428359162983
12,52,14.77897474287173
12,53,13.481514672420225
12,54,9.933379135373118
12,55,10.780987020209286
12,56,9.691355316484996
12,57,12.745493435235254
12,58,15.813839439971346
12,59,18.004157789582653
12,60,15.96888748355822
12,61,19.099920838649965
12,62,21.179455777063108
12,63,19.11504047416618
12,64,17.879686292201388
12,65,20.414929409981276
12,66,19.405309174834866
12,67,17.575011382901497
12,68,15.715485950164812
12,69,17.357617999577702
12,70,16.898410257971832
12,71,20.062343145790233
12,72,20.58187855015629
12,73,23.815574189309242
12,74,26.885452163456556
12,75,26.121439878339174
12,76,23.165150989003394
12,77,21.130451701083263
12,78,18.684910511986903
12,79,20.517817620525147
12,80,19.769984396814802
12,81,21.1002030833421
12,82,24.220945101928447
12,83,22.807221860899823
12,84,20.850750388251605
12,85,17.351865139209387
12,86,14.698077384924
12,87,16.665473845511624
12,88,16.584930092015657
12,89,18.5325525063603
12,90,16.937559444081728
12,91,20.42704392759158
12,92,20.327727667303563
12,93,17.276793944267926
12,94,18.890217618111492
12,95,21.093655019050516
13,1,18.915892185557333
13,2,16.152801909312387
13,3,15.143419108824538
13,4,14.165812683880777
13,5,12.02159388919587
13,6,10.430925066753323
13,7,9.89337100167406
13,8,8.66313603445883
13,9,6.065197911054263
13,10,5.22337495930422
13,11,5.590066213144022
13,12,3.793262549689198
13,14,3.747036164092473
13,15,5.6201366220179105
13,16,5.1884621346819815
13,17,6.327309162566173
13,18,8.485998719489862
13,19,9.956731067362991
13,20,10.994977033945606
13,21,13.407970046198331
13,22,15.543233069872905
13,23,19.158519456825424
13,24,20.61344576156086
13,25,22.18488658298913
13,26,25.876233751301193
13,27,26.677403110189868
13,28,26.33567216044565
13,29,22.859246105387058
13,30,20.306585437638805
13,31,17.476957338178806
13,32,14.320709011208026
13,33,11.816982575609606
13,34,9.491937326963104
13,35,12.506272814864792
13,36,10.94465631550611
13,37,12.1386155037886
13,38,11.405117652744133
13,39,10.037425566438888
13,40,13.22508079404907
13,41,14.790543085027725
13,42,17.72273043173164
13,43,20.346637854689895
13,44,24.041115784474787
13,45,25.84237260854063
13,46,27.97444664633933
13,47,26.118620019927004
13,48,24.084046288490665
13,49,20.81728948651136
13,50,19.945349141072956
13,51,17.157087652091178
13,52,17.440044004938628
13,53,16.554939673067086
13,54,12.941400380462191
13,55,13.094879261327637
13,56,12.138597969193782
13,57,15.614929265000677
13,58,18.27235863060673
13,59,20.661448502968387
13,60,18.483417997899412
13,61,21.254432613365566
13,62,23.753697683872854
13,63,21.954588729573913
13,64,20.2901589126343
13,65,22.90750828579445
13,66,22.34730800998192
13,67,20.67683566983481
13,68,19.098163918832686
13,69,20.660888760868374
13,70,20.100289901443094
13,71,23.080280659628915
13,72,23.18498317895954
13,73,26.379248117582197
13,74,29.19189897218385
13,75,28.25145406201946
13,76,25.068255167012314
13,77,23.34969369888057
13,78,21.312630876002867
13,79,23.504180728384377
13,80,22.8567578531929
13,81,24.42624811625656
13,82,27.50726726450459
13,83,25.8549953657612
13,84,23.742896467384078
13,85,20.397914501428826
13,86,17.89824616305558
13,87,20.121758072639633
13,88,20.173276932792152
13,89,22.1839344991669
13,90,20.63111856461581
13,91,24.112910726165353
13,92,23.807465746009957
13,93,20.73825602105518
13,94,22.45560718265444
13,95,24.467484223542364
14,1,20.496309489376294
14,2,18.100614941541718
14,3,16.40344398995065
14,4,15.256876937399923
14,5,13.940286784713061
14,6,12.168923043717742
14,7,10.51086631131925
14,8,9.801742962805294
14,9,8.42209737550143
14,10,6.14026425470933
14,11,5.147326063830837
14,12,5.261497381404232
14,13,3.747036164092473
14,15,3.7945443965835475
14,16,5.473061159259054
14,17,5.1829715494876245
14,18,5.815656142145812
14,19,8.379151354479376
14,20,10.013209349997645
14,21,11.515605730236727
14,22,13.635451268276425
14,23,17.392587713737083
14,24,19.371881501192505
14,25,20.850564688286138
14,26,24.36882863425546
14,27,25.396287192593793
14,28,25.468496553580422
14,29,22.029880103515698
14,30,19.876934393458914
14,31,17.269445734071464
14,32,13.745902152330576
14,33,11.950858476888955
14,34,10.09356730745668
14,35,13.40403201328689
14,36,12.41250568681946
14,37,12.619962632066212
14,38,10.841910559457583
14,39,8.967178031748151
14,40,12.034108026511971
14,41,13.152221581124056
14,42,16.41482586563163
14,43,18.982536584405295
14,44,22.696848115272996
14,45,24.927783801270014
14,46,27.030780200234148
14,47,24.806384937961216
14,48,22.76322531676463
14,49,19.224731831940954
14,50,18.05200675527733
14,51,15.073193643704736
14,52,15.177718452716567
14,53,14.93880422231254
14,54,11.562350109144912
14,55,11.566799717739448
14,56,11.71416806444573
14,57,15.194491642339852
14,58,17.886551307795525
14,59,19.77079600862515
14,60,17.054248396043274
14,61,19.4684098035682
14,62,22.106834049389192
14,63,20.262184017103213
14,64,18.092634372868662
14,65,20.507325732623425
14,66,20.36957721014438
14,67,18.86943892253633
14,68,17.839036734266866
14,69,19.516266678538763
14,70,19.382590889829345
14,71,22.426604065095017
14,72,22.58586552473414
14,73,26.018462178861256
14,74,28.667680951603757
14,75,28.147552484102007
14,76,24.80831764622698
14,77,23.498623938456358
14,78,21.388723439690807
14,79,23.763477909977876
14,80,23.665687100484107
14,81,25.41738704996641
14,82,28.77032685956677
14,83,27.549369770153177
14,84,25.270512357558342
14,85,21.953898207645214
14,86,18.984735586366078
14,87,20.683302578489734
14,88,20.111562437836838
14,89,21.713873882531487
14,90,20.095720532403824
14,91,23.52208230726792
14,92,22.68817026400484
14,93,19.82951031438861
14,94,22.09136204482525
14,95,24.14582230910586
15,1,22.11439664207982
15,2,20.021553185435316
15,3,18.648084041392195
15,4,16.838834505002936
15,5,15.405044479252943
15,6,14.466131733882209
15,7,12.667129477118285
15,8,10.953126623236225
15,9,10.041218579441516
15,10,8.826878546759465
15,11,6.459692022929378
15,12,5.304809329035977
15,13,5.6201366220179105
15,14,3.7945443965835475
15,16,3.746419727067821
15,17,5.026697693693416
15,18,4.499505883420061
15,19,5.618885422111595
15,20,8.277569673918475
15,21,10.070948613310454
15,22,11.273143835503634
15,23,14.886777290167176
15,24,16.48895823646568
15,25,17.57672612060158
15,26,21.113954775073932
15,27,21.874267558045428
15,28,21.784906345204515
15,29,18.28883135635253
15,30,16.109908683205514
15,31,13.624526153683293
15,32,10.020365294563367
15,33,8.408679765925493
15,34,7.103613870206018
15,35,10.66530727399192
15,36,10.647454249445454
15,37,10.85513929631187
15,38,8.47490104040969
15,39,5.724678170158883
15,40,8.385444083078044
15,41,9.485141832450193
15,42,12.721819221796038
15,43,15.257494295138
15,44,18.97771415833204
15,45,21.143707517560276
15,46,23.297919054937218
15,47,21.184987447225797
15,48,19.315496579679984
15,49,15.862865282779138
15,50,15.155473722490932
15,51,12.638586007902335
15,52,13.586454424467789
15,53,13.704896745705458
15,54,10.800485756416135
15,55,12.035885330191583
15,56,12.598743477538957
15,57,15.533164082186513
15,58,18.766432524267
15,59,20.208992130047537
15,60,17.367698631331372
15,61,20.04642537202736
15,62,22.180110397722014
15,63,19.768904853898945
15,64,17.78349947043374
15,65,19.666913448345653
15,66,19.03741522971283
15,67,16.9382594693884
15,68,15.524662388604265
15,69,16.636891960480668
15,70,16.115983391966036
15,71,18.94192927020138
15,72,18.886973899529607
15,73,22.302570483768722
15,74,24.889974321946006
15,75,24.402611065055286
15,76,21.04806513511631
15,77,19.830241989441348
15,78,17.78977203219175
15,79,20.34323778718845
15,80,20.545142323403127
15,81,22.60803690475981
15,82,26.110437591946837
15,83,25.08608978131258
15,84,22.526779544416264
15,85,19.414874843726732
15,86,16.221571015674648
15,87,17.830678927686186
15,88,17.305813373808554
15,89,19.15414512558945
15,90,18.073980864694015
15,91,21.69073550724684
15,92,21.08331231946474
15,93,18.62361722166748
15,94,21.07151777571024
15,95,23.617859603009457
16,1,23.258825408252086
16,2,20.760051839934334
16,3,19.910120073536028
16,4,18.38536617923703
16,5,16.25157106799814
16,6,15.296204738837865
16,7,14.371665613645435
16,8,12.441108549187422
16,9,10.484048668481762
16,10,10.018957427278986
16,11,8.720523805010929
16,12,6.10724511426863
16,13,5.1884621346819815
16,14,5.473061159259054
16,15,3.746419727067821
16,17,3.738068762949434
16,18,5.657324450902748
16,19,5.316923390988712
16,20,6.4970039502238945
16,21,9.434275656346712
16,22,10.958514943613272
16,23,14.377445582060258
16,24,15.520763406043413
16,25,17.09736982606642
16,26,20.829291310808674
16,27,21.680781529556917
16,28,21.442765264414273
16,29,18.119723352122488
16,30,15.85054037510251
16,31,12.758543412229299
16,32,9.712276859301213
16,33,7.938718398789396
16,34,7.19597596483749
16,35,10.901411672378432
16,36,11.020128622194079
16,37,12.42351839066729
16,38,10.752107943833174
16,39,7.968477168197294
16,40,9.959639900780438
16,41,10.657500144755558
16,42,13.097734096882611
16,43,16.112045286835187
16,44,19.639638397373677
16,45,21.553522100949806
16,46,24.073750923523182
16,47,22.487036261860748
16,48,21.025131159874327
16,49,17.8763091592787
16,50,17.81734340572731
16,51,15.741665455765144
16,52,17.062005729063976
16,53,16.995446404816654
16,54,14.016010695363033
16,55,15.300571294125278
16,56,15.227080198366755
16,57,18.2467373070681
16,58,21.458463230837488
16,59,23.241542006024396
16,60,20.664650554062888
16,61,23.49493249079851
16,62,25.6100873962473
16,63,23.191211765050443
16,64,21.40301908865913
16,65,23.300209116212024
16,66,22.44846200085493
16,67,20.10894415179841
16,68,18.26022116358045
16,69,18.92957738608775
16,70,17.726593799736598
16,71,20.15819344836979
16,72,19.570965285286178
16,73,22.64824000971713
16,74,25.099164404175443
16,75,24.06902491884015
16,76,20.679689749805114
16,77,19.412837058798964
16,78,17.87924985916009
16,79,20.63792611893641
16,80,20.56515755959259
16,81,22.834617866013318
16,82,26.151780796076117
16,83,24.672855441493923
16,84,21.949526907071245
16,85,19.05247576671243
16,86,16.27999513471565
16,87,18.551393077529582
16,88,18.76988566662617
16,89,21.16398622424631
16,90,20.437403812873963
16,91,24.167415807914814
16,92,23.99057615563957
16,93,21.515943629994343
16,94,23.642360108248475
16,95,26.257886565666645
17,1,25.06829325767695
17,2,22.417573313006177
17,3,21.116409274061166
17,4,20.044249663572074
17,5,18.22165131016635
17,6,16.564072954986813
17,7,15.45920508897151
17,8,14.35426696122277
17,9,12.321070567557893
17,10,10.79754896609153
17,11,10.006792435475084
17,12,8.536766256504574
17,13,6.327309162566173
17,14,5.1829715494876245
17,15,5.026697693693416
17,16,3.738068762949434
17,18,3.759245043256219
17,19,5.134635959238058
17,20,5.151153963853013
17,21,7.152383631484874
17,22,9.742575240149204
17,23,13.362613746365401
17,24,15.272052315482014
17,25,17.387113671833333
17,26,20.97076765940685
17,27,22.426691687129722
17,28,22.80421456916034
17,29,19.74464561572355
17,30,18.051182230867244
17,31,14.902818163899662
17,32,11.842244304007297
17,33,10.993383773782002
17,34,10.681168176453395
17,35,14.448904790814554
17,36,14.515899868131816
17,37,15.491685390044184
17,38,13.394224928266748
17,39,10.372095584444455
17,40,12.151243197843822
17,41,11.977683864242694
17,42,14.413822186359493
17,43,17.679024240238647
17,44,21.08701512230406
17,45,23.46425671240834
17,46,26.158033229951155
17,47,24.37379576311936
17,48,23.074437634232027
17,49,19.702687139461574
17,50,19.437389731994553
17,51,17.172874272841018
17,52,18.18715007933629
17,53,18.59367265996841
17,54,15.635160189656029
17,55,16.312436908867554
17,56,16.671573948480777
17,57,19.96936646012558
17,58,22.898091849302933
17,59,24.619259948465064
17,60,21.75766766119186
17,61,24.155135540045045
17,62,26.6244699073082
17,63,24.43858268744959
17,64,22.15513049159091
17,65,24.0437280592784
17,66,23.757808107422797
17,67,21.73024765846912
17,68,20.4219612159716
17,69,21.25195074489209
17,70,20.370458971424338
17,71,22.772017964949193
17,72,22.053882683272192
17,73,25.213436041398104
17,74,27.375913759860534
17,75,26.520696336635964
17,76,22.951469080258878
17,77,22.16307443930566
17,78,20.82649227940704
17,79,23.78416463164656
17,80,24.009842769863997
17,81,26.379427973989444
17,82,29.77300674685122
17,83,28.379261979917594
17,84,25.598695094479844
17,85,22.745545195609665
17,86,19.872008264811377
17,87,21.944487320799205
17,88,21.837318664477127
17,89,23.942921840313456
17,90,23.05162391904171
17,91,26.697780212616664
17,92,26.082778423107193
17,93,23.62076017108064
17,94,26.029540714401627
17,95,28.46473419447881
18,1,26.02325138983698
18,2,23.784677847387734
18,3,22.107344892533003
18,4,20.668426374420253
18,5,19.406764169073597
18,6,17.936851088092144
18,7,16.073460987814688
18,8,14.999265888063741
18,9,13.856919990282849
18,10,11.935512960498121
18,11,10.15080659091146
18,12,9.550876284242692
18,13,8.485998719489862
18,14,5.815656142145812
18,15,4.499505883420061
18,16,5.657324450902748
18,17,3.759245043256219
18,19,3.798947749908064
18,20,5.700721290614299
18,21,6.111945609913695
18,22,7.971966307093984
18,23,11.74851270849493
18,24,14.114273162038593
18,25,15.773558381654736
18,26,19.137337420378774
18,27,20.618440874906163
18,28,21.289580493218043
18,29,18.21392265009938
18,30,16.87232916036182
18,31,14.20725013926484
18,32,10.805338785971433
18,33,10.685104413799106
18,34,10.741717278210185
18,35,14.435944335119647
18,36,14.972501814317102
18,37,15.109048935158244
18,38,12.25912848767643
18,39,8.949467386955423
18,40,10.285096907121773
18,41,9.642327210064124
18,42,12.45070219523718
18,43,15.471184583291105
18,44,18.89068781532253
18,45,21.619017914869666
18,46,24.162192267586146
18,47,22.016811390811824
18,48,20.689280216160117
18,49,17.142011513923986
18,50,16.68058805038923
18,51,14.446239839705767
18,52,15.515989408210665
18,53,16.548344387535895
18,54,14.087065121500066
18,55,14.981824200909694
18,56,16.18327031505251
18,57,19.18605617253157
18,58,22.217085049169174
18,59,23.395178104417848
18,60,20.191188137623055
18,61,22.349651050726855
18,62,24.683919372555238
18,63,22.337470124077452
18,64,19.7976870121926
18,65,21.298186047548754
18,66,21.20400188520413
18,67,19.21013304147559
18,68,18.311921606072314
18,69,19.105407076303184
18,70,18.590200548413655
18,71,20.99858762194399
18,72,20.409957248527864
18,73,23.774916981990714
