1,2,3.768408439529655
1,3,5.253456600566044
1,4,5.551610885591661
1,5,6.367800358185553
1,6,8.972048592057108
1,7,9.84834019455165
1,8,11.062355282471815
1,9,12.99603184358876
1,10,14.54544335961736
1,11,15.467087815357587
1,12,16.861844475348573
1,13,18.809150359505708
1,14,19.952816359074244
1,15,21.50793170099698
1,16,22.901200111647384
1,17,24.052453082229707
1,18,25.531082828533396
1,19,27.032726447388896
1,20,29.836709580077667
1,21,31.525160975296373
1,22,35.111525394522346
1,23,35.58558300883369
1,24,36.785807024213426
1,25,40.47672078650853
1,26,40.507329280223104
1,27,39.57372099287915
1,28,35.814963111129735
1,29,32.53949753734651
1,30,30.751896578547537
1,31,27.946703122590627
1,32,24.525066811394073
1,33,20.77455474189375
1,34,20.749044254335825
1,35,17.030752304042817
1,36,16.893516456858436
1,37,18.98352128164693
1,38,21.38793084397284
1,39,24.89944643227202
1,40,27.9915710785039
1,41,31.14228321780067
1,42,32.73904181897674
1,43,36.37275507233742
1,44,37.225308739603875
1,45,38.15108325228277
1,46,35.93539500779063
1,47,32.73238581624831
1,48,30.16429934873625
1,49,28.08991092949428
1,50,25.17889475112057
1,51,23.22276110754693
1,52,20.06702125816781
1,53,17.091418049919927
1,54,15.463401564631196
1,55,11.745064037335954
1,56,12.660920512169936
1,57,11.894934258859493
1,58,15.71364918496071
1,59,16.94704013574688
1,60,19.470544969996585
1,61,21.324583627459038
1,62,21.527469892326806
1,63,22.079351685768227
1,64,25.714380741784993
1,65,25.115961505045817
1,66,24.95876813089578
1,67,23.991975260539935
1,68,26.960537314352685
1,69,27.662414861135368
1,70,31.131020950948056
1,71,32.817655165099936
1,72,35.63412987471703
1,73,39.26549750865411
1,74,38.29609418112281
1,75,36.470380539138915
1,76,33.67544401082086
1,77,30.488160618099045
1,78,30.930042017164137
1,79,28.987263863818594
1,80,27.583974613348982
1,81,29.60825460882064
1,82,28.00121518358542
1,83,28.199086838941177
1,84,24.554510760755957
1,85,23.89229367656316
1,86,24.851560830937775
1,87,24.818293517123283
1,88,25.712231439282387
1,89,22.424601799703282
1,90,24.067492291762576
1,91,24.22535861156497
1,92,20.46848384452111
1,93,19.595248388386615
1,94,19.51593977187719
2,1,3.768408439529655
2,3,3.79309441568194
2,4,5.2392630164234815
2,5,4.226098105079469
2,6,5.872821045541905
2,7,7.9425274232598895
2,8,9.461238875083563
2,9,10.434519105443005
2,10,12.03968073343674
2,11,13.719089080395777
2,12,14.830912379591284
2,13,16.198395535620374
2,14,17.634802175523284
2,15,19.55211173534858
2,16,20.54764458857222
2,17,21.37643817463225
2,18,23.23218975175987
2,19,24.867520096918224
2,20,27.38205917742425
2,21,29.096261708555556
2,22,32.77220133033733
2,23,33.57188284711649
2,24,34.80930656538464
2,25,38.473877458072565
2,26,38.66894222870961
2,27,38.03767885787435
2,28,34.26946690984836
2,29,31.20818773321495
2,30,29.368029550850835
2,31,26.276094652392548
2,32,23.110034319728623
2,33,19.400577387197394
2,34,19.85083646744588
2,35,16.34387472451639
2,36,15.743004106847108
2,37,17.17633602099181
2,38,19.32022636157602
2,39,23.007081410099765
2,40,25.88049148963652
2,41,29.247337132052717
2,42,30.89729484209123
2,43,34.59752689694847
2,44,35.78367936667326
2,45,36.79289217654768
2,46,34.33980228909439
2,47,31.10320369533787
2,48,28.272643596429504
2,49,25.991115159754013
2,50,22.81196331232881
2,51,20.652415697722954
2,52,17.781178217765127
2,53,14.62758269461685
2,54,12.485490415134038
2,55,9.007387834112667
2,56,10.631747285605192
2,57,9.92993792852432
2,58,13.72546535316142
2,59,14.340136854877027
2,60,16.71360128056191
2,61,19.023000837232253
2,62,19.243168902888936
2,63,19.303371753693206
2,64,23.03201326041525
2,65,22.8205824776569
2,66,22.84753108459692
2,67,22.259228411047957
2,68,25.38951547412447
2,69,26.346518751421023
2,70,29.96341239668061
2,71,31.600474344677615
2,72,34.669400995651465
2,73,38.20259684273127
2,74,37.458456553745314
2,75,35.40315847551881
2,76,32.88705006734127
2,77,29.658985154325883
2,78,30.388266532123758
2,79,28.869398501734135
2,80,27.79967708346206
2,81,30.22189645248402
2,82,28.886803262727724
2,83,28.68906238136267
2,84,24.941170607308692
2,85,23.70623381344724
2,86,24.486196890997448
2,87,24.01256119819942
2,88,24.75478997081163
2,89,21.39299934577513
2,90,23.1156237840834
2,91,22.753145271645412
2,92,18.947877284638764
2,93,18.71359126809104
2,94,18.84711421834588
3,1,5.253456600566044
3,2,3.79309441568194
3,4,3.7878382567262534
3,5,5.150749354836845
3,6,5.3771556282302075
3,7,6.033738571555217
3,8,8.776922633812056
3,9,10.278755012802987
3,10,10.687849571865542
3,11,12.248900988677388
3,12,14.27149091953211
3,13,15.553382869536822
3,14,16.19533384021134
3,15,18.402142660286447
3,16,19.939866073219957
3,17,20.425809496610604
3,18,21.87275938200793
3,19,23.916793104728097
3,20,26.544086474438227
3,21,27.8237081627417
3,22,31.40217313370619
3,23,31.961132723672804
3,24,32.843944798635135
3,25,36.43670505529333
3,26,36.31626846465549
3,27,35.47648759083914
3,28,31.67315267913706
3,29,28.516755775177245
3,30,26.993979995691944
3,31,24.031224532835363
3,32,20.7694980142489
3,33,17.0296115091558
3,34,16.98290479177982
3,35,13.454089693764354
3,36,12.498470959152447
3,37,14.300790617314687
3,38,16.926250970342263
3,39,20.452979143192074
3,40,23.609340497891125
3,41,26.89489381234834
3,42,28.23732367671746
3,43,31.852689336356928
3,44,32.83368058219364
3,45,33.62057091760061
3,46,31.192777031014526
3,47,27.885363510642986
3,48,25.249922403300808
3,49,22.990149956900567
3,50,20.03332344049937
3,51,17.990014970747147
3,52,14.818682064578011
3,53,11.894994102597838
3,54,10.409169720974875
3,55,6.630373858716452
3,56,7.545395132444225
3,57,7.579842288507963
3,58,11.32066950066033
3,59,12.087714005617146
3,60,15.007380257039749
3,61,16.807858959443436
3,62,16.581684992221906
3,63,17.039496180354746
3,64,20.614614339873512
3,65,19.93468003681599
3,66,19.74277355263593
3,67,18.920523275959876
3,68,22.024027308978237
3,69,23.007317944143686
3,70,26.602543130475123
3,71,28.438509327388818
3,72,31.434216369421627
3,73,35.04236276198259
3,74,34.396514681834574
3,75,32.534488273549286
3,76,29.904533935248047
3,77,26.544396308514628
3,78,27.02978286103857
3,79,25.49850526659309
3,80,24.29445508220116
3,81,26.743212169683577
3,82,25.628429358240098
3,83,25.503815088451965
3,84,21.74386977412043
3,85,20.454429469633794
3,86,20.97459193234218
3,87,20.428557818603725
3,88,21.092384993079655
3,89,17.720863480696114
3,90,19.457838817349646
3,91,19.334266808574668
3,92,15.534169921209186
3,93,15.159952919720446
3,94,15.580330423857427
4,1,5.551610885591661
4,2,5.2392630164234815
4,3,3.7878382567262534
4,5,3.8097099689901888
4,6,5.740057593433538
4,7,4.745665715311582
4,8,6.216278032754516
4,9,8.844643655590747
4,10,9.69184542678556
4,11,10.156084092850248
4,12,12.120538561825112
4,13,14.212678999867412
4,14,14.819639170607523
4,15,16.358309665552483
4,16,18.17199049424517
4,17,19.27278062954621
4,18,20.370605698937023
4,19,22.02031918274934
4,20,24.968226844089656
4,21,26.42749484534591
4,22,29.92917969461168
4,23,30.22528378684687
4,24,31.33313267039172
4,25,35.01872181239752
4,26,35.00706952142315
4,27,34.045339636531324
4,28,30.298099621939826
4,29,27.02666800069613
4,30,25.200310094788133
4,31,22.421502236164013
4,32,18.975559221035166
4,33,15.226716453964146
4,34,15.318388751190096
4,35,11.654912277688908
4,36,11.776837792106843
4,37,13.808044472542235
4,38,16.079842538034274
4,39,19.514058835256005
4,40,22.624704557279866
4,41,25.6767127550855
4,42,27.34183021746846
4,43,30.979787531320305
4,44,31.838506918206367
4,45,32.932988313004934
4,46,30.81431923463827
4,47,27.766551788816006
4,48,25.151633725177852
4,49,23.38761252134453
4,50,20.60366873395287
4,51,19.174396815893807
4,52,16.19869835224836
4,53,12.952276385490464
4,54,12.176858154864187
4,55,8.454694593461317
4,56,10.028387908782344
4,57,11.025436908916733
4,58,14.577771621659215
4,59,14.900595637491236
4,60,18.101753615604693
4,61,19.899267217904686
4,62,19.154855005052696
4,63,19.375369287920066
4,64,22.807906838593897
4,65,21.83857704102868
4,66,21.033591657217386
4,67,19.649728756385763
4,68,22.32090251317971
4,69,22.685255413993595
4,70,26.110850478239133
4,71,27.5564969792752
4,72,30.41552204502289
4,73,33.97928267204684
4,74,32.95987089033353
4,75,31.016703865405034
4,76,28.309664000792555
4,77,25.187732569705297
4,78,25.899736024560365
4,79,24.157927218636697
4,80,23.179122692926086
4,81,25.562413374965477
4,82,23.99839862243367
4,83,23.681720568881225
4,84,19.964556749086707
4,85,18.92463934348733
4,86,20.102531737515456
4,87,20.166928894976923
4,88,21.49283136346141
4,89,18.506106130114645
4,90,20.78481677347547
4,91,21.099263095305584
4,92,17.366645798379928
4,93,17.097871515019687
4,94,18.079769369160026
5,1,6.367800358185553
5,2,4.226098105079469
5,3,5.150749354836845
5,4,3.8097099689901888
5,6,3.8109574718321597
5,7,5.063282999308035
5,8,5.393127809676275
5,9,6.659992438729801
5,10,8.737158853479498
5,11,9.92587332950439
5,12,10.76106793712291
5,13,12.537460215434205
5,14,14.069717540751082
5,15,15.603053014894936
5,16,16.654419202336886
5,17,17.85549610003069
5,18,19.555488004737356
5,19,20.93623600259954
5,20,23.60328144791914
5,21,25.453131995925062
5,22,29.09565741770971
5,23,29.809810444711577
5,24,31.249948875997305
5,25,34.97471704299827
5,26,35.34829614377569
5,27,34.775692553205516
5,28,31.068170260046788
5,29,28.04950327811188
5,30,25.915366526915403
5,31,22.832193466084714
5,32,19.69376478727679
5,33,16.06027218021712
5,34,16.981477927580194
5,35,13.634386078445923
5,36,13.639270679362763
5,37,14.772689265453291
5,38,16.38579001317874
5,39,20.065180412224052
5,40,22.750551773026157
5,41,26.00931887691781
5,42,27.981544824323404
5,43,31.727130917018783
5,44,32.990904781592555
5,45,34.340658486579386
5,46,32.05212277556359
5,47,29.06303111439261
5,48,26.106369716832166
5,49,24.208151283449606
5,50,21.066308064810904
5,51,19.451731237437116
5,52,16.932626923847625
5,53,13.353615849670065
5,54,11.784400342686416
5,55,8.451741823307415
5,56,11.089421676298054
5,57,11.77831229930271
5,58,15.335279001024116
5,59,15.067468845074083
5,60,17.871037753505306
5,61,20.30362534775502
5,62,19.79613870451121
5,63,19.360443708865727
5,64,22.9500512350032
5,65,22.559316114986053
5,66,21.995857836868716
5,67,21.042241297496215
5,68,23.824207203660265
5,69,24.332978629056836
5,70,27.857785703603454
5,71,29.078404250749273
5,72,32.1626740847407
5,73,35.57089335574214
5,74,34.62616811276675
5,75,32.36005977869261
5,76,29.97355519308036
5,77,26.966233771666307
5,78,28.096561618920866
5,79,26.699415177040105
5,80,26.093258893522492
5,81,28.714583989382877
5,82,27.18869605511233
5,83,26.52670877521388
5,84,22.80975223976449
5,85,21.399301460757137
5,86,22.63239069295951
5,87,22.42394072374642
5,88,23.69720134473373
5,89,20.68934883512526
5,90,23.01549363397585
5,91,22.794785112151153
5,92,19.027392741098197
5,93,19.320068289139755
5,94,20.259406747664265
6,1,8.972048592057108
6,2,5.872821045541905
6,3,5.3771556282302075
6,4,5.740057593433538
6,5,3.8109574718321597
6,7,3.7977382860536997
6,8,5.725563625233755
6,9,5.434621554085365
6,10,6.375592918649387
6,11,8.838316522310679
6,12,9.970879309217342
6,13,10.671635646300967
6,14,12.010868538689559
6,15,14.331682448170504
6,16,15.221121430960052
6,17,15.653661965120955
6,18,17.597833990118485
6,19,19.48493923631322
6,20,21.8306605589389
6,21,23.386321672476946
6,22,27.079679770279398
6,23,28.033332787172238
6,24,29.24232574125128
6,25,32.8744463018019
6,26,33.19597195102893
6,27,32.81821172713546
6,28,29.07972588977998
6,29,26.251985740370106
6,30,24.33077116549776
6,31,21.011787810748977
6,32,18.149881300283766
6,33,14.598893657981373
6,34,15.697753022524534
6,35,12.707086751345054
6,36,11.838514461469588
6,37,12.299989649849998
6,38,13.909903018717062
6,39,17.697497900108644
6,40,20.313425031349908
6,41,23.79596288664358
6,42,25.57019560678179
6,43,29.319868310834547
6,44,30.81105921567292
6,45,32.04481644137546
6,46,29.49024088011815
6,47,26.393106999769106
6,48,23.289532083100816
6,49,21.109380960250796
6,50,17.780572205683495
6,51,15.926706415647145
6,52,13.601573061617698
6,53,9.9859327934628
6,54,8.08202478049605
6,55,5.120428403524204
6,56,8.406381408571944
6,57,9.564294369556979
6,58,12.685216951291178
6,59,11.76654111733644
6,60,14.579593239632864
6,61,17.163793642305706
6,62,16.492760392067883
6,63,15.729886554081501
6,64,19.30974055597474
6,65,19.125733028244436
6,66,18.7226690415129
6,67,18.142580532779103
6,68,21.105052480946686
6,69,21.98683455809794
6,70,25.641707434842804
6,71,26.991141742668447
6,72,30.280280527309063
6,73,33.62996240848081
6,74,33.031448356285395
6,75,30.694256693536747
6,76,28.533718791947422
6,77,25.390444145101135
6,78,26.594825686719755
6,79,25.633088516211124
6,80,25.208085979879808
6,81,28.143399060334247
6,82,27.068563994530948
6,83,26.181821078707834
6,84,22.430842347070065
6,85,20.468976289052144
6,86,21.24697857412005
6,87,20.477136457534513
6,88,21.428581819782902
6,89,18.36024970397373
6,90,20.634541330312032
6,91,19.96605352300767
6,92,16.258686065929023
6,93,17.116334341295012
6,94,18.277565989094047
7,1,9.84834019455165
7,2,7.9425274232598895
7,3,6.033738571555217
7,4,4.745665715311582
7,5,5.063282999308035
7,6,3.7977382860536997
7,8,3.7886946713338676
7,9,5.464043400811742
7,10,5.075733395897477
7,11,6.233154018323784
7,12,8.567682590566093
7,13,9.997395885648764
7,14,10.32534526013835
7,15,12.387171925986527
7,16,14.16026222829315
7,17,14.799078227547616
7,18,15.972102923410594
7,19,17.955381078267457
7,20,20.717044106015095
7,21,21.989922510638817
7,22,25.53246508400501
7,23,26.018538336417212
7,24,27.064872064953
7,25,30.724436554506894
7,26,30.81481713317261
7,27,30.11517879544587
7,28,26.3571431792712
7,29,23.302160425782752
7,30,21.432506598731837
7,31,18.361969899987958
7,32,15.176495390144028
7,33,11.477107405023615
7,34,12.225137446367725
7,35,9.035960792301278
7,36,8.682034537460577
7,37,9.744026143612238
7,38,11.631814079015085
7,39,15.24349471032397
7,40,18.18005039302368
7,41,21.412618698055958
7,42,23.153192884133492
7,43,26.864501408890405
7,44,28.046736491465794
7,45,29.303803407885503
7,46,27.011562984492485
7,47,24.0268707567476
7,48,21.129645176245837
7,49,19.37039587327255
7,50,16.41999612111882
7,51,15.214074066499366
7,52,12.717001030184859
7,53,9.12029507015149
7,54,8.753526601562637
7,55,5.730964785399851
7,56,8.408663790797917
7,57,10.678214640409081
7,58,13.56899360040238
7,59,12.71553027293593
7,60,16.09678358422344
7,61,18.091452745251363
7,62,16.73354621632577
7,63,16.292171406020227
7,64,19.55731133836745
7,65,18.671550310587374
7,66,17.57928237520389
7,67,16.283218422395624
7,68,18.877158905441352
7,69,19.280543323041165
7,70,22.807550679858497
7,71,24.06060805086309
7,72,27.186123757089096
7,73,30.603900690854225
7,74,29.796195108642696
7,75,27.57826421039651
7,76,25.21394299339076
7,77,22.098501037139858
7,78,23.24748087146203
7,79,22.097055038039066
7,80,21.715651848370065
7,81,24.625465341315014
7,82,23.421245999689013
7,83,22.457457100537592
7,84,18.71874604668393
7,85,16.858592638274633
7,86,17.911387878643914
7,87,17.550742704799845
7,88,18.960808379869476
7,89,16.181474489040507
7,90,18.871107376182223
7,91,18.794644335690794
7,92,15.175873048856873
7,93,15.910380678727094
7,94,17.646425440334692
8,1,11.062355282471815
8,2,9.461238875083563
8,3,8.776922633812056
8,4,6.216278032754516
8,5,5.393127809676275
8,6,5.725563625233755
8,7,3.7886946713338676
8,9,3.7770115015549113
8,10,5.2131238831409785
8,11,4.80877222573227
8,12,5.936627870570545
8,13,8.485338813127045
8,14,9.473615997603165
8,15,10.48271204030139
8,16,12.08414598527624
8,17,13.63999646423948
8,18,14.760158148129753
8,19,16.016948463512907
8,20,18.994065453883326
8,21,20.7461625262495
8,22,24.268989879176804
8,23,24.714200091446187
8,24,26.23057737190725
8,25,29.995265681247698
8,26,30.439431296684205
8,27,29.842836235014563
8,28,26.21009859662427
8,29,23.220658053678594
8,30,20.83329407652824
8,31,17.834383257824044
8,32,14.701988650888948
8,33,11.214969022748747
8,34,12.69384679690874
8,35,9.812254791721443
8,36,10.68388158408002
8,37,11.364241403783897
8,38,12.236607760930905
8,39,15.713079218680706
8,40,18.22252129946016
8,41,21.2464480396148
8,42,23.508019373638053
8,43,27.245314677655887
8,44,28.510548618391045
8,45,30.205671461087135
8,46,28.170520768836024
8,47,25.529882898755943
8,48,22.54579406724163
8,49,21.245781029187036
8,50,18.37901800461193
8,51,17.66368886246878
8,52,15.665325034988772
8,53,11.963280096146127
8,54,11.696462908481728
8,55,9.167592961827365
8,56,12.156607753662891
8,57,14.304634499846411
8,58,17.25447643866096
8,59,16.154406197327642
8,60,19.382671189351417
8,61,21.613109898934514
8,62,20.171826368263616
8,63,19.34700091215497
8,64,22.51242179348587
8,65,21.722829816489075
8,66,20.340375367482537
8,67,18.842800316858778
8,68,21.014472888665505
8,69,20.89237430494161
8,70,24.201084183565715
8,71,24.913021171101907
8,72,27.95878465657749
8,73,31.200930647649294
8,74,30.050730438574675
8,75,27.59340636408399
8,76,25.358730377785754
8,77,22.626214830515543
8,78,24.20752948927383
8,79,23.031264406597312
8,80,23.045468764089893
8,81,25.90982837947666
8,82,24.29648790588583
8,83,23.01627902626609
8,84,19.426542963697564
8,85,17.72349829849191
8,86,19.441892207243736
8,87,19.56153514407006
8,88,21.475219140376687
8,89,19.082866912165112
8,90,22.06771176972759
8,91,22.113102704421912
8,92,18.619503115266326
8,93,19.48815157778294
8,94,21.371745876956908
9,1,12.99603184358876
9,2,10.434519105443005
9,3,10.278755012802987
9,4,8.844643655590747
9,5,6.659992438729801
9,6,5.434621554085365
9,7,5.464043400811742
9,8,3.7770115015549113
9,10,3.7886023749900852
9,11,5.38061672626676
9,12,4.814718509845765
9,13,5.916049938053177
9,14,8.073002955246922
9,15,9.611256846758076
9,16,10.123040858233416
9,17,11.29051779936582
9,18,13.256671143661702
9,19,14.549511141681505
9,20,17.009277866304995
9,21,18.98084234425209
9,22,22.67077620616559
9,23,23.67078922267138
9,24,25.350719494307523
9,25,29.072233454850846
9,26,29.83166676585771
9,27,29.70059091136616
9,28,26.12166362655533
9,29,23.512282908786755
9,30,21.027397715847098
9,31,17.656807503475417
9,32,15.094435977566953
9,33,11.95080631299427
9,34,14.166150676372572
9,35,11.909407888287586
9,36,12.069271579592103
9,37,11.598462458860995
9,38,11.74166144231069
9,39,15.393710796841772
9,40,17.37812786776574
9,41,20.687413356461626
9,42,23.084672093523455
9,43,26.875534644320403
9,44,28.609818442806066
9,45,30.428401820306824
9,46,28.120461478023007
9,47,25.49988267176071
9,48,22.19033226741293
9,49,20.65272328425874
9,50,17.443488700061923
9,51,16.517166677021393
9,52,15.11842767005755
9,53,11.32333331357256
9,54,10.43169610096905
9,55,8.846684989094781
9,56,12.45106763781393
9,57,14.486212639623414
9,58,17.10423712144728
9,59,15.33397826833754
9,60,18.150121047794705
9,61,20.825957985348275
9,62,19.48521270303673
9,63,17.99531498012602
9,64,21.16035063197818
9,65,20.937311090482094
9,66,19.832786628908355
9,67,18.9013466807062
9,68,21.203238143759442
9,69,21.41259052311718
9,70,24.81513477946204
9,71,25.417969413406954
9,72,28.722352599755038
9,73,31.77196128895833
9,74,30.900869443961156
9,75,28.17174119219419
9,76,26.36344883673443
9,77,23.683088382281177
9,78,25.585591521935658
9,79,24.920452332367507
9,80,25.25111398374671
9,81,28.3876988622957
9,82,27.072458437318474
9,83,25.513081947257678
9,84,21.964554704073553
9,85,19.765768328179043
9,86,21.18667236937828
9,87,20.78063350261326
9,88,22.415039695796906
9,89,20.00549060862844
9,90,22.909734324681533
9,91,22.353472614487654
9,92,18.948568974115535
9,93,20.41496212785385
9,94,22.296268005029884
10,1,14.54544335961736
10,2,12.03968073343674
10,3,10.687849571865542
10,4,9.69184542678556
10,5,8.737158853479498
10,6,6.375592918649387
10,7,5.075733395897477
10,8,5.2131238831409785
10,9,3.7886023749900852
10,11,3.7888057466651204
10,12,5.280687962437878
10,13,5.246787279796171
10,14,5.655775424505117
10,15,8.319579275664832
10,16,9.603189405109333
10,17,9.78106776077301
10,18,11.298585361198066
10,19,13.450565323083227
10,20,15.897100852934361
10,21,17.186822697898712
10,22,20.822931006982724
10,23,21.67138909069734
10,24,22.887601811540062
10,25,26.54187014951978
10,26,26.984290921218186
10,27,26.750600787444416
10,28,23.08053908728844
10,29,20.44678585996504
10,30,18.302019594947698
10,31,14.84866095575171
10,32,12.289128422712762
10,33,9.089638137383082
10,34,11.207291261380742
10,35,9.344871984138369
10,36,8.891409736512133
10,37,7.897565635941272
10,38,8.183421801710324
10,39,11.945107626126227
10,40,14.2241506416617
10,41,17.655289562677712
10,42,19.749159598743205
10,43,23.53958053140014
10,44,25.23842223795344
10,45,26.881858895580873
10,46,24.469204998808554
10,47,21.76120707210399
10,48,18.463347525441268
10,49,16.896525816118622
10,50,13.760348633352008
10,51,13.07077922028095
10,52,11.772192105707056
10,53,8.080980213939387
10,54,8.178478770884052
10,55,7.3276999449980735
10,56,10.599676698703536
10,57,13.408896219770812
10,58,15.432244030925213
10,59,13.31975781060994
10,60,16.41418321204819
10,61,18.698616857584973
10,62,16.823460513695988
10,63,15.355673237328103
10,64,18.23882782952282
10,65,17.685113313680866
10,66,16.27154789414145
10,67,15.212608217164084
10,68,17.437774341341672
10,69,17.72209082921617
10,70,21.178527199115404
10,71,21.92156455328422
10,72,25.309404906267197
10,73,28.395921616711707
10,74,27.747183324440268
10,75,25.095402210170935
10,76,23.309471166185084
10,77,20.457959791531344
10,78,22.306099927595163
10,79,21.905111439827373
10,80,22.348075270043818
10,81,25.67860246380818
10,82,24.7306254987518
10,83,23.034067017274605
10,84,19.50695418960882
10,85,16.91733579672373
10,86,17.99548210060028
10,87,17.296497947124056
10,88,18.86610034878011
10,89,16.61834931630291
10,90,19.648240749064712
10,91,19.09240687096594
10,92,15.888004674792873
10,93,17.694280269419913
10,94,19.99991657327954
11,1,15.467087815357587
11,2,13.719089080395777
11,3,12.248900988677388
11,4,10.156084092850248
11,5,9.92587332950439
11,6,8.838316522310679
11,7,6.233154018323784
11,8,4.80877222573227
11,9,5.38061672626676
11,10,3.7888057466651204
11,12,3.825287592949067
11,13,5.835660896936731
11,14,5.192503926624967
11,15,6.300043296084524
11,16,8.755588422392703
11,17,9.945820696923889
11,18,10.355339816275654
11,19,12.025319685294829
11,20,15.121107765195696
11,21,16.423786396494794
11,22,19.84375606130507
11,23,20.122568347016394
11,24,21.474306729190612
11,25,25.22675587080149
11,26,25.631021484671475
11,27,25.08657378178045
11,28,21.470402932000912
11,29,18.595045222139582
11,30,16.147799428125744
11,31,13.047281127468048
11,32,10.054191346969887
11,33,6.760485858765918
11,34,9.074052582312529
11,35,7.333451631387276
11,36,8.434933601079244
11,37,8.041400395484377
11,38,7.927171816676735
11,39,11.176518887369552
11,40,13.523817966282062
11,41,16.45911367296557
11,42,18.83685009291479
11,43,22.57075536448152
11,44,23.944598813224406
11,45,25.84638931412542
11,46,23.889293312770604
11,47,21.510831029513827
11,48,18.47071681559375
11,49,17.629196452850273
11,50,15.059900723549582
11,51,15.18625950729812
11,52,13.88453802984318
11,53,10.501147994655648
11,54,11.488772901406545
11,55,10.235589004519847
11,56,13.017049709723826
11,57,16.05244666207452
11,58,18.21144646985242
11,59,16.415746950612306
11,60,19.753145176234575
11,61,21.699663848821235
11,62,19.52644789593858
11,63,18.362784055046227
11,64,20.973826966926115
11,65,19.909013914908826
11,66,17.90445489631787
11,67,16.114603228657174
11,68,17.710091096377788
11,69,17.19139092665156
11,70,20.32626117530625
11,71,20.660903157830308
11,72,23.78476351261229
11,73,26.85190350551935
11,74,25.75461890030333
11,75,23.10651287859563
11,76,21.139666066853163
11,77,18.55782433083847
11,78,20.570193802365313
11,79,19.899361747161638
11,80,20.564446033956372
11,81,23.765553397312004
11,82,22.433243101612206
11,83,20.53395781003665
11,84,17.13647863259602
11,85,14.8230143259775
11,86,16.6092295771303
11,87,16.674964761097673
11,88,18.926130631527542
11,89,17.159765268007252
11,90,20.5462792750811
11,91,20.622787726205708
11,92,17.579858816776515
11,93,19.091983564009823
11,94,21.685166883961248
12,1,16.861844475348573
12,2,14.830912379591284
12,3,14.27149091953211
12,4,12.120538561825112
12,5,10.76106793712291
12,6,9.970879309217342
12,7,8.567682590566093
12,8,5.936627870570545
12,9,4.814718509845765
12,10,5.280687962437878
12,11,3.825287592949067
12,13,3.7884436140760176
12,14,5.355508277449327
12,15,5.2066048472174025
12,16,6.213073349242668
12,17,8.42410190610698
12,18,9.557294246345007
12,19,10.26509013218213
12,20,13.193400484919616
12,21,15.272916971850906
12,22,18.79965122558203
12,23,19.498081412943666
12,24,21.457089896133688
12,25,25.238393044409815
12,26,26.20425179173704
12,27,26.09320047967054
12,28,22.68589407188845
12,29,20.198280131215252
12,30,17.29118253889
12,31,14.100558419901565
12,32,11.77890980289847
12,33,9.288144279128476
12,34,12.278742424123841
12,35,11.012009785926262
12,36,12.1652167446563
12,37,11.18889894256286
12,38,10.071795685305826
12,39,13.104571531019412
12,40,14.560424291957823
12,41,17.432299412556837
12,42,20.289328329728864
12,43,24.000866576312866
12,44,25.73483705066003
12,45,27.99924564798874
12,46,26.069459727330084
12,47,23.955751086840962
12,48,20.71305385303222
12,49,19.96345175522855
12,50,17.233684723342165
12,51,17.342210431520073
12,52,16.560296371282917
12,53,13.077252360038187
12,54,13.375147449582263
12,55,12.421378016984285
12,56,15.71664266781955
12,57,18.387357333806083
12,58,20.65400661735473
12,59,18.573978107637174
12,60,21.55016325348309
12,61,23.94398968420631
12,62,21.991755684520832
12,63,20.31996262127323
12,64,22.970487751162782
12,65,22.397149260445886
12,66,20.583756125470803
12,67,19.149055756214953
12,68,20.670019163003357
12,69,20.129572752915223
12,70,23.126906564970927
12,71,23.055494575779598
12,72,26.21166224081008
12,73,28.98940663825501
12,74,27.820483687991953
12,75,24.86865320509955
12,76,23.304296546221366
12,77,21.10531432665496
12,78,23.51236043150199
12,79,23.061755302234737
12,80,24.025909706006487
12,81,27.22479768156017
12,82,25.757105770275082
12,83,23.653755289918337
12,84,20.43142732207076
12,85,18.145131753821126
12,86,20.099638741430567
12,87,20.14528837404732
12,88,22.385714942781245
12,89,20.68734791388421
12,90,24.034561654673805
12,91,23.803170260890372
12,92,20.773842487692256
12,93,22.505732557037557
12,94,24.961764317711427
13,1,18.809150359505708
13,2,16.198395535620374
13,3,15.553382869536822
13,4,14.212678999867412
13,5,12.537460215434205
13,6,10.671635646300967
13,7,9.997395885648764
13,8,8.485338813127045
13,9,5.916049938053177
13,10,5.246787279796171
13,11,5.835660896936731
13,12,3.7884436140760176
13,14,3.766984116021101
13,15,5.235380673094163
13,16,4.702025292597076
13,17,5.409264611822637
13,18,7.701115241933788
13,19,9.071877620456977
13,20,11.197700958394675
13,21,13.144213588249379
13,22,16.872096603870396
13,23,18.17557516309905
13,24,20.026369252684994
13,25,23.694169726332778
13,26,24.814155081042305
13,27,25.14683322788674
13,28,21.776296947269522
13,29,19.714327775332414
13,30,16.987915422664308
13,31,13.420046971926036
13,32,11.856682847981798
13,33,9.873274612921175
13,34,13.178353056189994
13,35,12.510414404068559
13,36,12.723201155363258
13,37,10.693543521576633
13,38,8.89270792554695
13,39,11.941671477616648
13,40,12.850550775153287
13,41,16.078037686966884
13,42,18.860422698833265
13,43,22.581555976939047
13,44,24.76746149635118
13,45,27.006459102179715
13,46,24.749649806888815
13,47,22.61939161450518
13,48,19.11178658364981
13,49,18.10927995999395
13,50,15.14998308121673
13,51,15.187079889363863
13,52,15.101309551744736
13,53,11.859554577986438
13,54,12.01345082352826
13,55,12.150121754690877
13,56,15.51951958594104
13,57,18.228423894580498
13,58,19.961129124861603
13,59,17.3092493465685
13,60,19.917363599193227
13,61,22.455820751536308
13,62,20.442838040262004
13,63,18.23753136600595
13,64,20.664730049378225
13,65,20.503401681896065
13,66,18.881534302623713
13,67,17.986216494074956
13,68,19.56907273641249
13,69,19.432167968919416
13,70,22.497157848699185
13,71,22.438960588500983
13,72,25.84711780811082
13,73,28.443753606461627
13,74,27.70203997271672
13,75,24.58658702659085
13,76,23.455082214385808
13,77,21.218634681219427
13,78,23.792024908458107
13,79,23.900272364811087
13,80,25.07875115261438
13,81,28.53306294519013
13,82,27.51207374035098
13,83,25.238468292097956
13,84,22.06397187835337
13,85,19.27487249583545
13,86,20.707672183730878
13,87,20.129591767936457
13,88,21.987892054526924
13,89,20.339152333309706
13,90,23.54827420101514
13,91,22.790929725861808
13,92,19.99331704750721
13,93,22.272717734366942
13,94,24.793702269739356
14,1,19.952816359074244
14,2,17.634802175523284
14,3,16.19533384021134
14,4,14.819639170607523
14,5,14.069717540751082
14,6,12.010868538689559
14,7,10.32534526013835
14,8,9.473615997603165
14,9,8.073002955246922
14,10,5.655775424505117
14,11,5.192503926624967
14,12,5.355508277449327
14,13,3.766984116021101
14,15,3.7984952701229946
14,16,5.471968952769174
14,17,5.114513120149277
14,18,5.6791273207651285
14,19,8.200728864292559
14,20,10.6929277596049
14,21,11.665130061511963
14,22,15.230523966981083
14,23,16.025395545918514
14,24,17.378130762946693
14,25,21.067078251076758
14,26,21.78732510987861
14,27,21.838690741523173
14,28,18.339930861406298
14,29,16.111201555986984
14,30,13.58763246259878
14,31,9.968162139902645
14,32,8.278203222161764
14,33,6.484136460388274
14,34,9.91779383239503
14,35,10.0171491182936
14,36,10.2252863133391
14,37,7.789157427661495
14,38,5.376958381425681
14,39,8.247434487278474
14,40,9.488585798563317
14,41,12.728082642500032
14,42,15.370642318001734
14,43,19.128195608992083
14,44,21.143097348589922
14,45,23.32828191257465
14,46,21.156284561626613
14,47,19.081871895664406
14,48,15.6840124883178
14,49,15.0368946361269
14,50,12.477889969326368
14,51,13.229962800498745
14,52,13.284754135767562
14,53,10.500162155553186
14,54,11.848565223913381
14,55,12.26564437079265
14,56,15.039042712034606
14,57,18.28357065469425
14,58,19.626682900426623
14,59,16.966519638195575
14,60,19.866624011020416
14,61,21.866739920293178
14,62,19.330330647186088
14,63,17.3806692629972
14,64,19.391849943406893
14,65,18.66690034228018
14,66,16.496027106818836
14,67,15.151277131120699
14,68,16.301926507527075
14,69,15.850454866925471
14,70,18.804612418657133
14,71,18.685015493082073
14,72,22.084495738914153
14,73,24.72472291802687
14,74,24.017044533727375
14,75,20.968175475923946
14,76,19.782516700643324
14,77,17.488291301587335
14,78,20.10204454369748
14,79,20.39293995261408
14,80,21.77991649126031
14,81,25.325058279109697
14,82,24.517263280817396
14,83,22.063951430087613
14,84,19.027274288863723
14,85,16.00129570245913
14,86,17.350684235583046
14,87,16.801763710088856
14,88,18.865821382012555
14,89,17.63693246301887
14,90,21.04364245328126
14,91,20.573656457373232
14,92,18.092825753319904
14,93,20.47744299638591
14,94,23.40075995567288
15,1,21.50793170099698
15,2,19.55211173534858
15,3,18.402142660286447
15,4,16.358309665552483
15,5,15.603053014894936
15,6,14.331682448170504
15,7,12.387171925986527
15,8,10.48271204030139
15,9,9.611256846758076
15,10,8.319579275664832
15,11,6.300043296084524
15,12,5.2066048472174025
15,13,5.235380673094163
15,14,3.7984952701229946
15,16,3.8027764990206836
15,17,5.703575120502512
15,18,4.932817090958557
15,19,5.767686220753604
15,20,9.121759854155073
15,21,10.638747730152238
15,22,13.959760939186932
15,23,14.356399455671886
15,24,16.30091063341542
15,25,20.09367876347276
15,26,21.14490608708349
15,27,21.1535264416984
15,28,17.902705088703982
15,29,15.730874721719944
15,30,12.578426352346682
15,31,9.42074112919717
15,32,7.9182256961735265
15,33,6.992917589256057
15,34,10.685130828186693
15,35,11.132512013591745
15,36,12.469049752809923
15,37,10.590709062767544
15,38,7.968834985218252
15,39,9.755723609791414
15,40,10.328851825691098
15,41,12.734247666281426
15,42,15.933015486379363
15,43,19.506947421524384
15,44,21.37151738317337
15,45,23.998434976596553
15,46,22.333118800607835
15,47,20.76813533855694
15,48,17.62462542392031
15,49,17.67563154991695
15,50,15.598842808003456
15,51,16.79216072405798
15,52,16.85999186039443
15,53,14.107552568583442
15,54,15.4723531926454
15,55,15.438972606663116
15,56,18.274764064096427
15,57,21.48411552427837
15,58,23.105261011529265
15,59,20.62270586838436
15,60,23.591004681658895
15,61,25.59682139589237
15,62,23.037502708676598
15,63,21.168231919713712
15,64,23.100635561142916
15,65,22.238103778108815
15,66,19.820568899784682
15,67,18.116605846179986
15,68,18.753425137786632
15,69,17.623760377105377
15,70,20.117261144894833
15,71,19.376817189588238
15,72,22.45756015850141
15,73,24.859310973274237
15,74,23.669189585315646
15,75,20.464059753631997
15,76,19.386320910877085
15,77,17.66895181145479
15,78,20.617670061857993
15,79,20.776042174022223
15,80,22.494427177716556
15,81,25.858492843380116
15,82,24.653032228909048
15,83,21.943102072435945
15,84,19.197557177371092
15,85,16.524006664898128
15,86,18.547133597000347
15,87,18.670842743107617
15,88,21.226799993837226
15,89,20.36232334758731
15,90,23.94629451262514
15,91,23.83407751027914
15,92,21.413463102006983
15,93,23.578995249927413
15,94,26.574251009069403
16,1,22.901200111647384
16,2,20.54764458857222
16,3,19.939866073219957
16,4,18.17199049424517
16,5,16.654419202336886
16,6,15.221121430960052
16,7,14.16026222829315
16,8,12.08414598527624
16,9,10.123040858233416
16,10,9.603189405109333
16,11,8.755588422392703
16,12,6.213073349242668
16,13,4.702025292597076
16,14,5.471968952769174
16,15,3.8027764990206836
16,17,3.8481834068692184
16,18,5.063554072413418
16,19,4.714931945307287
16,20,7.063833824592742
16,21,9.605905328439128
16,22,13.148640919361641
16,23,14.444463169993496
16,24,16.881716947351247
16,25,20.536373583179763
16,26,22.157042853741874
16,27,22.779331019493956
16,28,19.785195781914663
16,29,18.18383566722623
16,30,14.984173291144126
16,31,11.758095474517598
16,32,11.157814736817954
16,33,10.563810744607997
16,34,14.29366903579913
16,35,14.611075656814517
16,36,15.49587870774019
16,37,13.211380864320196
16,38,10.344696363485639
16,39,12.15307615739865
16,40,11.870861651577027
16,41,14.355474810200402
16,42,17.69490126336496
16,43,21.166700344194847
16,44,23.49802771137203
16,45,26.256599650770223
16,46,24.410130117839884
16,47,22.944377331651733
16,48,19.57376506322138
16,49,19.390103634977674
16,50,17.02259503848686
16,51,17.924665461193207
16,52,18.445572111244168
16,53,15.637981198283308
16,54,16.333402275542163
16,55,16.693992599960996
16,56,19.890116421433586
16,57,22.795417936054523
16,58,24.369732648640422
16,59,21.579934606635188
16,60,24.128811343952915
16,61,26.523064147609414
16,62,24.214936738235778
16,63,21.852017940046963
16,64,23.796890014127783
16,65,23.516295599833963
16,66,21.470990492056277
16,67,20.329407857991793
16,68,21.14886155969861
16,69,20.373935058434515
16,70,22.8829775332052
16,71,22.0435406505159
16,72,25.23319766175848
16,73,27.363558592848396
16,74,26.382624784286996
16,75,22.985535720089526
16,76,22.36458118418212
16,77,20.82102212602612
16,78,23.915908073487397
16,79,24.34354765568681
16,80,26.13343501289344
16,81,29.563261639793513
16,82,28.43904880587375
16,83,25.701083609080968
16,84,22.973102533329534
16,85,20.203057310875355
16,86,22.01751576720562
16,87,21.79883317046506
16,88,24.055973546855252
16,89,23.048571958969205
16,90,26.471740824837564
16,91,25.900472550829345
16,92,23.470266811907386
16,93,25.90193933621018
16,94,28.723997349186455
17,1,24.052453082229707
17,2,21.37643817463225
17,3,20.425809496610604
17,4,19.27278062954621
17,5,17.85549610003069
17,6,15.653661965120955
17,7,14.799078227547616
17,8,13.63999646423948
17,9,11.29051779936582
17,10,9.78106776077301
17,11,9.945820696923889
17,12,8.42410190610698
17,13,5.409264611822637
17,14,5.114513120149277
17,15,5.703575120502512
17,16,3.8481834068692184
17,18,3.777069480925846
17,19,5.623831680269805
17,20,6.513319366971334
17,21,8.014032549593008
17,22,11.793726693254667
17,23,13.615125331137973
17,24,15.500592376244311
17,25,18.99658278870851
17,26,20.485310650655485
17,27,21.40492349116482
17,28,18.36129256354934
17,29,17.095009749391483
17,30,14.386111496608851
17,31,10.830102746142682
17,32,10.890996681034336
17,33,10.631343172278825
17,34,14.239958481886786
17,35,14.971106548623078
17,36,15.00449977394293
17,37,12.00205903567878
17,38,8.762936079174189
17,39,10.342864003100054
17,40,9.605536681482226
17,41,12.53705354669115
17,42,15.549728999460687
17,43,19.02865313214043
17,44,21.71647159879702
17,45,24.27749798744384
17,46,22.07031886932439
17,47,20.51652512273356
17,48,16.968161375671407
17,49,16.550559530742348
17,50,14.124917332565326
17,51,15.107523458724526
17,52,16.260067173802135
17,53,13.950451036247768
17,54,14.819336726013212
17,55,16.035610483767144
17,56,18.97662731965187
17,57,21.970410529449666
17,58,22.975911704086528
17,59,19.827462917065358
17,60,22.101562411270702
17,61,24.372397845748427
17,62,21.91940876919747
17,63,19.267491266450044
17,64,20.83961961476976
17,65,20.75944966419032
17,66,18.81277602832305
17,67,18.10017577814995
17,68,18.905606324292727
17,69,18.538856569820076
17,70,21.099852675331306
17,71,20.423409171474226
17,72,23.84086484002187
17,73,25.879399402524704
17,74,25.406986101843476
17,75,21.99920502993331
17,76,21.679002622966003
17,77,19.95907080887568
17,78,23.026973801949048
17,79,23.936048811656878
17,80,25.797858662576648
17,81,29.426312203459688
17,82,28.79047016933104
17,83,26.01429748058829
17,84,23.30407283374397
17,85,20.11223272463611
17,86,21.32079614497228
17,87,20.50347219117951
17,88,22.349193408143396
17,89,21.444194695078387
17,90,24.68528751465201
17,91,23.734650630007422
17,92,21.62742474398443
17,93,24.462225059122154
17,94,27.362904275406155
18,1,25.531082828533396
18,2,23.23218975175987
18,3,21.87275938200793
18,4,20.370605698937023
18,5,19.555488004737356
18,6,17.597833990118485
18,7,15.972102923410594
18,8,14.760158148129753
18,9,13.256671143661702
18,10,11.298585361198066
18,11,10.355339816275654
18,12,9.557294246345007
18,13,7.701115241933788
18,14,5.6791273207651285
18,15,4.932817090958557
18,16,5.063554072413418
18,17,3.777069480925846
18,19,3.7809605787114395
18,20,5.680702690012085
18,21,6.0793855240460655
18,22,9.583954046383024
18,23,10.572416498522594
18,24,12.347497133580388
18,25,16.02098555566053
18,26,17.343021720529954
18,27,17.997383404783175
18,28,14.96475443823479
18,29,13.657057277515124
18,30,10.734124492389284
18,31,7.353004450871126
18,32,7.958671308043719
18,33,8.798844775556649
18,34,12.379600886908339
18,35,13.921697946592525
18,36,14.457282266519444
18,37,11.559112306518244
18,38,7.889884711069694
18,39,8.266058644845366
18,40,7.049717160031363
18,41,9.379170663351877
18,42,12.733590422468522
18,43,16.145106115208545
18,44,18.624622100110425
18,45,21.43934164756837
18,46,19.631114002501697
18,47,18.48291829692946
18,48,15.229732293437344
18,49,15.62568577351537
18,50,13.940503672669362
18,51,15.761291824809813
18,52,16.92023124396849
18,53,14.972487487701237
18,54,16.655633343071592
18,55,17.68781141755308
18,56,20.255312302010203
18,57,23.594955703404075
18,58,24.51766092778209
18,59,21.535584971996748
18,60,24.112733779222342
18,61,25.953872069676297
18,62,23.116468798829082
18,63,20.808468415101867
18,64,22.04115375993508
18,65,21.377652489008184
18,66,18.857992098170847
18,67,17.554538092646844
18,68,17.6576145442433
18,69,16.604545705596287
18,70,18.72727111914784
18,71,17.57674218689424
18,72,20.789617591608565
18,73,22.68990939741212
18,74,21.983018803599844
18,75,18.508586623043097
18,76,18.289190107941206
18,77,16.915873356879807
18,78,20.2273537340964
18,79,21.275420455130945
18,80,23.504696861271892
18,81,27.07520134058659
18,82,26.435714709906634
18,83,23.393152012388327
18,84,21.023927617622068
18,85,17.861564564114772
18,86,19.304333111194346
18,87,18.87644587124825
18,88,21.13513188139276
18,89,20.799892939371386
18,90,24.25307254889855
