1,2,3.7927265795085905
1,3,6.874462689621796
1,4,8.513711002512856
1,5,11.209912276871849
1,6,14.394980688292035
1,7,17.38651370825595
1,8,16.60560144510212
1,9,19.68345227230977
1,10,19.66964732871158
1,11,22.242739058723714
1,12,19.999858370400425
1,13,17.603063209514406
1,14,18.8905147907637
1,15,16.772260421840095
1,16,13.53634823866698
1,17,11.405864355533236
1,18,9.849736438187179
1,19,8.25150416474969
1,20,10.01864491756919
1,21,8.183767977096643
1,22,7.199151756172258
1,23,8.237800841502407
1,24,5.40570320228058
1,25,7.476955019382425
1,26,8.203816997453012
1,27,11.714419452342183
1,28,14.3438144909959
1,29,16.680966897125415
1,30,20.412571183241905
1,31,21.99657943033023
1,32,20.201622878396677
1,33,18.36570587306991
1,34,15.037500944586847
1,35,11.575984541613291
1,36,9.885450435615141
1,37,6.857230683197138
1,38,9.185003714386616
1,39,10.068831219086045
1,40,10.797310509815025
1,41,13.972372927901642
1,42,15.612821467809809
1,43,18.92167835021247
1,44,18.98639768454047
1,45,15.81952157270738
1,46,17.490754930688766
1,47,20.624773148223642
1,48,19.16462479952646
1,49,17.895377922733886
1,50,21.402870147430956
1,51,23.209809344274046
1,52,21.500846375171843
1,53,22.27899820626624
1,54,25.826014044188383
1,55,25.842174019109574
2,1,3.7927265795085905
2,3,3.790437470949287
2,4,6.749054184063649
2,5,9.4980442303632
2,6,12.58885822607479
2,7,16.03679733768909
2,8,15.891936308142467
2,9,19.370473560641486
2,10,20.07148345848115
2,11,22.692146398106225
2,12,20.262636393453157
2,13,18.4858557395321
2,14,20.298086814051345
2,15,18.749044645551606
2,16,15.804338452421272
2,17,14.261218459468179
2,18,13.20778830358662
2,19,11.94882912578177
2,20,13.791575829225366
2,21,11.687933241009269
2,22,10.290057323620186
2,23,10.910669974517816
2,24,8.625460286250318
2,25,9.999599943103389
2,26,10.205469966432647
2,27,13.07643907548731
2,28,15.61986667051895
2,29,17.21413956702129
2,30,20.992859676054035
2,31,21.967248340213168
2,32,20.034479188571456
2,33,18.863761616067354
2,34,15.24752937614055
2,35,12.327471602477054
2,36,9.964384719591061
2,37,7.161976843308926
2,38,9.598106348719888
2,39,10.105424208984132
2,40,11.913851418500363
2,41,14.501040735008141
2,42,15.857024237118333
2,43,19.48839330803028
2,44,19.823361191892566
2,45,17.15145055726574
2,46,19.08291622015539
2,47,22.232886394922605
2,48,21.044077127559763
2,49,20.28035415484898
2,50,23.74152025327783
2,51,25.550574279413222
2,52,24.224069305102383
2,53,25.199578656381767
2,54,28.602553582503496
2,55,28.38393819222319
3,1,6.874462689621796
3,2,3.790437470949287
3,4,3.8107432048529692
3,5,6.733717977750575
3,6,9.278666098289412
3,7,12.933176576926115
3,8,13.450466771583674
3,9,17.089532257253513
3,10,18.28183257168064
3,11,21.07398793116642
3,12,18.809951424962296
3,13,17.562226339293414
3,14,19.987358927483694
3,15,18.8794091283022
3,16,16.172645870945868
3,17,15.500365978037983
3,18,14.849213837309772
3,19,14.450855077305143
3,20,16.671746569152035
3,21,14.751957960486312
3,22,13.863051933363593
3,23,12.085338898376756
3,24,10.3501675975234
3,25,10.789581624362857
3,26,10.943714774221844
3,27,12.989056872065062
3,28,15.728743200386612
3,29,16.599901064092784
3,30,20.321223172198863
3,31,20.940169384277414
3,32,19.379340308353925
3,33,18.834595565341218
3,34,15.309876425593291
3,35,12.838875367933682
3,36,9.644119306256401
3,37,6.928469054159805
3,38,8.404510879281691
3,39,8.294795045348756
3,40,11.020815771622225
3,41,12.93500176242856
3,42,13.79231335200251
3,43,17.56318625448092
3,44,18.124900696751226
3,45,16.03965769126704
3,46,18.172894022997525
3,47,21.215630265783833
3,48,20.385417376875797
3,49,20.196255733968574
3,50,23.506620487711547
3,51,25.297187753190475
3,52,24.508018406230423
3,53,25.695268892465517
3,54,28.83980845351262
3,55,28.323248181812826
4,1,8.513711002512856
4,2,6.749054184063649
4,3,3.8107432048529692
4,5,3.7993667296803304
4,6,6.065392230800468
4,7,9.440717644450821
4,8,9.882479823403207
4,9,13.430247767053427
4,10,14.616356347803958
4,11,17.547635969868328
4,12,15.56075396985893
4,13,14.452974254771316
4,14,17.24498087629921
4,15,16.361776372171555
4,16,13.89273157324671
4,17,14.062312489093417
4,18,13.91549101311099
4,19,14.490680007739584
4,20,17.217651765066496
4,21,15.937448671454423
4,22,15.682439152289874
4,23,11.74605741859071
4,24,10.196515926631827
4,25,9.383280662830694
4,26,9.430143143513636
4,27,10.626336726061298
4,28,13.609581656351686
4,29,14.11769882379266
4,30,17.737937877454648
4,31,18.466882094513725
4,32,17.496823782643293
4,33,17.125110611714025
4,34,13.985779484747864
4,35,11.66524167456815
4,36,7.984848140874503
4,37,5.3625919158595865
4,38,5.38934992581763
4,39,5.3002672994444575
4,40,8.760256920272623
4,41,10.528933403751878
4,42,10.583540943824756
4,43,14.301471364986366
4,44,14.625212007096124
4,45,12.880383923542036
4,46,15.356827055413374
4,47,18.108638155908803
4,48,17.325940672265975
4,49,17.646289385523477
4,50,20.87714475883052
4,51,22.459770696859167
4,52,22.034564019945865
4,53,23.513323791499648
4,54,26.386127664925073
4,55,25.814708297897244
5,1,11.209912276871849
5,2,9.4980442303632
5,3,6.733717977750575
5,4,3.7993667296803304
5,6,3.797527772349681
5,7,6.861320969580242
5,8,6.958623761393322
5,9,10.737605254689319
5,10,12.602009913375468
5,11,15.082569589387056
5,12,12.767132985622357
5,13,12.402570141792006
5,14,15.452123745405428
5,15,15.398304836704904
5,16,13.73614202890529
5,17,14.550803884236357
5,18,15.362104916925366
5,19,16.277978576214988
5,20,19.452907849422495
5,21,18.70862423668474
5,22,18.23291384570038
5,23,14.695641075568984
5,24,12.756250775843295
5,25,10.990001049890052
5,26,9.865625210225494
5,27,9.754392584735555
5,28,12.059607572089048
5,29,11.626403584069005
5,30,15.01667299986769
5,31,15.240511046518451
5,32,14.41600556884321
5,33,14.650303041242564
5,34,11.753279301975871
5,35,10.322494616238098
5,36,6.592315314061822
5,37,5.922657274287435
5,38,5.944558564839595
5,39,7.20268348734167
5,40,10.933963997375363
5,41,12.564734823886443
5,42,11.449322276885335
5,43,14.824412745898005
5,44,14.448542855476878
5,45,13.30572188676144
5,46,16.39928445687443
5,47,18.513047902286633
5,48,17.41213899178947
5,49,18.443781116325184
5,50,21.687598051241476
5,51,22.696715237619213
5,52,22.45105693232226
5,53,24.468606038067634
5,54,27.043192671272994
5,55,26.715750824626003
6,1,14.394980688292035
6,2,12.58885822607479
6,3,9.278666098289412
6,4,6.065392230800468
6,5,3.797527772349681
6,7,3.8225996879443693
6,8,5.885259072061397
6,9,9.38312422766643
6,10,11.815419220880145
6,11,14.514812246755662
6,12,12.884830599376095
6,13,13.211040999637435
6,14,16.733832087801773
6,15,17.00627533583376
6,16,15.618267807562653
6,17,17.088770394056965
6,18,17.880075200520228
6,19,19.26894267227945
6,20,22.386219402762258
6,21,21.594886557520837
6,22,21.49140658011228
6,23,16.56002351597584
6,24,15.311729679293634
6,25,13.371830634437158
6,26,12.737410856407415
6,27,12.039554942171767
6,28,14.370938516741417
6,29,13.320872296190679
6,30,16.234888727634107
6,31,16.173182843632965
6,32,16.08768293642506
6,33,16.878488927741415
6,34,14.499682646991458
6,35,13.505312611140987
6,36,9.876311258708373
6,37,9.25508042160727
6,38,7.890785046738154
6,39,7.8515934817449295
6,40,11.578961583346246
6,41,12.085653555662432
6,42,10.261713752868745
6,43,13.360507522881958
6,44,13.34869339700324
6,45,13.183921685619955
6,46,16.131699019011275
6,47,17.965904204074892
6,48,17.47678597836909
6,49,19.020539422658253
6,50,21.841425596972037
6,51,22.87192334864369
6,52,23.25276815859641
6,53,25.280305630920434
6,54,27.504656129783434
6,55,26.79879178803699
7,1,17.38651370825595
7,2,16.03679733768909
7,3,12.933176576926115
7,4,9.440717644450821
7,5,6.861320969580242
7,6,3.8225996879443693
7,8,3.8025136063583247
7,9,6.3033187970533895
7,10,9.23554147301808
7,11,11.750663985906566
7,12,10.75225489849572
7,13,11.80313362163464
7,14,15.561445195566522
7,15,16.378517270349352
7,16,15.668470900113984
7,17,17.893629302386028
7,18,19.150579835939002
7,19,21.110514527645318
7,20,24.40919545327767
7,21,24.0673441355498
7,22,24.26240777565987
7,23,18.5434985321199
7,24,17.47088195848856
7,25,14.91695964542282
7,26,14.127258167695418
7,27,12.465778349628293
7,28,14.408091038552435
7,29,12.70993687743237
7,30,14.955737631986679
7,31,14.7946595490127
7,32,15.590702898612594
7,33,16.72927249996405
7,34,15.134846004819583
7,35,14.664661400817998
7,36,11.450693707500756
7,37,11.520709946198506
7,38,9.446796667384287
7,39,9.605487684811004
7,40,12.827141384982388
7,41,12.905083994316502
7,42,10.071074223238814
7,43,12.28719740200796
7,44,11.736712287589802
7,45,12.536655939831718
7,46,15.641704017902033
7,47,16.71108970546167
7,48,16.31411314151957
7,49,18.5467623812464
7,50,21.02766218038887
7,51,21.619902745508625
7,52,22.46714189108447
7,53,24.7967605234263
7,54,26.557318373403444
7,55,25.85705624300385
8,1,16.60560144510212
8,2,15.891936308142467
8,3,13.450466771583674
8,4,9.882479823403207
8,5,6.958623761393322
8,6,5.885259072061397
8,7,3.8025136063583247
8,9,3.8121044854646002
8,10,6.491198830152045
8,11,8.693504300190412
8,12,7.156464932822512
8,13,8.09004666764447
8,14,11.817019707623365
8,15,12.89751866507812
8,16,12.659558748758347
8,17,15.129759546226198
8,18,16.961116645422916
8,19,19.108946775043183
8,20,22.639725798424838
8,21,22.84346470218594
8,22,23.031419785935046
8,23,17.80175847248649
8,24,16.26958712533747
8,25,13.188883366201285
8,26,11.767076017328751
8,27,9.394361435575965
8,28,10.898977337411571
8,29,9.043649654223808
8,30,11.26406601657175
8,31,11.523491570300884
8,32,12.514287551381877
8,33,13.331451508179262
8,34,12.136005337910905
8,35,11.8204090800815
8,36,9.134657490593845
8,37,10.028255560958108
8,38,8.121029453315336
8,39,9.623357444657023
8,40,12.500229336669394
8,41,13.445727069099624
8,42,10.54132900050686
8,43,12.480731477493293
8,44,10.848014829282315
8,45,11.198346109763005
8,46,14.77519453178001
8,47,15.486858205384268
8,48,14.29308318180529
8,49,16.643850616313003
8,50,19.37444559749039
8,51,19.488317275316437
8,52,20.014279762556207
8,53,22.692213013060236
8,54,24.44186136739655
8,55,24.236706595124826
9,1,19.68345227230977
9,2,19.370473560641486
9,3,17.089532257253513
9,4,13.430247767053427
9,5,10.737605254689319
9,6,9.38312422766643
9,7,6.3033187970533895
9,8,3.8121044854646002
9,10,3.8090453369816037
9,11,5.485748658098698
9,12,5.396380737686367
9,13,7.194871960092595
9,14,10.842042982377654
9,15,12.482183026578396
9,16,13.092871837410295
9,17,16.21963248755763
9,18,18.3866262471217
9,19,21.018565187785782
9,20,24.575225660231226
9,21,25.205776296640416
9,22,25.714596429782695
9,23,19.865894488146008
9,24,18.586357797658682
9,25,15.163395924560183
9,26,13.811516935280167
9,27,10.791712149254593
9,28,11.722718447620641
9,29,9.489340942341508
9,30,10.556764522688127
9,31,11.027126373153779
9,32,13.116432174239792
9,33,14.015070101088236
9,34,13.827327496967374
9,35,13.898824958980288
9,36,11.907777155408503
9,37,13.055564803504561
9,38,10.769157864422683
9,39,12.146371617404737
9,40,14.295083480754196
9,41,14.9003936412464
9,42,11.480271361930718
9,43,12.271188802523103
9,44,9.896983386515156
9,45,11.174900121731877
9,46,14.65274759743498
9,47,14.403938231590827
9,48,13.207232082231672
9,49,16.216321291009322
9,50,18.475781113255298
9,51,18.01085378372889
9,52,19.000685435547688
9,53,21.960903764142223
9,54,23.157604165952254
9,55,23.043454538765605
10,1,19.66964732871158
10,2,20.07148345848115
10,3,18.28183257168064
10,4,14.616356347803958
10,5,12.602009913375468
10,6,11.815419220880145
10,7,9.23554147301808
10,8,6.491198830152045
10,9,3.8090453369816037
10,11,3.80303490981082
10,12,5.314187154689533
10,13,5.475353707806285
10,14,8.740231498990505
10,15,9.912924851565544
10,16,10.755070404568587
10,17,14.288890537229543
10,18,16.50817070131159
10,19,19.574154958496777
10,20,23.02758487859177
10,21,24.08281630360835
10,22,25.030428933631327
10,23,18.626655838397543
10,24,17.589544769668226
10,25,13.949115966536455
10,26,12.936022462760542
10,27,9.77467295037109
10,28,10.809765960076028
10,29,9.432067569986257
10,30,10.284489388685998
10,31,11.947430181941389
10,32,14.246741295638875
10,33,14.25045887806743
10,34,14.452682116275025
10,35,14.016104334534418
10,36,12.499314987441275
10,37,13.35305473781977
10,38,10.701070797974024
10,39,12.14569683265442
10,40,13.317624823484493
10,41,14.114055325410952
10,42,10.79238621056308
10,43,10.821054758820166
10,44,7.607975835178277
10,45,8.801356819303642
10,46,12.184373652982607
10,47,11.36771406683096
10,48,9.783564554056012
10,49,13.026774808390186
10,50,15.117628971531454
10,51,14.33213525764172
10,52,15.396043239584902
10,53,18.473232144258663
10,54,19.48373498054747
10,55,19.548478221449322
11,1,22.242739058723714
11,2,22.692146398106225
11,3,21.07398793116642
11,4,17.547635969868328
11,5,15.082569589387056
11,6,14.514812246755662
11,7,11.750663985906566
11,8,8.693504300190412
11,9,5.485748658098698
11,10,3.80303490981082
11,12,3.817122276087867
11,13,5.499473453444393
11,14,7.76201834959443
11,15,10.191472936583544
11,16,12.229471389076512
11,17,15.802061235926013
11,18,18.591905966909167
11,19,21.5852870530976
11,20,25.1499467215556
11,21,26.56369069053391
11,22,27.297421752434254
11,23,21.731761448908703
11,24,20.34510997300258
11,25,16.582570696838673
11,26,14.946701431921095
11,27,11.328250924595192
11,28,11.071327238112893
11,29,8.960330337975556
11,30,8.33872389873174
11,31,9.843154031118708
11,32,12.868800900752229
11,33,13.162898639829253
11,34,14.330193290681557
11,35,14.74088457294407
11,36,14.041992384021432
11,37,15.714527013331354
11,38,13.664049037858842
11,39,15.625362104870614
11,40,16.854141881774538
11,41,17.873545331152798
11,42,14.591930131835063
11,43,14.407045250292095
11,44,10.994250623975203
11,45,12.157141150982238
11,46,15.42041425650312
11,47,14.062825004350064
11,48,12.036513078035977
11,49,15.373935031752188
11,50,17.291235534147496
11,51,15.731649817878049
11,52,16.664140494636623
11,53,20.117106211417283
11,54,20.745489616983367
11,55,21.32648774571468
12,1,19.999858370400425
12,2,20.262636393453157
12,3,18.809951424962296
12,4,15.56075396985893
12,5,12.767132985622357
12,6,12.884830599376095
12,7,10.75225489849572
12,8,7.156464932822512
12,9,5.396380737686367
12,10,5.314187154689533
12,11,3.817122276087867
12,13,3.803582064351108
12,14,6.460839336235111
12,15,9.292000515986695
12,16,11.214738505463272
12,17,14.310522993024074
12,18,17.339885581617256
12,19,19.863218143531096
12,20,23.585002774088334
12,21,24.891386023152045
12,22,25.1426155978282
12,23,20.80779557789796
12,24,18.84590673293306
12,25,15.160703852930698
12,26,12.837409016942146
12,27,9.121463760621351
12,28,8.304083839015437
12,29,5.477724357372564
12,30,5.342388347795102
12,31,6.652097222659748
12,32,9.23729698130552
12,33,9.662892696549742
12,34,10.65478699968588
12,35,11.454161129052618
12,36,10.992890079321143
12,37,13.294038992920907
12,38,12.027834467970646
12,39,14.654334914041302
12,40,16.432425409722732
12,41,18.030227881717853
12,42,15.075262527632455
12,43,15.813734260892033
12,44,12.677085113295101
12,45,12.958294399103123
12,46,16.604655269786715
12,47,16.014597011314027
12,48,13.611062915747654
12,49,16.400274326784448
12,50,18.962706214242584
12,51,17.710431605785686
12,52,17.93994684201477
12,53,21.370018787215354
12,54,22.558024855648554
12,55,23.335601533407676
13,1,17.603063209514406
13,2,18.4858557395321
13,3,17.562226339293414
13,4,14.452974254771316
13,5,12.402570141792006
13,6,13.211040999637435
13,7,11.80313362163464
13,8,8.09004666764447
13,9,7.194871960092595
13,10,5.475353707806285
13,11,5.499473453444393
13,12,3.803582064351108
13,14,3.7993935383495554
13,15,5.650395806718224
13,16,7.446914762414673
13,17,10.674354177335411
13,18,13.749933164088176
13,19,16.45562808418329
13,20,20.117557502573494
13,21,21.668091792607434
13,22,22.18069283627105
13,23,17.780185123883047
13,24,15.816062225555191
13,25,12.047334750802161
13,26,9.860760552950236
13,27,6.103965723306507
13,28,5.6982187164323745
13,29,4.732733898892136
13,30,5.93768750162414
13,31,8.761111054510181
13,32,10.416456248487172
13,33,9.396126568620602
13,34,9.993313444833673
13,35,9.678659936509584
13,36,9.474523976610948
13,37,11.325358798136843
13,38,10.010083902803483
13,39,12.892598458863375
13,40,14.047438903711903
13,41,16.137548390558653
13,42,13.67390684661028
13,43,14.47849498952653
13,44,11.22669409890766
13,45,10.554522890568126
13,46,14.14570588028094
13,47,13.800157074105813
13,48,10.892922460552729
13,49,13.21030421880958
13,50,16.078841619648713
13,51,14.95738956209499
13,52,14.68374274348772
13,53,18.051644192810713
13,54,19.56900512219455
13,55,20.531550988404934
14,1,18.8905147907637
14,2,20.298086814051345
14,3,19.987358927483694
14,4,17.24498087629921
14,5,15.452123745405428
14,6,16.733832087801773
14,7,15.561445195566522
14,8,11.817019707623365
14,9,10.842042982377654
14,10,8.740231498990505
14,11,7.76201834959443
14,12,6.460839336235111
14,13,3.7993935383495554
14,15,3.805172543186457
14,16,7.175377735148239
14,17,10.04814797406831
14,18,13.596182954302089
14,19,16.214258055817584
14,20,19.758526523890783
14,21,21.8986502102843
14,22,22.402411926645446
14,23,18.990735809479702
14,24,16.819134065300297
14,25,13.166079228906694
14,26,10.747367584942824
14,27,7.285129238474705
14,28,5.37000547246329
14,29,5.591042811497073
14,30,5.492149521477264
14,31,9.214671298547492
14,32,10.692223455692186
14,33,8.690844308853173
14,34,10.24193662794487
14,35,10.088560381735991
14,36,11.186247119398187
14,37,13.27190769565747
14,38,12.559933902439143
14,39,15.681478830044119
14,40,16.31127413468158
14,41,18.762667419735006
14,42,16.666417596388033
14,43,17.21971723114619
14,44,13.788481695032853
14,45,12.688140405324292
14,46,15.897656716561967
14,47,15.250016969425007
14,48,11.789535509474208
14,49,13.641965120385995
14,50,16.436220986559896
14,51,14.740399655743829
14,52,13.810836133108024
14,53,17.376628937372978
14,54,18.785127328921707
14,55,20.43100497095472
15,1,16.772260421840095
15,2,18.749044645551606
15,3,18.8794091283022
15,4,16.361776372171555
15,5,15.398304836704904
15,6,17.00627533583376
15,7,16.378517270349352
15,8,12.89751866507812
15,9,12.482183026578396
15,10,9.912924851565544
15,11,10.191472936583544
15,12,9.292000515986695
15,13,5.650395806718224
15,14,3.805172543186457
15,16,3.801400415740126
15,17,6.747829731931784
15,18,10.149632105905454
15,19,13.044105972290842
15,20,16.41696493256439
15,21,18.74398743960062
15,22,19.643867482017164
15,23,15.937824815139521
15,24,13.954679006337745
15,25,10.434614913555054
15,26,8.62988877675401
15,27,6.032431397054067
15,28,5.5227375652768815
15,29,7.746763946596786
15,30,8.93159566376207
15,31,12.591416535490035
15,32,13.405430714426872
15,33,10.802504082803571
15,34,11.41140731373008
15,35,9.959589503757018
15,36,10.898419540628147
15,37,12.058508673359544
15,38,11.247417635981257
15,39,14.180238563248317
15,40,14.070161309920195
15,41,16.828097429072894
15,42,15.359188533396551
15,43,15.960942250291913
15,44,12.793074588105922
15,45,10.803953068184684
15,46,13.613950871701675
15,47,13.377261970532226
15,48,9.691166576761429
15,49,10.669259252011601
15,50,13.759653997768524
15,51,12.47021717891838
15,52,10.906089523966072
15,53,14.218365454843784
15,54,16.116518516251485
15,55,17.805626313786714
16,1,13.53634823866698
16,2,15.804338452421272
16,3,16.172645870945868
16,4,13.89273157324671
16,5,13.73614202890529
16,6,15.618267807562653
16,7,15.668470900113984
16,8,12.659558748758347
16,9,13.092871837410295
16,10,10.755070404568587
16,11,12.229471389076512
16,12,11.214738505463272
16,13,7.446914762414673
16,14,7.175377735148239
16,15,3.801400415740126
16,17,3.795524168530578
16,18,6.656235144054021
16,19,9.820575136948692
16,20,13.198659466355192
16,21,15.253164839818576
16,22,16.42096873134884
16,23,12.144869394032893
16,24,10.246723359908907
16,25,6.78052153353234
16,26,5.767401122166494
16,27,4.617464575069695
16,28,6.311886135593048
16,29,9.27751414410637
16,30,11.596160988499847
16,31,14.914791685171691
16,32,15.156436934754597
16,33,12.533380912948271
16,34,11.966979457921472
16,35,9.401309816848446
16,36,9.579237850972968
16,37,9.602036125341149
16,38,8.69606192872074
16,39,11.379888667944822
16,40,10.844818660371565
16,41,13.952800968097783
16,42,13.168623355845028
16,43,14.248622243164462
16,44,11.724148726563623
16,45,8.829972864889134
16,46,11.421936978295713
16,47,12.170467689837102
16,48,8.808554884710434
16,49,8.785371657673474
16,50,12.399282383817189
16,51,12.178394624530771
16,52,10.364316236561736
16,53,12.985829375957845
16,54,15.599889910573742
16,55,16.81386924424287
17,1,11.405864355533236
17,2,14.261218459468179
17,3,15.500365978037983
17,4,14.062312489093417
17,5,14.550803884236357
17,6,17.088770394056965
17,7,17.893629302386028
17,8,15.129759546226198
17,9,16.21963248755763
17,10,14.288890537229543
17,11,15.802061235926013
17,12,14.310522993024074
17,13,10.674354177335411
17,14,10.04814797406831
17,15,6.747829731931784
17,16,3.795524168530578
17,18,3.8003251469534
17,19,6.297984829619707
17,20,9.729993436482497
17,21,12.065194601359055
17,22,13.065300978398254
17,23,10.697950736564549
17,24,8.217837393669187
17,25,5.73230454272519
17,26,4.858211034064719
17,27,6.057314224561053
17,28,7.5739190628089075
17,29,11.207711669297664
17,30,13.846360221191798
17,31,16.998482769654878
17,32,16.44172106137008
17,33,13.385474864443594
17,34,12.228758564984494
17,35,9.029719390743853
17,36,9.7168533445619
17,37,9.267104887098382
17,38,9.552264615551875
17,39,12.228258936292113
17,40,11.489172748052956
17,41,15.065317989584702
17,42,15.140371516546757
17,43,16.696840062313676
17,44,14.733383157013174
17,45,11.367415372941501
17,46,13.431280777534003
17,47,14.839923468093891
17,48,11.745824454136661
17,49,10.625038071983525
17,50,14.29684549635683
17,51,14.563214600001771
17,52,12.059751616851438
17,53,13.949031642290853
17,54,17.083213231728703
17,55,18.420326079232098
18,1,9.849736438187179
18,2,13.20778830358662
18,3,14.849213837309772
18,4,13.91549101311099
18,5,15.362104916925366
18,6,17.880075200520228
18,7,19.150579835939002
18,8,16.961116645422916
18,9,18.3866262471217
18,10,16.50817070131159
18,11,18.591905966909167
18,12,17.339885581617256
18,13,13.749933164088176
18,14,13.596182954302089
18,15,10.149632105905454
18,16,6.656235144054021
18,17,3.8003251469534
18,19,3.789025811753215
18,20,6.68758118862347
18,21,8.82514689870065
18,22,10.621306633781394
18,23,7.528923259667888
18,24,5.55653490804679
18,25,4.661442085303313
18,26,6.164020292205455
18,27,8.739809574433215
18,28,11.044548572918663
18,29,14.535223253338241
18,30,17.428562635627955
18,31,20.437331898335916
18,32,19.750998638783354
18,33,16.835041573549564
18,34,15.180592815369483
18,35,11.614192726744712
18,36,11.562066225717786
18,37,9.854845127067133
18,38,10.004347884834871
18,39,11.713473969586852
18,40,10.150897770882535
18,41,13.759070265093214
18,42,14.777917628344035
18,43,16.48329592930305
18,44,15.290798282713705
18,45,11.550780057657127
18,46,12.748112756920616
18,47,14.878548963805109
18,48,12.445338575542602
18,49,10.334674179384843
18,50,13.862403585675668
18,51,15.030361022665584
18,52,12.474893363983167
18,53,13.34732278529281
18,54,16.918625204725245
18,55,17.802941013392108
19,1,8.25150416474969
19,2,11.94882912578177
19,3,14.450855077305143
19,4,14.490680007739584
19,5,16.277978576214988
19,6,19.26894267227945
19,7,21.110514527645318
19,8,19.108946775043183
19,9,21.018565187785782
19,10,19.574154958496777
19,11,21.5852870530976
19,12,19.863218143531096
19,13,16.45562808418329
19,14,16.214258055817584
19,15,13.044105972290842
19,16,9.820575136948692
19,17,6.297984829619707
19,18,3.789025811753215
19,20,3.7948390991534997
19,21,5.960223807394558
19,22,7.117840511545051
19,23,8.126952731656651
19,24,5.470055032468853
19,25,6.555751854792062
19,26,7.512889198454559
19,27,10.82445608745196
19,28,12.747149473556076
19,29,16.305800454773163
19,30,19.376399204015595
19,31,22.100843410330974
19,32,20.786631221688257
19,33,17.77382749136406
19,34,15.66715508128738
19,35,11.99053406564855
19,36,12.24527604390226
19,37,10.441886029359058
19,38,11.733872532258555
19,39,13.447362462714487
19,40,12.3013552807294
19,41,15.978642806367738
19,42,17.419031172654716
19,43,19.56241228309562
19,44,18.671669612629355
19,45,14.929082626214086
19,46,16.090183362077795
19,47,18.50691029543146
19,48,16.20812581013546
19,49,14.01398634765537
19,50,17.43548946609264
19,51,18.72651482240792
19,52,16.002660842820823
19,53,16.564647689715226
19,54,20.238042128313403
19,55,21.156795436297383
20,1,10.01864491756919
20,2,13.791575829225366
20,3,16.671746569152035
20,4,17.217651765066496
20,5,19.452907849422495
20,6,22.386219402762258
20,7,24.40919545327767
20,8,22.639725798424838
20,9,24.575225660231226
20,10,23.02758487859177
20,11,25.1499467215556
20,12,23.585002774088334
20,13,20.117557502573494
20,14,19.758526523890783
20,15,16.41696493256439
20,16,13.198659466355192
20,17,9.729993436482497
20,18,6.68758118862347
20,19,3.7948390991534997
20,21,3.8339063705684335
20,22,6.0421288866390475
20,23,8.864629670074008
20,24,7.443004596655361
20,25,9.668815377549071
20,26,11.225516723410108
20,27,14.580705815550248
20,28,16.49307647395544
20,29,20.08829077594923
20,30,23.099707129311042
20,31,25.864758528633782
20,32,24.47714568903818
20,33,21.393472352136488
20,34,19.27392344023161
20,35,15.62758589875288
20,36,15.85688963120274
20,37,13.76292334317202
20,38,14.964981171799032
20,39,16.0832942411566
20,40,14.438277415050695
20,41,17.828181738945556
20,42,19.83994552255352
20,43,21.862058515190867
20,44,21.34986761375502
20,45,17.53803590356782
20,46,18.02610579419053
20,47,20.609497168417487
20,48,18.640009342082003
20,49,15.888663822572358
20,50,18.897724735476192
20,51,20.52845837624301
20,52,17.635599096921364
20,53,17.431113774654033
20,54,21.210316649009254
20,55,22.039489606470557
21,1,8.183767977096643
21,2,11.687933241009269
21,3,14.751957960486312
21,4,15.937448671454423
21,5,18.70862423668474
21,6,21.594886557520837
21,7,24.0673441355498
21,8,22.84346470218594
21,9,25.205776296640416
21,10,24.08281630360835
21,11,26.56369069053391
21,12,24.891386023152045
21,13,21.668091792607434
21,14,21.8986502102843
21,15,18.74398743960062
21,16,15.253164839818576
21,17,12.065194601359055
21,18,8.82514689870065
21,19,5.960223807394558
21,20,3.8339063705684335
21,22,3.834020243231445
21,23,7.760756555495194
21,24,6.796503853269252
21,25,10.148573080031785
21,26,12.13941355129966
21,27,15.840781315060514
21,28,18.201395587495227
21,29,21.50777219370597
21,30,24.842343319855154
21,31,27.276216534316404
21,32,25.715376943946744
21,33,22.98544300258537
21,34,20.365887269517444
21,35,16.64353824919335
21,36,16.184421605513702
21,37,13.496321562544896
21,38,14.82604725262811
21,39,15.31822272572891
21,40,13.884039348487477
21,41,17.008386472260526
21,42,19.47895098767873
21,43,21.90042346590083
21,44,21.976163044918124
21,45,18.249683616562525
21,46,18.625677713074918
21,47,21.690366593667484
21,48,20.209407818376626
21,49,17.556183774203127
21,50,20.540477424970877
21,51,22.63247404667707
21,52,20.139966697301368
21,53,19.76816244540958
21,54,23.58861042619528
21,55,23.88693903984877
22,1,7.199151756172258
22,2,10.290057323620186
22,3,13.863051933363593
22,4,15.682439152289874
22,5,18.23291384570038
22,6,21.49140658011228
22,7,24.26240777565987
22,8,23.031419785935046
22,9,25.714596429782695
22,10,25.030428933631327
22,11,27.297421752434254
22,12,25.1426155978282
22,13,22.18069283627105
22,14,22.402411926645446
22,15,19.643867482017164
22,16,16.42096873134884
22,17,13.065300978398254
22,18,10.621306633781394
22,19,7.117840511545051
22,20,6.0421288866390475
22,21,3.834020243231445
22,23,10.391064231453663
22,24,8.3339945269599
22,25,11.390596334975204
22,26,12.37418796676198
22,27,16.11528384601146
22,28,18.05497735895825
22,29,21.197597736654643
22,30,24.594649364544388
22,31,26.66928510055315
22,32,24.62762282793205
22,33,22.00118305247216
22,34,19.10407973497301
22,35,15.592584528526682
22,36,15.406023312273595
22,37,13.118248718865384
22,38,15.341215179915967
22,39,16.31297780716573
22,40,15.73993570533632
22,41,19.016637872889675
22,42,21.197754787790036
22,43,23.988712091984038
22,44,23.90261210321551
22,45,20.26976887319932
22,46,21.209835994144697
22,47,24.23904833216098
22,48,22.50082764540855
22,49,20.2447516951991
22,50,23.50474404928094
22,51,25.323118370841197
22,52,22.784000968362704
22,53,22.852460889135976
22,54,26.642572907727352
22,55,27.129918039937323
23,1,8.237800841502407
23,2,10.910669974517816
23,3,12.085338898376756
23,4,11.74605741859071
23,5,14.695641075568984
23,6,16.56002351597584
23,7,18.5434985321199
23,8,17.80175847248649
23,9,19.865894488146008
23,10,18.626655838397543
23,11,21.731761448908703
23,12,20.80779557789796
23,13,17.780185123883047
23,14,18.990735809479702
23,15,15.937824815139521
23,16,12.144869394032893
23,17,10.697950736564549
23,18,7.528923259667888
23,19,8.126952731656651
23,20,8.864629670074008
23,21,7.760756555495194
23,22,10.391064231453663
23,24,3.804718801077952
23,25,6.188330687941976
23,26,9.83630270449895
23,27,12.848140955687473
23,28,16.26934010712499
23,29,18.9689579768173
23,30,22.343214385590205
23,31,24.785323540537036
23,32,24.126264486722484
23,33,21.988939519897663
23,34,19.54357299329169
23,35,15.868217396198261
23,36,14.062237249431202
23,37,10.644687196524378
23,38,9.930002534456198
23,39,9.048362426344562
23,40,6.578158062143728
23,41,9.36892777573477
23,42,12.106343024585573
23,43,14.3954448150694
23,44,15.042454162645603
23,45,11.540747297260113
23,46,11.525143818283059
23,47,15.00471610231395
23,48,14.371916141233008
23,49,12.072624499623176
23,50,14.91214603601639
23,51,17.564233944830224
23,52,16.145817368363268
23,53,15.885748469942438
23,54,19.45913844207731
23,55,18.848587569632883
24,1,5.40570320228058
24,2,8.625460286250318
24,3,10.3501675975234
24,4,10.196515926631827
24,5,12.756250775843295
24,6,15.311729679293634
24,7,17.47088195848856
24,8,16.26958712533747
24,9,18.586357797658682
24,10,17.589544769668226
24,11,20.34510997300258
24,12,18.84590673293306
24,13,15.816062225555191
24,14,16.819134065300297
24,15,13.954679006337745
24,16,10.246723359908907
24,17,8.217837393669187
24,18,5.55653490804679
24,19,5.470055032468853
24,20,7.443004596655361
24,21,6.796503853269252
24,22,8.3339945269599
24,23,3.804718801077952
24,25,3.808673978492316
24,26,6.718167565239222
24,27,10.221847993212112
24,28,13.366539534243119
24,29,16.22163415780599
24,30,19.710824043697414
24,31,22.050497034910673
24,32,21.017157018306317
24,33,18.751382873282093
24,34,16.148059005893174
24,35,12.402842633758095
24,36,10.937394768807424
24,37,7.763559705292531
24,38,8.187610332844999
24,39,8.731226106427668
24,40,7.597701410638803
24,41,11.146964014942748
24,42,13.043221709318738
24,43,15.689399541669832
24,44,15.616856873042064
24,45,12.022859840708174
24,46,13.097820127010952
24,47,16.214960620863703
24,48,14.77998374817345
24,49,12.93258075057639
24,50,16.32480652113573
24,51,18.325643654016254
24,52,16.53978520874226
24,53,16.99684775886205
24,54,20.59801052707357
24,55,20.57625411344364
25,1,7.476955019382425
25,2,9.999599943103389
25,3,10.789581624362857
25,4,9.383280662830694
25,5,10.990001049890052
25,6,13.371830634437158
25,7,14.91695964542282
25,8,13.188883366201285
25,9,15.163395924560183
25,10,13.949115966536455
25,11,16.582570696838673
25,12,15.160703852930698
25,13,12.047334750802161
25,14,13.166079228906694
25,15,10.434614913555054
25,16,6.78052153353234
25,17,5.73230454272519
25,18,4.661442085303313
25,19,6.555751854792062
25,20,9.668815377549071
25,21,10.148573080031785
25,22,11.390596334975204
25,23,6.188330687941976
25,24,3.808673978492316
25,26,3.79940005209128
25,27,6.700169834404246
25,28,10.092106315178826
25,29,12.83796054785594
25,30,16.220402335356464
25,31,18.709056250685872
25,32,18.06872026755165
25,33,15.863207044275565
25,34,13.64017877206208
25,35,10.060548679839028
25,36,8.558728807928492
25,37,5.960723389206159
25,38,5.552650050395236
25,39,7.193395244781638
25,40,6.486868237318415
25,41,10.283725240889076
25,42,11.109682402894322
25,43,13.544011403181608
25,44,12.749018039350078
25,45,9.201345809856152
25,46,11.103205136989065
25,47,13.736471497981174
25,48,11.830361974386399
25,49,10.668067262273807
25,50,14.345665978357935
25,51,15.82197081178778
25,52,14.242061430269606
25,53,15.446570209329977
25,54,18.774849803950275
25,55,18.96537230739936
26,1,8.203816997453012
26,2,10.205469966432647
26,3,10.943714774221844
26,4,9.430143143513636
26,5,9.865625210225494
26,6,12.737410856407415
26,7,14.127258167695418
26,8,11.767076017328751
26,9,13.811516935280167
26,10,12.936022462760542
26,11,14.946701431921095
26,12,12.837409016942146
26,13,9.860760552950236
26,14,10.747367584942824
26,15,8.62988877675401
26,16,5.767401122166494
26,17,4.858211034064719
26,18,6.164020292205455
26,19,7.512889198454559
26,20,11.225516723410108
26,21,12.13941355129966
26,22,12.37418796676198
26,23,9.83630270449895
26,24,6.718167565239222
26,25,3.79940005209128
26,27,3.8038315448708375
26,28,6.711550385420469
26,29,9.570133122803785
26,30,13.062044340322778
26,31,15.428417536691668
26,32,14.47389781417353
26,33,12.155525417508331
26,34,9.88374872606665
26,35,6.299802090764308
26,36,5.43102472241309
26,37,4.41957964848389
26,38,5.501151516185523
26,39,8.733787331753467
26,40,9.373288204903043
26,41,12.999990170654158
26,42,12.931542527917046
26,43,15.388632226400382
26,44,13.894312504602702
26,45,10.795275556147763
26,46,13.519596445371485
26,47,15.516636328172323
26,48,13.00128061377361
26,49,12.61374199681274
26,50,16.412750147789822
26,51,17.119474800896445
26,52,15.425865612050522
26,53,17.338520423586576
26,54,20.422226810132788
26,55,21.095178418421902
27,1,11.714419452342183
27,2,13.07643907548731
27,3,12.989056872065062
27,4,10.626336726061298
27,5,9.754392584735555
27,6,12.039554942171767
27,7,12.465778349628293
27,8,9.394361435575965
27,9,10.791712149254593
27,10,9.77467295037109
27,11,11.328250924595192
27,12,9.121463760621351
27,13,6.103965723306507
27,14,7.285129238474705
27,15,6.032431397054067
27,16,4.617464575069695
27,17,6.057314224561053
27,18,8.739809574433215
27,19,10.82445608745196
27,20,14.580705815550248
27,21,15.840781315060514
27,22,16.11528384601146
27,23,12.848140955687473
27,24,10.221847993212112
27,25,6.700169834404246
27,26,3.8038315448708375
27,28,3.7907860125520507
27,29,6.175490059318486
27,30,9.53213547973147
27,31,12.085737552581213
27,32,11.76689354213093
27,33,9.67909746967541
27,34,8.22944684552785
27,35,5.663760517733808
27,36,5.133347652720402
27,37,6.128982082810432
27,38,6.038525496341709
27,39,9.64178951637436
27,40,10.70932508592677
27,41,13.841103586606943
27,42,12.702309879750178
27,43,14.680146242054679
27,44,12.42902912641884
27,45,10.025624030756006
27,46,13.367766462696935
27,47,14.54279497879814
27,48,11.692869855278015
27,49,12.360816952468149
27,50,16.00756503335898
27,51,16.006502503992227
27,52,14.733450975557547
27,53,17.338233236931973
27,54,19.904842745581295
27,55,20.7512464971347
28,1,14.3438144909959
28,2,15.61986667051895
28,3,15.728743200386612
28,4,13.609581656351686
28,5,12.059607572089048
28,6,14.370938516741417
28,7,14.408091038552435
28,8,10.898977337411571
28,9,11.722718447620641
28,10,10.809765960076028
28,11,11.071327238112893
28,12,8.304083839015437
28,13,5.6982187164323745
28,14,5.37000547246329
28,15,5.5227375652768815
28,16,6.311886135593048
28,17,7.5739190628089075
28,18,11.044548572918663
28,19,12.747149473556076
28,20,16.49307647395544
28,21,18.201395587495227
28,22,18.05497735895825
28,23,16.26934010712499
28,24,13.366539534243119
28,25,10.092106315178826
28,26,6.711550385420469
28,27,3.7907860125520507
28,29,3.807530616249755
28,30,6.653087275793289
28,31,9.482147036439498
28,32,8.994027766197535
28,33,6.299497244623632
28,34,5.951431247466351
28,35,4.770731547396472
28,36,6.440306816216938
28,37,8.952583851431864
28,38,9.595175387136015
28,39,13.294647313240077
28,40,14.487774148540552
28,41,17.547239787696952
28,42,16.120078625579637
28,43,17.79673478100117
28,44,15.09320785229932
28,45,13.109619588524671
28,46,16.494344092610003
28,47,17.07816095972032
28,48,13.834188431356012
28,49,14.786445005870121
28,50,18.26748612404838
28,51,17.556936012167597
28,52,16.073087835195324
28,53,19.073702608202655
28,54,21.343249927571048
28,55,22.719349589419114
29,1,16.680966897125415
29,2,17.21413956702129
29,3,16.599901064092784
29,4,14.11769882379266
29,5,11.626403584069005
29,6,13.320872296190679
29,7,12.70993687743237
29,8,9.043649654223808
29,9,9.489340942341508
29,10,9.432067569986257
29,11,8.960330337975556
29,12,5.477724357372564
29,13,4.732733898892136
29,14,5.591042811497073
29,15,7.746763946596786
29,16,9.27751414410637
29,17,11.207711669297664
29,18,14.535223253338241
29,19,16.305800454773163
29,20,20.08829077594923
29,21,21.50777219370597
29,22,21.197597736654643
29,23,18.9689579768173
29,24,16.22163415780599
29,25,12.83796054785594
29,26,9.570133122803785
29,27,6.175490059318486
29,28,3.807530616249755
29,30,3.793956609644825
29,31,5.9402538718788485
29,32,6.136718523108701
29,33,4.941038566721476
29,34,5.479760042623285
29,35,6.400863892526471
29,36,7.284132415169875
29,37,10.440378520172377
29,38,10.723674907304341
29,39,14.257573356410619
29,40,16.103287249067023
29,41,18.66213373222774
29,42,16.585237838553486
29,43,18.163364115072056
29,44,15.326687947727015
29,45,14.215482578605286
29,46,17.893875047449956
29,47,18.12134735717274
29,48,15.152634606124291
29,49,16.888678327634107
29,50,20.120229404083762
29,51,19.167791707581877
29,52,18.306494118516422
29,53,21.55731413036798
29,54,23.439603728348455
29,55,24.633878351177383
30,1,20.412571183241905
30,2,20.992859676054035
30,3,20.321223172198863
30,4,17.737937877454648
30,5,15.01667299986769
30,6,16.234888727634107
30,7,14.955737631986679
30,8,11.26406601657175
30,9,10.556764522688127
30,10,10.284489388685998
30,11,8.33872389873174
30,12,5.342388347795102
30,13,5.93768750162414
30,14,5.492149521477264
30,15,8.93159566376207
30,16,11.596160988499847
30,17,13.846360221191798
30,18,17.428562635627955
30,19,19.376399204015595
30,20,23.099707129311042
30,21,24.842343319855154
30,22,24.594649364544388
30,23,22.343214385590205
30,24,19.710824043697414
30,25,16.220402335356464
30,26,13.062044340322778
30,27,9.53213547973147
30,28,6.653087275793289
30,29,3.793956609644825
30,31,3.8001792784412207
30,32,5.7529612442166735
30,33,5.268943974831114
30,34,7.845409789920889
30,35,9.709796891139536
30,36,11.041972214964979
30,37,14.226574640279138
30,38,14.258709318522325
30,39,17.627079000967694
30,40,19.29964165143694
30,41,21.632664545359788
30,42,19.21619000607527
30,43,20.256651791498115
30,44,17.041861547254584
30,45,16.46061446723692
30,46,20.054222954212793
30,47,19.612956792518748
30,48,16.53142484938805
30,49,18.666024246772338
30,50,21.531160853353168
30,51,19.9457393767396
30,52,19.268155371585433
30,53,22.816251023561705
30,54,24.199233629934568
30,55,25.689521446214776
31,1,21.99657943033023
31,2,21.967248340213168
31,3,20.940169384277414
31,4,18.466882094513725
31,5,15.240511046518451
31,6,16.173182843632965
31,7,14.7946595490127
31,8,11.523491570300884
31,9,11.027126373153779
31,10,11.947430181941389
31,11,9.843154031118708
31,12,6.652097222659748
31,13,8.761111054510181
31,14,9.214671298547492
31,15,12.591416535490035
31,16,14.914791685171691
31,17,16.998482769654878
31,18,20.437331898335916
31,19,22.100843410330974
31,20,25.864758528633782
31,21,27.276216534316404
31,22,26.66928510055315
31,23,24.785323540537036
31,24,22.050497034910673
31,25,18.709056250685872
31,26,15.428417536691668
31,27,12.085737552581213
31,28,9.482147036439498
31,29,5.9402538718788485
31,30,3.8001792784412207
31,32,3.820229611991403
31,33,5.98934935670056
31,34,8.339348767292204
31,35,11.17632119671081
31,36,12.170472632001813
31,37,15.643535233112473
31,38,15.925552449452308
31,39,19.170054530193713
31,40,21.403921158768917
31,41,23.511224799279518
31,42,20.90852498613492
31,43,22.16785973081267
