1,2,3.8107835993818693
1,3,6.123519892345817
1,4,9.434540129417925
1,5,11.212692049196455
1,6,14.388506737142903
1,7,15.836009017876089
1,8,18.339978176911877
1,9,21.16258201561076
1,10,23.394315136128395
1,11,22.181882508215654
1,12,24.93870703918694
1,13,24.37852703585916
1,14,25.96765633353439
1,15,23.54797141394754
1,16,20.730584925195917
1,17,20.558703505473645
1,18,18.179652254663836
1,19,15.659149826579377
1,20,12.528861831596632
1,21,12.043502512648415
1,22,8.835760641913723
1,23,9.255593825403947
1,24,6.271717995853462
1,25,8.4066615023652
1,26,9.478182374428958
1,27,8.381019292385496
1,28,11.646978189987625
1,29,10.680981952773791
1,30,9.94842309210704
1,31,12.300966734975143
1,32,11.377972112069337
1,33,14.629674473987313
1,34,15.754059660542767
1,35,18.89651879331084
1,36,22.12113347609876
1,37,24.04561181895388
1,38,21.692349171455714
1,39,18.973620645818595
1,40,16.33028144371229
1,41,13.17500941883169
1,42,13.409537367661537
1,43,12.830565760697027
1,44,16.00749491634183
1,45,17.789593319925967
1,46,18.093597752271602
1,47,21.53665587077537
1,48,22.926883192467216
1,49,25.811489777374927
1,50,25.068254449431098
1,51,21.580888971454016
1,52,23.143582253855264
1,53,25.69433636006212
1,54,23.488094811739398
1,55,23.237000260009523
1,56,26.923931935633725
1,57,28.223556259420157
1,58,27.272340647276962
2,1,3.8107835993818693
2,3,3.8168220656426937
2,4,6.228109623550805
2,5,7.564117052557485
2,6,10.730395588873483
2,7,12.415224612884018
2,8,15.251812853419949
2,9,18.13215192275254
2,10,20.466270183879697
2,11,19.716434394378176
2,12,22.76224967385063
2,13,22.55616359728638
2,14,24.496160494588413
2,15,22.080456767004765
2,16,19.49409645479248
2,17,20.02187532795186
2,18,17.76892170971958
2,19,14.891947340534982
2,20,12.401267986849845
2,21,11.715842552114232
2,22,8.867297338060872
2,23,9.719371872464077
2,24,6.931121554997098
2,25,8.22087677951061
2,26,7.947825727893811
2,27,5.740059905359747
2,28,8.500530162919993
2,29,7.575069820104563
2,30,8.023639928846622
2,31,10.464353838963614
2,32,9.897686372041338
2,33,13.331644346378766
2,34,15.06679254916646
2,35,17.814167243404814
2,36,21.35262512307536
2,37,23.02688520287421
2,38,20.674455003486127
2,39,18.453168123931473
2,40,15.349535694828885
2,41,12.045238165441068
2,42,11.263507868850498
2,43,10.175323639488777
2,44,13.262591919045173
2,45,14.721727416056556
2,46,15.434093017776238
2,47,18.62559321272997
2,48,20.18149451727691
2,49,23.33661773402052
2,50,22.963218828292973
2,51,19.588598846606907
2,52,21.100184108061914
2,53,23.958594183463795
2,54,22.231816277018606
2,55,21.97063580613395
2,56,25.524678706013965
2,57,27.081027519045648
2,58,26.399902917102605
3,1,6.123519892345817
3,2,3.8168220656426937
3,4,3.783095981463906
3,5,6.280603622826526
3,6,9.076832214911251
3,7,10.613953201947375
3,8,12.85415112058475
3,9,15.581847392878725
3,10,18.072841972641903
3,11,17.106250540540923
3,12,20.233881914871755
3,13,20.401459184876494
3,14,22.03776327233034
3,15,19.276317990539354
3,16,17.072988797192192
3,17,17.755637359800495
3,18,16.09515870507582
3,19,13.663653297119845
3,20,11.76070575226082
3,21,12.160368143409174
3,22,10.288501151657735
3,23,12.264065016714248
3,24,10.177235365443808
3,25,11.917058811235815
3,26,11.450695300576283
3,27,8.635186797851484
3,28,10.264785565978702
3,29,8.270512374868016
3,30,9.02630058808479
3,31,10.130456562613267
3,32,8.393235762018016
3,33,11.163744310676218
3,34,12.441568962575401
3,35,14.785262057690518
3,36,18.32071487200037
3,37,19.651201716885364
3,38,17.090444906693943
3,39,15.098486595447532
3,40,11.790961569304844
3,41,8.747963261273828
3,42,8.134524941428126
3,43,8.103135752430035
3,44,11.710886977485508
3,45,13.883121921418425
3,46,15.355496239851547
3,47,18.462031053486058
3,48,19.40865991616309
3,49,22.674181944973228
3,50,22.006420521042457
3,51,18.97188192994992
3,52,21.067104480702564
3,53,23.712798185572293
3,54,22.192466659182923
3,55,22.553236354420473
3,56,26.10779347806002
3,57,27.327574417877738
3,58,26.309466700804858
4,1,9.434540129417925
4,2,6.228109623550805
4,3,3.783095981463906
4,5,3.8576915912640173
4,6,5.5146296277773565
4,7,6.858997551969484
4,8,9.327841865508056
4,9,12.123901801243282
4,10,14.672302149494193
4,11,14.18515874727461
4,12,17.56422545729733
4,13,18.091294125372475
4,14,20.09512521748367
4,15,17.463595581383547
4,16,15.564298178712523
4,17,17.03001777532788
4,18,15.567643157754645
4,19,12.93014674670631
4,20,11.978781354832194
4,21,12.258424035826186
4,22,11.157635806405953
4,23,13.42856492501332
4,24,11.935487906294833
4,25,13.254817238741738
4,26,12.16494643065688
4,27,8.713300126987676
4,28,8.842394734944211
4,29,6.455022633195791
4,30,8.345424298812292
4,31,8.787690132439334
4,32,7.512622437703471
4,33,10.005380569874854
4,34,11.984771380944215
4,35,13.70630072446508
4,36,17.453411489800107
4,37,18.561436310609526
4,38,16.253249899883624
4,39,14.907872707743921
4,40,11.371464917463337
4,41,8.358906131316234
4,42,6.140676833060479
4,43,5.345949182393292
4,44,8.70394017059533
4,45,10.654638197504982
4,46,12.723743607373184
4,47,15.459444530410472
4,48,16.344832486600634
4,49,19.81332948789462
4,50,19.453435664669218
4,51,16.679848480015842
4,52,18.788167509417782
4,53,21.59612802997751
4,54,20.61510475041407
4,55,21.085214752427998
4,56,24.415252442926075
4,57,25.76476674348514
4,58,24.968515376516496
5,1,11.212692049196455
5,2,7.564117052557485
5,3,6.280603622826526
5,4,3.8576915912640173
5,6,3.8462342543576318
5,7,7.078452317692262
5,8,10.255000668191647
5,9,12.896812642554705
5,10,15.626315281418476
5,11,16.030688012215574
5,12,19.66607383798087
5,13,20.615861195351567
5,14,22.87770400038501
5,15,20.30552324867464
5,16,18.74655993296212
5,17,20.57031049747399
5,18,19.182592352117304
5,19,16.400555525192864
5,20,15.557106449069009
5,21,15.319458213436459
5,22,13.861369236989233
5,23,15.427691819028865
5,24,13.449797248690984
5,25,13.701223659087285
5,26,11.561408200416748
5,27,8.568588366910689
5,28,8.250816650586604
5,29,7.427807448367025
5,30,10.472895388524929
5,31,11.555046964561129
5,32,11.06487919230102
5,33,13.522994859492094
5,34,15.636048124645377
5,35,16.9626954650566
5,36,20.700473319842246
5,37,21.410461033152057
5,38,18.95726758089874
5,39,18.104826941125566
5,40,14.396678058713455
5,41,11.840685087100209
5,42,9.263864496774541
5,43,8.146553829433808
5,44,10.644374454157845
5,45,11.4945804816672
5,46,13.843552703506722
5,47,15.937905143867214
5,48,17.371421102376615
5,49,21.067130841739264
5,50,21.344885128220195
5,51,18.714285249849194
5,52,20.375959949851005
5,53,23.534205585226864
5,54,22.959889753368284
5,55,23.062717476154603
5,56,26.155133797126204
5,57,27.909454439392036
5,58,27.530794035784464
6,1,14.388506737142903
6,2,10.730395588873483
6,3,9.076832214911251
6,4,5.5146296277773565
6,5,3.8462342543576318
6,7,3.810365978926126
6,8,7.031905382183961
6,9,9.503542151878616
6,10,12.18454386057298
6,11,13.161895565401203
6,12,16.881039791384207
6,13,18.193836318568767
6,14,20.687230730687244
6,15,18.342006778499723
6,16,17.18844060039717
6,17,19.617568299113994
6,18,18.5329424145469
6,19,15.841187319201532
6,20,15.887060635272547
6,21,15.77669903229335
6,22,15.16461453391836
6,23,17.123930757599535
6,24,15.85616888468879
6,25,16.210574190611908
6,26,14.104627002387629
6,27,10.795228618646348
6,28,9.119721735201038
6,29,7.833913679347342
6,30,11.117449279996125
6,31,11.22981786352682
6,32,11.045208175476919
6,33,12.805732415111589
6,34,15.235772138885778
6,35,15.905334842141679
6,36,19.59655771749409
6,37,20.09770186967664
6,38,18.04927077347311
6,39,17.777347263893443
6,40,14.19218127109406
6,41,11.93352497913441
6,42,8.545266961939406
6,43,7.061783688425118
6,44,8.458445622272945
6,45,8.892521943764182
6,46,11.939294012240252
6,47,13.422322942975777
6,48,14.546618764978057
6,49,18.32973514806827
6,50,18.837454545006175
6,51,16.66947527438889
6,52,18.396145264931462
6,53,21.517118849786343
6,54,21.495465276411334
6,55,21.85171633066654
6,56,24.648792924354176
6,57,26.364180436378298
6,58,26.09896723706228
7,1,15.836009017876089
7,2,12.415224612884018
7,3,10.613953201947375
7,4,6.858997551969484
7,5,7.078452317692262
7,6,3.810365978926126
7,8,3.8161846865760514
7,9,6.528460268602373
7,10,8.858189735948182
7,11,9.781209408972485
7,12,13.389912797641268
7,13,14.594123219021109
7,14,17.317675252784063
7,15,15.328435245555216
7,16,14.191931118575054
7,17,16.97780487262897
7,18,15.97417434004056
7,19,13.365136760855991
7,20,14.185801183976176
7,21,14.246297571005865
7,22,14.54796546774532
7,23,16.97760047478608
7,24,16.551763752126455
7,25,17.38762144815037
7,26,15.841111316708504
7,27,12.201834429829006
7,28,9.949499381050845
7,29,7.705720518763238
7,30,10.36000814883921
7,31,9.325304102173998
7,32,9.41431994818796
7,33,10.508500941623595
7,34,13.319544687979217
7,35,13.700225887913762
7,36,17.31258424915869
7,37,18.045160761805214
7,38,16.631569440128587
7,39,16.47423763671997
7,40,13.295950671905544
7,41,11.018284240441064
7,42,7.230263622681038
7,43,5.0980794210152105
7,44,5.081093046377784
7,45,5.684393706330616
7,46,9.182252879784992
7,47,10.576257961168906
7,48,11.074026857482595
7,49,14.810394341256368
7,50,15.15931300289355
7,51,13.246117761042745
7,52,15.232346091430873
7,53,18.143847951028352
7,54,18.36342952560509
7,55,19.077987257575206
7,56,21.74069979186654
7,57,23.226300193621196
7,58,22.88287692700437
8,1,18.339978176911877
8,2,15.251812853419949
8,3,12.85415112058475
8,4,9.327841865508056
8,5,10.255000668191647
8,6,7.031905382183961
8,7,3.8161846865760514
8,9,2.929826369307028
8,10,5.4259048687887095
8,11,6.21925367230782
8,12,9.960035622165156
8,13,11.757433624464493
8,14,14.251001203294786
8,15,12.221420928211089
8,16,11.803505991953111
8,17,15.020355552802165
8,18,14.770373150957456
8,19,12.892698053039696
8,20,14.588318973636877
8,21,15.39962124068428
8,22,16.471743164595082
8,23,19.383695150866192
8,24,19.34960596698639
8,25,20.639410020310784
8,26,19.415289487800106
8,27,15.683868424226356
8,28,13.530939531693818
8,29,10.850109233095406
8,30,12.7362712024109
8,31,10.62945346905724
8,32,10.058446553499937
8,33,9.697819194726144
8,34,12.046007929658813
8,35,11.451746528967458
8,36,14.740375292153734
8,37,15.125528681235455
8,38,14.147670425960538
8,39,14.60056757348935
8,40,11.873267294931887
8,41,10.41707787198584
8,42,6.843669046432716
8,43,6.069855811952514
8,44,5.151174723534727
8,45,6.694833439691163
8,46,10.35016867495325
8,47,11.338631268288637
8,48,10.526449970724148
8,49,13.945113689867764
8,50,13.79143299039974
8,51,12.663122615260225
8,52,15.247561593073893
8,53,17.560934446335164
8,54,18.075475842020673
8,55,19.49295227792345
8,56,21.96408269508245
8,57,22.934607755037838
8,58,22.237616297766554
9,1,21.16258201561076
9,2,18.13215192275254
9,3,15.581847392878725
9,4,12.123901801243282
9,5,12.896812642554705
9,6,9.503542151878616
9,7,6.528460268602373
9,8,2.929826369307028
9,10,3.0339574614217653
9,11,4.869112222595465
9,12,8.447184743682659
9,13,11.01493291421567
9,14,13.327561883300106
9,15,11.499815580746267
9,16,11.950734238726328
9,17,15.483450881663876
9,18,15.817503214530058
9,19,14.459453352263372
9,20,16.645844827312253
9,21,17.695418740840875
9,22,19.096703420424475
9,23,22.103317198871267
9,24,22.22017491453323
9,25,23.537835565137943
9,26,22.286374744923883
9,27,18.573247184630514
9,28,16.274121085200672
9,29,13.685304907270835
9,30,15.457576720320386
9,31,13.056559514222545
9,32,12.416781162470887
9,33,11.33942691599316
9,34,13.261582690175628
9,35,11.852374588182107
9,36,14.637086159704458
9,37,14.527759380158699
9,38,13.974442985145314
9,39,15.110885040951219
9,40,12.818049019434158
9,41,12.108197098154175
9,42,8.942343743202464
9,43,8.768342777304897
9,44,7.349332268801187
9,45,8.485497324108785
9,46,12.051410154823953
9,47,12.357072332284321
9,48,10.864356006205353
9,49,13.922352084131054
9,50,13.747127229263741
9,51,13.428651386146731
9,52,16.08965797841289
9,53,18.0224420242859
9,54,18.977073414650786
9,55,20.712829867131656
9,56,22.857344594082214
9,57,23.598096923690616
9,58,22.853917926585247
10,1,23.394315136128395
10,2,20.466270183879697
10,3,18.072841972641903
10,4,14.672302149494193
10,5,15.626315281418476
10,6,12.18454386057298
10,7,8.858189735948182
10,8,5.4259048687887095
10,9,3.0339574614217653
10,11,3.8222269406021794
10,12,6.470822797155354
10,13,9.238358928935272
10,14,11.755147768584191
10,15,10.704527807289855
10,16,11.511353602037286
10,17,15.2780184458677
10,18,15.796374196322018
10,19,14.72896067751473
10,20,17.43277027206492
10,21,18.463999094338174
10,22,20.344779821867657
10,23,23.3989190839624
10,24,23.947199461571458
10,25,25.34925708734297
10,26,24.288488851108358
10,27,20.56737642802284
10,28,18.036859925242165
10,29,15.409394712382122
10,30,16.814818702133785
10,31,14.043397872068141
10,32,13.75097963762028
10,33,12.211381998543263
10,34,14.152005208078256
10,35,12.442597902637766
10,36,14.738972055560357
10,37,14.736301958950019
10,38,14.958891887236328
10,39,16.240110353676698
10,40,14.527537383572582
10,41,13.94879217515577
10,42,11.052512941830052
10,43,10.640495335382786
10,44,8.348465017941667
10,45,9.029858097582816
10,46,12.117570449248868
10,47,11.868902293728818
10,48,9.59850879295373
10,49,12.0967293863271
10,50,11.856907548179498
10,51,12.319343855045517
10,52,14.95981092700671
10,53,16.45483612564383
10,54,17.84405923688677
10,55,19.844659878385105
10,56,21.61621971653063
10,57,22.125637125236306
10,58,21.41216745918051
11,1,22.181882508215654
11,2,19.716434394378176
11,3,17.106250540540923
11,4,14.18515874727461
11,5,16.030688012215574
11,6,13.161895565401203
11,7,9.781209408972485
11,8,6.21925367230782
11,9,4.869112222595465
11,10,3.8222269406021794
11,12,3.8002669769666775
11,13,6.372755743428175
11,14,8.460820761164625
11,15,6.986210330454135
11,16,7.790362845926256
11,17,11.548856672895553
11,18,12.432151360337558
11,19,11.961509117790628
11,20,14.928414197243944
11,21,16.57669004035217
11,22,18.81013183499548
11,23,22.19988784790109
11,24,22.97376163429351
11,25,24.912386039867474
11,26,24.368798733381777
11,27,20.557991645627652
11,28,18.525343099703186
11,29,15.344579839772038
11,30,15.988664007815727
11,31,12.731177979673758
11,32,11.774750075672175
11,33,9.409752523148148
11,34,10.851541054415668
11,35,8.885658919178221
11,36,11.030692411290993
11,37,11.425101926163627
11,38,12.027400579269816
11,39,13.023364167884202
11,40,11.851258897875844
11,41,11.47675386896517
11,42,9.31399700440475
11,43,9.61743272526383
11,44,7.812317065908062
11,45,9.849953232549685
11,46,12.445569541937719
11,47,13.135978899354688
11,48,10.510063137473933
11,49,12.60756821530403
11,50,11.20425663391179
11,51,11.449616345679084
11,52,14.75255255282205
11,53,15.746620516615085
11,54,16.51257768625361
11,55,18.99061655649694
11,56,21.09025498460995
11,57,21.082845218331673
11,58,19.755088146597014
12,1,24.93870703918694
12,2,22.76224967385063
12,3,20.233881914871755
12,4,17.56422545729733
12,5,19.66607383798087
12,6,16.881039791384207
12,7,13.389912797641268
12,8,9.960035622165156
12,9,8.447184743682659
12,10,6.470822797155354
12,11,3.8002669769666775
12,13,3.790387754910397
12,14,5.402502073185112
12,15,5.439883387369375
12,16,7.126033996139202
12,17,10.779201221650938
12,18,12.239407788993
12,19,12.629167784863814
12,20,16.100405684036456
12,21,17.954541026283447
12,22,20.715371439963874
12,23,24.18674328316417
12,24,25.41087742940533
12,25,27.58130482703287
12,26,27.365792930768073
12,27,23.576595157583405
12,28,21.54658082328874
12,29,18.273358375063363
12,30,18.375092485703476
12,31,14.800792421334018
12,32,13.9548422906037
12,33,11.014674837955658
12,34,11.938090740226539
12,35,9.587877228098113
12,36,10.540385369723737
12,37,11.112918156813112
12,38,12.876381723914935
12,39,13.968239568878019
12,40,13.794879774332628
12,41,13.794367850455531
12,42,12.328229770341112
12,43,12.693531527487298
12,44,10.618801814462193
12,45,12.435434489713604
12,46,14.288738190891298
12,47,14.732956522058455
12,48,11.435335009792885
12,49,12.40894837088914
12,50,10.298112672274023
12,51,11.536883640649242
12,52,14.906462876673773
12,53,14.96191126242605
12,54,15.918697154594863
12,55,18.913187550056122
12,56,20.635909857738795
12,57,20.01613507300054
12,58,18.375003347817273
13,1,24.37852703585916
13,2,22.55616359728638
13,3,20.401459184876494
13,4,18.091294125372475
13,5,20.615861195351567
13,6,18.193836318568767
13,7,14.594123219021109
13,8,11.757433624464493
13,9,11.01493291421567
13,10,9.238358928935272
13,11,6.372755743428175
13,12,3.790387754910397
13,14,3.8021709770067345
13,15,5.497110760092013
13,16,5.508295295764404
13,17,8.732496640216848
13,18,9.712802347206296
13,19,10.353968939245044
13,20,14.085995408660754
13,21,15.880850158694479
13,22,19.06709547695938
13,23,22.51307577877626
13,24,24.22985988482136
13,25,26.634451269527396
13,26,26.89964093553848
13,27,23.20911954623266
13,28,21.34262595075745
13,29,17.948021841481605
13,30,17.309847138470843
13,31,13.547741861413922
13,32,13.0280432191905
13,33,10.013576826865949
13,34,11.112136025379693
13,35,9.590617120675462
13,36,10.351903320439789
13,37,12.095485666268655
13,38,14.176588041982768
13,39,14.36343839777269
13,40,14.577870414435623
13,41,14.027937535300318
13,42,12.958039405074933
13,43,12.877790926465908
13,44,10.66383568309891
13,45,12.533945923686096
13,46,13.403871480034388
13,47,14.266674734768483
13,48,10.877259695043481
13,49,11.135887258079425
13,50,8.124092070915662
13,51,9.297573064314193
13,52,12.811829882155466
13,53,12.265098644058233
13,54,12.800612693232546
13,55,16.105042644494024
13,56,17.868454702416244
13,57,16.84630459361439
13,58,14.86620888274228
14,1,25.96765633353439
14,2,24.496160494588413
14,3,22.03776327233034
14,4,20.09512521748367
14,5,22.87770400038501
14,6,20.687230730687244
14,7,17.317675252784063
14,8,14.251001203294786
14,9,13.327561883300106
14,10,11.755147768584191
14,11,8.460820761164625
14,12,5.402502073185112
14,13,3.8021709770067345
14,15,3.8033249523580066
14,16,5.358347024289427
14,17,7.604718702583629
14,18,9.921145414449722
14,19,11.80546183626522
14,20,15.436515623841052
14,21,17.87005571300577
14,22,21.09567259535754
14,23,24.71356511882805
14,24,26.380344228323256
14,25,29.08959010378916
14,26,29.545651235723135
14,27,25.847672892784804
14,28,24.329206480138065
14,29,20.761165129395067
14,30,19.906476184605914
14,31,16.107270421792037
14,32,14.880278403923047
14,33,11.343325458439955
14,34,11.156627732357105
14,35,8.942236846828065
14,36,8.2546760020786
14,37,9.855675353615673
14,38,12.71992896597983
14,39,13.123942439317283
14,40,14.291599011532231
14,41,14.571996357178337
14,42,14.388905495608295
14,43,15.170319991042541
14,44,13.642868381428816
14,45,15.985576489662792
14,46,16.968597189389804
14,47,18.039601822201263
14,48,14.679271914184579
14,49,14.773799199323168
14,50,11.56044314079122
14,51,12.749676899692657
14,52,16.28024516497388
14,53,15.301315521890459
14,54,15.44861781250458
14,55,18.994078697452935
14,56,20.76662455597868
14,57,19.238753393073964
14,58,16.7261866286389
15,1,23.54797141394754
15,2,22.080456767004765
15,3,19.276317990539354
15,4,17.463595581383547
15,5,20.30552324867464
15,6,18.342006778499723
15,7,15.328435245555216
15,8,12.221420928211089
15,9,11.499815580746267
15,10,10.704527807289855
15,11,6.986210330454135
15,12,5.439883387369375
15,13,5.497110760092013
15,14,3.8033249523580066
15,16,3.819959094911998
15,17,6.46041303882676
15,18,9.194151808255972
15,19,10.961195886339295
15,20,14.202749831453357
15,21,17.008968617883976
15,22,19.807948947911697
15,23,23.556001708808378
15,24,24.74227963883924
15,25,27.48867079640772
15,26,27.785097325681107
15,27,24.04612683741145
15,28,22.814902624191564
15,29,19.157712173102492
15,30,18.56301131707209
15,31,14.910887769793959
15,32,12.95346373603422
15,33,9.2594229847008
15,34,8.464432430188685
15,35,5.531461930775868
15,36,5.2597770480848265
15,37,6.613744681479048
15,38,9.039174167573037
15,39,9.60007440112154
15,40,10.633340387846555
15,41,11.340567157751932
15,42,11.461307749861726
15,43,12.991143477023734
15,44,12.26261111100601
15,45,15.19749233522671
15,46,16.78313540657368
15,47,18.262638435013514
15,48,15.31330797922343
15,49,16.305116989959927
15,50,13.425885816132412
15,51,13.799481293073606
15,52,17.548608548021175
15,53,17.304827208850092
15,54,17.122416772742785
15,55,20.380411409983342
15,56,22.63681436668184
15,57,21.519918567572283
15,58,19.072159012723674
16,1,20.730584925195917
16,2,19.49409645479248
16,3,17.072988797192192
16,4,15.564298178712523
16,5,18.74655993296212
16,6,17.18844060039717
16,7,14.191931118575054
16,8,11.803505991953111
16,9,11.950734238726328
16,10,11.511353602037286
16,11,7.790362845926256
16,12,7.126033996139202
16,13,5.508295295764404
16,14,5.358347024289427
16,15,3.819959094911998
16,17,3.817833085252725
16,18,5.529533583649433
16,19,7.190196421313244
16,20,10.514165255932621
16,21,13.33087958576194
16,22,16.28533187707078
16,23,20.024932348745228
16,24,21.454983970953165
16,25,24.34666601038765
16,26,24.97611903004837
16,27,21.334940872693956
16,28,20.323614393060062
16,29,16.584503054266367
16,30,15.450341814181366
16,31,11.756142321607664
16,32,9.901772799215683
16,33,6.198450440156473
16,34,5.940170246588771
16,35,4.787772777479683
16,36,5.923138306770517
16,37,8.778523205202045
16,38,10.372024143885294
16,39,9.506753846451865
16,40,10.143713844822619
16,41,9.68080649377308
16,42,9.920548920095563
16,43,10.906986087071893
16,44,10.336344546315132
16,45,13.475651207993696
16,46,14.469984904180873
16,47,16.540728724994395
16,48,13.95970278878315
16,49,15.02156449668832
16,50,11.959099369253071
16,51,11.45751749771954
16,52,15.242996210842017
16,53,15.151556005580556
16,54,14.32071841794543
16,55,17.439619704091232
16,56,20.05192714135379
16,57,19.03204500378415
16,58,16.50841997625047
17,1,20.558703505473645
17,2,20.02187532795186
17,3,17.755637359800495
17,4,17.03001777532788
17,5,20.57031049747399
17,6,19.617568299113994
17,7,16.97780487262897
17,8,15.020355552802165
17,9,15.483450881663876
17,10,15.2780184458677
17,11,11.548856672895553
17,12,10.779201221650938
17,13,8.732496640216848
17,14,7.604718702583629
17,15,6.46041303882676
17,16,3.817833085252725
17,18,3.794646450771266
17,19,7.133530955481952
17,20,9.796188588083464
17,21,13.134933250276951
17,22,16.11275166613747
17,23,19.83950846071954
17,24,21.423668894840514
17,25,24.695750757262882
17,26,25.830662468430486
17,27,22.40106648648806
17,28,21.95440576096878
17,29,18.171903891430006
17,30,16.39086442786018
17,31,12.940070270997753
17,32,10.728015222106967
17,33,7.25402375315738
17,34,5.5687412450432285
17,35,5.659867010205098
17,36,5.532817725328812
17,37,9.263034648899708
17,38,10.900943502210637
17,39,9.008232217592425
17,40,10.591423607546913
17,41,10.240355183167825
17,42,11.663085905331911
17,43,12.93731936572334
17,44,13.051241008316
17,45,16.338439080780503
17,46,16.856733799147264
17,47,19.350709533261746
17,48,17.01262052865417
17,49,17.821119918561184
17,50,14.497274759875491
17,51,13.643499644657872
17,52,17.26371982339361
17,53,16.83817658070188
17,54,15.248470993983794
17,55,18.3723986239054
17,56,21.168650649717346
17,57,19.771883339275572
17,58,16.775732035408396
18,1,18.179652254663836
18,2,17.76892170971958
18,3,16.09515870507582
18,4,15.567643157754645
18,5,19.182592352117304
18,6,18.5329424145469
18,7,15.97417434004056
18,8,14.770373150957456
18,9,15.817503214530058
18,10,15.796374196322018
18,11,12.432151360337558
18,12,12.239407788993
18,13,9.712802347206296
18,14,9.921145414449722
18,15,9.194151808255972
18,16,5.529533583649433
18,17,3.794646450771266
18,19,3.7935828391364916
18,20,6.393089485360864
18,21,9.53434490386547
18,22,12.723722184849995
18,23,16.352531644240678
18,24,18.260317972481555
18,25,21.560162026958675
18,26,22.97153848312085
18,27,19.701874765691972
18,28,19.37806892317752
18,29,15.690752768631791
18,30,13.396120678292098
18,31,10.09362175969481
18,32,8.42235143055806
18,33,5.820752789784597
18,34,5.683853654390898
18,35,7.688209816106948
18,36,8.920648672836139
18,37,12.57507217403106
18,38,13.522861116551324
18,39,11.107067757213498
18,40,11.742391615244692
18,41,10.120769421790868
18,42,11.155721520820023
18,43,11.502991390143503
18,44,11.619368622981735
18,45,14.688275120861427
18,46,14.545663993833124
18,47,17.438486749069963
18,48,15.607359035612214
18,49,16.46845146079628
18,50,13.318802059803739
18,51,11.622321058889195
18,52,14.96359022734462
18,53,14.824656893738554
18,54,12.65662128757094
18,55,15.406837168205296
18,56,18.51301228174455
18,57,17.39863293158256
18,58,14.572546677928326
19,1,15.659149826579377
19,2,14.891947340534982
19,3,13.663653297119845
19,4,12.93014674670631
19,5,16.400555525192864
19,6,15.841187319201532
19,7,13.365136760855991
19,8,12.892698053039696
19,9,14.459453352263372
19,10,14.72896067751473
19,11,11.961509117790628
19,12,12.629167784863814
19,13,10.353968939245044
19,14,11.80546183626522
19,15,10.961195886339295
19,16,7.190196421313244
19,17,7.133530955481952
19,18,3.7935828391364916
19,20,3.7897869059471443
19,21,6.237106398883748
19,22,9.5077190913647
19,23,13.139589391426153
19,24,15.088305887313703
19,25,18.169753150121807
19,26,19.46765618277738
19,27,16.18680284123677
19,28,15.727172590140961
19,29,12.114925065100678
19,30,9.706932524363706
19,31,6.378358241678954
19,32,5.460106661735771
19,33,4.289774333511509
19,34,6.433523702634883
19,35,9.080571804038042
19,36,11.467750921543056
19,37,14.75622038197353
19,38,15.050614304122542
19,39,12.696679045887649
19,40,12.165872628524314
19,41,9.510815656409397
19,42,9.571546208482495
19,43,8.825972499514343
19,44,8.876449278701799
19,45,11.694206185432938
19,46,11.248558038265873
19,47,14.476484472699156
19,48,13.268938354418374
19,49,14.593884519374514
19,50,12.030424226768666
19,51,9.44860377242919
19,52,12.532518543266857
19,53,13.222183559668686
19,54,10.99040362662089
19,55,13.098205305090259
19,56,16.516695743174132
19,57,16.140895918508523
19,58,13.966283673513644
20,1,12.528861831596632
20,2,12.401267986849845
20,3,11.76070575226082
20,4,11.978781354832194
20,5,15.557106449069009
20,6,15.887060635272547
20,7,14.185801183976176
20,8,14.588318973636877
20,9,16.645844827312253
20,10,17.43277027206492
20,11,14.928414197243944
20,12,16.100405684036456
20,13,14.085995408660754
20,14,15.436515623841052
20,15,14.202749831453357
20,16,10.514165255932621
20,17,9.796188588083464
20,18,6.393089485360864
20,19,3.7897869059471443
20,21,3.807188696547412
20,22,6.394833943925406
20,23,10.06575527602982
20,24,11.906765304594787
20,25,15.302040397492014
20,26,17.046462107859348
20,27,14.111829087820794
20,28,14.477412884955108
20,29,11.104024796368435
20,30,8.064652905719724
20,31,6.015337797812791
20,32,4.958912476360457
20,33,5.983344329893717
20,34,7.668678607361813
20,35,11.162772703303997
20,36,13.731941832345148
20,37,16.9596502268696
20,38,16.58827080096871
20,39,13.680547522889922
20,40,12.775914863759255
20,41,9.599585897979654
20,42,10.129313219497018
20,43,9.289458063550196
20,44,10.436205414931637
20,45,13.106762797783329
20,46,12.428695773163138
20,47,16.06915444696994
20,48,15.668681829681319
20,49,17.287499987813383
20,50,15.145272660023249
20,51,12.046825067844342
20,52,14.527929334034933
20,53,15.657581511868129
20,54,12.968959363829235
20,55,14.235793247795844
20,56,17.942963743216698
20,57,17.937540914982588
20,58,15.991912297780145
21,1,12.043502512648415
21,2,11.715842552114232
21,3,12.160368143409174
21,4,12.258424035826186
21,5,15.319458213436459
21,6,15.77669903229335
21,7,14.246297571005865
21,8,15.39962124068428
21,9,17.695418740840875
21,10,18.463999094338174
21,11,16.57669004035217
21,12,17.954541026283447
21,13,15.880850158694479
21,14,17.87005571300577
21,15,17.008968617883976
21,16,13.33087958576194
21,17,13.134933250276951
21,18,9.53434490386547
21,19,6.237106398883748
21,20,3.807188696547412
21,22,3.806857890513773
21,23,7.033343372174512
21,24,9.589698776402797
21,25,12.662210989142093
21,26,14.616800304148796
21,27,11.988252237720863
21,28,12.259321979471785
21,29,9.433240262416636
21,30,5.786902230488767
21,31,5.001651326999471
21,32,6.32169775537582
21,33,8.63091299688993
21,34,11.143978641548495
21,35,14.445398343337565
21,36,17.228348179771046
21,37,20.359418461170186
21,38,19.921932318971173
21,39,17.205020857910903
21,40,15.85533733074004
21,41,12.347364093437461
21,42,11.987208645654059
21,43,9.985601893445386
21,44,10.64175407465058
21,45,12.325061267301168
21,46,10.777603211927302
21,47,14.511809189123365
21,48,14.885856518019738
21,49,16.482270814473154
21,50,14.96750904928692
21,51,11.38669094451517
21,52,12.96952642096853
21,53,14.605831762263435
21,54,11.809224355717397
21,55,12.07450163150844
21,56,15.879885926855213
21,57,16.515029744665267
21,58,15.263190105309242
22,1,8.835760641913723
22,2,8.867297338060872
22,3,10.288501151657735
22,4,11.157635806405953
22,5,13.861369236989233
22,6,15.16461453391836
22,7,14.54796546774532
22,8,16.471743164595082
22,9,19.096703420424475
22,10,20.344779821867657
22,11,18.81013183499548
22,12,20.715371439963874
22,13,19.06709547695938
22,14,21.09567259535754
22,15,19.807948947911697
22,16,16.28533187707078
22,17,16.11275166613747
22,18,12.723722184849995
22,19,9.5077190913647
22,20,6.394833943925406
22,21,3.806857890513773
22,23,3.8181848186287324
22,24,5.808873422097073
22,25,9.096301157832523
22,26,11.350603926359886
22,27,9.171939045588546
22,28,10.436349741232409
22,29,8.302784959921723
22,30,4.735871577508947
22,31,6.404307741101417
22,32,7.518692689899302
22,33,10.777625448937538
22,34,13.098976101313667
22,35,16.555691062573853
22,36,19.60729266891039
22,37,22.471740175950046
22,38,21.4396342988412
22,39,18.619670390127258
22,40,16.763255631193417
22,41,13.057510639658036
22,42,12.676283966406661
22,43,10.634953774855486
22,44,12.112066594083144
22,45,13.52998271014656
22,46,12.248274144362766
22,47,15.994780901755231
22,48,17.082505520784697
22,49,19.121257991059217
22,50,18.09996032610689
22,51,14.389585717317544
22,52,15.584419984335968
22,53,17.72393829252851
22,54,15.096471760844556
22,55,14.709428597331964
22,56,18.458509393469804
22,57,19.576967602447315
22,58,18.694949661279555
23,1,9.255593825403947
23,2,9.719371872464077
23,3,12.264065016714248
23,4,13.42856492501332
23,5,15.427691819028865
23,6,17.123930757599535
23,7,16.97760047478608
23,8,19.383695150866192
23,9,22.103317198871267
23,10,23.3989190839624
23,11,22.19988784790109
23,12,24.18674328316417
23,13,22.51307577877626
23,14,24.71356511882805
23,15,23.556001708808378
23,16,20.024932348745228
23,17,19.83950846071954
23,18,16.352531644240678
23,19,13.139589391426153
23,20,10.06575527602982
23,21,7.033343372174512
23,22,3.8181848186287324
23,24,3.8178715453093583
23,25,6.527957562140184
23,26,9.598734124706553
23,27,8.686090235323391
23,28,10.523932592838678
23,29,9.735536905222673
23,30,6.747623361274033
23,31,9.516842893474585
23,32,11.159990919064375
23,33,14.54964079841242
23,34,16.896097990851075
23,35,20.357259402888445
23,36,23.419753769093756
23,37,26.267070381831843
23,38,25.125728542783975
23,39,22.28387335255885
23,40,20.30087728321091
23,41,16.576107053790363
23,42,16.035395370347466
23,43,13.73345321069351
23,44,15.054718158760927
23,45,15.78097644947189
23,46,14.072976956162917
23,47,17.567740463181973
23,48,19.26860609496809
23,49,21.211177343628503
23,50,20.627957555158005
23,51,16.82796521723198
23,52,17.28030931046559
23,53,19.60998048221731
23,54,16.966162759938488
23,55,15.759129585154165
23,56,19.297179066546537
23,57,20.843709229173655
23,58,20.45361330209078
24,1,6.271717995853462
24,2,6.931121554997098
24,3,10.177235365443808
24,4,11.935487906294833
24,5,13.449797248690984
24,6,15.85616888468879
24,7,16.551763752126455
24,8,19.34960596698639
24,9,22.22017491453323
24,10,23.947199461571458
24,11,22.97376163429351
24,12,25.41087742940533
24,13,24.22985988482136
24,14,26.380344228323256
24,15,24.74227963883924
24,16,21.454983970953165
24,17,21.423668894840514
24,18,18.260317972481555
24,19,15.088305887313703
24,20,11.906765304594787
24,21,9.589698776402797
24,22,5.808873422097073
24,23,3.8178715453093583
24,25,3.8515664649525236
24,26,6.869464819459832
24,27,6.501479583340718
24,28,9.492808191439067
24,29,9.315661201069366
24,30,7.507705032069458
24,31,10.84395303867448
24,32,11.836145425312353
24,33,15.502048528779428
24,34,17.630341059279015
24,35,21.004861154011266
24,36,24.275707360365654
24,37,26.756970327550224
24,38,25.093016232946308
24,39,22.341914336336995
24,40,19.937005113895843
24,41,16.280549523871056
24,42,15.728894957014539
24,43,13.72619442482767
24,44,15.73280739943412
24,45,16.546996679188922
24,46,15.568974861238415
24,47,18.974738729556545
24,48,20.901830168365187
24,49,23.33292079952284
24,50,22.95367331119137
24,51,19.1889095090884
24,52,19.8474160187725
24,53,22.493632442999623
24,54,20.134195434169744
24,55,19.037007165949532
24,56,22.55715274612933
24,57,24.259828462281
24,58,23.882074331515966
25,1,8.4066615023652
25,2,8.22087677951061
25,3,11.917058811235815
25,4,13.254817238741738
25,5,13.701223659087285
25,6,16.210574190611908
25,7,17.38762144815037
25,8,20.639410020310784
25,9,23.537835565137943
25,10,25.34925708734297
25,11,24.912386039867474
25,12,27.58130482703287
25,13,26.634451269527396
25,14,29.08959010378916
25,15,27.48867079640772
25,16,24.34666601038765
25,17,24.695750757262882
25,18,21.560162026958675
25,19,18.169753150121807
25,20,15.302040397492014
25,21,12.662210989142093
25,22,9.096301157832523
25,23,6.527957562140184
25,24,3.8515664649525236
25,26,3.8192126896830967
25,27,5.51314926515893
25,28,8.618804804369491
25,29,9.986859263424872
25,30,9.340864950513904
25,31,13.094684194756034
25,32,14.58559070611178
25,33,18.36951188239906
25,34,20.792666167457398
25,35,23.951680828755435
25,36,27.39573934673324
25,37,29.67964311011762
25,38,27.885836375157037
25,39,25.401082370516875
25,40,22.684811532171526
25,41,19.040144302264274
25,42,17.954877370886997
25,43,15.598262430146033
25,44,17.332565326673897
25,45,17.420924405516853
25,46,16.426424022842845
25,47,19.38621080957782
25,48,21.885222993401424
25,49,24.4467001892324
25,50,24.64001626734894
25,51,20.906710654290006
25,52,21.053750320484774
25,53,24.058422104216046
25,54,22.06083987035134
25,55,20.467022160868645
25,56,23.700137241836185
25,57,25.888994082314614
25,58,26.019476994481995
26,1,9.478182374428958
26,2,7.947825727893811
26,3,11.450695300576283
26,4,12.16494643065688
26,5,11.561408200416748
26,6,14.104627002387629
26,7,15.841111316708504
26,8,19.415289487800106
26,9,22.286374744923883
26,10,24.288488851108358
26,11,24.368798733381777
26,12,27.365792930768073
26,13,26.89964093553848
26,14,29.545651235723135
26,15,27.785097325681107
26,16,24.97611903004837
26,17,25.830662468430486
26,18,22.97153848312085
26,19,19.46765618277738
26,20,17.046462107859348
26,21,14.616800304148796
26,22,11.350603926359886
26,23,9.598734124706553
26,24,6.869464819459832
26,25,3.8192126896830967
26,27,3.820436369940922
26,28,6.687324048147018
26,29,9.138644145578493
26,30,9.999482369423108
26,31,13.722880076660761
26,32,15.22211507361695
26,33,18.992170378465193
26,34,21.59667581199237
26,35,24.372683323708642
26,36,28.012871494629845
26,37,29.91655988812142
26,38,27.91588622227424
26,39,25.849354384172088
26,40,22.752408383804195
26,41,19.235411287816422
26,42,17.598687778618316
26,43,15.136476884445559
26,44,16.819334183702328
26,45,16.495459737225264
26,46,16.065360784387664
26,47,18.592322070055438
26,48,21.365481075659424
26,49,24.27818804775637
26,50,24.89883428226294
26,51,21.34259188606401
26,52,21.456639057426283
26,53,24.797329554811732
26,54,23.318562243188037
26,55,21.760105577820134
26,56,24.822794662161893
26,57,27.27151618134487
26,58,27.62294065956798
27,1,8.381019292385496
27,2,5.740059905359747
27,3,8.635186797851484
27,4,8.713300126987676
27,5,8.568588366910689
27,6,10.795228618646348
27,7,12.201834429829006
27,8,15.683868424226356
27,9,18.573247184630514
27,10,20.56737642802284
27,11,20.557991645627652
27,12,23.576595157583405
27,13,23.20911954623266
27,14,25.847672892784804
27,15,24.04612683741145
27,16,21.334940872693956
27,17,22.40106648648806
27,18,19.701874765691972
27,19,16.18680284123677
27,20,14.111829087820794
27,21,11.988252237720863
27,22,9.171939045588546
27,23,8.686090235323391
27,24,6.501479583340718
27,25,5.51314926515893
27,26,3.820436369940922
27,28,3.805760209891475
27,29,5.422984504656652
27,30,6.773353892444063
27,31,10.27772039677461
27,32,11.699231163747395
27,33,15.40915044591326
27,34,18.151361474127615
27,35,20.763536217226985
27,36,24.449938460170387
27,37,26.301284505052685
27,38,24.407801148849327
27,39,22.48420245621827
27,40,19.361990551062394
27,41,15.812190799004215
27,42,13.923802652721776
27,43,11.330895180154952
27,44,13.05541738350395
27,45,12.991632226092117
27,46,12.91275407203043
27,47,15.653504240189205
27,48,18.118020106927823
27,49,21.187491055338896
27,50,21.631135724378364
27,51,18.146463289771788
27,52,18.67019965744211
27,53,21.99228155308218
27,54,20.642730298240572
27,55,19.53498592978399
27,56,22.733065475689937
27,57,24.97070012959631
27,58,25.09191025218851
28,1,11.646978189987625
28,2,8.500530162919993
28,3,10.264785565978702
28,4,8.842394734944211
28,5,8.250816650586604
28,6,9.119721735201038
28,7,9.949499381050845
28,8,13.530939531693818
28,9,16.274121085200672
28,10,18.036859925242165
28,11,18.525343099703186
28,12,21.54658082328874
28,13,21.34262595075745
28,14,24.329206480138065
28,15,22.814902624191564
28,16,20.323614393060062
28,17,21.95440576096878
28,18,19.37806892317752
28,19,15.727172590140961
28,20,14.477412884955108
28,21,12.259321979471785
28,22,10.436349741232409
28,23,10.523932592838678
28,24,9.492808191439067
28,25,8.618804804369491
28,26,6.687324048147018
28,27,3.805760209891475
28,29,3.8024781546443713
28,30,6.530530012642167
28,31,9.379128528650158
28,32,11.509863666064357
28,33,14.90111066630902
28,34,18.113739953084156
28,35,20.286769906806306
28,36,24.017746466657137
28,37,25.755329430582034
28,38,24.165031157281863
28,39,22.668556817592503
28,40,19.52077515940031
28,41,16.047587901416435
28,42,13.416350268846744
28,43,10.203581830524746
28,44,10.94963937451212
28,45,9.997246650811254
28,46,9.985231285642344
28,47,12.253248572924432
28,48,14.997213145659199
28,49,18.169171056659284
28,50,19.074740952553608
28,51,15.813473087328182
28,52,16.074375403050002
28,53,19.633367402443614
28,54,18.856165619201988
28,55,17.71678196234988
28,56,20.620362565977608
28,57,23.07930920398734
28,58,23.524181480736456
29,1,10.680981952773791
29,2,7.575069820104563
29,3,8.270512374868016
29,4,6.455022633195791
29,5,7.427807448367025
29,6,7.833913679347342
29,7,7.705720518763238
29,8,10.850109233095406
29,9,13.685304907270835
29,10,15.409394712382122
29,11,15.344579839772038
29,12,18.273358375063363
29,13,17.948021841481605
29,14,20.761165129395067
29,15,19.157712173102492
29,16,16.584503054266367
29,17,18.171903891430006
29,18,15.690752768631791
29,19,12.114925065100678
29,20,11.104024796368435
29,21,9.433240262416636
29,22,8.302784959921723
29,23,9.735536905222673
29,24,9.315661201069366
29,25,9.986859263424872
29,26,9.138644145578493
29,27,5.422984504656652
29,28,3.8024781546443713
29,30,3.802526105010074
29,31,5.866055826741174
29,32,7.762206631794845
29,33,11.098801575911793
29,34,14.351432765719531
29,35,16.548480214780092
29,36,20.255448414177344
29,37,22.112624361620963
29,38,20.673322081890138
29,39,19.090722262837968
29,40,16.10837414064694
29,41,12.564733150666285
29,42,9.974718479245855
29,43,6.636324930871049
29,44,7.688816271036118
29,45,7.768069799577389
29,46,8.108259497046538
29,47,11.10691257176616
29,48,13.050213603338843
29,49,16.259758212239365
29,50,16.541198788124994
29,51,13.23446376474413
29,52,14.258399898007347
29,53,17.531514174236506
29,54,16.555209248219192
29,55,16.091708829878307
29,56,19.287520917925804
29,57,21.24823919440417
29,58,21.180999323765178
30,1,9.94842309210704
30,2,8.023639928846622
30,3,9.02630058808479
30,4,8.345424298812292
30,5,10.472895388524929
30,6,11.117449279996125
30,7,10.36000814883921
30,8,12.7362712024109
