1,2,3.824248110028617
1,3,6.059229395716922
1,4,8.860410465005886
1,5,10.449013858668073
1,6,9.394327565141541
1,7,12.722541874673594
1,8,14.295718603605211
1,9,11.90573490066268
1,10,11.572381880979867
1,11,9.299348168010404
1,12,11.729243666954662
1,13,11.593463048589097
1,14,14.526812371896273
1,15,17.14433030610747
1,16,19.686374153717637
1,17,22.25148131220524
1,18,25.020860312934442
1,19,26.019116132827083
1,20,28.614008577403787
1,21,27.519548857494176
1,22,28.099735429853595
1,23,26.24915011311122
1,24,23.153226935112222
1,25,23.34170511036839
1,26,23.925217717003186
1,27,20.99410471703391
1,28,18.509056557421932
1,29,20.579566373412156
1,30,20.27220882044176
1,31,16.44518920830795
1,32,16.757760588690758
1,33,16.268807933285395
1,34,18.626170632387623
1,35,19.640284708446003
1,36,19.30600597534872
1,37,21.995034680157822
1,38,24.344248226518513
1,39,25.412566067789793
1,40,21.94086158431631
1,41,20.70141356249332
1,42,24.174588721421436
1,43,24.530811465198802
1,44,21.08715774550651
1,45,19.57939027030006
1,46,17.90654871557971
1,47,21.506608236358073
1,48,21.701248398423548
1,49,18.90501811823894
1,50,20.001308465910757
1,51,23.7339898440532
1,52,25.75496601835989
1,53,23.083494438225753
1,54,23.75406992815618
1,55,23.800908941938523
1,56,24.263591163697154
1,57,27.936745834855383
1,58,28.62324769740995
1,59,29.028603877056447
1,60,27.181544314918114
1,61,25.663133886041148
1,62,28.363430716629438
1,63,38.842304027320395
1,64,37.51423458293664
1,65,34.436790427927825
1,66,33.72987847839464
1,67,34.82253469478216
1,68,32.5351247363938
1,69,29.139125486062532
1,70,26.075983801261636
1,71,22.421906974662146
1,72,19.926851686306843
1,73,16.493893897131045
1,74,15.242605450090753
1,75,14.073454580648432
1,76,12.431266274580533
1,77,12.204383491246057
1,78,9.599030329462025
2,1,3.824248110028617
2,3,3.820190209030139
2,4,5.470579559489603
2,5,6.9245546593403535
2,6,6.3838632533328195
2,7,9.90291841913776
2,8,12.085930388291777
2,9,10.088954320332553
2,10,8.805467330931856
2,11,5.888844340969852
2,12,7.946245153551728
2,13,8.100428501533164
2,14,11.139803029867865
2,15,14.03615751313718
2,16,16.69351712187506
2,17,19.38150575265592
2,18,21.85771377147797
2,19,22.82166807223307
2,20,25.29115881101386
2,21,24.089730651092786
2,22,24.917543871600635
2,23,23.261265860585386
2,24,19.963413844479685
2,25,20.17332499976087
2,26,21.15538410514966
2,27,18.317743753570618
2,28,15.668685056784218
2,29,18.05239431748668
2,30,18.228175742273685
2,31,14.457366743511022
2,32,14.82636623749446
2,33,13.612696044947292
2,34,15.517515453520138
2,35,16.13756677258569
2,36,15.644134878318008
2,37,18.44825165229426
2,38,20.672964207281954
2,39,21.930268520694366
2,40,18.59220122835171
2,41,17.158952873603518
2,42,20.615674464092198
2,43,21.245854974618208
2,44,17.90788420338928
2,45,16.472424755254032
2,46,14.42359613256242
2,47,17.916745627394043
2,48,18.26082760755589
2,49,15.360010558304692
2,50,16.234196859347364
2,51,19.993530308949385
2,52,21.997602796489062
2,53,19.33393358966935
2,54,20.031289008577435
2,55,20.069581608112475
2,56,20.723217093557857
2,57,24.345032020007277
2,58,24.996892740109214
2,59,25.270556593099826
2,60,23.380673648192676
2,61,21.840930222027783
2,62,24.57257537685153
2,63,35.045833043230786
2,64,33.763318587840665
2,65,30.733617450474004
2,66,30.119219559245693
2,67,31.32520720857066
2,68,29.02287140037174
2,69,25.715456146180063
2,70,22.545344288858885
2,71,18.95890259301107
2,72,16.34162305383801
2,73,12.83458772544783
2,74,11.85347544290363
2,75,10.699160263473766
2,76,9.748261259460175
2,77,10.142597894292626
2,78,8.605490885248095
3,1,6.059229395716922
3,2,3.820190209030139
3,4,3.8035877435863257
3,5,7.0761444124163235
3,6,8.43684902297057
3,7,12.129259939773517
3,8,14.965547659905575
3,9,13.422618222964786
3,10,11.478557627511067
3,11,7.896895209699349
3,12,8.205779443852881
3,13,6.800583793525218
3,14,8.891338019950325
3,15,11.591307023661857
3,16,13.776684582740508
3,17,16.591443545753897
3,18,19.347811114574203
3,19,20.756063273346136
3,20,23.60792152998663
3,21,22.945937350009945
3,22,23.977095461210144
3,23,21.927608795355543
3,24,18.7093167363181
3,25,19.634075827250268
3,26,20.569951742308092
3,27,17.337754130232824
3,28,15.309006069576172
3,29,18.237043287201512
3,30,18.09477064421012
3,31,14.429753288739452
3,32,15.733524637107676
3,33,14.396461437050933
3,34,16.192953374022064
3,35,16.25255769593909
3,36,16.082866112548466
3,37,19.333395445060063
3,38,21.20577446081519
3,39,22.981159584768033
3,40,19.99482211104006
3,41,17.991569836771646
3,42,21.14509764435554
3,43,22.122881603790642
3,44,18.80431999582285
3,45,16.83158698974004
3,46,14.54036736168579
3,47,17.68057231586992
3,48,17.364065388287344
3,49,14.114784442965215
3,50,15.314382051307488
3,51,18.92472235011499
3,52,20.609588689422218
3,53,17.96560889721844
3,54,19.094494663114844
3,55,19.84805258417631
3,56,20.978149151432365
3,57,24.54341186637588
3,58,24.629049645646777
3,59,24.64779059846231
3,60,22.432407122469556
3,61,21.27865594026981
3,62,23.956007191087412
3,63,33.88220284810417
3,64,32.61705807912258
3,65,29.37706860370766
3,66,28.923055049577062
3,67,29.72786119745458
3,68,27.163527334981215
3,69,23.660780676279153
3,70,20.571478522869782
3,71,16.8242202572626
3,72,14.793545504376475
3,73,11.782209460320377
3,74,11.499600427219457
3,75,11.55973617108168
3,76,11.530164787164564
3,77,12.939899393998795
3,78,12.017622826922802
4,1,8.860410465005886
4,2,5.470579559489603
4,3,3.8035877435863257
4,5,3.793931509341731
4,6,6.501716780054023
4,7,9.839465868560925
4,8,13.202642681439418
4,9,12.489304044576304
4,10,10.0739357639755
4,11,6.5338969674167835
4,12,5.55847253233574
4,13,4.968117749060885
4,14,6.570118187583374
4,15,10.031432924279223
4,16,12.095306478120905
4,17,15.27180392138248
4,18,17.463084694633054
4,19,18.952254227565515
4,20,21.584116163678996
4,21,20.740807286958642
4,22,22.240447877766577
4,23,20.5818790008405
4,24,17.063300549476356
4,25,17.982260507077516
4,26,19.57299516929639
4,27,16.629288563626243
4,28,14.38982707593861
4,29,17.577160409385023
4,30,18.154228476991197
4,31,14.752617360803427
4,32,15.849711314124518
4,33,13.657158710012663
4,34,14.584350571028045
4,35,13.925135808410841
4,36,13.192810219180481
4,37,16.393022925900226
4,38,17.873910756680257
4,39,19.695700744003034
4,40,16.883752491756965
4,41,14.539112177498758
4,42,17.51636989413834
4,43,18.596793088918126
4,44,15.36409402218762
4,45,13.357489139644066
4,46,10.852690390187542
4,47,13.89166495966083
4,48,13.636474156959144
4,49,10.396609802108339
4,50,11.626695277715694
4,51,15.23949842746694
4,52,17.163047428061937
4,53,14.755901484778265
4,54,16.164126727809407
4,55,16.825242791432057
4,56,18.357440034880963
4,57,21.727666368771565
4,58,21.88645466124577
4,59,21.552332693892406
4,60,19.148417952251325
4,61,17.740171907439283
4,62,20.268719267877337
4,63,30.588187746671895
4,64,29.538412206375767
4,65,26.431576091183224
4,66,26.25764266591651
4,67,27.297336094452888
4,68,24.644209494966187
4,69,21.31122961933708
4,70,17.947637381790123
4,71,14.318610445389707
4,72,12.2033340425929
4,73,9.145956603811005
4,74,9.762273919967395
4,75,9.753866654386604
4,76,10.817071173077956
4,77,12.455961447280316
4,78,12.445308840682085
5,1,10.449013858668073
5,2,6.9245546593403535
5,3,7.0761444124163235
5,4,3.793931509341731
5,6,3.8077224294712937
5,7,6.4934948847959255
5,8,10.167426415568142
5,9,10.36615180360843
5,10,8.207353205807266
5,11,5.687398753580782
5,12,4.907604231511149
5,13,6.748674978640993
5,14,8.291255286074875
5,15,12.024084312423948
5,16,14.040930996686386
5,17,17.294562684319775
5,18,18.830569794722095
5,19,20.13070768360932
5,20,22.295715854454777
5,21,20.97490061096144
5,22,22.748232772466665
5,23,21.68945645718545
5,24,17.962793681397095
5,25,18.388945236307936
5,26,20.518571558037102
5,27,18.096579374878896
5,28,15.383364319346361
5,29,18.32898488453756
5,30,19.6084816646886
5,31,16.383029626630265
5,32,16.748041527028136
5,33,14.04766364485073
5,34,14.234539643253731
5,35,13.289373590921702
5,36,11.564115775811675
5,37,14.207886187850146
5,38,15.429032438136092
5,39,16.75384300483061
5,40,13.76412286591728
5,41,11.375064045047592
5,42,14.387140020453407
5,43,15.083369700517082
5,44,11.731290670791077
5,45,9.937614744661271
5,46,7.637978512100792
5,47,11.10316919964065
5,48,11.394267867509393
5,49,8.773222835327761
5,50,9.994244399653999
5,51,13.597532073888617
5,52,16.147424705449144
5,53,14.17388980488609
5,54,15.593183632955826
5,55,15.559499734987725
5,56,17.171107606985743
5,57,20.315110502811837
5,58,21.002322310529834
5,59,20.43650147485956
5,60,18.053853236002404
5,61,15.979711275240744
5,62,18.238684647832095
5,63,29.477869080490482
5,64,28.706058079185013
5,65,25.91905817010602
5,66,25.96565473756868
5,67,27.47282741401421
5,68,24.910408873995003
5,69,21.91833575596232
5,70,18.320306017387082
5,71,15.04802655618886
5,72,12.618881567446724
5,73,9.38507615211781
5,74,10.302370137509213
5,75,9.232861780784534
5,76,10.62360707898897
5,77,11.583857551108903
5,78,11.959647152702797
6,1,9.394327565141541
6,2,6.3838632533328195
6,3,8.43684902297057
6,4,6.501716780054023
6,5,3.8077224294712937
6,7,3.803296295296332
6,8,6.948047435197989
6,9,6.94069881798405
6,10,5.852586058153667
6,11,4.723395151160341
6,12,6.3832028502350635
6,13,9.089063523687049
6,14,11.543518892730885
6,15,15.101338628998185
6,16,17.521105203840584
6,17,20.55669354513245
6,18,22.082352444254262
6,19,22.99076929902793
6,20,24.882589345078706
6,21,23.141388398155005
6,22,24.591075450548683
6,23,23.785283879701925
6,24,20.103115345135055
6,25,19.88347034646468
6,26,21.874521697238457
6,27,19.735519597214022
6,28,16.572750398111015
6,29,18.93336207678506
6,30,20.33247989375844
6,31,16.997892787294983
6,32,16.583054222814916
6,33,14.171448747962247
6,34,14.584151480688007
6,35,14.382116420269975
6,36,12.434400777454155
6,37,14.441604443540976
6,38,16.11017800482612
6,39,16.705870421158334
6,40,13.21308707318797
6,41,11.67914655446249
6,42,15.036520387958888
6,43,15.144923471746077
6,44,11.741643928473948
6,45,10.721956226579858
6,46,9.12262382293032
6,47,12.871060210166501
6,48,13.866838883560073
6,49,11.855786814473111
6,50,12.674161592893016
6,51,16.224365733548673
6,52,18.95540912247623
6,53,16.965556599862882
6,54,17.84883156052067
6,55,17.098355906327157
6,56,18.081236096602982
6,57,21.269185050075063
6,58,22.53851450333
6,59,22.311594242122688
6,60,20.345796489953234
6,61,17.967716332325384
6,62,20.22938770130666
6,63,31.801654393826436
6,64,30.98827380574559
6,65,28.405901557720632
6,66,28.240496799545294
6,67,30.0493172990763
6,68,27.76465375521553
6,69,24.92323177796564
6,70,21.38139869242717
6,71,18.252811374048225
6,72,15.404802498567854
6,73,11.846942996806918
6,74,11.800156814301992
6,75,9.550652999740448
6,76,9.815332771956397
6,77,9.48695905856449
6,78,9.31362051581953
7,1,12.722541874673594
7,2,9.90291841913776
7,3,12.129259939773517
7,4,9.839465868560925
7,5,6.4934948847959255
7,6,3.803296295296332
7,8,3.831018171543707
7,9,5.6553889080331325
7,10,5.257071125509437
7,11,6.451915906528656
7,12,7.88571532121311
7,13,11.406214571367844
7,14,13.677617820971097
7,15,17.10407913208493
7,16,19.55397809163549
7,17,22.44055184797266
7,18,23.42677025261543
7,19,24.00523913195705
7,20,25.38607570347311
7,21,23.201103435337277
7,22,24.73581430676203
7,23,24.51235857175097
7,24,20.814516158922697
7,25,20.073499230137546
7,26,22.42160640040829
7,27,20.86355891413546
7,28,17.43909627938582
7,29,19.398494847945926
7,30,21.39735933660715
7,31,18.423397100215272
7,32,17.377655349291498
7,33,14.655402147654188
7,34,14.317166966606102
7,35,14.010761243491256
7,36,11.361096689711179
7,37,12.415443089171815
7,38,13.94801472052297
7,39,13.83126750501434
7,40,10.150342836039421
7,41,9.208501238472035
7,42,12.591828552855127
7,43,12.311086648090331
7,44,9.193180403467313
7,45,9.317064249591661
7,46,8.14621047309491
7,47,11.661773384188438
7,48,13.53365892564348
7,49,12.306325761737725
7,50,12.535003843531525
7,51,15.743214341143474
7,52,18.698784989631186
7,53,17.043821303902916
7,54,17.610460431623743
7,55,16.11605403171041
7,56,16.881813026781597
7,57,19.728575324640836
7,58,21.551309668001213
7,59,21.294648902767495
7,60,19.63654397968015
7,61,16.826920396317636
7,62,18.865740916916398
7,63,30.758097267525482
7,64,30.09915277038669
7,65,27.885171310603123
7,66,27.77935456240057
7,67,30.009528189657242
7,68,27.969804747622078
7,69,25.51819136955788
7,70,21.9675760454839
7,71,19.289934703605685
7,72,16.2354931321507
7,73,12.825424379543211
7,74,12.801832842095653
7,75,9.882845706303113
7,76,10.35835847382432
7,77,9.350742362224596
7,78,9.980020177244425
8,1,14.295718603605211
8,2,12.085930388291777
8,3,14.965547659905575
8,4,13.202642681439418
8,5,10.167426415568142
8,6,6.948047435197989
8,7,3.831018171543707
8,9,3.823685614483254
8,10,5.612021131137279
8,11,8.503880171734748
8,12,10.723178400040133
8,13,14.321580638094739
8,14,16.96250965340573
8,15,20.168404213446273
8,16,22.88793075347714
8,17,25.532372694092956
8,18,26.42626135666109
8,19,26.61101304645617
8,20,27.663950667453697
8,21,25.11780457654521
8,22,26.32310902930526
8,23,26.414473526915764
8,24,22.868739151686828
8,25,21.54463063765905
8,26,23.74693345786181
8,27,22.598713070382757
8,28,18.940081133743437
8,29,20.233325127869456
8,30,22.397424124505193
8,31,19.596934369013503
8,32,17.830354172785803
8,33,15.451510118034893
8,34,15.132883913912671
8,35,15.475027802212482
8,36,12.884168944301958
8,37,13.074376443228262
8,38,14.963515020534603
8,39,14.065490338667466
8,40,10.24998800831109
8,41,10.673756368735752
8,42,13.979205377476665
8,43,13.294713317020559
8,44,10.811576638609997
8,45,11.940282233053713
8,46,11.241344414607793
8,47,14.359056392923716
8,48,16.717178847433583
8,49,15.816277524040382
8,50,15.607817688190298
8,51,18.615404016942023
8,52,21.48838934354208
8,53,19.815604489489093
8,54,19.84371299555945
8,55,17.76811147395372
8,56,17.84103787969026
8,57,20.529987544453334
8,58,22.870327007369447
8,59,22.983162059461385
8,60,21.83928026881883
8,61,18.95322078298368
8,62,20.971900072593932
8,63,32.677060834388556
8,64,31.943909477945393
8,65,29.983205828649382
8,66,29.644630746165127
8,67,32.14346248730749
8,68,30.437912137773576
8,69,28.19669898964738
8,70,24.785996446324386
8,71,22.31787470292305
8,72,19.013090381426203
8,73,15.573042791244228
8,74,14.903159587633022
8,75,11.419712833780425
8,76,11.014109716211502
8,77,8.779982395243149
8,78,9.307211262219418
9,1,11.90573490066268
9,2,10.088954320332553
9,3,13.422618222964786
9,4,12.489304044576304
9,5,10.36615180360843
9,6,6.94069881798405
9,7,5.6553889080331325
9,8,3.823685614483254
9,10,3.8160827968460422
9,11,6.875092132009972
9,12,10.083411768828594
9,13,13.231510949818544
9,14,16.46561278175758
9,15,19.41884755388988
9,16,22.50819203927119
9,17,24.90678738500622
9,18,26.196377565603065
9,19,26.186475819659716
9,20,27.405452009993198
9,21,24.924035464488586
9,22,25.649081688506314
9,23,25.42869144170381
9,24,22.052014919658994
9,25,20.62996673121215
9,26,22.29234542662153
9,27,20.97967025526225
9,28,17.292926824212934
9,29,18.317695766370306
9,30,20.060965746765287
9,31,17.089222009231896
9,32,15.165735014118896
9,33,13.393568696680843
9,34,13.936323771668357
9,35,15.097361064534281
9,36,13.35671493734675
9,37,14.127411431931726
9,38,16.720189085211377
9,39,16.36444066864256
9,40,12.601134743655136
9,41,13.131101590054174
9,42,16.76100868749135
9,43,16.64168396054464
9,44,14.128260962770817
9,45,14.875714093421378
9,46,13.521205934355574
9,47,16.785311466626037
9,48,18.953567042335248
9,49,17.359174127868272
9,50,17.002443484721365
9,51,20.37597858617331
9,52,22.8678764808022
9,53,20.633839663866606
9,54,20.328238261167588
9,55,18.486010938329397
9,56,18.104826238361056
9,57,21.210405061996166
9,58,23.345889484908323
9,59,23.956345846033578
9,60,23.003445207418185
9,61,20.57898962633895
9,62,23.08393731930361
9,63,34.219723330396334
9,64,33.09981775938134
9,65,30.89115393895241
9,66,30.143244195835663
9,67,32.435561024499485
9,68,30.8420033635323
9,69,28.374763170816763
9,70,25.138859277916257
9,71,22.42966564044635
9,72,18.94333554526159
9,73,15.26201337552751
9,74,13.766103258171613
9,75,10.2029719419587
9,76,8.62236183157034
9,77,5.721447986516242
9,78,5.536302303300335
10,1,11.572381880979867
10,2,8.805467330931856
10,3,11.478557627511067
10,4,10.0739357639755
10,5,8.207353205807266
10,6,5.852586058153667
10,7,5.257071125509437
10,8,5.612021131137279
10,9,3.8160827968460422
10,11,3.8038864852985883
10,12,6.586664281076512
10,13,9.821451850176942
10,14,13.03424755312359
10,15,15.804352558145727
10,16,18.983897460740998
10,17,21.232493923109615
10,18,22.45267797979024
10,19,22.374844200109816
10,20,23.630103558351944
10,21,21.237539802223942
10,22,22.018553639455217
10,23,21.699614476942674
10,24,18.273636574913017
10,25,17.01102701737653
10,26,18.780102690277275
10,27,17.371096389428107
10,28,13.71637816887737
10,29,15.094454679242999
10,30,16.949387751211205
10,31,14.013546616284804
10,32,12.46339411782653
10,33,10.159820352574572
10,34,10.556900894456511
10,35,11.50596655599255
10,36,10.039754844934732
10,37,11.493730666561357
10,38,14.271795954436508
10,39,14.705374370083868
10,40,11.1527468486535
10,41,11.217731337643823
10,42,15.030873353452392
10,43,15.720500621041587
10,44,13.282607253876177
10,45,13.830203781626354
10,46,11.594283062753824
10,47,14.657100518262428
10,48,16.807230854665352
10,49,14.748814019599509
10,50,13.994380802859874
10,51,17.50888057636078
10,52,19.672727410492243
10,53,17.16387144359042
10,54,16.757678145018396
10,55,15.179138735049678
10,56,14.936803702237903
10,57,18.27267652796901
10,58,20.061179792810275
10,59,20.714349021065868
10,60,19.719299061886733
10,61,17.612806944499237
10,62,20.438081081208118
10,63,31.13708499653122
10,64,29.849343025824705
10,65,27.4668578611431
10,66,26.64005396342729
10,67,28.79378967162237
10,68,27.17222390730659
10,69,24.64070085589384
10,70,21.46587373474144
10,71,18.752456365218304
10,72,15.206518091853846
10,73,11.52243562660503
10,74,9.97282880125313
10,75,6.434207894459738
10,76,5.495030842674699
10,77,4.154240403361431
10,78,5.771110796343378
11,1,9.299348168010404
11,2,5.888844340969852
11,3,7.896895209699349
11,4,6.5338969674167835
11,5,5.687398753580782
11,6,4.723395151160341
11,7,6.451915906528656
11,8,8.503880171734748
11,9,6.875092132009972
11,10,3.8038864852985883
11,12,3.8075716675243454
11,13,6.38381309482016
11,14,9.795822524668116
11,15,12.694620979943627
11,16,15.829775594457123
11,17,18.239014957677853
11,18,19.8724864668445
11,19,20.183038319205895
11,20,21.955538104457215
11,21,20.071863917914033
11,22,20.975464326193922
11,23,20.070855868355707
11,24,16.571247426488537
11,25,16.041207361667876
11,26,17.638714408057073
11,27,15.553912179994336
11,28,12.239671284625555
11,29,14.384403419566905
11,30,15.68769183108117
11,31,12.374314431268436
11,32,11.869564386621539
11,33,9.567280671798835
11,34,10.52456306173134
11,35,11.066199750769389
11,36,10.173251733133046
11,37,12.698805976343873
11,38,15.212708403064592
11,39,16.42286332566756
11,40,13.147282500631187
11,41,12.202907917153997
11,42,15.902980079481141
11,43,16.957350142632134
11,44,14.16593721910933
11,45,13.7710302193856
11,46,11.09633102637921
11,47,14.272597360483983
11,48,15.69519586219855
11,49,12.9964424419734
11,50,12.663256514093225
11,51,16.430979124970932
11,52,18.39463891863605
11,53,15.645976468213787
11,54,15.692503385867617
11,55,14.98318077431784
11,56,15.30409887520231
11,57,18.86658266387386
11,58,19.96276245843888
11,59,20.425255796525118
11,60,18.983119205963977
11,61,17.25425202909399
11,62,20.20792180594075
11,63,30.665763515479966
11,64,29.31617258588035
11,65,26.57797040332768
11,66,25.82883834969414
11,67,27.551860953416057
11,68,25.611182611790074
11,69,22.71994861550369
11,70,19.50839490029424
11,71,16.393790738053386
11,72,13.087166154286685
11,73,9.287215635421743
11,74,7.971827823780081
11,75,5.508503053078867
11,76,5.266986031451481
11,77,6.058441960781966
11,78,6.878587477964828
12,1,11.729243666954662
12,2,7.946245153551728
12,3,8.205779443852881
12,4,5.55847253233574
12,5,4.907604231511149
12,6,6.3832028502350635
12,7,7.88571532121311
12,8,10.723178400040133
12,9,10.083411768828594
12,10,6.586664281076512
12,11,3.8075716675243454
12,13,3.8146035587920286
12,14,6.480121279365899
12,15,9.485608970787121
12,16,12.44918509127416
12,17,14.949583627643033
12,18,16.317299194794828
12,19,16.81954504096289
12,20,18.675675300636836
12,21,17.010793477355442
12,22,18.3553770218633
12,23,17.41110131010678
12,24,13.730976604672769
12,25,13.736520216393307
12,26,15.773290330177707
12,27,13.584156095706238
12,28,10.610771514147135
12,29,13.461738991089932
12,30,14.986805712152021
12,31,12.018325715908308
12,32,12.286875313109357
12,33,9.296525354535033
12,34,9.430495928663673
12,35,8.790796269061437
12,36,7.935140300134078
12,37,11.133549349640278
12,38,13.168370354824065
12,39,15.096504564447857
12,40,12.377429282067736
12,41,10.674869916874023
12,42,14.062490290454358
12,43,15.745360890519256
12,44,13.180882715836635
12,45,12.500417703807637
12,46,9.174752440283632
12,47,11.811378509831496
12,48,13.005620881841391
12,49,9.932024318478092
12,50,9.285959292406076
12,51,13.081745751059314
12,52,14.790321406467624
12,53,11.961821542530952
12,54,12.319901442653775
12,55,12.14963657156123
12,56,13.150374737723483
12,57,16.63543497524673
12,58,17.240241720368175
12,59,17.361405403039345
12,60,15.60494894729285
12,61,14.124357339773475
12,62,17.16330734036659
12,63,27.314182037285835
12,64,26.002099969239676
12,65,23.137784227056905
12,66,22.58482726449166
12,67,24.170908257172403
12,68,22.03323149208213
12,69,19.101767238030845
12,70,15.792611654542364
12,71,12.664609476366559
12,72,9.450494780217594
12,73,5.698369040623011
12,74,5.557135690759562
12,75,4.510735809754344
12,76,6.683665364950365
12,77,8.886174653713107
12,78,10.49945491088583
13,1,11.593463048589097
13,2,8.100428501533164
13,3,6.800583793525218
13,4,4.968117749060885
13,5,6.748674978640993
13,6,9.089063523687049
13,7,11.406214571367844
13,8,14.321580638094739
13,9,13.231510949818544
13,10,9.821451850176942
13,11,6.38381309482016
13,12,3.8146035587920286
13,14,3.81464908969631
13,15,6.433285829569424
13,16,9.597230451051864
13,17,11.996830622514178
13,18,14.021686567626636
13,19,14.808719814722908
13,20,17.2492620515098
13,21,16.254356407046888
13,22,17.43325257428427
13,23,15.752665682094188
13,24,12.269088145135997
13,25,13.12203134981283
13,26,14.611909309721918
13,27,11.715904483835372
13,28,9.515578094335803
13,29,12.89750656541935
13,30,13.604161109994957
13,31,10.540186352517454
13,32,11.982006488082138
13,33,9.538178593376793
13,34,10.40031514729969
13,35,9.781644664281048
13,36,10.153170980335416
13,37,13.790832722670977
13,38,15.70045447437154
13,39,18.151994524536725
13,40,15.806103304988413
13,41,13.870213713556698
13,42,16.928734822818676
13,43,18.905865690896675
13,44,16.36313576708226
13,45,15.161776932894975
13,46,11.770769939844298
13,47,14.01241405501022
13,48,14.436655841987578
13,49,10.832219997300484
13,50,10.448755744083515
13,51,14.070562596546223
13,52,15.097950300827486
13,53,11.933024613323367
13,54,12.48571128404305
13,55,13.360709294857614
13,56,14.516840921998119
13,57,18.053234292729723
13,58,17.890132452221685
13,59,18.0860451326247
13,60,16.17725116936242
13,61,15.47802240627094
13,62,18.623772421933243
13,63,27.697154893870028
13,64,26.162642330932204
13,65,22.948988982735766
13,66,22.268567263356143
13,67,23.275089476975086
13,68,20.962268275980694
13,69,17.649509846651764
13,70,14.58489901948065
13,71,11.057256049309135
13,72,8.344389976103958
13,73,5.109328305816618
13,74,5.066039191748446
13,75,6.392343459640619
13,76,8.245971591405548
13,77,11.182270125240231
13,78,12.369678299469912
14,1,14.526812371896273
14,2,11.139803029867865
14,3,8.891338019950325
14,4,6.570118187583374
14,5,8.291255286074875
14,6,11.543518892730885
14,7,13.677617820971097
14,8,16.96250965340573
14,9,16.46561278175758
14,10,13.03424755312359
14,11,9.795822524668116
14,12,6.480121279365899
14,13,3.81464908969631
14,15,3.782424939643145
14,16,6.092021533623703
14,17,9.03721724670883
14,18,10.93619394810589
14,19,12.440644291182512
14,20,15.225847700804698
14,21,14.862304630698594
14,22,16.632914556266105
14,23,14.787075118727184
14,24,11.333575928518075
14,25,13.143745805647779
14,26,14.942182332857643
14,27,11.990332982804391
14,28,10.720327090027775
14,29,14.47801324161022
14,30,15.193315065317547
14,31,12.714838643202974
14,32,14.707956310585747
14,33,12.090576147090918
14,34,12.228249094004818
14,35,10.54539187500616
14,36,10.906752589705304
14,37,14.617392120680126
14,38,15.741015520780564
14,39,18.62258630432746
14,40,16.856282444484048
14,41,14.324702449884708
14,42,16.724082570224343
14,43,18.999523317884833
14,44,16.680110880311712
14,45,15.067247821601077
14,46,11.638100492805004
14,47,13.092605427466246
14,48,12.797420203720963
14,49,9.00695185344421
14,50,8.8194280484369
14,51,11.969052681448026
14,52,12.559782513285107
14,53,9.588801093182893
14,54,10.98163534371208
14,55,12.798482848874736
14,56,14.76708301232772
14,57,17.901389007558834
14,58,17.095591991166685
14,59,16.714369955742903
14,60,14.296533680109672
14,61,14.018771449641225
14,62,16.91455850557869
14,63,25.39338357994823
14,64,24.022456945564738
14,65,20.6537859522098
14,66,20.371133366219436
14,67,21.024235764817806
14,68,18.315381401397225
14,69,14.856029673411665
14,70,11.6809936078236
14,71,7.947787286802398
14,72,6.233276799320375
14,73,4.543478559406315
14,74,6.718013513792811
14,75,9.089112995783784
14,76,11.692580041068815
14,77,14.753973876697323
14,78,16.125825825545096
15,1,17.14433030610747
15,2,14.03615751313718
15,3,11.591307023661857
15,4,10.031432924279223
15,5,12.024084312423948
15,6,15.101338628998185
15,7,17.10407913208493
15,8,20.168404213446273
15,9,19.41884755388988
15,10,15.804352558145727
15,11,12.694620979943627
15,12,9.485608970787121
15,13,6.433285829569424
15,14,3.782424939643145
15,16,3.7946598801631564
15,17,5.5678975942460305
15,18,7.887975514192224
15,19,9.25622064607307
15,20,12.41536735704471
15,21,12.684399271112373
15,22,14.203738667401588
15,23,11.832063250215649
15,24,8.819263473987194
15,25,11.432039057467868
15,26,12.767654610325776
15,27,9.628361477106974
15,28,9.548433283182856
15,29,13.356976161471199
15,30,13.64390379025258
15,31,11.859702344730147
15,32,14.529115156529508
15,33,12.29662546483472
15,34,12.477490722187575
15,35,10.81078048540435
15,36,12.255466026724724
15,37,15.984443904282989
15,38,17.12338158253366
15,39,20.41359604245311
15,40,19.125773662928584
15,41,16.825176140104958
15,42,18.9679595643661
15,43,21.674904684459047
15,44,19.75837572102861
15,45,18.362518226943386
15,46,14.817049331131352
15,47,15.648454636476611
15,48,15.346619143841616
15,49,11.677675026728721
15,50,10.837362418343682
15,51,13.327037278150815
15,52,12.806812705800159
15,53,9.543904438061704
15,54,10.416542110040593
15,55,12.989159433501433
15,56,14.76862671402791
15,57,17.730014410815862
15,58,16.2136407925263
15,59,16.129227842303735
15,60,14.0349045486125
15,61,14.76174561078576
15,62,17.814544695575375
15,63,24.43927401383003
15,64,22.686353306363692
15,65,19.095539276571074
15,66,18.47696709848948
15,67,18.604815778625483
15,68,15.991284095761324
15,69,12.331433356020314
15,70,9.784653484902481
15,71,6.152731664896302
15,72,5.349221219545375
15,73,5.654128818054449
15,74,7.346645399261854
15,75,10.75825769747925
15,76,13.3249370272813
15,77,16.832102831823516
15,78,18.454756860765045
16,1,19.686374153717637
16,2,16.69351712187506
16,3,13.776684582740508
16,4,12.095306478120905
16,5,14.040930996686386
16,6,17.521105203840584
16,7,19.55397809163549
16,8,22.88793075347714
16,9,22.50819203927119
16,10,18.983897460740998
16,11,15.829775594457123
16,12,12.44918509127416
16,13,9.597230451051864
16,14,6.092021533623703
16,15,3.7946598801631564
16,17,3.8185418890568825
16,18,6.109556508598621
16,19,8.913493356239465
16,20,12.417888463975077
16,21,13.594343645512103
16,22,15.63173510160779
16,23,13.20829093697362
16,24,10.700273856912743
16,25,13.908098892734536
16,26,15.34042766085946
16,27,12.42198755186706
16,28,12.971397668780522
16,29,16.707947982127244
16,30,16.916715549986282
16,31,15.44036943522167
16,32,18.25304964964584
16,33,16.009256551710052
16,34,15.868295622118959
16,35,13.701107029706733
16,36,14.796379386675564
16,37,18.341297128305445
16,38,18.79934190033535
16,39,22.198826419099962
16,40,21.266710270607692
16,41,18.545578947134704
16,42,20.102301904198303
16,43,22.809835827988348
16,44,21.003061892546135
16,45,19.20481198723656
16,46,15.950346099092874
16,47,16.228675324190352
16,48,15.150782717893275
16,49,11.746457410411805
16,50,11.451344380993469
16,51,13.111378917777268
16,52,12.16588974087347
16,53,9.680556143530607
16,54,11.48053871517888
16,55,14.649359972590506
16,56,17.01924915901337
16,57,19.483744928773934
16,58,17.50399497240395
16,59,16.772534299751996
16,60,14.204950081746356
16,61,15.264044693844466
16,62,17.763248467012737
16,63,23.559378431394133
16,64,22.09877582466765
16,65,18.42647848908464
16,66,18.373114128784465
16,67,17.971192708194756
16,68,14.867582382346972
16,69,11.113386642722373
16,70,8.734742618016275
16,71,5.36530433854746
16,72,6.89902867915628
16,73,8.47742777871164
16,74,10.931382102901104
16,75,14.225593813059346
16,76,16.98417661096905
16,77,20.389333829166493
16,78,21.913680109241717
17,1,22.25148131220524
17,2,19.38150575265592
17,3,16.591443545753897
17,4,15.27180392138248
17,5,17.294562684319775
17,6,20.55669354513245
17,7,22.44055184797266
17,8,25.532372694092956
17,9,24.90678738500622
17,10,21.232493923109615
17,11,18.239014957677853
17,12,14.949583627643033
17,13,11.996830622514178
17,14,9.03721724670883
17,15,5.5678975942460305
17,16,3.8185418890568825
17,18,3.8125352128081635
17,19,6.206542546245619
17,20,9.989327839252821
17,21,11.912686784242656
17,22,13.497870540860099
17,23,10.654100350848774
17,24,9.091173741968468
17,25,12.765973263729508
17,26,13.61813792160919
17,27,10.923999624552332
17,28,12.557634923871108
17,29,15.947907441818105
17,30,15.82364011434119
17,31,15.149527946928798
17,32,18.262386723602457
17,33,16.412760060626933
17,34,16.27977825992348
17,35,14.318322607980265
17,36,16.198358044847094
17,37,19.625370852003137
17,38,20.217448173802516
17,39,23.844068176585203
17,40,23.256001826720368
17,41,20.88249991456289
17,42,22.35583847678297
17,43,25.387944845756635
17,44,23.920275599800622
17,45,22.466964815712366
17,46,19.051440905206643
17,47,19.024120730035943
17,48,18.268708272098714
17,49,15.014390702507583
17,50,14.051293949175072
17,51,15.320122048092635
17,52,13.53309180718039
17,53,10.912459023528058
17,54,11.809848204857085
17,55,15.267334933592402
17,56,17.22194123867703
17,57,19.45085210050065
17,58,16.93354350661706
17,59,16.642373311703306
17,60,14.681425188327527
17,61,16.566632123298096
17,62,19.215373031786427
17,63,23.01539033193657
17,64,21.100313145688897
17,65,17.319253509761797
17,66,16.78227239815217
17,67,15.803728991019161
17,68,13.016024186257424
17,69,9.227180486101929
17,70,8.112044871495954
17,71,5.892226012645362
17,72,7.917419096864549
17,73,10.292473353602658
17,74,12.078835098628614
17,75,15.765592935235208
17,76,18.407093415223656
17,77,22.067216230545284
17,78,23.836862269074846
18,1,25.020860312934442
18,2,21.85771377147797
18,3,19.347811114574203
18,4,17.463084694633054
18,5,18.830569794722095
18,6,22.082352444254262
18,7,23.42677025261543
18,8,26.42626135666109
18,9,26.196377565603065
18,10,22.45267797979024
18,11,19.8724864668445
18,12,16.317299194794828
18,13,14.021686567626636
18,14,10.93619394810589
18,15,7.887975514192224
18,16,6.109556508598621
18,17,3.8125352128081635
18,19,3.8124800645331236
18,20,7.169611415743055
18,21,9.544768717085711
18,22,11.813235060290483
18,23,9.718000419661623
18,24,8.457828466175267
18,25,12.144590967173382
18,26,13.586923371715889
18,27,11.82468255074755
18,28,13.498448829576787
18,29,16.619120129074027
18,30,17.145214498215974
18,31,17.010701012102032
18,32,19.730365326733377
18,33,17.507096797775535
18,34,16.56793116861356
18,35,14.037743651512963
18,36,15.786083945300195
18,37,18.785551434565942
18,38,18.848510585845656
18,39,22.606940294495125
18,40,22.62854684589084
18,41,20.309319835103693
18,42,21.23445820794971
18,43,24.52786904003881
18,44,23.60266785346284
18,45,22.47108922663253
18,46,19.10000906288338
18,47,18.328123993662757
18,48,17.753028167394366
18,49,14.992237165444376
18,50,13.44872925015746
18,51,13.859552721625798
18,52,11.300549642771566
18,53,9.160841861698703
18,54,9.938152158097084
18,55,13.681687133964758
18,56,15.901325184383454
18,57,17.478795522082525
18,58,14.553319286535972
18,59,13.905973393061936
18,60,12.057698207349754
18,61,14.54086170275212
18,62,16.935309093766516
18,63,19.362782468227895
18,64,17.43907142292087
18,65,13.65533575900403
18,66,13.354849576333015
18,67,12.256521008184226
18,68,9.261002397163626
18,69,5.474365009587377
18,70,4.889867135500164
18,71,4.506219404218428
18,72,7.585775098490799
18,73,10.969744669810439
18,74,13.19247126471029
18,75,16.74737170542515
18,76,19.818605627458787
18,77,23.45513377696393
18,78,25.668800972525855
19,1,26.019116132827083
19,2,22.82166807223307
19,3,20.756063273346136
19,4,18.952254227565515
19,5,20.13070768360932
19,6,22.99076929902793
19,7,24.00523913195705
19,8,26.61101304645617
19,9,26.186475819659716
19,10,22.374844200109816
19,11,20.183038319205895
19,12,16.81954504096289
19,13,14.808719814722908
19,14,12.440644291182512
19,15,9.25622064607307
19,16,8.913493356239465
19,17,6.206542546245619
19,18,3.8124800645331236
19,20,3.796435298314789
19,21,6.359215445897834
19,22,8.137264656123834
19,23,6.146645077352758
19,24,5.717521122121828
19,25,9.31195141431178
19,26,10.535792833301866
19,27,9.582129326303315
19,28,11.71036314066831
19,29,14.24565674020712
19,30,14.959330389096337
19,31,15.579724508534985
19,32,18.073181508210112
19,33,16.03965442530836
19,34,14.883214755101053
19,35,12.639258825688744
19,36,15.042689016696084
19,37,17.76340945338892
19,38,18.16046856332593
19,39,21.97204969286933
19,40,22.22809336143323
19,41,20.475382005988422
19,42,21.5146059525306
19,43,25.043050900863665
19,44,24.44188604061567
19,45,23.864812768209624
19,46,20.29723245748396
19,47,19.480236826580015
19,48,19.611366946280928
19,49,16.905623717591606
19,50,14.62387262429085
19,51,15.109087778788743
19,52,12.305922213559793
19,53,9.759287093074018
19,54,9.011984667635051
19,55,12.468931107110187
19,56,13.957370079704884
19,57,15.369930840949648
19,58,12.199423371223899
19,59,12.392868227932736
19,60,11.592746787208311
19,61,14.514444345406913
19,62,17.285874606469463
19,63,18.596714931357607
19,64,16.051188667511386
19,65,12.331873259039575
19,66,11.030019213137333
19,67,10.042822062449869
19,68,8.013686136394018
19,69,4.7314086460541835
19,70,5.482192303980762
19,71,6.194656363643035
19,72,7.867594373899946
19,73,11.242287715577952
19,74,12.673685515998429
19,75,16.209395493851126
19,76,19.148513700049772
19,77,22.85180527477255
19,78,25.408763666502043
20,1,28.614008577403787
20,2,25.29115881101386
20,3,23.60792152998663
20,4,21.584116163678996
20,5,22.295715854454777
20,6,24.882589345078706
20,7,25.38607570347311
20,8,27.663950667453697
20,9,27.405452009993198
20,10,23.630103558351944
20,11,21.955538104457215
20,12,18.675675300636836
20,13,17.2492620515098
20,14,15.225847700804698
20,15,12.41536735704471
20,16,12.417888463975077
20,17,9.989327839252821
20,18,7.169611415743055
20,19,3.796435298314789
20,21,3.8065556531011144
20,22,5.8071827004217225
20,23,5.600016234268308
20,24,6.276189173897445
20,25,8.750532016569842
20,26,10.238903098308711
20,27,10.688275007814491
20,28,12.69856354868102
20,29,14.46554136346216
20,30,15.74166282909687
20,31,17.008286422482172
20,32,18.95645742996843
20,33,16.866094472787236
20,34,15.094962135488348
20,35,12.799679204878688
20,36,15.260071062267032
20,37,17.31215255460272
20,38,17.50724709429093
20,39,21.275829095484664
20,40,22.09378208058838
20,41,20.781217178851342
20,42,21.48190555318415
20,43,25.19767260763371
20,44,25.144739215807604
20,45,25.08477182369006
20,46,21.565118193792742
20,47,20.318678505967153
20,48,20.940797639674514
20,49,18.66390439218397
20,50,15.831135424334216
20,51,15.81370486535421
20,52,12.650780953477945
20,53,10.523274144627093
20,54,8.77138673599478
20,55,11.729517016088526
20,56,12.773851641488523
20,57,13.381951943663724
20,58,9.815038140412614
20,59,10.396768468291132
20,60,10.670059187487395
20,61,14.075023332737624
20,62,16.729258948675298
20,63,16.18481115797275
20,64,13.192235869125442
20,65,9.699883966303346
20,66,7.64093862904776
20,67,6.833073004723577
20,68,5.968221886705726
20,69,4.4761448727448085
20,70,6.477432852969686
20,71,8.61471188181872
20,72,9.708930881294007
20,73,13.064175035458087
20,74,14.239096096414592
20,75,17.38962833123851
20,76,20.378771886525918
20,77,23.946393568475887
20,78,26.878657963018078
21,1,27.519548857494176
21,2,24.089730651092786
21,3,22.945937350009945
21,4,20.740807286958642
21,5,20.97490061096144
21,6,23.141388398155005
21,7,23.201103435337277
21,8,25.11780457654521
21,9,24.924035464488586
21,10,21.237539802223942
21,11,20.071863917914033
21,12,17.010793477355442
21,13,16.254356407046888
21,14,14.862304630698594
21,15,12.684399271112373
21,16,13.594343645512103
21,17,11.912686784242656
21,18,9.544768717085711
21,19,6.359215445897834
21,20,3.8065556531011144
21,22,3.8321662295831462
21,23,5.5623379904098105
21,24,5.208659213986062
21,25,6.089520608764771
21,26,8.520208595476843
21,27,9.774097325128741
21,28,10.888233087860284
21,29,12.235066389535993
21,30,14.306770890958886
21,31,15.610372200350959
21,32,16.869502300014364
21,33,14.51094731505922
21,34,12.197900291340654
21,35,9.902999410908091
21,36,12.421464251335355
21,37,14.067566686099278
21,38,14.51438273833064
21,39,18.177327309899297
21,40,19.08278624694225
21,41,18.24309912013822
21,42,19.07696301507024
21,43,22.828264152566735
21,44,22.99297247961541
21,45,23.426221073208676
21,46,19.879601929548006
21,47,18.69277967062149
21,48,19.976453064286865
21,49,17.84261295839858
21,50,14.539981251462642
21,51,14.763580411149883
21,52,12.011513488543587
21,53,9.589882959763544
21,54,6.656852519142315
21,55,8.725709958037218
21,56,9.169906318832544
21,57,9.772641977653956
21,58,6.383715744398193
21,59,7.880886349774769
21,60,9.018744601141526
21,61,12.102642722802774
21,62,15.129263642378014
21,63,15.826931520795581
21,64,12.753437291738479
21,65,9.665201157793339
21,66,7.096730079984567
21,67,8.171071353716167
21,68,8.01102949794205
21,69,7.111747277204475
21,70,7.575940856346303
21,71,9.25594128238304
21,72,8.923353255439661
21,73,11.707862525139412
21,74,12.465765768095162
21,75,15.093440633531129
21,76,18.075712856216107
21,77,21.434132540658382
21,78,24.643324854150446
22,1,28.099735429853595
22,2,24.917543871600635
22,3,23.977095461210144
22,4,22.240447877766577
22,5,22.748232772466665
22,6,24.591075450548683
22,7,24.73581430676203
22,8,26.32310902930526
22,9,25.649081688506314
22,10,22.018553639455217
22,11,20.975464326193922
22,12,18.3553770218633
22,13,17.43325257428427
22,14,16.632914556266105
22,15,14.203738667401588
22,16,15.63173510160779
22,17,13.497870540860099
22,18,11.813235060290483
22,19,8.137264656123834
22,20,5.8071827004217225
22,21,3.8321662295831462
22,23,3.7989360919433097
22,24,5.457130197519397
22,25,5.141162713578068
22,26,5.990312809147735
22,27,8.37770710981264
22,28,10.093354815525856
22,29,10.400032124120568
22,30,12.154881896618576
22,31,14.288333369981737
22,32,15.457738906494402
22,33,13.839022238564079
22,34,12.016382879924338
22,35,10.86260130356311
22,36,14.07203072612551
22,37,15.642897350238663
22,38,16.80050795356559
22,39,20.245993855015897
22,40,20.93051669712115
22,41,20.578429295111587
22,42,21.81192058138257
22,43,25.494668732050116
22,44,25.56630988271925
22,45,26.15783498840211
22,46,22.50220212811959
22,47,21.71920450962892
22,48,23.201384597907655
22,49,20.82774385668623
