1,2,3.830331765026312
1,3,5.617383199390036
1,4,8.594793556426453
1,5,9.964573168823549
1,6,10.105952707997622
1,7,7.757634111649266
1,8,10.468672072395478
1,9,11.430626406022366
1,10,10.010188783459641
1,11,10.720754053762032
1,12,9.603248048095988
1,13,12.434722173227717
1,14,13.338690174665443
1,15,16.30720402350726
1,16,19.43567905759163
1,17,21.734628742244322
1,18,24.797229031762644
1,19,27.28085894171893
1,20,28.347886849822018
1,21,30.533720735856715
1,22,29.042820684848717
1,23,30.414059807492027
1,24,28.789290858526858
1,25,25.44252200800549
1,26,25.4868339451959
1,27,26.62305788935724
1,28,23.84511887303435
1,29,21.098216046793354
1,30,22.979078024444362
1,31,23.40256916561307
1,32,19.654633868399607
1,33,19.617159023253155
1,34,18.41445886727903
1,35,20.285828920401045
1,36,20.918411215039136
1,37,19.846663811244756
1,38,22.34001927591587
1,39,24.3892184247979
1,40,24.178962247303083
1,41,20.46904981934356
1,42,19.50406249517887
1,43,22.601614997326
1,44,23.027356744319523
1,45,19.292206527729245
1,46,17.580256703916692
1,47,16.63156806264657
1,48,20.420098627355596
1,49,20.91483300832418
1,50,18.541396700239364
1,51,19.96686404734588
1,52,23.603191752176556
1,53,26.0983624562634
1,54,23.883377388089222
1,55,24.847777329771823
1,56,24.549944202366238
1,57,25.147203358696324
1,58,28.756444659064016
1,59,29.721592072529905
1,60,29.915398543656778
1,61,27.806295164979225
1,62,25.597860281701823
1,63,27.830637836858436
1,64,28.3546093013167
1,65,32.045293973957946
1,66,33.27472838033871
1,67,36.6570840128899
1,68,39.72242008785451
1,69,39.249935453001086
1,70,41.65678329254961
1,71,39.488896387747396
1,72,38.50013225525655
1,73,34.67547115052247
1,74,35.26644926168646
1,75,36.688711116122384
1,76,33.93848510777066
1,77,30.858260248636718
1,78,27.42939523780021
1,79,23.8613404207937
1,80,21.33376134765144
1,81,17.8512725904297
1,82,17.01269251447001
1,83,15.106523140547536
1,84,13.744405099728722
1,85,12.541126323636087
1,86,8.881874411628994
1,87,8.66562162522711
2,1,3.830331765026312
2,3,3.827956092052593
2,4,6.30026820029134
2,5,8.90283180675927
2,6,10.352348793415338
2,7,8.951736471972634
2,8,12.262294122997277
2,9,13.631446100177646
2,10,11.577550589721152
2,11,11.320255053858698
2,12,9.234349836199268
2,13,11.68792725413833
2,14,11.599458399918396
2,15,14.644276929141116
2,16,17.297191231553132
2,17,19.7069914846602
2,18,22.496659655843143
2,19,25.282367529057286
2,20,26.294360979217046
2,21,28.692106311484167
2,22,27.468784977473604
2,23,28.562138829249896
2,24,26.58281703671482
2,25,23.464470506339733
2,26,23.7080547177372
2,27,24.40729247117684
2,28,21.3784651881209
2,29,18.998051273624544
2,30,20.907558417986927
2,31,20.80839123782235
2,32,17.017560642813798
2,33,17.493423053262056
2,34,16.71032096670113
2,35,19.06104978443495
2,36,19.917716195298162
2,37,19.529830282766014
2,38,22.465059946482985
2,39,24.80015601550107
2,40,25.083809471549873
2,41,21.52508553109188
2,42,20.46657273800205
2,43,23.795983183629446
2,44,24.763775815784463
2,45,21.15167765459771
2,46,19.31462778849282
2,47,17.68569550293801
2,48,21.309895933331
2,49,21.6517813896893
2,50,18.753244098554998
2,51,19.892007357032938
2,52,23.65092944468914
2,53,25.67050694937857
2,54,23.11375193663452
2,55,23.92056465214834
2,56,24.0310517053891
2,57,24.484364004830034
2,58,28.228225765130635
2,59,28.854643413978007
2,60,29.374918681723422
2,61,27.327345418925425
2,62,25.58771897830486
2,63,28.143671077869808
2,64,29.15032859338053
2,65,32.70361359888032
2,66,33.75048451231451
2,67,37.04643995547037
2,68,39.924709053903236
2,69,38.931018718416325
2,70,41.091307047077834
2,71,38.64167110158783
2,72,37.48921028413502
2,73,33.67348798503455
2,74,33.955198512873494
2,75,35.17891561880837
2,76,32.49175443619395
2,77,29.22083596827468
2,78,26.00519995934518
2,79,22.3399599942212
2,80,19.911375261286693
2,81,16.582735020158687
2,82,15.458521498741035
2,83,14.150756370121277
2,84,12.719671525031696
2,85,12.237712220110227
2,86,8.815857209006797
2,87,9.83580386817238
3,1,5.617383199390036
3,2,3.827956092052593
3,4,3.8139861368210246
3,5,5.481832682592227
3,6,6.94583843146257
3,7,6.2100661483760256
3,8,9.792998115560895
3,9,11.86987006531717
3,10,10.138477790241593
3,11,8.77696658210519
3,12,5.917091016429539
3,13,7.906376066033282
3,14,7.953538070491757
3,15,11.099269917769103
3,16,13.981768659929593
3,17,16.53229536255196
3,18,19.382730781908364
3,19,21.917139181353228
3,20,22.876000635090758
3,21,25.160996099706594
3,22,23.86318877637905
3,23,25.158191981965427
3,24,23.330432813767363
3,25,20.045492519953118
3,26,20.35701600674604
3,27,21.385469786472168
3,28,18.4322205699565
3,29,15.90179404791522
3,30,18.144804002723248
3,31,18.4185543579026
3,32,14.74834784570527
3,33,15.299615818580813
3,34,13.889277961229196
3,35,15.8528183282968
3,36,16.343447017584154
3,37,15.88795328437124
3,38,18.95346808622608
3,39,21.221112757204608
3,40,21.772969445673002
3,41,18.358209317331745
3,42,17.088259380240967
3,43,20.46723381731319
3,44,21.75485113653947
3,45,18.29071976924373
3,46,16.48219595188176
3,47,14.401136686160827
3,48,17.89248456325235
3,49,18.34912448154736
3,50,15.302833800371102
3,51,16.17606570729166
3,52,19.96103283805129
3,53,21.91241573429287
3,54,19.309728906671246
3,55,20.120074239759248
3,56,20.274000682764605
3,57,20.89587549346004
3,58,24.612423999170886
3,59,25.145850114618664
3,60,25.579035803545683
3,61,23.50046448117111
3,62,21.809296526562306
3,63,24.43743481062143
3,64,25.60888027854983
3,65,29.093947554786762
3,66,30.06451461172511
3,67,33.332968032400046
3,68,36.1628168473413
3,69,35.109254265135796
3,70,37.27663187143236
3,71,34.84268031722355
3,72,33.7053476419473
3,73,29.885740539244043
3,74,30.25261529983562
3,75,31.51740311545935
3,76,28.816976336161762
3,77,25.62456909102145
3,78,22.345832262699503
3,79,18.733333919132246
3,80,16.197897703208394
3,81,12.817056397394323
3,82,11.923381954042448
3,83,10.77444150696037
3,84,10.055514420603007
3,85,10.398919556782824
3,86,7.6675291656322555
3,87,9.831823689667331
4,1,8.594793556426453
4,2,6.30026820029134
4,3,3.8139861368210246
4,5,3.785657078369617
4,6,7.082718570453966
4,7,8.268557280791152
4,8,12.00058967118463
4,9,14.7602330870029
4,10,13.471852442698431
4,11,11.444997956485093
4,12,7.900765090732955
4,13,8.109074172963936
4,14,6.563130437949502
4,15,8.784978436307618
4,16,11.426451784796956
4,17,13.497898048779021
4,18,16.47726155319202
4,19,19.29208140540307
4,20,20.68962494556304
4,21,23.37011285504709
4,22,22.601909276939036
4,23,24.06173605157018
4,24,21.876663536772693
4,25,18.66922955555806
4,26,19.67620514213666
4,27,20.615383756069253
4,28,17.31775453187949
4,29,15.382524118885636
4,30,18.176693208079804
4,31,18.07776960385426
4,32,14.631701819845397
4,33,16.06149549611203
4,34,14.547476834732574
4,35,16.373669293273522
4,36,16.329763246281733
4,37,16.203915283670984
4,38,19.62257610371944
4,39,21.617488109971028
4,40,22.766940702150947
4,41,19.67797314440561
4,42,17.82150953447898
4,43,20.993480287247063
4,44,22.510189253204977
4,45,19.190730863223187
4,46,16.878000258105708
4,47,14.503143918976564
4,48,17.625086343106098
4,49,17.418827847032208
4,50,14.022008427701893
4,51,15.133756581086216
4,52,18.812301300599824
4,53,20.372657781238132
4,54,17.842937045259966
4,55,19.064710963092196
4,56,19.921806098074818
4,57,20.973471138705467
4,58,24.62236530133682
4,59,24.577119423875676
4,60,24.884093483616066
4,61,22.498365792668146
4,62,21.18253910077208
4,63,23.750550496283832
4,64,25.17044039238249
4,65,28.512681247918
4,66,29.643515302075578
4,67,32.65309785550553
4,68,35.43995420222717
4,69,33.91991574375603
4,70,35.78037942865267
4,71,33.223972043772676
4,72,32.272366944719614
4,73,28.5011675610235
4,74,28.91858121929357
4,75,29.75974448959686
4,76,26.854911751022644
4,77,23.45419262107593
4,78,20.232806029867472
4,79,16.474292539845752
4,80,14.525546756625182
4,81,11.697308116138501
4,82,11.543485716945742
4,83,11.621787519161085
4,84,11.864090118781045
4,85,13.199666977065036
4,86,11.068293338266136
4,87,13.587287962936028
5,1,9.964573168823549
5,2,8.90283180675927
5,3,5.481832682592227
5,4,3.785657078369617
5,6,3.7900456006107652
5,7,6.384126012083448
5,8,9.74291649321049
5,9,13.071842931843872
5,10,12.605703058800927
5,11,10.09373831462627
5,12,6.601076051297315
5,13,5.601719809158291
5,14,4.901211911246769
5,15,6.6219781735567
5,16,10.068063531816197
5,17,12.011681439100544
5,18,15.312422438632009
5,19,17.574197440864666
5,20,19.042960078450214
5,21,21.4779188863138
5,22,20.514894270006646
5,23,22.439114899317733
5,24,20.66068812410403
5,25,17.146094722380795
5,26,18.179860195891763
5,27,19.773539936335006
5,28,16.78643182945841
5,29,14.560607197755578
5,30,17.65444342420065
5,31,18.24456438730506
5,32,15.10629981650873
5,33,16.251169051261122
5,34,13.92304201665307
5,35,14.890428440234304
5,36,14.125731975184758
5,37,13.411722896121324
5,38,16.71236045050448
5,39,18.32657656792832
5,40,19.56626909339611
5,41,16.626111146244938
5,42,14.403465134410203
5,43,17.40577792343553
5,44,18.962737889346272
5,45,15.762211995691942
5,46,13.390161887718321
5,47,10.826557702002239
5,48,13.854365795442815
5,49,13.689270730018944
5,50,10.318807200969983
5,51,11.498017029548716
5,52,15.178008889918186
5,53,17.009570416723673
5,54,14.71941573868345
5,55,16.233325840745334
5,56,16.979677775976224
5,57,18.457364210487746
5,58,21.94590368268227
5,59,21.940243624630437
5,60,21.855497024364567
5,61,19.283373388132524
5,62,17.70513155771133
5,63,20.105610275599496
5,64,21.413130729361452
5,65,24.788922537283685
5,66,26.027871317969073
5,67,29.03762683289595
5,68,31.92442120148334
5,69,30.630527045784895
5,70,32.63611217274545
5,71,30.27844864634907
5,72,29.504906905895794
5,73,25.719572313556853
5,74,26.487722240912294
5,75,27.448834241724164
5,76,24.435269636260486
5,77,21.23596625353119
5,78,17.75709923824563
5,79,14.100504399150491
5,80,12.077146176727116
5,81,9.190030009223943
5,82,9.9182594264644
5,83,9.993731471021702
5,84,11.25255256573453
5,85,12.912115670057457
5,86,11.39340244143831
5,87,14.00773914452546
6,1,10.105952707997622
6,2,10.352348793415338
6,3,6.94583843146257
6,4,7.082718570453966
6,5,3.7900456006107652
6,7,3.7965016767547417
6,8,6.378779691411813
6,9,10.023974497603604
6,10,10.438744156853282
6,11,8.066185947350114
6,12,5.588066021775947
6,13,4.853803858054695
6,14,6.620920558992357
6,15,8.304787677445743
6,16,12.056499763992214
6,17,14.020022885651978
6,18,17.32604690837102
6,19,18.940672126099756
6,20,20.175927100618075
6,21,22.105073915644763
6,22,20.643581746313586
6,23,22.833150547543557
6,24,21.651846676707745
6,25,17.926745670246092
6,26,18.487942138589077
6,27,20.63958677817272
6,28,18.165060370122514
6,29,15.412554209562018
6,30,18.29177428620409
6,31,19.60464964692801
6,32,16.603000645950114
6,33,16.99349015549057
6,34,14.165166496454615
6,35,14.426727671118554
6,36,13.375262121379672
6,37,11.690437981761315
6,38,14.463427649051987
6,39,15.799708032168693
6,40,16.570492945265926
6,41,13.457586891028749
6,42,11.212567778700791
6,43,14.173250582467773
6,44,15.447078000596598
6,45,12.114142974036378
6,46,9.967738256223093
6,47,7.586168847563215
6,48,11.029825299169444
6,49,11.470088963724903
6,50,8.686293631490692
6,51,9.878180634802323
6,52,13.52732276310344
6,53,16.026986969557875
6,54,14.079904299060752
6,55,15.572424117198253
6,56,15.60716430413996
6,57,17.19833798921968
6,58,20.521818267614197
6,59,21.00731597312541
6,60,20.584347065197274
6,61,18.05933550649945
6,62,15.847590157120646
6,63,18.00793936034112
6,64,18.87262833820049
6,65,22.436625123697112
6,66,23.73969843617534
6,67,26.938066681919494
6,68,29.99284594179686
6,69,29.318807360090066
6,70,31.677363041027753
6,71,29.641319915917617
6,72,28.949833754541118
6,73,25.161732704211623
6,74,26.241347120724836
6,75,27.57493198791423
6,76,24.627349901323264
6,77,21.807479743846834
6,78,18.14652756677488
6,79,14.83021155176215
6,80,12.461273362269441
6,81,9.30831584740157
6,82,10.235973827327726
6,83,9.31888162394173
6,84,10.816016072090099
6,85,11.980002819734128
6,86,10.742098956900266
6,87,12.919873796649735
7,1,7.757634111649266
7,2,8.951736471972634
7,3,6.2100661483760256
7,4,8.268557280791152
7,5,6.384126012083448
7,6,3.7965016767547417
7,8,3.806933157447579
7,9,6.8406682697182335
7,10,7.024192757334419
7,11,5.663605684350324
7,12,4.541129841926561
7,13,6.361140162063482
7,14,8.928291925696067
7,15,11.524166965043175
7,16,15.115293135079721
7,17,17.48115498257081
7,18,20.59814375104421
7,19,22.23585184389951
7,20,23.105832586470648
7,21,24.7886021201904
7,22,22.94345920991924
7,23,24.82685543306869
7,24,23.831636221212868
7,25,20.162315115577062
7,26,20.104164507113968
7,27,22.12459402387219
7,28,19.852436064085616
7,29,16.71043780281566
7,30,18.996319905467484
7,31,20.44136981221918
7,32,17.19551441896242
7,33,16.893843321158283
7,34,14.365265487111536
7,35,14.935907133281876
7,36,14.630381207117095
7,37,12.773852287533863
7,38,15.071294175450118
7,39,16.766604352628423
7,40,16.739448794424135
7,41,13.169294919832872
7,42,11.811877715384005
7,43,14.973530551586398
7,44,15.82622033226514
7,45,12.267566178212723
7,46,10.839099594928493
7,47,9.219778072000334
7,48,12.963600882662913
7,49,14.07251929481448
7,50,11.87069483033063
7,51,12.771060884260853
7,52,16.32862936752444
7,53,19.048240215244384
7,54,17.019243374490355
7,55,17.996782219181036
7,56,17.364049165486296
7,57,18.365447403634867
7,58,21.750566510297908
7,59,22.812218644273475
7,60,22.618273517446138
7,61,20.48949480163507
7,62,18.012926253929
7,63,20.196959640736498
7,64,20.7568592235256
7,65,24.41301101439692
7,66,25.534523144379456
7,67,28.9584769634047
7,68,32.01866174751614
7,69,31.775234999591074
7,70,34.36849869872989
7,71,32.41917600960184
7,72,31.524536029090903
7,73,27.73100393875095
7,74,28.659866469916487
7,75,30.32509868123854
7,76,27.605824891696674
7,77,24.915976436309343
7,78,21.33009150484317
7,79,18.1258386341772
7,80,15.351702721375785
7,81,11.830688336158834
7,82,11.739325040083383
7,83,9.621769843667204
7,84,9.90405330231227
7,85,9.833551182723406
7,86,8.026421082858839
7,87,9.49250795819398
8,1,10.468672072395478
8,2,12.262294122997277
8,3,9.792998115560895
8,4,12.00058967118463
8,5,9.74291649321049
8,6,6.378779691411813
8,7,3.806933157447579
8,9,3.8150196873988973
8,10,5.7927910752627225
8,11,5.134844486903934
8,12,6.37273078612495
8,13,7.985531286381999
8,14,11.400794302536992
8,15,13.751621913561385
8,16,17.28077033679386
8,17,19.675559407385666
8,18,22.64696334434809
8,19,23.75330460449219
8,20,24.31588014920528
8,21,25.48710630929854
8,22,23.213164542187116
8,23,25.19692389775229
8,24,24.770028436192785
8,25,21.07064998383468
8,26,20.535990948774014
8,27,22.94582083843029
8,28,21.22265830474685
8,29,17.782131636799438
8,30,19.72118372065696
8,31,21.766275725265675
8,32,18.820408632012462
8,33,17.867776935543617
8,34,15.047327988945792
8,35,14.897843606081635
8,36,14.462833931684191
8,37,11.87967962017488
8,38,13.280309697684048
8,39,14.735758247690733
8,40,13.99378257887327
8,41,10.273455741565403
8,42,9.471732150951174
8,43,12.49549817980729
8,44,13.023653021635557
8,45,9.56462606502583
8,46,9.183114319855045
8,47,8.136383877648719
8,48,11.703602068895488
8,49,13.644040551825155
8,50,12.28559085315548
8,51,12.738650596897598
8,52,15.898131569439292
8,53,18.949027335911293
8,54,17.216146139819386
8,55,17.91855434260801
8,56,16.54914259015553
8,57,17.422635574576425
8,58,20.49942155754958
8,59,22.086250075031224
8,60,21.69379355897303
8,61,19.849035962617812
8,62,16.94607080661136
8,63,18.889685262535707
8,64,19.04483897891231
8,65,22.71334604350166
8,66,23.70283619318391
8,67,27.280439603839408
8,68,30.373311072162668
8,69,30.736350592303484
8,70,33.632612089320695
8,71,31.98020856055817
8,72,31.081170335998006
8,73,27.372842004458082
8,74,28.475153476392187
8,75,30.49848628327815
8,76,27.970535352558766
8,77,25.68884792902559
8,78,22.116384945725173
8,79,19.337623675941035
8,80,16.370748131543564
8,81,12.936272479159234
8,82,12.855714733504453
8,83,10.103886983603058
8,84,10.49596997313762
8,85,9.868390434358139
8,86,8.962245212721328
8,87,9.733481175310146
9,1,11.430626406022366
9,2,13.631446100177646
9,3,11.86987006531717
9,4,14.7602330870029
9,5,13.071842931843872
9,6,10.023974497603604
9,7,6.8406682697182335
9,8,3.8150196873988973
9,10,3.8149885149689338
9,11,5.50878570428425
9,12,8.41690139132462
9,13,10.844253569278804
9,14,14.34989795249734
9,15,17.064086258745792
9,16,20.411951895979513
9,17,23.07818951716933
9,18,25.846395492632602
9,19,26.883082527042774
9,20,27.088459552647183
9,21,27.96587827808779
9,22,25.367004775851097
9,23,27.043476658529443
9,24,26.87368222405374
9,25,23.315869729719193
9,26,22.22853342462075
9,27,24.51665394591756
9,28,23.124092145870048
9,29,19.474244300438627
9,30,20.776925126000034
9,31,22.992898566485902
9,32,20.080538774042207
9,33,18.46262586005358
9,34,15.996235453772563
9,35,15.93292327400307
9,36,16.13253662424034
9,37,13.600710791833896
9,38,14.309045822055506
9,39,16.013980613094176
9,40,14.46785641015756
9,41,10.683448965881535
9,42,11.16075510209906
9,43,14.021965646208047
9,44,14.212316697073858
9,45,11.13103517939865
9,46,11.763096925124886
9,47,11.26940645415429
9,48,14.491780511196618
9,49,16.87314055640727
9,50,15.855720787474107
9,51,15.956903998976832
9,52,18.907933089522555
9,53,21.947828392425546
9,54,20.152633159592526
9,55,20.359442000792882
9,56,18.450200878726413
9,57,18.704079649591787
9,58,21.641523908088658
9,59,23.74814124880084
9,60,23.595437074996124
9,61,22.22636424195753
9,62,19.260583813728335
9,63,21.197238917106606
9,64,21.158832565233606
9,65,24.720398062550927
9,66,25.404761840028968
9,67,29.11329705907114
9,68,32.09517707632165
9,69,32.857474192407885
9,70,35.941397198366886
9,71,34.38678376782949
9,72,33.27724958013828
9,73,29.638413277292923
9,74,30.570944010704224
9,75,32.90241608915861
9,76,30.651261200919723
9,77,28.55444663720022
9,78,25.1186096443508
9,79,22.512467122001446
9,80,19.29691926118091
9,81,15.778618122425947
9,82,15.038023504282332
9,83,11.677906947375238
9,84,11.095175135811498
9,85,9.233174103260811
9,86,8.552295805431998
9,87,8.089049002029407
10,1,10.010188783459641
10,2,11.577550589721152
10,3,10.138477790241593
10,4,13.471852442698431
10,5,12.605703058800927
10,6,10.438744156853282
10,7,7.024192757334419
10,8,5.7927910752627225
10,9,3.8149885149689338
10,11,3.8014542089727903
10,12,6.939322497136795
10,13,10.250824959382669
10,14,13.356292341213491
10,15,16.636367685697806
10,16,19.693196043323134
10,17,22.739114174682594
10,18,25.261981444782943
10,19,26.626072610661147
10,20,26.601741434897217
10,21,27.603748704296304
10,22,25.041110155860743
10,23,26.251378602845126
10,24,25.80142476047894
10,25,22.431772240045387
10,26,21.167887046131717
10,27,22.95159108287195
10,28,21.433378244977686
10,29,17.80244728689006
10,30,18.75244516098007
10,31,20.633110496204843
10,32,17.532922942095674
10,33,15.765367229303184
10,34,13.868612965310323
10,35,14.594306779989374
10,36,15.607403872589517
10,37,13.895270729059256
10,38,15.134587522743507
10,39,17.566157249656772
10,40,16.39754095719777
10,41,12.656175715523485
10,42,13.373918085841446
10,43,16.69489346772348
10,44,17.466111267809584
10,45,14.458517169299363
10,46,14.81304737082154
10,47,13.596661467429279
10,48,16.91049988799808
10,49,19.176244242797097
10,50,17.498481473757135
10,51,17.324262187197178
10,52,20.613666508105815
10,53,23.24829170665932
10,54,20.911841211378725
10,55,20.736467925403844
10,56,19.01430965057871
10,57,18.735441852476633
10,58,21.995334652061917
10,59,24.01608681086243
10,60,24.433248628548775
10,61,23.285026135662303
10,62,20.762798063766486
10,63,23.200785677479526
10,64,23.68521750499805
10,65,27.155928347260044
10,66,27.55218983536633
10,67,31.27772917343483
10,68,34.050992166075595
10,69,34.3604656364105
10,70,37.286068788987095
10,71,35.40319082377356
10,72,33.97171746001546
10,73,30.273914424823957
10,74,30.75712145173732
10,75,33.07046488755001
10,76,30.9632033066685
10,77,28.652655803731168
10,78,25.385292376961996
10,79,22.59988975448088
10,80,19.17594218715811
10,81,15.451309682212399
10,82,13.885190605871893
10,83,10.345503379508367
10,84,8.633087839262805
10,85,6.0138130161826275
10,86,4.9756030465481835
10,87,4.631674310347498
11,1,10.720754053762032
11,2,11.320255053858698
11,3,8.77696658210519
11,4,11.444997956485093
11,5,10.09373831462627
11,6,8.066185947350114
11,7,5.663605684350324
11,8,5.134844486903934
11,9,5.50878570428425
11,10,3.8014542089727903
11,12,3.8006434376822913
11,13,6.686812268904268
11,14,9.945330763658346
11,15,13.154959196579997
11,16,16.083670905299563
11,17,19.206267525841
11,18,21.600207034858077
11,19,22.873052535536157
11,20,22.800751835768853
11,21,23.83598404935307
11,22,21.358008585461988
11,23,22.647925176155308
11,24,22.119022430259623
11,25,18.688516374502058
11,26,17.59631933440123
11,27,19.49751262637221
11,28,17.905254323237624
11,29,14.28578023739623
11,30,15.606036866803425
11,31,17.576996941019722
11,32,14.581065576295183
11,33,13.148856693625548
11,34,10.734310697535225
11,35,11.278794418472858
11,36,12.0334197231597
11,37,10.529378622452455
11,38,12.365261643313579
11,39,15.00619543851803
11,40,14.558717793213926
11,41,10.950593465570025
11,42,11.197480429273512
11,43,14.850687166906502
11,44,16.336963774806094
11,45,13.459958611787322
11,46,13.556928708083717
11,47,11.461587140477423
11,48,14.609791178291106
11,49,16.84015837202928
11,50,14.755312468518273
11,51,14.180966588143562
11,52,17.598550401213927
11,53,19.938778728909536
11,54,17.369783662784346
11,55,17.126357631842843
11,56,15.65898004590407
11,57,15.514692774182818
11,58,18.961630231712768
11,59,20.66714410648285
11,60,21.168218236865105
11,61,19.946895907595497
11,62,17.699782273927962
11,63,20.43316435600368
11,64,21.377811401021
11,65,24.758857955762444
11,66,25.056014137431887
11,67,28.71136341022532
11,68,31.386090013221754
11,69,31.271821380185674
11,70,34.04385389061486
11,71,31.991822028440247
11,72,30.51669475466889
11,73,26.779349605594078
11,74,27.19741706890118
11,75,29.402981569814123
11,76,27.26556243302739
11,77,24.894318084268505
11,78,21.66722550750633
11,79,18.891241153916464
11,80,15.414344504839898
11,81,11.686898411465801
11,82,10.12952436980941
11,83,6.655770133343076
11,84,5.705810455549279
11,85,4.795632996769646
11,86,4.9395680797450625
11,87,7.084267064587532
12,1,9.603248048095988
12,2,9.234349836199268
12,3,5.917091016429539
12,4,7.900765090732955
12,5,6.601076051297315
12,6,5.588066021775947
12,7,4.541129841926561
12,8,6.37273078612495
12,9,8.41690139132462
12,10,6.939322497136795
12,11,3.8006434376822913
12,13,3.8126440203963976
12,14,6.426895456292705
12,15,9.85225417023028
12,16,12.854375150883614
12,17,15.930215193090657
12,18,18.46853908043448
12,19,20.133715619506447
12,20,20.42024809597523
12,21,21.96040207893778
12,22,19.964176790584318
12,23,21.35183468153597
12,24,20.274869702924903
12,25,16.781980313232875
12,26,16.370991727832923
12,27,18.061757678287268
12,28,15.860895726790067
12,29,12.581843302511329
12,30,14.609702249535044
12,31,16.023511894702377
12,32,12.784191168186249
12,33,12.354589195246922
12,34,9.918018885980288
12,35,10.960540284493439
12,36,11.358591982324423
12,37,10.45401611899346
12,38,13.245528620908207
12,39,15.774708184003995
12,40,16.181356719676792
12,41,12.820497967321097
12,42,12.062329017737552
12,43,15.730353201510907
12,44,17.500594437978474
12,45,14.464486632799852
12,46,13.638109302722189
12,47,11.00350797397321
12,48,14.224155832395537
12,49,15.74842515604679
12,50,12.99529578641388
12,51,12.717130925643193
12,52,16.432286671858474
12,53,18.474485125026966
12,54,15.711659051953363
12,55,15.876235083149814
12,56,15.256512421907184
12,57,15.571377930922933
12,58,19.233630829312208
12,59,20.255532423422835
12,60,20.754021232578705
12,61,19.11353824381922
12,62,17.236558811492777
12,63,20.104586675441407
12,64,21.40057099732049
12,65,24.777565816248693
12,66,25.29487853137882
12,67,28.75713666298542
12,68,31.444762801436614
12,69,30.74098994461671
12,70,33.20780534011668
12,71,30.91748401075539
12,72,29.55283256978911
12,73,25.74183400583769
12,74,26.125469090744442
12,75,27.920053009330474
12,76,25.524742304903913
12,77,22.788078034064338
12,78,19.506000998713812
12,79,16.36209674670917
12,80,13.10979667904026
12,81,9.333755394867072
12,82,8.037626079833684
12,83,5.6248547337422865
12,84,5.555865796993694
12,85,6.508686156403619
12,86,5.804383370201701
12,87,8.885906371458736
13,1,12.434722173227717
13,2,11.68792725413833
13,3,7.906376066033282
13,4,8.109074172963936
13,5,5.601719809158291
13,6,4.853803858054695
13,7,6.361140162063482
13,8,7.985531286381999
13,9,10.844253569278804
13,10,10.250824959382669
13,11,6.686812268904268
13,12,3.8126440203963976
13,14,3.8022697638983116
13,15,6.4942070960796805
13,16,9.598708905291325
13,17,12.542159361351914
13,18,15.112381962538949
13,19,16.530859409270246
13,20,16.977264310229174
13,21,18.596959585815753
13,22,16.807847468964617
13,23,18.578144641747524
13,24,17.473678521791136
13,25,13.807542790582406
13,26,13.93194934762711
13,27,15.990852967770131
13,28,13.727168081269289
13,29,10.701957957266707
13,30,13.468369477115116
13,31,15.010968893894724
13,32,12.232591583120724
13,33,12.480663379041093
13,34,9.422989516763291
13,35,9.68030935178909
13,36,8.986546447085443
13,37,8.17660795731034
13,38,11.51822712215853
13,39,13.723967700825234
13,40,14.94824919710751
13,41,12.111721427950854
13,42,10.574519830866956
13,43,14.089219164704712
13,44,16.365157714597075
13,45,13.682431757771106
13,46,12.5662555450232
13,47,9.239631291061176
13,48,11.907352277548782
13,49,13.16859761893745
13,50,10.05949549401114
13,51,9.38709683289763
13,52,13.141526780248304
13,53,14.878804048821221
13,54,12.029462094351043
13,55,12.465038802201875
13,56,12.380796147250754
13,57,13.295810760305299
13,58,16.906130420959325
13,59,17.41074283248214
13,60,17.70247007585828
13,61,15.772643950978058
13,62,14.167438198757111
13,63,17.137444952189476
13,64,18.806243266379074
13,65,22.032961049665595
13,66,22.58757824369379
13,67,25.87309956926936
13,68,28.509925433267128
13,69,27.446306291712386
13,70,29.751015183524206
13,71,27.39009452051329
13,72,26.155029377759924
13,73,22.329079449345464
13,74,22.860110510947493
13,75,24.45390997584106
13,76,21.895907765717947
13,77,19.11784676673428
13,78,15.754093405605401
13,79,12.599537506575764
13,80,9.4237976206439
13,81,5.702759975231505
13,82,5.523144202559315
13,83,4.682280612514897
13,84,6.946316957339464
13,85,9.331917593512772
13,86,9.477620419523026
13,87,12.677356316889353
14,1,13.338690174665443
14,2,11.599458399918396
14,3,7.953538070491757
14,4,6.563130437949502
14,5,4.901211911246769
14,6,6.620920558992357
14,7,8.928291925696067
14,8,11.400794302536992
14,9,14.34989795249734
14,10,13.356292341213491
14,11,9.945330763658346
14,12,6.426895456292705
14,13,3.8022697638983116
14,15,3.8125016980980355
14,16,6.555158913694612
14,17,9.644163009778568
14,18,12.184526623425228
14,19,14.249096427259826
14,20,15.020486683101774
14,21,17.262769196531135
14,22,16.156630614331483
14,23,17.75230431317794
14,24,15.932234874016974
14,25,12.465012483213407
14,26,13.397837575570678
14,27,14.87267163804189
14,28,11.936438698068374
14,29,9.711428381579262
14,30,12.978850771394658
14,31,13.651295685535045
14,32,10.859941079466443
14,33,12.265182668846702
14,34,9.764091199562268
14,35,10.69526285359375
14,36,10.042622366082956
14,37,10.402871147232723
14,38,14.113516410004909
14,39,16.24631972161447
14,40,18.03880678540525
14,41,15.55214349410306
14,42,13.73977421379868
14,43,17.010149982163014
14,44,19.434848441107917
14,45,16.83660637522757
14,46,15.211267395592422
14,47,11.802398722644334
14,48,14.096542841862624
14,49,14.55425800301921
14,50,10.926409954102404
14,51,10.469104547955695
14,52,14.112583771196471
14,53,15.121043005237926
14,54,12.040660763628123
14,55,12.698252332981033
14,56,13.648156496150252
14,57,14.672719041645243
14,58,18.281195000859732
14,59,18.05671845429502
14,60,18.570681914327306
14,61,16.47107134859435
14,62,15.595327861232551
14,63,18.640927198972797
14,64,20.70482482376487
14,65,23.71262974057676
14,66,24.30987831595515
14,67,27.305657625904534
14,68,29.783021357901777
14,69,28.033870012551176
14,70,29.9170423459496
14,71,27.245294504839336
14,72,26.016142564413446
14,73,22.22553031158907
14,74,22.50312764678736
14,75,23.59844707921298
14,76,20.906580900117746
14,77,17.708091583439153
14,78,14.52537382756332
14,79,10.989039369877025
14,80,8.332171651582042
14,81,5.246318645786827
14,82,5.339488717108869
14,83,6.676869157826557
14,84,8.706691176217882
14,85,11.600430762273486
14,86,11.446049698600651
14,87,14.906734994744486
15,1,16.30720402350726
15,2,14.644276929141116
15,3,11.099269917769103
15,4,8.784978436307618
15,5,6.6219781735567
15,6,8.304787677445743
15,7,11.524166965043175
15,8,13.751621913561385
15,9,17.064086258745792
15,10,16.636367685697806
15,11,13.154959196579997
15,12,9.85225417023028
15,13,6.4942070960796805
15,14,3.8125016980980355
15,16,3.7883326554340577
15,17,6.114156705184163
15,18,9.079071993463833
15,19,11.028383454456579
15,20,12.450453984719632
15,21,15.035534736183973
15,22,14.537491611475383
15,23,16.63487074210672
15,24,14.695068069064185
15,25,11.244811301666447
15,26,13.133601725301752
15,27,14.852260697947143
15,28,11.925435273589787
15,29,10.547284808616672
15,30,14.273057875189588
15,31,14.877771624086542
15,32,12.803512853851055
15,33,14.716887161805895
15,34,12.06688487747662
15,35,12.240352734170557
15,36,10.558227609926185
15,37,10.972014590495343
15,38,14.643782505387788
15,39,16.10597505656734
15,40,18.50758242189683
15,41,16.591432355280677
15,42,14.16970126032235
15,43,16.88559461032879
15,44,19.461297729934042
15,45,17.23859840908625
15,46,15.28186415820437
15,47,11.780964485234149
15,48,13.255891662910152
15,49,13.002259330329743
15,50,9.225401756160084
15,51,8.78038299186659
15,52,12.000152302744656
15,53,12.450818580015467
15,54,9.589258180829404
15,55,11.000239049280394
15,56,12.873473541613182
15,57,14.651054108510898
15,58,17.880223396124208
15,59,16.956307529161503
15,60,17.066443089387363
15,61,14.522559297143992
15,62,14.092465362320677
15,63,16.906467669706593
15,64,19.20882261629197
15,65,21.960408963459162
15,66,22.74819382803571
15,67,25.396492549409178
15,68,27.830951560862687
15,69,25.66522378139989
15,70,27.260027539770775
15,71,24.551067582228004
15,72,23.63714546615392
15,73,19.91810599631383
15,74,20.463833387359127
15,75,21.103586138779907
15,76,18.093931838714333
15,77,14.747344513103755
15,78,11.451535209873168
15,79,7.717357980794028
15,80,6.016883442005221
15,81,4.5580967108731185
15,82,6.8020156193876025
15,83,9.288056730273755
15,84,12.050979882638709
15,85,15.15987791273234
15,86,15.18311506262374
15,87,18.55912893348896
16,1,19.43567905759163
16,2,17.297191231553132
16,3,13.981768659929593
16,4,11.426451784796956
16,5,10.068063531816197
16,6,12.056499763992214
16,7,15.115293135079721
16,8,17.28077033679386
16,9,20.411951895979513
16,10,19.693196043323134
16,11,16.083670905299563
16,12,12.854375150883614
16,13,9.598708905291325
16,14,6.555158913694612
16,15,3.7883326554340577
16,17,3.8023842974536426
16,18,5.632478261928377
16,19,8.006235857466244
16,20,9.348529549299986
16,21,12.37463780171192
16,22,12.567540946308881
16,23,14.34089066897646
16,24,11.866009287615968
16,25,8.890954539459953
16,26,11.54834115827309
16,27,12.717906392317664
16,28,9.619573300479498
16,29,9.447242663099455
16,30,13.242845962305033
16,31,13.29765063165937
16,32,11.974718849460361
16,33,14.553431370123683
16,34,12.365305499556097
16,35,12.586601326947497
16,36,10.985007131026588
16,37,12.463622432895685
16,38,16.10973456947286
16,39,17.632963848347195
16,40,20.471575721465985
16,41,19.025203216766748
16,42,16.804868808757966
16,43,19.358830972701856
16,44,22.267230154013
16,45,20.421244569401967
16,46,18.648570537222326
16,47,15.051640812156798
16,48,15.944532596774833
16,49,15.60370040486596
16,50,11.984118577974677
16,51,10.938688544758246
16,52,13.483147379632754
16,53,12.8294224795245
16,54,9.74314110430047
16,55,10.646582561784996
16,56,13.267457533255195
16,57,14.797084879250852
16,58,17.786695488847
16,59,16.206180045697668
16,60,16.747893649883093
16,61,14.510815022504469
16,62,15.064934974783839
16,63,18.02600538484672
16,64,20.82849917495073
16,65,23.10673329311055
16,66,23.555056794412838
16,67,25.891266187497877
16,68,27.92205540662138
16,69,25.066581354113303
16,70,26.223058513922794
16,71,23.17084513130803
16,72,22.05574432314517
16,73,18.497223085569345
16,74,18.57511831274335
16,75,18.808252989533916
16,76,15.934420773396155
16,77,12.331233117554126
16,78,9.641056668162054
16,79,6.072567282185526
16,80,5.348791749467282
16,81,5.897857454064316
16,82,7.6687000247507475
16,83,11.102243255209174
16,84,13.823728932941224
16,85,17.316476290336475
16,86,17.736809526702128
16,87,21.34396613832892
17,1,21.734628742244322
17,2,19.7069914846602
17,3,16.53229536255196
17,4,13.497898048779021
17,5,12.011681439100544
17,6,14.020022885651978
17,7,17.48115498257081
17,8,19.675559407385666
17,9,23.07818951716933
17,10,22.739114174682594
17,11,19.206267525841
17,12,15.930215193090657
17,13,12.542159361351914
17,14,9.644163009778568
17,15,6.114156705184163
17,16,3.8023842974536426
17,18,3.822643151814025
17,19,6.355266560299739
17,20,9.127435658181858
17,21,12.559259742765216
17,22,13.65017894984127
17,23,15.82464083734264
17,24,13.338982263976781
17,25,10.850327204207115
17,26,14.10144715249497
17,27,15.31337710285631
17,28,12.456509110883216
17,29,12.886262827557573
17,30,16.641312619901424
17,31,16.562086557084143
17,32,15.56036810969466
17,33,18.28480874734138
17,34,16.09985171261761
17,35,16.012972727264128
17,36,13.926197332092869
17,37,15.048490748373954
17,38,18.447089950541734
17,39,19.322470221999183
17,40,22.40036492285287
17,41,21.25415008247915
17,42,18.58305376436612
17,43,20.59818949999654
17,44,23.341519865854394
17,45,21.68580962420624
17,46,19.54091590397551
17,47,16.214575011038846
17,48,16.58821799919525
17,49,15.442936875233494
17,50,12.071361009767283
17,51,11.561513292041594
17,52,13.370209659462681
17,53,12.230847637852293
17,54,10.006886635922122
17,55,11.807528317205607
17,56,14.987188628195534
17,57,17.11123574378636
17,58,19.636959067110105
17,59,17.54640589669106
17,60,17.538447404198156
17,61,14.870184769292912
17,62,15.715799851434232
17,63,18.11213628437695
17,64,20.860654531589635
17,65,22.880256210888067
17,66,23.672648623914295
17,67,25.569502676211076
17,68,27.59653490081275
17,69,24.393069768836373
17,70,25.1576621990688
17,71,22.163017179380947
17,72,21.57225845131167
17,73,18.25051314930078
17,74,18.710242936386592
17,75,18.25369091183778
17,76,14.991800926143862
17,77,11.276898052726729
17,78,8.731489081176681
17,79,5.435514309048141
17,80,7.021228041113809
17,81,8.745339374323692
17,82,11.249962812696422
17,83,14.593068504721213
17,84,17.473361529612752
17,85,20.87471367696773
17,86,21.071929558836523
17,87,24.54103626310884
18,1,24.797229031762644
18,2,22.496659655843143
18,3,19.382730781908364
18,4,16.47726155319202
18,5,15.312422438632009
18,6,17.32604690837102
18,7,20.59814375104421
18,8,22.64696334434809
18,9,25.846395492632602
18,10,25.261981444782943
18,11,21.600207034858077
18,12,18.46853908043448
18,13,15.112381962538949
18,14,12.184526623425228
18,15,9.079071993463833
18,16,5.632478261928377
18,17,3.822643151814025
18,19,3.8264007154480417
18,20,6.351260420131097
18,21,10.110691597360447
18,22,11.997022618926184
18,23,13.678966138990729
18,24,10.84219982938396
18,25,9.297780965501737
18,26,12.968688635199623
18,27,13.606436216397645
18,28,11.053470113199964
18,29,12.553021564619266
18,30,15.98456977119999
18,31,15.551245225139773
18,32,15.398143894437466
18,33,18.376102620738042
18,34,16.592791654315338
18,35,16.439017465556823
18,36,14.534339756638385
18,37,16.40280411737564
18,38,19.648810310281988
18,39,20.640015842789225
18,40,23.974750381149498
18,41,23.21618615382201
18,42,20.860426672188964
18,43,22.8218364122078
18,44,25.871838965395266
18,45,24.54461880302722
18,46,22.72966028506521
18,47,19.259586516651666
18,48,19.291819144199533
18,49,18.419590940613393
18,50,15.254771573207801
18,51,14.083873016382569
18,52,15.412526960004039
18,53,13.444814378720803
18,54,11.105886829258656
18,55,12.053264304420928
18,56,15.53971330768361
18,57,17.25385661500346
18,58,19.44445628403408
18,59,16.865858354689145
18,60,17.343453892756674
18,61,15.23507539529003
18,62,16.91663908875185
18,63,19.458099418095294
18,64,22.60461155786528
18,65,24.15347945169609
18,66,24.482813421805535
18,67,26.108029680287537
18,68,27.65520604655516
18,69,23.864389878083514
18,70,24.204357866597466
18,71,20.88554982333566
18,72,19.99048544230695
18,73,16.951173206783746
18,74,16.81746296743757
18,75,15.956612458673183
18,76,13.044650692895225
18,77,9.24464186878744
18,78,7.926026436636933
18,79,5.902744830169874
18,80,8.020148898671323
18,81,10.560933108364841
18,82,12.493605391928629
18,83,16.20229345712188
18,84,19.021507759154698
18,85,22.661702898011285
18,86,23.284734313187013
18,87,26.937946763073572
19,1,27.28085894171893
19,2,25.282367529057286
19,3,21.917139181353228
19,4,19.29208140540307
19,5,17.574197440864666
19,6,18.940672126099756
19,7,22.23585184389951
19,8,23.75330460449219
19,9,26.883082527042774
19,10,26.626072610661147
19,11,22.873052535536157
19,12,20.133715619506447
19,13,16.530859409270246
19,14,14.249096427259826
19,15,11.028383454456579
19,16,8.006235857466244
19,17,6.355266560299739
19,18,3.8264007154480417
19,20,3.808595206827506
19,21,7.182938363640494
19,22,9.565151753734062
19,23,11.75772615639764
19,24,9.668282752598229
19,25,8.467186224590236
19,26,12.20654577212462
19,27,13.38447336375621
19,28,11.803604646779013
19,29,13.317019866901074
19,30,16.523872436103236
19,31,16.702090696521903
19,32,17.12708407232791
19,33,19.681783490265808
19,34,17.578735145156504
19,35,16.62305601730647
19,36,14.188692647778437
19,37,15.968025798686954
19,38,18.71423715200772
19,39,19.239630155472895
19,40,22.837849173717544
19,41,22.688431307210482
19,42,20.379310063623688
19,43,21.87720878965971
19,44,25.098067170490083
19,45,24.330978349368554
19,46,22.867449887092466
19,47,19.435114494661335
19,48,18.743426838597077
19,49,18.032717948259684
19,50,15.394159522992567
19,51,13.625834560734948
19,52,14.086204149076885
19,53,11.364703940443594
19,54,9.457745705679601
19,55,10.18509222699425
19,56,13.928744019348802
19,57,15.864313843770907
19,58,17.40364475800933
19,59,14.383792024060494
19,60,14.623642925519155
19,61,12.697085612379556
19,62,15.009639436016112
19,63,17.335862270931326
19,64,20.71359626498845
19,65,21.75869789995167
19,66,21.82704569310881
19,67,23.135663060964536
19,68,24.393512953355195
19,69,20.316162460484247
19,70,20.4821857346528
19,71,17.106138956817492
19,72,16.26420472343196
19,73,13.371191479794998
19,74,13.39236125864412
19,75,12.301644970944043
19,76,9.250856017121045
19,77,5.463482298952288
19,78,4.809339658202087
19,79,4.763603901950683
19,80,7.784829901509104
19,81,11.241639213685184
19,82,13.52109980505414
19,83,17.17985442446767
19,84,20.3750550713023
19,85,24.08338897215202
19,86,25.14048998691489
19,87,28.78373440467081
20,1,28.347886849822018
20,2,26.294360979217046
20,3,22.876000635090758
20,4,20.68962494556304
20,5,19.042960078450214
20,6,20.175927100618075
20,7,23.105832586470648
20,8,24.31588014920528
20,9,27.088459552647183
20,10,26.601741434897217
20,11,22.800751835768853
20,12,20.42024809597523
20,13,16.977264310229174
20,14,15.020486683101774
20,15,12.450453984719632
20,16,9.348529549299986
20,17,9.127435658181858
20,18,6.351260420131097
20,19,3.808595206827506
20,21,3.797118961701001
20,22,6.422841084234054
20,23,8.068242612252568
20,24,6.091857977949523
20,25,5.719376338913405
20,26,9.32750171120088
20,27,10.309801410827866
20,28,9.576679811567688
20,29,11.490626420913307
20,30,14.144854472499452
20,31,14.515240764106425
20,32,15.665516858007946
20,33,17.94855353932948
20,34,16.055291746704864
20,35,14.850169763621036
20,36,12.709055904924314
