1,2,3.8324702872252754
1,3,5.653027056347482
1,4,8.395134104658105
1,5,10.043532021493572
1,6,10.429956340329046
1,7,8.386135768216215
1,8,11.169103243661912
1,9,12.445987639644196
1,10,11.009192864009439
1,11,11.497500404126654
1,12,10.071659644945946
1,13,12.662055359783439
1,14,13.478866408231083
1,15,16.41906269854473
1,16,19.47931098075098
1,17,21.629916258713273
1,18,24.588405837451692
1,19,27.181797564507825
1,20,28.223205418469508
1,21,30.467450987204888
1,22,29.187789510354577
1,23,30.495074478879122
1,24,28.763602691583554
1,25,25.50091147243421
1,26,25.53385352319883
1,27,26.29558150516089
1,28,23.46792909124647
1,29,20.92626209806065
1,30,22.807012392270284
1,31,23.067617755366495
1,32,19.270576925738716
1,33,19.36019549769323
1,34,18.32168523468901
1,35,20.46774540728198
1,36,21.12243924249777
1,37,20.070354148560032
1,38,22.457970614423
1,39,24.490243770069366
1,40,24.670902002356225
1,41,20.92063959083297
1,42,20.342289545039055
1,43,23.6522368992574
1,44,23.70544815381389
1,45,19.986262371464687
1,46,18.17013326572641
1,47,17.356372172707296
1,48,21.13046942322407
1,49,21.264864769513128
1,50,19.004766990854666
1,51,20.469573203319854
1,52,24.150389289919865
1,53,26.39390360871696
1,54,23.995390108443573
1,55,25.05066267077028
1,56,24.81817007732504
1,57,25.36840492272376
1,58,28.96454921634694
1,59,29.961905669526086
1,60,30.252008103510434
1,61,28.068829192162276
1,62,26.092264127324615
1,63,28.234190610248323
1,64,28.931228713146403
1,65,32.561291137768684
1,66,34.22681093194897
1,67,36.91479543577845
1,68,39.89917069358267
1,69,41.786804327735716
1,70,39.25308103331747
1,71,38.76071960606483
1,72,34.95332624124107
1,73,35.63936738787836
1,74,36.86476245504117
1,75,34.138072019881335
1,76,30.983592450666563
1,77,27.666413475247282
1,78,24.008379734772067
1,79,21.558145891831415
1,80,18.051414277216203
1,81,17.103903402918423
1,82,15.43174995262304
1,83,13.867223663054201
1,84,13.059381022873051
1,85,9.672204650749347
1,86,8.645963269245074
2,1,3.8324702872252754
2,3,3.8159045922096015
2,4,6.224086664006016
2,5,8.982260220416821
2,6,10.539957695488521
2,7,9.320582079813144
2,8,12.537355937480472
2,9,14.028670820585559
2,10,11.89644436299112
2,11,11.48731247049595
2,12,9.25891780708817
2,13,11.584915614067505
2,14,11.508440170958615
2,15,14.64901509663389
2,16,17.22666653940916
2,17,19.57928556381779
2,18,22.198368688087914
2,19,25.030519626536826
2,20,25.92137158031525
2,21,28.304172987106064
2,22,27.209273698145708
2,23,28.210211974772168
2,24,26.191597662635846
2,25,23.16806246669363
2,26,23.2939980819006
2,27,23.61809684341344
2,28,20.612621131095793
2,29,18.381921002346626
2,30,20.18674126871727
2,31,19.99239908751283
2,32,16.19895765111298
2,33,16.70756538415993
2,34,16.105986014314286
2,35,18.664418597081394
2,36,19.6289384863421
2,37,19.266496538392932
2,38,22.069365373731703
2,39,24.429245916402497
2,40,25.09107820139135
2,41,21.417581223937244
2,42,20.880627403183553
2,43,24.41676389840549
2,44,25.04904566962673
2,45,21.455931728979863
2,46,19.66172096595514
2,47,18.132053125778707
2,48,21.731795427123448
2,49,21.88696542794393
2,50,19.09608919906721
2,51,20.168563239153784
2,52,23.95693085004452
2,53,25.710329090514165
2,54,22.953473643346598
2,55,23.75891737469659
2,56,23.822302829475014
2,57,24.127035499199454
2,58,27.86453647142869
2,59,28.59691790199577
2,60,29.24915624344247
2,61,27.198268556856817
2,62,25.694015898018986
2,63,28.192365897376746
2,64,29.38244242275381
2,65,32.841553805808175
2,66,34.305792117156926
2,67,36.761623896484686
2,68,39.300548632330646
2,69,40.922015911878795
2,70,38.135979536965706
2,71,37.37641631707238
2,72,33.565033106944036
2,73,33.926369801267654
2,74,34.99256835075803
2,75,32.39265067244101
2,76,29.10382071116561
2,77,26.029228974782708
2,78,22.3333155209074
2,79,19.884128598675073
2,80,16.49240685987396
2,81,15.159452257743077
2,82,13.990584283815307
2,83,12.153317542117508
2,84,12.189800697900488
2,85,9.150325236667994
2,86,9.287591657710362
3,1,5.653027056347482
3,2,3.8159045922096015
3,4,3.80401002379211
3,5,5.5624172892959765
3,6,7.05395915619892
3,7,6.425015903787539
3,8,9.893738101928857
3,9,12.01287793888951
3,10,10.230477550709288
3,11,8.811351141130183
3,12,5.896872211999093
3,13,7.804456681120501
3,14,7.979165426971746
3,15,11.18510817424669
3,16,14.042771595033654
3,17,16.525141932374652
3,18,19.248710311317065
3,19,21.808734761893973
3,20,22.668443435890058
3,21,24.92830304257788
3,22,23.750284072547192
3,23,24.99512162646536
3,24,23.145926080935173
3,25,19.920502523495884
3,26,20.12850263978893
3,27,20.838875110810495
3,28,17.9121058492142
3,29,15.500018310269835
3,30,17.695563705534703
3,31,17.923463699762532
3,32,14.218017828204307
3,33,14.77351226566047
3,34,13.465294105936804
3,35,15.573762834450138
3,36,16.134339523804062
3,37,15.649913635046833
3,38,18.575043454927986
3,39,20.824404502450577
3,40,21.719295674086034
3,41,18.148713658178334
3,42,17.398109623810207
3,43,20.957376763097294
3,44,21.867555534585218
3,45,18.38216938204779
3,46,16.62482386347074
3,47,14.69964686283366
3,48,18.183787320083592
3,49,18.46405669882325
3,50,15.553293216918217
3,51,16.409054224052
3,52,20.210807057084512
3,53,21.94323298240236
3,54,19.178203291865913
3,55,20.02130905185538
3,56,20.115710439489774
3,57,20.629732842079914
3,58,24.326819872965302
3,59,24.98096206793121
3,60,25.500448036816646
3,61,23.394823534602285
3,62,21.892827584268524
3,63,24.426114655085296
3,64,25.732139464912112
3,65,29.133576684205675
3,66,30.567624437910823
3,67,32.97176785701589
3,68,35.48534352274195
3,69,37.12898883438715
3,70,34.37779071814801
3,71,33.671922955943536
3,72,29.858604367112363
3,73,30.342638820887682
3,74,31.466717320599884
3,75,28.826388439545234
3,76,25.62195245212978
3,77,22.455346499471958
3,78,18.800585168866107
3,79,16.25461565112854
3,80,12.798335452474548
3,81,11.729541513701998
3,82,10.67312921602384
3,83,9.552499547732463
3,84,10.15235216111736
3,85,7.9344484056453926
3,86,9.341799898356738
4,1,8.395134104658105
4,2,6.224086664006016
4,3,3.80401002379211
4,5,3.8031732545801216
4,6,7.0943286405195245
4,7,8.364275796064096
4,8,12.053509348310925
4,9,14.835670151735297
4,10,13.487703777474668
4,11,11.377726960139283
4,12,7.791983353393742
4,13,7.86853306622004
4,14,6.470593770704212
4,15,8.847802099946046
4,16,11.462558342896155
4,17,13.467270676374408
4,18,16.32131724796213
4,19,19.15810994637366
4,20,20.456369182928583
4,21,23.116128602279286
4,22,22.478598328040082
4,23,23.898024295064424
4,24,21.67546509177061
4,25,18.537808134188467
4,26,19.446418890467484
4,27,20.035065674919455
4,28,16.738270811735127
4,29,14.965412828012687
4,30,17.697441891719148
4,31,17.5171562900481
4,32,14.081315777651556
4,33,15.542107749533955
4,34,14.144163195758983
4,35,16.013356879669704
4,36,16.063191828410822
4,37,15.962627192566053
4,38,19.296308434268365
4,39,21.251295542632878
4,40,22.71170720030196
4,41,19.42539757465795
4,42,18.066304389591913
4,43,21.445175459621648
4,44,22.624368314680932
4,45,19.230255142274526
4,46,16.987716602764017
4,47,14.763108571505066
4,48,17.897491789299835
4,49,17.561016351980175
4,50,14.27155036787537
4,51,15.377453422198794
4,52,19.078046554303143
4,53,20.399242178752072
4,54,17.71255292331977
4,55,18.96583915190095
4,56,19.772882092150972
4,57,20.691853660331144
4,58,24.332135308797692
4,59,24.40228349663876
4,60,24.79095155332021
4,61,22.386709091579757
4,62,21.2662743130057
4,63,23.721523063934576
4,64,25.299018174655817
4,65,28.576901351891415
4,66,30.198588121671516
4,67,32.250591995460304
4,68,34.33853468928073
4,69,35.67480957640225
4,70,32.806939279945034
4,71,32.21337155327476
4,72,28.465316672450367
4,73,29.01349231826434
4,74,29.710925496740273
4,75,26.872263265236906
4,76,23.45081398129958
4,77,20.330045965197016
4,78,16.554541625623834
4,79,14.582354140391347
4,80,11.630257597937073
4,81,11.286532087771048
4,82,11.47329525531131
4,83,11.22262531231536
4,84,12.827742680243432
4,85,11.311723904225088
4,86,13.111622161490502
5,1,10.043532021493572
5,2,8.982260220416821
5,3,5.5624172892959765
5,4,3.8031732545801216
5,6,3.7985959295242218
5,7,6.455145632552296
5,8,9.836421585865693
5,9,13.161544625396411
5,10,12.637330251440472
5,11,10.05241424327136
5,12,6.547014372553498
5,13,5.34233692249256
5,14,4.872613440963358
5,15,6.627700473785873
5,16,10.05084202082476
5,17,11.92030072546346
5,18,15.137231546950936
5,19,17.42633429716685
5,20,18.824096181893758
5,21,21.248327209294352
5,22,20.447119065466477
5,23,22.347930734856593
5,24,20.51208322484636
5,25,17.052568825657104
5,26,18.041985770809546
5,27,19.31637115372141
5,28,16.31457613690269
5,29,14.263537421053062
5,30,17.368497438888706
5,31,17.872567935161698
5,32,14.710000052844068
5,33,15.895474183167854
5,34,13.642466671862719
5,35,14.637954000843258
5,36,13.91652595380766
5,37,13.239549468825674
5,38,16.47618746024111
5,39,18.014572184933538
5,40,19.54835233213901
5,41,16.425760987903256
5,42,14.653605887499149
5,43,17.875675774939765
5,44,19.101122333205776
5,45,15.800557792400774
5,46,13.487300268249625
5,47,11.080630788205893
5,48,14.121283092444957
5,49,13.793616445453589
5,50,10.527727826682453
5,51,11.726503961841544
5,52,15.42569389582011
5,53,17.022794915439064
5,54,14.5773942600425
5,55,16.153959110371765
5,56,16.907922932428683
5,57,18.30385277570736
5,58,21.76204783590655
5,59,21.840925292239827
5,60,21.815885995315206
5,61,19.20474360545538
5,62,17.815009309790373
5,63,20.081043034083585
5,64,21.543279693237125
5,65,24.863986477340077
5,66,26.607628983355664
5,67,28.707393786783452
5,68,31.001645613547975
5,69,32.50170633860594
5,70,29.81139875457004
5,71,29.456685059383396
5,72,25.71383299225265
5,73,26.61816006159944
5,74,27.44468652765741
5,75,24.465269337511373
5,76,21.222770037945732
5,77,17.82376003444782
5,78,14.114499784258058
5,79,12.116482404794416
5,80,9.115199315280934
5,81,9.699394645425134
5,82,9.905964540727362
5,83,10.805938495748315
5,84,12.432172542903686
5,85,11.61639911395835
5,86,13.737448464517113
6,1,10.429956340329046
6,2,10.539957695488521
6,3,7.05395915619892
6,4,7.0943286405195245
6,5,3.7985959295242218
6,7,3.799452534479185
6,8,6.501257853048924
6,9,10.14685853397746
6,10,10.524201397975048
6,11,8.129346548435356
6,12,5.6705326681128945
6,13,4.764248755136723
6,14,6.758119771149509
6,15,8.31416192356217
6,16,12.064690558127968
6,17,13.940119093169239
6,18,17.202315712013135
6,19,18.84677391551809
6,20,20.04176997889567
6,21,21.96560609979695
6,22,20.682765768850928
6,23,22.86087521278591
6,24,21.617571084473305
6,25,17.92595764398003
6,26,18.48657859937
6,27,20.369597880017245
6,28,17.87985075916758
6,29,15.284609254596747
6,30,18.239920307377684
6,31,19.471107595594997
6,32,16.38786980029299
6,33,16.81908041878137
6,34,14.031002424303946
6,35,14.386957608335324
6,36,13.31244556650473
6,37,11.620461258760313
6,38,14.291683947483229
6,39,15.517318044582446
6,40,16.570704015976467
6,41,13.339126841157656
6,42,11.498218744918747
6,43,14.680195503061874
6,44,15.571907123760075
6,45,12.146145227433081
6,46,10.0051887945989
6,47,7.827659922865968
6,48,11.276825804106947
6,49,11.44590223429333
6,50,8.800085173835438
6,51,10.055953671830496
6,52,13.73004273647433
6,53,16.042827666832007
6,54,13.950940024904865
6,55,15.54575761871844
6,56,15.639328042333668
6,57,17.22701085217147
6,58,20.48466146614173
6,59,21.0284079304795
6,60,20.639742380878754
6,61,18.045501150218655
6,62,15.994421426834263
6,63,18.000591025638847
6,64,18.98753552649648
6,65,22.506305705611382
6,66,24.305780155660123
6,67,26.750234091174754
6,68,29.616218834245796
6,69,31.508179254389308
6,70,29.12290532435495
6,71,28.963927089204045
6,72,25.227317682791956
6,73,26.443125157802474
6,74,27.65668626703734
6,75,24.70624089772774
6,76,21.83008317808942
6,77,18.227176169675676
6,78,14.81095492195443
6,79,12.51894705793796
6,80,9.30451499276945
6,81,10.156841371695325
6,82,9.364778566254023
6,83,10.707903683701318
6,84,11.51204813162708
6,85,10.934707767323124
6,86,12.829663354807842
7,1,8.386135768216215
7,2,9.320582079813144
7,3,6.425015903787539
7,4,8.364275796064096
7,5,6.455145632552296
7,6,3.799452534479185
7,8,3.7867100251827974
7,9,6.950030995777672
7,10,7.1949219252654855
7,11,5.857049120304153
7,12,4.7565738327246665
7,13,6.385149964400138
7,14,9.128197479552474
7,15,11.570549988172948
7,16,15.17708449044974
7,17,17.445996941398427
7,18,20.511759875652107
7,19,22.15829510837426
7,20,22.982800534431032
7,21,24.64178698155967
7,22,22.94514286046862
7,23,24.82730850791879
7,24,23.80964109361632
7,25,20.155812531292714
7,26,20.07796808070293
7,27,21.882874824804464
7,28,19.629575442950003
7,29,16.598029989812343
7,30,18.97378074284773
7,31,20.3916520987387
7,32,17.05079857620626
7,33,16.765297696098973
7,34,14.232218577709805
7,35,14.951093739597228
7,36,14.567669629884197
7,37,12.596501873764385
7,38,14.699769288556729
7,39,16.292246471676098
7,40,16.56222400366024
7,41,12.931920221129888
7,42,11.981903639275247
7,43,15.322860286009734
7,44,15.731984914976127
7,45,12.150336097928294
7,46,10.699724911693473
7,47,9.291278933825161
7,48,13.040213610844313
7,49,13.86720136139823
7,50,11.864269845325833
7,51,12.80395937319757
7,52,16.380418038757472
7,53,18.967990694573178
7,54,16.812044021483473
7,55,17.89141514659435
7,56,17.273803777985854
7,57,18.312691751754553
7,58,21.614763545399615
7,59,22.754155612198527
7,60,22.579333364974822
7,61,20.371126790619194
7,62,18.018456209318966
7,63,20.061011496300516
7,64,20.696440945618185
7,65,24.29888671687084
7,66,25.881500849594097
7,67,28.671705656741924
7,68,31.920140599960824
7,69,34.06651556385025
7,70,31.786143696436586
7,71,31.485124261823124
7,72,27.723392496503457
7,73,28.793515912082476
7,74,30.349522312279095
7,75,27.626142728473457
7,76,24.907414937599075
7,77,21.38405663156344
7,78,18.085851214243927
7,79,15.376419243186433
7,80,11.832013129958924
7,81,11.705300335633448
7,82,9.69216989923696
7,83,9.997221736430923
7,84,9.537785751244975
7,85,8.269475575226128
7,86,9.494818685952135
8,1,11.169103243661912
8,2,12.537355937480472
8,3,9.893738101928857
8,4,12.053509348310925
8,5,9.836421585865693
8,6,6.501257853048924
8,7,3.7867100251827974
8,9,3.8198411169844513
8,10,5.793112354130756
8,11,5.25548424216449
8,12,6.508269464373531
8,13,8.10225131147985
8,14,11.61031975635582
8,15,13.811235064711887
8,16,17.344482302649613
8,17,19.687430431320884
8,18,22.60245346786561
8,19,23.730655502667936
8,20,24.235289027940755
8,21,25.377753145484867
8,22,23.239870599388766
8,23,25.19859226650586
8,24,24.7477951937467
8,25,21.05460678772327
8,26,20.505138532968775
8,27,22.732742277084423
8,28,21.03253077153892
8,29,17.67234414549777
8,30,19.729590362613784
8,31,21.747314860521232
8,32,18.654280967990314
8,33,17.704381713485425
8,34,14.871577373136265
8,35,14.958745639572737
8,36,14.441249921706168
8,37,11.74006562363646
8,38,12.89945488265981
8,39,14.28169634449081
8,40,13.814767494752974
8,41,10.10877829336408
8,42,9.715575018342992
8,43,12.917329728172223
8,44,12.986429893462175
8,45,9.562615206506578
8,46,9.169296584767924
8,47,8.288593741981856
8,48,11.857799519350186
8,49,13.518732986662705
8,50,12.351834438324977
8,51,12.801463755306544
8,52,15.992051976939091
8,53,18.94712606457283
8,54,17.069748580059944
8,55,17.843550439655434
8,56,16.501777287899603
8,57,17.441082851711165
8,58,20.41790684297834
8,59,22.07344624116312
8,60,21.717706911413384
8,61,19.802102669142585
8,62,17.007252329591175
8,63,18.849062021606326
8,64,19.055908525715864
8,65,22.65687484321824
8,66,24.05071576857995
8,67,27.154959703214754
8,68,30.86315585569609
8,69,33.34435094363417
8,70,31.345371351327938
8,71,31.102339226819087
8,72,27.41958638251941
8,73,28.626178253124728
8,74,30.568116662365913
8,75,28.027864778972127
8,76,25.713052058136558
8,77,22.206585439831738
8,78,19.30400942523648
8,79,16.396707180780837
8,80,12.964685366293669
8,81,12.833727424688098
8,82,10.143469841151564
8,83,10.730776452729003
8,84,9.391731506731608
8,85,8.875600825806224
8,86,9.832582010281381
9,1,12.445987639644196
9,2,14.028670820585559
9,3,12.01287793888951
9,4,14.835670151735297
9,5,13.161544625396411
9,6,10.14685853397746
9,7,6.950030995777672
9,8,3.8198411169844513
9,10,3.810195984825426
9,11,5.540943981342559
9,12,8.468409640175476
9,13,10.870721523627608
9,14,14.443197584926754
9,15,17.001206890376057
9,16,20.329708609734748
9,17,22.970127530734317
9,18,25.641707801706545
9,19,26.66803229507134
9,20,26.77521021071381
9,21,27.585715657734838
9,22,25.07772749866866
9,23,26.714529716911418
9,24,26.570563190175406
9,25,23.017138168560656
9,26,21.87634446224142
9,27,24.04000015238288
9,28,22.72542098175834
9,29,19.111655155356985
9,30,20.527001574137287
9,31,22.782389644527083
9,32,19.736507404730666
9,33,18.086058617621855
9,34,15.559488431640327
9,35,15.748999388609812
9,36,15.838780493587505
9,37,13.138097408356966
9,38,13.515518868532048
9,39,15.210105171631582
9,40,13.94847650882258
9,41,10.24920246288087
9,42,11.155739465601771
9,43,14.16315678090694
9,44,13.961743186950587
9,45,11.046218670120915
9,46,11.723723571518496
9,47,11.275030997508017
9,48,14.452910192304737
9,49,16.63711897881337
9,50,15.805919435945759
9,51,15.80342932566521
9,52,18.763368388756234
9,53,21.71245163294758
9,54,19.76462888668809
9,55,19.985154263659364
9,56,18.043120013089872
9,57,18.358031602153435
9,58,21.181129738451922
9,59,23.380706577313124
9,60,23.28349229518155
9,61,21.875058836959106
9,62,19.012118206604566
9,63,20.908040730763155
9,64,20.91689313679338
9,65,24.367902194136185
9,66,25.368325740016694
9,67,28.705487626393296
9,68,32.6499026535163
9,69,35.325627772820766
9,70,33.43411788066763
9,71,33.000018302128225
9,72,29.366793778341847
9,73,30.37579063227838
9,74,32.650134345229525
9,75,30.410198064471302
9,76,28.317589858659314
9,77,24.975998650475688
9,78,22.27035520165388
9,79,19.08524111393846
9,80,15.609396340975817
9,81,14.817897834404059
9,82,11.48561784881903
9,83,11.297217149372718
9,84,8.757620101593917
9,85,8.305345454110968
9,86,8.485859289275353
10,1,11.009192864009439
10,2,11.89644436299112
10,3,10.230477550709288
10,4,13.487703777474668
10,5,12.637330251440472
10,6,10.524201397975048
10,7,7.1949219252654855
10,8,5.793112354130756
10,9,3.810195984825426
10,11,3.7979469865772204
10,12,6.935570736716702
10,13,10.236540175618169
10,14,13.376303924949788
10,15,16.529418359666614
10,16,19.56737801422625
10,17,22.584526728433662
10,18,24.986930252667918
10,19,26.33776388567258
10,20,26.203817559397482
10,21,27.13591284889749
10,22,24.64521341781789
10,23,25.810649134742043
10,24,25.404997306418778
10,25,22.045122574492943
10,26,20.694125608589317
10,27,22.348464067132493
10,28,20.934350030785694
10,29,17.316353045380758
10,30,18.34298471810552
10,31,20.305575884745785
10,32,17.094993766903595
10,33,15.270979655445293
10,34,13.305446863597691
10,35,14.290275958283058
10,36,15.223174531940135
10,37,13.331807932826772
10,38,14.258094651655478
10,39,16.722696385238066
10,40,15.928975343271214
10,41,12.186271342655136
10,42,13.401292661159673
10,43,16.813726320635105
10,44,17.203682876434492
10,45,14.3415737500252
10,46,14.75031925194149
10,47,13.586750174024385
10,48,16.842912277786866
10,49,18.938657654435087
10,50,17.425047561677825
10,51,17.150562495684117
10,52,20.43458234348589
10,53,22.94236678680661
10,54,20.457225011978913
10,55,20.28659128932927
10,56,18.480650035781398
10,57,18.21115203536225
10,58,21.38540635623799
10,59,23.52742083191248
10,60,24.01411162249737
10,61,22.831775034760557
10,62,20.441199311435366
10,63,22.850721345543754
10,64,23.392867979559824
10,65,26.720048611069657
10,66,27.4667797186458
10,67,30.638144841469185
10,68,34.18482251625517
10,69,36.63386711666312
10,70,34.43371658970044
10,71,33.62596810449521
10,72,29.906424222561096
10,73,30.471202550943662
10,74,32.699931506431355
10,75,30.62627888697746
10,76,28.340560930302342
10,77,25.19333384658614
10,78,22.325199211383172
10,79,18.908894516085578
10,80,15.230364085654022
10,81,13.595023771758967
10,82,10.070996157474527
10,83,8.72727575010158
10,84,5.640933740795765
10,85,4.676220231224114
10,86,5.219653389051371
11,1,11.497500404126654
11,2,11.48731247049595
11,3,8.811351141130183
11,4,11.377726960139283
11,5,10.05241424327136
11,6,8.129346548435356
11,7,5.857049120304153
11,8,5.25548424216449
11,9,5.540943981342559
11,10,3.7979469865772204
11,12,3.7986491586414237
11,13,6.684974660375491
11,14,9.936280573375686
11,15,12.999762737356782
11,16,15.918262399844163
11,17,19.009489078873102
11,18,21.29500861593889
11,19,22.568239389918
11,20,22.408138030535806
11,21,23.395530024929656
11,22,21.013441720164337
11,23,22.278968886719742
11,24,21.76543794534123
11,25,18.336402342175994
11,26,17.195023373554733
11,27,18.955540884256173
11,28,17.43990478322392
11,29,13.85378201791006
11,30,15.294958104826764
11,31,17.31923724446833
11,32,14.206489046761135
11,33,12.764250851431587
11,34,10.263726943919695
11,35,11.027364033976664
11,36,11.691710435466
11,37,10.023610605853296
11,38,11.638045196785075
11,39,14.291434136671407
11,40,14.293010862561616
11,41,10.583807679545473
11,42,11.336398763666045
11,43,15.057794032594444
11,44,16.169171427870072
11,45,13.35904660572658
11,46,13.498857961368449
11,47,11.45416849459833
11,48,14.556184127993783
11,49,16.619833932315466
11,50,14.649801729318535
11,51,14.015434377011191
11,52,17.433945872669312
11,53,19.63281797795609
11,54,16.92316646759369
11,55,16.714702432617987
11,56,15.189867288847815
11,57,15.072892272615906
11,58,18.45481189873561
11,59,20.25889653191175
11,60,20.813762408081082
11,61,19.528048476975552
11,62,17.427122033152763
11,63,20.120380869234936
11,64,21.13336567982455
11,65,24.36887244838059
11,66,25.097049564412526
11,67,28.029221032316208
11,68,31.224861910961486
11,69,33.47423057987903
11,70,31.102382309445975
11,71,30.22794805753971
11,72,26.463716771345183
11,73,26.98340890949246
11,74,29.07637370113543
11,75,26.95510583635631
11,76,24.59250574621145
11,77,21.479275475389723
11,78,18.603111687350268
11,79,15.14326766184977
11,80,11.460313851590216
11,81,9.84732650194429
11,82,6.407434687026982
11,83,5.828348278648047
11,84,4.192982113522342
11,85,4.866264429305714
11,86,7.523638152368045
12,1,10.071659644945946
12,2,9.25891780708817
12,3,5.896872211999093
12,4,7.791983353393742
12,5,6.547014372553498
12,6,5.6705326681128945
12,7,4.7565738327246665
12,8,6.508269464373531
12,9,8.468409640175476
12,10,6.935570736716702
12,11,3.7986491586414237
12,13,3.812849433282493
12,14,6.458099090888714
12,15,9.785856915916819
12,16,12.786825202049068
12,17,15.81393323560429
12,18,18.250703902520733
12,19,19.938737467761282
12,20,20.150312687647844
12,21,21.666389449251778
12,22,19.794393391279915
12,23,21.15903642134493
12,24,20.064693061171322
12,25,16.59240237740462
12,26,16.136480503960282
12,27,17.60346647382848
12,28,15.441581836744389
12,29,12.242722828191665
12,30,14.351114279939223
12,31,15.765244808881754
12,32,12.42880976508481
12,33,12.01358375136358
12,34,9.566215905326164
12,35,10.771931513365054
12,36,11.149913800411559
12,37,10.159479763324686
12,38,12.810815341378639
12,39,15.30520050918665
12,40,16.126897701189485
12,41,12.595206874230739
12,42,12.34993390948765
12,43,16.114357043905844
12,44,17.49695392517012
12,45,14.446719259069605
12,46,13.659712070275125
12,47,11.139329375312256
12,48,14.338715885705362
12,49,15.683543775963876
12,50,13.030250837597263
12,51,12.754796750887532
12,52,16.47475724543949
12,53,18.338383356041643
12,54,15.435725797485524
12,55,15.66311402835978
12,56,15.006595743461157
12,57,15.302751165937398
12,58,18.922523105990205
12,59,20.04062190792321
12,60,20.592699842548218
12,61,18.88389152878548
12,62,17.177155049518547
12,63,19.96375888769441
12,64,21.350485570794916
12,65,24.606487210331668
12,66,25.615586770992692
12,67,28.209937127306375
12,68,30.9628966142895
12,69,32.88262974873209
12,70,30.27370483154826
12,71,29.43955269687997
12,72,25.615161111429085
12,73,26.120872897679106
12,74,27.775623253262037
12,75,25.401383286498994
12,76,22.654966532430453
12,77,19.482187030478435
12,78,16.24343058706707
12,79,13.013441267132773
12,80,9.234217121368452
12,81,7.837029973346204
12,82,5.520327514719969
12,83,5.359274082739617
12,84,6.007584651372594
12,85,5.941163514371189
12,86,8.926557828719844
13,1,12.662055359783439
13,2,11.584915614067505
13,3,7.804456681120501
13,4,7.86853306622004
13,5,5.34233692249256
13,6,4.764248755136723
13,7,6.385149964400138
13,8,8.10225131147985
13,9,10.870721523627608
13,10,10.236540175618169
13,11,6.684974660375491
13,12,3.812849433282493
13,14,3.8078863131819527
13,15,6.334620435233084
13,16,9.496945647710133
13,17,12.367540688197426
13,18,14.894399327869143
13,19,16.36474906520423
13,20,16.796622628773385
13,21,18.43391232983334
13,22,16.830091459980718
13,23,18.61110148539358
13,24,17.439055362313024
13,25,13.793930180039297
13,26,13.958810881955706
13,27,15.767377709355594
13,28,13.487212569098224
13,29,10.62501742984198
13,30,13.514036841016996
13,31,14.979537284169313
13,32,12.107812554430236
13,33,12.435011706176239
13,34,9.416175222079962
13,35,9.729904558329205
13,36,8.998984389620437
13,37,8.161948352979364
13,38,11.433345638695677
13,39,13.506833160608135
13,40,15.116600496550053
13,41,12.045731770932294
13,42,10.946322878973556
13,43,14.54681096630144
13,44,16.43917233002024
13,45,13.643748817586637
13,46,12.529976797538797
13,47,9.327268546234212
13,48,12.020431901569328
13,49,13.083381529715114
13,50,10.006197030231442
13,51,9.458984663419665
13,52,13.224243216181867
13,53,14.784150222433713
13,54,11.829419567342155
13,55,12.414041534586724
13,56,12.372248643229069
13,57,13.315276302575041
13,58,16.867086527509237
13,59,17.425300908257455
13,60,17.724861407420043
13,61,15.679494944512621
13,62,14.242912304330888
13,63,17.07556068142842
13,64,18.82712999497385
13,65,21.954401217727398
13,66,23.089168959412607
13,67,25.385927085805147
13,68,27.825387314737682
13,69,29.56172077911354
13,70,26.88041147295327
13,71,26.17369089940057
13,72,22.35237156554032
13,73,23.041087591190646
13,74,24.465008357079263
13,75,21.89076312656512
13,76,19.069444906026717
13,77,15.787131877978306
13,78,12.49961543799016
13,79,9.408600298704414
13,80,5.685867857925612
13,81,5.497546573336548
13,82,4.86350046061408
13,83,6.891748979393045
13,84,8.868226588356983
13,85,9.65239562372564
13,86,12.736629677908793
14,1,13.478866408231083
14,2,11.508440170958615
14,3,7.979165426971746
14,4,6.470593770704212
14,5,4.872613440963358
14,6,6.758119771149509
14,7,9.128197479552474
14,8,11.61031975635582
14,9,14.443197584926754
14,10,13.376303924949788
14,11,9.936280573375686
14,12,6.458099090888714
14,13,3.8078863131819527
14,15,3.804220955523691
14,16,6.497171677581593
14,17,9.530861200404052
14,18,11.955817983374493
14,19,14.068537309330281
14,20,14.778084526188662
14,21,17.026859450815596
14,22,16.09337393615919
14,23,17.674102540606135
14,24,15.785176980272709
14,25,12.380546543490954
14,26,13.299745568911074
14,27,14.447202491501933
14,28,11.490393627408578
14,29,9.473344631361584
14,30,12.773186564140914
14,31,13.35635654670228
14,32,10.56083771079382
14,33,12.044602330570747
14,34,9.637301137104203
14,35,10.50136352524342
14,36,9.92190217393548
14,37,10.361666028868113
14,38,14.045816588380163
14,39,16.08282214496975
14,40,18.225776738510095
14,41,15.467027121602202
14,42,14.124038713488053
14,43,17.507817263175337
14,44,19.618598574981096
14,45,16.90469817571243
14,46,15.347987890685898
14,47,12.056062543135985
14,48,14.353784655393545
14,49,14.711280617610939
14,50,11.107524190926105
14,51,10.729978107147812
14,52,14.350393238892119
14,53,15.11276211809229
14,54,11.925931635618346
14,55,12.66312653348649
14,56,13.604772892576655
14,57,14.540089372783143
14,58,18.127554199604063
14,59,17.979166421690895
14,60,18.54090224342713
14,61,16.381848162585325
14,62,15.718006828928907
14,63,18.639204609808697
14,64,20.827957216822217
14,65,23.72430847438196
14,66,24.895564259927742
14,67,26.746026525170667
14,68,28.526105523125096
14,69,29.806017707551774
14,70,26.82984361686448
14,71,25.991468965757967
14,72,22.209741035947175
14,73,22.634957620225233
14,74,23.548124714451703
14,75,20.888413527903317
14,76,17.661820894865183
14,77,14.5988403904171
14,78,11.003306712033261
14,79,8.396433385912445
14,80,5.28236325333286
14,81,5.21626173227637
14,82,6.735756239518319
14,83,8.301593549817426
14,84,11.176726601249301
14,85,11.711286552957992
14,86,14.860103019947191
15,1,16.41906269854473
15,2,14.64901509663389
15,3,11.18510817424669
15,4,8.847802099946046
15,5,6.627700473785873
15,6,8.31416192356217
15,7,11.570549988172948
15,8,13.811235064711887
15,9,17.001206890376057
15,10,16.529418359666614
15,11,12.999762737356782
15,12,9.785856915916819
15,13,6.334620435233084
15,14,3.804220955523691
15,16,3.782693787679818
15,17,6.066263407753944
15,18,8.945046111934872
15,19,10.878279749070398
15,20,12.23741696434462
15,21,14.800175359133531
15,22,14.471689851577388
15,23,16.590858516762403
15,24,14.597221268214206
15,25,11.201027305863322
15,26,13.080025606908478
15,27,14.51001752970194
15,28,11.584155378056387
15,29,10.424214138144348
15,30,14.160053640914605
15,31,14.694067715002955
15,32,12.655971256599035
15,33,14.588291036903668
15,34,12.000595332174145
15,35,11.968925975003671
15,36,10.327244489619826
15,37,10.849914880417664
15,38,14.540591776785334
15,39,15.864675048754522
15,40,18.531899416081057
15,41,16.330195119029238
15,42,14.299614667313685
15,43,17.16083469602321
15,44,19.491338083343805
15,45,17.108156361844735
15,46,15.254013165120043
15,47,11.834706479659156
15,48,13.333693904585873
15,49,13.072196090909554
15,50,9.275015955717913
15,51,8.923760877773214
15,52,12.130132535696312
15,53,12.345851911787948
15,54,9.404631166391137
15,55,10.905701052826911
15,56,12.779977392935486
15,57,14.473313518532475
15,58,17.669413538223633
15,59,16.821948611819902
15,60,16.944622223358312
15,61,14.346471994425807
15,62,14.098617845925046
15,63,16.757852715228506
15,64,19.194454081733056
15,65,21.864781660973996
15,66,23.252180735918767
15,67,24.69692505558728
15,68,26.081970930122143
15,69,27.10304365468395
15,70,24.100271641355704
15,71,23.527426875310756
15,72,19.846349015916847
15,73,20.572765443115138
15,74,21.06174462427617
15,75,18.077525724446893
15,76,14.702911181722534
15,77,11.48565562106893
15,78,7.722400297091037
15,79,6.061725720489957
15,80,4.466982974812283
15,81,6.646835938232405
15,82,9.235566079881457
15,83,11.627092702864022
15,84,14.589225512729051
15,85,15.368840117640625
15,86,18.461142904811805
16,1,19.47931098075098
16,2,17.22666653940916
16,3,14.042771595033654
16,4,11.462558342896155
16,5,10.05084202082476
16,6,12.064690558127968
16,7,15.17708449044974
16,8,17.344482302649613
16,9,20.329708609734748
16,10,19.56737801422625
16,11,15.918262399844163
16,12,12.786825202049068
16,13,9.496945647710133
16,14,6.497171677581593
16,15,3.782693787679818
16,17,3.786510383313688
16,18,5.472761533179881
16,19,7.812870965240566
16,20,9.100064316154324
16,21,12.116699430966719
16,22,12.480680361232366
16,23,14.303645014602095
16,24,11.776532163586246
16,25,8.87624783474298
16,26,11.525959703087457
16,27,12.403110733691895
16,28,9.319175332821766
16,29,9.408275825154288
16,30,13.15935096876384
16,31,13.148755658750101
16,32,11.937697986686421
16,33,14.517392808464693
16,34,12.403887179519469
16,35,12.297114824512335
16,36,10.770563566269406
16,37,12.38715584376749
16,38,16.08703853860468
16,39,17.46588995802008
16,40,20.55269886860419
16,41,18.773611846163156
16,42,16.920362641160775
16,43,19.571573880235288
16,44,22.28151279105202
16,45,20.26690318242427
16,46,18.607974176577557
16,47,15.068439199122265
16,48,15.973030155478503
16,49,15.68884063804961
16,50,11.996775014738068
16,51,11.0502046826555
16,52,13.571742998425304
16,53,12.682963251267237
16,54,9.587914139879311
16,55,10.570400240391423
16,56,13.160563300199483
16,57,14.576844612537492
16,58,17.54935505582029
16,59,16.041300414933215
16,60,16.579455014056588
16,61,14.291596104186564
16,62,15.032549197905077
16,63,17.848773187753366
16,64,20.7761374303278
16,65,22.952896069652148
16,66,24.031428298726095
16,67,24.97985340236168
16,68,25.572045489046594
16,69,26.10256617541164
16,70,22.805080359589873
16,71,21.9183354317407
16,72,18.38035272821349
16,73,18.664945579101627
16,74,18.712844607725117
16,75,15.874447001745347
16,76,12.26005051421921
16,77,9.664123358657665
16,78,6.133096513187607
16,79,5.416616831449581
16,80,5.859741116512336
16,81,7.5866991078374335
16,82,11.07573981463876
16,83,13.376934646826701
16,84,16.806535592619237
16,85,17.940131137662895
16,86,21.267685166084725
17,1,21.629916258713273
17,2,19.57928556381779
17,3,16.525141932374652
17,4,13.467270676374408
17,5,11.92030072546346
17,6,13.940119093169239
17,7,17.445996941398427
17,8,19.687430431320884
17,9,22.970127530734317
17,10,22.584526728433662
17,11,19.009489078873102
17,12,15.81393323560429
17,13,12.367540688197426
17,14,9.530861200404052
17,15,6.066263407753944
17,16,3.786510383313688
17,18,3.821018898297999
17,19,6.310427836149661
17,20,9.067313662438345
17,21,12.490100356819914
17,22,13.757747764949498
17,23,15.974189956507555
17,24,13.408715947703442
17,25,10.99824657521869
17,26,14.231717130477268
17,27,15.145586994303772
17,28,12.268661962493967
17,29,12.930065136764169
17,30,16.63081353276953
17,31,16.441931143202154
17,32,15.523398737486337
17,33,18.255450491308792
17,34,16.157029496473367
17,35,15.782228805649625
17,36,13.789687852317856
17,37,15.062709022904572
17,38,18.553236999452125
17,39,19.290347723784993
17,40,22.524564367746194
17,41,21.042297679258546
17,42,18.670466780509155
17,43,20.829961665013798
17,44,23.411431531758446
17,45,21.532845740787856
17,46,19.4849234336682
17,47,16.215416860465847
17,48,16.644619017513637
17,49,15.577541642857183
17,50,12.086996761186903
17,51,11.728395519088716
17,52,13.562818429082784
17,53,12.227355366161476
17,54,10.031052288941144
17,55,11.905403807128591
17,56,15.066085134637708
17,57,17.064110550268385
17,58,19.584018220730574
17,59,17.567764685550962
17,60,17.543981235489827
17,61,14.838674948129581
17,62,15.822916725994094
17,63,18.04399315199563
17,64,20.922785161300766
17,65,22.901873539353698
17,66,24.330045141162092
17,67,24.86162474914497
17,68,25.05571574555589
17,69,25.250784367298163
17,70,22.02123355169244
17,71,21.57698122895622
17,72,18.3225773113821
17,73,18.99785810032826
17,74,18.384675507327746
17,75,15.158694425444889
17,76,11.409878858308408
17,77,8.899683015960226
17,78,5.69301731627917
17,79,7.208628980261838
17,80,8.725920761348856
17,81,11.179399314354407
17,82,14.55777953884481
17,83,17.010468549249133
17,84,20.30564712920488
17,85,21.228602935193024
17,86,24.3636738760039
18,1,24.588405837451692
18,2,22.198368688087914
18,3,19.248710311317065
18,4,16.32131724796213
18,5,15.137231546950936
18,6,17.202315712013135
18,7,20.511759875652107
18,8,22.60245346786561
18,9,25.641707801706545
18,10,24.986930252667918
18,11,21.29500861593889
18,12,18.250703902520733
18,13,14.894399327869143
18,14,11.955817983374493
18,15,8.945046111934872
18,16,5.472761533179881
18,17,3.821018898297999
18,19,3.8214676299856367
18,20,6.295371920922738
18,21,10.054430028844319
18,22,12.070714414882062
18,23,13.797638460029495
18,24,10.869524430386734
18,25,9.397128662670498
18,26,13.03905370735365
18,27,13.391593292708828
18,28,10.820524958530168
18,29,12.534233257377252
18,30,15.880904183273046
18,31,15.338708705917833
18,32,15.298641333263962
18,33,18.277611602119517
18,34,16.59123500832369
18,35,16.100909522087466
18,36,14.339035699259478
18,37,16.38281898496704
18,38,19.76237922378496
18,39,20.64606287081128
18,40,24.12833051999325
18,41,22.976122146795824
18,42,20.92607880571111
18,43,23.001723877776804
18,44,25.92604422821569
18,45,24.36766846175657
18,46,22.66639671572943
18,47,19.222874508143946
18,48,19.316334113885173
18,49,18.582692346098366
18,50,15.252879124217957
18,51,14.210440872912862
18,52,15.579853507608592
18,53,13.4493023765894
18,54,11.161246965120316
18,55,12.147501455395128
18,56,15.567434032012661
18,57,17.11947407506647
18,58,19.340327935071556
18,59,16.84949368681217
18,60,17.3204143791643
18,61,15.187828611105626
18,62,16.993733597689285
18,63,19.408994443260692
18,64,22.66707267485228
18,65,24.157635393065735
18,66,25.131907901297676
18,67,25.250596040945943
18,68,24.694314630868995
18,69,24.425084513977737
18,70,20.9315971590377
18,71,20.04643944157188
18,72,17.032713629150496
18,73,17.116255118392374
18,74,16.084946318742066
18,75,13.231341049690927
18,76,9.42306657455057
18,77,8.135535679128807
18,78,6.170054942312197
18,79,8.119898757168125
18,80,10.481985878144254
18,81,12.35337739667607
18,82,16.072932959889602
18,83,18.442081376066596
18,84,22.01248091690476
18,85,23.316553220846902
18,86,26.688497032657203
19,1,27.181797564507825
19,2,25.030519626536826
19,3,21.808734761893973
19,4,19.15810994637366
19,5,17.42633429716685
19,6,18.84677391551809
19,7,22.15829510837426
19,8,23.730655502667936
19,9,26.66803229507134
19,10,26.33776388567258
19,11,22.568239389918
19,12,19.938737467761282
19,13,16.36474906520423
19,14,14.068537309330281
19,15,10.878279749070398
19,16,7.812870965240566
19,17,6.310427836149661
19,18,3.8214676299856367
19,20,3.80252710685853
19,21,7.1658313521760055
19,22,9.694975936074455
19,23,11.939582916730743
19,24,9.726532653861389
19,25,8.578353931777427
19,26,12.349344057105052
19,27,13.308721998208634
19,28,11.713891980363385
19,29,13.39504958357773
19,30,16.560455312972504
19,31,16.633097120850206
19,32,17.11384451481879
19,33,19.668261067151445
19,34,17.644858186601112
19,35,16.349213846506157
19,36,14.04025903207926
19,37,16.020481247552105
19,38,18.945087352268803
19,39,19.357485046808986
19,40,23.048995177151706
19,41,22.497592296963028
19,42,20.42265967589275
19,43,22.007758658052026
19,44,25.16834759185242
19,45,24.156468363250102
19,46,22.813101958014133
19,47,19.367075715441814
19,48,18.729170001337373
19,49,18.20286724010269
19,50,15.346073946172742
19,51,13.702990318347847
19,52,14.202225965425864
19,53,11.351500596163618
19,54,9.559684043156219
19,55,10.321566733855583
19,56,14.02482125885514
19,57,15.823557206333062
19,58,17.385460219198283
19,59,14.429195641805288
19,60,14.633577175112489
19,61,12.67862122284225
19,62,15.0868315883625
19,63,17.29768516603339
19,64,20.767704781349504
19,65,21.746712759245508
19,66,22.47781071956929
19,67,22.206358547588653
19,68,21.19727187850837
19,69,20.728922670150194
19,70,17.192243184317487
19,71,16.330856505860734
19,72,13.477593234869639
19,73,13.727945305537562
19,74,12.475748274936052
19,75,9.462104957098523
19,76,5.6618980787099265
19,77,4.99012858856964
19,78,4.899646191682908
19,79,7.816260574855912
19,80,11.166964461367046
19,81,13.423388086174784
19,82,17.072359082177456
19,83,19.907377459448156
19,84,23.390818996674874
19,85,25.135733815553344
19,86,28.630175729730496
20,1,28.223205418469508
20,2,25.92137158031525
20,3,22.668443435890058
20,4,20.456369182928583
20,5,18.824096181893758
20,6,20.04176997889567
20,7,22.982800534431032
20,8,24.235289027940755
20,9,26.77521021071381
20,10,26.203817559397482
20,11,22.408138030535806
20,12,20.150312687647844
20,13,16.796622628773385
20,14,14.778084526188662
20,15,12.23741696434462
20,16,9.100064316154324
20,17,9.067313662438345
20,18,6.295371920922738
20,19,3.80252710685853
20,21,3.7985533183298776
20,22,6.512860540957246
20,23,8.243947650662726
20,24,6.128392564440485
20,25,5.7570855025277625
20,26,9.431844354371794
20,27,10.264726392253355
20,28,9.538531660654263
20,29,11.553145269431067
20,30,14.181332164910046
20,31,14.479329659760872
20,32,15.654019353313402
20,33,17.927007940608412
20,34,16.099337663574023
20,35,14.52747301958875
20,36,12.52907630066892
20,37,15.130593847787074
20,38,17.807258925507465
20,39,18.568287117121738
20,40,22.302629139319386
20,41,21.97901902402716
20,42,20.471017271373668
20,43,22.142261246952543
20,44,25.59674265976421
20,45,24.83993589109974
20,46,24.03034638850906
20,47,20.39650067768878
20,48,19.702652519070828
20,49,19.884419769063886
20,50,17.10954044736693
20,51,14.744951798317283
20,52,15.23172357714203
