1,2,3.819386799913302
1,3,6.097706232233446
1,4,8.841160642552333
1,5,10.472981512536004
1,6,9.805299395631739
1,7,13.15909710082876
1,8,14.765379957209559
1,9,12.304195732504644
1,10,11.414692287127359
1,11,9.065710214033123
1,12,11.55721055760057
1,13,11.46915365987394
1,14,14.569873466536091
1,15,17.20709553267261
1,16,19.816729113162875
1,17,22.505302609397763
1,18,25.252755601884846
1,19,26.202903761669212
1,20,28.62465900802791
1,21,27.301387970175135
1,22,27.790238367594437
1,23,26.00373397101961
1,24,22.95944351065931
1,25,23.062039707745527
1,26,23.591156719315862
1,27,20.63356704046645
1,28,18.242260348339983
1,29,20.08610150809941
1,30,19.585885899381818
1,31,15.795008117490427
1,32,16.590356156868637
1,33,15.826030653605695
1,34,18.278774703041105
1,35,19.388516436111967
1,36,19.140128950388277
1,37,21.78756444650389
1,38,23.964479942915393
1,39,24.5069705045987
1,40,20.789831783511648
1,41,20.169788327280184
1,42,23.170766712167403
1,43,21.790990639279
1,44,22.9834981615952
1,45,19.920056706269865
1,46,18.062689893065304
1,47,21.300884099729835
1,48,21.71315872438595
1,49,19.063146637791913
1,50,19.863184306697573
1,51,23.653476806227395
1,52,25.669378398954347
1,53,23.003402580736033
1,54,23.736451860607037
1,55,23.755359293384256
1,56,23.946466136953166
1,57,27.72457345791535
1,58,28.547675279908844
1,59,29.004294533795168
1,60,27.07492967128372
1,61,25.09876257899209
1,62,27.403627062401345
1,63,28.346499784749806
1,64,31.81028311709614
1,65,33.33183270666568
1,66,35.98991352563361
1,67,36.66960013358566
1,68,36.29310923107522
1,69,38.63497652625454
1,70,36.6923412051645
1,71,37.85197159429907
1,72,35.24947340713931
1,73,32.383418392345234
1,74,29.170234993697438
1,75,25.925417559308784
1,76,22.32885717634147
1,77,19.819664735501078
1,78,16.393576345908173
1,79,15.03768593036591
1,80,13.780217223682433
1,81,12.157192728988223
1,82,11.92831691472663
1,83,8.759189785158311
2,1,3.819386799913302
2,3,3.8088897395129213
2,4,5.406694271723308
2,5,6.90716794394471
2,6,6.746026389542892
2,7,10.28322999853002
2,8,12.452383107932128
2,9,10.453916206915952
2,10,8.721537964770173
2,11,5.71314261497143
2,12,7.805133179520292
2,13,8.010257643053027
2,14,11.191609079533889
2,15,14.132598110180941
2,16,16.801238866103382
2,17,19.61944460875361
2,18,22.08679146648398
2,19,23.04921424747529
2,20,25.36219082842053
2,21,23.951381544030273
2,22,24.718735070884097
2,23,23.111580350752106
2,24,19.847446908325303
2,25,20.05630571289493
2,26,21.00580408350323
2,27,18.11129503482904
2,28,15.551638868083279
2,29,17.81417919077639
2,30,17.760074475653944
2,31,14.014420994078367
2,32,14.89323791317178
2,33,13.384385594216344
2,34,15.339534939946514
2,35,15.999639686516957
2,36,15.564452550535005
2,37,18.349930539729613
2,38,20.382607941562057
2,39,21.166509455548056
2,40,17.54251592387174
2,41,16.666352754384203
2,42,19.777726728854976
2,43,18.546749917769933
2,44,19.69352246391249
2,45,16.751658620612424
2,46,14.569401821123428
2,47,17.648178493634678
2,48,18.201181903838723
2,49,15.4531852792803
2,50,16.070448745229275
2,51,19.874024509775477
2,52,21.89313283579435
2,53,19.258370820008114
2,54,20.057342208119543
2,55,20.088897827289863
2,56,20.51590682703873
2,57,24.261327941505563
2,58,25.011300053168217
2,59,25.301447240898355
2,60,23.290864849671326
2,61,21.29187078605547
2,62,23.610899437697924
2,63,24.654153974320256
2,64,28.087552291422455
2,65,29.615461724772228
2,66,32.17858286752146
2,67,32.867218959644
2,68,32.54173681452709
2,69,34.93224086893956
2,70,33.03738248892717
2,71,34.327831399763646
2,72,31.858514863688008
2,73,28.869617268022964
2,74,25.750253921329836
2,75,22.404913976778737
2,76,18.869434154465363
2,77,16.27495091579466
2,78,12.778790904904724
2,79,11.745265002775255
2,80,10.55027213588558
2,81,9.68367556970194
2,82,10.087228266259176
2,83,7.7859753587746034
3,1,6.097706232233446
3,2,3.8088897395129213
3,4,3.8101546345571378
3,5,7.134351103101925
3,6,8.79990168475293
3,7,12.475306649376474
3,8,15.25688088885769
3,9,13.709420822496002
3,10,11.357351578026153
3,11,7.716566507446137
3,12,8.031145536925258
3,13,6.590035709462875
3,14,8.903165976831746
3,15,11.601871025595708
3,16,13.859819262296467
3,17,16.77371648362021
3,18,19.555121961464973
3,19,20.921774349350112
3,20,23.628768838987764
3,21,22.748520417202485
3,22,23.685995141081072
3,23,21.64795330177231
3,24,18.488562624331067
3,25,19.386607371478398
3,26,20.16331257355714
3,27,16.87996675715377
3,28,14.967219409118975
3,29,17.709956696294697
3,30,17.19376968507127
3,31,13.706225150175115
3,32,15.509264133606834
3,33,13.990637554422117
3,34,15.854685117382974
3,35,16.017831867345453
3,36,15.98891869196414
3,37,19.251797727931923
3,38,21.073086534643426
3,39,22.46476540547653
3,40,19.10936987991527
3,41,17.669070450359982
3,42,20.81309789635774
3,43,19.514101874327064
3,44,20.032131734963336
3,45,16.886586902658355
3,46,14.736019837240995
3,47,17.436687583703275
3,48,17.393612477682456
3,49,14.240638901309469
3,50,15.195554819821579
3,51,18.89283645195656
3,52,20.545516652579675
3,53,17.912343929692888
3,54,19.118377872862737
3,55,19.864520466008802
3,56,20.699427181170396
3,57,24.41095608122027
3,58,24.574859328732256
3,59,24.781675392350664
3,60,22.499080414685324
3,61,20.86905867783994
3,62,23.14557624783286
3,63,24.41631250214129
3,64,27.885418145849222
3,65,29.675903815045146
3,66,31.464646323046153
3,67,31.830781025799585
3,68,31.632678874858705
3,69,33.733089056948806
3,70,31.49778898156227
3,71,32.54007586011998
3,72,29.902072325978725
3,73,27.060000973613484
3,74,23.705980887060303
3,75,20.433759214108914
3,76,16.724084142427454
3,77,14.693942713221873
3,78,11.681581985227181
3,79,11.300066553687834
3,80,11.353010258947318
3,81,11.428305403480143
3,82,12.857586118976066
3,83,11.18145909190208
4,1,8.841160642552333
4,2,5.406694271723308
4,3,3.8101546345571378
4,5,3.8009246114850175
4,6,6.664391599085126
4,7,10.03539832668962
4,8,13.325665517630773
4,9,12.63561034164657
4,10,9.99976661767345
4,11,6.422168968560356
4,12,5.470618817684103
4,13,4.880564948695195
4,14,6.730232593787514
4,15,10.195447993472602
4,16,12.246141596798976
4,17,15.509163809085987
4,18,17.759626552667786
4,19,19.260214232821923
4,20,21.761337466461725
4,21,20.71421468417415
4,22,22.146454722100824
4,23,20.487097825832976
4,24,17.004943854182624
4,25,18.0138132110319
4,26,19.468706377760338
4,27,16.441651607679564
4,28,14.2967251161033
4,29,17.431247042995576
4,30,17.607663117262675
4,31,14.341482782662377
4,32,15.910635432718186
4,33,13.548942653622152
4,34,14.5111747658683
4,35,13.902918920662366
4,36,13.274279937900676
4,37,16.512007128610506
4,38,17.89094635188514
4,39,19.40919217153701
4,40,16.21405522700871
4,41,14.329998295193967
4,42,17.350703868827665
4,43,16.013967754765815
4,44,16.367816236186
4,45,13.318448225859038
4,46,11.023617192078019
4,47,13.640089091903306
4,48,13.635539427502028
4,49,10.525979444559036
4,50,11.553512095838588
4,51,15.24267853330954
4,52,17.165664512430645
4,53,14.802331178930903
4,54,16.317054359239616
4,55,16.97949627530499
4,56,18.276244981891775
4,57,21.83894365643198
4,58,22.011343718096573
4,59,21.799759688221425
4,60,19.289242376915805
4,61,17.408309383349845
4,62,19.48255929239844
4,63,20.635445006777804
4,64,24.142775454908385
4,65,26.0430332193142
4,66,28.053730710372236
4,67,28.526939908659187
4,68,28.539803429720262
4,69,30.812430872240473
4,70,28.700432837224028
4,71,30.0533046889242
4,72,27.703823466998458
4,73,24.605564904490706
4,74,21.442759241164516
4,75,17.92551355845337
4,76,14.326624215068303
4,77,12.26737307356059
4,78,9.198087409980914
4,79,9.75287084570983
4,80,9.787301708087293
4,81,10.916589022978235
4,82,12.516580451470038
4,83,11.610033176871944
5,1,10.472981512536004
5,2,6.90716794394471
5,3,7.134351103101925
5,4,3.8009246114850175
5,6,3.7998701430834942
5,7,6.633775029747715
5,8,10.246281022953843
5,9,10.442714887495006
5,10,8.212513938579825
5,11,5.6393681404548754
5,12,4.881565542981344
5,13,6.719709508441801
5,14,8.445729531998357
5,15,12.185803902785924
5,16,14.128521668709144
5,17,17.449402140038597
5,18,19.0530306425608
5,19,20.40732451247321
5,20,22.449490647328794
5,21,20.94957683502075
5,22,22.67659844092892
5,23,21.618195926910403
5,24,17.907519625671192
5,25,18.537625395709295
5,26,20.597466695252557
5,27,18.052632719777648
5,28,15.423381179932433
5,29,18.45358829171432
5,30,19.36122763518336
5,31,16.153924979889823
5,32,17.00744161921711
5,33,14.116680722596817
5,34,14.342784051873906
5,35,13.380616090146074
5,36,11.735584529126156
5,37,14.452215949870697
5,38,15.41162967989236
5,39,16.505214297115852
5,40,13.225840962433349
5,41,11.17495854230532
5,42,13.938625179099725
5,43,12.390823540449984
5,44,13.031687491447899
5,45,10.113250737794893
5,46,7.779253767131639
5,47,10.883299031997934
5,48,11.350028529243088
5,49,8.92112172866354
5,50,9.90044461113587
5,51,13.539680529530376
5,52,16.11172505516703
5,53,14.188539040348347
5,54,15.718674373956947
5,55,15.715195771942396
5,56,17.187314347060248
5,57,20.565045786784083
5,58,21.183548098053173
5,59,20.575078239429757
5,60,18.02812266418646
5,61,15.540153297524476
5,62,17.299666974258365
5,63,17.999081703826814
5,64,21.571944575039428
5,65,23.4567544324673
5,66,26.38075912595131
5,67,27.20358383191785
5,68,27.389088410003247
5,69,30.021589148879528
5,70,28.269813704204413
5,71,30.067955474021353
5,72,28.11908876450282
5,73,24.741926700332066
5,74,21.959357978171372
5,75,18.260741601472944
5,76,15.019352687816424
5,77,12.69651409162801
5,78,9.456826079317766
5,79,10.341305560288278
5,80,9.40497811905684
5,81,10.791060954497578
5,82,11.716921326083142
5,83,11.159768117504786
6,1,9.805299395631739
6,2,6.746026389542892
6,3,8.79990168475293
6,4,6.664391599085126
6,5,3.7998701430834942
6,7,3.8039431430575124
6,8,6.950746201272546
6,9,6.994482811331367
6,10,5.783317995869895
6,11,4.70058360577743
6,12,6.267416859559789
6,13,9.122305018890136
6,14,11.659872668319286
6,15,15.25144259549676
6,16,17.5898552591438
6,17,20.699804928039946
6,18,22.187852629370067
6,19,23.132335117911882
6,20,24.839034076304525
6,21,22.887732433499163
6,22,24.3318641588032
6,23,23.613818063411554
6,24,19.924366150140557
6,25,19.87388769480751
6,26,21.949038359101714
6,27,19.728847671468497
6,28,16.619408013857104
6,29,19.099649541471376
6,30,20.305169542527036
6,31,16.903382303541836
6,32,16.97088839948262
6,33,14.221435206942784
6,34,14.580016585645547
6,35,14.257936116189306
6,36,12.255393810119054
6,37,14.263257531265403
6,38,15.48197523931614
6,39,15.716790428327222
6,40,12.053512592881285
6,41,10.852003403030986
6,42,13.488274891544023
6,43,12.011690373846347
6,44,13.566937401908962
6,45,11.047124925584342
6,46,8.929122294172227
6,47,12.366385005568544
6,48,13.542552252978798
6,49,11.799027178780877
6,50,12.282777131654925
6,51,15.807011650152864
6,52,18.61020092800834
6,53,16.69190094978076
6,54,17.66673909022197
6,55,16.89266023420259
6,56,17.805113819682212
6,57,21.171247688250453
6,58,22.42451311005425
6,59,21.97826810606931
6,60,19.828201534748516
6,61,17.036894126955
6,62,18.810654583707553
6,63,19.212294361926137
6,64,22.661404258462394
6,65,24.19829002732854
6,66,27.953674426784808
6,67,29.09890143501686
6,68,29.117426441511753
6,69,31.99505484894155
6,70,30.588602009259287
6,71,32.55511327895875
6,72,30.73052156876013
6,73,27.30433718808305
6,74,24.740117336987755
6,75,21.0989374507761
6,76,18.059176021198745
6,77,15.28949212731522
6,78,11.749596691315432
6,79,11.730898787431688
6,80,9.555497098748997
6,81,9.893145658667443
6,82,9.564046368051802
6,83,8.653082237340918
7,1,13.15909710082876
7,2,10.28322999853002
7,3,12.475306649376474
7,4,10.03539832668962
7,5,6.633775029747715
7,6,3.8039431430575124
7,8,3.820345612715465
7,9,5.733488580395902
7,10,5.506919072654152
7,11,6.675769592063377
7,12,7.922520750159074
7,13,11.502085041672395
7,14,13.784409459263557
7,15,17.2334749557593
7,16,19.558692342059988
7,17,22.492427190544642
7,18,23.42208633606265
7,19,24.061992262475083
7,20,25.254476889279886
7,21,22.888452276658093
7,22,24.443000948690653
7,23,24.31939775772208
7,24,20.60502937661434
7,25,20.121237299787076
7,26,22.627646019301675
7,27,20.95953390252482
7,28,17.586926029989208
7,29,19.79710237323801
7,30,21.63574468278709
7,31,18.501757889985207
7,32,17.939629434790575
7,33,14.884309393505072
7,34,14.47745993981677
7,35,13.960506611314871
7,36,11.20613039507139
7,37,12.261652785253958
7,38,13.134803165099964
7,39,12.67446906934661
7,40,8.980275837610682
7,41,8.209704399157188
7,42,10.488635275995174
7,43,9.32230265720764
7,44,11.718330283187004
7,45,10.116659519048698
7,46,7.992477370445955
7,47,11.181722283848627
7,48,13.180991084346541
7,49,12.249404484390466
7,50,12.118439155796032
7,51,15.213230733897841
7,52,18.260825013640076
7,53,16.689958375087123
7,54,17.337660559924526
7,55,15.831538541058888
7,56,16.640587093399734
7,57,19.661993493922328
7,58,21.408258328136572
7,59,20.75070629950008
7,60,18.866237109352934
7,61,15.720538872197174
7,62,17.27558991587994
7,63,17.35581170385307
7,64,20.58627652039725
7,65,21.816891438845794
7,66,26.362850104261426
7,67,27.846509969039502
7,68,27.863668098065478
7,69,31.019641787195038
7,70,30.040420084780624
7,71,32.33663946581368
7,72,30.88004102568503
7,73,27.322449855269724
7,74,25.192828023204104
7,75,21.596609684214222
7,76,19.032052533790004
7,77,16.093323701738935
7,78,12.736597647102556
7,79,12.781091159894915
7,80,10.03573548674709
7,81,10.562541521088276
7,82,9.630125044002934
7,83,9.695871035312297
8,1,14.765379957209559
8,2,12.452383107932128
8,3,15.25688088885769
8,4,13.325665517630773
8,5,10.246281022953843
8,6,6.950746201272546
8,7,3.820345612715465
8,9,3.81687355443728
8,10,5.725311618064905
8,11,8.602092938713994
8,12,10.606254385538067
8,13,14.289037799722475
8,14,16.912403797315253
8,15,20.12983791939006
8,16,22.744719961129015
8,17,25.415565723208847
8,18,26.197996481330012
8,19,26.411270939080676
8,20,27.23525065949411
8,21,24.497714435168447
8,22,25.72203409183055
8,23,25.966581268012433
8,24,22.40437865905736
8,25,21.299194202532384
8,26,23.76561082728392
8,27,22.528470277705683
8,28,18.89776125568419
8,29,20.480539299254236
8,30,22.62442033756879
8,31,19.574952096692435
8,32,18.269172433914683
8,33,15.476789791807104
8,34,15.043432029262126
8,35,15.134585334311302
8,36,12.379297102398601
8,37,12.475861368963029
8,38,13.638202076960786
8,39,12.211679817769259
8,40,8.538865487694768
8,41,9.31300144081452
8,42,11.1899645894821
8,43,10.738792531760023
8,44,13.868704401624047
8,45,13.01630171758417
8,46,11.094153762046272
8,47,13.838738038308307
8,48,16.32515375941962
8,49,15.68792245316016
8,50,15.051160247798581
8,51,17.895161583299007
8,52,20.83715910818014
8,53,19.222354346121712
8,54,19.26845063590549
8,55,17.13970734687523
8,56,17.270988686981156
8,57,20.07973665677549
8,58,22.398954482698212
8,59,22.001934429830207
8,60,20.667895416213742
8,61,17.528297719181772
8,62,19.15193379832104
8,63,19.144991849284448
8,64,21.99230840586076
8,65,22.679986899580364
8,66,27.747366744339462
8,67,29.48600880752903
8,68,29.24152288131272
8,69,32.543812185535586
8,70,31.929121265512666
8,71,34.313900075537205
8,72,32.98360649699116
8,73,29.466758232739036
8,74,27.590775456926824
8,75,24.16382689043968
8,76,21.848398454179858
8,77,18.630817208232113
8,78,15.265376433560704
8,79,14.646600997579219
8,80,11.284961196492088
8,81,10.949555928941285
8,82,8.871949326775624
8,83,9.279297405563549
9,1,12.304195732504644
9,2,10.453916206915952
9,3,13.709420822496002
9,4,12.63561034164657
9,5,10.442714887495006
9,6,6.994482811331367
9,7,5.733488580395902
9,8,3.81687355443728
9,10,3.8055371705171637
9,11,6.990219275030015
9,12,10.03560029707128
9,13,13.317259859748203
9,14,16.534197563028197
9,15,19.544025048575982
9,16,22.558271526510794
9,17,25.036906109164224
9,18,26.20710301806348
9,19,26.219439164326914
9,20,27.208657630445465
9,21,24.519641674083683
9,22,25.251804170716547
9,23,25.200588626288045
9,24,21.80713163290342
9,25,20.4988101397783
9,26,22.448261654273402
9,27,21.07500011407423
9,28,17.400028339323363
9,29,18.61971823076742
9,30,20.435941690378094
9,31,17.19324867706755
9,32,15.710612760942524
9,33,13.465033470100353
9,34,13.88972407267603
9,35,14.857529358404664
9,36,12.938321552873688
9,37,13.541037160248585
9,38,15.572709335848387
9,39,14.528439262617193
9,40,10.787300005880764
9,41,11.899337791508248
9,42,14.419578119414874
9,43,14.191632922264148
9,44,17.117549618609992
9,45,15.83011241380484
9,46,13.527101701279847
9,47,16.34275781923751
9,48,18.678472210114112
9,49,17.338147886759423
9,50,16.598368857676455
9,51,19.843927485735747
9,52,22.419517966410844
9,53,20.238985570357443
9,54,19.97326889285519
9,55,18.062108279687195
9,56,17.64847385027156
9,57,20.810974352151753
9,58,23.056514784140134
9,59,23.24106492540119
9,60,22.118171696736656
9,61,19.382828006914078
9,62,21.53074403015891
9,63,22.023806589655283
9,64,24.873662301065714
9,65,25.437302443634213
9,66,29.84758185925892
9,67,31.391225438351327
9,68,30.8095827327169
9,69,33.91095881164732
9,70,33.11587556936206
9,71,35.172889668477076
9,72,33.49389907668188
9,73,30.165135233679617
9,74,28.033658873102112
9,75,24.724917736621244
9,76,22.156730733027292
9,77,18.72019013386383
9,78,15.099231089934214
9,79,13.635709875989773
9,80,10.066239837584911
9,81,8.545784580366998
9,82,5.722953476497237
9,83,5.622570860202992
10,1,11.414692287127359
10,2,8.721537964770173
10,3,11.357351578026153
10,4,9.99976661767345
10,5,8.212513938579825
10,6,5.783317995869895
10,7,5.506919072654152
10,8,5.725311618064905
10,9,3.8055371705171637
10,11,3.793139789828291
10,12,6.513827603925372
10,13,9.775669487186514
10,14,13.007351619462126
10,15,15.847715031855632
10,16,18.970261289749704
10,17,21.310440829730247
10,18,22.50038054117649
10,19,22.478730330212702
10,20,23.5802061278286
10,21,21.02926620082149
10,22,21.78036411594056
10,23,21.53558905843525
10,24,18.105279446212563
10,25,17.00029340330807
10,26,18.949299779244214
10,27,17.415349507659208
10,28,13.794582953769897
10,29,15.366874375954561
10,30,17.14256516053368
10,31,13.933538906887094
10,32,12.854803713859365
10,33,10.212579939208094
10,34,10.624190868680271
10,35,11.453968474242398
10,36,9.919336714716836
10,37,11.33498041054927
10,38,13.711219515164213
10,39,13.578711754342995
10,40,9.862171711717469
10,41,10.48606119731529
10,42,13.716950260796693
10,43,13.776855270774693
10,44,16.349730618000375
10,45,14.909087341816525
10,46,11.96182615980798
10,47,14.469982549748329
10,48,16.774607023962183
10,49,14.857580522894793
10,50,13.809940065494084
10,51,17.261274301608246
10,52,19.487961860292025
10,53,16.980884867669257
10,54,16.660651734871102
10,55,15.108219178132115
10,56,14.792851205511168
10,57,18.23471503630404
10,58,20.096999036964593
10,59,20.44224171597514
10,60,19.241702221401265
10,61,16.831583044577545
10,62,19.361579720139684
10,63,20.390244343197732
10,64,23.279724708497643
10,65,23.92400528992581
10,66,27.500708938143177
10,67,28.79297986126763
10,68,28.100100566014554
10,69,31.008613477333277
10,70,29.98331462740151
10,71,31.847375932124436
10,72,29.994459079235618
10,73,26.738229301982418
10,74,24.463427593230048
10,75,21.198727479514815
10,76,18.559090155406075
10,77,15.06756115807595
10,78,11.411143890072541
10,79,9.841876714347872
10,80,6.3520651563849
10,81,5.40343922851754
10,82,4.2121472109284435
10,83,5.29498887552816
11,1,9.065710214033123
11,2,5.71314261497143
11,3,7.716566507446137
11,4,6.422168968560356
11,5,5.6393681404548754
11,6,4.70058360577743
11,7,6.675769592063377
11,8,8.602092938713994
11,9,6.990219275030015
11,10,3.793139789828291
11,12,3.8072313754919294
11,13,6.418316273586487
11,14,9.867876748524873
11,15,12.863394262955438
11,16,15.935457637017977
11,17,18.4740417284658
11,18,20.10623089399341
11,19,20.4848725331436
11,20,22.12075147676375
11,21,20.070361923330758
11,22,20.943137365110978
11,23,20.08497820404086
11,24,16.594111723617267
11,25,16.190333939899556
11,26,17.861176530651562
11,27,15.669853241060531
11,28,12.419898926900657
11,29,14.636801087758155
11,30,15.751922544392983
11,31,12.306367561422778
11,32,12.288959061374822
11,33,9.704226765119227
11,34,10.676047812640348
11,35,11.162476769635017
11,36,10.242094854917118
11,37,12.734194589020795
11,38,14.968416169888984
11,39,15.674442593008784
11,40,12.108299514980793
11,41,11.686626810690793
11,42,15.114447958910102
11,43,14.714388625866965
11,44,16.528206878285697
11,45,14.431023164857844
11,46,11.425434675459549
11,47,14.043405217840197
11,48,15.659770010776267
11,49,13.109049903367218
11,50,12.551335840698396
11,51,16.305127007970903
11,52,18.337115548106397
11,53,15.623393450592424
11,54,15.808907120741598
11,55,15.126612800828182
11,56,15.307355686418953
11,57,18.983040168635505
11,58,20.164097135594837
11,59,20.47812898874748
11,60,18.83952545548924
11,61,16.70677321340462
11,62,19.29843937155276
11,63,20.55819115042565
11,64,23.70136901089027
11,65,24.772156501098937
11,66,27.594827138807922
11,67,28.5428216869229
11,68,27.989754208750472
11,69,30.62992063847602
11,70,29.15848045627798
11,71,30.758863479951806
11,72,28.615736016640465
11,73,25.44051116528995
11,74,22.76596816331358
11,75,19.415227362418648
11,76,16.351835993577964
11,77,13.110952852447474
11,78,9.336182396734353
11,79,8.03111537310361
11,80,5.622738131504152
11,81,5.459683815633115
11,82,6.24194398769553
11,83,6.181535885961051
12,1,11.55721055760057
12,2,7.805133179520292
12,3,8.031145536925258
12,4,5.470618817684103
12,5,4.881565542981344
12,6,6.267416859559789
12,7,7.922520750159074
12,8,10.606254385538067
12,9,10.03560029707128
12,10,6.513827603925372
12,11,3.8072313754919294
12,13,3.8119008391334814
12,14,6.531582871410992
12,15,9.633006648114423
12,16,12.522725016189666
12,17,15.123241170776422
12,18,16.52386854881586
12,19,17.10041075903764
12,20,18.832834347393227
12,21,17.002289756351622
12,22,18.30476133756211
12,23,17.375895492139424
12,24,13.709124192891027
12,25,13.89577116802215
12,26,15.920560222967437
12,27,13.623860180135859
12,28,10.702599210303784
12,29,13.649175316713213
12,30,14.867012299038802
12,31,11.87032109045749
12,32,12.548361137216764
12,33,9.3997009359247
12,34,9.534470186507344
12,35,8.877553901521313
12,36,8.047977068602048
12,37,11.244111215722675
12,38,13.123284670169403
12,39,14.679086289921546
12,40,11.586145529976475
12,41,10.341148577583503
12,42,13.908125186991025
12,43,13.692887489898679
12,44,14.953248547499891
12,45,12.960556102143453
12,46,9.575115444840362
12,47,11.537693459344665
12,48,13.001330213137354
12,49,10.02775676267519
12,50,9.186078783459495
12,51,12.984114770128686
12,52,14.746594473463238
12,53,11.953281370541417
12,54,12.457795577478525
12,55,12.324844848561524
12,56,13.145210397728274
12,57,16.782836296509313
12,58,17.430627821429187
12,59,17.514305723574203
12,60,15.571086106487883
12,61,13.675707831291488
12,62,16.357557022392267
12,63,17.970268761803375
12,64,21.104783445532895
12,65,22.35791058917709
12,66,24.50662230097969
12,67,25.244027761580533
12,68,24.802648581539913
12,69,27.31208087933923
12,70,25.652604773403844
12,71,27.228378375758098
12,72,25.09616135262028
12,73,21.86974082691487
12,74,19.140341568513765
12,75,15.701903858248228
12,76,12.616190105632716
12,77,9.484635557053162
12,78,5.75471617747261
12,79,5.610437467817661
12,80,4.705930404320381
12,81,6.899954359723057
12,82,9.056964205097692
12,83,9.84631116426783
13,1,11.46915365987394
13,2,8.010257643053027
13,3,6.590035709462875
13,4,4.880564948695195
13,5,6.719709508441801
13,6,9.122305018890136
13,7,11.502085041672395
13,8,14.289037799722475
13,9,13.317259859748203
13,10,9.775669487186514
13,11,6.418316273586487
13,12,3.8119008391334814
13,14,3.802010069184654
13,15,6.576641318393042
13,16,9.679449627020084
13,17,12.22185221229868
13,18,14.273189542362076
13,19,15.119776248836656
13,20,17.43848296223925
13,21,16.26526310395557
13,22,17.401369652868286
13,23,15.723978230791623
13,24,12.276920436173045
13,25,13.211992485200273
13,26,14.598686121353719
13,27,11.640143011073338
13,28,9.512541829646294
13,29,12.850257569986912
13,30,13.18800923650713
13,31,10.290932730567349
13,32,12.108455781428122
13,33,9.545411020791718
13,34,10.363866673225008
13,35,9.781118447735219
13,36,10.210190279798967
13,37,13.838446249095185
13,38,15.760336509769987
13,39,17.843375477188737
13,40,15.057857046385518
13,41,13.613500932886176
13,42,17.129353030352174
13,43,16.83999174742105
13,44,17.526364012319426
13,45,15.245908416573133
13,46,12.072372610853884
13,47,13.643278648579802
13,48,14.375792292680698
13,49,10.814355892828033
13,50,10.31429864336344
13,51,13.977784096122084
13,52,15.034179864201715
13,53,11.924073634172181
13,54,12.652298356062763
13,55,13.544147733612823
13,56,14.444404033628002
13,57,18.095163434834607
13,58,18.026963911790197
13,59,18.38057569764707
13,60,16.33649384471604
13,61,15.158001676597017
13,62,17.946676780057267
13,63,19.929669344945008
13,64,23.022670802664233
13,65,24.435471925359394
13,66,25.513377515939464
13,67,25.818262529925434
13,68,25.315138921120745
13,69,27.38608306180161
13,70,25.28372783420203
13,71,26.386507076384294
13,72,23.85250478200393
13,73,20.917359601440804
13,74,17.759178730728088
13,75,14.502310879938557
13,76,11.01043957786792
13,77,8.359226245155382
13,78,5.163556990321457
13,79,5.161283193504634
13,80,6.499482319175031
13,81,8.514751403075811
13,82,11.392732404102793
13,83,11.813019442683274
14,1,14.569873466536091
14,2,11.191609079533889
14,3,8.903165976831746
14,4,6.730232593787514
14,5,8.445729531998357
14,6,11.659872668319286
14,7,13.784409459263557
14,8,16.912403797315253
14,9,16.534197563028197
14,10,13.007351619462126
14,11,9.867876748524873
14,12,6.531582871410992
14,13,3.802010069184654
14,15,3.7713957655237342
14,16,6.096348072142167
14,17,9.076072866129497
14,18,11.07084809387598
14,19,12.583925855400363
14,20,15.26167832394856
14,21,14.714458367792405
14,22,16.409125833890545
14,23,14.511930454803462
14,24,11.108322862673637
14,25,13.05315318446932
14,26,14.61816567633342
14,27,11.603160214407483
14,28,10.431419906767117
14,29,14.175607463997197
14,30,14.407924399271161
14,31,12.267218613917555
14,32,14.576126533272296
14,33,11.94700099983639
14,34,12.027810940447024
14,35,10.408333260370108
14,36,10.942279977813419
14,37,14.692400036804525
14,38,15.976276982320607
14,39,18.640466727879943
14,40,16.394419421726635
14,41,14.313291897750164
14,42,17.520298156219496
14,43,17.20177796893719
14,44,17.16240637061472
14,45,14.979857995627864
14,46,12.017811130570712
14,47,12.787015102260465
14,48,12.87819510997954
14,49,9.062245624954524
14,50,8.770468982952993
14,51,11.975973337874613
14,52,12.509366387093927
14,53,9.571844648800681
14,54,11.076875835169949
14,55,12.914634274389138
14,56,14.577032390244844
14,57,17.87082016893569
14,58,17.078157715389782
14,59,17.053477562979015
14,60,14.588376568556523
14,61,13.859062027119503
14,62,16.40448581165954
14,63,18.590000490556704
14,64,21.613375384234605
14,65,23.319343887237565
14,66,23.569608320222816
14,67,23.543730520513872
14,68,23.30440977207477
14,69,25.111009397582208
14,70,22.686655937583257
14,71,23.679141052264242
14,72,21.1282287859405
14,73,18.20752443281928
14,74,14.872864251409988
14,75,11.534760427738103
14,76,7.8280432617799445
14,77,6.1753797897986695
14,78,4.526333912340892
14,79,6.671710974129822
14,80,9.157049555170499
14,81,11.890727523598803
14,82,14.933326953193056
14,83,15.558169570667545
15,1,17.20709553267261
15,2,14.132598110180941
15,3,11.601871025595708
15,4,10.195447993472602
15,5,12.185803902785924
15,6,15.25144259549676
15,7,17.2334749557593
15,8,20.12983791939006
15,9,19.544025048575982
15,10,15.847715031855632
15,11,12.863394262955438
15,12,9.633006648114423
15,13,6.576641318393042
15,14,3.7713957655237342
15,16,3.8067496218050163
15,17,5.646673467364777
15,18,8.055340693361662
15,19,9.444802298779221
15,20,12.514664710216783
15,21,12.626491369554142
15,22,14.075613033552251
15,23,11.624931434554918
15,24,8.707282137203858
15,25,11.388978307188074
15,26,12.41020728280374
15,27,9.254843452109872
15,28,9.314622176863622
15,29,13.035938452745986
15,30,12.809128332032454
15,31,11.551656293385433
15,32,14.40048072670004
15,33,12.252738156023351
15,34,12.322886823273434
15,35,10.738722343169872
15,36,12.334208801754098
15,37,16.065270606799984
15,38,17.487934790298937
15,39,20.538949492583363
15,40,18.7305805770844
15,41,16.878722658866145
15,42,20.096332134085344
15,43,20.211542012366895
15,44,20.088990253655627
15,45,18.22500236406243
15,46,15.223471398694384
15,47,15.331655712641513
15,48,15.413787673818314
15,49,11.663505733960582
15,50,10.833016462391589
15,51,13.353820945562648
15,52,12.776203781467801
15,53,9.578798631008743
15,54,10.603414319380354
15,55,13.18587831493706
15,56,14.627216511750014
15,57,17.664537190389385
15,58,16.216342633546244
15,59,16.64106033496765
15,60,14.528574179171711
15,61,14.781572621959523
15,62,17.54440355283964
15,63,20.23985026099061
15,64,22.862178877106647
15,65,24.343426914818494
15,66,23.366787092495372
15,67,22.931144838646052
15,68,22.38331908117164
15,69,23.68664109306104
15,70,20.982324245464973
15,71,21.435153403046627
15,72,18.51939118114024
15,73,16.017653626390377
15,74,12.432372703147962
15,75,9.671470510061873
15,76,6.086371773017023
15,77,5.358226203459676
15,78,5.764242357323887
15,79,7.47246233018167
15,80,10.910144679423635
15,81,13.645828900674633
15,82,17.122576046882216
15,83,18.08415059198545
16,1,19.816729113162875
16,2,16.801238866103382
16,3,13.859819262296467
16,4,12.246141596798976
16,5,14.128521668709144
16,6,17.5898552591438
16,7,19.558692342059988
16,8,22.744719961129015
16,9,22.558271526510794
16,10,18.970261289749704
16,11,15.935457637017977
16,12,12.522725016189666
16,13,9.679449627020084
16,14,6.096348072142167
16,15,3.8067496218050163
16,17,3.823078828493798
16,18,6.309191102821792
16,19,9.103645820952464
16,20,12.540643773832112
16,21,13.546196130503924
16,22,15.539137538219677
16,23,13.031406802905535
16,24,10.605056575957752
16,25,13.903592942820055
16,26,14.981310802886703
16,27,12.086987076431024
16,28,12.758145564022925
16,29,16.414132629492833
16,30,16.083534916339598
16,31,15.184098902612586
16,32,18.134631603266
16,33,15.979972372141917
16,34,15.713828800128736
16,35,13.604988744638684
16,36,14.835082121518125
16,37,18.41426724039468
16,38,19.191746009569282
16,39,22.468208357764734
16,40,20.976212003787566
16,41,18.6269421090409
16,42,21.41883140842433
16,43,21.287951213528668
16,44,20.491404052188095
16,45,18.63902373866215
16,46,16.138107269663745
16,47,15.778619962586674
16,48,15.078240996243284
16,49,11.556189036948368
16,50,11.352424800273148
16,51,13.070075012908934
16,52,12.044127791371322
16,53,9.662822274068388
16,54,11.604473401310893
16,55,14.769291213705365
16,56,16.84257728749324
16,57,19.416961105800493
16,58,17.43217056996461
16,59,17.31339587109368
16,60,14.779832278068952
16,61,15.339278217862647
16,62,17.513922641669236
16,63,20.107376362140528
16,64,22.655127798953917
16,65,24.50831814014018
16,66,22.869386196251284
16,67,22.079034914589208
16,68,21.979964132397498
16,69,22.950978641046298
16,70,19.882460494427516
16,71,20.182380842519702
16,72,17.32311172869663
16,73,14.957557773950473
16,74,11.247931007153523
16,75,8.64829253244902
16,76,5.3145413963988934
16,77,6.9264332798775525
16,78,8.532755997119217
16,79,11.027018187938335
16,80,14.359382887714418
16,81,17.279656307735614
16,82,20.643257354372487
16,83,21.46380230394845
17,1,22.505302609397763
17,2,19.61944460875361
17,3,16.77371648362021
17,4,15.509163809085987
17,5,17.449402140038597
17,6,20.699804928039946
17,7,22.492427190544642
17,8,25.415565723208847
17,9,25.036906109164224
17,10,21.310440829730247
17,11,18.4740417284658
17,12,15.123241170776422
17,13,12.22185221229868
17,14,9.076072866129497
17,15,5.646673467364777
17,16,3.823078828493798
17,18,3.8098829310114506
17,19,6.283732431224456
17,20,10.020722538342518
17,21,11.82507171226485
17,22,13.424984017676634
17,23,10.524653503812436
17,24,9.081643191777475
17,25,12.767364222478871
17,26,13.26991356047284
17,27,10.72238982104677
17,28,12.463165669810092
17,29,15.719686801499059
17,30,15.132735855716602
17,31,15.154445217308423
17,32,18.238436809369603
17,33,16.514369085843615
17,34,16.168871017774354
17,35,14.231336273223295
17,36,16.20385875949863
17,37,19.613429963608294
17,38,20.577691942793685
17,39,24.06120066182478
17,40,22.928592340299076
17,41,20.921201521836423
17,42,23.770631609015417
17,43,24.10792716391205
17,44,23.467638585027387
17,45,21.96051838884929
17,46,19.271574771078186
17,47,18.513008934836527
17,48,18.134162060131402
17,49,14.770313784235263
17,50,13.910852028246667
17,51,15.157729089409541
17,52,13.264186391097134
17,53,10.779130443076125
17,54,11.850897395393376
17,55,15.323373894365005
17,56,16.997849672952995
17,57,19.215792032262765
17,58,16.73198372109213
17,59,17.13290788215913
17,60,15.200994470682785
17,61,16.616798075922716
17,62,19.016344384187686
17,63,22.029863336065144
17,64,24.111463663732195
17,65,25.586110550125696
17,66,22.86094986925787
17,67,21.72019329942721
17,68,21.190833994535822
17,69,21.61570074144633
17,70,18.374552590775412
17,71,18.03053081312075
17,72,14.779617262607786
17,73,13.041379133801781
17,74,9.239539749748365
17,75,7.848873961560526
17,76,5.748176802110604
17,77,7.89130814116036
17,78,10.38522204804435
17,79,12.290511988031795
17,80,15.972553479492621
17,81,18.83464221142776
17,82,22.45692938370525
17,83,23.63141590084993
18,1,25.252755601884846
18,2,22.08679146648398
18,3,19.555121961464973
18,4,17.759626552667786
18,5,19.0530306425608
18,6,22.187852629370067
18,7,23.42208633606265
18,8,26.197996481330012
18,9,26.20710301806348
18,10,22.50038054117649
18,11,20.10623089399341
18,12,16.52386854881586
18,13,14.273189542362076
18,14,11.07084809387598
18,15,8.055340693361662
18,16,6.309191102821792
18,17,3.8098829310114506
18,19,3.8092453699374538
18,20,7.134341040566967
18,21,9.410490229705047
18,22,11.660959665222355
18,23,9.49392688310408
18,24,8.376704886061741
18,25,12.146404125162693
18,26,13.240126256047322
18,27,11.653577179063118
18,28,13.370976318237888
18,29,16.436267024781102
18,30,16.53815472162853
18,31,17.00986173847554
18,32,19.628238397584774
18,33,17.58832675140356
18,34,16.440863861132495
18,35,13.949185079998678
18,36,15.799869280704222
18,37,18.781298766820036
18,38,19.310924342866883
18,39,23.006344643008696
18,40,22.478037712367883
18,41,20.474696679160637
18,42,23.009113003812587
18,43,23.750674803595235
18,44,23.03243034026933
18,45,22.115560225709718
18,46,19.439267319080713
18,47,17.952845482595485
18,48,17.802459049394276
18,49,14.901482281052122
18,50,13.466310687652598
18,51,13.837482772513328
18,52,11.164942501494062
18,53,9.144129799212179
18,54,9.98841281960012
18,55,13.722230311372222
18,56,15.657315331757081
18,57,17.22170826892611
18,58,14.277575622202555
18,59,14.445589538070701
18,60,12.703447153909615
18,61,14.782216484758656
18,62,17.01618601674038
18,63,20.27449607397074
18,64,21.869777935113795
18,65,23.13451007123011
18,66,19.608885124508618
18,67,18.252497840859867
18,68,17.67659185610409
18,69,17.8918396621241
18,70,14.586976306684043
18,71,14.266522958236008
18,72,11.143902385993544
18,73,9.269402810663706
18,74,5.4757082399966714
18,75,4.739206412060221
18,76,4.621063161247261
18,77,7.680297945828931
18,78,11.111297516971371
18,79,13.381599946926885
18,80,16.954072075437633
18,81,20.184123840730685
18,82,23.785331682179887
18,83,25.42032184530912
19,1,26.202903761669212
19,2,23.04921424747529
19,3,20.921774349350112
19,4,19.260214232821923
19,5,20.40732451247321
19,6,23.132335117911882
19,7,24.061992262475083
19,8,26.411270939080676
19,9,26.219439164326914
19,10,22.478730330212702
19,11,20.4848725331436
19,12,17.10041075903764
19,13,15.119776248836656
19,14,12.583925855400363
19,15,9.444802298779221
19,16,9.103645820952464
19,17,6.283732431224456
19,18,3.8092453699374538
19,20,3.766461149675646
19,21,6.311437040116773
19,22,8.036402360588712
19,23,5.969295180837029
19,24,5.783329639784086
19,25,9.375198505981349
19,26,10.272069900838522
19,27,9.573772371191163
19,28,11.679556126493
19,29,14.159776782192672
19,30,14.545732874993238
19,31,15.72025389950851
19,32,17.98775786263168
19,33,16.197342497219786
19,34,14.818088596205126
19,35,12.630213741797244
19,36,15.107470239032645
19,37,17.765345138128563
19,38,18.682887680011746
19,39,22.360921792086643
19,40,22.0978121014153
19,41,20.675902410414555
19,42,23.36251202198122
19,43,24.651625255164568
19,44,24.437758761436
19,45,23.852141523191833
19,46,20.81955351177771
19,47,19.23853228230145
19,48,19.787358070105498
19,49,16.936992239875142
19,50,14.757924136823931
19,51,15.175850016889127
19,52,12.308787317529129
19,53,9.850337134090166
19,54,9.17275274221318
19,55,12.608760965787932
19,56,13.786620637083926
19,57,15.077096941444335
19,58,11.980233106448015
19,59,13.019559438338213
19,60,12.278288572819793
19,61,14.852871784813884
19,62,17.563435880399147
19,63,21.147779698089
19,64,22.357194800126784
19,65,22.995866341278365
19,66,19.120722788748722
19,67,17.825986867142955
19,68,16.467065876994063
19,69,16.547303230027243
19,70,13.573718799498895
19,71,12.969959160853502
19,72,9.585557138512069
19,73,8.06232782573337
19,74,4.782504689906206
19,75,5.437870180189755
19,76,6.382196863890645
19,77,8.020539975948683
19,78,11.45206331237288
19,79,12.932925089251333
19,80,16.462114732635875
19,81,19.553566077661436
19,82,23.233263592393744
19,83,25.305703826639558
20,1,28.62465900802791
20,2,25.36219082842053
20,3,23.628768838987764
20,4,21.761337466461725
20,5,22.449490647328794
20,6,24.839034076304525
20,7,25.254476889279886
20,8,27.23525065949411
20,9,27.208657630445465
20,10,23.5802061278286
20,11,22.12075147676375
20,12,18.832834347393227
20,13,17.43848296223925
20,14,15.26167832394856
20,15,12.514664710216783
20,16,12.540643773832112
20,17,10.020722538342518
20,18,7.134341040566967
20,19,3.766461149675646
20,21,3.8078850420267827
20,22,5.737443767543475
20,23,5.5124728230621765
20,24,6.315528332405632
20,25,8.818920309480543
20,26,10.113751954631192
20,27,10.784090528776758
20,28,12.637396055483773
20,29,14.456239411616066
20,30,15.522384695607087
20,31,17.150301714082758
20,32,18.77777117762884
20,33,16.94942708565104
20,34,14.955721906930574
20,35,12.706843603868451
20,36,15.194681705514723
20,37,17.1684632689675
20,38,17.94826191887475
20,39,21.607140776527697
20,40,21.92799459181557
20,41,20.88957768560244
20,42,23.351178940686324
20,43,25.16159091857975
20,44,25.18968512125304
20,45,25.145824681457572
20,46,22.036517225948504
20,47,20.05138526136738
20,48,21.090381253573092
20,49,18.649367243008854
20,50,15.920337941468745
20,51,15.831109558901012
20,52,12.665573146591656
20,53,10.569662889542826
20,54,8.833748147021893
20,55,11.759909422010733
20,56,12.532474578886987
20,57,12.959241549518678
20,58,9.504331956463183
20,59,10.976536389657165
20,60,11.257116771157616
20,61,14.415044665291804
20,62,17.141906596710907
20,63,20.911265328223873
20,64,21.523974223492196
20,65,21.58608623458503
20,66,17.08402416066695
20,67,15.769018106745381
20,68,13.798799327708508
20,69,13.684557162974063
20,70,11.127495577228494
20,71,10.496464128727714
20,72,7.370565448993167
20,73,6.0410012582451005
20,74,4.528936215491801
20,75,6.500996160421925
20,76,8.758727470175431
20,77,9.772511969111756
20,78,13.1529652267539
20,79,14.363453462055114
20,80,17.509284696565818
20,81,20.61792003349901
20,82,24.166476691483744
20,83,26.679665575736507
21,1,27.301387970175135
21,2,23.951381544030273
21,3,22.748520417202485
21,4,20.71421468417415
21,5,20.94957683502075
21,6,22.887732433499163
21,7,22.888452276658093
21,8,24.497714435168447
21,9,24.519641674083683
21,10,21.02926620082149
21,11,20.070361923330758
21,12,17.002289756351622
21,13,16.26526310395557
21,14,14.714458367792405
21,15,12.626491369554142
21,16,13.546196130503924
21,17,11.82507171226485
21,18,9.410490229705047
21,19,6.311437040116773
21,20,3.8078850420267827
21,22,3.800207281077511
21,23,5.504296214200586
21,24,5.122808961990497
21,25,6.221223478916319
21,26,8.627868295775157
