1,2,3.7979465302641775
1,3,6.158958334327425
1,4,8.906008125071986
1,5,10.267117985365418
1,6,9.170615679331043
1,7,12.562567421661347
1,8,14.033026465461255
1,9,11.904766029303737
1,10,11.405830642724643
1,11,8.989236047913696
1,12,11.427295964194093
1,13,11.352634803490194
1,14,14.365458890094237
1,15,16.952698349928436
1,16,19.582687241619343
1,17,22.54987470461056
1,18,25.16758775404302
1,19,25.915357458277768
1,20,28.469196170216193
1,21,27.27732431869623
1,22,28.055115798345263
1,23,26.17166304694512
1,24,23.03270954297648
1,25,23.313545476713077
1,26,23.926823034553873
1,27,20.762303731000177
1,28,18.543922494274614
1,29,20.671708118366794
1,30,20.191061199264716
1,31,16.379929070319793
1,32,17.09835908437448
1,33,16.184819440901045
1,34,18.48519618160132
1,35,19.526094979012026
1,36,19.25857261262657
1,37,22.13230226134042
1,38,24.268669372045572
1,39,25.190493116916002
1,40,21.65337113920819
1,41,20.794379079008372
1,42,24.199033111875075
1,43,24.50831500053043
1,44,21.030725637371383
1,45,19.437255199288455
1,46,17.843625474080863
1,47,21.409123775871514
1,48,21.807580303917323
1,49,18.800507566228468
1,50,19.847926941177217
1,51,23.567300558326792
1,52,25.444976420330313
1,53,22.807237584272798
1,54,23.592545291907612
1,55,23.736064269649752
1,56,24.055458369501633
1,57,27.753809819535274
1,58,28.553673275009196
1,59,28.910821991418494
1,60,27.108771052647636
1,61,25.620553315077466
1,62,28.115846338771828
1,63,29.174771946248484
1,64,37.89793326287943
1,65,37.610212571079494
1,66,34.08086415536286
1,67,34.098756714532584
1,68,34.466918265070866
1,69,31.959007759610152
1,70,28.84348297317351
1,71,25.6023402486846
1,72,21.94346503258413
1,73,19.61152354964224
1,74,16.25224620383807
1,75,15.153891009941448
1,76,13.889914569125803
1,77,12.463231776683864
1,78,12.269868036938869
1,79,9.50005393725057
1,80,11.550904093913205
2,1,3.7979465302641775
2,3,3.805625451570117
2,4,5.459258489624625
2,5,6.750114153216655
2,6,6.297436632853765
2,7,9.922563436472483
2,8,12.080236650811855
2,9,10.34501296618395
2,10,8.879221401564337
2,11,5.798563140996861
2,12,7.720163611588677
2,13,7.861877228105938
2,14,10.935455016902536
2,15,13.835018485722298
2,16,16.551189614501105
2,17,19.63941379517431
2,18,21.96825476384231
2,19,22.719048452520074
2,20,25.16397917211852
2,21,23.888176969879414
2,22,24.924886427095224
2,23,23.214154803244632
2,24,19.880426610742
2,25,20.245637462106295
2,26,21.254073954464292
2,27,18.164597361141567
2,28,15.796037607895565
2,29,18.305353937057774
2,30,18.264290909608018
2,31,14.472525947239594
2,32,15.301344661298508
2,33,13.701854010926375
2,34,15.519871218257284
2,35,16.127625630884427
2,36,15.706098143206702
2,37,18.705977850471943
2,38,20.691420151345785
2,39,21.838860603016588
2,40,18.43939554110528
2,41,17.349167031989225
2,42,20.734427540829845
2,43,21.337248441976392
2,44,17.94328565407808
2,45,16.380700760360032
2,46,14.403107171261107
2,47,17.849085563642394
2,48,18.318835412331097
2,49,15.204601129534723
2,50,16.076756183980976
2,51,19.815115854954755
2,52,21.680246516479635
2,53,19.05741095490125
2,54,19.904277457770412
2,55,20.070683006939575
2,56,20.613258634898063
2,57,24.261094092423104
2,58,25.006814482516447
2,59,25.20787417267147
2,60,23.337644204401435
2,61,21.83456826758491
2,62,24.352465450687404
2,63,25.515673410037987
2,64,34.166639393703655
2,65,33.961528022094704
2,66,30.44596157733257
2,67,30.619698253224733
2,68,31.02413390362175
2,69,28.414171805474048
2,70,25.393271275517538
2,71,22.06259649518978
2,72,18.459800166460102
2,73,16.027074719320684
2,74,12.620216029683196
2,75,11.854911957961507
2,76,10.68576205271394
2,77,10.034923961644413
2,78,10.504962263036967
2,79,8.75993477927566
2,80,11.809903076224037
3,1,6.158958334327425
3,2,3.805625451570117
3,4,3.791582888262253
3,5,6.9814338558977935
3,6,8.414142273404225
3,7,12.13753455659186
3,8,14.955088596164739
3,9,13.679795008735521
3,10,11.627770345062343
3,11,8.016522604923187
3,12,8.188086104983435
3,13,6.81431151521337
3,14,8.845009205149218
3,15,11.565300905455496
3,16,13.745207973670826
3,17,16.980362409326524
3,18,19.559003282766124
3,19,20.786871112353808
3,20,23.60986450520826
3,21,22.867909934923667
3,22,24.1403001120091
3,23,22.05510520880023
3,24,18.807380779123385
3,25,19.880773649702668
3,26,20.82299129057777
3,27,17.42357344207118
3,28,15.69629620468274
3,29,18.686290821530438
3,30,18.316060587230478
3,31,14.729051955375907
3,32,16.41950353921263
3,33,14.753104585873924
3,34,16.38538723537121
3,35,16.396013314950245
3,36,16.249653950969446
3,37,19.624211876460596
3,38,21.240818581406923
3,39,22.928454549151734
3,40,19.863578637871306
3,41,18.183482033444683
3,42,21.270774175883815
3,43,22.234921179354853
3,44,18.844085021788228
3,45,16.752191009127092
3,46,14.556093363065141
3,47,17.64152901759254
3,48,17.39368310952299
3,49,13.992983651135793
3,50,15.222410761795283
3,51,18.795611159013195
3,52,20.28537706241404
3,53,17.73522660903396
3,54,19.04589207689907
3,55,19.910647975948546
3,56,20.92987898959556
3,57,24.50864590437083
3,58,24.70236698540421
3,59,24.63683633994531
3,60,22.40730694003484
3,61,21.285183001766942
3,62,23.769886534932866
3,63,25.205423019422177
3,64,33.31033056060535
3,65,32.949799567685766
3,66,29.293029568562787
3,67,29.45081827315057
3,68,29.40650480990848
3,69,26.706377912658837
3,70,23.441727539361732
3,71,20.133167823131185
3,72,16.39041889126195
3,73,14.606070383097999
3,74,11.75365648062862
3,75,11.762727299961039
3,76,11.762800327315404
3,77,12.053061334205724
3,78,13.43525092997178
3,79,12.251528676543881
3,80,15.45960013833679
4,1,8.906008125071986
4,2,5.459258489624625
4,3,3.791582888262253
4,5,3.7875292883509357
4,6,6.586232965764625
4,7,9.886839628736887
4,8,13.235147203245502
4,9,12.728744231553678
4,10,10.235920671210328
4,11,6.782374422720841
4,12,5.648594492351194
4,13,5.102722068757669
4,14,6.6637884053829675
4,15,10.156494943150877
4,16,12.247888216574017
4,17,15.743160716289264
4,18,17.730457083983676
4,19,19.031311121176095
4,20,21.6081404181385
4,21,20.662479557658273
4,22,22.376928702684264
4,23,20.68938312353439
4,24,17.158903024269474
4,25,18.246210711429136
4,26,19.83021788681847
4,27,16.72960874719096
4,28,14.73784383160211
4,29,18.03184521095641
4,30,18.357046735720456
4,31,14.957169340403329
4,32,16.41987867011413
4,33,13.976976978019694
4,34,14.745379168315232
4,35,14.059263944767734
4,36,13.357712924477598
4,37,16.665438672585218
4,38,17.889329957604218
4,39,19.656669632987114
4,40,16.769308608994443
4,41,14.731233721657576
4,42,17.646973260229622
4,43,18.741248012148414
4,44,15.437147203642835
4,45,13.321816709779295
4,46,10.89779274561509
4,47,13.869656694465334
4,48,13.670300017675425
4,49,10.273622504302308
4,50,11.54817144000301
4,51,15.11762885711929
4,52,16.857928910889818
4,53,14.542281157238216
4,54,16.120310594838948
4,55,16.865749250740624
4,56,18.290110113654496
4,57,21.682523465086497
4,58,21.96572215856345
4,59,21.548108104025516
4,60,19.148451741986317
4,61,17.76845339389013
4,62,20.09018576020434
4,63,21.43436603643024
4,64,30.16286114318036
4,65,30.076379433531798
4,66,26.48874911625555
4,67,27.01215445231203
4,68,27.077085747114904
4,69,24.14753067098065
4,70,21.09885852414865
4,71,17.56316008457581
4,72,13.951992815675796
4,73,12.04459351078697
4,74,9.169118055144672
4,75,10.050090235712934
4,76,10.007683748226555
4,77,11.318445347786492
4,78,12.908694631787629
4,79,12.590266552461506
4,80,16.1430897783346
5,1,10.267117985365418
5,2,6.750114153216655
5,3,6.9814338558977935
5,4,3.7875292883509357
5,6,3.7957444220189442
5,7,6.41195375460849
5,8,10.035601742883864
5,9,10.349363622734375
5,10,8.123122946421764
5,11,5.721415332293443
5,12,4.866401418762284
5,13,6.776978737473863
5,14,8.497438847764878
5,15,12.256519292957954
5,16,14.421807802767239
5,17,17.880943168368233
5,18,19.237874770049142
5,19,20.303703878549015
5,20,22.388944857682905
5,21,20.927269980495677
5,22,22.843084321102484
5,23,21.75721669521147
5,24,18.024477213061427
5,25,18.599430217299783
5,26,20.71477152450584
5,27,18.09641335026412
5,28,15.53250453042145
5,29,18.638661259903678
5,30,19.66641931912296
5,31,16.31835987222191
5,32,17.020255017921
5,33,14.090855629289678
5,34,14.20026217311568
5,35,13.324279327325513
5,36,11.665178388270643
5,37,14.453423940394808
5,38,15.462254951370765
5,39,16.72579665016785
5,40,13.648183903093845
5,41,11.602051221920274
5,42,14.56637632482081
5,43,15.27446958236893
5,44,11.86517205286378
5,45,9.99685440633934
5,46,7.772049072313281
5,47,11.194907673617008
5,48,11.655036569271942
5,49,8.826678421330671
5,50,10.047853808417855
5,51,13.626070993535464
5,52,16.057852431744045
5,53,14.118125656950216
5,54,15.624831089318556
5,55,15.616517704772079
5,56,17.09151939719581
5,57,20.292673705490415
5,58,21.139108728037034
5,59,20.526864982605222
5,60,18.22202225854624
5,61,16.170665572559834
5,62,18.191531919168103
5,63,19.041220630845864
5,64,29.19954424706591
5,65,29.537591274103193
5,66,26.156081096945304
5,67,27.05949421131235
5,68,27.510938083505405
5,69,24.453638484386484
5,70,21.817414709389187
5,71,18.140909207536193
5,72,14.887144300873492
5,73,12.541205490464732
5,74,9.404566872930475
5,75,10.416431225565775
5,76,9.3005522014319
5,77,10.789435557843815
5,78,11.69692440235069
5,79,11.741536336220996
5,80,15.222272021177886
6,1,9.170615679331043
6,2,6.297436632853765
6,3,8.414142273404225
6,4,6.586232965764625
6,5,3.7957444220189442
6,7,3.7967505595445576
6,8,6.815240492773319
6,9,6.922079161871845
6,10,5.7324861416144826
6,11,4.638947074205558
6,12,6.258743637632411
6,13,9.022884184476252
6,14,11.643239239486427
6,15,15.223236036413217
6,16,17.79864751333018
6,17,21.078496871835128
6,18,22.45255414444815
6,19,23.12086009536364
6,20,24.949224101843946
6,21,23.087012436804006
6,22,24.66461983577821
6,23,23.816736016344315
6,24,20.119048682421674
6,25,20.05248656055483
6,26,22.056533789054235
6,27,19.652702327580617
6,28,16.634305706273974
6,29,19.19365104951389
6,30,20.362603392488904
6,31,16.847465788148178
6,32,16.803762672090613
6,33,14.101697084797598
6,34,14.501881623506408
6,35,14.395604363820045
6,36,12.542921449879158
6,37,14.771076256208575
6,38,16.229042222003564
6,39,16.724115111866563
6,40,13.173945279255976
6,41,11.991136718819417
6,42,15.263156552674419
6,43,15.343180929154975
6,44,11.904737839720523
6,45,10.771737843442557
6,46,9.245355716575752
6,47,12.96793125484786
6,48,14.171461986523681
6,49,11.902854017887991
6,50,12.718318793987532
6,51,16.253197426268013
6,52,18.92730862303167
6,53,16.93755997657532
6,54,17.901679462793226
6,55,17.206082080053452
6,56,18.068554988581628
6,57,21.315115901046962
6,58,22.720925999078162
6,59,22.444703818944593
6,60,20.570606235759023
6,61,18.218721640314943
6,62,20.210205404392493
6,63,20.6979976986755
6,64,31.28962938188051
6,65,31.735237172933434
6,66,28.507171670127665
6,67,29.344331556865118
6,68,30.165918737619084
6,69,27.265519933354412
6,70,24.80623036466231
6,71,21.218073779378162
6,72,18.081270934820424
6,73,15.299075811548327
6,74,11.794428553426831
6,75,11.808760133925196
6,76,9.527899249605213
6,77,9.84497465678196
6,78,9.502058628432227
6,79,9.003748787740067
6,80,12.120682843816088
7,1,12.562567421661347
7,2,9.922563436472483
7,3,12.13753455659186
7,4,9.886839628736887
7,5,6.41195375460849
7,6,3.7967505595445576
7,8,3.8046539016821956
7,9,5.7289907126050155
7,10,5.350131834450247
7,11,6.581789521635101
7,12,7.897829600791594
7,13,11.436094620250877
7,14,13.815434310737611
7,15,17.316823575685188
7,16,19.894911611307357
7,17,23.017929061170808
7,18,23.861796507174514
7,19,24.252057530984406
7,20,25.580863081468973
7,21,23.295521350367185
7,22,24.961539453014137
7,23,24.69086811882888
7,24,20.966892164301623
7,25,20.429118847713784
7,26,22.830920836920264
7,27,20.965138765869725
7,28,17.633833094014417
7,29,19.889845018830854
7,30,21.675033180903117
7,31,18.432482383956767
7,32,17.7503905476935
7,33,14.749481164562408
7,34,14.41180823307106
7,35,14.170612318559542
7,36,11.57891342619379
7,37,12.896965768383573
7,38,14.160992707964983
7,39,13.92878996689025
7,40,10.2375648434703
7,41,9.527912255723257
7,42,12.761280182953385
7,43,12.375997139250552
7,44,9.17598597749828
7,45,9.091082065253033
7,46,8.058056495743045
7,47,11.607653011646383
7,48,13.651614483202815
7,49,12.195781047718798
7,50,12.520222129829342
7,51,15.695422543565012
7,52,18.721568223207402
7,53,17.086495507325793
7,54,17.772127746395956
7,55,16.339959459593135
7,56,17.074326857726245
7,57,19.96629015626637
7,58,21.911034193069295
7,59,21.55009167663696
7,60,19.965615138172243
7,61,17.145377632491577
7,62,18.82327044868829
7,63,18.84343122464037
7,64,30.216247760707365
7,65,31.017862572749465
7,66,28.071285821021434
7,67,29.18889195656012
7,68,30.38618815802508
7,69,27.490609488080175
7,70,25.473198651199468
7,71,21.93003692386719
7,72,19.233306406166434
7,73,16.227916747955604
7,74,12.860604877782826
7,75,12.915420940079855
7,76,10.036084346406215
7,77,10.511916084018651
7,78,9.49935039265569
7,79,9.833604393597666
7,80,12.502039915815478
8,1,14.033026465461255
8,2,12.080236650811855
8,3,14.955088596164739
8,4,13.235147203245502
8,5,10.035601742883864
8,6,6.815240492773319
8,7,3.8046539016821956
8,9,3.802436037523598
8,10,5.712975516501105
8,11,8.544366085953971
8,12,10.71025922140099
8,13,14.318951256999998
8,14,17.057969116181273
8,15,20.353499664033126
8,16,23.19309851551177
8,17,26.117038449679153
8,18,26.904308419744634
8,19,26.920785052831977
8,20,27.952755793916054
8,21,25.33606376352173
8,22,26.666688909288503
8,23,26.68564000169373
8,24,23.095171045079464
8,25,21.989415196424133
8,26,24.275530745230895
8,27,22.74907605968931
8,28,19.160931486275054
8,29,20.80148707439083
8,30,22.77243690586214
8,31,19.627611777437277
8,32,18.232185358344942
8,33,15.555644497996461
8,34,15.313995883599876
8,35,15.726605652735856
8,36,13.190608933753396
8,37,13.721657455561532
8,38,15.352959932679477
8,39,14.29820102724612
8,40,10.504571882550493
8,41,11.061343376224539
8,42,14.221487278849914
8,43,13.341712363889103
8,44,10.75422207198953
8,45,11.659732087134744
8,46,11.130876242979454
8,47,14.316540424613207
8,48,16.829326586541058
8,49,15.705205567931117
8,50,15.618770823891962
8,51,18.6070876587282
8,52,21.6263584367518
8,53,19.952746762300798
8,54,20.119989417333915
8,55,18.143125848500084
8,56,18.23635453925008
8,57,20.97671785789843
8,58,23.403777741985436
8,59,23.391158559725973
8,60,22.301354530092244
8,61,19.38306979489831
8,62,21.019051957431607
8,63,20.788380080925336
8,64,31.98335218424822
8,65,32.86638235323466
8,66,30.139319218270302
8,67,31.173602502174866
8,68,32.72669165048178
8,69,30.036645032917136
8,70,28.239051389423235
8,71,24.85205671688621
8,72,22.326829442308505
8,73,19.06180985860324
8,74,15.620400849157328
8,75,15.00894618161063
8,76,11.570861749681821
8,77,11.095055030083564
8,78,8.856889587682431
8,79,9.115394845163223
8,80,10.800628644932377
9,1,11.904766029303737
9,2,10.34501296618395
9,3,13.679795008735521
9,4,12.728744231553678
9,5,10.349363622734375
9,6,6.922079161871845
9,7,5.7289907126050155
9,8,3.802436037523598
9,10,3.809328059668674
9,11,6.871832796450445
9,12,10.001999182167566
9,13,13.206583462655031
9,14,16.495829694866025
9,15,19.49204434968117
9,16,22.690957571789948
9,17,25.410295929118647
9,18,26.563572897170037
9,19,26.325131089212082
9,20,27.486359038406786
9,21,24.909825665083
9,22,25.767076204547458
9,23,25.51788946534397
9,24,22.09469608171462
9,25,20.81686335485847
9,26,22.600365235293197
9,27,20.948261294306207
9,28,17.34802237452471
9,29,18.651695622335065
9,30,20.28086185995621
9,31,17.023449572001738
9,32,15.4484830689064
9,33,13.300757052200181
9,34,13.877014680439503
9,35,15.110946387540265
9,36,13.416128144664016
9,37,14.444949297049952
9,38,16.82619365620878
9,39,16.219335951621158
9,40,12.434533676084147
9,41,13.301386416753425
9,42,16.844017946379264
9,43,16.555296968877464
9,44,14.012400335729104
9,45,14.66393188514059
9,46,13.42067340748325
9,47,16.68308198745907
9,48,19.05436339646464
9,49,17.25981220360517
9,50,16.909226466458286
9,51,20.25227048736156
9,52,22.849622931247527
9,53,20.60918191431155
9,54,20.394561712107432
9,55,18.624479537609112
9,56,18.186852913585486
9,57,21.306950791089665
9,58,23.561538238537768
9,59,24.078908136832496
9,60,23.215942512466743
9,61,20.75138624963415
9,62,22.92744389852212
9,63,23.231289811680202
9,64,32.9712297794629
9,65,33.44213902747235
9,66,30.58445317263665
9,67,31.157356690473925
9,68,32.7143661306031
9,69,30.278642190304016
9,70,28.261506156352695
9,71,25.026731831796713
9,72,22.292115344123992
9,73,18.846462683111007
9,74,15.168490601709726
9,75,13.722771237283611
9,76,10.143882732065592
9,77,8.54043218975127
9,78,5.655816319670756
9,79,5.384247149339843
9,80,7.143488328946841
10,1,11.405830642724643
10,2,8.879221401564337
10,3,11.627770345062343
10,4,10.235920671210328
10,5,8.123122946421764
10,6,5.7324861416144826
10,7,5.350131834450247
10,8,5.712975516501105
10,9,3.809328059668674
10,11,3.794229627973653
10,12,6.47861204138576
10,13,9.750985675271396
10,14,12.99711257774287
10,15,15.841002916167191
10,16,19.10785954073938
10,17,21.70383230450255
10,18,22.809065035610434
10,19,22.519830339710833
10,20,23.733076584116212
10,21,21.254932718672784
10,22,22.17556954072445
10,23,21.810302000946706
10,24,18.3382282005579
10,25,17.24120423137796
10,26,19.109122752425098
10,27,17.35915260044383
10,28,13.799026217944178
10,29,15.473098480059164
10,30,17.16492191503493
10,31,13.930692390050917
10,32,12.749464783322098
10,33,10.123889075116134
10,34,10.555764330946243
10,35,11.572415503653646
10,36,10.16636718229217
10,37,11.872766920545956
10,38,14.438256330466608
10,39,14.62208128255662
10,40,10.992331786680467
10,41,11.446510899903956
10,42,15.22294010964332
10,43,15.759490638494345
10,44,13.239825394590737
10,45,13.674493244378292
10,46,11.527394197524039
10,47,14.603025391929066
10,48,16.876072200831423
10,49,14.630454535648775
10,50,13.902315368076108
10,51,17.404545349151526
10,52,19.667582322516672
10,53,17.15153716346544
10,54,16.854057790006916
10,55,15.370859365634836
10,56,15.049185067856941
10,57,18.40324353449355
10,58,20.31326946691023
10,59,20.875285770892315
10,60,19.948291539248928
10,61,17.798017214561828
10,62,20.327141459409223
10,63,21.13995840484153
10,64,29.909387434384293
10,65,30.164857743950517
10,66,27.17027223550929
10,67,27.62639187814338
10,68,29.062400246580474
10,69,26.65082502349632
10,70,24.544236334119883
10,71,21.35601592253049
10,72,18.60742830760989
10,73,15.11097182736691
10,74,11.418721056992304
10,75,9.935974748030125
10,76,6.407255285091546
10,77,5.488925158215126
10,78,4.236359832386575
10,79,5.580479432252262
10,80,8.785834247935412
11,1,8.989236047913696
11,2,5.798563140996861
11,3,8.016522604923187
11,4,6.782374422720841
11,5,5.721415332293443
11,6,4.638947074205558
11,7,6.581789521635101
11,8,8.544366085953971
11,9,6.871832796450445
11,10,3.794229627973653
11,12,3.8176861135036857
11,13,6.388882079441946
11,14,9.865984100412991
11,15,12.815621279076147
11,16,16.038884620848027
11,17,18.813038211078887
11,18,20.337105005740113
11,19,20.41533804127974
11,20,22.1472391540786
11,21,20.16788593937832
11,22,21.208274822132434
11,23,20.249493814163838
11,24,16.725263291227755
11,25,16.333941486129174
11,26,17.956235962199518
11,27,15.576641602898718
11,28,12.426842714414702
11,29,14.754936825026183
11,30,15.828467760860125
11,31,12.302978406292945
11,32,12.17951248588769
11,33,9.621508158568497
11,34,10.605482047144564
11,35,11.251470639488645
11,36,10.455135743271072
11,37,13.154326145648028
11,38,15.48467039518659
11,39,16.480130046983327
11,40,13.096671711509236
11,41,12.596876813021774
11,42,16.280284529829196
11,43,17.22018524627318
11,44,14.342031571282034
11,45,13.848240079961652
11,46,11.277295572886286
11,47,14.453044138541028
11,48,15.975840998479843
11,49,13.095490545368774
11,50,12.78184397712992
11,51,16.54009654770827
11,52,18.501668368496397
11,53,15.754669286687452
11,54,15.90197191630555
11,55,15.282345691431335
11,56,15.44304271704701
11,57,19.03748192327881
11,58,20.27267033025703
11,59,20.68573613262918
11,60,19.312351861199485
11,61,17.57020604212868
11,62,20.28271300586635
11,63,21.48905516705326
11,64,29.788770678152623
11,65,29.768994891044027
11,66,26.487325473742295
11,67,26.79333361407558
11,68,27.773597471747827
11,69,25.26512319469469
11,70,22.74136408374545
11,71,19.46475709455753
11,72,16.320982804471665
11,73,13.104470336068214
11,74,9.32918848521526
11,75,8.096697989334281
11,76,5.61615974726212
11,77,5.438768360679903
11,78,6.1958449605801835
11,79,6.6005754939680505
11,80,10.354521881775025
12,1,11.427295964194093
12,2,7.720163611588677
12,3,8.188086104983435
12,4,5.648594492351194
12,5,4.866401418762284
12,6,6.258743637632411
12,7,7.897829600791594
12,8,10.71025922140099
12,9,10.001999182167566
12,10,6.47861204138576
12,11,3.8176861135036857
12,13,3.818225190753594
12,14,6.557365537506828
12,15,9.671145698123068
12,16,12.713801053631146
12,17,15.547553883770313
12,18,16.79331655654851
12,19,17.065692655336342
12,20,18.86149645875532
12,21,17.074085085287457
12,22,18.55106282455359
12,23,17.565403956915457
12,24,13.872810968008086
12,25,14.018226309150405
12,26,16.0468645274412
12,27,13.62675241802101
12,28,10.783700422394878
12,29,13.806625403160467
12,30,15.07576693438166
12,31,11.912452337528435
12,32,12.494404325337356
12,33,9.355644687985986
12,34,9.453322152412364
12,35,8.923135436142992
12,36,8.148867180905468
12,37,11.444791212734147
12,38,13.328724475660566
12,39,15.079842114902627
12,40,12.214608759709707
12,41,10.960323975479334
12,42,14.395664844712464
12,43,15.9984559680168
12,44,13.32135861386354
12,45,12.575559745081371
12,46,9.329924464508403
12,47,11.973079896477445
12,48,13.205983302442036
12,49,9.994510893406662
12,50,9.377151874159793
12,51,13.168056200788305
12,52,14.855464092486175
12,53,12.039474677282097
12,54,12.486077843514726
12,55,12.365793631882372
12,56,13.165874569623192
12,57,16.698294320554265
12,58,17.475761326245298
12,59,17.56083449299066
12,60,15.874942070282794
12,61,14.369800122959132
12,62,17.201640401650533
12,63,18.78165733403328
12,64,26.57757978517204
12,65,26.522081915048133
12,66,23.134287074447208
12,67,23.57688331907155
12,68,24.344806749313342
12,69,21.67672329323226
12,70,19.111034834014493
12,71,15.736315340418999
12,72,12.598726419687713
12,73,9.461504030882153
12,74,5.752429188979742
12,75,5.701138344294695
12,76,4.614908865511849
12,77,6.835696293059307
12,78,8.97108495761669
12,79,10.240139654107445
12,80,14.022614293371635
13,1,11.352634803490194
13,2,7.861877228105938
13,3,6.81431151521337
13,4,5.102722068757669
13,5,6.776978737473863
13,6,9.022884184476252
13,7,11.436094620250877
13,8,14.318951256999998
13,9,13.206583462655031
13,10,9.750985675271396
13,11,6.388882079441946
13,12,3.818225190753594
13,14,3.797638324782733
13,15,6.5342884866991495
13,16,9.740037160519996
13,17,12.554108710698465
13,18,14.432730106519685
13,19,14.960509784251052
13,20,17.33557644060206
13,21,16.208626668323465
13,22,17.542920248915422
13,23,15.831046155177114
13,24,12.338447876268607
13,25,13.281075671481235
13,26,14.729751215923493
13,27,11.681404492488205
13,28,9.682216363667207
13,29,13.112741785122472
13,30,13.55371828656411
13,31,10.431179936772736
13,32,12.16543468243201
13,33,9.617242802358026
13,34,10.382924140086569
13,35,9.833462317827435
13,36,10.276805032815261
13,37,13.966382253876333
13,38,15.765581771434896
13,39,18.074326369436147
13,40,15.585110635595255
13,41,14.091776625983899
13,42,17.23433872203916
13,43,19.174385048970027
13,44,16.52809477428496
13,45,15.302941581132739
13,46,11.965906560008616
13,47,14.195370949945469
13,48,14.637239358260757
13,49,10.945326009530248
13,50,10.531861806947486
13,51,14.154962613839368
13,52,15.059351453339293
13,53,11.91139632096613
13,54,12.538101844231692
13,55,13.463948581236135
13,56,14.376900267300298
13,57,17.95975990975104
13,58,17.96044347979997
13,59,18.152710736987597
13,60,16.292538870974568
13,61,15.589169987450354
13,62,18.623508280884465
13,63,20.692419704789017
13,64,26.941789048228905
13,65,26.433638093920642
13,66,22.82501692302034
13,67,22.88091613451421
13,68,23.168985793752867
13,69,20.619316628014104
13,70,17.598316910750906
13,71,14.384962465602133
13,72,10.858418118833246
13,73,8.272802368965005
13,74,5.115956994741689
13,75,5.225864732757613
13,76,6.435609798909987
13,77,8.45058532176339
13,78,11.321747616260701
13,79,12.199544218935014
13,80,15.965786176801597
14,1,14.365458890094237
14,2,10.935455016902536
14,3,8.845009205149218
14,4,6.6637884053829675
14,5,8.497438847764878
14,6,11.643239239486427
14,7,13.815434310737611
14,8,17.057969116181273
14,9,16.495829694866025
14,10,12.99711257774287
14,11,9.865984100412991
14,12,6.557365537506828
14,13,3.797638324782733
14,15,3.803676446675011
14,16,6.247575756295253
14,17,9.446873129675993
14,18,11.188210406852528
14,19,12.377315709146439
14,20,15.084204751051837
14,21,14.567617967010172
14,22,16.451636831568976
14,23,14.554516136299345
14,24,11.12047425298497
14,25,13.032356272318532
14,26,14.70735149721777
14,27,11.688022691499937
14,28,10.610051730459393
14,29,14.401851275579554
14,30,14.813765468989054
14,31,12.361107783588459
14,32,14.61435360692914
14,33,12.00077153538697
14,34,12.028483039878044
14,35,10.413317996693333
14,36,10.930600592837365
14,37,14.66253589587523
14,38,15.740635192711238
14,39,18.584688884051666
14,40,16.68853382117496
14,41,14.581343322661594
14,42,17.118238484458413
14,43,19.447613387468664
14,44,17.0396948031886
14,45,15.473982942767154
14,46,12.040662222421856
14,47,13.466609256432024
14,48,13.164148772510545
14,49,9.350038160495991
14,50,9.037803853549855
14,51,12.182859652574697
14,52,12.491035394234038
14,53,9.487669622021619
14,54,10.861047484834758
14,55,12.726036563658347
14,56,14.409199649918541
14,57,17.615883276491275
14,58,16.947624975416918
14,59,16.63151658007836
14,60,14.286832942151227
14,61,14.081066894151544
14,62,16.97865072543731
14,63,19.361962925881347
14,64,24.92080052986562
14,65,24.34474444627343
14,66,20.620712444359313
14,67,20.832909097069344
14,68,20.636707303522073
14,69,17.862631949455675
14,70,14.640168970793379
14,71,11.311894212514137
14,72,7.5963876154829855
14,73,5.996113638301745
14,74,4.483823554475463
14,75,6.691336494116259
14,76,9.065093294850266
14,77,11.803941947721997
14,78,14.852312783741665
14,79,15.952437608934078
14,80,19.73476960444637
15,1,16.952698349928436
15,2,13.835018485722298
15,3,11.565300905455496
15,4,10.156494943150877
15,5,12.256519292957954
15,6,15.223236036413217
15,7,17.316823575685188
15,8,20.353499664033126
15,9,19.49204434968117
15,10,15.841002916167191
15,11,12.815621279076147
15,12,9.671145698123068
15,13,6.5342884866991495
15,14,3.803676446675011
15,16,3.7867225394999955
15,17,6.022159957898975
15,18,8.253728488348909
15,19,9.265420585808743
15,20,12.37002947006492
15,21,12.511846648858393
15,22,14.103784902772752
15,23,11.64130766899899
15,24,8.692491739329267
15,25,11.36098930471207
15,26,12.476826860688636
15,27,9.335933897917139
15,28,9.494062431836275
15,29,13.235848285224066
15,30,13.174074348244575
15,31,11.50517054334207
15,32,14.380290515431211
15,33,12.30441957616933
15,34,12.412249772510743
15,35,10.842748754587854
15,36,12.43566398589137
15,37,16.122753347452274
15,38,17.286986886723156
15,39,20.507895201106333
15,40,19.063389930909608
15,41,17.192503117506362
15,42,19.532983463213018
15,43,22.26512636353677
15,44,20.222881338482487
15,45,18.869008224535722
15,46,15.315602991786415
15,47,16.170001842048276
15,48,15.783392488424958
15,49,12.13352104207267
15,50,11.222082842259892
15,51,13.739389041413057
15,52,12.964243598311368
15,53,9.6908025078945
15,54,10.495611155093442
15,55,13.10232809765228
15,56,14.531158753509573
15,57,17.552563467121868
15,58,16.1582690193257
15,59,16.192452810853347
15,60,14.157544440898338
15,61,14.948624354488814
15,62,18.083847657133223
15,63,20.9800354387906
15,64,23.967568273519788
15,65,22.84816388060207
15,66,19.05262040212508
15,67,18.72137950926482
15,68,18.1935580148652
15,69,15.797499156492131
15,70,12.300376338782632
15,71,9.582395891658631
15,72,6.01669064102331
15,73,5.422082280825952
15,74,5.8501512419785024
15,75,7.460835444813622
15,76,10.843645876934577
15,77,13.498344602547672
15,78,16.984681151266365
15,79,18.333792427863926
15,80,22.025325190260716
16,1,19.582687241619343
16,2,16.551189614501105
16,3,13.745207973670826
16,4,12.247888216574017
16,5,14.421807802767239
16,6,17.79864751333018
16,7,19.894911611307357
16,8,23.19309851551177
16,9,22.690957571789948
16,10,19.10785954073938
16,11,16.038884620848027
16,12,12.713801053631146
16,13,9.740037160519996
16,14,6.247575756295253
16,15,3.7867225394999955
16,17,3.8251750945347984
16,18,6.178244700709859
16,19,8.642248955997584
16,20,12.142237124799234
16,21,13.242596361850612
16,22,15.304027511466854
16,23,12.74541330765386
16,24,10.379561117662965
16,25,13.690517622093374
16,26,14.822446178650337
16,27,11.994241148942498
16,28,12.818369312055507
16,29,16.460250251975292
16,30,16.28602014246142
16,31,15.02129718976512
16,32,18.03285716181516
16,33,15.990051223905846
16,34,15.775303569437854
16,35,13.703142264779082
16,36,15.00037760751173
16,37,18.49496673342454
16,38,19.007192917506853
16,39,22.43093046244398
16,40,21.353187831049272
16,41,19.028759686005817
16,42,20.80859969643472
16,43,23.621062981835117
16,44,21.69512087436412
16,45,19.98133562315831
16,46,16.662284580311677
16,47,16.975741416240055
16,48,15.820454416042327
16,49,12.460111825473136
16,50,12.026805260598238
16,51,13.743624866180909
16,52,12.387413506930972
16,53,9.85510012404385
16,54,11.492715406647825
16,55,14.708282188864148
16,56,16.728120369262005
16,57,19.252661966835678
16,58,17.34046946952807
16,59,16.783336272572573
16,60,14.293572207898462
16,61,15.511106472350654
16,62,18.195145216718302
16,63,21.168785767371475
16,64,23.59526969654229
16,65,22.435649424114636
16,66,18.625606947510835
16,67,18.491496262361697
16,68,17.237986595519082
16,69,14.64051117294807
16,70,10.925225126815262
16,71,8.393931204087139
16,72,5.173278337240758
16,73,6.950897025849686
16,74,8.697370969439577
16,75,11.03222263240909
16,76,14.353359086421849
16,77,17.189233680489178
16,78,20.59494536108453
16,79,21.847898121493714
16,80,25.573857220949737
17,1,22.54987470461056
17,2,19.63941379517431
17,3,16.980362409326524
17,4,15.743160716289264
17,5,17.880943168368233
17,6,21.078496871835128
17,7,23.017929061170808
17,8,26.117038449679153
17,9,25.410295929118647
17,10,21.70383230450255
17,11,18.813038211078887
17,12,15.547553883770313
17,13,12.554108710698465
17,14,9.446873129675993
17,15,6.022159957898975
17,16,3.8251750945347984
17,18,3.7932260889851146
17,19,5.98376054945926
17,20,9.747686343045265
17,21,11.710248589632627
17,22,13.370352139069752
17,23,10.449532758972326
17,24,9.137340022485336
17,25,12.854812336386217
17,26,13.423616105954821
17,27,11.028210036598022
17,28,12.898188417453099
17,29,16.108342154677896
17,30,15.67858134025441
17,31,15.311114994402566
17,32,18.4970580292683
17,33,16.894390811942976
17,34,16.61157937348254
17,35,14.653811617648328
17,36,16.62875437090214
17,37,19.918344584231964
17,38,20.51470615537821
17,39,24.140394377625807
17,40,23.453253685650257
17,41,21.42712324632978
17,42,23.077305947951142
17,43,26.19248357421647
17,44,24.619670291626463
17,45,23.22274300445993
17,46,19.775553838429893
17,47,19.715521467490845
17,48,18.759515664328443
17,49,15.628352472193686
17,50,14.594976344061195
17,51,15.830315648441868
17,52,13.678205322767825
17,53,11.142654885688863
17,54,11.956916875905332
17,55,15.47485210914871
17,56,17.134875765880167
17,57,19.31873750626733
17,58,16.814930680795513
17,59,16.636238473763004
17,60,14.68377335399062
17,61,16.727739115824992
17,62,19.54031298209312
17,63,22.873643751191906
17,64,22.613130844801866
17,65,20.897935114165925
17,66,17.161007416413653
17,67,16.417628066692103
17,68,14.79632999715904
17,69,12.80278322721837
17,70,9.010583288223897
17,71,7.796986299168966
17,72,5.979289649635841
17,73,8.314358272247834
17,74,10.840493501071435
17,75,12.616809215128544
17,76,16.285544313378306
17,77,19.044559075165076
17,78,22.684618185377406
17,79,24.21974666802168
17,80,27.85590715352811
18,1,25.16758775404302
18,2,21.96825476384231
18,3,19.559003282766124
18,4,17.730457083983676
18,5,19.237874770049142
18,6,22.45255414444815
18,7,23.861796507174514
18,8,26.904308419744634
18,9,26.563572897170037
18,10,22.809065035610434
18,11,20.337105005740113
18,12,16.79331655654851
18,13,14.432730106519685
18,14,11.188210406852528
18,15,8.253728488348909
18,16,6.178244700709859
18,17,3.7932260889851146
18,19,3.8021971982598823
18,20,7.049176777591255
18,21,9.431069732922811
18,22,11.761628950196641
18,23,9.62880935787815
18,24,8.591957245377632
18,25,12.314211722700811
18,26,13.515646374699813
18,27,12.058137219460594
18,28,13.802591755487263
18,29,16.839238704898555
18,30,17.10581447659942
18,31,17.146431793621073
18,32,19.89780292864691
18,33,17.94526762428078
18,34,16.870762267688452
18,35,14.33301350221962
18,36,16.125155055692773
18,37,18.958016037245393
18,38,19.05519710829888
18,39,22.834543969982132
18,40,22.742010815410048
18,41,20.697239289295712
18,42,21.83941238165591
18,43,25.2114192481427
18,44,24.149971914013356
18,45,23.06370102708866
18,46,19.648941415708293
18,47,18.87519540123863
18,48,18.01163941392513
18,49,15.407148548306798
18,50,13.855836982841804
18,51,14.261262398976745
18,52,11.425094733814655
18,53,9.387023438312891
18,54,10.075313675861048
18,55,13.828914811986143
18,56,15.795556752268592
18,57,17.328931242668325
18,58,14.431826941400008
18,59,13.881015293659019
18,60,11.997165528778694
18,61,14.60106040269718
18,62,17.202997252094505
18,63,20.73179737762791
18,64,19.05700507765385
18,65,17.342793841010575
18,66,13.643598036886083
18,67,13.164678975604918
18,68,11.337163779018006
18,69,9.09171818215656
18,70,5.293351730546062
18,71,4.697898199421443
18,72,4.854777411654185
18,73,8.001714799184027
18,74,11.42697555903143
18,75,13.626872453253805
18,76,17.19160353802105
18,77,20.34864606557617
18,78,23.962600067697075
18,79,25.934492882245408
18,80,29.60597156672301
19,1,25.915357458277768
19,2,22.719048452520074
19,3,20.786871112353808
19,4,19.031311121176095
19,5,20.303703878549015
19,6,23.12086009536364
19,7,24.252057530984406
19,8,26.920785052831977
19,9,26.325131089212082
19,10,22.519830339710833
19,11,20.41533804127974
19,12,17.065692655336342
19,13,14.960509784251052
19,14,12.377315709146439
19,15,9.265420585808743
19,16,8.642248955997584
19,17,5.98376054945926
19,18,3.8021971982598823
19,20,3.7760574301297587
19,21,6.3037250034582115
19,22,8.082442282582912
19,23,5.987227405827871
19,24,5.748680470591091
19,25,9.342905618959517
19,26,10.330456656313482
19,27,9.67677791411512
19,28,11.780818899219012
19,29,14.264606262570798
19,30,14.758651175281619
19,31,15.487912576436628
19,32,17.960980961937597
19,33,16.26913833228374
19,34,15.027988452054064
19,35,12.78724274608027
19,36,15.223258458293854
19,37,17.785702463415184
19,38,18.30250996608549
19,39,22.067374724186205
19,40,22.17177084386124
19,41,20.709930967237067
19,42,22.03137354870198
19,43,25.579985259274263
19,44,24.806585049703244
19,45,24.258212730766374
19,46,20.64423986412746
19,47,19.86607408213235
19,48,19.70143403807505
19,49,17.112087101231857
19,50,14.837354250946898
19,51,15.371752402283986
19,52,12.482339695995519
19,53,9.951750632857083
19,54,9.13081958532449
19,55,12.586347703891771
19,56,13.786032595502006
19,57,15.182844274439335
19,58,12.065237838496591
19,59,12.402143757073672
19,60,11.551656065890631
19,61,14.501574483649167
19,62,17.512266714863852
19,63,21.225975174338274
19,64,17.682829314448945
19,65,15.524684205391306
19,66,11.894770751185895
19,67,10.604383470949784
19,68,9.41151672203072
19,69,8.043099514816365
19,70,4.836959399766173
19,71,5.537008109893168
19,72,6.430262896570404
19,73,8.11658772871806
19,74,11.449625404399272
19,75,12.846337143460588
19,76,16.426379401283928
19,77,19.424155939932735
19,78,23.122235511031775
19,79,25.457537181151576
19,80,28.972972983860373
20,1,28.469196170216193
20,2,25.16397917211852
20,3,23.60986450520826
20,4,21.6081404181385
20,5,22.388944857682905
20,6,24.949224101843946
20,7,25.580863081468973
20,8,27.952755793916054
20,9,27.486359038406786
20,10,23.733076584116212
20,11,22.1472391540786
20,12,18.86149645875532
20,13,17.33557644060206
20,14,15.084204751051837
20,15,12.37002947006492
20,16,12.142237124799234
20,17,9.747686343045265
20,18,7.049176777591255
20,19,3.7760574301297587
20,21,3.8034345326610093
20,22,5.716496616325222
20,23,5.438173699851973
20,24,6.264279603454652
20,25,8.758595588094135
20,26,10.092495118589731
20,27,10.818825135239535
20,28,12.686665694727514
20,29,14.484354831853015
20,30,15.617067377827816
20,31,16.89374496152214
20,32,18.767441308343503
20,33,17.049066935635132
20,34,15.208013545987054
20,35,12.887119533023398
20,36,15.351340814822558
20,37,17.220228349243587
20,38,17.582303616437972
20,39,21.29780398322074
20,40,21.97160663918064
20,41,20.89800838840045
20,42,21.909013448149874
20,43,25.629859998528314
20,44,25.3951849909587
20,45,25.359242684930997
20,46,21.783738712125196
20,47,20.57421521519802
20,48,20.85896094164936
20,49,18.71845956933279
20,50,15.90317683864998
20,51,15.925907589101536
20,52,12.798068411693082
20,53,10.658321195388714
20,54,8.833914961630573
20,55,11.78441596261626
20,56,12.585937016237313
20,57,13.153575729945135
20,58,9.61288851595676
20,59,10.343421483179602
20,60,10.539172953840847
20,61,13.93658909043239
20,62,16.85810831445782
20,63,20.665275557292446
20,64,14.696547418677998
20,65,12.203127363396112
20,66,8.773971540799256
20,67,6.951343713726588
20,68,6.420898134995372
20,69,5.916964939059602
20,70,4.5552500057954015
20,71,6.652269223319462
20,72,8.834098434960692
20,73,9.874927522507406
20,74,13.173397169598244
20,75,14.31358143402557
20,76,17.55158977090874
20,77,20.57925092023054
20,78,24.157910471437898
20,79,26.89751715106409
20,80,30.282068276297863
21,1,27.27732431869623
21,2,23.888176969879414
21,3,22.867909934923667
21,4,20.662479557658273
21,5,20.927269980495677
21,6,23.087012436804006
21,7,23.295521350367185
21,8,25.33606376352173
21,9,24.909825665083
21,10,21.254932718672784
21,11,20.16788593937832
21,12,17.074085085287457
21,13,16.208626668323465
21,14,14.567617967010172
21,15,12.511846648858393
21,16,13.242596361850612
21,17,11.710248589632627
21,18,9.431069732922811
21,19,6.3037250034582115
21,20,3.8034345326610093
21,22,3.8142645241994617
21,23,5.444265587839246
21,24,5.089653323459993
21,25,6.114236375985961
21,26,8.517979552537108
21,27,9.871707307231288
21,28,10.767416484284169
21,29,12.297976034078223
21,30,14.259725918203065
21,31,15.42505045936315
21,32,16.620922240331478
21,33,14.61238384898042
21,34,12.248276743911264
21,35,9.89411513981126
21,36,12.394249082464974
21,37,13.877291302284492
21,38,14.51318084694329
21,39,18.087241086805754
21,40,18.850294429503904
21,41,18.22639791253594
21,42,19.381456151568646
21,43,23.100653048403224
21,44,23.0755725570689
21,45,23.510300156501053
21,46,19.913126741762213
21,47,18.756029872139216
21,48,19.702070756857548
21,49,17.683381064938544
21,50,14.402615357673216
21,51,14.650477457619164
21,52,12.04076340145178
21,53,9.577992355101669
21,54,6.607805227170988
21,55,8.713942254536013
21,56,8.949066480065309
21,57,9.524563215489989
21,58,6.184768904211456
21,59,7.781426472602603
21,60,8.819486821943185
21,61,11.833389379317865
21,62,15.080162349395756
21,63,18.788466539681284
21,64,13.71455284107097
21,65,11.691489604178555
21,66,8.367125378819939
21,67,6.99267183163113
21,68,8.33694530596071
21,69,7.57596587487216
21,70,6.987703120467
21,71,7.625205229271822
21,72,9.302997715533177
21,73,8.911490947508847
21,74,11.6440950441353
21,75,12.388827628011866
21,76,15.153823182738888
21,77,18.1658244004088
21,78,21.554365984368506
21,79,24.588644366347083
21,80,27.846004545866187
22,1,28.055115798345263
22,2,24.924886427095224
22,3,24.1403001120091
22,4,22.376928702684264
22,5,22.843084321102484
