1,2,3.738154966233628
1,3,6.595880951287767
1,4,10.08526149626131
1,5,13.494174695546642
1,6,14.242238063198835
1,7,11.63349242622388
1,8,13.65840036322855
1,9,11.230260748416429
1,10,8.890620775903008
1,11,5.247187532822883
1,12,4.972752832166414
1,13,4.425656759899068
1,14,6.496282641486753
1,15,10.14769353011475
1,16,12.263231535754771
1,17,15.984660960009155
1,18,17.944529139539885
1,19,20.07325630849093
1,20,23.78546380109408
1,21,24.404404651875403
1,22,27.93042470121654
1,23,28.91113939010203
1,24,32.32494816048398
1,25,34.70688052888807
1,26,35.824709766970905
1,27,35.0772577073175
1,28,31.48029415120463
1,29,30.546406207691
1,30,31.8746536484249
1,31,30.411021002626246
1,32,26.948024618908487
1,33,27.311098100561612
1,34,28.44075152995867
1,35,25.97742728337639
1,36,22.713467714157588
1,37,21.498321866127547
1,38,21.642092741815222
1,39,18.875066773439066
1,40,15.084731162389923
1,41,13.572731556656748
1,42,9.98396350133062
1,43,9.26598948315082
1,44,8.477180310983952
1,45,8.52065860003412
1,46,9.376190199470514
1,47,8.728426822369407
1,48,10.78533949820496
1,49,13.573582142884657
1,50,14.487660594054809
1,51,16.00916653701153
1,52,19.278266767203707
1,53,18.380721280198742
1,54,16.745306435998252
1,55,18.94808333058643
1,56,18.071787601596608
1,57,14.270563226913133
1,58,15.035609185714472
1,59,17.675327719904207
1,60,15.525591880624537
1,61,12.496236313093574
1,62,15.425235953251136
1,63,17.27176206681505
1,64,14.747688175653916
1,65,13.403944852212517
1,66,17.111492917846334
1,67,18.404707802321106
1,68,16.249812144123403
1,69,16.91171696560052
1,70,20.514853163591784
1,71,20.966460454692882
1,72,19.766631024953686
1,73,22.067164727108235
1,74,24.770177386730225
1,75,24.479687777091428
1,76,25.39754575488964
1,77,28.420002739945794
1,78,27.295899375953802
1,79,27.51761345496829
1,80,26.38279104476655
1,81,29.197497914930764
1,82,29.291344008567872
1,83,28.786889240309836
1,84,25.680692813045457
1,85,24.113674820061497
1,86,25.283083447448167
1,87,23.822857411813157
1,88,20.558889526031844
1,89,20.30992325070455
1,90,20.904020008863057
1,91,18.45358262774089
1,92,15.633235717316076
1,93,16.71584853993423
1,94,16.51130535916915
1,95,12.940591249828655
1,96,12.08511378272926
1,97,14.169747326904432
1,98,12.534975130375672
1,99,9.03211242968207
1,100,11.032276261468162
1,101,12.785732231628467
1,102,9.952297100251402
1,103,8.512572664710751
1,104,12.226901640629137
1,105,13.164202028232955
1,106,11.0384174946019
1,107,12.54070968438696
1,108,15.838588375911154
1,109,15.39258456918071
1,110,16.12967600068376
2,1,3.738154966233628
2,3,3.751070141006292
2,4,6.79589540610905
2,5,10.449439944727306
2,6,11.932349840164521
2,7,10.05409736770628
2,8,12.64576671799946
2,9,11.014647157426111
2,10,8.92005561108129
2,11,5.424724813789646
2,12,4.868609859851197
2,13,6.287626496690503
2,14,7.4813415368510965
2,15,10.736576230431421
2,16,13.710929370075316
2,17,17.27470185407176
2,18,19.20460536493697
2,19,21.840916259017966
2,20,25.487987596135255
2,21,26.249496915935858
2,22,29.833103939240914
2,23,30.745713440023422
2,24,34.30964001245106
2,25,36.40182608983688
2,26,37.245911225394664
2,27,36.21416794207485
2,28,32.726438610772384
2,29,31.895354575889478
2,30,32.83603417178337
2,31,31.163924787941585
2,32,27.89497240373861
2,33,28.142395240965783
2,34,28.80930042026323
2,35,26.255890316147443
2,36,23.2826264485841
2,37,21.523355793027783
2,38,21.45940044664822
2,39,19.160168497248698
2,40,15.383372017771752
2,41,14.195743575354541
2,42,10.817814709147315
2,43,10.521712911624101
2,44,9.349411552494347
2,45,10.271252692145522
2,46,11.01238691425027
2,47,11.034812995535427
2,48,13.783005565324332
2,49,16.258384595693155
2,50,16.66930279700545
2,51,18.58570627113146
2,52,22.088820892393333
2,53,21.53849223752432
2,54,20.021122367848864
2,55,21.916011682253874
2,56,20.69786309560401
2,57,16.99447586022215
2,58,17.7240211165162
2,59,19.90460566567815
2,60,17.341488837862034
2,61,14.393315196965826
2,62,17.108860141305403
2,63,18.40358381649459
2,64,15.33902821071755
2,65,13.997656050787148
2,66,17.59519843331631
2,67,18.40152188726278
2,68,15.635041669849521
2,69,16.396851583033552
2,70,20.002372497527606
2,71,19.848954328948096
2,72,18.298780717425892
2,73,20.98083888339424
2,74,23.554744859073597
2,75,22.721008507114842
2,76,23.701372356319578
2,77,26.96035408947777
2,78,26.291712753177414
2,79,26.957882355586264
2,80,26.33677320829062
2,81,29.466496407579122
2,82,29.999052656400583
2,83,29.67152258795308
2,84,26.311798154703347
2,85,24.936883232005183
2,86,26.598554316283977
2,87,25.135609584027936
2,88,21.65823335878711
2,89,21.844759843023702
2,90,22.83917897647504
2,91,20.26085732611349
2,92,17.37414044520789
2,93,19.04531819892996
2,94,19.0930262922189
2,95,15.392420536084954
2,96,14.802437457719506
2,97,17.351936458488048
2,98,15.784782044579716
2,99,12.379356901690791
2,100,14.565901660642268
2,101,16.480280666964966
2,102,13.620843594409287
2,103,12.211482497951064
2,104,15.869204251126884
2,105,16.78125523443975
2,106,14.363032869965679
2,107,15.765874550333537
2,108,19.158161438091845
2,109,18.42056040717014
2,110,18.75988791197153
3,1,6.595880951287767
3,2,3.751070141006292
3,4,3.726120629517344
3,5,7.1195629447186155
3,6,8.515897481470585
3,7,7.211983971966018
3,8,9.643437571741687
3,9,8.559037057728464
3,10,7.334739197277584
3,11,5.132682873905105
3,12,6.3301716446477645
3,13,9.124990560270419
3,14,10.923504738502894
3,15,13.84746702535676
3,16,16.933288035956263
3,17,20.50896813726445
3,18,22.084341508342206
3,19,24.77712692251638
3,20,28.330168523083326
3,21,28.79120634132648
3,22,32.261104071594914
3,23,32.822766660152354
3,24,36.437144235295776
3,25,38.418430938497025
3,26,39.32556232648193
3,27,38.01668289007365
3,28,34.51863145405685
3,29,34.04180974155903
3,30,34.91060243322207
3,31,32.912788764186075
3,32,29.820650930752286
3,33,30.369757098644264
3,34,30.74518740658779
3,35,27.90587149086235
3,36,25.21893743001496
3,37,23.39697994493465
3,38,22.773466196662287
3,39,20.57948316681874
3,40,16.958008429050015
3,41,16.521790249800837
3,42,13.110502569856779
3,43,12.115628431923353
3,44,9.872495997264677
3,45,10.520769055058663
3,46,10.451599860512212
3,47,10.999561956222438
3,48,14.395871265072378
3,49,16.340113914248228
3,50,16.08684604090465
3,51,18.47184400346413
3,52,22.172067946016693
3,53,22.237441547317836
3,54,21.19100574632059
3,55,22.801013894525582
3,56,20.98863085267313
3,57,17.538000971159132
3,58,18.706738867614774
3,59,20.33340583651008
3,60,17.262164599086027
3,61,14.887853982126517
3,62,17.756946896217126
3,63,18.292171101054283
3,64,14.839665350775098
3,65,14.273414030996834
3,66,17.81214564986401
3,67,17.82867846296126
3,68,14.920356063423142
3,69,16.429393131942895
3,70,19.715103286697083
3,71,18.93349518916324
3,72,17.732827239036844
3,73,20.868824407407313
3,74,22.938417875556937
3,75,21.838200714386595
3,76,23.3476451839437
3,77,26.543460540251882
3,78,26.291535082584872
3,79,26.98022550429886
3,80,26.667364862412224
3,81,29.902292953810583
3,82,30.51315853561069
3,83,30.6421421085422
3,84,27.26770446680128
3,85,25.628689915678343
3,86,27.617860239452305
3,87,26.579791264826525
3,88,22.936468887024397
3,89,22.96010010335155
3,90,24.475643651593646
3,91,22.25010248081576
3,92,19.026127318725628
3,93,20.683048169120728
3,94,21.338887475552532
3,95,17.785505994324915
3,96,16.662311928515592
3,97,19.468831448514027
3,98,18.481036435523848
3,99,14.87312636585447
3,100,16.53112792570627
3,101,18.92101321797706
3,102,16.405755110915823
3,103,14.336951568622313
3,104,17.69940093430979
3,105,19.11515354400215
3,106,16.506014418883286
3,107,17.18243372619988
3,108,20.829075922077582
3,109,20.32546399795332
3,110,20.029677148398306
4,1,10.08526149626131
4,2,6.79589540610905
4,3,3.726120629517344
4,5,3.7748022445924194
4,6,6.353400176359891
4,7,6.602984670128821
4,8,9.45177323074112
4,9,9.79887931279144
4,10,8.975163597277904
4,11,7.862138237892177
4,12,8.54222246257032
4,13,11.829563062830882
4,14,13.252936538379831
4,15,15.564812315608162
4,16,18.973276372510874
4,17,22.331576539458126
4,18,23.663235846737994
4,19,26.646881227326933
4,20,30.046687034861865
4,21,30.491856767289796
4,22,33.91510621400445
4,23,34.3107400516946
4,24,38.01603386697525
4,25,39.70306841861793
4,26,40.39702267412891
4,27,38.79125047080404
4,28,35.42688693527394
4,29,35.1468542319223
4,30,35.68259326313636
4,31,33.44933399225815
4,32,30.622394580393536
4,33,31.18213928182851
4,34,31.106834184863768
4,35,28.162603467551193
4,36,25.86344312389346
4,37,23.697770865797555
4,38,22.739540978319024
4,39,21.024337278806684
4,40,17.66969464588931
4,41,17.73144660008365
4,42,14.71131185684187
4,43,13.932011177567885
4,44,11.623813010107872
4,45,12.887703036273189
4,46,12.946579021856476
4,47,14.121354347884514
4,48,17.6393431829568
4,49,19.46354934955476
4,50,18.72426822569836
4,51,21.15553497729684
4,52,24.933567656229716
4,53,25.21235328431109
4,54,24.185663916154034
4,55,25.43004741355091
4,56,23.401420622396994
4,57,20.159255705192273
4,58,21.16204222338867
4,59,22.31164712850445
4,60,19.03924485852254
4,61,16.86743091990595
4,62,19.348843484449684
4,63,19.321943260622938
4,64,15.606476777845161
4,65,15.16042030444319
4,66,18.302676525785117
4,67,17.759013341548474
4,68,14.460971355054577
4,69,16.100859530189727
4,70,19.09891267861136
4,71,17.652479502286052
4,72,16.28542558098671
4,73,19.734876155109674
4,74,21.46574244420417
4,75,19.848528527450537
4,76,21.53269758838562
4,77,24.810815420348508
4,78,25.065319068744135
4,79,26.11165399434527
4,80,26.319498472788236
4,81,29.760331441042197
4,82,30.752971073721902
4,83,31.1210971205356
4,84,27.614877810211578
4,85,26.13207896866716
4,86,28.545405784871214
4,87,27.614773899846234
4,88,23.87684433240745
4,89,24.230164905600326
4,90,26.114823061491748
4,91,23.921876935916767
4,92,20.703108478903346
4,93,22.760721404981528
4,94,23.68589842575473
4,95,20.16430404089823
4,96,19.214657291287054
4,97,22.33820734698167
4,98,21.49779481232616
4,99,17.999105797568664
4,100,19.802161657346467
4,101,22.366252979665678
4,102,19.938244334313065
4,103,17.960981821631226
4,104,21.314471012028054
4,105,22.819081508182617
4,106,20.229735924028223
4,107,20.83392511454869
4,108,24.51150755669415
4,109,23.993507317524916
4,110,23.551307162159755
5,1,13.494174695546642
5,2,10.449439944727306
5,3,7.1195629447186155
5,4,3.7748022445924194
5,6,3.7367632161040327
5,7,6.045177855146551
5,8,8.400436730361314
5,9,10.103147254311029
5,10,10.039544656831021
5,11,10.256682699625378
5,12,11.304816718060163
5,13,14.916016537776125
5,14,16.582314244749256
5,15,18.551425108434024
5,16,21.947757249961878
5,17,25.225277803809504
5,18,26.18219913502408
5,19,29.19855246042281
5,20,32.43546890495058
5,21,32.61659891656081
5,22,35.885898478467034
5,23,35.949510927607996
5,24,39.67283424193009
5,25,41.16690906528942
5,26,41.851968443370744
5,27,39.96086577557638
5,28,36.66724658314221
5,29,36.734763070025984
5,30,37.13506628271856
5,31,34.608570017752086
5,32,32.03970498088078
5,33,32.85712835590466
5,34,32.45909738605921
5,35,29.308831218790214
5,36,27.382643360644728
5,37,25.19732478043452
5,38,23.731093901051644
5,39,22.254194272387995
5,40,19.25177464915978
5,41,19.96268542302401
5,42,17.14109088079876
5,43,16.03078092617826
5,44,13.345623829108256
5,45,14.584821426213326
5,46,14.375041303728112
5,47,16.09086868599593
5,48,19.718500072734038
5,49,21.2475474499821
5,50,19.904537900356697
5,51,22.408955476791558
5,52,26.208386435207014
5,53,26.88028652145018
5,54,26.099284229382707
5,55,26.949076424511436
5,56,24.555211015490702
5,57,21.672473104284848
5,58,22.76537675524052
5,59,23.332679260840212
5,60,19.82590402925681
5,61,18.190533181844597
5,62,20.45266050793058
5,63,19.714188903257277
5,64,15.888098666674216
5,65,16.042588503954935
5,66,18.767453778313183
5,67,17.467228728061503
5,68,14.181937815618053
5,69,16.332596962775494
5,70,18.762233369238682
5,71,16.651824570913146
5,72,15.679175627252953
5,73,19.395016488589345
5,74,20.487149811811864
5,75,18.58759391920166
5,76,20.76620931229163
5,77,23.850896130781624
5,78,24.572781047236955
5,79,25.668537129529415
5,80,26.25712023817769
5,81,29.739323978730333
5,82,30.879356975789694
5,83,31.667160012755634
5,84,28.202458901075442
5,85,26.601464047139398
5,86,29.325023846175323
5,87,28.768905623519956
5,88,24.99224277814471
5,89,25.317502732684904
5,90,27.632472656005376
5,91,25.75811955618124
5,92,22.41643037902315
5,93,24.5276752865064
5,94,25.914469877572003
5,95,22.590023426886493
5,96,21.413717957417585
5,97,24.727046634762324
5,98,24.31109459516645
5,99,20.817609522547176
5,100,22.378867489605938
5,101,25.25100823184377
5,102,23.12065083571173
5,103,20.916155543494153
5,104,24.0721240637408
5,105,25.914600742030327
5,106,23.38591459431906
5,107,23.588632296849234
5,108,27.356081736789918
5,109,27.085653211091692
5,110,26.370023677303084
6,1,14.242238063198835
6,2,11.932349840164521
6,3,8.515897481470585
6,4,6.353400176359891
6,5,3.7367632161040327
6,7,3.7424016576620684
6,8,5.1785448701516295
6,9,7.849589825490568
6,10,8.323090843228874
6,11,9.90061940645991
6,12,11.66008338508423
6,13,15.414562948111431
6,14,17.766600702293633
6,15,19.705981742018864
6,16,22.7765376817009
6,17,26.159314953312503
6,18,26.733471318506822
6,19,29.483427743453348
6,20,32.621471825619835
6,21,32.369872246838
6,22,35.44082076255718
6,23,35.15286583244123
6,24,38.804909643396876
6,25,40.34140113750204
6,26,41.281442446106325
6,27,39.30107017858897
6,28,35.93659879911991
6,29,36.32558950459521
6,30,36.93603357875871
6,31,34.22456908560083
6,32,31.715651389017122
6,33,32.95709363742968
6,34,32.62517183310119
6,35,29.248477840985018
6,36,27.399988363218057
6,37,25.62024736362856
6,38,23.756213777630755
6,39,21.996624755490334
6,40,19.18576957486567
6,41,20.391014194383583
6,42,17.450983928349444
6,43,15.598565524348325
6,44,12.388744021015492
6,45,13.156964492967113
6,46,12.608418131305648
6,47,14.867155191087909
6,48,18.41382004693427
6,49,19.73916002520017
6,50,17.81919542405796
6,51,20.21672518998042
6,52,23.96727082994704
6,53,24.95175526867027
6,54,24.438958231999145
6,55,24.939105154984368
6,56,22.23131087202454
6,57,19.72552353188543
6,58,21.007310511560267
6,59,21.100524176163407
6,60,17.435414692969367
6,61,16.410190787232654
6,62,18.67084028195548
6,63,17.414635390300443
6,64,13.645722512244749
6,65,14.605249496331428
6,66,17.176958029721764
6,67,15.3841700769854
6,68,12.567004954400527
6,69,15.405707493932688
6,70,17.41631789465357
6,71,15.271476879300202
6,72,15.173249492923429
6,73,18.866497970272746
6,74,19.540571983485425
6,75,18.09670001181848
6,76,20.755752452167737
6,77,23.426452804944297
6,78,24.034181839267905
6,79,24.650812080942483
6,80,25.066950743005467
6,81,28.35671482719535
6,82,29.217655506667995
6,83,30.35254971038019
6,84,27.10054234594469
6,85,25.096814667533295
6,86,27.802451980160015
6,87,27.705349641084553
6,88,23.956857481575568
6,89,23.859025385399956
6,90,26.45612623531884
6,91,25.054550218145604
6,92,21.50366614422974
6,93,23.30612158225374
6,94,25.169894082323047
6,95,22.155046523282735
6,96,20.48313657729019
6,97,23.819337508523336
6,98,23.97968271297321
6,99,20.48069434648768
6,100,21.56780089519503
6,101,24.780836862258113
6,102,23.145922208784054
6,103,20.63199252025519
6,104,23.45676134327385
6,105,25.778111045332555
6,106,23.513924735842465
6,107,23.192988552871174
6,108,27.017486971200444
6,109,27.258007932536184
6,110,26.427202816200015
7,1,11.63349242622388
7,2,10.05409736770628
7,3,7.211983971966018
7,4,6.602984670128821
7,5,6.045177855146551
7,6,3.7424016576620684
7,8,3.7614340275003326
7,9,5.452355117424866
7,10,4.769030121592904
7,11,6.7443336293382385
7,12,8.748494348672082
7,13,12.42135871512656
7,14,15.212535796414146
7,15,17.198923104699546
7,16,19.951225092295537
7,17,23.43173931600283
7,18,23.90318730450104
7,19,26.418045299751483
7,20,29.579993160510124
7,21,29.190298325803933
7,22,32.236423811660764
7,23,31.955897617282577
7,24,35.56035568784641
7,25,37.27494064855834
7,26,38.39429391727219
7,27,36.58500753816635
7,28,33.10324188928675
7,29,33.43483825833777
7,30,34.308364477323714
7,31,31.703484746756658
7,32,29.014938264607714
7,33,30.37034555970008
7,34,30.355593834329614
7,35,26.97471784304379
7,36,24.868992467676755
7,37,23.433707969185974
7,38,21.676833712114746
7,39,19.475204147661678
7,40,16.519746098026175
7,41,17.66842870470432
7,42,14.518323875879013
7,43,12.249174590814391
7,44,8.824006265719326
7,45,9.436249571427192
7,46,9.187154772340888
7,47,11.798756504770115
7,48,15.140659980359956
7,49,16.838904616563344
7,50,14.947090756837683
7,51,17.01484028742725
7,52,20.782237460465186
7,53,21.502424447970082
7,54,20.801312606124124
7,55,21.298370879906848
7,56,18.728420980725822
7,57,16.09918609905919
7,58,17.288417329174813
7,59,17.53241145445778
7,60,13.919284920190893
7,61,12.715953041688355
7,62,15.144725722421269
7,63,14.183260877230344
7,64,10.427484911172224
7,65,11.373512196994872
7,66,14.294260593756745
7,67,12.938725094981223
7,68,10.376950210679853
7,69,13.23658369553931
7,70,15.564573942452547
7,71,14.156583927756063
7,72,14.236739156098535
7,73,17.636997042497494
7,74,18.71478879166754
7,75,17.91975938153345
7,76,20.381108808014975
7,77,22.960769529238735
7,78,22.97536382022079
7,79,23.19146881262293
7,80,23.08521043864761
7,81,26.215988938222484
7,82,26.751407154623525
7,83,27.715044376069798
7,84,24.55090013701483
7,85,22.3708615691046
7,86,24.80347791330503
7,87,24.681450292209565
7,88,20.95772353474538
7,89,20.602819197669195
7,90,23.065846566374546
7,91,21.733778667022573
7,92,18.101494322777054
7,93,19.702039292318513
7,94,21.58959630580967
7,95,18.656647346728374
7,96,16.807145203040402
7,97,20.12140909286769
7,98,20.435246947383273
7,99,16.972333173918262
7,100,17.974131701657484
7,101,21.290181847284842
7,102,19.889417872166142
7,103,17.413366260519073
7,104,20.197726321178596
7,105,22.675338706854724
7,106,20.729700629229935
7,107,20.393282055913833
7,108,24.191273617118497
7,109,24.710641658812662
7,110,24.19101569792641
8,1,13.65840036322855
8,2,12.64576671799946
8,3,9.643437571741687
8,4,9.45177323074112
8,5,8.400436730361314
8,6,5.1785448701516295
8,7,3.7614340275003326
8,9,3.7243764950673217
8,10,5.533502252220075
8,11,8.683335388064341
8,12,11.566652101073746
8,13,14.92511378503266
8,14,18.078772797656033
8,15,20.308612912296155
8,16,22.77917016228199
8,17,26.353175695830004
8,18,26.751486091813998
8,19,28.974516641160275
8,20,32.1100332557523
8,21,31.43697121985519
8,22,34.321587037301086
8,23,33.812188119401796
8,24,37.28847145017626
8,25,39.136451811552625
8,26,40.530271223331695
8,27,38.734430708109976
8,28,35.18991218630739
8,29,35.72719675594014
8,30,36.83447157976212
8,31,34.163389535790074
8,32,31.49322629983935
8,33,33.12475464450712
8,34,33.23732255451903
8,35,29.762335641295127
8,36,27.668954092469225
8,37,26.551130450397636
8,38,24.632131412458264
8,39,22.22412935688025
8,40,19.409501431733446
8,41,20.674682270246564
8,42,17.401781419589398
8,43,14.630841970918398
8,44,10.894998270892675
8,45,10.282615135641644
8,46,8.776633183695242
8,47,11.313956711302541
8,48,14.631826269333446
8,49,15.565494770359676
8,50,13.140364387889836
8,51,15.515280014198309
8,52,19.180238351203766
8,53,20.529848552636317
8,54,20.483762717343428
8,55,20.876826972209024
8,56,17.839960774176344
8,57,15.687381985646466
8,58,17.525125383759537
8,59,17.411561286384416
8,60,13.629218302616458
8,61,13.390579235300738
8,62,16.08796571548378
8,63,14.69038491998183
8,64,11.285301643221539
8,65,13.243624670390945
8,66,16.002469746032087
8,67,14.240436221114871
8,68,12.469724513795557
8,69,15.787411221633668
8,70,17.637641956648473
8,71,16.2092831926871
8,72,16.998385999148805
8,73,20.301276890171998
8,74,20.940423078059133
8,75,20.39117694361199
8,76,23.190521020545237
8,77,25.438109417665427
8,78,25.47826650320671
8,79,25.327845125794873
8,80,25.077362127741033
8,81,27.948697814117995
8,82,28.13492823704637
8,83,29.413171350055713
8,84,26.528598424154506
8,85,23.95038313199709
8,86,26.20920875356817
8,87,26.52918915294241
8,88,22.92468436808883
8,89,22.021468462591297
8,90,24.590818048016036
8,91,23.71967304202787
8,92,19.95951910344512
8,93,20.98449536601625
8,94,23.177440688664497
8,95,20.556416220303586
8,96,18.125787957502865
8,97,21.139992058958754
8,98,21.907640668193096
8,99,18.397500196850224
8,100,18.643590168703327
8,101,22.082896125960016
8,102,21.04628094319853
8,103,18.090939287376298
8,104,20.33126961899393
8,105,23.147252446937575
8,106,21.202817689476557
8,107,20.18803862348195
8,108,23.97185968133482
8,109,24.82392213553064
8,110,23.863906422451247
9,1,11.230260748416429
9,2,11.014647157426111
9,3,8.559037057728464
9,4,9.79887931279144
9,5,10.103147254311029
9,6,7.849589825490568
9,7,5.452355117424866
9,8,3.7243764950673217
9,10,3.773719158181019
9,11,6.688916995632918
9,12,10.249900685846722
9,13,13.045280830383646
9,14,16.41485516318083
9,15,19.0781418920445
9,16,21.26475247917143
9,17,24.97561387155897
9,18,25.664671404954444
9,19,27.63991358704435
9,20,30.932162847872895
9,21,30.35312155235977
9,22,33.31678270396921
9,23,33.04326903609061
9,24,36.43616949329248
9,25,38.58759738127836
9,26,40.148431194778446
9,27,38.673131399859415
9,28,35.0085595417144
9,29,35.27692657245451
9,30,36.6667350730842
9,31,34.27087000538546
9,32,31.326113493745012
9,33,32.84633437237068
9,34,33.368825673482604
9,35,30.05050723194565
9,36,27.57138578168473
9,37,26.66288782722565
9,38,25.15444227658905
9,39,22.378160129302696
9,40,19.26816657846024
9,41,19.984426234565948
9,42,16.412649640199664
9,43,13.50199745423607
9,44,9.799088307582121
9,45,8.172397740783293
9,46,5.770624899797805
9,47,7.71104768034514
9,48,11.17480586241692
9,49,12.030348888632085
9,50,10.000568030797362
9,51,12.678345426851239
9,52,16.417653066852555
9,53,17.663132041567067
9,54,17.733037721337297
9,55,18.64216418102032
9,56,15.74518087546917
9,57,13.262017964219439
9,58,15.524747138842834
9,59,16.039800932438116
9,60,12.411784688947716
9,61,11.954659238829901
9,62,15.243791957620832
9,63,14.589392345101329
9,64,11.488153832621736
9,65,13.18065864651583
9,66,16.422267999141578
9,67,15.41013721975129
9,68,13.881556486299848
9,69,16.838454798950465
9,70,19.12187121058376
9,71,18.338932186815704
9,72,18.9137496775082
9,73,21.98063780269834
9,74,23.094625668555928
9,75,22.81638356157924
9,76,25.291197086139146
9,77,27.64735498099194
9,78,27.27471566735985
9,79,26.958532142175077
9,80,26.26005146115099
9,81,28.983647077137274
9,82,28.850169448505937
9,83,29.79896145933371
9,84,26.996197408017405
9,85,24.349920929559932
9,86,26.160899998814784
9,87,26.280793777796518
9,88,22.76559500032141
9,89,21.575436877031468
9,90,23.704472189241166
9,91,22.741100571830522
9,92,18.99444723715172
9,93,19.582150929151556
9,94,21.458897225986682
9,95,18.803490804174498
9,96,16.138807072769897
9,97,18.769529855649182
9,98,19.415257516240597
9,99,15.791760089481956
9,100,15.698283501192357
9,101,18.98569661757897
9,102,17.928066356445996
9,103,14.742108519732898
9,104,16.832942669340497
9,105,19.638589371945883
9,106,17.648631788884725
9,107,16.489977302993857
9,108,20.26970140674182
9,109,21.170574927717812
9,110,20.207860258041695
10,1,8.890620775903008
10,2,8.92005561108129
10,3,7.334739197277584
10,4,8.975163597277904
10,5,10.039544656831021
10,6,8.323090843228874
10,7,4.769030121592904
10,8,5.533502252220075
10,9,3.773719158181019
10,11,3.7693496310239105
10,12,6.879670195947292
10,13,9.741668638319238
10,14,13.20078608336245
10,15,15.578359960578144
10,16,17.706248406629484
10,17,21.36772059767471
10,18,21.936452750416304
10,19,23.973380035220984
10,20,27.248917811923473
10,21,26.737776248292864
10,22,29.769853491313793
10,23,29.607711089127783
10,24,33.072545306277355
10,25,35.174775738518896
10,26,36.620421153127594
10,27,35.1847839523203
10,28,31.526464070629988
10,29,31.670379242060548
10,30,33.012431849684575
10,31,30.69002726723621
10,32,27.68572419333384
10,33,29.115384483926363
10,34,29.68290003552367
10,35,26.424724312789536
10,36,23.859259648118375
10,37,22.968230215484127
10,38,21.590221069702267
10,39,18.741177233691527
10,40,15.549119288906635
10,41,16.22358842882221
10,42,12.677157325721137
10,43,9.759091170116506
10,44,6.064111851682356
10,45,5.12279196044961
10,46,4.5181949912015105
10,47,7.316051610099581
10,48,10.438915028861995
10,49,12.45574025476893
10,50,10.833136584279956
10,51,12.674080156911915
10,52,16.45903196987443
10,53,16.92052401328971
10,54,16.19340477631666
10,55,17.023402240136114
10,56,14.607965586855322
10,57,11.672938593086505
10,58,13.186618492103591
10,59,13.987550995814805
10,60,10.51482490698806
10,61,9.119844025599935
10,62,12.286952361527472
10,63,12.120550688693697
10,64,8.854287229993641
10,65,9.812864436139334
10,66,13.303964548583878
10,67,12.868052713114968
10,68,11.149118334483948
10,69,13.671924894797442
10,70,16.316911870619588
10,71,15.995270934851762
10,72,16.25744212295417
10,73,19.08959327418503
10,74,20.628425516878966
10,75,20.56125248492229
10,76,22.683811123104206
10,77,25.11613899647843
10,78,24.429565325436034
10,79,24.126352638528864
10,80,23.262134322861616
10,81,26.03796199012247
10,82,25.986731580246605
10,83,26.645896281469973
10,84,23.724194357959796
10,85,21.27395172783547
10,86,23.071842984987665
10,87,22.895761076678003
10,88,19.332175610799794
10,89,18.391213049604143
10,90,20.413581100393593
10,91,19.197782778768737
10,92,15.48654482245291
10,93,16.406634624907394
10,94,18.15711332026449
10,95,15.346952279079323
10,96,12.981293392498907
10,97,15.955844177788736
10,98,16.44121822722247
10,99,12.891396197714156
10,100,13.418097906381291
10,101,16.800418183265574
10,102,15.694910130318807
10,103,13.009109160685279
10,104,15.576541450278764
10,105,18.27222737495706
10,106,16.635472570230483
10,107,16.09703815784102
10,108,19.8375250519599
10,109,20.71264677323014
10,110,20.433088746098658
11,1,5.247187532822883
11,2,5.424724813789646
11,3,5.132682873905105
11,4,7.862138237892177
11,5,10.256682699625378
11,6,9.90061940645991
11,7,6.7443336293382385
11,8,8.683335388064341
11,9,6.688916995632918
11,10,3.7693496310239105
11,12,3.790068073710246
11,13,6.4731812075885085
11,14,9.728298110700218
11,15,12.491674909180759
11,16,14.810107005188375
11,17,18.548791888027363
11,18,19.61314793703467
11,19,21.820545003685172
11,20,25.299090662667126
11,21,25.26296199614636
11,22,28.551489056971487
11,23,28.85983688180295
11,24,32.373925872103335
11,25,34.546831476337225
11,26,35.80104337936932
11,27,34.593087866845195
11,28,30.951568363575237
11,29,30.65239759665323
11,30,31.92463963395143
11,31,29.90671100993862
11,32,26.70561671467142
11,33,27.684455705724847
11,34,28.411613421245626
11,35,25.431378903917384
11,36,22.576859869310283
11,37,21.446761622560015
11,38,20.651993478081096
11,39,17.842025772399197
11,40,14.272742615736446
11,41,14.129390283399017
11,42,10.404473958590966
11,43,8.235879595170733
11,44,5.435517869555337
11,45,5.399031463089089
11,46,5.983130493437197
11,47,7.349388160716063
11,48,10.32980556347598
11,49,12.900809843049611
11,50,12.368477787852711
11,51,14.094166459131717
11,52,17.770669352574412
11,53,17.587378588648658
11,54,16.344332225878308
11,55,17.735027148312497
11,56,15.991103307044913
11,57,12.516143755471138
11,58,13.593403100908995
11,59,15.247155660976448
11,60,12.302047675853943
11,61,9.854890147412531
11,62,12.964927001953756
11,63,13.769057265687419
11,64,10.678950678716152
11,65,10.293476985973053
11,66,14.056329046942693
11,67,14.464320143256227
11,68,12.317320109821392
11,69,13.944541951814498
11,70,17.175915690431633
11,71,17.16783593712144
11,72,16.6319695074618
11,73,19.316943661411692
11,74,21.44783033440748
11,75,21.2106307556888
11,76,22.788717287675233
11,77,25.561701947889116
11,78,24.710528897815884
11,79,24.718146693817673
11,80,23.794751860982007
11,81,26.684633643622856
11,82,26.792958240896112
11,83,26.937021314725932
11,84,23.83459668200777
11,85,21.810008625030992
11,86,23.44562979206195
11,87,22.658091195893096
11,88,19.110734273455947
11,89,18.586252727261133
11,90,20.078650389395705
11,91,18.238667075225372
11,92,14.79100566257782
11,93,15.992368307171892
11,94,16.982778547841804
11,95,13.704916674633433
11,96,11.975188680798325
11,97,14.857872825071224
11,98,14.49143839390215
11,99,10.824900217702902
11,100,12.130947598246841
11,101,15.049478339970458
11,102,13.262136737573856
11,103,11.00846440017753
11,104,14.19405307548536
11,105,16.28297983049231
11,106,14.443809570296402
11,107,14.715323568247976
11,108,18.390266225399472
11,109,18.742099762977222
11,110,18.86511553101989
12,1,4.972752832166414
12,2,4.868609859851197
12,3,6.3301716446477645
12,4,8.54222246257032
12,5,11.304816718060163
12,6,11.66008338508423
12,7,8.748494348672082
12,8,11.566652101073746
12,9,10.249900685846722
12,10,6.879670195947292
12,11,3.790068073710246
12,13,3.8017965703222223
12,14,6.569883104888328
12,15,8.884690005929073
12,16,11.503346649773434
12,17,15.149660988707518
12,18,16.24842451939753
12,19,18.764785677435967
12,20,22.250046112141064
12,21,22.516205953833175
12,22,25.949749114231444
12,23,26.50947179076169
12,24,30.11653471930474
12,25,32.1354367847636
12,26,33.108705926954215
12,27,31.927999222037435
12,28,28.376963205538697
12,29,27.83994878193822
12,30,28.897913915592213
12,31,27.008593230229707
12,32,23.780475336616746
12,33,24.45257587785402
12,34,25.128428467543703
12,35,22.31351018778097
12,36,19.38816565755132
12,37,18.02157076196862
12,38,17.55733760794806
12,39,14.908382504474835
12,40,11.180287024579124
12,41,10.651784164130893
12,42,7.012485405495609
12,43,5.874217113364849
12,44,4.712569669843707
12,45,6.752370267817395
12,46,8.933040406507832
12,47,10.288802749818165
12,48,12.52982311235731
12,49,15.649738505266187
12,50,15.422761135502753
12,51,16.546237172507137
12,52,20.027059860659005
12,53,19.215399063990716
12,54,17.269585019547492
12,55,18.536358170416957
12,56,17.41277069233071
12,57,13.83812803819719
12,58,13.9139854269519
12,59,15.775119125190207
12,60,13.347570840080454
12,61,10.126733489472926
12,62,12.448711336139702
12,63,13.794799721054737
12,64,10.895306050066944
12,65,9.185021997957818
12,66,12.788472345988934
12,67,13.888451553952063
12,68,11.432706917561886
12,69,12.047899805499222
12,70,15.65588335724441
12,71,16.02101193095485
12,72,14.825946421226474
12,73,17.17481187849319
12,74,19.803255229064142
12,75,19.57787093115311
12,76,20.595739886320704
12,77,23.52971685339607
12,78,22.46832279047886
12,79,22.722572959240267
12,80,21.807046233331924
12,81,24.80589079112516
12,82,25.190369664399604
12,83,24.93671670950176
12,84,21.646053167100114
12,85,20.115042537133657
12,86,21.79354537336787
12,87,20.497644434093008
12,88,16.955858077984985
12,89,17.06618432716457
12,90,18.30642376051764
12,91,15.938852337198853
12,92,12.818729353011436
12,93,14.697558441609706
12,94,15.227490444942953
12,95,11.650638994310453
12,96,10.943764523912021
12,97,14.084794805505652
12,98,13.160274423931321
12,99,9.892184816013952
12,100,12.293088991820548
12,101,14.877035821404846
12,102,12.85658200763621
12,103,11.661119013107632
12,104,15.214449383119463
12,105,16.8126639782348
12,106,15.33603002918895
12,107,16.40281167155278
12,108,19.795562580970405
12,109,19.901127430469472
12,110,20.644397034004093
13,1,4.425656759899068
13,2,6.287626496690503
13,3,9.124990560270419
13,4,11.829563062830882
13,5,14.916016537776125
13,6,15.414562948111431
13,7,12.42135871512656
13,8,14.92511378503266
13,9,13.045280830383646
13,10,9.741668638319238
13,11,6.4731812075885085
13,12,3.8017965703222223
13,14,3.795030795444782
13,15,6.565803310958026
13,16,8.480496873384551
13,17,12.2621206754622
13,18,13.78135945674555
13,19,16.00429911953528
13,20,19.65225358288426
13,21,20.192821759985055
13,22,23.736259051924666
13,23,24.70536629080669
13,24,28.19242928595648
13,25,30.446861170361622
13,26,31.46523668958752
13,27,30.68586599377154
13,28,27.11634987007861
13,29,26.165180579126464
13,30,27.453288771533785
13,31,25.99869797021355
13,32,22.52599567095328
13,33,22.913969904030296
13,34,24.08369863401997
13,35,21.639965353675386
13,36,18.320906045719607
13,37,17.27381304936476
13,38,17.519918348768407
13,39,14.646497111455236
13,40,10.886225474002309
13,41,9.239893993470233
13,42,5.634230932812583
13,43,5.459378672422034
13,44,6.323052045957626
13,45,7.75394591480736
13,46,10.272131714840238
13,47,10.745766784880665
13,48,12.001480538907174
13,49,15.47322507650529
13,50,16.001112793604115
13,51,16.61400630913804
13,52,19.71754540306414
13,53,18.254796779033754
13,54,15.859074774494351
13,55,17.522114745691937
13,56,17.144547082651414
13,57,13.422823651659119
13,58,13.058120003691487
13,59,15.643882403956658
13,60,13.99290903755426
13,61,10.394710026392834
13,62,12.506385649201832
13,63,14.79854911428311
13,64,12.681926188332493
13,65,10.427312258256396
13,66,13.84196049357852
13,67,15.788933881236709
13,68,13.844391046127507
13,69,13.729267867450496
13,70,17.40494801785965
13,71,18.452888260466842
13,72,17.124814789943773
13,73,18.872105620622804
13,74,21.871122993679474
13,75,21.98908452173878
13,76,22.525080999338027
13,77,25.38225926215347
13,78,23.864704376366426
13,79,23.959304333173808
13,80,22.605678201983224
13,81,25.325607237756838
13,82,25.45947284488725
13,83,24.69357992058487
13,84,21.572390121778188
13,85,20.26135960616569
13,86,21.364306391285425
13,87,19.639510558725696
13,88,16.43555343319975
13,89,16.52369222313081
13,90,16.97686510874844
13,91,14.273587996238442
13,92,11.643093415887265
13,93,13.22261909449293
13,94,12.88189042394284
13,95,9.140299355924796
13,96,9.069923541368244
13,97,11.663217293574672
13,98,9.987236355770886
13,99,6.978123804535274
13,100,10.046276833257673
13,101,11.988567252144327
13,102,9.725648968770132
13,103,9.448956082632396
13,104,13.120358856974303
13,105,14.19109191920367
13,106,13.168729141295334
13,107,14.859279055298895
13,108,17.839153632882518
13,109,17.849378290157805
13,110,19.231143366097676
14,1,6.496282641486753
14,2,7.4813415368510965
14,3,10.923504738502894
14,4,13.252936538379831
14,5,16.582314244749256
14,6,17.766600702293633
14,7,15.212535796414146
14,8,18.078772797656033
14,9,16.41485516318083
14,10,13.20078608336245
14,11,9.728298110700218
14,12,6.569883104888328
14,13,3.795030795444782
14,15,3.81107536580833
14,16,6.331405659233426
14,17,9.849749867597229
14,18,12.119127911645984
14,19,14.71292110053066
14,20,18.404321587575048
14,21,19.638336620042907
14,22,23.353582125729947
14,23,24.8181359186972
14,24,28.28849377712121
14,25,30.405231917886123
14,26,31.050652053223683
14,27,30.4388081499222
14,28,27.060263061963973
14,29,25.66374629227828
14,30,26.66322273346943
14,31,25.553032846884804
14,32,22.076892842145007
14,33,21.827078093639475
14,34,22.994200616222933
14,35,20.997611662536496
14,36,17.612572739652556
14,37,16.159713067238645
14,38,17.137268600698903
14,39,14.759878445659774
14,40,11.121678032474545
14,41,8.450908675842399
14,42,5.9251092727779255
14,43,7.856214675764909
14,44,9.659948329291504
14,45,11.521874138326185
14,46,14.025059741641888
14,47,14.188255637177877
14,48,15.282081600348004
14,49,18.70281281181183
14,50,19.58262984044541
14,51,20.16220589619311
14,52,23.10202448900901
14,53,21.350244441816834
14,54,18.706331692325953
14,55,20.474883792398217
14,56,20.514404732236507
14,57,16.830179202885873
14,58,16.076582683210784
14,59,18.788714935917003
14,60,17.47013136546948
14,61,13.742496256533716
14,62,15.295972238018692
14,63,17.791910085183442
14,64,15.801528713956271
14,65,13.019512384831842
14,66,16.00301386582257
14,67,18.24144914986467
14,68,16.047754365475008
14,69,15.193791160169642
14,70,18.963119834153165
14,71,20.076196040528586
14,72,18.10936110048077
14,73,19.568858455951993
14,74,22.904073805001964
14,75,22.793454171709154
14,76,22.74702457983745
14,77,25.808988996467466
14,78,24.267970579798366
14,79,24.76496433288855
14,80,23.560032943094097
14,81,26.341611167684903
14,82,26.77986852750784
14,83,25.582178432053535
14,84,22.35761340369889
14,85,21.663919559599904
14,86,22.715783272065572
14,87,20.438089561855982
14,88,17.469595907352073
14,89,18.208178749674097
14,90,18.204244973141964
14,91,14.964561120125571
14,92,13.114802205661336
14,93,15.084161155722557
14,94,13.953369338279668
14,95,10.209376527347983
14,96,11.392868673375007
14,97,13.554298257638262
14,98,11.0255577737504
14,99,8.953778523757313
14,100,12.496554158398999
14,101,13.536326046277427
14,102,10.810750764705183
14,103,11.587070675999565
14,104,15.263576969139828
14,105,15.47161196954877
14,106,14.480574644404804
14,107,16.908512018789867
14,108,19.494225493997202
14,109,18.924494867329337
14,110,20.674013048361335
15,1,10.14769353011475
15,2,10.736576230431421
15,3,13.84746702535676
15,4,15.564812315608162
15,5,18.551425108434024
15,6,19.705981742018864
15,7,17.198923104699546
15,8,20.308612912296155
15,9,19.0781418920445
15,10,15.578359960578144
15,11,12.491674909180759
15,12,8.884690005929073
15,13,6.565803310958026
15,14,3.81107536580833
15,16,3.789590341135306
15,17,6.784754883260625
15,18,8.800214351832535
15,19,11.865445999476593
15,20,15.38987442805851
15,21,16.871117271308382
15,22,20.618208538807703
15,23,22.2250109517369
15,24,25.74001918246513
15,25,27.587239751455925
15,26,27.927060852667775
15,27,27.284880291406882
15,28,24.0653313187676
15,29,22.511754317221715
15,30,23.246922707454505
15,31,22.246733319857942
15,32,18.841230842000545
15,33,18.298732654278645
15,34,19.386929735077384
15,35,17.610400202980774
15,36,14.242039871844794
15,37,12.643623785217587
15,38,14.079036849525023
15,39,12.045458737393647
15,40,8.781963994685833
15,41,5.479524299100634
15,42,4.723288854336859
15,43,8.136380969662472
15,44,10.970112801890462
15,45,13.514579926679742
15,46,16.579585768590754
15,47,17.252768823218084
15,48,18.065120132212936
15,49,21.68795006684727
15,50,22.330512928774546
15,51,22.471788721990023
15,52,25.260050157853332
15,53,23.2263874413234
15,54,20.192079814625455
15,55,21.491436682810527
15,56,21.884283749640534
15,57,18.448412744611403
15,58,16.941802725227806
15,59,19.385914127551107
15,60,18.492986310944435
15,61,14.674436974147985
15,62,15.287829173692952
15,63,17.892543084523428
15,64,16.29277274117614
15,65,12.931697273589634
15,66,15.186520984254324
15,67,17.83443463434221
15,68,15.781756601405169
15,69,14.050634298792207
15,70,17.678742429804085
15,71,19.185004622685227
15,72,16.915331712351215
15,73,17.72882961549248
15,74,21.326638043461468
15,75,21.419048795728834
15,76,20.81387502013528
15,77,23.758304630480364
15,78,21.948741385281174
15,79,22.551861554837664
15,80,21.32629643604582
15,81,24.039557908615567
15,82,24.708346003114556
15,83,23.16600778147266
15,84,19.905992248720537
15,85,19.774743438656536
15,86,20.81485626928467
15,87,18.132155990520562
15,88,15.401229360136476
15,89,16.807107383849377
15,90,16.579106443140937
15,91,13.00661881674271
15,92,11.877119094163294
15,93,14.427711684524645
15,94,13.026001684752782
15,95,9.573059377592948
15,96,11.832037398182269
15,97,14.06721527323662
15,98,11.587761723813154
15,99,10.540282865995652
15,100,14.331731409065524
15,101,15.256220459252932
15,102,13.073464873408085
15,103,14.44803864519063
15,104,17.892888328938316
15,105,18.0750840374521
15,106,17.641714865177512
15,107,20.11792043084758
15,108,22.482471599471936
15,109,22.079655735425703
15,110,24.11207793155606
16,1,12.263231535754771
16,2,13.710929370075316
16,3,16.933288035956263
16,4,18.973276372510874
16,5,21.947757249961878
16,6,22.7765376817009
16,7,19.951225092295537
16,8,22.77917016228199
16,9,21.26475247917143
16,10,17.706248406629484
16,11,14.810107005188375
16,12,11.503346649773434
16,13,8.480496873384551
16,14,6.331405659233426
16,15,3.789590341135306
16,17,3.79356331231283
16,18,6.058721924810173
16,19,8.495268801657366
16,20,12.173117584329395
16,21,13.806307622882604
16,22,17.574822190201935
16,23,19.512966299058604
16,24,22.842702404190394
16,25,24.918980341596345
16,26,25.395103903166003
16,27,25.169425918539325
16,28,21.941852668452455
16,29,20.05942841966625
16,30,21.163752602137905
16,31,20.611245562859835
16,32,17.011572686956846
