1,2,3.795375835604445
1,3,5.591888789243275
1,4,8.790332934617826
1,5,10.696676102028965
1,6,13.812732029325682
1,7,16.26149194187209
1,8,18.172883234462518
1,9,16.63778327225259
1,10,14.445279478768436
1,11,10.772510511917403
1,12,8.950893703933916
1,13,8.282508727588986
1,14,6.754645155629579
1,15,9.693738504704468
1,16,12.65961586073356
1,17,15.758981589802875
1,18,18.593173042456918
1,19,21.395736601781024
1,20,25.040490315027444
1,21,26.629816131618355
1,22,30.363513139702327
1,23,31.845731151306293
1,24,35.41152258183419
1,25,37.41322130057543
1,26,37.93160509603376
1,27,37.118652480352175
1,28,33.808123511499495
1,29,32.523361729638296
1,30,33.22985823761709
1,31,31.894908189063617
1,32,28.594338545919044
1,33,28.23848249784284
1,34,28.92909148951915
1,35,26.880462157091568
1,36,23.75524047919172
1,37,21.71314614760936
1,38,22.424571832431038
1,39,20.498717050233314
1,40,16.848372280147714
1,41,14.550971683898176
1,42,11.993767906617798
1,43,13.228820249486503
1,44,13.438694788967165
1,45,14.719557048723328
1,46,15.971908221260918
1,47,15.311134118776026
1,48,17.35892583278917
1,49,19.81387731884078
1,50,21.107670825553722
1,51,22.729391171561318
1,52,25.973227160589023
1,53,25.047513999113413
1,54,23.12981472982269
1,55,25.31449282226633
1,56,24.683576551127672
1,57,20.89014752204928
1,58,21.052175842235783
1,59,23.6825927633928
1,60,21.754478144125013
1,61,18.41814302511457
1,62,20.613603327188507
1,63,22.45600543833824
1,64,19.626957094884734
1,65,17.64240402385165
1,66,20.930946371212382
1,67,22.123996917592038
1,68,19.195703795355023
1,69,19.26463311271856
1,70,22.99405991385519
1,71,23.096546118899198
1,72,20.954415111485382
1,73,23.227690378491413
1,74,26.346708048058055
1,75,25.412805755365298
1,76,25.604319562239297
1,77,29.015950550227647
1,78,28.24271073138787
1,79,29.36710962632776
1,80,28.6673591845851
1,81,31.780276482587563
1,82,32.48055647436576
1,83,31.766323576220877
1,84,28.32771222969366
1,85,27.54252267731409
1,86,29.032242151379005
1,87,26.957931368778333
1,88,23.71681869260288
1,89,24.501874132765515
1,90,24.92194082613424
1,91,21.85327823178413
1,92,19.530352801955832
1,93,21.36424445961791
1,94,20.61856797762824
1,95,16.835529113015028
1,96,17.128063135629866
1,97,19.241389515084613
1,98,16.733180964110147
1,99,14.008764598950544
1,100,16.745259751279846
1,101,17.754034471596782
1,102,14.39209605035972
1,103,14.174753700087019
1,104,17.896039611441356
1,105,17.679331931072113
1,106,15.384192715059228
1,107,18.752224382595763
1,108,19.962215260512664
2,1,3.795375835604445
2,3,3.8006034429482
2,4,5.697544448211961
2,5,7.594830799030975
2,6,10.381428823558732
2,7,12.951963354233374
2,8,15.05434664044753
2,9,13.90290466978324
2,10,12.102569473321307
2,11,8.862031480511634
2,12,7.781090340196266
2,13,8.786632796500866
2,14,8.651355005148767
2,15,11.60498635459546
2,16,14.93284020176531
2,17,18.240479933369322
2,18,20.622247798343636
2,19,23.567500206505727
2,20,27.176662474100866
2,21,28.397590974666215
2,22,32.04504095256286
2,23,33.14109618680935
2,24,36.79987756095961
2,25,38.71043922241082
2,26,39.303426264877885
2,27,38.17582444537244
2,28,34.81215784111388
2,29,33.91077217970747
2,30,34.54499628507127
2,31,32.82818069186174
2,32,29.67954461659995
2,33,29.677939095660932
2,34,30.051907664077103
2,35,27.630670176652185
2,36,24.737509802477938
2,37,22.605851169152686
2,38,22.69618908180751
2,39,20.80418396621012
2,40,17.1264426106614
2,41,15.590200466251684
2,42,12.655149215402348
2,43,13.16098032807414
2,44,12.36895189294774
2,45,13.65494463178216
2,46,14.482376069762884
2,47,14.233448564785332
2,48,16.969448111993444
2,49,19.13818183763479
2,50,19.915660846949912
2,51,21.952462134879376
2,52,25.46142297867141
2,53,25.039153500960673
2,54,23.465381127033123
2,55,25.41443020476416
2,56,24.235886892632486
2,57,20.521260606182363
2,58,21.048132582848307
2,59,23.241953088818907
2,60,20.800171169729932
2,61,17.78727555030998
2,62,20.1863232931276
2,63,21.42772027191471
2,64,18.19901930169645
2,65,16.69911666196779
2,66,20.05521890207839
2,67,20.613479344088443
2,68,17.473718686870743
2,69,18.13437818091187
2,70,21.7057862352506
2,71,21.26572068077101
2,72,19.320961517068305
2,73,22.05964704950776
2,74,24.830985169679188
2,75,23.615586301742788
2,76,24.274139777895098
2,77,27.70592126831796
2,78,27.31402962450337
2,79,28.483223071875116
2,80,28.06366872210561
2,81,31.33257633022361
2,82,32.13238754177302
2,83,31.854907619152584
2,84,28.345963850434483
2,85,27.29765482987504
2,86,29.147343504938796
2,87,27.465780721654443
2,88,23.968177529119384
2,89,24.63205726327711
2,90,25.602210890975453
2,91,22.824035054898626
2,92,20.05318965129082
2,93,21.96022829049793
2,94,21.864331457865276
2,95,18.063748521408424
2,96,17.784653942645328
2,97,20.335071136945267
2,98,18.411817723936853
2,99,15.22659444374986
2,100,17.600664929840114
2,101,19.274783875559784
2,102,16.19177732322365
2,103,15.141725867300567
2,104,18.854217509305034
2,105,19.256977352040565
2,106,16.661932954975025
2,107,19.738635507603686
2,108,21.374635091963047
3,1,5.591888789243275
3,2,3.8006034429482
3,4,3.818767018216024
3,5,5.838129632792738
3,6,8.858054108720964
3,7,11.10711398508383
3,8,12.748358291633787
3,9,11.11758518513462
3,10,8.877101452894813
3,11,5.302335944320669
3,12,4.598641063693773
3,13,5.901403184115895
3,14,7.269739452967048
3,15,10.594796839244529
3,16,13.573414835870034
3,17,17.205416421674478
3,18,19.223302765246828
3,19,21.872449857197306
3,20,25.521614658453156
3,21,26.32937628548992
3,22,29.870541106201927
3,23,30.735777708573337
3,24,34.35561859391359
3,25,36.43641820557974
3,26,37.32709951016659
3,27,36.22051030753781
3,28,32.71000042257193
3,29,32.0041038096018
3,30,32.95389160468152
3,31,31.13234042101454
3,32,27.8951923094043
3,33,28.28849793904802
3,34,28.886382917583923
3,35,26.25860185076515
3,36,23.23561121710317
3,37,21.589756830497222
3,38,21.413436339120132
3,39,19.022770811089384
3,40,15.230203009390587
3,41,13.955594289130612
3,42,10.504900130680163
3,43,10.153444189934104
3,44,9.002659951128578
3,45,9.908402953128373
3,46,10.814316097777477
3,47,10.754755588017813
3,48,13.454438502308168
3,49,15.867115938975552
3,50,16.454371321881613
3,51,18.29274498032397
3,52,21.82006500794328
3,53,21.384549316838605
3,54,19.828982547970067
3,55,21.691074425846693
3,56,20.439732550399892
3,57,16.73549279242324
3,58,17.361007873057986
3,59,19.544034468451443
3,60,17.102034543577762
3,61,14.14522462441073
3,62,16.772329907697824
3,63,18.079096429324416
3,64,14.946847001998476
3,65,13.700119844892065
3,66,17.27722839630122
3,67,17.931828216798795
3,68,15.170812575992155
3,69,16.13408757558767
3,70,19.680032371176594
3,71,19.559780225039535
3,72,18.14711453393474
3,73,20.821972464042428
3,74,23.521011702167588
3,75,22.801600971019273
3,76,23.734303084146806
3,77,26.88934750297776
3,78,26.186240745547277
3,79,26.872355947965048
3,80,26.08316038068357
3,81,29.162437694634075
3,82,29.611173792809584
3,83,29.445556751564578
3,84,26.099028641434753
3,85,24.686412262479557
3,86,26.357677037449985
3,87,24.926130383677183
3,88,21.405120274972912
3,89,21.64557281988257
3,90,22.679774224682422
3,91,20.189479927593283
3,92,17.15517555181477
3,93,18.744080610608133
3,94,18.934401768835368
3,95,15.225417752985727
3,96,14.443373911017403
3,97,17.069427554305044
3,98,15.554863325843787
3,99,12.111077249075002
3,100,14.232894351858004
3,101,16.313164502394567
3,102,13.603419614515884
3,103,12.163922366419255
3,104,15.861263502640497
3,105,16.813831942100176
3,106,14.484908444920057
3,107,17.58533547268836
3,108,19.747715206318436
4,1,8.790332934617826
4,2,5.697544448211961
4,3,3.818767018216024
4,5,3.8012210276643343
4,6,5.503445720242255
4,7,7.942090327624664
4,8,9.620366419431864
4,9,8.238143142545777
4,10,6.990838499986424
4,11,4.722855055949302
4,12,6.202805207300434
4,13,8.85980524625125
4,14,10.91079249399597
4,15,14.015797251226815
4,16,17.026226385267744
4,17,20.679423901419007
4,18,22.389062678787173
4,19,25.0280557077481
4,20,28.60503749123045
4,21,29.094991111612696
4,22,32.50317314564822
4,23,33.02447727167653
4,24,36.65662893822756
4,25,38.69191762772826
4,26,39.69524728068448
4,27,38.3554936471931
4,28,34.81445023161107
4,29,34.4537182095372
4,30,35.3859842014014
4,31,33.26871612786798
4,32,30.18965462699438
4,33,30.898085471918396
4,34,31.266792545813566
4,35,28.36152477007493
4,36,25.57484845963228
4,37,23.93851387607596
4,38,23.228683664613847
4,39,20.8848744590549
4,40,17.219433359789896
4,41,16.646836238400095
4,42,13.102924496467782
4,43,11.958572330767076
4,44,9.618635823751744
4,45,10.018881814902873
4,46,9.897881485805527
4,47,10.170776335729299
4,48,13.583720105745591
4,49,15.359250033830595
4,50,15.381141340584177
4,51,17.786444866235154
4,52,21.500353334368455
4,53,21.72549448853709
4,54,20.723760173296593
4,55,22.389415488577825
4,56,20.52055152275831
4,57,17.05192914521169
4,58,18.24932185040837
4,59,19.921172803209135
4,60,16.94498163325997
4,61,14.625588045806603
4,62,17.5170455282981
4,63,18.09094892817915
4,64,14.60869362500304
4,65,14.227275990925564
4,66,17.77803807632342
4,67,17.641426874201887
4,68,14.854147527838132
4,69,16.620467664992603
4,70,19.82305797365804
4,71,19.10460390485482
4,72,18.115436963033396
4,73,21.228339144877882
4,74,23.43633839116415
4,75,22.47930628137666
4,76,23.96837311651319
4,77,27.042214321098875
4,78,26.730190772582954
4,79,27.375923782947815
4,80,26.831407167209903
4,81,29.973628082010446
4,82,30.43053465706149
4,83,30.72714679617883
4,84,27.414831349181352
4,85,25.684248899991957
4,86,27.616992662030416
4,87,26.647141000771427
4,88,22.98371793784068
4,89,22.97055519291017
4,90,24.4834952519335
4,91,22.392067313782444
4,92,19.029405818935118
4,93,20.472901921172436
4,94,21.257048663504616
4,95,17.726320901812205
4,96,16.329765442942275
4,97,19.113151512413026
4,98,18.18996522649347
4,99,14.521001605276085
4,100,15.972769862288791
4,101,18.49776558888683
4,102,16.11518932202363
4,103,13.920796478372122
4,104,17.29336416448144
4,105,18.716931160622504
4,106,16.10312323512532
4,107,18.671824404228683
4,108,21.10392865521328
5,1,10.696676102028965
5,2,7.594830799030975
5,3,5.838129632792738
5,4,3.8012210276643343
5,6,3.786716952468014
5,7,5.775709692464777
5,8,8.028975979730346
5,9,8.012578639318889
5,10,6.045990962813378
5,11,4.916826790608356
5,12,5.554468865143681
5,13,9.193053402975837
5,14,11.421812059324807
5,15,13.732557119287494
5,16,16.8974562994462
5,17,20.378261264746452
5,18,21.561556275072604
5,19,24.39811783387716
5,20,27.76458830263927
5,21,28.019239162389866
5,22,31.299549587290908
5,23,31.521783973214546
5,24,35.22174721312188
5,25,36.99038001446302
5,26,37.88038886531722
5,27,36.2424802475803
5,28,32.779604983510744
5,29,32.71049288495708
5,30,33.426333312359525
5,31,31.031322500571182
5,32,28.19113638324532
5,33,29.099455817246234
5,34,29.118956749071007
5,35,26.002442933221285
5,36,23.536375935546175
5,37,21.811827696926677
5,38,20.640676986582815
5,39,18.519645172874235
5,40,15.09910282295094
5,41,15.259006327202549
5,42,11.972191366985305
5,43,10.718908003832425
5,44,8.08991795573851
5,45,9.526766067791355
5,46,10.170338129714818
5,47,11.743686406847116
5,48,15.098172777571236
5,49,17.189232568868814
5,50,16.476618457904102
5,51,18.524146369670895
5,52,22.312957977749143
5,53,22.51076847249003
5,54,21.292527640531926
5,55,22.345848878106665
5,56,20.36564742406398
5,57,17.092840819532167
5,58,17.84655699090524
5,59,18.933923977726423
5,60,15.790456872891314
5,61,13.545573534161917
5,62,15.915358501126988
5,63,15.967687714259876
5,64,12.289967148921885
5,65,11.854515655100746
5,66,15.08614562047396
5,67,14.555203081972046
5,68,11.490682785520166
5,69,13.411957292036655
5,70,16.43950229162318
5,71,15.436518877028732
5,72,14.49135413490204
5,73,17.75028684084609
5,74,19.77469839658045
5,75,18.75710608255513
5,76,20.42120703260214
5,77,23.422454780207264
5,78,23.26549144918447
5,79,23.96888128575926
5,80,23.674460026641135
5,81,26.932998591955904
5,82,27.624657211890444
5,83,28.15151863671237
5,84,24.765375139495845
5,85,23.08512443597055
5,86,25.386830160061574
5,87,24.594770875046372
5,88,20.831640983663217
5,89,21.066538518177353
5,90,23.0181405250579
5,91,21.061143930391427
5,92,17.62683381785371
5,93,19.49793301096264
5,94,20.723667093642945
5,95,17.301557687690238
5,96,16.042409941679928
5,97,19.314924010150385
5,98,18.792057780568033
5,99,15.313101704428869
5,100,17.003300554613556
5,101,19.909100340757714
5,102,17.953516112529577
5,103,15.961655214187823
5,104,19.322857690627607
5,105,21.120338555103466
5,106,18.941053665218146
5,107,21.63624555105117
5,108,24.289494262702277
6,1,13.812732029325682
6,2,10.381428823558732
6,3,8.858054108720964
6,4,5.503445720242255
6,5,3.786716952468014
6,7,2.711673355720453
6,8,5.148306902973136
6,9,6.021298574410203
6,10,5.968408973531905
6,11,6.8541730055202645
6,12,8.895095819266023
6,13,12.514363224680555
6,14,15.043426482581133
6,15,17.463126618653597
6,16,20.515795771510714
6,17,24.035912899930732
6,18,25.076634652094413
6,19,27.78971350131365
6,20,31.10956734175606
6,21,31.108249319682717
6,22,34.24908174547828
6,23,34.2005735102301
6,24,37.849947412154336
6,25,39.62722760531665
6,26,40.6644330235105
6,27,38.887975556404626
6,28,35.40932132476282
6,29,35.61788421157596
6,30,36.38502535276889
6,31,33.798062008001985
6,32,31.089809181461654
6,33,32.26057782987407
6,34,32.17316324325715
6,35,28.887546227562677
6,36,26.60522236194925
6,37,24.999815772495328
6,38,23.466389084179305
6,39,21.365737940095574
6,40,18.147914186826828
6,41,18.70283208921106
6,42,15.395765311391234
6,43,13.60666869184184
6,44,10.352286049304693
6,45,10.910693235510342
6,46,10.396902135377639
6,47,12.073444332975786
6,48,15.745862879481342
6,49,17.121784391917444
6,50,15.915917857551523
6,51,18.4275568461557
6,52,22.24240888625922
6,53,23.07089443754989
6,54,22.431161300469054
6,55,23.354163517011067
6,56,20.853711005556026
6,57,17.93265444476391
6,58,19.258007810713337
6,59,19.896632564791933
6,60,16.38755693690473
6,61,14.9403510449345
6,62,17.517598895957633
6,63,16.90205416138859
6,64,13.140076355620481
6,65,13.724491589776026
6,66,16.753121660898305
6,67,15.456292651051802
6,68,12.704653835916291
6,69,15.371271237636881
6,70,17.848577890731207
6,71,16.299579579471736
6,72,15.976370734572148
6,73,19.490564323652176
6,74,20.907031097779484
6,75,19.734880134048073
6,76,21.955162478582213
6,77,24.744685266427364
6,78,24.945241574336425
6,79,25.51788171304475
6,80,25.39942613411545
6,81,28.594992665844682
6,82,29.198262986637776
6,83,30.146996323105913
6,84,26.904430622796024
6,85,24.907726457219482
6,86,27.31703468582091
6,87,26.9762747091208
6,88,23.206149090398622
6,89,23.100922659448237
6,90,25.358500848514772
6,91,23.80659272890578
6,92,20.194998660780087
6,93,21.748821027696298
6,94,23.37709113335627
6,95,20.17823556932785
6,96,18.40714466181051
6,97,21.59350809923673
6,98,21.490305469199185
6,99,17.881968921939468
6,100,18.947486478360755
6,101,22.06470106966432
6,102,20.32918592111469
6,103,17.80322327953639
6,104,20.804943983914026
6,105,22.894072900373637
6,106,20.507365233479902
6,107,22.708758833642978
6,108,25.520069049551154
7,1,16.26149194187209
7,2,12.951963354233374
7,3,11.10711398508383
7,4,7.942090327624664
7,5,5.775709692464777
7,6,2.711673355720453
7,8,2.913149079819985
7,9,5.346372984069076
7,10,5.812007736823924
7,11,8.036346796612241
7,12,10.257399328073621
7,13,13.93505045260966
7,14,16.767736146760157
7,15,18.936985487759085
7,16,21.806017814719254
7,17,25.267524311837818
7,18,25.951312231753093
7,19,28.544379037891144
7,20,31.722853249653856
7,21,31.407587876189034
7,22,34.36397055257419
7,23,34.016634471870496
7,24,37.614789214112385
7,25,39.33168479336791
7,26,40.475669036444785
7,27,38.55658343277984
7,28,35.088456490186935
7,29,35.58269147441428
7,30,36.38699552866509
7,31,33.617635366060796
7,32,31.060107086140988
7,33,32.52172297667116
7,34,32.34368748383343
7,35,28.897911953111628
7,36,26.806425332951633
7,37,25.412915003693193
7,38,23.518889523559988
7,39,21.396358385920657
7,40,18.44064296310055
7,41,19.485432613276814
7,42,16.286292262761734
7,43,14.084124813490696
7,44,10.547202215753114
7,45,10.925844390046725
7,46,10.254935862732346
7,47,12.538995586261711
7,48,16.090422905186955
7,49,17.334939600511266
7,50,15.552856811794467
7,51,17.925690088719936
7,52,21.689475830379884
7,53,22.748625216623637
7,54,22.281096949234797
7,55,22.81933522312659
7,56,20.066728233902683
7,57,17.49879195367724
7,58,18.875216160433517
7,59,19.002459477602077
7,60,15.339249930633875
7,61,14.433524937389429
7,62,16.840025118124622
7,63,15.676331438423727
7,64,11.964519792875977
7,65,13.174202467455423
7,66,15.88880191003952
7,67,14.090924047217788
7,68,11.694406554360363
7,69,14.818198941065534
7,70,16.833549979652293
7,71,15.096407835940397
7,72,15.367261740437653
7,73,18.885863871724453
7,74,19.88545350579275
7,75,18.889783122639383
7,76,21.468891973394445
7,77,23.956420166431794
7,78,24.224219618810995
7,79,24.54839076032486
7,80,24.455621187333584
7,81,27.54128403436582
7,82,28.05380607458113
7,83,29.309636302243195
7,84,26.21374602063503
7,85,23.996208728594695
7,86,26.495440863588467
7,87,26.522334174383666
7,88,22.786049637286386
7,89,22.48014848003978
7,90,25.02727347437576
7,91,23.840309052818252
7,92,20.14804781375417
7,93,21.57993749855622
7,94,23.609595586867957
7,95,20.682155530739003
7,96,18.66303688199632
7,97,21.918065875522757
7,98,22.27076196236133
7,99,18.75484125718848
7,100,19.5377060667357
7,101,22.900146265624016
7,102,21.566094189014873
7,103,18.91060498631141
7,104,21.658658800089196
7,105,24.092740104139633
7,106,21.933108317818146
7,107,23.971950977570117
7,108,27.006087443751262
8,1,18.172883234462518
8,2,15.05434664044753
8,3,12.748358291633787
8,4,9.620366419431864
8,5,8.028975979730346
8,6,5.148306902973136
8,7,2.913149079819985
8,9,3.792032666283055
8,10,5.536077325457462
8,11,8.777089955982072
8,12,11.594839794683734
8,13,15.02291136930056
8,14,18.224129542737778
8,15,20.475883348514618
8,16,23.02600474669635
8,17,26.53543336461114
8,18,27.05188385054437
8,19,29.355723244554095
8,20,32.491874905376584
8,21,31.893562393390834
8,22,34.693848958660965
8,23,34.15088417033539
8,24,37.636559466448276
8,25,39.4815936915838
8,26,40.87015760295254
8,27,38.99001869682896
8,28,35.458940410856485
8,29,36.11957194254804
8,30,37.156449028072686
8,31,34.34872628070972
8,32,31.78807716002663
8,33,33.509934470832725
8,34,33.491415172398604
8,35,29.972652437334883
8,36,27.857976008283654
8,37,26.82165441057953
8,38,24.799278771409124
8,39,22.421105504751214
8,40,19.56357511115554
8,41,20.75361543977171
8,42,17.469178544715152
8,43,14.758583488837441
8,44,10.993465772601715
8,45,10.51724246748381
8,46,9.130560894573481
8,47,11.591988337645901
8,48,14.98328206928538
8,49,15.849695562227724
8,50,13.615252689291003
8,51,16.016991197764153
8,52,19.68346663660067
8,53,21.090514350952013
8,54,21.005806372647974
8,55,21.394950771600243
8,56,18.35153140444604
8,57,16.13889407873969
8,58,17.893059052912047
8,59,17.730380469559105
8,60,13.967452956993847
8,61,13.731223170801632
8,62,16.310235925907758
8,63,14.87245831290736
8,64,11.409319356479235
8,65,13.389286027679926
8,66,16.024379447440577
8,67,14.058602182954147
8,68,12.372890480463925
8,69,15.807114303048323
8,70,17.50598117111405
8,71,15.970806193436067
8,72,16.849711748357926
8,73,20.19163209338791
8,74,20.945344378042805
8,75,20.338152384581505
8,76,23.119245807787298
8,77,25.294789338824227
8,78,25.405443770466132
8,79,25.32096318148375
8,80,24.976076563654573
8,81,27.807926395933457
8,82,27.97598367778353
8,83,29.4219509384403
8,84,26.57399701565141
8,85,24.016307178658785
8,86,26.320075522388073
8,87,26.687529625383352
8,88,23.055208082892126
8,89,22.285936100622152
8,90,24.89469327125349
8,91,24.098858698867907
8,92,20.32234042400727
8,93,21.298082246233896
8,94,23.593464578814814
8,95,20.961910160416327
8,96,18.50071559702551
8,97,21.558088912600866
8,98,22.33035072034499
8,99,18.844245790168173
8,100,19.073325346261644
8,101,22.575476938958015
8,102,21.623029775588158
8,103,18.685037572003193
8,104,21.02596295608198
8,105,23.771221241289076
8,106,21.762851980400036
8,107,23.46470178268891
8,108,26.705163356735206
9,1,16.63778327225259
9,2,13.90290466978324
9,3,11.11758518513462
9,4,8.238143142545777
9,5,8.012578639318889
9,6,6.021298574410203
9,7,5.346372984069076
9,8,3.792032666283055
9,10,3.8105080349163343
9,11,6.814541406634453
9,12,10.369617865555288
9,13,13.252978774533158
9,14,16.644709993535308
9,15,19.32818074678547
9,16,21.599090678866656
9,17,25.260624458484667
9,18,26.04871583804388
9,19,28.088938212697833
9,20,31.391020591282665
9,21,30.88040041258685
9,22,33.767339474093355
9,23,33.4589066862191
9,24,36.87726192960237
9,25,39.027167901786115
9,26,40.59477188405303
9,27,39.03420933342937
9,28,35.378302998100715
9,29,35.776835343090795
9,30,37.11282993847761
9,31,34.568647491379906
9,32,31.722525391272978
9,33,33.34818147936622
9,34,33.74565770320037
9,35,30.381645831631996
9,36,27.886187267043205
9,37,27.06415124282955
9,38,25.441506344599098
9,39,22.677091506006498
9,40,19.51430379288482
9,41,20.15978611775583
9,42,16.575325625962723
9,43,13.68097407801423
9,44,9.979737129208106
9,45,8.44287038006511
9,46,6.120048869420623
9,47,7.959182558274692
9,48,11.467280670362133
9,49,12.197547199384086
9,50,10.322341096265053
9,51,13.02946899350487
9,52,16.769172305042545
9,53,18.146059625586375
9,54,18.211265953719113
9,55,19.10816077854672
9,56,16.153592401486453
9,57,13.667701913789962
9,58,15.869104754121064
9,59,16.315042206504653
9,60,12.71391614910958
9,61,12.292661168173511
9,62,15.487142070970636
9,63,14.776822783617364
9,64,11.526581962121028
9,65,13.370417544244267
9,66,16.518498452962383
9,67,15.297984415951877
9,68,13.836610465187816
9,69,16.96263945378333
9,70,19.096083535943844
9,71,18.207687237178668
9,72,18.898844285805225
9,73,22.02503062581155
9,74,23.227464210911904
9,75,22.911896177710677
9,76,25.378892943208317
9,77,27.650534139812194
9,78,27.343112448693514
9,79,27.085160558690202
9,80,26.283390003937395
9,81,28.963299726856924
9,82,28.794067480099795
9,83,29.91456747002593
9,84,27.145490007095336
9,85,24.49381450215543
9,86,26.341903509636257
9,87,26.514815072801913
9,88,22.959111733557883
9,89,21.87598533914956
9,90,24.045289555104546
9,91,23.17461894517757
9,92,19.39350886307713
9,93,19.914981502455248
9,94,21.912767762995504
9,95,19.260299927062324
9,96,16.525480789929183
9,97,19.205429227997964
9,98,19.86837538267138
9,99,16.263037961848905
9,100,16.117728999044505
9,101,19.49153362341476
9,102,18.5122243031306
9,103,15.334422818550127
9,104,17.515309775341876
9,105,20.24890672697571
9,106,18.18574838557086
9,107,19.73000477122651
9,108,23.01293577475028
10,1,14.445279478768436
10,2,12.102569473321307
10,3,8.877101452894813
10,4,6.990838499986424
10,5,6.045990962813378
10,6,5.968408973531905
10,7,5.812007736823924
10,8,5.536077325457462
10,9,3.8105080349163343
10,11,3.8254412699763924
10,12,6.956696667702889
10,13,9.891486086748474
10,14,13.384392582476666
10,15,15.78583473038733
10,16,17.999591057048644
10,17,21.602909835321455
10,18,22.282289512233316
10,19,24.390188389188506
10,20,27.674530210609454
10,21,27.235248718541342
10,22,30.193297659354137
10,23,29.99642503628698
10,24,33.48888073946623
10,25,35.587659470185145
10,26,37.04238650263278
10,27,35.52214615306112
10,28,31.869189284913972
10,29,32.14122619703188
10,30,33.43290982982733
10,31,30.96221636180217
10,32,28.050375725932447
10,33,29.585693091958653
10,34,30.03026141001941
10,35,26.726058391683992
10,36,24.142725240962516
10,37,23.337694857178278
10,38,21.84454159974605
10,39,19.00149451485374
10,40,15.757501943875354
10,41,16.361700796870405
10,42,12.803234822149976
10,43,9.903411660412571
10,44,6.200048935127839
10,45,5.309427557305339
10,46,4.707191709269781
10,47,7.423043091431517
10,48,10.650183801179052
10,49,12.545678445685166
10,50,11.025592728624094
10,51,12.910961932069362
10,52,16.713501042832654
10,53,17.30400698236199
10,54,16.590835933729387
10,55,17.394812450949022
10,56,14.913971788539229
10,57,11.977311811187548
10,58,13.44490622319809
10,59,14.16621899725899
10,60,10.72198508753622
10,61,9.397802142185734
10,62,12.460078160025265
10,63,12.216525638003931
10,64,8.791552398150767
10,65,9.94138232807025
10,66,13.346858256583815
10,67,12.684539670655655
10,68,11.011417189789404
10,69,13.749185091977472
10,70,16.24955814289138
10,71,15.83154390383334
10,72,16.225072654155188
10,73,19.126012394298993
10,74,20.7405346929831
10,75,20.65904389179265
10,76,22.774409503310736
10,77,25.116648773803192
10,78,24.484552247434024
10,79,24.238211528508398
10,80,23.263700777750916
10,81,25.99847291395475
10,82,25.904246339726217
10,83,26.738308152481522
10,84,23.84331213443069
10,85,21.38004888611258
10,86,23.217840161644464
10,87,23.09446803614261
10,88,19.48732582265758
10,89,18.649773724441598
10,90,20.72247939983114
10,91,19.599786859313035
10,92,15.841612394628044
10,93,16.690438496701955
10,94,18.57178105513684
10,95,15.765501166741151
10,96,13.32018392933743
10,97,16.333027082704618
10,98,16.85063855736773
10,99,13.323689231796495
10,100,13.785544722835574
10,101,17.238170870527124
10,102,16.244643100403255
10,103,13.544889355036078
10,104,16.155834280361333
10,105,18.823445558270933
10,106,17.12304003363515
10,107,19.278517474176205
10,108,22.53671342916076
11,1,10.772510511917403
11,2,8.862031480511634
11,3,5.302335944320669
11,4,4.722855055949302
11,5,4.916826790608356
11,6,6.8541730055202645
11,7,8.036346796612241
11,8,8.777089955982072
11,9,6.814541406634453
11,10,3.8254412699763924
11,12,3.812156116695877
11,13,6.518039364655233
11,14,9.831116975583749
11,15,12.613841524635795
11,16,14.994050052644294
11,17,18.706328138129702
11,18,19.87264230284303
11,19,22.130985361285507
11,20,25.615674455237233
11,21,25.644294583395475
11,22,28.87164126120303
11,23,29.141000520512108
11,24,32.69824647176853
11,25,34.86244146257906
11,26,36.139458817201735
11,27,34.84897454831875
11,28,31.20242255960334
11,29,31.031539657135465
11,30,32.275325466568134
11,31,30.105307975436894
11,32,26.973396503540837
11,33,28.074000000044034
11,34,28.694642823141784
11,35,25.659473683138422
11,36,22.780017478199056
11,37,21.743980993045138
11,38,20.830522210278787
11,39,17.99050974175398
11,40,14.382399972597472
11,41,14.168041245004348
11,42,10.41824935968972
11,43,8.213000686141235
11,44,5.386257275813517
11,45,5.307705628936412
11,46,5.953559309118441
11,47,7.270877509953135
11,48,10.318246295310614
11,49,12.787598704344607
11,50,12.366466572700306
11,51,14.089294050724456
11,52,17.80162998570495
11,53,17.75822409425255
11,54,16.519602788498418
11,55,17.874210268371545
11,56,16.05710477369664
11,57,12.583757237650739
11,58,13.604521850903787
11,59,15.207121990028394
11,60,12.321697393582905
11,61,9.917368911870751
11,62,12.946955703682011
11,63,13.702844495370806
11,64,10.463016794772686
11,65,10.263928248943461
11,66,13.985727917423105
11,67,14.192528274043044
11,68,12.056967975672459
11,69,13.920754956707551
11,70,17.042548777871538
11,71,16.98617989343847
11,72,16.587708441930197
11,73,19.323031524138955
11,74,21.538865220436563
11,75,21.337572679642136
11,76,22.894088615411288
11,77,25.570587501650596
11,78,24.742680518613138
11,79,24.797096331304417
11,80,23.74245231953556
11,81,26.59024330905638
11,82,26.63870976576305
11,83,26.954436748396553
11,84,23.868955650999585
11,85,21.815926572613876
11,86,23.4823437293144
11,87,22.73989945135409
11,88,19.142585401417332
11,89,18.697474411609804
11,90,20.243188485584813
11,91,18.5008424636858
11,92,14.955733794640993
11,93,16.075892269477873
11,94,17.219079934803844
11,95,13.949348825673185
11,96,12.068202094251872
11,97,15.012645082293055
11,98,14.705449467962382
11,99,11.044983000657082
11,100,12.254818098059713
11,101,15.293092071771897
11,102,13.65332605946571
11,103,11.36973342701653
11,104,14.569993852281302
11,105,16.67060463123905
11,106,14.820485584977284
11,107,17.484159548013935
11,108,20.427769344199334
12,1,8.950893703933916
12,2,7.781090340196266
12,3,4.598641063693773
12,4,6.202805207300434
12,5,5.554468865143681
12,6,8.895095819266023
12,7,10.257399328073621
12,8,11.594839794683734
12,9,10.369617865555288
12,10,6.956696667702889
12,11,3.812156116695877
12,13,3.8018019935289367
12,14,6.681881602919892
12,15,9.024422083421406
12,16,11.720538633328875
12,17,15.341521904889875
12,18,16.56568482468551
12,19,19.151532601868684
12,20,22.63257726518841
12,21,22.96837910601847
12,22,26.347059507169316
12,23,26.860002522450493
12,24,30.51613041468489
12,25,32.51116890249381
12,26,33.50355088910282
12,27,32.22997279033465
12,28,28.671821996442354
12,29,28.265776415213427
12,30,29.288986720556178
12,31,27.240405238718658
12,32,24.077145215224533
12,33,24.871915823073525
12,34,25.42949962491094
12,35,22.548158704734327
12,36,19.604650874825165
12,37,18.310377965414286
12,38,17.714241743164767
12,39,15.035770125985977
12,40,11.2871781110248
12,41,10.703953144938177
12,42,7.035959262505253
12,43,5.87794345451985
12,44,4.623660093377905
12,45,6.662765050904657
12,46,8.923673649329709
12,47,10.25203607783581
12,48,12.579294519035189
12,49,15.60413798284089
12,50,15.46401945392559
12,51,16.588712647046876
12,52,20.111037611633392
12,53,19.42635411850978
12,54,17.491476819551156
12,55,18.70562548846482
12,56,17.513272141418955
12,57,13.933055912475979
12,58,13.950491497753937
12,59,15.755018890847092
12,60,13.38290305724879
12,61,10.208834486551812
12,62,12.437114794978122
12,63,13.711383195668642
12,64,10.696862060122683
12,65,9.122927639894423
12,66,12.699945309360729
12,67,13.581689412614496
12,68,11.074502735042406
12,69,11.947238097601119
12,70,15.474886755412452
12,71,15.792187635540127
12,72,14.725299180808168
12,73,17.135207187379514
12,74,19.834246796119235
12,75,19.65573015899033
12,76,20.65540974892904
12,77,23.498334774969376
12,78,22.46300240191251
12,79,22.77804953202153
12,80,21.746923680686706
12,81,24.720113270088127
12,82,25.055319647375804
12,83,24.985102680001347
12,84,21.69315837304476
12,85,20.134242702121494
12,86,21.866351056926284
12,87,20.61540397943855
12,88,17.016091210391302
12,89,17.212926236063335
12,90,18.536554258102182
12,91,16.260456605459762
12,92,13.003695717366346
12,93,14.824858963149099
12,94,15.524921284146819
12,95,11.94571835709816
12,96,11.069604807669469
12,97,14.28150362906421
12,98,13.43216739719334
12,99,10.155662594386673
12,100,12.46868186913999
12,101,15.160421175468489
12,102,13.310265128628386
12,103,12.043472670941313
12,104,15.5841867855916
12,105,17.23961753872488
12,106,15.758445139788595
12,107,18.94441865853923
12,108,21.57823227908579
13,1,8.282508727588986
13,2,8.786632796500866
13,3,5.901403184115895
13,4,8.85980524625125
13,5,9.193053402975837
13,6,12.514363224680555
13,7,13.93505045260966
13,8,15.02291136930056
13,9,13.252978774533158
13,10,9.891486086748474
13,11,6.518039364655233
13,12,3.8018019935289367
13,14,3.7775085528274137
13,15,6.518705733058416
13,16,8.592240332050874
13,17,12.360514415381127
13,18,13.978147536545546
13,19,16.298212492662493
13,20,19.946167509003097
13,21,20.567038560559038
13,22,24.079863717467894
13,23,25.00591741491412
13,24,28.573661261991614
13,25,30.779830623013975
13,26,31.805642126378444
13,27,30.920526541897406
13,28,27.34500057111341
13,29,26.523419937506862
13,30,27.770722387853137
13,31,26.142508545491427
13,32,22.72145089619372
13,33,23.230662069455253
13,34,24.269923630879628
13,35,21.75895580495122
13,36,18.437509246763497
13,37,17.428518746778472
13,38,17.540091297311807
13,39,14.633033998811657
13,40,10.834837831263245
13,41,9.144568496156698
13,42,5.520185454345225
13,43,5.327190299388926
13,44,6.2519693964443706
13,45,7.683495653820651
13,46,10.286080311774153
13,47,10.777255726103983
13,48,12.107886450703662
13,49,15.509262640018939
13,50,16.068354206162983
13,51,16.65589522356468
13,52,19.812558976776653
13,53,18.48304641404206
13,54,16.089938326211147
13,55,17.67151058625228
13,56,17.21357511936613
13,57,13.506074769132226
13,58,13.056520769962244
13,59,15.586686224032427
13,60,14.011211687854981
13,61,10.42469688626789
13,62,12.44306632597414
13,63,14.674779012523722
13,64,12.40983887613175
13,65,10.284230810146731
13,66,13.70427783309082
13,67,15.474649953905054
13,68,13.446773562494492
13,69,13.546750642036098
13,70,17.169568934909638
13,71,18.17862451493106
13,72,16.958247719621202
13,73,18.77360842876225
13,74,21.82197917112067
13,75,21.99560172684956
13,76,22.505209314165818
13,77,25.27393103844757
13,78,23.776381672434752
13,79,23.945498476206094
13,80,22.492002499846397
13,81,25.200953598797152
13,82,25.299177466301266
13,83,24.702803434990138
13,84,21.55237546750822
13,85,20.218233286049166
13,86,21.389733936923278
13,87,19.68490686793994
13,88,16.399980880794097
13,89,16.58808275377328
13,90,17.13806083458953
13,91,14.501817228280563
13,92,11.694393534284417
13,93,13.277801362616582
13,94,13.124757489012387
13,95,9.364314481975246
13,96,9.10760316372923
13,97,11.834549705287873
13,98,10.250953640042736
13,99,7.223263127491967
13,100,10.225409374827667
13,101,12.3036393855133
13,102,10.23284622404083
13,103,9.856047978507773
13,104,13.497151460527942
13,105,14.674993149560144
13,106,13.659672307024318
13,107,17.172761679285067
13,108,19.545933302845715
14,1,6.754645155629579
14,2,8.651355005148767
14,3,7.269739452967048
14,4,10.91079249399597
14,5,11.421812059324807
14,6,15.043426482581133
14,7,16.767736146760157
14,8,18.224129542737778
14,9,16.644709993535308
14,10,13.384392582476666
14,11,9.831116975583749
14,12,6.681881602919892
14,13,3.7775085528274137
14,15,3.8130230339375752
14,16,6.4209065256888245
14,17,9.999180107296427
14,18,12.3723565384911
14,19,15.02017082601599
14,20,18.70505348721598
14,21,20.006350527141947
14,22,23.70613404275468
14,23,25.12311376915341
14,24,28.67776281913849
14,25,30.749673245477947
14,26,31.424516886089524
14,27,30.71750841281292
14,28,27.320051342662676
14,29,26.046839639124187
14,30,27.037882647824247
14,31,25.76161555851634
14,32,22.307312828496347
14,33,22.192209616267256
14,34,23.258804155065867
14,35,21.186825441049706
14,36,17.78811098766474
14,37,16.381029441090437
14,38,17.23290732500096
14,39,14.784556759013878
14,40,11.145985493180826
14,41,8.431123091607498
14,42,5.897423532735583
14,43,7.794421459400808
14,44,9.635213609548982
14,45,11.43667253004803
14,46,14.013372112676452
14,47,14.143098412794492
14,48,15.250757469520504
14,49,18.602074922686203
14,50,19.55339328850007
14,51,20.083520813167446
14,52,23.05764060859419
14,53,21.421207361883127
14,54,18.772613607301487
14,55,20.480902477742475
14,56,20.46980084414299
14,57,16.80125395955153
14,58,15.964634194975167
14,59,18.661159651616575
14,60,17.451086980859923
14,61,13.735209249751053
14,62,15.209311045407489
14,63,17.67301131282012
14,64,15.60368038821204
14,65,12.931211581084561
14,66,15.922795197260164
14,67,18.00147898309464
14,68,15.736348112846414
14,69,15.087085114892467
14,70,18.820921452720327
14,71,19.928029700426727
14,72,18.079301999614536
14,73,19.582607579217818
14,74,22.96177672507794
14,75,22.94507159699481
14,76,22.87214042651022
14,77,25.84070756837461
14,78,24.296245489027175
14,79,24.851160110963633
14,80,23.53300164376705
14,81,26.29544046467173
14,82,26.676358412872457
14,83,25.645163131923898
14,84,22.39350233835558
14,85,21.66183153146091
14,86,22.761057280775237
14,87,20.501800412315596
14,88,17.466716305971094
14,89,18.264528898857993
14,90,18.343261473140572
14,91,15.166395958819628
14,92,13.107262162668128
14,93,15.058480795630977
14,94,14.086930420817557
14,95,10.306375226643503
14,96,11.28939664132513
14,97,13.54723384920267
14,98,11.087847131267901
14,99,8.951403002913125
14,100,12.464376249960733
14,101,13.625389875859199
14,102,11.071808353022528
14,103,11.74683238017824
14,104,15.394670580812482
14,105,15.724276607948784
14,106,14.78785741348653
14,107,18.53026431646352
14,108,20.302771746245043
15,1,9.693738504704468
15,2,11.60498635459546
15,3,10.594796839244529
15,4,14.015797251226815
15,5,13.732557119287494
15,6,17.463126618653597
15,7,18.936985487759085
15,8,20.475883348514618
15,9,19.32818074678547
15,10,15.78583473038733
15,11,12.613841524635795
15,12,9.024422083421406
15,13,6.518705733058416
15,14,3.8130230339375752
15,16,3.7842562532443336
15,17,6.856122980645078
15,18,9.036086622964103
15,19,12.140926229187425
15,20,15.65001387961764
15,21,17.1927669211219
15,22,20.92599767484809
15,23,22.48397258948738
15,24,26.073441247672918
15,25,27.883558192568152
15,26,28.265193668914996
15,27,27.539535963493122
15,28,24.292930766909393
15,29,22.85411987425494
15,30,23.5999440851479
15,31,22.44593289876979
15,32,19.044442612752665
15,33,18.641812901636754
15,34,19.650861006151665
15,35,17.798741991918327
15,36,14.40503406118695
15,37,12.86931902497905
15,38,14.184810661124851
15,39,12.046798705163825
15,40,8.805169666792183
15,41,5.468256188162731
15,42,4.7276208627560266
15,43,8.107706449090541
15,44,10.959660434232761
15,45,13.41901820262357
15,46,16.553165886375993
15,47,17.196622088324794
15,48,18.024027433296798
15,49,21.594378931029112
15,50,22.29434803354947
15,51,22.377481867336346
15,52,25.18478392817185
15,53,23.22106737349283
15,54,20.17672552555733
15,55,21.409795463094596
15,56,21.786980330672876
15,57,18.359072084325824
15,58,16.76491403454901
15,59,19.20048529443491
15,60,18.427982709541666
15,61,14.626788080886877
15,62,15.154538249126967
15,63,17.739061673029802
15,64,16.13413060903315
15,65,12.843651034275428
15,66,15.111124703159549
15,67,17.633956351015243
15,68,15.525491248850354
15,69,13.97467815638612
15,70,17.582994935376203
15,71,19.11742410191674
15,72,16.980168896943834
15,73,17.823740059290223
15,74,21.4360756366562
15,75,21.65881742521879
15,76,21.036938524016403
15,77,23.874628810050403
15,78,22.038084500580876
15,79,22.677760220986176
15,80,21.326891056261395
15,81,24.011461110872204
15,82,24.60443801365035
15,83,23.21897229819842
15,84,19.934073604331974
15,85,19.75626167073027
15,86,20.828784943619247
15,87,18.161052982442666
15,88,15.377574572813314
15,89,16.819120822544054
15,90,16.672433781100075
15,91,13.15059364863065
15,92,11.794043178650728
15,93,14.33297907946539
15,94,13.065861233999627
15,95,9.559462945334587
15,96,11.668258399966158
15,97,13.960880963881927
15,98,11.550543832892659
15,99,10.469492586823266
15,100,14.254215976719482
15,101,15.234859352739182
15,102,13.240751250145818
15,103,14.534668072896695
15,104,17.918546346128608
15,105,18.2393635044266
15,106,17.876343960492115
15,107,21.650790220137523
15,108,23.348177585203572
16,1,12.65961586073356
16,2,14.93284020176531
16,3,13.573414835870034
16,4,17.026226385267744
16,5,16.8974562994462
16,6,20.515795771510714
16,7,21.806017814719254
16,8,23.02600474669635
16,9,21.599090678866656
16,10,17.999591057048644
16,11,14.994050052644294
16,12,11.720538633328875
16,13,8.592240332050874
16,14,6.4209065256888245
16,15,3.7842562532443336
16,17,3.790202812767133
16,18,6.221335803301169
16,19,8.738699998308231
16,20,12.400739826281391
16,21,14.113537579241367
16,22,17.887099534189957
16,23,19.78658288418282
16,24,23.211327649153063
16,25,25.23261513430664
16,26,25.738745952234165
16,27,25.426187441896886
16,28,22.178801223048556
16,29,20.403605962233044
16,30,21.51266925667092
16,31,20.803038439099538
16,32,17.199092732583697
16,33,16.670563773481007
16,34,18.334322256359435
16,35,16.899247041521846
16,36,13.222761429914977
16,37,12.527173387435194
16,38,14.389559690373655
16,39,12.005970305665267
16,40,9.380239099333748
16,41,5.680678763636365
16,42,6.210321022500771
16,43,9.224912407999375
16,44,12.678888303790572
16,45,14.659233107072522
16,46,17.91234057731309
16,47,18.37942158144506
16,48,18.431495164831336
16,49,22.12531482273825
16,50,23.020246488594186
16,51,22.523833156277355
16,52,24.885878796913367
16,53,22.43524404285595
16,54,19.0696609488408
16,55,20.250152997832163
16,56,21.27676601352431
16,57,18.10529399182038
16,58,16.018966996275932
16,59,18.6810895396682
16,60,18.66228313553824
16,61,14.926932496732565
16,62,15.005342807111878
16,63,18.115617757484586
