1,2,3.825978639295073
1,3,6.752453437617207
1,4,8.436339641076481
1,5,6.592501492653237
1,6,6.591705813719489
1,7,10.05750544952164
1,8,11.006195248415391
1,9,10.671594616290982
1,10,12.444451389555626
1,11,14.993322192262568
1,12,15.77638445948745
1,13,16.50867372032
1,14,18.460763845766827
1,15,20.35842540445138
1,16,21.457506024280022
1,17,22.662905319671577
1,18,24.524640063016328
1,19,26.120909204558536
1,20,27.424214258047005
1,21,28.602577945378684
1,22,29.998729454357477
1,23,31.911998925214107
1,24,33.31767335631267
1,25,34.30897281266972
1,26,35.749719298094966
1,27,38.13187047170727
1,28,39.109805840313754
1,29,39.81221401147634
1,30,41.67194016852179
1,31,44.00065384994994
1,32,47.201580314453714
1,33,47.26907197126917
1,34,50.006429655161796
1,35,48.778697532343706
1,36,45.08329383093241
1,37,43.25913877690454
1,38,39.775638929301095
1,39,41.072739864328156
1,40,39.66626709131456
1,41,36.045060571665545
1,42,35.28036127200951
1,43,36.318730277159595
1,44,34.736104828898924
1,45,31.340777311556717
1,46,32.23863276509731
1,47,33.31807849046635
1,48,30.040600881533553
1,49,28.27682042966972
1,50,30.94762930814322
1,51,30.378133484898175
1,52,26.57017265907392
1,53,26.59038237430479
1,54,29.724546219893245
1,55,31.649639469058908
1,56,34.299268740385024
1,57,39.146214122246455
1,58,40.43780251529682
1,59,39.09820640479823
1,60,38.702663272209904
1,61,39.46763777832835
1,62,42.90398445023451
1,63,42.64889503402374
1,64,41.30829827368358
1,65,38.7331721293684
1,66,37.65596138050789
1,67,37.22759909688578
1,68,35.2377724490261
1,69,32.99053137805569
1,70,32.75223498809919
1,71,31.656841268506923
1,72,28.684938544667858
1,73,27.692669919741732
1,74,28.190871250440388
1,75,26.166787842469905
1,76,23.302526858448072
1,77,23.293309528110004
1,78,23.760659945018
1,79,21.043509114737645
1,80,18.46915638051946
1,81,19.356194304157153
1,82,19.518794050620865
1,83,16.017125210054672
1,84,14.892748204296355
1,85,17.182727279734443
1,86,15.747164087317753
1,87,12.194002313340958
1,88,14.054138063019002
1,89,16.03129230804445
1,90,13.191141120206128
1,91,11.947502335291285
1,92,15.671143621607309
1,93,16.453189812507784
1,94,13.981527642900119
1,95,15.407436526184242
1,96,18.844313955868707
1,97,18.573050981879607
1,98,17.82056162967112
1,99,20.573303851413797
1,100,22.88083658914825
1,101,22.131567047183076
1,102,21.341340084345507
2,1,3.825978639295073
2,3,3.82737974174639
2,4,5.674624773758412
2,5,5.638541005885211
2,6,6.3274175707840605
2,7,8.687038862387233
2,8,10.074516035446342
2,9,11.024801593154724
2,10,12.41589987233865
2,11,14.280810099227939
2,12,15.764267560095156
2,13,17.033359059240755
2,14,18.348510630241474
2,15,20.060964832563986
2,16,21.804027559870775
2,17,22.98451583821628
2,18,24.293152991967162
2,19,26.09407282457376
2,20,27.8134765632725
2,21,28.714964575584762
2,22,29.74615430766264
2,23,31.965494279346746
2,24,33.54722805382832
2,25,34.16051777320034
2,26,35.428282545855346
2,27,38.10388149640325
2,28,39.050190350820365
2,29,39.386891449865075
2,30,41.26661064545475
2,31,43.850279659365825
2,32,46.91174539785136
2,33,46.73874503180763
2,34,49.521023171668396
2,35,48.27892281476928
2,36,44.62720743282933
2,37,42.9835269479577
2,38,39.54170007686584
2,39,41.10726718158467
2,40,40.02729570024853
2,41,36.544501366849396
2,42,35.90783421910148
2,43,36.58808021310372
2,44,34.8062674006207
2,45,31.597260297248162
2,46,32.35172838617556
2,47,33.03000770488935
2,48,29.709353098151873
2,49,28.003911312768178
2,50,30.359483490393234
2,51,29.482828857999337
2,52,25.652895228371612
2,53,25.61070800408235
2,54,28.422412843602256
2,55,30.60716683364081
2,56,33.284130725268305
2,57,38.284040970321406
2,58,39.90971530083305
2,59,38.57412410571736
2,60,37.92400059067979
2,61,38.652446621357555
2,62,41.95699238405811
2,63,41.69465619383263
2,64,40.12614197781546
2,65,37.78226253243441
2,66,36.84586768357933
2,67,36.06096316370957
2,68,33.98585326503375
2,69,32.07815307971004
2,70,31.69872511228395
2,71,30.209558116217686
2,72,27.429005122772608
2,73,26.713476114752247
2,74,26.80784525053231
2,75,24.47430589193177
2,76,21.99690768419665
2,77,22.10297316865788
2,78,22.016755449640666
2,79,19.089720044718494
2,80,17.042326287362087
2,81,17.869933455239693
2,82,17.346622996272718
2,83,13.824980880997815
2,84,13.227380220072268
2,85,15.020557444006432
2,86,12.946440072335337
2,87,9.697527450976244
2,88,11.973834793514735
2,89,13.264736682381983
2,90,10.073483793152853
2,91,9.655177408579183
2,92,13.379944460113524
2,93,13.555076896808204
2,94,11.332471419025802
2,95,13.493999930290073
2,96,16.56568528400084
2,97,16.051539332626685
2,98,15.964374380836054
2,99,18.87445607655347
2,100,20.752521990970955
2,101,20.237085816693966
2,102,18.93957249116806
3,1,6.752453437617207
3,2,3.82737974174639
3,4,3.811675185346026
3,5,5.554792903575702
3,6,5.058058250161301
3,7,5.925746634203765
3,8,8.381133176773474
3,9,9.887673842055431
3,10,10.283685427627395
3,11,11.802114890188603
3,12,14.041575222119143
3,13,15.285057092352266
3,14,15.89626752120392
3,15,17.746399218691433
3,16,19.92853108842264
3,17,20.765595460748596
3,18,21.713123531465758
3,19,23.8559002574228
3,20,25.699272307623605
3,21,26.214620544747838
3,22,27.123758287488343
3,23,29.633588064578273
3,24,31.1490191965405
3,25,31.434821022161923
3,26,32.73969108756085
3,27,35.59113110042676
3,28,36.357374324356165
3,29,36.49009450846798
3,30,38.50740134576027
3,31,41.202161192773204
3,32,44.12035405156048
3,33,43.90356872516133
3,34,46.79974620380952
3,35,45.7017827785055
3,36,42.051730617028376
3,37,40.647738482650766
3,38,37.167024912592105
3,39,38.77946247448157
3,40,37.97583670457892
3,41,34.59152093116365
3,42,34.26138700848714
3,43,34.78624584468714
3,44,32.70579278341398
3,45,29.717974967823288
3,46,30.634792449589575
3,47,30.950504866819745
3,48,27.495822741057275
3,49,26.12925334381736
3,50,28.417966257834678
3,51,27.146187738894742
3,52,23.327501235203442
3,53,23.652080295009057
3,54,26.22811450661775
3,55,28.749507024072035
3,56,31.173583894601506
3,57,36.1495027684519
3,58,37.91954846639104
3,59,36.36069397528912
3,60,35.41105804960471
3,61,35.90264099528198
3,62,39.07832683975536
3,63,38.641937854179076
3,64,36.883887312950044
3,65,34.58627542876324
3,66,33.86527941336167
3,67,32.978243529320125
3,68,30.725040577137346
3,69,29.008652314160223
3,70,28.770523349254958
3,71,27.055261575765748
3,72,24.244856270199314
3,73,23.875054406916774
3,74,23.972181856337006
3,75,21.363621076182877
3,76,19.01595078341836
3,77,19.5619246048457
3,78,19.384278530695806
3,79,16.149303140799205
3,80,14.483704595228216
3,81,15.854459218574279
3,82,15.040644319074707
3,83,11.345305189300303
3,84,11.711008550288522
3,85,13.681761141220154
3,86,11.220649142422142
3,87,8.653908691449129
3,88,11.862161477154798
3,89,12.869859894951022
3,90,9.93276431739944
3,91,10.780388944603816
3,92,14.371699086361977
3,93,14.224965956325219
3,94,12.834567365350239
3,95,15.531166161579064
3,96,18.137704205982452
3,97,17.624978779016384
3,98,18.273321682712503
3,99,21.126632714159037
3,100,22.63890411007755
3,101,22.445715009143758
3,102,20.66011279680458
4,1,8.436339641076481
4,2,5.674624773758412
4,3,3.811675185346026
4,5,3.7952230784956735
4,6,5.425264018721753
4,7,5.040543241388287
4,8,5.9343909327578555
4,9,8.591822495598246
4,10,9.711299301872783
4,11,10.169648696560296
4,12,12.135009955539106
4,13,14.235139811473937
4,14,14.890554518958167
4,15,15.970940513512014
4,16,18.354877284823168
4,17,19.747373084707835
4,18,20.340610985733676
4,19,22.0847577561597
4,20,24.34079465031685
4,21,25.130340988667403
4,22,25.603054535817424
4,23,27.979200431995594
4,24,29.89669462468024
4,25,30.219175948272174
4,26,31.116716969130643
4,27,34.02614690941629
4,28,35.121463500753634
4,29,35.09941645757596
4,30,36.81621157240974
4,31,39.63407208432797
4,32,42.60577527595478
4,33,42.13593450492251
4,34,44.85393072815147
4,35,43.51146844422545
4,36,39.934367437704985
4,37,38.39366257319253
4,38,35.053188328960644
4,39,36.92609634730091
4,40,36.164578517786055
4,41,32.894874902338294
4,42,32.32074917753305
4,43,32.554147255532804
4,44,30.642460066847608
4,45,27.65721520874158
4,46,28.185357053869943
4,47,28.4630128712652
4,48,25.184151343133255
4,49,23.509459770856395
4,50,25.534859841342026
4,51,24.427320595490713
4,52,20.63108643216605
4,53,20.540656725209175
4,54,23.093846636261382
4,55,25.478014011722976
4,56,28.10516372861981
4,57,33.17527894449072
4,58,35.048503912412606
4,59,33.736566859736385
4,60,32.92784146155858
4,61,33.722848427873934
4,62,36.94980840202244
4,63,36.83273980693902
4,64,35.24449839278466
4,65,33.15733761763775
4,66,32.135565793944615
4,67,31.051579937754422
4,68,29.11836128846767
4,69,27.413971749186327
4,70,26.723791222275974
4,71,25.064125296610108
4,72,22.56312669051874
4,73,21.837033133486056
4,74,21.536184690967378
4,75,19.168141999498847
4,76,16.99135949533476
4,77,16.957735484196245
4,78,16.501897415457872
4,79,13.594459412763776
4,80,11.832291009517993
4,81,12.57177024903341
4,82,11.725966253616296
4,83,8.193000070375202
4,84,8.103229256020466
4,85,9.915226026876827
4,86,7.728800814245097
4,87,4.903546035662529
4,88,8.261729630744629
4,89,9.594793261929045
4,90,7.328523589357206
4,91,8.293921377394861
4,92,11.72916822371995
4,93,12.137816588720247
4,94,11.560820921811809
4,95,13.97171768711305
4,96,16.400811638117524
4,97,16.597521477412716
4,98,17.577412804631496
4,99,19.914133538354996
4,100,21.58602641842255
4,101,22.011583385287025
4,102,20.397678625528293
5,1,6.592501492653237
5,2,5.638541005885211
5,3,5.554792903575702
5,4,3.7952230784956735
5,6,3.8102435243830803
5,7,5.41828834930656
5,8,4.885030525288713
5,9,6.216460951146246
5,10,8.549548443115444
5,11,9.730575899917513
5,12,10.606644192483316
5,13,12.519603444101278
5,14,14.105117051261411
5,15,15.176338547100649
5,16,16.868545113916575
5,17,18.58675552028168
5,18,19.763422433139116
5,19,21.12171355708699
5,20,23.080092849660762
5,21,24.337343651584497
5,22,25.097663772364527
5,23,27.077221922998717
5,24,28.971765292208826
5,25,29.76526804106445
5,26,30.724438478521723
5,27,33.33215452387951
5,28,34.602921557239405
5,29,34.95394946062166
5,30,36.54478327589311
5,31,39.1283239823445
5,32,42.300649076959175
5,33,42.012386075652365
5,34,44.6214325983189
5,35,43.193785438181244
5,36,39.57574466183113
5,37,37.75472116198244
5,38,34.39554352473269
5,39,36.06888088208703
5,40,34.93077778790089
5,41,31.506873426395686
5,42,30.668123483635892
5,43,31.209413376923575
5,44,29.587963002610195
5,45,26.327511762403674
5,46,26.87242695785848
5,47,27.644779706081724
5,48,24.448402901032082
5,49,22.53002616819885
5,50,24.887800967414947
5,51,24.24552621495959
5,52,20.437931415527917
5,53,20.24222898386363
5,54,23.25876109927136
5,55,25.24968349210376
5,56,27.96010392787186
5,57,32.91403337053452
5,58,34.4305497789934
5,59,33.21040717677086
5,60,32.7696907373188
5,61,33.73625460421087
5,62,37.159147221929324
5,63,37.17090038753143
5,64,35.91047295519171
5,65,33.61274949089319
5,66,32.30525691253879
5,67,31.578169299917143
5,68,29.85605973974995
5,69,27.725469024167328
5,70,27.039506784599244
5,71,25.892117840072824
5,72,23.240547144413387
5,73,22.013870704095133
5,74,22.095586645257708
5,75,20.223612493773082
5,76,17.55814400203866
5,77,17.131757092779903
5,78,17.357749876593505
5,79,14.887387786448485
5,80,12.251271117227967
5,81,12.805266787282966
5,82,13.042231244271084
5,83,9.689120559254945
5,84,8.315764908716757
5,85,10.889361315825656
5,86,9.939208125691032
5,87,6.448213422073542
5,88,8.771654364682286
5,89,11.29767236912569
5,90,9.504466746231058
5,91,8.958132812064816
5,92,12.583788350308568
5,93,13.921234219850417
5,94,12.948028172195137
5,95,14.529624876293502
5,96,17.48245955921174
5,97,18.095612663734787
5,98,18.40061113248477
5,99,20.5258867190076
5,100,22.76101949318956
5,101,23.083926351812178
5,102,22.026829478509207
6,1,6.591705813719489
6,2,6.3274175707840605
6,3,5.058058250161301
6,4,5.425264018721753
6,5,3.8102435243830803
6,7,3.7814079581447344
6,8,5.3720210363839405
6,9,5.2061462520129265
6,10,6.137264605412936
6,11,8.51377110259103
6,12,9.921840450488878
6,13,10.767727005276154
6,14,12.14306075426544
6,15,14.08953337289183
6,16,15.654098932806276
6,17,16.680924044866817
6,18,18.178810835626507
6,19,20.022224221504466
6,20,21.553266441842805
6,21,22.46453267021363
6,22,23.667048761163255
6,23,25.821262723434543
6,24,27.28264396294513
6,25,28.01437390927112
6,26,29.400606921180078
6,27,31.95331147813779
6,28,32.874013087938955
6,29,33.389425273639105
6,30,35.29455403701784
6,31,37.742955693953256
6,32,40.85787161749508
6,33,40.85075401118334
6,34,43.65750305393784
6,35,42.524757412143984
6,36,38.81940933765485
6,37,37.18480548887666
6,38,33.653548509477766
6,39,35.02853275188826
6,40,33.90199700432814
6,41,30.38204771887773
6,42,29.918646538256937
6,43,30.746153363251754
6,44,28.84212134860912
6,45,25.64751578044474
6,46,26.723650438849145
6,47,27.43771830392805
6,48,23.998022864829263
6,49,22.5780698130631
6,50,25.276011793140192
6,51,24.34092476032772
6,52,20.521372422289414
6,53,21.017928375903274
6,54,24.04344722392186
6,55,26.28383589392797
6,56,28.60228987575184
6,57,33.38168300412902
6,58,34.75208227526538
6,59,33.148744934573344
6,60,32.49995395251985
6,61,33.07584637618641
6,62,36.450863665658986
6,63,36.10538907595257
6,64,34.72000232071057
6,65,32.15946085023616
6,66,31.130875678277725
6,67,30.681965786386876
6,68,28.649297988147442
6,69,26.425140833699576
6,70,26.255864609948084
6,71,25.141952113038517
6,72,22.106843701595952
6,73,21.21353555109007
6,74,21.855754048525046
6,75,19.788960812277693
6,76,16.810875851938444
6,77,17.107692353306923
6,78,17.83569003286717
6,79,15.000651870941882
6,80,12.365699134537753
6,81,13.966120406430313
6,82,14.389529150804039
6,83,10.757948479651908
6,84,10.357239218369228
6,85,13.431043992156336
6,86,12.242255656586284
6,87,9.340503319874491
6,88,12.242291141974903
6,89,14.507874198079971
6,90,12.51693609546267
6,91,12.51619414830764
6,92,16.18827023382786
6,93,17.120789625221462
6,94,15.981420561104287
6,95,17.910077629716007
6,96,20.8565043635015
6,97,21.066755372188403
6,98,21.362543211594154
6,99,23.80185762592801
6,100,25.872374594947317
6,101,25.890679747488374
6,102,24.590410044541617
7,1,10.05750544952164
7,2,8.687038862387233
7,3,5.925746634203765
7,4,5.040543241388287
7,5,5.41828834930656
7,6,3.7814079581447344
7,8,3.8244447291190276
7,9,5.4257562890346405
7,10,4.951563013368844
7,11,5.881489789268189
7,12,8.441397335205268
7,13,9.81688861849956
7,14,10.130564619857411
7,15,11.82666964166757
7,16,14.15986396294244
7,17,15.053688319109092
7,18,15.849006508567317
7,19,17.938956237824232
7,20,19.88458005374376
7,21,20.45258961512064
7,22,21.252889427724895
7,23,23.721188359088597
7,24,25.33291741889395
7,25,25.67054212358996
7,26,26.88416435746614
7,27,29.705485316490208
7,28,30.586214855563437
7,29,30.759792453992347
7,30,32.68127367096135
7,31,35.34802547765045
7,32,38.32579297494059
7,33,38.12113213190918
7,34,40.97638840223725
7,35,39.87173452800867
7,36,36.200739109429406
7,37,34.771263699377535
7,38,31.26542944628719
7,39,32.85478065504121
7,40,32.079646374424364
7,41,28.73631923692322
7,42,28.49190680321382
7,43,28.96661398498446
7,44,26.802628778069685
7,45,23.871276958193807
7,46,24.907614635146988
7,47,25.160395403157853
7,48,21.645766580009195
7,49,20.45573060436974
7,50,22.90836266430945
7,51,21.577073497797848
7,52,17.759565897671465
7,53,18.469768467592957
7,54,21.184695899893693
7,55,23.75218050139338
7,56,25.90649709359973
7,57,30.73317941754196
7,58,32.35230595190552
7,59,30.63943518248322
7,60,29.70604709690834
7,61,30.17268279331235
7,62,33.42963744411612
7,63,33.04743562716368
7,64,31.498003760969397
7,65,29.105670808953246
7,66,28.184076993415083
7,67,27.47675765889898
7,68,25.37421330802544
7,69,23.397385674983106
7,70,23.147762303531582
7,71,21.74650580985097
7,72,18.815554785032138
7,73,18.172131867228604
7,74,18.58560244526036
7,75,16.26056057878261
7,76,13.498391318615301
7,77,14.073918084080631
7,78,14.534617480074662
7,79,11.441784861846683
7,80,9.200584935696567
7,81,11.260153055293546
7,82,11.332472871070577
7,83,7.639144046491508
7,84,8.315575085946358
7,85,11.39111622367509
7,86,10.050010052996946
7,87,8.137593333752568
7,88,11.557416683213468
7,89,13.443715510105536
7,90,11.982617061405957
7,91,12.933357882402571
7,92,16.250406814736667
7,93,16.954428167105537
7,94,16.590858006220454
7,95,18.84369991259995
7,96,21.31628324393572
7,97,21.63346236340705
7,98,22.558634292070277
7,99,24.851966851910326
7,100,26.613741451138477
7,101,27.019254704300213
7,102,25.38242016853042
8,1,11.006195248415391
8,2,10.074516035446342
8,3,8.381133176773474
8,4,5.9343909327578555
8,5,4.885030525288713
8,6,5.3720210363839405
8,7,3.8244447291190276
8,9,3.7929105546575643
8,10,5.488679850572016
8,11,5.163484542978836
8,12,6.259449543149773
8,13,8.814151584677342
8,14,9.881514134283496
8,15,10.4777229411381
8,16,12.58321339027114
8,17,14.40191590838789
8,18,15.15243692130411
8,19,16.483210518024784
8,20,18.72461336593339
8,21,19.907565026617068
8,22,20.38666577021352
8,23,22.44467073521771
8,24,24.488799018501222
8,25,25.152063445646462
8,26,25.95104457714984
8,27,28.64900753355755
8,28,29.983951029970147
8,29,30.208695944265422
8,30,31.731301419883252
8,31,34.38964487632257
8,32,37.53226813098443
8,33,37.164338708712215
8,34,39.76800924301234
8,35,38.35470000714769
8,36,34.737812295008375
8,37,32.99424247194503
8,38,29.62685345224959
8,39,31.385054177726815
8,40,30.427166593761505
8,41,27.110068588292503
8,42,26.426489759157302
8,43,26.767218113904935
8,44,24.967719464707084
8,45,21.852327355939813
8,46,22.452139887997745
8,47,22.975575225472515
8,48,19.699754694214423
8,49,17.967592201626744
8,50,20.34712116441851
8,51,19.49849319976654
8,52,15.671564689320434
8,53,15.810092676984365
8,54,18.82780522520958
8,55,21.00611370046093
8,56,23.464685522570498
8,57,28.355483470161747
8,58,29.88775154550058
8,59,28.503677095401105
8,60,27.946802102744947
8,61,28.855141922191685
8,62,32.27685820312588
8,63,32.3121438993729
8,64,31.12670162944867
8,65,28.858291385424767
8,66,27.4578456618088
8,67,26.738170042526917
8,68,25.11700101655144
8,69,22.92925630189219
8,70,22.170940249418965
8,71,21.140822417451915
8,72,18.51060454622028
8,73,17.142158177168668
8,74,17.314170386527966
8,75,15.60949863212496
8,76,12.788202408545422
8,77,12.330396405412893
8,78,12.919069968588603
8,79,10.590718747572371
8,80,7.562921267231742
8,81,8.657230496532687
8,82,9.564908535294276
8,83,6.361630662183915
8,84,5.432685211705363
8,85,9.011037302863608
8,86,8.91963208600292
8,87,6.77759054060422
8,88,9.388708188499201
8,89,12.063157266483978
8,90,11.494547726960967
8,91,11.81442577057868
8,92,14.83820048377022
8,93,16.32935396789165
8,94,16.349299556631316
8,95,17.978124789028236
8,96,20.463381758557553
8,97,21.441645099819418
8,98,22.279376337929016
8,99,24.076299993417102
8,100,26.164506034830136
8,101,26.948530136111714
8,102,25.698364172291782
9,1,10.671594616290982
9,2,11.024801593154724
9,3,9.887673842055431
9,4,8.591822495598246
9,5,6.216460951146246
9,6,5.2061462520129265
9,7,5.4257562890346405
9,8,3.7929105546575643
9,10,3.7932320542359492
9,11,5.475552417838987
9,12,5.133311618979652
9,13,6.388601134761529
9,14,8.63696529070257
9,15,9.872197381967666
9,16,10.932929570319343
9,17,12.638993917537853
9,18,14.301814492295506
9,19,15.521818580816689
9,20,17.099434390020583
9,21,18.556425985517077
9,22,19.644826768746224
9,23,21.384550561842076
9,24,23.098305162351377
9,25,24.202362446565722
9,26,25.343316960134818
9,27,27.68489374173597
9,28,28.956615046414854
9,29,29.65198259856249
9,30,31.24936241472281
9,31,33.58051944463001
9,32,36.864542111689865
9,33,36.84909132275657
9,34,39.46533820806536
9,35,38.16700966572024
9,36,34.4753451163495
9,37,32.59432754293742
9,38,29.116516218487913
9,39,30.47070664097187
9,40,29.146133993752134
9,41,25.61222401775114
9,42,24.90959603295445
9,43,25.76629269167048
9,44,24.083466287657007
9,45,20.74092868362116
9,46,21.72935420857537
9,47,22.7236289640519
9,48,19.41052259332415
9,49,17.803436632142233
9,50,20.71903616807706
9,51,20.158580419884736
9,52,16.428419549521834
9,53,16.927163454193398
9,54,20.285524116705062
9,55,22.191895175203598
9,56,24.429100540285308
9,57,29.02373729616835
9,58,30.107870069993137
9,59,28.57858884787239
9,60,28.245809774325085
9,61,29.052970934919006
9,62,32.59331300935209
9,63,32.51734817743532
9,64,31.558705580373896
9,65,28.952315747020553
9,66,27.482034232738254
9,67,27.284582688594558
9,68,25.676013470016397
9,69,23.063969541379727
9,70,22.667495659795488
9,71,22.153349672922126
9,72,19.19623804633108
9,73,17.609683451996258
9,74,18.525410444359213
9,75,17.19922837323449
9,76,13.856057722788579
9,77,13.545694065934955
9,78,15.058775811330525
9,79,13.013140670615245
9,80,9.564003457272598
9,81,11.037437483713276
9,82,12.759474765459798
9,83,9.850054177445655
9,84,8.70478566645702
9,85,12.430519594732147
9,86,12.687910496479043
9,87,10.272448334533122
9,88,12.482394532043983
9,89,15.5018374810008
9,90,14.731326183200137
9,91,14.452465375611814
9,92,17.67855607081708
9,93,19.409647527480686
9,94,18.952263364166463
9,95,20.30519132250931
9,96,23.149425000031766
9,97,24.100388604647428
9,98,24.4694624708491
9,99,26.339859615173705
9,100,28.70451620049493
9,101,29.208831887040343
9,102,28.193440331520762
10,1,12.444451389555626
10,2,12.41589987233865
10,3,10.283685427627395
10,4,9.711299301872783
10,5,8.549548443115444
10,6,6.137264605412936
10,7,4.951563013368844
10,8,5.488679850572016
10,9,3.7932320542359492
10,11,3.8067494384983585
10,12,5.323799614050823
10,13,5.1500553122593775
10,14,6.0394925928444145
10,15,8.441867391451787
10,16,9.971006393858358
10,17,10.59629441550048
10,18,12.145742717446426
10,19,14.185430646484505
10,20,15.56507353625801
10,21,16.329507775493322
10,22,17.651155652634205
10,23,19.843077469374094
10,24,21.17361314254845
10,25,21.909717289195967
10,26,23.409318640493222
10,27,25.899590299404696
10,28,26.75405022157482
10,29,27.37365901812971
10,30,29.329166206312426
10,31,31.6853392649483
10,32,34.80845856325343
10,33,34.936045765110215
10,34,37.7923030209636
10,35,36.809814083038226
10,36,33.06240112833822
10,37,31.52703054955345
10,38,27.903058224659468
10,39,29.106553107109644
10,40,28.055672113906255
10,41,24.555895657200104
10,42,24.417350674470885
10,43,25.306192024679163
10,44,23.14602514508373
10,45,20.09386217878662
10,46,21.594946647040487
10,47,22.170453347259667
10,48,18.57741928654351
10,49,17.688840402045724
10,50,20.69179615278805
10,51,19.548311443593207
10,52,15.866424616912342
10,53,17.1689642037243
10,54,20.214355941820763
10,55,22.561642183885045
10,56,24.319537504971024
10,57,28.761863322434948
10,58,29.903047861175708
10,59,27.947353820746088
10,60,27.194247649091793
10,61,27.523185281704894
10,62,30.91432013971385
10,63,30.442397800654156
10,64,29.216998868638623
10,65,26.46110278949342
10,66,25.379025499572272
10,67,25.270639146765713
10,68,23.273816390482352
10,69,20.753707158755066
10,70,20.862127434322428
10,71,20.154677756745247
10,72,16.872632669568656
10,73,15.861795062479423
10,74,17.192621835431982
10,75,15.480719293286732
10,76,12.012093271429453
10,77,12.724970199377434
10,78,14.46268217035434
10,79,11.957725964182464
10,80,8.993313937256486
10,81,11.643602271013561
10,82,13.05837428497079
10,83,10.064222176905886
10,84,10.314925372503096
10,85,13.989083336876154
10,86,13.741904565862594
10,87,12.017973489988
10,88,14.871222075711076
10,89,17.372501043463373
10,90,16.444947383883303
10,91,16.900559793482262
10,92,20.154068037675565
10,93,21.38045593104666
10,94,21.031225734236642
10,95,22.876841064515354
10,96,25.54011121350659
10,97,26.154217604798482
10,98,26.81479127024313
10,99,28.938349276243496
10,100,30.998748899766422
10,101,31.4161186621344
10,102,30.02200777247352
11,1,14.993322192262568
11,2,14.280810099227939
11,3,11.802114890188603
11,4,10.169648696560296
11,5,9.730575899917513
11,6,8.51377110259103
11,7,5.881489789268189
11,8,5.163484542978836
11,9,5.475552417838987
11,10,3.8067494384983585
11,12,3.7903649713286915
11,13,5.516788455529904
11,14,5.012742173053269
11,15,5.957956496433006
11,16,8.654255693111972
11,17,9.781755553530017
11,18,10.20612188055353
11,19,12.088181001322353
11,20,14.276510086729369
11,21,14.99724304720398
11,22,15.545862218111038
11,23,17.90541681441184
11,24,19.727259408591976
11,25,20.164409480670336
11,26,21.176649502448168
11,27,23.949160994118785
11,28,25.044014296144823
11,29,25.263512239550515
11,30,27.0004123253516
11,31,29.636199273945632
11,32,32.70231902211566
11,33,32.48449248498105
11,34,35.25666394635604
11,35,34.108176491523565
11,36,30.420040357476427
11,37,28.928258240575698
11,38,25.406250835259268
11,39,26.99560996160371
11,40,26.25281098495465
11,41,22.97999625327146
11,42,22.813432832599183
11,43,23.182598026605763
11,44,20.93176208590659
11,45,18.07670587603281
11,46,19.23565435082739
11,47,19.403509462247364
11,48,15.827879422749206
11,49,14.87717743134585
11,50,17.5422121156212
11,51,16.17436350044135
11,52,12.41793423289736
11,53,13.702440559936182
11,54,16.562443873465877
11,55,19.096998977200073
11,56,20.855194857670554
11,57,25.436098366131294
11,58,26.844614108542498
11,59,24.96305144356432
11,60,24.08760113438881
11,61,24.568219397760817
11,62,27.939977295238176
11,63,27.68124860171308
11,64,26.45521352232478
11,65,23.979278611267965
11,66,22.72863805407882
11,67,22.264700677264226
11,68,20.458348311069
11,69,18.108699693393092
11,70,17.771206451612098
11,71,16.905127781340543
11,72,13.903202916628876
11,73,12.714865170862694
11,74,13.616915535680485
11,75,11.938719872641096
11,76,8.5704930568258
11,77,9.037444967345373
11,78,10.660033184720941
11,79,8.323754223991061
11,80,5.246270469420934
11,81,8.220312633266637
11,82,9.78775704980199
11,83,7.384345537169422
11,84,8.118861700540371
11,85,11.624480702300637
11,86,11.839078585240426
11,87,11.039942984301451
11,88,13.717135756459164
11,89,16.03116298891865
11,90,15.850699150921432
11,91,16.728780396581612
11,92,19.51264762744646
11,93,20.795242991943592
11,94,21.133559664311345
11,95,22.968941604998424
11,96,25.23617672488884
11,97,26.15091926211422
11,98,27.239661342911837
11,99,29.05944827533807
11,100,30.974323446822915
11,101,31.825954131978005
11,102,30.334737157719868
12,1,15.77638445948745
12,2,15.764267560095156
12,3,14.041575222119143
12,4,12.135009955539106
12,5,10.606644192483316
12,6,9.921840450488878
12,7,8.441397335205268
12,8,6.259449543149773
12,9,5.133311618979652
12,10,5.323799614050823
12,11,3.7903649713286915
12,13,3.7850472454796447
12,14,5.406175018603485
12,15,5.057333204486818
12,16,6.375416182519835
12,17,8.737500253196355
12,18,9.822329789694146
12,19,10.59376445824211
12,20,12.636468654092166
12,21,14.281428030243996
12,22,14.90616942207027
12,23,16.542196645558334
12,24,18.60088288572395
12,25,19.694256810324493
12,26,20.496630457285146
12,27,22.874749092484212
12,28,24.390277644578394
12,29,24.9774682454306
12,30,26.349696517550026
12,31,28.746879410093943
12,32,32.0577292873943
12,33,31.910431880331753
12,34,34.4351154847173
12,35,33.06063961266524
12,36,29.385095099325973
12,37,27.48507039036738
12,38,24.032185936127558
12,39,25.519767217707813
12,40,24.337118994747698
12,41,20.932317703030282
12,42,20.28437142683258
12,43,20.869141232473968
12,44,19.07890663974565
12,45,15.835190111920864
12,46,16.810564340793672
12,47,17.622568256873652
12,48,14.278662232612895
12,49,12.795606827562798
12,50,15.817101685047543
12,51,15.210725802841955
12,52,11.577036565408717
12,53,12.483996737121934
12,54,15.888767383569846
12,55,17.785231821633207
12,56,19.68776302521937
12,57,24.109710159132632
12,58,25.12021659734433
12,59,23.47615858441792
12,60,23.15074986326624
12,61,24.01676681844595
12,62,27.60989568667135
12,63,27.694042700994892
12,64,26.980540116559823
12,65,24.440862551854448
12,66,22.683746009449706
12,67,22.56287985729903
12,68,21.27680401994497
12,69,18.48492856754394
12,70,17.8718798499154
12,71,17.76593987482582
12,72,14.968294800996109
12,73,12.881749272005296
12,74,14.02736855840049
12,75,13.350014974775748
12,76,9.83641847205537
12,77,9.144586658690233
12,78,11.499270948428988
12,79,10.316665656056974
12,80,6.628970082899061
12,81,8.388968713406245
12,82,11.131640645746437
12,83,9.438042710615242
12,84,8.714109918854614
12,85,12.347458055543713
12,86,13.549912211518771
12,87,12.370415149159522
12,88,14.227201860155349
12,89,17.155870296350415
12,90,17.36866743367277
12,91,17.528156826259206
12,92,20.1780314555744
12,93,22.074298419844332
12,94,22.37740722993116
12,95,23.65474130749854
12,96,26.09733165456086
12,97,27.42354264104657
12,98,28.195633807783107
12,99,29.709554608395074
12,100,31.983392323107914
12,101,32.935540383578854
12,102,31.84023859651304
13,1,16.50867372032
13,2,17.033359059240755
13,3,15.285057092352266
13,4,14.235139811473937
13,5,12.519603444101278
13,6,10.767727005276154
13,7,9.81688861849956
13,8,8.814151584677342
13,9,6.388601134761529
13,10,5.1500553122593775
13,11,5.516788455529904
13,12,3.7850472454796447
13,14,3.788705354707092
13,15,5.390935262445309
13,16,5.208810286780309
13,17,6.362026218221205
13,18,8.71528285393049
13,19,9.96636655243717
13,20,10.917337012784555
13,21,12.388148000522872
13,22,13.92990563670703
13,23,15.505387802304119
13,24,16.87938308925513
13,25,18.2101739334659
13,26,19.638781277085265
13,27,21.71973929788872
13,28,22.86616577172297
13,29,23.892250410887097
13,30,25.58135696033746
13,31,27.65026455213919
13,32,30.980310759707805
13,33,31.275896634884262
13,34,33.960405945392665
13,35,32.91199324419411
13,36,29.155670205665157
13,37,27.369210464864484
13,38,23.74329211993372
13,39,24.696784892292982
13,40,23.31938296266305
13,41,19.71379764184333
13,42,19.451578419384074
13,43,20.622566480892228
13,44,18.651272538850584
13,45,15.418062822518523
13,46,17.171972720135415
13,47,18.16772482449791
13,48,14.698563796363445
13,49,13.927745092890266
13,50,17.3758301334649
13,51,16.67710038387548
13,52,13.36074039613419
13,53,14.993329429409085
13,54,18.289615603287036
13,55,20.168293862511423
13,56,21.564352463717604
13,57,25.542518526095787
13,58,26.176043921935133
13,59,24.157732948860396
13,60,23.77108957780863
13,61,24.206662950363917
13,62,27.762716506018457
13,63,27.47303679018466
13,64,26.789134605945296
13,65,23.85767673999599
13,66,22.327737609619984
13,67,22.7633376123229
13,68,21.236575572115367
13,69,18.16017041391246
13,70,18.27234455668807
13,71,18.490171769997993
13,72,15.262917078338917
13,73,13.47800612779157
13,74,15.51792221047971
13,75,14.873502375856171
13,76,11.097408922913905
13,77,11.312016346185203
13,78,14.180401224721196
13,79,12.831427435350134
13,80,9.547543109465094
13,81,11.921879582181406
13,82,14.506989050716632
13,83,12.585962825908176
13,84,12.299461278161882
13,85,15.994848317668765
13,86,16.826548932450056
13,87,15.449061438419662
13,88,17.6023487023731
13,89,20.506331228186067
13,90,20.29598758385694
13,91,20.418069795377708
13,92,23.3550554701241
13,93,25.10873261385019
13,94,25.050050660195257
13,95,26.447961636301713
13,96,29.1006479443659
13,97,30.17561215334462
13,98,30.75036245534677
13,99,32.51012974309433
13,100,34.821272040092076
13,101,35.482133925973336
13,102,34.34707163427283
14,1,18.460763845766827
14,2,18.348510630241474
14,3,15.89626752120392
14,4,14.890554518958167
14,5,14.105117051261411
14,6,12.14306075426544
14,7,10.130564619857411
14,8,9.881514134283496
14,9,8.63696529070257
14,10,6.0394925928444145
14,11,5.012742173053269
14,12,5.406175018603485
14,13,3.788705354707092
14,15,3.792225476345909
14,16,5.438996924723369
14,17,5.028405310631529
14,18,6.152034004939739
14,19,8.626659683744004
14,20,9.97220533315199
14,21,10.378959932394205
14,22,11.656175785705493
14,23,14.002478373930693
14,24,15.264488562694929
14,25,15.879823221821393
14,26,17.416921284904404
14,27,19.918972801768497
14,28,20.731702004623614
14,29,21.363625510836698
14,30,23.341930994914193
14,31,25.66541699873461
14,32,28.773709260796526
14,33,28.97365367047036
14,34,31.877013567066975
14,35,31.047686118106864
14,36,27.27366011813083
14,37,25.903694869578768
14,38,22.199724739198587
14,39,23.280085937741255
14,40,22.44687527832033
14,41,19.069977861135335
14,42,19.409532751433865
14,43,20.207090696128187
14,44,17.66096524007496
14,45,14.952431679589198
14,46,16.95364688194332
14,47,17.168271385561862
14,48,13.435897002609854
14,49,13.43219188391361
14,50,16.607055507365747
14,51,15.1328070859381
14,52,11.88824557225819
14,53,14.243597673233985
14,54,16.998803235216652
14,55,19.407705388880057
14,56,20.373617921292727
14,57,24.30120629771078
14,58,25.219959268757606
14,59,22.852592985193446
14,60,21.913696059370796
14,61,21.927938784393174
14,62,25.29991920185111
14,63,24.70781733427575
14,64,23.680544263430814
14,65,20.75982977605209
14,66,19.582808090213216
14,67,19.84456253777337
14,68,17.96051431575317
14,69,15.10234284904014
14,70,15.52650259553442
14,71,15.378175795735189
14,72,11.923745284378388
14,73,10.753373560336284
14,74,13.00556350896121
14,75,11.95782345739408
14,76,8.195396908876267
14,77,9.497074257426132
14,78,12.361666516414138
14,79,10.765937028236937
14,80,8.298564504213838
14,81,11.483664272844702
14,82,13.602671814487264
14,83,11.946229989283816
14,84,12.75782131575736
14,85,16.16995951168113
14,86,16.677182093737493
14,87,16.04350994198703
14,88,18.57480623857565
14,89,20.97748283508822
14,90,20.85798284489558
14,91,21.64297472748667
14,92,24.45179605942492
14,93,25.806930099267465
14,94,26.065052723397457
14,95,27.849323044342636
14,96,30.20806001761051
14,97,31.113523510390273
14,98,32.092523008297235
14,99,33.94723481352818
14,100,35.93837433226305
14,101,36.70238141260446
14,102,35.220987959312495
15,1,20.35842540445138
15,2,20.060964832563986
15,3,17.746399218691433
15,4,15.970940513512014
15,5,15.176338547100649
15,6,14.08953337289183
15,7,11.82666964166757
15,8,10.4777229411381
15,9,9.872197381967666
15,10,8.441867391451787
15,11,5.957956496433006
15,12,5.057333204486818
15,13,5.390935262445309
15,14,3.792225476345909
15,16,3.815171326946164
15,17,5.353935935589426
15,18,4.969941211690477
15,19,6.139730386995119
15,20,8.693910505117234
15,21,9.78449411576586
15,22,9.976389428203124
15,23,12.018217722634814
15,24,14.128673203963444
15,25,14.835924564525408
15,26,15.582138635097756
15,27,18.178590676232126
15,28,19.585350733666562
15,29,19.97736704912666
15,30,21.442470979840106
15,31,23.95260675431316
15,32,27.16266160980657
15,33,27.000840301963706
15,34,29.654049254584358
15,35,28.473426741964914
15,36,24.754162399621993
15,37,23.14778036901281
15,38,19.57929220838636
15,39,21.077721866070263
15,40,20.307800748795106
15,41,17.09948542013367
15,42,17.067314445160374
15,43,17.377317496331298
15,44,15.000368410462984
15,45,12.233138164640296
15,46,13.71541493254067
15,47,13.839792677372783
15,48,10.17081826415834
15,49,9.784511901509076
15,50,12.873193274531493
15,51,11.57739837843932
15,52,8.270788203955801
15,53,10.564100659578054
15,54,13.433434309398535
15,55,15.667506431768922
15,56,16.6960793761947
15,57,20.719832216262127
15,58,21.705952561356494
15,59,19.556873113314744
15,60,18.82786006048279
15,61,19.299697811624565
15,62,22.830281468548556
15,63,22.726129750725125
15,64,22.027259682575405
15,65,19.412579909028363
15,66,17.67474586336705
15,67,17.71939461481238
15,68,16.43044977220448
15,69,13.481494802725189
15,70,13.102334346207511
15,71,13.31113233589545
15,72,10.38959472095585
15,73,8.201349082639197
15,74,10.176610087772623
15,75,9.972202954486667
15,76,6.302235288661652
15,77,6.401319210862642
15,78,9.78270819433267
15,79,9.289108995285018
15,80,6.74959514567196
15,81,9.24924495466275
15,82,11.982437059043841
15,83,11.330192942955708
15,84,11.785361724273507
15,85,14.855567700765818
15,86,16.12789652761362
15,87,15.962216252686401
15,88,17.925865395787653
15,89,20.385335344191763
15,90,20.955813912538783
15,91,21.687010728916167
15,92,24.05786105915504
15,93,25.708795248519607
15,94,26.42583826875908
15,95,27.92942836121945
15,96,30.05698144346853
15,97,31.365366490871722
15,98,32.49783922311573
15,99,33.97431111208662
15,100,36.01203752008416
15,101,37.14370757021541
15,102,35.79365407260374
16,1,21.457506024280022
16,2,21.804027559870775
16,3,19.92853108842264
16,4,18.354877284823168
16,5,16.868545113916575
16,6,15.654098932806276
16,7,14.15986396294244
16,8,12.58321339027114
16,9,10.932929570319343
16,10,9.971006393858358
16,11,8.654255693111972
16,12,6.375416182519835
16,13,5.208810286780309
16,14,5.438996924723369
16,15,3.815171326946164
16,17,3.804919142705378
16,18,5.423207869815431
16,19,5.061775058057507
16,20,6.339851138266909
16,21,8.62472420240682
16,22,9.612760528930936
16,23,10.609141228691474
16,24,12.485477972494493
16,25,14.128050925275105
16,26,15.07024494470447
16,27,16.97329953666776
16,28,18.573635526252772
16,29,19.64931497039146
16,30,20.930206129660583
16,31,22.947095641669787
16,32,26.398773827065746
16,33,26.598984627297664
16,34,29.09242444812537
16,35,27.908859785307072
16,36,24.177224621894506
16,37,22.239643748198482
16,38,18.65152033473366
16,39,19.651623575751337
16,40,18.265139751197324
16,41,14.743439511076131
16,42,14.459552565717832
16,43,15.451808793170885
16,44,13.458198130267812
16,45,10.223854320706101
16,46,12.15246415613129
16,47,13.168719660859873
16,48,9.802113061402688
16,49,9.40173532827641
16,50,13.078683841539533
16,51,12.613976091367377
16,52,9.955933570272368
16,53,12.070775061987193
16,54,15.200336434084821
16,55,16.712477158784633
16,56,17.538920004143883
16,57,21.01128525287123
16,58,21.32713154486931
16,59,19.19827823710151
16,60,19.0160962524923
16,61,19.58113890466779
16,62,23.238003446489596
16,63,23.226007591623116
16,64,23.043806370494284
16,65,20.179470793653195
16,66,18.142817932311242
16,67,18.89268227535372
16,68,17.977470088181743
16,69,14.558880030185094
16,70,14.420014763639095
16,71,15.519931536637065
16,72,12.720391522531687
16,73,10.143883322161711
16,74,12.669776381204544
16,75,13.225562208605583
16,76,9.75121260813293
16,77,9.412079811812417
16,78,13.046382848562846
16,79,13.007471341167717
16,80,10.235200544651033
16,81,12.122542509919931
16,82,15.28068927852198
16,83,14.598662761195994
16,84,14.36326723239437
16,85,17.591424933573254
16,86,19.169801911680516
16,87,18.53439423864175
16,88,20.197786808084313
16,89,23.04744854757036
16,90,23.575828515067666
16,91,23.81375546877506
16,92,26.27623177893255
16,93,28.25206939911168
16,94,28.721101536738672
16,95,29.920765542803295
16,96,32.293221303463774
16,97,33.736434787354405
16,98,34.53498383543032
16,99,35.940147495388075
16,100,38.25204162599241
16,101,39.28548684520879
16,102,38.194716726864776
17,1,22.662905319671577
17,2,22.98451583821628
17,3,20.765595460748596
17,4,19.747373084707835
17,5,18.58675552028168
17,6,16.680924044866817
17,7,15.053688319109092
17,8,14.40191590838789
17,9,12.638993917537853
17,10,10.59629441550048
17,11,9.781755553530017
17,12,8.737500253196355
17,13,6.362026218221205
17,14,5.028405310631529
17,15,5.353935935589426
17,16,3.804919142705378
17,18,3.8220817974646137
17,19,5.4424352312894735
17,20,5.233396029898166
17,21,6.05715794046476
17,22,8.185282224946695
17,23,9.825032139569023
17,24,10.66618475528131
17,25,11.972326911695012
17,26,13.773245720103034
17,27,15.698025426471508
17,28,16.575686735744966
17,29,17.810774612612207
17,30,19.6815969697583
17,31,21.562804436125468
17,32,24.843932602602575
17,33,25.41101125624366
17,34,28.232178948602485
17,35,27.53873726849622
17,36,23.746463070244733
17,37,22.27847168766416
17,38,18.51181817436048
17,39,19.057037614731158
17,40,17.93448388038917
17,41,14.440099505862033
17,42,15.098497967091275
17,43,16.357944232527533
17,44,13.775008751878698
17,45,11.171670841138829
17,46,13.924821524377945
17,47,14.425864835595927
17,48,10.924110474687525
17,49,11.739315696765956
17,50,15.245989482969609
17,51,14.127353356027271
17,52,11.816843034552562
17,53,14.662354796538166
17,54,17.274717552557725
17,55,19.15885167259646
17,56,19.413766203047768
17,57,22.502214035515546
17,58,22.76469504901794
