1,2,3.751522065989545
1,3,6.1252809537406785
1,4,9.046855971242135
1,5,8.27642766350085
1,6,7.70439751848802
1,7,10.890307079589453
1,8,12.870343699534152
1,9,12.217355267120743
1,10,13.425762045810647
1,11,16.22080993314572
1,12,17.41754132359026
1,13,17.044709064016487
1,14,17.441238526583764
1,15,19.06366839872617
1,16,22.539712803257768
1,17,22.79357547838038
1,18,20.478515680089174
1,19,20.448942799567803
1,20,17.960361866564224
1,21,20.088572667880282
1,22,22.56054710335149
1,23,25.87459684380196
1,24,24.4490268507445
1,25,26.533107429696113
1,26,26.51184553447729
1,27,26.819990935387995
1,28,26.91132179232012
1,29,24.11304319245989
1,30,23.656390558989575
1,31,22.05484695028348
1,32,18.781691654760373
1,33,19.180408898441524
1,34,19.143608510985448
1,35,17.46802890347004
1,36,15.587392350563556
1,37,18.312476987492733
1,38,20.937254011404093
1,39,22.668190243026576
1,40,22.74362638728521
1,41,25.443457216073202
1,42,25.44651197134098
1,43,24.81279954899529
1,44,28.14065774240495
1,45,30.438193936070128
1,46,28.890618159339997
1,47,31.038789780728372
1,48,28.93505591475709
1,49,30.38051025442996
1,50,31.669163161713808
1,51,29.118014213194417
1,52,26.13633666560861
1,53,28.16367684347608
1,54,29.038777711802624
1,55,26.211003180101304
1,56,25.97751379983019
1,57,22.370757737076318
1,58,20.039893576121695
1,59,16.759800673711137
1,60,13.589599356632961
1,61,10.492213630616131
1,62,13.197997490463889
1,63,15.477362328685514
1,64,13.338835147577736
1,65,11.804058901988153
1,66,15.580359693219734
1,67,16.97372801379338
1,68,14.975062274729956
1,69,15.925925953533039
1,70,19.475925577245214
1,71,20.406174435148287
1,72,24.119560413850945
1,73,24.06482520927583
1,74,22.28722279104079
1,75,24.499046030279203
1,76,27.6314481225011
1,77,29.50211624847689
1,78,26.63939886963706
1,79,27.58529173301449
1,80,24.089122502397004
1,81,24.83636075841454
1,82,21.545239519357587
1,83,21.638990440771785
1,84,18.023099122727814
1,85,14.852124330313595
1,86,15.715826764136251
1,87,12.818411817397175
1,88,10.34190530991223
1,89,7.489987666551353
1,90,8.433900330788491
1,91,8.487896463950113
1,92,5.0573079634639635
1,93,4.204448568101282
1,94,7.500532807525111
1,95,7.251269820087623
1,96,5.257025268644986
1,97,7.873978390406198
1,98,10.401099975390114
1,99,10.224991580198246
1,100,11.040690836680483
1,101,13.430895073715016
1,102,15.31186386654668
1,103,16.234241175242897
1,104,17.928557564101098
2,1,3.751522065989545
2,3,3.855833304782105
2,4,5.632927444751951
2,5,5.234458894867632
2,6,6.055783718750483
2,7,8.692983651689405
2,8,10.339830294338432
2,9,10.659007493405493
2,10,12.17370276173069
2,11,14.276730136432123
2,12,15.653439634716419
2,13,16.082264707924182
2,14,16.75463579915237
2,15,17.835812487814206
2,16,21.35722517828989
2,17,22.190219156512498
2,18,19.978944496188053
2,19,19.65740673286872
2,20,17.365441306521575
2,21,19.280741754105346
2,22,22.128932162891164
2,23,25.33731282821626
2,24,23.689435203947898
2,25,25.832609148546567
2,26,26.228488668628884
2,27,26.297538339878262
2,28,26.62829477393669
2,29,24.183214118839036
2,30,23.921625672504074
2,31,22.049368050830456
2,32,19.12686951429224
2,33,19.411169309635895
2,34,20.0024630744077
2,35,18.744654261721944
2,36,17.42281892265109
2,37,20.543557248095247
2,38,22.908317599305665
2,39,24.79571105084947
2,40,24.641519495074352
2,41,26.94843537680201
2,42,26.78826914523619
2,43,25.637697049100286
2,44,28.76175619787041
2,45,30.81264164639364
2,46,29.370341989821302
2,47,31.72456251523504
2,48,29.94578345244655
2,49,31.60695943739136
2,50,33.26383826192903
2,51,30.89201465255856
2,52,27.775427745815445
2,53,29.83441779284608
2,54,31.10825773128794
2,55,28.486135313388207
2,56,28.465209956678354
2,57,25.003931698390076
2,58,22.609455627496764
2,59,19.098161907501765
2,60,16.257260885543165
2,61,13.551492753577389
2,62,16.48478526733926
2,63,18.34883265321259
2,64,15.709978482916064
2,65,14.490636700856669
2,66,18.21360717783889
2,67,19.09170708461911
2,68,16.56275829354018
2,69,17.684998055286695
2,70,21.107001138368478
2,71,21.94520197330284
2,72,25.69475254501934
2,73,26.06566734739574
2,74,24.54147127408599
2,75,26.473982837495406
2,76,29.4730930272469
2,77,30.993193780548523
2,78,27.924074595077585
2,79,28.383521093974387
2,80,24.71003949207425
2,81,25.177176988210064
2,82,21.92215099926492
2,83,22.270319412815024
2,84,18.929156303359036
2,85,15.656096854492693
2,86,16.87940405560163
2,87,13.91321117738976
2,88,12.318369423118451
2,89,8.918707353694286
2,90,8.84130442664494
2,91,9.986987605388162
2,92,7.5073151005056955
2,93,4.556866804261823
2,94,7.667682616509589
2,95,8.843774996321404
2,96,6.483437270811375
2,97,7.254272727513808
2,98,10.72226537999695
2,99,11.252752939561766
2,100,10.9427876616991
2,101,12.754907178158913
2,102,15.409882004344475
2,103,16.51361873805409
2,104,17.49063999681729
3,1,6.1252809537406785
3,2,3.855833304782105
3,4,3.8636475668571615
3,5,5.431117100232912
3,6,5.0082618760419155
3,7,6.221430250841872
3,8,8.991523572956226
3,9,9.90994308726992
3,10,10.314865164118006
3,11,12.150051590122269
3,12,14.34744341729208
3,13,14.993788610351864
3,14,14.944512002681796
3,15,15.413306245153649
3,16,19.133512431199545
3,17,19.899693210878933
3,18,17.325205957637436
3,19,16.48228327833253
3,20,13.979790057413158
3,21,15.603377598923185
3,22,18.4808614539834
3,23,21.697906432584528
3,24,20.15385768961885
3,25,22.513243447301424
3,26,23.213394854199752
3,27,23.52422269621847
3,28,24.28743255724549
3,29,21.855081959895767
3,30,21.28760895723963
3,31,19.036405585062553
3,32,16.248369246995512
3,33,16.177983524093957
3,34,17.067659961029236
3,35,16.29237013823787
3,36,15.405142774360877
3,37,18.805163878706455
3,38,20.904876770870928
3,39,23.069257062960478
3,40,22.95295008990193
3,41,24.913264728284272
3,42,24.37952616851567
3,43,22.893798987739267
3,44,25.784305265735536
3,45,27.82485180275449
3,46,26.671790764835926
3,47,29.308594674901983
3,48,27.889662304741833
3,49,29.922631978158396
3,50,31.720116728936627
3,51,29.704551761939605
3,52,26.340561199246793
3,53,28.10144149188517
3,54,29.70050273264482
3,55,27.43515882331956
3,56,27.339812271770732
3,57,24.077845083777497
3,58,21.433175731627966
3,59,17.822332523425843
3,60,15.348335196724886
3,61,13.437599713140413
3,62,16.853812245138588
3,63,18.202438965349216
3,64,15.34301252023977
3,65,15.06222857250136
3,66,18.771139833164327
3,67,18.988240076799734
3,68,16.512376636420377
3,69,18.404161593829087
3,70,21.45840612855353
3,71,21.641889696613053
3,72,25.420625778623428
3,73,26.250845367700094
3,74,24.49022142702505
3,75,25.916514114770898
3,76,29.032869066282654
3,77,30.182367074581766
3,78,26.84703502011382
3,79,27.027822653034068
3,80,23.387406439650817
3,81,24.186766297547805
3,82,21.29425690960406
3,83,22.30087586930038
3,84,19.225839066587675
3,85,16.400179387066203
3,86,18.3771442411256
3,87,15.988678635846394
3,88,14.59684815630438
3,89,11.672146864329418
3,90,10.597798147274517
3,91,10.993057989746237
3,92,9.050845287664519
3,93,5.835943979829994
3,94,7.001985629939092
3,95,8.032476719924937
3,96,5.2404542637299985
3,97,4.280936492203198
3,98,8.062209859954702
3,99,8.8160258342742
3,100,7.6910161279008635
3,101,9.10984175204911
3,102,12.112224233491919
3,103,13.246698959980076
3,104,13.896772107170413
4,1,9.046855971242135
4,2,5.632927444751951
4,3,3.8636475668571615
4,5,3.8086630072991965
4,6,5.519629558070378
4,7,5.333312658649963
4,8,6.878913184516525
4,9,9.087449698213073
4,10,10.043890916238865
4,11,10.763624099218633
4,12,12.871154411095318
4,13,14.446181892211937
4,14,14.944334536259241
4,15,14.89528967455578
4,16,18.42376569253416
4,17,19.910491508550177
4,18,17.74742398990186
4,19,16.839834806145948
4,20,14.920906436405026
4,21,16.38994945432592
4,22,19.657681106788576
4,23,22.547386455910843
4,24,20.63895257140543
4,25,22.831418086973617
4,26,23.860558675651546
4,27,23.726706704194875
4,28,24.562660441316613
4,29,22.63759730112432
4,30,22.490412658140333
4,31,20.213411889311846
4,32,17.97029320977378
4,33,18.03730752561466
4,34,19.56183962547074
4,35,18.991304674243978
4,36,18.641260895788538
4,37,22.209769150518078
4,38,24.002801580450047
4,39,26.071093267944452
4,40,25.617928770630062
4,41,27.22135248080841
4,42,26.738042873284954
4,43,24.838453092366038
4,44,27.529533872512076
4,45,29.1827164186309
4,46,28.00918473545583
4,47,30.681271294056415
4,48,29.508943041515064
4,49,31.577566365632716
4,50,33.71795157682766
4,51,31.78823362263236
4,52,28.452381466106456
4,53,30.362734334432727
4,54,32.25317444021899
4,55,30.100492672684243
4,56,30.3190001693168
4,57,27.201382176520926
4,58,24.71370858897228
4,59,20.99747971227786
4,60,18.836356672397947
4,61,16.96634313824842
4,62,20.239640990029603
4,63,21.34561035507784
4,64,18.17191846274503
4,65,17.80951285757451
4,66,21.350299979802784
4,67,21.289218601413715
4,68,18.36757751425011
4,69,20.0991713448294
4,70,23.024102292592204
4,71,23.316520795594474
4,72,27.015875933355783
4,73,28.130104381950353
4,74,26.759965874726788
4,75,28.042913355504428
4,76,30.90250702123859
4,77,31.775196013768106
4,78,28.378853064621342
4,79,28.106972683554197
4,80,24.353775854100842
4,81,24.69359221158201
4,82,21.829093413849595
4,83,22.890495623451937
4,84,20.155659022123984
4,85,17.270734174274203
4,86,19.33017219539793
4,87,16.914302257775606
4,88,16.29159489900188
4,89,13.106339406302947
4,90,11.505561029920138
4,91,12.867531400803742
4,92,11.633522112101685
4,93,7.910331919703382
4,94,8.854556345624504
4,95,11.045167785699011
4,96,8.918312319523992
4,97,6.917434361064743
4,98,10.611371219651016
4,99,12.109170907600465
4,100,10.431576384803249
4,101,10.788974023029779
4,102,14.223697682565394
4,103,15.661136861058305
4,104,15.605897190511811
5,1,8.27642766350085
5,2,5.234458894867632
5,3,5.431117100232912
5,4,3.8086630072991965
5,6,3.7985032232213136
5,7,5.4068638602572285
5,8,5.469609067369851
5,9,6.578846895491137
5,10,8.777771446414569
5,11,10.034815541875968
5,12,11.072990671216566
5,13,12.284482154162832
5,14,13.566790410625455
5,15,14.316127630074234
5,16,17.56239182634314
5,17,19.092836485337898
5,18,17.464271273392974
5,19,17.39262426043695
5,20,15.96583172742457
5,21,18.13218855030918
5,22,21.514197291699
5,23,24.20933258908195
5,24,21.922771057896313
5,25,23.616397257748517
5,26,24.139618052743963
5,27,23.570966417554633
5,28,23.81337516283401
5,29,21.959117427963477
5,30,22.33619156309984
5,31,20.630850430263234
5,32,18.386912071364602
5,33,19.194707567686752
5,34,20.724860904528036
5,35,19.475220360471813
5,36,19.167821537462352
5,37,22.71721069393734
5,38,24.3852386762436
5,39,25.972873916291523
5,40,25.13577012958483
5,41,26.864145905321298
5,42,26.916063537188844
5,43,25.20955830931996
5,44,28.182879182569312
5,45,29.643956362121877
5,46,28.00090363907564
5,47,30.29536867955886
5,48,28.780451618520072
5,49,30.452975139981795
5,50,32.623538678511366
5,51,30.399371989571687
5,52,27.31498677955185
5,53,29.62921487515812
5,54,31.391846335195396
5,55,28.99141533289969
5,56,29.565156723500227
5,57,26.422031834225894
5,58,24.355933678009727
5,59,20.591176467696286
5,60,18.525838786334184
5,61,16.230788623699723
5,62,19.031982909901068
5,63,20.057232239091896
5,64,16.73501131458844
5,65,15.846512741639149
5,66,19.18416536776159
5,67,19.25022994291628
5,68,16.046580935648297
5,69,17.279683246483707
5,70,20.2925891029078
5,71,21.031573965916813
5,72,24.66312791019436
5,73,25.627863581406128
5,74,24.635261477451316
5,75,26.16540525669918
5,76,28.79098797919709
5,77,29.814683575139117
5,78,26.619452302178427
5,79,26.436301118718912
5,80,22.620247960260105
5,81,22.546821491211222
5,82,19.386536686346023
5,83,19.99263585794319
5,84,17.20247945067259
5,85,14.08231387771604
5,86,15.899114752603527
5,87,13.413583463203217
5,88,13.244734702873048
5,89,10.106428850295261
5,90,8.156890476027572
5,91,10.215709381799527
5,92,9.614113344970656
5,93,5.897906220236195
5,94,7.154748602521174
5,95,10.180445512536172
5,96,9.137402852378719
5,97,7.697917090417849
5,98,11.074479571800627
5,99,13.118345155022261
5,100,12.476803679097697
5,101,12.729942872401672
5,102,15.641692235405829
5,103,17.63638964783323
5,104,18.19685027929598
6,1,7.70439751848802
6,2,6.055783718750483
6,3,5.0082618760419155
6,4,5.519629558070378
6,5,3.7985032232213136
6,7,3.753944013299285
6,8,5.48771592784788
6,9,5.062022845387478
6,10,6.1305882548573205
6,11,8.551082990068185
6,12,9.935119785995525
6,13,10.216272238997764
6,14,10.764728706942591
6,15,11.903334940797079
6,16,15.337935537672267
6,17,16.26984142792007
6,18,14.37047425390602
6,19,14.511555150492187
6,20,12.977155586266612
6,21,15.543330376198815
6,22,18.796751365535723
6,23,21.4815565240699
6,24,19.209831209476896
6,25,20.810861249265038
6,26,21.012765707180538
6,27,20.649172613655807
6,28,20.822494995468375
6,29,18.651477797912744
6,30,18.85861062396976
6,31,17.27982568645783
6,32,14.85543292095774
6,33,15.927164278613715
6,34,17.390005456821164
6,35,15.871762088205832
6,36,15.748548687839762
6,37,19.356099228882332
6,38,20.80439037634893
6,39,22.265362388791953
6,40,21.34862842350067
6,41,23.07508317737935
6,42,23.187846800834578
6,43,21.58948240862605
6,44,24.684336998309565
6,45,26.219823874364387
6,46,24.49483471327426
6,47,26.74348309729485
6,48,25.136222147740312
6,49,26.842548763090814
6,50,28.932620094233023
6,51,26.75991421242154
6,52,23.603915975402796
6,53,25.85249313240611
6,54,27.626252381485116
6,55,25.29137214753668
6,56,25.869566618131653
6,57,22.807579894872926
6,58,20.78166724378979
6,59,16.981790415090746
6,60,15.202311674568012
6,61,13.250611216134857
6,62,16.119773599290887
6,63,16.751577303340625
6,64,13.297300898395102
6,65,12.921803731549026
6,66,16.224633396077294
6,67,15.950787034651498
6,68,12.887859644694464
6,69,14.682976729854008
6,70,17.516294024101164
6,71,17.838675578604857
6,72,21.537653907333222
6,73,22.628605205822037
6,74,21.37774851001466
6,75,22.71688793975854
6,76,25.48655967658091
6,77,26.47415166560267
6,78,23.19766036883011
6,79,23.148258570038262
6,80,19.38122333403724
6,81,19.715520622141828
6,82,16.67674349278584
6,83,17.61255821533307
6,84,14.745120515217982
6,85,11.986696441474967
6,86,14.363250349856722
6,87,12.48143985353022
6,88,12.040314623316805
6,89,9.659361601335654
6,90,7.127147089558458
6,91,7.825354112559607
6,92,7.682324574246094
6,93,4.299274549434272
6,94,3.6396262457004007
6,95,6.854661121031659
6,96,6.6879463191024975
6,97,4.887307606534033
6,98,7.641722601834592
6,99,10.155313778296387
6,100,10.211412518031546
6,101,10.209668873475415
6,102,12.566167603362102
6,103,14.938541370464211
6,104,16.04904843533947
7,1,10.890307079589453
7,2,8.692983651689405
7,3,6.221430250841872
7,4,5.333312658649963
7,5,5.4068638602572285
7,6,3.753944013299285
7,8,3.8399895561282515
7,9,5.357601831923967
7,10,4.893628135086153
7,11,5.939235760765428
7,12,8.496622186263103
7,13,9.725181710078433
7,14,9.703343959065286
7,15,9.639740619467121
7,16,13.234210229760334
7,17,14.582056753010868
7,18,12.54983307261359
7,19,12.073407433476294
7,20,10.78782618808587
7,21,13.01287582048173
7,22,16.548269394994207
7,23,18.993198864055095
7,24,16.55709419432544
7,25,18.246829809730297
7,26,18.963765870824773
7,27,18.563689901797428
7,28,19.249695487676114
7,29,17.427549132352873
7,30,17.576372675313166
7,31,15.596572098405796
7,32,13.7256179095779
7,33,14.532193663884154
7,34,16.66119518409543
7,35,15.772624992121322
7,36,16.339403759202646
7,37,20.141973892644295
7,38,21.191876221408773
7,39,22.844269996142362
7,40,21.8315337294687
7,41,23.005330188087488
7,42,22.77374907861842
7,43,20.629348459734572
7,44,23.34516883794374
7,45,24.630807315769292
7,46,23.190391618440586
7,47,25.732363902030638
7,48,24.642166519517005
7,49,26.72193619177935
7,50,29.105889965271768
7,51,27.34588491016228
7,52,24.015151844681643
7,53,26.0138775100576
7,54,28.215661847290733
7,55,26.30122396671744
7,56,26.931957057111937
7,57,24.162352947817713
7,58,22.01140410064902
7,59,18.19931186822801
7,60,16.902986360381377
7,61,15.660070969623725
7,62,18.757889982543325
7,63,18.945894726188936
7,64,15.370662666208725
7,65,15.725023300513659
7,66,18.825921848719766
7,67,17.922381051447164
7,68,14.87043870187186
7,69,17.150893818597133
7,70,19.495436107953857
7,71,19.26507204764568
7,72,22.842870860320176
7,73,24.454405301857875
7,74,23.200421709989822
7,75,23.988896041924246
7,76,26.68928726365183
7,77,27.176430338992223
7,78,23.663748178355853
7,79,23.08544500382038
7,80,19.35024670408874
7,81,19.755700486890465
7,82,17.190854193614246
7,83,18.790911963912336
7,84,16.479031758543332
7,85,14.252493557684005
7,86,17.111833328362476
7,87,15.671922442771104
7,88,15.598208675377387
7,89,13.358803911962429
7,90,10.535352374439086
7,91,11.079413023371478
7,92,11.25134230316793
7,93,7.975075218951449
7,94,6.40537037663239
7,95,9.185286799057149
7,96,8.778614417509973
7,97,5.456962995619709
7,98,7.807051530735781
7,99,10.740698834903629
7,100,9.831946839048488
7,101,8.622855902408364
7,102,11.416429518046787
7,103,13.9805859057756
7,104,14.385849294853568
8,1,12.870343699534152
8,2,10.339830294338432
8,3,8.991523572956226
8,4,6.878913184516525
8,5,5.469609067369851
8,6,5.48771592784788
8,7,3.8399895561282515
8,9,3.7849104573558128
8,10,5.251874128136516
8,11,4.909764174789442
8,12,6.086707267223679
8,13,8.31295538838758
8,14,9.651125830988551
8,15,9.690030070100189
8,16,12.620980713351642
8,17,14.749179984812082
8,18,13.674614253357241
8,19,13.81994956872305
8,20,13.467956760292527
8,21,15.820856096329312
8,22,19.50977755190784
8,23,21.523302048526705
8,24,18.66315325947058
8,25,19.800393834104852
8,26,20.41850502544203
8,27,19.305325338002845
8,28,19.58552713665024
8,29,18.350169905300007
8,30,19.244660259344425
8,31,17.729240972364355
8,32,16.359086878529858
8,33,17.646839764502072
8,34,20.039093985580898
8,35,18.92025818768618
8,36,19.699514528892387
8,37,23.485802304590756
8,38,24.34151264634182
8,39,25.63852203247709
8,40,24.211129610056744
8,41,25.209836818331993
8,42,25.36017595173846
8,43,23.112517310383886
8,44,25.795910674715696
8,45,26.639183697334037
8,46,24.899830238366658
8,47,27.155797822320242
8,48,26.047862565281765
8,49,27.842511898592154
8,50,30.480413448508287
8,51,28.60979788730095
8,52,25.531445548213437
8,53,27.877210525111355
8,54,30.16275421114928
8,55,28.185558338844285
8,56,29.2380763410178
8,57,26.5679530941786
8,58,24.79072674011109
8,59,20.96729143306567
8,60,19.841616600958883
8,61,18.313932199897835
8,62,21.021295129410085
8,63,21.092214943162276
8,64,17.35779959151275
8,65,17.27286063574076
8,66,20.061401992853582
8,67,19.095590604974237
8,68,15.632563716942336
8,69,17.36575260036586
8,70,19.579614646062996
8,71,19.74673644262342
8,72,23.126406862879136
8,73,24.83955260693718
8,74,24.165574330518236
8,75,25.003972310838588
8,76,27.297013972372962
8,77,27.65543402389959
8,78,24.291430377472015
8,79,23.39534718055014
8,80,19.59541345683941
8,81,19.251826649348168
8,82,16.56444437336629
8,83,17.877999583355283
8,84,15.938880230636594
8,85,13.63326541394193
8,86,16.34654595343019
8,87,14.979992100409818
8,88,15.780036724298318
8,89,13.547822872017662
8,90,10.341503443181404
8,91,11.879107601100126
8,92,12.75630426379942
8,93,9.47805147826351
8,94,8.302069702528573
8,95,11.818031997705972
8,96,11.904607990757393
8,97,9.051232937167308
8,98,11.260667315108968
8,99,14.393119567539863
8,100,13.666625264638066
8,101,12.31224502470246
8,102,14.939380739992934
8,103,17.71365543259879
8,104,17.995571765834686
9,1,12.217355267120743
9,2,10.659007493405493
9,3,9.90994308726992
9,4,9.087449698213073
9,5,6.578846895491137
9,6,5.062022845387478
9,7,5.357601831923967
9,8,3.7849104573558128
9,10,3.7636627811148653
9,11,5.5754208526784055
9,12,5.275127608334423
9,13,5.715203682221538
9,14,7.584393336597388
9,15,9.084023766452642
9,16,11.78462471819891
9,17,13.33192836090205
9,18,12.574035199096697
9,19,13.659959933314708
9,20,13.506228709356611
9,21,16.509301684674114
9,22,20.010582464244287
9,23,21.9628798882082
9,24,19.00874263355704
9,25,19.744563353836977
9,26,19.655175355042
9,27,18.401849586515507
9,28,18.036959052657263
9,29,16.557966717140147
9,30,17.756974878882797
9,31,16.86489571684868
9,32,15.301724867764829
9,33,17.249129161004227
9,34,19.384554597710373
9,35,17.597262572027645
9,36,18.362115976495854
9,37,22.012045525389258
9,38,22.724074061536474
9,39,23.565016325814092
9,40,21.85966805716966
9,41,23.036675981672058
9,42,23.670349209775285
9,43,21.77668702170007
9,44,24.777338660400233
9,45,25.60458019083659
9,46,23.439152908860798
9,47,25.309233422912627
9,48,23.774428965993227
9,49,25.20180699737528
9,50,27.736155310956086
9,51,25.599664695168123
9,52,22.721876941379037
9,53,25.362095075461802
9,54,27.455196991703527
9,55,25.274377258742913
9,56,26.566992748145132
9,57,23.915221210277025
9,58,22.517730890600372
9,59,18.746851199546082
9,60,17.834153722259664
9,61,16.19504115335737
9,62,18.442956975538706
9,63,18.26164526748758
9,64,14.473492165873349
9,65,14.222247699042342
9,66,16.700007243130482
9,67,15.677110252368008
9,68,12.086176907329932
9,69,13.663202254541842
9,70,15.830219965128446
9,71,16.17932052915613
9,72,19.552307989501447
9,73,21.152688548504276
9,74,20.63942022372732
9,75,21.62735301204953
9,76,23.82341989560632
9,77,24.36971278472387
9,78,21.159616601656595
9,79,20.527018963385647
9,80,16.689764111393703
9,81,16.241914289356615
9,82,13.241486723040794
9,83,14.288341963148767
9,84,12.174887003171268
9,85,9.886980680035675
9,86,12.784206868947365
9,87,11.84754876069091
9,88,12.898049309527977
9,89,11.362055148389642
9,90,7.706185845494292
9,91,8.887818941355091
9,92,10.658271535664708
9,93,8.179454040893535
9,94,6.29324307672752
9,95,10.007271825201355
9,96,11.233967952598539
9,97,9.049226171411764
9,98,10.485293238493496
9,99,13.850479021273276
9,100,14.148277615586366
9,101,12.985871929986622
9,102,14.843010184776904
9,103,17.951626796557203
9,104,18.985336554621373
10,1,13.425762045810647
10,2,12.17370276173069
10,3,10.314865164118006
10,4,10.043890916238865
10,5,8.777771446414569
10,6,6.1305882548573205
10,7,4.893628135086153
10,8,5.251874128136516
10,9,3.7636627811148653
10,11,3.7782526675060986
10,12,5.3029919333691184
10,13,5.191519565153506
10,14,4.917361439856019
10,15,5.928105437597555
10,16,9.223437967500242
10,17,10.328744313167022
10,18,9.004285423132252
10,19,9.917848405642493
10,20,9.896534788189163
10,21,13.04345355825945
10,22,16.50157240825022
10,23,18.294733121514206
10,24,15.304432899787948
10,25,16.049164278107025
10,26,16.010086633376144
10,27,15.016986889619817
10,28,15.039797644107797
10,29,13.3739403153462
10,30,14.270558298691304
10,31,13.164892892769789
10,32,11.80160247237173
10,33,13.812263641310487
10,34,16.26060091489757
10,35,14.703168822717467
10,36,16.035682784078595
10,37,19.769441644212506
10,38,20.08490287500356
10,39,21.011029046498265
10,40,19.272259903423386
10,41,20.093551907466942
10,42,20.468782211649916
10,43,18.311316193341867
10,44,21.16841020655723
10,45,21.966250831354962
10,46,19.96517308905875
10,47,22.074738911571345
10,48,20.82520583273204
10,49,22.629979831837147
10,50,25.250340991810383
10,51,23.474495508968133
10,52,20.34366867763601
10,53,22.669819731453273
10,54,25.04802512227329
10,55,23.22803638174756
10,56,24.44116451464657
10,57,22.035727890813742
10,58,20.508178266364723
10,59,16.762784682865647
10,60,16.365849547845976
10,61,15.514219802722343
10,62,17.994925849038367
10,63,17.311984155818752
10,64,13.489820283988676
10,65,14.235566060803984
10,66,16.591973252111774
10,67,14.931599609493004
10,68,11.706618063813902
10,69,14.20617010640863
10,70,15.86738696961291
10,71,15.32407487801698
10,72,18.682353530399922
10,73,20.702603616822202
10,74,19.804007163263297
10,75,20.228044667540374
10,76,22.601913377680184
10,77,22.7969711483955
10,78,19.30225069338136
10,79,18.468073577658956
10,80,14.696263950248031
10,81,14.904473652951195
10,82,12.4826342502886
10,83,14.44463811685863
10,84,12.6485092153649
10,85,11.219271403348444
10,86,14.6655877930038
10,87,14.31378267625714
10,88,14.936066546013608
10,89,13.792346769267295
10,90,10.247111410148069
10,91,10.118246367540479
10,92,11.824711272884779
10,93,9.629686185276498
10,94,6.519200759778596
10,95,9.424843089025792
10,96,10.889934230578598
10,97,8.048548384599984
10,98,8.3677650805483
10,99,12.084787110799283
10,100,12.366965106059965
10,101,10.442588533237837
10,102,11.856624783203145
10,103,15.2637430593926
10,104,16.30964851267066
11,1,16.22080993314572
11,2,14.276730136432123
11,3,12.150051590122269
11,4,10.763624099218633
11,5,10.034815541875968
11,6,8.551082990068185
11,7,5.939235760765428
11,8,4.909764174789442
11,9,5.5754208526784055
11,10,3.7782526675060986
11,12,3.819943084340802
11,13,6.054732201095187
11,14,6.11628294573733
11,15,4.9768792958767865
11,16,7.8752849797370175
11,17,10.207305214039577
11,18,9.433779752929217
11,19,9.816707506664036
11,20,10.582579638623182
11,21,13.131670179389868
11,22,16.81606333479222
11,23,18.153957457124548
11,24,14.87660270692443
11,25,15.444770180652856
11,26,16.01372266239314
11,27,14.59383879508112
11,28,15.024302208762629
11,29,14.187130708606729
11,30,15.349274163181715
11,31,14.034522764319377
11,32,13.51887936459185
11,33,15.227414946376925
11,34,18.209206945120048
11,35,17.232518751686843
11,36,18.93689786893208
11,37,22.725369221281674
11,38,22.82269223441236
11,39,23.854636917353634
11,40,22.02759147643892
11,41,22.346747476370293
11,42,22.506839806410557
11,43,19.871500400691232
11,44,22.256548688555668
11,45,22.61824026898243
11,46,20.850766553239776
11,47,23.101539536113478
11,48,22.39153967749395
11,49,24.38320368536332
11,50,27.315857223063045
11,51,25.872968664113568
11,52,22.770148939490493
11,53,24.953313826671863
11,54,27.652813183385483
11,55,26.15332160933591
11,56,27.480186927564436
11,57,25.30562804377389
11,58,23.75767263675351
11,59,20.06786706254409
11,60,19.834176354220418
11,61,19.15518541669176
11,62,21.742601256646356
11,63,20.990265306815385
11,64,17.179402585871035
11,65,18.000517521190122
11,66,20.253547972329905
11,67,18.398490702738755
11,68,15.151135445110864
11,69,17.519523457800354
11,70,18.88511178788764
11,71,18.233690323900323
11,72,21.312554221933738
11,73,23.657912495540224
11,74,23.010343901067735
11,75,23.10853366640092
11,76,25.212660447189467
11,77,24.96529335560424
11,78,21.434401712120334
11,79,19.994244551518943
11,80,16.358158164654622
11,81,16.193568873335366
11,82,14.256170859028545
11,83,16.47859887274706
11,84,15.326904714937255
11,85,14.116304297698083
11,86,17.51093548355216
11,87,17.174845273272727
11,88,18.192356886364987
11,89,16.767213657721342
11,90,13.169391022619918
11,91,13.652528621101752
11,92,15.244239867396033
11,93,12.59047107963211
11,94,9.982661248413216
11,95,12.96287304717157
11,96,13.856978704648844
11,97,10.521279565106827
11,98,11.18287729520084
11,99,14.80281071561691
11,100,14.285726710540748
11,101,11.773733292292922
11,102,13.591323657578885
11,103,16.904136335427072
11,104,17.179368816672827
12,1,17.41754132359026
12,2,15.653439634716419
12,3,14.34744341729208
12,4,12.871154411095318
12,5,11.072990671216566
12,6,9.935119785995525
12,7,8.496622186263103
12,8,6.086707267223679
12,9,5.275127608334423
12,10,5.3029919333691184
12,11,3.819943084340802
12,13,3.8005251267464035
12,14,6.087057628863733
12,15,6.422105156309934
12,16,7.827883490339249
12,17,10.48145335649824
12,18,10.960366566101985
12,19,12.432660436641207
12,20,13.706468662418128
12,21,16.564953017440825
12,22,20.138069172892266
12,23,21.230955103507775
12,24,17.760517151968653
12,25,17.694721484875327
12,26,17.696338752655052
12,27,15.616024241304775
12,28,15.163680839655465
12,29,14.75537003046321
12,30,16.719624423780708
12,31,16.20271373947142
12,32,15.834844162947837
12,33,18.115920421288276
12,34,20.96436292432874
12,35,19.46740480528061
12,36,21.136021543478524
12,37,24.80946670775086
12,38,24.797250364408296
12,39,25.34460631813021
12,40,23.12016768054777
12,41,23.45995442799149
12,42,24.194981535596888
12,43,21.784113420573757
12,44,24.322936914725524
12,45,24.370856921343552
12,46,22.127102172326158
12,47,23.84397454945194
12,48,22.837362318636977
12,49,24.30717474007385
12,50,27.34602792888293
12,51,25.64727987050208
12,52,22.929732171747016
12,53,25.55098512809405
12,54,28.141416627463204
12,55,26.46348488366603
12,56,28.222564477491105
12,57,26.122913399791614
12,58,25.05270895999468
12,59,21.422788708746275
12,60,21.315310694134617
12,61,20.3184026415282
12,62,22.397306436722918
12,63,21.5104898250761
12,64,17.66293179821542
12,65,18.026393914883702
12,66,19.83791997833912
12,67,17.973595203225326
12,68,14.462334122492154
12,69,16.203489281497628
12,70,17.331539023698323
12,71,17.13178633495144
12,72,19.940551514221095
12,73,22.278946025835992
12,74,22.237989812239842
12,75,22.472005855369808
12,76,24.128222044330975
12,77,23.883674535927362
12,78,20.638593726789814
12,79,19.086927829480327
12,80,15.438778726274126
12,81,14.419631897265766
12,82,12.245170009199587
12,83,14.036477760563974
12,84,13.312433702489002
12,85,12.254537550016966
12,86,15.485987866868102
12,87,15.537763555488281
12,88,17.302293028478488
12,89,16.27096163509834
12,90,12.477653165088384
12,91,13.401334991955396
12,92,15.689594685123513
12,93,13.410104325427104
12,94,10.99855911482063
12,95,14.34312994863945
12,96,15.815184962553582
12,97,13.007233105868602
12,98,13.663018794797578
12,99,17.37405319562122
12,100,17.38141402308632
12,101,15.17547254042155
12,102,16.701101590922544
12,103,20.166887645313707
12,104,20.775470252570067
13,1,17.044709064016487
13,2,16.082264707924182
13,3,14.993788610351864
13,4,14.446181892211937
13,5,12.284482154162832
13,6,10.216272238997764
13,7,9.725181710078433
13,8,8.31295538838758
13,9,5.715203682221538
13,10,5.191519565153506
13,11,6.054732201095187
13,12,3.8005251267464035
13,14,3.8462601941947385
13,15,6.363129146439868
13,16,7.492503953392878
13,17,8.914009775251001
13,18,9.639334118629828
13,19,12.062935425026588
13,20,13.370874104800402
13,21,16.728639338340585
13,22,19.995436149334864
13,23,21.076928690766245
13,24,17.672387200762888
13,25,17.30097998354316
13,26,16.525998366954024
13,27,14.480203781352722
13,28,13.337201901576568
13,29,12.504331003077905
13,30,14.710464696375155
13,31,14.853391349108273
13,32,14.293573467985068
13,33,17.13969504392632
13,34,19.67075541674135
13,35,17.616158065358867
13,36,19.32011578311624
13,37,22.781301445650953
13,38,22.5642657147245
13,39,22.674756233850204
13,40,20.198324152916683
13,41,20.654679929521023
13,42,21.829666544643647
13,43,19.797048714318255
13,44,22.62589326326148
13,45,22.719165541076677
13,46,20.083281847359984
13,47,21.42601803671827
13,48,19.977898305842935
13,49,21.1266055112418
13,50,24.04850595436282
13,51,22.135873600186073
13,52,19.572789258220077
13,53,22.427362516547834
13,54,24.85285207172592
13,55,23.048945079948176
13,56,25.01366526332681
13,57,23.010809099929848
13,58,22.30574013755172
13,59,18.82118553655764
13,60,19.053624202507958
13,61,18.18662273658164
13,62,19.818770489922674
13,63,18.564539966810166
13,64,14.787314653545094
13,65,15.274559576999524
13,66,16.62490646262477
13,67,14.502354564922479
13,68,11.06433209009873
13,69,12.886653199969693
13,70,13.679218359439727
13,71,13.358100126089786
13,72,16.142960671697967
13,73,18.50696727463407
13,74,18.528692680742836
13,75,18.748288058189598
13,76,20.356071826051064
13,77,20.23693295194455
13,78,17.06061371443244
13,79,15.776844811340313
13,80,12.041031259691973
13,81,11.075503198924215
13,82,8.601408747309563
13,83,10.511783194915584
13,84,9.795598927275483
13,85,9.313801742328481
13,86,12.861451459429944
13,87,13.61666324957102
13,88,15.386799761289334
13,89,15.144412009216119
13,90,11.326557754014425
13,91,11.433331849974909
13,92,14.315304190995025
13,93,12.889479691448162
13,94,9.960078297968405
13,95,12.876024889653452
13,96,15.186778449610424
13,97,12.93005078775952
13,98,12.782920365213391
13,99,16.50797523288337
13,100,17.331635900608994
13,101,15.320681737694207
13,102,16.087584186357063
13,103,19.74130178774471
13,104,21.008367684414488
14,1,17.441238526583764
14,2,16.75463579915237
14,3,14.944512002681796
14,4,14.944334536259241
14,5,13.566790410625455
14,6,10.764728706942591
14,7,9.703343959065286
14,8,9.651125830988551
14,9,7.584393336597388
14,10,4.917361439856019
14,11,6.11628294573733
14,12,6.087057628863733
14,13,3.8462601941947385
14,15,3.797157943611924
14,16,5.647858499467447
14,17,5.90371329936932
14,18,5.866389879502062
14,19,8.517255841246817
14,20,10.046208010705415
14,21,13.510552261926307
14,22,16.54832754999748
14,23,17.481645792404308
14,24,14.12934520682957
14,25,13.740272070707274
14,26,12.854152878426321
14,27,11.196675881207849
14,28,10.478918839268927
14,29,9.137290028738144
14,30,10.982094586931872
14,31,11.012853394933138
14,32,10.666141830574848
14,33,13.648833247795455
14,34,16.34409150617383
14,35,14.473499039909537
14,36,16.66548397183727
14,37,20.103047680644526
14,38,19.524971672381948
14,39,19.720459857158268
14,40,17.266652594115072
14,41,17.406622269912866
14,42,18.308335732399968
14,43,16.067869706439243
14,44,18.812188971685387
14,45,18.961137315356734
14,46,16.466040808276958
14,47,18.110117110891125
14,48,16.9004939219298
14,49,18.526307706370044
14,50,21.473563265377432
14,51,19.92882562303364
14,52,17.019208216255073
14,53,19.49796857380181
14,54,22.184427721360798
14,55,20.731464104119652
14,56,22.52009128766174
14,57,20.73230075726096
14,58,19.860865409916393
14,59,16.46057958802181
14,60,17.163800127974866
14,61,17.03075333544048
14,62,18.875161284857978
14,63,17.234505475540644
14,64,13.543987205013778
14,65,14.962495715599049
14,66,16.293788804469305
14,67,13.677467698918393
14,68,10.806239272791135
14,69,13.576822607063521
14,70,14.033576352456949
14,71,12.716302943343342
14,72,15.546486348745614
14,73,18.222415228388797
14,74,17.651429541236357
14,75,17.32298652383272
14,76,19.261456282061904
14,77,18.863229034157886
14,78,15.32571863358872
14,79,13.95719821714495
14,80,10.27091773010849
14,81,10.47206145860891
14,82,8.812805674875346
14,83,11.689128431331934
14,84,11.008938157260616
14,85,11.121358806578101
14,86,14.930443649433299
14,87,15.825550370510467
14,88,16.904717745024442
14,89,16.77909538105799
14,90,13.135833307889623
14,91,12.259226846076285
14,92,14.820119169160245
14,93,13.567389024151339
14,94,9.989519179286043
14,95,12.066399843278392
14,96,14.468066728315257
14,97,11.981341459436328
14,98,10.863115286194521
14,99,14.590189867137974
14,100,15.493338519721176
14,101,13.047341296322248
14,102,13.183627882264936
14,103,16.966695064934033
14,104,18.329835856703557
15,1,19.06366839872617
15,2,17.835812487814206
15,3,15.413306245153649
15,4,14.89528967455578
15,5,14.316127630074234
15,6,11.903334940797079
15,7,9.639740619467121
15,8,9.690030070100189
15,9,9.084023766452642
15,10,5.928105437597555
15,11,4.9768792958767865
15,12,6.422105156309934
15,13,6.363129146439868
15,14,3.797157943611924
15,16,3.837171842724284
15,17,5.369352695975568
15,18,4.873656624546593
15,19,6.283630806738086
15,20,8.5296295852144
15,21,11.405772661303931
15,22,14.649693790100498
15,23,15.233137559118283
15,24,11.64081457319423
15,25,11.333827294185802
15,26,11.362211797413975
15,27,9.679631579418794
15,28,10.120888445696727
15,29,9.439175827047633
15,30,10.887486388966662
15,31,10.112803831274277
15,32,10.565186347364488
15,33,12.926446343662752
15,34,16.207092464825184
15,35,15.188824565757638
15,36,17.730872746702087
15,37,21.286319503644368
15,38,20.58057825747119
15,39,21.193408571987696
15,40,18.968744211527877
15,41,18.617430973167398
15,42,18.89791679922347
15,43,16.048668560348275
15,44,18.21888083710767
15,45,18.1295642811417
15,46,16.188533538223872
15,47,18.34097129416036
15,48,17.91698809633812
15,49,20.074606918094748
15,50,23.19801592854829
15,51,22.18099692555438
15,52,19.095654489740376
15,53,21.070732808505582
15,54,24.096031329940114
15,55,23.082964146587297
15,56,24.65106363896595
15,57,23.032988467560966
15,58,21.82172637672157
15,59,18.449957098717597
15,60,19.170239061896126
15,61,19.35069530186893
15,62,21.626903957805133
15,63,20.07487169866948
15,64,16.44742930035847
15,65,18.13350840328004
15,66,19.7284893017796
15,67,17.093057708716472
15,68,14.407403878103512
15,69,17.31772031159473
15,70,17.781648357301833
15,71,16.22256542948315
15,72,18.89029119593284
15,73,21.751006399782593
15,74,21.02390018645419
15,75,20.357851728815152
15,76,22.30128753127459
15,77,21.505736681463965
15,78,17.853505244055395
15,79,16.01144166929276
15,80,12.676966260473577
15,81,13.053686203802394
15,82,12.111896528026975
15,83,15.211915417215675
15,84,14.781677718580127
15,85,14.757400604967508
15,86,18.524406665410694
15,87,19.100767728295715
15,88,20.071736289410314
15,89,19.45067273232611
15,90,15.808944215761917
15,91,15.231477986022059
15,92,17.28329188601414
15,93,15.42767616504074
15,94,11.991522937118592
15,95,14.056293222998574
15,96,15.727895421825272
15,97,12.57391812670755
15,98,11.635339667501423
15,99,15.291411720550183
15,100,15.358329137592502
15,101,12.255604204119038
15,102,12.712516166549914
15,103,16.386254045828142
15,104,17.01582266838814
16,1,22.539712803257768
16,2,21.35722517828989
16,3,19.133512431199545
16,4,18.42376569253416
16,5,17.56239182634314
16,6,15.337935537672267
16,7,13.234210229760334
16,8,12.620980713351642
16,9,11.78462471819891
16,10,9.223437967500242
16,11,7.8752849797370175
16,12,7.827883490339249
16,13,7.492503953392878
16,14,5.647858499467447
16,15,3.837171842724284
16,17,3.8095512602463093
16,18,6.038701766944007
16,19,8.278044813045517
16,20,11.436056848981384
16,21,14.031121917226576
16,22,16.898196296597522
16,23,16.685051528184445
16,24,12.906117127716865
16,25,11.452021417031522
16,26,11.028369642416482
16,27,8.199010056158539
16,28,7.9556769182948175
16,29,8.701587332346332
16,30,11.189623125234636
16,31,11.399367456217595
16,32,12.793054132130589
16,33,15.466874577666923
16,34,18.812839258986322
16,35,17.721775221891495
16,36,20.594069141699777
16,37,23.93117410450939
16,38,22.75776003598889
16,39,22.889608614787406
16,40,20.226269813681924
16,41,19.31426440451763
16,42,19.969252289208335
16,43,17.062704172080334
16,44,18.865746312477647
16,45,17.99995501884143
16,46,15.778155882203333
16,47,17.411534893961772
16,48,17.279384173362445
16,49,19.16639803800457
16,50,22.61099145375687
16,51,21.858267575670556
16,52,19.169169737696446
16,53,21.22797262487379
16,54,24.449643074454716
16,55,23.747957866882647
16,56,25.763948328653697
16,57,24.598104532314274
16,58,23.86755832593794
16,59,20.764279298773797
16,60,21.9606847874525
16,61,22.30278228468069
16,62,24.194636972841625
16,63,22.250668251151904
16,64,18.742087801100254
16,65,20.472455527051576
16,66,21.495748503838637
16,67,18.501384931115528
16,68,15.968053145235057
16,69,18.615081640559957
16,70,18.376351148935473
16,71,16.638190301887935
16,72,18.67236854211299
16,73,21.909386450779795
16,74,21.67581402615887
16,75,20.560288396200498
16,76,21.914587031505206
16,77,20.56275581333383
16,78,17.116755126643046
16,79,14.592817502905337
16,80,11.683557891227094
16,81,11.48627231262232
16,82,11.452555556971676
16,83,14.802420859447997
16,84,15.352113340921584
16,85,16.056920580431225
16,86,19.772288718784083
16,87,20.920541340948585
16,88,22.36568565090407
16,89,22.124703802342776
16,90,18.37118374355811
16,91,17.8536533150698
16,92,20.344888910708345
16,93,18.72521297786118
16,94,15.277908715534375
16,95,17.37116834604425
16,96,19.36280323267681
16,97,16.344182810087833
16,98,15.229627193556444
16,99,18.86051669271508
16,100,19.098400368973344
16,101,15.90654839926281
16,102,15.991172747917684
16,103,19.68021309624148
16,104,20.29114133826319
17,1,22.79357547838038
17,2,22.190219156512498
17,3,19.899693210878933
17,4,19.910491508550177
17,5,19.092836485337898
17,6,16.26984142792007
17,7,14.582056753010868
17,8,14.749179984812082
17,9,13.33192836090205
17,10,10.328744313167022
17,11,10.207305214039577
17,12,10.48145335649824
17,13,8.914009775251001
17,14,5.90371329936932
17,15,5.369352695975568
17,16,3.8095512602463093
17,18,3.8805762362845786
17,19,7.234860432368128
17,20,10.460308034300782
