1,2,3.817204575954063
1,3,6.9612151782924
1,4,8.79622916003351
1,5,11.923067936462019
1,6,12.270861948195035
1,7,13.865984180283004
1,8,16.456921756632383
1,9,18.000067215876303
1,10,18.40845643279471
1,11,22.014184051580475
1,12,22.990598425430665
1,13,24.98511201797912
1,14,26.808467767359694
1,15,27.630906467213507
1,16,29.130675712732096
1,17,31.018122285633254
1,18,32.455049792063484
1,19,33.69036997800853
1,20,35.24821549905558
1,21,36.838292602689414
1,22,38.325699698154125
1,23,39.83087370028473
1,24,41.29450995509118
1,25,42.76101564290621
1,26,44.4199372095296
1,27,45.82665274966401
1,28,47.27360206425386
1,29,48.790405719493016
1,30,50.455148423071456
1,31,52.051796528141494
1,32,53.682856902933246
1,33,56.48289467840816
1,34,58.000686012262655
1,35,56.079291063346616
1,36,55.799409480614216
1,37,54.504494081038104
1,38,51.56036178318777
1,39,50.27087942161487
1,40,47.70489809053126
1,41,46.66967456108403
1,42,45.75972503262255
1,43,43.203829760053424
1,44,41.6299630187143
1,45,41.40796164108238
1,46,39.62057349681355
1,47,37.09530362618521
1,48,36.33057001057986
1,49,35.932602538770276
1,50,33.391471335002976
1,51,31.30997642839025
1,52,31.192234924779033
1,53,30.24618952664793
1,54,27.34880068658877
1,55,26.08912426573466
1,56,26.39992374512385
1,57,24.492993700137472
1,58,21.627273359877123
1,59,21.829405618958212
1,60,21.88146934023011
1,61,18.779049314243682
1,62,16.768247798114277
1,63,18.151771002285464
1,64,17.282642898628826
1,65,13.535361608774991
1,66,14.231062805483464
2,1,3.817204575954063
2,3,3.800893772655573
2,4,6.3235423466976854
2,5,9.142259444693329
2,6,8.757022432119198
2,7,10.404239799914896
2,8,13.232835684932594
2,9,14.437776299800227
2,10,14.718791475305881
2,11,18.394103940905136
2,12,19.369806269291445
2,13,21.232552426715554
2,14,23.06177728142112
2,15,24.01782895138735
2,16,25.488348986342235
2,17,27.269573714675985
2,18,28.779420287806087
2,19,30.098466212481235
2,20,31.572371655504096
2,21,33.107585795806706
2,22,34.68921652684331
2,23,36.2078206677543
2,24,37.5777334086978
2,25,39.05698353103517
2,26,40.79264131637683
2,27,42.160417658191015
2,28,43.545714446453935
2,29,45.11934485495633
2,30,46.81799514187753
2,31,48.34780481388717
2,32,49.96271351981218
2,33,52.80590286474555
2,34,54.366183028287246
2,35,52.52106508769566
2,36,52.328876897777555
2,37,51.02495792559274
2,38,48.15407570128187
2,39,46.79113849276422
2,40,44.17094400986017
2,41,43.25664740153569
2,42,42.39931555805087
2,43,39.73716804953775
2,44,38.195828258364976
2,45,38.13771520834949
2,46,36.313381675243306
2,47,33.680133925552695
2,48,33.06943650637352
2,49,32.80631095528942
2,50,30.138774087280254
2,51,28.024639483424366
2,52,28.180115609553003
2,53,27.279267863815477
2,54,24.185230892387963
2,55,23.06885028609017
2,56,23.72126798157433
2,57,21.716407159983465
2,58,18.719419611411855
2,59,19.375270148737275
2,60,19.68589356721725
2,61,16.384041883844013
2,62,14.534416129634378
2,63,16.602497445743612
2,64,15.832060372920486
2,65,12.333218114301612
2,66,13.371987802151727
3,1,6.9612151782924
3,2,3.800893772655573
3,4,3.7831572259672077
3,5,5.534701094884331
3,6,5.379258426071901
3,7,7.655054416815509
3,8,9.895314668881968
3,9,11.150055536538598
3,10,12.09830762588706
3,11,15.683729039041769
3,12,16.217895578693007
3,13,18.329954820916786
3,14,20.400718879909522
3,15,21.031871459402815
3,16,22.306508589013404
3,17,24.38156459253744
3,18,25.91240843933729
3,19,26.931684948353826
3,20,28.43255321105848
3,21,30.209022576195167
3,22,31.665287859991665
3,23,33.00401049041546
3,24,34.54088515084833
3,25,36.13099016997574
3,26,37.67659049088885
3,27,39.001316292379485
3,28,40.576449783900195
3,29,42.1216029305941
3,30,43.6566032028472
3,31,45.273887826356614
3,32,47.02264810357474
3,33,49.75815281202004
3,34,51.176141996041736
3,35,49.228975346434794
3,36,48.90459334548886
3,37,47.55949270654454
3,38,44.632806056074635
3,39,43.38240881245467
3,40,40.780052585158224
3,41,39.72816956342195
3,42,38.889798577875396
3,43,36.33227660817297
3,44,34.69084439462227
3,45,34.53683397333631
3,46,32.820267387813324
3,47,30.204487523678207
3,48,29.437238072011635
3,49,29.18726959266413
3,50,26.64095400527708
3,51,24.4297589084111
3,52,24.466514415667067
3,53,23.688170627642013
3,54,20.646010036811827
3,55,19.350158969394055
3,56,20.040214569796692
3,57,18.214152401618232
3,58,15.074210542008043
3,59,15.676154686992406
3,60,16.255118592027948
3,61,13.066975330901206
3,62,10.994883757261954
3,63,13.391812452042648
3,64,13.037733579502204
3,65,9.783407916659748
3,66,10.679124557534095
4,1,8.79622916003351
4,2,6.3235423466976854
4,3,3.7831572259672077
4,5,3.8113547720655023
4,6,5.611777229624587
4,7,6.261145420110263
4,8,8.004252540534534
4,9,10.438465799766275
4,10,11.315535814019988
4,11,14.444792552983891
4,12,15.287996487830991
4,13,18.001469577338852
4,14,19.65995735612211
4,15,19.74778990928726
4,16,21.43091746815803
4,17,23.74438581202485
4,18,24.762694419354563
4,19,25.662153328637082
4,20,27.61453477577651
4,21,29.34018816248706
4,22,30.3883154564061
4,23,31.90329108000177
4,24,33.74421919301502
4,25,35.06704143957791
4,26,36.41549295368677
4,27,38.04248341297135
4,28,39.68637800007923
4,29,40.915114068999834
4,30,42.48260447546441
4,31,44.36484827364993
4,32,46.005068995975506
4,33,48.601834245444635
4,34,50.013520094612005
4,35,47.90185864676238
4,36,47.530828878679564
4,37,46.425401660043725
4,38,43.348958193356246
4,39,42.01877122387352
4,40,39.66539537885107
4,41,38.54917957753986
4,42,37.379982857469955
4,43,34.930647820176624
4,44,33.52506752519649
4,45,33.066698046582424
4,46,31.12818312454139
4,47,28.833110195372317
4,48,28.12072815339617
4,49,27.416280162508965
4,50,24.85028185619287
4,51,23.038064086118318
4,52,22.854533068129342
4,53,21.601824027313295
4,54,18.78492438698837
4,55,17.815049061519197
4,56,17.956250428746046
4,57,15.770675271421926
4,58,13.112313713584937
4,59,13.723890122741246
4,60,13.541158029752197
4,61,10.15702463176519
4,62,8.733897163647173
4,63,10.900432143926814
4,64,9.782620561422734
4,65,6.730400149625187
4,66,8.734501153393621
5,1,11.923067936462019
5,2,9.142259444693329
5,3,5.534701094884331
5,4,3.8113547720655023
5,6,3.802255657746039
5,7,5.195483235970986
5,8,5.268352626587639
5,9,7.577717809910194
5,10,9.544656141510472
5,11,12.397222435140332
5,12,12.455205401885433
5,13,15.328624083544748
5,14,17.366744688133867
5,15,17.1383920544176
5,16,18.415866456256772
5,17,21.030431654867915
5,18,22.201714701868163
5,19,22.728432318824954
5,20,24.57489236324567
5,21,26.606689781838
5,22,27.608168809098473
5,23,28.835266956646723
5,24,30.783989316466947
5,25,32.31480786947175
5,26,33.48493573387563
5,27,34.96105359817981
5,28,36.8046578381515
5,29,38.093275814017396
5,30,39.450660190196594
5,31,41.34765577763702
5,32,43.173556493114326
5,33,45.681896187913964
5,34,46.92806511330356
5,35,44.755392373802984
5,36,44.24836256683694
5,37,43.02160418976067
5,38,39.93111800658461
5,39,38.75667250338306
5,40,36.35074220504332
5,41,35.095118417123615
5,42,34.05074099651546
5,43,31.695579085069834
5,44,30.101119720041595
5,45,29.61955561958043
5,46,27.880966027294047
5,47,25.513247709790573
5,48,24.592178181235294
5,49,24.039344157855812
5,50,21.6329087870158
5,51,19.579608595490342
5,52,19.307975318448914
5,53,18.35460329771376
5,54,15.534312178535538
5,55,14.224462048508492
5,56,14.59109053608704
5,57,12.756655177810144
5,58,9.70863109054134
5,59,10.304774944811383
5,60,10.803356537040019
5,61,7.658563582368256
5,62,5.700160171887214
5,63,8.711607394086508
5,64,8.60364547114721
5,65,6.447315426402359
5,66,7.761579304365483
6,1,12.270861948195035
6,2,8.757022432119198
6,3,5.379258426071901
6,4,5.611777229624587
6,5,3.802255657746039
6,7,3.7994308072903538
6,8,5.398819243445965
6,9,5.79368386245543
6,10,7.236343284462336
6,11,10.707988125280455
6,12,10.870413676201084
6,13,13.04517453275205
6,14,15.24565347941346
6,15,15.784893278848099
6,16,16.929748948380155
6,17,19.067840581446706
6,18,20.65375061462722
6,19,21.600519628655075
6,20,23.054262683161376
6,21,24.884228531184895
6,22,26.351330817538088
6,23,27.635539447668997
6,24,29.172853120325065
6,25,30.80342342024255
6,26,32.33049136502711
6,27,33.62239844252488
6,28,35.21959002467719
6,29,36.78436968593836
6,30,38.290124241718374
6,31,39.89815235735379
6,32,41.675362500475
6,33,44.39808968664876
6,34,45.806275398814705
6,35,43.89061751142891
6,36,43.61922620514151
6,37,42.277880746588245
6,38,39.40462252270145
6,39,38.09023402689371
6,40,35.45396930957274
6,41,34.500733424852356
6,42,33.69914107423623
6,43,31.051386327375678
6,44,29.442131681988126
6,45,29.443844353810206
6,46,27.695135140692056
6,47,24.9661108586703
6,48,24.370534722854522
6,49,24.279313462115727
6,50,21.59891158576032
6,51,19.33804608951094
6,52,19.749392208140858
6,53,19.06129933044593
6,54,15.760135316714234
6,55,14.684095513349977
6,56,15.951668478707596
6,57,14.069159556284117
6,58,10.744758096504116
6,59,12.234923352080447
6,60,13.342541169682981
6,61,10.152976077145732
6,62,8.667489390612538
6,63,12.138954208355175
6,64,12.158735735084342
6,65,10.213806948030815
6,66,11.400015704545023
7,1,13.865984180283004
7,2,10.404239799914896
7,3,7.655054416815509
7,4,6.261145420110263
7,5,5.195483235970986
7,6,3.7994308072903538
7,8,3.8290622484652985
7,9,5.2688941260684
7,10,5.094887125405681
7,11,8.2909699285808
7,12,9.59070541648654
7,13,12.14915980318101
7,14,13.477263257321951
7,15,13.859257231646524
7,16,15.78485386562715
7,17,17.759038909220823
7,18,18.753685716252452
7,19,20.016171165375
7,20,21.913286442068188
7,21,23.348838284983874
7,22,24.570688394758477
7,23,26.293141067291486
7,24,27.9136585061733
7,25,29.121969072539514
7,26,30.71045835862747
7,27,32.36697776433831
7,28,33.78181269840364
7,29,35.0709324090098
7,30,36.826196879515884
7,31,38.58284814474939
7,32,40.084315014029954
7,33,42.80835512907029
7,34,44.40058298202729
7,35,42.48017350184624
7,36,42.38551765100713
7,37,41.34942488263638
7,38,38.44455863276705
7,39,36.83955336666053
7,40,34.411678495826614
7,41,33.66704116687068
7,42,32.522200736312506
7,43,29.76252587509248
7,44,28.582074093372135
7,45,28.526304722008998
7,46,26.353404420803653
7,47,23.854836822898516
7,48,23.703582174347297
7,49,23.228251197830726
7,50,20.220769418331447
7,51,18.536468496779207
7,52,19.19681515208437
7,53,17.861664069818694
7,54,14.50413277942027
7,55,14.326358142758894
7,56,15.366764040604949
7,57,12.72512379080835
7,58,10.096049027676617
7,59,12.36648521827341
7,60,12.645293903456274
7,61,9.040157304138285
7,62,9.0721739590282
7,63,12.518014327841675
7,64,11.58616490108108
7,65,10.366274807880856
7,66,12.62202974808054
8,1,16.456921756632383
8,2,13.232835684932594
8,3,9.895314668881968
8,4,8.004252540534534
8,5,5.268352626587639
8,6,5.398819243445965
8,7,3.8290622484652985
8,9,3.794812024518552
8,10,5.615615321598711
8,11,7.48844113163596
8,12,7.698538416793684
8,13,11.012314438176256
8,14,12.578583927574545
8,15,12.007077888797141
8,16,13.656486956420835
8,17,16.269944368296994
8,18,17.094988818126875
8,19,17.712726687393936
8,20,19.809544144556323
8,21,21.65357623566642
8,22,22.506222466227392
8,23,23.952011769868335
8,24,25.94910858778034
8,25,27.263023375716045
8,26,28.461188895156067
8,27,30.124260229348057
8,28,31.868313323188517
8,29,33.02126160240228
8,30,34.51061119292408
8,31,36.473408580124
8,32,38.15717367316981
8,33,40.66955709598273
8,34,42.02939942619882
8,35,39.8980616538233
8,36,39.56141449502341
8,37,38.51324105416181
8,38,35.46277319109771
8,39,34.0405986440266
8,40,31.71435822342292
8,41,30.693128102877214
8,42,29.478995852644918
8,43,26.94834679497621
8,44,25.649458656916444
8,45,25.29750644547526
8,46,23.246523567866184
8,47,20.896103051110842
8,48,20.438787994811864
8,49,19.7975485883466
8,50,17.009019275724388
8,51,15.280448059620067
8,52,15.581575608647775
8,53,14.259553867202316
8,54,11.063586211252312
8,55,10.6724977583239
8,56,11.541279638952453
8,57,9.031580197765075
8,58,6.2733970249954005
8,59,8.714208977190427
8,60,9.193016705869576
8,61,5.927588608106214
8,62,6.375288354796532
8,63,10.00656456994576
8,64,9.63217519165814
8,65,9.493548807956138
8,66,11.406641935787746
9,1,18.000067215876303
9,2,14.437776299800227
9,3,11.150055536538598
9,4,10.438465799766275
9,5,7.577717809910194
9,6,5.79368386245543
9,7,5.2688941260684
9,8,3.794812024518552
9,10,3.8291512793612674
9,11,5.894980456767677
9,12,5.115319223301974
9,13,7.754878328946204
9,14,10.009739331845033
9,15,10.136293135900452
9,16,11.177416099615737
9,17,13.5226878870051
9,18,15.026418324123556
9,19,15.811793380034004
9,20,17.336611398279192
9,21,19.235714004162524
9,22,20.598034170084727
9,23,21.85534445656637
9,24,23.482929858017293
9,25,25.095515109712608
9,26,26.544069319492124
9,27,27.875736085229036
9,28,29.521655790997293
9,29,31.028963727100628
9,30,32.50687788634534
9,31,34.173102402195404
9,32,35.95893543078086
9,33,38.63154409681087
9,34,40.02838174625802
9,35,38.11251664109718
9,36,37.90212274736053
9,37,36.628605516107235
9,38,33.789894354186956
9,39,32.363711088102534
9,40,29.745516575191907
9,41,28.917653880680067
9,42,28.07792390862974
9,43,25.325744788061957
9,44,23.83425870911309
9,45,23.984808178328304
9,46,22.124934802382064
9,47,19.314057181740093
9,48,19.01844826797762
9,49,19.045700793818963
9,50,16.15350611168086
9,51,13.95376889660634
9,52,14.950527236208705
9,53,14.284199058873435
9,54,10.664408173106908
9,55,10.199683311599516
9,56,12.262960410849242
9,57,10.32454842184716
9,58,7.238241926763716
9,59,10.126134944236833
9,60,11.667035958198833
9,61,9.097757841631811
9,62,9.060500733999053
9,63,12.858616290388422
9,64,13.151495336508978
9,65,12.87852583825072
9,66,14.204323139227691
10,1,18.40845643279471
10,2,14.718791475305881
10,3,12.09830762588706
10,4,11.315535814019988
10,5,9.544656141510472
10,6,7.236343284462336
10,7,5.094887125405681
10,8,5.615615321598711
10,9,3.8291512793612674
10,11,3.822587940957841
10,12,5.576003659372444
10,13,7.451178693887877
10,14,8.48237775072945
10,15,9.48366276601487
10,16,11.456093072801057
10,17,12.916818884778978
10,18,14.088779739693273
10,19,15.751836638026397
10,20,17.394133909765802
10,21,18.555960743517364
10,22,20.085909152757033
10,23,21.917026715817176
10,24,23.223203020486547
10,25,24.419334698404505
10,26,26.274318100694362
10,27,27.844554396350347
10,28,29.03999383057782
10,29,30.481448755972423
10,30,32.37042486659071
10,31,33.934688358441
10,32,35.35939103486007
10,33,38.21969179292675
10,34,39.951246999992456
10,35,38.24649140277263
10,36,38.399710178077875
10,37,37.35619390639376
10,38,34.66643048242183
10,39,32.85661797818831
10,40,30.301300025577877
10,41,29.92127404021703
10,42,28.918222039396394
10,43,25.86967597424138
10,44,24.839174348456805
10,45,25.266960704232975
10,46,22.994898948848114
10,47,20.23407207577462
10,48,20.630956143325772
10,49,20.556045494752773
10,50,17.234534184033812
10,51,15.60863972514205
10,52,17.18449783205965
10,53,16.03524592539651
10,54,12.307836408689248
10,55,12.876600955113414
10,56,14.873469931449348
10,57,12.297860647576536
10,58,10.013345916446783
10,59,13.308024990103151
10,60,14.141377210809669
10,61,11.161164758330605
10,62,11.9114788144669
10,63,15.602979043121294
10,64,15.08368172513995
10,65,14.739356703565075
10,66,16.749842958051442
11,1,22.014184051580475
11,2,18.394103940905136
11,3,15.683729039041769
11,4,14.444792552983891
11,5,12.397222435140332
11,6,10.707988125280455
11,7,8.2909699285808
11,8,7.48844113163596
11,9,5.894980456767677
11,10,3.822587940957841
11,12,3.8064381761488013
11,13,5.828525467282255
11,14,5.5621539157351085
11,15,5.939240339987321
11,16,8.621465489816789
11,17,10.017318225746555
11,18,10.559986280884418
11,19,12.325617369931717
11,20,14.337905815371188
11,21,15.278957302176556
11,22,16.520604652582385
11,23,18.589646405074536
11,24,20.037420894990944
11,25,20.964868777795505
11,26,22.75519376416494
11,27,24.558585276160038
11,28,25.719195144925493
11,29,26.94740414601083
11,30,28.917484976053252
11,31,30.622359382564053
11,32,31.93027148177206
11,33,34.726625722925704
11,34,36.50768266189616
11,35,34.77254265348547
11,36,35.01563125428668
11,37,34.168257313697126
11,38,31.479480349142793
11,39,29.487269440321164
11,40,27.084746591462117
11,41,26.86346142666642
11,42,25.65427127536924
11,43,22.529738644270214
11,44,21.826993935283795
11,45,22.281715722369245
11,46,19.74256020317338
11,47,17.13311195486498
11,48,17.980720523533947
11,49,17.749940570792006
11,50,14.20010534352306
11,51,13.105685301310862
11,52,15.127516850211483
11,53,13.685522023549906
11,54,10.021998147964727
11,55,11.58786634064723
11,56,13.689780740974069
11,57,11.00010873735001
11,58,9.713928556298248
11,59,13.460925719474803
11,60,14.09223399560778
11,61,11.718156937523226
11,62,13.343707768414859
11,63,16.79102396817663
11,64,16.236358416605956
11,65,16.742729774750245
11,66,18.850586011996544
12,1,22.990598425430665
12,2,19.369806269291445
12,3,16.217895578693007
12,4,15.287996487830991
12,5,12.455205401885433
12,6,10.870413676201084
12,7,9.59070541648654
12,8,7.698538416793684
12,9,5.115319223301974
12,10,5.576003659372444
12,11,3.8064381761488013
12,13,3.811017142085103
12,14,5.60898962181618
12,15,5.1803647441066305
12,16,6.206098815135126
12,17,8.613362419537088
12,18,9.970196457993994
12,19,10.7690430382469
12,20,12.3652978539555
12,21,14.169851142286507
12,22,15.494736005539062
12,23,16.847768233877286
12,24,18.467073651765222
12,25,19.986626354800933
12,26,21.469719361584406
12,27,22.87412186462749
12,28,24.45658038311827
12,29,25.920234219938713
12,30,27.465812785199645
12,31,29.142786244403894
12,32,30.86382728054917
12,33,33.543648473673365
12,34,35.011673272437655
12,35,33.16787034268865
12,36,33.12492581234327
12,37,31.95948884426003
12,38,29.223736237288
12,39,27.57821141982969
12,40,24.968199629691192
12,41,24.4250567905164
12,42,23.54306129019521
12,43,20.571061556170832
12,44,19.333842094618117
12,45,19.800198582692644
12,46,17.72961954180886
12,47,14.79357269574571
12,48,15.13034924497479
12,49,15.362570777082848
12,50,12.124453291102919
12,51,10.22060114485796
12,52,12.26037201273533
12,53,11.60694483377943
12,54,7.807135766622928
12,55,8.680157831650876
12,56,11.497175448915248
12,57,9.708927873572355
12,58,7.953330022062837
12,59,11.548310325860648
12,60,13.087325118459008
12,61,11.445563048861374
12,62,12.499788466134882
12,63,15.954440961288503
12,64,16.264426666301393
12,65,16.93277985047954
12,66,18.34403867170684
13,1,24.98511201797912
13,2,21.232552426715554
13,3,18.329954820916786
13,4,18.001469577338852
13,5,15.328624083544748
13,6,13.04517453275205
13,7,12.14915980318101
13,8,11.012314438176256
13,9,7.754878328946204
13,10,7.451178693887877
13,11,5.828525467282255
13,12,3.811017142085103
13,14,3.803548724321993
13,15,5.464972613894771
13,16,5.207422529928688
13,17,6.1700315271517905
13,18,8.698396111586145
13,19,10.06827088383995
13,20,10.602196593697993
13,21,12.125135910987046
13,22,14.277860858467502
13,23,15.504952273744715
13,24,16.408831459635188
13,25,18.189138169148276
13,26,20.128656342962973
13,27,21.135229267903714
13,28,22.40946523960455
13,29,24.305622424593764
13,30,25.94766392854178
13,31,27.192948128566997
13,32,28.91563075878554
13,33,31.832169269609466
13,34,33.43660243355805
13,35,31.93680881440043
13,36,32.158702849963504
13,37,30.81094802843655
13,38,28.419890127482308
13,39,26.67509291015578
13,40,23.76782048266624
13,41,23.63726215254802
13,42,23.190716112525998
13,43,19.93324035737099
13,44,18.65331556081529
13,45,19.84406069508864
13,46,17.979030361734555
13,47,14.64064444854671
13,48,15.434170391240777
13,49,16.432579185200563
13,50,13.252535965318552
13,51,11.215738928553574
13,52,13.995374935150705
13,53,13.956166092011097
13,54,10.382196804522806
13,55,11.25065895951515
13,56,14.545529864410964
13,57,13.211277732417544
13,58,11.502978708625154
13,59,14.893200606072726
13,60,16.76525774669586
13,61,15.204477166338577
13,62,15.951585996495467
13,63,19.492820926191957
13,64,19.961129291610117
13,65,20.370765633713095
13,66,21.61978434087661
14,1,26.808467767359694
14,2,23.06177728142112
14,3,20.400718879909522
14,4,19.65995735612211
14,5,17.366744688133867
14,6,15.24565347941346
14,7,13.477263257321951
14,8,12.578583927574545
14,9,10.009739331845033
14,10,8.48237775072945
14,11,5.5621539157351085
14,12,5.60898962181618
14,13,3.803548724321993
14,15,3.8029704323106985
14,16,5.422668950509735
14,17,4.901783130552256
14,18,6.150968596742311
14,19,8.712097304675856
14,20,9.826117084270177
14,21,10.251188807636858
14,22,12.245057986042898
14,23,14.303088328046778
14,24,15.088799839555739
14,25,16.152133581623882
14,26,18.385141842111192
14,27,19.87972450869517
14,28,20.727389897470857
14,29,22.315384719451473
14,30,24.39612969511021
14,31,25.730162841582768
14,32,27.019316308528413
14,33,30.019412271141217
14,34,31.938728787779787
14,35,30.54380341393989
14,36,31.10216934112877
14,37,30.148579063392553
14,38,27.837626443309777
14,39,25.651234518315373
14,40,23.005085384321276
14,41,23.321418437985887
14,42,22.49171305410149
14,43,19.01105189277332
14,44,18.453533777746326
14,45,19.73243166701807
14,46,17.31245279114539
14,47,14.325674650698458
14,48,15.960020376051617
14,49,16.5439047079149
14,50,12.995737429229637
14,51,12.01651380985892
14,52,15.133004455632038
14,53,14.399967450100931
14,54,11.065848514310819
14,55,13.038150945996492
14,56,15.913739044561881
14,57,14.047766405126849
14,58,13.20673760984994
14,59,16.89236130330518
14,60,18.092115589701766
14,61,16.450220807644765
14,62,17.939060295251036
14,63,21.34767140980277
14,64,21.260267713503247
14,65,21.971976787800127
14,66,23.721363363555806
15,1,27.630906467213507
15,2,24.01782895138735
15,3,21.031871459402815
15,4,19.74778990928726
15,5,17.1383920544176
15,6,15.784893278848099
15,7,13.859257231646524
15,8,12.007077888797141
15,9,10.136293135900452
15,10,9.48366276601487
15,11,5.939240339987321
15,12,5.1803647441066305
15,13,5.464972613894771
15,14,3.8029704323106985
15,16,3.826316884055658
15,17,5.379619772582069
15,18,5.0973685609361565
15,19,6.393678771436124
15,20,8.739334784965786
15,21,9.825124598957922
15,22,10.712584460670936
15,23,12.691830787353476
15,24,14.397736906246532
15,25,15.336583074404453
15,26,16.88483250861374
15,27,18.72779874602174
15,28,20.077192392868312
15,29,21.215826729692328
15,30,23.038455132322454
15,31,24.866396084801952
15,32,26.28843462133678
15,33,28.956330496130395
15,34,30.626826444804664
15,35,28.84159784073861
15,36,29.092701336286076
15,37,28.293016685622014
15,38,25.655411287682238
15,39,23.571742479418646
15,40,21.199514256290776
15,41,21.1311730331669
15,42,19.907766320933252
15,43,16.662414618389924
15,44,16.17117759102736
15,45,16.88377203763852
15,46,14.249356696418118
15,47,11.571243074656119
15,48,13.086449290917832
15,49,13.127430673831833
15,50,9.454628464487504
15,51,8.924225512115967
15,52,11.912620336641378
15,53,10.799431985005745
15,54,7.714388519816919
15,55,10.323881468155491
15,56,12.877757693608492
15,57,11.095630726639849
15,58,11.055748442668568
15,59,14.675760107322418
15,60,15.631067051576464
15,61,14.590605455791522
15,62,16.523189534064468
15,63,19.55896107763176
15,64,19.542758280619083
15,65,20.871092856555293
15,66,22.574057449803792
16,1,29.130675712732096
16,2,25.488348986342235
16,3,22.306508589013404
16,4,21.43091746815803
16,5,18.415866456256772
16,6,16.929748948380155
16,7,15.78485386562715
16,8,13.656486956420835
16,9,11.177416099615737
16,10,11.456093072801057
16,11,8.621465489816789
16,12,6.206098815135126
16,13,5.207422529928688
16,14,5.422668950509735
16,15,3.826316884055658
16,17,3.816615153146842
16,18,5.415193447466756
16,19,5.165973621811063
16,20,6.18441084358783
16,21,8.490207090112936
16,22,9.858010154317599
16,23,10.747758001772832
16,24,12.368749792066316
16,25,14.175416187719186
16,26,15.528606659989169
16,27,16.70300984365454
16,28,18.42845913644365
16,29,20.020023681821176
16,30,21.386780658444287
16,31,23.00179308612774
16,32,24.885080989898007
16,33,27.514817481157188
16,34,28.898565717147118
16,35,27.138531359709635
16,36,27.189344327011824
16,37,25.961933914173944
16,38,23.412958574368158
16,39,21.667013599323106
16,40,18.913153789239306
16,41,18.665634746233504
16,42,18.02067673886191
16,43,14.808829754440987
16,44,13.642068509770999
16,45,14.759569801092825
16,46,12.804596974334354
16,47,9.472771604223832
16,48,10.672554760628966
16,49,11.72697998407084
16,50,8.591783983406245
16,51,7.017871529755834
16,52,10.481595394994358
16,53,10.623925986533566
16,54,7.866998905898469
16,55,9.613136282246218
16,56,12.844561329013072
16,57,12.152946101058964
16,58,11.744459613145423
16,59,14.921072609051583
16,60,16.66025446885973
16,61,16.14774863087951
16,62,17.476387233035844
16,63,20.481755983368263
16,64,21.144322898530675
16,65,22.415882983265817
16,66,23.54766399385008
17,1,31.018122285633254
17,2,27.269573714675985
17,3,24.38156459253744
17,4,23.74438581202485
17,5,21.030431654867915
17,6,19.067840581446706
17,7,17.759038909220823
17,8,16.269944368296994
17,9,13.5226878870051
17,10,12.916818884778978
17,11,10.017318225746555
17,12,8.613362419537088
17,13,6.1700315271517905
17,14,4.901783130552256
17,15,5.379619772582069
17,16,3.816615153146842
17,18,3.8165339038021413
17,19,5.495138679921222
17,20,5.163000317295704
17,21,5.964613455943536
17,22,8.511664980697937
17,23,9.893583289389072
17,24,10.418660871288344
17,25,12.04734722876238
17,26,14.213352562396727
17,27,15.258527299612334
17,28,16.297879392557086
17,29,18.199515829283104
17,30,19.995686843500117
17,31,21.176440704038672
17,32,22.767263507264236
17,33,25.73217467006488
17,34,27.482124590093843
17,35,26.164918900107935
17,36,26.71669325293921
17,37,25.560683304622838
17,38,23.446318097127186
17,39,21.324504867433358
17,40,18.449319723274044
17,41,18.958929358486195
17,42,18.53326161786621
17,43,14.942952292623582
17,44,14.27011526642454
17,45,16.150964386194744
17,46,14.124081860385456
17,47,10.847290149341255
17,48,12.921939349659356
17,49,14.286665727743388
17,50,11.217501720323522
17,51,10.294363859468648
17,52,13.9707000500781
17,53,14.05411149603828
17,54,11.489435580512927
17,55,13.429039676122443
17,56,16.61143199293685
17,57,15.681323541186304
17,58,15.275213819792997
17,59,18.600909735869553
17,60,20.216613865046263
17,61,19.38176784706256
17,62,20.766418642916776
17,63,23.940241539165108
17,64,24.365111996395154
17,65,25.433115682717776
17,66,26.765413768896426
18,1,32.455049792063484
18,2,28.779420287806087
18,3,25.91240843933729
18,4,24.762694419354563
18,5,22.201714701868163
18,6,20.65375061462722
18,7,18.753685716252452
18,8,17.094988818126875
18,9,15.026418324123556
18,10,14.088779739693273
18,11,10.559986280884418
18,12,9.970196457993994
18,13,8.698396111586145
18,14,6.150968596742311
18,15,5.0973685609361565
18,16,5.415193447466756
18,17,3.8165339038021413
18,19,3.818318842096763
18,20,5.5368223781650086
18,21,5.055997167382791
18,22,6.163727466114931
18,23,8.75639936469755
18,24,9.903587103929766
18,25,10.409478022959055
18,26,12.40301465906045
18,27,14.337292058702696
18,28,15.243911279693426
18,29,16.414037243284753
18,30,18.535511513508656
18,31,20.18372329501448
18,32,21.375706009786267
18,33,24.19104136942186
18,34,26.10427781875632
18,35,24.6185675883218
18,36,25.303360277052334
18,37,24.672492448476877
18,38,22.414679850094426
18,39,19.912827969433465
18,40,17.552716578052866
18,41,18.244024384072375
18,42,17.120833136004396
18,43,13.491147257048723
18,44,13.706200626042152
18,45,15.21033201805196
18,46,12.4754853605274
18,47,9.941408066671864
18,48,12.707064683249461
18,49,13.241957923066707
18,50,9.919126528834353
18,51,10.345168626953015
18,52,13.92761575224285
18,53,13.215232492796256
18,54,11.175118370144405
18,55,13.995149574168114
18,56,16.559203077714958
18,57,15.284642671698482
18,58,15.758022473443875
18,59,19.16612931105996
18,60,20.144880811278767
18,61,19.476716458133687
18,62,21.495554723284435
18,63,24.395549376378316
18,64,24.426311554351642
18,65,25.923730878196785
18,66,27.593058805004418
19,1,33.69036997800853
19,2,30.098466212481235
19,3,26.931684948353826
19,4,25.662153328637082
19,5,22.728432318824954
19,6,21.600519628655075
19,7,20.016171165375
19,8,17.712726687393936
19,9,15.811793380034004
19,10,15.751836638026397
19,11,12.325617369931717
19,12,10.7690430382469
19,13,10.06827088383995
19,14,8.712097304675856
19,15,6.393678771436124
19,16,5.165973621811063
19,17,5.495138679921222
19,18,3.818318842096763
19,20,3.8120781217102837
19,21,5.423893982700166
19,22,5.072486062902861
19,23,6.4076204768255565
19,24,8.798782701440098
19,25,9.882091036952612
19,26,10.772788979971542
19,27,12.581531404258799
19,28,14.376913531632947
19,29,15.386127571391317
19,30,16.834758804571578
19,31,18.860429478905512
19,32,20.54242149786565
19,33,22.963923605044553
19,34,24.396587580758872
19,35,22.512627229577344
19,36,22.7206503023864
19,37,21.93493000530403
19,38,19.37363620934519
19,39,17.203893707131684
19,40,14.839214295108482
19,41,14.988076310283574
19,42,13.819867879979672
19,43,10.37987182065592
19,44,10.230786629181253
19,45,11.47171515863205
19,46,8.883196562958295
19,47,6.143723265078094
19,48,8.961185521143312
19,49,9.64617839900063
19,50,6.69179590868346
19,51,7.353569106134789
19,52,10.963315678015425
19,53,10.731161968296918
19,54,9.50924561584338
19,55,12.187032856177819
19,56,14.649193100291424
19,57,14.145555147846668
19,58,15.005300472170592
19,59,17.960450823810366
19,60,19.136395204273295
19,61,19.191188798011208
19,62,21.126511693979484
19,63,23.684532677202768
19,64,24.1318318350656
19,65,25.978130667703596
19,66,27.28357475792658
20,1,35.24821549905558
20,2,31.572371655504096
20,3,28.43255321105848
20,4,27.61453477577651
20,5,24.57489236324567
20,6,23.054262683161376
20,7,21.913286442068188
20,8,19.809544144556323
20,9,17.336611398279192
20,10,17.394133909765802
20,11,14.337905815371188
20,12,12.3652978539555
20,13,10.602196593697993
20,14,9.826117084270177
20,15,8.739334784965786
20,16,6.18441084358783
20,17,5.163000317295704
20,18,5.5368223781650086
20,19,3.8120781217102837
20,21,3.8250287538447334
20,22,5.334948954940704
20,23,5.053773888648888
20,24,6.25184929750909
20,25,8.590160745970188
20,26,9.890779704840757
20,27,10.600322658257964
20,28,12.377165621919183
20,29,14.240666932639542
20,30,15.4443089215285
20,31,16.854403327148717
20,32,18.88821509864573
20,33,21.52551620284412
20,34,22.89613028514469
20,35,21.373008268278955
20,36,21.702904361244396
20,37,20.438607345911976
20,38,18.30634341969542
20,39,16.30411100088497
20,40,13.33440848799122
20,41,13.834570884948324
20,42,13.62999785947305
20,43,10.043811062967507
20,44,9.3085697568969
20,45,11.66914821889899
20,46,10.096120881869854
20,47,6.815730557041396
20,48,9.481445281918202
20,49,11.444673164768759
20,50,9.340164698924719
20,51,9.02015788698342
20,52,12.730852559424637
20,53,13.461910171773313
20,54,12.183882197327339
20,55,14.09867425110018
20,56,17.043710772782386
20,57,16.995328503373376
20,58,17.291611841383176
20,59,20.095606242668524
20,60,21.801372551133184
20,61,21.830386775787662
20,62,23.294981301379273
20,63,26.02586885955794
20,64,26.809835916545982
20,65,28.372993112859383
20,66,29.39209884513199
21,1,36.838292602689414
21,2,33.107585795806706
21,3,30.209022576195167
21,4,29.34018816248706
21,5,26.606689781838
21,6,24.884228531184895
21,7,23.348838284983874
21,8,21.65357623566642
21,9,19.235714004162524
21,10,18.555960743517364
21,11,15.278957302176556
21,12,14.169851142286507
21,13,12.125135910987046
21,14,10.251188807636858
21,15,9.825124598957922
21,16,8.490207090112936
21,17,5.964613455943536
21,18,5.055997167382791
21,19,5.423893982700166
21,20,3.8250287538447334
21,22,3.794688504767167
21,23,5.406968314519912
21,24,5.067766966918954
21,25,6.091763796917593
21,26,8.627766310613188
21,27,9.849811087777068
21,28,10.491964635844417
21,29,12.276962699924368
21,30,14.315435684724287
21,31,15.48796860709363
21,32,16.86007352672484
21,33,19.842976519238608
21,34,21.777038955440084
21,35,20.666312668638657
21,36,21.645748651157447
21,37,20.822360177707296
21,38,19.093716424037265
21,39,16.47869455418672
21,40,13.815365634888824
21,41,15.234459480423272
21,42,14.779639670559197
21,43,10.964079532000493
21,44,11.403943829367153
21,45,13.95580070122654
21,46,11.919290588630174
21,47,9.447972322306903
21,48,12.72068242524092
21,49,14.179422897417407
21,50,11.836239108567932
21,51,12.291981214385718
21,52,15.996289863014066
21,53,16.12615155475974
21,54,14.769248940769216
21,55,17.17933540164245
21,56,19.936548140919154
21,57,19.359479995022543
21,58,19.835010216539565
21,59,22.941494725480403
21,60,24.2864089235268
21,61,23.98629353555484
21,62,25.755266918136652
21,63,28.595787293597127
21,64,28.975328404022974
21,65,30.50210824940198
21,66,31.87889088867785
22,1,38.325699698154125
22,2,34.68921652684331
22,3,31.665287859991665
22,4,30.3883154564061
22,5,27.608168809098473
22,6,26.351330817538088
22,7,24.570688394758477
22,8,22.506222466227392
22,9,20.598034170084727
22,10,20.085909152757033
22,11,16.520604652582385
22,12,15.494736005539062
22,13,14.277860858467502
22,14,12.245057986042898
22,15,10.712584460670936
22,16,9.858010154317599
22,17,8.511664980697937
22,18,6.163727466114931
22,19,5.072486062902861
22,20,5.334948954940704
22,21,3.794688504767167
22,23,3.814625194276551
22,24,5.4787485019581625
22,25,5.065318067642067
22,26,6.281935998934279
22,27,8.721903728043808
22,28,9.870012429627232
22,29,10.528897957111093
22,30,12.488518512330245
22,31,14.500543092288694
22,32,15.74596529215148
22,33,18.26922322258077
22,34,20.05849525952364
22,35,18.489441014636572
22,36,19.313315979110932
22,37,18.96443576511866
22,38,16.901522384638827
22,39,14.05300280490141
22,40,12.003245950902874
22,41,13.313952561583303
22,42,12.068720521578339
22,43,8.313726724904713
22,44,9.707740588658652
22,45,11.702623580168682
22,46,9.139887183234809
22,47,7.696507086498779
22,48,11.427042852541657
22,49,12.179490763001825
22,50,10.14957953546789
22,51,11.711004102204456
22,52,15.06962597998807
22,53,14.824550002934455
22,54,14.274522265290026
22,55,17.069813956087263
22,56,19.26169115268031
22,57,18.78297919219385
22,58,19.9708824113438
22,59,22.885043413130045
22,60,23.842723397266067
22,61,23.961146852196844
22,62,26.09515236887888
22,63,28.57001569054644
22,64,28.846053624292495
22,65,30.80612201901853
22,66,32.25161710340014
23,1,39.83087370028473
23,2,36.2078206677543
23,3,33.00401049041546
23,4,31.90329108000177
23,5,28.835266956646723
23,6,27.635539447668997
23,7,26.293141067291486
23,8,23.952011769868335
23,9,21.85534445656637
23,10,21.917026715817176
23,11,18.589646405074536
23,12,16.847768233877286
23,13,15.504952273744715
23,14,14.303088328046778
23,15,12.691830787353476
23,16,10.747758001772832
23,17,9.893583289389072
23,18,8.75639936469755
23,19,6.4076204768255565
23,20,5.053773888648888
23,21,5.406968314519912
23,22,3.814625194276551
23,24,3.8114664273555596
23,25,5.395343264501708
23,26,5.126963337576223
23,27,6.235619967125546
23,28,8.628234355875904
23,29,9.816503223565997
23,30,10.671601673167586
23,31,12.632911694628373
23,32,14.720561076044046
23,33,16.961567097109434
23,34,18.173372522207035
23,35,16.44300367418019
23,36,16.841506238518537
23,37,15.942002526668286
23,38,13.858611352941352
23,39,11.453737733092867
23,40,8.810838485992019
23,41,9.919319340785592
23,42,9.420597797875882
23,43,5.633209270735084
23,44,6.359037741337785
23,45,9.121551233002085
23,46,7.675318487834133
23,47,5.996564761510049
23,48,9.480334047052803
23,49,11.137090593729841
23,50,10.152800085586323
23,51,11.219878635922544
23,52,14.383176911936506
23,53,15.025632015940463
23,54,14.93113013523391
23,55,17.120685117114167
23,56,19.447124304030755
23,57,19.702892095737866
23,58,20.756274271924493
23,59,23.26665070477161
23,60,24.643786707097668
23,61,25.176294446942805
23,62,26.961484102282157
23,63,29.30503178046393
23,64,30.046798830378773
23,65,32.03963414882599
23,66,33.07449065697435
24,1,41.29450995509118
24,2,37.5777334086978
24,3,34.54088515084833
24,4,33.74421919301502
24,5,30.783989316466947
24,6,29.172853120325065
24,7,27.9136585061733
24,8,25.94910858778034
24,9,23.482929858017293
24,10,23.223203020486547
24,11,20.037420894990944
24,12,18.467073651765222
24,13,16.408831459635188
24,14,15.088799839555739
24,15,14.397736906246532
24,16,12.368749792066316
24,17,10.418660871288344
24,18,9.903587103929766
24,19,8.798782701440098
24,20,6.25184929750909
24,21,5.067766966918954
24,22,5.4787485019581625
24,23,3.8114664273555596
24,25,3.8029988949455555
24,26,5.404503881195554
24,27,5.054376321103779
24,28,6.184879131030295
24,29,8.633554911798484
24,30,9.922009688847057
24,31,10.784765487636035
24,32,12.765922969805159
24,33,15.585482222084664
24,34,17.19711903341598
24,35,16.248455510637076
24,36,17.282396946688326
24,37,16.204044758098675
24,38,14.9633638657064
24,39,12.420282286612379
24,40,9.480427430032186
24,41,11.589829691175451
24,42,11.926013529909305
24,43,8.401053253250454
24,44,9.056843901246829
24,45,12.386996393584038
24,46,11.405384743334917
24,47,9.592815164998543
24,48,12.787245539346273
24,49,14.829999466742667
24,50,13.69551238639145
24,51,14.295498742466902
24,52,17.66946382346769
24,53,18.4533945733934
24,54,17.898867606445943
24,55,19.953711092733844
24,56,22.612205022305968
24,57,22.713943001004917
24,58,23.38174010856825
24,59,26.078054465773793
24,60,27.635995197952944
24,61,27.8419848021096
24,62,29.46687456716452
24,63,32.07858403480548
24,64,32.79918264870017
24,65,34.51209110091874
24,66,35.58045942420268
25,1,42.76101564290621
25,2,39.05698353103517
25,3,36.13099016997574
25,4,35.06704143957791
25,5,32.31480786947175
25,6,30.80342342024255
25,7,29.121969072539514
25,8,27.263023375716045
25,9,25.095515109712608
25,10,24.419334698404505
25,11,20.964868777795505
25,12,19.986626354800933
25,13,18.189138169148276
25,14,16.152133581623882
25,15,15.336583074404453
25,16,14.175416187719186
25,17,12.04734722876238
25,18,10.409478022959055
25,19,9.882091036952612
25,20,8.590160745970188
25,21,6.091763796917593
25,22,5.065318067642067
25,23,5.395343264501708
25,24,3.8029988949455555
25,26,3.800443163978225
25,27,5.492131005932865
25,28,5.082543299819188
25,29,6.2265295618946475
25,30,8.759090847548928
25,31,10.043311178687274
25,32,10.969171906945055
25,33,13.880915954031602
25,34,16.07147880874438
25,35,15.232869835358004
25,36,16.829181633291196
25,37,16.594250687325747
25,38,15.479273801619263
25,39,12.25566092437153
25,40,10.29459455672763
25,41,12.924605100300239
25,42,12.405476258797817
25,43,8.985297867590152
25,44,10.985426945746987
25,45,13.766827082384612
25,46,12.091501695189663
25,47,11.206538883178416
25,48,14.825913465045822
25,49,16.082529490959573
25,50,14.750527832992306
25,51,16.164825386470845
25,52,19.46093454584167
25,53,19.59638290243376
25,54,19.211968843458735
25,55,21.787652066392198
25,56,24.094281819503255
25,57,23.804769952741957
25,58,24.885267838534027
25,59,27.74998084963028
25,60,28.85269404700418
25,61,28.97594079089289
25,62,31.00189500897474
25,63,33.537353164747515
25,64,33.88342959090658
25,65,35.766936061598386
25,66,37.15960374146023
26,1,44.4199372095296
26,2,40.79264131637683
26,3,37.67659049088885
26,4,36.41549295368677
26,5,33.48493573387563
26,6,32.33049136502711
26,7,30.71045835862747
26,8,28.461188895156067
26,9,26.544069319492124
26,10,26.274318100694362
26,11,22.75519376416494
26,12,21.469719361584406
26,13,20.128656342962973
26,14,18.385141842111192
26,15,16.88483250861374
26,16,15.528606659989169
26,17,14.213352562396727
26,18,12.40301465906045
26,19,10.772788979971542
26,20,9.890779704840757
26,21,8.627766310613188
26,22,6.281935998934279
26,23,5.126963337576223
26,24,5.404503881195554
26,25,3.800443163978225
26,27,3.815005532279878
26,28,5.2786787856203485
26,29,4.914185506826906
26,30,6.24010820606287
26,31,8.736951624618305
26,32,10.189685437423801
26,33,12.232556885736107
26,34,13.797792634136009
26,35,12.26769489898136
26,36,13.44494951797291
26,37,13.416873455442529
26,38,11.988359931336154
26,39,8.643197735462499
26,40,7.16633516249188
26,41,9.789868718105103
26,42,8.92833490860879
