1,2,3.851868039372612
1,3,6.451230619206106
1,4,9.310007118211226
1,5,8.755740979845497
1,6,10.21027576751838
1,7,13.181244122859296
1,8,14.244263136276354
1,9,14.44271316605305
1,10,17.961000561151504
1,11,19.224720508612613
1,12,20.991017734177174
1,13,22.886162622606157
1,14,23.80790947381829
1,15,25.415534400744548
1,16,27.15289804372443
1,17,28.49368087750141
1,18,29.88816876819548
1,19,31.43356621938075
1,20,33.051908770654045
1,21,34.59606106560119
1,22,36.082486963789485
1,23,37.58331783846411
1,24,39.005069978823926
1,25,40.59324994718231
1,26,42.06541984590357
1,27,43.64835092773875
1,28,44.93610350674737
1,29,46.62992373834872
1,30,48.271285709509925
1,31,50.02886820817298
1,32,52.771314833845565
1,33,54.18600355607473
1,34,52.09874044329223
1,35,51.704726284615084
1,36,50.641664376014795
1,37,47.52903558420065
1,38,46.20174375864754
1,39,43.82231236258243
1,40,42.73269014986868
1,41,41.88147333062564
1,42,39.440060473275786
1,43,38.01729404225918
1,44,37.76138237505721
1,45,35.88803855134049
1,46,33.46317628328713
1,47,32.886609219948085
1,48,32.489174341410894
1,49,29.89328311266237
1,50,27.945678381903047
1,51,28.191853833184453
1,52,27.114960296673306
1,53,24.034648699693552
1,54,23.203366983050866
1,55,23.89493348554451
1,56,21.577768467215357
1,57,18.689570977833522
1,58,19.511460650427903
1,59,19.74574991834004
1,60,16.464658025730248
1,61,14.777524069008766
1,62,17.058006923838306
1,63,16.37234580494618
1,64,12.556170066377096
1,65,13.399327838574248
2,1,3.851868039372612
2,3,3.808839030003948
2,4,5.685291282009145
2,5,5.446057586060129
2,6,7.695185659947691
2,7,10.024206945885215
2,8,11.12766599755322
2,9,12.10241550375194
2,10,15.600046351013017
2,11,16.352473579097776
2,12,18.415643547205043
2,13,20.573429919254945
2,14,21.127392612143304
2,15,22.49719682465621
2,16,24.570331627413935
2,17,25.982960402761616
2,18,27.021985526415076
2,19,28.577077832103317
2,20,30.480818827999585
2,21,31.906020210056056
2,22,33.159287758274175
2,23,34.837067777169025
2,24,36.40796811185963
2,25,37.77371890732434
2,26,39.173693055650126
2,27,40.975142311076894
2,28,42.25676250276982
2,29,43.74408877770842
2,30,45.454706159947435
2,31,47.373398891243376
2,32,49.997982767368676
2,33,51.23650136919671
2,34,49.04775347132064
2,35,48.49171804175457
2,36,47.35411433988297
2,37,44.18769604474532
2,38,43.021839253677776
2,39,40.64054302170254
2,40,39.37661876793183
2,41,38.58133586531913
2,42,36.27842488275422
2,43,34.70201032820067
2,44,34.333898272339006
2,45,32.61887869492015
2,46,30.201320818559985
2,47,29.404189890461005
2,48,29.026138891298523
2,49,26.60843421101888
2,50,24.521146293591848
2,51,24.58503593672173
2,52,23.66641928881508
2,53,20.674879848612896
2,54,19.579126233896545
2,55,20.26944318793644
2,56,18.183657939192756
2,57,15.123964762183121
2,58,15.787830608124596
2,59,16.302950831643063
2,60,13.189911106147385
2,61,11.186312725187928
2,62,13.708578438266324
2,63,13.510930306537594
2,64,9.761215307955922
2,65,10.619254710327693
3,1,6.451230619206106
3,2,3.808839030003948
3,4,3.819749071622658
3,5,5.736738698677478
3,6,6.688926308444537
3,7,8.253224702116757
3,8,10.585751093074812
3,9,11.786548419238839
3,10,14.723279806676459
3,11,15.667708037331975
3,12,18.361343403078276
3,13,20.135950962415425
3,14,20.087315563572506
3,15,21.789924549546797
3,16,24.185102426186376
3,17,25.12365894487608
3,18,25.93238893190421
3,19,27.92099444619274
3,20,29.840358966744375
3,21,30.830478067974582
3,22,32.1826867449949
3,23,34.19787402769339
3,24,35.550571274305085
3,25,36.65708656993432
3,26,38.32384677617371
3,27,40.244956614096246
3,28,41.212067021632116
3,29,42.65170838898597
3,30,44.63864969032076
3,31,46.49529803534197
3,32,48.93961821861374
3,33,50.09118873340675
3,34,47.709859970607646
3,35,47.037973933437314
3,36,46.115238185182456
3,37,42.80350051900776
3,38,41.6417213277861
3,39,39.52349852584893
3,40,38.14365527948226
3,41,37.047051996293774
3,42,34.9324098333685
3,43,33.52641810790639
3,44,32.805051478608746
3,45,30.941375494810575
3,46,28.87440609205706
3,47,28.035358802619772
3,48,27.2021610205547
3,49,24.844207484113316
3,50,23.12692053067879
3,51,22.876224344488573
3,52,21.519553105970413
3,53,18.81091827175942
3,54,17.939538901947113
3,55,18.039759697657594
3,56,15.677772327014985
3,57,13.105766293945843
3,58,13.638747594678215
3,59,13.420993345567135
3,60,10.192059348806781
3,61,8.666218596317274
3,62,10.856068823515505
3,63,10.014256104895848
3,64,6.248071115868781
3,65,7.881026413934353
4,1,9.310007118211226
4,2,5.685291282009145
4,3,3.819749071622658
4,5,3.81280998537279
4,6,5.458151789639115
4,7,5.495870232460676
4,8,7.6273446271903
4,9,9.813542131010028
4,10,12.571659289375292
4,11,12.767743823624587
4,12,15.632925203952666
4,13,17.717980158361687
4,14,17.367356229356403
4,15,18.68785462624212
4,16,21.350836022538545
4,17,22.461176544662795
4,18,22.922657265478918
4,19,24.798227907996704
4,20,26.99513769013429
4,21,27.962698290630208
4,22,29.034838360341954
4,23,31.13267238592707
4,24,32.68449007645661
4,25,33.62886368055636
4,26,35.14332905387962
4,27,37.239887016211924
4,28,38.28349585389711
4,29,39.52686287142404
4,30,41.49754583502305
4,31,43.5211986976429
4,32,45.89498628850565
4,33,46.902081241827695
4,34,44.48981232168995
4,35,43.70880081085435
4,36,42.65735400010907
4,37,39.346431458664384
4,38,38.3269804830838
4,39,36.1353060057191
4,40,34.63618430866764
4,41,33.679115875324825
4,42,31.639456971830185
4,43,30.047259359095268
4,44,29.32883287694189
4,45,27.659661819802658
4,46,25.498296974387518
4,47,24.47118756630147
4,48,23.79673571971205
4,49,21.59184821459032
4,50,19.630339979518318
4,51,19.31231222375
4,52,18.2537667872341
4,53,15.533480310724865
4,54,14.333273984314047
4,55,14.669936098123202
4,56,12.639095572627658
4,57,9.663844808612419
4,58,10.21278516108459
4,59,10.677639008206212
4,60,7.667266408863646
4,61,5.654520709246812
4,62,8.708485309791609
4,63,8.88480290867515
4,64,5.760633039843029
4,65,7.47667117885893
5,1,8.755740979845497
5,2,5.446057586060129
5,3,5.736738698677478
5,4,3.81280998537279
5,6,3.8084621205800007
5,7,5.405454891653746
5,8,5.699482902227666
5,9,7.242207714533111
5,10,10.669438250373151
5,11,10.96815299236612
5,12,13.17169391869011
5,13,15.466932294786925
5,14,15.86043963625969
5,15,17.069292355732987
5,16,19.25931598624884
5,17,20.73470320034214
5,18,21.64128009105815
5,19,23.153994852026926
5,20,25.154397486749588
5,21,26.572336367486795
5,22,27.732436249298797
5,23,29.436204350771057
5,24,31.069557327152186
5,25,32.38460627407322
5,26,33.738723336127414
5,27,35.5910401244302
5,28,36.896581721712586
5,29,38.32701026074382
5,30,40.02983800330607
5,31,41.99622185034547
5,32,44.59867997800381
5,33,45.8107661853123
5,34,43.6471361797063
5,35,43.12679001593294
5,36,41.96970598052675
5,37,38.847682467965825
5,38,37.639180355255235
5,39,35.218184370081886
5,40,34.022334826045395
5,41,33.26961000414281
5,42,30.89341580254616
5,43,29.324625458944478
5,44,29.086727027066306
5,45,27.36467098975782
5,46,24.836850000470456
5,47,24.165193287296447
5,48,23.950106203482665
5,49,21.426145852562524
5,50,19.25859878110394
5,51,19.640268377572177
5,52,18.863402740155028
5,53,15.634774152623017
5,54,14.685524383105435
5,55,15.927958692323578
5,56,13.87617469914069
5,57,10.57420146029768
5,58,12.053743454842412
5,59,13.162074612455802
5,60,10.050664082014547
5,61,8.576416192968074
5,62,12.099209357044147
5,63,12.397021555034053
5,64,9.444810723838456
5,65,11.241905390722287
6,1,10.21027576751838
6,2,7.695185659947691
6,3,6.688926308444537
6,4,5.458151789639115
6,5,3.8084621205800007
6,7,3.8061639782260452
6,8,5.1795583629257935
6,9,5.2000725985817775
6,10,8.14827027557815
6,11,9.58776739291414
6,12,12.11026807432223
6,13,13.551620445604627
6,14,13.84017744724431
6,15,15.808241840136363
6,16,17.839464933614053
6,17,18.722513715619964
6,18,19.93664078220019
6,19,21.875023770301315
6,20,23.48429989080593
6,21,24.658452401695527
6,22,26.253104297261192
6,23,28.03327712094413
6,24,29.257511044846492
6,25,30.644177659067047
6,26,32.35013134767267
6,27,34.017850723801324
6,28,35.04801785704886
6,29,36.718836400083696
6,30,38.57984694854379
6,31,40.280552999395084
6,32,42.88138425984846
6,33,44.2619922496518
6,34,42.08835292315807
6,35,41.73823410443718
6,36,40.88382194921427
6,37,37.744594157251775
6,38,36.24762864157819
6,39,34.0492550919232
6,40,33.07875514700496
6,41,31.977683344298722
6,42,29.49147914791002
6,43,28.355279663738827
6,44,28.06619205586987
6,45,25.918869329653415
6,46,23.633876183908658
6,47,23.416581879010963
6,48,22.848857469758553
6,49,19.963642175883322
6,50,18.377678223046157
6,51,19.044351382861073
6,52,17.648462454798597
6,53,14.318396624776575
6,54,14.293722125453167
6,55,15.386183211985918
6,56,12.620514465990787
6,57,10.016834172541625
6,58,12.336536050617223
6,59,12.685897150281038
6,60,9.117617699320217
6,61,9.177502280345585
6,62,12.659697561272935
6,63,12.047737666283547
6,64,9.54909755745416
6,65,12.401242845181542
7,1,13.181244122859296
7,2,10.024206945885215
7,3,8.253224702116757
7,4,5.495870232460676
7,5,5.405454891653746
7,6,3.8061639782260452
7,8,3.8073232993955224
7,9,5.760842872086812
7,10,7.466963255065819
7,11,7.867749014107204
7,12,11.178154818549519
7,13,12.714935067817885
7,14,12.036585666871856
7,15,13.765376179561533
7,16,16.426288432391825
7,17,17.16011249542004
7,18,17.7176939431011
7,19,19.860045254810327
7,20,21.85020241420963
7,21,22.659224331415235
7,22,23.97014187318141
7,23,26.115775322452375
7,24,27.436537507628987
7,25,28.42301401283679
7,26,30.136181837463468
7,27,32.11787769928156
7,28,33.016683440281454
7,29,34.40687410085776
7,30,36.45127806400556
7,31,38.319855059571026
7,32,40.70676442722444
7,33,41.84199931135465
7,34,39.47595520930487
7,35,38.883737437773796
7,36,38.017072490000245
7,37,34.75184650744522
7,38,33.456487006502755
7,39,31.357857725368483
7,40,30.119109539844473
7,41,28.963936745438552
7,42,26.72992082214847
7,43,25.463947668550013
7,44,24.87629410961047
7,45,22.861575677145197
7,46,20.73445384808195
7,47,20.20426644659022
7,48,19.44842370177593
7,49,16.802670755095853
7,50,15.192846821088853
7,51,15.482387118236097
7,52,14.063655395200477
7,53,10.913290566515673
7,54,10.691083852850847
7,55,11.584225192773923
7,56,8.912155716383685
7,57,6.228320702814957
7,58,8.733995077184368
7,59,9.230367744510223
7,60,5.963874666935336
7,61,6.513629876435381
7,62,10.109035806997198
7,63,9.993244802268325
7,64,8.503417162084192
7,65,11.358932678479903
8,1,14.244263136276354
8,2,11.12766599755322
8,3,10.585751093074812
8,4,7.6273446271903
8,5,5.699482902227666
8,6,5.1795583629257935
8,7,3.8073232993955224
8,9,3.7869826097073385
8,10,6.0259019762461445
8,11,5.338213608835461
8,12,8.015009518324243
8,13,10.324754336739339
8,14,10.326271507386712
8,15,11.400459128736935
8,16,13.795739567849909
8,17,15.22793647160672
8,18,15.956714922515632
8,19,17.51141638725571
8,20,19.59122010019986
8,21,20.928725379267476
8,22,22.03627002129921
8,23,23.812252096516474
8,24,25.449799803802506
8,25,26.693914495602197
8,26,28.06234360302004
8,27,29.95833201451008
8,28,31.23262770856073
8,29,32.62815636431598
8,30,34.36292345920017
8,31,36.342824667765036
8,32,38.90939944336979
8,33,40.113897547165685
8,34,37.97070149423095
8,35,37.520598674561796
8,36,36.40131225293728
8,37,33.32749885129376
8,38,32.010905672590695
8,39,29.587438646769293
8,40,28.51997866490548
8,41,27.748107878004813
8,42,25.25774284934796
8,43,23.78832762057921
8,44,23.711531551743867
8,45,21.895610285180734
8,46,19.266737733579436
8,47,18.877612371044844
8,48,18.822888700118376
8,49,16.08157542961174
8,50,13.929529610907911
8,51,14.885278888132323
8,52,14.213947825458003
8,53,10.648535249164693
8,54,10.231980820106337
8,55,12.305968700907915
8,56,10.327232768315746
8,57,7.1684132345737215
8,58,10.020260113629536
8,59,11.655592892828956
8,60,9.09716672363508
8,61,9.041775243480446
8,62,12.81985180385847
8,63,13.425891970780462
8,64,11.873919920674664
8,65,14.210190336001126
9,1,14.44271316605305
9,2,12.10241550375194
9,3,11.786548419238839
9,4,9.813542131010028
9,5,7.242207714533111
9,6,5.2000725985817775
9,7,5.760842872086812
9,8,3.7869826097073385
9,10,3.8185765021607336
9,11,5.384374877713347
9,12,7.153567178566764
9,13,8.532498039102812
9,14,9.513802300779204
9,15,11.383795806188107
9,16,12.905073579661183
9,17,14.054523403704966
9,18,15.65829080228718
9,19,17.2645887295084
9,20,18.658899335839067
9,21,20.200486724579513
9,22,21.857119731946447
9,23,23.295074657127305
9,24,24.568869308666553
9,25,26.247336713132444
9,26,27.81307316849939
9,27,29.27267080718261
9,28,30.509292608710354
9,29,32.31529873482034
9,30,33.95265104559945
9,31,35.605768565854994
9,32,38.37147710834729
9,33,39.91299504228114
9,34,37.975317111402184
9,35,37.890098714379214
9,36,36.97281152578501
9,37,34.05212550216983
9,38,32.34048456005625
9,39,29.964955127953978
9,40,29.355099820142062
9,41,28.430040018167613
9,42,25.607599106777723
9,43,24.59001132262996
9,44,24.828670154377857
9,45,22.61123433367112
9,46,19.99604457500771
9,47,20.312184466772713
9,48,20.248431414292817
9,49,17.034515955194674
9,50,15.39558438115773
9,51,17.003755601874133
9,52,15.962144022278833
9,53,12.2229079409735
9,54,12.814498215747037
9,55,14.957123126697045
9,56,12.468259093555822
9,57,10.053253089171346
9,58,13.329161258096693
9,59,14.390557097928456
9,60,11.442362267165056
9,61,12.096423339727036
9,62,15.798557003418717
9,63,15.690515388687642
9,64,13.959022313684956
9,65,16.768252463851947
10,1,17.961000561151504
10,2,15.600046351013017
10,3,14.723279806676459
10,4,12.571659289375292
10,5,10.669438250373151
10,6,8.14827027557815
10,7,7.466963255065819
10,8,6.0259019762461445
10,9,3.8185765021607336
10,11,3.814638099951939
10,12,5.822689165229401
10,13,5.705681457551124
10,14,6.109731283493301
10,15,8.776509178943394
10,16,10.238517730605563
10,17,10.674331422793164
10,18,12.39307649560489
10,19,14.424061186118296
10,20,15.55173114426288
10,21,16.766802439918674
10,22,18.706206537813678
10,23,20.296862930634628
10,24,21.259120814649417
10,25,22.87958064077747
10,26,24.713869400104496
10,27,26.114537647786943
10,28,27.10486059339685
10,29,29.009171446023917
10,30,30.806701597253927
10,31,32.31287751947554
10,32,35.01298586973703
10,33,36.611548549933325
10,34,34.642096033836616
10,35,34.65764054173841
10,36,33.96195127960506
10,37,31.04785779921915
10,38,29.133203354761775
10,39,26.94706695400762
10,40,26.5194740226179
10,41,25.339874615320106
10,42,22.44363554875298
10,43,21.797407848939635
10,44,22.035899103651182
10,45,19.50807359596688
10,46,17.09698504584297
10,47,17.88802525566329
10,48,17.630262196308074
10,49,14.13659077381027
10,50,13.092302395888376
10,51,15.127053094203239
10,52,13.755476618786313
10,53,10.065790991044562
10,54,11.683814032861733
10,55,13.880828483632957
10,56,11.28257658071376
10,57,9.883573493350468
10,58,13.614145780985245
10,59,14.395446942499701
10,60,11.914194292810173
10,61,13.516699493883618
10,62,16.93013703877416
10,63,16.664262156863312
10,64,15.724623311585697
10,65,18.797078704570204
11,1,19.224720508612613
11,2,16.352473579097776
11,3,15.667708037331975
11,4,12.767743823624587
11,5,10.96815299236612
11,6,9.58776739291414
11,7,7.867749014107204
11,8,5.338213608835461
11,9,5.384374877713347
11,10,3.814638099951939
11,12,3.8023271413855415
11,13,5.546208357132491
11,14,5.172505717061492
11,15,6.240788212856966
11,16,8.607211767937939
11,17,9.93246889364455
11,18,10.749558678582577
11,19,12.33057255695696
11,20,14.273782193010907
11,21,15.635279504978376
11,22,16.86176602929381
11,23,18.57274303670985
11,24,20.117480356658014
11,25,21.45694053628393
11,26,22.883713536977254
11,27,24.671053140231084
11,28,25.932083182220886
11,29,27.432965740444605
11,30,29.14377366411243
11,31,31.038462470498864
11,32,33.651448486762135
11,33,34.97035339139385
11,34,32.94137491170896
11,35,32.711970427995894
11,36,31.68533499313239
11,37,28.74677161421081
11,38,27.161762246365132
11,39,24.72499729913079
11,40,24.003316676462195
11,41,23.19176906517466
11,42,20.415999016631105
11,43,19.235663152258034
11,44,19.541599965782286
11,45,17.487131230220225
11,46,14.69702938070332
11,47,15.0215277792159
11,48,15.255659100787105
11,49,12.087786575344781
11,50,10.218377212820982
11,51,12.319747883822641
11,52,11.767702167171187
11,53,7.98238898612735
11,54,8.899482133741234
11,55,11.806082460710494
11,56,10.122411674424283
11,57,8.270501269179674
11,58,11.835176377744947
11,59,13.499121938306113
11,60,11.767958554733685
11,61,12.834870596419885
11,62,16.24056834886993
11,63,16.81354641739935
11,64,16.147375016797916
11,65,18.71440011126644
12,1,20.991017734177174
12,2,18.415643547205043
12,3,18.361343403078276
12,4,15.632925203952666
12,5,13.17169391869011
12,6,12.11026807432223
12,7,11.178154818549519
12,8,8.015009518324243
12,9,7.153567178566764
12,10,5.822689165229401
12,11,3.8023271413855415
12,13,3.802356179847781
12,14,5.615833956684091
12,15,5.488121255873038
12,16,6.2903429570274145
12,17,8.705331687327163
12,18,10.204201977458974
12,19,10.748173673654396
12,20,12.366814077449106
12,21,14.558606322164769
12,22,15.724194907066154
12,23,16.706094012709976
12,24,18.471041943673768
12,25,20.31267861405097
12,26,21.366392000425524
12,27,22.817544706670855
12,28,24.506066580535443
12,29,26.169555614443354
12,30,27.449938734291536
12,31,29.315966128781742
12,32,32.19527863487818
12,33,33.72022647460156
12,34,32.048175221069954
12,35,32.130750095259124
12,36,30.92827493811824
12,37,28.318228250973746
12,38,26.570986808572965
12,39,23.83303456468135
12,40,23.539672329653644
12,41,23.121060257543494
12,42,19.992830926598014
12,43,18.82907696051122
12,44,19.868567641917956
12,45,17.97193835791084
12,46,14.769660926645239
12,47,15.593570981958154
12,48,16.582708606092165
12,49,13.427855004999252
12,50,11.430555637642943
12,51,14.245909657374384
12,52,14.304021121415454
12,53,10.731173535253232
12,54,11.619049516362992
12,55,14.948770450914449
12,56,13.691215153650445
12,57,11.851905620051962
12,58,15.221523748151704
12,59,17.19006637524103
12,60,15.516460669438446
12,61,16.290690852330098
12,62,19.793104902008114
12,63,20.50457683341866
12,64,19.59072232886419
12,65,22.03461255075117
13,1,22.886162622606157
13,2,20.573429919254945
13,3,20.135950962415425
13,4,17.717980158361687
13,5,15.466932294786925
13,6,13.551620445604627
13,7,12.714935067817885
13,8,10.324754336739339
13,9,8.532498039102812
13,10,5.705681457551124
13,11,5.546208357132491
13,12,3.802356179847781
13,14,3.797639631601204
13,15,5.40673451505367
13,16,4.9667513553645355
13,17,5.9523077715657795
13,18,8.525553935223684
13,19,9.700629176310777
13,20,10.319574932761476
13,21,12.259314984858086
13,22,14.225990512859779
13,23,15.172103571087366
13,24,16.247551518735452
13,25,18.32957994106135
13,26,19.87520859281841
13,27,20.9586246400994
13,28,22.300749861586915
13,29,24.36053032309272
13,30,25.79450283426451
13,31,27.26454675800335
13,32,30.189347528620306
13,33,31.982472655010543
13,34,30.366652742970793
13,35,30.74326328782591
13,36,29.93371165698798
13,37,27.388779783092925
13,38,25.216704539246624
13,39,22.779314143353204
13,40,22.910858828212163
13,41,22.067616758007777
13,42,18.736737824910154
13,43,18.296158371229456
13,44,19.38266914784386
13,45,16.928105592725633
13,46,14.115588639053428
13,47,15.761468847985093
13,48,16.35230532036693
13,49,12.797278627929249
13,50,11.864460962503257
13,51,15.023454230759322
13,52,14.435375882966136
13,53,11.091966185804102
13,54,13.087388754434363
13,55,16.040127867783248
13,56,14.352284809501057
13,57,13.408572600244813
13,58,17.067403039449722
13,59,18.404350335335995
13,60,16.676000223205765
13,61,18.199158606864344
13,62,21.532878607842086
13,63,21.718928191982535
13,64,21.08772021330919
13,65,23.939992466234003
14,1,23.80790947381829
14,2,21.127392612143304
14,3,20.087315563572506
14,4,17.367356229356403
14,5,15.86043963625969
14,6,13.84017744724431
14,7,12.036585666871856
14,8,10.326271507386712
14,9,9.513802300779204
14,10,6.109731283493301
14,11,5.172505717061492
14,12,5.615833956684091
14,13,3.797639631601204
14,15,3.8037806890363113
14,16,5.510499171799132
14,17,5.14882252585948
14,18,6.2870421702614525
14,19,8.67304573166496
14,20,9.963036893632596
14,21,10.822276095407888
14,22,12.636365286259359
14,23,14.491231302643312
14,24,15.478055500298662
14,25,16.843189653325435
14,26,18.706904621490413
14,27,20.294156847309708
14,28,21.210313009627622
14,29,22.95420941200604
14,30,24.85149807508723
14,31,26.466995109024
14,32,29.048930941635586
14,33,30.540438492251567
14,34,28.54597809887985
14,35,28.586612649446582
14,36,27.914677880561406
14,37,25.07030960413081
14,38,23.05635272714063
14,39,20.886361499590812
14,40,20.62888444608445
14,41,19.434870924941297
14,42,16.39798792871927
14,43,15.966088765378982
14,44,16.47649905154569
14,45,13.846656651903249
14,46,11.352432639972507
14,47,12.833228875747071
14,48,12.89487223705133
14,49,9.227880964834563
14,50,8.722678995430577
14,51,11.745901099043243
14,52,10.809034934217049
14,53,7.694998835624212
14,54,10.279329621461407
14,55,12.94116188275391
14,56,11.387862935058585
14,57,11.209999599650079
14,58,14.801819552152372
14,59,15.908176643941482
14,60,14.740159253897215
14,61,16.694035183004893
14,62,19.643120285161835
14,63,19.87793907454824
14,64,19.888437563959872
14,65,22.726801898204897
15,1,25.415534400744548
15,2,22.49719682465621
15,3,21.789924549546797
15,4,18.68785462624212
15,5,17.069292355732987
15,6,15.808241840136363
15,7,13.765376179561533
15,8,11.400459128736935
15,9,11.383795806188107
15,10,8.776509178943394
15,11,6.240788212856966
15,12,5.488121255873038
15,13,5.40673451505367
15,14,3.8037806890363113
15,16,3.8117472748718986
15,17,5.410664142389509
15,18,5.113166819663439
15,19,6.132790105498682
15,20,8.586813490161202
15,21,9.99130519519618
15,22,10.732207950183007
15,23,12.451205855777246
15,24,14.28233155238989
15,25,15.485032463054244
15,26,16.680274659315735
15,27,18.60729118458114
15,28,20.00999324854977
15,29,21.337204436930268
15,30,22.963787831655104
15,31,25.009041088273356
15,32,27.58921787866808
15,33,28.84849750337461
15,34,26.9290446146458
15,35,26.821154247468908
15,36,25.707623697719356
15,37,22.9632951928228
15,38,21.25530071198413
15,39,18.655535518461587
15,40,18.23863299227814
15,41,17.653396623765868
15,42,14.597664720482774
15,43,13.503234967406646
15,44,14.471592881669935
15,45,12.52345311134802
15,46,9.30614414143621
15,47,10.518320912329404
15,48,11.62044103953532
15,49,8.517882685782135
15,50,6.920791211547131
15,51,10.42408350075082
15,52,10.773703030664691
15,53,8.032728492838439
15,54,9.688096205522836
15,55,12.98423515310462
15,56,12.501666869003799
15,57,11.954663829908112
15,58,15.097151522482955
15,59,16.951177642681575
15,60,16.328569255100465
15,61,17.702333371436566
15,62,20.61598739469176
15,63,21.506746835830697
15,64,21.557420124413728
15,65,23.957060186878763
16,1,27.15289804372443
16,2,24.570331627413935
16,3,24.185102426186376
16,4,21.350836022538545
16,5,19.25931598624884
16,6,17.839464933614053
16,7,16.426288432391825
16,8,13.795739567849909
16,9,12.905073579661183
16,10,10.238517730605563
16,11,8.607211767937939
16,12,6.2903429570274145
16,13,4.9667513553645355
16,14,5.510499171799132
16,15,3.8117472748718986
16,17,3.8076395413900643
16,18,5.440502880858302
16,19,5.027198835888912
16,20,6.09267854208237
16,21,8.670746415830772
16,22,9.894123943181796
16,23,10.523610238717401
16,24,12.212937354639479
16,25,14.25174653008877
16,26,15.292325340568633
16,27,16.552873021287297
16,28,18.27575047867494
16,29,20.05705291516032
16,30,21.264404316372993
16,31,23.03404385039
16,32,25.9616336666282
16,33,27.620279868383218
16,34,26.1373331520213
16,35,26.545697590526665
16,36,25.479793766865214
16,37,23.157276097608477
16,38,21.04029799557986
16,39,18.310937764061315
16,40,18.648905653544155
16,41,18.25635647961804
16,42,14.759460305762806
16,43,14.177939824712757
16,44,15.930340836066343
16,45,13.908057029039673
16,46,10.717446064843267
16,47,12.804101490442047
16,48,14.262206663232861
16,49,11.197864141719181
16,50,10.206527574974977
16,51,13.912190471214426
16,52,14.249331145044518
16,53,11.672753083227406
16,54,13.498979832538764
16,55,16.76433106319312
16,56,16.081115254984464
16,57,15.505671852692004
16,58,18.780663072743778
16,59,20.55354036150834
16,60,19.622523172976166
16,61,21.019075380510138
16,62,24.10811171220765
16,63,24.8037274938041
16,64,24.59313058041546
16,65,27.140842564350855
17,1,28.49368087750141
17,2,25.982960402761616
17,3,25.12365894487608
17,4,22.461176544662795
17,5,20.73470320034214
17,6,18.722513715619964
17,7,17.16011249542004
17,8,15.22793647160672
17,9,14.054523403704966
17,10,10.674331422793164
17,11,9.93246889364455
17,12,8.705331687327163
17,13,5.9523077715657795
17,14,5.14882252585948
17,15,5.410664142389509
17,16,3.8076395413900643
17,18,3.8286555909910738
17,19,5.470256843201584
17,20,5.145127576743366
17,21,6.346375050481568
17,22,8.799575219183046
17,23,10.01160482493179
17,24,10.58815746916197
17,25,12.49745780215589
17,26,14.41675235749557
17,27,15.507701842419571
17,28,16.49910438944455
17,29,18.598918339582777
17,30,20.27994979433934
17,31,21.64571660407284
17,32,24.426267491966804
17,33,26.223200304873462
17,34,24.574805453808693
17,35,25.11183966737243
17,36,24.57583215285456
17,37,22.147168360176668
17,38,19.65660682532193
17,39,17.4752548182426
17,40,18.040509707424096
17,41,16.936444043783585
17,42,13.419671281050361
17,43,13.735925147092372
17,44,15.110782477563632
17,45,12.373425810525765
17,46,9.975840892560019
17,47,12.745861435677115
17,48,13.391949541707344
17,49,10.016146630843705
17,50,10.384808215063488
17,51,14.00026811464919
17,52,13.536685725811667
17,53,11.405512697608872
17,54,14.120790506565493
17,55,16.804099818217665
17,56,15.77199625988676
17,57,16.041017958092606
17,58,19.43694544300848
17,59,20.581061747156348
17,60,19.729546320010254
17,61,21.755104265472344
17,62,24.585790199793532
17,63,24.847768206103634
17,64,25.009249350085444
17,65,27.84787137352369
18,1,29.88816876819548
18,2,27.021985526415076
18,3,25.93238893190421
18,4,22.922657265478918
18,5,21.64128009105815
18,6,19.93664078220019
18,7,17.7176939431011
18,8,15.956714922515632
18,9,15.65829080228718
18,10,12.39307649560489
18,11,10.749558678582577
18,12,10.204201977458974
18,13,8.525553935223684
18,14,6.2870421702614525
18,15,5.113166819663439
18,16,5.440502880858302
18,17,3.8286555909910738
18,19,3.8028571664742783
18,20,5.437062513239911
18,21,5.212366985317278
18,22,6.417670139764363
18,23,8.854418537635569
18,24,9.966242903311008
18,25,10.75918735989831
18,26,12.582447011666986
18,27,14.529762237239101
18,28,15.369546986285325
18,29,16.78453605102729
18,30,18.80303459707864
18,31,20.62798416439231
18,32,23.023654333959616
18,33,24.333699269821796
18,34,22.31828646401232
18,35,22.390775125137484
18,36,21.706134902100942
18,37,18.997273719143635
18,38,16.8489867679989
18,39,14.652702107676793
18,40,14.700962379972284
18,41,13.57254089095325
18,42,10.268654395143338
18,43,10.227022289246024
18,44,11.342977142149048
18,45,8.745439958362553
18,46,6.1638741859074
18,47,9.009941125413759
18,48,9.791851763950913
18,49,6.77660487346958
18,50,7.391385693427134
18,51,11.014674949246416
18,52,11.014624030340352
18,53,9.698912523789229
18,54,12.261002739326948
18,55,14.8120926117978
18,56,14.535268903949543
18,57,15.220786823588702
18,58,18.179214435649268
18,59,19.47019129237706
18,60,19.331849013727542
18,61,21.316851014039102
18,62,23.784114784634333
18,63,24.40697671692808
18,64,25.03385240599565
18,65,27.598665852661657
19,1,31.43356621938075
19,2,28.577077832103317
19,3,27.92099444619274
19,4,24.798227907996704
19,5,23.153994852026926
19,6,21.875023770301315
19,7,19.860045254810327
19,8,17.51141638725571
19,9,17.2645887295084
19,10,14.424061186118296
19,11,12.33057255695696
19,12,10.748173673654396
19,13,9.700629176310777
19,14,8.67304573166496
19,15,6.132790105498682
19,16,5.027198835888912
19,17,5.470256843201584
19,18,3.8028571664742783
19,20,3.7994837362494236
19,21,5.479604062288707
19,22,5.152349737683296
19,23,6.360893208211587
19,24,8.689095407540247
19,25,9.931881964602812
19,26,10.667802697878605
19,27,12.575872356772784
19,28,14.290721405541316
19,29,15.524691266145469
19,30,16.891492996679965
19,31,19.04048079449464
19,32,21.687822030837925
19,33,23.013449798138524
19,34,21.393338236701858
19,35,21.642860652980655
19,36,20.466708545675473
19,37,18.175590857143277
19,38,16.142220011540374
19,39,13.304331034980311
19,40,13.702138011199956
19,41,13.523088181689356
19,42,9.980389175707568
19,43,9.399502057230157
19,44,11.658903495926307
19,45,10.056565549200604
19,46,6.847118515608889
19,47,9.576679841648021
19,48,11.613104882962302
19,49,9.438478788810801
19,50,9.046789850406817
19,51,12.763341263306408
19,52,13.719829804809528
19,53,12.382434851938832
19,54,14.174700670905441
19,55,17.174049713339908
19,56,17.34678649368479
19,57,17.48243970542848
19,58,20.271140699114337
19,59,22.081105669805225
19,60,21.96389957313528
19,61,23.48451709898055
19,62,26.118914863136258
19,63,27.095302283075327
19,64,27.473744974664125
19,65,29.816404625793943
20,1,33.051908770654045
20,2,30.480818827999585
20,3,29.840358966744375
20,4,26.99513769013429
20,5,25.154397486749588
20,6,23.48429989080593
20,7,21.85020241420963
20,8,19.59122010019986
20,9,18.658899335839067
20,10,15.55173114426288
20,11,14.273782193010907
20,12,12.366814077449106
20,13,10.319574932761476
20,14,9.963036893632596
20,15,8.586813490161202
20,16,6.09267854208237
20,17,5.145127576743366
20,18,5.437062513239911
20,19,3.7994837362494236
20,21,3.817375315018674
20,22,5.343365548544987
20,23,5.075968788648331
20,24,6.134150497234655
20,25,8.600878474770257
20,26,9.825547697062976
20,27,10.642800248895064
20,28,12.245695266819833
20,29,14.309203263851307
20,30,15.50053942855062
20,31,17.015725876401348
20,32,19.988221196330766
20,33,21.870549691198292
20,34,20.629882222653926
20,35,21.517875578491513
20,36,20.7719781322516
20,37,18.881521651879194
20,38,16.217155940228213
20,39,13.723013519002503
20,40,15.047950997202145
20,41,14.564483415656145
20,42,10.76309594773611
20,43,11.385844553056128
20,44,13.840775777510943
20,45,11.782107200724546
20,46,9.42041550113278
20,47,12.746782685210633
20,48,14.311708299003664
20,49,11.903035263400383
20,50,12.316599038881847
20,51,16.01903649646144
20,52,16.405175982180257
20,53,15.01293452320951
20,54,17.3085519364412
20,55,20.126396626422476
20,56,19.82046028004016
20,57,20.145009004263375
20,58,23.216250321130467
20,59,24.693436059487958
20,60,24.26102718814569
20,61,26.071730525057085
20,62,28.803831360345953
20,63,29.404608964906487
20,64,29.689217559396692
20,65,32.31369439608338
21,1,34.59606106560119
21,2,31.906020210056056
21,3,30.830478067974582
21,4,27.962698290630208
21,5,26.572336367486795
21,6,24.658452401695527
21,7,22.659224331415235
21,8,20.928725379267476
21,9,20.200486724579513
21,10,16.766802439918674
21,11,15.635279504978376
21,12,14.558606322164769
21,13,12.259314984858086
21,14,10.822276095407888
21,15,9.99130519519618
21,16,8.670746415830772
21,17,6.346375050481568
21,18,5.212366985317278
21,19,5.479604062288707
21,20,3.817375315018674
21,22,3.7959262062169103
21,23,5.4808971130709
21,24,5.03926473762758
21,25,6.203428753662832
21,26,8.675563723920153
21,27,9.932828045416159
21,28,10.39520888348772
21,29,12.35607360485608
21,30,14.384603929777297
21,31,15.746724206466407
21,32,18.25975981538856
21,33,19.95928456657556
21,34,18.27565999871247
21,35,19.010233847557977
21,36,18.755189329312387
21,37,16.58704474110719
21,38,13.698268000009536
21,39,11.865641547847481
21,40,13.152928030374785
21,41,11.86831759758121
21,42,8.176005637221799
21,43,9.77731891867689
21,44,11.667228306956256
21,45,9.087686474927995
21,46,7.82817504029833
21,47,11.583780171872878
21,48,12.441483216007557
21,49,10.304066103741956
21,50,11.838789865240713
21,51,15.180920262147284
21,52,15.167856583712183
21,53,14.543735678608234
21,54,17.232016162731213
21,55,19.486606653131876
21,56,19.267440656102664
21,57,20.309334931108463
21,58,23.214933689633252
21,59,24.284672758854303
21,60,24.219748698558757
21,61,26.411002369982057
21,62,28.772711053789614
21,63,29.216651754317684
21,64,29.965431397345927
21,65,32.64870456739103
22,1,36.082486963789485
22,2,33.159287758274175
22,3,32.1826867449949
22,4,29.034838360341954
22,5,27.732436249298797
22,6,26.253104297261192
22,7,23.97014187318141
22,8,22.03627002129921
22,9,21.857119731946447
22,10,18.706206537813678
22,11,16.86176602929381
22,12,15.724194907066154
22,13,14.225990512859779
22,14,12.636365286259359
22,15,10.732207950183007
22,16,9.894123943181796
22,17,8.799575219183046
22,18,6.417670139764363
22,19,5.152349737683296
22,20,5.343365548544987
22,21,3.7959262062169103
22,23,3.8129525522674856
22,24,5.368019971797709
22,25,5.038152173717176
22,26,6.211361148540622
22,27,8.694983222632922
22,28,9.750372181429075
22,29,10.615860169742264
22,30,12.51477871781551
22,31,14.695491172917562
22,32,16.96332737645148
22,33,18.12232236498245
22,34,16.326511910241123
22,35,16.668244714593605
22,36,15.836088183071633
22,37,13.649131009440516
22,38,11.197820153385118
22,39,8.70686795609942
22,40,9.793920603537625
22,41,9.275085018563091
22,42,5.479822776852741
22,43,6.435292156905887
22,44,9.104012123880656
22,45,7.6251915414954565
22,46,6.030387574621326
22,47,9.571311282978716
22,48,11.305379560352126
22,49,10.19429975124285
22,50,11.211449540017938
22,51,14.345740435831578
22,52,15.206311587395563
22,53,15.054320356219241
22,54,17.119619108476794
22,55,19.476570236615103
22,56,19.982745098432975
22,57,20.909262107434817
22,58,23.405882800183946
22,59,24.864984938542978
22,60,25.241825267363943
22,61,27.103119738504642
22,62,29.31960206768891
22,63,30.213039611364756
22,64,31.08966677533092
22,65,33.445348427566906
23,1,37.58331783846411
23,2,34.837067777169025
23,3,34.19787402769339
23,4,31.13267238592707
23,5,29.436204350771057
23,6,28.03327712094413
23,7,26.115775322452375
23,8,23.812252096516474
23,9,23.295074657127305
23,10,20.296862930634628
23,11,18.57274303670985
23,12,16.706094012709976
23,13,15.172103571087366
23,14,14.491231302643312
23,15,12.451205855777246
23,16,10.523610238717401
23,17,10.01160482493179
23,18,8.854418537635569
23,19,6.360893208211587
23,20,5.075968788648331
23,21,5.4808971130709
23,22,3.8129525522674856
23,24,3.7707876982374358
23,25,5.359143039772
23,26,5.01987850213036
23,27,6.270372889668025
23,28,8.589874101406085
23,29,9.947903240374522
23,30,10.751866181772764
23,31,12.821628892572521
23,32,15.68323856439392
23,33,17.312979776130817
23,34,16.304499554024176
23,35,17.314032623553363
23,36,16.281856326154646
23,37,14.91575718845852
23,38,12.284512907936355
23,39,9.488726258270134
23,40,11.543973804848974
23,41,11.817155899623241
23,42,8.21410966992521
23,43,9.095544043886445
23,44,12.363203829566253
23,45,11.355293894638555
23,46,9.594442648563806
23,47,12.85000656732121
23,48,14.982552875179001
23,49,13.762888035763664
23,50,14.308327300010436
23,51,17.646322252903637
23,52,18.67629972705878
23,53,18.101638288397673
23,54,20.023929338916545
23,55,22.70377240398235
23,56,23.083980539682987
23,57,23.62556326306735
23,58,26.27989935068822
23,59,27.938970424797475
23,60,28.029551268196805
23,61,29.718761209869644
23,62,32.1973050477926
23,63,33.110951737112806
23,64,33.67656864121788
23,65,36.06374795978029
24,1,39.005069978823926
24,2,36.40796811185963
24,3,35.550571274305085
24,4,32.68449007645661
24,5,31.069557327152186
24,6,29.257511044846492
24,7,27.436537507628987
24,8,25.449799803802506
24,9,24.568869308666553
24,10,21.259120814649417
24,11,20.117480356658014
24,12,18.471041943673768
24,13,16.247551518735452
24,14,15.478055500298662
24,15,14.28233155238989
24,16,12.212937354639479
24,17,10.58815746916197
24,18,9.966242903311008
24,19,8.689095407540247
24,20,6.134150497234655
24,21,5.03926473762758
24,22,5.368019971797709
24,23,3.7707876982374358
24,25,3.8226901324692584
24,26,5.4612229984245415
24,27,5.171629984011723
24,28,6.156045411258266
24,29,8.722936326851142
24,30,10.012962206692515
24,31,11.059675296025038
24,32,13.98953682373052
24,33,16.147143554114788
24,34,15.222145317634078
24,35,16.76702033182047
24,36,16.55880801444019
24,37,15.353468986828547
24,38,12.060849782534959
24,39,10.28989703211602
24,40,12.889632935118637
24,41,12.286095958490433
24,42,8.822573449264715
24,43,11.019219928643686
24,44,13.732327432339654
24,45,12.052088390599879
24,46,11.253097344782107
24,47,14.898128378477235
24,48,16.271953813999556
24,49,14.834494181247553
24,50,16.197091510766548
24,51,19.458798142147472
24,52,19.851244421743385
24,53,19.42376797216615
24,54,21.869615020395223
24,55,24.220561796193138
24,56,24.228450484761055
24,57,25.171676498655163
24,58,28.000408096812016
24,59,29.22609492278249
24,60,29.206977793903736
24,61,31.28298389796088
24,62,33.68718771604518
24,63,34.226929799042715
24,64,34.91669705880339
24,65,37.556872739781305
25,1,40.59324994718231
25,2,37.77371890732434
25,3,36.65708656993432
25,4,33.62886368055636
25,5,32.38460627407322
25,6,30.644177659067047
25,7,28.42301401283679
25,8,26.693914495602197
25,9,26.247336713132444
25,10,22.87958064077747
25,11,21.45694053628393
25,12,20.31267861405097
25,13,18.32957994106135
25,14,16.843189653325435
25,15,15.485032463054244
25,16,14.25174653008877
25,17,12.49745780215589
25,18,10.75918735989831
25,19,9.931881964602812
25,20,8.600878474770257
25,21,6.203428753662832
25,22,5.038152173717176
25,23,5.359143039772
25,24,3.8226901324692584
25,26,3.7926799920662675
25,27,5.3602125222734
25,28,4.9295098376150515
25,29,6.1708953153263515
25,30,8.634446812191806
25,31,10.205603520354884
25,32,12.283908464021287
25,33,13.76431880152239
25,34,12.170980817498792
25,35,13.283111215348505
25,36,13.249633286524979
25,37,11.767988820951242
25,38,8.382485668125458
25,39,7.08338154227493
25,40,9.714693121313296
25,41,8.768571529048707
25,42,5.731032324621979
25,43,8.682347993603663
25,44,11.072467591125386
25,45,9.777474458462919
25,46,9.96261332664023
25,47,13.407774831846533
25,48,14.56936577690693
25,49,13.939916219517224
25,50,15.71197597287171
25,51,18.483765028867776
25,52,19.00304823892669
25,53,19.31406379000289
25,54,21.653903156978515
25,55,23.62240343413456
25,56,24.047606835717342
25,57,25.388597018654842
25,58,27.865115480927816
25,59,28.99366627307027
25,60,29.455052236233325
25,61,31.598540862840647
25,62,33.65003015234318
25,63,34.316599839878876
25,64,35.39460159823007
25,65,37.883131644907294
26,1,42.06541984590357
26,2,39.173693055650126
26,3,38.32384677617371
26,4,35.14332905387962
26,5,33.738723336127414
26,6,32.35013134767267
26,7,30.136181837463468
26,8,28.06234360302004
26,9,27.81307316849939
26,10,24.713869400104496
26,11,22.883713536977254
26,12,21.366392000425524
26,13,19.87520859281841
26,14,18.706904621490413
26,15,16.680274659315735
26,16,15.292325340568633
26,17,14.41675235749557
26,18,12.582447011666986
26,19,10.667802697878605
26,20,9.825547697062976
26,21,8.675563723920153
26,22,6.211361148540622
26,23,5.01987850213036
26,24,5.4612229984245415
26,25,3.7926799920662675
26,27,3.805812806277549
26,28,5.493885969122865
26,29,5.261227975702943
26,30,6.380809993259331
26,31,9.081370227515968
26,32,11.297648453994459
26,33,12.45521896345353
26,34,11.389546277354837
26,35,12.511834843699987
26,36,11.5681896578792
26,37,10.756778362986429
26,38,7.943194372754521
26,39,5.488745345106286
26,40,8.679632819918895
26,41,9.28229901569591
26,42,6.7133082429289574
26,43,8.485842016880328
26,44,11.675018089224897
26,45,11.525991069705213
26,46,11.1210261596093
26,47,14.053026420870514
26,48,16.01957935704634
26,49,15.834621374213684
26,50,16.90064471854689
26,51,19.65313939670775
26,52,20.83424732926042
26,53,21.09246655981056
26,54,22.932285032146883
26,55,25.184126344560198
26,56,25.988779093682783
26,57,26.976262240652495
26,58,29.27932413264096
26,59,30.81302267768591
26,60,31.376222583029673
26,61,33.16967715301512
26,62,35.294500495617015
26,63,36.29890193679528
26,64,37.25294878817555
26,65,39.52289908443179
27,1,43.64835092773875
