1,2,3.8241967795606633
1,3,6.862088690632136
1,4,8.929379650855497
1,5,11.878479530136326
1,6,15.248657129159303
1,7,18.967933243868263
1,8,20.68521526419957
1,9,24.429960290743587
1,10,26.04701730198496
1,11,29.430287519616698
1,12,31.76106268377208
1,13,33.80884115197824
1,14,37.434290604300784
1,15,37.90226185183421
1,16,41.705784789981685
1,17,41.902021695468164
1,18,44.331721039904984
1,19,42.754169023740815
1,20,39.25562503178639
1,21,37.571404537008085
1,22,34.394215718482364
1,23,34.3791828822708
1,24,31.846875875072513
1,25,30.700180589765047
1,26,27.902033341701422
1,27,25.192098035044996
1,28,22.16856032030117
1,29,20.068698526662246
1,30,16.607758047300536
1,31,16.39994952212833
1,32,13.186549538697141
1,33,12.676194221435596
1,34,11.371483773952004
1,35,11.91764027692091
1,36,14.20068681639102
1,37,16.41880987626839
1,38,19.11990220432477
1,39,17.8926357057102
1,40,15.877271680196312
1,41,16.406727206823756
1,42,16.978328782290497
1,43,17.90605551529625
1,44,18.384243428989496
1,45,20.09327456826655
1,46,23.164881593865076
1,47,23.678690460038748
1,48,25.499051811410443
1,49,24.594802626201513
1,50,21.587086257011233
1,51,21.551243636756517
1,52,20.780360813106316
1,53,21.232551693364353
1,54,21.163953928468562
1,55,18.640203978804273
1,56,21.56401770455808
1,57,22.05368229253415
1,58,25.52290005055339
1,59,27.25451587619765
1,60,27.63572961982046
1,61,31.214254911657015
1,62,32.348144419387935
1,63,35.761408346114216
1,64,34.996133424287585
1,65,32.62232850897953
1,66,35.31181085609665
1,67,36.68215578069432
1,68,33.45594263611424
1,69,31.383384826309495
1,70,32.634378837062194
1,71,32.237512122428605
1,72,28.66503517545129
1,73,27.767468305559547
1,74,29.778430483224685
1,75,28.026716055351116
1,76,24.520869186834258
1,77,25.85922207002139
1,78,27.804284645929293
1,79,24.84050810179742
1,80,22.871229771144087
1,81,25.944305624403
1,82,26.816104803122435
1,83,23.77611513593464
1,84,21.371678442036817
1,85,22.47184177748494
1,86,22.4403945076285
1,87,19.207962262138736
1,88,17.618733384817464
1,89,17.958185435755848
1,90,17.722923162837613
1,91,15.149073480678952
1,92,16.716031606772635
1,93,20.132280332824447
1,94,21.303954995332894
1,95,20.538460907729302
1,96,22.888699532703058
1,97,22.52035107102806
1,98,25.238465636400726
1,99,24.58389319991452
1,100,26.19402808360159
1,101,28.698819904818702
1,102,29.597087122437845
1,103,28.223220622096676
1,104,26.905068223205408
1,105,23.67712892721262
1,106,23.108055364461617
1,107,19.501473586693166
1,108,18.45476334372243
1,109,14.826082060465069
1,110,14.626918021226674
1,111,12.568502971016512
1,112,13.722893686956313
1,113,15.962277160448897
2,1,3.8241967795606633
2,3,3.8577834572009087
2,4,6.613486095755722
2,5,8.927030809891658
2,6,12.552324002389556
2,7,16.1465242433442
2,8,17.897283123186984
2,9,21.68696102466218
2,10,23.320711560958728
2,11,26.855031580033305
2,12,29.18238202768358
2,13,31.511199835466908
2,14,35.15772490248911
2,15,35.94667433007873
2,16,39.6874940575047
2,17,39.75431716482989
2,18,42.3113310131214
2,19,40.68333267055234
2,20,37.10680607957275
2,21,35.397948233689604
2,22,32.08658151622
2,23,31.74753284650885
2,24,29.040311745150138
2,25,27.689302259981954
2,26,24.720943705347988
2,27,22.013303622990325
2,28,18.81031614086456
2,29,16.743983324412163
2,30,13.135498065350752
2,31,13.031161636224502
2,32,9.838388064046889
2,33,10.080614851260236
2,34,9.394310805428436
2,35,11.1135461920393
2,36,13.804070501308638
2,37,16.692746591959608
2,38,18.867985544859785
2,39,16.985484875298617
2,40,14.42168175751103
2,41,14.212888857639713
2,42,14.196558186629765
2,43,14.610984866381168
2,44,14.744801512027083
2,45,16.301524783385588
2,46,19.41984650923656
2,47,20.10647923839254
2,48,21.994905345584396
2,49,21.363277477232273
2,50,18.602289112562115
2,51,18.967769577140682
2,52,18.755819649743913
2,53,19.668715915362338
2,54,20.258291261628777
2,55,18.115135133761356
2,56,21.249218736758714
2,57,21.39291567930221
2,58,24.613159565657288
2,59,26.558024744885007
2,60,26.583738506144737
2,61,30.304160825649543
2,62,31.323794915534453
2,63,34.53703784071074
2,64,33.4708825576574
2,65,30.97433216722961
2,66,33.688742497645464
2,67,34.71770747516159
2,68,31.323966420851892
2,69,29.53315363512714
2,70,30.671344138717274
2,71,29.89360391082168
2,72,26.360327252718953
2,73,25.726426691877045
2,74,27.471271255977715
2,75,25.390967149723153
2,76,22.070570466486412
2,77,23.576872528514013
2,78,25.155346655117967
2,79,21.95620879272053
2,80,20.314228550608867
2,81,23.439444694504935
2,82,23.925221482422195
2,83,20.675616614110027
2,84,18.584847392143594
2,85,19.986145580289154
2,86,20.499906771948716
2,87,17.481839842860346
2,88,15.712626703572447
2,89,16.49886812952597
2,90,16.351179874069192
2,91,14.29546561007417
2,92,16.226299555961127
2,93,19.398592453315782
2,94,19.99432340519251
2,95,19.327640762020785
2,96,21.444421314392198
2,97,20.997971849194453
2,98,23.59981741492469
2,99,22.655888444152136
2,100,24.403383274687513
2,101,26.53859290376294
2,102,27.613660262481794
2,103,25.946756150370735
2,104,24.79523837292822
2,105,21.452392160707383
2,106,21.007447248694213
2,107,17.426795315803176
2,108,16.50734509995459
2,109,13.007380491963358
2,110,12.589976299618025
2,111,10.920130977648936
2,112,12.223302422178902
2,113,15.175296095925285
3,1,6.862088690632136
3,2,3.8577834572009087
3,4,3.8396151115354358
3,5,6.3269503830946965
3,6,9.850860734129615
3,7,13.294339813653794
3,8,14.54166490750181
3,9,18.273514782716394
3,10,19.657080745729324
3,11,23.15120656675574
3,12,25.379586565604818
3,13,27.70636987011818
3,14,31.337190782562466
3,15,32.15886292876709
3,16,35.88723086715105
3,17,35.988173157534774
3,18,38.61341745980187
3,19,37.072136327358656
3,20,33.51910718904608
3,21,31.69444831198072
3,22,28.410100217588315
3,23,28.09452264405033
3,24,25.489440456285834
3,25,24.066687630130215
3,26,21.239706918114496
3,27,18.733283649078736
3,28,15.716747848106142
3,29,14.15116143660019
3,30,10.765516744602156
3,31,9.822999568994888
3,32,6.3808956186154395
3,33,6.228779113564779
3,34,5.959173504084127
3,35,8.338548576781337
3,36,11.426104972814054
3,37,14.641815649675793
3,38,16.2095271355066
3,39,13.846610598052454
3,40,10.94492528228146
3,41,10.532351305670279
3,42,10.36877009976367
3,43,11.09109520472025
3,44,11.7181945391914
3,45,13.89059790053791
3,46,16.69720343946023
3,47,16.906835005748967
3,48,18.828846778640322
3,49,17.890817842004793
3,50,14.980424216988503
3,51,15.160726127380409
3,52,15.050618217757215
3,53,16.042389422884767
3,54,16.963807060797908
3,55,15.103233656779096
3,56,18.345917039344485
3,57,18.36713993989331
3,58,21.43274400866546
3,59,23.629713926270952
3,60,23.628165426815325
3,61,27.42825630931369
3,62,28.19017401762207
3,63,31.305264004298344
3,64,30.026499101071792
3,65,27.613133688122865
3,66,30.469260478476482
3,67,31.376088358904994
3,68,27.999685657285433
3,69,26.425227388961087
3,70,27.7791519329774
3,71,26.85069014904049
3,72,23.242862032141343
3,73,22.975070569547327
3,74,24.847325093080805
3,75,22.59682899621462
3,76,19.413391019858892
3,77,21.379077649591498
3,78,22.933359944585202
3,79,19.706224826737188
3,80,18.52515523652879
3,81,21.926925959361345
3,82,22.330296086601425
3,83,19.09454841986097
3,84,17.541292432326532
3,85,19.60862971061681
3,86,20.48297643200892
3,87,17.991784133556134
3,88,15.563902009883815
3,89,16.043685969800084
3,90,15.238685570901033
3,91,13.243299617692042
3,92,14.750999500857548
3,93,17.44837063376611
3,94,17.452195500031454
3,95,16.433825513631664
3,96,18.16515492569689
3,97,17.472071637624236
3,98,19.931630004487708
3,99,18.87532164706138
3,100,20.708095556649006
3,101,22.737265548097714
3,102,23.807158672265953
3,103,22.109740754228294
3,104,21.064284132663015
3,105,17.784513832824928
3,106,17.635553088344857
3,107,14.229679623648183
3,108,13.897070268608477
3,109,10.787378599090939
3,110,11.169798848011919
3,111,10.706852712991331
3,112,12.923990670847537
3,113,16.14023695114127
4,1,8.929379650855497
4,2,6.613486095755722
4,3,3.8396151115354358
4,5,3.7681149754119003
4,6,6.70089150514315
4,7,10.325484807829051
4,8,11.773702705700078
4,9,15.505167292477067
4,10,17.27113014907111
4,11,20.708323512132438
4,12,23.293009562700586
4,13,25.488648345008748
4,14,29.195551771685967
4,15,30.003511191680616
4,16,33.71906070857885
4,17,33.56665704674287
4,18,35.97144895252545
4,19,34.216988819675585
4,20,30.629798111803954
4,21,29.07273241187031
4,22,25.74715506725932
4,23,25.568416921302703
4,24,22.963306341578555
4,25,22.00998981078279
4,26,19.272686684323418
4,27,16.510431717377646
4,28,13.822671006180194
4,29,12.096642246832586
4,30,9.28571191070548
4,31,8.32071117374294
4,32,5.852492653786533
4,33,5.293232814064124
4,34,6.779933460829077
4,35,8.689240107353854
4,36,12.32456794045631
4,37,15.21076474569861
4,38,16.18446959620279
4,39,13.485197817765457
4,40,10.212357413418887
4,41,10.42667919615634
4,42,9.593435800072747
4,43,10.957766553525401
4,44,11.582696772875204
4,45,14.258158434941391
4,46,16.35746214583543
4,47,16.455997590344253
4,48,18.92807151118132
4,49,17.81134233888308
4,50,14.883246220790891
4,51,14.440327413227456
4,52,14.466715971044632
4,53,14.81097925304828
4,54,15.7457022534044
4,55,13.540429522992703
4,56,16.333076581752742
4,57,15.707522118098133
4,58,18.59101239851257
4,59,20.47638389810135
4,60,20.198319774242112
4,61,23.967498868405542
4,62,24.983130896545152
4,63,28.084536112365473
4,64,27.009729234427503
4,65,24.407604941906612
4,66,27.08565134074834
4,67,28.11842105968947
4,68,24.75733525974835
4,69,22.94378085288267
4,70,24.21658293148927
4,71,23.520476545922087
4,72,19.91342045406909
4,73,19.386863694026648
4,74,21.40760743156186
4,75,19.427410278148898
4,76,16.05842441769258
4,77,17.969926260223424
4,78,19.86349140337218
4,79,16.912258098267618
4,80,15.54598804440367
4,81,19.063251164028138
4,82,19.900160224313343
4,83,17.026710320246885
4,84,15.425030290474526
4,85,17.73052386169227
4,86,18.36004644266987
4,87,16.27077720393717
4,88,13.299261738894488
4,89,13.139845634273593
4,90,11.79519649534118
4,91,9.742700813403847
4,92,11.110568226101774
4,93,13.6727331016886
4,94,13.67359825094663
4,95,12.92669728585773
4,96,15.00368464338871
4,97,14.89502729490341
4,98,17.786796018070767
4,99,17.349952077156587
4,100,19.752576209250872
4,101,21.65698415065111
4,102,22.16001904714752
4,103,20.195359609719105
4,104,18.60468879577392
4,105,15.132802395161265
4,106,14.429176372036501
4,107,10.826955298533683
4,108,10.18135626646706
4,109,7.003803991087833
4,110,7.928552964548162
4,111,8.282989620908577
4,112,11.308563530289593
4,113,14.289678744379957
5,1,11.878479530136326
5,2,8.927030809891658
5,3,6.3269503830946965
5,4,3.7681149754119003
5,6,3.712942594056229
5,7,7.219609693729037
5,8,9.310274121103577
5,9,13.109527296436184
5,10,15.318330045085768
5,11,18.952549923521552
5,12,21.770148204280407
5,13,24.303613304683942
5,14,28.036871898095228
5,15,29.282645471233636
5,16,32.85307217924116
5,17,32.35545359409576
5,18,34.75658918871528
5,19,32.77573281837351
5,20,29.077943320847584
5,21,27.728697373222463
5,22,24.201308319519253
5,23,23.566853145050594
5,24,20.62581823483192
5,25,19.677509731573203
5,26,16.619034003525297
5,27,13.540271438714957
5,28,10.597450721115527
5,29,8.444005492820033
5,30,5.655881474741413
5,31,5.4677367583901315
5,32,4.5505336342939655
5,33,6.0335951649385136
5,34,8.925833777881737
5,35,11.54013308901058
5,36,15.124425530617465
5,37,18.19961279646093
5,38,18.646823657131783
5,39,15.495775989287475
5,40,11.876497425433106
5,41,11.28943192212554
5,42,9.151961693242532
5,43,9.638839379279382
5,44,9.277580817518139
5,45,11.753908808117242
5,46,13.468464773863706
5,47,14.040526808441864
5,48,16.981076377926353
5,49,16.376505046667262
5,50,14.027522073676899
5,51,14.019018502358103
5,52,14.987944971010371
5,53,15.65344941975621
5,54,17.28806195852993
5,55,15.4997803193325
5,56,18.057212814668127
5,57,16.777455501484344
5,58,19.081588368781023
5,59,20.85229802021135
5,60,19.916201969489848
5,61,23.67204686850136
5,62,24.78565805298596
5,63,27.557476462187907
5,64,26.307085992075876
5,65,23.422874368394986
5,66,25.882527786125358
5,67,26.517041244638616
5,68,22.93901452753488
5,69,21.339841327422715
5,70,22.206912784213404
5,71,21.125651739877497
5,72,17.689618548974572
5,73,17.230959966545477
5,74,18.754633782732803
5,75,16.492118239179966
5,76,13.28851488750809
5,77,15.149872392690048
5,78,16.607837527617857
5,79,13.432610805429093
5,80,12.292423182510527
5,81,15.797519500127335
5,82,16.315550458855064
5,83,13.33804858860566
5,84,12.026267564996859
5,85,14.667417228707652
5,86,15.786186290592514
5,87,14.170410753198105
5,88,11.040808472167848
5,89,11.343807607665259
5,90,10.300190492060699
5,91,9.443223942274077
5,92,11.41242263437638
5,93,13.48773835938098
5,94,12.890663322861787
5,95,12.827865012248779
5,96,14.769217844935971
5,97,15.033378127288469
5,98,17.865984574172707
5,99,17.39160576643108
5,100,20.138035964125326
5,101,21.413301691883998
5,102,21.86662532728096
5,103,19.366628115844456
5,104,17.723301418242688
5,105,14.039179881535812
5,106,13.040317170807135
5,107,9.490115292450927
5,108,8.499261678542354
5,109,5.8186458434469195
5,110,5.875391009495279
5,111,7.153075385714624
5,112,10.076913102651554
5,113,13.3754405733087
6,1,15.248657129159303
6,2,12.552324002389556
6,3,9.850860734129615
6,4,6.70089150514315
6,5,3.712942594056229
6,7,3.7467254973173243
6,8,6.301650266001897
6,9,9.95257985323292
6,10,12.650331777373953
6,11,16.19002512829194
6,12,19.337064594992558
6,13,21.82755439141313
6,14,25.566831593062158
6,15,26.948490530254173
6,16,30.406678512220953
6,17,29.600838471739486
6,18,31.82400192692798
6,19,29.631481460873207
6,20,25.896609319616303
6,21,24.826138210693507
6,22,21.23608181302828
6,23,20.56393967032748
6,24,17.564364555983694
6,25,17.072933600451908
6,26,14.119005289860466
6,27,10.808342717760747
6,28,8.437086520191937
6,29,6.368925602268272
6,30,5.396855630152481
6,31,5.177388091677902
6,32,6.51138736205067
6,33,7.617866182887255
6,34,11.138349993126802
6,35,13.399179477420073
6,36,16.96116925409005
6,37,19.775478322705272
6,38,19.58904916074736
6,39,16.216126316838626
6,40,12.571621259215245
6,41,12.179775530368332
6,42,9.432870358802337
6,43,10.164930062563819
6,44,9.741605583669962
6,45,12.424744602260095
6,46,13.069939983510084
6,47,13.43988457635161
6,48,16.78632073824916
6,49,16.115693049371128
6,50,14.077097337893074
6,51,13.638792261502829
6,52,14.977667642367388
6,53,15.230740627585364
6,54,17.097449370368565
6,55,15.449938650472172
6,56,17.43281421706215
6,57,15.442161470208863
6,58,17.15061092906708
6,59,18.635371609351736
6,60,17.183715158783137
6,61,20.85022264100646
6,62,22.095162963258275
6,63,24.640229994815673
6,64,23.42798603053812
6,65,20.33510609184788
6,66,22.57486219204604
6,67,23.104408515483378
6,68,19.477112713332666
6,69,17.850967498546726
6,70,18.550804029596105
6,71,17.45601591689576
6,72,14.070326684960067
6,73,13.558936393723773
6,74,15.061286995309414
6,75,12.863371689770217
6,76,9.599016513805537
6,77,11.657150921729095
6,78,13.263559133703655
6,79,10.330394508574539
6,80,9.41878231883255
6,81,13.106185487172537
6,82,13.893809753874521
6,83,11.424762113843437
6,84,10.60233802831354
6,85,13.72426232284335
6,86,14.87183686166491
6,87,14.120993643941787
6,88,10.548054337441348
6,89,10.224426940215622
6,90,8.520689146468971
6,91,8.484486027887456
6,92,10.081780312861897
6,93,11.27820653029612
6,94,10.034750834318533
6,95,10.500643714623223
6,96,12.388717881901083
6,97,13.275538237360625
6,98,16.229704823477107
6,99,16.252864745142265
6,100,19.45032916750892
6,101,20.324163319093
6,102,20.278168723358295
6,103,17.427375706781348
6,104,15.364083543529363
6,105,11.58572824978891
6,106,9.985728712616202
6,107,6.536470219900372
6,108,5.281402738528493
6,109,3.991529354780667
6,110,4.809354385775715
6,111,7.852216663675915
6,112,11.020621620531083
6,113,13.840727380383164
7,1,18.967933243868263
7,2,16.1465242433442
7,3,13.294339813653794
7,4,10.325484807829051
7,5,7.219609693729037
7,6,3.7467254973173243
7,8,3.741391425959369
7,9,6.8292237827272535
7,10,10.023223067142835
7,11,13.493141215788626
7,12,16.84901719368079
7,13,19.50227646969931
7,14,23.171678117007676
7,15,24.906326203176842
7,16,28.153830042668602
7,17,27.017539992539177
7,18,29.181775419000243
7,19,26.81830927463682
7,20,23.039292232508767
7,21,22.18700288713133
7,22,18.493093395999278
7,23,17.465552693746467
7,24,14.261783752632704
7,25,14.011416213993037
7,26,11.029288479102336
7,27,7.498751293691926
7,28,5.804262395815918
7,29,4.378593098330385
7,30,5.939330940163176
7,31,5.77189583412859
7,32,8.69550185958548
7,33,9.985248747778062
7,34,13.73205471367648
7,35,16.0144448739234
7,36,19.360049779276668
7,37,22.102832055822454
7,38,21.34553980094348
7,39,17.775201804787425
7,40,14.222361755709544
7,41,13.519357578565955
7,42,10.219657958947263
7,43,10.567574297170728
7,44,9.825723949870866
7,45,12.329396593082997
7,46,11.837404062159345
7,47,12.092883148366356
7,48,15.71025557561875
7,49,15.23462260452589
7,50,13.855068387851022
7,51,13.420512240420805
7,52,15.397412958199215
7,53,15.663676435372945
7,54,17.983702803792504
7,55,16.852654723838683
7,56,18.417591702346463
7,57,15.93302035788936
7,58,16.834187655392515
7,59,18.187209157429145
7,60,16.15497344797355
7,61,19.639497714859875
7,62,20.79030718575121
7,63,22.879189291315818
7,64,21.456395410278933
7,65,18.205673190181198
7,66,20.22162760228088
7,67,20.305607701022883
7,68,16.547192985910876
7,69,15.293535335100765
7,70,15.719585206233583
7,71,14.165256572624386
7,72,10.958325895399442
7,73,10.860391037577912
7,74,11.932972576728922
7,75,9.33676548598454
7,76,6.48104910164845
7,77,9.077219169556571
7,78,10.20871671792282
7,79,7.321505066003033
7,80,7.531755331498766
7,81,11.159203331740597
7,82,11.67135448724695
7,83,9.67808293064885
7,84,9.99398710934195
7,85,13.565109332751069
7,86,15.125215094047089
7,87,15.291992349296095
7,88,11.757739465308738
7,89,11.389319184204528
7,90,9.612072115136494
7,91,10.604077769434
7,92,11.776150182546873
7,93,11.856728337212544
7,94,9.648548007147248
7,95,10.538613098857384
7,96,11.745118365897858
7,97,12.936216548489414
7,98,15.550937326710875
7,99,15.71633803759441
7,100,19.14855707799394
7,101,19.356435397704537
7,102,19.051300331103178
7,103,15.782812785977573
7,104,13.64535269230338
7,105,9.994205021538486
7,106,8.150663347741286
7,107,5.766209995362029
7,108,5.15007400009784
7,109,6.383520721409826
7,110,7.141003375316765
7,111,10.632215722871482
7,112,13.422082274240728
7,113,15.96047990444019
8,1,20.68521526419957
8,2,17.897283123186984
8,3,14.54166490750181
8,4,11.773702705700078
8,5,9.310274121103577
8,6,6.301650266001897
8,7,3.741391425959369
8,9,3.8086569128872014
8,10,6.426302422747842
8,11,9.992933851244326
8,12,13.220003087593012
8,13,15.885280423873017
8,14,19.574379988864642
8,15,21.31069495144593
8,16,24.59018183484677
8,17,23.623418991140902
8,18,25.9784401014263
8,19,23.85885619035813
8,20,20.113448757233616
8,21,18.904884415931374
8,22,15.235974697845888
8,23,14.326036867870405
8,24,11.358159371196145
8,25,10.900502446722014
8,26,8.344431910797649
8,27,5.557258854405004
8,28,5.252401636110233
8,29,6.389577892260665
8,30,8.233745548421762
8,31,6.373688666179922
8,32,9.267392033020602
8,33,9.750041808110344
8,34,13.377257801395421
8,35,15.40527081368502
8,36,18.353887009291157
8,37,20.92904445940135
8,38,19.584257294244406
8,39,15.920022903728322
8,40,12.628996226620895
8,41,11.831143359844328
8,42,8.538245663091468
8,43,9.374395743117994
8,44,9.625780541908545
8,45,12.611056316524401
8,46,11.5440137385654
8,47,10.635938259414338
8,48,13.950277937828677
8,49,12.87301563627459
8,50,11.506456134057988
8,51,10.56723455713367
8,52,12.722405892168796
8,53,12.939417460317406
8,54,15.611970578585272
8,55,15.120981028196425
8,56,16.54118399984617
8,57,14.074627631308605
8,58,14.548161630395635
8,59,16.34217143127933
8,60,14.476424078555977
8,61,17.9943351105152
8,62,18.537511240056624
8,63,20.476602107817854
8,64,18.632197394043807
8,65,15.646025959821444
8,66,18.06377421376691
8,67,17.967532606779585
8,68,14.273912331666699
8,69,13.560492598086386
8,70,14.671321085597421
8,71,12.844813437779996
8,72,9.396254997941316
8,73,10.478716712295826
8,74,11.981713647220428
8,75,9.157087843883357
8,76,7.184842595569667
8,77,10.677287933173666
8,78,11.662887977623756
8,79,9.290741603205309
8,80,10.505406662063866
8,81,13.891929129897132
8,82,14.173343086116118
8,83,12.460075270459358
8,84,13.444631339589154
8,85,17.10987898242
8,86,18.776941649552604
8,87,19.033255328930686
8,88,15.479383015135923
8,89,14.869251571002662
8,90,12.617555526560635
8,91,13.102156254901487
8,92,13.352632859204725
8,93,12.748176628886702
8,94,9.758397180603001
8,95,9.613849281134572
8,96,9.598533176204091
8,97,10.218218545367586
8,98,12.322039950743733
8,99,12.368895422362932
8,100,15.857439495544984
8,101,15.79190644522609
8,102,15.40708649236556
8,103,12.065559667751485
8,104,10.10418112399275
8,105,6.56286445347797
8,106,5.644105202924164
8,107,4.6542353468095925
8,108,6.500055384019853
8,109,8.555617807861523
8,110,10.409023007639542
8,111,13.9269942448976
8,112,16.952443332002353
8,113,19.51081790072198
9,1,24.429960290743587
9,2,21.68696102466218
9,3,18.273514782716394
9,4,15.505167292477067
9,5,13.109527296436184
9,6,9.95257985323292
9,7,6.8292237827272535
9,8,3.8086569128872014
9,10,3.763655978045034
9,11,6.797404645029212
9,12,10.337214969536422
9,13,13.000043402465325
9,14,16.564451981807377
9,15,18.605978031645034
9,16,21.630627226183865
9,17,20.327745714892213
9,18,22.599008858478573
9,19,20.35594156156803
9,20,16.591292533439727
9,21,15.565135589370907
9,22,11.823789928823231
9,23,10.663814935408881
9,24,7.6423631439576285
9,25,7.83007691503764
9,26,6.0430895148501245
9,27,4.2822615980664605
9,28,6.539440088347114
9,29,8.749257248724826
9,30,11.465069123872542
9,31,9.798935181194599
9,32,12.83735633922961
9,33,13.131260173628187
9,34,16.57433395635673
9,35,18.326642021372603
9,36,20.959911729645604
9,37,23.257718709796457
9,38,21.394289840271973
9,39,17.801537973544413
9,40,14.93724144571245
9,41,14.196354757988892
9,42,11.093957115609658
9,43,11.84205016698494
9,44,12.170115242355118
9,45,14.832835646278248
9,46,12.865074356723614
9,47,11.507319356049958
9,48,14.565029825046436
9,49,13.43940758593248
9,50,12.760984294929614
9,51,11.559291157516281
9,52,13.926062190608253
9,53,13.884350585904093
9,54,16.694542639039433
9,55,16.724528802796875
9,56,17.534246798560073
9,57,14.738489334637006
9,58,14.218550789898627
9,59,15.796341490024757
9,60,13.502854363566955
9,61,16.60151547454699
9,62,16.84211507494334
9,63,18.182017954948268
9,64,16.058864021737264
9,65,13.065269495100036
9,66,15.298202142919756
9,67,14.684968531544557
9,68,10.95861792064946
9,69,10.954087354785733
9,70,12.105355108430482
9,71,9.785860042358928
9,72,6.5991865538669225
9,73,8.86292305119002
9,74,10.113574418761232
9,75,7.234852877515728
9,76,6.797294015226001
9,77,10.49217688719132
9,78,11.0397245766473
9,79,9.614021751718916
9,80,11.714834031723354
9,81,14.534871156470585
9,82,14.706736785846592
9,83,13.78271029248329
9,84,15.453358423801657
9,85,19.127009533245023
9,86,20.85213123523504
9,87,21.668071920165016
9,88,18.180968140568517
9,89,17.36572428483498
9,90,14.998939772237707
9,91,15.843255877566877
9,92,15.632008575098022
9,93,14.170644560523838
9,94,10.651549356485182
9,95,10.608151845744299
9,96,9.581372279228079
9,97,10.403133305848609
9,98,11.780555553136727
9,99,12.19590156151415
9,100,15.739749862203983
9,101,14.930412110200255
9,102,14.02146872082841
9,103,10.363384710394696
9,104,8.306977994562953
9,105,5.695238271448604
9,106,5.039278456371639
9,107,6.57970761018328
9,108,8.806006509873125
9,109,11.709534884887198
9,110,13.594062150185952
9,111,17.264001272426718
9,112,20.188064286066307
9,113,22.47948081261143
10,1,26.04701730198496
10,2,23.320711560958728
10,3,19.657080745729324
10,4,17.27113014907111
10,5,15.318330045085768
10,6,12.650331777373953
10,7,10.023223067142835
10,8,6.426302422747842
10,9,3.763655978045034
10,11,3.7895867692647434
10,12,6.829497304444878
10,13,9.743908278505458
10,14,13.333418703335662
10,15,15.463738936253467
10,16,18.535136622477243
10,17,17.586176257476133
10,18,20.24791691344299
10,19,18.487644115506505
10,20,14.874012688578103
10,21,13.141131538822954
10,22,9.52838420601072
10,23,8.464345516722611
10,24,6.147579793316763
10,25,5.462773202839969
10,26,5.116785422153305
10,27,5.860388531002246
10,28,8.475897072656913
10,29,11.523785477663953
10,30,13.862760280912733
10,31,11.461671921129872
10,32,14.067323039167068
10,33,13.875083621878224
10,34,16.866826841999615
10,35,18.388040685172047
10,36,20.469345684328864
10,37,22.58266074999561
10,38,20.247570672459617
10,39,16.748033660802577
10,40,14.400305603506041
10,41,13.471061321225637
10,42,10.828047150075733
10,43,11.747602541100903
10,44,12.852267268592826
10,45,15.608168826154575
10,46,13.448135643286117
10,47,11.092917215256284
10,48,13.360575676131614
10,49,11.633175476792342
10,50,11.182439247028709
10,51,9.622798027179456
10,52,12.073507617079152
10,53,12.171173634098656
10,54,15.282689151860225
10,55,16.13534658842409
10,56,16.885479538848923
10,57,14.489247671964426
10,58,13.605626853187756
10,59,15.73611015633581
10,60,13.968598234802402
10,61,16.903833879218762
10,62,16.286009430371628
10,63,17.379100418061494
10,64,14.649335002721509
10,65,12.332522187316947
10,66,15.065414524113493
10,67,14.170430898360742
10,68,10.867803582892307
10,69,11.775606678887794
10,70,13.65558271658578
10,71,11.248428307205593
10,72,8.482548465395947
10,73,11.533331664497204
10,74,12.933400260231949
10,75,10.270984724048313
10,76,10.43415133064522
10,77,14.093893215777866
10,78,14.460951029346713
10,79,13.139521415688826
10,80,15.442988650916227
10,81,18.19756145592163
10,82,18.10340208174468
10,83,17.05494495607269
10,84,18.922120335459372
10,85,22.644280109049706
10,86,24.50671770116498
10,87,25.176152805387055
10,88,21.679885843554246
10,89,20.902965529861184
10,90,18.399937427666156
10,91,18.820250630988053
10,92,18.228767458733557
10,93,16.65718659199156
10,94,13.037438132639336
10,95,12.029201534446933
10,96,9.86492287687471
10,97,9.533022163663583
10,98,9.681145013901313
10,99,9.608490351554941
10,100,12.878927510419969
10,101,11.529625789547904
10,102,10.685938257717677
10,103,6.92086886753286
10,104,5.796645324232338
10,105,4.612574194696563
10,106,6.374730736642652
10,107,8.759595079377297
10,108,11.801247228969464
10,109,14.478328242691646
10,110,16.73903318326514
10,111,20.31464517085201
10,112,23.37071186053975
10,113,25.83635638308578
11,1,29.430287519616698
11,2,26.855031580033305
11,3,23.15120656675574
11,4,20.708323512132438
11,5,18.952549923521552
11,6,16.19002512829194
11,7,13.493141215788626
11,8,9.992933851244326
11,9,6.797404645029212
11,10,3.7895867692647434
11,12,3.8127263358539385
11,13,6.310551198938432
11,14,9.7864217124649
11,15,12.111038139179797
11,16,14.963753713519605
11,17,13.820981966549555
11,18,16.488406187236954
11,19,14.837089828230202
11,20,11.323920880225794
11,21,9.40127402597362
11,22,5.840919461642432
11,23,5.110555340247948
11,24,4.355996711712379
11,25,4.908741571911882
11,26,6.972396919215779
11,27,8.865707924868772
11,28,12.000839712153358
11,29,15.09525770888689
11,30,17.617409271659653
11,31,15.242288485335743
11,32,17.72787841940457
11,33,17.21696959602767
11,34,19.946894045156757
11,35,21.053567223974866
11,36,22.78709703830165
11,37,24.487254017054433
11,38,21.729376609845776
11,39,18.52896792341109
11,40,16.762491998063986
11,41,16.160725463570706
11,42,14.021450430526412
11,43,15.13269762602349
11,44,16.43485243071419
11,45,19.0600774951905
11,46,16.628542453362883
11,47,14.03854797186674
11,48,15.757307710083543
11,49,13.852499388364334
11,50,13.728587658014915
11,51,11.826599322676236
11,52,13.85081329899123
11,53,13.468620571294188
11,54,16.313404534523986
11,55,17.591706055265956
11,56,17.683690944879853
11,57,15.234612298390463
11,58,13.457491581632482
11,59,15.35364226499343
11,60,13.594521903828456
11,61,15.873693229458482
11,62,14.665680755329632
11,63,15.070339663656776
11,64,11.94458930760982
11,65,10.151248714050634
11,66,12.828807329021211
11,67,11.489754187511451
11,68,8.771212030533475
11,69,10.660384026012832
11,70,12.91176285322879
11,71,10.607179592723742
11,72,8.700621902718778
11,73,12.28228674237742
11,74,13.660106559242156
11,75,11.646449002925106
11,76,12.58771328818472
11,77,16.004894204961705
11,78,16.328678174703754
11,79,15.73832778605599
11,80,18.19902799712896
11,81,20.61799019142287
11,82,20.634482944839878
11,83,20.07627542664197
11,84,22.116610430746594
11,85,25.785216979905044
11,86,27.538351996954958
11,87,28.455152701741234
11,88,24.93935610121936
11,89,23.90038315981462
11,90,21.21175814225192
11,91,21.64349646153697
11,92,20.606780034227477
11,93,18.50642262372478
11,94,14.782817359720212
11,95,13.652873317494848
11,96,10.798116049981035
11,97,10.459491276378666
11,98,9.619980532178072
11,99,10.100399025092445
11,100,13.006127067502117
11,101,11.0264478698666
11,102,9.338888624608765
11,103,5.815117889256059
11,104,5.052398917918063
11,105,6.326388350185903
11,106,8.227562421683945
11,107,11.488581218273346
11,108,14.598660841355228
11,109,17.59796024551725
11,110,20.041919219841283
11,111,23.70416006348676
11,112,26.814068673028885
11,113,29.076997662641617
12,1,31.76106268377208
12,2,29.18238202768358
12,3,25.379586565604818
12,4,23.293009562700586
12,5,21.770148204280407
12,6,19.337064594992558
12,7,16.84901719368079
12,8,13.220003087593012
12,9,10.337214969536422
12,10,6.829497304444878
12,11,3.8127263358539385
12,13,3.723757301273138
12,14,6.813412056450623
12,15,9.533122531305056
12,16,12.21329563697497
12,17,11.596709434722719
12,18,14.814053499503883
12,19,13.966209932897815
12,20,11.021390347005585
12,21,8.173384250321618
12,22,5.6872057862892005
12,23,5.228543323831957
12,24,6.370861989604944
12,25,5.798961836730313
12,26,8.888113365458025
12,27,11.691991185498873
12,28,14.686835590588352
12,29,18.102251710016784
12,30,20.411335203780528
12,31,17.7499788270327
12,32,19.940755935462413
12,33,19.24746264177196
12,34,21.546282934049156
12,35,22.499433837915646
12,36,23.694355559090365
12,37,25.20093342557077
12,38,22.121177797249597
12,39,19.185649494960852
12,40,17.987756474244296
12,41,17.190069910143336
12,42,15.550136794002654
12,43,16.550442443941996
12,44,18.199090790795484
12,45,20.671885889737492
12,46,18.16764725185143
12,47,15.093437117065879
12,48,15.92851347314739
12,49,13.760382915389139
12,50,14.056759594577642
12,51,12.207560504001464
12,52,14.071110749181267
12,53,13.935994769721717
12,54,16.814640509106706
12,55,18.804963826339925
12,56,18.86481218797488
12,57,16.96656616156289
12,58,15.024699150660432
12,59,17.232610291268223
12,60,16.039764140964945
12,61,17.97404275797291
12,62,16.041815979524106
12,63,16.036939305564538
12,64,12.455664964628108
12,65,11.776468219154673
12,66,14.52696093339406
12,67,12.905367516779018
12,68,11.099664281441552
12,69,13.549618584786694
12,70,15.983782509425872
12,71,13.731104740902278
12,72,12.313550097129925
12,73,15.956868824984218
12,74,17.23250525629503
12,75,15.246122841207782
12,76,16.371361709413726
12,77,19.775014407934602
12,78,19.894840425244528
12,79,19.235526553363787
12,80,21.84852886199729
12,81,24.236404195012376
12,82,23.997421934921526
12,83,23.314321489621822
12,84,25.516357844315486
12,85,29.223771710698063
12,86,31.13491198810686
12,87,31.963981188011548
12,88,28.470539879161485
12,89,27.545258724165514
12,90,24.852535515320618
12,91,25.085281452841112
12,92,23.93550136237715
12,93,21.882563465932108
12,94,18.21504195436682
12,95,16.64167296118359
12,96,13.394129836800943
12,97,12.22215744272845
12,98,10.195035241570057
12,99,9.997385575412311
12,100,11.933446302111308
12,101,9.104371257024479
12,102,7.592115599417758
12,103,4.960617361713945
12,104,6.484908830039432
12,105,8.976306319083308
12,106,11.622963586639548
12,107,14.784568795946008
12,108,18.112795012442692
12,109,20.901248655799783
12,110,23.443832719189412
12,111,27.021804178150717
12,112,30.1625445357604
12,113,32.581104796428214
13,1,33.80884115197824
13,2,31.511199835466908
13,3,27.70636987011818
13,4,25.488648345008748
13,5,24.303613304683942
13,6,21.82755439141313
13,7,19.50227646969931
13,8,15.885280423873017
13,9,13.000043402465325
13,10,9.743908278505458
13,11,6.310551198938432
13,12,3.723757301273138
13,14,3.7530547668805148
13,15,5.92583555633855
13,16,8.813397941288887
13,17,8.480723376554593
13,18,11.708440500578645
13,19,11.350421325141488
13,20,8.90119317613574
13,21,5.408651194879588
13,22,4.469415845152194
13,23,6.229772349126031
13,24,8.809002502636424
13,25,9.282770604299609
13,26,12.463508960495208
13,27,15.010898691484783
13,28,18.030522917349664
13,29,21.254343217757665
13,30,23.50085253418071
13,31,20.737605550760943
13,32,22.68309026006013
13,33,21.529065955148702
13,34,23.56661483577229
13,35,23.98351271859704
13,36,24.902781853783498
13,37,25.896276129970378
13,38,22.542784159942382
13,39,20.03404332591496
13,40,19.389362481527044
13,41,19.176190561634783
13,42,18.058374564252375
13,43,19.55240709699127
13,44,21.502438579022833
13,45,24.165176379941823
13,46,21.80538445442044
13,47,18.677422019186093
13,48,19.38048737318894
13,49,16.934109016438047
13,50,16.877764825216694
13,51,14.520563280194503
13,52,15.602132266270829
13,53,14.741705420748634
13,54,17.003359785186994
13,55,19.14417167102867
13,56,18.53927774776987
13,57,16.73662172913593
13,58,14.205804271143217
13,59,16.152041176472903
13,60,15.336558641019678
13,61,16.641344501732405
13,62,14.118555877482603
13,63,13.665801330094494
13,64,9.909235557248644
13,65,10.28258242546282
13,66,13.024228052105665
13,67,11.643652939553416
13,68,10.904551018557322
13,69,13.447497884865747
13,70,16.304071817910952
13,71,14.736003875753653
13,72,13.653194361208346
13,73,17.140973781474237
13,74,18.75959017294979
13,75,17.405595347370316
13,76,18.4966451585652
13,77,21.755559162096944
13,78,22.239817757351787
13,79,21.971585951146487
13,80,24.365495865265316
13,81,26.71599605060157
13,82,26.830203826916552
13,83,26.378053774987187
13,84,28.405358584431255
13,85,32.06744776526417
13,86,33.71408089271285
13,87,34.56539418119198
13,88,30.96736104131321
13,89,29.688381021509695
13,90,26.72988548711059
13,91,26.747872769361255
13,92,25.124654046814285
13,93,22.745167888085703
13,94,19.190191802946615
13,95,17.38060149145087
13,96,13.809350805440085
13,97,12.66211771362449
13,98,10.124145175411718
13,99,10.749132880069718
13,100,12.259929726291434
13,101,9.658177301142574
13,102,7.018743050710923
13,103,5.995391915296691
13,104,7.1927667327571525
13,105,10.614503020084006
13,106,13.109163293920131
13,107,16.565359249442423
13,108,19.959650216427338
13,109,22.87170656686952
13,110,25.710235146037373
13,111,29.322546552085786
13,112,32.61870445665436
13,113,34.82955185408404
14,1,37.434290604300784
14,2,35.15772490248911
14,3,31.337190782562466
14,4,29.195551771685967
14,5,28.036871898095228
14,6,25.566831593062158
14,7,23.171678117007676
14,8,19.574379988864642
14,9,16.564451981807377
14,10,13.333418703335662
14,11,9.7864217124649
14,12,6.813412056450623
14,13,3.7530547668805148
14,15,3.833811110172121
14,16,5.449077264781479
14,17,5.416356799847016
14,18,9.075649394047153
14,19,9.729488820242029
14,20,8.476818008343137
14,21,4.8673955219367535
14,22,6.364927800566011
14,23,8.065441186258404
14,24,11.367356746128417
14,25,11.917591555677467
14,26,15.442319211772439
14,27,18.300304127701065
14,28,21.44603165466614
14,29,24.770914183609932
14,30,27.10541984142927
14,31,24.362452093821492
14,32,26.302374614843195
14,33,25.134253238478028
14,34,27.019774400898577
14,35,27.31841674308494
14,36,27.96583433287507
14,37,28.739036305564202
14,38,25.221825851277266
14,39,23.00363142028068
14,40,22.698844952132493
14,41,22.47709487453103
14,42,21.54567568514543
14,43,22.921433502357214
14,44,24.867837907601338
14,45,27.36051422155527
14,46,24.845094453090177
14,47,21.65189775655313
14,48,21.97552446209511
14,49,19.619954553981987
14,50,19.888684023896168
14,51,17.682754606963375
14,52,18.625245048995602
14,53,17.790486566058306
14,54,19.818476800603545
14,55,22.205368918422543
14,56,21.356360932050812
14,57,19.769212339455454
14,58,16.989281619432507
14,59,18.680306065578375
14,60,18.03669789304888
14,61,18.72828275749392
14,62,15.848443224012728
14,63,14.65504368280281
14,64,10.948755798588154
14,65,12.272208735487068
14,66,14.421126888144176
14,67,12.714761572072565
14,68,12.961415963677311
14,69,15.883995008786345
14,70,18.586687020279253
14,71,17.132496591604948
14,72,16.658007936185218
14,73,20.153146015799187
14,74,21.54635253869965
14,75,20.419770740943765
14,76,21.84774241797004
14,77,24.9490356748761
14,78,25.259177136733758
14,79,25.231044632159268
14,80,27.76470429308216
14,81,29.92080723736697
14,82,29.94868191449492
14,83,29.674582808608417
14,84,31.863962295710778
14,85,35.50896555659708
14,86,37.1939349736007
14,87,38.17014885936921
14,88,34.59952429991462
14,89,33.30169077970554
14,90,30.338587382687827
14,91,30.398911911737198
14,92,28.672024259110117
14,93,26.149930642696855
14,94,22.635868536424592
14,95,20.853088582495772
14,96,17.228634995611674
14,97,16.065511475902234
14,98,13.246901127152038
14,99,13.782428701511574
14,100,14.569773103183877
14,101,11.718072381583891
14,102,9.298779185304411
14,103,9.342376604205358
14,104,10.84651743755131
14,105,14.352850531930128
14,106,16.75674246947561
14,107,20.276964656549207
14,108,23.629549898822926
14,109,26.597583228957102
14,110,29.429734994407877
14,111,33.058399492915655
14,112,36.33883827414971
14,113,38.51610342890984
15,1,37.90226185183421
15,2,35.94667433007873
15,3,32.15886292876709
15,4,30.003511191680616
15,5,29.282645471233636
15,6,26.948490530254173
15,7,24.906326203176842
15,8,21.31069495144593
15,9,18.605978031645034
15,10,15.463738936253467
15,11,12.111038139179797
15,12,9.533122531305056
15,13,5.92583555633855
15,14,3.833811110172121
15,16,3.853371936648892
15,17,5.730866948444775
15,18,8.736699600960662
15,19,10.20494467943685
15,20,9.67783337133562
15,21,6.283415323677793
15,22,8.49918501507256
15,23,11.187166127737889
15,24,14.390339146698075
15,25,15.098188612646892
15,26,18.374229742366076
15,27,20.901472416785207
15,28,23.84047820327216
15,29,26.977196446388977
15,30,29.04230913084883
15,31,26.095286903413932
15,32,27.6538629118731
15,33,26.002796241927552
15,34,27.536235717655995
15,35,27.303748158916655
15,36,27.64142916244236
15,37,27.910796804313765
15,38,24.246529830745988
15,39,22.5108867029786
15,40,22.74770932954632
15,41,23.063805010903984
15,42,22.687206283323587
15,43,24.560957577966526
15,44,26.88941271703594
15,45,29.66815484715383
15,46,27.476083063294194
15,47,24.168896648959304
15,48,24.45372871135567
15,49,21.71788492170265
15,50,21.45038296721604
15,51,18.781554222869406
15,52,18.9657191557747
15,53,17.54885500379701
15,54,18.910582743473828
15,55,21.3767815186066
15,56,20.053019549776394
15,57,18.81475847851927
15,58,15.86630015006887
15,59,17.46208561176353
15,60,17.499271797788
15,61,17.821319156444936
15,62,14.466951718003422
15,63,13.316120473487084
15,64,9.861687054399908
15,65,12.17756313838998
15,66,14.478269546629187
15,67,13.614117981265947
15,68,14.424422073962662
15,69,16.805980311764294
15,70,19.917439818593778
15,71,19.125942240963703
15,72,18.429016623521292
15,73,21.603895209492872
15,74,23.486979605795497
15,75,22.686441395801612
15,76,23.70516731921019
15,77,26.801983254813194
15,78,27.578448144767602
15,79,27.580552192449385
15,80,29.778854271782507
15,81,32.10919848434172
15,82,32.476184126951075
15,83,32.1477352391188
15,84,34.02780763390383
15,85,37.65213340717898
15,86,39.08174832763663
15,87,39.87623774533377
15,88,36.193319726571524
15,89,34.61609150609506
15,90,31.419842714707713
15,91,31.106662413630502
15,92,28.989674073325528
15,93,26.400621581321715
15,94,23.13388664391052
15,95,20.985134938222988
15,96,17.249812957876863
15,97,15.910216544812332
15,98,12.838390588355974
15,99,13.86022598431702
