1,2,3.8312343208706836
1,3,5.421845061516935
1,4,7.480722022241313
1,5,8.821488272783858
1,6,9.543032370250902
1,7,11.517737641120846
1,8,13.45459011676318
1,9,14.583946872222638
1,10,15.77152033877674
1,11,17.622248048944407
1,12,19.311872213469464
1,13,20.174388641038412
1,14,21.701769624819207
1,15,23.85128005195771
1,16,25.331369288249572
1,17,26.91503195058293
1,18,18.80103623768108
1,19,16.78253619282942
1,20,19.52589358181934
1,21,22.43673693739151
1,22,21.48977662899225
1,23,21.280413424909433
1,24,24.51752710643607
1,25,26.225629839018502
1,26,24.958112504717015
1,27,25.77243450224811
1,28,29.428689924510035
1,29,29.73754821756146
1,30,30.642052329496853
1,31,33.12140165774147
1,32,30.459643824410932
1,33,28.739499829755403
1,34,25.97155393636664
1,35,23.955592845403363
1,36,23.459121063726627
1,37,20.030354552499272
1,38,18.927534084728297
1,39,20.122373318143357
1,40,18.293750197172663
1,41,14.836961734266174
1,42,15.751441682005886
1,43,16.641544832377253
1,44,13.093699341893524
1,45,12.608561313110902
1,46,16.09107713240559
1,47,16.822768259790426
1,48,20.472874181636012
1,49,21.748107271671316
1,50,23.466975237090143
1,51,26.76491045060684
1,52,29.499834253191388
1,53,35.62955776637276
1,54,35.410021706775495
1,55,33.777461387048774
1,56,32.277659109097634
1,57,28.80524884576512
1,58,28.535026283761148
1,59,28.484066905425973
1,60,26.027084836319474
1,61,23.44308530195163
1,62,24.243214677934972
1,63,23.765934054361857
1,64,20.415585118351217
1,65,19.177788182521454
1,66,20.340435225250697
1,67,18.65168722381762
1,68,15.206145007102744
1,69,15.791924260472866
1,70,16.822174411036457
1,71,13.804741388122382
1,72,11.636480302509446
1,73,14.37549115442139
1,74,14.380757822499463
1,75,10.635870314238986
1,76,11.021597847699294
2,1,3.8312343208706836
2,3,3.8181875016625964
2,4,5.656331628338942
2,5,5.588750021588327
2,6,6.16507100526589
2,7,8.87506320124778
2,8,10.478017024538197
2,9,11.038040328692963
2,10,12.542471704062393
2,11,14.66285497758404
2,12,15.976963712222378
2,13,16.68586234058223
2,14,18.549483191635247
2,15,20.706967006530903
2,16,21.883776249815018
2,17,23.47323470970298
2,18,16.604687351290895
2,19,14.654438504800908
2,20,17.831369399967596
2,21,20.31370358164668
2,22,18.976530881580878
2,23,19.17740744833659
2,24,22.584540280552545
2,25,23.83928207104489
2,26,22.513229117128095
2,27,23.78379726949157
2,28,27.279741890054844
2,29,27.38138860435073
2,30,28.53670663741848
2,31,30.796488653294553
2,32,27.951956474348965
2,33,26.435202322945127
2,34,23.420064671463166
2,35,21.4063396341874
2,36,21.42991661040961
2,37,18.028265484157117
2,38,16.498876126095887
2,39,18.129631673642695
2,40,16.876659329831742
2,41,13.146843666545319
2,42,13.878723469629891
2,43,15.582530994459797
2,44,12.520092292311478
2,45,11.516990433807212
2,46,15.212018131959617
2,47,16.783487428369263
2,48,20.287920855233974
2,49,21.35140711787717
2,50,22.473847961581065
2,51,25.71360708507216
2,52,28.086405112655942
2,53,32.53460369250578
2,54,32.36104133705454
2,55,30.525870174531544
2,56,29.029644936120928
2,57,25.640444704723958
2,58,25.137326829523428
2,59,24.975569543147202
2,60,22.701448564450285
2,61,20.043294370814863
2,62,20.5948657760414
2,63,20.20497023016224
2,64,16.98592419333325
2,65,15.499098795231934
2,66,16.60785318720982
2,67,15.158844047043655
2,68,11.631299780086904
2,69,12.026899948513408
2,70,13.355392886148556
2,71,10.619857864112662
2,72,8.170241828868459
2,73,11.209197934128799
2,74,11.782432323363322
2,75,8.368861912098161
2,76,8.95965997304649
3,1,5.421845061516935
3,2,3.8181875016625964
3,4,3.8139922019229497
3,5,5.673109202409583
3,6,4.996448258572752
3,7,6.267219297142504
3,8,8.89009030143784
3,9,10.173749385672437
3,10,10.67318452431507
3,11,12.493767418760946
3,12,14.608969078104986
3,13,15.333532943439955
3,14,16.481719111351204
3,15,18.771921484233022
3,16,20.470709784315556
3,17,21.921778219726093
3,18,18.182877686115688
3,19,15.586320839575329
3,20,18.517310411355208
3,21,21.085266783636587
3,22,19.284458558899576
3,23,18.915822053866602
3,24,22.52988863261098
3,25,23.723536628035124
3,26,21.841028859415434
3,27,22.829651023474696
3,28,26.350275838164336
3,29,26.079911564366952
3,30,26.788197945716586
3,31,28.911283335580247
3,32,25.99334320461807
3,33,24.0643376376227
3,34,21.111733753398987
3,35,19.49324954032445
3,36,19.192578974034763
3,37,15.55886593605781
3,38,14.721314966779865
3,39,16.61625188437141
3,40,14.901442385142433
3,41,11.371913159189704
3,42,13.117278259907723
3,43,14.829200848708675
3,44,11.819040392252898
3,45,11.919890926168053
3,46,15.710050779061321
3,47,17.444841823869165
3,48,20.654513113222418
3,49,21.07213052686626
3,50,22.11692986123582
3,51,25.012795675215642
3,52,27.27808004567651
3,53,33.016881968461945
3,54,32.40866171080896
3,55,30.433599924357242
3,56,28.50589287587001
3,57,24.92970743752389
3,58,24.350364191501544
3,59,24.769772171349622
3,60,22.638391020944567
3,61,19.60950649044716
3,62,20.500215320813684
3,63,20.733241333015595
3,64,17.414705060758685
3,65,15.668601607308625
3,66,17.516067520992376
3,67,16.599569410581086
3,68,12.827991687944511
3,69,13.320011043033675
3,70,15.494407384342185
3,71,13.161309616202287
3,72,10.61387109349269
3,73,13.806039463411244
3,74,15.019289630638989
3,75,11.902499548378364
3,76,12.348812993973958
4,1,7.480722022241313
4,2,5.656331628338942
4,3,3.8139922019229497
4,5,3.8324083636196455
4,6,5.226873195466893
4,7,5.216349801986576
4,8,6.468571832450884
4,9,8.841439002102694
4,10,9.994574891940122
4,11,10.782942582902004
4,12,12.663555068338573
4,13,14.286886387349197
4,14,15.401351623224663
4,15,17.00327001673758
4,16,18.922913937132716
4,17,20.948512428128026
4,18,15.353152531272956
4,19,12.362881211222755
4,20,15.050010727139869
4,21,17.70301227847349
4,22,15.88758553479212
4,23,15.224890334552885
4,24,18.82530342477841
4,25,20.15353593519948
4,26,18.276728207509183
4,27,19.10600885265209
4,28,22.6830018879258
4,29,22.59850723591471
4,30,23.371869867069986
4,31,25.708705588632263
4,32,22.994176793941396
4,33,21.277758875644917
4,34,18.543935295223363
4,35,16.49877435535482
4,36,16.053255769613465
4,37,12.625055777490324
4,38,11.503055858961654
4,39,13.006805566726598
4,40,11.376066208001667
4,41,7.741142033856723
4,42,9.332707979493401
4,43,11.072881149887687
4,44,8.300085140999633
4,45,8.558180200571831
4,46,12.302363561189482
4,47,14.37409724237661
4,48,17.327292004320963
4,49,17.50183936368536
4,50,18.36462567622306
4,51,21.224360407774785
4,52,23.469043433732658
4,53,30.07574623654718
4,54,29.318779315538603
4,55,27.571711642478174
4,56,25.669015283113342
4,57,22.02641344529269
4,58,21.886795465942004
4,59,22.38217445359272
4,60,19.92229976566398
4,61,17.080560365243276
4,62,18.529722760306537
4,63,18.601953666847553
4,64,15.020210540826849
4,65,13.899451896250355
4,66,16.195322525056906
4,67,14.967988104886457
4,68,11.258838322494585
4,69,12.77536912926984
4,70,14.97987103457342
4,71,12.431772702503189
4,72,10.841749527857555
4,73,14.51983791498143
4,74,15.439386259259983
4,75,12.612668983954341
4,76,11.969143166103354
5,1,8.821488272783858
5,2,5.588750021588327
5,3,5.673109202409583
5,4,3.8324083636196455
5,6,3.800406924828084
5,7,5.612961147256429
5,8,5.3856053293472375
5,9,6.38667867065047
5,10,8.76002682631583
5,11,10.09058625434729
5,12,10.893526971764112
5,13,12.35476203201829
5,14,14.340114509759571
5,15,15.874309807146657
5,16,17.09485409543627
5,17,19.219319075142312
5,18,13.005726052528304
5,19,10.548678901931305
5,20,13.863145245379338
5,21,15.937719902322327
5,22,13.994523387205957
5,23,14.238559835068271
5,24,17.840187606364037
5,25,18.694468087911392
5,26,17.14925605303029
5,27,18.694225957050786
5,28,22.039519100313086
5,29,21.980924054426005
5,30,23.321364483758458
5,31,25.486625420108844
5,32,22.63310182345709
5,33,21.41827710889507
5,34,18.384588814068323
5,35,16.11834507666665
5,36,16.52678083240586
5,37,13.389998468592008
5,38,11.282987973675652
5,39,13.12247994138703
5,40,12.596966401754162
5,41,8.781601845386307
5,42,9.205044861347382
5,43,11.828964605743105
5,44,9.785790773825687
5,45,8.603360217545248
5,46,12.23965939700783
5,47,14.890623802235963
5,48,17.82385638096451
5,49,18.273856606325158
5,50,18.596543567745464
5,51,21.581399354501603
5,52,23.50412369847917
5,53,27.457313956008864
5,54,27.032118038797066
5,55,25.152223278275837
5,56,23.52795185921522
5,57,20.084981912832614
5,58,19.725929747234318
5,59,19.717635679614645
5,60,17.34373468130681
5,61,14.628362729992043
5,62,15.59619455573336
5,63,15.368006026510775
5,64,11.923962716223354
5,65,10.677699129123488
5,66,12.571047872606263
5,67,11.271008461224943
5,68,7.523842584175037
5,69,9.039885335656768
5,70,11.181109925836813
5,71,8.816106071105919
5,72,7.4192820657714815
5,73,11.186513948400794
5,74,12.253107705886102
5,75,9.992258784040834
5,76,9.355938873035937
6,1,9.543032370250902
6,2,6.16507100526589
6,3,4.996448258572752
6,4,5.226873195466893
6,5,3.800406924828084
6,7,3.820084741857146
6,8,5.5575165069873576
6,9,5.417498171009806
6,10,6.381497432424594
6,11,8.835216516826462
6,12,10.266442044347166
6,13,10.649244681052247
6,14,12.403759013695456
6,15,14.737226611534066
6,16,15.920552989555912
6,17,17.381760071198208
6,18,16.365900590855116
6,19,13.998346386572663
6,20,17.330127681926168
6,21,19.12390550083887
6,22,16.740504891014304
6,23,16.998088211105408
6,24,20.73811074153737
6,25,21.178232980033698
6,26,19.20596697127082
6,27,20.890750361233216
6,28,24.067350667990556
6,29,23.450507403551274
6,30,24.53461698288728
6,31,26.26668112873922
6,32,23.076900988481587
6,33,21.500643301508347
6,34,18.158442322472283
6,35,16.610212786251083
6,36,17.229152306197722
6,37,13.779852877986892
6,38,12.249949867608185
6,39,14.886954263782576
6,40,14.236404043077847
6,41,10.605242509805057
6,42,11.955290292204886
6,43,14.77936009536693
6,44,12.787772574915682
6,45,12.216435155086758
6,46,15.862498272017358
6,47,18.510997688804096
6,48,21.37406943402674
6,49,21.524532970249982
6,50,21.712089055417117
6,51,24.41932953264639
6,52,26.095539268824236
6,53,29.229391235796072
6,54,28.667501384528816
6,55,26.371689245539425
6,56,24.422653564722623
6,57,20.995631046369596
6,58,19.99452086515473
6,59,20.295777643039845
6,60,18.533247613421086
6,61,15.33654209674701
6,62,15.8104748149633
6,63,16.340465913703955
6,64,13.329196874946678
6,65,11.03727974185583
6,66,12.972161405884355
6,67,12.716803851437083
6,68,8.983845322518151
6,69,9.074249800937547
6,70,11.973947898562864
6,71,10.552876308063698
6,72,7.995575192243379
6,73,11.178326567712029
6,74,13.243507537410014
6,75,11.170645337375063
6,76,11.72887618939682
7,1,11.517737641120846
7,2,8.87506320124778
7,3,6.267219297142504
7,4,5.216349801986576
7,5,5.612961147256429
7,6,3.820084741857146
7,8,3.8217683282022485
7,9,5.599240721299724
7,10,5.118621266037722
7,11,6.252435909773323
7,12,8.82056609574945
7,13,9.780443355566575
7,14,10.450294821324464
7,15,12.560452385806537
7,16,14.55908099299955
7,17,16.165352600190456
7,18,17.334971697166942
7,19,14.367813146263018
7,20,17.200181434455118
7,21,19.074450925552974
7,22,16.35358081837904
7,23,15.890814063322813
7,24,19.71458618897234
7,25,20.15498464921478
7,26,17.643351079028385
7,27,18.928428263058912
7,28,22.103624250847336
7,29,21.173264091551623
7,30,21.791743121989334
7,31,23.460108070538308
7,32,20.278317996397817
7,33,18.32377237690956
7,34,15.121604115502251
7,35,13.8629129444321
7,36,14.0748064605546
7,37,10.42988446635046
7,38,9.645091932761462
7,39,12.486354950454185
7,40,11.467929428560902
7,41,8.247723262629025
7,42,10.597166571357523
7,43,13.334124733299895
7,44,11.728126245847202
7,45,12.180592386942918
7,46,15.624761012973195
7,47,18.36847557616264
7,48,20.806614376975286
7,49,20.302887073479667
7,50,20.3408886282867
7,51,22.635978979021843
7,52,24.166719793208976
7,53,29.012480688523343
7,54,27.959755899007803
7,55,25.674838437943798
7,56,23.31069494345587
7,57,19.68233121688191
7,58,18.839819853391603
7,59,19.825730383170466
7,60,18.075116053659883
7,61,14.649569092097463
7,62,15.804197478228172
7,63,16.880358721572552
7,64,13.753709748822741
7,65,11.678602889941034
7,66,14.481578991200166
7,67,14.508823524239515
7,68,10.90129043634109
7,69,11.621011527229495
7,70,14.845818700514716
7,71,13.522736787223344
7,72,11.504432560019236
7,73,14.768465805620636
7,74,16.809128257968464
7,75,14.767453176731822
7,76,14.80696889396908
8,1,13.45459011676318
8,2,10.478017024538197
8,3,8.89009030143784
8,4,6.468571832450884
8,5,5.3856053293472375
8,6,5.5575165069873576
8,7,3.8217683282022485
8,9,3.82712064776485
8,10,5.268654784985507
8,11,4.966995016122123
8,12,6.226672886529753
8,13,8.419102420117389
8,14,9.661306520224652
8,15,10.769762896389988
8,16,12.565834716727567
8,17,14.927513269521384
8,18,14.333430676194816
8,19,11.361047158279765
8,20,14.146714628181739
8,21,15.628148658732789
8,22,12.688056509992624
8,23,12.44500586418389
8,24,16.265827419472963
8,25,16.454084527260992
8,26,14.036045240635383
8,27,15.658705727686675
8,28,18.72718675693374
8,29,17.936745869044888
8,30,18.98815032185483
8,31,20.758678164938374
8,32,17.66516602300763
8,33,16.276586482837004
8,34,13.085173248566944
8,35,11.149363528837755
8,36,11.884240509303545
8,37,8.729578546063657
8,38,6.729604438203378
8,39,9.623516373506433
8,40,9.618622963929642
8,41,6.404998985242011
8,42,7.837503762656058
8,43,11.199739632806361
8,44,10.520401395982885
8,45,10.438972275190773
8,46,13.453075131905809
8,47,16.69683791127298
8,48,18.770482044623446
8,49,18.152460874843342
8,50,17.649425051721114
8,51,19.895954279669613
8,52,21.15538537499527
8,53,25.251073196112976
8,54,24.204593068024423
8,55,22.03072253642332
8,56,19.799960621328065
8,57,16.16388590629265
8,58,15.628153711519534
8,59,16.45387936223515
8,60,14.422605128190847
8,61,11.150495424071579
8,62,12.711673525588154
8,63,13.565454090398578
8,64,10.272318527800202
8,65,8.75595811631708
8,66,11.951427055539503
8,67,11.804696246106074
8,68,8.511991437468675
8,69,10.147666017767603
8,70,13.275328162305984
8,71,12.08675097305045
8,72,11.086567532170903
8,73,14.467701437772288
8,74,16.251608845538787
8,75,14.752717922495142
8,76,14.076001682161221
9,1,14.583946872222638
9,2,11.038040328692963
9,3,10.173749385672437
9,4,8.841439002102694
9,5,6.38667867065047
9,6,5.417498171009806
9,7,5.599240721299724
9,8,3.82712064776485
9,10,3.8085189487651356
9,11,5.492314599992103
9,12,5.221396506765972
9,13,6.014865219917315
9,14,8.545705285371985
9,15,10.2085347878978
9,16,10.900701766863746
9,17,12.881703240307935
9,18,14.840435534612723
9,19,12.650062303101144
9,20,15.88630322934921
9,21,16.719745991852754
9,22,13.660119289644891
9,23,14.3930031120994
9,24,18.068213828966922
9,25,17.640674878017514
9,26,15.509475767703762
9,27,17.828423950875308
9,28,20.501185514169446
9,29,19.514017045052263
9,30,20.964312237811008
9,31,22.294867322912932
9,32,18.959039962186452
9,33,17.917680801223323
9,34,14.36232762535688
9,35,12.776708623527506
9,36,14.423733223623662
9,37,11.620155338382336
9,38,9.304682393549298
9,39,12.486694258094007
9,40,13.165267315463636
9,41,10.09890210402914
9,42,10.811094871888908
9,43,14.433232568733537
9,44,13.829185972050931
9,45,12.97750835610424
9,46,15.94961993137635
9,47,19.334095946172212
9,48,21.52285249617384
9,49,21.195720902378863
9,50,20.42158926233731
9,51,22.699962866030813
9,52,23.647895473236435
9,53,24.564823763521602
9,54,23.85887648536552
9,55,21.303399974253306
9,56,19.241529985477836
9,57,15.929695025763477
9,58,14.649241410040641
9,59,15.00589223671767
9,60,13.561749623137603
9,61,10.156674227403535
9,62,10.56275702490578
9,63,11.628519954478257
9,64,8.939599195469619
9,65,6.228137715455967
9,66,9.027427469468938
9,67,9.714023638006367
9,68,6.630390410855727
9,69,7.093247303120307
9,70,10.67775051713117
9,71,10.470726781740684
9,72,9.194676081606618
9,73,11.970871304318134
9,74,14.361389481968088
9,75,13.565812262320334
9,76,13.53298693587473
10,1,15.77152033877674
10,2,12.542471704062393
10,3,10.67318452431507
10,4,9.994574891940122
10,5,8.76002682631583
10,6,6.381497432424594
10,7,5.118621266037722
10,8,5.268654784985507
10,9,3.8085189487651356
10,11,3.8209797093632645
10,12,5.5052206657955445
10,13,4.907839344613446
10,14,6.044612653561235
10,15,8.783814584402892
10,16,10.073754650900613
10,17,11.255897499018412
10,18,18.470495533183083
10,19,15.999824607124314
10,20,18.977153134169768
10,21,19.91545662400608
10,22,16.644093622864318
10,23,16.861079528755038
10,24,20.589286597784653
10,25,20.063478307822727
10,26,17.408124817591855
10,27,19.422501904483795
10,28,21.982202102928095
10,29,20.441796792362812
10,30,21.32264325162254
10,31,22.255836002421752
10,32,18.691679682740038
10,33,17.048536479061344
10,34,13.355981546863942
10,35,12.759573322595797
10,36,14.21607252341519
10,37,11.137882577025021
10,38,9.986943768735097
10,39,13.62328172485411
10,40,13.815602788067116
10,41,11.184240232625895
10,42,12.952193984110023
10,43,16.357100135319115
10,44,15.657374837103195
10,45,15.598436493764027
10,46,18.675229371627275
10,47,21.9261819841269
10,48,24.03039376079513
10,49,23.30975269778935
10,50,22.579184829406277
10,51,24.513262420534456
10,52,25.32556397326199
10,53,26.971078463508718
10,54,25.899981145062203
10,55,23.10328140736909
10,56,20.567890728334227
10,57,17.22925186299849
10,58,15.527674413616655
10,59,16.619005135434325
10,60,15.74571602741354
10,61,12.01902889474802
10,62,12.394567902863264
10,63,14.336029880677877
10,64,12.074785212417957
10,65,9.087679327708912
10,66,11.944244875296846
10,67,13.279374670110927
10,68,10.373382030516323
10,69,10.144597577449492
10,70,13.920968773069193
10,71,13.955238122154048
10,72,12.059974489695026
10,73,14.529547491621345
10,74,17.328338646395785
10,75,16.3197618818798
10,76,16.751136482945796
11,1,17.622248048944407
11,2,14.66285497758404
11,3,12.493767418760946
11,4,10.782942582902004
11,5,10.09058625434729
11,6,8.835216516826462
11,7,6.252435909773323
11,8,4.966995016122123
11,9,5.492314599992103
11,10,3.8209797093632645
11,12,3.8256676117229462
11,13,5.3679843054430645
11,14,5.000340224204116
11,15,6.335345872091982
11,16,8.774893512607532
11,17,10.771772041519586
11,18,18.054905917584914
11,19,15.220823803833259
11,20,17.622854926866413
11,21,18.46215623328532
11,22,14.972224406666149
11,23,14.617323026759323
11,24,18.257972731733183
11,25,17.649437860059393
11,26,14.587712640977623
11,27,16.321180203951236
11,28,18.767504181444398
11,29,17.000270682365333
11,30,17.625124426054704
11,31,18.55864644520834
11,32,15.035874937045618
11,33,13.290850057588392
11,34,9.66926494900812
11,35,9.063454992765944
11,36,10.482009795736651
11,37,7.621739887012436
11,38,6.770728156115468
11,39,10.567728295423784
11,40,11.019718836241159
11,41,9.190770140673665
11,42,11.167061912367382
11,43,14.476571140337958
11,44,14.511153123412743
11,45,14.962534186438566
11,46,17.565856111114083
11,47,20.932373527034038
11,48,22.514974426463933
11,49,21.262936844038414
11,50,20.202709311682693
11,51,21.706772410288995
11,52,22.25134196825773
11,53,25.2968411810935
11,54,23.778512326477898
11,55,21.13629389978066
11,56,18.293286940542696
11,57,14.749542979391814
11,58,13.480694245583075
11,59,15.214861857417038
11,60,14.153333471942032
11,61,10.426561373372202
11,62,11.834481473237764
11,63,14.007476537414162
11,64,11.618314826348762
11,65,9.48294929878531
11,66,13.030102254304534
11,67,14.181413314552929
11,68,11.581295851747953
11,69,12.37369181989646
11,70,15.986162338310743
11,71,15.798465302816306
11,72,14.609239040916423
11,73,17.403264529186657
11,74,19.833436092801197
11,75,18.797495162307133
11,76,18.547281264324837
12,1,19.311872213469464
12,2,15.976963712222378
12,3,14.608969078104986
12,4,12.663555068338573
12,5,10.893526971764112
12,6,10.266442044347166
12,7,8.82056609574945
12,8,6.226672886529753
12,9,5.221396506765972
12,10,5.5052206657955445
12,11,3.8256676117229462
12,13,3.8296361586937375
12,14,5.380229723170411
12,15,5.376656730823078
12,16,6.422835316257082
12,17,9.258441138522008
12,18,16.27873951338728
12,19,13.995884914920431
12,20,16.464092177472256
12,21,16.562097739246628
12,22,12.90221990201078
12,23,13.356455010918113
12,24,16.766764859647388
12,25,15.533913010963854
12,26,12.810155953816409
12,27,15.30606018281873
12,28,17.34169808841546
12,29,15.636852505239162
12,30,16.999135520451937
12,31,17.76422713440196
12,32,14.247116447954623
12,33,13.467600163902459
12,34,9.799892740217002
12,35,8.633260281005947
12,36,11.199466407254636
12,37,9.337437581477367
12,38,7.136247269642395
12,39,10.7008592817193
12,40,12.34553044539171
12,41,10.600874496707595
12,42,11.322223501503947
12,43,14.994771337616664
12,44,15.596068253668422
12,45,15.265887968880065
12,46,17.466091577253106
12,47,21.13809802480833
12,48,22.5246170605184
12,49,21.432429694176847
12,50,19.866422008641063
12,51,21.36305303870646
12,52,21.519539184625547
12,53,21.848709928928926
12,54,20.537236274718037
12,55,17.73367277715409
12,56,15.097281277996471
12,57,11.726145633992326
12,58,10.188164161298696
12,59,11.522634772531047
12,60,10.628590128757903
12,61,6.830531253951996
12,62,8.015349114257779
12,63,10.349512513650508
12,64,8.411659677377582
12,65,6.31125904155044
12,66,9.966953576492116
12,67,11.510324209309408
12,68,9.724748966681162
12,69,10.622101185853495
12,70,14.035808329431067
12,71,14.444443916883566
12,72,13.95600158311743
12,73,16.4004640348315
12,74,18.769947469935566
12,75,18.426312648319836
12,76,17.968372045714272
13,1,20.174388641038412
13,2,16.68586234058223
13,3,15.333532943439955
13,4,14.286886387349197
13,5,12.35476203201829
13,6,10.649244681052247
13,7,9.780443355566575
13,8,8.419102420117389
13,9,6.014865219917315
13,10,4.907839344613446
13,11,5.3679843054430645
13,12,3.8296361586937375
13,14,3.8262683904887362
13,15,5.786068394589131
13,16,5.5286483703758265
13,17,6.879375479619241
13,18,19.02268000179721
13,19,17.07442122952027
13,20,19.86456153173036
13,21,19.870115742990393
13,22,16.282669854644293
13,23,17.07722478018149
13,24,20.44974449784782
13,25,19.027703787475804
13,26,16.438297769508342
13,27,19.05583805040961
13,28,20.88847846363027
13,29,18.93277416850259
13,30,20.19015660954312
13,31,20.474331164652632
13,32,16.776467744381545
13,33,15.832226830663366
13,34,12.014534024802366
13,35,11.801452073350418
13,36,14.415999115925974
13,37,12.379979907548108
13,38,10.768584408377176
13,39,14.450310786792866
13,40,15.781640363723106
13,41,13.806328665636686
13,42,14.816141472602606
13,43,18.50576320645115
13,44,18.675095570625444
13,45,18.236228889751803
13,46,20.757157548002624
13,47,24.364507874854745
13,48,26.021222604011083
13,49,25.098508110897782
13,50,23.64976361462464
13,51,25.192282751138745
13,52,25.30079796164913
13,53,23.87339243922787
13,54,22.765691667336416
13,55,19.588275125902562
13,56,16.97751717449892
13,57,14.07288597370954
13,58,11.619170683797202
13,59,12.777743293585285
13,60,12.83717250140212
13,61,9.141818026268597
13,62,8.761279100775939
13,63,11.613322075136521
13,64,10.518087213629729
13,65,7.337635579752416
13,66,10.117280235471808
13,67,12.5674582292229
13,68,10.916153421848223
13,69,10.426975736139665
13,70,14.091969131462518
13,71,15.204331672212232
13,72,14.077819486314626
13,73,15.86350831859314
13,74,18.821940923092956
13,75,18.75201056857927
13,76,19.041693594595053
14,1,21.701769624819207
14,2,18.549483191635247
14,3,16.481719111351204
14,4,15.401351623224663
14,5,14.340114509759571
14,6,12.403759013695456
14,7,10.450294821324464
14,8,9.661306520224652
14,9,8.545705285371985
14,10,6.044612653561235
14,11,5.000340224204116
14,12,5.380229723170411
14,13,3.8262683904887362
14,15,3.825643141971001
14,16,5.479685810956039
14,17,6.1584437553960765
14,18,21.62213419534062
14,19,19.23478470518652
14,20,21.64183661339291
14,21,21.840624926980013
14,22,18.127573678192945
14,23,18.218381604316306
14,24,21.56816551467598
14,25,20.200172600747145
14,26,17.098532040057304
14,27,19.202890942910365
14,28,20.912825883298066
14,29,18.47328579932584
14,30,19.0414506779894
14,31,18.975344265633247
14,32,15.17444211890697
14,33,13.597801533243553
14,34,9.820579938684581
14,35,10.711839484547083
14,36,12.988489412565945
14,37,11.05215866200462
14,38,10.622670906629516
14,39,14.381902048797292
14,40,15.348052481505263
14,41,14.03960186344151
14,42,15.773588872523723
14,43,19.16313464435256
14,44,19.468597406943708
14,45,19.75312253527182
14,46,22.210948799030028
14,47,25.713658763716417
14,48,27.13451246486311
14,49,25.741259957638626
14,50,24.279571861723202
14,51,25.396780792228206
14,52,25.34801588612935
14,53,25.66325570202247
14,54,24.041322691437262
14,55,20.881198834302857
14,56,17.774955806800666
14,57,14.788297415254295
14,58,12.426872296396883
14,59,14.550654592623095
14,60,14.781734376409128
14,61,11.087273540445839
14,62,11.457402269247334
14,63,14.626455575941753
14,64,13.451980949901126
14,65,10.761637511807807
14,66,13.822296131413333
14,67,16.109120577885307
14,68,14.25582469038206
14,69,14.071108717744515
14,70,17.792709730047374
14,71,18.59343060225774
14,72,17.28017580506121
14,73,19.30452329255848
14,74,22.263021098190205
14,75,21.823422205975707
14,76,22.05603655318417
15,1,23.85128005195771
15,2,20.706967006530903
15,3,18.771921484233022
15,4,17.00327001673758
15,5,15.874309807146657
15,6,14.737226611534066
15,7,12.560452385806537
15,8,10.769762896389988
15,9,10.2085347878978
15,10,8.783814584402892
15,11,6.335345872091982
15,12,5.376656730823078
15,13,5.786068394589131
15,14,3.825643141971001
15,16,3.829915907396715
15,17,6.20213812564101
15,18,20.94581448236945
15,19,18.608192797486993
15,20,20.504874381280462
15,21,20.277576437301356
15,22,16.466979210191234
15,23,16.432785540337232
15,24,19.42194531374296
15,25,17.669938142714294
15,26,14.450882185178294
15,27,16.584039220801305
15,28,17.819526096828515
15,29,15.109357815265568
15,30,15.755989581941275
15,31,15.42486272165522
15,32,11.618740079124397
15,33,10.552909476531218
15,34,6.839859809509764
15,35,7.886781961783419
15,36,10.807923020795588
15,37,9.957636295491826
15,38,9.37335957528585
15,39,12.744753703955546
15,40,14.431710563809855
15,41,13.886143306014304
15,42,15.153222991233125
15,43,18.43265539266088
15,44,19.486264403102915
15,45,19.798984546179376
15,46,21.68571083157237
15,47,25.30772058894467
15,48,26.218350821319817
15,49,24.503899500590798
15,50,22.568903422503272
15,51,23.25305276725814
15,52,22.73105209228102
15,53,22.86481530244419
15,54,20.899917325470284
15,55,17.81155963978041
15,56,14.465268347114725
15,57,11.499885577876967
15,58,9.341719329216186
15,59,12.09182122182505
15,60,12.430291298028937
15,61,9.052469301615977
15,62,10.161155021923648
15,63,13.476646522679895
15,64,12.593875357704459
15,65,10.813238143947645
15,66,14.104160312546503
15,67,16.266544057278615
15,68,14.965596382774178
15,69,15.478731711796668
15,70,18.92239376348452
15,71,19.712405536656277
15,72,19.088361988060026
15,73,21.252057680960757
15,74,23.888592343283037
15,75,23.641043829899328
15,76,23.333799903595658
16,1,25.331369288249572
16,2,21.883776249815018
16,3,20.470709784315556
16,4,18.922913937132716
16,5,17.09485409543627
16,6,15.920552989555912
16,7,14.55908099299955
16,8,12.565834716727567
16,9,10.900701766863746
16,10,10.073754650900613
16,11,8.774893512607532
16,12,6.422835316257082
16,13,5.5286483703758265
16,14,5.479685810956039
16,15,3.829915907396715
16,17,3.8137455656568076
16,18,21.113120821986907
16,19,19.38510549251261
16,20,21.510518652739204
16,21,20.74174428788712
16,22,16.974588384017565
16,23,17.75325493132433
16,24,20.52388028348016
16,25,18.28241947898628
16,26,15.585667947408735
16,27,18.335604792714822
16,28,19.194827138861662
16,29,16.606253645955533
16,30,17.87977671675581
16,31,17.26740939314009
16,32,13.600486862737915
16,33,13.402002764580152
16,34,9.974990252417827
16,35,10.601726632218496
16,36,14.000942357052255
16,37,13.365588907321548
16,38,12.018027535439904
16,39,15.253375429248376
16,40,17.39744047061143
16,41,16.494035881183862
16,42,17.144544157905024
16,43,20.677991788228596
16,44,21.75585134402077
16,45,21.460241575223485
16,46,23.29168786128481
16,47,27.059196641714376
16,48,28.04314745559511
16,49,26.62910967318382
16,50,24.488798728992354
16,51,25.30527794076434
16,52,24.576315510461818
16,53,21.305330662777788
16,54,19.715345605206462
16,55,16.258783532341525
16,56,13.21352735861152
16,57,10.901500942015218
16,58,7.750617901096151
16,59,9.926807613289734
16,60,11.219810845757776
16,61,8.16192190173425
16,62,7.892944380602555
16,63,11.618284382833757
16,64,11.7653599949535
16,65,9.742800310502286
16,66,12.315804783249478
16,67,15.12062793305786
16,68,14.562851914410393
16,69,14.529944560508318
16,70,17.73245340986118
16,71,19.231005425348954
16,72,18.825358378135885
16,73,20.39718859633172
16,74,23.168281264826735
16,75,23.525174890593185
16,76,23.415235288411424
17,1,26.91503195058293
17,2,23.47323470970298
17,3,21.921778219726093
17,4,20.948512428128026
17,5,19.219319075142312
17,6,17.381760071198208
17,7,16.165352600190456
17,8,14.927513269521384
17,9,12.881703240307935
17,10,11.255897499018412
17,11,10.771772041519586
17,12,9.258441138522008
17,13,6.879375479619241
17,14,6.1584437553960765
17,15,6.20213812564101
17,16,3.8137455656568076
17,18,24.44137801236526
17,19,22.76017612219553
17,20,25.093593570472017
17,21,24.415720040923517
17,22,20.67134306176451
17,23,21.47587047707057
17,24,24.320647701013346
17,25,22.090100640996777
17,26,19.378274408453827
17,27,22.03274287153507
17,28,22.842201733414427
17,29,20.065996467538532
17,30,21.036074316943672
17,31,20.041599892473524
17,32,16.355659917758206
17,33,15.798418510082358
17,34,12.47103007819621
17,35,13.839642558143769
17,36,16.967539324484093
17,37,16.070633607590953
17,38,15.21853873408939
17,39,18.652652892192837
17,40,20.429420002074437
17,41,19.388485880460628
17,42,20.420007584751914
17,43,23.969075286910183
17,44,24.7248712160108
17,45,24.518908700220273
17,46,26.63135194827811
17,47,30.349341747983726
17,48,31.526349011483173
17,49,30.144552452604408
17,50,28.14207631666239
17,51,28.962127098456968
17,52,28.2471322679649
17,53,24.324796719657446
17,54,22.82853151744417
17,55,19.205299345041855
17,56,16.226781738101337
17,57,14.367930715169352
17,58,10.930851549909587
17,59,12.895420510509775
17,60,14.700676347414698
17,61,11.782458464175864
17,62,10.767135059889009
17,63,14.521640019248593
17,64,14.961394140020086
17,65,12.390122830195267
17,66,14.425180196974495
17,67,17.62859708914675
17,68,16.988665514648304
17,69,16.190948492185512
17,70,19.49030468778978
17,71,21.32319068658526
17,72,20.4252463959054
17,73,21.576037279208652
17,74,24.721761255008378
17,75,25.156949515560722
17,76,25.561455875700226
18,1,18.80103623768108
18,2,16.604687351290895
18,3,18.182877686115688
18,4,15.353152531272956
18,5,13.005726052528304
18,6,16.365900590855116
18,7,17.334971697166942
18,8,14.333430676194816
18,9,14.840435534612723
18,10,18.470495533183083
18,11,18.054905917584914
18,12,16.27873951338728
18,13,19.02268000179721
18,14,21.62213419534062
18,15,20.94581448236945
18,16,21.113120821986907
18,17,24.44137801236526
18,19,3.822477593373896
18,20,5.412551342248107
18,21,5.40608458751119
18,22,6.686237751585416
18,23,9.098417234153988
18,24,10.23817582286692
18,25,11.280394027542993
18,26,12.75098312839336
18,27,14.684844271316905
18,28,17.0964348305887
18,29,18.927482831347046
18,30,21.757854964084203
18,31,24.45457629071906
18,32,22.914803350047634
18,33,23.729548535977607
18,34,21.803635374659176
18,35,18.174445295203274
18,36,19.165416536522383
18,37,18.385406941018296
18,38,14.862818452153672
18,39,14.080934978193365
18,40,15.866302447680624
18,41,13.963936453315242
18,42,10.412279383766656
18,43,11.755328652003483
18,44,12.642297340187874
18,45,9.213687725680268
18,46,8.545632105818164
18,47,11.33098807435202
18,48,12.60361613095543
18,49,14.088658288825211
18,50,13.175917943633065
18,51,16.373226383083
18,52,17.840044631443863
18,53,18.800230081126163
18,54,19.42484843335595
18,55,19.149635556605446
18,56,19.399455775161385
18,57,17.10473915073109
18,58,18.591598458518785
18,59,16.939536441997397
18,60,13.409508307089776
18,61,13.797606862090978
18,62,15.257737904271652
18,63,12.384329580048014
18,64,9.8441193739234
18,65,12.658083469775852
18,66,13.014392043816045
18,67,9.553309142262064
18,68,9.938575428774326
18,69,13.450799278884709
18,70,12.592190661899751
18,71,10.528955216458957
18,72,13.677558742238588
18,73,16.03854575349727
18,74,14.750816028164436
18,75,14.742060889074335
18,76,11.371847955247583
19,1,16.78253619282942
19,2,14.654438504800908
19,3,15.586320839575329
19,4,12.362881211222755
19,5,10.548678901931305
19,6,13.998346386572663
19,7,14.367813146263018
19,8,11.361047158279765
19,9,12.650062303101144
19,10,15.999824607124314
19,11,15.220823803833259
19,12,13.995884914920431
19,13,17.07442122952027
19,14,19.23478470518652
19,15,18.608192797486993
19,16,19.38510549251261
19,17,22.76017612219553
19,18,3.822477593373896
19,20,3.8137252155370645
19,21,5.6799987924979884
19,22,5.539600470710162
19,23,6.637550902596512
19,24,8.901911845368787
19,25,10.42304859917529
19,26,10.866069546323045
19,27,12.40030452735557
19,28,15.383871667273112
19,29,16.93402392391272
19,30,19.32888609320272
19,31,22.17756642894502
19,32,20.50186042251395
19,33,20.8736610739886
19,34,18.96481164229472
19,35,15.330290793489867
19,36,15.895193681902182
19,37,14.886275230621829
19,38,11.557164065465424
19,39,10.67407014052599
19,40,12.127677572875108
19,41,10.191826065036166
19,42,6.618646680912221
19,43,8.143597871934563
19,44,9.109215830069537
19,45,6.022751861385915
19,46,5.871049525880603
19,47,9.40142032427214
19,48,10.87145672295513
19,49,11.731891227904862
19,50,10.975227285384854
19,51,14.259093313262781
19,52,16.008650914432575
19,53,20.094862694257287
19,54,20.01101425118014
19,55,19.4595982182175
19,56,18.98103522864215
19,57,16.11396521194415
19,58,17.59963494184595
19,59,16.713135603993408
19,60,13.08530506332758
19,61,12.658517257071813
19,62,14.756886202146019
19,63,12.686031921296161
19,64,9.373638171506036
19,65,11.755834596261632
19,66,13.172352248875837
19,67,10.187869147378196
19,68,9.304333527049057
19,69,13.084968206679717
19,70,13.268183204022641
19,71,10.902408905794994
19,72,13.224615499910369
19,73,16.263358623226402
19,74,15.558999335314978
19,75,14.79446784350153
19,76,11.615409862609164
20,1,19.52589358181934
20,2,17.831369399967596
20,3,18.517310411355208
20,4,15.050010727139869
20,5,13.863145245379338
20,6,17.330127681926168
20,7,17.200181434455118
20,8,14.146714628181739
20,9,15.88630322934921
20,10,18.977153134169768
20,11,17.622854926866413
20,12,16.464092177472256
20,13,19.86456153173036
20,14,21.64183661339291
20,15,20.504874381280462
20,16,21.510518652739204
20,17,25.093593570472017
20,18,5.412551342248107
20,19,3.8137252155370645
20,21,3.8264700630441673
20,22,5.475052145171009
20,23,5.370861265051112
20,24,6.197336368120809
20,25,8.770016953055041
20,26,9.939743053031945
20,27,10.618690607394896
20,28,13.466208549798477
20,29,15.739092165662557
20,30,18.105761835404255
20,31,21.281986659501587
20,32,20.2423338129482
20,33,20.923461553624183
20,34,19.672826640828767
20,35,15.867601541398027
20,36,15.977853636856912
20,37,15.710936417554091
20,38,12.716944032577613
20,39,10.687228680478198
20,40,12.261369091274682
20,41,11.42191288298499
20,42,7.619986479311295
20,43,7.623094972381511
20,44,9.684257434497455
20,45,7.390844285989016
20,46,5.063339076219612
20,47,8.096417494650597
20,48,8.25469775850276
20,49,8.929574606153185
20,50,7.777592313158537
20,51,11.096723711094377
20,52,12.992893655101582
20,53,19.577327765304958
20,54,19.294232860608524
20,55,19.42452698719666
20,56,19.158374046197842
20,57,16.506582990280435
20,58,18.7195367649775
20,59,18.00082440361839
20,60,14.192620744027677
20,61,14.412862185260355
20,62,17.000698610338006
20,63,14.903145927072668
20,64,11.946577289723368
20,65,14.801886759291566
20,66,16.35376678005666
20,67,13.480596537413206
20,68,12.988844760120708
20,69,16.791262364509034
20,70,16.896847943119564
20,71,14.60034074239075
20,72,17.015789151049802
20,73,20.02202047206902
20,74,19.108143361602956
20,75,18.31437030823115
20,76,14.9270073863418
21,1,22.43673693739151
21,2,20.31370358164668
21,3,21.085266783636587
21,4,17.70301227847349
21,5,15.937719902322327
21,6,19.12390550083887
21,7,19.074450925552974
21,8,15.628148658732789
21,9,16.719745991852754
21,10,19.91545662400608
21,11,18.46215623328532
21,12,16.562097739246628
21,13,19.870115742990393
21,14,21.840624926980013
21,15,20.277576437301356
21,16,20.74174428788712
21,17,24.415720040923517
21,18,5.40608458751119
21,19,5.6799987924979884
21,20,3.8264700630441673
21,22,3.8192931819715317
21,23,5.637360027056439
21,24,5.191806138529576
21,25,6.411708764019017
21,26,8.725507282035718
21,27,10.270809711032625
21,28,12.219178543099016
21,29,14.592587488066094
21,30,17.561737502504524
21,31,20.40495422272001
21,32,19.50943242014569
21,33,20.84384592204024
21,34,19.662521387897712
21,35,15.874480106078304
21,36,16.706741470650073
21,37,16.9907188595741
21,38,13.685230751699638
21,39,11.888974873930465
21,40,14.37229925678589
21,41,13.77863757015242
21,42,10.004324158054741
21,43,10.756671020358498
21,44,13.170395298305836
21,45,10.849443285339948
21,46,8.887610906970362
21,47,11.777029704166553
21,48,11.418664860077559
21,49,11.750169616586692
21,50,9.580686603518727
21,51,12.057759759626723
21,52,12.897199867547384
21,53,15.862436321511906
21,54,15.832043272399831
21,55,16.203935574371812
21,56,16.453749098567858
21,57,14.32635958120799
21,58,16.775675764348822
21,59,15.594115317385711
21,60,11.812749710488955
21,61,12.959324033964842
21,62,15.376737386577288
21,63,12.912913690759963
21,64,10.724896340081601
21,65,14.189482206628897
21,66,15.361684250207869
21,67,12.700814842423728
21,68,13.241084313937865
21,69,16.92354099821895
21,70,16.788064780753718
21,71,15.22974714625681
21,72,18.064837078990667
21,73,20.641612650379834
21,74,19.838079376300804
21,75,19.758964045231437
21,76,16.496856184933936
22,1,21.48977662899225
22,2,18.976530881580878
22,3,19.284458558899576
22,4,15.88758553479212
22,5,13.994523387205957
22,6,16.740504891014304
22,7,16.35358081837904
22,8,12.688056509992624
22,9,13.660119289644891
22,10,16.644093622864318
22,11,14.972224406666149
22,12,12.90221990201078
22,13,16.282669854644293
22,14,18.127573678192945
22,15,16.466979210191234
22,16,16.974588384017565
22,17,20.67134306176451
22,18,6.686237751585416
22,19,5.539600470710162
22,20,5.475052145171009
22,21,3.8192931819715317
22,23,3.8271714915464194
22,24,5.470734822443736
22,25,5.266606250122637
22,26,6.11794030792468
22,27,8.628231135302425
22,28,10.78870958484683
22,29,12.290651557829483
22,30,15.266003865237982
22,31,17.822278447059716
22,32,16.428536674026105
22,33,17.62721930849935
22,34,16.12891387053761
22,35,12.405413138570315
22,36,13.691858474451447
22,37,13.899108953940475
22,38,10.389301638483794
22,39,9.199930472975447
22,40,12.162851971933154
22,41,11.484853383187264
22,42,8.060505370664185
22,43,9.95946428645813
22,44,12.453154056616656
22,45,10.551358751979349
22,46,9.691319283380654
22,47,13.25144984081866
22,48,13.297421166034544
22,49,12.893479721572461
22,50,10.480827503920608
22,51,12.588698037532843
22,52,13.013801018463207
22,53,15.254716895697287
22,54,14.701473052427644
22,55,14.276467336745384
22,56,13.824956217388918
22,57,11.191586963803314
22,58,13.36620401573641
22,59,12.57686952018655
22,60,8.759569682204647
22,61,9.353320028555816
22,62,12.105203377213913
22,63,10.229143387948245
22,64,7.741213475898858
22,65,11.083607188996783
22,66,12.87616105216487
22,67,10.872634599271494
22,68,11.113676693176043
22,69,14.719944459691249
22,70,15.32780880953109
22,71,14.193597064982056
22,72,16.57258050855098
22,73,19.27629056908015
22,74,19.178823480753465
22,75,19.09344594308654
22,76,16.28899684171427
23,1,21.280413424909433
23,2,19.17740744833659
23,3,18.915822053866602
23,4,15.224890334552885
23,5,14.238559835068271
23,6,16.998088211105408
23,7,15.890814063322813
23,8,12.44500586418389
23,9,14.3930031120994
23,10,16.861079528755038
23,11,14.617323026759323
