1,2,3.272063106859859
1,3,5.717556183711885
1,4,8.62737965053966
1,5,11.749368214655039
1,6,14.818057828128543
1,7,18.202248036436078
1,8,20.72858022143633
1,9,23.3873144192836
1,10,27.006566805750033
1,11,28.508351499036156
1,12,30.637657988857796
1,13,29.028950839566136
1,14,30.777988828160904
1,15,31.62642280995697
1,16,33.90387754247036
1,17,37.17706830017559
1,18,39.113609808919215
1,19,42.8839641413632
1,20,44.19622662982985
1,21,47.703660480079535
1,22,48.10115999274128
1,23,47.568911122189085
1,24,50.024217671813204
1,25,52.89034631992685
1,26,53.42850014876382
1,27,56.31559071818922
1,28,54.092959019763335
1,29,50.760473602699626
1,30,52.47884925571018
1,31,52.12894256794413
1,32,49.23400236146878
1,33,47.780090200222595
1,34,46.85735716330695
1,35,44.155802487137656
1,36,42.39181669604938
1,37,39.62159926679507
1,38,38.84433644105101
1,39,36.07175548418503
1,40,36.269040525663534
1,41,34.55236532190806
1,42,33.23393873047988
1,43,31.471919206612295
1,44,28.115460897040187
1,45,25.141719570623366
1,46,24.501931571212726
1,47,25.79387961258458
1,48,24.182822285620777
1,49,27.362198166822814
1,50,28.006931058402667
1,51,31.726994034947946
1,52,31.333009410053613
1,53,30.929336357591886
1,54,30.430964145984927
1,55,33.97528825921974
1,56,36.069665299014495
1,57,38.24146905321211
1,58,40.520562519918684
1,59,41.0669362885495
1,60,43.02605933721687
1,61,45.27619752139343
1,62,45.23624060484979
1,63,47.808285292318075
1,64,47.35806038612419
1,65,49.85627953027967
1,66,49.069705304577404
1,67,51.40619110754013
1,68,52.5612530861583
1,69,53.30466590137241
1,70,55.74171473406038
1,71,55.99363606526692
1,72,58.21060622996301
1,73,61.31335036413637
1,74,64.37497869186922
1,75,62.5610098742987
1,76,59.17484558884736
1,77,58.90153708839068
1,78,56.53658194353491
1,79,56.80963473559175
1,80,55.056058578739346
1,81,53.05447389986631
1,82,51.390023064363874
1,83,48.08066175598177
1,84,46.78916883547541
1,85,43.03735521316306
1,86,41.41010667972619
1,87,38.890580750486876
1,88,36.916924126741485
1,89,37.02897103236885
1,90,35.29468092667558
1,91,32.94128150319296
1,92,32.5464655550807
1,93,31.212744179438342
1,94,34.564087775909414
1,95,35.863965647149385
1,96,36.89538542956706
2,1,3.272063106859859
2,3,3.8561029404674616
2,4,6.501487863599199
2,5,9.033488243926644
2,6,12.40335565643496
2,7,15.546415192682641
2,8,17.965691290629575
2,9,20.858927178522478
2,10,24.37658392847402
2,11,25.989879386635565
2,12,28.091221546800732
2,13,26.44316012489596
2,14,28.221571739022846
2,15,28.862932162676692
2,16,31.118607174186618
2,17,34.29775175773629
2,18,36.195889379031904
2,19,39.97917466882476
2,20,41.18293470046081
2,21,44.67580955419483
2,22,44.98829641805108
2,23,44.478892538244864
2,24,47.00811455323958
2,25,49.84025705196313
2,26,50.308014172617696
2,27,53.22138564065735
2,28,51.0148778770702
2,29,47.72393613629429
2,30,49.525239238573405
2,31,49.23720694646177
2,32,46.41955471360757
2,33,45.00088005963885
2,34,44.22082088727977
2,35,41.557702555946015
2,36,39.66373561344586
2,37,36.88615356664093
2,38,36.20133222283988
2,39,33.47783944406538
2,40,33.58875723414348
2,41,31.91168402217566
2,42,30.431216666318523
2,43,28.647338282245677
2,44,25.20064792802642
2,45,22.248016564994803
2,46,21.636476189149363
2,47,23.123163429700465
2,48,21.752268872025248
2,49,24.919619483781805
2,50,25.379342193249094
2,51,29.03393943809375
2,52,28.598541330040554
2,53,28.0327246134941
2,54,27.583015467870478
2,55,31.13187551191755
2,56,33.31160063521252
2,57,35.63374223013044
2,58,37.905905225132265
2,59,38.367423485541664
2,60,40.3963242783983
2,61,42.56341822393994
2,62,42.60284125300442
2,63,45.1369273338863
2,64,44.73646315978294
2,65,47.243038692379635
2,66,46.40585119512982
2,67,48.7241568703718
2,68,49.773319407805815
2,69,50.562247832207035
2,70,52.9212285515138
2,71,53.20632007611098
2,72,55.34558389245569
2,73,58.47492385337079
2,74,61.59662785860919
2,75,59.863216108663835
2,76,56.49847059797823
2,77,56.18872876828819
2,78,53.883684213404706
2,79,54.090775444109305
2,80,52.37202361907989
2,81,50.28046151467233
2,82,48.624847821672745
2,83,45.25375124439166
2,84,43.96237878912396
2,85,40.23807091690526
2,86,38.58369506326631
2,87,36.19213674950589
2,88,34.24253422940672
2,89,34.56182627807783
2,90,32.84637473823651
2,91,30.369266576500195
2,92,30.02319289596065
2,93,28.619269356085244
2,94,31.913292629023342
2,95,33.238435917100695
2,96,34.11514219880088
3,1,5.717556183711885
3,2,3.8561029404674616
3,4,3.8328278940387035
3,5,6.496705297865237
3,6,9.222572639068478
3,7,12.749715883158123
3,8,15.151963490602354
3,9,17.720972247274293
3,10,21.375820922665298
3,11,22.799347763846043
3,12,24.978166076734862
3,13,23.521766985201612
3,14,25.496628592617217
3,15,26.508846690155874
3,16,29.059140083568266
3,17,32.27475183145096
3,18,34.48909245614753
3,19,38.1907589573069
3,20,39.61688145929478
3,21,43.2238880769382
3,22,43.507543317366924
3,23,42.7044173178858
3,24,45.09649688671343
3,25,48.11050926586384
3,26,48.80231929555475
3,27,51.81562912281928
3,28,49.816453058416855
3,29,46.58718190664279
3,30,48.48469291567207
3,31,47.95436910963447
3,32,45.07714387454217
3,33,43.39030535590417
3,34,42.48260753916567
3,35,39.72403894663945
3,36,38.048011471087236
3,37,35.049605004653664
3,38,34.02214068376874
3,39,31.060138977506238
3,40,30.99093564132642
3,41,29.074495424990836
3,42,27.73096915618164
3,43,25.902425991890702
3,44,22.64345270535131
3,45,19.666463007882026
3,46,19.205877414099362
3,47,20.641667584965028
3,48,19.348693959752786
3,49,22.780336561499656
3,50,23.711978059108212
3,51,27.27340308278254
3,52,26.450869392197017
3,53,25.829570377841208
3,54,25.03236723401207
3,55,28.4944313242662
3,56,30.458266366740745
3,57,32.591601677698584
3,58,34.82988659875218
3,59,35.41184725527647
3,60,37.391800505722244
3,61,39.727655345485104
3,62,39.78597700487905
3,63,42.478622235446736
3,64,42.21254973380067
3,65,44.87357354128568
3,66,44.293278380199496
3,67,46.8164047247478
3,68,48.059083642773935
3,69,49.072659167884346
3,70,51.56988841511217
3,71,52.108622435358946
3,72,54.362084931545674
3,73,57.35466863810229
3,74,60.51488273385288
3,75,58.66765072442714
3,76,55.20088412218324
3,77,54.6623746603976
3,78,52.18692560911022
3,79,52.216089973581504
3,80,50.2834169497956
3,81,48.153881892243874
3,82,46.30025426658597
3,83,42.962384702971256
3,84,41.487363643355735
3,85,37.71812261754205
3,86,35.95797214621827
3,87,33.35196772809093
3,88,31.279580009820517
3,89,31.331913887813965
3,90,29.578733832255065
3,91,27.264591236657445
3,92,26.97892736560493
3,93,25.840891634870154
3,94,29.309293655083838
3,95,30.886372880473402
3,96,32.092491461525285
4,1,8.62737965053966
4,2,6.501487863599199
4,3,3.8328278940387035
4,5,3.8186865526891127
4,6,6.580544514321611
4,7,9.832287511759318
4,8,12.837907268211916
4,9,15.19533364916298
4,10,18.75416233520818
4,11,20.633347421917144
4,12,23.222870765804
4,13,22.243901200313662
4,14,24.67355358828721
4,15,25.65505254655485
4,16,28.464768203538696
4,17,31.42850200276211
4,18,33.81461840453115
4,19,37.45520885069868
4,20,38.73659789568751
4,21,42.360993164081044
4,22,42.32327147966972
4,23,41.3348058084512
4,24,43.85755965167982
4,25,46.927367874682886
4,26,47.54669831246731
4,27,50.72560153589544
4,28,48.913788559972886
4,29,45.862204502697566
4,30,48.02399334374855
4,31,47.538140321376304
4,32,44.82430998244785
4,33,43.06267650949478
4,34,42.36760165901348
4,35,39.63383199759345
4,36,37.86538069660098
4,37,34.714596815727035
4,38,33.59124981430634
4,39,30.506594852219965
4,40,29.971857000468194
4,41,27.74236417009641
4,42,26.046458204455337
4,43,23.80369716538645
4,44,20.575320545016268
4,45,17.269184584259424
4,46,16.263707549232084
4,47,17.29309681269737
4,48,15.706868759389021
4,49,19.074371182151904
4,50,20.095165338474796
4,51,23.706898651480408
4,52,23.000745638275664
4,53,22.688012193076293
4,54,22.14516581533258
4,55,25.738741167290115
4,56,27.931875470967586
4,57,29.93191748474146
4,58,32.438063888531005
4,59,33.303207174680644
4,60,35.56911411263171
4,61,38.055212745399345
4,62,38.45783248352462
4,63,41.31610956628109
4,64,41.37779551878272
4,65,44.23123806982714
4,66,43.80826744486629
4,67,46.45726925926572
4,68,47.61379436744317
4,69,48.86798031544752
4,70,51.264238068794
4,71,51.99413464888228
4,72,54.11109166609127
4,73,57.09629309214772
4,74,60.390055826332215
4,75,58.66265880129391
4,76,55.20297882786732
4,77,54.47017295015729
4,78,52.014982871095434
4,79,51.78102877867347
4,80,49.74834098513462
4,81,47.38570861196707
4,82,45.34083937078745
4,83,41.88683034162548
4,84,40.14624493862856
4,85,36.41084808670767
4,86,34.32993798291578
4,87,31.755414515846535
4,88,29.371399449886475
4,89,29.399707198398733
4,90,27.29916783235213
4,91,24.730778092943392
4,92,24.056993011838816
4,93,22.63523965296564
4,94,26.010052214722492
4,95,27.391426277279642
4,96,28.652553573920077
5,1,11.749368214655039
5,2,9.033488243926644
5,3,6.496705297865237
5,4,3.8186865526891127
5,6,3.8281180124972063
5,7,6.51696605700051
5,8,9.27701601928212
5,9,12.033516041649944
5,10,15.462753495224302
5,11,17.430575863289103
5,12,19.945500627500383
5,13,18.92858740298362
5,14,21.418210861940743
5,15,22.185185925840237
5,16,25.015592072616275
5,17,27.848807187012376
5,18,30.249258326245748
5,19,33.86754824462068
5,20,35.07651706344767
5,21,38.6991035886641
5,22,38.57878101163026
5,23,37.558560783959145
5,24,40.120851299070225
5,25,43.18370474506403
5,26,43.783087031587314
5,27,46.99560025549
5,28,45.24341585448295
5,29,42.251898180141495
5,30,44.50652963318322
5,31,44.028346114982014
5,32,41.39348522351803
5,33,39.62202804273386
5,34,39.0632686967329
5,35,36.37262596258715
5,36,34.5125530829201
5,37,31.327778386461627
5,38,30.253014939747995
5,39,27.207926338221274
5,40,26.535367410693585
5,41,24.335967325235053
5,42,22.46193956087881
5,43,20.208523969250763
5,44,16.877930735765354
5,45,13.60326331090615
5,46,12.77820968571388
5,47,14.266151136897193
5,48,13.29785212192117
5,49,16.74547663678433
5,50,17.606097443632954
5,51,21.015366103168418
5,52,20.037608700288345
5,53,19.339172537911804
5,54,18.68606304714573
5,55,22.25282408866556
5,56,24.485205268103524
5,57,26.70260514805073
5,58,29.142037812012454
5,59,29.86168369556655
5,60,32.17723884153495
5,61,34.560532837324104
5,62,35.035574057402194
5,63,37.85170222777358
5,64,37.975668826877495
5,65,40.845178855836146
5,66,40.401793054463674
5,67,43.05241388751091
5,68,44.124962132881265
5,69,45.46357057353403
5,70,47.79737092782518
5,71,48.610786962922624
5,72,50.66813259829223
5,73,53.63895912922619
5,74,56.98810862188126
5,75,55.32288876549659
5,76,51.877910128399414
5,77,51.068186312234594
5,78,48.65453086936552
5,79,48.32423195103663
5,80,46.30362777796958
5,81,43.84868417363384
5,82,41.79512469224818
5,83,38.287932926514536
5,84,36.53543603371201
5,85,32.82901103269765
5,86,30.72090974762392
5,87,28.2768389511263
5,88,25.936688516868628
5,89,26.224564698844198
5,90,24.20091379513712
5,91,21.51221418089942
5,92,21.012971586754773
5,93,19.61529227244671
5,94,22.9808573319649
5,95,24.54827707573564
5,96,25.66046710082142
6,1,14.818057828128543
6,2,12.40335565643496
6,3,9.222572639068478
6,4,6.580544514321611
6,5,3.8281180124972063
6,7,3.8756038933183405
6,8,6.585709752064594
6,9,8.639549404420537
6,10,12.272368400738214
6,11,14.061312063370826
6,12,16.77620875363406
6,13,16.166755856002116
6,14,18.997570760451392
6,15,20.196673535044447
6,16,23.373687921041245
6,17,26.132702104068954
6,18,28.886863540140656
6,19,32.33824958537023
6,20,33.76153447991212
6,21,37.46486671650317
6,22,37.27671344008026
6,23,35.910984139325954
6,24,38.30681807771698
6,25,41.55350723270542
6,26,42.389987414537394
6,27,45.700999187024166
6,28,44.2107243776466
6,29,41.337735078283444
6,30,43.69818116986093
6,31,42.970024126226754
6,32,40.32259516197538
6,33,38.27303083380064
6,34,37.616959513318896
6,35,34.86457254708426
6,36,33.25533138565573
6,37,29.855527846747588
6,38,28.394149663556163
6,39,25.103740157555695
6,40,24.117868702001953
6,41,21.581879930915733
6,42,19.819558575859027
6,43,17.44575779735471
6,44,14.4492418075885
6,45,11.154877818798832
6,46,10.558441006603703
6,47,11.941855636120206
6,48,11.28259428326282
6,49,15.021290365980207
6,50,16.526743869774695
6,51,19.632881854273354
6,52,18.088556360392744
6,53,17.286684015559068
6,54,16.12382583843377
6,55,19.53555732134418
6,56,21.48790153614217
6,57,23.459045379957082
6,58,25.88149162814582
6,59,26.776911027937096
6,60,29.07489089966873
6,61,31.666978083111193
6,62,32.2215416672928
6,63,35.22788329574128
6,64,35.55881694227145
6,65,38.60876443878052
6,66,38.474313054476625
6,67,41.34072122754611
6,68,42.59779136785339
6,69,44.19669023316219
6,70,46.64156863889197
6,71,47.73745918808976
6,72,49.880204282229734
6,73,52.68226340142548
6,74,56.06128741631755
6,75,54.304284266208064
6,76,50.781485174757435
6,77,49.71510901193088
6,78,47.14520592459675
6,79,46.59219137832485
6,80,44.34448221572303
6,81,41.83106983223034
6,82,39.546964706056755
6,83,36.08466445898484
6,84,34.0956926210485
6,85,30.372319757597044
6,86,28.1009393084325
6,87,25.4243528554457
6,88,22.88828929935276
6,89,22.85677632755064
6,90,20.729005254334023
6,91,18.196890264996657
6,92,17.757152613439505
6,93,16.732236343071587
6,94,20.320541079404872
6,95,22.243293188221358
6,96,23.76989482073723
7,1,18.202248036436078
7,2,15.546415192682641
7,3,12.749715883158123
7,4,9.832287511759318
7,5,6.51696605700051
7,6,3.8756038933183405
7,8,3.8406946392056676
7,9,5.917570004486427
7,10,9.086408435255866
7,11,11.544185911596855
7,12,14.525148959019608
7,13,14.369270712316387
7,14,17.524492747196412
7,15,18.395287483121066
7,16,21.661531101445128
7,17,24.020587050021536
7,18,26.825488293282756
7,19,30.16366510960003
7,20,31.365844993129613
7,21,35.02335468018407
7,22,34.53108309887906
7,23,33.046458731000335
7,24,35.57774902886724
7,25,38.81283877320532
7,26,39.54196879824495
7,27,42.96809994646405
7,28,41.64045667820878
7,29,38.957637900552484
7,30,41.54447488086675
7,31,40.89644432455662
7,32,38.46215623824364
7,33,36.41618832570028
7,34,36.04833552109913
7,35,33.40264245152607
7,36,31.645784190041415
7,37,28.202310358066
7,38,26.79102980155864
7,39,23.555514082084173
7,40,22.114961020366493
7,41,19.429123595781046
7,42,17.180354924132192
7,43,14.418151143891938
7,44,11.394542816030139
7,45,7.794382171019231
7,46,6.702179797797693
7,47,8.249988230714731
7,48,8.255386274167988
7,49,11.891499251562289
7,50,13.27286721085401
7,51,16.10799409056016
7,52,14.368066670884643
7,53,13.416218198676042
7,54,12.380510516343037
7,55,15.916696870803996
7,56,18.162410853789957
7,57,20.25611069333535
7,58,22.852460600113766
7,59,23.834375736283576
7,60,26.417202405545133
7,61,28.99290508448036
7,62,29.882673940052033
7,63,32.927653231156356
7,64,33.53659840480322
7,65,36.68540306590191
7,66,36.60845604395996
7,67,39.50396156701123
7,68,40.590297418022104
7,69,42.374925050110676
7,70,44.65854015619872
7,71,45.90183462350557
7,72,47.8716036883661
7,73,50.660471851701175
7,74,54.14560583585853
7,75,52.5448876053811
7,76,49.07828820140995
7,77,47.86583032213152
7,78,45.38897527266893
7,79,44.61107619908377
7,80,42.35423308195897
7,81,39.62434544357666
7,82,37.24178691150497
7,83,33.67099901082501
7,84,31.510382155794616
7,85,27.88241860569228
7,86,25.35860411068157
7,87,22.89364739438572
7,88,20.170246358406764
7,89,20.41840475647835
7,90,18.079996489252963
7,91,15.162987284974006
7,92,14.515834635204463
7,93,13.198189785146178
7,94,16.678354086453744
7,95,18.609505979541797
7,96,20.00565743016815
8,1,20.72858022143633
8,2,17.965691290629575
8,3,15.151963490602354
8,4,12.837907268211916
8,5,9.27701601928212
8,6,6.585709752064594
8,7,3.8406946392056676
8,9,3.8366362164688215
8,10,6.662564710542884
8,11,8.529644412111129
8,12,11.055480199931635
8,13,10.637327236736557
8,14,13.777889928481946
8,15,14.600376982154755
8,16,17.940784585233942
8,17,20.274488442034905
8,18,23.19345377944028
8,19,26.46961810641505
8,20,27.813105951124893
8,21,31.5125853174213
8,22,31.12610379108351
8,23,29.553980406518296
8,24,31.956081646503034
8,25,35.25080648013495
8,26,36.13667726407267
8,27,39.53710370557726
8,28,38.27067580535565
8,29,35.584908819876205
8,30,38.14783174050036
8,31,37.34941923689219
8,32,34.88339506106362
8,33,32.73072648770016
8,34,32.33069011499077
8,35,29.684254049200337
8,36,28.005096887248254
8,37,24.500768260900788
8,38,23.004406699558565
8,39,19.760243544942014
8,40,18.28101791543227
8,41,15.6685976168592
8,42,13.468214029496744
8,43,10.972262039296176
8,44,7.869044413143242
8,45,4.6805606211643624
8,46,5.531941689703264
8,47,8.368924058259914
8,48,9.946828910428618
8,49,13.221819621614275
8,50,14.440829489851804
8,51,16.565048567058525
8,52,14.170750992372906
8,53,12.2515986590959
8,54,10.36628481223384
8,55,13.500707501013595
8,56,15.36092231459811
8,57,17.80125604344098
8,58,20.00657133160565
8,59,20.595311121872715
8,60,23.001098317201837
8,61,25.431219738851432
8,62,26.184195216902822
8,63,29.16150843509235
8,64,29.71000240846802
8,65,32.84559075847325
8,66,32.78304327919846
8,67,35.71034704020493
8,68,36.85174617881279
8,69,38.702262082717304
8,70,41.04213243357972
8,71,42.38998765969355
8,72,44.42893344387011
8,73,47.127609799579126
8,74,50.60116149448284
8,75,48.94405671199083
8,76,45.448832075494764
8,77,44.15620506034157
8,78,41.63344733661313
8,79,40.81567584521074
8,80,38.52616106423394
8,81,35.811722638984584
8,82,33.43262361525379
8,83,29.882228408637424
8,84,27.7751356932194
8,85,24.11635463332622
8,86,21.70705591668243
8,87,19.246425151746507
8,88,16.73243147929691
8,89,17.248755129431803
8,90,15.323233216653504
8,91,12.582423657949983
8,92,12.769973784597399
8,93,12.146675206808832
8,94,15.657700981972035
8,95,18.168628836665683
8,96,19.46097294745133
9,1,23.3873144192836
9,2,20.858927178522478
9,3,17.720972247274293
9,4,15.19533364916298
9,5,12.033516041649944
9,6,8.639549404420537
9,7,5.917570004486427
9,8,3.8366362164688215
9,10,3.7976183674190485
9,11,5.734459297946583
9,12,9.081511925265982
9,13,9.927428037568916
9,14,13.588112358504212
9,15,15.012458046014467
9,16,18.666423585081127
9,17,20.698411297835612
9,18,23.97820112733159
9,19,26.916996805877282
9,20,28.43114313248191
9,21,32.128412597722836
9,22,31.57022139653176
9,23,29.56421521398809
9,24,31.761013127282816
9,25,35.236512223144494
9,26,36.35258160038548
9,27,39.86337322940348
9,28,38.95486438043015
9,29,36.49396984132171
9,30,39.18510187045066
9,31,38.15178883836557
9,32,35.75354991304777
9,33,33.32162012473287
9,34,32.853823786329336
9,35,30.199181527871087
9,36,28.848833109204108
9,37,25.17800475339055
9,38,23.223351961445964
9,39,19.749752634178446
9,40,17.729042347600167
9,41,14.546294891897357
9,42,12.467922146879676
9,43,9.584783531196992
9,44,7.606163558786289
9,45,4.8952843508145865
9,46,5.636044169728893
9,47,7.297726713000642
9,48,9.154346383396422
9,49,12.271738291981405
9,50,14.279632654155083
9,51,15.90982437056184
9,52,12.978391348949835
9,53,11.286365551901845
9,54,8.764961346488302
9,55,11.54698885870838
9,56,13.011081173489433
9,57,14.87590097980007
9,58,17.24981628983196
9,59,18.332961943685383
9,60,20.847317423897938
9,61,23.66611075920434
9,62,24.67471513991143
9,63,27.951804433828556
9,64,28.884485623211294
9,65,32.26220317886734
9,66,32.63984750807689
9,67,35.808943778915825
9,68,37.133780056473285
9,69,39.297278559022054
9,70,41.70363856015451
9,71,43.36607668235317
9,72,45.43661070721857
9,73,47.928768469008055
9,74,51.42118375223147
9,75,49.70722969649791
9,76,46.170358868889146
9,77,44.5811580203917
9,78,41.91642457625346
9,79,40.80019577483429
9,80,38.24278228462548
9,81,35.439504654481695
9,82,32.745166123722186
9,83,29.279684392607177
9,84,26.7925293319061
9,85,23.197982034351067
9,86,20.459126928963396
9,87,17.692042320484624
9,88,14.707257232310504
9,89,14.595902961045727
9,90,12.216298058923257
9,91,9.563179027127788
9,92,9.575752980836258
9,93,9.547194771473773
9,94,13.319962132892133
9,95,16.194309236199324
9,96,18.11186987448007
10,1,27.006566805750033
10,2,24.37658392847402
10,3,21.375820922665298
10,4,18.75416233520818
10,5,15.462753495224302
10,6,12.272368400738214
10,7,9.086408435255866
10,8,6.662564710542884
10,9,3.7976183674190485
10,11,3.8403689400463366
10,12,7.329716801995395
10,13,9.258042870389566
10,14,13.013957340600294
10,15,14.119268810450517
10,16,17.733908465660644
10,17,19.138969227319677
10,18,22.498732566577104
10,19,25.12054247396746
10,20,26.474517894018454
10,21,30.07183139455861
10,22,29.20543814914688
10,23,26.944521099083392
10,24,29.148603996033103
10,25,32.649515040626675
10,26,33.76414207183505
10,27,37.37835156319957
10,28,36.74772191524374
10,29,34.55390745318843
10,30,37.446054376983376
10,31,36.39769652900013
10,32,34.23853138455231
10,33,31.747572941394424
10,34,31.53227397601709
10,35,29.030177183779386
10,36,27.68039571500619
10,37,24.010394900207647
10,38,22.017671680011684
10,39,18.67908063430492
10,40,16.063601521552737
10,41,12.684376619700366
10,42,10.135027869867791
10,43,6.715666366139933
10,44,5.784696701714987
10,45,4.3322941864162665
10,46,5.412663807975607
10,47,6.680230921886743
10,48,9.67397469081572
10,49,11.8151545079574
10,50,13.651311248836967
10,51,14.356044655198716
10,52,10.914600059110763
10,53,8.733453226580218
10,54,5.514018358862545
10,55,7.829410832295967
10,56,9.293967303769227
10,57,11.257187806228652
10,58,13.77393743225989
10,59,15.011630417918026
10,60,17.848831320653233
10,61,20.705336394939543
10,62,22.130147273045505
10,63,25.47647909035197
10,64,26.786943824219282
10,65,30.278299271815786
10,66,30.8321321054305
10,67,34.056395079013406
10,68,35.265676055328775
10,69,37.67373156322115
10,70,39.93675248945734
10,71,41.81977360679394
10,72,43.740897275976266
10,73,46.12583583303717
10,74,49.68733499334278
10,75,48.09661543511291
10,76,44.62278941247708
10,77,42.824459392649835
10,78,40.22357804718427
10,79,38.8238707480996
10,80,36.2046802552317
10,81,33.20130120640182
10,82,30.34960294623567
10,83,26.846200998865807
10,84,24.10410108592456
10,85,20.683729307409052
10,86,17.61699183247863
10,87,15.058709453118764
10,88,11.774481401352578
10,89,11.920466113794912
10,90,9.271143149240404
10,91,6.098631692334502
10,92,6.242383132004406
10,93,6.685444331675104
10,94,10.238678307816542
10,95,13.507323059250483
10,96,15.411648622563579
11,1,28.508351499036156
11,2,25.989879386635565
11,3,22.799347763846043
11,4,20.633347421917144
11,5,17.430575863289103
11,6,14.061312063370826
11,7,11.544185911596855
11,8,8.529644412111129
11,9,5.734459297946583
11,10,3.8403689400463366
11,12,3.8370486112294113
11,13,6.417388569764529
11,14,10.17966702562637
11,15,12.01513859938788
11,16,15.766474029264145
11,17,17.285398429396743
11,18,20.91530528845189
11,19,23.329340859470918
11,20,25.146830182396553
11,21,28.797074089875128
11,22,28.25163656010427
11,23,25.78910790860307
11,24,27.56587888141298
11,25,31.226892339861113
11,26,32.74037836191487
11,27,36.25121741960122
11,28,35.73262665341109
11,29,33.49939563286134
11,30,36.21446046302321
11,31,34.81058588847327
11,32,32.47910392598448
11,33,29.71722515508909
11,34,29.17358663309106
11,35,26.58191315644145
11,36,25.658274239666785
11,37,21.883212472113314
11,38,19.45307513554534
11,39,15.908128837066146
11,40,13.280992243581645
11,41,9.66774122618094
11,42,8.000721456897772
11,43,5.582360319901589
11,44,6.067965700075895
11,45,6.561006490340524
11,46,8.958187971624756
11,47,10.510880114072313
11,48,13.34625497871716
11,49,15.536766848964922
11,50,17.453949975412055
11,51,17.91537763208625
11,52,14.304052609438681
11,53,11.820410819975239
11,54,8.090124128326888
11,55,8.879356956606992
11,56,8.71094650108673
11,57,10.516281651862325
11,58,12.131050386679078
11,59,12.945281070876703
11,60,15.223764603394338
11,61,18.180078745606618
11,62,19.22270110634238
11,63,22.662146432364615
11,64,23.87303775078859
11,65,27.42012415182721
11,66,28.209790299010958
11,67,31.588541352289774
11,68,33.11752753576824
11,69,35.60786026465931
11,70,38.10244875150527
11,71,40.13752946874382
11,72,42.289246353192105
11,73,44.471777179589736
11,74,47.93222612121111
11,75,46.12374470777577
11,76,42.556558766812735
11,77,40.63564583847792
11,78,37.828543291302296
11,79,36.41260344171061
11,80,33.61055480487282
11,81,30.77125165632481
11,82,27.82784405941114
11,83,24.508917053113127
11,84,21.77208377185127
11,85,18.251488005470506
11,86,15.405308242545882
11,87,12.34300707475292
11,88,9.221269136037645
11,89,8.883995733576128
11,90,6.935096903000622
11,91,5.179341689716787
11,92,7.318332237543961
11,93,9.367778268531467
11,94,12.56709551210403
11,95,16.205465773707655
11,96,18.206659704843496
12,1,30.637657988857796
12,2,28.091221546800732
12,3,24.978166076734862
12,4,23.222870765804
12,5,19.945500627500383
12,6,16.77620875363406
12,7,14.525148959019608
12,8,11.055480199931635
12,9,9.081511925265982
12,10,7.329716801995395
12,11,3.8370486112294113
12,13,3.8196715449185463
12,14,7.029312926341515
12,15,9.13367160739443
12,16,12.792334099229075
12,17,14.20765584586215
12,18,17.979464853592567
12,19,20.168200839068977
12,20,22.30615080500708
12,21,25.955540102251256
12,22,25.690528099682744
12,23,23.142584291257965
12,24,24.58620038735919
12,25,28.320419084065342
12,26,30.115591910710187
12,27,33.50304376509401
12,28,33.03975023252304
12,29,30.783668282757127
12,30,33.3492821933393
12,31,31.698072637684778
12,32,29.280445524223964
12,33,26.354198494917178
12,34,25.649909439660256
12,35,23.05019684724145
12,36,22.39071315440923
12,37,18.590010552910286
12,38,15.909275378257131
12,39,12.333751217146878
12,40,9.618037060400313
12,41,5.933514790463326
12,42,5.212633871813439
12,43,4.809022411314073
12,44,6.554772891155925
12,45,8.744739978171367
12,46,11.890871319168
12,47,13.913495313754328
12,48,16.991478830548054
12,49,19.033395097434543
12,50,20.623838134156713
12,51,20.780876512466676
12,52,17.114514506560184
12,53,14.135930894011919
12,54,10.292480604777726
12,55,9.962229540703344
12,56,8.61405514657294
12,57,10.717742312840628
12,58,11.086149780863764
12,59,10.85870366195115
12,60,12.456481311620555
12,61,15.143503432990865
12,62,15.749741584005521
12,63,19.108402801686914
12,64,20.144120134382494
12,65,23.673844932144352
12,66,24.526527344757888
12,67,27.964815600940767
12,68,29.655929635049592
12,69,32.191125598360635
12,70,34.81057983330656
12,71,36.9482058643327
12,72,39.236604920241064
12,73,41.271766128499685
12,74,44.66011905762882
12,75,42.73067437504381
12,76,39.12289063655012
12,77,37.12944483455866
12,78,34.22519648326485
12,79,32.81118538838575
12,80,29.94479602429049
12,81,27.210128057636
12,82,24.281247878154584
12,83,21.06409017546281
12,84,18.456180585724315
12,85,14.845509750664709
12,86,12.341937077717793
12,87,9.035785388278272
12,88,6.567227741448733
12,89,6.685786892265059
12,90,6.575505110783943
12,91,6.469326255158201
12,92,9.809863565733945
12,93,12.328666171290626
12,94,14.962560420065808
12,95,18.720399333502783
12,96,20.388421929169535
13,1,29.028950839566136
13,2,26.44316012489596
13,3,23.521766985201612
13,4,22.243901200313662
13,5,18.92858740298362
13,6,16.166755856002116
13,7,14.369270712316387
13,8,10.637327236736557
13,9,9.927428037568916
13,10,9.258042870389566
13,11,6.417388569764529
13,12,3.8196715449185463
13,14,3.8255143947888484
13,15,6.195571664238897
13,16,9.97829667740321
13,17,12.198539520792583
13,18,15.842543304512283
13,19,18.447706244075295
13,20,20.77361529796444
13,21,24.535090786959557
13,22,24.73288554204692
13,23,22.609131718656613
13,24,24.056520188838487
13,25,27.68004108071284
13,26,29.45202875252575
13,27,32.65055616820337
13,28,31.800959857122802
13,29,29.203844247864545
13,30,31.5042783848081
13,31,29.87134735014993
13,32,27.1878595322767
13,33,24.373509813089424
13,34,23.46865794516124
13,35,20.723848902748838
13,36,19.934178742933668
13,37,16.130286669139707
13,38,13.63203666781423
13,39,9.968441065778926
13,40,8.237984368587568
13,41,5.59200003730662
13,42,5.5527210490141305
13,43,6.466210821321329
13,44,6.675950744163262
13,45,9.010523664148483
13,46,12.681551559238782
13,47,15.462959727007586
13,48,18.45611226917339
13,49,20.840582813558544
13,50,22.08168812740065
13,51,22.618640197634466
13,52,19.188967096451556
13,53,15.943909182634908
13,54,12.351892879629718
13,55,12.536092045353318
13,56,11.651305636603695
13,57,14.246339991057127
13,58,14.329295624710838
13,59,13.3509714539044
13,60,14.384379331856525
13,61,16.401056421750287
13,62,16.28271407715792
13,63,19.182067087542805
13,64,19.50158993974187
13,65,22.724330862655975
13,66,23.105178511619176
13,67,26.36727445529471
13,68,28.079132374844264
13,69,30.27846514646135
13,70,33.022115840433756
13,71,34.885421155304755
13,72,37.329314865544134
13,73,39.49796863452753
13,74,42.81500037690981
13,75,40.782388002867506
13,76,37.124111907575994
13,77,35.41174094274529
13,78,32.50863458410814
13,79,31.483385915701813
13,80,28.826769116030512
13,81,26.327111713991513
13,82,23.775319410998808
13,83,20.551618336136517
13,84,18.542816009731133
13,85,14.745796538037023
13,86,13.023089719418348
13,87,10.032719239769495
13,88,8.854439507028557
13,89,9.72684400007715
13,90,10.335581027110628
13,91,10.037247487356161
13,92,13.137651638146476
13,93,15.103158547863009
13,94,17.862720646789622
13,95,21.466383306055384
13,96,22.751352955996342
14,1,30.777988828160904
14,2,28.221571739022846
14,3,25.496628592617217
14,4,24.67355358828721
14,5,21.418210861940743
14,6,18.997570760451392
14,7,17.524492747196412
14,8,13.777889928481946
14,9,13.588112358504212
14,10,13.013957340600294
14,11,10.17966702562637
14,12,7.029312926341515
14,13,3.8255143947888484
14,15,3.834130315306383
14,16,7.065747058666674
14,17,9.68735681299803
14,18,13.241152272230106
14,19,15.762606366292875
14,20,18.494198755616015
14,21,22.226271227218497
14,22,22.939590798731512
14,23,21.007781482465173
14,24,22.08897900463473
14,25,25.646840011014678
14,26,27.64192155229992
14,27,30.584562286486218
14,28,29.612532706396244
14,29,26.859589034688668
14,30,28.850463186930835
14,31,26.99384304046369
14,32,24.100639025976133
14,33,21.197211139863263
14,34,19.996528376736183
14,35,17.16409332176679
14,36,16.618319886772625
14,37,12.827401793520012
14,38,10.156186117875352
14,39,6.422859309708749
14,40,5.801026082174204
14,41,4.992070463297942
14,42,6.650853797871016
14,43,9.138121542364736
14,44,9.545193685391999
14,45,12.263133511759449
14,46,16.04210373608096
14,47,19.042779061810513
14,48,22.094695177215797
14,49,24.44406666526607
14,50,25.437522508266554
14,51,25.881575814925938
14,52,22.51605074152038
14,53,19.051620688117804
14,54,15.58630109827502
14,55,15.358267892664763
14,56,14.084965457396539
14,57,16.736474017756706
14,58,16.058353883955316
14,59,14.232871270237636
14,60,14.380173631813088
14,61,15.653687705770691
14,62,14.723203153824754
14,63,17.11897915445466
14,64,16.808742210539712
14,65,19.754276454094914
14,66,19.917699574457608
14,67,23.109440965066597
14,68,24.991307616397904
14,69,27.03799572657432
14,70,29.95849298324569
14,71,31.772665022766695
14,72,34.41610708239123
14,73,36.49636647907993
14,74,39.695738620137604
14,75,37.50266469759467
14,76,33.79061891399838
14,77,32.156541122559716
14,78,29.168574298470237
14,79,28.358025242312777
14,80,25.76976039930771
14,81,23.53656379707432
14,82,21.253170573298952
14,83,18.216802351330536
14,84,16.763440058529696
14,85,12.984430120550176
14,86,12.252649027611065
14,87,9.645744945356713
14,88,9.975995501201444
14,89,11.276543071609947
14,90,12.946363522680645
14,91,13.24776949044643
14,92,16.60273611765819
14,93,18.657544541387534
14,94,21.155414601375252
14,95,24.742750702055726
14,96,25.750714597138398
15,1,31.62642280995697
15,2,28.862932162676692
15,3,26.508846690155874
15,4,25.65505254655485
15,5,22.185185925840237
15,6,20.196673535044447
15,7,18.395287483121066
15,8,14.600376982154755
15,9,15.012458046014467
15,10,14.119268810450517
15,11,12.01513859938788
15,12,9.13367160739443
15,13,6.195571664238897
15,14,3.834130315306383
15,16,3.813319081661519
15,17,6.466771766076518
15,18,9.851798947411293
15,19,12.770062409342707
15,20,15.163857262313185
15,21,18.950122602171458
15,22,19.633532643262317
15,23,18.03904135638472
15,24,19.46782662727443
15,25,22.84347315940523
15,26,24.543965554304588
15,27,27.485754768835626
15,28,26.29036145343682
15,29,23.44648668302468
15,30,25.542032344974796
15,31,23.964386496534285
15,32,21.195431385073693
15,33,18.579494922430815
15,34,17.874799349972402
15,35,15.213650837827812
15,36,13.946502068504795
15,37,10.211137473680116
15,38,8.423815323393903
15,39,5.56642169746216
15,40,5.2280100616440395
15,41,6.0253734432861545
15,42,6.450217267241222
15,43,9.258273766742576
15,44,9.311388853450246
15,45,12.439743278884185
15,46,16.172050584704092
15,47,19.428908623990353
15,48,22.715337493659845
15,49,24.756850247755946
15,50,25.177991132468158
15,51,25.431914289967857
15,52,22.297787257290917
15,53,18.562922736965348
15,54,15.522628476289213
15,55,15.204937686219495
15,56,14.33922668304456
15,57,17.520608245114616
15,58,16.830623642255688
15,59,14.569544779060932
15,60,14.90215961638475
15,61,15.47722090106139
15,62,14.68257502729808
15,63,16.5456939817317
15,64,16.063468450790943
15,65,18.724020350660556
15,66,18.302374221846907
15,67,21.19438095856858
15,68,22.616020580658525
15,69,24.533894149864942
15,70,27.21523305304741
15,71,28.87624515262559
15,72,31.333273972299516
15,73,33.62099314783632
15,74,36.93230854708966
15,75,34.9557368033017
15,76,31.333879761575304
15,77,29.856890325526727
15,78,27.143820004737524
15,79,26.41822592070817
15,80,24.16866368507664
15,81,21.763224572942967
15,82,19.79924105641167
15,83,16.49230490316936
15,84,15.415206669315198
15,85,11.74001114522224
15,86,11.305113349533924
15,87,9.816535968769614
15,88,10.698089993673
15,89,13.079760122594386
15,90,14.708500733523113
15,91,14.47998497344972
15,92,17.677245776729496
15,93,19.274204526096543
15,94,21.373696652225966
15,95,24.721527521887136
15,96,25.149809999833547
16,1,33.90387754247036
16,2,31.118607174186618
16,3,29.059140083568266
16,4,28.464768203538696
16,5,25.015592072616275
16,6,23.373687921041245
16,7,21.661531101445128
16,8,17.940784585233942
16,9,18.666423585081127
16,10,17.733908465660644
16,11,15.766474029264145
16,12,12.792334099229075
16,13,9.97829667740321
16,14,7.065747058666674
16,15,3.813319081661519
16,17,3.811401962618846
16,18,6.486218104694511
16,19,9.581228521538069
16,20,12.146768267788945
16,21,15.864909120985056
16,22,17.069902878884694
16,23,15.942557908937003
16,24,17.175570688691742
16,25,20.289244604774474
16,26,21.99794947955535
16,27,24.65559380462275
16,28,23.220370775249567
16,29,20.188815688234293
16,30,22.030208352142367
16,31,20.40937457084633
16,32,17.518978818417608
16,33,15.02451735499869
16,34,14.391861377847373
16,35,11.81223848675896
16,36,10.213384675346965
16,37,6.573946103747288
16,38,5.706628046366478
16,39,4.629832935665938
16,40,6.058032362636487
16,41,8.642964756370453
16,42,9.386299418782572
16,43,12.475999776231133
16,44,12.573489779126854
16,45,15.739926592528457
16,46,19.36022709114013
16,47,22.703188552291568
16,48,26.047209075192477
16,49,27.935523701860397
16,50,28.022616708268753
16,51,28.13260738788132
16,52,25.16807483232366
16,53,21.320332069299077
16,54,18.575240739686887
16,55,18.01008574881385
16,56,17.085269803082138
16,57,20.312341281250017
16,58,19.220785066183975
16,59,16.437180920788293
16,60,16.254990107951688
16,61,15.932295303504697
16,62,14.637974174336538
16,63,15.617719259563623
16,64,14.472849298936524
16,65,16.544208060932814
16,66,15.497537324504828
16,67,18.044945067223008
16,68,19.297382283266103
16,69,20.967575953920818
16,70,23.653914659255403
16,71,25.174231921093213
16,72,27.700413716926647
16,73,30.025151840462318
16,74,33.294750218763745
16,75,31.307518964430287
16,76,27.697575226763643
16,77,26.39015300004876
16,78,23.78825221522064
16,79,23.321926238307217
16,80,21.386134841936755
16,81,19.162432694600685
16,82,17.723829838043756
16,83,14.550539341921072
16,84,14.33348699944994
16,85,11.085866715853099
16,86,11.773464794633647
16,87,11.343050464850478
16,88,13.180927512160954
16,89,15.889039368437587
16,90,17.921310349188015
16,91,17.847083331272806
16,92,21.061664575914794
16,93,22.566047102486067
16,94,24.357509752807267
16,95,27.55981517001255
16,96,27.612969753803245
17,1,37.17706830017559
17,2,34.29775175773629
17,3,32.27475183145096
17,4,31.42850200276211
17,5,27.848807187012376
17,6,26.132702104068954
17,7,24.020587050021536
17,8,20.274488442034905
17,9,20.698411297835612
17,10,19.138969227319677
17,11,17.285398429396743
17,12,14.20765584586215
17,13,12.198539520792583
17,14,9.68735681299803
17,15,6.466771766076518
17,16,3.811401962618846
17,18,3.8535329259978406
17,19,6.355206641770405
17,20,8.814017308721743
17,21,12.558396166658085
17,22,13.52204574083193
17,23,12.169045446761642
17,24,13.413203340886183
17,25,16.584615029535286
17,26,18.340013787361546
17,27,21.115149561428904
17,28,19.943722599938827
17,29,17.189176727189373
17,30,19.347205217923097
17,31,17.706046155806323
17,32,15.207711608814959
17,33,12.654218687572016
17,34,12.734038478549943
17,35,10.638818863424724
17,36,8.77745199716754
17,37,5.42794386537267
17,38,5.321131057011432
17,39,5.918936808938956
17,40,6.216362930158845
17,41,9.311115781772829
17,42,9.787672894142114
17,43,13.068885580694692
17,44,13.848017711217645
17,45,17.358590059657875
17,46,20.77931853675866
17,47,23.882420167711402
17,48,27.452001070372514
17,49,28.893047274389485
17,50,28.760431821193265
17,51,28.3694800904104
17,52,25.43872957392716
17,53,21.530768752198828
17,54,19.008388145109677
17,55,17.800089041899746
17,56,16.63956975794244
17,57,19.805496732086112
17,58,18.332497908540326
17,59,15.15205119800782
17,60,14.809608123428903
17,61,13.771434764499393
17,62,12.691713367779972
17,63,13.187030043836439
17,64,12.29464665602658
17,65,14.296604760882559
17,66,13.177994322579458
17,67,15.686402696624034
17,68,16.578944948853863
17,69,18.621122019067506
17,70,21.043972199281523
17,71,22.87668869345778
17,72,25.165902081675082
17,73,27.40007500654191
17,74,30.810593692237386
17,75,29.034308026217957
17,76,25.524421433446694
17,77,23.95426810405727
17,78,21.522379023460065
17,79,20.675192588002165
17,80,18.780602637354214
17,81,16.17989912653061
17,82,14.718073312048853
17,83,11.311575264923535
17,84,11.236907805226629
17,85,8.406614049564071
17,86,9.55449788428472
17,87,10.353361731817222
17,88,12.791017039105991
17,89,15.981114169890791
17,90,18.24981403031711
17,91,18.31875909468628
17,92,21.53295937553369
17,93,23.07386702653023
17,94,24.296434442188183
17,95,27.361053642225333
17,96,27.111455887937606
18,1,39.113609808919215
18,2,36.195889379031904
18,3,34.48909245614753
18,4,33.81461840453115
18,5,30.249258326245748
18,6,28.886863540140656
18,7,26.825488293282756
18,8,23.19345377944028
18,9,23.97820112733159
18,10,22.498732566577104
18,11,20.91530528845189
18,12,17.979464853592567
18,13,15.842543304512283
18,14,13.241152272230106
18,15,9.851798947411293
18,16,6.486218104694511
18,17,3.8535329259978406
18,19,3.848980259042914
18,20,5.805295761565481
18,21,9.44446950797109
18,22,11.044798621822807
18,23,10.702461571060692
18,24,11.961378421816653
18,25,14.50406063952582
18,26,15.952874586610603
18,27,18.37939711949803
18,28,16.759090715899966
18,29,13.711350074526807
18,30,15.69420418738646
18,31,14.271157063936228
18,32,11.801896380988277
18,33,9.784995562363038
18,34,10.570174823851932
18,35,9.06771803573045
18,36,6.140543223060644
18,37,4.25607988323806
18,38,6.695641838416812
18,39,8.888155838534185
18,40,9.927688729524684
18,41,13.157207062986611
18,42,13.445301093999662
18,43,16.50294039678823
18,44,16.97469292463627
18,45,20.330596936483015
18,46,23.58619484203913
18,47,26.770655869611765
18,48,30.32425067304526
18,49,31.631171848827673
18,50,31.13556892788592
18,51,30.68756708847644
18,52,28.02607598076327
18,53,24.10703645603539
18,54,21.967620943341448
18,55,20.81064293621679
18,56,19.898607192656556
18,57,23.125615170336562
18,58,21.61430758645842
18,59,18.311591294684806
18,60,17.843986002084325
18,61,16.20884120654302
18,62,14.990981690843803
