1,2,3.8764975361900578
1,3,6.70239304428394
1,4,9.997955599798333
1,5,12.953540774640771
1,6,15.501099557387485
1,7,19.01492845806158
1,8,20.95103061958889
1,9,23.483100250450594
1,10,22.41012414550407
1,11,24.763150184750533
1,12,25.697086517845683
1,13,28.492869411886474
1,14,31.514317006036563
1,15,34.055938722354206
1,16,37.670309323071045
1,17,39.402912113859365
1,18,43.19024506413834
1,19,43.417205469670336
1,20,42.312548555226236
1,21,45.60147862798591
1,22,47.915592041603325
1,23,47.540217031861026
1,24,51.20493574056424
1,25,50.3311840273923
1,26,47.77781169523193
1,27,50.34760702752851
1,28,48.51345535800179
1,29,45.70211089774356
1,30,43.438422351787146
1,31,42.353887898002796
1,32,39.56536003368624
1,33,37.92089464283796
1,34,34.735729380321736
1,35,33.580185207539856
1,36,30.526688478889053
1,37,30.05873691409343
1,38,27.887642927408397
1,39,26.224983821558613
1,40,23.90861544576897
1,41,20.581904033254418
1,42,17.294036249999216
1,43,16.30014194992892
1,44,17.435146164914045
1,45,15.839877122308057
1,46,19.024037547848874
1,47,20.227619143719277
1,48,23.628301149941926
1,49,22.686799121917954
1,50,22.738126901407544
1,51,22.276061080115973
1,52,25.888913280936677
1,53,28.1627783630081
1,54,30.23426375655811
1,55,32.728104083312786
1,56,33.56684999151418
1,57,35.77522045099859
1,58,38.266855759264445
1,59,38.51985341912739
1,60,41.38145961748969
1,61,41.29918048961449
1,62,44.08163436752831
1,63,43.74843269986442
1,64,46.467349245059964
1,65,47.89973861482913
1,66,49.31606085657587
1,67,51.978129334721466
1,68,52.97077397739863
1,69,55.601124510956964
1,70,58.243907977029465
1,71,61.315544633520155
1,72,59.14455928894339
1,73,55.47451676935516
1,74,54.648908352188926
1,75,51.94280084893515
1,76,51.8826567353668
1,77,49.69227777238154
1,78,47.565863803354475
1,79,45.47120147220593
1,80,42.13129063946808
1,81,40.38482260269663
1,82,36.61062721228466
1,83,34.5772761699335
1,84,31.95109050313958
1,85,29.610200148289234
1,86,29.696308599186043
1,87,27.631092583967618
1,88,25.033002940389167
1,89,24.40977745462166
1,90,22.764228301398084
1,91,25.966370446277658
1,92,27.237420360177044
2,1,3.8764975361900578
2,3,3.8289223827756116
2,4,6.532770445389505
2,5,9.319483773551879
2,6,12.186980372362346
2,7,15.538158498895696
2,8,17.60104373523725
2,9,20.106228145530253
2,10,19.071266735977556
2,11,21.53559103005575
2,12,22.275787321956763
2,13,25.122655823701958
2,14,27.992602037042943
2,15,30.57239715612528
2,16,34.156480381637955
2,17,35.81090710908985
2,18,39.59679119432336
2,19,39.70304129941597
2,20,38.61313211524613
2,21,41.959559241557336
2,22,44.24121562723542
2,23,43.81484636527678
2,24,47.501784770499036
2,25,46.725938168949384
2,26,44.26673262496942
2,27,46.916081108300595
2,28,45.11948087337079
2,29,42.399454957097824
2,30,40.122516479472495
2,31,39.180895570779754
2,32,36.43375882817319
2,33,34.69216660058154
2,34,31.455738577167285
2,35,30.32749350136041
2,36,27.291118273953973
2,37,26.6347508645739
2,38,24.448026702411923
2,39,22.58431615306569
2,40,20.210219059124167
2,41,16.803949105574148
2,42,13.513544209934773
2,43,12.626387985884936
2,44,14.136623385718712
2,45,13.093920768186354
2,46,16.40650518622551
2,47,17.47704780879355
2,48,20.67762513116374
2,49,19.44318437539906
2,50,19.161094710999574
2,51,18.60722157972569
2,52,22.200983360460594
2,53,24.529503835763038
2,54,26.77435825451702
2,55,29.238667359417505
2,56,29.98698277636788
2,57,32.27818283538168
2,58,34.70137107969534
2,59,35.06956666490108
2,60,37.921506459790905
2,61,37.94267266184043
2,62,40.77352447580418
2,63,40.44039101144774
2,64,43.179064616334635
2,65,44.522357564992056
2,66,46.0470564174838
2,67,48.632052379767586
2,68,49.71249014576059
2,69,52.266358442451086
2,70,54.912711752243
2,71,58.06217082332034
2,72,55.97271045067824
2,73,52.31274233383148
2,74,51.39651224037757
2,75,48.73274099839528
2,76,48.5512088965937
2,77,46.357996462438
2,78,44.10833667713606
2,79,41.97538915669974
2,80,38.56545678322987
2,81,36.76845870128101
2,82,33.02074921483631
2,83,30.917995314545117
2,84,28.409279372299903
2,85,26.064474756624236
2,86,26.374691491521183
2,87,24.33829961064313
2,88,21.607552525120834
2,89,21.09987525676066
2,90,19.458278978972345
2,91,22.63950253595878
2,92,24.03560682885854
3,1,6.70239304428394
3,2,3.8289223827756116
3,4,3.8510306097860654
3,5,6.583513255399979
3,6,8.821314489453371
3,7,12.423762881293957
3,8,14.26879438537465
3,9,16.95273383473611
3,10,16.284452114037997
3,11,19.072886309141328
3,12,20.26834336000219
3,13,23.459433520804925
3,14,26.271449929240354
3,15,29.18358630312506
3,16,32.60087222659496
3,17,34.466322312738384
3,18,38.29451021746623
3,19,38.25918683770009
3,20,36.86876659311009
3,21,40.20017774447291
3,22,42.68138665228047
3,23,42.433915595732735
3,24,46.20044371382005
3,25,45.63749505054106
3,26,43.362564859850416
3,27,45.99388172426166
3,28,44.0214089944436
3,29,41.27367240546103
3,30,38.74395734129061
3,31,37.6861878398791
3,32,34.884647468733625
3,33,33.397418441119854
3,34,29.954935660928204
3,35,28.43761752680418
3,36,25.153951386009478
3,37,24.20496821646998
3,38,21.691984255856596
3,39,19.974589013575784
3,40,17.506387540114684
3,41,14.434344088457125
3,42,11.121580824419965
3,43,10.502996061085277
3,44,11.95866393139567
3,45,11.282570354097144
3,46,14.975202038384365
3,47,16.67437148513234
3,48,19.429211591066082
3,49,17.644858695629583
3,50,17.269323116491705
3,51,16.18764757318085
3,52,19.624574628676076
3,53,21.64403489464547
3,54,23.648468203288974
3,55,26.067691851933358
3,56,26.96552083920858
3,57,29.206068390297908
3,58,31.829576321616102
3,59,32.244779306856096
3,60,35.27585638198834
3,61,35.487015211716546
3,62,38.48867462605292
3,63,38.46349373936975
3,64,41.410322700504445
3,65,42.9349534017703
3,66,44.707311398761846
3,67,47.37796207386494
3,68,48.731809699484735
3,69,51.33240787983367
3,70,53.80857331299864
3,71,56.982992008942716
3,72,54.831794898048905
3,73,51.116745028223654
3,74,49.9491661701131
3,75,47.14595008200998
3,76,46.741324596294625
3,77,44.331928202556064
3,78,42.03613482997771
3,79,39.68816678200762
3,80,36.33936455940591
3,81,34.325713150038325
3,82,30.56762851500349
3,83,28.32679130434611
3,84,25.57664494152489
3,85,23.06027824162894
3,86,23.03898840270079
3,87,20.929137495431245
3,88,18.384046350345205
3,89,17.97435874274579
3,90,16.734433991732498
3,91,20.18293080572902
3,92,22.01747902653279
4,1,9.997955599798333
4,2,6.532770445389505
4,3,3.8510306097860654
4,5,3.8346573701989946
4,6,5.9555678984328315
4,7,9.115963684355826
4,8,11.580501676347279
4,9,14.549983342737063
4,10,14.377545742761724
4,11,17.517480401708525
4,12,18.440714107016547
4,13,21.738146404907372
4,14,24.16330579791575
4,15,27.14210402796965
4,16,30.44586358327084
4,17,32.112246775027366
4,18,35.90031722197151
4,19,35.56132668177712
4,20,34.22331421871571
4,21,37.68257080377615
4,22,40.074813558374764
4,23,39.670272826036246
4,24,43.468763789331796
4,25,43.12810378968635
4,26,41.05539047808107
4,27,43.850387783038464
4,28,41.998137003729084
4,29,39.452872384636066
4,30,36.93082278377781
4,31,36.136252585636996
4,32,33.43254611286542
4,33,31.803597966024366
4,34,28.307754340604006
4,35,26.81512576375452
4,36,23.560860517717657
4,37,22.14539994391159
4,38,19.44943623301484
4,39,17.28040492348258
4,40,14.432874272144872
4,41,11.373204841831294
4,42,7.76631081460217
4,43,6.674309806985932
4,44,8.246227629384016
4,45,8.21950982887645
4,46,11.898637234118917
4,47,13.528828693220355
4,48,15.965121453747189
4,49,13.935017622230765
4,50,13.422912648603766
4,51,12.416735270488365
4,52,15.955141484856506
4,53,18.223618628179224
4,54,20.297199052857746
4,55,22.89446030188165
4,56,23.918329962804595
4,57,26.440680756799242
4,58,29.08604350279031
4,59,29.842120765453597
4,60,32.942767986582744
4,61,33.446106593276596
4,62,36.57287619422743
4,63,36.61672726889159
4,64,39.60620954726017
4,65,40.9698350222961
4,66,42.93215491547575
4,67,45.43967929667884
4,68,46.92234990021173
4,69,49.354679912267436
4,70,51.84902677457526
4,71,55.148643914139946
4,72,53.15664245495676
4,73,49.48264370357324
4,74,48.171968813544574
4,75,45.45443464091663
4,76,44.822886524903595
4,77,42.39159781554863
4,78,39.86610755189079
4,79,37.3993912405077
4,80,33.93308445218189
4,81,31.727400802096874
4,82,28.049948507841997
4,83,25.54309665604577
4,84,22.964658361172596
4,85,20.232964341698242
4,86,20.41747860846975
4,87,18.08482914284346
4,88,15.19090628778469
4,89,14.568760521970681
4,90,13.0921672208179
4,91,16.454982063457095
4,92,18.304834239606638
5,1,12.953540774640771
5,2,9.319483773551879
5,3,6.583513255399979
5,4,3.8346573701989946
5,6,3.8400317629634513
5,7,6.666680624783713
5,8,8.530507592077365
5,9,11.051887726985665
5,10,10.628233532802453
5,11,13.761546245377938
5,12,14.659139384913342
5,13,18.03667849352695
5,14,20.438492819260105
5,15,23.52600154032598
5,16,26.764145741263988
5,17,28.562393910898546
5,18,32.370471119609356
5,19,32.089999557022715
5,20,30.606809206984746
5,21,34.00901762488651
5,22,36.50086069868135
5,23,36.25449945106744
5,24,40.06711833553564
5,25,39.733756165116745
5,26,37.69574784163446
5,27,40.418766747773205
5,28,38.45382199206268
5,29,35.8758939620357
5,30,33.25864711374141
5,31,32.43109280269269
5,32,29.729404296456202
5,33,28.179390645986558
5,34,24.624257726221582
5,35,23.03986707959054
5,36,19.77001686025479
5,37,18.313923697236195
5,38,15.682421578377241
5,39,13.571389825203802
5,40,10.977522809312594
5,41,7.866290218882957
5,42,4.674488089332403
5,43,5.538321210923043
5,44,8.36420084691182
5,45,9.925455052606575
5,46,13.342960259779279
5,47,14.745017465142192
5,48,16.471921721733345
5,49,13.756744093224412
5,50,12.26013890638211
5,51,10.38963801191513
5,52,13.521981509103114
5,53,15.404884848520696
5,54,17.819102677151204
5,55,20.031915143959516
5,56,20.66770061167775
5,57,23.016922019297215
5,58,25.51897557439758
5,59,26.14236969303044
5,60,29.177290079723868
5,61,29.62370357212262
5,62,32.73932812600089
5,63,32.798753095683324
5,64,35.8188911281689
5,65,37.23139609253397
5,66,39.25753235403782
5,67,41.805640659274395
5,68,43.38890643499156
5,69,45.863394157926614
5,70,48.2687767740045
5,71,51.557108876303516
5,72,49.531811378121155
5,73,45.84253300777898
5,74,44.4535970736303
5,75,41.70124124251439
5,76,41.02514189850074
5,77,38.5658500601215
5,78,36.05230862580001
5,79,33.5901576348862
5,80,30.14598854298297
5,81,27.992468703885436
5,82,24.287214240405234
5,83,21.89254588271643
5,84,19.313195196574647
5,85,16.78461702276542
5,86,17.233692046877177
5,87,15.301610911510073
5,88,12.584708869106235
5,89,12.792154548334718
5,90,12.025692724722616
5,91,15.436975196697903
5,92,17.819612823809567
6,1,15.501099557387485
6,2,12.186980372362346
6,3,8.821314489453371
6,4,5.9555678984328315
6,5,3.8400317629634513
6,7,3.81964057280776
6,8,5.747814649309194
6,9,9.097620603896972
6,10,9.943915959505274
6,11,13.60460062473532
6,12,15.07941478514912
6,13,18.755284214790525
6,14,20.825760929651086
6,15,24.22973540319953
6,16,27.128094301895725
6,17,29.047502686493942
6,18,32.80407952734513
6,19,32.2308380193593
6,20,30.44696284001685
6,21,33.83434669577995
6,22,36.48576889948401
6,23,36.36415345085227
6,24,40.22833748916764
6,25,40.224604966191905
6,26,38.484946962689726
6,27,41.21525265738629
6,28,39.14288628912029
6,29,36.640364273040426
6,30,33.796404686976715
6,31,32.92173054885096
6,32,30.236830400499162
6,33,28.985948572291548
6,34,25.281941111936433
6,35,23.26274835691842
6,36,19.779202471373328
6,37,17.76196727539373
6,38,14.563533564655312
6,39,12.566579108455436
6,40,9.598431889866282
6,41,7.628954356706299
6,42,4.910931592616741
6,43,5.627642916748741
6,44,7.303507457664345
6,45,9.227397794390573
6,46,12.521121867386364
6,47,14.621362070547178
6,48,15.684508572621679
6,49,12.524828448862346
6,50,11.268824856757172
6,51,8.810565815456755
6,52,11.58993451361075
6,53,13.064861141915486
6,54,14.901397523055408
6,55,17.267420772369757
6,56,18.384680437798583
6,57,20.831306493155452
6,58,23.713197118922213
6,59,24.592605979651605
6,60,27.918295451515203
6,61,28.760518006326357
6,62,32.11719998809462
6,63,32.61064761469005
6,64,35.85804173848895
6,65,37.41925034998789
6,66,39.75292151042546
6,67,42.31324306344209
6,68,44.19936687405482
6,69,46.6405299946092
6,70,48.85699989715649
6,71,52.17890178007346
6,72,50.15114757560636
6,73,46.450730496205715
6,74,44.76678826356145
6,75,41.9091283303844
6,76,40.91546614686261
6,77,38.20838073892851
6,78,35.59138165754378
6,79,32.82653605276298
6,80,29.46797062385147
6,81,26.943585201733523
6,82,23.32371107606929
6,83,20.60428511578897
6,84,17.738285832169392
6,85,14.74984820747927
6,86,14.56264063595902
6,87,12.19164853424476
6,88,9.575540160891356
6,89,9.619154995324816
6,90,9.4542677653012
6,91,13.154976428176028
6,92,16.003024869328744
7,1,19.01492845806158
7,2,15.538158498895696
7,3,12.423762881293957
7,4,9.115963684355826
7,5,6.666680624783713
7,6,3.81964057280776
7,8,3.835479845486827
7,9,7.3267582630953685
7,10,9.249224289990744
7,11,13.007160460757538
7,12,14.127650967622928
7,13,17.741542105172627
7,14,19.184061795355497
7,15,22.62952560237356
7,16,25.234757379999436
7,17,26.95687038207952
7,18,30.599425712366543
7,19,29.673486052351304
7,20,27.869121774864546
7,21,31.33400044899187
7,22,33.91854058987337
7,23,33.69943569337044
7,24,37.57483133814728
7,25,37.85503402268669
7,26,36.39620747628906
7,27,39.23902415384568
7,28,37.26593639957192
7,29,35.003463906815334
7,30,32.155451007416005
7,31,31.54873904413658
7,32,29.025117667555087
7,33,27.72824193744251
7,34,24.040151905803672
7,35,22.018537936695136
7,36,18.68119353746722
7,37,16.073460608072267
7,38,12.689611642949284
7,39,10.202488857608147
7,40,6.725029223958213
7,41,5.784145228195279
7,42,4.33142003123074
7,43,5.386243324444227
7,44,6.676456371420014
7,45,9.759805005946834
7,46,12.162193904450467
7,47,13.980993535183815
7,48,14.109834956259208
7,49,10.479718426937438
7,50,8.660379263780841
7,51,5.523590937885653
7,52,7.846246259690483
7,53,9.330709911540055
7,54,11.26856521969096
7,55,13.786316238292617
7,56,15.064369585897394
7,57,17.84825946177017
7,58,20.767204686611404
7,59,22.075858400883803
7,60,25.471557386171337
7,61,26.692031433526605
7,62,30.16839509865354
7,63,30.80213774072987
7,64,34.08668480028233
7,65,35.49679498770822
7,66,38.053650174426465
7,67,40.43417894912795
7,68,42.493503123504055
7,69,44.75324867690334
7,70,46.92078513624272
7,71,50.33939123578818
7,72,48.47152040858539
7,73,44.83867457364439
7,74,42.97358452478202
7,75,40.20730768496378
7,76,38.940409830173245
7,77,36.196161853793086
7,78,33.35475362213551
7,79,30.443852121088515
7,80,27.019906310381728
7,81,24.249172680745712
7,82,20.795901883358624
7,83,17.747125094925916
7,84,15.102643318255272
7,85,11.810971177266637
7,86,11.877909538835475
7,87,9.240806940429742
7,88,6.094060354613261
7,89,6.263025735445356
7,90,6.592894413353603
7,91,10.078188889015957
7,92,13.29415856964594
8,1,20.95103061958889
8,2,17.60104373523725
8,3,14.26879438537465
8,4,11.580501676347279
8,5,8.530507592077365
8,6,5.747814649309194
8,7,3.835479845486827
8,9,3.844702368030208
8,10,6.428795592547058
8,11,10.198837525242293
8,12,12.043009849622912
8,13,15.795681758409563
8,14,17.319484329844514
8,15,21.01031154439133
8,16,23.38950172679691
8,17,25.5319923408542
8,18,29.17524417212395
8,19,28.441002232883168
8,20,26.230550630877325
8,21,29.47000699690899
8,22,32.35047236658702
8,23,32.54755192688686
8,24,36.41536721145053
8,25,36.686545000833846
8,26,35.26315063997137
8,27,37.86608728679005
8,28,35.60112775966228
8,29,33.173652250488686
8,30,30.07638073465385
8,31,29.16374603684956
8,32,26.572171659560635
8,33,25.701295660677825
8,34,21.91655270250364
8,35,19.458431830156186
8,36,15.924029924393398
8,37,13.27930773624113
8,38,9.658351937213197
8,39,8.036364333213067
8,40,5.5194220810486785
8,41,6.072882711443021
8,42,6.560100467839489
8,43,8.934732054090707
8,44,10.502748510595223
8,45,13.446374508429031
8,46,15.899687342895753
8,47,17.77643812753319
8,48,17.656138553222725
8,49,13.890349241912062
8,50,11.723858057311475
8,51,8.063048556602105
8,52,8.851514301045722
8,53,8.708987829543148
8,54,10.517236724422272
8,55,12.120673022829779
8,56,12.941921141313916
8,57,15.162661124609214
8,58,18.15975448175487
8,59,19.08913823006813
8,60,22.56258615212866
8,61,23.697771290565388
8,62,27.222124596707562
8,63,28.10480120577938
8,64,31.538528451788203
8,65,33.248858404393076
8,66,35.89592188292151
8,67,38.47148388604786
8,68,40.706795049097025
8,69,43.1357503267337
8,70,45.0728274541511
8,71,48.38398661767653
8,72,46.34253485086689
8,73,42.65472295534193
8,74,40.6500146280125
8,75,37.704387331973905
8,76,36.39118583536909
8,77,33.473737084773624
8,78,30.79256421838078
8,79,27.798041070461217
8,80,24.574393295187164
8,81,21.812086562614077
8,82,18.288429443980053
8,83,15.459772525320549
8,84,12.335617299575743
8,85,9.219547104912731
8,86,8.84484514293682
8,87,6.912700484239399
8,88,5.178771718608757
8,89,7.351052358277778
8,90,9.310189498802023
8,91,12.465176611378848
8,92,16.05358146279972
9,1,23.483100250450594
9,2,20.106228145530253
9,3,16.95273383473611
9,4,14.549983342737063
9,5,11.051887726985665
9,6,9.097620603896972
9,7,7.3267582630953685
9,8,3.844702368030208
9,10,3.8205189334045366
9,11,7.04261924161283
9,12,9.139185374147129
9,13,12.797145683835959
9,14,14.203407958242742
9,15,18.010919410111416
9,16,20.16744935626712
9,17,22.59295275699657
9,18,26.20508978397837
9,19,25.66740366677662
9,20,23.193607348687593
9,21,26.245173779447196
9,22,29.309827844182518
9,23,29.820951184058387
9,24,33.653563126352154
9,25,33.865767753957776
9,26,32.455958042322685
9,27,34.864458729524536
9,28,32.409872634949146
9,29,29.89660965845828
9,30,26.65948810894691
9,31,25.60453967454444
9,32,23.016746119154664
9,33,22.397840267401094
9,34,18.594735061250372
9,35,15.895879136353656
9,36,12.337900027287017
9,37,9.593491826062559
9,38,5.902428813112583
9,39,5.189029484028338
9,40,4.671163889449133
9,41,6.547280123555012
9,42,8.738324926237881
9,43,11.872526430714528
9,44,13.902682838943386
9,45,17.07398299555688
9,46,19.395718694794294
9,47,20.928722066168728
9,48,20.578045700630927
9,49,16.75266941255574
9,50,14.030307440608956
9,51,10.234321515683577
9,52,9.891715940958244
9,53,8.579055509304428
9,54,10.721065416070859
9,55,11.085759285446379
9,56,10.83656385573059
9,57,12.390444935936822
9,58,15.093487376096826
9,59,15.593647033919407
9,60,18.973904730651704
9,61,19.936400322926573
9,62,23.438414825154187
9,63,24.377472578600827
9,64,27.863396534089485
9,65,29.716433917123958
9,66,32.40530125224453
9,67,35.08086786726834
9,68,37.42005918000242
9,69,39.944570018781675
9,70,41.7320268242095
9,71,44.97223811588395
9,72,42.84221147510274
9,73,39.13598564831169
9,74,37.05888570842126
9,75,34.03683754956852
9,76,32.715503954199384
9,77,29.746346194799166
9,78,27.161747824855937
9,79,24.190640473377528
9,80,21.066946763708234
9,81,18.438996856960664
9,82,14.834753528969136
9,83,12.346053889825209
9,84,8.999190282955501
9,85,6.5461738297379455
9,86,6.713955471244091
9,87,6.60516999481012
9,88,6.483451853541972
9,89,9.841311000990112
9,90,12.289386887788979
9,91,14.886195613843801
9,92,18.524206051735884
10,1,22.41012414550407
10,2,19.071266735977556
10,3,16.284452114037997
10,4,14.377545742761724
10,5,10.628233532802453
10,6,9.943915959505274
10,7,9.249224289990744
10,8,6.428795592547058
10,9,3.8205189334045366
10,11,3.8308523103889938
10,12,6.229942800491976
10,13,10.032572553897115
10,14,12.257339903425331
10,15,15.972571818643505
10,16,18.536486650785655
10,17,21.18243284735653
10,18,24.92918767929693
10,19,24.926416012831368
10,20,22.566893658494514
10,21,25.504927315253727
10,22,28.580855780178293
10,23,29.209669041129885
10,24,32.99323491888214
10,25,32.77565397742676
10,26,30.99217576274702
10,27,33.24438349634931
10,28,30.688838896055632
10,29,27.909125369906857
10,30,24.730090532487477
10,31,23.460065234169186
10,32,20.710675903738913
10,33,20.001430467677295
10,34,16.181176347983715
10,35,13.634093374420296
10,36,9.973762073601888
10,37,8.227047272316318
10,38,5.572671339557101
10,39,5.543967467483887
10,40,6.322581346628716
10,41,6.640097931147812
10,42,8.98616208176825
10,43,12.657845192911209
10,44,15.435851856587922
10,45,18.488652657609013
10,46,21.124036243211535
10,47,22.356946793810074
10,48,22.47825735643595
10,49,18.813936317059937
10,50,15.840844402593468
10,51,12.272002302005463
10,52,12.443297641998592
10,53,11.610191115873866
10,54,14.244946352623156
10,55,14.34043057263225
10,56,13.35040394526014
10,57,14.353692697161938
10,58,16.380325658662528
10,59,16.155872778227565
10,60,19.071963470560696
10,61,19.304868448556423
10,62,22.490631409435093
10,63,22.974820392791454
10,64,26.299058177216022
10,65,28.205379357188956
10,66,30.56929619281366
10,67,33.410814286333704
10,68,35.50461045931897
10,69,38.220473436304445
10,70,40.09994086412409
10,71,43.24292848690766
10,72,40.97274331476491
10,73,37.20583794795168
10,74,35.39813119089957
10,75,32.34912573572701
10,76,31.424438342261436
10,77,28.64670373682402
10,78,26.319488636460125
10,79,23.71845985950093
10,80,20.60245587895479
10,81,18.5687526602978
10,82,14.771472252117364
10,83,13.062087990314597
10,84,10.024346538691347
10,85,8.856922447241535
10,86,9.798813650320392
10,87,10.372209336679234
10,88,10.045831911529797
10,89,13.157222685304115
10,90,15.027326255017124
10,91,17.72791295519267
10,92,21.144117740629532
11,1,24.763150184750533
11,2,21.53559103005575
11,3,19.072886309141328
11,4,17.517480401708525
11,5,13.761546245377938
11,6,13.60460062473532
11,7,13.007160460757538
11,8,10.198837525242293
11,9,7.04261924161283
11,10,3.8308523103889938
11,12,3.8537716894311638
11,13,7.124070971427341
11,14,9.739719883072194
11,15,13.352054225680144
11,16,15.835446410465
11,17,18.853610519292925
11,18,22.556532373771606
11,19,23.029536958056827
11,20,20.533699208291868
11,21,23.152699921967415
11,22,26.358451028024618
11,23,27.33205785223212
11,24,30.99954202206825
11,25,30.522370508968873
11,26,28.588713949444756
11,27,30.55007166323686
11,28,27.778158340355777
11,29,24.79019011873604
11,30,21.522537479594504
11,31,19.97375683399174
11,32,17.140300802120095
11,33,16.68103796291754
11,34,12.87522597244027
11,35,10.152091566440193
11,36,6.422906034100354
11,37,5.786040102061601
11,38,4.9873045372191696
11,39,6.609220204152009
11,40,9.003718313970417
11,41,9.503212350509807
11,42,12.232101966267138
11,43,16.014954634434527
11,44,19.008282451093287
11,45,22.105691560782653
11,46,24.705558490566048
11,47,25.68577138573549
11,48,25.779852280244928
11,49,22.165136502433175
11,50,18.94276595961289
11,51,15.492357107326779
11,52,15.249031609051624
11,53,14.036773441155287
11,54,16.744413467852983
11,55,16.090573991427345
11,56,14.241101498925989
11,57,14.382555328404937
11,58,15.63782482302606
11,59,14.616687870608148
11,60,17.006529301709406
11,61,16.602876557671223
11,62,19.49705408398714
11,63,19.75977129480969
11,64,23.011824044581537
11,65,25.082312334026103
11,66,27.293932131512044
11,67,30.307802606896214
11,68,32.36574563986778
11,69,35.25646864113459
11,70,37.029272839068895
11,71,40.04518672157336
11,72,37.62843428146121
11,73,33.82410996728491
11,74,32.09099147738393
11,75,28.96445556144282
11,76,28.25016812610448
11,77,25.546710527503887
11,78,23.487885770440762
11,79,21.16397557341017
11,80,18.236603676769818
11,81,16.76494332585551
11,82,12.990490402197244
11,83,12.26902278688166
11,84,9.644540842139499
11,85,9.990056818710276
11,86,11.41182500966605
11,87,13.016490219156513
11,88,13.267984904037142
11,89,16.625227037880297
11,90,18.585731404339306
11,91,21.024348557946876
11,92,24.37364407626401
12,1,25.697086517845683
12,2,22.275787321956763
12,3,20.26834336000219
12,4,18.440714107016547
12,5,14.659139384913342
12,6,15.07941478514912
12,7,14.127650967622928
12,8,12.043009849622912
12,9,9.139185374147129
12,10,6.229942800491976
12,11,3.8537716894311638
12,13,3.831028302789917
12,14,6.522172567804898
12,15,9.9881709723599
12,16,12.890946078568822
12,17,15.599497348717396
12,18,19.39947093110689
12,19,19.943650160172936
12,20,17.831675275805395
12,21,20.641434621785784
12,22,23.57438139518252
12,23,24.275619444565372
12,24,27.943873452821563
12,25,27.304155379521358
12,26,25.22813309926586
12,27,27.360436967480155
12,28,24.80961148684219
12,29,21.948242395384458
12,30,18.95101674792873
12,31,17.88217564394529
12,32,15.194936043102457
12,33,14.000099083990193
12,34,10.242856441229558
12,35,8.411197308933806
12,36,5.548979388456044
12,37,5.234193566104066
12,38,6.043137327163768
12,39,6.406683885782615
12,40,9.142170069421217
12,41,9.292377464211935
12,42,12.452510895187293
12,43,16.185067702188537
12,44,19.406462105292874
12,45,22.70982071436702
12,46,24.99284436160024
12,47,25.39862349328989
12,48,25.412594752928502
12,49,21.993148054544722
12,50,18.449848818168388
12,51,15.402399170147381
12,52,15.043678591385085
12,53,14.238981515459459
12,54,17.46531889122051
12,55,16.815209948503078
12,56,14.564533479390901
12,57,14.932595224698797
12,58,15.514120713079931
12,59,14.676112902136191
12,60,16.555522676466296
12,61,15.986551133409991
12,62,18.60665024657458
12,63,18.252954370795152
12,64,21.201686922824678
12,65,22.81564337619966
12,66,24.886988561746524
12,67,27.688627116384996
12,68,29.554488897648405
12,69,32.30789185711126
12,70,34.32942141303766
12,71,37.468134413653125
12,72,35.24085789777133
12,73,31.491390085615233
12,74,29.944564124978495
12,75,27.07740574325514
12,76,26.48426428487186
12,77,24.120684381023306
12,78,21.87686302821883
12,79,19.860833504968344
12,80,16.63016227647123
12,81,15.515024122435682
12,82,11.813530795752232
12,83,11.35628064055176
12,84,9.843297409761995
12,85,10.70118384236826
12,86,13.181408984383411
12,87,14.739430886968186
12,88,14.465210367545618
12,89,17.653602300759886
12,90,19.17366160757324
12,91,21.179348710034795
12,92,24.19572173837729
13,1,28.492869411886474
13,2,25.122655823701958
13,3,23.459433520804925
13,4,21.738146404907372
13,5,18.03667849352695
13,6,18.755284214790525
13,7,17.741542105172627
13,8,15.795681758409563
13,9,12.797145683835959
13,10,10.032572553897115
13,11,7.124070971427341
13,12,3.831028302789917
13,14,3.815304502693963
13,15,6.588931146208425
13,16,9.684403922370329
13,17,12.524449468810992
13,18,16.273426888389004
13,19,17.34623671402996
13,20,15.40713416533043
13,21,17.9478473733795
13,22,20.777865456464532
13,23,21.63232516624544
13,24,25.145051302292842
13,25,24.176568929818437
13,26,21.891781662161875
13,27,23.841809922360458
13,28,21.230904407993048
13,29,18.264306982519127
13,30,15.379572701344644
13,31,14.409037192229889
13,32,11.798679853958138
13,33,10.257987645915405
13,34,6.594246925601759
13,35,5.697078854528609
13,36,4.633905967478781
13,37,6.062067778430926
13,38,8.657093548766749
13,39,9.313359942043407
13,40,12.357214561230293
13,41,12.55579892890911
13,42,15.76435682475475
13,43,19.381887906931425
13,44,22.673187204699488
13,45,26.02376488795563
13,46,28.137803575230233
13,47,28.19890004847088
13,48,28.13789158662359
13,49,24.87307234514356
13,50,21.17792424185807
13,51,18.42033551723199
13,52,17.79325434602691
13,53,16.92672653225671
13,54,20.19778082838775
13,55,19.150332632367753
13,56,16.377479146612387
13,57,16.264689648012013
13,58,15.938526857348391
13,59,14.65898318118113
13,60,15.655314845231407
13,61,14.450410358459639
13,62,16.48191763754412
13,63,15.482957658519524
13,64,18.080673463164004
13,65,19.50956698560615
13,66,21.334787245352985
13,67,24.14309144728642
13,68,25.8602546344196
13,69,28.67887871105358
13,70,30.747819873585012
13,71,33.84826656730399
13,72,31.61666310587039
13,73,27.87694450951075
13,74,26.509445542964347
13,75,23.758402647115258
13,76,23.430880269488004
13,77,21.38891789913423
13,78,19.305681741998544
13,79,17.808517730874723
13,80,14.681480002557345
13,81,14.406814501792805
13,82,11.12084450275598
13,83,11.756698866641337
13,84,11.338063687061965
13,85,13.146204660935355
13,86,15.974345805700269
13,87,17.927523352121366
13,88,17.802677538100834
13,89,21.000000228522197
13,90,22.436574557149974
13,91,24.113774229658315
13,92,26.925188247110537
14,1,31.514317006036563
14,2,27.992602037042943
14,3,26.271449929240354
14,4,24.16330579791575
14,5,20.438492819260105
14,6,20.825760929651086
14,7,19.184061795355497
14,8,17.319484329844514
14,9,14.203407958242742
14,10,12.257339903425331
14,11,9.739719883072194
14,12,6.522172567804898
14,13,3.815304502693963
14,15,3.858421979252552
14,16,6.432361618065817
14,17,9.140091291621228
14,18,12.899773795759035
14,19,13.665962630036226
14,20,11.639307323660177
14,21,14.360131849581121
14,22,17.157615926109433
14,23,17.971766779490366
14,24,21.550893827144943
14,25,20.84200083871361
14,26,18.86870728947001
14,27,20.99143448695373
14,28,18.49225462793039
14,29,15.89875839127989
14,30,13.02231750636359
14,31,12.749904014544965
14,32,10.627706572378251
14,33,8.771767000928264
14,34,5.41558527566049
14,35,5.310827638512307
14,36,5.9185875419523
14,37,6.226633032186099
14,38,9.324766714394862
14,39,9.743087930331313
14,40,13.022769093125177
14,41,13.926283683934335
14,42,17.471864215474533
14,43,20.8896127407258
14,44,23.92316744864281
14,45,27.494080935736708
14,46,29.188767185443428
14,47,29.013908829608436
14,48,28.48860246652214
14,49,25.279436379047223
14,50,21.470523652493288
14,51,18.915293750695067
14,52,17.621119634506965
14,53,16.48146239500756
14,54,19.662400534794394
14,55,18.22252435873687
14,56,15.06253301965076
14,57,14.801332428196606
14,58,13.772000715509144
14,59,12.748382481524965
14,60,13.283254121020654
14,61,12.354322148477246
14,62,14.336195576363986
14,63,13.236537621816684
14,64,15.776309703192453
14,65,16.81754653030797
14,66,18.98837370999884
14,67,21.500796401772604
14,68,23.46436790598696
14,69,26.028533188120893
14,70,28.08314482861343
14,71,31.357485226380266
14,72,29.36891871349546
14,73,25.723409884082997
14,74,24.127869363647424
14,75,21.57005269088075
14,76,20.879002778306223
14,77,18.89806804774384
14,78,16.412803737763262
14,79,14.887730453081845
14,80,11.499336031983244
14,81,11.344344559568642
14,82,8.455384849446618
14,83,9.522954097359241
14,84,10.338098868182378
14,85,12.73811485242513
14,86,16.016114711533614
14,87,18.221203789300517
14,88,18.2698432791567
14,89,21.468018121963595
14,90,22.99453793715069
14,91,24.112163447333305
14,92,26.763120471122484
15,1,34.055938722354206
15,2,30.57239715612528
15,3,29.18358630312506
15,4,27.14210402796965
15,5,23.52600154032598
15,6,24.22973540319953
15,7,22.62952560237356
15,8,21.01031154439133
15,9,18.010919410111416
15,10,15.972571818643505
15,11,13.352054225680144
15,12,9.9881709723599
15,13,6.588931146208425
15,14,3.858421979252552
15,16,3.823468289422709
15,17,6.066062649923924
15,18,9.774455193175507
15,19,11.274686332043656
15,20,9.928996404277022
15,21,12.311085914077328
15,22,14.662966947072256
15,23,15.42635877436913
15,24,18.7815039588883
15,25,17.612929604663602
15,26,15.320031221534826
15,27,17.38321960423481
15,28,14.999709832892904
15,29,12.456723966687191
15,30,10.045343684675661
15,31,10.495891010560475
15,32,8.95844339458432
15,33,6.0576069089791735
15,34,4.177756523600687
15,35,6.619575976542822
15,36,8.870202807939284
15,37,9.901924741693234
15,38,13.158598192005998
15,39,13.42668810240835
15,40,16.51216579662533
15,41,17.15378128494075
15,42,20.575503556218994
15,43,23.83566554173097
15,44,26.92348600541347
15,45,30.472604658772376
15,46,32.00591315321565
15,47,31.480885850921535
15,48,30.95514838694773
15,49,27.98020962465904
15,50,24.129603538391752
15,51,21.93554246418911
15,52,20.642906926908985
15,53,19.712135764689442
15,54,22.921191586867895
15,55,21.411110592044537
15,56,18.11848891953454
15,57,17.711498412847302
15,58,16.05198378015463
15,59,14.915530416408348
15,60,14.516092089875535
15,61,13.099193948547287
15,62,14.146180864593376
15,63,12.107712817007156
15,64,13.835111731728743
15,65,14.2341420354961
15,66,16.001475951577707
15,67,18.300582218549863
15,68,19.975980021906015
15,69,22.487760697992485
15,70,24.748391127259577
15,71,28.057014137526412
15,72,26.20206372345473
15,73,22.638262205172396
15,74,21.350616409542937
15,75,19.144585164030126
15,76,18.798668206517288
15,77,17.43889369734258
15,78,15.110254377581379
15,79,14.42708305260192
15,80,11.311339872021643
15,81,12.248111237603908
15,82,10.368803271262605
15,83,12.12314321701985
15,84,13.696893671475728
15,85,16.28451961390341
15,86,19.669342797530888
15,87,21.890424892880603
15,88,21.832295139292963
15,89,24.886175982501694
15,90,26.183789342348746
15,91,27.045225320572747
15,92,29.41078339047282
16,1,37.670309323071045
16,2,34.156480381637955
16,3,32.60087222659496
16,4,30.44586358327084
16,5,26.764145741263988
16,6,27.128094301895725
16,7,25.234757379999436
16,8,23.38950172679691
16,9,20.16744935626712
16,10,18.536486650785655
16,11,15.835446410465
16,12,12.890946078568822
16,13,9.684403922370329
16,14,6.432361618065817
16,15,3.823468289422709
16,17,3.861840572918799
16,18,6.9762972423494025
16,19,8.703111851049648
16,20,6.821917545839204
16,21,8.645303388538276
16,22,11.287687689776332
16,23,12.667041840275802
16,24,15.89013380194307
16,25,14.93481977225791
16,26,13.101461092595557
16,27,14.887325906233036
16,28,12.244409061396938
16,29,9.972072748268186
16,30,7.2675811777750345
16,31,8.358737579877827
16,32,7.683871264771855
16,33,5.49414956539499
16,34,5.255409623585011
16,35,7.503786337323988
16,36,10.522701044698938
16,37,11.344308964978179
16,38,14.810318150706932
16,39,15.48513947025835
16,40,18.785117173346013
16,41,19.998841574411824
16,42,23.59226050403495
16,43,26.82413416292999
16,44,29.709627607452312
16,45,33.36574779382031
16,46,34.72713098628803
16,47,34.226556476182154
16,48,33.368822633182624
16,49,30.3577119301156
16,50,26.518877943847126
16,51,24.304303990735615
16,52,22.507973913648147
16,53,21.12204138132014
16,54,23.97296521862349
16,55,21.95959150677071
16,56,18.381727254369103
16,57,17.418593271480095
16,58,15.025215303857694
16,59,13.696374025414181
16,60,12.408275979566245
16,61,10.873844512072683
16,62,11.355515179293395
16,63,9.102557750909925
16,64,10.623088524020545
16,65,10.789121262454678
16,66,13.028078587709347
16,67,15.216974994727966
16,68,17.36268226960268
16,69,19.784971607119076
16,70,21.75277746394691
16,71,25.110700551545676
16,72,23.325922167356335
16,73,19.813703054772386
16,74,18.16006381158229
16,75,16.005877498329582
16,76,15.291952419572688
16,77,13.97664331647479
16,78,11.474231481689685
16,79,11.092830841062215
16,80,8.258609044165313
16,81,10.06825352598187
16,82,9.351717242636461
16,83,11.954543775024327
16,84,14.254203381452731
16,85,17.35985099962969
16,86,20.665458339084704
16,87,23.255752182324848
16,88,23.640302924527237
16,89,26.797780901971745
16,90,28.372171639673947
16,91,28.937999669480323
16,92,31.304327519850155
17,1,39.402912113859365
17,2,35.81090710908985
17,3,34.466322312738384
17,4,32.112246775027366
17,5,28.562393910898546
17,6,29.047502686493942
17,7,26.95687038207952
17,8,25.5319923408542
17,9,22.59295275699657
17,10,21.18243284735653
17,11,18.853610519292925
17,12,15.599497348717396
17,13,12.524449468810992
17,14,9.140091291621228
17,15,6.066062649923924
17,16,3.861840572918799
17,18,3.858463257984583
17,19,5.5096548269049
17,20,5.358363956643588
17,21,7.467824854405507
17,22,8.912796474978867
17,23,9.436114076783948
17,24,12.718020399508976
17,25,11.709042120659033
17,26,9.917410259178036
17,27,12.356706696992848
17,28,10.524399487263313
17,29,9.317748354527259
17,30,8.005052153250737
17,31,10.491361295358445
17,32,10.664221752980446
17,33,7.959884933820381
17,34,8.68004807118686
17,35,11.288770116066662
17,36,14.079998942585958
17,37,14.457755599689351
17,38,17.581671252944112
17,39,17.60892627465847
17,40,20.526110831360587
17,41,21.60832601025913
17,42,25.11162791131662
17,43,28.037745910012163
17,44,30.798638145964084
17,45,34.465804007957686
17,46,35.477355480297774
17,47,34.589454409236
17,48,33.573230462101854
17,49,30.855024533702355
17,50,27.041940531459115
17,51,25.294771383061356
17,52,23.43480955016844
17,53,22.3898844460264
17,54,25.288877198650326
17,55,23.452534558255373
17,56,20.004996450488374
17,57,19.43858358494623
17,58,16.88533165663953
17,59,16.20968316839508
17,60,14.774710881212348
17,61,13.749904684414183
17,62,13.924888355050166
17,63,11.480638422413513
17,64,12.08037846648165
17,65,10.971102854578897
17,66,12.930507302071089
17,67,14.184732437654201
17,68,16.046978371848862
17,69,17.87020550283354
17,70,20.23040349108589
17,71,23.835295373487327
17,72,22.590389225100523
17,73,19.409815928353922
17,74,17.990364917574286
17,75,16.58635991878023
17,76,15.83730006181276
17,77,15.21983258162499
17,78,12.51540685561346
17,79,12.608787795834695
17,80,9.9179792810226
17,81,11.726464794916307
17,82,11.688088437423838
17,83,13.812582404603424
17,84,16.634108990980376
17,85,19.45366545323365
17,86,22.98884291083996
17,87,25.298466468817047
17,88,25.359099643559826
17,89,28.215880057524245
17,90,29.465246790376913
17,91,29.61472066530971
17,92,31.58894385170088
18,1,43.19024506413834
18,2,39.59679119432336
18,3,38.29451021746623
18,4,35.90031722197151
18,5,32.370471119609356
18,6,32.80407952734513
18,7,30.599425712366543
18,8,29.17524417212395
18,9,26.20508978397837
18,10,24.92918767929693
18,11,22.556532373771606
18,12,19.39947093110689
18,13,16.273426888389004
18,14,12.899773795759035
18,15,9.774455193175507
18,16,6.9762972423494025
18,17,3.858463257984583
18,19,3.903927007575195
18,20,5.31033969493184
18,21,5.632059468485768
18,22,5.6939964821889735
18,23,6.443422657060596
18,24,9.202542328835163
18,25,7.991459123463122
18,26,6.6336546525111535
18,27,8.984766903896688
18,28,7.561480658786658
18,29,7.671392886080565
18,30,7.611154349909059
18,31,11.016107875314528
18,32,12.178533482985829
18,33,9.99570097650143
18,34,11.722706808079623
18,35,14.396552131301222
18,36,17.48212594297503
18,37,17.91296210455543
18,38,21.07554289360022
18,39,21.201261354427505
18,40,24.10636633544455
18,41,25.32529901041246
18,42,28.83498332662726
18,43,31.669179649624294
18,44,34.32546343114042
18,45,38.01188441246392
18,46,38.851099314448795
18,47,37.831448753302574
18,48,36.64369354882304
18,49,34.046213931525244
18,50,30.282163843956194
18,51,28.692012487453194
18,52,26.63894174570714
18,53,25.499199934871054
18,54,28.185841345979696
18,55,26.153614462464564
18,56,22.658996670082686
18,57,21.860666578335415
18,58,18.898225860646907
18,59,18.233073654157057
18,60,16.156648267028547
18,61,15.11971382178617
18,62,14.511161941427032
18,63,11.838607133517591
18,64,11.378411025867138
18,65,9.150965427479523
18,66,10.900369350851113
18,67,11.26590887929948
18,68,13.186846197623833
18,69,14.529848305026336
18,70,16.877789360814244
18,71,20.602166109382164
18,72,19.741793267315604
18,73,16.89225767017775
18,74,15.493989899791224
18,75,14.767906299869336
18,76,13.948977376365212
18,77,14.092216096554111
18,78,11.586057514833186
18,79,12.563546204905906
18,80,10.776560441346083
18,81,13.208063968666568
18,82,14.15775372280082
18,83,16.529233587846456
18,84,19.67073531563088
18,85,22.626381654712937
18,86,26.09520805135614
18,87,28.510890750203817
18,88,28.70992415945737
18,89,31.517137749999694
18,90,32.78597636222329
18,91,32.677912602329776
18,92,34.49166007497468
19,1,43.417205469670336
19,2,39.70304129941597
19,3,38.25918683770009
19,4,35.56132668177712
19,5,32.089999557022715
19,6,32.2308380193593
19,7,29.673486052351304
19,8,28.441002232883168
19,9,25.66740366677662
19,10,24.926416012831368
19,11,23.029536958056827
19,12,19.943650160172936
19,13,17.34623671402996
19,14,13.665962630036226
19,15,11.274686332043656
19,16,8.703111851049648
19,17,5.5096548269049
19,18,3.903927007575195
19,20,3.876587975269427
19,21,5.560331224587868
19,22,5.089254058004458
19,23,4.333525694685984
19,24,8.092251111419577
19,25,8.49643235034688
19,26,8.553835151012414
19,27,11.438959813971122
19,28,10.776606290736378
19,29,11.453344034119343
19,30,11.094103296639386
19,31,14.220092695009763
19,32,15.090723197551723
19,33,13.031099933623278
19,34,13.908431176033151
19,35,15.978926156508777
19,36,18.536409167306726
