1,2,3.826513005941431
1,3,5.853537737088782
1,4,8.651435806640361
1,5,8.32083319102863
1,6,9.935207040806734
1,7,12.829177520270838
1,8,13.535113409494386
1,9,16.74072486854305
1,10,16.77836890676351
1,11,13.244021115764708
1,12,14.180451248262214
1,13,17.36839263149087
1,14,19.478593806515676
1,15,20.5577740480424
1,16,23.12814597676614
1,17,21.99148401581137
1,18,25.685299196775677
1,19,26.03070244969171
1,20,29.23797323568452
1,21,30.519645333204483
1,22,33.118887017155764
1,23,33.64349534022012
1,24,36.849524492895604
1,25,36.81494513855624
1,26,34.6317840168634
1,27,33.25669164999719
1,28,34.48400606462297
1,29,33.79726155212162
1,30,35.27417775962017
1,31,38.11157757864508
1,32,40.140650110937166
1,33,41.72342609032467
1,34,41.18114387275132
1,35,39.15882317808788
1,36,42.45833029928333
1,37,44.985675916086926
1,38,43.32825525890075
1,39,44.929644844013346
1,40,41.38894568340312
1,41,40.470626302434255
1,42,37.02991203400972
1,43,35.270063433829755
1,44,32.25688473145116
1,45,29.608322837574953
1,46,27.33612132163144
1,47,23.56158194119003
1,48,21.976347337418602
1,49,18.34065899049634
1,50,17.745565974901805
1,51,14.190198896623146
1,52,15.76876630403157
1,53,18.47288388680883
1,54,21.02373980406077
1,55,20.580380882644572
1,56,23.501824828115108
1,57,24.18166561191141
1,58,27.489029084995117
1,59,27.837984646450714
1,60,31.12905513429766
1,61,32.558628147010566
1,62,35.95532116248744
1,63,38.65955556096603
1,64,40.63286811063483
1,65,40.47454737364642
1,66,43.48922682849082
1,67,44.696899816936984
1,68,47.261162772448635
1,69,50.69684888754504
1,70,53.43896711219837
1,71,54.829962465963156
1,72,51.59842514876086
1,73,51.022299143776024
1,74,48.089186423762825
1,75,48.81145769279219
1,76,46.92293997848848
1,77,48.185896864311914
1,78,45.2114819879217
1,79,41.56232827434686
1,80,39.42482106508375
1,81,36.09313898501144
1,82,33.012773079451485
1,83,32.21189951167082
1,84,28.55277310392561
1,85,26.722612147210587
1,86,23.34801829797285
1,87,22.11058539223118
1,88,19.532196804839547
1,89,17.343799952439962
1,90,15.032701744209088
1,91,12.15658502324189
1,92,11.02123911200261
1,93,7.57469768403659
1,94,7.032511617821347
1,95,9.468433332118435
1,96,8.016781626434549
1,97,6.014342146493175
1,98,8.843485329059439
1,99,10.405985034497192
1,100,11.25064289350002
1,101,11.547971932228242
1,102,10.712170068779756
1,103,13.57839059082052
1,104,14.148169471619399
1,105,17.103983306295994
1,106,18.595568883391014
1,107,22.070010971794737
1,108,24.455341314390154
1,109,28.10942994191225
1,110,30.213773540184242
1,111,33.62913325649369
1,112,36.06584237723953
1,113,38.88779311524431
1,114,41.765150271629594
1,115,41.998547845743325
1,116,44.92208194054714
1,117,44.408299440338865
1,118,46.36135701745886
1,119,47.66871399570513
2,1,3.826513005941431
2,3,3.8099507851814405
2,4,5.286055817003892
2,5,5.758826689710348
2,6,8.146901386754768
2,7,10.165354638773824
2,8,10.841945942011991
2,9,14.396557390939648
2,10,14.902797974660425
2,11,11.819924982591324
2,12,13.228781247730705
2,13,16.343318070130664
2,14,18.94047884027201
2,15,19.858560124117805
2,16,22.683576809504295
2,17,21.657100394653288
2,18,25.3308376210807
2,19,25.192091163874945
2,20,28.112834327548043
2,21,29.200672467412527
2,22,31.47987716984086
2,23,31.89163017356023
2,24,35.241961432576865
2,25,35.03393975143189
2,26,33.1089152412103
2,27,31.64848143411242
2,28,32.5004949696862
2,29,31.70849497679145
2,30,33.48875941598073
2,31,36.367095399747456
2,32,38.120145838704126
2,33,39.640802039957066
2,34,38.809203131019125
2,35,36.83706291835737
2,36,40.2341450175049
2,37,42.584320438930526
2,38,40.70597264387404
2,39,42.16529408314576
2,40,38.609428595974194
2,41,37.94916875426903
2,42,34.635872055929376
2,43,33.17895873259015
2,44,30.28763160185698
2,45,27.866074619932842
2,46,25.93753110295813
2,47,22.2643489339045
2,48,21.21815509822199
2,49,17.814622699837376
2,50,17.900877752474077
2,51,14.233704863003032
2,52,14.948935271939915
2,53,17.43044560467865
2,54,19.78282374825213
2,55,19.799674921207423
2,56,22.404544558592608
2,57,22.516942065251246
2,58,25.657812232428075
2,59,25.61450825406327
2,60,28.716099293514983
2,61,30.11824684427157
2,62,33.35888926395489
2,63,36.24490331722699
2,64,38.01672831374449
2,65,37.65396772794133
2,66,40.570771950099235
2,67,41.80043026250296
2,68,44.51076613570197
2,69,47.86421406332243
2,70,50.67429858089304
2,71,52.170151460976065
2,72,49.04865071677602
2,73,48.39159737562415
2,74,45.35966821032459
2,75,45.879331124181626
2,76,43.9054216794913
2,77,44.99804988267646
2,78,42.019408096776395
2,79,38.429508453341626
2,80,36.43810687829157
2,81,33.00219570341343
2,82,30.016132673441078
2,83,29.10010863029602
2,84,25.37517669617361
2,85,23.56855241225099
2,86,20.12839829963009
2,87,19.25631814208577
2,88,16.943745578207544
2,89,15.252449600251564
2,90,13.598881409032705
2,91,11.22875337922328
2,92,11.343996094732612
2,93,8.663532337194678
2,94,9.414146000665605
2,95,12.480842000605803
2,96,11.617493369009802
2,97,9.04876680968709
2,98,11.11553923139698
2,99,11.866284709001816
2,100,12.48238599967283
2,101,11.56898125649933
2,102,9.53111327588364
2,103,11.50720084675847
2,104,11.303862492130651
2,105,14.00895786671299
2,106,15.574487617541404
2,107,18.955724280519753
2,108,21.657368427309716
2,109,25.327140539473675
2,110,27.54252905074014
2,111,30.929778669961692
2,112,33.20955558857874
2,113,35.85887254927237
2,114,38.6539969661327
2,115,38.69711683492239
2,116,41.54194359987335
2,117,40.944884424256074
2,118,42.79190765614727
2,119,44.08967490035303
3,1,5.853537737088782
3,2,3.8099507851814405
3,4,3.798414147201877
3,5,5.284259242098526
3,6,5.802314525801273
3,7,7.902573377526085
3,8,9.806952986750716
3,9,13.274807677231841
3,10,14.232229046224917
3,11,11.379838537507467
3,12,13.74459702198603
3,13,17.23349294829628
3,14,20.219535627123886
3,15,21.68847375271693
3,16,24.83953324854344
3,17,24.285256198857933
3,18,28.02005900958737
3,19,27.959492250550106
3,20,30.7036229369228
3,21,31.972044946339963
3,22,34.045794562170386
3,23,34.628804103380425
3,24,38.103895751791306
3,25,37.95125737627835
3,26,36.243360997282046
3,27,34.85264401189229
3,28,35.46482986326522
3,29,34.67735538167656
3,30,36.66508810974469
3,31,39.52778579958838
3,32,41.10699328482939
3,33,42.598272760911485
3,34,41.53662767583242
3,35,39.607093320394476
3,36,43.055751730853096
3,37,45.25967215165411
3,38,43.16975464506434
3,39,44.43423146369886
3,40,40.85396312411409
3,41,40.47322864027524
3,42,37.28153953349909
3,43,36.06624147521348
3,44,33.323252113716734
3,45,31.006165387391484
3,46,29.30703734887782
3,47,25.692238570956196
3,48,24.863976658832268
3,49,21.5411467145653
3,50,21.709043984264376
3,51,18.031724148795217
3,52,18.60112326480324
3,53,20.87489191417229
3,54,23.19877436097789
3,55,23.45040590294048
3,56,25.970679695814862
3,57,25.840218680821756
3,58,28.855589729414028
3,59,28.51781616916823
3,60,31.415124553815676
3,61,32.67127290801967
3,62,35.72950696858083
3,63,38.71338245590518
3,64,40.2169541465285
3,65,39.54428267367113
3,66,42.4196650428393
3,67,43.7995348714133
3,68,46.69680311200881
3,69,49.965839763474996
3,70,52.88785834807993
3,71,54.438371867898425
3,72,51.427498475991
3,73,50.60171330767969
3,74,47.430578254975046
3,75,47.70282832547518
3,76,45.52003349044169
3,77,46.424108110682326
3,78,43.54731313061372
3,79,40.05886873185652
3,80,38.35161202309721
3,81,34.82017036170369
3,82,32.04957947135731
3,83,31.045792706382954
3,84,27.263818602269975
3,85,25.492671615599065
3,86,21.95672245430255
3,87,21.495503769625845
3,88,19.301848245769115
3,89,18.16097275374941
3,90,16.72460918287347
3,91,14.754587722095183
3,92,14.940836500651592
3,93,12.052910199790393
3,94,12.603914062616298
3,95,15.180109639642755
3,96,13.497744428184685
3,97,10.943563892637634
3,98,12.41964731147884
3,99,13.865324486725672
3,100,15.28857436187213
3,101,14.524125077873403
3,102,12.257798234626886
3,103,13.879305731332124
3,104,13.512206913529218
3,105,16.091312037282055
3,106,17.87948432710797
3,107,21.04549311068337
3,108,24.101484883363728
3,109,27.724525096124996
3,110,30.058611494662596
3,111,33.382111020386866
3,112,35.440302283447565
3,113,37.857086835043425
3,114,40.48164390383149
3,115,40.194074300840924
3,116,42.830260536991865
3,117,41.95520510302778
3,118,43.604311077249534
3,119,44.970218847271035
4,1,8.651435806640361
4,2,5.286055817003892
4,3,3.798414147201877
4,5,3.8141411231769546
4,6,5.308705275706668
4,7,5.54649654299287
4,8,7.102542237627008
4,9,10.841928979521205
4,10,12.253906478460223
4,11,10.136885348167446
4,12,12.729524333863345
4,13,15.888716842314064
4,14,19.190897736212193
4,15,20.450563206005885
4,16,23.743530586324727
4,17,23.343654736048833
4,18,26.972219858194876
4,19,26.516096749397832
4,20,28.934216369411345
4,21,30.067928607687968
4,22,31.815587910099147
4,23,32.36504585881279
4,24,35.94303251009391
4,25,35.71622217817115
4,26,34.29803993229937
4,27,32.94865801754645
4,28,33.21268670927598
4,29,32.455041854617974
4,30,34.730274156418375
4,31,37.519608626876405
4,32,38.86786476039929
4,33,40.3818786376491
4,34,39.080372016009115
4,35,37.3098578395024
4,36,40.85361718914192
4,37,42.835700460344405
4,38,40.58489830089585
4,39,41.78582231730773
4,40,38.2586394722437
4,41,38.113413129772304
4,42,35.094297110796674
4,43,34.187032557957345
4,44,31.523605919627375
4,45,29.534007595474925
4,46,28.112844604410682
4,47,24.692912590059088
4,48,24.2793844816303
4,49,21.219959130153462
4,50,21.808462640358243
4,51,18.142768297828717
4,52,17.92412669548272
4,53,19.75952479115633
4,54,21.8664265027769
4,55,22.62855488884935
4,56,24.881536369227153
4,57,24.29529577570168
4,58,27.15282139906415
4,59,26.5472809755775
4,60,29.25007779031494
4,61,30.59956020028003
4,62,33.477457805186695
4,63,36.651207598572896
4,64,38.002380128325235
4,65,37.19921691278595
4,66,39.89164551055059
4,67,41.175349791675465
4,68,44.163463927910136
4,69,47.31056925899026
4,70,50.22469622878226
4,71,51.93418955734065
4,72,49.05234007965629
4,73,48.24259393232459
4,74,45.034411618418915
4,75,45.11629621082269
4,76,42.93513460954715
4,77,43.62325196039036
4,78,40.68832095623756
4,79,37.28847339675827
4,80,35.68215956545139
4,81,32.05646253789813
4,82,29.343424630904387
4,83,28.10127908959509
4,84,24.300242410967783
4,85,22.42868608190541
4,86,18.835805775958455
4,87,18.662512721916343
4,88,16.69778592193531
4,89,16.18452171881194
4,90,15.373117428501292
4,91,14.128075333875062
4,92,15.234199304646488
4,93,13.057570389612751
4,94,14.507287015660602
4,95,17.423420681941007
4,96,16.313553176043616
4,97,13.31822460219264
4,98,14.303523113072456
4,99,14.918191040528132
4,100,16.064866507108242
4,101,14.422167489669159
4,102,11.38586576820971
4,103,11.977261513902375
4,104,10.99212666958994
4,105,13.258139285860448
4,106,15.28744106041791
4,107,18.309153669264727
4,108,21.608326179297332
4,109,25.208919014259497
4,110,27.47984344955675
4,111,30.789085662393077
4,112,32.752616786403934
4,113,34.95923124245379
4,114,37.55375074675039
4,115,37.113970806888034
4,116,39.710690272740166
4,117,38.84646917943471
4,118,40.331008057323196
4,119,41.57736017456656
5,1,8.32083319102863
5,2,5.758826689710348
5,3,5.284259242098526
5,4,3.8141411231769546
5,6,3.8240568646111406
5,7,5.341708076864303
5,8,5.2270805597048655
5,9,8.65605725312297
5,10,9.315437310482187
5,11,6.625143472595309
5,12,8.989462816853804
5,13,12.295295782549285
5,14,15.547241633523466
5,15,17.0658294005067
5,16,20.446025848286627
5,17,20.330946266292095
5,18,24.02528302839637
5,19,23.906573650975652
5,20,26.382434079029593
5,21,27.890495776546544
5,22,29.770479252239976
5,23,30.689180211331013
5,24,34.282073897044306
5,25,34.43323799507361
5,26,33.027657254441
5,27,32.05272622555751
5,28,32.48530304745225
5,29,32.1507708114244
5,30,34.41728423308496
5,31,36.952026076699745
5,32,38.536739397270914
5,33,40.37407004748232
5,34,39.24802958823644
5,35,37.736121253436096
5,36,41.35290123150022
5,37,43.29291153637788
5,38,41.22193265726169
5,39,42.71752931899118
5,40,39.31192283124419
5,41,39.015770888636375
5,42,35.99318749330437
5,43,34.98205528279774
5,44,32.05296491142115
5,45,30.192870937230936
5,46,28.444074267222202
5,47,25.024546296929334
5,48,24.208483732046144
5,49,20.95789234778218
5,50,20.998944432319423
5,51,17.216079774375736
5,52,16.943229346970526
5,53,18.357025885345013
5,54,20.708602132303607
5,55,21.73593149295271
5,56,24.36186974254614
5,57,24.127883254389204
5,58,27.275934224117837
5,59,27.11160087671737
5,60,30.02963220316943
5,61,31.791387667563143
5,62,34.7735884777096
5,63,38.00764640953004
5,64,39.59097683559864
5,65,39.03720894372098
5,66,41.595171159097056
5,67,42.57495687765435
5,68,45.42007244596444
5,69,48.52862168994652
5,70,51.25462446229241
5,71,53.11623623635637
5,72,50.22316930053824
5,73,49.683327559419354
5,74,46.61568031551783
5,75,46.788444323813714
5,76,44.83307293911479
5,77,45.46590844833436
5,78,42.35100083923593
5,79,38.95300359607727
5,80,37.12645824492428
5,81,33.487345263959625
5,82,30.53167550464681
5,83,28.962234095650338
5,84,25.184958115228095
5,85,22.832057208564972
5,86,19.097937386567487
5,87,18.262273369609893
5,88,15.66661652154086
5,89,15.046321274470802
5,90,13.635383236876116
5,91,12.726487132287234
5,92,13.539116255376875
5,93,11.310013472580627
5,94,13.351114646012011
5,95,15.832625241687152
5,96,14.846130673814617
5,97,11.366860483444626
5,98,11.506037668634395
5,99,11.800117780359036
5,100,13.335955632176672
5,101,11.752995529966068
5,102,8.869013745835877
5,103,9.863054722998998
5,104,10.053623294002545
5,105,13.116238671679337
5,106,15.807681417802348
5,107,19.182253841067745
5,108,22.26634230161538
5,109,26.00276423241507
5,110,27.83081508584179
5,111,31.350528447829916
5,112,33.638531267877056
5,113,35.87846386473497
5,114,38.71593778494326
5,115,38.46044427671456
5,116,41.236251643990265
5,117,40.65671079568096
5,118,42.03680040167054
5,119,42.98689604611549
6,1,9.935207040806734
6,2,8.146901386754768
6,3,5.802314525801273
6,4,5.308705275706668
6,5,3.8240568646111406
6,7,3.8015882235166782
6,8,5.569911966945199
6,9,8.191118670172528
6,10,9.166489616393578
6,11,6.764041359040189
6,12,10.076986129611939
6,13,13.680955589187324
6,14,17.057758807939447
6,15,19.214630657293544
6,16,22.76634803098314
6,17,23.09904362937698
6,18,26.808585885221323
6,19,26.945323373476782
6,20,29.321054833825098
6,21,31.070936263324
6,22,32.849013101297096
6,23,33.98093719333198
6,24,37.62211408834613
6,25,37.900105469374274
6,26,36.618115948566384
6,27,35.74777710069697
6,28,36.09083510834672
6,29,35.806741618427935
6,30,38.15649447757326
6,31,40.65428650508217
6,32,42.17567922243775
6,33,44.01843869221478
6,34,42.78195816796405
6,35,41.30584703836041
6,36,44.941362663888945
6,37,46.798917812470826
6,38,44.612984256418315
6,39,45.987388214348435
6,40,42.57522348601108
6,41,42.44606208062447
6,42,39.4916549612764
6,43,38.59210114650259
6,44,35.74051987585605
6,45,33.8875172123483
6,46,32.208020009254966
6,47,28.77260055298985
6,48,27.955301003859244
6,49,24.654949755571767
6,50,24.57418682226817
6,51,20.768855156751187
6,52,20.694452388903084
6,53,22.083350513623678
6,54,24.473133981603844
6,55,25.514171806894517
6,56,28.181516691378246
6,57,27.933678346539473
6,58,31.041342067736267
6,59,30.758939441475086
6,60,33.573194134331814
6,61,35.22612971770719
6,62,38.105514372504004
6,63,41.37451217193848
6,64,42.79224167009918
6,65,42.0344472642107
6,66,44.5741491535345
6,67,45.664974527712594
6,68,48.62756251568506
6,69,51.67614409737687
6,70,54.47029853224685
6,71,56.36393133345742
6,72,53.54254444384559
6,73,52.88949505270681
6,74,49.73252997444966
6,75,49.74104682281079
6,76,47.63488174168033
6,77,48.134431305842895
6,78,45.10833662556757
6,79,41.7946865820628
6,80,40.175099454754765
6,81,36.48816336343083
6,82,33.69386650272325
6,83,32.07980946675937
6,84,28.295461528088577
6,85,25.980569750241823
6,86,22.233232558392057
6,87,21.641712423828253
6,88,19.11366395066603
6,89,18.75140955157343
6,90,17.30525603843575
6,91,16.42045754982394
6,92,16.882559058757572
6,93,14.243153707435429
6,94,15.801858604031388
6,95,17.79282254033652
6,96,16.06051678132542
6,97,12.758221998549562
6,98,12.430197816155175
6,99,13.570454202126657
6,100,15.861281253921225
6,101,14.82684933767891
6,102,12.296232426482515
6,103,13.355286498807386
6,104,13.639704573022938
6,105,16.545800292966163
6,106,19.27866065220025
6,107,22.479002879120028
6,108,25.73127031674387
6,109,29.414317485254582
6,110,31.301738398944597
6,111,34.769258997491164
6,112,36.91489148819658
6,113,38.9928566731522
6,114,41.70336329821463
6,115,41.20836883736629
6,116,43.81367670263241
6,117,43.01843614955734
6,118,44.222304057120056
6,119,45.20865774972872
7,1,12.829177520270838
7,2,10.165354638773824
7,3,7.902573377526085
7,4,5.54649654299287
7,5,5.341708076864303
7,6,3.8015882235166782
7,8,3.798560932654507
7,9,6.498928050507989
7,10,8.575499896317565
7,11,7.702154920725261
7,12,11.272132983238999
7,13,14.35961416689106
7,14,18.045317968692565
7,15,19.98565692946991
7,16,23.64495284124997
7,17,24.125413590338937
7,18,27.681721737661178
7,19,27.38598151991647
7,20,29.382333367786632
7,21,30.938215502180842
7,22,32.317176611954324
7,23,33.362020112146894
7,24,37.091523433330686
7,25,37.22235675883239
7,26,36.256381245117076
7,27,35.35488799239127
7,28,35.295058258919084
7,29,34.94393923891384
7,30,37.568312713860124
7,31,40.039227754744374
7,32,41.249482329766984
7,33,43.013974787691936
7,34,41.47967501067978
7,35,40.10677183072068
7,36,43.78925150124037
7,37,45.41317397990487
7,38,43.00734633244501
7,39,44.19652429447547
7,40,40.82834293049822
7,41,41.0121201643479
7,42,38.26735205245387
7,43,37.71952655524971
7,44,35.06152404087319
7,45,33.491864522734474
7,46,32.18086215427762
7,47,28.952734268728314
7,48,28.602608912989542
7,49,25.60005002672198
7,50,25.991803911783904
7,51,22.264149872932677
7,52,21.610106535451088
7,53,22.70542428528199
7,54,24.81285308031679
7,55,26.220487149289198
7,56,28.533508152979472
7,57,27.793234087728475
7,58,30.632298152618326
7,59,29.96959005168254
7,60,32.48212405534731
7,61,34.06453152579799
7,62,36.68514685272445
7,63,40.08961266232737
7,64,41.243266552965544
7,65,40.245291285078764
7,66,42.61801145224923
7,67,43.72174514031745
7,68,46.82181418949447
7,69,49.72752636898252
7,70,52.570372963084
7,71,54.5723269700062
7,72,51.911647146759755
7,73,51.17007735564868
7,74,47.93418759435914
7,75,47.6893119894905
7,76,45.4943514677134
7,77,45.75725227631017
7,78,42.773265390449644
7,79,39.600710206513135
7,80,38.214816487350625
7,81,34.46835508028246
7,82,31.876964611155554
7,83,30.116737950846776
7,84,26.36990623019131
7,85,24.112790884910037
7,86,20.416533904286723
7,87,20.3379819187922
7,88,18.24325968407526
7,89,18.596846883841863
7,90,17.879049372279933
7,91,17.557462352515895
7,92,18.760830446564462
7,93,16.650686943616105
7,94,18.57253895841185
7,95,20.93731495380075
7,96,19.521967323259496
7,97,16.145110802055235
7,98,15.84821467588208
7,99,16.4522435921441
7,100,18.38187005936793
7,101,16.68026024244834
7,102,13.565736731025131
7,103,13.569070548118365
7,104,13.094764780500398
7,105,15.39378126525706
7,106,18.161421293171088
7,107,20.98764180932349
7,108,24.47883555749013
7,109,28.018417635701635
7,110,29.93519998842228
7,111,33.276664969841285
7,112,35.182905714057874
7,113,36.976828204512024
7,114,39.53141738962004
7,115,38.769110624590894
7,116,41.21309931484127
7,117,40.292517329052096
7,118,41.29240327700661
7,119,42.24051499435265
8,1,13.535113409494386
8,2,10.841945942011991
8,3,9.806952986750716
8,4,7.102542237627008
8,5,5.2270805597048655
8,6,5.569911966945199
8,7,3.798560932654507
8,9,3.8039505409411856
8,10,5.555740464162608
8,11,5.238660985752487
8,12,8.369509847184903
8,13,10.989375776558372
8,14,14.739396120697698
8,15,16.507856074287915
8,16,20.189605337111153
8,17,20.839695479482288
8,18,24.290918190687957
8,19,23.934676828490478
8,20,25.78147396694982
8,21,27.440269930754173
8,22,28.755629816907593
8,23,29.975547973753013
8,24,33.72142273584766
8,25,34.04478520957052
8,26,33.197349802355696
8,27,32.556303389281474
8,28,32.48054566460331
8,29,32.43403320023449
8,30,35.128843580526336
8,31,37.37702785978366
8,32,38.66487466440151
8,33,40.65754452633134
8,34,39.19654818502483
8,35,38.07490167494544
8,36,41.81879413066101
8,37,43.342032884377794
8,38,41.05750211771065
8,39,42.478679590104434
8,40,39.24210973659189
8,41,39.344909171823595
8,42,36.661638855483346
8,43,36.1297595477324
8,44,33.3165144036709
8,45,31.989707184562185
8,46,30.567905963514495
8,47,27.48109004384687
8,48,27.055852500798885
8,49,24.133732204330762
8,50,24.40055598384722
8,51,20.741200008578407
8,52,19.660059693390473
8,53,20.220139992860396
8,54,22.294280744640318
8,55,24.087412997180916
8,56,26.44868363735801
8,57,25.75198322535931
8,58,28.679023698520403
8,59,28.25393611937895
8,60,30.83844480191935
8,61,32.775649298661556
8,62,35.41492217785414
8,63,38.899502039681494
8,64,40.220054609941684
8,65,39.44357647535659
8,66,41.643261356481304
8,67,42.43396016864426
8,68,45.40177069917655
8,69,48.244371215605256
8,70,50.90728155094626
8,71,53.06369067985651
8,72,50.424902911121244
8,73,49.93581507988596
8,74,46.83814045664876
8,75,46.657851633870685
8,76,44.70441390772683
8,77,44.902524050024
8,78,41.735794067287536
8,79,38.578480624307005
8,80,36.98994857499141
8,81,33.24224707010171
8,82,30.452578859291226
8,83,28.382673918973918
8,84,24.693338364194904
8,85,22.04369333278935
8,86,18.287106180089424
8,87,17.78076485462741
8,88,15.390369662908169
8,89,15.988370944360453
8,90,15.289458698363765
8,91,15.619753909267192
8,92,17.112891612963175
8,93,15.545789793015873
8,94,18.12538440636114
8,95,20.445673658995727
8,96,19.58743573519569
8,97,15.916833842103498
8,98,15.145429938353635
8,99,14.911195098992408
8,100,16.60202015723691
8,101,14.461857918576527
8,102,11.23088161089756
8,103,10.707961933820114
8,104,10.689289843281676
8,105,13.228451237811456
8,106,16.474011819538163
8,107,19.445297788746245
8,108,22.754453731173104
8,109,26.33921703400497
8,110,27.857708629819964
8,111,31.32844121621482
8,112,33.469371641474915
8,113,35.25070819807657
8,114,38.01096068973762
8,115,37.43145512526801
8,116,40.05764591804373
8,117,39.45870786541909
8,118,40.392031819942645
8,119,41.04498824465665
9,1,16.74072486854305
9,2,14.396557390939648
9,3,13.274807677231841
9,4,10.841928979521205
9,5,8.65605725312297
9,6,8.191118670172528
9,7,6.498928050507989
9,8,3.8039505409411856
9,10,2.9289708561281884
9,11,5.235695108060866
9,12,8.069895816897386
9,13,9.965596800815506
9,14,13.715830518708415
9,15,15.894636237214087
9,16,19.668905558098874
9,17,20.99366928033722
9,18,24.239928210929634
9,19,24.043113876318728
9,20,25.521823870557416
9,21,27.50196171801356
9,22,28.552926107654752
9,23,30.169607724347394
9,24,33.937800554079224
9,25,34.58310523333991
9,26,34.04726704103705
9,27,33.793126431000296
9,28,33.56043895976898
9,29,33.875313248162726
9,30,36.72522404668289
9,31,38.6768993300151
9,32,39.92473156406023
9,33,42.130378086814055
9,34,40.60449742935065
9,35,39.80574801480299
9,36,43.60227234549751
9,37,44.88941114553561
9,38,42.60071479848034
9,39,44.09518728385958
9,40,41.02656251797475
9,41,41.26099398066972
9,42,38.76417410775703
9,43,38.40839641776824
9,44,35.568922592319545
9,45,34.52951169898556
9,46,33.116697509650336
9,47,30.195766132242525
9,48,29.740253744487447
9,49,26.892046938103892
9,50,26.970813954814105
9,51,23.385291219715967
9,52,22.080984888574335
9,53,22.106250151220888
9,54,24.123015360835915
9,55,26.288355452424877
9,56,28.676559632101917
9,57,27.980331788911403
9,58,30.887659766423642
9,59,30.549673824955562
9,60,33.03466929746206
9,61,35.179544647494716
9,62,37.674034511293996
9,63,41.2568110882799
9,64,42.53092206799449
9,65,41.743455128538066
9,66,43.705347781145605
9,67,44.2851947777193
9,68,47.23432205511849
9,69,49.90470219494903
9,70,52.439758149160674
9,71,54.79578680770196
9,72,52.2962438596552
9,73,51.94058045172141
9,74,48.901174073315374
9,75,48.57894719217043
9,76,46.718402171963056
9,77,46.67080922326776
9,78,43.44360808819315
9,79,40.44489922648534
9,80,38.91642808148671
9,81,35.15902388113148
9,82,32.40591490070961
9,83,30.000185959844412
9,84,26.454144205643576
9,85,23.539669758182264
9,86,19.87140669127766
9,87,19.253569476765925
9,88,16.794342188127594
9,89,17.856604857483873
9,90,17.17821645770205
9,91,18.08357813567109
9,92,19.53387663412641
9,93,18.150164152041853
9,94,20.93774326812534
9,95,22.88137509913564
9,96,22.01005977454523
9,97,18.256337332038708
9,98,16.757594660138576
9,99,16.326751538952905
9,100,18.309880632954997
9,101,16.23302433856912
9,102,13.316423449870605
9,103,12.496349175874304
9,104,12.99609912351369
9,105,15.405478905310169
9,106,18.92029810759765
9,107,21.722896700974136
9,108,24.937404288884668
9,109,28.416243382699335
9,110,29.572041794864436
9,111,33.04204267398198
9,112,35.21149428785455
9,113,36.7466144174301
9,114,39.52685411777919
9,115,38.849688516066585
9,116,41.426370133491154
9,117,40.91887478280021
9,118,41.54632170163939
9,119,41.90995472126647
10,1,16.77836890676351
10,2,14.902797974660425
10,3,14.232229046224917
10,4,12.253906478460223
10,5,9.315437310482187
10,6,9.166489616393578
10,7,8.575499896317565
10,8,5.555740464162608
10,9,2.9289708561281884
10,11,3.810527398119593
10,12,5.705930184860841
10,13,7.341255812853941
10,14,11.007930781421317
10,15,13.493364988411187
10,16,17.281465870110228
10,17,18.865490136901624
10,18,22.097174157001593
10,19,22.23207871245446
10,20,23.783440495906866
10,21,26.058543504013
10,22,27.280482246404766
10,23,29.156720437260912
10,24,32.86621917081126
10,25,33.790981957604494
10,26,33.18772910302808
10,27,33.182219955225776
10,28,33.16356013623421
10,29,33.749403084896315
10,30,36.4837717653862
10,31,38.26938426416373
10,32,39.736125134481135
10,33,42.13750071735341
10,34,40.82057718910166
10,35,40.144189341111904
10,36,43.93819885582517
10,37,45.26800466437519
10,38,43.17382070290048
10,39,44.8921212445981
10,40,41.89690129948272
10,41,41.93493342121539
10,42,39.38622461599859
10,43,38.86722923174778
10,44,35.85082855565609
10,45,34.818642327184826
10,46,33.152179469056875
10,47,30.22908425496445
10,48,29.470566774508214
10,49,26.532590947789302
10,50,26.238679233064115
10,51,22.702634881139037
10,52,21.470495792358246
10,53,21.255259316681737
10,54,23.396539771318878
10,55,25.610417279854932
10,56,28.22233056143776
10,57,27.84516501683369
10,58,30.92982206085706
10,59,30.94330286526748
10,60,33.60396905731343
10,61,35.972804915754026
10,62,38.588671688433436
10,63,42.135071201153636
10,64,43.619981157731004
10,65,43.06169458957926
10,66,45.00141662297757
10,67,45.40224850708684
10,68,48.202864674401674
10,69,50.89104171250095
10,70,53.28765611258678
10,71,55.681760146905894
10,72,53.1290045648429
10,73,52.96185220381233
10,74,50.04434476817937
10,75,49.87105956950729
10,76,48.182853040317774
10,77,48.201817316423856
10,78,44.871213659568596
10,79,41.832496904379795
10,80,40.099284476324534
10,81,36.38779866033733
10,82,33.4526143291347
10,83,30.95812574933398
10,84,27.46522080262878
10,85,24.33304928961943
10,86,20.67369958956265
10,87,19.530486125378733
10,88,16.67491341655991
10,89,17.483534209721313
10,90,16.368463067954835
10,91,17.426163696451887
10,92,18.57372984520043
10,93,17.28778998871221
10,94,20.228349783801043
10,95,21.810916693467338
10,96,21.096791890866953
10,97,17.31220176516724
10,98,15.32349572847152
10,99,14.590614328154032
10,100,16.70143775047117
10,101,14.817333282497808
10,102,12.368442088793135
10,103,11.852582860677412
10,104,13.18935729231761
10,105,15.977451214277847
10,106,19.650663686714747
10,107,22.664247781808257
10,108,25.616974848144828
10,109,29.153440239572213
10,110,30.040647815740666
10,111,33.622877097308624
10,112,36.03309818493367
10,113,37.67993864557187
10,114,40.63358133593321
10,115,40.17751925139268
10,116,42.90733634819713
10,117,42.62173855892187
10,118,43.28838667557385
10,119,43.503070598850485
11,1,13.244021115764708
11,2,11.819924982591324
11,3,11.379838537507467
11,4,10.136885348167446
11,5,6.625143472595309
11,6,6.764041359040189
11,7,7.702154920725261
11,8,5.238660985752487
11,9,5.235695108060866
11,10,3.810527398119593
11,12,3.8092409964249523
11,13,7.159527015706154
11,14,10.671689235819454
11,15,13.193978518989146
11,16,16.906900329374643
11,17,17.968783422311883
11,18,21.512279461794293
11,19,21.92073695354652
11,20,24.025083408082548
11,21,26.26519748749996
11,22,27.962674606755204
11,23,29.65859189953303
11,24,33.293905995667366
11,25,34.12738463055309
11,26,33.10256339667443
11,27,32.883029120037804
11,28,33.246570923405635
11,29,33.65434427440774
11,30,36.10777829069097
11,31,38.097002153316005
11,32,39.80328825375211
11,33,42.125773848186995
11,34,41.04356503468275
11,35,40.09523980256126
11,36,43.828140190318784
11,37,45.457622655106384
11,38,43.50210309404943
11,39,45.2851488427126
11,40,42.152038005160534
11,41,41.91564639928799
11,42,39.11496995314451
11,43,38.25991758784882
11,44,35.13029637698053
11,45,33.73115593189841
11,46,31.805747391237883
11,47,28.635309939777308
11,48,27.560026203698964
11,49,24.354120264709884
11,50,23.804137754267057
11,51,20.144164783769217
11,52,19.445873355445684
11,53,19.740684984495985
11,54,22.156170340282547
11,55,23.898564324691844
11,56,26.77536660494082
11,57,26.752896620582145
11,58,30.045760571244763
11,59,30.26214832444879
11,60,33.183943890383475
11,61,35.46528675873163
11,62,38.33474723662696
11,63,41.73728105519063
11,64,43.41020490817499
11,65,42.99449520285945
11,66,45.19050725073268
11,67,45.72779960365113
11,68,48.46365728136424
11,69,51.34975829664408
11,70,53.80327619862821
11,71,56.00360022922837
11,72,53.26329290713837
11,73,53.06013567970065
11,74,50.14763416993361
11,75,50.21153266137298
11,76,48.505228172852675
11,77,48.81724654206099
11,78,45.505468475444296
11,79,42.28162511301509
11,80,40.38039356517706
11,81,36.70569286754864
11,82,33.63069643879135
11,83,31.44323415679581
11,84,27.830404967432777
11,85,24.840457322021958
11,86,21.090497410351748
11,87,19.694730051366715
11,88,16.569766071808942
11,89,16.552735841457384
11,90,14.816772677696058
11,91,15.149761368424423
11,92,15.759121491968992
11,93,14.001948084299807
11,94,16.701818418089292
11,95,18.174077295979764
11,96,17.310296235975343
11,97,13.538776917846551
11,98,11.652675155116166
11,99,11.248312948004326
11,100,13.614451870381219
11,101,12.16837381252837
11,102,9.97835170874866
11,103,10.553053073700903
11,104,12.265880268761553
11,105,15.58382182742125
11,106,19.069957785749246
11,107,22.427734122944678
11,108,25.29877700204189
11,109,28.996776719172303
11,110,30.101358004476886
11,111,33.76587273812397
11,112,36.30410946368706
11,113,38.28032409153634
11,114,41.30958089855238
11,115,41.061787849318804
11,116,43.908458037563236
11,117,43.616171833065636
11,118,44.59024807913354
11,119,45.02535108656845
12,1,14.180451248262214
12,2,13.228781247730705
12,3,13.74459702198603
12,4,12.729524333863345
12,5,8.989462816853804
12,6,10.076986129611939
12,7,11.272132983238999
12,8,8.369509847184903
12,9,8.069895816897386
12,10,5.705930184860841
12,11,3.8092409964249523
12,13,3.8015674327455913
12,14,6.998717267191216
12,15,9.573102894607016
12,16,13.227008893417494
12,17,14.42318537054794
12,18,17.94228802255336
12,19,18.65598050687127
12,20,20.870871707970338
12,21,23.355241025789322
12,22,25.268999694945045
12,23,27.179057149314474
12,24,30.702551563985956
12,25,31.816098240544175
12,26,30.709219915928117
12,27,30.777749161798955
12,28,31.38518461329759
12,29,32.11763754374353
12,30,34.41570854496014
12,31,36.17605777863925
12,32,38.123040023932646
12,33,40.6662111880752
12,34,39.846030929180266
12,35,39.072459660211265
12,36,42.774748021910376
12,37,44.43118463660999
12,38,42.7366437283801
12,39,44.79836891849561
12,40,41.794645954902016
12,41,41.31484552266751
12,42,38.49479814705104
12,43,37.4721469007784
12,44,34.156982858361374
12,45,32.85125413442354
12,46,30.66379211404385
12,47,27.60201544555099
12,48,26.221057653953476
12,49,23.04227557375209
12,50,22.091754502828554
12,51,18.631298052480478
12,52,17.848969044397155
12,53,17.682283666455042
12,54,20.15772188628713
12,55,22.02004077130947
12,56,25.0799841229756
12,57,25.411422521298782
12,58,28.848607858807306
12,59,29.501638620609317
12,60,32.580383848157794
12,61,35.1529910448507
12,62,38.12209740212731
12,63,41.46105686384556
12,64,43.39072074951402
12,65,43.290071236162476
12,66,45.40768194485397
12,67,45.67693990869517
12,68,48.19288881222257
12,69,51.07670539802426
12,70,53.32884504997129
12,71,55.57536455650043
12,72,52.78753882129818
12,73,52.84701034072304
12,74,50.12177376048006
12,75,50.378102793944024
12,76,48.933603233620886
12,77,49.322744940978524
12,78,45.88051181656266
12,79,42.632218556073525
12,80,40.46787981969519
12,81,36.89188306582975
12,82,33.611279463067106
12,83,31.316197109463577
12,84,27.843028821290133
12,85,24.623447548893633
12,86,20.998219847334436
12,87,18.97846445050901
12,88,15.491251102208855
12,89,15.179675231231844
12,90,13.000489449967748
12,91,13.73190298174404
12,92,14.109027050912571
12,93,12.90701211065717
12,94,15.98606519140082
12,95,17.08834136205911
12,96,16.846825360534126
12,97,13.122628503434404
12,98,10.74848869518411
12,99,9.272110875173826
12,100,11.354905364781516
12,101,9.906366008053057
12,102,8.50392415625655
12,103,9.289278181250843
12,104,12.01095789137271
12,105,15.512807636630155
12,106,19.062646025252405
12,107,22.53775159194919
12,108,24.97833038648061
12,109,28.65777020682374
12,110,29.366419428134027
12,111,33.118594040201145
12,112,35.938357128153015
12,113,38.03194978576752
12,114,41.26611548543951
12,115,41.324619524438276
12,116,44.36674682025804
12,117,44.399157120920215
12,118,45.43343645563389
12,119,45.665240563280456
13,1,17.36839263149087
13,2,16.343318070130664
13,3,17.23349294829628
13,4,15.888716842314064
13,5,12.295295782549285
13,6,13.680955589187324
13,7,14.35961416689106
13,8,10.989375776558372
13,9,9.965596800815506
13,10,7.341255812853941
13,11,7.159527015706154
13,12,3.8015674327455913
13,14,3.7957586010954807
13,15,6.3547106721459095
13,16,10.109503638155365
13,17,11.94349322793969
13,18,15.136285620590565
13,19,15.883759976122345
13,20,17.758996405732134
13,21,20.505046329648202
13,22,22.277096570119706
13,23,24.513520753085654
13,24,27.983741655940296
13,25,29.41115356348725
13,26,28.53104507678075
13,27,29.008378105341045
13,28,29.5605859704093
13,29,30.699895499179455
13,30,33.04412536523338
13,31,34.45597805970325
13,32,36.44216022306737
13,33,39.221453417222314
13,34,38.47678767852435
13,35,38.03702111445313
13,36,41.738273841222096
13,37,43.215969166627474
13,38,41.664277967724274
13,39,43.9188963542075
13,40,41.12592648994406
13,41,40.61393178311555
13,42,37.95470830411159
13,43,37.01836667875028
13,44,33.642616028698825
13,45,32.678607914088566
13,46,30.47457910434801
13,47,27.712615164395473
13,48,26.337544973999055
13,49,23.437655202816224
13,50,22.400170069380707
13,51,19.283330406065804
13,52,18.01525532296429
13,53,17.050344901810405
13,54,19.2999229584867
13,55,21.606093437541567
13,56,24.56452100351901
13,57,24.925535880048656
13,58,28.2992344712161
13,59,29.176395233711478
13,60,32.188407189113825
13,61,35.04857907784631
13,62,37.91995403380848
13,63,41.28200234034937
13,64,43.29971310046644
13,65,43.37665034688131
13,66,45.259277414451866
13,67,45.21272721836801
13,68,47.57125433694581
13,69,50.32038314264099
13,70,52.357220516779215
13,71,54.75944913102638
13,72,52.05664014022608
13,73,52.363458975442946
13,74,49.803027534231106
13,75,50.0755286072306
13,76,48.87137079964571
13,77,49.147540563053035
13,78,45.59373817955485
13,79,42.449842486199586
13,80,40.17229705809485
13,81,36.67733385001344
13,82,33.32728767166201
13,83,30.76552192924632
13,84,27.51929812666741
13,85,24.048083274650214
13,86,20.64425326835087
13,87,18.26739773851956
13,88,14.71905271323469
13,89,14.754817413972956
13,90,12.77962215433598
13,91,14.405798807431093
13,92,15.065095718494563
13,93,14.733769119345336
13,94,18.132527230729266
13,95,19.09028172781217
13,96,19.418693141181596
13,97,15.840175151273856
13,98,13.326298109194006
13,99,11.019065276313617
13,100,12.375321532421959
13,101,10.582529643452093
13,102,9.64317287653032
13,103,9.583129795437893
13,104,12.65075813770757
13,105,15.814236283825561
13,106,19.44520746349445
13,107,22.737138521950907
13,108,24.832610107214673
13,109,28.351608362457863
13,110,28.56914775313712
13,111,32.3164254495379
13,112,35.28177450179138
13,113,37.260307336598345
13,114,40.610758802042845
13,115,40.81046992497301
13,116,43.9400200196243
13,117,44.258882413411584
13,118,45.16448186321309
13,119,45.091655042758404
14,1,19.478593806515676
14,2,18.94047884027201
14,3,20.219535627123886
14,4,19.190897736212193
14,5,15.547241633523466
14,6,17.057758807939447
14,7,18.045317968692565
14,8,14.739396120697698
14,9,13.715830518708415
14,10,11.007930781421317
14,11,10.671689235819454
14,12,6.998717267191216
14,13,3.7957586010954807
14,15,3.7913706411404418
14,16,7.050879408527363
14,17,9.501740866816174
14,18,12.394476924075398
14,19,13.830846430837475
14,20,15.757942212950853
14,21,18.904594708036058
14,22,20.923424117293305
14,23,23.47030740781114
14,24,26.69125545850155
14,25,28.50896361548339
14,26,27.554532720228828
14,27,28.417564363306766
14,28,29.266224892159588
14,29,30.77331906316884
14,30,32.87626759269581
14,31,33.984367627179545
14,32,36.229240883692164
14,33,39.22162127743557
14,34,38.78352738472076
14,35,38.536472671148104
14,36,42.14793939001818
14,37,43.640585590681546
14,38,42.38400499874238
14,39,44.89092202552593
14,40,42.2586304581147
14,41,41.50819326302369
14,42,38.86059868293459
14,43,37.75341094077501
14,44,34.24502751703283
14,45,33.36781080603165
14,46,30.91909299917749
14,47,28.32027311695487
14,48,26.62136208724127
14,49,23.820953578788632
14,50,22.32453515660646
14,51,19.59191287996706
14,52,18.418302676317428
14,53,17.013799411101104
14,54,19.204560135410556
14,55,21.490371663232057
14,56,24.568803594066686
14,57,25.35437724189539
14,58,28.78765785229903
14,59,30.10644701766697
14,60,33.2143132489168
14,61,36.28826394713167
14,62,39.21814985001194
14,63,42.46258186371808
14,64,44.70278965896026
14,65,45.066952524913226
14,66,46.87090989367291
14,67,46.58566771153697
14,68,48.71005098616369
14,69,51.43317883745883
14,70,53.255010159235326
14,71,55.681074271209475
14,72,52.95015204763453
14,73,53.507368723053716
14,74,51.14559371386101
14,75,51.59893707890348
14,76,50.63727460039701
14,77,50.98452501231302
14,78,47.351626235398115
14,79,44.21836579455094
14,80,41.733213423903265
14,81,38.379192992029985
14,82,34.90258428828331
14,83,32.30516225570933
14,84,29.265602320097518
14,85,25.70386437256523
14,86,22.552910693632768
14,87,19.73377628997973
14,88,16.098701132542015
14,89,15.796087887676741
14,90,13.504776067625818
14,91,15.301296900459139
14,92,15.510002337284272
14,93,15.65447695415764
14,94,18.99631122376502
14,95,19.404742184206885
14,96,20.162903478865832
14,97,16.929790251415138
14,98,14.15556329351497
14,99,11.336372850148523
14,100,12.254069294120495
14,101,10.97499775119077
14,102,11.231993343711327
14,103,11.479600153892756
14,104,14.947526404946489
14,105,17.99870641173982
14,106,21.439372732219404
14,107,24.70043383500115
14,108,26.341192963381566
14,109,29.73982299875615
14,110,29.57467478476791
14,111,33.31734799073973
14,112,36.50033836437948
14,113,38.559535990160214
14,114,42.0518584396319
14,115,42.52613850025403
14,116,45.788566465798645
14,117,46.379039216012266
14,118,47.32092044821752
14,119,47.07063434317972
15,1,20.5577740480424
15,2,19.858560124117805
15,3,21.68847375271693
15,4,20.450563206005885
15,5,17.0658294005067
15,6,19.214630657293544
15,7,19.98565692946991
15,8,16.507856074287915
15,9,15.894636237214087
15,10,13.493364988411187
15,11,13.193978518989146
15,12,9.573102894607016
15,13,6.3547106721459095
15,14,3.7913706411404418
15,16,3.79290049412401
15,17,6.096896852431397
15,18,8.879643717509131
15,19,10.047157961314728
15,20,12.06474716621625
15,21,15.170419820622495
15,22,17.361894397248367
15,23,19.86441978507605
