1,2,3.814466424952253
1,3,7.193243663019616
1,4,10.642245398803825
1,5,13.068284968580311
1,6,16.689858482224928
1,7,18.948286320883305
1,8,22.206707383229258
1,9,23.562743261844044
1,10,26.62267821183647
1,11,28.06900033425224
1,12,31.227802193217173
1,13,39.276682333609855
1,14,40.61101137614112
1,15,43.262324222039695
1,16,42.860653628434065
1,17,41.876410391525035
1,18,45.462705704045476
1,19,47.41517837641599
1,20,46.003675812381275
1,21,48.31108462936258
1,22,45.27765879960449
1,23,44.35414747214765
1,24,41.276566705046896
1,25,40.048329122527555
1,26,36.800735127309686
1,27,34.903886946557385
1,28,32.65836237681526
1,29,29.21624081507221
1,30,27.482855543407766
1,31,23.92067579955275
1,32,22.51164177256641
1,33,18.9339578061352
1,34,19.356837966493067
1,35,19.918046371265834
1,36,22.76240801143894
1,37,23.802805488681795
1,38,27.113518918494464
1,39,28.006146985222006
1,40,31.61900891024219
1,41,32.06991534840885
1,42,35.29466171009927
1,43,37.79934961167679
1,44,40.942416031222585
1,45,44.0318449113916
1,46,46.36186729535945
1,47,46.62278560272555
1,48,49.08727213910555
1,49,49.36195628325873
1,50,51.648685470660666
1,51,54.599426068549384
1,52,56.63701169335094
1,53,58.84090246550143
1,54,55.95307969572409
1,55,56.07129185918869
1,56,53.65377224216192
1,57,54.15351047211198
1,58,52.886787675392966
1,59,53.648290126380836
1,60,50.21223521667807
1,61,46.81992679015141
1,62,44.12736693088032
1,63,40.710267969720455
1,64,37.220494493017874
1,65,35.44407863530886
1,66,31.76184752296605
1,67,28.640380902371298
1,68,24.9061828211998
1,69,22.926245544659476
1,70,19.423708672341675
1,71,18.26909587571731
1,72,15.62555192649631
1,73,15.007949544281022
1,74,14.12212732954025
1,75,11.515086359830782
1,76,13.091536058845568
1,77,14.949065211519663
1,78,10.472353651934172
1,79,12.333071914810368
1,80,12.686785075572027
1,81,9.764561645693034
1,82,10.624606110159334
1,83,10.248266348906508
1,84,12.594456833006435
1,85,15.519891741969959
1,86,18.920673193525055
1,87,22.08022836425821
1,88,25.786668329991937
1,89,28.17351142986601
1,90,31.946152055046245
1,91,33.07408090931863
1,92,36.783751227584226
1,93,39.586349887862596
1,94,42.06896820099548
1,95,45.45545823179164
1,96,45.91286921869255
1,97,48.9089703908877
1,98,48.88769105030289
1,99,48.309069944513254
1,100,51.9836262494291
2,1,3.814466424952253
2,3,3.799835891259943
2,4,7.06286131034883
2,5,9.309910446132918
2,6,12.910929090965093
2,7,15.141578966424444
2,8,18.420874286898798
2,9,19.85386418977403
2,10,22.85128311510402
2,11,24.302141165783826
2,12,27.471532356014468
2,13,36.18754317404632
2,14,37.656643651515
2,15,40.46103349971245
2,16,40.20411010674034
2,17,39.41915079981434
2,18,42.98463147054609
2,19,44.86295880189959
2,20,43.62643780180978
2,21,46.122497514662605
2,22,43.24566180645621
2,23,42.20302351591879
2,24,39.20438185025447
2,25,37.97521259569219
2,26,34.61501981629122
2,27,32.94696727118817
2,28,30.555766379038467
2,29,27.30935695591051
2,30,25.50015545197201
2,31,22.104838940211213
2,32,20.56153469381818
2,33,17.18767105267668
2,34,17.2288086402664
2,35,17.210899312408003
2,36,20.001979342691133
2,37,21.306075463137635
2,38,24.659523508637594
2,39,25.658044501340758
2,40,29.324496380160962
2,41,30.093313258425905
2,42,33.30070067769258
2,43,36.052733479844264
2,44,39.19776027805782
2,45,42.2635775487237
2,46,44.73441603932202
2,47,45.218175419271475
2,48,47.524217047958025
2,49,47.53998295562675
2,50,49.636775023558414
2,51,52.54975346826147
2,52,54.40304853372238
2,53,56.64328376139462
2,54,53.76646556032827
2,55,54.10383188266029
2,56,51.86981160862433
2,57,52.46876260017078
2,58,51.43668725098761
2,59,52.19008788903228
2,60,48.656133175410716
2,61,45.311329143769626
2,62,42.459003008264645
2,63,39.14509821615535
2,64,35.54262222173375
2,65,33.58331018542383
2,66,30.017844504207886
2,67,26.8060836287232
2,68,23.183502779437973
2,69,20.782206118958307
2,70,17.097174242158484
2,71,15.897229882282325
2,72,13.100294005224299
2,73,13.144002100132326
2,74,12.423045112571279
2,75,10.73638821325224
2,76,13.17899431054007
2,77,14.835275888190012
2,78,10.79454399437659
2,79,11.477252756166612
2,80,10.699349215138668
2,81,7.6160869029380605
2,82,8.286724589114382
2,83,8.473629768204038
2,84,10.601563686473066
2,85,14.031044205330678
2,86,17.46204407691789
2,87,20.663813163107058
2,88,24.350264137266738
2,89,26.38475220546089
2,90,30.081025838923615
2,91,30.837708618999493
2,92,34.60478206662045
2,93,37.59162959781217
2,94,40.08438993460539
2,95,43.59328620224534
2,96,44.263304552170965
2,97,47.411785931876935
2,98,47.67115647050481
2,99,47.27660562373514
2,100,50.98889055725738
3,1,7.193243663019616
3,2,3.799835891259943
3,4,3.8110481187261223
3,5,6.230038678676513
3,6,9.781276373981688
3,7,12.558034038257643
3,8,15.621467336423684
3,9,17.583247584896696
3,10,20.39892693005606
3,11,21.49865132596298
3,12,24.44586254328472
3,13,35.062701338197776
3,14,36.58520937183215
3,15,39.61934203871576
3,16,39.40678314305132
3,17,38.974865737197945
3,18,42.54618737138634
3,19,44.19777748515088
3,20,43.06793689614397
3,21,45.71578740555995
3,22,43.053733831408586
3,23,42.03906972373129
3,24,39.23647921393551
3,25,38.16931833310477
3,26,34.76836497559535
3,27,33.469384585181345
3,28,31.044998369021222
3,29,28.07404637006071
3,30,26.332168016015064
3,31,23.22299859791452
3,32,21.653706539747798
3,33,18.591000976954042
3,34,18.088584495978726
3,35,17.25427022587619
3,36,19.816842169624838
3,37,21.600623941730113
3,38,24.86322804204895
3,39,25.806189263471744
3,40,29.428312727314054
3,41,30.438339792584433
3,42,33.482170911075315
3,43,36.49529061053713
3,44,39.51532835351039
3,45,42.628554439053616
3,46,45.131252553077296
3,47,45.728002525566446
3,48,47.78830415929351
3,49,47.51268868919204
3,50,49.45693431257146
3,51,52.22599813977636
3,52,53.85075926787517
3,53,56.2294482668244
3,54,53.46129706281928
3,55,54.04496424774619
3,56,51.991274385317304
3,57,52.55906120163968
3,58,51.72751246047333
3,59,52.3244714676863
3,60,48.69704808461374
3,61,45.48775321202686
3,62,42.57630692987334
3,63,39.323560905623935
3,64,35.68367284108175
3,65,33.4073098954677
3,66,30.002819633672868
3,67,26.608911831836576
3,68,23.145208495262857
3,69,20.485862848124984
3,70,16.724099359476806
3,71,15.964407732114553
3,72,13.418374051051627
3,73,14.444536553579097
3,74,14.125324463149164
3,75,13.330267029742098
3,76,16.200258103103724
3,77,17.612050712560094
3,78,13.753481146113739
3,79,13.765675277898222
3,80,11.992440704032559
3,81,9.2968667713183
3,82,9.659679235747555
3,83,10.048720622686336
3,84,11.209978358768776
3,85,14.95201522505424
3,86,18.04477729366939
3,87,21.38958845638448
3,88,24.896854648887686
3,89,26.676589866728648
3,90,30.227851794350194
3,91,30.548103753096676
3,92,34.33006448246374
3,93,37.41674643124693
3,94,39.747298701597586
3,95,43.336591473868204
3,96,44.080855561717264
3,97,47.30505764231776
3,98,47.83636578398351
3,99,47.467903936489336
3,100,51.15946003067367
4,1,10.642245398803825
4,2,7.06286131034883
4,3,3.8110481187261223
4,5,3.798617459607109
4,6,6.546863611982699
4,7,9.606682358672682
4,8,12.766562915817884
4,9,15.075809601697088
4,10,17.478616660560036
4,11,18.64925570440576
4,12,21.52851179739917
4,13,33.516420635421156
4,14,35.31103982972489
4,15,38.50942382979034
4,16,38.57955043281385
4,17,38.371141508486254
4,18,41.83445793648856
4,19,43.43691445752297
4,20,42.59790236970115
4,21,45.46919397308951
4,22,43.01526471414197
4,23,41.802305405515504
4,24,39.08588808128015
4,25,37.93367058436656
4,26,34.41850996309607
4,27,33.328173581444645
4,28,30.685890335175724
4,29,28.009148443647884
4,30,26.065284766880623
4,31,23.205568035306044
4,32,21.328737120383796
4,33,18.754899249801642
4,34,18.13825864120421
4,35,16.705960511283237
4,36,19.07963086685171
4,37,20.926926271167765
4,38,24.20974154825742
4,39,25.440180594547034
4,40,29.058775232372668
4,41,30.50271472492839
4,42,33.522245266357544
4,43,36.73527579881269
4,44,39.765278064326665
4,45,42.75299627879978
4,46,45.43153292625933
4,47,46.30616037140128
4,48,48.215996657902316
4,49,47.675230714990846
4,50,49.35903430713218
4,51,52.09557367909355
4,52,53.493170387802834
4,53,55.85524606383016
4,54,53.08261542175161
4,55,53.913086513125606
4,56,52.0931218733977
4,57,52.82306919257056
4,58,52.261923516353505
4,59,52.89885026960574
4,60,49.20739534521772
4,61,46.05890911427615
4,62,42.983084625339096
4,63,39.9117277106221
4,64,36.19690127094363
4,65,33.81249196872064
4,66,30.61966298995983
4,67,27.259473196773413
4,68,24.05580039564938
4,69,21.001186990390735
4,70,17.249327042867314
4,71,16.348911887118447
4,72,13.703929239349327
4,73,15.20292553953261
4,74,14.719329415969112
4,75,14.745525903720011
4,76,17.73742248090676
4,77,18.586341620855354
4,78,15.066687681734017
4,79,14.293679409813548
4,80,11.647662182981648
4,81,9.8362795119888
4,82,10.482159170197507
4,83,11.773138646619735
4,84,12.72991408304019
4,85,16.49567263859474
4,86,19.44808371283902
4,87,22.57093361232718
4,88,25.939917382999194
4,89,27.233057252794254
4,90,30.5991920545919
4,91,30.479465259444684
4,92,34.251169514280065
4,93,37.5308538204025
4,94,39.88821995787239
4,95,43.57671338098066
4,96,44.58631389072554
4,97,47.95109050970375
4,98,48.76397686718159
4,99,48.61310668464295
4,100,52.31316171796854
5,1,13.068284968580311
5,2,9.309910446132918
5,3,6.230038678676513
5,4,3.798617459607109
5,6,3.7957333567180744
5,7,6.509290499776982
5,8,9.399029088653673
5,9,11.613036155567546
5,10,14.280371208109415
5,11,15.282137386361017
5,12,18.270955493711057
5,13,30.044608548260523
5,14,31.75825951530033
5,15,35.02384676161006
5,16,35.05770432339917
5,17,35.01488077247996
5,18,38.47912476352328
5,19,39.94913800447458
5,20,39.14079265211338
5,21,42.067752775851964
5,22,39.73624504248696
5,23,38.54813978103129
5,24,35.97000508597548
5,25,34.96432636718424
5,26,31.488391802899166
5,27,30.69111015739112
5,28,28.157799955703755
5,29,25.721366970387056
5,30,24.0426883565069
5,31,21.540513574260316
5,32,20.011536493767416
5,33,17.702297156520917
5,34,16.396335463720867
5,35,14.348940589715344
5,36,16.387900166182543
5,37,18.694458144061016
5,38,21.697579526136778
5,39,22.690083831090227
5,40,26.18055292132962
5,41,27.70461671128042
5,42,30.553629712347245
5,43,33.900699438686964
5,44,36.81047563832574
5,45,39.81048310214426
5,46,42.48224237688328
5,47,43.43539957287891
5,48,45.17884961988287
5,49,44.46557102123997
5,50,46.0514062688297
5,51,48.70935920747222
5,52,49.998107094754594
5,53,52.412300397064044
5,54,49.7029268886648
5,55,50.65060734618325
5,56,48.93673438075627
5,57,49.65689230252096
5,58,49.23340709597054
5,59,49.80801791429187
5,60,46.08053256822495
5,61,43.01739068093031
5,62,39.90151881957263
5,63,36.91649443263078
5,64,33.201286942999964
5,65,30.679657962128886
5,66,27.645591840828388
5,67,24.280320623647004
5,68,21.298684974104894
5,69,18.072967668496286
5,70,14.434724498116278
5,71,13.831427190419886
5,72,11.682094103483962
5,73,13.99629761926339
5,74,14.273964003353072
5,75,15.129928322077046
5,76,18.572973445019148
5,77,19.697723231763042
5,78,17.130198914628423
5,79,15.735883867177574
5,80,12.72208834999382
5,81,10.773474909496462
5,82,10.257296004753542
5,83,11.222324243083555
5,84,11.223030661466943
5,85,14.80712898609286
5,86,17.328023310377077
5,87,20.322350192450784
5,88,23.446333380767175
5,89,24.458205481038615
5,90,27.654376192419537
5,91,27.258201250552734
5,92,30.995113119639125
5,93,34.3105234111551
5,94,36.58835150859451
5,95,40.30547072089779
5,96,41.40710407720168
5,97,44.8269875095669
5,98,45.821806434356056
5,99,45.7835149607984
5,100,49.46918202432925
6,1,16.689858482224928
6,2,12.910929090965093
6,3,9.781276373981688
6,4,6.546863611982699
6,5,3.7957333567180744
6,7,3.7907289524210053
6,8,6.368177205701648
6,9,9.234397405898209
6,10,11.236674651360905
6,11,12.158751779607378
6,12,15.018969914176349
6,13,28.556570478449668
6,14,30.511544140635507
6,15,33.94440109462159
6,16,34.251265455500985
6,17,34.50756619028866
6,18,37.82344514562956
6,19,39.170825001652176
6,20,38.66562716869285
6,21,41.795579557580034
6,22,39.732922723908125
6,23,38.38936468036129
6,24,35.97923201179438
6,25,34.96061638792433
6,26,31.44509442504038
6,27,30.956067262999653
6,28,28.29906781298446
6,29,26.273918504147055
6,30,24.5227195672733
6,31,22.430157154397723
6,32,20.75732013128769
6,33,19.060803825784696
6,34,17.588214319827642
6,35,14.952600255585024
6,36,16.538016476754816
6,37,18.926661048668155
6,38,21.737273286437997
6,39,22.909746274039843
6,40,26.25013326227279
6,41,28.176259784993434
6,42,30.882832870128322
6,43,34.397650269714305
6,44,37.230715371990335
6,45,40.08511933770352
6,46,42.88088849074608
6,47,44.09070657381866
6,48,45.62625150143639
6,49,44.62054288612735
6,50,45.9208206913894
6,51,48.491551136044244
6,52,49.513419236053814
6,53,51.92404402931946
6,54,49.25759473080208
6,55,50.474162779736524
6,56,49.024321731615096
6,57,49.874459092403484
6,58,49.738373369577005
6,59,50.31114696418729
6,60,46.54531042019365
6,61,43.60029474605714
6,62,40.366655863359334
6,63,37.60474760180834
6,64,33.884499845179896
6,65,31.254736705291414
6,66,28.52946270137281
6,67,25.272583241069853
6,68,22.68610946366588
6,69,19.22961290583619
6,70,15.877790440540357
6,71,15.312542307720197
6,72,13.421151750139133
6,73,16.058888433628926
6,74,16.302091339218617
6,75,17.763860428733192
6,76,21.172018685591205
6,77,21.890281984075656
6,78,19.691185471715368
6,79,17.816831002585776
6,80,14.360456700435504
6,81,13.216512379404872
6,82,12.848117780966872
6,83,14.240355144568305
6,84,14.008404983871001
6,85,17.29469230422394
6,86,19.470334537724987
6,87,22.135999703719218
6,88,24.96695057202256
6,89,25.460336973289056
6,90,28.349944346486023
6,91,27.45868490066374
6,92,31.092296980490396
6,93,34.539281571506194
6,94,36.76650629535527
6,95,40.535381972101206
6,96,41.88109498424936
6,97,45.401739221676195
6,98,46.69092718730876
6,99,46.85523002361454
6,100,50.50709801810731
7,1,18.948286320883305
7,2,15.141578966424444
7,3,12.558034038257643
7,4,9.606682358672682
7,5,6.509290499776982
7,6,3.7907289524210053
7,8,3.7895482988191245
7,9,5.736142397859615
7,10,7.893512409212415
7,11,9.544138326890408
7,12,12.905135919987373
7,13,25.019116360523146
7,14,27.154508232153248
7,15,30.581263378357484
7,16,31.114263070344713
7,17,31.374910922573896
7,18,34.574577824328465
7,19,35.99751128784507
7,20,35.71010869445796
7,21,38.95944705060243
7,22,36.996482321341155
7,23,35.44137962938112
7,24,33.04613907371149
7,25,31.909014845234147
7,26,28.354731301543712
7,27,27.998194153480505
7,28,25.256373444501147
7,29,23.52947369593214
7,30,21.77822728600557
7,31,20.080588152667605
7,32,18.495099505848366
7,33,17.358379774770285
7,34,15.611857958870031
7,35,12.54414490833085
7,36,13.709166916904866
7,37,16.112106755196113
7,38,18.70675265186223
7,39,20.018548596362027
7,40,23.252995562131122
7,41,25.47697032190428
7,42,28.14850349333257
7,43,31.719690056220536
7,44,34.56755013274465
7,45,37.250700822850746
7,46,40.18043643265591
7,47,41.62213825813667
7,48,43.100394735584025
7,49,41.973405291914354
7,50,43.080138107635285
7,51,45.697100814349895
7,52,46.63524735904326
7,53,48.930274390931665
7,54,46.20078097221316
7,55,47.51443034024457
7,56,46.208314387966496
7,57,47.24049006067756
7,58,47.29021756788587
7,59,48.00209825499891
7,60,44.24419341412557
7,61,41.3053042272981
7,62,37.9412732808845
7,63,35.3875201563262
7,64,31.64760481912312
7,65,29.127016733069215
7,66,26.620040845810117
7,67,23.622413450508763
7,68,21.380470473670105
7,69,17.71213800808533
7,70,14.684202304313237
7,71,13.816750227142778
7,72,12.175857577603173
7,73,15.032094385562399
7,74,15.492863431261291
7,75,17.702583102112065
7,76,21.15677902958117
7,77,21.770740142461566
7,78,20.552130590719635
7,79,18.083526428043044
7,80,14.45918124418006
7,81,13.699509142830218
7,82,12.878556158638405
7,83,14.4789917219913
7,84,14.028345603243174
7,85,16.796973125793553
7,86,18.687978736493072
7,87,20.83101838424406
7,88,23.41431347084592
7,89,23.39298959496795
7,90,26.04423801934044
7,91,24.8859219212548
7,92,28.44223150192858
7,93,32.00910452067964
7,94,34.357470642398425
7,95,38.15790294644754
7,96,39.77058730179252
7,97,43.38932499716557
7,98,44.831587140474966
7,99,45.273741483151284
7,100,48.92919968602796
8,1,22.206707383229258
8,2,18.420874286898798
8,3,15.621467336423684
8,4,12.766562915817884
8,5,9.399029088653673
8,6,6.368177205701648
8,7,3.7895482988191245
8,9,3.797812359138751
8,10,5.3381861305546305
8,11,5.933536290164046
8,12,9.223580952375766
8,13,23.120979331762676
8,14,25.165404657196667
8,15,28.761753590807324
8,16,29.28361571096517
8,17,29.96989860576553
8,18,33.091256093687846
8,19,34.18776601271999
8,20,34.00801919398085
8,21,37.34181522231137
8,22,35.673592913531564
8,23,34.21062983622404
8,24,32.14139319325968
8,25,31.289570103152307
8,26,27.884514793559163
8,27,28.040084378180577
8,28,25.526041459892898
8,29,24.26316033294669
8,30,22.90878781681676
8,31,21.75929212263495
8,32,20.58392355926116
8,33,19.81558880302185
8,34,17.580436536978283
8,35,14.09103273765334
8,36,14.523777075009384
8,37,17.325533140487416
8,38,19.30391126524004
8,39,20.229861234944632
8,40,23.066801380675827
8,41,25.37739726214405
8,42,27.652738668007125
8,43,31.356771253474914
8,44,33.92359088637843
8,45,36.58507033338243
8,46,39.44355322353451
8,47,40.96293279820961
8,48,42.12877253333447
8,49,40.70512552491481
8,50,41.621975135060126
8,51,44.03013463188731
8,52,44.71261402523051
8,53,47.125833537585784
8,54,44.564081660808874
8,55,46.11374582915067
8,56,45.01929088238645
8,57,45.99016520292239
8,58,46.25845493286541
8,59,46.799138671566524
8,60,43.017811450388486
8,61,40.292817186208644
8,62,36.948205650415375
8,63,34.56200718186168
8,64,30.92683433011492
8,65,28.176655436625744
8,66,26.03307511779947
8,67,23.0947357147546
8,68,21.325738813839582
8,69,17.72829716848666
8,70,15.236526060584477
8,71,15.039492848436883
8,72,14.272652010577424
8,73,17.5317216493651
8,74,18.499836619498037
8,75,20.947111907011028
8,76,24.50053425348036
8,77,25.251028331022084
8,78,24.26860196767972
8,79,21.744351676718047
8,80,18.134659222623068
8,81,17.3163312839494
8,82,16.11535397319912
8,83,17.273670746589602
8,84,16.14474233153235
8,85,18.510541215247983
8,86,19.73747741458832
8,87,21.664943393236655
8,88,23.759926664671823
8,89,23.383765524904007
8,90,25.634441013249567
8,91,23.990489192842002
8,92,27.352688463701206
8,93,30.883836712458397
8,94,32.9711949330096
8,95,36.75048665793134
8,96,38.437363621716486
8,97,42.06688209569223
8,98,43.783243462861535
8,99,44.29757652350564
8,100,47.863155636920915
9,1,23.562743261844044
9,2,19.85386418977403
9,3,17.583247584896696
9,4,15.075809601697088
9,5,11.613036155567546
9,6,9.234397405898209
9,7,5.736142397859615
9,8,3.797812359138751
9,10,3.770682421360915
9,11,5.73056698773758
9,12,9.525393517667093
9,13,19.5501630483298
9,14,21.71908026505127
9,15,25.250139137011022
9,16,25.934388950586392
9,17,26.496026112897777
9,18,29.549050293220553
9,19,30.798292316491032
9,20,30.75445842448338
9,21,34.15425798890536
9,22,32.4917846989433
9,23,30.829902718267846
9,24,28.712391372758994
9,25,27.732133185774597
9,26,24.30307411859093
9,27,24.540136562048296
9,28,22.01194781649473
9,29,21.01573166430771
9,30,19.781475468842753
9,31,19.062086339442647
9,32,18.175547036217804
9,33,17.901161883915798
9,34,15.399615783560355
9,35,11.691431469694493
9,36,11.537977267660338
9,37,14.346548355195509
9,38,15.949727528350543
9,39,16.889264981916387
9,40,19.58396184286208
9,41,22.106695597093083
9,42,24.359449526011126
9,43,28.06618924848697
9,44,30.66732119281575
9,45,33.177378253814645
9,46,36.14550846080684
9,47,37.84198915490929
9,48,39.0195313030928
9,49,37.569332247078
9,50,38.37148403579362
9,51,40.879220801520674
9,52,41.582356810220084
9,53,43.857002752672685
9,54,41.193170134213624
9,55,42.743650213644194
9,56,41.70831680621384
9,57,42.84545941742969
9,58,43.218121909413455
9,59,43.92954904054526
9,60,40.1771522695116
9,61,37.41240949260541
9,62,33.95914039835453
9,63,31.74698217439329
9,64,28.102436290006395
9,65,25.545254120064172
9,66,23.58089921952909
9,67,20.97323355025942
9,68,19.544923727536787
9,69,15.864833359158085
9,70,13.8396480310789
9,71,13.337030981986196
9,72,12.98110788872343
9,73,16.23259344602264
9,74,17.477932138198454
9,75,20.4234468398219
9,76,23.927743638533798
9,77,24.70808117488883
9,78,24.608546102018888
9,79,21.73819246094221
9,80,18.247134007771617
9,81,17.568918452413918
9,82,15.937145589193314
9,83,17.07217621986374
9,84,15.79924688999307
9,85,17.526070409569144
9,86,18.4359396248154
9,87,19.768762290523448
9,88,21.58474374188759
9,89,20.73564085159508
9,90,22.754690314242012
9,91,20.950198701838882
9,92,24.240846546645912
9,93,27.867049624532722
9,94,30.127851032457322
9,95,33.92127412685202
9,96,35.83720963877639
9,97,39.539451359846645
9,98,41.31447872385441
9,99,42.08312577525791
9,100,45.65853223195006
10,1,26.62267821183647
10,2,22.85128311510402
10,3,20.39892693005606
10,4,17.478616660560036
10,5,14.280371208109415
10,6,11.236674651360905
10,7,7.893512409212415
10,8,5.3381861305546305
10,9,3.770682421360915
10,11,3.8039039635377123
10,12,7.250084153166679
10,13,19.421992803172646
10,14,21.9390744478728
10,15,25.553312474794325
10,16,26.64226965434571
10,17,27.518647269229
10,18,30.266054988808364
10,19,31.381703865772064
10,20,31.74791725048278
10,21,35.30992038538131
10,22,33.97939206919011
10,23,32.14184240547363
10,24,30.24252615817178
10,25,29.2104385260387
10,26,25.842325823273157
10,27,26.34256463242303
10,28,23.728793913280466
10,29,23.191592337350997
10,30,21.83569230863504
10,31,21.4732030286431
10,32,20.359074750078307
10,33,20.5853671195598
10,34,18.334805427337447
10,35,14.668018506365868
10,36,14.218874371701297
10,37,16.597088238153297
10,38,17.929394610170736
10,39,19.122951728825115
10,40,21.493691648260487
10,41,24.344587288810157
10,42,26.394188079187018
10,43,30.108870889195277
10,44,32.588936343726736
10,45,34.84434229388932
10,46,37.903568836417215
10,47,39.84764924457524
10,48,40.823181604550626
10,49,39.11395135517395
10,50,39.5780514114839
10,51,41.97052772788419
10,52,42.36822743044851
10,53,44.573750602757414
10,54,41.97091676340094
10,55,43.793800759831576
10,56,43.06539003472444
10,57,44.35714779846447
10,58,45.02054714086171
10,59,45.75220432674103
10,60,42.029504490109254
10,61,39.41875618589609
10,62,35.911897795451885
10,63,33.987226790660685
10,64,30.442020888812422
10,65,27.912529447096727
10,66,26.305768368930586
10,67,23.927524215734547
10,68,22.84306407687526
10,69,19.229329713633852
10,70,17.474646834015648
10,71,16.929366465621445
10,72,16.49725516057029
10,73,19.545665694977316
10,74,20.456739779454434
10,75,23.494135044778503
10,76,26.83112393769869
10,77,27.223412934676944
10,78,27.1526952228148
10,79,24.124983042377767
10,80,20.482724195022456
10,81,20.33155542593814
10,82,19.114727343928838
10,83,20.584668822449093
10,84,19.513935571592175
10,85,21.241602622811456
10,86,22.100602609691844
10,87,23.230699512663993
10,88,24.829956093675698
10,89,23.630898429537076
10,90,25.291458821006135
10,91,23.1126801653636
10,92,26.12484612733462
10,93,29.763214531200894
10,94,31.932414731764048
10,95,35.67760619857089
10,96,37.8155429800036
10,97,41.54605025977644
10,98,43.560382405320205
10,99,44.51051949946866
10,100,48.00679763236512
11,1,28.06900033425224
11,2,24.302141165783826
11,3,21.49865132596298
11,4,18.64925570440576
11,5,15.282137386361017
11,6,12.158751779607378
11,7,9.544138326890408
11,8,5.933536290164046
11,9,5.73056698773758
11,10,3.8039039635377123
11,12,3.8055783180262868
11,13,20.094784779599905
11,14,22.201431023514743
11,15,25.95690369113695
11,16,26.747431995601282
11,17,28.067757082123226
11,18,30.842985656548993
11,19,31.51374706412245
11,20,31.75573153261486
11,21,35.26847327672453
11,22,34.15867100638021
11,23,32.64256816443495
11,24,31.086236820641066
11,25,30.49512038788807
11,26,27.354669177996776
11,27,28.241746010790333
11,28,25.98475397586048
11,29,25.57325706418516
11,30,24.632363401626456
11,31,24.366169089999612
11,32,23.578514021779473
11,33,23.563235149903768
11,34,21.002761672422793
11,35,17.24055714745574
11,36,16.66564316219677
11,37,19.47558450261801
11,38,20.509508702115895
11,39,21.137674356914065
11,40,23.22412045968834
11,41,25.816104635719668
11,42,27.48317677633266
11,43,31.26240694841317
11,44,33.42170162324825
11,45,35.81709204178735
11,46,38.65521761225068
11,47,40.45637777844554
11,48,41.151499192729176
11,49,39.24618605301756
11,50,39.69416097753666
11,51,41.81279262032831
11,52,42.02180491549229
11,53,44.46112135696049
11,54,42.108495227893734
11,55,44.07611030016173
11,56,43.432160630649854
11,57,44.48157114667233
11,58,45.20464602909461
11,59,45.631300535627794
11,60,41.8845460364731
11,61,39.49969352479735
11,62,36.13974835921704
11,63,34.21117581424997
11,64,30.804429457689405
11,65,27.951557283865267
11,66,26.54009653847737
11,67,24.022773231102978
11,68,23.143999140541702
11,69,19.7631301986278
11,70,18.2443460572674
11,71,18.469590816005116
11,72,18.530355914636544
11,73,21.904019974206598
11,74,23.178781872918538
11,75,26.03182135599454
11,76,29.548995537684615
11,77,30.22163753755509
11,78,29.78699702311395
11,79,26.998284549229535
11,80,23.362821538928973
11,81,22.81790853806933
11,82,21.40245474128479
11,83,22.412254108080173
11,84,20.86070220810023
11,85,22.58706583551574
11,86,23.056221414235527
11,87,24.368831061185016
11,88,25.70159464805289
11,89,24.586106153566426
11,90,26.056106310448083
11,91,23.646172550953164
11,92,26.509777138790707
11,93,29.973503427955613
11,94,31.74521240516607
11,95,35.42604716612716
11,96,37.40462008340338
11,97,41.05638237969014
11,98,43.22891705393588
11,99,44.0336764991584
11,100,47.428823700048746
12,1,31.227802193217173
12,2,27.471532356014468
12,3,24.44586254328472
12,4,21.52851179739917
12,5,18.270955493711057
12,6,15.018969914176349
12,7,12.905135919987373
12,8,9.223580952375766
12,9,9.525393517667093
12,10,7.250084153166679
12,11,3.8055783180262868
12,13,21.25753140060705
12,14,23.1967920107255
12,15,26.987186861498756
12,16,27.778467866123446
12,17,29.543160714897727
12,18,32.12049285962762
12,19,32.398218761577326
12,20,32.78139128021203
12,21,36.299329612846954
12,22,35.54095247393736
12,23,34.16560391242396
12,24,32.97437539869333
12,25,32.64832242120818
12,26,29.72653052984511
12,27,30.96620198996962
12,28,28.9074167027991
12,29,28.782265617765198
12,30,28.028915221140522
12,31,27.973323924389693
12,32,27.274188915616147
12,33,27.343525375145532
12,34,24.724372980350196
12,35,20.943445210458588
12,36,20.204806346381257
12,37,23.035988699943417
12,38,23.79593272859761
12,39,24.22035540031723
12,40,25.969982868452362
12,41,28.524809834686508
12,42,29.838289691043048
12,43,33.61145291636092
12,44,35.4786960357298
12,45,37.804253744978986
12,46,40.51769558413773
12,47,42.34263798027346
12,48,42.733070403904776
12,49,40.56848593312801
12,50,40.8104892198017
12,51,42.65089360322777
12,52,42.54694405062938
12,53,45.08995878213618
12,54,42.971572882812445
12,55,45.1780516904819
12,56,44.7711796839634
12,57,45.73217134844199
12,58,46.65462463657237
12,59,46.88048063483333
12,60,43.1653905965811
12,61,41.04248572669518
12,62,37.78607806804884
12,63,36.033783077634546
12,64,32.813020937262216
12,65,29.813691697357196
12,66,28.734911104021375
12,67,26.297701414271266
12,68,25.727374974984592
12,69,22.57408962185273
12,70,21.331972556680462
12,71,21.913701745084865
12,72,22.188554847370845
12,73,25.631627569077743
12,74,26.964541119778154
12,75,29.765105524818285
12,76,33.303620270940584
12,77,33.96564096428011
12,78,33.3624922679581
12,79,30.63953247654757
12,80,26.963568006105
12,81,26.42958938081639
12,82,25.070216894840765
12,83,25.970866119810015
12,84,24.25986758578335
12,85,25.95654478699245
12,86,26.183319123366967
12,87,27.482280383378303
12,88,28.54560829098952
12,89,27.324647218729062
12,90,28.485631334494002
12,91,25.796202441365246
12,92,28.365056993791676
12,93,31.660726090064585
12,94,33.09136077028333
12,95,36.64968987237221
12,96,38.62142014422401
12,97,42.19710223958698
12,98,44.59473239932627
12,99,45.39830155425039
12,100,48.65335660570716
13,1,39.276682333609855
13,2,36.18754317404632
13,3,35.062701338197776
13,4,33.516420635421156
13,5,30.044608548260523
13,6,28.556570478449668
13,7,25.019116360523146
13,8,23.120979331762676
13,9,19.5501630483298
13,10,19.421992803172646
13,11,20.094784779599905
13,12,21.25753140060705
13,14,3.8100466397382
13,15,6.610110907907541
13,16,9.188017246445282
13,17,10.37421301757365
13,18,11.785308335071461
13,19,12.942915677996481
13,20,14.619068030254098
13,21,18.41275114359147
13,22,18.094447335992896
13,23,15.44156943879663
13,24,14.70736010894624
13,25,14.153762754574547
13,26,12.466987869152476
13,27,15.325411743155621
13,28,14.946433731988353
13,29,17.54303178877703
13,30,18.865021889545233
13,31,21.662382310396328
13,32,23.27598336702965
13,33,25.269185143398293
13,34,22.423645835734494
13,35,20.12623423369225
13,36,17.189759127645072
13,37,18.2079438695868
13,38,15.365853950011507
13,39,14.310160323063762
13,40,12.550041026577128
13,41,15.114429063090192
13,42,14.613910469114574
13,43,17.39386013028317
13,44,18.507591682111197
13,45,19.31582501897238
13,46,22.340322251237247
13,47,25.23874668283838
13,48,25.37149809460201
13,49,22.97357582394436
13,50,22.242541679865887
13,51,24.6111481014175
13,52,24.64770554427142
13,53,26.18941949269568
13,54,23.43047304614654
13,55,25.652018924283542
13,56,25.75176530268954
13,57,27.734657034254276
13,58,29.403354919314403
13,59,30.648768172426898
13,60,27.410882830415016
13,61,25.379883202768482
13,62,21.829006472527286
13,63,21.79293079835855
13,64,19.435707787927722
13,65,18.40498838085047
13,66,19.403858308925237
13,67,20.031208863881083
13,68,21.920485901877207
13,69,20.294520974674295
13,70,22.04835909130875
13,71,21.920073201599592
13,72,23.98426814139536
13,73,26.080328476704526
13,74,28.30148474932189
13,75,31.934883439542276
13,76,34.65126615765106
13,77,35.672394976480774
13,78,38.32878091803019
13,79,35.017077315393585
13,80,32.571321506223924
13,81,32.1430685912862
13,82,29.51729377569192
13,83,29.713652675554528
13,84,27.747371671918042
13,85,26.553306240228157
13,86,25.080367131110258
13,87,23.240489475186447
13,88,21.993126260864557
13,89,18.45568633322895
13,90,16.92016486347635
13,91,13.540928628791328
13,92,13.740728705141466
13,93,16.589188935870855
13,94,18.630304108675553
13,95,21.62539089715757
13,96,24.9725708479899
13,97,28.5922686214645
13,98,31.212451687408958
13,99,33.54431910767902
13,100,36.526234065154135
14,1,40.61101137614112
14,2,37.656643651515
14,3,36.58520937183215
14,4,35.31103982972489
14,5,31.75825951530033
14,6,30.511544140635507
14,7,27.154508232153248
14,8,25.165404657196667
14,9,21.71908026505127
14,10,21.9390744478728
14,11,22.201431023514743
14,12,23.1967920107255
14,13,3.8100466397382
14,15,3.8023553953757996
14,16,5.560609764638981
14,17,7.558606643347415
14,18,9.106141388471011
14,19,9.635621303790716
14,20,11.049561590217694
14,21,14.864378884426987
14,22,14.780327668176685
14,23,12.485798241843552
14,24,12.401360409274998
14,25,12.769181982774041
14,26,11.905833178442307
14,27,15.315644719136174
14,28,15.834186453425593
14,29,18.467071630347565
14,30,20.435177759757593
14,31,23.270387002785654
14,32,25.339295336887606
14,33,27.057933297613577
14,34,23.993840510099425
14,35,21.85393120011209
14,36,18.90271785404885
14,37,20.17120394422669
14,38,17.105423954228275
14,39,15.253148893551126
14,40,12.904669993256617
14,41,14.606016243919525
14,42,13.20791883372557
14,43,15.73812877260049
14,44,16.17705311285782
14,45,17.0592960094938
14,46,19.706870585760758
14,47,22.459290832427428
14,48,22.242915674787298
14,49,19.624248500385086
14,50,18.88579285446217
14,51,21.09104338433328
14,52,21.1239504665545
14,53,22.90677291392278
14,54,20.29661327155833
14,55,22.55945956910596
14,56,22.65342027349818
14,57,24.400543489019686
14,58,26.139537838063884
14,59,27.17650085141898
14,60,23.941092266656888
14,61,22.132877526411626
14,62,18.72541822232181
14,63,18.932078674422762
14,64,16.960141113334817
14,65,15.962835965512982
14,66,17.582755266850643
14,67,18.662844426277992
14,68,21.10503429081239
14,69,20.096811943976473
14,70,22.4023183780698
14,71,22.766950267165242
14,72,25.302191013679284
14,73,27.447283309629324
14,74,30.021648246267613
14,75,33.50615288636017
14,76,36.2759463855172
14,77,37.62768276756204
14,78,40.27199481150296
14,79,37.13270769020986
14,80,34.824954766077624
14,81,34.05508987661045
14,82,31.154688965302427
14,83,30.91048024037256
14,84,28.61405520680285
14,85,27.07515350590809
14,86,25.10561981294841
14,87,23.049036381782322
14,88,21.23531142310353
14,89,17.646174425845718
14,90,15.485655884772747
14,91,11.95758056069142
14,92,11.319986403614184
14,93,13.67619696386288
14,94,15.292516223264672
14,95,18.12451832864664
14,96,21.505696496199622
14,97,25.06014903945964
14,98,27.83230632910671
14,99,30.231994589542214
14,100,33.08988342094926
15,1,43.262324222039695
15,2,40.46103349971245
15,3,39.61934203871576
15,4,38.50942382979034
15,5,35.02384676161006
15,6,33.94440109462159
15,7,30.581263378357484
15,8,28.761753590807324
15,9,25.250139137011022
15,10,25.553312474794325
15,11,25.95690369113695
15,12,26.987186861498756
15,13,6.610110907907541
15,14,3.8023553953757996
15,16,3.806343186035
15,17,5.35000955099022
15,18,5.592850716757836
15,19,6.373957721768134
15,20,8.544133102412518
15,21,12.236294603944545
15,22,12.512684995616977
15,23,9.861181122119474
15,24,10.376115982642736
15,25,10.968885138332265
15,26,11.17070899011566
15,27,14.851454657072377
15,28,16.0695113184415
15,29,19.12645485269138
15,30,21.460203306770946
15,31,24.621628341472636
15,32,26.985513998350687
15,33,28.887234498178614
15,34,25.993224556517934
15,35,24.274547252597806
15,36,21.3008453481637
15,37,22.13616770234295
15,38,18.736619054381347
15,39,16.727568552939747
15,40,13.724012161161951
15,41,14.904133396949733
15,42,12.840394047031843
15,43,14.540291525121289
15,44,14.403145633500483
15,45,14.568409554016641
15,46,17.101903575558488
15,47,20.129427288175858
15,48,19.711686900747274
15,49,17.008700129786874
15,50,15.844325958577405
15,51,18.1435537010162
15,52,18.195368793268102
15,53,19.613430196874358
15,54,16.827279120742972
15,55,19.119040248577306
15,56,19.445110443729146
15,57,21.490587790947245
15,58,23.49639002185405
15,59,24.792039071964727
15,60,21.823736500187614
15,61,20.198031194324557
15,62,16.917489394807493
15,63,17.818067185932467
15,64,16.444512285971843
15,65,16.224224201046187
15,66,18.36260105340772
15,67,20.12398797943099
15,68,22.87159601161988
15,69,22.310359682150857
15,70,24.903799218525545
15,71,25.170647304013343
15,72,27.790507011988808
15,73,29.612870820370055
15,74,32.19095365040892
15,75,35.62762292300455
15,76,38.17576284412968
15,77,39.54968083638931
15,78,42.566533952143196
15,79,39.44581866413171
15,80,37.37087788839655
15,81,36.631315048211576
15,82,33.67964254519476
15,83,33.33800263465378
15,84,31.10341556313676
15,85,29.22988651471264
15,86,27.089583202745114
15,87,24.627797473172013
15,88,22.44520351461264
15,89,18.725050965301484
15,90,16.011955089676984
15,91,12.892331905198445
15,92,11.2339818655156
15,93,12.79559972484789
15,94,14.295899607304033
15,95,16.57780635461088
15,96,20.221970719353738
15,97,23.577824821350184
15,98,26.345616026181908
15,99,29.097370029371138
15,100,31.75523063807185
16,1,42.860653628434065
16,2,40.20411010674034
16,3,39.40678314305132
16,4,38.57955043281385
16,5,35.05770432339917
16,6,34.251265455500985
16,7,31.114263070344713
16,8,29.28361571096517
16,9,25.934388950586392
16,10,26.64226965434571
16,11,26.747431995601282
16,12,27.778467866123446
16,13,9.188017246445282
16,14,5.560609764638981
16,15,3.806343186035
16,17,3.8122507425303294
16,18,5.304205839952891
16,19,4.9595931935223945
16,20,5.499419141956618
16,21,9.312577011434344
16,22,9.449796361727309
16,23,7.606998619966074
16,24,8.747461691964334
16,25,10.567962801174087
16,26,11.296330645246966
16,27,15.077385356209549
16,28,16.864239022830116
16,29,19.540826233631197
16,30,22.29629672514734
16,31,25.235609487222575
16,32,27.907361738908943
16,33,29.3937603262265
16,34,26.27564380748435
16,35,24.639556792625438
16,36,21.75517779940889
16,37,22.95249712749569
16,38,19.595442371660937
16,39,16.96513171394032
16,40,13.87560773523598
16,41,14.172574270796263
16,42,11.47637082717058
16,43,13.049588084110376
16,44,12.293732894642602
16,45,13.013064438446875
16,46,15.026285721002091
16,47,17.62371271470483
16,48,16.97365675454544
16,49,14.153284298350123
16,50,13.442251180254774
16,51,15.666537830869226
16,52,16.032895241559242
16,53,17.973869099173562
16,54,15.377989532017654
16,55,17.438768830962587
16,56,17.37822970642523
16,57,18.911965789763183
16,58,20.712673596404347
16,59,21.675600209597008
16,60,18.527741478794024
16,61,16.964354485116598
16,62,13.77822302162858
16,63,14.627317043618499
16,64,13.530003578030515
16,65,13.190107403904298
16,66,15.788455481809159
16,67,17.828038874587854
16,68,20.945671747412717
16,69,20.936244911935482
16,70,23.911557044460036
16,71,24.64765693111747
16,72,27.63867151294522
16,73,29.54776333903491
16,74,32.44606437111468
16,75,35.6856550577202
16,76,38.329745060080946
16,77,40.048027728688915
16,78,42.89955202591818
16,79,39.994287128773195
16,80,38.028339790701736
16,81,36.91867226400593
16,82,33.7301598541998
16,83,32.96491405742225
16,84,30.43414560049702
16,85,28.324978088634133
16,86,25.789473584591168
16,87,23.2753992765935
16,88,20.68792777814599
16,89,17.126310102720854
16,90,14.047314783375699
16,91,10.98108977717382
16,92,8.647436384317661
16,93,9.614022524478571
16,94,10.647024544909824
16,95,12.972329731423217
16,96,16.54461728337252
16,97,19.9427476865103
16,98,22.789100247585758
16,99,25.451248836689597
16,100,28.110682879856068
17,1,41.876410391525035
17,2,39.41915079981434
17,3,38.974865737197945
17,4,38.371141508486254
17,5,35.01488077247996
17,6,34.50756619028866
17,7,31.374910922573896
17,8,29.96989860576553
17,9,26.496026112897777
17,10,27.518647269229
17,11,28.067757082123226
17,12,29.543160714897727
17,13,10.37421301757365
17,14,7.558606643347415
17,15,5.35000955099022
17,16,3.8122507425303294
17,18,3.8171006461674715
17,19,5.912675102689534
17,20,5.8060579157958845
17,21,9.05442564988634
17,22,8.013365602525072
17,23,5.0792109837003165
17,24,5.170952980788981
17,25,6.790848283924717
17,26,8.036484745430535
17,27,11.806605815105193
17,28,14.079185125988618
17,29,16.879190773548075
17,30,19.90884191854209
17,31,23.00884765449096
17,32,25.943671521887257
17,33,27.51975834937138
17,34,24.61786034440102
17,35,23.484063940989426
17,36,20.647918558807753
17,37,21.377178044817352
17,38,17.810927786613608
17,39,15.075776842750075
17,40,11.577039192545252
17,41,11.454579351124096
17,42,8.523494884851733
17,43,9.598748336786704
17,44,9.077512391653734
17,45,9.614652545773202
17,46,12.152974316254317
17,47,15.02935096620664
17,48,15.022712847720127
17,49,12.816784734817846
17,50,12.53782608857774
17,51,15.498786857765326
17,52,16.628618164898896
17,53,18.09250870160248
17,54,14.979922489716959
17,55,16.357121062110892
17,56,15.763910093576282
17,57,17.651392710186858
17,58,19.1059407677924
17,59,20.622749600353316
17,60,17.52783100254808
17,61,15.41692623254792
17,62,11.929232234019452
17,63,12.78726382056654
17,64,11.586963300587422
17,65,12.150209273686562
17,66,14.552644277759505
17,67,17.0311852804168
17,68,20.04358315491797
17,69,20.204137502843967
17,70,23.24779460473341
17,71,23.61972171116461
17,72,26.557665979903827
17,73,28.03596909871456
17,74,30.874629972067982
17,75,34.03589696974767
17,76,36.41901736150276
17,77,38.150762102445206
17,78,41.37026889482977
17,79,38.51466501965637
17,80,36.848977372280835
17,81,35.77562787431105
17,82,32.57414782407221
17,83,31.775392906065775
17,84,29.45788766938975
17,85,27.052085396461674
17,86,24.558757041740876
17,87,21.659755122783956
17,88,18.99002594192929
17,89,15.318731490060436
17,90,12.065207303963804
17,91,9.682448030836143
17,92,7.064413655105133
17,93,8.037489383071854
17,94,10.120945206252895
