1,2,3.865728648869106
1,3,5.4120483628387035
1,4,4.48368570635572
1,5,5.85387856597643
1,6,7.915526385290497
1,7,9.295659511854153
1,8,10.391144032417545
1,9,12.359761555133773
1,10,11.157522151484553
1,11,11.717802468963507
1,12,15.32363699781488
1,13,15.952637137400059
1,14,19.49117004267129
1,15,19.490247156059166
1,16,16.25643542325723
1,17,14.10452251605313
1,18,10.218397730780127
1,19,10.85997863833012
1,20,12.702432865634878
1,21,10.028902150423576
1,22,7.3831384588955515
1,23,10.825315480621748
1,24,12.061700261228447
1,25,9.500961248917225
1,26,10.544587254893854
1,27,14.215186971535868
1,28,26.609013409012356
1,29,25.64093591798967
1,30,22.251186090050957
1,31,24.300318493839832
1,32,22.316005368448725
1,33,12.028454035480278
1,34,14.93627621681241
1,35,13.299585436148554
1,36,12.010992613716013
1,37,15.562971840192287
1,38,17.2588670399896
1,39,15.519336177044716
1,40,16.75954792380884
1,41,20.199226875194835
1,42,20.080794816705616
1,43,19.375117584924077
1,44,22.322951853462587
1,45,24.877005088058215
1,46,27.014486268091623
1,47,24.590768890948983
1,48,21.540375067973354
1,49,18.47943252925407
1,50,21.17135839159518
1,51,21.0346322398639
1,52,18.369771893263675
1,53,20.914739528535737
1,54,18.406706768699483
1,55,17.0668588986378
1,56,20.73162824893561
1,57,21.579332296319496
1,58,18.71233662570562
1,59,16.864061796532777
1,60,19.709765508166154
1,61,21.52244868529782
1,62,19.60508500330693
1,63,17.992484943820095
1,64,14.674799994431732
1,65,13.95025399145128
1,66,13.738380413506958
1,67,10.174390780228842
1,68,9.192495611532493
2,1,3.865728648869106
2,3,3.8629034518814582
2,4,5.519910384234603
2,5,5.898393002322896
2,6,6.094765214418517
2,7,8.62605251095858
2,8,10.340357348659179
2,9,11.178307817231664
2,10,9.861627509524636
2,11,9.188441873510788
2,12,12.809882437515908
2,13,14.250562011872228
2,14,17.835867535657258
2,15,17.276159679270762
2,16,14.221259531883373
2,17,11.433499494832715
2,18,7.647227510463439
2,19,8.507533241009583
2,20,11.192284607877069
2,21,9.374922553931112
2,22,6.955765362780149
2,23,10.48452025401412
2,24,12.427714171849658
2,25,10.957528928153547
2,26,11.823747456598774
2,27,15.35479685010125
2,28,28.378410530191093
2,29,26.928682784558244
2,30,23.65962168550463
2,31,26.04306093672911
2,32,24.528686577827973
2,33,13.991272737249812
2,34,17.042456325197666
2,35,15.36075088526245
2,36,13.201507538816298
2,37,16.519537251424843
2,38,18.468044384019823
2,39,16.286029081360102
2,40,16.81482588891969
2,41,20.528858896510368
2,42,20.53886238735715
2,43,19.125717033542607
2,44,21.873819339885348
2,45,24.67171277747547
2,46,26.54395205488864
2,47,24.242790694464325
2,48,20.88750890554351
2,49,17.985546257180445
2,50,20.9243195267288
2,51,21.389364087216666
2,52,19.004774867183674
2,53,21.51590351094412
2,54,18.995596434797744
2,55,16.96868548566744
2,56,20.33109377527496
2,57,21.424245169908726
2,58,18.40703294552331
2,59,15.955252566959292
2,60,18.452853027026524
2,61,19.73437331563125
2,62,17.762904049685613
2,63,15.662428594704043
2,64,12.429480368392023
2,65,10.952839682823845
2,66,11.26257701753123
2,67,8.216705671295868
2,68,6.093252136623541
3,1,5.4120483628387035
3,2,3.8629034518814582
3,4,3.8838568628360832
3,5,5.968249608098738
3,6,4.956627576279465
3,7,5.9109887658825455
3,8,8.75225461517444
3,9,10.070657367946792
3,10,10.162645231554169
3,11,9.730439559000175
3,12,13.597810445662326
3,13,14.76837370778217
3,14,18.5940221661133
3,15,18.477366253984112
3,16,15.95299180113939
3,17,13.275479330203764
3,18,9.757402276754428
3,19,11.656605836819862
3,20,14.171451928226576
3,21,12.018653699621371
3,22,10.335197456046592
3,23,14.077923404055012
3,24,15.53598113485313
3,25,13.843804376149814
3,26,15.212939174053563
3,27,18.7338064506701
3,28,28.66412262471941
3,29,27.226940938305066
3,30,23.73141908684529
3,31,25.748353208591006
3,32,24.23479603768848
3,33,12.987569634292397
3,34,16.524412886149225
3,35,15.710813333959559
3,36,13.353718462908455
3,37,16.143122703656033
3,38,18.748929179484396
3,39,17.210409314176175
3,40,17.245882155051902
3,41,20.947996345987693
3,42,21.641135812805988
3,43,20.44777085874683
3,44,22.73593352928235
3,45,25.865289433434643
3,46,28.10212086795262
3,47,26.203274437498585
3,48,22.737224538465806
3,49,20.232811569753306
3,50,23.47386295469671
3,51,23.61786289888865
3,52,21.56137031445284
3,53,24.421523647908607
3,54,22.20937722187112
3,55,20.12824856711101
3,56,23.498237032993238
3,57,24.884143308878556
3,58,22.042122445116593
3,59,19.465790193081702
3,60,21.686916199080596
3,61,22.998807398391246
3,62,21.253620151253514
3,63,19.05316208560545
3,64,15.811148127744042
3,65,13.964717080871017
3,66,14.656456764405245
3,67,11.938583432277163
3,68,9.230957349978778
4,1,4.48368570635572
4,2,5.519910384234603
4,3,3.8838568628360832
4,5,3.90319801769049
4,6,5.293294647597679
4,7,5.113575049263376
4,8,6.624076900770115
4,9,9.177931324642188
4,10,9.29821939571802
4,11,10.370539864607014
4,12,14.144407392162373
4,13,14.303924935073601
4,14,18.068431782873848
4,15,18.647566417540762
4,16,16.010614293190304
4,17,14.120044615216479
4,18,10.506331164958631
4,19,12.569843549282414
4,20,14.16327278198439
4,21,11.152134760859882
4,22,9.896042962095997
4,23,13.727353983445788
4,24,14.278467366844234
4,25,12.065441856432173
4,26,14.107614880997941
4,27,17.446626480924728
4,28,25.237151656079043
4,29,24.075145236483134
4,30,20.47447534522758
4,31,22.275867429007587
4,32,20.53898851647784
4,33,9.30971333177509
4,34,12.828484483863793
4,35,12.175252634702336
4,36,10.23619983315627
4,37,13.11941922390204
4,38,15.642455658666371
4,39,14.55080394864912
4,40,15.020872799929457
4,41,18.49168632885862
4,42,19.225417962143307
4,43,18.64939043917216
4,44,21.00361160016778
4,45,23.981311596179506
4,46,26.53317781809359
4,47,24.66529766118816
4,48,21.431338748535065
4,49,18.955755161083108
4,50,22.128760149265506
4,51,21.676522397725517
4,52,19.64242111127701
4,53,22.729435572407727
4,54,20.815681665213617
4,55,19.103531763758202
4,56,22.668478169984724
4,57,24.14755095413424
4,58,21.646263919099532
4,59,19.37024518901784
4,60,21.64130803164846
4,61,23.551749010827937
4,62,22.13483422087793
4,63,20.522884325145835
4,64,16.963371518892643
4,65,15.926297019751068
4,66,16.627622091735034
4,67,13.349538775314732
4,68,11.553175786550362
5,1,5.85387856597643
5,2,5.898393002322896
5,3,5.968249608098738
5,4,3.90319801769049
5,6,3.8534087145775584
5,7,5.499388071744849
5,8,5.0941329628420755
5,9,6.706883521460146
5,10,5.716618862068794
5,11,7.420195796986137
5,12,10.90628211386844
5,13,10.731862138209575
5,14,14.390248812591125
5,15,15.060618799479084
5,16,12.354497828409196
5,17,10.941982727032817
5,18,7.5543515665818015
5,19,10.024930282118904
5,20,10.93328076564048
5,21,7.7649803289571455
5,22,7.614256042038499
5,23,11.385223875136138
5,24,11.45068881884168
5,25,9.984510358467578
5,26,12.632566662496696
5,27,15.496324605526992
5,28,22.967745124572453
5,29,21.41997507470794
5,30,18.03745359011325
5,31,20.362176613830123
5,32,19.101499558683177
5,33,8.66691238454749
5,34,11.61844070761708
5,35,10.250022397296936
5,36,7.575892749297212
5,37,10.667036709725021
5,38,12.924906199763571
5,39,11.247160048442211
5,40,11.562083637549643
5,41,15.190492036742336
5,42,15.743052455526328
5,43,14.863462552973278
5,44,17.295254370664452
5,45,20.258346843707862
5,46,22.700368632747978
5,47,20.849405552567028
5,48,17.55504447941284
5,49,15.172022784050812
5,50,18.477154793841798
5,51,18.13747657689238
5,52,16.373734520777713
5,53,19.609734332567875
5,54,18.003622041921634
5,55,15.942013752739017
5,56,19.362028772991795
5,57,21.213504308418784
5,58,19.020730662574906
5,59,16.502212971685356
5,60,18.39414890756127
5,61,20.49563035951988
5,62,19.53587004855505
5,63,18.340712701887007
5,64,14.571676275445084
5,65,14.067956051476022
5,66,15.384826160321525
5,67,12.137516821492301
5,68,10.853908758713974
6,1,7.915526385290497
6,2,6.094765214418517
6,3,4.956627576279465
6,4,5.293294647597679
6,5,3.8534087145775584
6,7,3.8728037768648123
6,8,5.301718490257944
6,9,5.321048117208421
6,10,5.486030257189092
6,11,5.46684126818057
6,12,9.269904830349471
6,13,9.972291094623653
6,14,13.837353111269056
6,15,14.10293925076621
6,16,11.973682990337464
6,17,9.902802259214374
6,18,6.960334200874491
6,19,10.147635749958601
6,20,11.80655967977985
6,21,9.591502885649447
6,22,9.612970829172257
6,23,13.318616580998683
6,24,13.996658597541202
6,25,13.176697461128862
6,26,15.454055998298196
6,27,18.36249798045136
6,28,25.584930476152653
6,29,23.666840179878836
6,30,20.35822608663241
6,31,22.720035330130884
6,32,21.851367276562126
6,33,11.229526069405717
6,34,14.418172590556493
6,35,13.53258569906505
6,36,10.31839288474133
6,37,12.6185591023995
6,38,15.362091537152638
6,39,13.668975152455783
6,40,12.962098678654279
6,41,16.738593893181278
6,42,17.743310950899573
6,43,16.26657591746418
6,44,18.182739116308042
6,45,21.516975996943707
6,46,23.816681706569685
6,47,22.291091223245722
6,48,18.700564459130703
6,49,16.702720689039133
6,50,20.26817001000507
6,51,20.397261518525116
6,52,18.990236738214364
6,53,22.188502796323743
6,54,20.600283230052874
6,55,18.035109510706544
6,56,21.13413998063991
6,57,23.193447276256283
6,58,20.879066148918504
6,59,17.889269249623773
6,60,19.38457925785293
6,61,20.92358614501501
6,62,19.95668083900606
6,63,18.251753203843666
6,64,14.68203044696992
6,65,13.313189986249862
6,66,15.167863584425987
6,67,12.59024031535828
6,68,10.280797489888075
7,1,9.295659511854153
7,2,8.62605251095858
7,3,5.9109887658825455
7,4,5.113575049263376
7,5,5.499388071744849
7,6,3.8728037768648123
7,8,3.856024591632825
7,9,5.659783336738949
7,10,7.749362921401527
7,11,8.700684590253912
7,12,12.146780067640318
7,13,12.087061969642768
7,14,15.883568004548826
7,15,16.821322107581928
7,16,15.119402560043737
7,17,13.48171242371076
7,18,10.759533243804661
7,19,13.958373271122163
7,20,15.372014639941856
7,21,12.716528861703088
7,22,12.758691663441924
7,23,16.57356421535746
7,24,16.833404051655904
7,25,15.469075033121468
7,26,18.008711611923676
7,27,20.985229830062927
7,28,25.147278650683376
7,29,23.462583387082944
7,30,19.91111086627719
7,31,21.70462193113483
7,32,20.685407449370544
7,33,9.613172287476655
7,34,13.203226481155745
7,35,13.369463511220522
7,36,10.427107082697965
7,37,12.042166233451013
7,38,15.354525481926085
7,39,14.623642760913135
7,40,13.770482833083772
7,41,17.246893062084943
7,42,18.870715236884536
7,43,17.99738537948376
7,44,19.505270430586194
7,45,22.956688830509766
7,46,25.68057822607107
7,47,24.483436217272992
7,48,21.0227349202226
7,49,19.323089004848338
7,50,22.928493894622047
7,51,22.533863605186788
7,52,21.293293804538287
7,53,24.718186100780827
7,54,23.355528079127303
7,55,21.063854953618268
7,56,24.270669380538088
7,57,26.388421125726968
7,58,24.212841126163564
7,59,21.399707629803352
7,60,22.912469950670985
7,61,24.649251171685716
7,62,23.765527615927795
7,63,22.105452086207453
7,64,18.519540768445463
7,65,17.130007394202984
7,66,18.808337619430326
7,67,16.089730020515777
7,68,13.686208630003618
8,1,10.391144032417545
8,2,10.340357348659179
8,3,8.75225461517444
8,4,6.624076900770115
8,5,5.0941329628420755
8,6,5.301718490257944
8,7,3.856024591632825
8,9,3.857555643102395
8,10,5.891612713647336
8,11,8.459734206157513
8,12,11.29763573230451
8,13,10.068030181072741
8,14,13.618773961182058
8,15,15.263839113024105
8,16,13.64607321850556
8,17,12.984067408877104
8,18,10.635318399641701
8,19,13.956560454793848
8,20,14.376891110534197
8,21,11.340224838984827
8,22,12.33399433214081
8,23,15.885511869604928
8,24,15.279515806541838
8,25,14.131834758690518
8,26,17.27257380414049
8,27,19.74548507246182
8,28,21.40269977040309
8,29,19.621277351097564
8,30,16.10544509653785
8,31,18.044815275885895
8,32,17.27308729967876
8,33,6.906623152084996
8,34,10.02901179957885
8,35,10.19292110326414
8,36,6.955153410702976
8,37,8.214610617466157
8,38,11.583782683098532
8,39,11.10276566716174
8,40,10.167883920805297
8,41,13.501458964732176
8,42,15.285293605629619
8,43,14.761000633781432
8,44,16.162340190237707
8,45,19.539732236698182
8,46,22.485475383691632
8,47,21.449228599582856
8,48,18.171368901529135
8,49,16.744711753967135
8,50,20.339104261119157
8,51,19.540249872325475
8,52,18.648140140110186
8,53,22.282594438379896
8,54,21.414874092286947
8,55,19.212556697035602
8,56,22.33599507311987
8,57,24.730562035747834
8,58,23.02854630183591
8,59,20.33099441231311
8,60,21.565514388711087
8,61,23.748753799320944
8,62,23.362917713093548
8,63,22.30313827273243
8,64,18.524811637826417
8,65,17.87929677579071
8,66,19.799394047680742
8,67,16.86918883018252
8,68,15.183333640998002
9,1,12.359761555133773
9,2,11.178307817231664
9,3,10.070657367946792
9,4,9.177931324642188
9,5,6.706883521460146
9,6,5.321048117208421
9,7,5.659783336738949
9,8,3.857555643102395
9,10,3.8343321116453053
9,11,5.795146904210801
9,12,7.940707334343101
9,13,6.824723444469652
9,14,10.441309098970757
9,15,11.924824591588948
9,16,10.890934005413326
9,17,10.387162646238984
9,18,9.01341065607497
9,19,12.75038025453128
9,20,13.058295990080635
9,21,10.813490499713414
9,22,12.53890858743392
9,23,15.778151705243475
9,24,15.331815556953657
9,25,15.132360967152897
9,26,18.193098494067893
9,27,20.38008866342647
9,28,22.422650225455854
9,29,20.05858405166114
9,30,16.942755087226026
9,31,19.371462153555765
9,32,19.282809891296047
9,33,10.20651063331176
9,34,12.675889616562502
9,35,12.35931492347505
9,36,8.570435716541306
9,37,9.316627519693112
9,38,12.42721359912525
9,39,11.272690099687301
9,40,9.298786068444096
9,41,12.828164586204965
9,42,14.69977200171515
9,43,13.319759425764282
9,44,14.319201906900881
9,45,17.965644525670818
9,46,20.61712707122061
9,47,19.841461693940783
9,48,16.311023383028207
9,49,15.31120623514251
9,50,19.11488515017864
9,51,18.845230379822922
9,52,18.412465449537343
9,53,21.991541862468168
9,54,21.315591987044115
9,55,18.56416037560232
9,56,21.26260081745823
9,57,24.00042751318644
9,58,22.43939371912851
9,59,19.33055684201708
9,60,19.97606695542577
9,61,21.846655588976596
9,62,21.80520181153329
9,63,20.75044425694795
9,64,17.106587449236464
9,65,16.357814227095098
9,66,18.916038294126885
9,67,16.52460654328253
9,68,14.720934606473701
10,1,11.157522151484553
10,2,9.861627509524636
10,3,10.162645231554169
10,4,9.29821939571802
10,5,5.716618862068794
10,6,5.486030257189092
10,7,7.749362921401527
10,8,5.891612713647336
10,9,3.8343321116453053
10,11,3.8641229131923542
10,12,5.975740643037687
10,13,5.0331355317401885
10,14,8.771612433539614
10,15,9.739520498199347
10,16,7.764937024663458
10,17,7.421685283404503
10,18,5.947770645078757
10,19,9.461374383665808
10,20,9.295635614625471
10,21,7.128170433670856
10,22,9.356458078060125
10,23,12.243254512561396
10,24,11.74625060478961
10,25,12.064410429272227
10,26,15.0536387465867
10,27,16.979260697693242
10,28,21.88139753134165
10,29,19.487681128216057
10,30,16.610493187680472
10,31,19.546141621309282
10,32,19.386354939116767
10,33,10.924055252699755
10,34,12.91307997421292
10,35,11.438964776062205
10,36,7.703747026452534
10,37,9.493189627520685
10,38,11.63721404629542
10,39,9.373094751744297
10,40,8.048043040958952
10,41,11.87847027762036
10,42,12.780832522689952
10,43,10.933573288309482
10,44,12.748136168884354
10,45,16.09600756539141
10,46,18.37697548546593
10,47,17.0627873808433
10,48,13.451441853920523
10,49,11.934817994824908
10,50,15.698976940740204
10,51,15.764466818919507
10,52,15.075767602630961
10,53,18.499863205173604
10,54,17.682474178373443
10,55,14.802102380898429
10,56,17.505324044338295
10,57,20.195631436335592
10,58,18.63636189598952
10,59,15.518007018727083
10,60,16.205320336331628
10,61,18.211911122993524
10,62,18.20726873481904
10,63,17.44310731233427
10,64,13.7177993899604
10,65,13.531344082667163
10,66,16.089038786874312
10,67,13.6510611989313
10,68,12.524083877297665
11,1,11.717802468963507
11,2,9.188441873510788
11,3,9.730439559000175
11,4,10.370539864607014
11,5,7.420195796986137
11,6,5.46684126818057
11,7,8.700684590253912
11,8,8.459734206157513
11,9,5.795146904210801
11,10,3.8641229131923542
11,12,3.883241716285656
11,13,5.746959322237353
11,14,9.312087171049487
11,15,8.817996798736479
11,16,6.964658682925237
11,17,4.971901236494163
11,18,4.003322493634957
11,19,7.796758344746974
11,20,8.77208868207683
11,21,8.010893152252267
11,22,9.579481346706396
11,23,12.287392495665555
11,24,12.868969591904532
11,25,13.615163057408987
11,26,15.868974164999383
11,27,17.988752694602464
11,28,25.604695851095464
11,29,23.077174663963895
11,30,20.357263646082558
11,31,23.363814751132196
11,32,23.249026225977342
11,33,14.343767931112112
11,34,16.650160049320018
11,35,15.101102922390545
11,36,11.474489878143858
11,37,13.327567262293526
11,38,15.419597731365851
11,39,12.868229731574539
11,40,11.423132691925598
11,41,15.163027869223429
11,42,15.837156797551872
11,43,13.331217830095627
11,44,15.028002063122623
11,45,18.35184304702567
11,46,20.078802097890556
11,47,18.69251380570576
11,48,14.903821094723979
11,49,13.326293577678904
11,50,17.001612646241252
11,51,17.869963114389208
11,52,17.06102550295426
11,53,20.07908376733713
11,54,18.866758189294632
11,55,15.609928899168025
11,56,18.0249573399862
11,57,20.56753598847624
11,58,18.629852284856916
11,59,15.135900841966986
11,60,15.693658194100202
11,61,16.926489893638905
11,62,16.628094078025327
11,63,15.260799202014875
11,64,11.82136702540156
11,65,10.824680479548848
11,66,13.796942346418364
11,67,12.066763217360828
11,68,10.343494149523314
12,1,15.32363699781488
12,2,12.809882437515908
12,3,13.597810445662326
12,4,14.144407392162373
12,5,10.90628211386844
12,6,9.269904830349471
12,7,12.146780067640318
12,8,11.29763573230451
12,9,7.940707334343101
12,10,5.975740643037687
12,11,3.883241716285656
12,13,3.8763991630887977
12,14,6.311588710298719
12,15,5.106859680446589
12,16,4.4655854411436575
12,17,3.948752329089122
12,18,6.042561744008476
12,19,9.037507313776786
12,20,8.981071753514636
12,21,9.357635201389593
12,22,11.821638091142123
12,23,13.630430313682318
12,24,13.858620361854404
12,25,15.507747680462803
12,26,17.767716487354942
12,27,19.225717990189445
12,28,25.750317559014753
12,29,22.819314383719416
12,30,20.607966418844732
12,31,23.903806111031123
12,32,24.36597254992423
12,33,16.839873282600617
12,34,18.56486109496049
12,35,16.876990529771227
12,36,13.22585634249359
12,37,14.435439907415557
12,38,16.05786978838884
12,39,13.277638206304974
12,40,11.215553989250756
12,41,14.532656811209431
12,42,15.111166940333407
12,43,11.963242318654817
12,44,13.115293535137887
12,45,16.376475912530083
12,46,17.656273713980976
12,47,16.627980509930424
12,48,12.811332710177286
12,49,11.985636905652248
12,50,15.616118256821045
12,51,16.925323026407078
12,52,16.816485337872546
12,53,19.665483051901585
12,54,18.96273060960597
12,55,15.360366493159852
12,56,17.045510483274427
12,57,20.008615181130953
12,58,18.584157959086244
12,59,14.900246647925623
12,60,14.476646146264814
12,61,15.473228767745763
12,62,15.960833859075537
12,63,15.07418521303642
12,64,12.02066723946938
12,65,11.529504679176728
12,66,15.055757326144452
12,67,13.992238184989638
12,68,12.795816004878606
13,1,15.952637137400059
13,2,14.250562011872228
13,3,14.76837370778217
13,4,14.303924935073601
13,5,10.731862138209575
13,6,9.972291094623653
13,7,12.087061969642768
13,8,10.068030181072741
13,9,6.824723444469652
13,10,5.0331355317401885
13,11,5.746959322237353
13,12,3.8763991630887977
13,14,3.8721154471180688
13,15,5.3727782909345105
13,16,5.2044506248083335
13,17,6.8297061800408505
13,18,8.083935370765502
13,19,11.164070779667734
13,20,10.036958805011226
13,21,9.408486547137558
13,22,12.592541513151241
13,23,14.436336569884997
13,24,13.611874571315363
13,25,15.128044416560174
13,26,18.029431927195283
13,27,19.15709678887469
13,28,22.12995247575367
13,29,19.09056092908657
13,30,16.96870693709294
13,31,20.28761283611818
13,32,21.041617581896105
13,33,14.709267759498829
13,34,15.86577817737237
13,35,14.364619041617997
13,36,10.732033278075894
13,37,11.243661339330442
13,38,12.709281991721467
13,39,10.231003856130092
13,40,7.607926652644098
13,41,10.773251441724295
13,42,11.763124120625978
13,43,8.885774702994501
13,44,9.678872689744049
13,45,13.204784041467615
13,46,15.051272819358601
13,47,14.393999223628464
13,48,10.662718999774114
13,49,10.41193486116274
13,50,14.218217562079142
13,51,14.792761936737064
13,52,15.20481121392138
13,53,18.44944619598746
13,54,18.369442835206982
13,55,15.023906248285469
13,56,16.76216875473789
13,57,20.045571959743185
13,58,19.157768585820985
13,59,15.785237038321256
13,60,15.232054759280125
13,61,16.98612998881126
13,62,17.93784341585193
13,63,17.684553346509887
13,64,14.38769419888469
13,65,14.592899387954073
13,66,17.849948689865045
13,67,16.210202555933662
13,68,15.403966845581708
14,1,19.49117004267129
14,2,17.835867535657258
14,3,18.5940221661133
14,4,18.068431782873848
14,5,14.390248812591125
14,6,13.837353111269056
14,7,15.883568004548826
14,8,13.618773961182058
14,9,10.441309098970757
14,10,8.771612433539614
14,11,9.312087171049487
14,12,6.311588710298719
14,13,3.8721154471180688
14,15,3.8341157898387963
14,16,5.721575885987998
14,17,8.770804407016863
14,18,11.060429083719725
14,19,13.467822831240811
14,20,11.585477577528746
14,21,11.709149689163482
14,22,15.270930514346453
14,23,16.35892667786641
14,24,15.144972461261853
14,25,17.29700742654881
14,26,20.135545064857737
14,27,20.605917712707228
14,28,21.986527553752616
14,29,18.600123903117563
14,30,17.21076864790189
14,31,20.735660133183693
14,32,22.080292565407188
14,33,17.54184298630587
14,34,18.037121135102705
14,35,16.429385397983708
14,36,13.161284381060481
14,37,13.045588654120694
14,38,13.720978230739135
14,39,11.250452993799525
14,40,8.370284225484065
14,41,10.397283266674334
14,42,11.122462142545382
14,43,7.733280518577307
14,44,7.494830282691053
14,45,10.774387089047522
14,46,12.107043639804884
14,47,12.059588082419076
14,48,8.553475819382776
14,49,9.600499973679613
14,50,13.030057088722993
14,51,13.865424266571251
14,52,15.162097044014887
14,53,18.123355721444444
14,54,18.703668366617656
14,55,15.296750047794971
14,56,16.204671773007504
14,57,19.826703809139165
14,58,19.60404722639447
14,59,16.342019092590164
14,60,14.894108886288059
14,61,16.582781429491842
14,62,18.324729733626224
14,63,18.680201124896946
14,64,15.801811695906846
14,65,16.536207694931285
14,66,19.954376571529735
14,67,18.70137845012124
14,68,18.337496579268624
15,1,19.490247156059166
15,2,17.276159679270762
15,3,18.477366253984112
15,4,18.647566417540762
15,5,15.060618799479084
15,6,14.10293925076621
15,7,16.821322107581928
15,8,15.263839113024105
15,9,11.924824591588948
15,10,9.739520498199347
15,11,8.817996798736479
15,12,5.106859680446589
15,13,5.3727782909345105
15,14,3.8341157898387963
15,16,3.8397475934313876
15,17,6.534754158185919
15,18,9.839373950130193
15,19,11.647842440063764
15,20,10.12904669630646
15,21,11.428357841150646
15,22,14.627519734709134
15,23,15.310839070152918
15,24,14.87148754202877
15,25,17.42946197907939
15,26,19.671662677928033
15,27,20.179674948857148
15,28,25.283958278068198
15,29,22.00424949746171
15,30,20.59586947359249
15,31,24.203172550601288
15,32,25.283101790983874
15,33,19.830355541210082
15,34,20.714376838041815
15,35,18.740486276499837
15,36,15.432729245596288
15,37,16.051362783190296
15,38,16.73698552646958
15,39,13.763151421495975
15,40,11.500777682685783
15,41,13.834823953714604
15,42,13.906904059654513
15,43,10.170754238265882
15,44,10.657905887254548
15,45,13.363228442525031
15,46,13.820145145827588
15,47,13.209142170888418
15,48,9.650399433646008
15,49,10.034618446465176
15,50,13.204272940352597
15,51,15.002796053826792
15,52,15.847306798090544
15,53,18.308350881203896
15,54,18.39827404682498
15,55,14.665391765315878
15,56,15.264436165427131
15,57,18.686134519825735
15,58,18.153502240225425
15,59,14.607328244436177
15,60,12.903023475376763
15,61,13.854903975385351
15,62,15.543952171062418
15,63,15.692679125833282
15,64,13.235119199726567
15,65,13.824949904548774
15,66,17.450420693396776
15,67,16.843981944795196
15,68,16.532784872094474
16,1,16.25643542325723
16,2,14.221259531883373
16,3,15.95299180113939
16,4,16.010614293190304
16,5,12.354497828409196
16,6,11.973682990337464
16,7,15.119402560043737
16,8,13.64607321850556
16,9,10.890934005413326
16,10,7.764937024663458
16,11,6.964658682925237
16,12,4.4655854411436575
16,13,5.2044506248083335
16,14,5.721575885987998
16,15,3.8397475934313876
16,17,3.861801974771538
16,18,6.694039643197856
16,19,8.128375427801698
16,20,6.338334375295174
16,21,7.721738111881627
16,22,10.874756863315724
16,23,11.485379240773803
16,24,11.204301057189632
16,25,13.754412122488949
16,26,15.859072331864422
16,27,16.51173794345043
16,28,24.436733096322165
16,29,21.52292960562921
16,30,19.77979402448388
16,31,23.413870708289284
16,32,23.951837434435337
16,33,17.85011869276095
16,34,18.8724247692868
16,35,16.458917609555055
16,36,13.338094648857913
16,37,14.812022998549068
16,38,15.356825638786365
16,39,11.944972064486118
16,40,10.6149060993521
16,41,13.485061920534648
16,42,12.964709262524021
16,43,9.415866064231206
16,44,11.253287357286737
16,45,13.793383091882568
16,46,14.474469117646033
16,47,12.889242488908485
16,48,9.15227464074451
16,49,8.03970993438464
16,50,11.419102569772535
16,51,13.238368844504597
16,52,13.243119374803792
16,53,15.738666949438764
16,54,15.27858426807977
16,55,11.533802230271926
16,56,12.774470209634307
16,57,15.929205514349018
16,58,14.953857913238052
16,59,11.356646441390502
16,60,10.392986020350047
16,61,11.817055857438366
16,62,12.93767730907202
16,63,13.038273600262016
16,64,10.0810041774748
16,65,11.044495796025991
16,66,14.37481110215439
16,67,13.361510442719757
16,68,13.437018610183724
17,1,14.10452251605313
17,2,11.433499494832715
17,3,13.275479330203764
17,4,14.120044615216479
17,5,10.941982727032817
17,6,9.902802259214374
17,7,13.48171242371076
17,8,12.984067408877104
17,9,10.387162646238984
17,10,7.421685283404503
17,11,4.971901236494163
17,12,3.948752329089122
17,13,6.8297061800408505
17,14,8.770804407016863
17,15,6.534754158185919
17,16,3.861801974771538
17,18,3.8890653824753025
17,19,5.522361794433654
17,20,5.793989720090778
17,21,7.376965931268536
17,22,9.335492212498535
17,23,10.507423250475647
17,24,11.446509098024146
17,25,13.458093192725595
17,26,15.054490720645045
17,27,16.457070261176195
17,28,26.99500025904243
17,29,24.309977761281353
17,30,22.13725489056427
17,31,25.569191078927634
17,32,25.665728904771786
17,33,17.97235262854786
17,34,19.695105633785772
17,35,17.386229174183274
17,36,14.13889580777221
17,37,16.179622358264613
17,38,17.30362851234891
17,39,13.987945945117437
17,40,12.927163424407235
17,41,16.28515392795788
17,42,15.973028507865513
17,43,12.752954921879065
17,44,14.782393147753245
17,45,17.495338664143134
17,46,18.301255142751018
17,47,16.51170255607196
17,48,12.819166172658631
17,49,11.060817665297446
17,50,14.29331622250599
17,51,16.14942432645849
17,52,15.387762135191508
17,53,17.749635024112774
17,54,16.478993074309944
17,55,12.82009029780554
17,56,14.547209469070644
17,57,17.088022342461194
17,58,15.261741245109437
17,59,11.490752558501162
17,60,11.429717594879907
17,61,12.182960760324177
17,62,12.198751789193873
17,63,11.186835474460912
17,64,8.073711266213092
17,65,7.884338966341916
17,66,11.39403188445966
17,67,10.574608941319587
17,68,9.998775258825958
18,1,10.218397730780127
18,2,7.647227510463439
18,3,9.757402276754428
18,4,10.506331164958631
18,5,7.5543515665818015
18,6,6.960334200874491
18,7,10.759533243804661
18,8,10.635318399641701
18,9,9.01341065607497
18,10,5.947770645078757
18,11,4.003322493634957
18,12,6.042561744008476
18,13,8.083935370765502
18,14,11.060429083719725
18,15,9.839373950130193
18,16,6.694039643197856
18,17,3.8890653824753025
18,19,3.8400203704021316
18,20,5.463485275746685
18,21,5.347574020520729
18,22,6.249103767175961
18,23,8.569264016021338
18,24,9.855033071406908
18,25,10.87036864233082
18,26,12.508908149793891
18,27,14.636911905769272
18,28,26.26287740725623
18,29,23.988166544158165
18,30,21.372367114637772
18,31,24.539687892602643
18,32,24.08348626937047
18,33,15.378544669439295
18,34,17.49556317683221
18,35,15.206129267161996
18,36,12.139235159781286
18,37,14.822016286618666
18,38,16.219395959779913
18,39,13.101199803023247
18,40,12.714102842332634
18,41,16.39143908611587
18,42,16.133238765728475
18,43,13.594681430341382
18,44,16.107553914510582
18,45,18.892020397764945
18,46,20.209093590282777
18,47,18.123636419091426
18,48,14.504028781424529
18,49,12.073190365329085
18,50,15.333573429943941
18,51,16.587853711949208
18,52,15.110847932040663
18,53,17.686207859249674
18,54,15.915592346617975
18,55,12.725904449683673
18,56,15.317263729696824
18,57,17.396812803301252
18,58,15.072475219570666
18,59,11.640176229991797
18,60,12.782089643802523
18,61,14.00365153935095
18,62,13.19163279317116
18,63,11.803187903658213
18,64,8.153905072354913
18,65,7.598278359948501
18,66,10.242678870987762
18,67,8.309516238205243
18,68,7.392905564992358
19,1,10.85997863833012
19,2,8.507533241009583
19,3,11.656605836819862
19,4,12.569843549282414
19,5,10.024930282118904
19,6,10.147635749958601
19,7,13.958373271122163
19,8,13.956560454793848
19,9,12.75038025453128
19,10,9.461374383665808
19,11,7.796758344746974
19,12,9.037507313776786
19,13,11.164070779667734
19,14,13.467822831240811
19,15,11.647842440063764
19,16,8.128375427801698
19,17,5.522361794433654
19,18,3.8400203704021316
19,20,3.855774594159352
19,21,5.508590799455384
19,22,5.143897601949153
19,23,5.953126257652311
19,24,8.401385525847196
19,25,9.913869329585072
19,26,10.445874814616511
19,27,12.371013381056661
19,28,27.920291036479775
19,29,25.833146188907765
19,30,23.427294453401156
19,31,26.703880221895044
19,32,26.053106127024677
19,33,17.84140265335252
19,34,19.70972877946494
19,35,16.917160788076604
19,36,14.442196964415913
19,37,17.50251924374439
19,38,18.300594023211328
19,39,14.85049056544093
19,40,15.17589614960813
19,41,18.60621179588987
19,42,17.597424450466622
19,43,15.03387656168681
19,44,17.995989739137933
19,45,20.22336656265207
19,46,21.01954058226594
19,47,18.400683296271584
19,48,15.11246292901467
19,49,12.128336814867463
19,50,14.678194364560275
19,51,16.445527361307615
19,52,14.431976913586432
19,53,16.29111811049467
19,54,13.937635741747869
19,55,10.873851102325139
19,56,13.36458560116448
19,57,14.812816950069573
19,58,12.029711811091026
19,59,8.674327653129401
19,60,10.42671128502433
19,61,11.3464049489378
19,62,9.851531802417563
19,63,8.380627123177957
19,64,4.607222973129142
19,65,4.915194085892258
19,66,7.012679963442874
19,67,5.2522181466271505
19,68,5.944433928334548
20,1,12.702432865634878
20,2,11.192284607877069
20,3,14.171451928226576
20,4,14.16327278198439
20,5,10.93328076564048
20,6,11.80655967977985
20,7,15.372014639941856
20,8,14.376891110534197
20,9,13.058295990080635
20,10,9.295635614625471
20,11,8.77208868207683
20,12,8.981071753514636
20,13,10.036958805011226
20,14,11.585477577528746
20,15,10.12904669630646
20,16,6.338334375295174
20,17,5.793989720090778
20,18,5.463485275746685
20,19,3.855774594159352
20,21,3.8649807531171723
20,22,5.746137203186818
20,23,5.238914164552065
20,24,6.037658669693133
20,25,8.753369660367294
20,26,9.929568972880299
20,27,10.785537564441183
20,28,25.19473653073609
20,29,23.023080267866845
20,30,20.988252472919847
20,31,24.48253840115899
20,32,24.106791781770095
20,33,17.400144671215784
20,34,18.552784523633395
20,35,15.41356556643213
20,36,13.179897032319953
20,37,16.013580206628866
20,38,16.113707363085176
20,39,12.375206347103509
20,40,12.960965782343475
20,41,15.993939075449168
20,42,14.467988587828014
20,43,11.833336788031168
20,44,15.034110642889587
20,45,16.84923720165299
20,46,17.466770631241662
20,47,14.659664691729647
20,48,11.538690741999277
20,49,8.365817265307207
20,50,10.825944362399582
20,51,12.686579389301992
20,52,10.888684799778602
20,53,12.807517698677623
20,54,10.944815081624212
20,55,7.510630469246182
20,56,9.939603327202633
20,57,11.959609571275381
20,58,9.880671207707163
20,59,6.394704429706138
20,60,7.626081300247399
20,61,9.597573422582006
20,62,9.217993622369573
20,63,9.316525589924272
20,64,5.692594912429834
20,65,7.896290479076971
20,66,9.912072048915803
20,67,8.169108735882388
20,68,9.693686637639615
21,1,10.028902150423576
21,2,9.374922553931112
21,3,12.018653699621371
21,4,11.152134760859882
21,5,7.7649803289571455
21,6,9.591502885649447
21,7,12.716528861703088
21,8,11.340224838984827
21,9,10.813490499713414
21,10,7.128170433670856
21,11,8.010893152252267
21,12,9.357635201389593
21,13,9.408486547137558
21,14,11.709149689163482
21,15,11.428357841150646
21,16,7.721738111881627
21,17,7.376965931268536
21,18,5.347574020520729
21,19,5.508590799455384
21,20,3.8649807531171723
21,22,3.877405772198849
21,23,5.366250788893119
21,24,4.871634206769306
21,25,6.22450083985212
21,26,8.645716024164113
21,27,10.134202172679473
21,28,22.500604005862193
21,29,20.596435669631138
21,30,18.16151031958294
21,31,21.427722347922618
21,32,20.734927015239055
21,33,13.645426173932842
21,34,14.847689202024283
21,35,11.744867428021868
21,36,9.605777819042837
21,37,12.79003704453779
21,38,13.072847318986135
21,39,9.591518152628575
21,40,10.666470426701812
21,41,13.912844297546897
21,42,12.701123036477036
21,43,10.846498482238422
21,44,14.22016591026392
21,45,16.300500273350565
21,46,17.71177404456413
21,47,15.049140586633914
21,48,11.926331553624438
21,49,8.697144111569937
21,50,11.563663187835964
21,51,12.229030015621033
21,52,10.169030172622016
21,53,12.8864523210491
21,54,11.167271126924264
21,55,8.44728437862996
21,56,11.69721540632953
21,57,13.688052260469675
21,58,11.752156397175035
21,59,9.024056862991944
21,60,10.742706148923078
21,61,13.25133395131735
21,62,12.784488381551485
21,63,12.718793658383632
21,64,8.929075708008234
21,65,10.395323541128294
21,66,11.952402284252504
21,67,9.115956149011168
21,68,10.124680362336617
22,1,7.3831384588955515
22,2,6.955765362780149
22,3,10.335197456046592
22,4,9.896042962095997
22,5,7.614256042038499
22,6,9.612970829172257
22,7,12.758691663441924
22,8,12.33399433214081
22,9,12.53890858743392
22,10,9.356458078060125
22,11,9.579481346706396
22,12,11.821638091142123
22,13,12.592541513151241
22,14,15.270930514346453
22,15,14.627519734709134
22,16,10.874756863315724
22,17,9.335492212498535
22,18,6.249103767175961
22,19,5.143897601949153
22,20,5.746137203186818
22,21,3.877405772198849
22,23,3.8829382754344084
22,24,5.573065589586767
22,25,5.260043800868473
22,26,6.389951617461313
22,27,9.11722519128109
22,28,25.018712958079767
22,29,23.51464544537469
22,30,20.83355244025086
22,31,23.78746509344335
22,32,22.544847728008083
22,33,14.44042811004278
22,34,16.149973835238264
22,35,13.15322099366098
22,36,11.51075782665327
22,37,15.14667902976334
22,38,15.688942242630057
22,39,12.584204380546362
22,40,14.015851282492077
22,41,17.322794140079946
22,42,16.140817630080974
22,43,14.628947134898576
22,44,18.046321621514405
22,45,20.07246859933849
22,46,21.443399238197863
22,47,18.584180429061753
22,48,15.64248351749789
22,49,12.197132661173526
22,50,14.55602553817791
22,51,15.246107354318028
22,52,12.515777180247355
22,53,14.683113732560841
22,54,12.085114214872927
22,55,10.071877670316232
22,56,13.552952260400588
22,57,14.593986826978725
22,58,11.83274104617657
22,59,9.586856368966346
22,60,12.339923609209682
22,61,14.373704701931166
22,62,12.85195251404787
22,63,12.09515412593952
22,64,8.481933342293438
22,65,9.40719966750704
22,66,9.814376116156815
22,67,6.287549949715048
22,68,7.6051271675614345
23,1,10.825315480621748
23,2,10.48452025401412
23,3,14.077923404055012
23,4,13.727353983445788
23,5,11.385223875136138
23,6,13.318616580998683
23,7,16.57356421535746
23,8,15.885511869604928
23,9,15.778151705243475
23,10,12.243254512561396
23,11,12.287392495665555
23,12,13.630430313682318
23,13,14.436336569884997
23,14,16.35892667786641
23,15,15.310839070152918
23,16,11.485379240773803
23,17,10.507423250475647
23,18,8.569264016021338
23,19,5.953126257652311
23,20,5.238914164552065
23,21,5.366250788893119
23,22,3.8829382754344084
23,24,3.871508896201337
23,25,5.376305448824707
23,26,4.935049987504384
23,27,6.432415038292755
23,28,25.853527778369354
23,29,24.387043105430077
23,30,22.165538723644232
23,31,25.328181608686567
23,32,24.206944318100103
23,33,17.47429144761459
23,34,18.597647524013244
23,35,15.173152667570967
23,36,14.006599011095885
23,37,17.515456786619954
23,38,17.30734464985148
23,39,13.862665416293925
23,40,15.652472480030431
23,41,18.52814661669896
23,42,16.58928124489655
23,43,14.94228074023923
23,44,18.601607476626288
23,45,19.99317310464783
23,46,20.7550815992914
23,47,17.474953834386017
23,48,14.994457520023378
23,49,11.260341243206616
23,50,12.721703594611386
23,51,13.955223998057585
23,52,10.893189076295272
23,53,12.167389937186645
23,54,9.08908470575924
23,55,7.245824492486645
23,56,10.548116516271788
23,57,11.011594528803199
23,58,8.008102260939065
23,59,6.1667186489996
23,60,9.494429297793868
23,61,11.639938087362019
23,62,10.025317423241601
23,63,10.105839372353428
23,64,7.015310088356522
23,65,9.364062054433047
23,66,9.238490176097997
23,67,6.41432466461304
23,68,9.312799325965244
24,1,12.061700261228447
24,2,12.427714171849658
24,3,15.53598113485313
24,4,14.278467366844234
24,5,11.45068881884168
24,6,13.996658597541202
24,7,16.833404051655904
24,8,15.279515806541838
24,9,15.331815556953657
24,10,11.74625060478961
24,11,12.868969591904532
24,12,13.858620361854404
24,13,13.611874571315363
24,14,15.144972461261853
24,15,14.87148754202877
24,16,11.204301057189632
24,17,11.446509098024146
24,18,9.855033071406908
24,19,8.401385525847196
24,20,6.037658669693133
24,21,4.871634206769306
24,22,5.573065589586767
24,23,3.871508896201337
24,25,3.854827164346501
24,26,5.5121771235668495
24,27,5.548521907045139
24,28,22.21753861960329
24,29,20.828231114129533
24,30,18.815961464957237
24,31,22.03695047021679
24,32,21.043613971856498
24,33,15.787502408534863
24,34,16.188958004044554
24,35,12.506369906269668
24,36,11.805309019578228
24,37,15.0931119934941
24,38,14.239494621277625
24,39,10.786267863165884
24,40,13.115092424635218
24,41,15.53156905600611
24,42,13.227339873659822
24,43,12.083368989776119
24,44,15.913739147823714
24,45,16.956567592704253
24,46,17.925568531933017
24,47,14.595738240357663
24,48,12.446754487802334
24,49,8.655408499368315
24,50,9.971150480550383
24,51,10.483940806293777
24,52,7.275261494284429
24,53,9.13846822893427
24,54,6.703015482456704
24,55,5.120786289869644
24,56,8.92397716290388
24,57,10.013016786859863
24,58,8.202729027172964
24,59,6.918886940963494
24,60,9.508734965633915
24,61,12.628643197689968
24,62,12.09042795583012
24,63,13.040721370827502
24,64,9.90850603968993
24,65,12.544653059566546
24,66,12.9855122252596
24,67,10.158487335345539
24,68,12.596916480644653
25,1,9.500961248917225
25,2,10.957528928153547
25,3,13.843804376149814
25,4,12.065441856432173
25,5,9.984510358467578
25,6,13.176697461128862
25,7,15.469075033121468
25,8,14.131834758690518
25,9,15.132360967152897
25,10,12.064410429272227
25,11,13.615163057408987
25,12,15.507747680462803
25,13,15.128044416560174
25,14,17.29700742654881
25,15,17.42946197907939
25,16,13.754412122488949
25,17,13.458093192725595
25,18,10.87036864233082
25,19,9.913869329585072
25,20,8.753369660367294
25,21,6.22450083985212
25,22,5.260043800868473
25,23,5.376305448824707
25,24,3.854827164346501
25,26,3.8797139412075636
25,27,5.711199550406578
25,28,21.875837825186583
25,29,20.984186082574727
25,30,18.51227873552238
25,31,21.26937133598928
25,32,19.65239224242755
25,33,13.665961379699784
25,34,14.312635792972836
25,35,10.784034824687433
25,36,10.71983254954957
25,37,14.406495574302543
25,38,13.871642981245667
25,39,11.096732857341133
25,40,13.837142911446971
25,41,16.368328781308726
25,42,14.507746380754103
25,43,14.117638419190236
25,44,17.863255855343944
25,45,19.149175447836893
25,46,20.664748294683285
25,47,17.528254475730822
25,48,15.39311507310839
25,49,11.78622814549405
25,50,13.278061720969404
25,51,12.953141128063605
25,52,9.603086558052881
25,53,11.653222426352261
25,54,9.163714886500294
