1,2,3.8459692497969638
1,3,6.442488411737001
1,4,10.004727871165693
1,5,12.763426251980441
1,6,14.594750243349448
1,7,11.650201138271258
1,8,11.06947916020431
1,9,14.924944745570846
1,10,15.521702210976285
1,11,13.23607347538482
1,12,15.08327954401383
1,13,18.366700492267803
1,14,18.01797158856078
1,15,17.504106796051033
1,16,20.70813544127164
1,17,19.899144724863042
1,18,22.20759553124142
1,19,25.372158825296797
1,20,24.562641542820046
1,21,27.435215329465997
1,22,28.45278982310964
1,23,25.11668275674573
1,24,24.173292716571535
1,25,20.62398384683722
1,26,20.458517607232103
1,27,20.881625713572248
1,28,17.689701121656594
1,29,15.631320163869221
1,30,17.503032914706367
1,31,16.9543904261566
1,32,13.093270957649645
1,33,13.453211468000413
1,34,16.136508567878113
1,35,14.84017299698663
1,36,11.247199078642122
1,37,10.87025248065341
1,38,8.11032376196259
1,39,5.742984841953158
1,40,5.442455455318062
1,41,6.714220131201816
1,42,9.465689874572911
1,43,12.923254552281405
1,44,16.22868383875664
1,45,19.47429628532839
1,46,22.661343263421873
1,47,26.266307058441356
1,48,27.47687970177115
1,49,25.921439565592937
1,50,23.005523601521837
1,51,19.174174146109674
1,52,16.725147275126638
1,53,13.512784474985024
1,54,10.184372701935148
1,55,9.370955060088587
1,56,13.227108890181553
1,57,14.428042139160668
1,58,16.784002112494154
1,59,19.776705720486575
1,60,21.085362583961444
1,61,24.78324003158417
1,62,25.129739791313696
1,63,22.340361184672982
1,64,20.447624852496133
1,65,21.855398672399595
1,66,20.74257776059296
1,67,24.3475023398732
1,68,24.528790436571207
1,69,25.526471432072597
1,70,29.37396713367004
1,71,30.561270878902857
1,72,27.46640834169879
1,73,28.15357201553352
1,74,25.07205011659019
1,75,25.957372472636788
1,76,22.82767405463385
1,77,23.909057708655308
1,78,20.543431983121657
1,79,19.122334651974118
1,80,16.563004482806775
1,81,14.506864734577947
1,82,13.985443273254347
1,83,12.217068773388753
1,84,9.363727154658147
1,85,8.397719091786389
1,86,5.831488812092841
1,87,9.322167859759405
1,88,10.379870712838555
1,89,14.045911471529703
1,90,14.903906338467145
1,91,13.756403259868089
1,92,15.708479837906502
1,93,18.722310911868266
1,94,19.034444453459333
1,95,18.79784050748442
1,96,21.625613904317085
1,97,23.753089974130944
1,98,23.185119141081145
1,99,24.228237920688674
1,100,27.232444994523377
1,101,28.620493547894206
1,102,31.165654530742124
1,103,28.777837401882394
1,104,26.911683486338834
1,105,23.931692010045765
1,106,25.617988484561547
1,107,24.010910076167736
1,108,21.028818224521345
1,109,22.745115643953238
1,110,20.614514269095878
1,111,21.436333683896244
1,112,25.153576735086325
1,113,25.263144660852358
1,114,23.291153810215224
1,115,23.038351553420426
1,116,26.206395428196377
1,117,29.078775820284537
1,118,27.30942260194617
1,119,26.710941134235906
1,120,23.420453165553766
1,121,24.113119759515822
1,122,23.139075392076236
1,123,19.35710773738581
1,124,19.755931128671318
1,125,22.443589664518974
1,126,22.22556221257922
1,127,19.804284572237364
2,1,3.8459692497969638
2,3,3.838995131494388
2,4,6.925246654311639
2,5,9.675735297429327
2,6,12.071058582318997
2,7,9.865821910530306
2,8,9.38691224286656
2,9,13.062534401412577
2,10,14.341412596344055
2,11,12.856028609504977
2,12,14.402497127505642
2,13,17.59774543550484
2,14,18.006281575735585
2,15,17.81421834121615
2,16,20.577174239602535
2,17,19.250928705021057
2,18,21.07331082520026
2,19,24.167157075694536
2,20,23.82905350414473
2,21,26.638592622019477
2,22,27.172307407707606
2,23,23.621216805316024
2,24,22.379683787175065
2,25,18.82408020204551
2,26,18.055847320104508
2,27,18.703053765011497
2,28,15.955864896503732
2,29,13.306752234711308
2,30,14.779196750053952
2,31,14.812555810437106
2,32,11.10596072356587
2,33,10.566956657092499
2,34,13.498176602234517
2,35,13.018578925258486
2,36,9.554270865006849
2,37,8.018460571331753
2,38,5.389073963142828
2,39,4.5111558381007395
2,40,6.568610725733909
2,41,8.368041891595858
2,42,9.67950616178711
2,43,13.521107015846578
2,44,16.205682411785983
2,45,19.792474669092247
2,46,22.630760983203082
2,47,26.22446851369668
2,48,27.63672029400222
2,49,26.591983309511296
2,50,23.68278445049532
2,51,19.850205657137774
2,52,17.049791236534162
2,53,14.413035081474005
2,54,10.996517016490957
2,55,9.04408491133423
2,56,12.720136927171918
2,57,14.22697250658893
2,58,17.173758802941023
2,59,20.24336006934866
2,60,22.15246308114213
2,61,25.629625604639124
2,62,25.86362464958385
2,63,23.302498717122898
2,64,21.94758159965302
2,65,23.762175712214507
2,66,22.771475943560652
2,67,26.474177899490865
2,68,26.292498577816882
2,69,26.862028007468584
2,70,30.657893114997243
2,71,31.71862155280571
2,72,28.778124933030654
2,73,29.421558150714272
2,74,26.553496819567936
2,75,27.13538962244901
2,76,24.160090000805674
2,77,25.76680380676532
2,78,22.686205696579048
2,79,21.50680202059135
2,80,18.602310964869133
2,81,17.16144305995441
2,82,16.667615187362976
2,83,14.212751280106199
2,84,11.788969258228269
2,85,11.414443438149128
2,86,8.836492357428583
2,87,11.657369047260046
2,88,11.69724927384976
2,89,15.585866185647696
2,90,16.690450125785198
2,91,14.794749707063035
2,92,16.229218915641844
2,93,19.686813969304783
2,94,19.914171183286808
2,95,18.918471457980743
2,96,21.772985253103524
2,97,24.1817571178902
2,98,23.218958824639373
2,99,23.745555321672068
2,100,27.022329008017078
2,101,28.382690069951902
2,102,30.57171394606036
2,103,27.90412797085065
2,104,25.946729956838496
2,105,22.648315946124328
2,106,24.19087924217344
2,107,23.094472677105053
2,108,19.76233063914594
2,109,21.13941274904121
2,110,18.51267027728935
2,111,19.306085068952044
2,112,23.04258181852412
2,113,22.820632489621353
2,114,20.490546278087926
2,115,20.339907905077744
2,116,23.75103369756741
2,117,26.39269594459062
2,118,24.32002716868597
2,119,23.63791558418315
2,120,20.57010701172168
2,121,21.2931572320472
2,122,19.932974988846052
2,123,16.252786545200337
2,124,17.046748135561582
2,125,19.485866030677336
2,126,19.304133608080072
2,127,17.320668421579906
3,1,6.442488411737001
3,2,3.838995131494388
3,4,3.795828549404791
3,5,6.383622614857603
3,6,8.333306472590365
3,7,6.103083023499916
3,8,5.844294826142614
3,9,9.441178782325256
3,10,10.6719000920342
3,11,9.712888961984161
3,12,11.41627071216872
3,13,14.272261112169451
3,14,14.947879923554463
3,15,15.254221951186848
3,16,17.794659902221067
3,17,16.527501608037753
3,18,17.93161360540975
3,19,21.19956030891064
3,20,21.25672976241891
3,21,24.298468875509293
3,22,24.55427054293223
3,23,21.058304332658967
3,24,19.404203089866783
3,25,15.694683826080649
3,26,15.090394353363367
3,27,16.29967570078283
3,28,13.660592983530726
3,29,10.720674091492507
3,30,12.80683281612663
3,31,13.50215764406133
3,32,10.088188146566127
3,33,9.715953081838661
3,34,13.293505339726972
3,35,13.354690522581935
3,36,10.615910528957695
3,37,8.750058473213494
3,38,5.313267253230256
3,39,6.730849784133616
3,40,8.26932071024663
3,41,11.171461572157167
3,42,12.208528804730701
3,43,15.978952519343379
3,44,18.466348704689985
3,45,22.18233728162615
3,46,24.689028142559426
3,47,28.385787064339645
3,48,29.495248461309437
3,49,28.687764760873744
3,50,25.515919349754657
3,51,21.780414633928924
3,52,18.554055144706513
3,53,16.00180772986505
3,54,12.309859668404263
3,55,9.445657426404452
3,56,12.57802013738451
3,57,15.010245045623142
3,58,17.77392835951319
3,59,21.214571445455217
3,60,23.474399201888392
3,61,26.774650082778173
3,62,26.47086074343209
3,63,23.72048229784662
3,64,22.806338389447816
3,65,25.079328116470005
3,66,24.63815773228199
3,67,28.445683473472965
3,68,28.513083529525534
3,69,28.743815146247744
3,70,32.43725211675132
3,71,33.08919749422231
3,72,29.999851112956136
3,73,30.177454128291494
3,74,27.196789485431683
3,75,27.244216573783937
3,76,24.112871318158888
3,77,26.017507857543006
3,78,23.248838237431656
3,79,22.69309153496117
3,80,20.023660947444775
3,81,18.92313239274971
3,82,17.71549503397628
3,83,15.107814448563115
3,84,13.522002510217694
3,85,12.591702588149907
3,86,9.54643856345182
3,87,11.225320322985807
3,88,10.751098899006152
3,89,14.456561552952353
3,90,16.292818699426288
3,91,14.35196455496521
3,92,14.85523771006401
3,93,18.524725828529178
3,94,19.296472156835495
3,95,17.88003514331757
3,96,20.262032917168188
3,97,23.123048682696183
3,98,22.40573514907252
3,99,22.413870848796513
3,100,25.611407153301805
3,101,27.36898627985592
3,102,29.515201724640065
3,103,26.983751144313533
3,104,24.597162216543182
3,105,21.2991949594284
3,106,23.277888682466045
3,107,22.603326148968783
3,108,19.336232822027497
3,109,21.044733280150574
3,110,18.2635995586726
3,111,18.302195083556445
3,112,22.130173318407554
3,113,22.233614959895235
3,114,19.5629739017946
3,115,18.766932854300457
3,116,22.090769423718804
3,117,24.44750743444174
3,118,22.24194273568608
3,119,21.10097531924838
3,120,17.92881070678205
3,121,18.174272019098066
3,122,16.985895289342945
3,123,13.29094928546315
3,124,13.56482616847562
3,125,16.04505072995869
3,126,15.84046458245155
3,127,13.615731733187516
4,1,10.004727871165693
4,2,6.925246654311639
4,3,3.795828549404791
4,5,3.837205672252349
4,6,5.635442232733904
4,7,4.916100491902899
4,8,6.0720597984929245
4,9,8.527461587026728
4,10,10.007459626183612
4,11,10.482466303350282
4,12,12.11673938555892
4,13,14.24757252288079
4,14,15.500319128336729
4,15,16.50198757879758
4,16,18.534617980033318
4,17,17.11198403895428
4,18,17.699260002496374
4,19,20.95664430099249
4,20,21.697035169882852
4,21,24.769968447112614
4,22,24.445063886757655
4,23,20.918346394290584
4,24,18.696218537829157
4,25,14.99948374415987
4,26,13.891263993056253
4,27,15.813569197690732
4,28,13.905917148835593
4,29,10.364217016233866
4,30,12.202414997305098
4,31,13.955928382051283
4,32,11.237660584455142
4,33,9.974066658757975
4,34,13.71114089945118
4,35,14.777032796144114
4,36,12.615589281917206
4,37,9.890279840025933
4,38,7.288986503294683
4,39,9.79463484307347
4,40,11.879514233863956
4,41,14.714790677582261
4,42,15.267380255991695
4,43,19.041267334797126
4,44,21.117784946232522
4,45,24.925192958902972
4,46,27.15626396159252
4,47,30.776259573724627
4,48,31.98492204898135
4,49,31.515004434009693
4,50,28.374382810334108
4,51,24.715516318739198
4,52,21.350849705242815
4,53,19.16778179092237
4,54,15.566838758906385
4,55,12.30858358988735
4,56,14.893865084913559
4,57,17.561158255798283
4,58,20.47944038688128
4,59,23.92768822295309
4,60,26.502714152546364
4,61,29.608064916663764
4,62,29.132916763193656
4,63,26.500213338002137
4,64,25.948843229143897
4,65,28.439290834251754
4,66,28.121809402159116
4,67,31.948207694568204
4,68,31.890904416013733
4,69,31.902600677614092
4,70,35.52633918241501
4,71,36.04838189658848
4,72,33.03856192648429
4,73,33.09069273011406
4,74,30.21392464364296
4,75,29.969247544074523
4,76,26.906748291282387
4,77,29.079285862269106
4,78,26.534378056865293
4,79,26.20465316239397
4,80,23.505545078197855
4,81,22.616394220581654
4,82,21.31522753995708
4,83,18.580436767065137
4,84,17.223699783014585
4,85,16.30317135450439
4,86,13.159213324424314
4,87,14.411327714084615
4,88,13.679831151244272
4,89,17.119180221654716
4,90,19.298632513790075
4,91,17.19727888794317
4,92,17.064327066239677
4,93,20.84983733910869
4,94,21.809076118618314
4,95,19.900769739427624
4,96,21.96620055459452
4,97,25.11137974486043
4,98,24.305344798838007
4,99,23.753960521724192
4,100,26.99520620736113
4,101,28.883714859736926
4,102,30.724386765917348
4,103,28.104026904188245
4,104,25.515544547885444
4,105,22.075010515212448
4,106,24.06255680796306
4,107,23.98582530260626
4,108,20.597775263703383
4,109,22.057538257591055
4,110,18.888947686187457
4,111,18.594528252459817
4,112,22.317629817291234
4,113,22.196067489495633
4,114,19.05983017238532
4,115,18.09312158670043
4,116,21.53510718985736
4,117,23.377978311916987
4,118,20.73083144981669
4,119,19.118080242019115
4,120,16.287936941072736
4,121,16.048647698735792
4,122,14.360900073076706
4,123,10.98751223378164
4,124,11.199392700115428
4,125,13.039695671324829
4,126,12.438644993827975
4,127,10.617942580308954
5,1,12.763426251980441
5,2,9.675735297429327
5,3,6.383622614857603
5,4,3.837205672252349
5,6,3.8691941836469486
5,7,5.431907213006907
5,8,5.225551239954733
5,9,6.086599561873257
5,10,8.728944940420568
5,11,9.946929764329909
5,12,10.50229205196892
5,13,12.338081283980019
5,14,14.463955031312477
5,15,15.406260272878448
5,16,16.712576472669635
5,17,14.792451225870293
5,18,14.890697069730983
5,19,17.885233887172514
5,20,18.98266813075189
5,21,21.8920991801745
5,22,21.197668876655595
5,23,17.638114617621707
5,24,15.241465446021902
5,25,11.696107640219342
5,26,10.197702403842797
5,27,12.373538837389747
5,28,10.993126909785811
5,29,7.230957652724943
5,30,9.039370843292602
5,31,11.428214321728113
5,32,9.549046349869586
5,33,8.295393565825089
5,34,12.028233804637393
5,35,13.609917924082788
5,36,12.428260761388534
5,37,9.853549718007038
5,38,7.724275461297884
5,39,11.1968455420588
5,40,13.216637825270269
5,41,16.377968516963627
5,42,16.26407252774008
5,43,19.776183621452258
5,44,21.39222620370688
5,45,25.220212124514262
5,46,26.98444802420537
5,47,30.58521361917974
5,48,31.54919369035031
5,49,31.45747070648159
5,50,28.207563107214558
5,51,24.763671877947854
5,52,21.14471309263041
5,53,19.41248474775042
5,54,15.986517859297258
5,55,12.29759220924584
5,56,13.958117930413122
5,57,16.986428597104073
5,58,19.80689355105062
5,59,23.28258402558625
5,60,26.236424335649673
5,61,29.005483084308466
5,62,28.17763187903341
5,63,25.687158175384614
5,64,25.69768097761171
5,65,28.567617499842974
5,66,28.642648368164185
5,67,32.490254101298106
5,68,32.401093474417834
5,69,31.953097772679627
5,70,35.39370621233103
5,71,35.566359516581166
5,72,32.62129275753014
5,73,32.39110986620505
5,74,29.68239010283831
5,75,29.01625031909937
5,76,26.128311409327427
5,77,28.7040095862143
5,78,26.58374444631863
5,79,26.67761284177132
5,80,23.97101478340534
5,81,23.67762086269385
5,82,22.19455636737822
5,83,19.122227354608984
5,84,18.445834036863047
5,85,17.82536594027587
5,86,15.073203481621954
5,87,15.642843685406392
5,88,14.01414362800683
5,89,17.11929838042379
5,90,19.305064701609577
5,91,16.808960617961183
5,92,16.04248625319378
5,93,19.878072630920546
5,94,20.809827420343346
5,95,18.347687318312733
5,96,20.13857209649518
5,97,23.436286104865374
5,98,22.479526884105034
5,99,21.412758207436593
5,100,24.667930086271554
5,101,26.61012557555367
5,102,28.172607316134478
5,103,25.549081915788328
5,104,22.799036386330165
5,105,19.33286605720498
5,106,21.40794300351134
5,107,21.808679003985375
5,108,18.49829917430415
5,109,19.987085959410667
5,110,16.76462079622335
5,111,15.893666578173347
5,112,19.506936632988026
5,113,19.585092406857655
5,114,16.293680651287993
5,115,14.869863113818965
5,116,18.183479264640457
5,117,19.805664142697065
5,118,17.141238615127772
5,119,15.38569583813546
5,120,12.499653877142313
5,121,12.240641975699162
5,122,10.72551835711225
5,123,7.21133258152323
5,124,7.618836168822789
5,125,9.816812875471145
5,126,10.097430289983155
5,127,8.610731581220017
6,1,14.594750243349448
6,2,12.071058582318997
6,3,8.333306472590365
6,4,5.635442232733904
6,5,3.8691941836469486
6,7,3.8591556289828417
6,8,5.475467280884501
6,9,4.966949879722478
6,10,6.225694661411205
6,11,8.655861594344639
6,12,9.87464660665604
6,13,10.605697422828506
6,14,12.541349437794148
6,15,14.386343984540426
6,16,15.584339423897307
6,17,14.33591010016118
6,18,13.859862391078698
6,19,17.181821519871786
6,20,18.687366197524902
6,21,21.944349944614572
6,22,21.107845276214206
6,23,17.90644218274315
6,24,14.99682875100726
6,25,11.3459014252582
6,26,10.67087974057191
6,27,13.628742923701234
6,28,12.34732065590858
6,29,9.043819763717341
6,30,11.572211894809579
6,31,14.121748685216275
6,32,12.51929905896088
6,33,11.898275189604878
6,34,15.600762820925311
6,35,17.035890210585592
6,36,15.924689420960641
6,37,13.617039199579061
6,38,11.054484802694194
6,39,14.19235172199608
6,40,15.581725694228425
6,41,18.993019190583713
6,42,19.386924473331845
6,43,22.90326025784853
6,44,24.773139763145466
6,45,28.56930044765357
6,46,30.391018918896332
6,47,34.058309070898936
6,48,34.82279116029018
6,49,34.60977222589777
6,50,31.220181250524266
6,51,27.792697798728007
6,52,24.117579131838916
6,53,22.11858483300854
6,54,18.538540145450025
6,55,14.924014254410023
6,56,16.470316680461547
6,57,19.839601073927515
6,58,22.26410383836162
6,59,25.923928827849032
6,60,28.774047546296075
6,61,31.552510013803563
6,62,30.415882129921464
6,63,27.66392702863792
6,64,27.688268359734774
6,65,30.62647212189149
6,66,30.966822042158416
6,67,34.820713921403396
6,68,35.06809478328556
6,69,34.67675808763187
6,70,38.095543536416464
6,71,38.085633533075566
6,72,34.95808980223062
6,73,34.413821112435805
6,74,31.49907596911894
6,75,30.57109480224492
6,76,27.467151973484505
6,77,29.939237436491283
6,78,27.922873599457596
6,79,28.35207181126113
6,80,26.025056127960667
6,81,25.572685964908935
6,82,23.606296758158383
6,83,20.87193071181497
6,84,20.450298957583627
6,85,19.174905086073768
6,86,16.092189666996
6,87,16.017957676952157
6,88,14.702898579093405
6,89,17.286258158879868
6,90,20.08655163626239
6,91,18.119997637188217
6,92,16.745844331863466
6,93,20.383975537365743
6,94,21.970386598387392
6,95,19.631995808649805
6,96,20.79280003463488
6,97,24.36650027472321
6,98,23.952456553371526
6,99,22.663321947791054
6,100,25.573288885834682
6,101,27.95500144435871
6,102,29.64809958068156
6,103,27.36831999894986
6,104,24.27087929127557
6,105,21.089491432799793
6,106,23.61344378369874
6,107,24.134273577699936
6,108,21.13312744480692
6,109,22.977512038119436
6,110,19.939611225699675
6,111,18.548655607504205
6,112,22.06785992172867
6,113,22.520679036054887
6,114,19.194705655392198
6,115,17.216183782244983
6,116,20.14751023501867
6,117,21.38363996361495
6,118,18.719875431841775
6,119,16.324038856467084
6,120,13.494784943821628
6,121,12.127973660747715
6,122,11.053162860697824
6,123,8.143128034793593
6,124,6.629056031250513
6,125,8.42303278488646
6,126,7.91131170974171
6,127,5.335429056197453
7,1,11.650201138271258
7,2,9.865821910530306
7,3,6.103083023499916
7,4,4.916100491902899
7,5,5.431907213006907
7,6,3.8591556289828417
7,8,3.8671608138609552
7,9,5.6536125894057845
7,10,5.495747478288624
7,11,6.429146543137906
7,12,8.865378441266268
7,13,10.243856227418574
7,14,11.07178026892083
7,15,12.76251689718657
7,16,14.845936743954212
7,17,14.178381849952839
7,18,14.582594255286153
7,19,18.21272148209346
7,20,19.04489812283835
7,21,22.51730672625861
7,22,22.321916546595702
7,23,19.190603431672546
7,24,16.722874131929842
7,25,12.862016039388159
7,26,12.949355857094172
7,27,15.342637234408944
7,28,13.137703861101663
7,29,10.235146237386132
7,30,13.268857838285966
7,31,14.951277293260278
7,32,12.521017906937862
7,33,12.554137325407183
7,34,16.396876224363208
7,35,17.03004481417179
7,36,15.272832555587074
7,37,13.414297801876522
7,38,10.094010525315133
7,39,12.427472320459254
7,40,13.17204957911147
7,41,16.61301494302036
7,42,17.686985842098476
7,43,21.250195656943596
7,44,23.617722254578293
7,45,27.337997836673463
7,46,29.528464182394394
7,47,33.28956950967107
7,48,34.00568609664607
7,49,33.373785610436634
7,50,29.94338258547508
7,51,26.390599214260224
7,52,22.86003479241375
7,53,20.363287700461864
7,54,16.60780153326363
7,55,13.358458795999654
7,56,15.485062003193237
7,57,18.781112977749384
7,58,21.003539841329932
7,59,24.75137415758119
7,60,27.22145276262883
7,61,30.273173328055677
7,62,29.26891314479498
7,63,26.256976090421045
7,64,25.819052941177937
7,65,28.504053913883542
7,66,28.733527913621494
7,67,32.56525513473278
7,68,33.05242576317141
7,69,33.003504798327334
7,70,36.53364456000976
7,71,36.67993742795582
7,72,33.39165072967699
7,73,32.922735406780305
7,74,29.771518964344807
7,75,29.114525214270543
7,76,25.777441140258755
7,77,27.86797501163952
7,78,25.556673915597628
7,79,25.824029118705887
7,80,23.693514914683554
7,81,22.827046572367752
7,82,20.740955310995734
7,83,18.368457852025397
7,84,17.736739098954576
7,85,16.005865774465136
7,86,12.67835677320134
7,87,12.641726582331838
7,88,11.953235784229983
7,89,14.663366258099371
7,90,17.591712387721216
7,91,16.103448402224878
7,92,15.124935771542855
7,93,18.67256293782151
7,94,20.433791938310236
7,95,18.690062757717932
7,96,20.01186442910011
7,97,23.462578016790598
7,98,23.368523577027347
7,99,22.63792373527741
7,100,25.445598825969668
7,101,27.874433104402115
7,102,29.990964063113577
7,103,27.857169731522223
7,104,24.840331794046406
7,105,21.79816050125419
7,106,24.4512236466541
7,107,24.36622957436319
7,108,21.454036848662383
7,109,23.607563583573818
7,110,20.837725065849472
7,111,19.75598449629125
7,112,23.481333360283855
7,113,24.112909271084852
7,114,21.09347627181777
7,115,19.28478614639042
7,116,22.209031715723498
7,117,23.926240707694337
7,118,21.57671843535274
7,119,19.526779332998192
7,120,16.359536197380013
7,121,15.356863695679808
7,122,14.639557339330914
7,123,11.373796816293014
7,124,9.953202770397613
7,125,12.180347755813493
7,126,11.526928660430421
7,127,8.43987521980777
8,1,11.06947916020431
8,2,9.38691224286656
8,3,5.844294826142614
8,4,6.0720597984929245
8,5,5.225551239954733
8,6,5.475467280884501
8,7,3.8671608138609552
8,9,3.860607063972954
8,10,5.428283574403558
8,11,4.999796450657292
8,12,6.054159494608362
8,13,8.56282069386936
8,14,9.920965136412143
8,15,10.544919510755701
8,16,12.497254712065123
8,17,11.229301662382158
8,18,12.232356389809055
8,19,15.671200186768734
8,20,16.05135879649529
8,21,19.3541460465198
8,22,19.430441260089548
8,23,16.161692879876433
8,24,14.19942777101074
8,25,10.36115518941652
8,26,10.614594463662218
8,27,12.319884676654022
8,28,9.637597872088529
8,29,7.115325053835206
8,30,10.477797489514236
8,31,11.558893934982907
8,32,9.107777564990839
8,33,9.964954492305797
8,34,13.659894551806012
8,35,13.881879633418762
8,36,12.513338764283711
8,37,11.353498899714708
8,38,7.940197681708565
8,39,10.522240615204444
8,40,10.93458773672601
8,41,14.645923396832144
8,42,15.291355881074523
8,43,18.584165003647207
8,44,20.775032296305184
8,45,24.44338131207075
8,46,26.417721874496333
8,47,30.20140093286416
8,48,30.677241930053167
8,49,30.1452497484455
8,50,26.6236800647323
8,51,23.20033088896236
8,52,19.548030993022465
8,53,17.234654230619206
8,54,13.598279318092638
8,55,10.162124377106883
8,56,11.829400265232216
8,57,15.311670276256978
8,58,17.38994572698698
8,59,21.163415460670926
8,60,23.7713728980089
8,61,26.67883486861697
8,62,25.547301505030617
8,63,22.59785659899641
8,64,22.39927885618537
8,65,25.28214217762963
8,66,25.72743186445576
8,67,29.569254284256782
8,68,30.035276029293687
8,69,29.719690931205676
8,70,33.14897086235734
8,71,33.126757534368814
8,72,29.86673270406324
8,73,29.309255562185385
8,74,26.257587711739617
8,75,25.493839634930616
8,76,22.274243394735947
8,77,24.593211351395066
8,78,22.470588588069187
8,79,22.900185221452364
8,80,20.68265016421668
8,81,20.28672502674473
8,82,18.199005335902964
8,83,15.469503904914244
8,84,15.333734646793703
8,85,14.076476698879588
8,86,11.373154025503114
8,87,11.025746663850608
8,88,9.304514193317187
8,89,12.111896112387265
8,90,14.688383675656638
8,91,12.730973122881242
8,92,11.69064263898196
8,93,15.402039565678246
8,94,16.876520114196254
8,95,14.93296286727458
8,96,16.44922469774314
8,97,19.828694537682882
8,98,19.555782115297518
8,99,18.88300091030027
8,100,21.792492430689922
8,101,24.0978815940486
8,102,26.23680311964316
8,103,24.087980037013544
8,104,21.142119053759444
8,105,18.116509605378646
8,106,20.800249716273658
8,107,20.566833462415065
8,108,17.75541566453157
8,109,20.121057056593518
8,110,17.61487156004126
8,111,16.43014920800279
8,112,20.188496819823435
8,113,21.120118459107488
8,114,18.415501574613817
8,115,16.514225242697346
8,116,19.275050663465542
8,117,21.37358918071941
8,118,19.44414855703711
8,119,17.887206498172166
8,120,14.366487922889533
8,121,14.06643734149865
8,122,13.912889521153051
8,123,10.252593443672536
8,124,9.365681138380447
8,125,12.533267183821186
8,126,13.042243516628282
8,127,10.240709163869502
9,1,14.924944745570846
9,2,13.062534401412577
9,3,9.441178782325256
9,4,8.527461587026728
9,5,6.086599561873257
9,6,4.966949879722478
9,7,5.6536125894057845
9,8,3.860607063972954
9,10,3.8661479947636352
9,11,5.607930474671103
9,12,5.239595473049048
9,13,6.2890846585522375
9,14,8.889689524558879
9,15,10.06276958784216
9,16,10.88948746944252
9,17,9.381468473557463
9,18,9.285721220411135
9,19,12.724575562830992
9,20,13.846693234404611
9,21,17.199328127767508
9,22,16.73222981005861
9,23,13.619483176654391
9,24,11.075141896020753
9,25,7.210461488877838
9,26,7.7909693287019275
9,27,10.286403854287373
9,28,8.371611040220852
9,29,6.150286641274705
9,30,9.719987269881715
9,31,11.502461492426551
9,32,10.27425815156531
9,33,11.14466978672571
9,34,14.576390245340377
9,35,15.316147485597279
9,36,14.826009710031443
9,37,13.646366039392467
9,38,10.825234567613846
9,39,13.888599815268659
9,40,14.366495577273762
9,41,18.12074528407148
9,42,18.365488379153575
9,43,21.43334933996808
9,44,23.246069655371066
9,45,26.87846580990888
9,46,28.450826566901974
9,47,32.17545419549973
9,48,32.424670217082664
9,49,32.21605431922042
9,50,28.624176774269998
9,51,25.43958999062339
9,52,21.638945814279463
9,53,19.725633480119892
9,54,16.335856282604293
9,55,12.76011674261637
9,56,13.441740253588788
9,57,17.183609181843526
9,58,18.999769975484575
9,59,22.748301232173677
9,60,25.628308513538204
9,61,28.177239780375224
9,62,26.62243778571951
9,63,23.77342916125756
9,64,24.130584522161207
9,65,27.325553906114624
9,66,28.17426219273623
9,67,31.98014493670757
9,68,32.4950860947135
9,69,31.812498407062353
9,70,35.03906104058157
9,71,34.65144247592407
9,72,31.433799633446657
9,73,30.508788979297158
9,74,27.586883433134624
9,75,26.308505031764717
9,76,23.22951091253094
9,77,25.86626749554245
9,78,24.235723108567715
9,79,25.161630538694805
9,80,23.110832933453366
9,81,23.15004046675656
9,82,20.829296037375627
9,83,18.03682565733031
9,84,18.48262065495685
9,85,17.304653737073806
9,86,14.850396383858179
9,87,13.85558005807373
9,88,11.670518421067005
9,89,13.651071663992786
9,90,16.414547137711672
9,91,14.401633566007897
9,92,12.393668943795594
9,93,15.900509012984118
9,94,17.642880937033627
9,95,15.186504172334057
9,96,15.982549564134699
9,97,19.64537268019877
9,98,19.47957309999124
9,99,18.095247085302713
9,100,20.809447265395647
9,101,23.388244425190045
9,102,25.25436706437143
9,103,23.27756951150724
9,104,20.000728266641215
9,105,17.125579389536977
9,106,20.083085260157144
9,107,20.452772086824226
9,108,17.907535785526516
9,109,20.34702726334876
9,110,17.882713327637727
9,111,15.9388989946985
9,112,19.4338849091288
9,113,20.66806043075581
9,114,17.82927301084492
9,115,15.280878065631606
9,116,17.64672258314788
9,117,19.26169343146648
9,118,17.341927412926406
9,119,15.339784666069656
9,120,11.849833843676489
9,121,10.908972838914206
9,122,11.37629702802958
9,123,8.151097172541231
9,124,6.245676106635905
9,125,9.671551289142169
9,126,10.769587916770542
9,127,8.010107055811522
10,1,15.521702210976285
10,2,14.341412596344055
10,3,10.6719000920342
10,4,10.007459626183612
10,5,8.728944940420568
10,6,6.225694661411205
10,7,5.495747478288624
10,8,5.428283574403558
10,9,3.8661479947636352
10,11,3.8684441655251223
10,12,5.489476641003242
10,13,5.11229215171875
10,14,6.370594838983461
10,15,8.790207110578253
10,16,10.132064197035833
10,17,10.055323826499853
10,18,9.944472876034974
10,19,13.756848948665885
10,20,14.79989839253853
10,21,18.51269631142054
10,22,18.323692103651002
10,23,15.742585197039856
10,24,13.145887603310278
10,25,9.487728745953515
10,26,11.041521507430671
10,27,13.615261589925433
10,28,11.510169417908454
10,29,9.887606845533718
10,30,13.559938227902295
10,31,15.073842256165326
10,32,13.54153928538609
10,33,14.661951872778333
10,34,18.19501629449784
10,35,18.59028470105058
10,36,17.703087996345776
10,37,16.64293417104839
10,38,13.356660474595202
10,39,15.836280448370918
10,40,15.711410033796191
10,41,19.504119470561847
10,42,20.43533965278555
10,43,23.543064195146307
10,44,25.77269202295422
10,45,29.334039114377468
10,46,31.162248080754722
10,47,34.954768267287285
10,48,35.09329364842021
10,49,34.5678583216255
10,50,30.901952220988946
10,51,27.66819349891295
10,52,23.972004485023955
10,53,21.621857077960772
10,54,18.090535691715164
10,55,14.880799579221424
10,56,15.886788511553885
10,57,19.652302722141112
10,58,21.09609508321088
10,59,24.94583110985823
10,60,27.4833484249017
10,61,30.181693544000108
10,62,28.51611415082323
10,63,25.356765715834584
10,64,25.42360317453017
10,65,28.46142530525569
10,66,29.414712365747125
10,67,33.17509259442832
10,68,34.06426030193635
10,69,33.64754841309447
10,70,36.90917737887169
10,71,36.500831896835194
10,72,33.08281863432161
10,73,31.983311280166212
10,74,28.787480900036837
10,75,27.48666952104495
10,76,24.127745539214715
10,77,26.387936304902507
10,78,24.6825959497363
10,79,25.76716280008602
10,80,24.163814150137377
10,81,23.80989962119884
10,82,21.079930871480336
10,83,18.85693828495408
10,84,19.327896923734954
10,85,17.407676804411103
10,86,14.645922031550189
10,87,13.10098285795765
10,88,11.682125944222028
10,89,13.073735655574795
10,90,16.449762476087496
10,91,15.306824720225679
10,92,13.094051346687158
10,93,16.18887313703549
10,94,18.615349692930163
10,95,16.744242568093977
10,96,17.041167885663306
10,97,20.765920841301703
10,98,21.276536814738485
10,99,20.09544788270334
10,100,22.369889968420843
10,101,25.292347424778292
10,102,27.47326952609477
10,103,25.87787200542853
10,104,22.465206307093936
10,105,19.962983613703866
10,106,23.193782231989317
10,107,23.316985773301155
10,108,21.04995721655039
10,109,23.761927420370178
10,110,21.501510630051385
10,111,19.535046803198806
10,112,23.00202256677624
10,113,24.427850543414525
10,114,21.670881027084395
10,115,19.03225494049835
10,116,21.17972566497702
10,117,22.68505233577173
10,118,20.859110740938682
10,119,18.59803553397665
10,120,15.2326891763724
10,121,13.697437637097108
10,122,14.357013989370726
10,123,11.548454932747687
10,124,8.831430565747707
10,125,11.568361672567532
10,126,11.780558535525877
10,127,8.208698282364978
11,1,13.23607347538482
11,2,12.856028609504977
11,3,9.712888961984161
11,4,10.482466303350282
11,5,9.946929764329909
11,6,8.655861594344639
11,7,6.429146543137906
11,8,4.999796450657292
11,9,5.607930474671103
11,10,3.8684441655251223
11,12,3.8636736979675903
11,13,5.492497477740069
11,14,5.23562788628547
11,15,6.388994112334789
11,16,8.976144668171148
11,17,9.217870541155525
11,18,10.575344917376164
11,19,14.328599026429167
11,20,14.335719300306826
11,21,18.042737879343118
11,22,18.635774077327397
11,23,16.054357177039535
11,24,14.273968163848446
11,25,10.673406628336329
11,26,12.553884973961836
11,27,14.19387629999294
11,28,11.209942738206143
11,29,10.193384538446212
11,30,14.017263231121454
11,31,14.55655391754641
11,32,12.449732438552061
11,33,14.304779887263212
11,34,17.710698054848937
11,35,17.304681534215337
11,36,16.119373176201695
11,37,15.75690919513413
11,38,12.145890963438609
11,39,13.887008498128983
11,40,12.956104621859431
11,41,16.745375032352943
11,42,18.024199287944782
11,43,20.923441132873478
11,44,23.438450075569193
11,45,26.839731312197756
11,46,28.85358688856205
11,47,32.68615570679585
11,48,32.68380487193346
11,49,31.848621266270182
11,50,28.147111449775288
11,51,24.910288549952778
11,52,21.35350030541929
11,53,18.69654145604329
11,54,15.186090565203967
11,55,12.418553065596916
11,56,13.602904848369484
11,57,17.254202520646555
11,58,18.366994940891374
11,59,22.240435476191944
11,60,24.45839335201235
11,61,27.310889897782225
11,62,25.731632817651594
11,63,22.385414541500552
11,64,22.127908621845595
11,65,25.00870479544842
11,66,25.968904169048827
11,67,29.688485277165555
11,68,30.77309248345503
11,69,30.534584562975475
11,70,33.82726344565045
11,71,33.49287880194044
11,72,29.966813293332038
11,73,28.914486365528244
11,74,25.5618155013238
11,75,24.485696335498492
11,76,20.968506066636415
11,77,22.966191599312495
11,78,21.069133546281023
11,79,22.09523551569776
11,80,20.66509978734291
11,81,20.18417204855751
11,82,17.317390551371442
11,83,15.312215214505706
11,84,15.927096798773567
11,85,13.817321898333018
11,86,11.307963447887273
11,87,9.362198282202392
11,88,7.955303761891872
11,89,9.333546901197144
11,90,12.764789976785842
11,91,11.958442005771255
11,92,10.072902655715007
11,93,13.125262864169587
11,94,15.606593466732859
11,95,14.297800751849946
11,96,14.871875330897723
11,97,18.38224507731728
11,98,19.102463491329964
11,99,18.548137998824913
11,100,20.773303568219788
11,101,23.606462058348875
11,102,26.16922571625889
11,103,24.67740964369357
11,104,21.463094535903497
11,105,19.113911179592247
11,106,22.357768930766248
11,107,21.853436802204858
11,108,19.74140486541716
11,109,22.724151553109486
11,110,20.832167039948644
11,111,19.183084532037878
11,112,22.763588114104827
11,113,24.368556108846313
11,114,22.01517267906182
11,115,19.617489759749525
11,116,21.728572988030407
11,117,23.79163539182999
11,118,22.347131570456856
11,119,20.637738368606943
11,120,16.982964537603145
11,121,16.183807855784796
11,122,16.971630643202854
11,123,13.713719016666447
11,124,11.709698940954304
11,125,14.897135767028516
11,126,15.33457702780184
11,127,11.858919665288207
12,1,15.08327954401383
12,2,14.402497127505642
12,3,11.41627071216872
12,4,12.11673938555892
12,5,10.50229205196892
12,6,9.87464660665604
12,7,8.865378441266268
12,8,6.054159494608362
12,9,5.239595473049048
12,10,5.489476641003242
12,11,3.8636736979675903
12,13,3.85560110004825
12,14,5.531457946507462
12,15,5.097959623757506
12,16,6.480564371103555
12,17,5.587734119271675
12,18,7.368063162626043
12,19,10.890824505601508
12,20,10.694924987678885
12,21,14.302404168270392
12,22,14.933179469038443
12,23,12.301759166418934
12,24,10.896087781298183
12,25,7.538325869801748
12,26,9.902173247165912
12,27,10.977445024898277
12,28,7.928770505223301
12,29,7.990754434499008
12,30,11.798716275935215
12,31,11.989416523744238
12,32,10.659653995342284
12,33,13.093717681448213
12,34,16.041678985873776
12,35,15.572130412669146
12,36,15.218404241434843
12,37,15.3422875226729
12,38,12.21535998802768
12,39,14.331415665972541
12,40,13.427324800158198
12,41,17.246801064545814
12,42,17.82226282058083
12,43,20.328411718750196
12,44,22.38536091703046
12,45,25.689715791642005
12,46,27.26053043426985
12,47,31.03111299932488
12,48,30.746245647731833
12,49,30.2229256683507
12,50,26.456420384838374
12,51,23.496135996016207
12,52,19.796991123217904
12,53,17.641521841805528
12,54,14.50438355544179
12,55,11.597981408330904
12,56,11.671369637114475
12,57,15.518150081231152
12,58,16.35026570953438
12,59,20.16700418222739
12,60,22.69016112367171
12,61,25.171296781112527
12,62,23.264950677077447
12,63,20.091479801800556
12,64,20.43480533342307
12,65,23.677520048926446
12,66,25.00981672455001
12,67,28.69508118741877
12,68,29.693050474397776
12,69,28.99042035126646
12,70,32.0675614370844
12,71,31.404418612801685
12,72,27.976620047268923
12,73,26.677660518992337
12,74,23.546421590736912
12,75,22.073342669564916
12,76,18.799220280575348
12,77,21.27699359652649
12,78,19.880226840575297
12,79,21.294973619692257
12,80,19.80410378471526
12,81,20.06025277751367
12,82,17.239095180841577
12,83,14.8072491976542
12,84,16.13511202750036
12,85,14.737053153903066
12,86,13.036844411555277
12,87,10.910301680343913
12,88,8.19267179579575
12,89,9.068070197594423
12,90,11.961655699678836
12,91,10.487423358170117
12,92,7.802490028035016
12,93,10.963902392340664
12,94,13.240945318663154
12,95,11.303916727063095
12,96,11.628571430511212
12,97,15.309090802656595
12,98,15.864555115769017
12,99,14.92808520564154
12,100,17.186853129603364
12,101,20.055320443146087
12,102,22.478864497771358
12,103,21.04137874989219
12,104,17.71882741338362
12,105,15.487250999876778
12,106,18.891117978773178
12,107,18.573198574933784
12,108,16.7365714373072
12,109,19.900473032315453
12,110,18.311032229007424
12,111,16.237380242889294
12,112,19.62126928566359
12,113,21.60490781807926
12,114,19.526078569539884
12,115,16.837980922784684
12,116,18.53045936530745
12,117,20.677031687833892
12,118,19.658487118632234
12,119,18.263036147274416
12,120,14.490472487536774
12,121,14.115180837771298
12,122,15.552154985846741
12,123,12.416908746891302
12,124,10.706093175213848
12,125,14.341265372684058
12,126,15.726737282849111
12,127,12.724404151300266
13,1,18.366700492267803
13,2,17.59774543550484
13,3,14.272261112169451
13,4,14.24757252288079
13,5,12.338081283980019
13,6,10.605697422828506
13,7,10.243856227418574
13,8,8.56282069386936
13,9,6.2890846585522375
13,10,5.11229215171875
13,11,5.492497477740069
13,12,3.85560110004825
13,14,3.8720282035179108
13,15,5.404362793550911
13,16,5.2535004882039384
13,17,5.620726978230272
13,18,5.602833760780747
13,19,9.432935884858221
13,20,10.123831643726753
13,21,13.96841088293033
13,22,14.147594658364353
13,23,12.161492293802945
13,24,10.125470275496486
13,25,7.198732012140662
13,26,10.309982080480411
13,27,12.109614101702007
13,28,9.993597180285498
13,29,10.212685492806852
13,30,13.89766016059745
13,31,14.682175915687973
13,32,13.969571675351176
13,33,16.082437625980337
13,34,19.024816161623928
13,35,18.953944770213948
13,36,18.843577005259743
13,37,18.675050657343817
13,38,15.628982085675501
13,39,17.977420239244644
13,40,17.186219033733185
13,41,21.019107459945193
13,42,21.65829053581868
13,43,24.17518499150378
13,44,26.16158548840718
13,45,29.446074270715375
13,46,30.88052788772571
13,47,34.61349541654083
13,48,34.198651730350925
13,49,33.78118336856111
13,50,29.990115993209134
13,51,27.160831816547066
13,52,23.455451657211633
13,53,21.399845338652845
13,54,18.335552492554328
13,55,15.437495563598679
13,56,15.297573422056605
13,57,19.163483238033653
13,58,19.791306914555758
13,59,23.53554755881413
13,60,26.065256998322816
13,61,28.338236845386568
13,62,26.130152412745577
13,63,22.970575712763882
13,64,23.557895320722185
13,65,26.86246923956732
13,66,28.44842788578398
13,67,32.05391889424911
13,68,33.216699549440456
13,69,32.414972612383195
13,70,35.35407489144898
13,71,34.44958060346076
13,72,31.009366102606133
13,73,29.389887663450146
13,74,26.281774923459515
13,75,24.432422697852573
13,76,21.214460179189146
13,77,23.668195087928733
13,78,22.626572682258
13,79,24.405458010554895
13,80,23.23617701060651
13,81,23.51404736051867
13,82,20.451568523582374
13,83,18.315544695110226
13,84,19.793227716340585
13,85,18.104664093995975
13,86,16.235192888452513
13,87,13.76640064338443
13,88,11.50920415230795
13,89,11.559834599467308
13,90,14.759084152822409
13,91,13.793987923863437
13,92,10.596760536167713
13,93,13.013988429781989
13,94,15.777993467384155
13,95,13.834753816193572
13,96,13.164916464460035
13,97,16.971121743266867
13,98,17.970663426189954
13,99,16.505636100277734
13,100,18.23521161398343
13,101,21.48511805752897
13,102,23.750250698786108
13,103,22.683851903145143
13,104,19.075876159819796
13,105,17.226018159225973
13,106,20.85518309378671
13,107,20.981825650311283
13,108,19.45951182241792
13,109,22.627949875903443
13,110,21.06059550665027
13,111,18.52058022973355
13,112,21.615697812069815
13,113,23.78029375742764
13,114,21.57024762680044
13,115,18.45693663511655
13,116,19.754853958979268
13,117,21.32861430930328
13,118,20.30862575699879
13,119,18.3943114660138
13,120,14.885970380897927
13,121,13.63058983269834
13,122,15.55671701739644
13,123,13.102915473805826
13,124,10.425673442967277
13,125,13.597371738791649
13,126,14.900993140701287
13,127,11.80110711880433
14,1,18.01797158856078
14,2,18.006281575735585
14,3,14.947879923554463
14,4,15.500319128336729
14,5,14.463955031312477
14,6,12.541349437794148
14,7,11.07178026892083
14,8,9.920965136412143
14,9,8.889689524558879
14,10,6.370594838983461
14,11,5.23562788628547
14,12,5.531457946507462
14,13,3.8720282035179108
14,15,3.8569557146857885
14,16,5.5538499240767285
14,17,7.805956288664738
14,18,8.765111916932016
14,19,12.30695243067401
14,20,12.237072728964057
14,21,16.103164281869187
14,22,16.930474331991167
14,23,15.32669165205232
14,24,13.734288924341294
14,25,10.988589463423057
14,26,14.077052068199691
