1,2,3.8104830255346487
1,3,5.2066883857518285
1,4,5.029367400171569
1,5,6.291782646331374
1,6,8.668997296748568
1,7,9.896517755949821
1,8,10.63356792742283
1,9,12.555213176138901
1,10,14.467969492897481
1,11,15.313684337832992
1,12,16.577026742362982
1,13,19.277345360741293
1,14,20.75441841445291
1,15,23.034946563266164
1,16,23.695948113001148
1,17,21.575077443346586
1,18,23.003191142594698
1,19,21.75553062509866
1,20,18.19848146452345
1,21,18.335794374560432
1,22,19.6408794141488
1,23,16.57432440221326
1,24,14.13322179734022
1,25,16.657582028058286
1,26,16.83991675193703
1,27,13.161634430139332
1,28,13.763111809515086
1,29,14.544187867947825
1,30,18.324299841956957
1,31,19.924630837616345
1,32,23.460832736646573
1,33,23.696482400341075
1,34,23.032208756566785
1,35,21.738848020232535
1,36,25.433277468027747
1,37,26.711035240933644
1,38,24.357869369020072
1,39,25.05295786857759
1,40,28.7651237705008
1,41,28.660866909988037
1,42,27.20365247150252
1,43,30.019308866629178
1,44,28.43934585666614
1,45,29.523368504882168
1,46,28.792694189689907
1,47,26.0837723363551
1,48,24.10226589833269
1,49,24.694058926011838
1,50,23.68279468052085
1,51,20.325199402345778
1,52,19.64594781936928
1,53,20.495588209539076
1,54,18.52051554113591
1,55,15.162394692249654
1,56,16.408688091396566
1,57,17.31826965797074
1,58,14.182484174183507
1,59,11.959741095895119
1,60,14.713806807440248
1,61,14.86543190718999
1,62,11.265167473037861
1,63,11.55385240586916
1,64,14.928754808452474
1,65,13.703715044539305
1,66,11.11093638120501
2,1,3.8104830255346487
2,3,3.8134664739636044
2,4,5.394477425756782
2,5,4.944943791639264
2,6,6.090289444787318
2,7,8.54821882096782
2,8,9.781091497766054
2,9,10.609938797378641
2,10,12.484557867312573
2,11,14.203686120165564
2,12,15.28657715709796
2,13,17.47525233833076
2,14,19.48188669896629
2,15,22.104246306326758
2,16,23.284851225575338
2,17,21.731127539388027
2,18,23.152335066547813
2,19,21.332326635720236
2,20,17.942509477582963
2,21,18.70924390404383
2,22,19.530919897605777
2,23,16.051306869723014
2,24,14.418509364047774
2,25,17.157435974140405
2,26,16.56816537317729
2,27,12.940733797550573
2,28,14.476489822291922
2,29,15.204582280992726
2,30,18.837466434068006
2,31,20.264141378914786
2,32,23.795604765053056
2,33,23.57901266408639
2,34,22.32568851509365
2,35,20.82836899818986
2,36,24.37928922381356
2,37,26.14092369210472
2,38,24.081261581803535
2,39,24.38817665696327
2,40,28.12725346484852
2,41,28.510986484586617
2,42,27.017967657654022
2,43,29.926629488443517
2,44,28.30166472028879
2,45,28.902450283935202
2,46,27.69378210673938
2,47,24.969232304774664
2,48,23.410273259866592
2,49,23.73341390004551
2,50,22.21208996868142
2,51,19.068975481549234
2,52,18.816606014963746
2,53,19.124675138172375
2,54,16.649275583049683
2,55,13.757283858016045
2,56,15.30215294494002
2,57,15.46071571865815
2,58,11.94241702069988
2,59,10.578526491304771
2,60,13.37635189851555
2,61,12.687892285466319
2,62,9.08181899010025
2,63,10.541041114685994
2,64,13.499206523594836
2,65,11.786488265393967
2,66,10.050689040953566
3,1,5.2066883857518285
3,2,3.8134664739636044
3,4,3.8227461012522146
3,5,5.432067377766742
3,6,5.233108163375338
3,7,6.200507855806844
3,8,8.612487341595356
3,9,10.047549452081185
3,10,10.819101228317166
3,11,12.33720898804102
3,12,14.299425767475523
3,13,16.21997721865435
3,14,17.710716929845006
3,15,20.594861352635508
3,16,21.408700628009704
3,17,19.7679840336718
3,18,20.663613179670175
3,19,18.76582845567228
3,20,15.609334959304583
3,21,16.001688037607934
3,22,16.409435223758848
3,23,12.991099089984795
3,24,11.340012526891272
3,25,13.727426094477073
3,26,12.920194679530061
3,27,9.230702798827474
3,28,10.842974477186496
3,29,11.603967817278816
3,30,15.18767005701377
3,31,16.808277279514623
3,32,20.223178325284945
3,33,19.860547331085478
3,34,18.648933477948063
3,35,17.1284581894775
3,36,20.733341074898103
3,37,22.376434582640176
3,38,20.28644111417066
3,39,20.711540823098044
3,40,24.42958788863835
3,41,24.78300906478068
3,42,23.43191358911789
3,43,26.46267610110306
3,44,25.07199415814479
3,45,25.764477928179158
3,46,24.678386078762433
3,47,22.21084680365194
3,48,20.364022674476153
3,49,20.448549384589427
3,50,19.22286706755158
3,51,16.161207178570198
3,52,15.449863687437157
3,53,15.747686387747116
3,54,13.66207403029091
3,55,10.49834659802977
3,56,11.670402441741079
3,57,12.187786460665997
3,58,8.980600464625693
3,59,6.999653693403777
3,60,10.00543553054492
3,61,10.048182063044914
3,62,6.755793323077949
3,63,7.9136863893271645
3,64,11.299658674635786
3,65,10.6246314485447
3,66,9.271323842867238
4,1,5.029367400171569
4,2,5.394477425756782
4,3,3.8227461012522146
4,5,3.8183286007711326
4,6,5.564127482591247
4,7,5.2186626048365135
4,8,6.155464224302446
4,9,8.740399903542395
4,10,10.042829116819581
4,11,10.477984268869493
4,12,12.238179513646875
4,13,14.8547242977581
4,14,15.963260154054344
4,15,18.361207519988294
4,16,18.906651133400395
4,17,16.90869198498934
4,18,18.17883037018503
4,19,16.756086732577593
4,20,13.253718925162197
4,21,13.571096304854084
4,22,14.774391647580465
4,23,11.628306812431505
4,24,9.410962084390814
4,25,12.345480312690354
4,26,12.508864649674035
4,27,9.100805715895913
4,28,10.460807220444302
4,29,12.276825301344436
4,30,15.975323398281267
4,31,18.264055580854265
4,32,21.426183561435156
4,33,21.004146975806428
4,34,20.085834994984577
4,35,18.177002461252727
4,36,21.691903295678213
4,37,23.1642321173915
4,38,20.556283903253057
4,39,20.813577593126784
4,40,24.587795442674192
4,41,24.479413201183277
4,42,22.70099348008087
4,43,25.376117888436625
4,44,23.612636784536946
4,45,24.58625091513843
4,46,23.85734221275086
4,47,21.08771628749471
4,48,19.13395789520343
4,49,19.903768237547805
4,50,18.905001633808386
4,51,15.43136318704174
4,52,14.922139514883419
4,53,16.110065379172
4,54,14.169086789399499
4,55,10.709142230880625
4,56,12.495565437801158
4,57,13.879445292233054
4,58,10.965155944428766
4,59,8.985762595185022
4,60,12.4608650908515
4,61,13.169721602040713
4,62,10.28984484811165
4,63,11.146636831637174
4,64,14.752031203020838
4,65,14.400781067564598
4,66,12.81260057867118
5,1,6.291782646331374
5,2,4.944943791639264
5,3,5.432067377766742
5,4,3.8183286007711326
5,6,3.7745427049161897
5,7,5.478511253883729
5,8,5.146207443770924
5,9,6.329655207094068
5,10,8.824072058746168
5,11,9.924715436319586
5,12,10.59370076733282
5,13,13.220803284274877
5,14,15.114309585688863
5,15,17.42616130073452
5,16,18.686054407330275
5,17,17.250967274757173
5,18,19.063218496125362
5,19,17.32763826055667
5,20,13.782356337610686
5,21,15.061687649216148
5,22,16.32401941748611
5,23,12.909407950876027
5,24,11.556004847452147
5,25,14.953087342928375
5,26,14.778216889063229
5,27,11.680643745001358
5,28,13.76141145643691
5,29,15.666449179262784
5,30,19.252342391262033
5,31,21.4515157332086
5,32,24.59529354848769
5,33,23.846037956662627
5,34,22.471708933143546
5,35,20.2501244794504
5,36,23.544993293809007
5,37,25.479280742555765
5,38,22.9946032687045
5,39,22.73328043847873
5,40,26.538503472455115
5,41,26.738045186228742
5,42,24.68136401623526
5,43,27.18486113678212
5,44,25.08005537892384
5,45,25.608660574020615
5,46,24.47344543287483
5,47,21.39288533532599
5,48,20.067438334983724
5,49,21.00801993471525
5,50,19.38455272110271
5,51,15.937990613885328
5,52,16.3070790194787
5,53,17.269337989821476
5,54,14.622099339553058
5,55,11.766024401861804
5,56,14.296601623643738
5,57,15.017041971639788
5,58,11.640838782988942
5,59,10.828081723979837
5,60,14.412849314478224
5,61,14.251824872138751
5,62,11.364285301197274
5,63,13.236436712668286
5,64,16.443490439073525
5,65,15.416703387952701
5,66,14.254583656418102
6,1,8.668997296748568
6,2,6.090289444787318
6,3,5.233108163375338
6,4,5.564127482591247
6,5,3.7745427049161897
6,7,3.834062426776782
6,8,5.454890710205782
6,9,5.185623790428294
6,10,6.466096460921822
6,11,8.787059663474066
6,12,9.97372906174517
6,13,11.597465168625574
6,14,13.76577719778023
6,15,16.696901943822628
6,16,18.236649924173868
6,17,17.356030685052268
6,18,18.7032303951054
6,19,16.327083180376007
6,20,13.237900689089363
6,21,14.84214075094576
6,22,15.238351018193608
6,23,11.498188963426124
6,24,11.105210611825632
6,25,14.271529682882997
6,26,13.168042428527137
6,27,10.282362327012843
6,28,13.134401862601305
6,29,14.823916228313553
6,30,18.087975737821797
6,31,20.105706902666338
6,32,23.121699606807866
6,33,21.956586554195635
6,34,20.100625945466103
6,35,17.7416150220313
6,36,20.866580212604322
6,37,23.167958036486283
6,38,21.020206427896074
6,39,20.484174546068772
6,40,24.25060178400199
6,41,24.919574696579698
6,42,22.99259901309056
6,43,25.6751948388019
6,44,23.74842205861119
6,45,23.84912327056997
6,46,22.291695432124357
6,47,19.409237708209787
6,48,18.343798918722584
6,49,18.779356121156308
6,50,16.792883221988273
6,51,13.681711071852254
6,52,14.223125706708935
6,53,14.527981303561312
6,54,11.539428698827262
6,55,9.156455514231496
6,56,11.803686143529651
6,57,11.86911753353149
6,58,8.330256944790984
6,59,8.448468047352112
6,60,11.952069359767114
6,61,11.355353210837558
6,62,9.029164071095966
6,63,11.659929181908312
6,64,14.430591597982296
6,65,13.58360520553467
6,66,13.352977857395139
7,1,9.896517755949821
7,2,8.54821882096782
7,3,6.200507855806844
7,4,5.2186626048365135
7,5,5.478511253883729
7,6,3.834062426776782
7,8,3.810178972387785
7,9,5.421556523449556
7,10,5.11240029060193
7,11,6.178369441059223
7,12,8.5960309993626
7,13,10.345394515942473
7,14,11.523011157254137
7,15,14.493105820882471
7,16,15.425708069148754
7,17,14.238157682000727
7,18,15.212317897757016
7,19,12.958260706814794
7,20,9.868845110932678
7,21,11.125565620649288
7,22,11.486149149821182
7,23,7.810520878325394
7,24,7.310054026391438
7,25,10.558252972019526
7,26,9.73052222241097
7,27,7.1605362645756445
7,28,10.15880372177655
7,29,12.52068026525858
7,30,15.633338349067282
7,31,18.167550828689382
7,32,20.85698699840135
7,33,19.517738039922925
7,34,17.89175348037541
7,35,15.258514937605941
7,36,18.353995701234492
7,37,20.425469306272483
7,38,17.92512760578935
7,39,17.36552458010093
7,40,21.164214384559088
7,41,21.521592407840867
7,42,19.450483101101245
7,43,22.05731170896178
7,44,20.123701046049554
7,45,20.49322486866297
7,46,19.285893443003825
7,47,16.455068654259318
7,48,14.964832033339004
7,49,15.602379542793763
7,50,14.081865944467019
7,51,10.683562082074124
7,52,10.879938197090228
7,53,11.8420648361897
7,54,9.397413849378616
7,55,6.373646664883715
7,56,9.254258352504388
7,57,10.380952602205264
7,58,7.626611127890879
7,59,7.186037053869709
7,60,10.974712588497974
7,61,11.545961533913902
7,62,9.893866629131454
7,63,11.80878200652525
7,64,14.878406090814822
7,65,15.000413873048082
7,66,14.7314178198016
8,1,10.63356792742283
8,2,9.781091497766054
8,3,8.612487341595356
8,4,6.155464224302446
8,5,5.146207443770924
8,6,5.454890710205782
8,7,3.810178972387785
8,9,3.8207465215992475
8,10,5.398025127245246
8,11,5.004304979638643
8,12,6.090846600242455
8,13,9.00720282298063
8,14,10.229046981075923
8,15,12.459810315594448
8,16,13.561873837591966
8,17,12.292867835225598
8,18,14.149644048297365
8,19,12.346112063554596
8,20,8.795536557817949
8,21,10.639181873260448
8,22,12.051045498456448
8,23,8.851813067703874
8,24,8.205779744063218
8,25,11.976234195458314
8,26,12.078813060903391
8,27,10.038976699952661
8,28,12.589738496256288
8,29,15.444442669076999
8,30,18.615333945284807
8,31,21.43176793430684
8,32,24.00967808367397
8,33,22.685605055064464
8,34,21.227001263915582
8,35,18.384214725393477
8,36,21.263150743939146
8,37,23.277352387872977
8,38,20.4770850735435
8,39,19.645422227032878
8,40,23.39169045149311
8,41,23.433994650564596
8,42,20.9071664387165
8,43,23.01713874885333
8,44,20.559874408891417
8,45,21.002230854906657
8,46,19.990202216314547
8,47,16.704164950538445
8,48,15.509851807703589
8,49,16.978677537827686
8,50,15.426901734085739
8,51,11.775659748713029
8,52,12.676390434461227
8,53,14.325007128288902
8,54,11.869072198777376
8,55,9.256258728061187
8,56,12.497474457541314
8,57,13.865982621176205
8,58,11.246450415188548
8,59,10.967062458182268
8,60,14.762070177477
8,61,15.292578147547141
8,62,13.434977741591618
8,63,15.32415228773983
8,64,18.51854091241647
8,65,18.346391473617153
8,66,17.745200754849247
9,1,12.555213176138901
9,2,10.609938797378641
9,3,10.047549452081185
9,4,8.740399903542395
9,5,6.329655207094068
9,6,5.185623790428294
9,7,5.421556523449556
9,8,3.8207465215992475
9,10,3.831317207999516
9,11,5.497578731557467
9,12,5.095627747628601
9,13,7.051908970925737
9,14,9.603331278407193
9,15,12.122365235560913
9,16,14.208539615983105
9,17,13.953233822729372
9,18,15.901159420029536
9,19,13.486527933902176
9,20,10.491706112024245
9,21,13.165683974889049
9,22,13.972424726033633
9,23,10.581549619734336
9,24,11.103819379093498
9,25,14.708785432814285
9,26,14.033000913285226
9,27,12.241012525653991
9,28,15.361482165240233
9,29,17.916897817100775
9,30,20.91384911510982
9,31,23.4593665704644
9,32,26.027451810738516
9,33,24.372946731078045
9,34,22.388232674062362
9,35,19.38073047665432
9,36,21.96972891697508
9,37,24.486241734410857
9,38,22.047487672598937
9,39,20.75296051885435
9,40,24.4273207861854
9,41,24.98974760098411
9,42,22.422406790379572
9,43,24.49449206704694
9,44,21.94891567054171
9,45,21.738190623578504
9,46,20.103815146081196
9,47,16.72959506136658
9,48,16.344192765797985
9,49,17.568373827501187
9,50,15.25365744265324
9,51,12.010851092011547
9,52,13.755756334796589
9,53,14.700108763694068
9,54,11.531797728372995
9,55,9.950685901954335
9,56,13.532045041236392
9,57,13.956511426178446
9,58,11.088406590412307
9,59,11.997758110001874
9,60,15.600736351260496
9,61,15.301242267912926
9,62,13.727605797286383
9,63,16.40049480506009
9,64,19.101338046127605
9,65,18.52344920506643
9,66,18.517798000777088
10,1,14.467969492897481
10,2,12.484557867312573
10,3,10.819101228317166
10,4,10.042829116819581
10,5,8.824072058746168
10,6,6.466096460921822
10,7,5.11240029060193
10,8,5.398025127245246
10,9,3.831317207999516
10,11,3.8032295689170748
10,12,5.36597615854593
10,13,5.607211223129545
10,14,7.6002389137196475
10,15,10.954590209952588
10,16,12.82894753045584
10,17,12.94299527496783
10,18,14.083875952977117
10,19,11.089913529111742
10,20,8.761682643884711
10,21,11.4915245761411
10,22,11.350349659246373
10,23,7.874088579412386
10,24,9.507265366456009
10,25,12.649183751518779
10,26,11.333975110723241
10,27,10.26799918372596
10,28,13.795219993604377
10,29,16.365452088135086
10,30,18.8836429842347
10,31,21.468889625145977
10,32,23.684321718482742
10,33,21.630596868933267
10,34,19.412574068748924
10,35,16.168963722733437
10,36,18.472348027249858
10,37,21.15950528291392
10,38,18.860394738766516
10,39,17.265874261500752
10,40,20.86884585439428
10,41,21.676006344415867
10,42,19.15763857403792
10,43,21.321704526384405
10,44,18.96053430130693
10,45,18.482023191597996
10,46,16.62689824154968
10,47,13.462271746071377
10,48,13.122328100420779
10,49,13.973643429656628
10,50,11.507188633213884
10,51,8.419454639270642
10,52,10.372655296456033
10,53,11.062185217338293
10,54,7.851865149615348
10,55,6.8533447651304185
10,56,10.613328536984977
10,57,11.004668634814255
10,58,8.815273297837573
10,59,10.32083367230362
10,60,13.638544866113266
10,61,13.644511325765281
10,62,12.982048493182743
10,63,15.62035675383699
10,64,18.03810476546916
10,65,18.108554052140256
10,66,18.64656066923172
11,1,15.313684337832992
11,2,14.203686120165564
11,3,12.33720898804102
11,4,10.477984268869493
11,5,9.924715436319586
11,6,8.787059663474066
11,7,6.178369441059223
11,8,5.004304979638643
11,9,5.497578731557467
11,10,3.8032295689170748
11,12,3.811981682548864
11,13,5.334562636282228
11,14,5.493061648651268
11,15,8.329431640348234
11,16,9.523293550302379
11,17,9.193440647728595
11,18,10.57622915242036
11,19,8.009820629194984
11,20,5.173114064925049
11,21,8.21245423683162
11,22,8.84784550751169
11,23,6.01017011110987
11,24,7.503665567205021
11,25,10.825354024107337
11,26,10.542386865653638
11,27,10.109163047548696
11,28,13.130526045417207
11,29,16.327480319857802
11,30,18.76444400668481
11,31,21.824972759871223
11,32,23.76560551751241
11,33,21.758139610488556
11,34,19.999136758853094
11,35,16.61309943063342
11,36,18.807361844185547
11,37,21.077404798044775
11,38,18.28134827860721
11,39,16.66203821379436
11,40,20.21186348469942
11,41,20.4189536585494
11,42,17.51329918709563
11,43,19.264339301265913
11,44,16.54303009971396
11,45,16.505237172745318
11,46,15.282379400612344
11,47,11.839184042717642
11,48,11.118432687730287
11,49,12.887416369763073
11,50,11.122716442972507
11,51,7.532475880796902
11,52,9.458023093202465
11,53,11.402147382524214
11,54,9.157901043274828
11,55,7.700585352289385
11,56,11.33173293048735
11,57,12.824349135932616
11,58,11.274261834382738
11,59,11.933668159585876
11,60,15.347340283845554
11,61,16.16387065950251
11,62,15.44289512515392
11,63,17.463926681705434
11,64,20.25586583896565
11,65,20.700241282220016
11,66,20.806040781830625
12,1,16.577026742362982
12,2,15.28657715709796
12,3,14.299425767475523
12,4,12.238179513646875
12,5,10.59370076733282
12,6,9.97372906174517
12,7,8.5960309993626
12,8,6.090846600242455
12,9,5.095627747628601
12,10,5.36597615854593
12,11,3.811981682548864
12,13,3.8450528205770538
12,14,5.389686119002292
12,15,7.1343375884920865
12,16,9.460865396053208
12,17,9.840514271498847
12,18,12.20582694279227
12,19,10.003479546232786
12,20,7.464677817785607
12,21,10.938910400879177
12,22,12.106843186368078
12,23,9.719037659165394
12,24,10.992942769359383
12,25,14.437681745217377
12,26,14.352649722494304
12,27,13.764919237505923
12,28,16.719226754321816
12,29,19.898895923573594
12,30,22.493395752980852
12,31,25.504116041278547
12,32,27.543372392254003
12,33,25.539977537229877
12,34,23.673209790092194
12,35,20.247415829404932
12,36,22.28522347150056
12,37,24.714282232079793
12,38,21.97768500914395
12,39,20.13951631683177
12,40,23.5690810868909
12,41,23.827514656597394
12,42,20.728918431683653
12,43,22.09679469995664
12,44,19.035695444100817
12,45,18.711165813052983
12,46,17.323076953593922
12,47,13.606433502921966
12,48,13.695645726755991
12,49,15.802873213738208
12,50,13.66794830682032
12,51,10.4720407102235
12,52,12.993870733796397
12,53,14.751763971089414
12,54,12.15676802490349
12,55,11.20628326097942
12,56,14.948117980025097
12,57,16.00491830133867
12,58,14.080067544001384
12,59,15.067348851103704
12,60,18.574124080322033
12,61,18.88960975923483
12,62,17.887103584477387
12,63,20.26389714736685
12,64,23.02305363541095
12,65,22.970540818136925
12,66,23.026402742341325
13,1,19.277345360741293
13,2,17.47525233833076
13,3,16.21997721865435
13,4,14.8547242977581
13,5,13.220803284274877
13,6,11.597465168625574
13,7,10.345394515942473
13,8,9.00720282298063
13,9,7.051908970925737
13,10,5.607211223129545
13,11,5.334562636282228
13,12,3.8450528205770538
13,14,3.8269235290633667
13,15,6.530385350392155
13,16,9.567589001599632
13,17,11.17461116303633
13,18,12.80480370964754
13,19,9.8477503290795
13,20,8.62870350532823
13,21,12.336827602670386
13,22,12.439239841933958
13,23,10.219104870669078
13,24,12.624799436308207
13,25,15.564148479559437
13,26,14.728760273480939
13,27,14.753706946641003
13,28,18.086287859187554
13,29,21.06492680193483
13,30,23.236955490051958
13,31,26.0857153583941
13,32,27.84987388885937
13,33,25.415122450794442
13,34,23.131998130820147
13,35,19.521170483557043
13,36,21.035360139652923
13,37,23.840715390008352
13,38,21.47320221531329
13,39,19.112340731540563
13,40,22.3069718015111
13,41,23.05792614124535
13,42,19.974499008467927
13,43,21.253297414350794
13,44,18.26493895811208
13,45,17.19445259494911
13,46,15.1677201171447
13,47,11.547756221297927
13,48,12.546936343685358
13,49,14.26833583055651
13,50,11.511795565513772
13,51,9.083648517996734
13,52,12.36730265343637
13,53,13.497297203161327
13,54,10.749548248593547
13,55,11.067164254304165
13,56,14.76129749145887
13,57,15.246027067521723
13,58,13.819097050900945
13,59,15.647377795493806
13,60,18.742363461918988
13,61,18.793362738957335
13,62,18.489112637018163
13,63,21.16750204349623
13,64,23.456035233034687
13,65,23.559492953184222
13,66,24.225642934645197
14,1,20.75441841445291
14,2,19.48188669896629
14,3,17.710716929845006
14,4,15.963260154054344
14,5,15.114309585688863
14,6,13.76577719778023
14,7,11.523011157254137
14,8,10.229046981075923
14,9,9.603331278407193
14,10,7.6002389137196475
14,11,5.493061648651268
14,12,5.389686119002292
14,13,3.8269235290633667
14,15,3.831202602166364
14,16,6.091328978108435
14,17,8.06141929332789
14,18,9.2613665381169
14,19,6.33979571623623
14,20,6.0735349728832215
14,21,9.769992176986488
14,22,9.829743555886335
14,23,8.681151087270822
14,24,11.388017911749
14,25,13.82786834105283
14,26,13.472059976602027
14,27,14.32779307034007
14,28,17.28769029816907
14,29,20.560020223407523
14,30,22.378006304770143
14,31,25.516001551226182
14,32,26.87198411363024
14,33,24.33282813213753
14,34,22.35042777005525
14,35,18.62371402455481
14,36,19.840542859213308
14,37,22.319291628694533
14,38,19.68875320597512
14,39,17.176185194770294
14,40,20.171686084823342
14,41,20.53051162941794
14,42,17.174802683245513
14,43,18.03374758938931
14,44,14.81114647304676
14,45,13.905619263394533
14,46,12.360770669527366
14,47,8.557174367984992
14,48,9.467035858973336
14,49,11.878816124640322
14,50,9.790889208111246
14,51,7.363525164006402
14,52,10.663503928431785
14,53,12.571759025606866
14,54,10.80360338895998
14,55,11.097390372673372
14,56,14.462570699880073
14,57,15.681009378294625
14,58,14.9882460881218
14,59,16.38404909701392
14,60,19.33787163106973
14,61,20.083068493013403
14,62,20.04257179054012
14,63,22.2380555070346
14,64,24.663501652518814
14,65,25.291493941336075
14,66,25.833371083235942
15,1,23.034946563266164
15,2,22.104246306326758
15,3,20.594861352635508
15,4,18.361207519988294
15,5,17.42616130073452
15,6,16.696901943822628
15,7,14.493105820882471
15,8,12.459810315594448
15,9,12.122365235560913
15,10,10.954590209952588
15,11,8.329431640348234
15,12,7.1343375884920865
15,13,6.530385350392155
15,14,3.831202602166364
15,16,3.803609071513999
15,17,6.803212667620427
15,18,8.796906957785003
15,19,7.227314901577052
15,20,7.428469513832162
15,21,10.82912809855384
15,22,11.700751278304852
15,23,11.440766029101901
15,24,13.632321509318569
15,25,15.984225852769374
15,26,16.32883752751012
15,27,17.32518055884329
15,28,19.89718507604346
15,29,23.39860861915287
15,30,25.21474265028631
15,31,28.545187239684555
15,32,29.769218187889894
15,33,27.301764725569313
15,34,25.575351150321524
15,35,21.852595059030655
15,36,22.904087414355356
15,37,25.127957750447887
15,38,22.30529681159068
15,39,19.76455709132435
15,40,22.497339991185676
15,41,22.44753269719954
15,42,18.838414195952968
15,43,19.000308298669587
15,44,15.39320655946378
15,45,14.663422771549731
15,46,13.710237411355582
15,47,9.967073401602823
15,48,11.125737349363641
15,49,14.198888789293214
15,50,12.659304876273477
15,51,10.557411378709187
15,52,13.606250303031706
15,53,15.931344240568489
15,54,14.524672077958803
15,55,14.640213235186286
15,56,17.89991345521105
15,57,19.395708579187364
15,58,18.703994095195288
15,59,19.84123146325353
15,60,22.8987062499003
15,61,23.785620403063383
15,62,23.55072291876813
15,63,25.62411245746813
15,64,28.23131537244395
15,65,28.81318870402174
15,66,29.114003145383737
16,1,23.695948113001148
16,2,23.284851225575338
16,3,21.408700628009704
16,4,18.906651133400395
16,5,18.686054407330275
16,6,18.236649924173868
16,7,15.425708069148754
16,8,13.561873837591966
16,9,14.208539615983105
16,10,12.82894753045584
16,11,9.523293550302379
16,12,9.460865396053208
16,13,9.567589001599632
16,14,6.091328978108435
16,15,3.803609071513999
16,17,3.8676123225401224
16,18,5.439859503659658
16,19,5.273341270210422
16,20,6.336869915203083
16,21,8.730790430177825
16,22,9.946337927847296
16,23,10.85067299222057
16,24,12.67558683580575
16,25,14.425682378050421
16,26,15.440606837464738
16,27,16.91439534739546
16,28,18.90501601751604
16,29,22.553965959264218
16,30,24.102828633810805
16,31,27.634184015417254
16,32,28.55431441050151
16,33,26.19764565757424
16,34,24.916819060366375
16,35,21.297901025617367
16,36,22.26068226944956
16,37,23.98374996557915
16,38,20.891290259697048
16,39,18.546356234491814
16,40,21.081319360223347
16,41,20.453578725773504
16,42,16.725395127110474
16,43,16.486122611438244
16,44,12.736957968468477
16,45,12.707870308959897
16,46,12.744637629445496
16,47,9.311315528375287
16,48,9.622065572905335
16,49,13.223769618064908
16,50,12.730758478442523
16,51,10.638512831786047
16,52,12.935080063866607
16,53,15.887682211600149
16,54,15.317777559495607
16,55,15.06395645448834
16,56,17.855014971910006
16,57,19.979147119395307
16,58,19.710119722633134
16,59,20.301508794088296
16,60,23.22654303899333
16,61,24.68929007487111
16,62,24.515401742009516
16,63,26.089213387021996
16,64,28.85150587126301
16,65,29.822589859129266
16,66,29.898985677375233
17,1,21.575077443346586
17,2,21.731127539388027
17,3,19.7679840336718
17,4,16.90869198498934
17,5,17.250967274757173
17,6,17.356030685052268
17,7,14.238157682000727
17,8,12.292867835225598
17,9,13.953233822729372
17,10,12.94299527496783
17,11,9.193440647728595
17,12,9.840514271498847
17,13,11.17461116303633
17,14,8.06141929332789
17,15,6.803212667620427
17,16,3.8676123225401224
17,18,3.8038847655054275
17,19,5.341718606416928
17,20,4.90422528369632
17,21,6.062466275470608
17,22,8.551789013352053
17,23,9.701412344374857
17,24,10.409088577408545
17,25,12.138268123571258
17,26,13.98509122173108
17,27,15.187867567337857
17,28,16.58938590537451
17,29,20.36308387850427
17,30,22.080658553296235
17,31,25.749970072810015
17,32,26.784915511721657
17,33,24.838062590409525
17,34,24.02131373989839
17,35,20.649612979405962
17,36,22.06872008921935
17,37,23.347556685723134
17,38,19.929285676004223
17,39,18.211166216905717
17,40,20.95332596423469
17,41,19.807722653888526
17,42,16.212815837137313
17,43,16.251410902500236
17,44,12.709496913678398
17,45,13.743398355522741
17,46,14.433785246300646
17,47,11.248458808307744
17,48,10.183530234674413
17,49,13.785059678071173
17,50,13.923500705160405
17,51,11.20278793978856
17,52,12.512043724881481
17,53,15.946412227114214
17,54,15.639808595995374
17,55,14.47885456131838
17,56,17.01346638091145
17,57,19.6674253080308
17,58,19.261751850033903
17,59,19.125704873572168
17,60,22.15417741905296
17,61,23.992606942637817
17,62,23.473407008427294
17,63,24.596750214830134
17,64,27.65030886969127
17,65,28.711492279322304
17,66,28.352026937549603
18,1,23.003191142594698
18,2,23.152335066547813
18,3,20.663613179670175
18,4,18.17883037018503
18,5,19.063218496125362
18,6,18.7032303951054
18,7,15.212317897757016
18,8,14.149644048297365
18,9,15.901159420029536
18,10,14.083875952977117
18,11,10.57622915242036
18,12,12.20582694279227
18,13,12.80480370964754
18,14,9.2613665381169
18,15,8.796906957785003
18,16,5.439859503659658
18,17,3.8038847655054275
18,19,3.783573312280588
18,20,5.5084089283123285
18,21,5.131366464569591
18,22,6.376747105908749
18,23,8.887740460515115
18,24,10.04208179947019
18,25,10.587373966131779
18,26,12.380117305726472
18,27,14.44410712562386
18,28,15.56624598811525
18,29,19.201449970786054
18,30,20.31354877258617
18,31,23.990211076184035
18,32,24.548175010123973
18,33,22.416744252286897
18,34,21.758942603087835
18,35,18.445887384841434
18,36,19.468769897204815
18,37,20.457885044881678
18,38,17.047594477039596
18,39,15.25978460202608
18,40,17.684251916176525
18,41,16.31545571214544
18,42,12.667566585863439
18,43,12.483497859144254
18,44,8.973095026290359
18,45,10.419543713715766
18,46,11.724532114305427
18,47,9.1738798429708
18,48,7.399431939594661
18,49,11.058216663126634
18,50,12.064540313793866
18,51,9.930518097799029
18,52,10.599884356147973
18,53,14.179154215073021
18,54,14.75271687498365
18,55,13.901871121393963
18,56,15.775063182978883
18,57,18.659015074225234
18,58,18.984493049664398
18,59,18.79153503939598
18,60,21.34435054671498
18,61,23.558768857641365
18,62,23.5432158098454
18,63,24.36361361743696
18,64,27.198450785972813
18,65,28.73740495735054
18,66,28.595134757851774
19,1,21.75553062509866
19,2,21.332326635720236
19,3,18.76582845567228
19,4,16.756086732577593
19,5,17.32763826055667
19,6,16.327083180376007
19,7,12.958260706814794
19,8,12.346112063554596
19,9,13.486527933902176
19,10,11.089913529111742
19,11,8.009820629194984
19,12,10.003479546232786
19,13,9.8477503290795
19,14,6.33979571623623
19,15,7.227314901577052
19,16,5.273341270210422
19,17,5.341718606416928
19,18,3.783573312280588
19,20,3.8254972899063904
19,21,5.289801071041191
19,22,4.907333896668409
19,23,6.4582265579354505
19,24,8.891810944116516
19,25,9.873097602338179
19,26,10.520206346224816
19,27,12.603988933194062
19,28,14.540094509257415
19,29,18.022475109408497
19,30,19.198255222519315
19,31,22.68101672112003
19,32,23.416605493713508
19,33,20.96100383737668
19,34,19.726818802924452
19,35,16.153840021673012
19,36,17.16156787042791
19,37,18.759596569088174
19,38,15.633161190864632
19,39,13.397599292028827
19,40,16.142347905900824
19,41,15.569358835148103
19,42,11.967717163459227
19,43,12.497368525704193
19,44,9.156125401626394
19,45,9.479872161964607
19,46,9.571284044871696
19,47,6.411554235749768
19,48,5.016943393959306
19,49,8.519065913221901
19,50,8.677745370978858
19,51,6.3563280801048645
19,52,7.871508960121083
19,53,11.117915829524687
19,54,11.304686737949943
19,55,10.96947801243924
19,56,13.17539910034035
19,57,15.627124753294588
19,58,15.976209157113514
19,59,16.347338610559422
19,60,18.866626076086884
19,61,20.744571893946446
19,62,20.99394670670308
19,63,22.207953427848757
19,64,24.794839870839084
19,65,26.24647327504131
19,66,26.497531849405018
20,1,18.19848146452345
20,2,17.942509477582963
20,3,15.609334959304583
20,4,13.253718925162197
20,5,13.782356337610686
20,6,13.237900689089363
20,7,9.868845110932678
20,8,8.795536557817949
20,9,10.491706112024245
20,10,8.761682643884711
20,11,5.173114064925049
20,12,7.464677817785607
20,13,8.62870350532823
20,14,6.0735349728832215
20,15,7.428469513832162
20,16,6.336869915203083
20,17,4.90422528369632
20,18,5.5084089283123285
20,19,3.8254972899063904
20,21,3.8038966176689475
20,22,5.330697268948405
20,23,5.013071649441749
20,24,6.401252779820115
20,25,8.696766271429103
20,26,9.731144909635354
20,27,10.695396316091134
20,28,12.722059550558392
20,29,16.373790582806347
20,30,18.243748245872606
20,31,21.749911417890846
20,32,23.064691181989847
20,33,21.024460169041927
20,34,19.86868878669425
20,35,16.44964350632107
20,36,18.237193727619424
20,37,19.854449557376697
20,38,16.586275125681574
20,39,14.951725714031015
20,40,18.18081555988249
20,41,17.588745492710057
20,42,14.290993460193494
20,43,15.42355351830617
20,44,12.39061743413583
20,45,13.091256064204254
20,46,12.968329546309363
20,47,9.685597500335735
20,48,8.0873508335366
20,49,10.925308337020986
20,50,10.574734020508233
20,51,7.181590195452674
20,52,8.372624869233162
20,53,11.621936646586459
20,54,11.005643097026864
20,55,9.589573357059093
20,56,12.295604877097515
20,57,14.836194964109563
20,58,14.366015309139382
20,59,14.33486777608512
20,60,17.359467548858326
20,61,19.10662349097561
20,62,18.727569841220216
20,63,19.971061267656633
20,64,22.891362885715353
20,65,23.995836024444145
20,66,23.878118264560214
21,1,18.335794374560432
21,2,18.70924390404383
21,3,16.001688037607934
21,4,13.571096304854084
21,5,15.061687649216148
21,6,14.84214075094576
21,7,11.125565620649288
21,8,10.639181873260448
21,9,13.165683974889049
21,10,11.4915245761411
21,11,8.21245423683162
21,12,10.938910400879177
21,13,12.336827602670386
21,14,9.769992176986488
21,15,10.82912809855384
21,16,8.730790430177825
21,17,6.062466275470608
21,18,5.131366464569591
21,19,5.289801071041191
21,20,3.8038966176689475
21,22,3.8253983149797537
21,23,5.261097927891184
21,24,5.047694799369002
21,25,6.0876091187852985
21,26,8.39590279769858
21,27,9.76350571056786
21,28,10.705941168178983
21,29,14.45144028104352
21,30,16.04612968253408
21,31,19.74650208275106
21,32,20.81659704972601
21,33,19.086536732340456
21,34,18.57312910426612
21,35,15.503186081446897
21,36,17.414654877885734
21,37,18.326983819702733
21,38,14.743173436298646
21,39,13.765773337112481
21,40,16.880984194898108
21,41,15.608441221340751
21,42,12.507060107784667
21,43,13.727726372131633
21,44,11.113016700698685
21,45,12.858073241345501
21,46,13.642632990414398
21,47,11.109500942244521
21,48,8.326835209032845
21,49,10.956059408215804
21,50,11.805953109687197
21,51,8.70737370449045
21,52,8.21898356656499
21,53,11.920207252952538
21,54,12.305787208353934
21,55,10.320804474269181
21,56,12.025417744137707
21,57,15.252181517803269
21,58,15.228367695180541
21,59,14.366405451195332
21,60,17.063984912936622
21,61,19.46465884320899
21,62,19.10641491346303
21,63,19.61962792004684
21,64,22.65937541362563
21,65,24.186589658133762
21,66,23.768734508376948
22,1,19.6408794141488
22,2,19.530919897605777
22,3,16.409435223758848
22,4,14.774391647580465
22,5,16.32401941748611
22,6,15.238351018193608
22,7,11.486149149821182
22,8,12.051045498456448
22,9,13.972424726033633
22,10,11.350349659246373
22,11,8.84784550751169
22,12,12.106843186368078
22,13,12.439239841933958
22,14,9.829743555886335
22,15,11.700751278304852
22,16,9.946337927847296
22,17,8.551789013352053
22,18,6.376747105908749
22,19,4.907333896668409
22,20,5.330697268948405
22,21,3.8253983149797537
22,23,3.823459262523768
22,24,5.627988447144129
22,25,5.228282191353873
22,26,6.076046525407306
22,27,8.690304465797404
22,28,10.070030024413873
22,29,13.434644674871054
22,30,14.376711506548581
22,31,17.92550809258302
22,32,18.63002528735687
22,33,16.38949101709348
22,34,15.544469285463197
22,35,12.259615414560011
22,36,13.798919188300907
22,37,14.908675124064423
22,38,11.483740056992144
22,39,10.072810990831737
22,40,13.239569549515132
22,41,12.375662135073657
22,42,9.286696543275916
22,43,11.038209340677083
22,44,8.846102878621963
22,45,10.185448061011217
22,46,10.66370250537952
22,47,8.687218418490257
22,48,5.349650600818942
22,49,7.2905159687342405
22,50,8.561454849021896
22,51,6.009128871747771
22,52,4.773479226463495
22,53,8.566032726057102
22,54,9.731159753667063
22,55,8.475957272593439
22,56,9.59743360513755
22,57,12.766358912045746
22,58,13.56402616405214
22,59,13.130162454431904
22,60,15.255098258101338
22,61,17.758005849614708
22,62,18.131298562152946
22,63,18.679589392929277
22,64,21.26871729908653
22,65,23.17329419981972
22,66,23.29104365804668
23,1,16.57432440221326
23,2,16.051306869723014
23,3,12.991099089984795
23,4,11.628306812431505
23,5,12.909407950876027
23,6,11.498188963426124
23,7,7.810520878325394
23,8,8.851813067703874
23,9,10.581549619734336
23,10,7.874088579412386
23,11,6.01017011110987
23,12,9.719037659165394
23,13,10.219104870669078
23,14,8.681151087270822
23,15,11.440766029101901
23,16,10.85067299222057
23,17,9.701412344374857
23,18,8.887740460515115
23,19,6.4582265579354505
23,20,5.013071649441749
23,21,5.261097927891184
23,22,3.823459262523768
23,24,3.849144540957697
23,25,5.487757459483874
23,26,4.988602678674971
23,27,6.246206270755873
23,28,8.816018847426392
23,29,12.118756903012043
23,30,13.79692326159248
23,31,17.115409466367435
23,32,18.51007638623104
23,33,16.36889711833731
23,34,15.01401362412641
23,35,11.656362139124944
23,36,13.861934382672924
23,37,15.580824604750191
23,38,12.491807626800021
23,39,11.225182002939524
23,40,14.845135425668303
23,41,14.709072854737544
23,42,12.068279414605696
23,43,14.341750093642968
23,44,12.32269880805873
23,45,12.965727063155969
23,46,12.43035216598264
23,47,9.968519497698068
23,48,7.533651212245637
23,49,8.652704845121368
23,50,8.429185845835223
23,51,4.915131372910054
23,52,4.297226828235015
23,53,7.347470002343448
23,54,7.16539774837964
23,55,5.145976633883981
23,56,7.320508813715715
23,57,10.158100980004866
23,58,10.204080644963195
23,59,9.980249651276619
23,60,12.612767285030989
23,61,14.678422629771854
23,62,14.774868845880487
23,63,15.765858616146188
23,64,18.431516486607812
23,65,19.96225171602321
23,66,20.153742752023604
24,1,14.13322179734022
24,2,14.418509364047774
24,3,11.340012526891272
24,4,9.410962084390814
24,5,11.556004847452147
24,6,11.105210611825632
24,7,7.310054026391438
24,8,8.205779744063218
24,9,11.103819379093498
24,10,9.507265366456009
24,11,7.503665567205021
24,12,10.992942769359383
24,13,12.624799436308207
24,14,11.388017911749
24,15,13.632321509318569
24,16,12.67558683580575
24,17,10.409088577408545
24,18,10.04208179947019
24,19,8.891810944116516
24,20,6.401252779820115
24,21,5.047694799369002
24,22,5.627988447144129
24,23,3.849144540957697
24,25,3.821068030999278
24,26,5.368156883664941
24,27,5.062327386561982
24,28,6.438602856532471
24,29,10.152084805287215
24,30,12.447817684152643
24,31,15.948710483357043
24,32,17.714653512346846
24,33,16.319510645198037
24,34,15.671045385317871
24,35,12.926497346749468
24,36,15.720109274372517
24,37,16.788732019305353
24,38,13.442374736330859
24,39,13.203810541892251
24,40,16.813672294729663
24,41,16.07868945410636
24,42,13.783734649588435
24,43,16.126788454246725
24,44,14.335519686556871
24,45,15.769951253417336
24,46,15.831703769761535
24,47,13.49080894427808
24,48,10.658466733751094
24,49,11.872456460020912
24,50,12.169330089379622
24,51,8.758187067341757
24,52,7.318164320959879
24,53,10.197664337655143
24,54,10.109670300969775
24,55,6.947487069577579
24,56,8.393607523121458
24,57,11.669539457330293
24,58,11.168104279381112
24,59,9.64066276474266
24,60,12.510846154983808
24,61,14.947754347929017
24,62,14.294909529493198
24,63,14.626329729280709
24,64,17.790516790187993
24,65,19.26421098163714
24,66,18.741365015960525
25,1,16.657582028058286
25,2,17.157435974140405
25,3,13.727426094477073
25,4,12.345480312690354
25,5,14.953087342928375
25,6,14.271529682882997
25,7,10.558252972019526
25,8,11.976234195458314
25,9,14.708785432814285
25,10,12.649183751518779
25,11,10.825354024107337
25,12,14.437681745217377
25,13,15.564148479559437
25,14,13.82786834105283
25,15,15.984225852769374
25,16,14.425682378050421
25,17,12.138268123571258
25,18,10.587373966131779
25,19,9.873097602338179
25,20,8.696766271429103
25,21,6.0876091187852985
25,22,5.228282191353873
25,23,5.487757459483874
25,24,3.821068030999278
25,26,3.8388980804850688
25,27,5.402285771794614
25,28,5.160100153591672
25,29,8.653561251509133
25,30,9.961660142396385
25,31,13.682250371429102
25,32,14.841280881710968
25,33,13.426896009942134
25,34,13.339510863883024
25,35,10.90798432934672
25,36,13.517160368926419
25,37,13.888334940648848
25,38,10.314621233360139
25,39,10.678643873043624
25,40,14.049286472744997
25,41,12.863152438582263
25,42,10.988688778597762
25,43,13.599288259224252
25,44,12.551343357595746
25,45,14.49356728291174
25,46,15.111195112721788
25,47,13.613629273280807
25,48,10.144123419918072
25,49,10.75450487450056
25,50,12.143121308307762
25,51,9.536673965342095
25,52,6.738543035970568
25,53,9.65627393079895
25,54,10.947421191957034
25,55,8.256713538679666
25,56,8.058617762116704
25,57,11.819866393097584
25,58,12.415785596628528
25,59,10.57796311092771
25,60,12.455537306476156
25,61,15.564598426975502
25,62,15.532175639321414
25,63,15.156975351720241
25,64,18.006662150134797
25,65,20.15116772779981
25,66,19.749761272718736
26,1,16.83991675193703
26,2,16.56816537317729
26,3,12.920194679530061
26,4,12.508864649674035
26,5,14.778216889063229
26,6,13.168042428527137
26,7,9.73052222241097
26,8,12.078813060903391
26,9,14.033000913285226
26,10,11.333975110723241
26,11,10.542386865653638
26,12,14.352649722494304
26,13,14.728760273480939
26,14,13.472059976602027
26,15,16.32883752751012
26,16,15.440606837464738
26,17,13.98509122173108
26,18,12.380117305726472
26,19,10.520206346224816
26,20,9.731144909635354
26,21,8.39590279769858
26,22,6.076046525407306
26,23,4.988602678674971
26,24,5.368156883664941
26,25,3.8388980804850688
26,27,3.8034638374433594
26,28,5.435396118393315
26,29,7.99873791966584
26,30,8.987072132268574
26,31,12.279683551299659
26,32,13.523551121558603
26,33,11.470710730398045
26,34,10.47153038587001
26,35,7.5991099086063585
26,36,10.441142541534497
26,37,11.549308666253664
26,38,8.465793010444314
26,39,8.462620997605974
26,40,12.178026938446822
