1,2,3.820535071102368
1,3,5.337166181482029
1,4,5.343692267797669
1,5,6.332460386464564
1,6,8.781820211727748
1,7,10.10767886251252
1,8,10.787081444880108
1,9,12.424339342771544
1,10,14.53375552923408
1,11,15.496284550988632
1,12,16.5546765375702
1,13,19.17514998859935
1,14,20.89156247670598
1,15,23.268323804842687
1,16,24.216131773236658
1,17,22.214058934473073
1,18,23.571722023493987
1,19,22.18892868531349
1,20,18.676861826154035
1,21,18.81053301428553
1,22,20.002794879797708
1,23,16.852091990987056
1,24,14.573684364436732
1,25,17.1134096486384
1,26,17.066160594783266
1,27,13.393310880465986
1,28,14.276117460641007
1,29,15.031732252718776
1,30,18.74825284619645
1,31,20.369379348220914
1,32,23.93980782281207
1,33,23.96755115602024
1,34,23.109136433061007
1,35,21.723341730125966
1,36,25.409743703625274
1,37,26.801131225773954
1,38,24.478864780218863
1,39,25.165222382236962
1,40,28.941608128312886
1,41,28.935175940272938
1,42,27.55213046323592
1,43,30.299557865359073
1,44,28.737151157569816
1,45,29.814822803245356
1,46,28.886793601079926
1,47,26.49069921173195
1,48,24.342537837817765
1,49,24.781536839843746
1,50,23.65115402184627
1,51,20.34757176947683
1,52,19.843168202266078
1,53,20.625863859267643
1,54,18.506400359674192
1,55,15.29780831847881
1,56,16.45214273370073
1,57,17.277607022378874
1,58,14.138440677656
1,59,11.974443359876004
1,60,14.674383079726844
1,61,14.813672472073964
1,62,11.183310284880092
1,63,11.575099598274733
1,64,14.988242099064307
1,65,13.457408145091282
2,1,3.820535071102368
2,3,3.8171774496698387
2,4,5.445959175408457
2,5,4.834615399249722
2,6,6.030158050152506
2,7,8.507381618536844
2,8,9.742516160805618
2,9,10.297139076197015
2,10,12.293162339797338
2,11,14.101135356801262
2,12,15.065888798106826
2,13,17.13393813959266
2,14,19.30447077476772
2,15,22.046174392622046
2,16,23.461725317367616
2,17,22.004835080489876
2,18,23.292159929119247
2,19,21.34717262392626
2,20,18.0331210366326
2,21,18.760426144460776
2,22,19.446784377854108
2,23,15.918397962109353
2,24,14.45128275571366
2,25,17.165193975792878
2,26,16.370283712618534
2,27,12.806970809000227
2,28,14.606419172910977
2,29,15.365631892024298
2,30,18.892035503046454
2,31,20.383899858135358
2,32,23.89491968468958
2,33,23.436565576254388
2,34,22.00079522972389
2,35,20.378576671625588
2,36,23.87617914691884
2,37,25.745664202461214
2,38,23.724570049737366
2,39,24.02658168399778
2,40,27.799147492927318
2,41,28.26892114864045
2,42,26.848865226075784
2,43,29.68639993166008
2,44,28.066564404694287
2,45,28.66607675783412
2,46,27.28466678688548
2,47,24.94328083491768
2,48,23.179247856717463
2,49,23.331849754932804
2,50,21.728518836748545
2,51,18.679068089931974
2,52,18.55680457866625
2,53,18.818103042406126
2,54,16.234201580950053
2,55,13.510262500620732
2,56,14.979976874295293
2,57,15.119383315075854
2,58,11.60834810054607
2,59,10.31376653991424
2,60,13.06497976200217
2,61,12.426518530812594
2,62,8.869823381928217
2,63,10.437433015682663
2,64,13.467308689926819
2,65,11.653707604352167
3,1,5.337166181482029
3,2,3.8171774496698387
3,4,3.823316073386226
3,5,5.409768447861961
3,6,5.269368073753292
3,7,6.234291137087273
3,8,8.62073858708916
3,9,9.875103186585413
3,10,10.791947659986686
3,11,12.305057717816055
3,12,14.179024262282779
3,13,16.04021297174371
3,14,17.63842040848095
3,15,20.568156748247343
3,16,21.579451447203642
3,17,19.978702201056837
3,18,20.75196843197456
3,19,18.79300683262928
3,20,15.703857441372275
3,21,16.00984239816343
3,22,16.32390316562842
3,23,12.878500760782702
3,24,11.333931731888994
3,25,13.678751449055909
3,26,12.726996306128664
3,27,9.08142514143326
3,28,10.90326115819046
3,29,11.712448767926928
3,30,15.214892816400411
3,31,16.927821659900353
3,32,20.322068373007355
3,33,19.75312590198255
3,34,18.405277476239224
3,35,16.771194795776292
3,36,20.356020605261694
3,37,22.055151349691553
3,38,19.95862855760747
3,39,20.40964694024903
3,40,24.17245395032298
3,41,24.558168456141292
3,42,23.279348819904907
3,43,26.23657732934083
3,44,24.85512364861096
3,45,25.575373466148186
3,46,24.355108555482687
3,47,22.268911115489967
3,48,20.18808122673535
3,49,20.138397693357476
3,50,18.892474189689565
3,51,15.87559454373776
3,52,15.251531727886737
3,53,15.564879709565627
3,54,13.412793454200774
3,55,10.354124628364136
3,56,11.417207051087964
3,57,11.96929621071891
3,58,8.814940888046808
3,59,6.814972882041475
3,60,9.824467364799924
3,61,10.00808360296319
3,62,6.783191581564913
3,63,7.967550099232567
3,64,11.407912617386987
3,65,10.654692831444395
4,1,5.343692267797669
4,2,5.445959175408457
4,3,3.823316073386226
4,5,3.828585452914985
4,6,5.555926027534822
4,7,5.174297977123484
4,8,6.071688096653992
4,9,8.508901830944646
4,10,9.950822353296624
4,11,10.408482748456438
4,12,12.03140422325272
4,13,14.605471389205606
4,14,15.87464315408485
4,15,18.324528923531638
4,16,19.10323613745517
4,17,17.172841067966864
4,18,18.35878693847256
4,19,16.855255886694916
4,20,13.39440236336707
4,21,13.649594382262695
4,22,14.775892776033803
4,23,11.59269784880979
4,24,9.476915778241885
4,25,12.413301532575108
4,26,12.43324904822717
4,27,9.07668522402587
4,28,10.649728285101546
4,29,12.494372294991708
4,30,16.182058373815302
4,31,18.544779263410753
4,32,21.709551306463055
4,33,21.09078355336183
4,34,20.006412259577797
4,35,17.999735922233622
4,36,21.53024114937695
4,37,23.035031590816086
4,38,20.42254129879342
4,39,20.66888642563742
4,40,24.499993382326203
4,41,24.43557182335125
4,42,22.706796717722696
4,43,25.282644125340504
4,44,23.531356784608604
4,45,24.566280911533408
4,46,23.70999911791661
4,47,21.228256331825296
4,48,19.066099568554353
4,49,19.727018728184333
4,50,18.6649679410725
4,51,15.20912762103161
4,52,14.849809801056182
4,53,16.047184435890625
4,54,14.034378194881356
4,55,10.640425538957683
4,56,12.337776898484787
4,57,13.799563557916827
4,58,10.91358453108177
4,59,8.930812583446016
4,60,12.427248014301384
4,61,13.22177754665154
4,62,10.388251222939926
4,63,11.29386512356968
4,64,14.914010200925654
4,65,14.433339214227782
5,1,6.332460386464564
5,2,4.834615399249722
5,3,5.409768447861961
5,4,3.828585452914985
5,6,3.8025402057858955
5,7,5.510726879981511
5,8,5.219935322119685
5,9,6.134047948693008
5,10,8.74069983640686
5,11,9.952935206479003
5,12,10.483679191254133
5,13,13.001109197277003
5,14,15.081807703945529
5,15,17.521942749176365
5,16,19.015515113664296
5,17,17.664729324951775
5,18,19.353392045256854
5,19,17.502674216946634
5,20,14.005924366411422
5,21,15.219768479294968
5,22,16.37226698003343
5,23,12.928781157654752
5,24,11.68270508200015
5,25,15.056638728481875
5,26,14.72130526194681
5,27,11.697361235931902
5,28,13.963375639147262
5,29,15.868107229477758
5,30,19.4244658215582
5,31,21.668617172634722
5,32,24.81135082101376
5,33,23.86511763102448
5,34,22.31453589647169
5,35,20.006077418017398
5,36,23.290252460292688
5,37,25.26610651202233
5,38,22.82707336515338
5,39,22.561589936512
5,40,26.396333014506634
5,41,26.669953026386974
5,42,24.6751124774544
5,43,27.087843131645396
5,44,24.991339436034643
5,45,25.588633466910448
5,46,24.324966145092574
5,47,21.560744990889827
5,48,20.013253378124425
5,49,20.801006683967707
5,50,19.087637495638823
5,51,15.720846828114185
5,52,16.228743587993986
5,53,17.156116498906172
5,54,14.436763619782548
5,55,11.679939904970228
5,56,14.132331453815366
5,57,14.94549120312764
5,58,11.5539984011468
5,59,10.753629647130653
5,60,14.308357190103626
5,61,14.199228844582615
5,62,11.365860180798837
5,63,13.273807319893617
5,64,16.504685576625775
5,65,15.404491523622283
6,1,8.781820211727748
6,2,6.030158050152506
6,3,5.269368073753292
6,4,5.555926027534822
6,5,3.8025402057858955
6,7,3.8175323614361987
6,8,5.5140565075617705
6,9,4.995831714563014
6,10,6.321053417598851
6,11,8.702368459906515
6,12,9.846049682823434
6,13,11.336831496422004
6,14,13.600249499864228
6,15,16.637278677807572
6,16,18.362427829911713
6,17,17.52783479068131
6,18,18.72052389110377
6,19,16.25744917455033
6,20,13.237783777681104
6,21,14.762830355672078
6,22,15.045902052221377
6,23,11.299789681529106
6,24,11.02817638291614
6,25,14.146521160037802
6,26,12.915351888752808
6,27,10.165014185276743
6,28,13.180170288555969
6,29,14.91737625787123
6,30,18.113607169005192
6,31,20.2064594151357
6,32,23.176938613425225
6,33,21.799357280595487
6,34,19.78642745208267
6,35,17.31160043765235
6,36,20.38723472939776
6,37,22.722699631029837
6,38,20.61712714650189
6,39,20.078246162787995
6,40,23.852701152006865
6,41,24.575212469794632
6,42,22.70185552371281
6,43,25.294284093714513
6,44,23.352347891697562
6,45,23.51218227078434
6,46,21.84466429710552
6,47,19.34513826007433
6,48,18.02669040178979
6,49,18.30947759850559
6,50,16.272451839575208
6,51,13.258002993549322
6,52,13.900698049981832
6,53,14.205363257102478
6,54,11.164304898549828
6,55,8.89404581941101
6,56,11.506891788706223
6,57,11.726575268950617
6,58,8.191703650128641
6,59,8.345578941233006
6,60,11.823285901164494
6,61,11.331107743457865
6,62,9.137792537057681
6,63,11.764852888996419
6,64,14.548761015322455
6,65,13.765591726377258
7,1,10.10767886251252
7,2,8.507381618536844
7,3,6.234291137087273
7,4,5.174297977123484
7,5,5.510726879981511
7,6,3.8175323614361987
7,8,3.809071024007249
7,9,5.309046746352075
7,10,5.098951274313978
7,11,6.1056011761377045
7,12,8.461208202802881
7,13,10.166478350112424
7,14,11.422051156954272
7,15,14.408979851831035
7,16,15.528753997150062
7,17,14.350545849417035
7,18,15.221534320034406
7,19,12.933662156783171
7,20,9.877906575351476
7,21,11.036762888469173
7,22,11.352757849835449
7,23,7.685142335041137
7,24,7.237038444685991
7,25,10.474762787360762
7,26,9.602438390844318
7,27,7.1816911302517585
7,28,10.269046777110502
7,29,12.694134450901554
7,30,15.810626398278089
7,31,18.430257748900097
7,32,21.090280461406177
7,33,19.577528975439805
7,34,17.81784657004888
7,35,15.092638459256827
7,36,18.18563732375346
7,37,20.226145179594152
7,38,17.726542192347555
7,39,17.160959106445528
7,40,20.98410078066283
7,41,21.3502921855289
7,42,19.307956472561987
7,43,21.7987744786283
7,44,19.842912861135254
7,45,20.31932562028408
7,46,19.043013014856818
7,47,16.528730317915493
7,48,14.777898493359967
7,49,15.32971390283705
7,50,13.79245084721555
7,51,10.415069923220406
7,52,10.729054132346606
7,53,11.766171325962112
7,54,9.322587863790519
7,55,6.323492647581062
7,56,9.152085438979887
7,57,10.507846441285816
7,58,7.793883020413708
7,59,7.324541011541645
7,60,11.11574497283977
7,61,11.789463006216844
7,62,10.213491170151816
7,63,12.107705524416048
7,64,15.157378938572403
7,65,15.276940990809324
8,1,10.787081444880108
8,2,9.742516160805618
8,3,8.62073858708916
8,4,6.071688096653992
8,5,5.219935322119685
8,6,5.5140565075617705
8,7,3.809071024007249
8,9,3.8330451153159535
8,10,5.426405787529074
8,11,5.0281648601530735
8,12,5.9716843052436435
8,13,8.864532756067597
8,14,10.219673140138095
8,15,12.504551163405804
8,16,13.80570166825909
8,17,12.556165137942568
8,18,14.325993670837008
8,19,12.479424500501787
8,20,8.928535451296762
8,21,10.652912686533696
8,22,12.047189516307247
8,23,8.883010596193865
8,24,8.219721316618672
8,25,11.994736055399407
8,26,12.066686890338437
8,27,10.133672971299866
8,28,12.74158151839746
8,29,15.624823101108014
8,30,18.84779683359656
8,31,21.726474724087364
8,32,24.304610901326615
8,33,22.831467757671113
8,34,21.23128914022828
8,35,18.334109917302698
8,36,21.24400106295449
8,37,23.20289529920107
8,38,20.423087246004243
8,39,19.586078152028847
8,40,23.354000047028247
8,41,23.417056177852146
8,42,20.91831078218564
8,43,22.89588918531742
8,44,20.43134111192241
8,45,21.039640320750248
8,46,19.986876852417577
8,47,16.936693119538123
8,48,15.48807377399214
8,49,16.874495692598742
8,50,15.274848268858776
8,51,11.657971962762092
8,52,12.69041484741586
8,53,14.37702340101955
8,54,11.939429380280158
8,55,9.31245450221967
8,56,12.476248365740151
8,57,14.080413724512615
8,58,11.449469918492573
8,59,11.100880256231095
8,60,14.905332849189572
8,61,15.515816359937748
8,62,13.697853156309321
8,63,15.56604324841824
8,64,18.760908550861288
8,65,18.561208379475907
9,1,12.424339342771544
9,2,10.297139076197015
9,3,9.875103186585413
9,4,8.508901830944646
9,5,6.134047948693008
9,6,4.995831714563014
9,7,5.309046746352075
9,8,3.8330451153159535
9,10,3.797881431335927
9,11,5.594715525596578
9,12,5.1752214891459865
9,13,7.00043631317912
9,14,9.670526777259303
9,15,12.327563149587286
9,16,14.568252679273808
9,17,14.300458861783058
9,18,16.11671474363178
9,19,13.637723609400588
9,20,10.63144700634703
9,21,13.18872771970579
9,22,13.945001344664503
9,23,10.568772434345934
9,24,11.076164738413716
9,25,14.667665688442957
9,26,13.940947748395915
9,27,12.240516288334533
9,28,15.42122934372748
9,29,17.991237716078068
9,30,21.012986226326845
9,31,23.603005449457292
9,32,26.166291106262356
9,33,24.36314736600816
9,34,22.238643256186265
9,35,19.17978488194729
9,36,21.772481428734284
9,37,24.248535918862093
9,38,21.870786123795884
9,39,20.594341408766194
9,40,24.266650523799704
9,41,24.87081806600787
9,42,22.348325057232227
9,43,24.318016172693437
9,44,21.7537877124299
9,45,21.70050082928494
9,46,20.025959908718427
9,47,16.95327471935619
9,48,16.277415480249797
9,49,17.36843936387285
9,50,14.996598279099535
9,51,11.848816687886345
9,52,13.671933656445873
9,53,14.62164183197259
9,54,11.464147895402842
9,55,9.877436091203666
9,56,13.41509542735167
9,57,14.089527200524463
9,58,11.150478623944037
9,59,11.98804778911999
9,60,15.58160355909051
9,61,15.342076655550006
9,62,13.803368502282455
9,63,16.451536094362375
9,64,19.16553231137884
9,65,18.620953931663642
10,1,14.53375552923408
10,2,12.293162339797338
10,3,10.791947659986686
10,4,9.950822353296624
10,5,8.74069983640686
10,6,6.321053417598851
10,7,5.098951274313978
10,8,5.426405787529074
10,9,3.797881431335927
10,11,3.814675451486093
10,12,5.3265658563739775
10,13,5.463975760265549
10,14,7.524032211192312
10,15,10.919443395595883
10,16,12.97091577476434
10,17,13.068270989620162
10,18,14.119730847415894
10,19,11.09533852414881
10,20,8.758471113485857
10,21,11.43298611071282
10,22,11.27908122213412
10,23,7.856665625416501
10,24,9.494639982553297
10,25,12.631793674407044
10,26,11.336031740869695
10,27,10.422559259012488
10,28,13.959547589300577
10,29,16.5825544534675
10,30,19.132994097525938
10,31,21.78102999044062
10,32,23.969158859014914
10,33,21.76859705752569
10,34,19.424849169164407
10,35,16.118879824246267
10,36,18.39905287317585
10,37,21.019136582623716
10,38,18.769676256124104
10,39,17.165142918444666
10,40,20.745937144280024
10,41,21.56927004422488
10,42,19.057884327485905
10,43,21.09068857969383
10,44,18.66034803543994
10,45,18.32378202177243
10,46,16.44448399515438
10,47,13.587678144849258
10,48,12.971221153208637
10,49,13.74576482506244
10,50,11.237104811757455
10,51,8.237694612214602
10,52,10.306808748181492
10,53,11.064151751187374
10,54,7.910347811915001
10,55,6.90443814007648
10,56,10.668397369047034
10,57,11.365896560517415
10,58,9.107970862054533
10,59,10.542974505709145
10,60,13.87124465269699
10,61,13.925605422320722
10,62,13.297879427646077
10,63,15.91716812702882
10,64,18.317690631811015
10,65,18.445781434431392
11,1,15.496284550988632
11,2,14.101135356801262
11,3,12.305057717816055
11,4,10.408482748456438
11,5,9.952935206479003
11,6,8.702368459906515
11,7,6.1056011761377045
11,8,5.0281648601530735
11,9,5.594715525596578
11,10,3.814675451486093
11,12,3.8156877689559066
11,13,5.2611238513632435
11,14,5.476829696171001
11,15,8.310458725961894
11,16,9.695829093417773
11,17,9.32943547147095
11,18,10.639515194271002
11,19,8.061632331439187
11,20,5.170644442988882
11,21,8.121757330067847
11,22,8.773483882012542
11,23,6.014702783937254
11,24,7.444340180722521
11,25,10.780626427129976
11,26,10.541484062035812
11,27,10.243062083633394
11,28,13.2445090182328
11,29,16.478273925008292
11,30,19.003857130137945
11,31,22.11745913462927
11,32,24.05187343594831
11,33,21.92061445201642
11,34,20.029041022118932
11,35,16.618963802774648
11,36,18.851607633714405
11,37,21.003380579947574
11,38,18.247426465395176
11,39,16.610972269605266
11,40,20.1534063302674
11,41,20.366814846429474
11,42,17.463572080819027
11,43,19.064776449143547
11,44,16.304204522162262
11,45,16.483243062100055
11,46,15.281433424615503
11,47,12.043947531598267
11,48,11.043170695837148
11,49,12.764585860326202
11,50,10.974899728134318
11,51,7.423769296304101
11,52,9.466120382223371
11,53,11.46867960971801
11,54,9.318287595330064
11,55,7.763948576090152
11,56,11.355326265631604
11,57,13.141232731033211
11,58,11.527294530102173
11,59,12.113328308456378
11,60,15.560507651567388
11,61,16.41864545719862
11,62,15.728815602571773
11,63,17.740024500160292
11,64,20.493019261927085
11,65,20.95730853483054
12,1,16.5546765375702
12,2,15.065888798106826
12,3,14.179024262282779
12,4,12.03140422325272
12,5,10.483679191254133
12,6,9.846049682823434
12,7,8.461208202802881
12,8,5.9716843052436435
12,9,5.1752214891459865
12,10,5.3265658563739775
12,11,3.8156877689559066
12,13,3.8269849108464578
12,14,5.476621924284361
12,15,7.322280981907291
12,16,9.771362852278038
12,17,10.064807895230732
12,18,12.371939351645858
12,19,10.153620732148086
12,20,7.486812329073787
12,21,10.868239066850606
12,22,12.085940824388771
12,23,9.754817128191211
12,24,10.913919099769698
12,25,14.394710804209156
12,26,14.356097958577296
12,27,13.853372121604552
12,28,16.794486246236463
12,29,20.006377808424006
12,30,22.700894330007692
12,31,25.761294934328983
12,32,27.81177241104205
12,33,25.69856198729569
12,34,23.705287968259125
12,35,20.26534079802884
12,36,22.359070484245677
12,37,24.670255774640438
12,38,21.984533787734076
12,39,20.15357895642851
12,40,23.575937300274923
12,41,23.846363191213676
12,42,20.75501297881394
12,43,21.98045801775232
12,44,18.882862476418094
12,45,18.823581268559096
12,46,17.490543064434718
12,47,13.934663475502822
12,48,13.725865325481797
12,49,15.771828271122557
12,50,13.595609048079314
12,51,10.460230403477881
12,52,13.051859709979196
12,53,14.850901127379608
12,54,12.332833997832507
12,55,11.256151552610323
12,56,14.971011412686615
12,57,16.34380094168738
12,58,14.312494788349005
12,59,15.19012429577202
12,60,18.732003454539385
12,61,19.097325081565742
12,62,18.099947679175994
12,63,20.448817762892904
12,64,23.20799743543603
12,65,23.179680712867405
13,1,19.17514998859935
13,2,17.13393813959266
13,3,16.04021297174371
13,4,14.605471389205606
13,5,13.001109197277003
13,6,11.336831496422004
13,7,10.166478350112424
13,8,8.864532756067597
13,9,7.00043631317912
13,10,5.463975760265549
13,11,5.2611238513632435
13,12,3.8269849108464578
13,14,3.8438037016919986
13,15,6.634299105127794
13,16,9.775917499292845
13,17,11.269292575072242
13,18,12.87179650223253
13,19,9.905238449541702
13,20,8.536504913839918
13,21,12.22500701696028
13,22,12.3866789450596
13,23,10.217434428652084
13,24,12.522734779311165
13,25,15.500554191117871
13,26,14.738772869991069
13,27,14.848275504824358
13,28,18.15379484171376
13,29,21.17605602807581
13,30,23.446484016086174
13,31,26.343331301618576
13,32,28.112182592138318
13,33,25.576527944280766
13,34,23.178598627255877
13,35,19.556405841893667
13,36,21.108245928505873
13,37,23.78340563711823
13,38,21.484186898183687
13,39,19.135391285349602
13,40,22.297528254914006
13,41,23.0553472068135
13,42,19.962703591986447
13,43,21.10471094353277
13,44,18.031602459400162
13,45,17.21826352560972
13,46,15.27926632879356
13,47,11.841608254767912
13,48,12.524350968341345
13,49,14.202275447096993
13,50,11.412547091401898
13,51,9.075417253117166
13,52,12.393254435474713
13,53,13.580053465068078
13,54,10.922672206960232
13,55,11.08697923856212
13,56,14.81589911295949
13,57,15.640169275138607
13,58,14.043692263694673
13,59,15.773099068785424
13,60,18.918852021543277
13,61,18.990405155578546
13,62,18.677923964436726
13,63,21.342360109145503
13,64,23.62373851903315
13,65,23.788467216097338
14,1,20.89156247670598
14,2,19.30447077476772
14,3,17.63842040848095
14,4,15.87464315408485
14,5,15.081807703945529
14,6,13.600249499864228
14,7,11.422051156954272
14,8,10.219673140138095
14,9,9.670526777259303
14,10,7.524032211192312
14,11,5.476829696171001
14,12,5.476621924284361
14,13,3.8438037016919986
14,15,3.7981371206504995
14,16,6.264325688851037
14,17,8.133243109921976
14,18,9.329936524587286
14,19,6.400345648117453
14,20,5.982173746494496
14,21,9.70995334332753
14,22,9.8181007321746
14,23,8.746334220676628
14,24,11.361539849450303
14,25,13.829743896470928
14,26,13.551767318224513
14,27,14.5041816754766
14,28,17.41956503504429
14,29,20.723407612959818
14,30,22.66514046968316
14,31,25.838070430387802
14,32,27.198401669439967
14,33,24.56263102436847
14,34,22.446730418486275
14,35,18.732079211813637
14,36,20.005890268007562
14,37,22.322346532791798
14,38,19.77304242740373
14,39,17.237599125290554
14,40,20.18990673562174
14,41,20.564883626564974
14,42,17.185817552185238
14,43,17.882583460380374
14,44,14.580746446402063
14,45,13.961606359799687
14,46,12.53405558049807
14,47,8.82165007981539
14,48,9.465625744191216
14,49,11.857601205893378
14,50,9.73183953686496
14,51,7.40297138611398
14,52,10.751748875401804
14,53,12.684861789981111
14,54,11.025739425637891
14,55,11.16058056342896
14,56,14.551265461092955
14,57,16.066758956307268
14,58,15.228592486087928
14,59,16.568465016974553
14,60,19.578866333297487
14,61,20.31612587634007
14,62,20.293915399180605
14,63,22.501828368389166
14,64,24.87111483431875
14,65,25.5447445682057
15,1,23.268323804842687
15,2,22.046174392622046
15,3,20.568156748247343
15,4,18.324528923531638
15,5,17.521942749176365
15,6,16.637278677807572
15,7,14.408979851831035
15,8,12.504551163405804
15,9,12.327563149587286
15,10,10.919443395595883
15,11,8.310458725961894
15,12,7.322280981907291
15,13,6.634299105127794
15,14,3.7981371206504995
15,16,3.8135040968877716
15,17,6.715937667896031
15,18,8.69944900924852
15,19,7.103443352371457
15,20,7.207192315816514
15,21,10.622092980005398
15,22,11.527166022113779
15,23,11.398231704125301
15,24,13.50784941464469
15,25,15.853790145376426
15,26,16.281798124477426
15,27,17.40887000193301
15,28,19.917891262851253
15,29,23.446827383504754
15,30,25.38352445895216
15,31,28.7508919272217
15,32,29.965769897814493
15,33,27.402492568207325
15,34,25.545046867603396
15,35,21.848183411176933
15,36,22.971039225511245
15,37,25.00152432478237
15,38,22.258184340596777
15,39,19.678216027639017
15,40,22.361732391807404
15,41,22.32217400460654
15,42,18.676778115022483
15,43,18.651443879022896
15,44,14.98948578480536
15,45,14.621472483628605
15,46,13.850546090009255
15,47,10.032785870940707
15,48,10.978120729879633
15,49,14.06067155929275
15,50,12.508575037445615
15,51,10.489357095841886
15,52,13.57370445812052
15,53,15.925910479361574
15,54,14.670467637661984
15,55,14.63019311285534
15,56,17.87581721715265
15,57,19.687871317122493
15,58,18.905741563040902
15,59,19.972664757114703
15,60,23.070988123419355
15,61,23.983743857868028
15,62,23.79668311613834
15,63,25.85943269413598
15,64,28.404727943691864
15,65,29.053457131316897
16,1,24.216131773236658
16,2,23.461725317367616
16,3,21.579451447203642
16,4,19.10323613745517
16,5,19.015515113664296
16,6,18.362427829911713
16,7,15.528753997150062
16,8,13.80570166825909
16,9,14.568252679273808
16,10,12.97091577476434
16,11,9.695829093417773
16,12,9.771362852278038
16,13,9.775917499292845
16,14,6.264325688851037
16,15,3.8135040968877716
16,17,3.829454569459342
16,18,5.429049978472044
16,19,5.321750974646045
16,20,6.3449544832613025
16,21,8.71169845376205
16,22,9.949613990929544
16,23,11.01268517832754
16,24,12.751698641143419
16,25,14.473428081998888
16,26,15.575405821931955
16,27,17.180015473146003
16,28,19.089022440831968
16,29,22.752501257617258
16,30,24.44060769919684
16,31,28.000854343706756
16,32,28.910781389304685
16,33,26.465668113595115
16,34,25.04678318839789
16,35,21.47464187946364
16,36,22.524934833858303
16,37,24.029831046332077
16,38,21.015414429886516
16,39,18.603134428698727
16,40,21.08071292050453
16,41,20.457314887425
16,42,16.68607359920669
16,43,16.210747682992622
16,44,12.441687229808288
16,45,12.81391220775927
16,46,13.047956882096289
16,47,9.446393351368648
16,48,9.643176415801824
16,49,13.269583780449485
16,50,12.778478028046155
16,51,10.761379513050878
16,52,13.099569941149577
16,53,16.051327695283927
16,54,15.636345806073816
16,55,15.235420512036233
16,56,17.985038662321703
16,57,20.379107269412195
16,58,20.05514340496109
16,59,20.600190530734377
16,60,23.569460381333112
16,61,25.044858182983653
16,62,24.930767244863716
16,63,26.511369218661788
16,64,29.181212656014406
16,65,30.191789733725525
17,1,22.214058934473073
17,2,22.004835080489876
17,3,19.978702201056837
17,4,17.172841067966864
17,5,17.664729324951775
17,6,17.52783479068131
17,7,14.350545849417035
17,8,12.556165137942568
17,9,14.300458861783058
17,10,13.068270989620162
17,11,9.32943547147095
17,12,10.064807895230732
17,13,11.269292575072242
17,14,8.133243109921976
17,15,6.715937667896031
17,16,3.829454569459342
17,18,3.804032302903818
17,19,5.37329845586769
17,20,4.958051435643126
17,21,6.040006987299578
17,22,8.520458531700498
17,23,9.83667464279608
17,24,10.490722083601886
17,25,12.179176516115014
17,26,14.081469286407692
17,27,15.425935863899301
17,28,16.762726532081285
17,29,20.542592221250445
17,30,22.404786320929
17,31,26.104725468460565
17,32,27.133836160966766
17,33,25.08629241302459
17,34,24.11710451914906
17,35,20.783841498977555
17,36,22.30066039297596
17,37,23.379776887078744
17,38,20.016611466674096
17,39,18.212856283384227
17,40,20.92852079625412
17,41,19.78981399262133
17,42,16.16286286594413
17,43,15.965122310524762
17,44,12.461407835253263
17,45,13.856791210582887
17,46,14.66457316979083
17,47,11.33612670750061
17,48,10.174008579293876
17,49,13.7955552776174
17,50,13.923375557881283
17,51,11.238963422976267
17,52,12.645341012214288
17,53,16.073524535051252
17,54,15.90366082787414
17,55,14.624899019619825
17,56,17.082286241298178
17,57,19.974015750046217
17,58,19.56490462121898
17,59,19.395495078106677
17,60,22.463688597902873
17,61,24.327586344826077
17,62,23.88238538391229
17,63,25.01997211618772
17,64,27.97269546815598
17,65,29.040188128717002
18,1,23.571722023493987
18,2,23.292159929119247
18,3,20.75196843197456
18,4,18.35878693847256
18,5,19.353392045256854
18,6,18.72052389110377
18,7,15.221534320034406
18,8,14.325993670837008
18,9,16.11671474363178
18,10,14.119730847415894
18,11,10.639515194271002
18,12,12.371939351645858
18,13,12.87179650223253
18,14,9.329936524587286
18,15,8.69944900924852
18,16,5.429049978472044
18,17,3.804032302903818
18,19,3.792774405904034
18,20,5.545678843540907
18,21,5.17563395107395
18,22,6.343961045712326
18,23,8.969968439975979
18,24,10.088879234884432
18,25,10.5989217544966
18,26,12.436360418940659
18,27,14.61336529037837
18,28,15.665691178625147
18,29,19.295531885348357
18,30,20.57609587389338
18,31,24.26619949233419
18,32,24.830113811588365
18,33,22.613863771555557
18,34,21.796188162010417
18,35,18.543698711236267
18,36,19.686974614504166
18,37,20.460105940965708
18,38,17.116790242348685
18,39,15.229414528656969
18,40,17.6316383285002
18,41,16.278045511896707
18,42,12.597365662171184
18,43,12.190774524283686
18,44,8.742273022139933
18,45,10.556535340494598
18,46,11.954806114183368
18,47,9.206449415586249
18,48,7.395613497480344
18,49,11.07339094053492
18,50,12.07483572328335
18,51,9.946715027731301
18,52,10.693949743193937
18,53,14.24065682021502
18,54,14.938577576199236
18,55,13.956712734731301
18,56,15.767476425867146
18,57,18.837485101298004
18,58,19.15537906570726
18,59,18.957264229069924
18,60,21.564424961793026
18,61,23.769572930175762
18,62,23.825717768700585
18,63,24.685373058089723
18,64,27.386478001571184
18,65,28.926689423429846
19,1,22.18892868531349
19,2,21.34717262392626
19,3,18.79300683262928
19,4,16.855255886694916
19,5,17.502674216946634
19,6,16.25744917455033
19,7,12.933662156783171
19,8,12.479424500501787
19,9,13.637723609400588
19,10,11.09533852414881
19,11,8.061632331439187
19,12,10.153620732148086
19,13,9.905238449541702
19,14,6.400345648117453
19,15,7.103443352371457
19,16,5.321750974646045
19,17,5.37329845586769
19,18,3.792774405904034
19,20,3.829125822307875
19,21,5.326973642134037
19,22,4.89716309196562
19,23,6.556677303902543
19,24,8.939726571268624
19,25,9.902621570191332
19,26,10.610197494855026
19,27,12.802507363388552
19,28,14.672366243116237
19,29,18.160229441740213
19,30,19.489344009797275
19,31,22.987250348644032
19,32,23.72501007128502
19,33,21.179797602634466
19,34,19.790810606584618
19,35,16.265394569954296
19,36,17.363961454303457
19,37,18.7554659033736
19,38,15.710681544688617
19,39,13.39379919803649
19,40,16.09903841886488
19,41,15.544130889781306
19,42,11.909152521487835
19,43,12.239911922172876
19,44,8.868593895647363
19,45,9.517517305911253
19,46,9.715603744995802
19,47,6.493879789216751
19,48,4.968091516448941
19,49,8.494096602533912
19,50,8.655349731269414
19,51,6.379660593535952
19,52,7.971226924924551
19,53,11.19146869136785
19,54,11.500615045835383
19,55,11.02593714646455
19,56,13.210641694083753
19,57,15.864556569333088
19,58,16.155435691234004
19,59,16.526620090378035
19,60,19.106398138596862
19,61,20.956021903180893
19,62,21.261875324710783
19,63,22.519215176062033
19,64,24.9816233548308
19,65,26.45136369301194
20,1,18.676861826154035
20,2,18.0331210366326
20,3,15.703857441372275
20,4,13.39440236336707
20,5,14.005924366411422
20,6,13.237783777681104
20,7,9.877906575351476
20,8,8.928535451296762
20,9,10.63144700634703
20,10,8.758471113485857
20,11,5.170644442988882
20,12,7.486812329073787
20,13,8.536504913839918
20,14,5.982173746494496
20,15,7.207192315816514
20,16,6.3449544832613025
20,17,4.958051435643126
20,18,5.545678843540907
20,19,3.829125822307875
20,21,3.803149221809388
20,22,5.310532146729345
20,23,5.132815953324656
20,24,6.487914142264146
20,25,8.776237928839992
20,26,9.843760757446592
20,27,10.942781424977776
20,28,12.936010346895834
20,29,16.59945135837656
20,30,18.607916860494765
20,31,22.144049710024003
20,32,23.46041364248895
20,33,21.303647881088075
20,34,19.983566602500115
20,35,16.57374497075947
20,36,18.432992229628333
20,37,19.89395982946881
20,38,16.67952416386613
20,39,14.964604934808905
20,40,18.18218130869553
20,41,17.609817216278817
20,42,14.29030886960085
20,43,15.225825132841317
20,44,12.178880224404299
20,45,13.132543936453807
20,46,13.04602701426541
20,47,9.790657314460654
20,48,8.032631664612119
20,49,10.877814311846063
20,50,10.491077181000767
20,51,7.115550989646897
20,52,8.481299174425478
20,53,11.730115329931008
20,54,11.20516071850657
20,55,9.693763687221383
20,56,12.3589944507099
20,57,15.116066386333234
20,58,14.607861280832026
20,59,14.570948090856481
20,60,17.648738925386866
20,61,19.392018749426793
20,62,19.06823950064616
20,63,20.351049427630173
20,64,23.17304238206016
20,65,24.26710404039325
21,1,18.81053301428553
21,2,18.760426144460776
21,3,16.00984239816343
21,4,13.649594382262695
21,5,15.219768479294968
21,6,14.762830355672078
21,7,11.036762888469173
21,8,10.652912686533696
21,9,13.18872771970579
21,10,11.43298611071282
21,11,8.121757330067847
21,12,10.868239066850606
21,13,12.22500701696028
21,14,9.70995334332753
21,15,10.622092980005398
21,16,8.71169845376205
21,17,6.040006987299578
21,18,5.17563395107395
21,19,5.326973642134037
21,20,3.803149221809388
21,22,3.8362054140221167
21,23,5.307202773088221
21,24,5.055434045718753
21,25,6.1504285780401995
21,26,8.478758380829085
21,27,9.920637673313031
21,28,10.840266482960844
21,29,14.595148825759836
21,30,16.38792834257084
21,31,20.113353825415484
21,32,21.218387197068342
21,33,19.390546856534332
21,34,18.704091787795114
21,35,15.65803583303836
21,36,17.693847109693248
21,37,18.45111087248934
21,38,14.893779030635114
21,39,13.829120637904214
21,40,16.977288467651583
21,41,15.720213833457285
21,42,12.613329260052904
21,43,13.650091762189613
21,44,11.090291596569049
21,45,13.050917440992919
21,46,13.81993907697313
21,47,11.260176182479798
21,48,8.38490978422733
21,49,11.025959301523141
21,50,11.832959880438214
21,51,8.668671392498876
21,52,8.360806833496762
21,53,12.05069691413213
21,54,12.476648343915157
21,55,10.3701469147264
21,56,12.02229697517558
21,57,15.407580975849125
21,58,15.36890335489279
21,59,14.505016919852906
21,60,17.28879888347213
21,61,19.679429868514976
21,62,19.358206214408323
21,63,19.930565996809744
21,64,22.86274057321388
21,65,24.33086422023236
22,1,20.002794879797708
22,2,19.446784377854108
22,3,16.32390316562842
22,4,14.775892776033803
22,5,16.37226698003343
22,6,15.045902052221377
22,7,11.352757849835449
22,8,12.047189516307247
22,9,13.945001344664503
22,10,11.27908122213412
22,11,8.773483882012542
22,12,12.085940824388771
22,13,12.3866789450596
22,14,9.8181007321746
22,15,11.527166022113779
22,16,9.949613990929544
22,17,8.520458531700498
22,18,6.343961045712326
22,19,4.89716309196562
22,20,5.310532146729345
22,21,3.8362054140221167
22,23,3.815975623590839
22,24,5.597736871742607
22,25,5.228690170821105
22,26,6.152645001345855
22,27,8.816162833713431
22,28,10.142779052852987
22,29,13.525222871436116
22,30,14.669641320263292
22,31,18.23612470286747
22,32,18.973857487586475
22,33,16.65570838053102
22,34,15.6504491628217
22,35,12.411105920109875
22,36,14.07361613492961
22,37,14.994533805030985
22,38,11.610802643139595
22,39,10.121820227938567
22,40,13.30526568712706
22,41,12.44031758898893
22,42,9.348128451293803
22,43,10.935470856124292
22,44,8.765908450230475
22,45,10.292612858605187
22,46,10.75705790196306
22,47,8.824351796695185
22,48,5.387278566873849
22,49,7.352811347065773
22,50,8.622032102768026
22,51,5.9863209354261375
22,52,4.909167488437832
22,53,8.679736091962495
22,54,9.882359405028668
22,55,8.475794417057477
22,56,9.581465889848102
22,57,12.883459987593566
22,58,13.639732868377383
22,59,13.222798515871482
22,60,15.450728965561986
22,61,17.91111548269662
22,62,18.312086096957437
22,63,18.93081613286338
22,64,21.392191147976828
22,65,23.26374595197441
23,1,16.852091990987056
23,2,15.918397962109353
23,3,12.878500760782702
23,4,11.59269784880979
23,5,12.928781157654752
23,6,11.299789681529106
23,7,7.685142335041137
23,8,8.883010596193865
23,9,10.568772434345934
23,10,7.856665625416501
23,11,6.014702783937254
23,12,9.754817128191211
23,13,10.217434428652084
23,14,8.746334220676628
23,15,11.398231704125301
23,16,11.01268517832754
23,17,9.83667464279608
23,18,8.969968439975979
23,19,6.556677303902543
23,20,5.132815953324656
23,21,5.307202773088221
23,22,3.815975623590839
23,24,3.8226571022457887
23,25,5.4461093695081715
23,26,4.978881225399401
23,27,6.3538293780874655
23,28,8.879602305430613
23,29,12.198476648687047
23,30,14.015031897304436
23,31,17.36453356043802
23,32,18.76937075462846
23,33,16.52157408036142
23,34,15.019805304187887
23,35,11.666948311825205
23,36,13.94764237288631
23,37,15.519829873290217
23,38,12.457224707229486
23,39,11.158681231076812
23,40,14.79866038185894
23,41,14.661573487455385
23,42,12.042310356380643
23,43,14.196327160891792
23,44,12.180435950090953
23,45,12.974584206260072
23,46,12.406884864575515
23,47,10.171758167415009
23,48,7.514272850349627
23,49,8.5774130126439
23,50,8.381999254745542
23,51,4.827154769336742
23,52,4.325913597968087
23,53,7.409683324434722
23,54,7.290540670721477
23,55,5.136768808197344
23,56,7.26060683322124
23,57,10.284904065817145
23,58,10.286902987956518
23,59,10.059512002371934
23,60,12.76685150066721
23,61,14.817271267698645
23,62,14.943649935804524
23,63,15.980337452317347
23,64,18.538521966871958
23,65,20.052800552294883
24,1,14.573684364436732
24,2,14.45128275571366
24,3,11.333931731888994
24,4,9.476915778241885
24,5,11.68270508200015
24,6,11.02817638291614
24,7,7.237038444685991
24,8,8.219721316618672
24,9,11.076164738413716
24,10,9.494639982553297
24,11,7.444340180722521
24,12,10.913919099769698
24,13,12.522734779311165
24,14,11.361539849450303
24,15,13.50784941464469
24,16,12.751698641143419
24,17,10.490722083601886
24,18,10.088879234884432
24,19,8.939726571268624
24,20,6.487914142264146
24,21,5.055434045718753
24,22,5.597736871742607
24,23,3.8226571022457887
24,25,3.8340081623207545
24,26,5.367352961640697
24,27,5.192643415109816
24,28,6.583235074884276
24,29,10.306102109109464
24,30,12.747596594861147
24,31,16.291364222469504
24,32,18.071852038809528
24,33,16.548981658029316
24,34,15.742274849767659
24,35,12.978037510834756
24,36,15.853568608804313
24,37,16.814946143256083
24,38,13.451518268982152
24,39,13.163023794695613
24,40,16.826205644346796
24,41,16.08523539317573
24,42,13.810500162388987
24,43,16.014527886357133
24,44,14.256732763133725
24,45,15.818175790154594
24,46,15.820272096045594
24,47,13.646481687857175
24,48,10.639499950522275
24,49,11.829207789960043
24,50,12.124654286757568
24,51,8.647262504410085
24,52,7.367476604667146
24,53,10.292066015414713
24,54,10.219711208691686
24,55,6.9936959710961215
24,56,8.341447236638784
24,57,11.7595119841191
24,58,11.28590952624044
24,59,9.761659286720615
24,60,12.710469586977023
24,61,15.161655046502242
24,62,14.542890986013754
24,63,14.931610115654205
24,64,17.998181241363156
24,65,19.392974262783397
25,1,17.1134096486384
25,2,17.165193975792878
25,3,13.678751449055909
25,4,12.413301532575108
25,5,15.056638728481875
25,6,14.146521160037802
25,7,10.474762787360762
25,8,11.994736055399407
25,9,14.667665688442957
25,10,12.631793674407044
25,11,10.780626427129976
25,12,14.394710804209156
25,13,15.500554191117871
25,14,13.829743896470928
25,15,15.853790145376426
25,16,14.473428081998888
25,17,12.179176516115014
25,18,10.5989217544966
25,19,9.902621570191332
25,20,8.776237928839992
25,21,6.1504285780401995
25,22,5.228690170821105
25,23,5.4461093695081715
25,24,3.8340081623207545
25,26,3.8118026749779745
25,27,5.447331925374137
25,28,5.206145472513776
25,29,8.717907571938458
25,30,10.240610617270862
25,31,13.98578792923477
25,32,15.179479692469913
25,33,13.65607166426094
25,34,13.401215030788194
25,35,10.976767924508957
25,36,13.695891378738585
25,37,13.942427642344501
25,38,10.33167484553356
25,39,10.626216208623656
25,40,14.074125703444176
25,41,12.869448016185668
25,42,11.026079254849535
25,43,13.51889103573668
25,44,12.5401796033984
25,45,14.547721602954473
25,46,15.082634239595716
25,47,13.730550625598283
25,48,10.147288056951579
25,49,10.751785937370649
25,50,12.161385098058041
25,51,9.45827480676487
25,52,6.783947707015495
25,53,9.734225920953731
25,54,11.025215026001494
25,55,8.254965661516506
25,56,7.953134333212157
25,57,11.776524147997446
25,58,12.433711853141945
25,59,10.620732908185785
25,60,12.605589915101385
25,61,15.701877968933614
25,62,15.700164999426395
25,63,15.409111170040289
25,64,18.12636172691944
25,65,20.183292566233348
26,1,17.066160594783266
26,2,16.370283712618534
26,3,12.726996306128664
26,4,12.43324904822717
26,5,14.72130526194681
26,6,12.915351888752808
26,7,9.602438390844318
26,8,12.066686890338437
26,9,13.940947748395915
26,10,11.336031740869695
26,11,10.541484062035812
26,12,14.356097958577296
26,13,14.738772869991069
26,14,13.551767318224513
26,15,16.281798124477426
26,16,15.575405821931955
26,17,14.081469286407692
26,18,12.436360418940659
26,19,10.610197494855026
26,20,9.843760757446592
26,21,8.478758380829085
26,22,6.152645001345855
26,23,4.978881225399401
26,24,5.367352961640697
26,25,3.8118026749779745
26,27,3.8016843667284923
26,28,5.404775901133269
26,29,8.008189863100023
26,30,9.186872630450313
26,31,12.513413988156515
26,32,13.790770842670897
26,33,11.651307643620362
26,34,10.519626721404073
26,35,7.661111531234521
26,36,10.588744665216847
26,37,11.559921305059397
26,38,8.441283551604224
26,39,8.440819894754485
26,40,12.21631347203224
26,41,12.031719973243465
26,42,10.5905932345667
26,43,13.714805624803013
26,44,13.03881419663325
26,45,14.152147724394425
26,46,13.836077537344105
26,47,12.881171289920808
26,48,9.652519799709022
26,49,9.039390311844967
26,50,9.949041542407011
26,51,7.709206452282153
26,52,4.473757431686139
26,53,6.360365522757419
26,54,7.81797513849453
26,55,5.400522678392817
26,56,4.2807999033207915
26,57,8.09027621431143
26,58,9.304299966638167
26,59,8.073903582471845
26,60,9.639888255978967
26,61,12.601844322436628
26,62,13.26473169619676
26,63,13.333877868401006
26,64,15.566011817601328
