1,2,3.916643994274627
1,3,5.287640901469722
1,4,6.398726794754159
1,5,7.637418405932084
1,6,9.564852057702108
1,7,11.089090032726192
1,8,18.385720858382964
1,9,17.823965783939663
1,10,19.9135058042394
1,11,20.694308613153556
1,12,20.71962320465355
1,13,17.242580856862713
1,14,15.956542591784281
1,15,17.959474658366727
1,16,16.806063399140257
1,17,13.070306243025557
1,18,14.10384724259484
1,19,16.29873768069726
1,20,13.91498012596191
1,21,11.529392812499234
1,22,14.806836739018346
1,23,16.091715058345503
1,24,13.636697670821519
1,25,14.446455998251531
1,26,18.048261375261212
1,27,18.09027107371409
1,28,17.08112871512389
1,29,19.322672479322655
1,30,21.82158258298134
1,31,22.17560797595238
1,32,22.68183292845823
1,33,25.097180558105755
1,34,27.10620856544997
1,35,27.88489564240684
1,36,29.04660000499164
1,37,31.128191224223897
1,38,32.72630466357378
1,39,33.7134217214138
1,40,37.18722209527407
1,41,38.213664987969224
1,42,40.56266376256603
1,43,39.707019552463464
1,44,36.10702136018857
1,45,33.8419155427889
1,46,30.416280639504674
1,47,30.42755865420911
1,48,27.956979354760264
1,49,24.081955414095628
1,50,23.244015776074715
1,51,25.71253453103844
1,52,24.82060014135623
1,53,21.264451123447756
1,54,22.9590767781391
1,55,25.444141434338796
1,56,22.80251665845766
1,57,21.369565708568597
1,58,24.967574627701183
1,59,25.886733110552914
1,60,23.159061868576863
1,61,23.949291011995268
1,62,27.538146078471318
1,63,28.69219903157776
1,64,30.28829782281199
1,65,32.03550567424574
1,66,34.014099222453595
1,67,33.19544307156391
1,68,31.727369755775456
1,69,31.887398933443976
1,70,32.54859482520374
1,71,36.09048855733462
1,72,35.73525081206429
1,73,35.57864899304957
1,74,32.22949646916076
1,75,30.79371901697084
1,76,31.953709852969137
1,77,30.571229073475227
1,78,27.17073264103851
1,79,27.739669745213323
1,80,28.506894397745945
1,81,25.366699562333558
1,82,23.342885789516973
1,83,25.65608982876159
1,84,25.32147933102135
1,85,21.573601005734176
1,86,21.64484485584756
1,87,24.45040835036083
1,88,23.142617034182024
1,89,19.85380622037891
1,90,21.913671926169364
1,91,24.417169855882097
1,92,21.79551013599351
1,93,20.20897657475906
1,94,23.815790657186845
1,95,24.99372347852008
1,96,22.083479367391227
1,97,23.064739798775324
1,98,26.6591768112384
1,99,26.1622691529194
1,100,24.596198044130034
1,101,27.130344538097216
1,102,29.813880591350642
1,103,28.67559498265368
1,104,28.736197778727227
1,105,32.14280907916473
1,106,33.381010709919764
1,107,32.349174416519894
1,108,33.94675701109887
1,109,37.15399342568419
1,110,37.263749387375
1,111,37.55197689276007
2,1,3.916643994274627
2,3,3.8501336587120316
2,4,5.740590985860731
2,5,5.313260993132599
2,6,6.402156939823677
2,7,8.941324677149876
2,8,17.15944601374232
2,9,15.834207284047519
2,10,17.325287653077883
2,11,18.05868558999214
2,12,17.582749227349197
2,13,14.058985844331326
2,14,13.299997540235156
2,15,15.120535932035596
2,16,13.452983613212025
2,17,9.880524349008505
2,18,11.633877564248827
2,19,13.489102800903403
2,20,10.812962961156572
2,21,9.220786258775673
2,22,12.885444818768274
2,23,13.728988291292337
2,24,11.717570551488963
2,25,13.346752791369171
2,26,16.571137736267513
2,27,16.52798800199656
2,28,16.34377538971211
2,29,18.789463567441153
2,30,20.7396018150312
2,31,21.323867810855234
2,32,22.443314815651895
2,33,24.62147966684512
2,34,26.265623362592823
2,35,27.441345269783287
2,36,28.864044262200363
2,37,30.560809511305013
2,38,32.02959489123331
2,39,33.40368592143098
2,40,36.899432441382565
2,41,37.53831367020174
2,42,39.86901358462409
2,43,38.761664089138534
2,44,35.131948650235095
2,45,32.818598680163376
2,46,29.39677639089592
2,47,29.89870486307158
2,48,27.652881053736827
2,49,23.79634073338038
2,50,22.763780384724406
2,51,24.733178086764816
2,52,23.791034093480228
2,53,20.11035232676078
2,54,21.356505507138948
2,55,23.69203409334651
2,56,20.957396777854957
2,57,19.101711735625337
2,58,22.507512496110937
2,59,23.451490876501435
2,60,20.495769636494494
2,61,20.938529662422958
2,62,24.592815755507704
2,63,25.81260562732405
2,64,27.72298010788184
2,65,29.60328829459274
2,66,31.83442483814659
2,67,31.321118260286163
2,68,30.035809378482575
2,69,30.147389847102396
2,70,31.05742254881405
2,71,34.665136245594084
2,72,34.54454719959093
2,73,34.30487174800672
2,74,31.1618838969422
2,75,29.577782744558316
2,76,30.335056907835604
2,77,29.03214434216616
2,78,25.734363684863144
2,79,25.88407612274825
2,80,26.417459709006387
2,81,23.422152883363914
2,82,21.22601603931131
2,83,23.10747232651879
2,84,22.708443498477013
2,85,19.028721759240405
2,86,18.712176789491995
2,87,21.299784885409228
2,88,20.07203995011666
2,89,16.5966135347355
2,90,18.36112656318871
2,91,20.903386899049416
2,92,18.33278323011214
2,93,16.479759095182107
2,94,20.01396865567102
2,95,21.341393932364543
2,96,18.464129708233415
2,97,19.27097858846692
2,98,22.904525149477127
2,99,22.621061055494934
2,100,21.08230249132751
2,101,23.485600494317598
2,102,26.241663576648303
2,103,25.343371088422526
2,104,25.396288575930747
2,105,28.676494949042958
2,106,30.071053416722624
2,107,29.240875431292935
2,108,30.730336690804005
2,109,33.89700728819252
2,110,34.24888114313757
2,111,34.48609675924562
3,1,5.287640901469722
3,2,3.8501336587120316
3,4,3.8546975650017266
3,5,5.524060271528999
3,6,5.4436392305605485
3,7,6.420106477616589
3,8,15.503249026815471
3,9,14.583702724992406
3,10,16.150146122619383
3,11,16.24957523979596
3,12,16.182260066739314
3,13,13.022890542284623
3,14,11.30961986568325
3,15,12.876933201578934
3,16,11.977025705334952
3,17,8.200246948167287
3,18,8.82512993505562
3,19,11.174625626343499
3,20,9.27491260540064
3,21,6.784052460453434
3,22,10.100960546237161
3,23,11.839429238895884
3,24,10.280283885944353
3,25,11.060865818035811
3,26,14.377878299083475
3,27,15.145552869321351
3,28,14.956087009674766
3,29,16.757996854379144
3,30,18.932638535943187
3,31,20.05894480712842
3,32,20.87805500601693
3,33,22.663137153392668
3,34,24.652315787507373
3,35,26.077168156734082
3,36,27.083167418830005
3,37,28.64697795967295
3,38,30.49857279218339
3,39,31.98447520624603
3,40,35.30874022009017
3,41,36.02862932860109
3,42,38.63780445168226
3,43,37.816127553357646
3,44,34.107323386662266
3,45,32.15229022344558
3,46,28.568627510712847
3,47,29.0179567288098
3,48,27.102757313529295
3,49,23.23307735129735
3,50,22.79187081423218
3,51,24.712051266307757
3,52,23.20900325285328
3,53,19.722293402954943
3,54,21.437821203755668
3,55,23.29560740848925
3,56,20.179442803588813
3,57,18.856725781963398
3,58,22.397743057296783
3,59,22.725358531815036
3,60,19.621920255061017
3,61,20.64438819053957
3,62,24.079970568420208
3,63,25.786549053559835
3,64,27.42671079917311
3,65,29.665341531650018
3,66,31.588560263167444
3,67,31.304130241523833
3,68,29.62139173018208
3,69,29.273818743485606
3,70,29.76751180203529
3,71,33.222965400639005
3,72,32.73407566273349
3,73,32.163104407168476
3,74,28.9271139284384
3,75,27.735525468055183
3,76,28.468475155084786
3,77,26.774731080633757
3,78,23.628560677663668
3,79,24.189159505219674
3,80,24.43480042743447
3,81,21.153878967897914
3,82,19.452314576814285
3,83,21.57607307997252
3,84,20.761229552189192
3,85,17.034120378207774
3,86,17.44232435865478
3,87,19.965147589737487
3,88,18.26277918435865
3,89,15.153262427692164
3,90,17.56465519656966
3,91,19.735656937531267
3,92,16.97664750484869
3,93,15.885183738755867
3,94,19.645939347424907
3,95,20.509813310971662
3,96,17.81030540845776
3,97,19.347197391712363
3,98,22.745022075842495
3,99,22.170201592205938
3,100,21.16775272823127
3,101,23.93670328621887
3,102,26.279830607973732
3,103,25.326350857689686
3,104,25.953845375133746
3,105,29.25299267578029
3,106,30.284125977202752
3,107,29.74114711208734
3,108,31.60825960696858
3,109,34.50455333479632
3,110,34.735478969976704
3,111,34.56846325441871
4,1,6.398726794754159
4,2,5.740590985860731
4,3,3.8546975650017266
4,5,3.8337597756272563
4,6,5.569681383559717
4,7,5.394465809557428
4,8,12.263263415894073
4,9,11.849276599502442
4,10,14.133783812997212
4,11,14.778054104442587
4,12,15.440587782892477
4,13,12.18753955613086
4,14,10.268680375633773
4,15,12.82734678181261
4,16,12.632937069820416
4,17,8.959082885665378
4,18,9.688959325403799
4,19,12.846950125547526
4,20,11.692091084485448
4,21,9.624523840454328
4,22,12.642041713584842
4,23,14.858319199644965
4,24,13.845072751032578
4,25,14.371539838091238
4,26,17.57241560833684
4,27,18.727837246417096
4,28,18.608760917623126
4,29,20.10242742671751
4,30,22.355652420558773
4,31,23.709984484922618
4,32,24.375099719512022
4,33,25.98176802898506
4,34,28.136010194043394
4,35,29.648371927515207
4,36,30.439903152987014
4,37,31.953334676992945
4,38,33.99225773296703
4,39,35.50184751959665
4,40,38.739472359457196
4,41,39.51221156691477
4,42,42.22964713362687
4,43,41.4974684051083
4,44,37.77110801531441
4,45,35.91199948488887
4,46,32.30014070301982
4,47,32.73480465721418
4,48,30.867126034001604
4,49,26.99648787264142
4,50,26.622221983325094
4,51,28.56371275412114
4,52,27.00634692498621
4,53,23.549581535361998
4,54,25.23920634449348
4,55,27.01942376263617
4,56,23.820210671431308
4,57,22.45587776689731
4,58,25.89825418105222
4,59,26.10451218215094
4,60,22.825767360579693
4,61,23.73066211457294
4,62,27.1324292374851
4,63,29.001270949155334
4,64,30.807321173823855
4,65,33.16266597810129
4,66,35.16043850550306
4,67,35.0133613118156
4,68,33.33428672381897
4,69,32.86625412451527
4,70,33.27396524428951
4,71,36.66054784681552
4,72,36.02716439505176
4,73,35.21792986505744
4,74,31.97954271909088
4,75,31.035819051250712
4,76,31.638400526200673
4,77,29.69387097147032
4,78,26.73843679941404
4,79,27.41096784065873
4,80,27.322608124356464
4,81,23.925499062468948
4,82,22.548270109862425
4,83,24.491548047929946
4,84,23.2526596665908
4,85,19.62683768865094
4,86,20.197851152621592
4,87,22.291671163501604
4,88,20.14097650799953
4,89,17.157595559973313
4,90,19.497047318943864
4,91,21.17934552302246
4,92,17.97534641823186
4,93,16.965146597030834
4,94,20.62972550645176
4,95,20.941366053531226
4,96,17.846340230026247
4,97,19.536476253233666
4,98,22.797722572540835
4,99,21.62351593931888
4,100,20.38385629722629
4,101,23.43740214963982
4,102,25.582056141734313
4,103,24.102783893202254
4,104,24.76105417492025
4,105,28.291442378370416
4,106,28.97154404271722
4,107,28.126139490553445
4,108,30.253190683519676
4,109,33.1290113933466
4,110,32.96192737837487
4,111,32.8282879832751
5,1,7.637418405932084
5,2,5.313260993132599
5,3,5.524060271528999
5,4,3.8337597756272563
5,6,3.8381624819316618
5,7,5.7540999410653955
5,8,12.09843151596729
5,9,10.639192299120573
5,10,12.451550774330563
5,11,13.714268120842451
5,12,13.80584461439273
5,13,10.157371283662965
5,14,9.442923555497984
5,15,12.276088076137148
5,16,11.299393326734796
5,17,7.938660697229958
5,18,10.101226044068472
5,19,12.812127898212465
5,20,11.220699095901706
5,21,10.331551983984594
5,22,13.755161796474374
5,23,15.255461628350865
5,24,14.469813626633758
5,25,15.89472194638569
5,26,18.769709235827747
5,27,19.510291902564944
5,28,19.93002023631752
5,29,21.845908483863795
5,30,23.629965167056774
5,31,24.872120507291392
5,32,26.060620079141955
5,33,27.71231718137937
5,34,29.456591911615675
5,35,31.095997426162246
5,36,32.25952389465915
5,37,33.591760514535416
5,38,35.35193197885283
5,39,37.05123324861046
5,40,40.387323207452816
5,41,40.86498417960082
5,42,43.422420974164275
5,43,42.372950119458395
5,44,38.6774235395192
5,45,36.604712768813386
5,46,33.09421117299218
5,47,33.87172014721687
5,48,31.97238993457738
5,49,28.13384105442932
5,50,27.33476455369659
5,51,28.983914774330692
5,52,27.69678203499954
5,53,24.091879496966236
5,54,25.22898575378529
5,55,27.122998207364258
5,56,24.071599246868693
5,57,22.155111413515424
5,58,25.323343044533356
5,59,25.83699829230901
5,60,22.45605532659353
5,61,22.762453420377984
5,62,26.28461739332538
5,63,27.969594611207032
5,64,30.17824213068817
5,65,32.444172982021804
5,66,34.794283449409924
5,67,34.764137608746694
5,68,33.441054325861025
5,69,33.17213651819753
5,70,33.966018210180444
5,71,37.462804955165446
5,72,37.178744010497745
5,73,36.46463324865687
5,74,33.4270790146919
5,75,32.19823893857115
5,76,32.51089552787586
5,77,30.805849409743892
5,78,27.874989843133815
5,79,28.041194609714324
5,80,27.880327076777508
5,81,24.737913354414598
5,82,23.030193350832594
5,83,24.474941180259115
5,84,23.325443053900152
5,85,19.815711507358074
5,86,19.73634462888722
5,87,21.562728131811312
5,88,19.62873902880838
5,89,16.332348188413604
5,90,18.03827418339014
5,91,19.79575206683522
5,92,16.60212207772695
5,93,14.936099861378308
5,94,18.371818695603547
5,95,18.894512057146017
5,96,15.55135029739923
5,97,16.702270155642516
5,98,20.112437060529675
5,99,19.08805295742705
5,100,17.41599501907972
5,101,20.257678160517667
5,102,22.67642214848464
5,103,21.247901733811567
5,104,21.531709527408314
5,105,25.05160411015003
5,106,25.990778030878584
5,107,25.018271489923578
5,108,26.904362168356112
5,109,29.934455645541007
5,110,29.922949652239485
5,111,30.031249388650078
6,1,9.564852057702108
6,2,6.402156939823677
6,3,5.4436392305605485
6,4,5.569681383559717
6,5,3.8381624819316618
6,7,3.8393023231630057
6,8,12.672178344799743
6,9,10.612342976605536
6,10,11.385476557655869
6,11,11.749537146359712
6,12,11.223164119846452
6,13,7.793232175411769
6,14,7.011977516743643
6,15,9.032853633149685
6,16,7.673839792555308
6,17,4.164261833226033
6,18,6.738099173331585
6,19,9.07839209657775
6,20,7.592575237151874
6,21,7.336312645004344
6,22,10.626234725560655
6,23,11.936977128374386
6,24,11.794257676277478
6,25,13.44702832645634
6,26,15.856719426715362
6,27,16.771237548376
6,28,17.761866785040798
6,29,19.533778130854486
6,30,20.91658427396647
6,31,22.457593428477292
6,32,23.940754268061557
6,33,25.265317710281256
6,34,26.812090597876917
6,35,28.770807603981492
6,36,29.96999832191657
6,37,30.972092799396382
6,38,32.72600696851704
6,39,34.70181087309546
6,40,37.9586724234394
6,41,38.19124180884887
6,42,40.802158007371226
6,43,39.70313019064881
6,44,35.99793604464926
6,45,34.061432241301446
6,46,30.539717092394095
6,47,31.609684937634572
6,48,30.028054353046407
6,49,26.279427431329868
6,50,25.62531796250606
6,51,26.886626002037477
6,52,25.34631638702385
6,53,21.84672624440507
6,54,22.878149007695686
6,55,24.402663542877782
6,56,21.202315673319546
6,57,19.316257428888314
6,58,22.35440470961568
6,59,22.581927204741152
6,60,19.07100042719529
6,61,19.450223191597512
6,62,22.85147058662943
6,63,24.784302007332418
6,64,26.98414561823638
6,65,29.469458310983985
6,66,31.773060203427743
6,67,32.02361472945801
6,68,30.636238093908702
6,69,30.146249305252034
6,70,30.924580250366088
6,71,34.368119895697966
6,72,34.12347963040666
6,73,33.285729838216234
6,74,30.397221554704995
6,75,29.184355839873547
6,76,29.23266693780335
6,77,27.509315607742344
6,78,24.72451185611731
6,79,24.73366779315498
6,80,24.35819399598614
6,81,21.28770811360539
6,82,19.635494030103196
6,83,20.87027843701602
6,84,19.5929954569799
6,85,16.1590996461718
6,86,16.086898367406555
6,87,17.77779889012016
6,88,15.791225444287695
6,89,12.516090017444313
6,90,14.364782782367362
6,91,16.09186000678642
6,92,12.956723004774883
6,93,11.511696020373718
6,94,15.132925230763915
6,95,15.719048538013213
6,96,12.684935290819524
6,97,14.188293784089655
6,98,17.55092175436149
6,99,16.81908220184532
6,100,15.730317843397609
6,101,18.574534844230147
6,102,20.85433251093611
6,103,19.899385992553505
6,104,20.598610734522474
6,105,23.868737240814113
6,106,24.870514673471636
6,107,24.45737195134425
6,108,26.362414333076472
6,109,29.159647209410245
6,110,29.483380312459285
6,111,29.245330605004018
7,1,11.089090032726192
7,2,8.941324677149876
7,3,6.420106477616589
7,4,5.394465809557428
7,5,5.7540999410653955
7,6,3.8393023231630057
7,8,10.307893622878016
7,9,9.012688328334123
7,10,10.223684901454941
7,11,9.94537821769598
7,12,10.463658123903238
7,13,7.7060712699974925
7,14,5.1254020800177456
7,15,7.463413648916877
7,16,7.871892425925446
7,17,4.704387854625562
7,18,5.122674758603748
7,19,8.615405217192578
7,20,8.665340745657879
7,21,7.694506572205303
7,22,10.039524730887322
7,23,12.407431323595723
7,24,12.818253233218993
7,25,13.489541739989164
7,26,15.828736297805484
7,27,17.560402874116512
7,28,18.429589631654583
7,29,19.498332406259912
7,30,21.115237442261837
7,31,23.124646553047537
7,32,24.21188574140654
7,33,25.146042041425254
7,34,27.059857754811244
7,35,29.183499922476084
7,36,29.917219294690536
7,37,30.81554733893598
7,38,32.96037284134963
7,39,34.9745062711421
7,40,38.02874331630213
7,41,38.39271979672219
7,42,41.26307306088372
7,43,40.47502818607984
7,44,36.72609165860849
7,45,35.138700963578565
7,46,31.504144590194166
7,47,32.446740336850034
7,48,31.124379108667515
7,49,27.397394781781472
7,50,27.24237019218139
7,51,28.549855849884175
7,52,26.58500187041182
7,53,23.309259518862994
7,54,24.757408669071502
7,55,25.90047311422975
7,56,22.435411072724467
7,57,21.07940604239468
7,58,24.181322440865515
7,59,23.8522524389893
7,60,20.275860689848482
7,61,21.17559348420768
7,62,24.288316050092497
7,63,26.641914276034424
7,64,28.574268428707676
7,65,31.339689202937517
7,66,33.344354809273625
7,67,33.768458600686444
7,68,32.038497660564246
7,69,31.14056841652482
7,70,31.490034976878544
7,71,34.73618286063971
7,72,34.08977091707411
7,73,32.88387674016053
7,74,29.918670617220187
7,75,29.179642612278816
7,76,29.203875692494357
7,77,27.038570380033338
7,78,24.499535784106325
7,79,24.971334804474832
7,80,24.236261726085324
7,81,20.887020691493746
7,82,19.89214977239719
7,83,21.310513866492485
7,84,19.495978581380452
7,85,16.14944022706434
7,86,16.91387023412845
7,87,18.34916342294639
7,88,15.724106697941364
7,89,13.07514923051746
7,90,15.52683179024759
7,91,16.58155634384958
7,92,13.147259783751828
7,93,12.749030726448568
7,94,16.37681775993432
7,95,16.173251051133438
7,96,13.294222609497291
7,97,15.629571433381367
7,98,18.534912529710258
7,99,17.220495296344023
7,100,16.660090794593703
7,101,19.917423291978004
7,102,21.617898912403653
7,103,20.376811589033455
7,104,21.667751924834196
7,105,24.991046422858165
7,106,25.450322379439704
7,107,25.186406355941052
7,108,27.542498165019623
7,109,30.035913245165034
7,110,30.051216342695337
7,111,29.431860689206445
8,1,18.385720858382964
8,2,17.15944601374232
8,3,15.503249026815471
8,4,12.263263415894073
8,5,12.09843151596729
8,6,12.672178344799743
8,7,10.307893622878016
8,9,3.88383729415282
8,10,7.331889311343441
8,11,8.981522464334034
8,12,12.071611131503623
8,13,10.81511044437503
8,14,9.237628903541284
8,15,12.648850950558034
8,16,14.68788391167872
8,17,13.532565050760848
8,18,13.88717195972724
8,19,17.200033078745616
8,20,18.302975780172414
8,21,17.891731916480964
8,22,19.559161657812627
8,23,22.190255819211565
8,24,23.06830038461397
8,25,23.398871693451678
8,26,25.5099942408838
8,27,27.657943573805603
8,28,28.530699214763533
8,29,29.17165583341299
8,30,30.86397649417925
8,31,33.170476849855405
8,32,34.005360443097686
8,33,34.61644892374889
8,34,36.75198196365685
8,35,39.02319181481545
8,36,39.372937566611675
8,37,40.110317948691616
8,38,42.56756356177437
8,39,44.650631507258815
8,40,47.48950616026831
8,41,47.895052730241034
8,42,50.96192111632635
8,43,50.3399798296404
8,44,46.59146540629547
8,45,45.21664955029176
8,46,41.56512188476851
8,47,42.51423313443828
8,48,41.304698349716645
8,49,37.58200778787126
8,50,37.519093143375514
8,51,38.850552412915526
8,52,36.81128545508369
8,53,33.597058035568914
8,54,34.9800306077238
8,55,35.98624437411115
8,56,32.464878879790064
8,57,31.059819568416057
8,58,33.890749205468715
8,59,33.35983538754421
8,60,29.647118691407318
8,61,30.258080570000725
8,62,33.115682298290366
8,63,35.69258316158092
8,64,37.8972674739281
8,65,40.8375498721526
8,66,42.95907206114691
8,67,43.69137804939738
8,68,42.00251875098922
8,69,40.873296984344336
8,70,41.06283510415231
8,71,44.096300427924085
8,72,43.18844411877776
8,73,41.49040753012855
8,74,38.657362929102604
8,75,38.43050667349031
8,76,38.14112064335496
8,77,35.55895775842842
8,78,33.54091159144141
8,79,34.1696341720602
8,80,32.786523731661475
8,81,29.458694308723
8,82,29.13107573021562
8,83,30.081948011889462
8,84,27.570548993664836
8,85,24.816177592014117
8,86,25.76327359062349
8,87,26.172329021955967
8,88,22.964471155527743
8,89,21.07732062340265
8,90,22.920448085911957
8,91,22.647360303566163
8,92,18.865764470779958
8,93,18.857104602389487
8,94,21.42574692230408
8,95,19.692514339589952
8,96,16.50253196969665
8,97,18.876181181149164
8,98,20.67053438097299
8,99,17.6901682520559
8,100,16.82214361461105
8,101,20.46823656508967
8,102,21.05627012094954
8,103,18.312657508277688
8,104,19.921227143614207
8,105,23.502562209198633
8,106,22.59545604766621
8,107,21.647005521790636
8,108,24.84078612282535
8,109,26.855710855285235
8,110,25.601670834613206
8,111,24.824734922920243
9,1,17.823965783939663
9,2,15.834207284047519
9,3,14.583702724992406
9,4,11.849276599502442
9,5,10.639192299120573
9,6,10.612342976605536
9,7,9.012688328334123
9,8,3.88383729415282
9,10,3.8808367371281585
9,11,6.453187476069249
9,12,8.870169869125887
9,13,7.335693067799459
9,14,6.820597123828853
9,15,10.369719836885938
9,16,11.812215433209794
9,17,11.120795436310708
9,18,12.267933928574244
9,19,15.153779101565041
9,20,16.03725532773546
9,21,16.328459131746957
9,22,18.21736147743581
9,23,20.335525057769765
9,24,21.39730444191727
9,25,22.285514684128344
9,26,24.1665626546659
9,27,26.023709557003738
9,28,27.293466738620523
9,29,28.236108808248172
9,30,29.56211928023592
9,31,31.795339225234223
9,32,33.04342656515424
9,33,33.68950827274909
9,34,35.483530252093
9,35,37.86756824294788
9,36,38.535248182214204
9,37,39.12097205122881
9,38,41.332225984538695
9,39,43.58343464198791
9,40,46.51188605779843
9,41,46.656031711708415
9,42,49.58534647950797
9,43,48.704824885980365
9,44,44.984855138395424
9,45,43.464347675123946
9,46,39.89427411072089
9,47,41.123867502006874
9,48,39.93556832995535
9,49,36.25332952830324
9,50,35.938551050912324
9,51,37.006109618600306
9,52,35.110056037012846
9,53,31.834873172206468
9,54,32.855110376464474
9,55,33.860013372884865
9,56,30.44130212807322
9,57,28.72320672392662
9,58,31.33203614944588
9,59,30.955858141930737
9,60,27.204944565720247
9,61,27.45393791964839
9,62,30.331676267260764
9,63,32.80261381762437
9,64,35.23228787101217
9,65,38.12221001579
9,66,40.44479862792975
9,67,41.283965295953855
9,68,39.828104132680316
9,69,38.8208222624131
9,70,39.29321538467148
9,71,42.41110216578013
9,72,41.80130800023551
9,73,40.22565236804527
9,74,37.5512020780393
9,75,37.04841361176627
9,76,36.54770541212963
9,77,34.2013025246983
9,78,32.16175072644366
9,79,32.38581395293316
9,80,30.992746178396118
9,81,27.878589590022926
9,82,27.263142418580713
9,83,27.863789516943505
9,84,25.468958471139374
9,85,22.795057375139265
9,86,23.287553580944444
9,87,23.516137243650956
9,88,20.508192328733827
9,89,18.422025611135485
9,90,19.845027042792427
9,91,19.61009304185282
9,92,15.860323016259125
9,93,15.480087772843406
9,94,17.87841559691077
9,95,16.280272086690264
9,96,12.907734841019868
9,97,15.065955780355917
9,98,16.96695734598443
9,99,14.122858521897372
9,100,13.06466046285863
9,101,16.70672888519225
9,102,17.527469018888073
9,103,14.976138814140246
9,104,16.496789980240624
9,105,20.088883540481895
9,106,19.522050787800858
9,107,18.72800221804676
9,108,21.746573588233932
9,109,23.906887417885674
9,110,23.05195716777443
9,111,22.359804478204595
10,1,19.9135058042394
10,2,17.325287653077883
10,3,16.150146122619383
10,4,14.133783812997212
10,5,12.451550774330563
10,6,11.385476557655869
10,7,10.223684901454941
10,8,7.331889311343441
10,9,3.8808367371281585
10,11,3.809545215602641
10,12,5.630949949603463
10,13,5.292194340550984
10,14,6.207232723950475
10,15,8.812624121100606
10,16,10.10494352723725
10,17,10.688064742620037
10,18,12.065768241457192
10,19,14.158448045738718
10,20,15.352777924079545
10,21,16.484280236490505
10,22,18.055422429595037
10,23,19.71072883984205
10,24,21.31087238733122
10,25,22.513163462360215
10,26,23.85959126364736
10,27,25.663671937687713
10,28,27.44904157001282
10,29,28.38433050672325
10,30,29.228099076902797
10,31,31.592320677016698
10,32,33.19118668044286
10,33,33.59486897452142
10,34,35.06046537288438
10,35,37.693090309537766
10,36,38.5025868138301
10,37,38.751011786451706
10,38,40.82642570469729
10,39,43.33807821947792
10,40,46.20190062883804
10,41,46.02955428119597
10,42,48.90811478392206
10,43,47.86825150062846
10,44,44.20484851529934
10,45,42.735211452559014
10,46,39.261180246227156
10,47,40.82889752691236
10,48,39.87794732853169
10,49,36.331505194555945
10,50,35.96134779723103
10,51,36.62907633286836
10,52,34.69972111473039
10,53,31.534224573349825
10,54,32.228228854854954
10,55,32.95943569874376
10,56,29.595803433636625
10,57,27.74540243056532
10,58,29.98527646976311
10,59,29.487950858614568
10,60,25.719712518985293
10,61,25.700205627487904
10,62,28.344975954026886
10,63,30.902332372410513
10,64,33.48039702127359
10,65,36.46064658755276
10,66,38.86899623463838
10,67,40.00822085072919
10,68,38.696503428704254
10,69,37.59846909745133
10,70,38.2039934845178
10,71,41.250090503282394
10,72,40.81744580634589
10,73,39.16354269479515
10,74,36.76065866550249
10,75,36.20252224719692
10,76,35.33410622189074
10,77,33.085481395216604
10,78,31.287194116685242
10,79,31.17544832396897
10,80,29.514575866276896
10,81,26.68159453145733
10,82,26.101596527941886
10,83,26.193530551771985
10,84,23.679183056649034
10,85,21.38721964693159
10,86,21.62722364528277
10,87,21.317669973408673
10,88,18.350733117587847
10,89,16.53748196737082
10,90,17.495682043186168
10,91,16.79564599334205
10,92,13.171667382430128
10,93,12.93815386665816
10,94,14.81103828162015
10,95,12.829495209368229
10,96,9.614377097439865
10,97,11.925389690543431
10,98,13.384693201218914
10,99,10.36557846311691
10,100,9.765013698334284
10,101,13.486855800961127
10,102,13.984174688766448
10,103,11.690883420541809
10,104,13.70720092365268
10,105,17.054626539828604
10,106,16.47729075352431
10,107,16.258681322355738
10,108,19.296679838333763
10,109,21.202722289079308
10,110,20.718681285324024
10,111,19.708744223604306
11,1,20.694308613153556
11,2,18.05868558999214
11,3,16.24957523979596
11,4,14.778054104442587
11,5,13.714268120842451
11,6,11.749537146359712
11,7,9.94537821769598
11,8,8.981522464334034
11,9,6.453187476069249
11,10,3.809545215602641
11,12,3.735039975681103
11,13,5.302956312112083
11,14,5.012794586222319
11,15,6.146647635686306
11,16,8.497161967688239
11,17,9.819167194838982
11,18,10.23012232586432
11,19,11.945199646988927
11,20,13.960380963821764
11,21,15.191877654195666
11,22,16.020461634040814
11,23,17.78920713796658
11,24,19.906483707183224
11,25,20.793290490318686
11,26,21.70427207062744
11,27,23.853551958550145
11,28,25.841709509310316
11,29,26.382270140184772
11,30,27.030656198720315
11,31,29.686393920473524
11,32,31.251971953003505
11,33,31.288459391024546
11,34,32.74243825180489
11,35,35.57392843145564
11,36,36.19823872310429
11,37,36.194739814090006
11,38,38.39156125527584
11,39,41.04099777923127
11,40,43.730693734214796
11,41,43.47262416656173
11,42,46.46085333106681
11,43,45.549528712799265
11,44,41.90649679026953
11,45,40.69672381465672
11,46,37.219825847990435
11,47,38.86593041511816
11,48,38.223219796913725
11,49,34.80468823312783
11,50,34.73610395418304
11,51,35.2092792853939
11,52,32.98951458940814
11,53,30.06132825902562
11,54,30.87844996105893
11,55,31.216211722435943
11,56,27.739400219738314
11,57,26.22155860892599
11,58,28.370574392997472
11,59,27.44246151551467
11,60,23.692295308297084
11,61,24.003283201399352
11,62,26.34912520613544
11,63,29.216221424835563
11,64,31.559831515212146
11,65,34.753164154013945
11,66,36.9186993711238
11,67,38.26291487091556
11,68,36.749302328155984
11,69,35.34782016742477
11,70,35.72455504081598
11,71,38.597445829070104
11,72,38.01013818958055
11,73,36.14457987515644
11,74,33.84752226493384
11,75,33.519211304884834
11,76,32.492929767036735
11,77,30.077869388222428
11,78,28.541875305920502
11,79,28.540845719799773
11,80,26.605904103227378
11,81,23.785755164062085
11,82,23.593306532128217
11,83,23.61345873248057
11,84,20.80335288664187
11,85,18.763589205944857
11,86,19.416221466678483
11,87,18.848697196223636
11,88,15.575144123917596
11,89,14.33713726159405
11,90,15.652448233581008
11,91,14.492770004124417
11,92,10.8747942334416
11,93,11.673781433040316
11,94,13.611234121830154
11,95,11.216133602696875
11,96,8.721666934609901
11,97,11.944524869041235
11,98,13.041233924971534
11,99,10.242398497750386
11,100,10.943348412583573
11,101,14.576067598179879
11,102,14.654769460518642
11,103,13.065896399361963
11,104,15.705449867683042
11,105,18.60446103803218
11,106,17.96445269412676
11,107,18.48108256390762
11,108,21.510248599993982
11,109,23.036254213367723
11,110,22.843756762595824
11,111,21.333191807992886
12,1,20.71962320465355
12,2,17.582749227349197
12,3,16.182260066739314
12,4,15.440587782892477
12,5,13.80584461439273
12,6,11.223164119846452
12,7,10.463658123903238
12,8,12.071611131503623
12,9,8.870169869125887
12,10,5.630949949603463
12,11,3.735039975681103
12,13,3.790226264730048
12,14,5.521059341711688
12,15,5.293483619601546
12,16,6.174452569424935
12,17,8.618496969888312
12,18,9.785356718173478
12,19,10.459064523711794
12,20,12.158681298529974
12,21,14.232277994943097
12,22,15.130117344417776
12,23,16.13778959779003
12,24,18.443081561509658
12,25,19.878302970721744
12,26,20.44851458766916
12,27,22.206679297248822
12,28,24.583977422333678
12,29,25.407341486218
12,30,25.631965525306764
12,31,28.151511950744595
12,32,30.115266371014258
12,33,30.185855850363858
12,34,31.24871218049072
12,35,34.14794273981359
12,36,35.09224940432582
12,37,34.94271066061514
12,38,36.847068906590856
12,39,39.62949749693102
12,40,42.38610023613195
12,41,41.87287438067227
12,42,44.69012099204383
12,43,43.52543962034316
12,44,39.941412863163436
12,45,38.59610732178075
12,46,35.24033931693019
12,47,37.15324745243137
12,48,36.55231249832191
12,49,33.236954365020175
12,50,32.938796017771
12,51,33.115456178110456
12,52,31.055463868810754
12,53,28.13930121797186
12,54,28.568713228330523
12,55,28.859147981394553
12,56,25.545582550734096
12,57,23.74584861605725
12,58,25.600286041787676
12,59,24.81744881284678
12,60,21.086465204254843
12,61,21.006445541280016
12,62,23.323242198908755
12,63,26.07705396154044
12,64,28.620138455375283
12,65,31.75152435030177
12,66,34.091259726642306
12,67,35.53942706016883
12,68,34.26353234372552
12,69,32.99554085418691
12,70,33.664453170174504
12,71,36.603286029005936
12,72,36.34116454517437
12,73,34.654430917379294
12,74,32.54372632423181
12,75,31.905896485813738
12,76,30.685396226855637
12,77,28.58468369243473
12,78,27.029557146443324
12,79,26.576498181269912
12,80,24.6877081561037
12,81,22.177397589221318
12,82,21.640576159371392
12,83,21.249370171012497
12,84,18.65449145260059
12,85,16.776257416567386
12,86,16.84713025382845
12,87,16.044105533270127
12,88,13.112484486155239
12,89,11.684838634409205
12,90,12.402925993788061
12,91,11.262215931720087
12,92,7.716113225126015
12,93,8.17493474072183
12,94,9.892364241258996
12,95,7.66796933650286
12,96,5.0251540870644185
12,97,8.439168603105472
12,98,9.70590367051388
12,99,7.527747637187994
12,100,8.546631558101495
12,101,11.927238833302795
12,102,12.365884992817334
12,103,11.591906260262185
12,104,14.081537492262562
12,105,16.70387971272972
12,106,16.677326063036197
12,107,17.5671588157095
12,108,20.154814730605015
12,109,21.78418408714157
12,110,22.20250633822911
12,111,20.81173723510193
13,1,17.242580856862713
13,2,14.058985844331326
13,3,13.022890542284623
13,4,12.18753955613086
13,5,10.157371283662965
13,6,7.793232175411769
13,7,7.7060712699974925
13,8,10.81511044437503
13,9,7.335693067799459
13,10,5.292194340550984
13,11,5.302956312112083
13,12,3.790226264730048
13,14,3.806643043875952
13,15,5.5429508803916825
13,16,5.165456554108192
13,17,6.11708682346148
13,18,8.368201014200217
13,19,9.750876400818896
13,20,10.436211148897446
13,21,12.184050579878116
13,22,13.945589228137962
13,23,14.997022710927734
13,24,16.62165764503949
13,25,18.297165500769903
13,26,19.466791046593542
13,27,20.90387497002059
13,28,22.93505021329533
13,29,24.16019100002996
13,30,24.727614620347442
13,31,26.917054604380457
13,32,28.815936061850092
13,33,29.339507054415694
13,34,30.52232611175213
13,35,33.134159913076964
13,36,34.23522935735852
13,37,34.46897714978806
13,38,36.28887056846267
13,39,38.83361653455565
13,40,41.8032640445681
13,41,41.50323832221262
13,42,44.22967550443586
13,43,43.01417434792377
13,44,39.37482892194841
13,45,37.75888858369284
13,46,34.34635096515092
13,47,36.041643389865776
13,48,35.07306376089686
13,49,31.586758717218075
13,50,31.06540698897624
13,51,31.566135828957325
13,52,29.744926768643886
13,53,26.56261006609415
13,54,27.06515843505736
13,55,27.825633206027288
13,56,24.553170962844252
13,57,22.543358468600417
13,58,24.748734131902335
13,59,24.408180443582065
13,60,20.652433286388405
13,61,20.524927974633528
13,62,23.31918164893127
13,63,25.7574138438018
13,64,28.356664399168714
13,65,31.25915959156936
13,66,33.7232103832433
13,67,34.790117692021724
13,68,33.571500067365676
13,69,32.62592593829044
13,70,33.43551144509478
13,71,36.602335480240995
13,72,36.41709010781458
13,73,35.03278917709607
13,74,32.66124184235803
13,75,31.765515584015013
13,76,30.923661912031825
13,77,28.976270981906687
13,78,26.97037148489984
13,79,26.5723736357698
13,80,25.174826769865863
13,81,22.469226068097534
13,82,21.45525262600933
13,83,21.507299998817054
13,84,19.348663184459728
13,85,16.869998628789308
13,86,16.703901954395327
13,87,16.69488978075365
13,88,14.074503020588711
13,89,11.709921403056034
13,90,12.636015426541418
13,91,12.620801915368752
13,92,8.97081815067142
13,93,8.147466899758633
13,94,10.757177425203288
13,95,9.76658615344016
13,96,6.307109290227782
13,97,8.764978798958499
13,98,11.241341480229076
13,99,9.5579026520532
13,100,9.133451536495725
13,101,12.527429503126928
13,102,13.938278120702199
13,103,12.882535163661508
13,104,14.496482969218892
13,105,17.5818727309288
13,106,18.021575716700447
13,107,18.22397542086206
13,108,20.57532234071265
13,109,22.787643601738672
13,110,23.131660287548616
13,111,22.315452134310547
14,1,15.956542591784281
14,2,13.299997540235156
14,3,11.30961986568325
14,4,10.268680375633773
14,5,9.442923555497984
14,6,7.011977516743643
14,7,5.1254020800177456
14,8,9.237628903541284
14,9,6.820597123828853
14,10,6.207232723950475
14,11,5.012794586222319
14,12,5.521059341711688
14,13,3.806643043875952
14,15,3.8793138880005715
14,16,5.534141902971998
14,17,5.204683534782612
14,18,5.868723635827598
14,19,8.373708047517516
14,20,9.754268974804184
14,21,10.485118425503323
14,22,11.88398156025522
14,23,13.811858942227051
14,24,15.410136718101077
14,25,16.35626333521019
14,26,17.7538129938721
14,27,19.712515554524
14,28,21.385359810852126
14,29,22.195676873130044
14,30,23.14913862751447
14,31,25.55385120021668
14,32,27.028127667656612
14,33,27.436992880814973
14,34,29.016840488024044
14,35,31.59281427019302
14,36,32.336405537284556
14,37,32.68563994751164
14,38,34.8174100529117
14,39,37.23984488846818
14,40,40.11741057194483
14,41,40.0780301110776
14,42,42.99833961212065
14,43,42.0899072792585
14,44,38.38787370361143
14,45,36.98315396935367
14,46,33.432632392566425
14,47,34.842740366673986
14,48,33.92673989374623
14,49,30.382511052489743
14,50,30.246274543714396
14,51,31.002984747204362
14,52,28.886902585704398
14,53,25.793849159625033
14,54,26.820190646049344
14,55,27.4810551252733
14,56,23.981479131175544
14,57,22.47204373035193
14,58,25.0304607014553
14,59,24.362299471883016
14,60,20.61120452776505
14,61,21.160945514538387
14,62,23.909035695705658
14,63,26.581858422795406
14,64,28.784376854490503
14,65,31.81841983925523
14,66,33.947879371627074
14,67,34.907989135735754
14,68,33.313959023558056
14,69,32.13924136633374
14,70,32.555813517613984
14,71,35.63681321108784
14,72,35.07966458076487
14,73,33.5349832734178
14,74,30.945695078548287
14,75,30.363674727818502
14,76,29.762873279691743
14,77,27.491527626381533
14,78,25.46863640545608
14,79,25.592547401994874
14,80,24.18602576917342
14,81,21.1117777042727
14,82,20.481163272004792
14,83,21.07778967295352
14,84,18.699214328049468
14,85,15.975648242659469
14,86,16.619514246224224
14,87,16.98171305144202
14,88,13.931712662867936
14,89,11.845887245925695
14,90,13.792769867867978
14,91,13.79256011013769
14,92,10.032337303864782
14,93,10.207804029935845
14,94,13.290971727044521
14,95,12.155124418245464
14,96,9.298867981667408
14,97,12.250612469942185
14,98,14.52940310483688
14,99,12.730428880597476
14,100,12.76294201195551
14,101,16.235643238783304
14,102,17.339640420341436
14,103,16.124236217245866
14,104,18.01402423049693
14,105,21.134550126527554
14,106,21.243582910643568
14,107,21.42983172151594
14,108,24.029885560475854
14,109,26.116009373042264
14,110,26.182320451260516
14,111,25.15857509068824
15,1,17.959474658366727
15,2,15.120535932035596
15,3,12.876933201578934
15,4,12.82734678181261
15,5,12.276088076137148
15,6,9.032853633149685
15,7,7.463413648916877
15,8,12.648850950558034
15,9,10.369719836885938
15,10,8.812624121100606
15,11,6.146647635686306
15,12,5.293483619601546
15,13,5.5429508803916825
15,14,3.8793138880005715
15,16,3.82077281947936
15,17,5.490098372284741
15,18,4.913421653716891
15,19,5.836050383433654
15,20,8.368034904998916
15,21,9.798122819027189
15,22,10.131789821983944
15,23,11.727227803037554
15,24,14.140464267943129
15,25,15.01636194231066
15,26,15.633559416153462
15,27,17.801940403897618
15,28,19.957282567775227
15,29,20.456727952431848
15,30,20.92318764389977
15,31,23.60576699734462
15,32,25.27434430488647
15,33,25.27256469266431
15,34,26.620490389805948
15,35,29.47359425880712
15,36,30.187847323990134
15,37,30.166092269207834
15,38,32.280856239885104
15,39,34.941024145018204
15,40,37.66780976302385
15,41,37.390455346230745
15,42,40.34608846159806
15,43,39.435211945201885
15,44,35.77952328543828
15,45,34.58360404073127
15,46,31.090998150048907
15,47,32.743796607628084
15,48,32.193185488635244
15,49,28.851561120014402
15,50,28.917292055852116
15,51,29.287353544353316
15,52,26.938308493894706
15,53,24.12373326010434
15,54,25.06215357175097
15,55,25.248574519717312
15,56,21.70397685492632
15,57,20.422769893693484
15,58,22.707140501901176
15,59,21.61979926895563
15,60,17.884212083480072
15,61,18.622049636970377
15,62,21.010637487314664
15,63,23.972165069606294
15,64,26.022123883319644
15,65,29.259454209730126
15,66,31.223028107183595
15,67,32.470121414331665
15,68,30.787747191877227
15,69,29.34412331090686
15,70,29.66722890506932
15,71,32.60237090484055
15,72,32.048580901248165
15,73,30.35178925277775
15,74,27.973043424694435
15,75,27.48024411896191
15,76,26.582486406420795
15,77,24.274925873005742
15,78,22.532261506465588
15,79,22.532268319022183
15,80,20.8158236201743
15,81,17.888244265450254
15,82,17.526028661747734
15,83,17.82097672143958
15,84,15.174726539997156
15,85,12.782641476382109
15,86,13.658651826762553
15,87,13.621921417968126
15,88,10.318975798781741
15,89,8.81798011062537
15,90,11.036848007822245
15,91,10.601050103451607
15,92,6.970840806494722
15,93,8.321256880904329
15,94,11.313899905959541
15,95,10.071633408352648
15,96,8.265144953245045
15,97,11.696393794419356
15,98,13.559939120325714
15,99,12.32080151899857
15,100,13.339171122159852
15,101,16.487484774124763
15,102,17.301411887448417
15,103,16.82625547336318
15,104,19.086951344034684
15,105,21.726746941607843
15,106,21.92827639184527
15,107,22.75423165471225
15,108,25.224772387721124
15,109,27.00283398848631
15,110,27.45963182358207
15,111,26.097068582733197
16,1,16.806063399140257
16,2,13.452983613212025
16,3,11.977025705334952
16,4,12.632937069820416
16,5,11.299393326734796
16,6,7.673839792555308
16,7,7.871892425925446
16,8,14.68788391167872
16,9,11.812215433209794
16,10,10.10494352723725
16,11,8.497161967688239
16,12,6.174452569424935
16,13,5.165456554108192
16,14,5.534141902971998
16,15,3.82077281947936
16,17,3.800991366984634
16,18,5.432292488965328
16,19,5.03313295933927
16,20,6.023152418724694
16,21,8.58820111798346
16,22,9.708683290954822
