1,2,3.0366412672214036
1,3,4.87226110456432
1,4,8.035320784462035
1,5,11.22804957101079
1,6,13.324933013900024
1,7,17.023096271016794
1,8,19.846920970015635
1,9,19.548776991294428
1,10,22.479920360232086
1,11,23.627948896868876
1,12,21.57004678152086
1,13,23.887650114688057
1,14,25.537784244049984
1,15,24.54387306567097
1,16,20.94726726001688
1,17,18.937656787441952
1,18,18.64038612690381
1,19,18.891293636629705
1,20,19.2314158685224
1,21,18.03080892510495
1,22,17.273603883603478
1,23,18.26435987869394
1,24,18.344766692486758
1,25,21.799931621183585
1,26,20.177716614067954
1,27,21.442617583632085
1,28,19.533160734386055
1,29,21.783446223954982
1,30,21.85273299262479
1,31,23.215812609498485
1,32,25.39843650160528
1,33,27.525992693819862
1,34,30.215860174187878
1,35,32.26472414238425
1,36,23.792566445599363
1,37,23.693069816430892
1,38,24.67402494724239
1,39,22.196135340224593
1,40,24.179104306570068
1,41,24.51079508782247
1,42,24.962515969389493
1,43,23.924958268029226
1,44,25.231066010313512
1,45,28.279992755883658
1,46,29.428761743538892
1,47,27.418186543983477
1,48,25.371583535063063
1,49,21.637654936316444
1,50,19.350974056282112
1,51,16.77009922324994
1,52,15.522616355812128
1,53,12.897233009162612
1,54,13.947503087239031
1,55,13.714866518687394
1,56,15.774458445171371
1,57,17.985221141376048
1,58,15.940196568815695
1,59,13.385666728780299
1,60,10.771146324945612
1,61,9.215904828527915
1,62,11.431993635103657
1,63,11.760366194364039
1,64,14.895927128103471
1,65,16.438180373051043
1,66,19.807793833626018
1,67,20.911562478511968
1,68,19.350898044910572
1,69,22.137675783021166
1,70,23.804188571394022
1,71,21.941408666082605
1,72,19.675753684228262
1,73,22.94281961383124
1,74,23.76835799932122
1,75,20.54583782555783
1,76,17.468749421884027
1,77,15.460036741952818
1,78,14.483151139622208
1,79,12.73492183481222
1,80,11.690788136201279
1,81,14.931345043256869
1,82,14.144731847979104
1,83,11.402698213717859
1,84,11.620422730797552
1,85,12.367351188754888
1,86,11.764580164214628
1,87,14.594550576391379
1,88,15.007405452748822
1,89,16.283431970417457
1,90,17.207794247042592
1,91,14.407582360155809
1,92,11.691961157424775
1,93,10.990324977249196
1,94,11.185419209438798
1,95,9.086683333423645
1,96,6.446022082072239
1,97,7.3135550546977015
1,98,5.597714508534343
1,99,7.946015647564052
1,100,11.072856828972956
1,101,12.529014041027855
1,102,12.732743247620833
1,103,16.35690877993873
1,104,17.534396762181597
1,105,20.149174547512626
1,106,22.53102599720267
1,107,23.002484411358868
1,108,25.27559305467517
1,109,24.862725513306334
1,110,27.47859894859575
1,111,27.112093575465586
1,112,30.384447602545297
1,113,32.18214174200276
1,114,30.946700122144915
1,115,29.211656062385014
1,116,25.949732505637552
1,117,25.042989261791682
1,118,21.394167463291545
1,119,19.43463361455668
1,120,16.49065242783401
1,121,14.017340190575453
1,122,13.780486967080424
1,123,14.041313666632094
2,1,3.0366412672214036
2,3,3.8592775955082237
2,4,5.805231187199814
2,5,9.439526692825462
2,6,11.467298619790457
2,7,15.098602525205113
2,8,18.241788323649214
2,9,18.284766564204915
2,10,21.053188973857356
2,11,22.377599336346645
2,12,20.446289616670974
2,13,22.8234915310337
2,14,24.86679333718722
2,15,23.8855492728323
2,16,20.18488005838244
2,17,18.64176796604653
2,18,18.86002322793953
2,19,19.576343622157673
2,20,19.92668160492454
2,21,18.38935733333285
2,22,17.961763097982494
2,23,18.67699006030035
2,24,18.989604088862738
2,25,22.37866578591845
2,26,21.022597644304067
2,27,22.608869692524603
2,28,20.764323615177176
2,29,22.750751845463803
2,30,22.63280346485896
2,31,23.52188707689685
2,32,25.5329345234715
2,33,27.333465834351305
2,34,29.7906871818425
2,35,32.0584842359913
2,36,23.554345692879945
2,37,23.06345941309065
2,38,23.835673239611427
2,39,21.52073867594034
2,40,23.232888763594982
2,41,23.79294447166716
2,42,24.216818517534673
2,43,23.523060444890092
2,44,25.230679156047895
2,45,28.314748914032517
2,46,29.150238895919756
2,47,27.088908758047207
2,48,25.31498838248569
2,49,21.649856109814127
2,50,19.189695909185524
2,51,16.454828183286
2,52,15.426223784714939
2,53,13.003578865673148
2,54,14.062889275674822
2,55,13.71299702354113
2,56,15.18870639870567
2,57,17.49166068432488
2,58,15.248036460750924
2,59,13.320674453511625
2,60,10.187743765474497
2,61,9.039382902784522
2,62,10.53100207010109
2,63,10.896200117792405
2,64,13.778937989738067
2,65,15.448991545560974
2,66,18.66394669329843
2,67,19.38554888958843
2,68,17.963263977114174
2,69,20.83157462124322
2,70,24.286838975668733
2,71,22.012153441676105
2,72,19.876461425170422
2,73,23.073477863079873
2,74,23.439419824016657
2,75,19.985605383189743
2,76,17.21238577988246
2,77,14.914178394468697
2,78,14.566502582346065
2,79,13.591104494845725
2,80,12.493116368202493
2,81,15.831370005409987
2,82,14.956656904161086
2,83,12.054303894628266
2,84,13.13070235081676
2,85,14.121321072081086
2,86,13.457518924037805
2,87,16.302370276834775
2,88,17.15479030303048
2,89,18.27005708882226
2,90,19.257620743155705
2,91,16.23852343340859
2,92,13.820177801264885
2,93,13.496775549612597
2,94,13.126914127061958
2,95,10.569121781862181
2,96,8.733874567310332
2,97,10.014387737310338
2,98,8.58417145781188
2,99,10.9247400024737
2,100,14.10207503428582
2,101,15.502512773869052
2,102,15.566108282245676
2,103,19.122804545979587
2,104,20.18964104523275
2,105,22.568846389303424
2,106,24.77512876388955
2,107,24.905970048921272
2,108,26.879273946978675
2,109,26.079068745130122
2,110,28.392948354175264
2,111,27.688801592989687
2,112,30.747728877861228
2,113,32.84263222700023
2,114,31.81663851252433
2,115,30.39480687544366
2,116,27.26136534319957
2,117,26.728545411215723
2,118,23.201497246820928
2,119,21.59057414082559
2,120,18.637297559747996
2,121,16.48734534115373
2,122,16.08413947996587
2,123,16.379715314261038
3,1,4.87226110456432
3,2,3.8592775955082237
3,4,3.8634563462233897
3,5,6.587324774566556
3,6,9.315271440761212
3,7,13.092328807149391
3,8,16.07239407516608
3,9,16.464318754440043
3,10,19.649463137425823
3,11,21.470943504962822
3,12,20.106994324487747
3,13,22.978781864168067
3,14,25.07356352367443
3,15,24.67645053685215
3,16,21.162547507900626
3,17,19.400936005587106
3,18,19.99207200741709
3,19,20.224984208128724
3,20,19.83763029631657
3,21,17.75170612195233
3,22,16.70509394134362
3,23,16.70391090789409
3,24,16.459484641303455
3,25,19.575113867973958
3,26,18.078711012477044
3,27,20.092419382296153
3,28,18.768378325736254
3,29,21.01407437925909
3,30,21.42181613737881
3,31,22.30358366069641
3,32,24.727386906409187
3,33,26.74372550527123
3,34,28.946986395340225
3,35,30.918684036449648
3,36,23.131617323163503
3,37,22.295880237717924
3,38,22.554017450273378
3,39,19.8247774060494
3,40,21.171582703173325
3,41,21.232016425504934
3,42,21.230149356094525
3,43,20.236429118376332
3,44,22.06357282639405
3,45,24.964733562280212
3,46,25.96165587501966
3,47,24.19043866924603
3,48,22.657094372684217
3,49,18.93266823999088
3,50,16.119226498481606
3,51,13.818990978328735
3,52,13.527946898842504
3,53,11.902068501995425
3,54,13.956630188532145
3,55,14.629407493159077
3,56,16.516327535446706
3,57,19.385782860236827
3,58,17.709136181871322
3,59,15.696977421562666
3,60,12.34245766266472
3,61,10.14467594026551
3,62,10.707267843530866
3,63,9.680394734703462
3,64,11.906078508083354
3,65,12.760537623113118
3,66,15.762479256884683
3,67,16.419463086674455
3,68,14.626447641071865
3,69,17.349391432784603
3,70,20.525080409614603
3,71,18.166503216425077
3,72,16.102484628648362
3,73,19.355412723210783
3,74,19.65939597292395
3,75,16.264421731079086
3,76,13.554825223844569
3,77,11.598255894252809
3,78,11.611822150395422
3,79,10.856143444590549
3,80,9.185691144359328
3,81,12.366497626251558
3,82,11.452819449003314
3,83,8.740773246907894
3,84,10.515382692381666
3,85,11.42189356340858
3,86,10.86383994876213
3,87,13.915564452575461
3,88,15.513619806311477
3,89,17.066647740582507
3,90,18.772815827718663
3,91,16.18284531450681
3,92,13.391212733713884
3,93,13.981095051733753
3,94,14.195223493781324
3,95,11.104306333169445
3,96,9.123458698790003
3,97,11.381437318919952
3,98,9.844528585845012
3,99,10.907130361953653
3,100,14.540455823625756
3,101,15.662390249704401
3,102,14.796471032960016
3,103,17.99330429185399
3,104,18.730903849157635
3,105,20.575264101235394
3,106,22.54775882784797
3,107,22.203270391625377
3,108,23.897664997781323
3,109,22.825504777410035
3,110,24.985626640335315
3,111,24.259134514553033
3,112,27.265280225770685
3,113,29.389526745998484
3,114,28.593087838035895
3,115,27.2839689403298
3,116,24.355434935665038
3,117,24.101080396254357
3,118,20.742748469194076
3,119,19.49196119486577
3,120,16.400415062555304
3,121,14.756495955533817
3,122,14.113501319496345
3,123,14.86056155790624
4,1,8.035320784462035
4,2,5.805231187199814
4,3,3.8634563462233897
4,5,3.814331518721873
4,6,6.229589432647046
4,7,9.869445848453797
4,8,13.236530763402481
4,9,14.107020873381352
4,10,17.052662304980093
4,11,19.144635298055857
4,12,18.08995866243022
4,13,21.082430221196127
4,14,23.622298868527118
4,15,23.396140067374525
4,16,19.9114373737659
4,17,18.709868965112364
4,18,19.986286475786276
4,19,20.662969602873
4,20,20.189730801933635
4,21,17.6940204780413
4,22,17.09465268718373
4,23,16.715934076903192
4,24,16.875890995530046
4,25,19.804699126717985
4,26,18.817973453801883
4,27,21.12186162019118
4,28,19.854145792509257
4,29,21.61727634819584
4,30,21.747051009720504
4,31,21.96537624448982
4,32,24.13377196366321
4,33,25.712163707212124
4,34,27.549573470535783
4,35,29.74345711381685
4,36,22.145375816753578
4,37,20.773232398364215
4,38,20.684947014659436
4,39,18.1996957820208
4,40,19.13409266273404
4,41,19.520591307457174
4,42,19.547104125536624
4,43,19.13662824909102
4,44,21.452361598635143
4,45,24.40452647340102
4,46,24.886044114696404
4,47,23.002806075596734
4,48,21.843327274470514
4,49,18.334576494467065
4,50,15.445992689489614
4,51,12.960588114353895
4,52,12.998435100444087
4,53,11.852134432030146
4,54,13.880995648413995
4,55,14.581199853554557
4,56,15.788576941394597
4,57,18.818301318237918
4,58,17.236004174901126
4,59,15.962098319874974
4,60,12.254497898822198
4,61,10.400148860497831
4,62,9.710572367637136
4,63,8.45617499987541
4,64,9.946342770406373
4,65,10.924248354836086
4,66,13.629785344990294
4,67,13.817221408246773
4,68,12.449719008646994
4,69,15.437169131132348
4,70,21.236116700790724
4,71,18.414175574257776
4,72,16.43243733003509
4,73,19.33627389649457
4,74,19.026123718870874
4,75,15.349638279598807
4,76,13.13897221935862
4,77,10.663000236650184
4,78,11.594996192803285
4,79,12.091893458706705
4,80,10.832154911339508
4,81,13.960714930909301
4,82,13.339054250324885
4,83,10.996589193994062
4,84,13.565314235663507
4,85,14.332994289235122
4,86,13.43527253777359
4,87,16.095049385397832
4,88,18.04469509854197
4,89,19.202672661422234
4,90,20.880469815013928
4,91,18.094706574793292
4,92,15.808740790639053
4,93,16.791348391724362
4,94,16.370975153423913
4,95,12.924867358424377
4,96,11.910934847801414
4,97,14.470591115087593
4,98,13.394372740167995
4,99,14.615239956671447
4,100,18.168860590242016
4,101,19.48969344856938
4,102,18.536497035789964
4,103,21.612157076028844
4,104,22.05738958826607
4,105,23.631583397835907
4,106,25.242629695539772
4,107,24.521571679694837
4,108,25.74047892654812
4,109,24.16358098186089
4,110,25.8276047585175
4,111,24.57179689911794
4,112,27.209207003847595
4,113,29.73824412632895
4,114,29.16215122812269
4,115,28.337902380956994
4,116,25.60070148258884
4,117,25.86807343319344
4,118,22.75920586665241
4,119,22.0262735127914
4,120,19.156430905604793
4,121,18.009052047868618
4,122,17.48704871723241
4,123,18.44766458249868
5,1,11.22804957101079
5,2,9.439526692825462
5,3,6.587324774566556
5,4,3.814331518721873
5,6,3.7750159170805495
5,7,7.181074221908244
5,8,10.324720298633048
5,9,11.798660849407533
5,10,15.002912831739044
5,11,17.65147086662945
5,12,17.34203195538534
5,13,20.73679590326332
5,14,23.36543626386927
5,15,23.748940553836206
5,16,20.58231203027385
5,17,19.393595857685547
5,18,21.134575798494897
5,19,21.521219425594516
5,20,20.418412816747264
5,21,17.408702776791472
5,22,16.48938243236225
5,23,15.290111782839473
5,24,15.150066575575567
5,25,17.59915942630203
5,26,16.834640250271793
5,27,19.56589755886577
5,28,18.81146260946538
5,29,20.474686911890256
5,30,20.927159812983625
5,31,20.83763299146539
5,32,23.210769469773595
5,33,24.78028865157131
5,34,26.203450406567256
5,35,28.1588287169812
5,36,21.49515804813737
5,37,19.643688871507585
5,38,18.908994555780374
5,39,16.179745266080904
5,40,16.519921041595296
5,41,16.527461106797183
5,42,16.152450277542087
5,43,15.774348869581795
5,44,18.418312220232455
5,45,21.21088975866357
5,46,21.555487974413044
5,47,19.885319320153062
5,48,19.149582541160925
5,49,15.791064388899292
5,50,12.619874831144573
5,51,10.60380108160596
5,52,11.629869227369827
5,53,11.645675056675094
5,54,14.337673167882794
5,55,15.844402384371882
5,56,17.130843226277197
5,57,20.51908618106292
5,58,19.507116099452688
5,59,18.35281896297633
5,60,14.648589922199454
5,61,12.305736200792976
5,62,10.626975594364712
5,63,8.12390762332605
5,64,8.118820013566912
5,65,7.990998345565281
5,66,10.166917507260957
5,67,10.102563515028816
5,68,8.662877789694413
5,69,11.807433204531282
5,70,18.70355492725041
5,71,15.651296462321643
5,72,13.722871062904401
5,73,16.310661013268607
5,74,15.636069007853786
5,75,11.880690694215398
5,76,10.074741126439534
5,77,7.647175304839455
5,78,9.586941418606841
5,79,11.096452469583655
5,80,9.854523578662278
5,81,12.513818492261155
5,82,12.292564508360723
5,83,10.79980510608533
5,84,13.971230390558661
5,85,14.341094142256168
5,86,13.289358894544513
5,87,15.596426427826128
5,88,18.16205656051567
5,89,19.365338116401798
5,90,21.4930393188505
5,91,19.070513809096905
5,92,16.869223023970925
5,93,18.581209632548042
5,94,18.327569000979892
5,95,14.62743050112522
5,96,13.953146094389691
5,97,17.028004328739073
5,98,16.157983875243698
5,99,16.665228487484754
5,100,20.280514751855502
5,101,21.550885442928898
5,102,19.98805850447276
5,103,22.63391541011352
5,104,22.61968486836168
5,105,23.62173170754753
5,106,24.77425197609061
5,107,23.52282446294281
5,108,24.209551874549323
5,109,22.167896364092687
5,110,23.38052941801366
5,111,21.807384002233466
5,112,24.162766299971697
5,113,26.908633098154795
5,114,26.613199759393623
5,115,26.162139724297685
5,116,23.737661286642748
5,117,24.512172143100344
5,118,21.76984068341855
5,119,21.63855645690689
5,120,18.95492867141792
5,121,18.531625389430225
5,122,18.045961666307882
5,123,19.48372273205624
6,1,13.324933013900024
6,2,11.467298619790457
6,3,9.315271440761212
6,4,6.229589432647046
6,5,3.7750159170805495
6,7,3.7792082138826446
6,8,7.011260919321548
6,9,8.329321544298208
6,10,11.310896405155694
6,11,13.986587237222219
6,12,13.890922280301742
6,13,17.368196570367136
6,14,20.160149256126527
6,15,20.79620008876438
6,16,17.85358719519595
6,17,16.990285850832986
6,18,19.247702222762985
6,19,19.844097885845517
6,20,18.629661906072883
6,21,15.402165234831209
6,22,15.0288971229772
6,23,13.757275671983573
6,24,14.369386274849127
6,25,16.757859933749007
6,26,16.687392712483632
6,27,19.216272180581832
6,28,18.2050268367153
6,29,19.18923431008759
6,30,19.185386789912936
6,31,18.499667279540194
6,32,20.53485240732999
6,33,21.735136162746446
6,34,22.92538777217609
6,35,25.05406669587258
6,36,18.552136885996887
6,37,16.3730956266857
6,38,15.491980835050075
6,39,13.066102967909199
6,40,13.346743848140832
6,41,13.9448397785825
6,42,14.152991585014309
6,43,14.583093676055931
6,44,17.252280935925313
6,45,20.301826182897106
6,46,20.048301392346172
6,47,17.933886871360812
6,48,17.20695061475801
6,49,14.176801840424263
6,50,11.52472959058882
6,51,8.9912795781805
6,52,9.81166452447446
6,53,10.218358630722097
6,54,12.629114588908376
6,55,14.274880075745955
6,56,15.127756372363141
6,57,18.641800252736374
6,58,18.13045757848522
6,59,17.4214179915377
6,60,13.815421480330244
6,61,11.60288622104594
6,62,8.899121672260662
6,63,6.251752982220348
6,64,5.17036053543554
6,65,5.798534827054977
6,66,8.088121510477112
6,67,8.510233095165708
6,68,8.63415547342588
6,69,12.313863299851441
6,70,20.236501942389904
6,71,17.27256410499748
6,72,14.96748114424859
6,73,16.8607592393082
6,74,16.131170162260574
6,75,12.363987806476901
6,76,10.66686099846151
6,77,7.388643141426349
6,78,9.277455989526716
6,79,11.658019369550546
6,80,11.59320048461218
6,81,14.384011352161288
6,82,14.991495314613225
6,83,14.066686609331231
6,84,17.066181728382798
6,85,16.811369913721048
6,86,15.041338877023636
6,87,16.605016832448584
6,88,19.032217095954504
6,89,19.553250697909107
6,90,21.404603804382045
6,91,18.856226745839685
6,92,17.338346635260326
6,93,19.36337617928795
6,94,18.519027770707925
6,95,14.719536920745998
6,96,15.0218289198201
6,97,18.340912344362835
6,98,18.18697522238358
6,99,18.761289008529896
6,100,22.13184511147605
6,101,23.89333740324656
6,102,22.35132839188973
6,103,24.92623276760731
6,104,24.48281351400581
6,105,25.449609654580744
6,106,26.186959227900825
6,107,24.906922090546217
6,108,25.253433693300114
6,109,22.98273645942131
6,110,23.831248286645643
6,111,21.76220863347031
6,112,23.823660338324025
6,113,26.840566441124853
6,114,26.39211507989665
6,115,26.324159645787415
6,116,23.902880627726997
6,117,24.996901046599938
6,118,22.461741038152592
6,119,22.720513498558383
6,120,20.52772258002703
6,121,20.481199270422728
6,122,20.577435986625105
6,123,22.406186673321624
7,1,17.023096271016794
7,2,15.098602525205113
7,3,13.092328807149391
7,4,9.869445848453797
7,5,7.181074221908244
7,6,3.7792082138826446
7,8,3.8128037663954157
7,9,6.220991636628381
7,10,8.622966751556744
7,11,11.820316877104222
7,12,12.610290129589412
7,13,16.182752503660016
7,14,19.22006594138688
7,15,20.338472014008143
7,16,17.843167141379546
7,17,17.484499361164296
7,18,20.291864423994458
7,19,21.014594543239387
7,20,19.559134311095452
7,21,16.103749730518246
7,22,16.06803138115908
7,23,14.369875702073912
7,24,15.297036618424212
7,25,17.130721529966966
7,26,17.685166653729645
7,27,20.25375994253327
7,28,19.43690850884717
7,29,19.842911526374827
7,30,19.65759005713343
7,31,18.27800459319071
7,32,19.992703960688175
7,33,20.70438281657631
7,34,21.297499467785624
7,35,23.456379474880404
7,36,17.907428455258643
7,37,15.110615741966518
7,38,13.558291691609849
7,39,11.54425762353134
7,40,10.992160872447608
7,41,11.958548655645902
7,42,12.28153620981163
7,43,13.608375756381541
7,44,16.566323998858884
7,45,19.50211994466719
7,46,18.57755780431457
7,47,16.3784519681714
7,48,16.185007772162837
7,49,13.801983664025492
7,50,11.563288318216923
7,51,9.394263111015531
7,52,10.654496143989695
7,53,11.897589172396138
7,54,14.058547686152599
7,55,15.864479538888173
7,56,16.202723459510526
7,57,19.68680323012452
7,58,19.63276151266763
7,59,19.43865238054299
7,60,16.033572406110594
7,61,14.091813752949994
7,62,10.757055052853081
7,63,8.240725541107627
7,64,5.567441358368991
7,65,5.670949935189782
7,66,6.475797351675591
7,67,6.492714282355275
7,68,8.210136117728382
7,69,11.835732869701852
7,70,21.37158154241197
7,71,18.344839144102902
7,72,16.165778394248445
7,73,17.316177901471768
7,74,16.132121909880574
7,75,12.582604671987424
7,76,11.688649757497776
7,77,8.557647684893961
7,78,10.874869478784706
7,79,13.985255155365381
7,80,14.361147240628846
7,81,16.751910043702683
7,82,17.70949669688699
7,83,17.239949381862015
7,84,20.37738736939847
7,85,19.90222896024954
7,86,17.956184751838354
7,87,19.03632076909548
7,88,21.57634012789522
7,89,21.76831284069116
7,90,23.580475129076575
7,91,21.1561011467426
7,92,20.07887422162833
7,93,22.378981652207294
7,94,21.28838234263696
7,95,17.51512676020375
7,96,18.30826460160461
7,97,21.72609156196781
7,98,21.82948777829469
7,99,22.320217140092662
7,100,25.596741524639516
7,101,27.47800953244676
7,102,25.802879046133846
7,103,28.199296130455096
7,104,27.463758277213245
7,105,28.161736199645887
7,106,28.511738600074338
7,107,26.959876162062343
7,108,26.830235419652958
7,109,24.199777682511296
7,110,24.488288041374563
7,111,21.937108809188135
7,112,23.466041659659687
7,113,26.78596262029475
7,114,26.519605686203974
7,115,26.981643880033474
7,116,24.86196239095166
7,117,26.430671726634486
7,118,24.285660545020633
7,119,25.02678671592097
7,120,23.1716028191922
7,121,23.545588648768085
7,122,23.803068082392233
7,123,25.838059827180352
8,1,19.846920970015635
8,2,18.241788323649214
8,3,16.07239407516608
8,4,13.236530763402481
8,5,10.324720298633048
8,6,7.011260919321548
8,7,3.8128037663954157
8,9,3.7750760623226034
8,10,6.029012419308881
8,11,9.697156278690452
8,12,11.48856189121098
8,13,15.199309754654278
8,14,17.988302004086112
8,15,19.78445325653254
8,16,17.90133768090139
8,17,17.51062790959208
8,18,20.569693175456784
8,19,20.96088339810446
8,20,19.004985295493025
8,21,15.35413185982108
8,22,15.29779534775434
8,23,13.091353017761017
8,24,14.186139581793093
8,25,15.41085237850904
8,26,16.586281702174666
8,27,19.032987140548506
8,28,18.45722195121433
8,29,18.342791347473735
8,30,18.181717354168082
8,31,16.329637736218842
8,32,17.980849987854214
8,33,18.549084796839544
8,34,18.64974194669434
8,35,20.52708132191321
8,36,16.271640775310974
8,37,13.089481083311076
8,38,10.807099794928492
8,39,8.812775285361246
8,40,7.456951087442584
8,41,8.507281427835906
8,42,9.175783080214007
8,43,11.262623536594084
8,44,14.105715945470552
8,45,17.012648536152376
8,46,15.570536447683612
8,47,13.172336696706795
8,48,13.277737921597325
8,49,11.553579833593357
8,50,10.004678473191552
8,51,8.361368125265951
8,52,10.039863420525895
8,53,12.255026025808093
8,54,14.433123924760496
8,55,16.758636684232723
8,56,17.170321567541954
8,57,20.71491060192792
8,58,21.32661643089353
8,59,21.13744224081545
8,60,18.067851834595015
8,61,15.901111214257522
8,62,12.321969572311765
8,63,9.58968428543198
8,64,5.966181910728677
8,65,5.202320250186876
8,66,4.557824701990089
8,67,5.681149966193852
8,68,8.774171841970627
8,69,12.15138752102781
8,70,21.154332543803555
8,71,18.430599114735728
8,72,16.078730122099632
8,73,16.40004557385793
8,74,15.288449362693727
8,75,12.208458548794086
8,76,11.640392437284898
8,77,8.765084623069177
8,78,10.86710444585045
8,79,14.459370809365327
8,80,15.477731932038202
8,81,17.473857503087544
8,82,19.07343220432737
8,83,19.301681901611794
8,84,22.313286654959356
8,85,21.295173460021594
8,86,19.008048538183047
8,87,19.39203938566997
8,88,21.982629780282206
8,89,21.835061483507882
8,90,23.695681521325273
8,91,21.635370585608644
8,92,20.963536764784756
8,93,23.693782265145536
8,94,22.590928186254978
8,95,18.904553610854414
8,96,20.12598858328934
8,97,23.744784508580807
8,98,24.22610086353293
8,99,24.321537972686162
8,100,27.408238178778234
8,101,29.45370033032149
8,102,27.5035876657365
8,103,29.56274516683972
8,104,28.359197435307113
8,105,28.724190931284845
8,106,28.567093529506884
8,107,26.810478611376656
8,108,26.206807557170666
8,109,23.33758635435421
8,110,23.149269789495943
8,111,20.206726254997438
8,112,21.32192968060058
8,113,24.79964527666427
8,114,24.516318562751287
8,115,25.411433511958734
8,116,23.536810896735847
8,117,25.51161510670279
8,118,23.806791728551943
8,119,25.07089838432377
8,120,23.712448871730555
8,121,24.639992246393618
8,122,25.256519295120825
8,123,27.69296357378254
9,1,19.548776991294428
9,2,18.284766564204915
9,3,16.464318754440043
9,4,14.107020873381352
9,5,11.798660849407533
9,6,8.329321544298208
9,7,6.220991636628381
9,8,3.7750760623226034
9,10,3.8131558805192065
9,11,6.796972260396095
9,12,8.340977967421132
9,13,12.157431656077106
9,14,14.58970400545241
9,15,16.569127161624177
9,16,14.931711846136716
9,17,14.295213261326323
9,18,17.394157009256748
9,19,17.622662953934704
9,20,15.547608303241496
9,21,11.927114750012445
9,22,12.285391376631495
9,23,10.44143836439418
9,24,12.368517092914924
9,25,13.898673013859856
9,26,15.434076556766609
9,27,17.246769285775176
9,28,16.141152504865737
9,29,15.503873063864576
9,30,14.862599614411339
9,31,12.782753647449024
9,32,14.257413906527159
9,33,14.871888861440528
9,34,15.261113935425971
9,35,17.253211516586614
9,36,12.519024163386902
9,37,9.435476493939905
9,38,7.492119287683052
9,39,5.391229828033155
9,40,5.382293477735985
9,41,7.4524416773367435
9,42,9.543410001423554
9,43,11.664789474095437
9,44,13.599755145998776
9,45,16.930331110771228
9,46,15.478541149857946
9,47,12.40943400420414
9,48,11.60993868559645
9,49,9.960780412488129
9,50,9.470577769539515
9,51,7.059380886024472
9,52,7.590584824782088
9,53,9.831164080814622
9,54,11.56743127520196
9,55,14.090214741488992
9,56,14.604224910830641
9,57,18.162180333990086
9,58,19.310128428020526
9,59,19.014584261009006
9,60,16.363516949475837
9,61,14.123004071683575
9,62,10.491279311032116
9,63,8.107223001486423
9,64,4.698400245314736
9,65,5.481036134883009
9,66,6.353500500365298
9,67,8.948404617912875
9,68,11.727803718444061
9,69,15.222454196997285
9,70,22.207295031234032
9,71,19.94207807167252
9,72,17.047428064082183
9,73,17.251637971411093
9,74,16.919656518476714
9,75,14.009376283711722
9,76,12.635375878688235
9,77,9.381829550316409
9,78,10.138640695684806
9,79,13.492261705652439
9,80,15.388928752252125
9,81,17.69028544287081
9,82,19.80325167858462
9,83,20.187058624828413
9,84,22.74232140370644
9,85,21.224053819471543
9,86,18.414844033259644
9,87,18.237720147077408
9,88,20.36787179420152
9,89,19.630493507794235
9,90,21.116208153555988
9,91,19.073878941686925
9,92,18.962656179537625
9,93,21.797618752992733
9,94,20.408459074532157
9,95,16.930651918050803
9,96,18.754868594291754
9,97,22.382785495995698
9,98,23.436632958890556
9,99,23.465570134271374
9,100,26.203256853718845
9,101,28.62664511376999
9,102,26.78216558248476
9,103,28.78429232596021
9,104,27.30281825460974
9,105,27.836339428341976
9,106,27.496397105547512
9,107,26.06797639684635
9,108,25.54858618712558
9,109,22.933919376717952
9,110,22.924616709329957
9,111,20.005529027987656
9,112,21.320232528224558
9,113,24.624353498251452
9,114,23.787212685473516
9,115,24.555122867596573
9,116,22.378785790315717
9,117,24.18236496826359
9,118,22.449416307851088
9,119,23.719239719572773
9,120,22.780317079657582
9,121,23.78797013824217
9,122,24.955154416938367
9,123,27.6393117482637
10,1,22.479920360232086
10,2,21.053188973857356
10,3,19.649463137425823
10,4,17.052662304980093
10,5,15.002912831739044
10,6,11.310896405155694
10,7,8.622966751556744
10,8,6.029012419308881
10,9,3.8131558805192065
10,11,3.811656201901683
10,12,6.627928786794662
10,13,10.02022690931528
10,14,12.698112937094692
10,15,15.014619603456948
10,16,14.001400670274034
10,17,14.188090727561503
10,18,17.698742269889426
10,19,18.34661466866096
10,20,16.51578320944364
10,21,13.227627071117524
10,22,14.415580743213114
10,23,12.980345043556609
10,24,15.396755444119094
10,25,16.66475920754855
10,26,18.593544083241415
10,27,20.058272305884167
10,28,18.772055930386312
10,29,17.477301677697824
10,30,16.22435433007245
10,31,13.428698140661586
10,32,13.922742898708313
10,33,13.542771284723104
10,34,13.28829344037929
10,35,15.68733190533273
10,36,11.68498589093057
10,37,8.062719005120318
10,38,5.706833529808281
10,39,5.791744490204228
10,40,5.343867067981207
10,41,8.738910119559748
10,42,11.397757022982198
10,43,14.250770172624
10,44,15.977196595505605
10,45,19.1277237425553
10,46,17.054757733936412
10,47,13.80908266530675
10,48,13.262195642186965
10,49,12.537834620186022
10,50,12.779896383841638
10,51,10.614296199828418
10,52,10.612756227396506
10,53,12.468781830496484
10,54,13.270006590495235
10,55,15.28481343518522
10,56,14.985568419641025
10,57,18.14117967775688
10,58,19.669845445258154
10,59,20.007333562599154
10,60,17.729543963686993
10,61,16.117887197718698
10,62,12.381118939583585
10,63,10.942221341670653
10,64,8.083152044164992
10,65,9.262141238021385
10,66,9.452467804583689
10,67,11.439304164708078
10,68,14.719887879261396
10,69,18.004283254985783
10,70,25.689852346502917
10,71,23.442815234715628
10,72,20.643716029857504
10,73,20.534008861923088
10,74,20.03428347048076
10,75,17.337046403675362
10,76,16.294402758805507
10,77,13.164340631583306
10,78,13.835051568585822
10,79,17.07776603587736
10,80,19.149272933713867
10,81,21.475620797379133
10,82,23.61438366037794
10,83,23.922313160477184
10,84,26.47803573585304
10,85,24.955940239774947
10,86,22.049414782959545
10,87,21.690342436367477
10,88,23.563507222161913
10,89,22.420308617589274
10,90,23.49271061264598
10,91,21.369137938484055
10,92,21.76549987912954
10,93,24.4729513921215
10,94,22.660570706769995
10,95,19.405579770993096
10,96,21.637344874501405
10,97,25.116680315012452
10,98,26.4211696512606
10,99,26.68929626626217
10,100,29.2712334937045
10,101,31.889610723611195
10,102,30.218628621594053
10,103,32.27340156456864
10,104,30.7238321611261
10,105,31.324223639355857
10,106,30.85313945127271
10,107,29.49040162940088
10,108,28.834576818039586
10,109,26.18779879136912
10,110,25.9310732886077
10,111,22.80342563758309
10,112,23.72985896431575
10,113,27.113491304419806
10,114,26.23993979540778
10,115,27.30676423591075
10,116,25.25120977820374
10,117,27.17583627212036
10,118,25.62125338570162
10,119,26.994104917063762
10,120,26.283450989287918
10,121,27.298665064428093
10,122,28.616640572418344
10,123,31.2969233725447
11,1,23.627948896868876
11,2,22.377599336346645
11,3,21.470943504962822
11,4,19.144635298055857
11,5,17.65147086662945
11,6,13.986587237222219
11,7,11.820316877104222
11,8,9.697156278690452
11,9,6.796972260396095
11,10,3.811656201901683
11,12,3.8352819561962432
11,13,6.593426096505146
11,14,9.05976914103804
11,15,11.660677290846937
11,16,11.311086456386246
11,17,11.867843004493501
11,18,15.514605717215685
11,19,16.3637490950531
11,20,14.815219724545
11,21,12.07484784635308
11,22,14.126347317998249
11,23,13.508171145913074
11,24,16.57233948438331
11,25,18.02753390709444
11,26,20.14530080045043
11,27,20.962326128742
11,28,19.156209243924746
11,29,17.273457000138713
11,30,15.261049012876809
11,31,12.098285014855483
11,32,11.61036844449331
11,33,10.503343001618914
11,34,10.34496165833428
11,35,13.308583447019876
11,36,8.803273387034997
11,37,5.189048587530124
11,38,4.032105166957731
11,39,6.193427507711917
11,40,7.261635875141275
11,41,10.98975315855529
11,42,14.238209819367322
11,43,17.01160892518599
11,44,18.09066083803004
11,45,21.354131123330454
11,46,19.24859334572214
11,47,15.70528034195573
11,48,14.572757394891548
11,49,14.168001418225202
11,50,15.140659649856266
11,51,12.685930598195425
11,52,11.638172611992417
11,53,12.86560909451275
11,54,12.620627672285963
11,55,14.20244044151905
11,56,13.455115369788986
11,57,16.182284442548596
11,58,18.295456628501057
11,59,18.90163518316711
11,60,17.26920878629524
11,61,16.089261920243544
11,62,12.609514709351924
11,63,12.139314151647326
11,64,10.196085200888533
11,65,12.140365811735366
11,66,12.899572373557177
11,67,15.183622181590929
11,68,18.334621012080547
11,69,21.706115776525156
11,70,28.523411976654433
11,71,26.524932808218093
11,72,23.476679209101963
11,73,23.352854240514855
11,74,23.249622326826614
11,75,20.625572610703674
11,76,19.203947958746436
11,77,15.940134898690214
11,78,15.861534135180984
11,79,18.658711774669406
11,80,21.191786936055475
11,81,23.743646219616824
11,82,26.078270302984343
11,83,26.3365432014896
11,84,28.566850574495934
11,85,26.817776531078483
11,86,23.630327744675935
11,87,22.938778088725243
11,88,24.275336959284814
11,89,22.56694174493977
11,90,23.048416709907173
11,91,20.871039555594997
11,92,21.914369756727307
11,93,24.458243986414622
11,94,22.228422857404468
11,95,19.382932402510598
11,96,22.143631479763904
11,97,25.40621946342539
11,98,27.186111314162964
11,99,27.58783504408729
11,100,29.8034013530621
11,101,32.73794201370836
11,102,31.31538630922253
11,103,33.39079758102062
11,104,31.718535518492505
11,105,32.54653304607869
11,106,31.997177342559063
11,107,30.982369346902857
11,108,30.449555085801894
11,109,28.07074416943364
11,110,27.95602894194931
11,111,24.90753928907791
11,112,25.905451960423566
11,113,29.103852431046867
11,114,27.824259121833904
11,115,28.795139759351095
11,116,26.54222234684884
11,117,28.249364902259526
11,118,26.679445599936642
11,119,27.9513683537483
11,120,27.56819421378695
11,121,28.508349179282874
11,122,30.20903662848006
11,123,32.953411434362245
12,1,21.57004678152086
12,2,20.446289616670974
12,3,20.106994324487747
12,4,18.08995866243022
12,5,17.34203195538534
12,6,13.890922280301742
12,7,12.610290129589412
12,8,11.48856189121098
12,9,8.340977967421132
12,10,6.627928786794662
12,11,3.8352819561962432
12,13,3.8467709569809645
12,14,6.662728155669117
12,15,8.4395614354317
12,16,7.546294613685385
12,17,8.197850272189772
12,18,11.927830168603998
12,19,13.239583760395876
12,20,12.353258423698735
12,21,10.129114234461563
12,22,12.875751796469013
12,23,13.272714542970421
12,24,16.676902983946928
12,25,18.79743901702402
12,26,20.580841631176853
12,27,21.058986554618894
12,28,18.656338008418707
12,29,16.872202871632535
12,30,14.364033593641228
12,31,11.647103782214517
12,32,10.872025614813293
12,33,9.934298350073016
12,34,11.024178629208107
12,35,14.346723792295032
12,36,7.191931208459636
12,37,4.852001956116135
12,38,6.342404253124256
12,39,7.875047495835229
12,40,10.176517729496448
12,41,13.601696570581886
12,42,16.82745664068492
12,43,19.087699439239145
12,44,19.970973461310084
12,45,23.480744333619217
12,46,21.828437130600648
12,47,18.199823250337516
12,48,16.438805909916656
12,49,15.432300275160555
12,50,16.276610227259752
12,51,13.200588866184818
12,52,11.146171555346546
12,53,11.219653167455503
12,54,10.005953784171801
12,55,10.898486771556426
12,56,9.77847201474697
12,57,12.368968261048886
12,58,14.64591611425492
12,59,15.328835532541413
12,60,14.06038102187613
12,61,13.301305579981628
12,62,10.170540414637602
12,63,10.772781049969932
12,64,10.060560924540793
12,65,12.942672625013326
12,66,14.670541737419693
12,67,17.098790053474374
12,68,19.768354845620458
12,69,23.39555941973441
12,70,29.566663967724253
12,71,27.618353469812615
12,72,24.375651721679052
12,73,24.728855863909434
12,74,24.948316884449312
12,75,22.061871213978666
12,76,20.083498158991887
12,77,16.530654936184163
12,78,15.88221933327124
12,79,18.070766320112032
12,80,20.723741614320133
12,81,23.68428371450746
12,82,25.904361376176535
12,83,25.819470967071418
12,84,27.739559692901842
12,85,26.026538077774198
12,86,22.750319241490793
12,87,22.15964978291352
12,88,23.014565955845047
12,89,21.07133564748571
12,90,21.056386753764095
12,91,18.520837450722578
12,92,19.836281290900278
12,93,21.99250974840838
12,94,19.395095075734663
12,95,16.823223534945843
12,96,19.8624863462844
12,97,22.835861338099864
12,98,24.878935947207218
12,99,25.577440869055604
12,100,27.554251069256164
12,101,30.684153399781945
12,102,29.632036351942492
12,103,31.912084261988703
12,104,30.413389707294293
12,105,31.656529250664878
12,106,31.388292068796947
12,107,30.804958019592032
12,108,30.71971660732052
12,109,28.71372194761295
12,110,29.087032647193045
12,111,26.363037023897384
12,112,27.816614040769682
12,113,30.801635482367992
12,114,29.21515355336054
12,115,29.729188744310594
12,116,27.084891282916576
12,117,28.307690454393605
12,118,26.35950442621704
12,119,27.17248529484287
12,120,26.72865120934864
12,121,27.266920043015308
12,122,29.120250931744533
12,123,31.71150113338157
13,1,23.887650114688057
13,2,22.8234915310337
13,3,22.978781864168067
13,4,21.082430221196127
13,5,20.73679590326332
13,6,17.368196570367136
13,7,16.182752503660016
13,8,15.199309754654278
13,9,12.157431656077106
13,10,10.02022690931528
13,11,6.593426096505146
13,12,3.8467709569809645
13,14,3.8059320054188555
13,15,5.292604460697436
13,16,5.751849675904085
13,17,7.711363499316183
13,18,11.312602232474543
13,19,13.185364282920325
13,20,13.056676192615065
13,21,11.856855258189858
13,22,15.173189902259338
13,23,16.1852765981803
13,24,19.79580845217938
13,25,21.932998350493907
13,26,23.788585031613255
13,27,23.863898057716764
13,28,21.171037119581097
13,29,19.032905854350332
13,30,15.99941055967127
13,31,13.232098439428318
13,32,11.382677320249995
13,33,9.46510657305608
13,34,10.638590409496985
13,35,14.35429505858919
13,36,7.292840310904671
13,37,6.331138049518059
13,38,8.754369936211964
13,39,11.110571562363459
13,40,13.440992114532909
13,41,16.97386691336196
13,42,20.367134725026187
13,43,22.714433836898323
13,44,23.34954617371871
13,45,26.82649724863364
13,46,25.064335377595146
13,47,21.362254456076233
13,48,19.481182985911982
13,49,18.768816956148637
13,50,19.918169222368277
13,51,16.844779198484062
13,52,14.461152055945398
13,53,14.023948003886806
13,54,11.939984550196534
13,55,11.896229314110652
13,56,9.931804616077901
13,57,11.404382769418955
13,58,14.212659977473082
13,59,15.489895219098578
13,60,15.05952886714612
13,61,15.086007933042575
13,62,12.532782350930368
13,63,13.945327546751534
13,64,13.7470042360134
13,65,16.761892693535582
13,66,18.4996552934052
13,67,20.85167900427284
13,68,23.562160997148297
13,69,27.189211232092518
13,70,33.262836719396546
13,71,31.39814981664838
13,72,28.09689339450271
13,73,28.434491587898368
13,74,28.751485722593202
13,75,25.898149189027787
13,76,23.852877797233408
13,77,20.286940192459152
13,78,19.41199596447601
13,79,21.290176566517736
13,80,24.072564295888096
13,81,27.140107113936104
13,82,29.368488576110913
13,83,29.159011532191602
13,84,30.8877621559282
13,85,29.14479324362809
13,86,25.792377670846896
13,87,25.075102001728684
13,88,25.503529687668095
13,89,23.189326242281975
13,90,22.59368118099291
13,91,20.009596471997913
13,92,21.83879195406696
13,93,23.64280037136797
13,94,20.65803410066903
13,95,18.62537907526381
13,96,21.95885139840421
13,97,24.555022668782147
13,98,26.905212367264852
13,99,27.83984610047589
13,100,29.484686300950926
13,101,32.81384445264224
13,102,32.06788742962215
13,103,34.40235018044326
13,104,32.90903874934932
13,105,34.36077730301135
13,106,34.09263549493473
13,107,33.778176246334404
13,108,33.79337425682489
13,109,31.97058819145739
13,110,32.401679919549125
13,111,29.719736982029314
13,112,31.13660826473689
13,113,34.02317993981818
13,114,32.238179090764945
13,115,32.72365373721134
13,116,30.005711831339283
13,117,31.063307019559794
13,118,29.12155400394303
13,119,29.804642265725203
13,120,29.556119111160193
13,121,29.951544511009185
13,122,32.00015312407211
13,123,34.527399508662015
14,1,25.537784244049984
14,2,24.86679333718722
14,3,25.07356352367443
14,4,23.622298868527118
14,5,23.36543626386927
14,6,20.160149256126527
14,7,19.22006594138688
14,8,17.988302004086112
14,9,14.58970400545241
14,10,12.698112937094692
14,11,9.05976914103804
14,12,6.662728155669117
14,13,3.8059320054188555
14,15,3.8263759398885044
14,16,6.31142725332629
14,17,7.4659398726234025
14,18,10.363651475157281
14,19,11.73697209303424
14,20,11.652491397015773
14,21,11.343588585801365
14,22,14.896468621996625
14,23,16.39078098894747
14,24,20.15842741596799
14,25,22.17636214937385
14,26,24.159572234392492
14,27,23.64340505295157
14,28,20.74032060774812
14,29,18.155835104122808
14,30,14.723288845772124
14,31,12.010559343207186
14,32,9.317498118080776
14,33,6.959783219662265
14,34,8.786074578771338
14,35,12.394610281407193
14,36,5.519654777428255
14,37,6.450615360474881
14,38,9.73747188107185
14,39,12.229805957060256
14,40,15.004774418878705
14,41,18.29803358983634
14,42,21.91501942838332
14,43,24.070344020777274
14,44,24.106190017403712
14,45,27.548461332514893
14,46,25.892808680805377
14,47,22.118479211898737
14,48,19.848528625075833
14,49,19.449810272393243
14,50,21.172626299474306
14,51,18.26943065096348
14,52,15.541486416528569
14,53,15.0112802732283
14,54,12.511806718333567
14,55,12.483665485080829
14,56,10.9713629000204
14,57,11.886654582628385
14,58,15.30734478563656
14,59,16.22195480588398
14,60,16.513154953125174
14,61,16.44146716356647
14,62,14.453787916541259
14,63,15.944583199320581
14,64,16.028578341416342
14,65,18.921870215822437
14,66,20.764983824084233
14,67,23.51128501034886
14,68,26.156989258740538
14,69,29.766911203459316
14,70,34.56586540112268
14,71,33.06114037826597
14,72,29.57792232493428
14,73,29.744770413841998
14,74,30.468920459074496
14,75,27.84803084373202
14,76,25.58771555955834
14,77,22.17713380333341
