1,2,3.80225737472754
1,3,7.208372499718424
1,4,9.296721811914175
1,5,12.41570678301121
1,6,12.200179515357199
1,7,16.00304951402513
1,8,16.559770181446137
1,9,14.141232886939326
1,10,16.769663588823875
1,11,19.28008062473394
1,12,20.021354923752835
1,13,23.655163108120192
1,14,24.48849317677454
1,15,28.094015669125763
1,16,29.41481259811494
1,17,32.953535029283906
1,18,34.01851122885332
1,19,34.257208895487764
1,20,31.607138468428545
1,21,27.987840912276738
1,22,24.865551693991627
1,23,21.608167930737544
1,24,18.218366843052262
1,25,15.12566743262525
1,26,11.413311534408393
1,27,10.096563694620968
1,28,6.519941826257881
1,29,5.43038067896741
1,30,3.6532030591899542
1,31,7.097430931413746
1,32,8.454622609594907
1,33,7.971680357681235
1,34,6.643956116623929
1,35,9.630231599845757
1,36,10.712459876296272
1,37,13.615267429952238
1,38,15.878330383768334
1,39,18.027974105550747
1,40,21.36057577247081
1,41,22.862483067215596
1,42,20.764546854438557
1,43,21.854639529163588
1,44,20.232204545510978
1,45,21.194541913961984
1,46,23.45694361389641
1,47,25.720627601957332
1,48,28.926359161793737
1,49,27.803418215714217
1,50,29.275430233246404
1,51,32.12688113517029
1,52,30.567244986114456
1,53,27.51005024684143
1,54,24.331570015290247
1,55,22.939082535673958
1,56,19.492590452573495
1,57,18.29707055144928
1,58,14.867245961226429
1,59,15.37885276055276
1,60,15.429722261602466
1,61,13.07921156654312
1,62,16.15268447486052
1,63,18.32570752250954
1,64,22.03176337989028
1,65,25.164539136651953
1,66,28.580421276223124
1,67,31.841464045952616
1,68,30.596807645950722
1,69,32.96627030880664
1,70,33.35489876856025
1,71,31.982093126627763
1,72,28.53054658945165
1,73,28.359661298433323
1,74,25.66675499259749
1,75,22.05021149162268
1,76,19.281122208754063
1,77,15.74933832635787
1,78,12.625572302531392
1,79,10.35155110639653
1,80,7.030883525779542
1,81,6.858195530821829
1,82,6.6582361663180984
1,83,9.227058569932005
1,84,7.676587021059553
1,85,6.391071300363859
1,86,6.860381397240521
1,87,6.891243826352864
1,88,10.373581185830641
1,89,12.765643093795825
1,90,16.48403084312365
1,91,18.939066317872992
1,92,22.589899867139454
1,93,24.871651445371185
1,94,28.578388468956582
1,95,31.290411843523433
1,96,34.19369015789027
1,97,37.859598515984096
1,98,40.58386103858555
2,1,3.80225737472754
2,3,3.817931943952309
2,4,6.262166915669514
2,5,8.935891573065833
2,6,8.48718754968122
2,7,12.291861928634507
2,8,13.1643460726605
2,9,10.996941224923617
2,10,13.532261148708754
2,11,16.24549311299475
2,12,17.47868109917249
2,13,21.18208033177859
2,14,22.173402462044
2,15,25.86425834405103
2,16,27.394533498467048
2,17,31.046643224944642
2,18,32.48212753921491
2,19,32.957797119971346
2,20,30.132303359963736
2,21,26.65251528429121
2,22,23.39836674374788
2,23,20.155583409501272
2,24,16.70127135682858
2,25,13.484706924742634
2,26,9.790531713856458
2,27,8.49626535937184
2,28,5.4487314557811235
2,29,5.881743843038835
2,30,6.227464447427915
2,31,9.981598952288998
2,32,11.662253172287112
2,33,10.527834134904344
2,34,9.445061862123596
2,35,11.907507667441452
2,36,12.058991799950062
2,37,14.817432252634108
2,38,16.328399855088087
2,39,18.313507734881963
2,40,21.237443057994078
2,41,22.518417186718445
2,42,20.880718016624783
2,43,22.456847595776814
2,44,21.17702023991015
2,45,21.78243104581589
2,46,24.3818256882928
2,47,26.507214436499048
2,48,29.66910404068258
2,49,28.215104549756564
2,50,29.31403201257075
2,51,32.16938291203032
2,52,30.51982066247529
2,53,27.76908464347088
2,54,24.416666897753405
2,55,23.056128598550828
2,56,19.673064463038884
2,57,18.391564662782248
2,58,15.414105880518736
2,59,15.64211492284553
2,60,14.803267731590317
2,61,12.618201291145004
2,62,15.439767484788934
2,63,17.834212137109468
2,64,21.356335608819602
2,65,24.47231253356821
2,66,27.792948714362204
2,67,30.91720445988381
2,68,29.515057130501262
2,69,31.94004480449855
2,70,32.15345449566868
2,71,31.157825977560265
2,72,27.66437406116366
2,73,27.167248343214705
2,74,24.588432480283444
2,75,20.973470655287105
2,76,18.430117995171013
2,77,15.137267979644932
2,78,12.34418591984521
2,79,11.034820585956265
2,80,8.395405906891071
2,81,9.662356461270006
2,82,10.304294975163632
2,83,12.988536880209958
2,84,11.105411280694927
2,85,9.236648722262492
2,86,8.78545605935482
2,87,7.016594703719829
2,88,9.76393837421524
2,89,11.261103927297945
2,90,14.978814273545893
2,91,17.097332711795683
2,92,20.78315516211901
2,93,23.17821387382158
2,94,26.73707500452494
2,95,29.54478531068162
2,96,32.187472270886076
2,97,35.93216446305614
2,98,38.63807668202411
3,1,7.208372499718424
3,2,3.817931943952309
3,4,3.8018925053645174
3,5,5.5198221874726086
3,6,5.31134374997488
3,7,8.998549404893556
3,8,9.426207653283923
3,9,7.528307939098665
3,10,10.462701775172759
3,11,12.885435481817298
3,12,14.494418771599436
3,13,18.087655334709325
3,14,18.899793014720142
3,15,22.566680407608498
3,16,24.082031925315853
3,17,27.75692525947338
3,18,29.42297065983586
3,19,29.98906644120717
3,20,27.02911227922082
3,21,23.666701219601993
3,22,20.391862819455685
3,23,17.171590180708765
3,24,13.790945159725794
3,25,10.530889811902934
3,26,7.135646329954212
3,27,6.1034368032397985
3,28,4.76557703582141
3,29,7.207578671567055
3,30,9.155533925357663
3,31,13.008066908526603
3,32,14.413233175839352
3,33,12.429677475575803
3,34,11.276623823685512
3,35,12.921214165775508
3,36,12.164800763179999
3,37,14.703981783945368
3,38,15.494829752895539
3,39,17.49339978016453
3,40,19.963470265574948
3,41,21.291371732725366
3,42,20.2760545111715
3,43,22.029485001733352
3,44,20.868962879696852
3,45,20.91175938917475
3,46,23.652381834475417
3,47,25.481752900752483
3,48,28.61441149420786
3,49,26.97460450157781
3,50,27.629320165937074
3,51,30.370485756053142
3,52,28.58207762021
3,53,26.16239047226863
3,54,22.67896823388973
3,55,21.326314249584136
3,56,18.096182879774336
3,57,16.829938272725
3,58,14.455727542386175
3,59,14.593223397214228
3,60,12.883950480746451
3,61,10.84408433387427
3,62,13.206433708142706
3,63,15.734334796848858
3,64,18.97522229872088
3,65,22.055750474159147
3,66,25.218317790137867
3,67,28.230853175795826
3,68,26.798920707981438
3,69,29.331369548466384
3,70,29.541934849608694
3,71,28.906273853579336
3,72,25.35262779534508
3,73,24.75894137335656
3,74,22.473140767978908
3,75,19.02177418190112
3,76,16.53298422722692
3,77,13.722362832050122
3,78,11.189677217759261
3,79,11.11553511186685
3,80,9.245098494441006
3,81,11.706137121903245
3,82,13.099039141792755
3,83,16.218264926320867
3,84,14.661278388137369
3,85,12.402543455688068
3,86,10.99016514312462
3,87,8.159815538935387
3,88,9.53554267663498
3,89,9.656751205876287
3,90,13.01987585487892
3,91,14.478510591318486
3,92,18.17903685675386
3,93,20.397945037629547
3,94,23.82303539593907
3,95,26.545123644808605
3,96,28.976145885158527
3,97,32.72851384618551
3,98,35.36977971069217
4,1,9.296721811914175
4,2,6.262166915669514
4,3,3.8018925053645174
4,5,3.815418456967077
4,6,6.104471388123108
4,7,9.018011818282595
4,8,9.315617955628174
4,9,8.93640636101159
4,10,12.075431410880247
4,11,14.089764736192675
4,12,16.333765171681875
4,13,19.63257069914166
4,14,19.975247629567765
4,15,23.45567523562089
4,16,24.6214882996239
4,17,28.180428487383885
4,18,30.028071836317146
4,19,30.330920507825894
4,20,27.087833194345315
4,21,23.74277791858152
4,22,20.80736195639504
4,23,17.361314661597707
4,24,14.503985401415694
4,25,10.874406498967339
4,26,8.320917421075414
4,27,5.795338261968896
4,28,5.080633264125432
4,29,6.953534925272876
4,30,9.903766180700648
4,31,13.367514358070586
4,32,14.880397719174818
4,33,12.612808089479518
4,34,12.5153391952515
4,35,14.333208080725818
4,36,13.96842352714489
4,37,16.90826785664754
4,38,17.825534849828173
4,39,20.2251979621011
4,40,22.574331913330735
4,41,24.196585060948433
4,42,23.484668787170072
4,43,25.03882667778367
4,44,23.598288677611826
4,45,23.20485803630923
4,46,25.66166293866951
4,47,27.040330738698593
4,48,30.35501658567443
4,49,28.95811274304785
4,50,29.245707500478215
4,51,31.657270188270086
4,52,29.48468393776785
4,53,27.289533213735265
4,54,23.621048955698793
4,55,21.764380219987167
4,56,18.39218576227827
4,57,16.4444058931361
4,58,14.330258369355931
4,59,13.503484891155278
4,60,11.644718024655408
4,61,10.751817388376049
4,62,13.39314708168108
4,63,16.535853350313882
4,64,19.41938964211341
4,65,22.754525385325483
4,66,25.553724130683655
4,67,28.692670903547576
4,68,27.638675031711468
4,69,30.48895473512026
4,70,31.00035813782975
4,71,30.689862756518757
4,72,27.024343686111997
4,73,26.65016401993571
4,74,24.77254195213899
4,75,21.561022635771902
4,76,18.92570273539271
4,77,16.524300468911175
4,78,13.822032917192441
4,79,14.129100797781994
4,80,11.927245483326278
4,81,14.267047676480862
4,82,15.097096924626054
4,83,18.22984510910017
4,84,16.946258703324904
4,85,15.29496181501501
4,86,14.301056999954847
4,87,11.804185183543591
4,88,13.167299338345853
4,89,12.84928754072663
4,90,15.845890694674685
4,91,16.612815507741107
4,92,20.26138674568885
4,93,22.04957560950748
4,94,25.30554339004966
4,95,27.709335325919167
4,96,29.845694623986297
4,97,33.518123374165505
4,98,35.96642949563681
5,1,12.41570678301121
5,2,8.935891573065833
5,3,5.5198221874726086
5,4,3.815418456967077
5,6,3.791413115190149
5,7,5.505319281173875
5,8,5.877888464347149
5,9,6.5687105058614375
5,10,9.310889468734045
5,11,11.159991446554866
5,12,13.967299509124421
5,13,17.08536896506767
5,14,17.565928610055867
5,15,21.012479080328216
5,16,22.424516583723037
5,17,26.035106832540553
5,18,28.24749924995198
5,19,28.87269315652932
5,20,25.5707491808607
5,21,22.523584201656117
5,22,19.501911795972582
5,23,16.352966861583592
5,24,13.63152905138704
5,25,10.442663098492137
5,26,8.677635643085745
5,27,7.363450374731374
5,28,8.197436348269516
5,29,10.699554923411423
5,30,13.55482348540746
5,31,17.117981657874804
5,32,18.62296676720099
5,33,16.255142846276467
5,34,15.800098236130635
5,35,17.142415697296393
5,36,16.075067290304627
5,37,18.49736248989862
5,38,18.652266436963224
5,39,20.65166717369903
5,40,22.450944510840472
5,41,23.75746557706733
5,42,23.531778521633427
5,43,25.447762634028084
5,44,24.41441010770846
5,45,23.772326427766224
5,46,26.479866673945704
5,47,27.760481299253826
5,48,30.867846127344944
5,49,29.137388806831716
5,50,29.091454723467404
5,51,31.490672577747524
5,52,29.377165256784483
5,53,27.5493617280453
5,54,23.911223656896443
5,55,22.328983341998725
5,56,19.322895449289398
5,57,17.673710866245383
5,58,16.239269098322858
5,59,15.56467395414621
5,60,12.921611301082383
5,61,12.12351270525316
5,62,13.86323930982814
5,63,16.748202288158097
5,64,19.2125524311897
5,65,22.253095981417147
5,66,24.877652615544413
5,67,27.704961393511883
5,68,26.427408783132414
5,69,29.197139552500545
5,70,29.458056237364
5,71,29.534614889295526
5,72,25.965253090813125
5,73,25.229475728146397
5,74,23.54815447320584
5,75,20.526935106887137
5,76,18.32796606843613
5,77,16.434485643512687
5,78,14.438590542766727
5,79,15.511367867106738
5,80,14.121201844264835
5,81,16.94412898496919
5,82,18.29245443601717
5,83,21.487128454973856
5,84,19.997696315327026
5,85,17.900468981831636
5,86,16.426668382754688
5,87,13.310616144988467
5,88,13.761450033461916
5,89,12.485953335104277
5,90,14.911917904865383
5,91,15.093141020045831
5,92,18.48752234941974
5,93,20.283183079057903
5,94,23.228550021790273
5,95,25.67889667820984
5,96,27.48837985538503
5,97,31.185094127070425
5,98,33.59904572755663
6,1,12.200179515357199
6,2,8.48718754968122
6,3,5.31134374997488
6,4,6.104471388123108
6,5,3.791413115190149
6,7,3.8097316397266257
6,8,5.584435009721382
6,9,4.809692482960558
6,10,6.582562323170545
6,11,9.422510188260464
6,12,12.027525192500438
6,13,15.495480397672422
6,14,16.766399410972923
6,15,20.426696997653934
6,16,22.411727573855952
6,17,26.171272318548045
6,18,28.407865460430568
6,19,29.46381557342795
6,20,26.413946323188682
6,21,23.49734297413745
6,22,20.122579951700263
6,23,17.33721645591295
6,24,14.18134586624954
6,25,11.53225838445414
6,26,9.283729537708346
6,27,9.232718946964692
6,28,9.579673797277863
6,29,12.170584688061759
6,30,14.249433442759157
6,31,18.003932971372908
6,32,19.620585977252556
6,33,17.632178942741657
6,34,16.53036443589459
6,35,17.833847063278803
6,36,16.44530917119806
6,37,18.38611884438652
6,38,18.20855980939084
6,39,19.58891518286125
6,40,21.264663869486387
6,41,22.013002207703416
6,42,21.641799809543972
6,43,23.990859604027712
6,44,23.46468109427355
6,45,23.23195298913547
6,46,26.30285644430186
6,47,28.00270979640056
6,48,30.856265715521477
6,49,28.76380466756011
6,50,28.97664152492757
6,51,31.701491549035453
6,52,29.988121152681163
6,53,28.07169572482609
6,54,24.626669208141685
6,55,23.574364366316424
6,56,20.771245334999698
6,57,19.702796717850216
6,58,18.123080909169147
6,59,18.107154760825935
6,60,15.526828799083203
6,61,13.921396413663459
6,62,15.313564549715434
6,63,17.593530531254935
6,64,20.24129143075737
6,65,22.931491638804463
6,66,25.823731602511334
6,67,28.39890004001976
6,68,26.64915754159071
6,69,29.0441213566292
6,70,28.835496312778282
6,71,28.765051300587622
6,72,25.37773369000051
6,73,24.1722346792424
6,74,22.104854882288123
6,75,18.889940146822166
6,76,17.165614577150446
6,77,15.073508293706144
6,78,13.665431659708641
6,79,14.571662472382698
6,80,13.73164382679784
6,81,16.5294968112471
6,82,18.234387625809507
6,83,21.22469344758314
6,84,19.286001238730467
6,85,16.735491050826262
6,86,15.04988084138453
6,87,11.595230416734514
6,88,11.686080203561307
6,89,10.406524783928276
6,90,12.909370007011837
6,91,13.601127296354214
6,92,16.888237736306674
6,93,19.273069916751492
6,94,22.208728112453095
6,95,25.078912444196064
6,96,26.996191265078895
6,97,30.80001335137437
6,98,33.39826747721437
7,1,16.00304951402513
7,2,12.291861928634507
7,3,8.998549404893556
7,4,9.018011818282595
7,5,5.505319281173875
7,6,3.8097316397266257
7,8,3.787990908069068
7,9,5.240196696785294
7,10,5.463048861692703
7,11,7.726056982733718
7,12,11.115609353644363
7,13,14.079303202521025
7,14,15.412425921426623
7,15,18.85932309708249
7,16,21.013738929181265
7,17,24.712893048522844
7,18,27.33902374447717
7,19,28.652228995722474
7,20,25.5476076895135
7,21,23.0202574487669
7,22,19.754672562224705
7,23,17.35934510111425
7,24,14.655967247169981
7,25,12.588108365366184
7,26,11.376328807767294
7,27,11.705223138658424
7,28,12.861326791223497
7,29,15.617916259199676
7,30,17.950813093360743
7,31,21.66940639431712
7,32,23.272863087783417
7,33,21.10880142097046
7,34,20.06286678246065
7,35,21.087950419623002
7,36,19.368514044771477
7,37,21.010353923106283
7,38,20.295133684481026
7,39,21.409109958895698
7,40,22.50859245601052
7,41,23.01743275723316
7,42,23.19873615325501
7,43,25.74546069149918
7,44,25.5003654150121
7,45,24.940247944442046
7,46,28.07853648830082
7,47,29.544169797130557
7,48,32.21855318961358
7,49,29.92863720304917
7,50,29.739776117810266
7,51,32.32290703591847
7,52,30.59847878031691
7,53,29.102703873463835
7,54,25.71442402024666
7,55,24.79896796966401
7,56,22.335252828028665
7,57,21.364309127376405
7,58,20.37390534114007
7,59,20.232301963929462
7,60,17.190004196174115
7,61,15.985406128912995
7,62,16.73007208292847
7,63,18.824768905348517
7,64,20.916772189478262
7,65,23.301968635854266
7,66,25.864052790439008
7,67,28.106946729009405
7,68,26.26061835416736
7,69,28.59519407603484
7,70,28.201292198351343
7,71,28.607781963122356
7,72,25.36559104817769
7,73,23.86968099249153
7,74,22.16470490041154
7,75,19.324244013429556
7,76,18.080386065113796
7,77,16.680925498752206
7,78,15.891846701435236
7,79,17.41989706707138
7,80,17.04327937197712
7,81,20.073364831415834
7,82,21.953155361038533
7,83,25.002033023688977
7,84,23.062741829709715
7,85,20.41640155903015
7,86,18.536698580582843
7,87,14.91910227147919
7,88,14.354104469666224
7,89,12.281814010030596
7,90,13.88136633582368
7,91,13.723203901819874
7,92,16.497147523452718
7,93,18.697913247443463
7,94,21.142964945574555
7,95,23.928035297218702
7,96,25.372220912986794
7,97,29.126497237427596
7,98,31.61120451935953
8,1,16.559770181446137
8,2,13.1643460726605
8,3,9.426207653283923
8,4,9.315617955628174
8,5,5.877888464347149
8,6,5.584435009721382
8,7,3.787990908069068
8,9,3.814885932883831
8,10,5.363503106431642
8,11,5.789558912374957
8,12,9.151573885367792
8,13,11.770565936408305
8,14,12.374222606365278
8,15,15.753230128879142
8,16,17.576947643230568
8,17,21.25192289394869
8,18,23.808030320024884
8,19,24.969024856002108
8,20,21.808800451971926
8,21,19.25629579784996
8,22,16.057328562561615
8,23,13.677918230372347
8,24,11.221931521598897
8,25,9.465926583316348
8,26,9.192270323431718
8,27,10.077137565001907
8,28,12.280903415637388
8,29,15.58845214619492
8,30,18.356378892042688
8,31,22.135243352581096
8,32,23.322646395109462
8,33,20.67077031267725
8,34,19.44729977397795
8,35,19.85687819080721
8,36,17.733252306542504
8,37,19.139603592198352
8,38,18.095201620306316
8,39,19.368650583571455
8,40,20.209936766475106
8,41,21.07582021425243
8,42,21.6780791036278
8,43,23.941125847532998
8,44,23.511361867878517
8,45,22.47918472830253
8,46,25.462746195125018
8,47,26.608649499249186
8,48,29.269169418661576
8,49,27.056066401100853
8,50,26.573122623461444
8,51,28.97002186397937
8,52,27.11968551275534
8,53,25.816940524111896
8,54,22.424054437000574
8,55,21.516844940977183
8,56,19.288298897795617
8,57,18.49304817686063
8,58,18.011398137877894
8,59,18.04356933980829
8,60,14.6849595018805
8,61,13.568413225353309
8,62,13.701617410507696
8,63,15.65479256773113
8,64,17.42379874260603
8,65,19.74636047583791
8,66,22.17086316170859
8,67,24.41146103479791
8,68,22.692151752726073
8,69,25.18337573659183
8,70,25.036542805696588
8,71,25.568407224885572
8,72,22.23289460289766
8,73,21.009241798825624
8,74,19.666569085205147
8,75,17.095014649003826
8,76,15.634137447519425
8,77,14.764706530135289
8,78,14.050801561472312
8,79,16.253051831170577
8,80,16.224921212134042
8,81,19.646356387281926
8,82,21.860707766929846
8,83,25.23329439213008
8,84,23.79495449007401
8,85,21.02946680549639
8,86,18.691721961679104
8,87,15.045091735269228
8,88,13.955335627417005
8,89,11.249875657119922
8,90,12.252866528916108
8,91,11.314250482621137
8,92,14.096141253891812
8,93,15.775843979698184
8,94,18.255562174345965
8,95,20.77102243979128
8,96,22.26210759951401
8,97,25.986035425442097
8,98,28.423981836265533
9,1,14.141232886939326
9,2,10.996941224923617
9,3,7.528307939098665
9,4,8.93640636101159
9,5,6.5687105058614375
9,6,4.809692482960558
9,7,5.240196696785294
9,8,3.814885932883831
9,10,3.811368556618965
9,11,5.3676634646281896
9,12,7.530194339802171
9,13,10.956920446491745
9,14,12.087066746124613
9,15,15.807461559506818
9,16,17.87372581882032
9,17,21.670629347006972
9,18,23.816638379764562
9,19,25.052967855687534
9,20,22.189850808583664
9,21,19.401329557449134
9,22,15.849304108753108
9,23,13.45586146650772
9,24,10.233447590442886
9,25,8.52205004772439
9,26,7.1885257384160655
9,27,8.983241196354276
9,28,10.718030710629437
9,29,14.183438145730062
9,30,16.460927405976303
9,31,20.35122036572472
9,32,21.409226798812735
9,33,18.934923079527046
9,34,17.14504213623154
9,35,17.421734600415185
9,36,15.107836880887316
9,37,16.239670723021767
9,38,15.181880359774835
9,39,16.213555964501868
9,40,17.320961553376918
9,41,18.054091195541606
9,42,18.274126312180716
9,43,20.643361350876155
9,44,20.33676089399334
9,45,19.715007286606266
9,46,22.904581203874564
9,47,24.48451995160514
9,48,27.087046530849022
9,49,24.759991634403235
9,50,24.74460257663803
9,51,27.48356932006144
9,52,25.943407873094046
9,53,24.2519064162672
9,54,20.971827614022157
9,55,20.392440707754666
9,56,18.106576964051875
9,57,17.751202268496026
9,58,16.81063960745276
9,59,17.501602876083442
9,60,14.505592166875749
9,61,12.450178109819038
9,62,12.687098032059945
9,63,14.233212126082293
9,64,16.58238255398953
9,65,18.855003995819516
9,66,21.77045213492148
9,67,24.09062181621764
9,68,22.10099342999935
9,69,24.35168793558517
9,70,24.04112177253585
9,71,24.0428799563567
9,72,20.703363716729626
9,73,19.416816715394887
9,74,17.50801058808029
9,75,14.493191498308644
9,76,12.93227451586305
9,77,11.503746990195816
9,78,10.865967605352985
9,79,12.85163114100452
9,80,13.162229403282122
9,81,16.58685509415898
9,82,19.101637142360477
9,83,22.408943059509582
9,84,20.93562065856586
9,85,17.892726544957387
9,86,15.290170297831777
9,87,11.5570118681455
9,88,10.188329102610684
9,89,7.516544440300046
9,90,8.97848387294704
9,91,8.960143505636736
9,92,12.200876074945821
9,93,14.467962305047292
9,94,17.425361013042952
9,95,20.313312613089007
9,96,22.358598310277294
9,97,26.178346890458478
9,98,28.84865145922384
10,1,16.769663588823875
10,2,13.532261148708754
10,3,10.462701775172759
10,4,12.075431410880247
10,5,9.310889468734045
10,6,6.582562323170545
10,7,5.463048861692703
10,8,5.363503106431642
10,9,3.811368556618965
10,11,3.7769217694791117
10,12,6.193666527194134
10,13,9.560910266825376
10,14,11.73186121999572
10,15,15.378536059997689
10,16,18.093454960781596
10,17,21.886139077354976
10,18,24.28727740193233
10,19,26.045868437179333
10,20,23.41100477927806
10,21,21.062051165796507
10,22,17.44522985367198
10,23,15.708864521163395
10,24,12.705987130532728
10,25,11.812791004828162
10,26,10.776712787753757
10,27,12.77754880790488
10,28,14.23441248904283
10,29,17.50645719010573
10,30,19.42812658360123
10,31,23.319279949838574
10,32,24.54284134721491
10,33,22.33247078778444
10,34,20.378566495986398
10,35,20.678482939771797
10,36,18.2253052543782
10,37,18.905445524344405
10,38,17.41142670825734
10,39,17.691991989618458
10,40,18.27366080115877
10,41,18.232778697015657
10,42,18.665015678746787
10,43,21.5329537118607
10,44,21.878730132509574
10,45,21.466149771459555
10,46,24.903216040378254
10,47,26.655391003376128
10,48,28.901878710194016
10,49,26.20390369048668
10,50,26.170676402006496
10,51,29.04130457543388
10,52,27.843218117780182
10,53,26.364715420602153
10,54,23.34708002407005
10,55,23.215168686724564
10,56,21.276148939563438
10,57,21.244813569002527
10,58,20.44974925907154
10,59,21.27966068205562
10,60,18.223825406227057
10,61,16.129398089160464
10,62,16.00963640385999
10,63,17.047140885143783
10,64,19.102468834081865
10,65,20.852933731415643
10,66,23.674176144128268
10,67,25.532115384177782
10,68,23.13402373928572
10,69,24.96074134757266
10,70,24.083688642342718
10,71,24.27769244615863
10,72,21.288296525061984
10,73,19.34987560723553
10,74,17.341086971993242
10,75,14.490854861408243
10,76,13.904196864198985
10,77,12.847060316556451
10,78,13.188452161646742
10,79,15.130085659981768
10,80,15.940436607090975
10,81,19.201204484243245
10,82,21.831518725039214
10,83,24.897781463146316
10,84,23.064384045505484
10,85,19.8127188946014
10,86,17.18605783461677
10,87,13.370301308372353
10,88,11.531604121706657
10,89,8.686355982404672
10,90,9.311881247673536
10,91,9.213547730229125
10,92,11.655526564256204
10,93,14.391894341686896
10,94,16.864603067735654
10,95,20.071469616187247
10,96,21.837804079543577
10,97,25.673218617059536
10,98,28.40556146686671
11,1,19.28008062473394
11,2,16.24549311299475
11,3,12.885435481817298
11,4,14.089764736192675
11,5,11.159991446554866
11,6,9.422510188260464
11,7,7.726056982733718
11,8,5.789558912374957
11,9,5.3676634646281896
11,10,3.7769217694791117
11,12,3.807176732769065
11,13,6.353863723073757
11,14,8.146224423652207
11,15,11.701940228958463
11,16,14.434844872898315
11,17,18.200416215662354
11,18,20.74151022347386
11,19,22.627247711132682
11,20,20.036396790779953
11,21,17.982455951783987
11,22,14.461868507810957
11,23,13.24479186712192
11,24,10.802990969988285
11,25,10.890223001062969
11,26,11.099672168684746
11,27,13.58037397410676
11,28,15.862310707818684
11,29,19.45632790940005
11,30,21.74290058820691
11,31,25.63791023354713
11,32,26.567951029656065
11,33,23.974452563866965
11,34,21.941157442088876
11,35,21.67260124522396
11,36,18.814329134483405
11,37,19.09150190084791
11,38,17.03638838952356
11,39,17.207884410164233
11,40,17.13806722801202
11,41,17.216668717771032
11,42,18.397428298944106
11,43,21.078107291338085
11,44,21.461925361566447
11,45,20.486001134699524
11,46,23.80462074075626
11,47,25.17399048523376
11,48,27.22988129177895
11,49,24.458617440346114
11,50,23.96087005554538
11,51,26.61375866611647
11,52,25.398533364664782
11,53,24.336748230762268
11,54,21.452008483473957
11,55,21.535437631133643
11,56,20.08634818162725
11,57,20.37146802016907
11,58,20.25292800489638
11,59,21.22249283468576
11,60,17.87556645331175
11,61,15.995147666144634
11,62,15.028040907684598
11,63,15.608863103829966
11,64,17.015293519884185
11,65,18.35278675359337
11,66,20.87419167719195
11,67,22.42983927981401
11,68,19.975525206208985
11,69,21.7899631435666
11,70,20.920223325444386
11,71,21.49818374055963
11,72,18.569700440483984
11,73,16.60637111640433
11,74,15.15585723446092
11,75,12.883901076315853
11,76,12.553452677164131
11,77,12.543689989876889
11,78,13.398127135031642
11,79,16.108878370738932
11,80,17.37387293378216
11,81,20.929231780798958
11,82,23.82219319887713
11,83,27.117061153498366
11,84,25.670319872127276
11,85,22.357673861609776
11,86,19.393194172311798
11,87,15.632960557574924
11,88,13.260128935116365
11,89,9.742891611102857
11,90,9.042713737396745
11,91,7.4199409659655124
11,92,9.254309322506002
11,93,11.42188775439343
11,94,13.581677028783757
11,95,16.60310994045284
11,96,18.182289301663655
11,97,22.00397392378821
11,98,24.688497538128402
12,1,20.021354923752835
12,2,17.47868109917249
12,3,14.494418771599436
12,4,16.333765171681875
12,5,13.967299509124421
12,6,12.027525192500438
12,7,11.115609353644363
12,8,9.151573885367792
12,9,7.530194339802171
12,10,6.193666527194134
12,11,3.807176732769065
12,13,3.842743989740687
12,14,6.437060069813591
12,15,10.054486046233428
12,16,13.08659689189268
12,17,16.80963835093192
12,18,18.92372840994959
12,19,21.049940054567774
12,20,18.943267623807618
12,21,16.99820472929772
12,22,13.316905594136214
12,23,12.723355616769501
12,24,10.229231529852582
12,25,11.313525255490458
12,26,11.630889738125875
12,27,14.841300326367879
12,28,17.082848748495493
12,29,20.755726502455037
12,30,22.733084129976945
12,31,26.590527155134982
12,32,27.22674145304307
12,33,24.65772187830078
12,34,22.137873069798395
12,35,21.36115325303127
12,36,18.130606867547534
12,37,17.6575832000398
12,38,15.061298504153886
12,39,14.552256356367822
12,40,13.976385356933717
12,41,13.68510411012999
12,42,15.176229812568348
12,43,17.94962793416214
12,44,18.73517027145663
12,45,17.83187357489807
12,46,21.28364626347777
12,47,22.841747709143814
12,48,24.54622462799043
12,49,21.515108264643313
12,50,21.179712361549146
12,51,24.052209366015198
12,52,23.276889925109955
12,53,22.184512128850844
12,54,19.670166522462484
12,55,20.376212209540196
12,56,19.37296301505853
12,57,20.34972104332109
12,58,20.33101276063743
12,59,21.933596096065298
12,60,18.81013400031575
12,61,16.424002110398735
12,62,14.94089688772971
12,63,14.610976506327399
12,64,15.949813577754991
12,65,16.71541152750995
12,66,19.445337258849076
12,67,20.720868010085937
12,68,17.872384382475506
12,69,19.242537072269446
12,70,18.042724165201633
12,71,18.301916749686754
12,72,15.554594590308952
12,73,13.297028929252892
12,74,11.533972659922544
12,75,9.285763010390431
12,76,9.588631068389285
12,77,10.145985494314912
12,78,11.976606782927874
12,79,14.893095155373311
12,80,16.937913683761323
12,81,20.461309578696195
12,82,23.725607578187184
12,83,26.957032961605197
12,84,25.713848739841392
12,85,22.175026531179363
12,86,18.845087815299348
12,87,15.282921372815348
12,88,12.22278662015006
12,89,8.490713285833767
12,90,6.43402230353124
12,91,4.404326738459319
12,92,5.642908408638927
12,93,8.408682743016753
12,94,10.798154643339094
12,95,14.200608949281065
12,96,16.273215096034768
12,97,20.112569629914073
12,98,23.003279073884446
13,1,23.655163108120192
13,2,21.18208033177859
13,3,18.087655334709325
13,4,19.63257069914166
13,5,17.08536896506767
13,6,15.495480397672422
13,7,14.079303202521025
13,8,11.770565936408305
13,9,10.956920446491745
13,10,9.560910266825376
13,11,6.353863723073757
13,12,3.842743989740687
13,14,3.8292881286360823
13,15,6.754769751136756
13,16,10.240683410515055
13,17,13.758082508608902
13,18,16.051548299875716
13,19,18.607023902431486
13,20,16.82321532272275
13,21,15.564283581787736
13,22,12.223972479807447
13,23,12.701849823217625
13,24,11.228833781133323
13,25,13.266819609999061
13,26,14.454517670236804
13,27,17.724555520506364
13,28,20.344846342855334
13,29,24.106600398074477
13,30,26.253716533663532
13,31,30.082567519363575
13,32,30.568646184837352
13,33,27.81797571130375
13,34,25.28528765695891
13,35,24.151611581080534
13,36,20.71737099860146
13,37,19.851878962139285
13,38,16.8121240201144
13,39,15.98117302076176
13,40,14.523331834563542
13,41,14.03365729231366
13,42,16.353302562147903
13,43,18.924000356872593
13,44,19.95386343272963
13,45,18.601683093765242
13,46,21.846462677722904
13,47,23.01135232926393
13,48,24.29434203312469
13,49,21.118409204417773
13,50,20.259852005855453
13,51,22.863552799159393
13,52,22.278391314584244
13,53,21.77648677066135
13,54,19.6461644028518
13,55,20.743411594660316
13,56,20.396624821936616
13,57,21.717326187040946
13,58,22.30469118744372
13,59,23.97937878425821
13,60,20.725856430493366
13,61,18.627331080931032
13,62,16.490258597106997
13,63,15.599803410146027
13,64,16.06225953114501
13,65,16.042855199351926
13,66,18.258918463020844
13,67,18.874928365830986
13,68,15.792696844251813
13,69,16.804613653378418
13,70,15.270783199644907
13,71,16.117946202165793
13,72,13.777728694819032
13,73,11.154891505348782
13,74,10.279152369906715
13,75,9.316302042718513
13,76,10.47942118205233
13,77,12.24254517368978
13,78,14.542445793354583
13,79,17.781228058299128
13,80,20.100531147520805
13,81,23.67554188132824
13,82,27.052481907663154
13,83,30.34453900072583
13,84,29.29255345917771
13,85,25.735096434542935
13,86,22.282169908283077
13,87,18.846037819080195
13,88,15.604618331566684
13,89,11.858991339640124
13,90,9.053032312650695
13,91,6.004710729630418
13,92,4.7586043535097895
13,93,6.338833963912884
13,94,7.610753652248729
13,95,10.974020133823254
13,96,12.693507958338413
13,97,16.50242704016164
13,98,19.392795333587944
14,1,24.48849317677454
14,2,22.173402462044
14,3,18.899793014720142
14,4,19.975247629567765
14,5,17.565928610055867
14,6,16.766399410972923
14,7,15.412425921426623
14,8,12.374222606365278
14,9,12.087066746124613
14,10,11.73186121999572
14,11,8.146224423652207
14,12,6.437060069813591
14,13,3.8292881286360823
14,15,3.8010741459472444
14,16,6.679627409684039
14,17,10.392585391014123
14,18,12.757985257346125
14,19,15.055764805164085
14,20,13.054615506247636
14,21,11.865483857364321
14,22,8.734304278079916
14,23,9.733021368810437
14,24,9.264314878743942
14,25,11.967264903110625
14,26,14.105413759573525
14,27,17.274442591371926
14,28,20.38152384993692
14,29,24.21592256176118
14,30,26.707964719557808
14,31,30.438909875734137
14,32,30.681804551496015
14,33,27.612679638839115
14,34,25.251972339961245
14,35,23.77835283162779
14,36,20.283078802551476
14,37,19.416375908499766
14,38,16.315899173508786
14,39,15.96906397385526
14,40,14.354270549227856
14,41,14.68860926738471
14,42,17.347561519209467
14,43,19.27461714779198
14,44,19.791176307169092
14,45,17.761711776557203
14,46,20.584533876565825
14,47,21.148705051726107
14,48,22.49947168367779
14,49,19.60322235115927
14,50,18.1719343311644
14,51,20.350164944316738
14,52,19.415902160336884
14,53,19.293634067943273
14,54,17.141829551324996
14,55,18.138483536385547
14,56,18.159000347511352
14,57,19.556271405239016
14,58,20.73401186846001
14,59,22.34107507831861
14,60,19.02003115041697
14,61,17.337214643427984
14,62,14.663555764121291
14,63,13.55980985860966
14,64,13.273293765233314
14,65,13.015857089140328
14,66,14.831162790734021
14,67,15.406128341784115
14,68,12.570663823900146
14,69,14.058285718697912
14,70,13.160289473626303
14,71,14.428315492817184
14,72,11.802602725613765
14,73,9.943420124945181
14,74,10.159705620089744
14,75,9.908560433663126
14,76,10.361337117367711
14,77,12.748640527113345
14,78,14.675594982440618
14,79,18.28798360009877
14,80,20.48866704866242
14,81,24.193776901890597
14,82,27.537241694221063
14,83,31.032760782473606
14,84,30.3856680722062
14,85,26.99144920423359
14,86,23.49182800853269
14,87,20.19561710922145
14,88,17.096718188129636
14,89,13.322088151803927
14,90,10.577390434812534
14,91,6.8406982886836785
14,92,5.735397227855805
14,93,4.882441416046547
14,94,6.043152425458362
14,95,8.530177743415184
14,96,10.294201987109437
14,97,14.134590543784304
14,98,16.90453398518293
15,1,28.094015669125763
15,2,25.86425834405103
15,3,22.566680407608498
15,4,23.45567523562089
15,5,21.012479080328216
15,6,20.426696997653934
15,7,18.85932309708249
15,8,15.753230128879142
15,9,15.807461559506818
15,10,15.378536059997689
15,11,11.701940228958463
15,12,10.054486046233428
15,13,6.754769751136756
15,14,3.8010741459472444
15,16,3.8148594793096176
15,17,7.045267416325112
15,18,9.704825653312172
15,19,12.498286045639075
15,20,10.998416598360093
15,21,10.925013263574723
15,22,8.786395680386093
15,23,11.03008764459722
15,24,11.723142469314167
15,25,14.848927267627756
15,26,17.4184019892945
15,27,20.50292680460288
15,28,23.783741852896576
15,29,27.61466929096612
15,30,30.202935353538603
15,31,33.87150151224508
15,32,33.974109805166584
15,33,30.784429469692803
15,34,28.448506544289206
15,35,26.70726535541622
15,36,23.144980817291497
15,37,22.006899712403786
15,38,18.711500625518386
15,39,18.184656524376564
15,40,15.991978098761301
15,41,16.27053774818737
15,42,19.413061271381345
15,43,21.01268575869597
15,44,21.63143402921429
15,45,19.247749557854124
15,46,21.680857533107954
15,47,21.756977515152037
15,48,22.65421836073972
15,49,19.80151432558708
15,50,17.78266754681392
15,51,19.459657411809523
15,52,18.694978927049544
15,53,19.29959351466184
15,54,17.668932235456758
15,55,18.98881615091543
15,56,19.689829620943964
15,57,21.347407961436442
15,58,23.043083854132714
15,59,24.66393016923595
15,60,21.37796019098925
15,61,20.015095037815588
15,62,16.94905780454186
15,63,15.423776885564738
15,64,14.229735666511191
15,65,13.080192880673767
15,66,14.021532176435455
15,67,13.690562869293807
15,68,10.78145296897527
15,69,11.853612204149572
15,70,10.816180576946726
15,71,12.957652458349095
15,72,10.97521234029859
15,73,9.230567164157073
15,74,10.779886705141099
15,75,11.795661777633551
15,76,12.694170028941071
15,77,15.660507463049187
15,78,17.761971337666335
15,79,21.455747565041214
15,80,23.7915419660429
15,81,27.47251530500005
15,82,30.858848857575644
15,83,34.37965565440996
15,84,33.91061211860714
15,85,30.529604243537623
15,86,26.965323028408136
15,87,23.78880152479951
15,88,20.61285804712209
15,89,16.8982606764215
15,90,13.905263497261881
15,91,10.185201173639264
15,92,8.148594834435482
15,93,5.742918612438736
15,94,4.44580316662659
15,95,5.535709152999268
15,96,6.571183185580206
15,97,10.389783608200556
15,98,13.116506867923572
16,1,29.41481259811494
16,2,27.394533498467048
16,3,24.082031925315853
16,4,24.6214882996239
16,5,22.424516583723037
16,6,22.411727573855952
16,7,21.013738929181265
16,8,17.576947643230568
16,9,17.87372581882032
16,10,18.093454960781596
16,11,14.434844872898315
16,12,13.08659689189268
16,13,10.240683410515055
16,14,6.679627409684039
16,15,3.8148594793096176
16,17,3.821285005211429
16,18,6.588305040905808
16,19,8.947903789475466
16,20,7.266563931139938
16,21,7.807932937156027
16,22,6.826052248838992
16,23,9.861767329353308
16,24,11.763684457492593
16,25,15.132544064466101
16,26,18.26045468669661
16,27,21.097565967724034
16,28,24.62024269654311
16,29,28.385401799322608
16,30,31.17624216702811
16,31,34.68185344849492
16,32,34.54993682243094
16,33,31.15178415543672
16,34,29.000106681914307
16,35,26.981225420956058
16,36,23.485796511487376
16,37,22.35458574317021
16,38,19.168705614337753
16,39,19.064672801746422
16,40,16.87920988352601
16,41,17.82435188650988
16,42,21.040274786175942
16,43,22.030741205107145
16,44,22.17182822686316
16,45,19.282534437338708
16,46,21.138773111660672
16,47,20.54759390266923
16,48,21.430905316984145
16,49,19.022951887795767
16,50,16.423590569140018
16,51,17.438183479176868
16,52,16.2987369779769
16,53,17.448223694818683
16,54,15.985123947531763
16,55,17.1926748148032
16,56,18.384701235596857
16,57,20.107400367560775
16,58,22.358674533335716
16,59,23.888006107255475
16,60,20.726890620389316
16,61,19.825031547944064
16,62,16.42205828306142
16,63,14.714109268906384
16,64,12.644655821734693
16,65,11.051601649975028
16,66,11.107983580353617
16,67,10.459063178489037
16,68,8.103878886721272
16,69,9.787451567471944
16,70,9.867870814412598
16,71,12.40623350001764
16,72,10.394583182332973
16,73,9.945185673344401
16,74,12.319514708357794
16,75,13.719340221012038
16,76,13.996449845481191
16,77,17.151671512635197
16,78,18.85274884029722
16,79,22.641879561211073
16,80,24.820721799465513
16,81,28.4869048162732
16,82,31.778697880554635
16,83,35.40097451685148
16,84,35.294811518228165
16,85,32.09542600315064
16,86,28.55226436536412
16,87,25.57306937818618
16,88,22.57784256505456
16,89,18.991972036307857
16,90,16.18737628549817
16,91,12.458390596900422
16,92,10.852528407721115
16,93,7.631147258162052
16,94,6.436377131320982
16,95,5.158442206404151
16,96,5.849019914238235
16,97,9.063484324162005
16,98,11.387905720950666
17,1,32.953535029283906
17,2,31.046643224944642
17,3,27.75692525947338
17,4,28.180428487383885
17,5,26.035106832540553
17,6,26.171272318548045
17,7,24.712893048522844
17,8,21.25192289394869
17,9,21.670629347006972
17,10,21.886139077354976
17,11,18.200416215662354
17,12,16.80963835093192
17,13,13.758082508608902
17,14,10.392585391014123
17,15,7.045267416325112
17,16,3.821285005211429
17,18,3.788335741171339
17,19,6.551664653329395
17,20,6.075680929022066
17,21,8.418223845126132
17,22,9.062549655558438
17,23,12.525130260141102
17,24,14.991669916390888
17,25,18.434005423563377
17,26,21.72717112479229
17,27,24.461934748393933
17,28,28.048761933854166
17,29,31.76180933513218
17,30,34.59808589927249
17,31,38.0100392891916
17,32,37.7323796122358
17,33,34.25814015516127
17,34,32.15001536369754
17,35,29.917550509308736
17,36,26.439841276152137
17,37,25.12206293158764
17,38,21.90157395897326
17,39,21.713387802693973
17,40,19.233484476683124
17,41,20.19042024399682
17,42,23.617464656943287
17,43,24.26037871291646
17,44,24.400961153326623
17,45,21.29028876832259
17,46,22.66508708660682
17,47,21.574186405848543
17,48,22.003300863098012
17,49,19.85225431985757
17,50,16.76169813671791
17,51,17.03433423033193
17,52,16.059219701993545
17,53,17.984068901765006
17,54,17.158363022012963
17,55,18.572687151225843
17,56,20.35606856274448
17,57,22.24505422701176
17,58,24.87109070606393
17,59,26.388950580500985
17,60,23.393751691994975
17,61,22.76221641847962
17,62,19.19360064923147
17,63,17.239907364742216
17,64,14.56830158984572
17,65,12.293141120064044
17,66,11.213549281866348
17,67,9.369216750581005
17,68,7.582633523151667
17,69,8.646275096283306
17,70,9.121676409666588
17,71,12.358070680601719
17,72,11.249130251897986
17,73,11.35528299859063
17,74,14.46581597634305
17,75,16.529480741155215
17,76,16.9860525351851
17,77,20.366211738179928
17,78,22.11585037689683
17,79,25.888097590163184
17,80,28.129262262489107
17,81,31.728087369432547
17,82,35.01766508158233
17,83,38.638199075426684
17,84,38.71882414427406
17,85,35.56314156481291
17,86,31.991003663634547
17,87,29.141874207363138
17,88,26.123302308817504
17,89,22.614305639088716
17,90,19.702233861370818
17,91,16.045810551203783
17,92,14.13046235448579
17,93,10.63213772541806
17,94,8.59196911846266
17,95,5.587073992800817
17,96,4.6514956228775945
17,97,6.368695229626214
17,98,8.126292701020365
18,1,34.01851122885332
18,2,32.48212753921491
18,3,29.42297065983586
18,4,30.028071836317146
18,5,28.24749924995198
18,6,28.407865460430568
18,7,27.33902374447717
18,8,23.808030320024884
18,9,23.816638379764562
18,10,24.28727740193233
18,11,20.74151022347386
18,12,18.92372840994959
18,13,16.051548299875716
18,14,12.757985257346125
18,15,9.704825653312172
18,16,6.588305040905808
18,17,3.788335741171339
18,19,3.8012964666509768
18,20,5.506654803016544
18,21,8.2587543224704
18,22,9.645569471274866
18,23,13.386857974398737
