1,2,3.8087628894183765
1,3,5.482703052984514
1,4,4.854153944633069
1,5,6.362705489397283
1,6,8.851321951190824
1,7,10.025915409014956
1,8,10.795636131115277
1,9,12.757243152957422
1,10,14.635003264498614
1,11,15.523772373253262
1,12,16.671837143359852
1,13,18.89895670074053
1,14,20.24860784852931
1,15,21.023983095840897
1,16,23.054293533336956
1,17,24.943304676986067
1,18,25.841629585872635
1,19,27.005813314073308
1,20,28.803025117123042
1,21,32.21410945093945
1,22,32.84549719388744
1,23,29.80404479703463
1,24,32.06742884901402
1,25,31.44578768948366
1,26,27.898022426260244
1,27,29.36491404516482
1,28,32.742118021311406
1,29,32.85334177204192
1,30,31.65008082933811
1,31,30.55462051429841
1,32,30.129564130044937
1,33,26.400002481624046
1,34,24.380018524599905
1,35,22.980186594974825
1,36,20.835739657094067
1,37,23.07125062686898
1,38,22.726247762877975
1,39,21.636351825636556
1,40,17.86541422288792
1,41,16.114686399084825
1,42,13.652271431154665
1,43,16.973442558027227
1,44,18.044540079302084
1,45,15.748794623861087
1,46,18.61096038525643
1,47,20.57752975868595
1,48,18.319129316658636
1,49,18.64365322610916
1,50,22.401173408797884
1,51,22.707571309176256
1,52,21.118281907553953
1,53,24.566710295906926
1,54,26.43422583137515
1,55,23.856655802130966
1,56,24.41031544070531
1,57,28.124912057920472
1,58,27.721212523233447
1,59,26.04955527307094
1,60,28.492586244568535
1,61,31.370601950465257
1,62,30.316024993423166
1,63,29.96456879945318
1,64,33.48783762085604
1,65,35.05002440663367
1,66,32.90895798715821
1,67,31.904663438845407
1,68,28.822416420704535
1,69,26.000980939051967
1,70,26.556589955581426
1,71,22.999447481928126
1,72,23.17999206580108
1,73,22.65852878047891
1,74,19.479425161530408
1,75,18.013608772942533
1,76,18.500905391410367
1,77,17.61402819935447
1,78,14.114545678648476
1,79,13.71751235009523
1,80,15.309167251872577
1,81,13.35594683962887
1,82,9.999338919822172
1,83,11.87282822166837
1,84,13.745449059382782
1,85,10.945657832756103
1,86,10.130792297594308
1,87,13.92527529369266
1,88,14.362656711409917
1,89,17.499384599753018
1,90,20.42523329836166
1,91,23.32364620979944
1,92,22.587310876956717
1,93,23.458429615088125
1,94,25.567810909896153
1,95,24.142471576068576
1,96,25.805135353453977
1,97,25.63903618847664
1,98,28.584799726646885
1,99,29.3363199657747
1,100,29.47662981790261
1,101,30.701273232515206
1,102,28.596392192282718
1,103,28.049721041783194
1,104,25.06599924082874
1,105,24.18790945954284
1,106,24.47801935012927
1,107,22.522108359359226
1,108,19.476960555610606
1,109,19.874820309607628
1,110,19.949210018041658
1,111,16.827617336659728
1,112,15.134415586593944
1,113,16.66712832262532
1,114,15.526127803770354
1,115,11.796048337188656
1,116,12.734683591863273
1,117,14.724539061449395
1,118,12.122269131829132
1,119,10.042206366218304
1,120,13.506374013394707
1,121,14.183705547788897
1,122,11.33338893454252
2,1,3.8087628894183765
2,3,3.7999267898507862
2,4,5.177993222298292
2,5,4.997402099437591
2,6,6.345603637161769
2,7,8.743180014466494
2,8,9.954946979905353
2,9,10.863928500763752
2,10,12.634403750558244
2,11,14.384210869236789
2,12,15.423424659793634
2,13,17.007167771414686
2,14,18.675502737890028
2,15,19.961802010741838
2,16,21.61658924906081
2,17,23.218494646999325
2,18,24.58754061725689
2,19,25.97081124812284
2,20,27.395535898231923
2,21,30.6970914671137
2,22,30.95119727706298
2,23,27.73831917222775
2,24,29.918490601022143
2,25,28.949777759927397
2,26,25.472560590442964
2,27,27.288380939843698
2,28,30.53070033897067
2,29,30.315022735773137
2,30,29.037956713918735
2,31,27.64898898851706
2,32,27.1530957885084
2,33,23.440414059934312
2,34,21.454105496138023
2,35,20.485479407156966
2,36,18.674484165434343
2,37,21.29504299941408
2,38,21.495008026265786
2,39,20.14508601153723
2,40,16.46124535016335
2,41,14.44679645038453
2,42,11.453235191740994
2,43,14.387588045908853
2,44,15.373113607686143
2,45,12.657134146696594
2,46,15.223303396014032
2,47,17.331671283899208
2,48,15.014447203218067
2,49,14.996352096365015
2,50,18.782297741758537
2,51,19.237213384908223
2,52,17.560635139417407
2,53,20.930488980219845
2,54,22.977075323818255
2,55,20.59996670688238
2,56,21.103213160051542
2,57,24.819425955319613
2,58,24.67691891026717
2,59,23.185782601989846
2,60,25.499484409028458
2,61,28.42571858038085
2,62,27.687889737562514
2,63,27.4145743542265
2,64,30.807291480679062
2,65,32.55146356983805
2,66,30.703295407312947
2,67,29.807084321145982
2,68,26.948671649727984
2,69,23.84511567010878
2,70,24.360501477967514
2,71,20.71307099186432
2,72,20.471193330247768
2,73,19.665823436632426
2,74,16.66217131838149
2,75,15.26471122516443
2,76,15.23939169481007
2,77,14.29999935222535
2,78,11.051197135293261
2,79,10.337663263848127
2,80,11.589007724625484
2,81,9.750796144689994
2,82,6.262362846399253
2,83,8.138559929597491
2,84,10.080219906704876
2,85,7.666844468598712
2,86,7.119825112486324
2,87,10.871718672782233
2,88,11.859785248500133
2,89,15.042603994269427
2,90,17.727403767118652
2,91,20.302690652373506
2,92,19.282683830425984
2,93,20.342078399076033
2,94,22.32791913833322
2,95,21.02050731049279
2,96,23.02379629679927
2,97,22.953120860077497
2,98,25.937970605563994
2,99,26.483407116656643
2,100,26.864124264127007
2,101,28.116668197421774
2,102,26.174425106887895
2,103,25.650894876847556
2,104,22.555796718095802
2,105,22.164946044385395
2,106,22.53548765866363
2,107,20.163635490460436
2,108,17.319174542461475
2,109,18.333492817887574
2,110,18.228585439905725
2,111,14.759949466840254
2,112,13.737326152365743
2,113,15.781444645261061
2,114,14.204107579879475
2,115,10.707475472790689
2,116,12.72240073460068
2,117,14.665973529748625
2,118,11.984312805246207
2,119,10.976277746813533
2,120,14.742209764690243
2,121,15.163707901137078
2,122,12.867066301937474
3,1,5.482703052984514
3,2,3.7999267898507862
3,4,3.7973951003111317
3,5,5.3310943624367
3,6,5.0417996086854036
3,7,6.231718352198742
3,8,8.68174540270913
3,9,10.064106880214943
3,10,10.757483902623157
3,11,12.34855152208385
3,12,14.242661539247596
3,13,15.659611251536807
3,14,16.64326130200974
3,15,18.2413679812272
3,16,20.33571035976557
3,17,21.52808243717537
3,18,22.592124756888246
3,19,24.383275150474628
3,20,26.10001408513364
3,21,29.200436900345984
3,22,29.676463246888712
3,23,26.34182898502859
3,24,28.181434858127876
3,25,27.228542832953273
3,26,23.58138909213999
3,27,25.062112823748176
3,28,28.222639442840002
3,29,28.065551999629115
3,30,26.57726261480075
3,31,25.384565393290195
3,32,24.78718817710702
3,33,21.032982585512457
3,34,18.949915091966073
3,35,17.500282625765617
3,36,15.445353198353102
3,37,17.902368664998743
3,38,17.98829521182969
3,39,16.974434100194802
3,40,13.29565550786853
3,41,11.883648053788708
3,42,9.499107904743683
3,43,12.849327181978476
3,44,13.159750933333838
3,45,10.770248768010083
3,46,13.975250544520037
3,47,15.458776972314546
3,48,13.180513636413542
3,49,14.093148691856022
3,50,17.70779934085575
3,51,17.841096552277076
3,52,16.767364469715346
3,53,20.40809622502434
3,54,21.947284252262193
3,55,19.50913506862837
3,56,20.665082502467985
3,57,24.207406939390648
3,58,23.614887077193227
3,59,22.47669048223965
3,60,25.20560727186303
3,61,27.75982787224404
3,62,26.816192904979275
3,63,27.030379580153827
3,64,30.503450211723674
3,65,31.88823790732807
3,66,30.059972180646724
3,67,29.601213678444214
3,68,26.589257069989788
3,69,23.64514044003457
3,70,24.74507323273353
3,71,21.3056655325921
3,72,20.662138732391508
3,73,20.367577391624387
3,74,17.82427540329739
3,75,15.702436627235759
3,76,15.452623512369888
3,77,15.416308109280859
3,78,12.31243864371433
3,79,10.517667361230517
3,80,12.166342486505402
3,81,11.46622651692372
3,82,7.6651697915902846
3,83,8.063026134297907
3,84,10.917192157537077
3,85,9.285909560313812
3,86,7.186335220477496
3,87,10.565677017744465
3,88,12.271019492151837
3,89,15.892731728534635
3,90,18.019685344347042
3,91,20.52463234831167
3,92,19.109630631198538
3,93,19.48094104138058
3,94,21.10177906681034
3,95,19.24975228292667
3,96,20.853571791036195
3,97,20.37661961392281
3,98,23.19619623403191
3,99,23.887664737009427
3,100,24.000506283355342
3,101,25.307915968635672
3,102,23.35617566686068
3,103,23.088762877274245
3,104,20.287225974789727
3,105,19.636896487110757
3,106,19.576196631639412
3,107,17.378973151463445
3,108,14.635202450771127
3,109,15.188095854662594
3,110,14.833379622688394
3,111,11.529074345852843
3,112,10.389719663605344
3,113,12.08851015836431
3,114,10.500232460814559
3,115,6.933721809171769
3,116,9.04314313903668
3,117,10.97341339725789
3,118,8.567943228768003
3,119,7.863969827664689
3,120,11.671472801985832
3,121,12.377142197183623
3,122,10.811105797401446
4,1,4.854153944633069
4,2,5.177993222298292
4,3,3.7973951003111317
4,5,3.803442462886721
4,6,5.5612811174906644
4,7,5.394339739153836
4,8,6.482852423418696
4,9,9.01089647975721
4,10,10.326991064981497
4,11,10.853872555230117
4,12,12.479665919274368
4,13,14.724063502598046
4,14,15.650560832686187
4,15,16.49965490187562
4,16,18.815372995004243
4,17,20.512732594013848
4,18,21.199543621527656
4,19,22.56771791810648
4,20,24.553034134508952
4,21,27.84814402797479
4,22,28.671246788926382
4,23,25.606730787487674
4,24,27.720039366441274
4,25,27.27362578474415
4,26,23.649396464097325
4,27,24.838952171067405
4,28,28.25557417633987
4,29,28.59546107439285
4,30,27.51058352520118
4,31,26.769482145134614
4,32,26.63299923664036
4,33,22.9940123764043
4,34,21.337477041905057
4,35,19.61010764733729
4,36,17.743338946371576
4,37,20.140690448517688
4,38,20.098784692244138
4,39,19.655830291605472
4,40,16.039516707912522
4,41,15.172897345146358
4,42,13.158285396371344
4,43,16.576678247662205
4,44,16.59414466515806
4,45,14.133198541298304
4,46,17.351321731895585
4,47,18.4860787561538
4,48,15.794535437268376
4,49,16.816980212827797
4,50,20.43543380769092
4,51,20.032654656692472
4,52,18.638148997529946
4,53,22.296309759977326
4,54,23.571750792802604
4,55,20.684641251966017
4,56,21.632085328012494
4,57,25.197802246943713
4,58,24.273498548591153
4,59,22.67990406939705
4,60,25.504033130800845
4,61,28.054820813807353
4,62,26.670757448397566
4,63,26.648070424181277
4,64,30.28754505424829
4,65,31.478227626719008
4,66,29.256433863002744
4,67,28.594372797874573
4,68,25.337685170227278
4,69,22.719082225632505
4,70,23.844962240787638
4,71,20.535886173417442
4,72,20.47145617473499
4,73,20.631639973307863
4,74,17.877317991603448
4,75,15.594256909404814
4,76,16.243341305723742
4,77,16.333178512209077
4,78,12.786821988066109
4,79,11.659984906068157
4,80,14.12904097642235
4,81,13.321926054258093
4,82,9.686587243993163
4,83,11.035574468803475
4,84,14.016533849138199
4,85,12.342748649970954
4,86,10.820257939073286
4,87,14.2937323355712
4,88,15.889232689223338
4,89,19.415592894013006
4,90,21.716374936553404
4,91,24.207219448534175
4,92,22.74021973606199
4,93,23.176370145929997
4,94,24.62899485226586
4,95,22.596538561815045
4,96,24.166739125876227
4,97,23.328698818066826
4,98,25.853938897327566
4,99,26.309041160142726
4,100,25.96768817964569
4,101,26.847980965119124
4,102,24.457857705105308
4,103,23.744952569690845
4,104,20.85197184060453
4,105,19.637454590656166
4,106,19.971430969932825
4,107,18.344571898796676
4,108,15.101908129953584
4,109,15.258639935116298
4,110,15.730608517158657
4,111,12.875117723536826
4,112,10.663261141384
4,113,12.48711633229569
4,114,12.025429177855868
4,115,8.248917218416286
4,116,9.045789862070635
4,117,11.872351647693277
4,118,10.264580654399351
4,119,8.218443206714426
4,120,11.816656321827708
4,121,13.47524955078064
4,122,11.734522601536925
5,1,6.362705489397283
5,2,4.997402099437591
5,3,5.3310943624367
5,4,3.803442462886721
5,6,3.8111643727277627
5,7,5.508061814208369
5,8,5.226578283346679
5,9,6.441904944056521
5,10,8.844564537075836
5,11,10.029844226975511
5,12,10.636869268330162
5,13,12.683505125587892
5,14,14.458646704244186
5,15,15.284334860158738
5,16,16.93437335077536
5,17,18.865369396501723
5,18,20.106033437493522
5,19,21.20223937731094
5,20,22.69776669843384
5,21,26.110400129160244
5,22,26.568767665116166
5,23,23.545533682290678
5,24,25.949378855562326
5,25,25.416686195075044
5,26,21.98279982558198
5,27,23.60711856006099
5,28,27.07764800788161
5,29,27.321457753960342
5,30,26.53669344223358
5,31,25.644939420401382
5,32,25.796401163063152
5,33,22.26766900284614
5,34,20.98804123666266
5,35,19.817864885214586
5,36,18.581203194685052
5,37,21.485691531703832
5,38,22.057662139289146
5,39,21.467550903173343
5,40,17.964536757840893
5,41,16.845102128650726
5,42,14.266868870805958
5,43,17.176627796450152
5,44,17.122985908485134
5,45,14.021934399428687
5,46,16.699592746442598
5,47,17.940346318615557
5,48,14.850120110759196
5,49,15.227301045187511
5,50,18.918829658729468
5,51,18.392514774769555
5,52,16.389749865118876
5,53,19.85616039579336
5,54,21.349732409895097
5,55,18.372947749289356
5,56,18.796044220774444
5,57,22.47315319011844
5,58,21.825746777324365
5,59,19.918712233643475
5,60,22.463942492366666
5,61,25.267289846144426
5,62,24.043219172040796
5,63,23.678540140620655
5,64,27.256827296531224
5,65,28.719725728821402
5,66,26.550680748412784
5,67,25.626416404064017
5,68,22.540345516487335
5,69,19.706156840721786
5,70,20.493978578012484
5,71,17.046902205928276
5,72,17.12587297058066
5,73,17.088727552925555
5,74,14.171396890191929
5,75,12.11174687997541
5,76,13.025561314844737
5,77,12.865170218056358
5,78,9.184468188016687
5,79,8.664982167752685
5,80,11.409383242955181
5,81,10.506718275272496
5,82,7.3098269442011965
5,83,9.57851702895023
5,84,12.48934321547033
5,85,11.31366401165549
5,86,10.801831560810234
5,87,14.140607917962765
5,88,16.011563588786068
5,89,19.26587924048509
5,90,21.54333773210802
5,91,23.651038169651493
5,92,21.984288567294175
5,93,22.895618446056606
5,94,24.204405649606425
5,95,22.38647325768111
5,96,24.481533004609908
5,97,23.68339751121698
5,98,26.141232082827216
5,99,26.12774581887398
5,100,25.89835798322254
5,101,26.501867286400866
5,102,24.019816569063032
5,103,22.895794987987667
5,104,19.63074002730408
5,105,18.807315948686764
5,106,19.75623494779038
5,107,17.869473300142584
5,108,14.503270561976924
5,109,15.509828166412818
5,110,16.377166446241347
5,111,13.255138909285579
5,112,11.437997406183172
5,113,14.16101843643957
5,114,13.700972118032265
5,115,10.21355296971019
5,116,11.781211221434797
5,117,14.762456743988787
5,118,13.223609504435379
5,119,11.770648272907126
5,120,15.431685798493397
5,121,16.957435422074113
5,122,15.25024777861479
6,1,8.851321951190824
6,2,6.345603637161769
6,3,5.0417996086854036
6,4,5.5612811174906644
6,5,3.8111643727277627
6,7,3.7901258685033987
6,8,5.407687829601174
6,9,5.2967630455752515
6,10,6.3346344284608245
6,11,8.642155891470916
6,12,9.907343802244178
6,13,10.925925234794944
6,14,12.488863479109046
6,15,14.19760389014687
6,16,15.787160303203471
6,17,17.030324230258863
6,18,18.53863388005779
6,19,20.20585695313509
6,20,21.5421067434552
6,21,24.667660204439777
6,22,24.906015792140817
6,23,21.589220857265225
6,24,23.631253268657023
6,25,22.721558608929563
6,26,19.193548128919495
6,27,20.949068059939385
6,28,24.227986336470114
6,29,24.161680423009706
6,30,23.116908941457346
6,31,22.050327793098273
6,32,22.046510836518504
6,33,18.483798020167175
6,34,17.188082796347977
6,35,16.12783983521389
6,36,15.12619680414957
6,37,18.260370668597155
6,38,19.256689399580043
6,39,18.66672929640123
6,40,15.393870953034277
6,41,14.496167196609768
6,42,12.025384473883014
6,43,14.614742851264358
6,44,14.00206099122732
6,45,10.77198009704173
6,46,13.47448554479269
6,47,14.332086315680835
6,48,11.138616217286495
6,49,11.872771930876917
6,50,15.452945192499223
6,51,14.793994777227793
6,52,13.136338439576571
6,53,16.77580800143236
6,54,18.075713666273465
6,55,15.23136243524099
6,56,16.153051445472514
6,57,19.72668929242688
6,58,19.007904988478522
6,59,17.589292806050885
6,60,20.343635620370954
6,61,22.920006990647483
6,62,21.885491470865166
6,63,22.002007593895538
6,64,25.502017043433504
6,65,26.890479200637174
6,66,25.054290359929254
6,67,24.587851267992097
6,68,21.638406942524423
6,69,18.632598954231234
6,70,19.831016137345202
6,71,16.4849151773939
6,72,15.732519135504042
6,73,15.77038021282229
6,74,13.477179965562616
6,75,10.91904972732379
6,76,10.957469780342004
6,77,11.545320424535834
6,78,8.44040456638773
6,79,6.399478192450623
6,80,9.186411323957875
6,81,9.457472239627904
6,82,6.212850218524144
6,83,7.142213561491959
6,84,10.673046986827801
6,85,10.498185097888781
6,86,9.42189669019424
6,87,12.11588823127141
6,88,14.7240585289886
6,89,18.09208438023458
6,90,19.790992839902803
6,91,21.55335129686506
6,92,19.45052869532482
6,93,20.063939632061143
6,94,20.9976456190211
6,95,18.949926157276085
6,96,21.071478344587145
6,97,20.096127216114233
6,98,22.451016295786143
6,99,22.335831420437863
6,100,22.157063471646822
6,101,22.834140425541126
6,102,20.505317254156488
6,103,19.597249642142167
6,104,16.400755631196763
6,105,15.915927610425902
6,106,16.62428709412834
6,107,14.392461347041676
6,108,11.269956491461292
6,109,12.674661366468735
6,110,13.194507491867306
6,111,9.833792609167931
6,112,8.70537015336404
6,113,11.760494490879907
6,114,10.955344047006415
6,115,7.983619695291378
6,116,10.463187505041835
6,117,13.19718285727134
6,118,11.912027433768593
6,119,11.511627725775941
6,120,15.115063537746842
6,121,16.454939722429827
6,122,15.467834401248862
7,1,10.025915409014956
7,2,8.743180014466494
7,3,6.231718352198742
7,4,5.394339739153836
7,5,5.508061814208369
7,6,3.7901258685033987
7,8,3.8127549040552915
7,9,5.586803002661184
7,10,5.278655812211407
7,11,6.149896713446614
7,12,8.561514172009016
7,13,10.082358923775937
7,14,10.589506810571502
7,15,12.093329591918788
7,16,14.458212540519108
7,17,15.601099574279285
7,18,16.406221859599277
7,19,18.24809507193053
7,20,20.15400346737536
7,21,23.196294865626815
7,22,23.95938436588535
7,23,20.73092763923087
7,24,22.578671724834802
7,25,22.079523784190986
7,26,18.392893823248727
7,27,19.496071703253428
7,28,22.87478900033668
7,29,23.25067747391473
7,30,22.251576580838616
7,31,21.743335959453447
7,32,21.920521841336473
7,33,18.44360807303448
7,34,17.32140489638679
7,35,15.519798183240386
7,36,14.353555324603695
7,37,17.1504747942236
7,38,17.868642420737437
7,39,17.99184599797776
7,40,14.8557939812463
7,41,14.843509365770242
7,42,13.23253740731974
7,43,16.153829097920138
7,44,14.98087162167366
7,45,12.31714284448552
7,46,15.474273187594784
7,47,15.596690699644869
7,48,12.457402059704245
7,49,14.132282089385686
7,50,17.366012659103642
7,51,16.16369891153089
7,52,15.037561859855183
7,53,18.771303232034175
7,54,19.379386544863003
7,55,16.286358888903894
7,56,17.71439799202322
7,57,21.0114139471657
7,58,19.617659703099015
7,59,18.291022223567328
7,60,21.467761374754296
7,61,23.61374569661896
7,62,22.064913869309837
7,63,22.517100560383557
7,64,26.161222857749067
7,65,27.03306497783636
7,66,24.94731452755193
7,67,24.782632059467645
7,68,21.528764201284037
7,69,18.995255819659324
7,70,20.76225468065794
7,71,17.799700002126023
7,72,17.126848823302925
7,73,17.92684469033246
7,74,15.956083902970079
7,75,12.866165258021384
7,76,13.314347408448446
7,77,14.60578618411339
7,78,11.579583399632748
7,79,9.45199630484872
7,80,12.52279082338049
7,81,13.203838043846806
7,82,9.97866240128879
7,83,10.367397115899072
7,84,14.064385602236468
7,85,13.832722135692913
7,86,12.065353833341812
7,87,14.654304499349932
7,88,17.32330049171824
7,89,20.911780699269634
7,90,22.442361442237694
7,91,24.28611649318583
7,92,22.057191143095896
7,93,22.134143071851977
7,94,22.769904458577273
7,95,20.2279243270708
7,96,21.84156957924637
7,97,20.32971927868021
7,98,22.31928549180542
7,99,22.268123012228003
7,100,21.509163077378847
7,101,21.97116564916334
7,102,19.337409917651627
7,103,18.418443185682452
7,104,15.546173387308537
7,105,14.24487806319207
7,106,14.71496668531571
7,107,13.20304275385083
7,108,9.789522696827843
7,109,10.165168164492366
7,110,11.123703429179555
7,111,8.44068310096645
7,112,6.016108579805593
7,113,8.914221310211758
7,114,9.15348192327818
7,115,6.200971073765857
7,116,7.66396791587399
7,117,10.982152836253166
7,118,10.674526324539947
7,119,9.869208429494844
7,120,13.046771121594874
7,121,15.114684733019871
7,122,14.661145482824196
8,1,10.795636131115277
8,2,9.954946979905353
8,3,8.68174540270913
8,4,6.482852423418696
8,5,5.226578283346679
8,6,5.407687829601174
8,7,3.8127549040552915
8,9,3.8020967131393597
8,10,5.463197493449701
8,11,5.09685936762984
8,12,6.008933071189859
8,13,8.64886810169904
8,14,9.816075142671915
8,15,10.246972079193398
8,16,12.370869261479921
8,17,14.345351552967003
8,18,15.133395056141032
8,19,16.243031372310252
8,20,18.10086972351665
8,21,21.46868653167507
8,22,22.345272002639994
8,23,19.454436159061366
8,24,21.81059022036622
8,25,21.780883720765498
8,26,18.317945300013097
8,27,19.424067925025344
8,28,23.05455792831782
8,29,23.837448852668057
8,30,23.434502806145524
8,31,23.2125352895323
8,32,23.930484867320363
8,33,20.688273105049774
8,34,20.088460345630107
8,35,18.51248719259454
8,36,17.784278608541253
8,37,20.675712224428906
8,38,21.500819785929462
8,39,21.772317253402917
8,40,18.667289744855832
8,41,18.575165853729878
8,42,16.719431112725527
8,43,19.558259984018243
8,44,18.498393643935383
8,45,15.537387235612828
8,46,18.35108479493435
8,47,18.527449373178673
8,48,15.076367946222986
8,49,16.2521916823269
8,50,19.496070574679862
8,51,17.974610728560403
8,52,16.21200912970622
8,53,19.70827492070368
8,54,20.288052418967535
8,55,16.8423091459587
8,56,17.644600711576413
8,57,20.981025290326354
8,58,19.518269141902596
8,59,17.524599850465
8,60,20.54311938630248
8,61,22.850778443727485
8,62,20.99069875936243
8,63,20.937400928004788
8,64,24.689039500050605
8,65,25.560220394488336
8,66,23.10436975911733
8,67,22.530956591414988
8,68,19.12377635889175
8,69,16.80322916028358
8,70,18.370551403149566
8,71,15.49056621902522
8,72,15.54387691619977
8,73,16.668917096174006
8,74,14.454513560881736
8,75,11.422322485920613
8,76,12.946644826400883
8,77,14.117030039290503
8,78,10.823604035310005
8,79,9.808329565071586
8,80,13.393932516103813
8,81,13.776892054810977
8,82,11.025431419144443
8,83,12.467532686350674
8,84,15.951795964440507
8,85,15.651797355238898
8,86,14.640220082674938
8,87,17.4655257759405
8,88,19.978934248345965
8,89,23.397235167927434
8,90,25.177103093123087
8,91,26.938795807769537
8,92,24.720522239955656
8,93,25.170534110903176
8,94,25.776930102428167
8,95,23.369366371100295
8,96,25.240627923512697
8,97,23.669165652688463
8,98,25.4771591438749
8,99,25.046917931190258
8,100,24.091605464674696
8,101,24.072535471485274
8,102,21.09856349139358
8,103,19.530749520505093
8,104,16.389716168152628
8,105,14.854430557434432
8,106,16.16075893940316
8,107,15.065241585447232
8,108,11.330932704912602
8,109,11.900519083990263
8,110,13.78136940360705
8,111,11.50130631003923
8,112,8.826184529422454
8,113,11.879570898477052
8,114,12.763064483610762
8,115,9.927225837440202
8,116,10.706897994229218
8,117,14.320813502780124
8,118,14.149454614513797
8,119,12.693027978393678
8,120,15.772926937549721
8,121,18.17196297316219
8,122,17.341325864823926
9,1,12.757243152957422
9,2,10.863928500763752
9,3,10.064106880214943
9,4,9.01089647975721
9,5,6.441904944056521
9,6,5.2967630455752515
9,7,5.586803002661184
9,8,3.8020967131393597
9,10,3.802258640191282
9,11,5.458283687447365
9,12,4.99799255854748
9,13,6.304160512667041
9,14,8.675028526853309
9,15,9.740641777037949
9,16,10.813903798000995
9,17,12.600599208241627
9,18,14.298537727657093
9,19,15.45245297214208
9,20,16.566750874379633
9,21,19.881669438979422
9,22,20.167325695994826
9,23,17.109171130285272
9,24,19.592807461941113
9,25,19.2088043463738
9,26,15.904566743167738
9,27,17.624264882769488
9,28,21.174951005404928
9,29,21.639102366163915
9,30,21.396306852973034
9,31,20.895083528231364
9,32,21.80175839325308
9,33,18.704797313298283
9,34,18.47168758987912
9,35,17.542401813069315
9,36,17.480715677877292
9,37,20.794728203975513
9,38,22.23945668029583
9,39,22.282173046025285
9,40,19.38877116013545
9,41,19.08901936922888
9,42,16.89878706598177
9,43,19.14899637921951
9,44,17.918221721723025
9,45,14.5683044724157
9,46,16.768611378334867
9,47,16.859368381432798
9,48,13.163586142894095
9,49,13.837513488752895
9,50,16.92739647330321
9,51,15.215201371477079
9,52,13.013863273737424
9,53,16.311516341335
9,54,16.976105441126894
9,55,13.486732933750396
9,56,13.956829442784462
9,57,17.36515638055246
9,58,16.15225586228739
9,59,14.036228661415976
9,60,16.90600040300226
9,61,19.395333949200555
9,62,17.821280029660333
9,63,17.66051562469943
9,64,21.338692026880043
9,65,22.498461774676265
9,66,20.300396348566235
9,67,19.70073545903457
9,68,16.559773832324897
9,69,13.800597172354625
9,70,15.262786344030552
9,71,12.243866285237747
9,72,11.909596150121454
9,73,12.959743259068619
9,74,11.01121666470499
9,75,7.749906535155877
9,76,9.247606621170313
9,77,10.763279930077704
9,78,7.8936575051551445
9,79,6.848168352720417
9,80,10.6351308845463
9,81,11.606038066534161
9,82,9.659725496079528
9,83,11.073314001310862
9,84,14.412175723152314
9,85,14.90196599598435
9,86,14.437676971800963
9,87,16.77797331765065
9,88,19.61450350982073
9,89,22.766319207073053
9,90,24.270164277057233
9,91,25.564767050364317
9,92,23.079420980152825
9,93,23.7907278384101
9,94,24.12656435608541
9,95,21.887707654434056
9,96,24.175779056895873
9,97,22.646537589286424
9,98,24.348959784791894
9,99,23.478879235103037
9,100,22.713829933347444
9,101,22.50153695271253
9,102,19.5918121684672
9,103,17.748310448314896
9,104,14.255841624701084
9,105,13.431761342166928
9,106,15.251342449691048
9,107,13.686935224908277
9,108,10.112951082227525
9,109,11.859719832615223
9,110,13.766500750294261
9,111,11.240221664106988
9,112,9.58558743863502
9,113,13.226372213136457
9,114,13.712260007082396
9,115,11.397570362757723
9,116,13.097426733883264
9,117,16.414410612653914
9,118,16.09590318007198
9,119,15.358632323034886
9,120,18.600888168864333
9,121,20.631222417719265
9,122,19.90118012675007
10,1,14.635003264498614
10,2,12.634403750558244
10,3,10.757483902623157
10,4,10.326991064981497
10,5,8.844564537075836
10,6,6.3346344284608245
10,7,5.278655812211407
10,8,5.463197493449701
10,9,3.802258640191282
10,11,3.79546218418254
10,12,5.38116037615759
10,13,5.184247964833477
10,14,6.225041298563803
10,15,8.531668761743608
10,16,10.107130745630686
10,17,10.825165054448808
10,18,12.368152737286547
10,19,14.379626260731472
10,20,15.706392155934555
10,21,18.595188945868703
10,22,18.986039980005753
10,23,15.627820809445561
10,24,17.52263335247203
10,25,16.948339364978203
10,26,13.352980170578126
10,27,14.800359175769396
10,28,18.24362553659127
10,29,18.638233341357353
10,30,18.109737015031197
10,31,17.773921768640438
10,32,18.632294368635485
10,33,15.554196713544668
10,34,15.457614296952757
10,35,14.222413630241613
10,36,14.401781844498018
10,37,17.67995786896085
10,38,19.36087342954132
10,39,19.76967205755283
10,40,17.260162034131067
10,41,17.570517256790602
10,42,15.963744854720707
10,43,18.032738253360616
10,44,16.129453884646896
10,45,13.144906457844403
10,46,15.48553374734977
10,47,14.80109906573848
10,48,11.170422845776184
10,49,12.747373491879173
10,50,15.398251482993341
10,51,13.245164507380714
10,52,11.859551387497918
10,53,15.324720722323992
10,54,15.321346127762512
10,55,11.860252249068964
10,56,13.315365139571734
10,57,16.35472278755485
10,58,14.610214317459665
10,59,13.217667616924
10,60,16.578551628735937
10,61,18.487154187791223
10,62,16.819874672213185
10,63,17.47330514538845
10,64,21.093153738413044
10,65,21.836118642900892
10,66,19.884947555239638
10,67,20.00537539117527
10,68,16.894681863356872
10,69,14.338455484759036
10,70,16.541143352018636
10,71,13.991216548951598
10,72,12.802001164287846
10,73,14.260227487440881
10,74,13.180478581072077
10,75,9.539045102896749
10,76,10.050175188914926
10,77,12.478761693232743
10,78,10.35289078642541
10,79,8.04066128132345
10,80,11.46451205045481
10,81,13.33751349169034
10,82,11.272626645093846
10,83,11.421929624137375
10,84,15.049467999984726
10,85,16.02149854994619
10,86,14.84542232974844
10,87,16.640177516778177
10,88,19.877294895368056
10,89,23.166537944512537
10,90,24.17269717960766
10,91,25.278235581082072
10,92,22.47570215825785
10,93,22.632253723461957
10,94,22.515520210252475
10,95,19.85190975761323
10,96,21.829241831593123
10,97,19.870904638081527
10,98,21.237161794050984
10,99,20.30561732697222
10,100,19.23783639109791
10,101,18.955675536060774
10,102,15.982254825651898
10,103,14.327654508193683
10,104,11.049159089041876
10,105,10.030605478240242
10,106,11.515035218520207
10,107,10.016222924288362
10,108,6.354807975822515
10,109,8.158999099053
10,110,10.140146877682636
10,111,7.982320068685181
10,112,6.5498985808572465
10,113,10.330842024523317
10,114,11.112079286442311
10,115,9.682576174932347
10,116,11.453034261673833
10,117,14.532602896443224
10,118,14.856615688372901
10,119,14.74682155721932
10,120,17.606185781943232
10,121,19.68431763245082
10,122,19.66374658609645
11,1,15.523772373253262
11,2,14.384210869236789
11,3,12.34855152208385
11,4,10.853872555230117
11,5,10.029844226975511
11,6,8.642155891470916
11,7,6.149896713446614
11,8,5.09685936762984
11,9,5.458283687447365
11,10,3.79546218418254
11,12,3.8076015342275835
11,13,5.397173222368668
11,14,4.986434582717435
11,15,5.963835194726712
11,16,8.678841423397758
11,17,9.907059097187846
11,18,10.369157917991418
11,19,12.11379043541058
11,20,14.206510229283342
11,21,17.22538912698276
11,22,18.345637499967477
11,23,15.379218532290327
11,24,17.355407258213532
11,25,17.57706038447748
11,26,14.058478907564252
11,27,14.64670639930715
11,28,18.305345342224957
11,29,19.436089489605404
11,30,19.273118963570173
11,31,19.640380252418616
11,32,20.825420280244458
11,33,17.98829975549745
11,34,18.106027611802435
11,35,16.324239562069007
11,36,16.321909666354877
11,37,19.164696513219038
11,38,20.450198278166816
11,39,21.415690838354635
11,40,18.945353685933014
11,41,19.70672148770897
11,42,18.49373274496673
11,43,20.936824111385537
11,44,18.97914045075017
11,45,16.31923320849872
11,46,18.96192546481399
11,47,18.101285744863645
11,48,14.620016845413758
11,49,16.480878037734584
11,50,19.02175979643815
11,51,16.664631381035637
11,52,15.449079515155674
11,53,18.77513748969689
11,54,18.38035279671816
11,55,14.780304774497147
11,56,16.195524767772035
11,57,18.94793953738726
11,58,16.704688257101864
11,59,15.066549424774498
11,60,18.539596844932348
11,61,20.129679434566626
11,62,17.834460490367736
11,63,18.456057270522585
11,64,22.194791841344696
11,65,22.43825859921423
11,66,20.014702580785716
11,67,20.1502309190734
11,68,16.669189192870746
11,69,14.83048039808705
11,70,17.332642135790593
11,71,15.215041605271457
11,72,14.670744688577571
11,73,16.72309261942938
11,74,15.582745094790784
11,75,11.933469901262573
11,76,13.248852107613132
11,77,15.615311053603794
11,78,13.195985047765918
11,79,11.486733839311446
11,80,15.08151581260714
11,81,16.601325382764408
11,82,14.289995288537007
11,83,14.784636670903367
11,84,18.47422392485579
11,85,19.008929367568612
11,86,17.641050518894076
11,87,19.768945057727567
11,88,22.825920855019387
11,89,26.27112007009192
11,90,27.44968094497118
11,91,28.76939273581519
11,92,26.050703210237536
11,93,26.03642476930316
11,94,25.911909872403005
11,95,23.049636120981035
11,96,24.68641116604204
11,97,22.449124735527374
11,98,23.543666571751714
11,99,22.665119202143806
11,100,21.082034558515335
11,101,20.467080452566552
11,102,17.141430127687396
11,103,15.235101205070144
11,104,12.365677901013738
11,105,10.20781444957392
11,106,11.817877690047796
11,107,11.51702546797858
11,108,7.752861786807096
11,109,8.020059141779617
11,110,10.89722623361188
11,111,9.769810185284866
11,112,7.0686427000914405
11,113,10.243543709191064
11,114,12.162078443805362
11,115,10.698770138415076
11,116,11.197982054349854
11,117,14.675930778377145
11,118,15.638641172032257
11,119,14.862924231916766
11,120,17.283195670346036
11,121,19.96962765495526
11,122,20.056998619216134
12,1,16.671837143359852
12,2,15.423424659793634
12,3,14.242661539247596
12,4,12.479665919274368
12,5,10.636869268330162
12,6,9.907343802244178
12,7,8.561514172009016
12,8,6.008933071189859
12,9,4.99799255854748
12,10,5.38116037615759
12,11,3.8076015342275835
12,13,3.8032176645016853
12,14,5.48758913950394
12,15,5.0214692974238195
12,16,6.39533143175405
12,17,8.810289776840811
12,18,9.915399547944375
12,19,10.62408867172363
12,20,12.134906037640542
12,21,15.573909213787037
12,22,16.44647806054841
12,23,13.787879878068612
12,24,16.44834396103697
12,25,16.94937514081103
12,26,13.85749829457997
12,27,14.851473115494544
12,28,18.620914096774086
12,29,19.896749466046174
12,30,20.340400478977514
12,31,20.70688603142391
12,32,22.328144035929935
12,33,19.738538998159047
12,34,20.26192451496129
12,35,19.02087933350539
12,36,19.4188280793004
12,37,22.501936020191735
12,38,24.014917319362308
12,39,24.778552512700664
12,40,22.238625783399318
12,41,22.64019338237626
12,42,20.978071909100173
12,43,23.245006811089894
12,44,21.491376713196143
12,45,18.43634115491075
12,46,20.646655668451473
12,47,20.01089853234807
12,48,16.306437761782522
12,49,17.462661711575343
12,50,19.99637358787575
12,51,17.5213868918578
12,52,15.598997654879968
12,53,18.538731079755312
12,54,18.275004125871313
12,55,14.487459373891475
12,56,15.05849302354465
12,57,17.83027706395089
12,58,15.75590599708284
12,59,13.370819984525825
12,60,16.51185041325019
12,61,18.373238223150295
12,62,15.939126398643381
12,63,15.902517322742858
12,64,19.710397156828865
12,65,20.13972618568855
12,66,17.438952934457742
12,67,17.06843267884173
12,68,13.5118512564176
12,69,11.685997584656077
12,70,13.9479494751021
12,71,11.937972475811167
12,72,12.022388792580688
12,73,14.368317913339187
12,74,13.208111395109237
12,75,9.73067279538171
12,76,11.970521614840154
12,77,14.212475623145524
12,78,11.942354331028694
12,79,11.21774499694288
12,80,14.960406749449694
12,81,16.319263425226804
12,82,14.64078964230172
12,83,15.828397325286018
12,84,19.23180716345241
12,85,19.880442754860198
12,86,19.208669005052105
12,87,21.42156887423732
12,88,24.40598597994981
12,89,27.629272492591646
12,90,28.95780273473015
12,91,30.10142783838132
12,92,27.379000341732542
12,93,27.809735406764112
12,94,27.690458567381633
12,95,25.103088297351206
12,96,27.13678160347463
12,97,25.040727604041265
12,98,26.11080061395343
12,99,24.857344383772425
12,100,23.37784165189785
12,101,22.426190569414416
12,102,19.01566753115359
12,103,16.52900618140972
12,104,13.30914533965382
12,105,11.565124049103362
12,106,14.068598653525923
12,107,13.707415657554764
12,108,10.097640975331593
12,109,11.178236864535434
12,110,14.20001618875309
12,111,12.896210503814897
12,112,10.667767938780406
12,113,14.013750602476604
12,114,15.690126628153253
12,115,13.993130557188804
12,116,14.73143429704905
12,117,18.28304965566433
12,118,18.899217019429933
12,119,17.91260046389562
12,120,20.58300312705894
12,121,23.219311712978683
12,122,22.90580678914467
13,1,18.89895670074053
13,2,17.007167771414686
13,3,15.659611251536807
13,4,14.724063502598046
13,5,12.683505125587892
13,6,10.925925234794944
13,7,10.082358923775937
13,8,8.64886810169904
13,9,6.304160512667041
13,10,5.184247964833477
13,11,5.397173222368668
13,12,3.8032176645016853
13,14,3.7932552746510377
13,15,5.307081486638687
13,16,5.257707221115013
13,17,6.356453306748179
13,18,8.655742613121284
13,19,10.079322712937248
13,20,10.768295611015605
13,21,13.793840150251865
13,22,14.051372398841508
13,23,10.915945470260969
13,24,13.378445892629617
13,25,13.41662295924222
13,26,10.289730660521519
13,27,11.797880726053853
13,28,15.459499435004822
13,29,16.42366642153198
13,30,16.95673751963646
13,31,17.231529443427362
13,32,19.087921486605563
13,33,16.778161474818923
13,34,17.791942246213114
13,35,16.995522771967305
13,36,18.076220825674206
13,37,21.350339874801477
13,38,23.4032067288802
13,39,24.146245067184132
13,40,21.990110718567554
13,41,22.498744791554508
13,42,20.905979689774835
13,43,22.63497626641791
13,44,20.505012021462168
13,45,17.47181553552012
13,46,19.190441095867342
13,47,18.101887242541856
13,48,14.431753844722367
13,49,15.568626512409972
13,50,17.56974085184402
13,51,14.69451290582302
13,52,12.9106555525879
13,53,15.562792686516051
13,54,14.857362808931866
13,55,11.054012249750452
13,56,11.862447524842235
13,57,14.33562351464777
13,58,12.033594776836841
13,59,9.911297437780215
13,60,13.31960510037394
13,61,14.916910014567238
13,62,12.601428588746023
13,63,13.070839004564235
13,64,16.807203898074928
13,65,17.215654193817702
13,66,14.93604419515907
13,67,15.100555425980092
13,68,11.870590350384381
13,69,9.721873840690847
13,70,12.497435865375516
13,71,10.809476004928806
13,72,9.831683197169571
13,73,12.488411757357897
13,74,12.278281086713296
13,75,8.574368133678906
13,76,10.117877088008157
13,77,13.128349664409942
13,78,11.797239050691905
13,79,10.545697976784995
13,80,13.925742437936968
13,81,16.07801701126749
13,82,14.942175570826377
13,83,15.503235843697782
13,84,18.780616304914496
13,85,20.141766988395
13,86,19.51234383174319
13,87,21.11529691036608
13,88,24.4239385722307
13,89,27.476961141191282
13,90,28.353089169412844
13,91,29.0458121533535
13,92,26.016093361814992
13,93,26.357467854859884
13,94,25.792717679915064
13,95,23.180419075531105
13,96,25.33352078945089
13,97,23.090150286830898
13,98,23.84439196985046
13,99,22.176559909664604
13,100,20.687935527354472
13,101,19.464540200161277
13,102,16.092818336291305
13,103,13.360640215248214
13,104,9.942407613269976
13,105,8.814594858791189
13,106,11.780757901876148
13,107,11.190309205487385
13,108,8.04541284178413
13,109,10.088620368620353
13,110,13.03403728852639
13,111,11.930417200725882
13,112,10.715412176043877
13,113,14.219731520167612
13,114,15.64848102774151
13,115,14.678482126469351
13,116,15.999400835187345
13,117,19.174331888365145
13,118,19.890198066130342
13,119,19.606576203920998
13,120,22.259154704869125
13,121,24.617948533758934
13,122,24.642196579225864
14,1,20.24860784852931
14,2,18.675502737890028
14,3,16.64326130200974
14,4,15.650560832686187
14,5,14.458646704244186
14,6,12.488863479109046
14,7,10.589506810571502
14,8,9.816075142671915
14,9,8.675028526853309
14,10,6.225041298563803
14,11,4.986434582717435
14,12,5.48758913950394
14,13,3.7932552746510377
14,15,3.7867341814584936
14,16,5.532214212696203
14,17,5.221353041910527
14,18,6.186719679715856
14,19,8.710328404295758
14,20,10.333590525586866
14,21,12.85936626587913
14,22,13.836307011810362
14,23,10.72782403427694
14,24,12.415511499650137
14,25,12.82809368695098
14,26,9.43620723999706
14,27,9.789011135580306
14,28,13.528030155306585
14,29,14.963191006109938
14,30,15.380706123445266
14,31,16.2978022738822
14,32,18.205397011144278
14,33,16.06363117706143
14,34,17.200491584789447
14,35,15.790545549068696
14,36,16.871243373182573
14,37,19.75394890485531
14,38,21.69365505669538
14,39,22.993293918569297
14,40,21.166054491995418
14,41,22.30676234185154
14,42,21.333552665205477
14,43,23.167970082064862
14,44,20.638318178841008
14,45,18.1162781359699
14,46,20.152015278162683
14,47,18.525145778694398
14,48,15.136991318233477
14,49,17.069120544723624
14,50,18.768012765221243
14,51,15.674165969751884
14,52,14.75731998894462
14,53,17.49611397176481
14,54,16.178618899016673
14,55,12.582718121208213
14,56,14.241157784554478
14,57,16.202139721681775
14,58,13.292671311156797
14,59,11.966730685804604
14,60,15.641519358763738
14,61,16.47612439225037
14,62,13.830225771848868
14,63,15.075157789432412
14,64,18.648747579802958
14,65,18.35560749878862
14,66,16.106240078715075
14,67,16.95415379476205
14,68,13.68037230332925
14,69,12.317501283430433
14,70,15.558011701036957
14,71,14.354018195053929
14,72,13.21367941266856
14,73,16.00943898738652
14,74,16.01073637885638
14,75,12.271013179770607
14,76,13.347110521417648
14,77,16.526435032988704
14,78,15.122853537835766
14,79,13.312121327342112
14,80,16.587065820258612
14,81,18.9067017909233
14,82,17.317948253770922
14,83,17.34835553964988
14,84,20.866632263121613
14,85,22.162000710899108
14,86,20.932185339226713
14,87,22.422061240829958
14,88,25.832068623178536
14,89,29.085624338336466
14,90,29.763811352541463
