1,2,3.8015436836052676
1,3,7.014453982882792
1,4,8.777936458538004
1,5,6.778479254217234
1,6,7.638774820232168
1,7,11.068920102208114
1,8,11.726614408947077
1,9,11.297748324523441
1,10,13.605389824271718
1,11,16.0205836498668
1,12,16.388699168645843
1,13,16.958320126984823
1,14,19.623589418893527
1,15,21.093399969864937
1,16,21.19900615897814
1,17,23.20638754605674
1,18,25.622315087643923
1,19,26.32636942821081
1,20,26.90707080985573
1,21,28.749504905510285
1,22,32.34995406412966
1,23,33.19657245469687
1,24,30.513151229888713
1,25,33.05962318358543
1,26,32.803865828772146
1,27,29.333640634085484
1,28,30.77597715583716
1,29,34.34317790823051
1,30,34.825139562213586
1,31,33.93217419268055
1,32,33.06890307120706
1,33,32.88576844024668
1,34,29.206988427836095
1,35,27.387484763776452
1,36,26.09167767784607
1,37,24.245862100677133
1,38,26.52339144827593
1,39,26.096845975415736
1,40,25.17387040645394
1,41,21.411141497673597
1,42,19.99571406910552
1,43,17.51869958710516
1,44,20.71053369252698
1,45,21.77534838447507
1,46,19.36883762303809
1,47,22.17904986604627
1,48,23.944646609691137
1,49,21.353956771375273
1,50,21.56078681782452
1,51,25.34434883696301
1,52,25.247003656687404
1,53,23.35855233705807
1,54,26.76040147207316
1,55,28.411823192887873
1,56,25.510120785322055
1,57,25.757778342341823
1,58,29.486438758397913
1,59,29.01400280933049
1,60,27.057911568911166
1,61,29.424248443520295
1,62,32.36771700598276
1,63,31.32201349900785
1,64,30.56226697260128
1,65,34.215970851922826
1,66,35.712425348127084
1,67,33.40648439603893
1,68,32.39646811910765
1,69,28.883700763449365
1,70,25.827869820193992
1,71,26.485217444491095
1,72,22.998685374426152
1,73,23.724558139895002
1,74,23.554337819371437
1,75,20.211737703580365
1,76,18.737579301167365
1,77,19.92600989381601
1,78,19.116067926151022
1,79,15.378802761077015
1,80,15.478310932159106
1,81,17.69013558297148
1,82,15.685650895702535
1,83,12.703588075678192
1,84,15.235905509810253
1,85,17.01747951884727
1,86,14.14535964902373
1,87,13.669911291112705
1,88,17.482293471259176
1,89,17.783859947703412
1,90,20.712353354103698
1,91,23.823507324143385
1,92,26.691204884382653
1,93,25.944213025256488
1,94,27.020473238523323
1,95,29.14797367896657
1,96,27.75803231147588
1,97,29.672203038192407
1,98,29.065277938521405
1,99,31.851426895401953
1,100,32.607623788406016
1,101,32.39408628041263
1,102,33.4118969892374
1,103,31.08309133673433
1,104,30.08722151841211
1,105,26.923225302326124
1,106,25.783237045010452
1,107,26.522506834909354
1,108,24.88551349570817
1,109,21.567344628084864
1,110,21.836454456737087
1,111,22.41527563789722
1,112,19.526251186483478
1,113,17.280868454607386
1,114,18.88828707013069
1,115,18.372870152900365
1,116,14.56297870851061
1,117,14.750177171700825
1,118,17.19912860179844
1,119,15.151058494512927
1,120,12.421862805353602
1,121,15.52436323643361
1,122,17.091273958204845
1,123,14.478671885412789
2,1,3.8015436836052676
2,3,3.8104287008844637
2,4,5.39850252962087
2,5,4.870045483258641
2,6,6.254928570995522
2,7,8.790848098933552
2,8,9.885513220088413
2,9,10.611568051940765
2,10,12.543543776882455
2,11,14.411158534152646
2,12,15.427013245134699
2,13,16.51128198834424
2,14,18.62683637438117
2,15,20.01244182650144
2,16,20.793255002271398
2,17,22.83601558995683
2,18,24.798957020437715
2,19,25.730168396360224
2,20,26.805675684026298
2,21,28.55229155293186
2,22,32.003585933593286
2,23,32.63743728352193
2,24,29.652283297033136
2,25,31.93174454190165
2,26,31.300598525919952
2,27,27.742322578358845
2,28,29.312933278637125
2,29,32.71108017437207
2,30,32.86465818030647
2,31,31.6431189215918
2,32,30.522933617327144
2,33,30.022041063110645
2,34,26.27155593233622
2,35,24.18746151226481
2,36,22.973030054126585
2,37,20.993587980002594
2,38,23.271351974745354
2,39,22.92378331165495
2,40,21.72992053564564
2,41,17.94244157240067
2,42,16.310999379913714
2,43,13.730856440068175
2,44,16.915831820895395
2,45,18.058902018852038
2,46,15.77873274434861
2,47,18.63885466441566
2,48,20.495329037073205
2,49,18.15648503857914
2,50,18.451673307863558
2,51,22.21618015476438
2,52,22.387995674127236
2,53,20.813197816084255
2,54,24.29434734858233
2,55,26.012041076493993
2,56,23.37085814374784
2,57,23.92331415225847
2,58,27.643428481157116
2,59,27.280196377988243
2,60,25.737131031223353
2,61,28.16936784598818
2,62,31.021154682816476
2,63,30.255921180761742
2,64,29.813233187850745
2,65,33.42627095300538
2,66,34.97648477926167
2,67,32.98508462502369
2,68,32.27128496645124
2,69,28.86771584178369
2,70,25.56317154785901
2,71,26.359245560143457
2,72,22.762162344438533
2,73,22.88965338061981
2,74,22.530384831877964
2,75,19.447664538493523
2,76,17.783425197064712
2,77,18.274347422759693
2,78,17.570595733627687
2,79,14.035281681591796
2,80,13.413643712983554
2,81,15.25684814058626
2,82,13.453502964847063
2,83,10.093411047123666
2,84,12.052218282703928
2,85,13.883017797113693
2,86,11.017684841944014
2,87,10.037087769046916
2,88,13.82652187353
2,89,14.263105895410488
2,90,17.406707578496125
2,91,20.342328520978032
2,92,23.22589685567586
2,93,22.42182923005611
2,94,23.331291131529742
2,95,25.48965089219227
2,96,24.117948912439275
2,97,25.974305124259185
2,98,25.50630077098289
2,99,28.41840552923549
2,100,29.34157561961943
2,101,29.35675575695051
2,102,30.646741284435723
2,103,28.59491645899782
2,104,27.94395067736842
2,105,24.880573741585142
2,106,24.042318158022184
2,107,24.436704567670436
2,108,22.479814808526076
2,109,19.450486430825375
2,110,19.865381291762358
2,111,19.929133365703983
2,112,16.80319074848639
2,113,15.058710447611572
2,114,16.586412174942108
2,115,15.480088549440117
2,116,11.719188582829997
2,117,12.561198463249257
2,118,14.643180619709772
2,119,12.175159385583575
2,120,10.077681232849043
2,121,13.59002728266954
2,122,14.714579453710146
2,123,12.286441624265308
3,1,7.014453982882792
3,2,3.8104287008844637
3,4,3.7872012800424337
3,5,5.258185417765817
3,6,4.974697063954314
3,7,6.361198323500223
3,8,8.720631332965025
3,9,9.89592320974983
3,10,10.735873435828163
3,11,12.490064684561888
3,12,14.367710160456467
3,13,15.32003851034648
3,14,16.77277964524267
3,15,18.50425717484257
3,16,19.79920781411622
3,17,21.45341106955535
3,18,23.145529615950082
3,19,24.55688858576126
3,20,25.841057400660528
3,21,27.203378221804215
3,22,30.553604534365867
3,23,30.79877254057255
3,24,27.64914279916791
3,25,29.861509104635505
3,26,28.877184446330094
3,27,25.3987006201106
3,28,27.318870884625305
3,29,30.576268647520404
3,30,30.393967741490094
3,31,29.092686073690004
3,32,27.672376582669887
3,33,27.087801293706168
3,34,23.354013920312656
3,35,21.297544621022634
3,36,20.531055243027932
3,37,18.892495411053492
3,38,21.54700044036309
3,39,21.741447303047316
3,40,20.284232547726926
3,41,16.55696161629432
3,42,14.628373447192013
3,43,11.54679802084074
3,44,14.307955659097678
3,45,15.375577596485186
3,46,12.682001454660055
3,47,15.242363092962478
3,48,17.254634155508636
3,49,14.869659133532293
3,50,14.810907395591936
3,51,18.60581204285339
3,52,18.945211432703346
3,53,17.282846537547908
3,54,20.688085970160866
3,55,22.60337328584594
3,56,20.17276982186435
3,57,20.66330009523001
3,58,24.39210650618465
3,59,24.30530260898823
3,60,22.952984911548985
3,61,25.23063709558813
3,62,28.124559051186395
3,63,27.69326235951591
3,64,27.31129278270248
3,65,30.81250413336144
3,66,32.55236611106442
3,67,30.865235881166267
3,68,30.23797487457682
3,69,27.028471181861416
3,70,23.51023694086203
3,71,24.194192121174503
3,72,20.513120070878994
3,73,20.234292854136946
3,74,19.57617866619012
3,75,16.689286463908882
3,76,15.09603955244528
3,77,15.057346055065123
3,78,14.266990341665656
3,79,10.980036152593696
3,80,10.045006025573272
3,81,11.542336392357875
3,82,9.84429492544921
3,83,6.347652118093852
3,84,8.311073958021087
3,85,10.218998349109246
3,86,7.726359949320946
3,87,6.978248742852823
3,88,10.75360895571148
3,89,11.727494511703444
3,90,14.917515756430687
3,91,17.6187012874675
3,92,20.17945414283498
3,93,19.097179207451656
3,94,20.197606604088243
3,95,22.23149749618719
3,96,20.97780845068042
3,97,23.1588719359613
3,98,22.807520504021994
3,99,25.780429503740642
3,100,26.51447944430244
3,101,26.777382344276127
3,102,28.091359248075783
3,103,26.22224727259393
3,104,25.62384591545
3,105,22.457677103898256
3,106,22.12018405661347
3,107,22.583211740596933
3,108,20.1992228930102
3,109,17.394153325205576
3,110,18.427924025716678
3,111,18.310315666411718
3,112,14.82931299917798
3,113,13.760970911407114
3,114,15.79195266807367
3,115,14.226235973068448
3,116,10.706494218431763
3,117,12.653105119065279
3,118,14.67173601066741
3,119,12.120936027751439
3,120,11.106419498342094
3,121,14.891820489369682
3,122,15.753213516242376
3,123,13.853469295749155
4,1,8.777936458538004
4,2,5.39850252962087
4,3,3.7872012800424337
4,5,3.7984475969800178
4,6,5.344297596092687
4,7,5.12411046443484
4,8,6.27185886623547
4,9,8.696636325949484
4,10,10.005455508186682
4,11,10.671187846960176
4,12,12.375776535803238
4,13,14.193766060551592
4,14,15.49818412859562
4,15,16.540806806915512
4,16,18.155710875581487
4,17,20.25960025719952
4,18,21.53376584371246
4,19,22.638954112491664
4,20,24.346019883381288
4,21,26.006233013747693
4,22,29.166976137826467
4,23,29.62976385234675
4,24,26.331795962080843
4,25,28.19466058646943
4,26,27.222244817713495
4,27,23.575352962506102
4,28,25.157311782606854
4,29,28.337475296980404
4,30,28.220099752094942
4,31,26.703809536281796
4,32,25.473137080601617
4,33,24.785752398085094
4,34,21.00832411796024
4,35,18.840737960993337
4,36,17.58093657635669
4,37,15.681021894975734
4,38,18.16813863702181
4,39,18.232376966862862
4,40,17.094131883136978
4,41,13.380843076061597
4,42,12.048410470928625
4,43,9.569779342700539
4,44,12.812760472079704
4,45,13.220766533879528
4,46,10.862080822621383
4,47,14.064307053275343
4,48,15.449389066083462
4,49,13.108306124712541
4,50,13.993531568535108
4,51,17.607806758997143
4,52,17.63720343696291
4,53,16.60224046338324
4,54,20.26391114746778
4,55,21.664036702099782
4,56,19.191915827405772
4,57,20.357146025538956
4,58,23.9152981907213
4,59,23.37932096659379
4,60,22.40389836569946
4,61,25.09453864132113
4,62,27.608381524195902
4,63,26.996739028675957
4,64,27.117034456791828
4,65,30.679808373069935
4,66,32.062538609900066
4,67,30.417206513165866
4,68,30.239279020599046
4,69,26.980310236251363
4,70,23.540701414804605
4,71,24.78953868705295
4,72,21.31208179037779
4,73,20.587771657862323
4,74,20.425839688576037
4,75,18.00547214191266
4,76,15.721898444452655
4,77,15.411480101079803
4,78,15.501035149569573
4,79,12.442496659288153
4,80,10.434113455429237
4,81,12.240507064743142
4,82,11.653544085698849
4,83,7.855326893991532
4,84,8.348269078844611
4,85,11.128560824992306
4,86,9.385824785984912
4,87,7.0933484694319215
4,88,10.452606743749351
4,89,12.127132539727201
4,90,15.753524286735335
4,91,17.905863176335156
4,92,20.419920235292565
4,93,18.964918571798265
4,94,19.369196379203817
4,95,21.06702334307198
4,96,19.274845416586867
4,97,21.047976858152584
4,98,20.292900044696232
4,99,23.09120514544124
4,100,23.971233985075834
4,101,23.973726275259928
4,102,25.363668629588943
4,103,23.47799904868558
4,104,23.123120716937713
4,105,20.240854783050686
4,106,19.648345588644123
4,107,19.676501888986305
4,108,17.47553319003988
4,109,14.765442746782886
4,110,15.334292804633852
4,111,14.949847793598035
4,112,11.627138667723974
4,113,10.458929922592748
4,114,12.129292989406027
4,115,10.54303041110783
4,116,6.950693910410623
4,117,8.989754400173913
4,118,10.980825589229042
4,119,8.704988469543459
4,120,8.00746461264374
4,121,11.79017214549214
4,122,12.879994357636313
4,123,11.697422574251835
5,1,6.778479254217234
5,2,4.870045483258641
5,3,5.258185417765817
5,4,3.7984475969800178
5,6,3.8054570370028764
5,7,5.5121924447128245
5,8,5.226300754166695
5,9,6.347073787421115
5,10,8.836866063403292
5,11,10.104555428292896
5,12,10.757520747797042
5,13,12.347474439005229
5,14,14.486459941809022
5,15,15.423229625957667
5,16,16.294965457091486
5,17,18.639239118392222
5,18,20.386668009678967
5,19,21.10250285348137
5,20,22.406672229113877
5,21,24.350018664152635
5,22,27.68348464430801
5,23,28.509323626454954
5,24,25.476936240550607
5,25,27.586216042970232
5,26,27.122219965773965
5,27,23.480907430752268
5,28,24.77381358820797
5,29,28.208666511625097
5,30,28.58659778905116
5,31,27.472702965684604
5,32,26.7032598030794
5,33,26.48673380799613
5,34,22.822173535510682
5,35,21.0894912574187
5,36,19.54261678226803
5,37,17.84154335496216
5,38,20.276496484917025
5,39,20.21357935431847
5,40,19.662033980398448
5,41,16.040627474217096
5,42,15.293325100402196
5,43,13.19781000674232
5,44,16.521862426788193
5,45,16.608456342179107
5,46,14.163622917238792
5,47,17.38559359437011
5,48,18.39835652280913
5,49,15.640530031014608
5,50,16.65337507093455
5,51,20.237012737691146
5,52,19.69603682908476
5,53,18.355352337443094
5,54,22.02937871547352
5,55,23.13190013917848
5,56,20.203615495651672
5,57,21.19816502141657
5,58,24.755819609413347
5,59,23.85955729173394
5,60,22.43220799786039
5,61,25.271196992346148
5,62,27.780157121601537
5,63,26.69738200936209
5,64,26.63056300426626
5,65,30.33391468633799
5,66,31.502391366499122
5,67,29.457309513923818
5,68,29.127940445170445
5,69,25.650573384819985
5,70,22.46313729396577
5,71,23.856531938703814
5,72,20.512175378847267
5,73,20.31003649305254
5,74,20.633441423222497
5,75,17.999682263894744
5,76,15.526885787476134
5,77,16.106069596592558
5,78,16.411713761813584
5,79,12.946609770550205
5,80,11.531866977795758
5,81,14.17511707051692
5,82,13.565916982326803
5,83,9.943871587582528
5,84,11.300238803334665
5,85,14.245698998541
5,86,12.478164512124584
5,87,10.735103000263823
5,88,14.183498691513806
5,89,15.782493771878848
5,90,19.322173095857323
5,91,21.627377743673403
5,92,24.112671729908868
5,93,22.583570476258146
5,94,23.038081614206323
5,95,24.546854480651696
5,96,22.552505406115227
5,97,24.284501331822906
5,98,23.1557955170099
5,99,25.642798326546757
5,100,26.266237912839127
5,101,25.79855904235716
5,102,26.760702767483313
5,103,24.421469433650163
5,104,23.60296611308413
5,105,20.631587039757427
5,106,19.46035020274063
5,107,19.888480790252125
5,108,18.25161028713094
5,109,15.026342497256485
5,110,15.202807528168341
5,111,15.6439766867926
5,112,12.787814394785565
5,113,10.537192488910074
5,114,12.353357688883031
5,115,11.91507438098976
5,116,8.15198995963518
5,117,8.855234540257573
5,118,11.75927667578608
5,119,10.326238848150622
5,120,8.357304435389814
5,121,11.849533383626097
5,122,13.870117174056642
5,123,12.609344597940343
6,1,7.638774820232168
6,2,6.254928570995522
6,3,4.974697063954314
6,4,5.344297596092687
6,5,3.8054570370028764
6,7,3.806688327309545
6,8,5.469939016503728
6,9,5.172725738126401
6,10,6.3373020052756095
6,11,8.736121382234556
6,12,10.046429871246708
6,13,10.575108888510265
6,14,12.517308180628856
6,15,14.324008463860586
6,16,15.144782606559772
6,17,16.81147217463096
6,18,18.82435053588999
6,19,20.092945332977536
6,20,21.09293750249511
6,21,22.542357782820716
6,22,25.994150955789788
6,23,26.460772862042745
6,24,23.500391948322182
6,25,25.92103795726189
6,26,25.374852561663552
6,27,21.924868434513602
6,28,23.65901959449318
6,29,27.142682150952524
6,30,27.413867812293596
6,31,26.598940148854854
6,32,25.67844459613432
6,33,25.739923681166566
6,34,22.181221651580014
6,35,20.821857571699535
6,36,19.856337187520666
6,37,18.796168333097075
6,38,21.725963155443747
6,39,22.26319891530961
6,40,21.563158234925936
6,41,18.02394527881627
6,42,16.987119949310816
6,43,14.348541386259726
6,44,17.127361139065346
6,45,17.164227661977122
6,46,14.077950565599899
6,47,16.756568901667244
6,48,17.9032402387616
6,49,14.76399363007655
6,50,15.106719802490174
6,51,18.752612680470836
6,52,18.095960821006013
6,53,16.13102493826226
6,54,19.61439647205937
6,55,20.953160631126956
6,56,17.93035910283735
6,57,18.383826080702825
6,58,22.05063711485736
6,59,21.438821939445475
6,60,19.681739612464707
6,61,22.243050284857613
6,62,25.014902934146146
6,63,24.074749128123358
6,64,23.652523523840916
6,65,27.31128688925714
6,66,28.753406474253367
6,67,26.746236218321574
6,68,26.14018114955829
6,69,22.746847281293153
6,70,19.42135071225503
6,71,20.474712874740046
6,72,16.99806003148372
6,73,16.967908047123487
6,74,17.09792785519992
6,75,14.291325249488633
6,76,12.030143187749418
6,77,12.893989670108137
6,78,12.961871512624244
6,79,9.353587492724284
6,80,8.526086503986592
6,81,11.469263747519362
6,82,10.77947661682734
6,83,7.597772150543649
6,84,9.834453169539739
6,85,12.728130053908204
6,86,11.410719548775116
6,87,10.661938539391876
6,88,14.035817487367744
6,89,15.888833992276702
6,90,19.15955973368897
6,91,21.45915392707151
6,92,23.563725983633418
6,93,21.84270820976082
6,94,22.782136353220785
6,95,24.143964618005562
6,96,22.362054361764617
6,97,24.601608462270907
6,98,23.54281176900278
6,99,25.993197554409193
6,100,26.164702833149466
6,101,25.81100522205079
6,102,26.4856640521373
6,103,24.072516333474155
6,104,22.870868241106205
6,105,19.539574579296772
6,106,18.7628986041221
6,107,19.80259728067097
6,108,17.884227756555173
6,109,14.554778576005438
6,110,15.585386149254683
6,111,16.42998378934154
6,112,13.309390268099003
6,113,11.443906135010222
6,114,14.151584483388238
6,115,13.695293270725713
6,116,10.233877407102497
6,117,11.715543637161838
6,118,14.749592117038087
6,119,13.362750291742715
6,120,11.955432417389796
6,121,15.506131753676543
6,122,17.398715514966952
6,123,16.143957052288464
7,1,11.068920102208114
7,2,8.790848098933552
7,3,6.361198323500223
7,4,5.12411046443484
7,5,5.5121924447128245
7,6,3.806688327309545
7,8,3.795766114067287
7,9,5.385923487355705
7,10,5.158653462653689
7,11,6.169964891968837
7,12,8.581517072968753
7,13,9.743116348350695
7,14,10.655090097193767
7,15,12.284009600960156
7,16,13.993713621122113
7,17,15.592870085220694
7,18,16.934084170223237
7,19,18.478098037913565
7,20,20.046457286335695
7,21,21.32931614605083
7,22,24.513422404684363
7,23,24.749074443508725
7,24,21.484828398066693
7,25,23.559090343603224
7,26,22.638646526439686
7,27,19.106506159801302
7,28,20.96517370624345
7,29,24.261503459574158
7,30,24.23235093828282
7,31,23.16373571790219
7,32,22.07249167184822
7,33,21.985847785181747
7,34,18.39661222421933
7,35,17.029318138804488
7,36,16.17684097073509
7,37,15.366377300936534
7,38,18.525635861197223
7,39,19.48869035157969
7,40,18.801816005676933
7,41,15.480063733734147
7,42,14.654416555144278
7,43,12.1585607730757
7,44,14.6349262021712
7,45,14.092799826908248
7,46,10.87236014355615
7,47,13.580243568485756
7,48,14.32791217444248
7,49,11.077713240672901
7,50,11.791085904582847
7,51,15.309824755275013
7,52,14.509879283675366
7,53,12.902978274558633
7,54,16.55561130961788
7,55,17.690120448896362
7,56,14.804591862405541
7,57,15.768417060561136
7,58,19.33830273896647
7,59,18.65360865337849
7,60,17.410262547841583
7,61,20.158645541777894
7,62,22.68232233701511
7,63,21.957791020969644
7,64,22.009156431316928
7,65,25.598417925648153
7,66,26.965496586477606
7,67,25.31254415545436
7,68,25.149962271683304
7,69,21.941193558477412
7,70,18.47040045130435
7,71,19.84479443664428
7,72,16.484222073674207
7,73,15.613811384683853
7,74,15.815255250482876
7,75,13.667196111324918
7,76,10.930534564848722
7,77,10.878553402164737
7,78,11.662612106475319
7,79,8.694014973684427
7,80,6.390005288693033
7,81,9.309525070429705
7,82,9.774303595948258
7,83,6.551669044592335
7,84,7.469693649465299
7,85,10.992809589899341
7,86,10.67232077208159
7,87,9.361845206863917
7,88,12.075563829261036
7,89,14.675346261613583
7,90,18.0595441883405
7,91,19.777175900967244
7,92,21.534842752578875
7,93,19.37568206952406
7,94,20.00888347128412
7,95,20.98846726771821
7,96,18.96126705071595
7,97,21.208245857957913
7,98,19.972058567212727
7,99,22.315618755598877
7,100,22.379872446069704
7,101,22.06826536488052
7,102,22.805479699031775
7,103,20.542684271937294
7,104,19.55785985714083
7,105,16.290324011046472
7,106,15.858485893123285
7,107,16.661509017256655
7,108,14.405789247829446
7,109,11.327194145425182
7,110,12.75624266154242
7,111,13.26972911730392
7,112,9.910811115680866
7,113,8.726002436901615
7,114,11.771204782269468
7,115,10.974285281974645
7,116,8.0425424359541
7,117,10.452320277148464
7,118,13.24191703836563
7,119,12.12285749150501
7,120,11.759800173485292
7,121,15.232204227293536
7,122,16.922489101381807
7,123,16.364979978045543
8,1,11.726614408947077
8,2,9.885513220088413
8,3,8.720631332965025
8,4,6.27185886623547
8,5,5.226300754166695
8,6,5.469939016503728
8,7,3.795766114067287
8,9,3.804749996190359
8,10,5.520365055979771
8,11,5.201429305196656
8,12,6.1340870089212975
8,13,8.46794631414335
8,14,9.948244520255521
8,15,10.48222892277105
8,16,11.973936333946824
8,17,14.37268816011173
8,18,15.59804205637478
8,19,16.425687210544364
8,20,18.18216369975501
8,21,20.052191310363558
8,22,23.15699618826369
8,23,23.925046145244348
8,24,20.724736243160578
8,25,22.58489107085289
8,26,22.077261124908937
8,27,18.379478316113513
8,28,19.587578248222073
8,29,22.991562677479834
8,30,23.412645508568094
8,31,22.38973116778103
8,32,21.85204271217635
8,33,21.95195490382645
8,34,18.44457638415995
8,35,17.23741680585669
8,36,15.622744186479427
8,37,14.62027951342031
8,38,17.44205567846528
8,39,18.100805077312973
8,40,18.111134304711115
8,41,14.946201248141334
8,42,15.005137140648875
8,43,13.348819150896036
8,44,16.22752758714249
8,45,15.153735271999762
8,46,12.493060574460992
8,47,15.656706093262564
8,48,15.689830885955937
8,49,12.507259597354748
8,50,14.153947303864172
8,51,17.318133078058054
8,52,15.99135644416892
8,53,14.93238652831901
8,54,18.652270312492075
8,55,19.089187132447368
8,56,15.976887306151644
8,57,17.467946445650377
8,58,20.75191585578587
8,59,19.387989776060916
8,60,18.244228941373773
8,61,21.431375526900712
8,62,23.53150205636453
8,63,22.2978339815222
8,64,22.712558615584026
8,65,26.40421897659325
8,66,27.25654470406373
8,67,25.364385720116204
8,68,25.52561032352961
8,69,22.145136840915786
8,70,19.01455282907238
8,71,20.988013170251723
8,72,17.995054067500696
8,73,17.15820040153652
8,74,18.095107617162217
8,75,16.232024885980437
8,76,13.022174324918238
8,77,13.354022538334524
8,78,14.811671415560015
8,79,11.946508233486467
8,80,9.608147445013698
8,81,12.720286996270595
8,82,13.54364939196414
8,83,10.311826723603897
8,84,10.727338301316486
8,85,14.397732202243285
8,86,13.996553554261672
8,87,12.02207924548977
8,88,14.619867320669153
8,89,17.26059762627146
8,90,20.861861884682593
8,91,22.42720084711472
8,92,24.289017419177206
8,93,22.02745179599928
8,94,22.128362992702773
8,95,22.843811200742667
8,96,20.335755690801168
8,97,22.07170901375437
8,98,20.313019646476654
8,99,22.279781776321446
8,100,22.397400305697566
8,101,21.514496145786218
8,102,22.06383224644226
8,103,19.47905988449109
8,104,18.450498464270545
8,105,15.491852337812471
8,106,14.236321678253097
8,107,14.810096475521995
8,108,13.279189367459162
8,109,9.882207483228115
8,110,10.284972455010863
8,111,11.214027333125559
8,112,8.531893534583265
8,113,6.065211793406716
8,114,8.941626074352865
8,115,9.1875174709059
8,116,6.291759143105663
8,117,7.656099548400605
8,118,11.012418379759577
8,119,10.860716596847636
8,120,10.113054707380325
8,121,13.09057979231447
8,122,15.432636240706234
8,123,15.40266013199753
9,1,11.297748324523441
9,2,10.611568051940765
9,3,9.89592320974983
9,4,8.696636325949484
9,5,6.347073787421115
9,6,5.172725738126401
9,7,5.385923487355705
9,8,3.804749996190359
9,10,3.7939590783029407
9,11,5.496494520269926
9,12,5.225296388107364
9,13,6.035180860136217
9,14,8.646797743596123
9,15,9.806750844216731
9,16,10.194867594912786
9,17,12.355203116424113
9,18,14.407581832761126
9,19,15.207273578011392
9,20,16.21789526154952
9,21,18.048196285715843
9,22,21.458202654679926
9,23,22.356259943062895
9,24,19.51515668898058
9,25,21.87406011813045
9,26,21.835333673636477
9,27,18.347560203450918
9,28,19.571895289979338
9,29,23.21939581980278
9,30,24.029697455731704
9,31,23.596151140771884
9,32,23.342716211716844
9,33,23.97647986002113
9,34,20.695974753726954
9,35,20.00658247925158
9,36,18.62492880318037
9,37,18.05626292881596
9,38,20.970746350536537
9,39,21.729293161601596
9,40,21.88605356463137
9,41,18.750311832628913
9,42,18.724563865755492
9,43,16.819352824539397
9,44,19.592173671713486
9,45,18.642666504539434
9,46,15.678990667931624
9,47,18.500524638474843
9,48,18.606329474779866
9,49,15.126490466461393
9,50,16.26081955490744
9,51,19.42144481085214
9,52,17.777070442549345
9,53,16.07405360940935
9,54,19.552197812053706
9,55,19.96527314608526
9,56,16.497468319632475
9,57,17.36942961761836
9,58,20.673609354463874
9,59,19.232433234147983
9,60,17.402955668548746
9,61,20.47540513387921
9,62,22.7542407700645
9,63,21.17178015190305
9,64,21.112192672550126
9,65,24.893869740758777
9,66,25.73790467127706
9,67,23.45842441845476
9,68,23.24399452573249
9,69,19.68270251666511
9,70,16.733560113615784
9,71,18.61646628368981
9,72,15.706441880033026
9,73,15.563310392329267
9,74,16.831493077755617
9,75,14.696129252235894
9,76,11.541037359896722
9,77,12.949084564332365
9,78,14.335514005065146
9,79,11.211331954897785
9,80,9.933211220833309
9,81,13.56709665675654
9,82,14.123056967267518
9,83,11.355621539237648
9,84,12.778801915322255
9,85,16.25402862438751
9,86,15.76600797229595
9,87,14.53342948784436
9,88,17.39734259507448
9,89,19.876182510461614
9,90,23.31073742266712
9,91,25.131363605551236
9,92,26.910674090769824
9,93,24.660378241493312
9,94,25.139108628338377
9,95,25.82272319600868
9,96,23.446956818917016
9,97,25.43537114308644
9,98,23.63649567101148
9,99,25.439973478792385
9,100,25.18136410359102
9,101,24.106941933109432
9,102,24.176400521928873
9,103,21.257985746241538
9,104,19.594325220562958
9,105,16.380001411753735
9,106,14.887158274413144
9,107,16.290271047947293
9,108,15.145307067525618
9,109,11.427651859945476
9,110,12.032705743967348
9,111,13.877878994623812
9,112,11.601826259371732
9,113,8.883901673184623
9,114,11.922149647318658
9,115,12.798371814071002
9,116,10.018091811925038
9,117,10.70868127851061
9,118,14.345937416541162
9,119,14.316162659884736
9,120,12.925985207284958
9,121,15.796972391345404
9,122,18.467326354882807
9,123,18.087197927334053
10,1,13.605389824271718
10,2,12.543543776882455
10,3,10.735873435828163
10,4,10.005455508186682
10,5,8.836866063403292
10,6,6.3373020052756095
10,7,5.158653462653689
10,8,5.520365055979771
10,9,3.7939590783029407
10,11,3.8061009328334334
10,12,5.503811597821096
10,13,4.953367784134251
10,14,6.231124518595317
10,15,8.61231135000741
10,16,9.641217364017209
10,17,10.757136398512232
10,18,12.647166623685132
10,19,14.351516702899412
10,20,15.400149702986651
10,21,16.48788523848342
10,22,19.849613397343397
10,23,20.158816213256245
10,24,17.166833367850728
10,25,19.66676721535066
10,26,19.269636165664107
10,27,15.938748671193531
10,28,17.768897052710518
10,29,21.327310669717594
10,30,21.806326855193483
10,31,21.51711318830496
10,32,20.985090520514536
10,33,21.789638527230775
10,34,18.6459841592426
10,35,18.316758332112112
10,36,17.586129278507173
10,37,17.68441283640533
10,38,21.01433247506983
10,39,22.390747237225916
10,40,22.329977279118403
10,41,19.377530207964515
10,42,19.126147538952303
10,43,16.921318902710496
10,44,19.090956091209033
10,45,17.954955905393565
10,46,14.600851085606882
10,47,16.826743298526793
10,48,16.853749220126176
10,49,13.145935164008934
10,50,13.793204001443579
10,51,16.78010664949236
10,52,14.946325193324512
10,53,12.819452608357727
10,54,16.108621406319507
10,55,16.60803166450377
10,56,13.095942240483238
10,57,13.659155269306508
10,58,17.03050981280436
10,59,15.833818133715077
10,60,13.90616665118552
10,61,16.83778588039577
10,62,19.281289155499774
10,63,17.9865004745771
10,64,17.826838541345857
10,65,21.559602085001526
10,66,22.683078308228694
10,67,20.670509854590357
10,68,20.43007821827845
10,69,17.05969925717719
10,70,13.780884226731983
10,71,15.522261124446402
10,72,12.502475807784792
10,73,11.959780211873355
10,74,13.160001599065774
10,75,11.317668771604229
10,76,7.935505020595258
10,77,9.252626763538716
10,78,10.998407055274141
10,79,8.33888213114226
10,80,7.000253303867027
10,81,10.779385451821353
10,82,11.93216893957748
10,83,9.918889102948533
10,84,11.266188169074566
10,85,14.65933118091266
10,86,14.953294002790056
10,87,14.246220662449177
10,88,16.645993129399976
10,89,19.45802192033735
10,90,22.63867982994885
10,91,24.179152894820987
10,92,25.48995979923121
10,93,22.96787637121837
10,94,23.693824388905202
10,95,24.090546337645673
10,96,21.85996784359176
10,97,24.232999505498906
10,98,22.49510727527719
10,99,24.215650640462293
10,100,23.533610838946927
10,101,22.645947939293855
10,102,22.512083946102056
10,103,19.67709190029058
10,104,17.78741994526677
10,105,14.245757408062833
10,106,13.467392821741734
10,107,15.350204071756778
10,108,13.713918090247752
10,109,10.182404358978053
10,110,11.952149076125513
10,111,13.824575625784417
10,112,11.291683214527776
10,113,9.578068707512463
10,114,13.205125464897206
10,115,13.665992700178279
10,116,11.403109994929686
10,117,13.045829540205224
10,118,16.38526765180069
10,119,16.20420087654523
10,120,15.526794557349373
10,121,18.581082667307864
10,122,20.899442149440496
10,123,20.62316628759901
11,1,16.0205836498668
11,2,14.411158534152646
11,3,12.490064684561888
11,4,10.671187846960176
11,5,10.104555428292896
11,6,8.736121382234556
11,7,6.169964891968837
11,8,5.201429305196656
11,9,5.496494520269926
11,10,3.8061009328334334
11,12,3.7818328383013102
11,13,5.303028634609478
11,14,5.099556121224955
11,15,6.172907069802258
11,16,8.472719442513446
11,17,10.094537050122206
11,18,10.909828822252331
11,19,12.468834048334628
11,20,14.393547841573696
11,21,15.689699567831513
11,22,18.64456413728068
11,23,19.03984454161552
11,24,15.710431591023056
11,25,17.618967388285558
11,26,17.019205863178847
11,27,13.40644505482121
11,28,14.968421910760568
11,29,18.420467579541498
11,30,18.830709467930685
11,31,18.246275119231644
11,32,17.864374819764176
11,33,18.614201238982133
11,34,15.48134194703098
11,35,15.273581864986749
11,36,14.227431886211415
11,37,14.55119835322074
11,38,17.852203753093914
11,39,19.457303410903954
11,40,19.75897339402732
11,41,17.18731181242287
11,42,17.531192014446866
11,43,15.925073090353836
11,44,17.9628933911273
11,45,16.14876753016236
11,46,13.148098668849755
11,47,15.526464420215381
11,48,14.78476058201387
11,49,11.149450002417973
11,50,12.710456262323042
11,51,15.247978448043506
11,52,12.989341846303468
11,53,11.715654192167337
11,54,15.154026589047342
11,55,14.981119103467812
11,56,11.5350383280436
11,57,13.118624203221604
11,58,16.12244756621626
11,59,14.405743581110128
11,60,13.256938688758176
11,61,16.64283919640412
11,62,18.489138826169196
11,63,17.155413572480164
11,64,17.811081336728186
11,65,21.46085986462541
11,66,22.18084006568722
11,67,20.455672129207347
11,68,20.91520939715776
11,69,17.725571997975013
11,70,14.607317300570418
11,71,16.961471047512266
11,72,14.393677595134601
11,73,12.985090455575119
11,74,14.533925017951384
11,75,13.549522509257809
11,76,9.863256884620371
11,77,10.146285959081771
11,78,12.708544495384896
11,79,10.797237090633153
11,80,8.301263093492944
11,81,11.616313444958774
11,82,13.619818748882494
11,83,11.480816250183528
11,84,11.581669476335742
11,85,15.270608314685392
11,86,16.054210142603512
11,87,14.64889241192076
11,88,16.476611545895423
11,89,19.69332761797239
11,90,23.00937034322654
11,91,24.05094140427316
11,92,25.18166759237765
11,93,22.352634530725
11,94,22.516992543711257
11,95,22.47552546141286
11,96,19.815107460661277
11,97,21.858337065967905
11,98,19.707018290327387
11,99,21.08973415525333
11,100,20.341357490100687
11,101,19.159773946338863
11,102,18.97708667245619
11,103,16.078617758566633
11,104,14.376451028296598
11,105,11.033326867376488
11,106,10.08757406389968
11,107,11.623570529419592
11,108,10.034164035843675
11,109,6.419028904066368
11,110,8.258419393679638
11,111,10.173344380750452
11,112,7.975867646822832
11,113,6.505086423774245
11,114,10.285705652763193
11,115,11.016275041371985
11,116,9.65008689802993
11,117,11.405807101413714
11,118,14.489163285583954
11,119,14.934238214517633
11,120,14.89935122458317
11,121,17.553536689233827
11,122,19.856365701043593
11,123,20.267855735486876
12,1,16.388699168645843
12,2,15.427013245134699
12,3,14.367710160456467
12,4,12.375776535803238
12,5,10.757520747797042
12,6,10.046429871246708
12,7,8.581517072968753
12,8,6.1340870089212975
12,9,5.225296388107364
12,10,5.503811597821096
12,11,3.7818328383013102
12,13,3.8027431730291585
12,14,5.380656086813493
12,15,4.872292795251265
12,16,5.878328782412549
12,17,8.651420585680196
12,18,9.887945749316373
12,19,10.37253089713807
12,20,12.079667684901848
12,21,14.145061648012108
12,22,17.19781067633207
12,23,18.32426105098077
12,24,15.355342555572175
12,25,17.297854364567947
12,26,17.4870415717959
12,27,13.928932860947503
12,28,14.644424570814298
12,29,18.316619544662768
12,30,19.45992142097747
12,31,19.24915305295728
12,32,19.579211611770898
12,33,20.686212861682684
12,34,17.808297420117707
12,35,17.84604574061362
12,36,16.23825689068458
12,37,16.399142686444858
12,38,19.27728809164776
12,39,20.50336291823513
12,40,21.37322244172649
12,41,18.891239857253314
12,42,19.719542377823895
12,43,18.50295250618422
12,44,20.915029085614634
12,45,19.032780287012063
12,46,16.357198163479264
12,47,19.01333696774432
12,48,18.06920316298216
12,49,14.580195321199641
12,50,16.428340235722985
12,51,18.83224784667591
12,52,16.349495810983818
12,53,15.251540437757987
12,54,18.525745734002644
12,55,17.93119508234431
12,56,14.355351150723784
12,57,15.919688705099947
12,58,18.604543378999367
12,59,16.357609341259774
12,60,14.957359906961228
12,61,18.5108047634807
12,62,20.03892041954383
12,63,18.04757896995248
12,64,18.742646524632487
12,65,22.45907579645868
12,66,22.66756758547756
12,67,20.48123767133662
12,68,21.02024491183904
12,69,17.59656366167833
12,70,15.034507944405867
12,71,17.803830012333417
12,72,15.659196026539947
12,73,14.805968288157448
12,74,16.955629037277145
12,75,15.911111262961807
12,76,12.205406663839568
12,77,13.28689993022103
12,78,15.849840713751933
12,79,13.674475238936694
12,80,11.729684697276088
12,81,15.2405951355454
12,82,16.940507220215167
12,83,14.592818950829066
12,84,15.01987922404004
12,85,18.744772559203515
12,86,19.120090622191643
12,87,17.527042237221156
12,88,19.654949535185345
12,89,22.701981215163993
12,90,26.165681100559624
12,91,27.36282493019765
12,92,28.69335045958809
12,93,25.93709918588398
12,94,25.92681799112275
12,95,25.866094542437985
12,96,23.00766766609933
12,97,24.71735960861069
12,98,22.27624400404909
12,99,23.352716852968715
12,100,22.61527392958513
12,101,20.91180128311046
12,102,20.39213351418839
12,103,17.110392284821526
12,104,15.10443727962706
12,105,12.15629106433295
12,106,10.048057483739493
12,107,11.7488333957461
12,108,11.365775119213465
12,109,7.587234256004723
12,110,7.935684157920005
12,111,10.780164166346466
12,112,9.66221039675904
12,113,6.955903969871284
12,114,10.159535443275976
12,115,12.058639596535087
12,116,10.72210670842353
12,117,11.207199615650676
12,118,14.660496251894314
12,119,15.767361834847943
12,120,15.11632572942398
12,121,17.274408111819046
12,122,20.133925898113276
12,123,20.691819814501144
13,1,16.958320126984823
13,2,16.51128198834424
13,3,15.32003851034648
13,4,14.193766060551592
13,5,12.347474439005229
13,6,10.575108888510265
13,7,9.743116348350695
13,8,8.46794631414335
13,9,6.035180860136217
13,10,4.953367784134251
13,11,5.303028634609478
13,12,3.8027431730291585
13,14,3.774462862627808
13,15,5.370423252642556
13,16,4.914821433727371
13,17,6.338943860834251
13,18,8.770042559969704
13,19,9.914796246710043
13,20,10.57396456477257
13,21,12.052106928394764
13,22,15.506932441474339
13,23,16.391457664471343
13,24,13.754569426818074
13,25,16.38753159476864
13,26,16.842031324674224
13,27,13.692960108170823
13,28,14.842167980740038
13,29,18.615363188651166
13,30,19.871691380830317
13,31,20.259877410717408
13,32,20.582283719270013
13,33,22.11782280061491
13,34,19.481083266817755
13,35,19.9285592846731
13,36,18.88583693842449
13,37,19.45908647515665
13,38,22.580029464622775
13,39,24.041654492492736
13,40,24.703696255612144
13,41,22.137446176990167
13,42,22.59166304065113
13,43,20.921134935708967
13,44,23.11681764540903
13,45,21.44115180408589
13,46,18.362624747469912
13,47,20.578293757844442
13,48,19.872440646975384
13,49,16.165049280515937
13,50,17.293784087293474
13,51,19.679766600546404
13,52,17.076049700522546
13,53,15.250269201240286
13,54,18.13996472871131
13,55,17.687020706299453
13,56,13.908009131904233
13,57,14.629081434111573
13,58,17.3182407400316
13,59,15.226234859017175
13,60,13.048324780149933
13,61,16.331987858732603
13,62,18.1476389292036
13,63,15.973437004523998
13,64,16.053353337529014
13,65,19.840737805154678
13,66,20.22889104879675
13,67,17.75482372115859
13,68,17.836317947224035
13,69,14.270731244155753
13,70,11.71755970704101
13,71,14.36617165951669
13,72,12.337180912864806
13,73,12.039694947689759
13,74,14.490959718100315
13,75,13.411016217630799
13,76,9.858331741949728
13,77,11.848331958988904
13,78,14.343038773703649
13,79,12.316222519562146
13,80,11.312846503610652
13,81,14.98592339113914
13,82,16.55813791085656
13,83,14.834032968606808
13,84,15.924454667109734
13,85,19.388282236049314
13,86,19.87934298083662
13,87,18.976927112505297
13,88,21.211611710966324
13,89,24.189123258497272
13,90,27.433950629900103
13,91,28.78042931774766
13,92,29.92562178120101
13,93,27.15867302895474
13,94,27.598633616612815
13,95,27.529300312469914
13,96,24.941633289630865
13,97,27.047396625057736
13,98,24.76528886471414
13,99,25.84088551911935
13,100,24.732546752953997
13,101,23.14048491576846
13,102,22.27042025787321
13,103,18.918562179037234
13,104,16.364615250766008
13,105,13.079322346341051
13,106,11.40096497610916
13,107,13.985019766018645
13,108,13.502218535317226
13,109,9.900055123411937
13,110,11.084518523314323
13,111,14.076318617450239
13,112,12.76993089223853
13,113,10.54072846709386
13,114,13.918607823832952
13,115,15.555072582848352
13,116,13.968489246432416
13,117,14.702315868050082
13,118,18.238720075002867
13,119,18.9892527937028
13,120,18.1256956320688
13,121,20.55821746462511
13,122,23.396626881213184
13,123,23.570186572093295
14,1,19.623589418893527
14,2,18.62683637438117
14,3,16.77277964524267
14,4,15.49818412859562
14,5,14.486459941809022
14,6,12.517308180628856
14,7,10.655090097193767
14,8,9.948244520255521
14,9,8.646797743596123
14,10,6.231124518595317
14,11,5.099556121224955
14,12,5.380656086813493
14,13,3.774462862627808
14,15,3.803197562501881
14,16,5.3768613373273295
14,17,5.365571623329527
14,18,6.508828352682708
14,19,8.85128581497367
14,20,10.21548114217506
14,21,10.854716842240695
14,22,13.913274730266302
14,23,14.15112562819868
14,24,11.031502627582462
14,25,13.479392104695552
14,26,13.425538226994323
14,27,10.238148002201944
14,28,11.937819033286788
14,29,15.583112868980768
14,30,16.484564782519506
14,31,16.923010434065798
14,32,17.115669656766876
14,33,18.85556598336839
14,34,16.473549374019516
14,35,17.393698832943578
14,36,16.805620279001776
14,37,18.046581195443274
14,38,21.366895945303156
14,39,23.367103309521955
14,40,23.997712958742284
14,41,21.786381139863465
14,42,22.30718351472512
14,43,20.72087065200714
14,44,22.385467462342966
14,45,20.332263160641645
14,46,17.259711479868187
14,47,18.989314064089285
14,48,17.858991927197927
14,49,14.19951760569948
14,50,15.304885006187707
14,51,17.14861540980134
14,52,14.168042269189186
14,53,12.491850163356943
14,54,15.092896238065165
14,55,14.21940351232899
14,56,10.442548433434142
14,57,11.445625646520337
14,58,13.847780337215607
14,59,11.546082468643496
14,60,9.704872814326379
14,61,13.240058798382414
14,62,14.787816776252994
14,63,12.809869037757352
14,64,13.396203711236137
14,65,17.106116011022262
14,66,17.502513836457343
14,67,15.510266027026544
14,68,16.084619337588517
14,69,12.894687593654062
14,70,10.11193339773958
14,71,13.055126488657013
14,72,11.326277664297468
14,73,9.964852624974878
14,74,12.636010249712957
14,75,12.486649461055071
14,76,8.774615633531177
14,77,9.973587225937143
14,78,13.166524847949807
14,79,12.081363075102052
