1,2,3.8043472630177213
1,3,5.565910798159637
1,4,5.43504815469628
1,5,6.142441405806621
1,6,8.670571800613645
1,7,9.89010322469071
1,8,10.681107912937817
1,9,12.1625676380149
1,10,14.158301164446343
1,11,15.023858078171063
1,12,16.117001806041497
1,13,18.23745539661429
1,14,19.84406490957842
1,15,20.51081205476959
1,16,22.310682896284018
1,17,23.99956216666173
1,18,26.13940251514841
1,19,34.63134586293465
1,20,31.015392906567314
1,21,31.19397222685393
1,22,33.49990243324534
1,23,30.932909495511776
1,24,30.223116532922205
1,25,26.803383896159723
1,26,26.478969629006194
1,27,24.16965974092453
1,28,24.099258767787852
1,29,26.12923758220393
1,30,23.416320082191227
1,31,19.64169071130512
1,32,18.142115288576115
1,33,16.213714486582894
1,34,13.521538171448713
1,35,16.56513772344757
1,36,17.836002654377346
1,37,15.550760809904022
1,38,18.412541124276814
1,39,20.383504098513253
1,40,18.28296986168099
1,41,18.572860967732844
1,42,22.285011936240227
1,43,22.821497813816237
1,44,21.36709956822274
1,45,24.967257050383523
1,46,26.482460270288115
1,47,23.37089245724741
1,48,24.104532149926865
1,49,27.775217450498992
1,50,27.364674504038817
1,51,25.161565532503115
1,52,28.25923278689995
1,53,28.49075569857197
1,54,25.10406951417441
1,55,22.489923105535713
1,56,22.313689900669203
1,57,19.517756037701062
1,58,17.486114665162237
1,59,18.102165171654345
1,60,17.902405060200312
1,61,14.368878902486303
1,62,13.360089279345218
1,63,15.225008692245256
1,64,13.665291207362287
1,65,10.183064937419477
1,66,12.222443157443642
1,67,14.041276928534614
1,68,11.14824905662358
1,69,10.26945450816181
1,70,13.878396679178474
1,71,15.21901775030319
1,72,17.849297685448057
1,73,20.579766578780113
1,74,22.18431055476251
1,75,23.13917805763217
1,76,22.76076912450278
1,77,25.40476424741511
1,78,24.40899174560577
1,79,27.03684713787748
1,80,27.43393257896054
1,81,29.465538003712755
1,82,32.47478003780311
1,83,31.943822491642013
1,84,30.4870198346851
1,85,28.172886822618622
1,86,28.05614179177549
1,87,25.154050955804614
1,88,24.416095439785828
1,89,24.47979195053603
1,90,22.47763721723373
1,91,19.637547058692622
1,92,19.993869348933927
1,93,20.010706746499217
1,94,16.72744257990385
1,95,15.075905791307484
1,96,16.749705856832612
1,97,15.586996697250585
1,98,11.867961598913086
1,99,12.647735631017254
1,100,14.900230072086575
1,101,12.700878999009381
1,102,9.890742689009311
1,103,12.74731462787795
1,104,14.566512692952168
2,1,3.8043472630177213
2,3,3.7959951031730133
2,4,5.63691697524982
2,5,5.099241742084424
2,6,6.220205910388153
2,7,8.609732122979668
2,8,10.007006287280575
2,9,10.396734180867984
2,10,12.179382912292438
2,11,13.947261447687536
2,12,14.928496996159101
2,13,16.358432646130556
2,14,18.251109997851565
2,15,19.499846331343974
2,16,20.984519263821703
2,17,22.231437472450335
2,18,24.67494769282315
2,19,32.15188928783005
2,20,28.452096226304427
2,21,28.729452537071086
2,22,30.767552308891414
2,23,27.97846635543304
2,24,27.206652940977428
2,25,23.746307817789173
2,26,23.423032470349188
2,27,21.305138027244666
2,28,21.311152044383196
2,29,23.68832068507047
2,30,21.229677902611755
2,31,17.435557873617373
2,32,16.452436892737833
2,33,14.304382435113386
2,34,11.13269317576702
2,35,13.74281264251473
2,36,14.964548408669058
2,37,12.309838155394695
2,38,14.910559800060124
2,39,17.01959062777198
2,40,14.899059165244086
2,41,14.884132818783296
2,42,18.6239092878599
2,43,19.330917392158828
2,44,17.854259034080076
2,45,21.41637107351097
2,46,23.13785715545449
2,47,20.21930383808541
2,48,20.930126537149906
2,49,24.651000413981805
2,50,24.523230432775968
2,51,22.487245307467404
2,52,25.7278548267124
2,53,26.36026247457371
2,54,22.695349792909724
2,55,19.995508506811213
2,56,19.423027147469117
2,57,16.883962341053685
2,58,14.892368848742116
2,59,14.959669011182452
2,60,14.64209223630499
2,61,11.345953916532777
2,62,10.042606505789307
2,63,11.546335350409194
2,64,10.130948463602543
2,65,6.505889380245466
2,66,8.437403617124836
2,67,10.377256980371113
2,68,7.854906457262373
2,69,7.062270459588425
2,70,10.683583073293772
2,71,12.400764746831156
2,72,15.021073410279554
2,73,18.011588775332285
2,74,19.267326032581078
2,75,19.860399217016155
2,76,19.584058926884957
2,77,22.100489001089972
2,78,21.151250593435403
2,79,23.964787983822557
2,80,24.356850806595098
2,81,26.622578635382354
2,82,29.52560392262299
2,83,29.219753996588206
2,84,27.68365561038086
2,85,25.579334446712284
2,86,25.55269751865114
2,87,22.605832324198026
2,88,22.341593851847964
2,89,22.425952260487964
2,90,20.005646702590404
2,91,17.405856787117955
2,92,18.324446732711706
2,93,18.07339851154731
2,94,14.490058169852446
2,95,13.530649792861636
2,96,15.615261049813821
2,97,14.008167337413578
2,98,10.501843682863525
2,99,12.391793994731588
2,100,14.408889752191318
2,101,11.98665241459126
2,102,10.183956843570993
2,103,13.6927141253741
2,104,15.260509039255075
3,1,5.565910798159637
3,2,3.7959951031730133
3,4,3.796039142099981
3,5,5.284162243905776
3,6,4.957954178153355
3,7,5.996298626864426
3,8,8.549370204604143
3,9,9.54266939932333
3,10,10.236133565221543
3,11,11.826878117706238
3,12,13.681447870535346
3,13,14.940144083748049
3,14,16.143038893365457
3,15,17.650897808629583
3,16,19.64374195232811
3,17,20.58391288968623
3,18,22.642845729338685
3,19,30.48138298025021
3,20,26.821454399190927
3,21,26.64831541173067
3,22,28.761308514884078
3,23,26.16490092322878
3,24,25.126252513269296
3,25,21.605970034862004
3,26,21.058106879130612
3,27,18.632690520875144
3,28,18.60475411026203
3,29,20.68308094082047
3,30,18.152927720526737
3,31,14.366499542761135
3,32,13.37276237329688
3,33,11.834700632293368
3,34,9.241229450352389
3,35,12.381142478357258
3,36,12.866218683954852
3,37,10.509857943402261
3,38,13.759558498064584
3,39,15.229102244747395
3,40,13.154850254502485
3,41,14.086502355921027
3,42,17.606515149547896
3,43,17.994665980733426
3,44,17.098088406643438
3,45,20.84849955748167
3,46,22.08025911010611
3,47,19.109413814846512
3,48,20.476593903163245
3,49,24.015799094509195
3,50,23.463950519793507
3,51,21.82554490392313
3,52,25.260232539876963
3,53,26.023966626434383
3,54,23.597523298204973
3,55,20.486270996491196
3,56,20.214416598673992
3,57,18.19018552947728
3,58,15.571401139891174
3,59,15.26331530239502
3,60,15.779931457284034
3,61,12.894372413439507
3,62,10.539182941512996
3,63,12.218716419340376
3,64,11.921824943221047
3,65,8.115391631078342
3,66,8.60644127614967
3,67,11.413303170214117
3,68,9.72798835888579
3,69,7.493523784084704
3,70,10.304470320304379
3,71,12.777670268694703
3,72,16.0067529228859
3,73,18.59779418464777
3,74,19.322189352905315
3,75,19.67151478692153
3,76,18.67379485009724
3,77,20.886887046957227
3,78,19.43128144381391
3,79,21.824526708968182
3,80,22.011875920843572
3,81,23.92998925970334
3,82,26.943903220516003
3,83,26.40495504517158
3,84,25.057993863184414
3,85,22.87505127889923
3,86,23.07134811435772
3,87,20.42045976736825
3,88,19.805019040475454
3,89,19.476591059635947
3,90,17.279779999888518
3,91,14.784254072356372
3,92,15.20136711413346
3,93,14.749542836894705
3,94,11.339091770987487
3,95,10.22712262522897
3,96,11.941744145214106
3,97,10.354640812185641
3,98,6.762435770254239
3,99,8.68208011725828
3,100,10.680664279054977
3,101,8.55123086858795
3,102,6.993794980037458
3,103,10.674470417115348
3,104,12.534018961226028
4,1,5.43504815469628
4,2,5.63691697524982
4,3,3.796039142099981
4,5,3.803389755447909
4,6,5.333460227359751
4,7,4.783048371584378
4,8,6.047424932010168
4,9,8.330157371807763
4,10,9.529423131425276
4,11,9.939816934591166
4,12,11.725048983828367
4,13,13.832946767221252
4,14,14.859351039122686
4,15,15.608395254543865
4,16,17.836802409634316
4,17,19.343750993650378
4,18,21.150273986739503
4,19,30.174363987104698
4,20,26.65212845266306
4,21,26.524506887360836
4,22,29.047171903983614
4,23,26.79354754093956
4,24,26.121803399878715
4,25,22.839218738649166
4,26,22.717355230399406
4,27,20.45737718984549
4,28,20.883326702337488
4,29,22.7945464869318
4,30,20.407229317891165
4,31,16.730045702416845
4,32,15.810167501721677
4,33,14.904881771206632
4,34,12.757103268973323
4,35,16.004993612176897
4,36,16.07466427383228
4,37,13.643790713995296
4,38,16.97475074556043
4,39,17.974830642593453
4,40,15.443801727631893
4,41,16.608803896073425
4,42,20.110865943054126
4,43,19.88639689046274
4,44,18.70862378652312
4,45,22.435651578906462
4,46,23.261232642229523
4,47,19.922139674163365
4,48,21.189423786108065
4,49,24.610866405189512
4,50,23.622951092840154
4,51,21.68180404086354
4,52,24.87964929593443
4,53,25.11393778377755
4,54,23.32204600416475
4,55,20.21225981347526
4,56,20.606074720900914
4,57,18.396114195326014
4,58,15.517659319464107
4,59,16.01075647927078
4,60,16.952206718648096
4,61,13.802221221991262
4,62,11.730870094732161
4,63,14.289480055827896
4,64,14.120780006504571
4,65,10.41243897353605
4,66,11.592439314870125
4,67,14.617356458290999
4,68,12.928431117418581
4,69,11.173523122599942
4,70,14.043900651968903
4,71,16.542342813647174
4,72,19.681055768749975
4,73,22.352282029538735
4,74,23.106904672607143
4,75,23.349957960021015
4,76,22.27328004803972
4,77,24.26991522882508
4,78,22.51086664487555
4,79,24.653234924094
4,80,24.418799752277074
4,81,25.96091271385451
4,82,28.81169494416153
4,83,27.81509779898517
4,84,26.232350353553873
4,85,23.609881036472892
4,86,23.341482465334376
4,87,20.568745607688665
4,88,19.41099446586594
4,89,19.45630083032635
4,90,17.84752253680984
4,91,14.805233839201135
4,92,14.805479112912353
4,93,15.215515906067218
4,94,12.254455111522612
4,95,9.991068788593331
4,96,11.86490394736455
4,97,11.468033084400119
4,98,7.68468374734034
4,99,8.231433966503378
4,100,11.265785379281956
4,101,10.194311578961544
4,102,7.728838725058708
4,103,10.728413492652898
4,104,13.4888683244953
5,1,6.142441405806621
5,2,5.099241742084424
5,3,5.284162243905776
5,4,3.803389755447909
5,6,3.8056409000578437
5,7,5.419959266620796
5,8,5.225507495998877
5,9,6.048302900165832
5,10,8.528649627046265
5,11,9.571713815863761
5,12,10.155228195822833
5,13,12.189568789406728
5,14,14.12982334027461
5,15,14.826432638305675
5,16,16.31036576916025
5,17,17.990114623643017
5,18,20.34293343809357
5,19,28.736581599244026
5,20,25.172363446540796
5,21,25.56869109035396
5,22,28.030655986314944
5,23,25.610292131290187
5,24,25.34285154496956
5,25,22.208708012513572
5,26,22.55654869535924
5,27,20.825727645107204
5,28,21.658220231564258
5,29,24.07116930488817
5,30,22.064735304817635
5,31,18.37071744057636
5,32,18.01310386270303
5,33,16.80251212996337
5,34,14.063943667363066
5,35,16.737121546476608
5,36,16.891048481165857
5,37,13.814172405376889
5,38,16.617459890555207
5,39,17.798094461735854
5,40,14.84929708023122
5,41,15.30118190437393
5,42,18.96257154494227
5,43,18.650657105613433
5,44,16.81784469710595
5,45,20.37425874834823
5,46,21.455771745070354
5,47,18.05415730986941
5,48,18.730856669387133
5,49,22.273912973646706
5,50,21.585877982690636
5,51,19.25666398087652
5,52,22.29514059713674
5,53,22.454841261951373
5,54,19.859082680690154
5,55,16.946435359430538
5,56,17.27116330842828
5,57,14.80229951551524
5,58,12.13806632039479
5,59,13.036219534510536
5,60,13.732636276843506
5,61,10.377930535822918
5,62,8.873626339227766
5,63,11.820486399397033
5,64,11.480043135106577
5,65,8.133178426646914
5,66,10.226543929308948
5,67,13.144801694624263
5,68,11.704449978928416
5,69,10.985535566020852
5,70,14.0535348737482
5,71,16.54982025127404
5,72,19.232648034564424
5,73,22.34541750399133
5,74,23.074261862711793
5,75,23.019100992366347
5,76,22.401975699079962
5,77,24.295773223393944
5,78,22.678650442598755
5,79,25.133540194858412
5,80,24.747450529172106
5,81,26.551956661593614
5,82,29.114977939363765
5,83,28.227795864849327
5,84,26.243303679132676
5,85,23.606283279213738
5,86,22.940121071231545
5,87,19.767961405534685
5,88,19.091763317682503
5,89,19.76747451194857
5,90,17.85373257139692
5,91,14.632846032913582
5,92,15.508977828215015
5,93,16.27080805501554
5,94,13.043129152885367
5,95,11.15745333462126
5,96,13.909339000343945
5,97,13.512784583868076
5,98,9.932916281782589
5,99,11.30644324372524
5,100,14.347965610803364
5,101,13.173192974257544
5,102,11.223396835388153
5,103,14.451544007343982
5,104,17.024435452456398
6,1,8.670571800613645
6,2,6.220205910388153
6,3,4.957954178153355
6,4,5.333460227359751
6,5,3.8056409000578437
6,7,3.8030885925973967
6,8,5.46416175441816
6,9,4.867262536005963
6,10,5.987192166823063
6,11,8.29626968788188
6,12,9.3976786952974
6,13,10.309611287040244
6,14,12.129083285041313
6,15,13.74815212100383
6,16,15.203849971326107
6,17,16.121287113957987
6,18,18.57106679043278
6,19,26.086579629787774
6,20,22.42631237398514
6,21,22.63800469750276
6,22,24.86691519866697
6,23,22.29929663664409
6,24,21.789572802573336
6,25,18.54438907100368
6,26,18.782433660356496
6,27,17.09576601411081
6,28,18.041067055886593
6,29,20.626647542751936
6,30,18.885162180137037
6,31,15.275314774714632
6,32,15.483104844240307
6,33,14.484754137536049
6,34,11.815690440628096
6,35,14.14222964678241
6,36,13.760850644766277
6,37,10.503299494601277
6,38,13.306292722983699
6,39,14.143336885919963
6,40,11.0933541867417
6,41,11.842266146322268
6,42,15.391718605405776
6,43,14.997131354875988
6,44,13.476697179921711
6,45,17.16227544369877
6,46,18.1534818531906
6,47,14.87955090504039
6,48,16.002332907233562
6,49,19.517948060931943
6,50,18.865380894993223
6,51,16.989591418623245
6,52,20.352869759837017
6,53,21.07007406823366
6,54,18.961693913701687
6,55,15.704121005082923
6,56,15.750930044430977
6,57,13.970146016033572
6,58,10.960844990257595
6,59,10.854951958176024
6,60,12.0515226777483
6,61,9.389907699864661
6,62,6.659742418146304
6,63,9.391907522126434
6,64,10.098045852027827
6,65,6.815926689051364
6,66,7.666726278908089
6,67,11.173219998573959
6,68,10.728473049506746
6,69,9.500683891457482
6,70,11.801453982154655
6,71,14.873589865318676
6,72,17.71150109951723
6,73,20.720325865803023
6,74,20.879383387617455
6,75,20.376342486827937
6,76,19.478269855432973
6,77,21.030359674754287
6,78,19.17816377755208
6,79,21.54466048856161
6,80,21.01414914302002
6,81,22.843802201374103
6,82,25.35570361590001
6,83,24.560840088028073
6,84,22.595154689011455
6,85,20.115320057990786
6,86,19.67791400193307
6,87,16.603604632287393
6,88,16.246320487694735
6,89,16.69521305975658
6,90,14.42368946089207
6,91,11.480451995365527
6,92,12.760385414623054
6,93,13.136758961619751
6,94,9.677868869849537
6,95,8.51878330313537
6,96,11.575559189107752
6,97,10.827837705972543
6,98,7.716336043801295
6,99,10.117522585459616
6,100,12.747885019847757
6,101,11.675780591121041
6,102,10.830327260295332
6,103,14.32843955636564
6,104,16.648374603115673
7,1,9.89010322469071
7,2,8.609732122979668
7,3,5.996298626864426
7,4,4.783048371584378
7,5,5.419959266620796
7,6,3.8030885925973967
7,8,3.804246426391994
7,9,5.383023331861873
7,10,5.030687401873378
7,11,5.873981966501132
7,12,8.292445708053746
7,13,9.670987554520849
7,14,10.363534919389105
7,15,11.735538191976477
7,16,14.029608600652152
7,17,15.00824980332881
7,18,16.79359742276215
7,19,25.546400598447903
7,20,22.04400373505278
7,21,21.772571524347786
7,22,24.331231034166848
7,23,22.20541781177585
7,24,21.608860948916053
7,25,18.473489187892454
7,26,18.66168423304992
7,27,16.71275107950268
7,28,17.777335820122836
7,29,19.852902303664486
7,30,18.072298506118692
7,31,14.623653690770283
7,32,14.736765398921643
7,33,14.597312998370706
7,34,12.77153503754865
7,35,15.550975311949557
7,36,14.557424953277117
7,37,11.864608532822128
7,38,15.141034078395577
7,39,15.239381738822491
7,40,12.27152421346801
7,41,14.0043658105394
7,42,17.16499871749719
7,43,16.252622946428197
7,44,15.26783893148959
7,45,18.9626846045163
7,46,19.253069051126438
7,47,15.831472441532208
7,48,17.51936922235128
7,49,20.68537133068894
7,50,19.361759161826598
7,51,17.751415585803255
7,52,21.07432474992462
7,53,21.55432103903949
7,54,20.950997064718898
7,55,17.48401799740822
7,56,18.149221021171257
7,57,16.681981824673162
7,58,13.269911389395801
7,59,13.340382274842206
7,60,15.219207085749447
7,61,12.807475577447184
7,62,9.916156334316147
7,63,12.72484047369311
7,64,13.836709438091631
7,65,10.552956290727476
7,66,10.824098374873984
7,67,14.489735855444028
7,68,14.045311956069456
7,69,12.129696761156698
7,70,14.076863687354358
7,71,17.326724262694054
7,72,20.519036215893593
7,73,23.192551734268736
7,74,23.178658938734284
7,75,22.67101456845267
7,76,21.220563501930812
7,77,22.523942905390285
7,78,20.21141438497934
7,79,22.01811778176564
7,80,21.169858668557477
7,81,22.419697331590502
7,82,24.973992800894496
7,83,23.701118453838
7,84,21.86244729925403
7,85,19.054107036039774
7,86,18.602526127963344
7,87,15.834438704292198
7,88,14.638415194204839
7,89,14.817753867155599
7,90,13.265163638772185
7,91,10.063756225068772
7,92,10.297317170755338
7,93,11.091094686816593
7,94,8.253125261593873
7,95,5.795327918624887
7,96,8.651354035783838
7,97,8.899068142639699
7,98,5.781504686493297
7,99,7.160552368322266
7,100,10.363380170104348
7,101,10.327207608456623
7,102,9.348516875875891
7,103,12.294930359945502
7,104,15.156247242670567
8,1,10.681107912937817
8,2,10.007006287280575
8,3,8.549370204604143
8,4,6.047424932010168
8,5,5.225507495998877
8,6,5.46416175441816
8,7,3.804246426391994
8,9,3.8064822431749805
8,10,5.335581716391965
8,11,4.648155677394626
8,12,5.733478760721072
8,13,8.379444618412238
8,14,9.59012166377178
8,15,9.831483271853719
8,16,11.852043870602927
8,17,13.697164197110064
8,18,15.590126643324153
8,19,25.113965246103195
8,20,21.760194106920714
8,21,21.914982040622945
8,22,24.791377550140165
8,23,22.90362056910162
8,24,22.92037011661586
8,25,20.159504973496478
8,26,20.966563816101253
8,27,19.50017409444419
8,28,21.004972369953663
8,29,23.182706693884334
8,30,21.650331000072285
8,31,18.29936747872216
8,32,18.5237438349599
8,33,18.36384299398831
8,34,16.35118825407383
8,35,19.02699958306465
8,36,18.130123756775177
8,37,15.162721125725724
8,38,18.134859046042088
8,39,18.22172770060247
8,40,14.892710264028636
8,41,16.19373606587195
8,42,19.388420857139447
8,43,18.08231618712939
8,44,16.46882888246999
8,45,19.92055893229223
8,46,20.06134040997203
8,47,16.36597906387263
8,48,17.485991943541872
8,49,20.5600626810306
8,50,19.05045591581173
8,51,16.873769121912563
8,52,19.7858036425542
8,53,19.636751234108903
8,54,19.18508903287112
8,55,15.904578808492088
8,56,17.188256407586895
8,57,15.430888585901355
8,58,12.008736170784116
8,59,13.130158042374848
8,60,15.12834080094705
8,61,12.501700055816581
8,62,10.395952777307642
8,63,13.860176889448718
8,64,14.777980779056527
8,65,11.841728523656835
8,66,13.04469567325516
8,67,16.557242182897816
8,68,15.986608130894126
8,69,14.78490977222888
8,70,17.113744922164976
8,71,20.210201549167984
8,72,23.13375621493934
8,73,26.088329537361425
8,74,26.235450132002423
8,75,25.65475026058972
8,76,24.48562727031124
8,77,25.725817604619618
8,78,23.427060625359143
8,79,25.282837926440465
8,80,24.167027276342647
8,81,25.318931948170075
8,82,27.564136994658234
8,83,26.052846188343107
8,84,23.829564510477436
8,85,20.720761604661266
8,86,19.591609120238143
8,87,16.50346789599733
8,88,15.136172015009235
8,89,16.151377601567294
8,90,15.022499405835337
8,91,11.375797150540343
8,92,11.79644499067539
8,93,13.572928355748521
8,94,11.186212030053273
8,95,8.368803662938552
8,96,11.423333120109858
8,97,12.41783422379172
8,98,9.480312666954458
8,99,10.08649742771271
8,100,13.653472877927356
8,101,13.885166891607327
8,102,12.350603616257624
8,103,14.965337113645468
8,104,18.151356624559845
9,1,12.1625676380149
9,2,10.396734180867984
9,3,9.54266939932333
9,4,8.330157371807763
9,5,6.048302900165832
9,6,4.867262536005963
9,7,5.383023331861873
9,8,3.8064822431749805
9,10,3.804589463799546
9,11,5.3689512553659045
9,12,4.831869445114033
9,13,6.201443971329373
9,14,8.699076872397704
9,15,9.68850204488691
9,16,10.630010068597754
9,17,12.05781342807448
9,18,14.715508429934609
9,19,22.81574524574731
9,20,19.32065273057495
9,21,19.926753101434528
9,22,22.55204191966126
9,23,20.362250610889912
9,24,20.62184675011669
9,25,17.947171508658414
9,26,19.114248964541037
9,27,18.177355859607783
9,28,20.00742917978312
9,29,22.666512218572475
9,30,21.548437257357424
9,31,18.269667660585032
9,32,19.081696693871997
9,33,18.67357738642012
9,34,16.288560121132374
9,35,18.327143389672397
9,36,17.353366446984758
9,37,13.953525571570818
9,38,16.338878409882856
9,39,16.419565163590946
9,40,12.804527073175517
9,41,13.548707065357645
9,42,16.702683262360974
9,43,15.27655305258145
9,44,13.18612994677905
9,45,16.489465627838314
9,46,16.83241493183968
9,47,13.136507410500457
9,48,13.884374878253045
9,49,17.103017164293178
9,50,15.946709265626128
9,51,13.593638676145561
9,52,16.615478558276042
9,53,16.802107226972897
9,54,15.742238597616025
9,55,12.364509465407899
9,56,13.443686502754506
9,57,11.902457603005065
9,58,8.352316232709672
9,59,9.355691173837824
9,60,11.562298402233235
9,61,9.333409846949534
9,62,7.2003493259978875
9,63,10.837334972352117
9,64,12.2160969753626
9,65,9.967548826455072
9,66,11.16232446813243
9,67,14.59359429768288
9,68,14.70413353544927
9,69,14.0676869413098
9,70,16.098065790153736
9,71,19.289932287674265
9,72,21.86028937350451
9,73,25.02213340286633
9,74,24.911358547206
9,75,23.92755598593933
9,76,23.035981931425486
9,77,24.036517886196602
9,78,21.825961893203623
9,79,23.89758122521175
9,80,22.653985943144626
9,81,24.082809837592684
9,82,26.047340158634928
9,83,24.764949602578206
9,84,22.231740619668713
9,85,19.28244219126575
9,86,17.94825367494329
9,87,14.51430514614136
9,88,13.957601057950232
9,89,15.435741859701535
9,90,13.736607162794666
9,91,10.210088159401895
9,92,11.848879318742055
9,93,13.525483504010985
9,94,10.835794561613723
9,95,9.082590017505654
9,96,12.727040405957984
9,97,13.248806500564369
9,98,10.72690503899335
9,99,12.418221341161601
9,100,15.55644217342242
9,101,15.452341783843492
9,102,14.564073896559252
9,103,17.616577785761336
9,104,20.44031424639327
10,1,14.158301164446343
10,2,12.179382912292438
10,3,10.236133565221543
10,4,9.529423131425276
10,5,8.528649627046265
10,6,5.987192166823063
10,7,5.030687401873378
10,8,5.335581716391965
10,9,3.804589463799546
10,11,3.816348542617366
10,12,5.237371917708634
10,13,4.950549183868182
10,14,6.190621938172289
10,15,8.405492412969657
10,16,9.967348552504703
10,17,10.373096333201252
10,18,12.652564128922261
10,19,20.651318788551112
10,20,17.12578247805682
10,21,17.152671641138056
10,22,19.767776203974904
10,23,17.693649061470573
10,24,17.606258746030818
10,25,14.86188334637098
10,26,15.906404671928353
10,27,14.887522291645912
10,28,16.938075435391784
10,29,19.429847070692
10,30,18.588828035128238
10,31,15.595697195184677
10,32,16.86286144116377
10,33,17.08392796318492
10,34,15.282719555907672
10,35,17.190669089762824
10,36,15.492244458951596
10,37,12.42285124810849
10,38,14.943593716198855
10,39,14.240066634986201
10,40,10.67444474014014
10,41,12.34860501266916
10,42,15.02467985234214
10,43,13.180688848218512
10,44,11.879167780169423
10,45,15.271969271267936
10,46,15.022887448532137
10,47,11.390206544452711
10,48,13.126546760238842
10,49,16.017251598695477
10,50,14.426375710674483
10,51,12.8797664252541
10,52,16.22320420954803
10,53,16.89846876621288
10,54,17.29154812529694
10,55,13.611443623909118
10,56,14.64937109599154
10,57,14.002855784045165
10,58,10.26778508165706
10,59,10.133114240694356
10,60,12.9851851373201
10,61,11.572274326436753
10,62,8.532293175852843
10,63,11.531539391265952
10,64,13.751068891716619
10,65,11.510934516088227
10,66,11.44703666693973
10,67,15.169835710683914
10,68,15.846219471581207
10,69,14.504575413012958
10,70,15.765888661750413
10,71,19.326207011855423
10,72,22.158457809735324
10,73,24.987705232256516
10,74,24.387667476978063
10,75,23.110565688837536
10,76,21.694226534182846
10,77,22.264027617423356
10,78,19.622612228382266
10,79,21.244538047697436
10,80,19.680933565697625
10,81,20.761103990295776
10,82,22.69264578660144
10,83,21.199804795343965
10,84,18.75003199101648
10,85,15.71286587948899
10,86,14.588108870199884
10,87,11.408056666769879
10,88,10.601528623925766
10,89,11.713480291339675
10,90,10.075804144708327
10,91,6.491659098355817
10,92,8.135930964686445
10,93,9.837653260686396
10,94,7.489604578360903
10,95,5.933486810401844
10,96,9.720955225635949
10,97,10.555140585225244
10,98,8.91755282951798
10,99,10.76254701373593
10,100,13.530689306614303
10,101,14.016709433168884
10,102,13.924303607044925
10,103,16.760818623776046
10,104,19.495715712702143
11,1,15.023858078171063
11,2,13.947261447687536
11,3,11.826878117706238
11,4,9.939816934591166
11,5,9.571713815863761
11,6,8.29626968788188
11,7,5.873981966501132
11,8,4.648155677394626
11,9,5.3689512553659045
11,10,3.816348542617366
11,12,3.79661155091847
11,13,5.413998428378654
11,14,5.184587986188812
11,15,5.86892042335072
11,16,8.522721871938872
11,17,9.772728139269091
11,18,11.224601367936035
11,19,21.180126748359402
11,20,17.987711045013235
11,21,17.79555742980118
11,22,20.888394883437385
11,23,19.427180628436542
11,24,19.582706620259575
11,25,17.201977426082838
11,26,18.378678104367108
11,27,17.287152064630337
11,28,19.397128604865173
11,29,21.411774949365764
11,30,20.50338119941248
11,31,17.65615300095879
11,32,18.618423942592933
11,33,19.26377699848844
11,34,17.835316520364284
11,35,20.17215754843784
11,36,18.410684441484552
11,37,15.666384669847421
11,38,18.47030153531729
11,39,17.58938218061612
11,40,14.178788324401724
11,41,16.12037174177974
11,42,18.660186460684173
11,43,16.570465871173237
11,44,15.393401622642255
11,45,18.581903741983364
11,46,17.86597050607763
11,47,14.17390621486121
11,48,15.866327827607671
11,49,18.361236275802305
11,50,16.187379294928224
11,51,14.540146727462567
11,52,17.42767308879129
11,53,17.399288355657735
11,54,18.967654298775898
11,55,15.414109139232016
11,56,17.160989956038712
11,57,16.36463735833604
11,58,12.60520644867139
11,59,13.267719233429451
11,60,16.182903313936606
11,61,14.49437894780141
11,62,11.899577046117324
11,63,15.16668487964635
11,64,17.079054750153908
11,65,14.590964331209113
11,66,14.904562797825395
11,67,18.644934390956053
11,68,18.88738599436037
11,69,17.392972515756068
11,70,18.93514414026022
11,71,22.430687103481645
11,72,25.43310252480719
11,73,28.20221698018794
11,74,27.754344617940248
11,75,26.651197387776847
11,76,25.06220062872629
11,77,25.641848851797544
11,78,22.83684694238288
11,79,24.133720750169854
11,80,22.389448451821625
11,81,22.986158015686723
11,82,24.850873068658057
11,83,22.888467705469072
11,84,20.47458061415166
11,85,17.07433544479627
11,86,15.611458500884263
11,87,12.71654299308269
11,88,10.82883568001204
11,89,12.126807874860592
11,90,11.665913218946306
11,91,7.887810898068615
11,92,8.083135524683616
11,93,10.768926601144997
11,94,9.429314118786184
11,95,6.53918528907763
11,96,9.727784105568796
11,97,11.719140354549399
11,98,10.055121514747915
11,99,10.538123661846923
11,100,13.795331931382314
11,101,15.008180190949144
11,102,14.38324875520143
11,103,16.596729162867764
11,104,19.806391907432147
12,1,16.117001806041497
12,2,14.928496996159101
12,3,13.681447870535346
12,4,11.725048983828367
12,5,10.155228195822833
12,6,9.3976786952974
12,7,8.292445708053746
12,8,5.733478760721072
12,9,4.831869445114033
12,10,5.237371917708634
12,11,3.79661155091847
12,13,3.7995021455134577
12,14,5.591825592818411
12,15,5.153523243136539
12,16,6.196103819202089
12,17,8.396335680546496
12,18,10.642914852756414
12,19,20.186436863010215
12,20,17.066296586495856
12,21,17.64994147923996
12,22,20.78902846830485
12,23,19.319707612155902
12,24,20.14326130571555
12,25,18.12562199781905
12,26,19.897366231606032
12,27,19.403751145534784
12,28,21.8178155686981
12,29,24.18974888475098
12,30,23.525873104792176
12,31,20.652783185568993
12,32,21.793490736645825
12,33,22.083047925855265
12,34,20.204672642265702
12,35,22.262851340915873
12,36,20.717854032971797
12,37,17.564347434477405
12,38,19.913098620663984
12,39,19.2285386767108
12,40,15.538922219208146
12,41,16.75629064544081
12,42,19.32725012495561
12,43,17.061874553621937
12,44,15.13550894015138
12,45,17.953642934740238
12,46,17.32584617678569
12,47,13.516226371358776
12,48,14.362983780451273
12,49,16.811376676554218
12,50,14.754707456162317
12,51,12.404255033272872
12,52,14.876266843746142
12,53,14.364325710251482
12,54,15.75820859450649
12,55,12.40337183536011
12,56,14.642084993088446
12,57,13.766103540038428
12,58,10.141311044059835
12,59,11.657556423676727
12,60,14.604405534326968
12,61,13.056971816416796
12,62,11.255634159164819
12,63,14.805772690220119
12,64,16.627755732523827
12,65,14.719762051156964
12,66,15.654615296569212
12,67,19.146449791845637
12,68,19.50321554713838
12,69,18.722137267383978
12,70,20.481882173230463
12,71,23.8502639035655
12,72,26.491571852939845
12,73,29.564296735046835
12,74,29.19329570746238
12,75,27.93281889657361
12,76,26.754450070828813
12,77,27.29195058426097
12,78,24.66293772278849
12,79,26.215767567541675
12,80,24.366100420787014
12,81,25.163251457911496
12,82,26.692292480349845
12,83,24.807668502755533
12,84,21.988573112278456
12,85,18.588981442120964
12,86,16.525980917297304
12,87,13.193190660818358
12,88,11.88591471212989
12,89,14.119343707521251
12,90,13.512652789723502
12,91,9.78313956265889
12,92,10.95239622264799
12,93,13.794758049499146
12,94,12.29883153779113
12,95,10.001028802467042
12,96,13.414085901459726
12,97,15.126850169544342
12,98,13.275100940131603
12,99,14.089619574932595
12,100,17.404958363304164
12,101,18.25795477306733
12,102,17.42412424360117
12,103,19.876691549597517
12,104,23.079148510214157
13,1,18.23745539661429
13,2,16.358432646130556
13,3,14.940144083748049
13,4,13.832946767221252
13,5,12.189568789406728
13,6,10.309611287040244
13,7,9.670987554520849
13,8,8.379444618412238
13,9,6.201443971329373
13,10,4.950549183868182
13,11,5.413998428378654
13,12,3.7995021455134577
13,14,3.800101337359577
13,15,5.522426372695545
13,16,5.471644899311571
13,17,5.9095835104323955
13,18,8.887497006931657
13,19,16.8728276569521
13,20,13.556886283414006
13,21,14.226228065427273
13,22,17.1825037378441
13,23,15.562444065583179
13,24,16.49976318038136
13,25,14.665915347512703
13,26,16.785414201299456
13,27,16.81376369244126
13,28,19.61147326034349
13,29,22.187547570868215
13,30,22.045057213438895
13,31,19.490737299370103
13,32,21.247797465931928
13,33,21.689809073857173
13,34,19.92021960543035
13,35,21.429187825928146
13,36,19.48576100141033
13,37,16.351077667934817
13,38,18.218241038204674
13,39,17.059038827659005
13,40,13.355577953885193
13,41,14.596402573428035
13,42,16.655558060788167
13,43,13.970150177775457
13,44,12.163561617587964
13,45,14.708517537317247
13,46,13.70783904491234
13,47,9.939089352887107
13,48,11.100061374675079
13,49,13.315614830640111
13,50,11.119126838946801
13,51,9.167356134109554
13,52,12.02817300977579
13,53,12.272786004376025
13,54,14.391832179416985
13,55,10.764492861823
13,56,12.82644745047875
13,57,12.900455076796293
13,58,9.228651079141587
13,59,9.799549703711211
13,60,13.29953881498738
13,61,12.714971125298165
13,62,10.552968704091933
13,63,13.595155129197432
13,64,16.15509205535114
13,65,14.800431788666247
13,66,15.040526599219346
13,67,18.46882672141807
13,68,19.564162368209182
13,69,18.79334047597112
13,70,19.916790957979998
13,71,23.4528478849385
13,72,25.946153352331766
13,73,28.926096031963866
13,74,28.103062293480427
13,75,26.399169525131633
13,76,25.146915199689076
13,77,25.223144544535764
13,78,22.455167090885627
13,79,23.848554886480297
13,80,21.6995624281937
13,81,22.4527225008063
13,82,23.64856928405158
13,83,21.81162706486964
13,84,18.762515414093492
13,85,15.454103382502886
13,86,13.20993069246121
13,87,9.678257299171884
13,88,9.032035352842279
13,89,11.65127541019998
13,90,10.74161255092353
13,91,7.355791022223411
13,92,9.558098665886014
13,93,12.270643565955162
13,94,11.023534756126924
13,95,9.787073420900347
13,96,13.309075674479512
13,97,14.7869607356547
13,98,13.686811067443584
13,99,15.152564306316982
13,100,17.94887301891775
13,101,18.82530605908608
13,102,18.735088570171705
13,103,21.357454023865618
13,104,24.254850355413264
14,1,19.84406490957842
14,2,18.251109997851565
14,3,16.143038893365457
14,4,14.859351039122686
14,5,14.12982334027461
14,6,12.129083285041313
14,7,10.363534919389105
14,8,9.59012166377178
14,9,8.699076872397704
14,10,6.190621938172289
14,11,5.184587986188812
14,12,5.591825592818411
14,13,3.800101337359577
14,15,3.8140739788049007
14,16,5.580195907644495
14,17,5.080747945263094
14,18,6.517320816976147
14,19,16.10245954796939
14,20,13.065627753440346
14,21,12.800363585880143
14,22,16.093888556146627
14,23,15.081740777093541
14,24,15.741623751797468
14,25,14.106069690588047
14,26,16.069259359725496
14,27,15.92034793555817
14,28,18.82561721700506
14,29,20.888834209384203
14,30,20.911700458779297
14,31,18.72770161121606
14,32,20.579021771394974
14,33,21.67659819644097
14,34,20.535286811550083
14,35,22.21089087082505
14,36,19.80985843688698
14,37,17.189957233463353
14,38,19.342354567182642
14,39,17.61209041089686
14,40,14.224060449293729
14,41,16.282370198400837
14,42,17.937390749268523
14,43,14.99999025074162
14,44,14.084153144075547
14,45,16.575145342685797
14,46,14.909544070800525
14,47,11.436812049380192
14,48,13.439509604025819
14,49,15.053656212441771
14,50,12.213314473683333
14,51,11.237229341156509
14,52,13.904459954352545
14,53,14.151231258457464
14,54,17.794389438160916
14,55,14.221195123364543
14,56,16.320962357066538
14,57,16.656236559045645
14,58,12.990649092032394
14,59,13.165791610132587
14,60,16.745636469249156
14,61,16.18798863196867
14,62,13.60088308215262
14,63,16.416425105776238
14,64,19.137400386185867
14,65,17.42396900702842
14,66,17.161629352807974
14,67,20.787035375742946
14,68,21.871628032971536
14,69,20.520140513974074
14,70,21.354416762414083
14,71,25.048805087930234
14,72,27.843780371251352
14,73,30.531409871769583
14,74,29.506308820881603
14,75,27.783762405098635
14,76,26.051811212887536
14,77,25.88315403905077
14,78,22.75467792699251
14,79,23.584192663699238
14,80,21.147649854922104
14,81,21.283858491859355
14,82,22.43036032342989
14,83,20.11243989129127
14,84,17.235617269125267
14,85,13.616128774287464
14,86,11.365002767760506
14,87,8.47637939961415
14,88,6.430242179793772
14,89,8.931760734155205
14,90,9.149700262435111
14,91,5.849762478526984
14,92,6.880715182476907
14,93,10.26813281857991
14,94,10.164521263986945
14,95,8.617844072306635
14,96,11.489217871726208
14,97,13.740434705102844
14,98,13.33921799063979
14,99,14.184564713298196
14,100,16.769932708440617
14,101,18.374597506461967
14,102,18.555253872518993
14,103,20.662200304455194
14,104,23.64204893282321
15,1,20.51081205476959
15,2,19.499846331343974
15,3,17.650897808629583
15,4,15.608395254543865
15,5,14.826432638305675
15,6,13.74815212100383
15,7,11.735538191976477
15,8,9.831483271853719
15,9,9.68850204488691
15,10,8.405492412969657
15,11,5.86892042335072
15,12,5.153523243136539
15,13,5.522426372695545
15,14,3.8140739788049007
15,16,3.8139937933418873
15,17,5.637745585582485
15,18,6.212109123254666
15,19,17.5371130178338
15,20,14.970825637990622
15,21,15.002122229167352
15,22,18.574570332684008
15,23,18.018874554651205
15,24,19.090457579255038
15,25,17.76279853117607
15,26,19.83994702229287
15,27,19.663835977509066
15,28,22.486270810280626
15,29,24.3881209214817
15,30,24.22602030165492
15,31,21.935186355512403
15,32,23.430566520880124
15,33,24.4890559819154
15,34,23.261581938666794
15,35,25.26148270912805
15,36,23.093225214528577
15,37,20.38880887218762
15,38,22.721505575844223
15,39,21.239338332306687
15,40,17.76912523885948
15,41,19.616930543114552
15,42,21.505456010532555
15,43,18.61743011816552
15,44,17.33941877184564
15,45,19.713991929400553
15,46,18.086016025242866
15,47,14.560944634578016
15,48,15.955503523209153
15,49,17.42959730659074
15,50,14.46674191946406
15,51,12.928505859071542
15,52,14.871365077676277
15,53,14.110948555409895
15,54,18.28279666207069
15,55,15.033491672049964
15,56,17.73354497241433
15,57,17.68322490295134
15,58,14.14858454174343
15,59,15.251686747043605
15,60,18.66741638000466
15,61,17.72600139474705
15,62,15.669983040769
15,63,18.90056781851105
15,64,21.215363365994406
15,65,19.38059497521091
15,66,19.729853474968984
15,67,23.350331925533943
15,68,24.02343516684793
15,69,22.843059853842806
15,70,24.141072136855463
15,71,27.727632524222155
15,72,30.540127123614347
15,73,33.37317679997063
15,74,32.62584742403764
15,75,31.09427474667142
15,76,29.47874320753051
15,77,29.50663535338353
15,78,26.44397993756299
15,79,27.327930279086726
15,80,24.928913702001104
15,81,24.96827610443979
15,82,26.072709610126335
15,83,23.58091213494834
15,84,20.705142759624056
15,85,16.997074256831347
15,86,14.464266996601252
15,87,11.786706047446769
15,88,9.445201632275431
15,89,12.061779771240628
15,90,12.840986319994855
15,91,9.571129448310877
15,92,9.809976237440443
15,93,13.444122820397087
15,94,13.396134364083625
15,95,11.086235284914405
15,96,13.718489967035397
15,97,16.36853428132996
15,98,15.492893219006351
15,99,15.647528168729998
15,100,18.668190573181224
15,101,20.424079814532327
15,102,19.99166211481555
15,103,21.820759263745167
15,104,25.133816875505527
16,1,22.310682896284018
16,2,20.984519263821703
16,3,19.64374195232811
16,4,17.836802409634316
16,5,16.31036576916025
16,6,15.203849971326107
16,7,14.029608600652152
16,8,11.852043870602927
16,9,10.630010068597754
16,10,9.967348552504703
16,11,8.522721871938872
16,12,6.196103819202089
16,13,5.471644899311571
16,14,5.580195907644495
16,15,3.8139937933418873
16,17,3.8001879193638386
16,18,5.808546652990951
16,19,15.498755288519131
16,20,13.055253758246815
16,21,13.986323261213796
16,22,17.456492747152414
16,23,16.909855340275506
16,24,18.664035645843743
16,25,17.79281902674437
16,26,20.42401387280246
16,27,20.88359075937727
16,28,23.99137290546849
16,29,26.246453996466286
16,30,26.39971376603762
16,31,24.14583013397293
16,32,25.930580418867624
16,33,26.725870280730327
16,34,25.174719192873567
16,35,26.808825761325327
16,36,24.71112225689501
16,37,21.725057285593955
16,38,23.5660967281199
16,39,22.127684612521637
16,40,18.522361362937463
16,41,19.796042067571065
16,42,21.491189083777993
16,43,18.409911287159908
16,44,16.63868740428825
16,45,18.461433857960774
16,46,16.766796026260852
16,47,13.368625259592926
16,48,14.021463161795046
16,49,15.128341413617509
16,50,12.207367330580615
16,51,10.232254581648265
16,52,11.563459655380358
16,53,10.39646769895035
16,54,15.2830899513124
16,55,12.328980065975806
16,56,15.42902329736645
16,57,15.77023966771769
16,58,12.616150627716863
16,59,14.020425488270421
16,60,17.473969101724162
16,61,17.049209949479437
16,62,15.560416848046168
16,63,18.68085608147382
16,64,21.09544588546196
16,65,19.889288455734963
16,66,20.44206779555931
16,67,23.804090412624845
16,68,24.781483429889658
16,69,24.114536715790607
16,70,25.369007943903977
16,71,28.891439938392647
16,72,31.36902965671211
16,73,34.38866525547444
16,74,33.559100252983534
16,75,31.773937809094864
16,76,30.470881556289903
16,77,30.328070127539732
16,78,27.398400543424025
16,79,28.445434465090333
16,80,25.913515987845958
16,81,26.132848216198227
16,82,26.845313543524806
16,83,24.500509678180308
16,84,21.253259130630116
16,85,17.696164073276694
16,86,14.658110543562843
16,87,11.671495962402966
16,88,10.305213872440634
16,89,13.652084292344426
16,90,14.077000987445505
16,91,11.120365390624318
16,92,12.382492677227814
16,93,15.829206868154419
16,94,15.549823608587943
16,95,13.841323320959788
16,96,16.82655801652713
16,97,19.09404043412655
16,98,18.175235044470856
16,99,18.84592012782395
16,100,21.829315337691174
16,101,23.258152913355293
16,102,22.892454662521494
16,103,25.04699870100808
16,104,28.264661914792786
17,1,23.99956216666173
17,2,22.231437472450335
17,3,20.58391288968623
17,4,19.343750993650378
17,5,17.990114623643017
17,6,16.121287113957987
17,7,15.00824980332881
17,8,13.697164197110064
17,9,12.05781342807448
17,10,10.373096333201252
17,11,9.772728139269091
17,12,8.396335680546496
17,13,5.9095835104323955
17,14,5.080747945263094
17,15,5.637745585582485
17,16,3.8001879193638386
17,18,3.8016776640153296
17,19,12.118662744703553
17,20,9.50309593643843
17,21,10.202450859053686
