1,2,3.8194283721078643
1,3,6.802899682286716
1,4,10.105801044404416
1,5,13.342909615538328
1,6,16.59950360522698
1,7,19.239149506078874
1,8,22.77707549149343
1,9,25.059820281127354
1,10,27.84764508622733
1,11,31.39694054056008
1,12,32.563544149107976
1,13,35.77971106939708
1,14,45.502342509992836
1,15,43.93588168333276
1,16,42.93738496112678
1,17,39.28651705572206
1,18,37.830574783251684
1,19,34.314594400145516
1,20,34.24874637155813
1,21,33.56026609100364
1,22,34.989774711539965
1,23,32.570478985658085
1,24,32.584782256164324
1,25,30.004144104396282
1,26,30.080277200296162
1,27,28.25376786770305
1,28,30.834907220434506
1,29,29.81080889388086
1,30,34.469066823835355
1,31,35.207867220202004
1,32,34.59121134798898
1,33,34.355269692244626
1,34,34.85776143804489
1,35,32.82560165300289
1,36,33.49359727465702
1,37,30.5810664237743
1,38,29.943397256169607
1,39,29.372270450661297
1,40,26.830780263529526
1,41,24.80563670096956
1,42,24.606432072113186
1,43,23.604668142393987
1,44,26.022287500325085
1,45,25.626951647315426
1,46,32.57831136848255
1,47,29.021990760229226
1,48,26.181897422526074
1,49,22.61134808887636
1,50,21.93101837489318
1,51,19.7810952627828
1,52,16.489831628249163
1,53,15.841810188178387
1,54,15.370798775262957
1,55,11.562178662911299
1,56,10.161901699835136
1,57,7.8956284260268275
1,58,6.844925030188756
1,59,4.482791411572147
1,60,6.566518942684052
1,61,8.559610938886804
1,62,8.943244485286003
1,63,10.071512764117077
1,64,12.45702446498903
1,65,15.18907325579804
1,66,13.426545820175452
1,67,12.928207320556297
1,68,16.53621952646333
1,69,17.347041818581044
1,70,15.918894038226576
1,71,17.4684198115868
1,72,20.853672582596325
1,73,20.822196333376148
1,74,20.814655645343596
1,75,22.84845446325504
1,76,20.622220309918227
1,77,22.32360755375134
1,78,21.030157337638116
1,79,21.783255231258654
1,80,18.702354537883355
1,81,17.885959669554623
1,82,15.040094652978853
1,83,15.174184054254601
1,84,12.886033349649885
1,85,11.935872147369658
1,86,8.61039448472812
1,87,7.8053658212188815
1,88,9.034853666636087
1,89,11.353319382396649
1,90,14.611603483190471
1,91,17.238068425982064
1,92,20.601017207861293
1,93,23.28263003271924
1,94,25.27022510485911
2,1,3.8194283721078643
2,3,3.782986304578763
2,4,6.692438206133483
2,5,10.000588024681418
2,6,13.25163152093133
2,7,15.906586015834444
2,8,19.482653558799452
2,9,21.614138332912976
2,10,24.558286389630513
2,11,28.03738995320822
2,12,29.370476694619402
2,13,32.64460419025298
2,14,42.9979327194546
2,15,41.4300508013669
2,16,40.687040031823564
2,17,36.96889728565143
2,18,35.68614993776344
2,19,32.08504138303825
2,20,31.845339885266753
2,21,30.841538528290954
2,22,32.12783481728196
2,23,29.54228601846191
2,24,29.415390010651414
2,25,26.781491648017955
2,26,26.89028922551423
2,27,25.27844658697336
2,28,28.035118724619384
2,29,27.366682794930327
2,30,31.31233564439668
2,31,32.12173062717801
2,32,31.386800897834615
2,33,31.361079825896518
2,34,31.941378667590943
2,35,30.124104818164295
2,36,30.927106979908174
2,37,28.089436805302434
2,38,27.71552397074813
2,39,26.97137178368008
2,40,24.746717123353523
2,41,22.615403127233222
2,42,21.958718710797363
2,43,20.749165274832585
2,44,22.89409956722848
2,45,22.24185210448614
2,46,29.160735702536407
2,47,25.556888167001276
2,48,22.899409074069165
2,49,19.379068397820564
2,50,19.08245791621277
2,51,17.318465640286036
2,52,14.228339276833305
2,53,13.237632721647879
2,54,13.04651301482717
2,55,9.368976769513042
2,56,8.861889850273016
2,57,6.590697672630895
2,58,6.607463266909061
2,59,6.048064438285585
2,60,7.232589159872094
2,61,9.597364922458487
2,62,8.775453385051653
2,63,8.2252328903927
2,64,9.714590192994706
2,65,12.665062046473455
2,66,11.422171060951479
2,67,10.12273415820143
2,68,13.553491813762308
2,69,14.957126231996432
2,70,13.578783738460821
2,71,14.50607894452909
2,72,18.04970012551131
2,73,18.454427917561343
2,74,18.2554028523765
2,75,19.859179483951976
2,76,17.318053967125017
2,77,18.744316675423043
2,78,17.311475578593473
2,79,17.981897270409906
2,80,14.934796923341477
2,81,14.208256392739388
2,82,11.608479229044725
2,83,12.334264214894517
2,84,10.707454439309085
2,85,10.272777603594049
2,86,7.840950928475679
2,87,5.64356773734574
2,88,5.695864740610373
2,89,7.556817942295446
2,90,10.87628275139427
2,91,13.482145292041778
2,92,16.91257377041342
2,93,19.699530191291363
2,94,21.5832566410861
3,1,6.802899682286716
3,2,3.782986304578763
3,4,3.8194645622299825
3,5,6.566600837339766
3,6,10.00019395710556
3,7,12.44395304403974
3,8,16.023909558699682
3,9,18.268281550420237
3,10,21.068051792622217
3,11,24.632072861329913
3,12,25.92616095122505
3,13,29.246268951417324
3,14,39.738161296984835
3,15,38.018864740558385
3,16,37.34981529462362
3,17,33.661959999480246
3,18,32.27278978516284
3,19,28.71573044859439
3,20,28.29251022059222
3,21,27.27060971508814
3,22,28.476371210378122
3,23,25.905779583202666
3,24,25.82339841622152
3,25,23.25432080694
3,26,23.48840356694094
3,27,21.944382673459312
3,28,24.81985633903174
3,29,24.22138906046647
3,30,28.23714757898333
3,31,28.793891767941428
3,32,27.954890082600585
3,33,27.755921530078236
3,34,28.240949622566298
3,35,26.361248966841465
3,36,27.176007784343536
3,37,24.39265123813149
3,38,24.151959462390128
3,39,23.573909716016132
3,40,21.49946805356495
3,41,19.13353875267047
3,42,18.500647132144103
3,43,17.594616402435506
3,44,19.918283116502835
3,45,19.57799734369551
3,46,26.096901458746583
3,47,22.46351461869852
3,48,19.63955055267538
3,49,15.99861221938147
3,50,15.450508717430067
3,51,13.807025026308692
3,52,10.625541390329934
3,53,9.454691720435669
3,54,9.478240779556126
3,55,5.932679257396501
3,56,6.636340855118345
3,57,5.89124097684033
3,58,7.932138123322551
3,59,8.847003749729389
3,60,10.575260652459209
3,61,13.272457746955164
3,62,12.266004418101602
3,63,10.397130243452795
3,64,11.052411765756037
3,65,13.72284514923902
3,66,12.586793864941422
3,67,10.213277358742657
3,68,13.437006555488804
3,69,15.142692214471488
3,70,13.146245232573946
3,71,13.310189497909157
3,72,17.076423503836498
3,73,17.379645689529468
3,74,16.437958021891184
3,75,17.773562591119166
3,76,15.203998877756188
3,77,16.718859891305225
3,78,15.369816320767747
3,79,16.18335531685472
3,80,13.665998231805421
3,81,13.154530867841409
3,82,11.18099287628203
3,83,12.589048816617494
3,84,11.410934953707192
3,85,10.516489484233537
3,86,8.791088331979727
3,87,6.9008752969467535
3,88,4.720486509424639
3,89,6.13769921931266
3,90,8.431969205792935
3,91,11.014497393446739
3,92,14.06995711961394
3,93,16.757785198015757
3,94,18.864041824020866
4,1,10.105801044404416
4,2,6.692438206133483
4,3,3.8194645622299825
4,5,3.790958603162372
4,6,6.581828155690547
4,7,9.550837650868772
4,8,12.947382139883896
4,9,15.340860668155672
4,10,18.451325219928048
4,11,21.99493950709106
4,12,23.71208682231096
4,13,27.207722335694122
4,14,38.71325848939762
4,15,36.85163974665158
4,16,36.55420343250797
4,17,32.86706299821828
4,18,31.554282805832404
4,19,28.01814833443866
4,20,27.167876730483137
4,21,25.720700986539686
4,22,26.502104615813202
4,23,23.61730763997444
4,24,23.10479068683916
4,25,20.270167421186482
4,26,20.223575977601193
4,27,18.6801835206667
4,28,21.56896328569666
4,29,21.244709906796956
4,30,24.687292624784845
4,31,25.459222062912826
4,32,24.73204128447704
4,33,24.85116483460032
4,34,25.665357561976187
4,35,24.17155440267334
4,36,25.39062789015388
4,37,22.93904435480121
4,38,23.271902243377763
4,39,22.756508775525287
4,40,21.250247084944053
4,41,18.564420469714698
4,42,17.42780877858931
4,43,16.57607808478087
4,44,18.490485677743376
4,45,17.838292734858722
4,46,23.85167106269555
4,47,20.086559472454724
4,48,17.586792607846
4,49,13.971306430580583
4,50,13.8378501609184
4,51,13.13955628498208
4,52,10.285758892833213
4,53,8.003157467576413
4,54,7.712058736490542
4,55,5.121588492619882
4,56,6.6651558871590355
4,57,6.275967263231239
4,58,8.889626845147022
4,59,10.96481036940887
4,60,12.212519504746359
4,61,15.145721402070087
4,62,13.937796989708557
4,63,10.27364820084189
4,64,10.064038704335443
4,65,12.101864485379076
4,66,11.263090642872793
4,67,8.064607292338236
4,68,10.777394538724527
4,69,12.765094030900988
4,70,10.626909603035251
4,71,10.012828391025337
4,72,13.820688904954347
4,73,14.369804634757307
4,74,13.173636297778788
4,75,14.132484443256292
4,76,11.427230367749877
4,77,12.964742439606617
4,78,11.789603842978972
4,79,12.94284925719391
4,80,10.871964080829311
4,81,11.21318990136069
4,82,10.327751932549422
4,83,12.797524085203134
4,84,12.752636595175245
4,85,12.601288629289868
4,86,11.787672619890198
4,87,9.215555647513924
4,88,5.940365941434756
4,89,4.714738486641972
4,90,6.012072651899394
4,91,7.653144613200943
4,92,10.761415929502727
4,93,13.197060884834036
4,94,15.305994215342771
5,1,13.342909615538328
5,2,10.000588024681418
5,3,6.566600837339766
5,4,3.790958603162372
5,6,3.791096632225016
5,7,5.920770362167416
5,8,9.508332885894514
5,9,11.775180899777663
5,10,14.732158913430872
5,11,18.310264625286347
5,12,19.950361486076176
5,13,23.45669722012314
5,14,35.11691025268932
5,15,33.192949387565356
5,16,33.02166487341186
5,17,29.349707984205885
5,18,28.07866511204137
5,19,24.56130145293384
5,20,23.56135731925586
5,21,21.988189827440895
5,22,22.727734257077355
5,23,19.850024335381438
5,24,19.456411087304353
5,25,16.788591054007238
5,26,17.120871266801906
5,27,15.979924210304038
5,28,19.198784638885943
5,29,19.249792449336052
5,30,22.189900896864227
5,31,22.598881079628907
5,32,21.533618637664834
5,33,21.506508137922587
5,34,22.104987898224877
5,35,20.587000616466348
5,36,21.747701504026224
5,37,19.312777156311583
5,38,19.812034520700458
5,39,19.281862003356885
5,40,18.092942730009653
5,41,15.293188567392603
5,42,13.898538385859656
5,43,13.217183455130398
5,44,15.127982857034302
5,45,14.753216055084504
5,46,20.324574379340046
5,47,16.566957905026765
5,48,13.941976552791244
5,49,10.271782160962552
5,50,10.154680723617224
5,51,9.93296666879621
5,52,7.608990991145816
5,53,5.075839944755588
5,54,6.018493002983685
5,55,5.260396980798692
5,56,8.426363305432682
5,57,9.418422449818234
5,58,12.49128245349175
5,59,14.643054640119969
5,60,15.9732506711336
5,61,18.78255129046979
5,62,17.26731099882242
5,63,13.709405423085066
5,64,12.809293258786079
5,65,14.66942960326345
5,66,14.316123470134809
5,67,10.737118191191172
5,68,12.6013641520761
5,69,14.95183719391673
5,70,12.721629731781512
5,71,11.063954243784647
5,72,14.703832820030268
5,73,15.407215329649608
5,74,13.408679100648076
5,75,13.577943225723411
5,76,10.730308949301651
5,77,11.845017566951787
5,78,10.607880558315333
5,79,11.58871946595213
5,80,10.395059477248028
5,81,10.725482145987442
5,82,10.667736338955615
5,83,13.395638631070888
5,84,13.76033293253594
5,85,13.349945665015003
5,86,13.316953617221841
5,87,11.221636558035362
5,88,7.412725495641693
5,89,5.897170345754781
5,90,4.5089250413594995
5,91,5.819521204673038
5,92,7.944805436197895
5,93,10.44964746860801
5,94,12.728438906535564
6,1,16.59950360522698
6,2,13.25163152093133
6,3,10.00019395710556
6,4,6.581828155690547
6,5,3.791096632225016
6,7,3.787446682243266
6,8,6.51760912865114
6,9,9.31084970017037
6,10,12.555682083954109
6,11,16.108351124312087
6,12,18.28680384617585
6,13,21.975488257314222
6,14,34.58587930359986
6,15,32.43956171000062
6,16,32.659964455147055
6,17,29.094383496630982
6,18,27.814374267105258
6,19,24.468118345316064
6,20,22.92388349796758
6,21,20.94876898987571
6,22,21.07197271894973
6,23,17.857138386062655
6,24,16.856029449407394
6,25,13.807825116299966
6,26,13.675188206001938
6,27,12.440574147224922
6,28,15.657534727720122
6,29,16.011213878635257
6,30,18.443808571999718
6,31,19.026009789411773
6,32,18.165001801582026
6,33,18.447191951815373
6,34,19.495181528682256
6,35,18.460606149959556
6,36,20.170256520159935
6,37,18.2951836668401
6,38,19.52984194852674
6,39,19.28558732795438
6,40,18.79853725697218
6,41,15.69405301648267
6,42,13.969418587093708
6,43,13.699308086815785
6,44,15.097678026927436
6,45,14.578605748480026
6,46,18.929364649629456
6,47,15.111099591987623
6,48,12.96113414678162
6,49,9.559713052717665
6,50,9.759362907125197
6,51,10.90078300909221
6,52,9.2891806920171
6,53,5.980798665508069
6,54,6.085899423402191
6,55,7.240137733084832
6,56,10.10033798044229
6,57,11.353567405497603
6,58,14.495060020776503
6,59,17.22474975115402
6,60,18.43150151440101
6,61,21.41572386761231
6,62,19.99685037928475
6,63,15.455766959514722
6,64,14.209600526636924
6,65,15.226968922251382
6,66,14.989921080784622
6,67,11.215343759427975
6,68,12.205382642980954
6,69,14.415243830849523
6,70,12.073051379287033
6,71,9.585322841290882
6,72,12.774712408519424
6,73,13.488942681755969
6,74,10.951267196616433
6,75,10.465824647270331
6,76,7.795389257416039
6,77,9.050508669171917
6,78,8.45956947947931
6,79,10.064887884842687
6,80,10.08612732981629
6,81,11.511852698986226
6,82,12.617967507152938
6,83,15.864082778999657
6,84,16.87193960578214
6,85,16.833785535258748
6,86,17.042792653547256
6,87,14.728261249770723
6,88,10.90581337882958
6,89,8.493862698099528
6,90,6.130787493992079
6,91,4.811391954360315
6,92,5.679176585300686
6,93,7.123357254422099
6,94,9.660947425370798
7,1,19.239149506078874
7,2,15.906586015834444
7,3,12.44395304403974
7,4,9.550837650868772
7,5,5.920770362167416
7,6,3.787446682243266
7,8,3.7873848582557343
7,9,5.9996093250675395
7,10,8.96433285103998
7,11,12.581409604071121
7,12,14.55179718314179
7,13,18.218901775616093
7,14,30.85148560717228
7,15,28.71755472544088
7,16,29.039340490266575
7,17,25.480267714835673
7,18,24.332306084788577
7,19,20.99496258004207
7,20,19.381267032149506
7,21,17.253308463162913
7,22,17.44072046424159
7,23,14.278110095647389
7,24,13.601763214375866
7,25,10.951155612298736
7,26,11.701992558941352
7,27,11.387102345862496
7,28,15.039962579592936
7,29,15.953937200522857
7,30,17.456404176733987
7,31,17.42957462406899
7,32,15.917029491271915
7,33,15.937186527275832
7,34,16.50321751421623
7,35,15.37273928176247
7,36,16.849845301063908
7,37,14.901879589514877
7,38,16.2541504408093
7,39,15.855045239481086
7,40,15.784670410007811
7,41,12.763905553898107
7,42,10.625898693238685
7,43,10.519148166057981
7,44,11.77429092981677
7,45,11.675948165756354
7,46,15.420947477949063
7,47,11.660408909268002
7,48,9.31283408982997
7,49,5.972149371226746
7,50,6.461135541042558
7,51,8.513712542175336
7,52,8.21727502686798
7,53,5.839181933634718
7,54,7.550563661143696
7,55,9.542408264034142
7,56,12.961642781989275
7,57,14.677506717905043
7,58,17.94712167512523
7,59,20.433731838305768
7,60,21.68716076334896
7,61,24.484658684523545
7,62,22.762865634996515
7,63,18.75932013023364
7,64,17.18394766860067
7,65,18.416094721379938
7,66,18.5552417498848
7,67,14.758558044902607
7,68,15.40927517414636
7,69,17.88979345781967
7,70,15.73595857975414
7,71,12.944130654419496
7,72,15.79282064909575
7,73,16.68301283601631
7,74,13.834908905248378
7,75,12.648760873848495
7,76,10.114749227163568
7,77,10.40486841332819
7,78,9.603197616106579
7,79,10.472163215405821
7,80,11.255093077493799
7,81,12.156363167956332
7,82,13.618759525323545
7,83,16.649142256552143
7,84,17.787017677567295
7,85,17.4898835007275
7,86,18.269158145140693
7,87,16.424540747970383
7,88,12.569725054162534
7,89,10.559585794793332
7,90,7.21841777440988
7,91,6.100401940465664
7,92,4.687294778697853
7,93,6.099416868757721
7,94,8.556700570191717
8,1,22.77707549149343
8,2,19.482653558799452
8,3,16.023909558699682
8,4,12.947382139883896
8,5,9.508332885894514
8,6,6.51760912865114
8,7,3.7873848582557343
8,9,3.796596230718106
8,10,6.550482642447043
8,11,10.065174395704101
8,12,12.58087121890529
8,13,16.35783263468221
8,14,29.711869417428503
8,15,27.327710123960305
8,16,28.056221636077595
8,17,24.705592879183573
8,18,23.537414591849892
8,19,20.51859226950597
8,20,18.311358992383727
8,21,15.805876888935824
8,22,15.223941782204154
8,23,11.746094929705658
8,24,10.3685617221538
8,25,7.33838034221957
8,26,7.937382076429177
8,27,8.084595127635055
8,28,11.8866533878992
8,29,13.383543675429124
8,30,13.958603217105908
8,31,13.711808648002842
8,32,12.133903585745395
8,33,12.314484345885063
8,34,13.234665134227386
8,35,12.672671820540007
8,36,14.74038909156025
8,37,13.573438831173673
8,38,15.76423125066781
8,39,15.771404722967443
8,40,16.523381161136967
8,41,13.404586450249276
8,42,11.176130536130138
8,43,11.747099897313685
8,44,12.404476452376288
8,45,12.467847491088909
8,46,14.111211762022505
8,47,10.577223521165076
8,48,8.950463888821908
8,49,6.735894298202112
8,50,7.296905309129009
8,51,10.471258201352763
8,52,10.889247063963001
8,53,8.622546825597171
8,54,9.665514194244718
8,55,12.46083615134164
8,56,15.623325150581115
8,57,17.56492146729968
8,58,20.88837017088735
8,59,23.667959213799833
8,60,24.939817014718283
8,61,27.85275709456699
8,62,26.213221728310184
8,63,21.745260414686555
8,64,20.051030032211532
8,65,20.778181835644673
8,66,20.95276655463171
8,67,17.184437855086387
8,68,17.295493162021437
8,69,19.53087291179279
8,70,17.367358383449186
8,71,14.235846337774008
8,72,16.40156876790481
8,73,17.161583464698904
8,74,13.938735517175902
8,75,12.09407385802395
8,76,10.315586999341892
8,77,10.407407436030395
8,78,10.368450440768086
8,79,11.450647852959062
8,80,13.291821482220572
8,81,14.727971432115531
8,82,16.77640564525232
8,83,19.949166295752516
8,84,21.36805566196557
8,85,21.174062071538767
8,86,22.048348193140626
8,87,20.179992880001667
8,88,16.32112621607528
8,89,14.07340700120236
8,90,10.650135716305865
8,91,8.610084726777663
8,92,5.804160705581506
8,93,4.722333866347117
8,94,7.08875724777421
9,1,25.059820281127354
9,2,21.614138332912976
9,3,18.268281550420237
9,4,15.340860668155672
9,5,11.775180899777663
9,6,9.31084970017037
9,7,5.9996093250675395
9,8,3.796596230718106
9,10,3.806254594665684
9,11,6.882361763948531
9,12,9.559564066073449
9,13,13.282444441737935
9,14,27.12131422577326
9,15,24.978729853880893
9,16,25.987777447157274
9,17,22.608080140987603
9,18,21.960841047731854
9,19,18.91424273587921
9,20,16.79384990561698
9,21,13.820101312099819
9,22,13.269669991499
9,23,9.752745793570538
9,24,8.622727437137922
9,25,6.422044460840252
9,26,8.342094866191088
9,27,10.054450904686565
9,28,13.832218865973603
9,29,16.019917971311756
9,30,14.564495820499271
9,31,14.037794456498915
9,32,11.597484586301137
9,33,12.054259348643829
9,34,12.435055116970176
9,35,12.240325295540062
9,36,13.9155974511348
9,37,12.758313103433384
9,38,14.991680987030602
9,39,14.344196344373234
9,40,15.69120531148912
9,41,13.189735210669783
9,42,10.195565712828563
9,43,10.212546061272851
9,44,9.807648571034758
9,45,9.63786656857643
9,46,10.40088440163101
9,47,6.8770426091844605
9,48,6.019178980995423
9,49,5.34486293707201
9,50,7.444623009120425
9,51,11.0073344068671
9,52,12.518804633468807
9,53,11.153706002643245
9,54,12.982917482245668
9,55,15.463376535295195
9,56,18.849908230104482
9,57,20.582272238373964
9,58,23.765688199165258
9,59,26.28465677855611
9,60,27.268880259599893
9,61,29.887335592882568
9,62,27.849471915128124
9,63,23.78089525382307
9,64,21.62375403769857
9,65,22.512490841108363
9,66,23.240182133315173
9,67,19.482609342023387
9,68,19.19884773231533
9,69,21.84602767855491
9,70,20.144126555859568
9,71,16.766742737218
9,72,18.741632547756264
9,73,20.037674054132033
9,74,17.053153882823583
9,75,14.702531013555463
9,76,12.624145962087756
9,77,11.576501061531483
9,78,11.058874110792614
9,79,11.196145172137532
9,80,13.498249941723143
9,81,14.508652241161727
9,82,16.933203324630668
9,83,19.913042227236783
9,84,21.68403157174723
9,85,21.671510037927128
9,86,23.148136499110965
9,87,21.391022500062427
9,88,17.65842430000923
9,89,15.433483777571945
9,90,11.661951941434324
9,91,9.772435989773111
9,92,6.179305771877575
9,93,5.5119705655512705
9,94,6.486251013971698
10,1,27.84764508622733
10,2,24.558286389630513
10,3,21.068051792622217
10,4,18.451325219928048
10,5,14.732158913430872
10,6,12.555682083954109
10,7,8.96433285103998
10,8,6.550482642447043
10,9,3.806254594665684
10,11,3.8081363779819934
10,12,6.065408008190145
10,13,9.842514111828873
10,14,23.6752779581564
10,15,21.375185933414716
10,16,22.546081096490834
10,17,19.323565082843686
10,18,18.69587689789264
10,19,15.91909322035472
10,20,13.487709237395931
10,21,10.296858173220153
10,22,9.489134796574543
10,23,5.996709189402506
10,24,5.555084078622118
10,25,5.005649405326148
10,26,8.36827778160885
10,27,10.898828713173401
10,28,14.421913886204507
10,29,16.75357140568403
10,30,14.995921033630998
10,31,13.529408782063907
10,32,10.421631374125376
10,33,10.11110266754001
10,34,9.525502093753847
10,35,9.237602315929863
10,36,10.572348102075056
10,37,9.746344633281462
10,38,12.366197169028117
10,39,11.897344021883868
10,40,13.994657427565842
10,41,11.805333115732253
10,42,8.946606407377459
10,43,9.79837192052375
10,44,9.21917502896664
10,45,10.148183577643465
10,46,8.473831401349733
10,47,5.869925450448611
10,48,5.186054947911891
10,49,6.229380162838494
10,50,7.565949007349025
10,51,11.324691133068502
10,52,13.652101228499127
10,53,13.04108878334049
10,54,15.126112291033001
10,55,17.918021836468686
10,56,21.42359533107957
10,57,23.539092426017035
10,58,26.89385084247032
10,59,29.349949772735517
10,60,30.55474836087749
10,61,33.18095838956982
10,62,31.134879573157022
10,63,27.341219768273955
10,64,25.264718146509544
10,65,26.276344676942475
10,66,26.926569887719246
10,67,23.14807865334402
10,68,22.985056068100143
10,69,25.57085830725667
10,70,23.719340115988032
10,71,20.40900042648014
10,72,22.32386115543518
10,73,23.39802479518882
10,74,20.20113860152764
10,75,17.88446665890355
10,76,16.178284073963237
10,77,15.223951546312321
10,78,14.81285105239525
10,79,14.771862727062784
10,80,17.097378394753687
10,81,17.754667102485175
10,82,20.016769323481643
10,83,22.683701393576616
10,84,24.257316211051474
10,85,23.8853855994192
10,86,25.467848395247973
10,87,24.136894769515976
10,88,20.482584446172204
10,89,18.672929817510397
10,90,14.89037148908073
10,91,13.429319131026
10,92,9.926385096641441
10,93,9.107979975297724
10,94,9.752444785286961
11,1,31.39694054056008
11,2,28.03738995320822
11,3,24.632072861329913
11,4,21.99493950709106
11,5,18.310264625286347
11,6,16.108351124312087
11,7,12.581409604071121
11,8,10.065174395704101
11,9,6.882361763948531
11,10,3.8081363779819934
11,12,3.766608901251958
11,13,7.106119710261408
11,14,21.664430270605713
11,15,19.492559866619185
11,16,21.22537057409723
11,17,18.26279203235162
11,18,18.195243358539624
11,19,15.820098819737527
11,20,13.278613224745232
11,21,9.61476387064548
11,22,8.1751177532263
11,23,5.064662436660599
11,24,4.713328321443766
11,25,6.132961740006049
11,26,9.661291656274184
11,27,13.000694758448443
11,28,16.09533065990228
11,29,18.904284548897397
11,30,15.449841476293848
11,31,13.703197635530243
11,32,10.073854200559667
11,33,10.094291900076229
11,34,9.063937860690126
11,35,9.733009919313236
11,36,10.763789900921939
11,37,10.7147637405559
11,38,13.485128964975734
11,39,12.734042349596908
11,40,15.548607781259927
11,41,14.066048283223338
11,42,11.158496199436222
11,43,11.756378471869448
11,44,10.146690432023345
11,45,10.911066217755286
11,46,6.165930301132679
11,47,5.279958524044239
11,48,6.6844323870415385
11,49,9.230749411633893
11,50,10.911127724804203
11,51,14.4827536562215
11,52,17.17418267051783
11,53,16.80457900713001
11,54,18.930030895899957
11,55,21.698092917682015
11,56,25.206839594023922
11,57,27.2343048838602
11,58,30.518467323244664
11,59,32.940864222189404
11,60,33.98042294861513
11,61,36.48161529789233
11,62,34.25816659906082
11,63,30.52046249611024
11,64,28.189047395583206
11,65,29.10421751595893
11,66,30.04265424895876
11,67,26.308920323411858
11,68,25.798699706664646
11,69,28.478919042514583
11,70,26.881533974969035
11,71,23.4034453150754
11,72,24.995776411872622
11,73,26.289639821452745
11,74,23.180642462579392
11,75,20.510491998822694
11,76,18.930529818841116
11,77,17.481626667608776
11,78,17.099533215828462
11,79,16.68878800282366
11,80,19.369699486555046
11,81,19.959210002295762
11,82,22.491589626628866
11,83,25.03503395314935
11,84,26.863325860250768
11,85,26.660347357044
11,86,28.554936043272818
11,87,27.2489357278401
11,88,23.696215413667012
11,89,21.81492846549195
11,90,17.97894801325612
11,91,16.400813133470855
11,92,12.72866358312544
11,93,11.668781136584206
11,94,11.486543826886805
12,1,32.563544149107976
12,2,29.370476694619402
12,3,25.92616095122505
12,4,23.71208682231096
12,5,19.950361486076176
12,6,18.28680384617585
12,7,14.55179718314179
12,8,12.58087121890529
12,9,9.559564066073449
12,10,6.065408008190145
12,11,3.766608901251958
12,13,3.7789931371669336
12,14,17.99867842512872
12,15,15.897342182186776
12,16,17.539055504126715
12,17,14.544391270784903
12,18,14.720053844024306
12,19,12.434073684379603
12,20,10.106665657285067
12,21,6.367718700035345
12,22,5.736554794290663
12,23,4.263974332356477
12,24,6.496900247163613
12,25,9.027946033828655
12,26,12.798599549719668
12,27,15.946096534869836
12,28,18.983243476889783
12,29,21.50142422482114
12,30,18.752654798324933
12,31,16.564398523770812
12,32,12.85384605380941
12,33,12.00110361096127
12,34,9.775127088525938
12,35,9.585881995033812
12,36,9.233626464903141
12,37,8.83826024277515
12,38,11.107365292774553
12,39,10.01922326779731
12,40,13.294133291527567
12,41,12.570988556155509
12,42,9.945904993284337
12,43,10.824658877225163
12,44,9.254726951193549
12,45,11.056301436345024
12,46,5.5361585923119865
12,47,6.187640419645564
12,48,6.898360791287017
12,49,10.008634298489744
12,50,11.180093063257909
12,51,14.240245274898127
12,52,17.47138441802413
12,53,17.892197742968516
12,54,20.440928784984404
12,55,23.111884129106418
12,56,26.77042276081552
12,57,28.990027064753153
12,58,32.35179249889947
12,59,34.52984980826378
12,60,35.720560593715796
12,61,38.11581849900733
12,62,35.81455420160495
12,63,32.62879802717971
12,64,30.386972232739655
12,65,31.65647239608062
12,66,32.55681106473099
12,67,28.791156373683716
12,68,28.58243299529793
12,69,31.371582118562728
12,70,29.66431943408493
12,71,26.325849008190524
12,72,28.20566183251841
12,73,29.421267658686023
12,74,26.24462166039944
12,75,23.812861312643424
12,76,22.089070496876314
12,77,20.748049331556437
12,78,20.094990576339033
12,79,19.45306404383925
12,80,21.76352329671459
12,81,21.792665613310632
12,82,23.943117711190713
12,83,26.058485105324273
12,84,27.579975087729572
12,85,27.005381148778746
12,86,29.02409081114637
12,87,28.192084939595492
12,88,24.823977756150402
12,89,23.451844641450553
12,90,19.67749302514456
12,91,18.724295904056458
12,92,15.291622347916482
12,93,14.833467153374981
12,94,14.865220791677446
13,1,35.77971106939708
13,2,32.64460419025298
13,3,29.246268951417324
13,4,27.207722335694122
13,5,23.45669722012314
13,6,21.975488257314222
13,7,18.218901775616093
13,8,16.35783263468221
13,9,13.282444441737935
13,10,9.842514111828873
13,11,7.106119710261408
13,12,3.7789931371669336
13,14,14.693347842728858
13,15,12.827310212476812
13,16,14.924954270399923
13,17,12.282956039256375
13,18,13.204764988524499
13,19,11.554740727501677
13,20,9.590589231931851
13,21,6.193002209870517
13,22,5.905076516481167
13,23,6.652183018056336
13,24,9.247531883587946
13,25,12.362099734253018
13,26,16.054560058403045
13,27,19.35232062997017
13,28,22.145427727382714
13,29,24.722352059984285
13,30,21.547011355294025
13,31,19.11570433282421
13,32,15.334032837833721
13,33,14.33703059113725
13,34,11.608753235840203
13,35,11.546907659989818
13,36,10.339451428488609
13,37,10.326771905519847
13,38,12.046574716076556
13,39,10.721421768639571
13,40,14.353533824232759
13,41,14.50242031837362
13,42,12.269459666585975
13,43,13.046175186038367
13,44,11.184190148730444
13,45,13.139839848634875
13,46,6.474036242735175
13,47,8.823408371805925
13,48,9.932296752843659
13,49,13.30690586788318
13,50,14.370867405511282
13,51,17.01989849742752
13,52,20.494871162674162
13,53,21.29556981838935
13,54,23.983189395607045
13,55,26.593094290261373
13,56,30.29338871301077
13,57,32.54597364375414
13,58,35.899202436222794
13,59,37.94793331387479
13,60,39.12116197615356
13,61,41.3967936043689
13,62,38.977556038669164
13,63,36.08088924696449
13,64,33.762774329809844
13,65,35.13313535855563
13,66,36.15331191973127
13,67,32.40247872274909
13,68,32.15756408053915
13,69,35.03002428360742
13,70,33.39589886911633
13,71,30.039773175011806
13,72,31.88629883552749
13,73,33.167563940186405
13,74,30.00202300443904
13,75,27.510388243393557
13,76,25.791736089313467
13,77,24.294233266611826
13,78,23.5619761003092
13,79,22.689990659792134
13,80,24.9823399298207
13,81,24.754454295544946
13,82,26.837907683117578
13,83,28.66863592105508
13,84,30.1568224919646
13,85,29.503984861873803
13,86,31.71565560691715
13,87,31.123462965547954
13,88,27.921658161870454
13,89,26.741042021328894
13,90,23.00843627741985
13,91,22.24076034540001
13,92,18.85539622589057
13,93,18.49127058942221
13,94,18.310004674799057
14,1,45.502342509992836
14,2,42.9979327194546
14,3,39.738161296984835
14,4,38.71325848939762
14,5,35.11691025268932
14,6,34.58587930359986
14,7,30.85148560717228
14,8,29.711869417428503
14,9,27.12131422577326
14,10,23.6752779581564
14,11,21.664430270605713
14,12,17.99867842512872
14,13,14.693347842728858
14,15,3.8419234694663524
14,16,5.077737378733799
14,17,6.856696250036426
14,18,10.077068707662594
14,19,12.073614446606847
14,20,13.251086069963087
14,21,14.291226354872292
14,22,15.98739653173974
14,23,19.313217115244996
14,24,22.685935701247697
14,25,26.139814092260806
14,26,29.795255951388373
14,27,32.70073517043633
14,28,35.14770012046259
14,29,37.10990688206954
14,30,35.18671961761439
14,31,32.12636693560606
14,32,28.598516185992388
14,33,26.57631690108598
14,34,22.933292895062294
14,35,21.79072461748061
14,36,18.579247216337336
14,37,18.42333683694213
14,38,17.510715608761426
14,39,16.471135341480387
14,40,19.154623678946184
14,41,21.58472696556367
14,42,21.409739180099553
14,43,22.477479716730542
14,44,21.59617251777951
14,45,24.42344467734285
14,46,19.672066206196256
14,47,22.416280648452847
14,48,22.48497947853654
14,49,25.343571753638305
14,50,25.260390028094886
14,51,26.21574358130189
14,52,29.912012632293642
14,53,32.0789253343687
14,54,35.13003171276591
14,55,37.40489630686066
14,56,41.08568040253106
14,57,43.68923787951151
14,58,47.082814640799846
14,59,48.52479273964418
14,60,50.056472402033805
14,61,52.02690765851136
14,62,49.56462129167046
14,63,47.99076586599338
14,64,45.981126790719074
14,65,47.98954655232079
14,66,48.855180618240546
14,67,45.14001538536849
14,68,45.4814336087527
14,69,48.44794731234909
14,70,46.574599001991984
14,71,43.549248317873996
14,72,45.83359255439035
14,73,46.87275886362612
14,74,43.56873508450325
14,75,41.51916331977014
14,76,39.71507648907664
14,77,38.47879304600223
14,78,37.446751807410884
14,79,36.335031014582306
14,80,37.977573381079175
14,81,36.83755684553828
14,82,38.02681167222319
14,83,38.782309706196344
14,84,39.40055135111078
14,85,37.87942695233127
14,86,40.13200816305477
14,87,40.7780620299524
14,88,38.27173112309195
14,89,38.23663049068207
14,90,34.931110616317234
14,91,35.19964732974212
14,92,32.327932911785176
14,93,32.58671332039076
14,94,32.70879485548026
15,1,43.93588168333276
15,2,41.4300508013669
15,3,38.018864740558385
15,4,36.85163974665158
15,5,33.192949387565356
15,6,32.43956171000062
15,7,28.71755472544088
15,8,27.327710123960305
15,9,24.978729853880893
15,10,21.375185933414716
15,11,19.492559866619185
15,12,15.897342182186776
15,13,12.827310212476812
15,14,3.8419234694663524
15,16,3.856027223684847
15,17,5.500727720951572
15,18,7.6934443745800385
15,19,10.106148692846991
15,20,10.43047402546672
15,21,11.61394746790657
15,22,12.952198914507314
15,23,16.51077144227842
15,24,19.87445855385421
15,25,23.38979698127621
15,26,26.940974718555758
15,27,29.726783892914828
15,28,31.992715821034725
15,29,33.83601141959288
15,30,32.26382022523634
15,31,29.04616738653255
15,32,25.648052552234834
15,33,23.366885211911605
15,34,19.64237674483814
15,35,18.43119405255476
15,36,15.196101754286422
15,37,15.462173616889967
15,38,14.945993522432891
15,39,14.582263607006922
15,40,17.547245819670042
15,41,19.495709115752277
15,42,19.531313350571512
15,43,21.141866592738747
15,44,20.563713537085295
15,45,23.579410420256007
15,46,18.545605153994842
15,47,20.983230750036114
15,48,20.85655254296251
15,49,23.53238053320771
15,50,23.12759629110233
15,51,24.311300520049954
15,52,27.90773174457295
15,53,29.87198574167527
15,54,32.699233307920885
15,55,35.21535914731392
15,56,38.826988553978
15,57,41.60129577671274
15,58,45.10916377939069
15,59,46.762100975672574
15,60,48.45855540287896
15,61,50.65272974531266
15,62,48.37393679049567
15,63,46.41037356704962
15,64,44.52982571190189
15,65,46.38299804456756
15,66,47.037411635288436
15,67,43.27775929786778
15,68,43.665375937586674
15,69,46.45277853319118
15,70,44.39703620385117
15,71,41.398187880773264
15,72,43.61632026720401
15,73,44.430456463817606
15,74,41.00730172140225
15,75,39.03128956939651
15,76,37.47164133847749
15,77,36.47851272374058
15,78,35.66837041588067
15,79,34.83971279905876
15,80,36.61520315525488
15,81,35.77204329684217
15,82,37.060866175502255
15,83,38.11683114469701
15,84,38.72869601143366
15,85,37.14771770097581
15,86,39.16416230889593
15,87,39.66941083143849
15,88,36.93958958889957
15,89,36.77172028944107
15,90,33.387948435884915
15,91,33.453880603481394
15,92,30.480172216075104
15,93,30.444614389762112
15,94,30.732267839688372
16,1,42.93738496112678
16,2,40.687040031823564
16,3,37.34981529462362
16,4,36.55420343250797
16,5,33.02166487341186
16,6,32.659964455147055
16,7,29.039340490266575
16,8,28.056221636077595
16,9,25.987777447157274
16,10,22.546081096490834
16,11,21.22537057409723
16,12,17.539055504126715
16,13,14.924954270399923
16,14,5.077737378733799
16,15,3.856027223684847
16,17,3.8628977466581786
16,18,5.726434517462305
16,19,8.689785836291735
16,20,10.156028910421858
16,21,12.384577211192868
16,22,14.515378412329687
16,23,18.018219827739458
16,24,21.63626636710644
16,25,24.904815281510288
16,26,28.491909578775214
16,27,30.960588124967124
16,28,33.35697010311257
16,29,34.864026405002164
16,30,34.2256174865553
16,31,31.016317073765297
16,32,27.69088484102269
16,33,25.15508773936299
16,34,21.366900798706464
16,35,19.524146362021106
16,36,15.946344747397896
16,37,15.545905298219482
16,38,14.119982386914737
16,39,13.816028797911631
16,40,16.135787672336264
16,41,18.514317319706986
16,42,19.14556118264293
16,43,20.862038536584606
16,44,20.84471280486418
16,45,24.168783354391376
16,46,20.267146841470336
16,47,22.30222418428186
16,48,21.56446562567461
16,49,23.84138189792947
16,50,23.030519195763496
16,51,23.620923878476972
16,52,27.126298963379536
16,53,29.47301838358279
16,54,32.39012027043635
16,55,34.690432241522785
16,56,38.236276470536026
16,57,41.077292258717755
16,58,44.555983567794165
16,59,45.98920733431539
16,60,47.83353750807987
16,61,49.95765786380228
16,62,47.76407993136944
16,63,46.21511995945706
16,64,44.55309811155553
16,65,46.63793053307803
16,66,47.131322481080694
16,67,43.4170319340315
16,68,44.12290292148689
16,69,46.893455712852955
16,70,44.710756993831595
16,71,41.924746004048394
16,72,44.39988918573942
16,73,45.086820049597215
16,74,41.66459562118705
16,75,39.97963848004846
16,76,38.30397397389641
16,77,37.53053093494657
16,78,36.585762432255706
16,79,35.78308635478134
16,80,37.21236500436243
16,81,36.11541457045005
16,82,37.019270408756704
16,83,37.809511537992464
16,84,38.04586472847397
16,85,36.141133678889204
16,86,38.0061486462195
16,87,38.869294309166705
16,88,36.351709464855006
16,89,36.58176557644344
16,90,33.415323409398944
16,91,33.87784657486371
16,92,31.1958560012222
16,93,31.49216534238219
16,94,32.049037149471324
17,1,39.28651705572206
17,2,36.96889728565143
17,3,33.661959999480246
17,4,32.86706299821828
17,5,29.349707984205885
17,6,29.094383496630982
17,7,25.480267714835673
17,8,24.705592879183573
17,9,22.608080140987603
17,10,19.323565082843686
17,11,18.26279203235162
17,12,14.544391270784903
17,13,12.282956039256375
17,14,6.856696250036426
17,15,5.500727720951572
17,16,3.8628977466581786
17,18,3.8419640417298067
17,19,5.31007621508724
17,20,7.312727445210004
17,21,9.400879914186246
17,22,12.183748634631295
17,23,15.351611374628021
17,24,19.09530623931202
17,25,22.13291701719419
17,26,25.81447631978969
17,27,28.234688444845368
17,28,30.896827685041
17,29,32.424879135661904
17,30,31.880537129570996
17,31,28.877281166451343
17,32,25.467220711104517
17,33,23.070512060292284
17,34,19.386006221340168
17,35,17.3356275953405
17,36,13.77634030840005
17,37,12.702676977485343
17,38,11.031826374415266
17,39,10.164829540197863
17,40,12.584883899312132
17,41,15.05812370366758
17,42,15.454440926906607
17,43,17.024734761346085
17,44,17.059852750780273
17,45,20.456738611818075
17,46,17.13410044258063
17,47,18.904677094306912
17,48,17.942988093315215
17,49,20.16145877723353
17,50,19.449680106242994
17,51,19.991692288993228
17,52,23.574787201856577
17,53,25.958547962960683
17,54,29.00959540498122
17,55,31.190609193917098
17,56,34.79513886725291
17,57,37.52488590694099
17,58,40.955088873556555
17,59,42.34796508878066
17,60,44.107267873590835
17,61,46.18929764964546
17,62,43.94944774482415
17,63,42.438721153324224
17,64,40.74930513383563
17,65,42.88400910833786
17,66,43.42516357134419
17,67,39.72787604905801
17,68,40.4529199859324
17,69,43.28253040377551
17,70,41.1650725264985
17,71,38.39491528922912
17,72,40.95289280469659
17,73,41.73449407722316
17,74,38.3928347522965
17,75,36.73239356900353
17,76,34.887876417530784
17,77,34.08009625173599
17,78,33.02106463136613
17,79,32.16802208265777
17,80,33.47754810672531
17,81,32.30782766982403
17,82,33.16373106129107
17,83,33.95418467585109
17,84,34.213572396417185
17,85,32.362174300083524
17,86,34.27801007907019
17,87,35.06898136765616
17,88,32.54772136686458
17,89,32.775170923027936
17,90,29.62938219588741
17,91,30.186932306640966
17,92,27.601276465689168
17,93,28.108906043888197
17,94,28.710880821899377
18,1,37.830574783251684
18,2,35.68614993776344
18,3,32.27278978516284
18,4,31.554282805832404
18,5,28.07866511204137
18,6,27.814374267105258
18,7,24.332306084788577
18,8,23.537414591849892
18,9,21.960841047731854
18,10,18.69587689789264
18,11,18.195243358539624
18,12,14.720053844024306
18,13,13.204764988524499
18,14,10.077068707662594
18,15,7.6934443745800385
18,16,5.726434517462305
18,17,3.8419640417298067
18,19,3.837851289488166
18,20,5.350979912793104
18,21,8.628700993774554
18,22,11.351342304533242
18,23,14.528251868053452
18,24,18.261873412135856
18,25,21.105390032403864
18,26,24.601198587672
18,27,26.635155329332463
18,28,29.13393751247224
18,29,30.289951806632306
18,30,30.735783855117127
18,31,27.605988877971683
18,32,24.45768580348518
18,33,21.657077918990893
18,34,17.9450370602578
18,35,15.393303417708006
18,36,11.644281437015259
18,37,10.55911507279084
18,38,8.639287127095633
18,39,9.033679483928905
18,40,11.173192587444111
18,41,13.193683151995229
18,42,14.379852672320952
18,43,16.692506155355545
18,44,17.47162874796031
18,45,21.112373406673
18,46,18.255909997624627
18,47,19.393975423950955
18,48,17.87667214952071
18,49,19.5222421800134
18,50,18.127915791718376
18,51,18.51970107683907
18,52,21.850441372768035
18,53,24.220695264384926
18,54,27.028129444313976
18,55,29.34671461150719
18,56,32.804620938581266
18,57,35.769275488180796
18,58,39.299074032247944
18,59,40.79224224827942
18,60,42.82171921576173
18,61,45.10126227488297
18,62,43.12737848972083
18,63,41.4402779907198
18,64,40.03460284996788
18,65,42.116996096928105
18,66,42.327033245330206
18,67,38.630606712369406
18,68,39.58970855476963
18,69,42.19079577057504
18,70,39.80586676215152
18,71,37.21196611671174
18,72,39.8282041798176
18,73,40.27596574400479
18,74,36.81891388462068
18,75,35.431317346082636
18,76,33.81324439799269
18,77,33.417894589379365
18,78,32.541505609025634
18,79,32.02647011965332
18,80,33.26685996007921
18,81,32.292855891002844
18,82,33.02396236302483
18,83,33.976619511893055
18,84,34.00632911656627
18,85,31.916781666266097
18,86,33.44874198040161
18,87,34.293503615250955
18,88,31.67375371669973
18,89,31.992506530011294
18,90,28.93082488381793
18,91,29.49070573875186
18,92,27.007035963357648
18,93,27.369216667552323
18,94,28.30812340190544
