1,2,3.7908254102774817
1,3,6.826337888053503
1,4,9.66620997246705
1,5,13.304904248260048
1,6,16.316158403126735
1,7,19.766284336636406
1,8,22.791188137517235
1,9,25.647812262901727
1,10,29.380422415275103
1,11,31.23711678737615
1,12,34.15087410179074
1,13,37.51261065907964
1,14,39.188463695380335
1,15,42.09966218795191
1,16,45.598437890270326
1,17,44.96803828768835
1,18,41.17828341060725
1,19,41.445373696327
1,20,40.58119953896262
1,21,41.8259374444583
1,22,39.427117080671394
1,23,39.1489464176149
1,24,36.32101099163336
1,25,36.10481202245357
1,26,35.22250294183338
1,27,34.653458596147054
1,28,36.33713758309063
1,29,38.01808947086118
1,30,35.17829412374964
1,31,37.445183135690144
1,32,40.11057427837809
1,33,41.66262250422184
1,34,38.44100619078736
1,35,40.013616009861344
1,36,40.5043804485682
1,37,40.84204766500485
1,38,41.629154556557204
1,39,39.788633410426954
1,40,40.178690011579256
1,41,37.342460520092274
1,42,36.83068115361648
1,43,36.60539265948698
1,44,33.984109630799075
1,45,31.774172952260876
1,46,31.448566293031714
1,47,29.863922608074905
1,48,31.642820691161248
1,49,31.001497934369606
1,50,32.418467078718564
1,51,35.76279458189797
1,52,38.16281732258366
1,53,34.92750539305537
1,54,32.35059722539303
1,55,29.188832726549485
1,56,28.721987993779642
1,57,26.537280024815196
1,58,24.30890267781431
1,59,23.798596034489854
1,60,22.78134916669484
1,61,18.9791223294021
1,62,16.516655003315414
1,63,12.812587896063864
1,64,10.266227726070221
1,65,6.6655734366143164
1,66,6.149679477046971
1,67,5.332359721815355
1,68,7.32510083497978
1,69,9.872437015861399
1,70,12.371913712258392
1,71,11.319088964266205
1,72,10.980381710273518
1,73,14.48437809235531
1,74,15.932711683942724
1,75,14.697947530402292
1,76,16.277971986181814
1,77,19.32360886576609
1,78,19.823475799579096
1,79,19.467671618424898
1,80,21.98795186340199
1,81,24.393769155369203
1,82,24.329446362680184
1,83,25.751477587799172
1,84,27.86477380024699
1,85,25.70929062257808
1,86,26.895065979733655
1,87,27.081143987106167
1,88,25.77799509091115
1,89,22.250936010563716
1,90,21.169009830807042
1,91,17.791483032371595
1,92,16.825918557861808
1,93,14.61450642190641
1,94,15.028249781255315
1,95,14.721727208526309
1,96,11.98397928855443
1,97,14.620178624288688
1,98,16.71631129154038
1,99,20.31350174629436
1,100,22.913770933514265
1,101,26.544471328552145
1,102,28.881544608267667
1,103,32.69925791762133
2,1,3.7908254102774817
2,3,3.7986832877365635
2,4,6.590429329907715
2,5,10.122126258139783
2,6,13.37217098770923
2,7,16.59851115049268
2,8,19.86248702010432
2,9,22.471695796622768
2,10,26.23951357440185
2,11,27.991103136339323
2,12,30.76292252614371
2,13,34.120307492894
2,14,35.653959951907176
2,15,38.49915154219474
2,16,41.81947916491569
2,17,41.217605175272446
2,18,37.42963687020021
2,19,37.753945111081606
2,20,36.91991005828791
2,21,38.26753078173674
2,22,35.95844201471573
2,23,35.84686435275412
2,24,33.159728998852756
2,25,33.1932559755846
2,26,32.432926628705346
2,27,32.16920298937797
2,28,34.05237302961737
2,29,35.90858675426366
2,30,33.23998441438113
2,31,35.46101369207415
2,32,37.89110286401045
2,33,39.293244060393974
2,34,35.92955518119019
2,35,37.291390794875724
2,36,37.552324631390206
2,37,37.757031055444045
2,38,38.356055096679476
2,39,36.431399576083216
2,40,36.680427410694826
2,41,33.7545768933176
2,42,33.1516482018171
2,43,32.86080559854953
2,44,30.21525702071577
2,45,28.061128246334263
2,46,27.747196673246435
2,47,26.1499707971846
2,48,28.016757982112278
2,49,27.54565208420911
2,50,29.11759677301794
2,51,32.45147596617798
2,52,34.69162629664426
2,53,31.490003006459567
2,54,28.814410100494072
2,55,25.6652807153044
2,56,25.139559264370103
2,57,22.847517874783367
2,58,20.75398005236178
2,59,20.479074250232795
2,60,19.815430475965453
2,61,16.06060203472965
2,62,14.09652188730336
2,63,10.480283767405314
2,64,8.767208563953178
2,65,5.969444579647077
2,66,6.2736937470920875
2,67,7.0333506048827745
2,68,7.44457960389735
2,69,8.508975563634138
2,70,11.79571449535794
2,71,11.31373080059891
2,72,9.84278169192744
2,73,13.069712561447242
2,74,15.227345510696862
2,75,13.939385547534641
2,76,14.656460031425475
2,77,17.86354623806989
2,78,18.91546398419152
2,79,18.191095284489222
2,80,20.255439495199532
2,81,23.06009493260864
2,82,23.204412825744914
2,83,24.159739629628618
2,84,26.00522764189531
2,85,23.552101778606186
2,86,24.67608959948398
2,87,24.52898099945876
2,88,23.058401660297484
2,89,19.66224124880346
2,90,18.262171954329588
2,91,14.769316673159558
2,92,13.53311630176506
2,93,11.588672023652705
2,94,11.631303814262695
2,95,10.99935170834657
2,96,8.460126413794452
2,97,11.153682145515894
2,98,13.659805017684448
2,99,17.132709503966392
2,100,20.013215305068993
2,101,23.51746430915055
2,102,26.0567642870143
2,103,29.8630078253712
3,1,6.826337888053503
3,2,3.7986832877365635
3,4,3.83813071421694
3,5,6.832199032647376
3,6,10.279259383257036
3,7,13.395679379910378
3,8,16.631209233647727
3,9,19.350624946571735
3,10,23.070931999742573
3,11,25.107336895039445
3,12,27.855226299743308
3,13,31.338907095397634
3,14,32.898118453506655
3,15,35.879142001682084
3,16,39.34325591193599
3,17,38.540457266060606
3,18,34.74902154814281
3,19,34.84690112755968
3,20,34.02692391883853
3,21,35.22045185024955
3,22,32.89740144048727
3,23,32.715983100202315
3,24,29.997478847293316
3,25,29.967213079968282
3,26,29.00545133773087
3,27,28.71803569447783
3,28,30.508427379177547
3,29,32.440814005511506
3,30,29.90902783327161
3,31,32.269328510676075
3,32,34.604103007368046
3,33,36.119617579389185
3,34,32.73089802017556
3,35,33.97127014652002
3,36,34.31803982132722
3,37,34.397281625438524
3,38,35.028954836895835
3,39,33.06290665612338
3,40,33.41575873021491
3,41,30.621842138984167
3,42,30.20987385748443
3,43,30.187258062887793
3,44,27.682572173098055
3,45,25.24345568922956
3,46,25.036818808958323
3,47,23.803928289963586
3,48,25.885337838714115
3,49,25.552768010109222
3,50,27.487731171419423
3,51,30.58727851528068
3,52,32.42831272014848
3,53,29.071746615410095
3,54,26.24335928101946
3,55,22.888987466414356
3,56,22.129134590683517
3,57,19.99663158293516
3,58,17.56260226172716
3,59,17.04605599611027
3,60,16.154745475077497
3,61,12.397960395869994
3,62,10.462975111309639
3,63,6.8303482012265775
3,64,5.944089884513511
3,65,4.449213996397848
3,66,6.489310340871915
3,67,8.986076106958732
3,68,9.351687866217153
3,69,9.297134068515769
3,70,12.511302854117146
3,71,11.611456175611067
3,72,9.071191976462906
3,73,12.20870755346282
3,74,14.337577015147996
3,75,12.393191535912225
3,76,12.48032756975646
3,77,16.01571785121772
3,78,17.030809302371154
3,79,15.66909494401761
3,80,17.636638391840634
3,81,20.71871416186371
3,82,20.62088200953942
3,83,21.1760102725928
3,84,23.10389495072046
3,85,20.725459271934035
3,86,22.20178691117806
3,87,22.198150506158342
3,88,21.075328545687743
3,89,17.95750112782849
3,90,16.821976918041774
3,91,13.624630300482774
3,92,12.795328575758173
3,93,11.904047474292359
3,94,11.636563619073826
3,95,9.782013159786151
3,96,7.4678963309054724
3,97,9.017389011784818
3,98,11.490096424968915
3,99,14.652193872702792
3,100,17.4290206804212
3,101,20.85335865027909
3,102,23.190202413154246
3,103,26.947504888615185
4,1,9.66620997246705
4,2,6.590429329907715
4,3,3.83813071421694
4,5,3.8002230692412953
4,6,6.782452762928416
4,7,10.120551612821039
4,8,13.281876057785095
4,9,15.99264295986945
4,10,19.739226176377237
4,11,21.629268269301683
4,12,24.536007490481598
4,13,27.95421168309604
4,14,29.71210696800283
4,15,32.76608039230943
4,16,37.03062793985213
4,17,36.3808785094957
4,18,32.5968334230954
4,19,32.47325101051286
4,20,31.335621613193304
4,21,32.351244841162284
4,22,29.831742137528085
4,23,29.4834530593319
4,24,26.676051846281432
4,25,26.611881886882866
4,26,25.895079998386898
4,27,25.7170044355161
4,28,27.787205945354607
4,29,29.69656461569984
4,30,27.10444405799352
4,31,29.21560897980421
4,32,31.491816175298254
4,33,32.79866828134911
4,34,29.38668969269989
4,35,30.714371522949225
4,36,30.980691505200227
4,37,31.267055765038034
4,38,32.01985801452949
4,39,30.29189052298819
4,40,30.83390798929155
4,41,28.131722326808244
4,42,27.988526866736205
4,43,27.796608152973878
4,44,25.588128486867145
4,45,23.030006294575166
4,46,22.37664876574558
4,47,21.024809205108397
4,48,22.8327131881404
4,49,22.205112025999647
4,50,24.078120827994514
4,51,27.096660649871176
4,52,29.051218033579257
4,53,25.648268039201795
4,54,22.99827285297445
4,55,19.711407115954888
4,56,19.353835540465486
4,57,17.61482097800081
4,58,15.319960606677695
4,59,14.443402308994532
4,60,13.723868571345184
4,61,9.988833225054146
4,62,8.286178647358092
4,63,5.458252248379534
4,64,5.2207961641268
4,65,5.9534831160282575
4,66,7.008516125999492
4,67,9.991114406339996
4,68,9.270968075781083
4,69,7.761148855835699
4,70,10.767800403811737
4,71,10.254844944304681
4,72,6.916795102326644
4,73,9.294460614216076
4,74,11.83587119993396
4,75,10.151358524798345
4,76,9.393348148252407
4,77,12.798891756516884
4,78,14.350708694430756
4,79,13.02323847703623
4,80,14.452049529491307
4,81,17.674977244563536
4,82,18.009487242490504
4,83,18.39538509210825
4,84,19.927170375950308
4,85,17.28593659813952
4,86,18.533285575284168
4,87,18.387760835942434
4,88,17.245140903148474
4,89,14.166172344427828
4,90,13.195828117874845
4,91,10.265459164893528
4,92,10.142146436392496
4,93,10.182183444746212
4,94,10.542742805647983
4,95,8.154951042660302
4,96,5.345014933141339
4,97,5.749926198012853
4,98,7.713490433522135
4,99,10.96149211983488
4,100,13.66060653831414
4,101,17.150984731302426
4,102,19.54538044368956
4,103,23.335956159250472
5,1,13.304904248260048
5,2,10.122126258139783
5,3,6.832199032647376
5,4,3.8002230692412953
5,6,3.768578838021562
5,7,6.564079937596605
5,8,9.906189052303594
5,9,12.519289506860863
5,10,16.24093815106963
5,11,18.33530450684277
5,12,21.13395371189814
5,13,24.658333745389225
5,14,26.37057108876618
5,15,29.510887281618295
5,16,33.86886211342897
5,17,33.08010561113586
5,18,29.312846212699252
5,19,28.990558068019723
5,20,27.84580736132483
5,21,28.757629803113552
5,22,26.256525176144415
5,23,25.92654511668184
5,24,23.169538014959834
5,25,23.20711543628891
5,26,22.411093686736837
5,27,22.436444861781858
5,28,24.57784057043675
5,29,26.65391950995114
5,30,24.315163332111407
5,31,26.472322698953416
5,32,28.489612431666337
5,33,29.776173731575792
5,34,26.26569337229867
5,35,27.349471886775227
5,36,27.53822223948353
5,37,27.64682519850191
5,38,28.326201814698255
5,39,26.535956421658597
5,40,27.113375432822984
5,41,24.49537015150027
5,42,24.519386064053098
5,43,24.51748650592365
5,44,22.49277207555822
5,45,19.69553111408241
5,46,19.084027500131228
5,47,18.099179871913122
5,48,20.114595928610726
5,49,19.70857863064986
5,50,21.992421677114265
5,51,24.72252159466543
5,52,26.195435226896084
5,53,22.68520816680072
5,54,19.86001451214809
5,55,16.394943973420666
5,56,15.815332836942149
5,57,14.286524341586981
5,58,11.756308250222856
5,59,10.654929099141349
5,60,10.024777491952285
5,61,6.391315754067075
5,62,5.670404664863411
5,63,4.407464650913484
5,64,6.531070415416022
5,65,8.759511269391506
5,66,10.355258116457247
5,67,13.62060204097555
5,68,12.788547285394785
5,69,10.673924765860061
5,70,13.291723769218542
5,71,12.845422186480919
5,72,9.114769319455576
5,73,10.486086409831776
5,74,12.965043548054462
5,75,11.031706885540348
5,76,9.06107080775285
5,77,12.383008528858221
5,78,14.160176406290038
5,79,12.117842025027684
5,80,12.872690549539318
5,81,16.472034892538357
5,82,16.749971492743402
5,83,16.386101202832748
5,84,17.695624358113918
5,85,14.95707255153553
5,86,16.455007885487664
5,87,16.20085303803601
5,88,15.346911710504395
5,89,12.852611715580501
5,90,12.044503919241334
5,91,9.777628968051738
5,92,10.060401805652864
5,93,11.361272390791937
5,94,11.262856387671292
5,95,7.938353104374877
5,96,6.466165747560486
5,97,4.521593813498324
5,98,6.12877703397865
5,99,8.391479805042081
5,100,11.065948808462025
5,101,14.273350231811255
5,102,16.572396129457484
5,103,20.27313378589388
6,1,16.316158403126735
6,2,13.37217098770923
6,3,10.279259383257036
6,4,6.782452762928416
6,5,3.768578838021562
6,7,3.7913005634337615
6,8,6.518453868902699
6,9,9.43811609152902
6,10,13.105905989698833
6,11,15.238342879461566
6,12,18.331565350278467
6,13,21.808803385282413
6,14,23.877940454554157
6,15,27.19068220251161
6,16,32.64817865096718
6,17,31.949247947133667
6,18,28.25634105235227
6,19,27.528529591015115
6,20,25.988162268276078
6,21,26.51565063965508
6,22,23.717546081105887
6,23,23.01878830863011
6,24,20.04120618490491
6,25,19.836001903055443
6,26,19.20291574909945
6,27,19.199557910172786
6,28,21.57569302805173
6,29,23.564402574508765
6,30,21.14022165006763
6,31,23.05072695785267
6,32,25.052812912322604
6,33,26.199106361827862
6,34,22.70756790644008
6,35,23.95961613542923
6,36,24.215231413787553
6,37,24.61514173053223
6,38,25.584757048635193
6,39,24.159616978652156
6,40,25.122863641353817
6,41,22.796333929646746
6,42,23.324919134213875
6,43,23.27833157968568
6,44,21.777247899730945
6,45,18.762923507211866
6,46,17.618616642331432
6,47,16.734605364316348
6,48,18.35825509233301
6,49,17.534872176210076
6,50,19.795083249737235
6,51,22.225172658873664
6,52,23.689635152722992
6,53,20.055466799146892
6,54,17.50772086443569
6,55,14.095468063896073
6,56,14.051622580242263
6,57,13.406717799840383
6,58,11.002700579700681
6,59,8.988985311929472
6,60,8.251216386461566
6,61,5.224684813287453
6,62,5.097753329939887
6,63,6.208353168138484
6,64,8.250793785133249
6,65,11.273457579214377
6,66,12.306423034308292
6,67,15.624966473456476
6,68,14.469935925356019
6,69,11.801436224485707
6,70,13.584270393023854
6,71,13.218716229232243
6,72,9.471846463385434
6,73,9.586145078488757
6,74,11.792620823776032
6,75,10.121625102618838
6,76,7.11022239693109
6,77,9.852648062828692
6,78,11.983895937112615
6,79,9.846867311292655
6,80,9.723584498203195
6,81,13.437993909900673
6,82,14.078837271644748
6,83,13.394642412465908
6,84,14.247372699977513
6,85,11.308718999946345
6,86,12.753773562207455
6,87,12.582367401406342
6,88,12.128004457478408
6,89,10.018617333419856
6,90,10.012579151626252
6,91,8.903814741163092
6,92,10.457931012362335
6,93,12.700969666935437
6,94,13.215131268617242
6,95,9.95297036905876
6,96,8.600092637314642
6,97,5.368555079523382
6,98,4.371636403885936
6,99,5.635153748792437
6,100,7.556740868994258
6,101,10.858605452266522
6,102,12.932353271886713
6,103,16.672030474715722
7,1,19.766284336636406
7,2,16.59851115049268
7,3,13.395679379910378
7,4,10.120551612821039
7,5,6.564079937596605
7,6,3.7913005634337615
7,8,3.79313967545818
7,9,5.965072446851082
7,10,9.67760908912111
7,11,11.924343790795048
7,12,14.795613923404336
7,13,18.37645954715
7,14,20.317141289114396
7,15,23.671215438533505
7,16,29.17257449640498
7,17,28.401659226561513
7,18,24.753962016748225
7,19,23.853395105199706
7,20,22.274097877069117
7,21,22.751232345853754
7,22,20.000284606137843
7,23,19.430325187993446
7,24,16.60848011002057
7,25,16.752164894864002
7,26,16.219039830103274
7,27,16.756099522318063
7,28,19.374936278118746
7,29,21.60890959268272
7,30,19.63053890205025
7,31,21.44129917165691
7,32,22.95752889353893
7,33,23.912040399683182
7,34,20.258972917249473
7,35,21.08554603320649
7,36,21.041856618551254
7,37,21.18447314983649
7,38,21.939074600084012
7,39,20.42280346365328
7,40,21.341573363420505
7,41,19.04911591329216
7,42,19.73584196183793
7,43,19.78816385095008
7,44,18.55270250159482
7,45,15.372823205054544
7,46,14.158828420351174
7,47,13.687329272007588
7,48,15.483177510229066
7,49,14.99565502509711
7,50,17.717178236037572
7,51,19.77171669861001
7,52,20.63209257522376
7,53,16.941206604319717
7,54,14.179247372675077
7,55,10.605368514390427
7,56,10.391646950616693
7,57,10.204410219109343
7,58,7.880398907168625
7,59,5.533937426264655
7,60,5.736056767788226
7,61,4.396333176325322
7,62,6.684536124882264
7,63,8.960620512940858
7,64,11.705125333829946
7,65,14.796965190270553
7,66,16.065232291985055
7,67,19.366233643894393
7,68,18.06309215693845
7,69,15.171939597718547
7,70,16.91604178345522
7,71,16.831260102720393
7,72,13.142612723747963
7,73,12.721768671698397
7,74,14.872359164725307
7,75,13.388763678315765
7,76,9.979650709385735
7,77,11.956436108106663
7,78,14.23257209038151
7,79,11.80778776508937
7,80,10.66971736451719
7,81,14.402398683034694
7,82,15.11662488214386
7,83,13.501139752507093
7,84,13.724824751160202
7,85,10.668552807026849
7,86,12.086142861012133
7,87,11.427384018191084
7,88,11.185575639694807
7,89,10.205124857949668
7,90,10.147131935123113
7,91,9.967007079909283
7,92,11.46692702114353
7,93,14.406044637041969
7,94,14.449333901717148
7,95,10.99878579707838
7,96,10.851032560340126
7,97,7.138070859118332
7,98,5.994667025803092
7,99,4.565190030495852
7,100,6.0964576682764084
7,101,8.404518774744393
7,102,10.501971625556827
7,103,14.021028617004994
8,1,22.791188137517235
8,2,19.86248702010432
8,3,16.631209233647727
8,4,13.281876057785095
8,5,9.906189052303594
8,6,6.518453868902699
8,7,3.79313967545818
8,9,3.779225984300255
8,10,6.899347115743331
8,11,9.661967600262026
8,12,12.85455051961084
8,13,16.37690160901635
8,14,18.77491803724504
8,15,22.362961119584394
8,16,28.99686699043098
8,17,28.188509402854802
8,18,24.726833972982163
8,19,23.265062199995377
8,20,21.31881111756915
8,21,21.177513070929646
8,22,18.093042783094788
8,23,16.92381525764855
8,24,13.739477370566144
8,25,13.34987548430731
8,26,12.759279433885602
8,27,13.141943782738194
8,28,15.938961842708668
8,29,18.082202883263008
8,30,16.10161707363281
8,31,17.732377804236307
8,32,19.19786538388615
8,33,20.137733411948243
8,34,16.5113748922439
8,35,17.5063901398397
8,36,17.727692486146328
8,37,18.173116152966994
8,38,19.403551267389208
8,39,18.35958620175905
8,40,19.877815620258982
8,41,18.162190010356493
8,42,19.569270219592763
8,43,19.809761712698485
8,44,19.281351871279856
8,45,15.899433582933787
8,46,14.31418227679347
8,47,14.330549554694652
8,48,15.660813442188633
8,49,14.816772255228084
8,50,17.502950828045133
8,51,18.927272672304767
8,52,19.47174233473627
8,53,15.670757878883357
8,54,13.337290445513812
8,55,9.98289146366945
8,56,10.276892099768835
8,57,11.42572710585998
8,58,9.35311955802506
8,59,6.032692152333937
8,60,5.590656109106246
8,61,6.176273256824557
8,62,8.22907780040103
8,63,11.385937522317624
8,64,13.911019280865895
8,65,17.358950012878843
8,66,18.465207700746525
8,67,21.833819744463742
8,68,20.589644419342036
8,69,17.643400204704605
8,70,18.743934203458693
8,71,18.4617870499534
8,72,15.00392549215382
8,73,13.991371286460453
8,74,15.458337475415254
8,75,14.07622330232941
8,76,10.432793212605214
8,77,11.487616367649215
8,78,13.520597451400631
8,79,11.004480202670457
8,80,8.929129151307796
8,81,12.369707682262316
8,82,13.14783326275978
8,83,10.908418855750133
8,84,10.544601596437255
8,85,7.6185280961932405
8,86,9.337117947600156
8,87,9.135809784601198
8,88,10.04328302197065
8,89,10.111210685789095
8,90,11.194298115015757
8,91,12.163654635089417
8,92,14.363763375787538
8,93,17.543751752482578
8,94,17.933953707085145
8,95,14.63560060091158
8,96,14.316085765569271
8,97,10.570399068117858
8,98,8.421073407364329
8,99,6.033959638760243
8,100,4.964608976904022
8,101,6.327798526426587
8,102,7.269231932862667
8,103,10.679024001587452
9,1,25.647812262901727
9,2,22.471695796622768
9,3,19.350624946571735
9,4,15.99264295986945
9,5,12.519289506860863
9,6,9.43811609152902
9,7,5.965072446851082
9,8,3.779225984300255
9,10,3.7879054352784145
9,11,6.169887060027644
9,12,9.153882207288126
9,13,12.734882948985717
9,14,15.012699782011786
9,15,18.586051272879278
9,16,25.47327391109426
9,17,24.810191976495968
9,18,21.43232002241944
9,19,19.873718137897693
9,20,17.7195394556497
9,21,17.603229324832135
9,22,14.508858805595818
9,23,13.585601120933838
9,24,10.68997289058214
9,25,11.132041922819043
9,26,11.252534805125922
9,27,12.715931052943587
9,28,15.950645573952857
9,29,18.263621662810515
9,30,16.870788057073714
9,31,18.03690316420129
9,32,18.78942663397024
9,33,19.172062602111012
9,34,15.391862034854475
9,35,15.803933030899335
9,36,15.299089214638169
9,37,15.534143777931678
9,38,16.360913043203066
9,39,15.321250873468548
9,40,16.686396936824835
9,41,14.91795873662604
9,42,16.452588424286006
9,43,16.468158594489427
9,44,16.338794552895013
9,45,13.069362199847177
9,46,11.045742921028936
9,47,11.280568951099292
9,48,12.443162200820648
9,49,11.846549050030426
9,50,14.854719210476718
9,51,15.884328060616621
9,52,15.911289751589003
9,53,12.116034009836651
9,54,9.683988321540124
9,55,6.416500374486724
9,56,7.203745603830096
9,57,9.250815750839045
9,58,8.248764373240732
9,59,5.664847085492685
9,60,7.143218959244244
9,61,8.841998898274912
9,62,11.632547707656386
9,63,14.623621557641654
9,64,17.330764755960317
9,65,20.61147729790321
9,66,21.664460749206167
9,67,24.887270533178572
9,68,23.30913592908509
9,69,20.102127422475128
9,70,21.296529746883497
9,71,21.49706180807772
9,72,18.07099659578947
9,73,16.720526445367586
9,74,18.49416121401455
9,75,17.52875635841806
9,76,13.806609705586053
9,77,14.402948153912988
9,78,16.77158082344249
9,79,14.54710865299766
9,80,12.006733271366695
9,81,15.078253507848244
9,82,16.20521181629149
9,83,13.63787142971709
9,84,12.445865122179091
9,85,9.538096766135807
9,86,10.325395882532591
9,87,9.039285126621415
9,88,9.632075129565106
9,89,10.794797541784229
9,90,11.429819135684433
9,91,12.99527152384269
9,92,14.968690466950743
9,93,18.51430656902424
9,94,18.65781615505947
9,95,15.548014844656251
9,96,15.98537741372432
9,97,12.20761389324521
9,98,10.243699320640932
9,99,6.8217864544992945
9,100,5.6089797000446815
9,101,4.601157885281951
9,102,5.9014649599592435
9,103,8.721785357463405
10,1,29.380422415275103
10,2,26.23951357440185
10,3,23.070931999742573
10,4,19.739226176377237
10,5,16.24093815106963
10,6,13.105905989698833
10,7,9.67760908912111
10,8,6.899347115743331
10,9,3.7879054352784145
10,11,3.821582800328142
10,12,6.4687272470940185
10,13,9.926946192311792
10,14,12.487815125845344
10,15,16.224120074442876
10,16,23.996436474578065
10,17,23.29203348866281
10,18,20.2252012743454
10,19,18.098897110200056
10,20,15.60666492866881
10,21,14.828542566567352
10,22,11.471057872514539
10,23,10.037095753751352
10,24,6.944428530990513
10,25,7.52234819772843
10,26,8.082109090876939
10,27,10.316958159447402
10,28,13.809099003698657
10,29,16.123094489100367
10,30,15.307640571266948
10,31,16.046358640041124
10,32,16.14682421156484
10,33,16.187310946510575
10,34,12.386213049258874
10,35,12.339755309147778
10,36,11.560054819840389
10,37,11.803780311313922
10,38,12.820842315418112
10,39,12.252265245510214
10,40,14.143650079332218
10,41,13.071650973954378
10,42,15.353689568625535
10,43,15.568249968514722
10,44,16.29684642951084
10,45,13.09754415265765
10,46,10.885270426951276
10,47,11.878777478228194
10,48,12.574540133199587
10,49,12.058381372640191
10,50,15.04827919137492
10,51,15.127986012168547
10,52,14.261527892436835
10,53,10.59157273141858
10,54,8.717861264273042
10,55,6.4082827812269825
10,56,7.524720331611947
10,57,10.734889431711064
10,58,10.353597920511032
10,59,8.058335219314353
10,60,9.41302996321879
10,61,11.971360153724643
10,62,14.77867748837996
10,63,18.045113304101015
10,64,20.78080079246819
10,65,24.180101460539202
10,66,25.247777044842163
10,67,28.498367934425772
10,68,26.927348514564063
10,69,23.68388140161167
10,70,24.63629079021755
10,71,24.812380599724314
10,72,21.507953540723104
10,73,19.91860270428577
10,74,21.376969194868067
10,75,20.504805352178014
10,76,16.794260111786397
10,77,16.87462891948128
10,78,19.01196816225797
10,79,16.841009525274576
10,80,13.89884143688764
10,81,16.392348528296466
10,82,17.490086642257218
10,83,14.46206791377766
10,84,12.622357193391457
10,85,10.386581131701263
10,86,10.935014436979182
10,87,9.73187617838173
10,88,11.049879007092608
10,89,13.186541191704737
10,90,14.193439263192065
10,91,16.288717165945698
10,92,18.359908012863034
10,93,22.01211529859098
10,94,22.15045630392287
10,95,19.13713512965586
10,96,19.72570321240499
10,97,15.961366610627653
10,98,13.86660670833734
10,99,10.319042764536253
10,100,8.349515358988294
10,101,5.7382122242492715
10,102,5.052330206942559
10,103,6.157451744529396
11,1,31.23711678737615
11,2,27.991103136339323
11,3,25.107336895039445
11,4,21.629268269301683
11,5,18.33530450684277
11,6,15.238342879461566
11,7,11.924343790795048
11,8,9.661967600262026
11,9,6.169887060027644
11,10,3.821582800328142
11,12,3.7792335094495684
11,13,6.810653055072034
11,14,9.707838056904302
11,15,13.340845772652822
11,16,22.121545712084977
11,17,21.964711654996286
11,18,19.072305446791177
11,19,17.036666354940124
11,20,14.040942350745407
11,21,13.3300884614258
11,22,9.827494814935706
11,23,8.612957368947558
11,24,6.1624489324394025
11,25,7.915295941925841
11,26,9.995889358177482
11,27,12.761789423291146
11,28,16.461889291757444
11,29,18.539045279900492
11,30,17.854734635997545
11,31,17.885597029427718
11,32,17.595493907419037
11,33,16.807169521068932
11,34,13.178512390880064
11,35,12.953215490857302
11,36,11.197106006808465
11,37,11.783763379248354
11,38,12.373902406472558
11,39,12.300898910401122
11,40,13.886054907441807
11,41,12.744472524188781
11,42,14.92420805369382
11,43,14.324206770219757
11,44,15.495335631786306
11,45,12.942590818604026
11,46,9.892546325214287
11,47,10.326445095283797
11,48,9.97718936888305
11,49,9.063238927938485
11,50,11.832267384455635
11,51,11.452900432015873
11,52,10.580520490700179
11,53,6.915975132590345
11,54,5.858582797409971
11,55,5.176135095092395
11,56,7.905445945050746
11,57,11.302402518521303
11,58,12.124219987272575
11,59,10.744325911749153
11,60,12.78911723411139
11,61,14.970416309426524
11,62,17.770879435366073
11,63,20.741689477358257
11,64,23.289177729982754
11,65,26.506171312803104
11,66,27.219469542738164
11,67,30.21010132421071
11,68,28.227076501411997
11,69,24.74359836450427
11,70,25.58201042998093
11,71,26.27459066410177
11,72,23.139530729990017
11,73,21.119263179438352
11,74,22.837568772488133
11,75,22.53696765824872
11,76,18.79435438111588
11,77,18.42906800960433
11,78,21.004902857585698
11,79,19.357540823548906
11,80,16.13828213824253
11,81,18.357433275026168
11,82,20.04383091282536
11,83,17.29261320497097
11,84,14.916835561662692
11,85,12.435267764726152
11,86,11.81790555577803
11,87,9.58015243473117
11,88,10.204976846833567
11,89,13.02648750084772
11,90,13.736606227254228
11,91,16.349270585823703
11,92,18.40259011621254
11,93,22.193944796469964
11,94,22.484306792160293
11,95,19.922117721815674
11,96,20.752435351787607
11,97,17.146655043419095
11,98,14.947924823248421
11,99,11.18540853889752
11,100,9.256168991113983
11,101,5.677254944109458
11,102,5.741896380902885
11,103,5.795588742179341
12,1,34.15087410179074
12,2,30.76292252614371
12,3,27.855226299743308
12,4,24.536007490481598
12,5,21.13395371189814
12,6,18.331565350278467
12,7,14.795613923404336
12,8,12.85455051961084
12,9,9.153882207288126
12,10,6.4687272470940185
12,11,3.7792335094495684
12,13,3.7648885380557706
12,14,6.079985306414209
12,15,9.80445681547188
12,16,18.702623515975752
12,17,18.57728765254722
12,18,15.948784360194166
12,19,13.678988341091095
12,20,10.458783572878392
12,21,9.650161177435779
12,22,6.231926540308342
12,23,5.882317896567554
12,24,5.164489836953234
12,25,8.466620844268384
12,26,10.809415576764387
12,27,14.244916953410158
12,28,17.720326643417156
12,29,19.887738649430464
12,30,19.879705110550912
12,31,19.78709660174479
12,32,18.80464096424592
12,33,17.692874176872667
12,34,14.293918251481703
12,35,13.100534525097443
12,36,10.461083882780251
12,37,10.22786534442681
12,38,9.787430314373355
12,39,9.629271588061844
12,40,10.808877731579063
12,41,9.868102641978787
12,42,12.267326269520044
12,43,11.58763304478661
12,44,13.499707326640026
12,45,11.40505816069377
12,46,8.40880055333476
12,47,9.655111527066838
12,48,9.214423776706873
12,49,9.35596295389627
12,50,12.275728943654705
12,51,11.087105393946775
12,52,8.544725061044183
12,53,5.49743741125389
12,54,4.637320486457803
12,55,5.680198524450156
12,56,7.820252610105836
12,57,11.466345322750097
12,58,13.04811675978917
12,59,12.481406569742113
12,60,14.960991738189431
12,61,17.527109620157937
12,62,20.670731066808898
12,63,23.618637909854833
12,64,26.412337389384472
12,65,29.562995361869753
12,66,30.463842506540576
12,67,33.46226911932693
12,68,31.448545510607318
12,69,27.950184046820343
12,70,28.997980983059538
12,71,29.798918179228345
12,72,26.583031354315867
12,73,24.674716989888264
12,74,26.534492853166064
12,75,26.168851952107822
12,76,22.415974735097542
12,77,22.186937283703642
12,78,24.741327444030777
12,79,22.96136208182995
12,80,19.809403961625687
12,81,22.01544580547354
12,82,23.54692120074949
12,83,20.592029839420082
12,84,18.234182390079862
12,85,16.031765628350385
12,86,15.480791898759183
12,87,13.212269469542035
12,88,13.586751616237384
12,89,16.458564783262673
12,90,16.724531651713864
12,91,19.19346294026869
12,92,20.79731810731359
12,93,24.577366770382667
12,94,24.480950573635365
12,95,22.015530381572404
12,96,23.34726337726095
12,97,19.84978976291663
12,98,18.074663243462332
12,99,14.296845751951043
12,100,12.848328892920973
12,101,9.354960025029046
12,102,9.35401455662663
12,103,8.360730067244557
13,1,37.51261065907964
13,2,34.120307492894
13,3,31.338907095397634
13,4,27.95421168309604
13,5,24.658333745389225
13,6,21.808803385282413
13,7,18.37645954715
13,8,16.37690160901635
13,9,12.734882948985717
13,10,9.926946192311792
13,11,6.810653055072034
13,12,3.7648885380557706
13,14,3.779004756891569
13,15,7.161048761507457
13,16,17.678049136741663
13,17,18.052465084152207
13,18,16.024378648476073
13,19,13.597224428474261
13,20,9.915945701870688
13,21,8.578457851306032
13,22,5.395298592998456
13,23,5.18446039601526
13,24,6.2283336437564065
13,25,9.652632632775342
13,26,12.687807853895473
13,27,16.256007126268898
13,28,19.666181356036308
13,29,21.552263857260076
13,30,21.83285374996201
13,31,21.167081971782196
13,32,19.70604124828147
13,33,17.92677250646931
13,34,15.004333273654012
13,35,13.514158567516091
13,36,10.173303491356647
13,37,10.205047013636793
13,38,9.402917398605144
13,39,10.231141324213228
13,40,11.292448835297696
13,41,11.041642713744835
13,42,13.485627166131707
13,43,12.346902393934403
13,44,14.94897792339242
13,45,13.643359979651821
13,46,10.600029596074453
13,47,11.599346046061942
13,48,10.181694487569418
13,49,10.148361982160488
13,50,12.260709856442089
13,51,9.95599362893877
13,52,6.333956026580734
13,53,4.8448808283225455
13,54,6.3029784165802845
13,55,8.857243954166751
13,56,11.150851404945666
13,57,14.602043917420756
13,58,16.587127719430132
13,59,16.231994134975263
13,60,18.707176619583628
13,61,21.257193107505085
13,62,24.33283032114057
13,63,27.260458977040145
13,64,29.94608375694448
13,65,33.06863296856602
13,66,33.7865803572071
13,67,36.66351389645818
13,68,34.470200310210394
13,69,30.877010465477312
13,70,31.74125017521158
13,71,32.75319425077361
13,72,29.691898815811072
13,73,27.51807589479662
13,74,29.336837670679348
13,75,29.264804109068987
13,76,25.533307329326334
13,77,24.945000289920912
13,78,27.56570365330443
13,79,26.0594684248772
13,80,22.712614476056988
13,81,24.56793044897251
13,82,26.327846240852306
13,83,23.422584946616468
13,84,20.70768676131713
13,85,18.697592193251463
13,86,17.656966231544445
13,87,15.225393806796308
13,88,15.52366874619831
13,89,18.75225260640424
13,90,19.04848054868803
13,91,21.81240505627036
13,92,23.442022043705208
13,93,27.22091264974947
13,94,27.246725583472575
13,95,25.071708096333154
13,96,26.46197028936878
13,97,23.074201664365088
13,98,21.18561864225947
13,99,17.422600856165683
13,100,15.810308840942
13,101,12.128377806352642
13,102,11.860171333442343
13,103,9.972639115551404
14,1,39.188463695380335
14,2,35.653959951907176
14,3,32.898118453506655
14,4,29.71210696800283
14,5,26.37057108876618
14,6,23.877940454554157
14,7,20.317141289114396
14,8,18.77491803724504
14,9,15.012699782011786
14,10,12.487815125845344
14,11,9.707838056904302
14,12,6.079985306414209
14,13,3.779004756891569
14,15,3.7723520486769098
14,16,13.946309108903863
14,17,14.464804635547981
14,18,12.71334317662806
14,19,10.3941472803181
14,20,6.629792675826914
14,21,5.939612768911532
14,22,4.304584710499154
14,23,6.523111375885853
14,24,8.910549332863507
14,25,12.655566289750407
14,26,15.25950658004811
14,27,19.0076572482392
14,28,22.16999954476366
14,29,24.22129094930252
14,30,24.82831481765597
14,31,24.36716520080794
14,32,22.67062552065563
14,33,20.959490157767515
14,34,18.152520693122206
14,35,16.155068628224107
14,36,12.619311179320128
14,37,11.683308446739758
14,38,9.597346913928272
14,39,9.715735714576462
14,40,9.547481028153248
14,41,9.129761444585428
14,42,11.126166517250223
14,43,9.68223748084924
14,44,12.809628455693787
14,45,12.282312368726194
14,46,9.701117039483275
14,47,11.14788572256979
14,48,9.988508115209308
14,49,11.154168054656596
14,50,13.400926913074487
14,51,11.065993516148183
14,52,6.272383203667939
14,53,6.288196442776802
14,54,7.090462616271824
14,55,10.015177849530705
14,56,11.537725341611974
14,57,14.58660230478869
14,58,17.107769373911083
14,59,17.51029022774776
14,60,20.36486387554396
14,61,22.999886235979194
14,62,26.346912513490903
14,63,29.12175846124918
14,64,32.01835329296401
14,65,35.00044419115594
14,66,35.90716617507388
14,67,38.7671240993527
14,68,36.55183643242893
14,69,32.97736282924786
14,70,34.15827931939264
14,71,35.284065668650356
14,72,32.098225170808725
14,73,30.133767494068863
14,74,32.212720833348605
14,75,32.02851542402933
14,76,28.279162204630314
14,77,28.002524484408774
14,78,30.69861776441028
14,79,29.017004435748035
14,80,25.83780998244505
14,81,27.93778102495763
14,82,29.56040657072272
14,83,26.569678664446347
14,84,24.077256789510823
14,85,21.995982769285558
14,86,21.139727279291016
14,87,18.595673063095344
14,88,18.512088788207862
14,89,21.499716703716473
14,90,21.26752134176944
14,91,23.698839915831574
14,92,24.8133913181537
14,93,28.49454123048742
14,94,28.09537459601547
14,95,26.0385825006612
14,96,27.895434649029497
14,97,24.675922361850166
14,98,23.268646986415032
14,99,19.559871336606545
14,100,18.513966983314713
14,101,15.027414364024557
14,102,15.198044633429774
14,103,13.5858503519262
15,1,42.09966218795191
15,2,38.49915154219474
15,3,35.879142001682084
15,4,32.76608039230943
15,5,29.510887281618295
15,6,27.19068220251161
15,7,23.671215438533505
15,8,22.362961119584394
15,9,18.586051272879278
15,10,16.224120074442876
15,11,13.340845772652822
15,12,9.80445681547188
15,13,7.161048761507457
15,14,3.7723520486769098
15,16,11.587371455859833
15,17,12.840248459981675
15,18,11.893548290856915
15,19,10.02277866713904
15,20,6.6088021672921275
15,21,6.617129152572926
15,22,6.982600211155905
15,23,9.592205066438831
15,24,12.456664593053521
15,25,16.13302468757281
15,26,18.787674801303496
15,27,22.567269268944177
15,28,25.61927870056115
15,29,27.605407293569783
15,30,28.38705073903036
15,31,27.77347655353055
15,32,25.85828070225451
15,33,23.9030948821823
15,34,21.37527801778625
15,35,19.199029927780703
15,36,15.485972845026227
15,37,14.415641209049655
15,38,11.855022892116947
15,39,12.026999757135854
15,40,11.067306190353662
15,41,10.80055826986028
15,42,12.071107072311797
15,43,10.11831839600517
15,44,13.530168367063467
15,45,14.010399307689367
15,46,11.800541216959948
15,47,12.986968982332957
15,48,11.510484431761427
15,49,13.011926172998871
15,50,14.691691714865307
15,51,12.023639415933072
15,52,6.87393608627093
15,53,8.653232387884534
15,54,9.893069263988155
15,55,13.141056388060047
15,56,14.498229187465821
15,57,17.087913239602628
15,58,19.981834195550817
15,59,20.812084145544816
15,60,23.841220936379795
15,61,26.40441063989692
15,62,29.813864265765293
15,63,32.446560991091104
15,64,35.35116797950845
15,65,38.20636073086565
15,66,39.068723754739736
15,67,41.810886599434305
15,68,39.45836411800945
15,69,35.84976502070439
15,70,37.09844762624144
15,71,38.438059935704345
15,72,35.29350256085523
15,73,33.291760195499116
15,74,35.51732941401975
15,75,35.46952031923796
15,76,31.733050038557185
15,77,31.434960916694067
15,78,34.24849823952967
15,79,32.65733159054262
15,80,29.47314951213058
15,81,31.552692374161154
15,82,33.272530158662136
15,83,30.321072830915856
15,84,27.774274548470864
15,85,25.658365256073676
15,86,24.619247645610248
15,87,21.901784973647562
15,88,21.52508004067675
15,89,24.494579250731636
15,90,23.978473995290923
15,91,26.35179125490665
15,92,27.191139311376656
15,93,30.76169599152786
15,94,30.23085320130983
15,95,28.466207232198972
15,96,30.569025893946538
15,97,27.549161363518284
15,98,26.333245894535015
15,99,22.70652100957404
15,100,21.88539663138395
15,101,18.452320123948965
15,102,18.811536164749477
15,103,17.13169019205012
16,1,45.598437890270326
16,2,41.81947916491569
16,3,39.34325591193599
16,4,37.03062793985213
16,5,33.86886211342897
16,6,32.64817865096718
16,7,29.17257449640498
16,8,28.99686699043098
16,9,25.47327391109426
16,10,23.996436474578065
16,11,22.121545712084977
16,12,18.702623515975752
16,13,17.678049136741663
16,14,13.946309108903863
16,15,11.587371455859833
16,17,3.746674310441492
16,18,5.682182926213111
16,19,7.534700024941468
16,20,9.075434269657862
16,21,12.059695519974367
16,22,15.05762201762766
16,23,18.763570066888768
16,24,21.688247473074373
16,25,25.478230118610803
16,26,27.031330121217884
16,27,30.773430810545243
16,28,33.26139004788865
16,29,35.67928183862951
16,30,36.830407960225095
16,31,37.03386830258231
16,32,35.10028991120626
16,33,33.79141053392116
16,34,31.106546827656985
16,35,28.437602389502505
16,36,25.05003688503187
16,37,22.682386750942133
16,38,19.07030517741593
16,39,17.291854559947048
16,40,13.939853860612347
16,41,12.766279792343797
16,42,10.964334861815653
16,43,9.465298340372405
16,44,11.785217574575238
16,45,14.554266582750518
16,46,15.044786960334612
16,47,16.73520866538867
16,48,17.069181506376108
16,49,20.318115625998583
16,50,22.420129530296602
16,51,21.029199601136717
16,52,16.75494339672289
16,53,18.181952222199712
16,54,17.47797001307868
16,55,19.556918645676028
16,56,18.922252861371216
16,57,19.661647224581117
16,58,22.88576247583313
16,59,25.234651104321106
16,60,28.626503002011045
16,61,31.045277294313635
16,62,34.78960453433211
16,63,36.83859228186951
16,64,40.139737660781876
16,65,42.48400240178592
16,66,43.930872157976644
16,67,46.59967594398177
16,68,44.452068566097765
16,69,41.15664067126958
16,70,43.26866399029095
16,71,44.64996427745255
16,72,41.225995401385866
16,73,40.01871066060784
16,74,42.769267577141136
16,75,42.23995348653266
16,76,38.62044569712059
16,77,39.264820384669314
16,78,42.09241315688466
16,79,39.98048275522187
16,80,37.41528747802971
16,81,40.16698945658633
16,82,41.39691313313522
16,83,38.33490480460741
16,84,36.54428007564696
16,85,34.23829644856349
16,86,33.86640995115678
16,87,31.14688512583297
16,88,30.232869979582407
16,89,32.377428418448645
16,90,30.850215369818216
16,91,32.08157052483325
16,92,31.600641978539187
16,93,34.57071413147879
16,94,32.845787963345394
16,95,31.365294690211133
16,96,34.42737344814217
16,97,32.04765820907467
16,98,32.149474214385144
16,99,29.008382006021037
16,100,29.45102361137996
16,101,26.75018079944027
16,102,27.845614794391906
16,103,26.987986550651815
17,1,44.96803828768835
17,2,41.217605175272446
17,3,38.540457266060606
17,4,36.3808785094957
17,5,33.08010561113586
17,6,31.949247947133667
17,7,28.401659226561513
17,8,28.188509402854802
17,9,24.810191976495968
17,10,23.29203348866281
17,11,21.964711654996286
17,12,18.57728765254722
17,13,18.052465084152207
17,14,14.464804635547981
17,15,12.840248459981675
17,16,3.746674310441492
17,18,3.7937338258393387
17,19,5.4741082606608975
17,20,8.377464041298232
17,21,11.274212268435614
17,22,14.522436289914387
17,23,18.23140509291778
17,24,21.085532978429967
17,25,24.740827855476777
17,26,25.805450819301456
17,27,29.442474520875194
17,28,31.622151828247254
17,29,34.124861973475845
17,30,35.47404841348283
17,31,35.96690268024873
17,32,34.007713391169425
17,33,33.03316897535367
17,34,30.333324183482333
17,35,27.488810838764646
17,36,24.361134754365533
17,37,21.579626027313367
17,38,17.85582744256566
17,39,15.576136414243715
17,40,11.923820025688315
17,41,10.924148593030337
