1,2,3.7946625180625184
1,3,5.936097973586209
1,4,5.211707936059574
1,5,7.782479797458888
1,6,9.402320296352471
1,7,13.08217990480856
1,8,15.919138610387852
1,9,17.772917191618422
1,10,20.378265784298076
1,11,23.578018566582895
1,12,23.976168867835526
1,13,26.327043996396224
1,14,29.464057024712837
1,15,29.145004147043867
1,16,32.25341575597864
1,17,31.966205871062307
1,18,35.643854569669834
1,19,37.11640954631529
1,20,38.31078720596307
1,21,36.44197820059749
1,22,32.994917592296396
1,23,33.47705451909945
1,24,34.32473467738822
1,25,31.54045991668848
1,26,28.90225175593237
1,27,30.587543191548484
1,28,30.55657197482067
1,29,26.929555742190587
1,30,25.00372474330702
1,31,23.719137216291905
1,32,21.66238298611859
1,33,19.442113716306253
1,34,16.48110926844939
1,35,17.725312881283987
1,36,14.654238474203352
1,37,12.297871283529684
1,38,8.834688407457817
1,39,9.815330984042179
1,40,10.096242611914446
1,41,13.201009797935209
1,42,16.40139006353355
1,43,17.514469410855856
1,44,14.81280850367282
1,45,16.97690306679416
1,46,20.66496218985437
1,47,21.50281642160232
1,48,20.812521887048998
1,49,20.879737049812046
1,50,18.157833086758714
1,51,15.86142597152682
1,52,16.96552941951276
1,53,16.825843124900803
1,54,13.182727204181216
1,55,12.270445226743075
1,56,14.509957998204293
1,57,13.292889992461674
1,58,9.57707748569775
1,59,10.968286102995876
1,60,13.714952251157447
1,61,12.075093998670283
1,62,9.75230552375042
1,63,12.958985520328941
1,64,14.944297409536134
1,65,13.174125311867627
1,66,14.059772485334067
1,67,17.62868236746765
1,68,18.2804917342983
1,69,17.800593210726436
1,70,20.135747229176705
1,71,22.683212904723927
1,72,22.96685611663753
1,73,22.873746831577268
1,74,22.509308462731575
1,75,25.655936373406753
1,76,25.919530167033848
1,77,27.21494711373653
1,78,24.13163717619912
1,79,21.69048005204135
1,80,24.00262441690338
1,81,24.32170972661586
1,82,20.65250545900929
1,83,19.950880864282784
1,84,22.73878849497167
1,85,21.406644917528634
1,86,17.88635750445812
1,87,19.503988888584065
1,88,21.671143842770306
1,89,18.90580610302756
1,90,16.88573127138513
1,91,20.18925610025286
1,92,20.850290221074633
1,93,17.54387453286427
1,94,18.50922819059431
1,95,21.941037643022785
1,96,20.839878337523427
1,97,18.7022684417299
1,98,21.559936409430147
1,99,24.67199567994041
1,100,23.99835082644005
1,101,25.100504933343778
2,1,3.7946625180625184
2,3,3.74689249496365
2,4,5.3499188302588
2,5,8.835261459660261
2,6,11.50371015308318
2,7,14.929054412515766
2,8,18.18601887427699
2,9,20.38468045154292
2,10,22.696004908866865
2,11,26.03545387456969
2,12,26.48043496962661
2,13,28.493507602056624
2,14,31.6070475683836
2,15,30.99882356877363
2,16,33.97227154438119
2,17,33.51521805513087
2,18,37.08503373259618
2,19,38.76267060602008
2,20,40.262330598738714
2,21,38.47812109788923
2,22,34.928006360285444
2,23,35.54299398059805
2,24,36.68532380475288
2,25,33.90834096290064
2,26,31.229815748830237
2,27,33.15151523311862
2,28,33.33161566436538
2,29,29.668048684585173
2,30,27.65848300456012
2,31,26.725801819309705
2,32,24.661541721986637
2,33,22.137708051670867
2,34,19.1783496294562
2,35,20.404589781003136
2,36,17.12816125915277
2,37,14.22528934271556
2,38,10.449336432488403
2,39,10.04020482420511
2,40,9.065400649244006
2,41,11.944274992548106
2,42,14.940640712098245
2,43,15.315730877340155
2,44,12.301804192890271
2,45,14.734870417916529
2,46,18.300224521940216
2,47,19.71135327886786
2,48,19.668598942135247
2,49,19.79497156999345
2,50,16.65152785832685
2,51,14.756360089982527
2,52,16.589673209458518
2,53,16.272862765216782
2,54,12.492896555862108
2,55,12.513387331109287
2,56,15.196323557083941
2,57,13.728042851036781
2,58,10.461818185234788
2,59,12.77226068478847
2,60,15.512789825452131
2,61,13.75338370295045
2,62,12.294378698869902
2,63,15.748769254817523
2,64,17.374815367818286
2,65,15.892167829053626
2,66,17.327920570262528
2,67,20.747816761539678
2,68,21.091905776648638
2,69,20.890405904597202
2,70,23.451927777672157
2,71,25.736851198997766
2,72,25.902009203790385
2,73,25.42252807165734
2,74,24.805915979169686
2,75,27.671769082434043
2,76,27.49677349437373
2,77,28.973690621532402
2,78,26.186475299274036
2,79,23.369618181445542
2,80,25.362067024064956
2,81,26.035947655858926
2,82,22.5270609514699
2,83,21.2284323656381
2,84,23.966367450187246
2,85,23.084966106527006
2,86,19.397785772142903
2,87,20.35383058029235
2,88,22.72946438938584
2,89,20.257179895835243
2,90,17.64613089889052
2,91,20.555498880104246
2,92,21.634204921907955
2,93,18.23940879828898
2,94,18.43139843172652
2,95,21.991310319531873
2,96,21.151636358049117
2,97,18.48265532286327
2,98,20.911587746665134
2,99,24.247130751407393
2,100,23.459636287329708
2,101,23.99766338392408
3,1,5.936097973586209
3,2,3.74689249496365
3,4,3.7940294098962233
3,5,6.691547146882309
3,6,10.130506093969522
3,7,13.151183171079941
3,8,16.57993493924153
3,9,19.27344428863641
3,10,21.451548624961546
3,11,24.999530800594012
3,12,25.876632652768052
3,13,27.7229493563793
3,14,31.006091400087687
3,15,30.539440982608934
3,16,33.630768842419634
3,17,33.474521314556796
3,18,37.0068366345397
3,19,38.99140705214716
3,20,40.56483633653976
3,21,39.0968600218577
3,22,35.44521182864679
3,23,35.74230251134083
3,24,37.12088162333355
3,25,34.62455743283677
3,26,31.663826275019336
3,27,33.41069472663779
3,28,33.97451741208468
3,29,30.4434603100703
3,30,28.036542128139427
3,31,27.172974681141813
3,32,25.568301756453398
3,33,22.767411429438678
3,34,19.45516234339392
3,35,20.049819464796332
3,36,16.45387265275307
3,37,13.494453263566182
3,38,9.772849708656715
3,39,8.38120759772034
3,40,6.381900237697767
3,41,8.577360075630095
3,42,11.839811289683501
3,43,12.175752227727566
3,44,9.665138288991663
3,45,12.580532410021721
3,46,16.237642843663178
3,47,17.586093401781586
3,48,17.597618818020003
3,49,18.378413207785623
3,50,15.412781842718433
3,51,13.064470203290242
3,52,15.356023569837939
3,53,15.81355093974945
3,54,12.219843818529567
3,55,11.867376734491993
3,56,15.186450648468783
3,57,14.55996860788769
3,58,11.48469870798312
3,59,13.366514152273542
3,60,16.639692168679023
3,61,15.659234463858194
3,62,14.208669427059162
3,63,17.267621083691846
3,64,19.4024913016146
3,65,18.35601151419131
3,66,19.430256214930843
3,67,22.76750936752153
3,68,23.60080972575021
3,69,23.500674125020076
3,70,25.703694472591472
3,71,28.189218407698096
3,72,28.079523581758764
3,73,27.58316248418916
3,74,26.634568913527072
3,75,29.423881165950622
3,76,29.057327145707465
3,77,30.15481458903718
3,78,27.36359352059462
3,79,24.579401211140375
3,80,26.17421919149629
3,81,26.529768373130437
3,82,23.073045087316846
3,83,21.600056658258282
3,84,23.870509546368584
3,85,22.826397646092452
3,86,19.099605941700688
3,87,19.690198702966992
3,88,21.650867669571227
3,89,19.035555860344658
3,90,16.272644448391038
3,91,18.782534912727694
3,92,19.61055837885061
3,93,16.021409662957304
3,94,15.943261666055434
3,95,19.318781723758587
3,96,18.252291503805587
3,97,15.322713095173064
3,98,17.758638982910394
3,99,20.992069950703236
3,100,19.957571281139902
3,101,20.44949516476351
4,1,5.211707936059574
4,2,5.3499188302588
4,3,3.7940294098962233
4,5,3.798016643819813
4,6,6.689495454041053
4,7,9.782828202351256
4,8,13.243522994963445
4,9,15.692595834383283
4,10,17.81537856634098
4,11,21.304595906656438
4,12,22.099337246358413
4,13,24.007444309697178
4,14,27.301245315487076
4,15,26.94005208721043
4,16,30.11189174330228
4,17,30.089704390044773
4,18,33.680688937634066
4,19,35.623964533333584
4,20,37.06813747443174
4,21,35.64961680408476
4,22,32.01235405057995
4,23,32.16916633942277
4,24,33.49836804816704
4,25,31.082841034588434
4,26,28.05164024841464
4,27,29.69349736819237
4,28,30.312805916374757
4,29,26.835219087949156
4,30,24.33123639763095
4,31,23.465017014000935
4,32,22.003231032812025
4,33,19.139903843010657
4,34,15.738258603239421
4,35,16.259820796725215
4,36,12.676943044463762
4,37,9.739518004502314
4,38,6.036121350722834
4,39,5.35450189813129
4,40,5.053619936005167
4,41,8.100980069264525
4,42,11.317386715109137
4,43,12.811106844772324
4,44,10.567393927884767
4,45,12.72725617094443
4,46,16.49298942895526
4,47,17.031984964121566
4,48,16.238830845598773
4,49,16.89647338401906
4,50,14.417701712126425
4,51,11.590609564204524
4,52,13.114170825382695
4,53,13.852564918769211
4,54,10.411388561214299
4,55,9.06986394226456
4,56,12.265755888772214
4,57,12.160535495920772
4,58,8.888894477155445
4,59,10.032330531453729
4,60,13.555539101884447
4,61,13.137492796037781
4,62,11.475827774557096
4,63,14.121785599245417
4,64,16.634795099668104
4,65,15.959105191978896
4,66,16.732651587508197
4,67,19.887713136495396
4,68,21.138002886274634
4,69,21.241287957131163
4,70,23.081473900709774
4,71,25.641950070370648
4,72,25.248657997569723
4,73,24.78319276987285
4,74,23.67905600967478
4,75,26.51223429344465
4,76,26.25301619265767
4,77,27.06176322622557
4,78,24.137106070719156
4,79,21.553319946858277
4,80,23.145772306574482
4,81,23.189560845229725
4,82,19.67228922293059
4,83,18.451061078497595
4,84,20.625509362982715
4,85,19.299363988626958
4,86,15.622772337459583
4,87,16.549199129823183
4,88,18.36561739350566
4,89,15.570557246935099
4,90,13.104931429146763
4,91,15.968705984027885
4,92,16.596933580639618
4,93,13.082606985408903
4,94,13.636396176056998
4,95,17.0455382411251
4,96,15.988172152657974
4,97,13.604112886587462
4,98,16.371283119041692
4,99,19.53149789436444
4,100,18.927501323330226
4,101,19.96465641477346
5,1,7.782479797458888
5,2,8.835261459660261
5,3,6.691547146882309
5,4,3.798016643819813
5,6,3.7695049439256665
5,7,6.561255516069309
5,8,9.90590912681721
5,9,12.788351737522794
5,10,15.079039559911877
5,11,18.71818957912195
5,12,20.035587984446853
5,13,22.073820350486226
5,14,25.576071622961273
5,15,25.664747370846566
5,16,29.064700103571283
5,17,29.516482314570975
5,18,33.12727545074991
5,19,35.18207696608621
5,20,36.422198590354974
5,21,35.25825245161355
5,22,31.648254324025284
5,23,31.360873948981588
5,24,32.65949035346977
5,25,30.554293886272465
5,26,27.305921662618214
5,27,28.52179913098117
5,28,29.356120785022124
5,29,26.10578404417914
5,30,23.283398375798935
5,31,22.181987177143643
5,32,21.2913831637836
5,33,18.472134808593243
5,34,14.758025600968127
5,35,14.416199497011286
5,36,10.652669045744442
5,37,8.409153757503354
5,38,5.629233967836771
5,39,5.461491949087421
5,40,5.872244701583867
5,41,7.698854176894838
5,42,11.063362228723955
5,43,13.218266919887386
5,44,11.986569434691761
5,45,14.069594868294777
5,46,17.743120596935643
5,47,17.70822213650438
5,48,16.391418857631933
5,49,17.609821730916526
5,50,15.790546859381518
5,51,12.401557593543775
5,52,13.548771000947607
5,53,15.156627805334773
5,54,12.260422904203645
5,55,9.887812059364839
5,56,13.047531532162186
5,57,13.93669549911101
5,58,10.838794832214258
5,59,10.698387069125404
5,60,14.480576992199273
5,61,14.878149789538575
5,62,12.81169716551785
5,63,14.638882133884575
5,64,17.745842861187285
5,65,17.28284671160802
5,66,17.293416725410392
5,67,20.314203738178822
5,68,22.17482693383151
5,69,22.142568981202263
5,70,23.43248749992767
5,71,26.296810641641216
5,72,25.77404887137219
5,73,25.605463933442714
5,74,24.43148783799741
5,75,27.341114638447166
5,76,27.252942094757394
5,77,27.563049121368607
5,78,24.459806618998677
5,79,22.278533813333116
5,80,23.707884063741712
5,81,23.138026554611837
5,82,19.63118371884247
5,83,18.788306379434946
5,84,20.448837249369408
5,85,18.54736592814217
5,86,15.101520672823453
5,87,16.223789983459543
5,88,17.280215188157765
5,89,14.025066386241916
5,90,12.119206087990976
5,91,14.837257918533671
5,92,14.620989687880186
5,93,10.960144713361244
5,94,12.181125935060946
5,95,15.112199411231826
5,96,13.403517919686866
5,97,11.420727888060659
5,98,14.718788129555882
5,99,17.41382192575219
5,100,16.647805180850348
5,101,18.294047690043836
6,1,9.402320296352471
6,2,11.50371015308318
6,3,10.130506093969522
6,4,6.689495454041053
6,5,3.7695049439256665
6,7,3.746355267797415
6,8,6.682927750766397
6,9,9.178817208333493
6,10,11.717188969021764
6,11,15.271836642789292
6,12,16.595451788877295
6,13,18.916742488801276
6,14,22.461786848960188
6,15,22.860109798885322
6,16,26.392713470756625
6,17,27.079921663949165
6,18,30.751311676485805
6,19,32.66131437804036
6,20,33.6278498100921
6,21,32.491172746735735
6,22,28.978516559763126
6,23,28.47220522840908
6,24,29.57299162448035
6,25,27.581772161599954
6,26,24.298608163583875
6,27,25.238639825652196
6,28,26.041995653719365
6,29,22.916278999546844
6,30,20.020359676176643
6,31,18.699216623534603
6,32,18.083278092520324
6,33,15.41609258459732
6,34,11.60745018703697
6,35,10.898182161473414
6,36,7.198589871866985
6,37,5.894755960620515
6,38,4.642051606275987
6,39,6.504445981720733
6,40,8.60042129064068
6,41,10.44484718012143
6,42,13.26401542636457
6,43,16.029192359914834
6,44,14.99346375654902
6,45,16.46850247378543
6,46,20.003224498364606
6,47,19.344312975011324
6,48,17.347479860918522
6,49,18.351456630872725
6,50,17.12413597418934
6,51,13.63830054083359
6,52,13.763005535006176
6,53,15.51553809283591
6,54,13.10287512436352
6,55,9.922115863633401
6,56,12.282997549829487
6,57,13.704870632975549
6,58,10.75582971769102
6,59,9.307747822934415
6,60,12.949041427863087
6,61,13.980839112882226
6,62,11.604223897139757
6,63,12.524911339368971
6,64,16.023367831875223
6,65,15.84435458018287
6,66,15.23813890169599
6,67,17.956925746138275
6,68,20.309214748632797
6,69,20.321404222764258
6,70,21.086326268293398
6,71,24.067467328351352
6,72,23.358187143488923
6,73,23.414151147415406
6,74,22.24420442782828
6,75,25.23551621131395
6,76,25.434772324147534
6,77,25.390588575705333
6,78,22.09868202153686
6,79,20.36664504432912
6,80,21.8733704607882
6,81,20.82642070056606
6,82,17.293157483104352
6,83,17.05387253059894
6,84,18.52471106826227
6,85,16.105843745121913
6,86,12.983745624480797
6,87,14.760856995580863
6,88,15.407392213064188
6,89,11.84448365764468
6,90,10.881104744094092
6,91,13.93282060011582
6,92,13.168410516476827
6,93,9.892647904048342
6,94,12.199854322315721
6,95,14.778825986977148
6,96,12.98149939158014
6,97,12.058290194033384
6,98,15.544057428542603
6,99,17.85345284247583
6,100,17.51652393048412
6,101,19.730168432868204
7,1,13.08217990480856
7,2,14.929054412515766
7,3,13.151183171079941
7,4,9.782828202351256
7,5,6.561255516069309
7,6,3.746355267797415
7,8,3.750309726061774
7,9,6.6837780107886475
7,10,8.674842535906395
7,11,12.391659130873474
7,12,14.206143594626457
7,13,16.27756912667457
7,14,19.94098548461752
7,15,20.606124789717974
7,16,24.233948561142732
7,17,25.33725926587881
7,18,28.90775250505217
7,19,31.036562875987517
7,20,31.961143985369507
7,21,31.201939153070327
7,22,27.70139336608449
7,23,26.77960135856255
7,24,28.068055090864778
7,25,26.494012785041072
7,26,22.98687541564272
7,27,23.624788710737672
7,28,24.883755751134853
7,29,22.082358748513972
7,30,18.80809282426501
7,31,17.6991684197104
7,32,17.80711645663049
7,33,14.993373057509995
7,34,11.173868759128137
7,35,9.394107557430496
7,36,5.820210410464576
7,37,5.569898892609516
7,38,6.443214289619006
7,39,7.717739451326492
7,40,10.043377359138525
7,41,11.01131865187257
7,42,13.099113332234854
7,43,16.370344497327782
7,44,16.04642522350939
7,45,17.020606324570544
7,46,20.22439406919926
7,47,18.93596772294979
7,48,16.445869160058237
7,49,17.786340767346775
7,50,17.3139913405003
7,51,13.670960969229979
7,52,13.296458873813368
7,53,15.734429075266723
7,54,14.108018737665939
7,55,10.525723245404377
7,56,12.573478487660646
7,57,14.910877166902244
7,58,12.687181556052778
7,59,10.584939103234843
7,60,13.994241090735724
7,61,15.876606513419711
7,62,13.904549758522032
7,63,14.017771660351587
7,64,17.633666489307267
7,65,18.086174261403595
7,66,17.21940648001029
7,67,19.390623408972743
7,68,22.146455118910886
7,69,22.44451793394154
7,70,22.697053040887393
7,71,25.623504701941048
7,72,24.495452370387383
7,73,24.475654762096237
7,74,22.949226018547574
7,75,25.686675999885008
7,76,25.745921706224124
7,77,25.165882781037663
7,78,21.9841021866048
7,79,20.552898324905616
7,80,21.557051070623196
7,81,20.003254226177457
7,82,16.77857896121981
7,83,16.63763677046932
7,84,17.350265594732836
7,85,14.611307723105277
7,86,11.937926795493738
7,87,13.49319733007812
7,88,13.25703288593727
7,89,9.503356776403022
7,90,9.263440623406854
7,91,11.803109239964579
7,92,10.229579576852922
7,93,7.241533112025715
7,94,10.246750375856228
7,95,12.12836790871143
7,96,10.106412830395305
7,97,10.129483110044502
7,98,13.63491816540331
7,99,15.426962845092838
7,100,15.443609431103479
7,101,18.100418252638494
8,1,15.919138610387852
8,2,18.18601887427699
8,3,16.57993493924153
8,4,13.243522994963445
8,5,9.90590912681721
8,6,6.682927750766397
8,7,3.750309726061774
8,9,3.748319235813998
8,10,6.334018185747893
8,11,9.88798482171859
8,12,12.313781612740431
8,13,14.751361621581864
8,14,18.476289800191797
8,15,19.80371803438635
8,16,23.569055113210844
8,17,25.138189331884117
8,18,28.661518298337928
8,19,30.65784333747065
8,20,31.189794323901708
8,21,30.593428915628518
8,22,27.29936489987731
8,23,25.955195688499654
8,24,26.9700694739613
8,25,25.71757248460408
8,26,22.194923406359415
8,27,22.234305880620184
8,28,23.51991467731104
8,29,21.093902722199132
8,30,17.732349663255476
8,31,16.215290563593722
8,32,17.000217663895558
8,33,14.685924309575745
8,34,11.098236866463573
8,35,8.317426067509775
8,36,5.840133070441138
8,37,7.728029992189688
8,38,9.62717372716549
8,39,11.388155722503303
8,40,13.778661329204263
8,41,14.471344048126157
8,42,16.372645953236933
8,43,19.72305545693449
8,44,19.67863116783646
8,45,20.55916602238047
8,46,23.616428513347497
8,47,22.04180236642534
8,48,19.273214419180384
8,49,20.638634421551405
8,50,20.58262485108282
8,51,16.986772488404625
8,52,16.162505685114002
8,53,18.68060185502896
8,54,17.4023087588963
8,55,13.666280535343862
8,56,15.074350812517894
8,57,17.62607263890715
8,58,15.564611227429234
8,59,12.858699143360456
8,60,15.787616916751595
8,61,17.979149686045517
8,62,15.778195084930696
8,63,15.107743468763191
8,64,18.855439390691192
8,65,19.36680368002737
8,66,17.820993945801938
8,67,19.629889093070545
8,68,22.797085727486156
8,69,22.91907403115344
8,70,22.575648112014306
8,71,25.649944719178855
8,72,24.48855241488926
8,73,24.860536315944458
8,74,23.476549402035964
8,75,26.244258006913476
8,76,26.645168502047575
8,77,25.64848033994431
8,78,22.35161306639016
8,79,21.5375750325195
8,80,22.536195578911755
8,81,20.41834350961136
8,82,17.39406072370321
8,83,17.94636033524597
8,84,18.24046845217857
8,85,14.97297752251209
8,86,13.082165599175713
8,87,15.052331603023536
8,88,14.059738814632238
8,89,10.278760298541496
8,90,11.320529437775072
8,91,13.521508414782744
8,92,11.109488214135071
8,93,9.077218665984217
8,94,12.586204673280339
8,95,13.579944131568507
8,96,11.239542565263076
8,97,12.287025816581357
8,98,15.720358646545533
8,99,16.765735043895567
8,100,16.84002901933247
8,101,19.96672746958087
9,1,17.772917191618422
9,2,20.38468045154292
9,3,19.27344428863641
9,4,15.692595834383283
9,5,12.788351737522794
9,6,9.178817208333493
9,7,6.6837780107886475
9,8,3.748319235813998
9,10,3.7359181992694848
9,11,6.730989971661199
9,12,8.958755170269347
9,13,11.83896934620738
9,14,15.474249905307211
9,15,17.12171029611032
9,16,20.917020329071946
9,17,22.639891603124838
9,18,26.162815591839472
9,19,27.90284544504535
9,20,28.134114156350414
9,21,27.521059845196806
9,22,24.396931542517986
9,23,22.887969632598978
9,24,23.644904462953637
9,25,22.51014048151679
9,26,19.04653018094697
9,27,18.785452977670584
9,28,20.013081954910287
9,29,17.792006507572303
9,30,14.433282056732272
9,31,12.751366180666293
9,32,13.981729895765655
9,33,12.018827562170022
9,34,8.8816738394674
9,35,5.482952261186077
9,36,4.821727343321523
9,37,8.206044404294962
9,38,11.080865074649754
9,39,13.485395386349186
9,40,16.438160778359002
9,41,17.552303859942484
9,42,19.17470755588705
9,43,22.68775024852579
9,44,22.426455953248297
9,45,22.90103688342789
9,46,25.838837114419054
9,47,23.966014342706753
9,48,20.871786512999012
9,49,21.769179865159852
9,50,22.051269542512156
9,51,18.700303895035194
9,52,17.15487835797891
9,53,19.389118043137678
9,54,18.51943176147709
9,55,14.697264531404853
9,56,15.16479752447671
9,57,17.818610151930883
9,58,16.154397219090264
9,59,12.849838508819108
9,60,15.034171971354436
9,61,17.611255795747457
9,62,15.5477932026422
9,63,13.994756353945046
9,64,17.63822147867236
9,65,18.526093482758522
9,66,16.620617306879808
9,67,17.785980851431088
9,68,21.243601223689126
9,69,21.55892209283596
9,70,20.683202440120834
9,71,23.61808564299058
9,72,22.189558492613592
9,73,22.681312539732158
9,74,21.29280676963075
9,75,23.969209415873674
9,76,24.625160601795443
9,77,23.295777092506558
9,78,19.95875082806822
9,79,19.699041139957274
9,80,20.71424613409798
9,81,18.18797696104456
9,82,15.377176734769517
9,83,16.61449393070581
9,84,16.69191822036913
9,85,13.071838739282947
9,86,11.95526664531116
9,87,14.482654915996442
9,88,13.210301200667352
9,89,9.708617420171091
9,90,11.818515990274616
9,91,14.111084835532685
9,92,11.6857541677333
9,93,10.687941754747808
9,94,14.447445519210271
9,95,15.243648393635493
9,96,13.489111724901221
9,97,15.107871305055777
9,98,18.21255297911147
9,99,19.1352192397789
9,100,19.719710564182854
9,101,22.884059692161657
10,1,20.378265784298076
10,2,22.696004908866865
10,3,21.451548624961546
10,4,17.81537856634098
10,5,15.079039559911877
10,6,11.717188969021764
10,7,8.674842535906395
10,8,6.334018185747893
10,9,3.7359181992694848
10,11,3.746999322839301
10,12,6.364262371483211
10,13,8.56541110065935
10,14,12.278196148996173
10,15,14.012812269493933
10,16,17.806169696703464
10,17,19.832110851886085
10,18,23.197827973302495
10,19,25.164591997239285
10,20,25.48302212954218
10,21,25.253314335810927
10,22,22.126273042202627
10,23,20.31101161619789
10,24,21.418994642355848
10,25,20.70190654645483
10,26,17.06280191800376
10,27,16.706371296686367
10,28,18.553929226799642
10,29,16.68716586488662
10,30,13.016430850283859
10,31,12.156386480629605
10,32,13.982525023946653
10,33,11.755121996062346
10,34,9.215446824075913
10,35,5.519770348769759
10,36,6.129939603142999
10,37,9.1864145222895
10,38,12.656878372481408
10,39,14.598068003268208
10,40,17.677031072073397
10,41,18.574148480773932
10,42,19.495357035909546
10,43,23.209615837063144
10,44,23.194319057737598
10,45,23.094396282535453
10,46,25.643705691733896
10,47,23.298376260699282
10,48,19.88907930219378
10,49,20.706531422109137
10,50,21.6201677581822
10,51,18.494462091424772
10,52,16.433632231755332
10,53,18.864676487304397
10,54,18.734298868195967
10,55,14.971869857434726
10,56,14.939276828164509
10,57,18.094242415624894
10,58,17.1818419492475
10,59,13.775086763636441
10,60,15.514675509717415
10,61,18.63753015764368
10,62,17.24247830779166
10,63,15.35659065003079
10,64,18.70533112432589
10,65,20.2592236752447
10,66,18.633540067065
10,67,19.22309593896001
10,68,22.704224257683055
10,69,23.534887465681255
10,70,22.465066311347538
10,71,25.02683087255941
10,72,23.085744588426152
10,73,23.179243806212774
10,74,21.30801774407216
10,75,23.503831055630645
10,76,23.824598009647655
10,77,22.040787368806008
10,78,19.052233048981783
10,79,18.98226519081539
10,80,19.356248617308054
10,81,16.49218042820202
10,82,14.253175248215596
10,83,15.42721192719837
10,84,14.70166602434234
10,85,11.039813518559585
10,86,10.734896213960154
10,87,12.8315778162935
10,88,10.763709947639825
10,89,7.7781143071399255
10,90,10.762938858286752
10,91,12.347084212605184
10,92,9.643769509629884
10,93,9.88866162052648
10,94,13.607261965296464
10,95,13.796011889055938
10,96,12.667079182490133
10,97,15.00386349448421
10,98,17.545616483289255
10,99,18.160060912746854
10,100,19.389542051733052
10,101,22.536814614455
11,1,23.578018566582895
11,2,26.03545387456969
11,3,24.999530800594012
11,4,21.304595906656438
11,5,18.71818957912195
11,6,15.271836642789292
11,7,12.391659130873474
11,8,9.88798482171859
11,9,6.730989971661199
11,10,3.746999322839301
11,12,3.751652367890202
11,13,5.9987327247897015
11,14,9.424872606930377
11,15,11.894738510281648
11,16,15.607970558079412
11,17,18.066456523990233
11,18,21.23407146184456
11,19,22.985825258965033
11,20,22.911818544219454
11,21,22.91981323164581
11,22,20.09842787919495
11,23,17.844955191470497
11,24,18.738120460479102
11,25,18.50387069570912
11,26,14.958655654796685
11,27,13.959535705401766
11,28,16.051674749861064
11,29,14.826510666082008
11,30,11.196741568225315
11,31,10.533333957134348
11,32,13.211125063171838
11,33,11.62661036290979
11,34,10.228351134209802
11,35,6.784923538514991
11,36,8.998623319372557
11,37,12.214333959431169
11,38,15.881757015000671
11,39,17.97233069665746
11,40,21.193254288951785
11,41,22.160351657115502
11,42,22.848375785865052
11,43,26.611357233820232
11,44,26.597517556355722
11,45,26.218549010407177
11,46,28.566813507513146
11,47,25.97521495293734
11,48,22.39242667738258
11,49,22.931680743462103
11,50,24.20930189873212
11,51,21.353682054732847
11,52,18.87189287315698
11,53,21.093634630160743
11,54,21.385946042783395
11,55,17.744962795954326
11,56,17.05524058435428
11,57,20.21981698616523
11,58,19.723475572309606
11,59,16.12302312660592
11,60,17.13999606452136
11,61,20.474007479090403
11,62,19.319396245131163
11,63,16.847863531618852
11,64,19.856855004324103
11,65,21.730647807965216
11,66,19.889348626657718
11,67,19.792248154127826
11,68,23.404750389095287
11,69,24.414431560766864
11,70,22.831601410456418
11,71,25.127889183915233
11,72,22.904844091992867
11,73,23.0685319660352
11,74,21.15694259943205
11,75,23.032100585241608
11,76,23.517750255891837
11,77,21.245912805777998
11,78,18.465113086183898
11,79,19.088979855343013
11,80,19.220441610730305
11,81,15.887111755560294
11,82,14.315357207747883
11,83,16.079290103702498
11,84,14.831812482296874
11,85,11.111764257104387
11,86,12.020576190078406
11,87,14.17117566406941
11,88,11.694162169965862
11,89,9.695266895415921
11,90,13.235137677193318
11,91,14.430282944445395
11,92,11.82292421037561
11,93,12.955522601256027
11,94,16.493746081054173
11,95,16.279047508744718
11,96,15.549576379379486
11,97,18.251616885434547
11,98,20.45175295100248
11,99,20.758175715374595
11,100,22.29824279141067
11,101,25.472575123273234
12,1,23.976168867835526
12,2,26.48043496962661
12,3,25.876632652768052
12,4,22.099337246358413
12,5,20.035587984446853
12,6,16.595451788877295
12,7,14.206143594626457
12,8,12.313781612740431
12,9,8.958755170269347
12,10,6.364262371483211
12,11,3.751652367890202
12,13,3.7619285721842486
12,14,6.817503286149316
12,15,9.026337974483567
12,16,12.703244370820093
12,17,14.90716791002862
12,18,18.1897127285026
12,19,19.650054984424404
12,20,19.513961172649122
12,21,19.293939615451944
12,22,16.46528663537497
12,23,14.35812426941603
12,24,15.173837284761333
12,25,14.772107657747442
12,26,11.216663170528104
12,27,10.409816294164928
12,28,12.551956574167948
12,29,11.268697098643656
12,30,7.582157849233762
12,31,7.635531637556844
12,32,10.418299855653524
12,33,8.959077353411923
12,34,8.692300602129594
12,35,6.32873786406599
12,36,9.560063533806785
12,37,12.501042104439385
12,38,16.27711735671136
12,39,18.614445357919365
12,40,22.12802632936997
12,41,23.575878063553283
12,42,24.13614671595558
12,43,27.888678549227436
12,44,27.48311104663671
12,45,26.78137476792019
12,46,29.039957408912834
12,47,26.398555626421334
12,48,22.760661632623247
12,49,22.684818315283096
12,50,24.034582101474207
12,51,21.56875594661813
12,52,18.641803185224
12,53,20.312530276963262
12,54,20.89836597191378
12,55,17.500969869396926
12,56,16.02036917009902
12,57,18.986180547686782
12,58,18.970001488571135
12,59,15.288673848147747
12,60,15.47540680147622
12,61,18.950729754823747
12,62,18.2555615708395
12,63,15.353418361698637
12,64,17.86897625330966
12,65,20.181106135045894
12,66,18.526092955956862
12,67,17.80726241474706
12,68,21.318185321021275
12,69,22.749454623836517
12,70,21.023621566089336
12,71,22.883009630883233
12,72,20.296087214605485
12,73,20.196310288109682
12,74,18.101246229668234
12,75,19.691848017715262
12,76,20.212548402696395
12,77,17.74344433992831
12,78,15.083298964275539
12,79,16.091963802770138
12,80,16.15839552140729
12,81,12.636446453524885
12,82,11.449137963976629
12,83,13.710034374028723
12,84,12.412205975364854
12,85,8.756556745276876
12,86,10.522562464115186
12,87,12.972951980997749
12,88,10.879897921482387
12,89,9.705990226428648
12,90,13.353575958832844
12,91,14.778054158049311
12,92,12.982615680998267
12,93,14.397650746721133
12,94,17.711432348261265
12,95,17.89593110679311
12,96,17.802693155422716
12,97,20.28416448452702
12,98,22.266379091388824
12,99,22.9552175485025
12,100,24.792504576207516
12,101,27.7015993431075
13,1,26.327043996396224
13,2,28.493507602056624
13,3,27.7229493563793
13,4,24.007444309697178
13,5,22.073820350486226
13,6,18.916742488801276
13,7,16.27756912667457
13,8,14.751361621581864
13,9,11.83896934620738
13,10,8.56541110065935
13,11,5.9987327247897015
13,12,3.7619285721842486
13,14,3.7402259141326244
13,15,5.948604552420668
13,16,9.618964065335538
13,17,12.268375434315276
13,18,15.282801826330907
13,19,17.16659472957573
13,20,17.324459298115432
13,21,17.68416492161431
13,22,14.827121859982267
13,23,12.37377315451578
13,24,13.94276712275537
13,25,14.146791599162881
13,26,10.518019510753058
13,27,9.892299163897777
13,28,12.934284375208993
13,29,12.178385493534668
13,30,8.637654884066848
13,31,10.112262549595773
13,32,12.763168585638825
13,33,11.02438765826413
13,34,11.182749142796624
13,35,9.29687019847097
13,36,12.04940291982205
13,37,14.319923826978462
13,38,18.110680248555976
13,39,19.915519525747516
13,40,23.32874122831232
13,41,24.550165930813442
13,42,24.532845836662112
13,43,28.305938699242333
13,44,28.105544506951475
13,45,26.932568782757947
13,46,28.764387879045135
13,47,25.79026450000284
13,48,22.034207774919444
13,49,21.839664028000737
13,50,23.73051839984368
13,51,21.61089392527969
13,52,18.403839329760302
13,53,20.13821706070524
13,54,21.381760169455443
13,55,18.267563967351283
13,56,16.519904353424263
13,57,19.748626299982206
13,58,20.371546747922224
13,59,16.92905256341101
13,60,16.870640034214247
13,61,20.572662262927373
13,62,20.471626591623803
13,63,17.688998215785272
13,64,19.85289430717965
13,65,22.580379416213088
13,66,21.35955976893044
13,67,20.422213457619193
13,68,23.70679685273233
13,69,25.53218425821316
13,70,23.90439748205138
13,71,25.39907356139213
13,72,22.476181224632864
13,73,21.86723876100568
13,74,19.307377113296
13,75,20.249621340712533
13,76,20.207713028963393
13,77,17.361983571652463
13,78,15.386296886785182
13,79,16.375716051350494
13,80,15.56323820578327
13,81,11.928335430014535
13,82,11.716835512697667
13,83,13.488679406407638
13,84,11.223576554901381
13,85,8.17612600169085
13,86,10.804698990904049
13,87,12.306667675993321
13,88,9.617194782934716
13,89,9.717271382061302
13,90,13.448424023587725
13,91,14.002489862079598
13,92,12.44161946476824
13,93,14.751565442121114
13,94,17.596010813067988
13,95,17.326641287158296
13,96,17.893737821739986
13,97,20.655073297573214
13,98,22.039195023961426
13,99,22.521488215122424
13,100,24.835579393173557
13,101,27.54940693356762
14,1,29.464057024712837
14,2,31.6070475683836
14,3,31.006091400087687
14,4,27.301245315487076
14,5,25.576071622961273
14,6,22.461786848960188
14,7,19.94098548461752
14,8,18.476289800191797
14,9,15.474249905307211
14,10,12.278196148996173
14,11,9.424872606930377
14,12,6.817503286149316
14,13,3.7402259141326244
14,15,3.7876555101557536
14,16,6.700885924964224
14,17,9.86407186499171
14,18,12.422182107869952
14,19,14.088736253633346
14,20,13.97471751797754
14,21,14.769209029163422
14,22,12.296672560866783
14,23,9.323848038912013
14,24,11.068433748079364
14,25,12.04414266510197
14,26,8.803803405889383
14,27,7.8017075341377184
14,28,11.406966501493672
14,29,11.56850695267046
14,30,8.768118356830884
14,31,11.09629352798189
14,32,13.824255233865852
14,33,12.660617145600696
14,34,13.768229427896467
14,35,12.508810214189504
14,36,15.493634900677383
14,37,17.59134008946508
14,38,21.32810907740227
14,39,23.107071602490173
14,40,26.552647880494355
14,41,27.854904213038143
14,42,27.609234094968897
14,43,31.343460340990553
14,44,31.084533015279757
14,45,29.620601819614254
14,46,31.19817202958946
14,47,28.083493939278032
14,48,24.321834896500118
14,49,23.781538597279635
14,50,25.935705343465397
14,51,24.203834743763498
14,52,20.762273188676897
14,53,22.159695083712823
14,54,23.79045416770003
14,55,20.983065998132343
14,56,18.78024508233918
14,57,21.829445137407493
14,58,22.89617975079603
14,59,19.55898119649372
14,60,18.903823268768974
14,61,22.597471086359928
14,62,22.880857324317194
14,63,19.881385870392485
14,64,21.52415401932211
14,65,24.53163400518144
14,66,23.42111780734476
14,67,21.94239049557457
14,68,25.049165602609463
14,69,27.15312238506043
14,70,25.3008621134337
14,71,26.336544944526157
14,72,23.131096060669073
14,73,22.31905975591421
14,74,19.638141399249005
14,75,19.94695497955663
14,76,19.81530070106241
14,77,16.52557533324234
14,78,15.22105360871031
14,79,16.77269796883962
14,80,15.489978300693366
14,81,11.755324410723277
14,82,12.663317617137807
14,83,14.604171231246346
14,84,11.93354319047444
14,85,9.755639335711528
14,86,13.083071247310727
14,87,14.251626181344193
14,88,11.742122412351344
14,89,12.7510339165393
14,90,16.305627091947144
14,91,16.54798377292477
14,92,15.40279984796678
14,93,18.036900970759138
14,94,20.576119169085285
14,95,20.175956785664823
14,96,21.118342243812076
14,97,23.935621539690253
14,98,25.00156606098208
14,99,25.40186025874669
14,100,27.9595569498579
14,101,30.5348753760504
15,1,29.145004147043867
15,2,30.99882356877363
15,3,30.539440982608934
15,4,26.94005208721043
15,5,25.664747370846566
15,6,22.860109798885322
15,7,20.606124789717974
15,8,19.80371803438635
15,9,17.12171029611032
15,10,14.012812269493933
15,11,11.894738510281648
15,12,9.026337974483567
15,13,5.948604552420668
15,14,3.7876555101557536
15,16,3.8017442804995754
15,17,6.419092492624272
15,18,9.345325620729708
15,19,11.454183640033216
15,20,12.212710522713982
15,21,12.90425079442491
15,22,9.933611872436044
15,23,7.605326778924042
15,24,10.374618133150737
15,25,10.929745767988306
15,26,7.727181195330687
15,27,8.34789192871582
15,28,11.882857045409303
15,29,11.576746216528674
15,30,9.125830769576265
15,31,12.317311580408662
15,32,14.179242626742143
15,33,12.520159409186443
15,34,13.9026355838976
15,35,13.464773825467446
15,36,16.1050248987176
15,37,17.462370403978223
15,38,20.9824269593969
15,39,22.489177146069196
15,40,25.904561345179815
15,41,27.383834816169603
15,42,26.836965885095612
15,43,30.448487650972368
15,44,29.985726762930057
15,45,28.15712457072374
15,46,29.47835446371409
15,47,26.33308098931118
15,48,22.655245322316105
15,49,21.639843910088768
15,50,23.934181206522293
15,51,22.67851982549454
15,52,19.026240930916405
15,53,20.013141280593512
15,54,22.05739425970939
15,55,19.704023073848163
15,56,17.092866377742364
15,57,20.003217520376136
15,58,21.64070656467324
15,59,18.64939158794859
15,60,17.57934578086434
15,61,21.273127232392188
15,62,22.167418794807144
15,63,19.363259245959977
15,64,20.54437339296712
15,65,23.88196736088739
15,66,23.346503830317005
15,67,21.769154865224866
15,68,24.494820342023374
15,69,27.007279214730406
15,70,25.503359651950667
15,71,26.174833120327175
15,72,22.74746370396364
15,73,21.326700514859475
15,74,18.235104005061945
15,75,18.04378613646185
15,76,17.30670010396035
15,77,13.99668765803345
15,78,13.28564758072267
15,79,14.51783151357616
15,80,12.593580323303549
15,81,9.11056989983511
15,82,10.7969624625237
15,83,12.217707283998445
15,84,9.14977024822021
15,85,8.064313187941531
15,86,11.734212523943333
15,87,12.312830637242813
15,88,10.295504027706086
15,89,12.277906527842005
15,90,15.360776709565538
15,91,15.44171969198725
15,92,15.168828181980091
15,93,17.925894007369372
15,94,19.966420076839462
15,95,19.87235041817251
15,96,21.40981441163669
15,97,23.922230847852212
15,98,24.639656179853947
15,99,25.400393967590475
15,100,28.199952834742277
15,101,30.397295371945944
16,1,32.25341575597864
16,2,33.97227154438119
16,3,33.630768842419634
16,4,30.11189174330228
16,5,29.064700103571283
16,6,26.392713470756625
16,7,24.233948561142732
16,8,23.569055113210844
16,9,20.917020329071946
16,10,17.806169696703464
16,11,15.607970558079412
16,12,12.703244370820093
16,13,9.618964065335538
16,14,6.700885924964224
16,15,3.8017442804995754
16,17,3.8003542773778176
16,18,5.757644555548198
16,19,8.055106571180637
16,20,9.176434537623127
16,21,10.551205699453943
16,22,8.031824128412389
16,23,5.671112863255876
16,24,9.1975944211131
16,25,10.445916459586837
16,26,8.305944745825427
16,27,9.197893289738277
16,28,12.648745421053803
16,29,12.997735061227774
16,30,11.497377668297716
16,31,15.028923821746025
16,32,16.645549898918013
16,33,15.32120086588795
16,34,17.161946380279048
16,35,17.102222990143503
16,36,19.728621095013455
16,37,20.838765191870813
16,38,24.21234281121854
16,39,25.565801207025018
16,40,28.912921064966415
16,41,30.419632210454782
16,42,29.607728944737996
16,43,33.109491951742825
16,44,32.60239122918877
16,45,30.470007245584423
16,46,31.465857553693933
16,47,28.23883225696921
16,48,24.671573667084886
16,49,23.32134010803423
16,50,25.83778972589606
16,51,25.044139333262923
16,52,21.297105974263367
16,53,21.92729536336693
16,54,24.341311711798202
16,55,22.399444215867298
16,56,19.51259611779834
16,57,22.167485665146646
16,58,24.23403877382403
16,59,21.504084802679618
16,60,20.014123027168367
16,61,23.571277254676108
16,62,24.874871331810983
16,63,22.077068300932556
16,64,22.7564954011462
16,65,26.28845701002693
16,66,26.000833968029884
16,67,24.0851303327782
16,68,26.502830057260756
16,69,29.27972111198514
16,70,27.74990918119565
16,71,27.97150050503202
16,72,24.35318316292252
16,73,22.61620748530399
16,74,19.408567543835858
16,75,18.46913065139554
16,76,17.392284625237235
16,77,13.844880335844035
16,78,14.155384713585883
16,79,15.623296762862806
16,80,13.124408267225142
16,81,10.158502069015727
16,82,12.840624802454705
16,83,13.998177331764573
16,84,10.810759533888234
16,85,10.896305766450784
16,86,14.596682897017061
16,87,14.688913516748668
16,88,13.023881257001035
16,89,15.558496871022715
16,90,18.31045185128033
16,91,18.068747358309803
16,92,18.205682138103235
16,93,21.14235596495798
16,94,22.81388740869602
16,95,22.6380217364575
16,96,24.526876381344742
16,97,27.00597364567209
16,98,27.378241779227114
16,99,28.112102368583216
16,100,31.12235184811016
16,101,33.101108000036064
17,1,31.966205871062307
17,2,33.51521805513087
17,3,33.474521314556796
17,4,30.089704390044773
17,5,29.516482314570975
17,6,27.079921663949165
17,7,25.33725926587881
17,8,25.138189331884117
17,9,22.639891603124838
17,10,19.832110851886085
17,11,18.066456523990233
17,12,14.90716791002862
17,13,12.268375434315276
17,14,9.86407186499171
17,15,6.419092492624272
17,16,3.8003542773778176
17,18,3.7884464688073995
17,19,5.982455604719497
17,20,8.28277154150843
17,21,8.89317967762567
17,22,5.909727073815525
17,23,5.565588482562588
17,24,9.265661461951987
17,25,9.613436636233853
17,26,8.179866081417758
17,27,10.388868195663763
17,28,13.124547075723958
17,29,13.010515915689258
17,30,12.176227002270126
17,31,15.985155703872815
17,32,16.77589092881733
17,33,15.376728472555307
17,34,17.55080373030401
17,35,18.268850693165476
17,36,20.691675049870128
17,37,21.28679022310633
17,38,24.33518660579867
17,39,25.62596204533417
17,40,28.94582039567123
17,41,30.753095159853626
17,42,29.881745691149614
17,43,33.200184319424345
17,44,32.34945504886157
17,45,30.024349444305695
17,46,30.900184196712857
17,47,27.838953597736108
17,48,24.48751882678938
17,49,22.598922053702584
17,50,24.970913758545382
17,51,24.64405809942048
17,52,20.836440565952586
17,53,20.824921784414155
17,54,23.40292861418644
17,55,21.96087345398699
17,56,18.700309880459628
17,57,20.88161347174184
17,58,23.36421726902125
17,59,21.014729631578493
17,60,19.011395117139354
17,61,22.316090000438155
17,62,24.121662509630085
17,63,21.48729282230719
17,64,21.577102225004506
17,65,25.284189614851595
17,66,25.472362615209384
17,67,23.39058620951132
17,68,25.34521653552483
17,69,28.432749025386872
17,70,27.184234538353646
