1,2,3.810763516454753
1,3,6.807582237667893
1,4,6.448914852333467
1,5,9.525457260895417
1,6,11.51362819289129
1,7,14.966269662962628
1,8,18.193822915552328
1,9,19.778170935331328
1,10,22.276309731900138
1,11,25.414960523754765
1,12,25.160218959771985
1,13,27.429096835870762
1,14,30.28537302915168
1,15,29.537884286697956
1,16,32.32550442700937
1,17,31.587895852761083
1,18,35.06551504919319
1,19,36.63376136686652
1,20,37.856827323931114
1,21,35.56277275521845
1,22,32.23938269331452
1,23,33.327587652046404
1,24,34.31059435792662
1,25,31.24896135487327
1,26,28.91503418930441
1,27,30.98357195222063
1,28,30.70756136988842
1,29,27.095907339470937
1,30,25.30570448772666
1,31,24.604476353672574
1,32,22.13490679345339
1,33,19.912867062260776
1,34,17.35003349086747
1,35,19.124784984769228
1,36,16.264640195966834
1,37,13.495875177083377
1,38,9.964412857862195
1,39,10.229108677781227
1,40,10.114542293718412
1,41,13.303407205931833
1,42,16.32815844173378
1,43,17.881412106903014
1,44,15.328655374378295
1,45,16.72867374415301
1,46,20.153987149201217
1,47,21.327196398215158
1,48,20.858980176664154
1,49,20.569867850570283
1,50,17.594358318159248
1,51,15.665452614899774
1,52,16.773086596048188
1,53,16.06658869348753
1,54,12.399903135694213
1,55,12.222097819250164
1,56,14.090116843072924
1,57,12.224653267313737
1,58,8.75077892062666
1,59,10.801484396548686
1,60,13.038449866498976
1,61,10.726507595686398
1,62,9.294363871733788
1,63,12.89009723433963
1,64,14.231220451622152
1,65,12.57712913253656
1,66,13.787592570958404
1,67,17.090389079453015
1,68,17.58736493261079
1,69,17.250494307412858
1,70,20.0163912618065
1,71,21.922424907287894
1,72,22.177350707848035
1,73,21.61269189468195
1,74,21.383838098596748
1,75,24.153425999322156
1,76,24.262891455601856
1,77,25.817527448485162
1,78,23.136430482355653
1,79,20.551288314831073
1,80,22.955049356942812
1,81,23.68456123751084
1,82,20.184622153155885
1,83,19.415116038574382
1,84,22.422570950875123
1,85,21.842860488491137
1,86,18.179843227920017
1,87,19.447943143824315
1,88,22.079347608382804
1,89,19.819749376291195
1,90,17.550358886306313
1,91,20.836578182233563
1,92,21.921674070518744
1,93,18.813598926988245
1,94,19.316049478315485
1,95,23.0018062464617
1,96,22.41129661973749
1,97,20.037753872793967
1,98,22.565424141697523
1,99,25.71901397179304
1,100,24.866315921325135
1,101,24.047762267270837
2,1,3.810763516454753
2,3,3.7613319875408116
2,4,5.346233625257234
2,5,8.426132555084045
2,6,11.359358175707081
2,7,14.676558479057196
2,8,17.951048635292302
2,9,20.196728879464715
2,10,22.837999738697835
2,11,26.25915350828391
2,12,26.515092901755388
2,13,28.777065093820344
2,14,31.892490272305583
2,15,31.393594513586564
2,16,34.374705340313426
2,17,33.92494261307475
2,18,37.40984363010567
2,19,39.21137775769878
2,20,40.49183554209751
2,21,38.405250814428655
2,22,34.98624712801111
2,23,35.802558898933604
2,24,36.91395041203804
2,25,34.043423553367084
2,26,31.468312373575596
2,27,33.327531106580594
2,28,33.28063793366549
2,29,29.79507758629021
2,30,27.689173820491515
2,31,26.85302059650255
2,32,24.745836445267333
2,33,22.371950449470464
2,34,19.402969591136333
2,35,20.560174209888718
2,36,17.288096071551028
2,37,14.525202339472315
2,38,10.78229736614281
2,39,10.216499191623376
2,40,9.0010170843452
2,41,11.3781591728344
2,42,14.815137682192843
2,43,15.862936426583898
2,44,13.613287339581303
2,45,15.785424810341203
2,46,19.374574181058662
2,47,20.836733976082787
2,48,20.7603941134887
2,49,21.09919395857586
2,50,18.028713069366102
2,51,15.799200889032258
2,52,17.551794527306477
2,53,17.44527586651673
2,54,13.679873474456766
2,55,13.416806615935483
2,56,16.038717715567497
2,57,14.757699251503112
2,58,11.301961720744938
2,59,13.146231224459529
2,60,15.955382708833177
2,61,14.141472240400171
2,62,12.500460058321053
2,63,15.852000260592156
2,64,17.659799108684187
2,65,16.083129977466253
2,66,16.80633440594803
2,67,20.21541608150851
2,68,21.021543591184194
2,69,20.415291168826588
2,70,22.9807655890236
2,71,25.193535417914237
2,72,25.49224949459807
2,73,25.108761331450868
2,74,24.81948884656386
2,75,27.629748729068318
2,76,27.66462616737749
2,77,28.99008096632192
2,78,26.256358097930768
2,79,23.692016329651356
2,80,25.84513655065745
2,81,26.33319142406156
2,82,22.794300081361534
2,83,21.902070919964682
2,84,24.56950614695268
2,85,23.754265770617597
2,86,20.001712017169947
2,87,21.005326171898915
2,88,23.29766816863761
2,89,20.794691970939706
2,90,18.29893512038536
2,91,21.295598455608612
2,92,22.090111542466733
2,93,18.640676214932213
2,94,18.875941190163616
2,95,22.430969428957596
2,96,21.524012858405666
2,97,18.72265520964581
2,98,21.217741273291235
2,99,24.189212074850655
2,100,22.857675679379323
2,101,21.9225121434307
3,1,6.807582237667893
3,2,3.7613319875408116
3,4,3.77116342048128
3,5,6.551458992077089
3,6,10.16812167244709
3,7,12.863510951696997
3,8,16.288961069428137
3,9,18.98229334344153
3,10,21.40110217506397
3,11,24.957683692979582
3,12,25.57101833555734
3,13,27.607462878102382
3,14,30.91000624840588
3,15,30.53263348906628
3,16,33.62565482720846
3,17,33.45062812970563
3,18,36.88102066678471
3,19,38.984703389391456
3,20,40.41236874459073
3,21,38.637500408595145
3,22,35.092585829390174
3,23,35.61688713570674
3,24,36.99763571402062
3,25,34.403573592694386
3,26,31.539551491097416
3,27,33.271925431766235
3,28,33.63509279830341
3,29,30.324598251638836
3,30,27.83736430065866
3,31,27.162489406036308
3,32,25.46939047995873
3,33,22.739694384090953
3,34,19.467744729601698
3,35,20.03711990350201
3,36,16.451589084590232
3,37,13.544719740916975
3,38,9.874755936777122
3,39,8.292046815036278
3,40,6.172759818607613
3,41,7.823935925262296
3,42,11.410115633941112
3,43,12.349977752471567
3,44,10.532345784760867
3,45,13.056751555617526
3,46,16.756176728810747
3,47,18.144870795596084
3,48,18.208125551671692
3,49,19.1085012577112
3,50,16.183916908560946
3,51,13.613089059890255
3,52,15.780426790866732
3,53,16.33817319211062
3,54,12.716282788649686
3,55,12.261271495018322
3,56,15.489168641819912
3,57,14.96856893585148
3,58,11.770276570251987
3,59,13.376719616276537
3,60,16.657307004428134
3,61,15.609716979482261
3,62,14.117257036846453
3,63,17.125626733218496
3,64,19.392670703097654
3,65,18.403396714144897
3,66,18.87375051979695
3,67,22.060919075032242
3,68,23.337127054907853
3,69,22.995708547612796
3,70,25.22078737768349
3,71,27.57930031147902
3,72,27.490971979277525
3,73,26.98538423614152
3,74,26.29526301659909
3,75,28.995709301317977
3,76,28.768889752954973
3,77,29.71552209059657
3,78,27.03634057200071
3,79,24.437692874134285
3,80,26.145612359120463
3,81,26.37492605770711
3,82,22.9085143549775
3,83,21.767770296666388
3,84,23.977334398269786
3,85,23.026215431138088
3,86,19.270625783340407
3,87,19.86201576170828
3,88,21.81218298044975
3,89,19.257155522776543
3,90,16.51732147061475
3,91,19.128972621521076
3,92,19.77145461789755
3,93,16.173453844409202
3,94,16.066061941752466
3,95,19.48509481192518
3,96,18.51173740267487
3,97,15.436437736631081
3,98,17.80385474476802
3,99,20.710419259322443
3,100,19.249397117201827
3,101,18.211078805119847
4,1,6.448914852333467
4,2,5.346233625257234
4,3,3.77116342048128
4,5,3.7293745178561517
4,6,6.878614920046956
4,7,9.699543223090702
4,8,13.239201258631642
4,9,15.592918991820857
4,10,17.937951990477437
4,11,21.412803535929417
4,12,21.874991732215292
4,13,23.96951533250727
4,14,27.23538415106497
4,15,26.903009768431918
4,16,30.0438371295103
4,17,29.947169713242378
4,18,33.44272641435584
4,19,35.48375892534395
4,20,36.80527554337134
4,21,35.06012222555458
4,22,31.5228330417168
4,23,31.952422433049705
4,24,33.29281178776126
4,25,30.751843776268366
4,26,27.839081915022067
4,27,29.514015519285106
4,28,29.918187542390676
4,29,26.654582887064606
4,30,24.097029698245187
4,31,23.4677015368246
4,32,21.865590863447572
4,33,19.05084478114532
4,34,15.733154062942399
4,35,16.30867086984534
4,36,12.760760053231257
4,37,9.81421553850102
4,38,6.1209051368828495
4,39,5.1774243679195795
4,40,4.830381883888405
4,41,7.467150540195491
4,42,10.721190231649464
4,43,12.79773463518046
4,44,11.244102635598209
4,45,12.905872871568542
4,46,16.633834215219828
4,47,17.277138638742944
4,48,16.580131689444162
4,49,17.317441947656285
4,50,14.81237022111426
4,51,11.869671715898033
4,52,13.295683654281081
4,53,14.061430794381096
4,54,10.584710675901585
4,55,9.279343475069242
4,56,12.37298751407428
4,57,12.272594911035467
4,58,8.952579078636555
4,59,9.907420216246027
4,60,13.38735331468365
4,61,12.858652394478968
4,62,11.203464949931448
4,63,13.855902636966833
4,64,16.43772939252314
4,65,15.89562928326258
4,66,16.130097734389626
4,67,19.062676948041325
4,68,20.701040514141667
4,69,20.653828587071715
4,70,22.564447656841743
4,71,24.95842039434592
4,72,24.536746225531285
4,73,23.998719813844904
4,74,23.141689436266336
4,75,25.87629673288074
4,76,25.728164128010167
4,77,26.421604110688545
4,78,23.634456466640255
4,79,21.203713149401064
4,80,22.899239885516444
4,81,22.876106247986225
4,82,19.36198180227072
4,83,18.442966117536134
4,84,20.597851140976434
4,85,19.435667624096183
4,86,15.695627686465379
4,87,16.604313022022907
4,88,18.47655916233661
4,89,15.792424934107657
4,90,13.31461099047063
4,91,16.265476223335174
4,92,16.804794487737336
4,93,13.311675569346358
4,94,13.775190165193806
4,95,17.27200637843772
4,96,16.314249389523187
4,97,13.765235395245245
4,98,16.485586175273216
4,99,19.44128916357499
4,100,18.483595867231596
4,101,17.923457423169186
5,1,9.525457260895417
5,2,8.426132555084045
5,3,6.551458992077089
5,4,3.7293745178561517
5,6,3.7958807992058308
5,7,6.426905598347504
5,8,9.76561229336377
5,9,12.478044720640181
5,10,15.045780008200897
5,11,18.680146334723133
5,12,19.618950195425093
5,13,21.90500935828868
5,14,25.337926139095906
5,15,25.489936046779643
5,16,28.884693953496228
5,17,29.239015578014
5,18,32.80602125839797
5,19,34.87294629881491
5,20,35.97334935949643
5,21,34.43422347301024
5,22,30.920560437845197
5,23,30.92475798021676
5,24,32.178979647086784
5,25,29.906163725284447
5,26,26.796428274424734
5,27,28.04097318398424
5,28,28.59078167251498
5,29,25.58128662685389
5,30,22.740138945343784
5,31,21.82884876160967
5,32,20.762043872966633
5,33,17.98644372173764
5,34,14.351837542013225
5,35,14.156807293690457
5,36,10.45039690599077
5,37,8.199908327484565
5,38,5.317795732898459
5,39,5.323872508111124
5,40,6.228337609744003
5,41,7.566515953192982
5,42,10.627333235244583
5,43,13.269535788203527
5,44,12.745571750135584
5,45,14.306087410355717
5,46,17.98162211751317
5,47,17.99902513538028
5,48,16.798028164749255
5,49,18.04304827065843
5,50,16.18443285529731
5,51,12.733357394908817
5,52,13.66400426152101
5,53,15.258479448980934
5,54,12.295116743592619
5,55,9.951538194557932
5,56,12.982978060367412
5,57,13.813094454389441
5,58,10.672424560234537
5,59,10.294270666926076
5,60,14.002920048307418
5,61,14.276603026466463
5,62,12.113831622910718
5,63,13.922848195192264
5,64,17.09533478581212
5,65,16.843586908815567
5,66,16.268874439640253
5,67,18.997401143919465
5,68,21.226969513834817
5,69,21.06837625052419
5,70,22.399889761394675
5,71,25.140345251042486
5,72,24.549116035897402
5,73,24.339693742975943
5,74,23.474917355649087
5,75,26.350320081879094
5,76,26.43180100261295
5,77,26.64119813528125
5,78,23.632652775774822
5,79,21.64143507918886
5,80,23.216073078893345
5,81,22.575993651092492
5,82,19.041933388326612
5,83,18.580537848545806
5,84,20.281218997992344
5,85,18.49072909729029
5,86,14.947151469555454
5,87,16.196549011680155
5,88,17.34832452236768
5,89,14.180337259532484
5,90,12.273910073415099
5,91,15.17911216912838
5,92,14.897376462317002
5,93,11.269632284090006
5,94,12.480045430588579
5,95,15.558954191969072
5,96,13.944460599737583
5,97,11.779801660835144
5,98,15.017907215440943
5,99,17.503905963029837
5,100,16.476788996304013
5,101,16.638991569748544
6,1,11.51362819289129
6,2,11.359358175707081
6,3,10.16812167244709
6,4,6.878614920046956
6,5,3.7958807992058308
6,7,3.8014422545963056
6,8,6.7040737957183225
6,9,8.91545841591634
6,10,11.742039126493962
6,11,15.322769911239227
6,12,16.269003718013796
6,13,18.856129504745223
6,14,22.258799207882994
6,15,22.71585550900108
6,16,26.23802096177026
6,17,26.8214688811934
6,18,30.475720193356285
6,19,32.37285086023427
6,20,33.19106513890715
6,21,31.687914720803843
6,22,28.265834735078467
6,23,28.04187219256063
6,24,29.093792237107298
6,25,26.935946998842308
6,26,23.790209505430457
6,27,24.748277584765365
6,28,25.260461912897927
6,29,22.400896290571055
6,30,19.471115109919122
6,31,18.33396404438386
6,32,17.572131399383736
6,33,14.921307750315677
6,34,11.171319632162131
6,35,10.621288062785622
6,36,7.005682805738581
6,37,5.735787357727721
6,38,4.4369786607196895
6,39,6.548283270406869
6,40,9.024214682203407
6,41,10.398037380551216
6,42,12.71900793705659
6,43,15.921608194966998
6,44,15.684309628760348
6,45,16.631117015036814
6,46,20.1001940248787
6,47,19.470736257742026
6,48,17.571345280911718
6,49,18.662236111106914
6,50,17.417109287437967
6,51,13.887116172011797
6,52,13.808635998501062
6,53,15.610361712168304
6,54,13.196187053879886
6,55,10.046799828124893
6,56,12.311537376268717
6,57,13.686004552582675
6,58,10.809269793424605
6,59,9.083261088674137
6,60,12.60878492945122
6,61,13.577973699584438
6,62,11.084844872389812
6,63,11.905587186013308
6,64,15.464073030915662
6,65,15.619980900240774
6,66,14.40907287638119
6,67,16.72716371091139
6,68,19.445301211022915
6,69,19.39777570704197
6,70,20.160507575268927
6,71,23.042209966848713
6,72,22.19159174102624
6,73,22.20438362471589
6,74,21.345453751583246
6,75,24.322088392782337
6,76,24.696557105292655
6,77,24.536015223467636
6,78,21.324024236584812
6,79,19.816197111143556
6,80,21.43446975842849
6,81,20.298948697374176
6,82,16.753985160537844
6,83,16.921965728218325
6,84,18.418041661895057
6,85,16.115771019387584
6,86,12.84981984578263
6,87,14.780587750020958
6,88,15.489840527187813
6,89,12.001444211967874
6,90,11.053891033516967
6,91,14.224422506793209
6,92,13.405059233702968
6,93,10.161445343553869
6,94,12.43801061886512
6,95,15.14903343378806
6,96,13.317633134786416
6,97,12.18643776240465
6,98,15.698910328449687
6,99,17.855154785853617
6,100,17.29246072042684
6,101,18.12395814193796
7,1,14.966269662962628
7,2,14.676558479057196
7,3,12.863510951696997
7,4,9.699543223090702
7,5,6.426905598347504
7,6,3.8014422545963056
7,8,3.782814108915821
7,9,6.513612321309979
7,10,8.787682808756566
7,11,12.512511284978283
7,12,13.993693369959653
7,13,16.312938370601323
7,14,19.897838296064734
7,15,20.65914558881023
7,16,24.31344970707219
7,17,25.333170732104378
7,18,28.891052182452594
7,19,31.020218098250233
7,20,31.8713604936179
7,21,30.77193170617512
7,22,27.322575382304823
7,23,26.65994543040445
7,24,27.936105156347296
7,25,26.216087447255493
7,26,22.804779978843996
7,27,23.46519997586274
7,28,24.482376265256725
7,29,22.01197444633059
7,30,18.69521815907363
7,31,17.810453783982794
7,32,17.764493837809606
7,33,14.882613729832967
7,34,11.115372541475207
7,35,9.428648139991337
7,36,5.826707538603439
7,37,5.445114417158579
7,38,6.195379468303348
7,39,7.548732531590078
7,40,10.190028747808569
7,41,10.662791654454598
7,42,12.016605702873056
7,43,15.554774170662085
7,44,16.063148310485573
7,45,16.580205477209237
7,46,19.722759128866663
7,47,18.466880909080956
7,48,16.168306681299043
7,49,17.69832166336779
7,50,17.16964326067623
7,51,13.485392416281323
7,52,13.014716636661836
7,53,15.580906305882397
7,54,13.913923956626125
7,55,10.42515188285129
7,56,12.57060211751959
7,57,14.871560551684958
7,58,12.737373414559375
7,59,10.570539223638923
7,60,13.909070256684434
7,61,15.723622015600977
7,62,13.682404467790139
7,63,13.800588904682996
7,64,17.453760978393564
7,65,18.25845061016138
7,66,16.91018609905203
7,67,18.63784134343019
7,68,21.698144091653514
7,69,21.998828969121718
7,70,22.300478289805902
7,71,25.13327022100783
7,72,23.828394032766045
7,73,23.71839233211499
7,74,22.45864022032208
7,75,25.182838697901442
7,76,25.35609817051945
7,77,24.654419907636406
7,78,21.586312208216928
7,79,20.30875721071022
7,80,21.352902554514195
7,81,19.743580148015987
7,82,16.514130416681354
7,83,16.66820405151252
7,84,17.383024522240195
7,85,14.722662669067084
7,86,11.884951498953326
7,87,13.521246205412757
7,88,13.359518966044591
7,89,9.68236917058098
7,90,9.245069945677072
7,91,11.868183702159957
7,92,10.292566973298952
7,93,7.191532788799148
7,94,10.07351373819112
7,95,12.152188876106276
7,96,10.00827737343837
7,97,9.656623365427507
7,98,13.246371446597605
7,99,14.996255076952144
7,100,14.840477406422727
7,101,16.198272204491435
8,1,18.193822915552328
8,2,17.951048635292302
8,3,16.288961069428137
8,4,13.239201258631642
8,5,9.76561229336377
8,6,6.7040737957183225
8,7,3.782814108915821
8,9,3.8335178980282714
8,10,6.566868247439537
8,11,10.258187618641038
8,12,12.461286723336967
8,13,15.077850691225484
8,14,18.648337416193005
8,15,20.09596178739668
8,16,23.90087307158052
8,17,25.399481611757302
8,18,28.93747902071642
8,19,30.924425266116337
8,20,31.409406785805025
8,21,30.510145625588827
8,22,27.245770072132053
8,23,26.12781863520949
8,24,27.150619215065475
8,25,25.77541765685206
8,26,22.32917420744733
8,27,22.370087950977044
8,28,23.440702977916306
8,29,21.4046174333279
8,30,17.977607684356112
8,31,16.685822180454235
8,32,17.376284600629877
8,33,14.92691467339558
8,34,11.355371311237079
8,35,8.659334283364217
8,36,6.123727924122438
8,37,7.8092872537324824
8,38,9.55617199680685
8,39,11.2945680322297
8,40,13.92756864014789
8,41,14.033684501104146
8,42,15.110068508062891
8,43,18.611609111677726
8,44,19.5257391381122
8,45,19.97873672968948
8,46,22.93981873707437
8,47,21.34894728116558
8,48,18.78257262102747
8,49,20.43790470057857
8,50,20.374231859321707
8,51,16.736118923470514
8,52,15.85027982523751
8,53,18.589349432419297
8,54,17.314217649322167
8,55,13.674154731782343
8,56,15.268533480619194
8,57,17.817319866221684
8,58,15.887728739440645
8,59,13.172495779265848
8,60,16.070880650165073
8,61,18.20685418588233
8,62,15.943832085848369
8,63,15.308343870767853
8,64,19.05935474734554
8,65,19.989348492111976
8,66,18.027132623672298
8,67,19.360784264736722
8,68,22.765545274877102
8,69,22.927473300693215
8,70,22.616039994080026
8,71,25.634870871999446
8,72,24.24278412194981
8,73,24.52107293156545
8,74,23.398331824927705
8,75,26.164665636126486
8,76,26.65165747529285
8,77,25.53446745278208
8,78,22.3527638496394
8,79,21.68176006826635
8,80,22.653432514302928
8,81,20.483527564536764
8,82,17.484906212668356
8,83,18.267374973728494
8,84,18.525838191038577
8,85,15.333699827815014
8,86,13.22389938661986
8,87,15.224503832387816
8,88,14.23786144230277
8,89,10.481918672067147
8,90,11.28327340998035
8,91,13.445992032727556
8,92,10.959355570103705
8,93,8.746948834624002
8,94,12.172733779242558
8,95,13.276307507112909
8,96,10.605017395101237
8,97,11.334830842172533
8,98,14.873041137366581
8,99,15.79644020056549
8,100,15.742571438540061
8,101,17.837696446349007
9,1,19.778170935331328
9,2,20.196728879464715
9,3,18.98229334344153
9,4,15.592918991820857
9,5,12.478044720640181
9,6,8.91545841591634
9,7,6.513612321309979
9,8,3.8335178980282714
9,10,3.7663944171624264
9,11,7.081235185081154
9,12,9.047431619037567
9,13,12.077585300472988
9,14,15.460464334789451
9,15,17.159763866657908
9,16,20.98012636092023
9,17,22.61076547330944
9,18,26.175540517600012
9,19,27.909647595440752
9,20,28.113305317439522
9,21,27.22250554971452
9,22,24.10651079107633
9,23,22.8214469403124
9,24,23.624860804096762
9,25,22.37112935247644
9,26,18.965243367546375
9,27,18.736076021186033
9,28,19.785202713943043
9,29,17.966489553256675
9,30,14.510745335176107
9,31,13.134482826718324
9,32,14.276846132527321
9,33,12.074772218848283
9,34,8.912177765582657
9,35,5.579947467103327
9,36,4.727787029975667
9,37,7.961621328222821
9,38,10.79054947777839
9,39,13.201367046688897
9,40,16.390386216990247
9,41,17.030176461811493
9,42,17.81583971951697
9,43,21.525741301919005
9,44,22.192961978768995
9,45,22.163383852846795
9,46,24.92191752295862
9,47,22.999849871184985
9,48,20.0120088417428
9,49,21.181229859909042
9,50,21.506400842878264
9,51,18.137905871216258
9,52,16.48213033592683
9,53,18.96478076797202
9,54,18.173658670259712
9,55,14.402365907359215
9,56,15.052869926649448
9,57,17.743102198169485
9,58,16.280660862422607
9,59,12.96547258844316
9,60,15.133826845978554
9,61,17.723116909001686
9,62,15.627606433461706
9,63,14.10924184427615
9,64,17.73072155103458
9,65,19.122548472771808
9,66,16.92024133998469
9,67,17.54723595412714
9,68,21.180106812607143
9,69,21.64571899645999
9,70,20.821841658208132
9,71,23.683264263018717
9,72,21.943385998939803
9,73,22.279767515135603
9,74,21.093129834843598
9,75,23.75709748420448
9,76,24.45401002603895
9,77,22.99585703473757
9,78,19.78351618301271
9,79,19.65088233185544
9,80,20.57299773785678
9,81,17.99572819785898
9,82,15.235682970598923
9,83,16.650559656167346
9,84,16.673218448560338
9,85,13.145903756617537
9,86,11.729952772420253
9,87,14.293443270498653
9,88,12.981295126971116
9,89,9.421107125965218
9,90,11.39572208531897
9,91,13.610914731751441
9,92,11.116371270225038
9,93,10.020223091378654
9,94,13.765795028720236
9,95,14.634911611414058
9,96,12.52475440495505
9,97,14.007178188470931
9,98,17.25008762273766
9,99,18.16009332358718
9,100,18.69560587563969
9,101,20.84226673872723
10,1,22.276309731900138
10,2,22.837999738697835
10,3,21.40110217506397
10,4,17.937951990477437
10,5,15.045780008200897
10,6,11.742039126493962
10,7,8.787682808756566
10,8,6.566868247439537
10,9,3.7663944171624264
10,11,3.76745353671536
10,12,6.251185896015626
10,13,8.72645727783771
10,14,12.242865562390975
10,15,14.144968433646278
10,16,17.992591119569656
10,17,19.984785744639083
10,18,23.38041861449112
10,19,25.316021158722855
10,20,25.622239652167238
10,21,25.147148473543705
10,22,22.034240358116392
10,23,20.38436058794911
10,24,21.51709078590204
10,25,20.73216255444867
10,26,17.13601587148513
10,27,16.749519473659923
10,28,18.447448197873527
10,29,17.077122021639948
10,30,13.369841119606336
10,31,12.777163830974986
10,32,14.49168923816005
10,33,12.073762966855607
10,34,9.572016313893958
10,35,5.892530923398984
10,36,6.305494182543438
10,37,9.242043315416385
10,38,12.658035937127055
10,39,14.627703355397498
10,40,17.88719819537209
10,41,18.384568914270897
10,42,18.40748185647397
10,43,22.20759143121768
10,44,23.069812638752335
10,45,22.485009723918942
10,46,24.79856885167685
10,47,22.3846122085418
10,48,19.069294609929678
10,49,20.18519212580147
10,50,21.16706960481597
10,51,18.068287450095365
10,52,15.912309347363017
10,53,18.60234707267385
10,54,18.566019339210285
10,55,14.883121529115286
10,56,15.057231170559039
10,57,18.235015857966943
10,58,17.517464111969137
10,59,14.174477167933027
10,60,15.892586202067378
10,61,19.0162888206155
10,62,17.549281288683602
10,63,15.722969692084655
10,64,19.06677469452255
10,65,21.05144152635472
10,66,19.145395599126232
10,67,19.205186694198403
10,68,22.84429737655041
10,69,23.828298961938962
10,70,22.82815986745908
10,71,25.33529355362106
10,72,23.109050303439602
10,73,23.062425935774712
10,74,21.383868372095115
10,75,23.58511738745812
10,76,23.948873719355348
10,77,22.011589063793508
10,78,19.166241367485018
10,79,19.215552206629376
10,80,19.469852963083415
10,81,16.553761572160283
10,82,14.39221413394658
10,83,15.707841339590473
10,84,14.905885108398323
10,85,11.246695053072928
10,86,10.735193500275361
10,87,12.861530203350876
10,88,10.695872911897457
10,89,7.6434349431056585
10,90,10.51182674924161
10,91,11.926808535429771
10,92,9.122272705655163
10,93,9.364070672100645
10,94,13.069519959417935
10,95,13.231036460030063
10,96,11.670218838585985
10,97,14.0278380531384
10,98,16.72877669325819
10,99,17.41692672603645
10,100,18.67158598733436
10,101,20.906344857116746
11,1,25.414960523754765
11,2,26.25915350828391
11,3,24.957683692979582
11,4,21.412803535929417
11,5,18.680146334723133
11,6,15.322769911239227
11,7,12.512511284978283
11,8,10.258187618641038
11,9,7.081235185081154
11,10,3.76745353671536
11,12,3.741798572077725
11,13,5.951345009842846
11,14,9.109824578532015
11,15,11.686498192098123
11,16,15.462999145320303
11,17,17.906131083793184
11,18,21.11507359691589
11,19,22.886400340852884
11,20,22.908521466474365
11,21,22.76382327733736
11,22,19.903251238537216
11,23,17.776064672828863
11,24,18.822209729911922
11,25,18.575917832273042
11,26,15.018657832435393
11,27,14.061121214174493
11,28,16.1493801293644
11,29,15.467434631811866
11,30,11.797324151971923
11,31,11.58306815353067
11,32,14.06944336452326
11,33,12.114791916289306
11,34,10.70470469914205
11,35,7.259237989267439
11,36,9.179733565404874
11,37,12.189745117631636
11,38,15.838258813733582
11,39,17.873673554119513
11,40,21.239510540168567
11,41,21.83317538246966
11,42,21.543316684224298
11,43,25.35615253300585
11,44,26.21763309669821
11,45,25.281495495434186
11,46,27.28626250071438
11,47,24.567830581281967
11,48,21.026565170316456
11,49,21.852856846911678
11,50,23.29703981750195
11,51,20.5389669157093
11,52,17.93178895496397
11,53,20.440077740159037
11,54,20.94273156346105
11,55,17.402595329040462
11,56,16.907323736876418
11,57,20.15942042846538
11,58,19.958091511067906
11,59,16.47490103548792
11,60,17.497377674897546
11,61,20.900648535445253
11,62,19.754702092367328
11,63,17.401295351838296
11,64,20.37770339252993
11,65,22.744869236114216
11,66,20.800739497293836
11,67,20.193022828537288
11,68,23.857964249751625
11,69,25.140014962240645
11,70,23.703977758105598
11,71,25.92261024062837
11,72,23.345077813693372
11,73,23.255637609821484
11,74,21.41881298513388
11,75,23.25183737737492
11,76,23.655286142148466
11,77,21.220625513200094
11,78,18.650909004255343
11,79,19.29931932524885
11,80,19.161768973931604
11,81,15.806875278943544
11,82,14.38812601672835
11,83,16.111163688194214
11,84,14.686728565705947
11,85,10.968613019949519
11,86,11.71666800903975
11,87,13.77349955648616
11,88,11.066805408997109
11,89,9.066281549820674
11,90,12.596152228010956
11,91,13.454025641225808
11,92,10.788958889430065
11,93,12.119992557403755
11,94,15.579393823101546
11,95,15.232011429891733
11,96,14.171891021894004
11,97,17.009619320213794
11,98,19.28963910652835
11,99,19.725713361288374
11,100,21.4071888533573
11,101,23.733808295068606
12,1,25.160218959771985
12,2,26.515092901755388
12,3,25.57101833555734
12,4,21.874991732215292
12,5,19.618950195425093
12,6,16.269003718013796
12,7,13.993693369959653
12,8,12.461286723336967
12,9,9.047431619037567
12,10,6.251185896015626
12,11,3.741798572077725
12,13,3.7532922054331195
12,14,6.532160574450664
12,15,8.6363347708533
12,16,12.397034855873594
12,17,14.558052746876092
12,18,17.91519681301251
12,19,19.480045365062416
12,20,19.491884960710088
12,21,19.13934026069041
12,22,16.22391897885766
12,23,14.274160282810914
12,24,15.352711044548341
12,25,14.923561287181837
12,26,11.316614455269084
12,27,10.679462973178873
12,28,12.875269797368112
12,29,12.090016997400022
12,30,8.383103319958703
12,31,8.987661630410608
12,32,11.394112523990218
12,33,9.430046104478038
12,34,9.014028385978794
12,35,6.536232425684041
12,36,9.407115728629442
12,37,12.136651524383662
12,38,15.908017040456038
12,39,18.165671472375642
12,40,21.75988298041289
12,41,22.909524715292658
12,42,22.58649643948666
12,43,26.4619312949692
12,44,26.862442453043286
12,45,25.58650353149059
12,46,27.45939181277323
12,47,24.72739440215607
12,48,21.06442941956121
12,49,21.227266833788313
12,50,22.739833760959076
12,51,20.380673581599932
12,52,17.332930471126954
12,53,19.276741114766022
12,54,20.102103379080308
12,55,16.77741205284969
12,56,15.490302176218586
12,57,18.56852744720377
12,58,18.860603300480495
12,59,15.322270469157562
12,60,15.573696273555578
12,61,19.152227705487057
12,62,18.470358750592567
12,63,15.752075691205299
12,64,18.26046949134687
12,65,21.026331314557066
12,66,19.37189592013166
12,67,18.224924050920905
12,68,21.734403436491526
12,69,23.468959203870018
12,70,21.98228638109904
12,71,23.76767906108005
12,72,20.85550508546114
12,73,20.44164482342529
12,74,18.35474030005316
12,75,19.89666601096911
12,76,20.257223700226437
12,77,17.644692270608306
12,78,15.220022276260824
12,79,16.153161005917525
12,80,15.886815869112594
12,81,12.365677584716844
12,82,11.327442224751824
12,83,13.421403537976294
12,84,11.923672344839467
12,85,8.261042356987694
12,86,9.816825128740795
12,87,12.157234124630335
12,88,9.800513611162662
12,89,8.613769738108259
12,90,12.359632812630053
12,91,13.459383202498058
12,92,11.713167635250961
12,93,13.324469393210254
12,94,16.54688242008628
12,95,16.643363379982674
12,96,16.27079015109068
12,97,18.87577641580115
12,98,21.00285462203385
12,99,21.93539652318768
12,100,23.832762327985247
12,101,25.768820257030747
13,1,27.429096835870762
13,2,28.777065093820344
13,3,27.607462878102382
13,4,23.96951533250727
13,5,21.90500935828868
13,6,18.856129504745223
13,7,16.312938370601323
13,8,15.077850691225484
13,9,12.077585300472988
13,10,8.72645727783771
13,11,5.951345009842846
13,12,3.7532922054331195
13,14,3.70717912965456
13,15,5.847822387422044
13,16,9.588245925295878
13,17,12.247343382435773
13,18,15.268740978301727
13,19,17.252631824711433
13,20,17.626355953134777
13,21,17.890116818635562
13,22,14.9741914253569
13,23,12.65334731670822
13,24,14.452718317802805
13,25,14.671918176275833
13,26,11.0348421892782
13,27,10.54463041692537
13,28,13.593037018017911
13,29,13.338070131081565
13,30,9.90837045130686
13,31,11.612670421521425
13,32,13.908477382283861
13,33,11.80938474367551
13,34,11.837762265928719
13,35,9.805202951684118
13,36,12.192254283928515
13,37,14.263242676011028
13,38,18.008468922578956
13,39,19.740976500223226
13,40,23.1773222949459
13,41,24.167013929909878
13,42,23.26601620862908
13,43,27.049950341559914
13,44,27.56794205482555
13,45,25.85221849817208
13,46,27.24474898675819
13,47,24.17930812217673
13,48,20.405257806611857
13,49,20.44047211275461
13,50,22.515505257784532
13,51,20.5677648924067
13,52,17.285807483484298
13,53,19.263672276072864
13,54,20.75015901617506
13,55,17.763797660604766
13,56,16.234150559942933
13,57,19.53673787548519
13,58,20.439636565310277
13,59,17.215580294679167
13,60,17.22736601787195
13,61,20.98851746342339
13,62,20.86428041910638
13,63,18.28913212123617
13,64,20.477056218585734
13,65,23.547332519810464
13,66,22.308323644246265
13,67,20.98704536721889
13,68,24.281170174404924
13,69,26.37142292465795
13,70,24.994583755112984
13,71,26.442555995489023
13,72,23.268754151896584
13,73,22.39389110976847
13,74,19.858899125799496
13,75,20.787112509099128
13,76,20.591805915429372
13,77,17.626733663193356
13,78,15.91017449391692
13,79,16.764234570978694
13,80,15.627739228126059
13,81,12.081610536786224
13,82,12.006547548450571
13,83,13.50260473417153
13,84,11.042811624107527
13,85,7.944724922414884
13,86,10.483050863585897
13,87,11.774404071051874
13,88,8.793180572472673
13,89,9.002986893625014
13,90,12.729924778026485
13,91,12.856589928383496
13,92,11.41858191537572
13,93,13.96514176247758
13,94,16.653075980786
13,95,16.228528100487033
13,96,16.547203739108266
13,97,19.481399913506273
13,98,21.00188789822072
13,99,21.82207217705571
13,100,24.223159258069227
13,101,26.037907757112407
14,1,30.28537302915168
14,2,31.892490272305583
14,3,30.91000624840588
14,4,27.23538415106497
14,5,25.337926139095906
14,6,22.258799207882994
14,7,19.897838296064734
14,8,18.648337416193005
14,9,15.460464334789451
14,10,12.242865562390975
14,11,9.109824578532015
14,12,6.532160574450664
14,13,3.70717912965456
14,15,3.873569671718335
14,16,6.895670078974769
14,17,10.071566499623623
14,18,12.70476188972703
14,19,14.34804922642926
14,20,14.396390796608186
14,21,15.084433128991481
14,22,12.576491252486814
14,23,9.691319169707837
14,24,11.53582823953787
14,25,12.515254697518396
14,26,9.245970047741578
14,27,8.281871081881519
14,28,11.848495378444811
14,29,12.464094009571621
14,30,9.732952661165035
14,31,12.054104347492592
14,32,14.54616483082555
14,33,13.104139688904166
14,34,14.096498369520933
14,35,12.634857622041048
14,36,15.432396557107912
14,37,17.477241090461327
14,38,21.189190699595038
14,39,23.003625713428498
14,40,26.478526412505673
14,41,27.63264128156776
14,42,26.64005801965225
14,43,30.387783998398078
14,44,30.776665211812254
14,45,28.84093498863519
14,46,30.007689491935142
14,47,26.854694349416956
14,48,23.060940374757003
14,49,22.71567467332805
14,50,24.994238631011118
14,51,23.41911819845837
14,52,19.941499247714912
14,53,21.52129798097928
14,54,23.328135065935825
14,55,20.59836953879311
14,56,18.595241707870706
14,57,21.666942683754343
14,58,22.941135518930846
14,59,19.768265808845708
14,60,19.18016438070833
14,61,22.93445165376719
14,62,23.109958527765954
14,63,20.25754736953165
14,64,21.953431443694996
14,65,25.2386922152638
14,66,24.09479148324453
14,67,22.256366543682525
14,68,25.35775979609802
14,69,27.70930622258652
14,70,26.071967588313562
14,71,27.115722003477693
14,72,23.697541474974372
14,73,22.700208016831798
14,74,20.072598390985917
14,75,20.464071317502466
14,76,20.258456783877744
14,77,16.888709691612277
14,78,15.735166886316131
14,79,17.175123191259825
14,80,15.661502303314135
14,81,12.006401266389886
14,82,12.956212716753386
14,83,14.694247548904086
14,84,11.949943705734473
14,85,9.602979798182021
14,86,12.849596023398652
14,87,13.976543431377646
14,88,11.28030005179319
14,89,12.249040019060098
14,90,15.837969805655392
14,91,15.784165213893912
14,92,14.751518256037249
14,93,17.496882970251324
14,94,19.964353964140894
14,95,19.448977057798913
14,96,20.042855101576254
14,97,23.02791492985088
14,98,24.340989272383826
14,99,25.124372589966484
14,100,27.694105275586146
14,101,29.45756763004842
15,1,29.537884286697956
15,2,31.393594513586564
15,3,30.53263348906628
15,4,26.903009768431918
15,5,25.489936046779643
15,6,22.71585550900108
15,7,20.65914558881023
15,8,20.09596178739668
15,9,17.159763866657908
15,10,14.144968433646278
15,11,11.686498192098123
15,12,8.6363347708533
15,13,5.847822387422044
15,14,3.873569671718335
15,16,3.847956178006764
15,17,6.492420082201056
15,18,9.436886030782482
15,19,11.511360068816485
15,20,12.373186584933675
15,21,12.914606847707084
15,22,9.962190923263915
15,23,7.723319595799935
15,24,10.527746062637103
15,25,11.103954990791873
15,26,7.895464814135318
15,27,8.513222295529255
15,28,12.022013192051352
15,29,12.12586767115976
15,30,9.799572900804527
15,31,12.98677528499762
15,32,14.602912618031901
15,33,12.812362681709846
15,34,14.181990996624096
15,35,13.581953012042918
15,36,16.08326209218207
15,37,17.409631724996466
15,38,20.899653368337447
15,39,22.481280765717244
15,40,25.881571275074844
15,41,27.337293833070497
15,42,26.174127345818
15,43,29.823847159534417
15,44,29.86123644568687
15,45,27.590110833123372
15,46,28.492200238511966
15,47,25.373452800504406
15,48,21.631617779334924
15,49,20.713861566259887
15,50,23.08437024874867
15,51,22.02106388887157
15,52,18.354124021480064
15,53,19.41601354844315
15,54,21.62157610349874
15,55,19.358674151864783
15,56,16.88511158813032
15,57,19.757651992968174
15,58,21.589013422707445
15,59,18.787103380892827
15,60,17.72737186447271
15,61,21.465917983668042
15,62,22.253636495375265
15,63,19.578260963759888
15,64,20.79776172143013
15,65,24.326170996585205
15,66,23.762798487074342
15,67,21.818555354962783
15,68,24.548476860813896
15,69,27.296700264198236
15,70,26.013055045181304
15,71,26.646284588642693
15,72,23.065066234896616
15,73,21.475697034658598
15,74,18.431857101558325
15,75,18.30679998797521
15,76,17.53076200584114
15,77,14.11860753581756
15,78,13.584624567646014
15,79,14.726038326381962
15,80,12.609199611612551
15,81,9.231485684534006
15,82,10.969795497035506
15,83,12.19314187027884
15,84,9.107849175225521
15,85,7.836764406340845
15,86,11.539784605832544
15,87,12.106900581591924
15,88,10.010046581308583
15,89,11.963579124054842
15,90,15.081520603168034
15,91,14.949200103873519
15,92,14.876169864248912
15,93,17.685202651253135
15,94,19.661729110669377
15,95,19.51374440606803
15,96,20.726434751080813
15,97,23.387480247135183
15,98,24.432171985585473
15,99,25.677540135203785
15,100,28.401727254563387
15,101,29.707720712095018
16,1,32.32550442700937
16,2,34.374705340313426
16,3,33.62565482720846
16,4,30.0438371295103
16,5,28.884693953496228
16,6,26.23802096177026
16,7,24.31344970707219
16,8,23.90087307158052
16,9,20.98012636092023
16,10,17.992591119569656
16,11,15.462999145320303
16,12,12.397034855873594
16,13,9.588245925295878
16,14,6.895670078974769
16,15,3.847956178006764
16,17,3.7918365869299864
16,18,5.817802694019384
16,19,7.990637988092397
16,20,9.2778847089084
16,21,10.506419200951973
16,22,8.013932449390316
16,23,5.717508841018304
16,24,9.233804680272131
16,25,10.504491879944643
16,26,8.339226107638883
16,27,9.274270802303985
16,28,12.721690061277306
16,29,13.353011473289271
16,30,11.990556269640425
16,31,15.510754464127928
16,32,16.87518678974999
16,33,15.473430785108263
16,34,17.3485057154128
16,35,17.17518000769894
16,36,19.69336891144487
16,37,20.779732653933422
16,38,24.11571454085386
16,39,25.571094132248305
16,40,28.87976653563479
16,41,30.452092946015874
16,42,29.113180712709767
16,43,32.63934834614325
16,44,32.52438893275378
16,45,29.98351767070415
16,46,30.549655674095934
16,47,27.395314637099982
16,48,23.75593265053858
16,49,22.432474748639056
16,50,24.988886628141497
16,51,24.42568990565443
16,52,20.696773775688953
16,53,21.315378290666004
16,54,23.875503487167506
16,55,22.037756114750938
16,56,19.24553652794447
16,57,21.812204082516143
16,58,24.066470358277716
16,59,21.544577685381782
16,60,20.0279958789007
16,61,23.623847885887745
16,62,24.830998085215896
16,63,22.154637357113742
16,64,22.849021081127013
16,65,26.517492900425097
16,66,26.26023630806446
16,67,24.007207714427874
16,68,26.3821375144418
16,69,29.410241321759454
16,70,28.118871629896564
16,71,28.29214432697951
16,72,24.556521026489257
16,73,22.65669805733213
16,74,19.460791106155995
16,75,18.598933256955494
16,76,17.478933806531035
16,77,13.86217205633624
16,78,14.327381170436304
16,79,15.673834735986738
16,80,13.002126613865986
16,81,10.184232681951531
16,82,12.908953278309498
16,83,13.843007039615163
16,84,10.696298320665848
16,85,10.634294490666022
16,86,14.403115796030072
16,87,14.508459132318292
16,88,12.852296328884616
16,89,15.334956694055734
16,90,18.11458811058684
16,91,17.721344239246484
16,92,18.092016104198315
16,93,21.038039271250884
16,94,22.662428542192156
16,95,22.46646186625463
16,96,24.0318944563347
16,97,26.65351822408287
16,98,27.403872063988647
16,99,28.700349057027974
16,100,31.604890445780246
16,101,32.73002582418448
17,1,31.587895852761083
17,2,33.92494261307475
17,3,33.45062812970563
17,4,29.947169713242378
17,5,29.239015578014
17,6,26.8214688811934
17,7,25.333170732104378
17,8,25.399481611757302
17,9,22.61076547330944
17,10,19.984785744639083
17,11,17.906131083793184
17,12,14.558052746876092
17,13,12.247343382435773
17,14,10.071566499623623
17,15,6.492420082201056
17,16,3.7918365869299864
17,18,3.7886242221395
17,19,5.936494109500689
17,20,8.244583964052941
17,21,8.683845310283063
17,22,5.789121239353222
17,23,5.510880715258911
17,24,9.169993667051452
17,25,9.541604206706213
17,26,8.101802113337554
17,27,10.349055783553014
17,28,13.07044505398464
17,29,13.13294202137739
17,30,12.43771678457281
17,31,16.238123665862748
17,32,16.78421673020254
17,33,15.401468727361436
17,34,17.63378055684273
17,35,18.238683228383213
17,36,20.57882750626909
17,37,21.180798849973442
17,38,24.191809242489906
17,39,25.597508811482328
17,40,28.830309302176023
17,41,30.763987643261142
17,42,29.504892922056648
17,43,32.922282475849414
17,44,32.38667000197417
17,45,29.699927330789826
17,46,30.166285424568454
17,47,27.242267399620367
17,48,23.777878194767332
17,49,21.884112824529428
17,50,24.234800946918945
17,51,24.110116918220744
17,52,20.362966105983304
17,53,20.291506467266597
17,54,22.973829030592718
17,55,21.601606752551312
17,56,18.4134477842968
17,57,20.473522427843086
17,58,23.10015284812795
17,59,20.95147751128184
17,60,18.915537462962227
17,61,22.257604166265047
17,62,23.949122666498592
17,63,21.42385385626638
17,64,21.538054667665694
17,65,25.291094623600294
17,66,25.52411318868798
17,67,23.144219997662237
17,68,25.0596886298932
17,69,28.37282697400817
