1,2,3.785156515609056
1,3,5.426830921360253
1,4,8.862430801249806
1,5,11.399731239909489
1,6,12.129260277930017
1,7,15.697137698366552
1,8,17.34641708436557
1,9,20.43178976565882
1,10,23.634722572802794
1,11,24.40413471782747
1,12,26.11896843131594
1,13,28.964005376339873
1,14,28.202704982536538
1,15,30.328056573552917
1,16,32.67461830155596
1,17,31.381549955704507
1,18,33.60690204561546
1,19,32.40031279415225
1,20,35.66275945984257
1,21,36.93735717557826
1,22,38.23327848265711
1,23,35.72552898245246
1,24,32.553998475526306
1,25,34.26487536807107
1,26,35.18902787075809
1,27,31.89255254498071
1,28,30.057422914889933
1,29,32.44176089178149
1,30,31.963883169756738
1,31,28.241063543159953
1,32,26.83941785859619
1,33,26.322304248779886
1,34,23.379014462608577
1,35,21.48745163389126
1,36,19.874413108383376
1,37,22.135656247148244
1,38,19.57067551966289
1,39,17.032484287992446
1,40,13.8358133598019
1,41,14.127990006610899
1,42,14.17031566275006
1,43,17.773854593409588
1,44,20.615631047692226
1,45,20.923079375167752
1,46,17.886186019264194
1,47,19.559830297235926
1,48,23.20051340655619
1,49,23.464966285317562
1,50,23.183371337682363
1,51,22.852225604663232
1,52,19.395177639768143
1,53,18.069520724018734
1,54,19.021691387782724
1,55,16.829996058709693
1,56,13.97272977199208
1,57,14.629301574243788
1,58,15.729258456469225
1,59,12.931390694933333
1,60,10.310686508111681
1,61,12.907892282480427
1,62,13.753777716226837
1,63,10.640727181333594
1,64,10.185423853550688
1,65,13.890260546413193
1,66,14.09131235619098
1,67,12.151980064756295
1,68,14.480933190224274
1,69,17.099223936467933
1,70,16.80363813067115
1,71,17.643041345039443
1,72,20.99399583519853
1,73,21.886191999367004
1,74,22.50987363913078
1,75,21.547845155545907
1,76,21.291423161907232
1,77,23.66490377972342
1,78,23.242214062439533
1,79,25.34559100543635
1,80,23.070505063827113
1,81,20.279026843198604
1,82,22.829931560978252
1,83,24.257811081354394
1,84,21.076537419671524
1,85,19.89248284754244
1,86,23.37372382172583
1,87,23.757991420977806
1,88,20.41995759264505
1,89,21.390678477270395
1,90,24.654378864620107
1,91,22.92160893981227
1,92,20.7040197859254
1,93,23.95726222198679
1,94,25.819927513984688
1,95,22.912228970014322
1,96,23.242907713678477
1,97,26.963560803477346
1,98,26.444797763109353
1,99,27.695075508920848
1,100,31.13113393401362
1,101,33.346836649759155
2,1,3.785156515609056
2,3,3.803238474184247
2,4,6.453344950008195
2,5,9.54584651289939
2,6,11.12573583906542
2,7,14.671853122146604
2,8,16.830798710076735
2,9,20.23115358925074
2,10,23.507387951829337
2,11,24.767685038749327
2,12,26.856819822676925
2,13,29.99167926493363
2,14,29.692799086050584
2,15,31.984980287274784
2,16,34.6117202736989
2,17,33.61207442346282
2,18,36.08451385688958
2,19,35.159110082546654
2,20,38.5130236467378
2,21,39.92195882000285
2,22,41.164798549244914
2,23,38.76628457779693
2,24,35.52464989021639
2,25,36.988875505180715
2,26,37.90950741205371
2,27,34.724744162823725
2,28,32.689398441785116
2,29,34.835077122571
2,30,34.425373093388835
2,31,30.758274226091313
2,32,29.117514967190075
2,33,28.280351222629843
2,34,25.582307909776365
2,35,23.68005168464091
2,36,21.615330801753984
2,37,23.399461286042268
2,38,20.479268925410892
2,39,17.982453106774365
2,40,14.429778378903556
2,41,14.317271333122791
2,42,13.66997858635237
2,43,16.920341816819164
2,44,20.038322700724166
2,45,19.869312211592845
2,46,17.145477554772555
2,47,19.481445384979388
2,48,23.211896258777113
2,49,24.034101916333697
2,50,23.9415753547957
2,51,24.147010645022323
2,52,20.626900791231673
2,53,18.958312829932286
2,54,20.440646482424373
2,55,18.73017457059054
2,56,15.454911913833202
2,57,16.1198577900012
2,58,17.90213660148316
2,59,15.625392240242755
2,60,12.52583837340998
2,61,14.828630813952445
2,62,16.37904500628999
2,63,13.626121194716807
2,64,12.365555148920397
2,65,16.06848812426008
2,66,16.825691428198645
2,67,14.586002369231872
2,68,16.255359238237663
2,69,19.36341760991077
2,70,19.30110424526483
2,71,19.521400374471494
2,72,22.906833383412742
2,73,24.215450762517268
2,74,25.141612717629066
2,75,24.568851393924454
2,76,24.46928405466576
2,77,27.027412275033118
2,78,26.722173911763964
2,79,28.621721973755914
2,80,26.14061969977568
2,81,23.46381123473362
2,82,25.952602457614915
2,83,27.086018704726605
2,84,23.725078819105082
2,85,22.57603097912816
2,86,25.872985528418994
2,87,25.903344034504425
2,88,22.35427842060039
2,89,23.336793529810194
2,90,26.348762178818383
2,91,24.247657949248943
2,92,21.86370435975107
2,93,25.05237599472208
2,94,26.616449755374703
2,95,23.369358757589225
2,96,23.642914452344996
2,97,27.231395564068364
2,98,26.28678425388761
2,99,27.225901110795228
2,100,30.764664074940395
2,101,32.60408191450109
3,1,5.426830921360253
3,2,3.803238474184247
3,4,3.824861063255038
3,5,6.995663836778729
3,6,7.7137601573354475
3,7,11.089021476497198
3,8,13.060181097192977
3,9,16.517465072561208
3,10,19.734811368806177
3,11,21.05017122749044
3,12,23.252950310706083
3,13,26.47163865539749
3,14,26.39574838565355
3,15,28.808975025407133
3,16,31.59105494647736
3,17,30.86056471185263
3,18,33.55831888932481
3,19,32.949318152741725
3,20,36.42709936048026
3,21,37.919703535909356
3,22,39.041820567552236
3,23,36.80337837090459
3,24,33.486754389197856
3,25,34.636872964558194
3,26,35.56198060873026
3,27,32.549645799697956
3,28,30.274036762902508
3,29,32.18262562639618
3,30,31.92285376937106
3,31,28.35260661396435
3,32,26.430195114056993
3,33,25.433015826831515
3,34,23.030829493516737
3,35,20.992776006842252
3,36,18.574938834249426
3,37,20.031442933561245
3,38,16.96725091779513
3,39,14.582732895373749
3,40,10.989296777240693
3,41,11.146327717246091
3,42,10.933926033242974
3,43,14.24176661062881
3,44,17.60444624832925
3,45,17.909381649479755
3,46,15.566274117018898
3,47,17.8577754286861
3,48,21.696630239677653
3,49,22.368691182884078
3,50,21.81343577949185
3,51,22.349347383418024
3,52,19.065909692138888
3,53,16.855968903470846
3,54,18.17065457431545
3,55,17.004611141945027
3,56,13.54985460722356
3,57,13.56398317272443
3,58,15.643199127158082
3,59,13.986201250381445
3,60,10.432425160276226
3,61,12.117907819709488
3,62,14.249401979406242
3,63,12.112122156295834
3,64,10.14561392233872
3,65,13.676783478468174
3,66,15.192178494021162
3,67,13.265167807321228
3,68,14.260389475443844
3,69,17.537657378753178
3,70,18.18297386900752
3,71,18.25683875356867
3,72,21.308926578166773
3,73,23.08386739927751
3,74,23.79453684434531
3,75,23.43421996090468
3,76,23.165286019701455
3,77,25.871149857103674
3,78,25.670382434929405
3,79,27.12241193230495
3,80,24.364009482094282
3,81,21.887046759184205
3,82,24.29917518553705
3,83,24.972783700467595
3,84,21.4384523699615
3,85,20.484236447658247
3,86,23.592000636022277
3,87,23.19200835090967
3,88,19.552917728975117
3,89,20.78077133733073
3,90,23.5144522506637
3,91,21.111030111896046
3,92,18.88463264355533
3,93,22.18463328157823
3,94,23.419395379259637
3,95,20.07924599378942
3,96,20.681458210704214
3,97,24.166213270630873
3,98,22.99478003582152
3,99,24.169610065318412
3,100,27.80483485336511
3,101,29.628470941899582
4,1,8.862430801249806
4,2,6.453344950008195
4,3,3.824861063255038
4,5,3.767082647452825
4,6,5.633604216741444
4,7,8.840708555235375
4,8,11.609401728423544
4,9,15.077507852676595
4,10,18.451812172292534
4,11,20.407522842439967
4,12,22.760621872664178
4,13,26.254983997132808
4,14,26.68295386005419
4,15,29.03946417134916
4,16,32.113084352843416
4,17,31.625909044315364
4,18,34.52307506958146
4,19,34.24119385542117
4,20,37.733431269652634
4,21,39.496332530974456
4,22,40.68468601913866
4,23,38.71611303208964
4,24,35.28031433693177
4,25,36.11810024732104
4,26,37.223953272989384
4,27,34.45394816818952
4,28,31.880184223783008
4,29,33.585984958094095
4,30,33.63182110280534
4,31,30.21112087759115
4,32,27.91805496029684
4,33,26.851580851276676
4,34,24.882304630652584
4,35,22.593837327160905
4,36,19.7086406541889
4,37,20.50010363610926
4,38,17.06513013507441
4,39,14.580147119425334
4,40,10.82854445934607
4,41,10.10827308369355
4,42,8.961757900110296
4,43,11.649569053153035
4,44,15.179881681676934
4,45,15.119596850119017
4,46,13.274808702668466
4,47,16.082918656651913
4,48,19.895404512583443
4,49,21.053265148316925
4,50,20.64523131813773
4,51,21.77648514855703
4,52,18.593570141839606
4,53,16.061969680632238
4,54,17.923201544877724
4,55,17.395131709754278
4,56,13.717756059836153
4,57,13.829506887504273
4,58,16.607520442078975
4,59,15.6810924776634
4,60,12.054015574895802
4,61,13.488139305808406
4,62,16.315939337529183
4,63,14.876551723181269
4,64,12.719419449653882
4,65,15.93359189091998
4,66,18.05688484338732
4,67,16.437252774592658
4,68,16.898741153294328
4,69,20.255778057107424
4,70,21.353983768486703
4,71,21.234536759138038
4,72,24.04011883319569
4,73,26.147913835168612
4,74,26.756372784643677
4,75,26.504761000045384
4,76,26.031221236837503
4,77,28.698606780515416
4,78,28.35790434457999
4,79,29.469660268584118
4,80,26.650214118738766
4,81,24.18604014945961
4,82,26.26609553907891
4,83,26.651150997506956
4,84,23.08055242316723
4,85,21.946932361411186
4,86,24.66429963922031
4,87,23.98804535817392
4,88,20.217429819469963
4,89,21.19055544193207
4,90,23.571661711679482
4,91,20.931683924399323
4,92,18.45105935590761
4,93,21.466554626077645
4,94,22.42800696303926
4,95,18.831093858574455
4,96,19.20659249465912
4,97,22.47293934705799
4,98,20.96468951770565
4,99,21.73357028677012
4,100,25.391940416112497
4,101,26.87813121304423
5,1,11.399731239909489
5,2,9.54584651289939
5,3,6.995663836778729
5,4,3.767082647452825
5,6,3.775409194386528
5,7,6.815057592259316
5,8,10.256891325715708
5,9,13.205902795121661
5,10,16.839625631724402
5,11,19.21446426000188
5,12,21.302673453217803
5,13,24.919937773875375
5,14,25.589290289378873
5,15,27.642634428463932
5,16,30.884061768190357
5,17,30.425156179375133
5,18,33.370525904366204
5,19,33.2948691276833
5,20,36.71084791351352
5,21,38.7800276017322
5,22,40.15281422727576
5,23,38.49648291191442
5,24,34.936332808574555
5,25,35.55354601670516
5,26,36.970187412392626
5,27,34.45295386663848
5,28,31.61367473303925
5,29,33.28370119891597
5,30,33.743749271819446
5,31,30.47643868486636
5,32,27.849147705066727
5,33,27.040428728908836
5,34,25.444004197734284
5,35,22.746708928344965
5,36,19.598448179527914
5,37,19.9272765111783
5,38,16.278264642089898
5,39,13.45500411439775
5,40,9.789690377229533
5,41,7.913971337431138
5,42,5.7640486954151005
5,43,7.9977471795195045
5,44,11.502779211979627
5,45,11.399728937346154
5,46,9.828244068497568
5,47,12.76415669427791
5,48,16.517958984785167
5,49,17.87698894424745
5,50,17.547525818410495
5,51,19.075172993240503
5,52,16.059818886921736
5,53,13.345196603858923
5,54,15.629490544942898
5,55,15.6357160173773
5,56,11.954159421760153
5,57,12.294962720373873
5,58,15.575082312249508
5,59,15.337710627087182
5,60,11.963366360658044
5,61,13.355857284030538
5,62,16.641617873821197
5,63,15.953982557109734
5,64,14.089609171269844
5,65,16.97318608115788
5,66,19.52176057403497
5,67,18.55081144847447
5,68,18.873356971688178
5,69,21.965849074855225
5,70,23.501076319179166
5,71,23.655191027195677
5,72,26.149879013045975
5,73,28.345239415363732
5,74,28.537408848472158
5,75,28.080593338109644
5,76,27.15299053086646
5,77,29.5849329561651
5,78,28.909850859610994
5,79,29.67935075843843
5,80,26.972521147385553
5,81,24.405148693195024
5,82,26.005970198474824
5,83,26.238212893813603
5,84,22.782148539989624
5,85,21.288465549307872
5,86,23.574071644681446
5,87,22.85696644282806
5,88,19.05636024258507
5,89,19.553661182705547
5,90,21.68966460857341
5,91,19.095209155730714
5,92,16.27682003977015
5,93,18.907754593076067
5,94,19.865110482096984
5,95,16.211361456191007
5,96,16.15898554867867
5,97,19.323394827562538
5,98,17.857564049844903
5,99,18.286301346076016
5,100,21.875304579146405
5,101,23.341637359210733
6,1,12.129260277930017
6,2,11.12573583906542
6,3,7.7137601573354475
6,4,5.633604216741444
6,5,3.775409194386528
6,7,3.805306894012605
6,8,6.741636771168849
6,9,9.750480592643147
6,10,13.369774783841036
6,11,15.526045800322176
6,12,17.621116298665235
6,13,21.214399675491524
6,14,21.89387802342422
6,15,24.075529232260227
6,16,27.33957052704288
6,17,27.05940961325509
6,18,30.13273349280206
6,19,30.24763326399322
6,20,33.75504277048619
6,21,35.76415984694883
6,22,36.97190886345513
6,23,35.38009929114946
6,24,31.834731640140532
6,25,32.25481314028395
6,26,33.59748268259463
6,27,31.192014153568618
6,28,28.259498332316628
6,29,29.758546002061365
6,30,30.27120241884811
6,31,27.10116396206492
6,32,24.351223696603203
6,33,23.473660862261372
6,34,22.092309632881697
6,35,19.351189589044523
6,36,16.05023360610138
6,37,16.188889056258795
6,38,12.520067956523734
6,39,9.825189115406774
6,40,6.245624067311157
6,41,5.002759856518972
6,42,4.6632871479266615
6,43,7.368014968378614
6,44,11.002326809208661
6,45,12.09894605159055
6,46,10.889105160724927
6,47,13.02971810851982
6,48,16.74824755372641
6,49,17.44408292063667
6,50,16.326945434717466
6,51,17.872487036914436
6,52,15.244793015731611
6,53,12.067698531140987
6,54,13.651949466308437
6,55,14.092671695395778
6,56,10.556790022919554
6,57,9.833541650025307
6,58,13.078188770277686
6,59,13.406868134144968
6,60,9.958985441301277
6,61,10.45629616272116
6,62,14.012494203796095
6,63,13.954496465794167
6,64,11.803725994928243
6,65,14.166398483726471
6,66,17.144896625986643
6,67,16.600511262136145
6,68,16.46921348795492
6,69,19.38029872673506
6,70,21.38089576829956
6,71,21.568676393980358
6,72,23.679442152735348
6,73,26.0628389823351
6,74,26.00483239566046
6,75,25.661455417176132
6,76,24.620899621031253
6,77,27.1021834373474
6,78,26.57733787417563
6,79,27.005995953014697
6,80,24.126770778983722
6,81,21.83038318515257
6,82,23.406925122149104
6,83,23.25548664206755
6,84,19.72925213617623
6,85,18.54956036377212
6,86,20.700146545069476
6,87,19.61208341021568
6,88,15.832239854398116
6,89,16.7242417659693
6,90,18.634536947956928
6,91,15.783480326174228
6,92,13.320712031033983
6,93,16.254448458087904
6,94,16.908361471138242
6,95,13.250947365368946
6,96,13.8672873358538
6,97,17.03353637365177
6,98,15.472368270736913
6,99,16.600355433648712
6,100,20.312615996637835
6,101,22.040312389780524
7,1,15.697137698366552
7,2,14.671853122146604
7,3,11.089021476497198
7,4,8.840708555235375
7,5,6.815057592259316
7,6,3.805306894012605
7,8,3.766921567152632
7,9,6.616701955827307
7,10,10.095243703750352
7,11,12.757671961481552
7,12,15.105248913419459
7,13,18.852740111978534
7,14,20.10835777418789
7,15,22.401274001025513
7,16,25.876882845790362
7,17,26.080239709444662
7,18,29.40308763023929
7,19,29.98960922920419
7,20,33.54056051082771
7,21,35.62003191235082
7,22,36.64330879571311
7,23,35.30573818444594
7,24,31.7797324947106
7,25,31.750634334061917
7,26,33.05844595489941
7,27,30.974181390955025
7,28,27.823836601698876
7,29,28.89535008245399
7,30,29.60908309421434
7,31,26.7240982777799
7,32,23.690728350031932
7,33,22.580758895185006
7,34,21.792063889982952
7,35,19.07581275557368
7,36,15.447445649178393
7,37,14.71274208707423
7,38,10.975652588326723
7,39,8.953567104661476
7,40,6.400022082105239
7,41,5.61014701923575
7,42,6.071034555102255
7,43,7.111433069887913
7,44,10.58175951464435
7,45,12.235632374046258
7,46,12.142605695902006
7,47,14.009577494683128
7,48,17.370769111937488
7,49,17.97673966393655
7,50,16.359034338996192
7,51,18.440710742072625
7,52,16.44585936200499
7,53,12.887631027691656
7,54,14.155387687651782
7,55,15.502271751314883
7,56,12.364667466023938
7,57,10.871018531054395
7,58,14.113716147901744
7,59,15.321484304943885
7,60,12.15107344923447
7,61,11.572967813994268
7,62,15.315550365690916
7,63,16.005513482615758
7,64,13.561444641549494
7,65,15.11929486430562
7,66,18.557928990810876
7,67,18.319315928781613
7,68,17.464496241625625
7,69,20.247969572396354
7,70,22.7487621147083
7,71,22.674632095015134
7,72,24.30653498340221
7,73,27.047316543259075
7,74,26.86583804426283
7,75,26.82070540029661
7,76,25.73220600952808
7,77,28.250279470055897
7,78,27.885119226338126
7,79,27.82190496060167
7,80,24.78067354344914
7,81,22.886619472316273
7,82,24.24912403926194
7,83,23.515688166775654
7,84,20.025119794299204
7,85,19.190763262208268
7,86,20.8231192267564
7,87,19.12079288063575
7,88,15.517397960734327
7,89,16.62430165688709
7,90,17.787794089381176
7,91,14.519969782597755
7,92,12.508925540522952
7,93,15.21972288549748
7,94,15.046701633243696
7,95,11.267417700882092
7,96,12.459720564791546
7,97,15.071180058562351
7,98,12.866278265274534
7,99,14.252214504809745
7,100,18.05815682571064
7,101,19.531151786977574
8,1,17.34641708436557
8,2,16.830798710076735
8,3,13.060181097192977
8,4,11.609401728423544
8,5,10.256891325715708
8,6,6.741636771168849
8,7,3.766921567152632
8,9,3.838605842026738
8,10,6.8452986431594915
8,11,9.150756520519412
8,12,11.790692652427285
8,13,15.500270808599945
8,14,16.884044521222943
8,15,19.480555860981198
8,16,22.95294125925333
8,17,23.498937999046017
8,18,26.975529107859764
8,19,27.818625147100562
8,20,31.453856902541162
8,21,33.370029440707604
8,22,34.10884069813772
8,23,32.819299442863255
8,24,29.390209704338083
8,25,29.09883368414705
8,26,30.20559101138272
8,27,28.27153281885641
8,28,25.07676569487273
8,29,25.827924415171793
8,30,26.520208513009415
8,31,23.8114402201234
8,32,20.69300217892964
8,33,19.34218804134008
8,34,18.91129526883974
8,35,16.352500462335485
8,36,12.602338703835882
8,37,11.392153555537185
8,38,7.771666745406455
8,39,6.78454621364086
8,40,5.674668353054416
8,41,6.748981033800478
8,42,8.830890003360532
8,43,9.842659477804272
8,44,12.757546615291226
8,45,15.09100866013311
8,46,15.146598638548443
8,47,16.37597712930175
8,48,19.50780169525958
8,49,19.514767829814996
8,50,17.24875630346609
8,51,19.182401387558702
8,52,17.6766226829403
8,53,14.041464392075085
8,54,14.370580035823584
8,55,16.021716235013553
8,56,13.383830743949222
8,57,10.916501476650788
8,58,13.55765941917753
8,59,15.237649552536446
8,60,12.350862661017525
8,61,10.619091948276377
8,62,14.184263329455797
8,63,15.47466976193583
8,64,12.822360813833244
8,65,13.47320839463926
8,66,17.19129948962291
8,67,17.329733001582255
8,68,15.866822449346497
8,69,18.34054714299686
8,70,21.266952354226078
8,71,21.091203078692498
8,72,22.208320028557203
8,73,25.153105453548722
8,74,24.790501781413926
8,75,24.99934808219425
8,76,23.932478828052254
8,77,26.514592430624255
8,78,26.44013947870754
8,79,26.007313283563864
8,80,22.77942936308357
8,81,21.368712170538494
8,82,22.74656296009017
8,83,21.514090477584702
8,84,18.029009245771118
8,85,17.79840689268116
8,86,19.20654438799778
8,87,16.96544579266932
8,88,13.623671870641486
8,89,15.378228968691582
8,90,16.076340066490857
8,91,12.483735048443092
8,92,11.406842551294709
8,93,14.330520577344869
8,94,13.542476164247129
8,95,10.048141002891258
8,96,12.321763445554634
8,97,14.58829196202031
8,98,12.258403872334053
8,99,14.538380058275985
8,100,18.247779385239117
8,101,19.872874449046634
9,1,20.43178976565882
9,2,20.23115358925074
9,3,16.517465072561208
9,4,15.077507852676595
9,5,13.205902795121661
9,6,9.750480592643147
9,7,6.616701955827307
9,8,3.838605842026738
9,10,3.848515020346573
9,11,6.64636086212791
9,12,8.737276465489128
9,13,12.545247024922551
9,14,14.356123148496549
9,15,16.65239341672564
9,16,20.288790285508178
9,17,21.098585379917356
9,18,24.673152048290262
9,19,25.91172833084752
9,20,29.451138677763794
9,21,31.563970125641326
9,22,32.31887611912453
9,23,31.41622390805236
9,24,27.981432483623617
9,25,27.293742753115907
9,26,28.61480857292135
9,27,27.09498432843632
9,28,23.666182379032225
9,29,24.172461189484586
9,30,25.328543074566145
9,31,22.987837955646516
9,32,19.561376792752498
9,33,18.502087026975325
9,34,18.73838652336331
9,35,15.949160318930673
9,36,12.186076485583424
9,37,10.078032830123833
9,38,6.811712600595243
9,39,6.430992179371167
9,40,7.20704782384676
9,41,7.937845198583086
9,42,10.282468763038173
9,43,10.395352385526422
9,44,12.34487829856418
9,45,15.294001217616557
9,46,15.8678865433319
9,47,16.369567683620218
9,48,18.96480617500384
9,49,18.561630315548168
9,50,15.817054967409211
9,51,17.969951758359215
9,52,17.207047537871894
9,53,13.577225745664395
9,54,13.41454781873592
9,55,15.818935711026901
9,56,13.87243087436881
9,57,11.114811661514484
9,58,13.480534684544219
9,59,15.997387875090228
9,60,13.83215833972555
9,61,11.678600892035899
9,62,15.073581906341415
9,63,17.167656002410908
9,64,14.987640684837569
9,65,14.929006097168878
9,66,18.744695824184937
9,67,19.55737560262871
9,68,17.977403874580006
9,69,19.863318843212813
9,70,23.124802473362653
9,71,23.21387710281627
9,72,23.83407243515037
9,73,26.750450352537182
9,74,25.923230647988756
9,75,26.004346732743116
9,76,24.551266889427897
9,77,26.823502735841835
9,78,26.574522497801873
9,79,25.619216023163133
9,80,22.541376629996876
9,81,21.361679420306597
9,82,22.187900846806208
9,83,20.528491107309836
9,84,17.37557484578439
9,85,17.151354551493093
9,86,17.805956077964613
9,87,15.205553241173059
9,88,12.2723872991868
9,89,13.800584513852451
9,90,13.673463810621817
9,91,9.975526413016992
9,92,9.42573658034407
9,93,11.801231405364977
9,94,10.289065138008864
9,95,7.0512712751116915
9,96,9.937177406879574
9,97,11.569810318641542
9,98,9.148698205998684
9,99,12.017730232727962
9,100,15.499885393395047
9,101,17.305271338220205
10,1,23.634722572802794
10,2,23.507387951829337
10,3,19.734811368806177
10,4,18.451812172292534
10,5,16.839625631724402
10,6,13.369774783841036
10,7,10.095243703750352
10,8,6.8452986431594915
10,9,3.848515020346573
10,11,3.816228493509811
10,12,6.434487915395405
10,13,10.076751170267467
10,14,12.623034677763986
10,15,15.180054671576885
10,16,18.812641072800446
10,17,20.287556067725664
10,18,24.01693514639561
10,19,25.719577392701385
10,20,29.236696523410814
10,21,31.19719882524064
10,22,31.590178401088497
10,23,30.887713172959383
10,24,27.645509598243883
10,25,26.494787053318092
10,26,27.573260463562058
10,27,26.41997800719227
10,28,22.956543438589804
10,29,22.866289368131035
10,30,24.088822830683227
10,31,22.183979989405625
10,32,18.68535681736417
10,33,17.29559034279649
10,34,18.251883151651626
10,35,15.8756794874666
10,36,12.286637920705427
10,37,9.264103449482706
10,38,7.141736388495699
10,39,8.558346740952476
10,40,10.36588157829505
10,41,11.662096354596105
10,42,14.12566010169362
10,43,13.996401485714696
10,44,15.588379783304113
10,45,18.623029467041437
10,46,19.510207293989374
10,47,19.811168344218878
10,48,22.09997509856609
10,49,21.46835759100978
10,50,18.43041099636508
10,51,20.568151688739363
10,52,20.286512659531102
10,53,16.77512046296849
10,54,16.107143829047438
10,55,18.71845371811871
10,56,17.192127601083918
10,57,14.132392123635732
10,58,15.899521337607336
10,59,18.650512694363652
10,60,16.77913950682635
10,61,14.059258159506063
10,62,16.998994002843357
10,63,19.415481999695977
10,64,17.14110492203505
10,65,16.347561318493064
10,66,20.161051165357513
10,67,21.1672055605581
10,68,19.045214666278948
10,69,20.584684074407402
10,70,24.1183139232796
10,71,23.965489497518156
10,72,24.019644124457244
10,73,27.13468519567636
10,74,26.21405903098926
10,75,26.644940842004328
10,76,25.29509755617367
10,77,27.565136017260212
10,78,27.625359639367723
10,79,26.246623688912518
10,80,23.08325101412868
10,81,22.506311046246292
10,82,23.232137651870502
10,83,21.015188218653147
10,84,18.109626868936125
10,85,18.52711575444913
10,86,18.719165573847786
10,87,15.557017444154319
10,88,13.341785938413341
10,89,15.271932833960014
10,90,14.321928264817556
10,91,10.609010450579007
10,92,11.329493042454759
10,93,13.243762107159691
10,94,10.790454362452065
10,95,8.585654660417415
10,96,12.017342639937977
10,97,12.66701445679576
10,98,10.050606079200765
10,99,13.320327130639532
10,100,16.357834801075104
10,101,17.89499071416639
11,1,24.40413471782747
11,2,24.767685038749327
11,3,21.05017122749044
11,4,20.407522842439967
11,5,19.21446426000188
11,6,15.526045800322176
11,7,12.757671961481552
11,8,9.150756520519412
11,9,6.64636086212791
11,10,3.816228493509811
11,12,3.723394117759132
11,13,6.97003500191561
11,14,9.329687635627067
11,15,12.36039366421028
11,16,15.791925410995216
11,17,17.509275184443247
11,18,21.27270649994882
11,19,23.072516023383017
11,20,26.632993992328643
11,21,28.313809370453473
11,22,28.417358890398248
11,23,27.675539437152878
11,24,24.585650291896965
11,25,23.28757690521404
11,26,24.116942536167098
11,27,23.055683559210767
11,28,19.65192342204484
11,29,19.300393841043885
11,30,20.45208885189325
11,31,18.73142789115871
11,32,15.250880285624064
11,33,13.738100927047336
11,34,15.097379186287345
11,35,12.997199634530695
11,36,9.74221293411357
11,37,6.23396948701523
11,38,5.609664858525614
11,39,8.449853900821083
11,40,11.239803544241695
11,41,13.368386214564806
11,42,16.433354081494464
11,43,16.86292764870169
11,44,18.369265331156946
11,45,21.62093647387923
11,46,22.118099449926266
11,47,22.06703542138386
11,48,24.32808308609807
11,49,23.195243434892006
11,50,19.874900697009238
11,51,21.479436591122212
11,52,21.408121293755055
11,53,18.138049472584555
11,54,16.718987959953687
11,55,19.104204410172276
11,56,18.043516777139867
11,57,14.592710751933806
11,58,15.492762421296144
11,59,18.28434875076827
11,60,16.867613741637296
11,61,13.595814069182289
11,62,15.854320351294467
11,63,18.616401434005084
11,64,16.545700055862643
11,65,14.948805306405353
11,66,18.592208319954604
11,67,20.017627021774768
11,68,17.661218452757158
11,69,18.59153171269846
11,70,22.31341319704263
11,71,22.276667483529934
11,72,21.813813913389126
11,73,24.859527716874204
11,74,23.659804256534425
11,75,24.194050030516426
11,76,22.837004767918526
11,77,25.03253774115217
11,78,25.349250783774266
11,79,23.68290653933841
11,80,20.472638656223484
11,81,20.415388575062945
11,82,21.14637303812795
11,83,18.551153491311197
11,84,15.841161569494398
11,85,16.92391819784726
11,86,16.952105428671747
11,87,13.447598999546978
11,88,11.862667640505869
11,89,14.41060904091196
11,90,13.210304012544682
11,91,9.68141860297924
11,92,11.550933152053343
11,93,13.614199794799196
11,94,11.17305638343947
11,95,9.936631631489442
11,96,13.69699293841578
11,97,14.353579801013494
11,98,12.480862567334267
11,99,16.109350871281247
11,100,18.828827461090505
11,101,20.695586068658038
12,1,26.11896843131594
12,2,26.856819822676925
12,3,23.252950310706083
12,4,22.760621872664178
12,5,21.302673453217803
12,6,17.621116298665235
12,7,15.105248913419459
12,8,11.790692652427285
12,9,8.737276465489128
12,10,6.434487915395405
12,11,3.723394117759132
12,13,3.8111333524832105
12,14,6.361096858375452
12,15,8.872231833253924
12,16,12.445636106463748
12,17,14.262719162316959
12,18,18.038416113179377
12,19,20.113563482940137
12,20,23.536892236080085
12,21,25.39441674367126
12,22,25.606822224487257
12,23,25.224935601133684
12,24,22.128013202234108
12,25,20.553363440039842
12,26,21.712675885731155
12,27,21.03037319939449
12,28,17.450173870810904
12,29,17.05519751559781
12,30,18.78094799312293
12,31,17.41799222262758
12,32,13.739003887738336
12,33,13.025724353515729
12,34,14.85676395951953
12,35,12.466534543186993
12,36,9.758786875742897
12,37,6.150210823309989
12,38,6.761167788572899
12,39,9.255098133382397
12,40,12.683188816069537
12,41,14.528625203619784
12,42,17.703018614963014
12,43,17.99443642957373
12,44,18.84518448561331
12,45,22.380604380325135
12,46,22.8517386420355
12,47,22.169823285824453
12,48,24.003144503395397
12,49,22.37690616152396
12,50,18.79878688733363
12,51,20.140865365764018
12,52,20.65800455239641
12,53,17.73896118239234
12,54,15.761535671517075
12,55,18.378284228828065
12,56,18.04089011935937
12,57,14.611150080265093
12,58,14.950943323296018
12,59,18.17028294934841
12,60,17.50281877481881
12,61,14.234888713667354
12,62,16.06904079876537
12,63,19.336572039409955
12,64,17.918488429996174
12,65,15.989680640788787
12,66,19.407933817001386
12,67,21.43584462121378
12,68,19.38684215421584
12,69,19.705912828138295
12,70,23.470073643351483
12,71,23.930574203966348
12,72,23.204190790897005
12,73,25.916892996157003
12,74,24.196283342889817
12,75,24.347209833619843
12,76,22.52313363780102
12,77,24.24433011537076
12,78,24.26370742388154
12,79,22.168290802746018
12,80,19.303848640698867
12,81,19.394291031739485
12,82,19.50858032790414
12,83,16.637362897151387
12,84,14.485171590141254
12,85,15.50014241403883
12,86,14.76247944102722
12,87,11.101066672704789
12,88,10.348366494516005
12,89,12.554015106604743
12,90,10.58742406008573
12,91,7.570376461779655
12,92,10.343125995872537
12,93,11.724043442731224
12,94,9.056660283818717
12,95,9.123097543010621
12,96,12.823746961230059
12,97,13.040903871149116
12,98,12.018069735350714
12,99,15.8482687643582
12,100,18.036221101497095
12,101,20.298762698574976
13,1,28.964005376339873
13,2,29.99167926493363
13,3,26.47163865539749
13,4,26.254983997132808
13,5,24.919937773875375
13,6,21.214399675491524
13,7,18.852740111978534
13,8,15.500270808599945
13,9,12.545247024922551
13,10,10.076751170267467
13,11,6.97003500191561
13,12,3.8111333524832105
13,14,3.833026454928472
13,15,6.211049914591828
13,16,9.422083115954758
13,17,11.945797077553781
13,18,15.673926889881214
13,19,18.18513631640436
13,20,21.434005901329513
13,21,23.085509786476923
13,22,22.970616949050086
13,23,22.892674361464657
13,24,20.075322595217514
13,25,18.009872401132398
13,26,19.032560607394213
13,27,18.88306240153085
13,28,15.352428011329167
13,29,14.370185809944454
13,30,16.41967973396077
13,31,15.738252261287343
13,32,12.154563083582945
13,33,11.766805478549792
13,34,14.381269457878734
13,35,12.474690755441062
13,36,10.78701134113205
13,37,7.467987228493633
13,38,9.559069564686855
13,39,12.266326501834946
13,40,15.922210329054042
13,41,17.920865942289677
13,42,21.2065960388708
13,43,21.561259422803555
13,44,22.15714331704694
13,45,25.782913992858564
13,46,26.19455300016798
13,47,25.195106480528242
13,48,26.773269538665282
13,49,24.79088019131187
13,50,21.08174956156562
13,51,22.056981710234187
13,52,22.976860639908747
13,53,20.408398624720935
13,54,17.970444651712235
13,55,20.474978365329005
13,56,20.667586711699062
13,57,17.22991793604987
13,58,16.882748538385552
13,59,20.114552347599513
13,60,19.980900828527993
13,61,16.58134383863829
13,62,17.719508392197337
13,63,21.20885304185247
13,64,20.13701611945358
13,65,17.67859514845504
13,66,20.709279261682816
13,67,23.11133156898403
13,68,20.998920816148154
13,69,20.66617827934042
13,70,24.455312444878256
13,71,25.064847493943667
13,72,23.804564233463836
13,73,26.311699335363226
13,74,24.23984854631293
13,75,24.405764000179666
13,76,22.47798295104402
13,77,23.859445469305133
13,78,24.00775518635368
13,79,21.433486235401052
13,80,18.82365962119715
13,81,19.540201142135537
13,82,19.307068261060664
13,83,15.99241999673077
13,84,14.566113878246314
13,85,16.098712009639
13,86,14.759178519188453
13,87,10.972052022484467
13,88,11.510558048498371
13,89,13.698224890742017
13,90,11.176312845844016
13,91,9.218173744521742
13,92,12.678327824565077
13,93,13.532864876161625
13,94,10.92057929386337
13,95,12.057346618779466
13,96,15.509398565902963
13,97,15.313342911291251
13,98,14.841041891584002
13,99,18.644578457271674
13,100,20.323310266585036
13,101,22.650438708728743
14,1,28.202704982536538
14,2,29.692799086050584
14,3,26.39574838565355
14,4,26.68295386005419
14,5,25.589290289378873
14,6,21.89387802342422
14,7,20.10835777418789
14,8,16.884044521222943
14,9,14.356123148496549
14,10,12.623034677763986
14,11,9.329687635627067
14,12,6.361096858375452
14,13,3.833026454928472
14,15,3.8565215788518303
14,16,6.614916483228117
14,17,8.693689282437603
14,18,12.413185604794927
14,19,14.672865875869851
14,20,18.049675058774465
14,21,19.516001438210896
14,22,19.40868859575248
14,23,19.15153094836071
14,24,16.27616000357422
14,25,14.3652623964659
14,26,15.458879153119668
14,27,15.15491942271652
14,28,11.567519359075623
14,29,10.897596291698482
14,30,13.104569788734498
14,31,12.348393427515056
14,32,8.731952967811994
14,33,9.206798545572385
14,34,11.776521384389937
14,35,9.813479396822386
14,36,9.101225443616551
14,37,6.851106978887104
14,38,9.782996612490292
14,39,12.247702301081405
14,40,16.035693778416267
14,41,18.286383834989334
14,42,21.807595400021665
14,43,22.66952128012367
14,44,23.25946020283039
14,45,26.928126950068595
14,46,26.840267992943275
14,47,25.581797533646217
14,48,27.19474103048495
14,49,24.854629110062202
14,50,21.147424791953974
14,51,21.466210299226134
14,52,22.385349383732823
14,53,20.20767398872315
14,54,17.291494034966732
14,55,19.302058648458416
14,56,19.936153891409727
14,57,16.513616064937143
14,58,15.36335946964414
14,59,18.404385100824292
14,60,18.849160729049274
14,61,15.447793610669647
14,62,15.815800458966823
14,63,19.461072467327522
14,64,18.941520241996617
14,65,16.134157189732537
14,66,18.70112622504596
14,67,21.53294914491483
14,68,19.739375961518164
14,69,18.80201599506231
14,70,22.468141711473276
14,71,23.530606116381218
14,72,22.113201182161212
14,73,24.19971366831614
14,74,21.73793322766619
14,75,21.573165270244765
14,76,19.388185127308045
14,77,20.457789691194268
14,78,20.55941927635217
14,79,17.79605706697767
14,80,15.364357224716986
14,81,16.3567592411933
14,82,15.95543890775514
14,83,12.467488888653273
14,84,11.468941327183336
14,85,13.38945538503241
14,86,11.910005668565317
14,87,8.183541073377118
14,88,9.63875909779045
14,89,12.043069827243649
14,90,9.816567185947953
14,91,8.737835678835651
14,92,12.479163385517367
14,93,13.538601753647916
14,94,11.838319876450141
14,95,13.253220776833384
14,96,16.44027114477324
14,97,16.770112347549475
14,98,16.957933813474114
14,99,20.745075061032182
14,100,22.426284488142162
14,101,25.14184893877613
15,1,30.328056573552917
15,2,31.984980287274784
15,3,28.808975025407133
15,4,29.03946417134916
15,5,27.642634428463932
15,6,24.075529232260227
15,7,22.401274001025513
15,8,19.480555860981198
15,9,16.65239341672564
15,10,15.180054671576885
15,11,12.36039366421028
15,12,8.872231833253924
15,13,6.211049914591828
15,14,3.8565215788518303
15,16,3.761640745664348
15,17,5.913150292900786
15,18,9.578784644565012
15,19,12.349552290867196
15,20,15.381310443601894
15,21,17.271846172414612
15,22,17.510781431604688
15,23,17.90617047142277
15,24,15.050422129862982
15,25,12.783645029220105
15,26,14.613364850948676
15,27,14.942135655930421
15,28,11.326247824402923
15,29,10.846470294642995
15,30,13.87016866519748
15,31,13.648474974610531
15,32,10.33025551199669
15,33,11.922949282643836
15,34,14.377949972574962
15,35,12.237559481414669
15,36,11.990283921901263
15,37,10.226415899799461
15,38,12.710223428193125
15,39,14.46243558108342
15,40,18.221161439999783
15,41,19.96959947265262
15,42,23.304783405581933
15,43,23.916160454677126
15,44,23.924322401483703
15,45,27.666689729807583
15,46,27.622032127168406
15,47,25.86470577441742
15,48,26.983709208393112
15,49,24.293549632851015
15,50,20.55735633778859
15,51,20.606124608922414
15,52,22.116681784213625
15,53,20.41517687046442
15,54,17.245038523227223
15,55,19.389265352202536
15,56,20.664195750168506
15,57,17.589510816601347
15,58,16.164642919774508
15,59,19.421049858801226
15,60,20.45905057911134
15,61,17.4219713335788
15,62,17.604212356548675
15,63,21.4156474436047
15,64,21.426163578323095
15,65,18.754771516446024
15,66,21.077987009235077
15,67,24.19425742070708
15,68,22.79478640418706
15,69,21.630874929726776
15,70,25.133266513770636
15,71,26.574884468706276
15,72,25.17933565383069
15,73,26.925186138586593
15,74,24.14380346160526
15,75,23.51968966436398
15,76,20.902480263560815
15,77,21.34784279715041
15,78,20.931779963989634
15,79,17.828837186400854
15,80,16.11132216109189
15,81,17.007235369226475
15,82,15.738013624339908
15,83,12.271272851154588
15,84,12.255262057924286
15,85,13.600186885891572
15,86,11.120285388803392
15,87,7.932530567812385
15,88,10.40267441705374
15,89,11.718127616180277
15,90,8.794909044775116
15,91,9.15168008866089
15,92,12.884476215547108
15,93,12.955251111970288
15,94,11.501850451098663
15,95,13.902839606697423
15,96,16.51208648618472
15,97,16.410469288561647
15,98,17.36313118898979
15,99,20.945838306033608
15,100,22.053405772179897
15,101,24.987261820682612
16,1,32.67461830155596
16,2,34.6117202736989
16,3,31.59105494647736
16,4,32.113084352843416
16,5,30.884061768190357
16,6,27.33957052704288
16,7,25.876882845790362
16,8,22.95294125925333
16,9,20.288790285508178
16,10,18.812641072800446
16,11,15.791925410995216
16,12,12.445636106463748
16,13,9.422083115954758
16,14,6.614916483228117
16,15,3.761640745664348
16,17,3.8216473679609972
16,18,6.823883099265194
16,19,10.041530233083044
16,20,12.711122001202913
16,21,14.239312757265532
16,22,14.150985576782984
16,23,14.935732918438026
16,24,12.487103362732144
16,25,9.674416876797677
16,26,11.562754708171697
16,27,12.603081343147137
16,28,9.33367785745043
16,29,8.471767260219696
16,30,11.966527591785637
16,31,12.57207230653491
16,32,9.97622440866666
16,33,12.26139423904329
16,34,14.864625003188419
16,35,13.333546741318642
16,36,14.084633694477748
16,37,12.958584355646096
16,38,15.833144023198104
16,39,17.59876277154835
16,40,21.31900642820577
16,41,23.191573970474078
16,42,26.58195338266631
16,43,27.36966230944595
16,44,27.30895911947318
16,45,31.042335275333688
16,46,30.81493522872991
16,47,28.876674407803247
16,48,29.86838713641211
16,49,26.94529109680629
16,50,23.282318675161083
16,51,22.88836858174211
16,52,24.551587694348687
16,53,23.228089899178524
16,54,19.835390748432623
16,55,21.60701857261483
16,56,23.245116620748323
16,57,20.303893860337393
16,58,18.364390154909014
16,59,21.330920366193407
16,60,22.798238303969022
16,61,19.836125246634552
16,62,19.381665979385662
16,63,23.14751311008814
16,64,23.527579927018213
16,65,20.589865409597206
16,66,22.38652548477447
16,67,25.739773047339348
16,68,24.467781561206515
16,69,22.758989777632856
16,70,26.06090163494146
16,71,27.720544034942787
16,72,25.984278118962756
16,73,27.343204137069055
16,74,24.25335753255319
16,75,23.491726454219314
16,76,20.78710945953107
16,77,20.717729849046815
16,78,20.356535911789063
16,79,16.875275074991027
16,80,15.73374672937456
16,81,17.207517522167795
16,82,15.5795206534187
16,83,12.008937979792252
16,84,13.026175614414168
16,85,14.710903679350949
16,86,11.955315348028295
16,87,9.515638603056976
16,88,12.74670711809139
16,89,13.899123728476376
16,90,11.271965476740604
16,91,12.384238344564045
16,92,15.99710609937108
16,93,15.934220778575575
16,94,14.890237851552886
16,95,17.466407209407546
16,96,19.847395205389912
16,97,19.739479289142157
16,98,20.965417599794943
16,99,24.460976738375837
16,100,25.34899988350718
16,101,28.34152126948349
17,1,31.381549955704507
17,2,33.61207442346282
17,3,30.86056471185263
17,4,31.625909044315364
17,5,30.425156179375133
17,6,27.05940961325509
17,7,26.080239709444662
17,8,23.498937999046017
17,9,21.098585379917356
17,10,20.287556067725664
17,11,17.509275184443247
17,12,14.262719162316959
17,13,11.945797077553781
17,14,8.693689282437603
17,15,5.913150292900786
17,16,3.8216473679609972
17,18,3.7811691994582484
17,19,6.509884807138978
17,20,9.49802545689873
17,21,11.452621781205002
17,22,12.158772073235049
17,23,12.805197271901742
17,24,9.907313475977212
17,25,7.785807080848619
17,26,10.613909593823438
17,27,11.198086033837592
17,28,7.982039892856892
17,29,8.666448348355221
17,30,12.10719863636046
17,31,12.205800335067268
17,32,9.953229511258996
17,33,13.076097025793109
17,34,14.841918339270643
17,35,12.940593965934406
17,36,14.099130226781142
17,37,13.838777266905238
17,38,16.393697480398266
17,39,17.483740579653343
17,40,20.979845984880203
17,41,22.67026994865674
17,42,25.989327236041913
17,43,27.032928201941544
17,44,26.83267541521378
17,45,30.492873331189195
17,46,29.885947934111794
17,47,27.695425027889293
17,48,28.600582203651687
17,49,25.440964421652716
17,50,21.949135019911736
17,51,20.982771961183317
17,52,22.66955155279429
17,53,21.829809032952205
17,54,18.23281130486666
17,55,19.554068607509635
17,56,21.630342268528466
17,57,19.029130633735793
17,58,16.61756069175742
17,59,19.362815038888225
17,60,21.375402550504322
17,61,18.815477301733445
17,62,17.934187635456794
17,63,21.66160327477512
17,64,22.626217779563035
17,65,19.85816386540222
17,66,21.267203654769194
17,67,24.83926239024482
17,68,24.115632338896457
