1,2,3.7615421706026413
1,3,5.535123459605849
1,4,5.978627850427537
1,5,7.592513212231013
1,6,6.2021010872538875
1,7,8.70278718580126
1,8,9.986285906794892
1,9,13.410424067339495
1,10,16.438462218832875
1,11,17.507345454243442
1,12,19.721813509157776
1,13,22.69744082968414
1,14,22.503439378040813
1,15,24.811314050507345
1,16,27.853263543447426
1,17,27.14232054316582
1,18,29.884037488044076
1,19,29.186002748918874
1,20,32.70647154479838
1,21,34.012909905136105
1,22,35.120299474408235
1,23,33.09857061139711
1,24,29.650918161726565
1,25,30.596219107801996
1,26,31.665849025879414
1,27,28.63831197195565
1,28,26.419848563299293
1,29,28.464055667916057
1,30,28.129343628820816
1,31,24.486357018235264
1,32,22.72802322293127
1,33,21.775542344510463
1,34,19.295321915202138
1,35,16.992296087596703
1,36,14.531858017365163
1,37,16.297119652321935
1,38,13.541099537938326
1,39,10.902650177799718
1,40,7.598653727898389
1,41,8.491052283280085
1,42,9.777858783750101
1,43,13.297238698806348
1,44,16.170034038079468
1,45,18.172058883956172
1,46,16.12695026955616
1,47,17.23666386136857
1,48,20.778808941665957
1,49,21.22772027478782
1,50,19.869068338259677
1,51,19.71971275633558
1,52,16.915338809369196
1,53,14.854163702692833
1,54,15.44852519728798
1,55,14.830189949974763
1,56,11.33261095376206
1,57,10.505198943790546
1,58,11.886261164021283
1,59,10.465896918699144
1,60,6.748451715915491
1,61,7.934890022070722
1,62,10.239479284729315
1,63,8.662288391294243
1,64,6.39427685154674
1,65,9.826970469192851
1,66,11.522698559991673
1,67,10.240307610694193
1,68,11.305072022966433
1,69,14.422646654044415
1,70,15.40861669313433
1,71,15.331341828800108
1,72,17.739991019256014
1,73,20.01497451920883
1,74,20.28951466380869
1,75,19.533426153116817
1,76,19.100966448814805
1,77,21.76467427598217
1,78,21.966701355724048
1,79,23.42680080940446
1,80,20.516866128683986
1,81,18.196356957358898
1,82,20.788593869546283
1,83,21.23923179674415
1,84,17.62212401646883
1,85,17.391500882519775
1,86,20.198191694965743
1,87,19.39758189066839
1,88,15.752051609118507
1,89,17.34039058601796
1,90,19.8974295445113
1,91,17.526605107429294
1,92,15.371901491147817
1,93,18.87549985903923
1,94,20.130759748301205
1,95,17.172950122088924
1,96,18.041793196598004
1,97,21.63709316052404
1,98,21.05193600283669
1,99,19.107660620575388
1,100,21.44137709244495
1,101,24.642878599132484
1,102,23.947009199156923
1,103,27.6823818765162
2,1,3.7615421706026413
2,3,3.8040578306522796
2,4,6.261509185718529
2,5,9.34753583382522
2,6,9.162588533013288
2,7,11.658628244928842
2,8,13.024743633465517
2,9,16.654780193823708
2,10,19.458213942404164
2,11,20.482101783230668
2,12,22.94624240470178
2,13,25.834567556039275
2,14,25.570653376767854
2,15,28.060025755112832
2,16,31.00447358504301
2,17,30.27593586908738
2,18,32.933181681018645
2,19,32.05888608021107
2,20,35.56677497583531
2,21,36.623100898033975
2,22,37.58683988578869
2,23,35.30357934190641
2,24,32.0118407172793
2,25,33.17270687456355
2,26,33.96460444262395
2,27,30.74567845462006
2,28,28.834304747914896
2,29,30.86686058972565
2,30,30.140447061137426
2,31,26.440004983229834
2,32,25.08305727350719
2,33,23.901691806859397
2,34,21.13714250925694
2,35,19.343451085723185
2,36,17.2151135479394
2,37,19.215669132500892
2,38,16.708327258391343
2,39,14.421804556570251
2,40,11.237180235391502
2,41,12.144657558920132
2,42,12.943448452672312
2,43,16.301784158952636
2,44,19.4048147924721
2,45,21.01700987895318
2,46,18.784738137785823
2,47,20.173170071475695
2,48,23.709841615653897
2,49,24.460760859308632
2,50,23.36369682837897
2,51,23.07874194610776
2,52,20.075838356070015
2,53,18.289672930359863
2,54,19.010364798881707
2,55,18.048203640583683
2,56,14.535778183937394
2,57,14.127969198956485
2,58,15.226380512317771
2,59,13.235152016204072
2,60,9.798876165312054
2,61,11.190232093183814
2,62,12.798317493836345
2,63,10.379476595387628
2,64,8.044094665444883
2,65,11.554276686830267
2,66,12.507221889866116
2,67,10.144774506481507
2,68,11.45071063017644
2,69,14.894698958332826
2,70,15.175880908103691
2,71,14.38921826879721
2,72,17.290550108626764
2,73,19.51013032620154
2,74,20.438224487699408
2,75,19.971332023794286
2,76,20.16663847766784
2,77,22.913571281428627
2,78,23.443467050433426
2,79,25.291741527569965
2,80,22.422737699306843
2,81,20.20826827616829
2,82,23.145019126317557
2,83,23.85236701586373
2,84,20.302644545571493
2,85,20.261741929155402
2,86,23.323963903441395
2,87,22.63039840997303
2,88,19.093880658588063
2,89,20.823427483723535
2,90,23.488756525591203
2,91,21.14250791238633
2,92,19.102302772451026
2,93,22.620027905984145
2,94,23.868573460705033
2,95,20.886282068420016
2,96,21.7469099044404
2,97,25.348246205312755
2,98,24.661123758350136
2,99,22.58170001423104
2,100,24.910047409824788
2,101,28.11940068471075
2,102,27.185787948753067
2,103,30.872939998081254
3,1,5.535123459605849
3,2,3.8040578306522796
3,4,3.82367143286062
3,5,7.423752410801942
3,6,8.754779923168936
3,7,11.887557158212784
3,8,14.238240682544836
3,9,17.826168878901555
3,10,20.98628115299617
3,11,22.533813822659052
3,12,24.92100188105537
3,13,28.050844828951735
3,14,28.003868424336034
3,15,30.264616171110653
3,16,33.32378384682626
3,17,32.507563650807874
3,18,35.14161655371975
3,19,34.25550266291267
3,20,37.669003156051346
3,21,38.981456737765264
3,22,40.212039126017196
3,23,38.06587637200884
3,24,34.66507195691343
3,25,35.841383523894145
3,26,36.905498024628564
3,27,33.75244528301725
3,28,31.71101840065814
3,29,33.86427589834508
3,30,33.38149817780311
3,31,29.681288856980043
3,32,28.12811840472097
3,33,27.13252476424562
3,34,24.48803762681972
3,35,22.383535777483594
3,36,20.043537125594252
3,37,21.765135086767078
3,38,18.869876363024016
3,39,16.142863850775253
3,40,12.555582061098422
3,41,12.338717204050612
3,42,11.984981650148304
3,43,15.065787622445676
3,44,18.28409160368841
3,45,19.25562397527588
3,46,16.785750948453472
3,47,18.565069862216383
3,48,22.090138647655362
3,49,23.387004148129623
3,50,22.82423319847296
3,51,22.694045767289193
3,52,19.387394189879206
3,53,17.800545970709702
3,54,19.235607008388833
3,55,18.264026476955035
3,56,14.526646379385523
3,57,14.731561195216315
3,58,16.45095201014625
3,59,14.45995672501989
3,60,11.132357435524344
3,61,13.237667303531152
3,62,15.236039479127285
3,63,12.906726337461773
3,64,11.19188743925735
3,65,14.850093562921328
3,66,15.820210068838831
3,67,13.720346852217316
3,68,15.223917765743762
3,69,18.601165327933902
3,70,18.793286036444467
3,71,18.08445415489018
3,72,21.07541729447473
3,73,23.203814968169777
3,74,24.0834394392287
3,75,23.383025652067452
3,76,23.33512147719033
3,77,25.833760708524064
3,78,25.964162059227125
3,79,27.908374373365923
3,80,25.24996664257192
3,81,22.693451230809856
3,82,25.326191850865527
3,83,26.22072579222551
3,84,22.728068534045583
3,85,22.1544104745467
3,86,25.111628807524347
3,87,24.651422814115357
3,88,20.973262409841404
3,89,22.137508178516473
3,90,24.853947831409133
3,91,22.637127319714114
3,92,20.08109177456868
3,93,23.306702001394427
3,94,24.73477033515699
3,95,21.54309567916367
3,96,21.804430676993952
3,97,25.4803162625147
3,98,24.902457837223366
3,99,22.366986885596763
3,100,24.304904807887997
3,101,27.689608802967566
3,102,26.51903132728996
3,103,30.03885568728597
4,1,5.978627850427537
4,2,6.261509185718529
4,3,3.82367143286062
4,5,3.806318455510268
4,6,5.937247130403893
4,7,9.004479615520944
4,8,11.990249995381754
4,9,15.4455460935455
4,10,18.753440265451477
4,11,20.820286367946515
4,12,23.234750442838724
4,13,26.620665847695935
4,14,27.019270345893148
4,15,29.20880153104235
4,16,32.48894813811829
4,17,31.92141300525048
4,18,34.75589636831896
4,19,34.21482731284124
4,20,37.65579744664525
4,21,39.26243206104309
4,22,40.57735226515218
4,23,38.733379466270605
4,24,35.19385448905424
4,25,36.021484867534454
4,26,37.298444498064
4,27,34.3931109381391
4,28,32.001245161969024
4,29,33.97579996231965
4,30,33.84846279386001
4,31,30.271443183387085
4,32,28.280094819970007
4,33,27.240984261116658
4,34,25.0260870188552
4,35,22.599938062128285
4,36,19.77207724215847
4,37,20.874425874382347
4,38,17.57630183287004
4,39,14.754937185824858
4,40,10.990722521522722
4,41,10.150651053748826
4,42,9.156780990995994
4,43,11.758093261884923
4,44,15.215581916965919
4,45,16.037135520528487
4,46,13.96432733698584
4,47,16.20040695300471
4,48,19.883997996043
4,49,21.325863648057545
4,50,20.749415734234656
4,51,21.19166386807914
4,52,17.998475712735623
4,53,15.960436302032399
4,54,17.819290055697557
4,55,17.53872639738385
4,56,13.722877484951223
4,57,13.542660664801385
4,58,16.016409419855066
4,59,14.838276671728503
4,60,11.34976701765471
4,61,13.070075170666033
4,62,15.829979184237404
4,63,14.311511452999559
4,64,12.37069154542606
4,65,15.7424849522631
4,66,17.457627463246926
4,67,15.837578732055501
4,68,16.781493826123608
4,69,20.162148568050966
4,70,20.99301112743109
4,71,20.398824553745744
4,72,22.98545667156373
4,73,25.424112221869894
4,74,26.04583698641916
4,75,25.392801843939917
4,76,25.020081602524264
4,77,27.567025380199468
4,78,27.52479745782379
4,79,29.070047951188002
4,80,26.301102531943954
4,81,23.765169226417818
4,82,26.061397601643677
4,83,26.585511027203285
4,84,23.01808685109718
4,85,22.31906066911582
4,86,24.853392096823434
4,87,24.11556255354849
4,88,20.34838136368243
4,89,21.27988216123581
4,90,23.62415032445789
4,91,21.19366968765239
4,92,18.44849688204071
4,93,21.471375912781042
4,94,22.61986915926342
4,95,19.17819818738699
4,96,19.284584411861278
4,97,22.858362099817068
4,98,22.042976495777463
4,99,19.243363003420182
4,100,21.176652760232017
4,101,24.478629993772945
4,102,23.05122481696888
4,103,26.503090531141385
5,1,7.592513212231013
5,2,9.34753583382522
5,3,7.423752410801942
5,4,3.806318455510268
5,6,3.777252507312531
5,7,6.747862409946359
5,8,10.350942028262052
5,9,13.300809603225117
5,10,16.826161969342184
5,11,19.28434714246496
5,12,21.4462080882681
5,13,24.987044047500326
5,14,25.685506331450817
5,15,27.615199420509185
5,16,31.019093402734455
5,17,30.56041730407804
5,18,33.476937566859604
5,19,33.19631690795658
5,20,36.580329836079734
5,21,38.497901510578124
5,22,39.976721988893715
5,23,38.459732781991725
5,24,34.80121430706265
5,25,35.353105515048746
5,26,36.92088557002626
5,27,34.280641247890635
5,28,31.58910650335876
5,29,33.490484050911995
5,30,33.783651446313826
5,31,30.3505348132691
5,32,27.96627553202734
5,33,27.10549666709886
5,34,25.294744640334088
5,35,22.488186679476662
5,36,19.355737356760713
5,37,19.918111896285332
5,38,16.335998317956022
5,39,13.31325140883902
5,40,9.63127282322146
5,41,7.797884509549372
5,42,5.901757346987363
5,43,8.01660952437149
5,44,11.563704375013158
5,45,12.353283981830389
5,46,10.629205912293534
5,47,13.111447609129177
5,48,16.871292806207162
5,49,18.344420915375416
5,50,17.76321458691495
5,51,18.690187407835197
5,52,15.684653969371938
5,53,13.305092946997924
5,54,15.55889961111739
5,55,15.91446460053656
5,56,12.227472022344722
5,57,11.814397809909712
5,58,14.927136279210163
5,59,14.555638714973027
5,60,11.29792761352608
5,61,12.739928566753033
5,62,16.00068753359864
5,63,15.289093326440382
5,64,13.589435427416094
5,65,16.58890118912284
5,66,18.77187699591031
5,67,17.817866490436124
5,68,18.518173866746196
5,69,21.651323118485827
5,70,22.955517949410062
5,71,22.733877940545344
5,72,24.970712341844216
5,73,27.48505615624761
5,74,27.69157476325095
5,75,26.881690567815003
5,76,26.05761398496457
5,77,28.481666107288607
5,78,28.131481351761934
5,79,29.306987233207888
5,80,26.583351085425097
5,81,24.00003688977716
5,82,25.840893571937674
5,83,26.099824955087843
5,84,22.596660681838134
5,85,21.629001615526196
5,86,23.70480399291658
5,87,22.865532252111947
5,88,19.106982625378414
5,89,19.61640410374756
5,90,21.632633442854686
5,91,19.201326530670144
5,92,16.20731364673143
5,93,18.883880035269854
5,94,19.911710818365336
5,95,16.350670403214444
5,96,16.119881373756122
5,97,19.602368039911244
5,98,18.772963958133705
5,99,15.756384130858875
5,100,17.526065609125023
5,101,20.838679115260792
5,102,19.363414375368528
5,103,22.768772146852054
6,1,6.2021010872538875
6,2,9.162588533013288
6,3,8.754779923168936
6,4,5.937247130403893
6,5,3.777252507312531
6,7,3.7681800321632477
6,8,6.942679057700403
6,9,9.917405509852138
6,10,13.49156254022709
6,11,15.69039874207978
6,12,17.786147301162078
6,13,21.275361818287
6,14,21.919183668713096
6,15,23.919087601659562
6,16,27.336403211532048
6,17,26.98810374135179
6,18,30.000267567554317
6,19,29.86786765761771
6,20,33.33195773974477
6,21,35.213115636513564
6,22,36.570839810116574
6,23,35.125874723903415
6,24,31.467073008811216
6,25,31.848469055539265
6,26,33.38317136608097
6,27,30.840678051998665
6,28,28.048890615563668
6,29,29.836085350621364
6,30,30.210813730521807
6,31,26.853618748545234
6,32,24.342047506461764
6,33,23.4804527566673
6,34,21.84325072783794
6,35,18.94806237649641
6,36,15.701565555142793
6,37,16.154040795970317
6,38,12.570915367620527
6,39,9.556364176155302
6,40,5.889385563230192
6,41,4.600026892651679
6,42,4.550922186679107
6,43,7.389464915821765
6,44,10.656427923266394
6,45,12.573315893548598
6,46,11.276145131748814
6,47,13.020476375911311
6,48,16.773505917942956
6,49,17.479000187693906
6,50,16.16531455946239
6,51,17.08148380496317
6,52,14.485494534787545
6,53,11.636624652390914
6,54,13.190633608638581
6,55,13.907712659593967
6,56,10.409904425489616
6,57,9.02139326321317
6,58,12.066512475214207
6,59,12.270497115605458
6,60,8.927586989743775
6,61,9.526532215325254
6,62,13.046140288600435
6,63,12.98441089247926
6,64,11.114135143721093
6,65,13.627062499284587
6,66,16.217268386594963
6,67,15.75713022888154
6,68,16.102664121537963
6,69,18.972520615723283
6,70,20.710162443324677
6,71,20.79113568648704
6,72,22.63539072372035
6,73,25.200272155326374
6,74,25.086635406546595
6,75,24.30378588823356
6,76,23.299608972988374
6,77,25.801134535647247
6,78,25.539131740096625
6,79,26.384169145835394
6,80,23.516076254271542
6,81,21.15924794543678
6,82,22.950273430663255
6,83,22.87257752403302
6,84,19.314994653169144
6,85,18.61562236005487
6,86,20.534101774444114
6,87,19.39564368260757
6,88,15.658458164721916
6,89,16.48796104450529
6,90,18.337943595199143
6,91,15.693319148402487
6,92,12.964940718629842
6,93,15.942557918250662
6,94,16.78301131546525
6,95,13.275609372348375
6,96,13.648748366617758
6,97,17.149423303981774
6,98,16.233756563369997
6,99,13.689032152100435
6,100,15.956100448800997
6,101,19.137668932914888
6,102,18.064111017412024
6,103,21.726029101356858
7,1,8.70278718580126
7,2,11.658628244928842
7,3,11.887557158212784
7,4,9.004479615520944
7,5,6.747862409946359
7,6,3.7681800321632477
7,8,3.831306406629527
7,9,6.666445573443199
7,10,10.087441329500695
7,11,12.713931390797741
7,12,15.075043506421213
7,13,18.726693102260928
7,14,19.898589688871915
7,15,22.092163536885206
7,16,25.68325060725743
7,17,25.83384833078742
7,18,29.11073085993156
7,19,29.44298419452611
7,20,32.984700123718696
7,21,34.91297871073333
7,22,36.06299007881972
7,23,34.838489355897494
7,24,31.203127399839914
7,25,31.13691091318582
7,26,32.59699035622108
7,27,30.32867462851991
7,28,27.307960638186437
7,29,28.668199404896843
7,30,29.205198759704988
7,31,26.090300612874834
7,32,23.289279957319305
7,33,22.125338453585282
7,34,21.032734789096427
7,35,18.197303463508508
7,36,14.588077045188136
7,37,14.222151669858855
7,38,10.476482542193983
7,39,8.19788477864204
7,40,5.370886038534988
7,41,5.160246607158637
7,42,6.123118627194985
7,43,7.4930017169752725
7,44,10.543199805147253
7,45,12.913155462782804
7,46,12.697146938749746
7,47,14.41448048147465
7,48,18.039527530843902
7,49,18.343629302260794
7,50,16.499001005719254
7,51,17.970568643273705
7,52,16.00465042877889
7,53,12.642078190578486
7,54,13.788384123416655
7,55,15.355374030362658
7,56,12.373859381358768
7,57,9.985439488048176
7,58,13.000389196377727
7,59,14.113899801671952
7,60,10.973476865733284
7,61,10.253399920269112
7,62,13.951754984647197
7,63,14.67441006205512
7,64,12.359319120142175
7,65,13.995135066650796
7,66,17.17174895328279
7,67,16.962351314558397
7,68,16.48586179169714
7,69,19.195533559476328
7,70,21.521218224990992
7,71,21.51720230957551
7,72,22.79171954733924
7,73,25.654312575541805
7,74,25.431286783634274
7,75,24.994145836595163
7,76,23.98375329534315
7,77,26.665086889725483
7,78,26.615924655752067
7,79,26.97185527941687
7,80,23.882298276117254
7,81,21.977427364623317
7,82,23.628628500846077
7,83,22.94427602805798
7,84,19.379726504866948
7,85,19.122864939612807
7,86,20.529074475626924
7,87,18.761538073951453
7,88,15.229494416164142
7,89,16.36530886597558
7,90,17.478363488915182
7,91,14.33514584751352
7,92,12.144722533245337
7,93,15.051600451008936
7,94,15.048562587608032
7,95,11.379247049301267
7,96,12.474842362747685
7,97,15.55527521092165
7,98,13.932685286401275
7,99,11.602313936034122
7,100,14.522635395087619
7,101,17.19290054350921
7,102,15.939197969666878
7,103,19.68091631455156
8,1,9.986285906794892
8,2,13.024743633465517
8,3,14.238240682544836
8,4,11.990249995381754
8,5,10.350942028262052
8,6,6.942679057700403
8,7,3.831306406629527
8,9,3.8010102462229542
8,10,6.789919102440007
8,11,9.039967649923204
8,12,11.693609113911396
8,13,15.286670969950395
8,14,16.55583165454234
8,15,19.067292896181254
8,16,22.680220264113398
8,17,23.16107025897928
8,18,26.598350011631915
8,19,27.1909100438901
8,20,30.829284318426808
8,21,32.60244988259623
8,22,33.46630866393611
8,23,32.295448399943915
8,24,28.749775181239553
8,25,28.408706093145177
8,26,29.669894348743846
8,27,27.544746532416397
8,28,24.45408347927048
8,29,25.493335317724718
8,30,26.021148027223266
8,31,23.074634663635678
8,32,20.168357974736125
8,33,18.754913263242305
8,34,18.01184956750781
8,35,15.327024461292828
8,36,11.564283807432863
8,37,10.748589983498045
8,38,7.077289569794968
8,39,5.871425735145669
8,40,4.652186627984969
8,41,6.579681380699109
8,42,9.031133191989058
8,43,10.332349302317606
8,44,12.62291579603311
8,45,15.56746668004235
8,46,15.669198708003028
8,47,16.806350168648358
8,48,20.19570142142396
8,49,19.84223191195847
8,50,17.3808155646703
8,51,18.763940310332046
8,52,17.358083344837578
8,53,13.886090327860723
8,54,14.051016486222535
8,55,15.88054901389813
8,56,13.45132468955874
8,57,10.287021991711798
8,58,12.558596063532558
8,59,14.201480051649893
8,60,11.35887085596265
8,61,9.345060343799696
8,62,12.802013443913426
8,63,14.209582976162462
8,64,11.652347004245119
8,65,12.248880751747695
8,66,15.813341785252902
8,67,16.007341049038637
8,68,14.855691286540102
8,69,17.165502986667214
8,70,19.986564996759526
8,71,20.11626268595585
8,72,20.798057793865823
8,73,23.76112382826656
8,74,23.315446889709634
8,75,23.137296708221303
8,76,22.13148572924561
8,77,24.95600532682768
8,78,25.19694561908624
8,79,25.141946395057662
8,80,21.850272289392095
8,81,20.460802911622007
8,82,22.12126650683691
8,83,20.930779994096206
8,84,17.379080616634155
8,85,17.74940058743556
8,86,18.88110426559442
8,87,16.565747732776394
8,88,13.316395632382688
8,89,15.110728606561562
8,90,15.756987528748667
8,91,12.22614481690587
8,92,10.988775455724236
8,93,14.123724291809
8,94,13.52907222935546
8,95,10.198744545852533
8,96,12.412764565179451
8,97,15.087897819068894
8,98,13.166578402666346
8,99,11.801932119633092
8,100,15.226967126039357
8,101,17.378823098642677
8,102,16.533452917854255
8,103,20.325644525999515
9,1,13.410424067339495
9,2,16.654780193823708
9,3,17.826168878901555
9,4,15.4455460935455
9,5,13.300809603225117
9,6,9.917405509852138
9,7,6.666445573443199
9,8,3.8010102462229542
9,10,3.7735690218542186
9,11,6.528137194678533
9,12,8.674323251196677
9,13,12.430195247805283
9,14,14.221152206393198
9,15,16.475578454087437
9,16,20.199740183707533
9,17,21.023934659997323
9,18,24.5840365833758
9,19,25.621165434361213
9,20,29.172280570327725
9,21,31.16178832399596
9,22,32.03566014965079
9,23,31.265818144138684
9,24,27.72453166114506
9,25,26.94203149522096
9,26,28.40128735891203
9,27,26.702107191390823
9,28,23.33871397067072
9,29,24.094223840733104
9,30,25.10343859053809
9,31,22.521891807260133
9,32,19.23223966536227
9,33,18.02393121777777
9,34,18.0071384695846
9,35,15.146993588542049
9,36,11.354220784813057
9,37,9.443110649026188
9,38,5.939489605768101
9,39,5.768697878353181
9,40,6.641357478316304
9,41,8.064073800112606
9,42,10.55791704935674
9,43,10.950886664291765
9,44,12.238422805237853
9,45,15.524204362502129
9,46,16.31353347920296
9,47,16.996864397720316
9,48,19.98531736159579
9,49,19.117472307942293
9,50,16.243141340406314
9,51,18.00772151404026
9,52,17.339772959386803
9,53,13.734073971695418
9,54,13.470002194720925
9,55,16.02857422444618
9,56,14.363699694761115
9,57,10.856972718614163
9,58,12.962150987889695
9,59,15.477563900300094
9,60,13.352995973071506
9,61,10.87909589622997
9,62,14.090576930073022
9,63,16.27737393647929
9,64,14.210052319569924
9,65,14.077863538877704
9,66,17.722144854267633
9,67,18.559109011687788
9,68,17.221922295282678
9,69,18.938165023295493
9,70,22.079306237498695
9,71,22.577066074843575
9,72,22.78928711855062
9,73,25.645820030485933
9,74,24.758800324194468
9,75,24.505324932482356
9,76,23.124207379702778
9,77,25.738441261118226
9,78,25.79632634386361
9,79,25.205287646644663
9,80,22.02811392900436
9,81,20.907172553231437
9,82,22.01885347948428
9,83,20.335292692883414
9,84,17.092911022753917
9,85,17.489790096100858
9,86,17.846654683546976
9,87,15.165290231940656
9,88,12.397731516650575
9,89,13.952795064009118
9,90,13.711168366471368
9,91,10.016082407903337
9,92,9.398075223401698
9,93,11.972466643125525
9,94,10.56543583472476
9,95,7.445092567328097
9,96,10.317808055755311
9,97,12.317094170966977
9,98,10.035233664269619
9,99,9.463961610679387
9,100,13.13914912775585
9,101,14.718855212841184
9,102,14.271256809894323
9,103,17.995495553326116
10,1,16.438462218832875
10,2,19.458213942404164
10,3,20.98628115299617
10,4,18.753440265451477
10,5,16.826161969342184
10,6,13.49156254022709
10,7,10.087441329500695
10,8,6.789919102440007
10,9,3.7735690218542186
10,11,3.817772887075864
10,12,6.501957511432448
10,13,10.110107053968875
10,14,12.599459708083048
10,15,15.16932645501997
10,16,18.873248276205675
10,17,20.350846869544508
10,18,24.070134248645203
10,19,25.567919970122766
10,20,29.1116349986803
10,21,30.96279634988983
10,22,31.47994875617602
10,23,30.895384714742487
10,24,27.542046305188908
10,25,26.304200252341115
10,26,27.51015052615065
10,27,26.1479155304446
10,28,22.722548448627368
10,29,22.879807011999183
10,30,23.953981473339915
10,31,21.786438507869157
10,32,18.39670555876973
10,33,16.810294791744518
10,34,17.51144009030238
10,35,15.104724979851502
10,36,11.481528178359625
10,37,8.605690175946028
10,38,6.244740497111786
10,39,8.071015210068163
10,40,9.88535530016732
10,41,11.766166382033237
10,42,14.31929949612279
10,43,14.441274069643999
10,44,15.425995248693962
10,45,18.685939623659124
10,46,19.826387346313414
10,47,20.402740475977946
10,48,23.173858407182557
10,49,22.01247601632041
10,50,18.8913682993499
10,51,20.727781480141264
10,52,20.502673250068426
10,53,16.954300114970057
10,54,16.237190890937686
10,55,18.944090195063385
10,56,17.673617038865654
10,57,14.024518869988416
10,58,15.561249828561788
10,59,18.274746253854122
10,60,16.38165026961483
10,61,13.405367367752575
10,62,16.127012689513684
10,63,18.609570923240383
10,64,16.392240243322284
10,65,15.496928669775455
10,66,19.219656577316574
10,67,20.19598099956953
10,68,18.25675094803204
10,69,19.57713212889032
10,70,23.054260963284847
10,71,23.478203882534665
10,72,23.086904901909985
10,73,26.04610506117662
10,74,25.073167222381862
10,75,25.205442731750658
10,76,23.94637123738187
10,77,26.641438394069848
10,78,27.000363002401084
10,79,25.979001236240766
10,80,22.703286771210493
10,81,22.18842982671215
10,82,23.211020294492073
10,83,21.00174368118389
10,84,18.003978823870774
10,85,18.992937304981226
10,86,18.898418249855794
10,87,15.700711734224912
10,88,13.637658484409245
10,89,15.570656646465334
10,90,14.571253196522445
10,91,10.791181134090326
10,92,11.422036715048291
10,93,13.56636439580525
10,94,11.278753185448934
10,95,9.068643381897282
10,96,12.49838248895356
10,97,13.58094011751854
10,98,10.843226135658279
10,99,11.27357437509209
10,100,15.034601334149054
10,101,15.746576011942778
10,102,15.418388182646028
10,103,18.850945557210846
11,1,17.507345454243442
11,2,20.482101783230668
11,3,22.533813822659052
11,4,20.820286367946515
11,5,19.28434714246496
11,6,15.69039874207978
11,7,12.713931390797741
11,8,9.039967649923204
11,9,6.528137194678533
11,10,3.817772887075864
11,12,3.7635142160848
11,13,6.9057185710810645
11,14,9.176632186765687
11,15,12.18589791097223
11,16,15.758502512450903
11,17,17.438587643010912
11,18,21.190538224575437
11,19,22.792580251171078
11,20,26.376685526772807
11,21,27.971750562907776
11,22,28.211847520319655
11,23,27.613422488115116
11,24,24.403396198303394
11,25,23.00391772462747
11,26,23.989100755947536
11,27,22.736183707857478
11,28,19.339738184961046
11,29,19.242840823162968
11,30,20.293732780953334
11,31,18.321001257764458
11,32,14.910661326448935
11,33,13.236271543017297
11,34,14.365761637623597
11,35,12.226636958924605
11,36,8.977144795732695
11,37,5.534283787144714
11,38,4.88219481515517
11,39,8.16753442276053
11,40,10.990704023829608
11,41,13.523280065999876
11,42,16.639540018435518
11,43,17.297301331723602
11,44,18.031595158898085
11,45,21.540082385057943
11,46,22.386244000970464
11,47,22.493178522439763
11,48,25.089053386710727
11,49,23.496659342034384
11,50,20.106385281375434
11,51,21.45910899625778
11,52,21.530014146179507
11,53,18.24485928614186
11,54,16.755611884851007
11,55,19.204737835451535
11,56,18.397750088189408
11,57,14.658401221777838
11,58,15.265548375721586
11,59,18.048545889145423
11,60,16.63451421823446
11,61,13.15779904845882
11,62,15.120277618487465
11,63,17.9730214820292
11,64,16.006482922570395
11,65,14.26153646183646
11,66,17.833472901309687
11,67,19.269772688852417
11,68,17.093042903816237
11,69,17.719645381425742
11,70,21.385673994735654
11,71,22.131992868109656
11,72,21.249331688306153
11,73,23.993001778432063
11,74,22.681564844650694
11,75,22.895740592466783
11,76,21.579201742321676
11,77,24.216569895876095
11,78,24.7824662638884
11,79,23.416085264863334
11,80,20.11661189433558
11,81,20.130509152822164
11,82,21.09788536352132
11,83,18.522128739425618
11,84,15.762562085436688
11,85,17.344656280646852
11,86,17.042656707455976
11,87,13.518623002121535
11,88,12.090330686690336
11,89,14.590375662178854
11,90,13.347751902319361
11,91,9.702980344105224
11,92,11.481066384777462
11,93,13.679646558248136
11,94,11.403048815484176
11,95,10.2432153041782
11,96,14.019019536302034
11,97,14.89439531260555
11,98,12.721108920803053
11,99,13.928713325509705
11,100,17.46164414135843
11,101,18.073438663277383
11,102,18.359714349269968
11,103,21.693483672922262
12,1,19.721813509157776
12,2,22.94624240470178
12,3,24.92100188105537
12,4,23.234750442838724
12,5,21.4462080882681
12,6,17.786147301162078
12,7,15.075043506421213
12,8,11.693609113911396
12,9,8.674323251196677
12,10,6.501957511432448
12,11,3.7635142160848
12,13,3.7797351594552024
12,14,6.402133942597958
12,15,8.799377154043274
12,16,12.453874673555644
12,17,14.295491726703425
12,18,18.06475341140799
12,19,19.993169040024732
12,20,23.424180432339348
12,21,25.236051802285353
12,22,25.602544873853876
12,23,25.404938316828233
12,24,22.2007493061991
12,25,20.480526919518027
12,26,21.814145520654716
12,27,20.98425646946711
12,28,17.377541479992388
12,29,17.22021406423679
12,30,18.904889305789506
12,31,17.307373528624826
12,32,13.608737375466074
12,33,12.736279726084907
12,34,14.413367599447978
12,35,12.019940273440199
12,36,9.397926623686525
12,37,5.732183822294595
12,38,6.323090902673175
12,39,9.245963215204764
12,40,12.680931126726938
12,41,14.78995883928094
12,42,17.928767571884862
12,43,18.42836780859124
12,44,18.41197013033619
12,45,22.06481353260493
12,46,23.02105091533141
12,47,22.55382624081252
12,48,24.688160201542043
12,49,22.60152748742713
12,50,18.99452298149384
12,51,20.24509718505386
12,52,20.942877831459988
12,53,17.924532248274897
12,54,15.913889131269915
12,55,18.572478952166044
12,56,18.523743662133683
12,57,14.878749391487379
12,58,15.035443592944764
12,59,18.275739720266035
12,60,17.60753279561224
12,61,14.147383097230255
12,62,15.67414418216793
12,63,18.98907065674446
12,64,17.730170670636365
12,65,15.727489205897495
12,66,19.001807166924003
12,67,21.0457716622877
12,68,19.18928523735484
12,69,19.252063639242774
12,70,22.865109301458922
12,71,24.14523052661634
12,72,23.1273615819538
12,73,25.47057558336452
12,74,23.642385911535406
12,75,23.476189835017315
12,76,21.660806883349768
12,77,23.852815147053718
12,78,24.0603363638409
12,79,22.2452127778233
12,80,19.29474053745518
12,81,19.454857296484505
12,82,19.760750952331414
12,83,16.858980722393532
12,84,14.654681565213378
12,85,16.097696862088842
12,86,15.023914718234082
12,87,11.382066883797739
12,88,10.818315169233236
12,89,12.904160027610352
12,90,10.862246674504371
12,91,7.685927554946918
12,92,10.40547022209078
12,93,11.815529693499053
12,94,9.212507811577527
12,95,9.340155997030218
12,96,13.118132340372204
12,97,13.331755014355783
12,98,11.71757010490907
12,99,13.834623650835782
12,100,16.920465079772804
12,101,17.20962428218944
12,102,18.25360594874155
12,103,21.35301411345465
13,1,22.69744082968414
13,2,25.834567556039275
13,3,28.050844828951735
13,4,26.620665847695935
13,5,24.987044047500326
13,6,21.275361818287
13,7,18.726693102260928
13,8,15.286670969950395
13,9,12.430195247805283
13,10,10.110107053968875
13,11,6.9057185710810645
13,12,3.7797351594552024
13,14,3.8063509493046945
13,15,6.167371162825063
13,16,9.443673738347155
13,17,11.956235079832554
13,18,15.688060854812138
13,19,18.045450462963366
13,20,21.324501006546807
13,21,22.934021612210447
13,22,22.969139367813735
13,23,23.050043623381587
13,24,20.12713051344996
13,25,17.930336888067284
13,26,19.10611293022949
13,27,18.782343244259682
13,28,15.189783491904366
13,29,14.44636984236861
13,30,16.466418372706364
13,31,15.524650677255506
13,32,11.841564815149138
13,33,11.267453137876203
13,34,13.776264664073668
13,35,11.940489598417653
13,36,10.40840294767517
13,37,7.043158144631237
13,38,9.188602011214368
13,39,12.251696368056024
13,40,15.892764882745617
13,41,18.120153512360925
13,42,21.3751941636786
13,43,21.979988928215146
13,44,21.709998659207155
13,45,25.40135420849536
13,46,26.317987928900482
13,47,25.53000758768727
13,48,27.38563346547086
13,49,24.96367427130354
13,50,21.255638856948448
13,51,22.19898333794261
13,52,23.287444437356683
13,53,20.5882316829597
13,54,18.115426324472274
13,55,20.577675618114178
13,56,21.029001009201377
13,57,17.530532746604244
13,58,17.02208486460784
13,59,20.252037595036338
13,60,20.074676067919974
13,61,16.510150822006402
13,62,17.32344403285189
13,63,20.818177956524195
13,64,19.891097734189618
13,65,17.355917501248722
13,66,20.259792353860465
13,67,22.659432531902773
13,68,20.703581874694297
13,69,20.095112835627344
13,70,23.7183849144697
13,71,25.274968680935498
13,72,23.795522919327563
13,73,25.814987786376527
13,74,23.632344504684422
13,75,23.51427452711961
13,76,21.594581061473228
13,77,23.5085345814391
13,78,23.81187484362611
13,79,21.49078445174962
13,80,18.778933602139983
13,81,19.572906828753933
13,82,19.528175297424255
13,83,16.194959453322028
13,84,14.696716603514345
13,85,16.571576960429294
13,86,14.96573872320442
13,87,11.228010826520435
13,88,11.879045587317213
13,89,13.999190961224153
13,90,11.499291926650958
13,91,9.278571322116946
13,92,12.722204116645651
13,93,13.623816332327204
13,94,11.09647171595959
13,95,12.259310247364308
13,96,15.840587728056441
13,97,15.572652733386256
13,98,14.403517764914934
13,99,17.007770397735698
13,100,19.77652988099988
13,101,19.7353146899366
13,102,21.181046753692577
13,103,24.006037738678838
14,1,22.503439378040813
14,2,25.570653376767854
14,3,28.003868424336034
14,4,27.019270345893148
14,5,25.685506331450817
14,6,21.919183668713096
14,7,19.898589688871915
14,8,16.55583165454234
14,9,14.221152206393198
14,10,12.599459708083048
14,11,9.176632186765687
14,12,6.402133942597958
14,13,3.8063509493046945
14,15,3.8574213615813115
14,16,6.8341062259674565
14,17,8.84682764243986
14,18,12.551975688219082
14,19,14.632892423164119
14,20,18.042519404203272
14,21,19.421704843306408
14,22,19.421049396301854
14,23,19.319873583249908
14,24,16.35763988478188
14,25,14.299212758657074
14,26,15.509187292452873
14,27,15.044647401213869
14,28,11.412629188895936
14,29,10.96534526708
14,30,13.111457377003097
14,31,12.104059748670442
14,32,8.359510524395649
14,33,8.628597909104325
14,34,11.136607440595318
14,35,9.332137698493932
14,36,8.889345948437159
14,37,6.638957943279482
14,38,9.681401166314828
14,39,12.416361076862524
14,40,16.167507458193793
14,41,18.551961025509662
14,42,22.037848196048134
14,43,23.168549386914915
14,44,22.856209937179177
14,45,26.63913541194331
14,46,27.08813099625217
14,47,25.946704613428242
14,48,27.68815301379908
14,49,25.07424672790215
14,50,21.378184385201433
14,51,21.675707975462675
14,52,22.805245549261187
14,53,20.520850096513144
14,54,17.570560077503735
14,55,19.48158018230553
14,56,20.291127119832094
14,57,17.052773903822285
14,58,15.736341907419723
14,59,18.75085906509119
14,60,19.116471013109223
14,61,15.583141632867052
14,62,15.595790924963735
14,63,19.19042452466138
14,64,18.81161791219248
14,65,15.93767175674487
14,66,18.333379158386236
14,67,21.15773988173628
14,68,19.493070732439712
14,69,18.303632066130252
14,70,21.724464417413298
14,71,23.735971454525743
14,72,22.189091421473588
14,73,23.741871772225117
14,74,21.172638750582323
14,75,20.753608930198126
14,76,18.581440380514813
14,77,20.199750755764384
14,78,20.461311131378146
14,79,17.92278961265389
14,80,15.38041778001847
14,81,16.489421720704676
14,82,16.277432220634072
14,83,12.776520246596661
14,84,11.70167014988558
14,85,13.929736181947742
14,86,12.255238049452982
14,87,8.579447982188462
14,88,10.049248899974865
14,89,12.43835547585966
14,90,10.292995759590662
14,91,8.879478142358522
14,92,12.588093237284124
14,93,13.64120963254251
14,94,12.008880062838225
14,95,13.523992671131015
14,96,16.850524128074206
14,97,16.94582939521098
14,98,16.499721154386467
14,99,18.99863431791
14,100,21.521245039703746
14,101,21.912761407723202
14,102,23.639568980191875
14,103,26.5778063613674
15,1,24.811314050507345
15,2,28.060025755112832
15,3,30.264616171110653
15,4,29.20880153104235
15,5,27.615199420509185
15,6,23.919087601659562
15,7,22.092163536885206
15,8,19.067292896181254
15,9,16.475578454087437
15,10,15.16932645501997
15,11,12.18589791097223
15,12,8.799377154043274
15,13,6.167371162825063
15,14,3.8574213615813115
15,16,3.757323190728437
15,17,5.888162865022347
15,18,9.586792533310827
15,19,12.185630602780634
15,20,15.272413960668827
15,21,17.10702502272617
15,22,17.48801169824811
15,23,18.024705112405034
15,24,15.08170853598475
15,25,12.677303719327883
15,26,14.634688099458007
15,27,14.79979450112908
15,28,11.101905856976504
15,29,10.883479517849596
15,30,13.889366722048154
15,31,13.388414001339164
15,32,9.85178484185611
15,33,11.337437045369697
15,34,13.720660708199622
15,35,11.721573392286418
15,36,11.72809837068997
15,37,9.913335584180148
15,38,12.43777007312316
15,39,14.490147397286721
15,40,18.241671229364798
15,41,20.08771861986702
15,42,23.36577628457677
15,43,24.287351219609786
15,44,23.38722748649238
15,45,27.119858897205564
15,46,27.642267849317207
15,47,26.04100371595641
15,48,27.280200455417454
15,49,24.304256649030464
15,50,20.613213206967114
15,51,20.753738313438067
15,52,22.460230797479447
15,53,20.578483589617207
15,54,17.370695300607995
15,55,19.34863471230886
15,56,20.839909102097803
15,57,17.935905634919393
15,58,16.418318819440586
15,59,19.66105240688111
15,60,20.63315997218424
15,61,17.436138839099822
15,62,17.26298782706008
15,63,20.991242702611785
15,64,21.20174067527961
15,65,18.51725419947607
15,66,20.59902108264425
15,67,23.731031385070114
15,68,22.493850772763263
15,69,21.142115844275693
15,70,24.31270465890803
15,71,26.667615140548733
15,72,25.257291993844877
15,73,26.469766823355304
15,74,23.595968202395895
15,75,22.712403255377673
15,76,20.082970180658613
15,77,21.078171354121274
15,78,20.757544300336136
15,79,17.88283021693746
15,80,16.03363362314483
15,81,17.02455348393278
15,82,15.92458472213481
15,83,12.357391143918884
15,84,12.21434174177223
15,85,13.802591173421627
15,86,11.19815717104407
15,87,8.055330166387737
15,88,10.562495361497646
15,89,11.902739647535128
15,90,9.092607925485533
15,91,9.082390560479766
15,92,12.877754551984447
15,93,12.92104908911763
15,94,11.496957445124478
15,95,13.98146757917175
15,96,16.78529334383379
15,97,16.335410385177944
15,98,16.584351903466555
15,99,19.49486530027742
15,100,21.438636194053363
15,101,21.62105459397845
15,102,23.898237605936746
15,103,26.53873597408588
16,1,27.853263543447426
16,2,31.00447358504301
16,3,33.32378384682626
16,4,32.48894813811829
16,5,31.019093402734455
16,6,27.336403211532048
16,7,25.68325060725743
16,8,22.680220264113398
16,9,20.199740183707533
16,10,18.873248276205675
16,11,15.758502512450903
16,12,12.453874673555644
16,13,9.443673738347155
16,14,6.8341062259674565
16,15,3.757323190728437
16,17,3.8300544443751123
16,18,6.844168570638051
16,19,10.032468183191812
16,20,12.6727640097609
16,21,14.266246168707976
16,22,14.38075494400478
16,23,15.421280006698483
16,24,12.921903981664347
16,25,9.933020545949027
16,26,12.00781255053191
16,27,12.986888542165827
16,28,9.617511217195513
16,29,8.985447953678259
16,30,12.55067751849474
16,31,12.931692073776654
16,32,10.049152471741232
16,33,12.255736163639886
16,34,14.834073597493932
16,35,13.451360582516934
16,36,14.363471975936337
16,37,13.085608786874834
16,38,15.910916279282793
16,39,17.88896866461375
16,40,21.599865644359983
16,41,23.445298195304268
16,42,26.731660491778396
16,43,27.75723835788276
16,44,26.705311786474137
16,45,30.405231155333343
16,46,30.818839695670132
16,47,28.96334098982028
16,48,29.93609220310431
16,49,26.762990360139316
16,50,23.161801696719927
16,51,22.944673035295047
16,52,24.89518705381174
16,53,23.400791715781462
16,54,19.98252298371873
16,55,21.615948295815585
16,56,23.481695440987885
16,57,20.868195733895448
16,58,18.918756213319046
16,59,21.936608919949347
16,60,23.319632065105314
16,61,20.253221623313774
16,62,19.53949472823237
16,63,23.20215151042748
16,64,23.77123762667664
16,65,20.8818789664894
16,66,22.48963055842861
16,67,25.83848725527765
16,68,24.712102119165973
16,69,22.878920216981733
16,70,25.824044626333368
16,71,28.437371402386745
16,72,26.799487182847365
16,73,27.57923128182533
16,74,24.412061430065773
16,75,23.41519708115713
16,76,20.674322176386678
16,77,21.14869896567158
16,78,20.761371202431754
16,79,17.45648175748866
16,80,16.229800434389414
16,81,17.72815250967376
16,82,16.152470335172268
16,83,12.510314118801734
16,84,13.419466646754621
16,85,15.094896708611884
16,86,12.184171087775804
16,87,9.824201432518464
16,88,13.05038362019475
16,89,14.112895366658979
16,90,11.490542134911236
16,91,12.333530584503363
16,92,16.004857870439633
16,93,15.743156030999396
16,94,14.676512463885448
16,95,17.454881434259345
16,96,19.981825391539367
16,97,19.350424124210782
16,98,19.93159081782446
16,99,22.961355670136562
16,100,24.643474003153614
16,101,24.71814729597991
16,102,27.22650115630673
16,103,29.68538189251971
17,1,27.14232054316582
17,2,30.27593586908738
17,3,32.507563650807874
17,4,31.92141300525048
17,5,30.56041730407804
17,6,26.98810374135179
17,7,25.83384833078742
17,8,23.16107025897928
17,9,21.023934659997323
17,10,20.350846869544508
17,11,17.438587643010912
17,12,14.295491726703425
17,13,11.956235079832554
17,14,8.84682764243986
17,15,5.888162865022347
17,16,3.8300544443751123
17,18,3.7763912008219394
17,19,6.433659147415766
17,20,9.394226598807197
17,21,11.33304566948281
17,22,12.188045181557342
17,23,13.091229534246684
17,24,10.186408043131966
17,25,7.830904058275639
17,26,10.80125854961043
17,27,11.386757980083791
17,28,8.136481033461319
17,29,8.984504134469528
17,30,12.469394450956628
17,31,12.395968848399809
17,32,9.901339896001828
17,33,12.972274787847352
17,34,14.715494467531721
17,35,13.0126007365548
17,36,14.376373847436616
