1,2,3.8527778350357753
1,3,6.494063119775649
1,4,9.100531172353024
1,5,12.491307732674644
1,6,14.637110367539691
1,7,12.692272210927708
1,8,13.013815013712765
1,9,16.559873560093937
1,10,17.68084054958716
1,11,16.423654920960107
1,12,18.052538171863816
1,13,21.157459754053406
1,14,24.344270810646066
1,15,24.87828193221948
1,16,26.405963530096223
1,17,24.014252237550455
1,18,24.96831622048706
1,19,26.27302896747415
1,20,28.03919423989183
1,21,31.508751392140162
1,22,34.2659146704745
1,23,37.495391962148474
1,24,39.81893591687947
1,25,38.03676414758213
1,26,38.889256678769584
1,27,42.36510378307298
1,28,43.55127612448197
1,29,47.173415240188945
1,30,46.6399528765845
1,31,47.087073257165414
1,32,49.132996577432394
1,33,46.64481453988965
1,34,43.40099078753604
1,35,40.90314974181434
1,36,38.97972191884272
1,37,36.03022718529283
1,38,36.200906661541225
1,39,33.504485460000794
1,40,32.400438394496796
1,41,29.33653913087724
1,42,30.132218921690043
1,43,28.74891132007192
1,44,29.039234738147847
1,45,28.051224025328345
1,46,24.97095057603631
1,47,22.60860210644454
1,48,23.4464026367973
1,49,25.670797748236943
1,50,25.92170396026259
1,51,28.12421662769171
1,52,30.423818625133983
1,53,33.350426390564145
1,54,31.652245784421
1,55,31.172548752818276
1,56,29.492985671624773
1,57,32.33784218562259
1,58,33.44545060608332
1,59,35.56535541165384
1,60,36.06959614171419
1,61,36.675285288128165
1,62,37.81296969783819
1,63,38.687007026659344
1,64,37.487840644958624
1,65,39.834649751124985
1,66,38.74494404318594
1,67,40.81275952593924
1,68,40.64949129547695
1,69,42.6514338571989
1,70,45.118031852140476
1,71,46.43317884906881
1,72,49.649004656488565
1,73,49.11340450355869
1,74,51.80115744531212
1,75,53.50137793385657
1,76,51.626302500171114
1,77,48.68248034941462
1,78,48.103816750077755
1,79,45.38864184588167
1,80,45.742871902356285
1,81,44.0903056018416
1,82,42.209116040227784
1,83,41.09429934005763
1,84,38.05680466182977
1,85,36.89979299182264
1,86,33.80360214238418
1,87,32.36219675532809
1,88,31.963608901331337
1,89,31.330393164996167
1,90,30.13583890182761
1,91,30.858619953180163
1,92,30.264225420460015
1,93,33.836420357922954
1,94,35.81449835287745
1,95,36.026883017488785
1,96,39.22345260559358
2,1,3.8527778350357753
2,3,3.836870190726083
2,4,6.1754317983792
2,5,9.072875696417858
2,6,11.777664022550075
2,7,10.452507981182475
2,8,10.276019861050603
2,9,13.588394037756334
2,10,15.316137744299377
2,11,14.483321866089302
2,12,15.67683527731922
2,13,18.575121130303224
2,14,21.964945499096252
2,15,22.998052602669347
2,16,24.967537689010225
2,17,22.884669975088627
2,18,24.333656549792437
2,19,25.449531767172783
2,20,27.501495565570345
2,21,30.73439257229348
2,22,33.58423698832663
2,23,36.890259930638415
2,24,39.04520812817916
2,25,36.942269761282375
2,26,37.80948195441773
2,27,41.40435252007419
2,28,42.44771429834376
2,29,46.13988215854396
2,30,45.917791585734676
2,31,46.34658266505751
2,32,48.64556679991173
2,33,46.345026031965624
2,34,43.25151822832067
2,35,40.880865242065184
2,36,39.282236236945
2,37,36.31037664634466
2,38,36.12899458176916
2,39,33.270514051206305
2,40,32.19717823626681
2,41,29.10456374002316
2,42,29.498022799955436
2,43,27.850389494096937
2,44,27.681763360215395
2,45,26.245461119605835
2,46,23.039068990537697
2,47,20.291980863284486
2,48,20.639290051308055
2,49,22.61561451144384
2,50,22.574250780416886
2,51,24.665459040580593
2,52,27.034993606474657
2,53,29.988052120404163
2,54,28.49862475936007
2,55,28.30745225849454
2,56,26.927245981094064
2,57,30.006712009212595
2,58,31.441911088167366
2,59,33.54687416042375
2,60,34.41892415326443
2,61,35.26885188081222
2,62,36.762076488391436
2,63,37.890189079092806
2,64,37.04880608867116
2,65,39.626841792283514
2,66,38.78893282182113
2,67,41.09720299205401
2,68,40.84476598761699
2,69,42.98951987460943
2,70,45.20990042499878
2,71,46.584027992151114
2,72,49.681342164597126
2,73,49.22863134187207
2,74,52.09421546018905
2,75,53.78417566220595
2,76,52.013704099198314
2,77,49.09583727381282
2,78,48.52966318481655
2,79,45.802874573391804
2,80,45.875638273077236
2,81,44.06822736858085
2,82,41.90871028785695
2,83,40.54644629505963
2,84,37.30641200884748
2,85,35.842745706159526
2,86,32.75600303719207
2,87,30.97869710630576
2,88,30.679064010053654
2,89,29.651876550577878
2,90,28.086302843417805
2,91,28.420798561494657
2,92,27.483665727688187
2,93,30.95654195304567
2,94,32.72037707549607
2,95,32.981408302632275
2,96,36.29798610512332
3,1,6.494063119775649
3,2,3.836870190726083
3,4,3.825820371256867
3,5,6.528878837477473
3,6,8.646500934544104
3,7,6.792590722374088
3,8,6.6222795237565455
3,9,10.078981296754288
3,10,11.535071362377696
3,11,10.689330448938186
3,12,12.110738509807385
3,13,14.924131807463814
3,14,18.32454335507107
3,15,19.26645599995861
3,16,21.341678434680407
3,17,19.48009325074317
3,18,21.226852885969677
3,19,22.53996080754981
3,20,24.922177619900744
3,21,28.053237470740545
3,22,31.118944888678687
3,23,34.29637644309432
3,24,36.555971532082935
3,25,34.3270224148926
3,26,34.93747028020974
3,27,38.60249072795954
3,28,39.80422250282786
3,29,43.45914822685725
3,30,43.35772478045097
3,31,44.003680504655776
3,32,46.403786124047855
3,33,44.07497179696712
3,34,41.12554131467885
3,35,38.65821877916637
3,36,37.2081563111153
3,37,34.205547861820385
3,38,33.99266547568936
3,39,30.90971442153946
3,40,29.582461336371292
3,41,26.33631973898378
3,42,26.401410461146906
3,43,24.49657129251379
3,44,24.291703132638546
3,45,22.74221762133985
3,46,19.668156999536034
3,47,16.935943131465354
3,48,17.380215038152027
3,49,19.337855142852575
3,50,19.50235888531497
3,51,21.88992168580509
3,52,24.39686327833896
3,53,27.131870919422457
3,54,25.356607183982383
3,55,25.05735434359987
3,56,23.47451544724381
3,57,26.45848699690653
3,58,27.784226237765797
3,59,29.79073635987739
3,60,30.65514547354232
3,61,31.60616660272805
3,62,33.18286254700268
3,63,34.471629321818305
3,64,33.80460475886726
3,65,36.54890623643602
3,66,35.95109701371789
3,67,38.46509679382911
3,68,38.355617641001274
3,69,40.719058269598136
3,70,42.86645842748727
3,71,44.46029263102147
3,72,47.58068753709138
3,73,47.37763436040534
3,74,50.38998398694828
3,75,51.880123206643745
3,76,50.01398156177748
3,77,46.99628310868775
3,78,46.24994031105341
3,79,43.39831458950743
3,80,43.23521447045751
3,81,41.2319750581459
3,82,38.991788118205854
3,83,37.42251402469889
3,84,34.1355472953496
3,85,32.492115087661155
3,86,29.312480747346218
3,87,27.385358302752405
3,88,26.97782813319683
3,89,25.862046635850245
3,90,24.333268925330803
3,91,24.71061681727221
3,92,23.93811098805091
3,93,27.493073364810577
3,94,29.46015486998146
3,95,29.86824023039075
3,96,33.174332577043934
4,1,9.100531172353024
4,2,6.1754317983792
4,3,3.825820371256867
4,5,3.863546657530089
4,6,5.747429438906874
4,7,5.3878151860479395
4,8,6.437842161208974
4,9,8.741602170470852
4,10,10.346747588858284
4,11,10.830678131406792
4,12,12.44073506133527
4,13,14.404707607087426
4,14,18.11344166427069
4,15,19.307103299443153
4,16,21.876834743394042
4,17,20.64386272208567
4,18,22.905316180775834
4,19,24.435289345937576
4,20,27.179679021138107
4,21,30.10556642657542
4,22,33.34991140839997
4,23,36.40689412484019
4,24,38.67911200877896
4,25,36.2309238729081
4,26,36.604812618495224
4,27,40.35591752924036
4,28,41.62856361990848
4,29,45.25736153511259
4,30,45.389238904052185
4,31,46.195290651750156
4,32,48.748200812367905
4,33,46.46691887081331
4,34,43.678015031058955
4,35,41.17529986715247
4,36,39.88369392362209
4,37,36.87381476781745
4,38,36.602694741518164
4,39,33.34168946148072
4,40,31.789478080591774
4,41,28.401605477430728
4,42,28.01079448593708
4,43,25.67752943787445
4,44,25.30989557979067
4,45,23.34076144252276
4,46,20.48691122969216
4,47,17.4910079254958
4,48,17.322388554458588
4,49,18.573323905511902
4,50,18.117225286268546
4,51,20.776062627121572
4,52,23.71453555910001
4,53,26.17548451924208
4,54,24.514394121359324
4,55,24.707190715974058
4,56,23.301609437521652
4,57,26.36283517702628
4,58,27.764690333071048
4,59,29.387359177018023
4,60,30.483385815581098
4,61,31.87846413445674
4,62,33.72309457964013
4,63,35.39992700502034
4,64,35.06201269525281
4,65,38.05868701208865
4,66,37.80595368747162
4,67,40.548811762130356
4,68,40.63008410663028
4,69,43.20122432079471
4,70,45.266518247057
4,71,47.04721644929325
4,72,50.15484223011833
4,73,50.14101957078986
4,74,53.26579133996048
4,75,54.61834647016305
4,76,52.6966783874736
4,77,49.60775488320483
4,78,48.69478720526594
4,79,45.72062354030994
4,80,45.31264485409164
4,81,43.07417664367722
4,82,40.75163917072803
4,83,38.88307455528553
4,84,35.53315612142971
4,85,33.55313241431068
4,86,30.230376131227164
4,87,27.913049476909855
4,88,27.171975756898007
4,89,25.605878456071263
4,90,24.001017234258583
4,91,23.931829506963336
4,92,23.029107226108408
4,93,26.54506462295628
4,94,28.462390060687852
4,95,29.306189779170907
4,96,32.80972747444855
5,1,12.491307732674644
5,2,9.072875696417858
5,3,6.528878837477473
5,4,3.863546657530089
5,6,3.871241087557192
5,7,5.5023514116416
5,8,5.254649562929476
5,9,6.096584215419659
5,10,8.754752152978533
5,11,10.01873055175145
5,12,10.745805993174303
5,13,12.083604290511524
5,14,15.907108418089933
5,15,17.735382031872817
5,16,20.751670912990125
5,17,19.970674047158187
5,18,22.677922939011907
5,19,23.923072251093355
5,20,26.8662408214675
5,21,29.433807186305383
5,22,32.691872916767025
5,23,35.746239262164146
5,24,37.80426697675355
5,25,35.06868491357103
5,26,35.43342147152393
5,27,39.24226906442488
5,28,40.35512976444036
5,29,44.00012500750615
5,30,44.45222935868798
5,31,45.24033725967851
5,32,48.016577957974
5,33,45.949945812854175
5,34,43.35676555214099
5,35,41.01912977663766
5,36,40.075707687052926
5,37,37.10505175590295
5,38,36.49143126091264
5,39,33.142369547840374
5,40,31.662412101287938
5,41,28.359197709332005
5,42,27.554494430357874
5,43,25.022278316309734
5,44,24.13027839966747
5,45,21.690318505340233
5,46,18.828263619029524
5,47,15.495067785656106
5,48,14.622839078257757
5,49,15.415649228954171
5,50,14.559718168793667
5,51,17.13659823297896
5,52,20.192749720648855
5,53,22.602035070336946
5,54,21.15658509472276
5,55,21.70221381168031
5,56,20.68269606616547
5,57,23.958846637060134
5,58,25.729083088232294
5,59,27.314393845479042
5,60,28.8345428089827
5,61,30.46579706245822
5,62,32.67561219899767
5,63,34.58180614389701
5,64,34.63520895275327
5,65,37.803339771284314
5,66,37.8042999536161
5,67,40.73224826780556
5,68,40.70764086065426
5,69,43.373397635119474
5,70,45.1582029622842
5,71,46.97342188485182
5,72,49.924475122090236
5,73,50.00057886968015
5,74,53.26833299530956
5,75,54.590210334035284
5,76,52.790290096258694
5,77,49.762951647990995
5,78,48.87848010319638
5,79,45.93893423257197
5,80,45.256950968635635
5,81,42.90360384647781
5,82,40.32701149421155
5,83,38.23930012219311
5,84,34.737919008651645
5,85,32.47094070642428
5,86,29.251448137344934
5,87,26.619062397520636
5,88,26.045788933395222
5,89,24.057318808539073
5,90,22.015815931487964
5,91,21.44867256778643
5,92,20.118296890983817
5,93,23.465922603239388
5,94,25.12606707282442
5,95,26.040009862729846
5,96,29.648430093981403
6,1,14.637110367539691
6,2,11.777664022550075
6,3,8.646500934544104
6,4,5.747429438906874
6,5,3.871241087557192
6,7,3.8239934148933887
6,8,5.503958542413287
6,9,4.886158461369976
6,10,6.130008491667219
6,11,8.487856500216255
6,12,10.033500561938984
6,13,10.526605502640097
6,14,14.307825741074566
6,15,15.734608381622833
6,16,18.868081690385218
6,17,18.60762309821449
6,18,21.582769811040027
6,19,23.28983926018919
6,20,26.542601668776957
6,21,29.011751950163458
6,22,32.49171608222093
6,23,35.263985527297
6,24,37.53563798739208
6,25,34.791193792386146
6,26,34.73379176817061
6,27,38.55512606928729
6,28,39.96749388676685
6,29,43.487650063819835
6,30,43.9801903715093
6,31,45.087278189072926
6,32,47.863963855272715
6,33,45.67929672593997
6,34,43.23163952617735
6,35,40.708524022317434
6,36,39.79180102937051
6,37,36.824564021802274
6,38,36.38456529159722
6,39,32.85298246950266
6,40,30.98000587350641
6,41,27.49304216169412
6,42,26.339617476039038
6,43,23.457017511558757
6,44,22.770270565238086
6,45,20.288873645475668
6,46,17.921417158108124
6,47,14.862484938075328
6,48,14.128525154871038
6,49,14.517010115029857
6,50,13.75098464892424
6,51,16.955092079236202
6,52,20.314361727846443
6,53,22.17221592264411
6,54,20.299710732418305
6,55,20.809933365783085
6,56,19.424000094367614
6,57,22.384256979538225
6,58,23.782191607372617
6,59,24.950288383285866
6,60,26.333095616394953
6,61,28.221678180677785
6,62,30.44016542031697
6,63,32.603293858643404
6,64,32.81396795656131
6,65,36.145292376537334
6,66,36.44740236503838
6,67,39.547214976740975
6,68,39.84484154599036
6,69,42.73989016640773
6,70,44.558931920789156
6,71,46.64998473341389
6,72,49.68167802898775
6,73,50.05001270354609
6,74,53.389753875827104
6,75,54.44547301522705
6,76,52.459031900215706
6,77,49.28924973636854
6,78,48.12589628442216
6,79,45.011459308588975
6,80,44.1367275996664
6,81,41.554631681854005
6,82,39.05034129480108
6,83,36.73897342643086
6,84,33.314665140079114
6,85,30.866796891860165
6,86,27.46144416066324
6,87,24.653262533479985
6,88,23.62146286783578
6,89,21.492836184962385
6,90,19.764295803423554
6,91,19.229280755298504
6,92,18.34393369094996
6,93,21.82332450980571
6,94,23.878812004348493
6,95,25.24011725466082
6,96,28.825627718895266
7,1,12.692272210927708
7,2,10.452507981182475
7,3,6.792590722374088
7,4,5.3878151860479395
7,5,5.5023514116416
7,6,3.8239934148933887
7,8,3.8737846611578375
7,9,5.430154056090669
7,10,5.353600418519153
7,11,6.080337936436553
7,12,8.590030931233045
7,13,10.112486539139606
7,14,13.647112251024303
7,15,14.361517821358005
7,16,16.9529942124492
7,17,16.135143789988444
7,18,18.736739519630355
7,19,20.65637098415372
7,20,23.78189769779151
7,21,26.530789485543057
7,22,30.02199936091386
7,23,32.7815617018982
7,24,35.246985567632024
7,25,32.75668754366715
7,26,32.69557522016985
7,27,36.46630581132522
7,28,38.034002671849436
7,29,41.53623665463188
7,30,41.73962649059603
7,31,42.88347479334001
7,32,45.473177678596024
7,33,43.10604149146507
7,34,40.52172032415231
7,35,37.86198572998368
7,36,36.71645531342655
7,37,33.72062815108152
7,38,33.51956375321633
7,39,30.02614067740901
7,40,28.082630087006493
7,41,24.53016138850737
7,42,23.70399546239341
7,43,21.03298176570816
7,44,20.786149891043216
7,45,18.816346776749597
7,46,16.391769365305382
7,47,13.73901301300561
7,48,13.994653215738692
7,49,15.242289244018599
7,50,15.402722340522928
7,51,18.592435842853355
7,52,21.611580570770556
7,53,23.596653833225275
7,54,21.323946523720632
7,55,21.145371296299448
7,56,19.219462431474277
7,57,21.924227099880333
7,58,22.942587934094323
7,59,24.370644275949548
7,60,25.285330415993695
7,61,26.763049357770402
7,62,28.609864041726745
7,63,30.464758293771066
7,64,30.305841734475102
7,65,33.4740123020116
7,66,33.53895213547811
7,67,36.50263078449995
7,68,36.83655729018952
7,69,39.669921876681705
7,70,41.67439615699321
7,71,43.7529945650292
7,72,46.90146355791546
7,73,47.23759737812333
7,74,50.492639185832054
7,75,51.537912451611135
7,76,49.45703517002373
7,77,46.239795915670086
7,78,45.05917770268287
7,79,41.92894995532202
7,80,41.245437640148616
7,81,38.76973266462333
7,82,36.4327681562648
7,83,34.32868238532915
7,84,31.008890316142427
7,85,28.853094720405817
7,86,25.395350171641166
7,87,22.950263272498255
7,88,21.95368336008822
7,89,20.374209647003628
7,90,19.02430996317963
7,91,19.229357125742975
7,92,18.859912537039783
7,93,22.55015770239132
7,94,24.945698317053722
7,95,26.005929070206257
7,96,29.368801845481812
8,1,13.013815013712765
8,2,10.276019861050603
8,3,6.6222795237565455
8,4,6.437842161208974
8,5,5.254649562929476
8,6,5.503958542413287
8,7,3.8737846611578375
8,9,3.8450841153454967
8,10,5.6237572010210455
8,11,5.193467541636634
8,12,6.0118653540953115
8,13,8.349778629966103
8,14,11.90243533254686
8,15,13.281903691417982
8,16,15.935462048995484
8,17,14.821463030562967
8,18,17.436791261418353
8,19,18.707117529017108
8,20,21.69555719640133
8,21,24.30752948417103
8,22,27.636722225015337
8,23,30.619604140559268
8,24,32.80665040928222
8,25,30.181413775903238
8,26,30.450588648396987
8,27,34.24187584565789
8,28,35.50310984604362
8,29,39.11293530319832
8,30,39.43189588805061
8,31,40.328606575219574
8,32,43.03128240935295
8,33,40.8654382906765
8,34,38.28395376231805
8,35,35.86639234622191
8,36,34.931981471689646
8,37,31.964173916334914
8,38,31.395672686292578
8,39,27.98682180734651
8,40,26.423122085731105
8,41,23.107881715891672
8,42,22.335226611370327
8,43,19.911893214715477
8,44,19.143006636602184
8,45,17.003893055876294
8,46,14.083795547708919
8,47,11.061815504250117
8,48,11.184996790614766
8,49,12.935435134306067
8,50,13.396163496876117
8,51,16.122843901018722
8,52,18.779175970393975
8,53,21.15146321301799
8,54,19.04857101052733
8,55,18.726280007169866
8,56,17.078789929048167
8,57,20.10550503727673
8,58,21.589298150181698
8,59,23.5036123556083
8,60,24.709984188530623
8,61,25.958994335426247
8,62,27.966083031893213
8,63,29.646085677771257
8,64,29.557083724826615
8,65,32.65089109076048
8,66,32.58376309839909
8,67,35.50201330331328
8,68,35.460892922376374
8,69,38.15541051092749
8,70,39.94085151733918
8,71,41.81878440252043
8,72,44.808015295086655
8,73,44.98508821008558
8,74,48.27892768059043
8,75,49.49610639666643
8,76,47.63554151233838
8,77,44.57421431884303
8,78,43.647153143101086
8,79,40.700191751661485
8,80,40.00461876008161
8,81,37.67462602074749
8,82,35.10951330225626
8,83,33.09552543804114
8,84,29.618044885398845
8,85,27.493817591592624
8,86,24.2990403766553
8,87,21.89545471592633
8,88,21.544144375194076
8,89,19.954998247191437
8,90,18.063950475508552
8,91,18.16447182778073
8,92,17.32353080718208
8,93,20.90472353925831
8,94,23.00785861815944
8,95,23.599756452158598
8,96,26.927522842959444
9,1,16.559873560093937
9,2,13.588394037756334
9,3,10.078981296754288
9,4,8.741602170470852
9,5,6.096584215419659
9,6,4.886158461369976
9,7,5.430154056090669
9,8,3.8450841153454967
9,10,3.8168746547343395
9,11,5.644903122628326
9,12,5.63634880256403
9,13,6.033235712036613
9,14,9.87901794472181
9,15,11.873609435857508
9,16,15.170438578468692
9,17,14.97841865510713
9,18,18.177892209710873
9,19,19.42345703873631
9,20,22.7282872899802
9,21,24.888741530108067
9,22,28.313615994993
9,23,31.109530946989608
9,24,33.18585443931729
9,25,30.28364146411139
9,26,30.303027796639775
9,27,34.140861779737214
9,28,35.399713479188456
9,29,38.943197928944464
9,30,39.60209185749387
9,31,40.6456201220527
9,32,43.54996169062625
9,33,41.53507508904636
9,34,39.223790673183956
9,35,36.87643402312281
9,36,36.267585586294075
9,37,33.36377139856549
9,38,32.59302734691455
9,39,29.04724509958304
9,40,27.350126519556547
9,41,24.05317865876855
9,42,22.67820949232617
9,43,19.852051951374303
9,44,18.654582084829897
9,45,15.93355233545875
9,46,13.374442864619851
9,47,10.115004737944501
9,48,9.267872072014612
9,49,10.054884980442127
9,50,10.042906404136465
9,51,13.165833407668584
9,52,16.219146017848182
9,53,18.19540518620899
9,54,16.080994980837886
9,55,16.221099969415743
9,56,14.822588492444282
9,57,17.955277512308534
9,58,19.659016629286697
9,59,21.238754359548707
9,60,22.85820869804601
9,61,24.564590042590055
9,62,26.971128880327313
9,63,29.059931570367688
9,64,29.462430149587913
9,65,32.804214444431274
9,66,33.1575273890658
9,67,36.3198782635587
9,68,36.376553779647026
9,69,39.26117958727932
9,70,40.810454170300574
9,71,42.8542509674901
9,72,45.730826428998306
9,73,46.13195552501029
9,74,49.56707561431788
9,75,50.622504117416
9,76,48.780023938428535
9,77,45.71209898591344
9,78,44.66345854350099
9,79,41.66417342443611
9,80,40.62532592846958
9,81,38.06925865832479
9,82,35.32993137246329
9,83,32.9793332919151
9,84,29.42037740158037
9,85,26.894336207664924
9,86,23.701026663176783
9,87,20.838530976215843
9,88,20.346389302784555
9,89,18.163244181041147
9,90,15.948042803821613
9,91,15.413835340819102
9,92,14.29197162678765
9,93,17.812449277146687
9,94,19.870553035493945
9,95,20.865021830611347
9,96,24.352642707805753
10,1,17.68084054958716
10,2,15.316137744299377
10,3,11.535071362377696
10,4,10.346747588858284
10,5,8.754752152978533
10,6,6.130008491667219
10,7,5.353600418519153
10,8,5.6237572010210455
10,9,3.8168746547343395
10,11,3.824457313454464
10,12,5.697368027314017
10,13,5.4363402264133365
10,14,8.79795344034453
10,15,9.670196846606931
10,16,12.80954091703976
10,17,12.956306699624717
10,18,16.248864464956288
10,19,18.125159339618513
10,20,21.64931524490306
10,21,23.848656715546802
10,22,27.47864486331814
10,23,29.963662452057385
10,24,32.356939758969204
10,25,29.613614104208917
10,26,29.199888438763697
10,27,33.00453264821237
10,28,34.64950717551211
10,29,38.04449528234373
10,30,38.57292899838919
10,31,39.943732106452565
10,32,42.72879142099723
10,33,40.50083615444537
10,34,38.25740073484334
10,35,35.65979826155806
10,36,34.94405739112659
10,37,32.04134809816368
10,38,31.586310334428926
10,39,27.90628832713092
10,40,25.77664994398935
10,41,22.26870680746221
10,42,20.70218615895176
10,43,17.599934720070994
10,44,16.906574297793977
10,45,14.468887493597617
10,46,12.5360534697381
10,47,10.038861247912873
10,48,10.121319903958904
10,49,10.924979363438508
10,50,11.579333713195817
10,51,15.09547373184394
10,52,18.110933596934434
10,53,19.54386399680328
10,54,16.846657650584056
10,55,16.53179271985463
10,56,14.394729255282762
10,57,16.922864396797596
10,58,17.92355956429521
10,59,19.174133647713827
10,60,20.347069974642498
10,61,22.111927988648915
10,62,24.32111816332266
10,63,26.524956541777172
10,64,26.8893087734097
10,65,30.318218882920494
10,66,30.854337161809934
10,67,34.112763798329695
10,68,34.517996693889145
10,69,37.58729682688133
10,70,39.27534547333113
10,71,41.57391633855853
10,72,44.58835093968782
10,73,45.243628581969276
10,74,48.68379424744586
10,75,49.483911983915334
10,76,47.41393581082534
10,77,44.18894768483455
10,78,42.86163886808566
10,79,39.68592804970305
10,80,38.567052282678304
10,81,35.84150215298298
10,82,33.2753744162256
10,83,30.81040561581441
10,84,27.394907948336076
10,85,24.841554215942068
10,86,21.402970856952148
10,87,18.541700198868583
10,88,17.52300286781301
10,89,15.482395603559908
10,90,13.885741906463405
10,91,13.90536910836268
10,92,13.722014721567774
10,93,17.461996623765117
10,94,20.12515542681352
10,95,21.406282594708983
10,96,24.68011943752708
11,1,16.423654920960107
11,2,14.483321866089302
11,3,10.689330448938186
11,4,10.830678131406792
11,5,10.01873055175145
11,6,8.487856500216255
11,7,6.080337936436553
11,8,5.193467541636634
11,9,5.644903122628326
11,10,3.824457313454464
11,12,3.7976627784548205
11,13,5.784242363355172
11,14,8.46216637009236
11,15,8.67946076077189
11,16,11.047920245159801
11,17,10.192307295719495
11,18,13.100808368320052
11,19,14.930553510761289
11,20,18.292097389012458
11,21,20.782454759954717
11,22,24.371985794661956
11,23,26.984641217236668
11,24,29.465310919804953
11,25,26.929417493603754
11,26,26.696547655373713
11,27,30.472293130291753
11,28,32.12906302224585
11,29,35.5760027352873
11,30,35.84040893264172
11,31,37.116360427959066
11,32,39.76036451998823
11,33,37.42788976351767
11,34,35.01577830990018
11,35,32.37949611362174
11,36,31.504720610620225
11,37,28.563889471840525
11,38,28.18704970776416
11,39,24.568549301346803
11,40,22.53915584463201
11,41,19.035050321455948
11,42,17.87949378453637
11,43,15.14467713625118
11,44,14.711217879807235
11,45,12.840320949261214
11,46,10.513362142707368
11,47,8.40365053849276
11,48,9.764075737253187
11,49,11.79344846243017
11,50,13.371823117869408
11,51,16.435328348383997
11,52,18.876336065747328
11,53,20.645101998356026
11,54,17.78441796160448
11,55,16.716638367928834
11,56,14.201773602706725
11,57,16.571548798149998
11,58,17.37981108094554
11,59,19.20514154407253
11,60,19.97579087946572
11,61,21.10566509494941
11,62,22.95139109968527
11,63,24.68946478927813
11,64,24.64459595031589
11,65,27.85687996971175
11,66,28.039117588225782
11,67,31.132041149354873
11,68,31.379908744589
11,69,34.31856556860877
11,70,36.11529383999766
11,71,38.29802692943683
11,72,41.37233480681867
11,73,41.89962771414546
11,74,45.271757029711075
11,75,46.16287994020108
11,76,44.099378220773964
11,77,40.89293884347858
11,78,39.67872287419072
11,79,36.56864526660228
11,80,35.664378435893575
11,81,33.12916428792224
11,82,30.6231938295655
11,83,28.440250944274805
11,84,25.041341164550357
11,85,22.84558606955801
11,86,19.47171235306219
11,87,17.084980866438062
11,88,16.496983224837674
11,89,15.178113944285556
11,90,13.772312605029905
11,91,14.624006539504286
11,92,14.72854728999525
11,93,18.488930381461255
11,94,21.231509150626014
11,95,21.92783362121484
11,96,24.921713495682166
12,1,18.052538171863816
12,2,15.67683527731922
12,3,12.110738509807385
12,4,12.44073506133527
12,5,10.745805993174303
12,6,10.033500561938984
12,7,8.590030931233045
12,8,6.0118653540953115
12,9,5.63634880256403
12,10,5.697368027314017
12,11,3.7976627784548205
12,13,3.8363712735113347
12,14,6.382581016902262
12,15,7.955154851432448
12,16,10.63564554533578
12,17,9.852092008597166
12,18,12.955831818627232
12,19,13.855045991951657
12,20,17.153692977077526
12,21,19.254580514473343
12,22,22.683428811981212
12,23,25.485485771327763
12,24,27.589401242593357
12,25,24.769477653253734
12,26,24.829419776731783
12,27,28.656026306393876
12,28,29.9539470571675
12,29,33.50829120896525
12,30,34.04209504443141
12,31,35.092876579519285
12,32,37.946667974937654
12,33,35.90083288738827
12,34,33.59726982428415
12,35,31.270521268892274
12,36,30.761785420785948
12,37,27.893864939560164
12,38,27.01628233708934
12,39,23.458935843499525
12,40,21.84547828084315
12,41,18.68128852942025
12,42,17.35162164199116
12,43,14.80673620233843
12,44,13.469039391014766
12,45,11.07567312046098
12,46,8.129950201027144
12,47,5.178527592785106
12,48,6.261632476777614
12,49,8.869395980798929
12,50,10.887747701771463
12,51,13.444409248422511
12,52,15.500295440785987
12,53,17.530067006289514
12,54,14.816395288290447
12,55,13.64576644047502
12,56,11.507135005483716
12,57,14.35579997104293
12,58,15.86479320040344
12,59,18.152340192846047
12,60,19.444337120307605
12,61,20.481895343475767
12,62,22.66784758012767
12,63,24.35359954827322
12,64,24.59053890393743
12,65,27.78219208098444
12,66,27.97506119089538
12,67,31.08107925238413
12,68,30.94471125510672
12,69,33.78111686129711
12,70,35.239245444323025
12,71,37.25204647968268
12,72,40.10159236371088
12,73,40.53199538892714
12,74,43.99269203891499
12,75,45.015111236594194
12,76,43.20334348242681
12,77,40.17398567182438
12,78,39.19867319891919
12,79,36.284347816807944
12,80,35.24720185672041
12,81,32.802869216057815
12,82,29.986819984324725
12,83,27.785911360942446
12,84,24.187433683509195
12,85,21.872422575916904
12,86,18.8524412149899
12,87,16.344782558223905
12,88,16.519621991328957
12,89,14.959433838568696
12,90,12.741852940827206
12,91,13.191989200324285
12,92,12.608740116098373
12,93,16.185782943024492
12,94,18.572888879756526
12,95,18.847077955525148
12,96,21.85149779568305
13,1,21.157459754053406
13,2,18.575121130303224
13,3,14.924131807463814
13,4,14.404707607087426
13,5,12.083604290511524
13,6,10.526605502640097
13,7,10.112486539139606
13,8,8.349778629966103
13,9,6.033235712036613
13,10,5.4363402264133365
13,11,5.784242363355172
13,12,3.8363712735113347
13,14,3.847899637749926
13,15,6.39307337982461
13,16,9.988290592142276
13,17,10.636522776940634
13,18,14.287467679021661
13,19,15.294224592183985
13,20,18.861576768953384
13,21,20.411356623654843
13,22,23.91541705147122
13,23,26.388769969063937
13,24,28.41546409433243
13,25,25.359998895443052
13,26,25.02752667059087
13,27,28.859546331922417
13,28,30.23342549471595
13,29,33.65163196195075
13,30,34.527697866493355
13,31,35.80345166817768
13,32,38.82421525422663
13,33,36.90567336202371
13,34,34.91998123875812
13,35,32.633017364373195
13,36,32.4331159190987
13,37,29.66758089741881
13,38,28.67751222094917
13,39,25.011646360469864
13,40,23.18270168839254
13,41,20.059485156268675
13,42,18.040878200265794
13,43,15.006016367410634
13,44,13.280298473830195
13,45,10.182034426659444
13,46,8.115417124307646
13,47,5.329852206302295
13,48,5.002966602983674
13,49,6.17296992132637
13,50,8.211221622260451
13,51,11.269846989541275
13,52,13.687614866754739
13,53,15.041767991628392
13,54,12.053401334518304
13,55,11.246747846868727
13,56,9.121762180823868
13,57,12.00364979255927
13,58,13.66055491607996
13,59,15.474105622462485
13,60,17.217846485632187
13,61,18.848211071223837
13,62,21.482643486429833
13,63,23.679980705391486
13,64,24.481176334275837
13,65,27.942599067172054
13,66,28.641142526784154
13,67,31.99590104433105
13,68,32.054524389313215
13,69,35.10249946445381
13,70,36.34038951023957
13,71,38.566425970297594
13,72,41.311159304299515
13,73,42.02163940491328
13,74,45.5995284825519
13,75,46.398658938504155
13,76,44.56372570356707
13,77,41.51093214039665
13,78,40.35196825788941
13,79,37.36196972975141
13,80,35.95816181464263
13,81,33.24953696837324
13,82,30.31294764391325
13,83,27.725013047979523
13,84,24.103908248726782
13,85,21.322939649139023
13,86,18.2755180965751
13,87,15.19812904242306
13,88,15.075720333004888
13,89,12.758849955667054
13,90,10.157234966643987
13,91,9.887490776255628
13,92,9.187483003751183
13,93,12.887096987721462
13,94,15.475462833555358
13,95,16.31282036364322
13,96,19.46377091624813
14,1,24.344270810646066
14,2,21.964945499096252
14,3,18.32454335507107
14,4,18.11344166427069
14,5,15.907108418089933
14,6,14.307825741074566
14,7,13.647112251024303
14,8,11.90243533254686
14,9,9.87901794472181
14,10,8.79795344034453
14,11,8.46216637009236
14,12,6.382581016902262
14,13,3.847899637749926
14,15,3.856250628427894
14,16,7.334749268094451
14,17,8.845256404306246
14,18,12.592787631586452
14,19,13.297219016899053
14,20,16.922927422522854
14,21,17.90507110381491
14,22,21.396809033259824
14,23,23.574123639461032
14,24,25.53558094128504
14,25,22.390758613352993
14,26,21.77244794999626
14,27,25.572115684938638
14,28,27.028115033076453
14,29,30.331405697211956
14,30,31.368157601063626
14,31,32.81141358643721
14,32,35.90173938898459
14,33,34.06703700479055
14,34,32.33829387444887
14,35,30.121490763751417
14,36,30.23362071973289
14,37,27.609293591711413
14,38,26.46155663346611
14,39,22.76751369512694
14,40,20.88078604988126
14,41,17.99151055965245
14,42,15.487856485612578
14,43,12.384697404783457
14,44,10.15330734697302
14,45,6.6954117258689045
14,46,5.495200890201686
14,47,4.239169112655476
14,48,4.861887088458233
14,49,6.041611517006092
14,50,9.242745273828284
14,51,11.684277872215677
14,52,13.325547555524523
14,53,14.103237789174992
14,54,10.598482632346975
14,55,8.821169226668127
14,56,5.861467515748462
14,57,8.29362249745627
14,58,9.882592234341567
14,59,12.005459593588611
14,60,13.841994156709811
14,61,15.337846441427974
14,62,18.154174657878013
14,63,20.404642136763496
14,64,21.53032886763751
14,65,25.042459911497392
14,66,25.996846244186322
14,67,29.458609027078175
14,68,29.505060409849808
14,69,32.641370631912274
14,70,33.632923556043366
14,71,35.973119001716746
14,72,38.60202236356953
14,73,39.52951492267346
14,74,43.18853468695925
14,75,43.80418236042797
14,76,41.98773160941162
14,77,38.96667906751982
14,78,37.741821420613135
14,79,34.7848660202835
14,80,33.12109393291619
14,81,30.32238515203323
14,82,27.247085836038877
14,83,24.49456723585297
14,84,20.84571029984715
14,85,17.8718110862659
14,86,15.008769175954011
14,87,11.779502771968822
14,88,12.101017652483508
14,89,9.75963923156168
14,90,6.75820554705111
14,91,6.9478608121711405
14,92,6.899110093596297
14,93,10.476210159250916
14,94,13.441737303615774
14,95,14.049192348595342
14,96,16.77151777892132
15,1,24.87828193221948
15,2,22.998052602669347
15,3,19.26645599995861
15,4,19.307103299443153
15,5,17.735382031872817
15,6,15.734608381622833
15,7,14.361517821358005
15,8,13.281903691417982
15,9,11.873609435857508
15,10,9.670196846606931
15,11,8.67946076077189
15,12,7.955154851432448
15,13,6.39307337982461
15,14,3.856250628427894
15,16,3.869383636842836
15,17,6.158881160688982
15,18,9.961263448273206
15,19,11.488942204715324
15,20,15.28080418131087
15,21,16.4053774104432
15,22,20.109017548525653
15,23,21.930929800563355
15,24,24.33315059988427
15,25,21.52933430377999
15,26,20.43913617892708
15,27,24.167877825319003
15,28,26.117028042751986
15,29,29.24876499742801
15,30,29.980512108207673
15,31,31.760855656303157
15,32,34.623461529039574
15,33,32.485773253718826
15,34,30.751238927486877
15,35,28.221478550784155
15,36,28.12828237836995
15,37,25.49925720805606
15,38,24.773185493383068
15,39,20.968877817079154
15,40,18.57996488463497
15,41,15.440769682327877
15,42,12.758436845150516
15,43,9.28821324806348
15,44,7.914497811997147
15,45,5.378066330394457
15,46,5.605065806130145
15,47,6.382671955718256
15,48,8.46870577428111
15,49,9.849930978353685
15,50,12.916822593009256
15,51,15.484195662637884
15,52,17.011985722887346
15,53,17.512105426995646
15,54,13.8228577622502
15,55,11.588143406577391
15,56,7.983707972792168
15,57,8.811887737240083
15,58,8.79408333513675
15,59,10.73102726308673
15,60,11.543298767353692
15,61,12.751667169803424
15,62,15.151705292338514
15,63,17.384633038814485
15,64,18.303298179334828
15,65,21.89418986641929
15,66,22.94823515158139
15,67,26.485581469049606
15,68,26.888461139322676
15,69,30.19398865077212
15,70,31.405180423457104
15,71,33.989896313217876
15,72,36.80955800796124
15,73,37.955469653192615
15,74,41.57214480153049
15,75,41.95231798408666
15,76,39.8797814306127
15,77,36.68603140863464
15,78,35.18818381399598
15,79,32.04629579367595
15,80,30.377766123270792
15,81,27.440225592546284
15,82,24.586898909840272
15,83,21.787729761757944
15,84,18.294582531220694
15,85,15.407068121685956
15,86,12.122765062124724
15,87,9.002058644895898
15,88,8.769629476336373
15,89,7.060051340305391
15,90,5.398977174889326
15,91,7.531683311745794
15,92,9.207285802952185
15,93,12.557497545825509
15,94,15.96808145680913
15,95,16.643281868424122
15,96,18.85864148668643
16,1,26.405963530096223
16,2,24.967537689010225
16,3,21.341678434680407
16,4,21.876834743394042
16,5,20.751670912990125
16,6,18.868081690385218
16,7,16.9529942124492
16,8,15.935462048995484
16,9,15.170438578468692
16,10,12.80954091703976
16,11,11.047920245159801
16,12,10.63564554533578
16,13,9.988290592142276
16,14,7.334749268094451
16,15,3.869383636842836
16,17,3.847247026779374
16,18,7.016181998886102
16,19,8.849856777571581
16,20,12.551654813984058
16,21,13.551324025226522
16,22,17.31119705825814
16,23,18.792119192067833
16,24,21.488333841416352
16,25,19.01919675126755
16,26,17.60157457731301
16,27,21.223293258013705
16,28,23.519261260880825
16,29,26.507229116334734
16,30,26.958006661662324
16,31,28.95473786549059
16,32,31.62154071466492
16,33,29.286461696927322
16,34,27.578955511367237
16,35,24.878342955106724
16,36,24.73575859071104
16,37,22.171070371964557
16,38,21.66755903284108
16,39,17.84101560904762
16,40,15.150057076858749
16,41,12.017450611177214
16,42,9.101221879383015
16,43,5.479468978426212
16,44,4.899122356519748
16,45,4.385083040092849
16,46,6.0290100532542255
16,47,8.513608242295778
16,48,11.403104053207832
16,49,13.217580180470383
16,50,16.537709563154724
16,51,18.77783624367803
16,52,19.82063698923578
16,53,20.260359204711783
16,54,16.53518637475301
16,55,13.697460758217533
16,56,9.918395463284998
16,57,9.525088430002803
16,58,8.271398041171086
16,59,10.506750532117696
16,60,10.165368980758354
16,61,10.320713103938969
16,62,12.079443856305462
16,63,13.891888393352925
16,64,14.521016019012997
16,65,18.064205572094355
16,66,19.09148252372789
16,67,22.649335113636095
16,68,23.167666363750943
16,69,26.55105148337124
16,70,27.831901040572056
16,71,30.551452897915112
16,72,33.45951711506036
16,73,34.759591649409174
16,74,38.34610321927237
16,75,38.559236193416034
16,76,36.35464905465371
16,77,33.08718416433511
16,78,31.463343820419766
16,79,28.26307972473842
16,80,26.584491190348885
16,81,23.62581786384177
16,82,20.863012159258584
16,83,18.12911120749799
16,84,14.716629732329087
16,85,12.068417556847573
16,86,8.601259638958599
16,87,6.073626957502177
16,88,6.291248342530989
16,89,6.419724962184677
16,90,6.367988681198497
16,91,9.720765412910213
16,92,12.01480445707683
16,93,14.83496309178782
16,94,18.259556239898373
16,95,18.518148255285293
16,96,20.104521703368384
17,1,24.014252237550455
17,2,22.884669975088627
17,3,19.48009325074317
17,4,20.64386272208567
17,5,19.970674047158187
17,6,18.60762309821449
17,7,16.135143789988444
17,8,14.821463030562967
17,9,14.97841865510713
17,10,12.956306699624717
17,11,10.192307295719495
17,12,9.852092008597166
17,13,10.636522776940634
17,14,8.845256404306246
17,15,6.158881160688982
17,16,3.847247026779374
17,18,3.8490461402644778
17,19,6.01347548480794
17,20,9.765287321878342
17,21,11.66485323165933
17,22,15.476106165936391
17,23,17.448332320676602
17,24,20.287143308666053
17,25,18.093553119965687
17,26,17.231352306854514
17,27,20.869630135899254
17,28,23.039514003661388
17,29,26.224226194251262
17,30,26.25887996255398
17,31,27.967081601025065
17,32,30.456130691626885
17,33,27.95741991167207
17,34,25.835448766662772
17,35,23.048964071074035
17,36,22.520451734251722
17,37,19.761537644258116
17,38,19.384631230434707
17,39,15.569075722669536
17,40,13.057916206800705
17,41,9.647416266883647
17,42,7.762138060441412
17,43,5.121695089575774
17,44,5.387346473041003
17,45,6.091577055474883
17,46,5.875488962490482
17,47,8.251385556287582
17,48,11.833161399783586
17,49,14.51618577323131
17,50,17.87373597041342
17,51,19.971696581095447
17,52,20.892669437718354
17,53,21.967849579713665
17,54,18.462572473581094
17,55,15.535566980277775
17,56,11.989283261611147
17,57,12.23933907469268
17,58,11.516500116654228
17,59,14.170068026850672
17,60,13.683731718046229
17,61,13.155693473434894
17,62,14.215362871897481
17,63,15.140706946969793
17,64,14.868529924234325
17,65,17.9623447718729
17,66,18.214936458046267
17,67,21.46356063996796
17,68,21.681744339287956
17,69,24.83259414225085
17,70,26.399279524987683
17,71,28.87026997514265
17,72,31.927406323849446
17,73,32.89814352980491
17,74,36.38265158438142
17,75,36.86555298679713
17,76,34.68450640476416
17,77,31.424868485357724
17,78,30.032934299545417
17,79,26.910925115872796
17,80,25.698492458216315
17,81,23.095481145265317
17,82,20.45727326936449
17,83,18.299568708066705
17,84,14.908696510963434
17,85,13.060054547047596
17,86,9.875048991544011
17,87,8.635396551887625
17,88,9.415016596012093
17,89,10.226619516033754
17,90,9.996772743373668
17,91,13.022893339836019
17,92,14.688009604266147
17,93,17.648188629954788
17,94,20.787327357047438
17,95,20.58628549617308
17,96,22.224245930333613
18,1,24.96831622048706
18,2,24.333656549792437
18,3,21.226852885969677
18,4,22.905316180775834
18,5,22.677922939011907
18,6,21.582769811040027
18,7,18.736739519630355
18,8,17.436791261418353
18,9,18.177892209710873
18,10,16.248864464956288
18,11,13.100808368320052
18,12,12.955831818627232
18,13,14.287467679021661
18,14,12.592787631586452
18,15,9.961263448273206
18,16,7.016181998886102
18,17,3.8490461402644778
18,19,3.835100469188405
18,20,6.892744524522362
18,21,9.335341137677286
18,22,13.031706723259145
18,23,14.898819390478728
18,24,18.059627045144303
18,25,16.467897755818722
18,26,15.677042358298431
18,27,19.063452705624478
18,28,21.417137599762626
18,29,24.500415863115396
18,30,24.027850098056152
18,31,25.7396358932758
18,32,27.904315209536758
18,33,25.145511397512877
18,34,22.81276358463565
18,35,19.818983312550703
18,36,18.971629965826647
18,37,16.15730950599381
18,38,16.139681141993936
18,39,12.368315751325152
18,40,9.662064069301778
18,41,6.032850121714172
18,42,5.2293902982956375
18,43,4.500830965677563
18,44,6.355803378479365
18,45,8.754307835435206
18,46,8.747716570885315
18,47,11.390600194313109
18,48,15.120535637102419
18,49,18.055622011922996
18,50,21.48753761725564
18,51,23.360708134738942
18,52,23.970616227551467
18,53,25.173553958316557
18,54,21.759763875280463
18,55,18.583286399218842
18,56,15.156682546791943
18,57,15.007391783238882
18,58,13.91015038365828
18,59,16.636410555267087
18,60,15.524061375794407
18,61,14.094555209565247
18,62,14.203477186893826
