1,2,3.8772896575297806
1,3,6.816335785546968
1,4,8.990656502264878
1,5,11.499511707161913
1,6,14.845400725126169
1,7,17.74906182826179
1,8,20.12883298968098
1,9,17.786892230259944
1,10,17.206008701916048
1,11,20.981119730841037
1,12,22.157402442476698
1,13,20.07773808563257
1,14,21.014032672994674
1,15,24.62239753152069
1,16,27.336140223395528
1,17,27.554176558831347
1,18,28.4856708715562
1,19,25.524423530331948
1,20,25.74108991658754
1,21,26.524860049006584
1,22,27.518535555251965
1,23,31.093565274246256
1,24,33.37495031526756
1,25,36.69346932291201
1,26,38.86709703095123
1,27,37.5151200798403
1,28,38.755362234389814
1,29,41.980889325389896
1,30,42.93674445635449
1,31,46.54890825204235
1,32,45.86823464193675
1,33,47.759938970544134
1,34,48.70408669941023
1,35,45.327650881341235
1,36,41.77939918640235
1,37,39.22019556257735
1,38,37.00154981487949
1,39,34.17801624485181
1,40,34.52466316117842
1,41,32.29775653896194
1,42,31.739178095063576
1,43,29.153286393896476
1,44,30.60683251496074
1,45,29.92998459638887
1,46,30.33794144393164
1,47,29.862364774544503
1,48,26.660733995393517
1,49,24.744700898669958
1,50,26.066542546251757
1,51,28.949990742203962
1,52,28.29403309287829
1,53,31.916257872584236
1,54,33.758069993447585
1,55,36.83812903979848
1,56,34.92863484049567
1,57,33.681856764414896
1,58,31.945039468497058
1,59,34.714917889640056
1,60,35.752293429465716
1,61,38.259890783927084
1,62,38.5882307842923
1,63,38.65706501232579
1,64,39.51869184141001
1,65,39.84924427105852
1,66,38.20323724348263
1,67,40.00993107635169
1,68,38.31415746448583
1,69,39.83189791324797
1,70,39.37271286150013
1,71,40.856347772231636
1,72,43.49297328978697
1,73,44.3031778502023
1,74,47.42051327281612
1,75,46.39780617202791
1,76,48.612334699529065
1,77,50.66562913180371
1,78,48.947057331114124
1,79,46.26952466019141
1,80,46.15799868084868
1,81,43.759878639118405
1,82,44.648217480973145
1,83,43.51603472017984
1,84,41.87847540507447
1,85,41.31199319395053
1,86,38.47095184858978
1,87,37.83377402738076
1,88,35.082271969867584
1,89,34.17062112593575
1,90,34.27524175483558
1,91,34.083893837221396
1,92,32.91235337702565
1,93,34.01459644870402
1,94,33.62447270501085
1,95,37.11762090068753
1,96,39.140856729701376
1,97,38.783971171949126
1,98,41.59508072029003
1,99,43.6639611127003
2,1,3.8772896575297806
2,3,3.849490443777076
2,4,6.640098509276536
2,5,8.533122063660002
2,6,11.809303333219049
2,7,15.000787991818017
2,8,16.933487848277764
2,9,14.381274522292244
2,10,14.30304297415407
2,11,18.089478468616537
2,12,18.91781203244565
2,13,16.982361740258945
2,14,18.404094011545542
2,15,21.86731166186365
2,16,24.714843237531248
2,17,24.81103778977717
2,18,25.906468245795967
2,19,23.200626791249388
2,20,23.73718467810862
2,21,24.961137696631646
2,22,26.409026253357936
2,23,30.004671283203383
2,24,32.629906382159874
2,25,35.81711824463545
2,26,38.21139141850244
2,27,36.7003349697017
2,28,37.59680939511571
2,29,40.95666476661565
2,30,42.16458010534752
2,31,45.76553334305347
2,32,45.2167830614754
2,33,47.37223037308654
2,34,48.31142476085711
2,35,44.94997340073606
2,36,41.53869111628043
2,37,38.78241412144262
2,38,36.60069730434486
2,39,33.67906362829802
2,40,34.11620142211709
2,41,31.561841249311783
2,42,30.579710737701372
2,43,27.668585550894246
2,44,28.78731901211192
2,45,27.729871126369027
2,46,28.240742839014317
2,47,27.619520304223094
2,48,24.566775490782952
2,49,22.570768078090037
2,50,23.888298535630415
2,51,26.608803832181007
2,52,26.10471533884783
2,53,29.828847274122435
2,54,31.99461868867854
2,55,34.85158004556946
2,56,32.75487912046294
2,57,31.59402716832175
2,58,29.67550111445955
2,59,32.39318002459901
2,60,33.281409523708575
2,61,35.54735017351112
2,62,35.84307237015702
2,63,36.14086146732376
2,64,37.07499399083014
2,65,37.65925149034707
2,66,36.146621505841516
2,67,38.18688580991763
2,68,36.772337203631864
2,69,38.55300878014719
2,70,38.39641560013905
2,71,40.19670768228447
2,72,42.87841422852567
2,73,44.01551102456191
2,74,47.262424197733885
2,75,46.549701044968266
2,76,48.93397872571892
2,77,50.737111158580724
2,78,48.8133923099638
2,79,45.93283459679746
2,80,45.51651036448093
2,81,42.87586730978641
2,82,43.532587512832386
2,83,42.11167413176865
2,84,40.45635375976276
2,85,39.619735724733296
2,86,36.73673907438105
2,87,35.86951959875908
2,88,32.882343725907425
2,89,31.751876257488355
2,90,31.535180300974496
2,91,31.2068357250357
2,92,30.170538795219088
2,93,31.252376987989123
2,94,31.042448894429278
2,95,34.63356901831985
2,96,36.84858461340145
2,97,36.80203542799144
2,98,39.72271339503451
2,99,41.95232300166349
3,1,6.816335785546968
3,2,3.849490443777076
3,4,3.8548021251436535
3,5,6.391442720018451
3,6,8.887201513450062
3,7,12.37710688797855
3,8,14.37697273064948
3,9,12.372924388524064
3,10,12.840484963294593
3,11,16.372557599054463
3,12,17.411949230990285
3,13,16.210499804606957
3,14,17.842439036155344
3,15,20.954047178708603
3,16,24.184132857630157
3,17,24.62867238257333
3,18,26.240024835515626
3,19,23.97761162593908
3,20,25.08106948065779
3,21,26.476896373165868
3,22,28.354159418574298
3,23,31.814334234265115
3,24,34.66094130948461
3,25,37.846038254094694
3,26,40.23264310680747
3,27,38.4353414847101
3,28,39.18810428460129
3,29,42.697943545910334
3,30,43.92063694475873
3,31,47.56179559315556
3,32,47.26962016087874
3,33,49.5818386042836
3,34,50.67742365935939
3,35,47.41599914643721
3,36,44.10822731701203
3,37,41.34007267523499
3,38,39.325624971740375
3,39,36.349943199521086
3,40,36.64727898041967
3,41,33.86435261177603
3,42,32.68986199646933
3,43,29.580310335596085
3,44,30.255592755437068
3,45,28.756854549727453
3,46,29.038885379076603
3,47,27.959494495019097
3,48,24.897367893572635
3,49,22.478457978315443
3,50,23.281089208227367
3,51,25.577384757241422
3,52,24.738253583095833
3,53,28.44234255682901
3,54,30.87160619780919
3,55,33.67034056415497
3,56,31.742551881492144
3,57,31.01113749891335
3,58,29.29777390113698
3,59,32.20997476999698
3,60,33.27162746451478
3,61,35.29457546757849
3,62,35.85573394372327
3,63,36.55390340923657
3,64,37.786231263080005
3,65,38.74039408383236
3,66,37.52971473494443
3,67,39.86257966930239
3,68,38.76254652251522
3,69,40.81156842022123
3,70,40.794521095485955
3,71,42.82095675233601
3,72,45.41780440163429
3,73,46.73070443342956
3,74,49.98309760590332
3,75,49.4207273515648
3,76,51.953298044242
3,77,53.668694090221166
3,78,51.7081580076516
3,79,48.748168101754636
3,80,48.18738925905196
3,81,45.41335557036573
3,82,45.82416583120393
3,83,44.15899767811671
3,84,42.36149849450511
3,85,41.218208605620354
3,86,38.190988971530174
3,87,36.97213543300635
3,88,33.809892592511076
3,89,32.27225798243246
3,90,31.818890341646622
3,91,31.056947523084226
3,92,29.854706476446975
3,93,30.539954396584687
3,94,30.13682247106672
3,95,33.726244118718775
3,96,35.844454354325066
3,97,36.09683864002793
3,98,39.25283384511961
3,99,41.3601843343153
4,1,8.990656502264878
4,2,6.640098509276536
4,3,3.8548021251436535
4,5,3.833693059583829
4,6,6.188658851150806
4,7,9.155991025018018
4,8,11.813675258138327
4,9,10.443417923344484
4,10,10.307170592170143
4,11,13.621306535758519
4,12,15.334054202020685
4,13,14.524187917184504
4,14,15.635949772240922
4,15,18.58962953619505
4,16,21.995359663510435
4,17,22.976102403293144
4,18,24.993725112481815
4,19,22.978776471874184
4,20,24.523387509022328
4,21,25.64809616335246
4,22,27.746780844065874
4,23,30.96623373773583
4,24,33.85913579592916
4,25,37.15406900028857
4,26,39.334766251925686
4,27,37.23346571883945
4,28,38.06385741913557
4,29,41.67678588233498
4,30,42.707998769536026
4,31,46.413228426504595
4,32,46.41195358473946
4,33,48.76555787449011
4,34,50.13130658978184
4,35,47.041460325048
4,36,43.81087993723022
4,37,41.199846825362876
4,38,39.502142412933416
4,39,36.506531646136935
4,40,36.4258487922122
4,41,33.51936356853935
4,42,32.44036168566966
4,43,29.35134398829141
4,44,29.674633767407258
4,45,27.977639370887985
4,46,27.77240459590611
4,47,26.268760103373886
4,48,23.0355467059898
4,49,20.242959050276173
4,50,20.56375582847505
4,51,22.665438002032673
4,52,21.484516927833837
4,53,25.10891371541869
4,54,27.491109276163414
4,55,30.38924088724911
4,56,28.70207165888845
4,57,28.226846997042006
4,58,26.85992474403574
4,59,30.014914244671722
4,60,31.440672034840244
4,61,33.51013163826195
4,62,34.449048572856356
4,63,35.33596691864416
4,64,36.91303477891061
4,65,38.07494867371605
4,66,37.201702945505794
4,67,39.743019472033026
4,68,38.84989795905462
4,69,41.11102192061224
4,70,40.95028799089885
4,71,43.0869254159067
4,72,45.435721456464485
4,73,46.774798583739404
4,74,49.91267116902525
4,75,49.39474214888562
4,76,52.10895350258997
4,77,53.846045975099614
4,78,52.01016376647475
4,79,49.087992014448055
4,80,48.567185995265596
4,81,45.802263557367795
4,82,45.95840236260896
4,83,44.1745959348894
4,84,42.086993270765205
4,85,40.73124388622985
4,86,37.49246755112487
4,87,35.99792614510305
4,88,32.8851383256327
4,89,31.053547919042035
4,90,30.780570472763955
4,91,29.656707342060603
4,92,28.04260160941061
4,93,28.34672475094066
4,94,27.557600550920387
4,95,31.040660317495114
4,96,32.90718500723426
4,97,33.13135360568713
4,98,36.39003966735393
4,99,38.29439983174326
5,1,11.499511707161913
5,2,8.533122063660002
5,3,6.391442720018451
5,4,3.833693059583829
5,6,3.807642784186481
5,7,6.5173555521030755
5,8,8.649467330729241
5,9,6.803098417378767
5,10,6.595891599015725
5,11,10.045736869025669
5,12,11.540891918975117
5,13,10.73127536911298
5,14,12.025858578836376
5,15,14.887705269794198
5,16,18.318653572444152
5,17,19.26387021074111
5,18,21.420703811147334
5,19,19.655101606584672
5,20,21.517591176374264
5,21,22.82357845392463
5,22,25.25833627287728
5,23,28.35673060749389
5,24,31.459600765439845
5,25,34.630427929439755
5,26,36.90033671859486
5,27,34.65890839068729
5,28,35.2406998238294
5,29,38.92645642303402
5,30,40.1001288803237
5,31,43.771340108505754
5,32,43.911677098077895
5,33,46.44691001897599
5,34,47.849705501959775
5,35,44.83795581921673
5,36,41.76181311144317
5,37,39.08076104277852
5,38,37.53266451719022
5,39,34.50826941291713
5,40,34.375534758887525
5,41,31.24737081092627
5,42,29.922003460551704
5,43,26.686927926147366
5,44,26.66667450678366
5,45,24.704165519764093
5,46,24.43436680543165
5,47,22.787812446240416
5,48,19.67839165705488
5,49,16.858077265608134
5,50,17.22644231711741
5,51,19.289822198532462
5,52,18.410599612981166
5,53,22.13107414721433
5,54,24.700964254506804
5,55,27.37788504911992
5,56,25.443925832832598
5,57,24.899277364254843
5,58,23.357869723819388
5,59,26.441689342301565
5,60,27.78499158489386
5,61,29.752444901610332
5,62,30.71112947951496
5,63,31.715673032333154
5,64,33.39458302056927
5,65,34.727722763216946
5,66,34.040274946717496
5,67,36.756773675174514
5,68,36.11224955195623
5,69,38.58704996518426
5,70,38.562626207403305
5,71,40.92277719334092
5,72,43.1912929970862
5,73,44.75473455818638
5,74,47.92345955463149
5,75,47.65536626080638
5,76,50.52698481094427
5,77,52.066414064678156
5,78,50.1351793645798
5,79,47.10824111873415
5,80,46.399753728728015
5,81,43.50755621917577
5,82,43.41994598513797
5,83,41.4341555220724
5,84,39.25714817276141
5,85,37.686859171601185
5,86,34.394614022299855
5,87,32.7092676572131
5,88,29.50729437481769
5,89,27.507886345022225
5,90,27.135071883094728
5,91,25.894497128262234
5,92,24.289624554006906
5,93,24.60109283043969
5,94,23.9483744651403
5,95,27.493638099808972
5,96,29.53405610966367
5,97,29.908514830243792
5,98,33.1695642276334
5,99,35.24920029452123
6,1,14.845400725126169
6,2,11.809303333219049
6,3,8.887201513450062
6,4,6.188658851150806
6,5,3.807642784186481
6,7,3.846264677594111
6,8,5.7511707382372315
6,9,5.3775215374395
6,10,6.407413778591121
6,11,8.710625379060135
6,12,10.345356905525017
6,13,10.847982628116592
6,14,12.37102280529873
6,15,14.397670537329882
6,16,18.12828195058203
6,17,19.410822481066884
6,18,22.066176997918525
6,19,20.9260490249722
6,20,23.284778673486173
6,21,24.774983428656427
6,22,27.555672161720082
6,23,30.438310805587076
6,24,33.7046578273806
6,25,36.765863033394766
6,26,39.03153987550614
6,27,36.56746463165261
6,28,36.93324624723822
6,29,40.70206360731077
6,30,41.925443951605175
6,31,45.56781885990051
6,32,45.94942297942221
6,33,48.63669917592075
6,34,50.14602667578371
6,35,47.25323975561748
6,36,44.3279420581069
6,37,41.63581422989349
6,38,40.241857937969854
6,39,37.21232748494051
6,40,37.00350645859406
6,41,33.70773070726309
6,42,32.1767452102944
6,43,28.816342012680366
6,44,28.350032269683457
6,45,25.978173695403168
6,46,25.521736655378692
6,47,23.448459827684506
6,48,20.5410324228786
6,49,17.429226297734836
6,50,17.15083338694539
6,51,18.512349849463035
6,52,17.3144802263678
6,53,20.911951377380216
6,54,23.83081272858345
6,55,26.29001498756857
6,56,24.52713211902058
6,57,24.50972596787912
6,58,23.19965726112817
6,59,26.372811878387395
6,60,27.82379893009262
6,61,29.41999267035663
6,62,30.635393859028973
6,63,32.07822574464198
6,64,34.0306898776121
6,65,35.74079689435363
6,66,35.37629332109411
6,67,38.34120183789595
6,68,38.03535076258024
6,69,40.7360965858493
6,70,40.886939532258715
6,71,43.44967779196665
6,72,45.63269847741657
6,73,47.379661284355876
6,74,50.544602000785474
6,75,50.457297999703286
6,76,53.4455092942841
6,77,54.85469502485326
6,78,52.8692796908567
6,79,49.769779546922166
6,80,48.89505947729496
6,81,45.88417630025378
6,82,45.55523584361983
6,83,43.33819656615873
6,84,41.07525697426117
6,85,39.21256025338223
6,86,35.85456605663534
6,87,33.83911661064595
6,88,30.509942600605676
6,89,28.124064217135327
6,90,27.454198924123038
6,91,25.756115002019765
6,92,24.04510598218655
6,93,23.88192140502394
6,94,23.06955876784899
6,95,26.546199063213194
6,96,28.492694145024718
6,97,29.280317153113746
6,98,32.752459917083804
6,99,34.71729528344347
7,1,17.74906182826179
7,2,15.000787991818017
7,3,12.37710688797855
7,4,9.155991025018018
7,5,6.5173555521030755
7,6,3.846264677594111
7,8,3.8702406742802933
7,9,5.4899862385231675
7,10,5.280472950232497
7,11,6.0844363181119245
7,12,8.746668054995128
7,13,10.053115364098382
7,14,10.721903403541244
7,15,12.114772520943466
7,16,15.935303498409986
7,17,17.855631508944366
7,18,20.926751375948726
7,19,20.221315542409734
7,20,23.002583034589644
7,21,24.20765903054539
7,22,27.18006230481718
7,23,29.702428462887635
7,24,32.980110111355955
7,25,36.03982066030735
7,26,38.09188204874834
7,27,35.347536985275816
7,28,35.70874669376673
7,29,39.530235882723076
7,30,40.59072285585876
7,31,44.23357264952386
7,32,44.92136751231093
7,33,47.66002278153833
7,34,49.40760185738631
7,35,46.72405371426511
7,36,43.94531517866478
7,37,41.419296276795386
7,38,40.36214814559413
7,39,37.36732106583364
7,40,36.818509220070695
7,41,33.43593112470072
7,42,31.973491252806927
7,43,28.70181337464238
7,44,27.82956072572981
7,45,25.27223550179254
7,46,24.301250226579768
7,47,21.776317838946667
7,48,18.861294232770643
7,49,15.432217105847533
7,50,14.454964455748206
7,51,15.369678304453515
7,52,13.80073118090147
7,53,17.285167396653026
7,54,20.25414976932806
7,55,22.701930781103407
7,56,21.16221919833801
7,57,21.485694509167637
7,58,20.582424516595342
7,59,23.952934363547254
7,60,25.77020219880074
7,61,27.341471886711634
7,62,28.968575601726688
7,63,30.623201820926006
7,64,32.924623978474074
7,65,34.85247174231808
7,66,34.872060868706605
7,67,38.01373525082947
7,68,37.95818802872624
7,69,40.845428551437045
7,70,40.88988991342913
7,71,43.55535436783079
7,72,45.46847243614961
7,73,47.264315318763856
7,74,50.29652125781554
7,75,50.3059959782671
7,76,53.45535629041847
7,77,54.82592154051308
7,78,52.948829887460214
7,79,49.89454975479019
7,80,49.0277957002938
7,81,46.03883817736799
7,82,45.4361360294018
7,83,43.101693481732575
7,84,40.58477451608702
7,85,38.50381719432427
7,86,34.99252256778836
7,87,32.69537794123816
7,88,29.473731954549553
7,89,26.793216142880866
7,90,26.30690410114273
7,91,24.214010194153605
7,92,22.06956985530295
7,93,21.419935812390058
7,94,20.17313548037665
7,95,23.48673476001301
7,96,25.169039436481455
7,97,26.001694789800013
7,98,29.57623119678918
7,99,31.356764921065782
8,1,20.12883298968098
8,2,16.933487848277764
8,3,14.37697273064948
8,4,11.813675258138327
8,5,8.649467330729241
8,6,5.7511707382372315
8,7,3.8702406742802933
8,9,3.8111716692993625
8,10,5.51299471079753
8,11,4.896719588300508
8,12,6.135118242906435
8,13,8.503978578711322
8,14,10.039882888342886
8,15,10.589371577299076
8,16,14.385338021380795
8,17,15.996406513441519
8,18,19.212932980440232
8,19,19.04901055140408
8,20,22.091447660699856
8,21,23.754709228364003
8,22,27.033718404311898
8,23,29.454560344108256
8,24,32.94736072256143
8,25,35.725796084529385
8,26,37.98575341381833
8,27,35.22669828585461
8,28,35.169176003950206
8,29,39.00457130656433
8,30,40.358385289747254
8,31,43.8845307090814
8,32,44.62976617847959
8,33,47.57660820940208
8,34,49.22136366799775
8,35,46.56935810602163
8,36,43.97414480979765
8,37,41.289319296497396
8,38,40.24691929166042
8,39,37.25958154276458
8,40,36.877375097819105
8,41,33.319125406184234
8,42,31.466601169599638
8,43,28.012641267433345
8,44,26.795738300388283
8,45,23.887733486274723
8,46,23.11112183986793
8,47,20.52578880676616
8,48,18.103776029617112
8,49,14.898329377181035
8,50,14.007679077942957
8,51,14.477197004673542
8,52,13.493612688417445
8,53,16.91760790348441
8,54,20.28856726861068
8,55,22.17101059631742
8,56,20.267303820363555
8,57,20.63853139732055
8,58,19.39615800245277
8,59,22.47621252724397
8,60,23.943516051033775
8,61,25.07797321131462
8,62,26.595626917416997
8,63,28.532935315079783
8,64,30.85286397524738
8,65,33.04274911220196
8,66,33.213988659769505
8,67,36.5164098997083
8,68,36.76510254757394
8,69,39.82433307335936
8,70,40.192295261451925
8,71,43.085544078501336
8,72,45.0322813830733
8,73,47.104636588029564
8,74,50.22454320033953
8,75,50.5224337474559
8,76,53.73882962266774
8,77,54.84731454905463
8,78,52.781498640020345
8,79,49.58253708593811
8,80,48.43231642059806
8,81,45.2697557443263
8,82,44.47692691391456
8,83,41.91030373058643
8,84,39.47218208280427
8,85,37.1692619056803
8,86,33.74107168292664
8,87,31.26501094050164
8,88,27.858750506097596
8,89,24.98853742074549
8,90,24.042011918104368
8,91,21.779625146469172
8,92,19.931052348331374
8,93,19.265500019625318
8,94,18.443379783929473
8,95,21.84535860899734
8,96,23.882935838203117
8,97,25.191261253112227
8,98,28.769763921206998
8,99,30.817565587504397
9,1,17.786892230259944
9,2,14.381274522292244
9,3,12.372924388524064
9,4,10.443417923344484
9,5,6.803098417378767
9,6,5.3775215374395
9,7,5.4899862385231675
9,8,3.8111716692993625
9,10,3.8456238282283333
9,11,5.425276259516178
9,12,5.374970000915625
9,13,6.10885282892282
9,14,8.576433717856213
9,15,10.136221033768066
9,16,13.722763744450878
9,17,14.57728888677586
9,18,17.289348382517794
9,19,16.611243284533266
9,20,19.306161482588276
9,21,21.207651154380674
9,22,24.37227751048011
9,23,27.07597915792885
9,24,30.588577872476563
9,25,33.34191027978125
9,26,35.80685525873446
9,27,33.300620735598464
9,28,33.21919160089099
9,29,37.007738931102836
9,30,38.53411460408165
9,31,42.05263773378435
9,32,42.51640370426641
9,33,45.438793013424636
9,34,46.87014576864962
9,35,44.05085536374163
9,36,41.362974209419576
9,37,38.53388225169613
9,38,37.262307690402736
9,39,34.24959039515346
9,40,34.11898802187675
9,41,30.5949907006278
9,42,28.657646458836016
9,43,25.12665131891961
9,44,24.223604834466677
9,45,21.501637862315256
9,46,21.175547797095692
9,47,19.0849354566365
9,48,16.627972577239387
9,49,13.815394698785575
9,50,13.91286145671115
9,51,15.21777406374751
9,52,14.944098562952984
9,53,18.610393635970603
9,54,21.78096577538153
9,55,23.712326022097393
9,56,21.368444920228487
9,57,21.047376056653395
9,58,19.2118973069936
9,59,22.044954182851342
9,60,23.110844568924072
9,61,24.471886913615858
9,62,25.516170527813973
9,63,27.077247574793113
9,64,29.034180193796153
9,65,30.937537909789782
9,66,30.74665668013922
9,67,33.88644580268409
9,68,33.90856377018986
9,69,36.83339965413262
9,70,37.25544873353247
9,71,40.08841237132922
9,72,42.22090434297281
9,73,44.28050724286791
9,74,47.50615314634885
9,75,47.776284412623404
9,76,50.89548274424965
9,77,51.990026151902626
9,78,49.83029960337408
9,79,46.5883160018666
9,80,45.42249707300458
9,81,42.24448399659341
9,82,41.64092732660688
9,83,39.17538688157229
9,84,36.91355940803018
9,85,34.81120013158143
9,86,31.49601305588449
9,87,29.303201813379125
9,88,25.828300308278976
9,89,23.297953718523562
9,90,22.336903179528115
9,91,20.593835713082903
9,92,19.144619577822493
9,93,19.21707694348844
9,94,18.94128267181519
9,95,22.568713457857683
9,96,24.983152694897097
9,97,26.034800149739276
9,98,29.38760492594442
9,99,31.75723840323875
10,1,17.206008701916048
10,2,14.30304297415407
10,3,12.840484963294593
10,4,10.307170592170143
10,5,6.595891599015725
10,6,6.407413778591121
10,7,5.280472950232497
10,8,5.51299471079753
10,9,3.8456238282283333
10,11,3.8466797700559883
10,12,5.602364621249847
10,13,5.210693564884371
10,14,5.9678078830269765
10,15,8.342752190472686
10,16,11.922007059695249
10,17,13.306781516858578
10,18,16.02873324324916
10,19,15.023172694737983
10,20,17.725376677956113
10,21,19.021002471873963
10,22,22.058033775822057
10,23,24.64007867084071
10,24,28.006398871955852
10,25,30.972690677477146
10,26,33.182658175308184
10,27,30.55997907298711
10,28,30.791365705192554
10,29,34.596831289840736
10,30,35.83904672373642
10,31,39.44837440050814
10,32,39.99659198316026
10,33,42.795649925871686
10,34,44.41339348092212
10,35,41.676581349395576
10,36,38.93540767792099
10,37,36.31529601084167
10,38,35.2447280062866
10,39,32.250469579367305
10,40,31.779146013591284
10,41,28.328531105784478
10,42,26.744351962239367
10,43,23.435050978663632
10,44,22.58750611487219
10,45,20.109295791116285
10,46,19.308497894665585
10,47,17.090732951270667
10,48,14.158385450632021
10,49,11.049636474678135
10,50,11.092785405365944
10,51,12.939653092414769
10,52,12.543665821180909
10,53,16.331289158917176
10,54,19.132165459475928
10,55,21.430499479011832
10,56,19.18182185974708
10,57,18.626625295389612
10,58,17.0131623746034
10,59,20.125815253279413
10,60,21.607447113909533
10,61,23.467951076427607
10,62,24.750241656046853
10,63,26.046765736632334
10,64,28.13354520483814
10,65,29.853678548889985
10,66,29.724974595559754
10,67,32.799431783440006
10,68,32.68611290833932
10,69,35.56898544647388
10,70,35.62980699026903
10,71,38.33763372023279
10,72,40.2696943088832
10,73,42.146590771482536
10,74,45.23030791855501
10,75,45.356540810572795
10,76,48.528566940984874
10,77,49.77896585758537
10,78,47.823211905024806
10,79,44.72101257357347
10,80,43.788408975279125
10,81,40.775678492299065
10,82,40.15952842028524
10,83,37.83563571576086
10,84,35.3492391108149
10,85,33.33411924421213
10,86,29.860396207835336
10,87,27.702328267216522
10,88,24.47503861359124
10,89,22.01318680120166
10,90,21.680735285044886
10,91,19.982114465557835
10,92,18.034317600072747
10,93,18.07316944149417
10,94,17.369266271942273
10,95,20.94050713200663
10,96,23.11886869156784
10,97,23.686152652000413
10,98,26.97343654346997
10,99,29.22700193749409
11,1,20.981119730841037
11,2,18.089478468616537
11,3,16.372557599054463
11,4,13.621306535758519
11,5,10.045736869025669
11,6,8.710625379060135
11,7,6.0844363181119245
11,8,4.896719588300508
11,9,5.425276259516178
11,10,3.8466797700559883
11,12,3.8040401752899085
11,13,5.663948265685663
11,14,5.644296298662708
11,15,6.082823335675112
11,16,9.926491616761256
11,17,12.020506631649198
11,18,15.365084210794715
11,19,15.261451274573053
11,20,18.514745571826918
11,21,19.755953915004998
11,22,23.09277401585844
11,23,25.216144661903755
11,24,28.664465224805582
11,25,31.456711382261297
11,26,33.54087100738929
11,27,30.639050734354452
11,28,30.643025266870183
11,29,34.491513057415204
11,30,35.71075045227452
11,31,39.246805944108765
11,32,40.134602198461934
11,33,43.07555328468787
11,34,44.868616680736196
11,35,42.35945874590882
11,36,39.86015617138279
11,37,37.33584385483
11,38,36.58363704426109
11,39,33.65245058945092
11,40,32.960923160324526
11,41,29.38227489003483
11,42,27.67990619061417
11,43,24.40278892446393
11,44,22.967166260043726
11,45,20.110469806190324
11,46,18.865527943718348
11,47,16.07086343036562
11,48,13.481557712054316
11,49,10.115325129541116
11,50,9.141458591390226
11,51,10.02615322137658
11,52,9.519062732447228
11,53,13.200882888231929
11,54,16.36272383046605
11,55,18.326942891907823
11,56,16.12469998084782
11,57,16.06691530195135
11,58,14.765204219091272
11,59,17.991486188578374
11,60,19.723870922562963
11,61,21.26617752600968
11,62,22.97785820174083
11,63,24.714971067096577
11,64,27.197319717829092
11,65,29.312199275908476
11,66,29.668464020500995
11,67,32.992743887894605
11,68,33.29422534113339
11,69,36.42104695907932
11,70,36.56406383162547
11,71,39.46217528687997
11,72,41.15798032347437
11,73,43.20480349593806
11,74,46.194093919184276
11,75,46.54010608579112
11,76,49.86768374700826
11,77,50.959955890193925
11,78,49.018962198852115
11,79,45.90166920905222
11,80,44.83814127551692
11,81,41.77060006206149
11,82,40.81250768161972
11,83,38.264088137281085
11,84,35.59776187103266
11,85,33.251137726462744
11,86,29.690971099944342
11,87,27.138362499472485
11,88,23.928149800676326
11,89,21.021889862773822
11,90,20.587154998489595
11,91,18.305161042763853
11,92,16.008027092830236
11,93,15.385207080831098
11,94,14.361605760083473
11,95,17.844355397451146
11,96,19.930647290689155
11,97,20.87080930283869
11,98,24.332677817273222
11,99,26.511882581040012
12,1,22.157402442476698
12,2,18.91781203244565
12,3,17.411949230990285
12,4,15.334054202020685
12,5,11.540891918975117
12,6,10.345356905525017
12,7,8.746668054995128
12,8,6.135118242906435
12,9,5.374970000915625
12,10,5.602364621249847
12,11,3.8040401752899085
12,13,3.8079362774575785
12,14,5.713662155734253
12,15,5.454548911047025
12,16,8.876472803851001
12,17,9.962018266426726
12,18,13.20114835369066
12,19,13.485627538073658
12,20,16.824915999082
12,21,18.69617273629603
12,22,22.24806269165343
12,23,24.405367406565553
12,24,28.050673741730225
12,25,30.52710420427455
12,26,32.922503691059774
12,27,30.17118964650616
12,28,29.738632135194315
12,29,33.5551880235352
12,30,35.15849895587159
12,31,38.55931020919861
12,32,39.34037103471206
12,33,42.45661856391794
12,34,44.02453823698769
12,35,41.45854879446623
12,36,39.09096999497007
12,37,36.34312458639492
12,38,35.47662714437862
12,39,32.554139159950786
12,40,32.173390598507595
12,41,28.468495032943714
12,42,26.335010095711315
12,43,22.84760139984765
12,44,21.220891339256998
12,45,18.0812969645665
12,46,17.33023239084552
12,47,14.788136300478502
12,48,12.838330289843551
12,49,10.165836090195866
12,50,10.052297858953628
12,51,10.869117709084524
12,52,11.482908889779857
12,53,14.92844819719
12,54,18.218030330909745
12,55,19.583302321621137
12,56,16.844840438352556
12,57,16.435557697952408
12,58,14.400869792491195
12,59,17.057949611895953
12,60,18.10561637602311
12,61,19.27193673160468
12,62,20.57209505424525
12,63,22.419122629700528
12,64,24.721664419386155
12,65,26.968977950003794
12,66,27.287802279537505
12,67,30.695007133430124
12,68,31.189228583968305
12,69,34.41216815494588
12,70,34.91179252937002
12,71,37.991713477814535
12,72,39.821438043361276
12,73,42.120749134650836
12,74,45.244365268988325
12,75,45.8417818556127
12,76,49.16303864717438
12,77,50.003461128107645
12,78,47.836961647136924
12,79,44.565990034451865
12,80,43.22309954303725
12,81,39.983390496848635
12,82,38.945301170773284
12,83,36.22226551260771
12,84,33.73937228039019
12,85,31.277166134387006
12,86,27.873043347101312
12,87,25.291532047709442
12,88,21.835535705241178
12,89,18.903828204157158
12,90,17.91490139757348
12,91,15.718081584887459
12,92,14.027128620631121
12,93,13.885595950971492
12,94,13.787513036682826
12,95,17.44687050687805
12,96,20.114020426788162
12,97,21.400231984531782
12,98,24.676658844363043
12,99,27.26441186575729
13,1,20.07773808563257
13,2,16.982361740258945
13,3,16.210499804606957
13,4,14.524187917184504
13,5,10.73127536911298
13,6,10.847982628116592
13,7,10.053115364098382
13,8,8.503978578711322
13,9,6.10885282892282
13,10,5.210693564884371
13,11,5.663948265685663
13,12,3.8079362774575785
13,14,3.8180317733519344
13,15,5.733637191503391
13,16,8.501628020436264
13,17,8.74680452107863
13,18,11.25656097216154
13,19,10.617829883387845
13,20,13.610259906784725
13,21,15.50892890108209
13,22,18.918355576677154
13,23,21.37085313763841
13,24,24.99316974663297
13,25,27.567447901852603
13,26,30.07761655250146
13,27,27.5443023975814
13,28,27.2508331123589
13,29,31.038147197518153
13,30,32.68915028685648
13,31,36.13968410526279
13,32,36.650708793582226
13,33,39.68000384933086
13,34,41.11278691615092
13,35,38.39189724952913
13,36,35.87928681222973
13,37,33.0638657967337
13,38,32.03203116400649
13,39,29.072113724518818
13,40,28.80406649147626
13,41,25.150775214676354
13,42,23.07847049530883
13,43,19.57096750868066
13,44,18.33039513711651
13,45,15.510798367931535
13,46,15.070516858939389
13,47,13.095237057215355
13,48,10.82099874560982
13,49,8.575521204543476
13,50,9.779154630412904
13,51,11.799004931126683
13,52,12.895296039391425
13,53,16.467826136711427
13,54,19.28517384008197
13,55,20.90133248079324
13,56,17.924670645133595
13,57,16.71816813705673
13,58,14.208333992548848
13,59,16.679609004391363
13,60,17.467864159323405
13,61,19.170196489064285
13,62,20.023563790293508
13,63,21.262483167975816
13,64,23.19576969178585
13,65,25.006094521660163
13,66,24.922824208974685
13,67,28.123322746708897
13,68,28.280736759859735
13,69,31.345385974493226
13,70,31.724106821331812
13,71,34.68598837870099
13,72,36.6359664047802
13,73,38.832758308063106
13,74,42.013420280467784
13,75,42.500157952318844
13,76,45.74562417541028
13,77,46.66027621312552
13,78,44.48923771471286
13,79,41.2315871161742
13,80,39.98812340732211
13,81,36.80173910906978
13,82,35.97298989918167
13,83,33.42750064424216
13,84,31.020228472494875
13,85,28.826087481769978
13,86,25.451101009985592
13,87,23.21399533555192
13,88,19.7874692607592
13,89,17.309022086801694
13,90,16.660295909606766
13,91,15.17588137692632
13,92,13.73898443566448
13,93,14.488599573130552
13,94,14.752315511893945
13,95,18.482684543800048
13,96,21.302539607863025
13,97,22.047188195500997
13,98,25.022714186886976
13,99,27.810329328935897
14,1,21.014032672994674
14,2,18.404094011545542
14,3,17.842439036155344
14,4,15.635949772240922
14,5,12.025858578836376
14,6,12.37102280529873
14,7,10.721903403541244
14,8,10.039882888342886
14,9,8.576433717856213
14,10,5.9678078830269765
14,11,5.644296298662708
14,12,5.713662155734253
14,13,3.8180317733519344
14,15,3.8349843385619984
14,16,6.443145269983483
14,17,7.887193253185031
14,18,10.62865549239414
14,19,9.949648894543818
14,20,13.128371718854316
14,21,14.129254135314415
14,22,17.48321487924694
14,23,19.581250088704596
14,24,23.056644456457757
14,25,25.832187300115763
14,26,27.983908940124135
14,27,25.18802514045516
14,28,25.194377228218798
14,29,29.030971354173765
14,30,30.331043837999008
14,31,33.87530847915706
14,32,34.61519780162
14,33,37.5544260476812
14,34,39.27122968324796
14,35,36.72608961096755
14,36,34.23518477650003
14,37,31.704112741598674
14,38,31.021426340080524
14,39,28.117487153723292
14,40,27.364091884565376
14,41,23.762628979491538
14,42,22.094267522799246
14,43,18.910017141855008
14,44,17.518946771368274
14,45,14.90338958474312
14,46,13.602215865275802
14,47,11.164832374814518
14,48,8.255531261223393
14,49,5.264061502098741
14,50,6.3017228973984984
14,51,8.957417758972932
14,52,10.108711912820027
14,53,13.652398500854261
14,54,16.07626557859806
14,55,17.965025950662124
14,56,15.093447305498124
14,57,13.690846152782232
14,58,11.515428981713159
14,59,14.427729559381433
14,60,15.880480013507915
14,61,18.095841321043796
14,62,19.418047461232398
14,63,20.49739677327416
14,64,22.73443114854458
14,65,24.46343078957917
14,66,24.641948170988655
14,67,27.829559801559043
14,68,27.975087159081035
14,69,31.05245704817121
14,70,31.038279723187593
14,71,33.90550624855535
14,72,35.53818031113318
14,73,37.575282907193206
14,74,40.55631262022138
14,75,40.94786196062024
14,76,44.30053588438087
14,77,45.34299388157556
14,78,43.41176247602747
14,79,40.315125420106654
14,80,39.298086543701146
14,81,36.293191114611986
14,82,35.3401739632825
14,83,32.8912515676803
14,84,30.168008300932396
14,85,27.96379162494226
14,86,24.375419187363615
14,87,22.03208378096212
14,88,18.948243452133777
14,89,16.394609848701055
14,90,16.535984619231723
14,91,14.89347928199759
14,92,12.665304362833774
14,93,13.097345857414833
14,94,12.689495797546632
14,95,16.28923042667523
14,96,18.785944631964114
14,97,19.06432606318952
14,98,22.018490639640206
14,99,24.658610488598104
15,1,24.62239753152069
15,2,21.86731166186365
15,3,20.954047178708603
15,4,18.58962953619505
15,5,14.887705269794198
15,6,14.397670537329882
15,7,12.114772520943466
15,8,10.589371577299076
15,9,10.136221033768066
15,10,8.342752190472686
15,11,6.082823335675112
15,12,5.454548911047025
15,13,5.733637191503391
15,14,3.8349843385619984
15,16,3.846583853584975
15,17,6.407138102198605
15,18,10.030141649530714
15,19,10.76804563011045
15,20,14.45167193546032
15,21,15.523907262103194
15,22,19.133103553534536
15,23,20.669758603782935
15,24,24.20839088509498
15,25,26.66517160714533
15,26,28.72713048395161
15,27,25.69249733556741
15,28,25.324845410432815
15,29,29.164197758768243
15,30,30.52441265550417
15,31,33.927153605376645
15,32,35.01007727200552
15,33,38.12498098081782
15,34,39.962969334766896
15,35,37.662485822666355
15,36,35.47781827505558
15,37,33.0181216680518
15,38,32.6390850466507
15,39,29.839737068915163
15,40,28.95261388382538
15,41,25.250383033205907
15,42,23.37860997206802
15,43,20.24962156637876
15,44,18.180262002075768
15,45,15.100089790503898
15,46,13.394750384068555
15,47,10.264862884539381
15,48,8.21954165442308
15,49,5.366371388173214
15,50,4.979789045537407
15,51,6.212911343239473
15,52,8.05808501298819
15,53,11.244891513899736
15,54,14.043060003669602
15,55,15.303424711760185
15,56,12.213428763097113
15,57,11.205927961718286
15,58,9.087921965173546
15,59,12.034897133144593
15,60,13.65697753119416
15,61,15.408869316836846
15,62,17.196076825109028
15,63,18.853444478705107
15,64,21.532528052951744
15,65,23.759269361942692
15,66,24.494492325967684
15,67,27.954293750960687
15,68,28.605462515686327
15,69,31.93378458940205
15,70,32.10127425735168
15,71,35.1820444715656
15,72,36.590954803468236
15,73,38.84849429566462
15,74,41.743112073204294
15,75,42.41409859607314
15,76,45.897047493197626
15,77,46.716648390144776
15,78,44.757469204940186
15,79,41.62860659205731
15,80,40.41566515142779
15,81,37.33313854089263
15,82,36.011431458233126
15,83,33.29659264277326
15,84,30.448792786772085
15,85,27.861671630208686
15,86,24.248726200620574
15,87,21.448754720861732
15,88,18.352932451611846
15,89,15.2443720114967
15,90,15.12527608809302
15,91,12.735962920384223
15,92,10.1041867090556
15,93,9.790587528586645
15,94,9.256463888550245
15,95,12.93979944896235
15,96,15.597330496496868
15,97,16.41098406220569
15,98,19.523283829121052
15,99,22.232395256254577
16,1,27.336140223395528
16,2,24.714843237531248
16,3,24.184132857630157
16,4,21.995359663510435
16,5,18.318653572444152
16,6,18.12828195058203
16,7,15.935303498409986
16,8,14.385338021380795
16,9,13.722763744450878
16,10,11.922007059695249
16,11,9.926491616761256
16,12,8.876472803851001
16,13,8.501628020436264
16,14,6.443145269983483
16,15,3.846583853584975
16,17,3.8292278175373853
16,18,7.352478938831679
16,19,8.967123320845753
16,20,12.742289343276234
16,21,13.54323736977856
16,22,17.21600364546621
16,23,18.19213509172644
16,24,21.71887710718631
16,25,23.87740954509341
16,26,25.87782112445865
16,27,22.756953952307633
16,28,22.100698880315104
16,29,25.905281713994757
16,30,27.350402333919607
16,31,30.63407841916467
16,32,31.87352159285372
16,33,35.09859644111654
16,34,36.975256918602625
16,35,34.85138676082384
16,36,32.91726806750286
16,37,30.54405142817023
16,38,30.464885312490736
16,39,27.804221772933655
16,40,26.75820056003416
16,41,23.02844371076928
16,42,21.08457415148701
16,43,18.17843404136267
16,44,15.623973305011457
16,45,12.462267851954936
16,46,10.28168113635873
16,47,6.813257360514611
16,48,5.685996112014052
16,49,4.369784448995485
16,50,4.910845843027794
16,51,6.025790557538903
16,52,9.216402688086882
16,53,11.49060326768206
16,54,13.682034597963716
16,55,14.325548856483683
16,56,10.738462495623034
16,57,8.825535641317328
16,58,5.834176795219314
16,59,8.329034521564422
16,60,9.857269244635832
16,61,11.896109172215896
16,62,13.76670384285806
16,63,15.30082214645472
16,64,18.158150715333402
16,65,20.4514799850297
16,66,21.515237355280338
16,67,25.043996279192502
16,68,25.96078757222598
16,69,29.40607098171106
16,70,29.566214369223868
16,71,32.74697367695929
16,72,33.91467638865493
16,73,36.301239643291304
16,74,39.097733438986516
16,75,39.99245529724974
16,76,43.56916178575472
16,77,44.19936235543408
16,78,42.25062474581819
16,79,39.14115086573611
16,80,37.84167013945584
16,81,34.78067497066157
16,82,33.193096962339
16,83,30.378462174795377
16,84,27.39163706633201
16,85,24.631894032702967
16,86,20.990626315594326
16,87,17.99222346383936
16,88,15.06387387676411
16,89,11.798449117827035
16,90,12.087968194615877
16,91,9.668342018978866
16,92,6.636152617660759
16,93,6.778659029356587
16,94,6.893839270555762
16,95,10.475674408306348
16,96,13.517371006092022
16,97,14.13097929692174
16,98,16.819105215382283
16,99,19.910973581738244
17,1,27.554176558831347
17,2,24.81103778977717
17,3,24.62867238257333
17,4,22.976102403293144
17,5,19.26387021074111
17,6,19.410822481066884
17,7,17.855631508944366
17,8,15.996406513441519
17,9,14.57728888677586
17,10,13.306781516858578
17,11,12.020506631649198
17,12,9.962018266426726
17,13,8.74680452107863
17,14,7.887193253185031
17,15,6.407138102198605
17,16,3.8292278175373853
17,18,3.8632557785449526
17,19,6.173288663091232
17,20,9.961591610472174
17,21,11.538651443899765
17,22,15.353003472352713
17,23,16.48217098257142
17,24,20.19979701288661
17,25,22.02584474219986
17,26,24.451833338855558
17,27,21.66929476868508
17,28,20.57853630472961
17,29,24.31754938376349
17,30,26.23580980455597
17,31,29.385894895340922
17,32,30.32861628520812
17,33,33.68266220815649
17,34,35.22970378803971
17,35,32.9506423901433
17,36,31.0739292791269
17,37,28.4247193912197
17,38,28.135898984186007
17,39,25.47736960570096
17,40,24.830870510443358
17,41,21.008923121365005
17,42,18.598690390656557
17,43,15.457158555061945
17,44,12.76792985965271
17,45,9.285603590842697
17,46,7.9428743567005755
17,47,5.402426852816262
17,48,5.605138759162971
17,49,6.286879902480916
17,50,8.390094243499517
17,51,9.827376655103583
17,52,13.029013983573913
17,53,15.256100851681353
17,54,17.31745075139827
17,55,17.689693228820857
17,56,13.940042941916573
17,57,11.576971066076036
17,58,7.905135493986817
17,59,8.859439633996038
17,60,8.824834931964688
17,61,10.74171674861711
17,62,11.583233119515567
17,63,12.785543314360549
17,64,15.206851409584292
17,65,17.430364043424017
17,66,18.240496418376626
17,67,21.81178305139483
17,68,22.78797279724853
17,69,26.28828759267822
17,70,26.772468320160193
17,71,30.096230751609113
17,72,31.472547517208035
17,73,34.072138905060484
17,74,37.042172764971134
17,75,38.128630266976224
17,76,41.64504040345338
17,77,42.06508692256329
17,78,39.88275170673477
17,79,36.620918372717775
17,80,35.08205632401723
17,81,31.861230927073343
17,82,30.29041256508471
17,83,27.363579631126704
17,84,24.599106034252298
17,85,21.830068142356353
17,86,18.348606323338377
17,87,15.481176715073842
17,88,12.156326861062722
17,89,9.035629429460093
17,90,8.83212169573812
17,91,7.084972993296287
17,92,5.391912908230518
17,93,7.521464830595527
17,94,9.29811810080042
17,95,12.590773450702951
17,96,16.036780907333547
17,97,16.675607290716002
17,98,18.844127259622056
17,99,22.27718237327601
18,1,28.4856708715562
18,2,25.906468245795967
18,3,26.240024835515626
18,4,24.993725112481815
18,5,21.420703811147334
18,6,22.066176997918525
18,7,20.926751375948726
18,8,19.212932980440232
18,9,17.289348382517794
18,10,16.02873324324916
18,11,15.365084210794715
18,12,13.20114835369066
18,13,11.25656097216154
18,14,10.62865549239414
