1,2,3.879262624087159
1,3,7.2823383668321995
1,4,9.469600019373415
1,5,12.680304707180749
1,6,14.5207470904955
1,7,17.38997885320783
1,8,17.899841366337114
1,9,20.968502413303423
1,10,22.65309851764449
1,11,23.722057021461495
1,12,26.288327944669025
1,13,28.796735207784028
1,14,28.29758993072874
1,15,29.631140062486324
1,16,30.932875637207676
1,17,30.418230790554627
1,18,33.46158863954927
1,19,31.832504623011303
1,20,30.04887157785296
1,21,26.47713158390247
1,22,25.941520690725632
1,23,23.13030370329338
1,24,21.47759431687921
1,25,20.51668411854425
1,26,18.351295237920773
1,27,17.538380740781673
1,28,14.947726571982374
1,29,17.614272573875404
1,30,15.787705900566058
1,31,13.522199966304557
1,32,9.74343971446075
1,33,9.249457915410206
1,34,6.973016110443216
1,35,5.424079707013108
1,36,6.744570700718256
1,37,10.552716125123043
1,38,12.503504382207373
1,39,15.43918839134308
1,40,18.431880271047618
1,41,22.22908927101582
1,42,24.948606214784764
1,43,28.820809960532536
1,44,31.879394403997292
1,45,31.664576071041328
1,46,27.76376488154544
1,47,27.561708154191063
1,48,27.602271921042824
1,49,24.366465100887265
1,50,25.919704185725845
1,51,24.947129231566606
1,52,22.034115637258452
1,53,18.6893974803243
1,54,19.592907630592133
1,55,16.378541244679933
1,56,13.97028405127788
1,57,10.509355803296607
1,58,11.305119522919279
1,59,9.191370319380757
1,60,9.910921631730435
1,61,10.072872135718724
1,62,12.772328163051663
1,63,15.02518437669176
1,64,17.772127713661753
1,65,15.985192683532825
1,66,17.707512652768212
1,67,15.676192614515056
1,68,18.214205313980905
1,69,17.720307757720292
1,70,20.32722364300547
1,71,21.586515003791472
1,72,24.75673353233132
1,73,26.21951160373645
1,74,29.370650734941233
1,75,32.96701900131792
1,76,34.41778972499079
1,77,32.75687341855882
1,78,29.00380659950956
1,79,26.648161777290458
1,80,22.982197990815596
1,81,20.524676078274048
1,82,17.605197432434867
1,83,15.50119995342404
1,84,16.5189964544165
1,85,20.193167191542464
1,86,23.859707896739653
1,87,23.767373884569764
1,88,20.529556765674617
1,89,21.90286250516928
1,90,24.335032530708336
1,91,25.97011684457367
1,92,29.298555116800387
1,93,29.569418579340393
1,94,32.84991566888819
1,95,32.4854434934612
1,96,35.942540339155244
2,1,3.879262624087159
2,3,3.892969447708178
2,4,6.560539788635414
2,5,9.550835356461263
2,6,12.051606519264634
2,7,15.022138340629706
2,8,16.022524446852355
2,9,19.457259765951157
2,10,21.457400004329024
2,11,23.09576887702454
2,12,25.724349714583457
2,13,27.965846320846055
2,14,27.399492242067904
2,15,29.112206380807724
2,16,30.329759961905594
2,17,30.221714596402347
2,18,33.31738819516391
2,19,31.614301032018787
2,20,29.44199523105606
2,21,26.094925252000692
2,22,25.327376506883326
2,23,22.75473811166628
2,24,20.763109768119953
2,25,20.12339120470596
2,26,17.54942355290034
2,27,16.836997899023142
2,28,13.88869975829978
2,29,16.213562826631644
2,30,14.045696833021958
2,31,12.153572144110004
2,32,8.629776777470829
2,33,9.515344430843724
2,34,8.239142938818338
2,35,5.265458621412562
2,36,5.6120328722943675
2,37,8.890355800593166
2,38,9.843168548382206
2,39,13.282411558635225
2,40,16.12373867644211
2,41,19.973559525696505
2,42,22.3115121814948
2,43,26.164544162895638
2,44,29.133756876924316
2,45,28.594563079754288
2,46,24.70022544003557
2,47,24.418442449055235
2,48,24.784370223661035
2,49,21.806613667491003
2,50,23.7841954736739
2,51,23.309796304879697
2,52,20.816901482670005
2,53,17.7636190094106
2,54,19.4082503054118
2,55,16.529122466143306
2,56,14.35371604816485
2,57,10.581737293285386
2,58,11.27633011432565
2,59,9.922162372442555
2,60,10.165503461079451
2,61,11.529245566324658
2,62,13.619885589457626
2,63,14.962106388974858
2,64,18.07299755556143
2,65,16.623028016122575
2,66,17.98430638686453
2,67,15.916726986210211
2,68,18.510634629703954
2,69,17.456466258977326
2,70,20.173968804870974
2,71,20.833333584387322
2,72,23.848526818751697
2,73,24.795761430474773
2,74,27.77418763291883
2,75,31.353214944138802
2,76,32.538288247899025
2,77,30.596484382496648
2,78,26.817253115921872
2,79,24.231336947506364
2,80,20.7451585466282
2,81,17.904329951317713
2,82,15.212928017302918
2,83,12.621479067745229
2,84,13.06787844776945
2,85,16.669971195505546
2,86,20.40742440029746
2,87,20.637749244557796
2,88,17.56804919493501
2,89,19.383506551040295
2,90,21.735144073162953
2,91,23.779166062848432
2,92,27.084055706062685
2,93,27.729117411023417
2,94,31.108343647482567
2,95,31.06253456386879
2,96,34.64764381827968
3,1,7.2823383668321995
3,2,3.892969447708178
3,4,3.8274393546853704
3,5,7.044255161013904
3,6,9.598924019366887
3,7,12.08097711389656
3,8,13.043772858903587
3,9,16.623576358314285
3,10,18.640361910645893
3,11,20.752858297866876
3,12,23.267469984888386
3,13,25.203439069505027
3,14,24.5361384178321
3,15,26.512349774783257
3,16,27.66694295123706
3,17,27.91707036977628
3,18,31.06507415017798
3,19,29.407860501173843
3,20,26.914132128851474
3,21,23.779933358089945
3,22,22.74602671352311
3,23,20.386699744590956
3,24,18.152900177534885
3,25,17.8627599288021
3,26,15.114451498811487
3,27,14.78183304046746
3,28,11.915884011827474
3,29,14.186296219481214
3,30,12.310292896672243
3,31,11.440784864244034
3,32,8.721289706787655
3,33,10.052001435365144
3,34,9.47134505382752
3,35,5.747133968880777
3,36,4.341413376618544
3,37,6.104299905021469
3,38,6.16053970646041
3,39,9.829816971699861
3,40,12.659411157707858
3,41,16.48572598371394
3,42,18.679610076716106
3,43,22.51950905939235
3,44,25.370541473855486
3,45,24.798679814948642
3,46,20.911588675702628
3,47,20.824707031498765
3,48,21.390536810526395
3,49,18.514726612577466
3,50,20.616975596164327
3,51,20.370547954988027
3,52,18.26317750822611
3,53,15.413120929524547
3,54,17.63568272394846
3,55,15.064289189677096
3,56,13.48676049026287
3,57,9.705862345997765
3,58,9.870132676014617
3,59,9.432878353687355
3,60,9.451230187274927
3,61,12.002694381333095
3,62,13.68701534090293
3,63,14.240019425225672
3,64,17.254728082821654
3,65,15.858973416802812
3,66,16.579149048265823
3,67,14.416985070213917
3,68,16.87595558427707
3,69,15.353282716995965
3,70,18.137922635263312
3,71,18.33339811412695
3,72,21.250104237388744
3,73,21.763677474935044
3,74,24.68205026908231
3,75,28.170034845211184
3,76,29.1188863155659
3,77,26.996524166989502
3,78,23.23520203336763
3,79,20.506610330983275
3,80,17.108261090733123
3,81,14.106248744968047
3,82,11.554175725406045
3,83,8.85603261254771
3,84,9.366934404116222
3,85,13.088551884025378
3,86,16.739142188283445
3,87,17.04594868494153
3,88,13.880270715548104
3,89,15.737137542299624
3,90,17.947040834967193
3,91,20.134297695233542
3,92,23.40274191589933
3,93,24.242508526441856
3,94,27.677091907073418
3,95,27.870187666995587
3,96,31.539300457654456
4,1,9.469600019373415
4,2,6.560539788635414
4,3,3.8274393546853704
4,5,3.834259519592504
4,6,5.794114460916679
4,7,8.534082902390917
4,8,9.996915788436878
4,9,13.680332316184804
4,10,16.211068573816572
4,11,18.31755444875973
4,12,21.183752506803085
4,13,23.302467690717418
4,14,23.1349165946979
4,15,25.483930443087356
4,16,27.0652729529549
4,17,27.724348092843037
4,18,31.126751043737595
4,19,29.88677235305988
4,20,27.17063218278957
4,21,24.112876276371114
4,22,22.48562489997413
4,23,19.900537062271773
4,24,17.10711767025493
4,25,16.339447626697982
4,26,13.080468959209993
4,27,12.127776712906119
4,28,8.853893292409884
4,29,10.589167829595308
4,30,8.549229341012325
4,31,8.146385119158852
4,32,6.333003517927017
4,33,8.244462422015253
4,34,8.826449275410507
4,35,5.803271945022494
4,36,5.715149114385959
4,37,5.922757046052627
4,38,6.340564416160687
4,39,9.735339515760446
4,40,13.014334783688003
4,41,16.622001535394283
4,42,18.721060511349013
4,43,22.465907887803528
4,44,24.86258384831028
4,45,24.24735500895386
4,46,20.464725828946953
4,47,21.0068178003872
4,48,22.083349249637994
4,49,19.43626296872795
4,50,21.517906396477397
4,51,21.293100581113322
4,52,19.53688546909538
4,53,16.647384513303873
4,54,18.989083935532054
4,55,16.29231136544479
4,56,15.521698414229476
4,57,11.826729251020664
4,58,10.705415973303882
4,59,9.775996713895413
4,60,8.337069338583966
4,61,11.117203505926167
4,62,11.753312096309886
4,63,11.420677192488176
4,64,14.641612732077023
4,65,13.928406014588585
4,66,14.815288784666745
4,67,13.392028968459543
4,68,16.316971177719726
4,69,15.210412691990596
4,70,18.461279809907044
4,71,18.784484445337796
4,72,21.880901461914174
4,73,22.033251359958847
4,74,25.1135806925515
4,75,28.336380968871662
4,76,28.853799976090535
4,77,26.413607175803534
4,78,22.797456909090943
4,79,19.679358062845687
4,80,16.293106830966703
4,81,13.054576386850348
4,82,9.99114697178617
4,83,6.897846260972321
4,84,7.6522403507764345
4,85,11.128729575374917
4,86,14.712775369642582
4,87,14.365243438413936
4,88,11.358583420482876
4,89,13.343190376768854
4,90,16.124072675136656
4,91,18.473786777056816
4,92,22.003099728774075
4,93,23.224988537958208
4,94,26.86920968718808
4,95,27.50363793019618
4,96,31.29751430915212
5,1,12.680304707180749
5,2,9.550835356461263
5,3,7.044255161013904
5,4,3.834259519592504
5,6,3.8542587518107516
5,7,7.076928447546567
5,8,9.883738770284456
5,9,13.612751707459912
5,10,16.73451355870038
5,11,19.079091098988542
5,12,22.149869833817633
5,13,24.15913504115701
5,14,24.31288883141989
5,15,27.06409900234472
5,16,28.791773328058245
5,17,29.886708567698776
5,18,33.36157906887231
5,19,32.287012845938236
5,20,29.310162227099433
5,21,26.511848030562135
5,22,24.534893622737407
5,23,22.08706120020422
5,24,18.936808602699347
5,25,18.095959367061134
5,26,14.496585820163983
5,27,13.115876407821682
5,28,9.610972490505926
5,29,9.902021055936933
5,30,7.121845367321381
5,31,7.222657823785525
5,32,6.971506094074183
5,33,9.98611573958851
5,34,11.476396034074165
5,35,9.185961842105407
5,36,9.537682970953162
5,37,9.074957523361347
5,38,8.533263424903994
5,39,11.653795866473862
5,40,14.557774991429698
5,41,17.81747331809426
5,42,19.301963620301496
5,43,22.80751313459998
5,44,24.768436181298714
5,45,23.70481731500605
5,46,20.116748351926702
5,47,20.858547966489166
5,48,22.573317608602174
5,49,20.45687888008872
5,50,22.888455506252846
5,51,23.140561801742418
5,52,21.910408182533306
5,53,19.364175432683982
5,54,22.031089254628846
5,55,19.56872185920116
5,56,19.074375614308984
5,57,15.47861413504441
5,58,14.1703110912625
5,59,13.297926937077014
5,60,11.249995479296095
5,61,13.846002521991327
5,62,13.542885476576895
5,63,12.222733239978261
5,64,15.64299661443888
5,65,15.801671664196077
5,66,16.75394191598451
5,67,15.941266200879873
5,68,18.95843516933008
5,69,17.88556382583441
5,70,21.201522752819336
5,71,21.225154974341553
5,72,24.149462864529607
5,73,23.769147190254433
5,74,26.660132178300493
5,75,29.657155000885602
5,76,29.71669749890734
5,77,26.898082461851438
5,78,23.455725655706196
5,79,19.98882038488125
5,80,17.01375850303258
5,81,13.407749819205396
5,82,10.666966713482672
5,83,7.033320038832858
5,84,6.355504097323925
5,85,8.90594888164042
5,86,12.495896724162478
5,87,12.103895955430929
5,88,9.904184230999133
5,89,12.671051719105417
5,90,15.666817518282363
5,91,18.53104994650858
5,92,22.063085188911785
5,93,23.87420567954034
5,94,27.61567965913236
5,95,28.74923868122906
5,96,32.613796002250716
6,1,14.5207470904955
6,2,12.051606519264634
6,3,9.598924019366887
6,4,5.794114460916679
6,5,3.8542587518107516
6,7,3.8537334800562237
6,8,6.906009827541444
6,9,10.356050372705344
6,10,13.778971895815646
6,11,15.883657030192335
6,12,19.177251832291248
6,13,21.39499560390788
6,14,22.03112995389061
6,15,24.938345995624847
6,16,27.061940032678883
6,17,28.38133961334565
6,18,32.02985152140411
6,19,31.38709601243745
6,20,28.379756060108782
6,21,25.615252440961775
6,22,23.206543285160606
6,23,20.539041813302443
6,24,17.085901480257572
6,25,15.752674997702101
6,26,11.968103380385516
6,27,10.056092478082773
6,28,6.597679271470127
6,29,6.130139662819703
6,30,3.7544893705775846
6,31,5.655475591059735
6,32,7.068484460944807
6,33,9.310934193712095
6,34,11.398334040191575
6,35,9.935265225815632
6,36,10.631116316020517
6,37,9.36101195873626
6,38,9.662598716680584
6,39,11.839340577428061
6,40,15.030900138700417
6,41,17.938277295705547
6,42,19.631350431906597
6,43,22.987296728397542
6,44,24.567700811659922
6,45,23.844377822742363
6,46,20.43763805577045
6,47,21.8518441474744
6,48,23.63816112918421
6,49,21.500786704695127
6,50,23.518677772896783
6,51,23.44100664168629
6,52,22.316139170179813
6,53,19.644657207516904
6,54,22.107472720210684
6,55,19.527808655052706
6,56,19.710619193179017
6,57,16.35509980056395
6,58,14.164112850746939
6,59,13.05569516061918
6,60,10.256485853208797
6,61,12.825570703259638
6,62,11.669688982656528
6,63,9.488567446348428
6,64,12.643338573767794
6,65,13.342375246768125
6,66,14.247493046853325
6,67,14.16974122700654
6,68,17.360415091711687
6,69,16.807881374787538
6,70,20.365357597722568
6,71,20.69035518175921
6,72,23.778610411348613
6,73,23.321502826346457
6,74,26.42461316796961
6,75,29.143098115538137
6,76,28.959590224233864
6,77,26.07554691685949
6,78,22.848017165928265
6,79,19.282908902420814
6,80,16.271892752323332
6,81,12.98357500260023
6,82,9.802335842245638
6,83,6.980162552510016
6,84,7.6474303064867835
6,85,9.57213341058462
6,86,12.460298426331198
6,87,10.88374417743103
6,88,8.713210532009343
6,89,10.81679872789349
6,90,14.330812500110973
6,91,16.877534801765403
6,92,20.59136155259146
6,93,22.45811231157409
6,94,26.275947286948842
6,95,27.622550864261616
6,96,31.493621579978747
7,1,17.38997885320783
7,2,15.022138340629706
7,3,12.08097711389656
7,4,8.534082902390917
7,5,7.076928447546567
7,6,3.8537334800562237
7,8,3.860935645260028
7,9,7.058054766617505
7,10,10.61349043463922
7,11,13.114712549644448
7,12,16.243648597515165
7,13,18.170760243752994
7,14,18.96155659822496
7,15,22.124581182781153
7,16,24.349319044273734
7,17,26.050159890191956
7,18,29.729755723254282
7,19,29.363069894590122
7,20,26.186934432960204
7,21,23.712310286219267
7,22,20.935327723391104
7,23,18.461989714027833
7,24,14.79833819667015
7,25,13.616555408752298
7,26,9.865735317961768
7,27,8.393987514313075
7,28,6.081319075204616
7,29,5.073003215729418
7,30,5.275141136336778
7,31,8.637170494943929
7,32,10.489012166530804
7,33,11.904086320486094
7,34,13.87153588554091
7,35,12.42048054899812
7,36,12.40415540010152
7,37,10.006981333622512
7,38,10.077850095150755
7,39,11.02211193091777
7,40,13.908023642344622
7,41,16.194770396904566
7,42,17.785473065502867
7,43,20.855470837606113
7,44,22.028868644673633
7,45,21.571525175298348
7,46,18.414265366946115
7,47,20.417068371623362
7,48,22.30094381946679
7,49,20.338439036764413
7,50,22.042370441354308
7,51,21.916135656949322
7,52,21.214823467273828
7,53,18.81911915846852
7,54,21.36448418619856
7,55,19.130461314321273
7,56,20.02261516479074
7,57,17.136733505944335
7,58,14.475931560239157
7,59,13.995598191898958
7,60,11.320627322574767
7,61,14.263600634789118
7,62,12.891035205974982
7,63,10.173669770832921
7,64,12.374099978838297
7,65,13.126182894025268
7,66,13.14471749950818
7,67,13.367493977502868
7,68,16.16268222660362
7,69,15.565372595988705
7,70,19.018498264139698
7,71,19.134027983147707
7,72,22.059649747166237
7,73,21.2298200341973
7,74,24.293540229062703
7,75,26.6803570059447
7,76,26.174598087500993
7,77,23.178110133822
7,78,20.202285111077053
7,79,16.567935820348858
7,80,13.784428242933398
7,81,10.835804516288986
7,82,7.830753448017928
7,83,6.243031054842294
7,84,7.769833650985688
7,85,8.886196974339686
7,86,10.799918969005132
7,87,8.354192345201083
7,88,6.121758754611775
7,89,7.460988824543308
7,90,11.196018301171241
7,91,13.569407455865319
7,92,17.29893448451735
7,93,19.339990313084748
7,94,23.168784330258138
7,95,24.81050188918293
7,96,28.665816567186926
8,1,17.899841366337114
8,2,16.022524446852355
8,3,13.043772858903587
8,4,9.996915788436878
8,5,9.883738770284456
8,6,6.906009827541444
8,7,3.860935645260028
8,9,3.815038167625238
8,10,6.945966484771176
8,11,9.596190430813794
8,12,12.5483546408985
8,13,14.518371215352138
8,14,15.274685512033722
8,15,18.348890644957415
8,16,20.698060578358582
8,17,22.372404863653802
8,18,26.108865937135008
8,19,25.945725822985523
8,20,22.852437043424995
8,21,20.353942318005736
8,22,17.412982905643755
8,23,14.821556076775089
8,24,11.09064778673486
8,25,9.836824051417812
8,26,6.17354993806897
8,27,5.5017585347187685
8,28,4.901094542649702
8,29,5.459207339126828
8,30,7.627712106519943
8,31,10.873583683733324
8,32,12.24531985939874
8,33,12.527159101312611
8,34,14.021046886699601
8,35,12.672012980837408
8,36,12.144743352733453
8,37,9.111900112708167
8,38,9.85810527490073
8,39,9.574187668889778
8,40,12.519985832912036
8,41,14.470287225618963
8,42,16.591969317488363
8,43,19.609353268092367
8,44,20.810907817471445
8,45,21.034087783528513
8,46,17.940311044651306
8,47,20.24434386270693
8,48,21.651174209083482
8,49,19.38931848665179
8,50,20.45201020705784
8,51,19.779673648069775
8,52,18.991658591647756
8,53,16.51548928494975
8,54,18.745591299806552
8,55,16.589585165886387
8,56,18.087974517477015
8,57,15.717620736651002
8,58,12.56702424234223
8,59,12.494704922792954
8,60,10.157878463650519
8,61,13.314522460568165
8,62,12.2041454701414
8,63,9.770557535160595
8,64,10.907480267296556
8,65,11.0101162103873
8,66,10.10905933113209
8,67,10.349241569560135
8,68,12.793304334913936
8,69,12.367608678284983
8,70,15.797210509917194
8,71,16.14100398989399
8,72,19.16187338454534
8,73,18.50611812973217
8,74,21.79481059643757
8,75,24.06353137772072
8,76,23.687986182846245
8,77,20.961580509004722
8,78,18.060108404896752
8,79,14.715471973988889
8,80,11.660901973225188
8,81,9.560583678606466
8,82,6.275159128350599
8,83,6.673333622524295
8,84,9.63015969632562
8,85,11.094721229236917
8,86,12.488756152419219
8,87,9.855298197467462
8,88,6.969847453545616
8,89,6.195904889440078
8,90,9.796395610008185
8,91,11.209493176341546
8,92,15.030744401109882
8,93,16.567428832179903
8,94,20.36112924977299
8,95,21.79661250602612
8,96,25.600536745508432
9,1,20.968502413303423
9,2,19.457259765951157
9,3,16.623576358314285
9,4,13.680332316184804
9,5,13.612751707459912
9,6,10.356050372705344
9,7,7.058054766617505
9,8,3.815038167625238
9,10,3.848524983788923
9,11,6.339805192269858
9,12,9.32519232492067
9,13,11.394294113715613
9,14,12.848744849080681
9,15,16.07064779893371
9,16,18.85153943621041
9,17,20.82942796364916
9,18,24.635639413449578
9,19,25.01807348949848
9,20,21.984774073626976
9,21,19.735252450014254
9,22,16.374834589223884
9,23,13.796378173850437
9,24,10.010570823965002
9,25,8.328304288077677
9,26,5.396116583840074
9,27,5.108959761918274
9,28,6.7927757680648275
9,29,6.7944308001646885
9,30,10.109879935070726
9,31,13.531769777442904
9,32,15.262104837897635
9,33,14.96588459699645
9,34,16.45803027969405
9,35,15.637043382857177
9,36,15.183549631737197
9,37,12.068149623097598
9,38,13.101565870205397
9,39,11.979514297848997
9,40,14.50470788199789
9,41,15.704564869045807
9,42,17.84235343073964
9,43,20.411804276942707
9,44,21.130820800099404
9,45,21.83129932730611
9,46,19.169881603864464
9,47,21.950458512512057
9,48,23.25623110030089
9,49,21.11028304205145
9,50,21.623811605879464
9,51,20.62591517878042
9,52,20.06647792051136
9,53,17.76348972947156
9,54,19.600327855960813
9,55,17.652535305909456
9,56,19.787915617273455
9,57,17.95575738330128
9,58,14.458870992712306
9,59,14.471929638948401
9,60,12.194636799849231
9,61,14.916279468491659
9,62,13.424019334044987
9,63,10.785110840633823
9,64,10.601628480673716
9,65,10.973957826606867
9,66,9.350481751120416
9,67,10.518387308977815
9,68,12.426005582019885
9,69,12.622437759100096
9,70,15.811482330687575
9,71,16.38559646049298
9,72,19.2717685976121
9,73,18.52570230770626
9,74,21.829625870745918
9,75,23.619091981432764
9,76,22.981584487539713
9,77,20.36864781215059
9,78,17.953428901456345
9,79,14.894190033660001
9,80,12.231399565576918
9,81,11.205173820797697
9,82,8.598297957569638
9,83,10.108810804699853
9,84,13.090923238936004
9,85,14.022077147314224
9,86,14.60344885695946
9,87,11.452363743828103
9,88,9.264309943446074
9,89,7.062430379245951
9,90,10.140695211967532
9,91,10.446002875053967
9,92,14.060255521096055
9,93,15.417773442628626
9,94,19.055590650084568
9,95,20.672918016362996
9,96,24.317222764402143
10,1,22.65309851764449
10,2,21.457400004329024
10,3,18.640361910645893
10,4,16.211068573816572
10,5,16.73451355870038
10,6,13.778971895815646
10,7,10.61349043463922
10,8,6.945966484771176
10,9,3.848524983788923
10,11,3.895835242400051
10,12,5.792697569297204
10,13,7.6640031178974635
10,14,9.124150743496312
10,15,12.285149590110548
10,16,15.229513179083407
10,17,17.28802858247916
10,18,21.09979394979404
10,19,21.7823941590076
10,20,18.86206432275221
10,21,16.78177353380327
10,22,13.216192221391335
10,23,10.751472833581374
10,24,7.165277548159465
10,25,5.750875953515468
10,26,4.677465190833274
10,27,6.4543136026131025
10,28,9.3972658160019
10,29,10.278801376281995
10,30,13.688917401918312
10,31,16.86504289794231
10,32,18.17281866461219
10,33,17.32795155344016
10,34,18.332808215547956
10,35,17.494985191029443
10,36,16.56788709865164
10,37,13.268433125377065
10,38,14.46395275120806
10,39,12.409626092554966
10,40,14.439731574620705
10,41,14.991870832709525
10,42,17.407517305757207
10,43,19.676585102931277
10,44,20.326377471689423
10,45,21.695973197029865
10,46,19.284192739422824
10,47,22.2150979291216
10,48,23.03360508973378
10,49,20.77113640512956
10,50,20.59019125427773
10,51,19.09955083868559
10,52,18.611970336844504
10,53,16.513874321372047
10,54,17.912396867010912
10,55,16.35016767528425
10,56,19.086442117660827
10,57,17.98322449101672
10,58,14.404990653800704
10,59,14.994247090425498
10,60,13.44870694391789
10,61,16.098070730337895
10,62,15.08744696336985
10,63,13.072432411059
10,64,11.968947071349225
10,65,11.513517429020073
10,66,8.732637134836322
10,67,9.740123549517898
10,68,10.519405738548306
10,69,10.879077363451781
10,70,13.55134815396483
10,71,14.247042583113911
10,72,16.951509292406936
10,73,16.329474478822593
10,74,19.685300347713238
10,75,21.184819097168003
10,76,20.651156338017422
10,77,18.448590530669012
10,78,16.327496233837685
10,79,13.887503939524601
10,80,11.381536967309414
10,81,11.608137680450506
10,82,9.63386678115908
10,83,12.222483887645797
10,84,15.56488650267262
10,85,16.61509341056623
10,86,16.867189018027293
10,87,13.963722020408971
10,88,11.651283408305638
10,89,8.501503046478264
10,90,10.3987045095047
10,91,9.279395196756674
10,92,12.467187158733857
10,93,13.041798097209771
10,94,16.42227375630204
10,95,17.788048456387312
10,96,21.26340175616071
11,1,23.722057021461495
11,2,23.09576887702454
11,3,20.752858297866876
11,4,18.31755444875973
11,5,19.079091098988542
11,6,15.883657030192335
11,7,13.114712549644448
11,8,9.596190430813794
11,9,6.339805192269858
11,10,3.895835242400051
11,12,3.84224344810733
11,13,7.300724616037883
11,14,9.758937877019948
11,15,12.207117886653856
11,16,15.701793798084044
11,17,17.40733949682746
11,18,21.257489591377897
11,19,22.431744884121162
11,20,19.994754629292267
11,21,17.775726712825623
11,22,14.277108868874937
11,23,11.401582941598868
11,24,8.428214681048038
11,25,5.656990274194052
11,26,5.875490244757625
11,27,6.704579985065381
11,28,10.375194039889436
11,29,11.261478742012198
11,30,14.987095123438166
11,31,17.844144840723576
11,32,19.206657020299456
11,33,17.70591548619686
11,34,18.660762601917547
11,35,18.574388200861108
11,36,18.1700428003519
11,37,15.344066519010884
11,38,17.256432607909662
11,39,15.39843273637029
11,40,17.6896845937005
11,41,18.346114303108482
11,42,21.003761255739978
11,43,23.232133033863384
11,44,23.863067163538318
11,45,25.439566915762992
11,46,23.099991676877067
11,47,26.005942514114167
11,48,26.638965674857197
11,49,24.206930026989077
11,50,23.746629958546414
11,51,21.839309284973446
11,52,21.003139191069714
11,53,18.637398697199288
11,54,19.33643045989054
11,55,17.47680529134515
11,56,20.340168054660356
11,57,19.43804851681758
11,58,15.640916434175224
11,59,15.642453062286986
11,60,13.947379030617759
11,61,15.779931127343914
11,62,14.452037039708236
11,63,12.66619881733613
11,64,10.462082161807203
11,65,10.1564610881185
11,66,7.3447679840215745
11,67,9.568867182776728
11,68,10.280532990184474
11,69,11.908584691702755
11,70,14.500012703730913
11,71,16.020199650947305
11,72,18.859644751425428
11,73,18.77166429430365
11,74,22.235021511997697
11,75,23.569025520115297
11,76,23.204020377263774
11,77,21.379324715972086
11,78,19.505669878174437
11,79,17.43327608331856
11,80,14.937567935664145
11,81,15.347920851638111
11,82,13.102022369697846
11,83,15.416475251978275
11,84,18.853984946990778
11,85,20.106959960468973
11,86,20.53106084385304
11,87,17.445998967938902
11,88,15.235120213757053
11,89,12.30659074897512
11,90,14.267634157024446
11,91,12.846514136332921
11,92,15.675045512592291
11,93,15.744316274880791
11,94,18.733107958737182
11,95,19.769611883507565
11,96,22.92522775256336
12,1,26.288327944669025
12,2,25.724349714583457
12,3,23.267469984888386
12,4,21.183752506803085
12,5,22.149869833817633
12,6,19.177251832291248
12,7,16.243648597515165
12,8,12.5483546408985
12,9,9.32519232492067
12,10,5.792697569297204
12,11,3.84224344810733
12,13,3.865721939734229
12,14,6.674540435659269
12,15,8.796371654490496
12,16,12.490989129378267
12,17,14.405891548574662
12,18,18.141489410665823
12,19,19.7368793672482
12,20,17.453833154207736
12,21,15.682523955472776
12,22,12.073659628413171
12,23,9.780116495093926
12,24,7.746457513523781
12,25,6.196299978044016
12,26,8.21056529791755
12,27,10.152560845311074
12,28,13.835756689083953
12,29,14.966825677606149
12,30,18.627967024763972
12,31,21.501427986099905
12,32,22.63972286205009
12,33,21.04067883235952
12,34,21.675952116518303
12,35,21.366583590226455
12,36,20.484638479557425
12,37,17.484019947111364
12,38,19.1693922749081
12,39,16.67339011128492
12,40,18.319748236073725
12,41,18.27688011330315
12,42,20.90109365986286
12,43,22.683070136399387
12,44,23.11349753916124
12,45,25.207012091163914
12,46,23.227184167400626
12,47,26.24229487859239
12,48,26.52271948204085
12,49,24.17201803356812
12,50,23.13284300201256
12,51,20.93911935604967
12,52,20.36899965708816
12,53,18.454198239446303
12,54,18.80038610312425
12,55,17.563246491686684
12,56,20.877862284880326
12,57,20.659076449062585
12,58,17.049680167848628
12,59,17.684885194267768
12,60,16.666447930668124
12,61,18.564183042827885
12,62,17.70287399582887
12,63,16.296955062755835
12,64,13.922470517278096
12,65,13.064118472973313
12,66,9.697050061240269
12,67,11.218803231214311
12,68,10.571327842254272
12,69,12.028292392438564
12,70,13.690385575079253
12,71,15.07047625553245
12,72,17.412641438607935
12,73,17.307442953960486
12,74,20.568159664863206
12,75,21.44325143025014
12,76,21.078087725328565
12,77,19.700790174882968
12,78,18.309190972396582
12,79,16.92279111815657
12,80,14.903664370386597
12,81,16.251717500117795
12,82,14.725502359498588
12,83,17.64944772270439
12,84,21.159420845641556
12,85,22.30554697489977
12,86,22.35519786161619
12,87,19.473323184253484
12,88,17.317344317482746
12,89,13.90299303886512
12,90,14.931119158740952
12,91,12.576755655406009
12,92,14.63588478720641
12,93,13.982872165734921
12,94,16.43070991447401
12,95,17.247808727691492
12,96,20.063049021194058
13,1,28.796735207784028
13,2,27.965846320846055
13,3,25.203439069505027
13,4,23.302467690717418
13,5,24.15913504115701
13,6,21.39499560390788
13,7,18.170760243752994
13,8,14.518371215352138
13,9,11.394294113715613
13,10,7.6640031178974635
13,11,7.300724616037883
13,12,3.865721939734229
13,14,3.829227119276906
13,15,6.444513433173637
13,16,9.922627756491737
13,17,12.603984189809658
13,18,16.0762054973889
13,19,17.890920087054095
13,20,15.415498168204971
13,21,14.4411462757983
13,22,10.693648068899863
13,23,9.641404275200696
13,24,8.356527677226454
13,25,8.541142317152298
13,26,10.745120232812532
13,27,13.260304513187313
13,28,16.711581359798117
13,29,17.75434707718069
13,30,21.300661534449848
13,31,24.38663135446684
13,32,25.498566899712582
13,33,24.179166779325893
13,34,24.737282262761383
13,35,23.994888567624393
13,36,22.626089088541857
13,37,19.325336947965614
13,38,20.42227556689221
13,39,17.433193517058335
13,40,18.288560658662526
13,41,17.433408511276507
13,42,19.676320361170994
13,43,20.8655312437611
13,44,20.899194514623694
13,45,23.357179467608837
13,46,21.857421495323745
13,47,25.03558958055322
13,48,25.177495610023488
13,49,23.155881799526032
13,50,21.746710402263872
13,51,19.637662782115086
13,52,19.682288072302697
13,53,18.469989697622136
13,54,18.939438626332706
13,55,18.476016826618682
13,56,22.018213181838515
13,57,22.197349077137407
13,58,18.889130237415337
13,59,20.170640463085736
13,60,19.539417417495773
13,61,21.797219146437364
13,62,21.19037903882308
13,63,19.73663064230964
13,64,17.632614545055116
13,65,16.652408641140514
13,66,13.110577362999093
13,67,13.93165743406337
13,68,12.589114818973334
13,69,13.200261917320196
13,70,14.018649790616434
13,71,14.62949797796341
13,72,16.214716430897557
13,73,15.591290372253667
13,74,18.410928471613676
13,75,18.71523526366231
13,76,18.038185674302323
13,77,16.85850070641196
13,78,16.057692940878297
13,79,15.231847171911902
13,80,13.993662694394748
13,81,16.10797142208067
13,82,15.490954488655863
13,83,18.848066378947767
13,84,22.190173701736562
13,85,22.977021677138083
13,86,22.495508133818635
13,87,19.85821021012579
13,88,17.977660878606216
13,89,14.23185299905405
13,90,14.266647335342721
13,91,11.189162199591268
13,92,12.318451588705223
13,93,11.261700408444542
13,94,13.207420926642632
13,95,14.220665536931214
13,96,16.81017033107762
14,1,28.29758993072874
14,2,27.399492242067904
14,3,24.5361384178321
14,4,23.1349165946979
14,5,24.31288883141989
14,6,22.03112995389061
14,7,18.96155659822496
14,8,15.274685512033722
14,9,12.848744849080681
14,10,9.124150743496312
14,11,9.758937877019948
14,12,6.674540435659269
14,13,3.829227119276906
14,15,3.7978561959626624
14,16,6.565268753780206
14,17,9.489030663018683
14,18,12.94140643744137
14,19,14.398423911069061
14,20,11.688152918447148
14,21,10.951760424754337
14,22,7.201628847962623
14,23,7.151247661992542
14,24,6.889414067858796
14,25,8.726996060499205
14,26,11.305306703164625
14,27,14.552142300490402
14,28,17.720789842686663
14,29,19.298998998704374
14,30,22.530045305228057
14,31,25.47255200603982
14,32,26.125923989178474
14,33,24.876976345834148
14,34,25.074222912251923
14,35,23.865297161015835
14,36,21.93767628157657
14,37,18.56647115206432
14,38,19.33524461684353
14,39,15.93676806028523
14,40,16.167969713652788
14,41,14.866593859983452
14,42,17.191450229324474
14,43,18.235667688066943
14,44,18.562071607128757
14,45,21.35830462796672
14,46,19.87952982161938
14,47,22.81738752563962
14,48,22.49485160453525
14,49,20.399127298694808
14,50,18.584278670530942
14,51,16.26134881558449
14,52,16.463863974615926
14,53,15.694379663612224
14,54,16.11345540315843
14,55,16.285168598728188
14,56,19.94467170668811
14,57,20.589895241710355
14,58,17.699419284294837
14,59,19.652180577020623
14,60,19.698400824453564
14,61,22.26915223815924
14,62,22.28706854142074
14,63,21.22270895833476
14,64,19.491928060969602
14,65,17.884176014972034
14,66,14.11134340456572
14,67,13.893698450633897
14,68,11.81991416842999
14,69,11.551995587067541
14,70,11.525942221648165
14,71,11.570839388875942
14,72,12.672932309202906
14,73,12.02952625648718
14,74,14.773881223526768
14,75,15.105997617095053
14,76,14.804004946323685
14,77,14.047678807015027
14,78,13.191701539144049
14,79,13.022611411675282
14,80,11.940556756508323
14,81,14.709447120986788
14,82,14.681328197640637
14,83,18.353682928488922
14,84,21.69764267144579
14,85,22.66523775039114
14,86,22.219354774165843
14,87,20.13531662296392
14,88,17.946753289180517
14,89,14.200295557001846
14,90,13.494901348922372
14,91,10.04221510599989
14,92,10.615748977124678
14,93,8.572170578511674
14,94,10.259310880251203
14,95,10.681440906714647
14,96,13.388543769255191
15,1,29.631140062486324
15,2,29.112206380807724
15,3,26.512349774783257
15,4,25.483930443087356
15,5,27.06409900234472
15,6,24.938345995624847
15,7,22.124581182781153
15,8,18.348890644957415
15,9,16.07064779893371
15,10,12.285149590110548
15,11,12.207117886653856
15,12,8.796371654490496
15,13,6.444513433173637
15,14,3.7978561959626624
15,16,3.8586458619934896
15,17,6.233253968295231
15,18,9.638199374514596
15,19,11.665905482216848
15,20,9.715617309109502
15,21,9.233076700807437
15,22,6.182322227832691
15,23,6.874778141638277
15,24,8.431240097199915
15,25,10.337458606275357
15,26,13.618878366326397
15,27,16.947705681150264
15,28,20.230083809580847
15,29,22.19062726711292
15,30,25.40325662262094
15,31,28.080546808396267
15,32,28.410905906501082
15,33,26.794813579326537
15,34,26.637043068256897
15,35,25.552168644482077
15,36,23.530469081967723
15,37,20.44767129475081
15,38,21.48846901458882
15,39,18.0098222351943
15,40,18.088992239705433
15,41,16.716472170367073
15,42,19.251887109979513
15,43,20.164235599984522
15,44,20.720771163904452
15,45,23.827188711078144
15,46,22.424823802285296
15,47,25.071462074603183
15,48,24.227552887775648
15,49,21.952009100680712
15,50,19.614110466874486
15,51,16.76476376895052
15,52,16.682542087090763
15,53,16.065702202189595
15,54,15.629002022191186
15,55,16.16688333874249
15,56,19.979849673123248
15,57,21.26667500831823
15,58,18.631623594719276
15,59,20.713901861394994
15,60,21.269004870889276
15,61,23.52730906417043
15,62,23.919379332469603
15,63,23.35726011469116
15,64,21.34807272942608
15,65,19.298769138498912
15,66,15.44983355125769
15,67,14.967197626903046
15,68,12.127131177956048
15,69,12.135696509774762
15,70,11.115524045161852
15,71,11.573539074899836
15,72,12.232517407839143
15,73,12.392479129290605
15,74,14.93613098668669
15,75,15.040456013525633
15,76,15.38212941501788
15,77,15.560130144144464
15,78,14.969779972068924
15,79,15.563540844216787
15,80,14.511598090196799
15,81,17.5154011185396
15,82,17.480959742198433
15,83,21.154866633940454
15,84,24.620684619974217
15,85,25.88580197301121
15,86,25.62618437687292
15,87,23.71701790139652
15,88,21.317514140271733
15,89,17.670107749236557
15,90,16.87437815221158
15,91,13.3971713092928
15,92,13.545047242465023
15,93,10.729209236593496
15,94,11.387364570852213
15,95,10.60390307083604
15,96,12.511579044442584
16,1,30.932875637207676
16,2,30.329759961905594
16,3,27.66694295123706
16,4,27.0652729529549
16,5,28.791773328058245
16,6,27.061940032678883
16,7,24.349319044273734
16,8,20.698060578358582
16,9,18.85153943621041
16,10,15.229513179083407
16,11,15.701793798084044
16,12,12.490989129378267
16,13,9.922627756491737
16,14,6.565268753780206
16,15,3.8586458619934896
16,17,3.845769899060172
16,18,6.543175814328158
16,19,8.373253424363906
16,20,6.36605004004227
16,21,7.156913600854995
16,22,5.266985817400178
16,23,7.923933923239247
16,24,10.381854942712168
16,25,13.10549647136121
16,26,16.247408663335985
16,27,19.83115124625989
16,28,22.825711382343734
16,29,24.988169934984814
16,30,27.952468449476562
16,31,30.551154277030804
16,32,30.593987096377983
16,33,29.112017524878187
16,34,28.711919743116322
16,35,27.256877299942257
16,36,24.80557622783995
16,37,21.752544002270835
16,38,22.383231031045614
16,39,18.68794197241144
16,40,18.033292189145417
16,41,16.117347815759803
16,42,18.418547770561126
16,43,18.89072431485441
16,44,19.55773633935666
16,45,22.97304885610275
16,46,21.841498197830937
16,47,24.182676409247062
16,48,22.845753704739845
16,49,20.703471667036514
16,50,17.859097424880233
16,51,14.87802756170746
16,52,15.162569888380864
16,53,15.35264503854683
16,54,14.763570948513651
16,55,16.20353354612628
16,56,19.946237448695545
16,57,21.739664624644327
16,58,19.677020057618833
16,59,22.282121433865722
16,60,23.35101399332199
16,61,25.801089435195795
16,62,26.60627623437547
16,63,26.25059047142242
16,64,24.52791370534559
16,65,22.199969139326853
16,66,18.35454481644456
16,67,17.228318588989655
16,68,14.048462422354001
16,69,13.254599146911977
16,70,11.221318509060838
16,71,10.827220747309289
16,72,10.304064732336455
16,73,10.458596730945239
16,74,12.348025244486914
16,75,12.065878075899086
16,76,12.904554390640183
16,77,13.925995041699753
16,78,13.690308086517037
16,79,15.207735600729169
16,80,14.680269977013477
16,81,18.122162356635883
16,82,18.722931361877368
16,83,22.4851551057332
16,84,25.77040858366376
16,85,27.030053704204303
16,86,26.669401610651224
16,87,25.244796155946837
16,88,22.817686525466183
16,89,19.291958771736947
16,90,17.859704153769933
16,91,14.319008224136251
16,92,13.691522828922494
16,93,10.18805581243323
16,94,9.799798091075694
16,95,7.896658207091336
16,96,9.22082082742228
17,1,30.418230790554627
17,2,30.221714596402347
17,3,27.91707036977628
17,4,27.724348092843037
17,5,29.886708567698776
17,6,28.38133961334565
17,7,26.050159890191956
17,8,22.372404863653802
17,9,20.82942796364916
17,10,17.28802858247916
17,11,17.40733949682746
17,12,14.405891548574662
17,13,12.603984189809658
17,14,9.489030663018683
17,15,6.233253968295231
17,16,3.845769899060172
17,18,3.8998407489138383
17,19,5.747397036281065
17,20,5.3487855424481126
17,21,5.518802353695929
17,22,5.590015021005771
17,23,7.991179031340215
17,24,11.395111872875713
17,25,13.953793854489351
17,26,17.367768660481605
17,27,20.941549469491356
17,28,23.863362831885187
17,29,26.45309322322668
17,30,29.274951119885035
17,31,31.507787812030394
17,32,31.142276697704926
17,33,29.341137089845688
17,34,28.5590418582179
17,35,27.2075246585958
17,36,24.718911255373275
17,37,22.081993011091413
17,38,23.047984831979143
17,39,19.48987883072286
17,40,18.96301276390115
17,41,17.43531943631566
17,42,20.116521188804604
17,43,20.888429474726916
17,44,22.08666949886796
17,45,25.466046275135344
17,46,24.06155715529925
17,47,25.98114874704925
17,48,24.227847501481477
17,49,21.72077008826392
17,50,18.683353828520136
17,51,15.224262021625366
17,52,14.779962290516883
17,53,14.79567939414515
17,54,13.273600820949325
17,55,14.882929268870276
17,56,18.545627632097492
17,57,20.869677147347755
17,58,19.15174621705688
17,59,21.788329519506117
17,60,23.361178812631668
17,61,25.501123148963114
17,62,26.746967110644903
17,63,26.937880759770408
17,64,25.162066107443046
17,65,22.39283938003806
17,66,18.66369745822243
17,67,17.158230186368062
17,68,13.55969322855217
17,69,12.946694968615237
17,70,10.188380445764505
17,71,10.437195419713804
17,72,9.877866802081412
17,73,11.327913252669518
17,74,13.280831026772855
17,75,13.475647302029804
17,76,15.201566534663723
17,77,16.661040336737923
17,78,16.062376833607914
17,79,17.69152523599829
17,80,16.704196344328103
17,81,19.954897309330644
17,82,20.253924197600853
17,83,23.8508686315911
17,84,27.25686547000088
17,85,28.952347139919954
17,86,29.00643831771194
17,87,27.728533402997577
17,88,24.950638369977916
17,89,21.63898422580062
17,90,20.46469224012962
17,91,17.190591039023808
17,92,16.891068119490544
17,93,13.330884832572373
17,94,12.967512025449937
17,95,10.289621425310047
17,96,11.081624594768531
18,1,33.46158863954927
18,2,33.31738819516391
18,3,31.06507415017798
18,4,31.126751043737595
18,5,33.36157906887231
18,6,32.02985152140411
18,7,29.729755723254282
18,8,26.108865937135008
18,9,24.635639413449578
18,10,21.09979394979404
18,11,21.257489591377897
18,12,18.141489410665823
18,13,16.0762054973889
18,14,12.94140643744137
18,15,9.638199374514596
18,16,6.543175814328158
18,17,3.8998407489138383
18,19,3.8740438266093107
18,20,5.672896458963589
18,21,7.497088434909749
18,22,8.894692839918548
18,23,11.699369388555743
18,24,15.179593060837226
18,25,17.83460632292528
18,26,21.216571507076203
18,27,24.815110363788545
18,28,27.67172188264143
18,29,30.301531754465422
18,30,33.05920316539987
18,31,35.24888474272701
18,32,34.75151927116887
18,33,32.953619385005474
18,34,32.02159608326336
18,35,30.57090482815864
18,36,27.918565413673768
18,37,25.3976266485434
18,38,26.169308614341897
18,39,22.57450723896206
18,40,21.622623251589744
18,41,19.76847574803815
18,42,22.12957225476175
18,43,22.438293515668793
18,44,23.560256167112808
18,45,27.135731407442794
18,46,26.07591658077256
18,47,27.75310285138053
18,48,25.62745094259661
18,49,23.343495155443332
18,50,19.93698033621008
18,51,16.514235199569644
18,52,16.352210130012384
18,53,17.022337343875044
18,54,15.22880536212843
18,55,17.42047107924478
