1,2,3.8821703791670212
1,3,6.573849156423883
1,4,9.548050097578201
1,5,11.934943580222466
1,6,15.02552601530343
1,7,16.063607533419276
1,8,19.598496942950025
1,9,21.527854690581776
1,10,23.08837985286724
1,11,25.693911588967957
1,12,27.888441900941718
1,13,27.205268533801252
1,14,28.78436986380156
1,15,29.743484358782645
1,16,30.517696390040896
1,17,34.12222653101546
1,18,33.097513192489885
1,19,30.686136940780415
1,20,26.99661999594094
1,21,25.534165689617634
1,22,23.278535795739383
1,23,21.071212118474058
1,24,20.046587675385332
1,25,17.536860865140493
1,26,16.894599592334718
1,27,14.42923771872887
1,28,16.47555749335129
1,29,14.096687166193885
1,30,12.033680026363452
1,31,8.482878481669887
1,32,9.469094888045547
1,33,8.253428064051892
1,34,5.265009556548459
1,35,5.603404487136229
1,36,8.866805738492953
1,37,9.777800982925118
1,38,13.198981383077541
1,39,16.05563787634343
1,40,19.93042316880381
1,41,22.557428797726022
1,42,26.373172032941095
1,43,29.494664485056617
1,44,28.73103911099768
1,45,25.08668196948834
1,46,24.149470275203665
1,47,24.710839198877505
1,48,21.86498343114929
1,49,24.25177723771964
1,50,23.043720727583526
1,51,21.454196648853404
1,52,18.195122815338163
1,53,19.322962926142033
1,54,16.52213687324794
1,55,14.354870813645636
1,56,10.575895044835645
1,57,11.265649687519067
1,58,9.95716292634132
1,59,10.173303872758936
1,60,11.563635230638207
1,61,13.59896858581692
1,62,15.37112018264891
1,63,18.328361805048427
1,64,16.237216465413272
1,65,17.794696405741693
1,66,15.69321066910965
1,67,18.357074152351682
1,68,18.010700717590744
1,69,20.854667533429318
1,70,21.576346856468977
1,71,24.52739230682155
1,72,25.397652752147092
1,73,28.355502317616548
1,74,31.91401581336285
1,75,32.497326764865946
1,76,30.27579256246596
1,77,26.45175600108077
1,78,23.968283771643236
1,79,20.656046236461357
1,80,17.743079336732222
1,81,15.18260053724996
1,82,13.236826936321448
1,83,13.125110884233303
1,84,16.621143974057063
1,85,20.23112624549994
1,86,19.64722684682964
1,87,17.32927370330554
1,88,19.1098552716662
1,89,21.62286816631243
1,90,24.331202580047353
1,91,27.447517524437536
1,92,28.539010903336766
1,93,31.77509440029759
1,94,32.38322059762714
1,95,36.22453960019691
2,1,3.8821703791670212
2,3,3.8320032517592866
2,4,7.037038127104921
2,5,9.593542488524085
2,6,12.291483747192398
2,7,13.17244646497686
2,8,16.680646162577187
2,9,18.644276291404744
2,10,20.672581972558767
2,11,23.188886044417686
2,12,25.102382287857072
2,13,24.357077687253277
2,14,26.226281002280384
2,15,27.143923287055962
2,16,28.279765274190662
2,17,31.97623887977627
2,18,30.951672211162073
2,19,28.271128741472264
2,20,24.625117923876683
2,21,22.953841985076405
2,22,20.87178490078521
2,23,18.42387109445896
2,24,17.73188361031369
2,25,15.014633369575986
2,26,14.737667747989635
2,27,12.60191080938311
2,28,14.598510921231851
2,29,12.515085058010277
2,30,11.418607244942017
2,31,8.615012388584523
2,32,9.997236290445604
2,33,9.456706268748786
2,34,5.736054709134038
2,35,4.340171546878493
2,36,6.08007942264157
2,37,6.11332137706551
2,38,9.779028046065232
2,39,12.642374397346476
2,40,16.482320565705837
2,41,19.002496932983618
2,42,22.803335309959017
2,43,25.800555170684426
2,44,25.02957483255305
2,45,21.32929835304134
2,46,20.58154417737604
2,47,21.363291827849004
2,48,18.64274213444259
2,49,21.133910289274763
2,50,20.110658990637024
2,51,18.95183044077571
2,52,15.889714552741252
2,53,17.58666318906802
2,54,15.085527014310895
2,55,13.59506031259878
2,56,9.784552256163012
2,57,9.870489025209105
2,58,9.44119797770452
2,59,9.416598388596213
2,60,11.97913876917006
2,61,13.617272740742452
2,62,14.628133847902914
2,63,17.501169601319045
2,64,15.306696307207266
2,65,16.292873295700222
2,66,14.076211633482963
2,67,16.696169902776536
2,68,15.88178258673148
2,69,18.743567262296665
2,70,19.085522603967636
2,71,21.908732633692576
2,72,22.366732989283605
2,73,25.286132483621376
2,74,28.750306183854665
2,75,29.08476758367734
2,76,26.69166267057442
2,77,22.8898231025804
2,78,20.244924259530528
2,79,17.028520706158588
2,80,13.956901873102725
2,81,11.54861805022228
2,82,9.52086967428139
2,83,9.41201195568931
2,84,13.027736466773339
2,85,16.595054266591468
2,86,16.182921581345973
2,87,13.662751669398821
2,88,15.439290946259659
2,89,17.828660410853654
2,90,20.643556512682476
2,91,23.7663449963052
2,92,25.045749688055565
2,93,28.31340840961872
2,94,29.14756697553339
2,95,33.007951163932134
3,1,6.573849156423883
3,2,3.8320032517592866
3,4,3.834091807762407
3,5,5.772945146344838
3,6,8.614283667284749
3,7,9.991155381451975
3,8,13.758136842818207
3,9,16.24332887158925
3,10,18.24312777276114
3,11,21.12526214827661
3,12,23.260155090469688
3,13,23.035432914202637
3,14,25.27554740880966
3,15,26.64410185219599
3,16,28.152278833898503
3,17,31.964231174832783
3,18,31.338511571852415
3,19,28.6259189994219
3,20,24.928329910990673
3,21,22.722227937433367
3,22,20.33626909119448
3,23,17.368482537231266
3,24,16.216418891511726
3,25,12.975047684155076
3,26,12.03613228441689
3,27,9.466694697540017
3,28,10.96311531780301
3,29,8.789617801554181
3,30,8.20934805499867
3,31,6.307143772896529
3,32,8.1890612856449
3,33,8.799284086351557
3,34,5.799693034285419
3,35,5.710900479030782
3,36,5.913893314465439
3,37,6.354184529298719
3,38,9.779203358363064
3,39,13.084829942625475
3,40,16.709138365673375
3,41,19.194316502076195
3,42,22.91950532500032
3,43,25.497344735616995
3,44,24.77920775480985
3,45,20.933068133272528
3,46,20.776742859504818
3,47,22.099340653329918
3,48,19.64925943389269
3,49,22.103732688018926
3,50,21.089053740070664
3,51,20.261008453524415
3,52,17.214408460509034
3,53,18.967389683309957
3,54,16.31231246328969
3,55,15.59894560769763
3,56,11.882135939798586
3,57,10.679448109313842
3,58,9.721543985196222
3,59,8.23874825803881
3,60,11.023100369832003
3,61,11.616344880777843
3,62,11.773627586725627
3,63,14.884812978879378
3,64,13.252956658366791
3,65,14.47860110378367
3,66,13.01670641685392
3,67,16.13397502717361
3,68,15.7406291070022
3,69,19.006623859349467
3,70,19.575132886186896
3,71,22.566405073283992
3,72,22.742784930705163
3,73,25.82998449810657
3,74,29.026246140946192
3,75,28.919110970162112
3,76,26.22548310692307
3,77,22.500168695512283
3,78,19.480177936212282
3,79,16.281585047255003
3,80,12.97962098341958
3,81,10.079683440321096
3,82,7.3470128752368815
3,83,7.620678840976996
3,84,11.154968233257069
3,85,14.390481416651625
3,86,13.283526995187902
3,87,11.082700033337195
3,88,13.123111634248605
3,89,16.068449224335026
3,90,19.03035543334076
3,91,22.475078379009993
3,92,24.105444573999964
3,93,27.61994604689774
3,94,28.86563219182504
3,95,32.65954702062425
4,1,9.548050097578201
4,2,7.037038127104921
4,3,3.834091807762407
4,5,3.838071518208589
4,6,7.132226312025925
4,7,9.780114325028036
4,8,13.678256270768513
4,9,16.780903578790475
4,10,19.014957285141108
4,11,22.122053682506206
4,12,24.188407209379932
4,13,24.31582905572757
4,14,26.965912093257373
4,15,28.49971734503873
4,16,30.397777606667912
4,17,34.25368420767256
4,18,33.75321659738591
4,19,30.86581940000172
4,20,27.269721826325565
4,21,24.79455040417697
4,22,22.483197569868974
4,23,19.181383234703766
4,24,17.989130120899908
4,25,14.3776167231102
4,26,12.96994206596919
4,27,10.08188028590552
4,28,10.176310940532941
4,29,7.384521284501987
4,30,7.213795294294534
4,31,6.948287917273125
4,32,9.907025905973864
4,33,11.437010324679463
4,34,9.179312367545087
4,35,9.535493389091627
4,36,9.08430317512893
4,37,8.578720962500618
4,38,11.764144527797269
4,39,14.696796826047887
4,40,17.951566287132827
4,41,19.89474718013052
4,42,23.355198899763817
4,43,25.536958822302392
4,44,24.45350101856069
4,45,20.65510623074219
4,46,20.6508421862037
4,47,22.593396030961532
4,48,20.704192506176234
4,49,23.457849591136437
4,50,22.91315243641093
4,51,22.64201462180826
4,52,19.93267494384566
4,53,22.035407378648387
4,54,19.60785102728317
4,55,19.187638576369956
4,56,15.556001101093766
4,57,14.15437925047187
4,58,13.234856016039677
4,59,11.134960300377074
4,60,13.719079852755174
4,61,13.35082122059023
4,62,12.513621050112393
4,63,15.895907511529964
4,64,15.062493374973608
4,65,16.40148401882233
4,66,15.5601846856981
4,67,18.79636891724509
4,68,18.39824870566371
4,69,21.682788661892197
4,70,22.00849878344053
4,71,24.795711856757574
4,72,24.454378676460326
4,73,27.359770513239706
4,74,30.344496194083863
4,75,29.7842009867891
4,76,26.748943322405708
4,77,23.20570609465127
4,78,19.795658730984407
4,79,17.04663953137494
4,80,13.403680342640234
4,81,10.90625466321733
4,82,7.299382699477704
4,83,6.387625612614937
4,84,9.026751985034913
4,85,12.09432633905322
4,86,10.813214682468791
4,87,9.632661891156099
4,88,12.548271752098623
4,89,15.66613429288105
4,90,19.017508838963135
4,91,22.597981686847863
4,92,24.764225732977614
4,93,28.34115942922196
4,94,30.042762344983828
4,95,33.78009000443545
5,1,11.934943580222466
5,2,9.593542488524085
5,3,5.772945146344838
5,4,3.838071518208589
5,6,3.8039691058288576
5,7,6.901241670911211
5,8,10.769792549275866
5,9,14.175482929613107
5,10,16.057428233832987
5,11,19.430323740288145
5,12,21.786254465261457
5,13,22.43100323350325
5,14,25.205781559192125
5,15,27.176829646196936
5,16,29.22323553084856
5,17,33.094459747659776
5,18,33.021974572019026
5,19,30.294844846879133
5,20,26.673818862356683
5,21,23.815483341680295
5,22,21.17642213227512
5,23,17.621791411399567
5,24,15.905601492342479
5,25,12.11371714473969
5,26,10.019010343080081
5,27,6.9268266112775345
5,28,6.379669419818441
5,29,3.9464880171680035
5,30,5.508241406579623
5,31,6.817968789062559
5,32,8.97045354379052
5,33,11.122452160484814
5,34,9.795472125353955
5,35,10.64388106244067
5,36,9.546927051341484
5,37,9.995582892903187
5,38,12.333296106444072
5,39,15.57776290510247
5,40,18.547490760756123
5,41,20.714736820562095
5,42,24.099303041622395
5,43,25.93864957318837
5,44,25.251958662438575
5,45,21.39873881348156
5,46,22.06138899686395
5,47,24.10617332709737
5,48,22.192428003880377
5,49,24.550991761116595
5,50,23.68229265534292
5,51,23.38110899906345
5,52,20.568814751388295
5,53,22.37696146080233
5,54,19.7548987316988
5,55,19.91675726532377
5,56,16.509178751016396
5,57,14.254809891179754
5,58,12.96808722772697
5,59,10.067260731540697
5,60,12.504476578459455
5,61,11.246780873223098
5,62,9.531850826456951
5,63,12.780396179794764
5,64,12.508858966075195
5,65,13.962274577801637
5,66,13.929445717463718
5,67,17.383569578482657
5,68,17.537448514305257
5,69,21.058791627114353
5,70,21.803457641088226
5,71,24.807400468440758
5,72,24.51881092441797
5,73,27.660007607375817
5,74,30.37619904018703
5,75,29.598177139969856
5,76,26.51491461224753
5,77,23.085714455098184
5,78,19.63943534622073
5,79,16.80334900533005
5,80,13.481059512774214
5,81,10.468901163702855
5,82,7.241878829585608
5,83,7.858153467666551
5,84,10.117541155178264
5,85,12.224516971256495
5,86,9.813785962911307
5,87,8.823695671347702
5,88,11.246951470674475
5,89,14.855906260489597
5,90,17.901960444051802
5,91,21.667608330952337
5,92,23.848692985540996
5,93,27.59160568078866
5,94,29.458622195306262
5,95,33.05211738255428
6,1,15.02552601530343
6,2,12.291483747192398
6,3,8.614283667284749
6,4,7.132226312025925
6,5,3.8039691058288576
6,7,3.8288718991333033
6,8,7.339871752625266
6,9,11.007335195936303
6,10,13.055051565691285
6,11,16.417195892606415
6,12,18.658620627694923
6,13,19.628312822366826
6,14,22.654161511833884
6,15,24.84876560504377
6,16,27.201836029829384
6,17,31.049612614780607
6,18,31.259088628498276
6,19,28.53434296514359
6,20,25.044785711219085
6,21,21.87177397699471
6,22,19.244597502967558
6,23,15.488563388747922
6,24,13.76529338746266
6,25,9.928546247997902
6,26,7.882511638699597
6,27,5.870955361270945
6,28,4.747660952349648
6,29,4.917292637843327
6,30,8.209401211180067
6,31,10.052434526119363
6,32,11.263389723195226
6,33,13.366642556097949
6,34,12.23212148903255
6,35,12.548526208159393
6,36,10.418177878655777
6,37,10.86071041647351
6,38,12.06525840732822
6,39,15.10103008852724
6,40,17.501163370313627
6,41,19.61599619877246
6,42,22.767138326339623
6,43,24.191555158114767
6,44,23.850947812368887
6,45,20.049941895949733
6,46,21.357913347781103
6,47,23.52669989257907
6,48,21.77231870765815
6,49,23.77134862499116
6,50,22.82122853849327
6,51,22.79150720148049
6,52,20.21569794574813
6,53,22.031014351061383
6,54,19.64019193144336
6,55,20.52230697078618
6,56,17.54930556371207
6,57,14.732677566825942
6,58,13.884551074802133
6,59,10.949626654463673
6,60,13.632932463843717
6,61,11.997856986363859
6,62,9.475181315658384
6,63,11.858423463896393
6,64,11.80180554252092
6,65,12.540255376545014
6,66,13.018264213550458
6,67,16.22790105441921
6,68,16.42340918886989
6,69,19.870023120705028
6,70,20.61315954245333
6,71,23.530485454038118
6,72,23.01071503114331
6,73,26.182167844184665
6,74,28.554820853499788
6,75,27.4718815496329
6,76,24.313409114325463
6,77,21.098765545658345
6,78,17.632581310401807
6,79,14.975466687071878
6,80,12.058156730866841
6,81,9.099446206603488
6,82,6.651206232395713
6,83,8.376108265767991
6,84,9.991670978522418
6,85,11.00164295458465
6,86,7.876809115657776
6,87,6.877800396898728
6,88,8.57232029065312
6,89,12.381939402673117
6,90,15.129497498123676
6,91,18.954946121402564
6,92,21.24078339523886
6,93,25.04724118417461
6,94,27.15382156761421
6,95,30.583025779317886
7,1,16.063607533419276
7,2,13.17244646497686
7,3,9.991155381451975
7,4,9.780114325028036
7,5,6.901241670911211
7,6,3.8288718991333033
7,8,3.9425490326238246
7,9,7.302525318848637
7,10,9.5296110136956
7,11,12.725541551297166
7,12,14.947470658881526
7,13,15.873824765500169
7,14,18.85041685887459
7,15,21.140867097786963
7,16,23.505717198970288
7,17,27.336419367993233
7,18,27.70090207350531
7,19,25.08817436706585
7,20,21.62199017225051
7,21,18.311379316439773
7,22,15.592820169719726
7,23,11.794889694804866
7,24,10.06272340076572
7,25,6.2811320167389715
7,26,4.947814817352726
7,27,5.016015814840109
7,28,5.717371380822628
7,29,7.679181854685885
7,30,10.902582670733837
7,31,12.102884317817042
7,32,12.247487311137219
7,33,13.802272838968412
7,34,12.63684987148546
7,35,12.315830364643665
7,36,9.46770523557502
7,37,10.39689454018686
7,38,10.423206569228675
7,39,13.436880198953201
7,40,15.511807268865768
7,41,17.99334875092721
7,42,21.135752320263517
7,43,22.53357763108225
7,44,22.782162609784265
7,45,19.006207893571844
7,46,20.698708240297773
7,47,22.487944688367516
7,48,20.479116440906978
7,49,21.920033309332087
7,50,20.54840575877814
7,51,20.38267012316624
7,52,17.83372800951721
7,53,19.397253051453188
7,54,17.124721540155146
7,55,18.594396424412356
7,56,16.138182691243763
7,57,12.881140720662346
7,58,12.525996734839552
7,59,9.999822315835893
7,60,12.989300270366734
7,61,11.717779215064075
7,62,9.410300901407204
7,63,10.665140454870084
7,64,9.944420668379983
7,65,9.651068669970119
7,66,10.136091346533197
7,67,12.992984730322554
7,68,13.223519917228263
7,69,16.60678699005971
7,70,17.538800515697208
7,71,20.536066816806432
7,72,20.18961044933551
7,73,23.543347335974502
7,74,25.775612621541384
7,75,24.791207299588763
7,76,21.848740665779733
7,77,18.65466863278633
7,78,15.510806500090116
7,79,12.599824307922843
7,80,10.416238779660201
7,81,7.154444418557897
7,82,6.451458886440121
7,83,9.576490510179326
7,84,11.474748474840553
7,85,12.10918877605769
7,86,9.22055976227256
7,87,7.0626145901064366
7,88,6.85027696176944
7,89,10.568509716886199
7,90,12.609932394027929
7,91,16.383459918272703
7,92,18.267141757864596
7,93,22.11016243431265
7,94,24.049330382064475
7,95,27.406476107391143
8,1,19.598496942950025
8,2,16.680646162577187
8,3,13.758136842818207
8,4,13.678256270768513
8,5,10.769792549275866
8,6,7.339871752625266
8,7,3.9425490326238246
8,9,3.8655752911463197
8,10,6.331171014633452
8,11,9.326852960504354
8,12,11.422200894082827
8,13,12.872720316976197
8,14,16.062639050584014
8,15,18.684063326163397
8,16,21.330242021498776
8,17,25.051004028839383
8,18,25.817945599433052
8,19,23.349266266280118
8,20,20.12271574079817
8,21,16.50370871541234
8,22,13.82718441193507
8,23,10.023045490696644
8,24,8.33720693563559
8,25,5.380292453698938
8,26,5.134584747153135
8,27,7.427156515518502
8,28,8.003106372702863
8,29,10.96200055736572
8,30,14.410468406699035
8,31,15.767805624750887
8,32,15.402831845392024
8,33,16.788126320956973
8,34,15.885210212269987
8,35,15.309179837470536
8,36,12.145330188685216
8,37,13.106885961081169
8,38,12.039411915396599
8,39,14.485965080446743
8,40,15.729434371180307
8,41,18.13983889438043
8,42,20.88898221736408
8,43,21.81317288190634
8,44,22.616763561930597
8,45,19.087046735469627
8,46,21.39046415991237
8,47,23.07066376985848
8,48,21.19552823741958
8,49,22.04595440819869
8,50,20.47884985453831
8,51,20.485560071433824
8,52,18.279187889020754
8,53,19.60726606830951
8,54,17.68551983490313
8,55,19.854069082732945
8,56,18.038693773813137
8,57,14.511434735420025
8,58,14.57174721043032
8,59,12.400995248708954
8,60,15.155403581557453
8,61,13.788684694072558
8,62,11.313097210654337
8,63,11.254854932027659
8,64,10.692382499453975
8,65,9.294637559744055
8,66,10.40212004042792
8,67,12.46163563848273
8,68,12.841347283343689
8,69,15.85713312135053
8,70,16.88533210091912
8,71,19.704354234047123
8,72,19.251983980102725
8,73,22.602379788850705
8,74,24.357358198946724
8,75,23.132535824617097
8,76,20.30690509575427
8,77,17.493292217674387
8,78,14.69211603788736
8,79,12.12111618034926
8,80,11.054569073683286
8,81,8.457487458164781
8,82,9.227399024434884
8,83,12.54959461182543
8,84,13.889755152292265
8,85,13.609951763109224
8,86,10.733722586851615
8,87,8.789568406238066
8,88,6.875031573396099
8,89,9.911910010597667
8,90,10.840254380384657
8,91,14.402337951660325
8,92,16.089249677303087
8,93,19.912406401054223
8,94,21.98212907793087
8,95,25.049822252781937
9,1,21.527854690581776
9,2,18.644276291404744
9,3,16.24332887158925
9,4,16.780903578790475
9,5,14.175482929613107
9,6,11.007335195936303
9,7,7.302525318848637
9,8,3.8655752911463197
9,10,3.9005596336544914
9,11,5.794069277897464
9,12,7.66103117214143
9,13,9.113203866289705
9,14,12.26178658744915
9,15,15.051761806545336
9,16,17.746294191912757
9,17,21.391811694934546
9,18,22.390297477131522
9,19,20.111785403957697
9,20,17.0384260170989
9,21,13.279875064986694
9,22,10.621015760819885
9,23,7.037298638884354
9,24,5.752724885937741
9,25,4.670267190868241
9,26,6.514638795331551
9,27,9.983869327636137
9,28,11.37409227814397
9,29,14.462389480189124
9,30,17.68924261824343
9,31,18.604793823219428
9,32,17.69934737716218
9,33,18.585347922323326
9,34,17.66556410003169
9,35,16.62471611891831
9,36,13.289690831553797
9,37,14.434048159269395
9,38,12.418218943399886
9,39,14.374402822670916
9,40,15.00918118324209
9,41,17.614070636465197
9,42,20.14593907897254
9,43,20.977008344720872
9,44,22.42176244546217
9,45,19.135510794355735
9,46,21.692833420906073
9,47,22.883600349660334
9,48,20.848071127308017
9,49,21.005091236785397
9,50,19.0232652021775
9,51,18.899615706742654
9,52,16.931904221433495
9,53,17.86352289532624
9,54,16.305500336036452
9,55,19.062175890446756
9,56,17.982185453669718
9,57,14.389955495545859
9,58,15.029331512296148
9,59,13.60882947674346
9,60,16.287138951410917
9,61,15.43359749892734
9,62,13.508713903049356
9,63,12.513823535306107
9,64,11.338082638020014
9,65,8.715222924082891
9,66,9.631706608773362
9,67,10.543006474638238
9,68,10.877466944935913
9,69,13.387911521487302
9,70,14.586446054121371
9,71,17.305275073750654
9,72,17.076558884038636
9,73,20.507802635676295
9,74,21.983872129317632
9,75,20.90993682093417
9,76,18.492913985076132
9,77,15.898520840836678
9,78,13.80830780771241
9,79,11.28915409659602
9,80,11.477984725219187
9,81,9.381876669074185
9,82,11.451568768314944
9,83,15.052015013746061
9,84,16.49885868196363
9,85,16.097391118709922
9,86,13.737876602588985
9,87,11.372718242459435
9,88,8.388658487059528
9,89,10.234625765229122
9,90,9.793239762042768
9,91,12.79286925412414
9,92,13.70631685248432
9,93,17.409670314757395
9,94,19.187220720833007
9,95,22.06993189660144
10,1,23.08837985286724
10,2,20.672581972558767
10,3,18.24312777276114
10,4,19.014957285141108
10,5,16.057428233832987
10,6,13.055051565691285
10,7,9.5296110136956
10,8,6.331171014633452
10,9,3.9005596336544914
10,11,3.8375549248142393
10,12,7.307231161077782
10,13,9.710641849599039
10,14,12.130976092714752
10,15,15.50918995654464
10,16,17.78041732421781
10,17,21.22348655761415
10,18,22.77482940625722
10,19,21.083054367956848
10,20,18.062401548590426
10,21,14.331092131697321
10,22,11.189330382615937
10,23,8.245124195433721
10,24,5.64689736487993
10,25,5.8774351755764265
10,26,6.703679922670551
10,27,10.477297147295566
10,28,11.961116721142707
10,29,15.481380682563284
10,30,18.557057423578783
10,31,19.541655409079286
10,32,17.980559803433113
10,33,18.81358442412631
10,34,18.642256896357516
10,35,18.132114158785367
10,36,15.268386709522966
10,37,17.152510691499025
10,38,15.33806238683842
10,39,17.58428474563438
10,40,18.363768506423394
10,41,21.184228287339806
10,42,23.708718826162382
10,43,24.524098714496674
10,44,26.172667200704886
10,45,22.95390542395197
10,46,25.499357852708556
10,47,26.514337244947082
10,48,24.28807699879662
10,49,24.19767824646083
10,50,21.851329797292433
10,51,21.266602532579164
10,52,19.051872771114677
10,53,19.26073146581823
10,54,17.364423072615352
10,55,20.18003196889899
10,56,19.324991389308767
10,57,15.52615645314254
10,58,15.566322516778122
10,59,13.992575821216557
10,60,15.868155249753405
10,61,14.719217986441741
10,62,12.877390723184476
10,63,10.817759128150024
10,64,10.073971972121189
10,65,7.338375247717063
10,66,9.514830787851569
10,67,10.25899369490554
10,68,11.80949983553017
10,69,14.319201861430503
10,70,16.32771494109994
10,71,19.27067299846817
10,72,19.606991913894856
10,73,23.15132402353403
10,74,24.473354482654276
10,75,23.60276459830823
10,76,21.541306730184953
10,77,19.135372619106878
10,78,17.42353735310605
10,79,14.86104268528073
10,80,15.196027932875737
10,81,12.770692746254934
10,82,14.605372082432252
10,83,18.2771572963656
10,84,19.954433559208987
10,85,19.66000940614811
10,86,16.968100472831306
10,87,14.850022618728026
10,88,12.17573746154491
10,89,14.121066318775572
10,90,13.385530702293334
10,91,16.013553509303247
10,92,16.40869659501157
10,93,19.873786046683815
10,94,21.316070020168393
10,95,23.876583620513575
11,1,25.693911588967957
11,2,23.188886044417686
11,3,21.12526214827661
11,4,22.122053682506206
11,5,19.430323740288145
11,6,16.417195892606415
11,7,12.725541551297166
11,8,9.326852960504354
11,9,5.794069277897464
11,10,3.8375549248142393
11,12,3.860819164480965
11,13,6.643420143746028
11,14,8.768247769259297
11,15,12.374947817280233
11,16,14.748252337433284
11,17,17.97265870727137
11,18,19.845440699570037
11,19,18.403404695057315
11,20,15.784935323133913
11,21,12.066563312532464
11,22,9.354585812238687
11,23,7.433209825596257
11,24,6.1921275066610475
11,25,8.219446653198524
11,26,10.169078229508939
11,27,14.057280895478797
11,28,15.740150987752601
11,29,19.177237422322253
11,30,22.208524948324264
11,31,22.9499466123036
11,32,21.280896830899046
11,33,21.785035218006247
11,34,21.4062969729897
11,35,20.43295502429794
11,36,17.41599487533024
11,37,19.09153162339643
11,38,16.63138380562236
11,39,18.236156586790795
11,40,18.33686786302276
11,41,21.052380944347338
11,42,23.19236896072155
11,43,23.78342573669444
11,44,25.940497674806487
11,45,23.069296914818928
11,46,25.824245189808636
11,47,26.475534896774036
11,48,24.29051480239348
11,49,23.59460030386468
11,50,21.05525447578444
11,51,20.523971755370983
11,52,18.778826530736534
11,53,18.706865127259196
11,54,17.41354879202916
11,55,20.68837070299658
11,56,20.521563180630725
11,57,16.920425796698268
11,58,17.588065419255667
11,59,16.699947852615036
11,60,18.618024397169933
11,61,17.9412074500029
11,62,16.47967505676316
11,63,14.181199384183587
11,64,13.030733947701405
11,65,9.708678750466449
11,66,11.171505151480323
11,67,10.552076768274853
11,68,11.720234471748203
11,69,13.281157353122472
11,70,15.197348924972156
11,71,17.72760383620177
11,72,18.14054149000775
11,73,21.529732227344212
11,74,22.41684616477301
11,75,21.620549431829755
11,76,20.018558756821598
11,77,18.04615075598091
11,78,17.068805074543924
11,79,14.898911896775873
11,80,16.17662178660834
11,81,14.414822221964556
11,82,16.943265992412048
11,83,20.650896322591162
11,84,22.205381201624974
11,85,21.69001960112776
11,86,19.40871826613632
11,87,17.10826453504499
11,88,13.870557279432104
11,89,14.884156363312167
11,90,13.161975494378229
11,91,14.973576059394984
11,92,14.611333371316896
11,93,17.691494578233996
11,94,18.840981417055048
11,95,21.040036508291358
12,1,27.888441900941718
12,2,25.102382287857072
12,3,23.260155090469688
12,4,24.188407209379932
12,5,21.786254465261457
12,6,18.658620627694923
12,7,14.947470658881526
12,8,11.422200894082827
12,9,7.66103117214143
12,10,7.307231161077782
12,11,3.860819164480965
12,13,3.8220619888937692
12,14,6.460368049160165
12,15,9.843460668549945
12,16,12.813852631046906
12,17,15.825482178123774
12,18,17.722763264890464
12,19,16.148045378605474
12,20,14.098523585112584
12,21,10.43995158316264
12,22,8.880185891773152
12,23,7.8434020258058466
12,24,8.445234628370208
12,25,10.69508658461305
12,26,13.274298956368767
12,27,17.120291538757243
12,28,18.716848563854203
12,29,22.006789113569408
12,30,25.144065213829574
12,31,25.816191307265147
12,32,24.406360861096065
12,33,24.808394009254634
12,34,23.99816554359446
12,35,22.528627176338297
12,36,19.230275481182677
12,37,20.332677527671823
12,38,17.363109017824666
12,39,18.166399298564553
12,40,17.449597455263113
12,41,19.751556813902106
12,42,21.3511308373875
12,43,21.55233799602094
12,44,24.09806382063668
12,45,21.649098312691827
12,46,24.654362178234653
12,47,25.12022791364417
12,48,23.221459465112346
12,49,22.077261357108213
12,50,19.678080491089336
12,51,19.59528674433547
12,52,18.560308169279008
12,53,18.69235420495875
12,54,18.189545626805902
12,55,21.743824759636368
12,56,21.9811485809308
12,57,18.686942700858253
12,58,20.014730196564834
12,59,19.543649836426237
12,60,21.808078767132702
12,61,21.40886737274708
12,62,19.977227294443896
12,63,17.922646898575454
12,64,16.554712461520477
12,65,13.060081008093876
12,66,13.76842294433928
12,67,12.464001644207997
12,68,12.649390169080494
12,69,13.245236087534561
12,70,14.417592559165051
12,71,16.204280489685583
12,72,16.198743750213982
12,73,19.22086795698065
12,74,19.580601869691083
12,75,18.584155603869945
12,76,17.248763944703295
12,77,15.82903495218776
12,78,15.464306546043318
12,79,13.996880581353846
12,80,16.080681049308435
12,81,15.216609108873456
12,82,18.208359882480483
12,83,21.753436216910536
12,84,22.945360975619618
12,85,22.07129327404124
12,86,20.288656123338438
12,87,17.973893428487038
12,88,14.323502442315823
12,89,14.319978295840851
12,90,11.721021970361418
12,91,12.622236730678933
12,92,11.741739829072403
12,93,14.441554475445916
12,94,15.618988492088969
12,95,17.50740077377819
13,1,27.205268533801252
13,2,24.357077687253277
13,3,23.035432914202637
13,4,24.31582905572757
13,5,22.43100323350325
13,6,19.628312822366826
13,7,15.873824765500169
13,8,12.872720316976197
13,9,9.113203866289705
13,10,9.710641849599039
13,11,6.643420143746028
13,12,3.8220619888937692
13,14,3.795162606500559
13,15,6.438577683592075
13,16,9.704982560952638
13,17,12.963669966026904
13,18,14.359449198997874
13,19,12.461138760119255
13,20,10.42688943947025
13,21,6.814494440120125
13,22,6.174250985689321
13,23,6.281497452248151
13,24,8.52331658371687
13,25,11.176650244272846
13,26,14.50857843095719
13,27,18.25132495966015
13,28,20.319295948567202
13,29,23.231598296452745
13,30,26.125752830249105
13,31,26.319503984505893
13,32,24.971705105246134
13,33,25.0020593148553
13,34,23.745211458455096
13,35,21.735492603414233
13,36,18.397950952400898
13,37,19.20787060984718
13,38,15.825366439798206
13,39,16.03510275497704
13,40,14.924470698486925
13,41,17.2720147322287
13,42,18.79318803527059
13,43,19.275925258752146
13,44,22.073018254561664
13,45,19.787564873792707
13,46,22.58714272347939
13,47,22.55980025471581
13,48,20.5138345002651
13,49,18.96417869784969
13,50,16.371347868464394
13,51,16.256975059792968
13,52,15.615292235890932
13,53,15.743904346956201
13,54,15.861613031912078
13,55,19.565603226638682
13,56,20.261507275288277
13,57,17.38818218547025
13,58,19.37972891064491
13,59,19.597426072162772
13,60,22.14823783318119
13,61,22.379476540284937
13,62,21.41799298537582
13,63,19.684428791728106
13,64,17.641341336751022
13,65,13.929662419350079
13,66,13.573389198862152
13,67,11.553852487701782
13,68,10.773536458474801
13,69,10.477483197641028
13,70,11.134260693586706
13,71,12.549859075306754
13,72,12.662604981844185
13,73,15.681625815579556
13,74,16.126044324308932
13,75,15.560305889011058
13,76,14.636148808324139
13,77,13.152602806540322
13,78,13.464767857912957
13,79,12.043255664705613
13,80,14.748985364816313
13,81,14.397951863361728
13,82,17.862035326800637
13,83,21.32236506944313
13,84,22.66855992726887
13,85,22.074532221474975
13,86,20.86510349856066
13,87,18.092532016246732
13,88,14.33274685531221
13,89,13.68248506311113
13,90,10.788559782128031
13,91,11.07535440113816
13,92,9.296122798847456
13,93,11.781846273890284
13,94,12.37289834481698
13,95,14.543687258712096
14,1,28.78436986380156
14,2,26.226281002280384
14,3,25.27554740880966
14,4,26.965912093257373
14,5,25.205781559192125
14,6,22.654161511833884
14,7,18.85041685887459
14,8,16.062639050584014
14,9,12.26178658744915
14,10,12.130976092714752
14,11,8.768247769259297
14,12,6.460368049160165
14,13,3.795162606500559
14,15,3.823892293411917
14,16,6.364554985409376
14,17,9.457298221426164
14,18,11.341389916278612
14,19,10.242170309479514
14,20,8.630247415133118
14,21,5.79158045572845
14,22,5.818464058619145
14,23,7.909648313024601
14,24,10.113909115393106
14,25,13.46634108423615
14,26,16.8481014175353
14,27,20.616961061987837
14,28,23.052851555804896
14,29,25.939232916257595
14,30,28.581466190979047
14,31,28.447594888521973
14,32,26.73096307827916
14,33,26.39839133606386
14,34,25.283720798030775
14,35,23.205435415941466
14,36,20.183322316665432
14,37,21.293106735425955
14,38,17.83870962202397
14,39,17.935221761704398
14,40,16.813243342457294
14,41,19.310478269616553
14,42,20.74511630151442
14,43,21.429928451153327
14,44,24.47347503476293
14,45,22.396717012036486
14,46,24.94911470719902
14,47,24.404974474831057
14,48,22.114623236260346
14,49,20.079149165467523
14,50,17.070535156341663
14,51,16.405898290064084
14,52,15.894506078656121
14,53,15.201470406984651
14,54,15.631559924950707
14,55,19.447096096739635
14,56,20.80187966062667
14,57,18.206841842914955
14,58,20.308553139588195
14,59,21.039285633182093
14,60,23.256056793036027
14,61,23.872670173327265
14,62,23.392086784867878
14,63,21.347272396388984
14,64,19.03129632260615
14,65,15.211201588964453
14,66,14.612413263725733
14,67,11.778054907023423
14,68,11.187786629904922
14,69,9.916655015174415
14,70,10.994877661608347
14,71,12.156700325717532
14,72,13.146436406305353
14,73,16.02097230210496
14,74,16.300917765843508
14,75,16.448723836362444
14,76,16.366923620456422
14,77,15.128550334497135
14,78,16.130838209678497
14,79,14.66724930172595
14,80,17.553884663175566
14,81,17.13190302268634
14,82,20.70115905934445
14,83,24.21434451584238
14,84,25.849422905624248
14,85,25.523500804237145
14,86,24.395247215152846
14,87,21.42902181104947
14,88,17.75507379150384
14,89,17.08062156859241
14,90,14.1909447306018
14,91,14.030439774460344
14,92,11.490315110818166
14,93,13.124885922283813
14,94,12.615879522704127
14,95,14.307243691466308
15,1,29.743484358782645
15,2,27.143923287055962
15,3,26.64410185219599
15,4,28.49971734503873
15,5,27.176829646196936
15,6,24.84876560504377
15,7,21.140867097786963
15,8,18.684063326163397
15,9,15.051761806545336
15,10,15.50918995654464
15,11,12.374947817280233
15,12,9.843460668549945
15,13,6.438577683592075
15,14,3.823892293411917
15,16,3.8339320316291516
15,17,6.875626725327028
15,18,7.993222997577949
15,19,6.569885423738315
15,20,5.827926816215484
15,21,4.433160497787831
15,22,6.802757176358845
15,23,9.749151512068291
15,24,12.724331267564763
15,25,15.909950609296182
15,26,19.571165453575908
15,27,23.156820466472873
15,28,25.754386773813028
15,29,28.348595673600865
15,30,30.83366430568226
15,31,30.39394575973057
15,32,28.82509160708214
15,33,28.243571575457377
15,34,26.750204811232223
15,35,24.240550542005423
15,36,21.26434218486711
15,37,21.965790172428825
15,38,18.28244944399857
15,39,17.652925354018976
15,40,16.01068064804763
15,41,18.224179088830788
15,42,19.284406153321587
15,43,20.068272050294354
15,44,23.350480130001788
15,45,21.67738851734699
15,46,23.996440105133168
15,47,22.92660528224443
15,48,20.680021008437752
15,49,18.112946269493836
15,50,15.063328584943896
15,51,14.485754218787148
15,52,14.754197354032673
15,53,14.04813997517311
15,54,15.40656037371684
15,55,19.185657373501684
15,56,21.031758187408297
15,57,19.027965234915985
15,58,21.666668139620896
15,59,22.921132706860188
15,60,25.33330463111073
15,61,26.372120428241182
15,62,26.153190418592697
15,63,24.394542785174803
15,64,21.750819320639113
15,65,17.95464165382285
15,66,16.66691373794857
15,67,13.522810997989808
15,68,12.045156323269124
15,69,9.652739871064224
15,70,9.715899115596692
15,71,9.763529048073035
15,72,10.88513876542009
15,73,13.288810661784744
15,74,13.33596440682018
15,75,14.078411987562838
15,76,14.75754187774031
15,77,13.863811174806733
15,78,15.71165553008881
15,79,14.675394300905939
15,80,17.993754168148257
15,81,18.189970980896163
15,82,21.95891328000227
15,83,25.224299656412878
15,84,26.815907281293132
15,85,26.598261741364162
15,86,25.991974559200866
15,87,22.852091400985657
15,88,19.21307552408219
15,89,17.942800928480917
15,90,14.921452482720706
15,91,14.011978678977094
15,92,10.762519900066884
15,93,11.499256024217663
15,94,9.986423974614278
15,95,11.56990500616519
16,1,30.517696390040896
16,2,28.279765274190662
16,3,28.152278833898503
16,4,30.397777606667912
16,5,29.22323553084856
16,6,27.201836029829384
16,7,23.505717198970288
16,8,21.330242021498776
16,9,17.746294191912757
16,10,17.78041732421781
16,11,14.748252337433284
16,12,12.813852631046906
16,13,9.704982560952638
16,14,6.364554985409376
16,15,3.8339320316291516
16,17,3.873259131838427
16,18,5.202581988680143
16,19,5.47351780968083
16,20,5.3102321293443655
16,21,5.976054031431696
16,22,8.075249122235887
16,23,11.730714650503982
16,24,14.373066615948364
16,25,17.83864264745038
16,26,21.440435413308794
16,27,24.925379623493164
16,28,27.855476090202707
16,29,30.341404094406933
16,30,32.518687522653565
16,31,31.72909981525689
16,32,29.84802638119086
16,33,28.910127785467456
16,34,27.558273852608863
16,35,25.048690340486477
16,36,22.48855673060948
16,37,23.50841482063719
16,38,19.949346100056133
16,39,19.41444169846915
16,40,18.086396278650707
16,41,20.52567783647498
16,42,21.72574936167511
16,43,22.877085774887856
16,44,26.12928630030367
16,45,24.47886279313558
16,46,26.425555427313764
16,47,24.94712016075396
16,48,22.394096453852605
16,49,19.62733782815966
16,50,16.24244546825111
16,51,14.91678886999638
16,52,15.091262566056786
16,53,13.478875222192476
16,54,15.013799797134526
16,55,18.642439798034097
16,56,21.05928146079154
16,57,19.429140790046514
16,58,22.063541442533424
16,59,23.782512604568105
16,60,25.84729144843971
16,61,27.277833061250636
16,62,27.548722786055748
16,63,25.64841697805411
16,64,22.75765318588316
16,65,19.044236127175964
16,66,17.504423541048926
16,67,13.926061325002893
16,68,12.697569880557639
16,69,9.710479388805727
16,70,10.300281335767716
16,71,10.31353462550239
16,72,12.496979728592692
16,73,14.740268477830009
16,74,14.994173209200648
16,75,16.519660362758295
16,76,17.691732975981246
16,77,16.7121835301458
16,78,18.72849350193337
16,79,17.401945732707386
16,80,20.555743509246795
16,81,20.493979383934278
16,82,24.22047665102197
16,83,27.513026034188385
16,84,29.446433956427494
16,85,29.586773032963993
16,86,28.979173881059403
16,87,25.644992825314628
16,88,22.17229641893272
16,89,21.12417828800892
16,90,18.362382806373216
16,91,17.56748069745413
16,92,14.24603514702751
16,93,14.66127791033206
16,94,12.42807787294064
16,95,13.664813250666793
17,1,34.12222653101546
17,2,31.97623887977627
17,3,31.964231174832783
17,4,34.25368420767256
17,5,33.094459747659776
17,6,31.049612614780607
17,7,27.336419367993233
17,8,25.051004028839383
17,9,21.391811694934546
17,10,21.22348655761415
17,11,17.97265870727137
17,12,15.825482178123774
17,13,12.963669966026904
17,14,9.457298221426164
17,15,6.875626725327028
17,16,3.873259131838427
17,18,3.8879023890940645
17,19,6.470879976388542
17,20,8.173951899847074
17,21,9.69799665325208
17,22,11.934031425373403
17,23,15.577825308427192
17,24,18.09867724990849
17,25,21.64023479044538
17,26,25.181016124108343
17,27,28.705651780684832
17,28,31.624240429847994
17,29,34.17059340847858
17,30,36.33895069998771
17,31,35.512181570648785
17,32,33.53644411871037
17,33,32.50514089960972
17,34,31.22211122085401
17,35,28.701651362341547
17,36,26.252569689733285
17,37,27.242681012111085
17,38,23.668108739255356
17,39,22.917963161896004
17,40,21.352783150630547
17,41,23.500638183570928
17,42,24.29770399470542
17,43,25.231288529349076
17,44,28.67528729368919
17,45,27.397171796811293
17,46,29.31827647779486
17,47,27.589842414010302
17,48,25.2035900235114
17,49,22.109533564129922
17,50,18.8665788891907
17,51,17.615875785778723
17,52,18.21530387939083
17,53,16.38907999462513
17,54,18.22112165649638
17,55,21.669749930905855
17,56,24.385663315267713
17,57,22.99068653863348
17,58,25.616561259604897
17,59,27.45843454378855
17,60,29.35646421559149
17,61,30.845669912394882
17,62,31.195445229843536
17,63,29.128643676746613
17,64,26.2961571066736
17,65,22.605641031919287
17,66,21.16926299748808
17,67,17.508957718687213
17,68,16.425885793333794
17,69,13.281449869095988
17,70,13.658492127814409
17,71,13.004685859037004
17,72,15.103326827722942
17,73,16.628769150215515
17,74,16.260418337061544
17,75,18.030735536219424
17,76,19.83125097819137
17,77,19.420378820572733
17,78,21.847576146292905
17,79,20.87933516434081
17,80,24.182248526357046
17,81,24.300616458476533
17,82,28.049605682578246
17,83,31.291359619785545
17,84,33.152555600056715
17,85,33.202128438847
17,86,32.682000038534994
17,87,29.396903481046948
17,88,25.87418865986841
17,89,24.624582605431755
17,90,21.6681372471295
17,91,20.44458950828472
17,92,16.88145392647223
17,93,16.542695895026984
17,94,13.820358305311698
17,95,14.068595711596682
18,1,33.097513192489885
18,2,30.951672211162073
18,3,31.338511571852415
18,4,33.75321659738591
18,5,33.021974572019026
18,6,31.259088628498276
18,7,27.70090207350531
18,8,25.817945599433052
18,9,22.390297477131522
18,10,22.77482940625722
18,11,19.845440699570037
18,12,17.722763264890464
18,13,14.359449198997874
18,14,11.341389916278612
18,15,7.993222997577949
18,16,5.202581988680143
18,17,3.8879023890940645
18,19,3.850358865531038
18,20,6.554530801869424
18,21,9.445754036734145
18,22,12.352018624210265
18,23,16.04435955154683
18,24,18.991517060924263
18,25,22.246276043610887
18,26,25.964944055657057
18,27,29.244843740556693
18,28,32.299041039708804
18,29,34.50297613587278
18,30,36.4750857465644
18,31,35.36177345708907
18,32,33.59911363518697
18,33,32.38645192256908
18,34,30.732010160893143
18,35,27.879260085170454
18,36,25.53680019099553
18,37,26.176488485086004
18,38,22.59140643913307
18,39,21.386515607545505
18,40,19.681337058638665
18,41,21.660028258403003
18,42,22.362980458597374
18,43,23.62034094094163
18,44,26.976298021451566
18,45,25.875790642467702
18,46,27.399695344396264
18,47,25.271658869743
18,48,22.845188131552064
18,49,19.54480159209025
18,50,16.337141193518832
18,51,15.0166843180421
18,52,16.146440330504593
18,53,14.421532885290235
18,54,16.922727858498714
18,55,20.117734986398776
18,56,23.074429901470214
18,57,22.23382962487627
18,58,25.245985096983656
18,59,27.459034617630028
18,60,29.584602750166074
18,61,31.41722443392805
18,62,31.96930506697864
18,63,30.302902680179884
18,64,27.178055740940522
18,65,23.577816986932106
18,66,21.557731035982748
18,67,17.916819977155026
18,68,16.14192215397485
18,69,12.548111546869224
18,70,12.10349351600005
18,71,10.67591045291708
18,72,12.9962008029599
