1,2,3.818744444286673
1,3,6.461417606445122
1,4,10.255738643610176
1,5,13.271324900729688
1,6,16.82669019533628
1,7,19.993359830504897
1,8,22.63880083369515
1,9,25.97406763278202
1,10,26.65276432035202
1,11,29.848543279552974
1,12,30.951337846274832
1,13,34.56505819743339
1,14,36.714755526021705
1,15,37.950890558083884
1,16,35.59823778386114
1,17,32.86384489834009
1,18,29.22824542965242
1,19,26.760868527436557
1,20,23.256212929135387
1,21,20.609789896945568
1,22,17.06613696966063
1,23,14.36319815271218
1,24,11.059715331071985
1,25,8.207655406548476
1,26,6.496733208398191
1,27,9.518732210212747
1,28,12.420897593784773
1,29,14.715952129739795
1,30,17.08980208212691
1,31,17.531997586629835
1,32,19.588089854304094
1,33,19.00229009000103
1,34,21.87836537551078
1,35,22.48174852508098
1,36,25.485201021717906
1,37,27.745454138331223
1,38,28.75355461972912
1,39,31.33685057103165
1,40,30.961360909399502
1,41,30.150552636906973
1,42,30.719446190866286
1,43,29.315782946280304
1,44,32.36661719364423
1,45,33.32198326621276
1,46,31.46588316608786
1,47,32.90333849606892
1,48,31.03724802014636
1,49,28.264755268761576
1,50,26.514905387631934
1,51,24.40068955900262
1,52,22.071879430373215
1,53,20.853346878784738
1,54,17.53529643959288
1,55,17.74504111119747
1,56,17.84667990166383
1,57,21.361290099264266
1,58,20.515367742999295
1,59,17.40966015165344
1,60,15.294938240743647
1,61,17.23580178527991
1,62,20.354411120218476
1,63,22.807231853331462
1,64,25.3043702512618
1,65,28.645381889218495
1,66,29.294346420986944
1,67,32.66498035531198
1,68,34.2721805294186
1,69,37.82015718705079
1,70,40.75152995602094
1,71,41.652468267081595
1,72,32.063189131376426
1,73,29.84240447645861
1,74,26.30932288805632
1,75,24.03831388280453
1,76,22.029025439702846
1,77,19.13468351553657
1,78,18.711847840880687
1,79,16.929825490177755
1,80,16.0477686938109
1,81,12.344058602930414
1,82,12.93667082119753
1,83,16.040337606448787
1,84,17.074597836786097
1,85,20.71976321055127
1,86,21.86930662295047
1,87,25.450754087774477
1,88,27.573050441472386
1,89,31.311402690987432
1,90,33.89682371551417
1,91,36.277180764765994
1,92,39.69524439849334
2,1,3.818744444286673
2,3,3.8290349204105905
2,4,7.196844403326947
2,5,10.686378861930374
2,6,13.959003378199814
2,7,17.31357598261182
2,8,19.907829833882843
2,9,23.428061102833922
2,10,24.42474957345556
2,11,27.413380454918347
2,12,28.160922602202884
2,13,31.707153022241314
2,14,33.652136299776416
2,15,34.742951568516006
2,16,32.47034295970366
2,17,29.59652308781444
2,18,26.04805045156611
2,19,23.518458077727622
2,20,19.97738527630232
2,21,17.40163592024805
2,22,13.714938722652617
2,23,11.260174556365063
2,24,7.73564599158375
2,25,5.658162121586056
2,26,4.692043204230063
2,27,6.841965838938318
2,28,10.357334916549343
2,29,12.112656668949123
2,30,13.958776895700817
2,31,14.030835791341989
2,32,15.860111762945849
2,33,15.196768476077782
2,34,18.123545511490317
2,35,18.83774152949283
2,36,21.95711204893525
2,37,24.413391252918004
2,38,25.553991859396344
2,39,28.34827776657038
2,40,28.300967999944397
2,41,27.665716560950944
2,42,28.105164440001523
2,43,26.381378874734306
2,44,29.326280550430358
2,45,30.07727690477874
2,46,28.04980161256381
2,47,29.452021847488794
2,48,27.446720573305324
2,49,24.57445837927566
2,50,22.748817289238254
2,51,20.58404730441756
2,52,18.29378778774195
2,53,17.179653677810364
2,54,13.998141264159504
2,55,14.627715403187763
2,56,15.300807491753227
2,57,18.657680477276575
2,58,17.576154152070902
2,59,14.841463345691533
2,60,12.206610590842027
2,61,14.030414423606635
2,62,16.911518347645323
2,63,19.32717483721505
2,64,21.692032775059317
2,65,25.10238043432851
2,66,25.788182706671833
2,67,29.23379565183996
2,68,30.9217926618755
2,69,34.39688047871754
2,70,37.44375658401823
2,71,38.35122390449274
2,72,29.530261224585416
2,73,27.035523502794458
2,74,23.446473201627256
2,75,20.96545126389673
2,76,18.799620183016184
2,77,15.676381366512894
2,78,15.202710480036417
2,79,13.339612626601946
2,80,12.805391374369755
2,81,9.144203973407803
2,82,9.722865547028663
2,83,13.007550420247265
2,84,14.244270224733757
2,85,17.97076368897191
2,86,19.42239794884234
2,87,23.141678262052206
2,88,25.100650618477843
2,89,28.904667122824065
2,90,31.233008962562923
2,91,33.64494821052938
2,92,36.937457237805454
3,1,6.461417606445122
3,2,3.8290349204105905
3,4,3.8271925914364164
3,5,7.017327084232688
3,6,10.406364447766821
3,7,13.723506556374561
3,8,16.27598283361621
3,9,19.719683833666206
3,10,20.676097034231088
3,11,23.75398807953475
3,12,24.648717157223405
3,13,28.20788925429049
3,14,30.33488738535533
3,15,31.505123252275947
3,16,29.138343472790595
3,17,26.42481899553052
3,18,22.785366619363863
3,19,20.42168478285233
3,20,16.862514244997783
3,21,14.410623872233257
3,22,10.918179228890164
3,23,8.748813185897202
3,24,6.030610625802006
3,25,5.232676447307008
3,26,6.7997748120069055
3,27,8.734700393165152
3,28,12.480373874772821
3,29,14.021064320286653
3,30,14.975101581470195
3,31,14.550847713804815
3,32,15.554978173851575
3,33,14.12033987089315
3,34,16.587845109894843
3,35,16.581238523067654
3,36,19.590168670936876
3,37,21.732399089319667
3,38,23.117796610321964
3,39,25.876287788404138
3,40,25.741794594286745
3,41,25.3430497685981
3,42,26.189703620407055
3,43,24.390486464523207
3,44,27.554522590949556
3,45,28.04467024148904
3,46,25.903788485544776
3,47,26.97913878614645
3,48,25.044074356161303
3,49,22.477369489080594
3,50,20.773827498072635
3,51,19.127366539364544
3,52,16.894963778865556
3,53,16.47315329201619
3,54,13.509379962363186
3,55,14.882323283211404
3,56,15.834881273836489
3,57,18.70064722993885
3,58,16.866768622270797
3,59,14.307186110004046
3,60,11.539392930319925
3,61,12.3256543781123
3,62,14.971916395289822
3,63,16.90050580141717
3,64,19.26211268397039
3,65,22.431719454263302
3,66,22.976237579017294
3,67,26.29839927603258
3,68,27.97017136641086
3,69,31.561178201372197
3,70,34.47549495156256
3,71,35.555333396953365
3,72,26.410856790460628
3,73,24.04110372032584
3,74,20.609235005258068
3,75,18.0086513264562
3,76,16.32068251216645
3,77,13.444980482209996
3,78,13.861663475119347
3,79,12.844304344441058
3,80,13.394158038429014
3,81,9.85712958855994
3,82,9.02395296438145
3,83,11.570713977396414
3,84,11.87339235484354
3,85,15.385462731368078
3,86,16.35671081187518
3,87,20.005595356767273
3,88,21.728678360089365
3,89,25.485064953075483
3,90,27.8410053442664
3,91,30.114733636208687
3,92,33.443142393675686
4,1,10.255738643610176
4,2,7.196844403326947
4,3,3.8271925914364164
4,5,3.8304763836918507
4,6,6.7653612484960295
4,7,10.214116560585945
4,8,12.738842981758047
4,9,16.335118867921516
4,10,17.66226544159848
4,11,20.579200300631015
4,12,21.20029098434377
4,13,24.669825084996894
4,14,26.731749408093698
4,15,27.768416281298553
4,16,25.373932034355306
4,17,22.609458659375516
4,18,18.98290201904437
4,19,16.618813727009993
4,20,13.03722222662242
4,21,10.697772785450686
4,22,7.246868495118117
4,23,5.796629277512781
4,24,4.35843856444834
4,25,6.085294124940633
4,26,8.964799389034557
4,27,9.824916121654773
4,28,13.441214306868002
4,29,14.408216875093018
4,30,14.360217714206042
4,31,13.422804272656254
4,32,13.596838881496948
4,33,11.617794217347159
4,34,13.71743212316994
4,35,13.234101521949993
4,36,16.302845129096802
4,37,18.42269340009841
4,38,20.175556593756976
4,39,23.117224100184742
4,40,23.271491089780177
4,41,23.229195083558697
4,42,24.209509062572568
4,43,22.063678137922764
4,44,25.212041706369096
4,45,25.295419053955296
4,46,22.891359617788666
4,47,23.65584611812532
4,48,21.588674868097154
4,49,19.14288415500272
4,50,17.394480409881574
4,51,16.091863593102502
4,52,13.915917086747655
4,53,14.104470841653008
4,54,11.572751718061213
4,55,13.710427301316102
4,56,15.181871772474958
4,57,17.435010675672224
4,58,15.00342148537759
4,59,13.04140371203477
4,60,10.005028347874012
4,61,9.7337514861939
4,62,11.834472870458303
4,63,13.32839515066567
4,64,15.598213238408666
4,65,18.664917172115175
4,66,19.219763654329093
4,67,22.55172834992009
4,68,24.35022961642811
4,69,27.94454215763968
4,70,30.892950755539736
4,71,32.128977582880346
4,72,23.626411924131116
4,73,21.087538286562623
4,74,17.773501957740326
4,75,14.832290704038261
4,76,13.424104413038556
4,77,10.532193345505837
4,78,11.676826844134002
4,79,11.276258972525069
4,80,12.891714707611545
4,81,9.987657141339229
4,82,8.348930767883047
4,83,10.14704285835265
4,84,9.854054905337644
4,85,13.058300516869933
4,86,13.918052340965971
4,87,17.55234492246138
4,88,18.843066088064983
4,89,22.580756052395206
4,90,24.66085795081276
4,91,26.81949102148969
4,92,30.028371975252576
5,1,13.271324900729688
5,2,10.686378861930374
5,3,7.017327084232688
5,4,3.8304763836918507
5,6,3.835508180361483
5,7,6.733224213364383
5,8,9.545146452513507
5,9,13.041541012154658
5,10,14.516695375998255
5,11,17.635302118404606
5,12,18.478510820904816
5,13,21.868146765510737
5,14,24.24651462843271
5,15,25.258974570256573
5,16,22.60763137732373
5,17,20.059153795210445
5,18,16.299171509744088
5,19,14.074150469943982
5,20,10.711621832074655
5,21,8.427551799395847
5,22,5.988905885128762
5,23,5.3136693321337365
5,24,6.421509101016198
5,25,8.501856778187921
5,26,11.981225569221424
5,27,12.992584429286266
5,28,16.345932593008534
5,29,17.397460959974932
5,30,16.84375215249222
5,31,15.87288758478979
5,32,15.426370421345837
5,33,13.032978772889235
5,34,14.437231319502951
5,35,12.97591569724146
5,36,15.773342221582048
5,37,17.369653819895216
5,38,19.56903068617973
5,39,22.419363568981304
5,40,22.51408522312519
5,41,22.854201878212955
5,42,24.33679005614656
5,43,22.12273415776644
5,44,25.403635346646052
5,45,25.072037541371735
5,46,22.500727443893798
5,47,22.685091600489063
5,48,20.64628633144841
5,49,18.694845434318268
5,50,17.015917345661382
5,51,16.437908680124394
5,52,14.300387785949766
5,53,15.15072055490312
5,54,13.000817734455406
5,55,15.387232122174732
5,56,16.706314455293235
5,57,18.32951192158034
5,58,15.315373415140826
5,59,13.599807648018823
5,60,11.117706166043012
5,61,9.572100978356216
5,62,11.208272536887224
5,63,11.944583122790515
5,64,14.31917993602317
5,65,16.91152791823761
5,66,17.46885875409186
5,67,20.589132730007933
5,68,22.497925126287484
5,69,26.197661344670724
5,70,28.958209414476546
5,71,30.5290173811923
5,72,21.91131025472317
5,73,19.61460270507557
5,74,16.728310220485422
5,75,13.60778166447884
5,76,13.195923016141201
5,77,10.95133295490962
5,78,13.185095899213675
5,79,13.620113637476608
5,80,15.907399789292992
5,81,13.391845999522765
5,82,11.21260688175238
5,83,11.99622843269022
5,84,10.534408344797015
5,85,12.898631922618428
5,86,12.810775073379189
5,87,16.072375971130164
5,88,16.74335791998449
5,89,20.283152419233563
5,90,22.30476274461917
5,91,24.09584331304279
5,92,27.297338092696254
6,1,16.82669019533628
6,2,13.959003378199814
6,3,10.406364447766821
6,4,6.7653612484960295
6,5,3.835508180361483
6,7,3.8217496517887226
6,8,6.017519642118862
6,9,9.731131439080306
6,10,11.65050160490024
6,11,14.400463817223219
6,12,14.859431884836614
6,13,18.181081893297723
6,14,20.457249702855194
6,15,21.43453134563666
6,16,18.848830767135198
6,17,16.327586477754174
6,18,12.586386890935929
6,19,10.653132990667626
6,20,7.18605013314805
6,21,5.843627452388464
6,22,4.669046794088076
6,23,6.486397287882217
6,24,8.763202309593092
6,25,11.70276131623215
6,26,15.194616710641048
6,27,15.52651718970753
6,28,18.68102041173425
6,29,19.128890582610776
6,30,17.860240600484374
6,31,16.326676683221535
6,32,14.982883428160257
6,33,12.061750863211605
6,34,12.537961763824173
6,35,10.2765839734615
6,36,12.724486613009942
6,37,14.020418805058652
6,38,16.561963647812533
6,39,19.468733253428816
6,40,19.83492259473078
6,41,20.559268212720966
6,42,22.174081759960227
6,43,19.71071555521032
6,44,22.910116184081563
6,45,22.17457253693049
6,46,19.441094714187496
6,47,19.25894466732847
6,48,17.24269091154119
6,49,15.652126711847483
6,50,14.229775813971326
6,51,14.375076574596044
6,52,12.76110918429042
6,53,14.52020349833705
6,54,13.281472923256704
6,55,16.274622961324837
6,56,18.10631973632994
6,57,19.08942386103704
6,58,15.713461134775256
6,59,14.88948905260834
6,60,12.362258412478713
6,61,9.846809663873383
6,62,10.111461003776467
6,63,9.629134809064816
6,64,11.397849644443257
6,65,13.556030805901168
6,66,13.824671939392024
6,67,16.818231499216378
6,68,18.72591474980795
6,69,22.436621883434768
6,70,25.16834220394955
6,71,26.842178758273175
6,72,18.89073970446092
6,73,16.460095657655792
6,74,13.846264788417638
6,75,10.47500039575561
6,76,10.704136500382228
6,77,9.051798036650258
6,78,12.096566721854314
6,79,13.389785416470959
6,80,16.38755699043761
6,81,14.600815078495566
6,82,11.971652989480809
6,83,11.722629160079396
6,84,9.6374573002454
6,85,11.06032762186001
6,86,10.702920178950999
6,87,13.671077052298081
6,88,13.764078987079028
6,89,17.209419158534683
6,90,18.885242915521207
6,91,20.60785357229717
6,92,23.687323551934863
7,1,19.993359830504897
7,2,17.31357598261182
7,3,13.723506556374561
7,4,10.214116560585945
7,5,6.733224213364383
7,6,3.8217496517887226
7,8,3.8138639723352954
7,9,7.231957451974069
7,10,9.885970662485356
7,11,12.624005718989201
7,12,13.100239418086547
7,13,16.05192546413682
7,14,18.629931975294973
7,15,19.327389836465798
7,16,16.338757971727116
7,17,14.026749479632002
7,18,10.21286662731622
7,19,8.373904995738611
7,20,5.891027200242756
7,21,5.005730790929643
7,22,6.369009094671436
7,23,8.354971146977784
7,24,11.526214776029795
7,25,14.34979687180844
7,26,18.059988070827387
7,27,18.45421670992236
7,28,21.318198322368257
7,29,21.87779059155692
7,30,20.301211841982308
7,31,18.967525494083382
7,32,17.370593181206797
7,33,14.56604246337205
7,34,14.595656962009908
7,35,11.785660094861774
7,36,13.782125598134321
7,37,14.505711101941891
7,38,17.535236203020197
7,39,20.30364766075987
7,40,20.777757255242957
7,41,21.94189977660576
7,42,23.891950652494558
7,43,21.3433519986296
7,44,24.43757942427421
7,45,23.196935789674335
7,46,20.27617202414672
7,47,19.36338472091418
7,48,17.292617609929803
7,49,16.286649905472835
7,50,14.837104294554116
7,51,15.633883974659154
7,52,14.039559341977485
7,53,16.106003112326658
7,54,15.20569011291124
7,55,18.079464942167277
7,56,19.63353120607196
7,57,19.997813000512938
7,58,16.321222192577714
7,59,15.837001602005182
7,60,14.03760719268078
7,61,10.835053795730895
7,62,10.519621887379996
7,63,9.187286617104954
7,64,10.96454077045827
7,65,12.31180772196126
7,66,12.836135008373377
7,67,15.476152874329365
7,68,17.673231673531493
7,69,21.342992821683374
7,70,23.875061400743764
7,71,26.012535397529877
7,72,18.793302759194816
7,73,16.662517063869732
7,74,14.798425783891338
7,75,11.440711971866925
7,76,12.713270776833708
7,77,11.738770781299559
7,78,15.107847220185931
7,79,16.61937600921725
7,80,19.830437445510526
7,81,18.27600705556055
7,82,15.708629549432057
7,83,15.200856606352842
7,84,12.800323886023317
7,85,13.399904089802531
7,86,12.274255348994387
7,87,14.443717318309146
7,88,13.535321970174051
7,89,16.44544416378326
7,90,17.741552488010935
7,91,18.804416908236345
7,92,21.68617616413638
8,1,22.63880083369515
8,2,19.907829833882843
8,3,16.27598283361621
8,4,12.738842981758047
8,5,9.545146452513507
8,6,6.017519642118862
8,7,3.8138639723352954
8,9,3.8469666881864
8,10,6.6918116122750755
8,11,8.964612281841449
8,12,9.33867705486401
8,13,12.46783483978433
8,14,15.12997795640421
8,15,16.230340706640035
8,16,13.503107544016137
8,17,11.66431505512437
8,18,7.981519319951525
8,19,7.60473504303548
8,20,5.5673599028428065
8,21,7.084643035373715
8,22,8.910878961381849
8,23,11.66180261184099
8,24,14.570856107449222
8,25,17.589061140719043
8,26,21.16656308232014
8,27,21.365829655189245
8,28,24.328430053926517
8,29,24.502843936576255
8,30,22.707986085985095
8,31,20.85582824313336
8,32,18.706889774288566
8,33,15.476132511584272
8,34,14.554185006623907
8,35,11.121667249460288
8,36,12.06829676338027
8,37,11.882942102247728
8,38,14.898554511305454
8,39,17.328560315906618
8,40,17.731349129183933
8,41,19.17588210053508
8,42,21.398618218714677
8,43,18.94573590065395
8,44,22.026846805638208
8,45,20.60044781457465
8,46,17.855724752212986
8,47,16.648213307570987
8,48,15.085829657999748
8,49,14.824284668360715
8,50,14.206589396875577
8,51,15.832858717161413
8,52,15.128561670591916
8,53,17.84570882005692
8,54,17.59420516978786
8,55,20.82192111433036
8,56,22.771006613932006
8,57,22.978154639087123
8,58,19.283451454329025
8,59,19.21635346125461
8,60,17.17904190749282
8,61,13.907957822801128
8,62,12.817232372002923
8,63,10.521382096800583
8,64,10.997937317751042
8,65,11.368060947817453
8,66,10.85262181780018
8,67,12.863078446916754
8,68,14.573169395306786
8,69,18.320956569129024
8,70,20.575792860828447
8,71,22.67176178242988
8,72,15.231129860716834
8,73,13.276585343483946
8,74,11.943688296163309
8,75,8.91233540903726
8,76,11.168109520680012
8,77,11.370448229137368
8,78,15.122378333763638
8,79,17.407695711443107
8,80,20.877792578741857
8,81,19.697486763197713
8,82,16.695832077209168
8,83,15.305136639771597
8,84,12.375479260056093
8,85,11.864854685918287
8,86,10.163114115223136
8,87,11.59227439901022
8,88,10.076499991436908
8,89,12.770877061730907
8,90,13.931993727602531
8,91,15.051167939711496
8,92,18.016693006860255
9,1,25.97406763278202
9,2,23.428061102833922
9,3,19.719683833666206
9,4,16.335118867921516
9,5,13.041541012154658
9,6,9.731131439080306
9,7,7.231957451974069
9,8,3.8469666881864
9,10,3.825952569343558
9,11,5.642935620019263
9,12,6.626123915271909
9,13,9.549074500028963
9,14,12.760539172542808
9,15,14.211047417697241
9,16,11.519032114455914
9,17,10.75429503936322
9,18,7.699706242579379
9,19,8.922239379474899
9,20,8.3034609910748
9,21,10.483995283861574
9,22,12.715882913119026
9,23,15.42486501732233
9,24,18.37060623206222
9,25,21.271603316464343
9,26,24.86420735736925
9,27,25.18490248352045
9,28,28.16841380499609
9,29,28.335452643217987
9,30,26.472987607925205
9,31,24.52306235192144
9,32,22.170407079400825
9,33,18.847940724446453
9,34,17.439380575057456
9,35,13.749154748456261
9,36,13.765369630017034
9,37,12.522806196281806
9,38,15.378279285037694
9,39,17.146860706546008
9,40,17.270966272446394
9,41,19.040228500034573
9,42,21.70865293688318
9,43,19.551724844002802
9,44,22.558321499087704
9,45,20.900562734895903
9,46,18.435037913879466
9,47,16.701886001618156
9,48,15.756791146856925
9,49,16.398423782533968
9,50,16.390359255959904
9,51,18.609178485882154
9,52,18.331856857036612
9,53,21.29207238293991
9,54,21.29370051804522
9,55,24.538827840297504
9,56,26.456658817866536
9,57,26.46324711197856
9,58,22.706028536764673
9,59,22.76912354563877
9,60,20.922396644040372
9,61,17.538172018114345
9,62,16.212862551021956
9,63,13.499757394385883
9,64,13.389107044092652
9,65,12.699766043054087
9,66,11.561961051125788
9,67,12.440681034117663
9,68,13.612404802992769
9,69,17.236531083626275
9,70,18.87189846796288
9,71,21.17609759852001
9,72,13.556204747567117
9,73,12.391799232899453
9,74,12.16685969415036
9,75,10.01881160281713
9,76,13.145984104155694
9,77,14.243941004431429
9,78,18.078715446859004
9,79,20.726269111585907
9,80,24.254749069012412
9,81,23.17785404590515
9,82,19.97838958106667
9,83,18.157470581101492
9,84,14.890509944279916
9,85,13.542965282470979
9,86,11.054088452241643
9,87,11.190505450234358
9,88,8.649495400240106
9,89,10.363613648357326
9,90,11.317203194536503
9,91,11.827579324199327
9,92,14.83741201052725
10,1,26.65276432035202
10,2,24.42474957345556
10,3,20.676097034231088
10,4,17.66226544159848
10,5,14.516695375998255
10,6,11.65050160490024
10,7,9.885970662485356
10,8,6.6918116122750755
10,9,3.825952569343558
10,11,3.839412953505452
10,12,6.84654716254746
10,13,9.983437958335461
10,14,13.430146038573138
10,15,15.700606043748497
10,16,13.5893795024625
10,17,13.595456006441047
10,18,11.028232150181996
10,19,12.65004407738552
10,20,11.700511095490434
10,21,13.761452122658865
10,22,15.390070017262836
10,23,17.861484139634403
10,24,20.385987961454866
10,25,23.005632695713313
10,26,26.449939379340304
10,27,27.077031007000322
10,28,30.318671042672154
10,29,30.571971768926353
10,30,28.992315487893553
10,31,26.89751921256095
10,32,24.6190447537447
10,33,21.091834201535857
10,34,19.566373539669208
10,35,15.902473827658254
10,36,15.442561814698646
10,37,13.602480645707988
10,38,15.701361870310254
10,39,16.722076639099047
10,40,16.025908338065975
10,41,17.623038471807966
10,42,20.744843184351467
10,43,19.216923093580863
10,44,22.43836701547764
10,45,21.172663460204763
10,46,19.301919823509902
10,47,17.83275672473883
10,48,17.636074842589757
10,49,18.56908167290589
10,50,19.10153425542477
10,51,21.338108402509274
10,52,21.298593707995988
10,53,24.245563222081785
10,54,24.090606853452822
10,55,27.375578983977885
10,56,29.31626249408671
10,57,29.644476991517095
10,58,25.94441453320534
10,59,25.700142178475748
10,60,23.650882229566673
10,61,20.51150659839211
10,62,19.494621982358346
10,63,16.97509250959627
10,64,16.751941924991897
10,65,16.077188921476658
10,66,14.367617906071377
10,67,14.747355936350344
10,68,15.019249573740499
10,69,18.571537592639196
10,70,19.65270109740606
10,71,21.59388641792015
10,72,11.691966706795343
10,73,11.487354168690873
10,74,11.67434264723533
10,75,10.576586571896526
10,76,13.912657168957708
10,77,15.593127646930784
10,78,19.373569509734825
10,79,22.281711870187426
10,80,25.63111914495058
10,81,24.35395005017754
10,82,20.859100048468953
10,83,18.69702443143785
10,84,15.068861547133006
10,85,13.266359395908232
10,86,10.003257492331628
10,87,9.219710676861425
10,88,6.710167749412317
10,89,8.028990980440993
10,90,9.98781469734046
10,91,10.748230983234036
10,92,14.25699651809958
11,1,29.848543279552974
11,2,27.413380454918347
11,3,23.75398807953475
11,4,20.579200300631015
11,5,17.635302118404606
11,6,14.400463817223219
11,7,12.624005718989201
11,8,8.964612281841449
11,9,5.642935620019263
11,10,3.839412953505452
11,12,3.8279216995728884
11,13,6.619043823298133
11,14,10.021547866497654
11,15,12.71651844977651
11,16,11.239593228617922
11,17,12.044778096565103
11,18,10.449453159984653
11,19,13.082398759048246
11,20,12.821072396571811
11,21,15.644714006361303
11,22,17.61169905123029
11,23,20.530519901569928
11,24,23.12437223378945
11,25,26.027861239307168
11,26,29.436124718260494
11,27,29.71878162153704
11,28,32.862374237873986
11,29,32.75885273756067
11,30,30.877570549732113
11,31,28.499546976850027
11,32,25.83025422770873
11,33,22.25044165603692
11,34,20.131223465780877
11,35,16.35304179839888
11,36,15.052524159607323
11,37,12.459010899807954
11,38,14.37671244176864
11,39,14.887656913612767
11,40,14.394746488711665
11,41,16.44449120082487
11,42,19.608382553974213
11,43,18.10810716691445
11,44,20.960441224506507
11,45,19.32813555190269
11,46,17.66722654308293
11,47,15.760001687933775
11,48,16.120571118342905
11,49,17.801411175257936
11,50,18.92919003338279
11,51,21.690945128942822
11,52,22.241330773378948
11,53,25.53004818924013
11,54,25.90971498550198
11,55,29.374122684565208
11,56,31.587249997548962
11,57,31.64417003101974
11,58,27.94010829074717
11,59,28.139049879555582
11,60,26.02166280231251
11,61,22.74906527051685
11,62,21.17005678933831
11,63,18.17486455161103
11,64,17.16976976469217
11,65,15.748521010346858
11,66,13.409642505195995
11,67,12.827783246682529
11,68,12.405225617247352
11,69,15.670523132198118
11,70,16.281676828210156
11,71,18.22666936017278
11,72,9.313895895384684
11,73,9.558730263829768
11,74,10.9355112296454
11,75,10.595989905440968
11,76,14.335959614652259
11,77,16.67409159882745
11,78,20.386635706804547
11,79,23.61594470408747
11,80,27.116568780474044
11,81,26.309039111864134
11,82,22.789536503196423
11,83,20.212750096121873
11,84,16.677342384544534
11,85,14.174705965650542
11,86,11.11079065698931
11,87,9.309229535683409
11,88,5.733306905101808
11,89,5.424182432544548
11,90,6.4211658890737695
11,91,6.929175432558411
11,92,10.485748855680008
12,1,30.951337846274832
12,2,28.160922602202884
12,3,24.648717157223405
12,4,21.20029098434377
12,5,18.478510820904816
12,6,14.859431884836614
12,7,13.100239418086547
12,8,9.33867705486401
12,9,6.626123915271909
12,10,6.84654716254746
12,11,3.8279216995728884
12,13,3.8167491229402803
12,14,6.68440022183185
12,15,9.246523528172297
12,16,8.097632248694746
12,17,8.862916015267624
12,18,7.9977573309199235
12,19,11.224780959872088
12,20,11.523297838371121
12,21,14.92987207271885
12,22,17.206472220383038
12,23,20.547046608597277
12,24,23.258755854497743
12,25,26.511599753075163
12,26,29.89354130403704
12,27,29.69377250322233
12,28,32.60501374473946
12,29,32.12005039436218
12,30,29.873420749573416
12,31,27.32409337055874
12,32,24.32409879922066
12,33,20.851255657317576
12,34,18.326674296145722
12,35,14.547780545941375
12,36,12.806233727673973
12,37,10.016544734227661
12,38,12.323304221540814
12,39,13.126932780386982
12,40,13.578062058508564
12,41,16.00863704588352
12,42,18.707506908653187
12,43,16.692169252264424
12,44,19.090386951692143
12,45,16.909438773006098
12,46,14.936192021708363
12,47,12.537766251902477
12,48,12.838400445531306
12,49,14.930712850990838
12,50,16.295816453177263
12,51,19.426617872278694
12,52,20.39689266490831
12,53,23.92471377787568
12,54,24.836272467305967
12,55,28.40798658071062
12,56,30.870558466467557
12,57,30.606416804341965
12,58,26.95822949201259
12,59,27.667341000820723
12,60,25.523425942655553
12,61,22.149405056828247
12,62,19.996697090293083
12,63,16.63398187173207
12,64,14.950606804747371
12,65,12.989422021923422
12,66,10.274933295328546
12,67,9.153446213354849
12,68,8.649225274542976
12,69,11.927075584630847
12,70,12.823980055079081
12,71,14.983967516348251
12,72,9.09422576598732
12,73,8.399653267056841
12,74,10.114291043376328
12,75,9.579354000241919
12,76,13.325842056178912
12,77,15.785618177532553
12,78,19.37322467177277
12,79,22.665869310628864
12,80,26.33625734275109
12,81,26.04111927818134
12,82,22.7128788102538
12,83,20.042784552950476
12,84,16.872462832122736
12,85,14.218021548177774
12,86,11.94238697062115
12,87,10.414227182628652
12,88,6.7259780373466596
12,89,6.426694473006089
12,90,5.359178536030973
12,91,5.9548287115340655
12,92,8.841023189722177
13,1,34.56505819743339
13,2,31.707153022241314
13,3,28.20788925429049
13,4,24.669825084996894
13,5,21.868146765510737
13,6,18.181081893297723
13,7,16.05192546413682
13,8,12.46783483978433
13,9,9.549074500028963
13,10,9.983437958335461
13,11,6.619043823298133
13,12,3.8167491229402803
13,14,3.828389925367888
13,15,6.322005496419377
13,16,5.819977245939629
13,17,8.145861893019804
13,18,8.87690540464192
13,19,12.602378027751316
13,20,13.88817592369028
13,21,17.407303535545736
13,22,20.09953667778424
13,23,23.503319724055366
13,24,26.42539962965995
13,25,29.762607844174177
13,26,33.20548893558971
13,27,32.86327313309114
13,28,35.59895681437843
13,29,35.00561266671782
13,30,32.523012981969586
13,31,29.995805871239952
13,32,26.826460247716675
13,33,23.532675527231756
13,34,20.81113111163843
13,35,17.125795529384565
13,36,15.11803321065141
13,37,12.199457969534235
13,38,14.425172172466235
13,39,14.868835623982882
13,40,15.665441102814274
13,41,18.34650607029075
13,42,20.89955804093262
13,43,18.89281292570156
13,44,20.74973839877787
13,45,18.10967832612825
13,46,16.21923125596735
13,47,13.180075422175078
13,48,13.703866301599938
13,49,16.39938474737149
13,50,17.892943275394625
13,51,21.332517569737885
13,52,22.50298012384926
13,53,26.12558596324695
13,54,27.35844354882685
13,55,30.87994236472058
13,56,33.32506171259179
13,57,32.69392314004222
13,58,29.04433405768837
13,59,30.08264047199899
13,60,28.185137109396717
13,61,24.661207114923062
13,62,22.184547070184536
13,63,18.574208126261023
13,64,16.56531891835135
13,65,13.858094841121776
13,66,11.22599977267337
13,67,8.927455285072922
13,68,8.090960584053123
13,69,10.446402520467645
13,70,10.564308961556621
13,71,13.29715073401852
13,72,10.964855049212893
13,73,10.767024128812473
13,74,13.14503763740901
13,75,12.87452459273097
13,76,16.49857340092153
13,77,18.975593509373223
13,78,22.43425302799913
13,79,25.700106526096413
13,80,29.439418241908292
13,81,29.38996182735705
13,82,26.180184873901922
13,83,23.50368000033359
13,84,20.48571562756904
13,85,17.748402442329468
13,86,15.64021429073342
13,87,13.838506602454576
13,88,10.10021791780835
13,89,8.644102161547211
13,90,6.002567809103933
13,91,4.447626185572679
13,92,5.830944784383921
14,1,36.714755526021705
14,2,33.652136299776416
14,3,30.33488738535533
14,4,26.731749408093698
14,5,24.24651462843271
14,6,20.457249702855194
14,7,18.629931975294973
14,8,15.12997795640421
14,9,12.760539172542808
14,10,13.430146038573138
14,11,10.021547866497654
14,12,6.68440022183185
14,13,3.828389925367888
14,15,3.8191554468447944
14,16,5.745240903797173
14,17,8.228472401401408
14,18,10.183371785464288
14,19,13.935126470023087
14,20,15.436084505281423
14,21,19.175228998860444
14,22,21.813787550483095
14,23,25.43360596398562
14,24,28.24594207525122
14,25,31.770875455656125
14,26,35.08140169568126
14,27,34.364336853339005
14,28,36.928724045222005
14,29,35.960269610219804
14,30,33.240610234039856
14,31,30.506493221378573
14,32,27.08273967842611
14,33,23.939353552684295
14,34,20.841334296544737
14,35,17.43527318077743
14,36,14.893350505235222
14,37,11.841104228670993
14,38,13.736351261484396
14,39,13.950832021960196
14,40,15.415446025081227
14,41,18.26861654908643
14,42,20.3346201931334
14,43,18.189477029713427
14,44,19.375110276116388
14,45,16.321203707209918
14,46,14.568979158101655
14,47,11.146652036345042
14,48,12.129671131964992
14,49,15.396936798634934
14,50,17.37039044556175
14,51,21.055829946443282
14,52,22.771725964415715
14,53,26.52131150698102
14,54,28.236765031558598
14,55,31.817814078939094
14,56,34.51047102988674
14,57,33.687398776796705
14,58,30.191279866652103
14,59,31.618090036957884
14,60,29.62835106833184
14,61,26.180339419948755
14,62,23.32487010942707
14,63,19.586427067546666
14,64,16.95281620673781
14,65,13.874477660531971
14,66,10.896408369982217
14,67,7.6363247562848695
14,68,5.756029699245087
14,69,7.051698654647337
14,70,6.752609213731807
14,71,9.705666495995375
14,72,11.590517662377529
14,73,11.08383520295972
14,74,13.774845046662833
14,75,13.861000806965535
14,76,17.14318652282871
14,77,19.79445751427621
14,78,22.902261902667256
14,79,26.218500152321447
14,80,29.952481025566918
14,81,30.380395615145115
14,82,27.331140922459802
14,83,24.503442488893036
14,84,21.840115230287807
14,85,18.925489079764002
14,86,17.404862429180877
14,87,15.585685349800979
14,88,12.15045849536988
14,89,10.59889517913738
14,90,7.113309927969511
14,91,6.085954624396868
14,92,5.552591709544663
15,1,37.950890558083884
15,2,34.742951568516006
15,3,31.505123252275947
15,4,27.768416281298553
15,5,25.258974570256573
15,6,21.43453134563666
15,7,19.327389836465798
15,8,16.230340706640035
15,9,14.211047417697241
15,10,15.700606043748497
15,11,12.71651844977651
15,12,9.246523528172297
15,13,6.322005496419377
15,14,3.8191554468447944
15,16,3.813589611736814
15,17,6.503791375090646
15,18,9.640306119809406
15,19,13.187026170577049
15,20,15.477588696344542
15,21,19.102983270631192
15,22,22.092434931656513
15,23,25.7003068825386
15,24,28.72798768988143
15,25,32.34096682196796
15,26,35.69291396098969
15,27,34.75311098589285
15,28,37.014639696601385
15,29,35.96614280818065
15,30,32.99559883735668
15,31,30.445036294072985
15,32,26.97609585521342
15,33,24.179795249020046
15,34,21.178049248131153
15,35,17.97580504708242
15,36,15.779305844942728
15,37,13.377401808335751
15,38,15.758900621052145
15,39,16.53954293411282
15,40,18.527580855390404
15,41,21.363986106456327
15,42,23.06716147753801
15,43,20.52903054224532
15,44,21.399688337236665
15,45,18.010916015035754
15,46,15.782996785004913
15,47,12.042968734914757
15,48,12.190236421487745
15,49,15.35627164431411
15,50,16.865533923920463
15,51,20.590344641188864
15,52,22.223058112086747
15,53,25.90820238782865
15,54,27.881917510644353
15,55,31.29963690956194
15,56,33.901651622658164
15,57,32.66897521409367
15,58,29.24791927352283
15,59,31.040887182955196
15,60,29.373569549907305
15,61,25.83798688693483
15,62,22.695284635392635
15,63,18.866143623266435
15,64,16.11272329149504
15,65,12.57179039143935
15,66,10.279660501746104
15,67,6.7309444443017545
15,68,6.255936528318204
15,69,6.511424336564833
15,70,6.796132909936862
15,71,10.493648755930032
15,72,15.218602491661654
15,73,14.214758222649165
15,74,16.427937536045178
15,75,15.8738859212948
15,76,18.84827745125869
15,77,21.016697186623613
15,78,24.00123989397535
15,79,27.02133812997625
15,80,30.812055210793787
15,81,31.43253386433651
15,82,28.67478224458856
15,83,26.143784925005143
15,84,23.7640701753447
15,85,21.199855916244807
15,86,20.008305726890427
15,87,18.68003510508913
15,88,15.288330959257024
15,89,14.174500193105585
15,90,10.86321048839642
15,91,9.513727309005729
15,92,8.248151670278766
16,1,35.59823778386114
16,2,32.47034295970366
16,3,29.138343472790595
16,4,25.373932034355306
16,5,22.60763137732373
16,6,18.848830767135198
16,7,16.338757971727116
16,8,13.503107544016137
16,9,11.519032114455914
16,10,13.5893795024625
16,11,11.239593228617922
16,12,8.097632248694746
16,13,5.819977245939629
16,14,5.745240903797173
16,15,3.813589611736814
16,17,3.8188007735086615
16,18,6.6602022830246055
16,19,10.181797541687951
16,20,12.84054296386256
16,21,16.23494360248629
16,22,19.50369840970696
16,23,22.932733915437876
16,24,26.186523026642657
16,25,29.69823658411384
16,26,33.18662062966043
16,27,32.441869274408454
16,28,34.69159458826597
16,29,33.94601411382589
16,30,31.061961744438555
16,31,28.805799303848033
16,32,25.55704969716972
16,33,22.792258332761143
16,34,20.2130932159411
16,35,16.833907005420315
16,36,15.356675109083033
16,37,13.433132816074215
16,38,16.43852279306377
16,39,17.795994955060447
16,40,19.56355167573483
16,41,22.267019863207405
16,42,24.182964665397712
16,43,21.48375516017084
16,44,22.86859533268994
16,45,19.688835046323298
16,46,17.025444294726068
16,47,13.504038524259231
16,48,12.784436085237406
16,49,15.268449790682933
16,50,16.015838810236836
16,51,19.512689672432604
16,52,20.532868677954145
16,53,24.075370993725862
16,54,25.71636210683647
16,55,29.005927214473793
16,56,31.34024986438045
16,57,30.08508892195153
16,58,26.536922017026143
16,59,28.168213968775273
16,60,26.7428023581962
16,61,23.075164746439356
16,62,20.10050767461991
16,63,16.303031024583493
16,64,14.080243209345513
16,65,10.6327910292135
16,66,9.073495192864817
16,67,6.55790505312795
16,68,7.786435423195725
16,69,9.359812401010768
16,70,10.448687858295228
16,71,13.998976629320467
16,72,15.947566656687885
16,73,14.725668572038158
16,74,16.36035667557557
16,75,15.070680836527755
16,76,18.122599447423482
16,77,19.82204802675023
16,78,23.0611474072486
16,79,25.859123190945716
16,80,29.694769790158936
16,81,29.97910191746306
16,82,27.25784257199584
16,83,25.057376727281895
16,84,22.566115791909954
16,85,20.406707203741103
16,86,19.014621967938012
16,87,18.121856028812886
16,88,14.648679815212057
16,89,14.090646076679649
16,90,11.468881569595935
16,91,10.030330821327365
16,92,9.780814115720846
17,1,32.86384489834009
17,2,29.59652308781444
17,3,26.42481899553052
17,4,22.609458659375516
17,5,20.059153795210445
17,6,16.327586477754174
17,7,14.026749479632002
17,8,11.66431505512437
17,9,10.75429503936322
17,10,13.595456006441047
17,11,12.044778096565103
17,12,8.862916015267624
17,13,8.145861893019804
17,14,8.228472401401408
17,15,6.503791375090646
17,16,3.8188007735086615
17,18,3.8163670508100807
17,19,6.852068787914946
17,20,9.706311637453402
17,21,13.052397094892783
17,22,16.325253859568218
17,23,19.797575127116552
17,24,23.031166439518024
17,25,26.62658460470023
17,26,30.042611234703987
17,27,29.087605545753508
17,28,31.179478295387472
17,29,30.348191564159226
17,30,27.380339585948
17,31,25.198237119594385
17,32,21.979476277057444
17,33,19.389920596806054
17,34,16.9993073623924
17,35,13.780861399331275
17,36,12.843778945752746
17,37,11.75707455237574
17,38,15.225894880744466
17,39,17.34437544886566
17,40,19.44714629042804
17,41,21.959328568166054
17,42,23.535394989713723
17,43,20.45045419381313
17,44,21.90907107332573
17,45,18.79758824838757
17,46,15.635708098835332
17,47,12.403365073492479
17,48,10.68301462965859
17,49,12.46985626517204
17,50,12.624192039223356
17,51,15.972876800752193
17,52,16.82120041392012
17,53,20.32012488578961
17,54,22.038434911962582
17,55,25.29578670580242
17,56,27.680673859159974
17,57,26.38230537118098
17,58,22.889102360280436
17,59,24.66807524351101
17,60,23.224793912665806
17,61,19.603359043050588
17,62,16.46633745388925
17,63,12.646051253990203
17,64,10.32315193543676
17,65,6.839493869637559
17,66,5.860489882506797
17,67,4.640438324702598
17,68,7.5898594335092175
17,69,9.785678468383205
17,70,12.093873019181988
17,71,15.296104484503037
17,72,16.697989515726032
17,73,14.66766101554269
17,74,15.437267542310833
17,75,13.419108590031042
17,76,15.984344562309253
17,77,17.132880977614693
17,78,20.23368461016344
17,79,22.749792008524462
17,80,26.578102434794687
17,81,26.948986256840787
17,82,24.481784272528564
17,83,22.581840899082664
17,84,20.428097352325718
17,85,18.728538344308983
17,86,17.851997979998924
17,87,17.719596921706085
17,88,14.676745388001951
17,89,15.103397049297447
17,90,13.04335941063841
17,91,12.552816563600983
17,92,13.010345122024518
18,1,29.22824542965242
18,2,26.04805045156611
18,3,22.785366619363863
18,4,18.98290201904437
18,5,16.299171509744088
18,6,12.586386890935929
18,7,10.21286662731622
18,8,7.981519319951525
18,9,7.699706242579379
18,10,11.028232150181996
18,11,10.449453159984653
18,12,7.9977573309199235
18,13,8.87690540464192
18,14,10.183371785464288
18,15,9.640306119809406
18,16,6.6602022830246055
18,17,3.8163670508100807
18,19,3.8102178259355366
18,20,6.222735679658954
18,21,9.585840795660623
18,22,12.867827446456406
18,23,16.28334593613301
18,24,19.559384563780547
18,25,23.077056448248435
18,26,26.566662290443766
18,27,25.851518681261762
18,28,28.129612266535055
18,29,27.569098327142033
18,30,24.847771083891914
18,31,22.78341298988482
18,32,19.815865403566054
18,33,17.03666116901555
18,34,15.063028865206368
18,35,11.619706537676818
18,36,11.415537438791468
18,37,10.787133074272747
18,38,14.492532117252273
18,39,16.97815061478546
18,40,18.69971204948636
18,41,20.93873138703246
18,42,22.678839779504393
18,43,19.616865480298483
18,44,21.629408836577767
18,45,18.97993660340739
18,46,15.723620091115055
18,47,13.120173813309432
18,48,11.097123769186389
18,49,12.001906022925539
18,50,11.62740727398682
18,51,14.539959375130609
18,52,14.812757483308062
18,53,18.19568775722709
18,54,19.407341333974188
18,55,22.69904978308216
18,56,24.97644620134775
18,57,24.023956779862214
18,58,20.38569271668513
18,59,21.747643470972406
18,60,20.17892716733785
18,61,16.518685599103918
18,62,13.730659780385711
18,63,10.018286342327368
18,64,8.412844794792996
18,65,5.99709674874595
18,66,5.465019540119212
18,67,6.3893081863573045
18,68,9.287208877462252
18,69,12.361865224788966
18,70,14.854606431334002
18,71,17.681333050510066
18,72,16.035884107146714
18,73,13.794582786001223
18,74,13.824047248326982
18,75,11.197942433403743
18,76,13.71811492620736
18,77,14.480632357472865
18,78,17.83372037771253
18,79,20.245752670645874
18,80,24.056472638981173
18,81,24.02998394024047
18,82,21.480883602457347
18,83,19.793472733071372
18,84,17.506376141133597
18,85,16.190761531822687
18,86,15.212324296066987
18,87,15.609365270461874
18,88,12.869251361853355
18,89,14.094745690938352
18,90,12.987012150380037
18,91,13.069176400483638
18,92,14.533608752422898
19,1,26.760868527436557
19,2,23.518458077727622
19,3,20.42168478285233
19,4,16.618813727009993
19,5,14.074150469943982
19,6,10.653132990667626
19,7,8.373904995738611
19,8,7.60473504303548
19,9,8.922239379474899
19,10,12.65004407738552
19,11,13.082398759048246
19,12,11.224780959872088
19,13,12.602378027751316
19,14,13.935126470023087
19,15,13.187026170577049
19,16,10.181797541687951
19,17,6.852068787914946
19,18,3.8102178259355366
19,20,3.8243588767620573
19,21,6.35655590608313
19,22,9.913336003493233
19,23,13.140392914939502
19,24,16.559891497124127
19,25,20.063672243061212
19,26,23.54800259874507
19,27,22.736923695118122
19,28,24.80746394736448
19,29,24.370433455254407
19,30,21.637760484458617
