1,2,3.8144065282659825
1,3,6.473948057544459
1,4,10.25638319917588
1,5,13.375500424355398
1,6,16.741403193207546
1,7,19.95068119295147
1,8,23.35442523825886
1,9,26.844113606504116
1,10,27.670386225824632
1,11,30.69308064756367
1,12,31.239240145495412
1,13,34.634719354745386
1,14,36.77307592948305
1,15,38.304424042668025
1,16,36.165946769031464
1,17,33.18117720551188
1,18,29.679270259019816
1,19,26.718473316231073
1,20,23.17179592875393
1,21,20.379838648059454
1,22,17.041248565026912
1,23,14.252632861766637
1,24,10.912710821795656
1,25,8.241664947333335
1,26,6.2817587839069455
1,27,9.120296278270725
1,28,12.127660059007592
1,29,14.051432354576548
1,30,16.492472131047357
1,31,16.920300147416903
1,32,19.106160207732607
1,33,18.612364174830702
1,34,21.49378243743827
1,35,22.288938773515888
1,36,25.213773950824354
1,37,27.648222655256404
1,38,28.68492663142048
1,39,31.199707590075896
1,40,30.83423786632463
1,41,30.488036949334973
1,42,30.49073027786363
1,43,29.20105011979721
1,44,32.38231395327559
1,45,33.16369459553743
1,46,31.167912825001338
1,47,32.695741426203604
1,48,30.81285904753798
1,49,28.021173101982544
1,50,26.240067072327083
1,51,24.225186570124567
1,52,21.9731947795572
1,53,20.49827661140336
1,54,17.213954050144718
1,55,17.45643056601171
1,56,17.77716019320125
1,57,21.289840502646047
1,58,20.484491022758064
1,59,17.45942752270478
1,60,15.155621626832005
1,61,17.13839403102609
1,62,20.12091134636144
1,63,22.533711955599728
1,64,25.200165530147377
1,65,28.606266765786305
1,66,29.522979771911164
1,67,32.705014385178835
1,68,34.4712054308992
1,69,38.2820467870455
1,70,40.75278317041368
1,71,37.64228949532387
1,72,35.75199363289685
1,73,32.050350423075
1,74,29.84327921339443
1,75,26.30846614136561
1,76,23.888939472912504
1,77,21.646908025706097
1,78,18.71473751198063
1,79,18.132707978726177
1,80,16.449304190286544
1,81,15.513979538718685
1,82,11.850401351117123
1,83,12.650476621007392
1,84,15.898523140631506
1,85,16.57877633176542
1,86,20.11415682983892
1,87,21.951569014722697
1,88,25.671424650735922
1,89,27.670519143375245
1,90,31.28983615782592
1,91,33.87492114473975
1,92,37.135221056924905
1,93,40.15544703494768
2,1,3.8144065282659825
2,3,3.8206860848627673
2,4,7.13954869147245
2,5,10.66215918733792
2,6,13.76659910521141
2,7,17.1517084256385
2,8,20.481182539142818
2,9,24.128070646104494
2,10,25.2470426178399
2,11,28.07813700362493
2,12,28.292701551448452
2,13,31.594298483494597
2,14,33.587654030662286
2,15,34.96197507686508
2,16,32.861685269240496
2,17,29.782687234216283
2,18,26.382643988370234
2,19,23.406138839176858
2,20,19.826243973626127
2,21,17.119032619591337
2,22,13.600304264309528
2,23,11.061358299894199
2,24,7.5549166158874455
2,25,5.754968100674355
2,26,4.721953660847329
2,27,6.649350014585775
2,28,10.253296327238429
2,29,11.64658143419054
2,30,13.494155318745843
2,31,13.519539554735797
2,32,15.439084163061242
2,33,14.822669200271017
2,34,17.737569502586126
2,35,18.604173067341012
2,36,21.640444402696563
2,37,24.23972353263674
2,38,25.431670700497328
2,39,28.1577304362637
2,40,28.10619796805125
2,41,27.963908022590985
2,42,27.870313625195397
2,43,26.252925266534128
2,44,29.35717751151548
2,45,29.91165268169987
2,46,27.73589403092898
2,47,29.191784056670592
2,48,27.177650030551128
2,49,24.304544937679363
2,50,22.449928275391034
2,51,20.41323030652864
2,52,18.19380113259734
2,53,16.854952022378736
2,54,13.70792728563255
2,55,14.407754935915573
2,56,15.295864137635427
2,57,18.607073198562237
2,58,17.532873254184416
2,59,14.882014008001436
2,60,12.082144251324255
2,61,13.908218327048974
2,62,16.637871788653566
2,63,18.99995482048219
2,64,21.549005461461892
2,65,25.020962258372656
2,66,25.943927070150615
2,67,29.203053078507736
2,68,31.059107484577396
2,69,34.860484015662294
2,70,37.42450067897627
2,71,34.82573610663114
2,72,33.139492267906874
2,73,29.38404654871055
2,74,26.92340341903536
2,75,23.356361242948644
2,76,20.736659665841543
2,77,18.364064543352978
2,78,15.214694342957827
2,79,14.63576186290614
2,80,12.91324237941947
2,81,12.399324835115412
2,82,8.82005006675312
2,83,9.56656345918007
2,84,12.90636262766578
2,85,13.727264154918851
2,86,17.34163042280706
2,87,19.383666826484045
2,88,23.182514809711883
2,89,25.032092095872297
2,90,28.738980790004117
2,91,31.081073909064507
2,92,34.35117037359353
2,93,37.20627481466205
3,1,6.473948057544459
3,2,3.8206860848627673
3,4,3.8200511848448286
3,5,7.043120495679157
3,6,10.276924334622109
3,7,13.578876672796456
3,8,16.928431244154616
3,9,20.490458793849395
3,10,21.5179912572585
3,11,24.452722176614092
3,12,24.85879402422437
3,13,28.199786589072623
3,14,30.37582100453066
3,15,31.878168134656864
3,16,29.70830804903749
3,17,26.774605583668542
3,18,23.238086394563332
3,19,20.364916290824244
3,20,16.777721988578865
3,21,14.145972199230018
3,22,10.919257932489577
3,23,8.585909492625268
3,24,5.941845073430455
3,25,5.274980201853334
3,26,6.744426075430456
3,27,8.66879706202645
3,28,12.44890802235212
3,29,13.764480062352058
3,30,14.73581668047642
3,31,14.277794962853454
3,32,15.36605678479193
3,33,13.935061618414016
3,34,16.367701768544762
3,35,16.49061876200191
3,36,19.42091833328241
3,37,21.680784957676586
3,38,23.07803189107526
3,39,25.73769780257489
3,40,25.551048988789965
3,41,25.618491757709208
3,42,25.951841338001636
3,43,24.316031745488235
3,44,27.635583353740607
3,45,27.96147397394538
3,46,25.716228096633202
3,47,26.86846725682525
3,48,24.918017083689833
3,49,22.368871266557615
3,50,20.66325790742082
3,51,19.183557341229196
3,52,17.01321293954554
3,53,16.3587552917861
3,54,13.393850356588551
3,55,14.815931815651743
3,56,15.91042587961304
3,57,18.73490839286648
3,58,16.910800986838968
3,59,14.399244765252883
3,60,11.50700686442369
3,61,12.291933597371113
3,62,14.78276787700621
3,63,16.65208896673242
3,64,19.205226723239427
3,65,22.437518998354406
3,66,23.267902168750307
3,67,26.382709425418984
3,68,28.199050954732165
3,69,32.028696071989415
3,70,34.58441030737256
3,71,31.855319899932425
3,72,29.97700964207517
3,73,26.281769046876455
3,74,23.985317629580667
3,75,20.57997909014292
3,76,17.861105762300042
3,77,15.966479668385162
3,78,13.0736999009298
3,79,13.414334837245564
3,80,12.610698497456651
3,81,13.190388917162869
3,82,9.756868526012916
3,83,9.070285400247803
3,84,11.619147459508156
3,85,11.437574437882544
3,86,14.731833109457424
3,87,16.286141019217972
3,88,20.061004242519175
3,89,21.682328366798046
3,90,25.31331975822076
3,91,27.697294570510262
3,92,30.88268588668782
3,93,33.83288252640392
4,1,10.25638319917588
4,2,7.13954869147245
4,3,3.8200511848448286
4,5,3.8285891952839193
4,6,6.631529443958729
4,7,10.069569496059547
4,8,13.34578272121569
4,9,17.020096901162706
4,10,18.340987170691328
4,11,21.128960100352277
4,12,21.3016512536807
4,13,24.55078578862092
4,14,26.70599233670861
4,15,28.10893503717373
4,16,25.910079082212615
4,17,22.9560029217273
4,18,19.433707695422545
4,19,16.587185571372405
4,20,12.967115365271567
4,21,10.472750661571636
4,22,7.297453115065064
4,23,5.695067700989829
4,24,4.439165890363736
4,25,6.228919720061492
4,26,9.038614463332939
4,27,9.929724326585168
4,28,13.535888949075888
4,29,14.338430888148995
4,30,14.298347430155221
4,31,13.285668647858527
4,32,13.502699033618125
4,33,11.456739236684474
4,34,13.475334943505526
4,35,13.094209264041128
4,36,16.071742034897518
4,37,18.267926118846276
4,38,19.995931071898124
4,39,22.82056831786183
4,40,22.884342268496763
4,41,23.295654393923225
4,42,23.78752429177454
4,43,21.83317012591464
4,44,25.151904461127824
4,45,25.09516591872614
4,46,22.626372797244677
4,47,23.479408679069543
4,48,21.41504298166175
4,49,19.00635218767346
4,50,17.30398548530896
4,51,16.20943251421377
4,52,14.125439877701442
4,53,14.112401226057916
4,54,11.591339221673415
4,55,13.795698810639974
4,56,15.388169712247072
4,57,17.58671974971872
4,58,15.164593913414796
4,59,13.258242715619668
4,60,10.121009857309271
4,61,9.839378863560098
4,62,11.723360169688771
4,63,13.123922585806973
4,64,15.556686498152423
4,65,18.686599717311267
4,66,19.49837438766697
4,67,22.61439616338405
4,68,24.527312533197016
4,69,28.364340020818755
4,70,31.022738658468654
4,71,28.76683389045066
4,72,26.982545230158337
4,73,23.301171498416384
4,74,20.861699635896013
4,75,17.57815380529396
4,76,14.562387278172642
4,77,12.92967335394305
4,78,10.031600417660679
4,79,11.15366351919663
4,80,11.045824450790938
4,81,12.71516691116731
4,82,9.966780150315248
4,83,8.447129581013462
4,84,10.12324104894612
4,85,9.320733011076754
4,86,12.237845361948809
4,87,13.590605752967258
4,88,17.34777160855518
4,89,18.59224964064244
4,90,22.22843294375707
4,91,24.3584313447427
4,92,27.476097486710174
4,93,30.310015391742706
5,1,13.375500424355398
5,2,10.66215918733792
5,3,7.043120495679157
5,4,3.8285891952839193
5,6,3.82567188634571
5,7,6.582070962702079
5,8,10.120728542838055
5,9,13.631811701036536
5,10,15.06237864227579
5,11,18.07843962586865
5,12,18.518172359679724
5,13,21.693748276370318
5,14,24.18494173985954
5,15,25.618264137396604
5,16,23.18755466655523
5,17,20.38731290157302
5,18,16.699652713876493
5,19,13.884379398441425
5,20,10.48956612584551
5,21,7.952783519140261
5,22,5.942700608853345
5,23,5.044200494168727
5,24,6.363705665371566
5,25,8.445397683201843
5,26,11.91101441721309
5,27,12.952983642480111
5,28,16.27865437460018
5,29,17.242181873186322
5,30,16.690790269897317
5,31,15.669338137881326
5,32,15.263932388111535
5,33,12.792686708252612
5,34,14.119181643479202
5,35,12.735421867389901
5,36,15.498493777825423
5,37,17.157393041375254
5,38,19.31201033557107
5,39,22.047269134780016
5,40,22.038515418132942
5,41,22.81498061878455
5,42,23.84166863421428
5,43,21.836362573089442
5,44,25.26139011418191
5,45,24.799033996913938
5,46,22.194918138750957
5,47,22.479104129878127
5,48,20.39707581342319
5,49,18.484485359307083
5,50,16.85601828247727
5,51,16.500135382074593
5,52,14.415677559657002
5,53,15.052791607355022
5,54,12.875498429675503
5,55,15.309643431151985
5,56,16.707567722805063
5,57,18.278119136225822
5,58,15.26944086500397
5,59,13.598961949840476
5,60,11.026500590034146
5,61,9.462843227931764
5,62,10.889428848690498
5,63,11.548810943402925
5,64,14.075083080829044
5,65,16.731903916763777
5,66,17.643545467538747
5,67,20.57017180609708
5,68,22.577946738790008
5,69,26.404649512084312
5,70,29.135837736406064
5,71,27.035651363635743
5,72,25.015655248628082
5,73,21.510141491948335
5,74,19.33170531140041
5,75,16.484496853733933
5,76,13.290439189491098
5,77,12.656402823280859
5,78,10.391999817739675
5,79,12.659531335727761
5,80,13.387169719825884
5,81,15.733291992752504
5,82,13.39729920325265
5,83,11.368439278944264
5,84,12.034244340548875
5,85,10.130695838262245
5,86,12.02305564977645
5,87,12.336980297527221
5,88,15.818035308960871
5,89,16.410352104338372
5,90,19.811481331011244
5,91,21.85158955061512
5,92,24.71283740104185
5,93,27.623335054115234
6,1,16.741403193207546
6,2,13.76659910521141
6,3,10.276924334622109
6,4,6.631529443958729
6,5,3.82567188634571
6,7,3.817277768229366
6,8,6.722937039740042
6,9,10.449454162539222
6,10,12.077232361087603
6,11,14.728531458709776
6,12,14.841690946643503
6,13,18.02421698477714
6,14,20.401154376461484
6,15,21.885063572015067
6,16,19.597709587045728
6,17,16.906376052489524
6,18,13.222761334915292
6,19,10.772392712524953
6,20,7.221366049707134
6,21,5.798606393563905
6,22,4.947365240133362
6,23,6.59646103027031
6,24,8.883915596991818
6,25,11.771834991167799
6,26,15.205794777945242
6,27,15.613927006936718
6,28,18.7704822174668
6,29,19.13420971061618
6,30,17.92113112401582
6,31,16.26567285338467
6,32,14.945514385864358
6,33,11.862679603518515
6,34,12.180249826206712
6,35,9.971224578129576
6,36,12.31375625280337
6,37,13.604413639845788
6,38,15.972817165350076
6,39,18.720869595271253
6,40,18.901225003043393
6,41,19.99427473911489
6,42,21.187879409709094
6,43,18.992272723609396
6,44,22.367369079512567
6,45,21.592927147736173
6,46,18.92156498639095
6,47,18.93174792462258
6,48,16.95496234661263
6,49,15.42415920566781
6,50,14.193465756796845
6,51,14.576045425039055
6,52,13.110379257124059
6,53,14.69809961426458
6,54,13.442121210590468
6,55,16.499886907832508
6,56,18.42332284485167
6,57,19.40366853886763
6,58,16.07254681472102
6,59,15.270176701966001
6,60,12.620429032139986
6,61,10.200710157888054
6,62,10.223357001487985
6,63,9.612812031787294
6,64,11.392207916599896
6,65,13.651173112018373
6,66,14.143053001289323
6,67,16.88378131590357
6,68,18.78175397904438
6,69,22.6038349999575
6,70,25.319748232430538
6,71,23.470514770929856
6,72,21.583774889811338
6,73,18.107687157071826
6,74,15.815577911906205
6,75,13.181258377497201
6,76,9.820970619262688
6,77,9.796473676004567
6,78,8.221493940558428
6,79,11.35347327433027
6,80,13.022496813864528
6,81,16.05075363766581
6,82,14.421714214075669
6,83,11.836926103982734
6,84,11.357933170695071
6,85,8.867143564941731
6,86,9.727173054964984
6,87,9.614129714596377
6,88,12.848174936177472
6,89,13.040384606662446
6,90,16.448410210266918
6,91,18.24055342538576
6,92,21.126672455371253
6,93,23.9311670876605
7,1,19.95068119295147
7,2,17.1517084256385
7,3,13.578876672796456
7,4,10.069569496059547
7,5,6.582070962702079
7,6,3.817277768229366
7,8,3.8159038737685074
7,9,7.219715760167164
7,10,9.4093064967933
7,11,12.249926008018459
7,12,12.594479861148447
7,13,15.491368792071341
7,14,18.297796989973598
7,15,19.67521051135079
7,16,17.03543466407886
7,17,14.542220129113083
7,18,10.728088924563295
7,19,8.385526332965098
7,20,5.723868741663422
7,21,4.914338553903631
7,22,6.60676769647688
7,23,8.531921295756716
7,24,11.674477399142734
7,25,14.417493563845348
7,26,18.094135036645827
7,27,18.590787737971862
7,28,21.487689519882267
7,29,22.016299896757804
7,30,20.509315559931547
7,31,19.030167099084483
7,32,17.42926503922155
7,33,14.399901793835951
7,34,14.225472306331657
7,35,11.35395770737602
7,36,13.231432416098636
7,37,13.813026639586896
7,38,16.64128848037873
7,39,19.21054327085604
7,40,19.428084965475232
7,41,20.937355471590603
7,42,22.58741433366471
7,43,20.35228480551396
7,44,23.627001871347627
7,45,22.370741863480234
7,46,19.585206842194786
7,47,18.859709634884265
7,48,16.848916491607646
7,49,15.968543205513601
7,50,14.799884528773756
7,51,15.890635958137727
7,52,14.459113199725028
7,53,16.417140271392693
7,54,15.479567992027157
7,55,18.440128507453917
7,56,20.07768770874803
7,57,20.475345091677884
7,58,16.832766215611322
7,59,16.33868102685414
7,60,14.384654786813737
7,61,11.263456576224058
7,62,10.735834709976864
7,63,9.239158223737167
7,64,10.879406193686112
7,65,12.249351452175343
7,66,12.964484081415074
7,67,15.365370212131207
7,68,17.44827473919846
7,69,21.147842558165788
7,70,23.981196942224386
7,71,22.661061873258284
7,72,20.608088328494436
7,73,17.499108720864324
7,74,15.580256503316184
7,75,13.75088685788173
7,76,10.462738051190858
7,77,11.649546944180546
7,78,10.868906561743245
7,79,14.379397081321228
7,80,16.29175177189066
7,81,19.543529503729353
7,82,18.142122495879455
7,83,15.580250803101558
7,84,14.78915467255989
7,85,12.006720783707209
7,86,11.896952434118164
7,87,10.689151277111899
7,88,13.10053374897367
7,89,12.203728122471565
7,90,15.052601024565517
7,91,16.482491490452855
7,92,18.889220933287174
7,93,21.674272858534334
8,1,23.35442523825886
8,2,20.481182539142818
8,3,16.928431244154616
8,4,13.34578272121569
8,5,10.120728542838055
8,6,6.722937039740042
8,7,3.8159038737685074
8,9,3.8491577285974494
8,10,6.431609073946921
8,11,8.684105994634516
8,12,8.793477470214642
8,13,11.71248753988781
8,14,14.578746536014158
8,15,16.161221785582864
8,16,13.689498692010185
8,17,11.64105640011399
8,18,7.85482872418978
8,19,6.75864196358811
8,20,5.112127425075358
8,21,6.77134064455915
8,22,9.260867631820739
8,23,11.950423220752345
8,24,15.095340779102882
8,25,18.0663418042494
8,26,21.680102494532644
8,27,21.93022167822973
8,28,24.771738340990098
8,29,24.946288726587767
8,30,23.11054511794092
8,31,21.23583611938001
8,32,19.066843307532164
8,33,15.763642226116481
8,34,14.653185779737383
8,35,11.166359094228833
8,36,12.004287855430466
8,37,11.62616825404168
8,38,14.559694635141712
8,39,16.8184216498143
8,40,17.100156318606103
8,41,18.96966897694698
8,42,20.933175475667515
8,43,18.70817623612264
8,44,21.827895289183015
8,45,20.23713155927826
8,46,17.56389012589468
8,47,16.35869840926616
8,48,14.71768639601709
8,49,14.665611852401
8,50,14.213239449258895
8,51,16.16854381877215
8,52,15.508273494141946
8,53,18.13284540564794
8,54,17.905009200188537
8,55,21.1354336337274
8,56,23.058055933176206
8,57,23.0835166635251
8,58,19.364051645426493
8,59,19.419718532868323
8,60,17.47579731868322
8,61,14.13006317084132
8,62,12.713289401633528
8,63,10.149810814066324
8,64,10.510611724979201
8,65,10.763965660678664
8,66,10.697448866943855
8,67,12.400601200904823
8,68,14.171256081789288
8,69,17.76130945835592
8,70,20.485810777092468
8,71,19.330686959518804
8,72,17.32353797241886
8,73,14.468411935138924
8,74,12.755180232988476
8,75,11.682891622770775
8,76,8.768182819747421
8,77,11.083102534727825
8,78,11.4776174497827
8,79,15.278609632835217
8,80,17.81918191393921
8,81,21.345371192508075
8,82,20.392863443745444
8,83,17.526978836633415
8,84,15.964590821176401
8,85,12.925781055946036
8,86,11.676602709591851
8,87,9.719662054629136
8,88,11.136741462258557
8,89,9.341258403062298
8,90,11.791383706239873
8,91,12.833434292839605
8,92,15.121620899722544
8,93,17.859601078908565
9,1,26.844113606504116
9,2,24.128070646104494
9,3,20.490458793849395
9,4,17.020096901162706
9,5,13.631811701036536
9,6,10.449454162539222
9,7,7.219715760167164
9,8,3.8491577285974494
9,10,3.8389316774724644
9,11,5.769636492338998
9,12,6.601214209605539
9,13,9.102427331588737
9,14,12.511056770305222
9,15,14.29226512806796
9,16,11.767444490524987
9,17,10.658943540785451
9,18,7.325237161358238
9,19,7.7548249309056825
9,20,7.904215360550169
9,21,10.013241082603514
9,22,12.952594531020774
9,23,15.536087033450707
9,24,18.804479539941994
9,25,21.63672207622
9,26,25.30738808217632
9,27,25.68265334860336
9,28,28.477783044947472
9,29,28.713436583185732
9,30,26.787820795674886
9,31,24.92391565044058
9,32,22.600506197720275
9,33,19.300967657427194
9,34,17.83348719831809
9,35,14.148267310910118
9,36,14.257353322918252
9,37,12.965441958412379
9,38,15.783790014602399
9,39,17.444137229747973
9,40,17.525931188072928
9,41,19.658633887694844
9,42,22.087729404623555
9,43,20.111575354574047
9,44,23.05481102634356
9,45,21.197184107071777
9,46,18.77136616016602
9,47,16.987996784146414
9,48,15.79349307447353
9,49,16.58760797886438
9,50,16.573672117173786
9,51,19.0372411384304
9,52,18.648929898181848
9,53,21.46763190763905
9,54,21.449484281327393
9,55,24.61993208829058
9,56,26.410144529810836
9,57,26.15376955451694
9,58,22.360260687055433
9,59,22.563469666129023
9,60,20.948206990886728
9,61,17.442119887851312
9,62,15.833363105838558
9,63,12.9209106678209
9,64,12.778006575241992
9,65,11.896772957494276
9,66,11.480251376229647
9,67,12.098096441140942
9,68,13.468545995740893
9,69,16.627594709385516
9,70,19.137841980115923
9,71,18.087055441577505
9,72,15.854606427049067
9,73,13.686893299937173
9,74,12.798962614233718
9,75,12.850549722442041
9,76,10.761212776003914
9,77,13.812445286993531
9,78,14.86525207375618
9,79,18.69668341183668
9,80,21.448492124979786
9,81,25.028788957136104
9,82,24.15093922025344
9,83,21.165237178832808
9,84,19.332982083965838
9,85,16.10735998930573
9,86,14.242818509266732
9,87,11.56470646548168
9,88,11.795683372202785
9,89,8.96307050536459
9,90,10.17000066628251
9,91,10.742592330654888
9,92,12.314758055538555
9,93,15.127918187973096
10,1,27.670386225824632
10,2,25.2470426178399
10,3,21.5179912572585
10,4,18.340987170691328
10,5,15.06237864227579
10,6,12.077232361087603
10,7,9.4093064967933
10,8,6.431609073946921
10,9,3.8389316774724644
10,11,3.833263301047602
10,12,6.688100072397504
10,13,9.622945405717859
10,14,12.972869997179249
10,15,15.555578779093945
10,16,13.708197370486701
10,17,13.421821744683015
10,18,10.502897774996718
10,19,11.454148423730604
10,20,11.152802890784137
10,21,13.143740442098501
10,22,15.553612814528927
10,23,17.917691936256485
10,24,20.833530890849296
10,25,23.423855919502792
10,26,26.97146349374636
10,27,27.66504665700793
10,28,30.73780866986858
10,29,31.030894587109177
10,30,29.375276190805522
10,31,27.36189971015767
10,32,25.104258260102334
10,33,21.59353846867511
10,34,19.993031082537765
10,35,16.31093164742775
10,36,15.917484323315485
10,37,14.05147646891033
10,38,16.125785022858107
10,39,17.026107635381216
10,40,16.31230271012557
10,41,18.246610980433818
10,42,21.156390337838477
10,43,19.812473173267485
10,44,22.91452725869913
10,45,21.43859359836129
10,46,19.601070271576383
10,47,18.08202984024938
10,48,17.637246270940693
10,49,18.74241107011963
10,50,19.273765644131966
10,51,21.77027139940057
10,52,21.635663932231104
10,53,24.456276283868135
10,54,24.28990031467895
10,55,27.52237201447528
10,56,29.352033162380476
10,57,29.407619556867886
10,58,25.65249157230255
10,59,25.548809364501103
10,60,23.716975145618278
10,61,20.42269602230926
10,62,19.106456455674035
10,63,16.35920457258243
10,64,16.120555586929438
10,65,15.281716745604546
10,66,14.219517268983836
10,67,14.224363001073808
10,68,14.64443938530576
10,69,17.536016918227247
10,70,19.385725327817383
10,71,16.58941435696622
10,72,13.752225812425685
10,73,11.8553054496526
10,74,11.945520440242992
10,75,12.420529377183186
10,76,11.287899274503644
10,77,14.629833172990569
10,78,16.265986376539516
10,79,20.04744452260828
10,80,23.072982314863026
10,81,26.498060596130887
10,82,25.395651723883613
10,83,22.081943416288514
10,84,19.947397153376798
10,85,16.382908009800587
10,86,14.047891838606466
10,87,10.681465862148356
10,88,10.10044593029845
10,89,7.204997932039097
10,90,7.745251675507878
10,91,9.270436081346332
10,92,10.97117126938297
10,93,14.38787580995272
11,1,30.69308064756367
11,2,28.07813700362493
11,3,24.452722176614092
11,4,21.128960100352277
11,5,18.07843962586865
11,6,14.728531458709776
11,7,12.249926008018459
11,8,8.684105994634516
11,9,5.769636492338998
11,10,3.833263301047602
11,12,3.817616010393423
11,13,6.457992360748271
11,14,9.575653889935426
11,15,12.542448965268866
11,16,11.363356829082537
11,17,11.951007412748588
11,18,9.919583760787903
11,19,12.073149830011365
11,20,12.428425431305042
11,21,15.20788332983164
11,22,17.751417151190907
11,23,20.57900061228285
11,24,23.516196600656073
11,25,26.393397607783267
11,26,29.897759568568006
11,27,30.259198475139478
11,28,33.242548040952514
11,29,33.18260825648967
11,30,31.243521103628577
11,31,28.93490730238646
11,32,26.291958205425892
11,33,22.723062054756504
11,34,20.54588600971037
11,35,16.76282813991772
11,36,15.553675576478138
11,37,12.945807610435255
11,38,14.773617485972432
11,39,15.170571895669575
11,40,14.649001936754953
11,41,16.926280155757834
11,42,19.9406130457507
11,43,18.626951335287956
11,44,21.327429620603844
11,45,19.539294987112584
11,46,17.967907807346986
11,47,16.05159297227032
11,48,16.161288839833293
11,49,17.994984915146244
11,50,19.137901503482915
11,51,22.10658116332822
11,52,22.563517776127203
11,53,25.748274429591522
11,54,26.108880246336433
11,55,29.524871496276674
11,56,31.63209817845687
11,57,31.4343732290784
11,58,27.691161554969767
11,59,28.0223279796914
11,60,26.10273293028469
11,61,22.715497387256246
11,62,20.86296020862597
11,63,17.678087185436972
11,64,16.613726304423032
11,65,15.075776071813689
11,66,13.28527208732083
11,67,12.300591739962396
11,68,11.974051512399118
11,69,14.413189727375194
11,70,15.928069453340488
11,71,13.392136059841462
11,72,10.780147455090422
11,73,9.519700176838274
11,74,10.068854731777316
11,75,11.660038764029565
11,76,11.32573798204445
11,77,15.053220771253716
11,78,17.329111393376028
11,79,21.01801492669206
11,80,24.32469634829091
11,81,27.877449454725053
11,82,27.221117697684594
11,83,23.849960066847263
11,84,21.286373956901862
11,85,17.887416951366667
11,86,14.994513194868002
11,87,11.674461592844798
11,88,10.009470771639544
11,89,6.323701099578372
11,90,5.326474817899772
11,91,5.700691300977627
11,92,7.163700224039761
11,93,10.589347601187507
12,1,31.239240145495412
12,2,28.292701551448452
12,3,24.85879402422437
12,4,21.3016512536807
12,5,18.518172359679724
12,6,14.841690946643503
12,7,12.594479861148447
12,8,8.793477470214642
12,9,6.601214209605539
12,10,6.688100072397504
12,11,3.817616010393423
12,13,3.8101233192936994
12,14,6.468603555967355
12,15,9.264914088871597
12,16,8.323349386432039
12,17,8.834122598105042
12,18,7.3774563225085785
12,19,10.249463384952449
12,20,11.0226436261407
12,21,14.413238773996566
12,22,17.01240216099298
12,23,20.289061140321355
12,24,23.266815582696932
12,25,26.49443421714771
12,26,29.95037171209248
12,27,29.827347091487248
12,28,32.58897497716193
12,29,32.15205138423548
12,30,29.876607692457316
12,31,27.37322091255119
12,32,24.407337564273384
12,33,20.926035746489543
12,34,18.361821582888595
12,35,14.587186528615527
12,36,12.968866997467634
12,37,10.15875914074197
12,38,12.332174661778986
12,39,13.077346275861531
12,40,13.472407720508137
12,41,16.094934322162832
12,42,18.64832091775109
12,43,16.793286303967943
12,44,19.105102965106564
12,45,16.831838093258238
12,46,14.96979621408083
12,47,12.639918180506452
12,48,12.675504630387877
12,49,14.852484987258187
12,50,16.247557059020338
12,51,19.516697801130167
12,52,20.392215686613124
12,53,23.83412534628713
12,54,24.709663740390283
12,55,28.24337041321194
12,56,30.61871427586801
12,57,30.15021893401488
12,58,26.485608050433
12,59,27.30297268327515
12,60,25.309437578449177
12,61,21.880093194335647
12,62,19.494336304760942
12,63,15.998207531155177
12,64,14.22875707124035
12,65,12.273787914854095
12,66,9.98611541994312
12,67,8.568736369910091
12,68,8.213266875107632
12,69,10.860622434999659
12,70,12.817554923421644
12,71,12.041554040455784
12,72,10.43591025671363
12,73,8.988864121488541
12,74,8.510882321767397
12,75,10.350141497110457
12,76,9.89134175214003
12,77,13.598164596208294
12,78,16.004065485445118
12,79,19.558228436532836
12,80,22.900307200459526
12,81,26.593953538715677
12,82,26.44328567753931
12,83,23.247395818759514
12,84,20.547784394177857
12,85,17.553311548453728
12,86,14.613599053191152
12,87,11.933157726484126
12,88,10.381774676190735
12,89,6.700215907833224
12,90,6.27584187433242
12,91,4.831163826068105
12,92,6.608282262107911
12,93,9.11995749624212
13,1,34.634719354745386
13,2,31.594298483494597
13,3,28.199786589072623
13,4,24.55078578862092
13,5,21.693748276370318
13,6,18.02421698477714
13,7,15.491368792071341
13,8,11.71248753988781
13,9,9.102427331588737
13,10,9.622945405717859
13,11,6.457992360748271
13,12,3.8101233192936994
13,14,3.8113636896807805
13,15,6.1657248597198135
13,16,5.493436993181715
13,17,7.522692356732381
13,18,7.727733466612877
13,19,11.329095367579773
13,20,13.155732132152433
13,21,16.65157642366024
13,22,19.601153997235095
13,23,22.952684282328846
13,24,26.13011393407493
13,25,29.44066037914815
13,26,32.959263155496224
13,27,32.65873767490115
13,28,35.19670803394871
13,29,34.67426589912679
13,30,32.14023672255703
13,31,29.689059356382472
13,32,26.55155249717021
13,33,23.281811039418766
13,34,20.558363606122857
13,35,16.87601882407563
13,36,15.089457390140396
13,37,12.215207372162201
13,38,14.4313124317624
13,39,14.987235152534781
13,40,15.827605779720455
13,41,18.624005425045326
13,42,21.041934036911695
13,43,19.083491374255555
13,44,20.838786440607148
13,45,18.09593390388587
13,46,16.249534678203414
13,47,13.243740026566705
13,48,13.338269399024394
13,49,16.052849233820382
13,50,17.49439201798124
13,51,21.035540654131438
13,52,22.066506808458264
13,53,25.616240075340762
13,54,26.82527844153113
13,55,30.278276672183722
13,56,32.60493066361195
13,57,31.72924752072142
13,58,28.081256689639925
13,59,29.264617875055386
13,60,27.56714358357167
13,61,23.9936577164424
13,62,21.285760386548116
13,63,17.57942018214015
13,64,15.4417859602535
13,65,12.670222368198672
13,66,10.465927314507331
13,67,8.000918684678282
13,68,7.471711316640774
13,69,9.03716024411794
13,70,11.053240963480116
13,71,12.56376872272534
13,72,11.657026122947547
13,73,11.263075860746309
13,74,11.07347899112682
13,75,13.428517763637961
13,76,13.110957030810596
13,77,16.664382173293678
13,78,18.99720075377592
13,79,22.433925919436806
13,80,25.68456872706287
13,81,29.454662608870315
13,82,29.57097390555686
13,83,26.534731429812233
13,84,23.858200143539843
13,85,21.064899951928645
13,86,18.156840486224887
13,87,15.660882278593752
13,88,13.940749223329231
13,89,10.272522934600554
13,90,8.973230298252576
13,91,6.055095292728215
13,92,5.602786481208084
13,93,6.695424118807448
14,1,36.77307592948305
14,2,33.587654030662286
14,3,30.37582100453066
14,4,26.70599233670861
14,5,24.18494173985954
14,6,20.401154376461484
14,7,18.297796989973598
14,8,14.578746536014158
14,9,12.511056770305222
14,10,12.972869997179249
14,11,9.575653889935426
14,12,6.468603555967355
14,13,3.8113636896807805
14,15,3.82097020252838
14,16,5.703482067858892
14,17,8.30897351126669
14,18,9.701844271763472
14,19,13.460987670609398
14,20,15.228545877553657
14,21,18.95498820278043
14,22,21.635002295223664
14,23,25.212325872257182
14,24,28.210849516056857
14,25,31.69761780010735
14,26,35.07120698120952
14,27,34.45120795089785
14,28,36.88401435253102
14,29,35.99321963194935
14,30,33.278542699019276
14,31,30.568328152762486
14,32,27.177196172929403
14,33,23.993106143317164
14,34,20.8682607512152
14,35,17.444827010107286
14,36,15.014830286635984
14,37,11.832479311973565
14,38,13.520479302762208
14,39,13.670565379178292
14,40,15.03623916661513
14,41,17.937499095478888
14,42,20.01997508652232
14,43,18.019282747257236
14,44,19.12325655570455
14,45,16.0777811306957
14,46,14.561596800703716
14,47,11.259904386992353
14,48,12.05872566584395
14,49,15.37168703313337
14,50,17.42491861829737
14,51,21.158970230933587
14,52,22.787987536927456
14,53,26.507975123250358
14,54,28.164406492368993
14,55,31.712867739030198
14,56,34.31364964395861
14,57,33.329422989366144
14,58,29.83519654661035
14,59,31.334486435349092
14,60,29.4728483918178
14,61,26.020901115904035
14,62,23.01249579273048
14,63,19.23279670723227
14,64,16.490446837577352
14,65,13.524415729161396
14,66,10.668487598980867
14,67,7.242055934716972
14,68,5.244246480222654
14,69,5.541191503012683
14,70,7.289093182856993
14,71,10.750833212509656
14,72,11.02721574109455
14,73,11.162465267534746
14,74,10.845580496121952
14,75,13.672290750440848
14,76,13.97099189701384
14,77,17.279999705624427
14,78,19.925379004722384
14,79,23.007886559334064
14,80,26.342012491031394
14,81,30.073392758146237
14,82,30.62199356661295
14,83,27.654414412425332
14,84,24.731777686192043
14,85,22.284269333756207
14,86,19.203012559677514
14,87,17.124343930997522
14,88,15.088257655062879
14,89,11.800822604726738
14,90,10.351136058240135
14,91,6.738906395005572
14,92,6.105220363968821
14,93,5.27610185083079
15,1,38.304424042668025
15,2,34.96197507686508
15,3,31.878168134656864
15,4,28.10893503717373
15,5,25.618264137396604
15,6,21.885063572015067
15,7,19.67521051135079
15,8,16.161221785582864
15,9,14.29226512806796
15,10,15.555578779093945
15,11,12.542448965268866
15,12,9.264914088871597
15,13,6.1657248597198135
15,14,3.82097020252838
15,16,3.816629220252308
15,17,6.864493870732954
15,18,9.646543344622014
15,19,13.36935317217845
15,20,15.801322062065656
15,21,19.460792655345198
15,22,22.318531689501853
15,23,25.92935426143293
15,24,29.05834605497355
15,25,32.6389046309893
15,26,36.019864333787055
15,27,35.121442652448664
15,28,37.23239864361521
15,29,36.23087640386328
15,30,33.24920038733516
15,31,30.672490431238064
15,32,27.19059835148998
15,33,24.352621801888187
15,34,21.262648694472386
15,35,18.075382848539974
15,36,15.894552986048577
15,37,13.264936575460913
15,38,15.373229092478224
15,39,16.042886182181036
15,40,18.00437651460781
15,41,20.922823373448402
15,42,22.572237790540395
15,43,20.163237009201154
15,44,20.881667285136498
15,45,17.456781654522498
15,46,15.530768303582283
15,47,11.830673645451968
15,48,11.953900472953741
15,49,15.258402697993267
15,50,16.97348585232615
15,51,20.753599484727626
15,52,22.39528197435803
15,53,26.096112537795175
15,54,28.07254215642973
15,55,31.465883595412862
15,56,34.01004625120494
15,57,32.62256078306264
15,58,29.245193989743903
15,59,31.144612922078856
15,60,29.57474373425137
15,61,26.082970777996742
15,62,22.789137582356535
15,63,18.96719790937157
15,64,15.984404898866368
15,65,12.5375808362346
15,66,10.157392878203726
15,67,6.5399321521822324
15,68,5.739302543330984
15,69,5.005371652908102
15,70,7.732615945435763
15,71,13.9533323079426
15,72,14.707578846571169
15,73,14.74200248353665
15,74,13.896756265914028
15,75,16.312802988231635
15,76,16.091352426671403
15,77,19.03456734659998
15,78,21.259676877688598
15,79,24.182454571938557
15,80,27.233634082710257
15,81,31.007444499081103
15,82,31.833608866427056
15,83,29.176403136395543
15,84,26.476481331250525
15,85,24.3392379787874
15,86,21.576255287980107
15,87,19.86888060504768
15,88,18.270816548554613
15,89,15.064606068612667
15,90,14.019043733907589
15,91,10.517710770449346
15,92,9.580389390519827
15,93,7.879849456731834
16,1,36.165946769031464
16,2,32.861685269240496
16,3,29.70830804903749
16,4,25.910079082212615
16,5,23.18755466655523
16,6,19.597709587045728
16,7,17.03543466407886
16,8,13.689498692010185
16,9,11.767444490524987
16,10,13.708197370486701
16,11,11.363356829082537
16,12,8.323349386432039
16,13,5.493436993181715
16,14,5.703482067858892
16,15,3.816629220252308
16,17,3.824066820559841
16,18,6.655177618970222
16,19,10.284841040760721
16,20,13.207307200149648
16,21,16.637783756558893
16,22,19.81597421663525
16,23,23.257348782470807
16,24,26.601844477167816
16,25,30.084335759600968
16,26,33.58515265427433
16,27,32.81435017291387
16,28,34.85774108990513
16,29,34.13579456847097
16,30,31.191962715641957
16,31,28.92010218608283
16,32,25.634492039872065
16,33,22.873489714115856
16,34,20.186098528506832
16,35,16.85616611198859
16,36,15.415977477657787
16,37,13.327735863698207
16,38,16.15296999670615
16,39,17.466786930818238
16,40,19.282497911628187
16,41,22.16087903080577
16,42,23.905381924648776
16,43,21.29438872636318
16,44,22.518623998702346
16,45,19.217871445825846
16,46,16.74857862700488
16,47,13.197697849916635
16,48,12.309716623253824
16,49,14.9585292086067
16,50,15.873367984841739
16,51,19.490888145284014
16,52,20.535520744369666
16,53,24.07722075138222
16,54,25.785109631482126
16,55,29.027127324595963
16,56,31.304621705557985
16,57,29.833585996306148
16,58,26.35449448083158
16,59,28.170397702479693
16,60,26.87733881703869
16,61,23.253083930041313
16,62,20.061930332732384
16,63,16.257184797692997
16,64,13.688332040481148
16,65,10.11764857591224
16,66,8.651993547471731
16,67,6.031464715656953
16,68,7.250073979536608
16,69,8.190984513264786
16,70,11.336669754487803
16,71,16.308955644787254
16,72,16.32961864015245
16,73,15.770363035247208
16,74,14.651294445161177
16,75,16.47304200142446
16,76,15.443324196914201
16,77,18.37746100813579
16,78,20.08817902815425
16,79,23.250545111183623
16,80,26.07832373448257
16,81,29.9136099011258
16,82,30.478213225479806
16,83,27.929249669308422
16,84,25.578328689505142
16,85,23.322326794747102
16,86,20.90816766863126
16,87,19.121346469660367
16,88,18.078933928351272
16,89,14.717200378603659
16,90,14.160698395257427
16,91,11.194383051266042
16,92,10.536783757800238
16,93,9.929720536182304
17,1,33.18117720551188
17,2,29.782687234216283
17,3,26.774605583668542
17,4,22.9560029217273
17,5,20.38731290157302
17,6,16.906376052489524
17,7,14.542220129113083
17,8,11.64105640011399
17,9,10.658943540785451
17,10,13.421821744683015
17,11,11.951007412748588
17,12,8.834122598105042
17,13,7.522692356732381
17,14,8.30897351126669
17,15,6.864493870732954
17,16,3.824066820559841
17,18,3.829381144886118
17,19,6.965321746299104
17,20,10.043177935070949
17,21,13.365554677192032
17,22,16.490837210046607
17,23,19.94096582364352
17,24,23.273594909435552
17,25,26.80558791422552
17,26,30.255651202805552
17,27,29.324429062425008
17,28,31.22647980508538
17,29,30.485615749216223
17,30,27.488691126695187
17,31,25.32744726596416
17,32,22.10680870246103
17,33,19.500884557866723
17,34,17.05561057092817
17,35,13.843218318681318
17,36,13.01740976583647
17,37,11.751938216407288
17,38,15.123258954773663
17,39,17.216533988798915
17,40,19.281754539909972
17,41,22.037924680189803
17,42,23.445425350539306
17,43,20.467284768263127
17,44,21.90602201090985
17,45,18.68915240841712
17,46,15.670514137296088
17,47,12.411707490025078
17,48,10.499468075341088
17,49,12.388920078534069
17,50,12.639978608652433
17,51,16.091044272491178
17,52,16.86823999704498
17,53,20.341860775333878
17,54,22.057522951614626
17,55,25.250146324339497
17,56,27.53400080271876
17,57,26.039032852864135
17,58,22.589956940897654
17,59,24.502847915735487
17,60,23.22236452882752
17,61,19.635167906571027
17,62,16.33932125032236
17,63,12.544318326068447
17,64,9.95526371210095
17,65,6.335283157210502
17,66,5.585225615339004
17,67,4.614197608618017
17,68,7.672981633862159
17,69,9.824332792327883
17,70,13.46231963012703
17,71,17.95950494041199
17,72,17.85771301170361
17,73,16.485678697625715
17,74,14.600640929198478
17,75,15.548067435455224
17,76,13.746912756723281
17,77,16.217981941472672
17,78,17.36202507317845
17,79,20.451815407478236
17,80,22.996026097479838
17,81,26.827436662118558
17,82,27.422854217048016
17,83,25.121290163308046
17,84,23.08006617954669
17,85,21.07262835454597
17,86,19.132077841894617
17,87,17.802865536861546
17,88,17.51466931333975
17,89,14.525778401367125
17,90,14.963215981493603
17,91,12.690482822193054
17,92,13.029936604247794
17,93,13.12205231208153
18,1,29.679270259019816
18,2,26.382643988370234
18,3,23.238086394563332
18,4,19.433707695422545
18,5,16.699652713876493
18,6,13.222761334915292
18,7,10.728088924563295
18,8,7.85482872418978
18,9,7.325237161358238
18,10,10.502897774996718
18,11,9.919583760787903
18,12,7.3774563225085785
18,13,7.727733466612877
18,14,9.701844271763472
18,15,9.646543344622014
18,16,6.655177618970222
18,17,3.829381144886118
18,19,3.8257187740073952
18,20,6.61256880533369
18,21,9.99151285323246
18,22,13.225635738384183
18,23,16.61149037276471
18,24,19.997259742125078
18,25,23.44154532983304
18,26,26.97166156376629
18,27,26.32199038437785
18,28,28.467562660290255
18,29,27.98992684526275
18,30,25.264215894232823
18,31,23.1849649723677
18,32,20.209934483175285
18,33,17.34805157682222
18,34,15.248187070378348
18,35,11.749798832841009
18,36,11.515224450246299
18,37,10.564202716517244
18,38,14.15760104706949
18,39,16.515837544668987
18,40,18.13349976994176
18,41,20.703924286224574
18,42,22.281603743942412
18,43,19.401561580371535
18,44,21.44264523526533
18,45,18.66960786972951
18,46,15.571001667526566
18,47,12.924156401364757
18,48,10.832775372516622
18,49,11.972911585727816
18,50,11.827485377465365
18,51,14.952721363874122
18,52,15.214527582111621
18,53,18.5570035792329
18,54,19.7434370966874
18,55,23.005696698284268
18,56,25.206279127442567
18,57,24.10177171642726
18,58,20.478602096699607
18,59,21.927335049958206
18,60,20.474421540098778
18,61,16.828482869919174
18,62,13.871892236980054
18,63,10.110434716060825
18,64,8.219475150681614
18,65,5.585509542031167
18,66,5.301562103601059
18,67,6.092226395749946
18,68,9.017650540947667
18,69,12.07979709331432
18,70,15.508020581748793
18,71,18.040104385317473
18,72,17.278387785831
18,73,15.310202969343292
18,74,13.295061983268969
18,75,13.609653635247255
18,76,11.259484660511866
18,77,13.785136747445451
18,78,14.678479278140603
18,79,18.069203777327907
18,80,20.62478740078813
18,81,24.454345956879582
18,82,24.634498315579535
18,83,22.200385421770683
18,84,20.310853472888954
18,85,18.04639088291518
18,86,16.304495500177527
18,87,14.852238576670118
18,88,15.048524007580886
18,89,12.22452496788586
18,90,13.323655551092854
18,91,11.973072626184754
18,92,13.076093119341138
18,93,14.234162389622618
19,1,26.718473316231073
19,2,23.406138839176858
19,3,20.364916290824244
19,4,16.587185571372405
19,5,13.884379398441425
19,6,10.772392712524953
19,7,8.385526332965098
19,8,6.75864196358811
19,9,7.7548249309056825
19,10,11.454148423730604
19,11,12.073149830011365
19,12,10.249463384952449
19,13,11.329095367579773
