1,2,3.8065865455189147
1,3,7.144384657773895
1,4,10.225422093643674
1,5,13.216021783113494
1,6,16.231069196540172
1,7,19.750184477198403
1,8,22.90057753785865
1,9,25.610362801611803
1,10,25.73383767156636
1,11,29.322613784344583
1,12,31.149085552947472
1,13,34.90447594649229
1,14,36.853457195494364
1,15,40.3520862349995
1,16,41.14604006765371
1,17,41.25402239313018
1,18,38.84221313758448
1,19,35.412642181280034
1,20,32.295909735630794
1,21,29.208257544373026
1,22,25.752088765550564
1,23,22.76235311046317
1,24,19.20236882996728
1,25,16.801609905306382
1,26,13.553371924549893
1,27,12.245276267446828
1,28,10.747845625535888
1,29,13.51392069279151
1,30,13.388605756899741
1,31,16.407234217083523
1,32,17.378507162467237
1,33,19.64954323880638
1,34,22.23689644177816
1,35,23.358335941125116
1,36,26.158729103934093
1,37,26.823234014449323
1,38,30.181998820116384
1,39,32.95282839590319
1,40,32.08422340863068
1,41,28.550830709781916
1,42,27.081829085232147
1,43,24.5728901498503
1,44,26.712855219935275
1,45,25.0149766663295
1,46,26.92620244290341
1,47,25.44092296475597
1,48,22.592093818138853
1,49,21.484513055093675
1,50,22.79250276821118
1,51,25.997595275175566
1,52,26.307477869777227
1,53,29.986492773793564
1,54,30.7070226211984
1,55,29.787297065446097
1,56,33.14886331131639
1,57,34.80783929753246
1,58,32.28055653086661
1,59,33.63423290684985
1,60,33.985355801832405
1,61,34.16962752529336
1,62,30.372762996996688
1,63,28.572184029838116
1,64,25.24626191933996
1,65,25.659202788011765
1,66,23.252854885833212
1,67,24.21799098032766
1,68,24.841215449571735
1,69,21.903595211411137
1,70,19.525035802188263
1,71,17.24812052549499
1,72,19.88379313069253
1,73,21.64924151413041
1,74,25.03968947101804
1,75,25.584822192345946
1,76,29.364011655090945
1,77,32.045679598989096
1,78,35.374484678261645
1,79,38.54842704269239
1,80,36.919831417751986
1,81,39.08921204816254
1,82,39.72141550479925
1,83,37.93758121016853
1,84,34.70335785037609
1,85,34.250023058901675
1,86,31.295681950010106
1,87,27.638595684780064
1,88,25.07767020959139
1,89,21.320523511020056
1,90,18.820991401588124
1,91,15.864542316645718
1,92,13.297039386842071
1,93,13.453694728207521
1,94,11.803972464038397
1,95,15.008458520894724
1,96,14.154790884361846
1,97,13.080210482589239
1,98,15.957081138463579
1,99,15.618582365384054
1,100,12.001236854986656
1,101,12.561349227713759
1,102,11.53796114269701
1,103,14.666018436750642
1,104,15.895107477373521
1,105,18.603795240497632
1,106,22.06948125950528
1,107,24.93136498729325
1,108,28.67481076223979
1,109,30.999944339895265
1,110,34.72533095341749
1,111,37.450032889927535
1,112,40.95852651467397
1,113,44.50363513612873
2,1,3.8065865455189147
2,3,3.8369048371654797
2,4,6.844689348900841
2,5,9.496361298272001
2,6,12.581107621796315
2,7,16.092965279895104
2,8,19.215936956639723
2,9,21.97827449652419
2,10,22.308135923075444
2,11,25.855636489400858
2,12,27.530102462995625
2,13,31.29318627800557
2,14,33.16683300868397
2,15,36.67822711317341
2,16,37.51899945927956
2,17,37.58152432640945
2,18,35.10385646548097
2,19,31.670578692962117
2,20,28.55836133497793
2,21,25.43212575961793
2,22,21.982656080716016
2,23,18.95828979677197
2,24,15.417117026237326
2,25,13.011033561005386
2,26,9.824874430153871
2,27,8.894626241623996
2,28,7.915302359933833
2,29,12.199440809992403
2,30,11.21742065063216
2,31,13.822699152374549
2,32,14.288562733775581
2,33,16.605421074076006
2,34,18.960977577904
2,35,20.305463326715884
2,36,23.11810987459199
2,37,24.07746679224438
2,38,27.56302146387703
2,39,30.44458373792675
2,40,29.91849318165102
2,41,26.370257944974593
2,42,24.918291023762606
2,43,22.135569405630186
2,44,24.0747113911602
2,45,22.25661047421566
2,46,23.854154496784627
2,47,22.339342952536164
2,48,19.587045684842217
2,49,18.441110466907713
2,50,19.994274703823393
2,51,23.152260118844932
2,52,23.72773593421207
2,53,27.43766511799038
2,54,28.44931938082652
2,55,27.395929939641793
2,56,30.797007154683218
2,57,32.18073047349381
2,58,29.449547416767377
2,59,30.53596804356883
2,60,30.764553478973003
2,61,30.75413759377643
2,62,26.958769751190253
2,63,25.13455875247559
2,64,21.770319546873466
2,65,22.171068098615095
2,66,19.83238382069719
2,67,20.745766477179085
2,68,21.634289228828862
2,69,18.762492990518883
2,70,16.371685784102475
2,71,13.803176310181357
2,72,16.213215556837188
2,73,17.961396657900515
2,74,21.304138815870576
2,75,21.909003576084917
2,76,25.684712230119057
2,77,28.436105174452525
2,78,31.746267475308567
2,79,34.92931193623951
2,80,33.33603799479981
2,81,35.6107996527796
2,82,36.31473735249784
2,83,34.68718208085065
2,84,31.351056228601497
2,85,30.918611048747767
2,86,28.115593395371906
2,87,24.508198730261096
2,88,21.782468817195383
2,89,18.00047022079181
2,90,15.43465081181755
2,91,12.7606622643096
2,92,10.311306924151157
2,93,11.321254729423709
2,94,10.44390732757506
2,95,14.050397526775384
2,96,14.152390068697077
2,97,13.550811586873635
2,98,15.7579590390639
2,99,14.77512796193136
2,100,11.281636184868013
2,101,10.787595163110772
2,102,9.158628451642471
2,103,11.829056956039368
2,104,12.636064323019783
2,105,15.523258938414754
2,106,18.944961442029253
2,107,21.577681596578106
2,108,25.33258395318918
2,109,27.515239614424917
2,110,31.257066083209068
2,111,33.919442524217416
2,112,37.424592759246366
2,113,40.933745075397844
3,1,7.144384657773895
3,2,3.8369048371654797
3,4,3.8076326937801697
3,5,6.619252648507403
3,6,9.177708433198864
3,7,12.779868995844058
3,8,15.848448242209239
3,9,18.50102268209521
3,10,18.628556761735155
3,11,22.240285246273988
3,12,24.11124100675303
3,13,27.887633605181815
3,14,29.967656881956795
3,15,33.53936213192113
3,16,34.57157400242576
3,17,34.86475978027469
3,18,32.33863189723522
3,19,29.050633398956005
3,20,25.750870372592768
3,21,22.75683416492646
3,22,19.14289054908744
3,23,16.275271247263998
3,24,12.892299424619543
3,25,10.642341605611604
3,26,8.251436062762616
3,27,8.363560599599781
3,28,8.874713421704566
3,29,14.32223915787545
3,30,12.397510620929934
3,31,14.108494916889745
3,32,13.534042561397838
3,33,15.340591353036821
3,34,17.041658182524046
3,35,18.166376038013848
3,36,20.62067057649651
3,37,21.504401423713848
3,38,25.13820861999046
3,39,27.86676596468629
3,40,27.660678580023845
3,41,24.00705237762252
3,42,22.935622514651396
3,43,20.17253816756326
3,44,22.241541513188587
3,45,20.725556160205016
3,46,22.11845917812059
3,47,20.989152236679463
3,48,18.702971757418123
3,49,17.90607791689436
3,50,19.902996041835394
3,51,22.763785586688478
3,52,23.44931942552352
3,53,27.191104115624338
3,54,28.349796823800418
3,55,26.892927617154665
3,56,30.144677461534375
3,57,31.111393311690144
3,58,28.28237672563061
3,59,28.97869344379657
3,60,29.30659968540807
3,61,28.871824995026415
3,62,25.07579617652568
3,63,23.536601743500974
3,64,20.29519916521285
3,65,20.9072318664347
3,66,18.864659785028497
3,67,19.5619789382881
3,68,20.91583810071537
3,69,18.065562107884563
3,70,15.972499155999126
3,71,12.782497220421087
3,72,14.463941882673616
3,73,16.21233896274267
3,74,19.230536140692205
3,75,19.72231219142602
3,76,23.40208776671884
3,77,26.06041695314194
3,78,29.47689315550084
3,79,32.490346383425866
3,80,30.674021619987762
3,81,32.883395489002815
3,82,33.36887365818644
3,83,31.901399655303702
3,84,28.57700597506083
3,85,27.845308356543544
3,86,25.041923143034882
3,87,21.388389325803637
3,88,18.832503886333978
3,89,15.124254206512397
3,90,13.041566197450962
3,91,10.998331299346312
3,92,9.555142516276245
3,93,11.662743112724762
3,94,12.019701493663748
3,95,15.809580328630046
3,96,16.67710178961781
3,97,15.934467988148402
3,98,17.496500769359443
3,99,15.719077023528897
3,100,12.336806436102295
3,101,10.654600909588437
3,102,7.844192659695614
3,103,9.451567837380148
3,104,9.428780493819565
3,105,11.983479485324137
3,106,15.540218540040502
3,107,18.096264087552896
3,108,21.888497447566984
3,109,24.244358828994702
3,110,27.926207446492704
3,111,30.749125215650157
3,112,34.16057026518413
3,113,37.7317506954014
4,1,10.225422093643674
4,2,6.844689348900841
4,3,3.8076326937801697
4,5,3.8094155174753963
4,6,6.647496057975055
4,7,9.772152401757472
4,8,13.229799898923087
4,9,15.898021606923308
4,10,15.883673410050081
4,11,19.30913998102463
4,12,21.060019633735802
4,13,24.772544782208904
4,14,26.775657214575727
4,15,30.257326066111
4,16,31.120001687988974
4,17,31.487762428665928
4,18,29.134363636008693
4,19,25.90289809232901
4,20,22.553732556259654
4,21,19.772964203641063
4,22,16.130880994020938
4,23,13.663377436084836
4,24,10.166384262011729
4,25,8.89180714678226
4,26,7.102097482877296
4,27,8.925879181952864
4,28,9.65553318994737
4,29,14.353697625524298
4,30,11.573833119983206
4,31,12.281955420540768
4,32,10.89525071802266
4,33,12.089448876700299
4,34,13.474492067725699
4,35,14.411188363205213
4,36,16.814209055590567
4,37,17.784047346297136
4,38,21.43318500389268
4,39,24.24338980453945
4,40,24.17771094311377
4,41,20.58107999435284
4,42,19.462470167995196
4,43,16.57427031510256
4,44,18.568751353108556
4,45,17.155621436666316
4,46,18.519102184326268
4,47,17.67236227369723
4,48,15.754227926156446
4,49,15.485927513099794
4,50,17.782660350492048
4,51,20.239594410285342
4,52,20.764195989168517
4,53,24.503945969891067
4,54,25.622985116430694
4,55,23.860890711683506
4,56,26.96865425274847
4,57,27.71831290947792
4,58,24.909294776016182
4,59,25.49295630742542
4,60,26.013763696474356
4,61,25.47929999402854
4,62,21.67757911096663
4,63,20.446589487280733
4,64,17.45744303328463
4,65,18.57626766629651
4,66,17.10638269387858
4,67,18.185544929919846
4,68,20.172918615258734
4,69,17.815116506794173
4,70,15.500523652189909
4,71,12.209878617745902
4,72,13.02225553206272
4,73,14.035236205389436
4,74,16.677466106176222
4,75,16.643532909090684
4,76,20.248916346242368
4,77,22.66950034046294
4,78,26.19154011459091
4,79,29.08999258552381
4,80,27.1498812595442
4,81,29.23852061357544
4,82,29.70227759478975
4,83,28.142694048426858
4,84,24.847825672645996
4,85,24.185376856289135
4,86,21.35955827197274
4,87,17.733421236171807
4,88,15.101093040445951
4,89,11.368728689853546
4,90,9.3472329200709
4,91,7.498045915242853
4,92,6.987357648583175
4,93,9.776418985572333
4,94,11.309907275741903
4,95,15.006276260035024
4,96,16.676664253848102
4,97,15.91814472127002
4,98,16.654290283697268
4,99,14.212658923524947
4,100,11.30106257439921
4,101,8.61000184089566
4,102,5.262647962513828
4,103,5.857711556209456
4,104,5.802471896450843
4,105,8.831225201356657
4,106,12.133039559514204
4,107,14.776660054153641
4,108,18.512638190285386
4,109,20.781400197101807
4,110,24.502983209676305
4,111,27.26262252143432
4,112,30.742971395168297
4,113,34.310863634438135
5,1,13.216021783113494
5,2,9.496361298272001
5,3,6.619252648507403
5,4,3.8094155174753963
5,6,3.7910949262902536
5,7,6.7415251892698835
5,8,10.07460949961126
5,9,12.926650814013504
5,10,13.600105957272739
5,11,16.86916863254498
5,12,18.171850380342242
5,13,21.90759758866916
5,14,23.674486702976573
5,15,27.187776609854513
5,16,28.122098101759956
5,17,28.28290986620023
5,18,25.757955173901713
5,19,22.445227606962685
5,20,19.177387011243518
5,21,16.197730205412018
5,22,12.608717666439091
5,23,9.915487801377884
5,24,6.4208404200719045
5,25,5.272398624430461
5,26,4.509125229159884
5,27,7.525877765366716
5,28,9.189888568980104
5,29,14.580965461116085
5,30,11.41690560183377
5,31,11.326644039636058
5,32,9.199913110553284
5,33,10.483527219717384
5,34,11.292030743256115
5,35,12.893175455136303
5,36,15.32614027780853
5,37,16.975469037794127
5,38,20.6715597932208
5,39,23.646528387326505
5,40,24.111118582655706
5,41,20.69358265175191
5,42,19.54330573548764
5,43,16.304193298559024
5,44,17.67547370504464
5,45,15.944274693029211
5,46,16.56319632648122
5,47,15.498529749733786
5,48,13.73637893659792
5,49,13.232292373065757
5,50,15.715779179636211
5,51,18.052176322775797
5,52,19.097547056493596
5,53,22.69211093354544
5,54,24.277820628766825
5,55,22.56260312867882
5,56,25.710753191068527
5,57,26.113994595730123
5,58,23.005344098278577
5,59,23.177325044997346
5,60,23.34032569348588
5,61,22.56139290115507
5,62,18.81622433012132
5,63,17.392493004157366
5,64,14.304470655304222
5,65,15.219192749999289
5,66,13.836736202295393
5,67,14.740579965721514
5,68,17.019049058804807
5,69,14.9240435763436
5,70,12.793013071392291
5,71,9.368992435837129
5,72,9.485560345212576
5,73,10.40724976783384
5,74,12.964876161117914
5,75,13.206655547028362
5,76,16.82886359071619
5,77,19.496826770322265
5,78,22.90119266917599
5,79,25.903739587785086
5,80,24.161080825133045
5,81,26.53349286451126
5,82,27.24286954431246
5,83,25.996270300215237
5,84,22.495349785996414
5,85,21.986532050551766
5,86,19.56722288367147
5,87,16.173716219816956
5,88,13.146341637180614
5,89,9.49373104825982
5,90,7.258541644953492
5,91,6.690214771171619
5,92,6.76932319158596
5,93,10.4066882027307
5,94,12.431771126004199
5,95,15.831509541870249
5,96,18.053466640412328
5,97,17.984797625082532
5,98,18.273613633388244
5,99,15.738000200478421
5,100,13.477034363095383
5,101,10.401850376231065
5,102,7.534380829091622
5,103,6.625723863037866
5,104,5.05251391328409
5,105,8.16623011264334
5,106,10.93689338063635
5,107,12.770471767410545
5,108,16.44379157129792
5,109,18.272614253582322
5,110,22.022586307799905
5,111,24.580127419930687
5,112,28.063454481433226
5,113,31.52520015145607
6,1,16.231069196540172
6,2,12.581107621796315
6,3,9.177708433198864
6,4,6.647496057975055
6,5,3.7910949262902536
6,7,3.804736063976341
6,8,6.6940428960678195
6,9,9.420214041724842
6,10,10.089456668843376
6,11,13.512884532251208
6,12,15.047763354208817
6,13,18.848664401350895
6,14,20.91141688023989
6,15,24.557154330205904
6,16,25.879063331978884
6,17,26.300353966709523
6,18,23.603193784972746
6,19,20.525834548339592
6,20,17.04771329806965
6,21,14.22576896322847
6,22,10.471578455295008
6,23,8.041441371243403
6,24,5.640410899547392
6,25,5.108324299161479
6,26,6.79822193389431
6,27,9.69875816146386
6,28,12.253306500165538
6,29,18.163982624613794
6,30,14.934336746614484
6,31,14.378982096218623
6,32,11.657656760391554
6,33,12.225231643937304
6,34,11.840303662734037
6,35,13.136931499585154
6,36,14.791855133140377
6,37,16.398941426350582
6,38,20.154762993930063
6,39,22.823070131077692
6,40,23.81051385962593
6,41,20.40617029316864
6,42,19.840885823251
6,43,16.790763033236882
6,44,18.12572771142825
6,45,16.83965835468838
6,46,16.94278258102541
6,47,16.37302054775815
6,48,15.339749448436757
6,49,15.100898036265722
6,50,17.765943872303268
6,51,19.68241788179147
6,52,20.94797191174754
6,53,24.34294688195508
6,54,26.124103820758826
6,55,24.142918464845653
6,56,27.035634438031394
6,57,26.920972927403707
6,58,23.738413040156008
6,59,23.321513747391865
6,60,23.45171939312755
6,61,22.065768940422366
6,62,18.503037904840085
6,63,17.425911348153964
6,64,14.65206032380714
6,65,15.532166535459249
6,66,14.51537226870118
6,67,14.784170713501826
6,68,17.327262494143387
6,69,15.326203871848447
6,70,13.983676852319805
6,71,10.359742547543288
6,72,9.331108123559416
6,73,10.351567394191271
6,74,12.101912516420162
6,75,12.438022309189657
6,76,15.680945674202553
6,77,18.258444033804047
6,78,21.648443384610797
6,79,24.398037873657234
6,80,22.448773619680576
6,81,24.817123564169144
6,82,25.264644036820567
6,83,24.41212051772641
6,84,20.918889756575698
6,85,19.95378810722661
6,86,17.729564729209866
6,87,14.42759591748244
6,88,11.733367626507533
6,89,8.61013053824378
6,90,7.761301841754708
6,91,8.852293000027549
6,92,10.068694532833188
6,93,13.81628493104805
6,94,16.13508689123873
6,95,19.43652341907525
6,96,21.80077959723703
6,97,21.66739086006878
6,98,21.788339424843336
6,99,19.010311517997074
6,100,16.878367720581412
6,101,13.538492620992566
6,102,10.378645203880122
6,103,8.288583936295517
6,104,5.006825601040358
6,105,6.404827633153657
6,106,8.954538912643992
6,107,10.072071234424792
6,108,13.76545313057745
6,109,15.751280356461434
6,110,19.361078218221746
6,111,22.12519339084757
6,112,25.41457255937035
6,113,28.927942055736516
7,1,19.750184477198403
7,2,16.092965279895104
7,3,12.779868995844058
7,4,9.772152401757472
7,5,6.7415251892698835
7,6,3.804736063976341
7,8,3.812096473043894
7,9,6.452929492419391
7,10,7.310449715095064
7,11,10.263619302303162
7,12,11.451412208435368
7,13,15.21432643966923
7,14,17.194849150498065
7,15,20.80430976047746
7,16,22.09370318249566
7,17,22.62010254502165
7,18,20.001859903476664
7,19,17.061195216162258
7,20,13.46429360323758
7,21,10.967362630601187
7,22,7.161095681133552
7,23,5.813898691696863
7,24,4.754578884183899
7,25,6.56405469286223
7,26,9.240077671008104
7,27,12.582307605663486
7,28,15.031911968200456
7,29,20.177616325570682
7,30,16.659989140876384
7,31,15.246903277985584
7,32,11.902987041309256
7,33,11.54148505318646
7,34,10.004947325810575
7,35,11.10216992886984
7,36,12.179063866569056
7,37,14.105838755158594
7,38,17.727931585698553
7,39,20.34197196893959
7,40,21.809632478305435
7,41,18.685455978704304
7,42,18.290975176838185
7,43,15.266167829170158
7,44,16.15456613689164
7,45,15.111198701958964
7,46,14.644141448238107
7,47,14.549135368543183
7,48,14.345060901922109
7,49,14.663100322453824
7,50,17.468543696765465
7,51,18.71089684747357
7,52,19.979137374096354
7,53,23.102711340756624
7,54,24.96979586057523
7,55,22.729052791745808
7,56,25.318178271134453
7,57,24.73118052300874
7,58,21.538391601160342
7,59,20.660875818324666
7,60,20.854812707899125
7,61,19.069378739302763
7,62,15.684346765070021
7,63,15.09203906683842
7,64,12.892154339678727
7,65,14.211031870268075
7,66,14.082637918500524
7,67,14.474681174298869
7,68,17.57759172773598
7,69,16.294227723789753
7,70,15.119342579769626
7,71,11.905121975963835
7,72,9.687463972727
7,73,9.57454572567869
7,74,10.132501121196258
7,75,9.8342298150651
7,76,12.634820756952742
7,77,14.907652027925806
7,78,18.340945263465116
7,79,20.875781938892324
7,80,18.778064105986697
7,81,21.111521521510994
7,82,21.534108845249417
7,83,20.851216430223246
7,84,17.329498989385538
7,85,16.336184646300065
7,86,14.391693520228129
7,87,11.390719619227504
7,88,8.656457231984469
7,89,6.280026730846277
7,90,6.6199106194846795
7,91,9.240709403608003
7,92,11.469724686777525
7,93,15.184504766580144
7,94,18.048948351080934
7,95,20.981285050207777
7,96,23.783637179974985
7,97,23.735318912619665
7,98,23.294966023242093
7,99,20.235522652905633
7,100,18.68392888465027
7,101,15.05963785810777
7,102,12.26304471470061
7,103,9.280033853197738
7,104,5.859199507364954
7,105,6.085422826889419
7,106,6.915979993183826
7,107,6.921290352867073
7,108,10.372144039565729
7,109,12.03029982545058
7,110,15.655106440043149
7,111,18.335297673365204
7,112,21.648266486220372
7,113,25.143684172065935
8,1,22.90057753785865
8,2,19.215936956639723
8,3,15.848448242209239
8,4,13.229799898923087
8,5,10.07460949961126
8,6,6.6940428960678195
8,7,3.812096473043894
8,9,2.963472714011185
8,10,5.419816699073174
8,11,7.959587553841715
8,12,8.805030476187328
8,13,12.593993806189406
8,14,14.664482858664705
8,15,18.418407298388594
8,16,20.21440444606234
8,17,20.78739854571603
8,18,17.83986615988827
8,19,15.160444308710556
8,20,11.581282466067528
8,21,9.205188192155234
8,22,5.791914066813182
8,23,5.182743730162971
8,24,6.593854389727179
8,25,8.245904470228659
8,26,11.708817344685167
8,27,14.656480812678065
8,28,17.573071345559356
8,29,23.1898785297274
8,30,19.77079759611136
8,31,18.2357170420452
8,32,14.85817444847602
8,33,14.47591688209755
8,34,12.365773335563173
8,35,13.515446357415673
8,36,13.929415102775565
8,37,15.969091298184413
8,38,19.331375073140915
8,39,21.629513465876045
8,40,23.63499841151547
8,41,20.763393625430883
8,42,20.7428271515648
8,43,17.909638180247327
8,44,18.428860172878007
8,45,17.54004493280581
8,46,16.390914467554975
8,47,16.41419880018188
8,48,16.63276066542479
8,49,16.782556163304164
8,50,19.484149001853325
8,51,20.464596089793236
8,52,22.119178272285357
8,53,24.90861605793592
8,54,27.085565307650043
8,55,24.887555015305768
8,56,27.2923874553074
8,57,26.26955266294502
8,58,22.986219858213936
8,59,21.511602519906983
8,60,21.366036960402383
8,61,19.0356865363976
8,62,16.102578119892765
8,63,15.618696698223392
8,64,13.779017374037018
8,65,14.613228808612607
8,66,14.698467628057102
8,67,14.312629674505121
8,68,17.399200065437938
8,69,16.36698049874419
8,70,16.016004587588952
8,71,13.039401011420475
8,72,10.139985508464552
8,73,10.17178019515711
8,74,9.737941030684707
8,75,9.99477075059441
8,76,11.976916162510223
8,77,14.241627489426216
8,78,17.298913720561764
8,79,19.597582583049405
8,80,17.589539108197865
8,81,20.105429625519278
8,82,20.472035799593836
8,83,20.469555986268162
8,84,16.975377128499748
8,85,15.70599947035878
8,86,14.478230477055043
8,87,12.130350244289152
8,88,9.955844047254958
8,89,8.884478961446098
8,90,9.8763351558254
8,91,12.872545326236091
8,92,15.030161897655969
8,93,18.761930524223487
8,94,21.56050067695067
8,95,24.3996569990558
8,96,27.24831354347687
8,97,27.405001022920136
8,98,26.950616618390274
8,99,23.92963434851395
8,100,22.460402768171548
8,101,18.84954619899806
8,102,16.06358184910397
8,103,13.04412016919516
8,104,9.530382179157678
8,105,8.787855871591715
8,106,8.757268068102931
8,107,7.026410646683292
8,108,9.650781578461318
8,109,10.822738199166956
8,110,14.032511109916578
8,111,16.647103767476313
8,112,19.6348275885599
8,113,23.02239853384335
9,1,25.610362801611803
9,2,21.97827449652419
9,3,18.50102268209521
9,4,15.898021606923308
9,5,12.926650814013504
9,6,9.420214041724842
9,7,6.452929492419391
9,8,2.963472714011185
9,10,3.8147070875073066
9,11,5.512411273950346
9,12,6.430678172130999
9,13,10.147922800644528
9,14,12.57384520418717
9,15,16.36825093736677
9,16,18.542066756703743
9,17,19.445194218486737
9,18,16.480086056223847
9,19,14.296037939642567
9,20,10.717188115403072
9,21,9.122883002195499
9,22,6.512941144611364
9,23,7.247740888054286
9,24,9.37589714354568
9,25,11.131262732349724
9,26,14.656265745255089
9,27,17.512476208660186
9,28,20.509994896020046
9,29,26.107292746494043
9,30,22.653033458364636
9,31,20.96208467668577
9,32,17.476729534512152
9,33,16.739236950627262
9,34,14.186628556254758
9,35,14.91126282353773
9,36,14.612970330735576
9,37,16.428882816289008
9,38,19.525904846462982
9,39,21.427089922953463
9,40,23.806690526385434
9,41,21.146156202164637
9,42,21.548382577904132
9,43,19.037936460526907
9,44,19.464963971238102
9,45,18.98301781845468
9,46,17.583313271949784
9,47,18.03376789219628
9,48,18.73719552957826
9,49,19.12945711084491
9,50,21.807041382353756
9,51,22.448371384169903
9,52,24.07263229442036
9,53,26.641860865448677
9,54,28.81751912565866
9,55,26.467059748106536
9,56,28.58459284808826
9,57,27.209664766315797
9,58,24.038445163336796
9,59,22.179599161302715
9,60,22.08998242671131
9,61,19.35573516814532
9,62,16.82832358182262
9,63,16.804567076712075
9,64,15.501966710857328
9,65,16.38076205508435
9,66,16.839694881449066
9,67,16.22876044463414
9,68,19.319675079627277
9,69,18.518706515046546
9,70,18.5117840770114
9,71,15.699032663074346
9,72,12.59960910253358
9,73,12.45116882939457
9,74,11.28709288450166
9,75,11.33047993322063
9,76,12.458374820518266
9,77,14.207238915172143
9,78,17.02298141561202
9,79,18.84759334660819
9,80,16.654113547643718
9,81,18.992079857967482
9,82,19.039245706551437
9,83,19.463631266454748
9,84,16.187034622808252
9,85,14.492701997021896
9,86,13.685731654338362
9,87,11.857352728520592
9,88,10.467341526391552
9,89,10.400156884675651
9,90,12.126909515076285
9,91,15.366295131516933
9,92,17.790378014005807
9,93,21.469674267395376
9,94,24.388832810469534
9,95,27.174988842492954
9,96,30.091282510750506
9,97,30.16419330006625
9,98,29.593242030624054
9,99,26.454872774989862
9,100,25.072762118624837
9,101,21.39092741368654
9,102,18.57413779481675
9,103,15.332397848041955
9,104,11.8008377059532
9,105,10.27802651944415
9,106,9.474300900771839
9,107,6.734002747479205
9,108,8.38393382696829
9,109,9.387564210253242
9,110,12.100233856807158
9,111,14.82543763909691
9,112,17.489537726421975
9,113,20.87173538856472
10,1,25.73383767156636
10,2,22.308135923075444
10,3,18.628556761735155
10,4,15.883673410050081
10,5,13.600105957272739
10,6,10.089456668843376
10,7,7.310449715095064
10,8,5.419816699073174
10,9,3.8147070875073066
10,11,3.8156462545397116
10,12,6.811810097472068
10,13,10.26236794841014
10,14,13.408994833245032
10,15,17.02650043552067
10,16,19.13944553186347
10,17,20.681494657558186
10,18,18.1825256944472
10,19,16.41559502771778
10,20,12.695369441663237
10,21,11.873211770123147
10,22,9.19431204002804
10,23,10.235668886373576
10,24,11.451846461006276
10,25,13.237554311225525
10,26,16.319028665383378
10,27,19.303940099327395
10,28,22.110806602698172
10,29,27.463290043736112
10,30,23.899648132709206
10,31,22.262860541177385
10,32,18.701741883157283
10,33,17.475240079137365
10,34,14.853434083429203
10,35,14.626682917020572
10,36,13.688642080711213
10,37,14.656187345140365
10,38,17.729558314535183
10,39,19.172451582114007
10,40,21.514771431061305
10,41,18.74812380625553
10,42,19.705256813237767
10,43,17.69679112696443
10,44,18.67400458172712
10,45,18.887948105073118
10,46,18.018903328712057
10,47,19.109080720638946
10,48,20.062747082925494
10,49,20.980165777095536
10,50,23.78379546717801
10,51,24.309230646608448
10,52,25.424463093435218
10,53,28.12305748034511
10,54,29.883187739814325
10,55,27.177141789607326
10,56,29.051124174709184
10,57,27.65972723976913
10,58,24.807250399961298
10,59,23.09423349469428
10,60,23.606337664692713
10,61,20.88422092056201
10,62,18.321131729686886
10,63,18.86885635637092
10,64,17.807489813085624
10,65,19.25023647802511
10,66,19.833593081758636
10,67,19.60218943910294
10,68,22.74737902955365
10,69,21.734510652735995
10,70,21.402607642008245
10,71,18.31149392846249
10,72,15.549369519945346
10,73,15.329483925213884
10,74,14.364004467043863
10,75,13.676806453659967
10,76,14.774437093217156
10,77,15.858679026030337
10,78,18.929160269749644
10,79,20.322173348810708
10,80,17.561944635849432
10,81,19.236691712547927
10,82,18.59238222659668
10,83,18.710774537367808
10,84,15.809306078169673
10,85,13.432394065569072
10,86,12.005644388381517
10,87,9.875162636358036
10,88,9.507642012374255
10,89,9.829935746756666
10,90,12.426167068518712
10,91,15.522495996176263
10,92,18.368575954564033
10,93,21.90708864504232
10,94,24.994767653616833
10,95,27.895807677721752
10,96,30.747110275636096
10,97,30.322023200648907
10,98,29.704006286197174
10,99,26.33890377882507
10,100,24.858700000556222
10,101,21.11124053799909
10,102,18.106095545157807
10,103,14.620655381734284
10,104,11.161420586889
10,105,8.558860077583818
10,106,7.237796951982448
10,107,4.507597469317476
10,108,6.21910278285809
10,109,8.614674213105474
10,110,11.200572909021126
10,111,14.571036737007631
10,112,17.13082344792057
10,113,20.77586751328646
11,1,29.322613784344583
11,2,25.855636489400858
11,3,22.240285246273988
11,4,19.30913998102463
11,5,16.86916863254498
11,6,13.512884532251208
11,7,10.263619302303162
11,8,7.959587553841715
11,9,5.512411273950346
11,10,3.8156462545397116
11,12,3.8082220034603904
11,13,6.667138943329009
11,14,10.110144545726147
11,15,13.570066895844063
11,16,15.867563974914354
11,17,17.76912466859163
11,18,15.494981760865317
11,19,14.375858243014655
11,20,10.896720020888118
11,21,11.214212325131088
11,22,9.63913357180543
11,23,11.851284741388794
11,24,13.784766118351712
11,25,16.10205805271386
11,26,19.346282503330386
11,27,22.474386600137183
11,28,25.208104541235688
11,29,30.136235068626554
11,30,26.4827340016022
11,31,24.4397649110714
11,32,20.73197626053884
11,33,19.074931922142035
11,34,15.930776465709988
11,35,15.433972097043714
11,36,13.76849224546504
11,37,14.75012515879571
11,38,17.222459750145987
11,39,18.278233804648124
11,40,21.146228343855466
11,41,18.92858623755354
11,42,20.12939255234073
11,43,18.43046351791344
11,44,18.90829078500717
11,45,19.447451659876496
11,46,18.10144971874103
11,47,19.612226308861178
11,48,21.19091869451678
11,49,22.415340603419963
11,50,25.13854186377456
11,51,25.12886185934615
11,52,26.202361245701756
11,53,28.52029362689072
11,54,30.290614136043086
11,55,27.466682998491287
11,56,28.939606326461575
11,57,27.088959371648794
11,58,24.402503503661073
11,59,22.223155878775934
11,60,22.78120979215841
11,61,19.674973131860863
11,62,17.69268416285152
11,63,18.80543734463262
11,64,18.472688736369445
11,65,20.06952550370342
11,66,21.252295057145183
11,67,21.0546528689626
11,68,24.36777643101089
11,69,23.86437356767111
11,70,23.66530284149717
11,71,20.916446281929773
11,72,17.76712951442213
11,73,16.983198970830948
11,74,15.198457870147443
11,75,14.108971647242347
11,76,14.206411158582378
11,77,14.524979489557268
11,78,17.226257881324234
11,79,17.997308452928987
11,80,15.061317563724543
11,81,16.44005655686243
11,82,15.50334893106171
11,83,16.134021306296432
11,84,13.545208061192522
11,85,10.854732060337383
11,86,10.302359465473108
11,87,9.387817243178429
11,88,9.86858973598987
11,89,11.483911087539417
11,90,14.4632046590874
11,91,17.907797354146066
11,92,21.00119899191535
11,93,24.406406445904622
11,94,27.695521215121783
11,95,30.33309724960208
11,96,33.40604186477146
11,97,33.065862681269536
11,98,32.117284584729425
11,99,28.660667278088397
11,100,27.558593098187785
11,101,23.761119543931166
11,102,21.051279456339532
11,103,17.393629686943264
11,104,14.235021430078568
11,105,11.672736290900904
11,106,9.35034873127959
11,107,5.726571795764921
11,108,4.750120021498798
11,109,6.1039713273306635
11,110,7.819315519075854
11,111,11.194498407045074
11,112,13.45620844563917
11,113,17.082355770712418
12,1,31.149085552947472
12,2,27.530102462995625
12,3,24.11124100675303
12,4,21.060019633735802
12,5,18.171850380342242
12,6,15.047763354208817
12,7,11.451412208435368
12,8,8.805030476187328
12,9,6.430678172130999
12,10,6.811810097472068
12,11,3.8082220034603904
12,13,3.8166663185045224
12,14,6.603080385462102
12,15,10.276526397480716
12,16,12.61403930945627
12,17,14.194232726536512
12,18,11.729545808660891
12,19,10.718812591597048
12,20,7.4699549439819295
12,21,8.493175581410313
12,22,8.164526105990642
12,23,11.184178920135022
12,24,13.844471133119304
12,25,16.56831132731886
12,26,19.98762527016243
12,27,23.181562034775265
12,28,25.83278533107258
12,29,30.379628912217683
12,30,26.73838603502449
12,31,24.344889963357357
12,32,20.619864047999535
12,33,18.9213609757228
12,34,15.503104456103948
12,35,15.446445617419391
12,36,13.844300902409099
12,37,15.536800506898329
12,38,17.641625181384256
12,39,18.937232431143094
12,40,22.053602941046442
12,41,20.26574228002577
12,42,21.06110341594951
12,43,19.13983945820685
12,44,18.85056709265222
12,45,19.06775415195901
12,46,17.034783126521987
12,47,18.40735438859626
12,48,20.291364583394923
12,49,21.465917060155604
12,50,24.011993463637396
12,51,23.6287719827119
12,52,24.938661539403324
12,53,26.86913795274904
12,54,28.887544833267796
12,55,26.235034737655027
12,56,27.58543399209387
12,57,25.45007806086444
12,58,22.670123095552118
12,59,20.08469751446873
12,60,20.271408494449055
12,61,16.906569880314443
12,62,15.400295290712192
12,63,16.611222844917922
12,64,16.77012142638749
12,65,18.235841235615137
12,66,19.884962003833266
12,67,19.679008333908296
12,68,23.091810441791345
12,69,23.17019341474828
12,70,23.09770432804467
12,71,20.84183966650873
12,72,17.335910094862584
12,73,16.019731737191705
12,74,13.51552553364982
12,75,12.359261586837176
12,76,11.5910064453289
12,77,11.630504476110154
12,78,13.893486907986913
12,79,14.534962884146593
12,80,11.869691840114688
12,81,13.658171666537559
12,82,13.2689902010151
12,83,14.43515739613918
12,84,11.666357469125888
12,85,9.627049031246008
12,86,10.26703963185433
12,87,10.324441702004334
12,88,10.321234662724295
12,89,12.372151232144388
12,90,15.006187714566241
12,91,18.71046971151867
12,92,21.71864394148555
12,93,25.050849797462394
12,94,28.38223986920927
12,95,30.708098163721047
12,96,33.98773891238166
12,97,34.02621362898391
12,98,32.83639102009699
12,99,29.47429354496011
12,100,28.745956355126946
12,101,24.97081777391533
12,102,22.632735505886213
12,103,19.01247150333304
12,104,16.050618821682967
12,105,14.14990773334264
12,106,11.646230079160597
12,107,7.83654293749414
12,108,6.177396818009715
12,109,4.916415800652011
12,110,6.202910723480242
12,111,8.665977889536777
12,112,11.07282356600932
12,113,14.471399919530974
13,1,34.90447594649229
13,2,31.29318627800557
13,3,27.887633605181815
13,4,24.772544782208904
13,5,21.90759758866916
13,6,18.848664401350895
13,7,15.21432643966923
13,8,12.593993806189406
13,9,10.147922800644528
13,10,10.26236794841014
13,11,6.667138943329009
13,12,3.8166663185045224
13,14,3.8176291116348247
13,15,7.018417947615957
13,16,9.829116291702796
13,17,11.99130162536015
13,18,10.002509290495226
13,19,10.286904965070077
13,20,8.08602797322989
13,21,10.444043821483262
13,22,11.223355740469044
13,23,14.546628071015553
13,24,17.380329460102494
13,25,20.22685403057036
13,26,23.651509066401154
13,27,26.86156976236155
13,28,29.46091183019989
13,29,33.71677819695715
13,30,30.059247438184283
13,31,27.44922355608535
13,32,23.7165341209255
13,33,21.760413149311834
13,34,18.14431117515164
13,35,17.822531882701192
13,36,15.722400756318399
13,37,17.20773679224863
13,38,18.61744896759915
13,39,19.408047216393772
13,40,22.873382821906336
13,41,21.649342731689682
13,42,22.679019003975842
13,43,21.149418230551937
13,44,20.512547100130497
13,45,21.04887990771053
13,46,18.744538724549457
13,47,20.438956695202773
13,48,22.761206743590378
13,49,24.145893675716742
13,50,26.55044848251728
13,51,25.732409790672662
13,52,26.950767192895363
13,53,28.480299616663036
13,54,30.44349208549258
13,55,27.73933773553441
13,56,28.651988469089417
13,57,26.107999899715626
13,58,23.612989245163476
13,59,20.63701332143023
13,60,20.862506964478282
13,61,17.224227964039407
13,62,16.526790034674626
13,63,18.239317551302303
13,64,19.06332519723732
13,65,20.56402473709661
13,66,22.605328367330774
13,67,22.398513677538265
13,68,25.794796263841466
13,69,26.223824176547964
13,70,26.282089134145313
13,71,24.278129404184664
13,72,20.65819482511488
13,73,19.08640870840161
13,74,16.170442586359247
13,75,14.818040475584992
13,76,13.158004387941594
13,77,12.266383547839181
13,78,13.729371867583952
13,79,13.370733346607231
13,80,10.671672230611513
13,81,11.881847551365453
13,82,11.082857498593928
13,83,13.111428021956112
13,84,11.086189635561077
13,85,8.96395731826466
13,86,10.825309851396437
13,87,12.098561595268364
13,88,12.818565579311626
13,89,15.469047162544353
13,90,18.24197413335671
13,91,21.9911756645014
13,92,25.105910555990565
13,93,28.292946675575298
13,94,31.717175588099202
13,95,33.85297546203948
13,96,37.24426115322815
13,97,37.30156040403243
13,98,35.89587238658739
13,99,32.49025576030612
13,100,32.00625883768363
13,101,28.238855772294194
13,102,26.071130084104716
13,103,22.39003359597131
13,104,19.615470686063347
13,105,17.604310867449016
13,106,14.762214305960706
13,107,10.988240895199112
13,108,8.293093212364953
13,109,5.976921043335774
13,110,4.668536496090372
13,111,6.1298606967844025
13,112,7.640873348131525
13,113,10.88631435438993
14,1,36.853457195494364
14,2,33.16683300868397
14,3,29.967656881956795
14,4,26.775657214575727
14,5,23.674486702976573
14,6,20.91141688023989
14,7,17.194849150498065
14,8,14.664482858664705
14,9,12.57384520418717
14,10,13.408994833245032
14,11,10.110144545726147
14,12,6.603080385462102
14,13,3.8176291116348247
14,15,3.8027788703801195
14,16,6.630134655834633
14,17,8.333906088155405
14,18,6.324644966481207
14,19,7.426521487692384
14,20,6.5624775854832285
14,21,9.817904773226433
14,22,11.819699319026885
14,23,15.386351643244382
14,24,18.470306639603496
14,25,21.52799716688137
14,26,24.915801684905407
14,27,28.131375175823983
14,28,30.553369243529808
14,29,34.29800300368092
14,30,30.71126596255914
14,31,27.831737322214423
14,32,24.2024156715843
14,33,22.230209657224915
14,34,18.55989274742779
14,35,18.57022952105255
14,36,16.63812338224854
14,37,18.596726410481047
14,38,19.608720408595595
14,39,20.59754871095522
14,40,24.11726317701778
14,41,23.2971477396291
14,42,23.924795514937063
14,43,22.26814034838964
14,44,20.982150590421163
14,45,21.234780390421925
14,46,18.418651828036044
14,47,19.94930099572616
14,48,22.51193934665779
14,49,23.865366991439952
14,50,26.007319775375223
14,51,24.786999358606984
14,52,26.13494027209153
14,53,27.196841067853867
14,54,29.31766710152779
14,55,26.832492190833058
14,56,27.544256200773912
14,57,24.74658441779672
14,58,22.286695273213624
14,59,18.96721951218018
14,60,18.819024499746007
14,61,15.031530281657975
14,62,15.090624782139178
14,63,16.930412504011
14,64,18.337613148685616
14,65,19.708212610932353
14,66,22.17828928426376
14,67,22.07268930242904
14,68,25.458698456923415
14,69,26.43802224938244
14,70,26.527329534080934
14,71,25.021998710338636
14,72,21.271005021277006
14,73,19.253571119346308
14,74,15.885866792853008
14,75,14.464428916365417
14,76,11.93826115682173
14,77,10.486589394269656
14,78,11.006139261317687
14,79,10.135783810219973
14,80,7.996394300951191
14,81,9.566832593909457
14,82,9.64479825142082
14,83,12.264864919139633
14,84,10.365118433094857
14,85,9.452356310815595
14,86,12.19659036249837
14,87,14.038678880007268
14,88,14.3425441768855
14,89,17.10169919828387
14,90,19.484954637047437
14,91,23.26290961961844
14,92,26.24012129458918
14,93,29.253880590291676
14,94,32.66435420938927
14,95,34.467418656505025
14,96,38.00027094498302
14,97,38.367779169570646
14,98,36.73920116441444
14,99,33.459496061872564
14,100,33.33036175660836
14,101,29.649985324477278
14,102,27.846155794226924
14,103,24.267952971910105
14,104,21.743250541227138
14,105,20.220007586132382
14,106,17.336820025068604
14,107,13.667749139430116
14,108,11.052599221616338
14,109,7.790265122029701
14,110,6.21201182328703
14,111,5.147072888835377
14,112,6.42932048756174
14,113,8.856247197272472
15,1,40.3520862349995
15,2,36.67822711317341
15,3,33.53936213192113
15,4,30.257326066111
15,5,27.187776609854513
15,6,24.557154330205904
15,7,20.80430976047746
15,8,18.418407298388594
15,9,16.36825093736677
15,10,17.02650043552067
15,11,13.570066895844063
15,12,10.276526397480716
15,13,7.018417947615957
15,14,3.8027788703801195
15,16,3.8055502323414747
15,17,6.217760483056661
15,18,5.804160040371189
15,19,8.585409042359469
15,20,9.163657955605109
15,21,12.793405089224613
15,22,15.211737755449548
15,23,18.85165855957545
15,24,21.89532216575359
15,25,25.073566072251655
15,26,28.378794915235172
15,27,31.636173036787465
15,28,33.92018530056052
15,29,37.22615240893123
15,30,33.654276157810294
15,31,30.580737817124863
15,32,27.012969353869273
15,33,24.83343680223717
15,34,21.115549620213685
15,35,20.93025959626911
15,36,18.74624639364942
15,37,20.551228636656543
15,38,20.921624722117027
15,39,21.555422587026573
15,40,25.20761201776077
15,41,24.940434138908593
15,42,25.610538257133918
15,43,24.269484855664036
15,44,22.63802752980527
15,45,23.098619836565756
15,46,20.13246174137849
15,47,21.8718304033423
15,48,24.75625886474515
15,49,26.30355585691366
15,50,28.254124156618133
15,51,26.61610323646778
15,52,27.800206891284944
15,53,28.417543144394084
15,54,30.41526887229446
15,55,27.957911003318888
15,56,28.206051915856555
15,57,25.076182617050158
15,58,22.999152264011332
15,59,19.436058497090805
15,60,19.333500082990298
15,61,15.544760395761365
15,62,16.466664939646385
15,63,18.69582241194255
15,64,20.673520540356694
15,65,22.111396491795677
15,66,24.896148376868727
15,67,24.931812043351677
15,68,28.278105999552302
15,69,29.570949898953106
15,70,29.644131922776815
15,71,28.382181445428756
15,72,24.614712784209605
15,73,22.35288086300335
15,74,18.81696435414894
15,75,17.1955401996648
15,76,14.182775710208425
15,77,11.979596364655231
15,78,11.519954206256612
15,79,9.404947159907502
15,80,7.744572607881987
15,81,8.31065044877766
15,82,8.32218184344206
15,83,11.721874820042805
15,84,10.862063516450556
15,85,10.481753883498994
15,86,13.89079169746036
15,87,16.432602385378797
15,88,17.084140627700016
15,89,20.140040493335224
15,90,22.540938110536775
15,91,26.280244202265127
15,92,29.30819788306165
15,93,32.123154346122284
15,94,35.59154462453126
15,95,37.15562098800663
15,96,40.78144842502279
15,97,41.187776605768725
15,98,39.32958439572307
15,99,36.05633256813457
15,100,36.20720227195692
