1,2,3.797579479068506
1,3,7.161829447623721
1,4,10.294982342949917
1,5,13.143859504986679
1,6,16.2430328043808
1,7,19.766089431067094
1,8,22.8666748980624
1,9,25.5301158102912
1,10,25.74508607227308
1,11,29.355356742355877
1,12,30.818204409349526
1,13,34.602281138685264
1,14,36.356115041645054
1,15,39.918231764821286
1,16,40.84926078804353
1,17,40.860870205636836
1,18,38.34714072416485
1,19,34.80757797204361
1,20,32.01904274379912
1,21,28.891047534755522
1,22,25.53489267428385
1,23,22.435881911310965
1,24,18.89631272857606
1,25,16.333860843082995
1,26,12.999521834967839
1,27,11.831227659837522
1,28,9.847741966225506
1,29,13.145252414302915
1,30,13.975287197007392
1,31,15.243305434890944
1,32,11.95197837983038
1,33,12.044740286817111
1,34,15.22016571259185
1,35,16.594620316239237
1,36,19.15229397613674
1,37,21.91515751814812
1,38,23.415003259486998
1,39,26.518473840105028
1,40,27.465072753963234
1,41,30.198597549770813
1,42,33.35302280537725
1,43,31.792013333662446
1,44,29.04316464263598
1,45,26.402865094014537
1,46,24.171278914179567
1,47,26.345902772130263
1,48,24.68277930665697
1,49,26.65681670829592
1,50,24.862834111061563
1,51,21.791195980511922
1,52,20.414585820550613
1,53,21.636624599128265
1,54,24.92033862142667
1,55,25.32288787248212
1,56,28.852819222162605
1,57,29.534970138770444
1,58,28.8508350089439
1,59,32.319898225983664
1,60,33.96638062726303
1,61,31.55030611807651
1,62,32.90408371285693
1,63,32.47112698922128
1,64,33.40872996153723
1,65,29.786498440470957
1,66,28.511967053488423
1,67,25.016780229403345
1,68,25.007289000194863
1,69,22.335287623280358
1,70,23.202002510963773
1,71,23.672230906986343
1,72,21.32667810018429
1,73,18.317637023147196
1,74,16.58059069557749
1,75,19.33364223436568
1,76,20.976550658101978
1,77,24.40937528136809
1,78,25.078206115665783
1,79,28.849647186813332
1,80,31.54657448423489
1,81,34.51211118078012
1,82,37.94990267960226
1,83,36.63055067052851
1,84,38.902146604863056
1,85,39.58883188170555
1,86,38.06831296028718
1,87,34.73340661447097
1,88,34.336028760278744
1,89,31.51422450020165
1,90,27.96989901002309
1,91,25.24255066277603
1,92,21.461860306778895
1,93,18.760795891294983
1,94,15.770867092344899
1,95,12.828729612391497
1,96,12.690931983532254
1,97,10.442642576293999
1,98,13.529485218653166
1,99,12.790690891848438
1,100,15.195222274590316
1,101,14.92128422305343
1,102,13.7546410164883
1,103,11.723464553971425
1,104,12.913834773873761
1,105,12.065403002350605
1,106,15.212000988133523
1,107,16.34771727393194
1,108,19.213893852675696
1,109,22.57485462032243
1,110,25.200376058654772
1,111,28.93306751335773
1,112,31.176426965910707
1,113,34.9108958863957
1,114,37.30875379967733
1,115,40.69319886231184
1,116,44.24791943005852
2,1,3.797579479068506
2,3,3.8026154024709924
2,4,6.81305004093778
2,5,9.379840423066025
2,6,12.534471244872515
2,7,16.02311503041163
2,8,19.13045860379692
2,9,21.83475757069955
2,10,22.18517540153924
2,11,25.744921024457888
2,12,27.08991140744447
2,13,30.866876639498216
2,14,32.57730102205801
2,15,36.141406995446026
2,16,37.110013985801345
2,17,37.12893000928199
2,18,34.58207417550256
2,19,31.062019314651682
2,20,28.24416315403306
2,21,25.114196142880264
2,22,21.74188190365463
2,23,18.655896622370985
2,24,15.1193052379261
2,25,12.612575007019542
2,26,9.376424656354304
2,27,8.788987788561823
2,28,7.325636633382254
2,29,10.588948496665354
2,30,12.31068995859569
2,31,14.191391108035015
2,32,11.140162091291257
2,33,10.118549438258558
2,34,12.767418716268145
2,35,13.519659807142538
2,36,16.029815991794933
2,37,18.53615799185471
2,38,20.165802723824736
2,39,23.235566429505116
2,40,24.40808113091351
2,41,27.318186287552923
2,42,30.575802359493693
2,43,29.32605986469697
2,44,26.465566960646473
2,45,23.887170421812144
2,46,21.387625493057413
2,47,23.491263764074564
2,48,21.759021601530332
2,49,23.480945522820107
2,50,21.74008737892833
2,51,18.8219471476702
2,52,17.50538775116229
2,53,19.0450433829625
2,54,22.236219962828002
2,55,22.868097815562212
2,56,26.48935955703171
2,57,27.42674363730542
2,58,26.494780195602626
2,59,29.948378204368442
2,60,31.285995878381698
2,61,28.717872956507023
2,62,29.796808510171296
2,63,29.28395995325808
2,64,30.006935851049622
2,65,26.34731981246589
2,66,25.07740148205848
2,67,21.6039581751074
2,68,21.657773608373752
2,69,19.132999759769195
2,70,19.983855559589937
2,71,20.80554702731987
2,72,18.475191383929474
2,73,15.524625521955105
2,74,13.362472084425407
2,75,15.823816251972378
2,76,17.41174749072026
2,77,20.75511184529547
2,78,21.409619825177106
2,79,25.16669726527721
2,80,27.895097021723288
2,81,30.883778330980352
2,82,34.29115513731227
2,83,32.950371956581094
2,84,35.27621958036435
2,85,35.99058355674262
2,86,34.597454420242045
2,87,31.195075792759656
2,88,30.789082371540413
2,89,28.08359974665007
2,90,24.583908479730074
2,91,21.742464784269593
2,92,17.96255286169123
2,93,15.243594211987586
2,94,12.519262123605298
2,95,9.74493258552351
2,96,10.50712184419368
2,97,9.226569208354382
2,98,12.79576379733472
2,99,13.160447117841672
2,100,15.856318386173708
2,101,15.298794354533838
2,102,13.262181541170294
2,103,10.832355440371039
2,104,10.940636972287122
2,105,9.428893979377822
2,106,12.135212926262668
2,107,12.910185230861174
2,108,15.928825563769728
2,109,19.21443515461999
2,110,21.652159141889143
2,111,25.38626795951496
2,112,27.52464464871267
2,113,31.27367823879989
2,114,33.61638898548132
2,115,36.989419230254036
2,116,40.52150506852949
3,1,7.161829447623721
3,2,3.8026154024709924
3,4,3.8287479939415507
3,5,6.601081758783134
3,6,9.226754251111702
3,7,12.856953709438569
3,8,15.881090926078759
3,9,18.457715195662814
3,10,18.60515668452537
3,11,22.24423082861917
3,12,23.816754586447498
3,13,27.62176494590771
3,14,29.569834174143107
3,15,33.20657860249354
3,16,34.373060271020094
3,17,34.64864185183408
3,18,32.061124614985665
3,19,28.686161182789057
3,20,25.6361899368761
3,21,22.612329821702833
3,22,19.06052492602049
3,23,16.12727975118145
3,24,12.761432705061845
3,25,10.364077245023251
3,26,7.966204932449804
3,27,8.564700831699732
3,28,8.57412669250041
3,29,11.483495009908559
3,30,14.112159980272077
3,31,16.42496607837351
3,32,13.658817636233081
3,33,11.678911831561306
3,34,13.388936227311989
3,35,13.04360273605998
3,36,15.005018303019737
3,37,16.857429924041885
3,38,18.229590340796385
3,39,20.949001470017016
3,40,22.03876311837215
3,41,25.22017780894826
3,42,28.383858033238077
3,43,27.38150262367014
3,44,24.25086738401298
3,45,22.029841313316098
3,46,19.542569097246915
3,47,21.89353361242868
3,48,20.478027714631295
3,49,22.028427100483885
3,50,20.702210293459935
3,51,18.256784220573586
3,52,17.322257479676704
3,53,19.3306329865868
3,54,22.219015757530045
3,55,22.969704637337216
3,56,26.686126208552352
3,57,27.753971978952123
3,58,26.367809595235972
3,59,29.64414983262011
3,60,30.584475065221497
3,61,27.98818421412657
3,62,28.684995092293473
3,63,28.237855447772976
3,64,28.496305676017354
3,65,24.74700104245886
3,66,23.696120284671427
3,67,20.39030014956379
3,68,20.632598524584694
3,69,18.434241058085473
3,70,19.03176316365759
3,71,20.285643922605033
3,72,17.76046850105248
3,73,15.264942736590601
3,74,12.348158812244629
3,75,14.21164607672089
3,76,15.893582654248169
3,77,18.893505465420695
3,78,19.434824534791215
3,79,23.078069429902328
3,80,25.733308616053296
3,81,28.888065733053356
3,82,32.12378221650485
3,83,30.529831209606304
3,84,32.77624262265352
3,85,33.25716142748792
3,86,32.04247546652435
3,87,28.65831859418005
3,88,27.928301692288183
3,89,25.21182300884068
3,90,21.638737821124156
3,91,18.974213289307983
3,92,15.262136366115646
3,93,13.029854611120115
3,94,10.909788622898551
3,95,9.124200470065388
3,96,11.056350601773381
3,97,11.056520451201596
3,98,14.839100297124302
3,99,15.886535394297251
3,100,18.377043354702153
3,101,17.26177144104784
3,102,14.881019664000073
3,103,11.87000285520383
3,104,10.773015051628434
3,105,8.062317316405185
3,106,9.817614870012306
3,107,9.798946010895591
3,108,12.496880520139216
3,109,15.9451532172731
3,110,18.30761374930793
3,111,22.08752292509642
3,112,24.417504707896708
3,113,28.107355079992963
3,114,30.628602792910606
3,115,33.88734303258872
3,116,37.473452449039904
4,1,10.294982342949917
4,2,6.81305004093778
4,3,3.8287479939415507
4,5,3.8150180728309477
4,6,6.667489852675794
4,7,9.862883485455692
4,8,13.280141325791515
4,9,15.847484844416563
4,10,15.760256081528102
4,11,19.252625487925428
4,12,20.775074822922836
4,13,24.53832336403748
4,14,26.455729146208295
4,15,30.02975554359167
4,16,31.0298011233949
4,17,31.42487585884167
4,18,29.028908342315294
4,19,25.71275823693251
4,20,22.566756300683778
4,21,19.79923740537994
4,22,16.174133433965203
4,23,13.673619783477006
4,24,10.209344525514695
4,25,8.815919071006125
4,26,7.188293856681728
4,27,9.400903303702728
4,28,9.644777321631791
4,29,11.459662095335347
4,30,14.499153806012083
4,31,16.686087798247826
4,32,14.107710550359524
4,33,11.274777611210501
4,34,11.905361145050595
4,35,10.690732556506234
4,36,11.934544682085741
4,37,13.438154860666968
4,38,14.52643054695121
4,39,17.144333033141763
4,40,18.228146501043298
4,41,21.449247754615833
4,42,24.639258192270148
4,43,23.786356760428614
4,44,20.644935184281486
4,45,18.454838000879455
4,46,15.865734023037923
4,47,18.245445960881526
4,48,17.004592577923805
4,49,18.57094508616341
4,50,17.60096072933213
4,51,15.566791173156592
4,52,15.244487186556052
4,53,17.576321528754413
4,54,20.015675399828233
4,55,20.584112000447963
4,56,24.344901164751715
4,57,25.34466114029133
4,58,23.586310212522562
4,59,26.675661615307405
4,60,27.40366622234164
4,61,24.902593105135203
4,62,25.48728411027789
4,63,25.285346827099048
4,64,25.352801171605332
4,65,21.55304603233411
4,66,20.880544221274164
4,67,17.853836840364302
4,68,18.656310176716794
4,69,17.063009027237808
4,70,18.03796260815064
4,71,19.970153542804304
4,72,17.855704635972913
4,73,15.422037141053012
4,74,12.201461401628103
4,75,13.063527061881475
4,76,14.022413896936422
4,77,16.59020800253429
4,78,16.553674958334604
4,79,20.101850546708995
4,80,22.483186311912
4,81,25.797252215706106
4,82,28.920696611477933
4,83,27.147356707030745
4,84,29.22822908786584
4,85,29.62496483406716
4,86,28.301498088715853
4,87,24.974250582274582
4,88,24.250408699307542
4,89,21.467768799560208
4,90,17.90205058436988
4,91,15.231632730004192
4,92,11.503273908452947
4,93,9.414298657002524
4,94,7.481870996376296
4,95,6.709777792430204
4,96,9.384930991915077
4,97,10.67598132912092
4,98,14.363511165086498
4,99,16.173919303310203
4,100,18.402068920509347
4,101,16.86586285957712
4,102,14.058523571085972
4,103,10.870414403262695
4,104,8.636541893812419
4,105,5.284403323528408
4,106,6.1264362660292875
4,107,6.11864425729469
4,108,9.1828064072052
4,109,12.404121161461156
4,110,14.912397511952099
4,111,18.63924716899416
4,112,20.945934355985973
4,113,24.65087953718033
4,114,27.176092974678813
4,115,30.512610448049728
4,116,34.1256538732812
5,1,13.143859504986679
5,2,9.379840423066025
5,3,6.601081758783134
5,4,3.8150180728309477
5,6,3.7940280372499386
5,7,6.731895838144169
5,8,10.09702176796675
5,9,12.872054049792725
5,10,13.451966241426174
5,11,16.748648338600535
5,12,17.795431948875006
5,13,21.541494672479054
5,14,23.215759753889298
5,15,26.78678433120441
5,16,27.842944195268835
5,17,28.05259550337465
5,18,25.510116906520132
5,19,22.138180701519204
5,20,19.080682441358867
5,21,16.140827236681055
5,22,12.579651495480505
5,23,9.898388958527004
5,24,6.421023381994958
5,25,5.273050342645885
5,26,4.75239705248431
5,27,8.073725421663676
5,28,9.321877177381388
5,29,10.244569557326589
5,30,13.798374212541061
5,31,16.412367713763057
5,32,14.598522938224514
5,33,11.305726427581531
5,34,11.053526742678606
5,35,8.93778867671822
5,36,10.158267438615686
5,37,11.042601548190047
5,38,12.724710835764519
5,39,15.33535359554935
5,40,17.079908095436437
5,41,20.45880397578283
5,42,23.83104087823139
5,43,23.548554000873917
5,44,20.457006386237087
5,45,18.343885340842224
5,46,15.288282520275287
5,47,17.151111815545352
5,48,15.56289195012869
5,49,16.413408342486537
5,50,15.290380237709028
5,51,13.48038203773097
5,52,13.00074680609683
5,53,15.553469510622504
5,54,17.834885872916207
5,55,18.914735132188635
5,56,22.56289217467876
5,57,24.022654453356797
5,58,22.223194616427804
5,59,25.301680743707845
5,60,25.61591663151357
5,61,22.81986508380087
5,62,22.970175365168856
5,63,22.432628637582933
5,64,22.2854746760949
5,65,18.527522768840193
5,66,17.615773987109545
5,67,14.569720385301917
5,68,15.232262692198807
5,69,13.824742503999124
5,70,14.672811097152543
5,71,16.938243358771427
5,72,15.038982348446142
5,73,12.908312160831803
5,74,9.480373386779979
5,75,9.595778861129071
5,76,10.40353860552572
5,77,12.837464638244604
5,78,13.00969575599594
5,79,16.56841619016368
5,80,19.177686558503584
5,81,22.374620567666124
5,82,25.549644738140902
5,83,23.9496955668818
5,84,26.287763227754205
5,85,26.930521613600575
5,86,25.88565029075276
5,87,22.369365375419747
5,88,21.814885511620325
5,89,19.424158156473833
5,90,16.102270046230778
5,91,13.038720869025466
5,92,9.418532126450806
5,93,7.111937950445569
5,94,6.4642740543643376
5,95,6.43749012780249
5,96,10.053601018170383
5,97,12.047302227237779
5,98,15.374945166752514
5,99,17.794088482385405
5,100,20.312634265553115
5,101,19.067480750866437
5,102,15.811391251765498
5,103,13.103407600628753
5,104,10.35099556073225
5,105,7.347712873938685
5,106,6.56746260215837
5,107,5.13304663276188
5,108,8.397321656117105
5,109,11.019113504528839
5,110,12.748882652155
5,111,16.41428526146635
5,112,18.28281297785463
5,113,22.045785761096365
5,114,24.309062958516854
5,115,27.647183931379484
5,116,31.158996246803138
6,1,16.2430328043808
6,2,12.534471244872515
6,3,9.226754251111702
6,4,6.667489852675794
6,5,3.7940280372499386
6,7,3.804422856034828
6,8,6.694414247936407
6,9,9.33258361867578
6,10,9.956039192412248
6,11,13.381581914997655
6,12,14.646989768822195
6,13,18.45230477280308
6,14,20.43393349874756
6,15,24.12416918973715
6,16,25.558136536644078
6,17,26.04507890697183
6,18,23.351909362383964
6,19,20.22605896838633
6,20,16.91695481908704
6,21,14.084512073033306
6,22,10.366494340897642
6,23,7.967018851163086
6,24,5.610285424584363
6,25,5.112948088521617
6,26,6.963449606890572
6,27,10.245282631649452
6,28,12.421013840892137
6,29,13.196005564414156
6,30,16.9257839776288
6,31,19.76791844591778
6,32,18.238864121283644
6,33,14.886967016563231
6,34,14.213892107269514
6,35,11.488857668234212
6,36,11.965877012015811
6,37,11.631987416393805
6,38,12.9614151109646
6,39,14.796205349310192
6,40,16.534072301325192
6,41,20.186986063548407
6,42,23.349247327842644
6,43,23.528238818764436
6,44,20.215911110326804
6,45,18.711747695825107
6,46,15.787315034459061
6,47,17.700582667940047
6,48,16.526601308639663
6,49,16.85859723189775
6,50,16.256377412454437
6,51,15.18939063538133
6,52,14.989103444588425
6,53,17.71715526383766
6,54,19.586760118743264
6,55,20.8999379306175
6,56,24.39752528163488
6,57,26.050163178269614
6,58,23.954559386607325
6,59,26.750684613125525
6,60,26.556013600261114
6,61,23.738448798985456
6,62,23.311963384717398
6,63,22.703813812773088
6,64,21.923504153306517
6,65,18.247564907731185
6,66,17.504537043837598
6,67,14.850951600258293
6,68,15.47014892704308
6,69,14.505338944904805
6,70,14.717392604013499
6,71,17.20722858539621
6,72,15.158812656885516
6,73,13.922100742966004
6,74,10.195388913824809
6,75,9.346570679702486
6,76,10.358917042890383
6,77,11.952408775442066
6,78,12.207426092667033
6,79,15.348488108642238
6,80,17.90444191936119
6,81,21.15296347507299
6,82,24.04530433338258
6,83,22.216596040722802
6,84,24.541512105633497
6,85,24.93786520510731
6,86,24.311638281485987
6,87,20.807734904609564
6,88,19.8058778165624
6,89,17.621332943081214
6,90,14.370242182822672
6,91,11.614357130824526
6,92,8.536732316920647
6,93,7.613397635143847
6,94,8.658442377806196
6,95,9.80041323859254
6,96,13.531898205353183
6,97,15.7898767135799
6,98,19.041341082292643
6,99,21.56135442554259
6,100,23.996171029589963
6,101,22.571279827261552
6,102,19.327968603843285
6,103,16.49427644419135
6,104,13.423697610865096
6,105,10.131443897566667
6,106,8.11665688317361
6,107,4.912028870993439
6,108,6.6252506991531925
6,109,9.040511998725401
6,110,10.036070946497837
6,111,13.729971706056176
6,112,15.737406569923177
6,113,19.384113814246945
6,114,21.81890122510034
6,115,24.931439758342606
6,116,28.46671117550835
7,1,19.766089431067094
7,2,16.02311503041163
7,3,12.856953709438569
7,4,9.862883485455692
7,5,6.731895838144169
7,6,3.804422856034828
7,8,3.8098215951676386
7,9,6.408520081401646
7,10,7.282193131284954
7,11,10.206034139732788
7,12,11.075289340270308
7,13,14.843946071866581
7,14,16.72710522391045
7,15,20.38806420870742
7,16,21.772905896527107
7,17,22.361914053846448
7,18,19.761076583625194
7,19,16.756886744762173
7,20,13.308663266932884
7,21,10.784913361634993
7,22,6.996421435475096
7,23,5.673704030916271
7,24,4.685707910559376
7,25,6.551555755375779
7,26,9.380309116274798
7,27,12.933388881955677
7,28,15.107876105674936
7,29,15.05628065622726
7,30,18.766972134192507
7,31,21.464859719752113
7,32,20.327695773351735
7,33,16.715285721201784
7,34,15.198796274303293
7,35,11.83161322513681
7,36,11.3511940143141
7,37,9.83204611846916
7,38,10.913451125710406
7,39,12.143912721450327
7,40,14.206266916361807
7,41,17.885257022787787
7,42,20.99707108426497
7,43,21.71394034149194
7,44,18.52211722577444
7,45,17.33176955044666
7,46,14.333834488097988
7,47,15.839561610481482
7,48,14.858143001997417
7,49,14.599302365346473
7,50,14.496580725200761
7,51,14.27668693291792
7,52,14.642381118971857
7,53,17.4922840345641
7,54,18.686445829501455
7,55,20.035232458924387
7,56,23.303903311113118
7,57,25.06007719165213
7,58,22.676182341062734
7,59,25.1382978786363
7,60,24.464975625177296
7,61,21.682495786239585
7,62,20.79733209706601
7,63,20.258330960696426
7,64,19.009861722990596
7,65,15.439123078072235
7,66,15.071165023058454
7,67,13.0288961550154
7,68,14.114960538655884
7,69,14.071418157087061
7,70,14.412203944567649
7,71,17.46001721057114
7,72,16.012257535716415
7,73,15.198883903121326
7,74,11.747962350820792
7,75,9.633248850686428
7,76,9.579250658872981
7,77,9.953092530015843
7,78,9.557920929262023
7,79,12.23074089670106
7,80,14.50883109289518
7,81,17.847053033927484
7,82,20.531472937489955
7,83,18.540343990980993
7,84,20.822755859047454
7,85,21.201291010984946
7,86,20.741412554388212
7,87,17.21257431824713
7,88,16.18887055472987
7,89,14.289493861210497
7,90,11.350343937709132
7,91,8.538970994281144
7,92,6.239744497171259
7,93,6.497380275834198
7,94,9.108675285698723
7,95,11.301075060478496
7,96,15.03157979686483
7,97,17.868366853014248
7,98,20.738185750114194
7,99,23.660442858938918
7,100,25.934421703070488
7,101,24.41179226538681
7,102,21.007109138929824
7,103,18.40819197368821
7,104,14.954664122987648
7,105,12.034545617075583
7,106,9.099635455935942
7,107,5.763841754838392
7,108,6.338362654849905
7,109,7.044973572971046
7,110,6.938002392774844
7,111,10.383172245154404
7,112,12.038059676475443
7,113,15.710293722362357
7,114,18.03439527156708
7,115,21.182997069472798
7,116,24.704012871164167
8,1,22.8666748980624
8,2,19.13045860379692
8,3,15.881090926078759
8,4,13.280141325791515
8,5,10.09702176796675
8,6,6.694414247936407
8,7,3.8098215951676386
8,9,2.9386909197477853
8,10,5.445973847440549
8,11,7.866896766240432
8,12,8.395471424277114
8,13,12.13891392024122
8,14,14.163919727101321
8,15,17.928400170232777
8,16,19.8321243526637
8,17,20.523434101232574
8,18,17.62399451173471
8,19,14.9435991241714
8,20,11.457214692430982
8,21,9.011605215986117
8,22,5.636332871130089
8,23,5.149953847662841
8,24,6.638836237999267
8,25,8.344940172145384
8,26,11.875344942257057
8,27,15.039726015904856
8,28,17.75908980839739
8,29,17.621762544891464
8,30,21.36230904240317
8,31,24.29251285369338
8,32,23.49281240952799
8,33,19.950673053240223
8,34,18.351569477008532
8,35,14.91556372719513
8,36,14.398976992095172
8,37,12.292402323803962
8,38,13.338400182049835
8,39,13.828262120290328
8,40,15.989388902460387
8,41,19.623744034825958
8,42,22.468714021042686
8,43,23.705767650474552
8,44,20.553503508423926
8,45,19.860286277897437
8,46,17.021292729983788
8,47,18.21849627609631
8,48,17.37486046707707
8,49,16.445859251693307
8,50,16.520213295723956
8,51,16.749220493746364
8,52,16.97450111003164
8,53,19.731574086747365
8,54,20.682714286661888
8,55,22.398080302143843
8,56,25.379026040097155
8,57,27.428547708886654
8,58,25.036517573945257
8,59,27.286258571302522
8,60,26.15804512657501
8,61,23.29737544800012
8,62,21.821975511837334
8,63,20.97322044479482
8,64,19.174564212802586
8,65,15.986865949067223
8,66,15.511349942752888
8,67,13.932864408190488
8,68,14.578919061710977
8,69,14.843202042649244
8,70,14.423355721774897
8,71,17.417287285201596
8,72,15.999241753317788
8,73,16.089345545976716
8,74,12.829135991760179
8,75,10.15224846978338
8,76,10.336590245063151
8,77,9.713939494627304
8,78,9.849788283750806
8,79,11.64215802276912
8,80,13.929506940561435
8,81,16.94663922153483
8,82,19.28735956284692
8,83,17.32972236066554
8,84,19.765489847239074
8,85,20.087181600037223
8,86,20.315793657108692
8,87,16.83565756470984
8,88,15.528146751064623
8,89,14.34067805957873
8,90,12.025585437982771
8,91,9.799381198837372
8,92,8.84289057847261
8,93,9.81362617757133
8,94,12.787972454249086
8,95,14.927047832582872
8,96,18.68170208810748
8,97,21.469949799662103
8,98,24.276616083490325
8,99,27.238197328899336
8,100,29.630067134070202
8,101,28.194558302213824
8,102,24.753986517699193
8,103,22.206807322892573
8,104,18.76049791140473
8,105,15.818620860300573
8,106,12.822238142749596
8,107,9.351354180754992
8,108,8.85346434180401
8,109,8.749808483278342
8,110,6.924156848653831
8,111,9.580572947572358
8,112,10.767361884190338
8,113,14.08090053059481
8,114,16.27484588203911
8,115,19.042918345522292
8,116,22.436280048080047
9,1,25.5301158102912
9,2,21.83475757069955
9,3,18.457715195662814
9,4,15.847484844416563
9,5,12.872054049792725
9,6,9.33258361867578
9,7,6.408520081401646
9,8,2.9386909197477853
9,10,3.8168158116186963
9,11,5.399105862516129
9,12,6.117424821054631
9,13,9.783316572594016
9,14,12.243499770279548
9,15,16.03220802442284
9,16,18.29314790127195
9,17,19.364833696813086
9,18,16.502680481656718
9,19,14.340431861820141
9,20,10.774144862887846
9,21,9.085048484886265
9,22,6.488498862609651
9,23,7.325240994001072
9,24,9.446363936767188
9,25,11.225696923652139
9,26,14.794325101610028
9,27,17.880717833444475
9,28,20.678429718527223
9,29,20.53210454978652
9,30,24.260405254332586
9,31,27.1749690938142
9,32,26.40264676259281
9,33,22.83043151296719
9,34,21.109629243948344
9,35,17.575541991908608
9,36,16.708891935467253
9,37,14.18685775498925
9,38,14.746294093801591
9,39,14.501522794977268
9,40,16.401096483057454
9,41,19.95642671978045
9,42,22.44864328691439
9,43,24.015840859965383
9,44,20.87786705943956
9,45,20.694785699839077
9,46,18.168531962995807
9,47,19.32381661004215
9,48,18.886060883363008
9,49,17.74086201884662
9,50,18.265656385281716
9,51,18.956333716135756
9,52,19.43372441669091
9,53,22.17281752889581
9,54,22.814016821816864
9,55,24.481660908180242
9,56,27.29762507310888
9,57,29.327113796715107
9,58,26.762352288403342
9,59,28.72159957395713
9,60,27.284961123613613
9,61,24.581257354657374
9,62,22.77632758314828
9,63,22.02896420561935
9,64,19.784727833800755
9,65,16.90081217222992
9,66,16.767978300970114
9,67,15.747433657937028
9,68,16.47890933537656
9,69,17.11647259592214
9,70,16.491753758762584
9,71,19.467639201303573
9,72,18.14530940671222
9,73,18.619988723893698
9,74,15.478288971558746
9,75,12.661022276263191
9,76,12.726370178845281
9,77,11.4414405764705
9,78,11.3477223269888
9,79,12.284946957917803
9,80,14.058687142762373
9,81,16.935717574374387
9,82,18.766680512779065
9,83,16.563560869047183
9,84,18.7727809914609
9,85,18.748768535135223
9,86,19.394573092774635
9,87,16.156453673347663
9,88,14.396098821205985
9,89,13.582836164667
9,90,11.717816073129793
9,91,10.30404254510049
9,92,10.320852219110545
9,93,12.05018259636399
9,94,15.242356453826453
9,95,17.652582633588832
9,96,21.361696898638783
9,97,24.251749102792946
9,98,27.036231593432436
9,99,30.030953825635653
9,100,32.31468464969284
9,101,30.737459764584006
9,102,27.339258985198782
9,103,24.727071778093944
9,104,21.18422652234097
9,105,18.20802871346851
9,106,14.981301930380516
9,107,11.479347134015182
9,108,10.122090918470578
9,109,9.307554255934983
9,110,6.522338439856578
9,111,8.261171063158281
9,112,9.34770795933683
9,113,12.201771081288777
9,114,14.530496872995725
9,115,16.940930826764195
9,116,20.320595081789385
10,1,25.74508607227308
10,2,22.18517540153924
10,3,18.60515668452537
10,4,15.760256081528102
10,5,13.451966241426174
10,6,9.956039192412248
10,7,7.282193131284954
10,8,5.445973847440549
10,9,3.8168158116186963
10,11,3.8230499521397627
10,12,6.700081994466719
10,13,10.182591092674635
10,14,13.320782207196512
10,15,16.97094360668931
10,16,19.086395901402152
10,17,20.75753887985293
10,18,18.388231394766112
10,19,16.55507976379493
10,20,12.804206182012239
10,21,11.873454642682656
10,22,9.158847665319048
10,23,10.26802199195074
10,24,11.464277625061168
10,25,13.265160306702926
10,26,16.408284648485157
10,27,19.69758578553638
10,28,22.1752649829196
10,29,22.306862928715578
10,30,26.034488449459857
10,31,28.72998702651654
10,32,27.523274422633186
10,33,23.884754968774814
10,34,22.213167384328642
10,35,18.672150702349782
10,36,17.336560884519272
10,37,14.796277373782887
10,38,14.416872634521974
10,39,13.614532436944415
10,40,14.664721631232776
10,41,18.268467179683032
10,42,20.38286715079579
10,43,21.793431326911232
10,44,18.451100558959258
10,45,18.751701261122243
10,46,16.769177034163786
10,47,18.452997253218566
10,48,18.72554928379162
10,49,18.126371044590968
10,50,19.248457030858056
10,51,20.13764159816867
10,52,21.127747965794747
10,53,23.975261131274635
10,54,24.497326153438504
10,55,25.652128605679586
10,56,28.60474238062985
10,57,30.210118507556434
10,58,27.335588969279513
10,59,29.075906510888665
10,60,27.724550812311936
10,61,25.404826061926894
10,62,23.81839260623871
10,63,23.656877544883873
10,64,21.363713934620016
10,65,18.377317248343957
10,66,18.89472007825177
10,67,18.051629109114053
10,68,19.333088663767555
10,69,20.03292700767448
10,70,19.79315979689085
10,71,22.832409318848125
10,72,21.362682919401987
10,73,21.454638348155992
10,74,18.05820220839723
10,75,15.57349504181972
10,76,15.53130944184322
10,77,14.460823515394232
10,78,13.637306149677292
10,79,14.567139712718213
10,80,15.670334716810563
10,81,18.880763726284687
10,82,20.397826721166123
10,83,17.642029814901214
10,84,19.17971514665064
10,85,18.461531513170048
10,86,18.791280623758876
10,87,15.926121565338493
10,88,13.49805043696838
10,89,12.022912963256491
10,90,9.76884774868364
10,91,9.348832485332492
10,92,9.671331171879975
10,93,12.252743545245432
10,94,15.272187889176275
10,95,18.084650904905438
10,96,21.630044781677793
10,97,24.619342014969607
10,98,27.518210294803165
10,99,30.40354331917821
10,100,32.33300488185796
10,101,30.353826749464446
10,102,27.176582853691627
10,103,24.29869312144593
10,104,20.66646171738206
10,105,17.570940984905537
10,106,14.105738327330178
10,107,10.700951592417894
10,108,8.212786586665489
10,109,6.959844862381921
10,110,4.286216232231953
10,111,6.159138867304986
10,112,8.654519637458467
10,113,11.345388910429683
10,114,14.442729105361002
10,115,16.786550379024426
10,116,20.412099995087697
11,1,29.355356742355877
11,2,25.744921024457888
11,3,22.24423082861917
11,4,19.252625487925428
11,5,16.748648338600535
11,6,13.381581914997655
11,7,10.206034139732788
11,8,7.866896766240432
11,9,5.399105862516129
11,10,3.8230499521397627
11,12,3.798144316122544
11,13,6.64509131556369
11,14,10.1009055640287
11,15,13.581580792384568
11,16,15.85956656410991
11,17,17.905249850805994
11,18,15.78803198144338
11,19,14.599167562388448
11,20,11.012807263703953
11,21,11.181421827583172
11,22,9.559826524812847
11,23,11.830448536924772
11,24,13.781957773573835
11,25,16.103247358133515
11,26,19.434162827170763
11,27,22.779601242871703
11,28,25.257319811801285
11,29,24.99190870131265
11,30,28.651599966334242
11,31,31.252537625339645
11,32,30.308760469388115
11,33,26.588777424299913
11,34,24.529071727445235
11,35,20.82068996542804
11,36,19.07064505983716
11,37,15.992822664280318
11,38,15.324113697664837
11,39,13.7332428364527
11,40,14.781376349428609
11,41,18.00580426071707
11,42,19.73539897895458
11,43,21.747565801266067
11,44,18.7507761535117
11,45,19.509473435737497
11,46,17.755520944801578
11,47,18.923235737362415
11,48,19.459447667058516
11,49,18.346495703519118
11,50,19.897872209740385
11,51,21.409341557593272
11,52,22.68890456946831
11,53,25.451931293436825
11,54,25.46063110542671
11,55,26.609690297827747
11,56,29.225049690725182
11,57,30.87074020121222
11,58,27.861977511419855
11,59,29.194421222310748
11,60,27.391473124913365
11,61,25.24981240074221
11,62,23.21529516160347
11,63,23.137884849145777
11,64,20.36549782510278
11,65,17.87407546437257
11,66,18.79127858736339
11,67,18.6968952135336
11,68,20.159251952076687
11,69,21.4646956245515
11,70,21.237220890351608
11,71,24.43920150275022
11,72,23.40372152603396
11,73,23.78016229120129
11,74,20.66048511526883
11,75,17.733050401754056
11,76,17.175772829298307
11,77,15.295712943632152
11,78,14.110735944151198
11,79,14.022003493145919
11,80,14.395340647258697
11,81,17.31187509316554
11,82,18.18985747477944
11,83,15.225877906090078
11,84,16.44626465122009
11,85,15.433956076142001
11,86,16.2878936391859
11,87,13.753579895143234
11,88,11.008272535572459
11,89,10.4010334569589
11,90,9.33977995824864
11,91,9.787955560166418
11,92,11.414410660075092
11,93,14.380313560367034
11,94,17.768712395234832
11,95,20.835977682916415
11,96,24.284609961979953
11,97,27.495410937815787
11,98,30.141283946772468
11,99,33.228134376483084
11,100,35.06912076017265
11,101,33.07728282572495
11,102,29.83870881266397
11,103,27.16034760584106
11,104,23.42510892947345
11,105,20.617982335690602
11,106,16.97881745299948
11,107,13.868842384251755
11,108,11.401893524841775
11,109,9.12889479166955
11,110,5.547928340839895
11,111,4.6862367726244045
11,112,6.144452632610331
11,113,8.0114085271125
11,114,11.100170525516011
11,115,13.111503805459572
11,116,16.706575402687584
12,1,30.818204409349526
12,2,27.08991140744447
12,3,23.816754586447498
12,4,20.775074822922836
12,5,17.795431948875006
12,6,14.646989768822195
12,7,11.075289340270308
12,8,8.395471424277114
12,9,6.117424821054631
12,10,6.700081994466719
12,11,3.798144316122544
12,13,3.8178977291944762
12,14,6.624636563902289
12,15,10.312292041224154
12,16,12.63642992764841
12,17,14.352387327608412
12,18,12.034036621913014
12,19,10.916638562370517
12,20,7.4884791789916525
12,21,8.243556962842684
12,22,7.798948035471405
12,23,10.860188487601812
12,24,13.541396609399595
12,25,16.27794062064496
12,26,19.783602501588874
12,27,23.08306120953023
12,28,25.583180999814658
12,29,24.80443277085193
12,30,28.34049743588747
12,31,30.908071956370588
12,32,30.416782010026438
12,33,26.69348637196665
12,34,24.30081422095301
12,35,20.523896469657693
12,36,18.743379733018614
12,37,15.367439481708358
12,38,15.142177587889458
12,39,13.567297026271012
12,40,15.344237442227026
12,41,18.26755604523288
12,42,20.178059634576297
12,43,22.58636261179508
12,44,20.00273585989219
12,45,20.494594286487917
12,46,18.404669878862702
12,47,18.821325254249892
12,48,18.95659016333546
12,49,17.14274058486825
12,50,18.56192607912928
12,51,20.37753907397098
12,52,21.591583239601015
12,53,24.188194122228857
12,54,23.864142454077367
12,55,25.279482602462302
12,56,27.553326133282376
12,57,29.47523694136337
12,58,26.60652927989487
12,59,27.82515146897213
12,60,25.70153844520287
12,61,23.41304482967784
12,62,20.970382011061112
12,63,20.57697610609101
12,64,17.553078865514507
12,65,15.4737147427945
12,66,16.303333704705963
12,67,16.700290359072557
12,68,18.0812692329921
12,69,19.860169423524546
12,70,19.630945344367092
12,71,22.946477847433457
12,72,22.44539366169687
12,73,23.053913829657983
12,74,20.35590496404613
12,75,17.00254196727699
12,76,15.939186127629748
12,77,13.373703384131968
12,78,12.15218393486712
12,79,11.247110791606248
12,80,11.433138061973805
12,81,13.958388184768769
12,82,14.69091784011577
12,83,11.972977553726459
12,84,13.625635131851439
12,85,13.200952001467881
12,86,14.523854959967206
12,87,11.76834874053547
12,88,9.686443351537084
12,89,10.219981201086673
12,90,10.124451799191998
12,91,10.0350690975957
12,92,12.098032192604613
12,93,14.706591667663663
12,94,18.380801650499492
12,95,21.377628767107684
12,96,24.794569138949587
12,97,28.10774502158917
12,98,30.448499706671083
12,99,33.75407789791477
12,100,35.73157441142014
12,101,34.00839214161771
12,102,30.58288136802028
12,103,28.259172311988678
12,104,24.519059331203785
12,105,22.038901479468606
12,106,18.436818594217904
12,107,15.508009995383068
12,108,13.756210223781013
12,109,11.275125152775708
12,110,7.4854323960412845
12,111,6.014374503516598
12,112,4.882963955790499
12,113,6.589258266357988
12,114,8.61555965101857
12,115,10.823917834444764
12,116,14.237937756126582
13,1,34.602281138685264
13,2,30.866876639498216
13,3,27.62176494590771
13,4,24.53832336403748
13,5,21.541494672479054
13,6,18.45230477280308
13,7,14.843946071866581
13,8,12.13891392024122
13,9,9.783316572594016
13,10,10.182591092674635
13,11,6.64509131556369
13,12,3.8178977291944762
13,14,3.8151028843838115
13,15,7.0385396734803205
13,16,9.812519410223393
13,17,12.073672366119204
13,18,10.205378341033413
13,19,10.340342732296264
13,20,7.83875140250475
13,21,9.963842707755274
13,22,10.743247992169037
13,23,14.101771204978338
13,24,17.01562983250954
13,25,19.86183127879298
13,26,23.392962383494606
13,27,26.6514201489383
13,28,29.146232579383323
13,29,28.1549559304464
13,30,31.596029731277273
13,31,34.0761449087126
13,32,33.771415365620584
13,33,30.04270832344862
13,34,27.443917319142013
13,35,23.6497461680491
13,36,21.648943952103895
13,37,18.064986731353432
13,38,17.61861829529287
13,39,15.532296537425927
13,40,17.129286637133198
13,41,19.52315485336028
13,42,20.949939379189157
13,43,23.808869112847628
13,44,21.620379323362044
13,45,22.49433858401436
13,46,20.70480146658331
13,47,20.71743163608797
13,48,21.083182532918755
13,49,18.925968840532317
13,50,20.638914771723577
13,51,22.88339902291606
13,52,24.26744629754194
13,53,26.71317946353165
13,54,25.9754705851477
13,55,27.35668138383963
13,56,29.25956482482443
13,57,31.18311272956896
13,58,28.269061439103897
13,59,29.07052372523245
13,60,26.55162671942178
13,61,24.51144733076449
13,62,21.681555849040585
13,63,21.358964098386696
13,64,17.93876335864608
13,65,16.598552413139732
13,66,17.748174169629817
13,67,18.83279969332318
13,68,20.24692312707264
13,69,22.43009483926485
13,70,22.164334234719526
13,71,25.45424589058151
13,72,25.27696844414412
13,73,26.126612543233648
13,74,23.67685033061698
13,75,20.17069439509296
13,76,18.866022659546296
13,77,15.86755894919369
13,78,14.519823448465049
13,79,12.690193069084417
13,80,11.997744821602556
13,81,13.77981177251915
13,82,13.5089073863613
13,83,10.742742741318784
13,84,11.87122054692575
13,85,11.122155157944578
13,86,13.316124534920775
13,87,11.272656800091458
13,88,9.166176067714709
13,89,10.937725894190825
13,90,12.046937012610538
13,91,12.647666211370423
13,92,15.286125239933792
13,93,18.002692870156835
13,94,21.738147335732553
13,95,24.826117263725855
13,96,28.1278701992084
13,97,31.536085643952006
13,98,33.695519512487195
13,99,37.10029145649322
13,100,38.9956445357857
13,101,37.26152048056576
13,102,33.83510328075084
13,103,31.644464104103843
13,104,27.878757843718716
13,105,25.571050929144715
13,106,21.915132950977856
13,107,19.15690442423554
13,108,17.29911375075491
13,109,14.507209533660808
13,110,10.755293771400911
13,111,8.232858483017607
13,112,5.911839512214967
13,113,5.1818238048765295
13,114,6.132217179081423
13,115,7.401935241643081
13,116,10.614957910509913
14,1,36.356115041645054
14,2,32.57730102205801
14,3,29.569834174143107
14,4,26.455729146208295
14,5,23.215759753889298
14,6,20.43393349874756
14,7,16.72710522391045
14,8,14.163919727101321
14,9,12.243499770279548
14,10,13.320782207196512
14,11,10.1009055640287
14,12,6.624636563902289
14,13,3.8151028843838115
14,15,3.7906794312813776
14,16,6.572976283325696
14,17,8.386343359332098
14,18,6.499561744295179
14,19,7.392848634953512
14,20,6.135099829068796
14,21,9.23135673186614
14,22,11.269942672497589
14,23,14.848726332756051
14,24,17.99578733537584
14,25,21.062968056094267
14,26,24.542343699186137
14,27,27.709016563926927
14,28,30.094608256066333
14,29,28.65701400699
14,30,31.88389319422004
14,31,34.2271630530396
14,32,34.317763494987126
14,33,30.650310316271444
14,34,27.786826054073767
14,35,24.0559928575415
14,36,22.03326481384034
14,37,18.365620290518056
14,38,18.238909943337568
14,39,16.2525966710302
14,40,18.307451640101196
14,41,20.27396513819501
14,42,21.783309888375474
14,43,24.88875590850471
14,44,23.14434183045518
14,45,23.765368511702285
14,46,21.790401774778935
14,47,21.135379414667582
14,48,21.175997378540483
14,49,18.47558329926181
14,50,20.052990714985544
14,51,22.562712570837913
14,52,23.917647896693143
14,53,26.104363263092
14,54,24.980998806177052
14,55,26.50888090796858
14,56,27.976415843829308
14,57,30.082417623292784
14,58,27.351053222964985
14,59,27.947838218073315
14,60,25.131804977150587
14,61,23.071905773888417
14,62,19.880335688878116
14,63,19.303580638542364
14,64,15.680824759560842
14,65,15.063210140980177
14,66,16.1965494812173
14,67,17.893990259337393
14,68,19.253313118256784
14,69,21.884511722030975
14,70,21.739446508022272
14,71,25.04553747800284
14,72,25.43087046831802
14,73,26.381665138417375
14,74,24.38626903423904
14,75,20.675128421107352
14,76,18.903865685464485
14,77,15.466970656209108
14,78,14.061843176820592
14,79,11.38184529370837
14,80,10.157790743370478
14,81,11.03366201681692
14,82,10.197642458932172
14,83,7.906385344444371
14,84,9.418140672101572
14,85,9.582789034680964
14,86,12.280161330233826
14,87,10.333048093858032
14,88,9.430431336220302
14,89,12.10621234189039
14,90,13.852613559156028
14,91,14.05369737317175
14,92,16.822225324325252
14,93,19.1509347056803
14,94,22.928728844217293
14,95,25.90041233872402
14,96,29.04945853545311
14,97,32.50042126300376
14,98,34.326270131133036
14,99,37.88120283090796
14,100,39.827319932603785
14,101,38.325413420137615
14,102,34.79848648296896
14,103,32.95819978748276
14,104,29.25071409938917
14,105,27.286437694369518
14,106,23.732407539348166
14,107,21.232957873021974
14,108,19.878732055735128
14,109,17.01256082852051
14,110,13.37906186189867
14,111,10.926151971588833
14,112,7.652143769895695
14,113,6.6202357582909865
14,114,5.127166542981045
14,115,6.303080674229909
14,116,8.759209414863296
15,1,39.918231764821286
15,2,36.141406995446026
15,3,33.20657860249354
15,4,30.02975554359167
15,5,26.78678433120441
15,6,24.12416918973715
15,7,20.38806420870742
15,8,17.928400170232777
15,9,16.03220802442284
15,10,16.97094360668931
15,11,13.581580792384568
15,12,10.312292041224154
15,13,7.0385396734803205
15,14,3.7906794312813776
15,16,3.798559598499772
15,17,6.193417612316599
15,18,5.766813996061148
15,19,8.40779672641832
15,20,8.696366384396363
15,21,12.191993599387539
15,22,14.686315602083168
15,23,18.298992968228095
15,24,21.439144708047998
15,25,24.599659787008587
15,26,28.015686451459338
15,27,31.15737424361451
15,28,33.44784117803912
15,29,31.79010214907137
15,30,34.86767489825249
15,31,37.054932374790035
15,32,37.32772646608325
15,33,33.68971787144536
15,34,30.646058723073303
15,35,26.96992526959602
15,36,24.78109624697572
15,37,21.05980789914457
15,38,20.782099837893696
15,39,18.538427108311907
15,40,20.44437030106306
15,41,21.85588853462053
15,42,22.96839363356757
15,43,26.3641326151444
15,44,25.068993090369112
15,45,25.882078262962487
15,46,24.142484377383745
15,47,23.09354063061599
15,48,23.268886088980754
15,49,20.35201223140701
15,50,22.104790581483613
15,51,24.922566325418302
15,52,26.424819486942816
15,53,28.40842481597996
15,54,26.890178828173777
15,55,28.317571048041092
15,56,29.363536061133267
15,57,31.41653894996693
15,58,28.72446325256966
15,59,28.89132949686003
