1,2,3.826572734201936
1,3,7.044816624242027
1,4,10.468715307374909
1,5,12.507168880143293
1,6,10.77331816889714
1,7,13.87574999726857
1,8,16.21439331616793
1,9,15.38598457384449
1,10,14.829668231443904
1,11,18.4486773755477
1,12,19.579522407187152
1,13,18.22036746141654
1,14,19.940602253123846
1,15,23.158291282935142
1,16,23.287602132961062
1,17,22.91087033244307
1,18,25.403305728480873
1,19,27.897523773982947
1,20,27.826633173409927
1,21,28.98045104654748
1,22,32.76078051139464
1,23,34.59098584541804
1,24,35.477684894836266
1,25,38.48448929891122
1,26,36.66829312135106
1,27,34.83696961694561
1,28,38.412894243722995
1,29,39.41914897868506
1,30,35.91469594580568
1,31,35.19623902498552
1,32,32.199106459853226
1,33,31.593535951296964
1,34,30.280185628071074
1,35,30.669794371440712
1,36,34.07685311446578
1,37,34.097812051060394
1,38,31.883992903776033
1,39,28.989200895252257
1,40,31.10283214457744
1,41,29.400170078096025
1,42,32.10402123089832
1,43,31.90560554959186
1,44,28.34625669623927
1,45,28.5376827625477
1,46,26.78361824635806
1,47,23.492509985392996
1,48,21.42941313871068
1,49,24.49993614107393
1,50,24.865864803875983
1,51,21.337033133086454
1,52,21.668445030765476
1,53,25.10596271816021
1,54,23.84654825110155
1,55,21.35329769447437
1,56,24.17362449299441
1,57,26.618482726841748
1,58,24.72273147259073
1,59,26.889238621306298
1,60,27.460376041289393
1,61,25.219736795123872
1,62,24.054425888646744
1,63,21.81100472858938
1,64,19.18741981893468
1,65,18.738989071924
1,66,16.95621751532135
1,67,13.42123482266452
1,68,14.480761509025408
1,69,16.483640953740025
1,70,13.869688785460594
1,71,11.477190758286188
1,72,14.665877142262199
1,73,15.894759316214852
1,74,12.812133480723729
1,75,13.181047562630537
1,76,16.94806307339361
1,77,17.035159879400418
1,78,15.539437558091704
1,79,16.766019403377534
1,80,20.26989410518847
1,81,22.95304645239235
1,82,23.200557950540915
1,83,25.737604807867754
1,84,28.39921609042617
1,85,27.36152486984361
1,86,30.93631992483627
1,87,33.54865179255617
1,88,31.74785022000195
1,89,34.22856174069492
1,90,33.55913598250253
1,91,35.50731270699888
1,92,35.74714436230128
1,93,36.04633080764155
1,94,36.01959452648459
1,95,33.07465018002976
1,96,34.273046459292736
1,97,34.17504554260711
1,98,30.71632708898436
1,99,29.58210499775871
1,100,31.570304683729592
1,101,30.30901435053966
1,102,26.626314537529847
1,103,27.73217198055044
1,104,29.411422763696194
1,105,26.367349197672354
1,106,23.92512969296441
1,107,26.36040530685587
1,108,27.04166290319429
1,109,23.739425274722834
1,110,22.998393969222636
1,111,20.261704216340988
1,112,21.532450904333707
1,113,22.804701295662447
1,114,26.130245680534177
1,115,28.589504311266445
1,116,28.857075766507357
2,1,3.826572734201936
2,3,3.817098846423074
2,4,6.766643438015658
2,5,9.025266041778384
2,6,7.609677013275386
2,7,10.55868984095436
2,8,13.050536299125625
2,9,12.896023194388095
2,10,12.400009405720402
2,11,15.733982155361728
2,12,17.2496685827804
2,13,16.477199528785288
2,14,17.951864827157223
2,15,20.96487159110133
2,16,21.575445974106056
2,17,21.57433000099557
2,18,23.708272443157643
2,19,26.183278369646047
2,20,26.60987385461234
2,21,27.795009223246236
2,22,31.6088322501568
2,23,33.34645929334866
2,24,34.584862209182596
2,25,37.675235834319864
2,26,35.94202559451699
2,27,33.767318949562956
2,28,37.180756893122116
2,29,38.31122109408922
2,30,34.81122737368011
2,31,33.76872093436702
2,32,30.647706038058814
2,33,29.78702258442447
2,34,28.09134801023123
2,35,28.132758150628074
2,36,31.410424837146238
2,37,31.12975642193952
2,38,28.788616035169717
2,39,25.731902054112837
2,40,27.643866240321223
2,41,25.77180872139529
2,42,28.43067679484879
2,43,28.378305990838122
2,44,24.89636643136024
2,45,25.354239382311388
2,46,23.904718353166015
2,47,20.48919026188317
2,48,18.81410344837683
2,49,22.140399306681502
2,50,22.326140428763107
2,51,18.92887655755631
2,52,19.77114897718531
2,53,23.252193232121446
2,54,21.94852037344042
2,55,19.938719003290963
2,56,23.024601921831675
2,57,25.35084637670371
2,58,23.673976308638366
2,59,26.212555751678526
2,60,27.073375253103894
2,61,24.826187118331653
2,62,23.141554377158837
2,63,21.23725141881946
2,64,18.684995895430287
2,65,17.503407420259105
2,66,15.988206993009872
2,67,12.470205823272629
2,68,12.6220378403457
2,69,14.35596253793569
2,70,12.004728387857615
2,71,9.029554508679634
2,72,11.642806347637636
2,73,13.080466994143684
2,74,10.009105636057548
2,75,9.671775081713957
2,76,13.447414602475655
2,77,13.911460669491339
2,78,12.303622145458966
2,79,13.139610430361248
2,80,16.62211026478664
2,81,19.491806229782036
2,82,19.987829805132495
2,83,22.535342499143727
2,84,25.431038128256272
2,85,24.711314806073975
2,86,28.394870038483184
2,87,30.90053462465863
2,88,29.157390779213458
2,89,31.71730687824042
2,90,31.32979928203038
2,91,33.277341366983784
2,92,33.82286833149642
2,93,34.08178080161945
2,94,34.27421729999023
2,95,31.487415292816554
2,96,32.50398774351256
2,97,32.07185276095094
2,98,28.70000372969243
2,99,27.59781878174894
2,100,29.233497614088716
2,101,27.79293328375457
2,102,24.180018815053973
2,103,25.169123655229058
2,104,26.51705228939205
2,105,23.38046968575064
2,106,21.010805026447144
2,107,23.287707564136625
2,108,23.694777409819732
2,109,20.307113943448275
2,110,19.366497973364293
2,111,16.600469998784476
2,112,17.731851179439445
2,113,18.990202698594157
2,114,22.351918017022093
2,115,24.827654290623446
2,116,25.233563957634484
3,1,7.044816624242027
3,2,3.817098846423074
3,4,3.846217520725841
3,5,5.9646058931656265
3,6,6.061926095750595
3,7,9.300875339586378
3,8,11.04057059551258
3,9,11.493964505308263
3,10,11.968422060847846
3,11,14.901635332776436
3,12,16.245200160585203
3,13,16.28849298631302
3,14,17.99105614962184
3,15,20.48025749900295
3,16,21.22284669208127
3,17,21.89135381609997
3,18,23.893127457006553
3,19,25.999319898311075
3,20,26.787913336081807
3,21,28.323894284838047
3,22,32.146969149026404
3,23,34.03687594298798
3,24,35.649016721229856
3,25,38.91029077153218
3,26,37.44448075011899
3,27,35.01406228424089
3,28,38.26934984706087
3,29,39.67297934724732
3,30,36.28643248322633
3,31,35.082629603273695
3,32,31.984849644666273
3,33,31.028781064425775
3,34,28.928875438746818
3,35,28.628968215556892
3,36,31.640715673029842
3,37,30.90968029061061
3,38,28.267071748588652
3,39,25.03928850777857
3,40,26.57136962733436
3,41,24.279422532378508
3,42,26.876852272817388
3,43,27.296590039612123
3,44,24.052759376098464
3,45,25.07891776504949
3,46,24.17445328164118
3,47,20.606170215016597
3,48,19.602412527698398
3,49,23.15227606388739
3,50,22.97761634515844
3,51,19.76987732955242
3,52,21.259739019773377
3,53,24.625000255378577
3,54,23.094591700578686
3,55,21.622398975480273
3,56,24.97499606252587
3,57,26.99632396361389
3,58,25.32245561915931
3,59,27.980964363861027
3,60,28.796342107916203
3,61,26.321899136385607
3,62,24.416027920442097
3,63,23.03434635941059
3,64,20.304374242702266
3,65,18.739645740239308
3,66,17.863051042549866
3,67,14.345794184931087
3,68,13.487447054632524
3,69,15.321514430432654
3,70,13.679651517340174
3,71,10.137966560566019
3,72,11.73651847328591
3,73,13.759388727705083
3,74,11.049335917485736
3,75,9.317342170502544
3,76,12.831694056228994
3,77,14.053470468815565
3,78,12.00191218898894
3,79,11.70605869861948
3,80,15.21861713921692
3,81,18.479616665633678
3,82,19.65240273142464
3,83,22.263750183481207
3,84,25.51778010849194
3,85,25.322028661713684
3,86,29.08789218592467
3,87,31.423247588931023
3,88,29.758505959923934
3,89,32.33978058377067
3,90,32.24817535611967
3,91,34.061989710586104
3,92,34.860072783709384
3,93,34.90370879445219
3,94,35.15181515304226
3,95,32.427737824579715
3,96,33.05652646784762
3,97,32.42856067153677
3,98,29.28931477013775
3,99,27.961762682402725
3,100,29.154740554538122
3,101,27.77957836784805
3,102,24.236402089542022
3,103,24.744107537175644
3,104,25.786267113599482
3,105,22.77218931792854
3,106,20.23004149974695
3,107,21.960649325565186
3,108,22.237792516582896
3,109,18.95647070911769
3,110,17.380263564873168
3,111,14.182653977780689
3,112,15.115323497290374
3,113,16.828918889650932
3,114,20.434387613134167
3,115,22.849298338620674
3,116,23.708724799709433
4,1,10.468715307374909
4,2,6.766643438015658
4,3,3.846217520725841
4,5,3.850567436092751
4,6,5.609475401316208
4,7,7.531556144837403
4,8,9.30677617611185
4,9,11.015745862894002
4,10,11.462078287950709
4,11,13.587248927271457
4,12,15.469402355587233
4,13,16.243982968503644
4,14,17.4140731462148
4,15,19.54190571064673
4,16,20.902175970552996
4,17,21.882879022519216
4,18,23.342813460477974
4,19,25.4250382176307
4,20,26.749067937987878
4,21,28.180272243229243
4,22,31.930946636316868
4,23,33.610815928050854
4,24,35.516258521062774
4,25,38.7596973627817
4,26,37.33136775321783
4,27,34.60840119458189
4,28,37.63752750560946
4,29,39.077163729142
4,30,35.72054442004448
4,31,34.16590468026484
4,32,30.963026497101026
4,33,29.69344354781476
4,34,27.238921536082714
4,35,26.502376884904532
4,36,29.320094369089627
4,37,28.246989619194014
4,38,25.546289822456732
4,39,22.13688631550531
4,40,23.32960848118476
4,41,20.821704321814902
4,42,23.265850041667964
4,43,23.831982541137215
4,44,20.74903485688553
4,45,22.093174417743775
4,46,21.617988389087625
4,47,18.059461243878815
4,48,17.596073653867208
4,49,21.2974943263048
4,50,21.007991821744906
4,51,18.168736632941467
4,52,20.117974341826983
4,53,23.410252624304317
4,54,21.998875201939615
4,55,21.110299510464024
4,56,24.518330849278367
4,57,26.42136444787057
4,58,25.114072629027227
4,59,28.08826416515977
4,60,29.239242373465384
4,61,26.920577082624376
4,62,24.54890059886189
4,63,23.47072902825435
4,64,21.037798759149684
4,65,18.82716083790011
4,66,18.15766449633323
4,67,15.046263417663752
4,68,13.416725921525881
4,69,14.58385857870727
4,70,13.363384185103046
4,71,9.827631132122841
4,72,10.122965862219647
4,73,12.073256457582016
4,74,9.759906754029835
4,75,6.942849859101193
4,76,9.897604846587575
4,77,11.597288202732368
4,78,9.436406541431037
4,79,8.287733622865726
4,80,11.658874246572484
4,81,15.098649478127909
4,82,16.637951339340564
4,83,19.23715365989227
4,84,22.689648667292012
4,85,22.917202587157945
4,86,26.687530146098073
4,87,28.89571524180366
4,88,27.39492895738281
4,89,30.064264401176214
4,90,30.333267398494627
4,91,32.175837519579815
4,92,33.331567279294966
4,93,33.409094755225816
4,94,33.95477527605724
4,95,31.500285272443694
4,96,31.990603760373688
4,97,30.95914323308324
4,98,27.958749770907435
4,99,26.79523591746364
4,100,27.556265181188177
4,101,25.920006830187507
4,102,22.597011280076785
4,103,23.027359303853974
4,104,23.56173766997435
4,105,20.451582256427535
4,106,18.190723882448026
4,107,19.67106399335215
4,108,19.44413863504347
4,109,16.06338858733947
4,110,14.165595512570452
4,111,10.985944949475174
4,112,11.449661219488362
4,113,13.035864201756652
4,114,16.683153702546797
4,115,19.035716625873913
4,116,20.023999069806038
5,1,12.507168880143293
5,2,9.025266041778384
5,3,5.9646058931656265
5,4,3.850567436092751
5,6,3.8806979068978404
5,7,5.587039615417799
5,8,5.943706304179451
5,9,7.8405383329913185
5,10,9.204536884724776
5,11,10.94880710523941
5,12,12.333286975713612
5,13,13.65476254662054
5,14,15.127831145578355
5,15,16.75415034947847
5,16,17.99437373506098
5,17,19.47368521071039
5,18,20.929660626273982
5,19,22.60556816744438
5,20,24.074861814462587
5,21,25.829662151351723
5,22,29.538668589639727
5,23,31.436589181567896
5,24,33.59183040745893
5,25,36.99602739142154
5,26,35.907803709241755
5,27,33.07571377282335
5,28,35.996764558113235
5,29,37.76346529575461
5,30,34.609958074027716
5,31,33.16284753821212
5,32,30.1976639213888
5,33,29.20317639981043
5,34,26.584196523744136
5,35,25.942647825280073
5,36,28.477108852558494
5,37,27.23602471699734
5,38,24.1995189891377
5,39,20.97355436844109
5,40,22.210665275576666
5,41,19.64831225368025
5,42,22.425996531020264
5,43,23.435026256411657
5,44,20.482838189953032
5,45,22.172775721610446
5,46,21.899783958413213
5,47,18.181020876374873
5,48,18.256989019928586
5,49,21.782711628872754
5,50,20.807974321767425
5,51,17.95537056545888
5,52,20.398676995756073
5,53,23.301195201169623
5,54,21.361066524002553
5,55,20.82534282216537
5,56,24.479727091063385
5,57,25.86022201596971
5,58,24.280122973757674
5,59,27.105665595482954
5,60,27.9884518441838
5,61,25.40558338101289
5,62,23.024829171485084
5,63,22.5140229139814
5,64,19.857020633640555
5,65,17.565743362513484
5,66,17.70040733022359
5,67,14.652493875307778
5,68,12.288616407511203
5,69,13.911240586178248
5,70,13.680044151515014
5,71,9.967569490616317
5,72,9.710044931848852
5,73,12.61183687862456
5,74,11.342784430535762
5,75,8.216613095557438
5,76,10.626077386370048
5,77,13.309413191364875
5,78,11.919930647533224
5,79,10.060860038709716
5,80,12.621212055915118
5,81,16.37110392219347
5,82,17.988677727056718
5,83,20.03256720275544
5,84,23.634086788912057
5,85,23.908970392199926
5,86,27.72294271433683
5,87,29.49269466898779
5,88,27.67204937881015
5,89,29.991878467970157
5,90,30.14153300266892
5,91,31.566893747491427
5,92,32.61492918387798
5,93,32.265838516350954
5,94,32.56008582965732
5,95,30.005107516747103
5,96,30.07790308567548
5,97,29.15448954095284
5,98,26.423668231690122
5,99,24.846622087623135
5,100,25.387429524305194
5,101,24.13420334983044
5,102,20.798354326261645
5,103,20.666194738785116
5,104,21.2973196171179
5,105,18.565791920161352
5,106,15.86832796530532
5,107,16.910506431622878
5,108,17.10710745010713
5,109,14.1362629541542
5,110,12.051064693803758
5,111,8.557067587420379
5,112,9.977695219052855
5,113,12.489632186809596
5,114,16.102465187514508
5,115,18.8921506847146
5,116,20.512118550108326
6,1,10.77331816889714
6,2,7.609677013275386
6,3,6.061926095750595
6,4,5.609475401316208
6,5,3.8806979068978404
6,7,3.8409335576613914
6,8,5.465043478652357
6,9,5.810011541739254
6,10,6.133582942412773
6,11,8.873383293176818
6,12,10.3012898066506
6,13,10.697574330149548
6,14,12.23955285758846
6,15,14.480864916655959
6,16,15.46810712832703
6,17,16.412518924138716
6,18,18.14901821069905
6,19,20.139544434963113
6,20,21.246174232912633
6,21,22.82467456085344
6,22,26.606663675700673
6,23,28.510570788909057
6,24,30.417455093630835
6,25,33.789517455756354
6,26,32.60131049773432
6,27,29.9442935871204
6,28,33.04018261273682
6,29,34.73358621607556
6,30,31.535112335766396
6,31,30.334099558763164
6,32,27.450835618401925
6,33,26.752651974017382
6,34,24.45788168165848
6,35,24.31728200378703
6,36,27.070581630779216
6,37,26.307696972961264
6,38,23.40671673485481
6,39,20.47896545663749
6,40,22.34575796004349
6,41,20.342579565394928
6,42,23.44718964019476
6,43,24.049778217037023
6,44,20.77244867305955
6,45,21.923498070328808
6,46,21.03888960202631
6,47,17.267434574175685
6,48,16.83391493274308
6,49,20.110208223424628
6,50,19.059501658330138
6,51,15.798042877636522
6,52,17.943969435351196
6,53,20.80194689049965
6,54,18.659131455381903
6,55,17.722873065292383
6,56,21.40761131834855
6,57,22.779319845562
6,58,20.937643795364234
6,59,23.61030085027271
6,60,24.380997297602715
6,61,21.791184637857658
6,62,19.56023384403456
6,63,18.852256755473906
6,64,16.1066698878704
6,65,14.027625059943755
6,66,14.091253907123416
6,67,10.886560619271158
6,68,8.73416145852998
6,69,10.8611077141773
6,70,10.60892126156392
6,71,6.832535806772413
6,72,7.547274978099802
6,73,10.801753701170744
6,74,9.74273182508462
6,75,7.643036347040105
6,76,10.587764768061371
6,77,13.055038723404344
6,78,12.46630919883487
6,79,11.60336900833483
6,80,14.051709966432174
6,81,17.593191238769865
6,82,18.43426594736441
6,83,20.15359852829178
6,84,23.493370113079727
6,85,23.151156733827776
6,86,26.987294932009036
6,87,28.709842845232064
6,88,26.537386000820266
6,89,28.637465499676406
6,90,28.331107411543748
6,91,29.65805144419566
6,92,30.327773665819734
6,93,29.938725166890908
6,94,29.98424213666205
6,95,27.21638085447798
6,96,27.495094871975848
6,97,26.896401280519736
6,98,23.971300351987676
6,99,22.34224762914451
6,100,23.375160504197638
6,101,22.274911717599934
6,102,18.695734524860814
6,103,18.869847352728275
6,104,20.089238604084002
6,105,17.343312207733206
6,106,14.465220163367603
6,107,16.189090699969356
6,108,16.93735044333378
6,109,13.973237331371353
6,110,12.881756895474762
6,111,10.039829331370205
6,112,12.285681515804939
6,113,14.444359617202677
6,114,17.72200169365842
6,115,20.853982811924123
6,116,22.17602308655994
7,1,13.87574999726857
7,2,10.55868984095436
7,3,9.300875339586378
7,4,7.531556144837403
7,5,5.587039615417799
7,6,3.8409335576613914
7,8,3.8349158914031825
7,9,5.685712406878908
7,10,4.8106385176384725
7,11,6.149824572207163
7,12,8.716370603409311
7,13,9.738223505471353
7,14,10.197166961891087
7,15,12.17103768543411
7,16,14.010999569718155
7,17,15.033563803396529
7,18,16.029771081953413
7,19,18.165122795434748
7,20,19.821369254001826
7,21,21.081129515830554
7,22,24.74292265244335
7,23,26.329805490624764
7,24,28.47154476989426
7,25,31.770887680863765
7,26,30.589912301782928
7,27,27.66489886186527
7,28,30.538503566739074
7,29,32.24133435303979
7,30,29.085404946172144
7,31,27.586580315759786
7,32,24.654311472435634
7,33,23.768187763159727
7,34,21.198823157828574
7,35,20.835832027946054
7,36,23.434201948114424
7,37,22.532690703829214
7,38,19.58194492425151
7,39,16.660499372454375
7,40,18.59378323061966
7,41,16.760132917966956
7,42,20.010633241341626
7,43,20.57070899815488
7,44,17.296711435835032
7,45,18.509221911515304
7,46,17.771469601357662
7,47,13.977554405445966
7,48,14.060370345342125
7,49,17.228145139061855
7,50,15.806147759999744
7,51,12.807477138316813
7,52,15.467351385809389
7,53,18.0621978060254
7,54,15.886503772730835
7,55,15.601261796686352
7,56,19.32810218781189
7,57,20.446189207766384
7,58,18.960588505512884
7,59,21.91898121761392
7,60,23.064743412043658
7,61,20.757160689776985
7,62,18.008815698590972
7,63,17.654887825654587
7,64,15.41584215906527
7,65,12.595141549392455
7,66,12.969672286909118
7,67,10.567296990127524
7,68,7.513147628876414
7,69,8.647271178500663
7,70,9.31094699772564
7,71,6.103457500981495
7,72,4.830238105377049
7,73,8.43660330378777
7,74,8.66188755018082
7,75,6.327861334230448
7,76,8.152113348295627
7,77,11.244631927592998
7,78,11.567851653806361
7,79,10.468817212424323
7,80,11.981039752389773
7,81,15.423097267260966
7,82,16.035353830698075
7,83,17.231339963768384
7,84,20.579897769493982
7,85,20.313520985114724
7,86,24.122075109929984
7,87,25.536866736148355
7,88,23.263005570536592
7,89,25.236226845028714
7,90,25.056412927803596
7,91,26.282355922229094
7,92,27.15155530669825
7,93,26.73105526484589
7,94,26.99020209026128
7,95,24.457264949216267
7,96,24.65028123169801
7,97,23.70957494930602
7,98,20.876886569961627
7,99,19.424078146823685
7,100,20.14522412180285
7,101,18.80378434864626
7,102,15.364740058396999
7,103,15.59447355236692
7,104,16.496658601327
7,105,13.612967271519867
7,106,10.9400197725457
7,107,12.804329844250093
7,108,13.28745833321297
7,109,10.21093795692701
7,110,9.542040600658044
7,111,7.399496076090965
7,112,10.05996390763904
7,113,11.921345730211264
7,114,14.791191845409072
7,115,18.201736516313566
7,116,19.57537382590891
8,1,16.21439331616793
8,2,13.050536299125625
8,3,11.04057059551258
8,4,9.30677617611185
8,5,5.943706304179451
8,6,5.465043478652357
8,7,3.8349158914031825
8,9,3.8196200410229793
8,10,5.43845896350923
8,11,5.596344733693817
8,12,6.834447322215332
8,13,9.097998352216289
8,14,10.23230003624809
8,15,11.124339356583485
8,16,12.681570654199307
8,17,14.627290755430707
8,18,15.658346700242264
8,19,17.027429165577935
8,20,18.89442331600188
8,21,20.720310338187076
8,22,24.292598331970694
8,23,26.2180819040641
8,24,28.685309316195394
8,25,32.17695353387839
8,26,31.443269536708463
8,27,28.427647350945524
8,28,31.127402996111563
8,29,33.21939816017292
8,30,30.343242453336135
8,31,28.970674175389284
8,32,26.345837053544958
8,33,25.71813963757881
8,34,22.969986243608005
8,35,22.57191991225685
8,36,24.72466772385911
8,37,23.482213714796092
8,38,20.15873844670848
8,39,17.43216238558231
8,40,19.070720541533944
8,41,16.968619538374895
8,42,20.322536823812186
8,43,21.529436973296498
8,44,18.65356108736087
8,45,20.40271913684403
8,46,20.13687469044557
8,47,16.40519267577251
8,48,17.109573269345766
8,49,20.077885647553163
8,50,18.140663036410245
8,51,15.418376973852284
8,52,18.421496562554125
8,53,20.571299008324587
8,54,17.990700462387604
8,55,18.10777751292824
8,56,21.91410705861953
8,57,22.492157857345067
8,58,20.74781018035362
8,59,23.4259196461221
8,60,24.171376219010277
8,61,21.5247411027332
8,62,18.917352110564032
8,63,19.252980273650984
8,64,16.729933329481984
8,65,14.079781482602675
8,66,15.350559700030493
8,67,13.034373197523989
8,68,9.62529587790653
8,69,11.274492955086401
8,70,12.688179783011911
8,71,9.626546105636987
8,72,8.267701270780071
8,73,11.929568311479965
8,74,12.465850729702444
8,75,9.81547753305019
8,76,11.066069528915323
8,77,14.536927238234515
8,78,14.65389060030521
8,79,12.781877925678574
8,80,13.935666395326665
8,81,17.553951285593918
8,82,18.630727357612095
8,83,19.582179083547203
8,84,23.065324236500352
8,85,23.110680297406617
8,86,26.851255814435525
8,87,27.9169787917532
8,88,25.560684567868496
8,89,27.250502601248527
8,90,27.10961939522919
8,91,27.9208920192686
8,92,28.75884334844681
8,93,27.882909984259374
8,94,27.8888007097837
8,95,25.301304191456065
8,96,24.914928373682557
8,97,24.07765892304745
8,98,21.692060597411906
8,99,19.71331297371934
8,100,20.005806060842552
8,101,19.19618677016482
8,102,15.903405206327173
8,103,15.185226461682259
8,104,16.04852947584111
8,105,13.829038490067003
8,106,10.619764018618088
8,107,11.423664157459697
8,108,12.417426181265697
8,109,10.135885139457578
8,110,8.814520765048822
8,111,6.218757779650256
8,112,9.591088184742423
8,113,12.409580959888341
8,114,15.248805362826051
8,115,18.738278648322737
8,116,20.777424802100118
9,1,15.38598457384449
9,2,12.896023194388095
9,3,11.493964505308263
9,4,11.015745862894002
9,5,7.8405383329913185
9,6,5.810011541739254
9,7,5.685712406878908
9,8,3.8196200410229793
9,10,3.84198729326636
9,11,5.455634458308531
9,12,4.9648698081104685
9,13,6.241258644070882
9,14,8.586067833400373
9,15,9.842179047463977
9,16,10.32796324918506
9,17,12.132439194993173
9,18,13.951913449063927
9,19,15.202941722201954
9,20,16.433679464292467
9,21,18.560291498563824
9,22,22.244713152837896
9,23,24.53164998140794
9,24,26.779123572273168
9,25,30.38025336227968
9,26,29.771703607687325
9,27,27.02733677214118
9,28,29.93841926480621
9,29,32.143655867662254
9,30,29.341944689638954
9,31,28.438601890621445
9,32,26.078249650177103
9,33,25.970052895751017
9,34,23.618815484986744
9,35,23.826644261457286
9,36,26.085167081903098
9,37,25.27644035726315
9,38,22.026798201278645
9,39,19.713264936989937
9,40,21.80268022666828
9,41,20.10342258525849
9,42,23.621755156138498
9,43,24.654486762756058
9,44,21.639596162163564
9,45,23.01327714569083
9,46,22.275488408375388
9,47,18.558411529549673
9,48,18.778181400749453
9,49,21.465139358085384
9,50,19.43324094997998
9,51,16.323898164256285
9,52,18.945600312809024
9,53,20.942007447882023
9,54,17.99252325488034
9,55,17.618305162297972
9,56,21.453089640548246
9,57,21.84841850060146
9,58,19.536168362334166
9,59,21.759544314353814
9,60,21.983068807185905
9,61,18.993899225151424
9,62,16.871135910853425
9,63,17.26038961437161
9,64,14.268439337105834
9,65,12.274159866479279
9,66,13.929547797462849
9,67,11.367340864138065
9,68,8.27861031988878
9,69,11.030349338012886
9,70,12.552264060279114
9,71,9.61845570164005
9,72,9.497233639039134
9,73,13.324495659169614
9,74,13.772521884500813
9,75,11.905564849610311
9,76,13.765705808660334
9,77,16.889511332289125
9,78,17.144525016950023
9,79,15.830717713143466
9,80,17.300477705735457
9,81,20.844728651632682
9,82,21.556262167507366
9,83,22.418466210943716
9,84,25.697749897152775
9,85,25.274401651085764
9,86,29.007289484946003
9,87,30.044104355174067
9,88,27.390479405789534
9,89,28.814514245654486
9,90,28.18341043554059
9,91,28.767250603558285
9,92,29.10484926240439
9,93,27.999612174066907
9,94,27.51536598064819
9,95,24.557808112349424
9,96,24.15669037669499
9,97,23.913067762632167
9,98,21.486151182459295
9,99,19.11348093002723
9,100,19.937157027264544
9,101,19.677438483698936
9,102,16.14004981270801
9,103,15.348413914606779
9,104,17.051597155817117
9,105,15.208013167862363
9,106,11.610863610480903
9,107,12.734846839812642
9,108,14.631167005043014
9,109,12.778987636479929
9,110,12.168352317507955
9,111,9.965017957756515
9,112,13.409565810065619
9,113,16.165594777633547
9,114,18.90861804380586
9,115,22.46717798166225
9,116,24.384635235085792
10,1,14.829668231443904
10,2,12.400009405720402
10,3,11.968422060847846
10,4,11.462078287950709
10,5,9.204536884724776
10,6,6.133582942412773
10,7,4.8106385176384725
10,8,5.43845896350923
10,9,3.84198729326636
10,11,3.827913364698348
10,12,5.300105634727972
10,13,5.044076178615806
10,14,6.116643360841325
10,15,8.602744374870921
10,16,9.721119082388263
10,17,10.454513114505392
10,18,12.016060840103576
10,19,14.147505356484999
10,20,15.33580140408018
10,21,16.75559533082688
10,22,20.512291586024975
10,23,22.40937675272238
10,24,24.431166243786343
10,25,27.869365591148654
10,26,26.906544556316348
10,27,24.168144298214163
10,28,27.19976916912066
10,29,29.12823170168695
10,30,26.13130512718587
10,31,25.1483436721602
10,32,22.627275012420004
10,33,22.47247571094909
10,34,20.309779342128216
10,35,20.752290973047042
10,36,23.287846817171868
10,37,22.88567073289188
10,38,19.936155550677004
10,39,17.741897268837988
10,40,20.298018509024075
10,41,19.115298846145965
10,42,22.701901749068128
10,43,23.172722460697177
10,44,19.878251196742866
10,45,20.695799192895514
10,46,19.470790075329546
10,47,15.824565033744824
10,48,15.648057274535713
10,49,18.117119018838057
10,50,16.1671374020009
10,51,12.844037232541982
10,52,15.24908271272706
10,53,17.264558850789754
10,54,14.36374616885089
10,55,13.802900285297683
10,56,17.63681993813861
10,57,18.18836571918956
10,58,15.994150714739693
10,59,18.45380627145351
10,60,19.062217181627062
10,61,16.41215485663439
10,62,13.958455540973507
10,63,13.981067743878071
10,64,11.329653162849562
10,65,8.873035711415058
10,66,10.257809157075814
10,67,7.990475721785179
10,68,4.547204120552758
10,69,7.228182924735209
10,70,8.994273080843167
10,71,6.643561441784717
10,72,6.64676460912464
10,73,10.320050738935532
10,74,11.252395449494978
10,75,10.25057576591368
10,76,12.011475084104024
10,77,14.787519462209032
10,78,15.724119592747519
10,79,15.119276987708389
10,80,16.3911583703333
10,81,19.5934131866381
10,82,19.654764444422643
10,83,20.268966902818196
10,84,23.25767101979101
10,85,22.400930339407786
10,86,26.08711960458263
10,87,27.144532501510568
10,88,24.34711380779267
10,89,25.72656776647422
10,90,24.87461682961164
10,91,25.58166883736675
10,92,25.804761616482825
10,93,24.92759089071281
10,94,24.548849053044524
10,95,21.59638576908196
10,96,21.640110521568083
10,97,21.356951558035277
10,98,18.574891888593765
10,99,16.557407611589067
10,100,17.813185659655908
10,101,17.216791031542375
10,102,13.499697160249886
10,103,13.502186493551505
10,104,15.447424447934832
10,105,13.199125448950749
10,106,9.916353527774602
10,107,12.132816624484342
10,108,13.8890254527119
10,109,11.68848426207496
10,110,12.080017064095825
10,111,10.682209864262452
10,112,14.040876220964263
10,113,16.040922669305484
10,114,18.453664583709152
10,115,22.104658344244857
10,116,23.535989837122123
11,1,18.4486773755477
11,2,15.733982155361728
11,3,14.901635332776436
11,4,13.587248927271457
11,5,10.94880710523941
11,6,8.873383293176818
11,7,6.149824572207163
11,8,5.596344733693817
11,9,5.455634458308531
11,10,3.827913364698348
11,12,3.827380969588243
11,13,5.539157788467473
11,14,4.985909613332282
11,15,6.063619169747509
11,16,8.41926890250536
11,17,9.84547577409524
11,18,10.295239541660669
11,19,12.145909674317
11,20,14.202480558490414
11,21,15.52438262410538
11,22,19.05020508494323
11,23,20.74448415138802
11,24,23.222358344735706
11,25,26.662487048323598
11,26,25.948916806544815
11,27,22.867387189213325
11,28,25.53305319262022
11,29,27.674299091354673
11,30,24.887067155737217
11,31,23.633005596605994
11,32,21.240487606577094
11,33,21.014036344909123
11,34,18.464141759199336
11,35,18.65084510805301
11,36,20.744211564364786
11,37,20.02845634920695
11,38,16.83487517838645
11,39,14.853664864390577
11,40,17.363224134108876
11,41,16.34026345322297
11,42,20.06499057992489
11,43,20.77268716817199
11,44,17.752574853468346
11,45,18.845601079136106
11,46,18.02171347195151
11,47,14.523125697283803
11,48,15.188975583020698
11,49,17.3436446015664
11,50,14.768793438575042
11,51,12.033313769147592
11,52,15.075427577468977
11,53,16.48847896679046
11,54,13.39627340751957
11,55,13.870579573689815
11,56,17.63878126566471
11,57,17.605129669630756
11,58,15.751975199122109
11,59,18.33119188588055
11,60,19.150250477932143
11,61,16.724737032987186
11,62,13.805854271548096
11,63,14.649564269755935
11,64,12.608861788384157
11,65,9.562382850185909
11,66,11.66501272129891
11,67,10.504351137267067
11,68,6.696940263189885
11,69,7.868255260682821
11,70,10.703883636957775
11,71,9.110953131715164
11,72,7.47241405509684
11,73,10.87376289577861
11,74,12.808296951093855
11,75,11.492156999133691
11,76,12.080512813151659
11,77,15.286615529180315
11,78,16.69797549430841
11,79,15.637061030658229
11,80,16.033579869951744
11,81,19.072778440478476
11,82,19.142839332768023
11,83,19.155987772914465
11,84,22.12651426499951
11,85,21.51496316515534
11,86,25.06583931651123
11,87,25.64087415783238
11,88,22.741535325793397
11,89,23.820136494533585
11,90,23.12832626816603
11,91,23.49385819636958
11,92,23.91802464461433
11,93,22.75541495840356
11,94,22.480123809665457
11,95,19.77825745292059
11,96,19.379201555051797
11,97,18.745986662326587
11,98,16.33590581391264
11,99,14.19295876279658
11,100,14.809241694710174
11,101,14.264997429789243
11,102,10.76277918521959
11,103,10.185101413076486
11,104,11.85865071236982
11,105,9.896683204954602
11,106,6.333640950178336
11,107,8.313516442534961
11,108,10.319618060500037
11,109,8.691947033156922
11,110,9.601743403641605
11,111,9.190634234201564
11,112,12.828993305234668
11,113,14.759740826028333
11,114,16.60860637230104
11,115,20.411484256417083
11,116,22.12188840263345
12,1,19.579522407187152
12,2,17.2496685827804
12,3,16.245200160585203
12,4,15.469402355587233
12,5,12.333286975713612
12,6,10.3012898066506
12,7,8.716370603409311
12,8,6.834447322215332
12,9,4.9648698081104685
12,10,5.300105634727972
12,11,3.827380969588243
12,13,3.8268126898252164
12,14,5.307642100447549
12,15,5.1135109742246305
12,16,5.879571868173637
12,17,8.375157678393633
12,18,9.584946509727326
12,19,10.426801541210692
12,20,12.156922237081341
12,21,14.321123039580744
12,22,17.83158821402238
12,23,20.12815712036834
12,24,22.690386486033983
12,25,26.3500276856293
12,26,26.102853409841114
12,27,23.20307231976768
12,28,25.85782796091298
12,29,28.364592981364023
12,30,25.882101282675634
12,31,25.0916549738766
12,32,23.15348272864526
12,33,23.45253798609874
12,34,21.11937174460334
12,35,21.632963560185495
12,36,23.45437607486283
12,37,22.76864314147937
12,38,19.459848913227752
12,39,17.870780622890393
12,40,20.274897558547277
12,41,19.21489494257772
12,42,22.96008622547137
12,43,24.004110865979786
12,44,21.20269689815007
12,45,22.448840777203504
12,46,21.69642306028689
12,47,18.276291414013546
12,48,18.929375867329192
12,49,20.916544101107004
12,50,18.18839236668939
12,51,15.463024655454058
12,52,18.29992049904909
12,53,19.42417527186415
12,54,16.016571115260884
12,55,16.312818953400924
12,56,20.018399704593048
12,57,19.566629704507715
12,58,17.172730051455684
12,59,19.115477351659905
12,60,19.188399016336206
12,61,16.252577588710952
12,62,13.938684864729606
12,63,15.337290779949832
12,64,12.776976814365442
12,65,10.590712000578758
12,66,13.39207472497127
12,67,12.044982876783788
12,68,8.647634377103062
12,69,10.801147553946905
12,70,13.578540589751167
12,71,11.809198572991345
12,72,10.960499427729708
12,73,14.499210495360474
12,74,16.105673436843627
12,75,14.71231612961006
12,76,15.668778487884762
12,77,18.913998636345625
12,78,20.018066143570373
12,79,18.761819006356475
12,80,19.383524522398687
12,81,22.597137902587704
12,82,22.87994049884292
12,83,22.918389118958366
12,84,25.90282881291955
12,85,25.284991055708502
12,86,28.790966359404948
12,87,29.222233633871895
12,88,26.204197924312982
12,89,27.001271666940188
12,90,26.082743467467864
12,91,26.06045350502724
12,92,26.13753816370883
12,93,24.52995634175138
12,94,23.719358635140225
12,95,20.75460696761943
12,96,19.874254715325232
12,97,19.808359067295637
12,98,17.807715231279964
12,99,14.994610500289484
12,100,15.635470808559127
12,101,15.998393608787019
12,102,12.655393978645257
12,103,11.19913266720139
12,104,13.385767164181138
12,105,12.387383487244358
12,106,8.55976603395747
12,107,9.47390046249725
12,108,12.356224998074849
12,109,11.618906561295525
12,110,12.130397086728236
12,111,11.348144692777021
12,112,15.163662684500437
12,113,17.645416024943522
12,114,19.595082783954872
12,115,23.378317687067316
12,116,25.410886897020912
13,1,18.22036746141654
13,2,16.477199528785288
13,3,16.28849298631302
13,4,16.243982968503644
13,5,13.65476254662054
13,6,10.697574330149548
13,7,9.738223505471353
13,8,9.097998352216289
13,9,6.241258644070882
13,10,5.044076178615806
13,11,5.539157788467473
13,12,3.8268126898252164
13,14,3.820873539863593
13,15,5.675679740949666
13,16,5.10717958091894
13,17,5.948193966562912
13,18,8.324030124136788
13,19,9.903700093110373
13,20,10.563401529471168
13,21,12.487077749518116
13,22,16.247892572936724
13,23,18.63933977925491
13,24,20.697397067602495
13,25,24.337853871354504
13,26,23.872023270201957
13,27,21.310431528482095
13,28,24.327165122772325
13,29,26.659320500262876
13,30,24.050000555845966
13,31,23.657851972740012
13,32,21.798019914835052
13,33,22.463148682737867
13,34,20.671424484340882
13,35,21.776415551290803
13,36,23.94240823479081
13,37,23.858509913686653
13,38,20.904958699873706
13,39,19.526579410501217
13,40,22.374030244076003
13,41,21.695982203576172
13,42,25.46148355719456
13,43,26.03604827857163
13,44,22.94496438485349
13,45,23.623925015553706
13,46,22.26432278043645
13,47,18.91502572984394
13,48,18.857947540788025
13,49,20.60256204834747
13,50,18.115045823772224
13,51,14.99195851417769
13,52,17.183396616865824
13,53,18.312560360426115
13,54,14.813927868954293
13,55,14.371096311995784
13,56,17.98928914400888
13,57,17.622882029596386
13,58,14.762472683265434
13,59,16.375884277576052
13,60,16.151922240911162
13,61,13.023205302353425
13,62,11.085897463074712
13,63,12.155268128576257
13,64,9.216372182851117
13,65,7.676605505070413
13,66,10.617641763191832
13,67,9.293864478549816
13,68,6.646009999351217
13,69,9.478638448603036
13,70,12.04974690571794
13,71,10.786766675392546
13,72,11.017633967626558
13,73,14.305070505202483
13,74,15.743391530663178
13,75,15.179395716886575
13,76,16.632110407025678
13,77,19.372267152549906
13,78,20.645351668878927
13,79,20.05761719833842
13,80,21.020519595596316
13,81,24.09613175770088
13,82,23.92627140949675
13,83,24.01565768330722
13,84,26.733112667138187
13,85,25.588264975939424
13,86,29.063633927426284
13,87,29.648622482245838
13,88,26.461260800247327
13,89,27.174323546659362
13,90,25.79661505230399
13,91,25.816839477894145
13,92,25.431245695459026
13,93,23.91995029269333
13,94,22.801859102041544
13,95,19.505107211850667
13,96,19.071634769622463
13,97,19.546002731241586
13,98,17.18673203613259
13,99,14.404076667979412
13,100,15.964307885957895
13,101,16.44346500331214
13,102,12.85293453769377
13,103,12.168926238310771
13,104,15.032468590398333
13,105,13.886102568458782
13,106,10.357923203850438
13,107,12.21881507958085
13,108,15.093693488551358
13,109,14.053744355196509
13,110,15.047808696715217
13,111,14.245635222019887
13,112,17.945328579328642
13,113,20.121843989766692
13,114,22.132110729505268
13,115,25.921001625974423
13,116,27.555864092341785
14,1,19.940602253123846
14,2,17.951864827157223
14,3,17.99105614962184
14,4,17.4140731462148
14,5,15.127831145578355
14,6,12.23955285758846
14,7,10.197166961891087
14,8,10.23230003624809
14,9,8.586067833400373
14,10,6.116643360841325
14,11,4.985909613332282
14,12,5.307642100447549
14,13,3.820873539863593
14,15,3.8379888841252727
14,16,5.4397414123707195
14,17,5.24445143876414
14,18,5.947185206830252
14,19,8.584587480651194
14,20,9.996196096817913
14,21,10.886793579632513
14,22,14.557343071293127
14,23,16.328243780825776
14,24,18.527177272291826
14,25,22.013474636869205
14,26,21.33342215834281
14,27,18.46598858946564
14,28,21.365442398710044
14,29,23.575731701832968
14,30,20.876419470329193
14,31,20.171115633272617
14,32,18.20875221471775
14,33,18.781294615708955
14,34,16.914556526423667
14,35,18.10088473200897
14,36,20.221254368068077
14,37,20.327482515071083
14,38,17.556509362071097
14,39,16.48606854595649
14,40,19.62338423919315
14,41,19.471478915067685
14,42,23.243564833564598
14,43,23.493325491216275
14,44,20.414995522315156
14,45,20.777304297853973
14,46,19.275285050040555
14,47,16.190311424081013
14,48,16.291668143263568
14,49,17.581791444020972
14,50,14.811462316754962
14,51,11.966373434939188
14,52,14.28366132962312
14,53,14.95850197122514
14,54,11.341185678876544
14,55,11.488248387934327
14,56,15.040616837614335
14,57,14.374619532804509
14,58,11.870335357020789
14,59,13.895955249081585
14,60,14.331740943138437
14,61,11.824354205657244
14,62,8.97981352711315
14,63,10.359863858629817
14,64,8.48110710286469
14,65,5.763724994421018
14,66,9.043965360829255
14,67,9.001937944315722
14,68,6.1244467776807765
14,69,7.435925323887059
14,70,10.798999437045575
14,71,10.55324824886938
14,72,9.990918319304308
14,73,12.686706466176574
14,74,14.943864177758615
14,75,14.781953413322126
14,76,15.516820029873399
14,77,18.115311015014083
14,78,20.03740203002968
14,79,19.671071417064546
14,80,20.05599173040187
14,81,22.732162873070788
14,82,22.12097287259799
14,83,21.702922122340315
14,84,24.1227428964129
14,85,22.801963421735657
14,86,26.103914002792756
14,87,26.416118989806705
14,88,23.08818102436253
14,89,23.569191188308395
14,90,22.103376334709605
14,91,22.015277560841845
14,92,21.660027623136827
14,93,20.17324165314525
14,94,19.23744767055283
14,95,16.088712088816642
14,96,15.807502540835578
14,97,15.982549785356646
14,98,13.473439609058069
14,99,10.911135828506511
14,100,12.560260516174097
14,101,12.765880604485204
14,102,9.113987715783383
14,103,8.924483780130451
14,104,11.938590376268266
14,105,10.720246476256728
14,106,7.625761958757842
14,107,10.23013792548029
14,108,12.964645700706674
14,109,12.083909979980271
14,110,13.975100140027537
14,111,14.105840975495953
14,112,17.680051933923604
14,113,19.26985591681158
14,114,20.73250309422242
14,115,24.548484092888312
14,116,25.940386379892598
15,1,23.158291282935142
15,2,20.96487159110133
15,3,20.48025749900295
15,4,19.54190571064673
15,5,16.75415034947847
15,6,14.480864916655959
15,7,12.17103768543411
15,8,11.124339356583485
15,9,9.842179047463977
15,10,8.602744374870921
15,11,6.063619169747509
15,12,5.1135109742246305
15,13,5.675679740949666
15,14,3.8379888841252727
15,16,3.845079752270012
15,17,5.654388915936485
15,18,4.996782620387687
15,19,6.128416540277162
15,20,8.704462085467853
15,21,10.117689288269679
15,22,13.395247789815569
15,23,15.339813408676653
15,24,18.15014867287478
15,25,21.74330550867574
15,26,21.657810997107926
15,27,18.565653284866496
15,28,20.97777439616336
15,29,23.635686104995834
15,30,21.394874811123838
15,31,20.658185938333066
15,32,19.123207576955117
15,33,19.834679404735077
15,34,17.686332025974686
15,35,18.65689354393822
15,36,20.108595285989477
15,37,19.827252816391283
15,38,16.76431811597088
15,39,16.112717610610307
15,40,18.97880820917055
15,41,18.871717408855343
15,42,22.66825014944682
15,43,23.36264683484139
15,44,20.722190615986868
15,45,21.497389832837978
15,46,20.516886996486303
15,47,17.62224806894111
15,48,18.454063545503026
15,49,19.545965441310404
15,50,16.314788168763023
15,51,14.131334591306429
15,52,16.85519881887176
15,53,16.98322229288455
15,54,13.304214264543205
15,55,14.29884517338233
15,56,17.603521519104408
15,57,16.298785131936974
15,58,14.032767729615426
