1,2,3.8290858248462283
1,3,6.574203388453823
1,4,8.303196174590589
1,5,11.563838999087668
1,6,11.2838636341851
1,7,13.925495922835061
1,8,16.56159302995823
1,9,16.806045696298142
1,10,16.445471781922727
1,11,19.44585851727868
1,12,21.467445545026276
1,13,20.81348259816682
1,14,22.000701130490985
1,15,25.012755284256503
1,16,26.075480552970422
1,17,26.214500256560058
1,18,28.075558625828858
1,19,30.78481864561393
1,20,31.030279893439435
1,21,31.327317265766577
1,22,35.01121107298386
1,23,38.32528687696132
1,24,41.311802772615884
1,25,39.6689205860443
1,26,36.623792693037295
1,27,39.03397242029352
1,28,40.96416103406349
1,29,37.80485104007595
1,30,36.737755339340914
1,31,33.47684159307707
1,32,32.376207464429726
1,33,30.803400325662896
1,34,30.59014898461305
1,35,33.981172516235986
1,36,33.430406322245
1,37,31.970045677077078
1,38,28.506365466746132
1,39,29.8989867955073
1,40,27.866223094687125
1,41,30.201555353060286
1,42,29.939309500363418
1,43,26.92943818842624
1,44,27.04305271579567
1,45,25.441067353246453
1,46,22.23576822881407
1,47,20.442374719341263
1,48,23.868272567494344
1,49,24.415654488175154
1,50,21.33617200117865
1,51,22.084602974642987
1,52,25.726125884551717
1,53,24.93701989369073
1,54,22.86771748364481
1,55,25.785593553936078
1,56,28.28437615218197
1,57,26.97495000224411
1,58,30.088928736185267
1,59,31.03570788772158
1,60,29.109967666047822
1,61,27.13765083583221
1,62,25.10269269522406
1,63,22.973943363758888
1,64,21.59419242872325
1,65,19.89488749365651
1,66,16.65811699879662
1,67,16.64345776738194
1,68,17.755069583491156
1,69,15.027053178714104
1,70,12.348750114722558
1,71,14.704418083843256
1,72,15.244380730166
1,73,11.64958282488651
1,74,11.462957297967376
1,75,14.862973097158894
1,76,14.457803164752129
1,77,11.732761439695638
1,78,12.86557908822007
1,79,16.62192944329073
1,80,19.497703752480895
1,81,20.107586855095242
1,82,23.222144984574072
1,83,26.11647510781988
1,84,25.765466364834978
1,85,29.256167097851677
1,86,31.797506265095752
1,87,30.54085695745281
1,88,33.680998455259285
1,89,33.444475422404984
1,90,35.901563215375944
1,91,36.67666722527103
1,92,36.87674319666309
1,93,37.575587981819076
1,94,34.76674282203025
1,95,35.97116441012811
1,96,35.794857123533255
1,97,32.29162442563494
1,98,31.387178987620935
1,99,32.90653686025135
1,100,31.330683947507325
1,101,27.802166654106813
1,102,28.809149745805843
1,103,29.728707964548292
1,104,26.620961526050767
1,105,24.360407311501103
1,106,26.679836197235787
1,107,26.71061970240913
1,108,23.02504449266942
1,109,21.800188876376556
1,110,18.84112089959068
1,111,18.98985418352077
1,112,20.10392728670803
1,113,23.6974452178847
1,114,25.73101063827955
1,115,27.441664332761267
2,1,3.8290858248462283
2,3,3.823358790800703
2,4,6.434637186815771
2,5,8.865896677607642
2,6,7.814973935692319
2,7,10.784913368341833
2,8,13.302894538603905
2,9,13.146265278171995
2,10,12.853924103954135
2,11,16.03778915664945
2,12,17.829979996121676
2,13,17.07257977111356
2,14,18.470895491158547
2,15,21.443216810756827
2,16,22.33856659450916
2,17,22.55563397490384
2,18,24.548065551397684
2,19,27.135630697923887
2,20,27.32138666926558
2,21,27.77040417464582
2,22,31.5010682020634
2,23,35.066240228369736
2,24,38.17341800185796
2,25,36.7313520410495
2,26,33.66219623046054
2,27,36.008612709958406
2,28,38.14746850020238
2,29,35.15255576667649
2,30,34.24934660858226
2,31,31.150370606023003
2,32,30.313068733953305
2,33,28.674513860366154
2,34,28.695575313221646
2,35,32.00504105299123
2,36,31.552932136968856
2,37,29.858588163175472
2,38,26.47315995784063
2,39,28.061446942061828
2,40,26.0971768725256
2,41,28.775737969119543
2,42,28.72425796978099
2,43,25.597235022949384
2,44,25.863531909713338
2,45,24.217054504030283
2,46,20.75054368689268
2,47,19.196196913733026
2,48,22.54035381014991
2,49,22.539248393871734
2,50,19.24944346114417
2,51,20.335177314411126
2,52,23.77612559910081
2,53,22.514468511505402
2,54,20.481179553585775
2,55,23.683980954517306
2,56,25.830184493560154
2,57,24.22782467305184
2,58,27.296125070447903
2,59,28.04848844741567
2,60,25.88634837553171
2,61,23.936490627086705
2,62,22.157158166534362
2,63,19.74690358629206
2,64,18.37178579163131
2,65,17.103863882649186
2,66,13.667597721063414
2,67,13.344773596750438
2,68,14.947973508335789
2,69,12.670255587176058
2,70,9.567112533006961
2,71,12.137971888614608
2,72,13.43194245008486
2,73,10.331004088237933
2,74,9.844940109978122
2,75,13.567686634395896
2,76,14.009640633018071
2,77,11.898353331727469
2,78,12.459152978971552
2,79,16.075616755098867
2,80,19.329327422593213
2,81,19.92511091199308
2,82,22.623440881989932
2,83,25.642992540244016
2,84,25.1789519880748
2,85,28.84490363874954
2,86,31.056083588303
2,87,29.42099909766734
2,88,32.33977919626727
2,89,31.779217335581194
2,90,33.94832159992654
2,91,34.536513609336325
2,92,34.411120416094725
2,93,34.86535115644035
2,94,31.91601707533533
2,95,32.894490936919595
2,96,32.87248351028988
2,97,29.463485206471073
2,98,28.2661054060847
2,99,29.792514721164043
2,100,28.488634086452596
2,101,24.853281409824568
2,102,25.60415751450764
2,103,26.74597323695379
2,104,23.855024272183453
2,105,21.310322507245374
2,106,23.632249217392502
2,107,24.04473223866728
2,108,20.501168641038994
2,109,19.442623631078625
2,110,16.45217387656406
2,111,17.28398945896419
2,112,18.844945899901646
2,113,22.537105023866403
2,114,24.994347602659182
2,115,27.03435248512948
3,1,6.574203388453823
3,2,3.823358790800703
3,4,3.9119132901206686
3,5,5.588544304948256
3,6,5.695848926502976
3,7,9.048412110972858
3,8,10.728526948824873
3,9,10.94030683079475
3,10,11.60923203280712
3,11,14.442068974880053
3,12,15.906059294372312
3,13,15.82993886007905
3,14,17.603080356367993
3,15,20.070321363237493
3,16,20.985754325598656
3,17,21.834997724906476
3,18,23.799716793653864
3,19,26.018587256137888
3,20,26.442176495207633
3,21,27.346314415424988
3,22,31.1422866531546
3,23,35.23696127292341
3,24,38.46458204282474
3,25,37.37254052658161
3,26,34.16394677405614
3,27,36.213657419051316
3,28,38.592437661297275
3,29,35.80052605208938
3,30,34.83955067594176
3,31,31.823033180798095
3,32,30.963356003582334
3,33,28.943839210643617
3,34,28.761522029370227
3,35,31.804827804402546
3,36,31.019642989196154
3,37,28.928123602705956
3,38,25.431429417661484
3,39,26.69424241680521
3,40,24.379680045584998
3,41,27.06619679556512
3,42,27.499892486014314
3,43,24.62689705234736
3,44,25.445727485979756
3,45,24.26975568670621
3,46,20.62108684428394
3,47,19.754774724792693
3,48,23.230848243700237
3,49,22.763877236584484
3,50,19.65394406185823
3,51,21.398590285204218
3,52,24.595723747828817
3,53,22.96576380848263
3,54,21.42464181773392
3,55,24.918602374610145
3,56,26.63918553611603
3,57,24.989159028812306
3,58,28.14172397092599
3,59,28.82853192038206
3,60,26.387086434259157
3,61,24.26694197324027
3,62,23.062465182213487
3,63,20.371036642579387
3,64,18.68055765181466
3,65,18.109335648725818
3,66,14.727310800060195
3,67,13.424500564836261
3,68,15.248863714979054
3,69,13.814776280789799
3,70,10.165494721591294
3,71,11.87441581375061
3,72,13.989876586317711
3,73,11.43433020357399
3,74,9.660128149979359
3,75,13.06918092568549
3,76,14.409028552768786
3,77,12.206058860197912
3,78,11.551530296617596
3,79,15.078709523424694
3,80,18.675477965539258
3,81,19.88540940501363
3,82,22.44726547902392
3,83,25.79039958518464
3,84,25.765623293378223
3,85,29.544082423805403
3,86,31.413952396504286
3,87,29.792766743212674
3,88,32.697593386585666
3,89,32.18910910926966
3,90,34.244398705867
3,91,34.98430547421851
3,92,34.56985768968233
3,93,34.99454191468269
3,94,32.08287843682758
3,95,32.6440003320269
3,96,32.475104329720274
3,97,29.29534874040637
3,98,27.82591765441782
3,99,28.940611873763288
3,100,27.772474877382745
3,101,24.18376809833009
3,102,24.44829983775352
3,103,25.35396699991815
3,104,22.672891020229056
3,105,19.865969435535426
3,106,21.682935192873202
3,107,22.120584250672458
3,108,18.755323235047893
3,109,17.170797413066587
3,110,13.817109377995413
3,111,14.735669669279325
3,112,16.875958439496962
3,113,20.68438136165541
3,114,23.108841086875906
3,115,25.565824363668153
4,1,8.303196174590589
4,2,6.434637186815771
4,3,3.9119132901206686
4,5,3.8102414012981543
4,6,5.618276848121989
4,7,7.5115632319436925
4,8,9.334122151201049
4,9,10.887225139676605
4,10,11.348931381398836
4,11,13.344812220807338
4,12,15.384387383955215
4,13,16.033181614835854
4,14,17.239777881113717
4,15,19.41455233042675
4,16,20.98033817436409
4,17,22.092906993794745
4,18,23.49310793934693
4,19,25.763778390586065
4,20,26.745708905995123
4,21,27.576774844913636
4,22,31.289264861126874
4,23,35.38850717633571
4,24,38.45906216130949
4,25,37.42459635660742
4,26,34.011365408730505
4,27,35.75973580776176
4,28,38.031130283130246
4,29,35.20085659415024
4,30,33.86867293245878
4,31,30.704426007447996
4,32,29.464808886656826
4,33,27.11160886217536
4,34,26.483718017013466
4,35,29.37616904268167
4,36,28.245881552395765
4,37,26.110876986779164
4,38,22.47477547953895
4,39,23.417007495798696
4,40,20.926632384845423
4,41,23.420549267754865
4,42,23.896320083934874
4,43,21.19211095339312
4,44,22.244172017675204
4,45,21.44317548296115
4,46,17.84233867110385
4,47,17.41762860522168
4,48,21.063370611100762
4,49,20.625663240539804
4,50,17.930130372206396
4,51,20.037922677058756
4,52,23.161998406184384
4,53,21.714618821940363
4,54,20.733390423883815
4,55,24.21934334141121
4,56,25.889173792546874
4,57,24.705280054341557
4,58,28.124084509389924
4,59,29.238186429568984
4,60,27.012326926891387
4,61,24.431358917914487
4,62,23.506678124365255
4,63,21.15222022307549
4,64,18.817378639344604
4,65,18.237466784701432
4,66,15.366324602476803
4,67,13.437046898339803
4,68,14.451719954953946
4,69,13.32589653824402
4,70,9.714342955859594
4,71,10.193148331654948
4,72,12.191583074647056
4,73,9.897446985237153
4,74,7.119580879868291
4,75,9.93565234776036
4,76,11.608193196787708
4,77,9.341291330010836
4,78,7.921624970681983
4,79,11.348701638653864
4,80,15.023145847844235
4,81,16.568826877148002
4,82,19.139616526785435
4,83,22.646063796065025
4,84,23.022556627604754
4,85,26.798737449566804
4,86,28.532588111263763
4,87,27.15130893424553
4,88,30.196978761999773
4,89,30.011045593747873
4,90,32.24004867951304
4,91,33.352293936685236
4,92,33.05381856653952
4,93,33.8216127413173
4,94,31.20304157729064
4,95,31.718492881770572
4,96,31.10575227436437
4,97,27.99613350822062
4,98,26.794274569189678
4,99,27.519879619565458
4,100,25.99947709803096
4,101,22.632181631471344
4,102,22.99703851991914
4,103,23.359795506539278
4,104,20.477479331999902
4,105,17.98910803787368
4,106,19.592136525724225
4,107,19.4675525368096
4,108,15.982961325497023
4,109,14.09542837643708
4,110,10.791397188122705
4,111,11.138971667668045
4,112,13.06586203971814
4,113,16.87559805682318
4,114,19.21410451575324
4,115,21.669178458770332
5,1,11.563838999087668
5,2,8.865896677607642
5,3,5.588544304948256
5,4,3.8102414012981543
5,6,3.8777563053120883
5,7,5.570314337435479
5,8,6.014342794588465
5,9,7.732833598595186
5,10,9.102636680244508
5,11,10.72573284315058
5,12,12.228561062241527
5,13,13.367880656350026
5,14,14.945861405449705
5,15,16.632909496838046
5,16,18.054368118290984
5,17,19.635152114607727
5,18,21.07990336438578
5,19,22.968683809821584
5,20,24.03961415725547
5,21,25.250503933928947
5,22,28.972547606469533
5,23,33.499832589004534
5,24,36.6928431745088
5,25,36.004829784618465
5,26,32.56318803518461
5,27,34.09228042242521
5,28,36.62830269156078
5,29,34.07316026329026
5,30,32.884062068593856
5,31,29.95909484995639
5,32,28.969994311346
5,33,26.44448696450123
5,34,25.95061149506819
5,35,28.577014092776952
5,36,27.399495263724305
5,37,24.8791915411184
5,38,21.342533239449345
5,39,22.273189543327284
5,40,19.71086969037391
5,41,22.50008961037939
5,42,23.433796209718466
5,43,20.834673255064555
5,44,22.27231970968168
5,45,21.68136846654223
5,46,17.92713165603855
5,47,18.07005073210758
5,48,21.5030881760347
5,49,20.383558017322727
5,50,17.723841386009994
5,51,20.31890414601991
5,52,23.026371233316706
5,53,21.043185078954373
5,54,20.378579439577912
5,55,24.088727117394154
5,56,25.213979310089186
5,57,23.79034725838179
5,58,27.10568714942523
5,59,27.991811546888666
5,60,25.488395150740324
5,61,22.914055696030687
5,62,22.537141743948453
5,63,19.910875239501138
5,64,17.509260361561253
5,65,17.71499124679071
5,66,14.947494055080847
5,67,12.32672216663458
5,68,13.793480565929222
5,69,13.656707706904733
5,70,9.935738918015213
5,71,9.86181324907096
5,72,12.810700190698538
5,73,11.531377260495022
5,74,8.441275242055143
5,75,10.768687688099233
5,76,13.414153752071455
5,77,11.934066634626554
5,78,9.811023765836719
5,79,12.454824187279737
5,80,16.2762137387301
5,81,17.95482425116528
5,82,19.94744833544278
5,83,23.537932331074487
5,84,23.97382510466794
5,85,27.810068541999946
5,86,29.092646608343312
5,87,27.426851817039054
5,88,30.19898260783233
5,89,29.75357002091887
5,90,31.633384683908428
5,91,32.625072028006976
5,92,31.910824671096865
5,93,32.43152383913053
5,94,29.746789975591476
5,95,29.840293909255227
5,96,29.3025097306529
5,97,26.452766324771275
5,98,24.857538621023892
5,99,25.34212550419636
5,100,24.182724807610864
5,101,20.814674362997938
5,102,20.621665609607057
5,103,21.043614998656274
5,104,18.570516116765564
5,105,15.67494074378372
5,106,16.883674269266596
5,107,17.185513703983684
5,108,14.066569445791204
5,109,12.025010517417659
5,110,8.466006746005656
5,111,9.837109985633397
5,112,12.617102988942817
5,113,16.3764117973705
5,114,19.030885159399617
5,115,21.92744071723335
6,1,11.2838636341851
6,2,7.814973935692319
6,3,5.695848926502976
6,4,5.618276848121989
6,5,3.8777563053120883
6,7,3.855985206227671
6,8,5.5691356080708445
6,9,5.692353498036891
6,10,6.079778681559534
6,11,8.760110601129405
6,12,10.354809228595974
6,13,10.52476701803459
6,14,12.123967421986398
6,15,14.419998119591446
6,16,15.593004984234064
6,17,16.6378801024664
6,18,18.346362810489424
6,19,20.51785309647448
6,20,21.250818196171927
6,21,22.203070493878
6,22,25.96994020627444
6,23,30.291912467176395
6,24,33.523831285415156
6,25,32.70155764793613
6,26,29.36684368193117
6,27,31.144996612917858
6,28,33.684864165918
6,29,31.09838573053096
6,30,30.16242356484678
6,31,27.334117251393895
6,32,26.67594003290593
6,33,24.4898171972715
6,34,24.503440423438644
6,35,27.33806914846691
6,36,26.665503848519215
6,37,24.338962085924614
6,38,21.04280959352593
6,39,22.61150547576785
6,40,20.594616739580474
6,41,23.73704277583312
6,42,24.30343274880912
6,43,21.293928435602325
6,44,22.224560214829562
6,45,21.039073606782193
6,46,17.22775594025619
6,47,16.87655453684298
6,48,20.034143219063385
6,49,18.789485990771414
6,50,15.681605202990678
6,51,17.996680571326625
6,52,20.695282101641975
6,53,18.519846416790735
6,54,17.412746195667406
6,55,21.160635258686227
6,56,22.28987103096063
6,57,20.556402845350235
6,58,23.741898528604924
6,59,24.462740339925293
6,60,21.93329867963993
6,61,19.527813648961082
6,62,18.931575012921336
6,63,16.208974925241233
6,64,14.045981858589874
6,65,14.223045954577257
6,66,11.240442239882555
6,67,8.832649933118555
6,68,10.8668093041831
6,69,10.699897014046133
6,70,6.963194578558148
6,71,7.848252143668853
6,72,11.057713310273193
6,73,10.020223417475377
6,74,7.926410415011531
6,75,10.886590305799523
6,76,13.355858630473861
6,77,12.561620243676266
6,78,11.394568853554764
6,79,13.951524633636591
6,80,17.62340652622612
6,81,18.54140226697604
6,82,20.25737826147038
6,83,23.55958811587411
6,84,23.382306491649853
6,85,27.236482190533398
6,86,28.5655044895627
6,87,26.498630180589394
6,88,29.03736580908715
6,89,28.177426925281686
6,90,29.85702422701825
6,91,30.46542470770814
6,92,29.688121228862094
6,93,29.94760325498351
6,94,27.03345273892867
6,95,27.302707130194133
6,96,27.12625055193433
6,97,24.116029260793464
6,98,22.42233043773693
6,99,23.397736210632658
6,100,22.437860003858113
6,101,18.827130146748974
6,102,18.837742254706676
6,103,19.88426118506967
6,104,17.43988547470392
6,105,14.391557973958841
6,106,16.284233589747366
6,107,17.14639634042716
6,108,14.01080541518266
6,109,12.980343509184415
6,110,10.036966552005353
6,111,12.201714022264103
6,112,14.604226281988932
6,113,18.202909748283087
6,114,21.26744548033387
6,115,23.927267029905842
7,1,13.925495922835061
7,2,10.784913368341833
7,3,9.048412110972858
7,4,7.5115632319436925
7,5,5.570314337435479
7,6,3.855985206227671
7,8,3.829206891133427
7,9,5.5337140986640545
7,10,4.617244014490524
7,11,5.914337212215172
7,12,8.582317231504156
7,13,9.420953491435245
7,14,9.98089589779277
7,15,12.042526162340671
7,16,14.041547240037454
7,17,15.1781764478603
7,18,16.158032079899993
7,19,18.48348412340298
7,20,19.811968563564488
7,21,20.542295824321904
7,22,24.160879803845965
7,23,28.399777144110356
7,24,31.44980510980702
7,25,30.703340476159262
7,26,27.18671637450562
7,27,28.6584161251095
7,28,31.113944399165906
7,29,28.539628582033693
7,30,27.323411689575256
7,31,24.444163234919845
7,32,23.58720967915541
7,33,21.13416536591393
7,34,20.96276895967124
7,35,23.65642658510916
7,36,22.882092418501742
7,37,20.491394340546464
7,38,17.21464151718135
7,39,18.872648290352434
7,40,17.047958775562268
7,41,20.345835933400785
7,42,20.8483636933742
7,43,17.783070780875143
7,44,18.770500371770563
7,45,17.707848031112185
7,46,13.879813808531894
7,47,14.023227743983751
7,48,17.042942286503916
7,49,15.454582019932229
7,50,12.638356122716763
7,51,15.438221009936633
7,52,17.827951569770025
7,53,15.588424364045908
7,54,15.111942368889816
7,55,18.881906931577287
7,56,19.753984121909202
7,57,18.415689496102765
7,58,21.806661163636463
7,59,22.934939218517602
7,60,20.675589617744862
7,61,17.788810232947107
7,62,17.59918037052858
7,63,15.34004483274068
7,64,12.457228121026658
7,65,12.81911134323751
7,66,10.702561898177047
7,67,7.483113362013609
7,68,8.523899737593917
7,69,9.297249003567726
7,70,6.118988630428939
7,71,5.093220868261763
7,72,8.744360449483503
7,73,8.951916619254304
7,74,6.577785368038501
7,75,8.503728261001884
7,76,11.60479928895352
7,77,11.780218699290046
7,78,10.363256202603079
7,79,11.976460439418352
7,80,15.4493174948241
7,81,16.167588989540842
7,82,17.34079988427007
7,83,20.59504311635736
7,84,20.479692361676005
7,85,24.320346811005503
7,86,25.329211101478478
7,87,23.171618600312957
7,88,25.60911304033091
7,89,24.776303408810396
7,90,26.420324794534693
7,91,27.211608274819497
7,92,26.41537806122545
7,93,26.88328042939417
7,94,24.199241152514922
7,95,24.40883494426053
7,96,23.88749893387396
7,97,20.937344931750843
7,98,19.44350537472502
7,99,20.137273893525677
7,100,18.919114933447084
7,101,15.43269115811452
7,102,15.578142435008829
7,103,16.308240568527513
7,104,13.690355694584355
7,105,10.824778817326319
7,106,12.857508874352092
7,107,13.48877497166127
7,108,10.252056107112923
7,109,9.675933825312
7,110,7.414768141592618
7,111,10.007974218049586
7,112,12.075016587701786
7,113,15.369727850894009
7,114,18.746743716631386
7,115,21.334423061025163
8,1,16.56159302995823
8,2,13.302894538603905
8,3,10.728526948824873
8,4,9.334122151201049
8,5,6.014342794588465
8,6,5.5691356080708445
8,7,3.829206891133427
8,9,3.8020344622213873
8,10,5.3503562869505705
8,11,5.314278105138287
8,12,6.571424562603255
8,13,8.665621094328637
8,14,9.984767405843604
8,15,10.931418287824386
8,16,12.654296696101552
8,17,14.690354997836737
8,18,15.740976480063475
8,19,17.339690430045426
8,20,18.817873430415453
8,21,20.204970142439308
8,22,23.805506949399927
8,23,28.638638226571093
8,24,31.828580042965616
8,25,31.537099018150943
8,26,28.02945031744093
8,27,29.181260402695294
8,28,31.938359797221835
8,29,29.72939334587894
8,30,28.653060038757577
8,31,26.0766010247987
8,32,25.425015767101826
8,33,22.752917136789282
8,34,22.5531690711109
8,35,24.805910687425868
8,36,23.789769890620494
8,37,20.92780917575668
8,38,17.764466215981653
8,39,19.051984956941695
8,40,16.932485825355446
8,41,20.28554919774713
8,42,21.453276405380144
8,43,18.806152193960735
8,44,20.390313812346488
8,45,19.84187373340531
8,46,16.08913763399747
8,47,16.916828438733916
8,48,19.721813236803385
8,49,17.62529655810698
8,50,15.171251927627186
8,51,18.32213610519003
8,52,20.22556643449672
8,53,17.5791315263972
8,54,17.541783449768833
8,55,21.361348803628466
8,56,21.647084315781857
8,57,20.112879357989655
8,58,23.28191120444398
8,59,24.08662979346718
8,60,21.491922300660676
8,61,18.732244219866214
8,62,19.224609590847376
8,63,16.65801440481197
8,64,13.918529276179093
8,65,15.198744369780728
8,66,13.234638460708194
8,67,9.67267850656182
8,68,11.16082967251744
8,69,12.699623536509142
8,70,9.73414561350204
8,71,8.478891566586956
8,72,12.205343742984676
8,73,12.730525242977993
8,74,10.034635770893614
8,75,11.307894080014512
8,76,14.78995461975325
8,77,14.827904273633779
8,78,12.663787952762437
8,79,13.905998014924414
8,80,17.415847409498316
8,81,18.630434885140573
8,82,19.504464391845282
8,83,22.86744104157955
8,84,23.08870048504808
8,85,26.87292131962807
8,86,27.472211415336613
8,87,25.287459300420007
8,88,27.507846784946903
8,89,26.597401093767733
8,90,27.916202559337247
8,91,28.685373280398128
8,92,27.45552531791048
8,93,27.69060271746174
8,94,25.020362270790738
8,95,24.639322041211997
8,96,24.13697539162369
8,97,21.628241716183503
8,98,19.655559512043354
8,99,19.857549790945516
8,100,19.11322896834205
8,101,15.805284436490956
8,102,15.024069136703796
8,103,15.618754346368348
8,104,13.691901943534962
8,105,10.339294792958787
8,106,11.354868694373971
8,107,12.462088016793777
8,108,9.966996226844696
8,109,8.765779970262919
8,110,6.207148447783042
8,111,9.57764223359358
8,112,12.498836363269758
8,113,15.623361893476197
8,114,18.936238857311682
8,115,21.98256811898621
9,1,16.806045696298142
9,2,13.146265278171995
9,3,10.94030683079475
9,4,10.887225139676605
9,5,7.732833598595186
9,6,5.692353498036891
9,7,5.5337140986640545
9,8,3.8020344622213873
9,10,3.837393235298705
9,11,5.440964784071539
9,12,5.137525423249387
9,13,5.973302567730795
9,14,8.495877355958338
9,15,9.832113261084418
9,16,10.50338767544605
9,17,12.330831809680255
9,18,14.187255494941649
9,19,15.674099428290884
9,20,16.465834109741746
9,21,18.039298223022502
9,22,21.785823690027566
9,23,26.755903031741536
9,24,30.161536807709794
9,25,29.90942876585614
9,26,26.608873607218214
9,27,28.037635535734417
9,28,30.985856811988064
9,29,28.90590323254412
9,30,28.30224324103349
9,31,25.98798802156366
9,32,25.862571575696688
9,33,23.592706949576392
9,34,23.986596858076506
9,35,26.3508801776507
9,36,25.811920284886583
9,37,23.06147234753045
9,38,20.209221860671473
9,39,21.92673834355069
9,40,20.171381533484393
9,41,23.680040346898824
9,42,24.708908420780727
9,43,21.873072858068504
9,44,23.11423116657189
9,45,22.119546053500258
9,46,18.373066671210097
9,47,18.717778532224454
9,48,21.252341563793713
9,49,19.042056096766462
9,50,16.154654193486483
9,51,18.935167708429805
9,52,20.762800291610745
9,53,17.793428194903278
9,54,17.20435153626555
9,55,21.059451633404638
9,56,21.196357885129075
9,57,19.051661766738476
9,58,21.869670835972286
9,59,22.129977034300214
9,60,19.182975305761268
9,61,16.908452310963877
9,62,17.353615300582604
9,63,14.29834265585017
9,64,12.226733489427946
9,65,13.940130876384881
9,66,11.612728352576053
9,67,8.38279056028713
9,68,11.032086205121498
9,69,12.599857167752585
9,70,9.770926136042217
9,71,9.724398080188296
9,72,13.517976320318546
9,73,13.940900511182782
9,74,12.013373018129803
9,75,13.974243554619694
9,76,17.119012977990636
9,77,17.173766035080725
9,78,15.559240022725431
9,79,17.173931346934477
9,80,20.687780293766625
9,81,21.54530147117174
9,82,22.398758693694372
9,83,25.56097725141638
9,84,25.324421721997776
9,85,29.101119435682957
9,86,29.77019100176786
9,87,27.268006596092654
9,88,29.239863090019814
9,89,27.894728707158993
9,90,28.90860265392062
9,91,29.18687320196718
9,92,27.728957860239234
9,93,27.480241560461653
9,94,24.451788516632284
9,95,24.028975994453116
9,96,24.123968346447423
9,97,21.604069300062964
9,98,19.21104720113573
9,99,19.921051745794127
9,100,19.74584392772856
9,101,16.20415051499477
9,102,15.226972774854334
9,103,16.683211264211263
9,104,15.178393611461416
9,105,11.523766737231293
9,106,12.896731525093628
9,107,14.84596426999894
9,108,12.714840418084757
9,109,12.201355957050357
9,110,9.977975852813238
9,111,13.37264981245311
9,112,16.226759086025602
9,113,19.325284294149814
9,114,22.703382516535044
9,115,25.678041171333632
10,1,16.445471781922727
10,2,12.853924103954135
10,3,11.60923203280712
10,4,11.348931381398836
10,5,9.102636680244508
10,6,6.079778681559534
10,7,4.617244014490524
10,8,5.3503562869505705
10,9,3.837393235298705
10,11,3.810014672075277
10,12,5.520153800054653
10,13,4.992057856689095
10,14,6.047997774237375
10,15,8.599331593597046
10,16,9.95298008482785
10,17,10.772711462745765
10,18,12.269286290276407
10,19,14.58605269512189
10,20,15.477336908054735
10,21,16.26612076689147
10,22,19.987877050609086
10,23,24.410945258088393
10,24,27.655780087038842
10,25,27.06759231352072
10,26,23.69450247232362
10,27,25.306074526899195
10,28,28.02692682001833
10,29,25.69352091640541
10,30,24.99023421156758
10,31,22.519683228539638
10,32,22.36900949470452
10,33,20.29869206882227
10,34,20.91141090702637
10,35,23.535594957086687
10,36,23.353125771723647
10,37,20.967928396538035
10,38,18.245094569985515
10,39,20.4751728499878
10,40,19.244198185490525
10,41,22.863637678472454
10,42,23.3335555648095
10,43,20.142023106751957
10,44,20.83089299631726
10,45,19.358508710113966
10,46,15.680884596134764
10,47,15.632363431256257
10,48,17.936923991300333
10,49,15.785001603513836
10,50,12.656640459657119
10,51,15.23852284419732
10,52,17.10105809207276
10,53,14.189852874920279
10,54,13.399340853342778
10,55,17.257463413418378
10,56,17.573410078988278
10,57,15.534823141532689
10,58,18.550229971540816
10,59,19.158396621861097
10,60,16.5494576362476
10,61,13.95562922393196
10,62,14.079979481813387
10,63,11.386121178685086
10,64,8.854733807058341
10,65,10.241775110708838
10,66,8.207052060090886
10,67,4.664962448842049
10,68,7.237246211446053
10,69,9.054399304874833
10,70,6.830988113284769
10,71,6.829667193895935
10,72,10.451835808541858
10,73,11.398465415198721
10,74,10.274884046217323
10,75,12.189629926557794
10,76,15.043561672648389
10,77,15.75124431478562
10,78,14.812366292178005
10,79,16.197661460493908
10,80,19.420890451341485
10,81,19.628703833015788
10,82,20.263046545932873
10,83,23.12359534661116
10,84,22.45209266995528
10,85,26.1789330038074
10,86,26.936769385846763
10,87,24.249134153087656
10,88,26.142289721470217
10,89,24.647326287870445
10,90,25.71016755366328
10,91,25.88381500223782
10,92,24.639514941390953
10,93,24.498412074637113
10,94,21.444469479241793
10,95,21.461173720361668
10,96,21.556362728861277
10,97,18.698432109117558
10,98,16.635514603768385
10,99,17.79472579509959
10,100,17.309104299863318
10,101,13.58148607587271
10,102,13.362155828278826
10,103,15.098701199039997
10,104,13.158968952256398
10,105,9.826538451574882
10,106,12.240818625111082
10,107,14.054124423608869
10,108,11.590302944133668
10,109,12.078811873902742
10,110,10.598454985958405
10,111,13.872345006888601
10,112,15.978558203740588
10,113,18.890833471696585
10,114,22.489146295025115
10,115,25.051540763253
11,1,19.44585851727868
11,2,16.03778915664945
11,3,14.442068974880053
11,4,13.344812220807338
11,5,10.72573284315058
11,6,8.760110601129405
11,7,5.914337212215172
11,8,5.314278105138287
11,9,5.440964784071539
11,10,3.810014672075277
11,12,3.8199711223414528
11,13,5.399332251096145
11,14,5.034339445494787
11,15,6.19798590617264
11,16,8.708966100129935
11,17,10.234814681927327
11,18,10.69799841649655
11,19,12.753132088346275
11,20,14.519152413765898
11,21,15.414148726885221
11,22,18.899639481566453
11,23,23.52471207271299
11,24,26.61580104174407
11,25,26.352552891313323
11,26,22.801614337284455
11,27,23.87218357512585
11,28,26.644648918196616
11,29,24.52310101729317
11,30,23.56413110688048
11,31,21.203782413417684
11,32,20.91814727040093
11,33,18.432625760024948
11,34,18.805192814376124
11,35,21.010663201443858
11,36,20.585285206163825
11,37,17.883971551461705
11,38,15.296917599975062
11,39,17.437841438042707
11,40,16.334186869858723
11,41,20.070098086476957
11,42,20.780819198745696
11,43,17.806913761496826
11,44,18.828735631077276
11,45,17.782460747824242
11,46,14.254705826018597
11,47,15.061880486906846
11,48,17.05228491400026
11,49,14.332370278991009
11,50,11.873778523335467
11,51,15.060919987002002
11,52,16.28100518226352
11,53,13.158042487070036
11,54,13.413618220453195
11,55,17.16853466709841
11,56,16.889558171349346
11,57,15.281675199771238
11,58,18.348773383303957
11,59,19.249880122296467
11,60,16.845225252512307
11,61,13.829519788219017
11,62,14.808053303940873
11,63,12.650301158495601
11,64,9.547344451642735
11,65,11.500120049088105
11,66,10.626795556281326
11,67,6.80892619619004
11,68,7.869935321919724
11,69,10.73669488702988
11,70,9.209752827312988
11,71,7.554916172476063
11,72,11.040766018427885
11,73,12.919183812169479
11,74,11.416087253843292
11,75,12.165191599427166
11,76,15.470112099232676
11,77,16.699311139152535
11,78,15.29262866041289
11,79,15.809034065681438
11,80,18.749257192704718
11,81,19.029690595387283
11,82,19.049486182142424
11,83,21.852648767307933
11,84,21.445990803359745
11,85,25.064805804261166
11,86,25.314853289925647
11,87,22.58354062246907
11,88,24.2570769141877
11,89,22.786686589506854
11,90,23.64708584070713
11,91,24.03030125324526
11,92,22.542577877055578
11,93,22.527396457812934
11,94,19.765874829825396
11,95,19.369252299868997
11,96,19.047899983536478
11,97,16.515679993218775
11,98,14.401225765368235
11,99,14.900623631812497
11,100,14.387499577399769
11,101,10.88010716912139
11,102,10.193966366692832
11,103,11.539813189286049
11,104,9.836269677228435
11,105,6.2512015639678085
11,106,8.433193093972445
11,107,10.453082724163403
11,108,8.490894676856492
11,109,9.480633939394298
11,110,8.991774774470032
11,111,12.574052056549123
11,112,14.548029336817645
11,113,16.941152442765606
11,114,20.657526203232155
11,115,23.28151867085579
12,1,21.467445545026276
12,2,17.829979996121676
12,3,15.906059294372312
12,4,15.384387383955215
12,5,12.228561062241527
12,6,10.354809228595974
12,7,8.582317231504156
12,8,6.571424562603255
12,9,5.137525423249387
12,10,5.520153800054653
12,11,3.8199711223414528
12,13,3.7969815877368402
12,14,5.387762397728302
12,15,5.0300012354920955
12,16,6.145702758611807
12,17,8.73602948748697
12,18,9.892612317972494
12,19,10.94198532493775
12,20,12.379054446750466
12,21,14.136117533809925
12,22,17.67152663125939
12,23,22.940261753795
12,24,26.28156313814108
12,25,26.46165147775201
12,26,23.11083891716253
12,27,24.066130836008675
12,28,27.20301594046468
12,29,25.51754427056967
12,30,25.010208834505892
12,31,23.117000939514366
12,32,23.321871362769766
12,33,20.988646748739047
12,34,21.657849088013062
12,35,23.543301561008462
12,36,23.200299379444946
12,37,20.276661892377774
12,38,18.01934570408874
12,39,19.989471596951827
12,40,18.828161855128123
12,41,22.555937726854463
12,42,23.67607576893359
12,43,20.972876787017054
12,44,22.231119618531864
12,45,21.34191739045712
12,46,17.918810849716678
12,47,18.818564438707572
12,48,20.616549154920495
12,49,17.68631203358612
12,50,15.305942886310033
12,51,18.346995268107094
12,52,19.24798209941199
12,53,15.819001382398174
12,54,15.986231835747551
12,55,19.655623095178623
12,56,18.893131007932
12,57,16.78021011127338
12,58,19.31668419416887
12,59,19.534800212834686
12,60,16.63511737559623
12,61,14.181272965362133
12,62,15.698992248922714
12,63,13.03847251092
12,64,10.733628919322593
12,65,13.507863064653323
12,66,12.466038464842581
12,67,8.992205110150854
12,68,10.959719393188768
12,69,13.818829802876138
12,70,12.166920786347303
12,71,11.170580945245073
12,72,14.732474148522744
12,73,16.36051262899942
12,74,14.777015817205061
12,75,15.781304709373787
12,76,19.144799819115494
12,77,20.081983062786783
12,78,18.44453982971749
12,79,19.13672210883111
12,80,22.208093355656672
12,81,22.72309016839684
12,82,22.71041494976339
12,83,25.520241134254753
12,84,25.150816967593613
12,85,28.71198250054668
12,86,28.775246945909352
12,87,25.940890861425622
12,88,27.34033224187823
12,89,25.62516147449495
12,90,26.06405774967281
12,91,26.12815475760969
12,92,24.18089588660693
12,93,23.646030253913494
12,94,20.71364216118926
12,95,19.749206064493514
12,96,19.882671608266513
12,97,17.82894511781466
12,98,15.03618935225849
12,99,15.406981735066632
12,100,15.797172956929762
12,101,12.50951737474908
12,102,10.758616017957412
12,103,12.559313736199677
12,104,11.95706606311043
12,105,8.160059809754635
12,106,9.22551582831222
12,107,12.12763672719452
12,108,11.131639752770088
12,109,11.748451585077778
12,110,11.043407132254593
12,111,14.846775607242003
12,112,17.342068716835836
12,113,19.692160730067503
12,114,23.29804424832034
12,115,26.191976141312512
13,1,20.81348259816682
13,2,17.07257977111356
13,3,15.82993886007905
13,4,16.033181614835854
13,5,13.367880656350026
13,6,10.52476701803459
13,7,9.420953491435245
13,8,8.665621094328637
13,9,5.973302567730795
13,10,4.992057856689095
13,11,5.399332251096145
13,12,3.7969815877368402
13,14,3.8370191794050794
13,15,5.471945765613434
13,16,5.26659422486051
13,17,6.371524930936671
13,18,8.619060254794372
13,19,10.291868438143174
13,20,10.74108382612589
13,21,12.090032828781215
13,22,15.867422580862511
13,23,20.864670616453353
13,24,24.34918964545875
13,25,24.255662293255973
13,26,21.08578383872956
13,27,22.55266744027533
13,28,25.683256900465853
13,29,23.88769125739292
13,30,23.77163944067481
13,31,21.97035500281548
13,32,22.582935586830015
13,33,20.794101893333984
13,34,22.023876065090256
13,35,24.239191543142848
13,36,24.447999524289546
13,37,21.932485289471273
13,38,19.86084691821615
13,39,22.30679863977533
13,40,21.50235691895938
13,41,25.284677991742242
13,42,25.966493683408242
13,43,22.929465672771368
13,44,23.63268841045619
13,45,22.153802797835183
13,46,18.76667977750246
13,47,18.95896934018369
13,48,20.55003050719367
13,49,17.813974038715855
13,50,14.946161937191127
13,51,17.389029764949946
13,52,18.384012743884895
13,53,14.891360597536144
13,54,14.28116837742071
13,55,17.895745459745903
13,56,17.25650968193869
13,57,14.594144520301723
13,58,16.878368164722726
13,59,16.715615982845723
13,60,13.59614900334948
13,61,11.530629458916449
13,62,12.671997169015844
13,63,9.610784243918753
13,64,7.955512292349125
13,65,10.941679193578805
13,66,9.736972139139706
13,67,6.950295485487232
13,68,9.726234996899516
13,69,12.348513638186875
13,70,11.139543751227917
13,71,11.180754528198547
13,72,14.478005274839381
13,73,15.955061025434105
13,74,15.1667607546746
13,75,16.74645917472377
13,76,19.652400271524055
13,77,20.659795963308678
13,78,19.66130434116106
13,79,20.726540520930396
13,80,23.78657562585625
13,81,23.852354968931458
13,82,23.95972855149132
13,83,26.539401320926743
13,84,25.649108567385305
13,85,29.185164147641363
13,86,29.507190188824797
13,87,26.448843537139638
13,88,27.731416227786138
13,89,25.68765106146903
13,90,26.02604715258245
13,91,25.637372764875124
13,92,23.750971098709115
13,93,22.89046013924904
13,94,19.591601672937497
13,95,19.006840562112632
13,96,19.742578781505266
13,97,17.389537180137516
13,98,14.527100543368325
13,99,15.815151877932394
13,100,16.40678448062986
13,101,12.850987681365435
13,102,11.694323975440872
13,103,14.308165985559917
13,104,13.571784259571219
13,105,10.066805856144107
13,106,12.048637949641412
13,107,14.959252992541314
13,108,13.65657657420797
13,109,14.714809828163895
13,110,13.87769690238789
13,111,17.54687154237545
13,112,19.8078195227827
13,113,22.32076136987814
13,114,26.01004070254219
13,115,28.67227161364257
14,1,22.000701130490985
14,2,18.470895491158547
14,3,17.603080356367993
14,4,17.239777881113717
14,5,14.945861405449705
14,6,12.123967421986398
14,7,9.98089589779277
14,8,9.984767405843604
14,9,8.495877355958338
14,10,6.047997774237375
14,11,5.034339445494787
14,12,5.387762397728302
14,13,3.8370191794050794
14,15,3.8239864317249586
14,16,5.641096146434117
14,17,5.614337038575014
14,18,6.2652630456167255
14,19,9.003974396003313
14,20,10.275491118418353
14,21,10.615605746424011
14,22,14.185891622329153
14,23,18.689000565801393
14,24,21.904558666652417
14,25,21.64300978868796
14,26,18.229825104928853
14,27,19.55619172503471
14,28,22.499005547680287
14,29,20.540802717579655
14,30,20.154872904320026
14,31,18.255797978401354
14,32,18.80352026992102
14,33,17.002932765690343
14,34,18.374837346243996
14,35,20.580406802318784
14,36,21.03685571654342
14,37,18.753702054259456
14,38,16.979379568242955
14,39,19.7963698144772
14,40,19.54984961385669
14,41,23.36646012265079
14,42,23.674973890300787
14,43,20.52127191512443
14,44,20.877140208103228
14,45,19.214112289775763
14,46,16.104130505701725
14,47,16.37130048560042
14,48,17.4722625627431
14,49,14.501835942884295
14,50,11.878670499629884
14,51,14.356096516513565
14,52,14.898628787926224
14,53,11.283200760946064
14,54,11.142652870019457
14,55,14.653839643835546
14,56,13.739640860217186
14,57,11.412645767167506
14,58,13.982512353579779
14,59,14.450342314543903
14,60,11.89435735757457
14,61,9.024245626807728
14,62,10.51108682146905
14,63,8.400696713893032
14,64,5.669393900607471
14,65,8.852043460394592
14,66,8.960401808455668
14,67,6.139877789031198
14,68,7.528224352124519
14,69,10.891149985200729
14,70,10.73086339599284
14,71,10.055357086799482
14,72,12.786217564805796
14,73,15.061309344777284
14,74,14.71559694632139
14,75,15.663827051531383
14,76,18.416196320667147
14,77,20.099630561111244
14,78,19.38311819365395
14,79,19.886438981234143
14,80,22.51408607551392
14,81,22.110765466553573
14,82,21.736094821168763
14,83,23.960211433832367
14,84,22.835516293098745
14,85,26.205012754664704
14,86,26.32792519937
14,87,23.104388214393747
14,88,24.155334295802174
14,89,21.967933505543282
14,90,22.207139216312466
14,91,21.80933700041651
14,92,19.96973574082913
14,93,19.27369548950254
14,94,16.077033687112337
14,95,15.710191023226841
14,96,16.215603749612566
14,97,13.66273821185325
14,98,11.043793250890033
14,99,12.525677326988177
14,100,12.835392296841617
14,101,9.18586442601091
14,102,8.606954393388675
14,103,11.447848770991538
14,104,10.553711492166652
14,105,7.557077052358233
14,106,10.309342387508096
14,107,13.06946055708423
14,108,11.899503076207209
14,109,13.894586948054124
14,110,13.956078392986184
14,111,17.470454508744997
14,112,19.085490700661488
14,113,21.162264856834682
14,114,24.96761420175556
14,115,27.285033437563744
15,1,25.012755284256503
15,2,21.443216810756827
15,3,20.070321363237493
15,4,19.41455233042675
15,5,16.632909496838046
15,6,14.419998119591446
15,7,12.042526162340671
15,8,10.931418287824386
15,9,9.832113261084418
15,10,8.599331593597046
15,11,6.19798590617264
15,12,5.0300012354920955
15,13,5.471945765613434
15,14,3.8239864317249586
15,16,3.8365096287014557
15,17,5.701018390056465
15,18,5.242562570435578
15,19,6.601403050622211
15,20,8.895928385099852
15,21,10.05432657813352
15,22,13.284583447444112
15,23,18.428142895645475
15,24,21.609513971633902
15,25,21.98641197782412
15,26,18.589316873672754
15,27,19.22731946566537
15,28,22.429317575399693
15,29,21.001429914227817
15,30,20.631918115624764
15,31,19.159812723044578
15,32,19.806229035125376
15,33,17.708750816642414
15,34,18.919304456292434
15,35,20.48297258745951
15,36,20.698557834907085
15,37,18.008109243520032
15,38,16.581168954795412
15,39,19.101350926191394
15,40,18.896920945330788
15,41,22.703890095211207
15,42,23.461596848699212
15,43,20.72035509570443
15,44,21.529514325113315
15,45,20.400379645968176
15,46,17.50217664152384
15,47,18.495026817189313
15,48,19.37451999424946
15,49,15.989723725898205
15,50,14.086196666322442
15,51,16.914871962704787
15,52,16.858664077348326
15,53,13.146732763060902
15,54,13.881300050401167
15,55,17.094372466649528
15,56,15.495616234812134
15,57,13.462233291645985
15,58,15.620740599889281
15,59,15.92214421315492
15,60,13.372383396685994
15,61,10.700226916818087
15,62,13.153537381439648
15,63,11.34250035779429
15,64,9.007120710380692
15,65,12.392175433659697
15,66,12.782127184970323
15,67,9.847796337486182
15,68,10.828527216593447
15,69,14.399888525645473
15,70,14.0640957725352
15,71,12.7594895818188
15,72,15.589687016649938
