1,2,3.844701570040423
1,3,5.022043941334063
1,4,8.636265036533917
1,5,11.562122055528656
1,6,13.351849690565556
1,7,13.508737869712766
1,8,17.148716554601485
1,9,19.237880932169908
1,10,23.05754004418427
1,11,25.475455595584215
1,12,28.309122501088705
1,13,30.274653656638584
1,14,29.85159685600258
1,15,33.10197059308429
1,16,33.33512003254664
1,17,34.98525765430179
1,18,31.813961526552145
1,19,29.694174355572674
1,20,29.188064050390107
1,21,26.494912415080428
1,22,24.332698173322566
1,23,21.20827508304198
1,24,20.406192394766443
1,25,17.005142138328868
1,26,17.286107384661864
1,27,14.748467380599259
1,28,12.94828392615506
1,29,11.521790408259685
1,30,8.901983541862377
1,31,9.12917548089968
1,32,11.165506306925003
1,33,13.551042150905293
1,34,16.179975211314815
1,35,16.074867415235687
1,36,19.461345832850153
1,37,19.656801910827536
1,38,23.191946056950655
1,39,24.333558412000396
1,40,27.400947323875336
1,41,30.65981447478749
1,42,30.429196988275766
1,43,27.267982464945188
1,44,24.99085291939727
1,45,21.817092435494207
1,46,21.73216976263592
1,47,19.291499371934933
1,48,21.452228238646576
1,49,21.05882037815943
1,50,21.660319369360863
1,51,24.076646473363052
1,52,26.51010807984655
1,53,29.82159323263476
1,54,30.309772132441278
1,55,26.94534965006547
1,56,27.59080382535046
1,57,31.14823244339967
1,58,30.289168219841464
1,59,27.525756516163796
1,60,30.399961346885554
1,61,32.84877457616577
1,62,30.372713446283672
1,63,30.107253830246094
1,64,33.920670654851854
2,1,3.844701570040423
2,3,3.8133767056556622
2,4,6.487233872296133
2,5,10.059695289627815
2,6,11.894011116625641
2,7,12.897049374615705
2,8,16.22116340208972
2,9,17.60496905079846
2,10,21.30506512507145
2,11,23.310776134573484
2,12,26.28765209120727
2,13,27.981933466629318
2,14,27.65725577816762
2,15,30.78771564058211
2,16,30.888419940462114
2,17,32.854853248235266
2,18,29.913918553828037
2,19,27.572986064824224
2,20,27.16448002103099
2,21,24.18235093059865
2,22,21.713867782160033
2,23,18.474651705914432
2,24,17.217047140511717
2,25,13.671508393427997
2,26,13.581364415307128
2,27,10.921958786774898
2,28,9.147953964461381
2,29,8.162145512024871
2,30,5.362491731233336
2,31,5.389134346666498
2,32,7.652428235761305
2,33,10.175728747684255
2,34,12.681321978760046
2,35,13.026336386130343
2,36,16.60905194362503
2,37,17.31884819768671
2,38,21.036246250413004
2,39,22.549152055351435
2,40,25.77792439950224
2,41,29.155455204353547
2,42,29.36427666136551
2,43,26.277184371274718
2,44,24.063658580844
2,45,20.581124848455453
2,46,20.201117110723462
2,47,17.386640420713018
2,48,19.14306900381949
2,49,18.552125128667875
2,50,18.64372439727019
2,51,21.151985297824126
2,52,23.727355690950926
2,53,26.835381395230904
2,54,27.36717988539185
2,55,23.892782180567607
2,56,24.2825503342479
2,57,27.80991736690932
2,58,26.98057053556661
2,59,24.04637617919357
2,60,26.795979247383713
2,61,29.298639534768824
2,62,26.859363628075574
2,63,26.417837215637984
2,64,30.23465172464926
3,1,5.022043941334063
3,2,3.8133767056556622
3,4,3.7986340063152597
3,5,6.683747729642529
3,6,8.927523128074297
3,7,10.088626050368198
3,8,13.651680578819937
3,9,15.34499649608296
3,10,19.076714531240906
3,11,21.461700005646232
3,12,24.09020882813617
3,13,25.779379125767296
3,14,25.12237507226074
3,15,28.26418137641433
3,16,28.369955325260175
3,17,30.031574914016655
3,18,26.92038685859521
3,19,24.70501102027053
3,20,24.21093397739767
3,21,21.495052536599626
3,22,19.336249339202983
3,23,16.280519349146207
3,24,15.71212056782938
3,25,12.540837736876057
3,26,13.494415227972947
3,27,11.715375136959398
3,28,10.227595744808243
3,29,9.092553678863561
3,30,6.902552679428064
3,31,6.201838199524534
3,32,9.23394837658299
3,33,10.426255711413905
3,34,12.320833162466654
3,35,11.518514763929117
3,36,14.683775624545476
3,37,14.678198213029289
3,38,18.22085953313038
3,39,19.39893910754952
3,40,22.544726343992455
3,41,25.840252123159008
3,42,25.84130422671052
3,43,22.70458133944088
3,44,20.49450133306732
3,45,17.139081197556443
3,46,17.080838700816106
3,47,14.657787337170623
3,48,16.965109088128084
3,49,17.035989803716912
3,50,17.677247309288475
3,51,20.51454532543737
3,52,22.571087201985428
3,53,25.828494929442527
3,54,25.93649944093643
3,55,22.50147928258569
3,56,23.47924847930925
3,57,26.89439355238006
3,58,25.767108425693223
3,59,23.182373043284414
3,60,26.299821149341803
3,61,28.5211736471563
3,62,25.967794399978313
3,63,26.07429531462045
3,64,29.86618956407399
4,1,8.636265036533917
4,2,6.487233872296133
4,3,3.7986340063152597
4,5,3.8338761388530123
4,6,5.763514271093427
4,7,7.955854271164474
4,8,11.019779645363757
4,9,12.108964156685396
4,10,15.705413935740284
4,11,17.93383940818275
4,12,20.515467792272712
4,13,22.059336018158213
4,14,21.424184582904083
4,15,24.55748720808764
4,16,24.722426504337953
4,17,26.504566815888595
4,18,23.473052137717495
4,19,21.264207824604217
4,20,21.04851252767705
4,21,18.2807562320959
4,22,15.887237807651177
4,23,13.037899635714677
4,24,12.424071637071757
4,25,9.592689390078093
4,26,10.955298605073502
4,27,9.847910787087311
4,28,9.13937774123238
4,29,9.033065462250873
4,30,7.462870833763419
4,31,5.3525353139012655
4,32,8.23863656356825
4,33,8.00251893228802
4,34,9.268567142074469
4,35,7.877260801770245
4,36,10.93735152075558
4,37,11.06792759120698
4,38,14.6870380555166
4,39,16.233239644007227
4,40,19.35158181360771
4,41,22.80172291247592
4,42,23.042935740136908
4,43,20.117882412879794
4,44,17.786902952148548
4,45,14.199037630387181
4,46,13.752893752951481
4,47,11.073452305768978
4,48,13.247376479364862
4,49,13.479801340910045
4,50,14.155683805336771
4,51,17.19205568931413
4,52,19.006090990993382
4,53,22.23569184982471
4,54,22.195327703001556
4,55,18.77235503160804
4,56,19.933962825043363
4,57,23.300263723630962
4,58,22.14742072334059
4,59,19.740004249229877
4,60,22.98004629454935
4,61,25.154538334762826
4,62,22.71785966829828
4,63,23.093550590351203
4,64,26.87834178696978
5,1,11.562122055528656
5,2,10.059695289627815
5,3,6.683747729642529
5,4,3.8338761388530123
5,6,3.845013653462928
5,7,6.820222554903283
5,8,9.583714432523477
5,9,10.750104275579003
5,10,14.09154115665632
5,11,16.660772854456766
5,12,18.657064450112344
5,13,20.04294152265924
5,14,18.913357417114558
5,15,21.971838388531665
5,16,22.073274008024647
5,17,23.486923193076723
5,18,20.28814454376127
5,19,18.193986207919714
5,20,17.858757247402586
5,21,15.449110673992838
5,22,13.527215487421387
5,23,11.086297218185562
5,24,11.549277563656451
5,25,9.662573659365924
5,26,12.157904978769109
5,27,12.174698538948494
5,28,11.767874619230303
5,29,11.504155738713164
5,30,10.613416451611846
5,31,8.804586715006094
5,32,11.587537040055054
5,33,10.366500127828163
5,34,10.546020527322153
5,35,7.777861433805737
5,36,9.628017392596066
5,37,8.520591693316527
5,38,11.76871893150861
5,39,12.834060297474966
5,40,15.8758336073505
5,41,19.228614927128024
5,42,19.311777551016576
5,43,16.326317696253913
5,44,14.041639630469476
5,45,10.529115542448222
5,46,10.595106094127317
5,47,8.630075585355904
5,48,11.581529637614734
5,49,12.875720755817785
5,50,14.126986803568348
5,51,17.4334022352773
5,52,18.481352580458424
5,53,21.709822061609557
5,54,21.08504266503271
5,55,17.792575043518287
5,56,19.648156020631504
5,57,22.71654355006738
5,58,21.18141277477155
5,59,19.28115086229832
5,60,22.83784288604516
5,61,24.58092053931442
5,62,22.055779369088537
5,63,23.06000917536958
5,64,26.690016610007717
6,1,13.351849690565556
6,2,11.894011116625641
6,3,8.927523128074297
6,4,5.763514271093427
6,5,3.845013653462928
6,7,3.8166483369414648
6,8,5.845601447772031
6,9,7.036697625551003
6,10,10.567072430263272
6,11,13.373948074617697
6,12,15.512838784568281
6,13,17.376973722439057
6,14,16.723062498155098
6,15,20.12876745993143
6,16,20.862177148516906
6,17,22.27055810768174
6,18,18.976622149887604
6,19,17.430137731136433
6,20,17.897535852164946
6,21,15.794336570268372
6,22,13.572306161248667
6,23,11.955276030319704
6,24,12.170155129694509
6,25,10.929537050818007
6,26,13.066848378925627
6,27,13.046341643337195
6,28,13.410457963579457
6,29,14.088280024294606
6,30,12.94373630876277
6,31,10.188122278355518
6,32,11.859541120477134
6,33,9.84046599726696
6,34,10.233134887128442
6,35,7.31196082291766
6,36,8.756038746717623
6,37,7.982511643289616
6,38,10.909870525740127
6,39,12.648419245234932
6,40,15.085542507448498
6,41,18.69934816817128
6,42,18.57446428555305
6,43,16.185146957287476
6,44,13.218883509949082
6,45,9.745380233749795
6,46,8.57710478201599
6,47,6.082886167337596
6,48,8.879258557442043
6,49,9.948047297887243
6,50,11.985923442370128
6,51,14.906243615328224
6,52,15.771811026081318
6,53,19.272092968082337
6,54,18.894468771032624
6,55,15.973113795845746
6,56,17.978342179922393
6,57,21.176098247916993
6,58,20.099961979683435
6,59,18.59196231036299
6,60,22.08153591277212
6,61,24.051919760019068
6,62,22.02510585507612
6,63,23.209994976895544
6,64,26.824303172284278
7,1,13.508737869712766
7,2,12.897049374615705
7,3,10.088626050368198
7,4,7.955854271164474
7,5,6.820222554903283
7,6,3.8166483369414648
7,8,3.8667084611090345
7,9,6.92663567106474
7,10,10.574545318416273
7,11,13.868776583173718
7,12,15.998525704816574
7,13,18.525375890627394
7,14,18.24670718506759
7,15,21.885881797743256
7,16,23.138479558464578
7,17,24.235465822890944
7,18,20.757983354240412
7,19,19.815749897879726
7,20,20.594344014617878
7,21,18.92922922189218
7,22,16.88434843612404
7,23,15.628338322324652
7,24,15.843675390118516
7,25,14.593581462178856
7,26,16.36462433506708
7,27,15.816738404573625
7,28,16.17665116112151
7,29,16.86310206526607
7,30,15.227955331753426
7,31,12.324642053786402
7,32,13.468028190549347
7,33,11.832550749882179
7,34,13.050169077621184
7,35,10.620557444661284
7,36,12.028306791528012
7,37,11.271461414661918
7,38,13.635887703030047
7,39,15.20739559889855
7,40,17.039258002641
7,41,20.557854939117938
7,42,19.808190363710715
7,43,17.736203942302886
7,44,14.341793937821027
7,45,11.487425527512837
7,46,10.082135881692217
7,47,8.139885518489837
7,48,10.654141452271398
7,49,11.228236406038484
7,50,13.93782473218112
7,51,16.172104617006212
7,52,17.039112857537347
7,53,20.785382428951387
7,54,20.74996512196933
7,55,18.274322593898944
7,56,20.26338581426855
7,57,23.556998288947067
7,58,22.875579074756754
7,59,21.601478595318046
7,60,24.95353618503464
7,61,27.099582734198346
7,62,25.355820366982826
7,63,26.53877393533756
7,64,30.15002169140999
8,1,17.148716554601485
8,2,16.22116340208972
8,3,13.651680578819937
8,4,11.019779645363757
8,5,9.583714432523477
8,6,5.845601447772031
8,7,3.8667084611090345
8,9,3.8387991682197695
8,10,7.065608466514137
8,11,10.577994064529964
8,12,12.538650005121314
8,13,15.403806572043667
8,14,15.526860278878466
8,15,19.30406998782351
8,16,21.06970135666242
8,17,22.110833164146932
8,18,18.710619971350802
8,19,18.305989076824304
8,20,19.761111645018488
8,21,18.44915066100656
8,22,16.34827113584881
8,23,15.911319362995854
8,24,16.13139813804882
8,25,15.66370486193142
8,26,17.377815601336412
8,27,17.257278890525704
8,28,18.19474636546005
8,29,19.45070056235179
8,30,18.037806673499592
8,31,14.802105496770652
8,32,15.316478480630696
8,33,12.919715435826554
8,34,13.644323875390693
8,35,11.132307324286693
8,36,11.610406886468994
8,37,11.013417724385231
8,38,12.622886462627198
8,39,14.60366792334615
8,40,15.751452434238773
8,41,19.312803126010266
8,42,18.553286261166974
8,43,17.183062407029464
8,44,13.489765194919766
8,45,10.964392416488916
8,46,8.511133986989748
8,47,6.74515965219598
8,48,8.487910712780135
8,49,9.064405122108004
8,50,12.458586307962003
8,51,14.196397621554988
8,52,14.470619055517274
8,53,18.24997193217508
8,54,18.233309650187955
8,55,16.30233931793133
8,56,18.527129721870576
8,57,21.6530056323444
8,58,21.27668642525003
8,59,20.550259131540397
8,60,23.786303976775823
8,61,25.899499304541333
8,62,24.603151132645177
8,63,26.070875684810424
8,64,29.510469891830237
9,1,19.237880932169908
9,2,17.60496905079846
9,3,15.34499649608296
9,4,12.108964156685396
9,5,10.750104275579003
9,6,7.036697625551003
9,7,6.92663567106474
9,8,3.8387991682197695
9,10,3.838250574960099
9,11,6.9458052673953485
9,12,9.317054389792457
9,13,12.044337814424269
9,14,12.587717262609353
9,15,16.385307035599897
9,16,18.280667249031016
9,17,19.74710459868723
9,18,16.687339655879267
9,19,16.229029389614006
9,20,18.160730583149792
9,21,16.699255717370008
9,22,14.213540570151867
9,23,14.24705384382565
9,24,14.107784366543171
9,25,14.269406075558164
9,26,15.779481947143198
9,27,16.15784254130765
9,28,17.63229308594139
9,29,19.46067605325827
9,30,18.42688905599345
9,31,15.013204325126678
9,32,15.07650451869643
9,33,11.95805439908496
9,34,11.9159731248397
9,35,9.521197598831993
9,36,9.259225154662214
9,37,9.399861238243526
9,38,10.743602571102286
9,39,13.48989540959641
9,40,14.517250369699475
9,41,18.21415935838296
9,42,18.08640179044857
9,43,17.096900126845885
9,44,13.583876496928536
9,45,10.858734592368243
9,46,7.485706351256383
9,47,4.973063351959277
9,48,5.093556103130862
9,49,5.472419656561637
9,50,9.13398672186362
9,51,10.777221554705564
9,52,10.68998711482772
9,53,14.436069031966564
9,54,14.427311638962113
9,55,12.630503830294352
9,56,14.891037670876651
9,57,17.937807242041433
9,58,17.758820988266546
9,59,17.264381096341822
9,60,20.37133232225401
9,61,22.502392025520194
9,62,21.52054001501241
9,63,23.072791415254002
9,64,26.386444056954037
10,1,23.05754004418427
10,2,21.30506512507145
10,3,19.076714531240906
10,4,15.705413935740284
10,5,14.09154115665632
10,6,10.567072430263272
10,7,10.574545318416273
10,8,7.065608466514137
10,9,3.838250574960099
10,11,3.821303258417046
10,12,5.585244022645425
10,13,8.705152666530866
10,14,9.844902197159568
10,15,13.654927665626191
10,16,16.126095534018415
10,17,17.508799545017787
10,18,14.738235352019615
10,19,14.932945226474995
10,20,17.54805854761384
10,21,16.58926525529739
10,22,14.298516566245388
10,23,15.283699163817197
10,24,15.296956047919165
10,25,16.291826413471536
10,26,17.783065744128905
10,27,18.6533154326751
10,28,20.44333595162628
10,29,22.512041773385928
10,30,21.735163317005163
10,31,18.330276244246015
10,32,18.15141891239078
10,33,14.721282905183617
10,34,14.076844789641617
10,35,11.796871869538615
10,36,10.441032811573967
10,37,10.604358748734914
10,38,10.728551612017666
10,39,13.602703978188309
10,40,13.7575929654424
10,41,17.2281314203021
10,42,17.23977101870309
10,43,17.062718230306864
10,44,13.665810170447857
10,45,11.607965027889259
10,46,7.806646775260679
10,47,6.481556108312671
10,48,4.933903387930726
10,49,5.646315912965549
10,50,9.36986523252813
10,51,10.249861853824747
10,52,8.878791301620012
10,53,12.334430711870493
10,54,12.08046950270596
10,55,11.215176451715296
10,56,13.82860079362642
10,57,16.362661779006906
10,58,16.447191119288522
10,59,16.762960474275932
10,60,19.636074802342478
10,61,21.517786073675236
10,62,21.048788579255362
10,63,22.965210378537467
10,64,25.93815960474977
11,1,25.475455595584215
11,2,23.310776134573484
11,3,21.461700005646232
11,4,17.93383940818275
11,5,16.660772854456766
11,6,13.373948074617697
11,7,13.868776583173718
11,8,10.577994064529964
11,9,6.9458052673953485
11,10,3.821303258417046
11,12,3.8452656920468473
11,13,6.543838582101784
11,14,8.929966858722688
11,15,12.378508322045413
11,16,15.05087563508057
11,17,16.97063742724827
11,18,14.912595728423916
11,19,15.108328317957703
11,20,18.13025784695597
11,21,17.055215569966172
11,22,14.482944812865233
11,23,15.85440306846682
11,24,15.340504010577822
11,25,16.79635171941262
11,26,17.791261665577906
11,27,18.931421866252457
11,28,21.123052038307375
11,29,23.643579348394805
11,30,23.116754218088232
11,31,19.68870759551705
11,32,19.017667124546268
11,33,15.342810873285552
11,34,14.226414314236974
11,35,12.607777152738866
11,36,10.856343635735628
11,37,11.923130607173439
11,38,11.76794390210242
11,39,15.065437091972212
11,40,15.07343664730212
11,41,18.37229602767792
11,42,18.992309385751632
11,43,19.170515587141423
11,44,16.16986591848297
11,45,14.148174791523079
11,46,10.330865919582546
11,47,8.834299501178014
11,48,5.704857340218773
11,49,5.226460225340006
11,50,7.9814714677389045
11,51,7.890502056474268
11,52,5.561447829046082
11,53,8.736404801885397
11,54,8.806926430898434
11,55,8.714118602792208
11,56,11.042396354949236
11,57,13.306765460845067
11,58,13.98991615290415
11,59,14.712289978310633
11,60,17.109673081217466
11,61,19.06184654610858
11,62,19.189884649034056
11,63,21.056921858947334
11,64,23.77391471897499
12,1,28.309122501088705
12,2,26.28765209120727
12,3,24.09020882813617
12,4,20.515467792272712
12,5,18.657064450112344
12,6,15.512838784568281
12,7,15.998525704816574
12,8,12.538650005121314
12,9,9.317054389792457
12,10,5.585244022645425
12,11,3.8452656920468473
12,13,3.7932970935582944
12,14,6.32112275909016
12,15,9.60487069577151
12,16,12.832852687723028
12,17,14.197468800982103
12,18,12.303911220376603
12,19,13.337352179253688
12,20,16.760519547276274
12,21,16.477485585013596
12,22,14.610296109153085
12,23,16.76465667560312
12,24,16.96004680722747
12,25,18.97460319296818
12,26,20.43627202841044
12,27,22.002023776033326
12,28,24.091254904267615
12,29,26.371859574627283
12,30,26.023775141335346
12,31,22.755889569211245
12,32,22.449143405187655
12,33,18.738074436532198
12,34,17.276193284260074
12,35,15.19521182880878
12,36,12.732701272636742
12,37,12.953001848598712
12,38,11.621433458689953
12,39,14.377745174684112
12,40,13.449917844473008
12,41,16.27273329271053
12,42,16.81937949303472
12,43,17.713989187361356
12,44,14.974959965495273
12,45,13.794211649445396
12,46,10.246480274829098
12,47,10.161952967559152
12,48,7.6298651469911976
12,49,8.650801888658638
12,50,11.148345356380718
12,51,11.233131345957855
12,52,8.07671611214169
12,53,10.107213460919757
12,54,9.016315782957319
12,55,9.870383907939598
12,56,12.822952047402852
12,57,14.156825514915498
12,58,14.464826227045647
12,59,16.036553984458212
12,60,18.42445686926895
12,61,19.703192098822928
12,62,19.962574403901048
12,63,22.37897617056848
12,64,24.710088079091044
13,1,30.274653656638584
13,2,27.981933466629318
13,3,25.779379125767296
13,4,22.059336018158213
13,5,20.04294152265924
13,6,17.376973722439057
13,7,18.525375890627394
13,8,15.403806572043667
13,9,12.044337814424269
13,10,8.705152666530866
13,11,6.543838582101784
13,12,3.7932970935582944
13,14,3.813828514334794
13,15,6.270715081189435
13,16,9.529701131027057
13,17,11.289231542669555
13,18,10.195333226096992
13,19,11.165268313052618
13,20,14.831149258644816
13,21,14.734141012058371
13,22,13.138392409031809
13,23,15.894402025858467
13,24,16.24849069803069
13,25,18.891281637383596
13,26,20.44497064163237
13,27,22.57309964677951
13,28,24.72072732450519
13,29,26.989223996477097
13,30,27.04353216143349
13,31,24.033353162940248
13,32,23.889745680235947
13,33,20.069192728676143
13,34,17.94614709593733
13,35,15.892238744667823
13,36,12.800759125077452
13,37,13.021566888158219
13,38,11.008544390294254
13,39,13.643098918991566
13,40,12.479432250757819
13,41,14.885667527485886
13,42,16.181225157730815
13,43,17.34091432311283
13,44,15.309759364243408
13,45,14.316667664724873
13,46,11.235714674079942
13,47,11.51622566453307
13,48,8.851678748954809
13,49,10.357363399111799
13,50,11.83329206356953
13,51,12.188638286669516
13,52,8.544528482728431
13,53,9.299915662598902
13,54,6.930950404232913
13,55,8.406158343263499
13,56,11.653602594732986
13,57,12.050375494170577
13,58,11.961077884374923
13,59,14.23175435411157
13,60,16.46113360103869
13,61,17.130227997583443
13,62,17.579303799637263
13,63,20.358835540020298
13,64,22.28023245585587
14,1,29.85159685600258
14,2,27.65725577816762
14,3,25.12237507226074
14,4,21.424184582904083
14,5,18.913357417114558
14,6,16.723062498155098
14,7,18.24670718506759
14,8,15.526860278878466
14,9,12.587717262609353
14,10,9.844902197159568
14,11,8.929966858722688
14,12,6.32112275909016
14,13,3.813828514334794
14,15,3.83985217465377
14,16,6.680640332941123
14,17,8.0499170363432
14,18,6.475645235676578
14,19,7.472390969369771
14,20,11.197384988849155
14,21,11.587339538130186
14,22,10.72649021694702
14,23,13.898937873321275
14,24,15.083441921536375
14,25,17.99067244246444
14,26,20.157578615339954
14,27,22.62604034309632
14,28,24.466414680094175
14,29,26.286982407841844
14,30,26.55034519084696
14,31,23.857699097088506
14,32,24.316550171317047
14,33,20.58245350375546
14,34,18.178861200128566
14,35,15.558596632063985
14,36,12.071121717294494
14,37,11.33135022168406
14,38,8.465974511278983
14,39,10.443969381489614
14,40,8.900016090952933
14,41,11.125013482450878
14,42,12.71337423583344
14,43,13.912111526778952
14,44,12.367681670310464
14,45,11.746516017756315
14,46,9.388494079661143
14,47,10.641502556927678
14,48,8.989681429240724
14,49,11.680357687356599
14,50,13.167389726929263
14,51,14.49048809146357
14,52,11.21595593894117
14,53,12.106360559264886
14,54,9.05086041368861
14,55,9.476949733177818
14,56,13.20566869608135
14,57,13.442838962344409
14,58,12.222387562181622
14,59,14.43998064171932
14,60,17.153937440633367
14,61,17.250289608203573
14,62,17.040704689165924
14,63,20.216706310000443
14,64,22.102463513687173
15,1,33.10197059308429
15,2,30.78771564058211
15,3,28.26418137641433
15,4,24.55748720808764
15,5,21.971838388531665
15,6,20.12876745993143
15,7,21.885881797743256
15,8,19.30406998782351
15,9,16.385307035599897
15,10,13.654927665626191
15,11,12.378508322045413
15,12,9.60487069577151
15,13,6.270715081189435
15,14,3.83985217465377
15,16,3.858742711308213
15,17,5.228032323031901
15,18,5.6695287282639715
15,19,7.070088993646073
15,20,10.823380827041799
15,21,11.870564804418825
15,22,11.778925695712827
15,23,15.401202480818556
15,24,16.77715324225435
15,25,20.095072918322124
15,26,22.265506316557346
15,27,25.09393027740828
15,28,26.938000392399488
15,29,28.698255859479723
15,30,29.25796962516769
15,31,26.795791163655586
15,32,27.333950976764
15,33,23.599188566941912
15,34,20.84935581538773
15,35,18.375203292408052
15,36,14.671704547464902
15,37,13.910035331371331
15,38,10.66734483169377
15,39,11.93402174032925
15,40,9.938471100687462
15,41,10.994324146611724
15,42,13.23684110903495
15,43,14.956037314413836
15,44,14.33423639181444
15,45,14.248262928862296
15,46,12.583979831944385
15,47,14.080474068598571
15,48,12.487927114728548
15,49,15.064368222214968
15,50,15.960230947780635
15,51,17.170267223180975
15,52,13.723693377137343
15,53,13.63206885382789
15,54,10.066563733474338
15,55,11.091999649718852
15,56,14.556564576766311
15,57,13.765016112433473
15,58,12.196900295274789
15,59,15.092576475148674
15,60,17.392182790109825
15,61,16.6769437056331
15,62,16.731635596618236
15,63,20.242631910733564
15,64,21.50368746221686
16,1,33.33512003254664
16,2,30.888419940462114
16,3,28.369955325260175
16,4,24.722426504337953
16,5,22.073274008024647
16,6,20.862177148516906
16,7,23.138479558464578
16,8,21.06970135666242
16,9,18.280667249031016
16,10,16.126095534018415
16,11,15.05087563508057
16,12,12.832852687723028
16,13,9.529701131027057
16,14,6.680640332941123
16,15,3.858742711308213
16,17,3.8800805215001724
16,18,5.575188920943719
16,19,5.304028159427175
16,20,8.390226495827942
16,21,9.525567177425824
16,22,10.133504453099416
16,23,13.930510188047066
16,24,15.641501826448403
16,25,19.225620379306573
16,26,21.578927018799014
16,27,24.771773758053936
16,28,26.42590716547633
16,29,27.91897999898676
16,30,28.833652337349587
16,31,26.780659400054645
16,32,27.648947019470054
16,33,24.05391507425383
16,34,20.938299303374972
16,35,18.46099404617682
16,36,14.641581218617095
16,37,13.693583584522642
16,38,10.355263648044595
16,39,11.028585944403371
16,40,9.48404014266299
16,41,9.964435499127484
16,42,13.085193661374982
16,43,14.38544473930682
16,44,14.63024790908452
16,45,14.462868223722955
16,46,13.584630253963581
16,47,15.093219314871844
16,48,13.90948510915214
16,49,16.713188855501237
16,50,17.035646082347725
16,51,18.776958634524814
16,52,15.697931157351338
16,53,15.379721981345964
16,54,11.565457743535529
16,55,11.82811674992623
16,56,15.122785438842362
16,57,13.98510934672209
16,58,11.505459986390658
16,59,14.283644125759833
16,60,16.642817749531073
16,61,15.252497462703051
16,62,14.819007157685766
16,63,18.57363779841832
16,64,19.559509382152857
17,1,34.98525765430179
17,2,32.854853248235266
17,3,30.031574914016655
17,4,26.504566815888595
17,5,23.486923193076723
17,6,22.27055810768174
17,7,24.235465822890944
17,8,22.110833164146932
17,9,19.74710459868723
17,10,17.508799545017787
17,11,16.97063742724827
17,12,14.197468800982103
17,13,11.289231542669555
17,14,8.0499170363432
17,15,5.228032323031901
17,16,3.8800805215001724
17,18,3.8505929618536414
17,19,5.655419532749131
17,20,8.391215697516884
17,21,10.895001631648686
17,22,12.451932187783267
17,23,16.208862439207504
17,24,18.48225872044845
17,25,21.905561918606647
17,26,24.594073592053924
17,27,27.694175843429427
17,28,29.15832932508335
17,29,30.357280488155826
17,30,31.167822004720342
17,31,29.146427364765454
17,32,30.271063933960765
17,33,26.730713289429286
17,34,23.819845406815514
17,35,20.977841978150266
17,36,17.210545441885237
17,37,15.552982995118109
17,38,11.832389184696225
17,39,11.438151202353612
17,40,8.801646024807944
17,41,7.977020469016787
17,42,10.788541286281587
17,43,12.928591645882012
17,44,13.667978748845352
17,45,14.53271734012742
17,46,14.233774221741761
17,47,16.566255992320315
17,48,15.98030386607861
17,49,19.126770843657653
17,50,20.023076799459716
17,51,21.779915704451657
17,52,18.58280532370574
17,53,18.564371528572096
17,54,14.846440886582732
17,55,15.270742288559857
17,56,18.741573000977414
17,57,17.74030500765813
17,58,15.37580436696859
17,59,18.07515320871976
17,60,20.519802333053217
17,61,19.07166673037751
17,62,18.518313649733006
17,63,22.307010083952342
17,64,23.231109935397132
18,1,31.813961526552145
18,2,29.913918553828037
18,3,26.92038685859521
18,4,23.473052137717495
18,5,20.28814454376127
18,6,18.976622149887604
18,7,20.757983354240412
18,8,18.710619971350802
18,9,16.687339655879267
18,10,14.738235352019615
18,11,14.912595728423916
18,12,12.303911220376603
18,13,10.195333226096992
18,14,6.475645235676578
18,15,5.6695287282639715
18,16,5.575188920943719
18,17,3.8505929618536414
18,19,3.860608409785897
18,20,6.9919410702843034
18,21,9.443896833360466
18,22,10.858379405578061
18,23,14.363950509880286
18,24,16.890065309676302
18,25,19.968504065707698
18,26,22.898531499134567
18,27,25.73181593508355
18,28,27.046877056097273
18,29,28.091129288385567
18,30,28.661732753842166
18,31,26.552415211064254
18,32,27.838242275012835
18,33,24.382044826344657
18,34,21.773859194140105
18,35,18.602214852711036
18,36,14.99957983506998
18,37,12.839753982760529
18,38,9.032404830488739
18,39,8.414082568072493
18,40,5.327947887261896
18,41,5.4002975973549425
18,42,7.763055077061232
18,43,9.712580605242684
18,44,9.93189631551897
18,45,10.883741990696077
18,46,10.690283884281142
18,47,13.417575314081073
18,48,13.40258579094429
18,49,16.871079270388375
18,50,18.300499780357896
18,51,20.3342117292709
18,52,17.37924618112398
18,53,18.157105079717912
18,54,14.710697765028316
18,55,14.560834225421912
18,56,18.3173461983567
18,57,18.120483592320863
18,58,15.81834170903531
18,59,17.958963957738874
18,60,20.899299930047974
18,61,20.050189436615515
18,62,19.09439971575018
18,63,22.703062375528656
18,64,24.224754483464523
19,1,29.694174355572674
19,2,27.572986064824224
19,3,24.70501102027053
19,4,21.264207824604217
19,5,18.193986207919714
19,6,17.430137731136433
19,7,19.815749897879726
19,8,18.305989076824304
19,9,16.229029389614006
19,10,14.932945226474995
19,11,15.108328317957703
19,12,13.337352179253688
19,13,11.165268313052618
19,14,7.472390969369771
19,15,7.070088993646073
19,16,5.304028159427175
19,17,5.655419532749131
19,18,3.860608409785897
19,20,3.8400972561487157
19,21,5.6507453106554255
19,22,7.335909730534384
19,23,10.90127339101531
19,24,13.618872482592849
19,25,16.81961279543146
19,26,19.85359429021284
19,27,22.905786513869604
19,28,24.092593148050174
19,29,25.00299132987988
19,30,25.831263392115797
19,31,24.0147444294137
19,32,25.500866407207614
19,33,22.172801371948626
19,34,19.287380121744853
19,35,16.16998099325808
19,36,12.533154387092425
19,37,10.365080977154205
19,38,6.667541054558716
19,39,6.015800930420046
19,40,4.585617217516032
19,41,5.636793344396867
19,42,8.9419022700175
19,43,9.377308215746176
19,44,9.924264529722196
19,45,9.826616946715568
19,46,10.012088137958436
19,47,12.192150488614304
19,48,12.35776612873727
19,49,15.88170848802136
19,50,16.741205296195933
19,51,19.28235395661262
19,52,16.786190868890593
19,53,17.586002617869124
19,54,14.107736861822834
19,55,13.087888125508085
19,56,16.701893819288525
19,57,16.64816136952054
19,58,13.801441240009611
19,59,15.434495238205193
19,60,18.599525076212213
19,61,17.67281266290724
19,62,16.161311165427453
19,63,19.72141173639929
19,64,21.38678373265244
20,1,29.188064050390107
20,2,27.16448002103099
20,3,24.21093397739767
20,4,21.04851252767705
20,5,17.858757247402586
20,6,17.897535852164946
20,7,20.594344014617878
20,8,19.761111645018488
20,9,18.160730583149792
20,10,17.54805854761384
20,11,18.13025784695597
20,12,16.760519547276274
20,13,14.831149258644816
20,14,11.197384988849155
20,15,10.823380827041799
20,16,8.390226495827942
20,17,8.391215697516884
20,18,6.9919410702843034
20,19,3.8400972561487157
20,21,3.8411214056944023
20,22,7.22848866677081
20,23,10.127589841400013
20,24,13.472843889182725
20,25,16.459431931495686
20,26,19.81265474974111
20,27,22.967488733977753
20,28,23.740087397371283
20,29,24.106671943313625
20,30,25.17831583197727
20,31,23.875425835541566
20,32,25.852360021121672
20,33,22.862437515756397
20,34,19.929976999182895
20,35,16.727528108838708
20,36,13.41882617144703
20,37,10.791713388018474
20,38,7.66046918526974
20,39,5.462515896121026
20,40,5.383579801750269
20,41,5.438497075521205
20,42,8.991260187818236
20,43,8.322476439503927
20,44,10.037422490937733
20,45,9.978483940691625
20,46,11.401255496306575
20,47,13.575385065270389
20,48,14.488808974478626
20,49,18.084945969736083
20,50,18.714468524042456
20,51,21.686222236699543
20,52,19.63731823560566
20,53,20.55424171506737
20,54,17.164045858840655
20,55,15.570222367664584
20,56,18.940863488548683
20,57,18.99699127793452
20,58,15.732993537401692
20,59,16.77516856128227
20,60,20.057285213180432
20,61,18.900200055484788
20,62,16.72795587017019
20,63,20.163836852841875
20,64,21.81524924098309
21,1,26.494912415080428
21,2,24.18235093059865
21,3,21.495052536599626
21,4,18.2807562320959
21,5,15.449110673992838
21,6,15.794336570268372
21,7,18.92922922189218
21,8,18.44915066100656
21,9,16.699255717370008
21,10,16.58926525529739
21,11,17.055215569966172
21,12,16.477485585013596
21,13,14.734141012058371
21,14,11.587339538130186
21,15,11.870564804418825
21,16,9.525567177425824
21,17,10.895001631648686
21,18,9.443896833360466
21,19,5.6507453106554255
21,20,3.8411214056944023
21,22,3.803616411070979
21,23,6.422046705598298
21,24,9.75144328816595
21,25,12.781507605196865
21,26,16.094215450139636
21,27,19.34617150941504
21,28,20.11435160257149
21,29,20.57058644205084
21,30,21.7882733397744
21,31,20.59571116783108
21,32,22.553347614120025
21,33,19.659356025090457
21,34,16.562667099370838
21,35,13.56926982215085
21,36,10.409546414944367
21,37,8.195617001103592
21,38,6.023088892529486
21,39,5.121621989881395
21,40,7.1872958180035935
21,41,8.77428960144656
21,42,11.875711974360364
21,43,10.347025328335617
21,44,11.205795004732172
21,45,9.752815327384141
21,46,10.760648138895277
21,47,11.911718376244364
21,48,12.716506195063273
21,49,16.01772099679835
21,50,16.12413964936586
21,51,19.379217321364646
21,52,17.853587641803227
21,53,18.87688756667156
21,54,15.788037720763507
21,55,13.484386408535801
21,56,16.52350735393106
21,57,16.95299714252219
21,58,13.572157045993558
21,59,13.884791613681685
21,60,17.34772667804529
21,61,16.518330114047643
21,62,13.924401686581367
21,63,17.066136057734386
21,64,19.097849473915947
22,1,24.332698173322566
22,2,21.713867782160033
22,3,19.336249339202983
22,4,15.887237807651177
22,5,13.527215487421387
22,6,13.572306161248667
22,7,16.88434843612404
22,8,16.34827113584881
22,9,14.213540570151867
22,10,14.298516566245388
22,11,14.482944812865233
22,12,14.610296109153085
22,13,13.138392409031809
22,14,10.72649021694702
22,15,11.778925695712827
22,16,10.133504453099416
22,17,12.451932187783267
22,18,10.858379405578061
22,19,7.335909730534384
22,20,7.22848866677081
22,21,3.803616411070979
22,23,3.8091456520864284
22,24,6.391599420982737
22,25,9.691771315920404
22,26,12.753806019792489
22,27,16.006611267950515
22,28,17.09320205414263
22,29,18.06629840859622
22,30,19.184043578826586
22,31,17.67632085193106
22,32,19.265020376129254
22,33,16.202680390607146
22,34,12.968110664666865
22,35,10.1832880105219
22,36,6.871573928221113
22,37,5.624225854369035
22,38,4.628778929472641
22,39,6.225194004178293
22,40,8.81709920009665
22,41,11.443343080888157
22,42,14.153194597082905
22,43,12.582594542931508
22,44,12.311049750867033
22,45,9.837406624256898
22,46,9.687959229473298
22,47,9.648557524663856
22,48,9.877141924461924
22,49,12.772261053982442
22,50,12.486915192736243
22,51,15.845104446070264
22,52,14.679423258035774
22,53,15.866208415018797
22,54,13.172561735534053
22,55,10.327984088187105
22,56,13.164862278052784
22,57,14.106375235949226
22,58,10.967914630161248
22,59,10.71798862459201
22,60,14.405338592938008
22,61,14.248991558173673
22,62,11.69260921753322
22,63,14.519671061592014
22,64,17.059835704640243
23,1,21.20827508304198
23,2,18.474651705914432
23,3,16.280519349146207
23,4,13.037899635714677
23,5,11.086297218185562
23,6,11.955276030319704
23,7,15.628338322324652
23,8,15.911319362995854
23,9,14.24705384382565
23,10,15.283699163817197
23,11,15.85440306846682
23,12,16.76465667560312
23,13,15.894402025858467
23,14,13.898937873321275
23,15,15.401202480818556
23,16,13.930510188047066
23,17,16.208862439207504
23,18,14.363950509880286
23,19,10.90127339101531
23,20,10.127589841400013
23,21,6.422046705598298
23,22,3.8091456520864284
23,24,3.830559391106559
23,25,6.3688919633485686
23,26,9.824307142079569
23,27,12.99106004879916
23,28,13.699689240172235
23,29,14.36859001850365
23,30,15.623766791581392
23,31,14.48132284726911
23,32,16.43444864104041
23,33,13.80843659761621
23,34,10.673397866613088
23,35,8.018609236493443
23,36,5.895492486134493
23,37,5.105663195867126
23,38,6.570342486837995
23,39,8.015757093295985
23,40,11.421177646044187
23,41,14.213513420693332
23,42,16.489599597487512
23,43,14.172674378389507
23,44,13.683123353207115
23,45,10.568270473287996
23,46,10.698437583049555
23,47,9.745512889653748
23,48,10.56618476369611
23,49,12.9272282682898
23,50,12.306652021017884
23,51,16.021530284710714
23,52,15.770080725073688
23,53,17.34322964681385
23,54,15.296391316335122
23,55,11.860747397677939
23,56,14.017060732045833
23,57,15.616401041394434
23,58,12.716037259972797
23,59,11.267669158401965
23,60,14.986269312300632
23,61,15.369514210731685
23,62,12.326231487315154
23,63,14.312564011345337
23,64,17.329495361670027
24,1,20.406192394766443
24,2,17.217047140511717
24,3,15.71212056782938
24,4,12.424071637071757
24,5,11.549277563656451
24,6,12.170155129694509
24,7,15.843675390118516
24,8,16.13139813804882
24,9,14.107784366543171
24,10,15.296956047919165
24,11,15.340504010577822
24,12,16.96004680722747
24,13,16.24849069803069
24,14,15.083441921536375
24,15,16.77715324225435
24,16,15.641501826448403
24,17,18.48225872044845
24,18,16.890065309676302
24,19,13.618872482592849
24,20,13.472843889182725
24,21,9.75144328816595
24,22,6.391599420982737
24,23,3.830559391106559
24,25,3.795859203352447
24,26,6.404415816952291
24,27,9.858424254852988
24,28,11.065476258458474
24,29,12.546750380097599
24,30,13.862014161566282
24,31,12.524731065045247
24,32,13.861063902652118
24,33,11.168747005733069
24,34,7.632832929412794
24,35,6.12597243429232
24,36,4.909560196204964
24,37,6.638552632867861
24,38,8.974537424020458
24,39,11.366254212893999
24,40,14.53814622354845
24,41,17.555618816623753
24,42,19.81605447640611
24,43,17.68701034949216
24,44,16.73575746876564
24,45,13.324658673028047
24,46,12.56396230712049
24,47,10.500209546570094
24,48,10.388463791475635
24,49,11.629374643028175
24,50,10.024213895832853
24,51,13.68313956024647
24,52,14.129181409545312
24,53,15.581319321511911
24,54,14.202319426506964
24,55,10.424406630275985
24,56,11.653490773854225
24,57,13.689983852647536
24,58,11.278643125859553
24,59,8.861469523412067
24,60,12.423460350058432
24,61,13.53118095801098
24,62,10.614863059266636
24,63,11.796336001609417
24,64,15.25311862350947
25,1,17.005142138328868
25,2,13.671508393427997
25,3,12.540837736876057
25,4,9.592689390078093
25,5,9.662573659365924
25,6,10.929537050818007
25,7,14.593581462178856
25,8,15.66370486193142
25,9,14.269406075558164
25,10,16.291826413471536
25,11,16.79635171941262
25,12,18.97460319296818
25,13,18.891281637383596
25,14,17.99067244246444
25,15,20.095072918322124
25,16,19.225620379306573
25,17,21.905561918606647
25,18,19.968504065707698
25,19,16.81961279543146
25,20,16.459431931495686
25,21,12.781507605196865
25,22,9.691771315920404
25,23,6.3688919633485686
25,24,3.795859203352447
25,26,3.842392466649861
25,27,6.690670266778947
25,28,7.425899547908979
25,29,8.824840427751198
25,30,10.074957107293644
25,31,8.959727220392718
25,32,10.656691039375557
25,33,8.632412296843304
25,34,5.687403234419136
25,35,4.943468843613801
25,36,6.289144883998028
25,37,8.093738825586822
25,38,11.36973564036157
25,39,13.565533711644402
25,40,17.00414074508469
25,41,20.18634848847935
25,42,22.00866343563838
25,43,19.469693819182666
25,44,18.216109771989583
25,45,14.526059718116805
25,46,13.878859256547218
25,47,11.266259138264813
25,48,11.701744472682247
25,49,12.29515773803934
25,50,10.758882453087013
25,51,14.396214379551807
25,52,15.709637435370691
25,53,17.62582694844832
25,54,16.900097355343927
25,55,13.034080564722743
25,56,13.736703059523812
25,57,16.34187057045518
25,58,14.452405569623593
25,59,11.534717872463293
25,60,14.743063863759476
25,61,16.394488867059668
25,62,13.526350053513617
25,63,13.833657503020474
25,64,17.52102732054139
26,1,17.286107384661864
26,2,13.581364415307128
26,3,13.494415227972947
26,4,10.955298605073502
26,5,12.157904978769109
26,6,13.066848378925627
26,7,16.36462433506708
26,8,17.377815601336412
26,9,15.779481947143198
26,10,17.783065744128905
26,11,17.791261665577906
26,12,20.43627202841044
26,13,20.44497064163237
26,14,20.157578615339954
26,15,22.265506316557346
26,16,21.578927018799014
26,17,24.594073592053924
26,18,22.898531499134567
26,19,19.85359429021284
26,20,19.81265474974111
26,21,16.094215450139636
26,22,12.753806019792489
26,23,9.824307142079569
26,24,6.404415816952291
26,25,3.842392466649861
26,27,3.8011901448839946
26,28,5.488417975276149
26,29,8.229391900991502
26,30,9.474685873643567
26,31,8.350685837144836
26,32,8.889520662321175
26,33,7.274515169544647
26,34,4.482192277853177
26,35,6.445306773180523
26,36,8.548266708853495
26,37,11.299922153207806
26,38,14.539858793376355
26,39,17.11727283119414
26,40,20.385403439798278
26,41,23.638454146143662
26,42,25.52824496640397
26,43,23.15343856712331
26,44,21.709299205867698
26,45,17.964037167847263
26,46,16.828956397344925
26,47,13.750657840463559
26,48,13.44212355831092
26,49,12.940096940211665
26,50,10.553638639979047
26,51,13.638566334586596
26,52,15.704116531912089
26,53,17.354773160390668
26,54,17.348092969831107
26,55,13.561797775033224
26,56,13.176491189889559
26,57,15.99416515420461
26,58,14.768002480471312
26,59,11.27716363393107
26,60,13.763239921916659
26,61,16.02896444145384
26,62,13.55440731467781
26,63,12.836548992957717
26,64,16.660412271471255
27,1,14.748467380599259
27,2,10.921958786774898
27,3,11.715375136959398
27,4,9.847910787087311
27,5,12.174698538948494
27,6,13.046341643337195
27,7,15.816738404573625
27,8,17.257278890525704
27,9,16.15784254130765
27,10,18.6533154326751
27,11,18.931421866252457
27,12,22.002023776033326
27,13,22.57309964677951
27,14,22.62604034309632
27,15,25.09393027740828
27,16,24.771773758053936
27,17,27.694175843429427
27,18,25.73181593508355
27,19,22.905786513869604
27,20,22.967488733977753
27,21,19.34617150941504
27,22,16.006611267950515
