1,2,3.8413311966581976
1,3,6.705765150298502
1,4,9.188399727709328
1,5,10.365815217072075
1,6,13.721828882534624
1,7,15.53774753718252
1,8,19.24946851889571
1,9,21.651222352351226
1,10,24.197414352466897
1,11,25.956314949331734
1,12,25.294828834983253
1,13,28.507932234553362
1,14,28.712455535803556
1,15,30.520319230198545
1,16,27.44638174538125
1,17,24.908850139133502
1,18,24.240172952984267
1,19,21.52031651002048
1,20,19.367100629520888
1,21,16.219075441863936
1,22,15.411654601887722
1,23,12.151280753414593
1,24,12.910496160818154
1,25,11.306214043887351
1,26,9.619919761070896
1,27,8.166597945029
1,28,4.841546568022086
1,29,5.340176590191309
1,30,8.739576567453643
1,31,10.329165543329399
1,32,12.138931799610543
1,33,11.395719819246938
1,34,14.583570186059381
1,35,14.623347046096587
1,36,18.18936604898917
1,37,19.357320258197678
1,38,22.610625969758907
1,39,25.889586417138446
1,40,25.914050022300447
1,41,22.776925769935
1,42,20.55042191015242
1,43,17.199798749591366
1,44,17.17723454596105
1,45,14.760469367749408
1,46,17.077113219865883
1,47,17.226213865547226
1,48,17.801013221127224
1,49,20.71499244082988
1,50,22.823949405517823
1,51,26.024337144673684
1,52,26.147475571610062
1,53,22.69939095784144
1,54,23.81457989941744
1,55,27.12332274440025
1,56,25.415535395437217
1,57,23.190427999808797
1,58,26.416140831786223
1,59,28.314013533457867
1,60,25.671383171364795
1,61,27.127518505151112
2,1,3.8413311966581976
2,3,3.829301170529737
2,4,5.743955644191449
2,5,7.745214395022584
2,6,10.58675866574482
2,7,11.940376489534128
2,8,15.575668432283855
2,9,17.888649122157098
2,10,20.408960674870986
2,11,22.1245971015552
2,12,21.54366907512317
2,13,24.806793445921006
2,14,25.159726015880093
2,15,27.067298228845253
2,16,24.042407365308527
2,17,21.570595428178276
2,18,21.252352918518937
2,19,18.53473285369335
2,20,16.144983146462177
2,21,13.281507141652078
2,22,12.462190365477793
2,23,9.635912247467312
2,24,10.830865700514435
2,25,9.95041472505204
2,26,9.58022268852849
2,27,8.922402332044955
2,28,6.638410230871342
2,29,4.856061541536572
2,30,7.988433596729774
2,31,8.0672472547336
2,32,9.267608006825023
2,33,7.889851585038255
2,34,10.969790069970148
2,35,11.124169806613043
2,36,14.736073555567456
2,37,16.2948666107654
2,38,19.44745078301985
2,39,22.90962845694934
2,40,23.06179414694198
2,41,20.19871745533425
2,42,17.745571663305682
2,43,14.195401371227343
2,44,13.70977093150318
2,45,11.033280666054043
2,46,13.23737912245621
2,47,13.497365188094397
2,48,14.245956294709172
2,49,17.218387672978924
2,50,19.111754901633738
2,51,22.351642274746908
2,52,22.391909195605823
2,53,19.008716546527992
2,54,20.312881382148355
2,55,23.608420218837907
2,56,21.95223668180709
2,57,19.966812450312
2,58,23.283511268624316
2,59,25.196330839262757
2,60,22.7442876822221
2,61,24.542141708978395
3,1,6.705765150298502
3,2,3.829301170529737
3,4,3.850109618249777
3,5,6.771931275555907
3,6,9.332984361824925
3,7,10.700609194682139
3,8,14.011190991476623
3,9,16.639442747428443
3,10,18.5631621210193
3,11,20.106991717145473
3,12,19.03125220052743
3,13,22.207202137509054
3,14,22.493338830264726
3,15,24.043855535914755
3,16,20.843024027515913
3,17,18.50055481759998
3,18,18.0619030162957
3,19,15.702543627402914
3,20,13.804499109921142
3,21,11.359235528745627
3,22,11.612096056434178
3,23,9.689359822846024
3,24,12.065131267401751
3,25,12.33296543262617
3,26,12.365507762233566
3,27,11.218994322354815
3,28,9.709457020103477
3,29,8.296091616716934
3,30,11.371624992407947
3,31,10.537344859546582
3,32,10.55218504720165
3,33,7.806474295504943
3,34,9.693592441151392
3,35,8.609079822394712
3,36,11.838424980228584
3,37,12.903533349638018
3,38,15.98232700395123
3,39,19.347246871738424
3,40,19.350100649556484
3,41,16.410981876299612
3,42,14.016807254920447
3,43,10.542060249052323
3,44,10.57687403698581
3,45,8.621468001679306
3,46,11.599838758396054
3,47,12.902596938448395
3,48,14.238722363992832
3,49,17.313132409522776
3,50,18.45439481988252
3,51,21.73791237329527
3,52,21.21432509024955
3,53,17.989003282036826
3,54,19.969157861686167
3,55,22.954354290941836
3,56,20.97197433220117
3,57,19.548342152680743
3,58,23.150108986608657
3,59,24.647641710577968
3,60,22.144644837262422
3,61,24.399249326487038
4,1,9.188399727709328
4,2,5.743955644191449
4,3,3.850109618249777
4,5,3.8423744100738455
4,6,5.5543729818198075
4,7,6.995867803217783
4,8,10.46793367275574
4,9,13.339385034718164
4,10,15.396320515435962
4,11,17.4016049667879
4,12,16.80369807630396
4,13,20.295105632990534
4,14,21.192127071978987
4,15,22.790781186295668
4,16,19.543208328262722
4,17,17.659818784364095
4,18,18.01493994691354
4,19,15.941888831857877
4,20,13.751328910629002
4,21,12.108088418996616
4,22,12.15006638285208
4,23,10.943640380845437
4,24,13.003141256326622
4,25,13.293215236798378
4,26,14.221069729281515
4,27,13.977793192556637
4,28,12.300587315199438
4,29,9.876926803639499
4,30,11.937393453030536
4,31,10.17166697054702
4,32,10.235041975506233
4,33,7.324524011952129
4,34,8.807735684958832
4,35,8.065180854927396
4,36,10.965599145580496
4,37,12.677854581458112
4,38,15.153540679920749
4,39,18.794281485998248
4,40,18.551721816662305
4,41,16.213390839226363
4,42,13.157648393318185
4,43,9.761632106051078
4,44,8.557353519878117
4,45,6.078860553978871
4,46,8.895370795173164
4,47,9.947490131486374
4,48,12.055637585897756
4,49,14.60224871037119
4,50,15.637344192396622
4,51,19.1804611505531
4,52,18.937549087446744
4,53,16.05909284348083
4,54,18.133294948738307
4,55,21.264848242479818
4,56,19.751392642818033
4,57,18.6983729321413
4,58,22.160914775154538
4,59,23.94336984364449
4,60,21.956762488548524
4,61,24.516098441923585
5,1,10.365815217072075
5,2,7.745214395022584
5,3,6.771931275555907
5,4,3.8423744100738455
5,6,3.8506404027610643
5,7,7.137237755580738
5,8,10.657561184697878
5,9,13.988528378291896
5,10,16.06570563486744
5,11,18.70902111418882
5,12,18.512600166640606
5,13,22.20198837844632
5,14,23.604115748176138
5,15,24.95638210851909
5,16,21.5574018320182
5,17,20.21668777089432
5,18,20.886281955708604
5,19,19.215259976786136
5,20,17.174569504849224
5,21,15.850855409391489
5,22,15.836453366167461
5,23,14.572603188762438
5,24,16.207272215335077
5,25,15.900798459015089
5,26,16.69299839689839
5,27,16.606601783800503
5,28,14.228132976636644
5,29,11.853350296748012
5,30,13.497144422619519
5,31,12.045605420717962
5,32,12.965318333771577
5,33,10.606377937939198
5,34,12.146628934916235
5,35,11.493261795316208
5,36,13.889075310027764
5,37,15.437149225839612
5,38,17.33537342785804
5,39,20.90433097541789
5,40,20.042878060188333
5,41,17.974955461247944
5,42,14.538528739141714
5,43,11.783169482729068
5,44,10.347583008109238
5,45,8.357202583746771
5,46,10.836127719362342
5,47,11.285139255659344
5,48,13.998054655142528
5,49,15.749614162306347
5,50,16.908148131186653
5,51,20.681919169943562
5,52,20.848531100498715
5,53,18.383017765998822
5,54,20.356587022097266
5,55,23.62758869184641
5,56,22.5469010229068
5,57,21.664860762524498
5,58,24.927463042218946
5,59,26.96109120202251
5,60,25.273294528154747
5,61,27.87065159117343
6,1,13.721828882534624
6,2,10.58675866574482
6,3,9.332984361824925
6,4,5.5543729818198075
6,5,3.8506404027610643
6,7,3.854286628466539
6,8,7.027946122428236
6,9,10.503828840226834
6,10,12.513215572895541
6,11,15.446612399459205
6,12,15.682602861662875
6,13,19.48541495830695
6,14,21.34839313751747
6,15,22.75215101078895
6,16,19.492365718666285
6,17,18.558100349335067
6,18,19.89700871629677
6,19,18.492456543236624
6,20,16.333819865105884
6,21,15.780041440721382
6,22,15.751736525285951
6,23,15.29462652447415
6,24,16.888608534599307
6,25,17.039793674593987
6,26,18.586151193491283
6,27,19.000133821899613
6,28,17.04591385039552
6,29,14.14961831658925
6,30,15.138485698164661
6,31,12.817269964274693
6,32,13.151500814024452
6,33,10.720330404146205
6,34,11.376499304115294
6,35,10.970126091867579
6,36,12.703266070932527
6,37,14.71986477144507
6,38,16.003953234196636
6,39,19.656610973574036
6,40,18.824805238943377
6,41,17.444531540230496
6,42,13.74300353712133
6,43,11.237109019161522
6,44,8.73053722821455
6,45,6.741078121994044
6,46,8.393238191874635
6,47,8.721458350840328
6,48,12.086343781303283
6,49,13.207695054221604
6,50,13.906265169821987
6,51,17.73774898544701
6,52,17.99207269481905
6,53,16.00469126408693
6,54,18.121017194719258
6,55,21.276061168009726
6,56,20.556958726007487
6,57,20.15768754756391
6,58,23.237441987372804
6,59,25.320302724776887
6,60,24.101431947221638
6,61,26.966738136639254
7,1,15.53774753718252
7,2,11.940376489534128
7,3,10.700609194682139
7,4,6.995867803217783
7,5,7.137237755580738
7,6,3.854286628466539
7,8,3.8234260485836167
7,9,6.853361003562895
7,10,9.267266829116469
7,11,12.060470208528558
7,12,12.706795039168407
7,13,16.523627847089166
7,14,18.497243043395226
7,15,20.309018685947905
7,16,17.409803828052915
7,17,16.404524248439472
7,18,18.211868859408558
7,19,16.671050716018033
7,20,14.144428808504184
7,21,14.08571369422538
7,22,13.780541822609665
7,23,14.042966945938527
7,24,15.501929472817393
7,25,16.20813937242317
7,26,18.445879182300146
7,27,19.3249168986229
7,28,18.012431916087454
7,29,14.72655692517749
7,30,15.197656541068687
7,31,12.118090516005626
7,32,11.600241553112388
7,33,9.260243534726996
7,34,9.091006387906303
7,35,9.39006691366331
7,36,10.80527903608708
7,37,13.561827517687012
7,38,14.68804665328001
7,39,18.44724423738794
7,40,18.200740419202877
7,41,17.266134580431704
7,42,13.726888046919749
7,43,11.049219447043484
7,44,7.658428024651263
7,45,5.026318968724068
7,46,5.010452917805388
7,47,5.115905531852369
7,48,8.795409079733275
7,49,9.75457568335808
7,50,10.097248046788703
7,51,13.910119846788158
7,52,14.168454210715183
7,53,12.299070433435082
7,54,14.446981968973883
7,55,17.526888421281235
7,56,17.008711582814072
7,57,16.843225332233075
7,58,19.77742437683163
7,59,21.88451325658891
7,60,20.98672776056503
7,61,23.971204772520196
8,1,19.24946851889571
8,2,15.575668432283855
8,3,14.011190991476623
8,4,10.46793367275574
8,5,10.657561184697878
8,6,7.027946122428236
8,7,3.8234260485836167
8,9,3.8303458582013623
8,10,5.57594234002942
8,11,8.757979553587539
8,12,9.957304590503304
8,13,13.764476795186054
8,14,16.290438054474635
8,15,18.014545292498813
8,16,15.391114839673289
8,17,15.013838604690621
8,18,17.50583924612166
8,19,16.49501599332897
8,20,14.217799699479505
8,21,15.139744472656194
8,22,15.118078660826471
8,23,16.228778623303356
8,24,17.761305377756337
8,25,18.94790180173546
8,26,21.53054897573348
8,27,22.528106634364654
8,28,21.539892731965008
8,29,18.208140060128965
8,30,18.47372549630511
8,31,15.092006612481038
8,32,13.996725686392189
8,33,11.715378919513935
8,34,10.422216779915846
8,35,10.613900008314031
8,36,10.770421728279203
8,37,13.584318767821538
8,38,13.801464308189688
8,39,17.33863073515468
8,40,17.143432105533662
8,41,17.036218851270917
8,42,13.598047999527774
8,43,11.62090342807924
8,44,7.821580193995031
8,45,6.475175745472958
8,46,4.949760876496766
8,47,5.486450194196612
8,48,9.261488153512788
8,49,9.25533414858347
8,50,8.230396832949955
8,51,11.835998700545684
8,52,11.866722079172815
8,53,10.9407569246541
8,54,13.433404382099758
8,55,16.00608147837721
8,56,15.832758192359366
8,57,16.48622208747166
8,58,19.138542054739933
8,59,21.036641930631962
8,60,20.674809514814157
8,61,23.946012448018244
9,1,21.651222352351226
9,2,17.888649122157098
9,3,16.639442747428443
9,4,13.339385034718164
9,5,13.988528378291896
9,6,10.503828840226834
9,7,6.853361003562895
9,8,3.8303458582013623
9,10,3.839094451268471
9,11,6.562609276921059
9,12,8.971890894755848
9,13,12.421043140221336
9,14,15.10696971584738
9,15,17.35394418676155
9,16,15.447831086733727
9,17,15.072065030889627
9,18,17.979350846970267
9,19,16.85221008095228
9,20,14.290895301448787
9,21,15.623448996395242
9,22,15.151537869115522
9,23,16.782767993617192
9,24,17.877593112247624
9,25,19.339270527544333
9,26,22.3920065364331
9,27,23.836035303048416
9,28,23.28338416931848
9,29,19.762518474233914
9,30,19.482390745626496
9,31,15.791737754742034
9,32,14.231091751435553
9,33,12.587207319916669
9,34,10.842562205580261
9,35,11.89913242790694
9,36,11.739200929220948
9,37,14.981660482531424
9,38,15.022477462685211
9,39,18.367199804427532
9,40,18.774343266219404
9,41,19.076686781706975
9,42,16.03326732980708
9,43,14.087818078329333
9,44,10.274194762686173
9,45,8.809883869560142
9,46,5.694792449219705
9,47,5.141660472695142
9,48,7.897252073459022
9,49,6.883277088934326
9,50,4.789817665938358
9,51,8.16368261321513
9,52,8.542413346529145
9,53,8.335696047742099
9,54,10.506598235818041
9,55,12.840209638881268
9,56,13.3035113929823
9,57,14.312880151574614
9,58,16.450862246088242
9,59,18.454532090095242
9,60,18.695983791018307
9,61,21.94550443058196
10,1,24.197414352466897
10,2,20.408960674870986
10,3,18.5631621210193
10,4,15.396320515435962
10,5,16.06570563486744
10,6,12.513215572895541
10,7,9.267266829116469
10,8,5.57594234002942
10,9,3.839094451268471
10,11,3.776935363477117
10,12,6.306031638035048
10,13,9.57818627377194
10,14,12.802668645029065
10,15,14.533777942015197
10,16,12.764069433397013
10,17,13.20861729431696
10,18,16.53994292551094
10,19,16.212018066523488
10,20,14.391106858423228
10,21,16.524726566620213
10,22,16.814606871996048
10,23,18.958629197196522
10,24,20.54675220244579
10,25,22.409247984341082
10,26,25.35988535616684
10,27,26.46569882286533
10,28,26.048526427416693
10,29,22.72345018358415
10,30,22.82331960642074
10,31,19.15963736904718
10,32,17.28271322174938
10,33,15.16274637940185
10,34,12.728136114970727
10,35,12.899637022684681
10,36,11.561202708485139
10,37,14.232628887623356
10,38,13.320765407198534
10,39,16.209298527345734
10,40,16.501566400526265
10,41,17.516481971101438
10,42,14.744411081258857
10,43,13.64832836409883
10,44,10.11496322324123
10,45,10.082071324404003
10,46,7.595485841262935
10,47,8.56101120955032
10,48,11.115663433029155
10,49,10.32322600793362
10,50,7.268442850182566
10,51,9.486615925744912
10,52,8.654012825839814
10,53,9.486145163892978
10,54,12.310515733726492
10,55,13.669750122605581
10,56,13.884269265517704
10,57,15.767170810653212
10,58,17.88231614713464
10,59,19.228095754685796
10,60,19.62388185326202
10,61,23.17260053710202
11,1,25.956314949331734
11,2,22.1245971015552
11,3,20.106991717145473
11,4,17.4016049667879
11,5,18.70902111418882
11,6,15.446612399459205
11,7,12.060470208528558
11,8,8.757979553587539
11,9,6.562609276921059
11,10,3.776935363477117
11,12,3.812583349180741
11,13,6.264243258343796
11,14,9.502808966490738
11,15,11.590749411550098
11,16,10.595106836346863
11,17,11.052968610774778
11,18,14.654233546137958
11,19,14.535916311353276
11,20,13.014709442885453
11,21,15.780458967485856
11,22,16.307581098304098
11,23,19.06965912068738
11,24,20.7841715679396
11,25,23.17473772531584
11,26,26.229989955324005
11,27,27.27281785318157
11,28,27.36784589302681
11,29,24.17894966723611
11,30,24.350420530594313
11,31,20.61534483677995
11,32,18.138455792769896
11,33,16.042173910849833
11,34,12.969748447969822
11,35,13.103368417439434
11,36,11.054093752185622
11,37,13.590376314684073
11,38,12.38713742981696
11,39,14.815168633603914
11,40,15.847900985079265
11,41,17.199828442133175
11,42,15.131985315846682
11,43,14.229268664828624
11,44,11.175894643827673
11,45,11.550808542751586
11,46,8.933449070363107
11,47,10.41148212950842
11,48,11.972380575365136
11,49,11.575167518208344
11,50,7.9248429383974255
11,51,8.80152032828786
11,52,6.5920765349785295
11,53,8.158225363461419
11,54,11.292259117260917
11,55,11.647384788955067
11,56,11.579635468268105
11,57,14.176070272467967
11,58,16.12630783074945
11,59,16.84360157523853
11,60,17.45274426985971
11,61,21.13813497275491
12,1,25.294828834983253
12,2,21.54366907512317
12,3,19.03125220052743
12,4,16.80369807630396
12,5,18.512600166640606
12,6,15.682602861662875
12,7,12.706795039168407
12,8,9.957304590503304
12,9,8.971890894755848
12,10,6.306031638035048
12,11,3.812583349180741
12,13,3.844393138112541
12,14,6.673325150480457
12,15,8.392412689382562
12,16,6.895073369725993
12,17,7.35573717940471
12,18,11.025017466489494
12,19,11.408211993535842
12,20,10.662840651343464
12,21,13.858265011412902
12,22,15.223469978003727
12,23,18.201627136353892
12,24,20.51424132834972
12,25,23.233238857109857
12,26,25.96846009147397
12,27,26.50291123033006
12,28,26.783160393977106
12,29,23.94866947640857
12,30,24.684683832191716
12,31,21.131084868434833
12,32,18.396806860348242
12,33,15.752443017875125
12,34,12.296693066604556
12,35,11.470416003521683
12,36,8.569388284296602
12,37,10.427084603700782
12,38,8.82123380789791
12,39,11.051831937165838
12,40,12.389010211495464
12,41,13.7989034376196
12,42,12.230729372237548
12,43,11.69176785508026
12,44,9.380552631895712
12,45,10.734546786939683
12,46,9.117376570329485
12,47,11.767742227113125
12,48,13.353865659234032
12,49,13.967227318270293
12,50,10.668494282959951
12,51,11.708748835962393
12,52,8.756170813756038
12,53,9.324542234380909
12,54,13.00338113167931
12,55,13.144736968674872
12,56,11.940744672073002
12,57,14.565269105927394
12,58,17.055311107018834
12,59,17.136270292041733
12,60,17.09357670519279
12,61,20.940712494365332
13,1,28.507932234553362
13,2,24.806793445921006
13,3,22.207202137509054
13,4,20.295105632990534
13,5,22.20198837844632
13,6,19.48541495830695
13,7,16.523627847089166
13,8,13.764476795186054
13,9,12.421043140221336
13,10,9.57818627377194
13,11,6.264243258343796
13,12,3.844393138112541
13,14,3.8495736412534023
13,15,5.47374080381805
13,16,5.836943871688904
13,17,7.011412892938507
13,18,10.763138078814888
13,19,11.848870877172404
13,20,11.898819379059386
13,21,15.548946072850379
13,22,17.153289245020666
13,23,20.506105346568333
13,24,22.84548552472169
13,25,25.87864588416415
13,26,28.63527833392577
13,27,29.095344347956804
13,28,29.726967329556654
13,29,27.03915898070365
13,30,27.79815833557701
13,31,24.253552952084696
13,32,21.230390353990483
13,33,18.720097323445497
13,34,15.046592334611967
13,35,14.177466511901848
13,36,10.893333933745971
13,37,12.045107735339139
13,38,9.921164395104135
13,39,10.922904793180965
13,40,12.89187835394283
13,41,14.89043845478373
13,42,14.24100755959277
13,43,14.251023609233663
13,44,12.627153215593124
13,45,14.240496234766734
13,46,12.674215925673778
13,47,15.224837141799735
13,48,16.264653375170493
13,49,16.829619310838584
13,50,13.314421907020215
13,51,13.366693079378765
13,52,9.884464373439743
13,53,11.120884885016054
13,54,14.526797702365755
13,55,13.624227454575523
13,56,12.270797336661559
13,57,15.494979527597613
13,58,17.57220215767888
13,59,16.880132581915127
13,60,17.12968896020987
13,61,20.965513201286534
14,1,28.712455535803556
14,2,25.159726015880093
14,3,22.493338830264726
14,4,21.192127071978987
14,5,23.604115748176138
14,6,21.34839313751747
14,7,18.497243043395226
14,8,16.290438054474635
14,9,15.10696971584738
14,10,12.802668645029065
14,11,9.502808966490738
14,12,6.673325150480457
14,13,3.8495736412534023
14,15,3.88759534876232
14,16,5.516830449360012
14,17,5.350844944166894
14,18,8.450822194189952
14,19,9.65431697219872
14,20,10.410339616030518
14,21,14.246889501433222
14,22,16.201914461452787
14,23,19.793301019564463
14,24,22.305912079173773
14,25,25.67280025878398
14,26,28.24793073777811
14,27,28.458244550022442
14,28,29.529067075258958
14,29,27.164770096072363
14,30,28.145587024767348
14,31,24.781189161697277
14,32,21.44269108100251
14,33,18.944805796477446
14,34,15.13342441744494
14,35,14.089880182104755
14,36,10.69137137484972
14,37,11.293368363991611
14,38,9.577969459394245
14,39,9.91963078448014
14,40,12.851897554093206
14,41,14.4826597084141
14,42,14.68783088493071
14,43,14.590744590090463
14,44,13.735182421413484
14,45,15.36108677203478
14,46,14.15698080366725
14,47,16.948332662843733
14,48,17.41607826081848
14,49,18.623825218639006
14,50,15.417197138137878
14,51,15.218089639224
14,52,11.427486901872014
14,53,11.963266172907563
14,54,15.247756961595865
14,55,13.944073374456703
14,56,11.735294409286677
14,57,14.875448288138122
14,58,17.059663585964262
14,59,15.635252266942933
14,60,15.432631077560167
14,61,19.189334216671984
15,1,30.520319230198545
15,2,27.067298228845253
15,3,24.043855535914755
15,4,22.790781186295668
15,5,24.95638210851909
15,6,22.75215101078895
15,7,20.309018685947905
15,8,18.014545292498813
15,9,17.35394418676155
15,10,14.533777942015197
15,11,11.590749411550098
15,12,8.392412689382562
15,13,5.47374080381805
15,14,3.88759534876232
15,16,3.852370450615576
15,17,5.835090533607919
15,18,8.493659420659469
15,19,11.053896927465692
15,20,12.800480260299578
15,21,16.594489371887065
15,22,19.072440436532453
15,23,22.49726330103311
15,24,25.32775572628999
15,25,28.638873624505692
15,26,30.976568729721613
15,27,30.844324209585633
15,28,31.743097416055093
15,29,29.557652360030097
15,30,30.861819818704664
15,31,27.598673451022055
15,32,24.414946137815807
15,33,21.573401659363675
15,34,17.82380746515633
15,35,16.100090913827355
15,36,12.35638443704818
15,37,11.864695867139067
15,38,9.138978167744005
15,39,8.118200731330907
15,40,10.767649509575461
15,41,13.176563120877427
15,42,13.986830468369561
15,43,14.903583385851045
15,44,14.679471116315932
15,45,17.08201359047208
15,46,16.48273904995853
15,47,19.58794039259419
15,48,20.572727281285438
15,49,21.731426113733225
15,50,18.443999680947446
15,51,18.52680450272729
15,52,14.846018518308638
15,53,15.515347687253731
15,54,18.946805983341875
15,55,17.74728795016123
15,56,15.616724291318757
15,57,18.68661878221693
15,58,20.9458197847895
15,59,19.43866219470916
15,60,19.106964969880245
15,61,22.81414754598676
16,1,27.44638174538125
16,2,24.042407365308527
16,3,20.843024027515913
16,4,19.543208328262722
16,5,21.5574018320182
16,6,19.492365718666285
16,7,17.409803828052915
16,8,15.391114839673289
16,9,15.447831086733727
16,10,12.764069433397013
16,11,10.595106836346863
16,12,6.895073369725993
16,13,5.836943871688904
16,14,5.516830449360012
16,15,3.852370450615576
16,17,3.826273454026004
16,18,6.812357798475837
16,19,9.451506848095718
16,20,11.168722653305958
16,21,14.718735969501198
16,22,17.43722014502365
16,23,20.52360599474044
16,24,23.58813870095754
16,25,26.673485188403745
16,26,28.81039167696724
16,27,28.48996881163564
16,28,29.06078961838778
16,29,26.92540061355522
16,30,28.466337725722312
16,31,25.319016874624076
16,32,22.397804599204665
16,33,19.226431484290558
16,34,15.649895384149401
16,35,13.414284599705798
16,36,9.58451994870206
16,37,8.75274748599267
16,38,5.564154856824508
16,39,5.232649180568124
16,40,7.487030630591079
16,41,9.751893555727232
16,42,10.179222827379238
16,43,11.253692551174696
16,44,11.221641840629786
16,45,14.025160785850515
16,46,14.022474034427614
16,47,17.445249510656915
16,48,18.944869565225684
16,49,20.33242072979618
16,50,17.31545067310836
16,51,18.19657712519829
16,52,14.787967900039888
16,53,14.8643244555112
16,54,18.603211181763427
16,55,18.196546645915422
16,56,15.9622792288267
16,57,18.566553150230696
16,58,21.330451229500497
16,59,20.35700304576118
16,60,19.59168636760024
16,61,23.38913946612381
17,1,24.908850139133502
17,2,21.570595428178276
17,3,18.50055481759998
17,4,17.659818784364095
17,5,20.21668777089432
17,6,18.558100349335067
17,7,16.404524248439472
17,8,15.013838604690621
17,9,15.072065030889627
17,10,13.20861729431696
17,11,11.052968610774778
17,12,7.35573717940471
17,13,7.011412892938507
17,14,5.350844944166894
17,15,5.835090533607919
17,16,3.826273454026004
17,18,3.820375187360171
17,19,5.696485834099972
17,20,7.535775741381855
17,21,11.132861986351093
17,22,13.995145563829743
17,23,17.170914889380136
17,24,20.30675049523936
17,25,23.559452212372715
17,26,25.60412355776121
17,27,25.219084746174662
17,28,26.095738217193997
17,29,24.11403406079848
17,30,25.72608390262601
17,31,22.710808841213435
17,32,19.584234111807373
17,33,16.475702322583565
17,34,12.85106356339862
17,35,10.638901592726933
17,36,6.899245530622604
17,37,6.228466844473404
17,38,4.625124021380428
17,39,5.532635669903364
17,40,8.731789927073152
17,41,9.471344778625078
17,42,9.968110263274717
17,43,9.89596606700235
17,44,10.089789489591357
17,45,12.355908556546861
17,46,12.471561898476805
17,47,15.975310416031073
17,48,16.95995470008472
17,49,18.948908431305277
17,50,16.353733127041387
17,51,17.300401941522725
17,52,13.857913431229514
17,53,13.07196484008181
17,54,16.74082514861118
17,55,16.52401479541265
17,56,13.728810714222089
17,57,15.870617581507585
17,58,18.92728752334764
17,59,17.886658328614157
17,60,16.58597384129249
17,61,20.300242791527
18,1,24.240172952984267
18,2,21.252352918518937
18,3,18.0619030162957
18,4,18.01493994691354
18,5,20.886281955708604
18,6,19.89700871629677
18,7,18.211868859408558
18,8,17.50583924612166
18,9,17.979350846970267
18,10,16.53994292551094
18,11,14.654233546137958
18,12,11.025017466489494
18,13,10.763138078814888
18,14,8.450822194189952
18,15,8.493659420659469
18,16,6.812357798475837
18,17,3.820375187360171
18,19,3.847434753400852
18,20,7.325758027021603
18,21,10.280473589866446
18,22,13.729703095358635
18,23,16.653096221638975
18,24,20.087978047524167
18,25,23.424451081314096
18,26,24.999729681255854
18,27,24.109284146219377
18,28,25.24101727591489
18,29,23.779191419094225
18,30,25.813620709979723
18,31,23.195473064193436
18,32,20.063369041928386
18,33,16.873701356208024
18,34,13.550876620697991
18,35,10.88293821714023
18,36,7.666451242827635
18,37,5.539980022060541
18,38,5.327496312104103
18,39,5.275557201772864
18,40,8.874250814484968
18,41,8.460750501732976
18,42,10.059320188684692
18,43,9.93408237619083
18,44,11.345807154319381
18,45,13.585144617847366
18,46,14.441122755047395
18,47,18.04072528841035
18,48,18.790770591793546
18,49,21.313690304001298
18,50,19.16142155644549
18,51,20.237901228484187
18,52,16.87296773385759
18,53,15.48888788124151
18,54,18.965362721889118
18,55,18.868091219479606
18,56,15.614447745787581
18,57,17.173774785818896
18,58,20.438565976044803
18,59,19.13273188875049
18,60,17.155346839395445
18,61,20.568606092679843
19,1,21.52031651002048
19,2,18.53473285369335
19,3,15.702543627402914
19,4,15.941888831857877
19,5,19.215259976786136
19,6,18.492456543236624
19,7,16.671050716018033
19,8,16.49501599332897
19,9,16.85221008095228
19,10,16.212018066523488
19,11,14.535916311353276
19,12,11.408211993535842
19,13,11.848870877172404
19,14,9.65431697219872
19,15,11.053896927465692
19,16,9.451506848095718
19,17,5.696485834099972
19,18,3.847434753400852
19,20,3.864729354910161
19,21,6.567923612551551
19,22,10.00316755840032
19,23,12.987851243481032
19,24,16.369654993356367
19,25,19.8005172905767
19,26,21.407114962054745
19,27,20.65741745650104
19,28,22.038219634309034
19,29,20.566282064128647
19,30,22.490299978251542
19,31,19.954059548874813
19,32,16.686279155729355
19,33,13.71320691409141
19,34,10.499156890005754
19,35,8.247299610461361
19,36,5.9313295752392925
19,37,5.164938722789838
19,38,7.133552131366743
19,39,8.646839102103874
19,40,11.772933281762914
19,41,10.504861361645231
19,42,11.2182703737113
19,43,9.689977681912106
19,44,10.663225228729187
19,45,11.885497264605801
19,46,12.610146459937491
19,47,15.946237062267876
19,48,16.16225123864005
19,49,19.0949896229894
19,50,17.453390074114793
19,51,18.60991169549287
19,52,15.52616647180728
19,53,13.410002279470605
19,54,16.590022444145998
19,55,16.858082867381942
19,56,13.375790923617823
19,57,14.249296082406529
19,58,17.734276193165005
19,59,16.6763642504013
19,60,14.252213277194269
19,61,17.52506459652456
20,1,19.367100629520888
20,2,16.144983146462177
20,3,13.804499109921142
20,4,13.751328910629002
20,5,17.174569504849224
20,6,16.333819865105884
20,7,14.144428808504184
20,8,14.217799699479505
20,9,14.290895301448787
20,10,14.391106858423228
20,11,13.014709442885453
20,12,10.662840651343464
20,13,11.898819379059386
20,14,10.410339616030518
20,15,12.800480260299578
20,16,11.168722653305958
20,17,7.535775741381855
20,18,7.325758027021603
20,19,3.864729354910161
20,21,3.846778997959542
20,22,6.571801913959129
20,23,9.87866712743056
20,24,12.997938273762792
20,25,16.447342003859287
20,26,18.446491916329748
20,27,18.231693514762465
20,28,19.594924684606436
20,29,17.70970755746254
20,30,19.225583219618713
20,31,16.47395267158306
20,32,13.059700043070784
20,33,10.319879017188828
20,34,6.94369710300376
20,35,5.698678761483722
20,36,4.589725206743818
20,37,6.353257243836649
20,38,8.895732360872966
20,39,11.46626816383257
20,40,14.137308910725883
20,41,12.807383344242263
20,42,12.390419196793552
20,43,9.852298430933622
20,44,9.644860095899801
20,45,9.647040546095331
20,46,9.767716436365157
20,47,12.700560054236037
20,48,12.489231762945527
20,49,15.610540137924522
20,50,14.361081956478833
20,51,15.647268022830561
20,52,12.973422526412662
20,53,10.261795542079623
20,54,13.222905498322454
20,55,14.011568119119493
20,56,10.635174704742713
20,57,10.954754257504694
20,58,14.655251357214627
20,59,14.221562408061967
20,60,11.774894144748892
20,61,15.102422044294178
21,1,16.219075441863936
21,2,13.281507141652078
21,3,11.359235528745627
21,4,12.108088418996616
21,5,15.850855409391489
21,6,15.780041440721382
21,7,14.08571369422538
21,8,15.139744472656194
21,9,15.623448996395242
21,10,16.524726566620213
21,11,15.780458967485856
21,12,13.858265011412902
21,13,15.548946072850379
21,14,14.246889501433222
21,15,16.594489371887065
21,16,14.718735969501198
21,17,11.132861986351093
21,18,10.280473589866446
21,19,6.567923612551551
21,20,3.846778997959542
21,22,3.825630650387511
21,23,6.42241944406938
21,24,9.884680472109702
21,25,13.269827829348243
21,26,14.887822591105353
21,27,14.454569633678709
21,28,16.015145411362408
21,29,14.428222807513757
21,30,16.194690277346606
21,31,13.90153192359038
21,32,10.62511909962084
21,33,8.030525990661186
21,34,5.7730703455821875
21,35,5.0393119716812915
21,36,6.465256663713534
21,37,8.113586411332744
21,38,11.51368833276065
21,39,14.270670148943248
21,40,16.535726517160754
21,41,14.431979541197379
21,42,13.775356734695574
21,43,10.576198222709287
21,44,10.622968789628796
21,45,9.669368003491504
21,46,10.379972661460515
21,47,12.78873158606883
21,48,12.21221903185967
21,49,15.851418559558862
21,50,15.534989212071196
21,51,17.1824445749123
21,52,15.16259744704474
21,53,11.82583768670704
21,54,14.135148374982267
21,55,15.598565098860982
21,56,12.353801768008973
21,57,11.42938012569639
21,58,15.249196807767595
21,59,15.298387693188731
21,60,12.293373709815782
21,61,14.982269666827973
22,1,15.411654601887722
22,2,12.462190365477793
22,3,11.612096056434178
22,4,12.15006638285208
22,5,15.836453366167461
22,6,15.751736525285951
22,7,13.780541822609665
22,8,15.118078660826471
22,9,15.151537869115522
22,10,16.814606871996048
22,11,16.307581098304098
22,12,15.223469978003727
22,13,17.153289245020666
22,14,16.201914461452787
22,15,19.072440436532453
22,16,17.43722014502365
22,17,13.995145563829743
22,18,13.729703095358635
22,19,10.00316755840032
22,20,6.571801913959129
22,21,3.825630650387511
22,23,3.818559374620507
22,24,6.4590996538570336
22,25,10.068738104757808
22,26,12.263162757050136
22,27,12.691638691801632
22,28,14.455387761337319
22,29,12.455397206803136
22,30,13.500961442242657
22,31,11.075995821211574
22,32,7.489867608094991
22,33,6.026695032455322
22,34,4.74822173106148
22,35,6.550604806082429
22,36,8.954089331209625
22,37,11.476778697658386
22,38,14.68202975391637
22,39,17.68478528688272
22,40,19.860548502077194
22,41,17.902663925497336
22,42,16.76278666515355
22,43,13.269886805832222
22,44,12.451622235220484
22,45,10.358347757294489
22,46,10.206138811853943
22,47,11.496312802940396
22,48,9.94483557628889
22,49,13.754144826556459
22,50,14.177948544358987
22,51,15.707422500190185
22,52,14.381582582334124
22,53,10.661332127751598
22,54,12.050979539394078
22,55,14.008647932449112
22,56,11.182013116321622
22,57,9.19724460636472
22,58,12.897705487475685
22,59,13.649533914991823
22,60,10.687879638030575
22,61,12.928012647353814
23,1,12.151280753414593
23,2,9.635912247467312
23,3,9.689359822846024
23,4,10.943640380845437
23,5,14.572603188762438
23,6,15.29462652447415
23,7,14.042966945938527
23,8,16.228778623303356
23,9,16.782767993617192
23,10,18.958629197196522
23,11,19.06965912068738
23,12,18.201627136353892
23,13,20.506105346568333
23,14,19.793301019564463
23,15,22.49726330103311
23,16,20.52360599474044
23,17,17.170914889380136
23,18,16.653096221638975
23,19,12.987851243481032
23,20,9.87866712743056
23,21,6.42241944406938
23,22,3.818559374620507
23,24,3.849501293390359
23,25,6.914595429021194
23,26,8.588151186618159
23,27,8.94066839705115
23,28,10.704386283955658
23,29,8.906188766924588
23,30,10.24658278488155
23,31,8.560509512586624
23,32,5.6931032991271
23,33,4.957878878397751
23,34,6.264039402354407
23,35,8.038910970928749
23,36,11.359189668386511
23,37,13.609958327938335
23,38,17.10555864427811
23,39,20.257985955136228
23,40,22.008212764567805
23,41,19.59342196717652
23,42,18.187766894140196
23,43,14.443665803784386
23,44,13.797369991608925
23,45,11.196375155955122
23,46,11.668807025663376
23,47,12.362568829363703
23,48,10.910500204122126
23,49,14.783356506601368
23,50,16.046605928803782
23,51,18.00266840032244
23,52,17.283616454128325
23,53,13.465606589356513
23,54,14.388066804543609
23,55,16.886472947945347
23,56,14.482890672271767
23,57,11.971081087817552
23,58,15.370925203166854
23,59,16.616057405875424
23,60,13.641666669770009
23,61,15.195429975130864
24,1,12.910496160818154
24,2,10.830865700514435
24,3,12.065131267401751
24,4,13.003141256326622
24,5,16.207272215335077
24,6,16.888608534599307
24,7,15.501929472817393
24,8,17.761305377756337
24,9,17.877593112247624
24,10,20.54675220244579
24,11,20.7841715679396
24,12,20.51424132834972
24,13,22.84548552472169
24,14,22.305912079173773
24,15,25.32775572628999
24,16,23.58813870095754
24,17,20.30675049523936
24,18,20.087978047524167
24,19,16.369654993356367
24,20,12.997938273762792
24,21,9.884680472109702
24,22,6.4590996538570336
24,23,3.849501293390359
24,25,3.8622874417855577
24,26,6.5577607468765935
24,27,8.46127381791101
24,28,10.433026050273734
24,29,8.365142262159269
24,30,8.327779931054847
24,31,6.942424898339612
24,32,4.477813149225216
24,33,6.442864764883618
24,34,8.583035730110915
24,35,11.291289132016887
24,36,14.605343796557344
24,37,17.215122065778544
24,38,20.55515302144867
24,39,23.786380143368376
24,40,25.568803692781568
24,41,23.301688438984062
24,42,21.695669812578732
24,43,17.901857909153463
24,44,16.782536915488027
24,45,13.706008095936912
24,46,13.480643694942517
24,47,13.09256956598738
24,48,10.805539605356762
24,49,14.376772936182988
24,50,16.366215405374408
24,51,18.04465700735687
24,52,18.011560827591325
24,53,14.22166591820861
24,54,14.110605512476901
24,55,16.85188837795609
24,56,15.044138716877706
24,57,11.838978211793124
24,58,14.587514136361651
24,59,16.415792309965635
24,60,13.743861744169545
24,61,14.532414071572923
25,1,11.306214043887351
25,2,9.95041472505204
25,3,12.33296543262617
25,4,13.293215236798378
25,5,15.900798459015089
25,6,17.039793674593987
25,7,16.20813937242317
25,8,18.94790180173546
25,9,19.339270527544333
25,10,22.409247984341082
25,11,23.17473772531584
25,12,23.233238857109857
25,13,25.87864588416415
25,14,25.67280025878398
25,15,28.638873624505692
25,16,26.673485188403745
25,17,23.559452212372715
25,18,23.424451081314096
25,19,19.8005172905767
25,20,16.447342003859287
25,21,13.269827829348243
25,22,10.068738104757808
25,23,6.914595429021194
25,24,3.8622874417855577
25,26,3.8237140346974425
25,27,7.076200067874125
25,28,8.299930211996863
25,29,6.094038072685031
25,30,4.978216191550473
25,31,5.057559726314531
25,32,5.13216518169656
25,33,8.011375876315052
25,34,11.164484312254338
25,35,13.814287674204518
25,36,17.420883464191157
25,37,20.026829114633184
25,38,23.370049029359347
25,39,26.766454949568725
25,40,28.190749194232897
25,41,25.78116588550792
25,42,23.845195015054294
25,43,19.98569554682214
25,44,18.739264073799404
25,45,15.354947603825595
25,46,15.3042209160928
25,47,14.257130372273553
25,48,12.21265028320432
25,49,15.340478955080206
25,50,17.998392794243408
25,51,19.963278381271696
25,52,20.52661763821266
25,53,16.849021277927797
25,54,16.39213882256768
25,55,19.51215738058805
25,56,18.208443560019788
25,57,14.919434179692104
25,58,17.286175107476843
25,59,19.56760330896271
25,60,17.196768154145325
25,61,17.66546479977795
26,1,9.619919761070896
26,2,9.58022268852849
26,3,12.365507762233566
26,4,14.221069729281515
26,5,16.69299839689839
26,6,18.586151193491283
26,7,18.445879182300146
26,8,21.53054897573348
26,9,22.3920065364331
26,10,25.35988535616684
26,11,26.229989955324005
26,12,25.96846009147397
26,13,28.63527833392577
26,14,28.24793073777811
26,15,30.976568729721613
26,16,28.81039167696724
26,17,25.60412355776121
26,18,24.999729681255854
26,19,21.407114962054745
26,20,18.446491916329748
26,21,14.887822591105353
26,22,12.263162757050136
26,23,8.588151186618159
26,24,6.5577607468765935
26,25,3.8237140346974425
26,27,3.8660926343661663
26,28,5.456314385490794
26,29,5.131966331634675
26,30,5.406717969907844
26,31,7.52125725612409
26,32,8.416361999612324
26,33,10.387805022348452
26,34,13.68366181337217
26,35,15.622757713749513
26,36,19.34607663983798
26,37,21.43316977820581
26,38,24.99765392192062
26,39,28.267470745651757
26,40,29.52744267439652
26,41,26.733045613184306
26,42,24.97244211866161
26,43,21.158678213880954
26,44,20.479586660350602
26,45,17.33798969621581
26,46,17.98218528646755
26,47,17.297753680142335
26,48,15.700303027693984
26,49,18.888283776975378
26,50,21.49393581117066
26,51,23.63214546420542
26,52,24.02260186233008
26,53,20.281168070550297
26,54,20.087416256979132
26,55,23.12631842550788
26,56,21.552239808743217
26,57,18.305417677658063
26,58,20.783350651903504
26,59,22.787966012312
26,60,20.088419959610913
26,61,20.360743373433394
27,1,8.166597945029
27,2,8.922402332044955
27,3,11.218994322354815
27,4,13.977793192556637
27,5,16.606601783800503
27,6,19.000133821899613
27,7,19.3249168986229
27,8,22.528106634364654
27,9,23.836035303048416
27,10,26.46569882286533
27,11,27.27281785318157
27,12,26.50291123033006
27,13,29.095344347956804
27,14,28.458244550022442
27,15,30.844324209585633
27,16,28.48996881163564
27,17,25.219084746174662
27,18,24.109284146219377
27,19,20.65741745650104
27,20,18.231693514762465
27,21,14.454569633678709
27,22,12.691638691801632
27,23,8.94066839705115
27,24,8.46127381791101
27,25,7.076200067874125
27,26,3.8660926343661663
27,28,3.8528852858450677
27,29,5.793957680832275
27,30,8.10096857599994
27,31,10.114484864662378
27,32,10.625784363260976
27,33,11.368296380556604
27,34,14.37329206568986
27,35,15.41058039259092
27,36,19.049621375135718
27,37,20.49369076681456
27,38,24.213851440313668
27,39,27.254593637683467
27,40,28.391939162800252
27,41,25.264185841126917
27,42,23.823385959170178
27,43,20.16110213790586
27,44,20.18204708052372
27,45,17.52162988960972
27,46,18.888296584579177
27,47,18.916045023692224
27,48,17.81934662861172
27,49,21.275349036912935
27,50,23.489271449416034
27,51,25.805217290219268
27,52,25.73035672781071
27,53,21.926128641444517
27,54,22.30388343742203
27,55,25.166171939192772
27,56,23.125402524858632
27,57,20.149262740344437
27,58,23.002722009469032
27,59,24.55560210506486
27,60,21.48345032154966
27,61,21.960752878042314
28,1,4.841546568022086
28,2,6.638410230871342
28,3,9.709457020103477
28,4,12.300587315199438
28,5,14.228132976636644
28,6,17.04591385039552
28,7,18.012431916087454
28,8,21.539892731965008
28,9,23.28338416931848
28,10,26.048526427416693
28,11,27.36784589302681
28,12,26.783160393977106
28,13,29.726967329556654
28,14,29.529067075258958
28,15,31.743097416055093
28,16,29.06078961838778
28,17,26.095738217193997
28,18,25.24101727591489
28,19,22.038219634309034
28,20,19.594924684606436
28,21,16.015145411362408
28,22,14.455387761337319
28,23,10.704386283955658
28,24,10.433026050273734
28,25,8.299930211996863
28,26,5.456314385490794
28,27,3.8528852858450677
28,29,3.8502833903152673
28,30,6.854226057541813
28,31,9.430469904345259
28,32,11.064486087306104
28,33,11.527784970145781
28,34,14.93946910982752
28,35,15.766823324287259
28,36,19.52234654523835
28,37,20.979088774681784
28,38,24.53364776938727
28,39,27.75958106993456
28,40,28.398992249789522
28,41,25.25667094391177
28,42,23.387207654570947
