1,2,3.867039289673551
1,3,6.500381363128355
1,4,10.060716845495646
1,5,11.643764410747334
1,6,13.929810179561674
1,7,16.40371084424226
1,8,19.365877872712808
1,9,22.1810497917201
1,10,23.871299008361106
1,11,26.90947278091617
1,12,27.534668207550233
1,13,30.85872307853577
1,14,32.17542429492609
1,15,34.97570702491529
1,16,35.94770487164745
1,17,35.7957291047038
1,18,38.3279993105148
1,19,37.204467072710216
1,20,39.67910171526826
1,21,38.259910596177896
1,22,34.66301134692469
1,23,33.376477960335265
1,24,29.712789687190202
1,25,27.504598777805345
1,26,23.73924331587809
1,27,21.60552695451444
1,28,18.003447343947265
1,29,16.017832492904347
1,30,14.390467025917154
1,31,10.755769591404558
1,32,8.764521469320618
1,33,10.02085049335637
1,34,13.270048183864267
1,35,13.902979625091927
1,36,17.239889747591626
1,37,18.727925776904083
1,38,20.384702654895243
1,39,23.592934150906306
1,40,24.750400157908587
1,41,28.440639638752142
1,42,30.15541528107834
1,43,33.81921404192604
1,44,36.72040908709864
1,45,37.955434025430414
1,46,34.74536502886018
1,47,33.3413077318887
1,48,29.706650331165463
1,49,29.274208391056106
1,50,26.58200714501202
1,51,27.501598521456057
1,52,25.733478403485528
1,53,25.04254375751182
1,54,27.756816858052407
1,55,30.449270551170223
1,56,33.867469775881595
1,57,34.03805318303465
1,58,30.45150296255422
1,59,30.12700834996471
1,60,32.62968296484981
1,61,30.815765785194767
1,62,27.65011174044248
1,63,29.955045039675003
1,64,30.053891182966602
2,1,3.867039289673551
2,3,3.8611430093666788
2,4,6.7270876817877
2,5,9.152063660767585
2,6,11.628846800600915
2,7,14.705836612846776
2,8,17.47535231926788
2,9,20.60475262571793
2,10,21.979302719969443
2,11,25.305656682169356
2,12,26.418416504753008
2,13,29.9433975215583
2,14,31.676602282067147
2,15,34.27947678162135
2,16,35.48561619516385
2,17,35.14184516778707
2,18,37.82086818464201
2,19,36.815582432454455
2,20,39.04058175461965
2,21,37.311216929645006
2,22,33.79443301236126
2,23,32.39711020232813
2,24,28.895183079290828
2,25,26.989057525745878
2,26,23.257889643923445
2,27,21.577025610953935
2,28,17.8311232316466
2,29,16.59601697168201
2,30,15.134010315721161
2,31,11.495195077139021
2,32,8.833392702865645
2,33,8.869573633712971
2,34,12.528413035550006
2,35,14.073614716502973
2,36,17.38035394224708
2,37,18.931941755235684
2,38,19.94866400691865
2,39,23.144445032002228
2,40,23.774292183225885
2,41,27.45904811215816
2,42,28.84623309570758
2,43,32.50109483681572
2,44,35.30909419428632
2,45,36.26017156774222
2,46,32.875278913236784
2,47,31.500162283306825
2,48,28.011823887390705
2,49,27.878772593775878
2,50,25.498158083491358
2,51,26.920520474511385
2,52,25.508991318388755
2,53,25.37334109447868
2,54,28.44144869956436
2,55,30.746346097143558
2,56,34.30055179708739
2,57,34.29798748074863
2,58,30.769788132783084
2,59,30.893799405530064
2,60,33.5205210860316
2,61,31.49246200648054
2,62,28.634249400985617
2,63,31.27460619150285
2,64,31.20121348357432
3,1,6.500381363128355
3,2,3.8611430093666788
3,4,3.822043070617306
3,5,5.338627428172314
3,6,8.022370377040552
3,7,11.122146598235977
3,8,13.68533586158751
3,9,16.920496506991572
3,10,18.459706499086174
3,11,21.756969549365422
3,12,22.898917626382982
3,13,26.423200569246845
3,14,28.262068826911126
3,15,30.713273607604364
3,16,31.94257838704849
3,17,31.493467913942958
3,18,34.21594981219941
3,19,33.28587424148924
3,20,35.43467083165179
3,21,33.59104430523041
3,22,30.12406518649753
3,23,28.78449042902785
3,24,25.337294056848265
3,25,23.48388835221991
3,26,19.810716983738526
3,27,18.327924731956916
3,28,14.55255137980725
3,29,13.851471541410605
3,30,12.681883536497338
3,31,9.378007529441142
3,32,6.275830190129055
3,33,5.648589118956811
3,34,9.456950944430664
3,35,11.765754373053756
3,36,14.67995686420003
3,37,15.966422371619226
3,38,16.530526190577806
3,39,19.64222458974601
3,40,20.057250314174887
3,41,23.731136364335146
3,42,25.071658398372552
3,43,28.70340053038154
3,44,31.53611537548344
3,45,32.42532820642845
3,46,29.055364224223844
3,47,27.640750434848044
3,48,24.153696063900927
3,49,24.071644352843737
3,50,21.799117405160754
3,51,23.407431219205055
3,52,22.26157779254792
3,53,22.391321329018396
3,54,25.68614927139641
3,55,27.712844985002977
3,56,31.288129109973493
3,57,31.10931189056591
3,58,27.619940127410533
3,59,28.056310292912897
3,60,30.719150653925766
3,61,28.555947849362145
3,62,25.94867951149464
3,63,28.83762645097743
3,64,28.68888821350528
4,1,10.060716845495646
4,2,6.7270876817877
4,3,3.822043070617306
4,5,3.862274651223566
4,6,6.868562751292367
4,7,10.51989269590559
4,8,12.35203005856232
4,9,15.941854558550165
4,10,17.182408042155245
4,11,20.691809907211862
4,12,22.33186357976874
4,13,25.94792816792499
4,14,28.174167226555603
4,15,30.283645383458342
4,16,31.661293966315238
4,17,30.920516195174127
4,18,33.697166538532784
4,19,32.83376856008931
4,20,34.64266645318113
4,21,32.51816197590933
4,22,29.16721704222511
4,23,27.654375768040687
4,24,24.472406501066974
4,25,23.079555654925098
4,26,19.577688459235798
4,27,18.768109966559233
4,28,15.131654683424129
4,29,15.386270236068517
4,30,14.696576466147706
4,31,11.917592919260672
4,32,8.733869349908845
4,33,7.130708955963717
4,34,10.529638489284748
4,35,13.639491893234396
4,36,16.08783098638432
4,37,17.13715879059668
4,38,16.854011461926905
4,39,19.670412997493056
4,40,19.37083237000122
4,41,22.87495339395512
4,42,23.724813552928154
4,43,27.30127670343503
4,44,29.9314420430555
4,45,30.544882754336562
4,46,26.99502821258356
4,47,25.726526976428282
4,48,22.482206662850036
4,49,22.865458514663622
4,50,21.10039631281664
4,51,23.271430448855156
4,52,22.66854765976792
4,53,23.343112655356965
4,54,26.90713759765146
4,55,28.46984536787679
4,56,32.06235067735846
4,57,31.61073870217957
4,58,28.227927046486347
4,59,29.1587783550998
4,60,31.807290772698202
4,61,29.405347196585303
4,62,27.19406492255089
4,63,30.3019662183147
4,64,29.899927640548682
5,1,11.643764410747334
5,2,9.152063660767585
5,3,5.338627428172314
5,4,3.862274651223566
5,6,3.8329727483826366
5,7,7.028748393323962
5,8,8.742521280101178
5,9,12.310656385318659
5,10,13.9685646578313
5,11,17.276713668217457
5,12,18.67493880283798
5,13,22.21705869096744
5,14,24.370329571045875
5,15,26.460127832880346
5,16,27.804246305528732
5,17,27.113641544606974
5,18,29.93459197118637
5,19,29.175747492624897
5,20,31.08526891628937
5,21,28.953305086772232
5,22,25.6294188345473
5,23,24.35000482785416
5,24,21.115967509498393
5,25,19.526611321224962
5,26,16.087071036432047
5,27,15.231543246729967
5,28,11.623549268887894
5,29,12.275718357219473
5,30,11.812665795550684
5,31,9.713007847190433
5,32,6.908701790104175
5,33,4.822804882400441
5,34,7.500927293391311
5,35,11.06545415921001
5,36,12.905788446467286
5,37,13.640121488277195
5,38,13.058644883034022
5,39,15.848667992164154
5,40,15.600643208045424
5,41,19.175950272543815
5,42,20.26235983683645
5,43,23.818429266714045
5,44,26.631403894907645
5,45,27.294244228260993
5,46,23.883269154570577
5,47,22.421541676574652
5,48,19.02293103548015
5,49,19.180790316679914
5,50,17.288809958974383
5,51,19.419171077279444
5,52,18.9113796438671
5,53,19.68994733627771
5,54,23.33944831139901
5,55,24.74157455667684
5,56,28.31657507145262
5,57,27.8108894262894
5,58,24.477546542607563
5,59,25.541460829558364
5,60,28.23170727464357
5,61,25.84426874296594
5,62,23.79819560444149
5,63,27.066442866830194
5,64,26.753925744981917
6,1,13.929810179561674
6,2,11.628846800600915
6,3,8.022370377040552
6,4,6.868562751292367
6,5,3.8329727483826366
6,7,3.7999234342264816
6,8,6.248527476652121
6,9,9.39109725900411
6,10,10.51521881031269
6,11,13.964039534027824
6,12,15.617917897064697
6,13,19.329061215503994
6,14,21.73728733099309
6,15,23.966189456755604
6,16,25.712641218420185
6,17,25.352551266728902
6,18,28.479693617536043
6,19,28.19639170809172
6,20,30.196866626438982
6,21,27.814953413900014
6,22,24.757242449161314
6,23,23.99388634809371
6,24,20.90202875454848
6,25,19.081064989766496
6,26,15.97251540700704
6,27,14.966025610813826
6,28,11.51132845228398
6,29,12.358119934488814
6,30,11.325437709161319
6,31,9.752431367418188
6,32,8.34574605992921
6,33,4.972382861369428
6,34,5.7274142585392465
6,35,9.4091206361051
6,36,10.923034589880722
6,37,12.187756172134275
6,38,11.414145694734371
6,39,14.465969424855412
6,40,14.314244156140306
6,41,17.94523741783892
6,42,19.339418857116648
6,43,22.633498379164806
6,44,25.72238770790738
6,45,26.008664169566416
6,46,22.77433627432271
6,47,20.776049269204798
6,48,17.37984945484292
6,49,17.052299019043918
6,50,14.985585815352609
6,51,17.17274914357356
6,52,16.532991273949122
6,53,17.841998096958783
6,54,21.512330680752886
6,55,22.62167577421179
6,56,26.324044505904443
6,57,26.09782457748278
6,58,23.05696477421694
6,59,24.186508875014734
6,60,27.193285945240135
6,61,25.10618111181281
6,62,23.28827709832281
6,63,26.805261247698393
6,64,26.887583990213447
7,1,16.40371084424226
7,2,14.705836612846776
7,3,11.122146598235977
7,4,10.51989269590559
7,5,7.028748393323962
7,6,3.7999234342264816
7,8,3.822516242123572
7,9,5.990584084872987
7,10,7.605135895442462
7,11,10.655397595733023
7,12,11.935757554103247
7,13,15.620147358275853
7,14,17.96999017287968
7,15,20.30964463116573
7,16,22.147828013948047
7,17,22.03822068283347
7,18,25.29732713163989
7,19,25.29092093593186
7,20,27.467559403848508
7,21,25.07284634071694
7,22,22.167382784819658
7,23,21.888516990369858
7,24,18.839557165858164
7,25,16.687405271529755
7,26,13.910770201468921
7,27,12.709485860974091
7,28,9.653578182903548
7,29,10.82114388754272
7,30,9.825740043418856
7,31,9.494441520309966
7,32,9.351480912659552
7,33,6.450601544813707
7,34,4.643041495564003
7,35,8.00003531362359
7,36,8.28138917666596
7,37,9.356107184232178
7,38,8.223023861466695
7,39,11.355623843839695
7,40,11.508189738490008
7,41,15.165043312966304
7,42,17.032673904271686
7,43,20.11833969851675
7,44,23.47724452951764
7,45,23.73364276310308
7,46,20.81972755633557
7,47,18.437869518472166
7,48,14.912923226624892
7,49,13.967979133488027
7,50,11.533049255791184
7,51,13.537478213342856
7,52,12.8368044957036
7,53,14.440942598720595
7,54,18.139524438676773
7,55,19.004179503792205
7,56,22.725061672309238
7,57,22.59856938509675
7,58,19.737551067961206
7,59,20.94712705898425
7,60,24.093521778843815
7,61,22.205132895072083
7,62,20.62366293341239
7,63,24.29584506543787
7,64,24.64580344056856
8,1,19.365877872712808
8,2,17.47535231926788
8,3,13.68533586158751
8,4,12.35203005856232
8,5,8.742521280101178
8,6,6.248527476652121
8,7,3.822516242123572
8,9,3.8520318344481614
8,10,6.216631346259743
8,11,8.934098514578208
8,12,10.435320475470892
8,13,13.933911305681463
8,14,16.54326056161008
8,15,18.263075318745653
8,16,20.026615661749034
8,17,19.447720909292872
8,18,22.665279645289726
8,19,22.658942265520533
8,20,24.49831624806753
8,21,21.884804333309937
8,22,19.075532879423335
8,23,18.71354938287445
8,24,15.959642986515151
8,25,14.28664706325014
8,26,11.940323353114287
8,27,11.733376259192845
8,28,9.444137596230288
8,29,11.845713233392795
8,30,11.967232504602348
8,31,12.394083584347424
8,32,11.897374251069513
8,33,9.596593249654502
8,34,8.033730567597946
8,35,11.258856018919863
8,36,10.52683862166936
8,37,10.399182174147906
8,38,7.83508612704365
8,39,9.849614107425051
8,40,8.856967607106785
8,41,12.21801258795943
8,42,13.6319676862971
8,43,16.671185113728132
8,44,19.913578712421405
8,45,20.04596212044208
8,46,17.04349092401064
8,47,14.745483814816486
8,48,11.277768444490967
8,49,10.826922113269227
8,50,9.115182363827568
8,51,11.918528905164159
8,52,12.331758547674475
8,53,14.434759152288724
8,54,18.28387393842882
8,55,18.49182898369549
8,56,21.99843667268951
8,57,21.337085764982735
8,58,18.62255564318275
8,59,20.495903596848088
8,60,23.385471231465804
8,61,21.17415853976277
8,62,20.1829922625636
8,63,23.955272827558193
8,64,23.939038959248858
9,1,22.1810497917201
9,2,20.60475262571793
9,3,16.920496506991572
9,4,15.941854558550165
9,5,12.310656385318659
9,6,9.39109725900411
9,7,5.990584084872987
9,8,3.8520318344481614
9,10,3.8457526228961476
9,11,5.382710164920391
9,12,6.599036874965737
9,13,10.190158968152657
9,14,12.993525051228735
9,15,14.828305860294122
9,16,16.955744416412074
9,17,16.822036129481976
9,18,20.314053691923025
9,19,20.858223182083044
9,20,22.860358279212
9,21,20.13980893330852
9,22,17.725480281585046
9,23,18.13427251607267
9,24,15.666156445246072
9,25,13.696472809466602
9,26,12.127996847724125
9,27,11.765535572762076
9,28,10.356418760453414
9,29,12.705442447178635
9,30,12.665425405957333
9,31,13.910412404499098
9,32,14.366890497358822
9,33,12.17292232145883
9,34,9.55254627687846
9,35,11.786606625618775
9,36,10.0171362772212
9,37,9.77714724584354
9,38,6.925497675749284
9,39,8.481461176924247
9,40,7.8350816771203515
9,41,10.817253824000193
9,42,12.813782869420622
9,43,15.279315809805896
9,44,18.82850951410164
9,45,18.70161123282175
9,46,16.24068341288389
9,47,13.313683551537213
9,48,9.92806568664036
9,49,8.335907829366434
9,50,6.156801750791636
9,51,8.899968267084292
9,52,9.436383208834963
9,53,12.243410019649072
9,54,15.928989898175615
9,55,15.601063895670729
9,56,19.092535894834363
9,57,18.65621138857962
9,58,16.39510376785326
9,59,18.384632916316644
9,60,21.46296494171097
9,61,19.6461656648538
9,62,19.058933311457395
9,63,22.93208344839014
9,64,23.313966151366493
10,1,23.871299008361106
10,2,21.979302719969443
10,3,18.459706499086174
10,4,17.182408042155245
10,5,13.9685646578313
10,6,10.51521881031269
10,7,7.605135895442462
10,8,6.216631346259743
10,9,3.8457526228961476
10,11,3.8341129048901323
10,12,6.958587573474655
10,13,10.665875133279103
10,14,14.065414992130108
10,15,15.821554037348525
10,16,18.575507207821804
10,17,18.73697724627571
10,18,22.4241921278215
10,19,23.451161227372122
10,20,25.240489969789653
10,21,22.21094802389821
10,22,20.266715345117124
10,23,20.90961303684364
10,24,18.848530607428266
10,25,17.149308312763004
10,26,15.870432177475355
10,27,15.577985209160627
10,28,14.087286505037385
10,29,16.13060547646617
10,30,15.49755998085995
10,31,16.289204810403646
10,32,16.82061739672852
10,33,13.990029784258333
10,34,11.46101336209844
10,35,13.473839376123909
10,36,12.156824855549905
10,37,12.80454984244603
10,38,10.459176537400548
10,39,12.040934853215374
10,40,11.277255677491967
10,41,13.724463500810215
10,42,15.357899124651173
10,43,17.306078903118962
10,44,20.721518321683078
10,45,19.906418405123404
10,46,17.55507214421349
10,47,14.297421870625552
10,48,11.578659847285918
10,49,10.0057016713307
10,50,8.552833122032766
10,51,11.218970443950003
10,52,11.597680011545746
10,53,14.8424245048776
10,54,18.227668597025218
10,55,17.574157306535238
10,56,21.042719215350377
10,57,20.96383085387328
10,58,19.188593890376048
10,59,21.124627001088015
10,60,24.36760590177497
10,61,22.86568959833825
10,62,22.428342711706186
10,63,26.305790758654613
10,64,26.898577119867465
11,1,26.90947278091617
11,2,25.305656682169356
11,3,21.756969549365422
11,4,20.691809907211862
11,5,17.276713668217457
11,6,13.964039534027824
11,7,10.655397595733023
11,8,8.934098514578208
11,9,5.382710164920391
11,10,3.8341129048901323
11,12,3.8328558124581518
11,13,7.124141995575821
11,14,10.766112004441405
11,15,12.313800166293193
11,16,15.356502832371921
11,17,15.846404190577324
11,18,19.646568258406216
11,19,21.14967864208034
11,20,22.970314767333523
11,21,19.918945733494077
11,22,18.43533467081025
11,23,19.726483031729323
11,24,18.052445751280867
11,25,16.30775203116359
11,26,15.820943453494474
11,27,15.656063288376572
11,28,15.041850358829725
11,29,17.207742629710577
11,30,16.859639804370456
11,31,18.371717115960188
11,32,19.355282253591277
11,33,16.926287566516013
11,34,13.95296192318635
11,35,15.359323848598848
11,36,13.189590080694948
11,37,13.278051746787678
11,38,10.751498785680194
11,39,11.39884797164696
11,40,10.75695892773587
11,41,12.40054750480283
11,42,14.308088009214764
11,43,15.570015829388668
11,44,19.091446247151975
11,45,18.11632127475874
11,46,16.41720184994404
11,47,12.79303745586634
11,48,10.449791796747792
11,49,7.965411752181851
11,50,6.721288903046645
11,51,8.969169096575875
11,52,9.849947576977804
11,53,13.541516416898238
11,54,16.54576967551259
11,55,15.184712427919138
11,56,18.37636389692648
11,57,18.324563580730434
11,58,17.118969966891324
11,59,19.269213971319097
11,60,22.445019087923253
11,61,21.23892930592635
11,62,21.32723580644307
11,63,25.16113863113471
11,64,25.943266567233092
12,1,27.534668207550233
12,2,26.418416504753008
12,3,22.898917626382982
12,4,22.33186357976874
12,5,18.67493880283798
12,6,15.617917897064697
12,7,11.935757554103247
12,8,10.435320475470892
12,9,6.599036874965737
12,10,6.958587573474655
12,11,3.8328558124581518
12,13,3.8702358711302796
12,14,7.11906255249611
12,15,9.225351205683022
12,16,12.132893999580606
12,17,13.125423429986242
12,18,16.935443767012295
12,19,18.551596326158805
12,20,20.793005026459053
12,21,18.117747563055097
12,22,16.650898074695892
12,23,18.41986936998938
12,24,16.660977239790032
12,25,14.4381346769371
12,26,14.349459355316322
12,27,13.83945462428092
12,28,13.925334160810156
12,29,15.897083896417026
12,30,15.788791352191508
12,31,18.00753691321131
12,32,19.48933807429122
12,33,17.659102640393147
12,34,14.3034591412706
12,35,15.059444071691503
12,36,12.120606879691275
12,37,11.564282052794837
12,38,9.228458900970923
12,39,9.25336892167204
12,40,9.485196934955216
12,41,10.817099782167098
12,42,13.494804088726612
12,43,14.551376707856608
12,44,18.289770293590458
12,45,17.81932738386049
12,46,16.64445332477488
12,47,13.07366042778724
12,48,10.56680554793025
12,49,7.105016267564405
12,50,4.824715336806036
12,51,5.6173069855548885
12,52,6.49044387368771
12,53,10.315745505632938
12,54,13.037359804286448
12,55,11.398671937679135
12,56,14.54366593222064
12,57,14.600682113160225
12,58,13.565234655987759
12,59,15.651615212057932
12,60,18.841792194128768
12,61,17.92040691566283
12,62,18.184516911093024
12,63,21.93968630612217
12,64,22.980820450291713
13,1,30.85872307853577
13,2,29.9433975215583
13,3,26.423200569246845
13,4,25.94792816792499
13,5,22.21705869096744
13,6,19.329061215503994
13,7,15.620147358275853
13,8,13.933911305681463
13,9,10.190158968152657
13,10,10.665875133279103
13,11,7.124141995575821
13,12,3.8702358711302796
13,14,3.842690467528828
13,15,5.55055635068563
13,16,8.832768930489793
13,17,10.445517729717649
13,18,14.24170400215493
13,19,16.434794074054036
13,20,18.704119780073874
13,21,16.199373625076817
13,22,15.37140423292257
13,23,17.840974814044504
13,24,16.623124384398924
13,25,14.515525726316646
13,26,15.347303679857328
13,27,15.066605860367982
13,28,16.032757581999167
13,29,18.011530327402387
13,30,18.256714738806846
13,31,20.918871943184683
13,32,22.594064332862963
13,33,21.111592011098768
13,34,17.68405670849912
13,35,18.09308899874427
13,36,14.774942526417343
13,37,13.682677075092306
13,38,11.484269665803238
13,39,10.412963972704448
13,40,10.757826857407222
13,41,10.857849749999378
13,42,13.585720137344374
13,43,13.733278128630687
13,44,17.337531960853713
13,45,16.861874552894804
13,46,16.541783545748412
13,47,13.020453560214321
13,48,11.23306888548717
13,49,7.46039221480204
13,50,6.170349084230866
13,51,5.343107454658464
13,52,6.9944308048769255
13,53,10.53136125722596
13,54,12.368618795586322
13,55,9.705412763581627
13,56,12.133469920417776
13,57,12.109691588126893
13,58,12.022445320045625
13,59,14.355070229117155
13,60,17.231111357601396
13,61,16.708701332629023
13,62,17.684929775047966
13,63,21.197244584069423
13,64,22.379145755678277
14,1,32.17542429492609
14,2,31.676602282067147
14,3,28.262068826911126
14,4,28.174167226555603
14,5,24.370329571045875
14,6,21.73728733099309
14,7,17.96999017287968
14,8,16.54326056161008
14,9,12.993525051228735
14,10,14.065414992130108
14,11,10.766112004441405
14,12,7.11906255249611
14,13,3.842690467528828
14,15,3.896922276136092
14,16,6.361389970747342
14,17,9.039506181666306
14,18,12.464151002896367
14,19,14.790541952436653
14,20,17.516243600282646
14,21,15.688193619217643
14,22,15.021000087626017
14,23,17.90435670421564
14,24,16.72501699038721
14,25,14.29928332801017
14,26,15.560043399773944
14,27,14.96456783888995
14,28,16.582691025330945
14,29,18.190071771832535
14,30,18.64958656967601
14,31,21.763396093826646
14,32,23.77513701240608
14,33,22.817230292877635
14,34,19.292503420813535
14,35,19.16830699020703
14,36,15.513087783770477
14,37,13.94236699831852
14,38,12.314043346370289
14,39,10.707815167245807
14,40,11.870845776569583
14,41,11.507317096298932
14,42,14.617709539586507
14,43,14.487852816163581
14,44,17.973797000483422
14,45,18.059752146691608
14,46,18.26106648440329
14,47,15.123708656699657
14,48,13.423391238369073
14,49,9.688787557794482
14,50,8.180313534662874
14,51,5.493319223724318
14,52,6.63976675653597
14,53,9.155636065536948
14,54,9.943735177515137
14,55,6.599173995440037
14,56,8.435954561733256
14,57,8.635602883274814
14,58,9.271545276864234
14,59,11.392831593484312
14,60,14.086174263395637
14,61,14.13473219885546
14,62,15.452997121137475
14,63,18.64819931404271
14,64,20.160001921554024
15,1,34.97570702491529
15,2,34.27947678162135
15,3,30.713273607604364
15,4,30.283645383458342
15,5,26.460127832880346
15,6,23.966189456755604
15,7,20.30964463116573
15,8,18.263075318745653
15,9,14.828305860294122
15,10,15.821554037348525
15,11,12.313800166293193
15,12,9.225351205683022
15,13,5.55055635068563
15,14,3.896922276136092
15,16,3.8056848801439807
15,17,6.2606263605702335
15,18,9.662992325010908
15,19,12.587210705300574
15,20,14.783611887325401
15,21,12.771443167503461
15,22,12.90854023573931
15,23,16.199584173290624
15,24,15.849046737936488
15,25,14.18258372175311
15,26,16.2461450335433
15,27,16.506017767943565
15,28,18.571692190269612
15,29,20.690847408703533
15,30,21.640448598189252
15,31,24.756854325321605
15,32,26.404917428563092
15,33,25.467366313444238
15,34,22.142581513467952
15,35,22.449522343744142
15,36,18.83564494996599
15,37,16.92726475693046
15,38,14.731934027840863
15,39,12.381591275865912
15,40,12.583048219323588
15,41,11.039052438860804
15,42,13.434999628325306
15,43,12.344658460364084
15,44,15.42475691716649
15,45,15.287616025797279
15,46,16.17391767746352
15,47,13.278480251439708
15,48,12.485676304959485
15,49,9.235641277235512
15,50,9.293949498564297
15,51,7.530003726451069
15,52,9.951143912369568
15,53,12.30252862190052
15,54,13.033272954922017
15,55,9.422238516746717
15,56,10.061834423808511
15,57,9.091924517862422
15,58,10.44198173376127
15,59,13.282375636624067
15,60,15.150314439861786
15,61,14.892815629927178
15,62,16.999014004315946
15,63,19.970901722609597
15,64,21.00110990997416
16,1,35.94770487164745
16,2,35.48561619516385
16,3,31.94257838704849
16,4,31.661293966315238
16,5,27.804246305528732
16,6,25.712641218420185
16,7,22.147828013948047
16,8,20.026615661749034
16,9,16.955744416412074
16,10,18.575507207821804
16,11,15.356502832371921
16,12,12.132893999580606
16,13,8.832768930489793
16,14,6.361389970747342
16,15,3.8056848801439807
16,17,3.7976294104389927
16,18,6.409495914921641
16,19,9.355475128121835
16,20,11.888484874748048
16,21,10.682439165611061
16,22,10.960859096863553
16,23,14.521705901692778
16,24,14.426827495009434
16,25,12.881822244177656
16,26,15.530528533869205
16,27,15.999083952684146
16,28,18.712601923275805
16,29,20.81812813651672
16,30,22.291724689975904
16,31,25.666911539961603
16,32,27.243905900258312
16,33,26.811269355524164
16,34,23.641389604781306
16,35,23.906358764157883
16,36,20.178059441517462
16,37,17.68401904751488
16,38,15.594357024566731
16,39,12.6112364613764
16,40,12.948346856261486
16,41,10.75061118591245
16,42,13.063803129556263
16,43,11.706303046963876
16,44,14.413019531185807
16,45,15.068617896115615
16,46,16.358412783920375
16,47,14.174772440987754
16,48,13.485025660192054
16,49,10.75473570649241
16,50,10.941419913831044
16,51,8.764975759420896
16,52,11.280887448950237
16,53,12.62781827444694
16,54,12.888013658745589
16,55,9.349915846228033
16,56,8.896280079345912
16,57,6.7118271219736485
16,58,8.58826830415522
16,59,11.72367951336028
16,60,12.715419910234427
16,61,12.381001029329356
16,62,15.117907704727802
16,63,17.66999218366396
16,64,18.464757685954442
17,1,35.7957291047038
17,2,35.14184516778707
17,3,31.493467913942958
17,4,30.920516195174127
17,5,27.113641544606974
17,6,25.352551266728902
17,7,22.03822068283347
17,8,19.447720909292872
17,9,16.822036129481976
17,10,18.73697724627571
17,11,15.846404190577324
17,12,13.125423429986242
17,13,10.445517729717649
17,14,9.039506181666306
17,15,6.2606263605702335
17,16,3.7976294104389927
17,18,3.850765838131101
17,19,6.489808947769112
17,20,8.56984539910517
17,21,6.968155337853466
17,22,7.290353094354042
17,23,10.966388587657171
17,24,11.426292074704925
17,25,10.69164673871995
17,26,13.852279353595705
17,27,15.18858622825125
17,28,18.113845190869817
17,29,20.728880890516187
17,30,22.713414648456258
17,31,25.96374679441157
17,32,27.033469353678512
17,33,26.71079264724875
17,34,23.889225581594555
17,35,24.69114402215791
17,36,21.124053646392948
17,37,18.30201833094846
17,38,15.674144318248649
17,39,12.228453330143894
17,40,11.634274857751553
17,41,8.582390320308887
17,42,10.109562216647245
17,43,8.299004407072893
17,44,10.740821922203345
17,45,11.7970510006029
17,46,13.223769533843374
17,47,11.649671447352459
17,48,11.33537563293164
17,49,9.528571578780394
17,50,10.693548763471114
17,51,9.534662131846364
17,52,12.798488503744087
17,53,14.157515441702087
17,54,15.086717345917654
17,55,12.023571565574258
17,56,11.870738484107992
17,57,8.868084118568461
17,58,9.71049509425291
17,59,13.387288464683424
17,60,13.897282861216254
17,61,12.552771917979989
17,62,15.476155186728128
17,63,18.03868928782297
17,64,18.028389075127443
18,1,38.3279993105148
18,2,37.82086818464201
18,3,34.21594981219941
18,4,33.697166538532784
18,5,29.93459197118637
18,6,28.479693617536043
18,7,25.29732713163989
18,8,22.665279645289726
18,9,20.314053691923025
18,10,22.4241921278215
18,11,19.646568258406216
18,12,16.935443767012295
18,13,14.24170400215493
18,14,12.464151002896367
18,15,9.662992325010908
18,16,6.409495914921641
18,17,3.850765838131101
18,19,3.8324586294076552
18,20,5.662835018457106
18,21,5.7268220337909606
18,22,7.036506281355327
18,23,10.75507829677506
18,24,11.983806712390987
18,25,11.876883974266235
18,26,15.464027959664806
18,27,17.06295836002376
18,28,20.376975179515057
18,29,22.92852250485517
18,30,25.263875801793453
18,31,28.620963963556473
18,32,29.58826764344613
18,33,29.613833983390933
18,34,26.956381162314475
18,35,27.730114622242667
18,36,24.15507439720435
18,37,21.05393382638109
18,38,18.586560380732667
18,39,14.922361954223456
18,40,14.341122142302785
18,41,10.980500017311272
18,42,11.839640051651825
18,43,9.60217303049483
18,44,10.858813472101785
18,45,12.568973936483399
18,46,14.606661241565824
18,47,13.942570527871876
18,48,14.083341248256835
18,49,12.932133924389648
18,50,14.224821250918794
18,51,12.97101138436688
18,52,16.02492827382438
18,53,16.765962452370207
18,54,17.23746612164779
18,55,14.356455071424488
18,56,13.349740168081874
18,57,9.868948123960626
18,58,11.080742033780897
18,59,14.54609197587556
18,60,14.004876487863523
18,61,12.636622003561495
18,62,16.09773245363034
18,63,17.97418691649965
18,64,17.556623697683552
19,1,37.204467072710216
19,2,36.815582432454455
19,3,33.28587424148924
19,4,32.83376856008931
19,5,29.175747492624897
19,6,28.19639170809172
19,7,25.29092093593186
19,8,22.658942265520533
19,9,20.858223182083044
19,10,23.451161227372122
19,11,21.14967864208034
19,12,18.551596326158805
19,13,16.434794074054036
19,14,14.790541952436653
19,15,12.587210705300574
19,16,9.355475128121835
19,17,6.489808947769112
19,18,3.8324586294076552
19,20,3.8414164093647836
19,21,5.553349498307828
19,22,5.465519274347658
19,23,8.46324937015069
19,24,9.696250104907293
19,25,10.005146745795502
19,26,13.748096301839237
19,27,15.681411363503692
19,28,19.237077243937147
19,29,21.82192106369408
19,30,24.605590781046633
19,31,27.922393749562232
19,32,28.59168385852743
19,33,29.02935570362923
19,34,26.71637174977612
19,35,27.652508545086487
19,36,24.23850298793993
19,37,20.809376029894686
19,38,18.382997853480237
19,39,14.5666698634809
19,40,13.903552802955545
19,41,10.544660391905056
19,42,11.060148374584536
19,43,9.457291702516347
19,44,10.275174509142396
19,45,13.015777956220642
19,46,14.590821767025824
19,47,14.65661675078244
19,48,14.454236320312917
19,49,13.916981576437989
19,50,15.056452017360453
19,51,14.009149097810186
19,52,16.97508812398383
19,53,17.164454496968673
19,54,17.85421402517106
19,55,15.642071409635774
19,56,14.815394454047244
19,57,10.99963749225816
19,58,11.188032557565288
19,59,14.583602135057141
19,60,13.496825920294384
19,61,11.32926134336209
19,62,14.748536135459759
19,63,16.330972506703155
19,64,15.181738016472579
20,1,39.67910171526826
20,2,39.04058175461965
20,3,35.43467083165179
20,4,34.64266645318113
20,5,31.08526891628937
20,6,30.196866626438982
20,7,27.467559403848508
20,8,24.49831624806753
20,9,22.860358279212
20,10,25.240489969789653
20,11,22.970314767333523
20,12,20.793005026459053
20,13,18.704119780073874
20,14,17.516243600282646
20,15,14.783611887325401
20,16,11.888484874748048
20,17,8.56984539910517
20,18,5.662835018457106
20,19,3.8414164093647836
20,21,3.8694977175289096
20,22,5.602277570936557
20,23,8.068306531655761
20,24,10.672058268371385
20,25,12.185357076908186
20,26,15.969963580237147
20,27,18.469823133962628
20,28,21.872955805518526
20,29,24.763425134641118
20,30,27.654302532787483
20,31,30.79256370608685
20,32,31.13633220263687
20,33,31.442445187314906
20,34,29.31813509997769
20,35,30.591927136199818
20,36,27.2963172379135
20,37,23.924063399854195
20,38,21.17660494945343
20,39,17.364476080122333
20,40,16.00099707147933
20,41,12.318201567779601
20,42,11.626903594019836
20,43,9.21164421196287
20,44,8.535928200907767
20,45,11.304854351071855
20,46,13.5053224794993
20,47,14.377360221923285
20,48,15.07074778802126
20,49,15.325518219621868
20,50,17.232532524551434
20,51,16.819914468372417
20,52,20.106741959024653
20,53,20.655877998963927
20,54,21.554377284248446
20,55,19.190912565937108
20,56,18.38066548467248
20,57,14.630980270922372
20,58,14.962476833110015
20,59,18.41652580480136
20,60,17.282209285568253
20,61,15.056772451200056
20,62,18.40139670915078
20,63,19.877128733301387
20,64,18.358850264092904
21,1,38.259910596177896
21,2,37.311216929645006
21,3,33.59104430523041
21,4,32.51816197590933
21,5,28.953305086772232
21,6,27.814953413900014
21,7,25.07284634071694
21,8,21.884804333309937
21,9,20.13980893330852
21,10,22.21094802389821
21,11,19.918945733494077
21,12,18.117747563055097
21,13,16.199373625076817
21,14,15.688193619217643
21,15,12.771443167503461
21,16,10.682439165611061
21,17,6.968155337853466
21,18,5.7268220337909606
21,19,5.553349498307828
21,20,3.8694977175289096
21,22,3.8667612087702503
21,23,6.91971096687253
21,24,9.641606547770303
21,25,11.300756721881404
21,26,14.932424872197677
21,27,17.622754546136694
21,28,20.64926446818394
21,29,23.833184129925243
21,30,26.49018526054871
21,31,29.436884336441143
21,32,29.682401402743327
21,33,29.56140493878217
21,34,27.39608159631066
21,35,28.921646829026727
21,36,25.709816915880346
21,37,22.60284311396693
21,38,19.48892948590122
21,39,15.816719530016718
21,40,13.89615456914308
21,41,10.0686340302998
21,42,8.94251230697629
21,43,5.837039789596574
21,44,5.4659170104436665
21,45,7.727004522637051
21,46,10.027869693837209
21,47,10.64283573368244
21,48,11.720659818864918
21,49,12.209527022626919
21,50,14.667334208317968
21,51,14.876637912781284
21,52,18.489034828668938
21,53,19.70698905915132
21,54,21.097416024338276
21,55,18.525320477781364
21,56,18.321474103464276
21,57,14.82427993637999
21,58,14.98403166866309
21,59,18.741707061012228
21,60,18.399522577681
21,61,16.103317726142738
21,62,19.13420983193538
21,63,21.259885223755834
21,64,19.992800886806574
22,1,34.66301134692469
22,2,33.79443301236126
22,3,30.12406518649753
22,4,29.16721704222511
22,5,25.6294188345473
22,6,24.757242449161314
22,7,22.167382784819658
22,8,19.075532879423335
22,9,17.725480281585046
22,10,20.266715345117124
22,11,18.43533467081025
22,12,16.650898074695892
22,13,15.37140423292257
22,14,15.021000087626017
22,15,12.90854023573931
22,16,10.960859096863553
22,17,7.290353094354042
22,18,7.036506281355327
22,19,5.465519274347658
22,20,5.602277570936557
22,21,3.8667612087702503
22,23,3.826373788805046
22,24,5.823569241052148
22,25,7.5641862953768
22,26,11.180478719661961
22,27,14.064718721713401
22,28,17.100298479988073
22,29,20.341692377573906
22,30,23.19292251062585
22,31,26.06429767947834
22,32,26.149017196391263
22,33,26.24237786967665
22,34,24.274072341104663
22,35,25.906708147855866
22,36,22.844109163260715
22,37,19.584704326264134
22,38,16.464574916570133
22,39,12.771541610017831
22,40,10.779686204258345
22,41,7.0631323992739325
22,42,6.070674633478592
22,43,4.482929081694808
22,44,5.540468522096085
22,45,8.67778519009135
22,46,9.445035934078282
22,47,9.991233453997806
22,48,9.913022610538574
22,49,10.557030747596148
22,50,12.550970900316461
22,51,12.934330139192783
22,52,16.43353615849456
22,53,17.380022270790743
22,54,19.17519733610039
22,55,17.154906775294812
22,56,17.494316527023322
22,57,13.97115578180692
22,58,13.145605188602556
22,59,16.895301255843204
22,60,16.762075114032996
22,61,13.913369292637583
22,62,16.486132440432435
22,63,18.843070730078583
22,64,17.34142698386969
23,1,33.376477960335265
23,2,32.39711020232813
23,3,28.78449042902785
23,4,27.654375768040687
23,5,24.35000482785416
23,6,23.99388634809371
23,7,21.888516990369858
23,8,18.71354938287445
23,9,18.13427251607267
23,10,20.90961303684364
23,11,19.726483031729323
23,12,18.41986936998938
23,13,17.840974814044504
23,14,17.90435670421564
23,15,16.199584173290624
23,16,14.521705901692778
23,17,10.966388587657171
23,18,10.75507829677506
23,19,8.46324937015069
23,20,8.068306531655761
23,21,6.91971096687253
23,22,3.826373788805046
23,24,3.834691792504589
23,25,7.2201556169073635
23,26,10.26642811597535
23,27,13.747671905923621
23,28,16.51560286364432
23,29,19.93924749561294
23,30,23.091339343982046
23,31,25.63759211318292
23,32,25.18453063290517
23,33,25.48047406744472
23,34,24.030344183794323
23,35,26.051118197215978
23,36,23.365562674647414
23,37,20.059113028882745
23,38,16.86283754719586
23,39,13.42557039073422
23,40,10.967848616052017
23,41,7.847702246130679
23,42,5.64961020024572
23,43,5.682525619056365
23,44,5.704608584911434
23,45,9.361053814502306
23,46,9.026735830101057
23,47,10.587738947616558
23,48,10.27408465619136
23,49,11.936909907784251
23,50,13.889790827365726
23,51,14.8807572898738
23,52,18.217665425834518
23,53,18.989082165218516
23,54,21.183779953333875
23,55,19.69303506056888
23,56,20.387115001429798
23,57,16.903189458852108
23,58,15.399560784889728
23,59,18.956354201085592
23,60,18.788674118684614
23,61,15.45694260297325
23,62,17.487721973503202
23,63,19.777110419665
23,64,17.686752671620813
24,1,29.712789687190202
24,2,28.895183079290828
24,3,25.337294056848265
24,4,24.472406501066974
24,5,21.115967509498393
24,6,20.90202875454848
24,7,18.839557165858164
24,8,15.959642986515151
24,9,15.666156445246072
24,10,18.848530607428266
24,11,18.052445751280867
24,12,16.660977239790032
24,13,16.623124384398924
24,14,16.72501699038721
24,15,15.849046737936488
24,16,14.426827495009434
24,17,11.426292074704925
24,18,11.983806712390987
24,19,9.696250104907293
24,20,10.672058268371385
24,21,9.641606547770303
24,22,5.823569241052148
24,23,3.834691792504589
24,25,3.8115924247650783
24,26,6.470373118697191
24,27,10.031029036790132
24,28,12.771452896092114
24,29,16.163185074943364
24,30,19.402913728420163
24,31,21.929232695851905
24,32,21.490257441987456
24,33,21.98618913482947
24,34,20.603986106653682
24,35,22.57477296904153
24,36,20.006030499204186
24,37,16.62423112706697
24,38,13.572760462546555
24,39,10.292475203404187
24,40,8.105764023281377
24,41,5.894453456740908
24,42,5.0352481839437155
24,43,7.179411352382224
24,44,8.782921062897342
24,45,11.917262659554687
24,46,10.669509941635685
24,47,11.337955685840036
24,48,9.676054519006126
24,49,10.8630164914211
24,50,11.888022526851849
24,51,12.817443776587025
24,52,15.745433030456173
24,53,16.205722080523657
24,54,18.69053882193124
24,55,17.763205505352314
24,56,18.949733035952107
24,57,15.74383807623016
24,58,13.472381627385147
24,59,16.770959762091383
24,60,16.984690590942712
24,61,13.425487240792869
24,62,14.776756101335558
24,63,17.36473793197405
24,64,15.361441341032293
25,1,27.504598777805345
25,2,26.989057525745878
25,3,23.48388835221991
25,4,23.079555654925098
25,5,19.526611321224962
25,6,19.081064989766496
25,7,16.687405271529755
25,8,14.28664706325014
25,9,13.696472809466602
25,10,17.149308312763004
25,11,16.30775203116359
25,12,14.4381346769371
25,13,14.515525726316646
25,14,14.29928332801017
25,15,14.18258372175311
25,16,12.881822244177656
25,17,10.69164673871995
25,18,11.876883974266235
25,19,10.005146745795502
25,20,12.185357076908186
25,21,11.300756721881404
25,22,7.5641862953768
25,23,7.2201556169073635
25,24,3.8115924247650783
25,26,3.7981029938007445
25,27,6.658018368760301
25,28,9.837105362082221
25,29,12.978528807848265
25,30,16.13116354547445
25,31,18.967611930171433
25,32,19.02274221686083
25,33,19.637200942462098
25,34,17.9045129503436
25,35,19.455404298335793
25,36,16.675060777292305
25,37,13.141025299798638
25,38,10.373957998176568
25,39,6.938560480602627
25,40,5.883406885565193
25,41,4.724768904537126
25,42,6.456215855475205
25,43,8.93023388501965
25,44,11.55206303664695
25,45,14.249019018912898
25,46,13.002327433501927
25,47,12.587641382147762
25,48,10.053160769652857
25,49,9.961812671604678
25,50,9.767995415422792
25,51,9.993162573109315
25,52,12.451639786119848
25,53,12.529216373672432
25,54,15.053263833311593
25,55,14.481743280607368
25,56,15.970188910183602
25,57,13.092134405902236
25,58,10.292785468888285
25,59,13.370079814745177
25,60,14.013286807242967
25,61,10.514971481046095
25,62,11.429104263527025
25,63,14.413067056309297
25,64,12.951216657522869
26,1,23.73924331587809
26,2,23.257889643923445
26,3,19.810716983738526
26,4,19.577688459235798
26,5,16.087071036432047
26,6,15.97251540700704
26,7,13.910770201468921
26,8,11.940323353114287
26,9,12.127996847724125
26,10,15.870432177475355
26,11,15.820943453494474
26,12,14.349459355316322
26,13,15.347303679857328
26,14,15.560043399773944
26,15,16.2461450335433
26,16,15.530528533869205
26,17,13.852279353595705
26,18,15.464027959664806
26,19,13.748096301839237
26,20,15.969963580237147
26,21,14.932424872197677
26,22,11.180478719661961
26,23,10.26642811597535
26,24,6.470373118697191
26,25,3.7981029938007445
26,27,3.8200734344960066
26,28,6.361361919286647
26,29,9.702612566129774
26,30,13.006636791500771
26,31,15.550788145311875
26,32,15.336563704379701
26,33,16.148161290168304
26,34,14.750577016170292
26,35,16.50469095792416
26,36,14.162841528262115
26,37,10.7219225266559
26,38,8.148921383878779
26,39,5.780667139641335
26,40,5.2543128627577005
26,41,6.589868494520304
26,42,8.45240996381691
26,43,11.7208996865729
26,44,14.472290895879306
26,45,16.84777689145358
26,46,14.880247116408293
26,47,14.227042921972604
26,48,11.03398982349019
26,49,10.94205701554802
26,50,9.854788534632641
26,51,10.462701793881095
26,52,12.083759891523176
26,53,11.92378240638636
26,54,14.96463840909366
26,55,15.21712940078771
26,56,17.360186260959313
26,57,15.088938403563366
26,58,11.71403992361257
26,59,14.101651185598918
26,60,15.296666354425502
26,61,11.87888629476467
26,62,11.527724596052197
26,63,14.729849164678043
26,64,13.410944915836936
27,1,21.60552695451444
27,2,21.577025610953935
27,3,18.327924731956916
27,4,18.768109966559233
27,5,15.231543246729967
27,6,14.966025610813826
27,7,12.709485860974091
27,8,11.733376259192845
27,9,11.765535572762076
27,10,15.577985209160627
27,11,15.656063288376572
27,12,13.83945462428092
27,13,15.066605860367982
27,14,14.96456783888995
27,15,16.506017767943565
27,16,15.999083952684146
27,17,15.18858622825125
27,18,17.06295836002376
27,19,15.681411363503692
27,20,18.469823133962628
27,21,17.622754546136694
27,22,14.064718721713401
27,23,13.747671905923621
27,24,10.031029036790132
27,25,6.658018368760301
