1,2,3.232281387499439
1,3,4.315504802121018
1,4,7.729603546618391
1,5,10.572555072742222
1,6,13.090658302439413
1,7,15.97877626312606
1,8,17.263565627423446
1,9,19.700264023840568
1,10,20.90192383252687
1,11,24.64276036237535
1,12,27.41151253088509
1,13,29.619048341983873
1,14,31.46737965024297
1,15,31.553472077263923
1,16,34.66595543321211
1,17,34.44144175032765
1,18,36.58063112894286
1,19,34.42916061574955
1,20,31.20510252671846
1,21,30.46942062328427
1,22,27.228187475705035
1,23,25.22614089581994
1,24,21.775920042458125
1,25,20.36205141413927
1,26,16.561988513538182
1,27,15.403666991864503
1,28,12.834683493998694
1,29,9.438693871598128
1,30,6.5787582165070555
1,31,5.969276099958639
1,32,9.438024478068234
1,33,11.65679784281092
1,34,14.682992084776552
1,35,16.07277287985133
1,36,16.544693596730703
1,37,20.067486144697547
1,38,20.628633482327118
1,39,24.39780632469743
1,40,25.941559329457082
1,41,29.366236498374295
1,42,32.41468320486603
1,43,32.87362135910882
1,44,29.547487223886268
1,45,27.812505513971477
1,46,24.541153887419703
1,47,24.2344616986529
1,48,21.320456180283458
1,49,23.13468084637489
1,50,22.316781695021735
1,51,21.54611522656668
1,52,24.203724210383037
1,53,26.91678311440226
1,54,30.13962870996235
1,55,30.613951512288587
1,56,27.050780568018226
1,57,27.296566930665897
1,58,30.945131306025218
1,59,29.799366422639615
1,60,26.85618277517257
1,61,29.477397605424883
1,62,31.818868095556343
1,63,29.133631273328323
1,64,28.811209810778166
1,65,32.404938605952914
1,66,31.346014621723956
2,1,3.232281387499439
2,3,3.867994609090471
2,4,6.913597601957854
2,5,10.483278467573328
2,6,12.791221710111001
2,7,15.534578150693793
2,8,16.166841445499916
2,9,18.900567677405743
2,10,20.654619160811983
2,11,24.389746731798375
2,12,27.406604963914663
2,13,29.57037890311392
2,14,31.7022199965623
2,15,31.766271515548414
2,16,35.051277272909466
2,17,35.10005358952271
2,18,37.07598523241304
2,19,34.64696540353164
2,20,31.63330898567345
2,21,30.967820992155243
2,22,27.970673580151228
2,23,26.104120657212842
2,24,22.885700950940535
2,25,21.819481698034203
2,26,18.094809721925465
2,27,17.44607989574663
2,28,14.898840897439982
2,29,11.896654233773512
2,30,9.110946274587885
2,31,7.912018287500646
2,32,10.779906154794585
2,33,12.966374110295934
2,34,15.831097961691368
2,35,17.473987324970466
2,36,17.454508764404473
2,37,20.870580286291997
2,38,21.091723183066687
2,39,24.75543908377338
2,40,26.131496407427665
2,41,29.377184348576698
2,42,32.41652435390446
2,43,32.49297963030264
2,44,29.14260475639343
2,45,27.246692549645083
2,46,24.181056404014324
2,47,23.98818227579806
2,48,21.268158109009054
2,49,23.371139970712452
2,50,22.696421890307096
2,51,22.46699083931975
2,52,25.125942402730622
2,53,27.64584686683642
2,54,31.078092161297477
2,55,31.560285755607776
2,56,28.151167415752845
2,57,28.713154088810125
2,58,32.37710025015658
2,59,31.262079998300827
2,60,28.569229466859294
2,61,31.385246978021605
2,62,33.69907492488646
2,63,31.04333546288932
2,64,31.035822873746657
2,65,34.635263358109334
2,66,33.63290576059385
3,1,4.315504802121018
3,2,3.867994609090471
3,4,3.8468569459145048
3,5,6.975162578416487
3,6,9.096023074964311
3,7,12.057632238878389
3,8,13.241492388165335
3,9,15.99012550003066
3,10,17.53360921103626
3,11,21.191170815741295
3,12,24.237003112152557
3,13,26.19509136628978
3,14,28.153853721129888
3,15,28.073252877835806
3,16,31.29484407123341
3,17,31.26961470999097
3,18,33.22779446920197
3,19,30.83978086816346
3,20,27.784857783727038
3,21,27.128902860224972
3,22,24.11834261505515
3,23,22.246866933901
3,24,19.065293740482005
3,25,18.14788377745877
3,26,14.469224320962606
3,27,14.243464342920559
3,28,12.07326972076682
3,29,9.518517576231368
3,30,7.757318195807206
3,31,5.425445272399612
3,32,7.95834168456317
3,33,10.898359459795556
3,34,13.117595918411554
3,35,14.270184830272468
3,36,13.853347730819692
3,37,17.14563222663049
3,38,17.253275744926118
3,39,20.92353568020982
3,40,22.32288170631851
3,41,25.61320429684654
3,42,28.67504266819932
3,43,28.894222003285904
3,44,25.58186165967881
3,45,23.72214627052821
3,46,20.546295397590033
3,47,20.367687177827364
3,48,17.666501050282516
3,49,19.85781758586612
3,50,19.463982124892503
3,51,19.248684507935497
3,52,22.182884376155858
3,53,24.470692006065036
3,54,27.886821140263535
3,55,28.112396197287566
3,56,24.68064529276364
3,57,25.467733839562715
3,58,29.03997625862979
3,59,27.74314038049272
3,60,25.1767559170056
3,61,28.170794438953642
3,62,30.316117847708224
3,63,27.594078085399197
3,64,27.835450579585174
3,65,31.384953132401197
3,66,30.39380470202369
4,1,7.729603546618391
4,2,6.913597601957854
4,3,3.8468569459145048
4,5,3.825129983563086
4,6,6.444789474793784
4,7,8.676832304307819
4,8,9.540017261441541
4,9,12.182409197903823
4,10,13.893657749536258
4,11,17.563199220324105
4,12,20.698104814241567
4,13,22.70866090895602
4,14,24.89890970776845
4,15,24.998591391621247
4,16,28.38833796528451
4,17,28.708506297985583
4,18,30.71946255296245
4,19,28.19503326895683
4,20,25.356583402945315
4,21,25.109385526139874
4,22,22.29031370749771
4,23,20.214844814815805
4,24,17.396317746004026
4,25,16.58017822464393
4,26,13.245185237786528
4,27,13.540246301595552
4,28,11.402251771623934
4,29,9.998558958992955
4,30,8.898026532992793
4,31,6.249169282502138
4,32,6.745063359518076
4,33,9.465432877383893
4,34,10.960244223337009
4,35,12.332495303704551
4,36,11.447182150250235
4,37,14.644774940072395
4,38,14.787844798826827
4,39,18.36975725074407
4,40,20.027693826628383
4,41,23.05959027812386
4,42,26.32697632919121
4,43,26.349802647439304
4,44,23.27004362157415
4,45,21.010670818431702
4,46,17.77647153412077
4,47,17.221339256931692
4,48,14.429559725779239
4,49,16.61559092981891
4,50,16.21190933915999
4,51,16.503009673413228
4,52,19.390689280985068
4,53,21.451838447693007
4,54,25.029388014969246
4,55,25.324382542079583
4,56,22.108311191388196
4,57,23.180159426675463
4,58,26.74570337829036
4,59,25.623728260067125
4,60,23.39763121386174
4,61,26.54241429156369
4,62,28.728750020909196
4,63,26.238360809982545
4,64,26.894973084396636
4,65,30.472674297488965
4,66,29.827678139144616
5,1,10.572555072742222
5,2,10.483278467573328
5,3,6.975162578416487
5,4,3.825129983563086
5,6,3.879464580395395
5,7,5.539782311522292
5,8,7.525441664596704
5,9,9.624650688306359
5,10,10.699801865965538
5,11,14.292249303246216
5,12,17.332570096753773
5,13,19.226586579737724
5,14,21.230161180098943
5,15,21.33682095155756
5,16,24.68199905649948
5,17,24.984304918952958
5,18,27.121126197851012
5,19,24.71631220814919
5,20,21.83943679010789
5,21,21.81703554416135
5,22,18.958370523284568
5,23,16.64451789895163
5,24,13.966044454226752
5,25,13.133941313674438
5,26,10.11485505832044
5,27,10.935690605910462
5,28,9.33805541037172
5,29,9.205946740144945
5,30,9.503126907800294
5,31,6.784072300263745
5,32,5.412593489454591
5,33,8.267854833122561
5,34,8.421008207237536
5,35,9.163617955132132
5,36,7.738010695851754
5,37,10.846774821457737
5,38,11.180704659035607
5,39,14.80732408137085
5,40,16.798072160082675
5,41,19.81154994944163
5,42,23.22471926903755
5,43,23.489048325440848
5,44,20.62289559159808
5,45,18.27748580814353
5,46,14.790923286850186
5,47,13.886094374309362
5,48,10.864331015128721
5,49,12.921992357739281
5,50,12.689840663567267
5,51,12.981251657186132
5,52,16.107289175389674
5,53,17.92667081310785
5,54,21.470064693258067
5,55,21.582388665495124
5,56,18.372373397876967
5,57,19.64161233570991
5,58,23.119513126936862
5,59,21.93289759793066
5,60,19.884875280972302
5,61,23.15811322759584
5,62,25.243022395248474
5,63,22.83008470422894
5,64,23.768077124319067
5,65,27.29864415426446
5,66,26.83930954022091
6,1,13.090658302439413
6,2,12.791221710111001
6,3,9.096023074964311
6,4,6.444789474793784
6,5,3.879464580395395
6,7,3.8481096801997783
6,8,6.617987829236509
6,9,9.300574916026104
6,10,10.630970693713587
6,11,13.643342944940882
6,12,16.975963496118407
6,13,18.11299005096122
6,14,19.876108814323405
6,15,19.357113854644886
6,16,22.615999517720603
6,17,22.81992230570148
6,18,24.548056232832103
6,19,21.927350935972946
6,20,19.10545295349158
6,21,18.781617841757758
6,22,16.183090224728158
6,23,14.420280174002958
6,24,12.069715779895793
6,25,12.319793403905194
6,26,9.737633866870688
6,27,11.817612152240153
6,28,11.438572792800624
6,29,11.653554554680376
6,30,12.641261864205244
6,31,9.690810700288404
6,32,8.678104619576276
6,33,11.738205311630102
6,34,11.04364593364727
6,35,10.627856587655272
6,36,7.881633306422415
6,37,9.83458428863433
6,38,8.866544546932117
6,39,12.234358219822349
6,40,13.613152814409446
6,41,16.668860602808383
6,42,19.889292499610004
6,43,20.04370433458832
6,44,16.983256461663924
6,45,14.856116453899247
6,46,11.51129508834857
6,47,11.360600769074
6,48,9.085652446234711
6,49,12.007601738436934
6,50,12.941263326861165
6,51,13.69759580053789
6,52,17.187704515803965
6,53,18.25214120442082
6,54,21.718901173820687
6,55,21.17926515225599
6,56,18.100228291992625
6,57,20.01029996527377
6,58,23.12606087598346
6,59,21.449059515890287
6,60,19.817867351928538
6,61,23.401635834116128
6,62,24.955383787243992
6,63,22.305073442848535
6,64,23.710974758066122
6,65,26.955397314964337
6,66,26.240405651219806
7,1,15.97877626312606
7,2,15.534578150693793
7,3,12.057632238878389
7,4,8.676832304307819
7,5,5.539782311522292
7,6,3.8481096801997783
7,8,3.843111275867802
7,9,5.6398583138534235
7,10,6.98387322116844
7,11,9.909065815441815
7,12,13.38308788703614
7,13,14.606556594081955
7,14,16.73415134984464
7,15,16.580059884731014
7,16,20.095196491665096
7,17,20.831533970646305
7,18,22.703487264406533
7,19,19.967216038590383
7,20,17.51219723635948
7,21,17.92021699071897
7,22,15.679314882792859
7,23,13.571143848017439
7,24,12.00132856065444
7,25,12.25268449340562
7,26,10.594929934788286
7,27,12.865371767324817
7,28,12.499492366382393
7,29,13.642159395287155
7,30,14.73005901522122
7,31,12.105911363405498
7,32,9.985061045523217
7,33,12.047410315990478
7,34,10.454036269065742
7,35,10.230762417704124
7,36,7.1150469501823865
7,37,8.40031417402879
7,38,7.68766020611431
7,39,10.62405218162612
7,40,12.567957113506976
7,41,15.04959021379563
7,42,18.582816408481623
7,43,18.500517349082696
7,44,15.966925769707117
7,45,13.189608967311216
7,46,9.752421184928066
7,47,8.600781012789922
7,48,5.997282903913081
7,49,8.900499848364182
7,50,9.91733459697586
7,51,11.53952183709134
7,52,14.779805419304957
7,53,15.42898994085538
7,54,19.045963948357464
7,55,18.647452941890506
7,56,15.968562252710763
7,57,18.19487852816374
7,58,21.223110198943804
7,59,19.893292441839442
7,60,18.76412433135788
7,61,22.362301540808083
7,62,23.98764504006594
7,63,21.77598513917857
7,64,23.577408002623006
7,65,26.787014332952115
7,66,26.56366627563624
8,1,17.263565627423446
8,2,16.166841445499916
8,3,13.241492388165335
8,4,9.540017261441541
8,5,7.525441664596704
8,6,6.617987829236509
8,7,3.843111275867802
8,9,3.825420681915171
8,10,7.088977159617644
8,11,9.828486781067626
8,12,13.546477826423649
8,13,14.929586213390822
8,14,17.705772866751904
8,15,17.855516286645795
8,16,21.585907418733026
8,17,22.893558401640313
8,18,24.5925796532178
8,19,21.560649877222907
8,20,19.650663930634767
8,21,20.37662108993751
8,22,18.62828749163104
8,23,16.693564918615625
8,24,15.58223421271564
8,25,15.89795839811045
8,26,14.36447733056189
8,27,16.37775585319868
8,28,15.505233322728575
8,29,16.40206886003338
8,30,16.785541454185875
8,31,14.251919978182205
8,32,12.238248677603444
8,33,13.743858653663475
8,34,12.52487424467451
8,35,13.17775687313379
8,36,10.47618222800811
8,37,11.641655306167886
8,38,10.912989463300729
8,39,13.18999048133276
8,40,14.894461584005958
8,41,16.726729219259038
8,42,20.192218805276266
8,43,19.41223084010721
8,44,17.123100405991867
8,45,13.89646328794965
8,46,11.08450104081471
8,47,9.805296003230955
8,48,7.861724979614632
8,49,10.52411910136824
8,50,11.228600070242608
8,51,13.65008357255225
8,52,16.304066332420682
8,53,16.801764720495083
8,54,20.5709044477978
8,55,20.512999909332965
8,56,18.3043518323907
8,57,20.602437777407925
8,58,23.60127974288267
8,59,22.646981615323494
8,60,21.80827897396579
8,61,25.308888598442362
8,62,27.055603106986585
8,63,25.117484503254047
8,64,27.02234395989404
8,65,30.237086973887006
8,66,30.20472254280579
9,1,19.700264023840568
9,2,18.900567677405743
9,3,15.99012550003066
9,4,12.182409197903823
9,5,9.624650688306359
9,6,9.300574916026104
9,7,5.6398583138534235
9,8,3.825420681915171
9,10,3.8262195775007197
9,11,6.423342189602182
9,12,10.005829476883841
9,13,11.81646304172514
9,14,14.920080347437993
9,15,15.724576168576583
9,16,19.54686962149193
9,17,21.249796605377494
9,18,23.262206949481378
9,19,20.42286243239625
9,20,18.782927516272657
9,21,20.194068087363306
9,22,18.59144143382048
9,23,16.22947029330804
9,24,15.620202530948358
9,25,15.601906121494258
9,26,14.773250148315674
9,27,16.642919697036096
9,28,15.8265006732372
9,29,17.464989959276593
9,30,18.12568919870989
9,31,15.980524674136344
9,32,13.208639800293126
9,33,13.809732517572547
9,34,11.841514513972085
9,35,12.577880267646186
9,36,10.17722075595216
9,37,10.831211127373718
9,38,10.877253698367229
9,39,12.669781209995824
9,40,15.02465443768026
9,41,16.358720028730307
9,42,20.029344116400065
9,43,19.374781494067964
9,44,17.741852138677356
9,45,14.21764401126731
9,46,11.396963338055075
9,47,8.915718468818502
9,48,6.652729568350316
9,49,8.141411119296592
9,50,8.367271633555774
9,51,11.418350371531712
9,52,13.515220094977506
9,53,13.708127706646474
9,54,17.490807403407626
9,55,17.74533910829738
9,56,15.962436908507062
9,57,18.274775752311697
9,58,21.16232852907568
9,59,20.670543996722074
9,60,20.188322948374868
9,61,23.504253198534403
9,62,25.37988385851146
9,63,23.924427556773953
9,64,25.993836363988304
9,65,29.1670004093114
9,66,29.611409101789576
10,1,20.90192383252687
10,2,20.654619160811983
10,3,17.53360921103626
10,4,13.893657749536258
10,5,10.699801865965538
10,6,10.630970693713587
10,7,6.98387322116844
10,8,7.088977159617644
10,9,3.8262195775007197
10,11,3.831888699604546
10,12,6.903813003224577
10,13,9.23726263302416
10,14,12.106536381484469
10,15,13.417369356686342
10,16,17.137580979001413
10,17,18.775157962708683
10,18,21.238768452268978
10,19,18.846646542949163
10,20,17.075085374512962
10,21,18.88754591078626
10,22,17.110382600401785
10,23,14.247687122261762
10,24,13.857439350726818
10,25,13.384931011988044
10,26,13.24296827784316
10,27,14.970945316224379
10,28,14.500170758961193
10,29,16.88219003807902
10,30,18.12138298160157
10,31,16.320196782272202
10,32,13.00365295926639
10,33,13.077390851570561
10,34,10.23841180871405
10,35,10.488025232286383
10,36,8.416130172106438
10,37,8.52214908371562
10,38,9.581653886019726
10,39,11.175571364985911
10,40,14.244476423809513
10,41,15.522488755635903
10,42,19.34078568316449
10,43,19.286525760936367
10,44,18.043647516051717
10,45,14.67763107927518
10,46,11.58059418530984
10,47,8.26566528048845
10,48,5.315376434466152
10,49,5.007632786387939
10,50,4.5821153073220255
10,51,7.934650666370228
10,52,9.880069171736826
10,53,9.8930961763049
10,54,13.683762094844615
10,55,14.056600296544707
10,56,12.316837275873521
10,57,14.57243441533387
10,58,17.423746280541575
10,59,17.16914923824227
10,60,16.822035642573745
10,61,19.99862113825811
10,62,21.953883425219164
10,63,20.80910835478277
10,64,22.931464050806493
10,65,26.061808370709397
10,66,26.84202167153579
11,1,24.64276036237535
11,2,24.389746731798375
11,3,21.191170815741295
11,4,17.563199220324105
11,5,14.292249303246216
11,6,13.643342944940882
11,7,9.909065815441815
11,8,9.828486781067626
11,9,6.423342189602182
11,10,3.831888699604546
11,12,3.8229793597391843
11,13,5.560838367646331
11,14,8.827288817042087
11,15,10.489463821081175
11,16,14.232807535282058
11,17,16.422610645953718
11,18,18.801206910352985
11,19,16.444461806525144
11,20,15.296502927327602
11,21,17.72125458690744
11,22,16.59014223086993
11,23,13.943802544577371
11,24,14.57865337798286
11,25,14.588611943493325
11,26,15.35547535254263
11,27,17.42357334966866
11,28,17.504630524019262
11,29,20.206180941627764
11,30,21.736754713929017
11,31,19.9467067659718
11,32,16.595455966390563
11,33,16.58503855663899
11,34,13.418190260782307
11,35,13.117619458459378
11,36,10.929978474178396
11,37,9.71795734198641
11,38,10.41724541167587
11,39,10.66349107665473
11,40,13.640356223735035
11,41,14.003273765689244
11,42,17.693095486587865
11,43,17.53334397622607
11,44,17.045659834208323
11,45,13.616737249735666
11,46,11.124237616856753
11,47,7.3768792912056
11,48,5.93788991489099
11,49,4.441886739868846
11,50,5.2422192304950705
11,51,9.0523248396695
11,52,10.28794666687449
11,53,8.841694974072341
11,54,12.226646076974498
11,55,12.236737398849272
11,56,11.471244726064523
11,57,14.269593645684798
11,58,16.430479229524362
11,59,16.311547356748513
11,60,16.836516470691375
11,61,19.901950554528266
11,62,21.465454569814717
11,63,20.722722342076278
11,64,23.31000077901394
11,65,26.071941174668773
11,66,27.124744865914273
12,1,27.41151253088509
12,2,27.406604963914663
12,3,24.237003112152557
12,4,20.698104814241567
12,5,17.332570096753773
12,6,16.975963496118407
12,7,13.38308788703614
12,8,13.546477826423649
12,9,10.005829476883841
12,10,6.903813003224577
12,11,3.8229793597391843
12,13,3.8933218779008905
12,14,6.9279526539015235
12,15,9.81038588271756
12,16,13.10207165970275
12,17,15.55563290385946
12,18,18.300159055521135
12,19,16.551726348006852
12,20,15.740912302672584
12,21,18.68696385627459
12,22,17.72393779859522
12,23,14.880013503761715
12,24,15.947672372111132
12,25,15.59004893448786
12,26,17.004825094978585
12,27,18.74158916992059
12,28,18.98596417841761
12,29,22.0924081974788
12,30,23.830021775932
12,31,22.38484562362837
12,32,18.80018453149372
12,33,18.229621055836933
12,34,14.772625194400343
12,35,14.335536331588367
12,36,12.843319225285027
12,37,11.252334465416872
12,38,12.623438208685673
12,39,12.326696352067497
12,40,15.513940139702227
12,41,15.429615951074721
12,42,18.92461215780664
12,43,19.11635052405663
12,44,19.235771763361992
12,45,16.057637530668657
12,46,13.84226478718322
12,47,10.025436437476003
12,48,8.902719738652927
12,49,5.970102817447513
12,50,5.737897429586098
12,51,8.956884816654531
12,52,8.886982653053977
12,53,6.4301263733419125
12,54,9.25702331283129
12,55,9.67760471432606
12,56,9.930275753228743
12,57,12.51666678338384
12,58,14.178991539091763
12,59,14.744242608713895
12,60,15.814939769220212
12,61,18.389670973805128
12,62,19.96665954613612
12,63,19.903297892243266
12,64,22.557690341914153
12,65,25.10229324043407
12,66,26.66299490707036
13,1,29.619048341983873
13,2,29.57037890311392
13,3,26.19509136628978
13,4,22.70866090895602
13,5,19.226586579737724
13,6,18.11299005096122
13,7,14.606556594081955
13,8,14.929586213390822
13,9,11.81646304172514
13,10,9.23726263302416
13,11,5.560838367646331
13,12,3.8933218779008905
13,14,3.8194341526899915
13,15,6.411851970801636
13,16,9.72334458858677
13,17,12.617431528102253
13,18,14.975325032660288
13,19,13.116264012316641
13,20,12.906078186159917
13,21,16.165721268153288
13,22,15.913809472097395
13,23,13.667156333598312
13,24,15.59824887198312
13,25,16.07445003055682
13,26,17.993057994273173
13,27,20.307514228598713
13,28,21.15591628582703
13,29,24.2686421337897
13,30,26.299981907536207
13,31,24.594958200599034
13,32,21.199782433794052
13,33,21.14965665519111
13,34,17.601124765620263
13,35,16.52250139110276
13,36,14.431315718989216
13,37,11.956655988544547
13,38,12.42258230212524
13,39,10.964027961958527
13,40,13.60177493342322
13,41,12.705062014343385
13,42,15.884324590659546
13,43,16.030238490153433
13,44,16.733694710821
13,45,13.802931865651976
13,46,12.274092427841072
13,47,8.796321238430455
13,48,9.186467756230723
13,49,6.843897295382189
13,50,8.455857958141422
13,51,11.379462085163407
13,52,11.81114333733069
13,53,8.651565655639374
13,54,10.551161240904932
13,55,9.60986120103484
13,56,10.497077175492567
13,57,13.771350618912114
13,58,14.624252214714328
13,59,14.60010411772457
13,60,16.375081524462544
13,61,19.085015720586025
13,62,19.92732600612223
13,63,19.800669664467684
13,64,22.92458465733755
13,65,25.029829652433214
13,66,26.450376684485814
14,1,31.46737965024297
14,2,31.7022199965623
14,3,28.153853721129888
14,4,24.89890970776845
14,5,21.230161180098943
14,6,19.876108814323405
14,7,16.73415134984464
14,8,17.705772866751904
14,9,14.920080347437993
14,10,12.106536381484469
14,11,8.827288817042087
14,12,6.9279526539015235
14,13,3.8194341526899915
14,15,3.8186408632487305
14,16,6.311750843474899
14,17,9.184484829808895
14,18,11.818085738220706
14,19,10.686647214738048
14,20,10.641542592120455
14,21,14.221529430092842
14,22,14.269270986888165
14,23,12.254049098061696
14,24,14.833067847533757
14,25,15.534960661674784
14,26,18.142983431651288
14,27,20.56505983557801
14,28,22.01902553307465
14,29,25.34060835459619
14,30,27.80178425616933
14,31,26.165272892701026
14,32,22.833241949974898
14,33,22.926254593037406
14,34,19.185649382271926
14,35,17.438309513827143
14,36,15.437112480915838
14,37,12.323802379423116
14,38,12.746293452339968
14,39,10.521722431426573
14,40,12.94793785966834
14,41,11.698437540304251
14,42,14.450980128748682
14,43,15.325239538131079
14,44,16.473650541472836
14,45,14.247785282609792
14,46,12.982138187884214
14,47,10.013056739195687
14,48,10.847410583495304
14,49,8.364787483271618
14,50,10.332667747564015
14,51,12.27651977565467
14,52,12.712525642113818
14,53,9.10076387446645
14,54,9.796224172730698
14,55,7.6374712136518745
14,56,9.238009641057934
14,57,12.712159359334139
14,58,12.658178460894193
14,59,12.29277288245674
14,60,14.75080293400106
14,61,17.268882673537963
14,62,17.488670686788694
14,63,17.58069621552317
14,64,20.986713217131527
14,65,22.625330300087334
14,66,24.14531627220352
15,1,31.553472077263923
15,2,31.766271515548414
15,3,28.073252877835806
15,4,24.998591391621247
15,5,21.33682095155756
15,6,19.357113854644886
15,7,16.580059884731014
15,8,17.855516286645795
15,9,15.724576168576583
15,10,13.417369356686342
15,11,10.489463821081175
15,12,9.81038588271756
15,13,6.411851970801636
15,14,3.8186408632487305
15,16,3.849676808708675
15,17,6.563607588678352
15,18,8.590956591706712
15,19,6.9511062945225
15,20,7.05729905289901
15,21,10.720435625302203
15,22,11.381492873634567
15,23,10.206798569329091
15,24,13.371395853369723
15,25,14.971959582103336
15,26,17.693328399801945
15,27,20.62509428633146
15,28,22.529655954494952
15,29,25.64915313044109
15,30,28.296908582997872
15,31,26.39572439899209
15,32,23.38819959781875
15,33,24.08516923597241
15,34,20.438710313523984
15,35,18.237732584189907
15,36,15.68954799409074
15,37,12.164950616469923
15,38,11.56239975279804
15,39,8.463393011124241
15,40,10.028558415969075
15,41,8.228756205032118
15,42,10.699882401843523
15,43,11.854769798823465
15,44,13.198394674639433
15,45,11.526106014761078
15,46,10.775395598470777
15,47,8.731377267662749
15,48,10.622978884012142
15,49,9.249198227826051
15,50,12.214169267357196
15,51,13.98932062480554
15,52,15.258635795644274
15,53,11.97389082644265
15,54,12.76178639063781
15,55,9.860458445077187
15,56,10.737215821526727
15,57,14.501745327132875
15,58,14.309264159843474
15,59,12.920019017217957
15,60,15.366929986301672
15,61,18.22183023519404
15,62,17.824566940059153
15,63,17.33073145351212
15,64,20.978850387554598
15,65,22.34738424565173
15,66,23.353930438656892
16,1,34.66595543321211
16,2,35.051277272909466
16,3,31.29484407123341
16,4,28.38833796528451
16,5,24.68199905649948
16,6,22.615999517720603
16,7,20.095196491665096
16,8,21.585907418733026
16,9,19.54686962149193
16,10,17.137580979001413
16,11,14.232807535282058
16,12,13.10207165970275
16,13,9.72334458858677
16,14,6.311750843474899
16,15,3.849676808708675
16,17,3.835580062973527
16,18,5.688140486308648
16,19,5.69689328584962
16,20,6.827049020772973
16,21,10.568889165086999
16,22,11.93350797919009
16,23,11.438833409204198
16,24,15.02767636760684
16,25,16.76078096676788
16,26,19.91546649398302
16,27,22.796081213368705
16,28,25.08061189614945
16,29,28.300352557490477
16,30,31.1965819576211
16,31,29.38684844873276
16,32,26.448124563907854
16,33,27.15486135248834
16,34,23.439906956255612
16,35,20.9267091733429
16,36,18.59654759110678
16,37,14.890269282154756
16,38,14.307891072449994
16,39,10.915935676324922
16,40,11.811306859095595
16,41,9.56910216389665
16,42,10.839371768179033
16,43,12.625459332467575
16,44,14.61378202428919
16,45,13.825353171628299
16,46,13.620575931223302
16,47,12.203186728111325
16,48,14.179662641752644
16,49,12.724197623919027
16,50,15.478210064570156
16,51,16.706086899883136
16,52,17.71363125545744
16,53,14.269271809768034
16,54,14.09288152483077
16,55,10.691133998188487
16,56,12.195726610179388
16,57,15.661373845449475
16,58,14.526028615536534
16,59,12.947669621606806
16,60,15.992524711825029
16,61,18.388338794593185
16,62,17.25090736647209
16,63,17.09779930146016
16,64,20.91777562631644
16,65,21.621932609220924
16,66,22.72378587694889
17,1,34.44144175032765
17,2,35.10005358952271
17,3,31.26961470999097
17,4,28.708506297985583
17,5,24.984304918952958
17,6,22.81992230570148
17,7,20.831533970646305
17,8,22.893558401640313
17,9,21.249796605377494
17,10,18.775157962708683
17,11,16.422610645953718
17,12,15.55563290385946
17,13,12.617431528102253
17,14,9.184484829808895
17,15,6.563607588678352
17,16,3.835580062973527
17,18,3.8474682784103735
17,19,5.612679041300665
17,20,5.438067992247431
17,21,8.543669312566974
17,22,9.803223408425364
17,23,9.786210391706504
17,24,13.50584833146226
17,25,15.42784183610979
17,26,18.8553167763297
17,27,21.734795109791456
17,28,24.477798908532414
17,29,27.65022939638279
17,30,30.83562046790176
17,31,29.09378158139446
17,32,26.394370437312343
17,33,27.35002328101817
17,34,23.697994571315583
17,35,20.72087663445198
17,36,18.512553988645795
17,37,14.703332212051992
17,38,14.06044039821357
17,39,10.689549979719798
17,40,11.22304244289664
17,41,9.598225920188971
17,42,10.347527551013153
17,43,13.148600347905983
17,44,14.732404787616135
17,45,14.722197637459928
17,46,14.304479198468062
17,47,13.454867261248713
17,48,15.196145872711021
17,49,13.967140849247475
17,50,16.75303958795905
17,51,17.236584126222134
17,52,18.59796660778801
17,53,15.53359678665069
17,54,15.109964008598665
17,55,11.31668782477643
17,56,12.185535081390412
17,57,15.381302337525721
17,58,13.97879050239405
17,59,11.598807708019846
17,60,14.560134505400372
17,61,16.889799994392224
17,62,15.133646531863462
17,63,14.645139903596366
17,64,18.517404463043864
17,65,18.827212746431105
17,66,19.6271507271732
18,1,36.58063112894286
18,2,37.07598523241304
18,3,33.22779446920197
18,4,30.71946255296245
18,5,27.121126197851012
18,6,24.548056232832103
18,7,22.703487264406533
18,8,24.5925796532178
18,9,23.262206949481378
18,10,21.238768452268978
18,11,18.801206910352985
18,12,18.300159055521135
18,13,14.975325032660288
18,14,11.818085738220706
18,15,8.590956591706712
18,16,5.688140486308648
18,17,3.8474682784103735
18,19,3.8566639899996646
18,20,5.573196512552849
18,21,7.942343127352344
18,22,10.56386838039112
18,23,11.802363517068745
18,24,15.62606107544107
18,25,18.142205362793142
18,26,21.363469208945787
18,27,24.526233860547116
18,28,27.360448517447683
18,29,30.308599386621047
18,30,33.45726140412873
18,31,31.501917683447243
18,32,29.024649191492294
18,33,30.295579451671085
18,34,26.75338087166326
18,35,23.766078041298993
18,36,21.212989125552696
18,37,17.401892222365696
18,38,16.04021905459041
18,39,12.354425341368248
18,40,11.686072867855582
18,41,9.245627107480187
18,42,8.531338007493162
18,43,11.328903740566119
18,44,13.550920230214414
18,45,14.30954808978417
18,46,14.844106240336798
18,47,14.835042496763874
18,48,17.26406486716097
18,49,16.667560079441166
18,50,19.808691645278046
18,51,20.605175019546273
18,52,22.16953138329293
18,53,19.078136734873286
18,54,18.82272283338504
18,55,15.083007482293842
18,56,15.925068192318209
18,57,19.191981297514246
18,58,17.79730128099166
18,59,15.310502752517815
18,60,18.136733697779032
18,61,20.493274350299032
18,62,18.461580843273694
18,63,17.736383801550335
18,64,21.57363546728367
18,65,21.572876496337678
18,66,21.95673854003592
19,1,34.42916061574955
19,2,34.64696540353164
19,3,30.83978086816346
19,4,28.19503326895683
19,5,24.71631220814919
19,6,21.927350935972946
19,7,19.967216038590383
19,8,21.560649877222907
19,9,20.42286243239625
19,10,18.846646542949163
19,11,16.444461806525144
19,12,16.551726348006852
19,13,13.116264012316641
19,14,10.686647214738048
19,15,6.9511062945225
19,16,5.69689328584962
19,17,5.612679041300665
19,18,3.8566639899996646
19,20,3.86799057495642
19,21,6.630441814240196
19,22,9.507935099517164
19,23,10.824985179345825
19,24,14.555230933276055
19,25,17.386894643495484
19,26,20.168559088770486
19,27,23.595298360332496
19,28,26.154437119126484
19,29,28.89854728493803
19,30,31.798806731799203
19,31,29.61806339580089
19,32,27.204178520582975
19,33,28.660205398596883
19,34,25.244269794727757
19,35,22.507545394932386
19,36,19.540497215850422
19,37,15.838236842936576
19,38,13.925937208288303
19,39,10.099087965170764
19,40,9.013934120143183
19,41,5.884270801500976
19,42,5.506010048203284
19,43,7.790147245086533
19,44,10.10334287697581
19,45,10.581283178274047
19,46,11.475661543727474
19,47,11.774201061929036
19,48,14.689642975452013
19,49,14.685001467068489
19,50,18.166873784793722
19,51,19.520645403970555
19,52,21.405194632753826
19,53,18.41523788231551
19,54,18.911414717228602
19,55,15.435387801117304
19,56,15.88712789374144
19,57,19.5162492298603
19,58,18.826413237379782
19,59,16.396592496684832
19,60,18.82514457819404
19,61,21.68236632341427
19,62,20.201447939816475
19,63,19.089163492832647
19,64,22.88801452279056
19,65,23.464067605591204
19,66,23.650691403347913
20,1,31.20510252671846
20,2,31.63330898567345
20,3,27.784857783727038
20,4,25.356583402945315
20,5,21.83943679010789
20,6,19.10545295349158
20,7,17.51219723635948
20,8,19.650663930634767
20,9,18.782927516272657
20,10,17.075085374512962
20,11,15.296502927327602
20,12,15.740912302672584
20,13,12.906078186159917
20,14,10.641542592120455
20,15,7.05729905289901
20,16,6.827049020772973
20,17,5.438067992247431
20,18,5.573196512552849
20,19,3.86799057495642
20,21,3.8043356175039724
20,22,5.769973875220147
20,23,7.0402990279348705
20,24,10.775092686604017
20,25,13.735571960256351
20,26,16.53061553244474
20,27,19.981067274819885
20,28,22.714406328520166
20,29,25.402422511050737
20,30,28.43541002931765
20,31,26.31038241819564
20,32,24.02443612479716
20,33,25.64192004350438
20,34,22.311940515048597
20,35,19.328554326539933
20,36,16.397469403162113
20,37,12.692732667868354
20,38,10.755995192112822
20,39,7.045552447376644
20,40,6.1786957069625235
20,41,4.576276879770663
20,42,5.6392263095733055
20,43,8.786791027840664
20,44,9.582134594868121
20,45,10.01033958853383
20,46,9.776881972905183
20,47,10.119410724022801
20,48,12.48786021789139
20,49,12.653198627844654
20,50,16.140020990936883
20,51,17.005363457209764
20,52,19.313055963263736
20,53,16.78523888131415
20,54,17.544639350869765
20,55,14.047555331993646
20,56,13.64018172254356
20,57,17.18044505766373
20,58,16.89931767953514
20,59,14.03076595031332
20,60,15.926508694133073
20,61,19.04939454344399
20,62,17.703032695854997
20,63,16.073434208492305
20,64,19.753346958437113
20,65,20.602798796711063
20,66,20.520765078641453
21,1,30.46942062328427
21,2,30.967820992155243
21,3,27.128902860224972
21,4,25.109385526139874
21,5,21.81703554416135
21,6,18.781617841757758
21,7,17.92021699071897
21,8,20.37662108993751
21,9,20.194068087363306
21,10,18.88754591078626
21,11,17.72125458690744
21,12,18.68696385627459
21,13,16.165721268153288
21,14,14.221529430092842
21,15,10.720435625302203
21,16,10.568889165086999
21,17,8.543669312566974
21,18,7.942343127352344
21,19,6.630441814240196
21,20,3.8043356175039724
21,22,3.853213595086747
21,23,7.039049347426208
21,24,10.190241182741644
21,25,13.702274050070187
21,26,16.139885648308855
21,27,19.740113379561294
21,28,22.726823873955098
21,29,25.02550390639855
21,30,28.12483281980126
21,31,25.890338339754994
21,32,24.08704448989389
21,33,26.179770845377835
21,34,23.161150970596857
21,35,19.97671494250421
21,36,16.93468473173438
21,37,13.525776540848526
21,38,11.021269309215297
21,39,7.862361521373848
21,40,5.557705912050312
21,41,5.33619802089279
21,42,5.15426818694094
21,43,8.851006541908196
21,44,8.635923255590077
21,45,10.23042370557635
21,46,10.111094243116495
21,47,11.581158672362912
21,48,13.826246381208799
21,49,14.728118126252282
21,50,18.242621518154003
21,51,18.783183205691536
21,52,21.536364275675357
21,53,19.477600616193694
21,54,20.428319159365213
21,55,16.97379516825578
21,56,15.940013507675308
21,57,19.229835902842964
21,58,19.18031150506521
21,59,15.88462655207112
21,60,17.172125712181902
21,61,20.387313410226337
21,62,18.85285748921792
21,63,16.58118034879636
21,64,19.98580361480113
21,65,20.723378895343508
21,66,19.92542303723801
22,1,27.228187475705035
22,2,27.970673580151228
22,3,24.11834261505515
22,4,22.29031370749771
22,5,18.958370523284568
22,6,16.183090224728158
22,7,15.679314882792859
22,8,18.62828749163104
22,9,18.59144143382048
22,10,17.110382600401785
22,11,16.59014223086993
22,12,17.72393779859522
22,13,15.913809472097395
22,14,14.269270986888165
22,15,11.381492873634567
22,16,11.93350797919009
22,17,9.803223408425364
22,18,10.56386838039112
22,19,9.507935099517164
22,20,5.769973875220147
22,21,3.853213595086747
22,23,3.827717238427728
22,24,6.460606319136518
22,25,10.03876697902525
22,26,12.436208441470928
22,27,15.986917312317033
22,28,19.094734214199992
22,29,21.37876761142741
22,30,24.59737139889668
22,31,22.48822175761799
22,32,20.75007274576422
22,33,22.893669186867772
22,34,19.98461526448924
22,35,16.627078099340174
22,36,13.767147978661887
22,37,10.553050115568551
22,38,8.318662508414256
22,39,6.077638158232682
22,40,4.974162520683063
22,41,7.031144251620909
22,42,8.419142336746917
22,43,11.627493425703461
22,44,10.40225483884041
22,45,11.239166051618714
22,46,9.778621272752462
22,47,10.810115462118084
22,48,12.064729656574755
22,49,12.963925145689082
22,50,16.16432814100686
22,51,16.15742388343555
22,52,19.193959223261267
22,53,17.69375920410831
22,54,18.87498614708077
22,55,15.680199192478087
22,56,13.8634345632125
22,57,16.851960195769248
22,58,17.307070761206408
22,59,13.855157376315013
22,60,14.407790807194612
22,61,17.82067984019259
22,62,16.656619457840375
22,63,13.931295571375644
22,64,17.060973843382364
22,65,18.258305256666446
22,66,17.301848631187422
23,1,25.22614089581994
23,2,26.104120657212842
23,3,22.246866933901
23,4,20.214844814815805
23,5,16.64451789895163
23,6,14.420280174002958
23,7,13.571143848017439
23,8,16.693564918615625
23,9,16.22947029330804
23,10,14.247687122261762
23,11,13.943802544577371
23,12,14.880013503761715
23,13,13.667156333598312
23,14,12.254049098061696
23,15,10.206798569329091
23,16,11.438833409204198
23,17,9.786210391706504
23,18,11.802363517068745
23,19,10.824985179345825
23,20,7.0402990279348705
23,21,7.039049347426208
23,22,3.827717238427728
23,24,3.836152048751189
23,25,6.80910282468607
23,26,9.661837018007137
23,27,13.051451831656028
23,28,16.03118303797655
23,29,18.700552286404506
23,30,21.963049549706113
23,31,20.06141632578601
23,32,17.91306075629122
23,33,19.676643552122403
23,34,16.553731853281135
23,35,13.158563392981945
23,36,10.532117789882248
23,37,7.104797791825986
23,38,5.884269650910244
23,39,4.402409478319622
23,40,5.99603667275742
23,41,8.409039904295831
23,42,10.962230565949762
23,43,13.713727665211481
23,44,12.49625821039147
23,45,12.174114751939074
23,46,9.709766699994494
23,47,9.42996182074205
23,48,9.648609403369651
23,49,9.899889384050779
23,50,12.734304969884496
23,51,12.401880271308181
23,52,15.444278029212564
23,53,14.177125763815274
23,54,15.519640820646897
23,55,12.624431482948394
23,56,10.340400886898442
23,57,13.269174806020287
23,58,14.165748672164774
23,59,10.91652166456798
23,60,11.143208255779594
23,61,14.782967730398894
23,62,14.24178561952824
23,63,11.634798041221293
23,64,14.734162792735125
23,65,16.536197871282262
23,66,16.110195723852758
24,1,21.775920042458125
24,2,22.885700950940535
24,3,19.065293740482005
24,4,17.396317746004026
24,5,13.966044454226752
24,6,12.069715779895793
24,7,12.00132856065444
24,8,15.58223421271564
24,9,15.620202530948358
24,10,13.857439350726818
24,11,14.57865337798286
24,12,15.947672372111132
24,13,15.59824887198312
24,14,14.833067847533757
24,15,13.371395853369723
24,16,15.02767636760684
24,17,13.50584833146226
24,18,15.62606107544107
24,19,14.555230933276055
24,20,10.775092686604017
24,21,10.190241182741644
24,22,6.460606319136518
24,23,3.836152048751189
24,25,3.844793440810064
24,26,6.035393140003643
24,27,9.550065356317786
24,28,12.661724853949815
24,29,15.094434776161092
24,30,18.444044976613835
24,31,16.604486524377794
24,32,14.73805515027134
24,33,16.790223193327737
24,34,14.041766534283754
24,35,10.49894209202299
24,36,8.075302702543233
24,37,5.664262341166121
24,38,5.048933047843674
24,39,6.23322009734682
24,40,8.059126416955985
24,41,11.327447984142148
24,42,14.016551167413427
24,43,16.447410895535093
24,44,14.489770733103166
24,45,13.959565811959221
24,46,10.874784981698198
24,47,10.608778138469038
24,48,9.64762130165207
24,49,10.31124398980917
24,50,12.45903420670994
24,51,11.481638388930186
24,52,14.95199642013755
24,53,14.667412640373499
24,54,16.43205133010414
24,55,14.191643339629463
24,56,11.074993415692111
24,57,13.287268227817043
24,58,14.990408927712583
24,59,11.908038442966413
24,60,10.832930473908824
24,61,14.558353350741655
24,62,14.659520644781077
24,63,11.551877325770445
24,64,13.843547387023861
24,65,16.253553093232703
24,66,15.45349910236272
25,1,20.36205141413927
25,2,21.819481698034203
25,3,18.14788377745877
25,4,16.58017822464393
25,5,13.133941313674438
25,6,12.319793403905194
25,7,12.25268449340562
25,8,15.89795839811045
25,9,15.601906121494258
25,10,13.384931011988044
25,11,14.588611943493325
25,12,15.59004893448786
25,13,16.07445003055682
25,14,15.534960661674784
25,15,14.971959582103336
25,16,16.76078096676788
25,17,15.42784183610979
25,18,18.142205362793142
25,19,17.386894643495484
25,20,13.735571960256351
25,21,13.702274050070187
25,22,10.03876697902525
25,23,6.80910282468607
25,24,3.844793440810064
25,26,3.8385474260560275
25,27,6.405418029166518
25,28,9.626110021497183
25,29,12.560443213069938
25,30,16.090596179745244
25,31,14.751424152525212
25,32,12.566414513772095
25,33,14.085014493316407
25,34,11.268263115450656
25,35,7.471397030268109
25,36,6.309935033862583
25,37,5.00936377635428
25,38,6.8171163750759805
25,39,8.903838561889675
25,40,11.54033114780618
25,41,14.6004463115456
25,42,17.53438367851273
25,43,19.87063835512163
25,44,18.023289518856913
25,45,17.035339707639142
25,46,13.628312694725967
25,47,12.503551489178278
25,48,10.453290010636088
25,49,10.237927827122794
25,50,11.192090189681922
25,51,9.157931857375331
25,52,12.51770400667675
25,53,13.035214531315296
25,54,14.76944122925326
25,55,13.21525271606711
25,56,9.56761052462241
25,57,10.839055988741304
25,58,13.147978054798973
25,59,10.549395237672023
25,60,8.424095662940694
25,61,12.043476543906921
25,62,12.976245674504616
25,63,10.020432265693666
25,64,11.632084785899007
25,65,14.694276366228816
25,66,14.322357750717009
26,1,16.561988513538182
26,2,18.094809721925465
26,3,14.469224320962606
26,4,13.245185237786528
26,5,10.11485505832044
26,6,9.737633866870688
26,7,10.594929934788286
26,8,14.36447733056189
26,9,14.773250148315674
26,10,13.24296827784316
26,11,15.35547535254263
26,12,17.004825094978585
26,13,17.993057994273173
26,14,18.142983431651288
26,15,17.693328399801945
26,16,19.91546649398302
26,17,18.8553167763297
26,18,21.363469208945787
26,19,20.168559088770486
26,20,16.53061553244474
26,21,16.139885648308855
26,22,12.436208441470928
26,23,9.661837018007137
26,24,6.035393140003643
26,25,3.8385474260560275
26,27,3.865006123074911
26,28,6.749204061016903
26,29,9.094910189862478
26,30,12.556003416738909
26,31,11.052287426054956
26,32,9.283121269595076
26,33,11.440425720290005
26,34,9.39134266345781
26,35,5.98092185904969
26,36,4.98135330029836
26,37,6.051215750234028
26,38,7.514961001199044
26,39,10.722136518032531
26,40,13.070639053069197
