1,2,3.8739899741897466
1,3,6.802485055630431
1,4,10.477700367704617
1,5,13.802220445071757
1,6,15.12520665237705
1,7,12.56405512691822
1,8,15.222521447315131
1,9,17.729387503532088
1,10,16.215826713086464
1,11,14.93560895750656
1,12,18.64131028000663
1,13,19.844310142766755
1,14,17.652613129009094
1,15,18.798753052875963
1,16,22.375859489590827
1,17,22.256360008677355
1,18,21.06770148375301
1,19,23.71192309721581
1,20,26.335079009817257
1,21,25.698802722798437
1,22,25.832551485637513
1,23,28.964921792380977
1,24,29.96744974937553
1,25,30.571907307621895
1,26,34.129919619278695
1,27,33.17116644553038
1,28,31.53713841028872
1,29,34.99404267665492
1,30,36.24384644591535
1,31,33.29967353365398
1,32,33.24148831811384
1,33,30.687369241651226
1,34,30.961958602398845
1,35,29.953054894341584
1,36,30.952651074031923
1,37,34.13863524554425
1,38,34.83512392502568
1,39,33.077379739971896
1,40,30.490128712128584
1,41,32.54694720509985
1,42,31.201267320757232
1,43,34.61737123012757
1,44,34.33911177039564
1,45,30.71272912365735
1,46,30.541297376263305
1,47,28.377547782848502
1,48,25.029159165630183
1,49,22.84528331379554
1,50,25.479348027370587
1,51,25.400453633831212
1,52,21.665167707291793
1,53,21.864107341586024
1,54,24.967877077016958
1,55,23.4740862181123
1,56,20.417055395113874
1,57,23.07719127789833
1,58,24.786263465272878
1,59,21.969393704440247
1,60,22.849509070506585
1,61,24.21065200772864
1,62,24.14466147926503
1,63,21.753546388643905
1,64,18.927716592207986
1,65,16.66299217152796
1,66,17.129882616586492
1,67,15.48436363446135
1,68,11.965822930478557
1,69,13.734605334912725
1,70,16.121211038019556
1,71,13.805665810431817
1,72,12.01878839230128
1,73,15.705360155896942
1,74,16.869933379115345
1,75,14.551827051496398
1,76,15.4105814075943
1,77,19.145749224983195
1,78,19.1707510884231
1,79,17.79815170346942
1,80,19.636716562001716
1,81,22.83778860335713
1,82,25.7624346201333
1,83,25.797662909202224
1,84,28.043049514244892
1,85,30.63342550170833
1,86,29.451842370989805
1,87,32.78744565304049
1,88,34.859794487410625
1,89,32.71918494322848
1,90,35.07274614703829
1,91,33.85636344862702
1,92,35.39988658030841
1,93,35.150574092979035
1,94,34.87096667592042
1,95,34.523333126466966
1,96,31.21969120821497
1,97,32.74567082031307
1,98,33.435856454232855
1,99,29.966331507722398
1,100,28.490173142678564
1,101,30.905845465861873
1,102,30.072731718958927
1,103,26.339442978949588
1,104,27.304252403639055
1,105,29.48637924158297
1,106,26.81993629788072
1,107,24.313365438577826
1,108,27.214433479331017
1,109,27.882278567395886
1,110,24.5664218512467
1,111,24.51701822515813
1,112,22.30371451909092
1,113,23.883525037398478
1,114,25.437689744548713
1,115,28.91766849179036
2,1,3.8739899741897466
2,3,3.8070686287778854
2,4,7.044787947512606
2,5,10.641692209696942
2,6,12.079439313277986
2,7,10.161757281740742
2,8,13.359548463522767
2,9,15.600898707145037
2,10,14.544437576623185
2,11,13.979378250211171
2,12,17.59667106615235
2,13,18.813059065831858
2,14,17.26973264004202
2,15,18.783348250232248
2,16,22.10763503776618
2,17,22.159725912243243
2,18,21.615949361244763
2,19,24.21480695202231
2,20,26.62723050326588
2,21,26.395554360237576
2,22,26.937853680527034
2,23,30.324704011314132
2,24,31.513860184381645
2,25,32.53204360171575
2,26,36.18246270935119
2,27,35.34221098937859
2,28,33.38183566079429
2,29,36.67130646976938
2,30,38.06722154116569
2,31,35.076261272315676
2,32,34.73287222771755
2,33,32.007181546724624
2,34,32.01323131417416
2,35,30.56287298597971
2,36,31.132395141211354
2,37,34.2091535371316
2,38,34.48112034306517
2,39,32.46480521029249
2,40,29.597457218232993
2,41,31.257931689867192
2,42,29.510284618068432
2,43,32.832713859497666
2,44,32.85717538495219
2,45,29.385416646687194
2,46,29.632188991963535
2,47,27.88942947465555
2,48,24.381665223201832
2,49,22.603295697303487
2,50,25.637677201793817
2,51,25.482956630115556
2,52,21.869415326833753
2,53,22.597936792625475
2,54,25.846998792905655
2,55,24.260673971059283
2,56,21.619296261239718
2,57,24.637238933290046
2,58,26.292485738483542
2,59,23.642377441914824
2,60,25.0516500840052
2,61,26.39943621668586
2,62,26.007759612362708
2,63,23.280320161646415
2,64,20.89505780286004
2,65,18.30123654258347
2,66,18.16353217307193
2,67,16.90338157647679
2,68,13.162006637844595
2,69,13.907090936436672
2,70,16.34387264760575
2,71,14.254730179672787
2,72,11.582864483066208
2,73,14.828456916255197
2,74,16.378961743376298
2,75,13.74990280597324
2,76,13.714261733244706
2,77,17.52439773517631
2,78,17.868486061093225
2,79,15.916281956102532
2,80,17.237731539661183
2,81,20.671424833784652
2,82,23.824077628864252
2,83,24.391486841398375
2,84,26.868298496812304
2,85,29.76782290950831
2,86,29.0640025996605
2,87,32.54984446240502
2,88,34.629621876482965
2,89,32.69977601907446
2,90,35.30513337183453
2,91,34.356610239636986
2,92,36.050942662509286
2,93,36.15701129018725
2,94,35.80264509127026
2,95,35.664043856461156
2,96,32.45974689839355
2,97,33.70998143015134
2,98,34.09061606248908
2,99,30.673902593272672
2,100,29.08867964786126
2,101,31.101689336513914
2,102,30.149936321189344
2,103,26.413140179235707
2,104,27.100979993792503
2,105,28.942892184234992
2,106,26.187574831320767
2,107,23.540031424467134
2,108,26.09881040283982
2,109,26.516049508391326
2,110,23.134930483482126
2,111,22.52236915069859
2,112,19.901250913202205
2,113,21.254460711536066
2,114,23.078284166162884
2,115,26.736278082999323
3,1,6.802485055630431
3,2,3.8070686287778854
3,4,3.829877469941665
3,5,7.01956581557651
3,6,8.767780762448144
3,7,7.145675217156896
3,8,10.183723896662038
3,9,12.705996021272048
3,10,12.409200429969554
3,11,11.823447923602558
3,12,15.11134474797008
3,13,16.812919311949795
3,14,15.874309292860522
3,15,17.110755995474758
3,16,20.293442463427816
3,17,20.898343545050693
3,18,20.68770669134747
3,19,22.88304305477918
3,20,25.362938414829173
3,21,25.673952567736084
3,22,26.235852572748676
3,23,29.757895459366285
3,24,30.813081951845245
3,25,32.17106046605722
3,26,35.80670933301059
3,27,34.87834247391637
3,28,32.58116307143226
3,29,35.72772152842486
3,30,37.080760838024666
3,31,33.96686654570914
3,32,33.25507718755158
3,33,30.32349928031022
3,34,30.005641820073194
3,35,28.224490781360558
3,36,28.432136655133814
3,37,31.454338188406474
3,38,31.45555371937235
3,39,29.377898808470697
3,40,26.337732485396874
3,41,27.79622978826357
3,42,25.909199441912676
3,43,29.158347889867365
3,44,29.22453034752044
3,45,25.813234044967487
3,46,26.22481585324597
3,47,24.718368453656034
3,48,21.1601170123585
3,49,19.650186273749526
3,50,22.91737864313882
3,51,22.753670270658972
3,52,19.306601002228383
3,53,20.39574985076076
3,54,23.735420918216267
3,55,22.210411850316675
3,56,19.975964001157685
3,57,23.20970872941852
3,58,24.9165981661663
3,59,22.616583767073415
3,60,24.517109140290682
3,61,26.073520028159347
3,62,25.629009865597535
3,63,22.51755177254605
3,64,20.501937641342725
3,65,17.97214246482723
3,66,17.04050519471359
3,67,15.846531858899258
3,68,12.208638120570207
3,69,12.157161809804991
3,70,14.172198392234867
3,71,12.173562910134851
3,72,9.014988160685766
3,73,11.782197160169021
3,74,13.404602891560591
3,75,10.66968888950347
3,76,10.103559486503194
3,77,13.894244841722914
3,78,14.458606818263593
3,79,12.410487192217644
3,80,13.49054755934512
3,81,16.902490702488503
3,82,20.128983284124438
3,83,20.857969842880443
3,84,23.365759706687367
3,85,26.407739921577175
3,86,25.972222569619916
3,87,29.542652972497166
3,88,31.572843435999687
3,89,29.781462004290873
3,90,32.5449116827142
3,91,31.82513238426119
3,92,33.676167249957274
3,93,34.111018647409765
3,94,33.81217868743986
3,95,33.975036837937026
3,96,30.972237125543376
3,97,32.12834334051385
3,98,32.12518325015909
3,99,28.70453286017938
3,100,27.25929303950295
3,101,28.967104564567855
3,102,27.735473981661162
3,103,24.084215440841895
3,104,24.808120219380136
3,105,26.278643343828826
3,106,23.3351624528092
3,107,20.830721758160376
3,108,23.292501037243962
3,109,23.352771280960756
3,110,19.85272735064157
3,111,19.061746925570553
3,112,16.450076196150953
3,113,17.583418068341413
3,114,19.301529590877006
3,115,22.968050552678065
4,1,10.477700367704617
4,2,7.044787947512606
4,3,3.829877469941665
4,5,3.857053817968672
4,6,5.508149592688458
4,7,5.439119848641224
4,8,8.746097942278517
4,9,10.628603118061204
4,10,11.131974986265103
4,11,11.488197128251846
4,12,14.263081838819241
4,13,15.899178178614099
4,14,15.817005257572818
4,15,17.31252579590822
4,16,20.007509955677467
4,17,20.806919082947413
4,18,21.272342429040844
4,19,23.294314932341866
4,20,25.46324266341868
4,21,26.200770913680472
4,22,27.1372715843565
4,23,30.808710175478584
4,24,32.02464180075716
4,25,33.76864250237863
4,26,37.432704103947636
4,27,36.659477365058265
4,28,34.08146648348
4,29,36.99058118143256
4,30,38.49576227032937
4,31,35.41549644098194
4,32,34.46260572689419
4,33,31.461222011314657
4,34,30.937255206178342
4,35,28.736626083416382
4,36,28.51579786593496
4,37,31.30245467716323
4,38,30.84816675949787
4,39,28.489999666854125
4,40,25.240805527277328
4,41,26.23143562025181
4,42,23.937407565997113
4,43,27.064818790987953
4,44,27.527283778085874
4,45,24.371988941775953
4,46,25.303986015332153
4,47,24.338578531298147
4,48,20.69442678412041
4,49,19.811218778141967
4,50,23.331299341784696
4,51,22.96475517507573
4,52,19.811285738789977
4,53,21.47937905658777
4,54,24.745940059196766
4,55,23.09859525469282
4,56,21.411956737257565
4,57,24.875817313340914
4,58,26.381970093133408
4,59,24.288534003741667
4,60,26.62525968026855
4,61,28.070053538007862
4,62,27.30158284266083
4,63,23.98893733856142
4,64,22.49397953924286
4,65,19.777903621168957
4,66,18.354646835579725
4,67,17.682314698395743
4,68,14.201984976942661
4,69,13.115956994780827
4,70,14.991006398551454
4,71,13.604778542128493
4,72,9.968935866710439
4,73,11.627245994821354
4,74,13.697405676541964
4,75,11.139022186930944
4,76,9.24469789385304
4,77,12.728958991577723
4,78,13.9304519676484
4,79,11.445137843938449
4,80,11.46295494214191
4,81,14.932485615182712
4,82,18.428329826292423
4,83,19.78608663081317
4,84,22.36175983627267
4,85,25.707313888082503
4,86,25.816012328984893
4,87,29.487095657853555
4,88,31.37676062445248
4,89,29.777567214994242
4,90,32.694345483142286
4,91,32.20713289880835
4,92,34.10847152724452
4,93,34.86905602697304
4,94,34.43945242241189
4,95,34.773232061426725
4,96,31.920856500121655
4,97,32.739987021128826
4,98,32.43639503423196
4,99,29.17743112252403
4,100,27.624869878380853
4,101,28.85350750594142
4,102,27.56451112520822
4,103,24.026087790219407
4,104,24.390067058270525
4,105,25.450872238550318
4,106,22.536117609208308
4,107,19.945017655259317
4,108,21.906303326139895
4,109,21.700294219341252
4,110,18.269498536633147
4,111,16.81939416188061
4,112,13.772899940036814
4,113,14.664188395309797
4,114,16.7693119780003
4,115,20.574723418574298
5,1,13.802220445071757
5,2,10.641692209696942
5,3,7.01956581557651
5,4,3.857053817968672
5,6,3.855641050926418
5,7,5.709577371491731
5,8,7.630693142284745
5,9,9.537567479671955
5,10,11.34445155265472
5,11,11.717205057261543
5,12,13.604928551303738
5,13,15.76043178349187
5,14,16.448503922288936
5,15,17.47855806904629
5,16,19.820969446466563
5,17,21.230808975349376
5,18,22.001839267509585
5,19,23.48112132840835
5,20,25.65847113308219
5,21,26.93804262711817
5,22,27.824797551166988
5,23,31.511108982081364
5,24,32.52571015649086
5,25,34.53196409082563
5,26,38.09909300553492
5,27,37.20992664931434
5,28,34.365811562942625
5,29,37.09267318912802
5,30,38.485183377818196
5,31,35.310697420780926
5,32,33.97024885361501
5,33,30.79020900054098
5,34,29.874196116526058
5,35,27.35579775600626
5,36,26.65841742667372
5,37,29.33439638391108
5,38,28.52003223195677
5,39,26.14880421502005
5,40,22.68925019149173
5,41,23.303850595443283
5,42,20.766708427689853
5,43,23.69293874208531
5,44,24.215425762421138
5,45,21.21778798892308
5,46,22.397590833102157
5,47,21.832726743919388
5,48,18.26958853909955
5,49,17.81963078560716
5,50,21.52178407919687
5,51,21.23982815106446
5,52,18.496748048124932
5,53,20.48095752137306
5,54,23.736736297813792
5,55,22.30470795314384
5,56,21.1592360440692
5,57,24.649731756185414
5,58,26.21623337674627
5,59,24.600545502772285
5,60,27.292649779429475
5,61,28.94338194456814
5,62,28.21197754232029
5,63,24.65411795284908
5,64,23.52515944270731
5,65,21.0606688917555
5,66,18.982532340681615
5,67,18.351480165799536
5,68,15.322475155128128
5,69,13.617816488440614
5,70,14.694381802258937
5,71,13.53903763235584
5,72,9.989506533000414
5,73,10.421454032805023
5,74,12.260500483232269
5,75,9.842114777243303
5,76,6.997790391856756
5,77,9.863455363977495
5,78,11.35966740561976
5,79,8.678445355964568
5,80,7.879777439910897
5,81,11.320904503240328
5,82,14.887034337943236
5,83,16.61221005971506
5,84,19.26591757797178
5,85,22.7537695735522
5,86,23.286627669985187
5,87,26.96189789274591
5,88,28.809275748971476
5,89,27.486527955497483
5,90,30.583739561531676
5,91,30.44190743150177
5,92,32.54169132245475
5,93,33.69514884620052
5,94,33.38883391086744
5,95,34.088824339423326
5,96,31.539172937132488
5,97,32.27537092064575
5,98,31.52607557623765
5,99,28.327836339301914
5,100,27.027740969332037
5,101,27.864283243570643
5,102,26.22862666154663
5,103,22.93233964252978
5,104,23.358238925836677
5,105,23.862831889193924
5,106,20.759349709729026
5,107,18.515066959055073
5,108,20.22559129858118
5,109,19.429086925626507
5,110,15.91381759221413
5,111,14.079239832535128
5,112,11.05624910581239
5,113,11.264966331299899
5,114,13.165447865470208
5,115,16.997016213753007
6,1,15.12520665237705
6,2,12.079439313277986
6,3,8.767780762448144
6,4,5.508149592688458
6,5,3.855641050926418
6,7,3.821754835115153
6,8,5.601145289207826
6,9,6.163947083706179
6,10,8.143257924677997
6,11,9.444679548568795
6,12,10.99117057698289
6,13,12.625543928886694
6,14,13.796148346358704
6,15,15.254796677454474
6,16,17.130473831042448
6,17,18.371130519734233
6,18,19.648887738423205
6,19,21.177488581286998
6,20,22.946475003820847
6,21,24.35947389727984
6,22,25.638682767618317
6,23,29.397919843466266
6,24,30.716241386244093
6,25,32.99838749598535
6,26,36.614405155696986
6,27,36.06371451809699
6,28,33.09754898785441
6,29,35.59450598526703
6,30,37.304446528367826
6,31,34.352382058925166
6,32,33.115804233211115
6,33,30.149097243183785
6,34,29.488513649193145
6,35,26.779597923056954
6,36,26.132282962282154
6,37,28.463791305143747
6,38,27.51705550325688
6,39,24.77127061375528
6,40,21.46014964738568
6,41,22.026258912462737
6,42,19.464202869993493
6,43,22.60803676204804
6,44,23.593283049445372
6,45,20.765982800333862
6,46,22.348577119344306
6,47,22.03140281749778
6,48,18.313628556822806
6,49,18.442968838761583
6,50,21.976759673299398
6,51,21.018564852119493
6,52,18.34520964922702
6,53,20.853973039851905
6,54,23.713690239788566
6,55,21.756570344887653
6,56,20.93159437961445
6,57,24.629671697230773
6,58,25.64247197045895
6,59,23.880305726091148
6,60,26.815701220428238
6,61,28.030850677524235
6,62,26.825574921274896
6,63,23.29885492617646
6,64,22.67137692298821
6,65,19.892426305991858
6,66,17.74564100576538
6,67,17.905277514379318
6,68,14.98692990379177
6,69,12.54462735576467
6,70,14.0464377003904
6,71,13.901374773821459
6,72,10.199171233937292
6,73,10.016418869470039
6,74,12.814600704885558
6,75,11.428909190919855
6,76,8.162822793022293
6,77,10.607293287215631
6,78,13.14894955050697
6,79,11.232651263853896
6,80,9.620250701020918
6,81,12.246957681194587
6,82,16.030584080556274
6,83,17.824850394266605
6,84,19.912220912554723
6,85,23.54626320009698
6,86,24.176475182249956
6,87,27.951634949687442
6,88,29.332442048935455
6,89,27.73788070273945
6,90,30.607004873841724
6,91,30.212818597664352
6,92,31.95987161695201
6,93,33.03462524323463
6,94,32.31450453701936
6,95,32.79637463884648
6,96,30.188739747347515
6,97,30.504774239194433
6,98,29.82657567554789
6,99,26.883189188014786
6,100,25.189612907432778
6,101,25.76057379483407
6,102,24.48383372733265
6,103,21.183053110381557
6,104,21.042750478400173
6,105,21.598293998597352
6,106,18.87129331077831
6,107,16.204328529544348
6,108,17.508770007333773
6,109,17.102484434160214
6,110,13.934980462830614
6,111,11.8970295165113
6,112,8.513571509701098
6,113,9.739939026904745
6,114,12.478003517582763
6,115,16.247852858535026
7,1,12.56405512691822
7,2,10.161757281740742
7,3,7.145675217156896
7,4,5.439119848641224
7,5,5.709577371491731
7,6,3.821754835115153
7,8,3.83502169192968
7,9,5.563911407950613
7,10,5.989175257751398
7,11,6.345438942804986
7,12,8.88049771699808
7,13,10.54371203553411
7,14,10.837305534408424
7,15,12.288719064827196
7,16,14.69703511693792
7,17,15.70929984978513
7,18,16.502376373604566
7,19,18.29082038757895
7,20,20.308251539723774
7,21,21.37745008023124
7,22,22.462743245609904
7,23,26.20039913530753
7,24,27.514004553641616
7,25,29.61032395077654
7,26,33.271304362457165
7,27,32.72988977050499
7,28,29.91455809636139
7,29,32.56213453701326
7,30,34.30265953303321
7,31,31.392094810472575
7,32,30.429349699703643
7,33,27.600677616935805
7,34,27.28703212408522
7,35,24.87209907102305
7,36,24.73483106706418
7,37,27.2040641410385
7,38,26.735164327830372
7,39,24.107533131174037
7,40,21.094030280569857
7,41,22.305263628919782
7,42,20.295022965487817
7,43,23.748373228904065
7,44,24.406051378306987
7,45,21.266561955910962
7,46,22.3852530142229
7,47,21.504098905800813
7,48,17.690558536398587
7,49,17.383687827025224
7,50,20.655082228288535
7,51,19.503943833014286
7,52,16.421621270814587
7,53,18.72983942469723
7,54,21.510454753939783
7,55,19.308623125556565
7,56,18.09345403166403
7,57,21.810340147913305
7,58,22.711661217170775
7,59,20.63262846839844
7,60,23.404098709433143
7,61,24.510672556336814
7,62,23.325731727065037
7,63,19.885734497616905
7,64,19.0672614072133
7,65,16.200235582771267
7,66,14.298040084317407
7,67,14.471891559648592
7,68,11.379861838463954
7,69,9.096257484348223
7,70,11.174409343767284
7,71,11.10402126411494
7,72,7.34623828138618
7,73,8.034275139368665
7,74,11.213204532480503
7,75,10.150146869476373
7,76,7.78014784609784
7,77,10.842814372175598
7,78,13.247803133179119
7,79,12.01824582869755
7,80,11.394247580610987
7,81,13.870548875855572
7,82,17.518914506559177
7,83,18.575967628443202
7,84,20.35894584951604
7,85,23.774859779894488
7,86,23.817885767842977
7,87,27.608876902960798
7,88,28.91270607711557
7,89,26.913617406726114
7,90,29.524003763572743
7,91,28.71558582486388
7,92,30.235685632356414
7,93,30.923685113241554
7,94,30.108182475884096
7,95,30.29663565180186
7,96,27.45332514435277
7,97,27.920088021684247
7,98,27.599334694571517
7,99,24.541228320786516
7,100,22.718434506354132
7,101,23.73817719029037
7,102,22.68696277085896
7,103,19.137164250568826
7,104,19.156886262262567
7,105,20.313656618719637
7,106,17.659940655473672
7,107,14.77467392931959
7,108,16.688569649588686
7,109,16.893183052416635
7,110,13.699997026145006
7,111,12.660371033126008
7,112,9.948240135153364
7,113,12.02052190730811
7,114,14.390167597834854
7,115,17.94561396904636
8,1,15.222521447315131
8,2,13.359548463522767
8,3,10.183723896662038
8,4,8.746097942278517
8,5,7.630693142284745
8,6,5.601145289207826
8,7,3.83502169192968
8,9,3.8407207386589497
8,10,5.601359932810964
8,11,4.881303075010004
8,12,6.017518232045434
8,13,8.706007769349284
8,14,9.679130475019466
8,15,10.172840575963187
8,16,12.281777236950976
8,17,14.106971090282602
8,18,15.007262189896275
8,19,16.07566763733626
8,20,18.228205205756375
8,21,19.85239617547201
8,22,20.720675259245542
8,23,24.407089093539405
8,24,25.451125163484335
8,25,27.79557491245075
8,26,31.328283578174126
8,27,30.69937197488128
8,28,27.633195143326603
8,29,30.08380915379512
8,30,31.748209445808016
8,31,28.804220783655122
8,32,27.5587398815788
8,33,24.663434863938217
8,34,24.17413031969705
8,35,21.51846706473282
8,36,21.186856737705764
8,37,23.517513905832963
8,38,22.94423435060173
8,39,20.275265802697138
8,40,17.281294661977803
8,41,18.59510394195106
8,42,16.80001772349423
8,43,20.37411349935388
8,44,20.949943097315685
8,45,17.788758069545214
8,46,18.93951486854881
8,47,18.161857182348655
8,48,14.334235369622506
8,49,14.482289194575541
8,50,17.630986255110333
8,51,16.15696754398401
8,52,13.348460442389767
8,53,16.1058323263107
8,54,18.62123281267055
8,55,16.3589749669789
8,56,15.728995168315448
8,57,19.496995450543544
8,58,20.224346247178023
8,59,18.5728369375899
8,60,21.72520018233225
8,61,22.929847525852583
8,62,21.75457633916837
8,63,18.101980553141264
8,64,17.791788594732978
8,65,15.299743192431317
8,66,12.64475694623255
8,67,13.061400458835944
8,68,10.77154579551744
8,69,7.665049363302111
8,70,8.788608971821965
8,71,9.573504018049357
8,72,6.353399560720404
8,73,5.228897062105864
8,74,8.793100232896624
8,75,8.924854204902026
8,76,6.366373886838804
8,77,8.469627015361382
8,78,11.517753257332505
8,79,11.28105306266237
8,80,10.385080882805738
8,81,11.907867657744225
8,82,15.384844926687494
8,83,16.136878715688525
8,84,17.39783488520549
8,85,20.788968744395476
8,86,20.86402914725358
8,87,24.66877264226091
8,88,25.66404558213457
8,89,23.569481246160112
8,90,26.097040410788136
8,91,25.30138143644523
8,92,26.780909087742927
8,93,27.64878369334771
8,94,26.810355508637574
8,95,27.207818513768956
8,96,24.59117935391233
8,97,24.971138795560346
8,98,24.326996643426433
8,99,21.320505383091508
8,100,19.670898048182284
8,101,20.433536169127247
8,102,19.147941863484125
8,103,15.72465910535128
8,104,15.852844988129432
8,105,16.71875963775668
8,106,13.914317056097453
8,107,11.21789689021589
8,108,13.264242312221162
8,109,13.254684975675342
8,110,9.95645742646571
8,111,9.377390492373554
8,112,7.441881110462975
8,113,9.898839225933788
8,114,11.854485845105643
8,115,15.071536306683683
9,1,17.729387503532088
9,2,15.600898707145037
9,3,12.705996021272048
9,4,10.628603118061204
9,5,9.537567479671955
9,6,6.163947083706179
9,7,5.563911407950613
9,8,3.8407207386589497
9,10,3.8235195191019784
9,11,5.616248123112267
9,12,5.5395865827535085
9,13,6.85201016755767
9,14,9.018297427770836
9,15,10.359675829331808
9,16,11.420829928378373
9,17,12.912905553978005
9,18,14.749131020454586
9,19,15.88419748025889
9,20,17.2780020116911
9,21,19.11887938128297
9,22,20.628157978641916
9,23,24.37356016512434
9,24,25.843510540307992
9,25,28.5153642159546
9,26,32.06854406553813
9,27,31.857293950473487
9,28,28.686742629766048
9,29,30.807479287804274
9,30,32.82642834291934
9,31,30.1728540555367
9,32,29.013709260241185
9,33,26.380265600486933
9,34,26.079189817451653
9,35,23.20497198794502
9,36,22.754207407500683
9,37,24.58672431576737
9,38,23.679454171829068
9,39,20.577952597920525
9,40,17.732581565262887
9,41,18.639124241057885
9,42,16.608613524940534
9,43,20.166749165521157
9,44,21.406696457160066
9,45,18.693047361252425
9,46,20.44090295051255
9,47,20.197682964269415
9,48,16.45859194894593
9,49,17.295433045070094
9,50,20.254838697123482
9,51,18.29135212240903
9,52,15.864679070578935
9,53,18.995976590426658
9,54,21.06558532504075
9,55,18.436393669644875
9,56,18.245293839969385
9,57,22.044522528507915
9,58,22.213113991232774
9,59,20.48888515226541
9,60,23.790390067208495
9,61,24.484300512675084
9,62,22.761683063411045
9,63,19.266710383127396
9,64,19.54650264703005
9,65,16.734603054629304
9,66,14.218978892351014
9,67,15.518327311989088
9,68,13.413696613955
9,69,9.932527698607895
9,70,11.431841642003233
9,71,12.991835912326428
9,72,9.979596110841722
9,73,8.564122181904505
9,74,12.197450268926772
9,75,12.677168841434343
9,76,9.795090423008698
9,77,11.210075543299405
9,78,14.670678291048283
9,79,14.303840814733421
9,80,12.573996139664722
9,81,13.696294832001163
9,82,17.231963632480273
9,83,18.428048969602234
9,84,19.37695939244
9,85,22.88705146293572
9,86,23.32279949870231
9,87,27.104214060455057
9,88,27.72179684198252
9,89,25.609770159428972
9,90,27.968870729452366
9,91,27.1035185213348
9,92,28.26719057438467
9,93,29.160810053006525
9,94,27.906391482464798
9,95,28.12094056212687
9,96,25.53539837224153
9,97,25.341007877235963
9,98,24.709007902965897
9,99,22.125432482091757
9,100,20.02548909788771
9,101,20.272047774389083
9,102,19.444674603689393
9,103,16.20548941427746
9,104,15.42182264439112
9,105,16.138820257125786
9,106,13.966552058178433
9,107,10.787768745483016
9,108,11.825562155422071
9,109,12.232939264837194
9,110,9.687057550630303
9,111,8.418696979301773
9,112,5.971915866366399
9,113,9.310484429011591
9,114,12.126971704253599
9,115,15.16079973468084
10,1,16.215826713086464
10,2,14.544437576623185
10,3,12.409200429969554
10,4,11.131974986265103
10,5,11.34445155265472
10,6,8.143257924677997
10,7,5.989175257751398
10,8,5.601359932810964
10,9,3.8235195191019784
10,11,3.8480809919665875
10,12,5.299647373379975
10,13,5.015078171994018
10,14,6.058145737019595
10,15,8.505632079203387
10,16,9.911639303708357
10,17,10.409289291007749
10,18,12.105082947261671
10,19,13.996306577658569
10,20,15.251060053469047
10,21,16.482590469158023
10,22,18.218704133073846
10,23,22.014898687732114
10,24,23.83190898491262
10,25,26.347275356345033
10,26,30.026279768750047
10,27,30.0711421297429
10,28,27.131099443547612
10,29,29.355731670386344
10,30,31.61054037143532
10,31,29.155081454411086
10,32,28.4687990654314
10,33,26.140309520190904
10,34,26.374579267369867
10,35,23.85552915092643
10,36,23.997870193922722
10,37,25.84872512633906
10,38,25.394619806881842
10,39,22.34835676007568
10,40,19.91577111808171
10,41,21.297456677504904
10,42,19.698097743941762
10,43,23.38061239451695
10,44,24.49404068242905
10,45,21.658590166654157
10,46,23.07738110535959
10,47,22.400740833479226
10,48,18.65027424193523
10,49,19.066178069621888
10,50,21.731311435081484
10,51,19.565976617582816
10,52,16.763804932662946
10,53,19.618590867452507
10,54,21.513557878919567
10,55,18.513816909402365
10,56,17.858846803425077
10,57,21.641373095710602
10,58,21.495106057340788
10,59,19.210850060324933
10,60,22.24143404127753
10,61,22.5004551341424
10,62,20.4985371228997
10,63,17.279200965199387
10,64,17.47526267541954
10,65,14.245835327757455
10,66,12.392128764118054
10,67,14.148842484238815
10,68,11.829876420380357
10,69,8.593306529499472
10,70,11.183005470621868
10,71,12.941798081710699
10,72,10.073797021326888
10,73,9.7555178561166
10,74,13.559684255714926
10,75,14.074614538799091
10,76,11.918306221223801
10,77,13.948627933839756
10,78,17.088825561265413
10,79,16.791418198828
10,80,15.65762185967705
10,81,17.079936827507183
10,82,20.587797710228926
10,83,21.433097550458868
10,84,22.288191092883757
10,85,25.61688813898409
10,86,25.60465303225429
10,87,29.363615964180948
10,88,29.927942591339455
10,89,27.477761547666383
10,90,29.54496730553435
10,91,28.231917442488637
10,92,29.05120869721965
10,93,29.453233527993582
10,94,27.94024714133261
10,95,27.649511824485355
10,96,24.709130613297297
10,97,24.46990342178951
10,98,24.42158330318568
10,99,21.874475753282898
10,100,19.349082965627293
10,101,20.044640951243277
10,102,19.8044203389837
10,103,16.320924350490788
10,104,15.318672616967236
10,105,16.876871853583612
10,106,15.16243177830539
10,107,11.581554017068527
10,108,12.93777025292416
10,109,14.320918736817925
10,110,12.169246886925634
10,111,11.700836261852636
10,112,9.701412183173419
10,113,13.132553600291219
10,114,15.861988030547728
10,115,18.790970070045926
11,1,14.93560895750656
11,2,13.979378250211171
11,3,11.823447923602558
11,4,11.488197128251846
11,5,11.717205057261543
11,6,9.444679548568795
11,7,6.345438942804986
11,8,4.881303075010004
11,9,5.616248123112267
11,10,3.8480809919665875
11,12,3.814769249714214
11,13,5.4278632877072654
11,14,4.985815557772574
11,15,5.959788516853944
11,16,8.563797309257621
11,17,9.72609524292309
11,18,10.329797976556394
11,19,11.94700830018221
11,20,14.067980818185852
11,21,15.24366657393668
11,22,16.22908560778826
11,23,19.974105515495214
11,24,21.341175260988898
11,25,23.654811506314466
11,26,27.304757095620047
11,27,27.01385268783325
11,28,24.094595711183675
11,29,26.554960948387375
11,30,28.553207210084473
11,31,25.898378799810608
11,32,25.183534477934842
11,33,22.73971610524883
11,34,22.993583996366418
11,35,20.70180947223341
11,36,21.14344901109694
11,37,23.28880285610315
11,38,23.26239556712826
11,39,20.56675251881842
11,40,18.267667409756466
11,41,20.22074875211204
11,42,19.12899566444621
11,43,22.916687036281594
11,44,23.44872994860233
11,45,20.27863348188936
11,46,21.113460639091866
11,47,19.907461452471253
11,48,16.195933033227014
11,49,16.15829188109771
11,50,18.60311243815655
11,51,16.501322972157688
11,52,13.422387379843464
11,53,16.04238805515954
11,54,17.96280703832972
11,55,14.995643354008182
11,56,14.078861968154152
11,57,17.857944933070442
11,58,17.87986016285503
11,59,15.606317957353133
11,60,18.642440093920644
11,61,19.219326363499388
11,62,17.59567591825404
11,63,14.156898247285008
11,64,14.095879255349397
11,65,11.161917298714739
11,66,8.910331405467321
11,67,10.37776265001413
11,68,8.276306665532081
11,69,4.7957805335377675
11,70,7.430092553955318
11,71,9.373649628658193
11,72,7.051450915131981
11,73,6.957218982559936
11,74,10.620221248136762
11,75,11.59303148732793
11,76,10.311591483382385
11,77,12.37642640736591
11,78,15.166601118139823
11,79,15.497816361895708
11,80,15.10327531864661
11,81,16.365762018255047
11,82,19.593567842437917
11,83,19.781998404275903
11,84,20.461714066529684
11,85,23.512739030895
11,86,23.023062070511344
11,87,26.723883643207476
11,88,27.344041926835235
11,89,24.700070615821375
11,90,26.66384965002424
11,91,25.184610190754547
11,92,26.044391640204996
11,93,26.285683178694292
11,94,24.976541525547677
11,95,24.729768193292063
11,96,21.724155239779506
11,97,21.924741582840735
11,98,21.926767226078514
11,99,19.051421496917474
11,100,16.811874839865414
11,101,18.02140300546001
11,102,17.51239282458747
11,103,13.818953779742328
11,104,13.570846467448256
11,105,15.462272786504784
11,106,13.372121069267292
11,107,10.09072768875562
11,108,12.499467802237794
11,109,13.82678771302191
11,110,11.315539313456556
11,111,11.891108975056705
11,112,10.741431889573155
11,113,13.95429219836144
11,114,15.907649714884263
11,115,18.65293517389433
12,1,18.64131028000663
12,2,17.59667106615235
12,3,15.11134474797008
12,4,14.263081838819241
12,5,13.604928551303738
12,6,10.99117057698289
12,7,8.88049771699808
12,8,6.017518232045434
12,9,5.5395865827535085
12,10,5.299647373379975
12,11,3.814769249714214
12,13,3.8187182794848162
12,14,5.530412935396426
12,15,5.231578113241124
12,16,6.360305307517917
12,17,8.694324985050917
12,18,10.052561421339888
12,19,10.578708516495466
12,20,12.413819395115704
12,21,14.48690502780221
12,22,15.540091179266023
12,23,19.20381063913985
12,24,20.44350966478222
12,25,23.203095670028393
12,26,26.67793921729859
12,27,26.474764631885794
12,28,23.22877750944361
12,29,25.275788506082637
12,30,27.3375989935355
12,31,24.78327469531714
12,32,23.753709937118114
12,33,21.353515677939807
12,34,21.452911266713077
12,35,18.767768731290705
12,36,18.88787700881103
12,37,20.605584652821054
12,38,20.27458590421637
12,39,17.312264904622715
12,40,15.149267788228235
12,41,17.021164201629816
12,42,16.11536657536063
12,43,19.93635225101542
12,44,20.67006981853531
12,45,17.7556617734837
12,46,18.88387826857318
12,47,18.08267240753861
12,48,14.519122246972737
12,49,15.298874434175788
12,50,17.47156257233809
12,51,14.846062939157843
12,52,12.41079452909395
12,53,15.623893636612507
12,54,17.002014086228012
12,55,13.875136736719133
12,56,13.953545439980278
12,57,17.673126585166173
12,58,17.25890464002338
12,59,15.55986503193829
12,60,19.029787951217163
12,61,19.501295090041335
12,62,17.679529109960683
12,63,14.153611411183068
12,64,15.003328607942272
12,65,12.553894355340866
12,66,9.61686568739849
12,67,11.641783224033102
12,68,10.659609937919873
12,69,6.835263911543948
12,70,7.8850931988488595
12,71,10.799892762595999
12,72,9.198597551027243
12,73,7.424936488624755
12,74,10.898941401883052
12,75,12.799761528917355
12,76,11.221386473820669
12,77,12.133996743064559
12,78,15.394371347956989
12,79,16.283763186765412
12,80,15.361263803058693
12,81,15.742210200921125
12,82,18.70818648583556
12,83,18.850818092816162
12,84,18.92658763297968
12,85,21.939168894937346
12,86,21.693726369347075
12,87,25.33315274354907
12,88,25.49190484809049
12,89,22.812322567636006
12,90,24.61780652812626
12,91,23.170898341143616
12,92,23.855433878653827
12,93,24.350348136783033
12,94,22.82820078398511
12,95,22.767562722945513
12,96,20.07648725765943
12,97,19.862450291538263
12,98,19.439688187251598
12,99,16.849841850887394
12,100,14.577433850611508
12,101,15.140006795739414
12,102,14.578838616161251
12,103,11.11439062856001
12,104,10.417892610503811
12,105,11.912113590742742
12,106,10.000578595572431
12,107,6.495671003507071
12,108,8.686344118748265
12,109,10.17597736729224
12,110,8.132387271337198
12,111,9.223325491959457
12,112,9.065928636663953
12,113,12.547568914451881
12,114,14.274479425179297
12,115,16.459636576901623
13,1,19.844310142766755
13,2,18.813059065831858
13,3,16.812919311949795
13,4,15.899178178614099
13,5,15.76043178349187
13,6,12.625543928886694
13,7,10.54371203553411
13,8,8.706007769349284
13,9,6.85201016755767
13,10,5.015078171994018
13,11,5.4278632877072654
13,12,3.8187182794848162
13,14,3.8059520770543145
13,15,5.5112071887699745
13,16,5.26839544678839
13,17,6.143620208483704
13,18,8.62175854060671
13,19,9.820056950714392
13,20,10.605367828757453
13,21,12.44616149766447
13,22,14.352669845846302
13,23,18.070508545933333
13,24,19.965448926463083
13,25,22.870751971570662
13,26,26.41537784951254
13,27,26.754831343180797
13,28,23.63519473888925
13,29,25.443851077297186
13,30,27.94812153152466
13,31,25.809178281671045
13,32,25.196631642965734
13,33,23.256090575674026
13,34,23.83187496997167
13,35,21.289261860121822
13,36,21.662691269502698
13,37,22.988471245104932
13,38,22.672836435382234
13,39,19.5052772024279
13,40,17.75316900206412
13,41,19.46794726204591
13,42,18.581012484899755
13,43,22.332336406141803
13,44,23.470963289335074
13,45,20.86132571110522
13,46,22.21938551396827
13,47,21.579218926932274
13,48,18.130859199769294
13,49,19.024091105051443
13,50,20.988319820139345
13,51,18.11994328778226
13,52,15.792763171483365
13,53,18.906391388804106
13,54,19.93693671272302
13,55,16.50049419444711
13,56,16.52992690385123
13,57,20.122144546238577
13,58,19.153277983794062
13,59,17.06463261170298
13,60,20.332060922011124
13,61,20.08584600902951
13,62,17.63489501202301
13,63,14.572010908539697
13,64,15.818393029221577
13,65,12.91294333190802
13,66,10.78644001863533
13,67,13.593914369172252
13,68,12.536023159646538
13,69,9.031943824705518
13,70,10.94050046188441
13,71,13.916886991841183
13,72,12.208820161020606
13,73,11.06806368275185
13,74,14.617780289762662
13,75,16.30828681310044
13,76,14.616029054811891
13,77,15.764184437496922
13,78,19.086476669294555
13,79,19.684376523131277
13,80,18.541674622729964
13,81,19.07289361814375
13,82,22.162811961928863
13,83,22.526334801222113
13,84,22.53441288245946
13,85,25.54875720228006
13,86,25.351014575210936
13,87,28.93841738364444
13,88,28.8841713079183
13,89,26.093841674317833
13,90,27.62908946353279
13,91,25.929434719561687
13,92,26.18153798578198
13,93,26.38008063318863
13,94,24.401664975005342
13,95,23.8447317337681
13,96,20.98698783070802
13,97,20.23717419770924
13,98,20.269329919144166
13,99,18.15782985286196
13,100,15.246558579254286
13,101,15.643030429100767
13,102,15.978432419544337
13,103,12.713513706573108
13,104,10.985986749588534
13,105,12.917394442192187
13,106,12.072360749156614
13,107,8.267284686786587
13,108,9.369650547177761
13,109,11.837526122404068
13,110,10.794545144306365
13,111,11.515068272829867
13,112,11.034213807065733
13,113,14.81374440620353
13,114,17.065339555267947
13,115,19.181463281919502
14,1,17.652613129009094
14,2,17.26973264004202
14,3,15.874309292860522
14,4,15.817005257572818
14,5,16.448503922288936
14,6,13.796148346358704
14,7,10.837305534408424
14,8,9.679130475019466
14,9,9.018297427770836
14,10,6.058145737019595
14,11,4.985815557772574
14,12,5.530412935396426
14,13,3.8059520770543145
14,15,3.8448752096912586
14,16,5.47612671016591
14,17,5.037688620730639
14,18,6.062070052228099
14,19,8.419863657897618
14,20,9.814471561859527
14,21,10.600625250249177
14,22,12.209118067172179
14,23,16.006114656725295
14,24,17.98338846687215
14,25,20.48996509155556
14,26,24.19106259985983
14,27,24.512270943840125
14,28,21.700826608029125
14,29,23.86734239188827
14,30,26.37332549807024
14,31,24.24255683703772
14,32,24.069707389229862
14,33,22.284411574129678
14,34,23.273869982728826
14,35,21.24494117768684
14,36,22.223537079418993
14,37,23.858209668818827
14,38,24.122159545710012
14,39,21.314499803826962
14,40,19.77109810795878
14,41,21.975539971971173
14,42,21.400384788432163
14,43,25.216953619962766
14,44,25.93898322824262
14,45,23.024745314120263
14,46,23.853221323778534
14,47,22.62944932755569
14,48,19.18902942720241
14,49,19.390221342176833
14,50,21.154790839636725
14,51,18.44615534546085
14,52,15.649799723905552
14,53,18.20994988094212
14,54,19.27174971021353
14,55,15.741057000506359
14,56,15.035002600304686
14,57,18.52024143243594
14,58,17.53397294840736
14,59,14.863583993217901
14,60,17.737719973262198
14,61,17.30327618893632
14,62,14.854110080959948
14,63,11.959141904269297
14,64,12.778919723228842
14,65,9.520388591111177
14,66,8.13212481805462
14,67,11.121553850676932
14,68,9.966984094844593
14,69,7.1492213557458575
14,70,9.8699289357837
14,71,12.637933061444517
14,72,11.30641149414373
14,73,11.244609878443647
14,74,14.60196178244756
14,75,16.137009013960533
14,76,15.186476592157849
14,77,16.908254521011486
14,78,19.758484439990617
14,79,20.399027841801296
14,80,19.92540518252112
14,81,20.84996130453446
14,82,23.92677474810768
14,83,23.917080845535764
14,84,24.056093467528374
14,85,26.869503249636143
14,86,26.167420444679816
14,87,29.70853512281598
14,88,29.834200724113458
14,89,26.824586552619103
14,90,28.20607642602868
14,91,26.185856581389327
14,92,26.324832752392552
14,93,26.0446454867099
14,94,24.10909274187787
14,95,23.173722667829715
14,96,19.93390975552125
14,97,19.565355280189902
14,98,20.204114650665176
14,99,17.851167088349097
14,100,14.860556564246867
14,101,16.139974091894803
14,102,16.701242524546295
14,103,13.163208403524255
14,104,12.009927489055853
14,105,14.722329318683025
14,106,13.815966806780542
14,107,10.261524917719067
14,108,12.220553291389237
14,109,14.775400174991697
14,110,13.42205041936945
14,111,14.56768835547125
14,112,13.987713246739418
14,113,17.616461245196238
14,114,19.677026468335967
14,115,21.966429294656766
15,1,18.798753052875963
15,2,18.783348250232248
15,3,17.110755995474758
15,4,17.31252579590822
15,5,17.47855806904629
15,6,15.254796677454474
15,7,12.288719064827196
15,8,10.172840575963187
15,9,10.359675829331808
15,10,8.505632079203387
15,11,5.959788516853944
15,12,5.231578113241124
15,13,5.5112071887699745
15,14,3.8448752096912586
15,16,3.826659824480965
15,17,5.532659946954109
15,18,5.214930686617807
15,19,6.021128908961986
15,20,8.61149635419169
15,21,10.022730855595828
15,22,10.572037644193129
15,23,14.260484043128733
15,24,15.562614881202148
15,25,18.159952949180735
15,26,21.738015961127786
15,27,21.703801759555304
15,28,18.65779502107037
15,29,20.863681871409355
15,30,23.127167590957026
15,31,20.797386135224247
15,32,20.387520341967917
15,33,18.49050035255013
15,34,19.441022877662817
15,35,17.451297204454363
15,36,18.60629435907354
15,37,20.286135561511554
15,38,20.84231211949886
15,39,18.306875516152267
15,40,17.043365889077368
15,41,19.68765520660473
15,42,19.667025701551072
15,43,23.471299003899176
15,44,23.7615465096513
15,45,20.75012795021301
15,46,21.16358114477751
15,47,19.672182176331606
15,48,16.472086248890637
15,49,16.644118634776877
15,50,17.95553978309025
15,51,15.05765054356984
15,52,12.42288218198174
15,53,14.970856130416802
15,54,15.658372700442966
15,55,12.027153047301885
15,56,11.65452963139387
15,57,15.067710202138949
15,58,13.922105889692967
15,59,11.590492111393887
15,60,14.824654529593614
15,61,14.700349624363627
15,62,12.565117230918963
15,63,9.223734332519145
15,64,10.481804506165682
15,65,8.055085819620237
15,66,5.4980484044319455
15,67,8.745599460951826
15,68,8.818084262028508
15,69,5.96948411367579
15,70,7.388294281725249
15,71,10.805160932572555
15,72,10.547527353205764
