1,2,3.81705629920464
1,3,6.720303843150894
1,4,10.307794333275476
1,5,11.831313904006471
1,6,10.001274633859467
1,7,13.147461888337633
1,8,15.451917694907682
1,9,14.457285357383398
1,10,13.90899726928389
1,11,17.477274680757308
1,12,18.75756909982069
1,13,17.273274081055206
1,14,18.880911723268177
1,15,22.190199990814747
1,16,22.251592433636098
1,17,21.75441267499445
1,18,24.244930310405632
1,19,26.76955018563689
1,20,26.52537194861088
1,21,27.183636699067105
1,22,30.61412365666544
1,23,31.70644031299808
1,24,32.98707308747554
1,25,36.55164578798863
1,26,35.480220751708636
1,27,33.495649237660096
1,28,36.87236984744019
1,29,38.17509158982605
1,30,34.99637786446041
1,31,34.758634553976734
1,32,31.965394434025026
1,33,31.948166593810324
1,34,30.39940548855193
1,35,31.016871107888033
1,36,34.2761151762934
1,37,34.285472866019454
1,38,32.26263509711714
1,39,29.3630749378572
1,40,30.995120254417476
1,41,29.291577805469664
1,42,32.50849098943126
1,43,32.41788033616853
1,44,28.964306451440955
1,45,29.28812064726339
1,46,27.65150792846675
1,47,24.131217124843246
1,48,22.30192502303279
1,49,25.331643879117323
1,50,25.198874782809508
1,51,21.614897790507925
1,52,22.38490496101081
1,53,25.63121383396244
1,54,24.03033992543497
1,55,21.660552307718422
1,56,24.99151502075147
1,57,26.463392064766996
1,58,23.70082840484165
1,59,25.077865012843425
1,60,26.524590806115338
1,61,26.173446007408803
1,62,23.46941241016519
1,63,21.105134901310585
1,64,18.461421672687084
1,65,18.176547557487968
1,66,16.885653379855054
1,67,13.169785870361029
1,68,13.814687440066924
1,69,16.190718391858276
1,70,13.92153070304451
1,71,11.24090958528627
1,72,14.517231871469235
1,73,16.11863905973466
1,74,13.43237761398818
1,75,13.380594107432874
1,76,17.187123542879846
1,77,17.450325083540942
1,78,15.463559503392387
1,79,16.81307585022204
1,80,20.200691484121407
1,81,23.32819504774354
1,82,24.136641519685615
1,83,26.5625129828456
1,84,29.482472452526867
1,85,28.8280285902098
1,86,32.32145264625118
1,87,34.41380113772879
1,88,32.63705360185376
1,89,35.17063165258827
1,90,34.26815361032349
1,91,35.8421473509591
1,92,36.00854343524892
1,93,35.80371536401605
1,94,35.746981348091495
1,95,32.595305015880236
1,96,33.76859822559978
1,97,34.11527816201109
1,98,30.612569279563793
1,99,29.08574050116348
1,100,31.04469200939991
1,101,30.026562633523657
1,102,26.28071283571981
1,103,26.99209103914682
1,104,28.841119394469036
1,105,26.035553234753632
1,106,23.425749795183144
1,107,25.951877992407123
1,108,26.293350927512584
1,109,22.910046320492366
1,110,22.338880752387464
1,111,19.69474164199612
1,112,21.035332155468364
1,113,22.73507723759965
1,114,26.32208739382228
2,1,3.81705629920464
2,3,3.8391281296620328
2,4,6.833694513961938
2,5,8.779186797520213
2,6,7.269009242657526
2,7,10.09675171980955
2,8,12.769110907306827
2,9,12.573540656989172
2,10,11.905907381142281
2,11,15.109323930181668
2,12,16.935310883784627
2,13,16.027677151361758
2,14,17.267069450716157
2,15,20.4585287041061
2,16,21.105027117984932
2,17,20.898429852635722
2,18,22.950806989877453
2,19,25.559228317017723
2,20,25.85588958715468
2,21,26.453368586552656
2,22,30.01311719416536
2,23,30.93322420075254
2,24,32.529312346180895
2,25,36.063081610272
2,26,34.89046186064232
2,27,32.58671052243495
2,28,35.837574491904206
2,29,37.059236057534065
2,30,33.76820372358703
2,31,33.15788189319718
2,32,30.13150471813502
2,33,29.79304538751033
2,34,27.9308693448511
2,35,28.193828275939893
2,36,31.398562021541633
2,37,31.16622644140474
2,38,29.124089075533703
2,39,26.058624305178956
2,40,27.51457990182733
2,41,25.69914587714609
2,42,28.8308421582023
2,43,28.735006030065787
2,44,25.326591205522902
2,45,25.77066269400221
2,46,24.34528835219967
2,47,20.79135210675253
2,48,19.184606457015427
2,49,22.440437743016187
2,50,22.344248894054434
2,51,18.925839707974824
2,52,20.007009881589465
2,53,23.3624288549517
2,54,21.867508533501514
2,55,19.896848357298243
2,56,23.401909939615752
2,57,24.938804872375478
2,58,22.54818643250268
2,59,24.410273994780564
2,60,26.096732317263218
2,61,25.747489023715143
2,62,22.652795839081207
2,63,20.631759766926578
2,64,18.11667183366589
2,65,17.03864247588142
2,66,15.763015019959116
2,67,12.209263885093367
2,68,12.11077144497179
2,69,13.980851382861767
2,70,11.741780649410886
2,71,8.596422729397892
2,72,11.427358880691973
2,73,13.00651844554262
2,74,10.187416798195384
2,75,9.691656469856174
2,76,13.478956337886471
2,77,13.891025589020803
2,78,11.841343218947781
2,79,13.031376542618334
2,80,16.389012315677217
2,81,19.559788293379896
2,82,20.486540720867982
2,83,22.93924768790317
2,84,25.975226350718454
2,85,25.559101113887177
2,86,29.126399445640455
2,87,31.19109636102929
2,88,29.54586976552433
2,89,32.20375739869932
2,90,31.57536203318875
2,91,33.32794899498072
2,92,33.81973301502302
2,93,33.69054509007588
2,94,33.946493885974434
2,95,31.003277049286833
2,96,32.11478965788683
2,97,32.076981770552365
2,98,28.57071052569171
2,99,27.22705593964137
2,100,28.894152776485775
2,101,27.572303961953555
2,102,23.92577562370412
2,103,24.709333930307242
2,104,26.18732267285531
2,105,23.177956817335595
2,106,20.753572127611097
2,107,23.21466632415808
2,108,23.17582544726032
2,109,19.658095178569003
2,110,18.952036021211107
2,111,16.372187074877168
2,112,17.46577007041218
2,113,18.98912463562882
2,114,22.56364790678783
3,1,6.720303843150894
3,2,3.8391281296620328
3,4,3.858419339696028
3,5,5.4985237598473775
3,6,5.422310677706275
3,7,8.652709748583074
3,8,10.598908139957178
3,9,11.048624579030738
3,10,11.402452461335256
3,11,14.167875793585692
3,12,15.826710751261437
3,13,15.74135747291532
3,14,17.311022331882278
3,15,20.00192450687676
3,16,20.75428018963661
3,17,21.24372689792182
3,18,23.205072279355626
3,19,25.447908510156896
3,20,26.115680567374636
3,21,27.123053378560698
3,22,30.829365589287626
3,23,31.975157021154995
3,24,33.94462516820952
3,25,37.54630297566936
3,26,36.59247445871093
3,27,34.020724153744325
3,28,37.04076360136141
3,29,38.459960224793114
3,30,35.25230567206121
3,31,34.46749107140832
3,32,31.375115589862485
3,33,30.927259543261233
3,34,28.66003696127909
3,35,28.530609777980136
3,36,31.477957639293187
3,37,30.79754715576557
3,38,28.443568453123394
3,39,25.189809396906444
3,40,26.18285822956031
3,41,23.95910416847474
3,42,26.99605187452054
3,43,27.34323359106967
3,44,24.201769504702465
3,45,25.197043473448794
3,46,24.321463640312
3,47,20.65771750164368
3,48,19.7085331736922
3,49,23.19662446257711
3,50,22.82982077602913
3,51,19.671618121918947
3,52,21.363239631542104
3,53,24.60420606273834
3,54,22.9106142440652
3,55,21.509371058086877
3,56,25.198497372278315
3,57,26.444240095436125
3,58,24.227699475708693
3,59,26.507657567512467
3,60,28.00168528115548
3,61,27.269093419961038
3,62,24.00571581103596
3,63,22.51709746097706
3,64,19.7547696068202
3,65,18.268554547475127
3,66,17.612498738260523
3,67,14.15485023828484
3,68,13.014316338341594
3,69,14.886495237416451
3,70,13.359397913021134
3,71,9.667883532370285
3,72,11.444911550614531
3,73,13.585178382172009
3,74,11.058137155405877
3,75,9.175969343317671
3,76,12.671663330779522
3,77,13.825744011199522
3,78,11.388278040286469
3,79,11.425624753935336
3,80,14.838123536171677
3,81,18.318173406727436
3,82,19.886576457950824
3,83,22.344812446362106
3,84,25.70135948421542
3,85,25.82028285639967
3,86,29.506048610709787
3,87,31.400407689963515
3,88,29.875767602253443
3,89,32.566667993307796
3,90,32.23444974183758
3,91,33.99194891256559
3,92,34.76850284196668
3,93,34.439590052012655
3,94,34.80464931761844
3,95,31.961994846253766
3,96,32.69383088098368
3,97,32.41836366205614
3,98,29.10223496186871
3,99,27.584908485047528
3,100,28.78055857074695
3,101,27.474323481983458
3,102,23.915605436321332
3,103,24.25655567493388
3,104,25.388171939319456
3,105,22.471448432463905
3,106,19.87787395826093
3,107,21.80937281988771
3,108,21.59455931621793
3,109,18.19252563433894
3,110,16.822367515141853
3,111,13.773226158888303
3,112,14.71719379510607
3,113,16.69585548091275
3,114,20.42022353035833
4,1,10.307794333275476
4,2,6.833694513961938
4,3,3.858419339696028
4,5,3.8339664988178748
4,6,5.7384325591127165
4,7,7.555407227970447
4,8,9.519200521384356
4,9,11.285667404139192
4,10,11.671030779247793
4,11,13.539594126788025
4,12,15.71728751346467
4,13,16.406875006689503
4,14,17.494773577946134
4,15,19.83011307587623
4,16,21.19486750404053
4,17,22.008228452986838
4,18,23.429582064194445
4,19,25.65096263427083
4,20,26.86822522775914
4,21,27.80143008780667
4,22,31.53908928228227
4,23,32.49103439542563
4,24,34.726041884924506
4,25,38.232147840911466
4,26,37.18603860311655
4,27,34.35057468288304
4,28,37.188718008931566
4,29,38.49331752677442
4,30,35.21973771947463
4,31,34.04615396857657
4,32,30.75768446343489
4,33,29.934142769745346
4,34,27.33885698528761
4,35,26.727596476688706
4,36,29.52873890836324
4,37,28.495261402684825
4,38,26.133638762735792
4,39,22.66869112975708
4,40,23.284511703848942
4,41,20.809717342673377
4,42,23.633791728100604
4,43,24.046165757524022
4,44,21.07078109953663
4,45,22.3217311376614
4,46,21.86514586306948
4,47,18.27615389989928
4,48,17.768278030840495
4,49,21.44925514631662
4,50,21.170686023551053
4,51,18.421281180223765
4,52,20.429874271303653
4,53,23.66739210180145
4,54,22.19120600500329
4,55,21.327932642745346
4,56,25.030415433356385
4,57,26.320079252988982
4,58,24.582251991038248
4,59,27.2423059597717
4,60,28.93369971004507
4,61,28.238679539539795
4,62,24.714544472292783
4,63,23.59970695706073
4,64,21.09316718796762
4,65,18.956542946875253
4,66,18.36080312499026
4,67,15.365636971231853
4,68,13.598337156964874
4,69,14.671026608893275
4,70,13.407842754913759
4,71,9.76450941509349
4,72,10.294158692944894
4,73,12.191535584252893
4,74,9.825324630452192
4,75,6.971748104454736
4,76,9.84661124456046
4,77,11.310212896352258
4,78,8.689302528751803
4,79,7.8769352053469985
4,80,11.264736258060124
4,81,14.817180271994214
4,82,16.758583302760815
4,83,19.281695232629215
4,84,22.784761349723663
4,85,23.334486113362672
4,86,27.028993448805394
4,87,28.88486102572444
4,88,27.620080226414462
4,89,30.454020577125263
4,90,30.51670732015662
4,91,32.48448566973541
4,92,33.65488201253072
4,93,33.43180018094124
4,94,34.1591228316617
4,95,31.614105237900542
4,96,32.256319462671875
4,97,31.537161478046066
4,98,28.302780137036308
4,99,27.037032650235272
4,100,27.826009203376817
4,101,26.17880078223944
4,102,22.867372822594337
4,103,23.242756248825614
4,104,23.816922093395426
4,105,20.722837432869383
4,106,18.466211756305484
4,107,20.131836287013726
4,108,19.325314200670878
4,109,15.84216542319604
4,110,14.068687555702494
4,111,11.035321156337881
4,112,11.301061641651245
4,113,13.066542793220691
4,114,16.818451011086047
5,1,11.831313904006471
5,2,8.779186797520213
5,3,5.4985237598473775
5,4,3.8339664988178748
5,6,3.840964024732992
5,7,5.571185977828813
5,8,6.185530525549723
5,9,8.111706259786303
5,10,9.422545997688582
5,11,10.959783584505326
5,12,12.619083179000647
5,13,13.804781721647629
5,14,15.295894864898857
5,15,17.162023668846306
5,16,18.35898034766521
5,17,19.67560681991785
5,18,21.156951770843
5,19,22.970994315416014
5,20,24.314909328694885
5,21,25.634153738275966
5,22,29.426963366092785
5,23,30.686923057090816
5,24,33.17429187008077
5,25,36.75521812509279
5,26,36.05037268644115
5,27,33.08799863223246
5,28,35.70969631030768
5,29,37.331029608219445
5,30,34.27930324175592
5,31,33.227789841150695
5,32,30.116533433085433
5,33,29.57732099259635
5,34,26.81731985518671
5,35,26.245944311595768
5,36,28.752232121784157
5,37,27.57024371901124
5,38,24.829100859942987
5,39,21.506220799025606
5,40,22.046983259007575
5,41,19.539310571533164
5,42,22.594499453770396
5,43,23.482071095645892
5,44,20.679286987011963
5,45,22.33054314809321
5,46,22.099891400448637
5,47,18.375200149346348
5,48,18.444720235555405
5,49,21.94148634477783
5,50,20.99345233597027
5,51,18.308849734037878
5,52,20.837372680164243
5,53,23.66794943433925
5,54,21.669698616533577
5,55,21.17696537004306
5,56,24.98495247525993
5,57,25.720409983620986
5,58,23.89200619083082
5,59,26.768042400792897
5,60,28.023653102947236
5,61,26.857551615336433
5,62,23.37101279978238
5,63,22.7508505520834
5,64,19.946177646000933
5,65,17.750026590357933
5,66,17.940924050539813
5,67,15.030305972415892
5,68,12.54528934215371
5,69,14.038447703786181
5,70,13.765499959164673
5,71,10.006865989602566
5,72,9.940073875952637
5,73,12.773379407843645
5,74,11.439302508205866
5,75,8.183405982581329
5,76,10.618715232699548
5,77,13.126276498497552
5,78,11.286620271113042
5,79,9.67844210609133
5,80,12.243337173719942
5,81,16.022011530052374
5,82,18.035270386816148
5,83,19.97917239859544
5,84,23.624248815933058
5,85,24.26108786991529
5,86,28.054823327248457
5,87,29.454015398428872
5,88,27.89343192307202
5,89,30.407800077354278
5,90,30.344195733735777
5,91,31.95456739352106
5,92,33.047751402824495
5,93,32.4059090048268
5,94,32.912353295922266
5,95,30.295477268966724
5,96,30.517273299745785
5,97,29.88120694052397
5,98,26.894240580840112
5,99,25.235645279366096
5,100,25.766328214804332
5,101,24.478711668868662
5,102,21.157441260789838
5,103,20.966004263134007
5,104,21.598587554559245
5,105,18.885796708018667
5,106,16.199626909796613
5,107,17.456914586807454
5,108,17.051667246197297
5,109,13.92907466392973
5,110,11.954079751050113
5,111,8.556910618693745
5,112,9.8273752905626
5,113,12.476212216889026
5,114,16.16648680495756
6,1,10.001274633859467
6,2,7.269009242657526
6,3,5.422310677706275
6,4,5.7384325591127165
6,5,3.840964024732992
6,7,3.827694799983295
6,8,5.530684993201784
6,9,5.896787367620762
6,10,6.290332215480949
6,11,8.820230210050566
6,12,10.476048443761494
6,13,10.780561696529704
6,14,12.317198912379814
6,15,14.711818607862247
6,16,15.659925999340134
6,17,16.495362777052957
6,18,18.239213748790927
6,19,20.30584877748463
6,20,21.298417152892657
6,21,22.450787680960996
6,22,26.223329499871138
6,23,27.483126648311266
6,24,29.78806631713617
6,25,33.41101379339523
6,26,32.71105314729793
6,27,29.899625420964203
6,28,32.66741723149008
6,29,34.328607725156445
6,30,31.30498517932269
6,31,30.531974923467413
6,32,27.57712196336642
6,33,27.379047800654142
6,34,24.91884316185714
6,35,24.861126823579088
6,36,27.532465564330852
6,37,26.813396760833886
6,38,24.166902478294396
6,39,21.1461845960412
6,40,22.326643649403394
6,41,20.372147073990792
6,42,23.756105580986034
6,43,24.331259645365616
6,44,21.213689718102017
6,45,22.41006145669967
6,46,21.601530456727446
6,47,17.788944838740715
6,48,17.434171156781737
6,49,20.64970053248637
6,50,19.489604733821825
6,51,16.402656014048528
6,52,18.741811087241512
6,53,21.47449757814684
6,54,19.218422241711135
6,55,18.355132220435287
6,56,22.174625532559816
6,57,22.80327912450271
6,58,20.653174192887523
6,59,23.350287246943086
6,60,24.491806093924684
6,61,23.33715950258474
6,62,19.94733492772558
6,63,19.138257475532498
6,64,16.23449566824788
6,65,14.285802896500048
6,66,14.502312186827245
6,67,11.410961563630146
6,68,9.075838323235017
6,69,11.156868824566562
6,70,10.955656696230195
6,71,7.187756258985517
6,72,7.987564519323589
6,73,11.226928550013836
6,74,10.215783759748739
6,75,7.864190711246809
6,76,10.89605954121134
6,77,13.273179064153043
6,78,12.119348876222533
6,79,11.489938054701929
6,80,13.873083662235535
6,81,17.5344845413422
6,82,18.83247101385817
6,83,20.47899563729808
6,84,23.90711556150835
6,85,23.954864819728
6,86,27.7605172274735
6,87,29.06914774813233
6,88,27.117364130950246
6,89,29.402787726833893
6,90,28.876961973412538
6,91,30.238150144077224
6,92,30.942487916115955
6,93,30.208961620698688
6,94,30.417110761719368
6,95,27.56608745523741
6,96,27.933146010077323
6,97,27.65664572140052
6,98,24.545105918236576
6,99,22.74508662495226
6,100,23.727972888353637
6,101,22.673587720267292
6,102,19.099437156187992
6,103,19.07586401204181
6,104,20.31196831559836
6,105,17.67183755698283
6,106,14.76613567927146
6,107,16.635289521954906
6,108,16.851176047922216
6,109,13.70784968612047
6,110,12.736719789512527
6,111,9.994072327311653
6,112,12.132075433360379
6,113,14.48371786918647
6,114,17.96025694492476
7,1,13.147461888337633
7,2,10.09675171980955
7,3,8.652709748583074
7,4,7.555407227970447
7,5,5.571185977828813
7,6,3.827694799983295
7,8,3.8398543300339387
7,9,5.633918996198495
7,10,4.914155139084771
7,11,6.029584574896593
7,12,8.736837576087451
7,13,9.704132158271298
7,14,10.245455912822926
7,15,12.364130651089322
7,16,14.140971878290527
7,17,15.08263948737537
7,18,16.09753892976355
7,19,18.283951750742403
7,20,19.841896143503945
7,21,20.72955002350082
7,22,24.471891076444912
7,23,25.45306502993056
7,24,27.997741916160606
7,25,31.491259094214044
7,26,30.712424387680457
7,27,27.654145651548447
7,28,30.233808526475073
7,29,31.80340499361844
7,30,28.760488990831146
7,31,27.696868519687968
7,32,24.64372503313599
7,33,24.2749114693306
7,34,21.577309348013443
7,35,21.31193459880106
7,36,23.852767835640865
7,37,23.026951430468472
7,38,20.343136894614453
7,39,17.3331386221421
7,40,18.605507232318484
7,41,16.855873589747517
7,42,20.363231486661086
7,43,20.856674285270692
7,44,17.714021943896174
7,45,18.93951973642835
7,46,18.22327327886898
7,47,14.406389164923267
7,48,14.501809313234936
7,49,17.597690782201944
7,50,16.137201779059417
7,51,13.322832106639968
7,52,16.099097621788587
7,53,18.58037057763886
7,54,16.287322352277442
7,55,16.016507620390886
7,56,19.829118430762875
7,57,20.30124350424486
7,58,18.603375376671128
7,59,21.696864842526768
7,60,22.950289739025894
7,61,21.829647478304654
7,62,18.202514240955416
7,63,17.88905108717177
7,64,15.385360034529493
7,65,12.68532388957253
7,66,13.128077527447047
7,67,10.842206760362966
7,68,7.713995005920143
7,69,8.797838401377573
7,70,9.442094274065607
7,71,6.222037546604243
7,72,5.179136703424522
7,73,8.750147806231862
7,74,8.915774010094534
7,75,6.369279911418943
7,76,8.442757223640143
7,77,11.46374544687888
7,78,11.306541853082784
7,79,10.402625220434077
7,80,11.826969021545052
7,81,15.336913690750418
7,82,16.339440216723787
7,83,17.473297466872015
7,84,20.87627135041086
7,85,20.951842487094325
7,86,24.77180362669092
7,87,25.78694335480193
7,88,23.73264905611853
7,89,25.898492810345537
7,90,25.45778551955333
7,91,26.79355514880154
7,92,27.685578280756772
7,93,26.930579065048754
7,94,27.35425225559177
7,95,24.728212619375476
7,96,25.019212259459067
7,97,24.415289627326835
7,98,21.36067700114835
7,99,19.750907764698482
7,100,20.470475845583497
7,101,19.169178908260164
7,102,15.727309511738827
7,103,15.815523614395921
7,104,16.752794140851115
7,105,13.951461829760621
7,106,11.247060881367142
7,107,13.253805857096655
7,108,13.23401224073922
7,109,9.971652526433099
7,110,9.450389170224799
7,111,7.462092441260029
7,112,9.9722415739727
7,113,11.966175474707276
7,114,15.108996376445628
8,1,15.451917694907682
8,2,12.769110907306827
8,3,10.598908139957178
8,4,9.519200521384356
8,5,6.185530525549723
8,6,5.530684993201784
8,7,3.8398543300339387
8,9,3.8164745366903463
8,10,5.559720991050164
8,11,5.472182225721885
8,12,6.82935249093029
8,13,9.015818113847102
8,14,10.334576812712129
8,15,11.400050624409978
8,16,12.860255480910126
8,17,14.73049115437782
8,18,15.825142627291266
8,19,17.256539047792756
8,20,19.027225291621427
8,21,20.543793273041004
8,22,24.31808625373302
8,23,25.73263173949267
8,24,28.57850905724928
8,25,32.12669018103258
8,26,31.77421292427727
8,27,28.602062361481746
8,28,30.863745201777544
8,29,32.791610111566605
8,30,30.045659862057168
8,31,29.088938541249984
8,32,26.26246708616966
8,33,26.12146757090984
8,34,23.2335286390924
8,35,22.844221123015007
8,36,24.924645648521143
8,37,23.76598963931724
8,38,20.653188283363733
8,39,17.792416441973725
8,40,18.642941972626144
8,41,16.66114475074255
8,42,20.172113671713245
8,43,21.336397287942706
8,44,18.642007937620942
8,45,20.449540385131847
8,46,20.243589770727777
8,47,16.525978931844378
8,48,17.308840004422905
8,49,20.201533172053015
8,50,18.24801288206807
8,51,15.805903591782066
8,52,18.953604927347957
8,53,20.973399064884926
8,54,18.307220131811565
8,55,18.507146351976537
8,56,22.25867361786706
8,57,22.160180470795364
8,58,20.451450457864244
8,59,23.67224394363963
8,60,24.405156518518762
8,61,22.730649621941186
8,62,19.26717494600872
8,63,19.54875697162566
8,64,16.74296398103708
8,65,14.187725038760068
8,66,15.519424815720939
8,67,13.399434347060515
8,68,9.899079685976456
8,69,11.367433527370887
8,70,12.813806239810578
8,71,9.835872987478325
8,72,8.511268462726559
8,73,12.133391593344841
8,74,12.672117875669798
8,75,9.819835865001215
8,76,11.202272584309718
8,77,14.642868023142006
8,78,14.380005324656759
8,79,12.663523572575308
8,80,13.697782392017103
8,81,17.25741204206908
8,82,18.669729024270517
8,83,19.467717201344723
8,84,22.982446321907226
8,85,23.401486004826175
8,86,27.200418058965827
8,87,27.84089662681531
8,88,25.7270912479744
8,89,27.620127454261763
8,90,27.233934567357466
8,91,28.249944170483143
8,92,29.162083488404622
8,93,27.975429648681438
8,94,28.20779230389951
8,95,25.59315014456492
8,96,25.30762720278674
8,97,24.73401318382786
8,98,22.09827913946449
8,99,20.034184236520108
8,100,20.25066211526234
8,101,19.414171704535516
8,102,16.147033368027735
8,103,15.315924580410114
8,104,16.124162204391226
8,105,13.968814292676864
8,106,10.76318984880736
8,107,11.767556854167982
8,108,12.19870729341954
8,109,9.713046859281526
8,110,8.528903192335031
8,111,6.061602400550719
8,112,9.43326081491111
8,113,12.295960402432843
8,114,15.254414367190227
9,1,14.457285357383398
9,2,12.573540656989172
9,3,11.048624579030738
9,4,11.285667404139192
9,5,8.111706259786303
9,6,5.896787367620762
9,7,5.633918996198495
9,8,3.8164745366903463
9,10,3.8351779403371005
9,11,5.321062598535267
9,12,5.047744088015407
9,13,6.131693340463782
9,14,8.589790434073562
9,15,9.997179426189588
9,16,10.437772413038598
9,17,12.153444471475702
9,18,14.018213792955667
9,19,15.337747935026426
9,20,16.476405877492148
9,21,18.25949317988288
9,22,22.059387345339715
9,23,23.82349235014929
9,24,26.497530655512055
9,25,30.183959374066095
9,26,30.068681669348987
9,27,27.124449865160887
9,28,29.494914410149207
9,29,31.664400706570422
9,30,29.087478035312923
9,31,28.610957436496886
9,32,26.096549141917208
9,33,26.478632715688928
9,34,23.959948073663366
9,35,24.155975456555147
9,36,26.301513676130845
9,37,25.574972291959565
9,38,22.501397795412515
9,39,20.04221630794933
9,40,21.349077498008455
9,41,19.784235141373948
9,42,23.429411841495618
9,43,24.478776023302316
9,44,21.659920419686877
9,45,23.14470495644209
9,46,22.49609008329273
9,47,18.772013527886493
9,48,19.13453619432502
9,49,21.731674447651752
9,50,19.57782368022458
9,51,16.764235828921418
9,52,19.636211086397203
9,53,21.476630472766388
9,54,18.440260323466187
9,55,18.19327191227307
9,56,21.90193699499165
9,57,21.5131563107906
9,58,19.263890970762155
9,59,22.172679477585266
9,60,22.47535133661073
9,61,20.51750765563029
9,62,17.3517941764485
9,63,17.531769561967206
9,64,14.30413441932884
9,65,12.421211243750228
9,66,14.188714940986431
9,67,11.812873334924582
9,68,8.574287324284283
9,69,11.146496325735315
9,70,12.757260511255017
9,71,9.968377669177205
9,72,9.748815351155253
9,73,13.550739808345263
9,74,14.085585370659375
9,75,11.949923210366007
9,76,13.955895187610198
9,77,17.066683627754074
9,78,16.842573572215624
9,79,15.718892331346257
9,80,17.06264475532462
9,81,20.60282875653316
9,82,21.686321586071564
9,83,22.416925751871123
9,84,25.756661070546524
9,85,25.7349146647136
9,86,29.509131482950988
9,87,30.09845671972709
9,88,27.668612313377135
9,89,29.305310785006146
9,90,28.446186680607987
9,91,29.109754129332572
9,92,29.535606468413192
9,93,28.107476317635626
9,94,27.83948473881169
9,95,24.871286250486985
9,96,24.54516607975267
9,97,24.555308885074183
9,98,21.93134344090533
9,99,19.438365322995974
9,100,20.11718916249147
9,101,19.86215307872121
9,102,16.345830933600162
9,103,15.326873757045018
9,104,16.965201330648263
9,105,15.252519119679263
9,106,11.660461023733882
9,107,12.985416955847587
9,108,14.377880396228448
9,109,12.274145777140244
9,110,11.85544276940068
9,111,9.797864910969817
9,112,13.248958836489102
9,113,16.04673045456518
9,114,18.926968074447444
10,1,13.90899726928389
10,2,11.905907381142281
10,3,11.402452461335256
10,4,11.671030779247793
10,5,9.422545997688582
10,6,6.290332215480949
10,7,4.914155139084771
10,8,5.559720991050164
10,9,3.8351779403371005
10,11,3.803141212797371
10,12,5.388558137870295
10,13,4.953427233673092
10,14,6.044080937538829
10,15,8.646304280141512
10,16,9.73547104659851
10,17,10.378866705658993
10,18,11.950160753926498
10,19,14.120753728502017
10,20,15.214008438231051
10,21,16.251352936930864
10,22,20.034044015314258
10,23,21.343665973813717
10,24,23.83953692905041
10,25,27.469590785499374
10,26,27.019300882697184
10,27,24.10153494935653
10,28,26.69685727433003
10,29,28.610017282950178
10,30,25.832445610275244
10,31,25.315760495680333
10,32,22.709462515983034
10,33,23.09122692399334
10,34,20.786777139942007
10,35,21.28405866162163
10,36,23.71159486441319
10,37,23.40650548519817
10,38,20.66561326481391
10,39,18.347010461084526
10,40,20.234516995561076
10,41,19.180747646993066
10,42,22.935846867929417
10,43,23.41101533482317
10,44,20.257218058944865
10,45,21.169085474820506
10,46,19.991722507436005
10,47,16.30804080329836
10,48,16.233449267403074
10,49,18.601850589412877
10,50,16.49772597699051
10,51,13.420158471044795
10,52,16.067217423359555
10,53,17.924759452270404
10,54,14.91617909518291
10,55,14.414918511315673
10,56,18.139113195304255
10,57,17.927842527241655
10,58,15.661613145452806
10,59,18.59036543609271
10,60,19.2131301691908
10,61,17.63757482080399
10,62,14.242850021709804
10,63,14.170211638208366
10,64,11.232004615897537
10,65,8.944997261695587
10,66,10.435717150940274
10,67,8.291031690724907
10,68,4.800270360875083
10,69,7.396489738639204
10,70,9.20561002861848
10,71,7.019123561251585
10,72,6.972505405215851
10,73,10.633451217790558
10,74,11.619650748422714
10,75,10.352874812783204
10,76,12.38086928023206
10,77,15.150049261866188
10,78,15.551561695415506
10,79,15.152405906914966
10,80,16.309738182102667
10,81,19.579793542505573
10,82,20.019832941552327
10,83,20.586944785428418
10,84,23.65165404137894
10,85,23.15705071465146
10,86,26.869851654537214
10,87,27.502465751011126
10,88,24.89979065295368
10,89,26.494103678519977
10,90,25.387642636044372
10,91,26.080321776791582
10,92,26.347145590179707
10,93,25.126946421905753
10,94,24.903253352902407
10,95,21.882398626221118
10,96,21.99078596555352
10,97,22.04109403269765
10,98,19.09309501658197
10,99,16.881221948493092
10,100,18.060978595745055
10,101,17.54076024590389
10,102,13.81968178611044
10,103,13.555713529674648
10,104,15.517560021123264
10,105,13.42535806546462
10,106,10.13840075476822
10,107,12.513755759612812
10,108,13.844063175450255
10,109,11.375189842252219
10,110,11.996118971486775
10,111,10.780351333817075
10,112,14.04539012741116
10,113,16.10055265127802
10,114,18.79631703790222
11,1,17.477274680757308
11,2,15.109323930181668
11,3,14.167875793585692
11,4,13.539594126788025
11,5,10.959783584505326
11,6,8.820230210050566
11,7,6.029584574896593
11,8,5.472182225721885
11,9,5.321062598535267
11,10,3.803141212797371
11,12,3.8178249531718658
11,13,5.525847890614873
11,14,5.233990669230592
11,15,6.4150427350953025
11,16,8.693334628504944
11,17,10.09133301289075
11,18,10.58309695437509
11,19,12.438531257744133
11,20,14.437725653311913
11,21,15.482640910508357
11,22,19.201649153249125
11,23,20.387546660591
11,24,23.31007671097952
11,25,26.78515632414208
11,26,26.446340082943834
11,27,23.2014268111863
11,28,25.397511494883112
11,29,27.36607761511998
11,30,24.715520488309703
11,31,23.890614333535503
11,32,21.27969145810185
11,33,21.541799415646942
11,34,18.862635639246708
11,35,19.02640176448004
11,36,21.04943461031585
11,37,20.440586772147345
11,38,17.43543084200921
11,39,15.247318103057498
11,40,17.034466574271526
11,41,16.15635549578326
11,42,19.96267455472059
11,43,20.650595280647725
11,44,17.75208174384419
11,45,18.94862432145953
11,46,18.152908434817007
11,47,14.628503268181415
11,48,15.369216626865821
11,49,17.461888822103077
11,50,14.847198658184857
11,51,12.403200431127365
11,52,15.631437974049621
11,53,16.95048739740136
11,54,13.795244412855116
11,55,14.293681688472438
11,56,17.862515649373762
11,57,17.21729651766642
11,58,15.574201598044375
11,59,18.952310700810358
11,60,19.467783213123106
11,61,17.706659275557495
11,62,14.19644194930704
11,63,15.03089674408311
11,64,12.600691927410281
11,65,9.640451841989583
11,66,11.688219898476751
11,67,10.661689041512773
11,68,6.84608052514528
11,69,7.842718909237876
11,70,10.659745033138197
11,71,9.17472473211411
11,72,7.447674491564657
11,73,10.873618345662774
11,74,12.79786175243202
11,75,11.238221920481806
11,76,12.113570004763012
11,77,15.363715511063994
11,78,16.33636458388407
11,79,15.410036140046506
11,80,15.688756540337552
11,81,18.708798036857385
11,82,19.088869701694865
11,83,19.049643752484172
11,84,22.073576835395592
11,85,21.810250769251386
11,86,25.464908742371936
11,87,25.647897374548755
11,88,22.975500938033885
11,89,24.31884576590247
11,90,23.373671108360206
11,91,23.90074907971391
11,92,24.42110621549065
11,93,22.972837344239988
11,94,22.929779247450142
11,95,20.20483408248906
11,96,19.903767765040058
11,97,19.542854917068148
11,98,16.88896755738233
11,99,14.652806867253299
11,100,15.185629935727864
11,101,14.613409550810635
11,102,11.119850876422582
11,103,10.393848377489642
11,104,11.972812494841227
11,105,10.064804205674061
11,106,6.5509274063069185
11,107,8.711623716814346
11,108,10.210569373888195
11,109,8.213902419917934
11,110,9.333267473881572
11,111,9.090398193172039
11,112,12.62437421285667
11,113,14.51500040116696
11,114,16.665912236848715
12,1,18.75756909982069
12,2,16.935310883784627
12,3,15.826710751261437
12,4,15.71728751346467
12,5,12.619083179000647
12,6,10.476048443761494
12,7,8.736837576087451
12,8,6.82935249093029
12,9,5.047744088015407
12,10,5.388558137870295
12,11,3.8178249531718658
12,13,3.8304081522545004
12,14,5.468200402346321
12,15,5.275644011633987
12,16,6.098655304001603
12,17,8.588880414842286
12,18,9.780784774443498
12,19,10.623492579728888
12,20,12.364119143368814
12,21,14.275011540984558
12,22,18.002793090855697
12,23,19.851883587828848
12,24,22.883213290208413
12,25,26.468103851395686
12,26,26.66534214057422
12,27,23.53665887785123
12,28,25.507607057562712
12,29,27.925788705025564
12,30,25.67606828653607
12,31,25.286615369713736
12,32,23.119460708993472
12,33,23.877452529194972
12,34,21.371814903565216
12,35,21.784711701124948
12,36,23.46552560272517
12,37,22.873677006570396
12,38,19.664122977391585
12,39,17.88155242609328
12,40,19.502130944033755
12,41,18.643579964882104
12,42,22.396770943705977
12,43,23.491191717208853
12,44,20.891253431333176
12,45,22.302371871763995
12,46,21.645514653802866
12,47,18.24203837789127
12,48,19.089575698384785
12,49,20.9665213443214
12,50,18.107962112670776
12,51,15.766383540583048
12,52,18.89034144233549
12,53,19.8495637531244
12,54,16.381336793813784
12,55,16.839153517471253
12,56,20.218087317782974
12,57,19.02372700765098
12,58,17.047018559088208
12,59,20.179946471920136
12,60,19.970173412875713
12,61,17.568779114750548
12,62,14.541043696769602
12,63,15.769116538944864
12,64,12.895590322102287
12,65,10.755950424460519
12,66,13.579884034319488
12,67,12.45638164662799
12,68,8.972266885448972
12,69,10.846442448419216
12,70,13.723364866122433
12,71,12.156694999023404
12,72,11.078193190921665
12,73,14.587560224473888
12,74,16.302568257818105
12,75,14.642287289298446
12,76,15.757698928194667
12,77,19.061093463011776
12,78,19.747259849970323
12,79,18.618274291871487
12,80,19.05943215565994
12,81,22.196990155965675
12,82,22.781865458883768
12,83,22.67023627748961
12,84,25.691908196050424
12,85,25.46544903024997
12,86,29.067562924603994
12,87,29.040483462733267
12,88,26.24009579199407
12,89,27.271172190107237
12,90,26.127186530670155
12,91,26.21819898349032
12,92,26.438284895123477
12,93,24.533701468982073
12,94,23.990956213464976
12,95,21.083329170864747
12,96,20.254055059378345
12,97,20.36389873506612
12,98,18.165094183008062
12,99,15.284013745855223
12,100,15.681836326139283
12,101,16.005397532183988
12,102,12.699138502635032
12,103,10.9718706137845
12,104,12.996608598849509
12,105,12.148887569481854
12,106,8.335826308514836
12,107,9.438660387169953
12,108,11.924866169654774
12,109,10.922133246080993
12,110,11.680363401064183
12,111,11.127121972679047
12,112,14.93516118432295
12,113,17.3373737956184
12,114,19.43173572701434
13,1,17.273274081055206
13,2,16.027677151361758
13,3,15.74135747291532
13,4,16.406875006689503
13,5,13.804781721647629
13,6,10.780561696529704
13,7,9.704132158271298
13,8,9.015818113847102
13,9,6.131693340463782
13,10,4.953427233673092
13,11,5.525847890614873
13,12,3.8304081522545004
13,14,3.8297341571753827
13,15,5.556600824772833
13,16,5.083378615362274
13,17,6.0364520843546705
13,18,8.359936196694393
13,19,9.885122192965932
13,20,10.557932361829476
13,21,12.192662996662127
13,22,15.986705316048518
13,23,17.889805525513033
13,24,20.523760151234427
13,25,24.24882671496861
13,26,24.388909084420195
13,27,21.567960306372
13,28,23.89752235196362
13,29,26.313003458246904
13,30,24.03125213824758
13,31,24.072254119128882
13,32,22.091484175596246
13,33,23.228518821348427
13,34,21.236984229224735
13,35,22.26281895728345
13,36,24.266274922758004
13,37,24.252693955290816
13,38,21.39535990789592
13,39,19.825932757492094
13,40,21.957863961293796
13,41,21.42581539625296
13,42,25.24261234916442
13,43,25.9068401193966
13,44,22.99324069389782
13,45,23.870591959914425
13,46,22.622124763950303
13,47,19.227672307978857
13,48,19.38200859419362
13,49,21.04933014159531
13,50,18.341568777471505
13,51,15.539180447788189
13,52,18.111179257069175
13,53,19.092473477495258
13,54,15.525946851626793
13,55,15.245147384219495
13,56,18.540760666491913
13,57,17.36215121888434
13,58,14.79243338036244
13,59,17.506496669950973
13,60,17.126831068714576
13,61,14.73730819502431
13,62,11.88543452935848
13,63,12.666464747191391
13,64,9.439727072475888
13,65,8.019182955308125
13,66,11.011445488413914
13,67,9.785488744582073
13,68,6.994957175873727
13,69,9.67954590604483
13,70,12.347769259311875
13,71,11.230665151822333
13,72,11.20296090375879
13,73,14.526445162125086
13,74,16.07770114726715
13,75,15.174856688725471
13,76,16.857604910828137
13,77,19.674761995148696
13,78,20.40389373285581
13,79,19.955652084138517
13,80,20.77360133290486
13,81,23.888448646465513
13,82,24.099694349018378
13,83,24.130035302060787
13,84,26.946826003012077
13,85,26.214033082201684
13,86,29.763318130371367
13,87,29.907289519783884
13,88,26.917560686482705
13,89,27.88363834773207
13,90,26.305674605461988
13,91,26.27358834762191
13,92,26.01626307127705
13,93,24.18092653826993
13,94,23.27108529022103
13,95,19.99780845132935
13,96,19.566237271902295
13,97,20.265827409247688
13,98,17.796637470034714
13,99,14.840551146786012
13,100,16.138572869176848
13,101,16.672022515163725
13,102,13.089272681909147
13,103,11.993338721494027
13,104,14.777065155689712
13,105,13.839857713156045
13,106,10.302970850827428
13,107,12.287199952840057
13,108,14.836175076558686
13,109,13.502370966256162
13,110,14.70600923680828
13,111,14.074004187862222
13,112,17.733225045080697
13,113,19.913593842750174
13,114,22.175417415786388
14,1,18.880911723268177
14,2,17.267069450716157
14,3,17.311022331882278
14,4,17.494773577946134
14,5,15.295894864898857
14,6,12.317198912379814
14,7,10.245455912822926
14,8,10.334576812712129
14,9,8.589790434073562
14,10,6.044080937538829
14,11,5.233990669230592
14,12,5.468200402346321
14,13,3.8297341571753827
14,15,3.8394033429625627
14,16,5.522413686319464
14,17,5.263028409531228
14,18,5.946160997908733
14,19,8.578503109587356
14,20,9.944702154829304
14,21,10.503243521924082
14,22,14.247317887334615
14,23,15.48035282341818
14,24,18.24564459532837
14,25,21.820930008443494
14,26,21.636390972165277
14,27,18.574735267059452
14,28,20.91810890139138
14,29,23.094879140086796
14,30,20.640174657315562
14,31,20.42690944391811
14,32,18.33203516931545
14,33,19.427392512713823
14,34,17.454796829463646
14,35,18.633921297675652
14,36,20.65948747024924
14,37,20.915130498944407
14,38,18.29665483066333
14,39,17.019601388056653
14,40,19.580860279280518
14,41,19.60179639808909
14,42,23.414449570276417
14,43,23.67775406319314
14,44,20.68439998597141
14,45,21.170673862322506
14,46,19.66625068379099
14,47,16.52356413659466
14,48,16.699801000413004
14,49,17.9018063755422
14,50,14.978763122545748
14,51,12.375827275690275
14,52,14.962152300693406
14,53,15.541711333623319
14,54,11.87070110230614
14,55,11.982949717798126
14,56,15.150874673736746
14,57,13.804936112196588
14,58,11.609280327173504
14,59,14.723252788375783
14,60,14.644519354309676
14,61,12.57082686948848
14,62,9.245857949583344
14,63,10.51147887630823
14,64,8.156187042834702
14,65,5.563543012813047
14,66,8.824614743233612
14,67,8.864219714765452
14,68,6.038241423119286
14,69,7.3298336580007
14,70,10.710460582397351
14,71,10.675140226661538
14,72,9.99877155662364
14,73,12.717406668771808
14,74,15.024304218368872
14,75,14.663762468919062
14,76,15.749185783839755
14,77,18.393799395529708
14,78,19.81958926471105
14,79,19.638862863829004
14,80,19.919857449708687
14,81,22.62637965875801
14,82,22.306838977956463
14,83,21.90441408457769
14,84,24.39231541772191
14,85,23.37716182948624
14,86,26.776631653055038
14,87,26.713362227904
14,88,23.559861407345817
14,89,24.321178546587657
14,90,22.59034879496485
14,91,22.472194156519162
14,92,22.190699375106526
14,93,20.417276769115595
14,94,19.655156096188406
14,95,16.46947807310343
14,96,16.26265362480762
14,97,16.7592321638304
14,98,14.085091456228287
14,99,11.3564173651041
14,100,12.901588737657375
14,101,13.1640767610603
14,102,9.481839782782195
14,103,8.996395606889468
14,104,11.998171489075784
14,105,10.91749822821141
14,106,7.872026784028754
14,107,10.646797428901818
14,108,13.103348267482339
14,109,11.854696496185502
14,110,13.982073394001223
14,111,14.273037982685773
14,112,17.729756630192043
14,113,19.26084277197112
14,114,21.087629109757856
15,1,22.190199990814747
15,2,20.4585287041061
15,3,20.00192450687676
15,4,19.83011307587623
15,5,17.162023668846306
15,6,14.711818607862247
15,7,12.364130651089322
15,8,11.400050624409978
15,9,9.997179426189588
15,10,8.646304280141512
15,11,6.4150427350953025
15,12,5.275644011633987
15,13,5.556600824772833
15,14,3.8394033429625627
15,16,3.8314715049799983
15,17,5.53780904706482
15,18,4.935111946583461
15,19,6.064290713093351
15,20,8.609343502285848
15,21,9.838422500208608
15,22,13.412339680594515
15,23,14.97498871473674
15,24,18.252655361708346
15,25,21.674376345305014
15,26,21.972226403273417
15,27,18.69856106758249
15,28,20.405496338706104
15,29,22.923409871987307
15,30,20.907924751366956
15,31,20.653014591233347
15,32,18.881691049753176
15,33,20.11613211957117
15,34,17.91175121221225
15,35,18.853436930349737
15,36,20.218488782536298
15,37,20.171078931326257
15,38,17.21664958356786
15,39,16.37337787343067
15,40,18.671113568696356
15,41,18.864249199063064
15,42,22.59163410233753
15,43,23.267037402489173
15,44,20.727166850134207
15,45,21.592658998597415
15,46,20.56611224209985
15,47,17.685951464364493
15,48,18.590035702033976
15,49,19.52004852183399
15,50,16.16470116154832
15,51,14.297065104848237
15,52,17.22875006350238
15,53,17.20300225356449
15,54,13.444057034166095
15,55,14.448645136733315
15,56,17.235099395562916
15,57,15.257064602852676
15,58,13.629002100436324
15,59,16.83786612154969
15,60,16.22966230761647
15,61,13.645094810188452
15,62,10.791627251463334
15,63,13.06906040487047
15,64,11.089926879768447
15,65,8.818477170849608
15,66,12.290945592016222
15,67,12.691843080468741
15,68,9.765056471044671
15,69,10.537989852061758
15,70,14.158929918395945
15,71,14.023387310945074
15,72,12.665729351550402
15,73,15.374006676573437
15,74,17.975922572732546
15,75,17.170108692254562
15,76,17.699895360816033
15,77,20.71349344716592
15,78,22.251239973028103
15,79,21.54951424030916
15,80,21.370911388511992
15,81,23.967851653144606
15,82,23.7932880590867
15,83,22.952984385450502
15,84,25.40886066652326
15,85,24.679341574921718
15,86,27.97039737786572
