1,2,3.8561726019048854
1,3,6.774050977895374
1,4,10.286788711121092
1,5,13.690038539158536
1,6,15.250050665412243
1,7,13.020946598482324
1,8,15.738056801252746
1,9,18.259351659668788
1,10,16.937327115001292
1,11,15.78382162704845
1,12,19.522604031046995
1,13,20.671884886136727
1,14,18.702887761826485
1,15,20.336155107537135
1,16,23.74928141433105
1,17,23.70884902581799
1,18,23.14052259164819
1,19,25.689147164269674
1,20,28.230375626229034
1,21,27.75477895611884
1,22,28.71700819782407
1,23,32.40762209071858
1,24,34.58280886301174
1,25,35.474221557329834
1,26,38.075622230101004
1,27,35.68359897232973
1,28,34.331062338886824
1,29,37.99147435227135
1,30,38.579785477787325
1,31,35.04826620429682
1,32,34.59367926157328
1,33,31.6650944348187
1,34,31.28232800171452
1,35,30.19274658672104
1,36,31.023759340860877
1,37,34.46311623124922
1,38,34.86797401345514
1,39,33.03234776958734
1,40,30.379107148492587
1,41,32.22870221199253
1,42,31.36329757488355
1,43,34.3799328752815
1,44,33.58299610714079
1,45,30.08945895601966
1,46,29.69416008204253
1,47,27.564373992986813
1,48,24.419022787295972
1,49,22.0835508894695
1,50,24.781167187077934
1,51,25.279797221074617
1,52,21.63442361365727
1,53,21.583986887575513
1,54,24.885446037289302
1,55,23.790284965136134
1,56,20.87892575767707
1,57,23.4483152951647
1,58,25.985566879816872
1,59,24.117768321742766
1,60,25.934520788540837
1,61,26.34167494263112
1,62,24.396225241991612
1,63,23.303715396730446
1,64,20.859183065641123
1,65,18.24847392930201
1,66,18.485734989429783
1,67,16.369584133556607
1,68,13.065129653748786
1,69,14.790015915352246
1,70,16.69410491767583
1,71,13.940074389837537
1,72,12.20414969040345
1,73,15.763639304988788
1,74,16.605246070339373
1,75,13.854794505782603
1,76,15.139695968420646
1,77,18.794966942062285
1,78,18.419096016574272
1,79,17.260374068406616
1,80,19.03196300425876
1,81,22.32765297854179
1,82,25.142986902822624
1,83,24.97998823374778
1,84,26.967076371040434
1,85,29.397231862359305
1,86,28.18420858399181
1,87,31.449728294701504
1,88,33.80209130073687
1,89,32.23848353957001
1,90,34.79069487559782
1,91,33.604573760345836
1,92,35.54813429621199
1,93,35.71273925395537
1,94,35.69869857970723
1,95,35.70203774395225
1,96,32.766693926330205
1,97,34.16348414139642
1,98,34.42799030341143
1,99,30.865650285260454
1,100,29.69529067724907
1,101,32.01014875190974
1,102,30.88086249933032
1,103,27.188001099655928
1,104,28.333482508597008
1,105,30.35195254833835
1,106,27.453528569737415
1,107,25.055927197382914
1,108,27.852874581084617
1,109,28.6765646913928
1,110,25.333589786527483
1,111,25.00403941632474
1,112,22.549768253710536
1,113,24.035820910125235
1,114,25.17341188710218
1,115,28.44091028283947
1,116,31.017684843391326
1,117,30.871992737342993
2,1,3.8561726019048854
2,3,3.8463086039913117
2,4,6.778149884406127
2,5,10.377119731302464
2,6,12.07069607275869
2,7,10.489542112308584
2,8,13.646323847008013
2,9,15.896714576624808
2,10,14.982381743959458
2,11,14.472876772409174
2,12,18.102303595297908
2,13,19.257854555438435
2,14,17.94457491060455
2,15,19.812486764094327
2,16,22.922049596659914
2,17,23.096039123584667
2,18,23.135433909093233
2,19,25.575554468711466
2,20,27.879022090294367
2,21,27.801078434973107
2,22,29.111051917897303
2,23,32.90163393305636
2,24,35.22883024927608
2,25,36.51189956342572
2,26,39.32562436175246
2,27,37.113994414629694
2,28,35.41850724993195
2,29,38.98054851916705
2,30,39.82006216087961
2,31,36.31379369818841
2,32,35.621981597834925
2,33,32.59719625777592
2,34,32.003960963899324
2,35,30.47095084046821
2,36,30.928149795716735
2,37,34.223319732621555
2,38,34.20720652703617
2,39,32.10111238896009
2,40,29.19633279960546
2,41,30.69127168183422
2,42,29.42071453279243
2,43,32.36954487814866
2,44,31.890600881940728
2,45,28.598954771892295
2,46,28.652974036269082
2,47,26.964314306414547
2,48,23.620134695458898
2,49,21.761014965249537
2,50,24.845955826151087
2,51,25.123379717018544
2,52,21.54979074242314
2,53,22.118679436687334
2,54,25.50259108703065
2,55,24.23235602041561
2,56,21.779099530368036
2,57,24.734534923543567
2,58,27.100788008177815
2,59,25.31456592678581
2,60,27.415291743033784
2,61,27.88753999982149
2,62,25.65077363915996
2,63,24.241259383874862
2,64,22.26853559630119
2,65,19.388874585129788
2,66,19.055414219171755
2,67,17.402239203976826
2,68,13.822112001608275
2,69,14.545311789565403
2,70,16.57380943499095
2,71,14.17622213051207
2,72,11.564520561287612
2,73,14.61837434447555
2,74,15.88395545786858
2,75,12.896900249105547
2,76,13.243974194225515
2,77,17.043570585417665
2,78,17.10044796034567
2,79,15.393459325831333
2,80,16.574555268182873
2,81,20.080249511629265
2,82,23.15152073334064
2,83,23.53301418481853
2,84,25.73693147440231
2,85,28.51946447750683
2,86,27.789689117481185
2,87,31.21520206267745
2,88,33.54453069330776
2,89,32.09664057233222
2,90,34.784249759066554
2,91,33.85392450631171
2,92,35.8861518276501
2,93,36.355485821705365
2,94,36.18580384541911
2,95,36.330285293582115
2,96,33.447140475498756
2,97,34.50942350489766
2,98,34.52684062272903
2,99,31.09065346247598
2,100,29.749413310064416
2,101,31.670256905606866
2,102,30.47121062161909
2,103,26.784344076441283
2,104,27.60465310858094
2,105,29.322799901537653
2,106,26.408426354230947
2,107,23.837554966423973
2,108,26.27218752955967
2,109,26.925210189442154
2,110,23.550972263675195
2,111,22.709970823387376
2,112,19.904677105717198
2,113,21.196643235816737
2,114,22.582110707708555
2,115,26.05117183097823
2,116,28.58004817522502
2,117,28.70698275929397
3,1,6.774050977895374
3,2,3.8463086039913117
3,4,3.839951878691713
3,5,6.924322059349845
3,6,8.830215165498018
3,7,7.386806959049739
3,8,10.257119066206396
3,9,12.81483735997492
3,10,12.587563411601941
3,11,11.94704303646807
3,12,15.285157597997735
3,13,16.930122169104877
3,14,16.112962463011513
3,15,17.615044603368656
3,16,20.60992017139309
3,17,21.322387944574523
3,18,21.60663732086156
3,19,23.633842048875266
3,20,26.00129352923938
3,21,26.41289277746351
3,22,27.674587292367843
3,23,31.46592767861618
3,24,33.66880955307446
3,25,35.22640545836893
3,26,38.07695648782927
3,27,35.89135483981914
3,28,33.871059796143555
3,29,37.275756945255985
3,30,38.184584569326695
3,31,34.66209127183891
3,32,33.650684054970384
3,33,30.492522491879797
3,34,29.631835334352882
3,35,27.777130682695947
3,36,27.924380505944185
3,37,31.132527654357354
3,38,30.87421080218437
3,39,28.7015446783185
3,40,25.661729317506556
3,41,26.994620606877124
3,42,25.629624856452857
3,43,28.541514979523463
3,44,28.114427362826344
3,45,24.883232842014813
3,46,25.109914388370765
3,47,23.64952002907319
3,48,20.224970507646255
3,49,18.67528543642617
3,50,21.970483719523738
3,51,22.12197526730892
3,52,18.680586533763123
3,53,19.667804462749825
3,54,23.09041322995949
3,55,21.828912719826825
3,56,19.80251446524991
3,57,22.978120543611883
3,58,25.264262981623805
3,59,23.77119637434855
3,60,26.259003007607784
3,61,27.07304854480958
3,62,24.86553526337141
3,63,22.9519427492207
3,64,21.28313344434891
3,65,18.520290691577788
3,66,17.44760743802878
3,67,15.952257124809174
3,68,12.486107756971583
3,69,12.406285618285287
3,70,14.049947483199192
3,71,11.853705622329183
3,72,8.811297947315166
3,73,11.323364411300034
3,74,12.669715180599347
3,75,9.654375812286581
3,76,9.496905412381196
3,77,13.312287822209331
3,78,13.666200739046795
3,79,11.968651598746076
3,80,12.888454860735187
3,81,16.326991574493206
3,82,19.505669074374424
3,83,20.028414151872784
3,84,22.1940508523197
3,85,25.144597365425724
3,86,24.655876898054842
3,87,28.18683796990213
3,88,30.41870815390695
3,89,29.013224117355023
3,90,31.7641911014448
3,91,31.031768505101585
3,92,33.159197982149976
3,93,33.90556296125113
3,94,33.72697553989213
3,95,34.11226813973417
3,96,31.408256058528693
3,97,32.33754194612183
3,98,32.02349049844475
3,99,28.64553727340895
3,100,27.401603183964617
3,101,29.028205278567363
3,102,27.59741794812137
3,103,24.001256398323402
3,104,24.82655384329776
3,105,26.22124451202736
3,106,23.176588585108092
3,107,20.7265993807839
3,108,23.077687942859985
3,109,23.444781930744295
3,110,19.974797594945734
3,111,19.047658717389304
3,112,16.30408904140689
3,113,17.474409001221083
3,114,18.757496367885704
3,115,22.207467608829234
3,116,24.76836021274761
3,117,24.96689417275441
4,1,10.286788711121092
4,2,6.778149884406127
4,3,3.839951878691713
4,5,3.8722055448724606
4,6,5.602838698830073
4,7,5.642884242843436
4,8,8.887928518239738
4,9,10.691214602112112
4,10,11.07098585411436
4,11,11.435053996310282
4,12,14.320192247512189
4,13,15.794010635189359
4,14,15.825524920840524
4,15,17.555106122404204
4,16,20.00881436310425
4,17,20.876177943253953
4,18,21.825909869160864
4,19,23.702356028654272
4,20,25.68758250864235
4,21,26.47605166785658
4,22,28.099374029391825
4,23,31.900686365048955
4,24,34.25576630859729
4,25,36.179843025541864
4,26,39.22258421365922
4,27,37.29095095769739
4,28,34.9875994602625
4,29,38.25186742316065
4,30,39.44591450254297
4,31,36.03573815007829
4,32,34.87688272048672
4,33,31.745905622808102
4,34,30.787658127636657
4,35,28.53618930711035
4,36,28.35467424964438
4,37,31.291818176025583
4,38,30.591831882259267
4,39,28.099296354075864
4,40,24.888550120123114
4,41,25.820287594067196
4,42,24.00244879018485
4,43,26.86026676474076
4,44,26.901396204821253
4,45,23.969851836020492
4,46,24.775688914415714
4,47,23.864869465362478
4,48,20.291551777430303
4,49,19.437952911528765
4,50,22.94858051899928
4,51,22.71939844714006
4,52,19.483253325894218
4,53,21.124702883150963
4,54,24.401894988467696
4,55,22.89307262210153
4,56,21.417372929644355
4,57,24.85745278817578
4,58,26.81343881766803
4,59,25.347986597422175
4,60,27.951190063888365
4,61,28.713289375729055
4,62,26.242121315133208
4,63,24.1575820761211
4,64,23.043580515278304
4,65,20.101721525517807
4,66,18.62540363568353
4,67,17.783538419243193
4,68,14.334720335195197
4,69,13.228394623212383
4,70,14.974202582923542
4,71,13.550988549095667
4,72,9.97718810621101
4,73,11.412952746399343
4,74,13.357030874303716
4,75,10.665293355490727
4,76,9.056843335606672
4,77,12.676141233375464
4,78,13.834423018254846
4,79,11.721488751513391
4,80,11.467216257182818
4,81,14.943229236457162
4,82,18.448497953478615
4,83,19.66035831519167
4,84,21.8800161134512
4,85,25.185424323975454
4,86,25.22246214968526
4,87,28.86318049487915
4,88,30.922599425749503
4,89,29.573090738497353
4,90,32.32862659084014
4,91,31.797825158695698
4,92,33.88670519815365
4,93,34.86509597948933
4,94,34.44774106916522
4,95,34.88904215724872
4,96,32.24099551547957
4,97,32.76112581799674
4,98,32.26154554692469
4,99,29.12282293305114
4,100,27.650062615580374
4,101,28.8208588107419
4,102,27.437337927311354
4,103,23.93416527061757
4,104,24.28923417291618
4,105,25.361480703669923
4,106,22.457895297200018
4,107,19.80847869500154
4,108,21.61202584864258
4,109,21.85885723671945
4,110,18.511770304615762
4,111,16.943839109965445
4,112,13.759774792447377
4,113,14.788607149153389
4,114,16.552279895427514
4,115,20.209571683848118
4,116,22.783342852167483
4,117,23.452546587869296
5,1,13.690038539158536
5,2,10.377119731302464
5,3,6.924322059349845
5,4,3.8722055448724606
5,6,3.835938158732367
5,7,5.802731532070219
5,8,7.7063628198718845
5,9,9.466594331796482
5,10,11.173174823347575
5,11,11.604907500430867
5,12,13.618333535127883
5,13,15.610306302659655
5,14,16.403940653407442
5,15,17.604151325769934
5,16,19.69249799513492
5,17,21.177901751768168
5,18,22.420328026516255
5,19,23.745472078745788
5,20,25.697560561375134
5,21,27.02953108383167
5,22,28.57457617260599
5,23,32.28008772703587
5,24,34.45123609824377
5,25,36.63087046311907
5,26,39.651332547661504
5,27,37.75748703023019
5,28,35.159459206135544
5,29,38.19055213929885
5,30,39.41517604438609
5,31,36.03015549138122
5,32,34.512101889701746
5,33,31.268289019202086
5,34,29.961109741847146
5,35,27.359575759787695
5,36,26.699583569598772
5,37,29.458304481956315
5,38,28.37169443773317
5,39,25.83208151270721
5,40,22.40805411892528
5,41,22.91060389936844
5,42,20.797381161360565
5,43,23.452165586821003
5,44,23.634186248684657
5,45,20.95052035637429
5,46,22.09842722928631
5,47,21.66935553367024
5,48,18.15446523130991
5,49,17.84905789149032
5,50,21.535171253229738
5,51,21.243330599484434
5,52,18.415822322287596
5,53,20.48578199528895
5,54,23.701526964239886
5,55,22.3496752523731
5,56,21.452994753238308
5,57,24.93575652760159
5,58,26.79370466482857
5,59,25.744053464212868
5,60,28.674184013445196
5,61,29.774733851145104
5,62,27.425853803402735
5,63,24.918156058549943
5,64,24.11801212122806
5,65,21.44796076146316
5,66,19.333256141976108
5,67,18.669088294934753
5,68,15.651878111816472
5,69,13.831884428696558
5,70,14.867138871483272
5,71,13.832803460064222
5,72,10.353585742999663
5,73,10.446976177643856
5,74,12.203942893332112
5,75,9.780993470364209
5,76,7.033861849586988
5,77,10.06387256472957
5,78,11.658856498114584
5,79,9.314874506388538
5,80,8.115043383803147
5,81,11.507731542738636
5,82,15.118761598121683
5,83,16.78353916426506
5,84,19.080607509129646
5,85,22.57948368553977
5,86,23.0969184219645
5,87,26.73515792017785
5,88,28.71783885267742
5,89,27.58361282443891
5,90,30.444857465371694
5,91,30.275837982834535
5,92,32.51191392339183
5,93,33.86646160591433
5,94,33.49684518830419
5,95,34.261604087195
5,96,31.90257431395227
5,97,32.26436322360577
5,98,31.341190975376776
5,99,28.350914927005853
5,100,27.06019129858203
5,101,27.787961401026852
5,102,26.10302520292678
5,103,22.85469287721311
5,104,23.171971318344244
5,105,23.68009075938183
5,106,20.6622394367388
5,107,18.29689232045108
5,108,19.772942605243028
5,109,19.46190673809076
5,110,16.041826568340994
5,111,14.067478048816405
5,112,10.847400617151942
5,113,11.251421342325404
5,114,12.880041166076913
5,115,16.597015685776054
5,116,19.041681758575983
5,117,19.837581312993148
6,1,15.250050665412243
6,2,12.07069607275869
6,3,8.830215165498018
6,4,5.602838698830073
6,5,3.835938158732367
6,7,3.835076999752279
6,8,5.653181545147718
6,9,6.0799597900192355
6,10,7.895085185283861
6,11,9.199001502965816
6,12,10.843898114801261
6,13,12.351321787258112
6,14,13.646585100723518
6,15,15.146488665720184
6,16,16.76181489867529
6,17,18.12763933635925
6,18,19.815566018153113
6,19,21.15424730800736
6,20,22.720927779706876
6,21,24.17464279495448
6,22,26.02624158988237
6,23,29.706683965998945
6,24,32.07368899463051
6,25,34.48095476685482
6,26,37.68441960631186
6,27,36.09657529848909
6,28,33.37738593857099
6,29,36.34653645111444
6,30,37.89484218219557
6,31,34.69728766937397
6,32,33.31723237122366
6,33,30.304630025055577
6,34,29.282046768085326
6,35,26.54947502341477
6,36,26.033245172753784
6,37,28.502120874749142
6,38,27.32029606191086
6,39,24.428349287876863
6,40,21.19306351586857
6,41,21.805414749379526
6,42,19.666733599064166
6,43,22.640059636742553
6,44,23.276775630883215
6,45,20.65789073528966
6,46,22.15200101177305
6,47,21.86755712093562
6,48,18.15902255241074
6,49,18.360621242280917
6,50,21.850066287153524
6,51,20.88205064134831
6,52,18.037324750236927
6,53,20.568282081730867
6,54,23.387798961655
6,55,21.495688332832117
6,56,20.920337509711732
6,57,24.61996398508229
6,58,25.966132805534777
6,59,24.64315356751274
6,60,27.415169128692504
6,61,28.247235856468283
6,62,25.61812704079679
6,63,23.164616787437787
6,64,22.90121479320084
6,65,20.02566135385409
6,66,17.83197346337374
6,67,17.934014841369144
6,68,14.947227314035294
6,69,12.454239681463328
6,70,13.973072218988335
6,71,13.901276720569895
6,72,10.223272639671757
6,73,9.846139841150267
6,74,12.592038362136924
6,75,11.19970180260838
6,76,8.17481674744913
6,77,10.78668628601332
6,78,13.349337114815906
6,79,11.825190987161522
6,80,9.998341849517303
6,81,12.600473171626003
6,82,16.42882741574173
6,83,18.168751452179812
6,84,19.862509292169893
6,85,23.4971575801144
6,86,24.001778512765487
6,87,27.7663766179478
6,88,29.29685196942117
6,89,27.786165123188866
6,90,30.309344810699166
6,91,29.893237875089618
6,92,31.763265931574125
6,93,32.97003428677102
6,94,32.18178962066233
6,95,32.68471009368602
6,96,30.19841457347618
6,97,30.171244652833348
6,98,29.3877186552511
6,99,26.64172752230138
6,100,24.94755476315321
6,101,25.47553593976536
6,102,24.163651919601172
6,103,20.896768554846886
6,104,20.67529669885672
6,105,21.299517079843966
6,106,18.6695192552428
6,107,15.87177311591687
6,108,16.993477541164992
6,109,17.14287406575349
6,110,14.097933139164162
6,111,11.989883512789858
6,112,8.504887871670498
6,113,9.967685169691785
6,114,12.497773638246958
6,115,16.133324632034764
6,116,19.06137019700882
6,117,20.48098495051783
7,1,13.020946598482324
7,2,10.489542112308584
7,3,7.386806959049739
7,4,5.642884242843436
7,5,5.802731532070219
7,6,3.835076999752279
7,8,3.8344371299073865
7,9,5.448080725706202
7,10,5.782368722716413
7,11,6.066773751491512
7,12,8.709481310624295
7,13,10.275851122699168
7,14,10.66584834995534
7,15,12.238277945066887
7,16,14.44191848499374
7,17,15.558305722530395
7,18,16.75847012620011
7,19,18.375487848904903
7,20,20.246783553141846
7,21,21.342576504067424
7,22,23.017335106986437
7,23,26.771479140090467
7,24,29.143182193561394
7,25,31.330219478526665
7,26,34.494835881578354
7,27,32.81323583917486
7,28,30.273089637844286
7,29,33.40872224939521
7,30,34.88379812156204
7,31,31.64484844621019
7,32,30.502436957772318
7,33,27.568420792768926
7,34,26.84168392348689
7,35,24.412570899020242
7,36,24.38757178781964
7,37,27.042356657285836
7,38,26.33759846172721
7,39,23.570658636244275
7,40,20.629223080178736
7,41,21.898726145223804
7,42,20.363952808761947
7,43,23.64597542768746
7,44,23.922655496568698
7,45,20.88515228987853
7,46,21.871306163969493
7,47,20.982639499781907
7,48,17.18931493459868
7,49,16.90893516824363
7,50,20.144575461384882
7,51,19.09366788583598
7,52,15.855059394045297
7,53,18.117486889131488
7,54,20.890825428317466
7,55,18.8000561276495
7,56,17.84274379123321
7,57,21.561387190577268
7,58,22.902404301208936
7,59,21.311236433145304
7,60,23.932815805925422
7,61,24.65961384388973
7,62,22.0420947340382
7,63,19.70814030042715
7,64,19.254121664082504
7,65,16.300294322754535
7,66,14.314727611044066
7,67,14.35672892824634
7,68,11.213420175304483
7,69,8.903797497363776
7,70,10.911777614467132
7,71,10.837949509671482
7,72,7.065485743614032
7,73,7.586061836431218
7,74,10.740228199231918
7,75,9.652934986211811
7,76,7.648519669961961
7,77,10.72368453471694
7,78,13.079725729783297
7,79,12.334745436540434
7,80,11.482484800479309
7,81,13.94027943082781
7,82,17.63815226986565
7,83,18.631850723311157
7,84,19.95546311417192
7,85,23.34937395797064
7,86,23.243725886152554
7,87,27.05276450031667
7,88,28.499997560485234
7,89,26.636868798616835
7,90,28.965447143716126
7,91,28.129658054100673
7,92,29.81778267728062
7,93,30.667600415131673
7,94,29.846375430928433
7,95,30.10432708038352
7,96,27.40969014651133
7,97,27.597475461737005
7,98,27.13024321029573
7,99,24.192511995786578
7,100,22.440637351002504
7,101,23.44358894497931
7,102,22.306474465084435
7,103,18.781620423819447
7,104,18.81373994494143
7,105,20.02855964733476
7,106,17.386594793932296
7,107,14.439038997779203
7,108,16.247672426983993
7,109,16.942986509031385
7,110,13.869910992369388
7,111,12.744739251256755
7,112,9.924759361154932
7,113,12.18571765197313
7,114,14.367630484650102
7,115,17.712140261221492
7,116,20.918279664448793
7,117,22.057512575614176
8,1,15.738056801252746
8,2,13.646323847008013
8,3,10.257119066206396
8,4,8.887928518239738
8,5,7.7063628198718845
8,6,5.653181545147718
8,7,3.8344371299073865
8,9,3.846640160007853
8,10,5.70297501700455
8,11,4.799094901782254
8,12,6.0452007190311265
8,13,8.758893502277427
8,14,9.701653691714224
8,15,10.16877690223589
8,16,12.175648086648401
8,17,14.128825262354999
8,18,15.319496399450985
8,19,16.206533944792564
8,20,18.259536037651806
8,21,19.887158079352243
8,22,21.243937109665094
8,23,24.852581819770773
8,24,26.932439037991177
8,25,29.297073560410713
8,26,32.38043271896842
8,27,30.707225253869925
8,28,27.906158062254576
8,29,30.82380723379405
8,30,32.3024880656342
8,31,29.099545674645817
8,32,27.67170594210522
8,33,24.68937270735785
8,34,23.773465546404726
8,35,21.094699470605363
8,36,20.86412302693496
8,37,23.378185616087197
8,38,22.552516764289674
8,39,19.744716994536446
8,40,16.80916536121657
8,41,18.170565961147712
8,42,16.84258156498838
8,43,20.256846635305102
8,44,20.48538756846676
8,45,17.39192998062577
8,46,18.439448900615908
8,47,17.672076717546112
8,48,13.84783573768573
8,49,14.065491205903287
8,50,17.18884371823108
8,51,15.78327010571496
8,52,12.810432058343647
8,53,15.556282601482474
8,54,18.06455151997452
8,55,15.93987862376263
8,56,15.60619219350381
8,57,19.365560790510532
8,58,20.462108366378715
8,59,19.251316396933127
8,60,22.170135587698486
8,61,23.27812340726717
8,62,20.908777675075214
8,63,18.094016938205936
8,64,18.000304351712487
8,65,15.522603437587886
8,66,12.787088588915797
8,67,13.116521658205768
8,68,10.780394371734264
8,69,7.6382394654924175
8,70,8.644987895886402
8,71,9.462689296649096
8,72,6.283371429791579
8,73,4.860497154917214
8,74,8.363435396677662
8,75,8.545787057630424
8,76,6.296235590033432
8,77,8.28989131334073
8,78,11.284364633865644
8,79,11.484372219115121
8,80,10.387149246139616
8,81,11.901492886146958
8,82,15.454585364968567
8,83,16.235510953095943
8,84,17.0154295343349
8,85,20.40829024942152
8,86,20.345230768965422
8,87,24.181255881666956
8,88,25.31499636278183
8,89,23.322475629351587
8,90,25.523470398583143
8,91,24.746948486624625
8,92,26.39999570010865
8,93,27.431708202787235
8,94,26.583498173560766
8,95,27.05439670080729
8,96,24.593479719729647
8,97,24.69643168688676
8,98,23.896269891839243
8,99,21.040162959579856
8,100,19.474412375511154
8,101,20.20316212426463
8,102,18.80679236289267
8,103,15.421489572728909
8,104,15.572868333310337
8,105,16.475427219632675
8,106,13.668524479842864
8,107,10.929742870808882
8,108,12.88885753519486
8,109,13.334581023736163
8,110,10.142659715306204
8,111,9.479488783997303
8,112,7.399938909152806
8,113,10.037158937000953
8,114,11.898178963145819
8,115,14.844677642606896
8,116,18.285584130167937
8,117,19.483685274135734
9,1,18.259351659668788
9,2,15.896714576624808
9,3,12.81483735997492
9,4,10.691214602112112
9,5,9.466594331796482
9,6,6.0799597900192355
9,7,5.448080725706202
9,8,3.846640160007853
9,10,3.8173872180687454
9,11,5.409043518323025
9,12,5.3288891945835095
9,13,6.737829757943018
9,14,8.976030028457183
9,15,10.095472672421412
9,16,10.98204117975528
9,17,12.699419752470593
9,18,14.788349925673764
9,19,15.696476085852524
9,20,16.979290602143898
9,21,18.836602486845987
9,22,20.752223146380437
9,23,24.292147100449544
9,24,26.67226616994506
9,25,29.36582006802977
9,26,32.68321877524336
9,27,31.435725788257372
9,28,28.50014367435028
9,29,31.28241524904317
9,30,33.16666498914279
9,31,30.236869876259554
9,32,28.951483451019428
9,33,26.274466457048334
9,34,25.616607589896955
9,35,22.77315147061683
9,36,22.527104731265332
9,37,24.57141267986374
9,38,23.445790288157387
9,39,20.22538263625622
9,40,17.48282284801699
9,41,18.589168763699938
9,42,16.9499435655889
9,43,20.441973791758045
9,44,21.35509859113646
9,45,18.6709319550886
9,46,20.291576798950114
9,47,19.989104083983435
9,48,16.22131368527746
9,49,17.07320754672638
9,50,19.97623393871589
9,51,18.03337346727927
9,52,15.362232854776149
9,53,18.447853487814847
9,54,20.48447264376334
9,55,17.92750920738034
9,56,18.018804171450345
9,57,21.83483285152156
9,58,22.368719284601575
9,59,20.89945088048974
9,60,23.536519983145958
9,61,24.24706444641668
9,62,21.51444104891986
9,63,18.90140638757362
9,64,19.491510993086603
9,65,16.77302368016064
9,66,14.169533545132275
9,67,15.406412083851073
9,68,13.142377664873809
9,69,9.64123380385097
9,70,11.20104597689181
9,71,12.791969251392382
9,72,9.749724568831482
9,73,8.26868264379817
9,74,11.868316824008016
9,75,12.362302362363954
9,76,9.785872574472657
9,77,11.221784977448854
9,78,14.615167709141716
9,79,14.637976391214169
9,80,12.779282569823337
9,81,13.947631683486208
9,82,17.569746812636964
9,83,18.823773053781945
9,84,19.354990054452763
9,85,22.869866837941604
9,86,23.099048840814522
9,87,26.913906014952158
9,88,27.695656070525477
9,89,25.576313768475302
9,90,27.48662407180808
9,91,26.649283903399546
9,92,27.9475883023368
9,93,28.9178310294514
9,94,27.612826642388427
9,95,27.825288914981858
9,96,25.289820760366865
9,97,24.81354718470207
9,98,24.129747813944846
9,99,21.7154611646454
9,100,19.630438878617184
9,101,19.905200395655395
9,102,19.020433359579865
9,103,15.798899699421229
9,104,15.000699714652317
9,105,15.843344209839836
9,106,13.732545284848172
9,107,10.446079391354724
9,108,11.406746775133694
9,109,12.385754332734095
9,110,9.98199083056724
9,111,8.68485022649605
9,112,6.220684341276128
9,113,9.64355002497934
9,114,12.442766182167459
9,115,15.281803152620109
9,116,18.870584223390818
9,117,20.749824788032324
10,1,16.937327115001292
10,2,14.982381743959458
10,3,12.587563411601941
10,4,11.07098585411436
10,5,11.173174823347575
10,6,7.895085185283861
10,7,5.782368722716413
10,8,5.70297501700455
10,9,3.8173872180687454
10,11,3.8140005212801853
10,12,5.2440955752241125
10,13,4.904748466194051
10,14,6.160310580317964
10,15,8.524586551768188
10,16,9.737348531869815
10,17,10.386091553011164
10,18,12.385904966539577
10,19,14.103032792708483
10,20,15.256407221968825
10,21,16.46220758487541
10,22,18.6636317309119
10,23,22.349295600003096
10,24,25.056238416994805
10,25,27.569192039389918
10,26,31.00737328697496
10,27,29.861027581573655
10,28,27.193907629046848
10,29,30.211469344769018
10,30,32.20237788462743
10,31,29.338432833124845
10,32,28.522939248104226
10,33,26.096079549362138
10,34,25.95591392999011
10,35,23.502179075688627
10,36,23.86028647777449
10,37,25.98396104841245
10,38,25.312801175563806
10,39,22.15366158936128
10,40,19.814814736128625
10,41,21.41141508533519
10,42,20.175500044224894
10,43,23.80050624956881
10,44,24.577849527098255
10,45,21.695370918429337
10,46,22.957339269853467
10,47,22.17989934180909
10,48,18.40220688373681
10,49,18.76203752662994
10,50,21.384122252508934
10,51,19.359640318368424
10,52,16.303523941607192
10,53,19.0106309973433
10,54,20.91147857140281
10,55,17.99766256435374
10,56,17.590878005606466
10,57,21.407794862440106
10,58,21.782523747299432
10,59,19.717949404911575
10,60,21.893646276876712
10,61,22.08579287626544
10,62,19.033995989928126
10,63,16.909653198876196
10,64,17.505815058959094
10,65,14.356773813770383
10,66,12.415763706864212
10,67,14.007758833396842
10,68,11.431605471345128
10,69,8.262783335186207
10,70,10.968990465797015
10,71,12.6316792714734
10,72,9.645622107180325
10,73,9.431812892989814
10,74,13.242653293247862
10,75,13.679830825117149
10,76,11.896206601408824
10,77,13.924822254168898
10,78,16.943549330493667
10,79,17.058854986155072
10,80,15.775052949957121
10,81,17.27577690879363
10,82,20.878609393326208
10,83,21.778511956392492
10,84,22.223265275929716
10,85,25.547205806404836
10,86,25.311192343338494
10,87,29.127626162400443
10,88,29.87589957554445
10,89,27.46632195409899
10,90,29.147597026500478
10,91,27.85239079187093
10,92,28.846017210765844
10,93,29.32677860452204
10,94,27.818329978601913
10,95,27.542555556852562
10,96,24.625877593852362
10,97,24.17384485101681
10,98,24.086474274864017
10,99,21.616398637528487
10,100,19.145355547518346
10,101,19.932315365480978
10,102,19.6165636606876
10,103,16.132066073853064
10,104,15.19878204025762
10,105,16.89318558092936
10,106,15.171497844545435
10,107,11.553140851773136
10,108,12.877276554622663
10,109,14.731643995053618
10,110,12.711083158641246
10,111,12.098725972476377
10,112,9.990960664636964
10,113,13.458756164933165
10,114,16.19859741739254
10,115,18.97193044779958
10,116,22.602701357385115
10,117,24.35342501850039
11,1,15.78382162704845
11,2,14.472876772409174
11,3,11.94704303646807
11,4,11.435053996310282
11,5,11.604907500430867
11,6,9.199001502965816
11,7,6.066773751491512
11,8,4.799094901782254
11,9,5.409043518323025
11,10,3.8140005212801853
11,12,3.8391431070002593
11,13,5.450094708451587
11,14,5.054452239323335
11,15,6.186645639339774
11,16,8.692719649613649
11,17,9.904459856096782
11,18,10.8254206241074
11,19,12.320330709469062
11,20,14.365470818724685
11,21,15.48810301805553
11,22,16.993731303706113
11,23,20.72504054101239
11,24,23.089908222012152
11,25,25.353240986660786
11,26,28.589623537639337
11,27,27.10062193451656
11,28,24.484771423441494
11,29,27.60220096314997
11,30,29.29715252746859
11,31,26.23742922935539
11,32,25.340816812459188
11,33,22.750456565906077
11,34,22.564486928555908
11,35,20.300089922945784
11,36,20.887065681452924
11,37,23.298878007512208
11,38,23.022524071512112
11,39,20.18632017927609
11,40,17.957660682591932
11,41,20.033647751798725
11,42,19.352185563663244
11,43,23.04078316346026
11,44,23.257145152422613
11,45,20.016751827126484
11,46,20.717905653975848
11,47,19.444538313110908
11,48,15.719503976616142
11,49,15.655870723625808
11,50,18.076244726318777
11,51,16.1650782782146
11,52,12.878362738704444
11,53,15.354541327307183
11,54,17.30642544099913
11,55,14.466531737127896
11,56,13.831027300628675
11,57,17.64952814664494
11,58,18.2190813092581
11,59,16.274371045539098
11,60,18.690627681508193
11,61,19.267494329746622
11,62,16.561264665036607
11,63,14.080256931809803
11,64,14.299933486152348
11,65,11.435811027998685
11,66,9.080049542383538
11,67,10.350705723936422
11,68,8.025517870376852
11,69,4.545505423764099
11,70,7.19802713719258
11,71,9.03901515153616
11,72,6.5636526478737895
11,73,6.52405762634589
11,74,10.232026828948458
11,75,11.167701176826725
11,76,10.245537692282568
11,77,12.164273037438807
11,78,14.828079935668915
11,79,15.59954578823408
11,80,15.022661503268987
11,81,16.329121998499108
11,82,19.657522192132767
11,83,19.916967539888876
11,84,20.122504553042443
11,85,23.16623671051454
11,86,22.489520923712913
11,87,26.266535413581614
11,88,27.034674324106764
11,89,24.495704494789248
11,90,26.155693920065307
11,91,24.693608460430376
11,92,25.76142449546482
11,93,26.14603961218523
11,94,24.880199309880414
11,95,24.71298716974706
11,96,21.81171631550972
11,97,21.81930024825049
11,98,21.691336175194657
11,99,18.86001421663186
11,100,16.744598352610183
11,101,17.996777119953784
11,102,17.35997675167257
11,103,13.67389468574007
11,104,13.5410093203962
11,105,15.49553335058798
11,106,13.32949968634436
11,107,10.062218885091513
11,108,12.439280162204817
11,109,14.139000310449363
11,110,11.748129019769463
11,111,12.11866755659166
11,112,10.77157685750692
11,113,14.088619817686748
11,114,16.080128947998055
11,115,18.592909493279787
11,116,22.235345149633133
11,117,23.49804109005604
12,1,19.522604031046995
12,2,18.102303595297908
12,3,15.285157597997735
12,4,14.320192247512189
12,5,13.618333535127883
12,6,10.843898114801261
12,7,8.709481310624295
12,8,6.0452007190311265
12,9,5.3288891945835095
12,10,5.2440955752241125
12,11,3.8391431070002593
12,13,3.841297994066666
12,14,5.466279928846824
12,15,5.036574177355121
12,16,6.169514912296788
12,17,8.576342727250259
12,18,10.1250643955936
12,19,10.555449091970837
12,20,12.314553052402509
12,21,14.305243114879788
12,22,15.765735981049918
12,23,19.2540836827533
12,24,21.453098509485454
12,25,24.12668128325266
12,26,27.398328402721923
12,27,26.17281264271167
12,28,23.18688520359258
12,29,25.960776924303257
12,30,27.8936048736605
12,31,25.042614063277664
12,32,23.898271228538366
12,33,21.442188185958017
12,34,21.181334472274944
12,35,18.547389694206597
12,36,18.88423036209495
12,37,20.838037706105492
12,38,20.256074622420584
12,39,17.13611278434602
12,40,15.09532551737237
12,41,17.147997618571875
12,42,16.582870815795154
12,43,20.37007608824931
12,44,20.887749986094086
12,45,17.88200099990907
12,46,18.93008008664344
12,47,18.06978120235799
12,48,14.471129344230087
12,49,15.268140294127933
12,50,17.386797157122658
12,51,14.846006893975154
12,52,12.173006281256713
12,53,15.27446080367956
12,54,16.615389025748428
12,55,13.55388890964467
12,56,13.954038353149071
12,57,17.709946127863443
12,58,17.67748288796384
12,59,16.083481448312483
12,60,18.6288367102794
12,61,19.40320314136668
12,62,16.835979647060462
12,63,13.978707591443037
12,64,15.04205600581823
12,65,12.750751212763747
12,66,9.760668583039305
12,67,11.78623220030898
12,68,10.558579320843418
12,69,6.726711985876215
12,70,7.932417932465312
12,71,10.831412846399912
12,72,9.116813180589586
12,73,7.431546380275035
12,74,10.916657030715214
12,75,12.796023611182328
12,76,11.47145642832044
12,77,12.250030562070792
12,78,15.414334671566868
12,79,16.654240831457585
12,80,15.559000665827309
12,81,16.00737809453035
12,82,19.116707184224744
12,83,19.44626835538187
12,84,19.070280005594615
12,85,22.10533196901858
12,86,21.66614115357916
12,87,25.386607686069407
12,88,25.675272810763058
12,89,22.994999383753946
12,90,24.356187572817845
12,91,22.952765252325683
12,92,23.779912933329157
12,93,24.342069695891755
12,94,22.780948951472475
12,95,22.709807192614452
12,96,20.043458623018047
12,97,19.57704286836325
12,98,19.118342256827706
12,99,16.66243655346253
12,100,14.410720573494608
12,101,15.022979805047715
12,102,14.420846147268096
12,103,10.966413670187727
12,104,10.27457133640915
12,105,11.923932185191177
12,106,10.051456042808983
12,107,6.493290136510112
12,108,8.614766996391916
12,109,10.58334725054873
12,110,8.751597867435315
12,111,9.593349390275348
12,112,9.206937526906769
12,113,12.814883463332974
12,114,14.773842162241301
12,115,16.730804918826127
12,116,20.515703661878277
12,117,22.114581099226868
13,1,20.671884886136727
13,2,19.257854555438435
13,3,16.930122169104877
13,4,15.794010635189359
13,5,15.610306302659655
13,6,12.351321787258112
13,7,10.275851122699168
13,8,8.758893502277427
13,9,6.737829757943018
13,10,4.904748466194051
13,11,5.450094708451587
13,12,3.841297994066666
13,14,3.8409030113489258
13,15,5.379511761986236
13,16,5.092375679714118
13,17,6.00871144121677
13,18,8.634572968979422
13,19,9.798555968259324
13,20,10.528917720154904
13,21,12.213834220111984
13,22,14.488788691033344
13,23,17.998627486573938
13,24,20.7222335266388
13,25,23.521457716816354
13,26,27.055800856077642
13,27,26.270704432795835
13,28,23.41986709750424
13,29,26.220998050876144
13,30,28.533281638764453
13,31,25.982938999939417
13,32,25.306202598271213
13,33,23.298337845523857
13,34,23.561941378196476
13,35,21.144838808201
13,36,21.812013079483165
13,37,23.45749793072735
13,38,22.93897581965951
13,39,19.66555605688257
13,40,18.02715753498082
13,41,20.03148788043354
13,42,19.396463337550674
13,43,23.179533560696314
13,44,24.07173209741869
13,45,21.28924957049812
13,46,22.50987892388762
13,47,21.72167439025297
13,48,18.205044187114257
13,49,19.004346972129067
13,50,20.9284516957438
13,51,18.210931921885585
13,52,15.57317216075374
13,53,18.480644328300837
13,54,19.50952763444798
13,55,16.11817044159051
13,56,16.382303386185026
13,57,20.037894817961565
13,58,19.566866135339705
13,59,17.410919157450063
13,60,19.31466026206286
13,61,19.353219082833455
13,62,16.28313886963544
13,63,14.078525647642765
13,64,15.666059537701653
13,65,12.950978119821002
13,66,10.781235455021749
13,67,13.51719979695728
13,68,12.099467719910416
13,69,8.685984438578139
13,70,10.866035310833668
13,71,13.733246032081917
13,72,11.866643986636578
13,73,10.965643260772891
13,74,14.564816176337755
13,75,16.153235078944448
13,76,14.774591956398478
13,77,15.898449699106123
13,78,19.085860064382516
13,79,20.03022915323789
13,80,18.75981610059766
13,81,19.42537834137849
13,82,22.671699618206716
13,83,23.20493138109426
13,84,22.837467088027527
13,85,25.87814715143412
13,86,25.42727242805857
13,87,29.114139125668007
13,88,29.24940081915745
13,89,26.425484412284508
13,90,27.5047628690856
13,91,25.849935755674835
13,92,26.260318951446543
13,93,26.460529815487252
13,94,24.471479489088868
13,95,23.859864711850513
13,96,20.91274038457013
13,97,19.98687980495068
13,98,20.094993250633717
13,99,18.0429953598825
13,100,15.138826708538623
13,101,15.72270516554725
13,102,16.0296113512941
13,103,12.740157904232548
13,104,11.112856615689953
13,105,13.26910443378659
13,106,12.40872150938044
13,107,8.611266700077108
13,108,9.74924227768806
13,109,12.587466886683492
13,110,11.649005959793717
13,111,12.122267938114595
13,112,11.419778543677545
13,113,15.230724128573144
13,114,17.717785651298154
13,115,19.719027244685364
13,116,23.524060709370836
13,117,25.444793439253935
14,1,18.702887761826485
14,2,17.94457491060455
14,3,16.112962463011513
14,4,15.825524920840524
14,5,16.403940653407442
14,6,13.646585100723518
14,7,10.66584834995534
14,8,9.701653691714224
14,9,8.976030028457183
14,10,6.160310580317964
14,11,5.054452239323335
14,12,5.466279928846824
14,13,3.8409030113489258
14,15,3.8328123856430887
14,16,5.603666299033302
14,17,5.214120626553714
14,18,6.303017434004431
14,19,8.590406369843354
14,20,10.079605160002792
14,21,10.694457298419982
14,22,12.68039448158422
14,23,16.449893035980754
14,24,19.24273228568422
14,25,21.584031973716876
14,26,25.066069212505468
14,27,24.044865237080845
14,28,21.55162546413243
14,29,24.702021670087536
14,30,26.81550464088756
14,31,24.131868491013968
14,32,23.828727792092593
14,33,21.881471468545648
14,34,22.503836470323492
14,35,20.605945335482094
14,36,21.848997873645803
14,37,23.831841292884754
14,38,23.910273732703512
14,39,21.00641484674669
14,40,19.58140535362532
14,41,22.056212773327267
14,42,21.843303605205094
14,43,25.658113977579788
14,44,26.071124636142038
14,45,22.945189248739506
14,46,23.580116202451194
14,47,22.179352573977063
14,48,18.720232351396
14,49,18.801693380768754
14,50,20.479863174626615
14,51,18.00720861451442
14,52,14.962690428489356
14,53,17.242128322097752
14,54,18.295500403718652
14,55,14.831919508691522
14,56,14.360905698649999
14,57,17.9153093129183
14,58,17.560781730140427
14,59,14.922198184794942
14,60,16.514421660078717
14,61,16.287995827567084
14,62,13.086105120727359
14,63,11.185999847682497
14,64,12.404359997718707
14,65,9.353311257629679
14,66,7.802918062500106
14,67,10.645157325269091
14,68,9.19992667342577
14,69,6.520202941097648
14,70,9.401900975140405
14,71,12.050829519321274
14,72,10.659966699589598
14,73,10.842499543717228
14,74,14.21652032646597
14,75,15.715089859514155
14,76,15.18384549923152
14,77,16.75037793703232
14,78,19.4141271690637
14,79,20.530755461592534
14,80,19.950388293144858
14,81,20.930712457271348
14,82,24.10380840037498
14,83,24.161590979184094
14,84,23.828593474180888
14,85,26.608947134889174
14,86,25.630123662731695
14,87,29.268370579770604
14,88,29.54271705803201
14,89,26.56457627682829
14,90,27.58274981930455
14,91,25.56289821680353
14,92,25.897549777506896
14,93,25.6662060192273
14,94,23.80299588840132
14,95,22.897071656387098
14,96,19.629559876504157
14,97,19.196440355020034
14,98,19.8167644193109
14,99,17.391589149553486
14,100,14.533680534162636
14,101,16.03213061316513
14,102,16.472726791622062
14,103,12.897403918505246
14,104,12.005965544085036
14,105,14.871371903116094
14,106,13.827664244338713
14,107,10.372098256591459
14,108,12.451838213881535
14,109,15.266548067809866
14,110,14.003913968162554
14,111,14.978896851069994
14,112,14.258737028584065
14,113,17.936379397065966
14,114,20.100792569684696
14,115,22.18887039940937
14,116,25.964618858435788
14,117,27.463796314487787
15,1,20.336155107537135
15,2,19.812486764094327
15,3,17.615044603368656
15,4,17.555106122404204
15,5,17.604151325769934
15,6,15.146488665720184
15,7,12.238277945066887
15,8,10.16877690223589
15,9,10.095472672421412
15,10,8.524586551768188
15,11,6.186645639339774
15,12,5.036574177355121
15,13,5.379511761986236
15,14,3.8328123856430887
15,16,3.8463818526923563
15,17,5.546839407450958
15,18,5.49395808135897
15,19,6.179969733798059
15,20,8.738797745754495
15,21,10.086029628912652
15,22,11.078177077318161
15,23,14.700456825380705
15,24,16.948960396816084
15,25,19.376453036821488
15,26,22.680890652188953
15,27,21.4706397831016
15,28,18.689309967248136
15,29,21.704219220018413
15,30,23.695694888928834
15,31,20.926808627618414
15,32,20.319356102078572
15,33,18.27669623063938
15,34,18.807396227107866
15,35,16.84157784958508
15,36,18.16727037709533
15,37,20.092481699746525
15,38,20.358965420663136
15,39,17.629298722531523
15,40,16.508230974681148
15,41,19.330579655154352
15,42,19.658172110579358
15,43,23.46145866950604
15,44,23.58384577878675
