1,2,3.818617938070825
1,3,6.793052236680139
1,4,8.786176853068412
1,5,7.35167994939725
1,6,10.248640534365693
1,7,12.75447316683463
1,8,12.4920312461525
1,9,11.8500494496572
1,10,15.146743904238326
1,11,16.871228514610284
1,12,16.079200978136534
1,13,17.44290267405819
1,14,20.250253429310572
1,15,21.28738372334666
1,16,21.522476325075125
1,17,23.599671155630226
1,18,26.07409274827146
1,19,26.438658387243127
1,20,26.61551253650704
1,21,30.307610302291266
1,22,31.3119475942455
1,23,33.87629124082548
1,24,37.21539217837435
1,25,36.60156927070776
1,26,33.240776121055404
1,27,35.162308709047686
1,28,37.20186620982596
1,29,34.3238590895076
1,30,33.611884416629564
1,31,30.473191969231365
1,32,29.637869292805288
1,33,28.09379686135919
1,34,28.27450334682226
1,35,31.662952912034502
1,36,31.14750225364432
1,37,29.020003688473466
1,38,25.920319936006425
1,39,27.527812493668772
1,40,25.684544341491844
1,41,28.61021471449534
1,42,28.53332720354832
1,43,25.21133611669871
1,44,25.568638616305485
1,45,24.088525914928493
1,46,20.551396533684557
1,47,18.84626037063129
1,48,22.096145279023276
1,49,22.090013991035566
1,50,18.69660177785909
1,51,19.82565132354945
1,52,23.22296640526367
1,53,21.93601974326045
1,54,19.935152342551373
1,55,23.081550935196148
1,56,25.18768300570474
1,57,23.674338841667538
1,58,26.424055877904525
1,59,27.101802404356846
1,60,25.000912014589645
1,61,22.944455053262775
1,62,21.147497788559658
1,63,18.650382916645057
1,64,17.371973886500122
1,65,16.209594503769946
1,66,12.612308504595985
1,67,12.447302011566228
1,68,14.166530379101678
1,69,12.064384106019185
1,70,8.897843495571799
1,71,11.424218732468418
1,72,12.90922065179985
1,73,10.027903058332024
1,74,9.609084618342989
1,75,13.427875716367486
1,76,14.073554409489928
1,77,11.989855248084183
1,78,12.896218365375278
1,79,16.423430649924175
1,80,19.777904078259265
1,81,20.461377532420496
1,82,22.73820953782884
1,83,25.7184867435207
1,84,25.075141810831692
1,85,28.63553838997174
1,86,30.84195743389198
1,87,29.236255329828744
1,88,32.060548444976014
1,89,31.464462988264994
1,90,33.49465936561558
1,91,34.13973872810333
1,92,33.71639216969665
1,93,34.09579052672004
1,94,31.226828932999776
1,95,32.40873698640542
1,96,32.19342710438253
1,97,28.778178026756738
1,98,27.41657664246784
1,99,29.155201171596524
1,100,27.93495079701449
1,101,24.247369145193073
1,102,24.825405696656578
1,103,26.268500004460638
1,104,23.46092579008396
1,105,20.7653265354569
1,106,23.261177352994103
1,107,23.69139537908485
1,108,20.163790651757598
1,109,19.07280119188932
1,110,16.31747837412829
1,111,17.46707672647844
1,112,18.851893318648266
1,113,22.493025081095
1,114,25.038092569999925
1,115,27.128691442474445
2,1,3.818617938070825
2,3,3.875921461994479
2,4,5.464054609848989
2,5,5.37980897749673
2,6,8.73902176326485
2,7,10.472147550212306
2,8,10.796322969056533
2,9,11.155082876357193
2,10,14.029002650239951
2,11,15.51381561530503
2,12,15.52501484692745
2,13,17.245576154975968
2,14,19.473320118646264
2,15,20.580987100749798
2,16,21.48963293024724
2,17,23.488152159619656
2,18,25.58416099773231
2,19,26.278357635337446
2,20,26.910393393887844
2,21,30.70539889213669
2,22,32.00497792580299
2,23,34.87008847807903
2,24,38.18081496234245
2,25,37.877961824813866
2,26,34.40147685380119
2,27,35.97885329673232
2,28,38.196264989796035
2,29,35.52581922014758
2,30,34.68161145093954
2,31,31.566739018405265
2,32,30.61346917578271
2,33,28.650697303826824
2,34,28.53397839678292
2,35,31.668691727895453
2,36,30.747580375320087
2,37,28.29954250950836
2,38,24.99057020233526
2,39,26.166242015151305
2,40,23.92183321748635
2,41,26.788388689371573
2,42,27.177859784702736
2,43,24.129399403569934
2,44,25.0455084178021
2,45,24.10348275210346
2,46,20.426386114737603
2,47,19.404677494359415
2,48,22.872909547299447
2,49,22.491051993051045
2,50,19.338173699548555
2,51,21.11000566912742
2,52,24.333362960124205
2,53,22.785385225564717
2,54,21.317885795514485
2,55,24.73859875443604
2,56,26.44991593118339
2,57,24.95942562091289
2,58,27.854188949273347
2,59,28.53466691680203
2,60,26.178173773299616
2,61,23.930805113521604
2,62,22.6953971723589
2,63,19.979151256185116
2,64,18.32919709363843
2,65,17.827902065579618
2,66,14.355927470242705
2,67,13.152037870522307
2,68,14.927718167256206
2,69,13.606698731446114
2,70,9.95322555885275
2,71,11.410133681941604
2,72,13.507529789581838
2,73,11.004729473968814
2,74,9.198583490682447
2,75,12.729328975232733
2,76,14.155244951687488
2,77,11.808364046899829
2,78,11.535869857970702
2,79,15.051461585290989
2,80,18.68730053728779
2,81,20.023092947381077
2,82,22.286777301820795
2,83,25.61334885969683
2,84,25.491468874964816
2,85,29.188964122562666
2,86,31.147614523313905
2,87,29.622070544632756
2,88,32.49355530023427
2,89,32.03639573846876
2,90,34.05048827912933
2,91,34.917655093298784
2,92,34.273101823098095
2,93,34.709350894293586
2,94,31.922214344266884
2,95,32.71254818463958
2,96,32.26486237542349
2,97,29.057958749594164
2,98,27.476733302147462
2,99,28.766266369553726
2,100,27.610320279321947
2,101,24.000720311680265
2,102,24.13458031048123
2,103,25.228626065123482
2,104,22.56949636797394
2,105,19.68996204472401
2,106,21.668453497152445
2,107,21.999222935861727
2,108,18.593552608058978
2,109,16.900287714541097
2,110,13.70831797374169
2,111,14.751539915921411
2,112,16.627283470433195
2,113,20.39925965639945
2,114,22.807972914346195
2,115,25.236224637212594
3,1,6.793052236680139
3,2,3.875921461994479
3,4,3.821769054413736
3,5,5.724235994561958
3,6,7.771796165850623
3,7,9.54866867992859
3,8,11.22402367752938
3,9,11.573193183983939
3,10,13.558149985971456
3,11,15.55044519384428
3,12,16.35337540280613
3,13,17.6086754216231
3,14,19.42528640665525
3,15,21.12361540854826
3,16,22.330839899552068
3,17,23.79562731737638
3,18,25.88202616815114
3,19,27.117673016588217
3,20,27.73831245348982
3,21,31.542982304273462
3,22,32.71349385407864
3,23,35.753284317380654
3,24,38.85974418830212
3,25,38.563260146557965
3,26,34.93805812165929
3,27,36.1951663161301
3,28,38.27667758017079
3,29,35.617596908172864
3,30,34.39214692125999
3,31,31.13453973537278
3,32,29.786232985626093
3,33,27.4668948372272
3,34,26.865185163880646
3,35,29.81230616158825
3,36,28.513161954140067
3,37,26.056540012892853
3,38,22.541925160434523
3,39,23.32814760704679
3,40,20.829204455520614
3,41,23.454854772562243
3,42,23.938039573783506
3,43,21.09308467838202
3,44,22.28841810040913
3,45,21.79395612215275
3,46,18.18620654239676
3,47,17.65028490345156
3,48,21.32976598204751
3,49,20.992200955718598
3,50,18.275042010726985
3,51,20.37969128341828
3,52,23.56282811850482
3,53,22.229186407009852
3,54,21.343488734315883
3,55,24.76743052046406
3,56,26.370437282515567
3,57,25.33418954058205
3,58,28.54406696692578
3,59,29.630751363692593
3,60,27.451590129517978
3,61,24.78274777889995
3,62,23.82487415141319
3,63,21.413800360412043
3,64,19.141898908461535
3,65,18.695718595122383
3,66,15.672327830580594
3,67,13.894907697529067
3,68,14.870178187957585
3,69,13.81774959994771
3,70,10.30733568653399
3,71,10.477298837118793
3,72,12.294767388345967
3,73,9.960894833546911
3,74,7.122807169306517
3,75,10.045705388271406
3,76,11.74745945731951
3,77,9.21283814432196
3,78,8.074591837075948
3,79,11.542146779918736
3,80,15.232030782247751
3,81,16.980492102959417
3,82,19.347008986165395
3,83,22.85345843780255
3,84,23.196726291425083
3,85,26.903838006220795
3,86,28.776236598850133
3,87,27.526563683193316
3,88,30.56326692952609
3,89,30.463835190151933
3,90,32.68901957006026
3,91,33.94550477363206
3,92,33.42120445003249
3,93,34.212798390704556
3,94,31.732112734957347
3,95,32.43533100714604
3,96,31.538312826851683
3,97,28.411667496111782
3,98,27.068209612445504
3,99,27.94875625692834
3,100,26.450476589702408
3,101,23.067332822935203
3,102,23.26929468100678
3,103,23.793719567354824
3,104,20.943215714093505
3,105,18.38225791114914
3,106,20.09136101075472
3,107,19.830472079953875
3,108,16.32944047431772
3,109,14.21953195193862
3,110,11.007087631048229
3,111,11.357455924105492
3,112,13.020522389681862
3,113,16.807656404322444
3,114,19.035228411056103
3,115,21.450886295183412
4,1,8.786176853068412
4,2,5.464054609848989
4,3,3.821769054413736
4,5,3.833271458895626
4,6,5.753812399552519
4,7,6.191487718905547
4,8,8.061652792576973
4,9,9.300547003341984
4,10,10.90852743058649
4,11,12.382864779166256
4,12,13.679267149457228
4,13,15.297977884187366
4,14,16.617613782403573
4,15,18.155429255917486
4,16,19.82316676197534
4,17,21.329367791277175
4,18,23.026868819782127
4,19,24.373316981004425
4,20,25.3767093558791
4,21,29.19742370904471
4,22,30.67766257432839
4,23,33.91016462911836
4,24,37.02899336373966
4,25,37.078464016965135
4,26,33.45033308275311
4,27,34.47015256355417
4,28,36.810119811289326
4,29,34.43947719144366
4,30,33.34871750659112
4,31,30.31118977106744
4,32,29.203235462851275
4,33,26.71186179012079
4,34,26.24525231283531
4,35,28.963969610999712
4,36,27.595236431971273
4,37,24.767863165231045
4,38,21.334931086381058
4,39,22.06384953764145
4,40,19.515139083181644
4,41,22.42960674579261
4,42,23.355279006430273
4,43,20.637386683312887
4,44,22.21017406720585
4,45,21.913775057245186
4,46,18.162147446680933
4,47,18.16483704138908
4,48,21.65129636872274
4,49,20.631221335607684
4,50,17.956313087510527
4,51,20.566859798952375
4,52,23.34322737060094
4,53,21.474915858320315
4,54,20.878670121243783
4,55,24.5389628171055
4,56,25.616317489695916
4,57,24.319072994847886
4,58,27.4251213242288
4,59,28.293322923635344
4,60,25.82786256612133
4,61,23.187822649956193
4,62,22.773625639147927
4,63,20.10771900314639
4,64,17.781304395537564
4,65,18.109481310053706
4,66,15.23416307158583
4,67,12.72269728729776
4,68,14.11489673581087
4,69,14.044478697523926
4,70,10.379320534081966
4,71,10.004838088838252
4,72,12.770779872864429
4,73,11.471862912655189
4,74,8.31910345098897
4,75,10.725459563918118
4,76,13.410028205310223
4,77,11.698164730493197
4,78,9.838364342727365
4,79,12.524879898763801
4,80,16.35132270765532
4,81,18.22090463810098
4,82,19.99343011786219
4,83,23.617069270898554
4,84,24.039799060261053
4,85,27.857163050478107
4,86,29.278815425206595
4,87,27.712539608594103
4,88,30.470435075210354
4,89,30.102713069857298
4,90,31.992796062930577
4,91,33.126822017684326
4,92,32.19763885147822
4,93,32.75312469229106
4,94,30.196698158580066
4,95,30.492979729287608
4,96,29.655849591052114
4,97,26.779932139389242
4,98,25.051025301214274
4,99,25.69209842048059
4,100,24.554232041052
4,101,21.181049298206375
4,102,20.836016657825272
4,103,21.386476579987733
4,104,18.940555588103276
4,105,16.002410211397947
4,106,17.32203373845349
4,107,17.469927940702178
4,108,14.315868758525179
4,109,12.069232475347247
4,110,8.562006775441523
4,111,9.885606495142632
4,112,12.452629693229172
4,113,16.194195185966247
4,114,18.7403380103278
4,115,21.658281194070636
5,1,7.35167994939725
5,2,5.37980897749673
5,3,5.724235994561958
5,4,3.833271458895626
5,6,3.8377367697137132
5,7,5.413681974608673
5,8,5.81614230916552
5,9,6.1112491888405325
5,10,8.69251970756668
5,11,10.266223611644476
5,12,10.683940475669456
5,13,12.284599263892602
5,14,14.208298531798198
5,15,15.566294957559254
5,16,16.74193045265762
5,17,18.48668138192632
5,18,20.46987237161722
5,19,21.49047500794242
5,20,22.24275977728096
5,21,26.06656669178709
5,22,27.46914077916609
5,23,30.568802024794532
5,24,33.78537529644766
5,25,33.750251784134356
5,26,30.189734611170888
5,27,31.44650048237897
5,28,33.82392773339128
5,29,31.403782148526357
5,30,30.564539627453144
5,31,27.622996000350124
5,32,26.839716957551605
5,33,24.67034912268232
5,34,24.699837948128422
5,35,27.632065673570697
5,36,26.73913302664643
5,37,24.00822737014301
5,38,20.874450673124198
5,39,22.240050110657705
5,40,20.243338094241192
5,41,23.502210075007724
5,42,24.066723817914284
5,43,20.98326672275361
5,44,22.075791901934295
5,45,21.182884900974962
5,46,17.3584133690495
5,47,16.884895076935248
5,48,20.086823519382936
5,49,18.929062235387637
5,50,15.834571639837334
5,51,18.23282630661522
5,52,20.963736576268975
5,53,18.873589060381654
5,54,17.86463139885449
5,55,21.56054472549499
5,56,22.663017375646415
5,57,21.070327851646724
5,58,24.02176818684453
5,59,24.735382768007632
5,60,22.253308813644264
5,61,19.75023270281173
5,62,19.15428085608249
5,63,16.397865089188226
5,64,14.28230600907982
5,65,14.596961272242611
5,66,11.566069872422485
5,67,9.182752368805597
5,68,11.106085844964943
5,69,11.080181234029316
5,70,7.321146871187001
5,71,7.803118897039747
5,72,11.000257171152274
5,73,10.01868022544286
5,74,7.817460030819498
5,75,10.745575090120882
5,76,13.30891567241
5,77,12.273827717958085
5,78,11.3716202348074
5,79,13.941671485327083
5,80,17.660274910058792
5,81,18.805235698800434
5,82,20.23928894608301
5,83,23.600765962715887
5,84,23.429207031447184
5,85,27.256955826781496
5,86,28.658246191948685
5,87,26.70345077635487
5,88,29.22837939806583
5,89,28.453710569985503
5,90,30.120061630775183
5,91,30.88931455745268
5,92,29.882236864208373
5,93,30.174845931329873
5,94,27.393423626950604
5,95,27.85807903004636
5,96,27.36765929908073
5,97,24.34942967923972
5,98,22.528601121655193
5,99,23.62624437373013
5,100,22.68039962071059
5,101,19.07468424426094
5,102,18.90143177859873
5,103,20.06351435635828
5,104,17.653062425762695
5,105,14.530963663452058
5,106,16.47948643219823
5,107,17.186151733082177
5,108,14.013580441418872
5,109,12.739750485740037
5,110,9.88360306691614
5,111,12.075907709541733
5,112,14.334191235752854
5,113,17.9014127013803
5,114,20.894450128612995
5,115,23.675677576250177
6,1,10.248640534365693
6,2,8.73902176326485
6,3,7.771796165850623
6,4,5.753812399552519
6,5,3.8377367697137132
6,7,3.846595834644772
6,8,5.662339740308246
6,9,4.713665414509079
6,10,5.872169032353835
6,11,8.538099542013185
6,12,9.581515616047671
6,13,10.16966420113946
6,14,11.810432947224564
6,15,13.97180582310368
6,16,15.167377033518589
6,17,16.202572771016563
6,18,18.353834793592682
6,19,19.91706891778098
6,20,20.44467063215558
6,21,24.215644317675835
6,22,25.382533938364404
6,23,28.61165950894866
6,24,31.5967687649321
6,25,31.558899051572737
6,26,27.87735299515587
6,27,28.83469740398745
6,28,31.095061252868973
6,29,28.721761571157714
6,30,27.61237193177877
6,31,24.62773832485433
6,32,23.66315311765039
6,33,21.24742331979012
6,34,21.120419364261217
6,35,23.927601114896987
6,36,22.95974300247005
6,37,20.17827978094419
6,38,17.077340641048213
6,39,18.5620089606161
6,40,16.797122821786548
6,41,20.20978977278631
6,42,20.676729698618306
6,43,17.540874863059667
6,44,18.651872607459406
6,45,17.836187325347947
6,46,14.00389726117661
6,47,13.981076244141178
6,48,17.04790714292184
6,49,15.54354181836755
6,50,12.717333175965859
6,51,15.562911599011189
6,52,18.00524522689364
6,53,15.855514169393464
6,54,15.442033173679592
6,55,19.17797426670364
6,56,19.98309893206712
6,57,18.7444375708739
6,58,21.949872255171353
6,59,23.06366439446407
6,60,20.83691841100366
6,61,17.887033667133057
6,62,17.66581507386491
6,63,15.365822644927292
6,64,12.544406244135834
6,65,13.08711817484451
6,66,10.86719210537794
6,67,7.7405998680352495
6,68,8.689634247935128
6,69,9.54146719293429
6,70,6.394948565791671
6,71,5.048791531714486
6,72,8.600935147232114
6,73,8.873233118013827
6,74,6.539407745077182
6,75,8.394374631355111
6,76,11.545645134472492
6,77,11.54397246055469
6,78,10.40871850267971
6,79,12.043217079175779
6,80,15.552570084721664
6,81,16.443481501848083
6,82,17.324718160561744
6,83,20.639165977687153
6,84,20.505388536256277
6,85,24.35304649366197
6,86,25.439175970746795
6,87,23.357263787701154
6,88,25.76634560547024
6,89,24.992358012629428
6,90,26.62619318518275
6,91,27.551642814416617
6,92,26.528634182351446
6,93,27.01878119232349
6,94,24.460420904357406
6,95,24.862974251508998
6,96,24.05525981096757
6,97,21.08249398497509
6,98,19.446783522221317
6,99,20.307405004134736
6,100,19.11559095636996
6,101,15.616653538251983
6,102,15.596100556713125
6,103,16.49340615581383
6,104,13.903372542888556
6,105,10.961487331345433
6,106,13.087567554895495
6,107,13.579830548402622
6,108,10.30186542207144
6,109,9.507018945853622
6,110,7.410734757416167
6,111,10.042775814360239
6,112,11.976006377909691
6,113,15.214983329424465
6,114,18.5498183477197
6,115,21.315773040151665
7,1,12.75447316683463
7,2,10.472147550212306
7,3,9.54866867992859
7,4,6.191487718905547
7,5,5.413681974608673
7,6,3.846595834644772
7,8,3.8074042219105655
7,9,5.404755089162003
7,10,5.358181782023232
7,11,6.538193636760871
7,12,8.787187853604983
7,13,10.202183085115239
7,14,10.736533672177888
7,15,12.5125064476572
7,16,14.609861552542014
7,17,15.760936046339207
7,18,17.151039906984554
7,19,18.871398853303994
7,20,20.086193961700047
7,21,23.847935038220452
7,22,25.50059245609007
7,23,28.955944486465636
7,24,31.948837655144928
7,25,32.36698910599732
7,26,28.734591879156348
7,27,29.371037007566834
7,28,31.93833282995675
7,29,29.952043464187483
7,30,28.993144836347955
7,31,26.302865357952463
7,32,25.559448993235463
7,33,22.939665445006742
7,34,22.808243901552043
7,35,25.211151463927383
7,36,24.001455493705908
7,37,20.810724222634935
7,38,17.78349277997742
7,39,18.850598382325565
7,40,16.814153767138276
7,41,20.280037383189953
7,42,21.41012095455479
7,43,18.701924904750182
7,44,20.38876168013715
7,45,20.065160738100293
7,46,16.319253371571936
7,47,16.95504042423238
7,48,19.81295358902934
7,49,17.785052644068248
7,50,15.301825865127093
7,51,18.491396919011418
7,52,20.460295273653244
7,53,17.886616998396864
7,54,17.850075404519057
7,55,21.659483148827714
7,56,21.893171288174617
7,57,20.39849405191581
7,58,23.368190888930158
7,59,24.1356454958247
7,60,21.534550366795063
7,61,18.76946224363419
7,62,19.227027471236166
7,63,16.608285294913546
7,64,13.982978029885459
7,65,15.430741646968844
7,66,13.387728006905842
7,67,9.86184121674469
7,68,11.311808445475506
7,69,12.921944358837012
7,70,9.92854644715933
7,71,8.490230021952017
7,72,12.111699782385596
7,73,12.67987518860209
7,74,10.027909394477854
7,75,11.300479609161044
7,76,14.812868683869768
7,77,14.688545781654145
7,78,12.795171647887418
7,79,14.075874805225446
7,80,17.594854121044524
7,81,18.955271530342433
7,82,19.559077686680045
7,83,22.993395452522844
7,84,23.199968819327037
7,85,27.03357337390104
7,86,27.7389276582442
7,87,25.585647910285097
7,88,27.764832527357655
7,89,26.885228393072243
7,90,28.202406135695526
7,91,29.07792030273963
7,92,27.626218240860595
7,93,27.873639921136178
7,94,25.29523121524266
7,95,25.11608654217911
7,96,24.339473895158225
7,97,21.796786871915266
7,98,19.664430543868395
7,99,20.05070836482992
7,100,19.366537283175806
7,101,16.046440005138344
7,102,15.098971498227245
7,103,15.840931632557218
7,104,13.960758604430834
7,105,10.556831739216111
7,106,11.684081349839017
7,107,12.677983613537654
7,108,10.14188511309654
7,109,8.785240047126962
7,110,6.277070212419634
7,111,9.648925325821043
7,112,12.50365119484924
7,113,15.581322829100472
7,114,18.8300413462148
7,115,22.05382843008895
8,1,12.4920312461525
8,2,10.796322969056533
8,3,11.22402367752938
8,4,8.061652792576973
8,5,5.81614230916552
8,6,5.662339740308246
8,7,3.8074042219105655
8,9,3.816716959975315
8,10,5.360680067084104
8,11,4.9340015132764234
8,12,5.967901956270159
8,13,8.52086845880466
8,14,9.521834939636237
8,15,10.277974135609158
8,16,12.199734353507498
8,17,14.147709702445082
8,18,15.43572946643861
8,19,16.48920963547763
8,20,17.877302740260472
8,21,21.681692731247185
8,22,23.610996407778135
8,23,26.958105496702707
8,24,30.1908762594751
8,25,30.725524575914598
8,26,27.253298092572425
8,27,28.168221369861293
8,28,30.97074816406121
8,29,29.0753808452578
8,30,28.594840468280395
8,31,26.15960917352426
8,32,25.943167189700937
8,33,23.72883888371095
8,34,24.19274281010308
8,35,26.727093731298773
8,36,25.978151632691915
8,37,22.840820145865926
8,38,20.180355544926698
8,39,21.679493001959084
8,40,20.027586729176242
8,41,23.636332109737523
8,42,24.622024031820086
8,43,21.753829908700137
8,44,23.101252809360837
8,45,22.31675244175213
8,46,18.576327261263316
8,47,18.72799512407733
8,48,21.285528789603653
8,49,19.142754118662275
8,50,16.250762088740235
8,51,19.113270420744588
8,52,20.967344752665646
8,53,18.043814818498884
8,54,17.446984569266352
8,55,21.27651538666595
8,56,21.42486561603827
8,57,19.32351048745062
8,58,21.87487793421675
8,59,22.09987049720975
8,60,19.156861791589407
8,61,16.868655381054435
8,62,17.303891369331872
8,63,14.212709726085533
8,64,12.27364423958399
8,65,14.112893612952103
8,66,11.808470491447403
8,67,8.522771218704158
8,68,11.11831984137001
8,69,12.816543973730722
8,70,9.878340392529608
8,71,9.660913919533135
8,72,13.481145060048362
8,73,13.992833806710593
8,74,12.092652370007126
8,75,13.993858506804042
8,76,17.180172525276515
8,77,17.064309521271365
8,78,15.757250793457153
8,79,17.38010402696076
8,80,20.90835028867907
8,81,21.92591163953654
8,82,22.46665281493956
8,83,25.700223780396087
8,84,25.451998907902475
8,85,29.257521643990952
8,86,29.987066428366276
8,87,27.52641212898729
8,88,29.453452807356527
8,89,28.140282070778248
8,90,29.128160538651517
8,91,29.51941597920162
8,92,27.83698631272425
8,93,27.59560770501422
8,94,24.647870990253324
8,95,24.44850731934917
8,96,24.260337817898932
8,97,21.717972645681048
8,98,19.18970286577374
8,99,20.060307032698514
8,100,19.94027071494641
8,101,16.40658892287575
8,102,15.25408891274802
8,103,16.830064037091976
8,104,15.383645909579371
8,105,11.67403760630996
8,106,13.110336414792286
8,107,14.962419743618725
8,108,12.797769367148485
8,109,12.166548714139505
8,110,10.034438516424604
8,111,13.455298195647455
8,112,16.243315844251
8,113,19.2817207654812
8,114,22.602690955071363
8,115,25.774003292765887
9,1,11.8500494496572
9,2,11.155082876357193
9,3,11.573193183983939
9,4,9.300547003341984
9,5,6.1112491888405325
9,6,4.713665414509079
9,7,5.404755089162003
9,8,3.816716959975315
9,10,3.8371511766901323
9,11,5.471499578151056
9,12,5.080162726005242
9,13,6.179667338468943
9,14,8.4310204459382
9,15,9.918678508476289
9,16,10.769100249820662
9,17,12.390893323187804
9,18,14.551575538467246
9,19,15.613855551657355
9,20,16.196786290938796
9,21,20.014624026322192
9,22,21.43305168428037
9,23,24.634021399214244
9,24,27.819478579605917
9,25,27.988096330897527
9,26,24.438246045605055
9,27,25.56803865311355
9,28,28.13805357260733
9,29,25.96777378818557
9,30,25.4026949780262
9,31,22.81118331084125
9,32,22.56977319840359
9,33,20.573475528132196
9,34,21.256590538039887
9,35,24.062723377709638
9,36,23.677323496503387
9,37,20.851062053465043
9,38,18.36611030854234
9,39,20.4119613099955
9,40,19.26827180744128
9,41,22.963195947564753
9,42,23.37381558736319
9,43,20.163601605241237
9,44,20.950072185853486
9,45,19.65645814540174
9,46,15.969689382672808
9,47,15.680637606572555
9,48,18.023175080293004
9,49,15.98797953626773
9,50,12.835182489519852
9,51,15.475672692255516
9,52,17.39277648383968
9,53,14.545844319515822
9,54,13.707648300441031
9,55,17.533930691862345
9,56,17.900701493429597
9,57,15.906731427987928
9,58,18.661285442473666
9,59,19.22912741335223
9,60,16.6367467198659
9,61,14.024068231774514
9,62,14.0773212245764
9,63,11.314745836315375
9,64,8.93662175745015
9,65,10.428682912185932
9,66,8.322322405655543
9,67,4.79291681963684
9,68,7.352290667092058
9,69,9.206425766853776
9,70,6.763468640840166
9,71,6.724059518304597
9,72,10.443548481473544
9,73,11.415699131911316
9,74,10.357066213535026
9,75,12.216736525483597
9,76,15.071807808151847
9,77,15.557622923135247
9,78,14.948744689203544
9,79,16.401248779665718
9,80,19.683980095495052
9,81,20.068627662566605
9,82,20.417755419054448
9,83,23.3596156155512
9,84,22.6672180054454
9,85,26.410300030124297
9,86,27.22227179909854
9,87,24.60701783895597
9,88,26.47879593580883
9,89,25.032201456145465
9,90,26.07189051037694
9,91,26.364157425743077
9,92,24.905617580358918
9,93,24.765799658797008
9,94,21.796042611586003
9,95,22.052717994267947
9,96,21.886341346503652
9,97,18.997504453630587
9,98,16.811249635525403
9,99,18.158565224672778
9,100,17.709061759244808
9,101,13.977245748485219
9,102,13.592738813041434
9,103,15.496327498797367
9,104,13.589240158733004
9,105,10.177598158815275
9,106,12.636034142276952
9,107,14.335086791998291
9,108,11.811336755226291
9,109,12.113315108387491
9,110,10.74692504513221
9,111,14.043147223468909
9,112,16.090205102207726
9,113,18.964368044574663
9,114,22.51439359585228
9,115,25.322033752915512
10,1,15.146743904238326
10,2,14.029002650239951
10,3,13.558149985971456
10,4,10.90852743058649
10,5,8.69251970756668
10,6,5.872169032353835
10,7,5.358181782023232
10,8,5.360680067084104
10,9,3.8371511766901323
10,11,3.8226601145571495
10,12,5.503534091453733
10,13,5.247370654138559
10,14,5.985886709278184
10,15,8.60135683686945
10,16,10.091237334033591
10,17,10.683247639955805
10,18,12.58984555411914
10,19,14.516424832272135
10,20,15.224796255079164
10,21,18.93464159010073
10,22,20.327470390178682
10,23,23.796831288667626
10,24,26.688558060272477
10,25,27.090488057856774
10,26,23.4376999807352
10,27,24.014772043674775
10,28,26.59585522606143
10,29,24.687421770451838
10,30,23.85514121047236
10,31,21.36561982239095
10,32,20.99154470879502
10,33,18.581278046585805
10,34,19.039022592123022
10,35,21.45574154650352
10,36,20.833787553515585
10,37,17.736571726766076
10,38,15.366334582433627
10,39,17.311817256156075
10,40,16.33451633671523
10,41,20.12822827041446
10,42,20.75229165642779
10,43,17.778256395562924
10,44,18.86174377089041
10,45,17.955130208410765
10,46,14.425922972573977
10,47,14.980141147373917
10,48,17.026014472054914
10,49,14.395937236581448
10,50,11.893416962086352
10,51,15.131998088684913
10,52,16.43304847562074
10,53,13.368788213424608
10,54,13.548198735986594
10,55,17.323671378492563
10,56,17.040692336320753
10,57,15.420402843054337
10,58,18.319955130574336
10,59,19.19439739592796
10,60,16.77641290999505
10,61,13.769214785053581
10,62,14.674008458524764
10,63,12.46304180430699
10,64,9.468627106714132
10,65,11.588267092096077
10,66,10.640354598319004
10,67,6.789789885122068
10,68,7.831985073601232
10,69,10.736958515624435
10,70,9.099254557871925
10,71,7.394357077495551
10,72,10.881732654129157
10,73,12.813644439997217
10,74,11.428001900968226
10,75,12.107303040284288
10,76,15.397741959286003
10,77,16.47682813298796
10,78,15.35815954502816
10,79,15.933704949623761
10,80,18.915600014015617
10,81,19.32369521099997
10,82,19.06524296562833
10,83,21.964142099838107
10,84,21.537780221607527
10,85,25.228627772780087
10,86,25.54804423012845
10,87,22.841186889312212
10,88,24.482799061544654
10,89,23.03628496326754
10,90,23.895966967762867
10,91,24.378472436544456
10,92,22.687789970894457
10,93,22.680272387161367
10,94,19.992685201075876
10,95,19.83185107202176
10,96,19.2552953041484
10,97,16.66612285642449
10,98,14.40808217286971
10,99,15.14054057504504
10,100,14.672812146174213
10,101,11.143562158068718
10,102,10.322168374898773
10,103,11.858158664939017
10,104,10.165914955936602
10,105,6.537903984006635
10,106,8.800127880292658
10,107,10.690717708538486
10,108,8.635570131235944
10,109,9.483567717905359
10,110,9.100413822840718
10,111,12.68923211088274
10,112,14.649507083448832
10,113,16.995697628399697
10,114,20.676227422013064
10,115,23.588226873071783
11,1,16.871228514610284
11,2,15.51381561530503
11,3,15.55044519384428
11,4,12.382864779166256
11,5,10.266223611644476
11,6,8.538099542013185
11,7,6.538193636760871
11,8,4.9340015132764234
11,9,5.471499578151056
11,10,3.8226601145571495
11,12,3.830731910706565
11,13,5.521227324648143
11,14,4.9025733425618405
11,15,6.003890780858384
11,16,8.58658634951919
11,17,9.914047610410364
11,18,10.797893723523693
11,19,12.422326508602595
11,20,14.011323793792176
11,21,17.706255078754307
11,22,19.762223457547332
11,23,23.33261380393047
11,24,26.365427516626564
11,25,27.247894802435045
11,26,23.793095169502454
11,27,24.263633502500575
11,28,27.236722720723282
11,29,25.744123359114106
11,30,25.358417251094878
11,31,23.313328974127753
11,32,23.425897414000133
11,33,21.167539973238572
11,34,21.917406138220013
11,35,24.051125935552943
11,36,23.491608094866958
11,37,20.202922981485926
11,38,18.128657643753606
11,39,19.864563447411594
11,40,18.832116704027584
11,41,22.6101002725584
11,42,23.64407679346599
11,43,20.951877690743725
11,44,22.270261597004883
11,45,21.51428572176073
11,46,18.089814093432434
11,47,18.740821556930882
11,48,20.593869353557043
11,49,17.749240078636678
11,50,15.33425828108867
11,51,18.447452259302683
11,52,19.42469011544064
11,53,16.0359581876562
11,54,16.093470808449727
11,55,19.788542479949903
11,56,19.08378383762604
11,57,16.929188959298436
11,58,19.25645136095783
11,59,19.440278065639074
11,60,16.500896637968943
11,61,14.09555020962798
11,62,15.549301423732835
11,63,12.840637294855464
11,64,10.692292235008772
11,65,13.567392008263049
11,66,12.5205435493907
11,67,8.937908750472623
11,68,10.90684639585955
11,69,13.823549488482577
11,70,12.017447765784274
11,71,10.995660957800078
11,72,14.590371703311629
11,73,16.264030147630802
11,74,14.756345696196602
11,75,15.7099167248653
11,76,19.070159096894415
11,77,19.842153937725385
11,78,18.499980372291606
11,79,19.246168946169355
11,80,22.34827135094633
11,81,22.99654822002601
11,82,22.708463819133677
11,83,25.624665372583706
11,84,25.250554097509667
11,85,28.899498035634
11,86,29.038000457181028
11,87,26.21567001185619
11,88,27.58734164530999
11,89,25.89213322916238
11,90,26.338761450198763
11,91,26.499182386099708
11,92,24.36838268705349
11,93,23.848288840019876
11,94,20.9591467951561
11,95,20.259537849415572
11,96,20.12892909693193
11,97,18.007906704359435
11,98,15.097390525813204
11,99,15.684214173836496
11,100,16.113135300521826
11,101,12.813971497160619
11,102,10.962605457637897
11,103,12.863686642339587
11,104,12.255361036301702
11,105,8.430632709236269
11,106,9.580660181561521
11,107,12.358581283720055
11,108,11.247737127876361
11,109,11.772013851296393
11,110,11.09015679508062
11,111,14.888489157746772
11,112,17.397515969240267
11,113,19.71431730682679
11,114,23.27183163098625
11,115,26.447835110227132
12,1,16.079200978136534
12,2,15.52501484692745
12,3,16.35337540280613
12,4,13.679267149457228
12,5,10.683940475669456
12,6,9.581515616047671
12,7,8.787187853604983
12,8,5.967901956270159
12,9,5.080162726005242
12,10,5.503534091453733
12,11,3.830731910706565
12,13,3.8299787867506283
12,14,5.375198860541024
12,15,5.21409855503119
12,16,6.284204951015727
12,17,8.71718184255407
12,18,10.242928618528257
12,19,10.823267068037781
12,20,11.973196721720345
12,21,15.784958932920873
12,22,17.78832094122947
12,23,21.102261062367617
12,24,24.41074960143444
12,25,25.10689227836682
12,26,21.774004161199603
12,27,22.771442903201237
12,28,25.788670317996722
12,29,24.14112169085771
12,30,24.170960115657167
12,31,22.230294766796074
12,32,22.76402464006588
12,33,21.06418548337918
12,34,22.37803761652819
12,35,24.83410130973324
12,36,24.824591590072995
12,37,21.86721245209897
12,38,20.05520139621228
12,39,22.29295707485849
12,40,21.612247135381065
12,41,25.43760386146764
12,42,26.039796576294606
12,43,23.03276505532923
12,44,23.80967770841734
12,45,22.456898870155246
12,46,19.066885565131667
12,47,19.00617938033127
12,48,20.617533556987834
12,49,17.9831243430014
12,50,15.102062619315573
12,51,17.633047663987664
12,52,18.665323882993455
12,53,15.194568773645441
12,54,14.457696370555702
12,55,18.066190897004933
12,56,17.55392347719185
12,57,14.862358792670877
12,58,16.84298849793577
12,59,16.62562495619814
12,60,13.482074811097556
12,61,11.466069995960135
12,62,12.548709381803231
12,63,9.428956059927481
12,64,8.006886106184007
12,65,11.034437862583006
12,66,9.893164192981375
12,67,6.957372250715817
12,68,9.762710030601335
12,69,12.451383410939615
12,70,11.020954265216522
12,71,11.109042288629553
12,72,14.53324361025623
12,73,16.058028032973816
12,74,15.335251768359935
12,75,16.833603553790457
12,76,19.73217697693582
12,77,20.544136722905222
12,78,19.872377870741857
12,79,20.988968019956832
12,80,24.0978556411451
12,81,24.321233824857128
12,82,24.129652506451404
12,83,26.807394586133867
12,84,25.907351860146363
12,85,29.490060478370452
12,86,29.83948374527976
12,87,26.82231915144245
12,88,28.07594697812809
12,89,26.059581420290087
12,90,26.368707179744117
12,91,26.080616670261247
12,92,24.00039119186942
12,93,23.13410761346768
12,94,19.876284859382622
12,95,19.56904746971163
12,96,20.052544378867537
12,97,17.66158749747339
12,98,14.712558110684848
12,99,16.18372739731766
12,100,16.810676472465815
12,101,13.270440101250703
12,102,11.987447077065555
12,103,14.700611416426606
12,104,13.985450891038754
12,105,10.428697703208918
12,106,12.417536122540003
12,107,15.241020813199931
12,108,13.867618252195753
12,109,14.816831532776305
12,110,14.065393218826417
12,111,17.746237999327434
12,112,19.998479426003776
12,113,22.469678311528796
12,114,26.114344981323196
12,115,29.072839565625557
13,1,17.44290267405819
13,2,17.245576154975968
13,3,17.6086754216231
13,4,15.297977884187366
13,5,12.284599263892602
13,6,10.16966420113946
13,7,10.202183085115239
13,8,8.52086845880466
13,9,6.179667338468943
13,10,5.247370654138559
13,11,5.521227324648143
13,12,3.8299787867506283
13,14,3.804152152711954
13,15,5.606292311752547
13,16,5.3175628869011735
13,17,6.2607775465793445
13,18,8.923276022455697
13,19,10.162254743812918
13,20,10.282367288137817
13,21,14.04636227241061
13,22,15.411937003541585
13,23,18.777660236939507
13,24,21.859241930741113
13,25,22.30794618324794
13,26,18.782072716306722
13,27,19.667287507120776
13,28,22.476553608870947
13,29,20.689622859417963
13,30,20.486932161918592
13,31,18.464338408521726
13,32,18.968405361046035
13,33,17.302049417407954
13,34,18.79537281292481
13,35,21.264812765422842
13,36,21.533634996719442
13,37,18.79165455048307
13,38,17.33218481418114
13,39,19.97948394549299
13,40,19.871346000556844
13,41,23.70356153743548
13,42,23.905951029709293
13,43,20.805219817357383
13,44,21.197964433004074
13,45,19.59490208944955
13,46,16.481235591075343
13,47,16.446260578299835
13,48,17.558153631543124
13,49,14.707172055714041
13,50,12.040041034414388
13,51,14.559819657770024
13,52,15.15554466652715
13,53,11.553665389161809
13,54,11.191919228159687
13,55,14.727491065419647
13,56,13.929371220207347
13,57,11.484863462693392
13,58,13.795508621189985
13,59,14.189333490148728
13,60,11.581321631715607
13,61,8.772339442027128
13,62,10.162871558829222
13,63,7.951744494084796
13,64,5.438907104169073
13,65,8.787861310151275
13,66,8.913361989786178
13,67,5.9930654916609045
13,68,7.484510143788682
13,69,10.865662056694879
13,70,10.536436284858162
13,71,10.027491479827926
13,72,12.874478818167946
13,73,15.17077128247627
13,74,14.963710219889212
13,75,15.83502429676568
13,76,18.534616952424315
13,77,20.040100012282995
13,78,19.650208110158918
13,79,20.235694794173714
13,80,22.931848809462505
13,81,22.657488409224293
13,82,22.00403332246493
13,83,24.32662413776084
13,84,23.168935610759302
13,85,26.595413496067852
13,86,26.73704319841087
13,87,23.541789553190988
13,88,24.559555618393095
13,89,22.379482376823976
13,90,22.58047347404768
13,91,22.251447285594494
13,92,20.219953078218406
13,93,19.486550090289764
13,94,16.31339583724665
13,95,16.23921155833378
13,96,16.550438267797865
13,97,13.94773973071857
13,98,11.229207694726083
13,99,12.977142706337803
13,100,13.338924857408625
13,101,9.706578064840972
13,102,9.021878719071509
13,103,12.028489287146266
13,104,11.141203488532398
13,105,8.086401147057911
13,106,10.817025763212351
13,107,13.506309726880108
13,108,12.251148689394812
13,109,14.130600557556594
13,110,14.290721319113228
13,111,17.826368592724787
13,112,19.460045351713934
13,113,21.505976934483463
13,114,25.285682379402598
13,115,27.951557449980815
14,1,20.250253429310572
14,2,19.473320118646264
14,3,19.42528640665525
14,4,16.617613782403573
14,5,14.208298531798198
14,6,11.810432947224564
14,7,10.736533672177888
14,8,9.521834939636237
14,9,8.4310204459382
14,10,5.985886709278184
14,11,4.9025733425618405
14,12,5.375198860541024
14,13,3.804152152711954
14,15,3.8374270546305693
14,16,5.526765540478185
14,17,5.3199686439541125
14,18,6.620153302540097
14,19,8.96864648283541
14,20,9.986797974058959
14,21,13.519938772806116
14,22,15.317662641963228
14,23,19.003462190824163
14,24,21.809430224820446
14,25,22.799952050517966
14,26,19.33881742381477
14,27,19.517553903020822
14,28,22.538987100006317
14,29,21.293942051270818
14,30,21.024210352645383
14,31,19.35498417581846
14,32,19.884207920507688
14,33,17.849505297279613
14,34,19.11933642871949
14,35,20.999034906697517
14,36,20.9646342631257
14,37,17.862201440682718
14,38,16.630001508016296
14,39,18.921672413424762
14,40,18.83910278746348
14,41,22.64892152091188
14,42,23.30070036460579
14,43,20.627585413665816
14,44,21.48172786582403
14,45,20.421096737161772
14,46,17.497029247125575
14,47,18.237652861991887
14,48,19.19598261784082
14,49,15.894974373260341
14,50,13.945944301959024
14,51,16.883445846292883
14,52,16.938807278343063
14,53,13.236088561008271
14,54,13.796986134576521
14,55,17.11085101659736
14,56,15.62501825359411
14,57,13.475774444702084
14,58,15.532507039165438
14,59,15.834939331543715
14,60,13.212821603377217
14,61,10.594117199254434
14,62,12.942951305580527
14,63,11.080708541582299
14,64,8.834915364551115
14,65,12.318801705168571
14,66,12.699324728341375
14,67,9.571563400976075
14,68,10.557492694246397
14,69,14.171770465995795
14,70,13.666834383130912
14,71,12.400901595061852
14,72,15.308340066437637
14,73,17.84533003183595
14,74,17.081513609945624
14,75,17.413335199863372
14,76,20.50275329797468
14,77,22.081417768432893
14,78,21.123979802983243
14,79,21.26689690350472
14,80,23.850954068402856
14,81,23.855482699780225
14,82,22.850180383525025
14,83,25.219722798980946
14,84,24.447175476785795
14,85,27.812861066844125
14,86,27.498319699121446
14,87,24.296919218127034
14,88,25.0536955211315
14,89,22.880693138926432
14,90,22.764245182751512
14,91,22.540919908328743
14,92,20.077176368155797
14,93,19.246147179709496
14,94,16.34918520598699
14,95,15.413891467815654
14,96,15.479541314357865
14,97,13.591907698922764
14,98,10.389173163519454
14,99,11.150698762689277
14,100,12.121743311067686
14,101,9.01533420831321
14,102,6.879472308062865
14,103,9.737545674574251
14,104,9.909785116889873
14,105,6.72625615941998
14,106,8.311103502536321
14,107,11.654493679505302
14,108,11.435309957066462
14,109,13.386074425477245
14,110,14.011967034430187
14,111,17.67563499082208
14,112,19.515704359443603
14,113,21.17438461757775
14,114,24.89466746045456
14,115,27.771408421720043
15,1,21.28738372334666
15,2,20.580987100749798
15,3,21.12361540854826
15,4,18.155429255917486
15,5,15.566294957559254
15,6,13.97180582310368
15,7,12.5125064476572
15,8,10.277974135609158
15,9,9.918678508476289
15,10,8.60135683686945
15,11,6.003890780858384
15,12,5.21409855503119
15,13,5.606292311752547
15,14,3.8374270546305693
15,16,3.822676184060577
15,17,5.602023935384669
15,18,5.4373709992163395
15,19,6.454760569292502
15,20,8.602864605892808
15,21,12.119861707298854
15,22,14.700265716450929
15,23,18.283286188125103
15,24,21.3666112840624
15,25,22.744119961611112
15,26,19.620577318440056
15,27,19.99151833090246
15,28,23.362374177078078
15,29,22.43984823334418
15,30,22.786751640577837
15,31,21.54902232674583
15,32,22.599222372307953
15,33,20.958246322105204
15,34,22.57189155128034
15,35,24.40973795645218
15,36,24.57430639104247
15,37,21.50975027126774
15,38,20.42446053286286
15,39,22.6430867519277
15,40,22.45988717659649
15,41,26.2534549578147
15,42,27.063890228250497
15,43,24.43426452115349
15,44,25.30687583014271
15,45,24.155305118660717
15,46,21.19240671006399
15,47,21.67015975989944
15,48,22.614389528651987
15,49,19.411191840284452
15,50,17.230472840025403
15,51,19.84271839566706
15,52,19.896749329189223
15,53,16.10865557377893
15,54,16.109732957962166
15,55,19.281102915205583
15,56,17.72727520014828
15,57,14.963689392867064
15,58,16.252514402112887
15,59,15.629728570876118
15,60,12.413490909101512
15,61,10.837797759453853
15,62,13.360780485096614
15,63,10.94303029187758
15,64,9.985600779011898
15,65,13.75171679984266
15,66,13.822932077691402
15,67,11.186332893967428
15,68,13.089486658461476
15,69,16.39812025602076
15,70,15.664505207069066
15,71,15.144577790734289
15,72,18.265845846375562
15,73,20.424894938177918
