1,2,3.8045946993984727
1,3,6.3500474130621285
1,4,8.572138474549277
1,5,11.908841873791944
1,6,11.877580523074869
1,7,11.73608053902274
1,8,14.361323230258087
1,9,16.377495872659225
1,10,16.299900603026916
1,11,17.666102799876498
1,12,20.293089631751673
1,13,21.08990994249548
1,14,21.61828179651492
1,15,23.693280354754492
1,16,25.77717065848652
1,17,26.556004001541307
1,18,27.79500802195546
1,19,29.731545186981734
1,20,31.540500442123438
1,21,32.23672998969448
1,22,33.62619212105096
1,23,36.4574364073521
1,24,37.019925476053736
1,25,36.79803849265878
1,26,39.68260810201235
1,27,38.434138770523944
1,28,34.90265857478071
1,29,35.3130938462905
1,30,31.640759715135697
1,31,30.651320041226413
1,32,32.94619576011769
1,33,31.685197337221204
1,34,28.001538405689377
1,35,29.030919248693316
1,36,30.893766730636944
1,37,28.036151019270005
1,38,25.752215724032624
1,39,28.620139176890994
1,40,29.519731686424652
1,41,26.044038137110736
1,42,25.138784190491627
1,43,28.805392923090185
1,44,28.92288787603133
1,45,31.172640863804087
1,46,30.304880847268613
1,47,28.673097514521746
1,48,29.96062888497858
1,49,29.232484648679183
1,50,31.419789863229514
1,51,34.115664126967026
1,52,36.932674222364625
1,53,35.54811494327807
1,54,34.30368748776184
1,55,37.999229562579146
1,56,39.21291184437741
1,57,36.29570906915617
1,58,37.35364189014163
1,59,40.9177076246617
1,60,40.023512430862326
1,61,38.91963372650773
1,62,35.11578152989604
1,63,34.37847330657119
1,64,34.602516332871225
1,65,38.34283505921604
1,66,39.48468442054905
1,67,40.917679461387515
1,68,39.88324765095923
1,69,38.65966982980759
1,70,37.242992686272395
1,71,34.814931796572196
1,72,33.44422322526733
1,73,32.37931231996231
1,74,30.75670973508308
1,75,27.976200133740953
1,76,25.16829661510773
1,77,22.84705382843097
1,78,23.023164518210564
1,79,22.537348232363872
1,80,19.42967644583572
1,81,18.042045907647562
1,82,19.22068419113223
1,83,17.631419134834932
1,84,14.047102580157418
1,85,15.192485582002869
1,86,16.815610167624378
1,87,20.414427253725776
1,88,23.373914274094368
2,1,3.8045946993984727
2,3,3.8322197467690806
2,4,6.2096874532679776
2,5,9.39247773547254
2,6,8.699090377999573
2,7,8.128025378887896
2,8,11.113346485317653
2,9,12.992522279178832
2,10,12.581220103063272
2,11,14.010900148436303
2,12,16.75330925544945
2,13,17.399769782965972
2,14,17.836925807041744
2,15,20.019225660443627
2,16,22.093436175931696
2,17,22.77084318528561
2,18,24.034989755021186
2,19,26.036931771721836
2,20,27.792286769775416
2,21,28.441553507633277
2,22,29.883258478682894
2,23,32.70998998944638
2,24,33.231216958061744
2,25,32.99594867234641
2,26,35.89769024306213
2,27,34.6907984568303
2,28,31.175668571257184
2,29,31.689340652627873
2,30,28.053752208769303
2,31,26.957354974908856
2,32,29.328914490920567
2,33,28.215523460481094
2,34,24.494878203467934
2,35,25.504681457522285
2,36,27.555559444875595
2,37,24.832819550382105
2,38,22.514636124638134
2,39,25.48502169194639
2,40,26.616160514443326
2,41,23.29300873167193
2,42,22.40115770183559
2,43,26.116544315219866
2,44,25.97460218701853
2,45,28.00654589001498
2,46,26.95988699729626
2,47,25.375364325070628
2,48,26.847408197618744
2,49,25.97214341767629
2,50,27.976918402670133
2,51,30.78707734582312
2,52,33.476282403046405
2,53,31.96847757167719
2,54,30.841388111927365
2,55,34.57727583460563
2,56,35.66184303057723
2,57,32.759974038889546
2,58,33.98295599519633
2,59,37.49560875090637
2,60,36.51352502642246
2,61,35.55900751374294
2,62,31.74714434856526
2,63,31.19724781841264
2,64,31.677865873736735
2,65,35.4730766827575
2,66,36.6029112095891
2,67,37.87847438392935
2,68,36.78146988232951
2,69,35.75397624176056
2,70,34.467015244538544
2,71,31.8348034649383
2,72,30.621457016643475
2,73,29.778796616983872
2,74,27.93851017182261
2,75,25.042180448679122
2,76,22.082980031703094
2,77,19.780900725003615
2,78,20.3908272014041
2,79,19.914004629159386
2,80,16.539710477008796
2,81,15.564237817273403
2,82,17.185994695148857
2,83,15.422150219278409
2,84,11.92109841235457
2,85,13.817386362081841
2,86,15.768020273337012
2,87,19.178676376047047
2,88,21.789580669984133
3,1,6.3500474130621285
3,2,3.8322197467690806
3,4,3.8226575887987124
3,5,6.049976445082819
3,6,5.601577223141321
3,7,6.477769866603172
3,8,9.009722965489653
3,9,10.337313204317155
3,10,10.788882943949918
3,11,12.704790813630854
3,12,14.752804597937626
3,13,15.387012930387913
3,14,16.590743428899184
3,15,18.66985174050547
3,16,20.23503354378107
3,17,21.25705933468508
3,18,22.936434832455085
3,19,24.565504073422133
3,20,26.097482565576332
3,21,27.17409560342319
3,22,28.770309190993967
3,23,31.275737542993575
3,24,31.6952419330731
3,25,31.850171161181912
3,26,35.005336252905195
3,27,33.999513002105076
3,28,30.655781211507378
3,29,31.47154268354324
3,30,28.008906228341086
3,31,26.41393008344573
3,32,28.727559878978585
3,33,28.058905149242655
3,34,24.25990343935748
3,35,24.743595018238707
3,36,27.03791020759983
3,37,24.71041611433983
3,38,21.96182454202571
3,39,24.63138855176106
3,40,26.215635723312445
3,41,23.131244483615262
3,42,21.680211161467057
3,43,25.211500880167936
3,44,24.64634770478614
3,45,26.42272497919323
3,46,25.08925311526444
3,47,23.079310511943294
3,48,24.151382692172547
3,49,23.15134276530963
3,50,25.478498249610222
3,51,28.270374095921103
3,52,31.03823833630018
3,53,29.863038426602905
3,54,28.834178951883764
3,55,32.547304622684
3,56,33.88608339252678
3,57,31.242632056587418
3,58,32.44403918131847
3,59,36.03133393618134
3,60,35.33393123805152
3,61,34.593156079213315
3,62,30.82166588985773
3,63,30.13135523165618
3,64,30.827468992321876
3,65,34.62088835012817
3,66,35.104035807698686
3,67,36.118518959931734
3,68,34.714111820571645
3,69,33.48171488693487
3,70,32.36252613916815
3,71,29.686377142284048
3,72,28.147276674405795
3,73,27.54849735715946
3,74,26.00285821329719
3,75,22.86399953478445
3,76,20.23382189898696
3,77,17.478700618783073
3,78,18.10739197909919
3,79,18.28798358421572
3,80,14.968514986297873
3,81,13.483817071183756
3,82,15.667141732493137
3,83,14.645610814277946
3,84,10.979145787034293
3,85,12.519328308428609
3,86,15.251061374950972
3,87,18.252600466646363
3,88,20.968249134873133
4,1,8.572138474549277
4,2,6.2096874532679776
4,3,3.8226575887987124
4,5,3.819782055654353
4,6,5.463716015897604
4,7,5.441388999621659
4,8,6.4361754280232475
4,9,8.749386980064381
4,10,10.022518095468849
4,11,11.019415253678
4,12,12.723927931856428
4,13,14.238171741964134
4,14,15.505059851820338
4,15,16.871389353306892
4,16,18.593153147877395
4,17,20.19547888737182
4,18,21.56759445320868
4,19,22.761104022959742
4,20,24.647109560608268
4,21,26.03334103844342
4,22,27.234289125428287
4,23,29.672529387722122
4,24,30.483944821436506
4,25,30.90533344112501
4,26,34.11275934135043
4,27,32.844132867215706
4,28,29.651088725560015
4,29,30.23303753497922
4,30,26.851000587988764
4,31,25.08850605982452
4,32,26.99000428243961
4,33,26.280387026582076
4,34,22.51227983436506
4,35,22.63142289125483
4,36,24.65474412237923
4,37,22.382126672502434
4,38,19.39761338268901
4,39,21.75691156466407
4,40,23.287438283794433
4,41,20.201472782970026
4,42,18.44314909454761
4,43,21.862539217187752
4,44,21.41665072912521
4,45,23.4157945424598
4,46,22.38198574117803
4,47,20.454723007698192
4,48,21.50030690110012
4,49,20.99487004076691
4,50,23.38106611256108
4,51,25.85309189596829
4,52,28.86622905249555
4,53,27.80076951081616
4,54,26.389579372732708
4,55,30.006144764821812
4,56,31.57127427888076
4,57,28.881622103947976
4,58,29.738941119550887
4,59,33.41785836298259
4,60,32.95964244900739
4,61,31.999431654205054
4,62,28.265767426487557
4,63,27.23215954294329
4,64,27.703340494471846
4,65,31.441948257355303
4,66,31.793181924841598
4,67,32.957767388668906
4,68,31.672792116180958
4,69,30.295794267832783
4,70,29.01191818492534
4,71,26.531229901745586
4,72,24.97311611172099
4,73,24.104010311689272
4,74,22.644945733308145
4,75,19.667712311663067
4,76,17.14223852348551
4,77,14.498101746810322
4,78,14.674845189425081
4,79,14.749447875215157
4,80,11.655534820076973
4,81,9.867581936964097
4,82,11.87430380891243
4,83,11.08706592792556
4,84,7.3678107754853235
4,85,8.790093965488767
4,86,11.72477496891471
4,87,14.530878158504988
4,88,17.23601975518348
5,1,11.908841873791944
5,2,9.39247773547254
5,3,6.049976445082819
5,4,3.819782055654353
5,6,3.8137044745006223
5,7,5.52452835940962
5,8,5.145184661326774
5,9,6.146092283844463
5,10,8.596536594348391
5,11,10.043822899967802
5,12,10.679782657058096
5,13,12.068050659037016
5,14,14.155166731735262
5,15,15.374859672241007
5,16,16.41255813154519
5,17,18.31366670207358
5,18,20.11624450043889
5,19,20.913654343486733
5,20,22.474365149640256
5,21,24.258250012830686
5,22,25.640638108953894
5,23,27.704689458315478
5,24,28.35886962830664
5,25,29.151545439899888
5,26,32.56569899859264
5,27,31.549839245342987
5,28,28.57560961099562
5,29,29.500336174048364
5,30,26.370263248324285
5,31,24.135734817230503
5,32,25.9954576856844
5,33,25.81280442239909
5,34,22.06459836012109
5,35,21.65587745801056
5,36,23.980732272875958
5,37,22.237099689056354
5,38,18.931099351303633
5,39,20.947759065755847
5,40,23.020234903038205
5,41,20.366047567985532
5,42,18.129829247219234
5,43,21.245527637397036
5,44,20.204805485905275
5,45,21.742967632178324
5,46,20.290421817711337
5,47,17.898385054474332
5,48,18.531091713173982
5,49,17.79165230924664
5,50,20.463995215101498
5,51,22.961716573338926
5,52,25.977768798342414
5,53,25.22993368811679
5,54,24.016123920757625
5,55,27.59840967719207
5,56,29.352261758959187
5,57,26.979093380659354
5,58,27.90235251253182
5,59,31.59040612473669
5,60,31.373584326719577
5,61,30.729261160897334
5,62,27.089435209263954
5,63,26.041067661691947
5,64,26.866717484713003
5,65,30.568030334555644
5,66,30.249574909039477
5,67,31.0403677614769
5,68,29.395075779853034
5,69,27.904128050287774
5,70,26.890695033487603
5,71,24.269043449839348
5,72,22.423786839256962
5,73,21.980517395391825
5,74,20.772998988922705
5,75,17.481526158620653
5,76,15.349227520519927
5,77,12.181518115029546
5,78,12.645036295246046
5,79,13.620704550201449
5,80,10.651509015530822
5,81,8.526612198826363
5,82,11.452007478612316
5,83,11.586149065879876
5,84,8.381717217807765
5,85,9.476231148839272
5,86,13.01761201263647
5,87,15.017442122147889
5,88,17.480727030875897
6,1,11.877580523074869
6,2,8.699090377999573
6,3,5.601577223141321
6,4,5.463716015897604
6,5,3.8137044745006223
6,7,3.843024003417906
6,8,5.540890486206145
6,9,5.106608278293295
6,10,6.156284991388658
6,11,8.779284867269798
6,12,9.976769122846017
6,13,10.224369986702252
6,14,12.161013999063483
6,15,14.233489524487002
6,16,15.175984199149886
6,17,16.361908755514207
6,18,18.46511317919464
6,19,19.807719587689395
6,20,21.014245977476385
6,21,22.40031847757102
6,22,24.19346125248345
6,23,26.37938621443732
6,24,26.643593296872847
6,25,27.114376311578766
6,26,30.471639150656813
6,27,29.701967205442852
6,28,26.579702500391907
6,29,27.776233838407418
6,30,24.598301369731942
6,31,22.465859482746787
6,32,24.78708849006091
6,33,24.72550526914372
6,34,20.941625454371792
6,35,20.91533449692999
6,36,23.633647614271357
6,37,21.920045372966825
6,38,18.888837927784813
6,39,21.337146696551258
6,40,23.57302157758421
6,41,21.042197477526624
6,42,19.24513734686585
6,43,22.52230966737877
6,44,21.23630485329242
6,45,22.394352457360036
6,46,20.537344359894078
6,47,18.234680827039046
6,48,19.229670833436188
6,49,17.84411494538759
6,50,20.15285707594944
6,51,23.111941893916935
6,52,25.727566085187046
6,53,24.652339014582484
6,54,23.911412957600685
6,55,27.63846020046777
6,56,28.981238244075545
6,57,26.60518250136218
6,58,28.027899071211333
6,59,31.55780616057164
6,60,30.966231244534175
6,61,30.6243306606722
6,62,26.93968892173872
6,63,26.42916386934238
6,64,27.654912720504896
6,65,31.439390436840128
6,66,31.406300155391868
6,67,31.97508731098775
6,68,30.248586305064947
6,69,29.161347424128753
6,70,28.388926195015806
6,71,25.40408835670596
6,72,23.86181195884726
6,73,23.834445135404952
6,74,22.23446969026788
6,75,18.776247353415375
6,76,16.2913075039222
6,77,13.218541231855236
6,78,14.653307902452305
6,79,15.468732987304572
6,80,12.032084571188715
6,81,10.96256167978164
6,82,14.152234715018087
6,83,13.627047806318524
6,84,10.650820385879827
6,85,12.650643448169498
6,86,15.898299502432439
6,87,18.042239219247858
6,88,20.13881513886297
7,1,11.73608053902274
7,2,8.128025378887896
7,3,6.477769866603172
7,4,5.441388999621659
7,5,5.52452835940962
7,6,3.843024003417906
7,8,3.8175153131065174
7,9,5.306725266920429
7,10,4.889661183112178
7,11,6.231138986882967
7,12,8.646329403340973
7,13,9.497808875488372
7,14,10.307854617911847
7,15,12.220149273821812
7,16,14.054405873448149
7,17,15.1360704307466
7,18,16.549248885225406
7,19,18.172973131756507
7,20,19.90882227339275
7,21,20.949491507953933
7,22,22.353956396036377
7,23,24.932769158767943
7,24,25.560161700041494
7,25,25.72498083414506
7,26,28.869331739261085
7,27,27.704903847197066
7,28,24.43908156205493
7,29,25.220175781241295
7,30,21.85635981855813
7,31,20.062644607606547
7,32,22.291643658968297
7,33,21.787215378016327
7,34,17.97866588868623
7,35,18.327090565515853
7,36,20.798415154968886
7,37,18.719746389749716
7,38,15.920624232683693
7,39,18.69829511152879
7,40,20.595950904042468
7,41,17.864110690048616
7,42,16.50691790867643
7,43,20.033292913726513
7,44,19.111346326080536
7,45,20.581514035887434
7,46,19.116954054579168
7,47,17.441528532560575
7,48,19.112609140465114
7,49,18.113406092734568
7,50,19.898790713571533
7,51,22.773852237208562
7,52,25.37406636248633
7,53,23.848963697089353
7,54,22.805946944146562
7,55,26.569018093986475
7,56,27.66516501733119
7,57,24.918183354889386
7,58,26.283917473746108
7,59,29.786636799866116
7,60,28.937301355442923
7,61,28.299939217166948
7,62,24.52851273851863
7,63,24.098856974016467
7,64,25.132593101964897
7,65,28.96693314630547
7,66,29.605351426908964
7,67,30.47818375250068
7,68,29.145737978634475
7,69,28.342745796549377
7,70,27.345546150743534
7,71,24.382074197377946
7,72,23.339313400306857
7,73,22.989232755240486
7,74,20.90879412341848
7,75,17.744786432671077
7,76,14.714782917282026
7,77,12.306193049784913
7,78,13.825067016951321
7,79,13.71085422618294
7,80,9.98764770552146
7,81,9.872872105588957
7,82,12.631590247804027
7,83,11.194442156212483
7,84,8.54993455833739
7,85,11.486684818685557
7,86,14.13311229245171
7,87,16.438803968877686
7,88,18.150440938651027
8,1,14.361323230258087
8,2,11.113346485317653
8,3,9.009722965489653
8,4,6.4361754280232475
8,5,5.145184661326774
8,6,5.540890486206145
8,7,3.8175153131065174
8,9,3.8212159168745026
8,10,5.464005814563212
8,11,5.258577991017166
8,12,6.366575315350699
8,13,8.553396042332935
8,14,9.860847849921745
8,15,10.634073008941272
8,16,12.33113946596517
8,17,14.307132407586526
8,18,15.531202628564376
8,19,16.40625018558598
8,20,18.41839406959787
8,21,20.00856821037602
8,22,21.030616864515117
8,23,23.35205488720206
8,24,24.347459491898995
8,25,24.977846527532254
8,26,28.251889324227513
8,27,26.924474566102614
8,28,23.945353912749123
8,29,24.611925264928
8,30,21.482371778823502
8,31,19.301919444420005
8,32,21.010767001010844
8,33,20.70126597195855
8,34,16.96636555034716
8,35,16.602648950955892
8,36,18.892609399515784
8,37,17.133074883062008
8,38,13.870242641752945
8,39,16.11084554740915
8,40,18.22943243912479
8,41,15.700308429463284
8,42,13.723195037503269
8,43,17.006028393433393
8,44,15.911239101686613
8,45,17.443402041416824
8,46,16.11854335779772
8,47,14.314487107169718
8,48,15.832329070705349
8,49,15.315074244538456
8,50,17.287695698424088
8,51,19.818898150500633
8,52,22.71749019787697
8,53,21.45347547093089
8,54,20.042158541082152
8,55,23.709475466018336
8,56,25.157694387174143
8,57,22.484949444080787
8,58,23.489602375064806
8,59,27.1266275819305
8,60,26.65483604523356
8,61,25.90440218961324
8,62,22.198540424556203
8,63,21.354949170096493
8,64,22.301151777358324
8,65,26.08276794115204
8,66,26.2823825582808
8,67,27.16508737110655
8,68,25.79886256359606
8,69,24.784832817224636
8,70,23.71580682032321
8,71,20.873041135336003
8,72,19.693753303740735
8,73,19.232756081678637
8,74,17.302814714017536
8,75,14.127020365548804
8,76,11.291558122558373
8,77,8.719218960655873
8,78,10.012049778558985
8,79,10.144551899270999
8,80,6.551618161783876
8,81,6.260813794915581
8,82,9.399256736006505
8,83,8.63462730382541
8,84,6.596858774756283
8,85,9.293283086058764
8,86,12.154949688764868
8,87,13.76433302336843
8,88,15.23230522152702
9,1,16.377495872659225
9,2,12.992522279178832
9,3,10.337313204317155
9,4,8.749386980064381
9,5,6.146092283844463
9,6,5.106608278293295
9,7,5.306725266920429
9,8,3.8212159168745026
9,10,3.808947044226922
9,11,5.4505894129822785
9,12,5.118346690094198
9,13,5.953555460237514
9,14,8.49154975296142
9,15,9.803777009436876
9,16,10.406270312422379
9,17,12.228219272058473
9,18,14.284155853437305
9,19,15.089275459262534
9,20,16.39929378602234
9,21,18.19126195376984
9,22,19.760647755856134
9,23,21.726422316733593
9,24,22.23385586052582
9,25,23.063682246294935
9,26,26.539276381356856
9,27,25.683884249844805
9,28,22.838943663314836
9,29,24.078513242008803
9,30,21.20207797081718
9,31,18.61396170127843
9,32,20.61357174248657
9,33,20.957851938611658
9,34,17.289449687130812
9,35,16.640939701205152
9,36,19.49419521094738
9,37,18.33406313740392
9,38,15.058196847870159
9,39,17.136209325867206
9,40,19.827079008979023
9,41,17.848552852080594
9,42,15.773676162558862
9,43,18.70624063254711
9,44,16.900524078958032
9,45,17.62693364104794
9,46,15.527854288568237
9,47,13.179093589185914
9,48,14.386622931240447
9,49,13.04001948992907
9,50,15.158034732598741
9,51,18.09136623155409
9,52,20.721703919060566
9,53,19.624464888760784
9,54,18.81124412810163
9,55,22.53334841070675
9,56,23.927802135219753
9,57,21.6389431714972
9,58,23.05692556274328
9,59,26.5782478593494
9,60,26.13098854424194
9,61,25.932557449394583
9,62,22.339755608676725
9,63,21.84145605300438
9,64,23.37745671973295
9,65,27.103328368016236
9,66,26.765418790567374
9,67,27.106797298525624
9,68,25.289142542976705
9,69,24.377450275410126
9,70,23.7671704893295
9,71,20.592413499664914
9,72,19.24742682507693
9,73,19.53365184124736
9,74,17.74153548860613
9,75,14.16981125557486
9,76,11.721584734908236
9,77,8.629213733227507
9,78,10.878330262936016
9,79,11.976161304719346
9,80,8.69865984626569
9,81,8.538508669456919
9,82,12.186508396420678
9,83,12.014949485244298
9,84,10.301555976173862
9,85,12.568553238601814
9,86,15.686957126981499
9,87,16.9162906002082
9,88,18.189723082998057
10,1,16.299900603026916
10,2,12.581220103063272
10,3,10.788882943949918
10,4,10.022518095468849
10,5,8.596536594348391
10,6,6.156284991388658
10,7,4.889661183112178
10,8,5.464005814563212
10,9,3.808947044226922
10,11,3.810259026670864
10,12,5.476586177536984
10,13,4.840897161109117
10,14,6.025648861909574
10,15,8.54779288983833
10,16,9.752773897935654
10,17,10.470175360150286
10,18,12.397477476264779
10,19,14.113854529672452
10,20,15.382077554806608
10,21,16.42210451155329
10,22,18.202593760096224
10,23,20.593224102690197
10,24,20.910632819339412
10,25,21.146353083082346
10,26,24.420193112190177
10,27,23.562295042116197
10,28,20.424549948308425
10,29,21.685824857328786
10,30,18.602474352476115
10,31,16.365767014103472
10,32,18.84750638881449
10,33,19.001375496228945
10,34,15.281534980516476
10,35,15.358635684973637
10,36,18.427462686691385
10,37,17.038108493015848
10,38,14.284834148258476
10,39,16.99084614793649
10,40,19.51496322068383
10,41,17.51908366400373
10,42,16.201442704968198
10,43,19.38018659895282
10,44,17.709312684679176
10,45,18.325082871407666
10,46,16.194062285004488
10,47,14.469304886776502
10,48,16.379001318455206
10,49,14.758632699337827
10,50,16.08401263665648
10,51,19.31986403173096
10,52,21.490568321845466
10,53,19.78474059651708
10,54,19.265382207051793
10,55,23.082956494387695
10,56,23.889767640618995
10,57,21.36551191446458
10,58,23.21784783124984
10,59,26.53025679245097
10,60,25.539807445813267
10,61,25.42844252429127
10,62,21.760887532485487
10,63,21.842245897866956
10,64,23.563499060863272
10,65,27.350955603349306
10,66,27.726155464125622
10,67,28.09396913354875
10,68,26.494369214451165
10,69,26.096472583818624
10,70,25.531832740760688
10,71,22.163709310637383
10,72,21.3899075498355
10,73,21.745501178277042
10,74,19.42439843561319
10,75,16.054821320138778
10,76,13.06709697024545
10,77,10.755030139242887
10,78,13.472320061778616
10,79,13.774317728569235
10,80,10.185046339301563
10,81,11.111281800252943
10,82,14.374744368680213
10,83,13.249222194557147
10,84,11.713616533840057
10,85,14.727074414759858
10,86,17.371203759861878
10,87,18.938734946076675
10,88,19.915212480153006
11,1,17.666102799876498
11,2,14.010900148436303
11,3,12.704790813630854
11,4,11.019415253678
11,5,10.043822899967802
11,6,8.779284867269798
11,7,6.231138986882967
11,8,5.258577991017166
11,9,5.4505894129822785
11,10,3.810259026670864
11,12,3.8195145926039618
11,13,5.291511462289813
11,14,4.9098975178390285
11,15,6.043041112815458
11,16,8.464912340054443
11,17,9.749809315128608
11,18,10.577267434072445
11,19,12.078607057227424
11,20,14.188161789240295
11,21,15.226593006082867
11,22,16.265382001404966
11,23,18.91763480045436
11,24,19.89133428739244
11,25,20.127433620501417
11,26,23.248067206604023
11,27,21.852491576409808
11,28,18.759888824839145
11,29,19.477354428243316
11,30,16.335417720938626
11,31,14.175170120224967
11,32,16.190285988512354
11,33,15.993412272269499
11,34,12.22291925855885
11,35,12.215512778060981
11,36,14.970743416939738
11,37,13.404619816372282
11,38,10.551772910924596
11,39,13.357315403657548
11,40,15.734807805092858
11,41,13.725445103828877
11,42,12.55224102441663
11,43,15.79620324966919
11,44,14.342613878428752
11,45,15.261671112270134
11,46,13.623445834830186
11,47,12.565291909657454
11,48,15.06775096263515
11,49,14.178473374422941
11,50,15.044904257248469
11,51,17.91133979944057
11,52,20.231360608540996
11,53,18.24849352735922
11,54,17.16521110298275
11,55,20.94551094808135
11,56,21.71995900434992
11,57,18.8430607762767
11,58,20.415006804086943
11,59,23.79174631034897
11,60,22.770235537233965
11,61,22.278708301782608
11,62,18.53019577750371
11,63,18.461470360547754
11,64,19.975381839920775
11,65,23.79384042633365
11,66,24.57623980218405
11,67,25.241246487297
11,68,24.014649736433675
11,69,23.777210074819177
11,70,22.964435047879387
11,71,19.706457031975162
11,72,19.37022531843797
11,73,19.368257706814937
11,74,16.67093647203291
11,75,13.658121055078855
11,76,10.238184176465664
11,77,8.776469965316997
11,78,11.470458142162023
11,79,10.965578734781035
11,80,7.434691091174451
11,81,9.488981153204495
11,82,12.237333692458312
11,83,10.704267544239773
11,84,10.156902454871263
11,85,13.477099969427996
11,86,15.545264878624941
11,87,16.773341798239546
11,88,17.174151534716707
12,1,20.293089631751673
12,2,16.75330925544945
12,3,14.752804597937626
12,4,12.723927931856428
12,5,10.679782657058096
12,6,9.976769122846017
12,7,8.646329403340973
12,8,6.366575315350699
12,9,5.118346690094198
12,10,5.476586177536984
12,11,3.8195145926039618
12,13,3.8114545764823062
12,14,5.35991092211883
12,15,5.009280207379725
12,16,6.008514403659996
12,17,8.52763091662822
12,18,9.851524710105346
12,19,10.238360662065977
12,20,12.112721577136139
12,21,14.020556234668508
12,22,15.058110076419911
12,23,17.09896654396893
12,24,18.1054358394854
12,25,19.033702385983382
12,26,22.43870779184829
12,27,21.254538047896684
12,28,18.614497990684484
12,29,19.648047267768472
12,30,17.021894560318746
12,31,14.17146117079611
12,32,15.772830742739256
12,33,16.327271126556877
12,34,12.831304299811576
12,35,11.694830256197417
12,36,14.636894719977457
12,37,13.960993326081123
12,38,10.663906382332252
12,39,12.549599875065056
12,40,15.584280923407754
12,41,14.244251219132783
12,42,12.325116107363781
12,43,14.927415411490987
12,44,12.722276043688645
12,45,13.02205511916427
12,46,10.833022341745878
12,47,9.1196924541318
12,48,11.360460935665332
12,49,10.379923113186656
12,50,11.500337893781339
12,51,14.353254662820888
12,52,16.846008811938823
12,53,15.26138588394867
12,54,14.200103068555325
12,55,17.981757505767476
12,56,19.141506643145505
12,57,16.638418965467878
12,58,18.129528384633247
12,59,21.600608638294734
12,60,21.037606873178905
12,61,20.847253147501736
12,62,17.270123228344612
12,63,16.975612291876672
12,64,18.832869608165456
12,65,22.529866948973275
12,66,22.40479765305282
12,67,22.67508981174101
12,68,21.05087499829081
12,69,20.650878493771582
12,70,20.102358219964803
12,71,16.696558689091944
12,72,16.09452139129019
12,73,16.55288230772584
12,74,14.114193578754142
12,75,10.751077101645249
12,76,7.852971394778145
12,77,5.859361128451104
12,78,9.236018299053427
12,79,9.738956312539782
12,80,6.932498050749052
12,81,8.796001205834637
12,82,11.934842868466454
12,83,11.512526562758381
12,84,11.440299016121303
12,85,14.064821620829614
12,86,16.434825648416364
12,87,16.912338602616625
12,88,17.071377214473525
13,1,21.08990994249548
13,2,17.399769782965972
13,3,15.387012930387913
13,4,14.238171741964134
13,5,12.068050659037016
13,6,10.224369986702252
13,7,9.497808875488372
13,8,8.553396042332935
13,9,5.953555460237514
13,10,4.840897161109117
13,11,5.291511462289813
13,12,3.8114545764823062
13,14,3.820648990141919
13,15,5.583943856955962
13,16,5.239072087694388
13,17,6.321270135351319
13,18,8.871825361252911
13,19,9.993276309744925
13,20,10.803602598227055
13,21,12.345860000723812
13,22,14.287736118259259
13,23,16.224890666052975
13,24,16.44789251996291
13,25,17.146655532924903
13,26,20.65333760949669
13,27,20.021984624185215
13,28,17.290931001192813
13,29,18.967593307508565
13,30,16.449830872187544
13,31,13.511378223409535
13,32,15.815913415651089
13,33,16.83283806718161
13,34,13.452889898868342
13,35,12.708291373194
13,36,16.188498199548608
13,37,15.790023985025574
13,38,13.019045901701089
13,39,15.129617633935343
13,40,18.272198884606482
13,41,17.189453626582463
13,42,15.70419237821591
13,43,18.21146453294116
13,44,15.787067518175323
13,45,15.448276402137848
13,46,12.669311130422436
13,47,10.862524207394754
13,48,12.917735194864436
13,49,10.844490253162904
13,50,11.613489785256146
13,51,15.067357855148837
13,52,16.893050458809025
13,53,15.138300654023427
13,54,15.031297749355732
13,55,18.823417504121128
13,56,19.524064825999645
13,57,17.331910878957583
13,58,19.4906510196209
13,59,22.640258451867172
13,60,21.75109300343868
13,61,22.14125492412076
13,62,18.70033390647896
13,63,19.079025828297087
13,64,21.412185900963927
13,65,25.02093912048087
13,66,24.875035955935726
13,67,24.719941405901622
13,68,22.838432357479142
13,69,22.76117258965515
13,70,22.625191872672335
13,71,18.976745823636936
13,72,18.45150521922336
13,73,19.490609233969586
13,74,17.09778275976815
13,75,13.694566854506157
13,76,11.136406694277555
13,77,9.198566857098902
13,78,12.756268490433483
13,79,13.529008721343676
13,80,10.699409749577098
13,81,12.292013628263533
13,82,15.61392600165868
13,83,15.045954277798185
13,84,14.52424327160313
13,85,17.276508351509275
13,86,19.829966667983747
13,87,20.576887622230387
13,88,20.85813877870388
14,1,21.61828179651492
14,2,17.836925807041744
14,3,16.590743428899184
14,4,15.505059851820338
14,5,14.155166731735262
14,6,12.161013999063483
14,7,10.307854617911847
14,8,9.860847849921745
14,9,8.49154975296142
14,10,6.025648861909574
14,11,4.9098975178390285
14,12,5.35991092211883
14,13,3.820648990141919
14,15,3.8157026618083743
14,16,5.448039597410912
14,17,5.149951080321124
14,18,6.423189150219523
14,19,8.709769970212031
14,20,10.147633222830903
14,21,10.670021722145496
14,22,12.290733866889136
14,23,14.950307070256775
14,24,15.460765432728397
14,25,15.445725102581632
14,26,18.611433321207752
14,27,17.5649629195511
14,28,14.481052766328764
14,29,15.81534098304327
14,30,12.980615621814632
14,31,10.430313642134577
14,32,13.04508834294233
14,33,13.63765031028049
14,34,10.169050130130314
14,35,10.219645057265215
14,36,13.73195370294586
14,37,13.037982774868116
14,38,10.887263640831776
14,39,13.585842205980583
14,40,16.38171161058079
14,41,15.328798236953906
14,42,14.661746469790153
14,43,17.328049572029254
14,44,15.2670990524323
14,45,15.07354650580811
14,46,12.737217905258492
14,47,12.047210101877784
14,48,14.891533986887929
14,49,13.276935755776234
14,50,13.118550312079392
14,51,16.384587067543226
14,52,17.880031418680137
14,53,15.408879535342145
14,54,15.165580097517342
14,55,18.92224721927489
14,56,19.025402412049882
14,57,16.36195455447154
14,58,18.716788381991826
14,59,21.671707788691428
14,60,20.22030247101611
14,61,20.42102813995836
14,62,16.87829983515006
14,63,17.73532783094576
14,64,20.04874006036437
14,65,23.684160542411117
14,66,24.45997303993083
14,67,24.56230396097029
14,68,23.16336266781029
14,69,23.5799745819913
14,70,23.279105787371744
14,71,19.654126965089926
14,72,19.826060599517426
14,73,20.58336446894081
14,74,17.64341943173091
14,75,14.73729134131552
14,76,11.627297929575569
14,77,10.79389443128733
14,78,14.275919668465068
14,79,14.053042044886546
14,80,11.177346413823166
14,81,13.652947373798144
14,82,16.42773991644127
14,83,15.063786605424124
14,84,14.99282823461576
14,85,18.241644571589024
14,86,20.218896010095772
14,87,21.10181050758875
14,88,20.979797305459652
15,1,23.693280354754492
15,2,20.019225660443627
15,3,18.66985174050547
15,4,16.871389353306892
15,5,15.374859672241007
15,6,14.233489524487002
15,7,12.220149273821812
15,8,10.634073008941272
15,9,9.803777009436876
15,10,8.54779288983833
15,11,6.043041112815458
15,12,5.009280207379725
15,13,5.583943856955962
15,14,3.8157026618083743
15,16,3.809043056508242
15,17,5.415442890261045
15,18,5.14481726627877
15,19,6.06551517661339
15,20,8.620882872063456
15,21,9.824101499215038
15,22,10.40454253221293
15,23,12.962307051338458
15,24,14.31481591837184
15,25,14.815099428877543
15,26,17.96652739102281
15,27,16.448194394676435
15,28,13.785692001806437
15,29,14.659847177391272
15,30,12.173043813842495
15,31,9.200396785689431
15,32,10.827724504735071
15,33,11.582553672822375
15,34,8.266143159543722
15,35,7.172046474956669
15,36,10.608338737818881
15,37,10.437901582598132
15,38,7.915229115862979
15,39,10.067653100977095
15,40,13.18713582204715
15,41,12.65662761064922
15,42,11.766636571417855
15,43,13.98126190540615
15,44,11.669144579854866
15,45,11.286078271065032
15,46,9.11480467766695
15,47,9.023706001497937
15,48,12.338737125907501
15,49,11.473924217693693
15,50,10.863471403908056
15,51,13.641461527094998
15,52,15.354078709875294
15,53,12.800786538839699
15,54,11.915434990204995
15,55,15.653549107542638
15,56,15.945728988038192
15,57,13.063503555498976
15,58,15.104988318019398
15,59,18.2249353043596
15,60,17.017340896580052
15,61,16.991292511629673
15,62,13.406640943533477
15,63,14.008069659276302
15,64,16.387983360799783
15,65,19.990884504343484
15,66,20.647702898993522
15,67,20.811939785239254
15,68,19.569429369738366
15,69,20.084707003691527
15,70,19.69926964809294
15,71,16.11770926238113
15,72,16.64506257032863
15,73,17.31812867875472
15,74,14.169642999961118
15,75,11.587352805696163
15,76,8.506984911153747
15,77,8.657922111788308
15,78,12.12621639668325
15,79,11.665727674976283
15,80,9.583352363943836
15,81,12.61497645602515
15,82,14.956357955765755
15,83,13.882395447548742
15,84,14.724843052903024
15,85,17.710093199927563
15,86,19.352530609528543
15,87,19.594327378647286
15,88,18.88677446070052
16,1,25.77717065848652
16,2,22.093436175931696
16,3,20.23503354378107
16,4,18.593153147877395
16,5,16.41255813154519
16,6,15.175984199149886
16,7,14.054405873448149
16,8,12.33113946596517
16,9,10.406270312422379
16,10,9.752773897935654
16,11,8.464912340054443
16,12,6.008514403659996
16,13,5.239072087694388
16,14,5.448039597410912
16,15,3.809043056508242
16,17,3.8133606242300617
16,18,5.413060527172142
16,19,5.0042905046998865
16,20,6.117577751527999
16,21,8.414523419482215
16,22,9.738619225048126
16,23,11.33044691321877
16,24,12.125343133060696
16,25,13.360007386638996
16,26,16.91247564034144
16,27,16.066231421979438
16,28,13.919670216331198
16,29,15.574986590962817
16,30,13.789548430295646
16,31,10.246893309454132
16,32,11.8108321131656
16,33,13.620470662143386
16,34,10.912405564560903
16,35,9.087648122988671
16,36,12.684845235121342
16,37,13.427974811467344
16,38,10.95866459883875
16,39,12.199543271593946
16,40,15.73531957532595
16,41,15.744822752733755
16,42,14.39465852332748
16,43,16.008769018402365
16,44,13.044085607126748
16,45,11.68099587409123
16,46,8.503996370894527
16,47,7.536318244419438
16,48,10.346023980797824
16,49,8.619218849581705
16,50,7.756011151861073
16,51,11.048965953183863
16,52,12.443366056695528
16,53,10.175722906011616
16,54,10.128459886901616
16,55,13.88759105793446
16,56,14.319165818596119
16,57,12.184859079808861
16,58,14.591280650115177
16,59,17.55683605687691
16,60,16.69249918073168
16,61,17.411800713001387
16,62,14.234246627598543
16,63,14.958083854123574
16,64,17.84343892007848
16,65,21.176109482331476
16,66,20.83628218817536
16,67,20.314298618643793
16,68,18.45800775028604
16,69,18.973607838385632
16,70,19.13665840188389
16,71,15.315878826371998
16,72,15.562286702978618
16,73,17.050919198358788
16,74,14.345877867573671
16,75,11.4769658293602
16,76,9.40691685206356
16,77,9.009157266137425
16,78,12.782942284979786
16,79,13.356360291154505
16,80,11.687792324812294
16,81,14.114422946605456
16,82,16.856141863158587
16,83,16.504006230330056
16,84,17.142001140819325
16,85,19.733905098827407
16,86,21.78781737837751
16,87,21.751859397151883
16,88,21.126479560405507
17,1,26.556004001541307
17,2,22.77084318528561
17,3,21.25705933468508
17,4,20.19547888737182
17,5,18.31366670207358
17,6,16.361908755514207
17,7,15.1360704307466
17,8,14.307132407586526
17,9,12.228219272058473
17,10,10.470175360150286
17,11,9.749809315128608
17,12,8.52763091662822
17,13,6.321270135351319
17,14,5.149951080321124
17,15,5.415442890261045
17,16,3.8133606242300617
17,18,3.8150449072918677
17,19,5.581406942638756
17,20,5.412208241398686
17,21,6.064997508235587
17,22,8.50300183366374
17,23,10.50215960911512
17,24,10.473843203598584
17,25,10.8425892709609
17,26,14.338791608120712
17,27,13.863401178650424
17,28,11.373746376082588
17,29,13.592175187893742
17,30,11.816010245870562
17,31,8.452117388935548
17,32,11.004876345171414
17,33,12.986024941695566
17,34,10.511082314904375
17,35,9.704666901181763
17,36,13.5532836322805
17,37,14.231501162107863
17,38,12.584569482403909
17,39,14.36211896602473
17,40,17.5871315083358
17,41,17.627023965656385
17,42,16.96772265365423
17,43,18.751202148577466
17,44,16.03184750977064
17,45,14.590354026015486
17,46,11.575619609140434
17,47,11.146857077814063
17,48,13.891773357200139
17,49,11.753798572414071
17,50,10.39721872883012
17,51,13.784285468364338
17,52,14.308207863343865
17,53,11.554307089828733
17,54,12.367040461421896
17,55,15.861160235294067
17,56,15.436219649234726
17,57,13.384246434433583
17,58,16.410457564467308
17,59,18.8570002767113
17,60,17.322732241774784
17,61,18.42320683709269
17,62,15.3980473982417
17,63,16.930936752288712
17,64,20.003794083769467
17,65,23.24308286447145
17,66,23.476120546022145
17,67,22.84337417305584
17,68,21.130425862927655
17,69,22.09419932943946
17,70,22.40660680562378
17,71,18.569750408327803
17,72,19.123640031031865
17,73,20.700047589187612
17,74,17.844301301724872
17,75,15.188971873779927
17,76,12.930969038398475
17,77,12.627521173650743
17,78,16.40115742266711
17,79,16.666375234266038
17,80,14.61593781872786
17,81,17.164390512073005
17,82,19.93686033187985
17,83,19.085258885610898
17,84,19.472534411667674
17,85,22.42588497180076
17,86,24.424041659529273
17,87,24.756641323702727
17,88,24.176959063457847
18,1,27.79500802195546
18,2,24.034989755021186
18,3,22.936434832455085
18,4,21.56759445320868
18,5,20.11624450043889
18,6,18.46511317919464
18,7,16.549248885225406
18,8,15.531202628564376
18,9,14.284155853437305
18,10,12.397477476264779
18,11,10.577267434072445
18,12,9.851524710105346
18,13,8.871825361252911
18,14,6.423189150219523
18,15,5.14481726627877
18,16,5.413060527172142
18,17,3.8150449072918677
18,19,3.8209046805262834
18,20,5.490079687705504
18,21,5.045614480094264
18,22,5.8935225777333695
18,23,8.909876949956077
18,24,9.985354934074143
18,25,9.848416758127746
18,26,12.858239996310557
18,27,11.45307208180717
18,28,8.810667722758044
18,29,10.308238827178732
18,30,8.472975906008857
18,31,4.928463973168457
18,32,7.3013394086063865
18,33,9.189666478424169
18,34,6.994016339178042
18,35,6.309863060883128
18,36,10.111673990632742
18,37,11.013955574675718
18,38,10.07188639647496
18,39,11.842618842233456
18,40,14.764475928361932
18,41,15.202576422596241
18,42,15.165956074991264
18,43,16.717969453525683
18,44,14.300009179134525
18,45,12.90486455908467
18,46,10.570574790331216
18,47,11.406793342217336
18,48,14.758966605627933
18,49,13.483045129664697
18,50,11.503640608137749
18,51,14.22261908867548
18,52,14.649499258110215
18,53,11.317542177411378
18,54,11.517969207501334
18,55,14.813650423435009
18,56,13.906699862924167
18,57,11.234790622710939
18,58,14.248625497638473
18,59,16.537214348202177
18,60,14.548755787103925
18,61,15.335519968555552
18,62,12.241386282461704
18,63,14.187309482635067
18,64,17.24558909490619
18,65,20.40404820429956
18,66,21.41244748568222
18,67,21.07015103171259
18,68,19.927469715331334
18,69,21.32432571961446
18,70,21.415266189290016
18,71,17.744265912140836
18,72,18.998850731462163
18,73,20.215933774892267
18,74,16.93938225429647
18,75,14.941337535167369
18,76,12.461785361807676
18,77,13.231904623999622
18,78,16.740085237536448
18,79,16.244086673797955
18,80,14.578465420899485
18,81,17.723526576176035
18,82,19.909621076722534
18,83,18.691377440551786
18,84,19.706338552714783
18,85,22.794190979379557
18,86,24.241866606843317
18,87,24.39376981608396
18,88,23.304237622276872
19,1,29.731545186981734
19,2,26.036931771721836
19,3,24.565504073422133
19,4,22.761104022959742
19,5,20.913654343486733
19,6,19.807719587689395
19,7,18.172973131756507
19,8,16.40625018558598
19,9,15.089275459262534
19,10,14.113854529672452
19,11,12.078607057227424
19,12,10.238360662065977
19,13,9.993276309744925
19,14,8.709769970212031
19,15,6.06551517661339
19,16,5.0042905046998865
19,17,5.581406942638756
19,18,3.8209046805262834
19,20,3.7964517616997364
19,21,5.573712484592516
19,22,5.185163033357348
19,23,7.023470344077723
19,24,8.962997447734285
19,25,10.161470311087829
19,26,13.328213542468625
19,27,11.90341718803523
19,28,10.332889383369531
19,29,11.637949722991761
19,30,10.705809157879978
19,31,6.948299403868332
19,32,7.444719100715362
19,33,10.053065784254287
19,34,8.521456830308063
19,35,5.99602693192273
19,36,9.431292406162262
19,37,11.34437773597278
19,38,9.979933621649508
19,39,10.497278638805012
19,40,13.87527467822459
19,41,14.973322236899657
19,42,14.371313210349081
19,43,15.158894792280424
19,44,12.218431144626827
19,45,10.043235667357312
19,46,7.349026537656775
19,47,8.544186742288609
19,48,11.860401087850851
19,49,11.02039242884631
19,50,8.452329101953307
19,51,10.686522238288372
19,52,11.11024106057661
19,53,7.762936805189797
19,54,7.701009697809506
19,55,11.02897709897088
19,56,10.442876713454023
19,57,7.911546127845553
19,58,10.891271372291445
19,59,13.362013258257532
19,60,11.965648468047203
19,61,12.984374211576858
19,62,10.108320264614896
19,63,11.749967347630513
19,64,15.148896903301967
19,65,18.09359904432107
19,66,18.280713187122384
19,67,17.592344470703555
19,68,16.223211239832292
19,69,17.696048227179844
19,70,18.007101052604998
19,71,14.295604962734378
19,72,15.733439484400028
19,73,17.27141601527432
19,74,14.153025702401713
19,75,12.42688554512336
19,76,10.720624487310452
19,77,11.957512667392706
19,78,15.31159389945598
19,79,15.171475411077418
19,80,14.319092426387119
19,81,17.36539911009752
19,82,19.393978112132057
19,83,18.79596627397713
19,84,20.229697878483925
19,85,22.87707253404396
19,86,24.317565048452416
19,87,23.887519949269052
19,88,22.491804152900624
20,1,31.540500442123438
20,2,27.792286769775416
20,3,26.097482565576332
20,4,24.647109560608268
20,5,22.474365149640256
20,6,21.014245977476385
20,7,19.90882227339275
20,8,18.41839406959787
20,9,16.39929378602234
20,10,15.382077554806608
20,11,14.188161789240295
20,12,12.112721577136139
20,13,10.803602598227055
20,14,10.147633222830903
