1,2,3.8480688619301726
1,3,6.542782678194773
1,4,9.403651572327973
1,5,12.054575537872108
1,6,11.943467731953241
1,7,11.564793127605945
1,8,14.335640475069011
1,9,16.338130079472137
1,10,16.14316106389233
1,11,17.428106157609957
1,12,20.203383609934686
1,13,21.139840550334736
1,14,21.31267719594411
1,15,23.51220285532508
1,16,25.625528090909164
1,17,26.53056293709571
1,18,27.510034591186752
1,19,29.602203291356904
1,20,31.40025630286014
1,21,32.00712590989954
1,22,33.503606931839094
1,23,36.1141177132767
1,24,36.880822565247435
1,25,36.661464135690295
1,26,39.5219937327104
1,27,38.52890737820813
1,28,34.78767370973137
1,29,34.583221296458376
1,30,30.90885839494627
1,31,30.119515725829157
1,32,32.3499833261637
1,33,30.895989220629787
1,34,27.288223326886158
1,35,28.533889089668225
1,36,30.44123329716364
1,37,27.689431864358987
1,38,25.43758605657427
1,39,28.438106037936816
1,40,29.46681005665701
1,41,26.034650209128774
1,42,24.84780442076888
1,43,28.507687863725547
1,44,29.062354122592676
1,45,31.168594873246366
1,46,30.30834518286755
1,47,28.788688594451163
1,48,30.021353806573366
1,49,29.221104064805207
1,50,31.403279868744796
1,51,34.10237356055611
1,52,36.93793880956721
1,53,35.60841102099428
1,54,34.36025040608689
1,55,38.04107855862981
1,56,38.758496984911545
1,57,36.01866245437706
1,58,37.197051057640394
1,59,40.66309342037821
1,60,39.650751364458586
1,61,38.69381422193076
1,62,34.997715368651534
1,63,34.105013659628604
1,64,34.40314701596783
1,65,37.93875586032898
1,66,40.07503510608992
1,67,40.735605909159865
1,68,37.58679622403114
1,69,35.09606626071552
1,70,33.6310505053232
1,71,32.820683105825516
1,72,31.06902623168562
1,73,28.524936066367143
1,74,26.00018698309819
1,75,23.38555144129018
1,76,23.37391779306411
1,77,22.97184574402545
1,78,19.692818015458172
1,79,18.388894880448788
1,80,19.752020142598454
1,81,17.942757699186544
1,82,14.395307914365258
1,83,15.58133111893963
1,84,17.433536691202622
1,85,21.138863299046513
1,86,22.841693574324225
2,1,3.8480688619301726
2,3,3.8359801291121762
2,4,6.658528863190119
2,5,8.943816904865852
2,6,8.34167100775612
2,7,7.768394727313655
2,8,10.769133327979018
2,9,12.602504265078739
2,10,12.296512689412246
2,11,13.700750969785313
2,12,16.451635928976376
2,13,17.293252395235807
2,14,17.547571075463235
2,15,19.793870610800777
2,16,21.809890822655042
2,17,22.725700207643985
2,18,23.807183889216525
2,19,25.858292943300103
2,20,27.588429318624755
2,21,28.27278394288415
2,22,29.830424500743444
2,23,32.359899033958555
2,24,33.09012000239078
2,25,32.96103887118633
2,26,35.884694694338336
2,27,35.034310819455236
2,28,31.272267774833537
2,29,31.23440554173996
2,30,27.61959029454748
2,31,26.60667164541814
2,32,28.88534423775787
2,33,27.655559358782728
2,34,23.970269867444717
2,35,25.071538456489556
2,36,27.18536910442699
2,37,24.643914924612236
2,38,22.245867381452953
2,39,25.256708553892476
2,40,26.579451055472948
2,41,23.328785074356794
2,42,22.01474403516393
2,43,25.668867382730866
2,44,25.929722023703665
2,45,27.8027547082793
2,46,26.73841772830982
2,47,25.188048273679744
2,48,26.490039469976495
2,49,25.55595186912418
2,50,27.654476883381587
2,51,30.43809007411483
2,52,33.19506317309458
2,53,31.831538369173376
2,54,30.687560834637125
2,55,34.39541703877173
2,56,35.06243913223314
2,57,32.39560228176609
2,58,33.69535367701143
2,59,37.124378469283826
2,60,36.121398701164395
2,61,35.33003796822405
2,62,31.615465809293315
2,63,30.822569970452033
2,64,31.370741574269765
2,65,34.99393418071722
2,66,36.710660916137975
2,67,37.466541926267446
2,68,34.43728106628504
2,69,31.778888335336354
2,70,30.384448806507205
2,71,29.808080666089953
2,72,27.948639841946935
2,73,25.248993212077057
2,74,22.659824393521465
2,75,19.963337415104316
2,76,20.306165480461853
2,77,20.034359804713777
2,78,16.551409230261033
2,79,15.492274902191811
2,80,17.336870261728656
2,81,15.540799547629318
2,82,12.010781794410569
2,83,13.748847867422752
2,84,15.993173813696336
2,85,19.538956630321113
2,86,20.862402581612336
3,1,6.542782678194773
3,2,3.8359801291121762
3,4,3.819287724490675
3,5,5.547262358514782
3,6,6.039300042062387
3,7,6.6557552216654345
3,8,8.73945645881029
3,9,10.414025272533292
3,10,11.228724260707267
3,11,12.80967912105905
3,12,14.814377273479048
3,13,15.923908604851542
3,14,16.94421013246573
3,15,18.864878210105864
3,16,20.439089518490437
3,17,21.85308538043737
3,18,23.22352671755585
3,19,24.791678098124116
3,20,26.48766423783901
3,21,27.675151174439183
3,22,29.2298086280586
3,23,31.417716821811045
3,24,32.18828254890117
3,25,32.4999214819106
3,26,35.572863163244136
3,27,35.102859239972496
3,28,31.29863502786168
3,29,31.50596918348789
3,30,28.054633151925664
3,31,26.550708273183265
3,32,28.653376120160136
3,33,27.789833250327547
3,34,24.02834305516563
3,35,24.547622176840505
3,36,26.749268052460806
3,37,24.559997364299463
3,38,21.710998610674203
3,39,24.337170600776908
3,40,26.008104592967648
3,41,22.897582654584664
3,42,21.00470019954389
3,43,24.435470800579516
3,44,24.336240020999796
3,45,26.166643020697727
3,46,24.987859828867595
3,47,23.02877589862792
3,48,23.89398529291132
3,49,23.042854888566094
3,50,25.50463145487121
3,51,28.134248203131136
3,52,31.07955803501931
3,53,30.096918003415357
3,54,28.903127888616968
3,55,32.5449211752091
3,56,33.555461978809284
3,57,31.12207450920273
3,58,32.25512670085993
3,59,35.778860664846775
3,60,35.139941858280494
3,61,34.429967017833846
3,62,30.810579462150066
3,63,29.733503131166913
3,64,30.336362136546608
3,65,33.94011874150212
3,66,34.60496880735829
3,67,35.0528655785024
3,68,32.052209691448084
3,69,29.502592053547673
3,70,27.764265485185646
3,71,27.27723767283403
3,72,25.779170051055694
3,73,22.90973954416802
3,74,20.72011996039133
3,75,17.687937630505054
3,76,17.767603465158523
3,77,18.07164215668429
3,78,14.748199869892659
3,79,13.019995620366624
3,80,15.162531261620313
3,81,14.133770650174492
3,82,10.414769511018502
3,83,11.538125942945193
3,84,14.444573646551506
3,85,17.67573402238443
3,86,19.282387133279435
4,1,9.403651572327973
4,2,6.658528863190119
4,3,3.819287724490675
4,5,3.817614836063283
4,6,6.0301366069580755
4,7,5.690205629134887
4,8,6.125854413655607
4,9,8.738056038563238
4,10,10.255136984474854
4,11,10.921227512814589
4,12,12.523638856523347
4,13,14.422523828122253
4,14,15.532557830677852
4,15,16.762307735558128
4,16,18.438868140657757
4,17,20.36869820384724
4,18,21.43843853490179
4,19,22.606620726455336
4,20,24.653613283872744
4,21,26.10163266723841
4,22,27.278246274117368
4,23,29.38343278318522
4,24,30.516637234638665
4,25,31.061303877075694
4,26,34.014255155912345
4,27,33.645290106257995
4,28,29.807211911358305
4,29,29.87086593979181
4,30,26.536413861167464
4,31,24.846218358448454
4,32,26.547305330801226
4,33,25.69785583535825
4,34,21.991538348959097
4,35,22.126863824680985
4,36,24.08134870049824
4,37,21.98967002816069
4,38,18.91697773106248
4,39,21.239826470554572
4,40,22.90619828928261
4,41,19.813786256477744
4,42,17.63212017660507
4,43,20.939077058078013
4,44,20.875122665460125
4,45,22.90793282852132
4,46,22.003158268007795
4,47,20.104358649169324
4,48,21.001180216767168
4,49,20.61156195428239
4,50,23.072142860175372
4,51,25.403275534358013
4,52,28.53521307921383
4,53,27.65058869398061
4,54,26.11397431818561
4,55,29.664309158092774
4,56,30.887777872912157
4,57,28.405676221632994
4,58,29.232436704999333
4,59,32.85040995168747
4,60,32.41744713516756
4,61,31.513059331320274
4,62,27.9952402688962
4,63,26.61595024642045
4,64,27.03191389161824
4,65,30.56254179610554
4,66,31.252748929446273
4,67,31.628215458592095
4,68,28.516392717885193
4,69,26.110204586857726
4,70,24.381949112373835
4,71,23.670839906848055
4,72,22.205708159591712
4,73,19.487293212169323
4,74,17.3792212417562
4,75,14.473070994039434
4,76,14.190882366790438
4,77,14.404349580600659
4,78,11.266889898903733
4,79,9.307289505017431
4,80,11.347092740846008
4,81,10.526845100230794
4,82,6.818273801842192
4,83,7.944944597914403
4,84,11.04746291265924
4,85,14.07484350966521
4,86,15.591133739984054
5,1,12.054575537872108
5,2,8.943816904865852
5,3,5.547262358514782
5,4,3.817614836063283
5,6,3.7993749000958004
5,7,5.506347374686906
5,8,5.136363956842086
5,9,6.1554046113317655
5,10,8.622579239249573
5,11,10.08300277663693
5,12,10.787821998028273
5,13,12.263843383352109
5,14,14.200227341826984
5,15,15.513515831770729
5,16,16.45546749957296
5,17,18.495458289710108
5,18,20.12269460321847
5,19,21.01858352154909
5,20,22.663193698894446
5,21,24.44671114487425
5,22,25.92021549921116
5,23,27.651894759349474
5,24,28.50915440022328
5,25,29.35776792341509
5,26,32.53200929372691
5,27,32.54925792964941
5,28,28.763592001174253
5,29,29.289487856517137
5,30,26.16170728082839
5,31,24.02782287162275
5,32,25.853886291007502
5,33,25.55438897822211
5,34,21.8122628415382
5,35,21.54045894764942
5,36,23.895292767631563
5,37,22.334950907808835
5,38,19.013046800594445
5,39,21.098968794594025
5,40,23.32951920878883
5,41,20.66868055037149
5,42,18.14801601549872
5,43,21.174536449727594
5,44,20.41530728311119
5,45,21.942620808698226
5,46,20.50958916021699
5,47,18.131980172005758
5,48,18.607818753800654
5,49,17.815128718280913
5,50,20.54740320736221
5,51,23.015650790326315
5,52,26.092575721476358
5,53,25.474120246067628
5,54,24.267052917324417
5,55,27.814335382128853
5,56,29.136551678570918
5,57,27.012400298279648
5,58,28.024382263042455
5,59,31.575882402585968
5,60,31.328474664370408
5,61,30.816507454971134
5,62,27.354704159824365
5,63,26.072847213110805
5,64,26.923896164139297
5,65,30.507417244004493
5,66,29.8004914051124
5,67,30.046366340669906
5,68,27.196447768808298
5,69,24.622969013362717
5,70,22.643968736298145
5,71,22.469668623308472
5,72,21.237382377276393
5,73,18.09387390457978
5,74,16.33241451567141
5,75,12.926991405840388
5,76,13.09110105841605
5,77,14.209596956117094
5,78,11.081819318340479
5,79,8.956052488720248
5,80,11.943352129152595
5,81,11.939362522139703
5,82,8.750028595463816
5,83,9.650432546641225
5,84,13.218037424044224
5,85,15.573364011598745
5,86,16.871345576375134
6,1,11.943467731953241
6,2,8.34167100775612
6,3,6.039300042062387
6,4,6.0301366069580755
6,5,3.7993749000958004
6,7,3.8420572928329557
6,8,5.4755199962434205
6,9,5.01804827991293
6,10,6.105659081797547
6,11,8.708876571829352
6,12,10.002248984301149
6,13,10.39516046629022
6,14,12.111395226652597
6,15,14.246127972862082
6,16,15.142801608473112
6,17,16.494124132527023
6,18,18.40946059808281
6,19,19.822310944659154
6,20,21.079995917298817
6,21,22.495450147406025
6,22,24.373316694695596
6,23,26.239217435532783
6,24,26.71785421497686
6,25,27.262254247238538
6,26,30.538513529603584
6,27,30.460162687009657
6,28,26.71718337926071
6,29,27.45094472328707
6,30,24.262011115183853
6,31,22.238925348756553
6,32,24.526664663498277
6,33,24.326165278471667
6,34,20.53436549617018
6,35,20.65794679424436
6,36,23.404197254748297
6,37,21.876438089723457
6,38,18.82674893777444
6,39,21.32267773072106
6,40,23.69106306549938
6,41,21.199585338715295
6,42,19.100922636173543
6,43,22.282624500632505
6,44,21.367998608515606
6,45,22.453424279056712
6,46,20.608915762201388
6,47,18.400282885590375
6,48,19.22153294947709
6,49,17.784083153564232
6,50,20.16154436218574
6,51,23.09388958106907
6,52,25.785941344392523
6,53,24.815812469434274
6,54,24.067942927563205
6,55,27.75508423274208
6,56,28.636369485755274
6,57,26.519437671773268
6,58,28.02281553909993
6,59,31.385875178635676
6,60,30.78154813574942
6,61,30.58155131967962
6,62,26.985662782964063
6,63,26.228762279395642
6,64,27.481757838819924
6,65,31.20104908528129
6,66,30.61353826782291
6,67,31.21863094853795
6,68,28.600672560899056
6,69,25.666178609133713
6,70,24.006691236534735
6,71,24.237293191829966
6,72,22.633592920894788
6,73,19.33015729318956
6,74,17.19347927643811
6,75,13.84978970066038
6,76,14.973452945131582
6,77,15.90427213759681
6,78,12.370555160985507
6,79,11.285633007520593
6,80,14.556358405336102
6,81,13.93879974857842
6,82,10.977882832772668
6,83,12.785543432437466
6,84,16.060401792930794
6,85,18.547263143551415
6,86,19.33151511027836
7,1,11.564793127605945
7,2,7.768394727313655
7,3,6.6557552216654345
7,4,5.690205629134887
7,5,5.506347374686906
7,6,3.8420572928329557
7,8,3.8217723879090255
7,9,5.3379055989248565
7,10,4.97741227099673
7,11,6.228373337477443
7,12,8.700877866352199
7,13,9.729230794182461
7,14,10.335796671777803
7,15,12.305100363993695
7,16,14.10876009497768
7,17,15.381501605443553
7,18,16.57874529479872
7,19,18.289870695002676
7,20,20.048603848793167
7,21,21.093458228470386
7,22,22.593436713952254
7,23,24.877315482888537
7,24,25.72127502631096
7,25,25.948215109268887
7,26,28.95555418066812
7,27,28.501225582066215
7,28,24.688046165570288
7,29,24.97073704384981
7,30,21.60842902419938
7,31,19.932622961750962
7,32,22.08934612179736
7,33,21.436015549067772
7,34,17.64128523381996
7,35,18.12926658149971
7,36,20.61922377726901
7,37,18.704621900419507
7,38,15.872251974970766
7,39,18.6917220254046
7,40,20.710203384789658
7,41,18.019830340367804
7,42,16.320850599169063
7,43,19.767160501227355
7,44,19.313413868317124
7,45,20.662302289839772
7,46,19.214333481524246
7,47,17.627971235457405
7,48,19.143317818739956
7,49,18.088881481696188
7,50,19.95563219758609
7,51,22.809422460298826
7,52,25.468428554007055
7,53,24.065335630819472
7,54,22.99963323203984
7,55,26.731707488066316
7,56,27.386742254281184
7,57,24.86754202893451
7,58,26.303123121136384
7,59,29.686649074967914
7,60,28.81301576708521
7,61,28.30985447772863
7,62,24.622690182509015
7,63,23.923296438234665
7,64,24.966883511983802
7,65,28.706106401515697
7,66,29.472949284899602
7,67,30.412457090255018
7,68,27.632825328427415
7,69,24.67189650088063
7,70,23.47944191593655
7,71,23.370152496266396
7,72,21.288298688927735
7,73,18.323333377154796
7,74,15.630266945482743
7,75,12.83694839843974
7,76,14.058457013264702
7,77,14.081411710346734
7,78,10.304495122902235
7,79,10.111209007664032
7,80,12.995336715432831
7,81,11.496580282440421
7,82,8.809775699715848
7,83,11.562921710072793
7,84,14.231959852353498
7,85,16.90651818511119
7,86,17.208221107593054
8,1,14.335640475069011
8,2,10.769133327979018
8,3,8.73945645881029
8,4,6.125854413655607
8,5,5.136363956842086
8,6,5.4755199962434205
8,7,3.8217723879090255
8,9,3.8224209196126164
8,10,5.517099749844958
8,11,5.3300224109244
8,12,6.404127518061684
8,13,8.670930330677052
8,14,9.91687888469568
8,15,10.769890309159106
8,16,12.347028870848996
8,17,14.480918036390873
8,18,15.52911982257623
8,19,16.507323366553184
8,20,18.577915902486932
8,21,20.163831543044935
8,22,21.289311590491607
8,23,23.279960058015487
8,24,24.474929081133318
8,25,25.160098150838827
8,26,28.11348820824136
8,27,27.959586327167052
8,28,24.141895384503947
8,29,24.429346781293177
8,30,21.32283942981427
8,31,19.224327877585665
8,32,20.87185235986922
8,33,20.46441172295426
8,34,16.746381335162976
8,35,16.48446714917378
8,36,18.79683085339763
8,37,17.2335028267189
8,38,13.937838464095691
8,39,16.21002958037828
8,40,18.47894244293193
8,41,15.965160153698637
8,42,13.666650968311192
8,43,16.83812455357825
8,44,16.11851547747664
8,45,17.570056852642384
8,46,16.25365502035683
8,47,14.463339615740233
8,48,15.821019558349041
8,49,15.230389626587352
8,50,17.289267166274648
8,51,19.804712434754606
8,52,22.746189210211345
8,53,21.632996394972455
8,54,20.222288937747127
8,55,23.86038067967774
8,56,24.89354975686869
8,57,22.460746443050585
8,58,23.544017724629693
8,59,27.069883841576193
8,60,26.57662404818623
8,61,25.961769332697386
8,62,22.418659048282397
8,63,21.300908004972293
8,64,22.25323186803121
8,65,25.930791210899756
8,66,26.105891299291592
8,67,26.849674380578307
8,68,23.997938043304135
8,69,21.15854023847642
8,70,19.812189370687303
8,71,19.618871791193005
8,72,17.697530439653047
8,73,14.695863190538516
8,74,12.23208817079609
8,75,9.262729708425038
8,76,10.257936218993178
8,77,10.587262127647245
8,78,6.937716687332759
8,79,6.522212447542394
8,80,9.783493889887886
8,81,8.97124955400215
8,82,6.861524021168149
8,83,9.373487681388536
8,84,12.191737731251603
8,85,14.240336034888214
8,86,14.36924378036422
9,1,16.338130079472137
9,2,12.602504265078739
9,3,10.414025272533292
9,4,8.738056038563238
9,5,6.1554046113317655
9,6,5.01804827991293
9,7,5.3379055989248565
9,8,3.8224209196126164
9,10,3.811996409838595
9,11,5.501215268615081
9,12,5.264586709652546
9,13,6.134429886449957
9,14,8.557530439916107
9,15,9.936400470072394
9,16,10.450405151066857
9,17,12.39629361970446
9,18,14.294937039374158
9,19,15.186535335449145
9,20,16.57357641619811
9,21,18.389160170659473
9,22,20.047707978815794
9,23,21.670217586937802
9,24,22.37757438825482
9,25,23.267312520293363
9,26,26.510780424186898
9,27,26.72825019168654
9,28,23.003443687480676
9,29,23.879972261855663
9,30,20.998643396632097
9,31,18.498753008017452
9,32,20.48225553107674
9,33,20.712885613802115
9,34,17.021927979017697
9,35,16.508669081279642
9,36,19.377661080472997
9,37,18.414626775523626
9,38,15.128450110516974
9,39,17.2346043925453
9,40,20.0385282138379
9,41,18.08029570263323
9,42,15.74769457792327
9,43,18.557508746223693
9,44,17.1112436788476
9,45,17.783226434786716
9,46,15.697773703739124
9,47,13.440061921335879
9,48,14.451226145236587
9,49,13.028553747736629
9,50,15.232734102887552
9,51,18.14996347036174
9,52,20.843331114517355
9,53,19.866599765579736
9,54,19.061330559196332
9,55,22.741185473467493
9,56,23.68082113181675
9,57,21.664977883848493
9,58,23.16245125259143
9,59,26.503301623084862
9,60,26.056673471391477
9,61,25.99614124503203
9,62,22.501432539658634
9,63,21.733270938969824
9,64,23.27187518686216
9,65,26.981763713576555
9,66,25.77576935436376
9,67,26.515241515878664
9,68,24.0622881957837
9,69,20.947373906650927
9,70,19.480111274331033
9,71,20.02457813715704
9,72,18.266697544693656
9,73,14.8291565217902
9,74,12.709120707506145
9,75,9.339070948645178
9,76,11.245294720948625
9,77,12.446014208297449
9,78,9.102689354829527
9,79,8.876146376265439
9,80,12.573715983282122
9,81,12.337670795156772
9,82,10.569095596981414
9,83,12.671127403962094
9,84,15.711557556038183
9,85,17.387594341795182
9,86,17.380518430851133
10,1,16.14316106389233
10,2,12.296512689412246
10,3,11.228724260707267
10,4,10.255136984474854
10,5,8.622579239249573
10,6,6.105659081797547
10,7,4.97741227099673
10,8,5.517099749844958
10,9,3.811996409838595
10,11,3.8025024564939454
10,12,5.54453074153865
10,13,5.0376209812770325
10,14,6.024162291305057
10,15,8.591010202093862
10,16,9.77502529953908
10,17,10.658775382870726
10,18,12.404469427220608
10,19,14.191363984713147
10,20,15.45790955679383
10,21,16.537276445759446
10,22,18.422912142696354
10,23,20.500603531456466
10,24,21.018902530273806
10,25,21.32550606290015
10,26,24.514719851960514
10,27,24.358453047340383
10,28,20.61153342606811
10,29,21.418863621973323
10,30,18.324299982459603
10,31,16.18875359591714
10,32,18.6419800551479
10,33,18.661073344005324
10,34,14.915354385126294
10,35,15.140575407545526
10,36,18.23385271098568
10,37,17.03482880275779
10,38,14.261041288093507
10,39,16.976087856697355
10,40,19.593102024784532
10,41,17.671422309535917
10,42,16.06453734639876
10,43,19.127982487619864
10,44,17.936371201838394
10,45,18.395255406129294
10,46,16.25472574034957
10,47,14.68476564517928
10,48,16.404594251485804
10,49,14.696461321272086
10,50,16.116826536575044
10,51,19.352298929777408
10,52,21.582338936013766
10,53,19.979766805728683
10,54,19.455519420704647
10,55,23.236505053403967
10,56,23.571720734997122
10,57,21.310334609648248
10,58,23.238909378687968
10,59,26.37266650855204
10,60,25.385973144660746
10,61,25.42781800233247
10,62,21.7624621295633
10,63,21.568123611838818
10,64,23.30309972598517
10,65,27.100489822629935
10,66,26.935189327257742
10,67,28.160991973743606
10,68,25.82245328422827
10,69,22.476303847410367
10,70,21.57632892806998
10,71,22.17682437870062
10,72,19.89971662807508
10,73,16.68137708907244
10,74,13.974628648239712
10,75,11.264373948797354
10,76,13.719782504118953
10,77,14.123224010938092
10,78,10.524351424607254
10,79,11.37833847644758
10,80,14.746442693633213
10,81,13.59646039997199
10,82,11.99545877251553
10,83,14.856283835233269
10,84,17.443719822287157
10,85,19.431132142612338
10,86,18.99367794025497
11,1,17.428106157609957
11,2,13.700750969785313
11,3,12.80967912105905
11,4,10.921227512814589
11,5,10.08300277663693
11,6,8.708876571829352
11,7,6.228373337477443
11,8,5.3300224109244
11,9,5.501215268615081
11,10,3.8025024564939454
11,12,3.826984030270922
11,13,5.326499064356819
11,14,4.890575197632988
11,15,6.123509488759206
11,16,8.499673511178631
11,17,9.918536372335124
11,18,10.556458085497079
11,19,12.195766564293079
11,20,14.294984237376713
11,21,15.313127565848905
11,22,16.480688942415732
11,23,18.839660792392262
11,24,20.001729236776885
11,25,20.27133167281626
11,26,23.117409709720352
11,27,22.754500009281234
11,28,18.923225848437884
11,29,19.225280829235054
11,30,16.09323699089637
11,31,14.033109348903977
11,32,15.994008248493468
11,33,15.673864901603176
11,34,11.897850190460337
11,35,12.027826554566749
11,36,14.805046127796881
11,37,13.418739684844267
11,38,10.54202782542923
11,39,13.362700537175929
11,40,15.830069304790182
11,41,13.879075508498941
11,42,12.412734183551205
11,43,15.55057078318649
11,44,14.639343335468784
11,45,15.364000487740983
11,46,13.713179423101298
11,47,12.777003316204873
11,48,15.132953952692851
11,49,14.135775645754896
11,50,15.088313366876038
11,51,17.975190691791056
11,52,20.31401859804648
11,53,18.448856448467648
11,54,17.365699426376754
11,55,21.125373775964196
11,56,21.448939296287406
11,57,18.798605152489397
11,58,20.453924795440525
11,59,23.701354943866406
11,60,22.656442574170146
11,61,22.312241850362525
11,62,18.60310408864044
11,63,18.240251021505056
11,64,19.750534562385987
11,65,23.554770430378507
11,66,24.41269948357262
11,67,25.859354087405997
11,68,23.348196032221555
11,69,20.058480376600407
11,70,19.57148978557028
11,71,19.810199630684256
11,72,17.15004364271926
11,73,14.3130791430775
11,74,11.147754465836874
11,75,9.140170634214943
11,76,11.65250743488107
11,77,11.261324732961626
11,78,7.735010985008523
11,79,9.679098092539968
11,80,12.574499371641242
11,81,11.02567468440403
11,82,10.343765771147117
11,83,13.584387814479495
11,84,15.547135956995547
11,85,17.24252707878734
11,86,16.21634784477768
12,1,20.203383609934686
12,2,16.451635928976376
12,3,14.814377273479048
12,4,12.523638856523347
12,5,10.787821998028273
12,6,10.002248984301149
12,7,8.700877866352199
12,8,6.404127518061684
12,9,5.264586709652546
12,10,5.54453074153865
12,11,3.826984030270922
12,13,3.787244334512106
12,14,5.405460321083803
12,15,5.042358920513456
12,16,5.987787528800248
12,17,8.612559024545758
12,18,9.734775291792298
12,19,10.243426687462858
12,20,12.245142984552908
12,21,14.13950535582062
12,22,15.243469770212315
12,23,16.957895236932
12,24,18.18643349512026
12,25,19.142541929535085
12,26,22.123287914353128
12,27,22.360485930025746
12,28,18.639279625817696
12,29,19.365339159339175
12,30,16.75157169387488
12,31,13.97385701719316
12,32,15.52633764680435
12,33,15.97734222176769
12,34,12.460748389925971
12,35,11.419604656728346
12,36,14.345510741815511
12,37,13.866507716331226
12,38,10.55508887018179
12,39,12.437135343648183
12,40,15.550861360193137
12,41,14.229418634097422
12,42,12.098241592772686
12,43,14.556332475653308
12,44,12.786496962974208
12,45,13.001305823086094
12,46,10.84358598887754
12,47,9.281857799973903
12,48,11.384569733141424
12,49,10.335105426993787
12,50,11.518331071002937
12,51,14.36634600642193
12,52,16.889338575129155
12,53,15.41807802938237
12,54,14.33892460981662
12,55,18.087776588609138
12,56,18.79522551861745
12,57,16.531107956843844
12,58,18.08681308672591
12,59,21.39529444161311
12,60,20.829696344177005
12,61,20.753794016351637
12,62,17.255855028112105
12,63,16.64215053170572
12,64,18.465473913181317
12,65,22.20139222211163
12,66,21.41482237896491
12,67,22.65725814107591
12,68,20.331245633648457
12,69,16.948438150315834
12,70,16.236072355068902
12,71,16.916856590633287
12,72,14.523218463718464
12,73,11.311616674571887
12,74,8.624812051873844
12,75,6.175420187004327
12,76,9.34567798427608
12,77,9.891788360707265
12,78,7.060348934481376
12,79,8.891593941666944
12,80,12.099747011201242
12,81,11.637337811575993
12,82,11.502073607045379
12,83,14.069687321054477
12,84,16.23994332423634
12,85,17.19680183512618
12,86,16.0503830836541
13,1,21.139840550334736
13,2,17.293252395235807
13,3,15.923908604851542
13,4,14.422523828122253
13,5,12.263843383352109
13,6,10.39516046629022
13,7,9.729230794182461
13,8,8.670930330677052
13,9,6.134429886449957
13,10,5.0376209812770325
13,11,5.326499064356819
13,12,3.787244334512106
13,14,3.8255008619869817
13,15,5.38787800708696
13,16,5.006729958638054
13,17,6.2838451872550225
13,18,8.654352725287499
13,19,9.787317756613794
13,20,10.686269586433669
13,21,12.327846482184412
13,22,14.311235359587856
13,23,15.90122599808352
13,24,16.36575067763912
13,25,17.15176559776346
13,26,20.462980924998565
13,27,20.852102758815292
13,28,17.225754287722975
13,29,18.556194286075275
13,30,16.04697571313561
13,31,13.150302106912001
13,32,15.422361007647547
13,33,16.349321249011613
13,34,12.929194342281614
13,35,12.26024322088683
13,36,15.741198899066454
13,37,15.582165667178474
13,38,12.801362464242725
13,39,14.853225402660794
13,40,18.068777566902742
13,41,17.09065096980477
13,42,15.400332412800296
13,43,17.72793942235848
13,44,15.724473165100987
13,45,15.227750195632018
13,46,12.432705208277504
13,47,10.867000313123315
13,48,12.755609143825156
13,49,10.61189735733934
13,50,11.438163706909291
13,51,14.890731592636838
13,52,16.777255080691038
13,53,15.098486919263161
13,54,14.968350520842957
13,55,18.718080251750624
13,56,18.934981596540062
13,57,17.02476885770448
13,58,19.24490516961221
13,59,22.167554136613482
13,60,21.319194570073915
13,61,21.852969908999984
13,62,18.376847517681334
13,63,18.45972360354202
13,64,20.800527733386193
13,65,24.51233424754999
13,66,23.10860232181236
13,67,24.525815239217337
13,68,22.643538320134414
13,69,19.04120453619892
13,70,18.44754284709358
13,71,19.71267052455802
13,72,17.385832301596736
13,73,14.08664311875595
13,74,11.686715553213508
13,75,9.40923987450436
13,76,12.812342254011806
13,77,13.616276620125973
13,78,10.83322734919787
13,79,12.435640274944515
13,80,15.80538816576051
13,81,15.238926728300394
13,82,14.715337867554767
13,83,17.358728207179265
13,84,19.737354044080426
13,85,20.898767941482944
13,86,19.82269508768984
14,1,21.31267719594411
14,2,17.547571075463235
14,3,16.94421013246573
14,4,15.532557830677852
14,5,14.200227341826984
14,6,12.111395226652597
14,7,10.335796671777803
14,8,9.91687888469568
14,9,8.557530439916107
14,10,6.024162291305057
14,11,4.890575197632988
14,12,5.405460321083803
14,13,3.8255008619869817
14,15,3.8100356712013155
14,16,5.5851107880972135
14,17,5.4124949725107685
14,18,6.465005478204247
14,19,8.863390293771648
14,20,10.243843039636344
14,21,10.780580603744827
14,22,12.522733042218936
14,23,14.909807132750807
14,24,15.613075134970309
14,25,15.630120616253686
14,26,18.635225219235192
14,27,18.40699216517598
14,28,14.63901276262536
14,29,15.533680849609828
14,30,12.673713864499312
14,31,10.231298731492993
14,32,12.832211368790462
14,33,13.274041087530993
14,34,9.745885422953007
14,35,9.970721244982403
14,36,13.489330415860962
14,37,12.956387579888377
14,38,10.802366751486993
14,39,13.4833519909872
14,40,16.29665726618545
14,41,15.3368762272403
14,42,14.465381669801996
14,43,17.01184983969211
14,44,15.53961035391718
14,45,15.122246251950711
14,46,12.767945298697969
14,47,12.323320950121454
14,48,15.01097545007299
14,49,13.295244637538078
14,50,13.2357941458844
14,51,16.531071525070114
14,52,18.056790910134257
14,53,15.665413861817912
14,54,15.403419212284781
14,55,19.134300384738307
14,56,18.755381882338146
14,57,16.32851893973984
14,58,18.749593756473537
14,59,21.516285345395566
14,60,20.06999811875014
14,61,20.41686451314069
14,62,16.752494227285155
14,63,17.314903826338472
14,64,19.619461068528665
14,65,23.36669876363987
14,66,23.687748267866947
14,67,25.59247843445713
14,68,23.660007246724156
14,69,20.022960145038567
14,70,20.079808059834342
14,71,21.03073417676536
14,72,18.162251250367117
14,73,15.378585225157602
14,74,12.351385133743575
14,75,11.0219793949679
14,76,14.409070974828705
14,77,14.210311869756126
14,78,11.36458605492921
14,79,13.798210749684236
14,80,16.6801549031697
14,81,15.306081850565548
14,82,15.12880422844957
14,83,18.316101971224477
14,84,20.148223843313975
14,85,21.49320952154505
14,86,19.982026544216893
15,1,23.51220285532508
15,2,19.793870610800777
15,3,18.864878210105864
15,4,16.762307735558128
15,5,15.513515831770729
15,6,14.246127972862082
15,7,12.305100363993695
15,8,10.769890309159106
15,9,9.936400470072394
15,10,8.591010202093862
15,11,6.123509488759206
15,12,5.042358920513456
15,13,5.38787800708696
15,14,3.8100356712013155
15,16,3.8186833955551216
15,17,5.374588462506882
15,18,4.938370392172372
15,19,6.11509560685984
15,20,8.64455529848596
15,21,9.79450349007057
15,22,10.525272677894533
15,23,12.791867286925408
15,24,14.314250187583713
15,25,14.80512196509341
15,26,17.49338886207477
15,27,17.477110318373995
15,28,13.730986597737138
15,29,14.341763563927485
15,30,11.883535532181885
15,31,8.962333436558474
15,32,10.56779158517114
15,33,11.25444351118543
15,34,7.913876906580645
15,35,6.9144444594399745
15,36,10.365687063861829
15,37,10.404050735773827
15,38,7.903648861848442
15,39,10.004491280917252
15,40,13.14687546768458
15,41,12.700834816355748
15,42,11.672132352167532
15,43,13.727117133121514
15,44,11.980017039151619
15,45,11.345384836326723
15,46,9.132812804196318
15,47,9.2619629832703
15,48,12.458756295832114
15,49,11.451379873767898
15,50,10.897773029629125
15,51,13.73919111537252
15,52,15.413965324536134
15,53,12.948548610015212
15,54,12.087485984889812
15,55,15.809146976718026
15,56,15.620154310949575
15,57,12.966871438201164
15,58,15.104536633457805
15,59,18.0493590211002
15,60,16.826084181633636
15,61,16.956854396133103
15,62,13.319975900040632
15,63,13.607322148523975
15,64,15.977026213618432
15,65,19.70448570117332
15,66,20.03961648191072
15,67,22.068571663367106
15,68,20.120550732842986
15,69,16.494150303895548
15,70,16.903135888507702
15,71,17.782994521437075
15,72,14.717903392812193
15,73,12.236537102520181
15,74,9.148199394044642
15,75,8.72144698100114
15,76,12.244269868934259
15,77,11.802742407672042
15,78,9.758429692144114
15,79,12.767195281071652
15,80,15.220461664180354
15,81,14.148182900634884
15,82,14.876473524716392
15,83,17.85254303707031
15,84,19.289232219695887
15,85,20.01007538762726
15,86,18.014497302023795
16,1,25.625528090909164
16,2,21.809890822655042
16,3,20.439089518490437
16,4,18.438868140657757
16,5,16.45546749957296
16,6,15.142801608473112
16,7,14.10876009497768
16,8,12.347028870848996
16,9,10.450405151066857
16,10,9.77502529953908
16,11,8.499673511178631
16,12,5.987787528800248
16,13,5.006729958638054
16,14,5.5851107880972135
16,15,3.8186833955551216
16,17,3.7985065167909235
16,18,5.369989537859722
16,19,5.013455631664321
16,20,6.284991277945327
16,21,8.644345391858996
16,22,10.019239907682609
16,23,11.232773731735891
16,24,12.238165762323442
16,25,13.516055349153138
16,26,16.60960664455305
16,27,17.402492052513768
16,28,13.94426901605974
16,29,15.433919455928775
16,30,13.664041510785818
16,31,10.149256271641997
16,32,11.703265786136255
16,33,13.447410990367123
16,34,10.690445315797374
16,35,8.906043376559262
16,36,12.451629823839605
16,37,13.404498172924834
16,38,10.929035394700081
16,39,12.074523989624646
16,40,15.628850754257831
16,41,15.70055517141896
16,42,14.231902393652913
16,43,15.659599821688918
16,44,13.10121424187285
16,45,11.601147345491897
16,46,8.391543627991217
16,47,7.673628892210542
16,48,10.310588712983765
16,49,8.478549698391715
16,50,7.723149929878896
16,51,11.055617020021563
16,52,12.489126684645536
16,53,10.331007617435517
16,54,10.26419940392208
16,55,13.9870947140988
16,56,13.953436358386789
16,57,12.11741666246977
16,58,14.563804117188306
16,59,17.290295903647806
16,60,16.49636545067473
16,61,17.341446908672076
16,62,14.088390578413739
16,63,14.46624614756465
16,64,17.322424123829254
16,65,20.855768224702107
16,66,18.951931381233454
16,67,20.788169748004098
16,68,19.31580391637592
16,69,15.532756978839204
16,70,15.686937470258064
16,71,17.353143972501883
16,72,14.76984683840303
16,73,11.906158838759149
16,74,9.762818940598104
16,75,8.939018520397124
16,76,12.750655934452528
16,77,13.332183408388419
16,78,11.710170406581339
16,79,14.123851677640074
16,80,16.925829022519558
16,81,16.603303767524874
16,82,17.17734948475813
16,83,19.712120408271485
16,84,21.54296443068794
16,85,21.961326974055936
16,86,20.152126214668485
17,1,26.53056293709571
17,2,22.725700207643985
17,3,21.85308538043737
17,4,20.36869820384724
17,5,18.495458289710108
17,6,16.494124132527023
17,7,15.381501605443553
17,8,14.480918036390873
17,9,12.39629361970446
17,10,10.658775382870726
17,11,9.918536372335124
17,12,8.612559024545758
17,13,6.2838451872550225
17,14,5.4124949725107685
17,15,5.374588462506882
17,16,3.7985065167909235
17,18,3.8123780192296124
17,19,5.430974320674327
17,20,5.153774833900745
17,21,6.078571685803933
17,22,8.576184775751623
17,23,10.200632262148279
17,24,10.37996059825901
17,25,10.872825985370232
17,26,14.203272063255662
17,27,14.801228914283483
17,28,11.363363672720952
17,29,13.339702664188172
17,30,11.611919919359753
17,31,8.23511899969013
17,32,10.765999328075724
17,33,12.717666526267392
17,34,10.220701664455314
17,35,9.41898765834282
17,36,13.231209774746748
17,37,14.160492853226732
17,38,12.520881737401274
17,39,14.143713279744961
17,40,17.37259545880559
17,41,17.579776558298406
17,42,16.790336432322967
17,43,18.36099378288971
17,44,16.09849374088072
17,45,14.39180187275788
17,46,11.300515871038153
17,47,11.193877340513598
17,48,13.775931038086979
17,49,11.538558264046296
17,50,10.228301438563431
17,51,13.654275906702178
17,52,14.194674421317885
17,53,11.485754975711254
17,54,12.300984774737813
17,55,15.756750744165775
17,56,14.840997416105738
17,57,13.102820892194625
17,58,16.185380570507434
17,59,18.351329658359454
17,60,16.905579200409107
17,61,18.185789243286834
17,62,14.948480005843718
17,63,16.206793203049884
17,64,19.304525949269348
17,65,22.764029049549393
17,66,21.492993915863618
17,67,23.664833734724834
17,68,22.483757950042353
17,69,18.662697014895308
17,70,19.157871609595826
17,71,20.92485657737309
17,72,18.192559852900725
17,73,15.564357563380655
17,74,13.266581955723705
17,75,12.617438280100187
17,76,16.40980009078051
17,77,16.68535257592522
17,78,14.751001964462738
17,79,17.295078268776585
17,80,20.130360048203812
17,81,19.336939950505663
17,82,19.683585950676598
17,83,22.552918277648214
17,84,24.354975916012656
17,85,25.09803152957213
17,86,23.229936152584333
18,1,27.510034591186752
18,2,23.807183889216525
18,3,23.22352671755585
18,4,21.43843853490179
18,5,20.12269460321847
18,6,18.40946059808281
18,7,16.57874529479872
18,8,15.52911982257623
18,9,14.294937039374158
18,10,12.404469427220608
18,11,10.556458085497079
18,12,9.734775291792298
18,13,8.654352725287499
18,14,6.465005478204247
18,15,4.938370392172372
18,16,5.369989537859722
18,17,3.8123780192296124
18,19,3.8063104671277257
18,20,5.402629550271566
18,21,5.105484145545569
18,22,6.06783309897988
18,23,8.795258650891652
18,24,10.08597816420907
18,25,10.009046820435461
18,26,12.623234283611778
18,27,12.62670385112161
18,28,8.935645944170808
18,29,10.159358889334836
18,30,8.371099194661074
18,31,4.820899561436524
18,32,7.092048147287205
18,33,8.92965006935147
18,34,6.694548850384342
18,35,5.956788531511082
18,36,9.73025191347819
18,37,10.830051332408956
18,38,9.860422782438278
18,39,11.481631615897625
18,40,14.380175552603934
18,41,14.97064072616038
18,42,14.827366002814877
18,43,16.200846888316867
18,44,14.333942966122965
18,45,12.64063214300124
18,46,10.235863790095769
18,47,11.375826569895887
18,48,14.647335183775619
18,49,13.285256941294705
18,50,11.385593967096733
18,51,14.165848218657096
18,52,14.604230219326132
18,53,11.33598815252969
18,54,11.478103993043359
18,55,14.787990459791011
18,56,13.455523609220876
18,57,10.98879589299855
18,58,14.038371323627558
18,59,16.147080016816123
18,60,14.22221086451817
18,61,15.146962323752554
18,62,11.749003715232131
18,63,13.380270704580107
18,64,16.439701630982515
18,65,19.84946749576853
18,66,20.23692951498549
18,67,22.83679730417569
18,68,21.55978316836276
18,69,17.833382451752538
18,70,18.990513096499264
18,71,20.350270800801955
18,72,17.176120543894278
18,73,15.204900440300408
18,74,12.545086736422688
18,75,12.923374540249768
18,76,16.53718936540896
18,77,16.018896071129472
18,78,14.47361595469246
18,79,17.6259662377279
18,80,19.894682044672418
18,81,18.729235108366524
18,82,19.672699996069426
18,83,22.729404153033073
18,84,23.962193058296805
18,85,24.53768868271237
18,86,22.19651510314036
19,1,29.602203291356904
19,2,25.858292943300103
19,3,24.791678098124116
19,4,22.606620726455336
19,5,21.01858352154909
19,6,19.822310944659154
19,7,18.289870695002676
19,8,16.507323366553184
19,9,15.186535335449145
19,10,14.191363984713147
19,11,12.195766564293079
19,12,10.243426687462858
19,13,9.787317756613794
19,14,8.863390293771648
19,15,6.11509560685984
19,16,5.013455631664321
19,17,5.430974320674327
19,18,3.8063104671277257
19,20,3.8069673968285196
19,21,5.6840722971861215
19,22,5.450432800581543
19,23,6.842045397715341
19,24,8.94269464002911
19,25,10.169633390718731
19,26,12.608310773416557
19,27,13.465100495213868
19,28,10.262580121992524
19,29,11.626673855927997
19,30,10.783655605154117
19,31,7.026705103136781
19,32,7.4847917257421255
19,33,10.11063209258696
19,34,8.58570997421806
19,35,6.014995123786413
19,36,9.308051037342482
19,37,11.432649852873881
19,38,10.06797391494839
19,39,10.396891708595321
19,40,13.743370858878405
19,41,14.950300737148025
19,42,14.309752690991306
19,43,14.88189741079958
19,44,12.349095649500255
19,45,9.917555003184075
19,46,7.1024128033580105
19,47,8.56056666088656
19,48,11.798767284903109
19,49,10.834252031956318
19,50,8.29868034758997
19,51,10.630386694324669
19,52,10.99404537026549
19,53,7.724714227796637
19,54,7.687770741354067
19,55,11.025344803089382
19,56,9.99288881664483
19,57,7.760757008900422
19,58,10.795835152266744
19,59,13.026898720675911
19,60,11.72887958281822
19,61,12.910442144567531
19,62,9.845232881537184
19,63,11.135298447506731
19,64,14.531849110147432
19,65,17.762823556307325
19,66,16.645310828513274
19,67,19.229333507724764
19,68,18.217380109047983
19,69,14.463486914438066
19,70,15.808910317138537
19,71,17.50334735907306
19,72,14.527790387708489
19,73,12.733212547794965
19,74,10.75092459378054
19,75,11.657216665238344
19,76,15.206827303551693
19,77,15.059178129024623
19,78,14.322407076769165
19,79,17.369558421597613
19,80,19.46825596970228
19,81,18.939444438294025
19,82,20.298405227881183
19,83,22.92653803964249
19,84,24.11847733634222
19,85,24.11933137518711
19,86,21.64055944797943
20,1,31.40025630286014
20,2,27.588429318624755
20,3,26.48766423783901
20,4,24.653613283872744
20,5,22.663193698894446
20,6,21.079995917298817
20,7,20.048603848793167
20,8,18.577915902486932
20,9,16.57357641619811
20,10,15.45790955679383
20,11,14.294984237376713
20,12,12.245142984552908
20,13,10.686269586433669
20,14,10.243843039636344
20,15,8.64455529848596
20,16,6.284991277945327
20,17,5.153774833900745
20,18,5.402629550271566
20,19,3.8069673968285196
20,21,3.8255640987762116
20,22,5.486072364215909
20,23,5.461597145181356
20,24,5.967356190396413
20,25,7.76261092562315
20,26,10.870313047957325
20,27,12.504993257304742
20,28,9.784550205595352
20,29,12.286113366497272
20,30,12.020212200797724
20,31,8.291663147215782
20,32,9.432721918322928
20,33,12.602297626447626
20,34,11.431093020886637
20,35,9.477441394983387
20,36,12.727590682924102
20,37,14.947212754774913
20,38,13.796594419473823
20,39,14.172021664036974
20,40,17.4788901922799
20,41,18.736811505319288
20,42,18.051985243046097
20,43,18.588268638495403
20,44,15.839650713287702
20,45,13.092423598844881
20,46,9.875144345953293
20,47,10.585689306524594
20,48,13.032912445098658
20,49,11.164112954794042
20,50,8.323345306805157
20,51,11.025422721231935
