1,2,3.828166734595053
1,3,6.5095459583643205
1,4,9.884418168562675
1,5,12.042545811287148
1,6,10.584799746299398
1,7,10.519168227668077
1,8,13.958629946723867
1,9,15.19763654159371
1,10,14.652857585542325
1,11,16.306963703495747
1,12,19.132524462363012
1,13,19.517621227636006
1,14,19.516345539399982
1,15,22.112511554515905
1,16,24.126987823784564
1,17,24.394384852823396
1,18,25.66324269610547
1,19,28.12810109740833
1,20,29.3581952773907
1,21,30.173918355219914
1,22,31.616719141561315
1,23,34.29076630655831
1,24,35.63434456386037
1,25,38.14031952632615
1,26,39.201497501358
1,27,37.870541203887704
1,28,36.03516086991256
1,29,32.71301937282967
1,30,29.057558637247386
1,31,28.212966594332077
1,32,30.842747082687623
1,33,29.578540249669807
1,34,25.993189071786666
1,35,27.48882470166641
1,36,29.882796543298497
1,37,27.05733521536856
1,38,24.835162911516488
1,39,28.13175396244611
1,40,29.2637281116315
1,41,25.972311644524083
1,42,25.316816050296744
1,43,29.052691431129624
1,44,28.87413077968603
1,45,30.372037748557396
1,46,29.42522448255816
1,47,27.78143126178219
1,48,29.311333351612756
1,49,27.680291368671057
1,50,29.61198076112598
1,51,33.02263464970403
1,52,34.869244858044844
1,53,34.016202798982334
1,54,35.28403692068456
1,55,38.76979999845696
1,56,37.47779893399701
1,57,35.0647152743188
1,58,38.23715173307003
1,59,40.374517055584164
1,60,38.101553320653444
1,61,37.95407831658849
1,62,34.107743013215845
1,63,33.91684947128062
1,64,33.97061315511626
1,65,37.13642572517233
1,66,39.62613531970552
1,67,39.300567544818605
1,68,41.768192152745634
1,69,41.4215831451737
1,70,41.59650455495558
1,71,38.93507621453876
1,72,36.665274404956314
1,73,37.460982440366294
1,74,36.410310881454976
1,75,33.53313159187379
1,76,30.19637942636814
1,77,27.843007759979297
1,78,25.00361643759767
1,79,22.476219392622582
1,80,23.278558822204158
1,81,23.068855464769392
1,82,19.550088704189765
1,83,18.65607252534674
1,84,20.319424793511082
1,85,18.37182496465853
1,86,14.853358944020998
1,87,16.519413566265396
1,88,18.57993473670931
1,89,21.979636449047227
1,90,24.633363668727963
2,1,3.828166734595053
2,3,3.8297859102903264
2,4,6.6863550655743635
2,5,8.822821252120443
2,6,7.304010115642656
2,7,6.727715075171803
2,8,10.161141954540158
2,9,11.601642938946858
2,10,11.144669751845127
2,11,12.618073915829644
2,12,15.384192710715233
2,13,16.0305674746319
2,14,16.130713454546253
2,15,18.50613472674122
2,16,20.561322091615413
2,17,21.094811668369626
2,18,22.305802919062902
2,19,24.582237965260784
2,20,25.952065065696456
2,21,26.945382189515357
2,22,28.242100687630895
2,23,30.814468716613845
2,24,32.33839854955527
2,25,34.85488407590704
2,26,35.89649127758348
2,27,34.76781690900207
2,28,32.98371487613062
2,29,29.780087833730015
2,30,26.15032912711238
2,31,25.0383481496841
2,32,27.532834032643315
2,33,26.416772653207016
2,34,22.733203218840917
2,35,23.97491259728186
2,36,26.41792639841514
2,37,23.713624140492122
2,38,21.28396049863276
2,39,24.48976303184646
2,40,25.79455869332914
2,41,22.60601118173456
2,42,21.765678790708215
2,43,25.455798218372212
2,44,25.12861720746087
2,45,26.57817093402714
2,46,25.622647143690234
2,47,23.980799463446058
2,48,25.571701433217378
2,49,24.046045105248485
2,50,25.95281824739703
2,51,29.314229882357612
2,52,31.245876899040663
2,53,30.346278238784745
2,54,31.515934933179008
2,55,35.02488052481883
2,56,33.81966040201578
2,57,31.359343224955857
2,58,34.49632492391724
2,59,36.70912387567187
2,60,34.522240352722804
2,61,34.33065918763442
2,62,30.484562182999053
2,63,30.222582241689494
2,64,30.373650165181235
2,65,33.62523333125078
2,66,36.084435554336416
2,67,35.636265066471985
2,68,38.03339776359765
2,69,37.629302273460574
2,70,37.78806004646362
2,71,35.16464713630132
2,72,32.870470417733515
2,73,33.6340651327881
2,74,32.607771182409095
2,75,29.74458210379132
2,76,26.434418334102322
2,77,24.034362589844797
2,78,21.184455977834006
2,79,18.66336883931594
2,80,19.557426073940253
2,81,19.368030518561028
2,82,15.790732703346588
2,83,15.017316282718708
2,84,16.896678609813957
2,85,14.98588665755107
2,86,11.482644296804486
2,87,13.532469043122799
2,88,15.806805767486663
2,89,19.014334816408972
2,90,21.493045737276006
3,1,6.5095459583643205
3,2,3.8297859102903264
3,4,3.9013454982979145
3,5,5.630164537937184
3,6,5.406081929965532
3,7,6.1618584877414255
3,8,8.580149331539943
3,9,9.982612196930276
3,10,10.825266629155342
3,11,12.470412868894071
3,12,14.43123306019422
3,13,15.475036508307623
3,14,16.40533620708934
3,15,18.34658625623108
3,16,20.015790614404587
3,17,21.166108676695348
3,18,22.635654947172533
3,19,24.38753232664639
3,20,25.73699238327004
3,21,27.260582739673495
3,22,28.49397871514986
3,23,30.685841532659797
3,24,32.42365387810946
3,25,35.12856724939122
3,26,36.30108803103316
3,27,35.56187544444043
3,28,33.97433790560745
3,29,30.958642123690847
3,30,27.446816080638325
3,31,25.8521376210068
3,32,28.133217202797532
3,33,27.35339491480866
3,34,23.548302704647682
3,35,24.1888770970621
3,36,26.696485547256394
3,37,24.234977085290137
3,38,21.339011774492587
3,39,24.143120297781337
3,40,25.717564209965225
3,41,22.63035994631579
3,42,21.167323753650642
3,43,24.66196329904844
3,44,24.073697975008532
3,45,25.58856722288279
3,46,24.53078992184212
3,47,22.44121487287726
3,48,23.55015259971616
3,49,22.12855218331204
3,50,24.486243690102675
3,51,27.65500492577867
3,52,29.849971103763476
3,53,29.309479263181537
3,54,30.308016789075705
3,55,33.95427248355432
3,56,33.13375970947828
3,57,30.719439479335115
3,58,33.76500277298893
3,59,36.20837647269767
3,60,34.36440933372237
3,61,34.10281637623281
3,62,30.292930669890744
3,63,29.724277133037436
3,64,30.03757508329202
3,65,33.427258391326674
3,66,35.60937393852768
3,67,34.806640733042876
3,68,37.07390674322236
3,69,36.5337924253419
3,70,36.33298631446002
3,71,33.76982123856396
3,72,31.676944283303353
3,73,32.153172317900825
3,74,30.835569743795972
3,75,28.21014132556708
3,76,24.7206491364942
3,77,22.278951036453115
3,78,19.880479734695353
3,79,16.947439343236265
3,80,17.43680316830198
3,81,17.820734475933467
3,82,14.500703665665647
3,83,12.898238379207783
3,84,14.963106966755891
3,85,13.870954430196122
3,86,10.080216219627072
3,87,11.376983369525627
3,88,14.286260477792604
3,89,17.122377663604606
3,90,19.964938105995714
4,1,9.884418168562675
4,2,6.6863550655743635
4,3,3.9013454982979145
4,5,3.8476977601110143
4,6,5.70624113750679
4,7,5.384041649169245
4,8,6.096675538958505
4,9,8.588173053733819
4,10,10.14318302632804
4,11,10.835347485557055
4,12,12.398934792533973
4,13,14.331420532058655
4,14,15.383546592359142
4,15,16.5610515722884
4,16,18.392557913309087
4,17,20.122291870844307
4,18,21.255305571790814
4,19,22.570211520633393
4,20,24.309589145457316
4,21,26.071897159537595
4,22,26.869001129922818
4,23,28.895272266234993
4,24,31.020345257683584
4,25,33.601792150533704
4,26,34.57221804909635
4,27,34.138455349147996
4,28,32.48678786757987
4,29,29.75662803295746
4,30,26.301468892171005
4,31,24.500303742683236
4,32,26.349399300790918
4,33,25.591106342768118
4,34,21.801155213392658
4,35,22.030600351025473
4,36,24.296176851840528
4,37,21.875859516951323
4,38,18.743017232384414
4,39,21.22292753124322
4,40,22.750241863212946
4,41,19.676200469923582
4,42,17.87025455571691
4,43,21.25166187074914
4,44,20.742091003845253
4,45,22.536729069923098
4,46,21.776243293585953
4,47,19.694229048355552
4,48,20.78537977672404
4,49,19.875455118594655
4,50,22.33339822488803
4,51,25.223685138200082
4,52,27.746653037333594
4,53,27.123382439937906
4,54,27.716647131823937
4,55,31.422271985177197
4,56,30.883709069160787
4,57,28.2651492470079
4,58,31.074741115331395
4,59,33.76772397084316
4,60,32.06754818511984
4,61,31.510588913413564
4,62,27.748803614137984
4,63,26.815591650364453
4,64,27.001172714085804
4,65,30.37187423749663
4,66,32.331264871842855
4,67,31.433533436099502
4,68,33.756269006533536
4,69,33.34184902806566
4,70,32.96887321320303
4,71,30.29356009066157
4,72,28.405249385790494
4,73,28.962555600010575
4,74,27.42111545976811
4,75,24.759621955527393
4,76,21.177813005567902
4,77,18.979702228079837
4,78,16.744087879322446
4,79,13.915397855077487
4,80,13.919724809840506
4,81,14.223853871107066
4,82,11.173328953151946
4,83,9.21986115890211
4,84,11.095424241434564
4,85,10.302473913573866
4,86,6.486188533408766
4,87,7.615104686179524
4,88,10.754758289453687
4,89,13.343851379169553
4,90,16.17844193249459
5,1,12.042545811287148
5,2,8.822821252120443
5,3,5.630164537937184
5,4,3.8476977601110143
5,6,3.8294581680735833
5,7,5.554936770795167
5,8,5.151587662184985
5,9,6.055947623360535
5,10,8.701524794204447
5,11,10.205783410629174
5,12,10.72626162629426
5,13,12.30237736058258
5,14,14.236238438491041
5,15,15.393744392331707
5,16,16.465902718888792
5,17,18.421027053772708
5,18,20.10194027298797
5,19,21.078766375521084
5,20,22.399528880128287
5,21,24.559327535845
5,22,25.637795470848197
5,23,27.28624143840451
5,24,29.286977208845617
5,25,32.15747697343311
5,26,33.480572237372556
5,27,33.28254617141473
5,28,32.03173797512172
5,29,29.346942075762428
5,30,26.130105251668798
5,31,23.867612921905483
5,32,25.811707139243097
5,33,25.618089477379264
5,34,21.77378639077741
5,35,21.54265144838728
5,36,24.185032088652633
5,37,22.29431080473515
5,38,18.880141033752384
5,39,21.074305087195036
5,40,23.191487630818276
5,41,20.57299283017775
5,42,18.377873443633067
5,43,21.4402516756567
5,44,20.25102437570919
5,45,21.537566149545786
5,46,20.225749471154188
5,47,17.678906148899237
5,48,18.324841060359116
5,49,17.0184087020293
5,50,19.73827229044441
5,51,22.666155785105193
5,52,25.09967618919849
5,53,24.894152236123745
5,54,25.714479872322876
5,55,29.447878213912002
5,56,29.034735364565844
5,57,26.741572217695545
5,58,29.683192040783737
5,59,32.30602566852544
5,60,30.903255590277293
5,61,30.65589506388974
5,62,26.966204410371645
5,63,26.172039484029174
5,64,26.881261291784917
5,65,30.464400472831763
5,66,32.39762090278008
5,67,31.1068598858493
5,68,33.05394797490868
5,69,32.220028417946764
5,70,31.733924980226515
5,71,29.39262949257094
5,72,27.37892661642316
5,73,27.449582670197593
5,74,26.013639538970992
5,75,23.72621112986247
5,76,20.212003418765114
5,77,17.540412806132206
5,78,15.67789662450131
5,79,12.28985746222257
5,80,12.684684681992502
5,81,13.940621780088863
5,82,10.96627526966445
5,83,8.73150813817448
5,84,11.604645180006436
5,85,11.700934415081607
5,86,8.35811936086308
5,87,9.302588182408467
5,88,12.911055102552721
5,89,14.670862891017737
5,90,17.331108168865125
6,1,10.584799746299398
6,2,7.304010115642656
6,3,5.406081929965532
6,4,5.70624113750679
6,5,3.8294581680735833
6,7,3.837891506409271
6,8,5.508896607996349
6,9,5.032380020371633
6,10,6.2966800873707225
6,11,8.885343873316232
6,12,10.050981468608441
6,13,10.535501136201274
6,14,12.176547234352723
6,15,14.195379195330098
6,16,15.220478682436765
6,17,16.454136996156272
6,18,18.411168740535114
6,19,19.93195984128423
6,20,20.895556757685654
6,21,22.707652391479535
6,22,24.21183141353304
6,23,26.111453458512575
6,24,27.70192465722888
6,25,30.64494448255091
6,26,32.14524019311221
6,27,31.611501425001457
6,28,30.439677277387002
6,29,27.477541682293232
6,30,24.23755723112282
6,31,22.134502718665967
6,32,24.541245470044547
6,33,24.383621512923618
6,34,20.525339315350227
6,35,20.73434335451082
6,36,23.696522694221706
6,37,21.84610083016415
6,38,18.716665748263306
6,39,21.34311884302704
6,40,23.592423526945264
6,41,21.07959148667691
6,42,19.37398417197811
6,43,22.585404409615727
6,44,21.25926615614131
6,45,22.089932732106252
6,46,20.442121639389608
6,47,18.154359893819063
6,48,19.20255361740533
6,49,17.302869562451704
6,50,19.555083225238107
6,51,22.89305565699379
6,52,24.834886148672346
6,53,24.476469747670443
6,54,25.8003991277402
6,55,29.397047412995917
6,56,28.51454227193875
6,57,26.418319181230338
6,58,29.660707516957487
6,59,31.920181979864342
6,60,30.268556484445554
6,61,30.39074100571382
6,62,26.644548163746776
6,63,26.38930349123733
6,64,27.29793086762494
6,65,30.917435582623128
6,66,33.22207181630557
6,67,32.09555035890265
6,68,33.95318059109977
6,69,32.968712495099574
6,70,32.884867317761575
6,71,30.7005400118047
6,72,28.29434011445276
6,73,28.386043863159923
6,74,27.43809274099041
6,75,25.07956113774621
6,76,21.8325013640446
6,77,18.8447531833826
6,78,16.512277361272282
6,79,13.273987267476185
6,80,14.64584684457905
6,81,15.633722514824742
6,82,12.148096146395407
6,83,11.004176627530052
6,84,14.149772167870934
6,85,13.498553827006665
6,86,10.294109425901741
6,87,12.258615699627587
6,88,15.530648957081079
6,89,17.57435289348886
6,90,19.84412354965523
7,1,10.519168227668077
7,2,6.727715075171803
7,3,6.1618584877414255
7,4,5.384041649169245
7,5,5.554936770795167
7,6,3.837891506409271
7,8,3.845045167433956
7,9,5.405883203237036
7,10,5.17196428475314
7,11,6.325812475058967
7,12,8.69043876126844
7,13,9.830972629072615
7,14,10.379586925301055
7,15,12.228085745359177
7,16,14.161451927260668
7,17,15.282544234707034
7,18,16.5159638362516
7,19,18.314028661781585
7,20,19.83040850930271
7,21,21.251402493142447
7,22,22.351803017678268
7,23,24.622553095352995
7,24,26.423375694961255
7,25,29.02618083438922
7,26,30.141542388519213
7,27,29.44766709940826
7,28,27.914682362883703
7,29,24.973973984448286
7,30,21.54382207263126
7,31,19.75984344318864
7,32,22.015634656654115
7,33,21.421055691293
7,34,17.578444086234295
7,35,18.131779736485434
7,36,20.82906287875462
7,37,18.62159269559515
7,38,15.70097743606385
7,39,18.63154396485168
7,40,20.52959641310764
7,41,17.806520258219148
7,42,16.49991606940974
7,43,19.954144722302807
7,44,19.053556171692705
7,45,20.15543220642355
7,46,18.970473344016334
7,47,17.272848920391514
7,48,18.99221855821757
7,49,17.536943601849416
7,50,19.327480895933128
7,51,22.644698056205506
7,52,24.64914405347895
7,53,23.711748224642506
7,54,24.804329939903916
7,55,28.342219320844066
7,56,27.27300152358002
7,57,24.831028558991697
7,58,27.97333156427077
7,59,30.261470517929784
7,60,28.298142719901424
7,61,28.16100943969628
7,62,24.340650615777655
7,63,24.056434887141595
7,64,24.608732427405936
7,65,28.092376992125327
7,66,30.529188642877887
7,67,29.742936824333956
7,68,31.8661715100381
7,69,31.20273882147895
7,70,31.371783566068036
7,71,28.94821041554247
7,72,26.498342070855877
7,73,27.069544806581685
7,74,26.21693252266066
7,75,23.471572198180805
7,76,20.301707243362905
7,77,17.612186702813098
7,78,14.743686473340459
7,79,12.13297533476104
7,80,13.578231190444932
7,81,13.648741464428426
7,82,9.884101958369614
7,83,9.646321664919139
7,84,12.385132143084798
7,85,10.84664284504688
7,86,7.9286631706441835
7,87,10.835166932164986
7,88,13.493451393551652
7,89,15.81454060887464
7,90,17.665230127869506
8,1,13.958629946723867
8,2,10.161141954540158
8,3,8.580149331539943
8,4,6.096675538958505
8,5,5.151587662184985
8,6,5.508896607996349
8,7,3.845045167433956
8,9,3.848458785658815
8,10,5.49066007056575
8,11,5.3961593763485025
8,12,6.3148112612744836
8,13,8.689963712832034
8,14,9.942321365338229
8,15,10.640536608469219
8,16,12.371716658329124
8,17,14.391755026174135
8,18,15.487909826437964
8,19,16.53364880050433
8,20,18.319636933991415
8,21,20.242916103271963
8,22,20.962688343637584
8,23,22.838623128160375
8,24,25.034892204265674
8,25,27.64333269607632
8,26,28.703808946173638
8,27,28.476149124867483
8,28,27.068738110511347
8,29,24.49133214448325
8,30,21.272436039574245
8,31,19.026461521289864
8,32,20.79432838459277
8,33,20.51384120004605
8,34,16.68611258784378
8,35,16.461494309087737
8,36,19.06393827938548
8,37,17.18299568262094
8,38,13.792947457004013
8,39,16.171452964282327
8,40,18.34645554223364
8,41,15.874373225072079
8,42,13.920665427612244
8,43,17.094457508853825
8,44,15.904030216104116
8,45,17.090665944518626
8,46,15.96135996644115
8,47,14.003959856821155
8,48,15.544042667942355
8,49,14.502936706446034
8,50,16.549216223014053
8,51,19.583289998824277
8,52,21.949641076945763
8,53,21.119022378546024
8,54,21.848659560894934
8,55,25.503713170043408
8,56,24.82667596843625
8,57,22.28778806924483
8,58,25.24042859241649
8,59,27.805797904445203
8,60,26.153243844113263
8,61,25.819217668225516
8,62,22.068132187237797
8,63,21.406970806271396
8,64,22.07796864478903
8,65,25.665506783367576
8,66,27.837205242744155
8,67,26.744238422066626
8,68,28.763439858224064
8,69,28.03637381837847
8,70,27.949261761265873
8,71,25.54032548273035
8,72,23.24334238755207
8,73,23.67322556175923
8,74,22.607719946599467
8,75,19.971840695982653
8,76,16.69300546904512
8,77,13.985238378981531
8,78,11.406238265991018
8,79,8.532260655940982
8,80,9.771948148557998
8,81,10.222422296060806
8,82,6.644846533929426
8,83,6.091603525347199
8,84,9.320712730465099
8,85,8.596721274160316
8,86,6.294275953000894
8,87,8.932717377953997
8,88,11.77601615888862
8,89,13.316916356388763
8,90,14.961977925399225
9,1,15.19763654159371
9,2,11.601642938946858
9,3,9.982612196930276
9,4,8.588173053733819
9,5,6.055947623360535
9,6,5.032380020371633
9,7,5.405883203237036
9,8,3.848458785658815
9,10,3.8289983808712718
9,11,5.816288538664722
9,12,5.373195445392055
9,13,6.27759384261902
9,14,8.719323731536395
9,15,9.95120214813256
9,16,10.563774604816775
9,17,12.444096276544292
9,18,14.417944270783789
9,19,15.373934788145716
9,20,16.416769299125566
9,21,18.62179883319061
9,22,19.925662807698213
9,23,21.50523423113696
9,24,23.31970614069065
9,25,26.298048760832266
9,26,27.842216504716568
9,27,27.676614148677523
9,28,26.74130661160514
9,29,24.071218545861512
9,30,21.122009330223854
9,31,18.504975706092942
9,32,20.62902774344243
9,33,20.96582403220099
9,34,17.160920056145375
9,35,16.702784941173118
9,36,19.826224574584025
9,37,18.546865362734362
9,38,15.170881070240043
9,39,17.38531042537121
9,40,20.124890237991092
9,41,18.193687822355685
9,42,16.20852456502512
9,43,19.012842494089483
9,44,17.134931484913565
9,45,17.502155532236635
9,46,15.563230241808457
9,47,13.209409145913446
9,48,14.407273353010138
9,49,12.487025264036047
9,50,14.583466891597311
9,51,17.92668983159749
9,52,19.905829862439603
9,53,19.48856135866814
9,54,20.77681819203575
9,55,24.377473041315593
9,56,23.58747158992388
9,57,21.543283626360154
9,58,24.787626991906738
9,59,27.06703776522355
9,60,25.61431925359894
9,61,25.81495909238542
9,62,22.155178555630105
9,63,21.938387718795017
9,64,23.229920373590655
9,65,26.97208333793837
9,66,29.252131435257603
9,67,27.87263791799518
9,68,29.45405512555917
9,69,28.235112176509208
9,70,28.214607457788315
9,71,26.25092082736427
9,72,23.68134356062274
9,73,23.588391771710004
9,74,22.880099677099064
9,75,20.66529452585985
9,76,17.66629239080573
9,77,14.376445691246493
9,78,12.113863712030176
9,79,8.803516801993638
9,80,10.963208202751343
9,81,12.289552351472564
9,82,9.003226737802244
9,83,8.62724987097195
9,84,12.32301026907797
9,85,12.124237137922327
9,86,10.097309072274678
9,87,12.370831157957735
9,88,15.432729517533078
9,89,16.60200705586778
9,90,18.10756823345825
10,1,14.652857585542325
10,2,11.144669751845127
10,3,10.825266629155342
10,4,10.14318302632804
10,5,8.701524794204447
10,6,6.2966800873707225
10,7,5.17196428475314
10,8,5.49066007056575
10,9,3.8289983808712718
10,11,3.8597780391709056
10,12,5.330401996167458
10,13,4.887145006536773
10,14,5.884850727386564
10,15,8.291164429819585
10,16,9.53860041046562
10,17,10.346975006312732
10,18,12.158923264782585
10,19,13.981796773063374
10,20,14.99365827005921
10,21,16.511413927748237
10,22,18.029089326399163
10,23,20.139427539142627
10,24,21.64494009991205
10,25,24.474738125989393
10,26,25.95404264536569
10,27,25.33264056051325
10,28,24.249159560620452
10,29,21.288388365500694
10,30,18.184049204986287
10,31,15.91430852331854
10,32,18.470226524457804
10,33,18.582142650741382
10,34,14.778466973596233
10,35,15.029537254757198
10,36,18.308115594527763
10,37,16.87808908855113
10,38,13.998355950634501
10,39,16.794605399012884
10,40,19.383912483773837
10,41,17.47035320640359
10,42,16.23718169345641
10,43,19.247373143712355
10,44,17.584052494603508
10,45,17.700331982811424
10,46,15.79950675746781
10,47,14.2110684827603
10,48,16.16250511608231
10,49,14.092932046704771
10,50,15.301105741299798
10,51,18.920820469673316
10,52,20.404541730514513
10,53,19.453599943880054
10,54,21.072353009052875
10,55,24.442174938874835
10,56,23.068805944367615
10,57,21.019057556859984
10,58,24.46106180011395
10,59,26.379395043487857
10,60,24.480043027929252
10,61,24.883790990293647
10,62,21.14946928256615
10,63,21.458189720335742
10,64,22.69124963108189
10,65,26.33517966555745
10,66,29.010543625774304
10,67,28.009719892525446
10,68,29.6691562568063
10,69,28.537970290576997
10,70,29.02641679242808
10,71,27.066435339155667
10,72,24.17447556355459
10,73,24.41160476755165
10,74,24.186056905380788
10,75,21.711571042878894
10,76,19.05116926497765
10,77,15.829467660719452
10,78,12.907803609604516
10,79,10.42363582346474
10,80,13.165522145222212
10,81,13.625996068329778
10,82,9.998324456326182
10,83,10.87200207104153
10,84,14.212165444394824
10,85,13.036564646152803
10,86,11.277029155369249
10,87,14.34379401381734
10,88,16.892745060099976
10,89,18.456851070949526
10,90,19.553521615524705
11,1,16.306963703495747
11,2,12.618073915829644
11,3,12.470412868894071
11,4,10.835347485557055
11,5,10.205783410629174
11,6,8.885343873316232
11,7,6.325812475058967
11,8,5.3961593763485025
11,9,5.816288538664722
11,10,3.8597780391709056
11,12,3.883926042972788
11,13,5.495385754387597
11,14,4.951628596089529
11,15,5.987637427699626
11,16,8.57879478737953
11,17,9.838406416227413
11,18,10.446746348143725
11,19,12.14633333047723
11,20,14.074364997565675
11,21,15.39921159896978
11,22,16.13729505391052
11,23,18.46781773784265
11,24,20.473637660794253
11,25,22.89248978521551
11,26,23.88043205171097
11,27,23.350618522989723
11,28,21.899831018270863
11,29,19.175846251102616
11,30,15.944521682682185
11,31,13.761567502100672
11,32,15.82395361547751
11,33,15.582631025101824
11,34,11.721636427087297
11,35,11.924475387880179
11,36,14.89391521721724
11,37,13.21345228374344
11,38,10.252396139723265
11,39,13.195403659249866
11,40,15.588860140860001
11,41,13.621320629632732
11,42,12.561137952529906
11,43,15.66129645853017
11,44,14.303969652379761
11,45,14.733985195691677
11,46,13.426364323257273
11,47,12.475882525924666
11,48,15.061031265213673
11,49,13.789666785287428
11,50,14.595826796752615
11,51,17.933866158083397
11,52,19.684031178980693
11,53,18.157008876916297
11,54,19.27143436258825
11,55,22.626215605611105
11,56,21.27941229730646
11,57,18.758095113442483
11,58,21.974647881414448
11,59,24.09540752571403
11,60,22.007938890492444
11,61,21.986698653021676
11,62,18.17165230112129
11,63,18.24224425762552
11,64,19.144349772510488
11,65,22.71835747786448
11,66,25.416578745320443
11,67,24.62595593981824
11,68,26.524594155957548
11,69,25.715915386767602
11,70,26.338126717067382
11,71,24.12962677683127
11,72,21.273479745392013
11,73,21.97340933870425
11,74,21.74124653694374
11,75,18.91896576005302
11,76,16.346637270319416
11,77,13.501750856639445
11,78,10.106329733483355
11,79,8.484722495905858
11,80,11.201948679766598
11,81,10.77464124845748
11,82,7.164766777835567
11,83,9.206105289312763
11,84,12.021522427248296
11,85,10.400781993740232
11,86,9.637460087374343
11,87,13.05799277567326
11,88,14.932198321256257
11,89,16.286605286747452
11,90,16.779996205859227
12,1,19.132524462363012
12,2,15.384192710715233
12,3,14.43123306019422
12,4,12.398934792533973
12,5,10.72626162629426
12,6,10.050981468608441
12,7,8.69043876126844
12,8,6.3148112612744836
12,9,5.373195445392055
12,10,5.330401996167458
12,11,3.883926042972788
12,13,3.8724612761797164
12,14,5.5380945727319455
12,15,4.966894622109025
12,16,6.126341682787724
12,17,8.694314424777602
12,18,9.839353095011965
12,19,10.371387564098994
12,20,12.093133525560743
12,21,14.296353086156762
12,22,15.007779857517562
12,23,16.614256266746413
12,24,18.82772455264195
12,25,21.53093262140663
12,26,22.806145207532555
12,27,22.852438758123807
12,28,21.88702979823718
12,29,19.53901559144248
12,30,16.809104585460283
12,31,13.892575083190678
12,32,15.581945459317874
12,33,16.16876232576005
12,34,12.498202601548417
12,35,11.502070565861983
12,36,14.68311043503077
12,37,13.878764784113493
12,38,10.478306372446522
12,39,12.459510050066779
12,40,15.543551533495187
12,41,14.2633977288074
12,42,12.452998469085191
12,43,14.876344197080778
12,44,12.677473075901684
12,45,12.556512096203472
12,46,10.615326060182381
12,47,9.004855190467142
12,48,11.314025257951712
12,49,9.912339345733457
12,50,10.955319205667983
12,51,14.270785438619376
12,52,16.2065027314868
12,53,15.055788024653111
12,54,16.15988394982544
12,55,19.675019775776345
12,56,18.702785700045798
12,57,16.396382237949695
12,58,19.636138019433677
12,59,21.904902806571393
12,60,20.326465582496624
12,61,20.45476204475541
12,62,16.785282205234473
12,63,16.712424438741696
12,64,18.20324608244016
12,65,21.977757555754163
12,66,24.416287150242578
12,67,23.084124683990048
12,68,24.572415875321937
12,69,23.35029451906899
12,70,23.71741072960679
12,71,21.81923313101125
12,72,18.94105783927631
12,73,19.102075285149727
12,74,18.87781298450749
12,75,16.466329943845782
12,76,13.97528802979915
12,77,10.64298251651802
12,78,7.793876063116877
12,79,5.572465400409844
12,80,8.97223591899929
12,81,9.586054706098931
12,82,6.74276454917706
12,83,8.502009496350073
12,84,11.75517052391022
12,85,11.323942446574721
12,86,11.017563951102641
12,87,13.746734291937448
12,88,15.895829164724653
12,89,16.41634538896191
12,90,16.732532193002037
13,1,19.517621227636006
13,2,16.0305674746319
13,3,15.475036508307623
13,4,14.331420532058655
13,5,12.30237736058258
13,6,10.535501136201274
13,7,9.830972629072615
13,8,8.689963712832034
13,9,6.27759384261902
13,10,4.887145006536773
13,11,5.495385754387597
13,12,3.8724612761797164
13,14,3.871806560283433
13,15,5.25846730233477
13,16,4.900156881025745
13,17,6.187405431302908
13,18,8.626010195160152
13,19,9.771833082257032
13,20,10.36024588713609
13,21,12.41398763646014
13,22,14.076650941076915
13,23,15.711161404123386
13,24,17.195278947528866
13,25,20.246463608416093
13,26,22.030064421719008
13,27,21.799848147309845
13,28,21.24023639254605
13,29,18.58244874185974
13,30,16.05373820956161
13,31,13.053608029397722
13,32,15.46663870456289
13,33,16.492688010997533
13,34,12.969491057919715
13,35,12.35850785793386
13,36,16.007382705862767
13,37,15.60114489227554
13,38,12.748718717200958
13,39,14.885782051546176
13,40,18.11046839540808
13,41,17.149662781577494
13,42,15.802099591076505
13,43,18.074763470513023
13,44,15.668337874704287
13,45,14.789968215378291
13,46,12.202215609511617
13,47,10.737485181559224
13,48,12.846845516964729
13,49,10.414029289654755
13,50,10.883728027913493
13,51,14.651929970439154
13,52,15.741920514390745
13,53,14.77818248481589
13,54,16.75255599074262
13,55,19.97986485718559
13,56,18.510444337314656
13,57,16.822131674111954
13,58,20.430992153336682
13,59,22.11982847497138
13,60,20.47824791852703
13,61,21.297549117906403
13,62,17.76176109788266
13,63,18.45707623662217
13,64,20.37645225865854
13,65,24.110807997546075
13,66,26.80542172302367
13,67,25.48950348929416
13,68,26.64069578194187
13,69,25.06303922107121
13,70,25.736245192177897
13,71,24.25475501261846
13,72,21.075682640821444
13,73,20.924933980689744
13,74,21.241216593986476
13,75,19.15024693540519
13,76,17.089457166606444
13,77,13.552007269417699
13,78,10.964670050342388
13,79,8.9693510901647
13,80,12.562684393476125
13,81,13.398553596977315
13,82,10.577329318807674
13,83,12.152757099811936
13,84,15.549980310703743
13,85,14.946403603634812
13,86,14.225903814840693
13,87,17.088253975192032
13,88,19.431329356312748
13,89,20.18751266555901
13,90,20.58830953135594
14,1,19.516345539399982
14,2,16.130713454546253
14,3,16.40533620708934
14,4,15.383546592359142
14,5,14.236238438491041
14,6,12.176547234352723
14,7,10.379586925301055
14,8,9.942321365338229
14,9,8.719323731536395
14,10,5.884850727386564
14,11,4.951628596089529
14,12,5.5380945727319455
14,13,3.871806560283433
14,15,3.83329000902315
14,16,5.612521910170918
14,17,5.234740179052748
14,18,6.363969025863842
14,19,8.820243317038562
14,20,10.012656850672618
14,21,10.903572206438877
14,22,12.330278608566886
14,23,14.805781818584348
14,24,16.221479478768668
14,25,18.8109971589968
14,26,20.19543164468089
14,27,19.453188564201167
14,28,18.453192033255096
14,29,15.52571013892953
14,30,12.648172947592348
14,31,10.108469678021711
14,32,12.860404325652219
14,33,13.375410307016633
14,34,9.799527237368741
14,35,10.120231386942583
14,36,13.733018798764224
14,37,13.00333862264759
14,38,10.795252689173871
14,39,13.559061915910393
14,40,16.378736517431637
14,41,15.381632752423727
14,42,14.876805703428484
14,43,17.353203640907864
14,44,15.467280586357852
14,45,14.678563020117027
14,46,12.660666172204888
14,47,12.314972483006375
14,48,15.180639496423982
14,49,13.283188689422273
14,50,12.953993157992128
14,51,16.56027883788635
14,52,17.388807692871993
14,53,15.62275176424545
14,54,17.50666171886637
14,55,20.442747574935705
14,56,18.448187329576974
14,57,16.467019473037034
14,58,20.06068193439173
14,59,21.50382657283942
14,60,19.265645885272342
14,61,20.00725163370578
14,62,16.3661182118045
14,63,17.438387871010413
14,64,19.01217853252929
14,65,22.544527685399448
14,66,25.5903259970314
14,67,24.791474539353022
14,68,26.197012640157237
14,69,24.958598596489125
14,70,26.114425981595144
14,71,24.450915764796108
14,72,21.11351965764898
14,73,21.56485137425132
14,74,22.182204826795466
14,75,19.683746021397543
14,76,17.89684172024872
14,77,14.79524906836251
14,78,11.566157225763176
14,79,10.6464729109964
14,80,14.169330454489073
14,81,13.961723005195758
14,82,11.010782378200282
14,83,13.46912342835855
14,84,16.33971239699272
14,85,14.888558668429733
14,86,14.552739190563129
14,87,17.92443891353874
14,88,19.695651080436534
14,89,20.758756858251953
14,90,20.762232577875658
15,1,22.112511554515905
15,2,18.50613472674122
15,3,18.34658625623108
15,4,16.5610515722884
15,5,15.393744392331707
15,6,14.195379195330098
15,7,12.228085745359177
15,8,10.640536608469219
15,9,9.95120214813256
15,10,8.291164429819585
15,11,5.987637427699626
15,12,4.966894622109025
15,13,5.25846730233477
15,14,3.83329000902315
15,16,3.8862921558774572
15,17,5.404405298887713
15,18,5.076134572890475
15,19,6.168472464094584
15,20,8.51446506575656
15,21,9.94511773684233
15,22,10.326243456200228
15,23,12.491379198941539
15,24,14.690958814596163
15,25,17.053645660694652
15,26,18.12431502415109
15,27,17.9575794425024
15,28,16.933424882906856
15,29,14.60414641280966
15,30,12.038988867243775
15,31,8.953415581791518
15,32,10.718160583141795
15,33,11.57094777651379
15,34,8.088419876149954
15,35,7.1373032243158985
15,36,10.751853325358756
15,37,10.543169298267827
15,38,7.954359382310839
15,39,10.107093970813363
15,40,13.297327029687725
15,41,12.845506203252633
15,42,12.074199132903038
15,43,14.056437904725321
15,44,11.883007552130035
15,45,10.858696957380138
15,46,8.96959134662144
15,47,9.13974370336152
15,48,12.452788042821187
15,49,11.301179221553678
15,50,10.581610148119534
15,51,13.803728475270054
15,52,14.974919915762937
15,53,12.83000309415289
15,54,14.191090487782256
15,55,17.22095148642125
15,56,15.489959213569614
15,57,13.113051458559907
15,58,16.553205658149103
15,59,18.33171323800174
15,60,16.238723278496284
15,61,16.649486099235233
15,62,12.953710276200567
15,63,13.741137932198386
15,64,15.468487200667877
15,65,19.105852139785274
15,66,22.01686833938792
15,67,21.04460660714629
15,68,22.39371437143806
15,69,21.173312534438992
15,70,22.314745352815862
15,71,20.635884072084853
15,72,17.283121365165808
15,73,17.83766870851103
15,74,18.514336236019382
15,75,15.97695339300451
15,76,14.456756547631189
15,77,11.520765276662218
15,78,8.307895019466978
15,79,8.33865843238759
15,80,11.910351620743304
15,81,11.494383552777835
15,82,9.361833875480585
15,83,12.347189770649335
15,84,14.84558356113673
15,85,13.776677681894595
15,86,14.361432772874752
15,87,17.464064153800905
15,88,18.871608841838626
15,89,19.297950302151765
15,90,18.72829294440507
16,1,24.126987823784564
16,2,20.561322091615413
16,3,20.015790614404587
16,4,18.392557913309087
16,5,16.465902718888792
16,6,15.220478682436765
16,7,14.161451927260668
16,8,12.371716658329124
16,9,10.563774604816775
16,10,9.53860041046562
16,11,8.57879478737953
16,12,6.126341682787724
16,13,4.900156881025745
16,14,5.612521910170918
16,15,3.8862921558774572
16,17,3.8606920017576254
16,18,5.538363138335707
16,19,5.163093739372678
16,20,6.0020713684797915
16,21,8.663847810048036
16,22,9.817005685821334
16,23,10.983488023193976
16,24,12.859512179508764
16,25,15.848405372944542
16,26,17.630818635373117
16,27,17.900741645270326
16,28,17.69965181518351
16,29,15.602699830548518
16,30,13.770344415181468
16,31,10.154758856558127
16,32,11.920033451772188
16,33,13.807208395497646
16,34,10.886034724236598
16,35,9.205132925794903
16,36,12.915201022738158
16,37,13.623908435366234
16,38,11.121891265259759
16,39,12.351696772384415
16,40,15.9618789674117
16,41,16.054321654537674
16,42,14.851631758933667
16,43,16.232775468865864
16,44,13.349645028215994
16,45,11.43669562535696
16,46,8.422372361464731
16,47,7.923500083713812
16,48,10.645149533833056
16,49,8.671352719189297
16,50,7.502404682757995
16,51,11.087098035790504
16,52,11.784115718511
16,53,10.185237836375736
16,54,12.288249334490533
16,55,15.293723800975336
16,56,13.63118060160609
16,57,12.04258295651838
16,58,15.748854281998547
16,59,17.26256017294956
16,60,15.755934714131612
16,61,16.82303304768657
16,62,13.513384681724832
16,63,14.598862181958417
16,64,17.088016795425297
16,65,20.769162403160852
16,66,23.476090267902972
16,67,22.002537307237933
16,68,22.729923481192866
16,69,20.877802830608317
16,70,21.893913356680486
16,71,20.808106476732583
16,72,17.350324782899158
16,73,17.085159883700054
16,74,18.07400013225542
16,75,16.238804859895982
16,76,15.044992776341589
16,77,11.657903311736497
16,78,9.453555732158422
16,79,8.965171446033448
16,80,12.775952695129773
16,81,13.382533956935253
16,82,11.681361828411436
16,83,14.017331309190803
16,84,16.910960843845107
16,85,16.559723135206752
16,86,16.912920225938834
16,87,19.644660073713265
16,88,21.466095331479337
16,89,21.55161981272247
16,90,21.111750971151977
17,1,24.394384852823396
17,2,21.094811668369626
17,3,21.166108676695348
17,4,20.122291870844307
17,5,18.421027053772708
17,6,16.454136996156272
17,7,15.282544234707034
17,8,14.391755026174135
17,9,12.444096276544292
17,10,10.346975006312732
17,11,9.838406416227413
17,12,8.694314424777602
17,13,6.187405431302908
17,14,5.234740179052748
17,15,5.404405298887713
17,16,3.8606920017576254
17,18,3.855347519751871
17,19,5.5675013203034
17,20,5.131037445663346
17,21,6.314398708088725
17,22,8.624770838933022
17,23,10.512059890010432
17,24,11.38474210262039
17,25,14.399186261810854
17,26,16.425013083751214
17,27,16.009612437234424
17,28,15.936831758645111
17,29,13.354724494932384
17,30,11.604765409044179
17,31,8.24739665130746
17,32,10.992195852396533
17,33,12.927321761816591
17,34,10.308974280606272
17,35,9.699655109134033
17,36,13.526393608292405
17,37,14.240815601718273
17,38,12.579257679191391
17,39,14.329257280343297
17,40,17.603291195493533
17,41,17.73013434941958
17,42,17.25096805135489
17,43,18.80227238130806
17,44,16.263900738322707
17,45,14.224636648464148
17,46,11.463206591289723
17,47,11.615091897790927
17,48,14.334485333334442
17,49,12.106440325762485
17,50,10.46574363653462
17,51,13.955410972400127
17,52,13.749264826435907
17,53,11.902957597197378
17,54,14.555285209738752
17,55,16.96077876308211
17,56,14.525403985516089
17,57,13.387335813933984
17,58,17.224366813058346
17,59,17.99601006537833
17,60,16.0219851321899
17,61,17.627926391475786
17,62,14.47331685871517
17,63,16.36338032626525
17,64,18.79088629273367
17,65,22.226942840421707
17,66,25.293224549308107
17,67,24.205350797471876
17,68,24.890118865522496
17,69,23.067082460503958
17,70,24.55964873875364
17,71,23.618379139088276
17,72,19.979382857378273
17,73,19.91005776818648
17,74,21.323749921842563
17,75,19.44410036216452
17,76,18.521867385612893
17,77,15.328631900394226
17,78,12.851519546561109
17,79,12.555617479689973
17,80,16.366329487909177
17,81,16.590147896203426
17,82,14.501221955703054
17,83,17.03618725030929
17,84,19.91771413737067
17,85,19.006547059818573
17,86,19.13473369144003
17,87,22.23644458634166
17,88,23.99006142921998
17,89,24.488343386094794
17,90,24.051530053832884
18,1,25.66324269610547
18,2,22.305802919062902
18,3,22.635654947172533
18,4,21.255305571790814
18,5,20.10194027298797
18,6,18.411168740535114
18,7,16.5159638362516
18,8,15.487909826437964
18,9,14.417944270783789
18,10,12.158923264782585
18,11,10.446746348143725
18,12,9.839353095011965
18,13,8.626010195160152
18,14,6.363969025863842
18,15,5.076134572890475
18,16,5.538363138335707
18,17,3.855347519751871
18,19,3.8631482192244695
18,20,5.510094552209126
18,21,5.237644523225483
18,22,5.99376018033024
18,23,8.87869657870514
18,24,10.392678920167587
18,25,12.573934207473025
18,26,13.833693904063065
18,27,13.274980945096818
18,28,12.636982845731104
18,29,10.176665453442116
18,30,8.291749043619506
18,31,4.696088998952023
18,32,7.246883779660203
18,33,9.103111288130357
18,34,6.7467399196368145
18,35,6.250697695830918
18,36,9.96366240956861
18,37,10.900025172879905
18,38,9.943954904665988
18,39,11.661717238053567
18,40,14.622415625188928
18,41,15.123394244125905
18,42,15.253435058255844
18,43,16.5848873185948
18,44,14.446463307833836
18,45,12.420405288407073
18,46,10.442648924425807
18,47,11.778829736509481
18,48,15.119608000008531
18,49,13.798254769968635
18,50,11.724029689153971
18,51,14.655016311662704
18,52,14.604522603308071
18,53,11.857477734458337
18,54,13.876875403281282
18,55,16.012940949335675
18,56,13.30579732225366
18,57,11.557983815128148
18,58,15.185642249764907
18,59,15.938338849583745
18,60,13.397974167340747
18,61,14.685498591157225
18,62,11.417832790359196
18,63,13.574773189637009
18,64,15.73543555977986
18,65,18.966180595542294
18,66,22.24551849514695
18,67,21.55094729272715
18,68,22.43909839790843
18,69,20.991085990064924
18,70,22.881129650615204
18,71,21.753441562918372
18,72,18.053625188601348
18,73,18.616523334230834
18,74,20.248661869600284
18,75,18.033629016255105
18,76,17.495016138545285
18,77,14.87957917398744
18,78,12.115591658153406
18,79,12.927228616266266
18,80,16.496410771068433
18,81,15.912978950896573
18,82,14.214219743693405
18,83,17.37567328376869
18,84,19.67083905603593
18,85,18.40406707115212
18,86,19.191345425859026
18,87,22.4210206232665
18,88,23.586835449030456
18,89,23.98538221313859
18,90,23.00610568229355
19,1,28.12810109740833
19,2,24.582237965260784
19,3,24.38753232664639
19,4,22.570211520633393
19,5,21.078766375521084
19,6,19.93195984128423
19,7,18.314028661781585
19,8,16.53364880050433
19,9,15.373934788145716
19,10,13.981796773063374
19,11,12.14633333047723
19,12,10.371387564098994
19,13,9.771833082257032
19,14,8.820243317038562
19,15,6.168472464094584
19,16,5.163093739372678
19,17,5.5675013203034
19,18,3.8631482192244695
19,20,3.818369130448117
19,21,5.443967172696266
19,22,4.960526796737016
19,23,6.342266605308815
19,24,8.891762554694754
19,25,11.233102340252579
19,26,12.60207243434002
19,27,13.147721213511392
19,28,13.064405316110431
19,29,11.622388548711108
19,30,10.643259399982156
19,31,6.787368112642573
19,32,7.49581962009766
19,33,10.266375472772008
19,34,8.536129377904608
19,35,6.120911314894611
19,36,9.501441059143804
19,37,11.447677977521579
19,38,10.138282430156037
19,39,10.554526148089533
19,40,13.993010100919465
19,41,15.191734806701307
19,42,14.763710353016622
19,43,15.298629564967747
19,44,12.56919016478412
19,45,9.784132610036933
19,46,7.348846910062772
19,47,9.104176914722569
19,48,12.343774221362242
19,49,11.482428960644436
19,50,8.792509675965695
19,51,11.200613342383795
19,52,11.156118986369334
19,53,8.135086253975402
19,54,10.022103478163597
19,55,12.217544387257336
19,56,9.766448539930181
19,57,7.991274628500731
19,58,11.758380951203746
19,59,12.765213839887469
19,60,10.799839025802736
19,61,12.165678887487475
19,62,9.09136408344912
19,63,11.135955788162892
19,64,13.97033269740055
19,65,17.311068715584494
19,66,20.256644656501102
19,67,19.05212914913781
