1,2,3.877067465029387
1,3,5.459574457408021
1,4,4.709838568953106
1,5,5.891706538590907
1,6,8.530538617278292
1,7,9.509298057311366
1,8,10.028755110156025
1,9,12.105403466603315
1,10,13.92469239239888
1,11,14.658967542760074
1,12,15.96101854418651
1,13,17.89823160548742
1,14,19.366158424880624
1,15,20.514163751960922
1,16,22.265028416723926
1,17,23.705457341317366
1,18,25.032198567876623
1,19,27.15388222917222
1,20,29.309151276512623
1,21,32.31006031878275
1,22,35.49247552161581
1,23,38.878294006070035
1,24,40.21317381501543
1,25,43.89258042716329
1,26,44.724483835535146
1,27,47.36874325269002
1,28,47.28547821710852
1,29,45.95974502507724
1,30,43.53248919184118
1,31,42.245143162976596
1,32,41.39210030770074
1,33,40.09075458968309
1,34,37.4440475129292
1,35,36.45397868688524
1,36,36.19390680567366
1,37,34.10046258628739
1,38,31.85068361583603
1,39,31.377077044675357
1,40,30.452628448679974
1,41,27.787412401106412
1,42,26.49183060360273
1,43,26.36685880686216
1,44,24.444620039470284
1,45,21.779344320614737
1,46,21.67553719850942
1,47,21.250640119134346
1,48,18.55788950110854
1,49,16.608879477575055
1,50,16.977482745896346
1,51,15.994293880676333
1,52,12.719976339233678
1,53,11.904367063972243
1,54,13.200030757727196
1,55,10.512467786466093
1,56,8.02057447573001
1,57,11.052812213390688
1,58,12.184922562667674
2,1,3.877067465029387
2,3,3.8212516122625324
2,4,5.398062803784594
2,5,5.04102895780221
2,6,6.272640233644451
2,7,8.611674964836899
2,8,9.80260720159269
2,9,10.711631573421664
2,10,12.34621805380887
2,11,14.065436361225272
2,12,15.283751048953581
2,13,16.447175698119423
2,14,18.306896556548505
2,15,19.97098911384126
2,16,21.238982412255844
2,17,22.366873032722
2,18,24.21637483671282
2,19,26.37620456396984
2,20,28.079946840487008
2,21,31.06516968794744
2,22,34.39218716851455
2,23,37.57053028251553
2,24,38.89298242331366
2,25,42.60349820471348
2,26,43.684905500274084
2,27,46.39907352555233
2,28,46.62625645946271
2,29,45.55625375159759
2,30,43.138838159115785
2,31,41.543201417511526
2,32,40.821082187220334
2,33,39.83281402018454
2,34,36.99561250277947
2,35,35.83315738496151
2,36,35.947869891051724
2,37,34.012684469591306
2,38,31.410489348413815
2,39,31.001479859450654
2,40,30.553553714739063
2,41,27.81261397102374
2,42,26.114598526709454
2,43,26.326940327499262
2,44,24.830977751890263
2,45,21.78296299994616
2,46,21.485135152224636
2,47,21.720278501084216
2,48,19.25713128429925
2,49,16.673060430776154
2,50,17.2568979734731
2,51,17.121381972903087
2,52,13.80517935567187
2,53,12.230123955298883
2,54,14.150103300699746
2,55,12.374715964872687
2,56,9.073062272305467
2,57,11.47313398037467
2,58,13.597154148573892
3,1,5.459574457408021
3,2,3.8212516122625324
3,4,3.882595949371567
3,5,5.412146599025387
3,6,5.091743711314755
3,7,6.093159338919572
3,8,8.555667689136573
3,9,9.919740273734204
3,10,10.41457694270869
3,11,12.069955921554067
3,12,14.15592260151257
3,13,15.107298134766213
3,14,16.279346913120968
3,15,18.325445916577742
3,16,20.009901780472987
3,17,20.653440148198953
3,18,22.251322016082806
3,19,24.831682207866375
3,20,26.574048424687117
3,21,29.836085085821622
3,22,32.9523218013877
3,23,36.12641033314051
3,24,37.792401151337714
3,25,41.409153556872035
3,26,42.66185848443667
3,27,45.14678687353576
3,28,45.34282080335091
3,29,44.42108936404587
3,30,41.76226216747866
3,31,40.279535590080684
3,32,39.869626882371676
3,33,38.72473516267891
3,34,35.717607060880276
3,35,34.90288397551366
3,36,35.18714973881037
3,37,32.94607637584287
3,38,30.374224874364227
3,39,30.428838941640617
3,40,29.94477850789062
3,41,26.8871899517659
3,42,25.513908657786033
3,43,26.168932454855426
3,44,24.392278447189685
3,45,21.17893929034641
3,46,21.546983301668355
3,47,21.96899811870148
3,48,19.05973891372882
3,49,16.76337714077311
3,50,18.13782545724809
3,51,17.890042580318795
3,52,14.193256012622799
3,53,13.41344534564554
3,54,15.9390630518971
3,55,13.979778248149422
3,56,11.237998700992797
3,57,14.219639453832574
3,58,16.364618831065208
4,1,4.709838568953106
4,2,5.398062803784594
4,3,3.882595949371567
4,5,3.8230934969251846
4,6,5.540027733798864
4,7,5.024543446199418
4,8,6.041016127331528
4,9,8.65140582489576
4,10,9.778168402813629
4,11,10.233366124570313
4,12,12.12201546745921
4,13,13.991885907011827
4,14,14.977493391832935
4,15,16.31944427917751
4,16,18.369260016966496
4,17,19.520773155861544
4,18,20.65562292102462
4,19,23.035237226193686
4,20,25.233129685343208
4,21,28.42645742336803
4,22,31.452518743941916
4,23,34.8464450382968
4,24,36.428315594572446
4,25,40.03528440344638
4,26,40.99402626009399
4,27,43.465543798543585
4,28,43.37819721167073
4,29,42.195623600332326
4,30,39.585645463723836
4,31,38.345172580836014
4,32,37.74827144912376
4,33,36.36496498164025
4,34,33.554743665987765
4,35,32.817367321069305
4,36,32.75285916147721
4,37,30.429885483604604
4,38,28.141635801670137
4,39,28.074219292018718
4,40,27.210252411088504
4,41,24.2410312235486
4,42,23.15433896628135
4,43,23.515569702332698
4,44,21.42319324595616
4,45,18.491425381997914
4,46,19.011814084846133
4,47,18.965502605199866
4,48,15.860919772565053
4,49,14.021054599603454
4,50,15.38626474145741
4,51,14.613760693245846
4,52,10.844802632827822
4,53,10.766902905660391
4,54,13.201000100499883
4,55,10.891827637347783
4,56,8.891955406420633
4,57,12.428380477350593
4,58,14.219743764978356
5,1,5.891706538590907
5,2,5.04102895780221
5,3,5.412146599025387
5,4,3.8230934969251846
5,6,3.8462488916078406
5,7,5.451461471677628
5,8,5.055539363381635
5,9,6.272023205624318
5,10,8.632873448616555
5,11,9.67421404707007
5,12,10.457192901215446
5,13,12.163656250938361
5,14,14.072730544676247
5,15,15.253854422972386
5,16,16.602752950013006
5,17,18.110414714644588
5,18,19.751067723193543
5,19,21.69367124044735
5,20,23.642776082130926
5,21,26.567436830491573
5,22,29.84725839517758
5,23,33.163211742081195
5,24,34.431578753309346
5,25,38.13315459120321
5,26,39.04340526571148
5,27,41.74263217751472
5,28,41.826795133571416
5,29,40.647370569086824
5,30,38.25969015520249
5,31,36.75702828072189
5,32,35.956203132966806
5,33,34.87869352968135
5,34,32.115224442914915
5,35,30.981404215039756
5,36,30.98200433794019
5,37,29.017030439123793
5,38,26.49537060046557
5,39,26.076239045774997
5,40,25.534174523175572
5,41,22.78928157413034
5,42,21.17391174278847
5,43,21.397752939840483
5,44,19.81784775184228
5,45,16.75740396008064
5,46,16.627385699683114
5,47,16.907375955803378
5,48,14.329374600160838
5,49,11.764195277798784
5,50,12.790314367356896
5,51,12.77545227281819
5,52,9.260918170130429
5,53,8.032098932224029
5,54,10.792861927354219
5,55,9.455626790247432
5,56,6.693120763013337
5,57,9.688378909378269
5,58,12.264321645188005
6,1,8.530538617278292
6,2,6.272640233644451
6,3,5.091743711314755
6,4,5.540027733798864
6,5,3.8462488916078406
6,7,3.899146996039419
6,8,5.51401546924969
6,9,5.188007265305146
6,10,6.1495832361397085
6,11,8.522464027854836
6,12,9.88989474470648
6,13,10.401582777328763
6,14,12.246902953920225
6,15,14.307605087879383
6,16,15.42233405310721
6,17,16.204265990407418
6,18,18.22868327558635
6,19,20.511169976366084
6,20,22.013162964234464
6,21,25.120756917960513
6,22,28.391069244651362
6,23,31.49854720777467
6,24,32.99468438594819
6,25,36.65911783395096
6,26,37.92342429986988
6,27,40.527883897395604
6,28,40.87959920638189
6,29,40.03942294573623
6,30,37.50377320730514
6,31,35.794960068332166
6,32,35.33455405535933
6,33,34.4458454096531
6,34,31.398881660646186
6,35,30.348821096066008
6,36,30.822784022593538
6,37,28.808166347576417
6,38,25.990051241119026
6,39,25.96698631357129
6,40,25.858169091156807
6,41,22.854370322268768
6,42,21.10284634476374
6,43,21.971682708677193
6,44,20.629261561639222
6,45,17.15806291862823
6,46,17.33154028218084
6,47,18.362737549807783
6,48,15.78712701170568
6,49,12.966079424970316
6,50,14.69692925354283
6,51,15.318630909128753
6,52,11.802715663431012
6,53,10.597161298552583
6,54,13.884083257098034
6,55,13.063756094827022
6,56,10.3042134176435
6,57,12.834299438811776
6,58,15.80609494216617
7,1,9.509298057311366
7,2,8.611674964836899
7,3,6.093159338919572
7,4,5.024543446199418
7,5,5.451461471677628
7,6,3.899146996039419
7,8,3.860710249957466
7,9,5.504079703743922
7,10,5.03247752467686
7,11,6.019439261616682
7,12,8.624465123771037
7,13,9.685501486368697
7,14,10.337660028985333
7,15,12.336447936221719
7,16,14.325890938310325
7,17,14.916872564262603
7,18,16.224991912554852
7,19,18.885248489537275
7,20,20.809533219712016
7,21,24.17636401898555
7,22,27.133298178959596
7,23,30.403093346967076
7,24,32.20396733204707
7,25,35.754908712744694
7,26,36.974282229404295
7,27,39.32735041830519
7,28,39.42803678339381
7,29,38.53794359076385
7,30,35.78379299800113
7,31,34.38841213473353
7,32,34.11044391253852
7,33,32.86523065599636
7,34,29.7938814937524
7,35,29.182769522281514
7,36,29.550915785744383
7,37,27.14406610366171
7,38,24.596292636663524
7,39,24.97157869394088
7,40,24.5069755993138
7,41,21.242272041297174
7,42,20.09925946321801
7,43,21.178158801701173
7,44,19.284029993183143
7,45,15.90208117564877
7,46,16.92011529807006
7,47,17.711841242144224
7,48,14.56287496963417
7,49,12.511126512685701
7,50,14.912681079045907
7,51,14.951249499229046
7,52,11.186062858271322
7,53,11.289529581994977
7,54,14.693598402373187
7,55,13.401270337693411
7,56,11.585747907190555
7,57,14.739652572785808
7,58,17.250439260330367
8,1,10.028755110156025
8,2,9.80260720159269
8,3,8.555667689136573
8,4,6.041016127331528
8,5,5.055539363381635
8,6,5.51401546924969
8,7,3.860710249957466
8,9,3.860298341632279
8,10,5.540270365202925
8,11,4.923133421304066
8,12,6.102640650548903
8,13,8.478490975249038
8,14,9.643301757578813
8,15,10.488956699827282
8,16,12.425836268952647
8,17,13.953365560973127
8,18,15.068043223593252
8,19,17.14208415744332
8,20,19.4280514787193
8,21,22.515811304504368
8,22,25.557809873482714
8,23,29.012348534239184
8,24,30.498094687549113
8,25,34.10738660976707
8,26,34.97933969305051
8,27,37.48181107586657
8,28,37.397324920288604
8,29,36.22134700788707
8,30,33.66869498695313
8,31,32.3545292162496
8,32,31.722991415529602
8,33,30.420724091597247
8,34,27.59375273638691
8,35,26.78345895585649
8,36,26.798770457721744
8,37,24.536747517161935
8,38,22.13517154240103
8,39,22.112488432015258
8,40,21.424417014747085
8,41,18.388077517474194
8,42,17.191307287717922
8,43,17.834422197732874
8,44,15.891500774312865
8,45,12.68126173873328
8,46,13.468865932705166
8,47,13.960377341426556
8,48,10.849797877550921
8,49,8.804277422134561
8,50,11.165058061448066
8,51,11.143211838132238
8,52,7.446189070693458
8,53,7.870595597730837
8,54,11.383906926875808
8,55,10.478003422176876
8,56,9.296137465517852
8,57,12.350532792787497
8,58,14.795949006055952
9,1,12.105403466603315
9,2,10.711631573421664
9,3,9.919740273734204
9,4,8.65140582489576
9,5,6.272023205624318
9,6,5.188007265305146
9,7,5.504079703743922
9,8,3.860298341632279
9,10,3.8651017069871783
9,11,5.242037832144867
9,12,4.977432900047916
9,13,5.93901296935311
9,14,8.436001114340138
9,15,9.753073325723433
9,16,10.539490860212366
9,17,11.97713762716518
9,18,13.990259756842876
9,19,15.786340239665378
9,20,17.45910305153903
9,21,20.388245923737763
9,22,23.71044852750177
9,23,26.94773886686614
9,24,28.263068597524423
9,25,31.956036005000158
9,26,33.01513278338295
9,27,35.689367902190085
9,28,35.95272472536738
9,29,35.00276420565246
9,30,32.58060252047299
9,31,30.864777614195997
9,32,30.251118569965886
9,33,29.391820535202257
9,34,26.429743043350072
9,35,25.259170711426666
9,36,25.668096936369167
9,37,23.760920269756117
9,38,20.91148316043407
9,39,20.78353086099717
9,40,20.758628702835697
9,41,17.818899881524615
9,42,15.925610925875564
9,43,16.890151275695573
9,44,15.736395839317588
9,45,12.142284134824452
9,46,12.363064716787227
9,47,13.811036561013504
9,48,11.458158672770518
9,49,8.44318065492829
9,50,10.851052302034875
9,51,12.106590024988192
9,52,9.045146030527228
9,53,8.194076180074966
9,54,12.03465671040964
9,55,12.261603587087286
9,56,10.482935705826266
9,57,12.607123256061262
9,58,15.750640232342029
10,1,13.92469239239888
10,2,12.34621805380887
10,3,10.41457694270869
10,4,9.778168402813629
10,5,8.632873448616555
10,6,6.1495832361397085
10,7,5.03247752467686
10,8,5.540270365202925
10,9,3.8651017069871783
10,11,3.8590882830025857
10,12,5.68375093985827
10,13,5.023153407709225
10,14,6.186748697837779
10,15,8.842387430600617
10,16,10.046337482799347
10,17,10.253143591332782
10,18,12.218134623562918
10,19,14.768231681992416
10,20,16.20674637405741
10,21,19.55091333903241
10,22,22.617930368027462
10,23,25.72880921447254
10,24,27.51496870437166
10,25,31.07882309374177
10,26,32.48444673400646
10,27,34.879069659711156
10,28,35.24633682717907
10,29,34.60873318156655
10,30,31.890183459165144
10,31,30.189921805756676
10,32,30.06012579143959
10,33,29.144944341422462
10,34,25.891342476821823
10,35,25.133952831153938
10,36,25.943714072947216
10,37,23.724901103867822
10,38,20.80113905364509
10,39,21.372482029234842
10,40,21.5125593836779
10,41,18.189567971879477
10,42,16.661246978260845
10,43,18.361327218836486
10,44,17.059686162757387
10,45,13.311091876244113
10,46,14.402071184846712
10,47,16.181117736907684
10,48,13.540543266357329
10,49,11.110988730669522
10,50,14.117340563001857
10,51,15.213336496186217
10,52,12.046255785211844
10,53,11.879938176267212
10,54,15.722924042840752
10,55,15.608077573167991
10,56,13.93931489182139
10,57,16.3477669718473
10,58,19.39255016657992
11,1,14.658967542760074
11,2,14.065436361225272
11,3,12.069955921554067
11,4,10.233366124570313
11,5,9.67421404707007
11,6,8.522464027854836
11,7,6.019439261616682
11,8,4.923133421304066
11,9,5.242037832144867
11,10,3.8590882830025857
11,12,3.85577407857305
11,13,5.323708074672932
11,14,4.939148441698577
11,15,6.345885702708412
11,16,8.806705869563862
11,17,9.61525209784549
11,18,10.423027453058047
11,19,12.979879628368415
11,20,15.233853800526477
11,21,18.62021698677093
11,22,21.406938168809123
11,23,24.825528928658265
11,24,26.672268093339596
11,25,30.158274727698934
11,26,31.252193533921318
11,27,33.51071073330618
11,28,33.48412481367981
11,29,32.572668181209025
11,30,29.777848175661568
11,31,28.465189074523533
11,32,28.24583223673203
11,33,26.912161315177705
11,34,23.814974619787634
11,35,23.36600809398105
11,36,23.78289970156999
11,37,21.249416285949188
11,38,18.728305766152115
11,39,19.414442368493457
11,40,18.994205830850518
11,41,15.543573494314233
11,42,14.66221056582451
11,43,16.24481832980382
11,44,14.320731175358437
11,45,10.807206532224447
11,46,12.670393588751704
11,47,13.959166253822714
11,48,10.843370033275187
11,49,9.356106192838885
11,50,12.803121463068743
11,51,13.297126412252606
11,52,10.237441079596792
11,53,11.264471952154956
11,54,14.944989911797546
11,55,14.632195020202468
11,56,13.921030830209455
11,57,16.628506511302138
11,58,19.19706626275296
12,1,15.96101854418651
12,2,15.283751048953581
12,3,14.15592260151257
12,4,12.12201546745921
12,5,10.457192901215446
12,6,9.88989474470648
12,7,8.624465123771037
12,8,6.102640650548903
12,9,4.977432900047916
12,10,5.68375093985827
12,11,3.85577407857305
12,13,3.877969253016811
12,14,5.398030046278644
12,15,5.078606068493676
12,16,6.392224405002093
12,17,8.566041921827928
12,18,9.791901743065578
12,19,11.279555804989407
12,20,13.546345695541897
12,21,16.47616931088877
12,22,19.569537519577857
12,23,23.050648464700334
12,24,24.427861565939303
12,25,28.043422964413203
12,26,28.88225250090612
12,27,31.426619579111147
12,28,31.42820618238546
12,29,30.346386026770027
12,30,27.85695514677569
12,31,26.363202096717323
12,32,25.75159914668387
12,33,24.645169758317056
12,34,21.72656507856065
12,35,20.788867669759878
12,36,21.062715703485356
12,37,18.92881392012698
12,38,16.24139929575571
12,39,16.371386141341375
12,40,16.146110567174436
12,41,12.996896868484608
12,42,11.49671148543809
12,43,12.839220330672521
12,44,11.402390810070486
12,45,7.678237907116351
12,46,8.985788041057713
12,47,10.711887587612125
12,48,8.218725999697664
12,49,6.142127088056211
12,50,9.731464381033925
12,51,11.002943446708114
12,52,8.723655354341759
12,53,9.36886553747355
12,54,13.007818115386891
12,55,13.65439864803369
12,56,13.199647378596186
12,57,15.211174497732392
12,58,17.931884663748967
13,1,17.89823160548742
13,2,16.447175698119423
13,3,15.107298134766213
13,4,13.991885907011827
13,5,12.163656250938361
13,6,10.401582777328763
13,7,9.685501486368697
13,8,8.478490975249038
13,9,5.93901296935311
13,10,5.023153407709225
13,11,5.323708074672932
13,12,3.877969253016811
13,14,3.877239775451074
13,15,5.532058462522473
13,16,5.2603252156836655
13,17,6.085849785078316
13,18,8.63071689040362
13,19,10.383505887585367
13,20,11.639908220081425
13,21,14.744399546612405
13,22,17.994267428105317
13,23,21.14398482629511
13,24,22.686277190211953
13,25,26.314812249116304
13,26,27.60937379075759
13,27,30.14059454459347
13,28,30.578836694772956
13,29,29.947898172487996
13,30,27.39543757754767
13,31,25.500112778076954
13,32,25.253476394539426
13,33,24.57731858393249
13,34,21.333326645287123
13,35,20.31219870537672
13,36,21.292306540688198
13,37,19.345185462851862
13,38,16.168154164636956
13,39,16.690976878871442
13,40,17.29140196869362
13,41,14.100460144915779
13,42,12.16279648330951
13,43,14.295343865249928
13,44,13.631544574214347
13,45,9.785795029105014
13,46,10.87508903022631
13,47,13.484360169979434
13,48,11.630931316016536
13,49,9.259266772500867
13,50,12.58321399335603
13,51,14.489634076651631
13,52,12.340232514149308
13,53,12.250349949264958
13,54,15.996159755863935
13,55,16.903813789004683
13,56,15.837100966865707
13,57,17.545240008654886
13,58,20.675394509950493
14,1,19.366158424880624
14,2,18.306896556548505
14,3,16.279346913120968
14,4,14.977493391832935
14,5,14.072730544676247
14,6,12.246902953920225
14,7,10.337660028985333
14,8,9.643301757578813
14,9,8.436001114340138
14,10,6.186748697837779
14,11,4.939148441698577
14,12,5.398030046278644
14,13,3.877239775451074
14,15,3.8574176352391225
14,16,5.511932600323672
14,17,4.890013693683604
14,18,6.052519662409909
14,19,8.96569259525367
14,20,10.688279669890276
14,21,14.293547343314959
14,22,16.96002740487197
14,23,20.212717839479403
14,24,22.303248422410867
14,25,25.707164548051374
14,26,27.09843382090375
14,27,29.226329296806863
14,28,29.452041946670388
14,29,28.914532988117156
14,30,26.00618740419656
14,31,24.451918184162704
14,32,24.627323239698267
14,33,23.553905779124836
14,34,20.154679795858485
14,35,19.83711800029787
14,36,20.879878486895127
14,37,18.37691881051341
14,38,15.5081803458411
14,39,16.835601904888364
14,40,17.10649683484179
14,41,13.50990543989117
14,42,12.568949663005531
14,43,15.159486409368753
14,44,13.875226251069794
14,45,10.300610787754504
14,46,12.592558610889434
14,47,14.849983884055012
14,48,12.479335705171561
14,49,11.196620310015247
14,50,14.90621016748161
14,51,16.15509813221417
14,52,13.870078800109066
14,53,14.705511774256705
14,54,18.39051835092485
14,55,18.7855247418663
14,56,18.1362044018072
14,57,20.3373943154812
14,58,23.156100646495698
15,1,20.514163751960922
15,2,19.97098911384126
15,3,18.325445916577742
15,4,16.31944427917751
15,5,15.253854422972386
15,6,14.307605087879383
15,7,12.336447936221719
15,8,10.488956699827282
15,9,9.753073325723433
15,10,8.842387430600617
15,11,6.345885702708412
15,12,5.078606068493676
15,13,5.532058462522473
15,14,3.8574176352391225
15,16,3.846672791518061
15,17,5.39638850121855
15,18,5.001273445917924
15,19,6.7832611332685975
15,20,9.612457006385824
15,21,12.831085629522322
15,22,15.399803380018248
15,23,19.00694582317938
15,24,20.796461824766915
15,25,24.20504519839608
15,26,25.103894541574935
15,27,27.305074722408893
15,28,27.16432433834757
15,29,26.23094378474042
15,30,23.450286123475383
15,31,22.153009443954193
15,32,21.955773947885444
15,33,20.608170865500934
15,34,17.46971582879253
15,35,17.128465587977665
15,36,17.67556692308599
15,37,15.080919621566263
15,38,12.483434684958972
15,39,13.614407997000793
15,40,13.45348598775736
15,41,9.820353496773475
15,42,9.247921574032619
15,43,11.718291142691152
15,44,10.159834386459623
15,45,6.812134786893099
15,46,9.734933110764409
15,47,11.785765878464836
15,48,9.608650416038127
15,49,9.195339270138058
15,50,12.962383370299518
15,51,14.079892054991605
15,52,12.516958361145772
15,53,13.913556774846006
15,54,17.227176513881922
15,55,17.92404666532258
15,56,18.010834892615513
15,57,20.014069283537935
15,58,22.50798680555768
16,1,22.265028416723926
16,2,21.238982412255844
16,3,20.009901780472987
16,4,18.369260016966496
16,5,16.602752950013006
16,6,15.42233405310721
16,7,14.325890938310325
16,8,12.425836268952647
16,9,10.539490860212366
16,10,10.046337482799347
16,11,8.806705869563862
16,12,6.392224405002093
16,13,5.2603252156836655
16,14,5.511932600323672
16,15,3.846672791518061
16,17,3.818154200565951
16,18,5.374751334509094
16,19,5.500401432127891
16,20,7.256748779385183
16,21,10.093206589385538
16,22,13.255541206972005
16,23,16.678231409951685
16,24,18.08184171461243
16,25,21.683344025155694
16,26,22.688285270637394
16,27,25.20907398580652
16,28,25.46219017325873
16,29,24.712683819846113
16,30,22.21888737220198
16,31,20.37508960528905
16,32,20.03926547978727
16,33,19.322429872319848
16,34,16.113395920419197
16,35,15.097860732699235
16,36,16.112565377810068
16,37,14.18732993669811
16,38,10.921058693220907
16,39,11.71876976318
16,40,12.58512990251988
16,41,9.414301675850401
16,42,7.547616011292499
16,43,10.482324781662204
16,44,10.27285459708485
16,45,6.889917966217926
16,46,8.710525904622314
16,47,11.774602513148883
16,48,10.767392069960808
16,49,9.600439148877125
16,50,12.955090449295987
16,51,15.010120687822228
16,52,13.992649406032683
16,53,14.559747547546994
16,54,17.813905049190186
16,55,19.241447841233743
16,56,19.03429194450816
16,57,20.39744825203683
16,58,23.21129094378573
17,1,23.705457341317366
17,2,22.366873032722
17,3,20.653440148198953
17,4,19.520773155861544
17,5,18.110414714644588
17,6,16.204265990407418
17,7,14.916872564262603
17,8,13.953365560973127
17,9,11.97713762716518
17,10,10.253143591332782
17,11,9.61525209784549
17,12,8.566041921827928
17,13,6.085849785078316
17,14,4.890013693683604
17,15,5.39638850121855
17,16,3.818154200565951
17,18,3.876442392642318
17,19,5.59307973973848
17,20,6.043277978788883
17,21,9.648691213756846
17,22,12.454775068986539
17,23,15.522875064954905
17,24,17.57756479324521
17,25,21.00102890689402
17,26,22.591784626257798
17,27,24.78023398706915
17,28,25.334847870626984
17,29,25.113876512844733
17,30,22.312662171146183
17,31,20.33967990805229
17,32,20.708384607364106
17,33,20.127757358886896
17,34,16.543504337386477
17,35,16.020219965495595
17,36,17.72187817986453
17,37,15.620576972167047
17,38,12.298316980656661
17,39,13.984794567458836
17,40,15.19496871291096
17,41,11.91185756073526
17,42,10.582527472501102
17,43,13.924693859562982
17,44,13.685009865128638
17,45,10.491087121869755
17,46,12.524646589756832
17,47,15.54765316835595
17,48,14.244428931088017
17,49,13.062097713487619
17,50,16.528951150876907
17,51,18.463122164512406
17,52,16.989098425443007
17,53,17.51533775287593
17,54,21.01071262359799
17,55,22.12793017960305
17,56,21.57274474775057
17,57,23.180652536572463
17,58,26.15663344387867
18,1,25.032198567876623
18,2,24.21637483671282
18,3,22.251322016082806
18,4,20.65562292102462
18,5,19.751067723193543
18,6,18.22868327558635
18,7,16.224991912554852
18,8,15.068043223593252
18,9,13.990259756842876
18,10,12.218134623562918
18,11,10.423027453058047
18,12,9.791901743065578
18,13,8.63071689040362
18,14,6.052519662409909
18,15,5.001273445917924
18,16,5.374751334509094
18,17,3.876442392642318
18,19,3.858091399503371
18,20,6.03052324260684
18,21,9.6686023552275
18,22,11.556379611492494
18,23,14.97167090852438
18,24,17.36652360948884
18,25,20.50582664117712
18,26,21.819618674809135
18,27,23.627121752180283
18,28,23.6854948448332
18,29,23.27335811818084
18,30,20.179420679102368
18,31,18.780100164368594
18,32,19.329220448404307
18,33,18.12026028003131
18,34,14.561799592423464
18,35,14.832205976440877
18,36,16.213730786759587
18,37,13.473011351136876
18,38,10.761092503275387
18,39,13.138485788945632
18,40,13.689586954568671
18,41,10.133514839664185
18,42,10.131933500461113
18,43,13.553000592041718
18,44,12.640430995695038
18,45,10.085744506790713
18,46,13.07098312417714
18,47,15.517181644948716
18,48,13.949793996059697
18,49,13.830215541441548
18,50,17.452046225281883
18,51,18.78839604654109
18,52,17.48575017532593
18,53,18.795437221988887
18,54,22.091619048721842
18,55,22.920203832242677
18,56,22.932310610628026
18,57,24.83321850526001
18,58,27.437409084603445
19,1,27.15388222917222
19,2,26.37620456396984
19,3,24.831682207866375
19,4,23.035237226193686
19,5,21.69367124044735
19,6,20.511169976366084
19,7,18.885248489537275
19,8,17.14208415744332
19,9,15.786340239665378
19,10,14.768231681992416
19,11,12.979879628368415
19,12,11.279555804989407
19,13,10.383505887585367
19,14,8.96569259525367
19,15,6.7832611332685975
19,16,5.500401432127891
19,17,5.59307973973848
19,18,3.858091399503371
19,20,3.8613066389096358
19,21,6.596657792631624
19,22,8.671718026414005
19,23,12.384935187284539
19,24,14.266482196545338
19,25,17.529547208776634
19,26,18.47933181159284
19,27,20.55616996266607
19,28,20.56433631850939
19,29,19.959597263118038
19,30,17.13737245132782
19,31,15.542367077344386
19,32,15.727360196532565
19,33,14.720144687035445
19,34,11.227239242606059
19,35,11.078299246183654
19,36,12.520760399249081
19,37,10.119262986871187
19,38,7.040250351830933
19,39,9.482923769795812
19,40,10.546633292540243
19,41,7.424991761142408
19,42,7.251141361671379
19,43,10.963154827336954
19,44,10.856698093623999
19,45,9.015259094315061
19,46,11.634234039448765
19,47,14.301195105138888
19,48,13.681531011399658
19,49,13.816564323854747
19,50,17.03460102271247
19,51,18.70856805333251
19,52,18.181613458939193
19,53,19.368439298391316
19,54,22.320015978872583
19,55,23.691309654828093
19,56,23.982407472734405
19,57,25.41308793936969
19,58,27.94691748176059
20,1,29.309151276512623
20,2,28.079946840487008
20,3,26.574048424687117
20,4,25.233129685343208
20,5,23.642776082130926
20,6,22.013162964234464
20,7,20.809533219712016
20,8,19.4280514787193
20,9,17.45910305153903
20,10,16.20674637405741
20,11,15.233853800526477
20,12,13.546345695541897
20,13,11.639908220081425
20,14,10.688279669890276
20,15,9.612457006385824
20,16,7.256748779385183
20,17,6.043277978788883
20,18,6.03052324260684
20,19,3.8613066389096358
20,21,3.8472982465194336
20,22,6.437732954224456
20,23,9.616005338692993
20,24,11.65932050670107
20,25,15.02020621132337
20,26,16.59305728047673
20,27,18.746122104193923
20,28,19.439424609917697
20,29,19.47093340772123
20,30,16.78495311110667
20,31,14.481579702500447
20,32,15.115512845464364
20,33,14.980062388050214
20,34,11.276005267408946
20,35,10.76013641128882
20,36,13.255764950235612
20,37,11.65682501143299
20,38,8.202768251167779
20,39,10.66265739042631
20,40,12.82182642654503
20,41,10.409048955663941
20,42,9.44441074453865
20,43,13.227587354511165
20,44,13.982191235245798
20,45,12.071224963961024
20,46,13.92961716420276
20,47,17.078579421231318
20,48,16.84925429742801
20,49,16.39163186301573
20,50,19.42574251267076
20,51,21.577366639308895
20,52,21.021738247662064
20,53,21.68049665094735
20,54,24.74308899317789
20,55,26.370214694987894
20,56,26.26356161314889
20,57,27.436792405437174
20,58,30.264252476443534
21,1,32.31006031878275
21,2,31.06516968794744
21,3,29.836085085821622
21,4,28.42645742336803
21,5,26.567436830491573
21,6,25.120756917960513
21,7,24.17636401898555
21,8,22.515811304504368
21,9,20.388245923737763
21,10,19.55091333903241
21,11,18.62021698677093
21,12,16.47616931088877
21,13,14.744399546612405
21,14,14.293547343314959
21,15,12.831085629522322
21,16,10.093206589385538
21,17,9.648691213756846
21,18,9.6686023552275
21,19,6.596657792631624
21,20,3.8472982465194336
21,22,3.854232822451623
21,23,6.812990183478863
21,24,8.053427495215356
21,25,11.6125061931327
21,26,13.012204064548074
21,27,15.495313773491217
21,28,16.436338206079807
21,29,16.568532658485342
21,30,14.335326642829108
21,31,11.513370168974328
21,32,11.963752917086467
21,33,12.576136773046825
21,34,9.11454907469586
21,35,7.887438191601036
21,36,11.01399308853958
21,37,10.42385023976366
21,38,7.0294476817934
21,39,9.218008167654872
21,40,12.196878069523711
21,41,10.879814399994608
21,42,9.753148034976673
21,43,13.234043487856734
21,44,14.838032307846923
21,45,13.68015948843101
21,46,14.936395943118294
21,47,18.105711932195852
21,48,18.64553885753733
21,49,18.32582455865349
21,50,20.89758555231873
21,51,23.2834560021907
21,52,23.281968201527118
21,53,23.78441300753844
21,54,26.533990585735
21,55,28.552971241503865
21,56,28.598260217631644
21,57,29.376155346104433
21,58,32.14644497523876
22,1,35.49247552161581
22,2,34.39218716851455
22,3,32.9523218013877
22,4,31.452518743941916
22,5,29.84725839517758
22,6,28.391069244651362
22,7,27.133298178959596
22,8,25.557809873482714
22,9,23.71044852750177
22,10,22.617930368027462
22,11,21.406938168809123
22,12,19.569537519577857
22,13,17.994267428105317
22,14,16.96002740487197
22,15,15.399803380018248
22,16,13.255541206972005
22,17,12.454775068986539
22,18,11.556379611492494
22,19,8.671718026414005
22,20,6.437732954224456
22,21,3.854232822451623
22,23,3.8799986340166557
22,24,6.133061719488624
22,25,8.974282233839869
22,26,10.495978618180258
22,27,12.336463375971372
22,28,13.182043019139643
22,29,13.7321847102496
22,30,11.185447368103977
22,31,8.416554773988912
22,32,9.870300652209695
22,33,10.453472720202772
22,34,6.9182709569825365
22,35,6.989213175826308
22,36,10.537042829203717
22,37,9.912531129275497
22,38,7.649042621404139
22,39,10.596534554162458
22,40,13.2609653636603
22,41,12.329403531469248
22,42,12.24816872042655
22,43,15.573043495689287
22,44,16.93390994559372
22,45,16.329375345419752
22,46,17.97112719489086
22,47,20.803215670192127
22,48,21.289238792494746
22,49,21.45513980246678
22,50,24.08578192496154
22,51,26.196534434418247
22,52,26.271273947217676
22,53,27.103408332266188
22,54,29.789715024862538
22,55,31.674362135504843
22,56,31.93577038048857
22,57,32.85670821723517
22,58,35.48989061561175
23,1,38.878294006070035
23,2,37.57053028251553
23,3,36.12641033314051
23,4,34.8464450382968
23,5,33.163211742081195
23,6,31.49854720777467
23,7,30.403093346967076
23,8,29.012348534239184
23,9,26.94773886686614
23,10,25.72880921447254
23,11,24.825528928658265
23,12,23.050648464700334
23,13,21.14398482629511
23,14,20.212717839479403
23,15,19.00694582317938
23,16,16.678231409951685
23,17,15.522875064954905
23,18,14.97167090852438
23,19,12.384935187284539
23,20,9.616005338692993
23,21,6.812990183478863
23,22,3.8799986340166557
23,24,3.890944574334644
23,25,5.85542134348599
23,26,8.48576832575226
23,27,9.943573241055606
23,28,11.760281197776571
23,29,13.321860882280172
23,30,11.222883292798905
23,31,7.925212144281641
23,32,10.205173873661268
23,33,11.765803795519215
23,34,8.950913918957001
23,35,9.020918804635977
23,36,12.8364180039118
23,37,12.935924259771113
23,38,11.125201330653974
23,39,13.68574395775573
23,40,16.603599179115196
23,41,16.06459670571316
23,42,15.819267040752399
23,43,18.990160978519544
23,44,20.64103121851345
23,45,20.070666444953087
23,46,21.453024757049135
23,47,24.39633355188149
23,48,25.04840450868787
23,49,25.042584641927508
23,50,27.56822994338086
23,51,29.851608521665135
23,52,29.944783305992726
23,53,30.580628564844687
23,54,33.28139899376678
23,55,35.284600854156444
23,56,35.394130916762386
23,57,36.181256820211345
23,58,38.928432439965675
24,1,40.21317381501543
24,2,38.89298242331366
24,3,37.792401151337714
24,4,36.428315594572446
24,5,34.431578753309346
24,6,32.99468438594819
24,7,32.20396733204707
24,8,30.498094687549113
24,9,28.263068597524423
24,10,27.51496870437166
24,11,26.672268093339596
24,12,24.427861565939303
24,13,22.686277190211953
24,14,22.303248422410867
24,15,20.796461824766915
24,16,18.08184171461243
24,17,17.57756479324521
24,18,17.36652360948884
24,19,14.266482196545338
24,20,11.65932050670107
24,21,8.053427495215356
24,22,6.133061719488624
24,23,3.890944574334644
24,25,3.811186243324154
24,26,5.7928516594813555
24,27,8.46311030558572
24,28,10.685734284223345
24,29,12.05541284331653
24,30,11.062830948409387
24,31,7.213797963354535
24,32,8.470183485711573
24,33,11.150154824190105
24,34,9.264058807529096
24,35,8.082571606262222
24,36,11.839204084400476
24,37,13.095946548499688
24,38,11.464074268856585
24,39,13.057580865519139
24,40,16.364244305991594
24,41,16.63223217340254
24,42,15.989759725699535
24,43,18.657793292919536
24,44,20.920319129079473
24,45,20.73173575575933
24,46,21.503486757094915
24,47,24.42094736827227
24,48,25.66343107325887
24,49,25.60934680854082
24,50,27.689187468543075
24,51,30.186493810227976
24,52,30.712264838351434
24,53,31.118691272802813
24,54,33.52373087115059
24,55,35.87554717638446
24,56,36.06748395485275
24,57,36.463689295304164
24,58,39.15127382855662
25,1,43.89258042716329
25,2,42.60349820471348
25,3,41.409153556872035
25,4,40.03528440344638
25,5,38.13315459120321
25,6,36.65911783395096
25,7,35.754908712744694
25,8,34.10738660976707
25,9,31.956036005000158
25,10,31.07882309374177
25,11,30.158274727698934
25,12,28.043422964413203
25,13,26.314812249116304
25,14,25.707164548051374
25,15,24.20504519839608
25,16,21.683344025155694
25,17,21.00102890689402
25,18,20.50582664117712
25,19,17.529547208776634
25,20,15.02020621132337
25,21,11.6125061931327
25,22,8.974282233839869
25,23,5.85542134348599
25,24,3.811186243324154
25,26,3.865787869479544
25,27,5.321614047855573
25,28,8.433104922557199
25,29,10.813033004469872
25,30,10.346959122848988
25,31,6.814020266351497
25,32,8.909116619975075
25,33,11.844693864671903
25,34,10.791361274137634
25,35,10.423364678341228
25,36,13.83791274248525
25,37,15.259416956683287
25,38,14.37518144407007
25,39,16.07592104200633
25,40,19.117096003199006
25,41,19.642929269569027
25,42,19.404739526419117
25,43,21.937999933865907
25,44,24.1148402790144
25,45,24.184766281881316
25,46,25.0764326707533
25,47,27.837724938442623
25,48,29.099023641103162
25,49,29.243670760142653
25,50,31.31816521710714
25,51,33.71408455328692
25,52,34.30354907878051
25,53,34.82940276767893
25,54,37.18993204959993
25,55,39.51529338271661
25,56,39.79694485485584
25,57,40.218948862214155
25,58,42.851851709103094
26,1,44.724483835535146
26,2,43.684905500274084
26,3,42.66185848443667
26,4,40.99402626009399
26,5,39.04340526571148
26,6,37.92342429986988
26,7,36.974282229404295
26,8,34.97933969305051
26,9,33.01513278338295
26,10,32.48444673400646
26,11,31.252193533921318
26,12,28.88225250090612
26,13,27.60937379075759
26,14,27.09843382090375
26,15,25.103894541574935
26,16,22.688285270637394
26,17,22.591784626257798
26,18,21.819618674809135
26,19,18.47933181159284
26,20,16.59305728047673
26,21,13.012204064548074
26,22,10.495978618180258
26,23,8.48576832575226
26,24,5.7928516594813555
26,25,3.865787869479544
26,27,3.855655327851371
26,28,6.0370809267674685
26,29,7.728098836690612
26,30,8.402351792742035
26,31,5.204264400422471
26,32,6.183081543077809
26,33,9.62195777487587
26,34,9.812254283507514
26,35,9.239469435512458
26,36,11.919178663373069
26,37,14.013106004439798
26,38,13.908012821086281
26,39,15.078284329574412
26,40,17.85787976239495
26,41,19.086724638638444
26,42,19.120624996997837
26,43,21.122632598089613
26,44,23.423535356653076
26,45,24.096302297900476
26,46,24.82896343563903
26,47,27.233784043490097
26,48,28.83819625843866
26,49,29.33478706614825
26,50,31.113250765680707
26,51,33.36707110640306
26,52,34.362026634087876
26,53,35.031218371950246
26,54,37.06581488834392
26,55,39.50138791021081
26,56,40.109913172246955
26,57,40.38845233740709
26,58,42.77221589021811
27,1,47.36874325269002
27,2,46.39907352555233
27,3,45.14678687353576
27,4,43.465543798543585
27,5,41.74263217751472
27,6,40.527883897395604
27,7,39.32735041830519
27,8,37.48181107586657
27,9,35.689367902190085
27,10,34.879069659711156
27,11,33.51071073330618
27,12,31.426619579111147
27,13,30.14059454459347
27,14,29.226329296806863
27,15,27.305074722408893
27,16,25.20907398580652
27,17,24.78023398706915
27,18,23.627121752180283
27,19,20.55616996266607
27,20,18.746122104193923
27,21,15.495313773491217
27,22,12.336463375971372
27,23,9.943573241055606
27,24,8.46311030558572
27,25,5.321614047855573
27,26,3.855655327851371
27,28,3.846334698480672
27,29,7.180781435661233
27,30,7.7866105231719756
27,31,5.897578589252835
27,32,8.197170408566917
27,33,10.757316504185237
27,34,11.242088380544834
27,35,11.860713922073739
27,36,14.291465468820794
27,37,15.873457405526137
27,38,16.277716932877215
27,39,17.956495809226936
27,40,20.33498695792998
27,41,21.402485321522764
27,42,21.93572486330249
27,43,24.065870233318115
27,44,26.004934552570216
27,45,26.743063987375976
27,46,27.85367695831984
27,47,30.132247913399713
27,48,31.48573294267401
27,49,32.20199469899731
27,50,34.18005811871122
27,51,36.23201226751982
27,52,37.10316196938855
27,53,38.00684154924071
27,54,40.12842912223471
27,55,42.37569711066195
27,56,43.05958080526086
27,57,43.55001845471692
27,58,45.89524462592957
28,1,47.28547821710852
28,2,46.62625645946271
28,3,45.34282080335091
28,4,43.37819721167073
28,5,41.826795133571416
28,6,40.87959920638189
28,7,39.42803678339381
28,8,37.397324920288604
28,9,35.95272472536738
28,10,35.24633682717907
28,11,33.48412481367981
28,12,31.42820618238546
28,13,30.578836694772956
28,14,29.452041946670388
28,15,27.16432433834757
28,16,25.46219017325873
28,17,25.334847870626984
28,18,23.6854948448332
28,19,20.56433631850939
28,20,19.439424609917697
28,21,16.436338206079807
28,22,13.182043019139643
28,23,11.760281197776571
28,24,10.685734284223345
28,25,8.433104922557199
28,26,6.0370809267674685
28,27,3.846334698480672
28,29,3.8249907271449066
28,30,4.9253512710336
28,31,5.090666469045495
28,32,7.008300225198815
28,33,8.538152483828258
28,34,10.016866183802797
28,35,11.366012234578289
28,36,12.916164771703343
28,37,14.325220517656499
28,38,15.618263586824796
28,39,17.310624033196326
28,40,19.049757836201664
28,41,20.38021603073014
28,42,21.513694431344707
28,43,23.35435243592483
28,44,24.97413157719541
28,45,26.16873575682975
28,46,27.503564238749668
28,47,29.36681968280557
28,48,30.692291322788456
28,49,31.86138035176113
28,50,33.79572797461454
28,51,35.511668582610746
28,52,36.55013092243052
28,53,37.78527946463075
28,54,39.72720959447874
28,55,41.83945863411085
28,56,42.8516657634105
28,57,43.455319588241935
28,58,45.543872756399715
29,1,45.95974502507724
29,2,45.55625375159759
29,3,44.42108936404587
29,4,42.195623600332326
29,5,40.647370569086824
29,6,40.03942294573623
29,7,38.53794359076385
29,8,36.22134700788707
29,9,35.00276420565246
29,10,34.60873318156655
29,11,32.572668181209025
29,12,30.346386026770027
29,13,29.947898172487996
29,14,28.914532988117156
29,15,26.23094378474042
29,16,24.712683819846113
29,17,25.113876512844733
29,18,23.27335811818084
29,19,19.959597263118038
29,20,19.47093340772123
29,21,16.568532658485342
29,22,13.7321847102496
29,23,13.321860882280172
29,24,12.05541284331653
29,25,10.813033004469872
29,26,7.728098836690612
29,27,7.180781435661233
29,28,3.8249907271449066
29,30,3.876285205393285
29,31,5.455989543533162
29,32,5.368938300630567
29,33,6.022193983989766
29,34,8.787170948394428
29,35,10.046995847330603
29,36,10.481872509557185
29,37,12.151512540683274
29,38,14.153746789504282
29,39,15.390945978184057
29,40,16.627447226851388
29,41,18.441403517330993
29,42,19.862476736274967
29,43,21.2181071871135
29,44,22.75997587570603
29,45,24.43140334405268
29,46,25.691673603747248
29,47,27.167573251703256
29,48,28.674742065139135
29,49,30.16060925131327
29,50,31.86454784381501
29,51,33.369427179559175
29,52,34.69682376557947
29,53,36.08931424414977
29,54,37.753381866778774
29,55,39.873013336282746
29,56,41.16946042980628
29,57,41.711115741510056
29,58,43.55111805355319
30,1,43.53248919184118
30,2,43.138838159115785
30,3,41.76226216747866
30,4,39.585645463723836
30,5,38.25969015520249
30,6,37.50377320730514
30,7,35.78379299800113
30,8,33.66869498695313
30,9,32.58060252047299
30,10,31.890183459165144
30,11,29.777848175661568
30,12,27.85695514677569
30,13,27.39543757754767
