1,2,3.8731167918998763
1,3,5.741218502745991
1,4,5.384185554038691
1,5,5.968799661452187
1,6,8.638314512764204
1,7,9.955006866729425
1,8,10.63775267542506
1,9,12.318283839143605
1,10,14.22233912557273
1,11,15.203675673821115
1,12,16.654759212971793
1,13,18.34869956793121
1,14,19.847849229438438
1,15,21.028777213646944
1,16,22.699328863820845
1,17,24.344115188004952
1,18,25.78680192458671
1,19,27.288734856181335
1,20,28.609838237743055
1,21,30.35226888160479
1,22,32.25783831683749
1,23,34.21434326534121
1,24,37.08351402700405
1,25,40.48449112682216
1,26,43.67251557675815
1,27,44.92396620226004
1,28,48.65503371881934
1,29,49.65122116284429
1,30,52.401676000625365
1,31,52.56030798316731
1,32,51.360835987227
1,33,48.99342194238769
1,34,47.48875355668438
1,35,46.6288765268675
1,36,45.55918036477335
1,37,42.84889127672709
1,38,41.655808425250065
1,39,41.53687672588197
1,40,39.652111235256505
1,41,37.213839212765855
1,42,36.573374160647994
1,43,35.85732842680492
1,44,33.260258418429075
1,45,31.53862742540578
1,46,31.495737644924986
1,47,29.8769426763617
1,48,27.13526807320716
1,49,26.562822785284002
1,50,26.17104760274316
1,51,23.86820831058106
1,52,21.57935720584321
1,53,21.820498161969045
1,54,20.926622500990234
1,55,18.065937624421103
1,56,16.549783570396606
1,57,17.331329504230244
1,58,15.056483929949575
1,59,12.010799875797659
1,60,13.868390995760809
1,61,14.69736079023504
2,1,3.8731167918998763
2,3,3.8670886755486955
2,4,5.543760940544455
2,5,4.976792178976297
2,6,6.107381375792857
2,7,8.564534889219216
2,8,9.962812581412374
2,9,10.594359195465085
2,10,12.162531930012376
2,11,14.05174656564205
2,12,15.529437677161862
2,13,16.452140530373526
2,14,18.162940840024397
2,15,19.922947691702642
2,16,21.223889811938314
2,17,22.482948086105974
2,18,24.36599840189773
2,19,26.03526909621786
2,20,26.884291088997664
2,21,28.614497528400896
2,22,30.868231953076794
2,23,32.699097010642184
2,24,35.79356378154765
2,25,39.07610621047239
2,26,42.18955884472644
2,27,43.72630184216352
2,28,47.39257278899367
2,29,48.62077668866685
2,30,51.20111164724507
2,31,51.43835617221202
2,32,50.44936602988004
2,33,47.87629538661649
2,34,46.36727181584797
2,35,45.81155602239773
2,36,44.70657637577305
2,37,41.789587740932944
2,38,40.82852348243722
2,39,40.9651419465947
2,40,38.85954581136882
2,41,36.33504134497724
2,42,36.08721077553169
2,43,35.479399851124825
2,44,32.59062685452315
2,45,31.00518030360977
2,46,31.413031099125032
2,47,29.66476691444758
2,48,26.646095319091117
2,49,26.504187740237878
2,50,26.49606288506012
2,51,23.867319278566764
2,52,21.517311903192038
2,53,22.411940149904346
2,54,21.685097354156284
2,55,18.401151932021328
2,56,17.189547935199393
2,57,18.727148895700093
2,58,16.456725637703595
2,59,13.46400119896241
2,60,15.918167153109364
2,61,17.293808110037777
3,1,5.741218502745991
3,2,3.8670886755486955
3,4,3.8685246488850122
3,5,5.511968039912184
3,6,5.203408786926236
3,7,6.156233322626747
3,8,8.755352359701034
3,9,9.997263762881847
3,10,10.426659643031996
3,11,12.075258046447
3,12,14.41024962083365
3,13,15.27435050182778
3,14,16.225048250392675
3,15,18.23086656274644
3,16,20.038250907182253
3,17,20.881440527899112
3,18,22.434938311388287
3,19,24.5541909430118
3,20,25.529694557566568
3,21,26.80002634851272
3,22,29.133869150638052
3,23,31.318841841879426
3,24,34.50614506205628
3,25,37.63263394692617
3,26,40.92544641977616
3,27,42.55846540997749
3,28,46.17858366154719
3,29,47.24239537757182
3,30,49.70336743091557
3,31,49.68262553464125
3,32,48.53869344898981
3,33,45.89283986340861
3,34,44.650506397812144
3,35,44.08211850252711
3,36,42.697922433624726
3,37,39.87656387243247
3,38,39.14412248354738
3,39,39.05581949722351
3,40,36.75337870614598
3,41,34.49054259021835
3,42,34.333912095720564
3,43,33.38568978208983
3,44,30.449056081025038
3,45,29.243964812554466
3,46,29.566575586619972
3,47,27.44574829926271
3,48,24.6124183411014
3,49,24.828602828575175
3,50,24.515438929025894
3,51,21.572536743633943
3,52,19.6981536523522
3,53,20.83538348049087
3,54,19.604196113404402
3,55,16.17385262418431
3,56,15.710263551770117
3,57,17.254613130080806
3,58,14.489969634347327
3,59,12.155651357019046
3,60,15.263216864847118
3,61,16.36940368671094
4,1,5.384185554038691
4,2,5.543760940544455
4,3,3.8685246488850122
4,5,3.8601953149626946
4,6,5.430922182486943
4,7,4.93021611088449
4,8,6.17009391228604
4,9,8.612914303447333
4,10,9.704394282604497
4,11,10.21376636967415
4,12,12.325483105627661
4,13,14.09591583840818
4,14,14.9800007456053
4,15,16.24100743407456
4,16,18.342616653576812
4,17,19.724582138135382
4,18,20.86193457782292
4,19,22.67601885316012
4,20,24.14063379938396
4,21,25.545799062991566
4,22,27.463930409734907
4,23,29.697858000036906
4,24,32.63743808772786
4,25,35.91342674585328
4,26,39.251524544452245
4,27,40.5878348586179
4,28,44.278256691608235
4,29,45.15118793245019
4,30,47.79515890546693
4,31,47.76423849646276
4,32,46.47564244062884
4,33,44.0408829673731
4,34,42.71782636031679
4,35,41.87826924192802
4,36,40.611725890845015
4,37,37.9415496385962
4,38,36.931022400872344
4,39,36.69452384845974
4,40,34.6445047699013
4,41,32.361884207042976
4,42,31.84753205503949
4,43,30.92766466228887
4,44,28.23722641390527
4,45,26.784125870776016
4,46,26.79495977991229
4,47,24.899314758086057
4,48,22.18936582684891
4,49,21.969007675938812
4,50,21.508827372485065
4,51,18.885978372823462
4,52,16.84611152633481
4,53,17.52879051790871
4,54,16.392292471474455
4,55,13.19785766432916
4,56,12.29585155522135
4,57,13.592460068588487
4,58,11.02056803488763
4,59,8.379941888854457
4,60,11.396327448140841
4,61,12.663117903987708
5,1,5.968799661452187
5,2,4.976792178976297
5,3,5.511968039912184
5,4,3.8601953149626946
5,6,3.8334853395577717
5,7,5.537863757606223
5,8,5.335632412839314
5,9,6.367401224804022
5,10,8.733551801802525
5,11,9.914827795996207
5,12,10.917727737561645
5,13,12.457314264645076
5,14,14.287642807318424
5,15,15.48530194940879
5,16,16.840376463332923
5,17,18.55174358377918
5,18,20.214277688988016
5,19,21.573735301920944
5,20,22.729897533843413
5,21,24.633541195886927
5,22,26.575111106335147
5,23,28.37740964252581
5,24,31.300873128812373
5,25,34.69180165343758
5,26,37.82005600604073
5,27,39.16387211399373
5,28,42.874384712867474
5,29,44.003460808884356
5,30,46.69946628145862
5,31,46.971664317151394
5,32,45.944091425375106
5,33,43.506396604570966
5,34,41.889073816471324
5,35,41.19800987251313
5,36,40.22905200841627
5,37,37.36331265449136
5,38,36.20655514192816
5,39,36.34906539443225
5,40,34.42182816292156
5,41,31.80296646047498
5,42,31.389115019708623
5,43,30.931052607288226
5,44,28.151564111946275
5,45,26.333333935128298
5,46,26.714108460219553
5,47,25.20793244390146
5,48,22.12501906893308
5,49,21.7484882429041
5,50,21.939405237590584
5,51,19.53240581303265
5,52,16.87834538365293
5,53,17.74351954451898
5,54,17.438112095932823
5,55,14.210230724640098
5,56,12.604123015839738
5,57,14.542834292830953
5,58,12.844104911741956
5,59,9.575662199703716
5,60,12.09188257136104
5,61,14.253224320336315
6,1,8.638314512764204
6,2,6.107381375792857
6,3,5.203408786926236
6,4,5.430922182486943
6,5,3.8334853395577717
6,7,3.8775651986678317
6,8,5.51106968860889
6,9,5.113253722944984
6,10,6.087451702269571
6,11,8.490040592306006
6,12,10.038167253556074
6,13,10.484626483291702
6,14,12.144904650368966
6,15,14.198319138139839
6,16,15.399716031493817
6,17,16.411458060412745
6,18,18.402704736087667
6,19,20.199597266340692
6,20,20.899195145775824
6,21,22.538582040699357
6,22,24.902403120788513
6,23,26.763198219060023
6,24,29.9696387967338
6,25,33.15099415777753
6,26,36.29689831022465
6,27,37.97623413303868
6,28,41.59330613991785
6,29,42.86281995818424
6,30,45.32779248781238
6,31,45.54222020451599
6,32,44.63889087547418
6,33,41.965652541763205
6,34,40.48513197878391
6,35,40.08664979213555
6,36,38.9383205370287
6,37,35.92321171696075
6,38,35.12075234919766
6,39,35.39565656743731
6,40,33.15150614880288
6,41,30.592602028963842
6,42,30.624136949804775
6,43,30.09354973122612
6,44,27.00907391948539
6,45,25.546982938673082
6,46,26.3331564987693
6,47,24.50959291285509
6,48,21.271273685222827
6,49,21.544814736425305
6,50,21.947590649372863
6,51,19.08259866931769
6,52,16.68410196738683
6,53,18.32759892680844
6,54,17.906809858331837
6,55,14.28968452443349
6,56,13.493284590343968
6,57,16.01918334841351
6,58,14.114108485137534
6,59,11.479620460951258
6,60,14.60728345454709
6,61,16.817295954906868
7,1,9.955006866729425
7,2,8.564534889219216
7,3,6.156233322626747
7,4,4.93021611088449
7,5,5.537863757606223
7,6,3.8775651986678317
7,8,3.831257765597687
7,9,5.471331827256465
7,10,5.0272790820574915
7,11,5.930061276586238
7,12,8.6575377767316
7,13,9.766739442448056
7,14,10.289855477066975
7,15,12.113996969825083
7,16,14.199211602113069
7,17,15.097543007467229
7,18,16.37168580238727
7,19,18.501192080340374
7,20,19.705104127080183
7,21,20.90311153650857
7,22,23.072094385628542
7,23,25.369898407078797
7,24,28.504895556245103
7,25,31.621948451661307
7,26,34.988076429738065
7,27,36.56553020984895
7,28,40.18189256317523
7,29,41.15312451717268
7,30,43.62021243561206
7,31,43.55916524048991
7,32,42.39204712092367
7,33,39.77923348291042
7,34,38.52660741816364
7,35,37.9275247780568
7,36,36.556652786653345
7,37,33.741882130349936
7,38,32.993350223176684
7,39,32.91951445903615
7,40,30.62570170596826
7,41,28.334913845860715
7,42,28.214877178863535
7,43,27.320222124315602
7,44,24.336034066007972
7,45,23.125445486757307
7,46,23.5962463424946
7,47,21.49041739634606
7,48,18.52513813182737
7,49,18.9147378028632
7,50,18.86704267689389
7,51,15.819089713289038
7,52,13.849137806623538
7,53,15.500946227572058
7,54,14.571656593322514
7,55,10.876688886319705
7,56,10.73986516511838
7,57,13.16026916177198
7,58,10.91671483217891
7,59,8.98807888419711
7,60,12.602703948182102
7,61,14.569110206251613
8,1,10.63775267542506
8,2,9.962812581412374
8,3,8.755352359701034
8,4,6.17009391228604
8,5,5.335632412839314
8,6,5.51106968860889
8,7,3.831257765597687
8,9,3.8131107020611745
8,10,5.475505372398768
8,11,4.926193699867139
8,12,6.200273615618093
8,13,8.528965934184495
8,14,9.6892496724085
8,15,10.399416529282153
8,16,12.317568878762323
8,17,14.131069494688791
8,18,15.264352502515964
8,19,16.69222473539995
8,20,18.258992599901653
8,21,19.946739459624336
8,22,21.653880016179787
8,23,23.71504384533899
8,24,26.57052369237196
8,25,29.926441403643402
8,26,33.20684705387397
8,27,34.48012124264729
8,28,38.187381244898994
8,29,39.12345603891168
8,30,41.813551255909815
8,31,41.92992078929673
8,32,40.775289273099446
8,33,38.37818477456345
8,34,36.85915321143533
8,35,36.06962836419824
8,36,35.00787495214395
8,37,32.22971410366408
8,38,31.091180900174887
8,39,31.100037235145532
8,40,29.155616303796606
8,41,26.625353119865164
8,42,26.176385872884868
8,43,25.61413155582343
8,44,22.845982647512578
8,45,21.103617021498447
8,46,21.47160815321475
8,47,19.88644613874046
8,48,16.801711973011706
8,49,16.557767850924517
8,50,16.80687337286912
8,51,14.299163717113148
8,52,11.634340073462718
8,53,12.903739048554597
8,54,12.729766365024755
8,55,9.325218965768604
8,56,8.026261019618193
8,57,10.781221718208364
8,58,9.520832009762401
8,59,6.929094926221128
8,60,10.028216226350278
8,61,12.754391301998584
9,1,12.318283839143605
9,2,10.594359195465085
9,3,9.997263762881847
9,4,8.612914303447333
9,5,6.367401224804022
9,6,5.113253722944984
9,7,5.471331827256465
9,8,3.8131107020611745
9,10,3.877914054968832
9,11,5.428666349351484
9,12,5.287728040465557
9,13,6.142812936475107
9,14,8.561456231446787
9,15,9.899766951321018
9,16,10.668672038439777
9,17,12.340165521015566
9,18,14.36166573304493
9,19,15.592421399743971
9,20,16.43947031308699
9,21,18.495431130548578
9,22,20.542154506850704
9,23,22.174092739018352
9,24,25.22085355647322
9,25,28.54482639485877
9,26,31.621677760752235
9,27,33.13924510830812
9,28,36.801375339386006
9,29,38.088605548126765
9,30,40.66890334491326
9,31,41.03914060793028
9,32,40.22036345558576
9,33,37.665371349884346
9,34,35.96019237052887
9,35,35.51883940565575
9,36,34.623941401730974
9,37,31.564098495659934
9,38,30.533865647941724
9,39,31.004451051462528
9,40,28.971609340618297
9,41,26.169788106605246
9,42,26.13930421931138
9,43,25.98180948648755
9,44,22.947256249457514
9,45,21.11727825200749
9,46,22.13592351213268
9,47,20.73614530374846
9,48,17.248002095712717
9,49,17.324543978118186
9,50,18.340722819622073
9,51,15.81852718010757
9,52,12.884315768499457
9,53,14.791661816017326
9,54,15.26173542148236
9,55,11.845963025889574
9,56,10.602051847643086
9,57,13.877340707910806
9,58,13.094920822264859
9,59,10.570249956343991
9,60,13.295296907455418
9,61,16.333327035199115
10,1,14.22233912557273
10,2,12.162531930012376
10,3,10.426659643031996
10,4,9.704394282604497
10,5,8.733551801802525
10,6,6.087451702269571
10,7,5.0272790820574915
10,8,5.475505372398768
10,9,3.877914054968832
10,11,3.868809344262025
10,12,5.663210159247176
10,13,5.097533647828618
10,14,6.103076471418793
10,15,8.685049028050248
10,16,9.961572925331742
10,17,10.475918190868699
10,18,12.41851669897605
10,19,14.511042668757055
10,20,15.140869403135634
10,21,16.509638074196022
10,22,18.968092815471383
10,23,20.99668062356984
10,24,24.318418438929186
10,25,27.34813785445162
10,26,30.59298059346719
10,27,32.407203630679405
10,28,35.95938208866688
10,29,37.19088634279959
10,30,39.52354928045109
10,31,39.639251793938705
10,32,38.7647713014589
10,33,35.99656192223782
10,34,34.60743636995477
10,35,34.338633880112084
10,36,33.086263557632
10,37,30.010167441413355
10,38,29.41342665469058
10,39,29.76538758653016
10,40,27.349477639686242
10,41,24.822908899302757
10,42,25.169333272087226
10,43,24.651212819612734
10,44,21.36343289622795
10,45,20.144144749199448
10,46,21.343710123627364
10,47,19.38849111779933
10,48,15.97333452901454
10,49,16.866237478841107
10,50,17.711213628515637
10,51,14.610111037193027
10,52,12.382799128608864
10,53,14.989112871514232
10,54,14.904892671716928
10,55,11.215140643629379
10,56,11.273612921231607
10,57,14.655891885113302
10,58,13.398714780788945
10,59,11.811772858843476
10,60,15.103207822479089
10,61,17.758023434474563
11,1,15.203675673821115
11,2,14.05174656564205
11,3,12.075258046447
11,4,10.21376636967415
11,5,9.914827795996207
11,6,8.490040592306006
11,7,5.930061276586238
11,8,4.926193699867139
11,9,5.428666349351484
11,10,3.868809344262025
11,12,3.89191333542143
11,13,5.502884899881667
11,14,5.064006152497313
11,15,6.203784174827043
11,16,8.742211230043951
11,17,9.851187303168334
11,18,10.649340656916904
11,19,12.661680853153346
11,20,14.221764728471967
11,21,15.402809509609177
11,22,17.275109034666347
11,23,19.65896707169124
11,24,22.695505916805065
11,25,25.826895540124113
11,26,29.253353643940176
11,27,30.742625071398844
11,28,34.36032848181582
11,29,35.24805257927197
11,30,37.74197315045513
11,31,37.68097809760782
11,32,36.520384548920575
11,33,33.95985325930194
11,34,32.639199587298855
11,35,32.010564445934286
11,36,30.714412671895357
11,37,27.882042622696137
11,38,27.068986891216188
11,39,27.07329047590315
11,40,24.82900282741064
11,41,22.434249399199203
11,42,22.363015303411952
11,43,21.634718567493497
11,44,18.584799269912967
11,45,17.2756248935255
11,46,18.02816109344984
11,47,16.056534832469154
11,48,12.82001751123404
11,49,13.443060824449113
11,50,13.9687251911046
11,51,10.92204299190436
11,52,8.684279341287086
11,53,11.222128768107089
11,54,11.06533533838524
11,55,7.434995184404716
11,56,7.760995341756905
11,57,11.236266480728032
11,58,10.337003700147209
11,59,9.386004314683406
11,60,12.555948229263608
11,61,15.214544690269229
12,1,16.654759212971793
12,2,15.529437677161862
12,3,14.41024962083365
12,4,12.325483105627661
12,5,10.917727737561645
12,6,10.038167253556074
12,7,8.6575377767316
12,8,6.200273615618093
12,9,5.287728040465557
12,10,5.663210159247176
12,11,3.89191333542143
12,13,3.8566688576720654
12,14,5.339978712390977
12,15,4.937478547944737
12,16,6.174005667849439
12,17,8.58104593325459
12,18,9.811861727265509
12,19,10.67765934795777
12,20,12.219695818535754
12,21,14.262424489990746
12,22,15.785074473383123
12,23,17.595109661242606
12,24,20.44321330787454
12,25,23.833309851296764
12,26,27.04486171724675
12,27,28.361030623861627
12,28,32.05832277073687
12,29,33.12676811883567
12,30,35.79066305868561
12,31,36.069786031633264
12,32,35.12874341876587
12,33,32.70060954085117
12,34,30.984419584771338
12,35,30.37049185787839
12,36,29.511170960259896
12,37,26.547200449766127
12,38,25.377359804467204
12,39,25.77058908305464
12,40,23.86235102573387
12,41,21.03079711221259
12,42,20.86598845719913
12,43,20.790764546420032
12,44,17.84067493247824
12,45,15.848895687655707
12,46,16.94048656587779
12,47,15.744344861368784
12,48,12.149342108512922
12,49,12.206669174287331
12,50,13.662783974319685
12,51,11.39969555643051
12,52,8.212675147390716
12,53,10.663599235940746
12,54,11.83841709618163
12,55,8.903858879546375
12,56,7.943308395533714
12,57,11.763917279885286
12,58,12.052623700690027
12,59,10.599534343594666
12,60,12.880989875935873
12,61,16.1695000416138
13,1,18.34869956793121
13,2,16.452140530373526
13,3,15.27435050182778
13,4,14.09591583840818
13,5,12.457314264645076
13,6,10.484626483291702
13,7,9.766739442448056
13,8,8.528965934184495
13,9,6.142812936475107
13,10,5.097533647828618
13,11,5.502884899881667
13,12,3.8566688576720654
13,14,3.838030701385978
13,15,5.558420555091336
13,16,5.18011207783939
13,17,6.255617583189429
13,18,8.815162679988614
13,19,10.105045098143808
13,20,10.436053340557546
13,21,12.463206812571737
13,22,14.743620634845243
13,23,16.31469129332056
13,24,19.59106562856654
13,25,22.727125216244563
13,26,25.821391602546125
13,27,27.60914476221287
13,28,31.176436904045367
13,29,32.57997609605764
13,30,34.96031655266354
13,31,35.33376933307125
13,32,34.69879940804295
13,33,31.973831512113893
13,34,30.284272170581627
13,35,30.149185266948454
13,36,29.22214461521972
13,37,25.971922668223844
13,38,25.222280573490632
13,39,26.00172199078292
13,40,23.758625297579126
13,41,20.86709694054074
13,42,21.402678822236105
13,43,21.477013453102757
13,44,18.140330065216787
13,45,16.546563961811042
13,46,18.362037363663163
13,47,16.983603473470005
13,48,13.20847304233338
13,49,14.142038163441843
13,50,16.007751903855265
13,51,13.441289680780413
13,52,10.79023227380701
13,53,13.849917226066312
13,54,14.906105527271718
13,55,11.847152849271742
13,56,11.606918832188596
13,57,15.431185919261644
13,58,15.381776766764165
13,59,14.039494984295105
13,60,16.609823368163955
13,61,19.794194105610416
14,1,19.847849229438438
14,2,18.162940840024397
14,3,16.225048250392675
14,4,14.9800007456053
14,5,14.287642807318424
14,6,12.144904650368966
14,7,10.289855477066975
14,8,9.6892496724085
14,9,8.561456231446787
14,10,6.103076471418793
14,11,5.064006152497313
14,12,5.339978712390977
14,13,3.838030701385978
14,15,3.867998020935506
14,16,5.437761917372911
14,17,5.017722448665256
14,18,6.341269965839943
14,19,8.891896410459387
14,20,9.723406815935961
14,21,10.615047170698652
14,22,12.984374519444406
14,23,15.333592942926478
14,24,18.686503212926766
14,25,21.5553200234146
14,26,24.956276317543804
14,27,26.813453771911664
14,28,30.30200043681624
14,29,31.39870087902993
14,30,33.63761339862882
14,31,33.619213679580966
14,32,32.71677891950581
14,33,29.909501990180424
14,34,28.608754642329373
14,35,28.393229418577093
14,36,27.046885428425824
14,37,23.950273871150493
14,38,23.517449411650905
14,39,23.90773879851733
14,40,21.35895339484952
14,41,18.87031812973765
14,42,19.519039048020748
14,43,19.034924696057768
14,44,15.564932778961083
14,45,14.626484200226816
14,46,16.316269864739688
14,47,14.312857219750715
14,48,10.75199286925652
14,49,12.465504336039144
14,50,13.908926790943676
14,51,10.847889101867608
14,52,9.112153873504141
14,53,12.66443214976031
14,54,13.125018466742318
14,55,10.136934022731493
14,56,11.123798737447036
14,57,14.7690617760461
14,58,14.491430677393913
14,59,14.104516225652235
14,60,16.93150013575302
14,61,19.708858122366046
15,1,21.028777213646944
15,2,19.922947691702642
15,3,18.23086656274644
15,4,16.24100743407456
15,5,15.48530194940879
15,6,14.198319138139839
15,7,12.113996969825083
15,8,10.399416529282153
15,9,9.899766951321018
15,10,8.685049028050248
15,11,6.203784174827043
15,12,4.937478547944737
15,13,5.558420555091336
15,14,3.867998020935506
15,16,3.8993569782325532
15,17,5.500664334265533
15,18,5.155633248624974
15,19,6.52738897688988
15,20,8.726518469530872
15,21,10.019967239785698
15,22,11.296407993959514
15,23,13.670809134678427
15,24,16.55197542971917
15,25,19.728466636802413
15,26,23.185462733092212
15,27,24.573079807924273
15,28,28.19445003492446
15,29,29.047156475246585
15,30,31.577621566376088
15,31,31.596213096131883
15,32,30.527671548836004
15,33,28.026007642233605
15,34,26.533363343253836
15,35,25.92896560355032
15,36,24.819929113984323
15,37,21.895362146156835
15,38,20.966185393981355
15,39,21.226348593244456
15,40,19.08746104634131
15,41,16.421268852834324
15,42,16.513841493381562
15,43,16.23559018655301
15,44,13.071353427738226
15,45,11.484475766905714
15,46,12.950110012729578
15,47,11.45576121109252
15,48,7.706799408055123
15,49,8.810210482406255
15,50,10.676701304776019
15,51,8.26499168167482
15,52,5.920708333781827
15,53,9.495307576720615
15,54,10.774922360705323
15,55,8.582167074093409
15,56,9.151593544424573
15,57,12.750494140697926
15,58,13.430728304864667
15,59,13.318469068239667
15,60,15.453141582393183
15,61,18.400635377878228
16,1,22.699328863820845
16,2,21.223889811938314
16,3,20.038250907182253
16,4,18.342616653576812
16,5,16.840376463332923
16,6,15.399716031493817
16,7,14.199211602113069
16,8,12.317568878762323
16,9,10.668672038439777
16,10,9.961572925331742
16,11,8.742211230043951
16,12,6.174005667849439
16,13,5.18011207783939
16,14,5.437761917372911
16,15,3.8993569782325532
16,17,3.841349660604753
16,18,5.400639480959785
16,19,5.152008712249153
16,20,6.102311360655084
16,21,8.681145929326231
16,22,10.139610364929247
16,23,11.539311995020833
16,24,14.581086720105636
16,25,17.88079041415932
16,26,21.015542877974358
16,27,22.580737491289888
16,28,26.20562461744994
16,29,27.507425833633906
16,30,30.011009713786553
16,31,30.45398724870976
16,32,29.835686856123857
16,33,27.26388656510652
16,34,25.382087685067464
16,35,25.151970604490703
16,36,24.458868289089025
16,37,21.20450771192066
16,38,20.2136663441171
16,39,21.183741176418625
16,40,19.186340108851578
16,41,16.041750339188653
16,42,16.575028602227054
16,43,17.12047544277336
16,44,13.902900728038585
16,45,11.933920591769349
16,46,14.23933450149629
16,47,13.495819252808438
16,48,9.639671924459826
16,49,10.601998870385449
16,50,13.375714938726501
16,51,11.627229667405196
16,52,9.089838596998538
16,53,12.309429591664111
16,54,14.269051006279255
16,55,12.279955328409605
16,56,12.150869730493994
16,57,15.841020865201804
16,58,16.820193141184532
16,59,16.156298628801437
16,60,18.017933561319975
16,61,21.302561618332742
17,1,24.344115188004952
17,2,22.482948086105974
17,3,20.881440527899112
17,4,19.724582138135382
17,5,18.55174358377918
17,6,16.411458060412745
17,7,15.097543007467229
17,8,14.131069494688791
17,9,12.340165521015566
17,10,10.475918190868699
17,11,9.851187303168334
17,12,8.58104593325459
17,13,6.255617583189429
17,14,5.017722448665256
17,15,5.500664334265533
17,16,3.841349660604753
17,18,3.8684169247027467
17,19,5.546851264408685
17,20,4.91214021513737
17,21,6.237985869379139
17,22,8.944256687432429
17,23,10.738463257522142
17,24,14.320142298680294
17,25,17.052265689756716
17,26,20.28435117590075
17,27,22.39832919091731
17,28,25.797259204520095
17,29,27.194364748360115
17,30,29.291730245785615
17,31,29.52398547443972
17,32,29.001639918664715
17,33,26.074196912608127
17,34,24.538528682464968
17,35,24.729339362493985
17,36,23.636431511744338
17,37,20.233147635913795
17,38,19.948839014291746
17,39,20.96947599272611
17,40,18.41237822471324
17,41,15.590142267320246
17,42,16.909170303311164
17,43,17.114785478642926
17,44,13.496594951643589
17,45,12.552232608867174
17,46,15.258170764597093
17,47,13.873073576915841
17,48,10.254018683559382
17,49,12.4003417294158
17,50,14.887185414521651
17,51,12.589673998709085
17,52,11.056531852382019
17,53,14.706020094588531
17,54,16.01168341126581
17,55,13.822485911736786
17,56,14.602368915927695
17,57,18.242686042240916
17,58,18.687002732952926
17,59,18.390985201034592
17,60,20.728020829126724
17,61,23.744281293973536
18,1,25.78680192458671
18,2,24.36599840189773
18,3,22.434938311388287
18,4,20.86193457782292
18,5,20.214277688988016
18,6,18.402704736087667
18,7,16.37168580238727
18,8,15.264352502515964
18,9,14.36166573304493
18,10,12.41851669897605
18,11,10.649340656916904
18,12,9.811861727265509
18,13,8.815162679988614
18,14,6.341269965839943
18,15,5.155633248624974
18,16,5.400639480959785
18,17,3.8684169247027467
18,19,3.883541376009224
18,20,5.382498587942039
18,21,5.117787772032526
18,22,6.788930164236167
18,23,9.692476818874011
18,24,12.907561553651387
18,25,15.562051429483803
18,26,19.155448028407474
18,27,20.963092427736598
18,28,24.37172665344089
18,29,25.27073349764251
18,30,27.44675765144825
18,31,27.30720654973692
18,32,26.37997650484272
18,33,23.581424393997235
18,34,22.306400813435594
18,35,22.116774006337153
18,36,20.745255308295025
18,37,17.609342089967242
18,38,17.29828608250929
18,39,17.809358425845218
18,40,15.176970444988243
18,41,12.63448386330915
18,42,13.728445116019705
18,43,13.484117202030673
18,44,9.82939877044462
18,45,9.255111066177777
18,46,11.808334612714788
18,47,10.135500262936578
18,48,6.725262499951856
18,49,9.500178885430753
18,50,11.821311006199357
18,51,9.697840221421313
18,52,9.035867891622164
18,53,12.700512789563541
18,54,13.889284276075527
18,55,12.397754950111361
18,56,13.761506643853625
18,57,17.011767744828656
18,58,17.7304949777979
18,59,18.176052261704754
18,60,20.289965339068218
18,61,23.02360516357114
19,1,27.288734856181335
19,2,26.03526909621786
19,3,24.5541909430118
19,4,22.67601885316012
19,5,21.573735301920944
19,6,20.199597266340692
19,7,18.501192080340374
19,8,16.69222473539995
19,9,15.592421399743971
19,10,14.511042668757055
19,11,12.661680853153346
19,12,10.67765934795777
19,13,10.105045098143808
19,14,8.891896410459387
19,15,6.52738897688988
19,16,5.152008712249153
19,17,5.546851264408685
19,18,3.883541376009224
19,20,3.837065184502849
19,21,5.427128283835999
19,22,5.319213165533771
19,23,7.232371796028372
19,24,10.03837883846783
19,25,13.251065831116321
19,26,16.665302309179353
19,27,18.104710184522165
19,28,21.69975648338209
19,29,22.71230050050972
19,30,25.199013536196926
19,31,25.450356484214844
19,32,24.711187832474437
19,33,22.189069964695783
19,34,20.36918808404596
19,35,20.05655080178998
19,36,19.30892628757958
19,37,16.087094600911595
19,38,15.121010536587628
19,39,16.11702081108908
19,40,14.116470546763757
19,41,10.900868377878366
19,42,11.72039468478129
19,43,12.50885462857316
19,44,9.30481154659216
19,45,7.472796467895891
19,46,10.553052321298171
19,47,10.230153175318849
19,48,6.8543916218158705
19,49,8.538553042670744
19,50,11.830036449492559
19,51,10.899402836234941
19,52,9.578170420299568
19,53,12.671580405881985
19,54,14.835491496027092
19,55,13.939085836433511
19,56,14.47032288361749
19,57,17.64704452380631
19,58,19.108310868433108
19,59,19.290722343544683
19,60,20.788884499997184
19,61,23.8057068127863
20,1,28.609838237743055
20,2,26.884291088997664
20,3,25.529694557566568
20,4,24.14063379938396
20,5,22.729897533843413
20,6,20.899195145775824
20,7,19.705104127080183
20,8,18.258992599901653
20,9,16.43947031308699
20,10,15.140869403135634
20,11,14.221764728471967
20,12,12.219695818535754
20,13,10.436053340557546
20,14,9.723406815935961
20,15,8.726518469530872
20,16,6.102311360655084
20,17,4.91214021513737
20,18,5.382498587942039
20,19,3.837065184502849
20,21,3.861762060342178
20,22,5.3996606411018355
20,23,6.0070953194466705
20,24,9.610753166116954
20,25,12.412121389235397
20,26,15.487183899556713
20,27,17.60168506231839
20,28,21.000467723082746
20,29,22.583310146941322
20,30,24.71276842669033
20,31,25.241375972609347
20,32,25.02558213261605
20,33,22.18139600418612
20,34,20.264136253868887
20,35,20.667197956017443
20,36,20.022894474844986
20,37,16.427546444182912
20,38,15.996997344487028
20,39,17.662653554025486
20,40,15.42990954748312
20,41,12.192435091739561
20,42,13.945444133595759
20,43,15.052710559005606
20,44,11.731792480562273
20,45,10.527910652169952
20,46,13.987408794210108
20,47,13.59506798778423
20,48,10.41426432307209
20,49,12.372760903517548
20,50,15.605681781133846
20,51,14.358318780157337
20,52,13.029022942254201
20,53,16.293643833044513
20,54,18.306880312956984
20,55,16.953918499148564
20,56,17.47117948498933
20,57,20.89573869785622
20,58,22.045299884946395
20,59,21.901516037763006
20,60,23.67372146247519
20,61,26.816875692019018
21,1,30.35226888160479
21,2,28.614497528400896
21,3,26.80002634851272
21,4,25.545799062991566
21,5,24.633541195886927
21,6,22.538582040699357
21,7,20.90311153650857
21,8,19.946739459624336
21,9,18.495431130548578
21,10,16.509638074196022
21,11,15.402809509609177
21,12,14.262424489990746
21,13,12.463206812571737
21,14,10.615047170698652
21,15,10.019967239785698
21,16,8.681145929326231
21,17,6.237985869379139
21,18,5.117787772032526
21,19,5.427128283835999
21,20,3.861762060342178
21,22,3.810028968100684
21,23,6.043168913475489
21,24,9.682822206254619
21,25,11.599674546294157
21,26,15.025532735435974
21,27,17.44033806691668
21,28,20.557812592568265
21,29,21.832552258801968
21,30,23.59190143887495
21,31,23.612065773396967
21,32,23.186212685102884
21,33,20.06482115799222
21,34,18.732210198736084
21,35,19.287045803449118
21,36,18.00981767317927
21,37,14.466646545598216
21,38,14.817503663806008
21,39,16.128417366094087
21,40,13.272960545949934
21,41,10.675158870069119
21,42,13.068852802861478
21,43,13.504529909148875
21,44,9.931722614540037
21,45,10.085861132547471
21,46,13.552090107999659
21,47,12.498490450525843
21,48,9.959774458021759
21,49,12.852453484635772
21,50,15.572805414732546
21,51,14.0706766806748
21,52,13.777680516083505
21,53,17.210749840575964
21,54,18.64579256683998
21,55,17.456773235496996
21,56,18.756956635968244
21,57,21.96368106841493
21,58,22.83023361022238
21,59,23.244662414698265
21,60,25.257593671930287
21,61,28.069244231408575
22,1,32.25783831683749
22,2,30.868231953076794
22,3,29.133869150638052
22,4,27.463930409734907
22,5,26.575111106335147
22,6,24.902403120788513
22,7,23.072094385628542
22,8,21.653880016179787
22,9,20.542154506850704
22,10,18.968092815471383
22,11,17.275109034666347
22,12,15.785074473383123
22,13,14.743620634845243
22,14,12.984374519444406
22,15,11.296407993959514
22,16,10.139610364929247
22,17,8.944256687432429
22,18,6.788930164236167
22,19,5.319213165533771
22,20,5.3996606411018355
22,21,3.810028968100684
22,23,3.8457305070839127
22,24,6.624734073269102
22,25,8.831333014668221
22,26,12.537505172882929
22,27,14.41219075560438
22,28,17.683960001649282
22,29,18.614364355876482
22,30,20.68094623908246
22,31,20.684193753329996
22,32,20.06816019989608
22,33,17.241069440789136
22,34,15.670227177229972
22,35,15.835089827195736
22,36,14.800144869230976
22,37,11.321413706023554
22,38,11.180875421033315
22,39,12.558615086402023
22,40,10.072989845701862
22,41,7.052622573862798
22,42,9.440565122601193
22,43,10.423731965210829
22,44,7.2860208965523565
22,45,7.182050249010662
22,46,10.920126917523802
22,47,10.715364298283841
22,48,8.844982864974497
22,49,11.31588368181302
22,50,14.289089471666474
22,51,13.733149728397656
22,52,13.662458442397089
22,53,16.58405163229899
22,54,18.42397217539562
22,55,17.996463534657735
22,56,19.125412340763376
22,57,21.989727551605586
22,58,23.405053275971113
22,59,24.066676554019327
22,60,25.58880458120707
22,61,28.35967763495884
23,1,34.21434326534121
23,2,32.699097010642184
23,3,31.318841841879426
23,4,29.697858000036906
23,5,28.37740964252581
23,6,26.763198219060023
23,7,25.369898407078797
23,8,23.71504384533899
23,9,22.174092739018352
23,10,20.99668062356984
23,11,19.65896707169124
23,12,17.595109661242606
23,13,16.31469129332056
23,14,15.333592942926478
23,15,13.670809134678427
23,16,11.539311995020833
23,17,10.738463257522142
23,18,9.692476818874011
23,19,7.232371796028372
23,20,6.0070953194466705
23,21,6.043168913475489
23,22,3.8457305070839127
23,24,3.851068081258847
23,25,6.428907180449641
23,26,9.631276934444937
23,27,11.719042333743294
23,28,15.059199835398106
23,29,16.61058997600418
23,30,18.718170492290746
23,31,19.384433080283326
23,32,19.410514393578854
23,33,16.689818896418902
23,34,14.436310663226674
23,35,15.088105517440205
23,36,14.891497432206979
23,37,11.173474616113058
23,38,10.738243059840451
23,39,13.19098043520145
23,40,11.433345234898555
23,41,8.050940356595715
23,42,10.587768354572644
23,43,12.668093616530303
23,44,10.256626968402797
23,45,9.451183998602156
23,46,13.270713780968475
23,47,13.906197945431996
23,48,12.024316452973206
23,49,13.77719637614999
23,50,17.15588650222582
23,51,16.984820072645153
23,52,16.378477096094457
23,53,19.076002401169784
23,54,21.37804484083685
23,55,20.94159966129862
23,56,21.558019832284202
23,57,24.531562054281796
23,58,26.19852600801334
23,59,26.48839566763611
23,60,27.790975903857113
23,61,30.811762069261206
24,1,37.08351402700405
24,2,35.79356378154765
24,3,34.50614506205628
24,4,32.63743808772786
24,5,31.300873128812373
24,6,29.9696387967338
24,7,28.504895556245103
24,8,26.57052369237196
24,9,25.22085355647322
24,10,24.318418438929186
24,11,22.695505916805065
24,12,20.44321330787454
24,13,19.59106562856654
24,14,18.686503212926766
24,15,16.55197542971917
24,16,14.581086720105636
24,17,14.320142298680294
24,18,12.907561553651387
24,19,10.03837883846783
24,20,9.610753166116954
24,21,9.682822206254619
24,22,6.624734073269102
24,23,3.851068081258847
24,25,3.8544156723339675
24,26,6.8518682994940585
24,27,8.127512280571201
24,28,11.677448457493888
24,29,13.06056124404373
24,30,15.516692354137469
24,31,16.440182090913993
24,32,16.56182878711021
24,33,14.303830558418484
24,34,11.513885683359605
24,35,11.967745472945397
24,36,12.53328888754986
24,37,9.050922989532543
24,38,7.868531000407317
24,39,10.964915960986447
24,40,10.218627562508692
24,41,6.856185416477604
24,42,9.120414338685205
24,43,12.058994888305255
24,44,10.768256379329122
24,45,9.775140319561999
24,46,13.259775186418324
24,47,14.779226360373444
24,48,13.653732043100739
24,49,14.796701632984847
24,50,18.170157558057024
24,51,18.76750156148147
24,52,18.31527609183184
24,53,20.47463371603403
24,54,23.04186233541059
24,55,23.160391035924967
24,56,23.60093726473117
24,57,26.252359796045816
24,58,28.313538507697483
24,59,28.74193135140432
24,60,29.63306803594845
24,61,32.60163149356714
25,1,40.48449112682216
25,2,39.07610621047239
25,3,37.63263394692617
25,4,35.91342674585328
25,5,34.69180165343758
25,6,33.15099415777753
25,7,31.621948451661307
25,8,29.926441403643402
25,9,28.54482639485877
25,10,27.34813785445162
25,11,25.826895540124113
25,12,23.833309851296764
25,13,22.727125216244563
25,14,21.5553200234146
25,15,19.728466636802413
25,16,17.88079041415932
25,17,17.052265689756716
25,18,15.562051429483803
25,19,13.251065831116321
25,20,12.412121389235397
25,21,11.599674546294157
25,22,8.831333014668221
25,23,6.428907180449641
25,24,3.8544156723339675
25,26,3.877769001072732
25,27,6.132858097731136
25,28,8.974105733583574
25,29,10.480999902038109
25,30,12.306296585695412
25,31,13.159618513445839
25,32,13.71740010076952
25,33,11.166944653959302
25,34,8.406450235350643
25,35,9.863064303785588
25,36,10.43765200263965
25,37,6.897435574723674
25,38,6.987820958242397
25,39,10.524802472594226
25,40,9.767030538364727
25,41,7.557606602619229
25,42,10.550735180815593
25,43,13.210674880003829
25,44,12.336033195861207
25,45,12.375263733077878
25,46,15.66037920308346
25,47,16.96813723430729
25,48,16.37949379784037
25,49,17.89460880212357
25,50,20.97396125588337
25,51,21.518824015170367
25,52,21.51876670392959
25,53,23.746865384775926
25,54,26.062804701189073
25,55,26.244106801888552
25,56,26.998794231921114
25,57,29.587789309278495
25,58,31.523056296902617
25,59,32.15200735737007
25,60,33.1619627322601
25,61,36.01580068084198
26,1,43.67251557675815
26,2,42.18955884472644
26,3,40.92544641977616
26,4,39.251524544452245
26,5,37.82005600604073
26,6,36.29689831022465
26,7,34.988076429738065
26,8,33.20684705387397
26,9,31.621677760752235
26,10,30.59298059346719
26,11,29.253353643940176
26,12,27.04486171724675
26,13,25.821391602546125
26,14,24.956276317543804
26,15,23.185462733092212
26,16,21.015542877974358
26,17,20.28435117590075
26,18,19.155448028407474
26,19,16.665302309179353
26,20,15.487183899556713
26,21,15.025532735435974
26,22,12.537505172882929
26,23,9.631276934444937
26,24,6.8518682994940585
26,25,3.877769001072732
26,27,3.891328511549863
26,28,5.861497135371065
26,29,8.481771737367877
26,30,9.930637524749011
26,31,11.762464752896669
26,32,13.332266060005196
26,33,11.236042916065257
26,34,7.943402950015825
26,35,10.219948136768235
26,36,11.776032585780335
26,37,8.95428134897453
26,38,9.028722523813162
26,39,12.842948842147583
26,40,12.807785051795133
26,41,11.041685822135456
26,42,13.649057797327474
26,43,16.56952226711579
26,44,16.080022054329383
26,45,15.946046482942359
26,46,19.08177946039615
26,47,20.68025195877369
26,48,20.121538199152713
26,49,21.386260410208678
26,50,24.556456416880852
26,51,25.2661546495816
26,52,25.09579061002058
26,53,27.201684596765922
26,54,29.694855653180024
26,55,29.897642653718414
26,56,30.446903020698084
26,57,33.05166021883573
26,58,35.10935219618732
26,59,35.58553170306795
26,60,36.469360953770575
26,61,39.42339069023979
27,1,44.92396620226004
27,2,43.72630184216352
27,3,42.55846540997749
27,4,40.5878348586179
27,5,39.16387211399373
27,6,37.97623413303868
27,7,36.56553020984895
27,8,34.48012124264729
27,9,33.13924510830812
27,10,32.407203630679405
27,11,30.742625071398844
27,12,28.361030623861627
27,13,27.60914476221287
27,14,26.813453771911664
27,15,24.573079807924273
27,16,22.580737491289888
27,17,22.39832919091731
27,18,20.963092427736598
27,19,18.104710184522165
27,20,17.60168506231839
27,21,17.44033806691668
27,22,14.41219075560438
27,23,11.719042333743294
27,24,8.127512280571201
27,25,6.132858097731136
27,26,3.891328511549863
27,28,3.8121397033473587
27,29,5.795843872733575
27,30,8.462264736954122
27,31,10.693827257022285
27,32,12.064260555325847
27,33,11.072522637861075
27,34,7.225363876834864
27,35,8.484076565458869
27,36,11.159105163124567
27,37,9.263126810378397
27,38,8.08394463394056
27,39,11.850542928079944
27,40,12.981783939937745
27,41,11.391140821263388
27,42,13.036725773785024
27,43,16.34862876229865
27,44,16.66830995774361
27,45,16.140354587868206
27,46,18.76578386197072
27,47,20.984881830795484
27,48,20.82559740703992
27,49,21.501669857683375
27,50,24.594022572723414
27,51,25.887007084400953
27,52,25.71353997112703
27,53,27.328798321090453
27,54,30.033070240369852
27,55,30.671793887226613
27,56,30.997677300411016
27,57,33.296742866948016
27,58,35.69249733255933
27,59,36.249754462714904
27,60,36.738748307839735
27,61,39.623813525139106
28,1,48.65503371881934
28,2,47.39257278899367
28,3,46.17858366154719
28,4,44.278256691608235
28,5,42.874384712867474
28,6,41.59330613991785
28,7,40.18189256317523
28,8,38.187381244898994
28,9,36.801375339386006
28,10,35.95938208866688
28,11,34.36032848181582
28,12,32.05832277073687
28,13,31.176436904045367
28,14,30.30200043681624
28,15,28.19445003492446
28,16,26.20562461744994
28,17,25.797259204520095
28,18,24.37172665344089
28,19,21.69975648338209
28,20,21.000467723082746
28,21,20.557812592568265
28,22,17.683960001649282
28,23,15.059199835398106
28,24,11.677448457493888
28,25,8.974105733583574
28,26,5.861497135371065
28,27,3.8121397033473587
28,29,3.86640179728196
28,30,5.328838520107382
28,31,8.453641236318873
28,32,10.834889913441613
28,33,10.374991953749237
28,34,6.841547309920789
28,35,8.935254449314
28,36,11.869752188637705
28,37,10.806139462511767
28,38,10.435618708702556
28,39,13.863853171507705
28,40,15.164585154100699
28,41,14.318810612680556
28,42,16.067968334440575
28,43,19.122796148609524
28,44,19.697504041639977
28,45,19.572198093112885
28,46,22.053436112524388
