1,2,3.830014569531381
1,3,7.366198021179982
1,4,9.348699168839172
1,5,12.248729690045067
1,6,15.459047761821859
1,7,17.089866790277014
1,8,15.745699993041743
1,9,17.907171778713973
1,10,19.548864259917096
1,11,17.538494384658414
1,12,16.674512782766552
1,13,20.29815368525464
1,14,20.32247873773206
1,15,16.717741333375347
1,16,13.48664331781955
1,17,11.248478907465252
1,18,7.498644355801921
1,19,5.942045828252296
1,20,4.453929777824034
1,21,5.346811177414332
1,22,7.184443671662797
1,23,8.584928361898884
1,24,9.561444655879669
1,25,9.901654399862668
1,26,9.860734238317693
1,27,10.349155417552263
1,28,12.863743370277716
1,29,12.966431341705945
1,30,16.756140645544182
1,31,19.20377315936395
1,32,21.59659272488172
1,33,24.21985265449116
1,34,22.364232890975195
1,35,21.36208591769833
1,36,20.525756171054006
1,37,17.93056648072026
1,38,18.334882156578463
1,39,19.56696472488586
1,40,22.969834821678333
1,41,25.27104115048939
1,42,26.68510406736737
1,43,27.413612540111036
2,1,3.830014569531381
2,3,3.8514400272940503
2,4,6.604951332941235
2,5,9.215970666487372
2,6,12.14580515022645
2,7,14.269500165894046
2,8,13.347770042176256
2,9,15.269643546808224
2,10,17.447109762935696
2,11,15.991191683672216
2,12,15.437314630483625
2,13,18.93543238897866
2,14,19.212955938076767
2,15,15.744105835358445
2,16,12.143119866771636
2,17,9.761110362120975
2,18,6.614774184729698
2,19,5.098719308281049
2,20,6.166711432700849
2,21,6.403858630461958
2,22,9.455475121267815
2,23,11.049657058014745
2,24,10.757427909176593
2,25,10.829783771356203
2,26,9.81475924055418
2,27,10.754225382498797
2,28,12.678086509505857
2,29,13.10592168697949
2,30,16.751842329771556
2,31,18.851780805358505
2,32,21.706927027253172
2,33,24.336621929663927
2,34,22.35244917088599
2,35,21.788895018480133
2,36,20.94157332575198
2,37,18.283688329922747
2,38,17.907622854541014
2,39,19.278391288779133
2,40,22.475039172583784
2,41,25.12680630412754
2,42,26.577040159245886
2,43,27.718326905891285
3,1,7.366198021179982
3,2,3.8514400272940503
3,4,3.8037986948641773
3,5,6.422591504488997
3,6,8.699406981460887
3,7,11.223017961670896
3,8,10.322372221599714
3,9,11.780168200804054
3,10,14.258956479228427
3,11,13.381387220456842
3,12,13.00823167378767
3,13,16.257217657481895
3,14,16.771354004378065
3,15,13.583916648966236
3,16,9.870572874178924
3,17,7.501167672286492
3,18,5.725797534151883
3,19,5.331049645457113
3,20,8.275592546037995
3,21,8.929890847863236
3,22,12.494152035209128
3,23,13.543816167306076
3,24,12.36933380503041
3,25,11.629759303545567
3,26,9.484570856225075
3,27,10.409906555405932
3,28,11.452942002391055
3,29,12.231589142754757
3,30,15.490474668629222
3,31,17.262169364977964
3,32,20.510154693893952
3,33,22.97910015650964
3,34,20.848061383933242
3,35,20.69299875775956
3,36,19.872974189761138
3,37,17.310946635198157
3,38,16.16974806625407
3,39,17.569595414353756
3,40,20.486765536469814
3,41,23.393704945730885
3,42,24.865960947898174
3,43,26.40771683306745
4,1,9.348699168839172
4,2,6.604951332941235
4,3,3.8037986948641773
4,5,3.788589048872753
4,6,6.473269441508193
4,7,8.038848664688354
4,8,6.757117159448542
4,9,8.886533303555366
4,10,11.265094965440694
4,11,10.045590955732894
4,12,10.415193558608829
4,13,13.781353930932138
4,14,15.0344464418449
4,15,12.288921732823933
4,16,8.996456410999407
4,17,5.7129244960127785
4,18,5.166758440753651
4,19,4.545545317781024
4,20,8.296727436518927
4,21,9.179187182843986
4,22,12.930087918204151
4,23,13.173967939650549
4,24,11.144918808056438
4,25,9.744334053770816
4,26,7.051408210126742
4,27,8.657893147102953
4,28,9.703008785589564
4,29,11.592751448530608
4,30,14.502579287297051
4,31,16.63506084446982
4,32,20.09301671997994
4,33,22.02251772703319
4,34,19.404415280484002
4,35,18.98148319597538
4,36,17.64761745254609
4,37,14.799548503140503
4,38,13.429598419515273
4,39,15.422076003946247
4,40,17.950676631942418
4,41,21.15821047763979
4,42,23.075446521798035
4,43,25.01854448643574
5,1,12.248729690045067
5,2,9.215970666487372
5,3,6.422591504488997
5,4,3.788589048872753
5,6,3.795970399152432
5,7,5.192646746736376
5,8,5.807958875516032
5,9,8.296084331731402
5,10,11.392793087355232
5,11,10.6743937798084
5,12,12.164817540695532
5,13,15.13576336395933
5,14,17.03578792022834
5,15,14.863006018091832
5,16,11.878999034107983
5,17,8.733478306063502
5,18,8.894352379573952
5,19,7.6042266846957824
5,20,11.066969380698222
5,21,10.904063713672063
5,22,14.599799139005757
5,23,15.111311737027899
5,24,12.38858790915207
5,25,11.536058396379582
5,26,9.306471315511867
5,27,11.682494111608005
5,28,12.678005756365248
5,29,14.987401502381788
5,30,17.551237730908763
5,31,19.545055387260884
5,32,23.151844440690404
5,33,24.819589597299675
5,34,22.002108148558758
5,35,21.609894600293764
5,36,19.949661349791565
5,37,16.934876903515512
5,38,15.22877635209955
5,39,17.655138594026962
5,40,19.618579310681476
5,41,23.11673295111365
5,42,25.293974696316486
5,43,27.60779645165948
6,1,15.459047761821859
6,2,12.14580515022645
6,3,8.699406981460887
6,4,6.473269441508193
6,5,3.795970399152432
6,7,3.8094035937551958
6,8,5.379240214243795
6,9,6.262498187915971
6,10,9.944127183077473
6,11,10.507756826804338
6,12,12.181674531591574
6,13,14.376727658773072
6,14,16.42813358211918
6,15,14.845195234369402
6,16,12.209526721855385
6,17,9.876914741578599
6,18,11.202175023716686
6,19,10.881853213229858
6,20,14.544101775443579
6,21,14.649662549081512
6,22,18.370865916614324
6,23,18.814726748639767
6,24,16.059713384686187
6,25,14.858973945276093
6,26,12.165594549476575
6,27,13.997868882047213
6,28,14.05616429870427
6,29,16.239237845495396
6,30,18.22407610275268
6,31,19.640742372477877
6,32,23.391080766634566
6,33,24.911562927360226
6,34,22.168977363779092
6,35,22.300003487855157
6,36,20.866446793696856
6,37,18.222665074725953
6,38,15.812112186635616
6,39,17.989671919428833
6,40,19.506345310746603
6,41,23.0929636395887
6,42,25.12184025298878
6,43,27.727164455009696
7,1,17.089866790277014
7,2,14.269500165894046
7,3,11.223017961670896
7,4,8.038848664688354
7,5,5.192646746736376
7,6,3.8094035937551958
7,8,3.7743680797983785
7,9,5.852095992505144
7,10,8.874454135860917
7,11,8.942597307374934
7,12,11.66508733789104
7,13,13.730010634696189
7,14,16.494736381638553
7,15,15.426710608174325
7,16,13.417629797191717
7,17,10.748560499452946
7,18,12.373600532755777
7,19,11.760729951829
7,20,15.201430356294772
7,21,15.315821253404966
7,22,18.844321209925134
7,23,18.73186695035018
7,24,15.529327716149268
7,25,14.10448963411221
7,26,11.624199556962777
7,27,13.873201366016197
7,28,14.093171667653545
7,29,16.95968155637128
7,30,18.637133318736684
7,31,20.418138206071003
7,32,24.128341277102095
7,33,25.132655100906945
7,34,22.01547744028326
7,35,21.74392586602386
7,36,19.781787493850644
7,37,16.931711610622347
7,38,14.567504286833
7,39,17.318358541358855
7,40,18.299444143546413
7,41,22.051865070559284
7,42,24.536914789807707
7,43,27.407544731507752
8,1,15.745699993041743
8,2,13.347770042176256
8,3,10.322372221599714
8,4,6.757117159448542
8,5,5.807958875516032
8,6,5.379240214243795
8,7,3.7743680797983785
8,9,3.8094016148809655
8,10,6.0211803810408595
8,11,5.406859217752663
8,12,7.935285541727376
8,13,10.301803980168227
8,14,13.018759251918675
8,15,11.898913512773868
8,16,10.190717320913784
8,17,7.581175433458936
8,18,9.830144890427865
8,19,10.052467040470086
8,20,13.51952357311206
8,21,14.53440645413913
8,22,18.057268611586853
8,23,17.390542785569096
8,24,14.511674698926415
8,25,12.259767231870807
8,26,9.154896959609989
8,27,10.736938199521598
8,28,10.506109090983072
8,29,13.490873650494528
8,30,14.973903923255556
8,31,16.89749195187126
8,32,20.5556151354931
8,33,21.465866903141595
8,34,18.297156764725056
8,35,17.97654741531417
8,36,16.100826576215972
8,37,13.376705403559617
8,38,10.899577434635018
8,39,13.572363405117075
8,40,14.755099694012785
8,41,18.45975488266071
8,42,20.91785875363427
8,43,23.703744360259492
9,1,17.907171778713973
9,2,15.269643546808224
9,3,11.780168200804054
9,4,8.886533303555366
9,5,8.296084331731402
9,6,6.262498187915971
9,7,5.852095992505144
9,8,3.8094016148809655
9,10,3.7824380525779526
9,11,5.720843006382499
9,12,7.428195797540675
9,13,8.588826354572694
9,14,11.153923112423534
9,15,10.685255188473363
9,16,9.493853967241677
9,17,8.266240693858665
9,18,11.390384781102881
9,19,12.595707609836998
9,20,16.2132823763715
9,21,17.577293302112707
9,22,21.198567257549108
9,23,20.587965151094618
9,24,17.984141515231624
9,25,15.499784090243926
9,26,12.03154100359322
9,27,12.65227964535732
9,28,11.276661487288388
9,29,13.668744747864483
9,30,14.457918142137926
9,31,15.578708674543906
9,32,19.311780175324188
9,33,20.15764287064044
9,34,17.245132132822476
9,35,17.685774115821673
9,36,16.40180552905253
9,37,14.410437072904664
9,38,11.216033686868979
9,39,13.088229424440433
9,40,13.943635331449379
9,41,17.554688469538377
9,42,19.600196373637367
9,43,22.55746371534503
10,1,19.548864259917096
10,2,17.447109762935696
10,3,14.258956479228427
10,4,11.265094965440694
10,5,11.392793087355232
10,6,9.944127183077473
10,7,8.874454135860917
10,8,6.0211803810408595
10,9,3.7824380525779526
10,11,3.7768898134163833
10,12,5.293003080614829
10,13,5.299078224577475
10,14,8.517550636254704
10,15,9.07239649547718
10,16,9.270182368298537
10,17,8.792649373541702
10,18,12.37844186218727
10,19,14.120409778934205
10,20,17.3976978099476
10,21,19.315504792745134
10,22,22.721075509900494
10,23,21.515119596008088
10,24,19.08330665757619
10,25,16.033001818597743
10,26,12.479445679008968
10,27,12.358335053199628
10,28,10.264886344406527
10,29,12.757323561847574
10,30,12.653861085778667
10,31,13.735725183160865
10,32,17.27585458196593
10,33,17.52108818583484
10,34,14.415158273593347
10,35,14.870148145918023
10,36,13.583650064139858
10,37,12.09829175518693
10,38,8.522149260977205
10,39,10.20441357170109
10,40,10.442014784700406
10,41,14.074918190399654
10,42,16.268365671163558
10,43,19.454197582217674
11,1,17.538494384658414
11,2,15.991191683672216
11,3,13.381387220456842
11,4,10.045590955732894
11,5,10.6743937798084
11,6,10.507756826804338
11,7,8.942597307374934
11,8,5.406859217752663
11,9,5.720843006382499
11,10,3.7768898134163833
11,12,3.8135018719840423
11,13,5.787390402711938
11,14,9.012330416118951
11,15,8.805395382084974
11,16,8.836308695703366
11,17,7.357341803514061
11,18,10.481150581718206
11,19,11.893507672361679
11,20,14.765928272967086
11,21,16.83562016839665
11,22,19.984082682495664
11,23,18.383693075035136
11,24,15.982781246964423
11,25,12.708188329847246
11,26,9.321984366739256
11,27,9.348071999383643
11,28,7.855069081595093
11,29,11.091664614564866
11,30,11.443680129084253
11,31,13.51028246816028
11,32,16.89760990995879
11,33,17.10614955949024
11,34,13.655298052268797
11,35,13.172889243793101
11,36,11.195325587571848
11,37,8.975606341086936
11,38,5.881820198052049
11,39,8.661675558713634
11,40,9.404745400402689
11,41,13.151028273298575
11,42,15.842243538096984
11,43,18.79050126598308
12,1,16.674512782766552
12,2,15.437314630483625
12,3,13.00823167378767
12,4,10.415193558608829
12,5,12.164817540695532
12,6,12.181674531591574
12,7,11.66508733789104
12,8,7.935285541727376
12,9,7.428195797540675
12,10,5.293003080614829
12,11,3.8135018719840423
12,13,3.804819777636297
12,14,5.777435247626093
12,15,5.060654712216013
12,16,5.846832739167578
12,17,5.768252983168812
12,18,9.221348523407634
12,19,11.716041603399956
12,20,14.358923543367766
12,21,17.07264166865168
12,22,20.130604746227235
12,23,18.476957246813203
12,24,16.763579987933532
12,25,13.240333735365077
12,26,9.596207718285884
12,27,8.122161209457394
12,28,5.281518330998825
12,29,7.814759391598731
12,30,7.746255935239537
12,31,9.713237023495518
12,32,13.137530152425919
12,33,13.621704989448652
12,34,10.364063842080357
12,35,10.321290712199374
12,36,9.212621123194774
12,37,7.783435204341666
12,38,4.518603416203751
12,39,5.8310308959124235
12,40,7.713311849857363
12,41,11.06041582112684
12,42,13.179860632437338
12,43,15.791140706759306
13,1,20.29815368525464
13,2,18.93543238897866
13,3,16.257217657481895
13,4,13.781353930932138
13,5,15.13576336395933
13,6,14.376727658773072
13,7,13.730010634696189
13,8,10.301803980168227
13,9,8.588826354572694
13,10,5.299078224577475
13,11,5.787390402711938
13,12,3.804819777636297
13,14,3.8047575624874526
13,15,5.785683617790938
13,16,8.09599991202568
13,17,9.199352740351904
13,18,12.808383516941161
13,19,15.464935086389298
13,20,18.13817938058518
13,21,20.866000436110745
13,22,23.93335020756531
13,23,22.21363860521442
13,24,20.48052860940396
13,25,16.903588939323505
13,26,13.339231822414584
13,27,11.719261335000624
13,28,8.496934860310608
13,29,10.169706938243174
13,30,8.682122417320272
13,31,9.460627530293792
13,32,12.625840519488374
13,33,12.376771200737029
13,34,9.234525967997468
13,35,10.099069461241132
13,36,9.606187583661539
13,37,9.456029221910274
13,38,5.7798269999766445
13,39,5.633212527909074
13,40,5.9059877641080005
13,41,9.164580350134239
13,42,11.032351977207197
13,43,14.164957550939764
14,1,20.32247873773206
14,2,19.212955938076767
14,3,16.771354004378065
14,4,15.0344464418449
14,5,17.03578792022834
14,6,16.42813358211918
14,7,16.494736381638553
14,8,13.018759251918675
14,9,11.153923112423534
14,10,8.517550636254704
14,11,9.012330416118951
14,12,5.777435247626093
14,13,3.8047575624874526
14,15,3.772155778811457
14,16,7.239486365659682
14,17,9.741824072665299
14,18,13.06250269108363
14,19,16.319358867806397
14,20,18.720116727516444
14,21,21.803341604396735
14,22,24.746941793856713
14,23,23.096474249772207
14,24,21.92118584117515
14,25,18.32686259905918
14,26,14.759167197142173
14,27,12.309018820132895
14,28,8.566212338315228
14,29,8.716286656067822
14,30,6.3285733390263
14,31,5.951796370094837
14,32,9.078450690201457
14,33,9.179812755881041
14,34,6.669039893624437
14,35,8.690759662901344
14,36,9.642762149400134
14,37,10.463179666161693
14,38,7.524831711789295
14,39,5.312447255403879
14,40,6.667465192562114
14,41,8.600088135974351
14,42,9.197482233920674
14,43,11.767374107741192
15,1,16.717741333375347
15,2,15.744105835358445
15,3,13.583916648966236
15,4,12.288921732823933
15,5,14.863006018091832
15,6,14.845195234369402
15,7,15.426710608174325
15,8,11.898913512773868
15,9,10.685255188473363
15,10,9.07239649547718
15,11,8.805395382084974
15,12,5.060654712216013
15,13,5.785683617790938
15,14,3.772155778811457
15,16,3.781087435287418
15,17,6.720574676456516
15,18,9.66288197805216
15,19,13.157766218094007
15,20,15.43673510674658
15,21,18.611158187325195
15,22,21.520557896229107
15,23,20.09338853396074
15,24,19.205266232428894
15,25,15.78712442751384
15,26,12.220072401870347
15,27,9.51464597259882
15,28,5.805881966842285
15,29,5.354922320016257
15,30,4.268441963339478
15,31,5.006202625139799
15,32,8.717396403153083
15,33,10.116795598609226
15,34,7.836176648229664
15,35,9.130021626592077
15,36,9.92677436318102
15,37,9.922055866677857
15,38,7.60117309813882
15,39,6.0133655768913705
15,40,8.923434259385136
15,41,10.93838387107314
15,42,11.598670930935873
15,43,13.406848596422117
16,1,13.48664331781955
16,2,12.143119866771636
16,3,9.870572874178924
16,4,8.996456410999407
16,5,11.878999034107983
16,6,12.209526721855385
16,7,13.417629797191717
16,8,10.190717320913784
16,9,9.493853967241677
16,10,9.270182368298537
16,11,8.836308695703366
16,12,5.846832739167578
16,13,8.09599991202568
16,14,7.239486365659682
16,15,3.781087435287418
16,17,3.788802759614026
16,18,6.520642915647977
16,19,10.086684341085233
16,20,12.677537972516607
16,21,15.605278013052379
16,22,18.71988570805013
16,23,17.808250664670002
16,24,16.89455831387637
16,25,13.89518664417534
16,26,10.279150864854463
16,27,8.089643183215278
16,28,5.331007145634882
16,29,5.0748461164564995
16,30,6.549345020766643
16,31,7.761843315884568
16,32,11.37316365282383
16,33,13.44455731030321
16,34,11.362233268291071
16,35,12.11688002464787
16,36,12.356089924391254
16,37,11.31493853855322
16,38,9.297981149207661
16,39,8.967148311885033
16,40,12.040217987307722
16,41,14.425935317423933
16,42,15.316693005501369
16,43,16.938888856560496
17,1,11.248478907465252
17,2,9.761110362120975
17,3,7.501167672286492
17,4,5.7129244960127785
17,5,8.733478306063502
17,6,9.876914741578599
17,7,10.748560499452946
17,8,7.581175433458936
17,9,8.266240693858665
17,10,8.792649373541702
17,11,7.357341803514061
17,12,5.768252983168812
17,13,9.199352740351904
17,14,9.741824072665299
17,15,6.720574676456516
17,16,3.788802759614026
17,18,3.8060482046591217
17,19,6.7589594405092575
17,20,9.746246866025903
17,21,12.381710470441
17,22,15.66185597381407
17,23,14.780528052398942
17,24,13.43248678108306
17,25,10.562953494991577
17,26,6.864470943468113
17,27,5.748796544639214
17,28,4.6449372267382145
17,29,6.398210555029291
17,30,8.861784572294702
17,31,11.059597126159705
17,32,14.53270200278727
17,33,16.31607372805414
17,34,13.725503998998082
17,35,13.555498184973398
17,36,12.75488064471033
17,37,10.611614861152448
17,38,8.951804750278724
17,39,10.100566149285342
17,40,13.015684911425193
17,41,15.903507645536907
17,42,17.524834781968757
17,43,19.34802313624043
18,1,7.498644355801921
18,2,6.614774184729698
18,3,5.725797534151883
18,4,5.166758440753651
18,5,8.894352379573952
18,6,11.202175023716686
18,7,12.373600532755777
18,8,9.830144890427865
18,9,11.390384781102881
18,10,12.37844186218727
18,11,10.481150581718206
18,12,9.221348523407634
18,13,12.808383516941161
18,14,13.06250269108363
18,15,9.66288197805216
18,16,6.520642915647977
18,17,3.8060482046591217
18,19,3.7697386130446735
18,20,6.261198287093245
18,21,9.10486145642469
18,22,12.22779705464945
18,23,11.65223163191827
18,24,10.876927367235991
18,25,8.580612822646785
18,26,5.684029424473397
18,27,4.960419097322842
18,28,6.087404528521359
18,29,7.117227023662327
18,30,10.58258069377434
18,31,13.11630373001235
18,32,16.1581679795018
18,33,18.31948069925345
18,34,15.983088221295812
18,35,15.337549051059678
18,36,14.470289953475278
18,37,12.016355625357255
18,38,11.448011547272209
18,39,12.668585652422756
18,40,15.90755077171349
18,41,18.516607016097424
18,42,20.08498218187375
18,43,21.423259608169396
19,1,5.942045828252296
19,2,5.098719308281049
19,3,5.331049645457113
19,4,4.545545317781024
19,5,7.6042266846957824
19,6,10.881853213229858
19,7,11.760729951829
19,8,10.052467040470086
19,9,12.595707609836998
19,10,14.120409778934205
19,11,11.893507672361679
19,12,11.716041603399956
19,13,15.464935086389298
19,14,16.319358867806397
19,15,13.157766218094007
19,16,10.086684341085233
19,17,6.7589594405092575
19,18,3.7697386130446735
19,20,3.784923364772536
19,21,5.636116764654553
19,22,9.085783002939019
19,23,8.94730899232987
19,24,7.68555644147918
19,25,6.382251276608787
19,26,4.729516509894066
19,27,6.367131203550165
19,28,8.921047822333202
19,29,10.571761132754443
19,30,14.033571961060634
19,31,16.795113645776354
19,32,19.77990265829681
19,33,21.78917561176057
19,34,19.248256760535256
19,35,18.162163824157545
19,36,16.714940513368646
19,37,13.69192485315643
19,38,13.514680684417659
19,39,15.457283524886229
19,40,18.42235013993194
19,41,21.23963501780267
19,42,23.183593914325282
19,43,24.621913037875167
20,1,4.453929777824034
20,2,6.166711432700849
20,3,8.275592546037995
20,4,8.296727436518927
20,5,11.066969380698222
20,6,14.544101775443579
20,7,15.201430356294772
20,8,13.51952357311206
20,9,16.2132823763715
20,10,17.3976978099476
20,11,14.765928272967086
20,12,14.358923543367766
20,13,18.13817938058518
20,14,18.720116727516444
20,15,15.43673510674658
20,16,12.677537972516607
20,17,9.746246866025903
20,18,6.261198287093245
20,19,3.784923364772536
20,21,3.7838747092361062
20,22,6.091352198042219
20,23,5.649919838411369
20,24,5.855414691711339
20,25,5.464355625278184
20,26,5.9864431880331885
20,27,7.208883935892895
20,28,10.533569400947876
20,29,11.72550600444399
20,30,15.33640801529144
20,31,18.380646159116154
20,32,20.881679112090193
20,33,22.927117393157722
20,34,20.552429264423058
20,35,18.99513202982931
20,36,17.517906269706476
20,37,14.515427092433466
20,38,15.275281741549042
20,39,17.083804411771517
20,40,20.221233106852953
20,41,22.668204932260895
20,42,24.57665232150852
20,43,25.5792183036847
21,1,5.346811177414332
21,2,6.403858630461958
21,3,8.929890847863236
21,4,9.179187182843986
21,5,10.904063713672063
21,6,14.649662549081512
21,7,15.315821253404966
21,8,14.53440645413913
21,9,17.577293302112707
21,10,19.315504792745134
21,11,16.83562016839665
21,12,17.07264166865168
21,13,20.866000436110745
21,14,21.803341604396735
21,15,18.611158187325195
21,16,15.605278013052379
21,17,12.381710470441
21,18,9.10486145642469
21,19,5.636116764654553
21,20,3.7838747092361062
21,22,3.7790751472587796
21,23,5.379606215943721
21,24,4.944329879704476
21,25,6.849441591688514
21,26,8.273703231223978
21,27,10.551612283254169
21,28,13.881218275027534
21,29,15.320706231958894
21,30,18.92236417429915
21,31,21.87681787509118
21,32,24.525745852814712
21,33,26.58520403987263
21,34,24.117372738101217
21,35,22.561384199615766
21,36,20.846006371962858
21,37,17.602945721725327
21,38,18.202754026812766
21,39,20.370191322792305
21,40,23.29294034370551
21,41,25.97318616493334
21,42,28.054095225611476
21,43,29.22749572277213
22,1,7.184443671662797
22,2,9.455475121267815
22,3,12.494152035209128
22,4,12.930087918204151
22,5,14.599799139005757
22,6,18.370865916614324
22,7,18.844321209925134
22,8,18.057268611586853
22,9,21.198567257549108
22,10,22.721075509900494
22,11,19.984082682495664
22,12,20.130604746227235
22,13,23.93335020756531
22,14,24.746941793856713
22,15,21.520557896229107
22,16,18.71988570805013
22,17,15.66185597381407
22,18,12.22779705464945
22,19,9.085783002939019
22,20,6.091352198042219
22,21,3.7790751472587796
22,23,3.8010374564194116
22,24,5.472419905381118
22,25,8.399334249629977
22,26,10.90891382954639
22,27,12.876366350807492
22,28,16.45795164122557
22,29,17.668059887605608
22,30,21.255828370722764
22,31,24.365744256292096
22,32,26.668314418911788
22,33,28.698105638949905
22,34,26.342099021997026
22,35,24.450775451589845
22,36,22.68661121512444
22,37,19.501286042841933
22,38,20.696042589656376
22,39,22.80242119776775
22,40,25.76591672602466
22,41,28.188596453136824
22,42,30.269930388827287
22,43,31.14386438524433
23,1,8.584928361898884
23,2,11.049657058014745
23,3,13.543816167306076
23,4,13.173967939650549
23,5,15.111311737027899
23,6,18.814726748639767
23,7,18.73186695035018
23,8,17.390542785569096
23,9,20.587965151094618
23,10,21.515119596008088
23,11,18.383693075035136
23,12,18.476957246813203
23,13,22.21363860521442
23,14,23.096474249772207
23,15,20.09338853396074
23,16,17.808250664670002
23,17,14.780528052398942
23,18,11.65223163191827
23,19,8.94730899232987
23,20,5.649919838411369
23,21,5.379606215943721
23,22,3.8010374564194116
23,24,3.806844178297969
23,25,5.909271744190898
23,26,9.094556496472538
23,27,10.818734327393248
23,28,14.588957711088838
23,29,16.075791811834385
23,30,19.392228853210714
23,31,22.79058238072363
23,32,24.91114837058497
23,33,26.573066813874885
23,34,24.070818410518488
23,35,21.800198097202667
23,36,19.802515457685217
23,37,16.61727542561125
23,38,18.2955725004445
23,39,20.470831571476598
23,40,23.299304836742635
23,41,25.544678057641672
23,42,27.781926567322653
23,43,28.61273442842039
24,1,9.561444655879669
24,2,10.757427909176593
24,3,12.36933380503041
24,4,11.144918808056438
24,5,12.38858790915207
24,6,16.059713384686187
24,7,15.529327716149268
24,8,14.511674698926415
24,9,17.984141515231624
24,10,19.08330665757619
24,11,15.982781246964423
24,12,16.763579987933532
24,13,20.48052860940396
24,14,21.92118584117515
24,15,19.205266232428894
24,16,16.89455831387637
24,17,13.43248678108306
24,18,10.876927367235991
24,19,7.68555644147918
24,20,5.855414691711339
24,21,4.944329879704476
24,22,5.472419905381118
24,23,3.806844178297969
24,25,3.894322713119822
24,26,7.191376881663604
24,27,10.072703427555556
24,28,13.781733033635428
24,29,16.023191181319113
24,30,19.186029676762754
24,31,22.5885151186934
24,32,25.12174826032576
24,33,26.554422116370134
24,34,23.694751625397057
24,35,21.515530407000767
24,36,19.138842487094934
24,37,15.608404899334166
24,38,16.79099818794986
24,39,19.486245044195655
24,40,21.960064620629243
24,41,24.622935818709944
24,42,27.177304758836662
24,43,28.506274898420155
25,1,9.901654399862668
25,2,10.829783771356203
25,3,11.629759303545567
25,4,9.744334053770816
25,5,11.536058396379582
25,6,14.858973945276093
25,7,14.10448963411221
25,8,12.259767231870807
25,9,15.499784090243926
25,10,16.033001818597743
25,11,12.708188329847246
25,12,13.240333735365077
25,13,16.903588939323505
25,14,18.32686259905918
25,15,15.78712442751384
25,16,13.89518664417534
25,17,10.562953494991577
25,18,8.580612822646785
25,19,6.382251276608787
25,20,5.464355625278184
25,21,6.849441591688514
25,22,8.399334249629977
25,23,5.909271744190898
25,24,3.894322713119822
25,26,3.8268963237466083
25,27,6.545063126491938
25,28,10.212467029259008
25,29,12.777863464022532
25,30,15.664620232470151
25,31,19.1664808028153
25,32,21.70344140477114
25,33,22.905962539138
25,34,19.928824854107866
25,35,17.711983571039767
25,36,15.280978120086102
25,37,11.737912145444524
25,38,12.949615806489325
25,39,15.637441691432167
25,40,18.095790338482182
25,41,20.72891288573966
25,42,23.315711923930827
25,43,24.730652066549776
26,1,9.860734238317693
26,2,9.81475924055418
26,3,9.484570856225075
26,4,7.051408210126742
26,5,9.306471315511867
26,6,12.165594549476575
26,7,11.624199556962777
26,8,9.154896959609989
26,9,12.03154100359322
26,10,12.479445679008968
26,11,9.321984366739256
26,12,9.596207718285884
26,13,13.339231822414584
26,14,14.759167197142173
26,15,12.220072401870347
26,16,10.279150864854463
26,17,6.864470943468113
26,18,5.684029424473397
26,19,4.729516509894066
26,20,5.9864431880331885
26,21,8.273703231223978
26,22,10.90891382954639
26,23,9.094556496472538
26,24,7.191376881663604
26,25,3.8268963237466083
26,27,3.8215824020646485
26,28,6.964174385260452
26,29,9.890396097486358
26,30,12.680761909785712
26,31,15.991290659996109
26,32,18.85599581669699
26,33,20.11150455743805
26,34,17.078717302348633
26,35,15.343613465870563
26,36,13.169536332603466
26,37,9.728151642255147
26,38,10.045859524001212
26,39,12.65268682484431
26,40,15.220311324202541
26,41,18.089185924468943
26,42,20.551504489042106
26,43,22.22036655391826
27,1,10.349155417552263
27,2,10.754225382498797
27,3,10.409906555405932
27,4,8.657893147102953
27,5,11.682494111608005
27,6,13.997868882047213
27,7,13.873201366016197
27,8,10.736938199521598
27,9,12.65227964535732
27,10,12.358335053199628
27,11,9.348071999383643
27,12,8.122161209457394
27,13,11.719261335000624
27,14,12.309018820132895
27,15,9.51464597259882
27,16,8.089643183215278
27,17,5.748796544639214
27,18,4.960419097322842
27,19,6.367131203550165
27,20,7.208883935892895
27,21,10.551612283254169
27,22,12.876366350807492
27,23,10.818734327393248
27,24,10.072703427555556
27,25,6.545063126491938
27,26,3.8215824020646485
27,28,3.8089439170084414
27,29,6.338564024284826
27,30,9.154863130167895
27,31,12.622038757645443
27,32,15.236397809985705
27,33,16.59226463315591
27,34,13.774301769238562
27,35,12.095893366853362
27,36,10.489521437267669
27,37,7.631421551968967
27,38,8.246167369689866
27,39,9.936529941412093
27,40,13.061240240261775
27,41,15.473367634516183
27,42,17.544641751753147
27,43,18.861615790936476
28,1,12.863743370277716
28,2,12.678086509505857
28,3,11.452942002391055
28,4,9.703008785589564
28,5,12.678005756365248
28,6,14.05616429870427
28,7,14.093171667653545
28,8,10.506109090983072
28,9,11.276661487288388
28,10,10.264886344406527
28,11,7.855069081595093
28,12,5.281518330998825
28,13,8.496934860310608
28,14,8.566212338315228
28,15,5.805881966842285
28,16,5.331007145634882
28,17,4.6449372267382145
28,18,6.087404528521359
28,19,8.921047822333202
28,20,10.533569400947876
28,21,13.881218275027534
28,22,16.45795164122557
28,23,14.588957711088838
28,24,13.781733033635428
28,25,10.212467029259008
28,26,6.964174385260452
28,27,3.8089439170084414
28,29,3.7978426014947173
28,30,5.776463881151534
28,31,9.096701535605545
28,32,12.001016186059626
28,33,13.267177044029815
28,34,10.407002241846088
28,35,9.407903236933791
28,36,8.49468172235358
28,37,6.604073779633825
28,38,6.007369326734673
28,39,6.726732881523761
28,40,10.138570140968893
28,41,12.514710211819342
28,42,14.278598240599976
28,43,15.788466780807584
29,1,12.966431341705945
29,2,13.10592168697949
29,3,12.231589142754757
29,4,11.592751448530608
29,5,14.987401502381788
29,6,16.239237845495396
29,7,16.95968155637128
29,8,13.490873650494528
29,9,13.668744747864483
29,10,12.757323561847574
29,11,11.091664614564866
29,12,7.814759391598731
29,13,10.169706938243174
29,14,8.716286656067822
29,15,5.354922320016257
29,16,5.0748461164564995
29,17,6.398210555029291
29,18,7.117227023662327
29,19,10.571761132754443
29,20,11.72550600444399
29,21,15.320706231958894
29,22,17.668059887605608
29,23,16.075791811834385
29,24,16.023191181319113
29,25,12.777863464022532
29,26,9.890396097486358
29,27,6.338564024284826
29,28,3.7978426014947173
29,30,3.7903735337979456
29,31,6.732853943256498
29,32,9.280763384140528
29,33,11.393976563722969
29,34,9.454964773662262
29,35,9.19400501804831
29,36,9.739964927356626
29,37,9.099908465358915
29,38,8.793361540829903
29,39,7.823141329675171
29,40,11.601706295963522
29,41,13.11147513264398
29,42,13.888116078690503
29,43,14.638670215215523
30,1,16.756140645544182
30,2,16.751842329771556
30,3,15.490474668629222
30,4,14.502579287297051
30,5,17.551237730908763
30,6,18.22407610275268
30,7,18.637133318736684
30,8,14.973903923255556
30,9,14.457918142137926
30,10,12.653861085778667
30,11,11.443680129084253
30,12,7.746255935239537
30,13,8.682122417320272
30,14,6.3285733390263
30,15,4.268441963339478
30,16,6.549345020766643
30,17,8.861784572294702
30,18,10.58258069377434
30,19,14.033571961060634
30,20,15.33640801529144
30,21,18.92236417429915
30,22,21.255828370722764
30,23,19.392228853210714
30,24,19.186029676762754
30,25,15.664620232470151
30,26,12.680761909785712
30,27,9.154863130167895
30,28,5.776463881151534
30,29,3.7903735337979456
30,31,3.77550209363239
30,32,6.24035609784247
30,33,7.757640133221036
30,34,5.730497077629091
30,35,6.286437499699753
30,36,7.927094703113663
30,37,8.728634241284679
30,38,8.021064167288879
30,39,5.492826986373248
30,40,9.076617163971873
30,41,9.928026730617509
30,42,10.221072607934856
30,43,11.009899938218593
31,1,19.20377315936395
31,2,18.851780805358505
31,3,17.262169364977964
31,4,16.63506084446982
31,5,19.545055387260884
31,6,19.640742372477877
31,7,20.418138206071003
31,8,16.89749195187126
31,9,15.578708674543906
31,10,13.735725183160865
31,11,13.51028246816028
31,12,9.713237023495518
31,13,9.460627530293792
31,14,5.951796370094837
31,15,5.006202625139799
31,16,7.761843315884568
31,17,11.059597126159705
31,18,13.11630373001235
31,19,16.795113645776354
31,20,18.380646159116154
31,21,21.87681787509118
31,22,24.365744256292096
31,23,22.79058238072363
31,24,22.5885151186934
31,25,19.1664808028153
31,26,15.991290659996109
31,27,12.622038757645443
31,28,9.096701535605545
31,29,6.732853943256498
31,30,3.77550209363239
31,32,3.782707392415545
31,33,6.037636421598458
31,34,5.560837812467269
31,35,8.06448421350014
31,36,10.620027278085244
31,37,12.062900727500821
31,38,10.73703111720331
31,39,7.599534178435583
31,40,10.342644569436874
31,41,10.584831564752983
31,42,9.655741638427328
31,43,10.197809133009457
32,1,21.59659272488172
32,2,21.706927027253172
32,3,20.510154693893952
32,4,20.09301671997994
32,5,23.151844440690404
32,6,23.391080766634566
32,7,24.128341277102095
32,8,20.5556151354931
32,9,19.311780175324188
32,10,17.27585458196593
32,11,16.89760990995879
32,12,13.137530152425919
32,13,12.625840519488374
32,14,9.078450690201457
32,15,8.717396403153083
32,16,11.37316365282383
32,17,14.53270200278727
32,18,16.1581679795018
32,19,19.77990265829681
32,20,20.881679112090193
32,21,24.525745852814712
32,22,26.668314418911788
32,23,24.91114837058497
32,24,25.12174826032576
32,25,21.70344140477114
32,26,18.85599581669699
32,27,15.236397809985705
32,28,12.001016186059626
32,29,9.280763384140528
32,30,6.24035609784247
32,31,3.782707392415545
32,33,3.7926610136639254
32,34,5.671605202099885
32,35,8.304717677246472
32,36,11.699596327639753
32,37,13.925747032497437
32,38,13.301098393147631
32,39,9.761351950182542
32,40,12.090691696643557
32,41,11.103464708783545
32,42,9.11807827915772
32,43,8.224899274549138
33,1,24.21985265449116
33,2,24.336621929663927
33,3,22.97910015650964
33,4,22.02251772703319
33,5,24.819589597299675
33,6,24.911562927360226
33,7,25.132655100906945
33,8,21.465866903141595
33,9,20.15764287064044
33,10,17.52108818583484
33,11,17.10614955949024
33,12,13.621704989448652
33,13,12.376771200737029
33,14,9.179812755881041
33,15,10.116795598609226
33,16,13.44455731030321
33,17,16.31607372805414
33,18,18.31948069925345
33,19,21.78917561176057
33,20,22.927117393157722
33,21,26.58520403987263
33,22,28.698105638949905
33,23,26.573066813874885
33,24,26.554422116370134
33,25,22.905962539138
33,26,20.11150455743805
33,27,16.59226463315591
33,28,13.267177044029815
33,29,11.393976563722969
33,30,7.757640133221036
33,31,6.037636421598458
33,32,3.7926610136639254
33,34,3.77798840303818
33,35,6.762281789063236
33,36,10.427828267214176
33,37,13.422613206577898
33,38,12.861346316342207
33,39,9.056569139355839
33,40,10.330182698136568
33,41,8.355396665846527
33,42,5.679869692983124
33,43,4.523606219864061
34,1,22.364232890975195
34,2,22.35244917088599
34,3,20.848061383933242
34,4,19.404415280484002
34,5,22.002108148558758
34,6,22.168977363779092
34,7,22.01547744028326
34,8,18.297156764725056
34,9,17.245132132822476
34,10,14.415158273593347
34,11,13.655298052268797
34,12,10.364063842080357
34,13,9.234525967997468
34,14,6.669039893624437
34,15,7.836176648229664
34,16,11.362233268291071
34,17,13.725503998998082
34,18,15.983088221295812
34,19,19.248256760535256
34,20,20.552429264423058
34,21,24.117372738101217
34,22,26.342099021997026
34,23,24.070818410518488
34,24,23.694751625397057
34,25,19.928824854107866
34,26,17.078717302348633
34,27,13.774301769238562
34,28,10.407002241846088
34,29,9.454964773662262
34,30,5.730497077629091
34,31,5.560837812467269
34,32,5.671605202099885
34,33,3.77798840303818
34,35,3.7887704459363176
34,36,7.025976053412837
34,37,9.904092005850453
34,38,9.145152266356565
34,39,5.34265304949693
34,40,6.756997885294441
34,41,5.485934446537848
34,42,4.564867131387973
34,43,5.6495022581889
35,1,21.36208591769833
35,2,21.788895018480133
35,3,20.69299875775956
35,4,18.98148319597538
35,5,21.609894600293764
35,6,22.300003487855157
35,7,21.74392586602386
35,8,17.97654741531417
35,9,17.685774115821673
35,10,14.870148145918023
35,11,13.172889243793101
35,12,10.321290712199374
35,13,10.099069461241132
35,14,8.690759662901344
35,15,9.130021626592077
35,16,12.11688002464787
35,17,13.555498184973398
35,18,15.337549051059678
35,19,18.162163824157545
35,20,18.99513202982931
35,21,22.561384199615766
35,22,24.450775451589845
35,23,21.800198097202667
35,24,21.515530407000767
35,25,17.711983571039767
35,26,15.343613465870563
35,27,12.095893366853362
35,28,9.407903236933791
35,29,9.19400501804831
35,30,6.286437499699753
35,31,8.06448421350014
35,32,8.304717677246472
35,33,6.762281789063236
35,34,3.7887704459363176
35,36,3.7666116082579206
35,37,7.0776493451303155
35,38,7.667092910793879
35,39,4.669137223600719
35,40,6.35812863764875
35,41,5.291573082559201
35,42,6.273835645843774
35,43,7.073718813949727
36,1,20.525756171054006
36,2,20.94157332575198
36,3,19.872974189761138
36,4,17.64761745254609
36,5,19.949661349791565
36,6,20.866446793696856
36,7,19.781787493850644
36,8,16.100826576215972
36,9,16.40180552905253
36,10,13.583650064139858
36,11,11.195325587571848
36,12,9.212621123194774
36,13,9.606187583661539
36,14,9.642762149400134
36,15,9.92677436318102
36,16,12.356089924391254
36,17,12.75488064471033
36,18,14.470289953475278
36,19,16.714940513368646
36,20,17.517906269706476
36,21,20.846006371962858
36,22,22.68661121512444
36,23,19.802515457685217
36,24,19.138842487094934
36,25,15.280978120086102
36,26,13.169536332603466
36,27,10.489521437267669
36,28,8.49468172235358
36,29,9.739964927356626
36,30,7.927094703113663
36,31,10.620027278085244
36,32,11.699596327639753
36,33,10.427828267214176
36,34,7.025976053412837
36,35,3.7666116082579206
36,37,3.777259281301396
36,38,5.313693272007025
36,39,4.372723552400442
36,40,5.561456390946674
36,41,6.076138495482959
36,42,8.763393759037466
36,43,10.339808629895643
37,1,17.93056648072026
37,2,18.283688329922747
37,3,17.310946635198157
37,4,14.799548503140503
37,5,16.934876903515512
37,6,18.222665074725953
37,7,16.931711610622347
37,8,13.376705403559617
37,9,14.410437072904664
37,10,12.09829175518693
37,11,8.975606341086936
37,12,7.783435204341666
37,13,9.456029221910274
37,14,10.463179666161693
37,15,9.922055866677857
37,16,11.31493853855322
37,17,10.611614861152448
37,18,12.016355625357255
37,19,13.69192485315643
37,20,14.515427092433466
37,21,17.602945721725327
37,22,19.501286042841933
37,23,16.61727542561125
37,24,15.608404899334166
37,25,11.737912145444524
37,26,9.728151642255147
37,27,7.631421551968967
37,28,6.604073779633825
37,29,9.099908465358915
37,30,8.728634241284679
37,31,12.062900727500821
37,32,13.925747032497437
37,33,13.422613206577898
37,34,9.904092005850453
37,35,7.0776493451303155
37,36,3.777259281301396
37,38,3.7880775131355215
37,39,5.57047974491087
37,40,7.260758062903202
37,41,9.232726278143
37,42,12.182079546302141
37,43,13.972948341194215
38,1,18.334882156578463
38,2,17.907622854541014
38,3,16.16974806625407
38,4,13.429598419515273
38,5,15.22877635209955
38,6,15.812112186635616
38,7,14.567504286833
38,8,10.899577434635018
38,9,11.216033686868979
38,10,8.522149260977205
38,11,5.881820198052049
38,12,4.518603416203751
38,13,5.7798269999766445
38,14,7.524831711789295
38,15,7.60117309813882
38,16,9.297981149207661
38,17,8.951804750278724
38,18,11.448011547272209
38,19,13.514680684417659
38,20,15.275281741549042
38,21,18.202754026812766
38,22,20.696042589656376
38,23,18.2955725004445
38,24,16.79099818794986
38,25,12.949615806489325
38,26,10.045859524001212
38,27,8.246167369689866
38,28,6.007369326734673
38,29,8.793361540829903
38,30,8.021064167288879
38,31,10.73703111720331
38,32,13.301098393147631
38,33,12.861346316342207
38,34,9.145152266356565
38,35,7.667092910793879
38,36,5.313693272007025
38,37,3.7880775131355215
38,39,3.82092646006876
38,40,5.2071937550442335
38,41,8.392983308078742
38,42,11.342230479191668
38,43,13.893105199586826
39,1,19.56696472488586
39,2,19.278391288779133
39,3,17.569595414353756
39,4,15.422076003946247
39,5,17.655138594026962
39,6,17.989671919428833
39,7,17.318358541358855
39,8,13.572363405117075
39,9,13.088229424440433
39,10,10.20441357170109
39,11,8.661675558713634
39,12,5.8310308959124235
39,13,5.633212527909074
39,14,5.312447255403879
39,15,6.0133655768913705
39,16,8.967148311885033
39,17,10.100566149285342
39,18,12.668585652422756
39,19,15.457283524886229
39,20,17.083804411771517
39,21,20.370191322792305
39,22,22.80242119776775
39,23,20.470831571476598
39,24,19.486245044195655
39,25,15.637441691432167
39,26,12.65268682484431
39,27,9.936529941412093
39,28,6.726732881523761
39,29,7.823141329675171
39,30,5.492826986373248
39,31,7.599534178435583
39,32,9.761351950182542
39,33,9.056569139355839
39,34,5.34265304949693
39,35,4.669137223600719
39,36,4.372723552400442
39,37,5.57047974491087
39,38,3.82092646006876
39,40,3.806746810814621
39,41,5.8599328823636165
39,42,7.9976200021465935
39,43,10.35326560457233
40,1,22.969834821678333
40,2,22.475039172583784
40,3,20.486765536469814
40,4,17.950676631942418
40,5,19.618579310681476
40,6,19.506345310746603
40,7,18.299444143546413
40,8,14.755099694012785
40,9,13.943635331449379
40,10,10.442014784700406
40,11,9.404745400402689
40,12,7.713311849857363
40,13,5.9059877641080005
40,14,6.667465192562114
40,15,8.923434259385136
40,16,12.040217987307722
40,17,13.015684911425193
40,18,15.90755077171349
40,19,18.42235013993194
40,20,20.221233106852953
40,21,23.29294034370551
40,22,25.76591672602466
40,23,23.299304836742635
40,24,21.960064620629243
40,25,18.095790338482182
40,26,15.220311324202541
