1,2,3.8362654766233595
1,3,6.415770671500416
1,4,9.85309060704151
1,5,9.575469644225079
1,6,7.068910961813951
1,7,9.469267689402418
1,8,12.362503788694257
1,9,11.81961244027933
1,10,11.795488175483982
1,11,14.841713582421196
1,12,16.537038529404203
1,13,16.273376920277393
1,14,17.545991113846693
1,15,20.357994747274756
1,16,21.245165873882836
1,17,21.648452252287395
1,18,23.614225077031637
1,19,25.842312241891104
1,20,26.636753856681327
1,21,27.66340297573465
1,22,29.77385954795807
1,23,31.614622584503365
1,24,31.952025519997516
1,25,32.52770190506076
1,26,36.25622537690513
1,27,38.4380938861594
1,28,38.92830936277843
1,29,41.82416561102901
1,30,44.04543649633749
1,31,44.74753459120781
1,32,43.76279381786008
1,33,39.977148377595164
1,34,37.660739995240164
1,35,35.77855519012827
1,36,32.177251917419895
1,37,29.830711261009462
1,38,26.33769690233734
1,39,26.33384217009005
1,40,22.955249435926522
1,41,21.510037895627512
1,42,22.644543182549913
1,43,24.652776894974128
1,44,28.12346721191755
1,45,30.449340937226886
1,46,34.21802000027929
1,47,35.592436799114466
1,48,38.78549905873161
1,49,41.38209024454021
1,50,41.78752533090845
1,51,38.42876577285744
1,52,35.15123483949529
1,53,32.23717867287522
1,54,29.094224722522842
1,55,25.6589481970672
1,56,22.52735830581265
1,57,19.86643702855979
1,58,17.955664663547573
1,59,14.915890321399923
1,60,12.660514249422201
1,61,12.973443148681934
1,62,10.156005088826715
1,63,12.65539738701303
1,64,13.709172636140186
1,65,14.360262824120666
1,66,16.502976129946525
1,67,18.726072525208533
1,68,18.885020495786833
1,69,22.64741193603763
1,70,22.85933379167306
1,71,24.71600729785523
1,72,25.60415190486965
1,73,29.321603168932757
1,74,31.848563631342987
1,75,35.55252693651152
1,76,37.797469644110365
1,77,41.399636819223716
1,78,44.5696614940002
1,79,45.14207272506032
1,80,41.959550443106224
1,81,40.37199465156435
1,82,36.95600099342837
1,83,37.880410793905746
1,84,37.8547795463316
1,85,39.46846157986247
1,86,42.39464267717438
1,87,40.70125025976575
1,88,37.526704824904456
1,89,36.57594224153733
1,90,33.520101765825935
1,91,33.82248080718403
1,92,33.42105505527114
1,93,29.978958939658284
1,94,28.90162345923833
1,95,25.167580865376113
1,96,25.75669499081142
1,97,24.147931176974105
1,98,20.74849134126532
1,99,20.485047680751855
1,100,17.857555832778566
1,101,20.651966372731508
1,102,19.01544922690728
1,103,16.160685225376284
1,104,18.956978275931398
1,105,21.45783977298633
1,106,19.24831169568282
1,107,18.629456636212197
1,108,22.427592853151086
1,109,23.458834771163662
1,110,25.328587552537762
2,1,3.8362654766233595
2,3,3.823616687926932
2,4,7.192809812270839
2,5,8.328431765149764
2,6,6.480194316838419
2,7,7.600464295720022
2,8,10.835355425243495
2,9,11.481750535568398
2,10,11.251147526172812
2,11,13.525988405779195
2,12,15.83190367110657
2,13,16.187838221830454
2,14,16.86231856759628
2,15,19.472249626308773
2,16,21.01686164482208
2,17,21.53805284163342
2,18,22.93063686829242
2,19,25.27157366206031
2,20,26.54754220537876
2,21,27.318693170766306
2,22,29.074627151449295
2,23,31.248217486048063
2,24,31.913784536415754
2,25,32.28716115796945
2,26,35.99312679165868
2,27,37.83955193306093
2,28,38.099964930584115
2,29,41.04730868621115
2,30,43.03003462900543
2,31,43.55550326381801
2,32,42.29159468545676
2,33,38.53071329753063
2,34,35.968201112342854
2,35,34.244183080050476
2,36,30.800199162829678
2,37,28.259721189835496
2,38,24.68826750916576
2,39,24.18915910008919
2,40,20.81541425304559
2,41,19.178695556815562
2,42,20.733890365489106
2,43,23.199208648772167
2,44,26.547734170651935
2,45,29.21647325842218
2,46,32.93548940587199
2,47,34.06113082487642
2,48,37.30192354640991
2,49,39.64721863093551
2,50,39.872658206798015
2,51,36.59923119032394
2,52,33.17983286737145
2,53,30.464375154004664
2,54,27.403601324442118
2,55,24.081438464363902
2,56,21.092905324994934
2,57,18.008585338137863
2,58,16.246943973041148
2,59,13.75605223170785
2,60,11.195898311956254
2,61,10.559726470835386
2,62,7.349575748138268
2,63,10.05944539210906
2,64,11.88972959215661
2,65,13.030142231261332
2,66,14.52674883574129
2,67,16.83899523223631
2,68,17.71389870984953
2,69,21.372034897761914
2,70,21.03639773171276
2,71,22.787195991575118
2,72,23.343413150142315
2,73,27.058739152765906
2,74,29.56460748209556
2,75,33.31469230465955
2,76,35.757095792215196
2,77,39.2396672625606
2,78,42.56104903656938
2,79,43.107368116348155
2,80,40.07477010781188
2,81,38.2334650482431
2,82,34.712450925735766
2,83,35.37334126966096
2,84,35.117786704822734
2,85,36.4917681282845
2,86,39.38001091871459
2,87,37.509525142753
2,88,34.44530396570656
2,89,33.69782098853181
2,90,30.729587421840442
2,91,31.179111335244663
2,92,30.640704809898253
2,93,27.260114484388513
2,94,26.120574084378422
2,95,22.378976797382983
2,96,22.813157281753153
2,97,21.578984445008714
2,98,18.12842299053294
2,99,17.385640998784215
2,100,14.622673384926852
2,101,16.86029505501155
2,102,15.200720804787881
2,103,12.428318736014067
2,104,15.353735460744424
2,105,17.828456130648092
2,106,15.826288888962173
2,107,15.430918010186565
2,108,19.235740781097665
2,109,20.30183920291796
2,110,22.513520026872293
3,1,6.415770671500416
3,2,3.823616687926932
3,4,3.785541292070107
3,5,5.207104933715589
3,6,5.164799123942988
3,7,6.3784351662706795
3,8,8.627891516342155
3,9,9.994007300181803
3,10,10.789748862364652
3,11,12.41053915279762
3,12,14.369744381377954
3,13,15.561030928911705
3,14,16.491133043483515
3,15,18.45844479082587
3,16,20.138879580223744
3,17,21.302510484784026
3,18,22.506327576913563
3,19,24.41819451857349
3,20,26.08485425930292
3,21,27.163406532296484
3,22,28.514114243522055
3,23,30.58746328029541
3,24,31.669152039821714
3,25,32.32728174325312
3,26,36.08049690902857
3,27,37.739828808820235
3,28,38.17970787774508
3,29,41.34173860859905
3,30,43.07839740442424
3,31,43.275646528868734
3,32,42.00981114334751
3,33,38.3497153067195
3,34,35.568582667210535
3,35,33.62997877038041
3,36,30.28537266513453
3,37,27.410043902729324
3,38,23.682040505459767
3,39,22.953778010375384
3,40,19.32718510248837
3,41,18.249295029534277
3,42,20.345955620647523
3,43,22.895377328443377
3,44,26.339782084711057
3,45,29.22654904963812
3,46,32.853942061370425
3,47,34.13867303950646
3,48,37.56942648561188
3,49,39.733316247854574
3,50,40.13173097289108
3,51,37.06896088075001
3,52,33.67929369721986
3,53,30.931800690300356
3,54,28.189007539407417
3,55,24.796327674498226
3,56,22.229924588436003
3,57,19.0166535517363
3,58,16.7834832532383
3,59,14.844348504200765
3,60,11.57857551425223
3,61,11.045535533467353
3,62,8.530515662083914
3,63,11.871822746998873
3,64,13.771723344926114
3,65,15.68557124969789
3,66,16.94897743404105
3,67,18.905267037823116
3,68,20.053087235909494
3,69,23.520313152714802
3,70,22.674149027257865
3,71,23.913498280428307
3,72,23.877624540994898
3,73,27.425820960886938
3,74,29.554441635011667
3,75,33.332690583929924
3,76,35.65862253804391
3,77,39.067734075388024
3,78,42.47060810369957
3,79,42.69421774435741
3,80,39.65766998327037
3,81,37.59357467210528
3,82,34.13024302283116
3,83,34.86062490756161
3,84,34.26226846549074
3,85,35.53311644651377
3,86,38.16588081182408
3,87,36.13459709317742
3,88,32.994822103263296
3,89,32.059506626007874
3,90,29.355633972155186
3,91,30.245721330239768
3,92,30.04412670034099
3,93,26.923648948666088
3,94,26.21174007144318
3,95,22.609519685196503
3,96,23.36060069976966
3,97,22.68365536251759
3,98,19.050645167528383
3,99,18.00482023292163
3,100,15.511835637458097
3,101,16.016865330562716
3,102,13.688065548005039
3,103,10.991253866301859
3,104,14.21828209434393
3,105,16.017357512064073
3,106,13.466932568733528
3,107,13.599523150385263
3,108,17.334115893276373
3,109,17.7799195010339
3,110,19.860359958302407
4,1,9.85309060704151
4,2,7.192809812270839
4,3,3.785541292070107
4,5,3.7915083524468507
4,6,5.575304801666312
4,7,5.233065853775512
4,8,6.181242079525176
4,9,8.747973539392149
4,10,9.93412161611207
4,11,10.433831361238651
4,12,12.33507475960434
4,13,14.326053117424282
4,14,15.046972744890464
4,15,16.36801640188341
4,16,18.407497555829142
4,17,19.98696375879364
4,18,20.753755043046663
4,19,22.381531707545758
4,20,24.48414114067987
4,21,25.615602580123134
4,22,26.516907703942522
4,23,28.63731965988307
4,24,30.113710418717776
4,25,30.858040216134857
4,26,34.580402065513866
4,27,35.960853779953595
4,28,36.44539633358611
4,29,39.75220832543525
4,30,41.22084143029858
4,31,41.12991524209851
4,32,39.80233722469465
4,33,36.252006239398526
4,34,33.28133795287714
4,35,31.242238172887394
4,36,28.052265171122492
4,37,24.928329523149433
4,38,21.13550086075645
4,39,20.13651141593073
4,40,16.406182247914973
4,41,15.749309518992163
4,42,18.29247072317558
4,43,20.944134900887953
4,44,24.35211397905093
4,45,27.441465408081502
4,46,30.930829927461318
4,47,32.266959783179196
4,48,35.822827271270704
4,49,37.779742768723544
4,50,38.30043017472494
4,51,35.45433644054389
4,52,32.11955159879451
4,53,29.393611288633736
4,54,26.990900234170248
4,55,23.61971982222149
4,56,21.533227392183523
4,57,18.268772472939602
4,58,15.72223999318036
4,59,14.522285639696765
4,60,10.883143848505004
4,61,10.330225180214654
4,62,8.903592854868633
4,63,12.474206915958604
4,64,14.193082262157077
4,65,16.838247949827167
4,66,17.886766699392723
4,67,19.290338124726578
4,68,20.672230032595056
4,69,23.82632986722556
4,70,22.449361803331527
4,71,23.12391413978873
4,72,22.51152711433183
4,73,25.830380724297132
4,74,27.585819887852026
4,75,31.34297182823036
4,76,33.55688635647388
4,77,36.869354651105475
4,78,40.32425477380995
4,79,40.290977987170216
4,80,37.290121868826944
4,81,35.0430211252415
4,82,31.642129313507848
4,83,32.4148787229462
4,84,31.564798166020882
4,85,32.78442332448827
4,86,35.222548577882925
4,87,33.13797204071224
4,88,29.92954535760399
4,89,28.840563331842098
4,90,26.32061063442803
4,91,27.515830454769386
4,92,27.595948019086432
4,93,24.729323129896617
4,94,24.43465638323287
4,95,21.041879760381743
4,96,22.166398774671556
4,97,21.992328317899553
4,98,18.269750111530385
4,99,17.118953583455347
4,100,15.179378657647927
4,101,14.425746065995405
4,102,11.864718393318157
4,103,9.018363655121114
4,104,12.03742785404488
4,105,13.294329512485525
4,106,10.282582911752128
4,107,10.572856391581047
4,108,14.157148215518184
4,109,14.251987412116119
4,110,16.179728658676307
5,1,9.575469644225079
5,2,8.328431765149764
5,3,5.207104933715589
5,4,3.7915083524468507
5,6,3.8103518859893093
5,7,5.441900814497143
5,8,5.07974272554405
5,9,6.300531147920335
5,10,8.684391576445854
5,11,9.808094780456605
5,12,10.620249381180546
5,13,12.498146957736127
5,14,14.126173713799155
5,15,15.298219514004035
5,16,16.645679915220835
5,17,18.555806334598905
5,18,19.86172080589396
5,19,21.09476849691453
5,20,22.919550111772516
5,21,24.54460588375845
5,22,25.59917505452431
5,23,27.28639729239863
5,24,28.67653251839733
5,25,29.828305551817575
5,26,33.62041964448449
5,27,35.25655671378304
5,28,36.117939344414694
5,29,39.510890890791416
5,30,41.10086899529425
5,31,41.01610803057315
5,32,40.02448254696264
5,33,36.49951112079403
5,34,33.70416269256706
5,35,31.335421295519748
5,36,27.997229717263036
5,37,24.92180728567674
5,38,21.137828642337936
5,39,20.724262853861394
5,40,16.877471194260988
5,41,16.790576767061076
5,42,18.992025068117453
5,43,21.08830022176343
5,44,24.7219831751644
5,45,27.52298694672982
5,46,31.026912085795022
5,47,32.77019614306045
5,48,36.39138501296693
5,49,38.551934389690906
5,50,39.40907419022098
5,51,36.5806556496363
5,52,33.438609421825255
5,53,30.43150272919317
5,54,28.110679016494462
5,55,24.537968484582155
5,56,22.515360918388375
5,57,19.645929384302374
5,58,16.63172199795123
5,59,15.05656905161651
5,60,11.32138577216359
5,61,12.012832727105097
5,62,11.051600592704744
5,63,14.82802502654189
5,64,15.816890321755814
5,65,18.458548080005446
5,66,20.13190693731305
5,67,21.29186166444291
5,68,22.079724316308074
5,69,25.289415013944314
5,70,24.20325167908167
5,71,24.716375606290267
5,72,24.194914057662995
5,73,27.437935216003797
5,74,29.011708583167117
5,75,32.724828353483694
5,76,34.60843385697481
5,77,38.03734190768953
5,78,41.342334231040844
5,79,41.15229158766292
5,80,37.95314179778651
5,81,35.91446422196136
5,82,32.69117727917957
5,83,33.86794742912296
5,84,33.16927982995445
5,85,34.69187346007781
5,86,37.05049833675716
5,87,35.18265446416607
5,88,31.784848704053775
5,89,30.298813723079036
5,90,27.779908150662997
5,91,28.9584408629656
5,92,29.412628107273534
5,93,26.597294287619743
5,94,26.615605706475307
5,95,23.29745572891873
5,96,24.815474791051173
5,97,24.396575202697054
5,98,20.590689887703963
5,99,19.97466464925909
5,100,18.292611915705645
5,101,18.02054691447572
5,102,15.515750884823596
5,103,12.56367535947247
5,104,15.224541919230319
5,105,16.374703303912003
5,106,13.035913390451435
5,107,12.915063430183098
5,108,16.306964884171148
5,109,16.18511155952454
5,110,17.352841763126758
6,1,7.068910961813951
6,2,6.480194316838419
6,3,5.164799123942988
6,4,5.575304801666312
6,5,3.8103518859893093
6,7,3.8337953298549525
6,8,5.459128924160854
6,9,5.188448013103578
6,10,6.329133296812537
6,11,8.724021187664265
6,12,9.998079696842263
6,13,10.753982139823187
6,14,12.313224475188795
6,15,14.339217767883557
6,16,15.46568474663668
6,17,16.70718918846264
6,18,18.363949701053414
6,19,20.072609356167344
6,20,21.4382484199431
6,21,22.832012913936605
6,22,24.38104247705266
6,23,26.139267092374226
6,24,27.07681051823969
6,25,28.0106741539427
6,26,31.816051050357864
6,27,33.707685874969194
6,28,34.477027085140726
6,29,37.70954797579902
6,30,39.581535070271286
6,31,39.83103163499582
6,32,38.92042696105656
6,33,35.27111900163007
6,34,32.72670375334181
6,35,30.47640316431309
6,36,26.95105778122608
6,37,24.220443865010797
6,38,20.55581786618542
6,39,20.560735320868847
6,40,16.916846895182086
6,41,16.27820058579355
6,42,17.833262574643015
6,43,19.733490469344265
6,44,23.4075614509244
6,45,25.950632861020335
6,46,29.600041338890723
6,47,31.318704621999338
6,48,34.810188657190444
6,49,37.22736737710736
6,50,38.036015659673005
6,51,34.995767131187286
6,52,31.86958437607155
6,53,28.756900416033726
6,54,26.15577292166658
6,55,22.51459149807808
6,56,20.133676547045592
6,57,17.47097246638417
6,58,14.554580461341164
6,59,12.320444043458734
6,60,8.8863246095104
6,61,10.110141354962114
6,62,9.039610265853089
6,63,12.724376675532255
6,64,13.178688904841064
6,65,15.549760310652843
6,66,17.702866631903497
6,67,18.815755334872897
6,68,19.14529601738759
6,69,22.48974503402665
6,70,21.83909615866001
6,71,22.635660598721124
6,72,22.625055603702783
6,73,26.03323426730457
6,74,27.912168442406937
6,75,31.624151544824073
6,76,33.52458644076372
6,77,37.095621460442494
6,78,40.29164580716139
6,79,40.378501357100255
6,80,37.10028477403892
6,81,35.34610165601031
6,82,32.08839152013341
6,83,33.341175630356986
6,84,33.05795182942476
6,85,34.8227127555043
6,86,37.456916261548926
6,87,35.844555824389076
6,88,32.42938413108025
6,89,31.014855299502244
6,90,28.150015851927186
6,91,28.830065933918924
6,92,29.06115487020692
6,93,25.95851048886222
6,94,25.69768039306727
6,95,22.23454559601234
6,96,23.71425255700106
6,97,22.73646787271707
6,98,18.96321758702927
6,99,18.86762616274707
6,100,17.179468310024074
6,101,18.571999303957757
6,102,16.682264802535414
6,103,13.315866690812086
6,104,15.66623125008873
6,105,17.603428872635032
6,106,14.678982895506556
6,107,13.72934643314109
6,108,17.315554913416545
6,109,17.985923978745216
6,110,19.196922963314062
7,1,9.469267689402418
7,2,7.600464295720022
7,3,6.3784351662706795
7,4,5.233065853775512
7,5,5.441900814497143
7,6,3.8337953298549525
7,8,3.8095461242689606
7,9,5.410078483473536
7,10,4.980951365168244
7,11,6.108501551503782
7,12,8.616982885536684
7,13,9.771407473960151
7,14,10.206200886001398
7,15,12.2010805452504
7,16,14.155604042550241
7,17,15.191946825484173
7,18,16.156102009118484
7,19,18.17517350163718
7,20,19.94401329994504
7,21,20.87586843474981
7,22,22.154353419725968
7,23,24.331316828684283
7,24,25.47065909849996
7,25,26.05850367522037
7,26,29.79778255174365
7,27,31.38381219661888
7,28,31.87838967742001
7,29,35.106431488972234
7,30,36.810436990909274
7,31,36.983963509136295
7,32,35.83942061910644
7,33,32.18684515085424
7,34,29.49466696458029
7,35,27.426246701065555
7,36,24.007366691300913
7,37,21.205216212164565
7,38,17.515602948527732
7,39,17.19096823010912
7,40,13.628704179217682
7,41,12.642111641111933
7,42,14.393765709139638
7,43,16.66374357000864
7,44,20.2181229187498
7,45,23.015272684915075
7,46,26.633699847341383
7,47,28.125370355269983
7,48,31.630818969890196
7,49,33.88879655881624
7,50,34.57435593727131
7,51,31.584075775390232
7,52,28.386667885402794
7,53,25.385645197896412
7,54,22.869673403995602
7,55,19.306271001674144
7,56,17.12206874754952
7,57,14.24142653141058
7,58,11.308604708161937
7,59,9.71039484140425
7,60,5.970224364525353
7,61,6.753238952693574
7,62,6.603657697005353
7,63,10.330805922143027
7,64,10.684821655561809
7,65,13.686721665951351
7,66,15.506450019708051
7,67,16.183869520656778
7,68,16.868222405387932
7,69,19.947348491734772
7,70,18.832246364033107
7,71,19.34865489893429
7,72,19.050067953820434
7,73,22.41664951839905
7,74,24.26052976506851
7,75,27.99654915520914
7,76,30.00960944916697
7,77,33.52455841148355
7,78,36.80084536024411
7,79,36.921245163340565
7,80,33.73826376185954
7,81,31.862955739278814
7,82,28.522114013954035
7,83,29.63484234677881
7,84,29.319810770357243
7,85,31.04661857182117
7,86,33.739657807800775
7,87,32.153280868005076
7,88,28.767219705184804
7,89,27.471719091445618
7,90,24.520622980260853
7,91,25.130284642962906
7,92,25.262582753384972
7,93,22.156121386902182
7,94,21.92419031036375
7,95,18.50520207107494
7,96,20.12150027304922
7,97,19.358422337509026
7,98,15.544288279485654
7,99,15.470605377628683
7,100,14.206901828880543
7,101,15.63392280124914
7,102,14.187813225318639
7,103,10.534064735756873
7,104,12.315535154310687
7,105,14.465583134520427
7,106,11.784227285847065
7,107,10.258475114841191
7,108,13.845611027021185
7,109,14.987358887995068
7,110,16.345291532644346
8,1,12.362503788694257
8,2,10.835355425243495
8,3,8.627891516342155
8,4,6.181242079525176
8,5,5.07974272554405
8,6,5.459128924160854
8,7,3.8095461242689606
8,9,3.7986668681233313
8,10,5.328514145969207
8,11,4.94685011175216
8,12,6.167708998068751
8,13,8.584841104240798
8,14,9.578423998758796
8,15,10.429865167234041
8,16,12.301362259453786
8,17,14.214683236659951
8,18,15.05691217017429
8,19,16.355444969436387
8,20,18.47263352036398
8,21,19.881309507302937
8,22,20.71477447265343
8,23,22.60682118325908
8,24,24.165621632530105
8,25,25.177073094959027
8,26,28.924754422367005
8,27,30.37563680442035
8,28,31.19127686813923
8,29,34.632367545318345
8,30,36.113602099237376
8,31,35.95971765502652
8,32,34.96802431347772
8,33,31.46875241583471
8,34,28.673361804247904
8,35,26.259876348652497
8,36,22.9324868572037
8,37,19.84425660223518
8,38,16.06591837861956
8,39,15.819771377734483
8,40,12.006733949829195
8,41,12.116355814169797
8,42,14.19324508564059
8,43,16.14129445772374
8,44,19.77900449549913
8,45,22.59752810571937
8,46,26.039406120631533
8,47,27.855977302440245
8,48,31.524560740253293
8,49,33.661699963807244
8,50,34.675725827471766
8,51,31.953663839307012
8,52,28.951554358949664
8,53,25.850315186266513
8,54,23.790222827028554
8,55,20.204386888501066
8,56,18.632053327996243
8,57,16.032026581009518
8,58,12.643978998241533
8,59,11.740316664909221
8,60,7.980949809921572
8,61,9.352977046723804
8,62,10.098720022631193
8,63,13.712424630133125
8,64,13.80594132727857
8,65,17.09296438307704
8,66,18.86789549314275
8,67,19.12796696393107
8,68,19.750860707945385
8,69,22.521387888689404
8,70,21.11753243335995
8,71,21.019898327552568
8,72,20.174485130633112
8,73,23.17749187245574
8,74,24.470575581787113
8,75,28.118530664317866
8,76,29.798990949259796
8,77,33.24900780242679
8,78,36.48580822078886
8,79,36.21587839982407
8,80,32.96305545936781
8,81,30.999413546890977
8,82,27.854995938224757
8,83,29.24524230806064
8,84,28.702154619350825
8,85,30.502928690627567
8,86,32.893938725043945
8,87,31.33623164060426
8,88,27.79546517386005
8,89,26.092991373048026
8,90,23.408779023807938
8,91,24.40857151957788
8,92,25.09582415715894
8,93,22.36275276386608
8,94,22.764548698478112
8,95,19.68668250371065
8,96,21.783825775530058
8,97,21.44685935968922
8,98,17.64874235747026
8,99,17.61129271348848
8,100,16.853338530991408
8,101,17.03911901518625
8,102,15.279350237166023
8,103,11.834729653165684
8,104,13.305721063862547
8,105,14.623072353265632
8,106,11.379802502162844
8,107,9.985882734574162
8,108,13.076457986963216
8,109,13.531869907980699
8,110,14.145046394962174
9,1,11.81961244027933
9,2,11.481750535568398
9,3,9.994007300181803
9,4,8.747973539392149
9,5,6.300531147920335
9,6,5.188448013103578
9,7,5.410078483473536
9,8,3.7986668681233313
9,10,3.794541105560298
9,11,5.445575042602713
9,12,5.109411875775092
9,13,6.282069056679753
9,14,8.575686183130745
9,15,9.86443327923479
9,16,10.59900924462312
9,17,12.443790538998622
9,18,14.191131940465873
9,19,15.350242807301386
9,20,16.803570628800173
9,21,18.6119030283886
9,22,19.946570191521197
9,23,21.402462442036118
9,24,22.55866066787836
9,25,23.859229719814472
9,26,27.676493454277903
9,27,29.545686929165733
9,28,30.665698057872238
9,29,34.06708315874833
9,30,35.8331857487782
9,31,35.89527945373557
9,32,35.265773937113075
9,33,31.740060359738642
9,34,29.287878979389024
9,35,26.67800036770059
9,36,23.136734720493564
9,37,20.378163598525347
9,38,16.792597048404257
9,39,17.380497576401464
9,40,13.791517012395104
9,41,14.030574846112762
9,42,15.274267456730598
9,43,16.48299184408788
9,44,20.27212395866534
9,45,22.593304442132194
9,46,26.099379793181917
9,47,28.25199848315696
9,48,31.857861454299663
9,49,34.31282860493955
9,50,35.5662728591549
9,51,32.750099326570115
9,52,29.943696037357228
9,53,26.588410316891633
9,54,24.44252139434313
9,55,20.709177116213404
9,56,18.983947179663964
9,57,16.913818522323957
9,58,13.35363729885086
9,59,11.714347379984368
9,60,8.374164490587475
9,61,10.929337673938537
9,62,11.650010154006775
9,63,15.176871978650814
9,64,14.58797745640643
9,65,17.54399056137906
9,66,19.95305723400318
9,67,20.1029705837386
9,68,20.011629489534798
9,69,22.87174975817983
9,70,22.00561620957865
9,71,21.999726594528983
9,72,21.581362175532526
9,73,24.578423030504887
9,74,25.906781671459992
9,75,29.464978510197582
9,76,30.871687112001197
9,77,34.465291866029354
9,78,37.48590586980349
9,79,37.25599397860378
9,80,33.81801476059897
9,81,32.22229701957798
9,82,29.244215161754816
9,83,30.97765346274421
9,84,30.793108626461606
9,85,32.916606261711976
9,86,35.37090826012692
9,87,34.10467877526246
9,88,30.476194828233343
9,89,28.561289040479576
9,90,25.749173411080697
9,91,26.440871068354316
9,92,27.256654811010613
9,93,24.439956280187555
9,94,24.865614297167344
9,95,21.79765019951472
9,96,24.034089546560775
9,97,23.205523108890837
9,98,19.453921544662798
9,99,19.983349082780798
9,100,19.241788027431785
9,101,20.441834255335525
9,102,18.833736231617443
9,103,15.281477844370473
9,104,16.70365765455222
9,105,18.298859324472893
9,106,15.150474223241027
9,107,13.480189532071478
9,108,16.45225878911777
9,109,17.06439462413858
9,110,17.257154686627228
10,1,11.795488175483982
10,2,11.251147526172812
10,3,10.789748862364652
10,4,9.93412161611207
10,5,8.684391576445854
10,6,6.329133296812537
10,7,4.980951365168244
10,8,5.328514145969207
10,9,3.794541105560298
10,11,3.823783693198074
10,12,5.400083040811951
10,13,5.039528778738719
10,14,6.033277636826816
10,15,8.568528937764096
10,16,9.78117231844826
10,17,10.528878966297876
10,18,12.124460919322454
10,19,14.135004781901845
10,20,15.395834969611192
10,21,16.541101005860902
10,22,18.217663419761575
10,23,20.101292083613185
10,24,20.928473121985267
10,25,21.706560291594542
10,26,25.50322047710087
10,27,27.403194252114428
10,28,28.2050736036965
10,29,31.44590855527975
10,30,33.37047795139308
10,31,33.706148534804406
10,32,32.95947500807881
10,33,29.303674328278785
10,34,26.97729208354745
10,35,24.641519441362256
10,36,20.99798540931973
10,37,18.54551481707275
10,38,15.088254427572197
10,39,15.83197377498916
10,40,12.596893346672827
10,41,12.010513128841616
10,42,12.645284794931591
10,43,13.892320574136296
10,44,17.641855961183172
10,45,19.894193049370998
10,46,23.545295159384153
10,47,25.487880195469415
10,48,28.977185428412504
10,49,31.56100378004329
10,50,32.651795553726124
10,51,29.65984445427764
10,52,26.803803445867203
10,53,23.435856698708683
10,54,21.058041837618035
10,55,17.30260133654
10,56,15.34468247583489
10,57,13.39899643527167
10,58,9.901223570967161
10,59,7.977747760327245
10,60,4.944881640099382
10,61,8.165733449981104
10,62,9.529606164506013
10,63,12.603813245505718
10,64,11.347357957534102
10,65,14.35289586509833
10,66,16.937630001800756
10,67,16.730581721214392
10,68,16.393821612951502
10,69,19.165140507152433
10,70,18.425073677765553
10,71,18.496859414749125
10,72,18.395682451777997
10,73,21.506374750752983
10,74,23.113434242345434
10,75,26.679258762094456
10,76,28.20546639842617
10,77,31.8824126690004
10,78,34.8689245219973
10,79,34.93843431444772
10,80,31.5140520092304
10,81,30.08402626588636
10,82,27.006525972166973
10,83,28.669984924028245
10,84,28.82579470036856
10,85,31.085663146622217
10,86,33.808746490419374
10,87,32.74425811283911
10,88,29.176087204734085
10,89,27.46887734149885
10,90,24.334041613524164
10,91,24.53064246308698
10,92,25.03411650068107
10,93,21.97061260558145
10,94,22.12979987803982
10,95,18.999059680282233
10,96,21.23452934197502
10,97,20.048265264397344
10,98,16.38870860280234
10,99,17.405499377089814
10,100,16.94171478066565
10,101,19.380976310687906
10,102,18.451122286449838
10,103,14.67758561557821
10,104,15.556756295570375
10,105,17.776798973900934
10,106,15.19287687227985
10,107,12.792199335746176
10,108,15.780326925341857
10,109,17.234142040970447
10,110,17.66808649933165
11,1,14.841713582421196
11,2,13.525988405779195
11,3,12.41053915279762
11,4,10.433831361238651
11,5,9.808094780456605
11,6,8.724021187664265
11,7,6.108501551503782
11,8,4.94685011175216
11,9,5.445575042602713
11,10,3.823783693198074
11,12,3.8229646896822205
11,13,5.37573336888198
11,14,4.864900117319197
11,15,6.131764169885104
11,16,8.602146591808001
11,17,9.854522557093262
11,18,10.324868676457807
11,19,12.15267983705875
11,20,14.248633774255834
11,21,15.20050777679372
11,22,16.162325871875396
11,23,18.35001889643976
11,24,19.758826040559686
11,25,20.456360620775982
11,26,24.17840025561239
11,27,25.61873529122899
11,28,26.332258796057666
11,29,29.729426635707153
11,30,31.298767610340462
11,31,31.30368104448846
11,32,30.37570065333557
11,33,26.808712981456758
11,34,24.194976050948316
11,35,21.806986307097297
11,36,18.332478441204927
11,37,15.507327610286104
11,38,11.851717766807367
11,39,12.249484714561738
11,40,8.844345080416968
11,41,8.696013235925191
11,42,9.861692444548774
11,43,11.384370532809056
11,44,15.10914791467967
11,45,17.751468392344677
11,46,21.255539820197125
11,47,23.158882574761176
11,48,26.80049745105549
11,49,29.103177552158343
11,50,30.25784397109877
11,51,27.501742358683913
11,52,24.669071787626294
11,53,21.381308390170854
11,54,19.423617914479884
11,55,15.771414890826403
11,56,14.517630381187324
11,57,12.499757021081102
11,58,8.764387773398074
11,59,8.40815414385438
11,60,5.427677522108642
11,61,7.97937445277112
11,62,10.38196945999674
11,63,13.251599736819225
11,64,12.088216420857698
11,65,15.627642227869963
11,66,17.660430886861935
11,67,16.967432996187448
11,68,17.090717938891544
11,69,19.371454742411192
11,70,17.942759111046854
11,71,17.33698554618162
11,72,16.498008941176447
11,73,19.302773096527147
11,74,20.4869804689032
11,75,24.043380074838062
11,76,25.503268412149705
11,77,29.074700314522225
11,78,32.159274294373525
11,79,31.994079838780305
11,80,28.62732398820171
11,81,26.95331964002425
11,82,23.884038055571303
11,83,25.55875268086755
11,84,25.479565575396165
11,85,27.710908231636097
11,86,30.288032122854545
11,87,29.219498233240206
11,88,25.59243423831179
11,89,23.75728136100126
11,90,20.716760534899993
11,91,21.1387537263572
11,92,21.90940677803143
11,93,19.101243983110937
11,94,19.71814668134264
11,95,16.880514599257577
11,96,19.50750068500828
11,97,18.891396767538364
11,98,15.27186472714305
11,99,16.19720004184172
11,100,16.368192264464412
11,101,17.878359392022123
11,102,17.118410379651156
11,103,13.456968777048655
11,104,13.649361681437227
11,105,15.455572309377798
11,106,12.916648360283814
11,107,10.153236689401611
11,108,12.63119740431216
11,109,14.111254178223845
11,110,14.198260281114042
12,1,16.537038529404203
12,2,15.83190367110657
12,3,14.369744381377954
12,4,12.33507475960434
12,5,10.620249381180546
12,6,9.998079696842263
12,7,8.616982885536684
12,8,6.167708998068751
12,9,5.109411875775092
12,10,5.400083040811951
12,11,3.8229646896822205
12,13,3.777285823836229
12,14,5.383320833666752
12,15,5.052288059113859
12,16,6.2009159177200335
12,17,8.696793732847517
12,18,9.796536855399232
12,19,10.506108316618546
12,20,12.490812920423979
12,21,14.34636109791731
12,22,15.183928668344075
12,23,16.67499543830145
12,24,18.248252193348915
12,25,19.6342320690837
12,26,23.39112957801894
12,27,24.994524311408618
12,28,26.247317421651974
12,29,29.792729787153615
12,30,31.335203519353602
12,31,31.171272161438733
12,32,30.644499067638037
12,33,27.244448732460647
12,34,24.79687292826111
12,35,21.963334827472444
12,36,18.492320686299397
12,37,15.668087610445577
12,38,12.193303259892236
12,39,13.279509184419576
12,40,10.001811672535306
12,41,11.095839912523438
12,42,11.954817191941046
12,43,12.50527613870914
12,44,16.23656406166624
12,45,18.453934672502147
12,46,21.748881655950942
12,47,24.160285634829535
12,48,27.84965950558083
12,49,30.216219080755277
12,50,31.791349281675327
12,51,29.244298492372476
12,52,26.737003106892043
12,53,23.288908440549722
12,54,21.69478196544389
12,55,18.062510802006507
12,56,17.197604284245358
12,57,15.724110146567375
12,58,11.902775917193289
12,59,11.450806581333499
12,60,8.849577654069126
12,61,11.753210853956706
12,62,13.896559706199945
12,63,16.924277844205914
12,64,15.62722885548957
12,65,19.00272565858531
12,66,21.289631895156834
12,67,20.529280559077574
12,68,20.294420900865365
12,69,22.476978302445108
12,70,21.22808596731049
12,71,20.364309581994036
12,72,19.426544370051072
12,73,21.879775823950503
12,74,22.61583346513185
12,75,25.96347302900499
12,76,26.946405684256717
12,77,30.490414143442237
12,78,33.372815246413595
12,79,32.87990750797132
12,80,29.369797755603948
12,81,27.864066387579438
12,82,25.131342437918917
12,83,27.223574349222893
12,84,27.133998249370602
12,85,29.550763055839578
12,86,31.85527643983103
12,87,30.95387929084844
12,88,27.207342533783336
12,89,24.927543450530745
12,90,22.144802105981388
12,91,22.760551732161623
12,92,24.063155029708348
12,93,21.594490219144106
12,94,22.668084181581456
12,95,20.13064967234897
12,96,22.998420790210574
12,97,22.435880316297197
12,98,18.910810699377894
12,99,19.946687270757533
12,100,20.176200761989726
12,101,21.22783969731949
12,102,20.146199768895308
12,103,16.62320358374644
12,104,16.953213741937535
12,105,18.26384835481137
12,106,15.366020032356047
12,107,12.96206214862668
12,108,15.002094280221941
12,109,15.82145053803199
12,110,15.09069742375437
13,1,16.273376920277393
13,2,16.187838221830454
13,3,15.561030928911705
13,4,14.326053117424282
13,5,12.498146957736127
13,6,10.753982139823187
13,7,9.771407473960151
13,8,8.584841104240798
13,9,6.282069056679753
13,10,5.039528778738719
13,11,5.37573336888198
13,12,3.777285823836229
13,14,3.789528347405739
13,15,5.302659281289005
13,16,4.979125416019574
13,17,6.196211735141064
13,18,8.487573138769958
13,19,9.796448263313627
13,20,10.708875878988396
13,21,12.489094874511792
13,22,14.214766690520293
13,23,15.561482771929226
13,24,16.385847972984926
13,25,17.67030176082383
13,26,21.49617657071404
13,27,23.562879590323874
13,28,24.86245306639205
13,29,28.23117077232023
13,30,30.168162399652353
13,31,30.422023436803393
13,32,30.131254542908987
13,33,26.626444101210495
13,34,24.604279161226888
13,35,21.85150114176981
13,36,18.150722575742535
13,37,15.95271233061981
13,38,12.89116218728979
13,39,14.710234309902683
13,40,12.012108869491652
13,41,12.435796979625453
13,42,12.199692772089413
13,43,12.07913886497677
13,44,15.809942098284738
13,45,17.448890842467346
13,46,20.886698348032233
13,47,23.414439259961306
13,48,26.922987978372955
13,49,29.652154949711342
13,50,31.278091965716616
13,51,28.52571575062851
13,52,26.15195133408738
13,53,22.527665097464016
13,54,20.6877474173102
13,55,16.97955668428853
13,56,15.824212407434969
13,57,14.93228802720665
13,58,11.231118583504204
13,59,10.075214494409872
13,60,8.405498950138037
13,61,12.010768746744112
13,62,14.177241058560774
13,63,16.843116078932987
13,64,14.857895670957292
13,65,17.840026841507825
13,66,20.602447038516864
13,67,19.642224856852593
13,68,18.722409972036896
13,69,20.879872391110258
13,70,20.194941896702627
13,71,19.523520133601096
13,72,19.19628675872326
13,73,21.71088823079821
13,74,22.70622669673578
13,75,25.955235795352937
13,76,26.821185739482548
13,77,30.512882928820435
13,78,33.180655602094824
13,79,32.96221660323343
13,80,29.34120169496378
13,81,28.271881475612727
13,82,25.615468339053173
13,83,27.86855069528192
13,84,28.280848225349462
13,85,30.96439553379634
13,86,33.493840741154486
13,87,32.892391797934266
13,88,29.180231255069412
13,89,26.97393038116889
13,90,23.92237210788382
13,91,23.970540610791257
13,92,25.073542303390568
13,93,22.37651291410041
13,94,23.195534122648475
13,95,20.614672574193637
13,96,23.448168771733
13,97,22.297635941069267
13,98,18.927217714797255
13,99,20.544506199844285
13,100,20.806464715786227
13,101,23.1447498048042
13,102,22.40830083801893
13,103,18.69924655474495
13,104,18.951420445414808
13,105,20.810920014034156
13,106,18.211350676265837
13,107,15.473927115627546
13,108,17.655450701247737
13,109,18.996352899020213
13,110,18.42408563394007
14,1,17.545991113846693
14,2,16.86231856759628
14,3,16.491133043483515
14,4,15.046972744890464
14,5,14.126173713799155
14,6,12.313224475188795
14,7,10.206200886001398
14,8,9.578423998758796
14,9,8.575686183130745
14,10,6.033277636826816
14,11,4.864900117319197
14,12,5.383320833666752
14,13,3.789528347405739
14,15,3.8170058248811163
14,16,5.528503852287266
14,17,5.278822457626893
14,18,6.124829849130237
14,19,8.63008788644362
14,20,10.021193979528302
14,21,10.676757797402574
14,22,12.27164311534207
14,23,14.43586351146537
14,24,15.330957658319807
14,25,15.881456268562774
14,26,19.647834424175596
14,27,21.39893084796756
14,28,22.24223035365084
14,29,25.56436838082848
14,30,27.42627426919223
14,31,27.741013745131113
14,32,27.151477439099487
14,33,23.535764786474324
14,34,21.40686501755253
14,35,18.931103836582086
14,36,15.203973540353575
14,37,13.07151105027035
14,38,10.020702729649264
14,39,11.806298074895594
14,40,9.559480165734524
14,41,9.358970522633621
14,42,8.560774087648621
14,43,8.530667597179638
14,44,12.291989988843355
14,45,14.181355246022653
14,46,17.753586629504305
14,47,20.006627225416583
14,48,23.527705267483565
14,49,26.20418744472811
14,50,27.665234437624243
14,51,24.856893878551123
14,52,22.399167234290186
14,53,18.80659405346728
14,54,16.965545456003063
14,55,13.268438457627079
14,56,12.3508878386722
14,57,11.612986092721837
14,58,7.931679655716195
14,59,7.678338860640133
14,60,6.86614188109413
14,61,10.205281217872203
14,62,13.150494823030009
14,63,15.223802444393856
14,64,12.87400556427324
14,65,16.066473366988586
14,66,18.5438113854901
14,67,17.052497522500726
14,68,16.239524813544897
14,69,17.98226074245621
14,70,16.981229779031395
14,71,15.968374710080955
14,72,15.503438465437373
14,73,17.93540786083276
14,74,18.969574734810966
14,75,22.241790249240907
14,76,23.23680619608602
14,77,26.955594372227903
14,78,29.693852098057867
14,79,29.646098065281656
14,80,26.085704787800132
14,81,24.984895616197598
14,82,22.19387036735475
14,83,24.338750939424276
14,84,24.91565317920804
14,85,27.659160648453987
14,86,30.351576533359484
14,87,29.88578085462881
14,88,26.2422562978327
14,89,24.221182133005833
14,90,20.952660745854903
14,91,20.660727510368634
14,92,21.575532196597578
14,93,18.79701493016685
14,94,19.599370841485943
14,95,17.162998551891775
14,96,20.15455518450032
14,97,19.027999610357377
14,98,15.846661480287136
14,99,17.792895112421544
14,100,18.59300496108798
14,101,21.338102219703632
14,102,21.18216575214828
14,103,17.508878155535683
14,104,17.071981146288817
14,105,19.145506013797508
14,106,17.092075086440012
14,107,13.845591369285751
14,108,15.684613521345296
14,109,17.645479911228776
14,110,17.20503700479691
15,1,20.357994747274756
15,2,19.472249626308773
15,3,18.45844479082587
15,4,16.36801640188341
15,5,15.298219514004035
15,6,14.339217767883557
15,7,12.2010805452504
15,8,10.429865167234041
15,9,9.86443327923479
15,10,8.568528937764096
15,11,6.131764169885104
15,12,5.052288059113859
15,13,5.302659281289005
15,14,3.8170058248811163
15,16,3.801827488774521
15,17,5.439173751472189
15,18,5.015024635815958
15,19,6.045187412222325
15,20,8.584535911693708
15,21,9.788858137129896
15,22,10.308587974678291
15,23,12.284040136922293
15,24,14.024709220986407
15,25,15.04760976667909
15,26,18.72338184972886
15,27,20.088151324843007
15,28,21.25018664041013
15,29,24.83324772472747
15,30,26.29428004958837
15,31,26.131764571519994
15,32,25.64325849103656
15,33,22.252268427442658
15,34,19.934095482003
15,35,17.046049539750832
15,36,13.508436555364186
15,37,10.907019849407744
15,38,7.7558231555520685
15,39,9.843457471031943
15,40,7.702736666231381
15,41,9.007618753552455
15,42,8.61296623937283
15,43,8.041416441238542
15,44,11.627847877430064
15,45,13.589546669582443
15,46,16.772099586781195
15,47,19.349925920511346
15,48,23.03605507330241
15,49,25.43740913036601
15,50,27.237468357532663
15,51,24.836615243475677
15,52,22.640873844600236
15,53,19.101809243728805
15,54,17.972532578232872
15,55,14.547211474276319
15,56,14.547984741475702
15,57,13.96227109374075
15,58,10.360479011160972
15,59,11.069380654434452
15,60,9.93463169151604
15,61,12.77283046020295
15,62,15.869302354166852
15,63,18.097535538471927
15,64,16.05682927595661
15,65,19.468633571657772
15,66,21.631582386485004
15,67,19.99136554631788
15,68,19.47448073621942
15,69,20.874643518727186
15,70,19.442547762421437
15,71,17.829590531000193
15,72,16.638395254556585
15,73,18.497814671397613
15,74,18.786721102716818
15,75,21.861557825181073
15,76,22.45594371118096
15,77,26.016155585506798
15,78,28.71066305185381
15,79,28.18895106990032
15,80,24.5948113740386
15,81,23.34993471903337
15,82,20.819436671081238
15,83,23.251115187012296
15,84,23.555618605754102
15,85,26.359758105956548
15,86,28.704134878888034
15,87,28.322910440612958
15,88,24.568418818576887
15,89,22.131524805554637
15,90,19.169001948582256
15,91,19.263497573105035
15,92,20.811762234374402
15,93,18.568717927091136
15,94,20.075299823804244
15,95,18.124004907507175
15,96,21.460681652433177
15,97,20.910499348857403
15,98,17.8498761722155
15,99,19.573941556164332
15,100,20.710142854960658
15,101,22.322585976248412
15,102,22.018878341106603
15,103,18.575886627788485
15,104,17.862060075679107
15,105,19.258943874216477
15,106,17.059820900463446
15,107,13.944238495093146
15,108,15.055447949965835
15,109,16.54245278176544
15,110,15.311719533769754
16,1,21.245165873882836
16,2,21.01686164482208
16,3,20.138879580223744
16,4,18.407497555829142
16,5,16.645679915220835
16,6,15.46568474663668
16,7,14.155604042550241
16,8,12.301362259453786
16,9,10.59900924462312
16,10,9.78117231844826
16,11,8.602146591808001
16,12,6.2009159177200335
16,13,4.979125416019574
16,14,5.528503852287266
16,15,3.801827488774521
16,17,3.8067662623578196
16,18,5.498671277999814
16,19,5.183079921396494
16,20,6.378191869253899
16,21,8.855046674085603
16,22,9.988749692925502
16,23,10.863762232121793
16,24,12.173265419800524
16,25,13.958503937162451
16,26,17.693509457528698
16,27,19.586517749810003
16,28,21.318840539096414
16,29,24.864269906304884
16,30,26.57266295613811
16,31,26.551613043448192
16,32,26.60026826511069
16,33,23.343666336737282
16,34,21.51083366864254
16,35,18.37000223865649
