1,2,3.8511262073507626
1,3,6.65786554586103
1,4,10.123096555855513
1,5,9.966735538779606
1,6,7.492687822906071
1,7,9.686410616648251
1,8,12.577144101686548
1,9,11.929839701722988
1,10,11.924454368711636
1,11,14.929032781089203
1,12,16.652740347294678
1,13,16.357884810061957
1,14,17.663927124847643
1,15,20.510386586455777
1,16,21.365089892595076
1,17,21.848160399598527
1,18,23.636552595126588
1,19,25.993123769471378
1,20,26.910308863752018
1,21,28.018830512878047
1,22,29.949338002732336
1,23,31.89188952329435
1,24,32.29841249500383
1,25,33.09743357668474
1,26,36.87364372108626
1,27,38.72938913745348
1,28,39.66698708721251
1,29,42.71129173895662
1,30,44.645452932675866
1,31,45.91020788911922
1,32,44.283933312627596
1,33,40.490031012378005
1,34,37.521187602787904
1,35,35.75090440704382
1,36,32.282184384856045
1,37,29.80097814972524
1,38,26.21812849547888
1,39,26.20817729094767
1,40,22.769223447040158
1,41,21.45672226399217
1,42,22.498288069879347
1,43,24.612940851892642
1,44,28.05088087657376
1,45,30.77029919332401
1,46,34.451656378317466
1,47,35.964354521397055
1,48,39.35485592973393
1,49,41.58060682057086
1,50,41.73165065572891
1,51,38.643394831497105
1,52,35.00517989895316
1,53,32.17809470528934
1,54,28.904578473340088
1,55,25.597655309424727
1,56,22.38565217155722
1,57,19.901192167395532
1,58,17.890899975300982
1,59,14.935220171293807
1,60,12.823784115529037
1,61,12.996037915082383
1,62,10.026363829148963
1,63,12.392341593283273
1,64,13.839870787075972
1,65,13.350007774144387
1,66,15.548542065726163
1,67,18.253705726641822
1,68,18.613776704398138
1,69,22.254136514076684
1,70,22.760992883469154
1,71,24.520934806154056
1,72,25.250073634629025
1,73,28.934006411258288
1,74,31.267101173181203
1,75,35.06203664664711
1,76,37.44583915820519
1,77,40.75422435962478
1,78,44.23663479219664
1,79,44.74998777953405
1,80,41.885694030331344
1,81,39.62411540097884
1,82,36.23278343104275
1,83,36.93035792956035
1,84,36.6344805186567
1,85,38.16309966721941
1,86,40.87017136347193
1,87,39.42326135901022
1,88,35.857605680473576
1,89,34.655318688205874
1,90,31.832818592381457
1,91,32.67368486008482
1,92,32.640773925695065
1,93,29.529295779176973
1,94,28.644634836286336
1,95,24.953098564997422
1,96,25.614379503120745
1,97,24.26834823351683
1,98,20.79715971027296
1,99,20.29191175133715
1,100,17.64872678857332
2,1,3.8511262073507626
2,3,3.8156030551677373
2,4,7.211982555825254
2,5,8.366357349241015
2,6,6.526012069031985
2,7,7.522987463237867
2,8,10.752955215797076
2,9,11.28429375670772
2,10,11.143545244330717
2,11,13.37677898690393
2,12,15.664689925339804
2,13,16.007780998299722
2,14,16.753760218246615
2,15,19.367928657378854
2,16,20.86810860184264
2,17,21.51563897341396
2,18,22.724743337563527
2,19,25.15447439479712
2,20,26.549496760953843
2,21,27.419777960099367
2,22,28.96595911665325
2,23,31.232778287965907
2,24,31.96370518668309
2,25,32.520643618968904
2,26,36.26262576980875
2,27,37.775346249353845
2,28,38.493980244542705
2,29,41.60642674028399
2,30,43.25690659113326
2,31,44.335464822338054
2,32,42.46510530316008
2,33,38.65972053277183
2,34,35.50642289528789
2,35,33.901441407395
2,36,30.6141336643161
2,37,27.947034893681636
2,38,24.31375291253224
2,39,23.825018190332766
2,40,20.372211780780237
2,41,18.920415351115413
2,42,20.417203041162747
2,43,22.962001650078925
2,44,26.278239588053104
2,45,29.304450799604744
2,46,32.87794357006672
2,47,34.161247291405346
2,48,37.604696717845364
2,49,39.555718733401136
2,50,39.55234563660317
2,51,36.59733662581426
2,52,32.9371906896781
2,53,30.279812176145196
2,54,27.108579654077687
2,55,24.03555649365653
2,56,20.984049745687706
2,57,18.057211051553153
2,58,16.09558376311817
2,59,13.732836845976339
2,60,11.209699204484409
2,61,10.532284450224086
2,62,7.305608852367739
2,63,10.008750852985555
2,64,12.103564999170727
2,65,12.46643372320887
2,66,14.115681064919539
2,67,16.668524841574488
2,68,17.741951092344152
2,69,21.226107427810547
2,70,21.111271798406303
2,71,22.66254085724198
2,72,22.996763840923144
2,73,26.615976210296846
2,74,28.849709952654994
2,75,32.65040072450356
2,76,35.173246351585554
2,77,38.31829430652841
2,78,41.90852288036985
2,79,42.36822420253549
2,80,39.68516126435077
2,81,37.21360832941084
2,82,33.733621670283966
2,83,34.20076837629817
2,84,33.65710507122844
2,85,34.96286766721559
2,86,37.615586570276385
2,87,36.003628321019434
2,88,32.504634601415944
2,89,31.44847742197202
2,90,28.72814040616874
2,91,29.769031329089156
2,92,29.69000075257963
2,93,26.669693251467894
2,94,25.82699330382094
2,95,22.154403917319215
2,96,22.769904115455713
2,97,21.854693963263838
2,98,18.251805045796594
2,99,17.279136667128583
2,100,14.570196365594109
3,1,6.65786554586103
3,2,3.8156030551677373
3,4,3.7963874668648803
3,5,5.285115056785317
3,6,5.225484279998656
3,7,6.280138901879793
3,8,8.559340319412268
3,9,9.909560662622347
3,10,10.780117238083257
3,11,12.314119544156243
3,12,14.275729282293735
3,13,15.481020671954854
3,14,16.44226254317032
3,15,18.415409327821173
3,16,20.06943022878735
3,17,21.349417916308482
3,18,22.337796525224196
3,19,24.34596169344288
3,20,26.155153795181118
3,21,27.289880929096668
3,22,28.41372481390141
3,23,30.620623556538337
3,24,31.7810527667828
3,25,32.52901155937162
3,26,36.273684299738356
3,27,37.54185078688629
3,28,38.398270936264524
3,29,41.700012870136355
3,30,43.157020493498194
3,31,43.91888718859286
3,32,42.02173941225638
3,33,38.24706762996616
3,34,34.941467616142404
3,35,33.159363762966656
3,36,30.02130749448867
3,37,27.03000318716659
3,38,23.277689925725447
3,39,22.52244824743838
3,40,18.859325509115873
3,41,17.97296803565741
3,42,20.018705254365702
3,43,22.638797322269536
3,44,26.03896318214058
3,45,29.252782736007553
3,46,32.684435072687386
3,47,34.08614487814749
3,48,37.670292799536135
3,49,39.45079695658078
3,50,39.60532279510726
3,51,36.899040427369904
3,52,33.33892385256661
3,53,30.643149860529963
3,54,27.77169136101158
3,55,24.778668053916313
3,56,22.129992589223942
3,57,19.020590748709377
3,58,16.599543348460315
3,59,14.825557857247126
3,60,11.573285343969326
3,61,11.032557073356507
3,62,8.570158467408653
3,63,11.902230385062412
3,64,13.960967726723121
3,65,15.166031180313713
3,66,16.72591710108585
3,67,18.82843364668662
3,68,20.155513374254962
3,69,23.372755423939903
3,70,22.79874177743719
3,71,23.819339982485264
3,72,23.559413860149004
3,73,26.958026228743286
3,74,28.76710142424396
3,75,32.56156459445998
3,76,34.93012631876373
3,77,37.948781336195125
3,78,41.594492069010236
3,79,41.73051811979161
3,80,39.09967727658813
3,81,36.407243143880756
3,82,33.0112651701809
3,83,33.55728212400621
3,84,32.676818562246396
3,85,33.875416232070094
3,86,36.237847176435345
3,87,34.42677337060157
3,88,30.925128561292553
3,89,29.639887897517763
3,90,27.231497409489148
3,91,28.688231923597677
3,92,28.998460881099746
3,93,26.305611546658085
3,94,25.934044626773048
3,95,22.4485122100896
3,96,23.413338148911414
3,97,23.030072311233695
3,98,19.282085066091984
3,99,17.96761877539641
3,100,15.546248012974662
4,1,10.123096555855513
4,2,7.211982555825254
4,3,3.7963874668648803
4,5,3.810856755160638
4,6,5.537194217027109
4,7,5.108713817603904
4,8,6.105449151100687
4,9,8.711140381519305
4,10,9.962859018330846
4,11,10.36367327390717
4,12,12.254817557087303
4,13,14.262496298832271
4,14,15.003270645726914
4,15,16.326299215939436
4,16,18.3362148807081
4,17,20.028753531751644
4,18,20.573304057444506
4,19,22.28581726857089
4,20,24.525640065601838
4,21,25.69190845524587
4,22,26.36056267277304
4,23,28.627794584410466
4,24,30.175263570739215
4,25,30.933172238026636
4,26,34.61416647551458
4,27,35.580992042113536
4,28,36.45788466791566
4,29,39.88570004778285
4,30,41.1195273523053
4,31,41.606434940361055
4,32,39.65651633476511
4,33,35.93053922832992
4,34,32.51251730239912
4,35,30.647612704333266
4,36,27.694291730491305
4,37,24.473043250143572
4,38,20.692771086550106
4,39,19.660927721829125
4,40,15.921249332982681
4,41,15.481278475245546
4,42,17.97237986944027
4,43,20.662750701264176
4,44,24.022109457651986
4,45,27.3887718139084
4,46,30.637629485828946
4,47,32.0753591096185
4,48,35.74401601902259
4,49,37.34430124124902
4,50,37.62894257364286
4,51,35.16597288650732
4,52,31.73521202768062
4,53,29.040808587930243
4,54,26.4964618475924
4,55,23.659560721331413
4,56,21.478152016696757
4,57,18.272685796789105
4,58,15.53781114982746
4,59,14.520362061918936
4,60,10.856738994706793
4,61,10.38111568837052
4,62,9.080209560011886
4,63,12.666216284515187
4,64,14.403017490827594
4,65,16.44628686574255
4,66,17.925195218947522
4,67,19.387977174972654
4,68,20.912970470687632
4,69,23.736862663466763
4,70,22.68798733053409
4,71,23.118903528400114
4,72,22.283882636417143
4,73,25.401674612672373
4,74,26.79018759313571
4,75,30.53244920656439
4,76,32.73832052626745
4,77,35.62966193889821
4,78,39.293873154009326
4,79,39.17039070647188
4,80,36.60307724565162
4,81,33.75127432725378
4,82,30.445924419071677
4,83,31.067704111748416
4,84,29.959614746407855
4,85,31.13194862203513
4,86,33.27428650462571
4,87,31.40588557228982
4,88,27.884176398047583
4,89,26.392099949313028
4,90,24.18741255758548
4,91,25.909638320461017
4,92,26.552773256424288
4,93,24.170543349279136
4,94,24.26402401591114
4,95,21.038275844744174
4,96,22.421992257509743
4,97,22.493059584976915
4,98,18.708868200896664
4,99,17.282982700298447
4,100,15.448772507985439
5,1,9.966735538779606
5,2,8.366357349241015
5,3,5.285115056785317
5,4,3.810856755160638
5,6,3.7920609620326355
5,7,5.428977259495113
5,8,4.9653639594166
5,9,6.287661287217879
5,10,8.768211976075252
5,11,9.758631042326456
5,12,10.541244031867931
5,13,12.491058859748247
5,14,14.147023404191904
5,15,15.302879691642628
5,16,16.61083254238747
5,17,18.648516298603866
5,18,19.73939654680891
5,19,21.049307184826716
5,20,23.046673393794066
5,21,24.717943100429917
5,22,25.543808348244138
5,23,27.375897484358397
5,24,28.878807564227287
5,25,30.076385805834853
5,26,33.818500475371785
5,27,35.01873187136485
5,28,36.28112128928426
5,29,39.78003183937431
5,30,41.23057619529761
5,31,41.72341904656552
5,32,40.08121109378748
5,33,36.388094129436666
5,34,33.112929675768726
5,35,30.88084480903398
5,36,27.772639526993217
5,37,24.572444923988026
5,38,20.77095475670337
5,39,20.31345068722817
5,40,16.47796811263257
5,41,16.631987514387014
5,42,18.753997936031375
5,43,20.882266588260048
5,44,24.494109338370798
5,45,27.59450119332598
5,46,30.89414473306386
5,47,32.74136190039624
5,48,36.454875771388814
5,49,38.31054476795847
5,50,38.94045084569619
5,51,36.47571368321653
5,52,33.144002389777796
5,53,30.166665913847496
5,54,27.697928223469084
5,55,24.58229472795827
5,56,22.475326099928143
5,57,19.660348709998946
5,58,16.493221407893966
5,59,15.085984142252414
5,60,11.349295093422871
5,61,12.113942937940166
5,62,11.20891458888844
5,63,15.002537167967976
5,64,16.0774654010135
5,65,17.85298394640725
5,66,19.96398166572824
5,67,21.335655375313994
5,68,22.268782247087568
5,69,25.118930287151024
5,70,24.44847597337745
5,71,24.752581332659414
5,72,24.024512855073358
5,73,27.100799207567828
5,74,28.331592140745933
5,75,32.068006814262006
5,76,33.95268911443379
5,77,36.99654899376101
5,78,40.5427542731104
5,79,40.25791036066276
5,80,37.46096459210077
5,81,34.76228813462048
5,82,31.6543648907922
5,83,32.694242135897
5,84,31.76369919659509
5,85,33.24621263442851
5,86,35.284103115515514
5,87,33.61214154327939
5,88,29.99139492297298
5,89,28.10873788229775
5,90,25.920973489599987
5,91,27.541957311710373
5,92,28.519892103839343
5,93,26.213189299884533
5,94,26.568687585443378
5,95,23.421657034746804
5,96,25.14855734890822
5,97,24.931886747403336
5,98,21.151800850726413
5,99,20.219787552513534
5,100,18.606863073813727
6,1,7.492687822906071
6,2,6.526012069031985
6,3,5.225484279998656
6,4,5.537194217027109
6,5,3.7920609620326355
6,7,3.7947752902304743
6,8,5.266630413166208
6,9,4.962777203449535
6,10,6.282191570780309
6,11,8.541009890246322
6,12,9.78598317666778
6,13,10.620755800559168
6,14,12.242925132203212
6,15,14.236356758445813
6,16,15.326112498300418
6,17,16.72054525002569
6,18,18.171058927135167
6,19,19.954787496639117
6,20,21.490407949726276
6,21,22.971710928144866
6,22,24.297199209730916
6,23,26.167410389434053
6,24,27.21968368078151
6,25,28.296199068826212
6,26,32.09175619676328
6,27,33.592988401541895
6,28,34.80082556204043
6,29,38.156041226565776
6,30,39.857077865132126
6,31,40.67829375680743
6,32,39.127056238506874
6,33,35.382412275591335
6,34,32.27593572062697
6,35,30.122805840399145
6,36,26.776440692668107
6,37,23.900300710888747
6,38,20.165067042100286
6,39,20.15297003201267
6,40,16.471660927299748
6,41,16.067761125638775
6,42,17.538842667353858
6,43,19.49471007296358
6,44,23.16275008744717
6,45,26.054828661976416
6,46,29.556268292329683
6,47,31.41260041802618
6,48,35.0358906131243
6,49,37.14882612295426
6,50,37.739454824603186
6,51,35.020788474955864
6,52,31.602902108346
6,53,28.530468467735112
6,54,25.790764603415372
6,55,22.46209497011711
6,56,20.022347221396505
6,57,17.44283265781732
6,58,14.378280246289341
6,59,12.30288973325363
6,60,8.88722742138334
6,61,10.1399658607477
6,62,9.081324804202097
6,63,12.792489905423428
6,64,13.416925340729241
6,65,14.768200961984991
6,66,17.285729663334088
6,67,18.71987843154701
6,68,19.22673061223751
6,69,22.222090251296354
6,70,21.98301903777986
6,71,22.583885668277308
6,72,22.3556116128294
6,73,25.65230401769211
6,74,27.236257603778224
6,75,31.021281645658128
6,76,32.9691381234795
6,77,36.217327732095235
6,78,39.69454008713171
6,79,39.692950701035166
6,80,36.753648709977156
6,81,34.315001538516896
6,82,31.145546021746007
6,83,32.24868069693248
6,84,31.734334507446345
6,85,33.466420791793496
6,86,35.81380033431002
6,87,34.43774520281557
6,88,30.74222428620316
6,89,28.98302384020918
6,90,26.389312063693758
6,91,27.515354479174672
6,92,28.199398130137375
6,93,25.55238432392403
6,94,25.57828769370603
6,95,22.255524199936847
6,96,23.90900061721233
6,97,23.150321865775084
6,98,19.428555646167535
6,99,19.012334064201433
6,100,17.389913658513358
7,1,9.686410616648251
7,2,7.522987463237867
7,3,6.280138901879793
7,4,5.108713817603904
7,5,5.428977259495113
7,6,3.7947752902304743
7,8,3.820531752770962
7,9,5.416053354157341
7,10,5.118526755424623
7,11,6.094662993124802
7,12,8.598679778056363
7,13,9.788998695670347
7,14,10.266326671565068
7,15,12.236393078649721
7,16,14.169056245282816
7,17,15.343918578683619
7,18,16.087213681618042
7,19,18.18569197316596
7,20,20.087412289744705
7,21,21.089816206775645
7,22,22.14405503114322
7,23,24.43495441039653
7,24,25.643957323290266
7,25,26.32169577675369
7,26,30.049752984477497
7,27,31.270424513595216
7,28,32.18886216748483
7,29,35.53606465765537
7,30,37.03000362902452
7,31,37.79446722920773
7,32,36.03507417219745
7,33,32.26806462935644
7,34,29.055323925532427
7,35,27.113531414640907
7,36,23.87685082762698
7,37,20.956258330679454
7,38,17.21818639826051
7,39,16.878195482557963
7,40,13.26171269504344
7,41,12.490178366289364
7,42,14.176977293690275
7,43,16.513888805338958
7,44,20.039426152048428
7,45,23.15988064568034
7,46,26.59859275035466
7,47,28.219642521865698
7,48,31.850863097595553
7,49,33.7934970816462
7,50,34.252026741160805
7,51,31.587622486920562
7,52,28.154349101899886
7,53,25.195531482673047
7,54,22.522592892455894
7,55,19.377664974003768
7,56,17.111876707969827
7,57,14.268876448612996
7,58,11.203301082692116
7,59,9.7848518766973
7,60,6.040924543034774
7,61,6.826597740543732
7,62,6.667240269815727
7,63,10.441405197186638
7,64,10.909431944171063
7,65,13.078027859097368
7,66,15.279262390488324
7,67,16.20517457845891
7,68,17.09041754170018
7,69,19.777641909368008
7,70,19.065059438989973
7,71,19.376947394803878
7,72,18.853751246446393
7,73,22.085704055653657
7,74,23.625123226332203
7,75,27.41633387621629
7,76,29.470569722054208
7,77,32.648197648368765
7,78,36.18282379472711
7,79,36.23199121486731
7,80,33.40029017693172
7,81,30.878528838896788
7,82,27.615319420859198
7,83,28.574305283550537
7,84,28.035155533380166
7,85,29.74004727720769
7,86,32.165941621303325
7,87,30.845524250739054
7,88,27.14733686705119
7,89,25.51427486309032
7,90,22.79924987520953
7,91,23.859325342565715
7,92,24.441641867842502
7,93,21.78511284316844
7,94,21.850404727274295
7,95,18.584544369502797
7,96,20.380567125721434
7,97,19.835386237961433
7,98,16.096694960933014
7,99,15.671251683825059
7,100,14.46923516261358
8,1,12.577144101686548
8,2,10.752955215797076
8,3,8.559340319412268
8,4,6.105449151100687
8,5,4.9653639594166
8,6,5.266630413166208
8,7,3.820531752770962
8,9,3.8394672626588062
8,10,5.475168027063735
8,11,5.017666823881196
8,12,6.171148419737027
8,13,8.623496930034472
8,14,9.674230190558475
8,15,10.519648415194295
8,16,12.322728268402036
8,17,14.36172032578091
8,18,15.012125368513836
8,19,16.378824905040045
8,20,18.62711650694119
8,21,20.091344099050424
8,22,20.719683576997337
8,23,22.7345997962529
8,24,24.368528964866094
8,25,25.406691350165143
8,26,29.102901761216888
8,27,30.157737493570203
8,28,31.379220434722605
8,29,34.90833330186715
8,30,36.302258566053496
8,31,36.76120021809659
8,32,35.1494612693778
8,33,31.467690238969258
8,34,28.227084165944753
8,35,25.93506554994412
8,36,22.814813086358434
8,37,19.62243248138733
8,38,15.825743681073087
8,39,15.570038106660245
8,40,11.768848104790338
8,41,12.131297222704786
8,42,14.08882253938012
8,43,16.039434122059856
8,44,19.666026427278545
8,45,22.748948938552147
8,46,25.9913713793658
8,47,27.923592570486207
8,48,31.657773650954393
8,49,33.55015766732431
8,50,34.35177485359451
8,51,31.966259762793886
8,52,28.757827584906348
8,53,25.669941851135697
8,54,23.43036616477666
8,55,20.343244453708238
8,56,18.66584969607691
8,57,16.067816591429487
8,58,12.572105453600102
8,59,11.801816564710066
8,60,8.013291082178077
8,61,9.511399425454362
8,62,10.251331587850677
8,63,13.927119556376605
8,64,14.03827590635395
8,65,16.484219866491028
8,66,18.753841490183827
8,67,19.256732532677635
8,68,20.01469448742883
8,69,22.347200837819646
8,70,21.448695268522204
8,71,21.167893282346835
8,72,20.14353737730802
8,73,22.984941661097935
8,74,23.94998484480544
8,75,27.635925583092945
8,76,29.304704993338298
8,77,32.407102935454574
8,78,35.8787495835363
8,79,35.53646122725273
8,80,32.646832601180904
8,81,30.03886936900718
8,82,27.01990176288362
8,83,28.305344043353415
8,84,27.590062825483358
8,85,29.39788569973319
8,86,31.48096233406604
8,87,30.168944690270035
8,88,26.435498180889134
8,89,24.34717944032808
8,90,21.939724507474384
8,91,23.277559717370618
8,92,24.442549182509058
8,93,22.225836945613228
8,94,22.925835323528755
8,95,20.041110335507533
8,96,22.314818601676723
8,97,22.10049180311856
8,98,18.446688084706018
8,99,18.05745139376374
8,100,17.337798210544374
9,1,11.929839701722988
9,2,11.28429375670772
9,3,9.909560662622347
9,4,8.711140381519305
9,5,6.287661287217879
9,6,4.962777203449535
9,7,5.416053354157341
9,8,3.8394672626588062
9,10,3.8031859322231094
9,11,5.430159509390741
9,12,5.124979481809564
9,13,6.30415020628239
9,14,8.640432724257998
9,15,9.97590668712821
9,16,10.643495676699585
9,17,12.572526974636354
9,18,14.154968117760355
9,19,15.429247828860538
9,20,17.019441346064216
9,21,18.88468874027226
9,22,20.05822842866426
9,23,21.631459591025482
9,24,22.87155023083256
9,25,24.266827983158418
9,26,28.047425756363552
9,27,29.541542813969524
9,28,31.074468009528474
9,29,34.54356193149879
9,30,36.29773173259296
9,31,36.9867903998058
9,32,35.710905544358724
9,33,32.05363898832304
9,34,29.085254738084675
9,35,26.564808371820526
9,36,23.184146804039862
9,37,20.308672856707503
9,38,16.651720221017268
9,39,17.23610447624956
9,40,13.666474919735581
9,41,14.082384233982069
9,42,15.163833008454759
9,43,16.400837009474316
9,44,20.20596185275759
9,45,22.837859046560787
9,46,26.229156761257578
9,47,28.49633151575788
9,48,32.16433260136315
9,49,34.4239163227896
9,50,35.456251985864085
9,51,32.915093336846354
9,52,29.753260355988246
9,53,26.422863371530198
9,54,24.076714075820345
9,55,20.664264582084744
9,56,18.829490283604194
9,57,16.7823844989753
9,58,13.171662528660937
9,59,11.593372957602583
9,60,8.28579693695096
9,61,10.922945573051125
9,62,11.564295242111623
9,63,15.132283633624457
9,64,14.639888784809969
9,65,16.47657823412347
9,66,19.348570797748543
9,67,19.901910485254525
9,68,19.941974099504083
9,69,22.37463375501306
9,70,22.08996535133727
9,71,21.968407658620052
9,72,21.414618788227347
9,73,24.335213194584945
9,74,25.424381882873043
9,75,29.083462130101346
9,76,30.537564807813673
9,77,33.856402763052486
9,78,37.16150022667178
9,79,36.88662340794304
9,80,33.75169392370366
9,81,31.46566306548526
9,82,28.59864450766901
9,83,30.208405259730807
9,84,29.88468089223003
9,85,32.01237725953456
9,86,34.18458574314486
9,87,33.163390928247296
9,88,29.380788251823095
9,89,27.158208029055295
9,90,24.585177468672004
9,91,25.533515552549726
9,92,26.70886503021455
9,93,24.357047114700098
9,94,24.97232732617405
9,95,22.053593041684113
9,96,24.391455345946905
9,97,23.643008423471098
9,98,20.090751692060007
9,99,20.263942064366184
9,100,19.52672984025604
10,1,11.924454368711636
10,2,11.143545244330717
10,3,10.780117238083257
10,4,9.962859018330846
10,5,8.768211976075252
10,6,6.282191570780309
10,7,5.118526755424623
10,8,5.475168027063735
10,9,3.8031859322231094
10,11,3.7968864291887643
10,12,5.378996469792839
10,13,4.956652842150721
10,14,6.042394793824217
10,15,8.59620982684259
10,16,9.741886560922746
10,17,10.596408121126505
10,18,12.02876757209708
10,19,14.143327661963207
10,20,15.501946177053238
10,21,16.746506343043094
10,22,18.262392771959767
10,23,20.219138721604804
10,24,21.09822717591152
10,25,22.042558998224077
10,26,25.840195142632826
10,27,27.42742816281011
10,28,28.67731837988323
10,29,32.00098484241902
10,30,33.84294686231628
10,31,34.80636336779607
10,32,33.44998798448748
10,33,29.72821266736362
10,34,26.843310239974834
10,35,24.57619478920287
10,36,21.051746498922178
10,37,18.48811885658205
10,38,14.93513426908226
10,39,15.720729596441632
10,40,12.460871337683027
10,41,12.051905007918718
10,42,12.511420862061282
10,43,13.792403622735414
10,44,17.553188136664545
10,45,20.13708245063922
10,46,23.697019362811737
10,47,25.789308063627807
10,48,29.37329559792721
10,49,31.74751728029943
10,50,32.628252502373215
10,51,29.88502260868631
10,52,26.62887477526898
10,53,23.294570014517944
10,54,20.723654450038225
10,55,17.211321717512615
10,56,15.162635713666198
10,57,13.254351026089825
10,58,9.724176286008431
10,59,7.847144641362404
10,60,4.878996631490941
10,61,8.164010933083695
10,62,9.433966160688492
10,63,12.554925735216788
10,64,11.388645311896116
10,65,13.281382167091483
10,66,16.286431334534388
10,67,16.503465508483583
10,68,16.320522196800532
10,69,18.6376467729442
10,70,18.47462409595864
10,71,18.4276540403168
10,72,18.177752419949016
10,73,21.240032941320734
10,74,22.636210582837418
10,75,26.32599314677771
10,76,27.923814999332738
10,77,31.366871725249354
10,78,34.64789497611665
10,79,34.680265158556885
10,80,31.513076424148174
10,81,29.40692932303686
10,82,26.4194743598324
10,83,27.953402423948774
10,84,27.97481785629814
10,85,30.25320270520542
10,86,32.72711720651359
10,87,31.963984285666303
10,88,28.170052489504233
10,89,26.19580968088778
10,90,23.243433188787968
10,91,23.71099170705849
10,92,24.521197097264476
10,93,21.87800449802597
10,94,22.20010187552813
10,95,19.209349433500826
10,96,21.52950392373582
10,97,20.43076402975374
10,98,17.012305160613547
10,99,17.675572791954846
10,100,17.22871804179313
11,1,14.929032781089203
11,2,13.37677898690393
11,3,12.314119544156243
11,4,10.36367327390717
11,5,9.758631042326456
11,6,8.541009890246322
11,7,6.094662993124802
11,8,5.017666823881196
11,9,5.430159509390741
11,10,3.7968864291887643
11,12,3.803546717668763
11,13,5.29035845385956
11,14,4.856246675822664
11,15,6.160876615924473
11,16,8.55640347721281
11,17,9.916428941670976
11,18,10.22162341804703
11,19,12.139477673812896
11,20,14.306443159332781
11,21,15.334549657419725
11,22,16.135627049461014
11,23,18.411269548569717
11,24,19.842454218906113
11,25,20.59837991718988
11,26,24.29808898494906
11,27,25.42022642607144
11,28,26.560277316766886
11,29,30.029379150872263
11,30,31.548836493603112
11,31,32.21010502180089
11,32,30.695609887957698
11,33,26.985675532670882
11,34,23.91148466421135
11,35,21.614699752199854
11,36,18.28346665470704
11,37,15.380281669258263
11,38,11.67281293550966
11,39,12.134062944094945
11,40,8.733233968621079
11,41,8.794937851678446
11,42,9.75873962344889
11,43,11.266891801247983
11,44,15.001360634098772
11,45,17.90423544128265
11,46,21.259958744729136
11,47,23.30554144087286
11,48,27.003020296172124
11,49,29.126617005931433
11,50,30.08094553394685
11,51,27.59874218641125
11,52,24.466334535277415
11,53,21.184123854528817
11,54,19.009541212733232
11,55,15.792647443828576
11,56,14.423162578401726
11,57,12.359978184865541
11,58,8.584036375316218
11,59,8.301005055395049
11,60,5.257832990448855
11,61,7.992595769486423
11,62,10.352111239795633
11,63,13.315376345981287
11,64,12.11246175136807
11,65,14.835100527878508
11,66,17.341171996513328
11,67,16.950670627098823
11,68,17.209467250017394
11,69,18.97691137966035
11,70,18.136199766051423
11,71,17.390586868792504
11,72,16.40671898762172
11,73,19.101750889938963
11,74,20.02347190350164
11,75,23.665989798892102
11,76,25.139067753487012
11,77,28.44500305845667
11,78,31.779751532849144
11,79,31.582279119517086
11,80,28.50024057515577
11,81,26.190750299863065
11,82,23.239660133996782
11,83,24.825237637696148
11,84,24.649436199657135
11,85,26.932753671645344
11,86,29.243433881143872
11,87,28.49534152412112
11,88,24.68899133279001
11,89,22.550943629912666
11,90,19.695678113308084
11,91,20.32004486749487
11,92,21.43798308882512
11,93,19.10431399948265
11,94,19.919325348395084
11,95,17.26977830636808
11,96,20.002377688288544
11,97,19.426731499873842
11,98,16.08667020380503
11,99,16.634919310440186
11,100,16.811430272248145
12,1,16.652740347294678
12,2,15.664689925339804
12,3,14.275729282293735
12,4,12.254817557087303
12,5,10.541244031867931
12,6,9.78598317666778
12,7,8.598679778056363
12,8,6.171148419737027
12,9,5.124979481809564
12,10,5.378996469792839
12,11,3.803546717668763
12,13,3.7814817567960013
12,14,5.431253737609532
12,15,5.167070073985619
12,16,6.21097386896318
12,17,8.788653402854234
12,18,9.745003286647565
12,19,10.551964346040993
12,20,12.645483564190217
12,21,14.55192733455689
12,22,15.253101932241917
12,23,16.84935806338111
12,24,18.482596531526383
12,25,19.901447619182203
12,26,23.598471577507627
12,27,24.844248299307058
12,28,26.501018552025883
12,29,30.082077695466467
12,30,31.723599352636636
12,31,32.224334516140445
12,32,31.076405052449335
12,33,27.50497138908834
12,34,24.61456566860939
12,35,21.852256844109032
12,36,18.53441491671813
12,37,15.62268447239789
12,38,12.091769284426382
12,39,13.201917943893404
12,40,10.002659742776089
12,41,11.25706669831306
12,42,11.91105447207943
12,43,12.431185146625117
12,44,16.196896852000542
12,45,18.66110529962768
12,46,21.838787676599534
12,47,24.3632871813519
12,48,28.055968392951016
12,49,30.320380107351095
12,50,31.697933333577847
12,51,29.406501428581635
12,52,26.54282152118739
12,53,23.092661422934874
12,54,21.27447031733485
12,55,18.0303719359298
12,56,17.055293003262317
12,57,15.5274999488175
12,58,11.712427005217252
12,59,11.306764599019377
12,60,8.690676403647398
12,61,11.748098180946014
12,62,13.841414946864536
12,63,16.946063361558075
12,64,15.630620768390134
12,65,18.05176400552552
12,66,20.83389407913663
12,67,20.436629003550383
12,68,20.310773797701994
12,69,21.96669843087373
12,70,21.369276839303062
12,71,20.40261044357715
12,72,19.357102428192583
12,73,21.7243050459235
12,74,22.22552821762756
12,75,25.67614255429811
12,76,26.66784089356509
12,77,29.969056821948715
12,78,33.1144165830071
12,79,32.59594705490359
12,80,29.3568225314587
12,81,27.179638648142255
12,82,24.597424985022336
12,83,26.616063681295657
12,84,26.469853520354988
12,85,28.935595640420576
12,86,30.948508531492326
12,87,30.322132140262102
12,88,26.528307397531815
12,89,23.96851119689491
12,90,21.40357134525386
12,91,22.098208341609546
12,92,23.69820478727431
12,93,21.72337734225923
12,94,22.939033628446683
12,95,20.581958547431714
12,96,23.52297858725535
12,97,22.948246047379502
12,98,19.73226912305411
12,99,20.386821451200287
12,100,20.60339675374672
13,1,16.357884810061957
13,2,16.007780998299722
13,3,15.481020671954854
13,4,14.262496298832271
13,5,12.491058859748247
13,6,10.620755800559168
13,7,9.788998695670347
13,8,8.623496930034472
13,9,6.30415020628239
13,10,4.956652842150721
13,11,5.29035845385956
13,12,3.7814817567960013
13,14,3.7952893416262405
13,15,5.365146817559018
13,16,5.014044404876219
13,17,6.298908548638716
13,18,8.439051456414896
13,19,9.881814888346737
13,20,10.912428843400228
13,21,12.769724017987139
13,22,14.37409214898633
13,23,15.794733796478367
13,24,16.6878262383664
13,25,18.12824609342997
13,26,21.9274759476178
13,27,23.68093384820448
13,28,25.402717933722208
13,29,28.800262340653358
13,30,30.82733947948883
13,31,31.737651964150036
13,32,30.815110817027136
13,33,27.24036330068048
13,34,24.666298140723576
13,35,21.95302150688759
13,36,18.348092602308746
13,37,16.037356478041993
13,38,12.847463675386724
13,39,14.684740296185959
13,40,12.01045095858264
13,41,12.5435285966791
13,42,12.110096351564383
13,43,12.013174848848076
13,44,15.791009053373212
13,45,17.754975281460073
13,46,21.165386079641376
13,47,23.813056148715454
13,48,27.35105018768879
13,49,29.985826795025165
13,50,31.40415086041756
13,51,28.84556944974737
13,52,25.961050545727474
13,53,22.36038923383506
13,54,20.295331579737432
13,55,16.75929128311778
13,56,15.518769279695988
13,57,14.603553562685326
13,58,10.968236786527022
13,59,9.809814553676778
13,60,8.204642974655675
13,61,11.896607289037112
13,62,13.978510307622573
13,63,16.688523933401214
13,64,14.73830301389703
13,65,16.615440494229023
13,66,19.7896675001348
13,67,19.29483440983382
13,68,18.495320573758878
13,69,20.12276223565452
13,70,20.118594497519297
13,71,19.385912447830353
13,72,18.962116176233934
13,73,21.472232435893037
13,74,22.318318144767268
13,75,25.734619894109827
13,76,26.68548316874329
13,77,30.210448220087507
13,78,33.19596536258687
13,79,32.972273000903044
13,80,29.554194516891283
13,81,27.774028269130348
13,82,25.23195195529614
13,83,27.372673902246355
13,84,27.725922733788583
13,85,30.44235094667014
13,86,32.71771485380674
13,87,32.40362937437708
13,88,28.608803040577715
13,89,26.207952151107445
13,90,23.32465855736603
13,91,23.455418466288613
13,92,24.73727232794312
13,93,22.462635511441743
13,94,23.337730392390824
13,95,20.896903919762067
13,96,23.747489848572474
13,97,22.580845782028774
13,98,19.564584687981263
13,99,20.805382661731034
13,100,21.05182091930521
14,1,17.663927124847643
14,2,16.753760218246615
14,3,16.44226254317032
14,4,15.003270645726914
14,5,14.147023404191904
14,6,12.242925132203212
14,7,10.266326671565068
14,8,9.674230190558475
14,9,8.640432724257998
14,10,6.042394793824217
14,11,4.856246675822664
14,12,5.431253737609532
14,13,3.7952893416262405
14,15,3.798490892777479
14,16,5.513015959957119
14,17,5.368766912229759
14,18,6.024274372525823
14,19,8.637801088877188
14,20,10.081347306488462
14,21,10.848465029467457
14,22,12.307356567541781
14,23,14.511816840359533
14,24,15.421181202229928
14,25,16.12480122718661
14,26,19.894162842641478
14,27,21.38818352936234
14,28,22.678835925685938
14,29,26.043373612567677
14,30,27.919052760299707
14,31,28.905539391297314
14,32,27.735011958673066
14,33,24.070095616158685
14,34,21.409755904303914
14,35,18.974772467838505
14,36,15.327249186828732
14,37,13.112954373658953
14,38,9.945512477645657
14,39,11.802126416555453
14,40,9.559016402228728
14,41,9.477187237722257
14,42,8.468677022136122
14,43,8.438238852297655
14,44,12.230936644261284
14,45,14.42817029500456
14,46,17.945086925584594
14,47,20.34876744232077
14,48,23.90886357020711
14,49,26.47710522280286
14,50,27.74379553537288
14,51,25.13170621198693
14,52,22.19264973382678
14,53,18.6195785414485
14,54,16.549274692357297
14,55,13.078051085601425
14,56,12.089775594499477
14,57,11.28014170141301
14,58,7.6939709160235035
14,59,7.4713711845215
14,60,6.702044318868072
14,61,10.124878101389951
14,62,13.014792400104303
14,63,15.152163919534253
14,64,12.764725670741218
14,65,15.094905025292688
14,66,17.93977872622861
14,67,16.837248583597525
14,68,16.171176566372075
14,69,17.32290483666064
14,70,16.974688872311642
14,71,15.874611998213672
14,72,15.289025309200074
14,73,17.699990212729162
14,74,18.57333611935048
14,75,22.00439478707217
14,76,23.069141579171163
14,77,26.62713527104571
14,78,29.659419965941247
14,79,29.611195548961255
14,80,26.240268806678817
14,81,24.470089102372526
14,82,21.7934557800245
14,83,23.839175332330402
14,84,24.37424934878084
14,85,27.173834569382752
14,86,29.625980147514735
14,87,29.50482178380202
14,88,25.738011408307536
14,89,23.53970435445646
14,90,20.40791715287387
14,91,20.18906024349755
14,92,21.26070575964771
14,93,18.898612049063026
14,94,19.757624200321878
14,95,17.48171845548413
14,96,20.489277359212274
14,97,19.340960376804638
14,98,16.55777162045015
14,99,18.11608992380146
14,100,18.909346962101914
15,1,20.510386586455777
15,2,19.367928657378854
15,3,18.415409327821173
15,4,16.326299215939436
15,5,15.302879691642628
15,6,14.236356758445813
15,7,12.236393078649721
15,8,10.519648415194295
15,9,9.97590668712821
15,10,8.59620982684259
15,11,6.160876615924473
15,12,5.167070073985619
15,13,5.365146817559018
15,14,3.798490892777479
15,16,3.8083311454264495
15,17,5.458696243726629
15,18,4.847303076240475
15,19,5.996670926389339
15,20,8.587513211388092
15,21,9.830208624078763
15,22,10.242830505178707
15,23,12.307078637426198
15,24,14.055031896207627
15,25,15.072859388164675
15,26,18.705584672266824
15,27,19.77587608260319
15,28,21.342825449682724
15,29,24.939075395466393
15,30,26.559598823359394
15,31,27.110394835511645
15,32,26.037706310758473
15,33,22.487246760751216
15,34,19.760827511905674
15,35,16.92375582717372
15,36,13.492541766712737
15,37,10.854486040173354
15,38,7.64922740830138
15,39,9.822515122074876
15,40,7.814960164973917
15,41,9.185247562597208
15,42,8.543031882240124
15,43,7.87165494484888
15,44,11.507200089847279
15,45,13.6683287636351
15,46,16.763915119789257
15,47,19.466329933264515
15,48,23.117485089902434
15,49,25.503215198281083
15,50,27.12474613937195
15,51,24.931505626788972
15,52,22.332289363333253
15,53,18.774642990613458
15,54,17.406021466728237
15,55,14.372686038322257
15,56,14.29837642564277
15,57,13.597283922269902
15,58,10.10563207186172
15,59,10.869917350886515
15,60,9.745459066274039
15,61,12.715252651168392
15,62,15.792894464690022
15,63,18.094855261360625
15,64,15.945642398732392
15,65,18.60439614857483
15,66,21.200139445098067
15,67,19.8795485914473
15,68,19.46944014163678
15,69,20.251135390523125
15,70,19.488936400831385
15,71,17.785609694475742
15,72,16.50792345197426
15,73,18.292390977039425
15,74,18.385709199011522
15,75,21.581589817564595
15,76,22.176395884443995
15,77,25.560160535932475
15,78,28.507492251875213
15,79,27.999037881443474
15,80,24.612176366689138
15,81,22.723139630358833
15,82,20.36315876468424
15,83,22.750707818087797
15,84,23.088641804840357
15,85,25.978938855598738
15,86,28.053829850514475
15,87,28.009701148114857
15,88,24.272140800392386
15,89,21.656422451966776
15,90,18.856638394470227
15,91,18.849768991138568
15,92,20.55235085317769
15,93,18.78324323245905
15,94,20.340830791183937
15,95,18.583199925926145
15,96,21.942651897935846
15,97,21.303610929631834
15,98,18.659811073800824
15,99,20.004109781490172
15,100,21.126786338969175
16,1,21.365089892595076
16,2,20.86810860184264
16,3,20.06943022878735
16,4,18.3362148807081
16,5,16.61083254238747
16,6,15.326112498300418
16,7,14.169056245282816
16,8,12.322728268402036
16,9,10.643495676699585
16,10,9.741886560922746
16,11,8.55640347721281
16,12,6.21097386896318
16,13,5.014044404876219
16,14,5.513015959957119
16,15,3.8083311454264495
16,17,3.8077134110618784
16,18,5.446954759887215
16,19,5.24886321404904
16,20,6.543979797775555
16,21,9.068702764606817
16,22,10.15051483175813
16,23,11.084457275700014
16,24,12.451532332317685
16,25,14.313664147703856
16,26,17.982913193575655
16,27,19.578078515231738
16,28,21.707739088640444
16,29,25.227177299881717
16,30,27.221166776686694
16,31,27.898313822867316
16,32,27.325901136124685
16,33,23.95884170486201
16,34,21.659108892064886
16,35,18.532998503242524
16,36,15.063233628428245
16,37,12.989843822635454
16,38,10.461322572298057
16,39,13.187516844290988
16,40,11.491558221437684
16,41,12.962643205559505
16,42,11.919454098573777
16,43,10.471762033092743
16,44,13.84201430612945
16,45,15.173009391450979
16,46,18.157828342220217
16,47,21.27085763355325
16,48,24.731704271850756
16,49,27.42831954700058
16,50,29.361380454582477
16,51,27.164380699822306
16,52,24.76560472472584
16,53,21.082169510386297
16,54,19.780426457257224
16,55,16.60157528983002
16,56,16.462599387014855
16,57,16.292756086866977
16,58,12.900407799707121
16,59,12.879909503379965
16,60,12.009689451455817
16,61,15.456610586821629
16,62,18.172457595630238
16,63,20.58029669373376
16,64,18.25597505776737
16,65,20.397687342275077
16,66,23.38777025956364
16,67,22.22401533569737
16,68,21.2684213306796
16,69,22.12256963434933
16,70,21.912404727448866
16,71,20.39388074412838
16,72,19.533107678613497
16,73,21.274637334092294
16,74,21.372000764396358
16,75,24.37545796794111
16,76,24.6262824922531
16,77,28.073032745825262
16,78,30.747428031269397
16,79,30.17504933061399
16,80,26.615958095118668
16,81,25.09830467422377
16,82,23.08313965842134
16,83,25.760232850769853
16,84,26.335175682662545
16,85,29.38105445638004
16,86,31.36216961208949
16,87,31.481236255633704
16,88,27.786864871395462
16,89,25.026660749974848
16,90,22.346425172757787
16,91,22.19522259441353
16,92,23.977335805094228
16,93,22.25637152747996
16,94,23.7617475998664
16,95,22.01468835732001
16,96,25.31541705705465
16,97,24.351665346985758
16,98,21.77320526966372
16,99,23.323874863892296
16,100,24.251240398293763
17,1,21.848160399598527
17,2,21.51563897341396
17,3,21.349417916308482
17,4,20.028753531751644
17,5,18.648516298603866
17,6,16.72054525002569
17,7,15.343918578683619
17,8,14.36172032578091
17,9,12.572526974636354
17,10,10.596408121126505
17,11,9.916428941670976
17,12,8.788653402854234
17,13,6.298908548638716
17,14,5.368766912229759
17,15,5.458696243726629
17,16,3.8077134110618784
17,18,3.7986769706526466
17,19,5.460870198306882
17,20,5.137529676069038
17,21,6.6305624469195825
17,22,8.94077710146643
17,23,10.200250131621157
17,24,10.547461580529415
17,25,11.907466781882244
17,26,15.7117089467412
17,27,17.731573672299394
17,28,19.646472561468734
17,29,22.938534086145374
17,30,25.24130154837688
17,31,26.386404076551823
17,32,25.881245398733796
17,33,22.48249337267393
17,34,20.474716313121522
17,35,17.63286445093374
17,36,13.924384287115995
17,37,12.635674026719794
17,38,10.629092701127895
17,39,13.749393061742953
17,40,12.65671128928853
17,41,13.216931677475165
17,42,11.160814311420149
17,43,9.134382994132256
17,44,12.25118116025883
17,45,13.056111533818267
17,46,16.2956514109212
17,47,19.358128600840114
17,48,22.633340002434352
17,49,25.635880313493512
17,50,27.494728286860894
17,51,25.030441797447146
17,52,22.61616256586779
17,53,18.86248881250916
17,54,17.37911945466105
17,55,14.072246787593986
17,56,13.930817817310553
17,57,14.483917302886136
17,58,11.592545300854805
17,59,11.458987595337446
17,60,11.768014305905348
17,61,15.22056208827283
17,62,18.09127235348078
17,63,19.912053538853684
17,64,17.04477320891725
17,65,18.865269867941258
17,66,21.894835624036162
17,67,20.39884891320531
17,68,18.96009457524229
17,69,19.473257888456992
17,70,19.63001254701633
17,71,18.15413484401221
17,72,17.792230665207658
17,73,19.529931933003517
17,74,19.945570104033454
17,75,22.85991237639239
17,76,23.138987462817905
17,77,26.768180484953685
17,78,29.302197255350272
17,79,29.12300916541362
17,80,25.467549304761626
17,81,24.337990394508612
17,82,22.298750151808285
17,83,24.963019561020356
17,84,26.04280485690495
17,85,29.27177826738489
17,86,31.557121893892894
17,87,31.98709772306588
17,88,28.341755727993547
17,89,25.88281464478042
