1,2,3.8092761997545446
1,3,6.879383342928002
1,4,8.37692900747678
1,5,6.431624374335401
1,6,6.650582185333115
1,7,10.223800656517735
1,8,11.027056017392225
1,9,10.497230342861586
1,10,12.420834854670609
1,11,14.971779524084335
1,12,15.584872117535085
1,13,16.264714850095668
1,14,18.325249644696157
1,15,20.173045738498544
1,16,21.187305171009484
1,17,22.560057245116298
1,18,24.42699047154968
1,19,25.919489045485534
1,20,27.23081478831349
1,21,28.492807898637718
1,22,29.801143547878265
1,23,31.802923161919825
1,24,33.28773553912798
1,25,34.255133920750644
1,26,35.67011588578902
1,27,38.08599701026592
1,28,39.021495289399226
1,29,39.788372775449346
1,30,41.55062517765105
1,31,43.86777864901479
1,32,47.0617746355454
1,33,47.21868023146148
1,34,49.83287556783476
1,35,48.59027769089348
1,36,44.90556790143937
1,37,43.09197973886881
1,38,39.63250596318037
1,39,41.00208763332259
1,40,39.568718395540806
1,41,36.020137668819295
1,42,35.26526203139493
1,43,36.189417913671825
1,44,34.69815361218435
1,45,31.28065206933289
1,46,32.0156792073483
1,47,33.09855631223274
1,48,29.83997044606778
1,49,27.78064585277877
1,50,30.099155489704323
1,51,30.100852892770476
1,52,26.317828987251282
1,53,26.286036992244615
1,54,29.255581109867737
1,55,31.447180146945737
1,56,34.13482757658025
1,57,36.82624112228271
1,58,39.17603928319525
1,59,40.14675141952431
1,60,38.92972490302687
1,61,38.60268702764296
1,62,39.257367124009164
1,63,42.65599265298366
1,64,42.35705270008192
1,65,41.03856341009446
1,66,38.418083210232666
1,67,37.48165992608292
1,68,36.92604351224983
1,69,34.91433296170675
1,70,32.666893614618296
1,71,32.43174953380399
1,72,31.39067518778632
1,73,28.464336869047102
1,74,27.415291263042334
1,75,27.83914700736349
1,76,25.832299456582245
1,77,22.989066611857428
1,78,23.074832743486546
1,79,23.3487454885768
1,80,20.550176836728156
1,81,18.077603994750255
1,82,18.91821687692618
1,83,19.10896033861865
1,84,15.583135664456783
1,85,14.465495072563781
1,86,16.729067024809524
1,87,15.412327644377243
1,88,11.814585246678236
1,89,13.508349779837546
1,90,15.577715506498345
1,91,12.911598009176636
1,92,11.495850450782736
1,93,15.175695338313577
1,94,16.14720662437891
1,95,13.733534131716066
1,96,14.908511340837228
1,97,18.439645939215264
1,98,18.18222309582866
1,99,17.62537894514595
1,100,20.29248004090006
1,101,22.68467373752978
1,102,22.124438935856457
1,103,21.368894526744604
2,1,3.8092761997545446
2,3,3.8110444683624136
2,4,5.761900681586873
2,5,5.716525057850326
2,6,6.262202959591852
2,7,8.876231906431398
2,8,10.303658242516322
2,9,11.011599570684684
2,10,12.425312166439001
2,11,14.42971267729605
2,12,15.816942507247012
2,13,16.952331812937597
2,14,18.33635550595551
2,15,20.098300048369886
2,16,21.762923725601883
2,17,23.000006584345996
2,18,24.350579381873874
2,19,26.125174227152026
2,20,27.803791250140037
2,21,28.73909071224632
2,22,29.72995747078769
2,23,32.06107286730323
2,24,33.65476134341177
2,25,34.220856933162054
2,26,35.52673393272378
2,27,38.23263620658683
2,28,39.077747004429455
2,29,39.49329882316818
2,30,41.31265455146023
2,31,43.86838462028252
2,32,46.91293375650146
2,33,46.86373673195885
2,34,49.54397595082782
2,35,48.323984916643624
2,36,44.686089359518334
2,37,43.08974383217006
2,38,39.65062162787767
2,39,41.255404671371664
2,40,40.15356332211166
2,41,36.74498745949992
2,42,36.16728986544462
2,43,36.763744559129755
2,44,35.03470766321894
2,45,31.813346508745045
2,46,32.4759668636106
2,47,33.1437471697273
2,48,29.81330214846142
2,49,27.88680336010052
2,50,29.921106006147554
2,51,29.5606677843817
2,52,25.75027069764509
2,53,25.742589344792016
2,54,28.36162682078729
2,55,30.840804057995648
2,56,33.52695395702388
2,57,36.43186048318137
2,58,38.685347452840176
2,59,39.99523708355693
2,60,38.73621412069408
2,61,38.11174023621145
2,62,38.67617802219982
2,63,41.92257024840412
2,64,41.572086351601925
2,65,39.99991138310559
2,66,37.58189845529359
2,67,36.84210579563601
2,68,35.95357517408886
2,69,33.80382986532487
2,70,31.90903601106259
2,71,31.599824281363784
2,72,30.14304365767376
2,73,27.367775977404563
2,74,26.659339969316477
2,75,26.72354779223841
2,76,24.359385866253
2,77,21.909289026490608
2,78,22.153650692632706
2,79,21.869162902544865
2,80,18.86160994695435
2,81,16.964893468052505
2,82,17.798513416861894
2,83,17.26265817845428
2,84,13.693754479874737
2,85,13.206222160320575
2,86,15.015824798673359
2,87,12.97553796485093
2,88,9.742590695431618
2,89,11.995815042031838
2,90,13.316404087345603
2,91,10.212909833880065
2,92,9.75438261930341
2,93,13.477595666802939
2,94,13.731414688654327
2,95,11.5291717512745
2,96,13.562668071139864
2,97,16.706351080831684
2,98,16.076099774410594
2,99,16.19185596012568
2,100,19.091655165004802
2,101,20.988170658412752
2,102,20.564223740277107
2,103,19.259109013804764
3,1,6.879383342928002
3,2,3.8110444683624136
3,4,3.808529350313934
3,5,5.592044065727597
3,6,5.0035479744336815
3,7,6.147833229840979
3,8,8.575504418131379
3,9,9.959664131905333
3,10,10.415718926386237
3,11,12.061132583754528
3,12,14.220320253327952
3,13,15.391449974075183
3,14,16.054043111549635
3,15,17.924864348847716
3,16,20.05437307933825
3,17,20.948425468164576
3,18,21.92383217922503
3,19,24.041801052446758
3,20,25.866493177008312
3,21,26.41622177811432
3,22,27.258444875488504
3,23,29.879016151176458
3,24,31.41489272556722
3,25,31.64039553593762
3,26,32.97155265973223
3,27,35.86141683395905
3,28,36.52981039470848
3,29,36.725626509132525
3,30,38.67112319158197
3,31,41.34166334172108
3,32,44.23870140862425
3,33,44.129241585928945
3,34,46.91815658432506
3,35,45.83192294103032
3,36,42.21009284418122
3,37,40.85739842055948
3,38,37.38768500542576
3,39,39.05728772051276
3,40,38.24066019919458
3,41,34.946627160283114
3,42,34.669005115279695
3,43,35.09376075655952
3,44,33.0660522159881
3,45,30.06557212779196
3,46,30.88159434104893
3,47,31.177901948800738
3,48,27.720962268297402
3,49,26.127829129643835
3,50,28.106149595793056
3,51,27.323878138751144
3,52,23.530325317327126
3,53,23.876553046707297
3,54,26.240970070241506
3,55,29.029418895990208
3,56,31.483065364940806
3,57,34.611684396683934
3,58,36.60864960025013
3,59,38.0849555035007
3,60,36.61218795463118
3,61,35.68202090868042
3,62,36.01626120483244
3,63,39.12111734344763
3,64,38.609201511391234
3,65,36.84033599365383
3,66,34.48579537124113
3,67,33.96488915548313
3,68,32.9568474081624
3,69,30.63280438194376
3,70,28.95370521521675
3,71,28.77124054972556
3,72,27.070512703631017
3,73,24.283345361543592
3,74,23.931626743518613
3,75,23.966255876550285
3,76,21.314729130784244
3,77,19.045146953374964
3,78,19.69868530894164
3,79,19.244898177411013
3,80,15.949788663631917
3,81,14.520944845634617
3,82,15.841641492395937
3,83,14.919776404308994
3,84,11.22278854243248
3,85,11.719769821657065
3,86,13.677987036058118
3,87,11.226416672604874
3,88,8.689658067129345
3,89,11.875199166207647
3,90,12.891109467089398
3,91,10.01630636652953
3,92,10.818207019677805
3,93,14.434050186681539
3,94,14.352198939626062
3,95,12.962577701020155
3,96,15.557781534881821
3,97,18.220616107266263
3,98,17.58223479149434
3,99,18.430298488964787
3,100,21.267738888406683
3,101,22.78889275053754
3,102,22.67821920664137
3,103,20.91958515890377
4,1,8.37692900747678
4,2,5.761900681586873
4,3,3.808529350313934
4,5,3.807003610426521
4,6,5.321775367577146
4,7,5.218499500252419
4,8,6.161151418712801
4,9,8.673714779334762
4,10,9.83729856828311
4,11,10.423356843523923
4,12,12.315984237013511
4,13,14.347519555156474
4,14,15.043914993791514
4,15,16.152302248826086
4,16,18.50805390695296
4,17,19.928367060480497
4,18,20.524877231319262
4,19,22.265210722907398
4,20,24.506988869941686
4,21,25.32412202919764
4,22,25.724112228314244
4,23,28.217374076201235
4,24,30.14938373139135
4,25,30.397963130493423
4,26,31.326345339187828
4,27,34.28019597639167
4,28,35.27189801445284
4,29,35.303249290519304
4,30,36.946698499287535
4,31,39.758053053288194
4,32,42.7147197708333
4,33,42.350243271093376
4,34,44.9515845996612
4,35,43.623257086759686
4,36,40.075835327180016
4,37,38.59916372164804
4,38,35.26769847890425
4,39,37.19640059442858
4,40,36.4277630424402
4,41,33.25584399271137
4,42,32.740695028351304
4,43,32.86575213431702
4,44,31.000317352695635
4,45,28.016744151887774
4,46,28.449753118000952
4,47,28.69236098019549
4,48,25.41113730973726
4,49,23.542680189130394
4,50,25.21229899634289
4,51,24.582930565596634
4,52,20.81069616206977
4,53,20.760204069301412
4,54,23.071495994973116
4,55,25.753369322418724
4,56,28.399913331536283
4,57,31.453390203292233
4,58,33.61563143294269
4,59,35.20639992754291
4,60,33.9760140035847
4,61,33.16985449147832
4,62,33.80151047892303
4,63,36.95732059614042
4,64,36.759927978590376
4,65,35.162481848921836
4,66,33.01927930086627
4,67,32.20422787464523
4,68,30.986001158401645
4,69,28.969833081724726
4,70,27.30920192382395
4,71,26.676940650787852
4,72,25.00935410281921
4,73,22.53501167235144
4,74,21.84343490477687
4,75,21.47500554265797
4,76,19.04910507985732
4,77,16.945169230185467
4,78,17.02515582946922
4,79,16.32583617734188
4,80,13.366865798059665
4,81,11.81447896328088
4,82,12.521127921489693
4,83,11.579501573766219
4,84,8.02653807000871
4,85,8.11294546271212
4,86,9.889794664610001
4,87,7.663192750914422
4,88,4.9330320437158575
4,89,8.31037864372359
4,90,9.582492280992378
4,91,7.3802932512052415
4,92,8.368864196294057
4,93,11.81569771593208
4,94,12.230131947831994
4,95,11.670460321204311
4,96,14.028128327606684
4,97,16.447797019862694
4,98,16.49550724283707
4,99,17.716778255829453
4,100,20.04094292259075
4,101,21.67476958753848
4,102,22.186559072710985
4,103,20.635822707764625
5,1,6.431624374335401
5,2,5.716525057850326
5,3,5.592044065727597
5,4,3.807003610426521
5,6,3.798013204012297
5,7,5.564255135488896
5,8,5.076049284911513
5,9,6.2357724116088376
5,10,8.601303477837138
5,11,9.815750444045431
5,12,10.628153840995706
5,13,12.476594558923145
5,14,14.08820926190406
5,15,15.16647931386597
5,16,16.84804415722349
5,17,18.627131911813535
5,18,19.774076713197932
5,19,21.11511899415365
5,20,23.079396932271777
5,21,24.360784381873582
5,22,25.035839491444705
5,23,27.146755027470313
5,24,29.07818930145795
5,25,29.79582385108534
5,26,30.767191386423935
5,27,33.43006830370273
5,28,34.609608884575536
5,29,35.00431385665852
5,30,36.52525271063369
5,31,39.116307933787034
5,32,42.27213256459134
5,33,42.080865213797814
5,34,44.57728870489892
5,35,43.16230003002626
5,36,39.55939025050283
5,37,37.79544128248614
5,38,34.44646765662702
5,39,36.18460198918534
5,40,35.04777403012656
5,41,31.714530583809918
5,42,30.934701711912304
5,43,31.35412846029945
5,44,29.777704132700933
5,45,26.525677794402718
5,46,26.953597435423656
5,47,27.678945364737714
5,48,24.476897013490042
5,49,22.339872314155873
5,50,24.319127436720102
5,51,24.173250208961136
5,52,20.38193865701794
5,53,20.201512799510503
5,54,22.997264834512016
5,55,25.314341870178716
5,56,28.037782868615402
5,57,30.840978372338384
5,58,33.17614720844191
5,59,34.403771371984455
5,60,33.26920906132554
5,61,32.838330987365005
5,62,33.649020350166815
5,63,37.01327265880829
5,64,36.94361711963664
5,65,35.67286084941167
5,66,33.3256100677826
5,67,32.210615027908915
5,68,31.33775398204693
5,69,29.541466091070653
5,70,27.445096906141572
5,71,26.801898132075127
5,72,25.649038351205594
5,73,23.028845979907608
5,74,21.821919387760794
5,75,21.830352475399135
5,76,19.90838137960665
5,77,17.279833745360637
5,78,17.0157174614723
5,79,17.04359585476159
5,80,14.442775026748908
5,81,11.951187351631662
5,82,12.538200163812066
5,83,12.730473641677651
5,84,9.304085660412627
5,85,8.078368391606935
5,86,10.63458956137443
5,87,9.687496193952079
5,88,6.201597528253171
5,89,8.51914691544791
5,90,11.038215833194334
5,91,9.377404831046103
5,92,8.820133630528343
5,93,12.425623145590308
5,94,13.81474431009722
5,95,12.90038927780795
5,96,14.376068296119588
5,97,17.310714945787083
5,98,17.833444843980587
5,99,18.401570678790836
5,100,20.487851438757552
5,101,22.698619236188122
5,102,23.15903429575185
5,103,22.165647763931087
6,1,6.650582185333115
6,2,6.262202959591852
6,3,5.0035479744336815
6,4,5.321775367577146
6,5,3.798013204012297
6,7,3.8007301243350224
6,8,5.406397426923885
6,9,5.249169851402794
6,10,6.176893970072952
6,11,8.552494181708495
6,12,9.976605299155455
6,13,10.776112469574759
6,14,12.117226555443747
6,15,14.070659145641237
6,16,15.647958828874868
6,17,16.740193166027158
6,18,18.198741767127398
6,19,20.034967773480897
6,20,21.586023400652355
6,21,22.49634281011746
6,22,23.601027597518158
6,23,25.906725569281175
6,24,27.410212623136722
6,25,28.050001335026003
6,26,29.44253696917358
6,27,32.06320095383275
6,28,32.88651057027501
6,29,33.43331981384342
6,30,35.279915265333194
6,31,37.729868550201594
6,32,40.81094433601067
6,33,40.89227344198712
6,34,43.60428138083794
6,35,42.48735633475426
6,36,38.797799311655844
6,37,37.223275518847
6,38,33.704713453360235
6,39,35.157682483681796
6,40,34.04841688734635
6,41,30.62263131219992
6,42,30.22849027897393
6,43,30.926838931736967
6,44,29.054031076157997
6,45,25.866276747137213
6,46,26.825052986202763
6,47,27.479541540455248
6,48,24.026217955244135
6,49,22.368830544970074
6,50,24.744692899409543
6,51,24.270741765465626
6,52,20.47069513497783
6,53,20.98049727118991
6,54,23.794706159853067
6,55,26.338831923923664
6,56,28.67493804464127
6,57,31.637519079509108
6,58,33.647117293906206
6,59,34.73620417751908
6,60,33.21327357094486
6,61,32.56994610902794
6,62,32.982370597080894
6,63,36.28743840885396
6,64,35.854977448183796
6,65,34.43575644259529
6,66,31.835699581703988
6,67,31.010421993968972
6,68,30.40934316376134
6,69,28.298765412643956
6,70,26.126723359794443
6,71,26.003374982606662
6,72,24.875131741068223
6,73,21.869668927895294
6,74,21.017438644522546
6,75,21.576389225429207
6,76,19.43727525337076
6,77,16.526518162024434
6,78,17.03246493159675
6,79,17.484410824319955
6,80,14.453544825121995
6,81,12.075676445418763
6,82,13.735911856933399
6,83,14.00800077322617
6,84,10.31832378147848
6,85,10.143146709390942
6,86,13.20528129259923
6,87,12.008410598738221
6,88,9.128672765962941
6,89,12.017081788061184
6,90,14.281424210310355
6,91,12.405278864738603
6,92,12.37720551418344
6,93,16.041411279656156
6,94,17.038795010723796
6,95,15.942340806777093
6,96,17.75146886659847
6,97,20.7096580456422
6,98,20.832446135919803
6,99,21.37294358140724
6,100,23.772793300479293
6,101,25.83872317891953
6,102,25.99243222875634
6,103,24.73218866602651
7,1,10.223800656517735
7,2,8.876231906431398
7,3,6.147833229840979
7,4,5.218499500252419
7,5,5.564255135488896
7,6,3.8007301243350224
7,8,3.80807822714137
7,9,5.457496593040584
7,10,4.949860331039537
7,11,5.929741226470935
7,12,8.51011673374017
7,13,9.834058826860996
7,14,10.094668245665716
7,15,11.805651922140843
7,16,14.149575503386156
7,17,15.056563361959649
7,18,15.824444698464816
7,19,17.927722301935148
7,20,19.875106669622205
7,21,20.438143711071262
7,22,21.14461382975324
7,23,23.75403331107747
7,24,25.383356070599916
7,25,25.626510607103526
7,26,26.863621188187608
7,27,29.742805728668692
7,28,30.513314084778248
7,29,30.726307210859012
7,30,32.58664790623677
7,31,35.24397361760275
7,32,38.191554222404456
7,33,38.0849025338972
7,34,40.84069554511141
7,35,39.757430200445505
7,36,36.11262088429555
7,37,34.75279488990069
7,38,31.257669490975836
7,39,32.91274634311907
7,40,32.150472487317295
7,41,28.91345937232032
7,42,28.7473339238105
7,43,29.104358562772582
7,44,26.965569159257015
7,45,24.043904108459163
7,46,24.992651199218948
7,47,25.18693793866386
7,48,21.659597769556033
7,49,20.269987579975748
7,50,22.428596208641192
7,51,21.524293169146933
7,52,17.73851412680126
7,53,18.503807787090274
7,54,20.99082242467793
7,55,23.840847564399322
7,56,26.001345844060143
7,57,29.181267537406466
7,58,30.984493474426962
7,59,32.320531119920744
7,60,30.673684077588536
7,61,29.73580175692669
7,62,30.02413100800775
7,63,33.202409833283724
7,64,32.728424334711995
7,65,31.15025978961215
7,66,28.709206057509867
7,67,28.000859148385334
7,68,27.154432006129888
7,69,24.965178941585606
7,70,23.04216144708874
7,71,22.85827153857893
7,72,21.444256048883997
7,73,18.532515399393258
7,74,17.948605290179184
7,75,18.298146461816287
7,76,15.892869219306272
7,77,13.212343088571446
7,78,14.003469561854969
7,79,14.181112682519196
7,80,10.904318597026958
7,81,8.999098100546556
7,82,11.135729975308191
7,83,11.0153007378942
7,84,7.3131493883950105
7,85,8.298034020047757
7,86,11.383481882512323
7,87,10.056689678769036
7,88,8.22927571678092
7,89,11.632986604118033
7,90,13.51855727492351
7,91,12.181389661591682
7,92,13.10074526183636
7,93,16.424417947643605
7,94,17.190752501936185
7,95,16.858778844028933
7,96,19.006020994629836
7,97,21.476919800856724
7,98,21.700749078747656
7,99,22.853629952291232
7,100,25.10272615710252
7,101,26.854598127847897
7,102,27.375910214270768
7,103,25.821759075833448
8,1,11.027056017392225
8,2,10.303658242516322
8,3,8.575504418131379
8,4,6.161151418712801
8,5,5.076049284911513
8,6,5.406397426923885
8,7,3.80807822714137
8,9,3.7946830240008387
8,10,5.408464451236873
8,11,5.038435409810436
8,12,6.188097480916067
8,13,8.698393860515615
8,14,9.702950232882907
8,15,10.311937270759453
8,16,12.46937408773752
8,17,14.28886101775731
8,18,14.974213699198785
8,19,16.334153922793377
8,20,18.58994695737399
8,21,19.764362405973042
8,22,20.14577707694455
8,23,22.357679703257247
8,24,24.423296562467048
8,25,24.98533321271638
8,26,25.80726431941522
8,27,28.57173612967797
8,28,29.79806749079734
8,29,30.055193327682783
8,30,31.51896370244248
8,31,34.19021381348659
8,32,37.31198478030135
8,33,37.041833998501204
8,34,39.540068220014135
8,35,38.15166888139706
8,36,34.550646476033336
8,37,32.883075824218366
8,38,29.52040377784862
8,39,31.34189476392395
8,40,30.40175598097375
8,41,27.189145481665076
8,42,26.59274289039976
8,43,26.80704740149734
8,44,25.02374608620804
8,45,21.93305901805948
8,46,22.446477673972034
8,47,22.892282954151884
8,48,19.59494038990453
8,49,17.684590667373627
8,50,19.713336965642377
8,51,19.29660351163681
8,52,15.485117779119712
8,53,15.697339183886063
8,54,18.47818915337387
8,55,20.996840761528063
8,56,23.442844230474496
8,57,26.403978306355373
8,58,28.50977512190596
8,59,29.758990486900956
8,60,28.433483392160586
8,61,27.86085245041943
8,62,28.587721862035426
8,63,31.943410847862232
8,64,31.880366445946247
8,65,30.673020197996433
8,66,28.353159481862214
8,67,27.158802934300333
8,68,26.289336260408877
8,69,24.576466200929595
8,70,22.42991801899063
8,71,21.732155597222782
8,72,20.67847245432294
8,73,18.064843631235565
8,74,16.747896743160705
8,75,16.86134294666075
8,76,15.076327833103111
8,77,12.274788651196815
8,78,12.066351406992956
8,79,12.474805504941106
8,80,9.927694650944431
8,81,7.069119441584236
8,82,8.371032786429495
8,83,9.177662472219197
8,84,5.8998259547048475
8,85,5.338430740396046
8,86,8.94416211844477
8,87,8.860467766015242
8,88,6.845392484261438
8,89,9.458964564059348
8,90,12.088741153953768
8,91,11.670409782323114
8,92,12.001485163377534
8,93,15.002795949958582
8,94,16.521276634103526
8,95,16.593817367675626
8,96,18.135469538691556
8,97,20.56748870000437
8,98,21.45477332128957
8,99,22.547779732345187
8,100,24.29807375049571
8,101,26.34666762185462
8,102,27.26105490214806
8,103,26.11412478259427
9,1,10.497230342861586
9,2,11.011599570684684
9,3,9.959664131905333
9,4,8.673714779334762
9,5,6.2357724116088376
9,6,5.249169851402794
9,7,5.457496593040584
9,8,3.7946830240008387
9,10,3.7947347565246408
9,11,5.421127060581811
9,12,5.1169262920973555
9,13,6.29465737959618
9,14,8.516469423465733
9,15,9.772581508331132
9,16,10.85907391513536
9,17,12.62750591780957
9,18,14.238534514809125
9,19,15.460054455470024
9,20,17.05462458843403
9,21,18.509491727384244
9,22,19.51050700675562
9,23,21.409402990754977
9,24,23.16376327660973
9,25,24.182468013448034
9,26,25.334052587081917
9,27,27.74358875524955
9,28,28.91992889535707
9,29,29.651730678944418
9,30,31.199569371408312
9,31,33.540246479525486
9,32,36.79967449286424
9,33,36.878418791532944
9,34,39.40036449431105
9,35,38.122334870693
9,36,34.43181088337471
9,37,32.60519636780448
9,38,29.135278229995347
9,39,30.558594463710023
9,40,29.24525935962713
9,41,25.796896742815093
9,42,25.166673476760188
9,43,25.901248037150435
9,44,24.2473745123062
9,45,20.913655819570902
9,46,21.786742900004295
9,47,22.720205396223818
9,48,19.384748110801294
9,49,17.534607834870457
9,50,20.13659811159855
9,51,20.0322147304171
9,52,16.31136341947971
9,53,16.82413130255609
9,54,20.00422879448898
9,55,22.225776877243177
9,56,24.469244902762956
9,57,27.22548538615018
9,58,29.282399156017018
9,59,30.07205302734475
9,60,28.6172570781216
9,61,28.296005610356026
9,62,28.938635696174504
9,63,32.42511764078958
9,64,32.25238276229427
9,65,31.26506466787591
9,66,28.612652802991647
9,67,27.33331269906987
9,68,26.986147822524316
9,69,25.298665572792164
9,70,22.716908177654357
9,71,22.370326451009824
9,72,21.846955589824127
9,73,18.907090150423446
9,74,17.354258398443207
9,75,18.211576175013956
9,76,16.82124424327666
9,77,13.477510069805822
9,78,13.459846589898536
9,79,14.794490113952634
9,80,12.473077413554993
9,81,9.183658377186841
9,82,10.85050492932466
9,83,12.46826131676254
9,84,9.49513059118744
9,85,8.56466823274264
9,86,12.297604772065219
9,87,12.575686431433551
9,88,10.159368856515904
9,89,12.30579308975446
9,90,15.340698666586555
9,91,14.711566816619495
9,92,14.359649426405301
9,93,17.560653102506368
9,94,19.36947771252658
9,95,18.93940462077183
9,96,20.139881623390927
9,97,22.969475817001168
9,98,23.85970249444385
9,99,24.45243971283485
9,100,26.26471792847287
9,101,28.627695548127136
9,102,29.27265559694738
9,103,28.364041937655177
10,1,12.420834854670609
10,2,12.425312166439001
10,3,10.415718926386237
10,4,9.83729856828311
10,5,8.601303477837138
10,6,6.176893970072952
10,7,4.949860331039537
10,8,5.408464451236873
10,9,3.7947347565246408
10,11,3.8018035252888893
10,12,5.421829839558651
10,13,5.182213608593007
10,14,5.97359231602832
10,15,8.41274214016062
10,16,9.950871222647885
10,17,10.616859869347092
10,18,12.145078610852089
10,19,14.191808597810436
10,20,15.57249901027656
10,21,16.324130505660595
10,22,17.56194145753941
10,23,19.90817069742722
10,24,21.265339583875786
10,25,21.917991380773927
10,26,23.43642856588627
10,27,25.98685977010199
10,28,26.737234951091008
10,29,27.401816890756557
10,30,29.31157168076834
10,31,31.653070724983163
10,32,34.74353194010856
10,33,34.97008554569593
10,34,37.74126810049575
10,35,36.78134358386015
10,36,33.0431802157254
10,37,31.560049839992597
10,38,27.946394810002495
10,39,29.216217038521506
10,40,28.17301112080294
10,41,24.76418785662437
10,42,24.69944326412149
10,43,25.480589521976956
10,44,23.347775660942975
10,45,20.29192451674839
10,46,21.69552121905455
10,47,22.221812379332874
10,48,18.607565777892745
10,49,17.474759513774575
10,50,20.24865346277311
10,51,19.520078986155063
10,52,15.863982885950273
10,53,17.190065326692395
10,54,20.066545206859242
10,55,22.670565538880194
10,56,24.440682998235292
10,57,27.462691956070433
10,58,29.07804467164809
10,59,29.922277369075786
10,60,28.03517514274389
10,61,27.298701735078218
10,62,27.455731917866213
10,63,30.781130711826943
10,64,30.210380018654536
10,65,28.947858492820213
10,66,26.143563458241033
10,67,25.261111799739087
10,68,25.01799516692235
10,69,22.94144180239657
10,70,20.458452180154854
10,71,20.633365239822975
10,72,19.926576119560362
10,73,16.652450981231347
10,74,15.694294726521532
10,75,16.977333259002112
10,76,15.194091102223542
10,77,11.762059695964304
10,78,12.79134783931889
10,79,14.276324936052845
10,80,11.482611283569494
10,81,8.825929953498804
10,82,11.634627997189295
10,83,12.84945107543163
10,84,9.851124578344798
10,85,10.332532644545642
10,86,14.017534710628935
10,87,13.79245883533255
10,88,12.05415643242271
10,89,14.846630403001466
10,90,17.382979140083457
10,91,16.56987048275785
10,92,16.926464224450484
10,93,20.186073011857992
10,94,21.506768351385016
10,95,21.157632874140944
10,96,22.84634850914596
10,97,25.526249678118983
10,98,26.074743910579855
10,99,26.93091617725439
10,100,28.998631346187505
10,101,31.077690933660616
10,102,31.6175959727261
10,103,30.334926714839927
11,1,14.971779524084335
11,2,14.42971267729605
11,3,12.061132583754528
11,4,10.423356843523923
11,5,9.815750444045431
11,6,8.552494181708495
11,7,5.929741226470935
11,8,5.038435409810436
11,9,5.421127060581811
11,10,3.8018035252888893
11,12,3.8001643921158244
11,13,5.492771702774338
11,14,4.9467194069379845
11,15,5.886741232603851
11,16,8.586761867110619
11,17,9.72068210895086
11,18,10.132581314047945
11,19,12.022206403527967
11,20,14.200692628646442
11,21,14.940735999828144
11,22,15.403269508690121
11,23,17.888519233333128
11,24,19.72627593183387
11,25,20.09568712859277
11,26,21.134299900154023
11,27,23.95081395701612
11,28,24.9478811675773
11,29,25.22633562311665
11,30,26.89810805137986
11,31,29.51797535948119
11,32,32.57210650538746
11,33,32.46071571052061
11,34,35.12616837402226
11,35,33.99419393234026
11,36,30.32261150746772
11,37,28.88074025644044
11,38,25.36781055610469
11,39,27.01170707071941
11,40,26.258257973833476
11,41,23.084554717736943
11,42,22.982019630787427
11,43,23.253538920403404
11,44,21.040038458456344
11,45,18.177506820877433
11,46,19.255987445938548
11,47,19.387970004279875
11,48,15.799341902989937
11,49,14.631701225454842
11,50,17.06266041448039
11,51,16.108840585237047
11,52,12.386504800226408
11,53,13.722925387477623
11,54,16.403108142166307
11,55,19.177489462025253
11,56,20.94306453073482
11,57,24.097095840265276
11,58,25.691067348088477
11,59,26.791527583644648
11,60,24.976792486755944
11,61,24.12173358617829
11,62,24.431833234766216
11,63,27.744381620012163
11,64,27.39563348766063
11,65,26.160230303939912
11,66,23.625660174361133
11,67,22.561908631265137
11,68,21.97327048132902
11,69,20.093286528303423
11,70,17.7616052694935
11,71,17.491280694940055
11,72,16.64075484077821
11,73,13.642584313514739
11,74,12.488723954828126
11,75,13.366402209607756
11,76,11.638277250086631
11,77,8.270683105348608
11,78,9.063751278859414
11,79,10.497093088651434
11,80,7.902545844673346
11,81,5.131973258060318
11,82,8.29482892559711
11,83,9.679488105461207
11,84,7.351619847815009
11,85,8.280616643160695
11,86,11.799036469709156
11,87,12.058300637211934
11,88,11.237769411546923
11,89,13.847715214960123
11,90,16.203454840548645
11,91,16.133760669557986
11,92,16.90061478753143
11,93,19.703563656818297
11,94,21.080158597485664
11,95,21.40881215260613
11,96,23.09844068924415
11,97,25.364184255730688
11,98,26.218861783224703
11,99,27.491885380444405
11,100,29.24790616196628
11,101,31.1758055525943
11,102,32.14248510911889
11,103,30.81140535940183
12,1,15.584872117535085
12,2,15.816942507247012
12,3,14.220320253327952
12,4,12.315984237013511
12,5,10.628153840995706
12,6,9.976605299155455
12,7,8.51011673374017
12,8,6.188097480916067
12,9,5.1169262920973555
12,10,5.421829839558651
12,11,3.8001643921158244
12,13,3.801661634658431
12,14,5.411416313204586
12,15,5.012788816262455
12,16,6.360940920725338
12,17,8.784271178664305
12,18,9.807875320853281
12,19,10.560757528353651
12,20,12.620393061409588
12,21,14.294958391000039
12,22,14.824241448200652
12,23,16.594293368287556
12,24,18.6957908958463
12,25,19.72477513165209
12,26,20.531638439949823
12,27,22.96363593748419
12,28,24.39913139495252
12,29,25.033277183195615
12,30,26.340963127460896
12,31,28.74566582686415
12,32,32.049054233140566
12,33,31.996845031780285
12,34,34.41026313756866
12,35,33.04557854704417
12,36,29.37180489703182
12,37,27.510260156667098
12,38,24.070412667037072
12,39,25.62206105482638
12,40,24.429204334717284
12,41,21.11396176995183
12,42,20.515931755836736
12,43,20.987994399639454
12,44,19.247281623302936
12,45,16.001557825121896
12,46,16.853912345521593
12,47,17.62468795776661
12,48,14.269183544566761
12,49,12.518984119613979
12,50,15.259816042650238
12,51,15.102923230608384
12,52,11.477944651016767
12,53,12.38334024597128
12,54,15.64774938538512
12,55,17.817887560198603
12,56,19.737168283817695
12,57,22.505947936251857
12,58,24.382830213090095
12,59,25.084852960183674
12,60,23.525357483584685
12,61,23.23269215905465
12,62,23.948835281596995
12,63,27.500895615676555
12,64,27.499333481075183
12,65,26.778505908918632
12,66,24.194288240856757
12,67,22.602864223173537
12,68,22.335994247506495
12,69,20.988690801960306
12,70,18.20752724380981
12,71,17.631089757136852
12,72,17.5318757886079
12,73,14.756375495484953
12,74,12.678412519693945
12,75,13.779316847521098
12,76,13.069747982066973
12,77,9.509160317982602
12,78,9.157188987637644
12,79,11.410824160592943
12,80,9.936171477923613
12,81,6.357657071583093
12,82,8.377334240521247
12,83,11.007405672852443
12,84,9.32252571811954
12,85,8.747644232337079
12,86,12.374082068251793
12,87,13.614233701726222
12,88,12.400253087844405
12,89,14.16027868922983
12,90,17.119222835623127
12,91,17.466576174611674
12,92,17.509725830858834
12,93,20.140987319328463
12,94,22.13053494929122
12,95,22.438349057716877
12,96,23.54629794826076
12,97,25.96044116570422
12,98,27.247654772213167
12,99,28.211011733269963
12,100,29.64524468116997
12,101,31.926512848486304
12,102,33.014634051549166
12,103,32.09512670646697
13,1,16.264714850095668
13,2,16.952331812937597
13,3,15.391449974075183
13,4,14.347519555156474
13,5,12.476594558923145
13,6,10.776112469574759
13,7,9.834058826860996
13,8,8.698393860515615
13,9,6.29465737959618
13,10,5.182213608593007
13,11,5.492771702774338
13,12,3.801661634658431
13,14,3.8014913424909063
13,15,5.393652273458646
13,16,5.182999178711771
13,17,6.4814876692412255
13,18,8.808828330250309
13,19,10.019091803263706
13,20,10.97220474362261
13,21,12.466207886240229
13,22,13.932598063677347
13,23,15.64713020482738
13,24,17.070538196296972
13,25,18.352271094684166
13,26,19.781147882682006
13,27,21.912464532686943
13,28,22.981839771276405
13,29,24.06407553868634
13,30,25.704950523120498
13,31,27.760426568962465
13,32,31.071143413183208
13,33,31.463539936562736
13,34,34.057249903148865
13,35,33.01996072030946
13,36,29.25628439296828
13,37,27.48954509745164
13,38,23.879044618160325
13,39,24.89735870404618
13,40,23.502661386921933
13,41,19.96856249297832
13,42,19.746500134891576
13,43,20.824141522089683
13,44,18.908558056013817
13,45,15.64727486943138
13,46,17.271007253643493
13,47,18.250070067696456
13,48,14.763817796803972
13,49,13.680453469258902
13,50,16.95720505205944
13,51,16.6785523938292
13,52,13.373850155469754
13,53,14.96934265712439
13,54,18.17988476724062
13,55,20.275213636792554
13,56,21.703072104234394
13,57,24.39241850121113
13,58,25.92287498496188
13,59,26.242777095178724
13,60,24.312812455742876
13,61,23.98218262074496
13,62,24.276233990312342
13,63,27.7924817098651
13,64,27.41363135784572
13,65,26.706545785386183
13,66,23.73401583563183
13,67,22.364547030722296
13,68,22.666360127811988
13,69,21.085879752819146
13,70,18.01926557199521
13,71,18.17311057574601
13,72,18.410025225819012
13,73,15.197935059944959
13,74,13.428709663826716
13,75,15.426461106218534
13,76,14.744237947856446
13,77,10.945060407951615
13,78,11.518238783050826
13,79,14.214343544721446
13,80,12.529085443840344
13,81,9.431200194249925
13,82,11.999027818322196
13,83,14.422931532781343
13,84,12.484778137099289
13,85,12.3185834831298
13,86,16.026770034822277
13,87,16.89598815065077
13,88,15.435959736776752
13,89,17.47722113309808
13,90,20.44394327035512
13,91,20.352753763329737
13,92,20.315877358872886
13,93,23.244434706168413
13,94,25.120935453895175
13,95,25.04145274742539
13,96,26.233656781279112
13,97,28.89826149627483
13,98,29.94073318262734
13,99,30.678073114508184
13,100,32.35779553718558
13,101,34.707628945080366
13,102,35.4983097438879
13,103,34.53169772563077
14,1,18.325249644696157
14,2,18.33635550595551
14,3,16.054043111549635
14,4,15.043914993791514
14,5,14.08820926190406
14,6,12.117226555443747
14,7,10.094668245665716
14,8,9.702950232882907
14,9,8.516469423465733
14,10,5.97359231602832
14,11,4.9467194069379845
14,12,5.411416313204586
14,13,3.8014913424909063
14,15,3.808130433531534
14,16,5.396339052414232
14,17,5.028706477724834
14,18,6.229488054141147
14,19,8.676961297183142
14,20,9.985998246427176
14,21,10.420789756070787
14,22,11.635391284717887
14,23,14.100272965409792
14,24,15.378739929165723
14,25,15.956247978668271
14,26,17.51838748087916
14,27,20.052390522114774
14,28,20.773973997841914
14,29,21.48324309933007
14,30,23.409665620718766
14,31,25.691711936534315
14,32,28.783940972056314
14,33,29.094554011680813
14,34,31.90690048779193
14,35,31.092427891281105
14,36,27.324323646438
14,37,25.977272805868612
14,38,22.28595088434445
14,39,23.417481663318515
14,40,22.554433319211093
14,41,19.257421850303793
14,42,19.642511403062056
14,43,20.372071263862995
14,44,17.87628536348746
14,45,15.12252757115528
14,46,17.04107223923801
14,47,17.2545820009497
14,48,13.506535198119103
14,49,13.228119952763965
14,50,16.31131206312443
14,51,15.203434262662682
14,52,11.992329378218717
14,53,14.338395738327378
14,54,17.005067194205683
14,55,19.568806289266956
14,56,20.567354597831844
14,57,23.597080594177005
14,58,24.690549643774656
14,59,25.292269591524978
14,60,22.999066462268985
14,61,22.11605860600716
14,62,21.974867817326214
14,63,25.29448417658648
14,64,24.610697576209716
14,65,23.56482654366959
14,66,20.58979763608982
14,67,19.5839205025481
14,68,19.73734479028927
14,69,17.796710409809336
14,70,14.945724570800985
14,71,15.441010424429908
14,72,15.33106187938658
14,73,11.879554311194939
14,74,10.744096018230092
14,75,12.979329534560652
14,76,11.898018258990549
14,77,8.153363842048723
14,78,9.811748479654236
14,79,12.453175034305254
14,80,10.55039605136077
14,81,8.377243750061663
14,82,11.698021561425206
14,83,13.597946099457992
14,84,11.974139371639081
14,85,12.895267847048492
14,86,16.348567299482177
14,87,16.89111402037217
14,88,16.163035957784537
14,89,18.61352470938918
14,90,21.094660982573068
14,91,21.065640475301656
14,92,21.691236008423697
14,93,24.530359215807895
14,94,26.0100364985051
14,95,26.228486366323015
14,96,27.8293397012749
14,97,30.21654709198666
14,98,31.078409212272128
14,99,32.20699847767134
14,100,33.99124491791552
14,101,36.02653674402366
14,102,36.90158153672417
14,103,35.59789569351833
15,1,20.173045738498544
15,2,20.098300048369886
15,3,17.924864348847716
15,4,16.152302248826086
15,5,15.16647931386597
15,6,14.070659145641237
15,7,11.805651922140843
15,8,10.311937270759453
15,9,9.772581508331132
15,10,8.41274214016062
15,11,5.886741232603851
15,12,5.012788816262455
15,13,5.393652273458646
15,14,3.808130433531534
15,16,3.808364123322177
15,17,5.3244968448214
15,18,4.958788647104232
15,19,6.1428936789849375
15,20,8.666204099018206
15,21,9.802618999293847
15,22,9.924761293867501
15,23,12.080250750146602
15,24,14.200712138742308
15,25,14.869718760708041
15,26,15.64764211621712
15,27,18.27540036720768
15,28,19.59402123836038
15,29,20.061230176920773
15,30,21.465710844036003
15,31,23.955236337485537
15,32,27.16750484309907
15,33,27.117839463805716
15,34,29.660592789279363
15,35,28.49317512332355
15,36,24.77860073042018
15,37,23.20021742010283
15,38,19.64208177927965
15,39,21.184751623913016
15,40,20.377757479620385
15,41,17.255966229345248
15,42,17.266845761083538
15,43,17.506338152120783
15,44,15.183413305194073
15,45,12.380277818311763
15,46,13.78413169634812
15,47,13.902116016276512
15,48,10.22040010391045
15,49,9.573968406731158
15,50,12.539571650331824
15,51,11.606830287719047
15,52,8.334173748458594
15,53,10.633332952915628
15,54,13.409611825712934
15,55,15.810502519119677
15,56,16.86400102003654
15,57,19.842011892426488
15,58,21.087210329238555
15,59,21.74928754021661
15,60,19.673961779113576
15,61,18.995551444644672
15,62,19.308016680158065
15,63,22.796642842928392
15,64,22.59951612658742
15,65,21.899691689106994
15,66,19.228038910479825
15,67,17.652009259625874
15,68,17.57870131711495
15,69,16.229901580611397
15,70,13.271556485412223
15,71,12.96002860686714
15,72,13.200174317815168
15,73,10.277504136979466
15,74,8.1158950727396
15,75,10.102019600496737
15,76,9.875164599602021
15,77,6.149136946966705
15,78,6.7118219990708425
15,79,9.956892054607218
15,80,9.147819438804538
15,81,6.816427038301087
15,82,9.516513827364639
15,83,12.04819060836465
15,84,11.424772284229856
15,85,11.965443984696137
15,86,15.072466429702667
15,87,16.363079048627686
15,88,16.105759408777953
15,89,17.999018343478646
15,90,20.518484405707994
15,91,21.17531882958283
15,92,21.762148415553643
15,93,24.159195000289817
15,94,25.914372787483373
15,95,26.595967787402834
15,96,27.93365355800097
15,97,30.05745368444953
15,98,31.32363017039482
15,99,32.61196962751738
15,100,34.01385253095283
15,101,36.07627490509584
15,102,37.32087784470751
15,103,36.17719974530312
16,1,21.187305171009484
16,2,21.762923725601883
16,3,20.05437307933825
16,4,18.50805390695296
16,5,16.84804415722349
16,6,15.647958828874868
16,7,14.149575503386156
16,8,12.46937408773752
16,9,10.85907391513536
16,10,9.950871222647885
16,11,8.586761867110619
16,12,6.360940920725338
16,13,5.182999178711771
16,14,5.396339052414232
16,15,3.808364123322177
16,17,3.813296461677395
16,18,5.445039793388052
16,19,5.117978185631852
16,20,6.345149360707234
16,21,8.640947000200404
16,22,9.596861144597733
16,23,10.74381381934232
16,24,12.63241330711263
16,25,14.23561774077785
16,26,15.207562609798122
16,27,17.15311395398198
16,28,18.66145717141406
16,29,19.806272582014227
16,30,21.059312305058274
16,31,23.06115165746864
16,32,26.502577831038394
16,33,26.814272046540157
16,34,29.21839963925897
16,35,28.059169077104137
16,36,24.310877711094424
16,37,22.393947821625247
16,38,18.817028390845255
16,39,19.858067642140202
16,40,18.440258700072903
16,41,14.984477602272316
16,42,14.751539191763127
16,43,15.68047258625582
16,44,13.738178119466038
16,45,10.475850105049325
16,46,12.299110489317123
16,47,13.302597476436784
16,48,9.908672060619335
16,49,9.209692334814832
16,50,12.810189935840713
16,51,12.675226996123556
16,52,10.025354719385108
16,53,12.113951038350779
16,54,15.211706693351148
16,55,16.899617881233524
16,56,17.747452518485712
16,57,20.21652290881243
16,58,21.473979696732304
16,59,21.469242177454614
16,60,19.414491086966493
16,61,19.290097805875966
16,62,19.700031773843474
16,63,23.324143653365788
16,64,23.201989510263452
16,65,22.997278944546963
16,66,20.084727481269027
16,67,18.2034737697476
16,68,18.833177849645608
16,69,17.856447534621825
16,70,14.42901436038045
16,71,14.357891438638253
16,72,15.474618466935459
16,73,12.66948154341835
16,74,10.135293712563234
16,75,12.665770578834405
16,76,13.180384332395569
16,77,9.635974851803491
16,78,9.744307424634332
16,79,13.294486653533557
16,80,12.87622901353002
16,81,10.235211343649734
16,82,12.37440456497882
16,83,15.358685371107097
16,84,14.647685910639389
16,85,14.508406722584326
16,86,17.76563155931769
16,87,19.35127462771447
16,88,18.614577088184607
16,89,20.190648325929473
16,90,23.096135242526028
16,91,23.717511814704867
16,92,23.80018685870571
16,93,26.26841654443282
16,94,28.351811300184465
16,95,28.783598147657575
16,96,29.791998307963034
16,97,32.16006987879549
16,98,33.56913018346924
16,99,34.51863572854832
16,100,35.84420238071468
16,101,38.18647876954225
16,102,39.34008368001228
16,103,38.45306324187782
17,1,22.560057245116298
17,2,23.000006584345996
17,3,20.948425468164576
17,4,19.928367060480497
17,5,18.627131911813535
17,6,16.740193166027158
17,7,15.056563361959649
17,8,14.28886101775731
17,9,12.62750591780957
17,10,10.616859869347092
17,11,9.72068210895086
17,12,8.784271178664305
17,13,6.4814876692412255
17,14,5.028706477724834
17,15,5.3244968448214
17,16,3.813296461677395
17,18,3.8059416694671637
17,19,5.453365706146922
17,20,5.236663340115922
17,21,6.009931247365677
17,22,8.070388712086533
17,23,9.878958661703928
17,24,10.751946880945308
17,25,12.002056997155275
17,26,13.812426998405275
17,27,15.79151780077143
17,28,16.578903950578567
17,29,17.872068983530195
17,30,19.717911211308586
17,31,21.565323951331113
17,32,24.818592455453224
17,33,25.484585455868274
17,34,28.235208028648945
17,35,27.56324036049538
17,36,23.760230663005803
17,37,22.309896300775833
17,38,18.557302982371013
17,39,19.164351238072758
17,40,18.029548205388668
17,41,14.612124589362839
17,42,15.325737680866728
