1,2,3.8064774069439156
1,3,5.4046428881750055
1,4,4.919122019887979
1,5,6.052088886103764
1,6,8.388553628197705
1,7,9.773581142343486
1,8,10.057586872909937
1,9,11.86498514590754
1,10,14.052914739557268
1,11,15.263240207904579
1,12,15.929682555760698
1,13,17.738845375331216
1,14,19.823215423141423
1,15,20.765152704570696
1,16,21.764229765380644
1,17,23.693193418220055
1,18,25.5480156444732
1,19,26.236171756437443
1,20,27.055330370289155
1,21,29.47499534356323
1,22,31.127106751776168
1,23,31.37717708331692
1,24,32.80732805060779
1,25,35.704901972605086
1,26,36.39891951002676
1,27,36.58245985830776
1,28,38.45955827336094
1,29,41.18177184573537
1,30,44.10731446798574
1,31,43.988722052186034
1,32,46.67357739767843
1,33,45.54466767073042
1,34,41.9462079353367
1,35,40.641678214023194
1,36,37.2580539515175
1,37,38.986181340911955
1,38,37.951500694989775
1,39,34.66337547660252
1,40,34.42239766820145
1,41,34.75921892977578
1,42,32.73948574843584
1,43,29.723662950449942
1,44,30.626687905432824
1,45,30.840652288732084
1,46,27.365978112673172
1,47,25.951308958518435
1,48,28.224151812062882
1,49,27.01883599566103
1,50,23.258180548699737
1,51,23.8312457268227
1,52,26.69746543570729
1,53,28.90936764580369
1,54,31.898900000934233
1,55,34.47493437124384
1,56,35.99881478569694
1,57,37.66032078025474
1,58,36.195423672357
1,59,35.37850333075136
1,60,35.79573494387088
1,61,38.950345026329806
1,62,38.38759593972717
1,63,36.63986486110596
1,64,34.271626435371275
1,65,33.79359585431601
1,66,32.75275139001864
1,67,30.488749385436847
1,68,28.7704582144546
1,69,28.634135657893378
1,70,26.888426248676623
1,71,24.085022848224888
1,72,23.613149101281873
1,73,23.780184994047435
1,74,21.14072767137698
1,75,18.85411361313699
1,76,19.488988540108142
1,77,19.14350855448097
1,78,15.852014851857705
1,79,14.443091359821056
1,80,16.08459170117993
1,81,14.916442791116962
1,82,11.262209877266486
1,83,11.708304569327465
1,84,13.703780850404101
1,85,11.245029348117543
1,86,8.667748615651144
1,87,11.814537274337857
1,88,12.863141948110755
1,89,10.086257760945847
1,90,10.803689001384456
1,91,14.470416780871307
1,92,14.371672044761304
1,93,13.005517470926522
1,94,15.638485997393582
1,95,18.22691378529545
1,96,17.698583081064154
1,97,18.822341313711977
1,98,21.777901349633638
1,99,23.1401411746378
1,100,22.53729262257603
1,101,20.75528631309967
2,1,3.8064774069439156
2,3,3.8002410544663494
2,4,5.407709154272423
2,5,5.265269843680446
2,6,6.104088247367376
2,7,8.681869982994304
2,8,9.645725379820371
2,9,10.316215889657512
2,10,12.338576635126843
2,11,14.425525271880863
2,12,15.067658015902051
2,13,16.097078850998475
2,14,18.437700171364593
2,15,19.913610048976935
2,16,20.514079509391177
2,17,22.058249305875
2,18,24.3432574731546
2,19,25.28340833348128
2,20,25.653099740196062
2,21,27.93903471958934
2,22,29.988780800271357
2,23,30.25364424036065
2,24,31.275402256174036
2,25,34.25200892932113
2,26,35.26474594715348
2,27,35.26922523187444
2,28,36.84004801401704
2,29,39.71361731916191
2,30,42.69160092009171
2,31,42.31227649174754
2,32,44.80417912309098
2,33,43.42861043116713
2,34,39.90750452901976
2,35,38.48051937973321
2,36,35.25392374145197
2,37,37.250417474269014
2,38,36.26651620432695
2,39,33.115020317526444
2,40,32.63735670996488
2,41,32.656949017979926
2,42,30.798502386799885
2,43,27.810596253155573
2,44,28.319678982404767
2,45,28.468544588482594
2,46,25.171144870298715
2,47,23.46015697375971
2,48,25.451413942521434
2,49,24.387033718483327
2,50,20.618857854502153
2,51,20.783258127809937
2,52,23.582640600279248
2,53,25.671540241321495
2,54,28.726048474415403
2,55,31.35938898782809
2,56,33.04067267693927
2,57,34.85533239492395
2,58,33.64264634037106
2,59,32.94720425411009
2,60,33.66950077373975
2,61,36.87059917642749
2,62,36.6207306978797
2,63,35.03854807543621
2,64,32.8952748015368
2,65,32.12261470609324
2,66,30.85419253582884
2,67,28.909927725343568
2,68,27.21395948289644
2,69,26.6197512857501
2,70,24.890038664338206
2,71,22.41647114124358
2,72,21.612165914655627
2,73,21.354417379145055
2,74,18.918347256265058
2,75,16.83378489458947
2,76,16.8991494663987
2,77,16.282012178093254
2,78,13.318063546985552
2,79,11.78668794456006
2,80,12.821973291928877
2,81,11.544340458818978
2,82,8.051929925539307
2,83,8.140793417310016
2,84,9.920045100806076
2,85,7.65442302263318
2,86,4.890840625321881
2,87,8.230121760767211
2,88,9.482353999544197
2,89,7.3690655574078185
2,90,8.281028386980609
2,91,11.794243308736322
2,92,12.142432685557155
2,93,11.61104639475068
2,94,14.021305612392196
2,95,16.38427362116132
2,96,16.559303971212422
2,97,17.95933020363437
2,98,20.447726756341634
2,99,21.938822692543546
2,100,21.959820529325416
2,101,20.358398742911994
3,1,5.4046428881750055
3,2,3.8002410544663494
3,4,3.8048440408148827
3,5,5.61488453307946
3,6,5.058958875362819
3,7,6.297282553926925
3,8,8.509966176644989
3,9,9.757324319915421
3,10,10.683389835972333
3,11,12.609775829903992
3,12,14.171692705076799
3,13,15.172430675464382
3,14,16.831518606550254
3,15,18.636591065245455
3,16,19.800249944069343
3,17,20.943905946056052
3,18,22.938326177431758
3,19,24.33444812736885
3,20,25.010641366297317
3,21,26.901397038743365
3,22,28.933798796834083
3,23,29.667971641823343
3,24,30.73605619356716
3,25,33.4234664071927
3,26,34.61818396024962
3,27,34.991422658844066
3,28,36.45072303149826
3,29,39.10835889669642
3,30,42.28203934765145
3,31,42.090299244555965
3,32,44.47513173777103
3,33,43.03321488533801
3,34,39.44221457334618
3,35,37.73256392883284
3,36,34.475664574685766
3,37,36.27880336300012
3,38,34.93149222410034
3,39,31.61726224031018
3,40,30.880276926182262
3,41,31.200729912394337
3,42,29.62427296006305
3,43,26.367471898842197
3,44,26.8887218603435
3,45,27.526040895278122
3,46,24.288602952919277
3,47,22.32983083936132
3,48,24.669814266397644
3,49,24.076555265399026
3,50,20.27123029514295
3,51,20.33459057250502
3,52,23.527114505982304
3,53,25.224622269341562
3,54,28.515549171214047
3,55,30.781262254479756
3,56,32.687469672686326
3,57,34.162504706781654
3,58,33.02453636766213
3,59,32.701671880908194
3,60,33.5753497725103
3,61,36.97538765774754
3,62,36.85540553546135
3,63,35.59407881718496
3,64,33.241772566582
3,65,32.18431647851406
3,66,31.266320142259264
3,67,29.51191064888346
3,68,27.37909726270879
3,69,26.80822986848208
3,70,25.58857692527444
3,71,22.965999324181904
3,72,21.662502179585463
3,73,21.800466876178785
3,74,19.86543391263781
3,75,17.25467979696138
3,76,16.962628116766655
3,77,17.088833534778633
3,78,14.493461252362373
3,79,12.029298382584193
3,80,12.943642321217776
3,81,12.728854240675316
3,82,9.421313744608907
3,83,8.206877797778715
3,84,10.80051254152279
3,85,9.779549328631784
3,86,6.270698505266707
3,87,8.528655972838248
3,88,11.024768707555426
3,89,9.465344489713763
3,90,8.83496443082188
3,91,12.478257124801026
3,92,13.796079663707921
3,93,12.882661885955443
3,94,14.438506846131679
3,95,17.361696115611
3,96,17.920808153955495
3,97,18.617182412003544
3,98,20.90147738547073
3,99,22.966517032642145
3,100,22.963676798064533
3,101,21.917996763786455
4,1,4.919122019887979
4,2,5.407709154272423
4,3,3.8048440408148827
4,5,3.8025142821784574
4,6,5.298147899680714
4,7,5.134016099130099
4,8,5.956809001400871
4,9,8.424030110808864
4,10,9.837820661790891
4,11,10.720170610804848
4,12,12.065821187377548
4,13,13.936068564942305
4,14,15.473562475418053
4,15,16.599229492421575
4,16,18.069257326156883
4,17,19.71365124564604
4,18,21.300305205065076
4,19,22.337062797892575
4,20,23.427157740471596
4,21,25.527076692948736
4,22,27.14081229697991
4,23,27.793123396794197
4,24,29.27590829699715
4,25,31.914078968809843
4,26,32.7605406176038
4,27,33.28572858580057
4,28,35.06922288128994
4,29,37.58313626517888
4,30,40.68506132457878
4,31,40.759564922462566
4,32,43.36321103933374
4,33,42.21983082189103
4,34,38.54483070292807
4,35,37.02936823529291
4,36,33.586714683149054
4,37,35.10651917871914
4,38,33.79534702180713
4,39,30.380454212864887
4,40,30.02956220520182
4,41,30.633109356118503
4,42,28.75802627585995
4,43,25.5622375439108
4,44,26.613235920209124
4,45,27.176169714293952
4,46,23.694564299234663
4,47,22.243279379705207
4,48,24.899504675728537
4,49,23.99816721163749
4,50,20.235629164139176
4,51,20.991573656812232
4,52,24.209290661323674
4,53,26.197722482970285
4,54,29.294119312246952
4,55,31.51446046319929
4,56,33.08885971936111
4,57,34.37313520080828
4,58,32.839936299539524
4,59,32.29978608167478
4,60,32.76962583246015
4,61,36.10908305269499
4,62,35.63456570416392
4,63,34.22845623305625
4,64,31.621844998103878
4,65,30.85386028755077
4,66,30.213132502819175
4,67,28.13401422647301
4,68,25.93495522087991
4,69,25.881825732616917
4,70,24.696043882774678
4,71,21.686138527752068
4,72,20.73149710973962
4,73,21.425325528719792
4,74,19.302007054141654
4,75,16.3854657002466
4,76,16.8449420992695
4,77,17.40016689849849
4,78,14.406547820945445
4,79,12.077417358321519
4,80,14.017981500782334
4,81,14.011698110628236
4,82,10.437776338827291
4,83,10.201676956239245
4,84,13.285437256377195
4,85,12.039455195624033
4,86,9.14560506668996
4,87,11.991404552046104
4,88,14.258478332301884
4,89,12.512673003204393
4,90,12.42965211994353
4,91,16.12287879300993
4,92,17.066686800977322
4,93,16.006083929059105
4,94,17.888111954994386
4,95,20.799697655192315
4,96,20.981557908243385
4,97,21.72504392577099
4,98,24.280166410617262
4,99,26.1891516427715
4,100,25.88119384573725
4,101,24.574172980346184
5,1,6.052088886103764
5,2,5.265269843680446
5,3,5.61488453307946
5,4,3.8025142821784574
5,6,3.8044676905660446
5,7,5.423258801297146
5,8,4.683520931617888
5,9,5.843520762323902
5,10,8.485492522880955
5,11,9.848338186806934
5,12,10.07614338020862
5,13,11.727370486418895
5,14,14.04910714799934
5,15,15.003258410358567
5,16,15.767139699327112
5,17,17.69540725732324
5,18,19.68726912965221
5,19,20.364109979440148
5,20,21.035344350478983
5,21,23.45863329253982
5,22,25.20128323367024
5,23,25.44673510371485
5,24,26.78098082745481
5,25,29.683659009343366
5,26,30.469126201600705
5,27,30.651103349360806
5,28,32.44892528710877
5,29,35.16925789800136
5,30,38.134784736306116
5,31,38.013199426611095
5,32,40.667484632995205
5,33,39.5490484252007
5,34,35.92894059232973
5,35,34.633225429065654
5,36,31.222627639476073
5,37,32.94526908457454
5,38,31.98101906246706
5,39,28.757068452952456
5,40,28.639653611335753
5,41,28.898454676270717
5,42,26.754383969095855
5,43,23.830377629982962
5,44,24.863395296589335
5,45,24.952980277086443
5,46,21.408909112378506
5,47,20.22098403135246
5,48,22.61238151764611
5,49,21.286179465782975
5,50,17.55819236155606
5,51,18.55781446498111
5,52,21.500137794197173
5,53,23.854159497993322
5,54,26.709855184407417
5,55,29.18043167405106
5,56,30.497713777312278
5,57,32.00328675382262
5,58,30.354835296583964
5,59,29.512342993487426
5,60,29.868478460107266
5,61,33.08243538268625
5,62,32.5564267722086
5,63,30.984795386891726
5,64,28.54126086730547
5,65,27.890927307683782
5,66,26.997694424039384
5,67,24.84836441346297
5,68,22.907277036680256
5,69,22.78034190369309
5,70,21.298479178056514
5,71,18.3813484041365
5,72,17.700953671685777
5,73,18.174688889894018
5,74,15.774455078946012
5,75,13.0914900370818
5,76,13.861074541779287
5,77,14.114797052988456
5,78,10.865310141928573
5,79,9.031835061726913
5,80,11.437726258681684
5,81,11.103951667278514
5,82,7.485380642161621
5,83,8.396334169340632
5,84,11.44316373108327
5,85,10.040919035666533
5,86,8.194290887134693
5,87,11.590256231823084
5,88,13.454691724491017
5,89,12.213796196283031
5,90,13.080953894124
5,91,16.47097530598407
5,92,17.15176556401601
5,93,16.852789850426834
5,94,19.068131601452247
5,95,21.487920137612534
5,96,21.818235464993744
5,97,23.143690374731793
5,98,25.560437756095745
5,99,27.171753141806413
5,100,27.197846659385217
5,101,25.580343278006506
6,1,8.388553628197705
6,2,6.104088247367376
6,3,5.058958875362819
6,4,5.298147899680714
6,5,3.8044676905660446
6,7,3.7923837990290346
6,8,5.309312318592726
6,9,4.9728318280394905
6,10,6.275096701732683
6,11,8.840567483327126
6,12,9.796057672338073
6,13,10.328865847416466
6,14,12.458153646766375
6,15,14.33103419231429
6,16,15.031679013896978
6,17,16.18563394904268
6,18,18.47782384320932
6,19,19.76794105507163
6,20,20.143851350206063
6,21,22.1334450008448
6,22,24.304130765485425
6,23,24.884837114680433
6,24,25.801849440640975
6,25,28.59313736986
6,26,29.835929889365993
6,27,30.068866819014843
6,28,31.466535778102948
6,29,34.20429186019385
6,30,37.34505602650208
6,31,37.07128391423324
6,32,39.45580919491549
6,33,38.034854793598264
6,34,34.44926724977447
6,35,32.83493976539265
6,36,29.567672060343153
6,37,31.456005066824183
6,38,30.300530144711875
6,39,27.10667603075716
6,40,26.5491896803787
6,41,26.664749932632883
6,42,24.8854569001878
6,43,21.78884968676598
6,44,22.385681290109822
6,45,22.742769851229593
6,46,19.42017110533556
6,47,17.686727001441795
6,48,20.026831895389453
6,49,19.18767105682206
6,50,15.383429135732413
6,51,15.83071537919729
6,52,19.016013513952
6,53,20.98077540935492
6,54,24.096354525074624
6,55,26.403589139000854
6,56,28.057280628346017
6,57,29.518494926458615
6,58,28.19421154034607
6,59,27.732686208976766
6,60,28.528406386808264
6,61,31.920496696157855
6,62,31.81227894054429
6,63,30.61794026534982
6,64,28.29652024280191
6,65,27.15326318980085
6,66,26.238077913957476
6,67,24.56998047872042
6,68,22.38569488063808
6,69,21.756560704135506
6,70,20.638400362882493
6,71,18.028871275648314
6,72,16.60732044501843
6,73,16.850104006418032
6,74,15.066062025970675
6,75,12.27847172963043
6,76,12.020616074467666
6,77,12.520001300869597
6,78,10.012944707890107
6,79,7.18342045257793
6,80,8.756073043158308
6,81,9.225284575479042
6,82,6.076181385434764
6,83,5.45010188299649
6,84,9.03543492601828
6,85,8.859369654213841
6,86,6.765746622312536
6,87,9.36085592032501
6,88,11.986060884812218
6,89,11.668532135277038
6,90,11.911172722294628
6,91,14.992423333350937
6,92,16.431473449161278
6,93,16.517581814678387
6,94,18.11924352255623
6,95,20.558546478010754
6,96,21.538384905113176
6,97,22.693373763848438
6,98,24.64465201628887
6,99,26.590171916991974
6,100,27.03267816318843
6,101,25.824977968418786
7,1,9.773581142343486
7,2,8.681869982994304
7,3,6.297282553926925
7,4,5.134016099130099
7,5,5.423258801297146
7,6,3.7923837990290346
7,8,3.7903803221804946
7,9,5.333162818776841
7,10,5.050510458910407
7,11,6.364765080190258
7,12,8.539106579560544
7,13,9.711906980075891
7,14,10.774454658411406
7,15,12.55342126359452
7,16,14.170464632791738
7,17,15.203865615014832
7,18,16.832991934824634
7,19,18.388970118370146
7,20,19.39913131507049
7,21,21.085092745924303
7,22,22.93276560871926
7,23,23.95517638498387
7,24,25.19927793561042
7,25,27.64085654804048
7,26,28.82848938986611
7,27,29.532726279375947
7,28,31.02835867928245
7,29,33.44341722834161
7,30,36.71567974428497
7,31,36.79687868853174
7,32,39.2092586209588
7,33,37.92202283613441
7,34,34.23540121696034
7,35,32.477723379149914
7,36,29.078360199117736
7,37,30.57126838139612
7,38,29.06541938759333
7,39,25.633880512168496
7,40,25.05922968779209
7,41,25.69594468168847
7,42,24.026013296626083
7,43,20.692578695525114
7,44,21.670463653435007
7,45,22.503666848171182
7,46,19.123408610191813
7,47,17.502412228108028
7,48,20.38999238341606
7,49,19.854865165127407
7,50,16.158838316013146
7,51,16.940249777381002
7,52,20.416557035462155
7,53,22.12332841134145
7,54,25.28350265975888
7,55,27.173115481972506
7,56,28.82225346471828
7,57,29.82057886714618
7,58,28.335872090702736
7,59,28.107107492555457
7,60,28.780334234631436
7,61,32.288535053253575
7,62,32.07373075065523
7,63,31.089448068339042
7,64,28.43265939346569
7,65,27.224847172836153
7,66,26.83474280734773
7,67,25.151376238065044
7,68,22.544278443058392
7,69,22.299239910759034
7,70,21.704739611410123
7,71,18.765189587660917
7,72,17.13521329913554
7,73,18.134737690528514
7,74,16.749471247945973
7,75,13.412578127232122
7,76,13.336120335234543
7,77,14.76651048448824
7,78,12.496750302406529
7,79,9.27477731208881
7,80,11.16803970747429
7,81,12.482435584555649
7,82,9.650029786198315
7,83,8.682618455565526
7,84,12.42613894521468
7,85,12.602327022212702
7,86,10.161655925880327
7,87,12.296046332446657
7,88,15.31169348461358
7,89,14.80010061705026
7,90,14.403400632137744
7,91,17.654264322945288
7,92,19.37636763377443
7,93,18.970518827380115
7,94,20.263519327381974
7,95,23.095544039726473
7,96,24.020548651872613
7,97,24.70882783359626
7,98,26.722093824576287
7,99,28.957822718175844
7,100,29.153941200272246
7,101,28.17496149909495
8,1,10.057586872909937
8,2,9.645725379820371
8,3,8.509966176644989
8,4,5.956809001400871
8,5,4.683520931617888
8,6,5.309312318592726
8,7,3.7903803221804946
8,9,3.800738462454575
8,10,5.463131128952349
8,11,5.418069592362464
8,12,6.129267768192315
8,13,8.473301237272292
8,14,10.057813504219114
8,15,10.747241452614078
8,16,12.20135544291303
8,17,14.108245173795144
8,18,15.573145085295513
8,19,16.399974164385437
8,20,17.579670283050316
8,21,19.77431421761858
8,22,21.248446742870097
8,23,21.855735108463456
8,24,23.45495956603102
8,25,26.059747702358287
8,26,26.816495360796466
8,27,27.414697976333844
8,28,29.27568498752994
8,29,31.709239185267418
8,30,34.80141716664729
8,31,34.99850743885483
8,32,37.67283277910412
8,33,36.69388998108439
8,34,32.97518678975491
8,35,31.582238453016227
8,36,28.03545917250881
8,37,29.40026055321676
8,38,28.19631284136728
8,39,24.809998133993176
8,40,24.806564748926792
8,41,25.463881512270483
8,42,23.303430559253698
8,43,20.26279435164735
8,44,21.739311827682652
8,45,22.12458568298827
8,46,18.482790590009113
8,47,17.591647333237027
8,48,20.500827738419012
8,49,19.345170951385683
8,50,15.767874895291996
8,51,17.323503811873735
8,52,20.520131479676895
8,53,22.727289335499098
8,54,25.514791909881833
8,55,27.56765247484349
8,56,28.742335666680198
8,57,29.76452942046811
8,58,27.859332592956505
8,59,27.184906748819774
8,60,27.377020350864154
8,61,30.71306108881532
8,62,30.09846370467328
8,63,28.810384349081733
8,64,26.022212380014818
8,65,25.23159315801698
8,66,24.907018528598527
8,67,22.81409761313447
8,68,20.36076610053652
8,69,20.610364864686492
8,70,19.782424049754596
8,71,16.51782386989484
8,72,15.519424795565339
8,73,16.88736339290047
8,74,15.07871886826101
8,75,11.673868698364181
8,76,12.655907507496098
8,77,14.142543637988092
8,78,11.37541173781138
8,79,8.868751141015892
8,80,11.833936713806207
8,81,12.816519810804143
8,82,9.878283591891142
8,83,10.316490767017445
8,84,13.945349841949808
8,85,13.57237584890549
8,86,11.830439167362174
8,87,14.655846633279262
8,88,17.134525686553488
8,89,16.407729409344686
8,90,16.760674565977116
8,91,20.081906732725944
8,92,21.27854352871779
8,93,20.969212113944184
8,94,22.771793100244334
8,95,25.407345472045193
8,96,26.006753563976247
8,97,27.03119732309148
8,98,29.28926394732718
8,99,31.21022707571707
8,100,31.272805402191338
8,101,29.899797107996807
9,1,11.86498514590754
9,2,10.316215889657512
9,3,9.757324319915421
9,4,8.424030110808864
9,5,5.843520762323902
9,6,4.9728318280394905
9,7,5.333162818776841
9,8,3.800738462454575
9,10,3.803182328997047
9,11,5.632339614783442
9,12,5.1072279503277995
9,13,5.906019405776843
9,14,8.592745112311636
9,15,9.845938624273826
9,16,10.227777263167692
9,17,11.896950406115748
9,18,14.153135327519465
9,19,15.017424827654862
9,20,15.425353067461032
9,21,17.704282110247057
9,22,19.674262418069784
9,23,20.046928364780054
9,24,21.15677614371224
9,25,24.00903280834613
9,26,25.035968275836186
9,27,25.269187036099517
9,28,26.862695189606132
9,29,29.560249121640137
9,30,32.632545081811564
9,31,32.49529761235066
9,32,35.04399268913974
9,33,33.868034533661984
9,34,30.22025663001678
9,35,28.83695239880806
9,36,25.414596396751502
9,37,27.146217899198096
9,38,26.190517258361435
9,39,23.037000495121635
9,40,22.96319084724547
9,41,23.121089850244566
9,42,20.914635938377952
9,43,18.048213588996273
9,44,19.17723642326321
9,45,19.20382642024168
9,46,15.609846631010868
9,47,14.6290849307498
9,48,17.214145708684143
9,49,15.88360550335066
9,50,12.231443170605267
9,51,13.762166201646806
9,52,16.8277389043199
9,53,19.19683653979935
9,54,21.900138368954913
9,55,24.13072400283672
9,56,25.26540637549501
9,57,26.519051137079387
9,58,24.71319153310427
9,59,23.961167033037817
9,60,24.348306372349676
9,61,27.692777849189834
9,62,27.319076098074586
9,63,26.095032624745386
9,64,23.577002838203736
9,65,22.559362966721313
9,66,21.904558681602577
9,67,20.062891277229554
9,68,17.719861863221748
9,69,17.493027192887887
9,70,16.56399059764906
9,71,13.594364403694678
9,72,12.327255084435123
9,73,13.297884506767561
9,74,11.598278852853575
9,75,8.245192467130185
9,76,8.914899806637116
9,77,10.38560505935941
9,78,7.885280362080761
9,79,5.173101849075096
9,80,8.397627921461755
9,81,9.6817941823404
9,82,7.417514305290294
9,83,8.206397231143141
9,84,11.676204776619137
9,85,11.861545576562978
9,86,11.00911128771137
9,87,13.611145150738311
9,88,15.9533804954783
9,89,15.999928723704567
9,90,16.70337595057718
9,91,19.577322832423786
9,92,20.86869908827532
9,93,21.240190486369812
9,94,22.986304796100697
9,95,25.2371668730248
9,96,26.213590067610294
9,97,27.565802841848562
9,98,29.502207524510986
9,99,31.330658033658796
9,100,31.827499411429393
9,101,30.430097333555842
10,1,14.052914739557268
10,2,12.338576635126843
10,3,10.683389835972333
10,4,9.837820661790891
10,5,8.485492522880955
10,6,6.275096701732683
10,7,5.050510458910407
10,8,5.463131128952349
10,9,3.803182328997047
10,11,3.8056958797914646
10,12,5.415457810368883
10,13,5.002674170563334
10,14,6.258115119238395
10,15,8.706995358542482
10,16,9.783944805462927
10,17,10.337207675974762
10,18,12.401513705461467
10,19,14.17459247942356
10,20,14.754870595756666
10,21,16.289860502125805
10,22,18.462613374710855
10,23,19.51543977335288
10,24,20.432828557354387
10,25,22.891119828395333
10,26,24.328386714936748
10,27,24.95195690868884
10,28,26.214212142676544
10,29,28.682667428729342
10,30,32.00206786732891
10,31,31.970798685120634
10,32,34.274104973077726
10,33,32.90848351037063
10,34,29.23312584524046
10,35,27.437624513588986
10,36,24.065751491499437
10,37,25.6699271201112
10,38,24.26526034084709
10,39,20.95842581049514
10,40,20.41899773137699
10,41,20.81828982308286
10,42,19.063341322015976
10,43,15.810577501690751
10,44,16.786436604922233
10,45,17.474536608949684
10,46,14.073100494496844
10,47,12.574670502685539
10,48,15.577284484351832
10,49,15.030714912381468
10,50,11.456109229055185
10,51,12.640364156659182
10,52,16.14377408830968
10,53,17.886946610651663
10,54,20.86009743971373
10,55,22.604419805052697
10,56,24.062850339205376
10,57,24.927329391778148
10,58,23.32705135315838
10,59,23.135308544798296
10,60,23.868448922757356
10,61,27.441711180379418
10,62,27.39510651105242
10,63,26.684164630127608
10,64,24.084377756483825
10,65,22.56304048207909
10,66,22.275569132306682
10,67,20.92129158041619
10,68,18.09409037701839
10,69,17.651675396323434
10,70,17.499128597248163
10,71,14.717790637799446
10,72,12.568794100276573
10,73,13.847785194818549
10,74,13.160762644600863
10,75,9.599269422939742
10,76,9.179208283803206
10,77,11.534715296086492
10,78,10.139680684917941
10,79,6.635678154238339
10,80,8.738378404510117
10,81,11.1910281643406
10,82,9.594765762152463
10,83,8.94555778373445
10,84,12.576379174348647
10,85,13.707068896575004
10,86,12.428080093419315
10,87,14.190538303801375
10,88,17.14624786415633
10,89,17.584425524081688
10,90,17.551944445321574
10,91,20.27026496681462
10,92,22.172433951147724
10,93,22.483132691459687
10,94,23.662274389978684
10,95,26.120240406247813
10,96,27.469130674680713
10,97,28.43919861417959
10,98,30.091100923683133
10,99,32.29354842206927
10,100,32.92014983302872
10,101,31.92858049172385
11,1,15.263240207904579
11,2,14.425525271880863
11,3,12.609775829903992
11,4,10.720170610804848
11,5,9.848338186806934
11,6,8.840567483327126
11,7,6.364765080190258
11,8,5.418069592362464
11,9,5.632339614783442
11,10,3.8056958797914646
11,12,3.808037460826137
11,13,5.4031937143131
11,14,5.11635399276408
11,15,6.32739300453331
11,16,8.680403681021618
11,17,9.76171176912627
11,18,10.714728710996134
11,19,12.268727785551793
11,20,13.780209256733508
11,21,15.309384105225488
11,22,16.789091397947573
11,23,18.055679853129757
11,24,19.595333812487663
11,25,21.761514356560824
11,26,22.820284763262734
11,27,23.876835713096504
11,28,25.4918818062248
11,29,27.620045220523995
11,30,30.935551947812115
11,31,31.343334597898277
11,32,33.84067430936821
11,33,32.82341301640765
11,34,29.05677175327057
11,35,27.384674523400687
11,36,23.812000730789308
11,37,24.89007351202618
11,38,23.325829542728115
11,39,19.79980456370286
11,40,19.66656899918595
11,41,20.666272291176714
11,42,18.706772296784603
11,43,15.46063837884266
11,44,17.219480992972507
11,45,18.081582617722304
11,46,14.547849190199116
11,47,13.784307443618244
11,48,17.189628873335995
11,49,16.533229531910678
11,50,13.342351169911021
11,51,15.210101033755446
11,52,18.588994552885058
11,53,20.362526141710912
11,54,23.065075700685195
11,55,24.522242194557546
11,56,25.656005077793523
11,57,26.10558927241238
11,58,24.10981153856338
11,59,23.843275478095048
11,60,24.114897826506546
11,61,27.63174132411803
11,62,27.206350149364606
11,63,26.489882371156682
11,64,23.50330536163843
11,65,22.2337285712035
11,66,22.51039569131725
11,67,20.875800907139123
11,68,17.798078646843948
11,69,18.109884077427452
11,70,18.27721950434955
11,71,15.058552500113864
11,72,13.266904815785415
11,73,15.42662080184181
11,74,14.769565704312386
11,75,10.971971117839258
11,76,11.484048023658382
11,77,14.24770830289672
11,78,12.650226673687845
11,79,9.67499034110995
11,80,12.301556011030199
11,81,14.607279215366372
11,82,12.760833357480143
11,83,12.534792290251698
11,84,16.22711598942584
11,85,16.977909057052386
11,86,15.499312622156216
11,87,17.555240920681577
11,88,20.494666497683394
11,89,20.5031436878234
11,90,20.432251277099287
11,91,23.429738288739323
11,92,25.201863061239884
11,93,25.144105265889642
11,94,26.436403283152274
11,95,29.11265971888926
11,96,30.190542753357832
11,97,31.00438870251173
11,98,32.89225839540091
11,99,35.12714764624524
11,100,35.456823641070095
11,101,34.40500086983595
12,1,15.929682555760698
12,2,15.067658015902051
12,3,14.171692705076799
12,4,12.065821187377548
12,5,10.07614338020862
12,6,9.796057672338073
12,7,8.539106579560544
12,8,6.129267768192315
12,9,5.1072279503277995
12,10,5.415457810368883
12,11,3.808037460826137
12,13,3.8012590142477025
12,14,5.376203288278083
12,15,5.027182204569082
12,16,6.129260528932424
12,17,8.476201062128395
12,18,9.850341974596654
12,19,10.338087195674238
12,20,11.5041970858862
12,21,13.82836365703461
12,22,15.203880107022291
12,23,15.73625611618405
12,24,17.391602659847823
12,25,19.973551266134365
12,26,20.69478000157195
12,27,21.34799088079303
12,28,23.23295709092211
12,29,25.596599630067143
12,30,28.693329128119235
12,31,28.98762445848734
12,32,31.705867642561167
12,33,30.884911088868893
12,34,27.13314425954143
12,35,25.88320012137183
12,36,22.241473794044655
12,37,23.453660880171416
12,38,22.429249121860003
12,39,19.147512876184063
12,40,19.607974639274815
12,41,20.237562268789542
12,42,17.705918457637985
12,43,14.975002414046953
12,44,16.980352575956964
12,45,17.055388942795563
12,46,13.292379011141513
12,47,13.310448148390057
12,48,16.391130985679094
12,49,14.936053459633966
12,50,11.896688495987284
12,51,14.462949763271245
12,52,17.37410299600866
12,53,19.719931954679687
12,54,21.985620470138418
12,55,23.75652815863909
12,56,24.40250290292601
12,57,25.083517354601902
12,58,22.750126065766977
12,59,21.92420393074873
12,60,21.790240144562656
12,61,25.115639965134058
12,62,24.391186075532886
12,63,23.331546604434788
12,64,20.35853757030467
12,65,19.443279523647988
12,66,19.546614070063196
12,67,17.564009236722054
12,68,14.727443455847425
12,69,15.33740770285484
12,70,15.141727444428168
12,71,11.691847372760275
12,72,10.526436422838321
12,73,12.891263241372343
12,74,11.851918121839278
12,75,8.104518631977468
12,76,9.690186652117726
12,77,12.356759257408614
12,78,10.565682197238857
12,79,8.528910723854215
12,80,11.83133439899841
12,81,13.749098210996797
12,82,12.169755986494838
12,83,12.999477200289789
12,84,16.391575422155555
12,85,16.83568982824835
12,86,16.107197554549312
12,87,18.570240086840464
12,88,21.017470533664973
12,89,21.09125449280206
12,90,21.68482497784073
12,91,24.59522891854554
12,92,25.96701409748749
12,93,26.226802484839045
12,94,27.91190340438123
12,95,30.281138393678006
12,96,31.230691460460132
12,97,32.45904882999258
12,98,34.43216183719825
12,99,36.353140053664085
12,100,36.7514979935053
12,101,35.36257371188328
13,1,17.738845375331216
13,2,16.097078850998475
13,3,15.172430675464382
13,4,13.936068564942305
13,5,11.727370486418895
13,6,10.328865847416466
13,7,9.711906980075891
13,8,8.473301237272292
13,9,5.906019405776843
13,10,5.002674170563334
13,11,5.4031937143131
13,12,3.8012590142477025
13,14,3.8063805616514728
13,15,5.416564422728027
13,16,5.008133546859072
13,17,5.995802669206006
13,18,8.594195023340308
13,19,9.794839049376659
13,20,9.896542711001569
13,21,11.851066909584247
13,22,14.072383256702103
13,23,14.728090751330365
13,24,15.593186244947086
13,25,18.2735344383814
13,26,19.59784844891972
13,27,20.017126047673692
13,28,21.36594027320963
13,29,23.93849638850942
13,30,27.160322541257745
13,31,27.10226116920136
13,32,29.534774539214148
13,33,28.35114279009131
13,34,24.648047730853133
13,35,23.148663530928232
13,36,19.662309258846374
13,37,21.286080567848458
13,38,20.288409043593497
13,39,17.187387208671904
13,40,17.255082324646878
13,41,17.393645268536048
13,42,15.051422738535964
13,43,12.261252894970708
13,44,13.74147510574812
13,45,13.73730432910593
13,46,10.03582449177262
13,47,9.658713683342214
13,48,12.657097876195886
13,49,11.399437707919068
13,50,8.260926087010581
13,51,10.763965349520298
13,52,13.752788613632259
13,53,15.95533396993617
13,54,18.275983489612162
13,55,20.003004612936824
13,56,20.801007028345047
13,57,21.560051200152802
13,58,19.455170740062695
13,59,18.858762370646296
13,60,19.19746712042117
13,61,22.701013863201677
13,62,22.47372965771575
13,63,21.77451793352487
13,64,19.11063778111232
13,65,17.602310684366433
13,66,17.476975099517045
13,67,16.11188689701449
13,68,13.137150477495283
13,69,12.93439499289013
13,70,13.094889227017374
13,71,10.193603186240024
13,72,7.9692924591550485
13,73,10.085292898331916
13,74,9.900320577634087
13,75,6.188131314517352
13,76,6.613972684213987
13,77,9.888616940293335
13,78,9.20053306697078
13,79,6.919930502954916
13,80,9.523742629944879
13,81,12.132342780092841
13,82,11.534102102380201
13,83,11.980039406520474
13,84,15.04890265745026
13,85,16.257705485853524
13,86,15.975523026208894
13,87,17.876568830974804
13,88,20.377126062878368
13,89,21.13545376225373
13,90,21.666950364460295
13,91,24.14679696401594
13,92,25.804379199305515
13,93,26.518585960566735
13,94,27.921381906572257
13,95,30.06268698709164
13,96,31.433611432460992
13,97,32.740258117279524
13,98,34.34329383873052
13,99,36.33079846636195
13,100,37.112578563728874
13,101,35.887648775709806
14,1,19.823215423141423
14,2,18.437700171364593
14,3,16.831518606550254
14,4,15.473562475418053
14,5,14.04910714799934
14,6,12.458153646766375
14,7,10.774454658411406
14,8,10.057813504219114
14,9,8.592745112311636
14,10,6.258115119238395
14,11,5.11635399276408
14,12,5.376203288278083
14,13,3.8063805616514728
14,15,3.8105801844088516
14,16,5.4101279987980035
14,17,4.917600857432326
14,18,6.2011125948533214
14,19,8.548655722396271
14,20,9.54968876446699
14,21,10.486116025812745
14,22,12.447480336834726
14,23,14.03840879899106
14,24,15.093127112138788
14,25,17.0999954145642
14,26,18.61061698852797
14,27,19.714082214655864
14,28,20.93046998348624
14,29,23.025079594591556
14,30,26.47219147967407
14,31,26.791193559705672
14,32,29.0850541332915
14,33,27.938612735737888
14,34,24.181712842517324
14,35,22.35330842942428
14,36,18.816804207763695
14,37,19.941547388065175
14,38,18.352765954520237
14,39,14.913321238073573
14,40,14.751236034534767
14,41,15.585636365710984
14,42,13.605731126807408
14,43,10.356468658217247
14,44,12.284500979516219
14,45,13.171669829996919
14,46,9.730394372870515
14,47,9.346501420748123
14,48,12.95797525369949
14,49,12.538464771178933
14,50,10.007872200883957
14,51,12.292989022727802
14,52,15.437527211930739
14,53,16.9660518922535
14,54,19.31955474176078
14,55,20.36764706645681
14,56,21.274428687663562
14,57,21.377701633661268
14,58,19.263878312304744
14,59,19.20798601349379
14,60,19.595666882336037
14,61,23.217664287980863
14,62,23.075990894333785
14,63,22.864378998582726
14,64,19.953884013170228
14,65,18.15892875879689
14,66,18.745175765317075
14,67,17.704033392025025
14,68,14.260928779850884
14,69,14.342656305106198
14,70,15.381345648179709
14,71,12.59566470984332
14,72,10.050922281302576
14,73,12.693578006466264
14,74,13.23341909554615
14,75,9.695707836170392
14,76,9.678409686612685
14,77,13.253800081109707
14,78,12.938296401593641
14,79,10.341378700653019
14,80,12.39532379795788
14,81,15.40558622863072
14,82,14.75065463180721
14,83,14.524681525495057
14,84,17.77425885587607
14,85,19.26571216612194
14,86,18.497033148783565
14,87,20.07977920280036
14,88,22.970189543632586
14,89,23.69618305040137
14,90,23.72726380668576
14,91,26.271296643233523
14,92,28.259306270946322
14,93,28.716403168102573
14,94,29.804501490156003
14,95,32.2088400328018
14,96,33.680933104856265
14,97,34.638837514565786
14,98,36.17419199181164
14,99,38.43960564928658
14,100,39.147965613031246
14,101,38.17727194276982
15,1,20.765152704570696
15,2,19.913610048976935
15,3,18.636591065245455
15,4,16.599229492421575
15,5,15.003258410358567
15,6,14.33103419231429
15,7,12.55342126359452
15,8,10.747241452614078
15,9,9.845938624273826
15,10,8.706995358542482
15,11,6.32739300453331
15,12,5.027182204569082
15,13,5.416564422728027
15,14,3.8105801844088516
15,16,3.8077633172479457
15,17,5.379839560260013
15,18,5.1419220363472125
15,19,5.9673961203056765
15,20,8.06465456098808
15,21,9.706434536721744
15,22,10.630324393377439
15,23,11.859745568971553
15,24,13.766906925384212
15,25,15.778526031062283
15,26,16.565848943220697
15,27,17.82806601815003
15,28,19.64447297204457
15,29,21.56463503096984
15,30,24.82619438529169
15,31,25.498249815348803
15,32,28.148961684095923
15,33,27.491832028476686
15,34,23.691483882829125
15,35,22.335629306361962
15,36,18.60149912715966
15,37,19.277989715898975
15,38,17.977401304950654
15,39,14.554302128070557
15,40,15.334048509986197
15,41,16.462661056720517
15,42,13.884217530450298
15,43,11.243359985372628
15,44,14.002093990210074
15,45,14.384183281799238
15,46,10.846705435143875
15,47,11.698633763320712
15,48,15.096710450953118
15,49,14.008968592094723
15,50,11.93358461172535
15,51,14.904059662403318
15,52,17.588601621027532
15,53,19.512594987034134
15,54,21.385138737599853
15,55,22.478590285458605
15,56,22.809983576832536
15,57,22.788621605359094
15,58,20.15693933606411
15,59,19.59716785567419
15,60,19.235587802762286
15,61,22.601287249041153
15,62,21.858427624004495
15,63,21.360395665794005
15,64,18.097218895596136
15,65,16.867773873510085
15,66,17.859926662615383
15,67,16.28531535182732
15,68,12.845488466340312
15,69,13.929993149114788
15,70,14.917952009922749
15,71,11.683472842336762
15,72,10.101770767255944
15,73,13.412058068412026
15,74,13.581190921867579
15,75,10.153168318374627
15,76,11.410150211580854
15,77,14.82990681955748
15,78,14.083105871921948
15,79,12.208297867957972
15,80,14.934288884132085
15,81,17.478357976279263
15,82,16.56421567816254
15,83,17.03035994577096
15,84,20.312502385596268
15,85,21.293108643055046
15,86,20.642368798636085
15,87,22.708755816851983
15,88,25.36772516113964
15,89,25.75134168153233
15,90,26.096389204210897
15,91,28.862104469520396
15,92,30.523340745400674
15,93,30.846397726949796
15,94,32.26444125120077
15,95,34.68906587318109
15,96,35.8576500585776
15,97,36.933987947215506
15,98,38.734047245343795
15,99,40.83994829836832
15,100,41.337031218166416
15,101,40.11850399764436
16,1,21.764229765380644
16,2,20.514079509391177
16,3,19.800249944069343
16,4,18.069257326156883
16,5,15.767139699327112
16,6,15.031679013896978
16,7,14.170464632791738
16,8,12.20135544291303
16,9,10.227777263167692
16,10,9.783944805462927
16,11,8.680403681021618
16,12,6.129260528932424
16,13,5.008133546859072
16,14,5.4101279987980035
16,15,3.8077633172479457
16,17,3.812996475755919
16,18,5.425023338280005
16,19,5.097811335485733
16,20,5.380973177781246
16,21,8.028168274834451
16,22,9.598194098318226
16,23,9.872332258850571
16,24,11.265178222160857
16,25,13.955244445316735
16,26,14.828822354074811
16,27,15.374234687433336
16,28,17.11399962294062
16,29,19.520227622195193
16,30,22.640007553429825
16,31,22.892831775941353
16,32,25.591317853678007
16,33,24.857989095260486
16,34,21.09410217422771
16,35,20.016910629324183
16,36,16.317696954164724
16,37,17.505227784875988
16,38,16.857205127964157
16,39,13.908364470848603
16,40,14.975413081942424
16,41,15.278337673044321
16,42,12.236239767169167
16,43,10.229396667491182
16,44,12.743649542538106
16,45,12.168571123309574
16,46,8.472160088055412
16,47,10.007907027112243
16,48,12.836089574175046
16,49,11.034947962816448
16,50,9.295406558598398
16,51,12.75485331773256
16,52,14.888184447856743
16,53,17.215834760642615
16,54,18.67056070155644
16,55,20.05580539434551
16,56,20.01606462129612
16,57,20.32420299695637
16,58,17.52774061637502
16,59,16.49757673201939
16,60,16.014564667690557
16,61,19.32962512171404
16,62,18.609673587071516
16,63,17.957121242793967
16,64,14.901347817736625
16,65,13.615655261672623
16,66,14.232062091934447
16,67,12.674323084698306
16,68,9.301445114824862
16,69,10.218875930644643
16,70,11.121543669629261
16,71,7.991844392084092
16,72,6.436491876883481
16,73,9.96327004787621
16,74,10.377630916573567
16,75,7.424907462521983
16,76,9.01671807159535
16,77,12.362443648656576
16,78,12.11964052977932
16,79,11.069074167792012
16,80,13.69148615021304
16,81,16.075604081877863
16,82,15.811786783369552
16,83,16.764964370972837
16,84,19.593279409825467
16,85,20.65396402322643
16,86,20.693998444811438
16,87,22.751075014366968
16,88,25.047390301727372
16,89,25.770280498231717
16,90,26.533234752617698
16,91,29.02091533335964
16,92,30.509907473479554
16,93,31.26617371843879
16,94,32.82418913111169
16,95,34.90378307345384
16,96,36.17198666182942
16,97,37.586414205949325
16,98,39.26542147381486
16,99,41.15713314233272
16,100,41.89419044585468
16,101,40.51413902088055
17,1,23.693193418220055
17,2,22.058249305875
17,3,20.943905946056052
17,4,19.71365124564604
17,5,17.69540725732324
17,6,16.18563394904268
17,7,15.203865615014832
17,8,14.108245173795144
17,9,11.896950406115748
17,10,10.337207675974762
17,11,9.76171176912627
17,12,8.476201062128395
17,13,5.995802669206006
17,14,4.917600857432326
17,15,5.379839560260013
17,16,3.812996475755919
17,18,3.804451301263923
17,19,5.722528205635973
17,20,5.161320645735088
17,21,5.976032886509075
17,22,8.64876856417728
17,23,9.926905820893762
17,24,10.359769687778027
17,25,12.58811508483215
17,26,14.378941120754074
17,27,15.17450907879034
17,28,16.131220596184292
17,29,18.413776248280602
17,30,21.84053198983032
17,31,21.960997342135585
17,32,24.22114086040224
17,33,23.078495367117377
17,34,19.31704959160617
17,35,17.65690105812988
17,36,14.06744971963953
17,37,15.406053417433231
17,38,14.298554104842934
17,39,11.257448720544442
17,40,11.662665814663523
17,41,11.86463864759707
17,42,9.247606593058423
17,43,6.681365995107482
17,44,9.04829722713521
17,45,9.03661726580599
17,46,5.473996501337546
17,47,6.78926658234524
17,48,9.988216806223887
17,49,9.116303296051035
17,50,7.876706860355715
17,51,10.934320565890873
17,52,13.187849788967515
17,53,14.836416548754956
17,54,16.385666618760943
17,55,17.243386217882215
17,56,17.487010646658057
17,57,17.416494642359222
17,58,14.873442662918583
17,59,14.563237790543734
17,60,14.746914084297433
17,61,18.366013577937085
17,62,18.318810660297494
17,63,18.417111639887292
17,64,15.637437608377656
17,65,13.476738230928435
17,66,14.295113663377467
17,67,13.739362094225344
17,68,10.10321284718786
17,69,10.093271650577922
17,70,11.959640116429812
17,71,9.776082371206485
17,72,6.928201306811696
17,73,10.109668523246226
17,74,11.70551587468115
