1,2,3.793216562965941
1,3,5.900093143884066
1,4,9.143756550971577
1,5,9.958280114742008
1,6,13.19346905912292
1,7,12.091494566644231
1,8,9.939443906173448
1,9,13.052704147616142
1,10,15.319254754942532
1,11,14.055764949944596
1,12,14.369192770613102
1,13,17.79312634750942
1,14,18.877941846973602
1,15,18.257969432554507
1,16,19.87297601127733
1,17,22.673578793199663
1,18,23.46382294753528
1,19,23.74384602239211
1,20,26.01506988932483
1,21,28.12260690762617
1,22,28.730227300434503
1,23,29.34928599057429
1,24,31.39694620885199
1,25,33.52476073878955
1,26,34.230918948366806
1,27,35.02439921414015
1,28,37.16363706402013
1,29,39.419374604849665
1,30,39.691271788098454
1,31,40.70384221557572
1,32,43.02882849987526
1,33,45.108659025714275
1,34,48.141202916899445
1,35,48.721975761910926
1,36,51.72247402153049
1,37,50.994207780996355
1,38,47.20073846852036
1,39,45.7125116127763
1,40,42.0435322861203
1,41,42.806651901046905
1,42,41.39096024055552
1,43,37.69329999607062
1,44,37.49599730121685
1,45,38.9425637226861
1,46,37.04028461668129
1,47,33.73348325661128
1,48,35.312368104323674
1,49,36.36803336793979
1,50,32.88315692895985
1,51,31.59778333680646
1,52,34.30657606724611
1,53,33.86023137991412
1,54,30.113472639257076
1,55,30.93206776705804
1,56,34.043079552401835
1,57,36.43020432742905
1,58,41.48181344105828
1,59,43.54680165133564
1,60,44.11469616692591
1,61,42.34100503949795
1,62,41.637850830113415
1,63,41.780653079711726
1,64,44.98133000664452
1,65,44.1146841051253
1,66,42.56981973243803
1,67,39.649565128708865
1,68,39.24235212008175
1,69,39.04610278686679
1,70,36.5596190541901
1,71,34.31738483974926
1,72,34.92985352208335
1,73,33.87047324752409
1,74,30.523092934297505
1,75,30.023505038254758
1,76,31.049079862069142
1,77,28.81877412894092
1,78,25.72527995219776
1,79,26.641749789845054
1,80,27.400666655803615
1,81,24.325829456320857
1,82,22.04831533203901
1,83,23.82710756287592
1,84,23.88706638134019
1,85,20.1338200154316
1,86,19.91960476727731
1,87,22.557693550568818
1,88,20.785964935053123
1,89,17.648202852081564
1,90,20.145353066968486
1,91,21.81338366101446
1,92,18.79853983856035
1,93,18.22211665054089
1,94,21.948349884958283
1,95,22.26250459497972
1,96,19.723430124683617
1,97,21.35783922940524
1,98,24.80360036907927
1,99,24.186522971098224
1,100,23.432137424959645
1,101,26.389196497003816
2,1,3.793216562965941
2,3,3.793965103643407
2,4,6.453932128574138
2,5,7.918163027052754
2,6,11.240505367299342
2,7,10.819497636226233
2,8,9.60084370621225
2,9,12.554385655178267
2,10,14.750103940452554
2,11,14.367197169373235
2,12,15.064216933576237
2,13,18.01477508291854
2,14,19.36064514283224
2,15,19.464639235501828
2,16,20.933329243498363
2,17,23.385221689910775
2,18,24.620260870839864
2,19,25.226404080477305
2,20,27.106025142682782
2,21,29.176721131780784
2,22,30.241225416319512
2,23,30.88770876293479
2,24,32.557711471463534
2,25,34.83244845173736
2,26,35.85525714731294
2,27,36.46826194928556
2,28,38.341965663347395
2,29,40.82696381125197
2,30,41.2643387811357
2,31,41.993009438280346
2,32,44.19788489307588
2,33,46.51965189241417
2,34,49.53718488483292
2,35,49.84530343607693
2,36,52.791894368643696
2,37,51.90373432165281
2,38,48.14591327260111
2,39,46.65740088723596
2,40,43.06207555170617
2,41,44.13521012718876
2,42,42.872960955073545
2,43,39.245955488985466
2,44,38.917494966157236
2,45,40.048731484724726
2,46,38.15696100386866
2,47,34.85464303767976
2,48,36.128582032953766
2,49,37.01481450740489
2,50,33.560534013848276
2,51,32.06776416110922
2,52,34.456677671170404
2,53,33.99318974459747
2,54,30.180761522361454
2,55,30.66351210587695
2,56,33.638547643274286
2,57,36.07971354683931
2,58,41.40347860320576
2,59,43.61872909792927
2,60,44.46241845354008
2,61,42.86849530115622
2,62,42.10585074646311
2,63,42.409500471900635
2,64,45.5794826359233
2,65,44.87131247811786
2,66,43.2224224702446
2,67,40.53173111132748
2,68,40.07842861817379
2,69,39.530734778991196
2,70,37.087088397608056
2,71,35.06806898575527
2,72,35.37599008445587
2,73,34.02345780049103
2,74,30.892013158219516
2,75,30.419507540886514
2,76,30.98422503468757
2,77,28.588666674898988
2,78,25.78979348040665
2,79,26.525769935072326
2,80,26.771998071098505
2,81,23.646185321114867
2,82,21.61298911492208
2,83,23.009327074576056
2,84,22.60806457627167
2,85,18.896168744361518
2,86,18.671091565500028
2,87,20.803543623407887
2,88,18.702465499088223
2,89,15.595426811966897
2,90,17.97072594180195
2,91,19.184101150565084
2,92,15.89145895623582
2,93,15.410958729442637
2,94,19.03163592711361
2,95,18.99003600297821
2,96,16.286465361847778
2,97,18.135504508415274
2,98,21.456912870906276
2,99,20.598189343875006
2,100,19.96152296295387
2,101,23.070832856424296
3,1,5.900093143884066
3,2,3.793965103643407
3,4,3.807350164103441
3,5,6.373719460846943
3,6,8.773178698846912
3,7,7.592430719292972
3,8,7.26136375370414
3,9,10.59922124116279
3,10,11.99886965995656
3,11,11.684959769541576
3,12,13.173395408095114
3,13,15.843424782607842
3,14,16.769348208278405
3,15,17.34048762634566
3,16,19.15923368953777
3,17,21.16666389356218
3,18,22.350869068719884
3,19,23.45536741810574
3,20,25.274314047362687
3,21,26.985980961035754
3,22,28.27816638342639
3,23,29.275376516643554
3,24,30.718629590450167
3,25,32.8146913833511
3,26,34.15720395828283
3,27,34.93786794964085
3,28,36.53254785497137
3,29,38.994600441678436
3,30,39.749802526455994
3,31,40.46276759148081
3,32,42.40833512781913
3,33,44.78775972306262
3,34,47.92868760502908
3,35,48.08213168462541
3,36,50.861687639145735
3,37,49.74721733083953
3,38,46.017717379143534
3,39,44.334000474884945
3,40,40.82662544166897
3,41,42.052972828252386
3,42,40.70232312901482
3,43,37.09178230205935
3,44,36.483057697330636
3,45,37.48905754670667
3,46,35.80748502213931
3,47,32.40392206028661
3,48,33.395949374272334
3,49,34.40743828805794
3,50,31.093331589846386
3,51,29.301017174812888
3,52,31.5854092013014
3,53,31.39214229203901
3,54,27.57977924170016
3,55,27.75335100343062
3,56,30.84435054120142
3,57,33.08148389419366
3,58,38.431065187713784
3,59,40.82500996794608
3,60,41.64732606841709
3,61,40.271303010578
3,62,39.716740611054966
3,63,40.3031284058279
3,64,43.58918787831124
3,65,43.15965953294846
3,66,41.72120041075069
3,67,39.117182165425966
3,68,38.348778576597766
3,69,37.73307237040285
3,70,35.56136050747507
3,71,33.420014146944254
3,72,33.39682691928528
3,73,32.18639270986008
3,74,29.220279249091096
3,75,28.36833355027521
3,76,28.75579658667114
3,77,26.62588177743437
3,78,23.794507044905902
3,79,24.06904579267185
3,80,24.307971172183404
3,81,21.469692083599615
3,82,19.134295330424646
3,83,20.129872135201662
3,84,19.988918225565296
3,85,16.389315701085255
3,86,15.60795842549053
3,87,17.766171848017343
3,88,16.086744021765693
3,89,12.66140542206358
3,90,14.709402298476723
3,91,16.3489495496125
3,92,13.375967836473418
3,93,12.403924519895142
3,94,16.099898914170243
3,95,16.637453462413045
3,96,14.168804555864368
3,97,15.626409316160418
3,98,19.111494422605308
3,99,18.852206686915064
3,100,18.198399458218482
3,101,20.92621183301099
4,1,9.143756550971577
4,2,6.453932128574138
4,3,3.807350164103441
4,5,3.8108485734146926
4,6,5.523779803032149
4,7,5.573495482879522
4,8,6.488971007997574
4,9,8.891236746940741
4,10,10.12671790652212
4,11,11.016692067587485
4,12,12.569513372556944
4,13,14.47469835909415
4,14,15.793543566664306
4,15,17.09410531170715
4,16,18.508273944485325
4,17,20.10199016119167
4,18,21.822507562697048
4,19,23.13068742025308
4,20,24.41970885706177
4,21,26.133364660005185
4,22,27.897119022368695
4,23,28.806233890749112
4,24,29.809781217698404
4,25,32.08697758323088
4,26,33.71287440149152
4,27,34.2299855103958
4,28,35.53777995447208
4,29,38.240046442840665
4,30,39.12241815576639
4,31,39.50271486032716
4,32,41.3271664854143
4,33,43.94941146801715
4,34,47.02404126247366
4,35,46.894141006049516
4,36,49.62209097769645
4,37,48.39111648715967
4,38,44.72335851295513
4,39,43.11467973504881
4,40,39.6998122942383
4,41,41.23550577635976
4,42,40.13413479385404
4,43,36.66497985766701
4,44,36.039994364713074
4,45,36.66521825945596
4,46,34.91269714228132
4,47,31.625424021990646
4,48,32.363032555057615
4,49,33.07577892468832
4,50,29.792987170094182
4,51,27.930780543300422
4,52,29.85943279787397
4,53,29.530668982196953
4,54,25.714322458623148
4,55,25.660766028635983
4,56,28.523485708987824
4,57,30.88057929782162
4,58,36.43475229175595
4,59,38.870653638389726
4,60,39.989739825795546
4,61,38.72338009165389
4,62,38.03584175290553
4,63,38.71635500416013
4,64,41.91980898280699
4,65,41.62318620606602
4,66,40.0864670398491
4,67,37.73610910198268
4,68,36.94579970058445
4,69,35.98743707305454
4,70,33.87423966854413
4,71,31.989660256634547
4,72,31.68614895533182
4,73,30.19420115609668
4,74,27.47972081040773
4,75,26.702345411164977
4,76,26.645501657137498
4,77,24.37202616456267
4,78,21.890101958820335
4,79,22.045923397213404
4,80,21.78278345922593
4,81,18.922739537599824
4,82,16.930043634025722
4,83,17.62953024264159
4,84,17.00319025821603
4,85,13.499104811551721
4,86,12.899264820785866
4,87,14.598379853262843
4,88,12.578366091786487
4,89,9.307124967991326
4,90,11.552149465265071
4,91,12.78952963110698
4,92,9.693360970819928
4,93,9.2538793300547
4,94,13.002159446183521
4,95,13.291056602788652
4,96,11.235267389486168
4,97,13.174865799342621
4,98,16.377674798102447
4,99,16.244034911790095
4,100,16.22548105196365
4,101,18.880044777753216
5,1,9.958280114742008
5,2,7.918163027052754
5,3,6.373719460846943
5,4,3.8108485734146926
5,6,3.8028853716371733
5,7,5.472407255695441
5,8,5.062648791640424
5,9,6.103393774393717
5,10,8.421746694121111
5,11,9.846552836520047
5,12,10.382514079705068
5,13,12.07471238014597
5,14,14.16921436598213
5,15,15.399921803433486
5,16,16.120853474813966
5,17,17.908132971301438
5,18,20.052026900116104
5,19,20.969930364272145
5,20,21.941098977216893
5,21,24.029264285845567
5,22,25.880047147516017
5,23,26.382455736072057
5,24,27.302976535383152
5,25,29.873205180738744
5,26,31.38261096312908
5,27,31.574284395332068
5,28,32.95336889669404
5,29,35.8233313089438
5,30,36.50577705837289
5,31,36.69968946151366
5,32,38.67868231021093
5,33,41.38897492303807
5,34,44.319283305995604
5,35,44.16930465225417
5,36,47.02232917930313
5,37,45.95459121653634
5,38,42.28793259629347
5,39,40.928017374754035
5,40,37.46771717090515
5,41,39.02697843023833
5,42,38.19369815761947
5,43,34.8141168984235
5,44,34.51630319976882
5,45,35.01798931501707
5,46,32.95527021321236
5,47,29.875067537776758
5,48,30.820222002169338
5,49,31.182420990532986
5,50,27.742193856568687
5,51,26.2498957587935
5,52,28.162063821942873
5,53,27.403836757295693
5,54,23.594294516850113
5,55,23.928489916600043
5,56,26.564184300581182
5,57,29.247882203808153
5,58,34.784533606410385
5,59,36.95984388977391
5,60,38.21389706431785
5,61,36.70289344173078
5,62,35.708691843886854
5,63,36.12545516448336
5,64,39.187308281307715
5,65,38.69739603094829
5,66,36.96155964363414
5,67,34.63989450659346
5,68,34.08551678448797
5,69,33.05311935468861
5,70,30.740548533750786
5,71,29.04437635761255
5,72,28.920902638387627
5,73,27.21570830831501
5,74,24.428365639403456
5,75,24.01936222624157
5,76,24.011445829877353
5,77,21.44482828081622
5,78,19.063854245334575
5,79,19.700822086067486
5,80,19.380642094978626
5,81,16.18196225362
5,82,14.588824946992952
5,83,15.874259314109674
5,84,14.941741416799228
5,85,11.255210340843215
5,86,11.661836633294433
5,87,13.594008755794784
5,88,11.158891298423042
5,89,8.579622761442527
5,90,11.791168531889852
5,91,12.783734927044815
5,92,9.91722302958856
5,93,10.746499973534508
5,94,14.398489155251188
5,95,14.363151008667256
5,96,13.077593910505254
5,97,15.553828307703476
5,98,18.312927778430016
5,99,18.189600695033697
5,100,18.834833555575685
5,101,21.453332005338385
6,1,13.19346905912292
6,2,11.240505367299342
6,3,8.773178698846912
6,4,5.523779803032149
6,5,3.8028853716371733
6,7,3.803987806952724
6,8,5.516955242309402
6,9,5.327757181075546
6,10,6.0780328806916
6,11,8.642967190724265
6,12,9.855479062351368
6,13,10.464958315628007
6,14,12.330087274836536
6,15,14.418957852454096
6,16,15.147711167430161
6,17,16.16676799468305
6,18,18.531638739189848
6,19,19.971793479164294
6,20,20.557708970807155
6,21,22.27328018314809
6,22,24.543642043557192
6,23,25.292653647801917
6,24,25.76591775586427
6,25,28.23311768037454
6,26,30.13828435077889
6,27,30.344398044571438
6,28,31.320446129420635
6,29,34.25624701191503
6,30,35.264935544862254
6,31,35.28931586912957
6,32,36.967944678161366
6,33,39.81917835903834
6,34,42.804086404782296
6,35,42.395689328733944
6,36,45.067927090705865
6,37,43.76056540525899
6,38,40.163303059439926
6,39,38.68152364253835
6,40,35.36144094226206
6,41,37.18888176813832
6,42,36.41121039030528
6,43,33.15021948620971
6,44,32.621251999259066
6,45,32.81751810796058
6,46,30.909058878404384
6,47,27.842646778511444
6,48,28.407555339608113
6,49,28.704982562723142
6,50,25.433296909735564
6,51,23.664475356600775
6,52,25.270546766977656
6,53,24.670854696738505
6,54,20.886836561334572
6,55,20.817771157463337
6,56,23.418051651358642
6,57,25.99183963119064
6,58,31.643804196732276
6,59,33.97930383295346
6,60,35.35945901439462
6,61,34.08763371683853
6,62,33.208581625093174
6,63,33.915862242342776
6,64,37.02432827468883
6,65,36.84584222535306
6,66,35.26853109907984
6,67,33.16091440355202
6,68,32.3154803974069
6,69,31.06760794522243
6,70,29.058034783762327
6,71,27.39094107417964
6,72,26.820342500751394
6,73,25.125207633072552
6,74,22.662711735282016
6,75,21.931898874014685
6,76,21.510017087840435
6,77,19.156375611948334
6,78,16.97938254839274
6,79,17.071700791563575
6,80,16.44401804161555
6,81,13.55850500431337
6,82,11.890618321978517
6,83,12.565069819445744
6,84,11.579214184550649
6,85,8.047383779230458
6,86,8.069912099009795
6,87,9.808831682309227
6,88,7.595916609227437
6,89,4.826994061348359
6,90,8.228561890023197
6,91,9.489028618283436
6,92,7.311855945918091
6,93,8.330127904833788
6,94,11.793354201914669
6,95,12.253104699196124
6,96,11.82520925261426
6,97,14.035927644353578
6,98,16.539866461212757
6,99,17.099707328186017
6,100,18.075372531436063
6,101,20.164411987491054
7,1,12.091494566644231
7,2,10.819497636226233
7,3,7.592430719292972
7,4,5.573495482879522
7,5,5.472407255695441
7,6,3.803987806952724
7,8,3.8051891852444206
7,9,5.514339621525601
7,10,4.964267265104543
7,11,6.132752113266902
7,12,8.521382067622167
7,13,9.761400372978457
7,14,10.554209829746467
7,15,12.435434281379232
7,16,14.058876236631221
7,17,15.074728580197023
7,18,16.76692786836655
7,19,18.532062440172673
7,20,19.68009757693988
7,21,21.016754321896947
7,22,22.996474020820575
7,23,24.20427685806723
7,24,24.96312182962749
7,25,27.04572434287769
7,26,28.949345246679826
7,27,29.621413614315262
7,28,30.660260612319394
7,29,33.300047075189624
7,30,34.468327600652586
7,31,34.86181944436075
7,32,36.43413833153382
7,33,39.06237505587559
7,34,42.240083535160814
7,35,42.01351935201697
7,36,44.59070568366966
7,37,43.205736875174225
7,38,39.55871210065603
7,39,37.80133252107543
7,40,34.448851699730966
7,41,36.073028771798704
7,42,34.92962689354889
7,43,31.514013115826938
7,44,30.73450741063516
7,45,31.233877447099754
7,46,29.598487064637514
7,47,26.27795875694419
7,48,26.85878614955458
7,49,27.63493169083122
7,50,24.447164961486997
7,51,22.43035920935389
7,52,24.381486765792108
7,53,24.236446818506504
7,54,20.435564785267978
7,55,20.315058657093832
7,56,23.364038440731644
7,57,25.5753400685564
7,58,31.029938726371302
7,59,33.501097046160936
7,60,34.50904381305904
7,61,33.31362369310078
7,62,32.79719259228776
7,63,33.67186519356996
7,64,36.994008784752644
7,65,36.9256472583791
7,66,35.673069268887
7,67,33.347587800199
7,68,32.22149646669999
7,69,31.32673926503439
7,70,29.523056849358447
7,71,27.418512033160233
7,72,26.857762593861974
7,73,25.674942471777427
7,74,23.07439683153125
7,75,21.838337124155345
7,76,21.804425960147178
7,77,19.95789255314005
7,78,17.278880048463897
7,79,16.981607262544046
7,80,17.056400996815775
7,81,14.599241069055672
7,82,12.021328920646706
7,83,12.594188214153013
7,84,12.73993630460281
7,85,9.32953468698364
7,86,8.076858410638883
7,87,10.659155355151478
7,88,9.72564055088016
7,89,6.266193085837019
7,90,8.659108991404866
7,91,11.150211693379324
7,92,9.514404925874631
7,93,9.03351519135872
7,94,12.621293428126574
7,95,14.025106713741176
7,96,13.262510446375135
7,97,14.607801149606605
7,98,17.59715148216417
7,99,18.563488483409476
7,100,18.8763175046471
7,101,20.70993190737541
8,1,9.939443906173448
8,2,9.60084370621225
8,3,7.26136375370414
8,4,6.488971007997574
8,5,5.062648791640424
8,6,5.516955242309402
8,7,3.8051891852444206
8,9,3.802337369077354
8,10,5.389404659429184
8,11,5.147893652000581
8,12,6.1359959634171535
8,13,8.593936073263563
8,14,9.928536395574866
8,15,10.736977340165703
8,16,12.130587109586637
8,17,14.03687482777688
8,18,15.614619188086566
8,19,16.687727608193462
8,20,18.164208122491758
8,21,19.99046059193247
8,22,21.541036519768245
8,23,22.395726691852488
8,24,23.600777679182247
8,25,25.848741329793548
8,26,27.314363711165534
8,27,27.9216383464425
8,28,29.386657504851197
8,29,31.976665448771417
8,30,32.783329744986084
8,31,33.338492775019
8,32,35.23609841050775
8,33,37.718342965085725
8,34,40.82575620371942
8,35,40.87946780388029
8,36,43.664494995061766
8,37,42.57709379941955
8,38,38.85054566785531
8,39,37.280852100243635
8,40,33.75827322420821
8,41,35.08167500130231
8,42,33.95514388259993
8,43,30.448328257666187
8,44,30.049508710852447
8,45,30.84030061158798
8,46,28.920824148523412
8,47,25.667916630781512
8,48,26.780473014901887
8,49,27.503016366724832
8,50,24.073388245162413
8,51,22.543188244546403
8,52,24.884685996473056
8,53,24.407913226087704
8,54,20.59844450179221
8,55,21.168806917181428
8,56,24.20718262687801
8,57,26.645099528425707
8,58,31.87507965740464
8,59,34.03046189064937
8,60,34.88252568562189
8,61,33.304618419412506
8,62,32.58817484759464
8,63,33.07056046275284
8,64,36.33651754118107
8,65,35.906336235541055
8,66,34.52065517467187
8,67,31.936912924360175
8,68,31.101258626613205
8,69,30.489682069234764
8,70,28.375841640323948
8,71,26.184014901733033
8,72,26.146593144027552
8,73,25.01900009982556
8,74,22.022320978460407
8,75,21.121228695616686
8,76,21.657313741290263
8,77,19.615907938555416
8,78,16.613845387097157
8,79,17.038909045943527
8,80,17.620774188094167
8,81,14.786230324982787
8,82,12.261117469818071
8,83,13.890176810485036
8,84,14.175204322356848
8,85,10.507795267064383
8,86,10.250809068550955
8,87,13.32067556013365
8,88,12.133039761968735
8,89,9.265613391279507
8,90,12.190585968525593
8,91,14.437722099699645
8,92,12.572809872536311
8,93,12.594322803383143
8,94,16.254661836278135
8,95,17.280162775129355
8,96,16.309034495753007
8,97,17.986648041300295
8,98,21.01521785834443
8,99,21.60592734735005
8,100,21.896124928496302
8,101,24.04309885160717
9,1,13.052704147616142
9,2,12.554385655178267
9,3,10.59922124116279
9,4,8.891236746940741
9,5,6.103393774393717
9,6,5.327757181075546
9,7,5.514339621525601
9,8,3.802337369077354
9,10,3.809930496005532
9,11,5.386858958777492
9,12,4.860825024942471
9,13,6.005154927694939
9,14,8.548185696194892
9,15,9.866002310502127
9,16,10.16243172942974
9,17,11.84993994980892
9,18,14.202007301441286
9,19,15.080294407057718
9,20,15.859807477356938
9,21,17.972486545379812
9,22,19.91766800360734
9,23,20.394076276376126
9,24,21.210424708927007
9,25,23.789576034805272
9,26,25.36034263543713
9,27,25.55818450699104
9,28,26.872127922378247
9,29,29.730241635949312
9,30,30.487773572317213
9,31,30.701800996414445
9,32,32.61941903960565
9,33,35.310693591692534
9,34,38.28140295527962
9,35,38.14795629783662
9,36,40.982921088809775
9,37,39.93703179908437
9,38,36.2475497712569
9,39,34.898268776375815
9,40,31.403225975147734
9,41,32.931930954953856
9,42,32.16075805593255
9,43,28.83243342096374
9,44,28.673957514157127
9,45,29.12286992542185
9,46,26.9300743239198
9,47,23.9360865471367
9,48,25.047275623183218
9,49,25.301107653472606
9,50,21.776996586000973
9,51,20.525481701201556
9,52,22.634453021479114
9,53,21.72551690307505
9,54,17.925435869371732
9,55,18.723399311174774
9,56,21.444353201962617
9,57,24.204013953456325
9,58,29.495290292688132
9,59,31.459223069431843
9,60,32.56776585637475
9,61,30.863830583560976
9,62,29.84408953715991
9,63,30.190095506443367
9,64,33.31845260339279
9,65,32.83988506270635
9,66,31.27971231121692
9,67,28.857238522128107
9,68,28.146639272994474
9,69,27.287480598292014
9,70,25.08234469527641
9,71,23.14886839010348
9,72,23.061530337073417
9,73,21.6360321063307
9,74,18.714698250930645
9,75,18.1028200507293
9,76,18.438563405685837
9,77,16.109736502419214
9,78,13.319561903479032
9,79,14.085443844566214
9,80,14.411545248453713
9,81,11.288608964668192
9,82,9.222511823454832
9,83,11.35135520188423
9,84,11.251777467825667
9,85,7.558100968016587
9,86,8.464821284516844
9,87,11.529417938901512
9,88,10.162812980563087
9,89,8.342996562102401
9,90,11.771213470087556
9,91,13.641941810427022
9,92,12.282941181650365
9,93,13.25390947077891
9,94,16.589568395099025
9,95,17.3702655081131
9,96,17.14064731414329
9,97,19.16422892138495
9,98,21.71823986304752
9,99,22.42258118536244
9,100,23.313746166837586
9,101,25.327365400156637
10,1,15.319254754942532
10,2,14.750103940452554
10,3,11.99886965995656
10,4,10.12671790652212
10,5,8.421746694121111
10,6,6.0780328806916
10,7,4.964267265104543
10,8,5.389404659429184
10,9,3.809930496005532
10,11,3.788867862132576
10,12,5.383656185147677
10,13,5.073125573318294
10,14,6.275113391915072
10,15,8.799860344836674
10,16,9.791026194548046
10,17,10.35724453211259
10,18,12.53713458407856
10,19,14.327835526556395
10,20,15.006000761645934
10,21,16.382070516382136
10,22,18.65454550409668
10,23,19.727613307429706
10,24,20.19671133422104
10,25,22.404410927834256
10,26,24.43142902989655
10,27,24.935382273268814
10,28,25.82692222535991
10,29,28.57668874107684
10,30,29.79094997968171
10,31,30.036436267917075
10,32,31.556537502008762
10,33,34.270406191747405
10,34,37.40881274928404
10,35,37.09909298625603
10,36,39.682223649552604
10,37,38.326458665481724
10,38,34.681307444288315
10,39,33.027700947554294
10,40,29.664465348114113
10,41,31.377652340481866
10,42,30.440743428148995
10,43,27.141052355597843
10,44,26.553532374041787
10,45,26.843834085722378
10,46,24.995953340669157
10,47,21.83585681122148
10,48,22.506479514453076
10,49,22.993748960447732
10,50,19.701288314096285
10,51,17.924047615207638
10,52,19.907754706641335
10,53,19.48095556029064
10,54,15.658556772741793
10,55,15.920310669646444
10,56,18.926988417598068
10,57,21.349387547891414
10,58,26.704095289717404
10,59,28.95586352055124
10,60,29.995946664983048
10,61,28.613044389377336
10,62,27.944576243643702
10,63,28.730255102695583
10,64,32.03650164517424
10,65,31.969903462074267
10,66,30.766820538786945
10,67,28.47232465530746
10,68,27.279677243998748
10,69,26.378362699378922
10,70,24.645271085634622
10,71,22.5054436329027
10,72,21.895454355334103
10,73,20.79059392330688
10,74,18.199929083774833
10,75,16.874276878774594
10,76,16.936388299200793
10,77,15.20813443813776
10,78,12.377371305764658
10,79,12.122814293600852
10,80,12.546755812902603
10,81,10.162423896655556
10,82,7.248003154690605
10,83,8.521867308650908
10,84,9.267757837536259
10,85,5.978469341440552
10,86,5.410422951385512
10,87,8.99253210222693
10,88,8.839829395511908
10,89,6.852188961829208
10,90,9.519880253113708
10,91,12.131444924110728
10,92,11.69029440783753
10,93,12.089869621435524
10,94,15.084653366149507
10,95,16.604220995501738
10,96,16.806960650309296
10,97,18.22165064050224
10,98,20.713251284320513
10,99,22.047669924715386
10,100,22.861734045736423
10,101,24.35519902423352
11,1,14.055764949944596
11,2,14.367197169373235
11,3,11.684959769541576
11,4,11.016692067587485
11,5,9.846552836520047
11,6,8.642967190724265
11,7,6.132752113266902
11,8,5.147893652000581
11,9,5.386858958777492
11,10,3.788867862132576
11,12,3.7948078601460544
11,13,5.417419037174061
11,14,5.106555372875743
11,15,6.344847681300955
11,16,8.538115732135804
11,17,9.74362709807983
11,18,10.878092957260206
11,19,12.605307106989292
11,20,14.203262335464801
11,21,15.44124647028293
11,22,17.06006990200908
11,23,18.431351755189684
11,24,19.510943122971863
11,25,21.381740384874604
11,26,23.115819991200233
11,27,24.077018093895408
11,28,25.297561947669507
11,29,27.69095797331424
11,30,28.839255427012024
11,31,29.557385044319854
11,32,31.162136221792355
11,33,33.551197320849745
11,34,36.824957249024365
11,35,36.86070383807952
11,36,39.46334156065605
11,37,38.21272573310834
11,38,34.49224875521421
11,39,32.68523333751578
11,40,29.20737890804533
11,41,30.519397222222967
11,42,29.211420491011456
11,43,25.692460753856885
11,44,25.069049321846347
11,45,25.87412945791943
11,46,24.154922595382136
11,47,20.772534859708113
11,48,21.797184771773964
11,49,22.770154104511345
11,50,19.461462997576618
11,51,17.749523040938563
11,52,20.312805430288385
11,53,20.17194841333078
11,54,16.4409337791373
11,55,17.05172971765785
11,56,20.39053959999186
11,57,22.51995804660973
11,58,27.462833012211387
11,59,29.64545654600974
11,60,30.222212937082876
11,61,28.71028740945969
11,62,28.29311305892185
11,63,29.003002846594526
11,64,32.448574519882506
11,65,32.27236999133597
11,66,31.30046834674062
11,67,28.671165010513008
11,68,27.400625746916216
11,69,27.018440467037962
11,70,25.313720172410854
11,71,22.737162366710763
11,72,22.472439401499212
11,73,21.908966138700702
11,74,19.01160622394329
11,75,17.435261269118502
11,76,18.23387923691236
11,77,16.919861823487746
11,78,13.562226856843058
11,79,13.38964340231561
11,80,14.752736678129013
11,81,12.685587310181115
11,82,9.330006683628458
11,83,10.937404769032847
11,84,12.52256560172497
11,85,9.550213413599831
11,86,8.583832046711201
11,87,12.32212157319851
11,88,12.553193665904868
11,89,10.177999754398538
11,90,12.393943488387993
11,91,15.40069597493007
11,92,14.760523429609309
11,93,14.495054504437029
11,94,17.67584974762395
11,95,19.482863875560003
11,96,19.20218750985617
11,97,20.285065121771648
11,98,23.15521618135632
11,99,24.476479015662683
11,100,24.80065215962175
11,101,26.3354094549397
12,1,14.369192770613102
12,2,15.064216933576237
12,3,13.173395408095114
12,4,12.569513372556944
12,5,10.382514079705068
12,6,9.855479062351368
12,7,8.521382067622167
12,8,6.1359959634171535
12,9,4.860825024942471
12,10,5.383656185147677
12,11,3.7948078601460544
12,13,3.803361169937647
12,14,5.407238530392247
12,15,5.258416942043064
12,16,6.013254534773998
12,17,8.393896446609508
12,18,10.01639290294176
12,19,10.642360821728836
12,20,12.126245889668573
12,21,14.194251817661144
12,22,15.609615875720275
12,23,16.27045322643334
12,24,17.582559601368743
12,25,19.894851971170205
12,26,21.222195595844603
12,27,21.808167652061783
12,28,23.386918116484683
12,29,25.931245151769605
12,30,26.65814480644136
12,31,27.297669581930446
12,32,29.260940090158456
12,33,31.657883575466393
12,34,34.76246238484535
12,35,34.941498309615376
12,36,37.786753672088906
12,37,36.85388996302688
12,38,33.089703846185266
12,39,31.63095487309746
12,40,28.01631517547614
12,41,29.17568555576908
12,42,28.144911387355414
12,43,24.669238260168953
12,44,24.614309758764847
12,45,25.458220610178508
12,46,23.264782356298024
12,47,20.167573361038723
12,48,21.714485885131733
12,49,22.27607543633496
12,50,18.68574601537548
12,51,17.699413406085974
12,52,20.401964409824828
12,53,19.626657208094784
12,54,15.954828053206029
12,55,17.350297945769984
12,56,20.36240217219726
12,57,22.894645774383584
12,58,27.653542451870766
12,59,29.413115428586618
12,60,30.04673805330145
12,61,28.10924107571799
12,62,27.277884449130013
12,63,27.5033174766941
12,64,30.781018170889713
12,65,30.2100438019206
12,66,28.96607927946688
12,67,26.192234025969427
12,68,25.320701395605237
12,69,25.037793662063184
12,70,22.944697067270983
12,71,20.471083213359453
12,72,20.722929880441978
12,73,19.98898745261579
12,74,16.745089932818207
12,75,15.756203742670644
12,76,16.98758131700206
12,77,15.28248151709601
12,78,11.792843080084586
12,79,12.655375349352743
12,80,14.25185201389618
12,81,11.714331213484483
12,82,8.931733465356718
12,83,11.690037454977368
12,84,12.917828951020951
12,85,9.912583967218875
12,86,10.347480469628852
12,87,14.01552699487851
12,88,13.733077721780528
12,89,12.051980755547419
12,90,14.892898671347623
12,91,17.40054440813933
12,92,16.584785742645973
12,93,17.035778415861365
12,94,20.27585782170025
12,95,21.59817225173777
12,96,21.39903965299563
12,97,22.97463786623721
12,98,25.69839135239089
12,99,26.71643472775246
12,100,27.324625036869346
12,101,29.118197022212776
13,1,17.79312634750942
13,2,18.01477508291854
13,3,15.843424782607842
13,4,14.47469835909415
13,5,12.07471238014597
13,6,10.464958315628007
13,7,9.761400372978457
13,8,8.593936073263563
13,9,6.005154927694939
13,10,5.073125573318294
13,11,5.417419037174061
13,12,3.803361169937647
13,14,3.8036052901007222
13,15,5.566512484092352
13,16,5.019687049766337
13,17,5.868325058517832
13,18,8.613499266635026
13,19,9.736832577211985
13,20,10.114653352037122
13,21,12.00816811849626
13,22,14.217897833484276
13,23,14.858831268705156
13,24,15.400236358610814
13,25,17.86995817566761
13,26,19.674136506788674
13,27,19.987178995828526
13,28,21.07875948120734
13,29,23.883062852374742
13,30,24.88142687032793
13,31,25.139834658468835
13,32,26.855380318712626
13,33,29.52424454934169
13,34,32.59781762195368
13,35,32.43838364292788
13,36,35.17748697598327
13,37,34.06927760883559
13,38,30.361775030253256
13,39,28.93242398715548
13,40,25.425366534417094
13,41,26.964786789841657
13,42,26.218070765942105
13,43,22.961556997128913
13,44,22.863387578423705
13,45,23.20085792996862
13,46,20.932629177160127
13,47,18.005943839680125
13,48,19.230260149371542
13,49,19.40585279051675
13,50,15.82799339805516
13,51,14.798673314750772
13,52,17.159671869799425
13,53,16.18728314174411
13,54,12.448698076025936
13,55,13.821877297845301
13,56,16.67240777892613
13,57,19.364115423620436
13,58,24.256444542190643
13,59,26.01282339364082
13,60,26.901268341712022
13,61,25.041973455293643
13,62,24.099059842906406
13,63,24.481551837508807
13,64,27.747270682486217
13,65,27.40639195033994
13,66,26.19026347376019
13,67,23.686048593575894
13,68,22.617335483524762
13,69,21.994251774597036
13,70,20.105418762712294
13,71,17.776895889206653
13,72,17.580160780501075
13,73,16.700360995398743
13,74,13.736673543891035
13,75,12.543634604123167
13,76,13.37198624363555
13,77,11.733682753400574
13,78,8.318852051075066
13,79,8.934042336482419
13,80,10.466387194721586
13,81,8.141722893085554
13,82,5.234541441372089
13,83,8.333126583527239
13,84,9.773108756420989
13,85,7.436751480968601
13,86,8.30285658600915
13,87,11.806046550808624
13,88,12.022029796817426
13,89,11.257486359360417
13,90,13.871895658265647
13,91,16.236887124314777
13,92,16.175618453866107
13,93,17.004360552420405
13,94,19.780905352719873
13,95,21.17956522117295
13,96,21.65447829922078
13,97,23.20361235680698
13,98,25.519419746463626
13,99,26.857415944972747
13,100,27.855526287064713
13,101,29.3268850380077
14,1,18.877941846973602
14,2,19.36064514283224
14,3,16.769348208278405
14,4,15.793543566664306
14,5,14.16921436598213
14,6,12.330087274836536
14,7,10.554209829746467
14,8,9.928536395574866
14,9,8.548185696194892
14,10,6.275113391915072
14,11,5.106555372875743
14,12,5.407238530392247
14,13,3.8036052901007222
14,15,3.8025952771253433
14,16,5.4058098478960215
14,17,4.983315932472687
14,18,6.3334733830406105
14,19,8.716730593505735
14,20,9.759398782088967
14,21,10.530631547749499
14,22,12.595646168222318
14,23,14.179765816216465
14,24,14.807718563487944
14,25,16.559023961493164
14,26,18.63331065461247
14,27,19.619133162323585
14,28,20.501775110585065
14,29,22.9055011199445
14,30,24.319098166323766
14,31,24.949945816988066
14,32,26.314065801882993
14,33,28.75889061383955
14,34,32.079384149034404
14,35,31.98959664992279
14,36,34.48530954507208
14,37,33.14777612511768
14,38,29.442252260736268
14,39,27.595254436690862
14,40,24.146100847515385
14,41,25.581271539994482
14,42,24.386518878768058
14,43,20.987247033219017
14,44,20.396328998502547
14,45,20.952010852400925
14,46,19.14877115701743
14,47,15.841278688387408
14,48,16.860838160695266
14,49,17.684963201027102
14,50,14.355288306197473
14,51,12.75381063601366
14,52,15.469400880753074
14,53,15.281924361076692
14,54,11.654146353553005
14,55,12.672182524084144
14,56,16.056526482169456
14,57,18.127295630251385
14,58,22.759960450617605
14,59,24.76479507890345
14,60,25.245674588087503
14,61,23.630966407024356
14,62,23.247391202086394
14,63,24.031330328286067
14,64,27.54853081173183
14,65,27.541719126628156
14,66,26.839714210930218
14,67,24.26757981784501
14,68,22.685055633550935
14,69,22.395028556022687
14,70,21.02863481400855
14,71,18.24417581384137
14,72,17.758461832424793
14,73,17.62237127963092
14,74,14.900119599337152
14,75,12.797168488725733
14,76,13.851855979616326
14,77,13.229724349709995
14,78,9.697519827036475
14,79,9.0975173637151
14,80,11.359117675942061
14,81,10.195839140351685
14,82,6.578962445581234
14,83,8.515153755392635
14,84,11.15927149039175
14,85,9.449514795569655
14,86,8.827396139303627
14,87,12.471581919129925
14,88,13.658033199211314
14,89,12.474576652681352
14,90,14.264341251767492
14,91,17.240645180872697
14,92,17.569816547015357
14,93,17.664914051467793
14,94,20.27432888699023
14,95,22.27978947559138
14,96,22.724827370635218
14,97,23.690440102044995
14,98,26.15276956994881
14,99,27.87724604027619
14,100,28.536420210082017
14,101,29.67480982518107
15,1,18.257969432554507
15,2,19.464639235501828
15,3,17.34048762634566
15,4,17.09410531170715
15,5,15.399921803433486
15,6,14.418957852454096
15,7,12.435434281379232
15,8,10.736977340165703
15,9,9.866002310502127
15,10,8.799860344836674
15,11,6.344847681300955
15,12,5.258416942043064
15,13,5.566512484092352
15,14,3.8025952771253433
15,16,3.791832659621687
15,17,5.381075820665046
15,18,5.210128465934924
15,19,6.41546337192977
15,20,8.758466360273152
15,21,9.991175364533836
15,22,10.945555903886147
15,23,12.366371433614356
15,24,13.930782099748612
15,25,15.588090898255405
15,26,16.98848448323488
15,27,18.227750927532945
15,28,19.732322908308944
15,29,21.834879241965265
15,30,22.86414344970047
15,31,23.940935166989703
15,32,25.63913024351354
15,33,27.73969548160203
15,34,31.06558175408687
15,35,31.419833675554802
15,36,34.08782084222021
15,37,33.075060962817666
15,38,29.295503118740072
15,39,27.551448549961275
15,40,23.92821688564466
15,41,24.821313991552245
15,42,23.426615175810657
15,43,19.82677902629519
15,44,19.613553203722184
15,45,20.771686917233307
15,46,18.79912402093396
15,47,15.506934485140517
15,48,17.286190678770797
15,49,18.31672655943137
15,50,14.880002105947627
15,51,13.948748954926298
15,52,17.18462599708222
15,53,16.84798356198217
15,54,13.537851827030194
15,55,15.258361088488208
15,56,18.52576266541139
15,57,20.540276080750306
15,58,24.610926008556447
15,59,26.260065749994453
15,60,26.356146232655654
15,61,24.374553548297904
15,62,23.95765539099932
15,63,24.324544340421248
15,64,27.80951482085827
15,65,27.424982870749684
15,66,26.750278673310408
15,67,23.789606895504246
15,68,22.43924955262314
15,69,22.71734445716344
15,70,21.120890571587292
15,71,18.050989622840415
15,72,18.289693630705578
15,73,18.513580052548228
15,74,15.36142577573727
15,75,13.551057090620505
15,76,15.505678317244028
15,77,14.924287703655223
15,78,11.13280280256683
15,79,11.393264651057962
15,80,14.170925838693709
15,81,12.830184869273157
15,82,9.64414660885643
15,83,12.129892051305797
15,84,14.596128900868495
15,85,12.642775998356248
15,86,12.413409742848922
15,87,16.13056474606846
15,88,16.950093986465436
15,89,15.530633382200755
15,90,17.608697228970833
15,91,20.57632343299612
15,92,20.472817309942112
15,93,20.504425044219445
15,94,23.4078026461128
15,95,25.29634028563092
15,96,25.361768003759085
15,97,26.421929708210644
15,98,29.128435545804237
15,99,30.616787368224614
15,100,31.065947301394072
15,101,32.44452202403448
16,1,19.87297601127733
16,2,20.933329243498363
16,3,19.15923368953777
16,4,18.508273944485325
16,5,16.120853474813966
16,6,15.147711167430161
16,7,14.058876236631221
16,8,12.130587109586637
16,9,10.16243172942974
16,10,9.791026194548046
16,11,8.538115732135804
16,12,6.013254534773998
16,13,5.019687049766337
16,14,5.4058098478960215
16,15,3.791832659621687
16,17,3.8047187410551113
16,18,5.430279208088967
16,19,4.998400811997496
16,20,6.183831212976542
16,21,8.65290876285808
16,22,9.965789773737667
16,23,10.307457935509696
16,24,11.63177770009896
16,25,14.04426538609983
16,26,15.278025641928354
16,27,15.811083226729417
16,28,17.44088305571698
16,29,19.952492442180517
16,30,20.654780397606373
16,31,21.353094599469323
16,32,23.330008185702706
16,33,25.65829451552482
16,34,28.77051523225315
16,35,29.04157594160479
16,36,31.92279607214939
16,37,31.133092124703918
16,38,27.34384626238373
16,39,26.016044050082275
16,40,22.32266894699011
16,41,23.330091030438137
16,42,22.469035877049038
16,43,19.096391873562677
16,44,19.493477316348564
16,45,20.30070891469917
16,46,17.755716366590484
16,47,14.961181022910932
16,48,17.031359433800603
16,49,17.300206444119578
16,50,13.585018833406373
16,51,13.457848880436076
16,52,16.475786268748234
16,53,15.322886604414919
16,54,12.099459312154483
16,55,14.520409505847201
16,56,17.2550933189899
16,57,19.753990066700638
16,58,23.759403056618257
16,59,25.001030365654437
16,60,25.378835232673428
16,61,23.041271891965096
16,62,22.07835308531162
16,63,22.010479885330096
16,64,25.292001100570424
16,65,24.608919768154813
16,66,23.60032229954103
16,67,20.642051233372047
16,68,19.646763746072665
16,69,19.780596880517447
16,70,17.82946070306277
16,71,14.970934993317183
16,72,15.549091629655916
16,73,15.446432951480153
16,74,12.041615416810036
16,75,10.845762881503429
16,76,13.057385807607451
16,77,12.089354763378132
16,78,8.307581194795713
16,79,9.644258533314442
16,80,12.453186869777577
16,81,10.874533123598354
16,82,8.54742025280486
16,83,11.804106520651507
16,84,13.799798487291623
16,85,12.14775629874571
16,86,12.991733758032959
16,87,16.4426987578495
16,88,16.937842466826506
16,89,16.253088800701256
16,90,18.712404799975957
16,91,21.207529586016186
16,92,21.17571856435891
16,93,21.86137505529546
16,94,24.676315714480094
16,95,26.1791409163913
16,96,26.538328492551255
16,97,27.999946090470605
16,98,30.437730403652694
16,99,31.78088265399595
16,100,32.627621764928115
16,101,34.115101897796535
17,1,22.673578793199663
17,2,23.385221689910775
17,3,21.16666389356218
17,4,20.10199016119167
17,5,17.908132971301438
17,6,16.16676799468305
17,7,15.074728580197023
17,8,14.03687482777688
17,9,11.84993994980892
17,10,10.35724453211259
17,11,9.74362709807983
17,12,8.393896446609508
17,13,5.868325058517832
17,14,4.983315932472687
17,15,5.381075820665046
17,16,3.8047187410551113
17,18,3.8015652430001206
17,19,5.30452234692699
17,20,4.945922209232288
17,21,6.1451550129535475
17,22,8.678991070039103
17,23,9.71020217295042
17,24,9.936747557173643
17,25,12.078855513809733
17,26,14.166638352626785
17,27,14.796437956031905
17,28,15.636221800243842
17,29,18.236697577254137
17,30,19.55312371405596
17,31,20.00928580915394
17,32,21.458760618103337
17,33,23.99278121295044
17,34,27.225004291084232
17,35,27.13014202187594
17,36,29.74682676769276
17,37,28.598670173663297
17,38,24.85576345935437
17,39,23.28777710560798
17,40,19.72979640120582
17,41,21.16179398179666
17,42,20.3549078729654
17,43,17.14257868246645
17,44,17.15630476787914
17,45,17.47227351000339
17,46,15.099801820957488
17,47,12.228606431729618
17,48,13.788309078871535
17,49,13.967722446435815
17,50,10.312097413723782
17,51,9.805226326221542
17,52,12.714163109917559
17,53,11.758046476599704
17,54,8.468203285987611
17,55,10.826788507298225
17,56,13.674310431417807
17,57,16.00129265871058
17,58,20.025617301710366
17,59,21.429068257702866
17,60,21.874476872779493
17,61,19.761855744858604
17,62,19.001700703386042
17,63,19.395098379554337
17,64,22.84956556661218
17,65,22.657716142273323
17,66,21.983895588884526
17,67,19.328708315312316
17,68,17.758577964365575
17,69,17.65791876364745
17,70,16.29528717886421
17,71,13.335814117036845
17,72,13.103241383954835
17,73,13.314317932174552
17,74,10.461688300862258
17,75,8.259752311475681
