1,2,3.80505629574491
1,3,6.82261700441027
1,4,8.432016728769481
1,5,6.494353803143702
1,6,6.564335100849677
1,7,10.151602692973862
1,8,11.157435556386051
1,9,10.351810223036471
1,10,12.158958439891034
1,11,14.8057720179208
1,12,15.57542254798179
1,13,16.138116286517434
1,14,18.15289032309937
1,15,20.08435119688322
1,16,21.18501630826778
1,17,22.43196434337858
1,18,24.349169131862713
1,19,25.877556905467106
1,20,27.13845092004792
1,21,28.305290562053624
1,22,29.714990016707866
1,23,31.81645008414723
1,24,33.19586656175916
1,25,33.999005791765256
1,26,35.54163309965136
1,27,38.04828469021538
1,28,38.838186792374835
1,29,39.63692706754005
1,30,41.35816798385781
1,31,43.76303897762512
1,32,46.92100668653375
1,33,47.12930498365589
1,34,49.785035957332106
1,35,48.65197112574052
1,36,44.933746547736824
1,37,43.30586512590804
1,38,39.86273909693631
1,39,41.149781479078605
1,40,39.475920721619616
1,41,35.91951887121279
1,42,35.25311450031409
1,43,36.213419282582635
1,44,34.63269172397244
1,45,31.290545404579067
1,46,32.20778584202289
1,47,33.23073209345973
1,48,29.900323451649292
1,49,28.055414693905036
1,50,30.44712679093387
1,51,30.17230973429324
1,52,26.410646142064007
1,53,26.519788827593114
1,54,29.550432980160036
1,55,34.37117852225226
1,56,37.17179206449458
1,57,39.6223075641637
1,58,40.48530613975642
1,59,39.09392898056852
1,60,39.18380213690386
1,61,39.358444294656614
1,62,42.67058180601035
1,63,42.230571382199194
1,64,40.85471223657771
1,65,38.22612714995036
1,66,37.54692852099175
1,67,36.93498965114784
1,68,35.01759047524545
1,69,32.606948809037675
1,70,32.42559059471691
1,71,31.410259467170103
1,72,28.473233777138997
1,73,27.44347234688369
1,74,27.887813179512694
1,75,25.808995438917787
1,76,22.98168594375975
1,77,23.212630663999764
1,78,23.398367630839314
1,79,20.587247736545326
1,80,18.18509255712802
1,81,19.277661879587946
1,82,19.192177196941095
1,83,15.71396225081415
1,84,14.565852919107842
1,85,16.814507862207087
1,86,15.498092322790038
1,87,11.94405242320964
1,88,13.762449979850386
1,89,15.65418049285915
1,90,12.960046544948613
1,91,11.72374894970086
1,92,15.422755146665184
1,93,16.3586789413637
1,94,13.896462212814912
1,95,15.240765881943801
1,96,18.774588073051873
1,97,18.665328107997063
1,98,18.069481657866696
1,99,21.235291325570294
1,100,23.064719735823807
1,101,23.144294272752717
1,102,19.856547659703207
2,1,3.80505629574491
2,3,3.8045720513094037
2,4,5.773008060566307
2,5,5.703989995469873
2,6,6.190894208600149
2,7,8.797606183873656
2,8,10.289600992740132
2,9,10.780153800874185
2,10,12.22829981589345
2,11,14.273307887370668
2,12,15.786502663041496
2,13,16.833983257979078
2,14,18.18312446420659
2,15,19.986124722965517
2,16,21.732570854760244
2,17,22.885359188384605
2,18,24.271414686561414
2,19,26.053259935386688
2,20,27.70991617674333
2,21,28.57977689051461
2,22,29.640961173099242
2,23,32.05974484188463
2,24,33.55208227144961
2,25,33.95135011145271
2,26,35.381232646512224
2,27,38.17043734314723
2,28,38.89670489402074
2,29,39.337529663112974
2,30,41.091872957030354
2,31,43.72913095278843
2,32,46.742917597169736
2,33,46.73835334916395
2,34,49.452738953525696
2,35,48.32651330821632
2,36,44.65929158711549
2,37,43.240101584274804
2,38,39.834320774344086
2,39,41.35812507821414
2,40,40.001633533417234
2,41,36.58671074364503
2,42,36.08510025605119
2,43,36.71018781271783
2,44,34.89935970616312
2,45,31.760157872246428
2,46,32.58224931329219
2,47,33.19326245349495
2,48,29.794720871282756
2,49,28.069842704676283
2,50,30.150802986093712
2,51,29.540806470517246
2,52,25.74144826422447
2,53,25.83946959545958
2,54,28.532758163953265
2,55,33.64101740645085
2,56,36.63637827631445
2,57,39.025584467081686
2,58,40.22827588692661
2,59,38.8131639969859
2,60,38.59975432490844
2,61,38.712154627135696
2,62,41.87940230893411
2,63,41.41173443644122
2,64,39.78944333932089
2,65,37.373191268054896
2,66,36.875605317867
2,67,35.935269890198505
2,68,33.889193001222225
2,69,31.815826364017777
2,70,31.550780886104135
2,71,30.120658036159657
2,72,27.335105723966343
2,73,26.634904496622053
2,74,26.707502796106894
2,75,24.281810474631186
2,76,21.84464391007706
2,77,22.25376554812299
2,78,21.902169482629688
2,79,18.85908482449298
2,80,17.039933919397157
2,81,18.143840617182526
2,82,17.345930379705003
2,83,13.790465513949933
2,84,13.24100771057802
2,85,15.024686533132908
2,86,12.999138722502947
2,87,9.822739116147877
2,88,12.166650403070912
2,89,13.314359207616844
2,90,10.20800699908521
2,91,9.92947795404709
2,92,13.651839718225558
2,93,13.89243840810561
2,94,11.601758108533648
2,95,13.75933639003325
2,96,16.922352427130793
2,97,16.569429214926036
2,98,16.68592171399488
2,99,19.913314802897993
2,100,21.323724870826503
2,101,21.275645976564938
2,102,17.808693048459066
3,1,6.82261700441027
3,2,3.8045720513094037
3,4,3.8067565426436647
3,5,5.496731729969038
3,6,4.882414861271624
3,7,5.981235127394165
3,8,8.388749379857604
3,9,9.659678148271125
3,10,10.216899918941433
3,11,11.85091066191715
3,12,14.115403425790051
3,13,15.2095437063707
3,14,15.839333709312008
3,15,17.720885426356727
3,16,19.92289642374151
3,17,20.761679380849834
3,18,21.75730033703621
3,19,23.862007917374044
3,20,25.689792266721252
3,21,26.19396484866086
3,22,27.07728444460359
3,23,29.769813766801914
3,24,31.207710449544805
3,25,31.273331492908433
3,26,32.72303110137685
3,27,35.68718391051885
3,28,36.25942536966532
3,29,36.4762061933535
3,30,38.338275028789575
3,31,41.081579944716424
3,32,43.953453335676905
3,33,43.884216530003606
3,34,46.697827475561546
3,35,45.69185195124605
3,36,42.04911730905809
3,37,40.86645792497965
3,38,37.43943565306445
3,39,39.02451293496749
3,40,37.94338931468974
3,41,34.64337907231786
3,42,34.43095575406726
3,43,34.88121758578779
3,44,32.7837413464906
3,45,29.872068715855075
3,46,30.828181802286142
3,47,31.075878181440203
3,48,27.563555281226186
3,49,26.168278493103536
3,50,28.163245194991756
3,51,27.151383368191325
3,52,23.358302518105525
3,53,23.78615692617924
3,54,26.219458454956474
3,55,31.413264750575777
3,56,34.611120487842996
3,57,36.77071418423934
3,58,38.13291303303379
3,59,36.52243485814672
3,60,36.0153556756601
3,61,35.91906531528752
3,62,38.94301052585877
3,63,38.334987923642714
3,64,36.530340877037155
3,65,34.18259692078158
3,66,33.885311043759444
3,67,32.837684938190485
3,68,30.627943130781155
3,69,28.75250315182433
3,70,28.603222398245585
3,71,26.94485215985757
3,72,24.145079317256762
3,73,23.77888851346879
3,74,23.81786036809665
3,75,21.127249232417753
3,76,18.845303832080777
3,77,19.652201439214007
3,78,19.184737932584746
3,79,15.865231066001519
3,80,14.482390199206318
3,81,16.06426734418322
3,82,14.93588799448715
3,83,11.218760176903524
3,84,11.623738654951424
3,85,13.57340158586324
3,86,11.154180784496893
3,87,8.66449810499318
3,88,11.905378977076907
3,89,12.811170702542917
3,90,9.991870798357708
3,91,10.913266612228009
3,92,14.524443263937027
3,93,14.47268226952008
3,94,12.972533664427797
3,95,15.668329575081474
3,96,18.36325175072386
3,97,18.147899501010652
3,98,18.95595446188113
3,99,21.995185840444762
3,100,23.179558938645307
3,101,23.187400161295606
3,102,19.674793499446206
4,1,8.432016728769481
4,2,5.773008060566307
4,3,3.8067565426436647
4,5,3.8064730751441074
4,6,5.39632661711143
4,7,5.295199038524829
4,8,6.055117122172502
4,9,8.429607187015636
4,10,9.806105806090487
4,11,10.377851637970547
4,12,12.351009108965444
4,13,14.331692141034122
4,14,15.015465061198048
4,15,16.115423146001387
4,16,18.541733142599302
4,17,19.933331041049687
4,18,20.56282031230429
4,19,22.26893126805063
4,20,24.512215754742883
4,21,25.309994765326074
4,22,25.75672093037071
4,23,28.3242105331735
4,24,30.172860140098127
4,25,30.2541371176259
4,26,31.29195573667501
4,27,34.32073635980637
4,28,35.23302387525927
4,29,35.2885285497852
4,30,36.83241690284233
4,31,39.725937235870575
4,32,42.66614866172283
4,33,42.331979715465955
4,34,44.953475455838024
4,35,43.692405012927054
4,36,40.11485970854091
4,37,38.794166735975374
4,38,35.5177370205161
4,39,37.378393340883115
4,40,36.33360542265494
4,41,33.15595600455641
4,42,32.69087825247904
4,43,32.83483546683026
4,44,30.903589316196584
4,45,28.00103719631176
4,46,28.558642854775968
4,47,28.754575901657443
4,48,25.408915214925543
4,49,23.712319092382124
4,50,25.403415519155743
4,51,24.568848692266872
4,52,20.80081129805481
4,53,20.798737242326887
4,54,23.202885733743315
4,55,28.47728229551405
4,56,31.594396762118485
4,57,33.936477154251556
4,58,35.42274010797813
4,59,34.06869573312047
4,60,33.67111798572956
4,61,33.89294039951685
4,62,36.99400097196019
4,63,36.71396403010488
4,64,35.08005722252203
4,65,32.95317957611726
4,66,32.34911103393951
4,67,31.06337470131784
4,68,29.172921509572728
4,69,27.328665065010444
4,70,26.71327625206654
4,71,25.067876245408808
4,72,22.601257247910937
4,73,21.896397488191962
4,74,21.510581632226494
4,75,19.0396295810103
4,76,16.97197438957509
4,77,17.196546305189184
4,78,16.40070054794898
4,79,13.401931103285351
4,80,11.946121319950166
4,81,12.888341146391998
4,82,11.667085111874515
4,83,8.136269617281313
4,84,8.104658689921344
4,85,9.802543240437453
4,86,7.5816180553307255
4,87,4.875488854232656
4,88,8.271426747438962
4,89,9.405994580525945
4,90,7.231856874640352
4,91,8.30470922409824
4,92,11.743765528193299
4,93,12.150671463262029
4,94,11.475153241791643
4,95,13.962657867248424
4,96,16.412686701647115
4,97,16.89820631755202
4,98,17.941148158786213
4,99,20.516015025120947
4,100,21.987287758509815
4,101,22.5779608248008
4,102,19.363599442333115
5,1,6.494353803143702
5,2,5.703989995469873
5,3,5.496731729969038
5,4,3.8064730751441074
5,6,3.801564989717183
5,7,5.587952924987581
5,8,5.139506136514679
5,9,5.94203624132241
5,10,8.423714518358828
5,11,9.69068460980725
5,12,10.622975788695326
5,13,12.403860375306113
5,14,14.000932027566227
5,15,15.11108500859946
5,16,16.87105851035277
5,17,18.589859036274408
5,18,19.789492781797723
5,19,21.11776940409084
5,20,23.054399286575407
5,21,24.29639035593411
5,22,25.051818688020226
5,23,27.249277633054998
5,24,29.102022775398492
5,25,29.655360107434873
5,26,30.733965050262462
5,27,33.480512470201994
5,28,34.56030695915284
5,29,34.987972557926966
5,30,36.427366037531066
5,31,39.110944413193316
5,32,42.24950658246734
5,33,42.092001803752005
5,34,44.61260453720159
5,35,43.27597213029229
5,36,39.63600201049796
5,37,38.03087578891532
5,38,34.72249937313311
5,39,36.3960747090573
5,40,34.990577787471956
5,41,31.649633779264903
5,42,30.924447982558753
5,43,31.369441087050834
5,44,29.7237751771898
5,45,26.540963629945725
5,46,27.11375404598714
5,47,27.793584806878215
5,48,24.52265730324971
5,49,22.564324632612053
5,50,24.60018481676103
5,51,24.226056474174584
5,52,20.4551684655101
5,53,20.358302848382575
5,54,23.240643593029425
5,55,28.215657877634197
5,56,31.098889845736764
5,57,33.5793795982805
5,58,34.69939928070191
5,59,33.4258054008441
5,60,33.41599180880108
5,61,33.790543630431316
5,62,37.100104726564325
5,63,36.9275910437272
5,64,35.61669669371354
5,65,33.276505291275505
5,66,32.38181173581809
5,67,31.429343802084343
5,68,29.756135259438754
5,69,27.492331984363364
5,70,26.868318514314296
5,71,25.73743244666745
5,72,23.130325388846938
5,73,21.915569656721537
5,74,21.917016642373895
5,75,19.94164784710313
5,76,17.359868739548958
5,77,17.205371847348687
5,78,17.090628361014083
5,79,14.484817449250828
5,80,12.078821104823023
5,81,12.868636829844647
5,82,12.747511964209654
5,83,9.403061565586102
5,84,8.092102914144297
5,85,10.58763662300243
5,86,9.655984317067684
5,87,6.160639610929961
5,88,8.521547847219058
5,89,10.91776862750246
5,90,9.266248270653591
5,91,8.758493572558097
5,92,12.378114106163645
5,93,13.759970120494732
5,94,12.776124564662865
5,95,14.40626005341336
5,96,17.365009803139895
5,97,18.20956840086768
5,98,18.53143889205257
5,99,21.045311983010276
5,100,23.046250322153217
5,101,23.868266183727
5,102,20.792827017868955
6,1,6.564335100849677
6,2,6.190894208600149
6,3,4.882414861271624
6,4,5.39632661711143
6,5,3.801564989717183
6,7,3.801814040078942
6,8,5.522250077247766
6,9,5.156869009569831
6,10,6.044477006229535
6,11,8.456617953449618
6,12,10.015437324531826
6,13,10.7265307568982
6,14,12.034766733941382
6,15,14.021505548264415
6,16,15.673666180450114
6,17,16.695352165044635
6,18,18.186402472654628
6,19,20.0164124502634
6,20,21.554541762877285
6,21,22.408022700106866
6,22,23.573763787371764
6,23,25.955177935689427
6,24,27.37543893273484
6,25,27.862637500136664
6,26,29.360062553850714
6,27,32.06298433298426
6,28,32.78177184042023
6,29,33.3538026095002
6,30,35.12403073571363
6,31,37.659655465989275
6,32,40.71789352836182
6,33,40.833917254713455
6,34,43.56591228266273
6,35,42.528784166995166
6,36,38.81748904867657
6,37,37.409712077247114
6,38,33.92546233970628
6,39,35.30356596714864
6,40,33.932541027188826
6,41,30.499507529983052
6,42,30.15972723975674
6,43,30.885113632301866
6,44,28.954246475590033
6,45,25.843058103023417
6,46,26.940304079078718
6,47,27.555419477573526
6,48,24.057948871320168
6,49,22.59278004698124
6,50,24.992186260701374
6,51,24.280856528110593
6,52,20.495895265272218
6,53,21.089035919533238
6,54,23.952380483052597
6,55,28.787594193267157
6,56,31.821254574037717
6,57,33.978685006260946
6,58,34.953112136307844
6,59,33.298428784776874
6,60,33.107714385781925
6,61,33.0779056785215
6,62,36.299686194594344
6,63,35.76482766629322
6,64,34.31227702229277
6,65,31.719555865955158
6,66,31.11691180103418
6,67,30.454289688780904
6,68,28.466345406526187
6,69,26.119780041140377
6,70,26.012357626568996
6,71,24.92756623978454
6,72,21.93181353136357
6,73,21.05466587271103
6,74,21.606872705778468
6,75,19.43342033387277
6,76,16.529052876380323
6,77,17.1052253377864
6,78,17.49366011815077
6,79,14.507068939726327
6,80,12.154325397195883
6,81,13.97894242645126
6,82,14.018164700226626
6,83,10.384335670105934
6,84,10.10754464259386
6,85,13.140817459299027
6,86,11.962644438771957
6,87,9.081251925461915
6,88,12.002314014012319
6,89,14.173750421536521
6,90,12.326550723916363
6,91,12.354164278052085
6,92,16.0220904208013
6,93,17.030978001762307
6,94,15.849394932984621
6,95,17.801304884758153
6,96,20.78153104503869
6,97,21.251030060661737
6,98,21.614377442439203
6,99,24.384996490962962
6,100,26.164769450631955
6,101,26.62660758627047
6,102,23.31549076750797
7,1,10.151602692973862
7,2,8.797606183873656
7,3,5.981235127394165
7,4,5.295199038524829
7,5,5.587952924987581
7,6,3.801814040078942
7,8,3.8066415003903473
7,9,5.390305387347898
7,10,4.944799301888487
7,11,5.9017725287410645
7,12,8.607636234238024
7,13,9.822125804155858
7,14,10.035773911186151
7,15,11.772745533461716
7,16,14.179714819235452
7,17,15.028404771844006
7,18,15.822663744218573
7,19,17.913985198255777
7,20,19.86247932725722
7,21,20.379438125855557
7,22,21.130778110931104
7,23,23.813110345162002
7,24,25.347021429881426
7,25,25.430285332767127
7,26,26.783772385808238
7,27,29.73763232288332
7,28,30.41543726714725
7,29,30.65120570641656
7,30,32.425492180089805
7,31,35.15913452656118
7,32,38.08630054110344
7,33,38.01605802112966
7,34,40.79215309039026
7,35,39.783942005018076
7,36,36.11966643968285
7,37,34.926301946365946
7,38,31.473796010438498
7,39,33.04594437844384
7,40,32.01144698226861
7,41,28.764551459745036
7,42,28.654876639493576
7,43,29.04191376269374
7,44,26.842765921625414
7,45,24.00774709396296
7,46,25.088746623630495
7,47,25.2453769844369
7,48,21.67175614552018
7,49,20.481556711625355
7,50,22.64279716314886
7,51,21.514570778927574
7,52,17.7295842914267
7,53,18.564208394212265
7,54,21.099477502183145
7,55,26.075838470925774
7,56,29.312351026691424
7,57,31.287214068882772
7,58,32.50549523592794
7,59,30.73521103509955
7,60,30.243054119982627
7,61,30.10048638731439
7,62,33.197276632559365
7,63,32.63027649493695
7,64,31.019790192231735
7,65,28.588032106849514
7,66,28.098116151972313
7,67,27.19877214775146
7,68,25.12979835115082
7,69,23.02107233361838
7,70,22.858798835120805
7,71,21.488890072605557
7,72,18.577768922279475
7,73,17.968505432259825
7,74,18.314012598575925
7,75,15.878804501589432
7,76,13.190245401279675
7,77,14.071008453255793
7,78,14.220459791510123
7,79,10.976891953180859
7,80,9.094791723234641
7,81,11.402379657347758
7,82,11.072855922232472
7,83,7.382300338801142
7,84,8.275316797042962
7,85,11.340853381969579
7,86,10.009234724196011
7,87,8.181034106417203
7,88,11.605523548266415
7,89,13.43321195405158
7,90,12.139647384448411
7,91,13.090996985611662
7,92,16.414895600171455
7,93,17.185943012328682
7,94,16.74501482772449
7,95,19.03723256384693
7,96,21.534208549225028
7,97,22.183927695506394
7,98,23.125392369745178
7,99,25.660195782188556
7,100,27.25924981051648
7,101,27.854439934780544
7,102,24.58831304701185
8,1,11.157435556386051
8,2,10.289600992740132
8,3,8.388749379857604
8,4,6.055117122172502
8,5,5.139506136514679
8,6,5.522250077247766
8,7,3.8066415003903473
8,9,3.7940097230741197
8,10,5.431506531224445
8,11,4.934610414086032
8,12,6.339716358488854
8,13,8.81551226389456
8,14,9.704060359776784
8,15,10.301643580598421
8,16,12.600034419779767
8,17,14.363658114816516
8,18,15.035752677655553
8,19,16.388161176856404
8,20,18.666336546273545
8,21,19.7863931719344
8,22,20.196663922751853
8,23,22.515671100706257
8,24,24.519856082217643
8,25,24.880306578822136
8,26,25.786712910284017
8,27,28.654731603506438
8,28,29.794489392180484
8,29,30.049674065705474
8,30,31.41639536420856
8,31,34.19982914728804
8,32,37.29741723378791
8,33,37.033916019348275
8,34,39.55037950901706
8,35,38.227544160375004
8,36,34.59961542793153
8,37,33.10201168441071
8,38,29.79396891680001
8,39,31.57509479399937
8,40,30.38454915538908
8,41,27.180725690317523
8,42,26.640177619546783
8,43,26.84578677408983
8,44,24.98677523802863
8,45,21.991885908722757
8,46,22.61985215123341
8,47,22.988641043677237
8,48,19.630220592787595
8,49,17.909340140141428
8,50,19.93403490614651
8,51,19.271488802053295
8,52,15.475229252060068
8,53,15.741059824954533
8,54,18.560665435174254
8,55,23.501341097985733
8,56,26.540501218437207
8,57,28.808830183205725
8,58,29.97702509727349
8,59,28.53240414621509
8,60,28.372498418980644
8,61,28.67213419637903
8,62,31.96331525304225
8,63,31.81315035231761
8,64,30.556124597531486
8,65,28.271549145136863
8,66,27.29514319217918
8,67,26.3052896441085
8,68,24.71900083239975
8,69,22.440098170789668
8,70,21.731363501592647
8,71,20.664463063061845
8,72,18.096215314720943
8,73,16.78367869712837
8,74,16.833205871704095
8,75,14.97721600764142
8,76,12.27515807828295
8,77,12.128932856171696
8,78,12.314544721844321
8,79,9.77369556059481
8,80,7.0435037768536874
8,81,8.463454762697664
8,82,8.878197702608846
8,83,5.650026631034919
8,84,5.076359063741899
8,85,8.637690710329101
8,86,8.514669838747228
8,87,6.521561914525336
8,88,9.200214175005524
8,89,11.759470406731612
8,90,11.412354157681932
8,91,11.804131425825721
8,92,14.784365869478293
8,93,16.27234190367337
8,94,16.326442643746375
8,95,18.057607931804082
8,96,20.47308707328479
8,97,21.756784882839366
8,98,22.571094178921356
8,99,24.683172352747953
8,100,26.67245741798092
8,101,27.77522547886641
8,102,24.817777200172713
9,1,10.351810223036471
9,2,10.780153800874185
9,3,9.659678148271125
9,4,8.429607187015636
9,5,5.94203624132241
9,6,5.156869009569831
9,7,5.390305387347898
9,8,3.7940097230741197
9,10,3.7932601453819
9,11,5.339735810428414
9,12,5.225082085852939
9,13,6.511930286713372
9,14,8.670376148666344
9,15,9.876709695129284
9,16,11.10460622922242
9,17,12.863543546279615
9,18,14.46287863288212
9,19,15.642221206557434
9,20,17.267863858881384
9,21,18.6908387321474
9,22,19.71764941426402
9,23,21.69892621573327
9,24,23.438249058096012
9,25,24.290797445996194
9,26,25.485364367090252
9,27,28.001582126845097
9,28,29.106518768236494
9,29,29.839943350720816
9,30,31.280372170784325
9,31,33.74590977722309
9,32,36.99100437545297
9,33,37.06147854292687
9,34,39.58098585790385
9,35,38.34881684790279
9,36,34.6378335606917
9,37,32.95773375035072
9,38,29.53778931892866
9,39,30.941352804034967
9,40,29.372620039772695
9,41,25.93207587418163
9,42,25.309879973616454
9,43,26.02832123613276
9,44,24.344584805827676
9,45,21.07526889949618
9,46,22.02283946083205
9,47,22.913870976981908
9,48,19.55438996095107
9,49,17.83574529077535
9,50,20.424797042254415
9,51,20.10434516839077
9,52,16.405681254819967
9,53,16.9229279361001
9,54,20.137787265635975
9,55,24.59507115755447
9,56,27.418321746090175
9,57,29.64597522677066
9,58,30.35190043622609
9,59,28.81043322186777
9,60,28.961543953827018
9,61,29.197825822922354
9,62,32.61842784078978
9,63,32.376580307070085
9,64,31.36046084991618
9,65,28.75026486811396
9,66,27.663846476566206
9,67,27.179095687657643
9,68,25.645488671166554
9,69,22.94077544836121
9,70,22.533823559635998
9,71,22.017909856522795
9,72,19.15469882312029
9,73,17.554388492741236
9,74,18.314182979181755
9,75,16.88662095936228
9,76,13.633874102324388
9,77,13.523530480410969
9,78,14.638765192264794
9,79,12.426175672408908
9,80,9.140620400039237
9,81,10.753759156387126
9,82,12.107581153785947
9,83,9.247588062833927
9,84,8.142398398756026
9,85,11.846065798530473
9,86,12.156939419131866
9,87,9.665580783906949
9,88,11.791329111157053
9,89,14.81482856158096
9,90,14.248310662495799
9,91,13.868687572344836
9,92,17.060452464030448
9,93,18.90130049946062
9,94,18.453045465771858
9,95,19.80233195115794
9,96,22.63366314241996
9,97,23.879967079456563
9,98,24.16555377759528
9,99,26.41352390170226
9,100,28.651405558058403
9,101,29.69481632492135
9,102,26.69969372514122
10,1,12.158958439891034
10,2,12.22829981589345
10,3,10.216899918941433
10,4,9.806105806090487
10,5,8.423714518358828
10,6,6.044477006229535
10,7,4.944799301888487
10,8,5.431506531224445
10,9,3.7932601453819
10,11,3.8031643696168533
10,12,5.432470976971553
10,13,5.139929652742833
10,14,6.029984456671746
10,15,8.440336653071993
10,16,9.989624382096707
10,17,10.672240601466576
10,18,12.257059221034147
10,19,14.230072577981478
10,20,15.612159273116713
10,21,16.365372229439355
10,22,17.650393254199958
10,23,20.025210022458577
10,24,21.336886105384295
10,25,21.88685033764538
10,26,23.47449334737643
10,27,26.090096282908103
10,28,26.776891446122544
10,29,27.480585250126015
10,30,29.282378424343335
10,31,31.705833809820984
10,32,34.79542623101471
10,33,35.04539735002006
10,34,37.80803105526144
10,35,36.89691041620694
10,36,33.14604537154947
10,37,31.795215462688173
10,38,28.220078150248803
10,39,29.421036760679378
10,40,28.08327887931599
10,41,24.654958882656462
10,42,24.58787759125955
10,43,25.405693184990064
10,44,23.27047725600873
10,45,20.26145569124156
10,46,21.757088425163605
10,47,22.30039710609186
10,48,18.68497810079438
10,49,17.691240907373384
10,50,20.460204637355435
10,51,19.554238885067385
10,52,15.906698440913596
10,53,17.247895449904338
10,54,20.168673073448833
10,55,24.52177360320707
10,56,27.575521160528698
10,57,29.377246593457762
10,58,30.086992736358468
10,59,28.11656540904962
10,60,27.907120065992096
10,61,27.66261694124001
10,62,30.911355930168778
10,63,30.276030328440044
10,64,29.0206016159008
10,65,26.231964734306768
10,66,25.522396297627758
10,67,25.212703610227603
10,68,23.301773986614176
10,69,20.636569073032287
10,70,20.768335290338555
10,71,20.147812491599446
10,72,16.92167735546517
10,73,15.851512785389673
10,74,17.09935477323946
10,75,15.349139640020553
10,76,11.900343582033184
10,77,12.792854560126754
10,78,14.256826733486925
10,79,11.632715291235233
10,80,8.84429711189016
10,81,11.617423058438606
10,82,12.739286797655518
10,83,9.804270489350905
10,84,10.101452414996395
10,85,13.805712879091331
10,86,13.635602757230979
10,87,11.814738020924315
10,88,14.565430265586897
10,89,17.12916306536254
10,90,16.378550196268044
10,91,16.67566448753248
10,92,19.934295968783033
10,93,21.315766426735923
10,94,20.885789690947767
10,95,22.69023131623424
10,96,25.40378192748297
10,97,26.363044583832856
10,98,26.925881795111685
10,99,29.351626418548367
10,100,31.308846448101217
10,101,32.088184269489695
10,102,28.896321491580398
11,1,14.8057720179208
11,2,14.273307887370668
11,3,11.85091066191715
11,4,10.377851637970547
11,5,9.69068460980725
11,6,8.456617953449618
11,7,5.9017725287410645
11,8,4.934610414086032
11,9,5.339735810428414
11,10,3.8031643696168533
11,12,3.801786463245188
11,13,5.4332852871494675
11,14,4.954386304570374
11,15,5.882253894838851
11,16,8.586911019209756
11,17,9.748738429545215
11,18,10.236043617091356
11,19,12.045693846496096
11,20,14.225544293686765
11,21,14.98241794068354
11,22,15.497518840342783
11,23,18.020662915106357
11,24,19.800900353514248
11,25,20.047906450867725
11,26,21.17048433503617
11,27,24.047558314181337
11,28,24.990270791482946
11,29,25.311154272697923
11,30,26.86502788601784
11,31,29.56426944077605
11,32,32.621742739386704
11,33,32.535368697867995
11,34,35.1961518440731
11,35,34.11089937482783
11,36,30.419017623156442
11,37,29.108180239881847
11,38,25.64430427343366
11,39,27.217394284387126
11,40,26.156470489439872
11,41,22.960918761447285
11,42,22.86291177246724
11,43,23.171820115274794
11,44,20.94231535665622
11,45,18.133457038465274
11,46,19.306343244689167
11,47,19.451460483794218
11,48,15.841745596511256
11,49,14.820300551337658
11,50,17.24755403030923
11,51,16.129118330937402
11,52,12.40571223709815
11,53,13.744715782302583
11,54,16.487010944378962
11,55,21.008849784730433
11,56,24.187460847795982
11,57,25.986904565087553
11,58,26.952809762919703
11,59,25.056103483289498
11,60,24.710798396189567
11,61,24.623377876475242
11,62,27.876576271078495
11,63,27.467423543928813
11,64,26.235560607557534
11,65,23.718119080446414
11,66,22.825526324863237
11,67,22.16304880926771
11,68,20.44849729344747
11,69,17.934383065224754
11,70,17.628851624946638
11,71,16.854558724796707
11,72,13.906620453016243
11,73,12.649345806482444
11,74,13.493195851261357
11,75,11.800320587707647
11,76,8.447361040535363
11,77,9.084045878924174
11,78,10.46745259222918
11,79,8.040039485352564
11,80,5.120381519525932
11,81,8.220034659120317
11,82,9.525761770233814
11,83,7.2396182099227655
11,84,8.03421767083778
11,85,11.591411615099252
11,86,11.888062629480105
11,87,10.994518596097016
11,88,13.559206259727432
11,89,15.972561747305377
11,90,15.974626597135298
11,91,16.671475434910537
11,92,19.46858578710328
11,93,20.889000627583616
11,94,21.144048932182155
11,95,22.96222653816675
11,96,25.256565441437253
11,97,26.558856539272693
11,98,27.488712154307983
11,99,29.567903804241737
11,100,31.51309026668661
11,101,32.58173821983406
11,102,29.56542769504091
12,1,15.57542254798179
12,2,15.786502663041496
12,3,14.115403425790051
12,4,12.351009108965444
12,5,10.622975788695326
12,6,10.015437324531826
12,7,8.607636234238024
12,8,6.339716358488854
12,9,5.225082085852939
12,10,5.432470976971553
12,11,3.801786463245188
12,13,3.8030756355160045
12,14,5.450095734021364
12,15,5.030978378004698
12,16,6.396228500351392
12,17,8.833206486300908
12,18,9.930753715931779
12,19,10.600561000736427
12,20,12.632062132423632
12,21,14.317856877457498
12,22,14.92263559017272
12,23,16.743016165580904
12,24,18.819193802856024
12,25,19.71860857261077
12,26,20.576355601857568
12,27,23.081118889851883
12,28,24.457785765388593
12,29,25.134409150954223
12,30,26.324649971424066
12,31,28.830602851189596
12,32,32.13740973703198
12,33,32.09678833607753
12,34,34.49915171207143
12,35,33.17970019090488
12,36,29.478849633462097
12,37,27.74271645246036
12,38,24.35121824155279
12,39,25.858003758336075
12,40,24.368320155692388
12,41,21.043257937078035
12,42,20.436325638691645
12,43,20.93306849100609
12,44,19.184717002887766
12,45,15.982145630934934
12,46,16.925383470947306
12,47,17.705901265112796
12,48,14.335720660416898
12,49,12.720245437567621
12,50,15.48450550195693
12,51,15.154334662127159
12,52,11.57733642666974
12,53,12.488601280509982
12,54,15.800600304852932
12,55,19.84444454401912
12,56,22.646022313435235
12,57,24.69567657104216
12,58,25.26985762115909
12,59,23.628752790022155
12,60,23.84945310532143
12,61,24.160125127472657
12,62,27.665141826145618
12,63,27.59805098550658
12,64,26.880638727541452
12,65,24.32104934470098
12,66,22.894653835952038
12,67,22.51266107052359
12,68,21.33861583038872
12,69,18.423065920363477
12,70,17.78966507019616
12,71,17.74627222688535
12,72,15.055429237866113
12,73,12.89607704053041
12,74,13.940972812901117
12,75,13.254101493080853
12,76,9.791005210383258
12,77,9.210663414606598
12,78,11.292177675705862
12,79,10.023716791534838
12,80,6.353582867434129
12,81,8.180085290354363
12,82,10.746642891502756
12,83,9.239989419376295
12,84,8.544184331434863
12,85,12.17383660760991
12,86,13.478702541764799
12,87,12.204522240419738
12,88,13.886714113330541
12,89,16.90888645401901
12,90,17.3411026050576
12,91,17.29935907381221
12,92,19.906301023702234
12,93,21.942015465443063
12,94,22.230439668106253
12,95,23.473390679523426
12,96,25.89793794099766
12,97,27.58018255544366
12,98,28.139484168206412
12,99,29.985001708464047
12,100,32.31163148071024
12,101,33.68336520358547
12,102,30.866010773999456
13,1,16.138116286517434
13,2,16.833983257979078
13,3,15.2095437063707
13,4,14.331692141034122
13,5,12.403860375306113
13,6,10.7265307568982
13,7,9.822125804155858
13,8,8.81551226389456
13,9,6.511930286713372
13,10,5.139929652742833
13,11,5.4332852871494675
13,12,3.8030756355160045
13,14,3.805055247770321
13,15,5.4153520304118485
13,16,5.255836223907495
13,17,6.53159555433827
13,18,8.896388752862293
13,19,10.060260104503962
13,20,11.003812504976807
13,21,12.464635087388178
13,22,13.99295151760292
13,23,15.758116805056298
13,24,17.16718766078642
13,25,18.334904157072707
13,26,19.802736086057102
13,27,22.018932622533548
13,28,23.013215754880402
13,29,24.12623759605787
13,30,25.668742112972293
13,31,27.829507995153367
13,32,31.136269452076895
13,33,31.537603761309484
13,34,34.11913184983698
13,35,33.13224579416474
13,36,29.355279304876387
13,37,27.724634348915444
13,38,24.142813479116803
13,39,25.114875207650027
13,40,23.443631087303846
13,41,19.89813409249208
13,42,19.667315359196216
13,43,20.771564826526838
13,44,18.85990072051334
13,45,15.640882695372312
13,46,17.351473001839594
13,47,18.343844245093692
13,48,14.873404575464418
13,49,13.928977718075531
13,50,17.196929578364994
13,51,16.724339971686874
13,52,13.451704477274777
13,53,15.07079799217113
13,54,18.28067577486367
13,55,21.79692155687663
13,56,24.52539796235168
13,57,26.209770579220514
13,58,26.40481357211382
13,59,24.39479718554328
13,60,24.60313609467414
13,61,24.483958193072702
13,62,27.91991927601879
13,63,27.467333090961198
13,64,26.764071946065098
13,65,23.814615626995746
13,66,22.614903549523458
13,67,22.808792365514062
13,68,21.390608062026907
13,69,18.199423125502612
13,70,18.284902227333106
13,71,18.589161565315056
13,72,15.455936225543953
13,73,13.586274258985638
13,74,15.526337408583572
13,75,14.86832361477994
13,76,11.09683842249995
13,77,11.40383441911814
13,78,14.041724154807197
13,79,12.576703540499606
13,80,9.331583458859027
13,81,11.755970815355782
13,82,14.1532322398759
13,83,12.350964306048603
13,84,12.089163267993781
13,85,15.807601963888724
13,86,16.72017616302167
13,87,15.205682052407795
13,88,17.19866134126151
13,89,20.204328386339686
13,90,20.18163079420367
13,91,20.085121324034464
13,92,22.99913270340325
13,93,24.919421720558358
13,94,24.80726564293036
13,95,26.144195107347354
13,96,28.820260033795044
13,97,30.236169007006993
13,98,30.614331259117577
13,99,32.724027008388475
13,100,35.017881861450505
13,101,36.144183247817935
13,102,33.14933579779161
14,1,18.15289032309937
14,2,18.18312446420659
14,3,15.839333709312008
14,4,15.015465061198048
14,5,14.000932027566227
14,6,12.034766733941382
14,7,10.035773911186151
14,8,9.704060359776784
14,9,8.670376148666344
14,10,6.029984456671746
14,11,4.954386304570374
14,12,5.450095734021364
14,13,3.805055247770321
14,15,3.8078119160506883
14,16,5.387356789843298
14,17,5.0461837387839
14,18,6.2766029513043335
14,19,8.663439312575171
14,20,10.005914148188921
14,21,10.422795503812992
14,22,11.659837629057106
14,23,14.159053354955047
14,24,15.400196284956605
14,25,15.870757936215552
14,26,17.49305810058427
14,27,20.098953527382584
14,28,20.761133413319072
14,29,21.498937495358987
14,30,23.31633209737495
14,31,25.684932668248102
14,32,28.77720354913876
14,33,29.103777578865145
14,34,31.90382743313706
14,35,31.135052711091543
14,36,27.362142793559826
14,37,26.1529416506126
14,38,22.493649050977258
14,39,23.557492091527738
14,40,22.401876118645855
14,41,19.080828835444716
14,42,19.465309985658333
14,43,20.231925690003198
14,44,17.736804167544484
14,45,15.036879822539651
14,46,17.037202105091023
14,47,17.274336466923483
14,48,13.546856617216534
14,49,13.417107155761565
14,50,16.455536078667677
14,51,15.172650718658979
14,52,11.957002027525295
14,53,14.318868413733657
14,54,16.97696061960084
14,55,20.561093000301874
14,56,23.611744213685135
14,57,24.890765084455275
14,58,25.358069283310424
14,59,22.99331466423533
14,60,22.66054136152541
14,61,22.11949022001717
14,62,25.347420409954374
14,63,24.602498577016448
14,64,23.57016557585503
14,65,20.617112145928225
14,66,19.773742279171383
14,67,19.847543810747084
14,68,18.071960583164483
14,69,15.065053580556748
14,70,15.492473413965325
14,71,15.476776903307664
14,72,12.094324547521063
14,73,10.815971199216282
14,74,13.00649723083803
14,75,11.980974331994604
14,76,8.191194626109631
14,77,9.55632428128057
14,78,12.272070965048666
14,79,10.596215902681516
14,80,8.209839640990163
14,81,11.419576913115836
14,82,13.360305196044937
14,83,11.806150968607092
14,84,12.661712750896369
14,85,16.14105802331196
14,86,16.708805414247514
14,87,15.935494809601732
14,88,18.342719332880883
14,89,20.87417450768956
14,90,20.91625757631833
14,91,21.48636500854313
14,92,24.31320673232374
14,93,25.832328688505516
14,94,25.989452319763426
14,95,27.732625508849637
14,96,30.13680799745405
14,97,31.430220966835613
14,98,32.22431494702647
14,99,34.35410389699865
14,100,36.373562334594645
14,101,37.39249604494831
14,102,34.31218174200291
15,1,20.08435119688322
15,2,19.986124722965517
15,3,17.720885426356727
15,4,16.115423146001387
15,5,15.11108500859946
15,6,14.021505548264415
15,7,11.772745533461716
15,8,10.301643580598421
15,9,9.876709695129284
15,10,8.440336653071993
15,11,5.882253894838851
15,12,5.030978378004698
15,13,5.4153520304118485
15,14,3.8078119160506883
15,16,3.8044322886046302
15,17,5.3772466495229345
15,18,5.079603222229241
15,19,6.17390641213334
15,20,8.712309486184388
15,21,9.854124716521014
15,22,10.020972526328958
15,23,12.227946637605523
15,24,14.318747526582179
15,25,14.851224821596471
15,26,15.680238137884473
15,27,18.382331375747796
15,28,19.652235340320455
15,29,20.1504440856419
15,30,21.430254112351875
15,31,24.01881895330999
15,32,27.235582419040743
15,33,27.192829195599032
15,34,29.721687589355916
15,35,28.593615576893395
15,36,24.86186478704306
15,37,23.414885169927413
15,38,19.904518290249428
15,39,21.396433922010136
15,40,20.284894955483196
15,41,17.145099479737805
15,42,17.146870464124977
15,43,17.412641290774364
15,44,15.08411549929097
15,45,12.33403045037681
15,46,13.810542532672482
15,47,13.948703567250496
15,48,10.26962212439536
15,49,9.766081043105281
15,50,12.69411235427036
15,51,11.599589064030628
15,52,8.332401647522241
15,53,10.61768389163013
15,54,13.401339325323578
15,55,16.880377744286182
15,56,19.877026934389182
15,57,21.32005970057504
15,58,21.854502115747344
15,59,19.71513735658934
15,60,19.57823823667653
15,61,19.49099071692112
15,62,22.91658126801314
15,63,22.663762398161687
15,64,21.971976357564387
15,65,19.33345844431763
15,66,17.914877127809024
15,67,17.718398279597455
15,68,16.540459518047328
15,69,13.464748823044632
15,70,13.071688071315425
15,71,13.37124342886497
15,72,10.54964596377727
15,73,8.278464480790928
15,74,10.178439068403682
15,75,9.995164760490828
15,76,6.3361394883283415
15,77,6.453581265881171
15,78,9.697352725283851
15,79,9.133089651434137
15,80,6.600478333828927
15,81,9.09609245373143
15,82,11.712646478347173
15,83,11.213902990743701
15,84,11.730751172991619
15,85,14.853044539114057
15,86,16.164702808059943
15,87,15.869605195235671
15,88,17.703317294718858
15,89,20.29326280396489
15,90,21.02762193926497
15,91,21.54287425833908
15,92,23.91801779058202
15,93,25.70095731041588
15,94,26.34764171114903
15,95,27.83527939597086
15,96,29.966765303435338
15,97,31.664393055492887
15,98,32.556505346533186
15,99,34.31351018006639
15,100,36.478153945660885
15,101,37.84745813171338
15,102,35.00566479310742
16,1,21.18501630826778
16,2,21.732570854760244
16,3,19.92289642374151
16,4,18.541733142599302
16,5,16.87105851035277
16,6,15.673666180450114
16,7,14.179714819235452
16,8,12.600034419779767
16,9,11.10460622922242
16,10,9.989624382096707
16,11,8.586911019209756
16,12,6.396228500351392
16,13,5.255836223907495
16,14,5.387356789843298
16,15,3.8044322886046302
16,17,3.806610374169794
16,18,5.459501626019253
16,19,5.080462147570123
16,20,6.2975718549739295
16,21,8.565083990258232
16,22,9.585866387664517
16,23,10.79911717311632
16,24,12.70865121371442
16,25,14.184331290502616
16,26,15.162728653638208
16,27,17.201390399927444
16,28,18.646345986356806
16,29,19.81877588977174
16,30,20.96313542542373
16,31,23.084728102621845
16,32,26.52729404082097
16,33,26.834619227575743
16,34,29.218807822012202
16,35,28.10289266363289
16,36,24.33854652139767
16,37,22.553311965060544
16,38,19.004380483086706
16,39,20.01781461094658
16,40,18.32010872450175
16,41,14.856139775515897
16,42,14.602483510492698
16,43,15.551297625179837
16,44,13.619779232681106
16,45,10.395790952313988
16,46,12.295960603870775
16,47,13.321568963197699
16,48,9.96232287004399
16,49,9.400876993569371
16,50,12.977723290928086
16,51,12.664080236400352
16,52,10.068023902984445
16,53,12.16964576387695
16,54,15.22841244277918
16,55,17.76944747295181
16,56,20.266097804406222
16,57,21.665841806785846
16,58,21.536539719199848
16,59,19.413547173038893
16,60,19.842396105729367
16,61,19.8439977555516
16,62,23.397231309357988
16,63,23.20801161510573
16,64,23.01663348575577
16,65,20.13714044883537
16,66,18.402360622736587
16,67,18.888835571016713
16,68,18.0799914063472
16,69,14.578926163198902
16,70,14.407311667106264
16,71,15.58590277660447
16,72,12.890699952263919
16,73,10.252817864866266
16,74,12.710604312775441
16,75,13.270326990123019
16,76,9.788854271494904
16,77,9.482850055157993
16,78,12.999878782317937
16,79,12.858412020256361
16,80,10.067673359319881
16,81,11.955459203196227
16,82,15.017456454636955
16,83,14.489425818510925
16,84,14.328735107005304
16,85,17.585614969814245
16,86,19.20300346205883
16,87,18.436371989838992
16,88,19.951810583023356
16,89,22.91672011464184
16,90,23.61728372806142
16,91,23.63346051657863
16,92,26.073729920605693
16,93,28.187208091033398
16,94,28.612141371256502
16,95,29.77939403957386
16,96,32.14498476869778
16,97,33.939603964314934
16,98,34.47735324130406
16,99,36.227304475001496
16,100,38.633146687829516
16,101,40.06984948698752
16,102,37.2610352492911
17,1,22.43196434337858
17,2,22.885359188384605
17,3,20.761679380849834
17,4,19.933331041049687
17,5,18.589859036274408
17,6,16.695352165044635
17,7,15.028404771844006
17,8,14.363658114816516
17,9,12.863543546279615
17,10,10.672240601466576
17,11,9.748738429545215
17,12,8.833206486300908
17,13,6.53159555433827
17,14,5.0461837387839
17,15,5.3772466495229345
17,16,3.806610374169794
17,18,3.810520178191158
17,19,5.4341903566473535
17,20,5.248218882669266
17,21,5.953509508005906
17,22,8.050394584419369
17,23,9.887234526940198
17,24,10.766342670644038
17,25,11.940063899055765
17,26,13.768360258633404
17,27,15.826337983250609
17,28,16.54991563213687
17,29,17.872345860825668
17,30,19.61842380670803
17,31,21.562573390462383
17,32,24.818350284855313
17,33,25.491153392864195
17,34,28.21827954025451
17,35,27.58969439285118
17,36,23.78962889066757
17,37,22.472325780094618
17,38,18.73182518649669
17,39,19.281669942869883
17,40,17.860955082478075
17,41,14.41234382532216
17,42,15.108775888435034
17,43,16.345267337022122
17,44,13.821412472290548
17,45,11.208269474320474
17,46,13.950913730561918
17,47,14.480397761019482
17,48,11.013046026721723
17,49,11.688423734086241
17,50,15.15558014330948
17,51,14.120460840424823
17,52,11.853947314974652
17,53,14.696215639342409
17,54,17.21919348376428
17,55,19.52903370719316
17,56,22.17637380887035
17,57,23.01181049648008
