1,2,3.808631805128722
1,3,5.664427930889471
1,4,5.5702879479317415
1,5,6.11150577136755
1,6,8.747019375085406
1,7,10.064135512478277
1,8,10.857605700613071
1,9,12.244183182862427
1,10,14.239864563060202
1,11,15.656038385726667
1,12,16.87426286518786
1,13,18.22264128213821
1,14,19.94457882391325
1,15,21.66294464620849
1,16,22.844069892474913
1,17,24.19234399752777
1,18,25.903885902691677
1,19,27.617960647147545
1,20,28.558970286555734
1,21,29.517886677002917
1,22,31.704641424494614
1,23,33.31537872917312
1,24,33.87590362813501
1,25,35.23074784816027
1,26,37.97362620545195
1,27,38.80718224315296
1,28,39.146004611802496
1,29,40.96283815677288
1,30,43.53897501450415
1,31,46.56917383244123
1,32,46.55624265341521
1,33,49.292877577796844
1,34,48.10309348114393
1,35,44.43748184804965
1,36,42.94611068576967
1,37,39.49296429670867
1,38,41.063603394722115
1,39,39.86396270763619
1,40,36.4644990780766
1,41,35.91836342053849
1,42,36.51483933773284
1,43,34.75851757904643
1,44,31.5406823616986
1,45,32.20405074720928
1,46,32.90088352518417
1,47,29.566217372525173
1,48,27.8099898437224
1,49,29.86323962432098
1,50,29.346531653576783
1,51,25.553346205667875
1,52,25.489316033731818
1,53,28.134824280451106
1,54,36.119109816545865
1,55,38.425505159294254
1,56,39.785566941988606
1,57,38.55726910155937
1,58,38.338849218037524
1,59,38.48717422293208
1,60,41.69152348352458
1,61,41.27051864337601
1,62,39.70184321378804
1,63,37.250805563225086
1,64,36.60413028794737
1,65,35.64240692997831
1,66,33.49269783866242
1,67,31.611491514489423
1,68,31.351122724102236
1,69,29.81659422480309
1,70,27.09188847894494
1,71,26.405730140313583
1,72,26.394923104173042
1,73,23.99676715373561
1,74,21.556840806599432
1,75,21.831661419048533
1,76,21.587698060629165
1,77,18.632212326543566
1,78,16.612567340701286
1,79,17.71395798804594
1,80,17.120349237035388
1,81,13.522446245707131
1,82,13.042871506846586
1,83,14.83041124587804
1,84,12.775890203476727
1,85,9.554791306590214
1,86,11.898138477108983
1,87,13.101528504101797
1,88,10.027484803360634
1,89,9.765344671149398
1,90,13.508939121459631
1,91,13.833178143762813
1,92,11.642880867332885
1,93,13.675414558442615
1,94,16.913633285606707
1,95,16.68450025504371
1,96,16.548223527314075
1,97,19.59587320209608
1,98,21.337999458439935
1,99,21.131791816974957
1,100,19.591021337819512
2,1,3.808631805128722
2,3,3.8081647127018514
2,4,5.470071119201361
2,5,4.817828622691555
2,6,5.960034121259576
2,7,8.305246176135906
2,8,9.784870559825046
2,9,10.183764602424025
2,10,11.875360378626288
2,11,14.071302537959212
2,12,15.32804869054646
2,13,15.94638846461724
2,14,17.78794331619529
2,15,19.962554469734766
2,16,20.796045650761457
2,17,21.768139524243356
2,18,23.831297528347854
2,19,25.700324344824963
2,20,26.25292822811087
2,21,27.045411950910985
2,22,29.534935486348974
2,23,31.07657908155883
2,24,31.293153156395416
2,25,32.672269695205365
2,26,35.595183361984525
2,27,36.25187373229553
2,28,36.370759771230986
2,29,38.313652206120466
2,30,40.997734939065346
2,31,43.8784373235969
2,32,43.80850217142406
2,33,46.6546350893012
2,34,45.6001195428431
2,35,41.95396738147312
2,36,40.71099196949891
2,37,37.23013905201644
2,38,38.85630059989581
2,39,37.94272944129993
2,40,34.657284893525386
2,41,34.4173173539803
2,42,34.84941895193659
2,43,32.792917861633114
2,44,29.797034783543413
2,45,30.616510537620655
2,46,30.9406317888044
2,47,27.474866988615364
2,48,26.071297897169885
2,49,28.066268600352164
2,50,27.127041595661556
2,51,23.33530516123674
2,52,23.631671328744986
2,53,26.008230214863666
2,54,34.29744319740377
2,55,36.34648465616163
2,56,37.870832474210225
2,57,36.43012846995791
2,58,35.90408011926109
2,59,35.82322613823497
2,60,38.87960377940936
2,61,38.299570893468825
2,62,36.53337409501522
2,63,34.14524202165706
2,64,33.72036282459332
2,65,32.646167517066054
2,66,30.31917362949852
2,67,28.653669115026275
2,68,28.524094502471467
2,69,26.75114528591199
2,70,24.005980967844913
2,71,23.681292559262623
2,72,23.640349078855326
2,73,20.95468031489958
2,74,18.68238306331295
2,75,19.39239414509324
2,76,19.00803391874871
2,77,15.742330066079266
2,78,14.190185109246992
2,79,15.783212404338164
2,80,14.828686884736774
2,81,11.110797649397309
2,82,11.624053681690322
2,83,13.564573912957707
2,84,11.085929417019262
2,85,8.591955238970709
2,86,11.85023040058786
2,87,12.740259418799461
2,88,9.994070692033509
2,89,10.970768459276755
2,90,14.567703352875528
2,91,14.54102342595914
2,92,13.110916736207825
2,93,15.681636737074253
2,94,18.47175874619122
2,95,18.266881877596106
2,96,18.83908450981637
2,97,21.878436969360234
2,98,23.21598638259811
2,99,23.243196161181878
2,100,21.247575676143132
3,1,5.664427930889471
3,2,3.8081647127018514
3,4,3.8054894599220512
3,5,5.402036771302553
3,6,5.3462953442436065
3,7,6.084494390536125
3,8,8.6869324300395
3,9,9.826188773741778
3,10,10.404233807680976
3,11,12.320214766465622
3,12,14.443354512792986
3,13,15.108931128023649
3,14,16.171369388143365
3,15,18.575993758769485
3,16,19.95422905969667
3,17,20.545148283500783
3,18,22.215127736102417
3,19,24.498635682027462
3,20,25.33181395327554
3,21,25.687831654923322
3,22,28.032160493478475
3,23,29.979750708206232
3,24,30.228860194135414
3,25,31.19683917818957
3,26,34.18660968329766
3,27,35.1774181700541
3,28,35.12841453642127
3,29,36.75948695592017
3,30,39.59444961954562
3,31,42.53586326281404
3,32,42.20301817664123
3,33,44.86116497663497
3,34,43.55508937684865
3,35,39.97631756781554
3,36,38.60709052590616
3,37,35.26736867826652
3,38,37.16600762707095
3,39,36.28737760733745
3,40,33.12650614087659
3,41,32.637947959854515
3,42,32.76177513258043
3,43,30.87551257232567
3,44,27.893616508444538
3,45,28.313225226469953
3,46,28.58519022401242
3,47,25.29459563428919
3,48,23.598495746190217
3,49,25.278097913462823
3,50,24.49592475463744
3,51,20.741616004036384
3,52,20.61526681984
3,53,22.951224690945427
3,54,31.249354842720358
3,55,33.475199851348265
3,56,35.117976600407395
3,57,33.936373111838705
3,58,33.52018560708695
3,59,33.753358237109445
3,60,36.88016727171126
3,61,36.62619178010442
3,62,35.026328389496356
3,63,32.8531000140367
3,64,32.127544159791455
3,65,30.82934737216599
3,66,28.817993191395082
3,67,27.176891578447236
3,68,26.582988163132466
3,69,24.829333887255277
3,70,22.420087582349232
3,71,21.752221424080517
3,72,21.292240454394204
3,73,18.83360784970132
3,74,16.76363273047663
3,75,16.887890981776103
3,76,16.194688689732395
3,77,13.26472120341454
3,78,11.590757237409184
3,79,12.543121519578433
3,80,11.539048246940988
3,81,7.960462715284139
3,82,8.076234995566963
3,83,9.784984630765866
3,84,7.5084990956149635
3,85,4.81382569442902
3,86,8.242962200225874
3,87,9.369905952306633
3,88,7.302639918173821
3,89,8.45067573998042
3,90,11.850584579591864
3,91,12.275974326784443
3,92,11.678954358334444
3,93,13.99027753860807
3,94,16.548090648880027
3,95,17.013267233525074
3,96,17.89900438642795
3,97,20.504440199340234
3,98,21.889856910726554
3,99,22.527638412655172
3,100,20.681166195286472
4,1,5.5702879479317415
4,2,5.470071119201361
4,3,3.8054894599220512
4,5,3.8021842729290776
4,6,5.5999575843690605
4,7,4.99434034325873
4,8,6.188462547698652
4,9,8.510562500900326
4,10,9.693647420491981
4,11,10.559201575717141
4,12,12.447997740913127
4,13,14.016474087678967
4,14,15.085155785760998
4,15,16.825650780038274
4,16,18.528922282745153
4,17,19.685333894171226
4,18,20.977843592174516
4,19,22.953921738107155
4,20,24.22855227587233
4,21,24.905055866786025
4,22,26.866777581430153
4,23,28.802843010901437
4,24,29.518800607619276
4,25,30.556382851770444
4,26,33.25786438891296
4,27,34.41550695425678
4,28,34.73964653523491
4,29,36.26884000405566
4,30,38.882667277302595
4,31,42.02343074612952
4,32,41.87619920065691
4,33,44.438186170070814
4,34,43.06061332774602
4,35,39.420762019319845
4,36,37.765833579351096
4,37,34.39477128563578
4,38,36.095947940456384
4,39,34.85265856934047
4,40,31.524401665945536
4,41,30.786232657382982
4,42,31.21465710591283
4,43,29.601540878670352
4,44,26.352994503476225
4,45,26.79801409698249
4,46,27.55218412592599
4,47,24.3347521738523
4,48,22.37746160149277
4,49,24.39347148780263
4,50,24.07957617770861
4,51,20.313405524061427
4,52,20.096580032367406
4,53,22.925414814120007
4,54,30.678784450372607
4,55,33.06081002405527
4,56,34.33426923383453
4,57,33.220386599987215
4,58,33.186418544247985
4,59,33.56829612357809
4,60,36.90058295442383
4,61,36.74752301547888
4,62,35.47238112110725
4,63,33.08014633132832
4,64,32.06587600255653
4,65,31.12145202759432
4,66,29.314377020640972
4,67,27.2300582055671
4,68,26.651774953040903
4,69,25.411613178925833
4,70,22.83790323480988
4,71,21.66551278697307
4,72,21.619322454836325
4,73,19.654038417971325
4,74,17.04550612941096
4,75,16.806523927994245
4,76,16.842962312601582
4,77,14.313945701220092
4,78,11.713325937419432
4,79,12.603776623897625
4,80,12.731312146058698
4,81,9.260956985840137
4,82,8.055728295885471
4,83,10.608692466503655
4,84,9.613384873626599
4,85,6.166585553905052
4,86,8.602408784181389
4,87,11.002496284369212
4,88,9.391695398871924
4,89,9.00526771938275
4,90,12.59336805100404
4,91,13.982294547570165
4,92,13.084833709204338
4,93,14.541305029880332
4,94,17.582218993712306
4,95,18.465012259395177
4,96,18.67185498485187
4,97,21.022985800244935
4,98,22.995680527628224
4,99,23.6591722375223
4,100,22.34344073253827
5,1,6.11150577136755
5,2,4.817828622691555
5,3,5.402036771302553
5,4,3.8021842729290776
5,6,3.801687169615526
5,7,5.363085654032416
5,8,5.291378600470881
5,9,6.148056405420003
5,10,8.547386519250285
5,11,10.042229338460539
5,12,10.890161900082187
5,13,12.15556435159935
5,14,14.111671495907848
5,15,15.749278507739724
5,16,16.744823054138685
5,17,18.201980496676825
5,18,20.007932300537824
5,19,21.58503915519937
5,20,22.46637799381469
5,21,23.55340176289763
5,22,25.73584964257696
5,23,27.234305948256374
5,24,27.852966478657354
5,25,29.31418851706009
5,26,31.97548642639021
5,27,32.76587523476349
5,28,33.23523771255814
5,29,35.09807985166969
5,30,37.56594263464034
5,31,40.626784381512024
5,32,40.75184359865173
5,33,43.526847317741726
5,34,42.45196501996138
5,35,38.738972308105026
5,36,37.277840637112284
5,37,33.74119177867698
5,38,35.15055112911115
5,39,33.95409262490543
5,40,30.535183134878803
5,41,30.19014647135501
5,42,30.899266884969638
5,43,28.985981360952906
5,44,25.809081180979152
5,45,26.787840615091806
5,46,27.463796535183906
5,47,24.00406547269142
5,48,22.54235079067331
5,49,24.936588070856434
5,50,24.293909362405998
5,51,20.498444831173895
5,52,20.974976963964156
5,53,23.783303409380153
5,54,31.54943607008648
5,55,33.604446345051244
5,56,34.74869580022181
5,57,33.24255684430924
5,58,33.01376741389275
5,59,32.985855586135465
5,60,36.23008678343482
5,61,35.70691134071695
5,62,34.2821530880202
5,63,31.644876941556586
5,64,30.93222954444982
5,65,30.258403302636584
5,66,28.12780288246447
5,67,25.978704023388413
5,68,25.92661099957149
5,69,24.70905188112549
5,70,21.740144434169775
5,71,20.93626993238931
5,72,21.42982337326728
5,73,19.23796566173087
5,74,16.3350549641663
5,75,16.860049137601653
5,76,17.353361277083447
5,77,14.412079310012814
5,78,11.965180321890921
5,79,13.899945800523309
5,80,14.106592638846669
5,81,10.40769109075327
5,82,10.216608988290552
5,83,13.242540632234519
5,84,11.960042814105954
5,85,9.134951617360477
5,86,12.118056300570048
5,87,14.233636995842144
5,88,12.41635314378978
5,89,12.55096423233223
5,90,16.20018921046933
5,91,17.192071109472828
5,92,16.074463724262074
5,93,17.887659094276355
5,94,20.950117682820142
5,95,21.437751293500263
5,96,21.647640164976526
5,97,24.284390886069268
5,98,26.134701294684824
5,99,26.472379055575974
5,100,24.918055317047678
6,1,8.747019375085406
6,2,5.960034121259576
6,3,5.3462953442436065
6,4,5.5999575843690605
6,5,3.801687169615526
6,7,3.805184918930128
6,8,5.494886044577065
6,9,4.85459085637749
6,10,5.95790441023794
6,11,8.617652575124778
6,12,9.96865170298026
6,13,10.142162273487067
6,14,11.881166543526303
6,15,14.269676651676239
6,16,15.068581680047881
6,17,15.83587534616518
6,18,17.922010411265
6,19,19.897210601924225
6,20,20.425236348598585
6,21,21.100753306587798
6,22,23.598843591540327
6,23,25.20606630649028
6,24,25.424471411451098
6,25,26.73271429591017
6,26,29.649307586214817
6,27,30.38455766033278
6,28,30.519009942245237
6,29,32.39729735826685
6,30,35.06728848130391
6,31,37.99053983543722
6,32,37.93216264480408
6,33,40.75599018939766
6,34,39.71835898032602
6,35,36.04962075505175
6,36,34.812541988860964
6,37,31.30141595066118
6,38,32.903113407876006
6,39,32.050699841852136
6,40,28.820614411198846
6,41,28.71353825459091
6,42,29.08980877165349
6,43,26.906526832651004
6,44,23.998580127628035
6,45,24.97258870035983
6,46,25.185297184980975
6,47,21.64209339096108
6,48,20.47447740897612
6,49,22.652119279030856
6,50,21.574234048346405
6,51,17.784366039494692
6,52,18.526886159931596
6,53,20.99461299299012
6,54,29.10943116024896
6,55,30.954335509711868
6,56,32.34213873057861
6,57,30.713317170102442
6,58,30.177614723727924
6,59,30.02440334192158
6,60,33.14064791328016
6,61,32.57613256183728
6,62,30.98555950580755
6,63,28.503799328271537
6,64,27.915824642136783
6,65,27.002998140239512
6,66,24.786640308899035
6,67,22.889546819645886
6,68,22.78689586775476
6,69,21.28280882568032
6,70,18.400237760310866
6,71,17.880119181840577
6,72,18.16709503581523
6,73,15.703471498659109
6,74,13.026413759908024
6,75,13.883426329676364
6,76,14.118831744209253
6,77,10.903690824319188
6,78,8.946063999306421
6,79,11.362476126981404
6,80,11.200066097137018
6,81,7.520608588637778
6,82,8.49288263215964
6,83,11.524432331448198
6,84,10.089575020219343
6,85,8.344736914102812
6,86,11.80850625146522
6,87,13.544462760996565
6,88,12.323576704248289
6,89,13.373980071634612
6,90,16.666399867604394
6,91,17.403729828607315
6,92,17.014538452045738
6,93,19.150224628029147
6,94,21.75230888896642
6,95,22.355495644840733
6,96,23.165117198100628
6,97,25.708906432770316
6,98,27.20848746793981
6,99,27.847652970193206
6,100,25.98240658917437
7,1,10.064135512478277
7,2,8.305246176135906
7,3,6.084494390536125
7,4,4.99434034325873
7,5,5.363085654032416
7,6,3.805184918930128
7,8,3.793725994846031
7,9,5.323013246527832
7,10,4.949157248485089
7,11,6.246101387004182
7,12,8.755645307866777
7,13,9.679374288465981
7,14,10.32943196419336
7,15,12.560368534970811
7,16,14.27417040353804
7,17,14.964684630042067
7,18,16.30810711921249
7,19,18.57572507949102
7,20,19.71847556351534
7,21,20.10253875630059
7,22,22.18525348125075
7,23,24.238606612853292
7,24,24.786346355565268
7,25,25.68406742632286
7,26,28.49321273973631
7,27,29.68691416681415
7,28,29.8676507654812
7,29,31.349501849074407
7,30,34.045525237687926
7,31,37.146557037855786
7,32,36.9222943232646
7,33,39.49292259212574
7,34,38.147717652139214
7,35,34.51054040635458
7,36,32.963364327202925
7,37,29.57770921470047
7,38,31.357827706153643
7,39,30.31581051956541
7,40,27.108114434882914
7,41,26.56846287661085
7,42,26.797464398027536
7,43,24.965673035170767
7,44,21.885041770403497
7,45,22.426271010664227
7,46,22.89005381288816
7,47,19.567443972717278
7,48,17.868471027704796
7,49,19.9301371847775
7,50,19.32794877337394
7,51,15.530736598929785
7,52,15.723576380730355
7,53,18.506876043394485
7,54,26.35520450691409
7,55,28.50394961231916
7,56,29.80548473876861
7,57,28.49680207042458
7,58,28.31520255702643
7,59,28.59936291418163
7,60,31.91535269197312
7,61,31.76002063745125
7,62,30.535829240492642
7,63,28.16895297431759
7,64,27.089582753923334
7,65,26.143877869800512
7,66,24.404387037238276
7,67,22.280259877772366
7,68,21.660864729356756
7,69,20.502105550785096
7,70,17.92727419756566
7,71,16.671231232258112
7,72,16.73007765865062
7,73,14.879169260789803
7,74,12.105823289361465
7,75,11.934510399227735
7,76,12.328799399154533
7,77,9.855249550906086
7,78,6.9386493555560245
7,79,8.57324856224122
7,80,9.28930899808722
7,81,5.97127090091817
7,82,5.45193667168924
7,83,9.01469814006447
7,84,8.793262830803572
7,85,6.842230722983434
7,86,9.563571185857848
7,87,12.068367348613785
7,88,11.725378730502454
7,89,12.175696656976328
7,90,15.159098977567108
7,91,16.627581661610986
7,92,16.683638019037506
7,93,18.209068917886782
7,94,20.768039337540504
7,95,22.005781722772877
7,96,22.71801779714773
7,97,24.797663264178944
7,98,26.564484020445697
7,99,27.634387726450512
7,100,26.134038857893675
8,1,10.857605700613071
8,2,9.784870559825046
8,3,8.6869324300395
8,4,6.188462547698652
8,5,5.291378600470881
8,6,5.494886044577065
8,7,3.793725994846031
8,9,3.792416797598043
8,10,5.316832578456196
8,11,5.109247483875806
8,12,6.295866111274585
8,13,8.436068606197907
8,14,9.715369426326978
8,15,10.88596112896338
8,16,12.550702802066246
8,17,14.16410856313342
8,18,15.359691523335144
8,19,16.965837800922394
8,20,18.385316452955543
8,21,19.401601027747983
8,22,21.165046713749707
8,23,22.920531766253312
8,24,23.925972450099483
8,25,25.152148387948266
8,26,27.60662846847912
8,27,28.75103169062327
8,28,29.409569440107358
8,29,30.974817278225252
8,30,33.3412171937925
8,31,36.58542978712192
8,32,36.70675451735714
8,33,39.290908510318836
8,34,38.05293339015941
8,35,34.3338837951885
8,36,32.61434865486058
8,37,29.121023570796293
8,38,30.508247461230987
8,39,29.102691879738614
8,40,25.659788765332504
8,41,25.0790840218724
8,42,25.82343287019201
8,43,24.124934265471055
8,44,20.80186855673322
8,45,21.70321203706391
8,46,22.658578834306493
8,47,19.317461411381995
8,48,17.658864219184792
8,49,20.288121884612604
8,50,20.01358314825778
8,51,16.305904194126885
8,52,16.799626505388378
8,53,19.97356386354467
8,54,27.106696648284
8,55,29.207793014811244
8,56,30.050157287000776
8,57,28.605490919304657
8,58,28.70725914324692
8,59,28.904025134111453
8,60,32.33900615441088
8,61,32.07131180431062
8,62,31.08437007788519
8,63,28.388442536536218
8,64,27.213053647966685
8,65,26.789884184228196
8,66,25.085069179036054
8,67,22.51786068487333
8,68,22.24333110146935
8,69,21.63037938557405
8,70,18.729158117164456
8,71,17.21495780841056
8,72,18.026354294745783
8,73,16.591893978239362
8,74,13.261923691103547
8,75,13.192178837926255
8,76,14.544510232091694
8,77,12.387036100501726
8,78,9.0620177573126
8,79,10.98170032090941
8,80,12.540787008692039
8,81,9.559230417971573
8,82,8.567037579954684
8,83,12.297031015612449
8,84,12.490140327548625
8,85,10.128663233980081
8,86,12.370832310295476
8,87,15.306836102451657
8,88,14.74141918651493
8,89,14.502778806264216
8,90,17.687671744244216
8,91,19.480319416136822
8,92,19.07504062400548
8,93,20.262734720626728
8,94,23.1901626908386
8,95,24.432807051731874
8,96,24.647510833972568
8,97,26.727390248181965
8,98,28.84582282167678
8,99,29.717378329462132
8,100,28.47382406836574
9,1,12.244183182862427
9,2,10.183764602424025
9,3,9.826188773741778
9,4,8.510562500900326
9,5,6.148056405420003
9,6,4.85459085637749
9,7,5.323013246527832
9,8,3.792416797598043
9,10,3.802100257713317
9,11,5.555894549232563
9,12,5.416408644865317
9,13,6.037936419818915
9,14,8.492150796517723
9,15,10.121857016084409
9,16,10.673079764903928
9,17,12.164786303313003
9,18,14.205091613040084
9,19,15.63642276364438
9,20,16.328269840488126
9,21,17.529160894747562
9,22,19.77648382035606
9,23,21.126485001381866
9,24,21.738133372094694
9,25,23.321820288182952
9,26,25.92245018163102
9,27,26.637027887024367
9,28,27.21151228545959
9,29,29.139907282131585
9,30,31.505520820913627
9,31,34.5733922884399
9,32,34.835861067341625
9,33,37.66590811617982
9,34,36.745402931665716
9,35,32.99333622619217
9,36,31.625246928804852
9,37,27.997969582272354
9,38,29.229427311715455
9,39,28.115092019113764
9,40,24.71874636007397
9,41,24.70877980438835
9,42,25.49426389488759
9,43,23.31614227831995
9,44,20.281747117803683
9,45,21.70173783540412
9,46,22.236357047837735
9,47,18.624739324289976
9,48,17.700086449665307
9,49,20.467521840324633
9,50,19.57165607507613
9,51,15.898517754113294
9,52,17.196436766475564
9,53,20.022852456635366
9,54,27.358320022607618
9,55,29.02066738528824
9,56,29.931288151004072
9,57,28.060294428953128
9,58,27.753492859107176
9,59,27.465458602007082
9,60,30.711780617884227
9,61,30.048129963504508
9,62,28.78092826757827
9,63,25.946346417975906
9,64,25.179146019685746
9,65,24.851973879600223
9,66,22.749949802272308
9,67,20.299380836427307
9,68,20.543887993944413
9,69,19.739145829172536
9,70,16.497246123540943
9,71,15.59646414306912
9,72,16.805374343476153
9,73,14.964305470859324
9,74,11.534183174050895
9,75,12.527797764027843
9,76,14.05929747355648
9,77,11.417557852783187
9,78,8.775287412963248
9,79,11.77183003075284
9,80,12.934285604683588
9,81,9.948379875946546
9,82,10.352815281545505
9,83,14.006571838647421
9,84,13.667077808579467
9,85,11.998187851637649
9,86,14.870445323687722
9,87,17.282460872052873
9,88,16.568938552890323
9,89,17.04522000946671
9,90,20.277909789079686
9,91,21.573121028341227
9,92,21.215066489983958
9,93,22.89857971738628
9,94,25.683912185873524
9,95,26.60591703098
9,96,27.110438567001285
9,97,29.4485956345081
9,98,31.279779683158456
9,99,32.003136570945465
9,100,30.40007331166172
10,1,14.239864563060202
10,2,11.875360378626288
10,3,10.404233807680976
10,4,9.693647420491981
10,5,8.547386519250285
10,6,5.95790441023794
10,7,4.949157248485089
10,8,5.316832578456196
10,9,3.802100257713317
10,11,3.8037285643129253
10,12,5.5841277371527696
10,13,5.012081715988488
10,14,5.939424593173484
10,15,8.67659269413293
10,16,9.764328512739286
10,17,10.170188304370512
10,18,12.000783830439971
10,19,14.225938590150387
10,20,14.960610732584708
10,21,15.386075750999433
10,22,17.73160372863774
10,23,19.57562843886567
10,24,19.943423177862435
10,25,21.029309035797013
10,26,23.880890611125473
10,27,24.873795571736235
10,28,25.075479646660334
10,29,26.74014117861281
10,30,29.38103807616711
10,31,32.42513588367905
10,32,32.34830559386635
10,33,35.06370065186548
10,34,33.95323960193306
10,35,30.25959860367092
10,36,28.91610553415191
10,37,25.394834078063983
10,38,27.00207596832974
10,39,26.141929398229557
10,40,22.974256405565374
10,41,22.90057599172639
10,42,23.184543591870053
10,43,20.949579082408484
10,44,18.087787308240753
10,45,19.162922540210957
10,46,19.331583682186146
10,47,15.743650479870361
10,48,14.766141010649056
10,49,17.20178299565389
10,50,16.112154346489238
10,51,12.373059088929734
10,52,13.650795501480628
10,53,16.310461199358198
10,54,23.917998638979473
10,55,25.581276929943137
10,56,26.73186609751943
10,57,24.958308235750437
10,58,24.54606502832986
10,59,24.438529090661536
10,60,27.701944827548424
10,61,27.28766477501575
10,62,26.06535655835
10,63,23.496765746546533
10,64,22.51850410772825
10,65,21.851124352381945
10,66,19.973547438077212
10,67,17.654731348284315
10,68,17.429937064826753
10,69,16.50159933967431
10,70,13.556792987399081
10,71,12.41686436306294
10,72,13.215788758709046
10,73,11.47035110471664
10,74,8.106345429092404
10,75,8.803814939634885
10,76,10.28272471430215
10,77,7.885814761799569
10,78,5.0991326914429
10,79,8.377240100124201
10,80,9.776675170602832
10,81,7.476176224176206
10,82,8.252806414805638
10,83,11.75828122773805
10,84,11.94134332395094
10,85,11.173181030394156
10,86,13.80617259734736
10,87,16.092745203356763
10,88,16.16782461207126
10,89,16.987912646834125
10,90,19.74882826382313
10,91,21.11308315090645
10,92,21.43145894636298
10,93,23.068725201563172
10,94,25.460489572155122
10,95,26.71109655559961
10,96,27.59998734341548
10,97,29.65986577266469
10,98,31.320663623615626
10,99,32.44797469130171
10,100,30.792119718793263
11,1,15.656038385726667
11,2,14.071302537959212
11,3,12.320214766465622
11,4,10.559201575717141
11,5,10.042229338460539
11,6,8.617652575124778
11,7,6.246101387004182
11,8,5.109247483875806
11,9,5.555894549232563
11,10,3.8037285643129253
11,12,3.80559981520365
11,13,5.386298509558547
11,14,4.9812731560768855
11,15,6.411517600524803
11,16,8.775940248059985
11,17,9.800031664612407
11,18,10.491972654571967
11,19,12.566594672400331
11,20,14.230299544525067
11,21,14.7785815828552
11,22,16.383820751345297
11,23,18.502729260800812
11,24,19.5409641234213
11,25,20.40572575633764
11,26,22.876068277553493
11,27,24.3026577381945
11,28,24.867832675553363
11,29,26.173228494750347
11,30,28.606538905148582
11,31,31.903402681810707
11,32,31.886662653783016
11,33,34.350278143396416
11,34,33.00905937033449
11,35,29.30664368032363
11,36,27.536198394813336
11,37,24.079872305081825
11,38,25.603966383558905
11,39,24.29896949431854
11,40,20.988709784480786
11,41,20.417623000093787
11,42,20.899635777044487
11,43,19.133986538189916
11,44,15.88843875977538
11,45,16.748458385853077
11,46,17.560307329928524
11,47,14.211574347439731
11,48,12.635395043749181
11,49,15.396376798747134
11,50,15.099860115933312
11,51,11.490149642685562
11,52,12.350480091475516
11,53,15.60661397655845
11,54,22.3512250027305
11,55,24.29278190481683
11,56,25.040457976511888
11,57,23.511394524476025
11,58,23.66653204239894
11,59,23.956101437406414
11,60,27.469968303540917
11,61,27.39257343298958
11,62,26.688548591818055
11,63,24.064248325792942
11,64,22.552550430265043
11,65,22.2051749541654
11,66,20.862116832332738
11,67,18.08707936120257
11,68,17.560107699859216
11,69,17.383471600402398
11,70,14.667089599597105
11,71,12.595399025892714
11,72,13.648360791126064
11,73,12.932407661758454
11,74,9.410260723808047
11,75,8.874749935152945
11,76,11.135667785371536
11,77,9.92208006024194
11,78,6.375232181188514
11,79,8.483827003437597
11,80,11.104963479969843
11,81,9.430908326675189
11,82,8.710571896605932
11,83,12.343469476511968
11,84,13.522771456211377
11,85,12.354720027222475
11,86,14.145980736601935
11,87,17.060882849626502
11,88,17.510905617932742
11,89,17.597267687813662
11,90,20.19255433405267
11,91,22.170414585815585
11,92,22.509376105887753
11,93,23.564339237555092
11,94,26.085916251514806
11,95,27.742115531761538
11,96,28.297400866879375
11,97,30.025084166688792
11,98,32.03972459997608
11,99,33.34543305029095
11,100,32.0830923909756
12,1,16.87426286518786
12,2,15.32804869054646
12,3,14.443354512792986
12,4,12.447997740913127
12,5,10.890161900082187
12,6,9.96865170298026
12,7,8.755645307866777
12,8,6.295866111274585
12,9,5.416408644865317
12,10,5.5841277371527696
12,11,3.80559981520365
12,13,3.8090174924541955
12,14,5.358344014842017
12,15,5.162583789384632
12,16,6.426861148556566
12,17,8.766249658084051
12,18,9.894033027911856
12,19,10.863638537049294
12,20,12.351787579547244
12,21,13.835914445930804
12,22,15.38462891767917
12,23,16.8294924626394
12,24,18.127934788906867
12,25,19.61103622464224
12,26,21.767967153360775
12,27,22.833180708697174
12,28,23.857047736205416
12,29,25.491507140679055
12,30,27.563182157910813
12,31,30.87569669865039
12,32,31.304946952360833
12,33,33.93302330035855
12,34,32.91521956627182
12,35,29.13788468672901
12,36,27.443382281352157
12,37,23.8200588564217
12,38,24.802577128273384
12,39,23.304464849583283
12,40,19.77070323783242
12,41,19.563869116675537
12,42,20.662045629024696
12,43,18.734759703911507
12,44,15.469251669293865
12,45,17.10488035271355
12,46,18.140665932245273
12,47,14.691683226049893
12,48,13.760872561545751
12,49,17.049682087373714
12,50,16.670218529430194
12,51,13.365485104129412
12,52,14.918966010101924
12,53,18.100664044058547
12,54,24.177881797697097
12,55,25.77293278047958
12,56,26.12881085014829
12,57,24.22383539832532
12,58,24.381824463275667
12,59,24.257565920881635
12,60,27.71258713897427
12,61,27.260149127923686
12,62,26.596871709448383
12,63,23.58984222967746
12,64,22.28458430107693
12,65,22.520060346867375
12,66,20.957670456851247
12,67,17.884959492099412
12,68,18.082669132790905
12,69,18.27800742397686
12,70,15.11823617889385
12,71,13.326482595026214
12,72,15.28902459013745
12,73,14.632000162012385
12,74,10.840856434862044
12,75,11.185127939845161
12,76,13.961336970078081
12,77,12.576703477863218
12,78,9.51155458330261
12,79,12.11230593578629
12,80,14.565662498532317
12,81,12.66608410572694
12,82,12.314980810290157
12,83,16.023747700426156
12,84,16.851609188897708
12,85,15.433862934050309
12,86,17.49509060555173
12,87,20.41443249782542
12,88,20.43445422929888
12,89,20.439580112329786
12,90,23.329564820642204
12,91,25.220245433235423
12,92,25.171567658941132
12,93,26.310600425406324
12,94,29.075299669542154
12,95,30.504849038186027
12,96,30.840300651059266
12,97,32.76767393994724
12,98,34.885758118858895
12,99,35.91849552294896
12,100,34.63788695713227
13,1,18.22264128213821
13,2,15.94638846461724
13,3,15.108931128023649
13,4,14.016474087678967
13,5,12.15556435159935
13,6,10.142162273487067
13,7,9.679374288465981
13,8,8.436068606197907
13,9,6.037936419818915
13,10,5.012081715988488
13,11,5.386298509558547
13,12,3.8090174924541955
13,14,3.80156537140426
13,15,5.384148143048683
13,16,4.9852881726843385
13,17,6.1810659543432
13,18,8.571552823806895
13,19,9.940778552753859
13,20,10.358075985291714
13,21,11.532648816797122
13,22,13.86751486092057
13,23,15.150066677120593
13,24,15.730899857549442
13,25,17.341952313393552
13,26,19.901338686955736
13,27,20.622353741918317
13,28,21.265941018610388
13,29,23.184300175497093
13,30,25.47650879212307
13,31,28.56854967557385
13,32,28.91694770834921
13,33,31.765004582216708
13,34,30.969077464656944
13,35,27.192576366375086
13,36,25.925717783672603
13,37,22.227114735926694
13,38,23.312500976653258
13,39,22.351083942936935
13,40,19.054052870699216
13,41,19.46499131372809
13,42,20.220474650409344
13,43,17.70920190542108
13,44,14.954245275845947
13,45,16.882050107690553
13,46,17.1442040171792
13,47,13.423619316610756
13,48,13.325735028150204
13,49,16.407538579646605
13,50,15.205072615528168
13,51,11.955975867340698
13,52,14.26509859987318
13,53,16.877566316872493
13,54,23.356224060794894
13,55,24.51555180444917
13,56,25.15573005684884
13,57,22.892370901632965
13,58,22.4979633865416
13,59,21.9424099430811
13,60,25.18909777031877
13,61,24.438043890018545
13,62,23.43559120769136
13,63,20.427265930993933
13,64,19.4889101839101
13,65,19.58059038005041
13,66,17.655146838180546
13,67,14.79759969678414
13,68,15.33863769665885
13,69,15.19508657091129
13,70,11.783547111267232
13,71,10.624550236393782
13,72,12.818730515256881
13,73,11.771670597714314
13,74,8.001715679244612
13,75,9.45555291335021
13,76,12.228350733606815
13,77,10.609719469644768
13,78,8.486493833246481
13,79,11.78385875639221
13,80,13.746940994152846
13,81,12.164676996820116
13,82,12.900562129327396
13,83,16.35192918795486
13,84,16.838864087672928
13,85,16.15638965490901
13,86,18.616926809096377
13,87,21.04492493130547
13,88,21.16101202656301
13,89,21.824215972604623
13,90,24.62013091601382
13,91,26.10397137466306
13,92,26.32109867913436
13,93,27.866269049445823
13,94,30.371388907388685
13,95,31.63827628608755
13,96,32.37754683545095
13,97,34.43746825504114
13,98,36.22567490446567
13,99,37.28785011654816
13,100,35.67314927366069
14,1,19.94457882391325
14,2,17.78794331619529
14,3,16.171369388143365
14,4,15.085155785760998
14,5,14.111671495907848
14,6,11.881166543526303
14,7,10.32943196419336
14,8,9.715369426326978
14,9,8.492150796517723
14,10,5.939424593173484
14,11,4.9812731560768855
14,12,5.358344014842017
14,13,3.80156537140426
14,15,3.8042450450357634
14,16,5.346785835527067
14,17,4.99026493515154
14,18,6.071243255714572
14,19,8.638539179394995
14,20,9.780040101007355
14,21,9.895630149444527
14,22,11.876516374836694
14,23,14.015361071241708
14,24,14.710076057387518
14,25,15.529667082136385
14,26,18.182660289948128
14,27,19.513276630708038
14,28,19.91709992522279
14,29,21.30205647806359
14,30,23.81152373358642
14,31,27.025446631975218
14,32,27.010039420048535
14,33,29.589903504475675
14,34,28.433503155522935
14,35,24.698468846247604
14,36,23.197427497929663
14,37,19.63158132133407
14,38,21.13983041329864
14,39,20.209100827930204
14,40,17.08713092158962
14,41,17.11224764606442
14,42,17.374136748482492
14,43,15.041595249150406
14,44,12.227138248278496
14,45,13.629397937655398
14,46,13.807005005783216
14,47,10.144305910120174
14,48,9.673910346929883
14,49,12.646599736360312
14,50,11.625686220930255
14,51,8.331153608818251
14,52,10.577340926714431
14,53,13.31480538602033
14,54,19.62117265665543
14,55,20.944949052829767
14,56,21.642189366121638
14,57,19.610104363076484
14,58,19.42056888448733
14,59,19.3220796560679
14,60,22.765538124756983
14,61,22.510022151073553
14,62,21.850438723894378
14,63,19.143060432439512
14,64,17.625533979244725
14,65,17.479725361409425
14,66,16.155936201237445
14,67,13.192494626443798
14,68,12.914388583168098
14,69,13.109721715277427
14,70,10.255954466283892
14,71,8.060051132559975
14,72,10.00376496648013
14,73,9.828319591557515
14,74,6.151427638467719
14,75,6.377633263713869
14,76,9.713364579585226
14,77,9.226121260099982
14,78,6.993201301262613
14,79,9.583006626272676
14,80,12.186758131089631
14,81,11.584220611025042
14,82,11.947311638850724
14,83,15.061738358314706
14,84,16.299748592366168
14,85,16.081928661967282
14,86,17.972132419194722
14,87,20.46661744211381
14,88,21.261600916787177
14,89,21.86032299196976
14,90,24.21057268161034
14,91,25.95715944089699
14,92,26.65188269214102
14,93,27.91960837414536
14,94,30.16168495225758
14,95,31.818120585817024
14,96,32.69722544285132
14,97,34.40490944083349
14,98,36.19372072381752
14,99,37.62470372672457
14,100,36.1460458113026
15,1,21.66294464620849
15,2,19.962554469734766
15,3,18.575993758769485
15,4,16.825650780038274
15,5,15.749278507739724
15,6,14.269676651676239
15,7,12.560368534970811
15,8,10.88596112896338
15,9,10.121857016084409
15,10,8.67659269413293
15,11,6.411517600524803
15,12,5.162583789384632
15,13,5.384148143048683
15,14,3.8042450450357634
15,16,3.806054110153349
15,17,5.426720595273298
15,18,5.00833199184952
15,19,6.230763679799782
15,20,8.510659890223627
15,21,9.526877578954108
15,22,10.48632040476303
15,23,12.401207255274112
15,24,14.033099278614799
15,25,15.05978963603196
15,26,17.03145264790471
15,27,18.538654480438193
15,28,19.62767136407625
15,29,20.871826559967968
15,30,22.89569526220191
15,31,26.340443384468504
15,32,26.6869572624864
15,33,29.123207093659055
15,34,27.98075921640149
15,35,24.217426365570294
15,36,22.368301321031957
15,37,18.777068074115746
15,38,19.78830831435004
15,39,18.25907343567127
15,40,14.80297184617953
15,41,14.58731369629975
15,42,15.540962395295253
15,43,13.584001756942738
15,44,10.319106209076159
15,45,12.165896855741533
15,46,13.228232501743411
15,47,9.888642613064869
15,48,9.339673626254672
15,49,12.941082183244392
15,50,12.724626334213285
15,51,10.079571580474047
15,52,12.139187507000505
15,53,15.177287016965279
15,54,20.031537818708372
15,55,21.35170722096489
15,56,21.37894699478239
15,57,19.34592160731934
15,58,19.718715771686924
15,59,19.712387159837682
15,60,23.27834925526082
15,61,23.0814105535421
15,62,22.925131052656738
15,63,19.978227957713266
15,64,18.152563990102998
15,65,18.71371624855109
15,66,17.759434237113698
15,67,14.326582844781692
15,68,14.29712166538813
15,69,15.377776994752336
15,70,12.634150722662774
15,71,10.074166604861356
15,72,12.59254144782677
15,73,13.14819136203889
15,74,9.658158587430028
15,75,9.449379059835175
15,76,13.046312131638171
15,77,12.957682527841957
15,78,10.425451848875843
15,79,12.48823386113222
15,80,15.515533314019589
15,81,14.827877235314537
15,82,14.521523945294867
15,83,17.787173182724427
15,84,19.31965934946787
15,85,18.625726761207716
15,86,20.215219274088508
15,87,23.094074221770022
15,88,23.824019349582297
15,89,23.92799371567032
15,90,26.35463195263543
15,91,28.432022345691774
15,92,28.902338563214833
15,93,29.85231503441694
15,94,32.32011301189726
15,95,34.103028986668164
15,96,34.63668651416331
15,97,36.24127206248298
15,98,38.32308295368438
15,99,39.711726641864146
15,100,38.48559520807984
16,1,22.844069892474913
16,2,20.796045650761457
16,3,19.95422905969667
16,4,18.528922282745153
16,5,16.744823054138685
16,6,15.068581680047881
16,7,14.27417040353804
16,8,12.550702802066246
16,9,10.673079764903928
16,10,9.764328512739286
16,11,8.775940248059985
16,12,6.426861148556566
16,13,4.9852881726843385
16,14,5.346785835527067
16,15,3.806054110153349
16,17,3.810166405682432
16,18,5.430675610939898
16,19,5.259159154875372
16,20,5.953528706799834
16,21,8.030928154013285
16,22,9.715323296719658
16,23,10.579026964516496
16,24,11.837862429246014
16,25,13.709809827830446
16,26,15.708355358049443
16,27,16.486923957253325
16,28,17.724898791129345
16,29,19.56957470286921
16,30,21.42353015239124
16,31,24.6812867060369
16,32,25.386296002884514
16,33,28.162663574511864
16,34,27.508745299686325
16,35,23.708004505278378
16,36,22.321940058997214
16,37,18.56131861958724
16,38,19.120903766204155
16,39,17.894839626350485
16,40,14.471588575053053
16,41,15.207971569310832
16,42,16.435729102955165
16,43,13.873649816030277
16,44,11.22550429612361
16,45,13.916747495541827
16,46,14.4507670510378
16,47,10.977565340647134
16,48,11.664279744324624
16,49,15.17523967497154
16,50,14.241624974565122
16,51,11.905920058145696
16,52,14.705670511202529
16,53,17.208530823065406
16,54,22.00239480794395
16,55,22.748444261512304
16,56,22.7470566488962
16,57,20.18623395205774
16,58,20.073648229350848
16,59,19.337133111568303
16,60,22.619280993376243
16,61,21.817767904405727
16,62,21.383176045611698
16,63,18.095387087052426
16,64,16.82721999304272
16,65,17.787273538543356
16,66,16.316034946300313
16,67,12.858380970772428
16,68,13.831640619982888
16,69,14.863863230352822
16,70,11.64459047615229
16,71,10.024594989208905
16,72,13.227781221543548
16,73,13.381048266668424
16,74,9.968230747616063
16,75,11.075495025569287
16,76,14.591473250003911
16,77,14.026762951931383
16,78,12.178364903743947
16,79,14.927795930610209
16,80,17.43359448098418
16,81,16.52510371920184
16,82,16.93228325313797
16,83,20.25268226746805
16,84,21.260413848130685
16,85,20.68269662709972
16,86,22.761311875507054
16,87,25.39119610144176
16,88,25.801819159022035
16,89,26.23112777227359
16,90,28.87974326486779
16,91,30.633508969586035
16,92,30.946057166514965
16,93,32.23649467865139
16,94,34.754661426656
16,95,36.24046865547681
16,96,36.86260576011562
16,97,38.73937661578853
16,98,40.68613827866269
16,99,41.86480664363953
16,100,40.402631609558384
17,1,24.19234399752777
17,2,21.768139524243356
17,3,20.545148283500783
17,4,19.685333894171226
17,5,18.201980496676825
17,6,15.83587534616518
17,7,14.964684630042067
17,8,14.16410856313342
17,9,12.164786303313003
17,10,10.170188304370512
17,11,9.800031664612407
17,12,8.766249658084051
17,13,6.1810659543432
17,14,4.99026493515154
17,15,5.426720595273298
17,16,3.810166405682432
17,18,3.812600117075787
17,19,5.5232245426111986
17,20,5.137933873309076
17,21,5.364602543589867
17,22,8.042756878557038
17,23,9.538127707912855
17,24,9.848349227995353
17,25,11.16700803147536
17,26,13.840596707524572
17,27,14.735756353917587
17,28,15.254853697376966
17,29,17.01511883173205
17,30,19.36396686985292
17,31,22.478392490168787
17,32,22.767317412649728
17,33,25.59179459156108
17,34,24.87053246702106
17,35,21.087425220138307
17,36,19.987669817366644
17,37,16.2455165658181
17,38,17.320721892275273
17,39,16.75180409631736
17,40,13.801272993780842
17,41,14.828685272458085
17,42,15.225760353033944
17,43,12.19373690413146
17,44,10.17023240151177
17,45,12.624199952554864
17,46,12.204548187555385
17,47,8.521804338868382
17,48,9.938718945031344
17,49,12.959976371815825
17,50,11.29169894358206
17,51,9.205237838731565
17,52,12.54517598934869
17,53,14.43229735977905
17,54,19.445845066240963
17,55,19.893825687289567
17,56,20.274635717989177
17,57,17.549672258550853
17,58,16.96440987128134
17,59,16.093269841866878
17,60,19.326672789044192
17,61,18.57611943443629
17,62,17.984139759723547
17,63,14.903298545613135
17,64,13.581784059266692
17,65,14.160594629213211
17,66,12.701291164460448
17,67,9.315813319961286
17,68,10.112494171457385
17,69,11.06672296502253
17,70,7.959845518295065
17,71,6.333526936016504
17,72,9.766555488348923
17,73,10.182689177035547
17,74,7.270469269890562
17,75,8.684500106317891
17,76,12.156264832934001
17,77,12.078503875564541
17,78,11.099734443473777
17,79,13.729462724136319
17,80,15.99444824185538
17,81,15.78715579442029
17,82,16.68872073932283
17,83,19.57007760439479
17,84,20.645653781754472
17,85,20.758992045605588
17,86,22.802754790550875
17,87,25.08064054228356
17,88,25.86496804489013
17,89,26.70087226815738
17,90,29.049771680208917
17,91,30.623658789691802
17,92,31.355928942889673
