1,2,3.802266290108828
1,3,5.821502927221639
1,4,6.8074091309808535
1,5,10.411434312570966
1,6,12.6146906856248
1,7,15.81016777232233
1,8,18.380034248518584
1,9,22.02492065594877
1,10,24.780739408754233
1,11,27.48198441110515
1,12,30.595033118532694
1,13,30.93205192957413
1,14,33.20066694098218
1,15,34.567380288747025
1,16,36.70363488143458
1,17,35.71708179498327
1,18,36.64209603599788
1,19,34.59159600063908
1,20,31.314501493791198
1,21,27.938946173038797
1,22,26.85013586427129
1,23,23.19944833251205
1,24,21.222988619243576
1,25,17.438881112714608
1,26,15.489517107062326
1,27,11.931077798425767
1,28,10.090179879604081
1,29,8.818320865460677
1,30,8.427679783121237
1,31,10.15529321114903
1,32,12.281756585560284
1,33,11.83084881313482
1,34,14.779159208608373
1,35,14.751055632557007
1,36,15.013509712562527
1,37,13.312323289624544
1,38,15.896923839053354
1,39,16.69275796933628
1,40,19.290722564994645
1,41,21.664470125921813
1,42,23.64265845252428
1,43,26.77339783724773
1,44,26.84119921597584
1,45,29.323378082079447
1,46,28.763529280114096
1,47,26.042660165311258
1,48,26.76554362897429
1,49,24.63172607602967
1,50,21.874606740494123
1,51,20.615104342112822
1,52,19.07562137970973
1,53,17.083497855002893
1,54,17.163246315920798
1,55,17.081568815553428
1,56,13.947287416151891
1,57,14.966887921596548
1,58,13.29897456839192
1,59,13.296944936271831
1,60,14.300287212862619
1,61,16.07620565987494
1,62,18.118126996463264
1,63,20.16135690200755
1,64,22.918299372221632
1,65,24.651953242271308
1,66,27.501096117645343
1,67,27.274555638657617
1,68,30.554187642083257
1,69,31.63232757372306
1,70,32.28571911454889
1,71,35.80501764422063
1,72,38.126233884108
1,73,39.92159649932177
1,74,37.17646302770046
1,75,36.69899402025684
1,76,39.11092829535978
1,77,41.49600635364371
1,78,40.969755822766395
1,79,37.18828831324465
1,80,18.3052561513326
1,81,15.322933916816508
1,82,12.87589342468421
1,83,12.152689848721028
1,84,11.071390847233179
1,85,14.06131184130181
1,86,15.336440718291106
1,87,12.479557205675375
1,88,12.128548044582242
1,89,8.751751446478368
1,90,10.29182114223425
1,91,14.027143633150596
1,92,16.456623521100866
1,93,20.080857546561813
1,94,23.17645198500931
1,95,26.792477818544448
1,96,29.446625044455278
1,97,33.174082792001606
1,98,39.951300627399384
1,99,37.61712894397621
1,100,33.92287633036773
1,101,32.20314059581431
1,102,28.41850946313838
1,103,27.61958518338529
1,104,24.921127818310914
1,105,24.973052540899168
1,106,23.499104776999623
1,107,20.22106471124304
1,108,18.625935650404195
1,109,14.817047545364069
1,110,13.436562812793259
1,111,9.827567035631128
1,112,9.365756556545422
1,113,7.398090702781863
1,114,7.987203826785289
1,115,8.666903753172088
1,116,8.211066702705182
2,1,3.802266290108828
2,3,3.8240475983750186
2,4,6.594773039511323
2,5,10.226310453168875
2,6,12.232704269825616
2,7,15.564304746113848
2,8,18.052156045511897
2,9,21.489068608198444
2,10,24.36175219019234
2,11,26.65912721545164
2,12,29.937926486648205
2,13,30.728660686341623
2,14,33.1563672639416
2,15,34.27955838868034
2,16,36.43648634072393
2,17,35.64701379784471
2,18,36.218640119771365
2,19,33.934563375734285
2,20,30.491271552818496
2,21,27.25397704138816
2,22,25.812147303776875
2,23,22.237043117995913
2,24,19.933707167777385
2,25,16.177572662764884
2,26,14.022980980858643
2,27,10.246623668252965
2,28,7.865124491360809
2,29,5.522802779493175
2,30,5.283700855769768
2,31,6.647414172358388
2,32,8.626320787843849
2,33,8.620299327973834
2,34,11.970329525726287
2,35,12.364492260671641
2,36,12.703883860646656
2,37,11.406426017055578
2,38,14.584147697892478
2,39,15.73512606242995
2,40,18.86062470403649
2,41,21.469428414118457
2,42,23.916906083093746
2,43,27.277891942538453
2,44,27.835369722815056
2,45,30.031950425420245
2,46,28.99047701247108
2,47,25.93010733251172
2,48,26.292899459524108
2,49,23.72847684946477
2,50,20.77427076646036
2,51,18.955949916473656
2,52,17.00559377352577
2,53,14.4866795289712
2,54,14.175343003199826
2,55,13.725104455190735
2,56,10.548673187988843
2,57,11.36436418972019
2,58,9.647389348129693
2,59,10.18378346254584
2,60,11.751851761351675
2,61,13.40314631952713
2,62,15.86880968442157
2,63,17.96275445080241
2,64,21.075272534564977
2,65,22.96880190490019
2,66,26.11147048244669
2,67,26.229751082634447
2,68,29.68181689764417
2,69,31.19054060947009
2,70,32.150535560556726
2,71,35.679107014522266
2,72,38.27733957701262
2,73,40.038364726133615
2,74,37.50116574684898
2,75,37.27686377929394
2,76,39.965116339146796
2,77,42.30589393572438
2,78,42.08002853427328
2,79,38.277579475132924
2,80,18.586782540798772
2,81,15.717154623421894
2,82,12.67405324424538
2,83,11.914291872045476
2,84,10.109673371318632
2,85,13.040894161013004
2,86,15.070682457489662
2,87,13.007866401656756
2,88,13.031867476564972
2,89,10.189038511360744
2,90,11.65895786638752
2,91,15.295259218186438
2,92,17.60741562317746
2,93,21.369267498330483
2,94,24.27031198480687
2,95,28.010457329840865
2,96,30.30352201440366
2,97,34.04919846358567
2,98,40.17660383054341
2,99,37.78780272232156
2,100,34.19897800675377
2,101,32.6375954114946
2,102,28.927266435778844
2,103,28.50208218759702
2,104,25.536111629306486
2,105,25.90294626905717
2,106,24.89795416207443
2,107,21.530594590718763
2,108,20.446572283943866
2,109,16.681811529031272
2,110,15.787324204523383
2,111,12.444947202871749
2,112,12.180797174597629
2,113,10.478411777545258
2,114,9.962473169977686
2,115,9.751645362291216
2,116,7.726206883815041
3,1,5.821502927221639
3,2,3.8240475983750186
3,4,3.80185725652194
3,5,6.849988083440719
3,6,9.24954676803076
3,7,12.241712828339642
3,8,14.433231225642423
3,9,17.857693175317003
3,10,20.636491247129666
3,11,22.911552371024797
3,12,26.15478257504223
3,13,27.021590332589305
3,14,29.460223674982444
3,15,30.503788017947087
3,16,32.66464764843535
3,17,31.95023628127056
3,18,32.49178376083263
3,19,30.146770946321787
3,20,26.718632183223246
3,21,23.459314993396966
3,22,21.99180997769212
3,23,18.416656523476984
3,24,16.18600882130703
3,25,12.409702347714296
3,26,10.524539796183625
3,27,6.808275432835452
3,28,5.482714801080673
3,29,4.479096549988012
3,30,6.681755287830319
3,31,8.583561493583838
3,32,9.761094169963854
3,33,9.526320083504219
3,34,12.606029794370771
3,35,12.072487974809974
3,36,11.25289988227818
3,37,9.043366714970546
3,38,11.906413021158896
3,39,12.46317645284316
3,40,15.65230586307593
3,41,18.045878971291074
3,42,20.708748766437377
3,43,24.045339805893374
3,44,24.897257472705792
3,45,27.15484711144088
3,46,25.94279277478775
3,47,22.83247087515305
3,48,22.907622287432485
3,49,20.37519220560819
3,50,17.64759246461321
3,51,15.753516058138418
3,52,14.260629804674092
3,53,11.886206595952983
3,54,12.471027695056621
3,55,12.625386991562086
3,56,9.081982615758864
3,57,9.948932767813242
3,58,9.118037700221024
3,59,9.232825895463595
3,60,9.694571534914962
3,61,10.655413500025736
3,62,12.57063910443186
3,63,14.4716539095954
3,64,17.413699825533783
3,65,19.28301069928044
3,66,22.383792740147047
3,67,22.564554340452446
3,68,26.057885484396824
3,69,27.56537166111012
3,70,28.69199544373161
3,71,32.27936224630435
3,72,34.88973087633319
3,73,36.78302994108563
3,74,34.399978709500864
3,75,34.118860443446756
3,76,36.90319363811578
3,77,39.10493637476791
3,78,38.971235565731654
3,79,35.16752255780763
3,80,15.207445779988205
3,81,12.660710752006059
3,82,9.690109667420705
3,83,9.844405176298105
3,84,8.910451243075467
3,85,12.418850323781463
3,86,14.000321806935059
3,87,12.262457527179738
3,88,11.45760249313797
3,89,8.763859345029188
3,90,9.29194640469136
3,91,12.57254583498928
3,92,14.57408071432783
3,93,18.358794567867637
3,94,21.06931704865321
3,95,24.848479603474722
3,96,26.92549651951255
3,97,30.657859873116788
3,98,36.525199750704935
3,99,34.108396117905535
3,100,30.56091405403567
3,101,29.068905330160717
3,102,25.402642668485093
3,103,25.193556032856684
3,104,22.169836296055692
3,105,22.833391722342505
3,106,22.030231490626242
3,107,18.577113447799555
3,108,17.849717663535788
3,109,14.234591605590365
3,110,13.882616184893314
3,111,11.10694182092341
3,112,11.653360116021274
3,113,11.15019997978431
3,114,10.880200350806994
3,115,11.622451049426745
3,116,9.557220994397461
4,1,6.8074091309808535
4,2,6.594773039511323
4,3,3.80185725652194
4,5,3.790899773337362
4,6,6.094105062829961
4,7,9.161692530165839
4,8,11.758256698863034
4,9,15.304648490162766
4,10,18.221859080675486
4,11,20.78570262162738
4,12,24.02060481077232
4,13,24.48735027252096
4,14,26.89735684438199
4,15,28.30828176159931
4,16,30.68347300055825
4,17,30.088618522762612
4,18,31.00407134073319
4,19,28.64744094702627
4,20,25.46061372952707
4,21,21.9542919261467
4,22,20.52336526061069
4,23,16.776331396171887
4,24,14.599063480846747
4,25,10.881922441977473
4,26,8.858516968381904
4,27,5.657482468464724
4,28,5.390492306038538
4,29,6.781494344937814
4,30,8.858521538538765
4,31,11.679088232380659
4,32,13.303751391207141
4,33,13.315914443399892
4,34,16.33342313434733
4,35,15.471777445529566
4,36,14.123201992250507
4,37,11.22505647578903
4,38,13.260942369602478
4,39,12.726703583577542
4,40,15.437510560720858
4,41,17.130877473716353
4,42,19.65492812929141
4,43,22.64026972529884
4,44,23.390878199300566
4,45,26.164843245579995
4,46,25.236310289302537
4,47,22.41338294402991
4,48,22.346272165817172
4,49,20.27323142258744
4,50,18.104144581865985
4,51,16.493138805901907
4,52,15.84491815287179
4,53,13.867579891638355
4,54,15.254377859957179
4,55,15.734455087904227
4,56,12.0709889410396
4,57,12.412059623222563
4,58,11.49646386593607
4,59,10.392869095495243
4,60,9.61984846536687
4,61,10.798994098481646
4,62,12.068559632211882
4,63,14.214245665511191
4,64,16.723669702591952
4,65,18.77811217822917
4,66,21.65730430984695
4,67,21.87342829573789
4,68,25.316755697923714
4,69,26.42156387614097
4,70,27.61649065146721
4,71,31.313754696765972
4,72,33.64192013052025
4,73,35.83224794519656
4,74,33.492669560087776
4,75,32.80869499346492
4,76,35.41974958829039
4,77,37.40151803855512
4,78,36.998782963073936
4,79,33.20208593031029
4,80,13.675179881240485
4,81,11.694096643650314
4,82,9.70350331696443
4,83,11.011626945735994
4,84,11.300958437362656
4,85,15.05897617620804
4,86,15.875432058180547
4,87,13.766236989359022
4,88,11.94501541917904
4,89,8.786050601140458
4,90,7.839572195145424
4,91,10.709753492898745
4,92,12.006132791072494
4,93,15.784880366598976
4,94,18.277211908545773
4,95,22.024460763298027
4,96,24.298971913794908
4,97,27.965024226891522
4,98,34.33807742005786
4,99,31.7502659038657
4,100,28.168090435569468
4,101,26.347273710180296
4,102,22.640565751883
4,103,22.06337183849513
4,104,19.004684095221595
4,105,19.340458498189527
4,106,18.5267589378778
4,107,15.22420084696792
4,108,14.67891867093665
4,109,11.118273530685013
4,110,11.416494046184093
4,111,9.172972483758757
4,112,10.899248012064188
4,113,11.300329053541336
4,114,12.19797635698016
4,115,13.84410587351141
4,116,12.55878758479952
5,1,10.411434312570966
5,2,10.226310453168875
5,3,6.849988083440719
5,4,3.790899773337362
5,6,3.8123511077952568
5,7,5.736101791051503
5,8,7.995652514882025
5,9,11.617376152361874
5,10,14.452510606193263
5,11,17.124565649540944
5,12,20.295635848027125
5,13,20.697586562169906
5,14,23.109994823541836
5,15,24.555481980729986
5,16,27.003602261661083
5,17,26.533143600433615
5,18,27.538994312481027
5,19,25.124501119371647
5,20,22.065265649742106
5,21,18.465697099839733
5,22,17.042065230407854
5,23,13.259688488367672
5,24,11.277470395991875
5,25,7.701589830868149
5,26,6.295916847679125
5,27,4.530024986030228
5,28,6.635267622413689
5,29,9.207728512474933
5,30,11.957003646683527
5,31,14.74743020149353
5,32,15.930949709831399
5,33,15.831757265633675
5,34,18.521775833622304
5,35,17.10388724550494
5,36,14.976943076851594
5,37,11.55643995621771
5,38,12.69545550034805
5,39,11.107227971677466
5,40,13.436192508570318
5,41,14.46331768879991
5,42,17.108917173406883
5,43,19.858700389282212
5,44,20.904518002847286
5,45,23.860712269048687
5,46,22.85619875608792
5,47,20.147572552746258
5,48,19.706637316313863
5,49,17.909511218251065
5,50,16.308312244574804
5,51,14.832749023558353
5,52,15.033265598652592
5,53,13.547440974371604
5,54,15.790973348951155
5,55,16.76579811694629
5,56,13.22346199592589
5,57,13.45124080713708
5,58,13.268764110479255
5,59,11.818886772792498
5,60,9.84725222557955
5,61,10.111169059105032
5,62,10.183741518568791
5,63,11.981155123506806
5,64,13.910181943780767
5,65,15.929431156988038
5,66,18.58363290008012
5,67,18.874699725645332
5,68,22.283753309474612
5,69,23.223883686483262
5,70,24.6163928774692
5,71,28.37439840630367
5,72,30.60619944277097
5,73,33.00953907868729
5,74,30.866512224907474
5,75,30.00777407102737
5,76,32.64804366870425
5,77,34.40490048241864
5,78,34.02580483386725
5,79,30.252914653642694
5,80,10.924500238185654
5,81,9.858513237726033
5,82,8.771323240367808
5,83,11.293075433442331
5,84,12.58168292207869
5,85,16.363268423249295
5,86,16.61508619277578
5,87,14.878269210528572
5,88,12.329600544886308
5,89,9.74963900130197
5,90,7.401027015346032
5,91,9.006404139771046
5,92,9.319736635166791
5,93,12.980723087490484
5,94,15.060640121576157
5,95,18.813964390305493
5,96,20.873988594655778
5,97,24.490403431695807
5,98,30.717748485719817
5,99,28.047396663240878
5,100,24.502763914660903
5,101,22.652126892219567
5,102,18.98344433660059
5,103,18.549810888848835
5,104,15.400968134073235
5,105,16.026149089817313
5,106,15.489620197280114
5,107,12.16525145050741
5,108,12.251163443805869
5,109,9.161176330838641
5,110,10.506052777812076
5,111,9.52688120730442
5,112,12.085103139566685
5,113,13.522447358711856
5,114,14.59322901082327
5,115,16.711667676410993
5,116,15.494669430374834
6,1,12.6146906856248
6,2,12.232704269825616
6,3,9.24954676803076
6,4,6.094105062829961
6,5,3.8123511077952568
6,7,3.8026181917610566
6,8,7.34358951560583
6,9,10.314135035137047
6,10,13.743255040433061
6,11,16.086261531430342
6,12,19.532612803852462
6,13,19.87634185665275
6,14,22.450982053485724
6,15,24.249870622056097
6,16,27.09589435292516
6,17,27.130073755338984
6,18,28.244574818553225
6,19,25.529564271316918
6,20,22.708871911189068
6,21,19.04462793580045
6,22,17.09045240763646
6,23,13.301863195326845
6,24,10.7061262058006
6,25,7.758196237987875
6,26,5.172591812574788
6,27,4.81881436238539
6,28,6.610073711200173
6,29,10.149195235607664
6,30,12.545987678936255
6,31,15.80826558423525
6,32,17.406720772558305
6,33,18.050967349439397
6,34,21.045399367497968
6,35,20.017369865961026
6,36,17.915741306080257
6,37,14.655167714957368
6,38,15.913655655865782
6,39,14.07536257056863
6,40,16.34216636270914
6,41,16.826914518070495
6,42,19.58475500509956
6,43,21.98666101104793
6,44,23.237977690073624
6,45,26.426112301262727
6,46,25.38606809805467
6,47,22.77992467169297
6,48,21.86920336041442
6,49,20.176410834601157
6,50,18.968209895487206
6,51,17.16930695619508
6,52,17.56459095470082
6,53,15.742853685259831
6,54,17.991815504808176
6,55,18.648372368716778
6,56,15.003265404770364
6,57,14.258630890569627
6,58,13.625580542574273
6,59,11.205252918231912
6,60,8.468648475369648
6,61,9.320918321398585
6,62,9.390783860497104
6,63,11.964164818684928
6,64,13.863644054881538
6,65,16.535207965873397
6,66,19.27424861495153
6,67,20.17934693739254
6,68,23.635976077488582
6,69,24.547234470034606
6,70,26.341560202285105
6,71,30.139711428520826
6,72,32.24501489478461
6,73,34.924041445267065
6,74,33.04991863134627
6,75,31.964523051194217
6,76,34.55880740280796
6,77,35.97665403140847
6,78,35.49093409847355
6,79,31.79268154837969
6,80,13.402474550945676
6,81,13.125304010825097
6,82,12.379072028769045
6,83,15.034438675961367
6,84,16.12609361508888
6,85,19.887286487671215
6,86,20.34434772567131
6,87,18.661266163890065
6,88,16.128842272970488
6,89,13.439441237545767
6,90,10.942182121202839
6,91,12.07625777385854
6,92,11.398398844518796
6,93,14.661465530763422
6,94,15.973854929816017
6,95,19.53568370710506
6,96,21.477666478956056
6,97,24.84615440050128
6,98,31.040368860584927
6,99,28.041471673681087
6,100,24.674508487792533
6,101,22.43588272656682
6,102,18.94357615931852
6,103,18.20978909724758
6,104,14.7090357816275
6,105,14.80133134987839
6,106,15.003324738002537
6,107,12.319379761425761
6,108,13.297489052295576
6,109,10.760763547570415
6,110,12.944900682448278
6,111,12.370819755113748
6,112,15.279401921690257
6,113,16.58636389717532
6,114,17.942314831852315
6,115,19.88166173084055
6,116,18.53814982541188
7,1,15.81016777232233
7,2,15.564304746113848
7,3,12.241712828339642
7,4,9.161692530165839
7,5,5.736101791051503
7,6,3.8026181917610566
7,8,3.8043282281389774
7,9,6.680128949431469
7,10,10.050500730363934
7,11,12.588745650949866
7,12,15.911257592769974
7,13,16.091215576769553
7,14,18.655386413124166
7,15,20.53533678918287
7,16,23.464379408156027
7,17,23.640070489705955
7,18,24.89313803262513
7,19,22.163559682825667
7,20,19.57918816345031
7,21,15.859406965640371
7,22,13.98300969758897
7,23,10.28083247322371
7,24,8.143326966348802
7,25,6.078417350907075
7,26,5.147848681798774
7,27,6.968216624709152
7,28,9.847321936556325
7,29,13.367804445695738
7,30,16.12175683789391
7,31,19.183669729104583
7,32,20.382287832349675
7,33,20.741192381550718
7,34,23.3961386177825
7,35,21.894929524478897
7,36,19.288028301703207
7,37,15.781511821682102
7,38,16.202320672496107
7,39,13.586072206777908
7,40,15.199113320978988
7,41,14.866269159681723
7,42,17.546920735354114
7,43,19.535084401799587
7,44,21.040387431979884
7,45,24.3474860501923
7,46,23.2961109749336
7,47,20.93800772467475
7,48,19.680849035715728
7,49,18.42209518551421
7,50,17.905426960452058
7,51,16.423576726494073
7,52,17.629304180909244
7,53,16.43378495409006
7,54,19.275482418428926
7,55,20.366394622324258
7,56,16.989120948676305
7,57,16.410806901463328
7,58,16.44197596925558
7,59,14.15391585602409
7,60,10.931879187585432
7,61,10.707283065549543
7,62,9.346198929302444
7,63,11.113743746040377
7,64,11.99643611551316
7,65,14.454320063250714
7,66,16.73486286054026
7,67,17.67640534452229
7,68,20.956077637873623
7,69,21.59562144756535
7,70,23.556919183087174
7,71,27.347498443120188
7,72,29.2854141838041
7,73,32.16450823436885
7,74,30.510886771227504
7,75,29.233367696332294
7,76,31.801187138131844
7,77,32.96201517863376
7,78,32.48934418684942
7,79,28.863884508481366
7,80,11.634240800415798
7,81,12.4403654291727
7,82,12.641480998914902
7,83,15.92786796188746
7,84,17.701514416183894
7,85,21.360323380125305
7,86,21.315596538137058
7,87,19.922635466127918
7,88,16.959922878963134
7,89,14.828594658044034
7,90,11.680925542934428
7,91,11.589274537718056
7,92,9.844418714363176
7,93,12.504027496047126
7,94,13.10869209108993
7,95,16.51492483477762
7,96,18.1484680923507
7,97,21.39157421812079
7,98,27.407601573864937
7,99,24.327902422360435
7,100,21.023346076078788
7,101,18.73262647248776
7,102,15.3272774003778
7,103,14.755221727884352
7,104,11.147248166318727
7,105,11.633106207557377
7,106,12.288511368554136
7,107,9.799733940842097
7,108,11.647270512665477
7,109,10.062924800782914
7,110,13.002857036878314
7,111,13.489318678786926
7,112,16.730245810278223
7,113,18.70955825725927
7,114,20.12667769325865
7,115,22.42068087814916
7,116,21.197027064265068
8,1,18.380034248518584
8,2,18.052156045511897
8,3,14.433231225642423
8,4,11.758256698863034
8,5,7.995652514882025
8,6,7.34358951560583
8,7,3.8043282281389774
8,9,3.8061004745088765
8,10,6.5483525885977985
8,11,9.398546640164032
8,12,12.486975004532226
8,13,12.799130780313204
8,14,15.342085524213735
8,15,16.942685740515888
8,16,19.753540638641383
8,17,19.90035229504007
8,18,21.09029014655522
8,19,18.377173956147782
8,20,15.837913107635867
8,21,12.096977352765462
8,22,10.426343802290797
8,23,6.808896229794034
8,24,5.694541344581424
8,25,4.855809920379623
8,26,6.417432453702826
8,27,9.045511004548855
8,28,12.544495837714164
8,29,15.78957665798907
8,30,18.946217702582565
8,31,21.64630653178195
8,32,22.30301429269238
8,33,22.25685675872693
8,34,24.45604918184974
8,35,22.4689274571211
8,36,19.41634340696511
8,37,15.827960668025405
8,38,15.402980557830725
8,39,12.191634356003913
8,40,13.133789486755548
8,41,12.089444385872559
8,42,14.784671875113817
8,43,16.51265331604681
8,44,18.423434329963335
8,45,21.579902417914937
8,46,20.344109460488976
8,47,18.119727372580186
8,48,16.512724216994087
8,49,15.583548507751676
8,50,15.70208648185738
8,51,14.579510378695266
8,52,16.526471872070115
8,53,16.055831324574008
8,54,19.371642725678452
8,55,20.914669343678526
8,56,17.93806021882312
8,57,17.737042642858203
8,58,18.511836728535762
8,59,16.666608089871456
8,60,13.367243748674015
8,61,12.102070407359879
8,62,9.636460435565098
8,63,10.091762222516627
8,64,9.815337859263094
8,65,11.67551006452304
8,66,13.43583467399699
8,67,14.266185746435074
8,68,17.392107541444222
8,69,17.90926720351971
8,70,20.015369656874274
8,71,23.78534953479381
8,72,25.71594339358663
8,73,28.667582122521715
8,74,27.213991691288978
8,75,25.942995238555696
8,76,28.613547814018055
8,77,29.647359244441844
8,78,29.37733877877103
8,79,25.79954779197062
8,80,9.462113628563184
8,81,11.304269357990519
8,82,12.242013985248056
8,83,15.90597192836029
8,84,18.193695254138078
8,85,21.59770545237823
8,86,21.127350670977453
8,87,20.206973804909442
8,88,17.04961408132943
8,89,15.689322182218735
8,90,12.328350407035138
8,91,11.196690602801771
8,92,8.861487070081633
8,93,10.786196990509312
8,94,10.797945911532613
8,95,14.072056788380552
8,96,15.139960296095271
8,97,18.363123208809323
8,98,23.826494443210397
8,99,20.81753731260263
8,100,17.528754976457545
8,101,15.532645785309263
8,102,12.192899817227174
8,103,12.339717117564463
8,104,8.826011908286276
8,105,10.477125114044162
8,106,11.391112835676203
8,107,8.912837047614389
8,108,11.26219157221071
8,109,10.560451359268518
8,110,13.617461669211863
8,111,14.790907533016481
8,112,17.9454707828235
8,113,20.37657610614465
8,114,21.54591712563364
8,115,24.017391409026136
8,116,22.79161122762034
9,1,22.02492065594877
9,2,21.489068608198444
9,3,17.857693175317003
9,4,15.304648490162766
9,5,11.617376152361874
9,6,10.314135035137047
9,7,6.680128949431469
9,8,3.8061004745088765
9,10,3.793338060307214
9,11,5.971320252069076
9,12,9.294980248212038
9,13,9.829995771068221
9,14,12.593106813817554
9,15,14.2853788419747
9,16,17.440859334503244
9,17,18.235001033404586
9,18,19.369724595790743
9,19,16.342281600392432
9,20,14.234819184388535
9,21,10.709522229698937
9,22,8.507975675280155
9,23,5.656618293066029
9,24,5.006443249694526
9,25,6.672154788539366
9,26,8.487646023792115
9,27,11.863611220604051
9,28,15.307050845471391
9,29,18.677517758841407
9,30,21.855565418576028
9,31,24.529384123042977
9,32,25.066786010867528
9,33,25.227657419232045
9,34,27.34341964082823
9,35,25.360849510196626
9,36,22.135513579855626
9,37,18.703250224292965
9,38,18.05304835259946
9,39,14.682282590969523
9,40,15.286291668626795
9,41,13.606212508869486
9,42,16.220872773333483
9,43,17.384635989950556
9,44,19.703149596948176
9,45,22.728041920274546
9,46,21.312662186380063
9,47,19.32086395894337
9,48,17.10225714354776
9,49,16.475925295215234
9,50,17.273434254312537
9,51,16.099078494077215
9,52,18.444434949864714
9,53,18.11761707395571
9,54,21.566357802484713
9,55,23.11355802553872
9,56,20.376642390047255
9,57,19.814803664390663
9,58,20.78650979794638
9,59,18.772263408478217
9,60,15.188598722565372
9,61,13.575534935778181
9,62,10.516591136087216
9,63,10.51257977541838
9,64,9.201256575723647
9,65,11.094795501487077
9,66,12.35667635575232
9,67,13.83671533426836
9,68,16.698108920182555
9,69,17.14685103093291
9,70,19.75239193911643
9,71,23.383072668480395
9,72,25.170671986512907
9,73,28.353818178871986
9,74,27.37981678614574
9,75,25.992588126823645
9,76,28.665505197897282
9,77,29.24956905157557
9,78,29.09625667764761
9,79,25.728615971089994
9,80,11.896488676494332
9,81,14.384870056334899
9,82,15.527926831719762
9,83,19.23365100667738
9,84,21.519797255350674
9,85,24.77489255925757
9,86,24.299199496915776
9,87,23.677642704687134
9,88,20.539883417129673
9,89,19.410954701881902
9,90,16.043262812833813
9,91,14.579526129026725
9,92,11.853576744596543
9,93,12.891505683431387
9,94,11.804061070522135
9,95,14.385659514432358
9,96,14.663150471170958
9,97,17.365897882251666
9,98,21.927554992837624
9,99,18.657376661827787
9,100,15.758053995774707
9,101,13.689852410822013
9,102,10.947198410805719
9,103,11.514438869908572
9,104,7.984052869628168
9,105,9.964522343033577
9,106,12.009041360401278
9,107,10.563657062429817
9,108,13.64408215178188
9,109,13.725835137162889
9,110,17.01263444715866
9,111,18.48120262714654
9,112,21.68656742406157
9,113,24.17837117495938
9,114,25.313089755390948
9,115,27.731142420724428
9,116,26.361162769210896
10,1,24.780739408754233
10,2,24.36175219019234
10,3,20.636491247129666
10,4,18.221859080675486
10,5,14.452510606193263
10,6,13.743255040433061
10,7,10.050500730363934
10,8,6.5483525885977985
10,9,3.793338060307214
10,11,3.791354339357863
10,12,6.041868181786641
10,13,6.470602079700183
10,14,9.148657507618159
10,15,10.573443470390009
10,16,13.660991578389114
10,17,14.495598936449323
10,18,15.73023305098685
10,19,12.795936409048029
10,20,11.071692744245485
10,21,7.668968046582009
10,22,6.20345021944686
10,23,4.826407822918999
10,24,6.63066726520226
10,25,9.071418186179946
10,26,11.744140298950535
10,27,14.994554258628355
10,28,18.61554849489154
10,29,21.777686732301362
10,30,25.115922015726767
10,31,27.59111593148762
10,32,27.825847712886784
10,33,27.637095481690277
10,34,29.392935559527768
10,35,27.04633744464692
10,36,23.594112431727858
10,37,20.196506946709814
10,38,18.85506848971076
10,39,15.203816970539455
10,40,14.938039335691208
10,41,12.462417057618913
10,42,14.628172957635513
10,43,15.145631015348899
10,44,17.748226990265078
10,45,20.57869460992114
10,46,19.141068687393176
10,47,17.575418288536326
10,48,15.070737340652977
10,49,15.136232247473624
10,50,16.736619737235582
10,51,16.183502672593274
10,52,19.11711059774782
10,53,19.501673983947608
10,54,23.17156457835146
10,55,25.048144134795486
10,56,22.65317126848981
10,57,22.46117967082678
10,58,23.834517620886274
10,59,22.12918834572452
10,60,18.63162120550016
10,61,16.628287784320392
10,62,13.244024778035122
10,63,12.257701740364686
10,64,9.862906078485134
10,65,10.53637002129444
10,66,10.586480912688147
10,67,11.738677294407527
10,68,14.0220167138704
10,69,14.016387760584847
10,70,16.738145285983364
10,71,20.23038321008359
10,72,21.826563404878257
10,73,25.139177914875894
10,74,24.43815205745694
10,75,22.94586908740545
10,76,25.60180623286152
10,77,25.943815229914907
10,78,25.938703161553494
10,79,22.713278286260767
10,80,11.654910096590141
10,81,14.856128123961918
10,82,16.634762507365213
10,83,20.401030247562908
10,84,23.063911853358537
10,85,26.041698669465067
10,86,25.136553616717677
10,87,24.815056985829436
10,88,21.569561665356158
10,89,21.01265581349854
10,90,17.591923033258546
10,91,15.423262690464028
10,92,12.434365474898108
10,93,12.443652419047321
10,94,10.580575268822463
10,95,12.487032387674219
10,96,11.912798996656925
10,97,14.336156812626337
10,98,18.1921085508642
10,99,14.966602989276181
10,100,12.138724591459162
10,101,10.426432521042885
10,102,8.069846929452044
10,103,9.662406352495452
10,104,6.945046612059141
10,105,10.000335472420376
10,106,12.054162233577864
10,107,11.029193234469725
10,108,14.181329842090367
10,109,15.039344376245543
10,110,18.225502462265553
10,111,20.19929188984652
10,112,23.299131200638392
10,113,26.11973769506452
10,114,27.167477490835903
10,115,29.763901546036116
10,116,28.5324361664675
11,1,27.48198441110515
11,2,26.65912721545164
11,3,22.911552371024797
11,4,20.78570262162738
11,5,17.124565649540944
11,6,16.086261531430342
11,7,12.588745650949866
11,8,9.398546640164032
11,9,5.971320252069076
11,10,3.791354339357863
11,12,3.839562134018211
11,13,6.135280562506556
11,14,8.906552803362281
11,15,9.676926852187286
11,16,12.911966655916391
11,17,14.571691075975156
11,18,15.186822210877695
11,19,11.747265528066809
11,20,10.340525615490321
11,21,7.806424874566888
11,22,5.280538877203289
11,23,5.696538866286687
11,24,7.2033646528638515
11,25,10.657939462277573
11,26,13.219598882034209
11,27,16.79569607181139
11,28,20.32671267486598
11,29,23.455961766852713
11,30,26.847561832897078
11,31,29.164084229346262
11,32,29.1857751048799
11,33,29.219017070787093
11,34,30.87603784220416
11,35,28.639467267347364
11,36,25.110260224230657
11,37,21.988884496176105
11,38,20.70876169737869
11,39,17.225435730380696
11,40,17.141691673404303
11,41,14.74279840012138
11,42,17.0882825520585
11,43,17.515088518216682
11,44,20.49374254557314
11,45,22.855231271382596
11,46,21.01892195754183
11,47,19.388908512753815
11,48,16.36025133380219
11,49,16.247024100897704
11,50,18.084977413735654
11,51,17.16709885125662
11,52,20.131314020576788
11,53,20.44321526874912
11,54,24.069281012191034
11,55,25.851237899854983
11,56,23.748227319078953
11,57,23.221419756409695
11,58,24.825112813306298
11,59,23.138301436260207
11,60,19.574119010184297
11,61,17.22080696373147
11,62,13.59018596684742
11,63,12.23261928429963
11,64,9.272249868887076
11,65,9.962303839153007
11,66,9.735712213040054
11,67,11.872323536660936
11,68,13.953568586475088
11,69,14.399578453858052
11,70,17.66542827701917
11,71,20.875529039935945
11,72,22.577955098920864
11,73,25.88238205252427
11,74,25.69489504536072
11,75,24.425601029370107
11,76,27.21087325729143
11,77,27.246004084776303
11,78,27.58148242218935
11,79,24.610052855212448
11,80,14.728322671640917
11,81,17.86761098934309
11,82,19.29501714146693
11,83,22.95421418500555
11,84,25.360236139275234
11,85,28.181243612538978
11,86,27.521498339934777
11,87,27.5523821030349
11,88,24.522838270107
11,89,24.084364211658112
11,90,20.843727142622452
11,91,18.87046588727392
11,92,16.088815463879335
11,93,16.12851594022375
11,94,14.142515703139187
11,95,15.633759426154331
11,96,14.39505503010283
11,97,16.199116897361662
11,98,18.24015600784277
11,99,14.957806460449433
11,100,12.903320194036304
11,101,11.685163279831288
11,102,10.423950914640717
11,103,12.43008359793721
11,104,10.090467935217829
11,105,12.864930787042267
11,106,15.422840847227237
11,107,14.735470217056722
11,108,17.96357290500522
11,109,18.735730692838203
11,110,21.891031406328487
11,111,23.66971680407586
11,112,26.67979049680681
11,113,29.33696017657735
11,114,30.15202389546883
11,115,32.515442167317715
11,116,30.967774555173648
12,1,30.595033118532694
12,2,29.937926486648205
12,3,26.15478257504223
12,4,24.02060481077232
12,5,20.295635848027125
12,6,19.532612803852462
12,7,15.911257592769974
12,8,12.486975004532226
12,9,9.294980248212038
12,10,6.041868181786641
12,11,3.839562134018211
12,13,3.803816396481557
12,14,5.902670248588461
12,15,5.970230621935258
12,16,9.279400554936252
12,17,11.41203484619491
12,18,12.125084154678925
12,19,8.81575483398728
12,20,8.545007908488474
12,21,7.034519401190443
12,22,6.1064384009110215
12,23,8.174944336249505
12,24,10.648494677748083
12,25,14.004306479381613
12,26,16.853689575227385
12,27,20.31283356368003
12,28,23.93031161436115
12,29,26.974008804391158
12,30,30.428650461362835
12,31,32.67019128784693
12,32,32.54779732581209
12,33,32.3377747752775
12,34,33.754346572224335
12,35,31.267338213186584
12,36,27.626857276996148
12,37,24.548716597321523
12,38,22.79571952471783
12,39,19.20348193880921
12,40,18.42340090349542
12,41,15.48217457943129
12,42,17.181283132006328
12,43,16.837646396423455
12,44,19.90287318857103
12,45,21.998995842000813
12,46,20.261584500078794
12,47,19.21792636943463
12,48,16.0544174231239
12,49,16.710534364249707
12,50,19.212833458450998
12,51,18.893977260242792
12,52,22.211813354591783
12,53,23.048863240624456
12,54,26.763255955178916
12,55,28.757952926517937
12,56,26.88003725384238
12,57,26.613405167636216
12,58,28.405753259733004
12,59,26.866312034387033
12,60,23.347419938118072
12,61,20.891036808849908
12,62,17.198945042154538
12,63,15.435680199078543
12,64,12.08065259003223
12,65,11.719560523283281
12,66,10.189847844721385
12,67,11.795559177403582
12,68,12.842249209331877
12,69,12.619492808973414
12,70,15.92704221273401
12,71,18.753218569980508
12,72,20.07551438363913
12,73,23.516952294918916
12,74,23.746860335668256
12,75,22.325545333843433
12,76,24.963453533789796
12,77,24.594522624942513
12,78,25.06299033253342
12,79,22.39961342720216
12,80,16.12031461145639
12,81,19.62164552530697
12,82,21.51221846715535
12,83,25.152928398655888
12,84,27.830081389812566
12,85,30.438649480476986
12,86,29.42306698994198
12,87,29.621848293279594
12,88,26.51344682023502
12,89,26.44274613356627
12,90,23.158764304104167
12,91,20.72027721172718
12,92,17.781495858767084
12,93,17.033861773625947
12,94,14.495829877562873
12,95,15.109350133846927
12,96,13.013799009756005
12,97,14.0852594691863
12,98,14.744056636536076
12,99,11.488027202861934
12,100,9.990566017359237
12,101,9.415460930029573
12,102,9.3348825109646
12,103,12.039450345184662
12,104,10.829436154267237
12,105,13.892349589974142
12,106,16.367790397196043
12,107,16.165342564631544
12,108,19.35311897017588
12,109,20.709167000059864
12,110,23.788754107307906
12,111,25.954453780741215
12,112,28.91300339154559
12,113,31.818191550039447
12,114,32.644949887466964
12,115,35.17176740303742
12,116,33.789998537909966
13,1,30.93205192957413
13,2,30.728660686341623
13,3,27.021590332589305
13,4,24.48735027252096
13,5,20.697586562169906
13,6,19.87634185665275
13,7,16.091215576769553
13,8,12.799130780313204
13,9,9.829995771068221
13,10,6.470602079700183
13,11,6.135280562506556
13,12,3.803816396481557
13,14,2.895746518127704
13,15,5.300171106780618
13,16,8.98216366364392
13,17,10.903935373544577
13,18,12.76497889618931
13,19,10.273029105200104
13,20,10.662722226244878
13,21,8.889621181179866
13,22,8.973787923147542
13,23,10.174805144785106
13,24,12.630806332609106
13,25,15.482760722632317
13,26,18.13172200675873
13,27,21.450062160593088
13,28,25.034049032968927
13,29,28.243628758213877
13,30,31.551842887990965
13,31,34.059937560896394
13,32,34.24700297109292
13,33,33.97422709553903
13,34,35.55091451322188
13,35,33.01056063156099
13,36,29.440591874786396
13,37,26.123772026446513
13,38,24.312295224886178
13,39,20.561990936596438
13,40,19.45066797564684
13,41,16.212585683791946
13,42,17.3047082969652
13,43,16.394324002807732
13,44,18.95436417276817
13,45,21.559194840696424
13,46,20.460835931210337
13,47,19.932817399104547
13,48,17.22319700973951
13,49,18.425043044890415
13,50,20.96438049551502
13,51,21.049521352404668
13,52,24.395765519309574
13,53,25.273380147988473
13,54,29.023404288188257
13,55,31.04757526525285
13,56,28.889502876643547
13,57,28.717161613910818
13,58,30.202112989250317
13,59,28.433286092368036
13,60,24.84962977219394
13,61,22.809384038996686
13,62,19.296313655774934
13,63,17.969382736761805
13,64,14.923407318626012
13,65,14.699017515002216
13,66,13.19417587223909
13,67,14.042847565356418
13,68,14.779341848987437
13,69,13.630159436617461
13,70,16.359764338910633
13,71,19.140858043066608
13,72,19.841734283712373
13,73,23.508800732014073
13,74,23.569210665004462
13,75,21.584502088595137
13,76,23.778669395842126
13,77,23.189338152937523
13,78,23.13741366492826
13,79,20.53339931668233
13,80,16.24509507248096
13,81,19.895448500240615
13,82,22.252930664065612
13,83,25.986140107850083
13,84,28.927809624584633
13,85,31.690433049901603
13,86,30.38824069355452
13,87,30.20656406426141
13,88,26.835094067993612
13,89,26.60635826895978
13,90,23.082926427441524
13,91,20.342876112696636
13,92,17.0046319522204
13,93,15.673316841748141
13,94,12.56841421884021
13,95,12.527099174582771
13,96,10.42891163230301
13,97,11.105696649609127
13,98,13.192355230065509
13,99,9.557218263939472
13,100,7.775559558562289
13,101,6.136596779952078
13,102,6.503427565390721
13,103,8.879260452267403
13,104,8.419061310972651
13,105,11.289507671880456
13,106,13.789075888090872
13,107,14.302182786147632
13,108,17.614676138656332
13,109,19.564774578546217
13,110,22.79485395819624
13,111,25.370620779056804
13,112,28.521422294652858
13,113,31.648444687230736
13,114,32.86553170023091
13,115,35.676486006083195
13,116,34.6574611687965
14,1,33.20066694098218
14,2,33.1563672639416
14,3,29.460223674982444
14,4,26.89735684438199
14,5,23.109994823541836
14,6,22.450982053485724
14,7,18.655386413124166
14,8,15.342085524213735
14,9,12.593106813817554
14,10,9.148657507618159
14,11,8.906552803362281
14,12,5.902670248588461
14,13,2.895746518127704
14,15,3.8158834749361232
14,16,7.212470336242937
14,17,9.311384255354488
14,18,11.648070064992034
14,19,9.850579785580196
14,20,11.177535785467848
14,21,10.131931547797677
14,22,11.03536570784358
14,23,12.631838582305363
14,24,15.362676610995198
14,25,18.129947788227067
14,26,20.881445817830084
14,27,24.106861456114387
14,28,27.717100553328784
14,29,30.882997105215296
14,30,34.200393567785646
14,31,36.692344424917785
14,32,36.83867804960994
14,33,36.41477921377515
14,34,37.87265410282353
14,35,35.18976924186294
14,36,31.588598503492726
14,37,28.283532737980217
14,38,26.224813680626283
14,39,22.450743900558447
14,40,20.936580977657226
14,41,17.45520227909598
14,42,17.9924520211027
14,43,16.47883341982209
14,44,18.866995556131336
14,45,21.328835099408572
14,46,20.49331360020657
14,47,20.48569123308936
14,48,17.898627977675154
14,49,19.612653591610133
14,50,22.452354471408718
14,51,22.91940107674388
14,52,26.40890360819718
14,53,27.56031985947234
14,54,31.34281052116152
14,55,33.48109166725127
14,56,31.40956495157982
14,57,31.395837706176785
14,58,32.94320334246156
14,59,31.234769012165152
14,60,27.676148539656534
14,61,25.62291723287759
14,62,22.095690795348222
14,63,20.62294294839508
14,64,17.4554614636582
14,65,16.831971658512842
14,66,14.839006212258882
14,67,15.242483080877648
14,68,15.29085436278967
14,69,13.52795204170341
14,70,15.942901230806292
14,71,18.320563824136205
14,72,18.51319504323553
14,73,22.270176995358778
14,74,22.581255612703167
14,75,20.3561330186543
14,76,22.257340000202657
14,77,21.288583535167298
14,78,21.17738474523015
14,79,18.884433320516987
14,80,17.75901209441578
14,81,21.51870778964747
14,82,24.153833019737377
14,83,27.83512547265177
14,84,30.94133747633321
14,85,33.583234250020865
14,86,32.03584975250278
14,87,31.892031124038578
14,88,28.47198052639753
14,89,28.44182030889704
14,90,24.914471389675807
14,91,21.91718257160144
14,92,18.538126137405513
14,93,16.67996472479661
14,94,13.290175258627292
14,95,12.415218581754804
14,96,9.714924411406225
14,97,9.432296568315254
14,98,10.650160133537677
14,99,6.898877240435659
14,100,5.739504659220698
14,101,4.530421066930565
14,102,6.585811583481283
14,103,9.128447155857899
14,104,9.825797795091555
14,105,12.542903386271615
14,106,14.75950844205935
14,107,15.666636494090106
14,108,18.79932153639119
14,109,21.137026481191818
14,110,24.252330247008764
14,111,27.07640110643166
14,112,30.175073509903783
14,113,33.453235959164374
14,114,34.72460669594059
14,115,37.65862605812997
14,116,36.80211014161097
15,1,34.567380288747025
15,2,34.27955838868034
15,3,30.503788017947087
15,4,28.30828176159931
15,5,24.555481980729986
15,6,24.249870622056097
15,7,20.53533678918287
15,8,16.942685740515888
15,9,14.2853788419747
15,10,10.573443470390009
15,11,9.676926852187286
15,12,5.970230621935258
15,13,5.300171106780618
15,14,3.8158834749361232
15,16,3.786794737816308
15,17,6.587759052742547
15,18,8.180079191749867
15,19,6.341173105843876
15,20,8.470768368417936
15,21,8.676091778581036
15,22,10.18438830403085
15,23,12.764681869611389
15,24,15.934560687958
15,25,18.905524591273238
15,26,22.0404395588423
15,27,25.234934002565215
15,28,28.952137183404382
15,29,31.872151671521998
15,30,35.37203792027168
15,31,37.55600521863903
15,32,37.31950233534461
15,33,36.697087021112274
15,34,37.811440021273555
15,35,34.964488553595785
15,36,31.258606493118197
15,37,28.195106912393793
15,38,25.837250973531987
15,39,22.17931995762686
15,40,20.428738148557695
15,41,16.907558758155485
15,42,17.37695150170439
15,43,15.77188343170165
15,44,18.593336818022816
15,45,20.29936425906652
15,46,19.031052899876805
15,47,19.100201248627823
15,48,16.20714053391499
15,49,18.08761803844773
15,50,21.28369801965997
15,51,21.934209781726036
15,52,25.58216426436141
15,53,27.10154081320593
15,54,30.886079188688935
15,55,33.17318671138064
15,56,31.490547720230254
15,57,31.68163663939661
15,58,33.6226088983658
