1,2,3.854125589964383
1,3,6.862712041218711
1,4,9.4568475710775
1,5,12.983879796499489
1,6,16.11037685244615
1,7,19.923462794970142
1,8,23.331599936903142
1,9,12.502065677772544
1,10,12.910849670823163
1,11,14.49020364099362
1,12,18.081009483489847
1,13,20.60818548607583
1,14,23.62134897761644
1,15,26.32322061370559
1,16,28.591278707868295
1,17,32.20326166744471
1,18,34.33565637524548
1,19,37.527485368147104
1,20,37.14526987368749
1,21,36.440738022466604
1,22,39.828508077284646
1,23,38.555001712736214
1,24,40.56790047217299
1,25,40.54089346750128
1,26,37.193756790499336
1,27,38.358680998984454
1,28,34.99647312851139
1,29,32.42335068773097
1,30,34.09874840598974
1,31,30.865623759598318
1,32,27.20345243964256
1,33,23.730190172095032
1,34,22.551003326558302
1,35,20.11731427079406
1,36,18.8929825676743
1,37,16.3858253619967
1,38,17.267865786166727
1,39,16.175559339833885
1,40,15.567473704703566
1,41,13.770540234715627
1,42,15.311407812293671
1,43,17.69156707244574
1,44,20.984285978443737
1,45,23.784031955227935
1,46,27.08187544712784
1,47,28.737198405933754
1,48,26.467660617422958
1,49,27.75140997659864
1,50,31.0265673760037
1,51,29.211821483333086
1,52,26.93362567613324
1,53,30.10613589492974
1,54,32.457855519034084
1,55,30.162832225575684
1,56,30.12941944341935
1,57,33.97635834842381
1,58,34.348908802540926
1,59,32.21921126146515
1,60,29.99660437059335
1,61,28.03419250066339
1,62,27.376507213882626
1,63,24.14638127582603
1,64,24.28935227184854
1,65,20.62455140787166
1,66,17.038132563208446
1,67,17.13296269385747
1,68,14.972521018993632
1,69,15.532875734762836
1,70,14.70130077846839
1,71,12.269137988737413
1,72,13.706032978662984
1,73,17.307415812682684
1,74,19.995505724082637
1,75,23.78834589517101
1,76,26.5013495348526
1,77,29.973234793863803
1,78,32.45998046536845
1,79,36.20648302832708
1,80,38.25437465486156
1,81,41.723118386863135
1,82,42.068669941902435
1,83,44.826266816967944
1,84,47.456855176305794
1,85,47.79313248993984
1,86,45.55130216453495
1,87,42.42426901645501
1,88,39.35310383584058
1,89,36.251896258358904
1,90,33.67068204674241
1,91,29.97550519779812
1,92,28.581877612866446
1,93,25.295645234672676
1,94,22.258189431755905
1,95,23.694394152669172
1,96,20.727085925794324
1,97,17.452659036223142
1,98,14.808755272987327
1,99,11.578529162101004
1,100,11.433312709111027
1,101,9.985829650972091
1,102,11.80766507931187
1,103,14.121803057243463
2,1,3.854125589964383
2,3,3.778190898985716
2,4,6.315071999854536
2,5,9.44202661748339
2,6,12.835644873183933
2,7,16.542614091343452
2,8,20.115664703209614
2,9,11.050874892919449
2,10,10.397551231476719
2,11,11.390253498118723
2,12,14.846943147597909
2,13,17.096438293265376
2,14,20.235305089666912
2,15,22.827380076588494
2,16,25.281612477317637
2,17,28.805374157478443
2,18,31.105911796577512
2,19,34.16961763974169
2,20,33.77772688914183
2,21,33.293980721371526
2,22,36.690267445358664
2,23,35.513190616711796
2,24,37.408083229850476
2,25,37.578702570655466
2,26,34.16114244439149
2,27,35.17079834167483
2,28,31.762395286961265
2,29,29.10482544650986
2,30,30.68133389307093
2,31,27.360381355350572
2,32,23.73646903269732
2,33,20.200843020089334
2,34,19.3219947644675
2,35,16.884007404896128
2,36,16.10781192650046
2,37,14.053129138805833
2,38,15.250103679017132
2,39,14.709616430485033
2,40,14.99478664163531
2,41,14.005177467311523
2,42,16.350682551941606
2,43,18.836896115198627
2,44,21.881851463942965
2,45,25.06413950954359
2,46,28.086347879203107
2,47,29.96766377737644
2,48,27.481359147239285
2,49,28.281143885274542
2,50,31.536542428564616
2,51,29.83521961798717
2,52,27.157147219493833
2,53,30.054368036184268
2,54,32.55408183771555
2,55,30.178806819492834
2,56,29.673067960244417
2,57,33.52674733550076
2,58,34.079423942924436
2,59,31.659851114977535
2,60,29.120402438048398
2,61,27.150393936563525
2,62,27.021998348580777
2,63,24.11434275740567
2,64,24.802983288728928
2,65,21.321927972194864
2,66,17.56899657744011
2,67,16.855304882600308
2,68,14.013967910068033
2,69,14.210599710219288
2,70,12.946733570339365
2,71,11.070512765411499
2,72,11.854903492011758
2,73,15.07762951968384
2,74,17.535253053643228
2,75,21.342283018741625
2,76,23.719178415639842
2,77,27.238363771082966
2,78,29.59453790348552
2,79,33.28962222054237
2,80,35.406088677172605
2,81,38.95064960443465
2,82,39.55467668658486
2,83,42.41983350768727
2,84,45.04547632011064
2,85,45.144212042998426
2,86,42.93284672207923
2,87,39.691305875799834
2,88,36.76941148936752
2,89,33.63070977483291
2,90,31.251601458477502
2,91,27.65286476692058
2,92,26.261224235338556
2,93,23.237459051980345
2,94,20.108909358833795
2,95,21.06033110684941
2,96,17.804706711677387
2,97,14.609597047270157
2,98,11.788810897592482
2,99,8.80090765717864
2,100,9.285524018793675
2,101,9.133485049447819
2,102,11.914126845953328
2,103,14.676865981482361
3,1,6.862712041218711
3,2,3.778190898985716
3,4,3.8153459559025866
3,5,6.813405278765325
3,6,10.17772880213326
3,7,13.855184208039034
3,8,17.443271733421035
3,9,8.207548497656495
3,10,7.069977858906603
3,11,7.751174948454923
3,12,11.372648803129293
3,13,13.787897597107296
3,14,16.759542174373642
3,15,19.517579605561387
3,16,21.86403075955285
3,17,25.472268251303515
3,18,27.746421101912915
3,19,30.867686176774114
3,20,30.346209022931955
3,21,29.737309125542073
3,22,33.185653735973375
3,23,32.10588674616534
3,24,34.16002300527696
3,25,34.41163345673387
3,26,31.096470999835677
3,27,32.30465078020915
3,28,29.03695761338166
3,29,26.35244931120575
3,30,27.69402055370641
3,31,24.342411990153245
3,32,20.782634050644866
3,33,17.18183289727786
3,34,15.992877112228376
3,35,13.339094798942728
3,36,12.349299650996663
3,37,10.318011683502363
3,38,11.766071412293037
3,39,11.778141952936817
3,40,12.753885203001772
3,41,12.241985956672794
3,42,15.255326882705939
3,43,18.027540728724055
3,44,20.616500291462025
3,45,24.070888224844182
3,46,26.853124472910814
3,47,28.715560867382163
3,48,25.94308312400077
3,49,26.396369203357597
3,50,29.4932628068849
3,51,27.775208175580595
3,52,24.832532134338255
3,53,27.54027250256382
3,54,30.028987462962384
3,55,27.546257618201576
3,56,26.752204530578084
3,57,30.58760959842786
3,58,31.188672565704653
3,59,28.58289144326885
3,60,25.896488585941157
3,61,23.90808622904861
3,62,24.107547513338332
3,63,21.469708629786997
3,64,22.59205207300201
3,65,19.35629956651643
3,66,15.567230282864083
3,67,14.19785823499982
3,68,10.975219424961693
3,69,10.958666818258054
3,70,9.752354106799348
3,71,8.718492321296571
3,72,9.669406269639035
3,73,12.541162818867168
3,74,15.266231563954879
3,75,18.997848438967196
3,76,21.28402025789799
3,77,24.961963528330127
3,78,27.004296974472098
3,79,30.690262207272305
3,80,32.57194053624839
3,81,36.047811913062745
3,82,36.661964146309494
3,83,39.42349573814146
3,84,42.195875272623866
3,85,42.283352048344895
3,86,40.26588734113313
3,87,37.079559724593075
3,88,34.28580822008723
3,89,31.325409864091057
3,90,28.889409834031298
3,91,25.40989732043898
3,92,23.658990421053574
3,93,20.73258124500187
3,94,17.349203912270074
3,95,18.030537800395074
3,96,14.796964898496924
3,97,11.357904778257254
3,98,9.071327978827307
3,99,5.71492144204505
3,100,5.768342288709091
3,101,6.54305333958755
3,102,9.858322752086575
3,103,12.860264541786004
4,1,9.4568475710775
4,2,6.315071999854536
4,3,3.8153459559025866
4,5,3.8776464253959317
4,6,6.701409234366142
4,7,10.523193839224323
4,8,13.969714689186302
4,9,7.007595266107892
4,10,4.827672312097012
4,11,6.122955214470926
4,12,9.075853538041802
4,13,11.805484973044122
4,14,15.147750276911273
4,15,18.187440495879226
4,16,20.933030462647313
4,17,24.42847583048426
4,18,27.078358294243458
4,19,29.962916251206426
4,20,29.041321360061552
4,21,28.706718359329752
4,22,32.311513231596464
4,23,31.655947933372598
4,24,33.75617544389289
4,25,34.43045800307033
4,26,31.173192370409886
4,27,32.31213006730374
4,28,29.119903110235924
4,29,26.2959293899299
4,30,27.170135048346413
4,31,23.584659241549733
4,32,20.289759170595868
4,33,16.491416089473628
4,34,15.664166808436299
4,35,12.471398549068674
4,36,11.576989225936629
4,37,9.605068652733404
4,38,10.218818467951554
4,39,9.996565698153528
4,40,11.48069614780038
4,41,12.08898083099989
4,42,15.27883069706608
4,43,17.543568930498314
4,44,19.98857140197042
4,45,23.607657164933435
4,46,26.02392936556149
4,47,28.2913395450911
4,48,25.66514009789784
4,49,25.617439876891282
4,50,28.845372091761174
4,51,27.576670375390815
4,52,24.38233451781417
4,53,26.706578615909354
4,54,29.53182559153094
4,55,27.35468023920026
4,56,26.13296904118979
4,57,29.87588754066233
4,58,30.932712416863694
4,59,28.38211266593302
4,60,25.349889634924473
4,61,23.818638525050446
4,62,24.323397796261244
4,63,21.895429221788312
4,64,23.104506413115516
4,65,20.011595155532213
4,66,16.428317826303434
4,67,14.86170290500207
4,68,11.244342663997339
4,69,11.893670040656747
4,70,11.350255083217501
4,71,11.461873975987546
4,72,12.346233844492168
4,73,14.538525531480937
4,74,17.069090961448087
4,75,20.608452970971026
4,76,22.397682073292128
4,77,26.118251492775396
4,78,27.78046447924052
4,79,31.329953622954992
4,80,33.10323966543918
4,81,36.57071847869347
4,82,37.459813244840504
4,83,40.18818939084863
4,84,43.075272261533264
4,85,42.92327443218121
4,86,41.10749690336208
4,87,37.862422495647735
4,88,35.34721740433188
4,89,32.48259065035345
4,90,30.266908226745787
4,91,27.009102546922943
4,92,25.077863405992087
4,93,22.500329052946825
4,94,18.964710815407834
4,95,18.946934881339683
4,96,15.53699498128773
4,97,12.131282479947936
4,98,10.417777501866178
4,99,7.607317756858992
4,100,7.066752673071012
4,101,8.408020395922046
4,102,11.266963210067841
4,103,14.757446412738606
5,1,12.983879796499489
5,2,9.44202661748339
5,3,6.813405278765325
5,4,3.8776464253959317
5,6,3.8381075224185137
5,7,7.21198784488886
5,8,10.96306658849178
5,9,9.00195667244903
5,10,5.5024759069726485
5,11,4.76080554054983
5,12,6.428313513860162
5,13,8.49149025146941
5,14,12.109990539314065
5,15,14.981967490738448
5,16,18.05610066473165
5,17,21.342688342236375
5,18,24.25883581127779
5,19,26.896864823839447
5,20,25.9071981192772
5,21,25.922556646850378
5,22,29.520522149864558
5,23,29.056437137829253
5,24,30.985035121573173
5,25,31.958304482931556
5,26,28.670905500326544
5,27,29.589967440704328
5,28,26.408953852757076
5,29,23.504747482636127
5,30,24.131159465814193
5,31,20.429955374237785
5,32,17.325394509886884
5,33,13.487135911642874
5,34,13.262236174490766
5,35,10.081509348555054
5,36,10.143344682699757
5,37,9.366365807060468
5,38,10.271853159507465
5,39,11.012780145599846
5,40,13.458163139546183
5,41,14.818610031621093
5,42,18.26389159696245
5,43,20.41722727970303
5,44,22.49578015904499
5,45,26.23683002170275
5,46,28.313492875044087
5,47,30.697603267002602
5,48,27.981498865298267
5,49,27.487494517572227
5,50,30.56908669091538
5,51,29.457626247638938
5,52,26.008499401681338
5,53,27.935995381076435
5,54,30.81335720721445
5,55,28.63540595887487
5,56,26.94535311031035
5,57,30.55183793437959
5,58,31.780141330927417
5,59,28.99672426639097
5,60,25.710741643165125
5,61,24.258290860144843
5,62,25.34689204887803
5,63,23.396898282958894
5,64,25.074535081509822
5,65,22.32925223235513
5,66,18.876801366058576
5,67,16.713426566208142
5,68,12.87554407571568
5,69,13.007613820592361
5,70,12.116440060717734
5,71,13.019842725419855
5,72,13.066278951883724
5,73,14.316012634745098
5,74,16.261405623695
5,75,19.493764783720593
5,76,20.67264955771939
5,77,24.311159474566537
5,78,25.684732200698626
5,79,29.063315161871042
5,80,30.864667606222955
5,81,34.36469297253444
5,82,35.57904176897444
5,83,38.38978497338992
5,84,41.2414262047178
5,85,40.79267309354781
5,86,39.055270069467404
5,87,35.71690830385586
5,88,33.4542361685668
5,89,30.622590124083633
5,90,28.72756848915522
5,91,25.72260256001303
5,92,23.836904446090415
5,93,21.747731622338474
5,94,18.306869624780088
5,95,17.5335059246152
5,96,13.94532032224397
5,97,11.034306610622599
5,98,9.654906136951988
5,99,8.153121234645653
5,100,8.442049464576575
5,101,10.979801867280651
5,102,14.010769601988219
5,103,17.35541827456864
6,1,16.11037685244615
6,2,12.835644873183933
6,3,10.17772880213326
6,4,6.701409234366142
6,5,3.8381075224185137
6,7,3.8720358004160964
6,8,7.304217518831345
6,9,9.448792494362404
6,10,6.013490992335202
6,11,5.756400086152709
6,12,5.172000295263363
6,13,7.502487020083507
6,14,11.065150191044498
6,15,14.237089003684455
6,16,17.48766050365402
6,17,20.567841913435853
6,18,23.740232831077908
6,19,26.11472922642011
6,20,24.61566744663575
6,21,24.802779744376377
6,22,28.524508270642855
6,23,28.555268691748935
6,24,30.617839250216086
6,25,31.985242887684688
6,26,28.90984679686981
6,27,29.893418706105855
6,28,26.96599108019968
6,29,24.036536712621107
6,30,24.052404081038908
6,31,20.25403418410633
6,32,17.648847658416102
6,33,13.89202182652918
6,34,13.818246594920543
6,35,10.297068280952267
6,36,10.22883368779764
6,37,9.658584220692049
6,38,9.474023474440585
6,39,10.148775318687873
6,40,13.017498909106497
6,41,15.282898492064124
6,42,18.69604241126822
6,43,20.39451829408785
6,44,22.073111265246524
6,45,25.847889144947388
6,46,27.467104736959435
6,47,30.0964589622107
6,48,27.50399821951293
6,49,26.500333738985603
6,50,29.544940700808446
6,51,28.851056093887248
6,52,25.235368213482335
6,53,26.69490237796119
6,54,29.785989101910815
6,55,27.92382848385174
6,56,25.832974852921165
6,57,29.240386259256738
6,58,30.87260869035971
6,59,28.18846856995798
6,60,24.654788811244014
6,61,23.704464296470473
6,62,25.07586050706668
6,63,23.43929007568189
6,64,25.199378519775085
6,65,22.74974339720808
6,66,19.657553951473446
6,67,17.383339310115527
6,68,13.589283103885078
6,69,14.242643767277753
6,70,14.102994443904606
6,71,15.744410943256002
6,72,16.0535083322245
6,73,16.846838797990003
6,74,18.73276460670983
6,75,21.617304512235343
6,76,22.406245675740276
6,77,25.9965086041188
6,78,26.875788596695617
6,79,30.042574105129322
6,80,31.555873170207082
6,81,34.91649231628899
6,82,36.291442580263094
6,83,38.940276281678344
6,84,41.9362313338103
6,85,41.338186977242536
6,86,39.90105247392434
6,87,36.6242865936312
6,88,34.67301238672043
6,89,32.08366981290802
6,90,30.332597850348414
6,91,27.617982827368582
6,92,25.47038442765253
6,93,23.69885519376016
6,94,20.199824160311376
6,95,18.922133412364452
6,96,15.574263535004665
6,97,12.88840098656729
6,98,12.447305073772586
6,99,11.225263626507523
6,100,10.752046376648396
6,101,13.151187375665716
6,102,15.591197184396556
6,103,19.041837457707786
7,1,19.923462794970142
7,2,16.542614091343452
7,3,13.855184208039034
7,4,10.523193839224323
7,5,7.21198784488886
7,6,3.8720358004160964
7,8,3.8871938373981707
7,9,12.622222447075249
7,10,9.29725392957969
7,11,8.255896689059234
7,12,5.705562788487377
7,13,6.441730095732718
7,14,9.596367079449182
7,15,12.45192094117914
7,16,15.924026779827184
7,17,18.544925568537888
7,18,21.99720453196739
7,19,23.94979402384389
7,20,22.151834963581628
7,21,22.757766378269558
7,22,26.454976582261757
7,23,26.894174175767144
7,24,28.82985376551635
7,25,30.608767158406124
7,26,27.669803191939483
7,27,28.47844981910237
7,28,25.751633886080644
7,29,22.83306298425233
7,30,22.327433596178906
7,31,18.50830220686405
7,32,16.483582230010338
7,33,13.036898847100234
7,34,13.588934455515371
7,35,10.400057306325516
7,36,11.091276256362695
7,37,11.559854941079182
7,38,11.261937677640963
7,39,12.452087589903437
7,40,15.666658267244053
7,41,18.363366703802875
7,42,21.781042490515688
7,43,23.27808980296973
7,44,24.579814485679247
7,45,28.34159279575242
7,46,29.572803145941464
7,47,32.28985317887724
7,48,29.717946093865443
7,49,28.28604489615861
7,50,31.136046683384805
7,51,30.690461099271598
7,52,26.938480736892544
7,53,27.92350900297509
7,54,31.03922816929743
7,55,29.318492203521686
7,56,26.809615633326704
7,57,29.950560329294476
7,58,31.810428952046852
7,59,29.04642717987541
7,60,25.340128799543667
7,61,24.654829138606583
7,62,26.49933290730308
7,63,25.341480499123453
7,64,27.388634816432717
7,65,25.305571513536094
7,66,22.466890044675118
7,67,19.908285020588774
7,68,16.22526085530141
7,69,16.66151400015776
7,70,16.522931598145455
7,71,18.63424105885741
7,72,18.57597866866572
7,73,18.67888671568157
7,74,20.075523255057558
7,75,22.485236582398965
7,76,22.651456872495803
7,77,26.026007765254583
7,78,26.446101220965677
7,79,29.301525508025904
7,80,30.67583109828223
7,81,33.93804903536513
7,82,35.616344018220325
7,83,38.222579176969475
7,84,41.21156371356352
7,85,40.32519050056083
7,86,39.09514206679331
7,87,35.81953054445366
7,88,34.22909567298459
7,89,31.818096030556458
7,90,30.405652247280024
7,91,28.06265864530358
7,92,25.91084380152607
7,93,24.666724027368762
7,94,21.359524674634073
7,95,19.431673030309877
7,96,16.29195652320326
7,97,14.296538794197632
7,98,14.416201102013453
7,99,14.021243127101343
7,100,13.792726796310106
7,101,16.502645931433484
7,102,18.843660391406406
7,103,22.137898267433393
8,1,23.331599936903142
8,2,20.115664703209614
8,3,17.443271733421035
8,4,13.969714689186302
8,5,10.96306658849178
8,6,7.304217518831345
8,7,3.8871938373981707
8,9,14.951722768800611
8,10,12.131291742798718
8,11,11.517985600143053
8,12,8.437123305296081
8,13,8.822926289477662
8,14,10.947594972060024
8,15,13.578072925645701
8,16,16.870574006513138
8,17,19.01815275247822
8,18,22.57054482642454
8,19,24.11415785243198
8,20,21.79494856468631
8,21,22.622029343173992
8,22,26.30858202629837
8,23,27.293470378628246
8,24,29.292423588823116
8,25,31.444961935464473
8,26,28.803574411807258
8,27,29.635921386476124
8,28,27.246627200171652
8,29,24.421489409140587
8,30,23.32656811576996
8,31,19.627608507174116
8,32,18.266824036079424
8,33,15.242862565575555
8,34,15.878323436633012
8,35,12.86421759129707
8,36,13.371452764649433
8,37,13.93494331446684
8,38,12.899617150284158
8,39,13.882526190292198
8,40,17.051791315910723
8,41,20.22426748126189
8,42,23.436460245274727
8,43,24.49794706340164
8,44,25.39523323430297
8,45,29.04589222206696
8,46,29.800771017169158
8,47,32.67749622870145
8,48,30.293947724697606
8,49,28.409288211241417
8,50,31.125284936984148
8,51,31.105494593446927
8,52,27.310982084862925
8,53,27.77641238586964
8,54,31.009146669854907
8,55,29.653416066084002
8,56,26.812652064134827
8,57,29.629078630991362
8,58,31.857803429758647
8,59,29.264538692685157
8,60,25.43385403594657
8,61,25.2810320162751
8,62,27.34005504907573
8,63,26.520506428239045
8,64,28.57530809243761
8,65,26.815851860688976
8,66,24.36702672806194
8,67,21.841910949433334
8,68,18.41086489331453
8,69,19.173992091441477
8,70,19.51427963612072
8,71,21.948905640399552
8,72,22.073785276878063
8,73,21.960273317418668
8,74,23.304377862305287
8,75,25.41730230587403
8,76,25.2942216106349
8,77,28.522810767608725
8,78,28.512783535818883
8,79,31.09101521280057
8,80,32.165153482213455
8,81,35.21867965365009
8,82,37.02778311161214
8,83,39.43607611147798
8,84,42.51218791818782
8,85,41.483669632223794
8,86,40.561779388191994
8,87,37.39772941296441
8,88,36.13045966295678
8,89,33.98253209066181
8,90,32.729646568186425
8,91,30.67852724131609
8,92,28.37331544984897
8,93,27.407353539223585
8,94,24.154478771238548
8,95,21.943731174740297
8,96,19.147148499670497
8,97,17.395363007834394
8,98,17.98055665987884
8,99,17.62928506475557
8,100,17.030239915608774
8,101,19.527280012297222
8,102,21.43556522639748
8,103,24.69595024075352
9,1,12.502065677772544
9,2,11.050874892919449
9,3,8.207548497656495
9,4,7.007595266107892
9,5,9.00195667244903
9,6,9.448792494362404
9,7,12.622222447075249
9,8,14.951722768800611
9,10,3.775910486032982
9,11,7.180990492664636
9,12,9.643116711985986
9,13,13.379353426929264
9,14,15.676717977491094
9,15,19.292794530964038
9,16,21.293765418186503
9,17,24.985375283008374
9,18,27.224100141683618
9,19,30.35656947346001
9,20,28.979972454396947
9,21,27.919219922064293
9,22,31.62474358665585
9,23,31.194029334584112
9,24,33.932168642799034
9,25,34.50096894557792
9,26,31.736069633892942
9,27,33.611103517792046
9,28,30.927721853814322
9,29,28.27240539171465
9,30,28.670242167724698
9,31,25.279270959450336
9,32,22.308665426681902
9,33,18.734372284217834
9,34,16.69889538085575
9,35,13.124333721425957
9,36,10.305153842996152
9,37,6.704557415471765
9,38,5.345803317315699
9,39,3.7508833038094185
9,40,4.964733323356514
9,41,6.056456479461543
9,42,9.774999326058731
9,43,12.323282449677443
9,44,13.951217386230557
9,45,17.71808687626926
9,46,19.913210600869395
9,47,21.953576840468006
9,48,19.074161067545454
9,49,18.855501099932074
9,50,21.936915510355664
9,51,20.648260894981327
9,52,17.38495718802386
9,53,19.731535785837234
9,54,22.537376618208008
9,55,20.456152558625856
9,56,19.328286367386823
9,57,23.091100641936
9,58,24.206370279890063
9,59,21.92809049972407
9,60,18.988967651786982
9,61,17.80204685467858
9,62,17.948605881024804
9,63,15.429443926651485
9,64,16.504806357486686
9,65,13.617625872582083
9,66,10.40867172162776
9,67,8.885656605677001
9,68,5.540150499750501
9,69,8.093236110851372
9,70,9.951544048453412
9,71,11.204695233277668
9,72,13.726912786551793
9,73,15.74360706321726
9,74,19.06007471411555
9,75,22.231898290930115
9,76,24.351444191874663
9,77,28.187046895408663
9,78,29.33637345035555
9,79,32.85027577944909
9,80,33.896087108060875
9,81,36.97810078743299
9,82,37.405505642595855
9,83,39.60396293681563
9,84,42.85768904879657
9,85,43.11311238778629
9,86,41.75888166555135
9,87,38.89989338753554
9,88,36.47189600940155
9,89,34.13243330737378
9,90,31.483352448543386
9,91,28.39828697582079
9,92,25.703346043185498
9,93,22.94580361734911
9,94,19.143556869773622
9,95,19.419455881543218
9,96,16.923065837721495
9,97,13.185777390698716
9,98,13.28573319370586
9,99,10.03587807277247
9,100,6.7071421561933855
9,101,6.204148304311219
9,102,6.8426752513136675
9,103,10.469729032439277
10,1,12.910849670823163
10,2,10.397551231476719
10,3,7.069977858906603
10,4,4.827672312097012
10,5,5.5024759069726485
10,6,6.013490992335202
10,7,9.29725392957969
10,8,12.131291742798718
10,9,3.775910486032982
10,11,3.825199288854086
10,12,6.347859424181314
10,13,9.97627757448069
10,14,12.711381303270686
10,15,16.24225581766933
10,16,18.63109617816261
10,17,22.239209149044285
10,18,24.7573604558469
10,19,27.733314981268308
10,20,26.433988606899337
10,21,25.745544098215582
10,22,29.46407206306391
10,23,29.067418174894712
10,24,31.559568760906597
10,25,32.33064546649161
10,26,29.38886907214072
10,27,30.96751991920213
10,28,28.143186734685607
10,29,25.38023546059495
10,30,25.7626712623646
10,31,22.229345686225486
10,32,19.241044350422996
10,33,15.534703424606668
10,34,13.987472926833984
10,35,10.304576436354479
10,36,8.290481766275224
10,37,5.643226389968552
10,38,5.422777007096668
10,39,5.732787232427703
10,40,8.303470645236134
10,41,9.826974658577404
10,42,13.503106766164858
10,43,15.871092336899244
10,44,17.52922472911978
10,45,21.326287129161372
10,46,23.3471015395444
10,47,25.53265565224071
10,48,22.6588765335542
10,49,22.16143836225723
10,50,25.155950392496994
10,51,23.963782214094618
10,52,20.521141340546972
10,53,22.550506241131423
10,54,25.38251078969686
10,55,23.22261794143384
10,56,21.68065443797366
10,57,25.356811399651438
10,58,26.557237213930254
10,59,23.95558584241954
10,60,20.761390965407127
10,61,19.448548439117793
10,62,20.22323447636393
10,63,18.131203702810485
10,64,19.691563772610106
10,65,17.027621080648476
10,66,13.756702477135944
10,67,11.612308035216913
10,68,7.814195378856927
10,69,8.96949373794571
10,70,9.634667582215226
10,71,11.190518888932314
10,72,12.715170531164693
10,73,14.26467162447654
10,74,17.138212263496076
10,75,20.2958355770948
10,76,22.011732267851393
10,77,25.825372686778238
10,78,26.944460577351432
10,79,30.402651628293444
10,80,31.66100553644449
10,81,34.89099911366602
10,82,35.644786291666904
10,83,38.06192472841748
10,84,41.20937235584149
10,85,41.17145135623788
10,86,39.728684087940564
10,87,36.69272493946489
10,88,34.37512766716187
10,89,31.90114580444622
10,90,29.53207333545048
10,91,26.520677955385324
10,92,24.01570848076883
10,93,21.564466479790187
10,94,17.799131744510333
10,95,17.521530870497166
10,96,14.602314421153176
10,97,11.038273014616136
10,98,10.932611405298628
10,99,8.259310080415057
10,100,5.990986728769925
10,101,7.527552125208246
10,102,9.610503132899574
10,103,13.078870192368493
11,1,14.49020364099362
11,2,11.390253498118723
11,3,7.751174948454923
11,4,6.122955214470926
11,5,4.76080554054983
11,6,5.756400086152709
11,7,8.255896689059234
11,8,11.517985600143053
11,9,7.180990492664636
11,10,3.825199288854086
11,12,3.831367730151119
11,13,6.774567054103278
11,14,9.490458173677231
11,15,12.7794188591773
11,16,15.2038310114024
11,17,18.820758235110944
11,18,21.34525295712928
11,19,24.3293212780052
11,20,23.294236159191602
11,21,22.722641587006276
11,22,26.359801910996
11,23,25.797646899931856
11,24,28.1057579410255
11,25,28.872089471740782
11,26,25.81131144827918
11,27,27.253907180918382
11,28,24.363461827632385
11,29,21.583336556210593
11,30,22.05983930302176
11,31,18.535782869508584
11,32,15.45427235069383
11,33,11.742661154032138
11,34,10.297584465103052
11,35,6.707554467274285
11,36,5.5972850865667025
11,37,4.74450429843517
11,38,6.566749601549178
11,39,8.636763319263727
11,40,11.718499343003888
11,41,13.083090102837536
11,42,16.88026231735762
11,43,19.49279572687126
11,44,20.955919465216148
11,45,24.758866984433617
11,46,26.709283583474097
11,47,28.719004169086748
11,48,25.635125826884245
11,49,25.037358257620685
11,50,27.748936528330987
11,51,26.36390131769192
11,52,22.826639667296543
11,53,24.698299738179273
11,54,27.292931656713204
11,55,24.848572417719936
11,56,23.079095419484688
11,57,26.67148678447293
11,58,27.674130909244568
11,59,24.6883911035627
11,60,21.45660722737122
11,61,19.77837092134678
11,62,21.09533822659433
11,63,19.45607304695661
11,64,21.57344762343705
11,65,19.220980993406876
11,66,15.919219113720036
11,67,13.13880291878973
11,68,9.33479641738416
11,69,8.945542941143504
11,70,8.40194943448741
11,71,10.442191292449046
11,72,10.907302015329378
11,73,11.637293096786495
11,74,14.065521979321787
11,75,17.040656980003757
11,76,18.448691715355608
11,77,22.230259411912748
11,78,23.282541192505374
11,79,26.70674236254508
11,80,28.06801872820028
11,81,31.375959189026187
11,82,32.29274033284178
11,83,34.854812269329706
11,84,37.906313859147566
11,85,37.71589438336716
11,86,36.203252132833754
11,87,33.08580705700579
11,88,30.824797326995448
11,89,28.311410079319376
11,90,26.10011279013136
11,91,23.18973334976349
11,92,20.779474429075247
11,93,18.61673556712401
11,94,14.949238619841411
11,95,14.214380970621823
11,96,11.101077478643326
11,97,7.806370675627461
11,98,7.9957308692752465
11,99,6.471322624416799
11,100,5.633445560990438
11,101,8.781532082845843
11,102,11.59382861411781
11,103,14.52943722363511
12,1,18.081009483489847
12,2,14.846943147597909
12,3,11.372648803129293
12,4,9.075853538041802
12,5,6.428313513860162
12,6,5.172000295263363
12,7,5.705562788487377
12,8,8.437123305296081
12,9,9.643116711985986
12,10,6.347859424181314
12,11,3.831367730151119
12,13,3.8407615126607797
12,14,6.621161219191109
12,15,10.198924460062743
12,16,12.954007501615441
12,17,16.325392424970698
12,18,19.198349989815796
12,19,21.868353460417925
12,20,20.435793419570956
12,21,20.17118060326442
12,22,23.909340596007727
12,23,23.803516797871954
12,24,26.10915759870428
12,25,27.328836842126243
12,26,24.41072351665247
12,27,25.774753571119245
12,28,23.09526657418296
12,29,20.271409600347265
12,30,20.140337850395902
12,31,16.490771867221714
12,32,13.93103098343983
12,33,10.32681060541238
12,34,9.396315465406692
12,35,5.61055203976625
12,36,5.434128120849896
12,37,6.249835069737972
12,38,7.196514279494279
12,39,9.734942277876177
12,40,13.342485164141078
12,41,15.489852413245393
12,42,19.257878961726917
12,43,21.51148655315779
12,44,22.574241666123324
12,45,26.403564806552986
12,46,27.90354271987934
12,47,30.084816931564873
12,48,27.052642748195613
12,49,25.92425157975328
12,50,28.48177968056799
12,51,27.438293915333464
12,52,23.70661815295083
12,53,25.027683992380638
12,54,27.73072480632592
12,55,25.494809429134452
12,56,23.204248088331788
12,57,26.535015107972946
12,58,27.868240648333693
12,59,24.813545425468472
12,60,21.305837741007377
12,61,20.018203664339186
12,62,21.894255701372618
12,63,20.80277855575336
12,64,23.203050215507172
12,65,21.272216604614943
12,66,18.342191435705445
12,67,15.321282411324827
12,68,11.693414402080558
12,69,11.405271608256482
12,70,11.186197263365349
12,71,13.79915411384238
12,72,13.904297483758288
12,73,13.777491565751907
12,74,15.622084153141303
12,75,18.038130528044768
12,76,18.731080641480062
12,77,22.35012232723764
12,78,22.849762133767733
12,79,25.984964112884718
12,80,27.14329198700684
12,81,30.355785776685565
12,82,31.578995539760854
12,83,34.07096800131072
12,84,37.185473618001424
12,85,36.71515760684671
12,86,35.45945527619751
12,87,32.34388224043494
12,88,30.464168587627928
12,89,28.162138219562067
12,90,26.271480690174997
12,91,23.765144629747102
12,92,21.251462905185655
12,93,19.690081681704786
12,94,16.188259940802265
12,95,14.583276536025354
12,96,11.690901925537608
12,97,9.26231796720518
12,98,10.267594325417324
12,99,9.839733475274697
12,100,9.254032169824795
12,101,12.34413788639782
12,102,14.754599964190911
12,103,17.59355039276939
13,1,20.60818548607583
13,2,17.096438293265376
13,3,13.787897597107296
13,4,11.805484973044122
13,5,8.49149025146941
13,6,7.502487020083507
13,7,6.441730095732718
13,8,8.822926289477662
13,9,13.379353426929264
13,10,9.97627757448069
13,11,6.774567054103278
13,12,3.8407615126607797
13,14,3.7938535643870486
13,15,6.773211842082991
13,16,10.02168077896533
13,17,13.121150513234543
13,18,16.261508358970843
13,19,18.688938994755176
13,20,17.450273095483805
13,21,17.633574889262935
13,22,21.25268959612733
13,23,21.151913186776746
13,24,23.120062765106017
13,25,24.55447085859809
13,26,21.525409706163373
13,27,22.55861794565946
13,28,19.837965620141116
13,29,16.961287168354943
13,30,16.693455009866902
13,31,12.94459609887452
13,32,10.560475892884789
13,33,7.0545732314143255
13,34,7.189173995265549
13,35,4.405282539799754
13,36,6.667071456350116
13,37,9.101139325811598
13,38,10.679049316419952
13,39,13.510832629047211
13,40,17.16047805410404
13,41,19.227644202622475
13,42,23.027409324358654
13,43,25.346512712518308
13,44,26.36037404448867
13,45,30.18412477793566
13,46,31.611412269659205
13,47,33.74354727613873
13,48,30.643165459314343
13,49,29.415163516851344
13,50,31.794021978227363
13,51,30.710344528086928
13,52,26.94937234956153
13,53,28.08217444491157
13,54,30.62987465969979
13,55,28.29366419937246
13,56,25.821653222290195
13,57,28.972489583305812
13,58,30.21656963194263
13,59,26.948051607416115
13,60,23.45993457753077
13,61,22.036704585708957
13,62,24.3163728442404
13,63,23.603552972901785
13,64,26.29917460386844
13,65,24.5776928757527
13,66,21.669873656027526
13,67,18.42543828025633
13,68,14.933265468699693
13,69,13.936873670490636
13,70,12.976719488085584
13,71,15.5895843317404
13,72,14.788349020053946
13,73,13.79717528509038
13,74,14.726240886159909
13,75,16.617088602500644
13,76,16.57257700239483
13,77,19.94542194576509
13,78,20.190356173124027
13,79,23.110423152925122
13,80,24.391854149658737
13,81,27.66902708007729
13,82,29.23801915639464
13,83,31.890322859307457
13,84,34.8548070614964
13,85,34.0742089170673
13,86,32.793944248115565
13,87,29.5653645317625
13,88,27.90665107324634
13,89,25.601669605766997
13,90,24.103952935000382
13,91,21.898142049505946
13,92,19.632840587437272
13,93,18.683124937194776
13,94,15.589808968092257
13,95,13.23599655460748
13,96,10.37296362939564
13,97,9.170031551604435
13,98,10.354154077020036
13,99,11.296600659752235
13,100,11.783247739436742
13,101,15.290318755180293
13,102,17.995132435666324
13,103,20.552053831737652
14,1,23.62134897761644
14,2,20.235305089666912
14,3,16.759542174373642
14,4,15.147750276911273
14,5,12.109990539314065
14,6,11.065150191044498
14,7,9.596367079449182
14,8,10.947594972060024
14,9,15.676717977491094
14,10,12.711381303270686
14,11,9.490458173677231
14,12,6.621161219191109
14,13,3.7938535643870486
14,15,3.8108998061072827
14,16,6.519330853526386
14,17,9.717154205986294
14,18,12.738219697704634
14,19,15.256985824362442
14,20,13.924236837213956
14,21,13.87377418218103
14,22,17.526923813148567
14,23,17.515094352219784
14,24,19.663529961775694
14,25,21.19321226609278
14,26,18.394499198603988
14,27,19.70586529589109
14,28,17.3730219524437
14,29,14.65853000871582
14,30,13.897390109676637
14,31,10.352610789075632
14,32,8.567425823572597
14,33,5.989507517304886
14,34,5.620067275153784
14,35,4.300283936976271
14,36,6.839281947571856
14,37,10.218684578246386
14,38,11.964875396665402
14,39,15.30869354138007
14,40,19.070300413745493
14,41,21.13842536273538
14,42,24.94852991832222
14,43,27.379963558602174
14,44,27.96564344040157
14,45,31.73048658771132
14,46,32.944738325895486
14,47,34.83723031747779
14,48,31.576384747136427
14,49,30.164550018599964
14,50,32.152400954988096
14,51,30.98929667474934
14,52,27.224126336207597
14,53,28.06809667806679
14,54,30.32035080898552
14,55,27.88140008049259
14,56,25.206632380077185
14,57,28.09486516645234
14,58,29.199277039103613
14,59,25.749258743368078
14,60,22.342191190781133
14,61,20.865140211486338
14,62,23.592845303920623
14,63,23.455550972474796
14,64,26.524186040613884
14,65,25.293210671484925
14,66,22.69837565467156
14,67,19.162226482605316
14,68,16.10188224004729
14,69,14.662274925625605
14,70,13.795950174155017
14,71,16.86572180154526
14,72,15.926902582422262
14,73,14.13617354904029
14,74,14.685396770898828
14,75,15.774829026983824
14,76,15.279744843191125
14,77,18.414325533600913
14,78,18.03054056917375
14,79,20.695491174319166
14,80,21.548882847984515
14,81,24.621331291359972
14,82,26.209723413463955
14,83,28.692400399677975
14,84,31.75389728542131
14,85,30.944259932056777
14,86,29.931456132080292
14,87,26.86039225320556
14,88,25.463238542880124
14,89,23.535692210614904
14,90,22.115597106592126
14,91,20.34613743732534
14,92,17.82467217529942
14,93,17.40964212069108
14,94,14.626768025662042
14,95,11.71484950002799
14,96,9.793784335382087
14,97,9.610133638414128
14,98,11.871117060610956
14,99,13.363131500643668
14,100,13.734008816085382
14,101,17.21852150281564
14,102,19.64127193419184
14,103,21.715739395308642
15,1,26.32322061370559
15,2,22.827380076588494
15,3,19.517579605561387
15,4,18.187440495879226
15,5,14.981967490738448
15,6,14.237089003684455
15,7,12.45192094117914
15,8,13.578072925645701
15,9,19.292794530964038
15,10,16.24225581766933
15,11,12.7794188591773
15,12,10.198924460062743
15,13,6.773211842082991
15,14,3.8108998061072827
15,16,3.8138116528368324
15,17,6.400566768225673
15,18,9.707448329351552
15,19,11.956185509798237
15,20,11.105930731214142
15,21,11.585828597716144
15,22,14.930651780356136
15,23,14.794782636665696
15,24,16.478302671730752
15,25,18.208211362044345
15,26,15.302023485683888
15,27,16.24453418850368
15,28,13.9494873489487
15,29,11.25498878064816
15,30,10.213718059911328
15,31,6.608622173918329
15,32,5.4966561532803695
15,33,4.475318873117582
15,34,5.644363134349752
15,35,6.780027176263663
15,36,9.962596660930267
15,37,13.617036099040114
15,38,15.673711429741388
15,39,19.083580889606925
15,40,22.826368473912062
15,41,24.759317453083955
15,42,28.589509381028865
15,43,31.118427127550547
15,44,31.70299871119358
15,45,35.45538805938842
15,46,36.66704288919379
15,47,38.47363302178232
15,48,35.14755159460145
15,49,33.733405045525956
15,50,35.56570547030089
15,51,34.31520478349049
15,52,30.58756850558316
15,53,31.343610601430086
15,54,33.40300114080366
15,55,30.864854796033562
15,56,28.15325823113061
15,57,30.86528662619721
15,58,31.799861859391356
15,59,28.219065518862397
15,60,24.969112003176523
15,61,23.344091170491687
15,62,26.28436883567354
15,63,26.41793537913044
15,64,29.65939156838255
15,65,28.57672016910537
15,66,25.994291817018823
15,67,22.36970338023113
15,68,19.452073633972862
15,69,17.5788033728933
15,70,16.21269566849215
15,71,19.087860728301777
15,72,17.51254299449699
15,73,15.082472876197034
15,74,14.67649356580722
15,75,14.966553603880689
15,76,13.576229269182535
15,77,16.194777888508508
15,78,15.374483965467334
15,79,17.67493970565401
15,80,18.5950663686617
15,81,21.69325019319609
15,82,23.653204265239054
15,83,26.289588357359982
15,84,29.1515808219287
15,85,28.017688121380406
15,86,26.989819198976416
15,87,23.83420711179931
15,88,22.721304883564457
15,89,20.88139717016136
15,90,19.94232641836825
15,91,18.644604942967142
15,92,16.476079732955508
15,93,16.849795595173713
15,94,14.767016193357543
15,95,11.278535417299176
15,96,9.934647989638398
15,97,11.126246855003316
15,98,13.311594895632803
15,99,15.6262236778377
15,100,16.62906031646657
15,101,20.258497789725123
15,102,22.857368879108645
15,103,24.68374825495797
16,1,28.591278707868295
16,2,25.281612477317637
16,3,21.86403075955285
16,4,20.933030462647313
16,5,18.05610066473165
16,6,17.48766050365402
16,7,15.924026779827184
16,8,16.870574006513138
16,9,21.293765418186503
16,10,18.63109617816261
16,11,15.2038310114024
16,12,12.954007501615441
16,13,10.02168077896533
16,14,6.519330853526386
16,15,3.8138116528368324
16,17,3.840183143186338
16,18,6.269360382042194
16,19,9.152172131458242
16,20,8.71142623339461
16,21,8.38322682105107
16,22,11.626236950047373
16,23,11.163457793412647
16,24,13.171137849449579
16,25,14.723774140124618
16,26,12.059870980112064
16,27,13.578934790268232
16,28,11.844415597589384
16,29,9.58244989942963
16,30,8.153979562776714
16,31,5.534030393858987
16,32,5.536557073552174
16,33,6.500060359198115
16,34,6.353534257446705
16,35,8.636314971453837
16,36,11.220586669897928
16,37,15.026705880524787
16,38,17.265959992991537
16,39,20.917294536948273
16,40,24.59547007032763
16,41,26.329619165001247
16,42,30.114783661522228
16,43,32.811392260038616
16,44,33.097011959341295
16,45,36.752007213584385
16,46,37.88486514868587
16,47,39.38286988591755
16,48,35.907070280959644
16,49,34.493842316645406
16,50,35.95958267990366
16,51,34.520449681508524
16,52,30.904376612307946
16,53,31.539644688848377
16,54,33.216545110738224
16,55,30.523351634415494
16,56,27.830173391425106
16,57,30.307016340647873
16,58,30.93161962219288
16,59,27.224344933805135
16,60,24.25446131352733
16,61,22.445437942564972
16,62,25.617694010268554
16,63,26.20074308732373
16,64,29.68693576086751
16,65,29.009368542617917
16,66,26.694150395604385
16,67,22.94010160918711
16,68,20.499656153066237
16,69,18.244769203127536
16,70,16.92364813853381
16,71,19.95904688952181
16,72,18.352114089901537
16,73,15.40245583538764
16,74,14.725639589700178
16,75,14.156139521450074
16,76,12.490525168020875
16,77,14.70384459992283
16,78,13.196325938521793
16,79,15.219418532381948
16,80,15.553028806240178
16,81,18.40457630502459
16,82,20.236124521794224
16,83,22.68961929808105
16,84,25.67013724294978
16,85,24.64218952954126
16,86,23.85411353894251
16,87,20.92359937963298
16,88,19.99022011394378
16,89,18.621839467835994
16,90,17.64420144693298
16,91,16.836383942473045
16,92,14.412215151846077
16,93,15.346488471063202
16,94,13.79169368152603
16,95,10.098570357179906
16,96,10.138049910161874
16,97,12.06543317167789
16,98,14.870658591824174
16,99,17.369638945339293
16,100,18.24200787007679
16,101,21.716131533906285
16,102,24.057137096679313
16,103,25.37049403392203
17,1,32.20326166744471
17,2,28.805374157478443
17,3,25.472268251303515
17,4,24.42847583048426
17,5,21.342688342236375
17,6,20.567841913435853
17,7,18.544925568537888
17,8,19.01815275247822
17,9,24.985375283008374
17,10,22.239209149044285
17,11,18.820758235110944
17,12,16.325392424970698
17,13,13.121150513234543
17,14,9.717154205986294
17,15,6.400566768225673
17,16,3.840183143186338
17,18,3.848151864254121
17,19,5.574813765677769
17,20,5.405454937882791
17,21,6.243992321212541
17,22,8.911134417061792
17,23,8.931770094702115
17,24,10.33034807016464
17,25,12.636124513400324
17,26,10.327824325961855
17,27,11.366628820294258
17,28,10.331915410251801
17,29,8.581027169002274
17,30,5.777851446844845
17,31,4.380996667231837
17,32,6.857242349629904
17,33,9.147902237648058
17,34,9.924436602516929
17,35,12.349022398796077
17,36,15.01467040689451
17,37,18.80033195798117
17,38,20.857586324100332
17,39,24.46149984645093
17,40,28.184108907818768
