1,2,3.8480824778843923
1,3,6.8513436752358405
1,4,9.345149656740476
1,5,12.965145024260165
1,6,15.991260292492685
1,7,19.8375016729972
1,8,22.86950023488354
1,9,15.554130431074059
1,10,15.984366206037
1,11,12.563793580068234
1,12,12.273724277715669
1,13,12.738461789363438
1,14,14.478771186360303
1,15,18.050320559792866
1,16,20.693613848000698
1,17,23.715154172461006
1,18,26.518389833818066
1,19,28.781836026379807
1,20,32.42767182386182
1,21,34.5900467324459
1,22,37.786107514202
1,23,37.34836544259615
1,24,36.65105407671226
1,25,40.06361777388049
1,26,38.85109219514684
1,27,40.94851739162978
1,28,40.92644809664054
1,29,37.613793938252975
1,30,38.74807042745664
1,31,35.39279931783395
1,32,32.80930887470401
1,33,34.449367092360106
1,34,31.183729306495067
1,35,27.525781088488287
1,36,24.006823159221472
1,37,22.752902417346025
1,38,20.235166363979868
1,39,18.920052657533372
1,40,16.326168610537454
1,41,17.1029670254243
1,42,15.906592421951677
1,43,15.242882408043986
1,44,13.44192560059856
1,45,14.969903619181073
1,46,17.394018909259433
1,47,20.694694515497954
1,48,23.482248430119853
1,49,26.7968360198873
1,50,28.46601187363502
1,51,26.259041593823415
1,52,27.55456827463277
1,53,30.837864331863496
1,54,29.030888110882824
1,55,26.740580504542947
1,56,29.91271426275488
1,57,32.25474060892598
1,58,29.9446302472413
1,59,29.891686079187377
1,60,33.74116005888744
1,61,34.136056326070424
1,62,31.999345141132057
1,63,29.732577292308285
1,64,27.790270916559894
1,65,27.188802071260856
1,66,23.93120348476424
1,67,24.080987808990134
1,68,20.363968888622278
1,69,16.78035597917581
1,70,16.92093859782368
1,71,14.814586939722636
1,72,15.473418111213876
1,73,14.77519526433358
1,74,12.392732379324741
1,75,13.947804871903049
1,76,17.58476353252237
1,77,20.34521557288184
1,78,24.13718215383819
1,79,26.847821680957967
1,80,30.34384267959208
1,81,32.82720017606787
1,82,36.593008229778405
1,83,38.6565663690429
1,84,42.11180313918996
1,85,42.440758316853355
1,86,45.17003533688582
1,87,47.83694842676758
1,88,48.18784154388566
1,89,45.94526763726278
1,90,42.823798959036836
1,91,39.736010187045274
1,92,36.624078257425886
1,93,34.02747721259154
1,94,30.323737556579424
1,95,28.89796861871192
1,96,25.601375712229544
1,97,22.505617881532597
1,98,23.92605783555451
1,99,20.983869506407746
1,100,17.659252592658575
1,101,15.070033988513705
1,102,11.748076182104638
1,103,11.470129247505051
1,104,9.899024934118591
1,105,11.598866384355675
1,106,13.920201771607015
2,1,3.8480824778843923
2,3,3.7774555781389583
2,4,6.1979664320947
2,5,9.455231561897747
2,6,12.775958250376517
2,7,16.547305135831486
2,8,19.81076328842083
2,9,13.654011356380924
2,10,14.677681371801878
2,11,11.587027588387667
2,12,10.925897388298548
2,13,10.298894950939816
2,14,11.432817642014491
2,15,14.882655071127566
2,16,17.23598379039699
2,17,20.385808060247854
2,18,23.069092164866014
2,19,25.518414380435342
2,20,29.07757508162927
2,21,31.39917893989023
2,22,34.468728672725916
2,23,34.04607659552482
2,24,33.57405392928313
2,25,36.98390820034513
2,26,35.847003102679956
2,27,37.81177235976798
2,28,37.96940664010518
2,29,34.57460936576481
2,30,35.54025557753765
2,31,32.129833335699814
2,32,29.47004707560345
2,33,31.037275071534896
2,34,27.69368351060895
2,35,24.0639462044275
2,36,20.491940586116748
2,37,19.54445197904503
2,38,17.0423898609407
2,39,16.1922001083922
2,40,14.062363705146876
2,41,15.185687571098462
2,42,14.568868929236093
2,43,14.827821715429025
2,44,13.834148353131006
2,45,16.182743767567196
2,46,18.73458556227629
2,47,21.79778982259834
2,48,24.966281872709487
2,49,28.016555725238973
2,50,29.899433590955226
2,51,27.463980344734917
2,52,28.288028287111846
2,53,31.541606139511213
2,54,29.824288736306872
2,55,27.140255873794953
2,56,30.04522959065121
2,57,32.51453831942902
2,58,30.103254942369873
2,59,29.586789366110143
2,60,33.44233977818095
2,61,33.99277287875427
2,62,31.551951421342096
2,63,28.983324598859163
2,64,27.00839444132241
2,65,26.942685657856728
2,66,24.0173726009176
2,67,24.724930089202193
2,68,21.194892316221974
2,69,17.43262505982536
2,70,16.745967137819296
2,71,13.94702248353089
2,72,14.200383253024958
2,73,13.023982017885512
2,74,11.137814505829237
2,75,12.01976764003671
2,76,15.303230198557578
2,77,17.812438291051095
2,78,21.61940013701324
2,79,24.003419802954777
2,80,27.530953979045208
2,81,29.909622166974597
2,82,33.62541379703632
2,83,35.77617810261992
2,84,39.312396033022665
2,85,39.897615532863966
2,86,42.74927160258217
2,87,45.393552111772
2,88,45.50763345142826
2,89,43.2744439542949
2,90,40.03567365928066
2,91,37.08471689227886
2,92,33.92534377654949
2,93,31.532708449231936
2,94,27.915680458887806
2,95,26.52287290134261
2,96,23.482027826355015
2,97,20.31815895733266
2,98,21.276104615906938
2,99,18.0457190899647
2,100,14.815829237984977
2,101,12.029175660543647
2,102,8.951668210983593
2,103,9.342894556113093
2,104,9.067031219637794
2,105,11.781326096410826
2,106,14.526896569246858
3,1,6.8513436752358405
3,2,3.7774555781389583
3,4,3.790589692416089
3,5,6.847911152459454
3,6,10.185079298963513
3,7,13.897897676255742
3,8,17.264283175442767
3,9,12.094443332407582
3,10,12.831582768425227
3,11,9.814664526417287
3,12,8.20691788336645
3,13,7.058195289675284
3,14,7.811208473975084
3,15,11.43298973175541
3,16,13.904578696267286
3,17,16.874189055724493
3,18,19.68247401586844
3,19,22.014613914944572
3,20,25.645300725769243
3,21,27.935296085539974
3,22,31.058346737555002
3,23,30.532500977142224
3,24,29.946508801400146
3,25,33.39618513531765
3,26,32.33896834234625
3,27,34.43971782985072
3,28,34.66968019653915
3,29,31.36357598152138
3,30,32.51078560294956
3,31,29.22686404742705
3,32,26.543985017929227
3,33,27.903946871167253
3,34,24.54194768663968
3,35,20.970501126492426
3,36,17.354561037397442
3,37,16.115793444360143
3,38,13.444167252734273
3,39,12.420264785156196
3,40,10.355231687024876
3,41,11.788663674179514
3,42,11.775157715397173
3,43,12.754492480131697
3,44,12.23129137498199
3,45,15.258164259044717
3,46,18.106393516303545
3,47,20.711408613235495
3,48,24.161198704714447
3,49,26.98007187443262
3,50,28.833990566851515
3,51,26.096421265244867
3,52,26.58147573936969
3,53,29.664489364514406
3,54,27.909013719825666
3,55,24.964035964343996
3,56,27.68328636539061
3,57,30.12065551594221
3,58,27.581313348121
3,59,26.78056564905786
3,60,30.615997702258475
3,61,31.191380490901647
3,62,28.547045787321814
3,63,25.84357108051277
3,64,23.822407602757465
3,65,24.097701661454664
3,66,21.457843625697464
3,67,22.619760346076927
3,68,19.345154554657803
3,69,15.536628314585084
3,70,14.16608905685468
3,71,10.977649923943064
3,72,10.953121156489019
3,73,9.765772076922458
3,74,8.675784734268893
3,75,9.668093003386506
3,76,12.598958253247757
3,77,15.343190489171214
3,78,19.076720838586393
3,79,21.36678503496297
3,80,25.040060422418943
3,81,27.129580547185636
3,82,30.838770689026408
3,83,32.7773000704771
3,84,36.253803055125275
3,85,36.858084780874215
3,86,39.62276611510876
3,87,42.39834182403776
3,88,42.49240366933828
3,89,40.4364366823395
3,90,37.24434664853753
3,91,34.41248448312387
3,92,31.41528053635847
3,93,28.972126121474012
3,94,25.467920148694073
3,95,23.7448682057569
3,96,20.804123193592883
3,97,17.410617959621753
3,98,18.103556234820058
3,99,14.89414096705634
3,100,11.450878635588579
3,101,9.150362669537824
3,102,5.749327501325827
3,103,5.800412039226259
3,104,6.48470796965871
3,105,9.796541000226778
3,106,12.75427762434419
4,1,9.345149656740476
4,2,6.1979664320947
4,3,3.790589692416089
4,5,3.8744616815674955
4,6,6.707985012918038
4,7,10.540025829085634
4,8,13.73688774470239
4,9,8.684661012479006
4,10,10.09413823697994
4,11,7.914747423926559
4,12,7.128429892312589
4,13,4.904816356832996
4,14,6.1765333562408316
4,15,9.124374320786046
4,16,11.869363916052905
4,17,15.215569880539748
4,18,18.288428229567263
4,19,21.02943084234157
4,20,24.54445391077715
4,21,27.21703281394697
4,22,30.096261525135784
4,23,29.1927985136662
4,24,28.90355570567201
4,25,32.49762826597625
4,26,31.85218328569618
4,27,33.9755871499728
4,28,34.6250733347203
4,29,31.35419974914969
4,30,32.413089322423005
4,31,29.187736809196807
4,32,26.364288181932512
4,33,27.276790695353508
4,34,23.68267569117728
4,35,20.3662558195931
4,36,16.557734588006582
4,37,15.70652160150743
4,38,12.517057110128368
4,39,11.634895675385893
4,40,9.67545402342064
4,41,10.317588494569364
4,42,10.115845096681271
4,43,11.635115035170784
4,44,12.233117304661612
4,45,15.44438978349484
4,46,17.8045803067542
4,47,20.295427103164002
4,48,23.90119298930363
4,49,26.359465390831286
4,50,28.61752860293788
4,51,26.018943492099023
4,52,26.00246033394588
4,53,29.21299361699137
4,54,27.894890859378137
4,55,24.68993675235339
4,56,27.025637886275636
4,57,29.794804631524926
4,58,27.544535150861456
4,59,26.305860661363504
4,60,30.049432415783688
4,61,31.073331381597548
4,62,28.463832266564953
4,63,25.410491929558873
4,64,23.83128922460991
4,65,24.437667868042197
4,66,22.02803188535712
4,67,23.290032188139914
4,68,20.157107699552302
4,69,16.545966026983546
4,70,14.953305738938058
4,71,11.345236136878222
4,72,11.94104086713082
4,73,11.35787160821336
4,74,11.406866078466164
4,75,12.2731680846864
4,76,14.509814000866976
4,77,17.027289786728648
4,78,20.57332494660012
4,79,22.351967576807954
4,80,26.060020866982445
4,81,27.786454579604662
4,82,31.361941504485824
4,83,33.21660886597151
4,84,36.698201022490395
4,85,37.59497811814985
4,86,40.35051563474361
4,87,43.224220708952174
4,88,43.063252909440045
4,89,41.189720112674735
4,90,37.9262160928351
4,91,35.36832626308345
4,92,32.45351078803854
4,93,30.241771106191862
4,94,26.954705193447122
4,95,25.075834939661465
4,96,22.492189084146485
4,97,18.961793960024856
4,98,18.94145334625403
4,99,15.53343477345006
4,100,12.13896143361092
4,101,10.373919276194247
4,102,7.539184710538455
4,103,7.091337210858798
4,104,8.400818965004488
4,105,11.312197458747384
4,106,14.762011291913126
5,1,12.965145024260165
5,2,9.455231561897747
5,3,6.847911152459454
5,4,3.8744616815674955
5,6,3.836117415953662
5,7,7.267118282083663
5,8,10.865182006575502
5,9,8.96243342768335
5,10,11.032940448828276
5,11,10.0159144822255
5,12,9.04288483547079
5,13,5.524427886424629
5,14,4.762983830986972
5,15,6.438901464970274
5,16,8.531413574562837
5,17,12.149859799341174
5,18,15.068281314342558
5,19,18.136874129124653
5,20,21.452423400287643
5,21,24.385654568673804
5,22,27.021889205130684
5,23,26.057941864377497
5,24,26.115785972617402
5,25,29.697769247292715
5,26,29.23659144949934
5,27,31.188987934503444
5,28,32.12897086758463
5,29,28.821663768168506
5,30,29.663999437602733
5,31,26.44778354835729
5,32,23.54608680638622
5,33,24.2175534775928
5,34,20.510032768230584
5,35,17.377329834015693
5,36,13.528115943649878
5,37,13.2688775468416
5,38,10.084311998416915
5,39,10.146680746616966
5,40,9.37001464689217
5,41,10.298570732929155
5,42,11.064530135193992
5,43,13.546389219348532
5,44,14.899501236795517
5,45,18.370027450491417
5,46,20.62259182733769
5,47,22.75260942173487
5,48,26.484355242678255
5,49,28.608326707842398
5,50,30.979234106007784
5,51,28.28149393834567
5,52,27.822913206623706
5,53,30.884077862183315
5,54,29.713352216883976
5,55,26.257588303770518
5,56,28.20078973756139
5,57,31.011525832287397
5,58,28.7554381450743
5,59,27.055456365401508
5,60,30.658128420962342
5,61,31.842226049349016
5,62,28.998844045772962
5,63,25.70531960173317
5,64,24.201907258112968
5,65,25.389920247476528
5,66,23.46639911432903
5,67,25.194837084879985
5,68,22.414373476100415
5,69,18.935662726702187
5,70,16.74464895896252
5,71,12.905952710081475
5,72,12.993225160135696
5,73,12.06973604076057
5,74,12.92603022662843
5,75,12.963130409286933
5,76,14.250400733471153
5,77,16.180082862270297
5,78,19.41820843844262
5,79,20.587795518339203
5,80,24.212400824438568
5,81,25.653830245939464
5,82,29.061652687072943
5,83,30.946055604269272
5,84,34.46173869182821
5,85,35.68237407378088
5,86,38.52591914657904
5,87,41.36064789703526
5,88,40.90417382077874
5,89,39.10375093077531
5,90,35.74719068773616
5,91,33.438541552613565
5,92,30.55946173793075
5,93,28.66441246649834
5,94,25.627542631053384
5,95,23.795371326892923
5,96,21.697491087303483
5,97,18.264230105420612
5,98,17.490471241012873
5,99,13.900155287273428
5,100,10.994118542825916
5,101,9.584374917412525
5,102,8.056178563450848
5,103,8.411140891795037
5,104,10.924999176290978
5,105,14.001336900948813
5,106,17.309968465674842
6,1,15.991260292492685
6,2,12.775958250376517
6,3,10.185079298963513
6,4,6.707985012918038
6,5,3.836117415953662
6,7,3.862839670523127
6,8,7.128023924834575
6,9,7.06056447824147
6,10,9.399061518772754
6,11,9.774358781031532
6,12,9.464729818116306
6,13,6.027018454066292
6,14,5.742807051006656
6,15,5.169342736315834
6,16,7.5218333784879166
6,17,11.095414096187962
6,18,14.310639800291916
6,19,17.565167229294797
6,20,20.672581784226598
6,21,23.875017344710688
6,22,26.24167973827061
6,23,24.77390283911356
6,24,25.020914516089427
6,25,28.722448017118435
6,26,28.754897799011225
6,27,30.828078799803762
6,28,32.16717844427832
6,29,29.05511294456356
6,30,29.957312388374454
6,31,26.983390594740218
6,32,24.05145840297553
6,33,24.11585399981671
6,34,20.307153570067815
6,35,17.672956333931815
6,36,13.906419763918663
6,37,13.814411510569773
6,38,10.286307004640637
6,39,10.224952366139524
6,40,9.656373807103195
6,41,9.490492854011915
6,42,10.192028766280135
6,43,13.09588117207643
6,44,15.353561272165166
6,45,18.79110505333356
6,46,20.58785063401513
6,47,22.349633860642186
6,48,26.112283394885633
6,49,27.78691895088559
6,50,30.408686532553784
6,51,27.832393712949642
6,52,26.86759525039472
6,53,29.89800438306007
6,54,29.140144885396552
6,55,25.514562868613677
6,56,26.995446186093268
6,57,30.02234303819553
6,58,28.07772373182467
6,59,25.975940774427162
6,60,29.381573915910792
6,61,30.96906304273024
6,62,28.220176948085204
6,63,24.677750278588054
6,64,23.67576719929218
6,65,25.15111744934081
6,66,23.546226306266817
6,67,25.350056254430488
6,68,22.85714410139489
6,69,19.73397452823217
6,70,17.431332491375464
6,71,13.616964482500034
6,72,14.23415657610216
6,73,14.062975070700464
6,74,15.66272841500574
6,75,15.965333590439291
6,76,16.78733566329636
6,77,18.651497355792387
6,78,21.54110124687066
6,79,22.310489578208752
6,80,25.88431326246019
6,81,26.83472303276189
6,82,30.03365876655329
6,83,31.640950553661824
6,84,35.02671486138817
6,85,36.42184845493778
6,86,39.117997390244604
6,87,42.090767138311165
6,88,41.473868903580616
6,89,39.96570513206259
6,90,36.66199813907617
6,91,34.663206332017744
6,92,32.02036405899125
6,93,30.272294634485604
6,94,27.524890831024702
6,95,25.43511341077163
6,96,23.657427905070723
6,97,20.17045028389224
6,98,18.881246978676703
6,99,15.523778640112583
6,100,12.843242867857178
6,101,12.37668815070656
6,102,11.136463961115599
6,103,10.713149262287844
6,104,13.08434587348971
6,105,15.57849657384641
6,106,19.013277427562194
7,1,19.8375016729972
7,2,16.547305135831486
7,3,13.897897676255742
7,4,10.540025829085634
7,5,7.267118282083663
7,6,3.862839670523127
7,8,3.8668852546410037
7,9,9.17874335837588
7,10,11.463825014032354
7,11,12.768093758035764
7,12,12.510721062733694
7,13,9.226836850324858
7,14,8.214649070772465
7,15,5.640976860214576
7,16,6.480882365178747
7,17,9.628396832631172
7,18,12.572404837521134
7,19,16.037215759198737
7,20,18.70092181411516
7,21,22.178588901251945
7,22,24.129894161558646
7,23,22.350554856593973
7,24,23.00277088950377
7,25,26.681958903520496
7,26,27.128701077679498
7,27,29.08947233512277
7,28,30.837821953337023
7,29,27.86218718672107
7,30,28.612461681678543
7,31,25.845951700322093
7,32,22.926482473376765
7,33,22.45876016403219
7,34,18.631026427748388
7,35,16.581504561469053
7,36,13.12632255102795
7,37,13.623431137124523
7,38,10.393411797460042
7,39,11.028653238361876
7,40,11.462833923803617
7,41,11.114475767507187
7,42,12.315124229887244
7,43,15.567869525844516
7,44,18.28852279124695
7,45,21.72264608258229
7,46,23.29797664129864
7,47,24.674087576982053
7,48,28.425396057889078
7,49,29.7020233693586
7,50,32.417049332868636
7,51,29.859288093283357
7,52,28.454679119460256
7,53,31.291719194534522
7,54,30.789268344812406
7,55,27.026476300562866
7,56,28.025453313413863
7,57,31.080535176033894
7,58,29.288071189154163
7,59,26.766419944855922
7,60,29.898690506817637
7,61,31.72031342668449
7,62,28.901845717070902
7,63,25.191976078866016
7,64,24.476584571498275
7,65,26.418476742078948
7,66,25.30188839299548
7,67,27.38124913143364
7,68,25.26572171568362
7,69,22.414324404733627
7,70,19.833977532371865
7,71,16.1324712269732
7,72,16.575922581282047
7,73,16.45745686195589
7,74,18.554603652139583
7,75,18.532298330554603
7,76,18.666395802936492
7,77,20.06447351512648
7,78,22.47729644093212
7,79,22.6339149707574
7,80,25.996135813895844
7,81,26.477763998975515
7,82,29.369065583216887
7,83,30.822903618475305
7,84,34.10664844239039
7,85,35.79942665524848
7,86,38.44965773255798
7,87,41.421978953840416
7,88,40.52260558154241
7,89,39.22752143182084
7,90,35.930316238135426
7,91,34.29188034927214
7,92,31.839598059018645
7,93,30.416250287001958
7,94,28.040499542576505
7,95,25.92721400894781
7,96,24.6682019255929
7,97,21.364777343529106
7,98,19.431096695933224
7,99,16.293953882029736
7,100,14.281180345657319
7,101,14.422096028629507
7,102,13.978170962295895
7,103,13.729485620488646
7,104,16.38699595103947
7,105,18.74301492525617
7,106,22.029526216065754
8,1,22.86950023488354
8,2,19.81076328842083
8,3,17.264283175442767
8,4,13.73688774470239
8,5,10.865182006575502
8,6,7.128023924834575
8,7,3.8668852546410037
8,9,9.876285875212531
8,10,11.909373883587435
8,11,14.221084795447638
8,12,14.56297699844713
8,13,11.86506352955465
8,14,11.465952630396869
8,15,8.52521659589089
8,16,9.210261919175515
8,17,11.447545636414626
8,18,14.22823531997737
8,19,17.519862281065194
8,20,19.76239729706479
8,21,23.334035860936726
8,22,24.910598344093405
8,23,22.62228923680358
8,24,23.467477982572067
8,25,27.14489824009372
8,26,28.113418273009746
8,27,30.148111185448105
8,28,32.244292832339994
8,29,29.539221405993825
8,30,30.330048379220436
8,31,27.86722658143947
8,32,25.027693740157364
8,33,24.019538954951766
8,34,20.29799655565442
8,35,18.847504784663485
8,36,15.757974800559973
8,37,16.29440362857079
8,38,13.164161292396415
8,39,13.500368485143381
8,40,13.859737037950044
8,41,12.655604611304422
8,42,13.475555430920165
8,43,16.594387468827517
8,44,19.80679719673672
8,45,22.983651074021964
8,46,24.05687803385767
8,47,25.08774330265844
8,48,28.71268019461637
8,49,29.52436735477927
8,50,32.441082756114064
8,51,30.112297966580833
8,52,28.271494856382724
8,53,31.030609158912647
8,54,30.982865632215358
8,55,27.189647540034283
8,56,27.698676247840684
8,57,30.916007494520496
8,58,29.524533324446306
8,59,26.706408607196206
8,60,29.537057637873797
8,61,31.753810732825354
8,62,29.152425627707355
8,63,25.320937824598985
8,64,25.171456105900624
8,65,27.252022359955614
8,66,26.407946972911393
8,67,28.413504343298694
8,68,26.56968384906274
8,69,24.107316551489138
8,70,21.638283911486493
8,71,18.180861256020883
8,72,19.065388281198388
8,73,19.48340319093448
8,74,21.84594700641499
8,75,22.083357713671482
8,76,22.106235128413868
8,77,23.522783375011862
8,78,25.71190116627849
8,79,25.649981445783485
8,80,28.898280963880982
8,81,29.00643532534018
8,82,31.66051035381962
8,83,32.837998526630955
8,84,35.93341192935109
8,85,37.73736369148478
8,86,40.20227306041024
8,87,43.26602461843822
8,88,42.24565377226362
8,89,41.234812359797615
8,90,38.03892743282407
8,91,36.68393506737178
8,92,34.46572256801
8,93,33.16463688552077
8,94,31.03052702985898
8,95,28.760497903442722
8,96,27.708823559381955
8,97,24.423491848366925
8,98,22.279227266159026
8,99,19.44235874738505
8,100,17.571650318199833
8,101,18.098304418121387
8,102,17.576772623603752
8,103,16.890004221123966
8,104,19.24012448617604
8,105,21.122557104834716
8,106,24.430311390472248
9,1,15.554130431074059
9,2,13.654011356380924
9,3,12.094443332407582
9,4,8.684661012479006
9,5,8.96243342768335
9,6,7.06056447824147
9,7,9.17874335837588
9,8,9.876285875212531
9,10,3.90060586349738
9,11,5.922673698917054
9,12,8.486589987318604
9,13,7.683200614208525
9,14,10.451327473775958
9,15,10.783506478910983
9,16,14.003091215485945
9,17,17.088330539067787
9,18,20.645843885017243
9,19,23.60843275024465
9,20,26.765998615091117
9,21,29.86275995980243
9,22,32.271146216668164
9,23,30.372723095641447
9,24,30.33832608469604
9,25,34.15859895555961
9,26,34.462710498831505
9,27,36.88569214891969
9,28,38.22978248261675
9,29,35.33509315688967
9,30,36.549513989657605
9,31,33.726884192088136
9,32,30.833384452750312
9,33,30.7252310963916
9,34,26.957369877774507
9,35,24.44186636912604
9,36,20.705707225192462
9,37,20.047904044631085
9,38,16.230877490431517
9,39,14.788397725237564
9,40,12.581525773279381
9,41,10.418250439657125
9,42,8.46548505808243
9,43,9.655387864632306
9,44,12.355601814525322
9,45,14.851552952145534
9,46,15.534435751822636
9,47,17.503939036996204
9,48,21.00109751492511
9,49,22.494259610619896
9,50,25.565964006723767
9,51,23.623100580481125
9,52,22.62950266917377
9,53,26.08081958759702
9,54,25.924522107775683
9,55,22.562365488599372
9,56,24.0188626003204
9,57,27.461136727332505
9,58,26.208986373200013
9,59,24.401909692794025
9,60,27.73923648272835
9,61,29.76556009754962
9,62,27.746502172366355
9,63,24.29760705303753
9,64,24.042823922094126
9,65,24.755584747197343
9,66,22.669296089924067
9,67,23.523083095342862
9,68,20.796715133738427
9,69,18.15426244661244
9,70,17.00083073801429
9,71,13.797623071206443
9,72,16.082720858465354
9,73,17.251091431180733
9,74,18.468938304433347
9,75,20.006303728192947
9,76,21.68874834874915
9,77,24.25699837950933
9,78,27.39508878926225
9,79,28.65441413174939
9,80,32.35742591182221
9,81,33.34213354173059
9,82,36.622939527114646
9,83,37.99580092323256
9,84,41.24461656198383
9,85,42.37251983745183
9,86,44.81241498824052
9,87,47.98705085221251
9,88,47.61812392123676
9,89,46.273133357657315
9,90,43.11259822223789
9,91,41.037499811269576
9,92,38.49602288859624
9,93,36.452076649584804
9,94,33.55856207438937
9,95,31.199639076303654
9,96,28.998446629380446
9,97,25.279976539488707
9,98,24.563295256815756
9,99,21.470941109778213
9,100,18.22364017762174
9,101,17.753099472312442
9,102,15.266588086030373
9,103,13.43216953945805
9,104,13.9461535474017
9,105,15.037730231581751
9,106,18.783120299649507
10,1,15.984366206037
10,2,14.677681371801878
10,3,12.831582768425227
10,4,10.09413823697994
10,5,11.032940448828276
10,6,9.399061518772754
10,7,11.463825014032354
10,8,11.909373883587435
10,9,3.90060586349738
10,11,3.866494093248997
10,12,6.7606541292538695
10,13,7.611385446211699
10,14,10.980673247623404
10,15,11.583436191662225
10,16,15.223873376170697
10,17,17.78246296928822
10,18,21.54282645149932
10,19,24.050663900158717
10,20,27.35382051356776
10,21,30.157860536808666
10,22,32.76949495240046
10,23,30.755305605968314
10,24,30.272436345359925
10,25,34.11320357539454
10,26,34.41647719230002
10,27,37.145230723239564
10,28,38.32889288600595
10,29,35.6479648273702
10,30,37.24350187108024
10,31,34.61981564077629
10,32,31.82134056541841
10,33,31.63587648724852
10,34,28.00247074135369
10,35,25.516281825685088
10,36,21.877517180882442
10,37,20.5696230767679
10,38,16.683506350328592
10,39,14.407989914600028
10,40,11.584405188926507
10,41,8.630661080065456
10,42,5.676304825431506
10,43,6.179001832003457
10,44,9.35031627434437
10,45,11.703235148814365
10,46,12.294715035424218
10,47,13.861143081746715
10,48,17.43736498552391
10,49,18.844197104203932
10,50,21.83040918963946
10,51,19.80098311355855
10,52,18.747107072145287
10,53,22.186350722194675
10,54,22.047314664048134
10,55,18.7101779054343
10,56,20.202174738673197
10,57,23.657383502903066
10,58,22.50907165468557
10,59,20.83085663963029
10,60,24.174947452701556
10,61,26.215910191450654
10,62,24.413990919325098
10,63,21.08312617914902
10,64,21.040251597312505
10,65,21.468209309051783
10,66,19.32214769957975
10,67,19.96678532607828
10,68,17.372847699199063
10,69,15.088876745225614
10,70,14.201815064034568
10,71,11.499293854283344
10,72,14.411730920394374
10,73,16.382542202914745
10,74,17.825415046365922
10,75,19.9820439745668
10,76,21.727141529775313
10,77,24.67899499977872
10,78,27.738537965933297
10,79,29.277191225529418
10,80,33.05302299412351
10,81,33.91680243017445
10,82,37.23994735089165
10,83,38.30581277071089
10,84,41.38294012691084
10,85,42.21904366221467
10,86,44.4092895695944
10,87,47.73944971986286
10,88,47.63267963137543
10,89,46.459589781990836
10,90,43.49172245572524
10,91,41.37422526679882
10,92,39.03830067055629
10,93,36.72492879320658
10,94,33.84134924603797
10,95,31.172580551126476
10,96,28.803356541971294
10,97,24.998777830666565
10,98,24.559665731798002
10,99,21.866001716812725
10,100,18.42463601206054
10,101,18.47835615375067
10,102,15.661775819476617
10,103,12.98745010036918
10,104,12.793191059957666
10,105,12.96689983592656
10,106,16.533544249283835
11,1,12.563793580068234
11,2,11.587027588387667
11,3,9.814664526417287
11,4,7.914747423926559
11,5,10.0159144822255
11,6,9.774358781031532
11,7,12.768093758035764
11,8,14.221084795447638
11,9,5.922673698917054
11,10,3.866494093248997
11,12,3.873639280526528
11,13,5.900177371046823
11,14,9.722491896481962
11,15,11.575301914729927
11,16,15.367051054613095
11,17,18.008895025108103
11,18,21.72184318722206
11,19,24.052754096334283
11,20,27.60454736929451
11,21,30.1654789860534
11,22,33.07332148636215
11,23,31.43647163546114
11,24,30.69942839830667
11,25,34.483759761672204
11,26,34.3614690614095
11,27,37.08117621751513
11,28,37.89553372133466
11,29,35.09917753092535
11,30,36.760007896303
11,31,33.99666042226456
11,32,31.240952511829605
11,33,31.488403022661352
11,34,27.931636120155044
11,35,25.07837781812732
11,36,21.384720819343737
11,37,19.754747991125864
11,38,16.00621088798066
11,39,13.498077192113278
11,40,10.160548503890277
11,41,7.968175907480142
11,42,4.914814472321337
11,43,4.587988551197911
11,44,6.509857341509112
11,45,9.312921726469549
11,46,10.849945010594015
11,47,12.986001576288567
11,48,16.65259289806502
11,49,18.750240927444676
11,50,21.323967553096445
11,51,19.017016676196384
11,52,18.675134610328872
11,53,22.12323402868658
11,54,21.37229346816971
11,55,18.21331349321928
11,56,20.36808510854555
11,57,23.51353404102605
11,58,21.925683522509328
11,59,20.756153340739324
11,60,24.37586348986884
11,61,25.903353675306267
11,62,23.978283883061653
11,63,20.93165747119124
11,64,20.295085875489256
11,65,20.345849508335228
11,66,17.747516734676648
11,67,18.280198197866785
11,68,15.238621712189177
11,69,12.4299385708892
11,70,11.754650732869711
11,71,8.987531052729125
11,72,11.903194399482258
11,73,13.745850614219469
11,74,14.646623684251756
11,75,17.090390707327867
11,76,19.284277794975782
11,77,22.473761555147448
11,78,25.735638577971912
11,79,27.68184577981596
11,80,31.505275192277917
11,81,32.699173727644705
11,82,36.197697649691605
11,83,37.39097040238974
11,84,40.53061272449658
11,85,41.13537198104809
11,86,43.38381296294258
11,87,46.64556152181435
11,88,46.753045873558996
11,89,45.38004359771836
11,90,42.424319348395294
11,91,40.03884764997886
11,92,37.58312987493375
11,93,35.062547114758196
11,94,31.959017422053243
11,95,29.38197776933603
11,96,26.687624036709842
11,97,22.889365857008887
11,98,22.97344325240482
11,99,20.284076119317902
11,100,16.60357821358811
11,101,16.320555468429923
11,102,13.05411040652949
11,103,10.170034846501617
11,104,9.325888294635119
11,105,9.504800061217693
11,106,13.200111933854682
12,1,12.273724277715669
12,2,10.925897388298548
12,3,8.20691788336645
12,4,7.128429892312589
12,5,9.04288483547079
12,6,9.464729818116306
12,7,12.510721062733694
12,8,14.56297699844713
12,9,8.486589987318604
12,10,6.7606541292538695
12,11,3.873639280526528
12,13,3.780001889579483
12,14,7.191060026305627
12,15,9.643901135743683
12,16,13.396031437812182
12,17,15.676682482333232
12,18,19.306378301297485
12,19,21.29029424359056
12,20,24.980145064504402
12,21,27.263951172254963
12,22,30.380081827256195
12,23,28.98998553062104
12,24,27.98408032522791
12,25,31.693760514440278
12,26,31.30269494202803
12,27,34.063995291261676
12,28,34.64003476634897
12,29,31.86425257957319
12,30,33.67221895423842
12,31,30.95705143177853
12,32,28.291919578142487
12,33,28.700956870799263
12,34,25.296569873456644
12,35,22.330023562030323
12,36,18.758684392032468
12,37,16.69872576161474
12,38,13.122568444255698
12,39,10.289526067997556
12,40,6.690860621900292
12,41,5.332121267374359
12,42,3.736731657884064
12,43,4.983701934637958
12,44,6.097626848911973
12,45,9.824360410454394
12,46,12.414560129338307
12,47,14.095071308461286
12,48,17.86632155886088
12,49,20.092677113752266
12,50,22.148199788640802
12,51,19.306608176849025
12,52,19.10166465297179
12,53,22.17339184913346
12,54,20.856586762443595
12,55,17.57650362342233
12,56,19.91885343264511
12,57,22.683822925266224
12,58,20.544390246042283
12,59,19.383261225756495
12,60,23.146793687667028
12,61,24.251143636232218
12,62,21.91961448919027
12,63,18.93896669270262
12,64,17.72312281734318
12,65,17.98291434443998
12,66,15.492628576930839
12,67,16.61673393076144
12,68,13.6936428405925
12,69,10.470469712149582
12,70,8.910135911493962
12,71,5.54930059371121
12,72,8.082343303587455
12,73,9.944731474879276
12,74,11.193782167061123
12,75,13.722796143348598
12,76,15.73774768118471
12,77,19.05495027856681
12,78,22.222609302581144
12,79,24.313763455696233
12,80,28.144025852858174
12,81,29.336435487072748
12,82,32.876406264785224
12,83,33.99303341128047
12,84,37.09101064488829
12,85,37.54502747885738
12,86,39.7666064613664
12,87,43.02045787137096
12,88,43.25196635449676
12,89,41.85880506326845
12,90,38.97573150834973
12,91,36.51498891860734
12,92,34.12540682076895
12,93,31.478851630948
12,94,28.375542114070672
12,95,25.706902825220467
12,96,22.95302393204636
12,97,19.149032791530438
12,98,19.3894384372726
12,99,16.91196362530045
12,100,13.180932406088457
12,101,13.266338573881935
12,102,10.026027669196377
12,103,6.704495135811799
12,104,6.1605995098777875
12,105,6.839769122444848
12,106,10.468600180991537
13,1,12.738461789363438
13,2,10.298894950939816
13,3,7.058195289675284
13,4,4.904816356832996
13,5,5.524427886424629
13,6,6.027018454066292
13,7,9.226836850324858
13,8,11.86506352955465
13,9,7.683200614208525
13,10,7.611385446211699
13,11,5.900177371046823
13,12,3.780001889579483
13,14,3.8302857712869094
13,15,6.364001140693299
13,16,10.010744421440707
13,17,12.739578756533593
13,18,16.291867254337255
13,19,18.671690448219547
13,20,22.28837862155295
13,21,24.846070251412396
13,22,27.809771827573595
13,23,26.513280284315933
13,24,25.88090445309227
13,25,29.595730006257273
13,26,29.223959393301783
13,27,31.735838349868736
13,28,32.49933302635783
13,29,29.538907898133186
13,30,31.044110894443982
13,31,28.182082638370407
13,32,25.411874368239083
13,33,25.821615254416596
13,34,22.275476313928742
13,35,19.277453574503586
13,36,15.568633773486276
13,37,13.997240540107082
13,38,10.312922431918276
13,39,8.291792181449853
13,40,5.641619114092254
13,41,5.441415637498814
13,42,5.760987433917494
13,43,8.350856938358001
13,44,9.870604704991008
13,45,13.558999636619752
13,46,15.992669822993363
13,47,17.710651500881223
13,48,21.505604910012817
13,49,23.57014153767547
13,50,25.75875783750659
13,51,22.91488479681211
13,52,22.447761101649306
13,53,25.42987322695841
13,54,24.193029476367517
13,55,20.743880706610767
13,56,22.78259915201321
13,57,25.558685487919725
13,58,23.331725924059537
13,59,21.77385216357697
13,60,25.44741556729669
13,61,26.618027519761284
13,62,23.961900928166216
13,63,20.746971073936226
13,64,19.39288055464421
13,65,20.270496723572933
13,66,18.203761214196547
13,67,19.807051471295313
13,68,17.10362701144717
13,69,13.809379466042575
13,70,11.64021687363046
13,71,7.830425828007197
13,72,8.954155161701259
13,73,9.602613420924271
13,74,11.128719355156193
13,75,12.661841468808108
13,76,14.23036835710379
13,77,17.10002528995861
13,78,20.260742959935616
13,79,21.956305791285345
13,80,25.761747181378844
13,81,26.938142404427275
13,82,30.426084571109822
13,83,31.764706215305374
13,84,35.01347086853132
13,85,35.788368958122554
13,86,38.235992442439105
13,87,41.375106302694874
13,88,41.3178847683102
13,89,39.82385091715363
13,90,36.7636802102555
13,91,34.405813519638265
13,92,31.879076967130576
13,93,29.51082387843708
13,94,26.473019086356082
13,95,24.007510346983146
13,96,21.552335945230272
13,97,17.789879148789804
13,98,17.491283508438066
13,99,14.579702867780066
13,100,11.017674922848752
13,101,10.884417575766482
13,102,8.199915242578719
13,103,5.951180373035581
13,104,7.450337748055217
13,105,9.586231484956079
13,106,13.044166504003703
14,1,14.478771186360303
14,2,11.432817642014491
14,3,7.811208473975084
14,4,6.1765333562408316
14,5,4.762983830986972
14,6,5.742807051006656
14,7,8.214649070772465
14,8,11.465952630396869
14,9,10.451327473775958
14,10,10.980673247623404
14,11,9.722491896481962
14,12,7.191060026305627
14,13,3.8302857712869094
14,15,3.83353197939328
14,16,6.8004483575282055
14,17,9.513390625475603
14,18,12.826721548685255
14,19,15.248327183073418
14,20,18.875202649124923
14,21,21.43748547127772
14,22,24.408691573607804
14,23,23.37825007082886
14,24,22.86219466004684
14,25,26.494396842052698
14,26,25.955653806989446
14,27,28.285320773167804
14,28,29.040676666537344
14,29,25.962145690595886
14,30,27.328897163895288
14,31,24.4005087507323
14,32,21.613446031776142
14,33,22.12021841438731
14,34,18.582490093855395
14,35,15.488600041184952
14,36,11.772187294510678
14,37,10.30584528382626
14,38,6.712838660517749
14,39,5.598938377339731
14,40,4.742820226723822
14,41,6.573929889032434
14,42,8.652447738812704
14,43,11.7540931626959
14,44,13.12547900530312
14,45,16.93078030639
14,46,19.598556723569637
14,47,21.10241448431462
14,48,24.911312939976398
14,49,26.903795271623487
14,50,28.914493107995636
14,51,25.856096222860632
14,52,25.289474801302102
14,53,27.985860628056237
14,54,26.55447496520345
14,55,23.01926132631781
14,56,24.899500739125525
14,57,27.428494554035144
14,58,24.92075376882008
14,59,23.14492385824262
14,60,26.72620175091443
14,61,27.689757995116757
14,62,24.65535656026687
14,63,21.420544548770867
14,64,19.70226248686878
14,65,21.112785530452616
14,66,19.50206740141015
14,67,21.660659411773764
14,68,19.280372276170645
14,69,15.96187306895008
14,70,13.16350258421059
14,71,9.354318601182698
14,72,8.939117482714353
14,73,8.37758207995325
14,74,10.392396997465992
14,75,10.864524272111606
14,76,11.608065535648265
14,77,14.024333939316652
14,78,17.001882960698566
14,79,18.388270394064698
14,80,22.160009270878188
14,81,23.272295478550458
14,82,26.72631927992295
14,83,28.168687498392273
14,84,31.494277670555025
14,85,32.42963250278825
14,86,35.02190782014718
14,87,38.06369194024883
14,88,37.855875040312455
14,89,36.290848462295536
14,90,33.15075410195969
14,91,30.84929197464109
14,92,28.2848115090527
14,93,26.074524578189486
14,94,23.136790969324185
14,95,20.769870718665445
14,96,18.603567711633374
14,97,14.942595286098813
14,98,14.187078076826028
14,99,11.076185535154067
14,100,7.784438336861564
14,101,7.953346472227016
14,102,6.4307414293883
14,103,5.614868761612493
14,104,8.743335925975963
14,105,11.587811970851979
14,106,14.4988991904354
15,1,18.050320559792866
15,2,14.882655071127566
15,3,11.43298973175541
15,4,9.124374320786046
15,5,6.438901464970274
15,6,5.169342736315834
15,7,5.640976860214576
15,8,8.52521659589089
15,9,10.783506478910983
15,10,11.583436191662225
15,11,11.575301914729927
15,12,9.643901135743683
15,13,6.364001140693299
15,14,3.83353197939328
15,16,3.850362337656246
15,17,6.64174535789931
15,18,10.241654358572818
15,19,13.007974330412559
15,20,16.388283134001217
15,21,19.30989554907407
15,22,21.960038404652114
15,23,20.540848423327247
15,24,20.35072536346187
15,25,24.07588547316122
15,26,23.98927876868902
15,27,26.302892317939612
15,28,27.51159708092646
15,29,24.557958454571985
15,30,25.840343707965996
15,31,23.111200681430446
15,32,20.276712670560322
15,33,20.18346060700337
15,34,16.516590885297433
15,35,13.940060063753721
15,36,10.330864072278708
15,37,9.397599242674133
15,38,5.605391310104713
15,39,5.438250519660794
15,40,6.253064379140018
15,41,7.19774303247403
15,42,9.747471739347981
15,43,13.373693004590884
15,44,15.530294820720842
15,45,19.304529972704056
15,46,21.610932839798206
15,47,22.733825566195403
15,48,26.568029657941786
15,49,28.115595917703562
15,50,30.301497998970508
15,51,27.290855225487345
15,52,26.196580759344684
15,53,28.742869947227867
15,54,27.64769825246909
15,55,23.918936288821968
15,56,25.2533246402399
15,57,27.888227085478736
15,58,25.586549509062458
15,59,23.293485612119273
15,60,26.61017201724835
15,61,27.898847320875625
15,62,24.793835137520574
15,63,21.291963000814242
15,64,19.96494648938833
15,65,21.933396547250574
15,66,20.877801900227315
15,67,23.310638880208135
15,68,21.349504780029896
15,69,18.401219210176567
15,70,15.36480771781814
15,71,11.71631452966491
15,72,11.41247359038796
15,73,11.17463725443694
15,74,13.762538136077788
15,75,13.872557710366465
15,76,13.754236079099487
15,77,15.574923596749606
15,78,17.99260426119553
15,79,18.655138603764236
15,80,22.259674334109018
15,81,22.82527497049403
15,82,25.993455294211838
15,83,27.244902533856948
15,84,30.48403364282834
15,85,31.73682606702259
15,86,34.2743742530078
15,87,37.370271199670974
15,88,36.87375371337468
15,89,35.55518948658597
15,90,32.40962362836919
15,91,30.486613642057875
15,92,28.12893735019867
15,93,26.241924052230154
15,94,23.706117718377897
15,95,21.244127435738406
15,96,19.68081870518727
15,97,16.193676379706854
15,98,14.562083738225956
15,99,11.660545985023914
15,100,9.238202632927296
15,101,10.231323672952389
15,102,9.809057229963392
15,103,9.24070939238069
15,104,12.309372668054623
15,105,14.754293490277664
15,106,17.58123549619927
16,1,20.693613848000698
16,2,17.23598379039699
16,3,13.904578696267286
16,4,11.869363916052905
16,5,8.531413574562837
16,6,7.5218333784879166
16,7,6.480882365178747
16,8,9.210261919175515
16,9,14.003091215485945
16,10,15.223873376170697
16,11,15.367051054613095
16,12,13.396031437812182
16,13,10.010744421440707
16,14,6.8004483575282055
16,15,3.850362337656246
16,17,3.8014822807565576
16,18,6.820434979006697
16,19,10.085330182612754
16,20,13.198516500042102
16,21,16.378324318393673
16,22,18.78531595753101
16,23,17.567896922880514
16,24,17.822459045541297
16,25,21.420904509297934
16,26,21.333307807325056
16,27,23.311501138177462
16,28,24.725766933448366
16,29,21.659107662412634
16,30,22.61120309474324
16,31,19.841263505141235
16,32,16.95647529634777
16,33,16.73182533648489
16,34,12.96746600725066
16,35,10.561508094050536
16,36,7.050380201102383
16,37,7.18755464056596
16,38,4.397219070363381
16,39,6.669173306717873
16,40,9.105878300466717
16,41,10.67442445665831
16,42,13.523587185604786
16,43,17.194621207768428
16,44,19.27566005306977
16,45,23.08079924504437
16,46,25.45214413631118
16,47,26.51118240181251
16,48,30.341056174061215
16,49,31.81208140600845
16,50,33.94359980186569
16,51,30.859115058258226
16,52,29.662698294200958
16,53,32.02366622859079
16,54,30.885523200433347
16,55,27.131462877003607
16,56,28.274033302638856
16,57,30.74498289978044
16,58,28.34432830354923
16,59,25.87393840147031
16,60,29.002395563588006
16,61,30.19377416793478
16,62,26.87796968409264
16,63,23.410964868167994
16,64,21.951104146066456
16,65,24.317080814948234
16,66,23.648284249370544
16,67,26.37866995425217
16,68,24.639599717061607
16,69,21.720979342244984
16,70,18.461186048055197
16,71,14.956565313744864
16,72,13.947291534484762
16,73,12.976665004960719
16,74,15.572233140829328
16,75,14.779195583529802
16,76,13.789771090952312
16,77,14.684499869395523
16,78,16.568422690632804
16,79,16.48930032806655
16,80,19.841338282481054
16,81,20.1511288862148
16,82,23.10298528361323
16,83,24.476630895552585
16,84,27.778833607190283
16,85,29.373776721676435
16,86,32.07313936379166
16,87,35.01591081843222
16,88,34.21185651189795
16,89,32.866102049842624
16,90,29.610305125611635
16,91,27.90863338663396
16,92,25.554360081951508
16,93,24.06028438233959
16,94,21.827047571145584
16,95,19.616487868967695
16,96,18.667689020965945
16,97,15.595924313054192
16,98,13.21865322728131
