1,2,3.8225498081483513
1,3,7.192641602040508
1,4,9.883479112177618
1,5,13.541026150598254
1,6,17.145623246115775
1,7,20.605570079716887
1,8,14.94985778267412
1,9,16.871538177204126
1,10,13.72379936720707
1,11,11.634409052377658
1,12,10.798759034205643
1,13,11.190231659881233
1,14,14.878481027232187
1,15,16.663358916396685
1,16,19.609093549598793
1,17,22.247732675400467
1,18,24.52728897152696
1,19,28.290765665548882
1,20,30.382525069871058
1,21,33.63242389459185
1,22,33.14961698634732
1,23,32.40792531613533
1,24,35.5882621235867
1,25,34.68694530030382
1,26,36.449329152974094
1,27,36.04707591306876
1,28,32.74788685323616
1,29,33.62935681001582
1,30,30.370261891615826
1,31,27.957998707692283
1,32,29.86687910162007
1,33,26.763413507072332
1,34,22.96361430699725
1,35,19.56745175575848
1,36,18.108313962282242
1,37,16.057552296323077
1,38,15.295079182797629
1,39,13.662794016213292
1,40,15.727803324036332
1,41,15.491501465539312
1,42,16.602439316280297
1,43,15.232120156866216
1,44,17.760160056751506
1,45,20.051179918599694
1,46,23.472574351786324
1,47,26.145632187241755
1,48,29.527016753940536
1,49,30.950296002074047
1,50,28.389690414703132
1,51,29.40614803906182
1,52,32.521460395568496
1,53,30.48734827534307
1,54,27.752598962458478
1,55,30.67278982269524
1,56,32.64996757828188
1,57,29.852470230582284
1,58,29.794189516469984
1,59,33.637273996861204
1,60,33.98170730622783
1,61,31.026630156535774
1,62,28.358867593453823
1,63,26.379318676700652
1,64,26.52991933151162
1,65,23.65511458795572
1,66,24.77862937414164
1,67,21.32781266598244
1,68,17.593000469966984
1,69,16.77953837364061
1,70,14.149746102221279
1,71,13.610725495834235
1,72,11.394837066704286
1,73,9.471071836025022
1,74,9.50947948828891
1,75,12.928045026861328
1,76,14.927126279867199
1,77,18.758883666504854
1,78,21.515356005728314
1,79,25.02126719274361
1,80,27.754826571528678
1,81,31.535099904283715
1,82,33.48750017844188
1,83,36.97839070470247
1,84,37.291376384154816
1,85,40.0503978272357
1,86,42.87285965705927
1,87,43.69402547678819
1,88,40.99490122137249
1,89,37.73554157345706
1,90,34.71473142709275
1,91,31.523925039402926
1,92,28.799412074659035
1,93,25.117399906715146
1,94,23.78820237827513
1,95,20.563443706232434
1,96,17.91503383515199
1,97,19.101658791487928
1,98,16.058145943928356
1,99,12.788766199320566
1,100,9.601459579226338
1,101,6.871280644932573
1,102,8.333992722528889
1,103,8.60436690433106
1,104,11.90134174620872
1,105,14.592222415883592
2,1,3.8225498081483513
2,3,3.8103784273783106
2,4,6.841388073205271
2,5,10.266583369269688
2,6,13.842749528740722
2,7,17.262557627963673
2,8,11.515475557265654
2,9,13.385170662354188
2,10,10.406303154099652
2,11,8.13943063363786
2,12,6.977354662819326
2,13,7.676823057655548
2,14,11.392732581538404
2,15,13.64166255221546
2,16,16.703907963192446
2,17,19.706582697255303
2,18,22.110469278190834
2,19,25.916887049804597
2,20,28.215378727594317
2,21,31.36295217763673
2,22,30.532428388867114
2,23,29.820542427888334
2,24,33.173137391799315
2,25,32.59217952487814
2,26,34.56193288368318
2,27,34.4645242024225
2,28,31.2814528096588
2,29,32.29505527315978
2,30,29.20327070070822
2,31,26.635751788720984
2,32,28.117029745284423
2,33,24.826804255015496
2,34,21.195565250135193
2,35,17.589840310776996
2,36,15.995634021358535
2,37,13.36061989768272
2,38,12.232648247960725
2,39,10.27418797356499
2,40,12.055258666614723
2,41,11.89050545430974
2,42,13.408275552936589
2,43,12.626583196079832
2,44,15.629453258728624
2,45,17.89909891403304
2,46,21.122770640906538
2,47,24.120649983290523
2,48,27.289930099183657
2,49,28.882560438594187
2,50,26.16341783067048
2,51,26.79610892396178
2,52,29.87657414065604
2,53,27.958741866461654
2,54,24.967986032509067
2,55,27.656238411368786
2,56,29.76301023152722
2,57,26.972777295506617
2,58,26.597771554033816
2,59,30.447742537641943
2,60,30.9700457234623
2,61,27.99591863326995
2,62,25.118888394740797
2,63,23.329597279139843
2,64,23.755363718438325
2,65,21.092099414409656
2,66,22.4529924018973
2,67,19.241990392527462
2,68,15.589362597555457
2,69,14.277923324259628
2,70,11.206476591984366
2,71,11.185668441622571
2,72,9.453934898900473
2,73,8.80797678157103
2,74,9.45961669011136
2,75,12.402737675233098
2,76,14.725775230225393
2,77,18.498346911282
2,78,20.977134006238007
2,79,24.67264843916273
2,80,27.0150926513835
2,81,30.745719187981805
2,82,32.44129823555464
2,83,35.87964439778644
2,84,36.34818033931843
2,85,39.071964333544614
2,86,42.013609394490125
2,87,42.76541762378155
2,88,40.3002399816406
2,89,37.041520619746
2,90,34.26050242403653
2,91,31.245992802929642
2,92,28.63161383220434
2,93,25.109984084738983
2,94,23.29948383851819
2,95,20.22087418688988
2,96,17.10178227286801
2,97,17.7996933680223
2,98,14.71293811181449
2,99,11.070243384796706
2,100,8.493454871315128
2,101,5.306259811425493
2,102,5.571856233088607
2,103,6.5200613311742295
2,104,10.007862896502507
2,105,13.224552670313559
3,1,7.192641602040508
3,2,3.8103784273783106
3,4,3.8431854163477177
3,5,6.73045589038425
3,6,10.484964844736265
3,7,13.680752688040783
3,8,8.151841435372559
3,9,10.662172399034109
3,10,8.483484079227427
3,11,7.059559771222299
3,12,4.645674848040079
3,13,5.961684273945393
3,14,9.071489503121567
3,15,11.708845931173592
3,16,15.180151105080036
3,17,18.451497613090964
3,18,21.274874219916796
3,19,24.968372435343944
3,20,27.657555463091366
3,21,30.515485874531485
3,22,29.345691856445747
3,23,28.963900204306942
3,24,32.46944809730285
3,25,32.31394458532787
3,26,34.30239399754223
3,27,34.63138711988085
3,28,31.482360997040548
3,29,32.35323877736905
3,30,29.32865178689356
3,31,26.582752334955064
3,32,27.633779085415966
3,33,24.092309482729615
3,34,20.671891155468025
3,35,16.851961931791916
3,36,15.702643573971667
3,37,12.547243303849754
3,38,11.567445695328855
3,39,9.566581009950276
3,40,10.51525496019649
3,41,10.22734605791825
3,42,12.287004516760176
3,43,12.574922213581075
3,44,15.796892040059232
3,45,17.55028558416735
3,46,20.617850130446037
3,47,23.79217392456328
3,48,26.616374952885746
3,49,28.613348485508215
3,50,25.956973805826117
3,51,26.050726968676855
3,52,29.215005282650882
3,53,27.667277892494866
3,54,24.370727837448836
3,55,26.65788083349768
3,56,29.09980003821086
3,57,26.49672927364984
3,58,25.61824838598644
3,59,29.440454938430197
3,60,30.362623482677844
3,61,27.463014023087684
3,62,24.245720849764957
3,63,22.893776435450356
3,64,23.700400166507443
3,65,21.331883688028284
3,66,22.80248557849914
3,67,19.90257609571074
3,68,16.557457995329266
3,69,14.893329891304505
3,70,11.435601355386783
3,71,12.237765519291548
3,72,11.085032739072563
3,73,11.596180009067197
3,74,12.204465699574374
3,75,14.46535156153616
3,76,16.516084298233004
3,77,20.119447394813463
3,78,22.07232999958289
3,79,25.761609252185565
3,80,27.842853625246395
3,81,31.422213076952296
3,82,33.05770263836986
3,83,36.510373439660455
3,84,37.30054475630277
3,85,40.1053194608644
3,86,43.028737965841444
3,87,43.54726899715109
3,88,41.23761874948427
3,89,37.89527995598399
3,90,35.39299846577021
3,91,32.44182108031761
3,92,30.118105928970024
3,93,26.808088765627378
3,94,24.811725700990195
3,95,22.076326598391915
3,96,18.787959663858466
3,97,18.77424552799399
3,98,15.502596564366183
3,99,11.932645113781199
3,100,9.813718641245508
3,101,7.40722692058069
3,102,6.942080214841485
3,103,8.481889990355171
3,104,11.524891024158118
3,105,15.112888785565968
4,1,9.883479112177618
4,2,6.841388073205271
4,3,3.8431854163477177
4,5,3.8444176023925634
4,6,7.298165654292818
4,7,10.830374716114795
4,8,8.486447287756816
4,9,11.552025242454093
4,10,10.487082008414621
4,11,9.102707755293736
4,12,5.470321887349532
4,13,4.758116185076933
4,14,6.662690160224728
4,15,8.632333245674912
4,16,12.363483606371922
4,17,15.476054819269983
4,18,18.654215636698037
4,19,22.164467799875755
4,20,25.116474029253794
4,21,27.726609359478115
4,22,26.55073599256967
4,23,26.558588969794343
4,24,30.042753781735016
4,25,30.08252986300053
4,26,31.86652586464427
4,27,32.4817874257141
4,28,29.27420541219449
4,29,29.862456624828134
4,30,26.82517552121329
4,31,23.97652481921891
4,32,24.815052986587084
4,33,21.142541861955216
4,34,17.846509188152115
4,35,13.962729077660931
4,36,13.472880473317243
4,37,10.355977182716565
4,38,10.367584385969261
4,39,9.480568160875183
4,40,10.59650388744083
4,41,11.300752655059947
4,42,14.16758677795594
4,43,15.185744682980765
4,44,18.669177499827125
4,45,20.361553614472573
4,46,23.117667098379037
4,47,26.49357869990869
4,48,29.045694205494993
4,49,31.157571142836435
4,50,28.378126479645037
4,51,28.07455848004053
4,52,31.080100840093678
4,53,29.610609069031966
4,54,26.105973612742485
4,55,28.011753055771432
4,56,30.468580469078827
4,57,27.78931727475545
4,58,26.45662724005236
4,59,30.181776255929464
4,60,31.16145953915052
4,61,28.104454462839385
4,62,24.707809156820066
4,63,23.375849100688725
4,64,24.770462712409213
4,65,22.905567453487954
4,66,24.822672417042455
4,67,22.291152676725982
4,68,19.05534538209985
4,69,16.791832236106263
4,70,13.048395966706398
4,71,13.516972216402658
4,72,12.041342676231286
4,73,13.277842663669487
4,74,13.105901754842122
4,75,14.46883858982196
4,76,15.850746170623964
4,77,19.16408575799908
4,78,20.49617914801693
4,79,24.048856681729678
4,80,25.968303203245345
4,81,29.362304126023776
4,82,31.080647923655846
4,83,34.59052003689061
4,84,35.73393216369541
4,85,38.71013781500106
4,86,41.48549275158707
4,87,41.70296502372575
4,88,39.442465906472016
4,89,35.989549516444505
4,90,33.730128222182856
4,91,30.78286181979107
4,92,28.819853585348362
4,93,25.759142308676466
4,94,23.789947055732934
4,95,21.534942018547643
4,96,18.369900217429
4,97,17.60049843130265
4,98,14.10698035402127
4,99,11.046493198298162
4,100,9.239142852019452
4,101,8.29988344893288
4,102,8.534507945505831
4,103,11.181180765492062
4,104,14.317455876062997
4,105,17.733081129217354
5,1,13.541026150598254
5,2,10.266583369269688
5,3,6.73045589038425
5,4,3.8444176023925634
5,6,3.8770892582640886
5,7,7.065146976497033
5,8,6.722328136019448
5,9,9.980031378447393
5,10,10.271655572736753
5,11,9.831251589338413
5,12,6.229595733061563
5,13,6.002270950559899
5,14,5.674407740768778
5,15,7.931019395226874
5,16,11.670168693783825
5,17,14.975573384960123
5,18,18.380546967293842
5,19,21.62907127210417
5,20,24.889052115967072
5,21,27.129797057486005
5,22,25.514821715531653
5,23,25.808721520128557
5,24,29.40905217490729
5,25,29.93687892573053
5,26,31.801643277506702
5,27,32.85129043186709
5,28,29.818595031866415
5,29,30.366476492014197
5,30,27.562234991794956
5,31,24.628393816413613
5,32,24.89030177569168
5,33,21.086847908473473
5,34,18.26429657567406
5,35,14.44229788311594
5,36,14.311874092801425
5,37,10.891712337172496
5,38,10.888745543775705
5,39,10.100114255320218
5,40,10.061544693461878
5,41,10.748288508780613
5,42,13.903758445689395
5,43,15.819046859146166
5,44,19.27301090560167
5,45,20.51227126218895
5,46,22.897909592595948
5,47,26.36231323821774
5,48,28.49390715679465
5,49,30.872965088822422
5,50,28.161401665515786
5,51,27.335355076025017
5,52,30.27826139715131
5,53,29.16151953319847
5,54,25.463452493455165
5,55,26.889876224488166
5,56,29.56863924672797
5,57,27.115761783464592
5,58,25.305189780664666
5,59,28.886608101705168
5,60,30.220418668179384
5,61,27.30410348112691
5,62,23.677130569890082
5,63,22.833168719894594
5,64,24.567222064924444
5,65,23.087964092447507
5,66,25.074929093882616
5,67,22.958916160813043
5,68,20.14123312268789
5,69,17.682814664973463
5,70,13.97505402307569
5,71,15.080346012600032
5,72,14.31878424842693
5,73,16.22193817200457
5,74,16.325536139590003
5,75,17.2432101002821
5,76,18.553321572797625
5,77,21.539139849685455
5,78,22.41853824201185
5,79,25.876139905441008
5,80,27.38435947618131
5,81,30.54739880637727
5,82,32.04830009833884
5,83,35.44965195217918
5,84,36.830507071647816
5,85,39.772224708218616
5,86,42.55180408761272
5,87,42.60041498149999
5,88,40.58514246076115
5,89,37.15301731271975
5,90,35.216437033294284
5,91,32.46368016911796
5,92,30.75593162027549
5,93,27.96858544640526
5,94,25.76931928515617
5,95,23.83323200801207
5,96,20.565302462897478
5,97,19.284339887446862
5,98,16.009624204343012
5,99,13.2495138855062
5,100,12.270029234648963
5,101,11.60241347626561
5,102,11.087511838144183
5,103,13.581636555146734
5,104,16.15135149337671
5,105,19.61260181259909
6,1,17.145623246115775
6,2,13.842749528740722
6,3,10.484964844736265
6,4,7.298165654292818
6,5,3.8770892582640886
6,7,3.903682623095401
6,8,8.822105509072497
6,9,11.507804929852291
6,10,12.73746069390043
6,11,12.388510505868677
6,12,9.015005787468365
6,13,8.012968585159532
6,14,5.5666128119788905
6,15,6.701095206856081
6,16,9.934141631617344
6,17,13.029217097902615
6,18,16.57442285966397
6,19,19.427757543112687
6,20,22.92937672023212
6,21,24.763286955939794
6,22,22.877248070962704
6,23,23.53879639680516
6,24,27.13463430943758
6,25,28.062737418696898
6,26,29.8654059814966
6,27,31.31770025690257
6,28,28.44383295831263
6,29,28.863587602002923
6,30,26.305249752894227
6,31,23.34597796264357
6,32,23.069165056023007
6,33,19.232903649882658
6,34,16.956655094115956
6,35,13.40995689685339
6,36,13.808286901893078
6,37,10.58888340316262
6,38,11.152459905861605
6,39,11.253215341647223
6,40,10.876129167146837
6,41,12.246094490985321
6,42,15.700798192573362
6,43,18.147736494260474
6,44,21.647844636381
6,45,22.792541142013846
6,46,24.728104980854432
6,47,28.30989546455021
6,48,30.08618819122308
6,49,32.50394126360641
6,50,29.713246192004462
6,51,28.470190741830915
6,52,31.146713668347314
6,53,30.16702792469914
6,54,26.35679086251312
6,55,27.303217797424058
6,56,29.940037241634496
6,57,27.528757301138526
6,58,25.266921438467065
6,59,28.61477101312884
6,60,30.043667854386854
6,61,27.11154281123924
6,62,23.392932987025084
6,63,22.7535783787209
6,64,25.001021408737255
6,65,24.09744277601135
6,66,26.398887108977505
6,67,24.75949554305412
6,68,22.232347838851364
6,69,19.402636850759546
6,70,15.782852865363424
6,71,16.811345390819476
6,72,16.246736702355033
6,73,18.706712703367334
6,74,18.627530624056124
6,75,18.83541271904478
6,76,19.783881277933656
6,77,22.28047326141523
6,78,22.557948999421384
6,79,25.796561774348127
6,80,26.86360160626756
6,81,29.716095424755363
6,82,31.03702035941565
6,83,34.322162193589996
6,84,35.99395697298882
6,85,38.94478402262512
6,86,41.63509216633671
6,87,41.44531530810916
6,88,39.655154981612775
6,89,36.24549322760208
6,90,34.672216384076116
6,91,32.13002265597813
6,92,30.774199531999763
6,93,28.355279406531707
6,94,26.031950805449974
6,95,24.586278241976284
6,96,21.418943580204783
6,97,19.51157787257105
6,98,16.5084600909403
6,99,14.395745358635516
6,100,14.19899394195143
6,101,14.251894919165833
6,102,13.707664779150832
6,103,16.47251709534511
6,104,18.81148985473395
6,105,22.039561685254622
7,1,20.605570079716887
7,2,17.262557627963673
7,3,13.680752688040783
7,4,10.830374716114795
7,5,7.065146976497033
7,6,3.903682623095401
7,8,9.815475259151189
7,9,12.099431743463011
7,10,14.342021421823766
7,11,14.840094085012758
7,12,11.949481231507518
7,13,11.606698058215327
7,14,8.879060956879755
7,15,9.844374309908858
7,16,12.358159488017625
7,17,15.158239348114897
7,18,18.623803989140985
7,19,21.007500795928216
7,20,24.659088952015694
7,21,26.023764386467025
7,22,23.74942527276256
7,23,24.733742705398708
7,24,28.316368555891035
7,25,29.711266927218727
7,26,31.517984673439763
7,27,33.34487890944678
7,28,30.68054116284833
7,29,31.01242747990233
7,30,28.696613735387373
7,31,25.76073918948776
7,32,25.00994846244742
7,33,21.23098662827722
7,34,19.49789500904375
7,35,16.275127652201796
7,36,16.944534949502433
7,37,13.853264406111276
7,38,14.262566494808524
7,39,14.221770274612084
7,40,12.992566180453506
7,41,13.924447073797266
7,42,17.115084409591642
7,43,20.05476098249359
7,44,23.28860386761959
7,45,23.911334357795013
7,46,25.51354919001593
7,47,28.995277978528378
7,48,30.328711264867014
7,49,33.00531484725062
7,50,30.42488853284972
7,51,28.728238206724136
7,52,31.337636562897824
7,53,30.794916144167345
7,54,26.9222896813115
7,55,27.369777325443014
7,56,30.22432970166855
7,57,28.17621265597845
7,58,25.52838887358408
7,59,28.62138633856206
7,60,30.44664877097659
7,61,27.79897367110483
7,62,23.97228376118762
7,63,23.916459994319453
7,64,26.312007205744134
7,65,25.69947466857853
7,66,27.87539514653727
7,67,26.569357068952502
7,68,24.45024738587718
7,69,21.71356015539492
7,70,18.331661974945796
7,71,19.830336779640184
7,72,19.72118757558238
7,73,22.32604003106999
7,74,22.45149081020623
7,75,22.61081090792512
7,76,23.54576315066165
7,77,25.87561490581018
7,78,25.90379392746101
7,79,28.99382585362684
7,80,29.78986842401243
7,81,32.40085520973021
7,82,33.55629717177032
7,83,36.701270924988464
7,84,38.55230213421238
7,85,41.44201358775515
7,86,44.09360670965
7,87,43.75063969003465
7,88,42.173005138475155
7,89,38.81384265451334
7,90,37.512694681830546
7,91,35.12961094084978
7,92,33.983696404018794
7,93,31.76515740220323
7,94,29.365859285361253
7,95,28.112465374022047
7,96,24.942348085494107
7,97,22.844487786687022
7,98,20.050832615586017
7,99,18.104415471149714
7,100,18.090911969292215
7,101,18.04942090310837
7,102,17.192251401704308
7,103,19.65004952746654
7,104,21.592997414426307
7,105,24.84000392637372
8,1,14.94985778267412
8,2,11.515475557265654
8,3,8.151841435372559
8,4,8.486447287756816
8,5,6.722328136019448
8,6,8.822105509072497
8,7,9.815475259151189
8,9,3.8569060282751453
8,10,5.238160476193929
8,11,7.422828552145768
8,12,6.324339975518794
8,13,9.289863129469538
8,14,9.731900549469918
8,15,13.257110717045459
8,16,16.460011225108854
8,17,20.1942659782267
8,18,23.139748114492175
8,19,26.470198964146107
8,20,29.551517113784204
8,21,31.860134754812307
8,22,29.77103977764473
8,23,29.61261397144996
8,24,33.37592790570097
8,25,34.10103194982227
8,26,36.456611794825484
8,27,37.476367300242885
8,28,34.73965850130782
8,29,35.77038634170733
8,30,33.21680917650735
8,31,30.340680641744356
8,32,30.40070158382573
8,33,26.683419203762444
8,34,24.03736367327876
8,35,20.282505048035336
8,36,19.318634157895662
8,37,15.487148434380115
8,38,13.822062227903446
8,39,11.256190858048972
8,40,9.218402774211922
8,41,7.418391341749415
8,42,9.288254757562266
8,43,11.721865347286696
8,44,14.494742093209586
8,45,14.826875752795592
8,46,17.12214530778602
8,47,20.379246175417602
8,48,22.28525084406516
8,49,24.981785810230374
8,50,22.64835377708078
8,51,21.65577898146118
8,52,24.89206116442371
8,53,24.26769806126436
8,54,20.619222469162835
8,55,22.017866482741898
8,56,25.12342165815448
8,57,23.242534120645995
8,58,21.574040366812334
8,59,25.154719134437226
8,60,26.99366689280046
8,61,24.661357759042627
8,62,21.026875243505337
8,63,20.977203179183505
8,64,22.022639555079945
8,65,20.167699077307404
8,66,21.33868130165561
8,67,19.269370443755456
8,68,17.099639351296425
8,69,15.481884009165555
8,70,12.493322806027672
8,71,15.16860254673204
8,72,15.891190502987286
8,73,17.63540487218493
8,74,19.093017373401945
8,75,20.746580273029426
8,76,22.985858152693346
8,77,26.173070765833327
8,78,27.605608473674007
8,79,31.27794644516822
8,80,32.64941576111316
8,81,35.930227593173875
8,82,37.04875141631663
8,83,40.24262074775377
8,84,41.2675739089813
8,85,43.864160988493666
8,86,46.93716573550307
8,87,47.33777267721579
8,88,45.524002966559884
8,89,42.296831223908406
8,90,40.28667940752398
8,91,37.723170845560695
8,92,35.657326282213994
8,93,32.71599084044015
8,94,30.17284939698392
8,95,27.77554413180716
8,96,24.138122741980606
8,97,23.489286935822435
8,98,20.669420197575786
8,99,17.29559326631818
8,100,16.532401949951254
8,101,14.42584187231717
8,102,12.312439844580496
8,103,13.028120984647678
8,104,14.21295479297606
8,105,17.839733034861705
9,1,16.871538177204126
9,2,13.385170662354188
9,3,10.662172399034109
9,4,11.552025242454093
9,5,9.980031378447393
9,6,11.507804929852291
9,7,12.099431743463011
9,8,3.8569060282751453
9,10,3.869568472094748
9,11,6.973758554977858
9,12,7.70955174749419
9,13,11.006917542043706
9,14,11.368985970946405
9,15,15.138735585307984
9,16,17.802400110654542
9,17,21.655739265162026
9,18,24.17459207336521
9,19,27.496827917999976
9,20,30.366345314076074
9,21,32.718947834914715
9,22,30.387837671458087
9,23,29.874611425658
9,24,33.67042913898061
9,25,34.48866512418221
9,26,37.15577983135762
9,27,38.14813312200581
9,28,35.67445622727902
9,29,37.060935357315344
9,30,34.766844008850896
9,31,31.970375723396923
9,32,31.83940845043714
9,33,28.256575438730618
9,34,25.813840963402793
9,35,22.21638738296938
9,36,20.740284056334556
9,37,16.83772443544751
9,38,14.41245087035753
9,39,11.334050232774167
9,40,8.331993161404682
9,41,5.4367020222083395
9,42,6.339404081340662
9,43,9.414292337537425
9,44,11.830247518508171
9,45,11.873420490572775
9,46,13.689692797909453
9,47,17.05724942599366
9,48,18.762753828883007
9,49,21.428764761283727
9,50,19.05633706052828
9,51,17.873023446873837
9,52,21.068969350551576
9,53,20.563157158773905
9,54,16.89832276622635
9,55,18.218521301006007
9,56,21.407040584263342
9,57,19.723263730606465
9,58,18.090412685299945
9,59,21.638615868947557
9,60,23.62612987717654
9,61,21.558055650159147
9,62,17.98841726224056
9,63,18.33667787642816
9,64,19.102261580324235
9,65,17.274123253809663
9,66,18.180992379894267
9,67,16.432493351016966
9,68,14.83932451114567
9,69,13.481879430852354
9,70,11.172587609987522
9,71,14.521064919927934
9,72,16.171466559112712
9,73,18.12631845104686
9,74,20.223049022098174
9,75,21.857069260470187
9,76,24.508685601118657
9,77,27.571202231766396
9,78,29.16934289523779
9,79,32.908253000749035
9,80,34.021406885681415
9,81,37.2952905392155
9,82,38.064986828651385
9,83,41.05237153269848
9,84,41.85599433929226
9,85,44.185951375211594
9,86,47.42874729546965
9,87,48.04655342480617
9,88,46.4399342007063
9,89,43.401687994845375
9,90,41.433402560493796
9,91,39.1039300038062
9,92,36.88280953993538
9,93,33.98843886667498
9,94,31.16095646889652
9,95,28.660927149751874
9,96,24.87098368136973
9,97,24.43020218707798
9,98,22.068151903440032
9,99,18.61573455994452
9,100,18.39987282906124
9,101,15.965981836591704
9,102,13.08335663857921
9,103,13.046734692860763
9,104,13.178771061580585
9,105,16.487481064508952
10,1,13.72379936720707
10,2,10.406303154099652
10,3,8.483484079227427
10,4,10.487082008414621
10,5,10.271655572736753
10,6,12.73746069390043
10,7,14.342021421823766
10,8,5.238160476193929
10,9,3.869568472094748
10,11,3.913877998115707
10,12,5.936465217400906
10,13,9.712098211162914
10,14,11.33700059214954
10,15,15.181976849755388
10,16,17.93576079340618
10,17,21.777096599853174
10,18,24.123145877208845
10,19,27.71102533610064
10,20,30.33020610867442
10,21,33.0326528257008
10,22,31.036256625481712
10,23,30.22655662082769
10,24,33.96062669902186
10,25,34.35457087175816
10,26,37.017483401917325
10,27,37.62486425269388
10,28,35.037776168802054
10,29,36.53612312936891
10,30,34.09423167642287
10,31,31.372717480805466
10,32,31.664402095273328
10,33,28.171975753048084
10,34,25.38491465333663
10,35,21.740406920475955
10,36,19.878977141290772
10,37,16.098625392988218
10,38,13.399049187338145
10,39,9.861573668120473
10,40,7.7204589410264886
10,41,4.452792673740699
10,42,4.745664295713979
10,43,6.5338785339550425
10,44,9.355211602481292
10,45,10.240727908900514
10,46,12.79139662252525
10,47,16.164151616761036
10,48,18.56918819927098
10,49,20.830758133347786
10,50,18.282793480974366
10,51,17.893256336535277
10,52,21.1802549702976
10,53,20.12984751904383
10,54,16.70654592423305
10,55,18.77783559309923
10,56,21.62258826146443
10,57,19.59343877031011
10,58,18.64235359747262
10,59,22.39450001242138
10,60,23.89088476864146
10,61,21.62613098435501
10,62,18.343723625868652
10,63,18.04653999660916
10,64,18.342661804483
10,65,15.914602595826429
10,66,16.699224108619443
10,67,14.290364265398331
10,68,12.096140669844933
10,69,11.046811736487172
10,70,8.677494743730252
10,71,11.940322719137603
10,72,13.486219315740895
10,73,14.928552948972534
10,74,17.298224046542252
10,75,19.362567425962833
10,76,22.281225033456494
10,77,25.534926260864143
10,78,27.553369685521997
10,79,31.374895579702166
10,80,32.7488480198039
10,81,36.21487861199501
10,82,37.08886330009826
10,83,40.13282819387576
10,84,40.67465895401375
10,85,42.97992890651576
10,86,46.264404599970305
10,87,47.08617660418121
10,88,45.30029237245235
10,89,42.28369858774802
10,90,40.04099329111451
10,91,37.60640989432136
10,92,35.12435130295379
10,93,32.01592064906272
10,94,29.296465681735587
10,95,26.478847837553793
10,96,22.71044143599946
10,97,22.791944329545686
10,98,20.4318982462445
10,99,16.71581210135009
10,100,16.20832528032878
10,101,13.264604315744357
10,102,10.200872879303168
10,103,9.522534221307556
10,104,9.656348113427578
10,105,13.169393816178522
11,1,11.634409052377658
11,2,8.13943063363786
11,3,7.059559771222299
11,4,9.102707755293736
11,5,9.831251589338413
11,6,12.388510505868677
11,7,14.840094085012758
11,8,7.422828552145768
11,9,6.973758554977858
11,10,3.913877998115707
11,12,3.82484968138753
11,13,7.0473995957642845
11,14,9.407532636619182
11,15,13.063776841953155
11,16,15.56850304745097
11,17,19.300749050118927
11,18,21.371262742723175
11,19,25.104216961125626
11,20,27.477648012660815
11,21,30.420878471817193
11,22,28.70671555253127
11,23,27.664576652880825
11,24,31.31174877581161
11,25,31.389135007801624
11,26,34.03080617861748
11,27,34.38548716045185
11,28,31.759442341008313
11,29,33.363402157588304
11,30,30.906868485686633
11,31,28.27444940056908
11,32,28.790960173975048
11,33,25.439869691946985
11,34,22.51744880460824
11,35,18.977110059273716
11,36,16.73399918557077
11,37,13.134114776428284
11,38,10.212469836374302
11,39,6.527223021928594
11,40,5.611333948654286
11,41,3.91064304920514
11,42,5.541956065254568
11,43,6.183675124741143
11,44,9.86567247136574
11,45,12.013267594210369
11,46,14.485894907008682
11,47,18.006719045559628
11,48,20.70768455427079
11,49,22.415904197100208
11,50,19.445250671448797
11,51,19.448908121046365
11,52,22.39878340783407
11,53,20.71298627031348
11,54,17.38784088988132
11,55,19.75299074715953
11,56,22.067605399197493
11,57,19.464012650536368
11,58,18.749874263472474
11,59,22.597443476183482
11,60,23.50513262999088
11,61,20.786109494474747
11,62,17.66652719448205
11,63,16.563553156884602
11,64,17.014233104568625
11,65,14.571360204711722
11,66,15.968078262199565
11,67,13.375073163992713
11,68,10.460674292472781
11,69,8.667508821137407
11,70,5.531577768791234
11,71,8.241292556974656
11,72,9.573416820308257
11,73,11.205464856421665
11,74,13.613467178444786
11,75,15.557841627233646
11,76,18.60898482229642
11,77,21.815227701187855
11,78,23.98117261213926
11,79,27.82555612549478
11,80,29.222375332212653
11,81,32.75590711049658
11,82,33.62210414710058
11,83,36.66651128772692
11,84,37.07679904681369
11,85,39.377300906451424
11,86,42.664068273334934
11,87,43.57628179107357
11,88,41.720374769909654
11,89,38.74028432121347
11,90,36.39442251049018
11,91,33.97181816880485
11,92,31.38346067758767
11,93,28.243435376278253
11,94,25.50678330292561
11,95,22.61702314315961
11,96,18.846904442282433
11,97,19.10511921212481
11,98,16.876753440756378
11,99,13.10892609034283
11,100,12.84910499130503
11,101,9.858595360707138
11,102,6.472574271707035
11,103,6.153635056980402
11,104,6.9784375400231085
11,105,10.526194603068179
12,1,10.798759034205643
12,2,6.977354662819326
12,3,4.645674848040079
12,4,5.470321887349532
12,5,6.229595733061563
12,6,9.015005787468365
12,7,11.949481231507518
12,8,6.324339975518794
12,9,7.70955174749419
12,10,5.936465217400906
12,11,3.82484968138753
12,13,3.8508465515809016
12,14,6.330242147633519
12,15,9.891873176048664
12,16,12.911802852782644
12,17,16.600611178159806
12,18,19.13614901412406
12,19,22.829360971265427
12,20,25.49496741472294
12,21,28.300253330496126
12,22,26.707586388681733
12,23,26.08716723842906
12,24,29.733668360060427
12,25,29.871638230783294
12,26,32.224790749307815
12,27,32.75822342922719
12,28,29.918052503026665
12,29,31.159301845269148
12,30,28.51798258251395
12,31,25.764774908102538
12,32,26.297532246522334
12,33,22.772628377288452
12,34,19.753063679603564
12,35,16.03373788153214
12,36,14.343398537758873
12,37,10.652372456172023
12,38,8.632660694025564
12,39,5.893186311463229
12,40,5.929955720113033
12,41,5.989981810573813
12,42,8.836186841632458
12,43,10.00539542561571
12,44,13.650130846406778
12,45,15.547883454404476
12,46,18.03162840415809
12,47,21.560604944204666
12,48,24.10015174377289
12,49,26.015024111198382
12,50,23.08322011297787
12,51,22.809975248927653
12,52,25.723572813311574
12,53,24.156250801631675
12,54,20.67773182802314
12,55,22.7089859299981
12,56,25.093013060280878
12,57,22.423573130354196
12,58,21.27672442445286
12,59,25.063630058450247
12,60,26.027061063240186
12,61,23.098779061416753
12,62,19.7662569797829
12,63,18.565061555611223
12,64,19.64183752433418
12,65,17.6298989686666
12,66,19.429104424856714
12,67,17.012056076016602
12,68,13.998056790658383
12,69,11.72661068861391
12,70,8.072264110490433
12,71,9.622233748995846
12,72,9.672367085236097
12,73,11.539650490959199
12,74,12.906317522636941
12,75,14.485959845925985
12,76,16.955318684459915
12,77,20.189149462661927
12,78,21.967198726039822
12,79,25.747949673496784
12,80,27.25115526263082
12,81,30.722443787932622
12,82,31.864491750783337
12,83,35.09024619335176
12,84,35.840847686316295
12,85,38.421660879591386
12,86,41.52632988157764
12,87,42.134569288672076
12,88,40.16517426083676
12,89,36.990409627051754
12,90,34.733404100591436
12,91,32.14158432553268
12,92,29.825671414417595
12,93,26.75203976726328
12,94,24.204180594119226
12,95,21.60713440436486
12,96,17.959865326496967
12,97,17.654248290277774
12,98,14.911386303845301
12,99,11.291775316498654
12,100,10.700301300319182
12,101,8.419081105222736
12,102,6.131132125229979
12,103,7.7783966223780805
12,104,9.961864267594942
12,105,13.444721506690525
13,1,11.190231659881233
13,2,7.676823057655548
13,3,5.961684273945393
13,4,4.758116185076933
13,5,6.002270950559899
13,6,8.012968585159532
13,7,11.606698058215327
13,8,9.289863129469538
13,9,11.006917542043706
13,10,9.712098211162914
13,11,7.0473995957642845
13,12,3.8508465515809016
13,14,3.8351506185506548
13,15,6.58612345068804
13,16,9.583189147961452
13,17,13.077145917883348
13,18,15.662268023370542
13,19,19.392281019798965
13,20,22.052477838567214
13,21,24.906940634755518
13,22,23.58411551738143
13,23,23.072382340490687
13,24,26.625646563120455
13,25,26.614253029486065
13,26,28.771963780563777
13,27,29.285981784943857
13,28,26.32433542098648
13,29,27.424548113970854
13,30,24.713967259807113
13,31,21.946658621109954
13,32,22.572126559639578
13,33,19.055328499857794
13,34,15.938410990221726
13,35,12.216263294670233
13,36,10.597362950929933
13,37,6.995570821737902
13,38,5.830925218538061
13,39,4.833710409462097
13,40,6.749913657886025
13,41,8.66256002745991
13,42,11.952945815387642
13,43,13.00663370236346
13,44,16.79536370971222
13,45,19.042547026349634
13,46,21.33870083163619
13,47,24.961543394289833
13,48,27.482378916628523
13,49,29.198506429756808
13,50,26.056653967125115
13,51,25.76607611154669
13,52,28.402709748938182
13,53,26.590600337627464
13,54,23.119569604170827
13,55,25.029220674696315
13,56,27.10692112904591
13,57,24.13762104681014
13,58,22.85856133666781
13,59,26.55040546356497
13,60,27.187328595441215
13,61,23.936837638619643
13,62,20.676887877956087
13,63,19.011225839675006
13,64,20.582822427470504
13,65,19.000027545227994
13,66,21.3471258940447
13,67,19.139169353906187
13,68,15.970896011479375
13,69,13.130507562165675
13,70,9.32711495696691
13,71,9.447363551416501
13,72,8.390803897556236
13,73,10.724552235938805
13,74,11.117659970747438
13,75,11.888881047627507
13,76,13.873932236676374
13,77,16.913142063587266
13,78,18.379910188029417
13,79,22.109508452062663
13,80,23.577963124571312
13,81,27.006500214534604
13,82,28.256018262075436
13,83,31.562374817828346
13,84,32.47266589727548
13,85,35.20885213062572
13,86,38.19308225741732
13,87,38.648019399774306
13,88,36.61768278912657
13,89,33.36551939223223
13,90,31.165380066032906
13,91,28.53837499425983
13,92,26.385139744321958
13,93,23.428516418926808
13,94,20.93338849339861
13,95,18.626267876161087
13,96,15.1085213440685
13,97,14.335147272117592
13,98,11.39362130132114
13,99,8.04902644015317
13,100,7.840286085421365
13,101,6.813666470628219
13,102,5.779585141361988
13,103,8.97102560110629
13,104,11.777567451412725
13,105,14.760688789487602
14,1,14.878481027232187
14,2,11.392732581538404
14,3,9.071489503121567
14,4,6.662690160224728
14,5,5.674407740768778
14,6,5.5666128119788905
14,7,8.879060956879755
14,8,9.731900549469918
14,9,11.368985970946405
14,10,11.33700059214954
14,11,9.407532636619182
14,12,6.330242147633519
14,13,3.8351506185506548
14,15,3.872778432207914
14,16,6.88810903642137
14,17,10.638801264233479
14,18,13.519278073709323
14,19,16.99115738738438
14,20,19.99764750181335
14,21,22.484438361447985
14,22,20.80683195025815
14,23,20.639711521435753
14,24,24.290693000734553
14,25,24.741084028970796
14,26,26.896651026081834
14,27,27.874396147419098
14,28,25.05606971713259
14,29,26.04331006192289
14,30,23.56652847246046
14,31,20.71164234619518
14,32,20.738386595351685
14,33,17.085417686025497
14,34,14.473044327251127
14,35,10.85877432679308
14,36,9.797436768467946
14,37,5.998551268834248
14,38,5.632999476818515
14,39,6.0473076014206315
14,40,6.899479808444766
14,41,9.52059637362338
14,42,13.235147420647706
14,43,15.123638729813154
14,44,18.90625908377897
14,45,20.860292998487825
14,46,22.713609868405385
14,47,26.462187693271982
14,48,28.5771123075163
14,49,30.436851403179173
14,50,27.259455237920655
14,51,26.457243739001434
14,52,28.8820465529953
14,53,27.29430840616685
14,54,23.645197758172934
14,55,25.014242197248038
14,56,27.14343532305399
14,57,24.258248084849185
14,58,22.42439757668402
14,59,25.91287289988812
14,60,26.73570979443453
14,61,23.47410914445264
14,62,20.017853260279626
14,63,18.65480280646466
14,64,20.8411389951138
14,65,19.903756514546533
14,66,22.55116731811692
14,67,20.890597929681
14,68,18.142415478090996
14,69,14.951349246280156
14,70,11.298896740661393
14,71,11.647319826421311
14,72,11.064042619505978
14,73,13.971299134627742
14,74,14.132764948360478
14,75,14.064639192240659
14,76,15.530188732787225
14,77,18.007990203249204
14,78,18.747061611667597
14,79,22.271763855566952
14,80,23.259242086845852
14,81,26.381534741748602
14,82,27.44037978529297
14,83,30.652227155581247
14,84,31.89784056121407
14,85,34.661199718574665
14,86,37.57629032996638
14,87,37.77421837066007
14,88,35.9830251885487
14,89,32.72872751935251
14,90,30.91702997004966
14,91,28.498162307599536
14,92,26.73130111821862
14,93,24.171787907215016
14,94,21.5166771006184
14,95,19.785019299908807
14,96,16.36987200690288
14,97,14.756228854913012
14,98,12.074502735147842
14,99,9.605295672335316
14,100,10.301256812524539
14,101,10.27241908442615
14,102,9.323031238518764
14,103,12.42023741461395
14,104,14.75230019420803
14,105,17.54089149757334
15,1,16.663358916396685
15,2,13.64166255221546
15,3,11.708845931173592
15,4,8.632333245674912
15,5,7.931019395226874
15,6,6.701095206856081
15,7,9.844374309908858
15,8,13.257110717045459
15,9,15.138735585307984
15,10,15.181976849755388
15,11,13.063776841953155
15,12,9.891873176048664
15,13,6.58612345068804
15,14,3.872778432207914
15,16,3.8508397285448557
15,17,7.138934204863921
15,18,10.454413776179306
15,19,13.779926649502054
15,20,16.964948757509156
15,21,19.322205642410065
15,22,17.946987678435868
15,23,18.16833528639854
15,24,21.663504692329187
15,25,22.06491512681469
15,26,23.871193665777604
15,27,24.97828769281752
15,28,22.020476786859238
15,29,22.675555757302526
15,30,20.12952101100846
15,31,17.217579781985926
15,32,17.18989436756206
15,33,13.447171766382281
15,34,10.872920860107458
15,35,7.292362239694134
15,36,7.147994363534739
15,37,4.222173362686443
15,38,6.382088522717648
15,39,8.663332163418064
15,40,10.265518181551817
15,41,13.271789452467644
15,42,16.99404207808709
15,43,18.74207706373965
15,44,22.560519161973257
15,45,24.663215638158814
15,46,26.46325439440295
15,47,30.236202445033715
15,48,32.33120777829096
15,49,34.1002569194534
15,50,30.831991589837695
15,51,30.006772913311163
15,52,32.24840132360786
15,53,30.54945990389408
15,54,26.941168093018113
15,55,28.17612240966323
15,56,30.088784624450753
15,57,27.066566862376288
15,58,25.129943509126
15,59,28.443623701026755
15,60,29.038929714123057
15,61,25.613179321712316
15,62,22.29951315915005
15,63,20.678344611978282
15,64,23.212113616311846
15,65,22.63425090149246
15,66,25.5736970764315
15,67,24.05681060075971
15,68,21.248039827763606
15,69,17.864882930764416
15,70,14.3186133815477
15,71,13.826783485706683
15,72,12.521964956755326
15,73,15.387143210686096
15,74,14.653008946931806
15,75,13.715884297286685
15,76,14.258447113042008
15,77,16.20440518923404
15,78,16.23886193323385
15,79,19.494189009192212
15,80,20.342540930103134
15,81,23.265766872241343
15,82,24.482359626701026
15,83,27.77885676855444
15,84,29.340876455675865
15,85,32.309961456710404
15,86,35.00839714694099
15,87,34.92036247591834
15,88,33.087834063897475
15,89,29.7244343815769
15,90,28.093054419091402
15,91,25.658659513716092
15,92,24.260296462916013
15,93,21.990623783374353
15,94,19.521841486235765
15,95,18.37720658504369
15,96,15.397338400980384
15,97,13.052044211688473
15,98,10.333705554992786
15,99,9.05492589283301
15,100,10.137815348663391
15,101,11.47981986520764
15,102,11.595974578729686
15,103,15.134874003896218
15,104,17.75864824135597
15,105,20.235516820794377
16,1,19.609093549598793
16,2,16.703907963192446
16,3,15.180151105080036
16,4,12.363483606371922
16,5,11.670168693783825
16,6,9.934141631617344
16,7,12.358159488017625
16,8,16.460011225108854
16,9,17.802400110654542
16,10,17.93576079340618
16,11,15.56850304745097
16,12,12.911802852782644
16,13,9.583189147961452
16,14,6.88810903642137
16,15,3.8508397285448557
16,17,3.876697668556593
16,18,6.786760335530583
16,19,10.123133559774617
16,20,13.270948079991788
16,21,15.642764079782308
16,22,14.211876095261882
16,23,14.319966380360169
16,24,17.818571904571584
16,25,18.302936054768605
16,26,20.212635019793037
16,27,21.470975852066207
16,28,18.71272737572158
16,29,19.566444224399326
16,30,17.400131775088553
16,31,14.579047011218627
16,32,14.066945674088405
16,33,10.473686090768172
16,34,8.556645883433351
16,35,5.892861021579947
16,36,5.498730143406992
16,37,4.13106551091787
16,38,6.740963740744692
16,39,10.042635602901381
16,40,11.761203299771882
16,41,15.276648951015332
16,42,18.95229390810326
16,43,20.699212479060556
16,44,24.48839040589291
16,45,26.79070028429245
16,46,28.219376700678946
16,47,32.053837301881224
16,48,34.013147711078894
16,49,35.5227335238412
16,50,32.08004679942871
16,51,31.17558941928277
16,52,33.02938290229941
16,53,31.164904208376182
16,54,27.66235015879364
16,55,28.68168717267411
16,56,30.214514494135667
16,57,27.048170792640512
16,58,25.023893498925233
16,59,28.070057951227948
16,60,28.344568789012378
16,61,24.792326287586622
16,62,21.724663656995602
16,63,19.880787640761202
16,64,22.792630385433032
16,65,22.783336930096272
16,66,26.073987116401064
16,67,24.99041308118518
16,68,22.412850090479022
16,69,18.76969076278643
16,70,15.61575699108851
16,71,14.63844001851296
16,72,13.506654704011776
16,73,16.701903581001513
16,74,15.861532762565604
16,75,14.054841481271188
16,76,14.2686157928656
16,77,15.355958281708924
16,78,14.81645658795121
16,79,17.797563853789445
16,80,17.986160032426202
16,81,20.633649052561093
16,82,21.46553467149312
16,83,24.577660491278483
16,84,26.238442796027662
16,85,29.127440473816563
16,86,31.82118336483768
16,87,31.674575088917617
16,88,30.07890595146177
16,89,26.839547071343897
16,90,25.50134947265808
16,91,23.419170726002676
16,92,22.243092549574808
16,93,20.421712503814273
16,94,17.708904798114503
16,95,17.14263870039755
16,96,14.422493679097153
16,97,11.473507946824379
16,98,9.71540013228892
16,99,9.628775195200653
16,100,11.848638583062614
16,101,13.673021452124836
16,102,13.724107186504108
16,103,17.215019292433077
16,104,19.52174109859969
16,105,21.455355398023496
17,1,22.247732675400467
17,2,19.706582697255303
17,3,18.451497613090964
17,4,15.476054819269983
17,5,14.975573384960123
17,6,13.029217097902615
17,7,15.158239348114897
17,8,20.1942659782267
