1,2,3.8433539482035504
1,3,7.406150760901731
1,4,10.204913742163022
1,5,13.818901522244763
1,6,17.42663218280932
1,7,20.83009413998374
1,8,16.50152770852123
1,9,13.166349084335797
1,10,11.184605123502825
1,11,10.768714905278767
1,12,11.293431389874943
1,13,15.073410518331968
1,14,16.887204712562728
1,15,19.683348521305387
1,16,22.07077411844888
1,17,24.136275144407918
1,18,27.901448361758977
1,19,30.02491262167296
1,20,33.31939373556092
1,21,32.70481858602655
1,22,32.00656955801196
1,23,35.19813609874941
1,24,34.068267552666526
1,25,36.17195903158105
1,26,35.857102291087806
1,27,32.53920900204635
1,28,33.519852909331284
1,29,30.22110865034224
1,30,27.797141321586555
1,31,29.65489576315371
1,32,26.497097750736735
1,33,22.710250148529383
1,34,19.413484600790017
1,35,17.84387120138977
1,36,15.860565944621731
1,37,15.207293439600063
1,38,13.132131912952902
1,39,15.227829211458703
1,40,15.489016277993553
1,41,16.22587188120562
1,42,14.6566104842849
1,43,16.14620122947039
1,44,18.540094602033644
1,45,20.516398677851758
1,46,23.413099355801776
1,47,25.935781177318066
1,48,27.427258116520193
1,49,24.940968389944654
1,50,25.73356383340744
1,51,29.043874368803408
1,52,27.508406134845238
1,53,24.725862129639903
1,54,27.32438564282934
1,55,29.79778692646644
1,56,27.3647472875284
1,57,27.434929805337656
1,58,31.244357901659814
1,59,31.75403420102487
1,60,29.23661535032542
1,61,26.527266514382944
1,62,24.888583543602778
1,63,24.812456196550585
1,64,21.941771137436618
1,65,23.040555904738095
1,66,19.656076175837622
1,67,15.885201914372496
1,68,15.419609336810531
1,69,13.213448824087672
1,70,12.726146847986044
1,71,10.719076329880306
1,72,8.615758815946034
1,73,9.076312536074841
1,74,12.68821156739279
1,75,14.92882071589256
1,76,18.76314593886736
1,77,21.52642975366346
1,78,25.045238199777327
1,79,27.748053968223807
1,80,31.51209884599487
1,81,33.44088802025072
1,82,36.87362819389917
1,83,37.61407544996886
1,84,40.42619552476137
1,85,42.76392514397345
1,86,43.032490891986136
1,87,40.89261163810756
1,88,37.73674117457
1,89,34.71456291770646
1,90,31.61175412382968
1,91,28.751413974408877
1,92,25.131114675484795
1,93,23.80661010045687
1,94,20.55185602851381
1,95,17.600381619373596
1,96,18.800906028961986
1,97,15.909007141829155
1,98,12.701323625956908
1,99,9.900513272940136
1,100,6.756688771252737
1,101,7.709967908384625
1,102,7.317451917857963
1,103,10.356583247992956
1,104,12.561255537089018
2,1,3.8433539482035504
2,3,3.8154650142581588
2,4,6.855892012472961
2,5,10.272323314279353
2,6,13.836501162391922
2,7,17.190994650219537
2,8,13.077913015823231
2,9,10.003914924219648
2,10,7.937219770536831
2,11,6.9670327623851405
2,12,7.707197754086242
2,13,11.463455965327446
2,14,13.662694072485921
2,15,16.63322775028607
2,16,19.38453691557563
2,17,21.624959379370612
2,18,25.40142232619644
2,19,27.779789563596385
2,20,30.92494541598273
2,21,29.977594774432053
2,22,29.39298756804946
2,23,32.75714416929103
2,24,31.970136760455333
2,25,34.22275144902532
2,26,34.23736235510071
2,27,31.013394395073757
2,28,32.11431069136737
2,29,28.95119750438859
2,30,26.347893462104622
2,31,27.772614725429445
2,32,24.40911754524638
2,33,20.76992635052747
2,34,17.22919864920855
2,35,15.640571940061813
2,36,13.06685327251335
2,37,12.165244994039442
2,38,9.940037621863024
2,39,11.763532382184419
2,40,12.123784623949422
2,41,13.401794213818807
2,42,12.593423941290057
2,43,14.671399374515957
2,44,17.45918012683673
2,45,18.873073326837204
2,46,21.699228641090624
2,47,24.561995251822825
2,48,26.2860997709901
2,49,23.68352671645703
2,50,23.942394613368077
2,51,27.213501726735455
2,52,25.86148805921127
2,53,22.749168099694515
2,54,24.978167669394193
2,55,27.60596747203211
2,56,25.167272314812855
2,57,24.798630110806453
2,58,28.622545319370094
2,59,29.398555898988093
2,60,26.821411036521813
2,61,23.827541847505586
2,62,22.44359165934363
2,63,22.748438652647124
2,64,20.17396409084446
2,65,21.562755067316882
2,66,18.502114763949653
2,67,14.752705706517968
2,68,13.656291095446958
2,69,10.795071213552951
2,70,10.767183588239918
2,71,9.166768976377442
2,72,8.497451272265506
2,73,9.37243534755098
2,74,12.432523526238281
2,75,14.865942286767263
2,76,18.570019388138686
2,77,20.958140010568638
2,78,24.64622814053008
2,79,26.961661399387978
2,80,30.663847218592558
2,81,32.35666962709079
2,82,35.741959106261895
2,83,36.63599876540508
2,84,39.32872131793313
2,85,41.91088251142725
2,86,42.030122113850496
2,87,40.13762310865202
2,88,36.997122601404776
2,89,34.222850813249
2,90,31.28830867726859
2,91,28.543519567541473
2,92,25.126309251757135
2,93,23.388965846261126
2,94,20.378546727820158
2,95,17.040702589735925
2,96,17.610911815125142
2,97,14.587873476455488
2,98,11.004663437691791
2,99,8.821448037599827
2,100,5.35042982399399
2,101,5.138309372107844
2,102,5.704729767467473
2,103,9.15341470866298
2,104,12.138319709506614
3,1,7.406150760901731
3,2,3.8154650142581588
3,4,3.854017254892578
3,5,6.703325216243048
3,6,10.421209745921233
3,7,13.56522223023654
3,8,10.30178103132029
3,9,8.022699002254654
3,10,6.870938397893945
3,11,4.570017649579305
3,12,5.889183501890713
3,13,9.052766584770762
3,14,11.632789262276912
3,15,15.024640596982074
3,16,18.09384768989708
3,17,20.737748799221514
3,18,24.385113904624482
3,19,27.14825509968856
3,20,29.990594623224546
3,21,28.698847993291665
3,22,28.45263818752278
3,23,31.965270731796288
3,24,31.594151653590703
3,25,33.86175964692621
3,26,34.305661043900656
3,27,31.136949216525416
3,28,32.166779326016126
3,29,29.088087915457127
3,30,26.3083345973357
3,31,27.276764433455533
3,32,23.677679414268884
3,33,20.28162161700018
3,34,16.50461544091234
3,35,15.341014500421114
3,36,12.18889981400417
3,37,11.364785531842285
3,38,9.274257787131575
3,39,10.27906171698361
3,40,10.442950765924737
3,41,12.32936698953681
3,42,12.505862031589617
3,43,14.748892121081141
3,44,17.717804523722485
3,45,18.354664068444936
3,46,20.962881505111557
3,47,24.231482401873816
3,48,26.36363842303303
3,49,23.894699009039776
3,50,23.54383052815687
3,51,26.846645349784712
3,52,25.911493060635305
3,53,22.5172652615569
3,54,24.218812760046646
3,55,27.13144476443896
3,56,24.8894435932455
3,57,23.992603830218883
3,58,27.763453255580107
3,59,28.983048585707913
3,60,26.476875513816847
3,61,23.153749137994385
3,62,22.25185440944052
3,63,22.941656726869297
3,64,20.697597303547962
3,65,22.180474787480897
3,66,19.481292474260982
3,67,15.969704071609282
3,68,14.509842291086294
3,69,11.165925221335796
3,70,11.865473237516083
3,71,10.829833613827914
3,72,11.33761465825897
3,73,12.14338712953955
3,74,14.550772099846865
3,75,16.732454367412405
3,76,20.236509420535267
3,77,22.090968501838784
3,78,25.78089724421666
3,79,27.78019822797794
3,80,31.337893357577236
3,81,32.91820794020034
3,82,36.29213258080796
3,83,37.451721417395035
3,84,40.08510154270313
3,85,42.83927286586061
3,86,42.70766882487536
3,87,40.997665927956746
3,88,37.815176058551565
3,89,35.326917475651086
3,90,32.48907031768978
3,91,29.992836869565707
3,92,26.799156675168884
3,93,24.888479285745344
3,94,22.244850039783422
3,95,18.769858857647623
3,96,18.610016545045244
3,97,15.409821231505843
3,98,11.835762593188726
3,99,10.174661502315825
3,100,7.408313614764601
3,101,6.485115921071774
3,102,7.769965504406775
3,103,10.785571142423905
3,104,14.27809250549382
4,1,10.204913742163022
4,2,6.855892012472961
4,3,3.854017254892578
4,5,3.855791253341887
4,6,7.317344976445027
4,7,10.84813779439601
4,8,11.28433191657925
4,9,10.167235987585826
4,10,9.091988013465
4,11,5.513247339201033
4,12,4.734035723888508
4,13,6.703161666930854
4,14,8.563775427651178
4,15,12.243849568614202
4,16,15.149271177123639
4,17,18.178076389168687
4,18,21.624901765591023
4,19,24.647363221026577
4,20,27.236224090272817
4,21,25.950000512059745
4,22,26.108640601059253
4,23,29.577392064605526
4,24,29.364024351177733
4,25,31.42198782392883
4,26,32.16744832201018
4,27,28.949107951726265
4,28,29.725586208464108
4,29,26.643558243655423
4,30,23.765332555026564
4,31,24.50417186481262
4,32,20.783382792935576
4,33,17.558662541603947
4,34,13.69966583890382
4,35,13.227164877834422
4,36,10.08260078168776
4,37,10.255589942657274
4,38,9.424419471466715
4,39,10.621304932935306
4,40,11.646502127214575
4,41,14.379492904755358
4,42,15.358432735248757
4,43,17.944290443803315
4,44,21.011597553107784
4,45,21.270365675105364
4,46,23.71341300609262
4,47,27.151428049253724
4,48,29.3752322281096
4,49,26.83559655562146
4,50,26.121407860826956
4,51,29.256583953830887
4,52,28.384994782783828
4,53,24.808697377348434
4,54,26.123924991150112
4,55,29.00875750434096
4,56,26.65697156196903
4,57,25.286377666543277
4,58,28.976607363946943
4,59,30.299703219275084
4,60,27.58137815251764
4,61,24.053074576447543
4,62,23.166544082735786
4,63,24.44334511967973
4,64,22.69095707816495
4,65,24.595831870976784
4,66,22.243035212432673
4,67,18.811584503387234
4,68,16.76057130276038
4,69,13.075617629617616
4,70,13.324697696916285
4,71,11.902609245262191
4,72,13.107692925059666
4,73,13.09191223413603
4,74,14.65624506924041
4,75,16.17384316158781
4,76,19.39796133266518
4,77,20.61965665101096
4,78,24.172614902837108
4,79,25.9656724947685
4,80,29.34413352167194
4,81,30.97829967217392
4,82,34.40426506235758
4,83,35.899535462174214
4,84,38.612957447797484
4,85,41.37699930501803
4,86,40.92424944323716
4,87,39.25104153444937
4,88,35.96762444791101
4,89,33.73710733890161
4,90,30.915577568292267
4,91,28.761159341959313
4,92,25.804695189729035
4,93,23.965403115436093
4,94,21.818429973535874
4,95,18.489340676507375
4,96,17.56918756895145
4,97,14.129390364441992
4,98,11.026383036560205
4,99,9.610836157188727
4,100,8.238945729265138
4,101,8.162417756165658
4,102,10.668886162885972
4,103,13.849879698556824
4,104,17.19637437913557
5,1,13.818901522244763
5,2,10.272323314279353
5,3,6.703325216243048
5,4,3.855791253341887
5,6,3.8626882702507284
5,7,7.050900757623497
5,8,9.730374004131164
5,9,10.02018293934372
5,10,9.909969962306477
5,11,6.2861766544222775
5,12,6.005343253313233
5,13,5.7288636948628255
5,14,7.8865342632312085
5,15,11.612953829774566
5,16,14.793375143472128
5,17,18.027320160559597
5,18,21.18373147132237
5,19,24.50772713705413
5,20,26.702395464484198
5,21,24.974423649086948
5,22,25.43528189727424
5,23,29.018187689055658
5,24,29.302494511160923
5,25,31.420581734371652
5,26,32.59334092110955
5,27,29.568045423288154
5,28,30.368577742636525
5,29,27.52859725148138
5,30,24.56762276968476
5,31,24.718262795118477
5,32,20.889759347935478
5,33,18.152697049059647
5,34,14.343587217961696
5,35,14.219276716078847
5,36,10.744237705647745
5,37,10.798070207790783
5,38,10.249479315828985
5,39,10.299938734901442
5,40,11.10088058174636
5,41,14.194082959312647
5,42,16.020575897459963
5,43,18.639676440331073
5,44,21.70719305745439
5,45,21.289149841587385
5,46,23.414799039413587
5,47,27.070659634891076
5,48,29.540923044456736
5,49,27.135413725618676
5,50,25.874902343633117
5,51,28.888995766757702
5,52,28.389727071011723
5,53,24.66240646788067
5,54,25.41286291411545
5,55,28.444450219654776
5,56,26.322767348594905
5,57,24.465485432998285
5,58,27.978465562625168
5,59,29.689494789279777
5,60,27.105301497175752
5,61,23.374448514975523
5,62,23.00274863660199
5,63,24.604434909054415
5,64,23.24451975449936
5,65,25.18792705901983
5,66,23.263253355682668
5,67,20.18371917523472
5,68,17.939317238570982
5,69,14.210719244037811
5,70,15.04314737427848
5,71,14.316398252730318
5,72,16.16303987634573
5,73,16.411265328994897
5,74,17.555549425479768
5,75,19.010628171909612
5,76,21.887586396143927
5,77,22.665758588371244
5,78,26.129782071268558
5,79,27.491088003395316
5,80,30.64611153787355
5,81,32.02642883965471
5,82,35.31963198426126
5,83,36.98105625569975
5,84,39.52715841224368
5,85,42.47075900731851
5,86,41.83750781379447
5,87,40.43144052435399
5,88,37.21259578502548
5,89,35.29832292427028
5,90,32.692155635716745
5,91,30.75261460443951
5,92,28.083327201828812
5,93,26.026397945536797
5,94,24.210443528886927
5,95,20.824320664592932
5,96,19.398064819176007
5,97,16.17375920006298
5,98,13.315926656904416
5,99,12.698557409245652
5,100,11.632014066955332
5,101,10.854370635157851
5,102,13.212444375430348
5,103,15.848625456495888
5,104,19.345442989044315
6,1,17.42663218280932
6,2,13.836501162391922
6,3,10.421209745921233
6,4,7.317344976445027
6,5,3.8626882702507284
6,7,3.901228001013838
6,8,11.14866988843453
6,9,12.434235497228249
6,10,12.391793556331223
6,11,8.962131355213069
6,12,7.966862795195112
6,13,5.5334975145378165
6,14,6.693164762408593
6,15,9.936158923004005
6,16,13.016021630500825
6,17,16.35670688567519
6,18,19.093767964208006
6,19,22.64007273332232
6,20,24.41193005624035
6,21,22.39471524664618
6,22,23.214381181026177
6,23,26.79054331758173
6,24,27.482831373697056
6,25,29.544108642430587
6,26,31.11624747810861
6,27,28.282301361455247
6,28,29.037072423663403
6,29,26.469316872116043
6,30,23.48839021657177
6,31,23.075443726486114
6,32,19.243451663942917
6,33,17.08093658190645
6,34,13.53948807607582
6,35,13.896680252687858
6,36,10.574009878002865
6,37,11.039118836321089
6,38,11.4583432091457
6,39,11.123085970876517
6,40,12.39717548458176
6,41,15.867766049173422
6,42,18.334282233102005
6,43,21.178722834039043
6,44,24.25324528358939
6,45,23.461574935196715
6,46,25.343588165347292
6,47,29.0381534766106
6,48,31.508194132745945
6,49,29.058793040160904
6,50,27.408991249371738
6,51,30.129356983343413
6,52,29.738871037223422
6,53,25.92359547154736
6,54,26.195770034380054
6,55,29.115273171464555
6,56,26.999268426347875
6,57,24.67326324441826
6,58,27.954917108298364
6,59,29.80291061428359
6,60,27.154240623761126
6,61,23.32370888028109
6,62,23.16051974471525
6,63,25.265050926532584
6,64,24.465472537283414
6,65,26.69585970321965
6,66,25.236658585772567
6,67,22.42116113787128
6,68,19.787726395001876
6,69,16.06988635781541
6,70,16.806314470954852
6,71,16.286513119905987
6,72,18.699323574544447
6,73,18.788342096811814
6,74,19.254613618226944
6,75,20.39376880635921
6,76,22.775144976291642
6,77,22.97296434989535
6,78,26.23538828092482
6,79,27.118271673903784
6,80,29.97440771824734
6,81,31.11758084906856
6,82,34.26460703492116
6,83,36.13834615789541
6,84,38.55233020778999
6,85,41.60528249582469
6,86,40.73556246665253
6,87,39.57300735016188
6,88,36.42242568934938
6,89,34.8698010166838
6,90,32.50371930187781
6,91,30.868682465913572
6,92,28.57416629950279
6,93,26.391714871633845
6,94,25.06673707227749
6,95,21.804569350826736
6,96,19.770619447798577
6,97,16.821788066296897
6,98,14.53134794490483
6,99,14.657674739481589
6,100,14.302505323278465
6,101,13.509728630213909
6,102,16.167235351999594
6,103,18.598259119447526
6,104,21.932509988679914
7,1,20.83009413998374
7,2,17.190994650219537
7,3,13.56522223023654
7,4,10.84813779439601
7,5,7.050900757623497
7,6,3.901228001013838
7,8,11.596143664285828
7,9,13.927241061488466
7,10,14.711456528588254
7,11,11.780581916901143
7,12,11.488113978846316
7,13,8.76358992691217
7,14,9.839559438582201
7,15,12.379903651742431
7,16,15.288098951943773
7,17,18.508067319934405
7,18,20.78058240572278
7,19,24.44164085859876
7,20,25.7451493794209
7,21,23.32825496693134
7,22,24.43518648860013
7,23,28.00524361678915
7,24,29.177301547202003
7,25,31.24430323821977
7,26,33.16862153865655
7,27,30.572592596056523
7,28,31.32253731590485
7,29,29.01275251960783
7,30,26.059432996634158
7,31,25.1760147498542
7,32,21.42817906221607
7,33,19.793901638903694
7,34,16.544932931384512
7,35,17.087596582410267
7,36,13.848834596274063
7,37,14.038598680094724
7,38,14.340890120400179
7,39,13.135282160674256
7,40,13.817577243906113
7,41,17.086671913648313
7,42,19.981611516464955
7,43,22.58464313233384
7,44,25.500402011946896
7,45,24.13801303160794
7,46,25.63769734228528
7,47,29.43115576185407
7,48,32.12173681988909
7,49,29.928037450327835
7,50,27.833779178867285
7,51,30.415161562646716
7,52,30.457260088327782
7,53,26.63616516890038
7,54,26.36108809072738
7,55,29.394798050139975
7,56,27.64640307551299
7,57,24.961814442466657
7,58,27.946458486344138
7,59,30.19351406161154
7,60,27.83132998011808
7,61,23.94726493192471
7,62,24.362862736622688
7,63,26.58419733182609
7,64,26.064602405881384
7,65,28.143774120146688
7,66,27.023204585497353
7,67,24.56877587299753
7,68,22.025150015251917
7,69,18.50443687986166
7,70,19.72484078891893
7,71,19.685691444923712
7,72,22.24379775001497
7,73,22.569501131534984
7,74,23.00305631608122
7,75,24.170214658950826
7,76,26.392603581968427
7,77,26.381639907799386
7,78,29.525027500284924
7,79,30.121602119589433
7,80,32.75892547509121
7,81,33.689739880674054
7,82,36.67009166063724
7,83,38.63911719014703
7,84,40.87209542065664
7,85,44.0400256334596
7,86,43.0405288180167
7,87,42.113023747360224
7,88,39.056055629998866
7,89,37.761488623089875
7,90,35.57739837901401
7,91,34.103721167972864
7,92,32.006790461825545
7,93,29.724334198684037
7,94,28.572636732802984
7,95,25.307634647269936
7,96,23.112019964951955
7,97,20.37980226704156
7,98,18.204733274505106
7,99,18.534222421808558
7,100,18.066860485442735
7,101,16.92858113729994
7,102,19.249895848961884
7,103,21.260077804296852
7,104,24.667522516227105
8,1,16.50152770852123
8,2,13.077913015823231
8,3,10.30178103132029
8,4,11.28433191657925
8,5,9.730374004131164
8,6,11.14866988843453
8,7,11.596143664285828
8,9,3.8780520201605695
8,10,6.942267471717477
8,11,7.448873195683827
8,12,10.748234303483619
8,13,11.152736996588942
8,14,14.913348584717477
8,15,17.56799341428712
8,16,21.383106736155575
8,17,23.665659603259947
8,18,26.91836678371055
8,19,29.8567404756139
8,20,32.1562500366667
8,21,29.73693465647138
8,22,29.389543196480506
8,23,33.219437641196386
8,24,33.8863601201124
8,25,36.74020825188833
8,26,37.76747946473897
8,27,35.26919874632772
8,28,36.899295928021566
8,29,34.51649118199879
8,30,31.67454001685012
8,31,31.509330987691126
8,32,27.893375480430247
8,33,25.37125971226311
8,34,21.79611340782647
8,35,20.306745774757573
8,36,16.422903250948288
8,37,14.018609326775744
8,38,11.24367658373021
8,39,8.36702643760208
8,40,5.520064524499476
8,41,6.710821050624057
8,42,9.364061071560949
8,43,11.31334708157794
8,44,14.043370822366922
8,45,12.552979084499428
8,46,14.22714240908831
8,47,17.977798511612374
8,48,20.671675688227737
8,49,18.62852538795835
8,50,16.773517400578566
8,51,19.82692999520349
8,52,20.017368922829327
8,53,16.34984153424949
8,54,16.665771571558896
8,55,20.128643474746777
8,56,18.838865744209688
8,57,17.11013988506635
8,58,20.45312253119035
8,59,22.757496522013753
8,60,21.107613294437
8,61,17.55194883262626
8,62,18.403944913615547
8,63,19.12053165025121
8,64,17.55236570248408
8,65,18.495868950264107
8,66,17.07314475728745
8,67,15.09899636431107
8,68,13.799820235471582
8,69,11.305023262286944
8,70,14.40438553332782
8,71,16.041952777980956
8,72,17.94011217311046
8,73,20.11786271453556
8,74,21.888523193911077
8,75,24.634423527787146
8,76,27.507430646011844
8,77,29.017885795218223
8,78,32.75629188490497
8,79,33.839714681803315
8,80,37.105462391074965
8,81,37.81681345185388
8,82,40.689471325991704
8,83,41.689616250852495
8,84,43.64556478477919
8,85,46.92823443469498
8,86,46.88125813759352
8,87,45.930294285861706
8,88,43.14939921533286
8,89,41.13040978889263
8,90,38.926800515126516
8,91,36.456550477645685
8,92,33.74084196717291
8,93,31.012682328887962
8,94,28.639549213670374
8,95,24.808047973519518
8,96,24.20757281610632
8,97,21.888979758321707
8,98,18.36750386109464
8,99,18.56270731346334
8,100,15.921964440281036
8,101,12.858510508257904
8,102,12.74949123069213
8,103,12.937810614086521
8,104,16.438884097290163
9,1,13.166349084335797
9,2,10.003914924219648
9,3,8.022699002254654
9,4,10.167235987585826
9,5,10.02018293934372
9,6,12.434235497228249
9,7,13.927241061488466
9,8,3.8780520201605695
9,10,3.8792815388832924
9,11,5.674613200488996
9,12,9.48766802197043
9,13,11.204342788039709
9,14,15.013788734942784
9,15,17.755592533292965
9,16,21.49110312043874
9,17,23.625236139280172
9,18,27.161653022603197
9,19,29.865946360051822
9,20,32.52938548792628
9,21,30.451800536125166
9,22,29.813214697583657
9,23,33.58387249441786
9,24,33.822798000273785
9,25,36.6766697787871
9,26,37.323467652697815
9,27,34.68421503560002
9,28,36.35642469693994
9,29,33.80530372718532
9,30,31.034492344739146
9,31,31.31313875943633
9,32,27.766705731969186
9,33,24.87618231271103
9,34,21.264560733984627
9,35,19.414183854573874
9,36,15.687455502787873
9,37,13.10469898797966
9,38,9.720954160987539
9,39,7.6908120636894886
9,40,4.844485710432798
9,41,5.288951566860552
9,42,6.600049703861828
9,43,8.799477410389507
9,44,11.82996513146229
9,45,11.365683697359316
9,46,13.677429508708313
9,47,17.166396997122757
9,48,19.54229778690926
9,49,17.2328631138319
9,50,16.159002965446685
9,51,19.452032192307634
9,52,19.099727853990057
9,53,15.56819398260312
9,54,16.78080847108324
9,55,20.051810194791415
9,56,18.423418536089464
9,57,17.394099142584462
9,58,21.00623105114955
9,59,22.788299997376946
9,60,20.963673956813505
9,61,17.647246633446017
9,62,17.85137158385633
9,63,18.101269410421168
9,64,15.91756257764775
9,65,16.760368577457086
9,66,14.684945325875027
9,67,12.18832341841564
9,68,11.21168863595542
9,69,8.737521998487754
9,70,11.824832628867567
9,71,13.354061937281616
9,72,14.726139338166309
9,73,17.16179974996957
9,74,19.348045619382535
9,75,22.33581668713308
9,76,25.420049404755375
9,77,27.352899963677473
9,78,31.16591213638561
9,79,32.55641034114381
9,80,36.009266195231874
9,81,36.87673253427305
9,82,39.834638767297
9,83,40.63733087321783
9,84,42.7034654032126
9,85,45.85064895422809
9,86,46.01168790006944
9,87,44.854794776964226
9,88,42.05276383430853
9,89,39.753240109115694
9,90,37.411600904692065
9,91,34.7146253587881
9,92,31.771075180427324
9,93,29.15164779307544
9,94,26.444286291728197
9,95,22.614951899728187
9,96,22.540561446482798
9,97,20.209336647291916
9,98,16.462562391869508
9,99,16.332545413447157
9,100,13.214452957731107
9,101,9.983137040104346
9,102,9.1958282586697
9,103,9.33992836828119
9,104,12.991602100758898
10,1,11.184605123502825
10,2,7.937219770536831
10,3,6.870938397893945
10,4,9.091988013465
10,5,9.909969962306477
10,6,12.391793556331223
10,7,14.711456528588254
10,8,6.942267471717477
10,9,3.8792815388832924
10,11,3.8235446761152185
10,12,7.0752866717747604
10,13,9.523709311559493
10,14,13.149989823481738
10,15,15.574197696413277
10,16,19.16645524411122
10,17,20.988566155762324
10,18,24.67999243044874
10,19,27.12136855355243
10,20,30.0410578300342
10,21,28.233308251470874
10,22,27.322451930973525
10,23,31.00796449623555
10,24,30.936979262670448
10,25,33.80335809574223
10,26,34.1858222344463
10,27,31.518993785403357
10,28,33.29188310388245
10,29,30.74019526821754
10,30,28.063226432525976
10,31,28.564924416591804
10,32,25.162091091064422
10,33,22.124587003267788
10,34,18.649564770105698
10,35,16.390271997260946
10,36,12.88312577928712
10,37,10.069084008007293
10,38,6.388413817188444
10,39,5.465990785894631
10,40,4.328051198132294
10,41,5.747794880987732
10,42,6.493705248055236
10,43,9.743928389868813
10,44,12.949498049421402
10,45,13.401282619170258
10,46,15.985862394486425
10,47,19.03721052727715
10,48,20.81102712808356
10,49,17.98344651658826
10,50,17.401263782569636
10,51,20.421157167324207
10,52,19.332571986300064
10,53,15.829632622914586
10,54,17.525512809918453
10,55,20.30595304594529
10,56,18.022528693389102
10,57,17.210361748592824
10,58,21.00113172268187
10,59,22.19057143088493
10,60,19.858529960375744
10,61,16.62585938254616
10,62,16.01596431740589
10,63,16.426944797528424
10,64,14.214851530378532
10,65,15.684604175734968
10,66,13.42440144074865
10,67,10.34577002793552
10,68,8.614695799410143
10,69,5.4645520295175105
10,70,8.063905761724428
10,71,9.49310295739429
10,72,11.084681702786803
10,73,13.614756003559018
10,74,15.653335628752957
10,75,18.794742621165973
10,76,21.79875208214839
10,77,23.88802726741225
10,78,27.721679272817475
10,79,29.14211636575343
10,80,32.65619298603683
10,81,33.51194417837938
10,82,36.46274331095589
10,83,37.13443502162741
10,84,39.236164439828826
10,85,42.314827322760586
10,86,42.590152738109495
10,87,41.36544804304387
10,88,38.601582823694656
10,89,36.19320398960708
10,90,33.86900842513249
10,91,31.063018590872723
10,92,28.09571616126103
10,93,25.43521900116338
10,94,22.64765535894339
10,95,18.812132482881193
10,96,18.927409171597578
10,97,16.769211468773108
10,98,12.988760106723744
10,99,13.137605507771097
10,100,10.011258563024715
10,101,6.431708552391196
10,102,5.946528197233962
10,103,6.682861353183916
10,104,10.267728831422717
11,1,10.768714905278767
11,2,6.9670327623851405
11,3,4.570017649579305
11,4,5.513247339201033
11,5,6.2861766544222775
11,6,8.962131355213069
11,7,11.780581916901143
11,8,7.448873195683827
11,9,5.674613200488996
11,10,3.8235446761152185
11,12,3.8545109889500395
11,13,6.3694947095740755
11,14,9.895321296592961
11,15,12.823974088365159
11,16,16.37195833563665
11,17,18.677617733472598
11,18,22.3144247271046
11,19,25.053582560562536
11,20,27.825826078928852
11,21,26.11502846360735
11,22,25.634994957237975
11,23,29.305676027206292
11,24,29.269512012413127
11,25,31.876285237904437
11,26,32.48483713214874
11,27,29.628109133716105
11,28,31.068790903739966
11,29,28.36316261662262
11,30,25.567681745964972
11,31,26.032394504517985
11,32,22.4577171238951
11,33,19.398819465592066
11,34,15.729261399478805
11,35,14.029559889012491
11,36,10.362816027684142
11,37,8.43189447853449
11,38,5.7772068056026695
11,39,5.809793481778942
11,40,6.287621453100183
11,41,8.997262135397904
11,42,10.2740363517952
11,43,13.316552709395335
11,44,16.50196739602775
11,45,16.70001472522772
11,46,19.1610851371076
11,47,22.45211178945988
11,48,24.449028369186166
11,49,21.718604029298987
11,50,20.920344651871766
11,51,23.911176159423476
11,52,22.947568468373163
11,53,19.342570375012198
11,54,20.700723883799967
11,55,23.51753310374624
11,56,21.16473912565963
11,57,19.908114504385544
11,58,23.64172673183129
11,59,24.941367456875785
11,60,22.364336641783943
11,61,18.89266548776912
11,62,18.188215829393563
11,63,19.215159422054285
11,64,17.409133134838516
11,65,19.24351544704478
11,66,17.10817866622623
11,67,13.922097288932077
11,68,11.771084723391196
11,69,8.120588126723675
11,70,9.468245912818666
11,71,9.626253923340006
11,72,11.494718972131382
11,73,13.01155881815111
11,74,14.713572488511927
11,75,17.291494035717356
11,76,20.333827973751987
11,77,22.003012580713104
11,78,25.777343004599548
11,79,27.226359802661747
11,80,30.674322318966492
11,81,31.756847817701267
11,82,34.87986623690101
11,83,35.914890004508095
11,84,38.2325420095704
11,85,41.25290742918008
11,86,41.201100564552696
11,87,39.86488476117264
11,88,36.903986397443695
11,89,34.62735946282147
11,90,32.159627970954574
11,91,29.629370934018578
11,92,26.71961184220006
11,93,24.26177291536313
11,94,21.790814235932398
11,95,18.047968249723223
11,96,17.566844514174814
11,97,14.89862781859
11,98,11.246298187986433
11,99,11.118815126843932
11,100,8.607131106845907
11,101,5.9984541394001525
11,102,7.506053242037992
11,103,9.685440858915207
11,104,13.177149696931945
12,1,11.293431389874943
12,2,7.707197754086242
12,3,5.889183501890713
12,4,4.734035723888508
12,5,6.005343253313233
12,6,7.966862795195112
12,7,11.488113978846316
12,8,10.748234303483619
12,9,9.48766802197043
12,10,7.0752866717747604
12,11,3.8545109889500395
12,13,3.869204264496636
12,14,6.576488326462308
12,15,9.477533696923519
12,16,12.797696063785292
12,17,15.186763349062156
12,18,18.861014735358633
12,19,21.60570134075295
12,20,24.429278084756127
12,21,22.987497603913074
12,22,22.62448886769288
12,23,26.189776138164703
12,24,25.981383491773805
12,25,28.40740332028929
12,26,29.019271671492973
12,27,26.042254154795643
12,28,27.334338362805966
12,29,24.56579308844522
12,30,21.751798868483085
12,31,22.28941146334308
12,32,18.710962208082027
12,33,15.57346302066511
12,34,11.891299619339593
12,35,10.308095154346487
12,36,6.705062926560194
12,37,5.713745731231778
12,38,4.842537480283151
12,39,6.729657231754899
12,40,8.956931323446542
12,41,12.139223738435184
12,42,13.489378874727265
12,43,16.79041759809896
12,44,19.986619102715963
12,45,20.370316613933987
12,46,22.844626092309518
12,47,26.037155784201694
12,48,27.826398377272774
12,49,24.887870283210923
12,50,24.151388796080564
12,51,26.907819087536364
12,52,25.651803997599202
12,53,22.049966203054616
12,54,23.3803684049627
12,55,25.891830681977442
12,56,23.188559627623672
12,57,21.772605420671677
12,58,25.456234630786483
12,59,26.464254226805924
12,60,23.492790606225693
12,61,20.02972275228632
12,62,18.831582402917775
12,63,20.37309765699872
12,64,18.969119053709107
12,65,21.340686380278587
12,66,19.360789906903218
12,67,16.05700612244092
12,68,13.341435147991652
12,69,9.533270772794404
12,70,9.402648155257904
12,71,8.426741100370412
12,72,10.771810817686873
12,73,11.309005344459948
12,74,12.23190331247972
12,75,14.320876863577112
12,76,17.159612690272144
12,77,18.485346409522545
12,78,22.20311597811698
12,79,23.591516694413755
12,80,26.99258573897253
12,81,28.174660693810427
12,82,31.383441630742478
12,83,32.60052687315703
12,84,35.06210510607433
12,85,38.00968919671948
12,86,37.78619950788775
12,87,36.37232575285778
12,88,33.322981317455564
12,89,31.12090029190766
12,90,28.619449257662534
12,91,26.25773942383529
12,92,23.46046139850142
12,93,21.083792887125117
12,94,18.925499170053875
12,95,15.318743715089191
12,96,14.339450430931079
12,97,11.458456933840754
12,98,8.074103977560338
12,99,8.290305100613555
12,100,6.9813725823391515
12,101,5.670652770279155
12,102,8.821542403146168
12,103,11.694544368468918
12,104,14.653329083654908
13,1,15.073410518331968
13,2,11.463455965327446
13,3,9.052766584770762
13,4,6.703161666930854
13,5,5.7288636948628255
13,6,5.5334975145378165
13,7,8.76358992691217
13,8,11.152736996588942
13,9,11.204342788039709
13,10,9.523709311559493
13,11,6.3694947095740755
13,12,3.869204264496636
13,14,3.8692537066430384
13,15,6.787699754214601
13,16,10.45390911271153
13,17,13.110107408862916
13,18,16.487225173183692
13,19,19.572544017407537
13,20,22.00169228209306
13,21,20.19427557646148
13,22,20.190618256346713
13,23,23.84757618605543
13,24,24.10453534228521
13,25,26.52035650087747
13,26,27.597528085729504
13,27,24.7921418567569
13,28,26.0470524625844
13,29,23.53514895760409
13,30,20.63866517319303
13,31,20.546819568061885
13,32,16.858922470911462
13,33,14.265416781083523
13,34,10.691945322847031
13,35,9.684911611800338
13,36,5.869774766755643
13,37,5.52962868846127
13,38,6.350378248769035
13,39,7.139490375611664
13,40,9.780267284955164
13,41,13.481989699870372
13,42,15.687391095529545
13,43,19.108727973153748
13,44,22.306955680575413
13,45,22.14992934562081
13,46,24.341689063949183
13,47,27.671828526526188
13,48,29.575419578384512
13,49,26.66264735294788
13,50,25.429717571004048
13,51,27.935644118853364
13,52,26.896418618654515
13,53,23.15924023624334
13,54,23.91050735172312
13,55,26.393608022206795
13,56,23.75210840698147
13,57,21.758079834796824
13,58,25.221824640673105
13,59,26.465316222360048
13,60,23.441778072497584
13,61,19.786462912297466
13,62,18.913836243297226
13,63,21.057547349781274
13,64,20.29350068309547
13,65,22.923021951551995
13,66,21.47910771387714
13,67,18.540085114745615
13,68,15.478871906495145
13,69,11.731804773095616
13,70,11.765468334021529
13,71,11.222444588670724
13,72,14.114789137775196
13,73,14.405719103235352
13,74,14.52811302876318
13,75,16.12229683121486
13,76,18.387138043437147
13,77,18.985342233450066
13,78,22.49976278305824
13,79,23.360254716310507
13,80,26.45776284172152
13,81,27.39471034896267
13,82,30.478707851332324
13,83,31.957668565594275
13,84,34.29149941872813
13,85,37.387893375118914
13,86,36.89137878298633
13,87,35.7372164578323
13,88,32.73266112368655
13,89,30.924433501866023
13,90,28.662653665680622
13,91,26.64808306651742
13,92,24.263855699808158
13,93,21.74527275939025
13,94,20.18335106482506
13,95,16.730949929238548
13,96,14.921277229179474
13,97,12.304055258872427
13,98,9.727834703961264
13,99,10.763957320018369
13,100,10.4526608184629
13,101,9.323213150269298
13,102,12.402183242766911
13,103,14.854674202974872
13,104,17.71795572955108
14,1,16.887204712562728
14,2,13.662694072485921
14,3,11.632789262276912
14,4,8.563775427651178
14,5,7.8865342632312085
14,6,6.693164762408593
14,7,9.839559438582201
14,8,14.913348584717477
14,9,15.013788734942784
14,10,13.149989823481738
14,11,9.895321296592961
14,12,6.576488326462308
14,13,3.8692537066430384
14,15,3.8347162156458285
14,16,6.980040789776328
14,17,10.148142374068776
14,18,13.351983436667537
14,19,16.62430091633876
14,20,18.919989145535993
14,21,17.427060646340987
14,22,17.834207986170178
14,23,21.302694231876654
14,24,21.462324243654837
14,25,23.534912118179935
14,26,24.771225138222295
14,27,21.829963941600862
14,28,22.755305767130324
14,29,20.18433206507533
14,30,17.234945979789824
14,31,17.06287839422071
14,32,13.284223609347265
14,33,10.797353585149917
14,34,7.254384956686452
14,35,7.2709881805371905
14,36,4.35564603013336
14,37,6.490910825541251
14,38,8.99453218614112
14,39,10.539634580176536
14,40,13.53769609484689
14,41,17.25038277139599
14,42,19.360068393643257
14,43,22.835063741130522
14,44,26.040851662220334
14,45,25.9968592810794
14,46,28.205998758260993
14,47,31.509463645269967
14,48,33.33426586936713
14,49,30.33622668783845
14,50,29.151642451837557
14,51,31.536590239285452
14,52,30.353618375939583
14,53,26.651640846486234
14,54,27.369933533926165
14,55,29.654202668219426
14,56,26.84420670032528
14,57,24.761715724587138
14,58,28.102068668353304
14,59,29.148595062815197
14,60,25.90843050255107
14,61,22.352919742884975
14,62,21.18287399010487
14,63,23.649350757138095
14,64,23.17184373591787
14,65,26.068870279316243
14,66,24.696469267958086
14,67,21.69420348720086
14,68,18.452762568763607
14,69,14.784769947158974
14,70,14.00233086175578
14,71,12.704903386842513
14,72,15.540943366792716
14,73,14.92577445073943
14,74,14.241531542039404
14,75,14.938355153897673
14,76,16.725885860265944
14,77,16.62119435055213
14,78,19.86267144190857
14,79,20.54926116205364
14,80,23.450466021384702
14,81,24.52872141117588
14,82,27.703718764829652
14,83,29.51132747187609
14,84,32.011943733061024
14,85,34.99618625198209
14,86,34.1961240232939
14,87,32.96820413313023
14,88,29.84290505652764
14,89,28.234732840586112
14,90,25.95710627585802
14,91,24.30872358096581
14,92,22.187953289175404
14,93,19.905574223142803
14,94,18.925546863569878
14,95,15.909792454299302
14,96,13.404089962059222
14,97,10.71767866936749
14,98,9.26302827564121
14,99,10.495638965441968
14,100,11.5429548387885
14,101,11.553646931668789
14,102,15.10216523907299
14,103,17.888824261870976
14,104,20.44497711105305
15,1,19.683348521305387
15,2,16.63322775028607
15,3,15.024640596982074
15,4,12.243849568614202
15,5,11.612953829774566
15,6,9.936158923004005
15,7,12.379903651742431
15,8,17.56799341428712
15,9,17.755592533292965
15,10,15.574197696413277
15,11,12.823974088365159
15,12,9.477533696923519
15,13,6.787699754214601
15,14,3.8347162156458285
15,16,3.8457863442946696
15,17,6.517056311405808
15,18,9.72368749946338
15,19,12.952232221105005
15,20,15.26938031732322
15,21,13.72733457556937
15,22,14.003500051451821
15,23,17.478274306894296
15,24,17.720034728540345
15,25,19.9074885382773
15,26,21.26139868344624
15,27,18.527041774065832
15,28,19.69737924977688
15,29,17.50586219549185
15,30,14.64313221019857
15,31,13.997810433589107
15,32,10.381313148252323
15,33,8.488247540950184
15,34,5.8741895693244155
15,35,5.688870656855697
15,36,4.331402523752951
15,37,6.77883711822794
15,38,10.295324790924955
15,39,11.94396796482707
15,40,15.404143498224235
15,41,19.11238404702268
15,42,21.364462163860193
15,43,25.05929060081655
15,44,28.234413264823072
15,45,28.23029918688706
15,46,30.37582269475785
15,47,33.49390895134002
15,48,35.036303517750426
15,49,31.851374967862608
15,50,30.630083247095545
15,51,32.65101285334425
15,52,31.243104597924884
15,53,27.62735362674755
15,54,28.213738237482744
15,55,30.104282292824916
15,56,27.086942454172014
15,57,24.88436835912826
15,58,28.000129167732005
15,59,28.751858811866697
15,60,25.305890482769403
15,61,21.942956398657156
15,62,20.518823927468564
15,63,23.386222230701552
15,64,23.45104123744153
15,65,26.69623257940123
15,66,25.723943899808873
15,67,22.96258853010633
15,68,19.41060722171672
15,69,16.058138855919523
15,70,14.788722368922087
15,71,13.636164697575504
15,72,16.819090517130693
15,73,16.07783424299998
15,74,14.514891470793993
15,75,14.896712463378003
15,76,15.818360512821782
15,77,15.156526296164445
15,78,18.134171698743895
15,79,18.182665217332172
15,80,20.817359458950925
15,81,21.497703802197957
15,82,24.47296982550073
15,83,26.308906713566994
15,84,28.65322257302884
15,85,31.742708375296935
15,86,30.88093603401975
15,87,29.893640164362182
15,88,26.926264982938978
15,89,25.584982561443038
15,90,23.663092736629107
15,91,22.197966877357423
15,92,20.541288330263882
15,93,18.02232556489546
15,94,17.62398849873516
15,95,14.922868404684325
15,96,11.838696696883847
15,97,10.063231767586469
15,98,9.725403787764073
15,99,12.00092107548942
15,100,13.645680744706647
15,101,13.662879846348009
15,102,17.2223501906361
15,103,19.735333300871588
15,104,21.798439767393123
16,1,22.07077411844888
16,2,19.38453691557563
16,3,18.09384768989708
16,4,15.149271177123639
16,5,14.793375143472128
16,6,13.016021630500825
16,7,15.288098951943773
16,8,21.383106736155575
16,9,21.49110312043874
16,10,19.16645524411122
16,11,16.37195833563665
16,12,12.797696063785292
16,13,10.45390911271153
16,14,6.980040789776328
16,15,3.8457863442946696
16,17,3.829995479755073
16,18,6.550658891865413
16,19,9.912346505609229
16,20,12.12182793419326
16,21,11.230198572005747
16,22,11.95436264549651
16,23,15.003150295258411
16,24,14.99835768700911
16,25,16.71858456241906
16,26,18.21354313835394
16,27,15.350615141629119
16,28,16.160375766069862
16,29,14.000785713233903
16,30,11.136805764630259
16,31,10.266468096241445
16,32,6.581442372982835
16,33,5.2733992431078045
16,34,4.194388660977686
16,35,5.626674544548672
16,36,6.77504946943641
16,37,9.880489006026858
16,38,13.643723353289655
16,39,15.629769223322162
16,40,19.17893783625703
16,41,22.84354697909971
16,42,24.960831443771987
16,43,28.67959896509444
16,44,31.85100468707607
16,45,31.982600093467227
16,46,34.16685880218816
16,47,37.233374569188136
16,48,38.67410475730456
16,49,35.412725646015566
16,50,34.28447457343519
16,51,36.20615246121241
16,52,34.649096623944054
16,53,31.10744110049858
16,54,31.72532987435429
16,55,33.42115693597646
16,56,30.27994028393901
16,57,28.105702018944424
16,58,31.093114523425395
16,59,31.61435619040168
16,60,28.041715378265536
16,61,24.879246198357322
16,62,23.20052722642822
16,63,26.199178161598343
16,64,26.452326787067324
16,65,29.84675339792093
16,66,28.916247124676815
16,67,26.131178746119595
16,68,22.533532526857588
16,69,19.327941854677682
16,70,17.563754380408206
16,71,15.96173785734049
16,72,18.89560284278831
16,73,17.519497966845837
16,74,15.301141810262736
16,75,14.764209016573545
16,76,14.89331613876595
16,77,13.331952253764374
16,78,15.746498963038132
16,79,15.397102678680486
16,80,17.67752756583832
16,81,18.433020967889533
16,82,21.45688439371653
16,83,23.645910739564492
16,84,26.146358131994777
16,85,29.081150452573393
16,86,27.898589736023325
16,87,26.853288186240974
16,88,23.797869725119337
16,89,22.730291468005273
16,90,20.893910273922625
16,91,19.907131235907404
16,92,18.705208784106457
16,93,16.50921896176017
16,94,16.90065549489275
16,95,14.933700256728804
16,96,11.324143649606235
16,97,10.033946565096091
16,98,11.096696047704542
16,99,13.347067132105812
16,100,15.807735230142738
16,101,16.501711118725403
16,102,20.193363932718608
16,103,22.86393435824717
16,104,24.646187459389452
17,1,24.136275144407918
17,2,21.624959379370612
17,3,20.737748799221514
17,4,18.178076389168687
17,5,18.027320160559597
17,6,16.35670688567519
17,7,18.508067319934405
17,8,23.665659603259947
17,9,23.625236139280172
17,10,20.988566155762324
17,11,18.677617733472598
17,12,15.186763349062156
17,13,13.110107408862916
17,14,10.148142374068776
17,15,6.517056311405808
17,16,3.829995479755073
17,18,3.8753001294195677
17,19,6.51396517840872
17,20,9.323047068199669
17,21,8.7269501790391
17,22,8.654683292463949
17,23,11.631227590075714
17,24,11.36739820970565
