1,2,3.7887422889523275
1,3,7.106124586041296
1,4,10.312618533267804
1,5,13.398830818836355
1,6,17.071736184566543
1,7,19.085463743699055
1,8,22.741519117127382
1,9,24.362809948295244
1,10,28.049091297691305
1,11,29.59193538141997
1,12,32.520152620177505
1,13,35.19294003493465
1,14,33.643204239594894
1,15,30.047662253758695
1,16,26.754997245498192
1,17,26.617150575114696
1,18,23.949214573437942
1,19,23.902161052402615
1,20,21.619000088564025
1,21,21.088607060021314
1,22,20.024878130361632
1,23,20.881357118246225
1,24,23.037794487061166
1,25,25.28097848231371
1,26,23.999150150991493
1,27,24.13447504146317
1,28,21.84583037201766
1,29,22.617213512649027
1,30,20.831161908033543
1,31,17.648788822571323
1,32,16.064718513412007
1,33,17.902423180632123
1,34,16.29929747595076
1,35,18.05231894973476
1,36,19.6000023701904
1,37,22.181743207159382
1,38,23.215763876340592
1,39,27.009961875438137
1,40,27.25562262439481
1,41,19.019272393734102
1,42,17.573970760982412
1,43,16.67011305785216
1,44,16.66169963369499
1,45,13.77308064335987
1,46,13.091690817112585
1,47,13.22960376663949
1,48,16.201766425313505
1,49,16.222406731126107
1,50,19.545049193030376
1,51,22.435187396803624
1,52,24.72795484071302
1,53,25.416903809599805
1,54,24.55930510801771
1,55,21.50126991185061
1,56,20.46268978883609
1,57,19.498016889831913
1,58,22.212118712527914
1,59,23.794192118701584
1,60,25.231791487339624
1,61,25.14540133420381
1,62,28.703883462241418
1,63,28.203464131240466
1,64,25.397429084919906
1,65,27.98420973867906
1,66,30.525068948783037
1,67,28.15946640947346
1,68,27.878431087898953
1,69,31.649434424239523
1,70,32.497169971951145
1,71,30.59085899361233
1,72,33.24168577485285
1,73,33.613995549564
1,74,32.069356524503604
1,75,28.732194530078697
1,76,26.162474824297114
1,77,23.212069562495582
1,78,20.140800703538584
1,79,16.775583065213333
1,80,13.849795337738952
1,81,10.147667183072583
1,82,8.681310513442503
1,83,5.9184456010857325
1,84,5.222904663251671
2,1,3.7887422889523275
2,3,3.792181155404593
2,4,6.7539728065365
2,5,9.82226898265162
2,6,13.41208025168858
2,7,15.416803426491112
2,8,19.053799915060807
2,9,20.699285802060775
2,10,24.395352542844776
2,11,25.912629166039576
2,12,28.92537891762933
2,13,31.62359244592805
2,14,30.22768107740649
2,15,26.58227365500468
2,16,23.252846409454147
2,17,23.359001901083452
2,18,20.851911210028636
2,19,21.048084151132812
2,20,18.858158995293607
2,21,18.8176829247299
2,22,18.04050624105131
2,23,18.686305928770707
2,24,21.09707057684823
2,25,23.692509957316094
2,26,22.434438602373305
2,27,23.038015993416913
2,28,21.199247352109982
2,29,21.743565809475488
2,30,19.54121973080898
2,31,16.178969500303054
2,32,13.913012582672783
2,33,15.275810764583026
2,34,13.655398462096064
2,35,15.281487834653381
2,36,17.347268962405604
2,37,19.730734579461732
2,38,20.44870299002844
2,39,24.2267575518859
2,40,24.452623957989665
2,41,15.795595945041258
2,42,14.302659900552328
2,43,13.907520507575757
2,44,14.300121787674897
2,45,11.578803844700907
2,46,10.073416022372403
2,47,10.138269928826622
2,48,12.791358825838001
2,49,12.837900208462884
2,50,16.00666053427554
2,51,18.781009724820844
2,52,21.023342647189313
2,53,21.88050435850891
2,54,21.15401827852684
2,55,18.304857732539368
2,56,17.389406325358994
2,57,16.90898592984393
2,58,19.918698670726435
2,59,21.173951340266782
2,60,22.760584566882688
2,61,22.52390238478342
2,62,25.930088324087386
2,63,25.27252177773649
2,64,22.280517225550298
2,65,24.806562759547926
2,66,27.255628294686197
2,67,24.741408090840448
2,68,24.362653278887922
2,69,28.14944589571515
2,70,28.911995458017522
2,71,26.893519915269817
2,72,29.485374248435406
2,73,29.86560790426462
2,74,28.32071551514348
2,75,24.985485190747088
2,76,22.377580782426953
2,77,19.43647960662425
2,78,16.35649295140348
2,79,13.025157673522461
2,80,10.102626046263419
2,81,6.467275648983239
2,82,5.389312733551677
2,83,4.123650315319327
2,84,5.177525951087325
3,1,7.106124586041296
3,2,3.792181155404593
3,4,3.7950470410630057
3,5,6.332550111264999
3,6,10.05996803092429
3,7,12.322892597034139
3,8,16.066861676050497
3,9,18.17414549312499
3,10,21.939631840229026
3,11,23.724099593754584
3,12,26.901958441684137
3,13,29.800074949960354
3,14,28.803826071223483
3,15,25.12653491350494
3,16,21.645048246100544
3,17,22.12085774469066
3,18,20.107198839397526
3,19,20.88678056442741
3,20,19.032924726119404
3,21,19.707804361815935
3,22,19.321078041899128
3,23,19.634419354056703
3,24,22.171678701924325
3,25,25.135165418788485
3,26,24.012316635443696
3,27,25.061814536999876
3,28,23.60708040934606
3,29,23.88530812005848
3,30,21.300432808099533
3,31,17.958028626435816
3,32,15.08807816900052
3,33,15.841695672753342
3,34,14.265728499929386
3,35,15.43424288928897
3,36,18.03453293630662
3,37,19.8963796940647
3,38,19.93953742092206
3,39,23.63090576956869
3,40,23.4897570697544
3,41,13.593656920504573
3,42,12.749246271037718
3,43,13.297635804757078
3,44,14.619660130741588
3,45,12.572470588377822
3,46,10.084193930792958
3,47,10.308318679222193
3,48,12.01905388304654
3,49,11.756988702130924
3,50,14.291844499029294
3,51,16.881289109047515
3,52,18.62827215982819
3,53,19.6629757473384
3,54,19.528161089871507
3,55,17.096289742685208
3,56,16.796305695366225
3,57,16.94162024587076
3,58,20.34821234624661
3,59,21.314811086455258
3,60,23.21006188949905
3,61,22.852725883037422
3,62,25.956912174389597
3,63,24.98515521437623
3,64,21.77115823731099
3,65,24.174323830312865
3,66,26.368115774204327
3,67,23.51375881409529
3,68,22.970106342625858
3,69,26.75055279834986
3,70,27.22109867147629
3,71,24.84876885183858
3,72,27.132180102213287
3,73,27.44187693527827
3,74,25.605591774022745
3,75,22.10223594488363
3,76,19.65619361910326
3,77,16.51285419748342
3,78,13.82256383322187
3,79,10.529349802935036
3,80,8.23797763571097
3,81,5.48400000461606
3,82,5.270139152373435
3,83,6.2759707351666405
3,84,6.99027650268981
4,1,10.312618533267804
4,2,6.7539728065365
4,3,3.7950470410630057
4,5,3.781802290704848
4,6,7.179864573011845
4,7,10.033664608763313
4,8,13.663900481481742
4,9,15.9388312359471
4,10,19.643830672784794
4,11,21.15967026810668
4,12,24.558337216284645
4,13,27.33650196937396
4,14,26.612172014325594
4,15,22.856752709796716
4,16,19.51631984449658
4,17,20.582335601739146
4,18,18.78096962072982
4,19,19.634191304742064
4,20,17.7127563537125
4,21,18.775040239465433
4,22,18.376051100297403
4,23,18.09571095230329
4,24,20.507334761452377
4,25,23.79294330018658
4,26,23.017596255854734
4,27,24.615158833364358
4,28,23.469839165956405
4,29,23.267879977223615
4,30,20.277180157227725
4,31,17.161384670610257
4,32,13.887642591409366
4,33,14.338986649732481
4,34,13.377229828404637
4,35,14.681490478560374
4,36,17.838764030277737
4,37,19.57097449417525
4,38,19.378904973407842
4,39,22.876202227329134
4,40,22.914754525308023
4,41,12.947896395368097
4,42,12.012007380510898
4,43,13.443406329362038
4,44,14.946616101451136
4,45,13.076621496053399
4,46,9.821203985186504
4,47,9.178961866761547
4,48,9.718096937397599
4,49,8.742640792128554
4,50,10.834749314441803
4,51,13.541215717090225
4,52,15.057840827844421
4,53,15.924480643576468
4,54,15.969032258254822
4,55,13.710302747762183
4,56,13.895921190149824
4,57,14.403927626020563
4,58,18.041573107907098
4,59,18.87006740120205
4,60,21.118482043270856
4,61,20.93754347187001
4,62,23.74037839556146
4,63,22.367782789065956
4,64,19.180647783556132
4,65,21.6988568045411
4,66,23.53443958075237
4,67,20.4380128741511
4,68,20.123554713109144
4,69,23.890475216580924
4,70,24.0219101609769
4,71,21.64023749320677
4,72,23.93433598196054
4,73,24.549450296248683
4,74,22.845884081778507
4,75,19.354112513353797
4,76,16.631972270575492
4,77,13.312488916505318
4,78,10.642201784466746
4,79,7.100213222256619
4,80,5.679994975662113
4,81,4.287894084278134
4,82,6.433322395172048
4,83,8.90140227408704
4,84,10.53351022861536
5,1,13.398830818836355
5,2,9.82226898265162
5,3,6.332550111264999
5,4,3.781802290704848
5,6,3.7670259404252686
5,7,6.6317497805166425
5,8,10.325557754040323
5,9,13.021956336432048
5,10,16.736388403009716
5,11,18.651329013716772
5,12,22.069990481748732
5,13,25.09482252110733
5,14,24.731274043545366
5,15,21.074355143682237
5,16,17.584190977239654
5,17,18.84376413768435
5,18,17.68326191880954
5,19,19.21795145819787
5,20,17.926501106913975
5,21,19.689608954646523
5,22,19.920954001962677
5,23,19.682428081935075
5,24,22.332136078393127
5,25,25.71651214915376
5,26,24.814586401619056
5,27,26.58456667040441
5,28,25.890430471429532
5,29,25.749177978296245
5,30,22.707934087571143
5,31,19.566267838806752
5,32,16.005809761195472
5,33,15.61855004596505
5,34,14.409438174166173
5,35,14.87105929276313
5,36,18.191822908283097
5,37,19.220263386509316
5,38,18.30486714963745
5,39,21.578220840415852
5,40,21.16204448193937
5,41,10.42011074775376
5,42,10.362707846469064
5,43,12.661920456265449
5,44,14.98786231643532
5,45,14.033301628509168
5,46,10.462209501412445
5,47,10.542234471891602
5,48,10.189399146098431
5,49,9.628762036933905
5,50,10.545921777335298
5,51,12.401773572783078
5,52,13.32963924074381
5,53,14.824498276552909
5,54,15.567619697363769
5,55,14.158210430327697
5,56,14.715968054531986
5,57,16.090477458008962
5,58,19.772455541595708
5,59,20.004444958876814
5,60,22.188432436051695
5,61,21.60369683468592
5,62,24.040299327598895
5,63,22.635280957339255
5,64,19.210375160303517
5,65,21.271915684311622
5,66,22.96240642193578
5,67,19.7079595747766
5,68,18.917362777080804
5,69,22.550751747018367
5,70,22.57467897739927
5,71,19.76208777762665
5,72,21.60579601318952
5,73,21.90044537516951
5,74,19.82768880248065
5,75,16.195806387504604
5,76,13.852272832339949
5,77,10.506032416956232
5,78,8.489451773742605
5,79,5.750789042310752
5,80,5.5739081039107905
5,81,6.354625983207789
5,82,7.966091696053242
5,83,11.080118382895396
5,84,12.427451181513334
6,1,17.071736184566543
6,2,13.41208025168858
6,3,10.05996803092429
6,4,7.179864573011845
6,5,3.7670259404252686
6,7,3.7854152549264004
6,8,7.033484859885512
6,9,10.096921313757264
6,10,13.642356402272291
6,11,15.576842843725885
6,12,19.1079340322836
6,13,22.16521418608294
6,14,22.222610286263
6,15,18.65839140499622
6,16,15.276050006450506
6,17,17.05928781837248
6,18,16.532146807638345
6,19,18.482963261368898
6,20,17.632361755347514
6,21,19.977720596127064
6,22,20.595846430660696
6,23,20.10483930512582
6,24,22.761323625831878
6,25,26.257048685113205
6,26,25.4549879690762
6,27,27.56201715741552
6,28,27.32987273212341
6,29,27.01049678703033
6,30,23.840303936830942
6,31,20.8915928159505
6,32,17.146886387726337
6,33,16.085216950420726
6,34,15.135768498455871
6,35,15.118072109845277
6,36,18.641281750480072
6,37,19.1247851599098
6,38,17.67468392670275
6,39,20.52679623973281
6,40,19.995300831054617
6,41,9.603228042915502
6,42,10.011522396538014
6,43,13.152326866538607
6,44,15.799993998092777
6,45,15.496694026231715
6,46,11.75857465958463
6,47,11.78347892457758
6,48,10.26189620150484
6,49,9.754676971737451
6,50,9.289511639977503
6,51,10.19568866441627
6,52,10.42291316059172
6,53,12.407935646257954
6,54,13.750477194565383
6,55,13.253333268799096
6,56,14.242992442144525
6,57,16.36960404893201
6,58,19.9741025726318
6,59,19.667267300413986
6,60,21.874464067505418
6,61,21.108743355518193
6,62,23.042204835778747
6,63,21.45377031081613
6,64,17.98990862913057
6,65,19.692020591203974
6,66,21.027424496425642
6,67,17.62195189730732
6,68,16.61234241352206
6,69,20.04007516774873
6,70,19.800851413656538
6,71,16.71059978721332
6,72,18.214134678751652
6,73,18.468932118226014
6,74,16.27531081420424
6,75,12.598230141870237
6,76,10.33505225913136
6,77,6.914525298349182
6,78,5.736802273606967
6,79,4.5074205767091
6,80,6.336303415358311
6,81,8.828493289382168
6,82,10.718254005058984
6,83,14.221966792337618
6,84,15.819390937452173
7,1,19.085463743699055
7,2,15.416803426491112
7,3,12.322892597034139
7,4,10.033664608763313
7,5,6.6317497805166425
7,6,3.7854152549264004
7,8,3.7739200399365758
7,9,6.691149951615457
7,10,10.330598179529346
7,11,12.739196964567578
7,12,16.03113874788027
7,13,19.332634480356024
7,14,19.40554213380248
7,15,16.0309837914357
7,16,12.477096890849841
7,17,14.056546287009105
7,18,14.090577776550571
7,19,16.620454969118907
7,20,16.520945128426458
7,21,19.345501994242532
7,22,20.65008604732386
7,23,20.561669094313114
7,24,23.547044791376145
7,25,26.86291097745071
7,26,25.69167541772283
7,27,27.698305016560777
7,28,27.91172704613872
7,29,27.902367997786172
7,30,24.957032298212138
7,31,21.897485871722736
7,32,18.13572679575201
7,33,16.342991946730002
7,34,14.930364569595692
7,35,13.98607874661408
7,36,17.299220660422186
7,37,17.07281752986189
7,38,15.043988920130198
7,39,17.60106482009825
7,40,16.719028664508333
7,41,6.656508847852241
7,42,7.714956356916122
7,43,11.321703801472538
7,44,14.39041969924411
7,45,14.99327550750315
7,46,11.514060146980505
7,47,12.363990235797822
7,48,10.73115623788814
7,49,11.38398156916368
7,50,10.561742202138674
7,51,10.19400988513696
7,52,10.501570574840065
7,53,13.408408062347272
7,54,14.701044594363593
7,55,14.842508905628064
7,56,15.338960070936055
7,57,18.012767823944692
7,58,21.329483783142297
7,59,20.376357771213872
7,60,22.080577588662425
7,61,20.706305741373345
7,62,22.40494425139385
7,63,21.227915985797807
7,64,17.577705297824366
7,65,18.578547091263445
7,66,20.111661163642967
7,67,16.99029498893337
7,68,15.202485896693972
7,69,18.402537414996573
7,70,18.57454821780862
7,71,15.252615629382742
7,72,16.42495090160307
7,73,16.00395791638275
7,74,13.587035903227381
7,75,9.96585198015397
7,76,8.33011000039704
7,77,5.936545358905469
7,78,5.3798937891704615
7,79,6.319670451593591
7,80,7.550063046419279
7,81,10.502455411912717
7,82,11.62446335394677
7,83,15.25915007711935
7,84,16.923040509009166
8,1,22.741519117127382
8,2,19.053799915060807
8,3,16.066861676050497
8,4,13.663900481481742
8,5,10.325557754040323
8,6,7.033484859885512
8,7,3.7739200399365758
8,9,3.8024964244800192
8,10,6.944612304564464
8,11,9.632469434382475
8,12,12.859830762308436
8,13,16.26517264908101
8,14,16.829328928156833
8,15,13.763974252471634
8,16,10.472523558176425
8,17,12.505493247750685
8,18,13.489383488190724
8,19,16.43844465341808
8,20,16.98388523390731
8,21,20.25241900564173
8,22,21.967033672811954
8,23,21.792612200262383
8,24,24.750056054197398
8,25,27.999613559894467
8,26,26.84211009532594
8,27,29.028751579277998
8,28,29.68936295243558
8,29,29.620382005035108
8,30,26.708568043257124
8,31,23.852856873804736
8,32,20.117279072919622
8,33,17.795555475688342
8,34,16.575476869806625
8,35,15.128764649118523
8,36,18.294066893935188
8,37,17.421374287970032
8,38,14.860750535911771
8,39,16.696767314953956
8,40,15.64177900382049
8,41,7.709044445820724
8,42,9.082344933677751
8,43,12.858192156644199
8,44,15.914871993437641
8,45,17.12286760450313
8,46,13.892348976875434
8,47,14.737546898296824
8,48,12.529268124787995
8,49,13.402440629526144
8,50,11.70495623144534
8,51,10.084560524476657
8,52,9.695126274470137
8,53,13.136387140817469
8,54,14.759023042621697
8,55,15.812795635781113
8,56,16.415070895481776
8,57,19.580949995849142
8,58,22.6072364491736
8,59,21.113600599342476
8,60,22.605595295812392
8,61,20.95956960723174
8,62,22.074460358666247
8,63,20.931498613582622
8,64,17.38012170711941
8,65,17.72546981940792
8,66,18.922965864889278
8,67,15.946800343231542
8,68,13.699813017538421
8,69,16.396439845011468
8,70,16.484357482422755
8,71,12.896354110788872
8,72,13.443253791374831
8,73,12.585744069846934
8,74,9.912736187578004
8,75,6.307173961562261
8,76,5.497998785793903
8,77,4.704514358425725
8,78,6.02605803784275
8,79,8.69871308176589
8,80,10.449557344238157
8,81,13.78677014697738
8,82,14.937953080010306
8,83,18.616223530784314
8,84,20.406771390631814
9,1,24.362809948295244
9,2,20.699285802060775
9,3,18.17414549312499
9,4,15.9388312359471
9,5,13.021956336432048
9,6,10.096921313757264
9,7,6.691149951615457
9,8,3.8024964244800192
9,10,3.777814653518026
9,11,6.487185418857575
9,12,9.429419056711849
9,13,12.904218639887754
9,14,13.19606177115525
9,15,10.253563810570698
9,16,6.93527232259843
9,17,8.951130589855097
9,18,10.514490494288392
9,19,13.739117829569865
9,20,14.937358941168263
9,21,18.494790811762105
9,22,20.711558766308
9,23,20.80189403432312
9,24,23.89725640837867
9,25,26.8743737180326
9,26,25.472038619121527
9,27,27.59899986909089
9,28,28.710755557829742
9,29,28.82409304912447
9,30,26.17417130071786
9,31,23.402178045003943
9,32,19.835254514470225
9,33,16.961467629449633
9,34,15.650290691651275
9,35,13.607124413979678
9,36,16.42917313363538
9,37,15.011545149817406
9,38,12.176361397557507
9,39,13.455608658147273
9,40,12.574408025555261
9,41,7.841178649848339
9,42,8.494259971416522
9,43,11.982990204741025
9,44,14.697997576626845
9,45,16.47293826538782
9,46,13.740661607991337
9,47,14.794226725213981
9,48,12.512844250438024
9,49,14.188749193239273
9,50,12.485187436309511
9,51,10.048915027324956
9,52,10.293223582826814
9,53,14.046073795051482
9,54,15.050395934055093
9,55,16.409599794705866
9,56,16.369597490282423
9,57,19.81653773932405
9,58,22.391011349901312
9,59,20.338627609707146
9,60,21.262416464594455
9,61,19.132297893958558
9,62,19.951731089220882
9,63,19.280684780175722
9,64,15.750708755141048
9,65,15.379331333170285
9,66,16.79451371650326
9,67,14.36230666458194
9,68,11.444295406136318
9,69,13.815999547747465
9,70,14.563317983095194
9,71,11.168373970532997
9,72,11.776256978197067
9,73,10.348188765249661
9,74,8.207433428097644
9,75,5.613816548898982
9,76,5.256561942414468
9,77,6.614074351062435
9,78,7.289610193666396
9,79,10.511636713871518
9,80,11.668150324924515
9,81,15.08195397447821
9,82,15.989239971025256
9,83,19.62292592267575
9,84,21.76246990850503
10,1,28.049091297691305
10,2,24.395352542844776
10,3,21.939631840229026
10,4,19.643830672784794
10,5,16.736388403009716
10,6,13.642356402272291
10,7,10.330598179529346
10,8,6.944612304564464
10,9,3.777814653518026
10,11,3.814278795697568
10,12,6.104370286230786
10,13,9.747869345239888
10,14,10.711341001040662
10,15,8.54637568789375
10,16,6.286419957187804
10,17,8.574793304814483
10,18,11.246520802640184
10,19,14.55607885795942
10,20,16.367875335579875
10,21,20.1055594959668
10,22,22.612226193210937
10,23,22.652454936447775
10,24,25.61970593439928
10,25,28.41605066340351
10,26,27.038479334771466
10,27,29.254981078003784
10,28,30.76747732516658
10,29,30.84536110479248
10,30,28.31294567637298
10,31,25.7891242557275
10,32,22.379054201083438
10,33,19.204840897996494
10,34,18.123571011837072
10,35,15.815180005837306
10,36,18.253043440718475
10,37,16.30188525478341
10,38,13.206328801148306
10,39,13.417600729469697
10,40,12.497208132454354
10,41,10.943863598938426
10,42,11.609535986258278
10,43,14.727682061278443
10,44,17.15605224696767
10,45,19.28189241298257
10,46,16.888238109303813
10,47,17.867531191610237
10,48,15.373884383631264
10,49,17.089057346126122
10,50,14.972178755765036
10,51,11.885911810756957
10,52,11.662262771429145
10,53,15.401472368363534
10,54,16.469339688559067
10,55,18.460533957653553
10,56,18.433221704849156
10,57,22.09465444186851
10,58,24.300365673787546
10,59,21.82338472070343
10,60,22.44107092425307
10,61,20.09924867209415
10,62,20.259474605478804
10,63,19.747537115646097
10,64,16.553631393398785
10,65,15.39520457109928
10,66,16.39358892402798
10,67,14.451977578212306
10,68,11.15702045098297
10,69,12.528782154293594
10,70,13.346281937995006
10,71,10.032248999181833
10,72,9.7227361623138
10,73,7.355130225787959
10,74,5.345095512297586
10,75,4.550062280205363
10,76,5.962526911944436
10,77,8.895664507867911
10,78,10.283646723439638
10,79,13.837062484820683
10,80,15.182682322191626
10,81,18.662050209544145
10,82,19.58007979616583
10,83,23.169507982461056
10,84,25.37033365185416
11,1,29.59193538141997
11,2,25.912629166039576
11,3,23.724099593754584
11,4,21.15967026810668
11,5,18.651329013716772
11,6,15.576842843725885
11,7,12.739196964567578
11,8,9.632469434382475
11,9,6.487185418857575
11,10,3.814278795697568
11,12,3.7964852546036263
11,13,6.684146596955541
11,14,7.850152937824396
11,15,5.683804371006853
11,16,4.966142883081999
11,17,8.201280366470366
11,18,10.811821114687925
11,19,13.518481449682701
11,20,15.311970086607378
11,21,19.045050145917642
11,22,21.513550123476715
11,23,21.246906442948738
11,24,23.93333516699074
11,25,26.588634628326368
11,26,25.43402876606045
11,27,27.8938201121203
11,28,29.717726287128688
11,29,29.551140519238874
11,30,27.067108151962547
11,31,24.941739957512716
11,32,21.74989800155316
11,33,18.392826543931374
11,34,17.915021389968558
11,35,15.8473557543156
11,36,18.211340175902546
11,37,16.38872148559975
11,38,13.756667245536164
11,39,13.461736951656222
11,40,13.512129493152822
11,41,13.789938477579405
11,42,13.557783997217594
11,43,16.37529889330882
11,44,18.12880971557657
11,45,20.04243909681163
11,46,17.81462524052698
11,47,18.21564642008274
11,48,15.33660855586512
11,49,16.985914906855356
11,50,14.56366468952641
11,51,10.997352416875755
11,52,10.905764105271112
11,53,14.378816027407732
11,54,14.988563600551279
11,55,17.39706825638617
11,56,17.221254061870816
11,57,21.005714239547586
11,58,22.740523302357488
11,59,19.902180429298955
11,60,20.30683490657963
11,61,17.992367061588514
11,62,17.559773366590925
11,63,17.027030096499196
11,64,14.22550289113773
11,65,12.592759756776642
11,66,13.151846107923449
11,67,11.61649152086064
11,68,8.215799193382654
11,69,8.91455695429238
11,70,9.880955816500041
11,71,6.973284974809668
11,72,6.929892771793247
11,73,4.906003138964645
11,74,5.19713645652638
11,75,6.126804012048596
11,76,6.462755147574278
11,77,9.955964422268265
11,78,11.04544879440611
11,79,14.731935616652132
11,80,16.206890238974605
11,81,19.789168193496046
11,82,21.10194362500457
11,83,24.709719439308724
11,84,27.314098248301423
12,1,32.520152620177505
12,2,28.92537891762933
12,3,26.901958441684137
12,4,24.558337216284645
12,5,22.069990481748732
12,6,19.1079340322836
12,7,16.03113874788027
12,8,12.859830762308436
12,9,9.429419056711849
12,10,6.104370286230786
12,11,3.7964852546036263
12,13,3.783648078644167
12,14,5.435111970921982
12,15,5.31438009891387
12,16,6.315384151842645
12,17,8.277851698971272
12,18,11.587879400177481
12,19,14.260349459608872
12,20,16.73440227681525
12,21,20.439072197958552
12,22,23.27833724223412
12,23,23.31673640479407
12,24,26.010113737873873
12,25,28.30747342944862
12,26,26.936784934745845
12,27,29.201961570498543
12,28,31.38102437160416
12,29,31.434795914241633
12,30,29.263179248656474
12,31,27.231471567008146
12,32,24.28119171550889
12,33,20.715097992532534
12,34,20.08228574940211
12,35,17.610522197983315
12,36,19.345133447792108
12,37,16.96326566586794
12,38,14.18283306647473
12,39,12.860046209392992
12,40,12.855053441575064
12,41,15.964258277875757
12,42,15.786476483345883
12,43,18.136060721886007
12,44,19.65312488899582
12,45,21.99930325934939
12,46,20.265473198092522
12,47,20.960689374542003
12,48,18.34143331704342
12,49,20.33215370474505
12,50,18.087069059447554
12,51,14.495204368847286
12,52,14.553935473806627
12,53,17.881102822128433
12,54,18.266132308764806
12,55,20.73019153814312
12,56,20.235165630314803
12,57,23.992135063525154
12,58,25.372744218349744
12,59,22.243796828607774
12,60,22.110073608872572
12,61,19.442242500395682
12,62,18.60398237475051
12,63,18.647187631862383
12,64,16.205238016284877
12,65,13.797988848501058
12,66,14.356682417635938
12,67,13.760889041828365
12,68,10.199292163825216
12,69,9.689403859476933
12,70,11.296903299239785
12,71,9.30291726301698
12,72,8.580919067100787
12,73,5.622950303291106
12,74,6.8156025269584255
12,75,9.015993264057029
12,76,10.162589901846685
12,77,13.701682672271357
12,78,14.721314041518244
12,79,18.33391023668449
12,80,19.48157957163922
12,81,22.91813341366021
12,82,23.89981585706505
12,83,27.355249365936324
12,84,29.93727557055085
13,1,35.19294003493465
13,2,31.62359244592805
13,3,29.800074949960354
13,4,27.33650196937396
13,5,25.09482252110733
13,6,22.16521418608294
13,7,19.332634480356024
13,8,16.26517264908101
13,9,12.904218639887754
13,10,9.747869345239888
13,11,6.684146596955541
13,12,3.783648078644167
13,14,3.8147121379455093
13,15,5.735673301278091
13,16,8.54657701936432
13,17,10.318023397733837
13,18,13.267814425353793
13,19,15.192803652455071
13,20,17.663598497488945
13,21,21.156567679097748
13,22,23.950861894029167
13,23,23.805921900707887
13,24,26.163765152653315
13,25,28.172509772501616
13,26,26.981312314656023
13,27,29.352081374448364
13,28,31.854600871823628
13,29,31.752757498576866
13,30,29.747830889424808
13,31,28.121778747946237
13,32,25.479630398702533
13,33,21.853642394003327
13,34,21.666831807070054
13,35,19.391488866946595
13,36,20.850618237498256
13,37,18.544530202044808
13,38,16.234040865707254
13,39,14.392814157195682
13,40,15.075792552987407
13,41,19.433090239966706
13,42,18.8493962315623
13,43,20.92015046496432
13,44,21.93869848702856
13,45,24.155138121712028
13,46,22.659088642646875
13,47,23.006247393702843
13,48,20.26513686300689
13,49,22.177124316343274
13,50,19.82910061388386
13,51,16.129914424329183
13,52,16.23640043144065
13,53,19.126855536991062
13,54,19.145584915812453
13,55,21.843791220117307
13,56,21.216340302584968
13,57,24.91897481937668
13,58,25.787476477876147
13,59,22.384673042256896
13,60,21.91363579960321
13,61,19.29002232645985
13,62,17.753960532848776
13,63,17.975667271866897
13,64,16.216315667306088
13,65,13.262958008392888
13,66,13.246808186169064
13,67,13.531377016378684
13,68,10.339677556270125
13,69,8.456762760510562
13,70,10.279576742135456
13,71,9.537795476427632
13,72,8.782314973735478
13,73,6.625181261807183
13,74,9.301454516222304
13,75,12.056306131111839
13,76,12.840604977935152
13,77,16.431257176847843
13,78,17.313366589532624
13,79,20.87581335894302
13,80,22.05232241297991
13,81,25.465052792705745
13,82,26.633211320665435
13,83,30.03544599557636
13,84,32.84438467603245
14,1,33.643204239594894
14,2,30.22768107740649
14,3,28.803826071223483
14,4,26.612172014325594
14,5,24.731274043545366
14,6,22.222610286263
14,7,19.40554213380248
14,8,16.829328928156833
14,9,13.19606177115525
14,10,10.711341001040662
14,11,7.850152937824396
14,12,5.435111970921982
14,13,3.8147121379455093
14,15,3.815239585412837
14,16,7.23259431410699
14,17,8.006568713938304
14,18,10.564320095707288
14,19,12.072386877304499
14,20,14.841869513441965
14,21,18.19040747127748
14,22,21.220229805044468
14,23,21.471264110305846
14,24,23.97661841848029
14,25,25.679142277949932
14,26,24.16489394060732
14,27,26.274276487410177
14,28,28.93578621249076
14,29,29.108220771267405
14,30,27.41792375857087
14,31,25.764692368693122
14,32,23.380860169348377
14,33,19.64340563916631
14,34,19.29517749306525
14,35,16.857573339295005
14,36,17.848154499621053
14,37,15.469347044358127
14,38,13.538912611913995
14,39,11.407219330999364
14,40,12.80941731040289
14,41,18.65844737633885
14,42,17.4891443053208
14,43,18.97789213297629
14,44,19.464504444966018
14,45,21.74621952838863
14,46,20.74047245338008
14,47,21.203698622818326
14,48,18.845125472965474
14,49,21.228476416795445
14,50,19.422867751535804
14,51,15.975356458562043
14,52,16.95406689837285
14,53,19.854370090462236
14,54,19.221513090139684
14,55,21.427117952039367
14,56,20.14356275749767
14,57,23.67705111671257
14,58,24.29193021742724
14,59,20.77743852597735
14,60,19.786976771481736
14,61,16.78505846084652
14,62,15.432619997339563
14,63,16.355902397415456
14,64,14.548425763879862
14,65,11.273610431869795
14,66,12.13183970147492
14,67,12.997652414847384
14,68,9.60170861897635
14,69,8.104618033036845
14,70,11.103849231658353
14,71,10.831985766135244
14,72,11.309319829866293
14,73,9.648359397304185
14,74,11.916019019359847
14,75,13.896724814921061
14,76,14.02924918314785
14,77,17.237510495689282
14,78,17.300659312690776
14,79,20.538797831836355
14,80,21.09678975073907
14,81,24.216593670483096
14,82,25.12564047806603
14,83,28.295609754561973
14,84,31.243682877517347
15,1,30.047662253758695
15,2,26.58227365500468
15,3,25.12653491350494
15,4,22.856752709796716
15,5,21.074355143682237
15,6,18.65839140499622
15,7,16.0309837914357
15,8,13.763974252471634
15,9,10.253563810570698
15,10,8.54637568789375
15,11,5.683804371006853
15,12,5.31438009891387
15,13,5.735673301278091
15,14,3.815239585412837
15,16,3.82971130975501
15,17,5.79442166013117
15,18,7.884296400986123
15,19,9.622779240640535
15,20,11.969346305019444
15,21,15.538170175676893
15,22,18.394207680674473
15,23,18.511802909768363
15,24,21.188130944946536
15,25,23.243384509784967
15,26,21.782866495419377
15,27,24.041488844564984
15,28,26.38180193799346
15,29,26.44996178123441
15,30,24.490829020490683
15,31,22.637297571754573
15,32,20.00689138839589
15,33,16.313529395045496
15,34,15.977136522878661
15,35,13.728852523106646
15,36,15.287097854870513
15,37,13.336175041148438
15,38,11.46350719340503
15,39,10.353728839043326
15,40,11.867889461432075
15,41,15.727875081292908
15,42,14.290540131120045
15,43,16.023659851783865
15,44,16.625125319538675
15,45,18.61577985286009
15,46,17.280836128169604
15,47,17.578862091283014
15,48,15.093320023232135
15,49,17.451617450762956
15,50,15.715032270400219
15,51,12.359515116503179
15,52,13.66625037893217
15,53,16.675604662781645
15,54,15.962257144526271
15,55,17.9396384695086
15,56,16.65192164599317
15,57,20.23628750377971
15,58,21.165837854537124
15,59,17.832606433518592
15,60,17.22209877097762
15,61,14.32603855860133
15,62,13.552112733491132
15,63,14.08156127451436
15,64,11.660021968159343
15,65,8.92386599832516
15,66,10.282058770618216
15,67,10.32444160563294
15,68,6.5882882346716976
15,69,6.5559404429674215
15,70,9.557506706650946
15,71,8.64148440351088
15,72,10.034077867004708
15,73,8.914154850494443
15,74,10.651840202758812
15,75,11.70784666233377
15,76,11.085953552706307
15,77,13.946378528953753
15,78,13.640989583860701
15,79,16.776780230169653
15,80,17.32290151762544
15,81,20.48446241390505
15,82,21.566599838206894
15,83,24.830822859345478
15,84,27.84164504804055
16,1,26.754997245498192
16,2,23.252846409454147
16,3,21.645048246100544
16,4,19.51631984449658
16,5,17.584190977239654
16,6,15.276050006450506
16,7,12.477096890849841
16,8,10.472523558176425
16,9,6.93527232259843
16,10,6.286419957187804
16,11,4.966142883081999
16,12,6.315384151842645
16,13,8.54657701936432
16,14,7.23259431410699
16,15,3.82971130975501
16,17,3.827660463037537
16,18,5.867166182998619
16,19,8.647867683222453
16,20,10.779482140885898
16,21,14.55147971338205
16,22,17.37513087174959
16,23,17.71191670563866
16,24,20.759973435736278
16,25,23.13502334640743
16,26,21.497528231502685
16,27,23.612166895174962
16,28,25.514898221424204
16,29,25.748303908158928
16,30,23.603024508113926
16,31,21.274851918053823
16,32,18.287831332588723
16,33,14.7022208550115
16,34,13.79462402188392
16,35,11.335925793939966
16,36,13.36877047190739
16,37,11.502322963470093
16,38,9.182024588879237
16,39,9.162241004457163
16,40,10.061034588850577
16,41,11.929635908541814
16,42,10.573215034841104
16,43,12.632961065241073
16,44,13.756983199160192
16,45,15.814166634177342
16,46,14.15549518884821
16,47,14.837375947858767
16,48,12.525856026117662
16,49,15.076846624279337
16,50,13.618307483393528
16,51,10.558812916255592
16,52,12.105259635191175
16,53,15.488624905784684
16,54,15.043400241987777
16,55,16.573917310024886
16,56,15.354196638743812
16,57,18.924370137778485
16,58,20.445580469700857
16,59,17.523345737653965
16,60,17.345346723814373
16,61,14.518820304836913
16,62,14.702348889431585
16,63,14.965704913687956
16,64,11.800948369298178
16,65,10.081549238014683
16,66,12.013975656351736
16,67,11.005004043417577
16,68,7.268489329772031
16,69,8.947424915937738
16,70,11.310608281598723
16,71,9.334300017463134
16,72,10.905910155936635
16,73,9.63708813668461
16,74,10.024265963113168
16,75,9.864640828901381
16,76,8.965670234614922
16,77,11.315771453684773
16,78,10.70961019071394
16,79,13.756581535104955
16,80,14.099030915897226
16,81,17.267629104424614
16,82,18.161686383383902
16,83,21.503971111771047
16,84,24.3489665308895
17,1,26.617150575114696
17,2,23.359001901083452
17,3,22.12085774469066
17,4,20.582335601739146
17,5,18.84376413768435
17,6,17.05928781837248
17,7,14.056546287009105
17,8,12.505493247750685
17,9,8.951130589855097
17,10,8.574793304814483
17,11,8.201280366470366
17,12,8.277851698971272
17,13,10.318023397733837
17,14,8.006568713938304
17,15,5.79442166013117
17,16,3.827660463037537
17,18,3.7912673781686776
17,19,7.174100692814536
17,20,10.245943186532267
17,21,13.838701823699143
17,22,17.164080168440634
17,23,18.295657336698707
17,24,21.622646162255588
17,25,23.593625297071252
17,26,21.40329815078152
17,27,22.95798113983986
17,28,24.982646163110108
17,29,25.77489928577717
17,30,24.080149956982257
17,31,21.53097240967476
17,32,18.816409581786907
17,33,15.172923226885036
17,34,13.522496733366813
17,35,10.326938892371757
17,36,11.402688654907715
17,37,8.726953271570595
17,38,5.991879569915128
17,39,5.370233890425392
17,40,6.496106117410753
17,41,11.572432594845056
17,42,10.00811802928122
17,43,11.078342730862845
17,44,11.859997784302717
17,45,14.571773003546609
17,46,13.737061786550218
17,47,15.170232677845464
17,48,13.740570578303439
17,49,16.89491525419624
17,50,16.170464179819763
17,51,13.598921559114144
17,52,15.565106048851154
17,53,18.92587315317927
17,54,18.209160417906748
17,55,19.24249021980879
17,56,17.48272938732088
17,57,20.752119961290408
17,58,22.115670748802405
17,59,19.219594674495333
17,60,18.474248556467142
17,61,15.194773498668125
17,62,15.756973240216857
17,63,16.826839920025638
17,64,13.70807456280222
17,65,11.787451551148758
17,66,14.398252531782955
17,67,13.989493151117147
17,68,10.358396313918409
17,69,11.79634573956844
17,70,14.685777478690948
17,71,13.073977346385865
17,72,14.525778659942052
17,73,12.813173452567032
17,74,12.974326872356675
17,75,12.80088502315997
17,76,12.294915595660942
17,77,14.278837777949729
17,78,13.23742953532168
17,79,15.779512224896449
17,80,15.263634142353297
17,81,17.903340297443453
17,82,18.041952547186714
17,83,20.999014447177387
17,84,23.718724827274066
18,1,23.949214573437942
18,2,20.851911210028636
18,3,20.107198839397526
18,4,18.78096962072982
18,5,17.68326191880954
18,6,16.532146807638345
18,7,14.090577776550571
18,8,13.489383488190724
18,9,10.514490494288392
18,10,11.246520802640184
18,11,10.811821114687925
18,12,11.587879400177481
18,13,13.267814425353793
18,14,10.564320095707288
18,15,7.884296400986123
18,16,5.867166182998619
18,17,3.7912673781686776
18,19,3.789260107486149
18,20,6.701721849483884
18,21,10.188871269932937
18,22,13.564506205310378
18,23,15.02892941928921
18,24,18.514950047875445
18,25,20.376051888545494
18,26,17.982203411601002
18,27,19.376090733166517
18,28,21.280670841584527
18,29,22.216119194110114
18,30,20.65919421357069
18,31,18.006107741125206
18,32,15.466192391993435
18,33,11.849451175915139
18,34,9.993897851994909
18,35,6.743027208074543
18,36,7.771690748377112
18,37,5.6832003518412755
18,38,4.314425289713745
18,39,5.434432129499087
18,40,7.777211740579794
18,41,11.550562737911925
18,42,8.874529349816644
18,43,9.119929399313442
18,44,8.941110668798439
18,45,11.299761436580711
18,46,10.878047825713972
18,47,12.183110794221786
18,48,11.266123497176217
18,49,14.77264752979847
18,50,14.781324139605003
18,51,12.881736950776054
18,52,15.616707799731111
18,53,18.619688671932412
18,54,17.29922263555358
18,55,17.649508401251552
18,56,15.323128236650934
18,57,18.223022816027314
18,58,19.450030334177782
18,59,16.736366577969168
18,60,15.791831129674193
18,61,12.455832789903578
18,62,13.74501209529764
18,63,15.080468653255455
18,64,11.852155551818587
18,65,10.535583456234201
18,66,13.797089052360489
18,67,13.434977513529129
18,68,10.37426538528843
18,69,12.509263982674213
18,70,15.493236232702083
18,71,14.260385901043414
18,72,16.49037264104754
18,73,15.48756070261147
18,74,15.732352591270248
18,75,14.999233592685222
18,76,13.62291919709888
18,77,14.817385381117791
18,78,12.826403290664668
18,79,14.613388047133258
18,80,13.394019920260607
18,81,15.560757179303865
18,82,15.62704254592982
18,83,18.336767910687005
18,84,21.33763227516701
19,1,23.902161052402615
19,2,21.048084151132812
19,3,20.88678056442741
19,4,19.634191304742064
19,5,19.21795145819787
19,6,18.482963261368898
19,7,16.620454969118907
19,8,16.43844465341808
19,9,13.739117829569865
19,10,14.55607885795942
19,11,13.518481449682701
19,12,14.260349459608872
19,13,15.192803652455071
19,14,12.072386877304499
19,15,9.622779240640535
19,16,8.647867683222453
19,17,7.174100692814536
19,18,3.789260107486149
19,20,3.7669928703352533
19,21,6.886527160158351
19,22,10.47461964090115
19,23,12.214777097703633
19,24,15.617246991507509
19,25,17.066252228156802
19,26,14.49545004376857
19,27,15.816342449411822
19,28,18.000623171094105
19,29,18.987025083538878
19,30,17.76316320872331
19,31,15.395485056244109
19,32,13.419703220560027
19,33,9.780574215392676
19,34,8.41938653387323
19,35,5.862096651250766
19,36,6.098712720777306
19,37,5.311662117314933
19,38,6.464104921214151
19,39,7.417276198623497
19,40,10.656993992446926
19,41,14.521958944273946
19,42,11.29593276549995
19,43,10.799404280940585
19,44,9.271910269682436
19,45,10.788673249793765
19,46,11.08165147415005
19,47,11.674830325005182
19,48,11.105871382914017
19,49,14.630647512914683
19,50,15.11525339571631
19,51,13.65814427731476
19,52,16.86908694612351
19,53,19.332047691954152
19,54,17.302969234057578
19,55,17.242627293828118
19,56,14.3031918186628
19,57,16.76215170650791
19,58,17.36455751666913
19,59,14.564529551157744
19,60,12.98607862367366
19,61,9.4335591684881
19,62,11.044134941824147
19,63,13.000153824869786
19,64,10.207564566246953
19,65,9.038166495643575
19,66,12.722450243524044
19,67,13.012487616873818
19,68,10.69951980891185
19,69,12.748544784169216
19,70,15.936523254924307
19,71,15.50738398054094
19,72,18.262907553224068
19,73,17.848083118535435
19,74,18.610253782599763
19,75,17.97521380368642
19,76,16.104582028406654
19,77,17.03766842102324
19,78,14.564505403301823
19,79,15.815520972716524
19,80,14.260628846390786
19,81,15.946576289091858
19,82,16.17671974332557
19,83,18.50286104233284
19,84,21.8313868842142
20,1,21.619000088564025
20,2,18.858158995293607
20,3,19.032924726119404
20,4,17.7127563537125
20,5,17.926501106913975
20,6,17.632361755347514
20,7,16.520945128426458
20,8,16.98388523390731
20,9,14.937358941168263
20,10,16.367875335579875
20,11,15.311970086607378
20,12,16.73440227681525
20,13,17.663598497488945
20,14,14.841869513441965
20,15,11.969346305019444
20,16,10.779482140885898
20,17,10.245943186532267
20,18,6.701721849483884
20,19,3.7669928703352533
20,21,3.777076533180759
20,22,6.933054125603359
20,23,8.563263753664408
20,24,12.108101479770179
20,25,13.793426076287677
20,26,11.359167801458588
20,27,12.998264399045057
20,28,14.839670141233603
20,29,15.541531561741044
20,30,14.085311645477187
20,31,11.675755524597122
20,32,9.729031656449639
20,33,6.120711651211758
20,34,5.407346319161332
20,35,4.568892158965579
20,36,5.745958504778959
20,37,7.21845835250498
20,38,9.159623937735697
20,39,10.957036950176139
20,40,13.923761242251596
20,41,15.350273368352585
20,42,11.744367283767499
20,43,11.20377439934342
20,44,9.214247629268199
20,45,9.318631624439998
20,46,9.481346675909174
20,47,9.058149471458858
20,48,8.706905940468628
20,49,12.060656166077766
20,50,13.132551085210125
20,51,12.479268199690472
20,52,16.078904648342554
20,53,17.97904257364091
20,54,15.49073667288719
20,55,14.766958726197938
20,56,11.440834321539525
20,57,13.427841791523774
20,58,13.933524191339416
20,59,11.457171987754137
20,60,10.031429363801584
20,61,6.874859102514074
20,62,9.544701732998977
20,63,11.147963468723798
20,64,8.350348701810823
20,65,8.572265084682138
20,66,12.25996329913038
20,67,12.205933253618818
20,68,10.900740413851503
20,69,13.51893039042884
20,70,16.224996833493453
20,71,15.989823906794076
20,72,19.21857518098091
20,73,19.46244846521944
20,74,20.19703972408625
20,75,19.131688046210115
20,76,16.620367874598593
20,77,16.868066884550334
20,78,13.852488996445276
20,79,14.352290992311888
20,80,12.545065016668739
20,81,13.819476082772876
20,82,14.481875161779168
20,83,16.661191126108726
20,84,20.270528178837605
21,1,21.088607060021314
21,2,18.8176829247299
21,3,19.707804361815935
21,4,18.775040239465433
21,5,19.689608954646523
21,6,19.977720596127064
