1,2,3.829377355846985
1,3,7.151695849971725
1,4,8.955833177335942
1,5,12.41179444270998
1,6,13.74345906289737
1,7,17.155542427044548
1,8,17.308929587345574
1,9,20.23175383803337
1,10,22.76645688816069
1,11,24.398637501272546
1,12,27.806597324013566
1,13,30.765224652623242
1,14,32.50687315523759
1,15,31.79231220031839
1,16,28.675853831342376
1,17,26.812298605678173
1,18,26.46221514982088
1,19,27.538890571072102
1,20,25.332685576103298
1,21,23.13914206106066
1,22,25.725183863530305
1,23,23.59113467789709
1,24,21.154220526804263
1,25,19.346775393668526
1,26,17.43549473683195
1,27,15.338744413807442
1,28,15.146198284429426
1,29,12.841491244513024
1,30,15.328754332466973
1,31,15.336231452377481
1,32,12.00757212576712
1,33,12.708292353395434
1,34,10.915225728266405
1,35,12.883537986228907
1,36,14.201832559148917
1,37,16.454361776275
1,38,19.093013954603162
1,39,20.630218685848718
1,40,17.62439703257165
1,41,16.066299101337727
1,42,16.7066004874138
1,43,15.943048465932899
1,44,18.629969939185024
1,45,21.24457887448907
1,46,21.156341943312533
1,47,21.348332320669147
1,48,24.473072527290668
1,49,26.019339207121313
1,50,25.863502814592923
1,51,27.68052736546235
1,52,33.97952195764525
1,53,32.495495197811515
1,54,28.815923569513878
1,55,26.137168062151368
1,56,22.522985776581017
1,57,19.631428222948365
1,58,17.153804466817114
1,59,14.119987345019307
1,60,14.823389184290365
1,61,13.225385348171315
1,62,10.043118706789105
1,63,8.7887442623723
1,64,9.101958228441077
1,65,10.941826245724693
1,66,10.555222027885431
1,67,14.20773575787718
1,68,15.975068404540714
1,69,18.894185940317072
1,70,20.393423034136685
1,71,24.072747913292442
1,72,24.16906752353232
1,73,21.687643273033935
1,74,22.992398893361166
1,75,20.072454264775846
1,76,19.153979165675267
1,77,18.085170079186266
1,78,16.213259412483275
1,79,15.828845818902545
1,80,16.759635237014006
1,81,16.731513952062215
1,82,13.712566013035843
1,83,13.510617908202054
1,84,11.441398042791112
1,85,13.941883539810368
1,86,14.697344774949883
1,87,17.241253293402497
1,88,18.682289287220296
1,89,22.051309373201935
1,90,25.16491211633103
1,91,26.05285651544939
1,92,29.845766650949233
1,93,27.476799446670533
1,94,24.47222011196763
1,95,23.14119599872637
1,96,20.73903579565215
1,97,19.12165762819057
1,98,17.557757741609752
1,99,14.804537516194411
1,100,11.8604893115509
1,101,9.724184760254166
1,102,6.045922752366428
1,103,5.35862412123266
1,104,4.664610767191591
2,1,3.829377355846985
2,3,3.8564645295664777
2,4,6.0881658246870245
2,5,9.860565121782223
2,6,12.085987389343549
2,7,15.74977183601422
2,8,16.483073773134375
2,9,19.845608652541028
2,10,22.44405501978105
2,11,24.566842321486686
2,12,27.96501557833864
2,13,31.220330724277773
2,14,31.836311189988923
2,15,31.422045654481327
2,16,28.11132682142746
2,17,26.600252538931848
2,18,26.791079709126173
2,19,28.22723219540349
2,20,26.218888411099854
2,21,24.49889028494883
2,22,27.438611278855575
2,23,25.6208470821754
2,24,22.920700677262115
2,25,21.492033111716534
2,26,19.43575531388639
2,27,17.84578499880418
2,28,17.490145661717555
2,29,15.389048538595526
2,30,17.84684733999467
2,31,17.33244288431443
2,32,13.63569354776634
2,33,13.253560036808688
2,34,10.604889942795335
2,35,11.433110076115604
2,36,12.417277254734623
2,37,13.950471778044136
2,38,16.64412474540273
2,39,17.65576535497057
2,40,14.416190097147828
2,41,13.289966678271085
2,42,13.909564891136759
2,43,13.884222819840344
2,44,16.633437992086055
2,45,18.816129965490436
2,46,18.957994361177203
2,47,19.690677663190296
2,48,22.650238916952674
2,49,23.891059444351637
2,50,24.13896116954885
2,51,26.173936040920356
2,52,33.71284092805004
2,53,32.30758206714848
2,54,28.656000962860013
2,55,25.81774659090814
2,56,22.446405627154622
2,57,19.27520546704601
2,58,17.306040029793856
2,59,14.363832592536124
2,60,15.364078010577693
2,61,14.57788682518485
2,62,11.292432267610835
2,63,9.503708545677615
2,64,10.216636786643395
2,65,11.323552540184863
2,66,11.07603093446561
2,67,14.562046882329751
2,68,16.057457001092065
2,69,19.429865736395048
2,70,20.605143597867805
2,71,24.10400067218308
2,72,23.68159425442959
2,73,20.909929217187834
2,74,21.651586799634728
2,75,18.41057150556289
2,76,17.219331311939243
2,77,16.506968193271806
2,78,15.312653060279716
2,79,15.600804397892407
2,80,17.288959625979757
2,81,17.785483447438537
2,82,14.841628237685647
2,83,15.111494910553576
2,84,13.245630260034275
2,85,15.410170740178609
2,86,15.98327078476713
2,87,17.86978084857819
2,88,18.83553840403367
2,89,22.320106365145957
2,90,25.1964222625405
2,91,25.522742891686825
2,92,29.212963519558787
2,93,25.724861582053943
2,94,22.988582369883304
2,95,21.99825730561144
2,96,19.684577597518793
2,97,17.646238687370374
2,98,16.78495147580359
2,99,14.04805225636489
2,100,10.589391458990548
2,101,8.661480193428394
2,102,5.2265439433442245
2,103,5.435036598867352
2,104,7.082011338253304
3,1,7.151695849971725
3,2,3.8564645295664777
3,4,3.81940254748729
3,5,7.210501990881828
3,6,10.085066602429075
3,7,13.630211580135294
3,8,14.439436807323348
3,9,18.059573098341087
3,10,20.42309847103205
3,11,22.843026907993977
3,12,26.088646983370847
3,13,29.55552940686997
3,14,29.435871949213524
3,15,29.396855424352353
3,16,26.0707902048161
3,17,24.720039653902504
3,18,25.396295824699823
3,19,26.98244239097012
3,20,25.058015346406737
3,21,23.838667636929646
3,22,27.046806908696272
3,23,25.528293781581425
3,24,22.546030965110617
3,25,21.538364532559786
3,26,19.39302010363659
3,27,18.489475076700597
3,28,18.159858214413905
3,29,16.619956587777704
3,30,19.298091932780547
3,31,18.70466935066699
3,32,14.82961510941884
3,33,13.609197989128704
3,34,10.236054201787034
3,35,10.013687490883235
3,36,9.952979801699835
3,37,10.85615192251791
3,38,13.198653316571148
3,39,14.04890474855506
3,40,10.712285255978642
3,41,9.479107204201007
3,42,10.166646604631866
3,43,10.493705066313296
3,44,13.119605033974919
3,45,15.108091701810038
3,46,15.525345915019365
3,47,16.452764386465542
3,48,19.204863963398317
3,49,20.376611477059228
3,50,20.942396158542365
3,51,22.963529839899444
3,52,31.217953113525375
3,53,29.936105592344997
3,54,26.325879221336
3,55,23.46541460223031
3,56,20.35975724467748
3,57,17.114891944501924
3,58,15.78385364836968
3,59,13.302699391995654
3,60,14.942762137033187
3,61,15.146902932386636
3,62,12.360048860842387
3,63,9.720245125166018
3,64,10.122269235456471
3,65,10.161190394402293
3,66,10.129658560995734
3,67,13.204434797108176
3,68,14.620542279288644
3,69,18.291200248351664
3,70,19.404348432356414
3,71,22.62511962880858
3,72,21.959143202342243
3,73,18.850120698362538
3,74,19.024067409407284
3,75,15.523468324374955
3,76,14.536018703725869
3,77,14.540033266676486
3,78,14.188317867854687
3,79,14.610317602468813
3,80,17.038695224698127
3,81,17.60125039455434
3,82,14.621290655634322
3,83,15.02150986170096
3,84,13.341322614039793
3,85,14.984365389630137
3,86,15.47804552990992
3,87,16.561335266120583
3,88,16.952710716511643
3,89,20.418219416174523
3,90,23.041136071457647
3,91,22.88757980167567
3,92,26.45168955266074
3,93,22.254112488960224
3,94,19.724615502231778
3,95,19.02356990831348
3,96,16.764333317806532
3,97,14.556387206288225
3,98,14.336955034671762
3,99,11.598460522024414
3,100,7.891294399663274
3,101,6.480384628082655
3,102,4.526448640842787
3,103,6.536721879672009
3,104,9.516966403313445
4,1,8.955833177335942
4,2,6.0881658246870245
4,3,3.81940254748729
4,5,3.8136159917538737
4,6,6.693623938279649
4,7,10.392093160200055
4,8,11.892205071602937
4,9,15.577698672386095
4,10,18.343917365771098
4,11,21.09291046889558
4,12,24.511248951844372
4,13,28.053067312252175
4,14,27.067573815703877
4,15,26.841978576090018
4,16,23.325558321160734
4,17,22.346195117802957
4,18,23.183150524022633
4,19,25.196180044714882
4,20,23.741511463524514
4,21,22.788601501242912
4,22,26.21616513765702
4,23,25.183467390937416
4,24,22.43495442335372
4,25,21.990956806724927
4,26,20.419012288940728
4,27,19.93097075664527
4,28,20.253638952252455
4,29,19.109309656833023
4,30,22.136832702130544
4,31,21.96279146117446
4,32,18.154640333377007
4,33,17.178759471612654
4,34,13.795290029418322
4,35,13.497378997006091
4,36,12.732369661682887
4,37,13.056529411183353
4,38,14.598285199787671
4,39,15.043274614235843
4,40,11.395337886459966
4,41,9.729869432062996
4,42,8.918137718676663
4,43,9.204136307663328
4,44,12.546234374942324
4,45,14.01451937227036
4,46,13.57429254152383
4,47,14.954080252323447
4,48,18.047662970415058
4,49,18.656207586650112
4,50,18.862003957659244
4,51,21.34825240565936
4,52,30.321846515474952
4,53,28.78267754223213
4,54,25.370014018273753
4,55,22.160014103844375
4,56,19.22772853010999
4,57,15.65972931935493
4,58,14.262788559726339
4,59,11.518195755753991
4,60,12.660997237523938
4,61,13.312865174269577
4,62,10.655074015002912
4,63,8.34687562877687
4,64,9.893119744062401
4,65,10.499667974465835
4,66,11.75799344170528
4,67,14.900622375359616
4,68,16.939307451046623
4,69,20.594968345195998
4,70,22.11428971999178
4,71,25.20279887603465
4,72,24.710784713034943
4,73,21.37705740873995
4,74,21.158687313570745
4,75,17.483734775034463
4,76,17.011193926153577
4,77,17.630372161240818
4,78,17.659577163774074
4,79,17.848066403559166
4,80,20.377265311308097
4,81,20.543195800181
4,82,17.265136974784134
4,83,16.978463327539487
4,84,14.670159938850032
4,85,15.44351806510634
4,86,14.98704751961297
4,87,15.939555676455347
4,88,16.72280666202585
4,89,20.375004277529072
4,90,22.539606897949145
4,91,22.3162031120689
4,92,25.78273173881392
4,93,22.184237693535515
4,94,20.067301814619498
4,95,19.80778662378619
4,96,17.261257889034724
4,97,15.610078293193867
4,98,15.902378107959255
4,99,12.681849128104439
4,100,8.928936718342605
4,101,6.396726207440132
4,102,5.1610788297972405
4,103,5.817225659677885
4,104,9.550496968869194
5,1,12.41179444270998
5,2,9.860565121782223
5,3,7.210501990881828
5,4,3.8136159917538737
5,6,3.83520593154874
5,7,7.1531136939827515
5,8,9.257809500506434
5,9,13.017955707327635
5,10,15.803662339477224
5,11,18.927425271818105
5,12,22.278958524737586
5,13,25.94484065193769
5,14,23.902695982398328
5,15,23.80366924394082
5,16,20.19430871927458
5,17,19.594479179776872
5,18,20.87683118903407
5,19,23.23662732385507
5,20,22.195286993915705
5,21,21.793160871814603
5,22,25.44021633618102
5,23,24.942263681695295
5,24,22.257239781508428
5,25,22.450091642083848
5,26,21.253486069301523
5,27,21.41888506142952
5,28,22.134993388663545
5,29,21.541102179535596
5,30,24.812486962740575
5,31,24.87816724066362
5,32,21.10887421154055
5,33,19.980667376615422
5,34,16.454240348335713
5,35,15.807725803155087
5,36,14.190095216911534
5,37,13.91217026637577
5,38,14.48032772104442
5,39,14.644241762531431
5,40,11.098098674098349
5,41,8.980628069314001
5,42,6.756924210764075
5,43,7.014218636046728
5,44,10.661269406457068
5,45,11.491079564341115
5,46,10.364551956349956
5,47,12.188931655544716
5,48,15.372988181395923
5,49,15.483598971650165
5,50,15.530047840350832
5,51,18.33121016150544
5,52,28.10014007078293
5,53,26.46711858100836
5,54,23.284900054157585
5,55,19.871905738278066
5,56,17.339374099177174
5,57,13.628543651316946
5,58,12.751166644443794
5,59,10.443939082847244
5,60,11.639276227692335
5,61,13.313165112336128
5,62,11.46610210349835
5,63,9.146903597391695
5,64,10.84570219999962
5,65,11.068611586684195
5,66,13.114902061799096
5,67,15.800726703107166
5,68,18.106084128717125
5,69,21.715368933682008
5,70,23.457583011735434
5,71,26.237219134781263
5,72,25.81235476545585
5,73,22.26137850652159
5,74,21.52764742336021
5,75,17.78200572053521
5,76,17.899917068455622
5,77,19.248393006920463
5,78,19.844928398579544
5,79,19.84530112898292
5,80,22.657966817547642
5,81,22.554660924306358
5,82,19.185461510516827
5,83,18.539967989425566
5,84,16.093259234404243
5,85,15.982113738591845
5,86,14.888851455741742
5,87,15.13932212979809
5,88,15.79038763557308
5,89,19.38676053120149
5,90,20.974555040373687
5,91,20.421041561241168
5,92,23.659257296857405
5,93,20.30919867446282
5,94,18.686641789967425
5,95,18.930593621774268
5,96,16.28913870805301
5,97,15.142167248042806
5,98,16.110020996780555
5,99,12.784203778905935
5,100,9.427009429579908
5,101,7.0164269539221635
5,102,7.5968363043777
5,103,8.28080762572361
5,104,12.09534392821837
6,1,13.74345906289737
6,2,12.085987389343549
6,3,10.085066602429075
6,4,6.693623938279649
6,5,3.83520593154874
6,7,3.7731839738788806
6,8,6.097016554077021
6,9,9.624699358189599
6,10,12.804891944666013
6,11,15.932981757570495
6,12,19.45286258641098
6,13,23.01342657041878
6,14,21.02012633875481
6,15,20.531203971481713
6,16,16.88057125921985
6,17,16.287066671271898
6,18,17.399733925710454
6,19,19.95143790560067
6,20,19.24690030163679
6,21,18.95620318209832
6,22,22.652570795056185
6,23,22.54917345659938
6,24,20.200399549774325
6,25,20.875582085705375
6,26,20.311523221763977
6,27,20.84315293142743
6,28,22.18960043574919
6,29,22.051608921347494
6,30,25.60645712735406
6,31,26.219310387891042
6,32,22.64682254297196
6,33,21.96968808742976
6,34,18.655137978099702
6,35,18.500741084345332
6,36,16.695309774556062
6,37,16.775441601437816
6,38,16.878114636936626
6,39,17.42296430311112
6,40,14.189517256195467
6,41,11.478299035954299
6,42,8.78192635932627
6,43,7.606618325028119
6,44,11.325969435663904
6,45,12.260750991486974
6,46,10.03899067806114
6,47,11.351434990993111
6,48,14.96275757284569
6,49,14.967134428347258
6,50,14.084923562086418
6,51,17.00506472655923
6,52,26.200684606486384
6,53,24.273107200595227
6,54,21.27052999577898
6,55,17.65503564749438
6,56,15.144847246193613
6,57,11.358917085385654
6,58,10.123729517361024
6,59,7.722068931534803
6,60,8.402307526222438
6,61,10.689704393017845
6,62,9.72767491371558
6,63,7.807324724323838
6,64,9.9175611909327
6,65,10.655219970258562
6,66,13.59936599758449
6,67,16.23356330921092
6,68,19.13102870343888
6,69,22.452722907294003
6,70,24.7056422211082
6,71,27.441678786755567
6,72,27.4959896659621
6,73,23.941023623204437
6,74,23.313172220038076
6,75,19.725207424462766
6,76,20.42902469492019
6,77,21.91661053975921
6,78,22.35313742080749
6,79,21.788867439321635
6,80,24.38354892992851
6,81,23.701378654105792
6,82,20.096980587743953
6,83,18.71951811850751
6,84,15.817647918365529
6,85,14.891945369767832
6,86,12.956176138044281
6,87,13.188442986677577
6,88,14.453832854419835
6,89,18.05565140844967
6,90,19.298066813204024
6,91,19.105809902724182
6,92,22.29770420232746
6,93,20.656110734272033
6,94,19.155396267579697
6,95,19.458435114823647
6,96,16.554504352669397
6,97,16.296396606994715
6,98,17.063825112053443
6,99,13.454447026526893
6,100,10.663057329396034
6,101,7.700259403546109
6,102,8.754732141634424
6,103,8.72001586407666
6,104,12.112468414062759
7,1,17.155542427044548
7,2,15.74977183601422
7,3,13.630211580135294
7,4,10.392093160200055
7,5,7.1531136939827515
7,6,3.7731839738788806
7,8,3.8480341062561756
7,9,6.770326742898918
7,10,9.973765531698021
7,11,13.385497221488283
7,12,16.787156816604195
7,13,20.350772644310435
7,14,17.469907062443227
7,15,16.949903904286142
7,16,13.229666179937245
7,17,12.98758846711243
7,18,14.504265253993406
7,19,17.403270652306897
7,20,17.241148392530746
7,21,17.571362276304008
7,22,21.352931037475994
7,23,21.865629800665825
7,24,19.75474550443345
7,25,21.099187498547856
7,26,21.03239103687265
7,27,22.16284045958529
7,28,23.888835018646816
7,29,24.268008341706558
7,30,27.966984353894425
7,31,28.861046349582768
7,32,25.42466290406051
7,33,24.76159959830564
7,34,21.48849467636674
7,35,21.282182275610825
7,36,19.031124919742187
7,37,18.93650681162529
7,38,18.33293006872529
7,39,18.897634015086368
7,40,16.08724261915448
7,41,13.139909722560681
7,42,9.981498161476702
7,43,8.262427193072234
7,44,11.42717732536168
7,45,11.880356541403126
7,46,8.727124875509913
7,47,9.814993705901731
7,48,13.435298524229735
7,49,13.021766299565066
7,50,11.406131276777396
7,51,14.510801526943713
7,52,23.78792934177882
7,53,21.688411552451015
7,54,19.036958451405088
7,55,15.26427951374491
7,56,13.284036546210148
7,57,9.638955338241985
7,58,9.007431232828115
7,59,7.666570005000397
7,60,8.19665256364734
7,61,11.444711494172745
7,62,11.672681185960656
7,63,10.057727651004019
7,64,11.786292656082752
7,65,12.185697993283446
7,66,15.52078781367693
7,67,17.618702175608266
7,68,20.701258277260376
7,69,23.76037266970428
7,70,26.256133224393995
7,71,28.695741337337594
7,72,28.969361305798035
7,73,25.368504340606812
7,74,24.482157102299155
7,75,21.06032549704623
7,76,22.314037255630765
7,77,24.216548003985004
7,78,24.91134977975486
7,79,24.066419186354334
7,80,26.71281266451178
7,81,25.70442457469387
7,82,22.097037240441328
7,83,20.356594512137686
7,84,17.441680507433066
7,85,15.70617736941456
7,86,13.199062568005873
7,87,12.697685380517887
7,88,13.942795928563276
7,89,17.226342948701046
7,90,17.750186834714842
7,91,17.447970942428473
7,92,20.30896868791784
7,93,19.80251870903353
7,94,18.77744030507083
7,95,19.43969111986417
7,96,16.533477570049893
7,97,17.033345632975156
7,98,18.100932621571253
7,99,14.621841976919043
7,100,12.604325471005646
7,101,10.12628545108713
7,102,11.94481492377095
7,103,12.030199305620304
7,104,15.08214788691289
8,1,17.308929587345574
8,2,16.483073773134375
8,3,14.439436807323348
8,4,11.892205071602937
8,5,9.257809500506434
8,6,6.097016554077021
8,7,3.8480341062561756
8,9,3.8211131504001563
8,10,6.7153858735390255
8,11,9.89410001859432
8,12,13.375094598672474
8,13,16.951848026647585
8,14,15.513898031906248
8,15,15.021635962563918
8,16,11.67955119572441
8,17,10.458659590132626
8,18,11.687637595539055
8,19,14.154981083749037
8,20,13.611708254677131
8,21,14.00706314463451
8,22,17.822558157883016
8,23,18.364122958929542
8,24,16.174234396788005
8,25,17.777152223899186
8,26,17.915632866276518
8,27,19.488014141730297
8,28,21.460230181202064
8,29,22.346588427227363
8,30,26.138034307976334
8,31,27.369005621223373
8,32,24.187192311230906
8,33,23.711428804699377
8,34,20.69601141474169
8,35,20.84452407121727
8,36,18.423226180539746
8,37,18.825192424452386
8,38,17.97660857496864
8,39,19.25326752014743
8,40,16.895044686600315
8,41,13.442839882651157
8,42,10.918190605154656
8,43,7.976059778106223
8,44,10.50615520387936
8,45,11.823692796775148
8,46,8.887338355000105
8,47,8.36181541889378
8,48,12.126019807900688
8,49,12.620161612168609
8,50,10.511848741453463
8,51,12.851277402227304
8,52,20.59837216039521
8,53,18.464662635195577
8,54,15.63114417674456
8,55,11.912078363879495
8,56,9.58911272712757
8,57,5.9499650211088255
8,58,5.308801308951795
8,59,5.127377796535741
8,60,6.8222130075382434
8,61,10.515371943301155
8,62,11.64690591552915
8,63,9.53336458137149
8,64,10.17913431281699
8,65,10.077661605978399
8,66,13.639057076963265
8,67,15.279735319639302
8,68,18.608485360201087
8,69,21.299412003456343
8,70,24.110682800527815
8,71,26.42429612318799
8,72,27.12228120888919
8,73,23.635701845900282
8,74,22.990488571238963
8,75,19.880106930259064
8,76,21.632833970315207
8,77,23.549465121045444
8,78,24.086348588863363
8,79,22.699487749027266
8,80,25.145374805737376
8,81,23.684679820951356
8,82,20.08856228627508
8,83,17.96112875448557
8,84,15.115956663379503
8,85,12.789939059316813
8,86,10.124392725203558
8,87,9.094039110209486
8,88,10.450774958710753
8,89,13.629378052162759
8,90,14.1470160963647
8,91,14.275616900866332
8,92,17.30938444357294
8,93,18.18056227620299
8,94,16.861796625106784
8,95,17.25074168591698
8,96,14.234163953464408
8,97,15.424764261075957
8,98,16.070707136265746
8,99,12.642512754025153
8,100,11.46104446748931
8,101,9.35992900005732
8,102,11.843932395885808
8,103,12.482205183951226
8,104,15.097053247691063
9,1,20.23175383803337
9,2,19.845608652541028
9,3,18.059573098341087
9,4,15.577698672386095
9,5,13.017955707327635
9,6,9.624699358189599
9,7,6.770326742898918
9,8,3.8211131504001563
9,10,3.8252309495405594
9,11,6.807329816621896
9,12,10.371743568578252
9,13,13.732087000626034
9,14,12.61050881878093
9,15,11.611720486411265
9,16,8.492924161047192
9,17,6.859472857308955
9,18,7.91309929149366
9,19,10.652682573530047
9,20,10.748960176314494
9,21,11.701225721970385
9,22,15.446587420581983
9,23,16.69262789590838
9,24,15.057465909296365
9,25,17.357146888708755
9,26,18.24683066777174
9,27,20.2785636917878
9,28,22.7170086991833
9,29,24.06872311546028
9,30,27.919532168786894
9,31,29.54542182966308
9,32,26.639850706669897
9,33,26.44146941560318
9,34,23.67149197779167
9,35,24.063522408522093
9,36,21.576383839895612
9,37,22.132823115028476
9,38,21.003654245094186
9,39,22.45890903758346
9,40,20.389689807559293
9,41,16.861437456698965
9,42,14.392029079254202
9,43,11.300172099981367
9,44,13.147277220892489
9,45,14.341801182320221
9,46,11.174261297659504
9,47,9.926245725284952
9,48,13.267366796882769
9,49,13.71358060665445
9,50,10.740418987519337
9,51,12.604072824530155
9,52,18.652804173728345
9,53,16.19343837640222
9,54,13.798475604372355
9,55,10.065392579895535
9,56,8.235311921661209
9,57,5.611542974244583
9,58,5.198255390891924
9,59,6.5050096309277565
9,60,7.355707798704771
9,61,11.178585257738888
9,62,13.366011705319654
9,63,11.86855578117766
9,64,12.270100370646714
9,65,12.301887475059948
9,66,15.952974820290596
9,67,17.183993283459184
9,68,20.67596081731136
9,69,22.898393000661464
9,70,26.00269426341206
9,71,28.107356818051084
9,72,29.195880795130062
9,73,25.842844666070793
9,74,25.268868587067285
9,75,22.469137381998053
9,76,24.59402602731053
9,77,26.583103388628437
9,78,27.050791768464855
9,79,25.309213482734997
9,80,27.531095745815808
9,81,25.65732189386129
9,82,22.104795852442912
9,83,19.52064979432396
9,84,16.653649638596516
9,85,13.64642575285957
9,86,10.442525525293489
9,87,9.03253532442231
9,88,10.775265050493672
9,89,13.292974618610774
9,90,13.065594634281142
9,91,13.674248319863207
9,92,16.32394200361037
9,93,19.330632034039162
9,94,18.272742563314456
9,95,18.707037380235665
9,96,15.79015761636996
9,97,17.721137417374756
9,98,18.187735869290016
9,99,15.009442166280438
9,100,14.518713276665496
9,101,12.623831814889508
9,102,15.06391613084844
9,103,15.440880395711309
9,104,17.51570910893364
10,1,22.76645688816069
10,2,22.44405501978105
10,3,20.42309847103205
10,4,18.343917365771098
10,5,15.803662339477224
10,6,12.804891944666013
10,7,9.973765531698021
10,8,6.7153858735390255
10,9,3.8252309495405594
10,11,3.741996187278556
10,12,6.820065935127205
10,13,10.442039381831627
10,14,9.925329863437574
10,15,9.526172182418644
10,16,7.327736603379194
10,17,4.670081496169632
10,18,6.376551310924779
10,19,8.49560131295615
10,20,8.560211458203327
10,21,10.552142816217891
10,22,14.130250620432141
10,23,15.7644875148318
10,24,14.104253645736268
10,25,16.89013874915169
10,26,17.924972380928732
10,27,20.563379736018522
10,28,23.01415923516101
10,29,24.86791510273354
10,30,28.65169623502645
10,31,30.39221351945024
10,32,27.70982496377434
10,33,27.39734122720351
10,34,24.78303814766318
10,35,25.112026475794337
10,36,22.32251702472061
10,37,22.881695638618478
10,38,21.25937226043271
10,39,22.987585043630066
10,40,21.503024539384487
10,41,17.892137989923565
10,42,15.78133991884104
10,43,12.465045180634949
10,44,13.249606353602516
10,45,14.478391875774946
10,46,11.655001915344581
10,47,9.380668813740142
10,48,11.987046428447906
10,49,12.88750126808752
10,50,9.629113824892519
10,51,10.408241224868117
10,52,14.865773014238258
10,53,12.370626499479137
10,54,10.113770173979955
10,55,6.4141459116182995
10,56,5.408466589079471
10,57,4.4931485138908
10,58,6.033333626007051
10,59,8.959062398344868
10,60,10.52357582817445
10,61,14.143907017266562
10,62,16.566221112918427
10,63,14.724106018765628
10,64,14.283664552509977
10,65,13.497105703491243
10,66,16.821012934730465
10,67,17.21439040984924
10,68,20.524529053767665
10,69,22.296099781335677
10,70,25.468477385777724
10,71,27.144426397554557
10,72,28.465035806606032
10,73,25.247479223202483
10,74,24.564865251112632
10,75,22.180562676272796
10,76,24.784492802245804
10,77,27.014382302000694
10,78,27.66672268285955
10,79,25.64999711681034
10,80,27.845571877350203
10,81,25.736318393175605
10,82,22.439882535145607
10,83,19.80483334302426
10,84,17.419158233146423
10,85,14.021333549365627
10,86,11.209157162523866
10,87,8.667115117293296
10,88,9.555712539801359
10,89,11.122952015454423
10,90,10.018561844358292
10,91,10.644766427905218
10,92,12.934324156246086
10,93,17.526284376767208
10,94,16.706692068039317
10,95,17.22958058154573
10,96,14.58422011938889
10,97,17.2142158175782
10,98,17.73041614364909
10,99,15.109099465655012
10,100,15.551089646663526
10,101,14.485067996817534
10,102,17.4103707173502
10,103,18.350707923096856
10,104,20.33877900953807
11,1,24.398637501272546
11,2,24.566842321486686
11,3,22.843026907993977
11,4,21.09291046889558
11,5,18.927425271818105
11,6,15.932981757570495
11,7,13.385497221488283
11,8,9.89410001859432
11,9,6.807329816621896
11,10,3.741996187278556
11,12,3.8324601942609435
11,13,7.087852864947109
11,14,10.080957449918136
11,15,9.322461401166308
11,16,8.53210617712417
11,17,4.831671572086908
11,18,4.6838715418920716
11,19,5.218805987814296
11,20,5.039831506825327
11,21,7.753303209199341
11,22,10.970719346781234
11,23,13.062355463558763
11,24,11.882946673486849
11,25,15.15732652347288
11,26,16.7844518166914
11,27,19.781626427796578
11,28,22.526833480228987
11,29,24.81793132419078
11,30,28.53069691724797
11,31,30.634137128150428
11,32,28.333453195517393
11,33,28.34331265870005
11,34,26.113297808206465
11,35,26.81481486564602
11,36,24.145555111580993
11,37,25.103048649049857
11,38,23.50213386572901
11,39,25.61701640530162
11,40,24.356529684026672
11,41,20.65500217547401
11,42,18.94936529356574
11,43,15.418377140669401
11,44,15.856499230915292
11,45,17.47540165111961
11,46,15.023602587381756
11,47,12.263634591589698
11,48,14.411832768901927
11,49,15.79330186259823
11,50,12.57427695370385
11,51,12.429912929944143
11,52,13.19781803560965
11,53,10.51864417439732
11,54,8.495246371381237
11,55,5.6757359994352825
11,56,4.948365244276477
11,57,6.27963577082232
11,58,7.286408725784759
11,59,10.616175806362131
11,60,12.02901106559995
11,61,15.147219283467852
11,62,18.061366637981152
11,63,16.40667216675311
11,64,15.453072176055338
11,65,14.66793778854715
11,66,17.767096008497596
11,67,17.750320142897113
11,68,21.08546052900687
11,69,22.26797557128617
11,70,25.67531051267012
11,71,27.185910065772106
11,72,28.968992429742674
11,73,26.036879595233835
11,74,25.697054155025796
11,75,23.723374260778918
11,76,26.54996472717133
11,77,28.61112942801041
11,78,29.003729931387507
11,79,26.583402015187332
11,80,28.401515079308343
11,81,25.880380841328524
11,82,22.747008288894097
11,83,19.765509372600214
11,84,17.571226756071628
11,85,13.821794159044433
11,86,11.102911823556507
11,87,8.49446320801184
11,88,9.58061668705616
11,89,10.165493719391641
11,90,8.682707624613435
11,91,10.429357608140837
11,92,12.429280246139653
11,93,19.00937368588208
11,94,18.00714987199842
11,95,18.169935000061635
11,96,15.719589420739107
11,97,18.783513558002124
11,98,18.751703885990516
11,99,16.458748994810758
11,100,17.47279616874295
11,101,16.599330728851307
11,102,19.411927184492864
11,103,20.344212241769412
11,104,21.800787670247608
12,1,27.806597324013566
12,2,27.96501557833864
12,3,26.088646983370847
12,4,24.511248951844372
12,5,22.278958524737586
12,6,19.45286258641098
12,7,16.787156816604195
12,8,13.375094598672474
12,9,10.371743568578252
12,10,6.820065935127205
12,11,3.8324601942609435
12,13,3.8620367214724998
12,14,8.845887624263035
12,15,8.784221683435803
12,16,9.525423126674772
12,17,6.215957057893046
12,18,6.347337293021938
12,19,5.328972834132206
12,20,5.5987837870121435
12,21,9.230948121755212
12,22,11.491366536632045
12,23,14.012948883385956
12,24,13.142144882792387
12,25,16.668274361586395
12,26,18.414416827801055
12,27,21.786208827706687
12,28,24.458331284640366
12,29,27.09554358647895
12,30,30.66056631751353
12,31,32.82775013570016
12,32,30.749836990917082
12,33,30.66796091594721
12,34,28.58697318578672
12,35,29.195694630560507
12,36,26.345581035803292
12,37,27.223717524110338
12,38,25.258329272738653
12,39,27.45962868361624
12,40,26.65275039621073
12,41,23.021121306749887
12,42,21.511063930234073
12,43,18.051809986729793
12,44,17.808347629386187
12,45,19.23028728105249
12,46,17.07722585030279
12,47,14.001409598656117
12,48,15.265556960588235
12,49,16.76040749091838
12,50,13.598072216231024
12,51,12.470890922536588
12,52,9.986662352173125
12,53,7.148724725367974
12,54,6.117835625120921
12,55,4.858684303744472
12,56,6.3292569796633815
12,57,9.060744269913517
12,58,10.776396081465082
12,59,14.30252611204353
12,60,15.843336165932133
12,61,18.858502824501915
12,62,21.82314116373129
12,63,20.071633059456378
12,64,18.81184313311055
12,65,17.620913485454142
12,66,20.358844509330318
12,67,19.723242282587957
12,68,22.73401330999404
12,69,23.44843796154931
12,70,26.798064896990205
12,71,27.834842759300766
12,72,29.799333657815286
12,73,27.078740008442562
12,74,26.62203886179824
12,75,25.083502264930804
12,76,28.224477644242583
12,77,30.460950228903208
12,78,31.022464858153484
12,79,28.452666251084352
12,80,30.21137750260739
12,81,27.552928965143813
12,82,24.739096620242503
12,83,21.82857191338911
12,84,20.105806903841557
12,85,16.31055035325405
12,86,14.093248813505395
12,87,11.13519783446713
12,88,11.335978425586532
12,89,10.623088368986698
12,90,7.971362848805315
12,91,9.699510277449372
12,92,10.619126552767383
12,93,19.00262965097065
12,94,18.394016292305874
12,95,18.673234359644184
12,96,16.702227172118924
12,97,20.178090235703973
12,98,20.234028760294898
12,99,18.535535778186823
12,100,20.11104061052315
12,101,19.746395726585764
12,102,22.76126849577836
12,103,23.953495782917177
12,104,25.389456414858532
13,1,30.765224652623242
13,2,31.220330724277773
13,3,29.55552940686997
13,4,28.053067312252175
13,5,25.94484065193769
13,6,23.01342657041878
13,7,20.350772644310435
13,8,16.951848026647585
13,9,13.732087000626034
13,10,10.442039381831627
13,11,7.087852864947109
13,12,3.8620367214724998
13,14,10.346959815640897
13,15,9.861030926016854
13,16,11.743858975746132
13,17,8.779028585655007
13,18,7.8231740711016355
13,19,5.265507065436406
13,20,6.184156643513458
13,21,9.793635539768552
13,22,10.79215582837607
13,23,13.877379890227049
13,24,13.889030975322733
13,25,17.609346218580104
13,26,19.864412470394043
13,27,23.34852971058735
13,28,26.208157042462545
13,29,29.10317037560304
13,30,32.545779296665394
13,31,34.981745128032664
13,32,33.215936515211865
13,33,33.38748410444871
13,34,31.577265299588127
13,35,32.41225537125669
13,36,29.668611640102327
13,37,30.732183904182246
13,38,28.781959006518306
13,39,31.115798751073847
13,40,30.405198385344804
13,41,26.760903908403087
13,42,25.34690907009963
13,43,21.84828060620307
13,44,21.542188330685903
13,45,23.01390756071502
13,46,20.91566875115219
13,47,17.81113545378342
13,48,18.848216457603236
13,49,20.342582130901583
13,50,17.174726969484862
13,51,15.773535388924554
13,52,10.167155981302772
13,53,7.483325190632504
13,54,7.907946898562552
13,55,8.232533802564562
13,56,9.770160811694947
13,57,12.720417630539771
13,58,13.998946768707517
13,59,17.392401008174925
13,60,18.58245329236186
13,61,21.239798454186335
13,62,24.487373662085133
13,63,23.0275514699535
13,64,21.674325882459343
13,65,20.659903304770587
13,66,23.253158898568834
13,67,22.445075841132866
13,68,25.388288313273613
13,69,25.654131210014828
13,70,29.085932626358915
13,71,29.93796135799651
13,72,32.215251802467215
13,73,29.756927192880198
13,74,29.50378529513739
13,75,28.25911084031862
13,76,31.49204346258743
13,77,33.61844689517696
13,78,34.01814348634518
13,79,31.2278386499909
13,80,32.692901699814634
13,81,29.778067365826278
13,82,27.140918864786734
13,83,24.045693016650358
13,84,22.464963075125155
13,85,18.608635145748337
13,86,16.49287194367155
13,87,13.887583024688386
13,88,14.266212999129632
13,89,12.94607027451124
13,90,10.23389034251412
13,91,12.385997946551417
13,92,12.594992243834714
13,93,22.030304910345894
13,94,21.471794405982045
13,95,21.593876123838868
13,96,19.854889603296503
13,97,23.46385265276181
13,98,23.241921123445334
13,99,21.76189513791465
13,100,23.530502115125998
13,101,23.159188863889767
13,102,26.019827663772784
13,103,27.06570942750641
13,104,28.156486791866946
14,1,32.50687315523759
14,2,31.836311189988923
14,3,29.435871949213524
14,4,27.067573815703877
14,5,23.902695982398328
14,6,21.02012633875481
14,7,17.469907062443227
14,8,15.513898031906248
14,9,12.61050881878093
14,10,9.925329863437574
14,11,10.080957449918136
14,12,8.845887624263035
14,13,10.346959815640897
14,15,3.829635304471111
14,16,5.733467611446222
14,17,6.754572085302446
14,18,9.758534726266781
14,19,11.467300665008006
14,20,13.750214226500054
14,21,17.216261236484417
14,22,19.633198131446342
14,23,22.468893259172464
14,24,21.668647290728714
14,25,25.068931804823706
14,26,26.519130708321846
14,27,29.641284564081044
14,28,32.116224758979556
14,29,34.328808516135354
14,30,38.01665150883151
14,31,39.76592958661653
14,32,37.178146958780125
14,33,36.56791164302485
14,34,33.87304515058268
14,35,33.70501199973064
14,36,30.465350877699095
14,37,30.31051924591732
14,38,27.82734597037293
14,39,28.983237722685693
14,40,28.193161786219328
14,41,25.0394800239761
14,42,22.605084781331005
14,43,20.089217674017643
14,44,19.851624786434456
14,45,19.558959386705755
14,46,16.741552659469896
14,47,14.979647119365413
14,48,15.436342959226605
14,49,14.90814067185576
14,50,11.422286474001695
14,51,10.983622617551154
14,52,12.88823619135357
14,53,10.4703033384751
14,54,11.488960247409718
14,55,9.849866484570363
14,56,12.591817625783932
14,57,13.645397216986863
14,58,15.93809822950135
14,59,18.763123116489286
14,60,19.65734500490573
14,61,23.260104616788954
14,62,25.877170876177768
14,63,24.405636129310746
14,64,24.201796817113728
14,65,23.186941089065304
14,66,26.250343185328195
14,67,25.99466705786415
14,68,28.82176038437983
14,69,30.175259246163353
14,70,33.12366297129805
14,71,33.99482268225344
14,72,35.262847872752694
14,73,32.18402540749809
14,74,30.792638876552186
14,75,28.885964788510442
14,76,31.893444686222374
14,77,34.72698576043797
14,78,36.00835937086662
14,79,34.0972155767667
14,80,36.49591820355083
14,81,34.388916690804166
14,82,31.44297820553916
14,83,28.95624230101842
14,84,26.982505061541673
14,85,23.438373780671895
14,86,20.820182610388756
14,87,17.946547860836905
14,88,17.870245637297824
14,89,17.79521914105084
14,90,14.740099861892448
14,91,14.199710437183228
14,92,13.697302829079335
14,93,20.28168030415996
14,94,21.181751833257596
14,95,22.623361929953763
14,96,20.902757794914567
14,97,23.974679763840932
14,98,25.30687406447976
14,99,23.50362828623687
14,100,24.39553110750009
14,101,23.84016017832361
14,102,26.958066762580504
14,103,27.884134034953362
14,104,30.060145779143177
15,1,31.79231220031839
15,2,31.422045654481327
15,3,29.396855424352353
15,4,26.841978576090018
15,5,23.80366924394082
15,6,20.531203971481713
15,7,16.949903904286142
15,8,15.021635962563918
15,9,11.611720486411265
15,10,9.526172182418644
15,11,9.322461401166308
15,12,8.784221683435803
15,13,9.861030926016854
15,14,3.829635304471111
15,16,3.8883928797300644
15,17,5.1235094957261715
15,18,7.279671978518349
15,19,9.474436962868579
15,20,12.478628483791924
15,21,15.684275925047249
15,22,17.98432569275013
15,23,21.064146710044685
15,24,20.75250318802756
15,25,24.23022935824535
15,26,26.089661834227748
15,27,29.030656926195583
15,28,31.808571704189063
15,29,33.95186133355697
15,30,37.71677406216219
15,31,39.68995994863765
15,32,37.15056402166307
15,33,36.89126056345952
15,34,34.27808429956608
15,35,34.43893253061744
15,36,31.45095515705201
15,37,31.578669929492627
15,38,29.458849317171232
15,39,30.70407492493222
15,40,29.49489704639496
15,41,26.19155961335194
15,42,23.589643022490392
15,43,20.895013744479634
15,44,21.28016813679437
15,45,21.30851468741499
15,46,18.135612968960242
15,47,16.524900209358748
15,48,17.74543058183529
15,49,17.26769830248528
15,50,13.540084754793593
15,51,13.776446375840374
15,52,15.288958102162262
15,53,12.531781253825764
15,54,13.202976161039372
15,55,11.198066077943654
15,56,13.104592014208613
15,57,13.843392032316062
15,58,15.295731710500304
15,59,17.773207566219206
15,60,17.994705685795928
15,61,21.36703587643811
15,62,24.266773275158137
15,63,23.30853592233101
15,64,23.415914249036486
15,65,22.985533776508262
15,66,26.31374197081633
15,67,26.46487710967401
15,68,29.621117184005378
15,69,31.016530375994737
15,70,34.192716291091
15,71,35.38814257294307
15,72,36.83042237718927
15,73,33.729456577514505
15,74,32.656536222300254
15,75,30.56128195417657
15,76,33.41003354573217
15,77,35.98716053280147
15,78,36.936454342590764
15,79,34.92216619616062
15,80,37.12254413194441
15,81,34.86013958880504
15,82,31.710127736938045
15,83,28.917573872538835
15,84,26.58530541027248
15,85,22.950052174399595
15,86,19.917165026060083
15,87,17.583085728326456
15,88,18.310659374192394
15,89,18.592876813837698
15,90,15.93575313494018
15,91,16.182049651698726
15,92,16.288465060449536
15,93,23.047367531785635
15,94,23.49167171592897
15,95,24.63721346142463
15,96,22.575026913067124
15,97,25.566218929217346
15,98,26.528742048804702
15,99,24.321788961922508
15,100,24.906336444293768
15,101,23.813708883666628
15,102,26.585037694609394
15,103,27.026749407305758
15,104,28.88542042029104
16,1,28.675853831342376
16,2,28.11132682142746
16,3,26.0707902048161
16,4,23.325558321160734
16,5,20.19430871927458
16,6,16.88057125921985
16,7,13.229666179937245
16,8,11.67955119572441
16,9,8.492924161047192
16,10,7.327736603379194
16,11,8.53210617712417
16,12,9.525423126674772
16,13,11.743858975746132
16,14,5.733467611446222
16,15,3.8883928797300644
16,17,3.770174853484198
16,18,6.842831339086526
16,19,10.123668977622932
16,20,12.604470122427577
16,21,15.301984082491053
16,22,18.20523887778255
16,23,20.85188281590423
16,24,20.14311541920875
16,25,23.32079770898079
16,26,24.873235693584842
16,27,27.505118870789914
16,28,30.164046315595094
16,29,31.968978616789407
16,30,35.79165604986547
16,31,37.57232557828796
16,32,34.80565660464191
16,33,34.4660754656274
16,34,31.670919180528685
16,35,31.735800638323212
16,36,28.833902396661948
16,37,28.855240906651858
16,38,26.9453563452513
16,39,27.993409694289063
16,40,26.47063294193721
16,41,23.220988062597026
16,42,20.386699306310636
16,43,17.84556013482107
16,44,18.687358281049065
16,45,18.629230681904783
16,46,15.173142710930367
16,47,14.038507564646666
16,48,15.819768222965813
16,49,15.081530000012172
16,50,11.304895080043154
16,51,12.507203238389351
16,52,16.911374940165352
16,53,14.17965951299271
16,54,13.854363976122922
16,55,10.92936586075751
16,56,12.01422976093752
16,57,11.698817510749205
16,58,12.907386487320975
16,59,14.917457056654287
16,60,15.015013866487013
16,61,18.559398218307344
16,62,21.1652051178457
16,63,20.21900447487363
16,64,20.69370387700062
16,65,20.462534364059454
16,66,23.93688467053613
16,67,24.495122595308626
16,68,27.73518983506631
16,69,29.532480205530355
16,70,32.62952646592368
16,71,34.11266955737104
16,72,35.30099846603932
16,73,32.0187186362722
16,74,30.91034156691111
16,75,28.475377966439254
16,76,31.05362871469547
16,77,33.56925836308858
16,78,34.513977446979055
16,79,32.73748211153562
16,80,35.080210676106546
16,81,33.05367761223974
16,82,29.733943643073307
16,83,27.07660463192766
16,84,24.51942801633464
16,85,21.10573571866331
16,86,17.93229208291654
16,87,15.840333634439697
16,88,16.79110750198054
16,89,17.82103421810783
16,90,15.727674079629075
16,91,15.774949831328817
16,92,16.61021585710099
16,93,21.833796655607316
16,94,22.08233536652723
16,95,23.25116516829017
16,96,20.923284426303425
16,97,23.525857337904426
16,98,24.611397118475242
16,99,22.07134926866787
16,100,22.179448069361452
16,101,20.80432034051315
16,102,23.44429590009619
16,103,23.744033547286488
16,104,25.805061087318077
17,1,26.812298605678173
17,2,26.600252538931848
17,3,24.720039653902504
17,4,22.346195117802957
17,5,19.594479179776872
17,6,16.287066671271898
17,7,12.98758846711243
17,8,10.458659590132626
17,9,6.859472857308955
17,10,4.670081496169632
17,11,4.831671572086908
17,12,6.215957057893046
17,13,8.779028585655007
17,14,6.754572085302446
17,15,5.1235094957261715
17,16,3.770174853484198
17,18,3.815966038797292
17,19,6.8051711452223405
17,20,8.88906684670376
17,21,11.665150245083622
