1,2,3.88492583616462
1,3,5.276845215264395
1,4,4.853761424523226
1,5,6.48381395713643
1,6,8.771947644058297
1,7,9.680410430489458
1,8,10.702686489923984
1,9,12.563806816326249
1,10,14.261713480458177
1,11,16.55136039840242
1,12,17.219163501149726
1,13,20.817856836039027
1,14,21.880859592372335
1,15,21.11035718473246
1,16,23.346113463172994
1,17,26.162077302273037
1,18,29.05096355340081
1,19,27.082468634586984
1,20,24.921237697310495
1,21,28.28978308972639
1,22,28.338964529152143
1,23,27.528475654267762
1,24,24.663912401814216
1,25,24.82264323023394
1,26,23.479096487300303
1,27,21.70014129552168
1,28,21.502765457795345
1,29,25.354599350073137
1,30,26.34711023275318
1,31,23.081391704013086
1,32,20.969920988455545
1,33,18.162426678934818
1,34,14.555685495780619
1,35,13.819901793306313
1,36,17.049281747629685
1,37,16.11922733667181
1,38,12.846131507876626
1,39,15.071668293911127
1,40,17.876706365401862
1,41,15.903618653642212
1,42,14.494508277434743
1,43,18.20369677983666
1,44,19.889479482215236
1,45,18.040029531905493
1,46,18.969199265820453
1,47,22.284144007738025
1,48,22.638981235015773
1,49,21.654046751419685
1,50,23.818600306446402
1,51,26.704390405397668
1,52,26.95524220612027
1,53,26.214704267420867
1,54,30.01994123619927
1,55,31.184822201919644
1,56,34.032330851614525
1,57,33.0238669211341
1,58,29.595269133533463
1,59,30.94445425933808
1,60,33.5975125152235
1,61,36.666611649957574
1,62,36.06212901423826
1,63,34.54900872834117
1,64,31.884943809362817
1,65,30.901522999435226
1,66,30.810913650964864
1,67,28.24587032848313
1,68,26.24069322207468
1,69,26.11173847418611
1,70,24.72058813542291
1,71,21.995938628426273
1,72,21.148600206181957
1,73,20.73198795207314
1,74,18.542964922532605
1,75,16.373363249668653
1,76,16.320834481347564
1,77,15.66848028109816
1,78,12.555842584971659
1,79,11.430162371730525
1,80,12.476140096514213
1,81,10.330196078967544
1,82,7.021934292925158
1,83,9.071198877394593
1,84,10.526944423277627
1,85,7.423033572776021
1,86,7.648054840558342
1,87,11.503481705517379
1,88,12.877345222606452
1,89,16.32449167015091
1,90,17.888952303380126
1,91,20.99834766982026
1,92,21.451667442214823
1,93,24.53859428289812
1,94,24.72350142668541
1,95,27.885396108220874
1,96,28.369148275291607
1,97,29.999641075665348
1,98,28.95335030831196
1,99,28.380776449941678
1,100,26.54250823013093
1,101,26.320116921011874
1,102,22.964770200450676
1,103,22.93583815715888
1,104,23.226732022443247
1,105,20.586060442718782
1,106,18.018249228864057
1,107,19.24365635215939
1,108,19.219188451528225
1,109,15.570661929829734
1,110,14.667741191535871
1,111,16.704437088738107
1,112,14.951595479748724
1,113,11.308227895492955
1,114,13.244038799429866
1,115,15.076365702972568
1,116,12.119777816651105
1,117,10.715271245202247
1,118,14.407229086180559
1,119,14.969155521398541
1,120,12.590681318907869
1,121,14.2746571669676
1,122,17.824569025906435
2,1,3.88492583616462
2,3,3.8751722248772134
2,4,5.288527493372373
2,5,5.212354782969883
2,6,6.345776420535885
2,7,8.668388993092636
2,8,9.984849996526222
2,9,10.660966339965194
2,10,12.379753165095247
2,11,15.176550887728151
2,12,15.397552983884022
2,13,18.751458863900993
2,14,20.421082252313518
2,15,19.841018207449263
2,16,21.590470075465245
2,17,24.733512562500042
2,18,27.748830819825944
2,19,25.985237867624495
2,20,23.3786050374291
2,21,26.53532670640364
2,22,26.86153184311839
2,23,25.913757749399885
2,24,23.112276537303973
2,25,23.135915606197724
2,26,21.28902306713143
2,27,19.619734071665636
2,28,18.844682674340373
2,29,22.64679350279905
2,30,23.84232722521273
2,31,20.580405699930086
2,32,18.956479609006895
2,33,16.398298332238756
2,34,12.614511656416898
2,35,12.867029232440588
2,36,15.908080518546184
2,37,14.35041228757351
2,38,11.573185977322314
2,39,14.57400010645553
2,40,16.83530177719049
2,41,14.582644039463666
2,42,14.108090929316633
2,43,17.917890115335624
2,44,19.057375518106596
2,45,17.48080865135068
2,46,19.092363692027263
2,47,22.1544390059107
2,48,22.188733818343923
2,49,21.700693613501063
2,50,24.237513396614627
2,51,26.704331576699207
2,52,26.780167150909996
2,53,26.49356444840967
2,54,30.319615147025406
2,55,31.015099466679974
2,56,33.693925411057506
2,57,32.264302117457326
2,58,28.962022887793605
2,59,30.618492731289944
2,60,32.949295463552026
2,61,36.12696968058748
2,62,35.49333437954142
2,63,34.291042933185416
2,64,31.357663219155796
2,65,30.307577072896446
2,66,30.701133715555816
2,67,28.229814542725748
2,68,25.791474890250313
2,69,25.82954722028366
2,70,24.979621770727977
2,71,22.070816827288088
2,72,20.768104808253444
2,73,20.89489260448318
2,74,19.138973415058953
2,75,16.327700963183236
2,76,16.146948534135113
2,77,16.393884711986725
2,78,13.429499961703621
2,79,11.307109536366672
2,80,12.795950794880287
2,81,11.770224322206596
2,82,7.974371881841461
2,83,8.952837629004199
2,84,11.488452072704659
2,85,9.280106044914078
2,86,8.036979598687452
2,87,11.643792808179454
2,88,13.794623329014096
2,89,17.213934302705233
2,90,18.65980583655693
2,91,21.313936604405225
2,92,21.066565339429427
2,93,23.85293237177707
2,94,23.669700617454986
2,95,26.569531108793274
2,96,26.668559067028564
2,97,28.266326183707136
2,98,26.812532784176405
2,99,26.344550119652016
2,100,24.291939719926496
2,101,24.226495236575555
2,102,21.141539230253475
2,103,20.751124190999803
2,104,20.613128335054064
2,105,18.171700032286363
2,106,15.679393129742143
2,107,16.340289260361548
2,108,16.116467762186698
2,109,12.676135142553838
2,110,11.531936630043637
2,111,13.110870211550049
2,112,11.39393810941878
2,113,7.665992811809334
2,114,9.441059712765698
2,115,11.204531764974
2,116,8.417191428365904
2,117,7.030650832088621
2,118,10.831927254189335
2,119,11.589166515531634
2,120,9.819090494415835
2,121,11.61472373540467
2,122,15.407645750860343
3,1,5.276845215264395
3,2,3.8751722248772134
3,4,3.837803384999109
3,5,5.7253075127937265
3,6,5.26064887835755
3,7,6.329664645629032
3,8,8.975172552869559
3,9,10.058485223638364
3,10,10.585345811187794
3,11,13.647100420663717
3,12,14.756326270182234
3,13,17.909214799221452
3,14,19.219504750843694
3,15,19.312823646949703
3,16,21.40370714160594
3,17,24.629210713379848
3,18,27.944230290192333
3,19,26.60595989485573
3,20,24.115227838918
3,21,27.44665405777615
3,22,28.197524453558632
3,23,27.709538048860672
3,24,25.26242777505235
3,25,25.73508742222456
3,26,23.857184478418965
3,27,22.615234444309976
3,28,21.637190475936222
3,29,25.325637035957524
3,30,26.890281367031083
3,31,23.95115061487943
3,32,22.592617281456054
3,33,20.12836722346496
3,34,16.337074205341988
3,35,16.739315703930664
3,36,19.7151244662846
3,37,17.93756645670936
3,38,15.145088451136642
3,39,18.13097755238876
3,40,20.217804781926212
3,41,17.589195560772545
3,42,16.984401032984657
3,43,20.86409193909691
3,44,21.70181093806747
3,45,19.643062078797797
3,46,21.31440363010991
3,47,24.47758491747074
3,48,24.06637435971411
3,49,23.15585107157256
3,50,25.937010444304725
3,51,28.469712127005508
3,52,28.08770566699035
3,53,27.449344831077514
3,54,31.25672136845035
3,55,32.08646780920759
3,56,34.49311538565015
3,57,33.11332292652825
3,58,29.627833080578704
3,59,30.92147993727425
3,60,33.13049383401624
3,61,36.06172801299555
3,62,35.02506417084695
3,63,33.55479018978166
3,64,30.516478175251493
3,65,29.93607336823484
3,66,30.360052038770522
3,67,27.54316337292965
3,68,25.26403131592974
3,69,25.839204581787396
3,70,24.829047345222875
3,71,21.5900651517478
3,72,20.82965770164835
3,73,21.377810330001385
3,74,19.18073476390299
3,75,16.349620695812966
3,76,17.064866870464968
3,77,17.407032787499165
3,78,13.96422671970784
3,79,12.459145092263014
3,80,14.756124715693915
3,81,13.520130926831886
3,82,9.894298552287449
3,83,11.847852893126388
3,84,14.464701649157004
3,85,12.088625951976027
3,86,11.627031558293394
3,87,15.306910859949186
3,88,17.354749972526832
3,89,20.76440461275181
3,90,22.070000361265425
3,91,24.912370915428017
3,92,24.721669442817113
3,93,27.41043072702985
3,94,27.00381473457234
3,95,29.968007863574698
3,96,29.81589290403517
3,97,31.122675259296305
3,98,29.463500892386822
3,99,28.65358955960305
3,100,26.238587339303702
3,101,25.708860987824348
3,102,22.542703218517666
3,103,21.62767227652162
3,104,21.874591229142027
3,105,19.94449452783193
3,106,16.940600521501928
3,107,17.212581980170732
3,108,17.727748766592786
3,109,14.602108512612382
3,110,12.490043614992082
3,111,14.152368889390413
3,112,13.40959650928662
3,113,9.511971761938696
3,114,9.945343339615016
3,115,12.406592293375322
3,116,10.377503453855377
3,117,7.582285141763584
3,118,10.81935202459619
3,119,12.548316701276137
3,120,10.542148452057837
3,121,11.008211469933062
3,122,14.60502039384974
4,1,4.853761424523226
4,2,5.288527493372373
4,3,3.837803384999109
4,5,3.883296231630345
4,6,5.424116941919127
4,7,4.976668505850142
4,8,6.422444390315185
4,9,8.749788828074859
4,10,9.863644925815786
4,11,12.027980268463079
4,12,13.27987312787388
4,13,16.788097217237933
4,14,17.51598089192992
4,15,17.185380354560692
4,16,19.706511904473892
4,17,22.57666896749533
4,18,25.74158553888651
4,19,24.221862753006327
4,20,22.13926713867964
4,21,25.68695457718411
4,22,26.235070292073797
4,23,25.999260251957356
4,24,23.639527908425276
4,25,24.483194851100798
4,26,23.115447204508577
4,27,22.08893223497836
4,28,21.688998959583003
4,29,25.376680826109816
4,30,27.04023629923993
4,31,24.84939471433269
4,32,23.281326995359226
4,33,20.986155102400154
4,34,17.178889477109916
4,35,16.917573593331
4,36,19.61590323709531
4,37,17.85052630749044
4,38,14.57664485242597
4,39,17.07497747274291
4,40,19.174028721297184
4,41,16.3645377613278
4,42,15.089139501467757
4,43,18.92238019794026
4,44,19.815330522248903
4,45,17.311269205716364
4,46,18.64973313999785
4,47,21.961838690024965
4,48,21.504797136087557
4,49,20.16212422538137
4,50,22.852849063701786
4,51,25.59378452577758
4,52,25.157668137890266
4,53,24.198539580935957
4,54,27.98980179499112
4,55,29.095853011106684
4,56,31.564438357846452
4,57,30.480517438055934
4,58,26.88596425760639
4,59,27.95416667935776
4,60,30.39242141534927
4,61,33.26399417173113
4,62,32.30508850612312
4,63,30.6694425281197
4,64,27.845186073836647
4,65,27.210113487605003
4,66,27.29542378282525
4,67,24.47345970338902
4,68,22.448457553130822
4,69,22.84320811703292
4,70,21.51448800910568
4,71,18.403416819243517
4,72,17.8878216403174
4,73,18.117517394711783
4,74,15.67688740959566
4,75,13.174785779704557
4,76,14.068505062239366
4,77,14.01071129619553
4,78,10.410245091711923
4,79,9.542781961028377
4,80,11.968392760862036
4,81,10.421547469385777
4,82,7.198049346840182
4,83,10.053299251356028
4,84,12.478290171093093
4,85,10.325904871217803
4,86,10.975558883975623
4,87,14.477439609623556
4,88,16.60960855667167
4,89,19.68172910549307
4,90,20.49015687963296
4,91,23.646306253271415
4,92,23.724017799706214
4,93,26.35787321769116
4,94,25.875329316120926
4,95,29.13466524533419
4,96,29.04161648843476
4,97,30.102440501623935
4,98,28.727235026713043
4,99,27.584616255835513
4,100,25.247217686936903
4,101,24.399348762066314
4,102,20.93640941017761
4,103,20.345049704895366
4,104,21.163006702674817
4,105,19.098004670373612
4,106,15.902824671393256
4,107,16.91370267714082
4,108,17.82199217778265
4,109,14.462469415420083
4,110,12.629112254626532
4,111,15.186914082905417
4,112,14.563025721943923
4,113,10.75488446139461
4,114,11.926654937575115
4,115,14.809540615131503
4,116,12.907760581139248
4,117,10.722512044552655
4,118,14.152088807263684
4,119,15.905274922864457
4,120,14.11643261676149
4,121,14.826458472464823
4,122,18.44132916183504
5,1,6.48381395713643
5,2,5.212354782969883
5,3,5.7253075127937265
5,4,3.883296231630345
5,6,3.886329616672075
5,7,5.359122736301985
5,8,5.035459097631278
5,9,6.189569227538125
5,10,8.62748750364889
5,11,10.612548630337784
5,12,10.790337329589958
5,13,14.42210177784701
5,14,15.681496866709393
5,15,14.844133651037607
5,16,16.909441730082417
5,17,19.864673677976914
5,18,22.902619905673347
5,19,21.227235847438923
5,20,18.8681095249841
5,21,22.274762625554747
5,22,22.751920792495607
5,23,22.326216755953066
5,24,19.922529099302643
5,25,20.724769849755894
5,26,19.27120495932257
5,27,18.391772171228165
5,28,17.987713865580453
5,29,21.62157741570636
5,30,23.425131139535445
5,31,21.813956869495613
5,32,20.489363376401222
5,33,18.62443012633982
5,34,14.824191729480386
5,35,14.815317230019884
5,36,17.00745560392068
5,37,14.7721460372206
5,38,11.654105028265093
5,39,14.385729597196923
5,40,15.979183971947487
5,41,12.885941059419958
5,42,12.068352948260586
5,43,15.92044967161859
5,44,16.416893949953145
5,45,14.067209856040721
5,46,15.869477121875782
5,47,18.978245377450556
5,48,18.37497634733146
5,49,17.49343489697124
5,50,20.387903739547834
5,51,22.796227868222434
5,52,22.393167738932636
5,53,21.913818850408255
5,54,25.728097072220706
5,55,26.440867340077787
5,56,28.93356862315599
5,57,27.571682211134906
5,58,24.133651789407974
5,59,25.60130113684802
5,60,27.91900855092503
5,61,31.015416938321284
5,62,30.31855029737046
5,63,29.07995961191559
5,64,26.173892304811073
5,65,25.13829970860487
5,66,25.514788757180813
5,67,23.028835869905155
5,68,20.5875599188591
5,69,20.70321895178949
5,70,19.884036772727253
5,71,16.896857725258666
5,72,15.641692980454058
5,73,16.004141486689218
5,74,14.235341062490567
5,75,11.218074129201138
5,76,11.44866398595973
5,77,12.115797253368202
5,78,9.00910684429985
5,79,6.852401901950362
5,80,9.448174741216288
5,81,9.09351113113382
5,82,5.652182849068933
5,83,7.503372891338727
5,84,10.748345921432941
5,85,9.6787766248026
5,86,9.682894254769018
5,87,12.62065136771262
5,88,15.468130585431481
5,89,18.216286627484475
5,90,18.595804327351146
5,91,21.454477932241776
5,92,21.052218252723783
5,93,23.365948742972872
5,94,22.55326599005662
5,95,25.742469870254453
5,96,25.415500871585095
5,97,26.365254065136913
5,98,24.890562746022518
5,99,23.73637214258105
5,100,21.39223105502936
5,101,20.66818653719114
5,102,17.27878366433915
5,103,16.801147544844458
5,104,17.435359744490746
5,105,15.240180589549635
5,106,12.150831937096145
5,107,13.361042753860668
5,108,14.123405305961294
5,109,10.683726905305265
5,110,9.173373511703717
5,111,12.061443676592848
5,112,11.394184600598425
5,113,7.878061531076703
5,114,9.74552151901429
5,115,12.707545445479447
5,116,11.180223010721335
5,117,9.878758519649477
5,118,13.401631993264612
5,119,15.11257249301559
5,120,14.175896739407253
5,121,15.37480162264482
5,122,19.203641047925405
6,1,8.771947644058297
6,2,6.345776420535885
6,3,5.26064887835755
6,4,5.424116941919127
6,5,3.886329616672075
6,7,3.8656068255865508
6,8,5.497725465085139
6,9,5.035515561198447
6,10,6.0757496897420555
6,11,9.177145114370818
6,12,9.691092361695954
6,13,12.78819941607041
6,14,14.467989987898077
6,15,14.52298180905796
6,16,16.302214669471514
6,17,19.674715814568735
6,18,23.06397049674543
6,19,21.9649983084885
6,20,19.276041077815332
6,21,22.53460617862522
6,22,23.608965391177996
6,23,23.364563001729177
6,24,21.299142337014967
6,25,22.192167276674777
6,26,20.233491479889253
6,27,19.68883622814577
6,28,18.559829957025524
6,29,22.000037650383533
6,30,24.14868321906577
6,31,22.550175549071593
6,32,21.776300143018684
6,33,20.07412643139383
6,34,16.267588036736303
6,35,17.07313249791927
6,36,19.224375836906965
6,37,16.59969415174707
6,38,14.068035883834813
6,39,17.255825145523115
6,40,18.42707351653762
6,41,15.1515051451713
6,42,15.088607559174955
6,43,18.86801812136931
6,44,18.826163020370906
6,45,16.585574094569285
6,46,18.85827403590562
6,47,21.724072638914127
6,48,20.65616151332957
6,49,19.96159621653599
6,50,23.18409236900775
6,51,25.25806397126788
6,52,24.44695633628288
6,53,24.116886377134833
6,54,27.856061258988962
6,55,28.264516728594053
6,56,30.38966046088804
6,57,28.703778880023364
6,58,25.302523781775168
6,59,26.756309127970287
6,60,28.65484392404766
6,61,31.63043967788497
6,62,30.594435126588042
6,63,29.43663209733806
6,64,26.217098032651837
6,65,25.518952215072897
6,66,26.364942676056987
6,67,23.71848598011145
6,68,21.04336013905994
6,69,21.759807648867874
6,70,21.314329121452165
6,71,17.975993041512794
6,72,16.788021383920455
6,73,17.963608921515615
6,74,16.287341170698127
6,75,12.871870383450359
6,76,13.682077475144725
6,77,15.059567887993623
6,78,11.96492737626933
6,79,9.767469448621554
6,80,12.811824508681065
6,81,12.886974169884297
6,82,9.53038858487723
6,83,10.942255136369356
6,84,14.422329272732327
6,85,13.330893139663504
6,86,12.752987866750631
6,87,15.712707286989968
6,88,18.65545953234676
6,89,21.539791043898667
6,90,22.03418759430952
6,91,24.63298295071918
6,92,23.841537162824164
6,93,25.930745927857057
6,94,24.823429037749165
6,95,27.73919180497022
6,96,26.998889855642446
6,97,27.79653933898471
6,98,25.83616765741443
6,99,24.629587926344044
6,100,21.87191855044505
6,101,21.011662182450983
6,102,17.93404773508785
6,103,16.628897743113328
6,104,17.053888644145218
6,105,15.548194139268052
6,106,12.236653346646005
6,107,12.313600862750471
6,108,13.463829945089913
6,109,10.67528255684582
6,110,7.9341580935855385
6,111,10.258263185837432
6,112,10.546983512539851
6,113,6.9986731132786995
6,114,7.248267876663037
6,115,10.751438535285626
6,116,10.109920151852133
6,117,7.965762341800397
6,118,10.864796960839099
6,119,13.375812413487033
6,120,12.85477740928469
6,121,13.252110883599448
6,122,16.94206658182517
7,1,9.680410430489458
7,2,8.668388993092636
7,3,6.329664645629032
7,4,4.976668505850142
7,5,5.359122736301985
7,6,3.8656068255865508
7,8,3.9013147212608503
7,9,5.510925419319426
7,10,5.143316752895793
7,11,7.578190565079096
7,12,9.50350937773392
7,13,12.595598156240492
7,14,13.239470454010098
7,15,13.694623027024805
7,16,16.2206730505914
7,17,19.297898069825422
7,18,22.801046677717366
7,19,21.93310423263895
7,20,19.753416237356912
7,21,23.286945613168562
7,22,24.4950401641782
7,23,24.776921834994617
7,24,23.017414632679582
7,25,24.402621060550377
7,26,22.84143100274802
7,27,22.57821136653593
7,28,21.777409937716836
7,29,25.13957445305584
7,30,27.426214443464353
7,31,26.190387503309363
7,32,25.271572325672164
7,33,23.50451684661919
7,34,19.674542849344768
7,35,20.031145815960333
7,36,22.22667097055707
7,37,19.74822447172779
7,38,16.859072582081172
7,39,19.645327074186827
7,40,20.945625715178164
7,41,17.552420501955893
7,42,16.841821338943316
7,43,20.5655353564994
7,44,20.54716600800381
7,45,17.746851160574924
7,46,19.658243735314358
7,47,22.691909061932503
7,48,21.390310929838666
7,49,20.021591090677127
7,50,23.245342933160785
7,51,25.56007469893714
7,52,24.413813925594948
7,53,23.506195741668034
7,54,27.180260103495424
7,55,27.965436100614454
7,56,29.92436666834653
7,57,28.566847953960405
7,58,24.942996291908237
7,59,25.857516530449086
7,60,27.84972197204839
7,61,30.530509444452584
7,62,29.183141492625648
7,63,27.603210666593014
7,64,24.476029382313484
7,65,24.21247858996589
7,66,24.76656698597355
7,67,21.767893273745
7,68,19.509843570674846
7,69,20.59746231076652
7,70,19.69101597451494
7,71,16.158939241057322
7,72,15.786564765014834
7,73,17.038923022383006
7,74,14.743224922341561
7,75,11.699871225042328
7,76,13.499512582938227
7,77,14.50453065806919
7,78,11.015976632505604
7,79,10.034422693526645
7,80,13.480171081698954
7,81,13.029527118462372
7,82,10.24018946585926
7,83,12.690395330704565
7,84,15.782425339289277
7,85,14.473103229293548
7,86,14.858441064460068
7,87,17.95719090916524
7,88,20.653077307453984
7,89,23.46380090174974
7,90,23.76625918749837
7,91,26.7139078812503
7,92,26.275967319745817
7,93,28.401664380494957
7,94,27.274777916308317
7,95,30.418149269074824
7,96,29.69431037783017
7,97,30.226240752777112
7,98,28.411958053248323
7,99,26.822121905373997
7,100,23.970737366722783
7,101,22.588158408575683
7,102,19.27748582243677
7,103,17.886675266559287
7,104,19.044843797390232
7,105,17.80877035929087
7,106,14.162521130970939
7,107,14.538488138847574
7,108,16.37340264241306
7,109,13.712687563504323
7,110,10.878150018221994
7,111,13.566120528208247
7,112,14.263938612600198
7,113,10.827760751977715
7,114,10.835451372548757
7,115,14.4566825086419
7,116,13.849148190241827
7,117,11.299194307928861
7,118,13.956626535853456
7,119,16.698892274422015
7,120,15.73747608217173
7,121,15.598242306154686
7,122,19.053864534946687
8,1,10.702686489923984
8,2,9.984849996526222
8,3,8.975172552869559
8,4,6.422444390315185
8,5,5.035459097631278
8,6,5.497725465085139
8,7,3.9013147212608503
8,9,3.8290533478172537
8,10,5.562427540641247
8,11,6.161168291338731
8,12,7.2990106778128
8,13,10.924963535076488
8,14,11.283879325079004
8,15,10.78860934701123
8,16,13.52040710952011
8,17,16.284042776913054
8,18,19.56378931884556
8,19,18.393998890686593
8,20,16.445509551660283
8,21,20.11372164260863
8,22,21.07610767056545
8,23,21.489028925415926
8,24,19.819093807457126
8,25,21.511848700254205
8,26,20.386231218000347
8,27,20.401995454657534
8,28,20.10388980130223
8,29,23.355562633653484
8,30,25.728651408375597
8,31,25.34622247582033
8,32,24.385329671850975
8,33,22.964074014510114
8,34,19.251346969993772
8,35,19.250829867561094
8,36,20.939958821865886
8,37,18.34896069158131
8,38,15.344270373704337
8,39,17.721189577844314
8,40,18.689878079477843
8,41,15.126664063092054
8,42,14.154697114089348
8,43,17.661186147868158
8,44,17.40950095486872
8,45,14.323229871952304
8,46,16.18897899180828
8,47,19.158103688219107
8,48,17.684009699981893
8,49,16.176873320228843
8,50,19.4601694971372
8,51,21.731014556332713
8,52,20.528174497832172
8,53,19.619078120418855
8,54,23.304011111521728
8,55,24.09319458143378
8,56,26.136780645037916
8,57,24.874869619363395
8,58,21.22810090532256
8,59,22.198842612113232
8,60,24.357548278326068
8,61,27.162122924817396
8,62,26.083544817502897
8,63,24.614498081513304
8,64,21.629554410832274
8,65,20.99747968106051
8,66,21.41359870052259
8,67,18.628390689438536
8,68,16.293204604927325
8,69,16.998474775204972
8,70,16.1234103291006
8,71,12.743000754070945
8,72,12.07951469537214
8,73,13.180935137603399
8,74,11.083519498060582
8,75,7.868341102153389
8,76,9.640495146931547
8,77,10.87097695602685
8,78,7.646273228145051
8,79,6.671796333720617
8,80,10.389294438203203
8,81,10.538937786715145
8,82,8.495279992174048
8,83,10.813037272219436
8,84,13.891249076174143
8,85,13.412116507659594
8,86,14.19597870484933
8,87,16.71092983785906
8,88,19.667310149490397
8,89,21.986238131857633
8,90,21.693685158721497
8,91,24.63632452812609
8,92,24.164435349315337
8,93,26.029317961062027
8,94,24.688351439254085
8,95,27.974118335459448
8,96,27.192640553111445
8,97,27.45697501375319
8,98,25.861482862837736
8,99,24.001700704892922
8,100,21.257977756672474
8,101,19.663382564138928
8,102,16.138110625228613
8,103,15.143974677149489
8,104,16.757238942366687
8,105,15.359795762997217
8,106,11.674586680840603
8,107,12.901034104466406
8,108,14.951984443572842
8,109,12.204527475652506
8,110,9.991473669448347
8,111,13.426824302129603
8,112,14.079714921527106
8,113,11.111089553753896
8,114,12.024325841696468
8,115,15.631431177770802
8,116,15.101322401851952
8,117,13.403562663526932
8,118,16.320898596210856
8,119,18.79716006445813
8,120,18.17469477846138
8,121,18.610556630802172
8,122,22.24891969596288
9,1,12.563806816326249
9,2,10.660966339965194
9,3,10.058485223638364
9,4,8.749788828074859
9,5,6.189569227538125
9,6,5.035515561198447
9,7,5.510925419319426
9,8,3.8290533478172537
9,10,3.891489203950514
9,11,5.187797141026556
9,12,4.777201681465633
9,13,8.25708727756143
9,14,9.835322711024533
9,15,9.519075119792701
9,16,11.3463463623325
9,17,14.652171490351417
9,18,18.082004232254786
9,19,17.179213119349964
9,20,14.593205735521007
9,21,17.9726904062929
9,22,19.31025011749059
9,23,19.588901588170998
9,24,18.082316060204963
9,25,19.70391846613408
9,26,18.10160416290026
9,27,18.437939950612716
9,28,17.6194832733049
9,29,20.656143375502264
9,30,23.32899823814718
9,31,23.34498658805383
9,32,22.915386121543293
9,33,21.904536073549643
9,34,18.297459052331483
9,35,18.96104670505458
9,36,20.2815162755554
9,37,17.203565938663147
9,38,14.814348106133451
9,39,17.604205424426254
9,40,17.944208804951053
9,41,14.188976159570588
9,42,14.20487381933472
9,43,17.584380969528713
9,44,16.700954388280135
9,45,14.030787811650628
9,46,16.599238590148243
9,47,19.143322947966986
9,48,17.338957209464507
9,49,16.552128673460384
9,50,20.117337697954046
9,51,21.812946481272313
9,52,20.470753173661635
9,53,20.217074937574544
9,54,23.81832503668937
9,55,23.985542062608914
9,56,25.81576083891784
9,57,24.024825971999153
9,58,20.616715543507617
9,59,22.036241036150034
9,60,23.744938690179808
9,61,26.699877189559842
9,62,25.66921775883569
9,63,24.693785715051217
9,64,21.418699952519354
9,65,20.6062153900446
9,66,21.683517466734987
9,67,19.19438027437215
9,68,16.270040931859626
9,69,17.09298622940226
9,70,17.071837926216208
9,71,13.721622940254404
9,72,12.255730542156831
9,73,14.043190224960297
9,74,12.858396539744126
9,75,9.095288288836457
9,76,10.26691709763667
9,77,12.576500073273705
9,78,10.115562692399543
9,79,7.919491280450523
9,80,11.511448135423638
9,81,12.688664586446514
9,82,10.399093701555676
9,83,11.543192081219415
9,84,15.14011437472524
9,85,15.154954215435847
9,86,15.057989532121185
9,87,17.227999788818217
9,88,20.59122553082355
9,89,22.827499537775893
9,90,22.452649011717966
9,91,24.942242833025404
9,92,23.87553734133845
9,93,25.37494158887221
9,94,23.654411916046143
9,95,26.633161048749038
9,96,25.424438140637996
9,97,25.5562822576359
9,98,23.537374972864534
9,99,21.70213745184497
9,100,18.67049969577203
9,101,17.152442363017528
9,102,13.967398207777537
9,103,12.391325931441797
9,104,13.613111386575989
9,105,12.627802667625545
9,106,8.852309611601683
9,107,9.351045544443217
9,108,11.651536150488583
9,109,9.430766288371325
9,110,6.648521379946067
9,111,10.045841299657141
9,112,11.381253533332993
9,113,9.032094965492778
9,114,9.486131045583011
9,115,13.165752385864456
9,116,13.463406783553774
9,117,12.147019900416376
9,118,14.577594296734436
9,119,17.253092464479916
9,120,17.410755453731834
9,121,17.810989038140136
9,122,21.404080105516627
10,1,14.261713480458177
10,2,12.379753165095247
10,3,10.585345811187794
10,4,9.863644925815786
10,5,8.62748750364889
10,6,6.0757496897420555
10,7,5.143316752895793
10,8,5.562427540641247
10,9,3.891489203950514
10,11,3.861161524272362
10,12,5.645839012134921
10,13,7.874340647279724
10,14,9.05988097649279
10,15,10.301367659157982
10,16,12.266961868975477
10,17,15.655049597694445
10,18,19.39948811024405
10,19,19.196515959273555
10,20,16.74913583294621
10,21,20.024428768973447
10,22,21.886525430836432
10,23,22.542775553387074
10,24,21.41495677912923
10,25,23.1914535937346
10,26,21.41879816019703
10,27,21.935532295949344
10,28,20.750480904177113
10,29,23.617561532299128
10,30,26.459609967429852
10,31,26.322133449148783
10,32,26.094141659270495
10,33,24.97912416078754
10,34,21.314121538900196
10,35,22.229046257082526
10,36,23.78655410795578
10,37,20.70262962835673
10,38,18.407357980020794
10,39,21.346101865802982
10,40,21.760413914412865
10,41,18.02305233846423
10,42,18.07203797502931
10,43,21.468586560373076
10,44,20.516414333621032
10,45,17.77614390658186
10,46,20.285767460479775
10,47,22.810862529456983
10,48,20.772653988096597
10,49,19.752867500256514
10,50,23.384171943652824
10,51,25.041791767637058
10,52,23.3297051684012
10,53,22.820019374396352
10,54,26.275305726862115
10,55,26.480384098207036
10,56,27.92163454320944
10,57,26.119317605374903
10,58,22.673952179394746
10,59,23.6962667499219
10,60,25.08719443309113
10,61,27.688872395836764
10,62,26.141705894887547
10,63,24.944845238308055
10,64,21.478930391464782
10,65,21.333286429537996
10,66,22.601664557171347
10,67,19.755048238030007
10,68,17.004771950889822
10,69,18.612372334510685
10,70,18.547364676537644
10,71,14.88706052484685
10,72,14.159156899218786
10,73,16.463592850754225
10,74,14.918632328761241
10,75,11.402785569450872
10,76,13.433824344535672
10,77,15.621984338020628
10,78,12.873489063409053
10,79,11.403906573271644
10,80,15.13365987972595
10,81,15.876573280902798
10,82,13.479956755617545
10,83,15.089664201777808
10,84,18.612355041673236
10,85,18.151692895532133
10,86,18.11356257542937
10,87,20.650319884527452
10,88,23.852350307056525
10,89,26.32845611756172
10,90,26.154005660207524
10,91,28.719849851572008
10,92,27.684407482335793
10,93,29.212021235048176
10,94,27.453850078664576
10,95,30.338518409621628
10,96,28.972797433903388
10,97,28.985223819105645
10,98,26.73665941910276
10,99,24.798718493946172
10,100,21.51795215100732
10,101,19.73206671558919
10,102,16.82087878580435
10,103,14.59337767727646
10,104,15.910847590553304
10,105,15.640447113200768
10,106,11.867446568590404
10,107,11.409420898945276
10,108,14.114564368236332
10,109,12.508294825501032
10,110,9.055805851890028
10,111,11.614748918253579
10,112,13.642117788021263
10,113,11.224753006927516
10,114,10.357172431018832
10,115,14.209775926802457
10,116,14.946408662538438
10,117,12.811244588111492
10,118,14.572042679344783
10,119,17.82775304905664
10,120,17.920434024882212
10,121,17.46341503757928
10,122,20.71194439811766
11,1,16.55136039840242
11,2,15.176550887728151
11,3,13.647100420663717
11,4,12.027980268463079
11,5,10.612548630337784
11,6,9.177145114370818
11,7,7.578190565079096
11,8,6.161168291338731
11,9,5.187797141026556
11,10,3.861161524272362
11,12,3.8074990326130926
11,13,5.859643841357595
11,14,5.67103823609114
11,15,6.94748093940004
11,16,9.568206196869937
11,17,12.529040420251931
11,18,16.280932184408616
11,19,16.304827303066443
11,20,14.366241823643831
11,21,17.79247277527143
11,22,19.764858539955753
11,23,20.981516495203735
11,24,20.3295603851004
11,25,22.66864961007065
11,26,21.401242776949292
11,27,22.409277552708375
11,28,21.66972526255451
11,29,24.27386670625556
11,30,27.305974771277246
11,31,28.084779065385355
11,32,27.862426603597047
11,33,27.0239685702151
11,34,23.458825679813796
11,35,24.043228794421967
11,36,25.220789234839586
11,37,22.086596714539013
11,38,19.707816609231703
11,39,22.20282954250276
11,40,22.302879365703955
11,41,18.447447084207646
11,42,18.212004337217483
11,43,21.248414282603516
11,44,19.95207904991329
11,45,16.857902648194028
11,46,19.212190962380717
11,47,21.542912070106066
11,48,19.07690670715214
11,49,17.703561140775697
11,50,21.397939114785117
11,51,22.90638348754253
11,52,20.770142986974157
11,53,20.029761027010835
11,54,23.296312603974904
11,55,23.54407121385775
11,56,24.724741453531397
11,57,23.076636987048108
11,58,19.551660774353962
11,59,20.247656127222758
11,60,21.58912596589791
11,61,24.034623524404058
11,62,22.382659041716003
11,63,21.09489496865654
11,64,17.65191811311102
11,65,17.609335135351103
11,66,18.850580776193826
11,67,15.95759810410942
11,68,13.247601883561106
11,69,15.123022722900373
11,70,15.125010177830859
11,71,11.427048950230121
11,72,11.008759981706916
11,73,13.731978043084505
11,74,12.326361321791568
11,75,9.045720894707365
11,76,11.698585309045775
11,77,14.111656488214965
11,78,11.866923184606978
11,79,11.064074802509372
11,80,14.821046665253688
11,81,15.897284329356244
11,82,14.34296383329928
11,83,16.03621742133514
11,84,19.328302559983275
11,85,19.36222160498324
11,86,19.835249662612195
11,87,22.00114967664553
11,88,25.272545193297542
11,89,27.351865605555123
11,90,26.65766081753681
11,91,29.270093063813
11,92,28.282081128354147
11,93,29.523417314740016
11,94,27.510201072615914
11,95,30.508016763829776
11,96,28.99144057620982
11,97,28.557153573402218
11,98,26.471781166933283
11,99,24.069857872900958
11,100,20.762345675096253
11,101,18.41232767289468
11,102,15.40540741051189
11,103,13.20713913996817
11,104,15.3840131225811
11,105,15.438592274851201
11,106,11.625181262553586
11,107,11.787185886575083
11,108,15.047622827049961
11,109,13.709771610578875
11,110,10.789651590861844
11,111,13.807538667716297
11,112,15.973377557917026
11,113,13.957402747313152
11,114,13.606579077925383
11,115,17.397696831801497
11,116,18.183693197328513
11,117,16.400706409809672
11,118,18.287999309320227
11,119,21.443336507147915
11,120,21.58779115076931
11,121,21.294329959217254
11,122,24.57135880954327
12,1,17.219163501149726
12,2,15.397552983884022
12,3,14.756326270182234
12,4,13.27987312787388
12,5,10.790337329589958
12,6,9.691092361695954
12,7,9.50350937773392
12,8,7.2990106778128
12,9,4.777201681465633
12,10,5.645839012134921
12,11,3.8074990326130926
12,13,3.834567664117748
12,14,5.517209130700152
12,15,5.2541091503359665
12,16,6.8035642694434735
12,17,10.226362682690645
12,18,13.879505177460674
12,19,13.650990307870574
12,20,11.150858550388536
12,21,14.452115962660937
12,22,16.423378919096706
12,23,17.435761649916103
12,24,16.834216395670563
12,25,19.174089573596152
12,26,17.838647780012792
12,27,19.133687300178952
12,28,18.391962973420043
12,29,20.77071227976708
12,30,23.931815776537015
12,31,25.33821527471895
12,32,25.37112545462508
12,33,24.95682811076673
12,34,21.619737628808135
12,35,22.37255794486579
12,36,23.052478626193125
12,37,19.689060746671945
12,38,17.720660392865693
12,39,20.169084221579286
12,40,19.7253819391516
12,41,15.83387537709398
12,42,16.13639007774717
12,43,18.88015849556607
12,44,17.119626688518803
12,45,14.338024561426503
12,46,17.10781565252826
12,47,19.062087575663533
12,48,16.43087459857651
12,49,15.685085173490991
12,50,19.502700168403052
12,51,20.570407272752206
12,52,18.51639866547258
12,53,18.4325695768588
12,54,21.687170933523095
12,55,21.42847246634513
12,56,22.681674630069775
12,57,20.64120126189066
12,58,17.338207230820373
12,59,18.662434667377106
12,60,19.863390072248034
12,61,22.68455082944661
12,62,21.49298210309221
12,63,20.810584621267456
12,64,17.34377137045719
12,65,16.582424598553626
12,66,18.20821833060023
12,67,15.922523983883417
12,68,12.628428323009766
12,69,13.923837772063596
12,70,14.67885850833924
12,71,11.396527290366384
12,72,9.725550442444515
12,73,12.588240087370032
12,74,12.18760001719187
12,75,8.532990687801934
12,76,10.138797107434145
12,77,13.294903714060572
12,78,11.813007474366874
12,79,10.112136020838436
12,80,13.531872036580594
12,81,15.466987152407713
12,82,14.05577195766142
12,83,14.863451499006533
12,84,18.30477521010045
12,85,18.98713358162301
12,86,19.05124773303242
12,87,20.667303410921384
12,88,24.214297515987315
12,89,25.981809092787078
12,90,25.01220258043646
12,91,27.26142733661817
12,92,25.892245198794278
12,93,26.777806120094063
12,94,24.487443457309983
12,95,27.312264642396528
12,96,25.56140808774837
12,97,24.981196623698196
12,98,22.785779860842677
12,99,20.347508966820268
12,100,16.982768018534554
12,101,14.68036377364161
12,102,11.780402265170858
12,103,9.460429525490422
12,104,11.59649267809059
12,105,11.772752855278858
12,106,8.043154466058501
12,107,8.325044110121244
12,108,11.750950379718265
12,109,10.81466860116492
12,110,8.36374222217835
12,111,11.5174983345812
12,112,13.794676212556611
12,113,12.552622513557262
12,114,12.618328742186096
12,115,16.121161302019694
12,116,17.210490879911575
12,117,16.21051039517657
12,118,18.077200863206336
12,119,20.949208078477763
12,120,21.613708244805903
12,121,21.79677151333823
12,122,25.200516160643446
13,1,20.817856836039027
13,2,18.751458863900993
13,3,17.909214799221452
13,4,16.788097217237933
13,5,14.42210177784701
13,6,12.78819941607041
13,7,12.595598156240492
13,8,10.924963535076488
13,9,8.25708727756143
13,10,7.874340647279724
13,11,5.859643841357595
13,12,3.834567664117748
13,14,3.9341881327098758
13,15,5.303687707446998
13,16,5.266422316126811
13,17,8.836252838484112
13,18,12.647275927519019
13,19,13.436455658392322
13,20,10.92622021332284
13,21,13.618900416796961
13,22,16.340998961583733
13,23,17.78980516276957
13,24,17.914701246129994
13,25,20.47320633104731
13,26,19.020204857304314
13,27,20.86535222038901
13,28,19.808397935990666
13,29,21.63391927662402
13,30,25.112064570083604
13,31,27.16070359676775
13,32,27.6554270464226
13,33,27.577152804243283
13,34,24.406699923410304
13,35,25.486120316542223
13,36,25.91083619833838
13,37,22.35668766642773
13,38,20.81338749878842
13,39,23.294186544625884
13,40,22.429257851222715
13,41,18.58362793680244
13,42,19.301942563090275
13,43,21.727074988811406
13,44,19.493317402507788
13,45,16.969209778871342
13,46,19.87876907229348
13,47,21.38338105539276
13,48,18.354636918348884
13,49,17.865493439525324
13,50,21.711656748863817
13,51,22.241569918066403
13,52,19.76311086421896
13,53,19.929709559313665
13,54,22.786105616132065
13,55,22.074409429496953
13,56,22.71007679110368
13,57,20.337357131413025
13,58,17.36079466435295
13,59,18.60085386588706
13,60,19.06474252993227
13,61,21.618069988110054
13,62,20.13311573061533
13,63,19.808413256897232
13,64,16.101728859404858
13,65,15.655755562387494
13,66,17.974223665604075
13,67,15.907893490350238
13,68,12.44176939451231
13,69,14.348463328896395
13,70,15.800827698531581
13,71,12.739311410692787
13,72,11.199778111683974
13,73,14.658657976194856
13,74,14.732587713787748
13,75,11.450184625283233
13,76,13.10420604330471
13,77,16.49040519430154
13,78,15.372461392384547
13,79,13.796994063504252
13,80,17.047967544928387
13,81,19.20074975271445
13,82,17.86696123757383
13,83,18.474876052986644
13,84,21.946319526385565
13,85,22.75725798773068
13,86,22.641468347240284
13,87,24.120552549689304
13,88,27.759493176405474
13,89,29.432616329499158
13,90,28.335353499660002
13,91,30.350484186800642
13,92,28.695715979064627
13,93,29.220150645207376
13,94,26.604092875261493
13,95,29.135811148753564
13,96,26.956692090845465
13,97,25.97594838123433
13,98,23.467910479620013
13,99,20.806021888994465
13,100,17.174705050225235
13,101,14.513265276164608
13,102,12.38586603833511
13,103,9.206931876630811
13,104,11.425990221375002
13,105,12.799978464060256
13,106,9.619874169315121
13,107,8.835098467944668
13,108,12.674881978695954
13,109,12.858526382515977
13,110,10.370490895647576
13,111,12.692578143592636
13,112,15.67960896799475
13,113,15.07547368058887
13,114,14.475045899503666
13,115,17.762309726115273
13,116,19.520149220841216
13,117,18.55220749444155
13,118,19.788956448193158
13,119,22.878866384610394
13,120,23.959690746113
13,121,23.799424149300773
13,122,26.930316904262206
14,1,21.880859592372335
14,2,20.421082252313518
14,3,19.219504750843694
14,4,17.51598089192992
14,5,15.681496866709393
14,6,14.467989987898077
14,7,13.239470454010098
14,8,11.283879325079004
14,9,9.835322711024533
14,10,9.05988097649279
14,11,5.67103823609114
14,12,5.517209130700152
14,13,3.9341881327098758
14,15,3.944027593522007
14,16,5.818353312655241
14,17,8.072215627748914
14,18,11.889995255816205
14,19,13.010314415154166
14,20,11.585735421485426
14,21,14.549197157784976
14,22,17.17127297659931
14,23,19.2171844200412
14,24,19.612692870527077
14,25,22.57329191921726
14,26,21.664949957425137
14,27,23.552125217348806
14,28,22.95152974014985
14,29,24.82921119377744
14,30,28.237972900748403
14,31,30.396553605494173
14,32,30.607427108848427
14,33,30.370564863426587
14,34,27.09501533676444
14,35,27.755337330792372
14,36,28.28278382580127
14,37,24.915575669746477
14,38,22.969193968632947
14,39,25.12485903818229
14,40,24.467327346454333
14,41,20.60940240151768
14,42,20.683351984355667
14,43,23.0188188968681
14,44,20.925731987913462
14,45,17.930843249074062
14,46,20.361028240771894
14,47,21.961061818064838
14,48,18.7744414321567
14,49,17.555984734085897
14,50,21.293680176555817
14,51,22.01023530011648
14,52,19.155884652760655
14,53,18.659719847928447
14,54,21.323850593803147
14,55,21.02771637498785
14,56,21.40236147197882
14,57,19.513129045861902
14,58,16.285409251016446
14,59,16.738871592770078
14,60,17.296473927712537
14,61,19.445983276956618
14,62,17.539911520640626
14,63,16.685492749862043
14,64,12.977275769301283
14,65,13.126429650925456
14,66,15.165085187013961
14,67,12.677362308023172
14,68,9.5897304791812
14,69,12.206275559962716
14,70,13.295225718610983
14,71,10.111972269516322
14,72,9.63875506759161
14,73,13.317453653058053
14,74,13.037805814547221
14,75,10.435477812333644
14,76,12.965444383970427
14,77,15.963280187621958
14,78,14.907985994681589
14,79,14.324043178304931
14,80,17.644412103528936
14,81,19.465239331106297
14,82,18.640058313631123
14,83,19.82410467315042
14,84,22.982228203570404
14,85,23.7134351218285
14,86,24.212422192273085
14,87,25.793347909368716
14,88,29.262673439440885
14,89,30.848396360092337
14,90,29.56627712139966
14,91,31.87010491841368
