1,2,3.8021216278479564
1,3,6.59969810451582
1,4,9.33529517351684
1,5,12.849722573121399
1,6,16.07038660874464
1,7,18.71780146909261
1,8,18.798024267764603
1,9,22.414787803959737
1,10,23.994499924782748
1,11,27.78663227674178
1,12,29.771895956176493
1,13,33.44511639101505
1,14,34.44196297175737
1,15,35.004545824728396
1,16,32.61186983597086
1,17,28.948309343511944
1,18,25.897047346740205
1,19,22.78634207073955
1,20,19.23029032607069
1,21,16.503273448413896
1,22,13.058017036704024
1,23,10.783057224824221
1,24,8.239789806712945
1,25,8.567799042027152
1,26,9.546606054246528
1,27,12.18736397335468
1,28,13.832315605978936
1,29,12.754721492225798
1,30,13.785712415768863
1,31,11.749946422682958
1,32,13.633525064625646
1,33,13.05343278206468
1,34,15.108472408621097
1,35,16.6762774889948
1,36,18.02641096350307
1,37,20.838901810769766
1,38,21.579778958055037
1,39,24.978659429472337
1,40,27.213673341675836
1,41,26.837462805106227
1,42,23.09499059944963
1,43,21.849477191824565
1,44,19.600224789095797
1,45,21.920407416178783
1,46,20.60460172491946
1,47,21.972311891189232
1,48,20.788453379484043
1,49,18.4251451047813
1,50,17.42661615744242
1,51,19.274931414489423
1,52,22.1467243272592
1,53,22.973528278574022
1,54,26.712540118850484
1,55,27.939006053871474
1,56,26.601449339903652
1,57,29.86763796278839
1,58,30.81061817740762
1,59,28.327406226871638
1,60,28.97040935225835
1,61,29.18581103963064
1,62,28.812482974761227
1,63,25.040056264659416
1,64,23.68982158686526
1,65,20.386815199229368
1,66,20.88813791190215
1,67,18.814691771465906
1,68,19.55720719539424
1,69,20.99789918786585
1,70,18.2081969215141
1,71,15.942111414415633
1,72,12.860253708432548
1,73,14.404467839225074
1,74,16.165643557961914
1,75,19.161163005813393
1,76,19.552332091728328
1,77,23.216379824144077
1,78,25.82780839160411
1,79,29.09481298636127
1,80,32.16761867722536
1,81,30.472999753297188
1,82,32.57779015367963
1,83,33.39152951299796
1,84,31.961402651635414
1,85,28.573537738340054
1,86,27.98291295883433
1,87,25.253446034539287
1,88,21.587659000749955
1,89,18.906719214093044
1,90,15.146361701805521
1,91,12.900929684350656
1,92,10.589073780909477
1,93,8.991665043968103
1,94,11.054800098987663
1,95,11.46431274396791
1,96,15.215536960618218
1,97,15.947293285707937
1,98,15.526498422563892
1,99,16.33533787651353
1,100,15.19356235235908
1,101,11.457488129427857
1,102,10.307090426606042
1,103,7.490724037527099
1,104,9.470909192722663
1,105,9.596588203361547
1,106,12.317045066460633
1,107,15.716554147911124
1,108,18.22141337225666
1,109,22.010244510478355
1,110,24.359950908269767
1,111,28.017420467343737
1,112,30.61149240951483
1,113,33.74633360322328
1,114,37.28657167331083
2,1,3.8021216278479564
2,3,3.8187592728258783
2,4,6.630384634481651
2,5,9.692962855477921
2,6,13.183240710475664
2,7,15.813783934746178
2,8,15.665035717189536
2,9,19.165073845565455
2,10,20.706717352584075
2,11,24.46397532279204
2,12,26.44595567660274
2,13,30.080833588906124
2,14,30.96599830651897
2,15,31.664495063905907
2,16,29.455782856338743
2,17,25.853070566736324
2,18,22.695418940000412
2,19,19.805457113944644
2,20,16.17835285823643
2,21,13.892747108366779
2,22,10.438720521670941
2,23,9.102977479405245
2,24,7.418969994126842
2,25,9.36972704501061
2,26,10.80642869326149
2,27,14.041672808989993
2,28,15.087188819008102
2,29,14.373447922718876
2,30,14.487333159050152
2,31,11.611205310071506
2,32,12.450327176929036
2,33,10.94149465457941
2,34,12.297537986260307
2,35,13.386002231514706
2,36,14.460749128046901
2,37,17.119358529792915
2,38,17.863618157416713
2,39,21.333378096842267
2,40,23.584402551131525
2,41,23.411964416584244
2,42,19.681320367840975
2,43,18.515852384959057
2,44,16.157617091537983
2,45,18.500381781373882
2,46,17.39451558373896
2,47,18.702003269594808
2,48,17.902222195171447
2,49,16.004443211284705
2,50,15.575020188172216
2,51,17.78849741451431
2,52,20.20611349659962
2,53,20.897664160862522
2,54,24.640397306913112
2,55,25.858125793964305
2,56,24.13156805471835
2,57,27.1995899571975
2,58,27.84135629030423
2,59,25.41384612095478
2,60,25.854160242586744
2,61,26.249481478873154
2,62,25.66577625111218
2,63,21.90971739833908
2,64,20.910713094161537
2,65,17.88599892000237
2,66,18.889181650616205
2,67,17.40406840466731
2,68,18.43546644881648
2,69,20.515224635498935
2,70,18.162498680650245
2,71,15.7665459186292
2,72,12.560227884181808
2,73,13.102269803275144
2,74,14.217528164834622
2,75,16.75361347600323
2,76,16.634865455092193
2,77,20.190599208374856
2,78,22.543820160023795
2,79,25.955411520719835
2,80,28.884889775443998
2,81,27.012702414574385
2,82,28.971223681875493
2,83,29.68768343460304
2,84,28.200375915525676
2,85,24.85540746660945
2,86,24.232225994624923
2,87,21.466993132100498
2,88,17.800250680990764
2,89,15.129013528472841
2,90,11.379007961003373
2,91,9.36301828507672
2,92,7.386753073988579
2,93,6.962880856712481
2,94,9.762000453749058
2,95,11.419457797044693
2,96,15.16484353856008
2,97,16.68573447915236
2,98,16.207246065428052
2,99,16.165970769882566
2,100,14.58768120843574
2,101,10.991387789308869
2,102,8.664761323528026
2,103,5.174136529363527
2,104,5.972246291332825
2,105,5.835192578733184
2,106,8.848963655300905
2,107,12.04895551354353
2,108,14.633052683393219
2,109,18.391135072699374
2,110,20.743776560662464
2,111,24.422740171989744
2,112,27.02163772081004
2,113,30.20375693498694
2,114,33.733376728091926
3,1,6.59969810451582
3,2,3.8187592728258783
3,4,3.8072113179151614
3,5,6.6312704358229615
3,6,10.114674165462205
3,7,12.940577814684238
3,8,13.499110018271683
3,9,16.802705479255184
3,10,17.864823455127055
3,11,21.64008517306187
3,12,23.365675811982673
3,13,26.99340502089946
3,14,27.93309460404582
3,15,28.416670895004874
3,16,26.01676157218047
3,17,22.36392500362334
3,18,19.304396316357067
3,19,16.228936706986875
3,20,12.673101660071124
3,21,10.15448705142236
3,22,6.658982414842308
3,23,5.490521064831743
3,24,4.750210065507349
3,25,7.800188627306556
3,26,9.889596065487405
3,27,13.57892881977745
3,28,14.50663700251739
3,29,14.72986556031724
3,30,14.481697692641825
3,31,11.342959002197697
3,32,11.37501559008823
3,33,9.125658286186871
3,34,10.560740287174593
3,35,11.09258595765682
3,36,12.831424778640741
3,37,15.53897951023926
3,38,16.979458742106544
3,39,20.622673948665565
3,40,23.10179595837644
3,41,23.463340956611454
3,42,19.880920747147044
3,43,18.641181486250336
3,44,15.767464959085682
3,45,17.52214266735356
3,46,16.036673383228752
3,47,16.61322802806493
3,48,15.586429847810017
3,49,13.854293050795432
3,50,13.194760710505179
3,51,15.606854478134345
3,52,17.92049509754861
3,53,19.12187359319145
3,54,22.725455892033114
3,55,24.403145061179174
3,56,22.68855672168211
3,57,25.76919787589321
3,58,26.102958190631462
3,59,23.353811471039645
3,60,23.417973581900565
3,61,23.433638713952824
3,62,22.659464978741312
3,63,18.944456164644016
3,64,17.67832853301107
3,65,14.610318354963713
3,66,15.425172047850317
3,67,14.040482113930727
3,68,14.942580441713678
3,69,17.309570022008167
3,70,15.229809929932276
3,71,12.952141140704454
3,72,9.677467746469285
3,73,9.544661549508785
3,74,10.545104478079562
3,75,13.005911940737773
3,76,13.146077592945527
3,77,16.720594418151546
3,78,19.33037330159649
3,79,22.613367146445892
3,80,25.62770646594772
3,81,23.952131117721194
3,82,26.20312489542815
3,83,27.18477407228782
3,84,26.00576393553227
3,85,22.466876588979382
3,86,22.02620473035381
3,87,19.67542839730289
3,88,16.24278582157863
3,89,13.173936140278496
3,90,9.49817941285664
3,91,7.198646863832563
3,92,6.4700025536086905
3,93,6.580092454528599
3,94,10.23829802746751
3,95,12.457066548074499
3,96,15.882863024607373
3,97,18.006159101117873
3,98,18.188136442794768
3,99,17.606628925453865
3,100,16.43491251804897
3,101,13.18688704742495
3,102,10.322829283770764
3,103,7.307907714708887
3,104,6.709206609268048
3,105,5.150390592361682
3,106,8.29674717975433
3,107,10.935549571667053
3,108,12.694870384657715
3,109,16.370595909549635
3,110,18.255435629765337
3,111,21.96527841622997
3,112,24.321229242643863
3,113,27.52980486763071
3,114,30.985134406348934
4,1,9.33529517351684
4,2,6.630384634481651
4,3,3.8072113179151614
4,5,3.8106628634247444
4,6,6.735740015128257
4,7,9.440974390729654
4,8,10.09408066341758
4,9,13.520598498263995
4,10,14.814802979496617
4,11,18.62005098553387
4,12,20.63758661089096
4,13,24.37092534650596
4,14,25.708043199143617
4,15,26.43665741656431
4,16,24.006953745885976
4,17,20.50135653079831
4,18,17.197640053622006
4,19,14.22417119982946
4,20,10.499649668989624
4,21,8.139391975155196
4,22,5.690652502282668
4,23,5.1127765881085825
4,24,6.771592476067225
4,25,9.625711773550341
4,26,12.557902943599228
4,27,16.34501627467107
4,28,17.579812618867074
4,29,18.213220135499515
4,30,18.017891978190647
4,31,14.875303441500519
4,32,14.468120054759982
4,33,11.663032701543578
4,34,12.431749189871145
4,35,11.784994133574896
4,36,13.236619837080651
4,37,15.225195356877892
4,38,16.637342402116555
4,39,20.41655631022929
4,40,22.558747848869064
4,41,23.465787617793882
4,42,19.94727679298285
4,43,19.302226466403738
4,44,16.534957808427404
4,45,18.254886369860728
4,46,17.15220020612374
4,47,17.17577006402092
4,48,16.59800638070081
4,49,15.569617566623338
4,50,15.114246468890384
4,51,17.711234543095323
4,52,19.650971163449352
4,53,21.102216914719758
4,54,24.511958475247106
4,55,26.41555057509031
4,56,24.433917916748953
4,57,27.24898022913082
4,58,27.066192778892834
4,59,24.25175713351616
4,60,23.723325439742258
4,61,23.5866115402507
4,62,22.211021410985698
4,63,18.69243520534305
4,64,17.582394673055457
4,65,14.899412843414144
4,66,15.625715831075524
4,67,14.583324152044737
4,68,14.827683659690793
4,69,17.43113620087578
4,70,15.41086371494726
4,71,13.905561418154443
4,72,10.380288265353423
4,73,9.266959342310141
4,74,10.423541476259013
4,75,12.105927042160461
4,76,12.383716277327622
4,77,15.543384514040397
4,78,18.10064184710146
4,79,21.40776061838187
4,80,24.13341433115276
4,81,22.235122385004036
4,82,24.561309611359864
4,83,25.305806983804512
4,84,24.529467585374135
4,85,21.013823121466967
4,86,20.125929229744177
4,87,17.96601766475002
4,88,14.707242902238118
4,89,11.971113296042786
4,90,8.81217664095388
4,91,7.834804897490658
4,92,8.772776485536
4,93,9.972228256070856
4,94,13.719297005836484
4,95,16.196469671249723
4,96,19.54342794567993
4,97,21.789581034519294
4,98,21.925314777450215
4,99,21.222327507147234
4,100,19.843342258434028
4,101,16.645413578743845
4,102,13.526988424528025
4,103,10.285622663069557
4,104,8.487789980079773
4,105,5.2563147735578335
4,106,6.725721978199017
4,107,9.224409159173948
4,108,10.20098723077692
4,109,13.855679423389038
4,110,15.841226348269704
4,111,19.380827795222892
4,112,21.932622263080223
4,113,24.883310249548536
4,114,28.437261733901877
5,1,12.849722573121399
5,2,9.692962855477921
5,3,6.6312704358229615
5,4,3.8106628634247444
5,6,3.805441330197966
5,7,6.534314639379164
5,8,7.434233441377904
5,9,10.376142763116805
5,10,11.25412210014093
5,11,15.044206094439822
5,12,16.93889830220812
5,13,20.645019989317436
5,14,21.91203579609833
5,15,22.72081414868369
5,16,20.420867675996053
5,17,16.997377359267063
5,18,13.56833386646884
5,19,10.86256112191479
5,20,7.06236498511585
5,21,5.71844095079696
5,22,4.506106027113819
5,23,6.396586839351682
5,24,9.093041013423468
5,25,12.391219944967428
5,26,15.130881416633308
5,27,18.92915028966185
5,28,19.687318552202935
5,29,20.601586766939572
5,30,19.846042841068527
5,31,16.44831987954035
5,32,15.167619491585064
5,33,11.759784594095615
5,34,11.58759870307333
5,35,9.830858029597085
5,36,11.080748598493818
5,37,12.532010764314998
5,38,14.289951446666553
5,39,18.048915537844046
5,40,20.199973108889782
5,41,21.598289415157325
5,42,18.362275995804172
5,43,17.865085420407173
5,44,14.973328947590103
5,45,16.2510926996228
5,46,15.32481525910166
5,47,14.781261840433723
5,48,14.65878427535416
5,49,14.44676302698718
5,50,14.552648470119761
5,51,17.31444685494375
5,52,18.583987158844533
5,53,20.033052467311492
5,54,23.185254464406082
5,55,25.18743315072724
5,56,22.920421035107182
5,57,25.41464316234046
5,58,24.769014752550806
5,59,21.957880246512996
5,60,20.982782083767187
5,61,20.849513886932634
5,62,19.086757787482213
5,63,15.743801559974195
5,64,15.012942544319962
5,65,12.9216792618236
5,66,14.10354922928353
5,67,13.957612794427352
5,68,14.378705740817091
5,69,17.54211977092377
5,70,16.249257660495037
5,71,14.862929027623943
5,72,11.810667727571088
5,73,9.482514670176053
5,74,9.471569325643944
5,75,9.97091157413754
5,76,9.615668552302399
5,77,12.351203805932796
5,78,14.62783359904252
5,79,18.016035378716403
5,80,20.54275449061579
5,81,18.50204954993916
5,82,20.811917959626037
5,83,21.55559773494204
5,84,20.931888803255497
5,85,17.388727128690004
5,86,16.510985444763264
5,87,14.636924876465102
5,88,11.68541501275565
5,89,8.893328467396657
5,90,6.440944870462989
5,91,6.539077350260126
5,92,9.052359369869201
5,93,11.256209263116514
5,94,14.938167428829853
5,95,17.955277520920614
5,96,20.96497308455622
5,97,23.665780663845307
5,98,23.895505624168557
5,99,22.635536612912954
5,100,21.187657920806878
5,101,18.395474515449127
5,102,14.888783523692249
5,103,12.076263358535057
5,104,9.348512620134253
5,105,5.979905550272441
5,106,6.425595031644986
5,107,7.271789990501382
5,108,7.144519883419672
5,109,10.529800582273346
5,110,12.149370012270165
5,111,15.717926636196196
5,112,18.1525271976093
5,113,21.162054471139296
5,114,24.67883307531938
6,1,16.07038660874464
6,2,13.183240710475664
6,3,10.114674165462205
6,4,6.735740015128257
6,5,3.805441330197966
6,7,2.933842142806588
6,8,5.30702922941802
6,9,7.754426516401273
6,10,8.42695578740031
6,11,12.183779613741237
6,12,14.250165995671713
6,13,18.032868113095358
6,14,19.812228809242157
6,15,20.744011113000603
6,16,18.322624724705175
6,17,15.15531535672888
6,18,11.636504014373262
6,19,9.143148009580024
6,20,5.693889230150427
6,21,5.168252850509529
6,22,6.482831474916695
6,23,8.36209765895577
6,24,11.790571889992382
6,25,14.671858456882614
6,26,17.75169609287718
6,27,21.503771160724806
6,28,22.46243613873979
6,29,23.753859591542955
6,30,23.086829036654876
6,31,19.8068285194058
6,32,18.3758524750164
6,33,14.907693339997426
6,34,14.581192263575927
6,35,12.223526377792354
6,36,13.345507902192983
6,37,14.020260655151757
6,38,15.844616867253494
6,39,19.455223968054074
6,40,21.270265639775126
6,41,23.221067604882276
6,42,20.26196368453831
6,43,20.19893438962816
6,44,17.45201708052491
6,45,18.407015027608907
6,46,17.669363709347937
6,47,16.480742329517412
6,48,16.57308009666975
6,49,16.865234279927872
6,50,16.910422501526423
6,51,19.603653214191958
6,52,20.587627125040814
6,53,22.343021353906856
6,54,25.174198019840528
6,55,27.436431780513768
6,56,25.127072486370057
6,57,27.373621166808412
6,58,26.28088523176359
6,59,23.39725919584863
6,60,21.835227718980597
6,61,21.365800658622263
6,62,19.05058178809921
6,63,16.162463682954026
6,64,15.465605440261912
6,65,13.91945704914864
6,66,14.723140122210564
6,67,14.882666721216792
6,68,14.581129498984186
6,69,17.746071704340398
6,70,16.700200882367373
6,71,16.10291054030281
6,72,13.240223156190092
6,73,10.364048491796117
6,74,10.417760195578147
6,75,9.878984052442828
6,76,9.938184161342502
6,77,11.741330867379519
6,78,13.926432541299501
6,79,17.026518132170853
6,80,19.178322209828554
6,81,17.09673215451147
6,82,19.60161318439427
6,83,20.221512190098093
6,84,20.250690505555205
6,85,16.798003889099867
6,86,15.573211604472581
6,87,14.333489847606236
6,88,12.07251156440105
6,89,9.932842552989348
6,90,8.821707782984097
6,91,9.776218242626232
6,92,12.715935464452768
6,93,14.936502507627301
6,94,18.620840110468137
6,95,21.627429671963796
6,96,24.542782016215316
6,97,27.305159790719536
6,98,27.65866000973815
6,99,26.357610953713078
6,100,24.954127707508768
6,101,22.199619380313823
6,102,18.673712750047702
6,103,15.847732123139316
6,104,12.987468510375237
6,105,9.480976527189567
6,106,8.753471882463066
6,107,8.770824518660945
6,108,6.942563737464527
6,109,9.473535616110032
6,110,10.63972262131767
6,111,13.76624265154328
6,112,16.183932507920012
6,113,18.80919455478652
6,114,22.338848100702933
7,1,18.71780146909261
7,2,15.813783934746178
7,3,12.940577814684238
7,4,9.440974390729654
7,5,6.534314639379164
7,6,2.933842142806588
7,8,3.8125365384721843
7,9,5.342760462274644
7,10,6.180420289642593
7,11,9.794867426342906
7,12,12.2433077129941
7,13,16.03712884497327
7,14,18.193167745010467
7,15,19.452535280356962
7,16,17.202464045033597
7,17,14.440385922883483
7,18,10.852929835234532
7,19,9.102641893224506
7,20,6.433587374086723
7,21,7.15986396897951
7,22,9.242335323984626
7,23,11.184375088271379
7,24,14.688149807278426
7,25,17.447685055223168
7,26,20.612276729556374
7,27,24.34524274795565
7,28,25.340345654869555
7,29,26.683898386995686
7,30,25.985878584632477
7,31,22.679611388037028
7,32,21.110828309845356
7,33,17.554334152279473
7,34,16.892479607768987
7,35,14.142106725754875
7,36,14.82230485745997
7,37,14.791800857789305
7,38,16.397363343939055
7,39,19.80389113860199
7,40,21.229707934131085
7,41,23.555406679118605
7,42,20.843022523382572
7,43,21.208606471615166
7,44,18.727951096459247
7,45,19.58882878226483
7,46,19.21910836224899
7,47,17.79050166746189
7,48,18.287613548592805
7,49,19.035918605184378
7,50,19.30752971496428
7,51,21.98511444363319
7,52,22.659499282136302
7,53,24.383353476696705
7,54,27.011932477248386
7,55,29.27926428448762
7,56,26.810842659660402
7,57,28.769807915779314
7,58,27.33126778424029
7,59,24.56779951762936
7,60,22.634584642499618
7,61,22.163761452092363
7,62,19.443806121150097
7,63,16.966118815505187
7,64,16.6222737040701
7,65,15.642780109120586
7,66,16.48191611039448
7,67,17.000183025304075
7,68,16.46314457084469
7,69,19.61659965827619
7,70,18.77913169155958
7,71,18.535666850595188
7,72,15.815948457498958
7,73,12.785937187414406
7,74,12.683671373579056
7,75,11.45809584017851
7,76,11.34369373023963
7,77,12.281032452590091
7,78,13.956667621712809
7,79,16.87401623600944
7,80,18.51079426064152
7,81,16.202590099962194
7,82,18.58252906718021
7,83,18.869547049405867
7,84,19.309106444289085
7,85,16.103070976694752
7,86,14.440508924252384
7,87,13.579769965398642
7,88,11.890223028336216
7,89,10.548395403073966
7,90,10.40666950596894
7,91,12.076273352131022
7,92,15.241606374080357
7,93,17.70720137479141
7,94,21.332762625940727
7,95,24.43809033132317
7,96,27.32216967016959
7,97,30.136798952027004
7,98,30.408534484357183
7,99,29.026377158699063
7,100,27.48705857496214
7,101,24.794875064994507
7,102,21.202303349842783
7,103,18.365787740496767
7,104,15.269398370340697
7,105,11.742778788379843
7,106,10.228230844648996
7,107,9.566437338879938
7,108,6.78893364975705
7,109,8.316175774544666
7,110,9.285145220908905
7,111,11.881009950481166
7,112,14.433072397839627
7,113,16.669761785709802
7,114,20.245573741082577
8,1,18.798024267764603
8,2,15.665035717189536
8,3,13.499110018271683
8,4,10.09408066341758
8,5,7.434233441377904
8,6,5.30702922941802
8,7,3.8125365384721843
8,9,3.807754925148154
8,10,6.713143637007599
8,11,10.063862032059147
8,12,13.19093551811814
8,13,16.874488998439904
8,14,18.897200153678305
8,15,20.7588933512582
8,16,19.09540045038282
8,17,16.606336010837435
8,18,12.853243802738364
8,19,11.809553838990654
8,20,9.047827255313644
8,21,10.145825833902004
8,22,11.310234102713954
8,23,13.256238862035582
8,24,16.30589888038672
8,25,19.230818848729726
8,26,22.318261375191017
8,27,26.120592828504645
8,28,27.08662269606443
8,29,27.958409311530676
8,30,27.215912184004008
8,31,23.734884751909043
8,32,22.23127381820602
8,33,18.617286671635558
8,34,17.494584467593413
8,35,14.690718985751076
8,36,14.427122498166073
8,37,13.829981582728674
8,38,14.57127514098913
8,39,17.88929451313657
8,40,18.804031395570487
8,41,21.09719815270953
8,42,18.36217690697891
8,43,19.28489751262134
8,44,17.349008400511554
8,45,18.732818036625158
8,46,19.066983563800456
8,47,18.181090069227135
8,48,19.297202639492287
8,49,20.253955068161726
8,50,21.035079357201283
8,51,23.82684498155826
8,52,24.37603840923267
8,53,25.59280048763755
8,54,28.359814135777825
8,55,30.220154240220822
8,56,27.425822224862074
8,57,29.1677166086933
8,58,27.694643973754438
8,59,25.315331809456914
8,60,23.523091313441334
8,61,23.64248982003209
8,62,20.903579384681716
8,63,18.404866157880377
8,64,18.69514437797405
8,65,17.885360301036872
8,66,19.288519381453646
8,67,19.91935995611816
8,68,19.77722752195722
8,69,22.9939609439794
8,70,21.958071967438894
8,71,21.373935400278402
8,72,18.392938618960223
8,73,15.653452657905625
8,74,15.471260245275039
8,75,14.437754982425817
8,76,13.585525603133412
8,77,14.5330724306716
8,78,15.524426079025794
8,79,18.755070202644667
8,80,20.03417350219346
8,81,17.177226352361117
8,82,18.883550873773
8,83,18.487476369754205
8,84,18.54915862579923
8,85,15.702319644448512
8,86,13.380132795578271
8,87,11.824093674866264
8,88,9.859480553446566
8,89,9.486141793172978
8,90,9.687889580172305
8,91,12.227272656833364
8,92,15.228267308020664
8,93,18.133902854048426
8,94,21.585169783870516
8,95,24.81903917253053
8,96,27.846630683602694
8,97,30.56402751015255
8,98,30.367828526716263
8,99,29.001371080095463
8,100,27.0088873131349
8,101,24.333281753941325
8,102,20.713597353456926
8,103,17.768999922994567
8,104,14.365369719022986
8,105,10.934715679964292
8,106,8.34249355077367
8,107,7.22232293542244
8,108,4.515617071135198
8,109,6.152779294318911
8,110,8.532765716834811
8,111,11.04133308542149
8,112,14.292066806238964
8,113,16.41024261673186
8,114,20.172008720712004
9,1,22.414787803959737
9,2,19.165073845565455
9,3,16.802705479255184
9,4,13.520598498263995
9,5,10.376142763116805
9,6,7.754426516401273
9,7,5.342760462274644
9,8,3.807754925148154
9,10,3.7873187636950596
9,11,6.472372151993078
9,12,9.900768570058059
9,13,13.432946129931
9,14,15.64554621373795
9,15,17.84041752701972
9,16,16.536522466139708
9,17,14.609411303597259
9,18,11.020133939128128
9,19,11.071747363664635
9,20,9.421674935495986
9,21,11.648961625650474
9,22,13.604688363617102
9,23,16.053211930419643
9,24,19.31225010611969
9,25,22.341360798695664
9,26,25.34130633940841
9,27,29.1207790134354
9,28,29.862250719534206
9,29,30.925258669634875
9,30,29.918726334464456
9,31,26.38566582563795
9,32,24.4847463238741
9,33,20.744186033067404
9,34,19.201623952283583
9,35,15.926689700367783
9,36,15.394627335798623
9,37,14.032514500619527
9,38,14.8502887751741
9,39,17.702241447079164
9,40,18.325565441032193
9,41,21.159064354329328
9,42,18.981255740824533
9,43,20.136803599972836
9,44,18.361073075899206
9,45,19.218580545412063
9,46,19.79488206444882
9,47,18.419013281821577
9,48,19.92420659215365
9,49,21.488318385528146
9,50,22.558165918236295
9,51,25.285640768654293
9,52,25.326503981305333
9,53,26.520899760746097
9,54,28.919032735097193
9,55,30.81789075533461
9,56,27.89217267321928
9,57,29.229981265059713
9,58,27.300290699542266
9,59,25.062158914168975
9,60,22.802507063661032
9,61,22.887122332404452
9,62,19.74402808272518
9,63,17.836657341714677
9,64,18.571427713753916
9,65,18.514909651337476
9,66,20.051015845563626
9,67,21.269212354020283
9,68,21.126799316102876
9,69,24.48451525769395
9,70,23.947886176656922
9,71,23.53663473206714
9,72,20.917786746196338
9,73,17.783052334866852
9,74,17.065290437085235
9,75,15.214484476916011
9,76,14.038209672376842
9,77,13.965465042233287
9,78,14.218877656288788
9,79,17.121692368994754
9,80,17.75476125184251
9,81,14.7005572297633
9,82,16.181231233494717
9,83,15.485629137240291
9,84,16.075264910965146
9,85,13.56374732695157
9,86,10.924032248832537
9,87,10.241915701157776
9,88,9.538465855588942
9,89,10.008020679538427
9,90,11.489943420586235
9,91,14.388803032373819
9,92,17.766426781663373
9,93,20.879005282248364
9,94,24.201663183697068
9,95,27.61341232071496
9,96,30.40143907712859
9,97,33.34235655116137
9,98,33.24197815915303
9,99,31.577813376912648
9,100,29.61309060685563
9,101,27.210540993718613
9,102,23.49057324581385
9,103,20.84570688812724
9,104,17.274199128841033
9,105,14.12173120025176
9,106,11.586316958985513
9,107,9.486496852602793
9,108,5.892714327625605
9,109,4.884116760858218
9,110,6.115992686451349
9,111,7.7115448122621135
9,112,10.975416424018476
9,113,12.740589241236313
9,114,16.502922743237587
10,1,23.994499924782748
10,2,20.706717352584075
10,3,17.864823455127055
10,4,14.814802979496617
10,5,11.25412210014093
10,6,8.42695578740031
10,7,6.180420289642593
10,8,6.713143637007599
10,9,3.7873187636950596
10,11,3.805253370610258
10,12,6.4877495442649975
10,13,10.21814559468053
10,14,12.404271335304369
10,15,14.265946064441618
10,16,12.770984951373086
10,17,10.907293541150771
10,18,7.452756892508566
10,19,8.147325114678935
10,20,7.690767814757615
10,21,10.714324618329144
10,22,13.372298232016275
10,23,16.257794865157717
10,24,19.691179197041258
10,25,22.789815807182077
10,26,25.59578058082227
10,27,29.278482370019045
10,28,29.729875356433233
10,29,31.134158364803476
10,30,29.870420208600795
10,31,26.399035126001053
10,32,24.13028258452606
10,33,20.37571887252515
10,34,18.74755317843952
10,35,15.233362634592488
10,36,15.11011425666274
10,37,13.741654979544709
10,38,15.334476789376765
10,39,17.97466207622176
10,40,19.001126659488417
10,41,22.049628136115263
10,42,20.194235180865025
10,43,20.91061241556222
10,44,18.779068565830677
10,45,18.884004046535836
10,46,19.082765087252486
10,47,17.04156010387518
10,48,18.41859679933828
10,49,20.301109845848504
10,50,21.35850065401293
10,51,23.936634370405695
10,52,23.620820067193016
10,53,25.02584071946698
10,54,27.059650398934284
10,55,29.193085665919696
10,56,26.397963049774244
10,57,27.603424971125634
10,58,25.432831555094296
10,59,23.043259760522186
10,60,20.42547596672555
10,61,20.140835833244612
10,62,16.784479509648566
10,63,15.289216128505998
10,64,16.02798197104928
10,65,16.494423061259116
10,66,17.952320895852953
10,67,19.646250510143243
10,68,19.54174674506232
10,69,23.004079149913153
10,70,23.040951515596817
10,71,22.72291279083929
10,72,20.61455970610202
10,73,17.119764025766347
10,74,15.840786559790173
10,75,13.296614909421647
10,76,12.049058972077939
10,77,11.143082837268606
10,78,11.156690154089365
10,79,13.689889128279528
10,80,14.199342553100267
10,81,11.368684707819803
10,82,13.300357781324296
10,83,13.181154240427047
10,84,14.269649903533237
10,85,11.54527726545515
10,86,9.583164524292991
10,87,10.069473330703609
10,88,10.203767488468438
10,89,10.172846903357712
10,90,12.107949301183533
10,91,14.663553462670281
10,92,18.33499700718247
10,93,21.347242086779055
10,94,24.596374828667205
10,95,28.06706859562822
10,96,30.53432902756094
10,97,33.71246423804286
10,98,33.96974683542501
10,99,32.03424868456133
10,100,30.393133684176682
10,101,28.23298034205204
10,102,24.46401732499107
10,103,22.173293942589144
10,104,18.669470782987478
10,105,15.721605317790889
10,106,13.888134183233301
10,107,11.533431884071131
10,108,7.725785808723686
10,109,6.091501332372662
10,110,4.759377987440475
10,111,6.120797083390301
10,112,8.414357301482472
10,113,10.494333130293715
10,114,14.078575367360012
11,1,27.78663227674178
11,2,24.46397532279204
11,3,21.64008517306187
11,4,18.62005098553387
11,5,15.044206094439822
11,6,12.183779613741237
11,7,9.794867426342906
11,8,10.063862032059147
11,9,6.472372151993078
11,10,3.805253370610258
11,12,3.7945988251390075
11,13,7.04159792242173
11,14,9.725976455340657
11,15,12.135663281068705
11,16,11.310983560246568
11,17,10.608823571553199
11,18,8.04909438657992
11,19,10.119073290141062
11,20,10.813725498173822
11,21,14.077168517764466
11,22,16.951206490011
11,23,19.909302278862146
11,24,23.37659435535274
11,25,26.455089022356653
11,26,29.220674484527176
11,27,32.85946809493341
11,28,33.20414915159089
11,29,34.70040166096796
11,30,33.302805068037834
11,31,29.834614844135356
11,32,27.369869813815427
11,33,23.619644620208277
11,34,21.750406722982568
11,35,18.082985964336178
11,36,17.6906965572521
11,37,15.773053932529981
11,38,17.187889255395387
11,39,19.235806343776094
11,40,19.850618944731448
11,41,23.251451935641505
11,42,21.939119082279937
11,43,22.910222101576537
11,44,21.07185524303171
11,45,20.824562298632177
11,46,21.288278672132165
11,47,18.98169164672399
11,48,20.656688775684092
11,49,22.95221868455852
11,50,24.202194080194786
11,51,26.658096812745587
11,52,25.94598351850342
11,53,27.275188776395456
11,54,28.933952048345013
11,55,31.03448851263566
11,56,28.172534204047157
11,57,28.951128926987547
11,58,26.381983599960755
11,59,24.238075431054092
11,60,21.235516702901645
11,61,20.930582754135877
11,62,17.27590666264187
11,63,16.586776245123758
11,64,17.735101572570418
11,65,18.866971222685557
11,66,20.33163671532413
11,67,22.39394861976577
11,68,22.236326163848076
11,69,25.651962756294555
11,70,26.022301673264785
11,71,25.888900824576954
11,72,24.028047244902755
11,73,20.42603529628763
11,74,18.932280081709575
11,75,15.985276626900408
11,76,14.630819937765201
11,77,12.845130215793645
11,78,11.970737500247697
11,79,13.743068347259015
11,80,13.222853122602473
11,81,10.317737430338685
11,82,11.76440048414699
11,83,11.174387212760845
11,84,13.129465756004953
11,85,11.184999977639645
11,86,9.073637734869951
11,87,10.745392292551996
11,88,12.092200295994084
11,89,12.813913122518004
11,90,15.33761257433949
11,91,18.03980896492714
11,92,21.765022743473864
11,93,24.86339045856153
11,94,27.982968745567774
11,95,31.52377082177899
11,96,33.834870228223
11,97,37.11574979264161
11,98,37.388791135275525
11,99,35.28704796121095
11,100,33.62921914137938
11,101,31.649272198679363
11,102,27.860361866400673
11,103,25.723537814323763
11,104,22.147086268622154
11,105,19.350541586662224
11,106,17.368135898864526
11,107,14.703811296470766
11,108,10.9157849454122
11,109,8.258066457541386
11,110,5.908680019216733
11,111,4.636418707773142
11,112,6.029363063882616
11,113,7.090609246220896
11,114,10.598261467344164
12,1,29.771895956176493
12,2,26.44595567660274
12,3,23.365675811982673
12,4,20.63758661089096
12,5,16.93889830220812
12,6,14.250165995671713
12,7,12.2433077129941
12,8,13.19093551811814
12,9,9.900768570058059
12,10,6.4877495442649975
12,11,3.7945988251390075
12,13,3.801353277213472
12,14,6.453215985719231
12,15,8.442837564149434
12,16,7.669671923103974
12,17,7.706624155703309
12,18,6.3243790911484945
12,19,9.418471782466412
12,20,11.37788074368172
12,21,14.872343868267945
12,22,17.983693263211833
12,23,21.153526281795706
12,24,24.589368184064327
12,25,27.675197534613027
12,26,30.184308875952617
12,27,33.67208742811344
12,28,33.71660089301172
12,29,35.45370825586028
12,30,33.81800396059544
12,31,30.457067701109903
12,32,27.704730266014536
12,33,24.061202346204066
12,34,22.1292541413577
12,35,18.436182158181733
12,36,18.33709373894219
12,37,16.48134919813901
12,38,18.41194388137606
12,39,20.1365725057645
12,40,21.069255847439656
12,41,24.525032865091788
12,42,23.537207014132793
12,43,24.115519384990407
12,44,22.071414799552663
12,45,21.165721548864763
12,46,21.317704602428652
12,47,18.50602383061838
12,48,20.045805036498972
12,49,22.611064372748498
12,50,23.87403997727424
12,51,26.09353610370921
12,52,24.9846470631779
12,53,26.41733943817463
12,54,27.62315149139709
12,55,29.868253022589126
12,56,27.17855672184049
12,57,27.73489999457824
12,58,24.93570800229452
12,59,22.761639469458668
12,60,19.438896051417526
12,61,18.778468370310595
12,62,14.989134203910114
12,63,15.021829061390113
12,64,16.252784578370495
12,65,18.00617812372322
12,66,19.384629407302068
12,67,21.890874775882647
12,68,21.854102788191387
12,69,25.256927722241567
12,70,26.180291576279018
12,71,26.077555010930414
12,72,24.734309666637156
12,73,20.98222025733719
12,74,19.02018016269552
12,75,15.623422922370938
12,76,14.217616858243536
12,77,11.576908073584672
12,78,10.151969978795684
12,79,11.013689311588953
12,80,9.935542424033578
12,81,7.498277347892747
12,82,9.339937402491945
12,83,9.574712749924398
12,84,12.154488044978232
12,85,10.33174209549047
12,86,9.393424895726458
12,87,12.021311199759564
12,88,13.878963997641996
12,89,14.216978668567851
12,90,16.896897549456195
12,91,19.227218285512677
12,92,23.010007744873366
12,93,25.96350859889686
12,94,28.909996553700907
12,95,32.44594666122104
12,96,34.42058111390561
12,97,37.87054915246023
12,98,38.42945639902081
12,99,36.09491110927639
12,100,34.72172794989724
12,101,33.004220972509
12,102,29.238890049809626
12,103,27.44988022732751
12,104,23.98981797866033
12,105,21.446195677497077
12,106,19.958076098889453
12,107,17.193823799399475
12,108,13.500744139636051
12,109,10.897308132597407
12,110,7.59312125333981
12,111,6.081595233107343
12,112,4.879180458975981
12,113,6.014536538259213
12,114,8.696937769824144
13,1,33.44511639101505
13,2,30.080833588906124
13,3,26.99340502089946
13,4,24.37092534650596
13,5,20.645019989317436
13,6,18.032868113095358
13,7,16.03712884497327
13,8,16.874488998439904
13,9,13.432946129931
13,10,10.21814559468053
13,11,7.04159792242173
13,12,3.801353277213472
13,14,3.815332774160866
13,15,6.249083764130919
13,16,6.9036537671933
13,17,8.723595250652135
13,18,8.871984546497089
13,19,12.383146003770465
13,20,14.827254357407007
13,21,18.350206407824952
13,22,21.481060384034574
13,23,24.719310778449
13,24,28.11023647206075
13,25,31.198721694666656
13,26,33.58435243528928
13,27,36.99118673461677
13,28,36.86066709478602
13,29,38.67407716449843
13,30,36.87410505483793
13,31,33.554897867074715
13,32,30.620937126610723
13,33,27.054302517838487
13,34,24.952109368052565
13,35,21.25053727141713
13,36,21.006959242752878
13,37,18.881958915146296
13,38,20.728277620280732
13,39,21.905771386964723
13,40,22.620454862732966
13,41,26.21931295299198
13,42,25.72110268752682
13,43,26.344265292604717
13,44,24.499655580839892
13,45,23.22173416405548
13,46,23.495617679113085
13,47,20.506733420946233
13,48,22.196074198383194
13,49,25.050303824856144
13,50,26.463997797506018
13,51,28.499170538254898
13,52,27.007712751278028
13,53,28.32891058581124
13,54,29.10080943991054
13,55,31.277146120492887
13,56,28.62475358183798
13,57,28.750078147743313
13,58,25.63570079366204
13,59,23.752955913835176
13,60,20.175819328592816
13,61,19.476084504188925
13,62,15.65369757451661
13,63,16.559969580553332
13,64,18.097827490081507
13,65,20.391036425869903
13,66,21.76727295528292
13,67,24.56512406695458
13,68,24.59457873487881
13,69,27.911305709691597
13,70,29.16755191806337
13,71,29.128868255573487
13,72,28.062282368394715
13,73,24.276138670191852
13,74,22.102767621641622
13,75,18.522216055267975
13,76,17.03553716707191
13,77,13.91510877841521
13,78,11.835865794388962
13,79,11.656117063030415
13,80,9.372333657415533
13,81,7.540564103478045
13,82,8.525750964109527
13,83,8.644010110743773
13,84,12.03112028273527
13,85,11.218250815409071
13,86,10.773224287461815
13,87,14.068536582039716
13,88,16.56808014763109
13,89,17.220751045642274
13,90,20.171074551080178
13,91,22.499169973431343
13,92,26.266735419865682
13,93,29.235526092798022
13,94,32.0103628755585
13,95,35.57475805203771
13,96,37.33591413933161
13,97,40.88047829072898
13,98,41.501279685545235
13,99,38.9903111300394
13,100,37.67327316978804
13,101,36.17364058477701
13,102,32.42549531049016
13,103,30.844038871487964
13,104,27.37729248566938
13,105,25.01258653178105
13,106,23.538640532769353
13,107,20.5897357868424
13,108,16.976608504878328
13,109,14.055299416692558
13,110,10.592868521109452
13,111,8.199782280723674
13,112,5.4260027303158145
13,113,4.761053054822261
13,114,5.780729399473447
14,1,34.44196297175737
14,2,30.96599830651897
14,3,27.93309460404582
14,4,25.708043199143617
14,5,21.91203579609833
14,6,19.812228809242157
14,7,18.193167745010467
14,8,18.897200153678305
14,9,15.64554621373795
14,10,12.404271335304369
14,11,9.725976455340657
14,12,6.453215985719231
14,13,3.815332774160866
14,15,3.7988221876889727
14,16,6.28561169260732
14,17,8.584169044676214
14,18,9.508799376717219
14,19,13.285427342442985
14,20,15.925423145243041
14,21,19.599600382222352
14,22,22.425793895133264
14,23,25.916370506364384
14,24,29.050686260822875
14,25,32.30665587034325
14,26,34.35107464233119
14,27,37.65687416440379
14,28,37.14288883627956
14,29,38.87309526248537
14,30,36.759714712307385
14,31,33.45542013808024
14,32,30.26571372981867
14,33,26.821013910035052
14,34,24.411310787156726
14,35,20.762683857283687
14,36,20.324777544442288
14,37,18.044356975779394
14,38,19.98594328788149
14,39,20.649565131512517
14,40,21.512351856139503
14,41,25.04987512747586
14,42,24.971232677039215
14,43,25.33712612904437
14,44,23.57756977259773
14,45,21.810512502308214
14,46,22.135326301914375
14,47,19.04355239365019
14,48,20.954345414169595
14,49,24.143347614312884
14,50,25.904340385863186
14,51,27.763386774447138
14,52,25.81421120899272
14,53,26.80788944950493
14,54,27.214371038231256
14,55,29.172860451560272
14,56,26.501394710622655
14,57,26.223468743797234
14,58,22.896890550728624
14,59,21.33211664887681
14,60,17.65562453712416
14,61,17.189800956202202
14,62,13.471364391317643
14,63,15.025017749130303
14,64,17.11165149409141
14,65,19.929827361421246
14,66,21.683958593437442
14,67,24.859264867917354
14,68,25.40457741874635
14,69,28.82836052005443
14,70,30.3661739195978
14,71,29.965927050382838
14,72,29.15901496916082
14,73,25.38104684022027
14,74,22.749717948868483
14,75,19.107250230242897
14,76,17.113996730889767
14,77,13.72664912861293
14,78,10.833196059323637
14,79,10.154347506735222
14,80,7.074050678204441
14,81,5.42660930379282
14,82,5.406210064565541
14,83,6.225192113151472
14,84,9.694861686919248
14,85,9.4349260872886
14,86,10.084428236339713
14,87,13.744721864652503
14,88,16.624081175718956
14,89,17.27175191159031
14,90,20.45984448050895
14,91,22.676041877858673
14,92,26.344582986479537
14,93,29.33577883932527
14,94,31.765830924475193
14,95,35.36724645086368
14,96,36.80195966268433
14,97,40.456988920912835
14,98,41.112499621995134
14,99,38.344054787027865
14,100,37.111210313341154
14,101,35.97798501067383
14,102,32.29889676559743
14,103,31.13716281351648
14,104,27.735326429075155
14,105,25.81383270471656
14,106,24.633243362877522
14,107,21.43972142012018
14,108,18.128127543932045
14,109,15.145822119714959
14,110,11.435193072085728
14,111,9.268080696058519
14,112,5.566054377624624
14,113,5.802017582713486
14,114,5.514938088202349
15,1,35.004545824728396
15,2,31.664495063905907
15,3,28.416670895004874
15,4,26.43665741656431
15,5,22.72081414868369
15,6,20.744011113000603
15,7,19.452535280356962
15,8,20.7588933512582
15,9,17.84041752701972
15,10,14.265946064441618
15,11,12.135663281068705
15,12,8.442837564149434
15,13,6.249083764130919
15,14,3.7988221876889727
15,16,3.7931782207375795
15,17,6.989639862527181
15,18,9.370345679298875
15,19,12.919817882651465
15,20,16.145881402469414
15,21,19.58127530370819
15,22,22.47766162911375
15,23,25.913690480790954
15,24,28.953179510980778
15,25,32.06546159258636
15,26,33.87610705279873
15,27,36.96931864702601
15,28,36.26481787092131
15,29,38.24566122223619
15,30,36.04341242017833
15,31,32.95200130993533
15,32,29.664285174992592
15,33,26.44302305165211
15,34,24.26674362568618
15,35,20.839124621878458
15,36,20.966900142860204
15,37,19.200637750049687
15,38,21.668840867801006
15,39,22.427322729537547
15,40,23.788635281902266
15,41,27.11494478327251
15,42,26.953113909731698
15,43,26.8250079216932
15,44,24.703267569705385
15,45,22.544137816328202
15,46,22.288927651646993
15,47,18.845028260001662
15,48,20.22821611380867
15,49,23.330019423313516
15,50,24.83489621837771
15,51,26.40223171892544
15,52,24.28578163295946
15,53,25.534388250377543
15,54,25.5580065719668
15,55,27.77700863337903
15,56,25.486114684781437
15,57,25.256605241528767
15,58,21.976709089984986
15,59,20.166272552035398
15,60,16.378664297133835
15,61,15.239376301923786
15,62,11.68544055175073
15,63,13.837102590400022
15,64,15.544394334682478
15,65,18.64606739652282
15,66,20.06719165422099
15,67,23.41379629229851
15,68,23.983768043735342
15,69,27.23462101716299
15,70,29.187290513241177
15,71,28.859164898000092
15,72,28.52977652802018
15,73,24.78139622102062
15,74,21.947364729630674
15,75,18.193264646311437
15,76,16.482694716388853
15,77,12.773402114070118
15,78,10.030373867601478
15,79,8.069765198216123
15,80,4.582776736267567
15,81,5.324903050190925
15,82,6.560553617145364
15,83,8.969409923596274
15,84,11.870666103004028
15,85,11.140836365034072
15,86,12.712859327959789
