1,2,3.1007024173678066
1,3,6.86047246665714
1,4,10.116570565978343
1,5,12.22913725990825
1,6,15.398200147817196
1,7,18.84612675761362
1,8,22.079199851142317
1,9,24.962019668738296
1,10,25.306760285863845
1,11,28.85162264657721
1,12,30.17884898156412
1,13,33.94605399491095
1,14,36.05809268420743
1,15,39.21553610487597
1,16,40.136565054413104
1,17,39.72940732758394
1,18,37.126479399372
1,19,33.64252894312717
1,20,30.8602410507015
1,21,27.63645091496161
1,22,24.39692107475505
1,23,21.312772194066927
1,24,17.8042254977502
1,25,15.228085688010024
1,26,11.723631672593541
1,27,10.192118616851188
1,28,8.736891438894103
1,29,10.213736493454045
1,30,10.211900476617751
1,31,9.273062659712082
1,32,11.46952242253026
1,33,11.019883056469554
1,34,14.277423084234854
1,35,15.469551747506149
1,36,18.275588732102303
1,37,20.82953682650529
1,38,22.680803736893754
1,39,25.8710754903038
1,40,26.873998397337104
1,41,29.766969819899213
1,42,32.956756302956364
1,43,31.859713635721842
1,44,28.50243772016873
1,45,26.551737279514093
1,46,23.924620896856855
1,47,25.907904799520445
1,48,24.13797285126631
1,49,25.762950832828064
1,50,23.892824045594715
1,51,20.734501817527132
1,52,19.08091171818561
1,53,20.123629418023707
1,54,23.452261303217526
1,55,24.114113290394894
1,56,27.62056522827188
1,57,28.539534698407518
1,58,28.090589315433018
1,59,31.654860158459506
1,60,33.24473831094004
1,61,31.043016805564566
1,62,32.16542867014302
1,63,32.18830370662347
1,64,32.559793390702986
1,65,28.79181026958047
1,66,27.045404302148455
1,67,23.49236812408349
1,68,23.473379477236268
1,69,20.754467920945476
1,70,21.737111739420193
1,71,22.201967646215888
1,72,19.362631114281072
1,73,17.123214331031246
1,74,14.970846639086167
1,75,17.789640231749328
1,76,19.46673395341766
1,77,22.951053864166305
1,78,23.672959106491245
1,79,27.458331031351605
1,80,30.39437650894928
1,81,33.40424972014878
1,82,36.74213566045984
1,83,35.36378835930919
1,84,37.77803650757311
1,85,39.05921847283375
1,86,37.04422403778099
1,87,33.752000412522186
1,88,33.58962444281178
1,89,31.013695741040358
1,90,27.425133560421315
1,91,24.529248310221856
1,92,20.71497261121057
1,93,17.84951318450275
1,94,15.007919478109
1,95,11.903136769013312
1,96,12.170848480662471
1,97,10.215107495543625
1,98,13.019233254856985
1,99,12.144506635369538
1,100,12.020981176231073
1,101,14.589850150774215
1,102,14.860585239480098
1,103,11.669356443830141
1,104,12.452963298440036
1,105,11.642431255183705
1,106,14.71834916210855
1,107,15.799428141189978
1,108,18.770653320399287
1,109,21.97022832290857
1,110,24.552553603276667
1,111,28.266439196257643
1,112,30.36072223071458
1,113,34.130754537140575
2,1,3.1007024173678066
2,3,3.821266874127336
2,4,7.036867575028479
2,5,9.363471714033672
2,6,12.512991469363179
2,7,15.953113022810042
2,8,19.250446934390375
2,9,22.107726012347275
2,10,22.300603799066327
2,11,25.854010282607607
2,12,27.274686289439774
2,13,31.04790484186389
2,14,33.249826834679844
2,15,36.407370912054894
2,16,37.43623576577805
2,17,37.18932982209031
2,18,34.57775230970079
2,19,31.174234286515496
2,20,28.250093464655837
2,21,25.12767530922921
2,22,21.76304611374502
2,23,18.81704543940205
2,24,15.280626866786688
2,25,12.906100383370738
2,26,9.638387387310905
2,27,8.839445791172169
2,28,8.306415187913732
2,29,10.780398502715714
2,30,10.627121790921496
2,31,10.419149306176813
2,32,11.8495516593101
2,33,10.4188581944674
2,34,13.121092476442831
2,35,13.622959230855665
2,36,16.13549983826344
2,37,18.383969678390308
2,38,20.082421498197075
2,39,23.130512681786865
2,40,24.075399593179714
2,41,27.09143074324333
2,42,30.229105878550754
2,43,29.261444002753052
2,44,25.811376741688253
2,45,24.038501178528428
2,46,21.382875769340743
2,47,23.492236296135243
2,48,21.905152823005103
2,49,23.50317147666249
2,50,21.90057216881021
2,51,19.00337694260468
2,52,17.644200330895607
2,53,19.07344912710398
2,54,22.212630097619126
2,55,22.867471994864584
2,56,26.502673731613687
2,57,27.470901868787077
2,58,26.654740927509746
2,59,30.127564033052504
2,60,31.44108987672137
2,61,29.225050449541047
2,62,30.1288773252548
2,63,30.25052027246517
2,64,30.37138397700962
2,65,26.570990535179085
2,66,25.02508478024695
2,67,21.566148006750506
2,68,21.797926508814665
2,69,19.348506651826217
2,70,20.364248162369453
2,71,21.29165169292623
2,72,18.490323031146524
2,73,16.266167222193396
2,74,13.630208565047884
2,75,15.975893268340329
2,76,17.515844445756834
2,77,20.807531798418033
2,78,21.320931151927844
2,79,25.078257044734354
2,80,27.92857326686798
2,81,31.070329887507587
2,82,34.2943806991835
2,83,32.745727957507754
2,84,35.08159487111556
2,85,36.23936068557469
2,86,34.24536185203006
2,87,30.97584832164597
2,88,30.670964011170472
2,89,28.048250331962286
2,90,24.43629278368582
2,91,21.610672841238376
2,92,17.798782164508264
2,93,15.111006812599046
2,94,12.425703888218866
2,95,9.690070597683908
2,96,10.644450861772448
2,97,9.622902513040577
2,98,13.004216652446887
2,99,12.923202191133964
2,100,12.473019627683481
2,101,14.486065782512794
2,102,14.16225378113295
2,103,10.600105208013924
2,104,10.516232626720658
2,105,9.03382724006734
2,106,11.842529823831075
2,107,12.737351016207562
2,108,15.670693672125447
2,109,18.891014304069103
2,110,21.49474804291247
2,111,25.22278641629291
2,112,27.402365958220166
2,113,31.156058224417404
3,1,6.86047246665714
3,2,3.821266874127336
3,4,3.817396008187813
3,5,6.512933955484012
3,6,9.214400773739117
3,7,12.731419206650655
3,8,15.980633132706226
3,9,18.741488051306384
3,10,18.683036301716818
3,11,22.301808942687167
3,12,23.95448222723343
3,13,27.74514494082607
3,14,30.15329849596252
3,15,33.36483538620524
3,16,34.63752851150933
3,17,34.646841765869254
3,18,31.961050860284004
3,19,28.711347770780943
3,20,25.57152518326881
3,21,22.593720526807896
3,22,19.036361938347067
3,23,16.28263917227649
3,24,12.879944262375773
3,25,10.754141096218657
3,26,8.280949148301431
3,27,8.469630428022286
3,28,9.441919089402463
3,29,12.729659424443286
3,30,12.721050861029502
3,31,13.231054315527789
3,32,14.024132097281491
3,33,11.735813390490543
3,34,13.521701531015047
3,35,12.9418654023919
3,36,14.892866384769729
3,37,16.46763964090339
3,38,17.888600693328467
3,39,20.59328577743967
3,40,21.407556512967485
3,41,24.65539121969533
3,42,27.643593980845342
3,43,26.90402734942077
3,44,23.293768710287377
3,45,21.92598904113582
3,46,19.293699377818722
3,47,21.619471169097558
3,48,20.380352227065718
3,49,21.85039849902362
3,50,20.689760634592446
3,51,18.27372722070941
3,52,17.307934503672502
3,53,19.220128306510198
3,54,22.05525213724843
3,55,22.771147253713206
3,56,26.495087398899653
3,57,27.56572348505784
3,58,26.27223252940977
3,59,29.571044108904605
3,60,30.448368142279364
3,61,28.203136420447628
3,62,28.717356006008462
3,63,28.92354450235136
3,64,28.610588082016143
3,65,24.807472234553746
3,66,23.53403280095002
3,67,20.24921366240755
3,68,20.7225152234532
3,69,18.63824035713219
3,70,19.481034508670653
3,71,20.908633408468766
3,72,18.112420504253112
3,73,16.182043943883716
3,74,12.95705383829432
3,75,14.532270254518732
3,76,16.020211642581096
3,77,18.939324411673837
3,78,19.249227266472904
3,79,22.901208817323397
3,80,25.646197286729212
3,81,28.95257311490849
3,82,31.971463971579766
3,83,30.17221259505551
3,84,32.40921874585542
3,85,33.35389814264683
3,86,31.462007033800514
3,87,28.22675476849267
3,88,27.605849207194826
3,89,24.92018179557467
3,90,21.273685359692745
3,91,18.631572525363623
3,92,14.871964653428753
3,93,12.664153147214254
3,94,10.53315996955691
3,95,8.793720664771895
3,96,10.85147786342299
3,97,11.141298769588081
3,98,14.8574324312356
3,99,15.5103533273814
3,100,14.750087939211731
3,101,16.1521351929208
3,102,15.12681956067974
3,103,11.366210688267266
3,104,10.043422829148493
3,105,7.3265004131005025
3,106,9.230353154486396
3,107,9.415217427410496
3,108,12.05134607568263
3,109,15.432550636680839
3,110,18.015666175447077
3,111,21.789382295021312
3,112,24.156957832638536
3,113,27.854766585193776
4,1,10.116570565978343
4,2,7.036867575028479
4,3,3.817396008187813
4,5,3.814184173446492
4,6,6.6632926612967305
4,7,9.656133596860055
4,8,13.19598042896161
4,9,15.937614195644516
4,10,15.686701712282087
4,11,19.16565795740839
4,12,20.735738951673543
4,13,24.4796897117323
4,14,26.83177308212515
4,15,29.919853908042974
4,16,31.147694837014743
4,17,31.290163867132005
4,18,28.737334718360668
4,19,25.57813960838479
4,20,22.33780946061865
4,21,19.595090240738053
4,22,15.989794833175347
4,23,13.67464820263474
4,24,10.225836977206438
4,25,9.093318077009002
4,26,7.437864195568809
4,27,9.280999228179311
4,28,10.697165828689856
4,29,14.179317144073323
4,30,13.63102807615253
4,31,14.610585530154923
4,32,14.462063344624584
4,33,11.418244291458345
4,34,12.141432843148552
4,35,10.65113860238979
4,36,11.902744618223899
4,37,13.042776013999811
4,38,14.219637325041228
4,39,16.805700339775914
4,40,17.65769280663042
4,41,20.972621378699834
4,42,23.988983170519855
4,43,23.449145373799265
4,44,19.82375852353876
4,45,18.52046019053763
4,46,15.768461643690017
4,47,18.082534861466335
4,48,17.015763124251116
4,49,18.44831815612337
4,50,17.65068081329765
4,51,15.672921277359467
4,52,15.274310301297724
4,53,17.540293336254113
4,54,19.928748741156785
4,55,20.502670199799187
4,56,24.252594790967237
4,57,25.299759658647798
4,58,23.622024270760786
4,59,26.74143893949889
4,60,27.323234162682812
4,61,25.1244087414434
4,62,25.45383953808766
4,63,25.840650964297918
4,64,25.34298076650744
4,65,21.553394396893033
4,66,20.628636471536566
4,67,17.619497766186623
4,68,18.60042188854562
4,69,17.11773012091561
4,70,18.282313594270835
4,71,20.355101648553024
4,72,18.01457664564205
4,73,15.933299878532182
4,74,12.601985727708847
4,75,13.237195876468629
4,76,14.011015726421864
4,77,16.47276450091714
4,78,16.24586133822751
4,79,19.785217161261954
4,80,22.2903738602472
4,81,25.72588406851712
4,82,28.61470470648447
4,83,26.65062545688964
4,84,28.752194305987814
4,85,29.61787172370999
4,86,27.666224633731108
4,87,24.47031866106107
4,88,23.861461390685843
4,89,21.15169260537633
4,90,17.512570690459928
4,91,14.84200284665743
4,92,11.078713336346183
4,93,9.0356815053765
4,94,7.190947629290064
4,95,6.557194810020048
4,96,9.373694570342002
4,97,10.948480782576501
4,98,14.680615939742182
4,99,16.16253851104
4,100,15.32927864186088
4,101,15.86023515523952
4,102,14.402421621270074
4,103,10.802209877894674
4,104,8.304054785819886
4,105,4.953533751334811
4,106,5.671102528091779
4,107,5.711619999451249
4,108,8.74848152859086
4,109,11.861757612022295
4,110,14.513462515945513
4,111,18.241588462509803
4,112,20.580603696588998
4,113,24.295229303816594
5,1,12.22913725990825
5,2,9.363471714033672
5,3,6.512933955484012
5,4,3.814184173446492
5,6,3.8158711716809313
5,7,6.679394234269526
5,8,10.171739106007294
5,9,13.083831167578545
5,10,13.567601967914664
5,11,16.87575941395354
5,12,17.982258020392294
5,13,21.732777236930765
5,14,23.887729841835593
5,15,27.079789844510046
5,16,28.243570456272177
5,17,28.15887327711901
5,18,25.457616279647194
5,19,22.20033934066616
5,20,19.075168289960537
5,21,16.104284149272566
5,22,12.563617879507968
5,23,9.967225492663863
5,24,6.502983493207692
5,25,5.416695210818126
5,26,4.71173227811937
5,27,7.616751769234098
5,28,9.773084032763025
5,29,13.381234956568564
5,30,13.146564680346572
5,31,14.883445208832491
5,32,14.45774505070404
5,33,11.299914665308439
5,34,11.260558028393195
5,35,9.05355326477624
5,36,10.446119524166077
5,37,11.010504667651656
5,38,12.874648221280362
5,39,15.477663657428481
5,40,17.034916587250553
5,41,20.515016494267634
5,42,23.67967406578458
5,43,23.72646610469358
5,44,20.163108362357832
5,45,18.89806054993831
5,46,15.718313521347875
5,47,17.430870145698297
5,48,15.971160700812172
5,49,16.642010666782358
5,50,15.611722771872277
5,51,13.790011502077048
5,52,13.094827362158911
5,53,15.544179131391187
5,54,17.88106953331834
5,55,19.014860231020783
5,56,22.627473158437923
5,57,24.166985549245613
5,58,22.49889206691848
5,59,25.646738727603765
5,60,25.930932817913284
5,61,23.361151197468807
5,62,23.292691810429854
5,63,23.265183616312715
5,64,22.562000161410996
5,65,18.813012244574587
5,66,17.591669105724343
5,67,14.49486012086573
5,68,15.216787081959474
5,69,13.806032477448335
5,70,14.773671609919454
5,71,17.101070821875698
5,72,14.982962029061786
5,73,13.07920446460961
5,74,9.648836098026035
5,75,9.645943841227181
5,76,10.38477703235618
5,77,12.789160389089497
5,78,12.889356706638875
5,79,16.470036133367845
5,80,19.253593205301126
5,81,22.552364583733294
5,82,25.530761225381973
5,83,23.796032339408523
5,84,26.202260024158768
5,85,27.368662440312292
5,86,25.747769479388513
5,87,22.315738317114697
5,88,21.848719526502137
5,89,19.582967652987858
5,90,16.20720331903389
5,91,13.12541332737282
5,92,9.45908554028808
5,93,7.112365201597551
5,94,6.585837513126068
5,95,6.4505914730348515
5,96,10.112265261414468
5,97,12.241481176416086
5,98,15.636905480033072
5,99,17.696715339997226
5,100,17.537559311491062
5,101,17.553162744527334
5,102,16.51500350375207
5,103,13.194313800659504
5,104,10.314806905230354
5,105,7.493589712969108
5,106,6.720444017829779
5,107,5.253624393456115
5,108,8.41549808885178
5,109,10.967468244984497
5,110,12.766393009164634
5,111,16.382382591004255
5,112,18.252834485607263
5,113,22.01469751626002
6,1,15.398200147817196
6,2,12.512991469363179
6,3,9.214400773739117
6,4,6.6632926612967305
6,5,3.8158711716809313
6,7,3.813387585102118
6,8,6.77201845187312
6,9,9.596663274003426
6,10,10.16155727484036
6,11,13.593517460245192
6,12,14.936302727037043
6,13,18.74180798907383
6,14,21.189020092774708
6,15,24.578769171809142
6,16,26.133412053469605
6,17,26.28146251204349
6,18,23.346300633725253
6,19,20.3141969375507
6,20,16.99775678071566
6,21,14.133089965520185
6,22,10.41650259676838
6,23,8.002820468336678
6,24,5.63322586357914
6,25,5.105054126688325
6,26,6.8018879232960625
6,27,9.472379683092312
6,28,12.45953419793754
6,29,16.118884999870183
6,30,16.38246125245215
6,31,18.36332237502563
6,32,17.995246937366506
6,33,14.867382479430054
6,34,14.400579935837309
6,35,11.64108766929366
6,36,12.356764228615852
6,37,11.732229198981003
6,38,13.290678910848174
6,39,15.13616976100541
6,40,16.675632841216625
6,41,20.390522403265066
6,42,23.262087706648494
6,43,23.776966159612968
6,44,20.15509066564703
6,45,19.52261051103794
6,46,16.48470235502033
6,47,18.17238437294958
6,48,17.104376160971775
6,49,17.260833518081473
6,50,16.702601785209854
6,51,15.58248763773718
6,52,15.093408183981497
6,53,17.71906987199132
6,54,19.702251784973516
6,55,21.081883611935343
6,56,24.525451071250338
6,57,26.277026304074912
6,58,24.32236061972355
6,59,27.21530903687113
6,60,26.984444015925234
6,61,24.32732797281186
6,62,23.66796554190293
6,63,23.499148863694256
6,64,22.1910645605929
6,65,18.63248219386954
6,66,17.595587019063707
6,67,14.850152891572469
6,68,15.45954311249239
6,69,14.436978215214644
6,70,14.727227753195953
6,71,17.286601834217294
6,72,15.204383563331236
6,73,14.110583454703054
6,74,10.51228202694834
6,75,9.423715418160324
6,76,10.35847938790782
6,77,11.947790459300473
6,78,12.164141375850807
6,79,15.350229457247208
6,80,18.091238598743153
6,81,21.404260379643404
6,82,24.0820256776423
6,83,22.17632831242945
6,84,24.59454900141583
6,85,25.581629955071374
6,86,24.34001090014495
6,87,20.906445113659217
6,88,19.96585195291969
6,89,17.87782266439643
6,90,14.678761394845157
6,91,11.908168597027768
6,92,8.777966131013498
6,93,7.759544209780659
6,94,8.886576336359221
6,95,9.8645028247376
6,96,13.617167153615647
6,97,16.002919886813967
6,98,19.338586028990076
6,99,21.50198614106309
6,100,21.27545658357189
6,101,21.191826487776066
6,102,19.92871891828947
6,103,16.66689938420135
6,104,13.517754518104578
6,105,10.392318100951128
6,106,8.478367845125986
6,107,5.300189707143368
6,108,6.864663748696108
6,109,9.246853454458712
6,110,10.2750790073658
6,111,13.871059364310334
6,112,15.828652598399358
6,113,19.45849313101811
7,1,18.84612675761362
7,2,15.953113022810042
7,3,12.731419206650655
7,4,9.656133596860055
7,5,6.679394234269526
7,6,3.813387585102118
7,8,3.803728899059537
7,9,6.588620377119153
7,10,7.387965731729057
7,11,10.370188303189504
7,12,11.3332187944965
7,13,15.11079640921143
7,14,17.4600796122761
7,15,20.793750676261567
7,16,22.34953190337798
7,17,22.616548136664733
7,18,19.73630334226631
7,19,16.840446676682088
7,20,13.38489348643896
7,21,10.823404511574164
7,22,7.031678208881473
7,23,5.671655679490732
7,24,4.59467838357471
7,25,6.470245268730456
7,26,9.201557655383224
7,27,12.37077409482775
7,28,15.20142476497503
7,29,18.638874936818787
7,30,18.600999717983594
7,31,20.80501387898
7,32,19.888109449555397
7,33,16.567490974588452
7,34,15.240834642862715
7,35,11.873387826077481
7,36,11.636905495550057
7,37,9.882287030319414
7,38,11.190205210921754
7,39,12.453914395901
7,40,14.316478113850218
7,41,18.036805820507574
7,42,20.823227122956848
7,43,21.85864781942304
7,44,18.420017389931694
7,45,18.038216988565935
7,46,14.975183058193528
7,47,16.231351364609253
7,48,15.359158990905069
7,49,14.973116694806006
7,50,14.90576769025516
7,51,14.613523517354965
7,52,14.691483986174951
7,53,17.47746949137552
7,54,18.801922389399152
7,55,20.18088781568059
7,56,23.392820340192163
7,57,25.23119076010832
7,58,22.963617799363785
7,59,25.53539128619356
7,60,24.82946512041111
7,61,22.156797857282637
7,62,21.041209024400132
7,63,20.885803970441327
7,64,19.167826880968455
7,65,15.79340656507586
7,66,15.163828928191611
7,67,13.01282152865621
7,68,14.071199427189333
7,69,13.975616778263236
7,70,14.404221596837337
7,71,17.53038406016218
7,72,16.161799907850103
7,73,15.176634648898492
7,74,12.01818707707741
7,75,9.75619122553731
7,76,9.57599245588044
7,77,9.94366834413669
7,78,9.501205269697968
7,79,12.229239076218278
7,80,14.693701903465334
7,81,18.07950741796523
7,82,20.535892956831844
7,83,18.484721476868216
7,84,20.86790649082353
7,85,21.851644766397506
7,86,20.7788269355104
7,87,17.30919142134697
7,88,16.339043337443727
7,89,14.539068433528728
7,90,11.666919190014443
7,91,8.848495857121849
7,92,6.467677062096059
7,93,6.563922862121118
7,94,9.208915013620743
7,95,11.255702332002002
7,96,14.947787240597942
7,97,17.900793743918058
7,98,20.93369743155777
7,99,23.55276227218039
7,100,23.388840973453217
7,101,22.734559033895287
7,102,21.35713107833081
7,103,18.48134594450173
7,104,14.973976870210597
7,105,12.225341134160159
7,106,9.363221399127902
7,107,6.000356584883323
7,108,6.569466598633793
7,109,7.2972087878625835
7,110,7.210959010397997
7,111,10.503245784376574
7,112,12.115781308970936
7,113,15.767576383981469
8,1,22.079199851142317
8,2,19.250446934390375
8,3,15.980633132706226
8,4,13.19598042896161
8,5,10.171739106007294
8,6,6.77201845187312
8,7,3.803728899059537
8,9,2.981973570034001
8,10,5.227585077928791
8,11,7.731339728448108
8,12,8.506340683530345
8,13,12.269196391318669
8,14,14.818362415781028
8,15,18.4100267551998
8,16,20.3533281033939
8,17,20.736201858693384
8,18,17.558593171598947
8,19,14.975572190975475
8,20,11.52220485517611
8,21,9.177906060380803
8,22,5.759160708938822
8,23,5.312709729321792
8,24,6.695218592396649
8,25,8.495197862923924
8,26,11.933018800286778
8,27,14.702978075308163
8,28,17.85180319515782
8,29,21.189414739937718
8,30,21.54043223342442
8,31,23.946395764204222
8,32,23.121141425333953
8,33,19.939500339361377
8,34,18.465686973581214
8,35,15.034586078952582
8,36,14.650166989943378
8,37,12.297172023050667
8,38,13.446710085231986
8,39,13.917299435489095
8,40,15.841816197406356
8,41,19.48771648480051
8,42,21.914400401843036
8,43,23.47535684455633
8,44,20.210264303760297
8,45,20.31404988552796
8,46,17.455394886483404
8,47,18.394870710153743
8,48,17.712994917692388
8,49,16.701375527727972
8,50,16.866504040868733
8,51,17.078650518894797
8,52,17.099219197103015
8,53,19.810488116136877
8,54,20.869243903533516
8,55,22.551958790706024
8,56,25.462932965821665
8,57,27.556273906595777
8,58,25.2268485225211
8,59,27.558924880977106
8,60,26.42195538686678
8,61,23.645386966568534
8,62,21.957385637697747
8,63,21.481786794502607
8,64,19.21482662391811
8,65,16.291251784287198
8,66,15.720743645380454
8,67,14.074187586232643
8,68,14.747628792087207
8,69,14.998393387507091
8,70,14.698328819618935
8,71,17.82141773091038
8,72,16.687677939856876
8,73,16.473481230140518
8,74,13.561879050064109
8,75,10.667863369348913
8,76,10.628240345624922
8,77,9.962200865902808
8,78,9.916165788784488
8,79,11.732833488809382
8,80,14.076135645238692
8,81,17.160484393235457
8,82,19.2277903635666
8,83,17.21301826125592
8,84,19.699825765422318
8,85,20.632240930205192
8,86,20.193737120176284
8,87,16.774496368941847
8,88,15.420141166676315
8,89,14.247603137654396
8,90,12.081405680725412
8,91,9.89600129748289
8,92,8.872395699942741
8,93,9.811161230862055
8,94,12.85770714533818
8,95,14.944820548864653
8,96,18.635071303740396
8,97,21.587508150751507
8,98,24.528201417135925
8,99,27.20480273594772
8,100,27.15755002502201
8,101,26.464098625261308
8,102,25.12310301081643
8,103,22.28359362585288
8,104,18.757824027833298
8,105,15.983396830736032
8,106,12.999647695405315
8,107,9.49308039952292
8,108,8.903291021095672
8,109,8.808654258519683
8,110,7.041393541568103
8,111,9.457627746839757
8,112,10.594522334623774
8,113,13.863968050115185
9,1,24.962019668738296
9,2,22.107726012347275
9,3,18.741488051306384
9,4,15.937614195644516
9,5,13.083831167578545
9,6,9.596663274003426
9,7,6.588620377119153
9,8,2.981973570034001
9,10,3.8124604609693167
9,11,5.274307563568605
9,12,6.116323248205546
9,13,9.772427069138413
9,14,12.640941843796409
9,15,16.323905136290783
9,16,18.658247215321353
9,17,19.36516086719223
9,18,16.123222824794436
9,19,14.042677022847883
9,20,10.590248681386447
9,21,9.014709698744445
9,22,6.418536597207143
9,23,7.2893728469760655
9,24,9.441513986488676
9,25,11.360398913232526
9,26,14.882232559560817
9,27,17.551846297552725
9,28,20.764325702251355
9,29,24.064238391907192
9,30,24.465793546549968
9,31,26.907510876410768
9,32,26.025814277230772
9,33,22.824016143265688
9,34,21.185328652598862
9,35,17.655418236336086
9,36,16.91957524991801
9,37,14.149955702305132
9,38,14.855277785511694
9,39,14.602566955139144
9,40,16.337090056526183
9,41,19.840638303704775
9,42,21.87540516949204
9,43,23.79708091137242
9,44,20.715296108844502
9,45,21.267495421773116
9,46,18.702663002198758
9,47,19.51179383744938
9,48,19.185111892524287
9,49,17.91429618459003
9,50,18.49019214291144
9,51,19.180446430201833
9,52,19.437221439794914
9,53,22.12754534081557
9,54,22.861575719002463
9,55,24.52132093278682
9,56,27.231488408948685
9,57,29.334207594643818
9,58,26.836911178534066
9,59,28.87917441195862
9,60,27.384788294703775
9,61,24.702240620932145
9,62,22.636489797690196
9,63,22.157723824699932
9,64,19.47590104964411
9,65,16.974316848753606
9,66,16.76990818593168
9,67,15.697563671373697
9,68,16.414946359708267
9,69,17.07355192696513
9,70,16.546510747529908
9,71,19.67850894862782
9,72,18.785373725908848
9,73,18.898727464585352
9,74,16.177741976631506
9,75,13.065501811239566
9,76,12.857569864138018
9,77,11.476263743222276
9,78,11.235546917874778
9,79,12.157034358717016
9,80,13.977639989689523
9,81,16.853191052429477
9,82,18.394507302540053
9,83,16.21892613083265
9,84,18.522177353715442
9,85,19.192729508403165
9,86,19.17478469285156
9,87,15.973305325818847
9,88,14.187640867726097
9,89,13.42188554146871
9,90,11.870487059548791
9,91,10.458826289318214
9,92,10.455601124804517
9,93,12.108775851583927
9,94,15.388669558145974
9,95,17.738562109960135
9,96,21.367169557211596
9,97,24.42909947263415
9,98,27.330387535527265
9,99,30.073687730895507
9,100,29.953561658962858
9,101,29.160347786149384
9,102,27.686904574024098
9,103,24.93621922641142
9,104,21.330343742005923
9,105,18.55079327763768
9,106,15.347478815709731
9,107,11.833608796930259
9,108,10.490975467103961
9,109,9.673154623057403
9,110,6.906785225334448
9,111,8.263741450278909
9,112,9.104546385129167
9,113,11.881121061822281
10,1,25.306760285863845
10,2,22.300603799066327
10,3,18.683036301716818
10,4,15.686701712282087
10,5,13.567601967914664
10,6,10.16155727484036
10,7,7.387965731729057
10,8,5.227585077928791
10,9,3.8124604609693167
10,11,3.800264520534757
10,12,6.734500026840361
10,13,10.189798312134267
10,14,13.58399918321021
10,15,16.943995181570372
10,16,19.537875207985877
10,17,20.864541446859626
10,18,17.996915088438083
10,19,16.30500291086217
10,20,12.643869239010394
10,21,11.786804800631035
10,22,9.061617177210149
10,23,10.192466528532016
10,24,11.391990688674273
10,25,13.335849579629517
10,26,16.40538307100636
10,27,19.1935809507554
10,28,22.340173902723933
10,29,25.842456725611804
10,30,25.97831674995851
10,31,28.143327906846984
10,32,27.212945257490254
10,33,23.802840238159
10,34,22.244579598761586
10,35,18.66281872681185
10,36,17.47181668143936
10,37,14.664550527040767
10,38,14.449153018459999
10,39,13.64822266199177
10,40,14.521522720453321
10,41,18.04942448797337
10,42,19.68726651292164
10,43,21.44512594487702
10,44,18.28392743496307
10,45,19.34903318292407
10,46,17.289009992205173
10,47,18.63740009150701
10,48,19.01122463581021
10,49,18.315739070871725
10,50,19.483109718271315
10,51,20.350641283910843
10,52,21.10764100984072
10,53,23.920262408544186
10,54,24.535679667985377
10,55,25.687226784323574
10,56,28.55618492422094
10,57,30.24044412820641
10,58,27.435277944903955
10,59,29.27672122106059
10,60,27.73621691701948
10,61,25.453475409696885
10,62,23.541077749735983
10,63,23.65501147564715
10,64,20.962825038205985
10,65,18.424749998695138
10,66,18.833529468028402
10,67,17.927808017204242
10,68,19.208290966143593
10,69,19.931034982681556
10,70,19.804003565787166
10,71,22.99218777927438
10,72,21.87943849895409
10,73,21.666537530115868
10,74,18.653595671607984
10,75,15.880062182395724
10,76,15.576191342962318
10,77,14.430532675518174
10,78,13.465139656367993
10,79,14.401876315308492
10,80,15.598778555882584
10,81,18.783708197770775
10,82,19.9802185969786
10,83,17.228483981694424
10,84,18.86583675753177
10,85,18.82886040952686
10,86,18.432137602757013
10,87,15.625227605367682
10,88,13.208963391612471
10,89,11.691865670126528
10,90,9.814373021001284
10,91,9.364195577664368
10,92,9.678666888546589
10,93,12.213603695593143
10,94,15.312839373807211
10,95,18.0771517146154
10,96,21.553796932337487
10,97,24.709692858474206
10,98,27.783873241240475
10,99,30.412605865812186
10,100,29.819429642718173
10,101,29.06920247780179
10,102,27.139500222810014
10,103,24.430375739405985
10,104,20.760155969727066
10,105,17.820476354295998
10,106,14.382882270152585
10,107,10.933903676985032
10,108,8.512155932927554
10,109,7.268056701613523
10,110,4.52591470367847
10,111,6.10934095042904
10,112,8.390208092876511
10,113,11.058150149306975
11,1,28.85162264657721
11,2,25.854010282607607
11,3,22.301808942687167
11,4,19.16565795740839
11,5,16.87575941395354
11,6,13.593517460245192
11,7,10.370188303189504
11,8,7.731339728448108
11,9,5.274307563568605
11,10,3.800264520534757
11,12,3.8040931494752024
11,13,6.637597365275482
11,14,10.254961509342985
11,15,13.49862110155824
11,16,16.391460782661945
11,17,18.08525529781307
11,18,15.365647799339321
11,19,14.335629991090634
11,20,10.889093332751777
11,21,11.134474030826366
11,22,9.523290480668805
11,23,11.771768455924532
11,24,13.727945716141598
11,25,16.147533088811095
11,26,19.422984102862653
11,27,22.34356772832406
11,28,25.41610174508312
11,29,28.776061901690923
11,30,28.806819964835253
11,31,31.099394682459963
11,32,29.91172634425232
11,33,26.48453313856973
11,34,24.537770044660817
11,35,20.82637865010075
11,36,19.22719288735479
11,37,15.951791280407383
11,38,15.441223153763303
11,39,13.882187013189462
11,40,14.807428055421601
11,41,17.91360454666378
11,42,19.132902390868423
11,43,21.470434452737468
11,44,18.77197791926672
11,45,20.152902641777942
11,46,18.34887292938754
11,47,19.173101339589003
11,48,19.782847299363386
11,49,18.603903260166735
11,50,20.166983440411133
11,51,21.642542149273446
11,52,22.684713734897663
11,53,25.428991876239614
11,54,25.55126233320198
11,55,26.689920670585757
11,56,29.2137576010382
11,57,30.93745431106555
11,58,27.98628517519955
11,59,29.432088547756184
11,60,27.442610548355514
11,61,25.26520702926154
11,62,22.89918087503681
11,63,22.9860351949715
11,64,19.884347287729952
11,65,17.93790195950482
11,66,18.790726562925546
11,67,18.62079035065357
11,68,20.035414478682082
11,69,21.352056831689488
11,70,21.20732325666705
11,71,24.540797457228344
11,72,23.91880520066946
11,73,23.847704591252413
11,74,21.186797303553107
11,75,18.025954528035268
11,76,17.23337031799857
11,77,15.29293005790729
11,78,14.014422701263536
11,79,13.92651313138587
11,80,14.37696974114207
11,81,17.213157662431726
11,82,17.755244950180426
11,83,14.861914156858358
11,84,16.20707288268382
11,85,15.922748629560886
11,86,16.075534254434817
11,87,13.572668310018411
11,88,10.816722138671501
11,89,10.176066626948536
11,90,9.58370516838435
11,91,9.960358925747762
11,92,11.543229755430087
11,93,14.421785777805244
11,94,17.853766335418285
11,95,20.85451050421674
11,96,24.203426807677957
11,97,27.552298976714344
11,98,30.40290492680047
11,99,33.25827257545066
11,100,32.75368932812096
11,101,31.690518823633017
11,102,29.76820995401278
11,103,27.320116382151134
11,104,23.57105296351523
11,105,20.917474369703555
11,106,17.306546073029043
11,107,14.134371524502729
11,108,11.765919319059181
11,109,9.589249988958702
11,110,5.983174092874983
11,111,4.916836005830696
11,112,5.997822537813272
11,113,7.782869815044501
12,1,30.17884898156412
12,2,27.274686289439774
12,3,23.95448222723343
12,4,20.735738951673543
12,5,17.982258020392294
12,6,14.936302727037043
12,7,11.3332187944965
12,8,8.506340683530345
12,9,6.116323248205546
12,10,6.734500026840361
12,11,3.8040931494752024
12,13,3.8122001985338576
12,14,6.8770241033486315
12,15,10.394927367568393
12,16,13.05974973020999
12,17,14.445122745472792
12,18,11.589535499961325
12,19,10.626983556896866
12,20,7.369614309231851
12,21,8.281486757875639
12,22,7.883204440965601
12,23,10.93010742106242
12,24,13.573813732114354
12,25,16.404166013055814
12,26,19.854961750509645
12,27,22.895481479716715
12,28,25.78902309218636
12,29,28.876769336191252
12,30,28.827149635362613
12,31,31.32204517827092
12,32,29.888012058323543
12,33,26.56958790195061
12,34,24.2563316838654
12,35,20.52532386530891
12,36,18.85046566242711
12,37,15.333111527174404
12,38,15.199398469858991
12,39,13.63718635269742
12,40,15.31361141473077
12,41,18.114036066180162
12,42,19.531989528802548
12,43,22.251145397481263
12,44,19.89324538656992
12,45,20.91190856764319
12,46,18.840462574071246
12,47,18.905212256475043
12,48,19.133809526122512
12,49,17.272056950015518
12,50,18.725565910395186
12,51,20.535807225457543
12,52,21.56536944873328
12,53,24.152652655388458
12,54,23.925950244871306
12,55,25.285052237760812
12,56,27.44810988021469
12,57,29.41479048824084
12,58,26.57478043515447
12,59,27.88135288014339
12,60,25.664329168629855
12,61,23.303940595076437
12,62,20.58250818824899
12,63,20.302887535915964
12,64,16.98027849961543
12,65,15.461329282930267
12,66,16.32433584524169
12,67,16.67054931790313
12,68,18.01131831995663
12,69,19.820150657429306
12,70,19.692367310195735
12,71,23.13716368707462
12,72,23.093889816136315
12,73,23.076604666401508
12,74,20.91266735304157
12,75,17.403924365535875
12,76,16.093741728969672
12,77,13.470644444974019
12,78,12.134102737410721
12,79,11.19979528607373
12,80,11.366612234620849
12,81,13.811267710211231
12,82,14.207824725892488
12,83,11.583714164516364
12,84,13.346552559608137
12,85,13.668217435502795
12,86,14.34152694370486
12,87,11.59137651799695
12,88,9.469320052576103
12,89,10.059220580244533
12,90,10.348965427703444
12,91,10.22613072980972
12,92,12.252459224586028
12,93,14.769176294573693
12,94,18.46543781902716
12,95,21.403811889377884
12,96,24.669062675991807
12,97,28.109858225084096
12,98,30.637296057504038
12,99,33.74484748021926
12,100,33.59754501518933
12,101,32.22808465722244
12,102,30.614476816336037
12,103,28.38084427227379
12,104,24.62591512380991
12,105,22.345615375054436
12,106,18.75417657282869
12,107,15.801116613969432
12,108,14.144414311265901
12,109,11.721499589929627
12,110,7.941506831453939
12,111,6.189387939822458
12,112,4.7096888470062765
12,113,6.253857786276622
13,1,33.94605399491095
13,2,31.04790484186389
13,3,27.74514494082607
13,4,24.4796897117323
13,5,21.732777236930765
13,6,18.74180798907383
13,7,15.11079640921143
13,8,12.269196391318669
13,9,9.772427069138413
13,10,10.189798312134267
13,11,6.637597365275482
13,12,3.8122001985338576
13,14,3.8254322366676576
13,15,7.117601214225429
13,16,10.349689739761331
13,17,12.304473208000132
13,18,9.81026559811995
13,19,10.141649944228964
13,20,7.887405187825043
13,21,10.140532577517432
13,22,10.914724941172055
13,23,14.228699764461377
13,24,17.085131197774476
13,25,20.007691604567427
13,26,23.487399481372695
13,27,26.531431652965313
13,28,29.37078303685543
13,29,32.34691460437644
13,30,32.24423989588805
13,31,34.79124619784187
13,32,33.20874525531385
13,33,29.916518721458562
13,34,27.392601015797073
13,35,23.665321454122452
13,36,21.751191973083696
13,37,18.07669121880232
13,38,17.678109869058854
13,39,15.601031410477779
13,40,17.118928057407306
13,41,19.35639227764654
13,42,20.26436826033677
13,43,23.39374049108576
13,44,21.53590200853658
13,45,22.82107139943815
13,46,21.08702887752329
13,47,20.76444170113253
13,48,21.224503314823853
13,49,19.063737254319978
13,50,20.80826954014903
13,51,23.05032734797201
13,52,24.275555089040566
13,53,26.728933304243036
13,54,26.09564437226118
13,55,27.393430131533698
13,56,29.18467866715291
13,57,31.131695644714746
13,58,28.220990350700504
13,59,29.104657458417588
13,60,26.49472171701783
13,61,24.331984672411465
13,62,21.236358727016146
13,63,20.930950480191193
13,64,17.30331797450833
13,65,16.601677257903035
13,66,17.86626567626134
13,67,18.891761868397786
13,68,20.25480956396614
13,69,22.45811589156971
13,70,22.2864927376575
13,71,25.699173144846487
13,72,26.014452246035386
13,73,26.13887800915972
13,74,24.25098752756361
13,75,20.61813036085203
13,76,19.085209076102622
13,77,16.056214919488497
13,78,14.613349991608214
13,79,12.782265970799926
13,80,12.019803950943
13,81,13.677169959618151
13,82,13.048901663292918
13,83,10.457997276832625
13,84,11.66258232215289
13,85,11.650061461822471
13,86,13.231125044733503
13,87,11.18167215300842
13,88,8.981076448868626
13,89,10.775081002725647
13,90,12.266665961322767
13,91,12.843513369512726
13,92,15.447932256489889
13,93,18.086554441985
13,94,21.822490820900754
13,95,24.857976677572733
13,96,27.98549730172388
13,97,31.50731745345224
13,98,33.87027313918613
13,99,37.095279017051155
13,100,36.97969396913286
13,101,35.41449432455215
13,102,33.788755948450024
13,103,31.748841571987807
13,104,27.9818806770905
13,105,25.86803236747548
13,106,22.21479079731404
13,107,19.428510916269065
13,108,17.660128241610618
13,109,14.930289777254727
13,110,11.151335744073254
13,111,8.429940576029786
13,112,5.889986670497601
13,113,4.867112445166872
14,1,36.05809268420743
14,2,33.249826834679844
14,3,30.15329849596252
14,4,26.83177308212515
14,5,23.887729841835593
14,6,21.189020092774708
14,7,17.4600796122761
14,8,14.818362415781028
14,9,12.640941843796409
14,10,13.58399918321021
14,11,10.254961509342985
14,12,6.8770241033486315
14,13,3.8254322366676576
14,15,3.8379951331867757
14,16,6.780818143151673
14,17,8.615036129934795
14,18,6.379661640534612
14,19,7.743559969433601
14,20,6.8536245349446325
14,21,10.082889343408151
14,22,12.048643180255205
14,23,15.59638008136012
14,24,18.6362599229023
14,25,21.767069980971733
14,26,25.200298935246433
14,27,28.307636396310198
14,28,30.904659588773598
14,29,33.60432092408175
14,30,33.35531717848252
14,31,35.99916694989308
14,32,34.17468415127091
14,33,31.01099204003234
14,34,28.193961574474457
14,35,24.56188797430745
14,36,22.54342858023921
14,37,18.83073072853602
14,38,18.60283966939944
14,39,16.520224225737017
14,40,18.433799405063926
14,41,20.18661657598044
14,42,21.117177902660977
14,43,24.49639683625826
14,44,23.061930447319504
14,45,24.069295588784705
14,46,22.28170398448905
14,47,21.304721013846073
14,48,21.531457296450466
14,49,18.873638403586288
14,50,20.573206375262586
14,51,23.14736804278484
14,52,24.443361918424035
14,53,26.656150314390416
14,54,25.593495268522346
14,55,26.951091339638797
14,56,28.27775812401227
14,57,30.334506917108673
14,58,27.544041476703235
14,59,28.136102142313177
14,60,25.273139539467554
14,61,23.110035704263197
14,62,19.69703835189131
14,63,19.11217177530942
14,64,15.335664779386274
14,65,15.434097576988309
14,66,16.864202656393275
14,67,18.556046496562345
14,68,19.89796945362933
14,69,22.564086846900842
14,70,22.52325755248233
14,71,25.935034388480986
14,72,26.799748610142508
14,73,26.890776551512364
14,74,25.486823224010724
14,75,21.73278420174491
14,76,19.75947250967408
14,77,16.316638932168477
14,78,14.788824196444533
14,79,12.104415551760676
14,80,10.617303166926263
14,81,11.313155276909207
14,82,9.95584981825756
14,83,7.866874782727177
14,84,9.176632949874584
14,85,9.846419284706517
14,86,12.183373076543024
14,87,10.370376205439172
14,88,9.256908323327073
14,89,12.083990264806713
14,90,14.19357003415471
14,91,14.537282128232066
14,92,17.349166101952513
14,93,19.674872684644054
14,94,23.43287366528938
14,95,26.394600787996822
14,96,29.320685178503545
14,97,32.879882313362266
14,98,34.90788427622878
14,99,38.31656240220399
14,100,38.45448721738603
14,101,36.60380792691089
14,102,35.209918002992254
14,103,33.433050637099136
14,104,29.71983093625754
14,105,27.969155222978333
14,106,24.380487434740566
14,107,21.87663418330588
14,108,20.54012634401627
14,109,17.666868190801267
14,110,14.001754939479019
14,111,11.205905702517422
14,112,7.823672754020435
14,113,6.23641807068701
15,1,39.21553610487597
15,2,36.407370912054894
15,3,33.36483538620524
15,4,29.919853908042974
15,5,27.079789844510046
15,6,24.578769171809142
15,7,20.793750676261567
15,8,18.4100267551998
15,9,16.323905136290783
15,10,16.943995181570372
15,11,13.49862110155824
15,12,10.394927367568393
15,13,7.117601214225429
15,14,3.8379951331867757
15,16,3.8503056649450267
15,17,6.911774936444804
15,18,6.491915946703669
15,19,9.174842603946542
15,20,9.375779977256128
15,21,13.027532173126698
15,22,15.286143872242102
15,23,18.955734923004062
15,24,21.843081758134336
15,25,25.14905173106235
15,26,28.452225582655164
15,27,31.67852635524837
15,28,34.09999702124941
15,29,36.690882891762726
15,30,36.20563965987382
15,31,38.80996032203234
15,32,36.74812592865068
15,33,33.588439988490315
15,34,30.553033116599547
15,35,26.978495319254073
15,36,24.648274461656285
15,37,20.906068444547522
15,38,20.325254686633286
15,39,17.871727363133363
15,40,19.5744280431556
15,41,20.65540299828994
15,42,21.143491557735103
15,43,24.770403647643146
15,44,23.910697795975917
15,45,25.019878863152016
15,46,23.594994495109496
15,47,22.2346608443722
15,48,22.716133289916797
15,49,19.962556200651758
15,50,21.989506577515233
15,51,24.95300711947678
15,52,26.574847551760172
15,53,28.634513734306275
15,54,27.119141061284697
15,55,28.20218169749795
15,56,29.142257643940194
15,57,30.999616091910337
15,58,28.136513494524927
15,59,28.216947583408192
15,60,25.022464361733253
15,61,23.241842323681297
15,62,19.64849455107199
15,63,19.281477228363773
15,64,15.486957190240176
15,65,16.40293662317233
15,66,18.357424880652868
15,67,20.63866046699695
15,68,22.231559527067777
15,69,25.2301673407804
15,70,25.453297918709875
15,71,28.88910511887802
15,72,30.03503557580376
15,73,29.97498167238573
15,74,28.76831559833526
15,75,25.017997542002913
15,76,22.736775649931648
15,77,19.17393493541671
15,78,17.3180005581292
15,79,14.224739771071256
15,80,11.85609326417441
15,81,11.79282757221181
15,82,9.264871339299772
15,83,7.374086457532539
15,84,7.33761746882316
15,85,7.636507720743665
15,86,10.835362607039032
15,87,10.114430345098256
15,88,9.532247949007907
15,89,13.034619601511295
15,90,15.878431058945257
15,91,16.66743635554776
15,92,19.855742411427357
15,93,22.272599882937126
15,94,25.964604791392034
15,95,29.047443275134302
15,96,31.71936376865764
15,97,35.35847142534224
15,98,37.16296746111223
15,99,40.681914281250805
15,100,40.8007238157066
15,101,38.695384992548654
