1,2,3.775927929522959
1,3,6.0313472491609845
1,4,9.757005908783263
1,5,12.097907161122471
1,6,15.874087523430726
1,7,18.294773991815443
1,8,20.82445939032566
1,9,20.40553468621499
1,10,24.202508077001372
1,11,26.605809875003448
1,12,30.360219836235007
1,13,32.21829521001966
1,14,35.85448771654186
1,15,37.992990863856285
1,16,38.64972394918265
1,17,36.2047775614815
1,18,33.43493807129839
1,19,29.96184864244859
1,20,26.500145469322696
1,21,23.22529627601563
1,22,20.335249009620714
1,23,16.757364027042335
1,24,14.286499693090532
1,25,11.43659786581057
1,26,9.961061107052315
1,27,12.788925984026111
1,28,13.70326504931286
1,29,17.392605766053542
1,30,19.033325464822987
1,31,17.94675584321318
1,32,18.483221454856263
1,33,20.259520571127407
1,34,20.628055222508944
1,35,16.93030112838762
1,36,16.717655007768407
1,37,17.220513118508638
1,38,18.02936528440317
1,39,19.475299984381937
1,40,21.309664499318014
1,41,22.827778524547327
1,42,24.896231322326884
1,43,25.832174220135595
1,44,27.75007711512945
1,45,28.36843424351799
1,46,26.508144579221277
1,47,26.65634845875174
1,48,24.691347696784828
1,49,23.462106073851462
1,50,22.27003589519189
1,51,21.785744027869224
1,52,22.904917252929035
1,53,24.25390953312269
1,54,26.633139030881182
1,55,27.22879639736873
1,56,28.54747922808278
1,57,31.089511965751665
1,58,32.60212183274241
1,59,29.980017255161034
1,60,29.97166468323249
1,61,31.879525992645785
1,62,35.34725880170359
1,63,34.97296959730553
1,64,32.91115841309909
1,65,35.58681399940173
1,66,35.470134080078054
1,67,33.86253889946446
1,68,30.061346278437764
1,69,28.375038584019993
1,70,24.928518012806233
1,71,25.258815869750666
1,72,24.548314459897693
1,73,25.08392030546476
1,74,22.24336018956112
1,75,19.77414305631326
1,76,20.057528849845962
1,77,18.709041974489534
1,78,15.548538340594803
1,79,17.679337785105325
1,80,18.573307174848278
1,81,21.423371191091753
1,82,24.12193034737243
1,83,27.72654124194629
1,84,30.172502374815075
1,85,33.68696675899972
1,86,36.48126292131053
1,87,34.532668408272016
1,88,36.61282656584682
1,89,36.660678051530056
1,90,34.99084476953333
1,91,31.859900655781843
1,92,31.078102808236252
1,93,28.504261579041344
1,94,24.808305668316923
1,95,22.797441304878173
1,96,19.496921048753443
1,97,17.261231766569054
1,98,15.154950222074362
1,99,13.506045957626393
1,100,12.48205921282277
1,101,11.976151970690363
1,102,10.361869313226427
1,103,8.32275908204867
1,104,9.477724931507133
1,105,9.6185096891184
1,106,12.822008473320473
1,107,14.698074332354114
1,108,18.279913523117635
1,109,21.016497517376045
1,110,24.50293072897653
1,111,27.409356887652816
1,112,30.857693515623083
1,113,33.81079327262501
1,114,36.81776781222485
1,115,40.35855197609445
1,116,43.08595198360054
2,1,3.775927929522959
2,3,3.789229060395659
2,4,6.872560212022751
2,5,9.918293970188817
2,6,13.625448651131114
2,7,16.38586828407253
2,8,18.889287968284894
2,9,18.53633049240983
2,10,22.254985053059787
2,11,24.321122539596644
2,12,28.091384622661128
2,13,29.6316061789505
2,14,33.19682689583237
2,15,35.13672377389902
2,16,35.57282073494111
2,17,33.16191434140822
2,18,30.257297528431568
2,19,26.89483568659792
2,20,23.382645463012157
2,21,20.199546174886503
2,22,17.35817657793523
2,23,13.663160751359795
2,24,11.339232553885752
2,25,8.204779163253102
2,26,7.349472571514589
2,27,10.30287717461392
2,28,12.079100189481004
2,29,15.67294539188874
2,30,16.718833102291487
2,31,15.08463290153143
2,32,15.605345724738761
2,33,16.97393892140356
2,34,17.46937835432492
2,35,13.837308862290508
2,36,13.187031867627434
2,37,13.582563600487529
2,38,14.294409399891999
2,39,15.920672970808893
2,40,17.85444451914139
2,41,19.645667753251917
2,42,21.948315420809593
2,43,23.187722670213994
2,44,25.012283586593135
2,45,25.296753064801994
2,46,23.206656061360793
2,47,23.174774040027575
2,48,21.051204644865706
2,49,19.837519520665975
2,50,18.557089461525646
2,51,18.22302817503855
2,52,19.4640046263402
2,53,20.64996447433373
2,54,22.959810204447525
2,55,23.500612900198327
2,56,24.921098947503346
2,57,27.437892456342542
2,58,29.08162332913576
2,59,26.55981548774354
2,60,26.45759206086217
2,61,28.49810290301767
2,62,31.90372775774967
2,63,31.60860516694719
2,64,29.41322467381669
2,65,31.981897603923613
2,66,31.793469775254742
2,67,30.28961600594297
2,68,26.4855351052957
2,69,24.711200348417986
2,70,21.24729419868858
2,71,21.68234473031382
2,72,20.956028023212664
2,73,21.727222621156272
2,74,18.998135221088262
2,75,16.35697875734298
2,76,16.970008279969246
2,77,15.89349904960765
2,78,12.48785535136362
2,79,14.485698025548157
2,80,15.042368734756069
2,81,18.010757207502206
2,82,20.647823573987512
2,83,24.302190814227533
2,84,26.791869851307982
2,85,30.297059769632394
2,86,33.20249157346292
2,87,31.409338280456115
2,88,33.57229945242848
2,89,33.855667087833005
2,90,32.126312091001616
2,91,28.9095942517771
2,92,28.43989389753484
2,93,26.02263136951039
2,94,22.390104553423605
2,95,20.0044052330678
2,96,16.647168128331913
2,97,14.037815773298723
2,98,11.813000172387047
2,99,9.829433296948693
2,100,8.941600416154943
2,101,8.570793763372697
2,102,7.762113532807019
2,103,5.728284842309706
2,104,6.333496753384973
2,105,6.716102925219094
2,106,10.036655662595566
2,107,12.271132896785389
2,108,16.019556400129904
2,109,18.641591200926435
2,110,22.289793875247934
2,111,24.947977383572333
2,112,28.53714865923226
2,113,31.278333876583783
2,114,34.44514122495724
2,115,37.881617285857885
2,116,40.538970775964806
3,1,6.0313472491609845
3,2,3.789229060395659
3,4,3.786647479583504
3,5,6.358121554482609
3,6,10.067388980851467
3,7,12.898386494281112
3,8,15.225444154587706
3,9,14.814933462858091
3,10,18.563839372100656
3,11,20.75126028953546
3,12,24.519730687972448
3,13,26.24509747476179
3,14,29.861256821673724
3,15,31.96943462612203
3,16,32.631256882234204
3,17,30.205879531319056
3,18,27.501168484323976
3,19,23.987858871796373
3,20,20.59134189734257
3,21,17.23470260141
3,22,14.480038459500992
3,23,10.908130096033764
3,24,8.938216057548198
3,25,6.826808779684693
3,26,7.352974605386503
3,27,11.011148985186624
3,28,13.3711963122998
3,29,16.997725189009547
3,30,17.992151773765244
3,31,16.17074891830014
3,32,17.26562081127681
3,33,18.120722893634287
3,34,19.09257009423679
3,35,15.718126307892895
3,36,14.175235103764928
3,37,14.05089706764206
3,38,13.726529413678023
3,39,14.87198152544712
3,40,16.058433916253545
3,41,17.74949960135486
3,42,19.58143035507627
3,43,20.956089594930383
3,44,23.222612331999933
3,45,23.49737380191973
3,46,21.726121757387745
3,47,21.48387193482762
3,48,19.780441530556626
3,49,19.21891678597481
3,50,18.36563292177253
3,51,18.81497258188895
3,52,20.509813415757403
3,53,21.16022753167474
3,54,23.173857471446208
3,55,23.198918841653633
3,56,24.69027096072024
3,57,26.775592717969108
3,58,28.584801669114334
3,59,25.868760017567176
3,60,25.299688637794993
3,61,26.974354623596813
3,62,30.295302144698272
3,63,29.592487420699584
3,64,27.480816550951836
3,65,30.304367353841148
3,66,30.155881496216363
3,67,28.27494291007865
3,68,24.49671770378705
3,69,23.012104746549323
3,70,19.719426436980342
3,71,20.18082503175221
3,72,20.089275984392273
3,73,20.873653261316004
3,74,17.766554768453513
3,75,15.665952857532105
3,76,16.837946382939943
3,77,15.193829279107575
3,78,11.65132317570271
3,79,12.799362026302628
3,80,13.384986286012962
3,81,15.818781577582586
3,82,18.41225557414118
3,83,21.963112379190246
3,84,24.31697518798496
3,85,27.836382714774054
3,86,30.538434185654246
3,87,28.544958768457022
3,88,30.677871980032062
3,89,30.79717265759348
3,90,29.275337104972504
3,91,26.035672224116606
3,92,25.29509202488161
3,93,22.93758463703295
3,94,19.34421385277695
3,95,17.163581326902268
3,96,14.094972681660105
3,97,11.754097978315666
3,98,10.425163234159834
3,99,9.265279568270486
3,100,9.884232224216088
3,101,10.182108884439401
3,102,10.600853087390444
3,103,8.53177029178936
3,104,7.429140126538057
3,105,5.761638625439339
3,106,7.889091940624199
3,107,9.188319516554289
3,108,12.80810709545173
3,109,15.240294924000203
3,110,18.84899351192076
3,111,21.555141238195443
3,112,25.060910996395776
3,113,27.89462685685325
3,114,30.952961744284174
3,115,34.45910041297156
3,116,37.13580243235075
4,1,9.757005908783263
4,2,6.872560212022751
4,3,3.786647479583504
4,5,3.8042841352540875
4,6,7.031362352446549
4,7,10.268604025492214
4,8,12.39774239943826
4,9,12.116285602602565
4,10,15.704469662504499
4,11,17.51953774893667
4,12,21.284387616572634
4,13,22.75935216432957
4,14,26.332879680704476
4,15,28.345695538033855
4,16,28.900088975912755
4,17,26.474710652758382
4,18,23.736978236722393
4,19,20.247068068571497
4,20,16.85178362514422
4,21,13.495822107936407
4,22,10.831885757760922
4,23,7.206842765911102
4,24,5.892548579014565
4,25,4.837461493582047
4,26,7.300924956076206
4,27,10.77768742596042
4,28,13.87260129487259
4,29,17.144522147249262
4,30,17.58314455457343
4,31,15.322511912447098
4,32,16.690867725950937
4,33,16.860305878087885
4,34,18.209901475541177
4,35,15.26405319807892
4,36,12.898429859148566
4,37,12.378960450214416
4,38,11.179922588284438
4,39,12.172853008371487
4,40,12.8417381404194
4,41,14.819470586726144
4,42,16.562665201678552
4,43,18.39612368766759
4,44,20.813556502321884
4,45,20.687182347943278
4,46,18.879128015194997
4,47,18.24719223365076
4,48,16.653252106680803
4,49,16.597336554346835
4,50,15.92256574760779
4,51,17.028440005534936
4,52,19.01014198738061
4,53,19.12745608551844
4,54,20.864409817641214
4,55,20.53447353446062
4,56,22.18635294860447
4,57,23.950662326899987
4,58,25.99886579078044
4,59,23.325541588652936
4,60,22.355699099943006
4,61,23.938042477396273
4,62,27.104971445503107
4,63,26.228358969185074
4,64,24.007143587507496
4,65,26.85743087683473
4,66,26.624745428232067
4,67,24.616379718408812
4,68,20.85701372550615
4,69,19.4434686025605
4,70,16.253445808528024
4,71,16.80175592144704
4,72,17.126703684900775
4,73,18.12022138314671
4,74,14.94190943126065
4,75,13.12704600996387
4,76,14.961432026701456
4,77,13.294574471224404
4,78,9.653749129266053
4,79,9.858364723741268
4,80,10.044738585812425
4,81,12.16083543496135
4,82,14.680710141390039
4,83,18.203402935896417
4,84,20.549158349840706
4,85,24.055644425357613
4,86,26.76454598984186
4,87,24.831391897373145
4,88,27.063924009432952
4,89,27.35333074277544
4,90,25.924545853152793
4,91,22.56517181664767
4,92,22.005201578183883
4,93,19.908455510769297
4,94,16.4701664635775
4,95,13.988890335798608
4,96,11.163524547294005
4,97,8.537915684740991
4,98,8.028642698270515
4,99,7.238615933839448
4,100,9.186084076092595
4,101,9.937701111155661
4,102,11.628668573060034
4,103,10.012012736262497
4,104,7.887879629053845
4,105,5.536308295709662
4,106,5.979748236224017
4,107,6.651517330269549
4,108,10.175272435809488
4,109,12.1613379013845
4,110,15.90188042105037
4,111,18.290034034674406
4,112,21.87986881884003
4,113,24.514105843129673
4,114,27.66034916323504
4,115,31.09684686017324
4,116,33.69043712062723
5,1,12.097907161122471
5,2,9.918293970188817
5,3,6.358121554482609
5,4,3.8042841352540875
5,6,3.8064305049535805
5,7,6.636203457496515
5,8,9.000968119160198
5,9,9.28842131753574
5,10,12.911709120184328
5,11,14.791210027310367
5,12,18.541255641261447
5,13,20.29884070520879
5,14,23.991637172740194
5,15,26.366808891209
5,16,27.17363502939036
5,17,24.55759365585986
5,18,22.072572544450946
5,19,18.422832076801726
5,20,15.162387110325652
5,21,11.801839432519285
5,22,9.00700239856472
5,23,6.157551181872618
5,24,5.165472316410245
5,25,6.402898945272066
5,26,8.892752696874203
5,27,12.308973749915461
5,28,15.239723689230717
5,29,18.409231802786703
5,30,19.11511303653968
5,31,17.18079601344327
5,32,19.15489558179252
5,33,19.255227628634394
5,34,21.086646094037295
5,35,18.42856916491772
5,36,15.78733686910863
5,37,15.337345599269067
5,38,13.51080356756817
5,39,14.209834458344071
5,40,13.910351178112734
5,41,15.82161518442434
5,42,16.824954427686542
5,43,18.885232982545073
5,44,21.781525873465934
5,45,21.548761385151437
5,46,20.11841056656297
5,47,19.072136436898063
5,48,17.92837941089306
5,49,18.61738097175342
5,50,18.148097320098532
5,51,19.777949987133603
5,52,21.767707356245975
5,53,21.34981199127822
5,54,22.981572838086482
5,55,22.374956623825575
5,56,24.22811101000255
5,57,25.547910610041704
5,58,27.829414359286684
5,59,25.149537298550094
5,60,23.663149421667
5,61,24.860842282080625
5,62,27.77270005152035
5,63,26.3932910307581
5,64,24.191859435312686
5,65,27.205044650362044
5,66,26.81747629126374
5,67,24.384766062842917
5,68,20.7725180566241
5,69,19.568852257389747
5,70,16.622351852089572
5,71,16.770923286459293
5,72,17.69449694127395
5,73,18.266384030951198
5,74,14.719365014892034
5,75,13.86255850786251
5,76,15.758264666957738
5,77,13.34568704842163
5,78,10.21402810178085
5,79,9.562642048283935
5,80,10.410666962008579
5,81,11.620720850716246
5,82,14.262255137087246
5,83,17.362539030348522
5,84,19.682414024395598
5,85,23.01204702147093
5,86,25.48295954344476
5,87,23.429636688979024
5,88,25.76716058941627
5,89,25.92724985417756
5,90,24.972500213370925
5,91,21.546366720812294
5,92,20.601178832521157
5,93,18.81084018280741
5,94,15.626424365349855
5,95,13.55618966953092
5,96,11.589210325282021
5,97,9.565800174534198
5,98,10.464913636629381
5,99,10.313421955842163
5,100,12.74138938757536
5,101,13.261990325261491
5,102,15.116716810627427
5,103,13.738194486626158
5,104,11.671241362473033
5,105,8.959193723803175
5,106,8.204752955874358
5,107,6.912336368042045
5,108,9.464773211989769
5,109,10.531301319802768
5,110,14.086269735386315
5,111,16.34207822731893
5,112,19.69610350057287
5,113,22.381912924456657
5,114,25.249800231688443
5,115,28.822201534323444
5,116,31.30504094708892
6,1,15.874087523430726
6,2,13.625448651131114
6,3,10.067388980851467
6,4,7.031362352446549
6,5,3.8064305049535805
6,7,3.8281177423137884
6,8,5.408268816103235
6,9,6.144653410068151
6,10,9.456811174100698
6,11,11.042783930925872
6,12,14.776983919355288
6,13,16.54613211708967
6,14,20.26123659831365
6,15,22.75781790246732
6,16,23.708365626177617
6,17,21.075760210926386
6,18,18.825669092463716
6,19,15.090082232406568
6,20,12.094391137025344
6,21,8.704349111993118
6,22,6.391547164777451
6,23,4.983005583962297
6,24,6.023922885081573
6,25,8.850920278369243
6,26,11.849595689242102
6,27,14.806352367679311
6,28,17.89681579789961
6,29,20.69702704125507
6,30,21.09127913874442
6,31,19.029190507768217
6,32,21.19885094976813
6,33,20.779976658539795
6,34,22.85772582353936
6,35,20.624112473044303
6,36,17.540373914399485
6,37,16.742135652225492
6,38,14.170070380869165
6,39,14.336566704366819
6,40,13.04074752035075
6,41,14.822115914481563
6,42,15.146505103081628
6,43,17.5270033595838
6,44,20.71181084661319
6,45,20.21069996850102
6,46,19.124130321812267
6,47,17.68546351053914
6,48,17.08559828414305
6,49,18.537733876422543
6,50,18.485858969473714
6,51,20.753069987985366
6,52,22.964924768497884
6,53,22.037066191980582
6,54,23.252705564954745
6,55,22.16837917458894
6,56,24.056012756618934
6,57,24.829005245326677
6,58,27.265434733503533
6,59,24.609936529536682
6,60,22.616374787590196
6,61,23.405321726286797
6,62,26.0175087402549
6,63,24.215706419404913
6,64,22.08308723733052
6,65,25.21760775427943
6,66,24.799848981232596
6,67,22.017808301243114
6,68,18.611950699965778
6,69,17.800150339495538
6,70,15.336705498223726
6,71,15.493038940067313
6,72,17.18718550153382
6,73,17.81076804160242
6,74,14.252069048843953
6,75,14.216534580988284
6,76,16.60387619232055
6,77,14.092801967509269
6,78,11.478586910260256
6,79,9.548107919187931
6,80,10.05520221167138
6,81,9.96903689449133
6,82,12.197905762780477
6,83,14.838582933729452
6,84,16.908502047464786
6,85,20.102285103060957
6,86,22.311753638135674
6,87,20.14598118093531
6,88,22.516057294284426
6,89,22.647914392197862
6,90,22.031828598692947
6,91,18.565620772762337
6,92,17.478395996192255
6,93,16.092119374408497
6,94,13.318808622936238
6,95,11.468780453243893
6,96,10.531004856460617
6,97,9.170849329993453
6,98,11.374753179999505
6,99,11.984087282123966
6,100,15.056435876156115
6,101,15.874860647032177
6,102,18.22191989636811
6,103,16.96046851894956
6,104,14.487264702855494
6,105,11.547621732328407
6,106,9.608866626251736
6,107,7.04746650062928
6,108,8.087479174049607
6,109,7.814504224448162
6,110,11.12660906148139
6,111,12.976133925581717
6,112,16.205378118064395
6,113,18.782704622358636
6,114,21.56015976658264
6,115,25.14530118174035
6,116,27.558012489239616
7,1,18.294773991815443
7,2,16.38586828407253
7,3,12.898386494281112
7,4,10.268604025492214
7,5,6.636203457496515
7,6,3.8281177423137884
7,8,3.841303772264701
7,9,6.731796122668552
7,10,9.189088760905427
7,11,10.27420792121648
7,12,13.682409516660304
7,13,15.571162766325985
7,14,19.313309958712672
7,15,22.20199223406539
7,16,23.24285432466374
7,17,20.28819711337958
7,18,18.283412166143624
7,19,14.626878814516042
7,20,11.896690990896069
7,21,9.260802799415101
7,22,6.947356319797386
7,23,7.251953250911604
7,24,7.775667228403156
7,25,11.104532810880176
7,26,13.559699956975544
7,27,16.162243867791066
7,28,18.877254819908725
7,29,21.424743975367953
7,30,22.08499328571587
7,31,20.488533961111855
7,32,23.134886912970746
7,33,22.85568066899951
7,34,25.334071745955683
7,35,23.320094553170655
7,36,20.24248060625233
7,37,19.83542141142827
7,38,17.23648948620313
7,39,17.616051876471186
7,40,16.00831571005052
7,41,17.887326588486772
7,42,17.815267947260857
7,43,20.36455227863962
7,44,23.692924359456843
7,45,22.98064760908865
7,46,22.029735379251324
7,47,20.185581045923488
7,48,19.705501848602747
7,49,21.51588477656413
7,50,21.294519008796122
7,51,23.683136715664183
7,52,25.624840204185702
7,53,24.310189280585295
7,54,25.63921462133714
7,55,24.612639274244188
7,56,26.784850647450984
7,57,27.32319600778997
7,58,30.00227709455298
7,59,27.539106612888038
7,60,25.225648831240438
7,61,25.864002812927296
7,62,28.131011629250647
7,63,26.00912995583228
7,64,23.791816176816777
7,65,26.82476164252678
7,66,26.0633282154369
7,67,23.06389752230602
7,68,19.951145765327624
7,69,19.104225323474083
7,70,16.85638408263811
7,71,16.31401067462175
7,72,18.22808312640177
7,73,18.183537434568297
7,74,14.510368947107663
7,75,15.371072990493525
7,76,17.396132032931572
7,77,14.360946419917495
7,78,12.590134372259573
7,79,10.456754127263228
7,80,11.82534179315027
7,81,11.173822629744743
7,82,13.539463136098854
7,83,15.42420330261754
7,84,17.590466175668684
7,85,20.305349981151284
7,86,22.31865024762375
7,87,20.322674642171798
7,88,22.91466589909775
7,89,23.105462966553482
7,90,23.111827379184497
7,91,19.641406699876754
7,92,18.363463258004717
7,93,17.5897166634397
7,94,15.390946300161879
7,95,13.958116763497705
7,96,13.778140423868035
7,97,12.636885900669254
7,98,15.06024745571014
7,99,15.418793919023395
7,100,18.371983047297515
7,101,18.71403848627771
7,102,21.051085619103596
7,103,20.13587033193932
7,104,17.98403576321039
7,105,15.206674206057679
7,106,13.434617461091598
7,107,10.733487708540567
7,108,11.099315806872585
7,109,9.800925600014507
7,110,12.317448014216579
7,111,13.512485085996857
7,112,16.17365408460536
7,113,18.495349149055148
7,114,20.789386372372263
7,115,24.42938196311239
7,116,26.498016675811837
8,1,20.82445939032566
8,2,18.889287968284894
8,3,15.225444154587706
8,4,12.39774239943826
8,5,9.000968119160198
8,6,5.408268816103235
8,7,3.841303772264701
8,9,3.815284147409382
8,10,5.405962704385572
8,11,6.752686740948572
8,12,10.197044064940146
8,13,12.531956328735731
8,14,16.278471986828546
8,15,19.28046372156393
8,16,20.768589923665722
8,17,18.123073171210578
8,18,16.656723049694936
8,19,12.929052828418609
8,20,10.964420632672793
8,21,8.275495760820455
8,22,7.6230122190668395
8,23,8.802335469763703
8,24,10.621071161622789
8,25,13.9768276037013
8,26,16.85168173892266
8,27,19.528674370230018
8,28,22.4536224398413
8,29,24.979173618814514
8,30,25.371141327580037
8,31,23.47048779126486
8,32,25.894628923615944
8,33,25.20253079180158
8,34,27.50520864816764
8,35,25.593215244989374
8,36,22.29580875482551
8,37,21.308290002588212
8,38,18.27197314525311
8,39,17.873925153440194
8,40,15.595937011000165
8,41,16.828791964460606
8,42,15.976741489614742
8,43,18.364150996655756
8,44,21.901395745521118
8,45,21.307808502231214
8,46,20.938056116073934
8,47,19.19149208279143
8,48,19.444898623058297
8,49,21.689084356246774
8,50,22.10760781336519
8,51,24.87817347328113
8,52,27.21537829544817
8,53,25.830612784735884
8,54,26.63995724724262
8,55,25.084246990942372
8,56,26.92722675891779
8,57,27.00628736134144
8,58,29.517435506474413
8,59,26.898605325373786
8,60,24.35042709509617
8,61,24.432690597987975
8,62,26.536432264039195
8,63,24.057111444941
8,64,22.24230488171006
8,65,25.504955299694558
8,66,25.082797727449
8,67,21.782550032459728
8,68,18.943476123662972
8,69,18.83045727428388
8,70,17.241438465785766
8,71,17.227669787970875
8,72,19.732998367355425
8,73,20.12997749817572
8,74,16.702453149768026
8,75,17.707860130578432
8,76,20.206128391608974
8,77,17.473612525808814
8,78,15.650065758165171
8,79,13.005955876786093
8,80,13.484442441223038
8,81,11.931828096604054
8,82,13.285180462238595
8,83,14.732603424937611
8,84,16.137450668878433
8,85,18.804165148705867
8,86,20.27807193661705
8,87,17.85537711878396
8,88,20.10010874990435
8,89,19.89829666182185
8,90,20.08879663446488
8,91,16.83196048521008
8,92,15.114966051389805
8,93,14.470544593411494
8,94,12.680656805274452
8,95,11.962204994238041
8,96,12.682698882255089
8,97,12.581599827366633
8,98,15.631776066047925
8,99,16.839475123659465
8,100,20.171495468060478
8,101,21.106042771964376
8,102,23.59609239072572
8,103,22.329799374809273
8,104,19.69441397142414
8,105,16.539584052959086
8,106,14.005119191148676
8,107,10.640697144579221
8,108,9.659601468561187
8,109,7.3957727204178285
8,110,9.062741092206672
8,111,10.121260023212985
8,112,12.51987104974408
8,113,15.048437656122266
8,114,17.25423494104749
8,115,20.963829617645352
8,116,23.239233975475784
9,1,20.40553468621499
9,2,18.53633049240983
9,3,14.814933462858091
9,4,12.116285602602565
9,5,9.28842131753574
9,6,6.144653410068151
9,7,6.731796122668552
9,8,3.815284147409382
9,10,3.8052581072644576
9,11,6.8220294763710765
9,12,10.326434025700346
9,13,13.012038082414222
9,14,16.610328914050527
9,15,19.35001718875923
9,16,21.163343696762777
9,17,19.070380565558278
9,18,17.827874208360576
9,19,14.085699071433911
9,20,12.430740348565308
9,21,9.209196658177664
9,22,9.338547166330617
9,23,9.71237781849333
9,24,11.985017935370697
9,25,14.805231281924655
9,26,17.911145266854724
9,27,20.925450463952732
9,28,24.037257348164736
9,29,26.820602365857216
9,30,27.094748404578766
9,31,24.85879954012854
9,32,26.84783595865603
9,33,26.004170308298715
9,34,27.8660836942992
9,35,25.751404723383708
9,36,22.481406172578062
9,37,20.93776768057267
9,38,17.83395662336564
9,39,16.747421984129243
9,40,14.381845037146704
9,41,14.83237217406362
9,42,13.605844067400186
9,43,15.445248346559303
9,44,19.115380171050848
9,45,19.04402039295972
9,46,19.114899006910125
9,47,17.973022418411098
9,48,18.668321976303876
9,49,20.781643424059514
9,50,21.742174432698548
9,51,24.514078793561463
9,52,27.248481723635923
9,53,26.230806030737188
9,54,26.717825965873104
9,55,24.863475259952605
9,56,26.208210221283274
9,57,26.241192157397823
9,58,28.354240580412974
9,59,25.40794724908395
9,60,23.066835717335167
9,61,22.84040770315601
9,62,25.190515036799365
9,63,22.741233838248576
9,64,21.390086339485087
9,65,24.923471228091945
9,66,25.07544983713128
9,67,21.787537769625033
9,68,18.903808393545813
9,69,19.295371971979826
9,70,17.905938005674358
9,71,18.665185993462487
9,72,21.195140533604473
9,73,22.181783257530547
9,74,18.887488923001584
9,75,19.317738204284055
9,76,22.113824506850136
9,77,19.730320609515335
9,78,17.355507384560195
9,79,14.849061997524547
9,80,14.559463525005192
9,81,13.119368388613882
9,82,13.828760774311329
9,83,15.617003322513773
9,84,16.415079487440426
9,85,19.42321424408065
9,86,20.643813525967374
9,87,17.738267498813386
9,88,19.397242650906875
9,89,18.662624636221867
9,90,18.37963685511049
9,91,15.405134433826413
9,92,13.277151327048738
9,93,11.850793128774383
9,94,9.638193356509296
9,95,9.546386910053402
9,96,10.29825131862854
9,97,11.136035602390388
9,98,14.222930585777794
9,99,16.17316756879686
9,100,19.606933476982583
9,101,21.161549953407068
9,102,23.512183864117006
9,103,21.71171077631285
9,104,18.695968634752127
9,105,15.196511486773751
9,106,12.212255127203829
9,107,8.47726818000893
9,108,6.5993939086614875
9,109,4.570933531152584
9,110,6.174133083803097
9,111,8.464946080081539
9,112,11.141083760539722
9,113,14.30271082467897
9,114,16.765904861518834
9,115,20.477602308743467
9,116,23.25337059283756
10,1,24.202508077001372
10,2,22.254985053059787
10,3,18.563839372100656
10,4,15.704469662504499
10,5,12.911709120184328
10,6,9.456811174100698
10,7,9.189088760905427
10,8,5.405962704385572
10,9,3.8052581072644576
10,11,3.8033968685045294
10,12,6.781169076058116
10,13,9.858820733014303
10,14,13.295573549315174
10,15,16.197108907789545
10,16,18.405430479584062
10,17,16.558203504991067
10,18,15.978520197676332
10,19,12.481448231273133
10,20,11.852092200972127
10,21,9.416578924120268
10,22,10.764488292560339
10,23,12.201929000340934
10,24,14.919476348044627
10,25,18.03644849701905
10,26,21.272765417655933
10,27,24.054283020244586
10,28,27.220174344126587
10,29,29.7783621703847
10,30,29.853180105705764
10,31,27.563980956222
10,32,29.60593473690546
10,33,28.450974503294873
10,34,30.402509021241716
10,35,28.585814400852072
10,36,25.136776459895756
10,37,23.42106054661726
10,38,20.026843833968577
10,39,18.600744412030807
10,40,15.662519391601938
10,41,15.74834365252098
10,42,13.74589891199125
10,43,15.593640728760022
10,44,19.300026412596395
10,45,19.032012814155905
10,46,19.601086986689165
10,47,18.251652127472703
10,48,19.548448718219326
10,49,22.165013708610267
10,50,23.4579611062921
10,51,26.565168052514334
10,52,29.39207681998582
10,53,28.068675582745684
10,54,28.18608110011171
10,55,25.981563956183784
10,56,27.230727496419146
10,57,26.737867773861186
10,58,28.85203194551488
10,59,26.012959781071146
10,60,23.309491067132857
10,61,22.564890014477772
10,62,24.466799998667703
10,63,21.58672499086541
10,64,20.541564136269535
10,65,24.08832486049515
10,66,24.31782704282306
10,67,20.766621482404336
10,68,18.395567837550804
10,69,19.359657530094022
10,70,18.675441307178474
10,71,19.485354435163057
10,72,22.479808286154835
10,73,23.504926934670223
10,74,20.461497551793475
10,75,21.369734795474482
10,76,24.34244968954442
10,77,22.04381751684006
10,78,20.036306279060515
10,79,17.095986366628257
10,80,16.565752259674923
10,81,14.35036886042143
10,82,14.295629742591252
10,83,15.222920338307294
10,84,15.32622617298549
10,85,17.902092967140497
10,86,18.493740113777914
10,87,15.378023693409288
10,88,16.77281148299254
10,89,15.760849170023878
10,90,16.034920066625237
10,91,13.330284720873863
10,92,10.780269698608835
10,93,10.121812594462838
10,94,9.12300972399312
10,95,9.911270637338909
10,96,11.90989040791004
10,97,13.358563261219357
10,98,16.83319887018625
10,99,19.041804924536134
10,100,22.644597404578608
10,101,24.30937245927902
10,102,26.882579267472885
10,103,25.172425193066758
10,104,22.023553781935533
10,105,18.57319984060409
10,106,15.310068178908868
10,107,11.589118496011144
10,108,8.872523715646478
10,109,5.668338517711228
10,110,4.8089239167168465
10,111,5.8470227020870755
10,112,7.714431073983552
10,113,10.884068838615082
10,114,13.06616427879584
10,115,16.81724591279624
10,116,19.608299458867542
11,1,26.605809875003448
11,2,24.321122539596644
11,3,20.75126028953546
11,4,17.51953774893667
11,5,14.791210027310367
11,6,11.042783930925872
11,7,10.27420792121648
11,8,6.752686740948572
11,9,6.8220294763710765
11,10,3.8033968685045294
11,12,3.771416290262533
11,13,6.241137095198191
11,14,9.866211107820765
11,15,12.863611963798835
11,16,14.887859103830348
11,17,12.841817679305294
11,18,12.42658162829802
11,19,9.106732204494767
11,20,9.208405637894035
11,21,7.851784574109985
11,22,10.072975034867104
11,23,12.542660471676838
11,24,15.57603141606149
11,25,19.01427868670645
11,26,22.376726143647097
11,27,24.70697403170686
11,28,27.935376389786626
11,29,30.101749601570052
11,30,29.86158236770765
11,31,27.554464111354594
11,32,29.710724453604016
11,33,28.250209143312844
11,34,30.426855705584835
11,35,29.0456326772763
11,36,25.421896371447627
11,37,23.791786693222242
11,38,20.199678538023214
11,39,18.882434334811002
11,40,15.604731200802203
11,41,16.012635968316047
11,42,13.945921480506291
11,43,16.35830629883601
11,44,19.822688999645564
11,45,18.874004213361623
11,46,19.331196304475103
11,47,17.383828303706206
11,48,18.79374785493997
11,49,21.847893375810536
11,50,23.093221746975207
11,51,26.466982263972028
11,52,29.157514723212476
11,53,27.395447146583432
11,54,27.316267699607547
11,55,24.990835860515027
11,56,26.436982122694086
11,57,25.577947789466087
11,58,27.947436975316535
11,59,25.459740993148742
11,60,22.376660583569414
11,61,21.559624584591365
11,62,22.970773443818903
11,63,19.872353385801627
11,64,18.631649683962728
11,65,21.95406910740706
11,66,21.868452091553138
11,67,18.181267455757645
11,68,16.20050651530434
11,69,17.306876859985874
11,70,17.12790674207371
11,71,17.72128102258947
11,72,21.052264974409894
11,73,22.000569742305967
11,74,19.284281689499572
11,75,20.70822971216291
11,76,23.778924271282595
11,77,21.657967797564996
11,78,20.14690189556002
11,79,16.7883927824637
11,80,16.11836001012751
11,81,13.23693630415749
11,82,12.700064386924886
11,83,12.750134777351269
11,84,12.619109150814808
11,85,14.725107192777635
11,86,15.142680984868365
11,87,12.244105984644419
11,88,14.031829194090689
11,89,13.549615666964236
11,90,14.396072054612459
11,91,11.496627413837922
11,92,9.48932562797652
11,93,10.160443343381194
11,94,10.186330832505622
11,95,10.502456166382936
11,96,13.112007987790939
11,97,14.283556510052096
11,98,18.011845030097856
11,99,20.030203761247733
11,100,23.732003170248547
11,101,25.24374064396618
11,102,28.15903992151354
11,103,26.849447885600952
11,104,23.729634522019726
11,105,20.576011674581814
11,106,17.26663582373694
11,107,13.812980997259622
11,108,11.209789761140415
11,109,7.482680786941467
11,110,6.356922982902131
11,111,4.826347297639809
11,112,6.2111206206803615
11,113,8.325189456908374
11,114,10.60252283175511
11,115,14.265854200791743
11,116,16.69491202874421
12,1,30.360219836235007
12,2,28.091384622661128
12,3,24.519730687972448
12,4,21.284387616572634
12,5,18.541255641261447
12,6,14.776983919355288
12,7,13.682409516660304
12,8,10.197044064940146
12,9,10.326434025700346
12,10,6.781169076058116
12,11,3.771416290262533
12,13,3.794973077086148
12,14,6.842996091156831
12,15,10.212889175234377
12,16,12.811476588635609
12,17,11.174447037185057
12,18,11.886287275565365
12,19,9.4232632246492
12,20,10.886095611982913
12,21,10.64507962560595
12,22,13.277259048402287
12,23,16.07655613081763
12,24,19.142438258293183
12,25,22.65204416420332
12,26,26.006459338100264
12,27,28.194614979782404
12,28,31.393178570784002
12,29,33.395803838331275
12,30,33.05670967363199
12,31,30.776936167889176
12,32,32.965822508026086
12,33,31.329327258277324
12,34,33.55345465697208
12,35,32.38712039205686
12,36,28.70136191772638
12,37,27.00046237185648
12,38,23.31426658497338
12,39,21.81978960027615
12,40,18.31867743131699
12,41,18.429777412774296
12,42,15.918415108988203
12,43,18.13277610851803
12,44,21.4289651360946
12,45,20.36185215275021
12,46,21.22807330614026
12,47,19.2017780930362
12,48,21.032689094107145
12,49,24.35501773087786
12,50,25.80287998194323
12,51,29.336984135811857
12,52,32.03691576683178
12,53,30.06887276598854
12,54,29.713563077188365
12,55,27.172223755503612
12,56,28.511778950817753
12,57,27.215475705397182
12,58,29.531540981093727
12,59,27.217358417689724
12,60,23.911423341857095
12,61,22.644566089508704
12,62,23.51949844337512
12,63,20.082617468076624
12,64,19.21843421725891
12,65,22.36517660735976
12,66,22.319763562611776
12,67,18.510850332954544
12,68,17.25773401146162
12,69,18.842511100214534
12,70,19.31383628179113
12,71,19.864515747278414
12,72,23.42076595637694
12,73,24.315462824366715
12,74,21.894243187711478
12,75,23.64807337794001
12,76,26.725506810070595
12,77,24.678540713086413
12,78,23.468084568529306
12,79,19.973669780945805
12,80,19.240708827258427
12,81,16.038924857134063
12,82,14.99249511563923
12,83,14.169071316712635
12,84,13.295017567803542
12,85,14.566975926290667
12,86,14.066998904903663
12,87,11.148140572269035
12,88,12.501806253652607
12,89,11.749304587595775
12,90,13.5123637754179
12,91,11.259325273306068
12,92,9.09734557687056
12,93,10.878643154972012
12,94,12.100538489832275
12,95,13.023633072219578
12,96,16.12041868447513
12,97,17.594775451635694
12,98,21.385517706820796
12,99,23.514642466315873
12,100,27.249357163181152
12,101,28.801263298683608
12,102,31.804153893145585
12,103,30.53624203354792
12,104,27.36509440815841
12,105,24.227004968014853
12,106,20.82150902287622
12,107,17.383834011205312
12,108,14.504884906072114
12,109,10.771818533366881
12,110,8.647504252030295
12,111,5.953039237314348
12,112,4.839127602115535
12,113,5.768947502326729
12,114,7.149596669279447
12,115,10.836510688072796
12,116,13.12107755071725
13,1,32.21829521001966
13,2,29.6316061789505
13,3,26.24509747476179
13,4,22.75935216432957
13,5,20.29884070520879
13,6,16.54613211708967
13,7,15.571162766325985
13,8,12.531956328735731
13,9,13.012038082414222
13,10,9.858820733014303
13,11,6.241137095198191
13,12,3.794973077086148
13,14,3.7599255615354354
13,15,6.9672969379214855
13,16,9.13902206082724
13,17,7.396223529209618
13,18,8.50250499345866
13,19,6.846719333657051
13,20,9.432757263084154
13,21,10.422566567208545
13,22,13.553507154997257
13,23,16.75698090653215
13,24,20.00350340760194
13,25,23.532595967028776
13,26,26.978441187949056
13,27,28.75709933549158
13,28,32.02405865734113
13,29,33.670492056030284
13,30,32.95775790339646
13,31,30.59311870623521
13,32,32.71909688273281
13,33,30.762730610688052
13,34,33.05213197843501
13,35,32.30733189654857
13,36,28.54375223932114
13,37,26.861494843977912
13,38,23.110348593687753
13,39,21.677621199890837
13,40,18.05483672456909
13,41,18.380064962813986
13,42,16.00888144798642
13,43,18.59584349962611
13,44,21.489058900500968
13,45,19.816979113566525
13,46,20.51693984926187
13,47,18.063208518789992
13,48,19.959194513068894
13,49,23.539311231100935
13,50,24.97337229746804
13,51,28.65813360758303
13,52,31.22973076262543
13,53,28.948836504710727
13,54,28.328550340749914
13,55,25.6810762099306
13,56,27.095276971997464
13,57,25.46194479780812
13,58,27.927268244056748
13,59,26.00162885508815
13,60,22.454353628792266
13,61,21.162967178042084
13,62,21.527681861515592
13,63,18.023941858308337
13,64,16.998479822182723
13,65,19.788373684347228
13,66,19.47851195120975
13,67,15.669819621253877
13,68,14.97027507872956
13,69,16.748649939890402
13,70,17.81906979245258
13,71,18.320580919777036
13,72,22.047522020206518
13,73,23.02022496315002
13,74,21.09573093409623
13,75,23.097944444061906
13,76,26.25631575659233
13,77,24.58212945912029
13,78,23.72072808873803
13,79,20.023685139637024
13,80,18.994355159881795
13,81,15.437335475688762
13,82,13.820081705848875
13,83,12.119134048105847
13,84,10.782149119593296
13,85,11.331736106818795
13,86,10.50866586140806
13,87,7.965252572356251
13,88,9.79781491976131
13,89,9.99439629058263
13,90,12.179070415906903
13,91,9.877824839829131
13,92,8.913519974298337
13,93,11.654471520022986
13,94,13.389284776647179
13,95,13.747752630879035
13,96,17.030954970944883
13,97,18.257068839337546
13,98,22.066035185949833
13,99,24.04658409564065
13,100,27.771918777961897
13,101,29.26326932236796
13,102,32.51580562679119
13,103,31.5630232387025
13,104,28.413577520087223
13,105,25.588001829774317
13,106,22.18386971678448
13,107,19.084620268961487
13,108,16.374477764826175
13,109,12.618788027083307
13,110,10.80306839622144
13,111,7.3006086550887455
13,112,6.266522911319083
13,113,4.831655369081848
13,114,6.508301037510451
13,115,9.444706389257568
13,116,11.160937809919153
14,1,35.85448771654186
14,2,33.19682689583237
14,3,29.861256821673724
14,4,26.332879680704476
14,5,23.991637172740194
14,6,20.26123659831365
14,7,19.313309958712672
14,8,16.278471986828546
14,9,16.610328914050527
14,10,13.295573549315174
14,11,9.866211107820765
14,12,6.842996091156831
14,13,3.7599255615354354
14,15,3.7639633455084627
14,16,6.658232882145091
14,17,6.158147245591249
14,18,8.82632499917831
14,19,8.762911593899243
14,20,12.100616331463797
14,21,13.656822096768199
14,22,16.96104550195475
14,23,20.21471381593887
14,24,23.530454055073687
14,25,27.019164048161283
14,26,30.501948783927446
14,27,32.131580114563825
14,28,35.41751016808658
14,29,36.896120627380604
14,30,35.99277375593433
14,31,33.57948826121222
14,32,35.61419612349973
14,33,33.43482045619585
14,34,35.67254927741265
14,35,35.17735264559512
14,36,31.391847428658075
14,37,29.59909748009457
14,38,25.819989844814113
14,39,24.211598190351847
14,40,20.500487088358906
14,41,20.552926745965603
14,42,17.9615951061086
14,43,20.330994720210658
14,44,22.87355483387826
14,45,21.041984444962658
14,46,22.049029082986774
14,47,19.60753860439952
14,48,21.83937174966738
14,49,25.5581039417254
14,50,27.194788759760367
14,51,30.970332840954377
14,52,33.54154232594079
14,53,31.11821551989388
14,54,30.160022436690674
14,55,27.315501148678358
14,56,28.54015876990722
14,57,26.47593188711443
14,58,28.80861022303136
14,59,27.144001643432638
14,60,23.47668627295947
14,61,21.791371531286647
14,62,21.532526606807988
14,63,17.854326183578173
14,64,17.27349549319088
14,65,19.683128286618
14,66,19.467311547161277
14,67,15.770558198404142
14,68,15.968712694703488
14,69,18.19510298646999
14,70,19.90660446417064
14,71,20.499855531519174
14,72,24.29281763283745
14,73,25.343444720291433
14,74,23.817625133648825
14,75,25.93943359087879
14,76,29.124560365800022
14,77,27.67503745795192
14,78,26.996805800334794
14,79,23.24373398371401
14,80,22.02171251974883
14,81,18.342006407623387
14,82,16.273192675569323
14,83,13.975763261040663
14,84,11.904537386588679
14,85,11.406656304347788
14,86,9.375870219611228
14,87,7.246248503891011
14,88,8.260474841496393
14,89,8.56357992500295
14,90,11.629598777954737
14,91,10.303478925959537
14,92,9.82260662966815
14,93,13.236661612795084
14,94,15.709770030058992
14,95,16.345456318616336
14,96,19.856358301405773
14,97,21.285857324027646
14,98,25.06792076747678
14,99,27.14855999550324
14,100,30.865441876676964
14,101,32.445200561234174
14,102,35.78614061505238
14,103,34.879895470412315
14,104,31.669420437021003
14,105,28.920711202340065
14,106,25.437723645129335
14,107,22.440774823023403
14,108,19.574152556661247
14,109,15.896440934513965
14,110,13.692548714500955
14,111,9.979354055372545
14,112,7.95464086903473
14,113,4.749629108341196
14,114,4.8919965269400265
14,115,6.509351368991842
14,116,7.644557776480376
15,1,37.992990863856285
15,2,35.13672377389902
15,3,31.96943462612203
15,4,28.345695538033855
15,5,26.366808891209
15,6,22.75781790246732
15,7,22.20199223406539
15,8,19.28046372156393
15,9,19.35001718875923
15,10,16.197108907789545
15,11,12.863611963798835
15,12,10.212889175234377
15,13,6.9672969379214855
15,14,3.7639633455084627
15,16,3.786744783027852
15,17,5.5296848405815675
15,18,8.735261066124087
15,19,9.864200735145365
15,20,13.509643416882634
15,21,15.39656334058105
15,22,18.95236287910913
15,23,22.10856156258838
15,24,25.589024004987944
15,25,28.90029370184237
15,26,32.487843467709055
15,27,33.92406990637437
15,28,37.31258831809373
15,29,38.61851645219771
15,30,37.38300138914327
15,31,34.784388513103984
15,32,36.557764948974295
15,33,34.066801819790065
15,34,36.124386979321955
15,35,35.92689860702565
15,36,32.14911957485097
15,37,30.17149959458651
15,38,26.40761768809184
15,39,24.598874630016695
15,40,20.878902972776967
15,41,20.709434152386553
15,42,18.115997606107197
15,43,20.38417164185408
15,44,22.4029362156563
15,45,20.271276600658062
15,46,21.42029217600692
15,47,18.99886225388372
15,48,21.510568282520488
15,49,25.294147758948156
15,50,27.162028660609618
15,51,30.98992105842007
15,52,33.5807884319029
15,53,31.089863805574037
15,54,29.710019995481797
15,55,26.65041088665582
15,56,27.6061218087214
15,57,25.141598669051195
15,58,27.299417956167954
