1,2,3.7959153214637946
1,3,6.7435602654951925
1,4,8.200331788348922
1,5,12.013957320934653
1,6,14.15848265020217
1,7,17.954812694289497
1,8,20.749206546405414
1,9,21.842104394236763
1,10,25.502765027198137
1,11,27.599393818491205
1,12,31.4030099742253
1,13,33.17891790067799
1,14,36.1527570683074
1,15,39.66311933453131
1,16,39.701167149729656
1,17,36.87959213932254
1,18,34.21167032106329
1,19,30.652679115469827
1,20,27.872760620573242
1,21,24.18687895987386
1,22,21.18859285853656
1,23,18.221301827634612
1,24,15.476647732691044
1,25,12.174735515224567
1,26,9.349587344218223
1,27,9.89234475162941
1,28,8.856901849587185
1,29,12.385896057587198
1,30,15.832211142029351
1,31,17.098576319913544
1,32,20.79473927029355
1,33,21.07044557564105
1,34,19.12454111241255
1,35,20.430365180541425
1,36,20.391787419728345
1,37,22.00771997540389
1,38,23.335209341577798
1,39,24.239559766694043
1,40,26.580869284205587
1,41,26.341296275969974
1,42,29.491461498702623
1,43,31.890498970753193
1,44,29.912666536417127
1,45,29.964998758297675
1,46,27.658455800957164
1,47,28.89809506048184
1,48,27.581039375487716
1,49,28.635996640389976
1,50,27.86942893412316
1,51,25.695063333595833
1,52,25.551434447778398
1,53,24.318254395139707
1,54,23.785995041112447
1,55,24.133558824312125
1,56,25.104010532795137
1,57,24.569739376441223
1,58,26.126422448497923
1,59,25.76860461764816
1,60,24.83981541594795
1,61,28.337190452972077
1,62,29.394090580344667
1,63,32.930440122202654
1,64,35.56181738394757
1,65,37.02641445248258
1,66,33.629616367254584
1,67,33.32818952521702
1,68,29.956528058254108
1,69,29.670064413685818
1,70,26.717402910251465
1,71,25.82045922962705
1,72,22.7200900994798
1,73,21.840128195881068
1,74,18.98935659899575
1,75,15.964806001978566
1,76,17.70323284264838
1,77,20.925244869666972
1,78,23.721728533685837
1,79,25.243185220490478
1,80,28.842617879142633
1,81,30.486271103299387
1,82,34.29709447647482
1,83,37.06878906123693
1,84,35.49361502737145
1,85,37.91192596031555
1,86,37.9049821292998
1,87,37.20227503511207
1,88,33.93988347561145
1,89,32.45270208418948
1,90,29.240549299234022
1,91,25.444333506887528
1,92,24.108527639823613
1,93,20.689422396752406
1,94,18.953074429123355
1,95,17.382304291103114
1,96,15.822445502980889
1,97,15.924531817563137
1,98,15.569415590581961
1,99,18.876250395573816
1,100,20.08703354487275
1,101,20.075706156889765
1,102,18.492478769135246
1,103,16.09022269874431
1,104,15.647904931956404
1,105,12.470660076766402
1,106,12.89076541847315
1,107,11.855778880498816
1,108,14.122749139034106
1,109,15.03591971571646
1,110,16.152862066392533
1,111,19.672403222837225
1,112,22.517714947984825
1,113,25.785693513574937
1,114,28.576988151714215
1,115,32.03350666519868
1,116,35.068593548638766
1,117,38.719453516121284
1,118,41.70795256025567
1,119,43.77380770143492
2,1,3.7959153214637946
2,3,3.7984793936398575
2,4,6.2341045755238245
2,5,9.766625985094686
2,6,12.635195304964563
2,7,16.318094376996516
2,8,19.47726112674474
2,9,20.532810879559
2,10,24.04915335500909
2,11,25.970039003289887
2,12,29.712521033262835
2,13,31.205166812252536
2,14,34.30227851673477
2,15,37.71517830712311
2,16,37.54178261201451
2,17,34.55895739024439
2,18,31.98852482950524
2,19,28.541645362567483
2,20,25.927032740688748
2,21,22.36999891984232
2,22,19.525495846052905
2,23,16.198455400771717
2,24,13.910173743616333
2,25,10.433540027692457
2,26,8.285737552667847
2,27,8.164820986888147
2,28,7.479121633241151
2,29,11.108468062812234
2,30,14.339952292184854
2,31,14.82072943225963
2,32,18.46413796338969
2,33,18.224631630665638
2,34,16.07690521839133
2,35,17.058050177800478
2,36,17.142912443761546
2,37,18.605822527820493
2,38,20.14233492417395
2,39,20.969497969960045
2,40,23.512895095765145
2,41,23.388201984761984
2,42,26.689843814298975
2,43,29.10826520429117
2,44,27.013265413414032
2,45,26.799015075586134
2,46,24.353162238597285
2,47,25.47032566855103
2,48,24.09638971381644
2,49,25.35562472812844
2,50,24.560503142965427
2,51,22.31282867310973
2,52,22.3030194175262
2,53,21.127663308325577
2,54,20.967529410141818
2,55,21.54608702243061
2,56,22.962528022397088
2,57,22.752900355509762
2,58,24.02004284980218
2,59,23.618166960151378
2,60,22.283377762826245
2,61,25.61563515530616
2,62,26.398132312241856
2,63,29.847065821540916
2,64,32.49874489290358
2,65,33.95882940626791
2,66,30.54058614437839
2,67,30.391812601274587
2,68,27.119824977404576
2,69,27.08701394634965
2,70,24.34526846887367
2,71,23.83157971142317
2,72,20.917695474322176
2,73,20.621258381079695
2,74,17.756751543996195
2,75,14.390773359452592
2,76,16.03048916957829
2,77,18.91870287885663
2,78,21.85494093577521
2,79,22.945725246121256
2,80,26.533937736218903
2,81,27.910798795562048
2,82,31.716939024199583
2,83,34.362817914316906
2,84,32.85598734725467
2,85,35.29723620425716
2,86,35.43674353044251
2,87,34.50430102427772
2,88,31.195055765085552
2,89,29.987738876103204
2,90,26.725396066006848
2,91,22.93564374613999
2,92,21.407321174381085
2,93,17.816633938788517
2,94,16.006711728026897
2,95,14.014635566884388
2,96,12.47114175514091
2,97,12.362394613053553
2,98,12.348301816482577
2,99,15.602200491148286
2,100,17.24319494831905
2,101,17.59512884737446
2,102,15.866544590716005
2,103,13.446623614926953
2,104,12.39960009363579
2,105,8.97933682970908
2,106,9.101071467122386
2,107,8.29450328575083
2,108,10.864314423003279
2,109,12.399232390322053
2,110,14.091976775379623
2,111,17.388791551929557
2,112,20.473133822888197
2,113,23.765181359779668
2,114,26.44645268146999
2,115,30.015006557464908
2,116,32.88988682713799
2,117,36.59678864932069
2,118,39.41399830461668
2,119,41.64920629173241
3,1,6.7435602654951925
3,2,3.7984793936398575
3,4,3.806047445383009
3,5,6.731218576615247
3,6,10.0358413688872
3,7,13.57579402214135
3,8,17.03799972491396
3,9,18.54471431236285
3,10,21.81507483758668
3,11,23.325182867020803
3,12,27.017360278357806
3,13,28.234553272250555
3,14,31.225415415961127
3,15,34.665018890219436
3,16,34.285655018203926
3,17,31.36890309143875
3,18,28.666954001250897
3,19,25.31297381594795
3,20,22.592108921704714
3,21,19.129562953123646
3,22,16.186980621782247
3,23,12.75175544369628
3,24,10.509588130223332
3,25,6.933895456218695
3,26,5.428616831441086
3,27,5.375099394464162
3,28,6.380334273942189
3,29,9.977112121217102
3,30,12.492750616544441
3,31,12.538672350479198
3,32,15.911143012295497
3,33,15.402856986206798
3,34,12.889145168297071
3,35,13.834284467047882
3,36,13.649781672462556
3,37,15.390535684823924
3,38,16.990108135459497
3,39,18.280052848651188
3,40,21.023876293428078
3,41,21.414785588894688
3,42,24.89703309960733
3,43,27.64410697854728
3,44,25.835204161316117
3,45,25.212612208030517
3,46,22.42295847167268
3,47,23.10509011087445
3,48,21.36910160610874
3,49,22.31158093534459
3,50,21.270843976185883
3,51,18.979306287117062
3,52,18.830907764417923
3,53,17.779390713885395
3,54,17.52876442966196
3,55,18.393610556896274
3,56,19.968248571851714
3,57,19.581590867242895
3,58,20.551476783806375
3,59,19.944102616801736
3,60,18.542877576020707
3,61,21.883903705758573
3,62,22.739572419595998
3,63,26.246824131536886
3,64,28.880272111043503
3,65,30.365423818846935
3,66,26.991361504985676
3,67,26.884006218595392
3,68,23.522416278740145
3,69,23.3520157796222
3,70,20.565872257309355
3,71,20.071555988033552
3,72,17.220750011394454
3,73,17.173274022929995
3,74,14.435617781164204
3,75,10.894660333701744
3,76,12.406091978651062
3,77,15.197440258813435
3,78,18.237249108974925
3,79,19.323958395581545
3,80,22.964688792289202
3,81,24.463457788192713
3,82,28.27163367347563
3,83,31.037635351154645
3,84,29.7437467551472
3,85,32.38590704829296
3,86,32.80088036995415
3,87,31.997926816861636
3,88,28.530958101150716
3,89,27.534400249175796
3,90,24.48225416218332
3,91,20.752951878817818
3,92,18.765354514026164
3,93,15.191577872317644
3,94,12.879750718490328
3,95,11.012351053742725
3,96,9.101562242210308
3,97,9.542692284509611
3,98,9.80004033463781
3,99,13.402680110765967
3,100,15.306074268202327
3,101,16.129438223244613
3,102,15.022073679669681
3,103,13.066365038388483
3,104,11.382023255271811
3,105,7.7324935414603715
3,106,7.432305458727061
3,107,5.73251392523385
3,108,8.66850815534261
3,109,9.944893781816376
3,110,12.343166671073497
3,111,15.193077830019517
3,112,18.029248064013
3,113,21.535017515946926
3,114,23.862563764765486
3,115,27.537850145768857
3,116,30.196751807923345
3,117,33.93999362439586
3,118,36.6220645254474
3,119,38.75683631119645
4,1,8.200331788348922
4,2,6.2341045755238245
4,3,3.806047445383009
4,5,3.8149570523766445
4,6,6.46196865718991
4,7,10.159555484543123
4,8,13.426603318349601
4,9,14.916023014919151
4,10,18.274769631086755
4,11,19.94569365423077
4,12,23.700794955200603
4,13,25.19263248890461
4,14,28.190337572148813
4,15,31.668093090160916
4,16,31.569226708495652
4,17,28.71652060783254
4,18,26.05188689575094
4,19,22.529180752701215
4,20,19.83700961160832
4,21,16.213281609051947
4,22,13.417814342224565
4,23,10.23599440500034
4,24,8.156879378326623
4,25,5.393508135423756
4,26,5.340136465529956
4,27,7.415340325825764
4,28,9.595228183328322
4,29,13.155111641910137
4,30,15.236503466718068
4,31,15.209061367115979
4,32,18.212181286569475
4,33,17.41409022915602
4,34,14.381281912070957
4,35,14.754179726775346
4,36,13.555397814480786
4,37,14.873434033851003
4,38,15.644965858913729
4,39,16.884418662189056
4,40,19.179438673932605
4,41,19.50464739462832
4,42,22.81773739862458
4,43,25.72187522698598
4,44,24.31542819975063
4,45,23.899743126590863
4,46,21.22530633710989
4,47,22.04947889725418
4,48,20.517764635531275
4,49,21.025840622765614
4,50,20.375314991655586
4,51,18.650435383593475
4,52,18.927206414631023
4,53,18.569287291566262
4,54,18.393212650696675
4,55,19.837780899199768
4,56,21.524310210895894
4,57,20.63157614652059
4,58,21.101721173847828
4,59,19.83404944903604
4,60,18.326756676239338
4,61,21.54936360726389
4,62,22.249121796102248
4,63,25.94681181058309
4,64,28.38197419351033
4,65,29.476211087245613
4,66,25.979471095786852
4,67,25.365111229161993
4,68,22.0346098937237
4,69,21.930713242104186
4,70,19.21774083055517
4,71,18.8424189607058
4,72,16.316621679278285
4,73,16.331223573309693
4,74,14.276433711023422
4,75,10.634618406417754
4,76,11.027156011665287
4,77,13.601112194208465
4,78,16.109878907914347
4,79,17.262737490502293
4,80,20.775409404499182
4,81,22.314376627655097
4,82,26.12014498792711
4,83,28.896071715135115
4,84,27.359608361921897
4,85,29.89119187392406
4,86,30.09633350314624
4,87,29.563179806620433
4,88,26.15557022591406
4,89,24.817651820884187
4,90,21.847396146160087
4,91,18.11515824060824
4,92,16.329273761151267
4,93,13.031961258101706
4,94,11.043897359028257
4,95,10.263714232798199
4,96,9.306723496571651
4,97,11.098829833441771
4,98,12.24244618554965
4,99,15.907456590677864
4,100,18.155012168227724
4,101,19.30815890055375
4,102,18.45328954704449
4,103,16.632483295071182
4,104,14.547090048942154
4,105,10.81718619321745
4,106,9.384794545608216
4,107,6.251543960672656
4,108,7.600736999241998
4,109,7.427206575246727
4,110,9.273215484547865
4,111,12.254032954519548
4,112,14.851023885354165
4,113,18.37537767982805
4,114,20.804274399142848
4,115,24.396665063774215
4,116,27.21714122410387
4,117,30.918337400689406
4,118,33.77534674210899
4,119,35.80524811192558
5,1,12.013957320934653
5,2,9.766625985094686
5,3,6.731218576615247
5,4,3.8149570523766445
5,6,3.806789810124718
5,7,6.9283831219796115
5,8,10.545686116348199
5,9,12.29634454189686
5,10,15.299014088024078
5,11,16.610091297538087
5,12,20.29222781653188
5,13,21.561193590196265
5,14,24.576106663290272
5,15,28.01947342999734
5,16,27.82108494199382
5,17,24.938713486882207
5,18,22.284453151244353
5,19,18.79755438934387
5,20,16.191566636384277
5,21,12.65004225239799
5,22,10.098244554272963
5,23,6.73909837958818
5,24,5.719314898506007
5,25,4.455476826994109
5,26,6.882608534241189
5,27,8.975492577409117
5,28,11.979517135971074
5,29,15.065052644132116
5,30,16.3782035905485
5,31,15.715720818420332
5,32,18.129609504886016
5,33,16.77114342846027
5,34,13.295176342771468
5,35,12.974289826094015
5,36,10.95257685392031
5,37,11.943546526438041
5,38,12.230653358646457
5,39,13.719136994789373
5,40,15.947677330958212
5,41,16.689105244055764
5,42,20.053169029422616
5,43,23.230254707639325
5,44,22.200699612062923
5,45,21.48955131881907
5,46,18.62934829320501
5,47,19.14719916181628
5,48,17.49035587680804
5,49,17.60543634819207
5,50,17.048305161914918
5,51,15.68542762596012
5,52,16.273443288681825
5,53,16.54065420499116
5,54,16.63083917721634
5,55,18.69805210309903
5,56,20.73711237896913
5,57,19.701179459624225
5,58,19.496801926401133
5,59,17.69528680349455
5,60,15.816601771216288
5,61,18.750936537938518
5,62,19.172844768079045
5,63,22.927224649971027
5,64,25.212853900864246
5,65,26.06034428941396
5,66,22.512694601910198
5,67,21.69304534019477
5,68,18.40894784949871
5,69,18.458195717663347
5,70,15.967268224705716
5,71,16.01606566052859
5,72,14.015101071618577
5,73,14.697362576146215
5,74,13.323989555205365
5,75,9.663734713657945
5,76,8.883114779659572
5,77,10.663913572782542
5,78,12.857642827041644
5,79,13.652154220101453
5,80,17.079051965309244
5,81,18.517342812821717
5,82,22.319053275304796
5,83,25.089302713550065
5,84,23.58189717041804
5,85,26.187541378083903
5,86,26.537926371757756
5,87,26.102532029632957
5,88,22.610270656530357
5,89,21.397540809243417
5,90,18.619307124239235
5,91,14.99228149300476
5,92,12.859852617020195
5,93,9.723465493827778
5,94,7.519946299280674
5,95,7.619890161958169
5,96,7.402431616773005
5,97,10.303251052423397
5,98,12.266778536273028
5,99,15.742182862337472
5,100,18.38454754488926
5,101,20.03664504180309
5,102,19.550907454582998
5,103,18.096701995130562
5,104,15.455071421001456
5,105,11.939461964909198
5,106,9.763475439923406
5,107,6.0236139514569595
5,108,6.029628470500436
5,109,4.577881414301196
5,110,7.09588470641456
5,111,9.252778000410439
5,112,11.553276577820261
5,113,15.218458925602885
5,114,17.33582044140201
5,115,21.006218272915596
5,116,23.657133158095057
5,117,27.382973263059455
5,118,30.140964969848206
5,119,32.15601558962546
6,1,14.15848265020217
6,2,12.635195304964563
6,3,10.0358413688872
6,4,6.46196865718991
6,5,3.806789810124718
6,7,3.805893004080499
6,8,7.024243700578345
6,9,9.084546874696553
6,10,12.160211746220646
6,11,13.623590700457891
6,12,17.40419411197802
6,13,19.08061795801869
6,14,22.000032181945848
6,15,25.525189785809488
6,16,25.70278940827788
6,17,23.01460369061971
6,18,20.36375227209635
6,19,16.683813888462325
6,20,14.056757240324632
6,21,10.316326801531208
6,22,8.039819979953688
6,23,5.783702827714836
6,24,5.374987074117924
6,25,6.324451695172693
6,26,9.003527710016238
6,27,11.924896548101922
6,28,15.128080660171001
6,29,18.23944006074163
6,30,19.39746668124993
6,31,18.956079944774185
6,32,21.122851736880115
6,33,19.813089715820325
6,34,16.269899215564116
6,35,15.749085737080158
6,36,13.090025052754921
6,37,13.676125438713465
6,38,12.953748846286018
6,39,14.372629422854702
6,40,15.852906791581761
6,41,16.547950940744972
6,42,19.52587484498093
6,43,22.828714072729635
6,44,22.36003332610755
6,45,21.912765167869154
6,46,19.30060662770811
6,47,19.904844215703037
6,48,18.510596590105244
6,49,18.00894930289022
6,50,17.867479299757814
6,51,17.194575577667923
6,52,18.045272558696396
6,53,18.858840537676027
6,54,18.832522059392147
6,55,21.162051593120985
6,56,23.053462969499606
6,57,21.533035714129788
6,58,20.998186831303357
6,59,18.6806051308626
6,60,16.982754125955314
6,61,19.68968915825471
6,62,20.067272735092526
6,63,23.885265527226803
6,64,25.886250914134532
6,65,26.323153067973024
6,66,22.783298518496608
6,67,21.383514304353028
6,68,18.20708101205811
6,69,18.183510493948845
6,70,15.81061842877099
6,71,15.834958878561414
6,72,14.294081438946986
6,73,14.816901953530268
6,74,14.288015353846188
6,75,11.094622502596922
6,76,9.219048864140406
6,77,10.517050210161367
6,78,11.687112054241917
6,79,12.723666937254672
6,80,15.818308337009036
6,81,17.415868764698764
6,82,21.104083057753197
6,83,23.910578489768206
6,84,22.169675254468817
6,85,24.639844372848568
6,86,24.747024110393713
6,87,24.76825277510012
6,88,21.39968995823398
6,89,19.731098704697647
6,90,17.22284721625625
6,91,13.769476804082561
6,92,11.994888593639718
6,93,9.720070957486541
6,94,8.28410904631637
6,95,9.920443925560589
6,96,10.475572668952898
6,97,13.780676559735841
6,98,15.84683374961084
6,99,19.272686272247583
6,100,21.88885675622736
6,101,23.589997155157512
6,102,23.28820836119607
6,103,21.88171730594089
6,104,19.248775317075282
6,105,15.744875472894954
6,106,13.43299254482503
6,107,9.637330015936138
6,108,8.587809694314677
6,109,5.492622686085012
6,110,6.165977110176024
6,111,7.930917701292853
6,112,9.310674490914291
6,113,12.967293496530136
6,114,15.095102712425359
6,115,18.582478785594553
6,116,21.418889158442816
6,117,25.047356957386313
6,118,28.0294170288018
6,119,29.81299557519578
7,1,17.954812694289497
7,2,16.318094376996516
7,3,13.57579402214135
7,4,10.159555484543123
7,5,6.9283831219796115
7,6,3.805893004080499
7,8,3.8223026341675235
7,9,6.476618118613035
7,10,8.851514436011525
7,11,9.888737749373682
7,12,13.641612915978286
7,13,15.290208928556908
7,14,18.21840005156626
7,15,21.730659002830176
7,16,22.00490296002101
7,17,19.36062053250855
7,18,16.777118229139138
7,19,13.03835367532857
7,20,10.611882724534718
7,21,6.9323507490411505
7,22,5.710694240469315
7,23,4.863242366022152
7,24,6.610685197563037
7,25,9.053583270948023
7,26,12.282692088091487
7,27,15.035040991535352
7,28,18.466360520321675
7,29,21.312032655594113
7,30,22.02369977354087
7,31,21.244524789347068
7,32,22.919485668630912
7,33,21.27234823588785
7,34,17.604622829564494
7,35,16.529425860479105
7,36,13.261469809524227
7,37,13.244695546918239
7,38,11.573240874382444
7,39,13.010598014149506
7,40,13.880189294281248
7,41,14.918084708669193
7,42,17.603675287601398
7,43,21.108424726033274
7,44,21.242724239656187
7,45,20.662809735383878
7,46,18.118878636377257
7,47,18.47254553016831
7,48,17.18975224698246
7,49,16.050985238975393
7,50,16.273982098700156
7,51,16.34619492565334
7,52,17.586783508488676
7,53,19.10288608455135
7,54,19.299592982592362
7,55,22.081736405926296
7,56,24.144836443037846
7,57,22.46755192400293
7,58,21.310458476911705
7,59,18.476224131280993
7,60,16.582852863098292
7,61,18.735673108664106
7,62,18.756630794603737
7,63,22.495941045677252
7,64,24.169355924347553
7,65,24.15088811862656
7,66,20.637650445313035
7,67,18.759942839630714
7,68,15.826741639403554
7,69,16.004066809036114
7,70,14.116417887217814
7,71,14.649714720079427
7,72,14.009637689750173
7,73,15.077269556959488
7,74,15.443255036800927
7,75,12.720167653958416
7,76,9.849333793752537
7,77,9.79153944975582
7,78,9.756803890687404
7,79,10.28974780562784
7,80,12.866050468409423
7,81,14.31619986491289
7,82,17.86165859516971
7,83,20.609431186291392
7,84,18.757972932890112
7,85,21.190306314730037
7,86,21.307755998916218
7,87,21.639935865107027
7,88,18.30127739369451
7,89,16.54657505198768
7,90,14.453566298108425
7,91,11.383021104422895
7,92,9.560165347229653
7,93,8.382640824665074
7,94,7.6162173844574825
7,95,10.53279771414404
7,96,11.875934621973725
7,97,15.552994456346466
7,98,18.00509748696831
7,99,21.125143161283788
7,100,23.916501665314335
7,101,25.90164589390088
7,102,25.830966268232697
7,103,24.651795533984647
7,104,21.75108712212694
7,105,18.46779686043031
7,106,15.84894031899306
7,107,12.134676349163021
7,108,10.281092024435583
7,109,6.612521199359423
7,110,6.548368898416915
7,111,6.370950232539914
7,112,6.2652754540865345
7,113,9.93149908783711
7,114,11.605651831909167
7,115,15.050293975672446
7,116,17.785155597155917
7,117,21.383459804680303
7,118,24.366285321201566
7,119,26.04893512977302
8,1,20.749206546405414
8,2,19.47726112674474
8,3,17.03799972491396
8,4,13.426603318349601
8,5,10.545686116348199
8,6,7.024243700578345
8,7,3.8223026341675235
8,9,3.8127047000618877
8,10,5.705406721166067
8,11,7.113357133647844
8,12,10.898393337396142
8,13,13.233349867238985
8,14,16.044333561248333
8,15,19.518421566027335
8,16,20.373537505523156
8,17,17.98532101689267
8,18,15.67388855967384
8,19,11.88579639817364
8,20,9.955208426169664
8,21,6.762286742205327
8,22,7.085447258292171
8,23,8.015600165213733
8,24,9.82608314825655
8,25,12.57738329891191
8,26,15.593688536168774
8,27,18.609897320239835
8,28,22.021268415431418
8,29,24.939270204661216
8,30,25.656960438317732
8,31,24.986119225587927
8,32,26.564898711239714
8,33,24.92149973722682
8,34,21.261656684856263
8,35,20.039719748206952
8,36,16.58857415926852
8,37,16.17780477382911
8,38,13.852545445856892
8,39,14.863339739928831
8,40,14.801418234433356
8,41,15.572065139110824
8,42,17.570523985067126
8,43,20.98151215047775
8,44,21.701225477046247
8,45,21.471430936768648
8,46,19.379666554382467
8,47,19.898985304341707
8,48,19.062688095030577
8,49,17.51814045772866
8,50,18.264301942074955
8,51,18.977037754771377
8,52,20.472350874246096
8,53,22.341873975629913
8,54,22.560741589588257
8,55,25.460503387666364
8,56,27.445013603476472
8,57,25.53945996979579
8,58,24.167844189863317
8,59,21.064826321986754
8,60,19.317913966035817
8,61,21.103780593565435
8,62,20.952614555729827
8,63,24.547056649289736
8,64,25.87750741046
8,65,25.38458047407694
8,66,21.99074698559282
8,67,19.558277004394533
8,68,17.049788408336784
8,69,17.32620579101557
8,70,15.877073435177023
8,71,16.50848197161245
8,72,16.415858029654274
8,73,17.353798710480472
8,74,18.282840445317497
8,75,15.960044219399782
8,76,12.806221763753394
8,77,12.31189563843203
8,78,11.173751425881827
8,79,11.592698867628945
8,80,13.256042709222811
8,81,14.526670620995626
8,82,17.63690240800988
8,83,20.1639173878657
8,84,17.977237829277634
8,85,20.023918472002272
8,86,19.719343066821015
8,87,20.56435169256632
8,88,17.581969316517835
8,89,15.265255313161452
8,90,13.641151889861893
8,91,11.16288427959185
8,92,10.251390039833842
8,93,10.349259145288492
8,94,10.612666079395666
8,95,13.891293262860428
8,96,15.58645549930285
8,97,19.28850460930084
8,98,21.81732034992881
8,99,24.88820014426202
8,100,27.704594018017204
8,101,29.710453516972272
8,102,29.647366582740336
8,103,28.432373079315692
8,104,25.511883569461133
8,105,22.193585624645927
8,106,19.451704991716014
8,107,15.735390413459593
8,108,13.512837938886104
8,109,9.718738672359034
8,110,8.321447956091355
8,111,7.424486549986951
8,112,5.61342239689441
8,113,8.338617454889649
8,114,9.896827520515233
8,115,12.798693519896856
8,116,15.765627466525036
8,117,19.125022546463253
8,118,22.374551970121928
8,119,23.81365119762457
9,1,21.842104394236763
9,2,20.532810879559
9,3,18.54471431236285
9,4,14.916023014919151
9,5,12.29634454189686
9,6,9.084546874696553
9,7,6.476618118613035
9,8,3.8127047000618877
9,10,3.8219867986698306
9,11,7.025852312744611
9,12,10.508185064480783
9,13,13.380745006584998
9,14,16.54013332296708
9,15,19.615928898216776
9,16,20.93464224387231
9,17,18.32100292215693
9,18,16.720675468233125
9,19,13.067499768674287
9,20,12.159183137321781
9,21,9.587602669105749
9,22,10.61762498574609
9,23,11.065020703832323
9,24,13.003453379705205
9,25,15.225749431536261
9,26,18.052269128182616
9,27,20.977812143980675
9,28,24.117920788902598
9,29,27.253057017975355
9,30,28.275330870740042
9,31,27.445480288485374
9,32,29.20025010126125
9,33,27.311812765222967
9,34,23.554890312601817
9,35,21.950889783581474
9,36,18.530380057306576
9,37,17.448115138119658
9,38,14.760112744904497
9,39,14.793150980736852
9,40,13.965569521993508
9,41,13.889099712963212
9,42,15.322646050056752
9,43,18.422023085378868
9,44,19.296947115139236
9,45,19.614775540335
9,46,18.1079510861786
9,47,19.229306991020973
9,48,19.126727704159336
9,49,17.903930968092148
9,50,19.361354660719538
9,51,20.454472001029078
9,52,22.479558658036414
9,53,24.54752414394213
9,54,25.208593128085926
9,55,28.22011553555217
9,56,30.464014839771323
9,57,28.813527229390008
9,58,27.40659522355849
9,59,24.332319999306456
9,60,22.251199254891613
9,61,23.80998552866738
9,62,23.177334074843348
9,63,26.63088365176868
9,64,27.849790753368495
9,65,27.021969323690087
9,66,23.53183261364653
9,67,20.871516542495154
9,68,18.842158368688896
9,69,19.757069530902715
9,70,18.789677399366433
9,71,19.863391966143112
9,72,19.911525953972788
9,73,21.036680085306354
9,74,21.769719666054417
9,75,19.17152717480846
9,76,16.203037496165578
9,77,15.656964812294186
9,78,14.543438891349451
9,79,14.294172417478569
9,80,15.50226368567284
9,81,15.948458877878439
9,82,18.791469690203975
9,83,20.72970058900319
9,84,17.972925286645346
9,85,19.37018888916885
9,86,18.37984292954289
9,87,19.01765237510678
9,88,16.457538262645567
9,89,13.589056538852857
9,90,11.646104147336999
9,91,9.279736363999488
9,92,9.714688709596752
9,93,10.301690467074428
9,94,11.803077509612336
9,95,14.948025725206142
9,96,17.290253459008984
9,97,20.84416774936864
9,98,23.708370939257993
9,99,26.657441701906475
9,100,29.739114260616148
9,101,31.78831635099364
9,102,31.34146973167981
9,103,29.9156287601114
9,104,26.84822518390664
9,105,23.476224332905517
9,106,20.37036939326079
9,107,16.77912550566271
9,108,13.941137208873107
9,109,10.293045626671555
9,110,7.663227862380992
9,111,6.4811826362771345
9,112,4.686887804913584
9,113,6.0936944231917884
9,114,8.723665844777328
9,115,11.216215211590955
9,116,14.692667151835574
9,117,17.91641926031973
9,118,21.401057251827318
9,119,23.164209278807533
10,1,25.502765027198137
10,2,24.04915335500909
10,3,21.81507483758668
10,4,18.274769631086755
10,5,15.299014088024078
10,6,12.160211746220646
10,7,8.851514436011525
10,8,5.705406721166067
10,9,3.8219867986698306
10,11,3.7762048151528753
10,12,6.812978102302878
10,13,9.955460740517605
10,14,13.072924464422066
10,15,15.97285101867196
10,16,17.567581794595633
10,17,15.108521064242531
10,18,13.88197154152622
10,19,10.496965574045777
10,20,10.480419027254582
10,21,9.03447049155856
10,22,11.311615917060962
10,23,12.638787517484024
10,24,15.193539379423868
10,25,17.905003932714934
10,26,21.036580441202435
10,27,23.847067546699492
10,28,27.173207052509035
10,29,30.09932087148884
10,30,30.779298326282508
10,31,29.730380989206115
10,32,31.10901425910256
10,33,29.032047764299726
10,34,25.29004743669702
10,35,23.402681977293984
10,36,19.756421274745264
10,37,18.350844799427545
10,38,15.159419235651873
10,39,15.143967545117576
10,40,13.644165853927875
10,41,13.929677922266503
10,42,14.754225999271853
10,43,17.881356704601867
10,44,19.473778787678434
10,45,19.600447774859386
10,46,18.278611636456056
10,47,19.039749555490587
10,48,19.080898726653285
10,49,17.286042497729078
10,50,19.05061386120898
10,51,20.76383230510557
10,52,22.97644926238542
10,53,25.48428348495613
10,54,26.26620248989412
10,55,29.51188310156556
10,56,31.824068443909525
10,57,30.09300017477945
10,58,28.262324397957578
10,59,24.918360686336033
10,60,22.79659126848917
10,61,23.81041407257024
10,62,22.890837723107207
10,63,26.079840366436603
10,64,26.916820624384812
10,65,25.63238724398217
10,66,22.349127219023654
10,67,19.279890290044396
10,68,17.766876326357895
10,69,18.869418272378553
10,70,18.5167942834873
10,71,19.956928929560057
10,72,20.704206047194237
10,73,22.15374039883094
10,74,23.42725751080525
10,75,21.18979831004732
10,76,17.8466283610516
10,77,16.544167756927727
10,78,14.63509891447462
10,79,13.872097489539929
10,80,14.12851417265821
10,81,14.164376504555081
10,82,16.452880311464394
10,83,18.089180296304917
10,84,15.188950063306192
10,85,16.319460633062306
10,86,15.21928263043236
10,87,16.387149554860784
10,88,14.085285588148256
10,89,11.051548541294965
10,90,10.073587180245077
10,91,8.909090167995718
10,92,9.613706944025358
10,93,11.48370222943374
10,94,13.282222624372636
10,95,16.815006174360228
10,96,19.367796111159933
10,97,23.02107400503534
10,98,26.01644154421461
10,99,28.72499065649621
10,100,31.855366777482406
10,101,34.085947345917994
10,102,33.85808765641688
10,103,32.638777909832314
10,104,29.427336166958995
10,105,26.251278547690365
10,106,23.072987152246682
10,107,19.593220926380866
10,108,16.614858859839202
10,109,13.046862659685077
10,110,10.82243836118615
10,111,8.512650921447715
10,112,5.217042964023461
10,113,4.685132672202304
10,114,5.965925907202733
10,115,7.813873827292143
10,116,11.219848215362825
10,117,14.28816163148632
10,118,17.826544265783383
10,119,19.43128053621327
11,1,27.599393818491205
11,2,25.970039003289887
11,3,23.325182867020803
11,4,19.94569365423077
11,5,16.610091297538087
11,6,13.623590700457891
11,7,9.888737749373682
11,8,7.113357133647844
11,9,7.025852312744611
11,10,3.7762048151528753
11,12,3.8147122907149633
11,13,6.506290144922258
11,14,9.514456456678316
11,15,12.67992541976004
11,16,14.020499683061772
11,17,11.748744795766394
11,18,10.26937729953977
11,19,6.966591246732135
11,20,7.390024102919572
11,21,7.14183498528444
11,22,10.329478445473956
11,23,12.442728800778527
11,24,15.421031414585343
11,25,18.589548480067513
11,26,22.00847153331334
11,27,24.638549750219514
11,28,28.190337572732528
11,29,30.786322710064173
11,30,31.006111378334108
11,31,29.799509621469188
11,32,30.734776151119558
11,33,28.600500914423023
11,34,24.970257715805122
11,35,23.02271032147431
11,36,19.24391968270089
11,37,17.908616809488667
11,38,14.571846267551482
11,39,15.093890592752768
11,40,13.638813960836302
11,41,14.819302942114934
11,42,15.675666377083543
11,43,19.00989095240872
11,44,20.908951234926384
11,45,20.44852340426269
11,46,18.8346685020835
11,47,18.867514923723125
11,48,18.51994822860905
11,49,16.069979443332176
11,50,17.62080805856023
11,51,19.634979472355788
11,52,21.705302928518453
11,53,24.472197136909642
11,54,25.16654534838615
11,55,28.5356806516144
11,56,30.793544619093094
11,57,28.9421778747105
11,58,26.75041174593553
11,59,23.209583157879447
11,60,21.19077143452124
11,61,21.77120033907266
11,62,20.81604867423735
11,63,23.801492732315594
11,64,24.36061951260518
11,65,22.87886478465643
11,66,19.84605393518892
11,67,16.577509713943318
11,68,15.273594632391923
11,69,16.225010641202395
11,70,16.268866853737038
11,71,17.899736239150474
11,72,19.25376263226868
11,73,20.98351743046581
11,74,22.760649323889208
11,75,20.97922777589823
11,76,17.352261251063293
11,77,15.366961241044551
11,78,12.795232210375175
11,79,11.72057081913512
11,80,11.201527769914954
11,81,11.261775456217475
11,82,13.20356503781806
11,83,15.00110470333607
11,84,12.429274203675929
11,85,13.93950932881968
11,86,13.47343632523417
11,87,15.174885199253612
11,88,12.700633415952133
11,89,10.246610201183886
11,90,10.35161730783843
11,91,9.965132761061827
11,92,9.787957447092488
11,93,12.2187577090571
11,94,13.564243360729785
11,95,17.34639084303097
11,96,19.728897531671315
11,97,23.456117955909367
11,98,26.378655021702105
11,99,28.88216997790772
11,100,31.9047878591852
11,101,34.26560583649071
11,102,34.41456610448955
11,103,33.49727453698664
11,104,30.24555315166924
11,105,27.307970469002804
11,106,24.266869010202093
11,107,20.878997751425
11,108,18.104370133168462
11,109,14.616723236159672
11,110,13.219138812555219
11,111,10.405139440146876
11,112,6.621507370145151
11,113,6.177722406422954
11,114,4.89738262998848
11,115,6.571094704389432
11,116,9.071402698956087
11,117,12.198685815941479
11,118,15.464658914909984
11,119,16.735159176681417
12,1,31.4030099742253
12,2,29.712521033262835
12,3,27.017360278357806
12,4,23.700794955200603
12,5,20.29222781653188
12,6,17.40419411197802
12,7,13.641612915978286
12,8,10.898393337396142
12,9,10.508185064480783
12,10,6.812978102302878
12,11,3.8147122907149633
12,13,3.795584603310599
12,14,6.462437243234326
12,15,9.180120580713906
12,16,11.099922726133133
12,17,9.23340364456944
12,18,8.679023235102417
12,19,6.57032495499251
12,20,8.575370507977706
12,21,9.819385731216546
12,22,13.38129580594872
12,23,15.76692853002993
12,24,18.89379350386343
12,25,22.169324599046924
12,26,25.66097094299634
12,27,28.194625524284245
12,28,31.789547671329558
12,29,34.25815421272435
12,30,34.280880370155124
12,31,32.9242029230196
12,32,33.58932236378844
12,33,31.32540418704193
12,34,27.778091137180862
12,35,25.63242224310763
12,36,21.83520285572827
12,37,20.24339824713826
12,38,16.702645289091397
12,39,17.017457044921485
12,40,15.027135422941642
12,41,16.30040078438494
12,42,16.456893548909772
12,43,19.513870596624045
12,44,21.978211973059707
12,45,21.450032235858895
12,46,20.173816036844574
12,47,19.95509726079491
12,48,19.85660409784118
12,49,17.061262367817356
12,50,18.88475219392859
12,51,21.402682235448864
12,52,23.59922392371548
12,53,26.659750980023677
12,54,27.48029380629474
12,55,30.963033474200905
12,56,33.25324024776925
12,57,31.396651491356643
12,58,28.902558364426746
12,59,25.245623009767606
12,60,23.246553006778985
12,61,23.276699880533894
12,62,22.035701589081093
12,63,24.598040427430636
12,64,24.708555789702665
12,65,22.72059197509565
12,66,20.066618516992957
12,67,16.473962379352415
12,68,15.964769503271583
12,69,17.111700734056473
12,70,17.853658997549616
12,71,19.75691773569328
12,72,21.65394502860085
12,73,23.567820534093908
12,74,25.675122662472216
12,75,24.17219347481772
12,76,20.453348664610917
12,77,18.06413210294478
12,78,15.080790479162788
12,79,13.611032338506385
12,80,12.025732500585587
12,81,11.444257651600315
12,82,12.267344709808444
12,83,13.397830675513887
12,84,10.747842088208442
12,85,11.655944860857492
12,86,11.046662299324908
12,87,13.520381707728212
12,88,11.701478369805628
12,89,9.395918250714766
12,90,10.857853343998833
12,91,11.755751717381086
12,92,11.967169344925805
12,93,15.003137329248956
12,94,16.567787475595466
12,95,20.34789097997735
12,96,22.850486129525827
12,97,26.52086481460813
12,98,29.511536446648723
12,99,31.78795281138151
12,100,34.83013498240557
12,101,37.29928532160355
12,102,37.55970965989667
12,103,36.769637707912175
12,104,33.43556212151633
12,105,30.654634125468114
12,106,27.56400866001174
12,107,24.31322565748412
12,108,21.443562626987
12,109,18.112529101289695
12,110,16.734799393786158
12,111,13.64700541090349
12,112,9.867911942342582
12,113,8.292872415741755
12,114,5.6063519087533145
12,115,4.967604823381782
12,116,6.3408737668432895
12,117,8.87946753705221
12,118,12.130940250888429
12,119,13.07196295977522
13,1,33.17891790067799
13,2,31.205166812252536
13,3,28.234553272250555
13,4,25.19263248890461
13,5,21.561193590196265
13,6,19.08061795801869
13,7,15.290208928556908
13,8,13.233349867238985
13,9,13.380745006584998
13,10,9.955460740517605
13,11,6.506290144922258
13,12,3.795584603310599
13,14,3.8110104895097225
13,15,6.579967742756159
13,16,7.620204375356173
13,17,5.503827208676585
13,18,5.144988809654985
13,19,4.348459138842093
13,20,7.645068726564491
13,21,10.16453498371175
13,22,13.941609661805249
13,23,16.367803148855923
13,24,19.779080640028365
13,25,23.11834993892366
13,26,26.783709620030017
13,27,28.96634686479834
13,28,32.62184912474349
13,29,34.76291180981655
13,30,34.40826092754447
13,31,32.77647869586741
13,32,33.02533064152962
13,33,30.605988930313725
13,34,27.230430526250572
13,35,24.920379617065137
13,36,21.179368597685343
13,37,19.503912950700165
13,38,15.986004871975583
13,39,16.560753886102706
13,40,14.670407935060402
13,41,16.629018318366377
13,42,16.852881968495755
13,43,19.96379907792407
13,44,22.51988749812278
13,45,21.412790651882194
13,46,19.918135150496813
13,47,19.027128043254912
13,48,18.654753105041735
13,49,15.430746677692625
13,50,17.1038165774621
13,51,19.928546360765093
13,52,22.077551072771715
13,53,25.370654768095662
13,54,26.302416109396685
13,55,29.876939296329137
13,56,32.2300002287244
13,57,30.490669623618306
13,58,27.66271473763531
13,59,23.970114269065412
13,60,21.909993355195667
13,61,21.362806059327884
13,62,19.86405540924247
13,63,22.02760072344678
13,64,21.807813781123148
13,65,19.539706597137794
13,66,17.20109278910609
13,67,13.490902829709535
13,68,13.546392790914085
13,69,14.843204541271325
13,70,16.26910065592475
13,71,18.572133014134067
13,72,21.00871753084843
13,73,23.331429270151656
13,74,25.65607822208165
13,75,24.438964965221512
13,76,20.701509470866444
13,77,17.775676017154545
13,78,14.59580754810712
13,79,12.529723754144149
13,80,10.05377808065978
13,81,8.881050490357056
13,82,8.862344374841411
13,83,9.814981245184743
13,84,7.592017577909516
13,85,8.98854443252358
13,86,9.494172055736117
13,87,12.173957162425566
13,88,10.223586843975834
13,89,9.139403846492716
13,90,11.367518381413086
13,91,12.757329754928598
13,92,12.310101754717213
13,93,15.559211862625334
13,94,16.84817222507969
13,95,20.546928842665245
13,96,22.96440582685363
13,97,26.510518966363325
13,98,29.47537870555664
13,99,31.407801084516798
13,100,34.387620483370235
13,101,36.986217197322844
13,102,37.49253979921609
13,103,36.97727915694702
13,104,33.588728705822895
13,105,31.125029002018817
13,106,28.129508128937793
13,107,25.130662886549377
13,108,22.400315469673934
13,109,19.369863152374947
13,110,18.627558870459215
13,111,15.238508211609801
13,112,11.621248584627041
13,113,10.308919020135548
13,114,6.72687759434863
13,115,6.123336874052989
13,116,5.251166519910368
13,117,7.708105239977582
13,118,10.075317948085763
13,119,10.934387823510729
14,1,36.1527570683074
14,2,34.30227851673477
14,3,31.225415415961127
14,4,28.190337572148813
14,5,24.576106663290272
14,6,22.000032181945848
14,7,18.21840005156626
14,8,16.044333561248333
14,9,16.54013332296708
14,10,13.072924464422066
14,11,9.514456456678316
14,12,6.462437243234326
14,13,3.8110104895097225
14,15,3.7962667429620636
14,16,5.178171314461508
14,17,5.286037745139601
14,18,5.265727146657233
14,19,6.409589392162278
14,20,9.322425972086426
14,21,12.418873830772359
14,22,16.05117277296424
14,23,18.919992070987217
14,24,22.147794313306758
14,25,25.681375674306814
14,26,29.312907106251263
14,27,31.526489894850837
14,28,35.27312812526473
14,29,37.24479767093614
14,30,36.64246297928319
14,31,35.10489340195593
14,32,35.09135666391413
14,33,32.822204815379074
14,34,29.624502719932405
14,35,27.493454400259704
14,36,23.809466963406635
14,37,22.4113076753007
14,38,19.073095256887537
14,39,19.959631308564315
14,40,18.208810571239365
14,41,20.3234690524605
14,42,20.42511760457037
14,43,23.394930346573958
14,44,26.10370452277809
14,45,24.9067213956141
14,46,23.424011078437914
14,47,22.256078894581673
14,48,21.695251621671016
14,49,18.23425470321681
14,50,19.56034815736199
14,51,22.3800088473286
14,52,24.1920883282799
14,53,27.47539992450255
14,54,28.14082253777439
14,55,31.63183751630084
14,56,33.73661724344869
14,57,31.782182836722118
14,58,28.800798907781488
14,59,25.056454669272203
14,60,23.400963591734484
14,61,22.561629290773517
14,62,21.28506411260055
14,63,23.106948805354655
14,64,22.522612890829922
14,65,20.084833401053753
14,66,18.357403235844462
14,67,14.701124941510049
14,68,15.092466130292207
14,69,15.842402317112452
14,70,17.46742906270797
14,71,19.506468085152953
14,72,22.2842913157868
14,73,24.4602052101761
14,74,27.185038385547205
14,75,26.441722531630152
14,76,22.661826272249684
14,77,19.595648075042252
14,78,16.082138198429593
14,79,14.35448183210174
14,80,11.358247479124083
14,81,10.620358348345876
14,82,9.524163225909803
14,83,10.29109060128543
14,84,9.155209552980345
14,85,10.309157048477356
14,86,11.235249560201197
14,87,14.447136755757228
14,88,13.035605184977427
14,89,12.39962204339361
14,90,15.013245841221137
14,91,16.563819139552372
14,92,15.987176879530033
14,93,19.131698762574597
14,94,20.084700727908068
14,95,23.770634774204478
14,96,25.910899639329514
14,97,29.44792762969367
14,98,32.21602200103949
14,99,34.09882370129991
14,100,36.886167070145035
14,101,39.47110713701992
14,102,40.247345555908126
14,103,39.88836596776372
14,104,36.58398928442165
14,105,34.200948674824105
14,106,31.372851398803736
14,107,28.36419571157572
14,108,25.832817384780178
14,109,22.762203748476058
14,110,22.132788107546062
14,111,18.86332775999426
14,112,15.202676487109901
14,113,14.02158049582545
14,114,10.513847705279924
14,115,9.374490775418538
14,116,7.616594689939956
14,117,8.473294716431907
14,118,9.948454928062588
14,119,9.427754532782629
15,1,39.66311933453131
15,2,37.71517830712311
15,3,34.665018890219436
15,4,31.668093090160916
15,5,28.01947342999734
15,6,25.525189785809488
15,7,21.730659002830176
15,8,19.518421566027335
15,9,19.615928898216776
15,10,15.97285101867196
15,11,12.67992541976004
15,12,9.180120580713906
15,13,6.579967742756159
