1,2,3.811730923707899
1,3,6.631204673846065
1,4,10.16214877850692
1,5,13.148467679851935
1,6,15.883335041416947
1,7,19.20475229777856
1,8,22.056120705212397
1,9,25.59688058126394
1,10,28.564396662806388
1,11,31.723962421461362
1,12,34.54263702374635
1,13,35.22173167053353
1,14,38.67117993124967
1,15,40.11484966601167
1,16,40.70083325643355
1,17,44.34580153385327
1,18,45.59327461805127
1,19,47.169054117369846
1,20,45.79935931141994
1,21,42.97519443419069
1,22,39.625885254672376
1,23,35.94101316315179
1,24,33.32837691248277
1,25,29.905962445310745
1,26,26.48062760434978
1,27,24.08525581718929
1,28,20.335723650332465
1,29,18.441857109198878
1,30,15.479122649893212
1,31,12.896717195877827
1,32,9.584450584119075
1,33,9.012046660858331
1,34,12.674015479326574
1,35,14.064545125046296
1,36,16.360348032317535
1,37,19.785971577964705
1,38,22.48549109646039
1,39,26.126014435662633
1,40,29.173142314854704
1,41,31.617833611876456
1,42,35.38813905963674
1,43,36.781763328222915
1,44,33.762948942654226
1,45,34.018620875312834
1,46,31.65514718345466
1,47,33.13203544874922
1,48,33.33937052550457
1,49,34.20474588750278
1,50,30.960624371791216
1,51,29.7891160816432
1,52,26.501475615328598
1,53,25.658373602253956
1,54,23.753622695446353
1,55,20.00520418414676
1,56,19.664904096967497
1,57,17.4928836313415
1,58,18.38387739957737
1,59,18.609258532431994
1,60,15.271253766363776
1,61,13.71065585788959
1,62,13.399549408916712
1,63,15.279959012716557
1,64,18.625949955646433
1,65,21.240787889339174
1,66,24.815934361206857
1,67,26.50004270759251
1,68,30.261940440062798
1,69,33.45888128196907
1,70,37.159987211861306
1,71,38.8236514373388
1,72,42.04899298311379
1,73,41.4218213685108
1,74,43.93556058738084
1,75,44.57016449658923
1,76,43.521985466416815
1,77,40.67605715765285
1,78,37.32170202174219
1,79,34.236281504961326
1,80,30.54835257494156
1,81,27.061693555112207
1,82,24.797836359763238
1,83,21.02972097897238
1,84,18.47772109869342
1,85,14.708854002377244
1,86,11.902087245959253
1,87,11.839951330430996
1,88,15.590077172110997
1,89,17.22632082545544
1,90,20.150052078613694
1,91,21.32734154574179
1,92,22.369483279341186
1,93,25.881711651728626
1,94,27.01999089112769
1,95,30.774536161881365
1,96,32.580665116303976
1,97,34.481895253936344
1,98,37.06232633397383
1,99,36.44867053354091
1,100,32.716204259145954
2,1,3.811730923707899
2,3,3.735494738822767
2,4,6.885083472787145
2,5,10.162996136117467
2,6,13.066620928973197
2,7,16.080427434720377
2,8,19.221412792064253
2,9,22.681075609689238
2,10,25.868246785880928
2,11,28.94985625536189
2,12,31.89760239899039
2,13,32.61199971477407
2,14,35.93043375040427
2,15,37.20969834792725
2,16,37.93841325838571
2,17,41.64708144328034
2,18,43.060314277097376
2,19,44.824456113155584
2,20,43.44625036457887
2,21,40.788516361525424
2,22,37.32679608225078
2,23,33.72760942738035
2,24,31.063847579143975
2,25,27.559439696440574
2,26,24.135445702965445
2,27,21.54125922853138
2,28,17.828742552153884
2,29,15.645695498874748
2,30,12.402657947802847
2,31,10.272107525211485
2,32,7.639207935819655
2,33,8.285955947040772
2,34,11.993301683634652
2,35,13.86545124243223
2,36,15.481888991703702
2,37,18.90573549233337
2,38,21.112655737903662
2,39,24.773645973166204
2,40,27.501648485745406
2,41,29.96126507263685
2,42,33.65915171475316
2,43,35.04008949743453
2,44,32.224292524459976
2,45,32.773269298580885
2,46,30.533202843409423
2,47,31.89517623506984
2,48,32.43204192587939
2,49,33.12500211285843
2,50,29.696208726224956
2,51,28.530144016014443
2,52,25.14428263950703
2,53,24.206794765959415
2,54,22.690464561227113
2,55,18.922812325225003
2,56,18.182174283800435
2,57,15.570593571746517
2,58,15.937826620399905
2,59,16.178138890499703
2,60,12.598229201936936
2,61,11.669545360939761
2,62,10.873650691666642
2,63,13.233358748901033
2,64,16.38274889297724
2,65,19.313100655497678
2,66,22.762102812533936
2,67,24.707230864392514
2,68,28.383720325908943
2,69,31.7163217473977
2,70,35.32123044969406
2,71,36.85368636211855
2,72,39.926573001421815
2,73,39.1067519973838
2,74,41.60549851999591
2,75,42.093448831882235
2,76,41.24415922973928
2,77,38.54130621463227
2,78,35.13571410959178
2,79,32.07246684009345
2,80,28.385778186504773
2,81,25.013589001228873
2,82,23.075802831633048
2,83,19.320588556925237
2,84,17.2435505540639
2,85,13.541239470618473
2,86,11.289348886711409
2,87,10.16587028884542
2,88,13.968204200559114
2,89,16.14045948525027
2,90,19.015329958078887
2,91,19.95210627986257
2,92,20.38811607989436
2,93,23.81315543410647
2,94,24.542849513912284
2,95,28.291702784008177
2,96,29.964122294426314
2,97,31.59579583846393
2,98,34.10210097693601
2,99,33.25423679621092
2,100,29.50980380675696
3,1,6.631204673846065
3,2,3.735494738822767
3,4,3.768674899634152
3,5,6.564607334612098
3,6,9.56735071745538
3,7,12.730315383303633
3,8,15.711708846588245
3,9,19.27943908049416
3,10,22.37321587361015
3,11,25.576065300709576
3,12,28.610441617425
3,13,29.558694669283458
3,14,32.85360254608287
3,15,34.01164849189176
3,16,34.56395843881829
3,17,38.24850527167741
3,18,39.554814916132344
3,19,41.36410623879768
3,20,40.116813389438256
3,21,37.52350753045434
3,22,34.09831143868215
3,23,30.536927402903153
3,24,27.71838560850855
3,25,24.300494353358584
3,26,20.770419765337387
3,27,18.38196880862509
3,28,14.617272078118372
3,29,12.826709885528087
3,30,9.915546173489126
3,31,7.358761800351632
3,32,5.418645330648685
3,33,6.666124376951424
3,34,10.149631356222889
3,35,11.695482401748354
3,36,12.580378485926092
3,37,15.795700076564618
3,38,17.800843286341674
3,39,21.38780823497513
3,40,24.012103694371625
3,41,26.37255833154387
3,42,30.048164240749312
3,43,31.367285449142702
3,44,28.59005527128447
3,45,29.25677808092223
3,46,27.12959402889668
3,47,28.552435819353352
3,48,29.318701051307016
3,49,30.099271694781137
3,50,26.65998373362281
3,51,25.755708465416216
3,52,22.496547815091162
3,53,21.905388803940344
3,54,20.85240126512367
3,55,17.217913291052625
3,56,16.80277344397439
3,57,14.404982918454008
3,58,14.985263743493736
3,59,15.9927866924136
3,60,12.577602192476972
3,61,11.576344666171059
3,62,9.585152759215484
3,63,11.380498632102217
3,64,13.999069236392353
3,65,16.693873166109434
3,66,19.92320528740363
3,67,21.662813394676885
3,68,25.295436121945574
3,69,28.5515257951681
3,70,32.13182388797275
3,71,33.48422802145009
3,72,36.494553712806464
3,73,35.569431147564295
3,74,37.989055163139454
3,75,38.428446510455714
3,76,37.532242851005066
3,77,34.8539346676999
3,78,31.424075149520846
3,79,28.400541138516825
3,80,24.69688647796315
3,81,21.371109422626443
3,82,19.441726070195447
3,83,15.719696376628958
3,84,13.800780660412235
3,85,10.212136155616877
3,86,8.427193604170789
3,87,6.807121103303735
3,88,10.557564595949557
3,89,13.14846451899056
3,90,15.752519030876167
3,91,16.43791386157411
3,92,16.698067555395426
3,93,20.089522027409764
3,94,20.822056199140956
3,95,24.578033999811392
3,96,26.323838810444478
3,97,28.020248218905948
3,98,30.62084495691927
3,99,29.894684901983098
3,100,26.182137243969382
4,1,10.16214877850692
4,2,6.885083472787145
4,3,3.768674899634152
4,5,3.7970379527669964
4,6,6.385508004992862
4,7,9.196062714265484
4,8,12.430775622994542
4,9,15.843928923193944
4,10,19.12384368803382
4,11,22.18503791337831
4,12,25.257538319496152
4,13,26.17295355990403
4,14,29.37382511307943
4,15,30.46473808944368
4,16,31.162517380433343
4,17,34.89056683855676
4,18,36.36577024042671
4,19,38.27356925226161
4,20,36.957235170971785
4,21,34.482642868755626
4,22,30.96820628074044
4,23,27.488238586582202
4,24,24.69748555522353
4,25,21.20278732535956
4,26,17.752702096799727
4,27,15.145500446604403
4,28,11.495385866012795
4,29,9.445791254503026
4,30,6.458037630086785
4,31,4.552288972025791
4,32,4.787033579297381
4,33,7.319570472859131
4,34,9.801479794521613
4,35,11.73322619412046
4,36,11.74161651474643
4,37,14.768502399599258
4,38,16.02591521078287
4,39,19.559116761715366
4,40,21.772271167642316
4,41,24.237144328830986
4,42,27.790701648395647
4,43,29.23225392865231
4,44,26.75742546796855
4,45,27.59076591321694
4,46,25.50698914122018
4,47,26.654172580765174
4,48,27.66774941753373
4,49,28.17107665923231
4,50,24.585980053100116
4,51,23.638297616153565
4,52,20.337967862384332
4,53,19.662785631871568
4,54,19.082116288000226
4,55,15.627540541038542
4,56,14.921194254666927
4,57,12.359355296060578
4,58,12.573170425158091
4,59,13.979421093365751
4,60,10.809332156946613
4,61,10.287253688683057
4,62,7.43879160275814
4,63,9.209054848381648
4,64,11.23934405324314
4,65,14.11506127770781
4,66,17.109064767093212
4,67,19.107722535319507
4,68,22.592410756314063
4,69,25.96396476943533
4,70,29.41676931780243
4,71,30.705215416519096
4,72,33.589753583123176
4,73,32.577110651473944
4,74,35.05599004617395
4,75,35.4697014872148
4,76,34.82487847713916
4,77,32.22069027699848
4,78,28.8305928359131
4,79,25.755326620054074
4,80,22.130920853637996
4,81,18.901809963917493
4,82,17.501654255993092
4,83,13.901003069769812
4,84,12.849007945186957
4,85,9.739484306159492
4,86,9.358606640265718
4,87,7.094876841268149
4,88,10.168100436705835
4,89,13.451670966047722
4,90,15.468851334433763
4,91,15.465962936253442
4,92,14.956632400196591
4,93,18.004996069478334
4,94,18.166860501245875
4,95,21.836737255629682
4,96,23.284574496626934
4,97,24.79573696701197
4,98,27.233294845631704
4,99,26.392599030519914
4,100,22.64246978193225
5,1,13.148467679851935
5,2,10.162996136117467
5,3,6.564607334612098
5,4,3.7970379527669964
5,6,3.8222584609747443
5,7,6.584374479519375
5,8,9.472452348870295
5,9,13.1058407283031
5,10,16.21766517185164
5,11,19.52144176352045
5,12,22.798645837173122
5,13,24.165792758081153
5,14,27.254650635977455
5,15,28.056391200627864
5,16,28.446846560154086
5,17,32.131151132149434
5,18,33.41470577323982
5,19,35.44719930791123
5,20,34.396288154564864
5,21,32.07108709248937
5,22,28.639658754872872
5,23,25.271785108007727
5,24,22.19584046159828
5,25,18.919942636968294
5,26,15.299989723744675
5,27,13.19554689512882
5,28,9.634463166917739
5,29,8.627274579627512
5,30,6.8706781050890156
5,31,5.092454606509302
5,32,6.958464118384356
5,33,9.144772442382024
5,34,10.799578468192827
5,35,11.829124335780191
5,36,10.649220956820486
5,37,12.913445445019926
5,38,13.75254051628699
5,39,16.982763334459882
5,40,18.962797846660454
5,41,21.117945220611052
5,42,24.607713422883755
5,43,25.817896343491515
5,44,23.368123656412326
5,45,24.48403863103483
5,46,22.703410603583272
5,47,24.047508533328894
5,48,25.455835600459384
5,49,26.17616274499828
5,50,22.664707646755442
5,51,22.217539855495495
5,52,19.246501710662688
5,53,19.16832292180794
5,54,19.264242447483877
5,55,16.20565608422032
5,56,15.998183956949022
5,57,13.938067777599468
5,58,14.310744724696344
5,59,16.298875431943927
5,60,13.55146571281696
5,61,13.123425096542366
5,62,9.675421831494374
5,63,10.381207993735401
5,64,11.214311498728108
5,65,13.416987995622064
5,66,15.814896292851964
5,67,17.35257025592161
5,68,20.661448532551855
5,69,23.82421744287997
5,70,27.192481595610328
5,71,28.11734975899436
5,72,30.854813816908766
5,73,29.599545484301927
5,74,31.87557663400516
5,75,32.11668406928678
5,76,31.345989033362653
5,77,28.845548865621232
5,78,25.36198292017384
5,79,22.440904472394262
5,80,18.76404785075098
5,81,15.71636224365788
5,82,14.290499300241935
5,83,10.897269833999365
5,84,10.223941010268433
5,85,7.840113718375886
5,86,8.422883363749943
5,87,5.55888001254173
5,88,7.417318878696489
5,89,10.990700849551088
5,90,12.522588112300749
5,91,12.26585814645805
5,92,11.33289521252506
5,93,14.360753575026838
5,94,14.55062828066827
5,95,18.269592980795846
5,96,19.96585122371817
5,97,21.50247261858358
5,98,24.174893470170005
5,99,23.449513445190007
5,100,19.791292687270733
6,1,15.883335041416947
6,2,13.066620928973197
6,3,9.56735071745538
6,4,6.385508004992862
6,5,3.8222584609747443
6,7,3.785347355685555
6,8,6.183465686706949
6,9,9.760155021031272
6,10,12.817887354054486
6,11,16.03189434360765
6,12,19.164068403482634
6,13,20.434169051849285
6,14,23.612388488300756
6,15,24.59647862029787
6,16,25.010752425955626
6,17,28.69106662671243
6,18,30.036598187236756
6,19,31.94596697644008
6,20,30.75343405351895
6,21,28.359923178046074
6,22,24.900539601131875
6,23,21.49881537630132
6,24,18.508237937005006
6,25,15.151689091410061
6,26,11.581495413728733
6,27,9.383234388759112
6,28,5.831373811977729
6,29,5.438817890034091
6,30,5.345491014992068
6,31,4.342822481914363
6,32,7.6590994128081595
6,33,9.787324810764272
6,34,10.042699747857517
6,35,11.081716822103042
6,36,9.124132252697617
6,37,10.997996095839468
6,38,10.979944055154865
6,39,14.158682132232636
6,40,15.837005770477088
6,41,18.295566463395108
6,42,21.711399003322146
6,43,23.281049918756704
6,44,21.124447713223688
6,45,22.070294087198196
6,46,20.10860437748463
6,47,21.038268772739965
6,48,22.471800330522
6,49,22.886261587959876
6,50,19.286003960095
6,51,18.766340626037444
6,52,15.835225346449223
6,53,15.843815814991594
6,54,16.414228279907118
6,55,13.766408288011746
6,56,13.74103413137413
6,57,12.20469972623633
6,58,12.861395161824639
6,59,15.538313015000812
6,60,13.565159086854884
6,61,12.906967955542072
6,62,9.100748302436912
6,63,8.637449029146858
6,64,8.295942479306275
6,65,10.04640177459542
6,66,12.111834522287927
6,67,13.70176301324608
6,68,16.929464852457176
6,69,20.16586590591387
6,70,23.494226082910437
6,71,24.521118052587866
6,72,27.30127891701319
6,73,26.202845959011196
6,74,28.674712994357808
6,75,29.159012518311883
6,76,28.58001553995233
6,77,25.935988123731768
6,78,22.619852729804
6,79,19.466481993779126
6,80,15.918043686399097
6,81,12.750157754726672
6,82,11.939858793038443
6,83,8.723085859137504
6,84,9.249774035528882
6,85,7.815042475010375
6,86,9.908516979535184
6,87,8.069301603137436
6,88,8.866164842945253
6,89,12.652647339875575
6,90,13.095861311341892
6,91,11.69060381711527
6,92,10.253186039637155
6,93,12.549086868203736
6,94,12.221799999070754
6,95,15.757434807520463
6,96,17.001469146236087
6,97,18.744348377698774
6,98,21.188238904744015
6,99,20.745493616809295
6,100,17.040673728047672
7,1,19.20475229777856
7,2,16.080427434720377
7,3,12.730315383303633
7,4,9.196062714265484
7,5,6.584374479519375
7,6,3.785347355685555
7,8,3.8063188993214867
7,9,6.814076820048384
7,10,10.334597159930276
7,11,13.292875724275868
7,12,16.64302264198536
7,13,18.039163495801315
7,14,20.912371157649098
7,15,21.575448575497084
7,16,22.17980022389434
7,17,25.93052758110822
7,18,27.514603060853503
7,19,29.688886879264455
7,20,28.510106248386947
7,21,26.427723940266475
7,22,22.873338587164046
7,23,19.739171197468202
7,24,16.743254552692733
7,25,13.442161162798147
7,26,10.170129014708891
7,27,7.884988519060104
7,28,5.510869884292382
7,29,5.350272136947489
7,30,6.3121936705953985
7,31,7.377798907328163
7,32,11.049412337073635
7,33,13.380506483177198
7,34,13.306666885761473
7,35,14.442388412519712
7,36,12.077977305436308
7,37,13.24129185578963
7,38,12.16989136558671
7,39,14.721681721897426
7,40,15.49771509675317
7,41,17.776884367284854
7,42,20.81576386853931
7,43,22.331778082355992
7,44,20.687074934539336
7,45,22.02164580077339
7,46,20.39238891196749
7,47,21.022041639482957
7,48,22.878807675497566
7,49,22.993785291533833
7,50,19.38544952618469
7,51,18.97664747154895
7,52,16.272186695602922
7,53,16.254473195603506
7,54,17.505810055791276
7,55,15.378877782214639
7,56,14.966863293519232
7,57,13.40494419266762
7,58,13.341684933507883
7,59,15.995870476110351
7,60,14.493501436215888
7,61,14.598218744615924
7,62,10.903514397606289
7,63,10.517557500035819
7,64,9.10169379670674
7,65,10.600619888244543
7,66,11.691206405909826
7,67,13.468132816974041
7,68,16.118864609204696
7,69,19.332926275552836
7,70,22.30290062351663
7,71,23.03946466796904
7,72,25.477654264109983
7,73,24.085288832212576
7,74,26.500193128734708
7,75,26.77155724767483
7,76,26.54566713094688
7,77,24.17386560114938
7,78,20.898564019755064
7,79,17.87975991123393
7,80,14.574791270539299
7,81,11.975119987698031
7,82,12.183346820313155
7,83,9.870978914495167
7,84,11.52699955589478
7,85,11.027010349564014
7,86,13.397695996090636
7,87,11.224456574854273
7,88,11.268711480691087
7,89,14.845828106475707
7,90,14.862510071007854
7,91,13.099132045543723
7,92,10.625463143375484
7,93,12.044736769898309
7,94,10.605425044354549
7,95,13.805117440121496
7,96,14.600601757121261
7,97,15.806906515785137
7,98,18.064858689334482
7,99,17.28037247810653
7,100,13.524426322589381
8,1,22.056120705212397
8,2,19.221412792064253
8,3,15.711708846588245
8,4,12.430775622994542
8,5,9.472452348870295
8,6,6.183465686706949
8,7,3.8063188993214867
8,9,3.8078668463342704
8,10,6.772661848876443
8,11,10.089803239964787
8,12,13.486224790330986
8,13,15.323637567793222
8,14,18.19812500033962
8,15,18.796046247402693
8,16,18.986458404245937
8,17,22.65927122373418
8,18,24.011125571520687
8,19,26.121027964949626
8,20,25.094599531511005
8,21,23.02038894780745
8,22,19.582657461506596
8,23,16.505861774178797
8,24,13.273004092578956
8,25,10.248938997132749
8,26,6.8761477987101
8,27,5.730740883292085
8,28,4.715403792138472
8,29,6.874904712177605
8,30,9.290857739487826
8,31,9.927740268389089
8,32,13.485461352995586
8,33,15.347416264744947
8,34,14.515250294695678
8,35,14.95277919592339
8,36,11.887530841837622
8,37,11.972286256975485
8,38,9.971556330404827
8,39,11.819921485455568
8,40,12.033233514650197
8,41,14.204607142500269
8,42,17.102001234066375
8,43,18.716268792543563
8,44,17.30781318441104
8,45,18.6517252403931
8,46,17.15570340636128
8,47,17.643034879667237
8,48,19.781866511215316
8,49,19.91835917009598
8,50,16.45205497032794
8,51,16.521650126447476
8,52,14.36134084373217
8,53,15.045982329217669
8,54,16.988926895398382
8,55,15.564777219574632
8,56,15.804235283502138
8,57,15.09767716742421
8,58,15.538124047639936
8,59,18.612872071310377
8,60,17.59687922397159
8,61,17.325202962354407
8,62,13.61691250789074
8,63,12.277274723319776
8,64,9.910685031097975
8,65,9.998353852849412
8,66,9.95307167639309
8,67,10.930764724430828
8,68,13.171886270750948
8,69,16.0865293101474
8,70,18.944308007790312
8,71,19.429993504096824
8,72,21.828499993006215
8,73,20.40124043906137
8,74,22.802414885593052
8,75,23.190151620344082
8,76,22.905649237278567
8,77,20.426661361671048
8,78,17.216691368717008
8,79,14.107948283371417
8,80,10.87741619601875
8,81,8.411611874116065
8,82,9.327596340003192
8,83,7.95566408033435
8,84,10.701395056891704
8,85,11.43853599616853
8,86,14.538768754262668
8,87,12.984905973994342
8,88,12.069083299544559
8,89,15.354141651966017
8,90,14.401828131893703
8,91,11.845259016794126
8,92,9.016687263933319
8,93,9.356424987972597
8,94,7.451133648917997
8,95,10.388233093364002
8,96,11.022294538150584
8,97,12.679802148973662
8,98,15.031034259205134
8,99,14.84842619120002
8,100,11.248730300096282
9,1,25.59688058126394
9,2,22.681075609689238
9,3,19.27943908049416
9,4,15.843928923193944
9,5,13.1058407283031
9,6,9.760155021031272
9,7,6.814076820048384
9,8,3.8078668463342704
9,10,3.8113844490486137
9,11,6.50626773192297
9,12,10.016601390264398
9,13,11.967885081996057
9,14,14.578404465495897
9,15,15.023177332644769
9,16,15.386363314276418
9,17,19.12288392265173
9,18,20.74625214529316
9,19,22.969566597445887
9,20,21.833112682354898
9,21,19.996170288533378
9,22,16.480504577812937
9,23,13.70969169809908
9,24,10.639230297723435
9,25,7.833514271545082
9,26,5.526292755335725
9,27,5.067417251665872
9,28,6.598429534024235
9,29,8.771895407281457
9,30,11.725815025185758
9,31,13.088460728976813
9,32,16.750640814773412
9,33,18.636073990714465
9,34,17.395110644334693
9,35,17.931634471166525
9,36,14.797901758250225
9,37,14.434791578255819
9,38,11.652072832053456
9,39,12.624777910916873
9,40,11.707614573972647
9,41,13.750838006353789
9,42,16.002110761919266
9,43,17.813248874910308
9,44,17.180802418637125
9,45,18.595425811826598
9,46,17.318566403427532
9,47,17.179704567330063
9,48,19.54363255538997
9,49,19.18413053394075
9,50,15.863811861820977
9,51,15.977838566729554
9,52,14.27101581236449
9,53,14.963104080394862
9,54,17.545656054932227
9,55,16.834976074137646
9,56,16.921379258861535
9,57,16.548601538025384
9,58,16.713400550306076
9,59,19.822943896387628
9,60,19.431681503682086
9,61,19.422770300641535
9,62,15.956154219919986
9,63,14.416584736991886
9,64,11.37579552325484
9,65,10.85526774266521
9,66,9.540438435743472
9,67,10.444754840821181
9,68,11.66753023267085
9,69,14.387963209084559
9,70,16.721723311107638
9,71,16.994315208524892
9,72,19.058629196087
9,73,17.520430469613945
9,74,20.03564403354655
9,75,20.46664745740666
9,76,20.687587322472012
9,77,18.373484447316436
9,78,15.491697189841197
9,79,12.438366740525073
9,80,9.948371894831547
9,81,8.458260896198132
9,82,10.761608114476456
9,83,10.538433667811784
9,84,13.823892294030365
9,85,14.992278602573203
9,86,18.249839573610284
9,87,16.789570086494678
9,88,15.70643094856708
9,89,18.807977321105735
9,90,17.485534731126688
9,91,14.619796719202176
9,92,11.529788551781875
9,93,10.647620764714976
9,94,7.650001448003601
9,95,9.281943093914311
9,96,8.646812934063593
9,97,9.8983454613384
9,98,11.67758701664236
9,99,11.571777850225125
9,100,7.998363561947368
10,1,28.564396662806388
10,2,25.868246785880928
10,3,22.37321587361015
10,4,19.12384368803382
10,5,16.21766517185164
10,6,12.817887354054486
10,7,10.334597159930276
10,8,6.772661848876443
10,9,3.8113844490486137
10,11,3.7995299733271652
10,12,7.237460541093512
10,13,10.000233965988656
10,14,12.426557159672749
10,15,12.726312060189372
10,16,12.381794098223322
10,17,15.96853912638687
10,18,17.253909379735955
10,19,19.39023016014291
10,20,18.471005344769484
10,21,16.68289448208464
10,22,13.374645352894005
10,23,10.828364234092652
10,24,7.43327177657411
10,25,5.643824060676832
10,26,4.486613834081853
10,27,6.5012227059744445
10,28,8.991305647848746
10,29,11.885356177638187
10,30,15.151056743306096
10,31,16.131625327601963
10,32,19.608412541389505
10,33,21.15019171807769
10,34,19.487720379066772
10,35,19.482387588108995
10,36,16.058254150407688
10,37,14.823624418114777
10,38,11.450602632373375
10,39,11.242863385071614
10,40,9.291540972579675
10,41,10.928904660131497
10,42,12.65474785931554
10,43,14.620641358194684
10,44,14.52885112314137
10,45,15.891074060485362
10,46,14.901298035879266
10,47,14.4396495798572
10,48,17.12710756870007
10,49,16.73499296256523
10,50,13.814630123315611
10,51,14.581051997552834
10,52,13.773487785889245
10,53,15.19756309453176
10,54,18.28817030175478
10,55,18.26187256211803
10,56,18.894968878122775
10,57,19.16622842788607
10,58,19.715699769601002
10,59,23.015588608834744
10,60,22.86976994716339
10,61,22.570433506795105
10,62,19.13830255598332
10,63,17.11261453682845
10,64,13.786868277805034
10,65,12.268518506774003
10,66,9.943003025803757
10,67,9.604386464848126
10,68,9.759679644444176
10,69,11.71923448636782
10,70,13.668192641118926
10,71,13.471615251430212
10,72,15.39857421373595
10,73,13.780171054838258
10,74,16.31140905411819
10,75,16.94824584117474
10,76,17.162461203117363
10,77,14.71467026056537
10,78,12.06519824655829
10,79,8.932393358515522
10,80,7.092919049136593
10,81,6.6303087406234384
10,82,9.938312927894453
10,83,11.007171065879518
10,84,14.708795256925082
10,85,16.659527405336004
10,86,20.200001600327408
10,87,19.19121142637463
10,88,17.584709756583912
10,89,20.309007212768776
10,90,18.320973877223956
10,91,15.039259159599485
10,92,12.077669144783574
10,93,10.035521062600335
10,94,6.871811400619365
10,95,7.034814602563944
10,96,5.441485176224106
10,97,7.49598583273582
10,98,9.155954628073733
10,99,10.204441343971913
10,100,7.449046215067663
11,1,31.723962421461362
11,2,28.94985625536189
11,3,25.576065300709576
11,4,22.18503791337831
11,5,19.52144176352045
11,6,16.03189434360765
11,7,13.292875724275868
11,8,10.089803239964787
11,9,6.50626773192297
11,10,3.7995299733271652
11,12,3.7958552167362427
11,13,6.780285058061179
11,14,8.722273391130319
11,15,8.969413220088821
11,16,8.992016306450855
11,17,12.709600895847686
11,18,14.514410064517987
11,19,16.687669264903032
11,20,15.445306193304004
11,21,13.94278270816328
11,22,10.505814609833013
11,23,8.556317098939711
11,24,5.987980666580896
11,25,5.2565139980206235
11,26,6.587854575000854
11,27,8.370913101692281
11,28,11.667673838271938
11,29,14.150290439668103
11,30,17.544560623995032
11,31,19.011337016659184
11,32,22.547772120263396
11,33,24.15144263051846
11,34,22.25045972418804
11,35,22.482757082522333
11,36,19.20666265262542
11,37,17.97930616712081
11,38,14.406899709276624
11,39,13.811681811003721
11,40,11.231538209952486
11,41,12.688184279919872
11,42,13.48555280007181
11,43,15.667875037225013
11,44,16.419019212713753
11,45,17.599201376507143
11,46,16.740189470092137
11,47,15.534982823600958
11,48,18.118303232022694
11,49,17.064682106069554
11,50,14.471769560175762
11,51,15.031875428918605
11,52,14.6632697849218
11,53,15.829332984264576
11,54,19.25340067526206
11,55,19.79945066213865
11,56,20.194743466529438
11,57,20.68656690185855
11,58,20.992166964213723
11,59,24.20716413069089
11,60,24.585393533100696
11,61,24.481614516286214
11,62,21.32976191953306
11,63,19.2561695946847
11,64,15.667028074725302
11,65,13.957628290925053
11,66,10.976675503665858
11,67,10.764156067984308
11,68,9.686983821652225
11,69,11.183563900886496
11,70,12.2063735245456
11,71,11.866074312396464
11,72,13.271068049663622
11,73,11.713197621280012
11,74,14.517636394406956
11,75,15.381565054451734
11,76,16.394711625450373
11,77,14.2223997766186
11,78,12.373387115856142
11,79,9.639737685925384
11,80,9.258414625724045
11,81,9.698509756100005
11,82,13.318470071898412
11,83,14.621771763499655
11,84,18.3553380206078
11,85,20.26305323885644
11,86,23.826430971940823
11,87,22.828297235461143
11,88,21.35509627758236
11,89,24.105370029958472
11,90,22.07991978005683
11,91,18.747769778449012
11,92,15.811415589153636
11,93,13.489283490691403
11,94,10.208135896583899
11,95,9.243145618152178
11,96,6.160427399387083
11,97,7.116067363581273
11,98,7.066548946230006
11,99,8.50824688481551
11,100,6.573082935260629
12,1,34.54263702374635
12,2,31.89760239899039
12,3,28.610441617425
12,4,25.257538319496152
12,5,22.798645837173122
12,6,19.164068403482634
12,7,16.64302264198536
12,8,13.486224790330986
12,9,10.016601390264398
12,10,7.237460541093512
12,11,3.7958552167362427
12,13,3.7952446637481883
12,14,5.491506390228051
12,15,6.573014338637586
12,16,6.624404838051835
12,17,10.097257521511425
12,18,12.143673214519461
12,19,13.826985557384734
12,20,12.067339379992047
12,21,10.45064918882862
12,22,6.888989395582022
12,23,5.488261516522325
12,24,4.496074006779863
12,25,5.529656741034153
12,26,8.57853196224098
12,27,10.556124134509092
12,28,14.220197286585037
12,29,16.674147243832024
12,30,20.24767897804872
12,31,21.748318244271253
12,32,25.149638213157022
12,33,26.575348890882907
12,34,24.283808406190285
12,35,24.488979933912795
12,36,21.34162444352779
12,37,19.933143822833724
12,38,16.20127618075603
12,39,15.148259225042606
12,40,12.179588383666085
12,41,13.60437205902239
12,42,13.667608373920068
12,43,16.258764844366404
12,44,17.59997862769325
12,45,18.24819220228626
12,46,17.309584837299536
12,47,15.333689327567244
12,48,17.594778640540618
12,49,15.907833645709772
12,50,13.80686177813358
12,51,14.269167204674527
12,52,14.586843453343263
12,53,15.776994982696145
12,54,19.455545726226628
12,55,20.69370684402972
12,56,21.218517981548896
12,57,22.21892496266214
12,58,22.68604122393037
12,59,25.946898086654436
12,60,26.784855214384233
12,61,26.515783808473824
12,62,23.624343778786518
12,63,21.248776499385947
12,64,17.49861851713825
12,65,15.30161958293543
12,66,11.796238956876302
12,67,11.222063342391772
12,68,8.932240592180536
12,69,9.606186043817885
12,70,9.625815889516709
12,71,9.380133199468364
12,72,10.531699477088297
12,73,9.654356335675182
12,74,12.942491754950652
12,75,14.514560695651262
12,76,16.042642459177294
12,77,13.837924386715098
12,78,12.982429786643888
12,79,10.496279273712494
12,80,11.224365812895796
12,81,11.976499598976638
12,82,15.723055752247616
12,83,17.28372047863594
12,84,21.034033903529373
12,85,23.045593057772702
12,86,26.709831962358017
12,87,26.030187014738246
12,88,24.62329030714288
12,89,27.35701112681918
12,90,25.146452347577924
12,91,21.63258359644416
12,92,18.988748165332595
12,93,16.44355730032826
12,94,13.458075037575473
12,95,11.961861965655471
12,96,8.472088999867925
12,97,9.354378079189106
12,98,7.96988251873011
12,99,10.162945037155678
12,100,9.347818541099192
13,1,35.22173167053353
13,2,32.61199971477407
13,3,29.558694669283458
13,4,26.17295355990403
13,5,24.165792758081153
13,6,20.434169051849285
13,7,18.039163495801315
13,8,15.323637567793222
13,9,11.967885081996057
13,10,10.000233965988656
13,11,6.780285058061179
13,12,3.7952446637481883
13,14,3.8121926343799477
13,15,6.88547531431953
13,16,8.337830254365748
13,17,11.293557598638499
13,18,13.844084081408663
13,19,14.904703548191064
13,20,12.271829888840928
13,21,10.360266412627869
13,22,6.645896109986279
13,23,5.305380752948992
13,24,6.438337166030225
13,25,6.733335488814765
13,26,10.18217962125694
13,27,11.271367769906199
13,28,15.084258380139758
13,29,17.023609003684612
13,30,20.59409028270243
13,31,22.395068849062007
13,32,25.684140436697287
13,33,27.099610713839564
13,34,24.57955327878589
13,35,25.175099905767663
13,36,22.401321483251508
13,37,21.381654594564587
13,38,17.76513830779397
13,39,17.090070045966925
13,40,14.483328983216595
13,41,16.447305469262634
13,42,16.616401365442947
13,43,19.538198796454964
13,44,20.81531357027784
13,45,21.017345584979278
13,46,19.621001521432117
13,47,17.193103738854692
13,48,18.795771724453786
13,49,16.43907292879638
13,50,14.318005528623875
13,51,13.88791846544807
13,52,14.070000033610611
13,53,14.559169151159914
13,54,18.201795346294034
13,55,19.84537302083928
13,56,20.071479077852775
13,57,21.310064007757592
13,58,21.69518477430398
13,59,24.850005440974606
13,60,26.209051780386115
13,61,25.93283672222614
13,62,23.453242675833803
13,63,21.01274502947237
13,64,17.235150551649596
13,65,15.037876361939949
13,66,11.467852245303131
13,67,11.536405087827397
13,68,9.029708071581638
13,69,10.003882356047313
13,70,9.7446762656893
13,71,10.603166905003176
13,72,11.871990863623356
13,73,11.98425787281386
13,74,15.495764362394633
13,75,17.446965097951427
13,76,19.2699171857843
13,77,17.051843266573808
13,78,16.549816273065133
13,79,13.976878887325668
13,80,14.587122093551155
13,81,14.76262145260024
13,82,18.341556798404028
13,83,19.43802686590639
13,84,23.04965877363408
13,85,24.688069827656317
13,86,28.296450624710033
13,87,27.72986595122843
13,88,26.764263001777046
13,89,29.753237075958406
13,90,27.756524086002795
13,91,24.230579607623973
13,92,21.75524220187348
13,93,19.54832370363899
13,94,16.65819505486606
13,95,15.565529821411177
13,96,12.197523014321654
13,97,12.931247467035528
13,98,11.158270621602913
13,99,12.812095189667843
13,100,11.886616262941887
14,1,38.67117993124967
14,2,35.93043375040427
14,3,32.85360254608287
14,4,29.37382511307943
14,5,27.254650635977455
14,6,23.612388488300756
14,7,20.912371157649098
14,8,18.19812500033962
14,9,14.578404465495897
14,10,12.426557159672749
14,11,8.722273391130319
14,12,5.491506390228051
14,13,3.8121926343799477
14,15,3.8155381365012344
14,16,6.135763370061306
14,17,8.568152859317602
14,18,11.731921447453262
14,19,12.984231092093546
14,20,10.293671287740247
14,21,9.510659190974023
14,22,6.519413567201289
14,23,7.340777406392939
14,24,8.958145761331627
14,25,10.150979960981353
14,26,13.523739567809706
14,27,14.728671911999525
14,28,18.516514070334516
14,29,20.344302796859736
14,30,23.793963337355635
14,31,25.78959571357908
14,32,29.190236147514415
14,33,30.72058546599553
14,34,28.305406539298907
14,35,28.9000678754587
14,36,26.036658378065635
14,37,24.886616936746066
14,38,21.199344191187766
14,39,20.221826278832296
14,40,17.26020612212949
14,41,18.635330714965804
14,42,18.13743383805563
14,43,20.704873399917783
14,44,22.533831941153174
14,45,22.98234885653822
14,46,22.0680037372511
14,47,19.592222622260188
14,48,21.399368756465023
14,49,19.031448881849514
14,50,17.395684187416528
14,51,17.26398384800212
14,52,17.766038934703865
14,53,18.26267929836403
14,54,21.88555500635706
14,55,23.59279176468332
14,56,23.65911043837625
14,57,24.754809010588513
14,58,24.83498894395426
14,59,27.780612402144264
14,60,29.230093208043037
14,61,29.24407750503328
14,62,26.810363805700458
14,63,24.568327003035
14,64,20.814913106683
14,65,18.7920539242875
14,66,15.26470217001463
14,67,15.236844531995676
14,68,12.493198385081497
14,69,12.733448279228607
14,70,11.472354337246779
14,71,11.474300789742916
14,72,11.505750402519377
14,73,11.337275493731244
14,74,14.452078075932908
14,75,16.19644534659212
14,76,18.671547024310915
14,77,17.09683187745531
14,78,17.153792333300924
14,79,15.302725480085307
14,80,16.572774787259796
14,81,17.447211422181393
14,82,21.17680799603213
14,83,22.590106094208508
14,84,26.2906447524741
14,85,28.069270522280885
14,86,31.678998071968447
14,87,30.923528619710492
14,88,29.78099399750071
14,89,32.654618551305994
14,90,30.570454201785385
14,91,27.081406520840716
14,92,24.392948335383466
14,93,21.892787416380134
14,94,18.774707211554826
14,95,17.09620452772043
14,96,13.406702724920919
14,97,13.263811162119762
14,98,10.537709919487954
14,99,12.166471973138448
14,100,12.33675842259456
15,1,40.11484966601167
15,2,37.20969834792725
15,3,34.01164849189176
15,4,30.46473808944368
15,5,28.056391200627864
15,6,24.59647862029787
15,7,21.575448575497084
15,8,18.796046247402693
15,9,15.023177332644769
15,10,12.726312060189372
15,11,8.969413220088821
15,12,6.573014338637586
15,13,6.88547531431953
15,14,3.8155381365012344
15,16,3.7955483178141085
15,17,6.429205193649659
15,18,9.96099966219427
15,19,12.164504454859788
15,20,10.36268229141678
15,21,10.759163874151199
15,22,8.438493997775948
15,23,9.837060004922932
15,24,10.54999519677843
15,25,12.03176159278869
15,26,14.961298179021751
15,27,16.38095057272656
15,28,20.016297625617472
15,29,21.903564320288485
15,30,25.202789339895595
15,31,27.24622740652424
15,32,30.813078718751754
15,33,32.500638855912044
15,34,30.37186269980404
15,35,30.853098883160264
15,36,27.756852400301465
15,37,26.45034275795046
15,38,22.731601246122324
15,39,21.560010288921593
15,40,18.35339218172083
15,41,19.095943396685378
15,42,18.23930040940641
15,43,20.201993921547764
15,44,22.331030269320518
15,45,23.330587786172067
15,46,23.000906305529902
15,47,20.90332032228104
15,48,23.21488482467046
15,49,21.28253818616139
15,50,19.75616259541633
15,51,20.129253243068842
15,52,20.639068544606793
15,53,21.3719288530471
15,54,25.006179995114408
15,55,26.401875554706592
15,56,26.41401623333787
15,57,27.160359749359326
15,58,26.99054748672429
15,59,29.82407785818602
15,60,30.99032241455282
15,61,31.29178490204574
15,62,28.649028110026613
15,63,26.67002270706179
15,64,22.962382516963423
15,65,21.184544016836057
15,66,17.77154551537602
15,67,17.619789931031672
15,68,15.053582764231056
15,69,15.098372463818748
15,70,13.735224401571562
15,71,12.72160338562754
15,72,11.892562575860836
15,73,10.613420888001695
15,74,12.98220270378699
15,75,13.9572672392403
15,76,16.804862867073407
15,77,15.928185947001024
15,78,16.032937374180023
15,79,14.87733355973015
15,80,16.445942314452996
15,81,17.973328745484835
15,82,21.75910635943181
15,83,23.464769873639412
15,84,27.23257831327104
15,85,29.189964123607222
15,86,32.76292731798881
15,87,31.70773261867641
15,88,30.26491442893132
15,89,32.934416934757834
15,90,30.792443959825857
15,91,27.443553613801793
15,92,24.467870840024606
15,93,21.731444344217316
15,94,18.387629368997608
15,95,16.240751118388438
15,96,12.472514879308937
15,97,11.37484844037059
15,98,8.01714964436651
15,99,9.519894633785489
15,100,10.743593708131263
16,1,40.70083325643355
16,2,37.93841325838571
16,3,34.56395843881829
16,4,31.162517380433343
16,5,28.446846560154086
16,6,25.010752425955626
16,7,22.17980022389434
16,8,18.986458404245937
16,9,15.386363314276418
16,10,12.381794098223322
16,11,8.992016306450855
16,12,6.624404838051835
16,13,8.337830254365748
16,14,6.135763370061306
16,15,3.7955483178141085
16,17,3.816296120074491
16,18,6.621376431755672
16,19,9.234901559904626
16,20,8.322879932113658
16,21,9.016977922877913
16,22,7.357598977001663
16,23,9.220139334394572
16,24,9.508715680910363
16,25,11.935205067270655
16,26,14.785775781237653
16,27,16.992236004975688
16,28,20.52185724660322
16,29,22.93761573139185
16,30,26.35718190953253
16,31,27.961853111914014
16,32,31.45950368637957
16,33,32.9521860297968
16,34,30.775833317346436
16,35,30.78781147040708
16,36,27.46698071056342
16,37,25.681014287066834
16,38,21.901552607367748
16,39,20.166627642661734
16,40,16.650338074953734
16,41,16.746575710332923
16,42,15.337051059556575
16,43,17.039040557597527
16,44,19.525320618315114
16,45,20.577930793018336
16,46,20.684738953927702
16,47,18.69127270173281
16,48,21.283128435523224
16,49,19.71246465796168
16,50,18.623037390423526
16,51,19.695619895126022
16,52,20.70615572716751
16,53,22.086157120530356
16,54,25.828912057984976
16,55,27.268912958902053
16,56,27.762673984971112
16,57,28.695837630115907
16,58,28.891435329696623
16,59,31.954075072709685
16,60,32.838115481393324
16,61,32.86817923247507
16,62,29.966753710475917
16,63,27.771904948915967
16,64,24.045585320411902
16,65,21.92325780234526
16,66,18.39383741996585
16,67,17.48014705423613
16,68,14.698340243863
16,69,14.004201904090358
16,70,12.340424090937045
16,71,10.391134410664385
16,72,8.992326275215841
16,73,7.057149693797017
16,74,9.201006442577826
16,75,10.28510464042951
16,76,13.109490204386281
16,77,12.315340184591511
16,78,12.83439803769178
16,79,12.199872842104925
16,80,14.43194821185587
16,81,16.574174727663596
16,82,20.34958829204044
16,83,22.590141972430164
16,84,26.38477261282438
16,85,28.757667457740492
16,86,32.41190747349559
16,87,31.552851602978617
16,88,29.716094548119816
16,89,32.068392155882094
16,90,29.585851841921485
16,91,26.17485382897962
16,92,23.34675402632137
16,93,20.226627846356138
16,94,17.158305686795764
16,95,14.443998307013821
16,96,10.715680801581492
16,97,9.947017507579334
16,98,6.757961531957364
16,99,9.553186405056273
16,100,11.219665199384487
17,1,44.34580153385327
17,2,41.64708144328034
17,3,38.24850527167741
17,4,34.89056683855676
17,5,32.131151132149434
17,6,28.69106662671243
17,7,25.93052758110822
17,8,22.65927122373418
17,9,19.12288392265173
17,10,15.96853912638687
17,11,12.709600895847686
17,12,10.097257521511425
17,13,11.293557598638499
17,14,8.568152859317602
17,15,6.429205193649659
17,16,3.816296120074491
17,18,3.8068151321936914
17,19,6.332185582811155
17,20,6.068660870588107
17,21,8.309078748809382
17,22,8.332410696936588
17,23,11.289285459093989
17,24,12.249797502577605
17,25,15.170824085438982
17,26,18.183035477929717
17,27,20.58589826938309
17,28,24.13596205436094
17,29,26.645495114332927
17,30,30.11187636105901
17,31,31.6387552582722
17,32,35.08281714469111
17,33,36.47357937902223
17,34,34.1762253531128
17,35,34.027157190451796
17,36,30.688044210482204
17,37,28.672225508260215
17,38,24.87497153853096
17,39,22.778196972018055
17,40,19.106632142956347
17,41,18.768510714606705
17,42,16.688103881459817
17,43,18.130493358920365
17,44,21.104140091488386
17,45,21.984030910205423
17,46,22.41916426373535
17,47,20.237371498210237
17,48,22.711076304100114
17,49,21.077373212589873
17,50,20.61822750512141
17,51,21.911338916620064
17,52,23.39102986448473
17,53,24.925719613469546
17,54,28.70688113311339
17,55,30.423137489718034
17,56,31.063585253058253
17,57,32.19746368521151
17,58,32.48100030416788
17,59,35.553970736398384
17,60,36.547452673645715
17,61,36.511673567379646
17,62,33.65160606054175
17,63,31.345624988137633
17,64,27.592604414501267
17,65,25.27917686265509
17,66,21.64083431029264
17,67,20.42911609512068
17,68,17.31330698335769
17,69,15.931102454519497
17,70,13.49993241271219
17,71,11.083922983375246
17,72,8.468123767958058
17,73,6.890541334975071
17,74,8.051440349490093
17,75,9.3380179795229
17,76,12.7001656306203
17,77,12.56455421965856
17,78,14.106208680212845
17,79,14.233998132521453
17,80,17.05529332064628
17,81,19.52341836085567
17,82,23.231748877052155
17,83,25.751753979960945
17,84,29.52647281032251
17,85,32.08458997693215
17,86,35.777215803501726
17,87,35.0510747594124
17,88,33.07010495406052
