1,2,3.83688608309367
1,3,7.045845624820326
1,4,9.658739615017844
1,5,10.754172855776044
1,6,12.279810739511456
1,7,13.593331561122406
1,8,15.260864943720025
1,9,19.069634995392317
1,10,18.551442458367905
1,11,15.83886521682016
1,12,14.685498222027624
1,13,14.06041817845523
1,14,12.401882391635917
1,15,15.193363921604307
1,16,15.225550268845623
1,17,17.771703921053206
1,18,19.133321093207694
1,19,21.820250324570917
1,20,22.98939983884617
1,21,25.265116411067403
1,22,22.584522567138293
1,23,20.092287471551874
1,24,17.152454241544394
1,25,18.271217414519924
1,26,15.388864510552313
1,27,14.175557872633643
1,28,12.196790931175281
1,29,14.544482837066345
1,30,14.31019053168535
1,31,17.399308253268728
1,32,18.546215034484998
1,33,19.39638239575551
1,34,22.641162042538912
1,35,25.289027821459438
1,36,25.53357461723715
1,37,23.295902847918786
1,38,22.87286598810417
1,39,25.58472907164682
1,40,26.281686387029943
1,41,27.54565985445201
1,42,24.69191221699582
1,43,26.72038526500908
1,44,26.118590441747838
1,45,28.218894706806427
1,46,29.839431440168205
1,47,31.204239404995203
1,48,27.900646956976313
1,49,25.60920204824904
1,50,21.93865352034599
1,51,21.749706414062825
1,52,19.142703908110576
1,53,18.37024759397897
1,54,19.31442421836698
1,55,18.960217286496363
1,56,21.29123750695424
1,57,19.694267979735685
1,58,21.62576034076976
1,59,21.522337698966044
1,60,23.919180809224063
1,61,25.992128062587174
1,62,28.593074044601767
1,63,31.295478727438386
1,64,33.401333585798966
1,65,31.080993441248467
1,66,31.320705277476442
1,67,33.67381801656878
1,68,33.18605124626848
1,69,35.063823463888696
1,70,33.69605185506926
1,71,30.367214540079953
1,72,29.459147006388473
1,73,26.994521524416147
1,74,26.47153092063254
1,75,24.559483946257135
1,76,22.906981241636363
1,77,21.55880966609276
1,78,18.102383272201816
1,79,16.789564041219755
1,80,13.5429878540558
1,81,13.625049126214417
1,82,16.63608998121837
1,83,18.867471644576863
1,84,21.994743172711328
1,85,25.41402750461144
1,86,28.9004470939627
1,87,32.40495383684095
1,88,33.61207290515891
1,89,32.52857742271255
1,90,33.14055761935099
2,1,3.83688608309367
2,3,3.8542024481874115
2,4,5.865361281816391
2,5,7.559112604371568
2,6,9.170380321460863
2,7,10.014820894873719
2,8,11.513515306146257
2,9,15.35127143786603
2,10,15.051748715122264
2,11,12.583466934310906
2,12,12.044643506018703
2,13,12.284483336144346
2,14,11.49553846172156
2,15,14.862112350597315
2,16,15.808006744003306
2,17,18.357562940429613
2,18,20.39299840094357
2,19,23.220909224204433
2,20,24.911015670098887
2,21,26.966874012327107
2,22,24.178774778434622
2,23,21.957323977730166
2,24,18.982883116873484
2,25,20.146976107095867
2,26,16.99344615493602
2,27,15.03749748872526
2,28,12.44644152151382
2,29,13.84695162099829
2,30,12.64184976241925
2,31,15.4948244995145
2,32,15.972870317394081
2,33,16.786713028200634
2,34,19.73289038325315
2,35,22.28400902627755
2,36,22.19420956234959
2,37,19.74454292059561
2,38,19.295804563215924
2,39,21.87947420141415
2,40,22.57205179878121
2,41,24.00900277650232
2,42,21.280846239764887
2,43,23.322857361516096
2,44,22.740400884973575
2,45,24.670245247329355
2,46,26.392571026558315
2,47,27.606901642124235
2,48,24.348022697174606
2,49,22.267226277075185
2,50,18.708592694393314
2,51,18.828174642643358
2,52,16.629840481748232
2,53,15.99924065482628
2,54,17.590524274856282
2,55,17.779089030983066
2,56,20.637658340062234
2,57,19.720212121364074
2,58,22.21910843624884
2,59,22.564160764191328
2,60,25.38595497195159
2,61,27.447818799935565
2,62,30.342499389744283
2,63,32.69987874789952
2,64,34.83470204607202
2,65,32.64317375630088
2,66,33.27967517739296
2,67,35.69113926564835
2,68,35.48162144241197
2,69,37.24876920790782
2,70,35.556659830582326
2,71,32.05974084660007
2,72,30.743442572597814
2,73,28.090141737653322
2,74,27.0810229558493
2,75,24.706803838796507
2,76,22.802903856270735
2,77,20.872390690800522
2,78,17.331509303589087
2,79,15.336384301997766
2,80,11.905203816289358
2,81,11.078051787479037
2,82,13.623448333902884
2,83,15.5183996335881
2,84,18.455201389468073
2,85,21.958516263727013
2,86,25.3401123757612
2,87,28.92184850266816
2,88,30.014095027397886
2,89,29.000356566773856
2,90,29.555299323676156
3,1,7.045845624820326
3,2,3.8542024481874115
3,4,3.853848703634507
3,5,5.331679625706233
3,6,5.619708931496982
3,7,6.621190250957318
3,8,8.839782949271152
3,9,12.558121428399728
3,10,12.723925157439547
3,11,9.944810945711973
3,12,10.105926397697047
3,13,10.72078537837824
3,14,11.112252147762566
3,15,14.792077392970352
3,16,16.492996572541717
3,17,19.377417526573446
3,18,21.721634962056093
3,19,24.879913378501136
3,20,26.89884849407964
3,21,29.087898781402274
3,22,26.52982145774579
3,23,24.68282481498775
3,24,21.688719610425707
3,25,22.408064984825053
3,26,18.943808847246103
3,27,16.895790414533945
3,28,13.707664639803918
3,29,14.489484802110562
3,30,12.485055160001876
3,31,14.533890692386214
3,32,14.305171658472908
3,33,14.377751345481146
3,34,17.171044718041955
3,35,20.00255652137426
3,36,19.64459699784772
3,37,17.043627554914117
3,38,16.113556322179672
3,39,18.756514875020464
3,40,19.402547111603138
3,41,20.513539328974314
3,42,17.658099171260698
3,43,19.81147152176728
3,44,19.512331938125133
3,45,21.699586493587883
3,46,23.72111495369535
3,47,25.133709147559816
3,48,22.152026738996422
3,49,20.292071441823328
3,50,16.88458954472222
3,51,17.7458796535711
3,52,16.186720728265207
3,53,16.307449868194237
3,54,18.48928543678135
3,55,19.427817190811336
3,56,22.580851039752368
3,57,22.146448914134652
3,58,24.918675759786115
3,59,25.226111388134623
3,60,28.153588846873664
3,61,29.917524142676193
3,62,32.8158915158706
3,63,35.007251140591045
3,64,36.98575531135285
3,65,34.6579503585371
3,66,35.411422432211296
3,67,38.05991026488432
3,68,38.13389385837595
3,69,40.05922994799766
3,70,38.28798805205575
3,71,34.79851969562205
3,72,33.387234871506706
3,73,30.841620725112445
3,74,29.521635780523585
3,75,26.96335474074777
3,76,24.67200013938308
3,77,22.33669257941372
3,78,18.660981376300956
3,79,16.033429084322485
3,80,12.972846497006607
3,81,11.07168264477343
3,82,12.722420769347831
3,83,14.455724067942889
3,84,16.81643324948921
3,85,20.547005428713753
3,86,23.65727763902445
3,87,27.33421003223443
3,88,28.442297713341272
3,89,27.82776008132746
3,90,28.385426504652994
4,1,9.658739615017844
4,2,5.865361281816391
4,3,3.853848703634507
4,5,3.8657018564165657
4,6,5.266042800681696
4,7,4.900298191751715
4,8,5.666854479658889
4,9,9.519950058541713
4,10,9.64451625359385
4,11,7.718035028398727
4,12,8.68527968798024
4,13,10.588965359193097
4,14,11.522503777441687
4,15,15.261942757931795
4,16,17.447167207775568
4,17,19.883361577780917
4,18,22.698903975239666
4,19,25.666985728330268
4,20,28.018024215526285
4,21,29.80367327413531
4,22,27.04808469518445
4,23,25.344906553662724
4,24,22.43266319066751
4,25,23.438562835777212
4,26,20.039937060126107
4,27,17.37821257496117
4,28,14.19193843416545
4,29,14.047018946787682
4,30,11.369784852183248
4,31,13.272656498852722
4,32,12.39268291361355
4,33,12.950121447978875
4,34,15.199174220328706
4,35,17.566768690460265
4,36,16.895639903967417
4,37,14.123018310447137
4,38,13.628665576709242
4,39,16.08549631235966
4,40,16.94426277452524
4,41,18.593418667157145
4,42,16.01466260548865
4,43,17.93399569529283
4,44,17.32271015242928
4,45,18.999583091852095
4,46,20.883456187430472
4,47,21.94408451380862
4,48,18.822618084653676
4,49,17.109597565334475
4,50,13.827918660029404
4,51,14.70341217651894
4,52,13.510728814404532
4,53,13.49626600986983
4,54,16.16234210257039
4,55,17.426029801354794
4,56,20.894196668934804
4,57,21.05700336202051
4,58,24.20551813339285
4,59,25.00315730483528
4,60,28.253032199584368
4,61,30.11666988587323
4,62,33.291861611530805
4,63,35.13161960987934
4,64,37.20375207474071
4,65,35.15714032924735
4,66,36.30676008074417
4,67,38.837183787712576
4,68,39.074231122846456
4,69,40.75358653297558
4,70,38.662119143531584
4,71,35.02502909412604
4,72,33.21987315336543
4,73,30.46690349569486
4,74,28.780536542362512
4,75,25.865948322685913
4,76,23.5549986032735
4,77,20.82998477368993
4,78,17.348146680834116
4,79,14.360757676804695
4,80,11.267691440067063
4,81,8.677923117569103
4,82,9.692714220229464
4,83,10.864027664128347
4,84,13.194087441581097
4,85,16.882947038390295
4,86,20.004564946585425
4,87,23.698252688308877
4,88,24.700702869173828
4,89,23.99245221852615
4,90,24.572157059975016
5,1,10.754172855776044
5,2,7.559112604371568
5,3,5.331679625706233
5,4,3.8657018564165657
5,6,3.836532081706441
5,7,5.923502410965688
5,8,5.910335417713834
5,9,9.130492261641423
5,10,8.076404564945891
5,11,5.087759974849138
5,12,4.990813562611489
5,13,6.780637552622535
5,14,8.246808208163515
5,15,11.964725393473158
5,16,14.604637177410279
5,17,17.12501106175184
5,18,20.146033431263078
5,19,23.29163399177128
5,20,25.93190439384903
5,21,27.779587245606958
5,22,25.316326447802172
5,23,24.081574885667987
5,24,21.21289293329038
5,25,21.701686736339674
5,26,18.111948439668176
5,27,15.435667761244213
5,28,11.897806271196268
5,29,11.3126269931857
5,30,8.347060671036274
5,31,9.747291710933938
5,32,9.036943560554812
5,33,9.468433128286446
5,34,12.197566340443581
5,35,14.84438583065905
5,36,14.82814760596679
5,37,12.698021855908037
5,38,12.593198016106866
5,39,15.740952018954669
5,40,17.34966933638606
5,41,18.5310978481385
5,42,15.452919058744548
5,43,16.713706616129297
5,44,15.56999093418963
5,45,17.61105422027863
5,46,19.131683140160856
5,47,20.745474816636502
5,48,17.61399999786385
5,49,15.349093371706598
5,50,11.791800025209408
5,51,12.677671190399831
5,52,11.368140511496271
5,53,12.263431500124588
5,54,14.791986383420825
5,55,16.601654978371847
5,56,19.957124329208582
5,57,20.267508743420837
5,58,23.436350744474716
5,59,23.87768572998363
5,60,27.087211632551462
5,61,28.512318443061975
5,62,31.607658070017543
5,63,33.28997536614323
5,64,35.1566720776371
5,65,32.96625885763522
5,66,34.22475194547833
5,67,36.96986714560507
5,68,37.5367286755974
5,69,39.398718353196806
5,70,37.2516058183529
5,71,33.68905461398676
5,72,31.896079238606294
5,73,29.428292774624946
5,74,27.53271449074361
5,75,24.672052889823274
5,76,21.936444175619
5,77,19.10383039881254
5,78,15.470414071994565
5,79,12.231292999105866
5,80,9.875397881167348
5,81,7.027889977274567
5,82,7.93198756303165
5,83,10.158183750601184
5,84,12.49730435299806
5,85,16.178570680156177
5,86,19.38479023943643
5,87,22.90282092332831
5,88,24.470332666433286
5,89,24.220969267760108
5,90,25.353107690126016
6,1,12.279810739511456
6,2,9.170380321460863
6,3,5.619708931496982
6,4,5.266042800681696
6,5,3.836532081706441
6,7,3.8617137628633844
6,8,5.760373687068682
6,9,8.517923421178489
6,10,8.760694477221357
6,11,5.491383014208315
6,12,6.7847655131454605
6,13,8.263756656716858
6,14,10.539407573055733
6,15,14.151994473808896
6,16,16.91305566571447
6,17,19.824679539920798
6,18,22.676128457177207
6,19,26.063092638716203
6,20,28.63822443854278
6,21,30.7665435456518
6,22,28.515062173011838
6,23,27.316646478047964
6,24,24.40650472121808
6,25,24.60705122147982
6,26,20.898571250900925
6,27,18.58611059326998
6,28,14.91010515694652
6,29,14.517513090591681
6,30,11.550686393606304
6,31,12.105281266941608
6,32,10.764356563037408
6,33,9.778438930140759
6,34,12.21963156198001
6,35,15.335987670161604
6,36,14.83332448654103
6,37,12.377203358484547
6,38,11.146862940336778
6,39,14.226558672122035
6,40,15.42090201470352
6,41,16.02557681976725
6,42,12.76608635593543
6,43,14.512137409224483
6,44,14.1332122136375
6,45,16.675338276549358
6,46,18.80907113985309
6,47,20.637892015386964
6,48,18.013494579730732
6,49,16.25976647295078
6,50,13.13188006930855
6,51,14.941391166427344
6,52,14.364939711291191
6,53,15.675195700660623
6,54,18.41926108283262
6,55,20.394857110273694
6,56,23.772276094956396
6,57,24.08013673047562
6,58,27.196104777979674
6,59,27.49157067583881
6,60,30.589174390530566
6,61,31.88890221112933
6,62,34.839758433907775
6,63,36.619439530358534
6,64,38.36683018288363
6,65,35.98544365212448
6,66,37.077130814996465
6,67,39.982650379775606
6,68,40.56634893322123
6,69,42.6096137829475
6,70,40.60147745298353
6,71,37.11597339362074
6,72,35.464182117796035
6,73,33.096988670909205
6,74,31.25221133981089
6,75,28.447206491189895
6,76,25.632286166995325
6,77,22.781279038486826
6,78,19.134490584783915
6,79,15.816899453686117
6,80,13.685844356712044
6,81,10.677036292198622
6,82,10.781233148655737
6,83,12.390259827556577
6,84,13.806479163107152
6,85,17.61684975226483
6,86,20.33487450767325
6,87,23.946936067170196
6,88,25.330515245124836
6,89,25.41499569673811
6,90,26.29553612257541
7,1,13.593331561122406
7,2,10.014820894873719
7,3,6.621190250957318
7,4,4.900298191751715
7,5,5.923502410965688
7,6,3.8617137628633844
7,8,3.8298745488711714
7,9,6.76308920755062
7,10,8.476668212229802
7,11,6.735343113833377
7,12,9.347468379605932
7,13,11.681758100231782
7,14,13.877223246672447
7,15,17.560583817043323
7,16,20.287584869128427
7,17,22.983877509779255
7,18,25.928013326658608
7,19,29.15315182876317
7,20,31.69958953642059
7,21,33.639944472193974
7,22,31.12725414498842
7,23,29.6973214194632
7,24,26.78337573311429
7,25,27.40964811686771
7,26,23.820663217777494
7,27,21.263861748564505
7,28,17.75803623805244
7,29,17.194673538831204
7,30,13.99989523091982
7,31,14.701373136264404
7,32,12.762057269926547
7,33,12.047609187030908
7,34,13.601335881428687
7,35,16.225628701864636
7,36,14.85187115022608
7,37,11.664535485446576
7,38,10.019602460151681
7,39,12.282473651678478
7,40,12.796345322419135
7,41,13.99633869420081
7,42,11.374200920074735
7,43,13.728830242220726
7,44,13.857075164769725
7,45,15.838317700494848
7,46,18.373585279721926
7,47,19.58563293620008
7,48,17.07205491079618
7,49,16.024745229017302
7,50,13.34304706817613
7,51,15.432138737779367
7,52,15.372402896697105
7,53,16.212747614239937
7,54,19.36104276706123
7,55,21.24947881245078
7,56,24.852021994885735
7,57,25.39496179666011
7,58,28.674639375384622
7,59,29.415704226189035
7,60,32.68266520289602
7,61,34.29647202493833
7,62,37.41997436878243
7,63,39.14318774208763
7,64,41.05607056143025
7,65,38.87754702028656
7,66,40.071992315984154
7,67,42.80778441253991
7,68,43.25517753481371
7,69,45.087558713117446
7,70,42.977566192624636
7,71,39.377590336804346
7,72,37.5393165108214
7,73,34.897556613332085
7,74,33.00355665971403
7,75,29.985703586801474
7,76,27.40747451151329
7,77,24.40157184376485
7,78,20.94694240066854
7,79,17.551273858173992
7,80,15.060098575204814
7,81,11.779052359676282
7,82,11.332677495568225
7,83,11.763050995989952
7,84,12.711097872490653
7,85,16.51477533204844
7,86,18.95833952802486
7,87,22.731919951816852
7,88,23.56438872246453
7,89,23.41468116569628
7,90,23.814169618549826
8,1,15.260864943720025
8,2,11.513515306146257
8,3,8.839782949271152
8,4,5.666854479658889
8,5,5.910335417713834
8,6,5.760373687068682
8,7,3.8298745488711714
8,9,3.8582451621618796
8,10,5.080277439292827
8,11,4.822381768043737
8,12,8.021745187841514
8,13,11.276833842241407
8,14,13.632567350509856
8,15,17.12452504820846
8,16,20.121103002113237
8,17,22.340339509530008
8,18,25.619687756989567
8,19,28.621495679125257
8,20,31.43797332186553
8,21,33.00500285687662
8,22,30.39367074295216
8,23,29.17591089732676
8,24,26.387707039084514
8,25,27.168986724047382
8,26,23.690430141240324
8,27,20.70907555402086
8,28,17.32355236497982
8,29,16.01652058329079
8,30,12.467951464094085
8,31,12.923618526458519
8,32,10.489100847021737
8,33,10.480870346659126
8,34,11.445637284907814
8,35,13.449409525413513
8,36,11.95484968450103
8,37,8.750037113283051
8,38,8.16752297799
8,39,10.524527865024828
8,40,11.832560010731491
8,41,13.66828363543395
8,42,11.291948761677688
8,43,12.840506276968124
8,44,12.131128465776287
8,45,13.46862004963351
8,46,15.57431477774066
8,47,16.51894215504616
8,48,13.673791203397933
8,49,12.529944997356049
8,50,9.885388598881114
8,51,11.95258003088269
8,52,12.311505779431071
8,53,13.213136124062043
8,54,16.647267001926554
8,55,18.877553159575932
8,56,22.59487108572583
8,57,23.646967353969238
8,58,27.152863317381925
8,59,28.201015545666237
8,60,31.6673219108075
8,61,33.26605262919093
8,62,36.57425218684562
8,63,37.95634521014479
8,64,39.90454763547313
8,65,37.97743775199196
8,66,39.5210469761705
8,67,42.15115796962966
8,68,42.78375771529554
8,69,44.41538260687686
8,70,42.03427943290483
8,71,38.35440519895545
8,72,36.20800930686254
8,73,33.48445112932106
8,74,31.27663231620361
8,75,28.032658642151116
8,76,25.41461231914724
8,77,22.14602483999459
8,78,18.95644027952587
8,79,15.378175452336107
8,80,13.203522687751775
8,81,9.564882315059766
8,82,8.21748770967198
8,83,8.074894344687806
8,84,8.900320651014605
8,85,12.71308242739214
8,86,15.308065999347981
8,87,19.070876269172633
8,88,20.035878137081276
8,89,19.878943481661633
8,90,20.575605893370216
9,1,19.069634995392317
9,2,15.35127143786603
9,3,12.558121428399728
9,4,9.519950058541713
9,5,9.130492261641423
9,6,8.517923421178489
9,7,6.76308920755062
9,8,3.8582451621618796
9,10,3.8615347130992834
9,11,5.734300917202076
9,12,9.461455407355167
9,13,12.995143345915686
9,14,15.89921705602705
9,15,19.05745289264249
9,16,22.391134541370988
9,17,24.42481545988194
9,18,27.898592787180032
9,19,30.872229393644307
9,20,33.92817062740296
9,21,35.352366310452844
9,22,32.86267901858947
9,23,31.94589123990973
9,24,29.257593476617984
9,25,29.892868328704104
9,26,26.41784500650273
9,27,23.327402234435084
9,28,19.93122352260801
9,29,18.069540293340207
9,30,14.291041519372161
9,31,13.818377287564214
9,32,10.571639190626406
9,33,10.10690643275314
9,34,9.737824845497514
9,35,11.200032162059712
9,36,8.901277151479807
9,37,5.289418376741194
9,38,4.684366308783368
9,39,6.913884510599699
9,40,8.920141060293208
9,41,10.857742856589647
9,42,8.803187971847649
9,43,9.72086137440304
9,44,8.824175293773152
9,45,9.71661335873967
9,46,12.023318469889512
9,47,12.875359845916543
9,48,10.379471488322583
9,49,9.892169827569976
9,50,8.196592047773755
9,51,11.184240741112767
9,52,12.731927107905786
9,53,14.207294917694654
9,54,17.86016160978288
9,55,20.577842962386683
9,56,24.30484014057603
9,57,25.84156590948882
9,58,29.48080128246565
9,59,30.637762114927227
9,60,34.18198827584932
9,61,35.59445579252792
9,62,38.94597340366157
9,63,40.037634697664096
9,64,41.88604453435344
9,65,40.043667218633566
9,66,41.8155923534314
9,67,44.49371289162964
9,68,45.37096020682028
9,69,46.972073844606136
9,70,44.42940507544039
9,71,40.75287178091104
9,72,38.42398515006502
9,73,35.7575463607865
9,74,33.26242085353445
9,75,29.878528596695784
9,76,27.113959174700845
9,77,23.606329888867457
9,78,20.69764129242992
9,79,16.954999071519417
9,80,15.451725875502195
9,81,11.64806586009821
9,82,9.110191257505855
9,83,8.001467766622191
9,84,7.064652063857126
9,85,10.607430898200068
9,86,12.524701727604093
9,87,16.237730839439745
9,88,17.202203684624177
9,89,17.59847185611348
9,90,18.43627474775791
10,1,18.551442458367905
10,2,15.051748715122264
10,3,12.723925157439547
10,4,9.64451625359385
10,5,8.076404564945891
10,6,8.760694477221357
10,7,8.476668212229802
10,8,5.080277439292827
10,9,3.8615347130992834
10,11,3.888106877999774
10,12,6.793932060281696
10,13,10.53293961409035
10,14,13.335013692279993
10,15,16.151886363610718
10,16,19.577271377368643
10,17,21.278932697474705
10,18,24.891427894290025
10,19,27.725128518465482
10,20,30.93891009620296
10,21,32.179520359459815
10,22,29.77148557671049
10,23,29.12739326226501
10,24,26.56235782738199
10,25,27.084374871116818
10,26,23.69681846530399
10,27,20.477878273101165
10,28,17.19600181218259
10,29,14.88613043851026
10,30,11.060921436986403
10,31,10.307270522468949
10,32,6.982712545231243
10,33,7.422135596354961
10,34,7.298973532082103
10,35,8.575055264209876
10,36,7.369699964592915
10,37,5.009493375403321
10,38,6.597569161980622
10,39,9.546821396177936
10,40,12.316354551950305
10,41,13.982628711524557
10,42,11.576094902512011
10,43,11.513030392440843
10,44,9.367130365905982
10,45,10.25183927294421
10,46,11.42428320506506
10,47,12.705292111957231
10,48,9.554937462594514
10,49,7.693306056913252
10,50,4.907169068651183
10,51,7.633234438457542
10,52,9.07372351382861
10,53,11.060114081222174
10,54,14.590914371210573
10,55,17.60727804321986
10,56,21.222337428091212
10,57,22.914713124894206
10,58,26.562764160055043
10,59,27.62958690774059
10,60,31.175088918610264
10,61,32.393047077407196
10,62,35.75043909431108
10,63,36.65492287067125
10,64,38.43674332986663
10,65,36.662990769687205
10,66,38.59710892641617
10,67,41.26767923217685
10,68,42.321267323184095
10,69,43.895547096633074
10,70,41.251417224086644
10,71,37.60543978518559
10,72,35.204781674926586
10,73,32.66512206058051
10,74,30.020274743453783
10,75,26.647920523832333
10,76,23.71824658975374
10,77,20.153163588195223
10,78,17.32068877999652
10,79,13.527223877149185
10,80,12.576806934565383
10,81,8.811184814747271
10,82,5.806813291309687
10,83,5.560991122385475
10,84,5.472942239583527
10,85,9.099898879148975
10,86,11.76377017323265
10,87,15.256973185052704
10,88,16.971661839914926
10,89,17.413772841755172
10,90,18.965882823785687
11,1,15.83886521682016
11,2,12.583466934310906
11,3,9.944810945711973
11,4,7.718035028398727
11,5,5.087759974849138
11,6,5.491383014208315
11,7,6.735343113833377
11,8,4.822381768043737
11,9,5.734300917202076
11,10,3.888106877999774
11,12,3.809975424509856
11,13,7.2625486258272245
11,14,10.296341685817438
11,15,13.396563259705415
11,16,16.79247067612395
11,17,18.98816197437689
11,18,22.400550965490073
11,19,25.522567343877753
11,20,28.595626970038587
11,21,30.2147322731508
11,22,27.969532270142484
11,23,27.267280107195205
11,24,24.5735085106779
11,25,24.787645537063128
11,26,21.204482526730246
11,27,18.31686158889009
11,28,14.74752283129128
11,29,12.973481883717453
11,30,9.277424315887808
11,31,8.73579260807237
11,32,6.138228845153562
11,33,5.748472643731467
11,34,7.493905474249137
11,35,10.123693269759723
11,36,9.835256456540627
11,37,7.911251874509616
11,38,8.202767120403335
11,39,11.725753013642302
11,40,14.115919665461302
11,41,15.100898462988352
11,42,11.97813656002998
11,43,12.394227554946477
11,44,10.700996439950881
11,45,12.714727746305156
11,46,14.130249618164708
11,47,16.01979283516013
11,48,13.123475744666901
11,49,10.931379601643522
11,50,7.700611156301375
11,51,9.783411953114992
11,52,9.974881724167824
11,53,12.067793667929632
11,54,15.151112474120588
11,55,17.897789685819436
11,56,21.371903850569804
11,57,22.48380306025455
11,58,25.91601398150148
11,59,26.514046763850743
11,60,29.863824643192917
11,61,30.957783045132274
11,62,34.1229137581922
11,63,35.342533460541006
11,64,37.038848752847834
11,65,34.952713900998496
11,66,36.58192436466667
11,67,39.42898231578373
11,68,40.40827341570697
11,69,42.24430909471646
11,70,39.84370120521277
11,71,36.28699984565915
11,72,34.208861242632885
11,73,31.846241853920482
11,74,29.470519277129032
11,75,26.3661843161269
11,76,23.310665801688454
11,77,20.015512052529512
11,78,16.72153206893539
11,79,12.996434246301483
11,80,11.800652028026306
11,81,8.194258204748012
11,82,6.650360787754872
11,83,8.20614398192914
11,84,9.225612969240185
11,85,12.841566444877396
11,86,15.612782124673402
11,87,19.0224154269129
11,88,20.851491692653486
11,89,21.258288062536444
11,90,22.726572826485153
12,1,14.685498222027624
12,2,12.044643506018703
12,3,10.105926397697047
12,4,8.68527968798024
12,5,4.990813562611489
12,6,6.7847655131454605
12,7,9.347468379605932
12,8,8.021745187841514
12,9,9.461455407355167
12,10,6.793932060281696
12,11,3.809975424509856
12,13,3.7812241841196146
12,14,6.693167422054805
12,15,9.612925340750513
12,16,13.065223220772037
12,17,15.222556448543987
12,18,18.64723054473248
12,19,21.792800694990913
12,20,24.916377647307648
12,21,26.573202209969214
12,22,24.48225926844441
12,23,23.98503477351647
12,24,21.349118277104537
12,25,21.288468894303143
12,26,17.695042491026197
12,27,14.894673558279983
12,28,11.294439594401762
12,29,9.442763096953191
12,30,5.9180561260180164
12,31,5.429240880912775
12,32,4.324960825865186
12,33,4.9543805260331
12,34,8.109993113449551
12,35,10.786206220067921
12,36,11.764621344310365
12,37,10.845097206372962
12,38,11.678654311048755
12,39,15.334972825946496
12,40,17.888690584146083
12,41,18.68890754347632
12,42,15.374665333845684
12,43,15.469501307104085
12,44,13.396205422925737
12,45,15.519738947482058
12,46,16.29046792814778
12,47,18.464492786680996
12,48,15.396110973451464
12,49,12.479856026467418
12,50,8.844274340871028
12,51,9.708668776241211
12,52,8.697659866731817
12,53,11.015156637966058
12,54,13.383729251134728
12,55,16.04626856252388
12,56,19.202035638055477
12,57,20.038569585791855
12,58,23.27895988095887
12,59,23.50494544604164
12,60,26.71245575021664
12,61,27.57110502167249
12,62,30.626729093193873
12,63,31.871387876527088
12,64,33.47474317736859
12,65,31.284109795320603
12,66,32.878858840586624
12,67,35.79738949275795
12,68,36.868282775718505
12,69,38.8080566968976
12,70,36.45981636144262
12,71,32.98503952889377
12,72,31.038735989046575
12,73,28.894350152883817
12,74,26.579510827099043
12,75,23.688427239487154
12,76,20.465854360400247
12,77,17.37750511176355
12,78,13.910827323548466
12,79,10.357327255731953
12,80,9.632562340112976
12,81,6.72090652066898
12,82,6.450983522778561
12,83,9.472972489779396
12,84,11.378809855072715
12,85,14.64219979380337
12,86,17.757659093461278
12,87,20.874407397647353
12,88,23.115718017279324
12,89,23.449697062354286
12,90,25.2602813853676
13,1,14.06041817845523
13,2,12.284483336144346
13,3,10.72078537837824
13,4,10.588965359193097
13,5,6.780637552622535
13,6,8.263756656716858
13,7,11.681758100231782
13,8,11.276833842241407
13,9,12.995143345915686
13,10,10.53293961409035
13,11,7.2625486258272245
13,12,3.7812241841196146
13,14,3.785481622238594
13,15,6.474280904511767
13,16,9.943618371891242
13,17,12.561512839961255
13,18,15.72072078248658
13,19,19.127630833332844
13,20,22.162919342868722
13,21,24.15640264185157
13,22,22.410048429587533
13,23,22.09626565922427
13,24,19.478271375695492
13,25,18.862592632513213
13,26,15.153182961492082
13,27,12.899280306628171
13,28,9.188763259806079
13,29,8.001166612893739
13,30,5.687677287226817
13,31,5.282024908826112
13,32,6.373876615807002
13,33,6.437134740178855
13,34,10.206090195660622
13,35,13.116369635703965
13,36,14.724929655017858
13,37,14.243129031461127
13,38,14.816946748413502
13,39,18.59959587287229
13,40,21.079613858894138
13,41,21.459901716294564
13,42,17.886969965357007
13,43,17.972749682987047
13,44,16.028059609868684
13,45,18.547566585451897
13,46,19.19298782394596
13,47,21.705317543585032
13,48,18.785155638549245
13,49,15.680949504439685
13,50,12.131855796608999
13,51,12.541222299585451
13,52,10.881038885765273
13,53,13.131511286905102
13,54,14.663941209502717
13,55,16.97345592809411
13,56,19.65486758917833
13,57,19.949920191321286
13,58,22.794386667770397
13,59,22.407470652120658
13,60,25.280851896587738
13,61,25.804639116818105
13,62,28.57050612475027
13,63,30.016087749314718
13,64,31.43199618388514
13,65,28.938773506401844
13,66,30.27374279065939
13,67,33.38887543027685
13,68,34.50994463168505
13,69,36.722488214561636
13,70,34.60166569082141
13,71,31.302714145522152
13,72,29.70248327351655
13,73,27.90150970656481
13,74,25.832853724001204
13,75,23.34497010384589
13,76,20.00726855269144
13,77,17.375242215848125
13,78,13.758767847275067
13,79,10.78539388406846
13,80,10.453963926710967
13,81,8.718948638565287
13,82,9.570842860912334
13,83,12.97556196137603
13,84,15.067918527596435
13,85,18.17280707386411
13,86,21.29671310921195
13,87,24.242285627232853
13,88,26.67773834569067
13,89,27.067164132581357
13,90,28.97834975507067
14,1,12.401882391635917
14,2,11.49553846172156
14,3,11.112252147762566
14,4,11.522503777441687
14,5,8.246808208163515
14,6,10.539407573055733
14,7,13.877223246672447
14,8,13.632567350509856
14,9,15.89921705602705
14,10,13.335013692279993
14,11,10.296341685817438
14,12,6.693167422054805
14,13,3.785481622238594
14,15,3.7765863928485537
14,16,6.585219001112694
14,17,9.338422958613721
14,18,12.345709978487916
14,19,15.738486317268238
14,20,18.61419719317514
14,21,20.675661734860252
14,22,18.853340230618187
14,23,18.41893765586764
14,24,15.776635255009833
14,25,15.13375991837808
14,26,11.40120226890165
14,27,9.259453980676705
14,28,5.526166046129124
14,29,5.32950643635475
14,30,4.8527737504929345
14,31,6.313886046858248
14,32,8.905003239790933
14,33,9.95605810768131
14,34,13.620430146387017
14,35,16.144052812435245
14,36,17.961921131548557
14,37,17.487269477414905
14,38,18.263405341367843
14,39,21.95459120282978
14,40,24.31388541782853
14,41,24.931000273788207
14,42,21.416049899859892
14,43,21.672076087629755
14,44,19.698009460540618
14,45,22.027203017090308
14,46,22.48236303124975
14,47,24.802484956348557
14,48,21.638795772742444
14,49,18.34956068098627
14,50,14.654306282938343
14,51,14.18207030254051
14,52,11.582952975167952
14,53,13.075762052654454
14,54,13.743883809560293
14,55,15.365406683443686
14,56,17.61368038164825
14,57,17.321527530609533
14,58,19.830915625296267
14,59,19.12194379096917
14,60,21.825441216020124
14,61,22.379030610502245
14,62,25.0798542469985
14,63,26.746188489785023
14,64,28.23126648971707
14,65,25.68324305879429
14,66,26.864479352750447
14,67,29.923617690947736
14,68,30.893057129427064
14,69,33.124230762826095
14,70,31.11043246172181
14,71,27.837270207621216
14,72,26.422514162559505
14,73,24.69778642539081
14,74,22.907941691544785
14,75,20.71009613873087
14,76,17.510783449746928
14,77,15.373288684208958
14,78,11.652294907670857
14,79,9.465524766648773
14,80,9.061855073968893
14,81,8.750583790991541
14,82,10.886009551155414
14,83,14.57577018158019
14,84,17.30601629414162
14,85,20.261445838277073
14,86,23.673718162280302
14,87,26.54356683264808
14,88,28.98819743571149
14,89,29.02428508041059
14,90,30.950807678433797
15,1,15.193363921604307
15,2,14.862112350597315
15,3,14.792077392970352
15,4,15.261942757931795
15,5,11.964725393473158
15,6,14.151994473808896
15,7,17.560583817043323
15,8,17.12452504820846
15,9,19.05745289264249
15,10,16.151886363610718
15,11,13.396563259705415
15,12,9.612925340750513
15,13,6.474280904511767
15,14,3.7765863928485537
15,16,3.805019394493212
15,17,6.265308195316272
15,18,9.34071870332052
15,19,12.778318156576812
15,20,15.903651162561005
15,21,17.951679197787932
15,22,16.622687620267527
15,23,16.850177822263223
15,24,14.549401913441983
15,25,13.171926675639183
15,26,9.649693233612949
15,27,8.07228653186813
15,28,5.266544892221156
15,29,4.977953423876846
15,30,6.457680712796004
15,31,7.062844837694675
15,32,10.506914143976385
15,33,11.685840612093884
15,34,15.160085146279915
15,35,17.3471181167423
15,36,19.776757873713947
15,37,19.93492512786833
15,38,21.037103921810683
15,39,24.803859076394282
15,40,27.4270521489043
15,41,27.88945302336376
15,42,24.317012951655773
15,43,24.162340317764905
15,44,21.89268758022318
15,45,24.186180375289076
15,46,24.178281657399936
15,47,26.686179446958043
15,48,23.60149006355778
15,49,20.059984448024974
15,50,16.568812150657962
15,51,15.63713307075073
15,52,12.881741579913855
15,53,14.5440968283812
15,54,14.386157682583923
15,55,15.909056570669906
15,56,17.46970704798746
15,57,17.044287799936956
15,58,19.128095138209176
15,59,17.865586354591553
15,60,20.22050314191435
15,61,20.176824666546665
15,62,22.623544242010347
15,63,24.13130289037526
15,64,25.34939442296474
15,65,22.657260240300303
15,66,23.8985625129332
15,67,27.119860590898092
15,68,28.406294952153146
15,69,30.788646783586117
15,70,28.795569999112367
15,71,25.722081029659016
15,72,24.46340838435704
15,73,23.204746700889064
15,74,21.412210538013106
15,75,19.603397436670885
15,76,16.224046488292547
15,77,14.536895134133943
15,78,11.202808877074968
15,79,9.90077466728657
15,80,10.71642232402655
15,81,11.268835967330297
15,82,13.29965910938992
15,83,17.08771832787706
15,84,19.752878698567958
15,85,22.315010848358515
15,86,25.676402411714907
15,87,28.2005544572563
15,88,30.9589724525111
15,89,31.13816408603958
15,90,33.37206173762306
16,1,15.225550268845623
16,2,15.808006744003306
16,3,16.492996572541717
16,4,17.447167207775568
16,5,14.604637177410279
16,6,16.91305566571447
16,7,20.287584869128427
16,8,20.121103002113237
16,9,22.391134541370988
16,10,19.577271377368643
16,11,16.79247067612395
16,12,13.065223220772037
16,13,9.943618371891242
16,14,6.585219001112694
16,15,3.805019394493212
16,17,3.761902729668171
16,18,5.882887199808676
16,19,9.527227724591055
16,20,12.332136499987683
16,21,14.70693561454707
16,22,13.564854869671718
16,23,13.79755809567644
16,24,11.614477866273951
16,25,9.714607728087902
16,26,6.246719349012579
16,27,5.916360198183311
16,28,4.6719992090913705
16,29,6.385564247071503
16,30,9.233489962330632
16,31,10.58503073415219
16,32,14.15997739359515
16,33,15.478226687043222
16,34,18.959472358928295
16,35,21.060625722153077
16,36,23.50811634344577
16,37,23.579480950395748
16,38,24.639882327834297
16,39,28.37319534913569
16,40,30.85818143086973
16,41,31.388579576711702
16,42,27.80583192591304
16,43,27.83478067935392
16,44,25.655120170020542
16,45,27.94019801396858
16,46,27.92181868177371
16,47,30.343121840513135
16,48,27.160585548738933
16,49,23.58708321829747
16,50,20.054674307663003
16,51,18.77894640844786
16,52,15.649812949692672
16,53,16.681560124722456
16,54,15.834517783890341
16,55,16.544984279406197
16,56,17.438819765518335
16,57,16.250651614202578
16,58,17.648999315206076
16,59,15.763834074667662
16,60,17.616388349623655
16,61,17.400801793176672
16,62,19.547343925331433
16,63,21.417280437420526
16,64,22.600515261660348
16,65,19.69808665340566
16,66,20.583429708117578
16,67,23.838028593640324
16,68,24.964655968817105
16,69,27.502701528715278
16,70,25.764403582075616
16,71,22.84554435158846
16,72,22.004715287896293
16,73,21.036099450662824
16,74,19.74000134997208
16,75,18.51941797707969
16,76,15.468709431814379
16,77,14.661601428379061
16,78,11.640786402139245
16,79,11.512424855995457
16,80,12.186128366068468
16,81,13.654948188201441
16,82,16.25255950140214
16,83,20.032093845388673
16,84,22.987392163714723
16,85,25.49393279190978
16,86,28.98305370717899
16,87,31.471781201664758
16,88,34.192877295889964
16,89,34.14047875776105
16,90,36.32985142795232
17,1,17.771703921053206
17,2,18.357562940429613
17,3,19.377417526573446
17,4,19.883361577780917
17,5,17.12501106175184
17,6,19.824679539920798
17,7,22.983877509779255
17,8,22.340339509530008
17,9,24.42481545988194
17,10,21.278932697474705
17,11,18.98816197437689
17,12,15.222556448543987
17,13,12.561512839961255
17,14,9.338422958613721
17,15,6.265308195316272
17,16,3.761902729668171
17,18,3.8363625205691787
17,19,6.641157673586879
17,20,10.048206817922585
17,21,11.740325353257678
17,22,10.665166016923179
17,23,11.619505413341539
17,24,9.9891402133237
17,25,7.933902774893465
17,26,5.493908539624336
17,27,5.130465977574392
17,28,6.014247960451558
17,29,6.7904733150822425
17,30,10.36713002894227
17,31,11.673759805030933
17,32,15.481925036995385
17,33,17.394069528097965
17,34,20.533653578665525
17,35,22.07345249862502
17,36,24.7888483149381
17,37,25.20028956114333
17,38,26.733430740102047
17,39,30.39670748159553
17,40,33.08681110207933
17,41,33.83168988994037
17,42,30.36009040260097
17,43,30.116048399080917
17,44,27.602557346985797
17,45,29.54421458789943
17,46,29.08996445841393
17,47,31.352137209226903
17,48,28.0842498617577
17,49,24.367052037752305
17,50,21.00946521838944
17,51,19.117212693220814
17,52,15.788189293507067
17,53,16.537262341267862
17,54,14.894558666903794
17,55,15.291393939112929
17,56,15.448929478040496
17,57,14.242116302568382
17,58,15.26366543613777
17,59,13.113883538643218
17,60,14.823677319127299
17,61,14.216447626553881
17,62,16.45003904907055
17,63,17.971772626621078
17,64,19.14293170175283
17,65,16.42656987292914
17,66,17.750864991064123
17,67,20.89624662012789
17,68,22.30038368050942
17,69,24.662316742775534
17,70,22.667029939682426
17,71,19.748028050306267
17,72,18.751146266747806
17,73,18.025196577774977
17,74,16.589941108330294
17,75,15.638659253931442
17,76,12.574976646316827
17,77,12.322592024491001
17,78,10.028862864240201
17,79,10.987502255787776
17,80,12.491571468570392
17,81,14.675360462867719
17,82,17.25010503576033
17,83,20.944100347395327
17,84,23.985574362968496
17,85,26.048547804424068
17,86,29.559482590661595
17,87,31.725336323000672
17,88,34.588658224033814
17,89,34.44008963010978
17,90,36.84788229410636
18,1,19.133321093207694
18,2,20.39299840094357
18,3,21.721634962056093
18,4,22.698903975239666
18,5,20.146033431263078
18,6,22.676128457177207
18,7,25.928013326658608
18,8,25.619687756989567
18,9,27.898592787180032
18,10,24.891427894290025
18,11,22.400550965490073
18,12,18.64723054473248
18,13,15.72072078248658
18,14,12.345709978487916
18,15,9.34071870332052
18,16,5.882887199808676
18,17,3.8363625205691787
18,19,3.8349321793956777
18,20,6.659302007021599
18,21,9.1176632463715
18,22,8.88319441615246
18,23,10.149653790909316
18,24,9.05272826266137
18,25,5.801221789490224
18,26,4.65335224588377
18,27,6.780311186545415
18,28,8.679194128090167
18,29,10.399827300226827
18,30,14.009225005047057
18,31,15.403347349689948
18,32,19.19036162434679
18,33,20.864902578163765
18,34,24.11132772294506
18,35,25.778573687676737
18,36,28.51352054236257
18,37,28.87338698453917
18,38,30.234323956150533
18,39,33.93275068353941
18,40,36.51421923221653
18,41,37.15682162604221
18,42,33.60756119672596
18,43,33.49227710456076
18,44,31.114188128181326
18,45,33.20287899370276
18,46,32.819522065737445
18,47,35.14720666348524
18,48,31.898443861325564
18,49,28.18899069262123
18,50,24.81163809982473
18,51,22.942823799694548
18,52,19.566437650540067
18,53,20.094274087075416
18,54,18.226436617751087
18,55,18.10502245484549
18,56,17.73691521479278
18,57,15.892400422984469
18,58,16.04510310641733
18,59,13.151698553998092
18,60,13.888451904015946
18,61,12.771480720484567
18,62,14.26599700421178
18,63,16.26917578714352
18,64,17.185415275333902
18,65,14.035386498450794
18,66,14.721925056043299
18,67,18.065372457084457
18,68,19.374145816862992
18,69,22.08719822651963
18,70,20.54180807329119
18,71,18.00725489797024
18,72,17.737051420095504
18,73,17.605379387271476
18,74,16.89036837702242
18,75,16.781261283862367
18,76,14.279661318714881
18,77,14.914649553004772
18,78,13.089342552446343
18,79,14.54544500663927
18,80,15.761310484439793
18,81,18.146537410529252
18,82,20.921566450291873
18,83,24.61260474782748
18,84,27.729728215933022
18,85,29.843686923571564
18,86,33.378955136980665
18,87,35.54842583392445
18,88,38.397731657362414
18,89,38.180170038869385
18,90,40.53845928140405
19,1,21.820250324570917
19,2,23.220909224204433
19,3,24.879913378501136
19,4,25.666985728330268
19,5,23.29163399177128
19,6,26.063092638716203
19,7,29.15315182876317
19,8,28.621495679125257
19,9,30.872229393644307
19,10,27.725128518465482
19,11,25.522567343877753
19,12,21.792800694990913
19,13,19.127630833332844
19,14,15.738486317268238
19,15,12.778318156576812
19,16,9.527227724591055
19,17,6.641157673586879
19,18,3.8349321793956777
19,20,3.8344044821464935
19,21,5.382983129113719
19,22,5.86891232898351
19,23,8.2413727744474
19,24,8.330283785804788
19,25,5.064036527349722
19,26,6.458969373443567
19,27,8.626854587612627
19,28,11.48952325052016
19,29,12.906032751095967
19,30,16.68747211390501
19,31,18.174401614416983
19,32,21.993075093720023
19,33,24.00491650554734
19,34,27.058448042423436
19,35,28.37929786016809
19,36,31.212483116115763
19,37,31.711468211592884
19,38,33.33461646475485
19,39,36.962188162176716
19,40,39.615759557087806
19,41,40.43792395380881
19,42,36.96854811610004
19,43,36.75603933398066
19,44,34.209685926613446
19,45,36.0664243178602
19,46,35.43393131057738
19,47,37.59697537420675
19,48,34.27763180225049
19,49,30.522612898379066
19,50,27.26911559445446
19,51,25.001228588667217
19,52,21.518875154259653
19,53,21.670903808807246
19,54,19.23667544985232
19,55,18.6061327909727
19,56,17.442039159042842
19,57,15.345127285301666
19,58,14.681153307863573
19,59,11.322508043630656
19,60,11.249085262833903
19,61,9.42633676753497
19,62,10.577669624166186
19,63,12.516061815187763
19,64,13.37954146466543
19,65,10.255339695014877
19,66,11.14711671488924
19,67,14.370687001753003
19,68,15.866500800815237
19,69,18.485552016950408
19,70,16.857514527346357
