1,2,3.8861657099319467
1,3,5.323645890936371
1,4,5.491605074470814
1,5,6.310104485617356
1,6,8.499257832859296
1,7,10.511572360281114
1,8,12.665711421706055
1,9,12.084286977993203
1,10,14.357631942914576
1,11,16.778307816566393
1,12,17.541606807989695
1,13,21.07404643142089
1,14,19.421521592285156
1,15,16.536278122805786
1,16,14.254332868307726
1,17,12.489917874709182
1,18,9.518261378795199
1,19,10.844022741071658
1,20,9.936482835114523
1,21,12.340128328118618
1,22,12.908649861588481
1,23,15.822230041176976
1,24,17.174804463465314
1,25,19.638661306332278
1,26,17.291590759965537
1,27,15.039655015114146
1,28,11.989748261048602
1,29,12.646444258435817
1,30,9.655417949770502
1,31,8.631655514998071
1,32,7.12472733011725
1,33,10.574223689111754
1,34,11.859806580562996
1,35,15.165754523451202
1,36,17.363690714902827
1,37,18.51947402629896
1,38,22.12323155394436
1,39,24.71428305440691
1,40,26.085415913796965
1,41,24.58221592838578
1,42,24.562790648795726
1,43,27.659791923609276
1,44,29.096115949088567
1,45,30.627647849152105
1,46,27.274376494696945
1,47,28.400302794890216
1,48,27.12860290525192
1,49,29.29320213016076
1,50,30.40736872247868
1,51,31.925813128220046
1,52,28.5590114007992
1,53,25.782699446952616
1,54,21.973091578466665
1,55,21.19128023346473
1,56,18.13740456393381
1,57,17.41723669345315
1,58,17.570724857337094
1,59,17.08040018160575
1,60,18.514037642282236
1,61,16.39114851008253
1,62,18.011615551696355
1,63,17.26029573357247
1,64,19.2956398777632
1,65,20.862587071276607
1,66,23.373737484484977
1,67,26.665473561784708
1,68,26.65031856895154
1,69,27.127457082210455
1,70,29.747337061997612
1,71,28.242837340053235
1,72,25.20948133106532
1,73,24.53828071066811
1,74,22.782568999997157
1,75,22.11709276552435
1,76,20.779789735252695
1,77,18.69068881130363
1,78,18.053120422159008
1,79,14.639398876790638
1,80,14.25982822890486
1,81,11.87587677843805
1,82,13.282349699702129
1,83,16.644307238845435
1,84,19.664550543103744
1,85,23.032966162747634
1,86,26.0146193073377
1,87,29.651028633422797
1,88,33.056020197861265
1,89,34.80816074517597
1,90,34.298278320402346
2,1,3.8861657099319467
2,3,3.9311955660915117
2,4,4.844151342886911
2,5,4.039750346835626
2,6,4.798036944942827
2,7,7.019551006528957
2,8,8.89797573921954
2,9,8.888871258764528
2,10,11.316511788249935
2,11,13.266281841682913
2,12,14.026129374623363
2,13,17.689083478696727
2,14,16.385569907752558
2,15,13.67019216284715
2,16,12.02738117281673
2,17,11.165412923935111
2,18,9.146425676338367
2,19,11.621284219311413
2,20,11.922196206022141
2,21,14.386396146256843
2,22,15.761523983683045
2,23,18.80548890082294
2,24,20.545078133280473
2,25,22.755240738012425
2,26,20.124767465845633
2,27,17.849467078433364
2,28,14.776641850651211
2,29,15.84178287745412
2,30,12.763169577760479
2,31,10.766952085233262
2,32,8.251505588530483
2,33,10.637780669759803
2,34,10.730479740046242
2,35,14.050974555784375
2,36,15.492740174490427
2,37,16.608889725647227
2,38,20.02477233421773
2,39,22.57278270790924
2,40,23.494516259646513
2,41,21.61403036509051
2,42,21.394945117536746
2,43,24.29103102146694
2,44,25.564290513871345
2,45,27.294496861730636
2,46,24.09600237678369
2,47,25.454755469849932
2,48,24.351590499853803
2,49,26.368635697889165
2,50,27.714216423436923
2,51,29.00358083254958
2,52,25.660178129654703
2,53,23.1686329009554
2,54,19.371190570025853
2,55,18.936016752112383
2,56,16.246844243571918
2,57,15.495649297049669
2,58,16.39264498930514
2,59,16.220180479881964
2,60,18.36112974085936
2,61,16.85842505087045
2,62,19.10670288234431
2,63,19.074794592980844
2,64,21.61580534464955
2,65,23.458059424362514
2,66,26.296050113740844
2,67,29.66830924011137
2,68,29.821404291103335
2,69,30.43712316857031
2,70,32.862242129075874
2,71,31.084700027441922
2,72,27.841546059558464
2,73,26.766080685406646
2,74,24.609890392789016
2,75,23.594642245819227
2,76,21.694985189837972
2,77,19.514602626540086
2,78,18.19337475724264
2,79,14.613525456802815
2,80,13.369288309917785
2,81,10.309312328967499
2,82,10.945983984695054
2,83,14.029523010866457
2,84,16.678877192539776
2,85,19.986491937465495
2,86,23.123030640996987
2,87,26.636619795420035
2,88,30.165746369338997
2,89,31.663877717816476
2,90,31.066381133042075
3,1,5.323645890936371
3,2,3.9311955660915117
3,4,3.8922686888194886
3,5,5.894737795846207
3,6,6.30205704034068
3,7,6.342958991460072
3,8,9.064344209241245
3,9,8.149808104430894
3,10,9.514595610420605
3,11,12.270600147228173
3,12,13.660767862578117
3,13,17.165365800837407
3,14,15.982147870508907
3,15,12.632049490345564
3,16,10.917124676755819
3,17,9.337441750317108
3,18,7.756726920521495
3,19,10.525084837853148
3,20,11.210229587057709
3,21,14.411349152413548
3,22,15.76889927154366
3,23,19.264776400867387
3,24,21.15058325834951
3,25,23.789976290422054
3,26,21.63967314318347
3,27,19.8323081246063
3,28,16.77868216696536
3,29,16.99901284132694
3,30,13.505549664969088
3,31,11.954031285910174
3,32,8.921959788708117
3,33,11.206223194701565
3,34,10.800038519670782
3,35,13.36769079907128
3,36,14.680312725168694
3,37,14.943141402254797
3,38,18.586820864188308
3,39,21.59434863120846
3,40,22.545758391952063
3,41,20.783664316440113
3,42,20.253226811432896
3,43,23.385396803523758
3,44,24.65023416168877
3,45,25.861365943658686
3,46,22.44031340218244
3,47,23.71288048148125
3,48,22.80262351321983
3,49,25.28296388809905
3,50,26.808875680807567
3,51,28.54608571485594
3,52,25.484536028694407
3,53,22.977240763365938
3,54,19.202438136591667
3,55,19.32014085110808
3,56,16.998744924518963
3,57,17.120379000110653
3,58,18.33663168864022
3,59,18.827752063655023
3,60,21.073879591496187
3,61,19.76411817640833
3,62,22.03562193403211
3,63,21.607091201743195
3,64,23.948347879626294
3,65,25.294498208844164
3,66,27.89828604638769
3,67,30.99882726930605
3,68,30.755621043426334
3,69,31.842607033357353
3,70,34.57547088849287
3,71,32.97649306294189
3,72,29.95311520949534
3,73,29.038754227187948
3,74,27.217906748863005
3,75,26.055814828134594
3,76,24.25888626878768
3,77,21.67851525330372
3,78,20.203860990999807
3,79,16.44700832650439
3,80,14.820980630498733
3,81,12.313300645185455
3,82,12.113358599401296
3,83,14.638222895917222
3,84,17.511033284913243
3,85,20.385513488503182
3,86,23.76830876244699
3,87,27.147872659748522
3,88,30.723266313008857
3,89,32.32587049671916
3,90,32.15025815038056
4,1,5.491605074470814
4,2,4.844151342886911
4,3,3.8922686888194886
4,5,3.9112958674293954
4,6,6.387640066237859
4,7,7.468321192496361
4,8,10.86757903821284
4,9,11.14085569061255
4,10,12.128130951318346
4,11,14.265954611324693
4,12,16.15054781094455
4,13,19.857926199028075
4,14,19.136307880055867
4,15,15.919632481102749
4,16,14.616577329240096
4,17,13.217966645017361
4,18,11.506826924121974
4,19,13.895784262924671
4,20,13.838095777897047
4,21,16.91437105596919
4,22,17.59151506407881
4,23,20.804742040580752
4,24,22.075922827818882
4,25,24.828959352384988
4,26,22.68724347969626
4,27,20.41606694685293
4,28,17.397875677430417
4,29,17.876989734953977
4,30,14.777459763896484
4,31,13.859221503189403
4,32,11.566744723077782
4,33,14.404038968222153
4,34,14.41013422104853
4,35,17.19518470584019
4,36,18.463714411724094
4,37,18.684638016906806
4,38,22.27040725769519
4,39,25.28740701660479
4,40,26.005042730249542
4,41,23.953778564524054
4,42,23.084501011325905
4,43,25.95196527650609
4,44,26.77171285653827
4,45,28.057453009616783
4,46,24.820329122214243
4,47,26.506105515128283
4,48,25.95158768368449
4,49,28.427957854899315
4,50,30.185906961080505
4,51,31.754927209945787
4,52,28.702417470143697
4,53,26.39377379748607
4,54,22.63136378207006
4,55,22.759524417184455
4,56,20.386157003643724
4,57,20.056679895561068
4,58,21.10945949183728
4,59,21.03545757785051
4,60,23.041995424715626
4,61,21.272198424877217
4,62,23.149396015692556
4,63,22.660331244528784
4,64,24.719688197011862
4,65,26.3171417259033
4,66,28.711914806599392
4,67,31.94225662087015
4,68,31.75755847419453
4,69,32.14107029551433
4,70,34.87925030520431
4,71,33.559713344690515
4,72,30.584042823825637
4,73,29.992227514515065
4,74,28.161055342456002
4,75,27.486176943797407
4,76,25.942445232963678
4,77,23.779904205927846
4,78,22.696056361762036
4,79,19.08224616291168
4,80,17.855338521715577
4,81,15.00896380007512
4,82,15.203520106505977
4,83,17.86690696508578
4,84,20.428427694955417
4,85,23.38877341752524
4,86,26.79752893976856
4,87,30.118616805319355
4,88,33.76536620587871
4,89,35.11137283652162
4,90,34.6525069843852
5,1,6.310104485617356
5,2,4.039750346835626
5,3,5.894737795846207
5,4,3.9112958674293954
5,6,3.8682133572153314
5,7,6.755167744203835
5,8,9.437265623384059
5,9,10.778639103260542
5,10,12.40353624777848
5,11,13.648037423690349
5,12,15.147693185883167
5,13,18.99166863035571
5,14,18.447516160668396
5,15,15.79597920317726
5,16,14.916119994381477
5,17,14.380359107297691
5,18,12.830701911630895
5,19,15.455551537506144
5,20,15.59438246170945
5,21,18.169998033962468
5,22,19.150093102878387
5,23,22.067557043526023
5,24,23.3683541650835
5,25,25.682575842454376
5,26,23.065602737804447
5,27,20.41219493068712
5,28,17.400795521382097
5,29,18.683846136087237
5,30,15.888029064813132
5,31,14.366722536968371
5,32,12.197397476825024
5,33,14.666106439965782
5,34,14.527317505816503
5,35,17.70279657151425
5,36,18.68487485657983
5,37,19.42656492876551
5,38,22.741118790985837
5,39,25.402590553030965
5,40,25.853579368566628
5,41,23.520628866762415
5,42,22.73973695800625
5,43,25.286634035640198
5,44,25.976281246236024
5,45,27.75753104929638
5,46,24.795552667815073
5,47,26.687047451857573
5,48,26.105098211383588
5,49,28.16110109075666
5,50,29.917123698204588
5,51,31.02493315946386
5,52,27.810254867015995
5,53,25.702307237108894
5,54,21.983190402395163
5,55,21.92021558881142
5,56,19.535973626759045
5,57,18.585773715118155
5,58,19.715804323117254
5,59,19.25422423318855
5,60,21.402137565925965
5,61,19.735773871550236
5,62,21.76029502842324
5,63,21.86357119449687
5,64,24.231216228674942
5,65,26.332027520592607
5,66,29.022172094594712
5,67,32.497783290768375
5,68,32.6993478973625
5,69,32.74100747361393
5,70,35.14273574377328
5,71,33.58009365422361
5,72,30.35340116657399
5,73,29.49025268105777
5,74,27.24161064726972
5,75,26.585088691762106
5,76,24.773715775896896
5,77,22.94486648043117
5,78,21.74991151550616
5,79,18.30143975467177
5,80,17.055876787495873
5,81,13.68382505918492
5,82,14.058771783067254
5,83,16.810106705042163
5,84,18.911197086195333
5,85,22.070148692753815
5,86,25.341096078883194
5,87,28.641800221413543
5,88,32.29271159893715
5,89,33.38979089195637
5,90,32.5463285117432
6,1,8.499257832859296
6,2,4.798036944942827
6,3,6.30205704034068
6,4,6.387640066237859
6,5,3.8682133572153314
6,7,3.8008738346262776
6,8,5.662813610460877
6,9,7.644066546054283
6,10,9.424255823939571
6,11,10.130816765719375
6,12,11.415490213113952
6,13,15.269622668632827
6,14,14.951784867389886
6,15,12.582099688444472
6,16,12.31905613996681
6,17,12.651760998359926
6,18,11.996046298131198
6,19,15.196643587571602
6,20,16.221093018614706
6,21,18.750474146393376
6,22,20.43500290547935
6,23,23.518106354137533
6,24,25.32321944526988
6,25,27.434083508212428
6,26,24.65035834838248
6,27,22.23011175947289
6,28,19.195601009291845
6,29,20.549571409393227
6,30,17.52675433766344
6,31,15.268115323362302
6,32,12.456285255826552
6,33,13.962439413321317
6,34,12.895211214927787
6,35,15.808764973174068
6,36,16.119164480902292
6,37,16.853688536845564
6,38,19.87373845171795
6,39,22.393101385860128
6,40,22.519783327249154
6,41,19.980995884689495
6,42,19.160095170483793
6,43,21.574552746629717
6,44,22.287707873865635
6,45,24.246780850334524
6,46,21.38918822039382
6,47,23.31795865173414
6,48,22.74771788150151
6,49,24.61614637781052
6,50,26.458182377213337
6,51,27.399651499596715
6,52,24.227936956681873
6,53,22.33548501343901
6,54,18.707609816737648
6,55,18.94538462293192
6,56,16.983508735839024
6,57,16.198974489439866
6,58,17.961825555148287
6,59,18.001987980724355
6,60,20.709732643056093
6,61,19.729593859600783
6,62,22.312182864530843
6,63,22.875376425726344
6,64,25.66505817279525
6,65,27.78479415165044
6,66,30.770827580480947
6,67,34.22733277989374
6,68,34.505062825950844
6,69,34.992168170478
6,70,37.274797380491904
6,71,35.397379882609336
6,72,32.02341647786913
6,73,30.747540089540152
6,74,28.272407510274103
6,75,27.150141091926862
6,76,24.87342758557815
6,77,22.813946324313175
6,78,21.014557022364624
6,79,17.505813858384272
6,80,15.556443484658493
6,81,12.010443632011627
6,82,11.531803600386809
6,83,13.771696892867398
6,84,15.509177905631269
6,85,18.504760010478947
6,86,21.855289418039916
6,87,25.028637620977168
6,88,28.72878504630982
6,89,29.701916882498058
6,90,28.905571791761062
7,1,10.511572360281114
7,2,7.019551006528957
7,3,6.342958991460072
7,4,7.468321192496361
7,5,6.755167744203835
7,6,3.8008738346262776
7,8,3.8768931145867036
7,9,5.5003294234412445
7,10,5.991492717876048
7,11,6.992780661389096
7,12,9.086136718326792
7,13,12.855079444244687
7,14,12.924581291474766
7,15,10.136904082500847
7,16,10.452690272249429
7,17,10.976037679557717
7,18,11.355077318746524
7,19,14.94908868293011
7,20,16.61711033135529
7,21,19.514130441322028
7,22,21.475850745441715
7,23,24.891435432876577
7,24,26.98770230665034
7,25,29.298250042092125
7,26,26.752074299711854
7,27,24.707849320056138
7,28,21.642485457863536
7,29,22.508124187750308
7,30,19.142943693243136
7,31,16.854717493292355
7,32,13.508315512237449
7,33,14.519574479393416
7,34,12.658540790888647
7,35,14.806365926118172
7,36,14.51578990545686
7,37,14.477565158427264
7,38,17.44392057491884
7,39,20.272297588293306
7,40,20.149206566111193
7,41,17.51057527645032
7,42,16.269738793708047
7,43,18.8040808889954
7,44,19.458764994504044
7,45,21.052840601237378
7,46,18.046824899951034
7,47,20.032087991101
7,48,19.727721395982375
7,49,21.913461314319754
7,50,24.034636582404573
7,51,25.258854032860764
7,52,22.381535837397646
7,53,20.64543762678936
7,54,17.110149555055308
7,55,18.05196391102638
7,56,16.67394825305834
7,57,16.705210719422592
7,58,18.993902927850986
7,59,19.766230161781994
7,60,22.761022696877323
7,61,22.175736753082663
7,62,24.99207158171901
7,63,25.437060395944407
7,64,28.266631741974255
7,65,30.065893179671864
7,66,33.02247396459623
7,67,36.297318218270405
7,68,36.33684706534858
7,69,37.32205057193641
7,70,39.77725230623912
7,71,37.89293307211631
7,72,34.599902634350414
7,73,33.268815586788385
7,74,30.932534402380483
7,75,29.516729259673237
7,76,27.123832437929075
7,77,24.673844393835726
7,78,22.51496063470004
7,79,18.85357254252777
7,80,16.33686260755586
7,81,13.17607972112853
7,82,11.664486376097154
7,83,13.07984587767626
7,84,14.765157670143765
7,85,17.213056419681344
7,86,20.836054848487382
7,87,23.786490545042867
7,88,27.55603240063216
7,89,28.526982201684255
7,90,28.13660097939317
8,1,12.665711421706055
8,2,8.89797573921954
8,3,9.064344209241245
8,4,10.86757903821284
8,5,9.437265623384059
8,6,5.662813610460877
8,7,3.8768931145867036
8,9,3.869724562559609
8,10,5.378402966363092
8,11,4.99637553824471
8,12,5.7699010665817
8,13,9.627764423952348
8,14,9.744359424294947
8,15,7.775070584172875
8,16,8.895411551083939
8,17,10.699433134381561
8,18,11.753378081977582
8,19,15.422259177443877
8,20,17.6202157617396
8,21,20.07417050162217
8,22,22.56024433327796
8,23,25.84948457152339
8,24,28.276331470206664
8,25,30.21399994720323
8,26,27.433989230199106
8,27,25.51344023635592
8,28,22.535093187471777
8,29,23.67207322012471
8,30,20.388919200716597
8,31,17.511871321790082
8,32,14.0681192636
8,33,14.099479509420298
8,34,11.599123007935884
8,35,13.508382416209948
8,36,12.535135427983374
8,37,12.940564009634796
8,38,15.368950458944798
8,39,17.73690100142699
8,40,17.330672344118508
8,41,14.512755158827089
8,42,13.57532184619359
8,43,15.937224658577916
8,44,16.850785197315346
8,45,18.911368666016223
8,46,16.095164048039337
8,47,17.943692455916757
8,48,17.37000340278742
8,49,19.071193935037083
8,50,21.07936888085378
8,51,21.948124384349107
8,52,18.94972721470908
8,53,17.388765559889553
8,54,13.967642283731625
8,55,14.987650216455227
8,56,14.012794982772176
8,57,13.999539678624586
8,58,16.771078354011443
8,59,17.867797399590025
8,60,21.225189316795795
8,61,21.26201286684034
8,62,24.450257171063708
8,63,25.37796103207981
8,64,28.541719666691552
8,65,30.45181645481463
8,66,33.68143886183064
8,67,36.97181372138947
8,68,37.21208644779571
8,69,38.43418772621228
8,70,40.6550012001865
8,71,38.451101217855246
8,72,35.01111363755594
8,73,33.28895715816816
8,74,30.713552640287674
8,75,28.952973800751288
8,76,26.18476080525855
8,77,23.71264081943264
8,78,21.116483551307944
8,79,17.643817170207548
8,80,14.684946587653474
8,81,11.530009377909233
8,82,9.319297927382648
8,83,10.053445965381076
8,84,11.166062946403557
8,85,13.563827328468667
8,86,17.149535660250233
8,87,20.05186016294
8,88,23.829743525189766
8,89,24.720348442915434
8,90,24.265438324914335
9,1,12.084286977993203
9,2,8.888871258764528
9,3,8.149808104430894
9,4,11.14085569061255
9,5,10.778639103260542
9,6,7.644066546054283
9,7,5.5003294234412445
9,8,3.869724562559609
9,10,3.8166678374399923
9,11,5.791684115791959
9,12,5.7431141810415545
9,13,9.091927672226653
9,14,8.003529734392332
9,15,5.018096760274482
9,16,5.177893522852075
9,17,6.89842880344565
9,18,8.496027909016385
9,19,12.205080137832187
9,20,14.858405788498574
9,21,17.36232530736411
9,22,20.110999522189907
9,23,23.552414068925994
9,24,26.278949720266354
9,25,28.269176495478742
9,26,25.733662789377487
9,27,24.2868981504574
9,28,21.358360761787026
9,29,22.006286393244448
9,30,18.52788924877942
9,31,15.598384723186896
9,32,11.874912998289092
9,33,11.418231156683118
9,34,8.505929408459343
9,35,9.93679227863414
9,36,9.102444225452764
9,37,9.40289713986209
9,38,12.254240177655644
9,39,14.908297944453377
9,40,15.115781737836496
9,41,12.911529446788203
9,42,12.526722200962983
9,43,15.580245511798902
9,44,17.220653233154668
9,45,18.828209897337455
9,46,15.559973519262432
9,47,16.679567657801094
9,48,15.544948162702433
9,49,17.565304090757735
9,50,19.208141963048536
9,51,20.618757148812225
9,52,17.59276178753134
9,53,15.473615686812607
9,54,11.831065532721272
9,55,12.80861483598463
9,56,11.712784925627126
9,57,12.537251518783357
9,58,15.238564783756225
9,59,16.928644704610075
9,60,20.22621385471848
9,61,20.419617206664313
9,62,23.671260441718562
9,63,24.271378425957742
9,64,27.385823683212728
9,65,28.876668288458607
9,66,32.048168565517585
9,67,35.11209376616644
9,68,35.14726211828967
9,69,36.92295738002379
9,70,39.27489373861775
9,71,37.042208318810715
9,72,33.73114230182229
9,73,31.983029703455166
9,74,29.672547792155427
9,75,27.64917854336729
9,76,24.938600537458534
9,77,22.056287698897165
9,78,19.338798543954113
9,79,15.73452353963383
9,80,12.556501535588712
9,81,10.108855310626293
9,82,7.475786516289638
9,83,8.11734250184824
9,84,10.266263846465252
9,85,12.602959487452024
9,86,16.21131031640033
9,87,19.330308886231393
9,88,22.99953940603293
9,89,24.435156286441817
9,90,24.486311884983937
10,1,14.357631942914576
10,2,11.316511788249935
10,3,9.514595610420605
10,4,12.128130951318346
10,5,12.40353624777848
10,6,9.424255823939571
10,7,5.991492717876048
10,8,5.378402966363092
10,9,3.8166678374399923
10,11,3.8678162855242832
10,12,5.7846056104805434
10,13,8.630207017302679
10,14,8.723593454480255
10,15,5.402763197746316
10,16,6.853716999535816
10,17,8.243120872056961
10,18,10.601595872979141
10,19,14.299031316622804
10,20,17.051386996619716
10,21,19.940113732640953
10,22,22.529850357567224
10,23,26.174244660956703
10,24,28.852087820145268
10,25,31.12161082873891
10,26,28.825250339836632
10,27,27.458691427232985
10,28,24.489283661124595
10,29,24.824392315866938
10,30,21.194152171705944
10,31,18.615607463139444
10,32,14.815109718312998
10,33,14.54424790826008
10,34,11.533838433706489
10,35,12.100693742499733
10,36,10.655316552135668
10,37,9.507878938190625
10,38,12.142815593740218
10,39,15.250217338311128
10,40,14.922867349357738
10,41,12.448713525790888
10,42,11.071068643399359
10,43,14.103688630528044
10,44,15.320938217712024
10,45,16.369897897022142
10,46,12.952820977774266
10,47,14.431186939182647
10,48,14.003475809236381
10,49,16.558212256221516
10,50,18.77376537218938
10,51,20.479560829623086
10,52,17.98830366000941
10,53,16.322870703092665
10,54,13.054156501777982
10,55,14.942428334433146
10,56,14.573659932126748
10,57,15.903811282023836
10,58,18.796062923355347
10,59,20.684913441967645
10,60,24.001818374222875
10,61,24.191184499141407
10,62,27.390329928082846
10,63,27.82647492734689
10,64,30.816805079346587
10,65,32.15168988583223
10,66,35.17574897694706
10,67,38.13695896807777
10,68,37.95724455735263
10,69,39.84406084082458
10,70,42.375842047493286
10,71,40.292750756762416
10,72,37.08131546343346
10,73,35.47140769407829
10,74,33.28620787305188
10,75,31.289774926672393
10,76,28.6486253108195
10,77,25.669427253392573
10,78,22.93591539064725
10,79,19.316824199848373
10,80,16.070405929281517
10,81,13.87604944243554
10,82,11.04323267436571
10,83,10.889576661103398
10,84,12.488684520736175
10,85,13.92810484282453
10,86,17.699636040473216
10,87,20.338558663273496
10,88,24.035165269747708
10,89,25.24359770177299
10,90,25.600715063949497
11,1,16.778307816566393
11,2,13.266281841682913
11,3,12.270600147228173
11,4,14.265954611324693
11,5,13.648037423690349
11,6,10.130816765719375
11,7,6.992780661389096
11,8,4.99637553824471
11,9,5.791684115791959
11,10,3.8678162855242832
11,12,3.8171639492233687
11,13,6.713611265356041
11,14,8.319207929138567
11,15,6.534823176164768
11,16,9.300817179074913
11,17,11.598410142272606
11,18,13.94121545949563
11,19,17.665602028092177
11,20,20.409809869899668
11,21,23.077319126278674
11,22,25.763831405557244
11,23,29.276378462910607
11,24,31.92773910789449
11,25,34.010054411640944
11,26,31.45522397273555
11,27,29.84929914287883
11,28,26.87903789137455
11,29,27.631965819871922
11,30,24.13845617597467
11,31,21.32489598953216
11,32,17.61884580282458
11,33,17.14936236968254
11,34,13.983268250238762
11,35,14.633923570446653
11,36,12.559148396155711
11,37,11.699816955031945
11,38,13.446671936904895
11,39,16.007049027327234
11,40,14.819874798909254
11,41,11.61934292267073
11,42,9.65363152924751
11,43,11.903512819900701
11,44,12.526897892318496
11,45,14.161770792330115
11,46,11.27445217215599
11,47,13.459615580150924
11,48,13.55198645367771
11,49,15.56911140934382
11,50,18.18289908628294
11,51,19.27317136257344
11,52,16.907317394227938
11,53,15.959729203522599
11,54,13.075098139970093
11,55,15.314340355831876
11,56,15.503418529301817
11,57,16.453935711089137
11,58,19.725725553575877
11,59,21.50983390474437
11,60,25.06116671110172
11,61,25.515519189283506
11,62,28.862151029666798
11,63,29.742493422485367
11,64,32.925628749326386
11,65,34.5733213891043
11,66,37.766025955072536
11,67,40.876349556373206
11,68,40.91174228207829
11,69,42.57040678111559
11,70,44.91831536621115
11,71,42.70254251333634
11,72,39.337300456529704
11,73,37.55028392505257
11,74,35.078646642775446
11,75,33.063460706188046
11,76,30.184144844381088
11,77,27.435438931849767
11,78,24.516381292041196
11,79,21.089134295488684
11,80,17.6948724385508
11,81,15.17697669774827
11,82,12.116272714862308
11,83,11.352823650782067
11,84,11.754048342368382
11,85,12.784810554294019
11,86,16.552621794281904
11,87,18.79867896545556
11,88,22.58113318082964
11,89,23.247408049363397
11,90,23.331582639069538
12,1,17.541606807989695
12,2,14.026129374623363
12,3,13.660767862578117
12,4,16.15054781094455
12,5,15.147693185883167
12,6,11.415490213113952
12,7,9.086136718326792
12,8,5.7699010665817
12,9,5.7431141810415545
12,10,5.7846056104805434
12,11,3.8171639492233687
12,13,3.85848381453861
12,14,4.950483138107353
12,15,4.659784172637977
12,16,7.891961376707135
12,17,11.109902562177227
12,18,13.624538626758934
12,19,17.14095000929051
12,20,20.148927146296707
12,21,22.322615999824865
12,22,25.3757858310247
12,23,28.692683948622733
12,24,31.590218205280028
12,25,33.311870069140625
12,26,30.606109284221453
12,27,29.173246297907475
12,28,26.336916009706915
12,29,27.261719643301006
12,30,23.91047753831189
12,31,20.697772243136132
12,32,17.080527817090005
12,33,15.85168656903411
12,34,12.398929607988254
12,35,12.810708464801403
12,36,10.287304301388417
12,37,10.226377310812792
12,38,11.4018525457539
12,39,13.325147517404972
12,40,12.13357813014321
12,41,8.94609895621852
12,42,8.005917585126703
12,43,10.3718243316372
12,44,11.875398662263915
12,45,14.061501786077619
12,46,11.339564570205507
12,47,12.807512696154788
12,48,12.052128777959698
12,49,13.400880889813488
12,50,15.559542730880242
12,51,16.339170477351804
12,52,13.59890817268611
12,53,12.537552729084357
12,54,9.639490258883908
12,55,11.815959281478147
12,56,12.36120032796022
12,57,13.370900366884163
12,58,16.899558045935905
12,59,18.989240923854723
12,60,22.69163402599698
12,61,23.645331306595438
12,62,27.204216293053822
12,63,28.388301107430223
12,64,31.774042743502218
12,65,33.43890633876727
12,66,36.8155143526566
12,67,39.891881981686375
12,68,40.097722900392604
12,69,41.97881458905647
12,70,44.113483720891246
12,71,41.63751849653532
12,72,38.19702020634213
12,73,36.10623205594817
12,74,33.515064853627415
12,75,31.219088245945297
12,76,28.108474127448517
12,77,25.34850073051141
12,78,22.149917009265447
12,79,18.98648299166647
12,80,15.376986344560168
12,81,13.171485278019462
12,82,9.72306286131672
12,83,8.15092791149696
12,84,8.024448197526713
12,85,9.013852704430938
12,86,12.781315103421875
12,87,15.206032079755033
12,88,19.000127421779805
12,89,19.856634461527243
12,90,19.953103069985776
13,1,21.07404643142089
13,2,17.689083478696727
13,3,17.165365800837407
13,4,19.857926199028075
13,5,18.99166863035571
13,6,15.269622668632827
13,7,12.855079444244687
13,8,9.627764423952348
13,9,9.091927672226653
13,10,8.630207017302679
13,11,6.713611265356041
13,12,3.85848381453861
13,14,3.8356419939269926
13,15,5.7959656335591845
13,16,9.43788124426001
13,17,12.960635760400088
13,18,15.997193055711534
13,19,19.237126323496845
13,20,22.55598887784485
13,21,24.511167107774213
13,22,27.806465845356925
13,23,31.078848785020117
13,24,34.1993576743842
13,25,35.77585478224786
13,26,33.13464029126766
13,27,31.977407198962815
13,28,29.24961503360115
13,29,30.06324594753444
13,30,26.73006127566951
13,31,23.406142750129995
13,32,19.813620445025744
13,33,18.009169921480154
13,34,14.299089652253896
13,35,13.78749027538295
13,36,10.468872445934139
13,37,10.053610446800942
13,38,9.869539429862895
13,39,11.13659100515348
13,40,9.090119075648655
13,41,5.495455260610588
13,42,4.616354022051491
13,43,6.845449176163427
13,44,9.081039037689196
13,45,11.33128461323358
13,46,8.903637776562332
13,47,9.829727173601384
13,48,8.876722018361415
13,49,9.701827791912674
13,50,12.021728191633606
13,51,12.663245247434022
13,52,10.262458272407901
13,53,9.86207234195725
13,54,7.865614776497884
13,55,10.94663181357187
13,56,12.679623008539945
13,57,14.276818913737094
13,58,18.028262122240783
13,59,20.60061535141758
13,60,24.373809286047724
13,61,25.82564101022696
13,62,29.520626084399773
13,63,30.838245313260888
13,64,34.30833568278342
13,65,35.825290422462515
13,66,39.25762322189778
13,67,42.18874837399667
13,68,42.37945173799952
13,69,44.62372653695517
13,70,46.69068347254059
13,71,44.067622987379494
13,72,40.648090892980136
13,73,38.35831255973172
13,74,35.778232113769114
13,75,33.202470601611445
13,76,29.938410462784493
13,77,27.0754713265902
13,78,23.6082548858131
13,79,20.74839917441894
13,80,16.957040433153473
13,81,15.411983932360144
13,82,11.693668308159591
13,83,8.961520484398768
13,84,7.784911340094279
13,85,7.008474885925229
13,86,10.590437226693448
13,87,12.368838405455362
13,88,16.077681780707024
13,89,16.87160770445944
13,90,17.47557900975727
14,1,19.421521592285156
14,2,16.385569907752558
14,3,15.982147870508907
14,4,19.136307880055867
14,5,18.447516160668396
14,6,14.951784867389886
14,7,12.924581291474766
14,8,9.744359424294947
14,9,8.003529734392332
14,10,8.723593454480255
14,11,8.319207929138567
14,12,4.950483138107353
14,13,3.8356419939269926
14,15,3.8877763123789943
14,16,6.644928125246288
14,17,10.367133715840735
14,18,13.334706948032913
14,19,16.240474726482443
14,20,19.661773097415423
14,21,21.302607619792507
14,22,24.761934099335797
14,23,27.915023324725787
14,24,31.182540510813567
14,25,32.59889032270143
14,26,30.019264504101724
14,27,29.127828906637422
14,28,26.52201444843234
14,29,27.20924668890072
14,30,23.957729229957604
14,31,20.532146734690656
14,32,17.051977604049124
14,33,14.794654699030685
14,34,11.02845417400557
14,35,10.233119316927501
14,36,6.867724127626632
14,37,7.359094021017983
14,38,7.422987461254622
14,39,8.60973893212413
14,40,7.7988211490526
14,41,5.452363194864218
14,42,6.741077457008767
14,43,9.665333174500969
14,44,12.55405955106604
14,45,14.460684753271334
14,46,11.712323526782283
14,47,11.653593556570844
14,48,9.514286740614711
14,49,10.366330601399886
14,50,11.600032486884995
14,51,12.66609602358896
14,52,9.599734156840272
14,53,7.827407496825611
14,54,4.765707238037206
14,55,7.50563092298919
14,56,9.049140265661777
14,57,11.130092805663276
14,58,14.778123497480001
14,59,17.66562780882749
14,60,21.349163634258154
14,61,22.928226328154516
14,62,26.63713312861688
14,63,27.843003556304524
14,64,31.299455857324627
14,65,32.626333279507946
14,66,36.059442235460764
14,67,38.87285147379204
14,68,39.0559030979695
14,69,41.54962446432565
14,70,43.578618095628606
14,71,40.88316732116182
14,72,37.52343808991131
14,73,35.16541881193966
14,74,32.70767097266794
14,75,29.978218936247732
14,76,26.741543024853865
14,77,23.715884811296984
14,78,20.19490225028246
14,79,17.391981410018108
14,80,13.552021505300617
14,81,12.548799109532643
14,82,8.750267083117178
14,83,5.650741936324969
14,84,5.473565407660658
14,85,5.500604539063572
14,86,9.1639752432977
14,87,11.830254183931109
14,88,15.431205031412881
14,89,17.034602299674706
14,90,17.783124678602455
15,1,16.536278122805786
15,2,13.67019216284715
15,3,12.632049490345564
15,4,15.919632481102749
15,5,15.79597920317726
15,6,12.582099688444472
15,7,10.136904082500847
15,8,7.775070584172875
15,9,5.018096760274482
15,10,5.402763197746316
15,11,6.534823176164768
15,12,4.659784172637977
15,13,5.7959656335591845
15,14,3.8877763123789943
15,16,3.774932797869081
15,17,7.1659245281762995
15,18,10.327122104890345
15,19,13.559379283947171
15,20,16.931115428306146
15,21,19.079758893349865
15,22,22.30444286619629
15,23,25.714438539180456
15,24,28.85360453570639
15,25,30.636926315020055
15,26,28.251070332224895
15,27,27.321304290368516
15,28,24.57638764815475
15,29,24.95959554868238
15,30,21.48839397114757
15,31,18.36439535714499
15,32,14.65095514959023
15,33,12.97117991326227
15,34,9.253549574688153
15,35,8.742360968866109
15,36,6.092812313122653
15,37,5.668955854668998
15,38,7.6022152395855445
15,39,10.19256108630613
15,40,10.149651504376799
15,41,8.166016634911792
15,42,8.340387391906395
15,43,11.794897240854176
15,44,14.219285261798733
15,45,15.566612924070286
15,46,12.222295698770006
15,47,12.507884242980426
15,48,10.800433621141634
15,49,12.772137605541833
15,50,14.27436079778859
15,51,15.977900524224255
15,52,13.178112545406524
15,53,11.081831878740857
15,54,7.708012130003109
15,55,9.779215273900936
15,56,10.093729924480002
15,57,12.179301687385452
15,58,15.414561253668678
15,59,18.04802269331285
15,60,21.543570648925808
15,61,22.523948842252192
15,62,26.03630731876168
15,63,26.78219961639174
15,64,30.02741643286348
15,65,31.21454998526699
15,66,34.460170108296445
15,67,37.26560862767766
15,68,37.226829293510505
15,69,39.6547443900158
15,70,41.942983516216174
15,71,39.496430177152604
15,72,36.23990265202292
15,73,34.1974123408386
15,74,31.951100481047895
15,75,29.452944658111182
15,76,26.50468715400511
15,77,23.335550950462817
15,78,20.125506658694363
15,79,16.861324723941227
15,80,13.172569215363257
15,81,11.877154080227479
15,82,8.289567521322395
15,83,6.644326089284607
15,84,8.234031455218014
15,85,9.27973953559346
15,86,12.898049878609662
15,87,15.695613539229436
15,88,19.246892054151022
15,89,20.91669148761412
15,90,21.62150498139172
16,1,14.254332868307726
16,2,12.02738117281673
16,3,10.917124676755819
16,4,14.616577329240096
16,5,14.916119994381477
16,6,12.31905613996681
16,7,10.452690272249429
16,8,8.895411551083939
16,9,5.177893522852075
16,10,6.853716999535816
16,11,9.300817179074913
16,12,7.891961376707135
16,13,9.43788124426001
16,14,6.644928125246288
16,15,3.774932797869081
16,17,3.7607356008249972
16,18,6.820361953545485
16,19,9.839467537009803
16,20,13.291502281949978
16,21,15.364740204801633
16,22,18.636315810379806
16,23,22.045854106313087
16,24,25.256468817783297
16,25,27.0507405906247
16,26,24.809051129062247
16,27,24.111214458969314
16,28,21.43664850024419
16,29,21.550483849999225
16,30,18.07304620495836
16,31,15.01099605402942
16,32,11.331760033776417
16,33,9.503829206706422
16,34,5.844357877596354
16,35,5.3773410565739015
16,36,4.159353669490311
16,37,4.821085537977138
16,38,8.007127749649674
16,39,10.702121247049172
16,40,11.928199861173681
16,41,10.95401959886766
16,42,11.783298406771651
16,43,15.357864661138743
16,44,17.94936664572297
16,45,19.122158948290927
16,46,15.64479341924308
16,47,15.536070475468927
16,48,13.414009485508137
16,49,15.452572148359287
16,50,16.295249951461706
16,51,18.270913643857334
16,52,15.269701485745568
16,53,12.436294816797236
16,54,8.790039944567248
16,55,9.592100854141613
16,56,8.700637293665983
16,57,10.940666815418096
16,58,13.525095310649574
16,59,16.150964703170025
16,60,19.328736996911644
16,61,20.062210824326982
16,62,23.41769179293075
16,63,23.810198890955924
16,64,26.91041612344795
16,65,27.855585340402342
16,66,31.00587185134153
16,67,33.70788334141913
16,68,33.57405030476675
16,69,36.16914567347605
16,70,38.52904510317758
16,71,36.13519234604384
16,72,32.98516879612973
16,73,31.04265234870392
16,74,29.02023073325186
16,75,26.528189998505837
16,76,23.79254407557229
16,77,20.447121230631215
16,78,17.43989656565205
16,79,14.025985484330432
16,80,10.551931781468426
16,81,9.748472082004827
16,82,6.71901582284133
16,83,6.358084325490208
16,84,9.415728983736312
16,85,11.236518996777193
16,86,14.454714294988824
16,87,17.675764677500332
16,88,21.006992133930602
16,89,23.134423478510566
16,90,23.83158504547682
17,1,12.489917874709182
17,2,11.165412923935111
17,3,9.337441750317108
17,4,13.217966645017361
17,5,14.380359107297691
17,6,12.651760998359926
17,7,10.976037679557717
17,8,10.699433134381561
17,9,6.89842880344565
17,10,8.243120872056961
17,11,11.598410142272606
17,12,11.109902562177227
17,13,12.960635760400088
17,14,10.367133715840735
17,15,7.1659245281762995
17,16,3.7607356008249972
17,18,3.8272593978939984
17,19,6.742512104615331
17,20,10.191909407420386
17,21,12.716843122579517
17,22,15.728780840512934
17,23,19.346011698353454
17,24,22.48873114645011
17,25,24.599046576314922
17,26,22.71121291407325
17,27,22.227035864279816
17,28,19.564989405690397
17,29,19.132607297301533
17,30,15.50497021030414
17,31,12.94316328096318
17,32,9.279161804065186
17,33,8.108647100697272
17,34,5.443544717209993
17,35,5.169695796542326
17,36,6.216022841344725
17,37,6.26923947585284
17,38,10.030519477053218
17,39,13.018898981447292
17,40,14.809378269369589
17,41,14.272972929218302
17,42,14.9192893649814
17,43,18.617111504115183
17,44,21.08804698290725
17,45,21.87681365693711
17,46,18.203692540245925
17,47,18.024494071201822
17,48,16.019209640865085
17,49,18.45260618208593
17,50,19.175623437191497
17,51,21.50873758412344
17,52,18.651398823287128
17,53,15.618581663304473
17,54,12.107603776014436
17,55,12.439030393351944
17,56,10.864721297870709
17,57,12.968292008124157
17,58,14.732137861197161
17,59,17.057209191321615
17,60,19.74088990028679
17,61,19.924405058136717
17,62,22.915167514422002
17,63,22.7036255425648
17,64,25.457704625090088
17,65,26.057141762384276
17,66,28.931534397253806
17,67,31.484523533797905
17,68,31.07499917314728
17,69,33.79332456368304
17,70,36.3983099010229
17,71,34.2485598433361
17,72,31.303853474307267
17,73,29.685755412413734
17,74,28.028734923895993
17,75,25.7302780433492
17,76,23.412714917177873
17,77,19.940398227639253
17,78,17.41527413686161
17,79,13.843266424003057
17,80,11.018519458352278
17,81,10.567389443100156
17,82,8.667680284223843
17,83,9.478085768463572
17,84,12.913432730591243
17,85,14.896190922901853
17,86,17.94587473582416
17,87,21.219248945461505
17,88,24.41611081348222
17,89,26.723001855627203
17,90,27.482157841841154
18,1,9.518261378795199
18,2,9.146425676338367
18,3,7.756726920521495
18,4,11.506826924121974
18,5,12.830701911630895
18,6,11.996046298131198
18,7,11.355077318746524
18,8,11.753378081977582
18,9,8.496027909016385
18,10,10.601595872979141
18,11,13.94121545949563
18,12,13.624538626758934
18,13,15.997193055711534
18,14,13.334706948032913
18,15,10.327122104890345
18,16,6.820361953545485
18,17,3.8272593978939984
18,19,3.768178838831116
18,20,6.679496945354415
18,21,9.415564425757156
18,22,12.203498218265752
18,23,15.846425511503714
18,24,18.843092087218718
18,25,21.03607897844623
18,26,19.1329709628508
18,27,18.560250123903952
18,28,15.876303426161975
18,29,15.361539635305546
18,30,11.701856809976647
18,31,9.281947941263935
18,32,5.660798117400168
18,33,5.519424286304866
18,34,4.769711162214069
18,35,6.383912988795352
18,36,8.954749860114804
18,37,9.908873930280924
18,38,13.548308046137864
18,39,16.196392120960972
18,40,18.239931607819223
18,41,17.7188695810767
18,42,18.456908489122508
18,43,22.066387327713915
18,44,24.4222837222976
18,45,25.422797467341397
18,46,21.782711668830757
18,47,21.789076084709627
18,48,19.78525665688087
18,49,22.067108640439702
18,50,22.620539536379496
18,51,24.767462276247713
18,52,21.673347391037943
18,53,18.472630088257915
18,54,14.857260720638223
18,55,14.35236860485354
18,56,11.838611342243869
18,57,13.116460527289773
18,58,13.997389135939972
18,59,15.650479495669599
18,60,17.83490164454447
18,61,17.405965755691867
18,62,20.051316827869933
18,63,19.479477248918442
18,64,22.033798427229417
18,65,22.61931427510869
18,66,25.406029608338386
18,67,28.046231294502626
18,68,27.656032162560372
18,69,30.129672188643845
18,70,32.784197904988545
18,71,30.74844367156335
18,72,27.836421161957084
18,73,26.42612442561318
18,74,24.89797322442115
18,75,22.871058824261425
18,76,20.87524778790891
18,77,17.514108739578866
18,78,15.538701052548593
18,79,11.853842698005469
18,80,9.88841249585299
18,81,9.385185097225662
18,82,8.931633642186217
18,83,11.060083494785284
18,84,14.765734822374101
18,85,17.36504410090123
18,86,20.2265393530588
18,87,23.757662295366167
18,88,26.90462656798125
18,89,29.272379629777
18,90,29.715843326212887
19,1,10.844022741071658
19,2,11.621284219311413
19,3,10.525084837853148
19,4,13.895784262924671
19,5,15.455551537506144
19,6,15.196643587571602
19,7,14.94908868293011
19,8,15.422259177443877
19,9,12.205080137832187
19,10,14.299031316622804
19,11,17.665602028092177
19,12,17.14095000929051
19,13,19.237126323496845
19,14,16.240474726482443
19,15,13.559379283947171
19,16,9.839467537009803
19,17,6.742512104615331
19,18,3.768178838831116
19,20,3.753981870547786
19,21,6.123996611382839
19,22,9.078653153615512
19,23,12.688118798561627
19,24,15.923384726196737
19,25,18.067986942809668
19,26,16.55783815473277
19,27,16.621752837286962
19,28,14.27729370999726
19,29,13.090639521258213
19,30,9.616631946080409
19,31,7.707830037588166
19,32,5.262396603310272
19,33,5.027449281590508
19,34,6.280380811890084
19,35,7.271732602820506
19,36,10.752405037405284
19,37,11.978412691161115
19,38,15.342784155053302
19,39,17.642999568343715
19,40,20.25125880507647
19,41,20.316933198099907
19,42,21.455129474312894
19,43,25.123087233082995
19,44,27.711924697214744
19,45,28.596871184549364
19,46,24.931007103347184
19,47,24.561702170732406
19,48,22.263160677601412
19,49,24.4561439672894
19,50,24.546422106699623
19,51,26.830458051725188
19,52,23.758102862496738
19,53,20.292568160193888
19,54,16.9128106745162
19,55,15.840949066798947
19,56,13.02572521020759
19,57,14.316370194296386
19,58,14.299378215807392
19,59,15.836585054641825
19,60,17.33170199354057
19,61,16.72185595648771
19,62,18.955190302952563
19,63,17.835923816550267
19,64,20.039501852823925
19,65,20.079219818002176
19,66,22.650997942915968
19,67,25.004892068636668
