1,2,3.886307876100734
1,3,5.7230542886146525
1,4,6.163561278559123
1,5,7.428207215686818
1,6,9.330915873881818
1,7,11.160961896442876
1,8,13.450845400336108
1,9,12.332607222803983
1,10,14.426858016371789
1,11,17.091331453909078
1,12,18.024584544593278
1,13,21.39893356075502
1,14,19.61710150998568
1,15,16.560686363940395
1,16,13.890865425808126
1,17,11.658568137364027
1,18,8.685388587603276
1,19,10.008315278722225
1,20,9.287454284415142
1,21,12.070739556882222
1,22,13.243988152004123
1,23,16.05725441943192
1,24,17.564174437830918
1,25,20.11877835837696
1,26,17.665893606345627
1,27,15.87909238977452
1,28,12.861214294983581
1,29,13.051976761648168
1,30,9.664876277435518
1,31,8.984612402966942
1,32,7.053114966174988
1,33,10.262771053072408
1,34,11.47906692612764
1,35,14.471018696917323
1,36,16.934909462089113
1,37,17.943404842640064
1,38,21.581754592085733
1,39,24.16541381547262
1,40,25.623455768877605
1,41,24.342178212654716
1,42,24.56932568238712
1,43,27.904934354650557
1,44,29.646767456031274
1,45,30.654159253214928
1,46,27.242063104484213
1,47,28.252169358670088
1,48,26.86249822875274
1,49,29.189324087112606
1,50,30.136897441538377
1,51,31.960082977265223
1,52,28.55706911612388
1,53,25.62228452732596
1,54,21.80918163190538
1,55,21.01501165401192
1,56,17.891277824627394
1,57,17.743448201567112
1,58,17.501440339781627
1,59,17.230712812153474
1,60,19.11612449382133
1,61,17.288700644291687
1,62,18.9303102531485
1,63,17.660537833399843
1,64,19.538534348807545
1,65,21.386372675787726
1,66,24.045361612665634
1,67,29.286426787295216
1,68,28.81915061625163
1,69,25.821145319933567
1,70,25.467358465736076
1,71,23.401890880889578
1,72,22.441493504324477
1,73,21.530633625323077
1,74,18.926420105034985
1,75,18.001650942566474
1,76,14.491369454392979
1,77,13.93535819282259
1,78,11.933230025040597
1,79,13.268764218137678
1,80,16.66845122992797
1,81,19.93952241020156
1,82,23.248629046492024
1,83,26.319545861080705
1,84,29.964276410349658
1,85,33.10513207471358
1,86,35.051976145616194
1,87,34.397916158742795
1,88,36.03578007251585
2,1,3.886307876100734
2,3,3.897342020573811
2,4,5.476057378320612
2,5,5.279144448635627
2,6,5.9826002733728245
2,7,8.041795963502471
2,8,9.820615089445313
2,9,9.124997054031066
2,10,11.640263550206068
2,11,13.849184665392768
2,12,14.5536634284272
2,13,18.051136747729593
2,14,16.452022837208784
2,15,13.651963307972874
2,16,11.43672825435965
2,17,10.159189517256323
2,18,7.907850599119211
2,19,10.460148344267832
2,20,10.93114378228505
2,21,13.484219232327986
2,22,15.495293371086909
2,23,18.27028342450838
2,24,20.253565238874568
2,25,22.39926427807426
2,26,19.572749709828383
2,27,17.782595954405153
2,28,14.874323522566268
2,29,15.55229845310964
2,30,12.100142233817653
2,31,10.206526960636795
2,32,7.473417078876814
2,33,9.526650093160738
2,34,9.63435638598337
2,35,12.860919779536026
2,36,14.725357529032184
2,37,15.996333504627902
2,38,19.40346040933438
2,39,21.875955555188362
2,40,22.937556963390882
2,41,21.321631000905178
2,42,21.56639960352956
2,43,24.729525822289258
2,44,26.387942148989218
2,45,27.695620084803945
2,46,24.459299443990513
2,47,25.60537838934116
2,48,24.253841701834006
2,49,26.33108363924324
2,50,27.4031897199914
2,51,28.94009181334225
2,52,25.47071500743673
2,53,22.735857747332513
2,54,18.925057488876593
2,55,18.26277493796173
2,56,15.30054894473296
2,57,14.921259413848889
2,58,15.296844712371131
2,59,15.249106666817054
2,60,17.73391562348076
2,61,16.487215337507575
2,62,18.797711331844898
2,63,18.274238739363923
2,64,20.762320151921756
2,65,22.905827916978055
2,66,25.94122411653293
2,67,31.531278650476853
2,68,30.667929037016293
2,69,27.397342787544375
2,70,26.541791865307406
2,71,24.040227069583736
2,72,22.792481104716078
2,73,21.250909936420058
2,74,18.602136800508852
2,75,17.020857350928576
2,76,13.33518365164528
2,77,12.025216461357463
2,78,9.322181234195028
2,79,10.152171019336405
2,80,13.534090374965865
2,81,16.532290390006708
2,82,19.87810613147422
2,83,23.0291396076287
2,84,26.667540421708427
2,85,29.91745332280398
2,86,31.649885306860906
2,87,30.887755756818763
2,88,32.37073426029091
3,1,5.7230542886146525
3,2,3.897342020573811
3,4,3.861007114882003
3,5,5.66671103405059
3,6,5.3905445417796125
3,7,5.762934122870491
3,8,8.64582950434739
3,9,7.7693507243553865
3,10,9.115696618067894
3,11,11.707461570362582
3,12,13.269179123119317
3,13,16.772768624222998
3,14,15.685786313563797
3,15,12.382760315077672
3,16,10.64608346265784
3,17,9.186146627552086
3,18,8.067314288540102
3,19,11.082876864545247
3,20,12.253636358893278
3,21,15.445672455169536
3,22,17.488752894122968
3,23,20.685324653800468
3,24,22.690753188000606
3,25,25.19103415900223
3,26,22.676938265817622
3,27,21.123134230691726
3,28,18.155549520377622
3,29,18.30647019957457
3,30,14.655880106491397
3,31,13.142010003397639
3,32,9.937903777839306
3,33,11.572738589352713
3,34,10.842711300183195
3,35,13.245234291269032
3,36,14.518882740158304
3,37,14.869681896724869
3,38,18.357607120411636
3,39,21.311141162828388
3,40,22.096834823340476
3,41,20.292080204223975
3,42,19.899422663624783
3,43,23.062458154303926
3,44,24.46581359801082
3,45,25.386779966987408
3,46,22.057574945991334
3,47,23.463127911644932
3,48,22.553213741932534
3,49,25.00799723286968
3,50,26.502974176131005
3,51,28.272190071273396
3,52,25.06959962708933
3,53,22.589424873984516
3,54,18.835433934099918
3,55,18.951289074876904
3,56,16.566548856364722
3,57,16.821464070411537
3,58,17.811421340839477
3,59,18.349186632944924
3,60,21.105788232931737
3,61,20.158995127159663
3,62,22.574523076684457
3,63,21.951213251410078
3,64,24.353238802794664
3,65,26.260042713975434
3,66,29.139073929147315
3,67,34.76842418823745
3,68,34.067607504152015
3,69,30.894804923588822
3,70,30.13612692293159
3,71,27.75659053795779
3,72,26.37361013182918
3,73,24.80499869129861
3,74,21.93260502446353
3,75,20.080753925841567
3,76,16.26528609447656
3,77,14.350404179186992
3,78,11.834152249093137
3,79,11.471362482781922
3,80,14.15723735890432
3,81,17.01004591990026
3,82,19.89984402163625
3,83,23.376522326179703
3,84,26.777215243820056
3,85,30.225256429578888
3,86,31.890637243630618
3,87,31.45174176905976
3,88,32.77695122056996
4,1,6.163561278559123
4,2,5.476057378320612
4,3,3.861007114882003
4,5,3.857704981892108
4,6,5.828415575662868
4,7,7.388397551168873
4,8,10.795446266100434
4,9,11.012863312007251
4,10,11.966180094407171
4,11,13.971334322098405
4,12,15.985512488998408
4,13,19.687635885826293
4,14,19.013398037162403
4,15,15.844159687001365
4,16,14.422303988372008
4,17,13.026333880838175
4,18,11.638387508247147
4,19,14.240048566959462
4,20,14.655525543204442
4,21,17.7913960932552
4,22,19.2473723424852
4,23,22.199981144361605
4,24,23.64887988644469
4,25,26.248807282029485
4,26,23.719193477862444
4,27,21.665437154725353
4,28,18.669949964082086
4,29,19.152837390234957
4,30,15.827209010033034
4,31,14.879881368550931
4,32,12.331309572767823
4,33,14.61945370022157
4,34,14.356612338800433
4,35,17.010968238897938
4,36,18.3257614730697
4,37,18.672966560375254
4,38,22.113892398501644
4,39,25.080440759206358
4,40,25.686984326967018
4,41,23.640078276736908
4,42,22.997460525038093
4,43,25.920406198967534
4,44,26.921759903710907
4,45,27.90581422926445
4,46,24.746833174991462
4,47,26.517411399504496
4,48,25.914460718959567
4,49,28.350616033786125
4,50,30.034116206616012
4,51,31.647331859028444
4,52,28.43583250520548
4,53,26.111313938759164
4,54,22.376819630778787
4,55,22.43469287033558
4,56,19.935418393005897
4,57,19.72200051434235
4,58,20.543377514362252
4,59,20.504566878343326
4,60,23.039706759166755
4,61,21.619258336653882
4,62,23.695733471110618
4,63,23.009385859535534
4,64,25.11805841534066
4,65,27.279621206691147
4,66,30.03378177810569
4,67,34.96168849978355
4,68,34.548978299631074
4,69,31.50562852605192
4,70,31.061123107300343
4,71,28.69675905505882
4,72,27.798668058719464
4,73,26.47201692959055
4,74,23.9575353766352
4,75,22.49226336519815
4,76,18.809366786053857
4,77,17.3288040833839
4,78,14.48278922091566
4,79,14.582471959900728
4,80,17.460994704011195
4,81,20.051635914256302
4,82,23.023998174151977
4,83,26.517305527401195
4,84,29.926756974600327
4,85,33.437740324468585
4,86,34.86940799972068
4,87,34.18597098176134
4,88,35.24744901444385
5,1,7.428207215686818
5,2,5.279144448635627
5,3,5.66671103405059
5,4,3.857704981892108
5,6,3.862964507753001
5,7,7.169696762276845
5,8,9.675142119331566
5,9,10.867207109863738
5,10,12.542513387412688
5,11,13.716006792851816
5,12,15.232709748382854
5,13,19.077071158941052
5,14,18.475006468248722
5,15,15.87144711398945
5,16,14.750113782212123
5,17,14.166379337341475
5,18,12.74411694855667
5,19,15.590623531271568
5,20,16.03543254983322
5,21,18.638075469979217
5,22,20.333824389965766
5,23,22.916496282365102
5,24,24.45371273210699
5,25,26.599020985390233
5,26,23.653652197614488
5,27,21.288509121459775
5,28,18.42452005180204
5,29,19.6245115070621
5,30,16.513224510985598
5,31,14.970687527266156
5,32,12.662390140251514
5,33,14.630829419881326
5,34,14.237611340233341
5,35,17.339186639469638
5,36,18.472923684521913
5,37,19.4460715540115
5,38,22.612684766580127
5,39,25.20783516319444
5,40,25.58323129735316
5,41,23.299775273376795
5,42,22.936704532263835
5,43,25.610606178042143
5,44,26.542151440453875
5,45,28.04404204601817
5,46,25.15584372040295
5,47,26.99860105091943
5,48,26.27243228096396
5,49,28.268200619440368
5,50,29.866309097336764
5,51,31.045366247366314
5,52,27.65339177236626
5,53,25.44183506248855
5,54,21.75187475316152
5,55,21.502655196933187
5,56,18.89030275876036
5,57,17.99438009306189
5,58,18.877198891096363
5,59,18.425594757546286
5,60,21.03421034172261
5,61,19.685339070273606
5,62,21.93342550495709
5,63,21.797052046825247
5,64,24.193889770859254
5,65,26.768387982873417
5,66,29.79942945234077
5,67,34.66578653828586
5,68,33.97695234643117
5,69,30.74937946656085
5,70,30.02544101945318
5,71,27.32043887955768
5,72,26.52609145088944
5,73,24.91465859193054
5,74,22.72270761465997
5,75,21.183689227328326
5,76,17.682465180785695
5,77,16.269207607531797
5,78,12.92090928600269
5,79,13.29765112342286
5,80,16.351201770839673
5,81,18.558841008922702
5,82,21.75492728318817
5,83,25.09062879614575
5,84,28.582228215314828
5,85,32.05936567191985
5,86,33.2431597881106
5,87,32.18348472433749
5,88,33.08323827607242
6,1,9.330915873881818
6,2,5.9826002733728245
6,3,5.3905445417796125
6,4,5.828415575662868
6,5,3.862964507753001
6,7,3.8202458576458334
6,8,5.830397876015512
6,9,7.540109437442875
6,10,9.224146206543939
6,11,9.99126775281404
6,12,11.41542122876164
6,13,15.278306976961776
6,14,14.918959062076597
6,15,12.48683075530205
6,16,11.974070014911096
6,17,12.194760563857326
6,18,11.708017602384183
6,19,15.132205951839323
6,20,16.465020036142977
6,21,19.074168183582962
6,22,21.378523539544197
6,23,24.16718630438338
6,24,26.20635821361033
6,25,28.226554876626523
6,26,25.221536976672365
6,27,23.22089059874779
6,28,20.401241042516915
6,29,21.434511350813395
6,30,18.05731165324078
6,31,15.901178680013617
6,32,12.971298299255587
6,33,13.970829560611996
6,34,12.601753385447864
6,35,15.335171700254923
6,36,15.787595570797142
6,37,16.676483779932227
6,38,19.559581472749077
6,39,22.118178421308365
6,40,22.159949390996047
6,41,19.670376919105124
6,42,19.22015093560633
6,43,21.795850624057117
6,44,22.7251130766059
6,45,24.33478008167373
6,46,21.531121460383254
6,47,23.404587838814994
6,48,22.73417432852804
6,49,24.612386366934032
6,50,26.340254903368972
6,51,27.415432053877016
6,52,24.09294673721871
6,53,22.094165090497153
6,54,18.49952218012364
6,55,18.628793928138318
6,56,16.458989500588967
6,57,15.803408229792447
6,58,17.375399762366413
6,59,17.546396418722885
6,60,20.645254227189806
6,61,20.000352477829257
6,62,22.769719959215774
6,63,22.98541693575057
6,64,25.777945505398197
6,65,28.249767920339984
6,66,31.467656049381855
6,67,36.91124728086683
6,68,35.92102757510257
6,69,32.52806710919323
6,70,31.42000315098843
6,71,28.55443942844289
6,72,27.306109570847447
6,73,25.254405985147862
6,74,22.808205516350956
6,75,20.67424598782311
6,76,17.07927310055072
6,77,14.921555776330656
6,78,11.508506770148808
6,79,10.863706328309831
6,80,13.389716049894202
6,81,15.29191559516182
6,82,18.26665443443644
6,83,21.728361592310133
6,84,25.09647597974526
6,85,28.669058803771875
6,86,29.763813548655662
6,87,28.846080250945615
6,88,29.691988172590424
7,1,11.160961896442876
7,2,8.041795963502471
7,3,5.762934122870491
7,4,7.388397551168873
7,5,7.169696762276845
7,6,3.8202458576458334
7,8,3.8931515140915036
7,9,5.2576320417708855
7,10,5.682526574834556
7,11,6.691784463891314
7,12,8.865395795611704
7,13,12.623827639505548
7,14,12.672639468863201
7,15,9.896683636322338
7,16,10.045993103987076
7,17,10.56614903687454
7,18,11.235639764309855
7,19,14.931478323627529
7,20,16.98172149628009
7,21,19.880127533040362
7,22,22.456390239564197
7,23,25.58460568523935
7,24,27.894610194852895
7,25,30.08782152389909
7,26,27.298133196511532
7,27,25.6975852156954
7,28,22.84246261594551
7,29,23.38341760406491
7,30,19.75459569828008
7,31,17.570520402171535
7,32,14.145314848162846
7,33,14.562091812695357
7,34,12.445233628473312
7,35,14.337879387869785
7,36,14.122169909449852
7,37,14.280132599954495
7,38,17.04029885712998
7,39,19.905092011875304
7,40,19.6893990444142
7,41,17.092829353896835
7,42,16.154117739142137
7,43,18.784047411403453
7,44,19.651171421208645
7,45,20.93079053045752
7,46,18.00528295813221
7,47,19.98757672800499
7,48,19.60068786723616
7,49,21.74910821930226
7,50,23.779476684477984
7,51,25.076963416124787
7,52,22.01991669407487
7,53,20.237033400261055
7,54,16.763001151269812
7,55,17.625553528953702
7,56,16.088513629676562
7,57,16.20360374493151
7,58,18.300297822674096
7,59,19.219186633460236
7,60,22.565422845610843
7,61,22.36270572058556
7,62,25.338801590452718
7,63,25.47256628466712
7,64,28.33713900680662
7,65,30.51027704299913
7,66,33.68064255563323
7,67,39.50773759976455
7,68,38.488674606169475
7,69,35.09988323481815
7,70,33.907772698976814
7,71,31.13499138627107
7,72,29.543119158305032
7,73,27.370090921771688
7,74,24.58450481093771
7,75,22.08936901798281
7,76,18.38042980462165
7,77,15.641366285767067
7,78,12.675520578512687
7,79,10.927657470776616
7,80,12.569719039849128
7,81,14.34043692737469
7,82,16.755995059010985
7,83,20.460340972174574
7,84,23.561550985837584
7,85,27.256365034758872
7,86,28.389598623333438
7,87,27.90068229846801
7,88,28.738952789429867
8,1,13.450845400336108
8,2,9.820615089445313
8,3,8.64582950434739
8,4,10.795446266100434
8,5,9.675142119331566
8,6,5.830397876015512
8,7,3.8931515140915036
8,9,3.878143651622443
8,10,5.3486598006443655
8,11,4.853620609970257
8,12,5.602473054722868
8,13,9.477869185435189
8,14,9.579987948628952
8,15,7.673724494751223
8,16,8.678703862199798
8,17,10.557163995083686
8,18,11.77593303744061
8,19,15.566057540985266
8,20,18.02816930765708
8,21,20.440381590383932
8,22,23.44346246715445
8,23,26.39755339404335
8,24,29.048712421661484
8,25,30.860137964032123
8,26,27.885077671171196
8,27,26.457215132256792
8,28,23.78667442961361
8,29,24.527838472497894
8,30,20.969861037614667
8,31,18.20732443786498
8,32,14.777114579708583
8,33,14.266832662988111
8,34,11.50199540348797
8,35,13.164606721990426
8,36,12.24810537406097
8,37,12.920766604273323
8,38,15.089297626581416
8,39,17.49204386528234
8,40,16.929228318943565
8,41,14.108483399382393
8,42,13.562679718972486
8,43,16.01828069411201
8,44,17.09792372189163
8,45,18.89293308067438
8,46,16.213529341933587
8,47,18.00642559517078
8,48,17.346967011649916
8,49,18.986291505843933
8,50,20.897181828944127
8,51,21.825940996785217
8,52,18.649380797034436
8,53,17.03614567299805
8,54,13.700669840405329
8,55,14.619646917474276
8,56,13.474520810162266
8,57,13.461486974325735
8,58,16.102590223967876
8,59,17.352343525272108
8,60,20.961255194006345
8,61,21.37358884767021
8,62,24.702008778182492
8,63,25.31882092306762
8,64,28.519785594809576
8,65,30.740486784197795
8,66,34.11995247825187
8,67,40.29194991488977
8,68,38.91407968597812
8,69,35.36246558424597
8,70,33.76674669495176
8,71,30.787293882535764
8,72,28.918708247539396
8,73,26.34470637026965
8,74,23.593008005472285
8,75,20.696158191173797
8,76,17.208492750025165
8,77,14.073329393511264
8,78,11.155434852874468
8,79,8.664289505114963
8,80,9.59065889696296
8,81,10.751753388054558
8,82,13.109615432875932
8,83,16.780920770029844
8,84,19.87240690664282
8,85,23.57916027766305
8,86,24.590382921217508
8,87,24.021312339866515
8,88,24.860113107357474
9,1,12.332607222803983
9,2,9.124997054031066
9,3,7.7693507243553865
9,4,11.012863312007251
9,5,10.867207109863738
9,6,7.540109437442875
9,7,5.2576320417708855
9,8,3.878143651622443
9,10,3.7934278205541827
9,11,5.773929307823889
9,12,5.851600278293164
9,13,9.112276075670955
9,14,8.011839500224077
9,15,5.011270214718221
9,16,4.999742054495348
9,17,6.747387950323186
9,18,8.503402386406428
9,19,12.26494162800751
9,20,15.140706085737603
9,21,17.6164164661881
9,22,20.78190095120676
9,23,23.92812656806238
9,24,26.800585420265964
9,25,28.714138603578444
9,26,26.001687674881673
9,27,25.03358656996842
9,28,22.379150277609938
9,29,22.60192020589536
9,30,18.916892346279905
9,31,16.183874100358537
9,32,12.493461203293707
9,33,11.583790131646369
9,34,8.541707908758722
9,35,9.679015970161846
9,36,8.93362003909958
9,37,9.400473927035371
9,38,12.058811060390864
9,39,14.75630271966772
9,40,14.842481367636053
9,41,12.664459120062315
9,42,12.485469923199767
9,43,15.62903040804252
9,44,17.41154665125158
9,45,18.70500064214433
9,46,15.528196390738934
9,47,16.671197822580474
9,48,15.508177700770153
9,49,17.547452393242573
9,50,19.125652602412767
9,51,20.634880193787012
9,52,17.46623751503232
9,53,15.316182824323704
9,54,11.726349190615528
9,55,12.668572726427287
9,56,11.444803621142876
9,57,12.369738249502896
9,58,14.778056593871044
9,59,16.578855152425824
9,60,20.087304203084045
9,61,20.589248920978516
9,62,23.87066110063776
9,63,24.118864879750856
9,64,27.242249412688224
9,65,29.057439268628592
9,66,32.308798743888254
9,67,38.84254318395715
9,68,37.47120955724537
9,69,33.98874280222546
9,70,32.41869661153941
9,71,29.689301036731916
9,72,27.534645028652367
9,73,25.0954672193293
9,74,21.974682043782945
9,75,19.016229344727574
9,76,15.395460022057767
9,77,12.077714811866944
9,78,9.921803899062871
9,79,7.1076613033248135
9,80,7.922936071352093
9,81,10.141375239765274
9,82,12.466438143332939
9,83,16.129050897908105
9,84,19.29834271076828
9,85,22.86779839568122
9,86,24.44482368632436
9,87,24.31502872891982
9,88,25.673358893432933
10,1,14.426858016371789
10,2,11.640263550206068
10,3,9.115696618067894
10,4,11.966180094407171
10,5,12.542513387412688
10,6,9.224146206543939
10,7,5.682526574834556
10,8,5.3486598006443655
10,9,3.7934278205541827
10,11,3.8501443060419995
10,12,5.862336853157166
10,13,8.651760129595683
10,14,8.766082400868456
10,15,5.513110523381213
10,16,6.842354731749872
10,17,8.211288917953071
10,18,10.73977521898971
10,19,14.34824713902465
10,20,17.380534304459903
10,21,20.229942796657483
10,22,23.251552069850252
10,23,26.63463818215156
10,24,29.42658123056743
10,25,31.616582284593886
10,26,29.113085917041158
10,27,28.20062723387841
10,28,25.452328334783644
10,29,25.39472606154319
10,30,21.607710655943116
10,31,19.232785277001685
10,32,15.441557052263462
10,33,14.725598113543802
10,34,11.692509308218206
10,35,12.009077253008316
10,36,10.664758424386974
10,37,9.742433568955121
10,38,12.132129077551767
10,39,15.305574891543076
10,40,14.900726864812446
10,41,12.47249800432803
10,42,11.175984300884577
10,43,14.199736594658285
10,44,15.535964101628487
10,45,16.283943104686173
10,46,12.97254076754246
10,47,14.592486712427926
10,48,14.187389823937771
10,49,16.707811762155785
10,50,18.893335925942967
10,51,20.624372558519852
10,52,17.942039432821744
10,53,16.30626864025178
10,54,13.116637463755517
10,55,14.951876273262656
10,56,14.442474657260746
10,57,15.76808980702035
10,58,18.367783648474056
10,59,20.33358531570352
10,60,23.85228339030902
10,61,24.3533054198019
10,62,27.58390691185451
10,63,27.68076230758006
10,64,30.683887994294743
10,65,32.380833536282985
10,66,35.504290918635235
10,67,41.990924444725906
10,68,40.78205351320199
10,69,37.379961987790054
10,70,35.944650054392675
10,71,33.31428314101349
10,72,31.160952018183664
10,73,28.79790311973995
10,74,25.59461002039774
10,75,22.630949455287464
10,76,19.003244685715888
10,77,15.639277359635607
10,78,13.696678152188873
10,79,10.740797193159247
10,80,10.796277259728003
10,81,12.40899097079588
10,82,13.8442151213133
10,83,17.64134146475406
10,84,20.32648995829686
10,85,24.00691815514991
10,86,25.4142753280434
10,87,25.643630208728275
10,88,26.741931722522345
11,1,17.091331453909078
11,2,13.849184665392768
11,3,11.707461570362582
11,4,13.971334322098405
11,5,13.716006792851816
11,6,9.99126775281404
11,7,6.691784463891314
11,8,4.853620609970257
11,9,5.773929307823889
11,10,3.8501443060419995
11,12,3.8273808820253565
11,13,6.790006735141434
11,14,8.386748942734897
11,15,6.652221281650525
11,16,9.284467734449375
11,17,11.566824549968137
11,18,14.009672777516569
11,19,17.711006965290345
11,20,20.70454549831181
11,21,23.324567341552036
11,22,26.45440468655263
11,23,29.670292145027044
11,24,32.48702541780662
11,25,34.467001705634075
11,26,31.724502614654465
11,27,30.608015543874423
11,28,27.914614603248186
11,29,28.24651995813799
11,30,24.541855819649356
11,31,21.901442101192732
11,32,18.224105401145657
11,33,17.307712982437817
11,34,14.057217425500781
11,35,14.494326170230789
11,36,12.53287493329563
11,37,11.978505888852965
11,38,13.467518476316398
11,39,16.145110100867953
11,40,14.868966440646355
11,41,11.705900017899813
11,42,10.010538754807978
11,43,12.247895458349745
11,44,12.96897772550206
11,45,14.344977659836182
11,46,11.639752209059028
11,47,13.863651791505596
11,48,13.93179493050903
11,49,15.86281063072278
11,50,18.41982119136447
11,51,19.51655061727002
11,52,16.92316395934946
11,53,15.974751176562487
11,54,13.19646183920006
11,55,15.315125646536172
11,56,15.299486784446012
11,57,16.147392461814466
11,58,19.22487948076002
11,59,21.104796043008186
11,60,24.806977284020668
11,61,25.586335861332483
11,62,29.01183279351101
11,63,29.55671012034027
11,64,32.76185864247265
11,65,34.724722533255
11,66,38.023345205214824
11,67,44.45212761803376
11,68,43.0815836968569
11,69,39.56028580732486
11,70,37.92041958345471
11,71,35.03897309190459
11,72,32.918375518520584
11,73,30.270003852504836
11,74,27.294404909869723
11,75,24.144358839556514
11,76,20.71167767647507
11,77,17.2183846205691
11,78,14.94991336878167
11,79,11.734939335194117
11,80,11.212917909398508
11,81,11.644000380770382
11,82,12.645374661721272
11,83,16.451715432798498
11,84,18.8694100564202
11,85,22.687201642194246
11,86,23.555435447632252
11,87,23.587003859040674
11,88,24.22561395319716
12,1,18.024584544593278
12,2,14.5536634284272
12,3,13.269179123119317
12,4,15.985512488998408
12,5,15.232709748382854
12,6,11.41542122876164
12,7,8.865395795611704
12,8,5.602473054722868
12,9,5.851600278293164
12,10,5.862336853157166
12,11,3.8273808820253565
12,13,3.8785038629489788
12,14,5.050947744706599
12,15,4.830681622491915
12,16,8.01096248440444
12,17,11.2551887896698
12,18,13.788963685590096
12,19,17.337024183368662
12,20,20.509145965426125
12,21,22.614972493508592
12,22,26.03238215157668
12,23,29.028514304567597
12,24,32.107672971789675
12,25,33.72729165331144
12,26,30.882871555937772
12,27,29.98066701136015
12,28,27.489129216017155
12,29,27.93612675879487
12,30,24.359738040112067
12,31,21.31487524925481
12,32,17.769094973401753
12,33,16.143801046365898
12,34,12.58603170384968
12,35,12.770125904482512
12,36,10.312951470489734
12,37,10.53190717311382
12,38,11.405388767373836
12,39,13.4435293977512
12,40,12.044784663338541
12,41,8.808001801568778
12,42,8.161142378405996
12,43,10.530801124519126
12,44,12.051149493488138
12,45,14.022772466605465
12,46,11.51151733353306
12,47,12.978824863374143
12,48,12.241219759897367
12,49,13.53035554275315
12,50,15.656134767405678
12,51,16.462912600651023
12,52,13.547342425519329
12,53,12.505181014401753
12,54,9.768065404846665
12,55,11.860940236580399
12,56,12.250691495378252
12,57,13.14270010551994
12,58,16.520743265459693
12,59,18.724258546027038
12,60,22.490728640874003
12,61,23.763354248553675
12,62,27.376270754458062
12,63,28.23084926635996
12,64,31.642044316977564
12,65,33.559248694849856
12,66,36.97998147395692
12,67,43.693175073815446
12,68,42.02306312030862
12,69,38.406443561378296
12,70,36.45168407837766
12,71,33.480482210002926
12,72,31.11830561507583
12,73,28.216099619381666
12,74,25.27381075008434
12,75,21.87306012054623
12,76,18.732988412186
12,77,15.063296294174108
12,78,13.157803443446912
12,79,9.55833102733984
12,80,8.123657151189928
12,81,7.9540055505465075
12,82,8.841149449182042
12,83,12.652155344924358
12,84,15.220026588460701
12,85,19.022233210680096
12,86,20.011256382792062
12,87,20.01536948324999
12,88,20.929144519961735
13,1,21.39893356075502
13,2,18.051136747729593
13,3,16.772768624222998
13,4,19.687635885826293
13,5,19.077071158941052
13,6,15.278306976961776
13,7,12.623827639505548
13,8,9.477869185435189
13,9,9.112276075670955
13,10,8.651760129595683
13,11,6.790006735141434
13,12,3.8785038629489788
13,14,3.8519546056473226
13,15,5.819310373003951
13,16,9.505377718813182
13,17,13.055172378562682
13,18,16.0688448813914
13,19,19.285096909928566
13,20,22.73821956394439
13,21,24.599701201404212
13,22,28.186129933829715
13,23,31.152687482225126
13,24,34.45024442023584
13,25,35.932543220554365
13,26,33.20128383473735
13,27,32.623664865184104
13,28,30.264429564021924
13,29,30.53654055818573
13,30,27.0047739957997
13,31,23.862373128571814
13,32,20.35670508151748
13,33,18.19764151400717
13,34,14.442188212980746
13,35,13.702781793340963
13,36,10.43478617551975
13,37,10.269905394585347
13,38,9.794266075120621
13,39,11.258964771672488
13,40,9.01307018049316
13,41,5.37701563550074
13,42,4.697700173241358
13,43,6.9138242031126484
13,44,9.094449284993107
13,45,11.182012948541548
13,46,8.978429921633673
13,47,9.886929249369096
13,48,8.999528543198917
13,49,9.797837631615394
13,50,12.118894826484793
13,51,12.798994633771773
13,52,10.219151209019754
13,53,9.863754271522652
13,54,8.070955174637005
13,55,11.07416801194714
13,56,12.663784776920375
13,57,14.114342560955398
13,58,17.703689241556553
13,59,20.39087117570521
13,60,24.11372354808351
13,61,25.863633785125188
13,62,29.56958016683069
13,63,30.542517887125598
13,64,34.03159363351767
13,65,35.738785310107545
13,66,39.14869254318831
13,67,46.15211898070943
13,68,44.310252429929385
13,69,40.68135907894593
13,70,38.52329882529927
13,71,35.59389938787166
13,72,32.95508481315255
13,73,29.902270620487688
13,74,26.89774215288992
13,75,23.281384490162218
13,76,20.467772216269143
13,77,16.6762936951458
13,78,15.472199086408688
13,79,11.666569358675094
13,80,9.039913188085547
13,81,7.845074982918962
13,82,6.944130429288949
13,83,10.49901384845494
13,84,12.380361620456858
13,85,16.1652166585786
13,86,17.150699759402965
13,87,17.71421485111115
13,88,18.712279637480123
14,1,19.61710150998568
14,2,16.452022837208784
14,3,15.685786313563797
14,4,19.013398037162403
14,5,18.475006468248722
14,6,14.918959062076597
14,7,12.672639468863201
14,8,9.579987948628952
14,9,8.011839500224077
14,10,8.766082400868456
14,11,8.386748942734897
14,12,5.050947744706599
14,13,3.8519546056473226
14,15,3.8553240847753787
14,16,6.728296558399051
14,17,10.49642040878761
14,18,13.380581142994583
14,19,16.28600444026546
14,20,19.77714660269552
14,21,21.316061876944154
14,22,25.001406876032352
14,23,27.854867612219604
14,24,31.28221818299238
14,25,32.61913525755112
14,26,29.967181247637352
14,27,29.65215659778665
14,28,27.422645644836997
14,29,27.559094726979453
14,30,24.12994302321482
14,31,20.890950409095918
14,32,17.512277034765773
14,33,14.958623521724489
14,34,11.177133388757323
14,35,10.141145974981535
14,36,6.793164955366169
14,37,7.470317793573976
14,38,7.243976240604811
14,39,8.571808869620185
14,40,7.462457151782672
14,41,4.991371876269989
14,42,6.473192715894931
14,43,9.516653114201269
14,44,12.441840505115339
14,45,14.160297875296784
14,46,11.556790752889116
14,47,11.460499272628375
14,48,9.337393970530288
14,49,10.246276622208788
14,50,11.47857339327929
14,51,12.655333512052241
14,52,9.470807629866359
14,53,7.7206393598767935
14,54,4.848333609940127
14,55,7.608461054160383
14,56,9.079463378329937
14,57,11.086377589574008
14,58,14.485183356386658
14,59,17.474062096536073
14,60,21.083057542262555
14,61,22.932238523974934
14,62,26.598401240571754
14,63,27.45793078134932
14,64,30.928327577936273
14,65,32.435129071645356
14,66,35.80397959408362
14,67,42.98511828148888
14,68,41.06409246127013
14,69,37.46266224001611
14,70,35.25132944926365
14,71,32.441703054884066
14,72,29.64278817231
14,73,26.639372146369475
14,74,23.501189909400264
14,75,19.856979829719954
14,76,17.115639110496048
14,77,13.304708997950039
14,78,12.678106600958465
14,79,8.864442696012246
14,80,5.814052643038067
14,81,5.573806212387532
14,82,5.510561259362714
14,83,9.12173020423749
14,84,11.746149533058858
14,85,15.3165059512507
14,86,17.059110969041754
14,87,17.630428676617566
14,88,19.338077514212657
15,1,16.560686363940395
15,2,13.651963307972874
15,3,12.382760315077672
15,4,15.844159687001365
15,5,15.87144711398945
15,6,12.48683075530205
15,7,9.896683636322338
15,8,7.673724494751223
15,9,5.011270214718221
15,10,5.513110523381213
15,11,6.652221281650525
15,12,4.830681622491915
15,13,5.819310373003951
15,14,3.8553240847753787
15,16,3.794374769339419
15,17,7.237501007643062
15,18,10.382409448898526
15,19,13.547104644882893
15,20,17.06269444803571
15,21,19.120868050521043
15,22,22.632734899731297
15,23,25.76800010612238
15,24,29.03302340541024
15,25,30.743872111416824
15,26,28.231556419867974
15,27,27.832622890031804
15,28,25.39791717148723
15,29,25.286188037465553
15,30,21.670622520062924
15,31,18.75195215130625
15,32,15.112245341567776
15,33,13.075779808582919
15,34,9.385269901436306
15,35,8.5840574727622
15,36,5.9817466284618925
15,37,5.781119463797961
15,38,7.428801162546774
15,39,10.096548541047218
15,40,9.906878516831949
15,41,7.94798485777076
15,42,8.171188281177763
15,43,11.69718569649392
15,44,14.224545802197415
15,45,15.311851784181327
15,46,12.067942865051517
15,47,12.403495770774411
15,48,10.70924504217522
15,49,12.719851760338237
15,50,14.192451911238269
15,51,15.97667317660798
15,52,13.029828703396594
15,53,10.952799929658886
15,54,7.664430424495849
15,55,9.748741473831922
15,56,9.994451015104682
15,57,12.093269366953422
15,58,14.996906169710023
15,59,17.722300712558
15,60,21.269030652088148
15,61,22.534072306739166
15,62,26.004723886157212
15,63,26.40119405497749
15,64,29.658175191612056
15,65,31.107093725103002
15,66,34.338621744750526
15,67,41.37129982051338
15,68,39.745001805588686
15,69,36.244311178786546
15,70,34.36942460816448
15,71,31.72075978498237
15,72,29.094327176917382
15,73,26.420090564123925
15,74,23.099192328694954
15,75,19.72482142569107
15,76,16.498660355662068
15,77,12.77044477484107
15,78,11.840149721835946
15,79,8.204609791919019
15,80,6.620593352684863
15,81,8.17781136705479
15,82,9.218470675492412
15,83,12.815745522314812
15,84,15.563327830234151
15,85,19.06009504373242
15,86,20.90933285041667
15,87,21.422241605301455
15,88,23.068263174051854
16,1,13.890865425808126
16,2,11.43672825435965
16,3,10.64608346265784
16,4,14.422303988372008
16,5,14.750113782212123
16,6,11.974070014911096
16,7,10.045993103987076
16,8,8.678703862199798
16,9,4.999742054495348
16,10,6.842354731749872
16,11,9.284467734449375
16,12,8.01096248440444
16,13,9.505377718813182
16,14,6.728296558399051
16,15,3.794374769339419
16,17,3.819051416427938
16,18,6.777074737912278
16,19,9.78802676674666
16,20,13.32680627473966
16,21,15.34962405301751
16,22,18.860587086832442
16,23,22.023441795010935
16,24,25.308235187191055
16,25,27.06709872852678
16,26,24.6767950170773
16,27,24.447139549894167
16,28,22.035808524856083
16,29,21.694326303495778
16,30,18.09195897548497
16,31,15.255052323582762
16,32,11.624003892248515
16,33,9.532907747505092
16,34,5.986958933549248
16,35,5.274613931524124
16,36,4.204550834824822
16,37,4.9209599311344165
16,38,7.994827045481786
16,39,10.67500123975318
16,40,11.770557442619875
16,41,10.803117187098987
16,42,11.620047049676081
16,43,15.278191027758822
16,44,17.969727984987195
16,45,18.864573421037992
16,46,15.449025136573455
16,47,15.427249379771922
16,48,13.329282855901944
16,49,15.457747499191631
16,50,16.277199799504707
16,51,18.356474226115434
16,52,15.24888333575774
16,53,12.430642992920507
16,54,8.784627532702423
16,55,9.630810260379272
16,56,8.694698740101913
16,57,11.025254598139629
16,58,13.150446003193936
16,59,15.801610825465833
16,60,19.081508552554617
16,61,20.036969563113544
16,62,23.296306820706782
16,63,23.331633056034565
16,64,26.432328150876
16,65,27.6900021520944
16,66,30.81541185793111
16,67,37.889849595850606
16,68,36.34491397809534
16,69,32.92364121416378
16,70,31.18894844482131
16,71,28.73380384407954
16,72,26.104040427060752
16,73,23.69069416528079
16,74,20.207667334106468
16,75,17.0574572360343
16,76,13.655541476675685
16,77,10.142885016396939
16,78,9.653250289922289
16,79,6.666376708442169
16,80,6.376150311485015
16,81,9.411828185303731
16,82,11.312169101163608
16,83,14.534760582228005
16,84,17.637109616817238
16,85,20.839044512173782
16,86,23.09375599540854
16,87,23.48757412779834
16,88,25.487138376406772
17,1,11.658568137364027
17,2,10.159189517256323
17,3,9.186146627552086
17,4,13.026333880838175
17,5,14.166379337341475
17,6,12.194760563857326
17,7,10.56614903687454
17,8,10.557163995083686
17,9,6.747387950323186
17,10,8.211288917953071
17,11,11.566824549968137
17,12,11.2551887896698
17,13,13.055172378562682
17,14,10.49642040878761
17,15,7.237501007643062
17,16,3.819051416427938
17,18,3.809144088937265
17,19,6.625758535281911
17,20,10.209724343982893
17,21,12.752745512035105
17,22,15.991396734667081
17,23,19.428458775900662
17,24,22.559428230321085
17,25,24.682507589356412
17,26,22.603370517530287
17,27,22.502291315615487
17,28,19.992535811416904
17,29,19.16785547210263
17,30,15.466730563431682
17,31,13.181030594378194
17,32,9.488315111469557
17,33,8.133309942107847
17,34,5.729860590727128
17,35,5.28407222042371
17,36,6.428525913547453
17,37,6.360844001694217
17,38,10.11892528095836
17,39,13.045162088897786
17,40,14.756237015628004
17,41,14.237747428045262
17,42,14.777651075470464
17,43,18.537159089472166
17,44,21.121698372410282
17,45,21.590487371660124
17,46,17.943697702333846
17,47,17.910432764023703
17,48,15.954621978818635
17,49,18.499476368408214
17,50,19.215896828926347
17,51,21.651271537580943
17,52,18.700218536914896
17,53,15.704594122949832
17,54,12.163484309671995
17,55,12.566212627843344
17,56,10.992500259110052
17,57,13.244417807609079
17,58,14.493662293949155
17,59,16.78192371633054
17,60,19.650828035322668
17,61,20.01252402847403
17,62,22.86291549661955
17,63,22.285977600771403
17,64,25.01744343244837
17,65,26.0107723166864
17,66,28.874724254438426
17,67,35.826114029108794
17,68,34.577950447009584
17,69,31.34220130386062
17,70,29.977729502784094
17,71,27.845524626999268
17,72,25.362863930804046
17,73,23.43038505592233
17,74,19.816525553155007
17,75,17.15998405460119
17,76,13.583630976630769
17,77,10.719356815336644
17,78,10.490580100280553
17,79,8.68672832697561
17,80,9.570205342942902
17,81,12.981525964329306
17,82,15.058666350495878
17,83,18.12995453462639
17,84,21.240501606237896
17,85,24.28752994346372
17,86,26.724470286598876
17,87,27.152399221797157
17,88,29.246345490510592
18,1,8.685388587603276
18,2,7.907850599119211
18,3,8.067314288540102
18,4,11.638387508247147
18,5,12.74411694855667
18,6,11.708017602384183
18,7,11.235639764309855
18,8,11.77593303744061
18,9,8.503402386406428
18,10,10.73977521898971
18,11,14.009672777516569
18,12,13.788963685590096
18,13,16.0688448813914
18,14,13.380581142994583
18,15,10.382409448898526
18,16,6.777074737912278
18,17,3.809144088937265
18,19,3.807670453638858
18,20,6.808393945164717
18,21,9.51721284277434
18,22,12.610972255750731
18,23,16.017721344212834
18,24,19.008215908838835
18,25,21.18218000903497
18,26,19.033552287081413
18,27,18.798489297871463
18,28,16.237408239561958
18,29,15.42586004155418
18,30,11.694190382006976
18,31,9.497046423222713
18,32,5.795901860475547
18,33,5.3634002420997575
18,34,4.761825737719372
18,35,6.215646680377743
18,36,8.903938398829423
18,37,9.817988985831704
18,38,13.461912081556807
18,39,15.960663097234491
18,40,17.957608956325988
18,41,17.496756281634973
18,42,18.294447300731626
18,43,21.987870649342266
18,44,24.513275182360427
18,45,25.202266997292195
18,46,21.604202571047868
18,47,21.67077870098989
18,48,19.632279688466607
18,49,21.980742210426687
18,50,22.447032774416844
18,51,24.71046764795733
18,52,21.532358900628548
18,53,18.308444823852405
18,54,14.654283833817372
18,55,14.151130850517106
18,56,11.6318259223292
18,57,13.18887821009492
18,58,13.534044946744137
18,59,15.15974049306188
18,60,17.621125395335824
18,61,17.389473759212983
18,62,19.905404424344155
18,63,18.996518023851074
18,64,21.53951147897376
18,65,22.572470729158095
18,66,25.39948907678097
18,67,32.17695976884836
18,68,31.04246082254149
18,69,27.851274076903724
18,70,26.68806717984028
18,71,24.65457947675772
18,72,22.404156058779773
18,73,20.795027839347792
18,74,17.256077881845627
18,75,15.100889310884774
18,76,11.410121645446164
18,77,9.367671076808344
18,78,9.10315960469044
18,79,8.779714708836488
18,80,10.924351408333724
18,81,14.646866999018437
18,82,17.335020474482377
18,83,20.209529244444962
18,84,23.603873970071543
18,85,26.520117113077074
18,86,28.994926982096718
18,87,29.071034154338854
18,88,31.23705660557206
19,1,10.008315278722225
19,2,10.460148344267832
19,3,11.082876864545247
19,4,14.240048566959462
19,5,15.590623531271568
19,6,15.132205951839323
19,7,14.931478323627529
19,8,15.566057540985266
19,9,12.26494162800751
19,10,14.34824713902465
19,11,17.711006965290345
19,12,17.337024183368662
19,13,19.285096909928566
19,14,16.28600444026546
19,15,13.547104644882893
19,16,9.78802676674666
19,17,6.625758535281911
19,18,3.807670453638858
19,20,3.822425761756492
19,21,6.370505613786665
19,22,9.423941157471035
19,23,12.95458694695237
19,24,16.088969314655177
19,25,18.338496076405313
19,26,16.659602348562963
19,27,17.048507916809875
19,28,14.736608452981775
19,29,13.184175689538817
19,30,9.697173401716022
19,31,8.135348576606825
19,32,5.45798357958545
19,33,5.229546835358761
19,34,6.574136511894988
19,35,7.240668354037443
19,36,10.692832722431016
19,37,11.60337146598775
19,38,15.060386487317354
19,39,17.222117682527525
19,40,19.820064537082057
19,41,19.991959864255595
19,42,21.09510285465548
19,43,24.865751621876676
19,44,27.628660327163303
19,45,28.120685191888324
19,46,24.462054480364703
19,47,24.12027269555048
19,48,21.810033333254104
19,49,24.155872105175657
19,50,24.173803475008878
19,51,26.6574565524743
19,52,23.591075572226096
19,53,20.122010319954484
19,54,16.70905248505404
19,55,15.779604296275815
19,56,13.145774504684901
19,57,14.89026487142205
19,58,14.392507159370373
19,59,15.921566828796424
19,60,17.70209525943195
19,61,17.250318239087584
19,62,19.256885542660783
19,63,17.777720809005324
19,64,19.9100168947741
19,65,20.362670548431588
19,66,22.874042049776588
19,67,29.81325654192136
19,68,28.767425669202208
19,69,25.782556798244535
19,70,24.80585684743008
19,71,23.22579197780648
19,72,20.892557371929573
19,73,19.764358780455492
19,74,16.118976423274777
19,75,14.502573194868676
19,76,11.243540806633352
19,77,10.191585060961382
19,78,11.0344713077645
19,79,11.48458186044149
19,80,13.514614685446428
19,81,17.316973576897826
19,82,19.904112231144776
19,83,22.388891725020404
19,84,25.719749598879844
19,85,28.302131036820267
19,86,31.085454684132554
19,87,31.287749208441646
19,88,33.74176580748136
20,1,9.287454284415142
20,2,10.93114378228505
20,3,12.253636358893278
20,4,14.655525543204442
20,5,16.03543254983322
20,6,16.465020036142977
20,7,16.98172149628009
20,8,18.02816930765708
20,9,15.140706085737603
20,10,17.380534304459903
20,11,20.70454549831181
20,12,20.509145965426125
20,13,22.73821956394439
20,14,19.77714660269552
20,15,17.06269444803571
