1,2,3.870403078910006
1,3,5.938582047231196
1,4,9.059278021045444
1,5,11.5234687484857
1,6,15.28212749380167
1,7,18.29453104089664
1,8,21.214756855195184
1,9,24.868290429344402
1,10,35.88031307936139
1,11,36.98167017005649
1,12,40.746811599600456
1,13,40.3470934131876
1,14,38.584501317756704
1,15,40.822845309032566
1,16,44.15931500700713
1,17,44.3249166425256
1,18,44.13581222088242
1,19,47.67753708212141
1,20,49.04016172781978
1,21,47.9538130033773
1,22,50.587616917364336
1,23,47.94552873074461
1,24,47.10302953407791
1,25,44.34740074268966
1,26,43.35649152727189
1,27,39.888451264075634
1,28,38.74752970235165
1,29,35.92995618698823
1,30,33.508326040561116
1,31,32.03883131764884
1,32,28.995367097702978
1,33,27.36651514517811
1,34,24.596143779523842
1,35,23.54363820108905
1,36,22.18173694328615
1,37,24.612343200904782
1,38,27.170248474461637
1,39,30.173453307447744
1,40,30.70021570346579
1,41,34.138758948877246
1,42,35.61443932902601
1,43,38.679231059939745
1,44,41.6648342020477
1,45,44.66936096608072
1,46,47.81450145207434
1,47,50.22309011843327
1,48,50.48798050224513
1,49,52.57427190200615
1,50,52.21847744579379
1,51,54.392901711140155
1,52,57.153875287550676
1,53,59.39039462930551
1,54,61.7054413325375
1,55,58.922261514878116
1,56,59.13559478439513
1,57,56.53120378246742
1,58,57.14482420262763
1,59,56.30496236079975
1,60,56.75808663791565
1,61,53.039513288410596
1,62,49.95607892592362
1,63,47.260313567993556
1,64,43.912582667901205
1,65,40.380231554440215
1,66,37.865549140903354
1,67,34.59830835179369
1,68,31.181005101724434
1,69,28.059266053585493
1,70,25.273127304817226
1,71,21.694027037814216
1,72,21.532389392584047
1,73,19.109111061029097
1,74,20.169282054884935
1,75,19.780178461720286
1,76,19.802440393933217
1,77,15.275579001062646
1,78,14.540923773120676
1,79,15.249202329230423
1,80,16.39669890276053
1,81,17.23219621767102
1,82,20.967095104468243
1,83,23.4502160477576
1,84,26.622378528013694
1,85,30.008593649623002
1,86,31.816366395453944
1,87,35.33353063207627
1,88,35.369126916812384
1,89,39.18332724388985
1,90,42.24951885195629
1,91,44.21162831083885
1,92,47.7252096645208
1,93,48.31951270477821
1,94,51.760533730583184
1,95,53.01529146167112
1,96,54.686112609681565
1,97,52.41679069607923
1,98,54.21792828904033
1,99,53.87540424471385
1,100,53.77950471177156
2,1,3.870403078910006
2,3,3.8539340418594903
2,4,5.629416262614854
2,5,8.791930641289778
2,6,12.360332017942222
2,7,15.604083412638257
2,8,18.66803155813755
2,9,22.413312616900342
2,10,35.2915885205001
2,11,36.62387034464751
2,12,40.28689370480282
2,13,39.54757336091179
2,14,37.89636237361913
2,15,40.42640626143375
2,16,43.862628403269476
2,17,44.33688630629453
2,18,44.2661686484518
2,19,47.68070354413691
2,20,49.099112356885065
2,21,48.30616642691566
2,22,51.1498874818318
2,23,48.64327138540756
2,24,47.55100984967494
2,25,44.78324715902098
2,26,43.61159806645032
2,27,40.04608300102035
2,28,38.973402885063415
2,29,35.99565388234376
2,30,33.864668477775304
2,31,32.158178331493836
2,32,29.24845246080854
2,33,27.260320263969337
2,34,24.882723061481997
2,35,23.91927398778491
2,36,22.192037623408833
2,37,24.441687359813994
2,38,26.991460290658697
2,39,30.007791466280562
2,40,30.86280975077115
2,41,34.27205730784465
2,42,36.12296457752541
2,43,39.238203066264234
2,44,42.37326929562005
2,45,45.44543794310139
2,46,48.43638089033809
2,47,51.05621291502442
2,48,51.59735318415788
2,49,53.628656731385746
2,50,53.094191714313425
2,51,55.03830417751035
2,52,57.84624248064453
2,53,59.93377614267451
2,54,62.185176681279096
2,55,59.34007463389804
2,56,59.75425144520414
2,57,57.31868633322752
2,58,58.12802209294317
2,59,57.51602968497906
2,60,58.071963568498816
2,61,54.30190652453565
2,62,51.206962621864555
2,63,48.31969929723963
2,64,45.131180043469385
2,65,41.490928395425414
2,66,38.99621869092804
2,67,35.86238098968023
2,68,32.415993744225425
2,69,29.55539894631956
2,70,26.456481851693965
2,71,22.949587209662056
2,72,22.45437424217409
2,73,19.861808288051616
2,74,21.066226856777323
2,75,20.543045053194042
2,76,21.143965344248276
2,77,15.372860039849824
2,78,15.501109555257834
2,79,16.34583891565588
2,80,18.08680789537452
2,81,18.890925594347337
2,82,22.720194120054778
2,83,25.24103062244352
2,84,28.112864700286742
2,85,31.43767043826892
2,86,32.8396206159807
2,87,36.250136886524295
2,88,35.99264602750353
2,89,39.803695186923434
2,90,43.06404973138307
2,91,45.15021155689659
2,92,48.77216498646709
2,93,49.64544065655206
2,94,53.18977757500168
2,95,54.68474426575276
2,96,56.31553581048344
2,97,54.044305556630164
2,98,55.71622528393887
2,99,55.358292416907155
2,100,55.02719356744618
3,1,5.938582047231196
3,2,3.8539340418594903
3,4,3.904388710670889
3,5,5.607069653705329
3,6,9.36386498264386
3,7,12.406519967166838
3,8,15.30939284419256
3,9,18.998827500758832
3,10,31.565856120884078
3,11,32.86051404813538
3,12,36.51471393040676
3,13,35.72915461837051
3,14,34.052808941752424
3,15,36.60924959492828
3,16,40.06461934869317
3,17,40.5953002145203
3,18,40.57870753370192
3,19,43.96000655609661
3,20,45.36679270977826
3,21,44.65930485928474
3,22,47.57549310306349
3,23,45.14009074222104
3,24,43.971219574778075
3,25,41.24104965566985
3,26,40.07415785329828
3,27,36.514426960688574
3,28,35.586444900168885
3,29,32.657954854143185
3,30,30.707903860959682
3,31,29.11467530166932
3,32,26.431503812515444
3,33,24.566956564358918
3,34,22.45237093151131
3,35,21.125955149368973
3,36,19.025094927832082
3,37,21.07586111192041
3,38,23.826236906274566
3,39,26.66389109328397
3,40,27.452184684158944
3,41,30.769248604757475
3,42,32.72469108334921
3,43,35.788651682850215
3,44,39.01788470889339
3,45,42.06163561929804
3,46,45.005645729762136
3,47,47.692575376506646
3,48,48.35820655866934
3,49,50.312494367876305
3,50,49.66483118462259
3,51,51.50324189829219
3,52,54.314652367519145
3,53,56.337649461440684
3,54,58.56949953982681
3,55,55.7178075369617
3,56,56.22109912707671
3,57,53.87048086889426
3,58,54.7482280704261
3,59,54.26795205469079
3,60,54.85661021362659
3,61,51.06217946898661
3,62,47.98202299436707
3,63,45.00180010662549
3,64,41.9108792887051
3,65,38.229692475124864
3,66,35.726299583286824
3,67,32.700346577387485
3,68,29.240176041931388
3,69,26.582595334545854
3,70,23.319126051907215
3,71,19.937351922020763
3,72,19.404072799615577
3,73,16.987167691590063
3,74,18.644140388983452
3,75,18.589017485050707
3,76,19.764019936270103
3,77,14.459611894304748
3,78,14.436508615305437
3,79,14.534480499299894
3,80,16.182202212482913
3,81,16.50487770490954
3,82,20.314920090275827
3,83,22.65411853854372
3,84,25.307853731338493
3,85,28.493003783658917
3,86,29.630197596787212
3,87,32.9363265752681
3,88,32.49898644083438
3,89,36.29164409715309
3,90,39.625918451018805
3,91,41.751416647189245
3,92,45.41944372837175
3,93,46.44676952516381
3,94,50.04602425656298
3,95,51.69776983194425
3,96,53.30823932774267
3,97,51.06634219115089
3,98,52.683196804462554
3,99,52.38105028559914
3,100,51.944079744951445
4,1,9.059278021045444
4,2,5.629416262614854
4,3,3.904388710670889
4,5,3.854431489359955
4,6,6.915606190255689
4,7,10.320570261518137
4,8,13.40769004320662
4,9,17.177691415240805
4,10,31.94431648553848
4,11,33.49070359724359
4,12,36.98161899314013
4,13,35.82489330562589
4,14,34.30351634637127
4,15,37.15729660031717
4,16,40.68228043361927
4,17,41.54117009041353
4,18,41.64306952413803
4,19,44.85763595200151
4,20,46.31699563451297
4,21,45.91966973172639
4,22,49.0231332721209
4,23,46.73879417364144
4,24,45.32659958688308
4,25,42.60291474636459
4,26,41.25179628446757
4,27,37.62737080496545
4,28,36.76139233247335
4,29,33.693135174900085
4,30,32.06250371877491
4,31,30.22433221106912
4,32,27.70831118366872
4,33,25.480697604808267
4,34,23.813509813439957
4,35,22.686840194308708
4,36,20.331690937345932
4,37,22.127597203813977
4,38,24.75003131443413
4,39,27.557621850760416
4,40,28.704638106469716
4,41,31.938556361304222
4,42,34.25036600576257
4,43,37.3318538456221
4,44,40.66164020320398
4,45,43.749097162164254
4,46,46.509436866210656
4,47,49.38522832971548
4,48,50.31239077202596
4,49,52.209574559540314
4,50,51.401015963804745
4,51,53.00166632643211
4,52,55.844865321365816
4,53,57.70998071306277
4,54,59.8634569049913
4,55,56.961839745602184
4,56,57.65970718582701
4,57,55.486733476330265
4,58,56.55327024909774
4,59,56.289319406745726
4,60,56.976329863896126
4,61,53.158164702265736
4,62,50.08527746138469
4,63,46.94808846101886
4,64,44.03420584472592
4,65,40.28974701153592
4,66,37.843169595847705
4,67,34.97850428695701
4,68,31.554792729379102
4,69,29.176726791452918
4,70,25.71702769687011
4,71,22.497337440020097
4,72,21.653276852253033
4,73,19.141450555027614
4,74,20.778312175048306
4,75,20.50618739951657
4,76,22.081452495179082
4,77,15.780781970031052
4,78,16.60055174733205
4,79,16.96159174980602
4,80,19.075238009154926
4,81,19.463855379627063
4,82,23.20927816550083
4,83,25.552140052281608
4,84,27.888826975105683
4,85,30.970165684979666
4,86,31.721701864194824
4,87,34.877568274647935
4,88,34.17158799889567
4,89,37.907204461649975
4,90,41.39276935215075
4,91,43.620256840907274
4,92,47.358016152299854
4,93,48.63797975253459
4,94,52.30576233436598
4,95,54.1624775046231
4,96,55.72792698794995
4,97,53.49555067706845
4,98,54.98249305624591
4,99,54.65983806435968
4,100,54.00527891872352
5,1,11.5234687484857
5,2,8.791930641289778
5,3,5.607069653705329
5,4,3.854431489359955
5,6,3.8550276265863404
5,7,6.869626137534468
5,8,9.919503172372643
5,9,13.629792932314393
5,10,28.209273671261457
5,11,29.788774636061536
5,12,33.231193009335044
5,13,32.00336422256496
5,14,30.52683296107388
5,15,33.44734221762677
5,16,36.97122445090817
5,17,37.94668778050323
5,18,38.06955294515756
5,19,41.21565302547726
5,20,42.707014124627854
5,21,42.43823538626121
5,22,45.61999407028441
5,23,43.407756257902385
5,24,41.87117529723442
5,25,39.16825174659587
5,26,37.77064809292313
5,27,34.149156992914534
5,28,33.40851534273969
5,29,30.372406907323896
5,30,28.97844870502656
5,31,27.216209296866577
5,32,24.983311819660702
5,33,22.85354552834635
5,34,21.568992179286845
5,35,20.14751717657789
5,36,17.42031651877416
5,37,18.91455196626022
5,38,21.659075280639577
5,39,24.25491433379247
5,40,25.413089339943127
5,41,28.526969506783992
5,42,30.9929521806348
5,43,34.02764602050049
5,44,37.42693818652315
5,45,40.49764617051449
5,46,43.16118877695865
5,47,46.123998728618425
5,48,47.20836904213569
5,49,49.04421554068188
5,50,48.13650885086739
5,51,49.603572042028745
5,52,52.470304320624706
5,53,54.27336186420989
5,54,56.36664352424689
5,55,53.437298569456665
5,56,54.22132086665471
5,57,52.146040366436374
5,58,53.318315509275074
5,59,53.19678071943483
5,60,53.95687973412273
5,61,50.132059610121914
5,62,47.06631881298184
5,63,43.82744543064
5,64,41.05020144532563
5,65,37.27542718074827
5,66,34.888734954403944
5,67,32.16365538471159
5,68,28.804333556135305
5,69,26.70422686551903
5,70,23.098227165155325
5,71,20.104530156662626
5,72,19.10838997518146
5,73,16.80902649939713
5,74,18.8050097300483
5,75,18.953577428994237
5,76,21.093463124833438
5,77,15.413370013455753
5,78,16.151898138176602
5,79,15.842703678555047
5,80,17.868668843489317
5,81,17.840484918605437
5,82,21.3937882839632
5,83,23.53295891294447
5,84,25.51430779556577
5,85,28.404421427995736
5,86,28.811318368725534
5,87,31.816710776595833
5,88,30.928229057382705
5,89,34.613352719138376
5,90,38.17662188892778
5,91,40.481369438430825
5,92,44.253728414512025
5,93,45.71853092155987
5,94,49.43582945908689
5,95,51.459781922591695
5,96,53.02949671962631
5,97,50.871876030462275
5,98,52.31733220445014
5,99,52.09275085813607
5,100,51.33933143676943
6,1,15.28212749380167
6,2,12.360332017942222
6,3,9.36386498264386
6,4,6.915606190255689
6,5,3.8550276265863404
6,7,3.8405492793707814
6,8,6.547434860699621
6,9,10.329226178732906
6,10,26.96910145047426
6,11,28.647980493711444
6,12,31.883121361325113
6,13,30.258499764490708
6,14,28.855898487070434
6,15,32.02050498399008
6,16,35.60263422791552
6,17,36.86932281611433
6,18,37.2017855102223
6,19,40.146150262548126
6,20,41.59883910766332
6,21,41.65185900959419
6,22,45.012537949250365
6,23,43.035720091855644
6,24,41.29695656757631
6,25,38.70812052562011
6,26,37.235301211723666
6,27,33.645406697547024
6,28,33.150034345884436
6,29,30.142380200863037
6,30,29.21919182474549
6,31,27.453546733968487
6,32,25.646358788184006
6,33,23.454544271965126
6,34,22.789978952450866
6,35,21.27262716463771
6,36,18.176763124732368
6,37,19.12933138529141
6,38,21.85019764039498
6,39,24.100744555311348
6,40,25.406044930727727
6,41,28.23684933867803
6,42,31.006291947488542
6,43,33.90469069619511
6,44,37.41998805567522
6,45,40.41807827886827
6,46,42.88452695423103
6,47,45.994889476043625
6,48,47.347570212864994
6,49,49.022312565982745
6,50,47.87901990181799
6,51,49.06185015095954
6,52,51.8970896914983
6,53,53.483192601591696
6,54,55.522223188756556
6,55,52.59965027509471
6,56,53.6259525857544
6,57,51.78448220005679
6,58,53.11236542041635
6,59,53.2661777248212
6,60,54.07186050999283
6,61,50.243036767934555
6,62,47.257252021510205
6,63,43.88128453772528
6,64,41.3496901930001
6,65,37.57104240837124
6,66,35.21486263453818
6,67,32.784210326225235
6,68,29.499238535401858
6,69,27.840586214488006
6,70,24.143199947422897
6,71,21.554205289514556
6,72,20.468473285217335
6,73,18.474261921103906
6,74,20.68670934046957
6,75,21.033555299021156
6,76,23.616679607595557
6,77,18.002198769869242
6,78,19.03818147014376
6,79,18.49975961977522
6,80,20.53073080579631
6,81,20.201510808582437
6,82,23.495137693686342
6,83,25.356430480253987
6,84,26.92957110185697
6,85,29.51183138489062
6,86,29.427608545870818
6,87,32.13075229462909
6,88,30.858223817841857
6,89,34.392079622670416
6,90,38.06304480212963
6,91,40.391117955539954
6,92,44.198613014700484
6,93,45.93750130898035
6,94,49.69326878282214
6,95,51.95557527842261
6,96,53.416677951366836
6,97,51.26510314615956
6,98,52.52161587174265
6,99,52.269892689656146
6,100,51.259093398932606
7,1,18.29453104089664
7,2,15.604083412638257
7,3,12.406519967166838
7,4,10.320570261518137
7,5,6.869626137534468
7,6,3.8405492793707814
7,8,3.8587287982898455
7,9,7.109424903761496
7,10,23.927689191107746
7,11,25.88444767965984
7,12,28.930716948238807
7,13,27.17281678372554
7,14,26.075364767455838
7,15,29.40645258495276
7,16,32.902309885528545
7,17,34.45571338739241
7,18,34.68838718924851
7,19,37.46277057127497
7,20,39.087557565198246
7,21,39.38116903999686
7,22,42.826499270333784
7,23,40.90153036752013
7,24,38.90832832095993
7,25,36.26885590571955
7,26,34.58090550687526
7,27,30.971439713257432
7,28,30.479705247471355
7,29,27.412961812315256
7,30,26.81296868156151
7,31,24.94174989221255
7,32,23.460977892288383
7,33,21.201921466477643
7,34,21.112821052647142
7,35,19.630712815617546
7,36,16.385060368890247
7,37,16.912144213839838
7,38,19.399793909986265
7,39,21.446467318966764
7,40,23.033393338120362
7,41,25.718962329581515
7,42,28.75251240374227
7,43,31.656631587481368
7,44,35.15239518805733
7,45,38.196866475754966
7,46,40.43763407150411
7,47,43.69618079652973
7,48,45.286132235139846
7,49,46.97263250607389
7,50,45.790511631163625
7,51,46.779953043026815
7,52,49.70517371052253
7,53,51.24669336365754
7,54,53.10889915731211
7,55,50.09015175720621
7,56,51.185193434347056
7,57,49.46327605483861
7,58,51.00440847910815
7,59,51.31157778820245
7,60,52.3072575648772
7,61,48.508509937608636
7,62,45.48802861600904
7,63,41.987180895785905
7,64,39.661683369012906
7,65,35.86574520859949
7,66,33.74650381322711
7,67,31.470767596109972
7,68,28.42206316045499
7,69,27.09569392221642
7,70,23.30790194007105
7,71,21.0172799980192
7,72,19.52806841125027
7,73,17.657815915746085
7,74,19.833322074022433
7,75,20.29191412667428
7,76,23.324333462606404
7,77,18.141464263693496
7,78,19.36745640720689
7,79,18.554368562407312
7,80,20.664557057424066
7,81,20.25449218897464
7,82,23.18511733682091
7,83,24.9550011124811
7,84,25.99948300993289
7,85,28.382195320684076
7,86,27.86489880925509
7,87,30.36841989337786
7,88,28.98340849143382
7,89,32.39976867679114
7,90,36.149373707359
7,91,38.664314416887144
7,92,42.48017400277876
7,93,44.46273748555244
7,94,48.26333959603731
7,95,50.70547769928503
7,96,52.2496421750032
7,97,50.276099844459694
7,98,51.54233271350189
7,99,51.48461781272187
7,100,50.404929663786795
8,1,21.214756855195184
8,2,18.66803155813755
8,3,15.30939284419256
8,4,13.40769004320662
8,5,9.919503172372643
8,6,6.547434860699621
8,7,3.8587287982898455
8,9,3.8668178462732024
8,10,22.283514715006312
8,11,24.01322919484473
8,12,26.89961508728102
8,13,24.80466586310118
8,14,23.536671330732965
8,15,26.969479240449715
8,16,30.548863334571326
8,17,32.211867923943956
8,18,32.778266950922195
8,19,35.402317165275015
8,20,36.822208896256036
8,21,37.32427693633779
8,22,40.89092328456694
8,23,39.250745139175166
8,24,37.219538421935766
8,25,34.8269727207639
8,26,33.28750383671795
8,27,29.834518417939197
8,28,29.787538189879353
8,29,26.992023803800087
8,30,26.86135974152205
8,31,25.341875174609363
8,32,24.40982795369529
8,33,22.517622582365675
8,34,22.87169013706591
8,35,20.990486101100664
8,36,17.43041516614627
8,37,17.320807194938286
8,38,19.977275004104776
8,39,21.3825338617273
8,40,22.696040165162188
8,41,24.919609850909342
8,42,28.04581862822431
8,43,30.63320212340106
8,44,34.25258044523767
8,45,37.07481007037055
8,46,39.20996022796056
8,47,42.49265017185769
8,48,44.236495411494836
8,49,45.65820475075398
8,50,44.19885488382748
8,51,44.95768089732653
8,52,47.75274785135394
8,53,49.05749318331864
8,54,50.96772106725128
8,55,48.05179283289571
8,56,49.3862434205078
8,57,47.8855914389038
8,58,49.44592114879164
8,59,50.003394939941735
8,60,50.911254977232836
8,61,47.12239103631958
8,62,44.268018141148254
8,63,40.71611951591016
8,64,38.61593437433381
8,65,34.897110584093824
8,66,32.698428365561
8,67,30.793400567412725
8,68,27.79059199070314
8,69,26.943211909613783
8,70,23.24733955676052
8,71,21.50721260707121
8,72,20.325140129626334
8,73,19.11048686780469
8,74,21.69078937595865
8,75,22.66259770482606
8,76,25.891730612848605
8,77,21.480858715676394
8,78,22.428008531510017
8,79,21.14676038921488
8,80,22.832933227059307
8,81,21.86889343684403
8,82,24.47478546160273
8,83,25.730634074644794
8,84,26.480730715361506
8,85,28.417023103252454
8,86,27.493376118307296
8,87,29.609114112569053
8,88,27.785303428706115
8,89,30.99015517974756
8,90,34.754584641320356
8,91,37.132939896223185
8,92,40.93581075499873
8,93,43.09899089359815
8,94,46.88080477373285
8,95,49.50391650014078
8,96,50.85386865629215
8,97,48.82515462946804
8,98,49.85816727887185
8,99,49.70719009696018
8,100,48.38514681131576
9,1,24.868290429344402
9,2,22.413312616900342
9,3,18.998827500758832
9,4,17.177691415240805
9,5,13.629792932314393
9,6,10.329226178732906
9,7,7.109424903761496
9,8,3.8668178462732024
9,10,20.00132340635697
9,11,21.897511781764322
9,12,24.42564165009921
9,13,22.00630679523338
9,14,21.030704558239368
9,15,24.660441958999584
9,16,28.141429864519136
9,17,30.15057156531472
9,18,30.770471516503836
9,19,33.11290028425098
9,20,34.59950907275882
9,21,35.443293976121865
9,22,39.11606699218784
9,23,37.66983600649429
9,24,35.391679672027486
9,25,33.08687026828065
9,26,31.412293540136123
9,27,28.062097490775656
9,28,28.213868212711322
9,29,25.530524141299303
9,30,25.92472587802717
9,31,24.475438542849865
9,32,24.08787731190406
9,33,22.322449373024384
9,34,23.315947823828182
9,35,21.438282914292742
9,36,17.855926799637825
9,37,17.129673644265498
9,38,19.459111084928313
9,39,20.33132196722442
9,40,21.77193691924023
9,41,23.573007037439623
9,42,26.928711031384882
9,43,29.333452070467732
9,44,32.92458613646247
9,45,35.66104356876898
9,46,37.50485656425523
9,47,40.911428117812314
9,48,42.92904537020607
9,49,44.242030094918
9,50,42.641527516988944
9,51,43.10747392363849
9,52,45.912727336068585
9,53,47.05952532445352
9,54,48.80951520331566
9,55,45.860605084663334
9,56,47.362527956927266
9,57,46.08321243554466
9,58,47.84525910601163
9,59,48.64581800830077
9,60,49.68653294297922
9,61,45.957472704285216
9,62,43.163706444452835
9,63,39.51065953776836
9,64,37.718147193928566
9,65,34.06693667497148
9,66,32.09052069530398
9,67,30.508830660060468
9,68,27.802224513143234
9,69,27.43383798183996
9,70,23.81583060877912
9,71,22.566045726695744
9,72,21.215742413179026
9,73,20.349897586818855
9,74,22.88415197222886
9,75,24.01935549693549
9,76,27.51535389732054
9,77,23.64603598193587
9,78,24.657177863353766
9,79,23.166057340889775
9,80,24.7653062320171
9,81,23.654457029305075
9,82,25.828000893875668
9,83,26.830179266502526
9,84,27.045554567961496
9,85,28.610329566047106
9,86,27.18116440899566
9,87,28.908909576459536
9,88,26.836524799395974
9,89,29.767827681707328
9,90,33.55324683262341
9,91,36.01666660853574
9,92,39.777150498304835
9,93,42.21532918491923
9,94,45.994367602094435
9,95,48.82669419428142
9,96,50.16148685061329
9,97,48.28029712039005
9,98,49.21810980030645
9,99,49.1948995972573
9,100,47.72181855605764
10,1,35.88031307936139
10,2,35.2915885205001
10,3,31.565856120884078
10,4,31.94431648553848
10,5,28.209273671261457
10,6,26.96910145047426
10,7,23.927689191107746
10,8,22.283514715006312
10,9,20.00132340635697
10,11,3.880099385867611
10,12,5.7155320885389775
10,13,6.152727367956078
10,14,7.3750160695214
10,15,9.296335082244866
10,16,11.124492452819059
10,17,13.42589483865314
10,18,12.344444265592589
10,19,14.437570036584432
10,20,17.07279469518465
10,21,18.01202085023886
10,22,21.38808227178656
10,23,19.64569803874396
10,24,16.596505313622348
10,25,13.958311640295088
10,26,11.71751827560464
10,27,8.72137313934392
10,28,9.996904689382266
10,29,9.241642870536676
10,30,12.008137686469649
10,31,13.110545815073985
10,32,15.920263618474122
10,33,17.362661250001935
10,34,19.960110055073546
10,35,17.556710901393675
10,36,15.78012190278415
10,37,12.749146118656084
10,38,12.88826864471223
10,39,9.53157500679559
10,40,8.968935806207298
10,41,7.083023537893878
10,42,10.31486539160565
10,43,11.54705155186835
10,44,14.544875792001484
10,45,17.020916616918935
10,46,18.039127290565308
10,47,21.692886700253037
10,48,24.314689932654414
10,49,25.707186013082893
10,50,24.36949339958724
10,51,24.558531273381796
10,52,27.85014247729258
10,53,29.480485544842356
10,54,30.530446368924597
10,55,27.136787152727134
10,56,28.227040186614488
10,57,26.917666223966936
10,58,29.230452616882957
10,59,30.23013047091351
10,60,32.00697996837975
10,61,28.60632269620695
10,62,25.704474921817653
10,63,21.881624237938023
10,64,21.10549582280635
10,65,17.971315238549497
10,66,17.78586952705382
10,67,17.539463311659972
10,68,17.323508310838207
10,69,19.149193203570363
10,70,17.327892327327536
10,71,18.991482753973344
10,72,17.66844653007223
10,73,19.4997178480095
10,74,21.319252131883957
10,75,23.958558666575964
10,76,27.324743528828716
10,77,29.387457084331473
10,78,28.818226983806333
10,79,25.777213884985837
10,80,25.42942582524029
10,81,23.401625291359075
10,82,22.417073687217275
10,83,21.5449024696792
10,84,18.909669065605794
10,85,18.019349681526638
10,86,14.524229926596364
10,87,13.996026949025612
10,88,11.967551463246597
10,89,13.312685161823508
10,90,16.717195532128567
10,91,19.952220328589085
10,92,23.27353159583886
10,93,26.355879219862597
10,94,29.996403856152394
10,95,33.18673462407265
10,96,35.08332194370909
10,97,34.37300269956672
10,98,35.77472425250856
10,99,37.05637274335923
10,100,36.09721345111618
11,1,36.98167017005649
11,2,36.62387034464751
11,3,32.86051404813538
11,4,33.49070359724359
11,5,29.788774636061536
11,6,28.647980493711444
11,7,25.88444767965984
11,8,24.01322919484473
11,9,21.897511781764322
11,10,3.880099385867611
11,12,3.8955805348726398
11,13,5.482132743874551
11,14,5.254919021306649
11,15,5.959536655711192
11,16,8.012389192168849
11,17,9.797627958153281
11,18,9.131177378654362
11,19,11.644478245099345
11,20,13.828728284953366
11,21,14.531919597711228
11,22,18.02874070543227
11,23,16.465742011633438
11,24,13.67436864237658
11,25,11.488221252521166
11,26,10.193451775352685
11,27,7.913109212499361
11,28,10.434694536208488
11,29,10.884954698245016
11,30,13.449959453660922
11,31,15.39852319539927
11,32,18.183674515786482
11,33,20.096704005802014
11,34,22.290696318705518
11,35,19.496810388527102
11,36,17.68323264479594
11,37,14.747025520222788
11,38,15.405145813853782
11,39,11.975702471453186
11,40,10.179737516866911
11,41,7.478873083278213
11,42,9.570007041271644
11,43,9.692883027458187
11,44,12.917626906457064
11,45,14.788501082588603
11,46,16.064214075018857
11,47,19.485420650985937
11,48,21.98762230212
11,49,22.98937657439415
11,50,21.326947308441667
11,51,21.540277470149682
11,52,24.662345990612607
11,53,26.221250034382646
11,54,27.57189876740927
11,55,24.353410449066278
11,56,25.565188189759912
11,57,24.283031237495457
11,58,26.342500717203563
11,59,27.45689581324878
11,60,28.948963914660844
11,61,25.488089776478123
11,62,22.786319776694185
11,63,18.977583096284008
11,64,18.333058404818566
11,65,15.372421082988296
11,66,14.969001409515288
11,67,15.345667972597983
11,68,15.346328530983364
11,69,17.788755436723438
11,70,16.54377088799173
11,71,18.868261242903813
11,72,18.291096970619662
11,73,20.732240041704692
11,74,22.876237558980726
11,75,25.8959076162995
11,76,29.050209984487815
11,77,31.620473678187345
11,78,30.668767447268586
11,79,27.36621684939987
11,80,26.528926460726435
11,81,24.05552097324185
11,82,22.799915434618526
11,83,21.29569324803775
11,84,18.612147029974185
11,85,17.05920373325519
11,86,13.376012988561419
11,87,12.089266011885446
11,88,9.372275913559541
11,89,10.198742112801213
11,90,13.575287702486156
11,91,16.53651539413711
11,92,19.887199729166372
11,93,23.04676154124239
11,94,26.671890014474428
11,95,29.96438032357304
11,96,31.651275210656745
11,97,30.83954292905795
11,98,32.08901205395704
11,99,33.31229238120195
11,100,32.2728233652667
12,1,40.746811599600456
12,2,40.28689370480282
12,3,36.51471393040676
12,4,36.98161899314013
12,5,33.231193009335044
12,6,31.883121361325113
12,7,28.930716948238807
12,8,26.89961508728102
12,9,24.42564165009921
12,10,5.7155320885389775
12,11,3.8955805348726398
12,13,3.863572867557152
12,14,5.663775649440107
12,15,5.384453162034363
12,16,5.738400210715189
12,17,8.634408819318592
12,18,7.784334098056831
12,19,9.120544124105589
12,20,11.69297520172754
12,21,13.260321449702392
12,22,16.75224443710766
12,23,15.698545645586089
12,24,12.401737247771246
12,25,10.69310780318827
12,26,9.209856456500823
12,27,8.053648558556603
12,28,11.036008019740876
12,29,12.190404030347349
12,30,15.398473587556438
12,31,17.380472028287656
12,32,20.587337954623116
12,33,22.523700530159015
12,34,25.07290956600821
12,35,22.59429995947142
12,36,21.02662120966859
12,37,18.03688304593945
12,38,18.161195564850374
12,39,14.532877026411581
12,40,13.10894435525411
12,41,9.93149811158541
12,42,11.590162187800063
12,43,10.87831930657194
12,44,13.28005706684337
12,45,14.575891464166743
12,46,14.93764718004744
12,47,18.4397520436165
12,48,21.416556628420476
12,49,22.14270241347181
12,50,20.292119378971897
12,51,19.86725540587927
12,52,22.980516109666894
12,53,24.27283391818405
12,54,25.24243138725611
12,55,21.93737143984747
12,56,23.415273879969323
12,57,22.580650074548128
12,58,25.01190932056406
12,59,26.548638448277202
12,60,28.27008917355702
12,61,25.079107232608855
12,62,22.629601322042813
12,63,18.88348349849752
12,64,19.013293855046584
12,65,16.62267443176723
12,66,16.86310043764217
12,67,17.847194466252713
12,68,18.433361440524525
12,69,21.145094800377603
12,70,20.201445131089574
12,71,22.63170545519588
12,72,21.956726722322884
12,73,24.317881224466426
12,74,26.220113441814377
12,75,29.085080049664086
12,76,32.253648214223894
12,77,34.87251129725516
12,78,34.072904495418655
12,79,30.859987981571216
12,80,30.110480030962847
12,81,27.758159324900813
12,82,26.359901340642818
12,83,24.827871254050496
12,84,21.918997372542382
12,85,20.096241036649264
12,86,16.28116588067786
12,87,14.389902861360055
12,88,11.87164531952259
12,89,11.513613210580264
12,90,14.194283038782048
12,91,17.015381878599108
12,92,19.909075060319903
12,93,23.391105142637546
12,94,26.77904504706879
12,95,30.26339864833227
12,96,31.88812047228206
12,97,31.400730869701942
12,98,32.48727519741202
12,99,33.914536873825014
12,100,32.747907506884715
13,1,40.3470934131876
13,2,39.54757336091179
13,3,35.72915461837051
13,4,35.82489330562589
13,5,32.00336422256496
13,6,30.258499764490708
13,7,27.17281678372554
13,8,24.80466586310118
13,9,22.00630679523338
13,10,6.152727367956078
13,11,5.482132743874551
13,12,3.863572867557152
13,14,3.8554008708181073
13,15,5.81989296048986
13,16,7.364544192581803
13,17,10.778146967503856
13,18,11.025358867608766
13,19,11.957000563310787
13,20,13.942226852694189
13,21,15.96154459756085
13,22,19.65061847547533
13,23,19.01687560809158
13,24,15.85583189304347
13,25,14.468589853717912
13,26,13.053444103385909
13,27,11.636406239287004
13,28,14.198207106579586
13,29,14.588429134794891
13,30,17.727036853922343
13,31,19.102753231299886
13,32,22.052187609610634
13,33,23.415565542862495
13,34,26.068386149362148
13,35,23.59970899247856
13,36,21.546145994562362
13,37,18.536087252631965
13,38,18.968365350872272
13,39,15.682287980514012
13,40,14.855417431122309
13,41,12.341206434891918
13,42,14.655213904450923
13,43,14.406023773904657
13,44,17.054306775669403
13,45,18.383805488213227
13,46,18.739897740021764
13,47,22.192464330916142
13,48,25.179841074859212
13,49,25.720551591869224
13,50,23.6249901567789
13,51,22.94786459029284
13,52,25.810645269473692
13,53,26.689971222005518
13,54,27.731053730408128
13,55,24.608048222002402
13,56,26.452825378520167
13,57,25.928160137721587
13,58,28.333651136291614
13,59,30.060772573122502
13,60,31.61912474970863
13,61,28.424877870570075
13,62,26.139143657131275
13,63,22.420143821157094
13,64,22.496676753566984
13,65,20.00281525707685
13,66,19.780396513405485
13,67,20.603725005421612
13,68,20.617502929885838
13,69,23.11953397910198
13,70,21.703050331443187
13,71,23.793570715844933
13,72,23.036211963145696
13,73,25.08063788355224
13,74,27.21261695273605
13,75,29.93205209791201
13,76,33.32705071837978
13,77,35.01412377936404
13,78,34.52151958268717
13,79,31.451601597923005
13,80,31.039252314555785
13,81,28.725209797517703
13,82,27.8116326252118
13,83,26.53255983406098
13,84,23.97332578517712
13,85,22.53765925467197
13,86,18.8544456299294
13,87,17.392849491017266
13,88,14.546581932620033
13,89,14.636013273562087
13,90,17.50085966967084
13,91,20.05336142829907
13,92,23.021052904294848
13,93,26.520069459664843
13,94,29.90566846183788
13,95,33.45193499574253
13,96,34.834505532900984
13,97,34.10215315475395
13,98,34.9126097381505
13,99,36.03094640808631
13,100,34.53879556811248
14,1,38.584501317756704
14,2,37.89636237361913
14,3,34.052808941752424
14,4,34.30351634637127
14,5,30.52683296107388
14,6,28.855898487070434
14,7,26.075364767455838
14,8,23.536671330732965
14,9,21.030704558239368
14,10,7.3750160695214
14,11,5.254919021306649
14,12,5.663775649440107
14,13,3.8554008708181073
14,15,3.8707419523801447
14,16,7.175526862589842
14,17,9.674151259430717
14,18,10.886002275308693
14,19,12.54860979600947
14,20,13.707179985340643
14,21,15.213159351374815
14,22,19.049099540279553
14,23,18.48214482850057
14,24,15.889785902476179
14,25,14.794467273234654
14,26,14.185496143591585
14,27,12.726769691841989
14,28,15.539424605721656
14,29,15.952784605387928
14,30,18.563970940833517
14,31,20.173873496394172
14,32,22.75406834440823
14,33,24.194187440129582
14,34,26.39554373595724
14,35,23.505009243317815
14,36,21.114495589193975
14,37,18.22679465964117
14,38,19.394464867636028
14,39,16.32700908745088
14,40,14.911984144657332
14,41,12.64271754479585
14,42,14.657703834278633
14,43,14.283156792413543
14,44,17.38085707088917
14,45,18.523356652271385
14,46,19.5043579755875
14,47,22.68311762394774
14,48,25.29304801678953
14,49,25.609657513592605
14,50,23.286947323662112
14,51,22.90004047033357
14,52,25.520360921426704
14,53,26.347325570856405
14,54,27.907988376444056
14,55,25.053527615283837
14,56,26.951880173805474
14,57,26.287986766417337
14,58,28.250064908977233
14,59,29.880941280597554
14,60,31.00544284200984
14,61,27.632755576375555
14,62,25.460107572865883
14,63,21.792268433260134
14,64,21.557382981518934
14,65,18.960035770511436
14,66,18.05991716008794
14,67,18.946879938972415
14,68,18.536268543726592
14,69,21.12860332696913
14,70,19.772635980191765
14,71,22.02358349805038
14,72,21.80400021442417
14,73,24.121536996418545
14,74,26.680808042956496
14,75,29.671668860827126
14,76,32.97896214720489
14,77,34.6356906826131
14,78,33.891177836138205
14,79,30.655412191193104
14,80,29.988743779622915
14,81,27.337973278051127
14,82,26.547154790572584
14,83,24.990751689245847
14,84,22.751016349924782
14,85,21.242060029725558
14,86,17.73216670033939
14,87,16.33846048572089
14,88,12.993656612415975
14,89,13.354121977457845
14,90,16.39249441086382
14,91,18.562251699237596
14,92,21.749698399691592
14,93,25.088566489260646
14,94,28.547575364474888
14,95,32.05595884653997
14,96,33.19041128724697
14,97,32.08388453206305
14,98,32.73657444888636
14,99,33.5381382156446
14,100,31.917272328376633
15,1,40.822845309032566
15,2,40.42640626143375
15,3,36.60924959492828
15,4,37.15729660031717
15,5,33.44734221762677
15,6,32.02050498399008
15,7,29.40645258495276
15,8,26.969479240449715
15,9,24.660441958999584
15,10,9.296335082244866
15,11,5.959536655711192
15,12,5.384453162034363
15,13,5.81989296048986
15,14,3.8707419523801447
15,16,3.823564408240186
15,17,5.821939854769324
15,18,7.551215609136492
15,19,9.221981227514366
15,20,9.975192413366596
15,21,11.386613334183478
15,22,15.240344978555463
15,23,14.914714412358268
15,24,12.494358336037935
15,25,12.006903312052021
15,26,12.202384636129363
15,27,11.6825567092394
15,28,15.090979177386245
15,29,16.40493618569282
15,30,19.04107550950298
15,31,21.274147295824484
15,32,24.074371035433483
15,33,26.024006428300453
15,34,28.1015861806064
15,35,25.129336162868817
15,36,23.083302555348986
15,37,20.231874019856644
15,38,21.256959697670876
15,39,17.909616732279737
15,40,15.854014008103254
15,41,12.951400185759745
15,42,13.993669434483904
15,43,12.637619050730382
15,44,15.367976123086674
15,45,15.825788415436682
15,46,16.721255965635777
15,47,19.61562290710702
15,48,22.182467027596235
15,49,22.16832036149599
15,50,19.64361447918808
15,51,19.17339805494557
15,52,21.696800850839423
15,53,22.52878528454737
15,54,24.1990845906608
15,55,21.42869825691366
15,56,23.350437826011973
15,57,22.73602960430669
15,58,24.57784856533251
15,59,26.333324069369596
15,60,27.35461219158667
15,61,24.05366696388062
15,62,22.092441737541957
15,63,18.5271900360434
15,64,18.669299124642773
15,65,16.517421592254774
15,66,15.864557081838567
15,67,17.441567915280036
15,68,17.64289680148371
15,69,20.732267501001772
15,70,20.07718281281176
15,71,22.848112006476036
15,72,22.997510199554526
15,73,25.728781518491967
15,74,28.21353029946572
15,75,31.406798673299406
15,76,34.48876356507838
15,77,36.93312067441862
15,78,35.87837752749346
15,79,32.47110182597901
15,80,31.40859198206895
15,81,28.576185299812078
15,82,27.33848285408784
15,83,25.33235216190177
15,84,22.84307094258592
15,85,20.734572960783183
15,86,17.123407360034985
15,87,14.981815034905905
15,88,11.575662253615027
15,89,10.914176423426028
15,90,13.4217470145989
15,91,15.28668926703123
15,92,18.25002828354419
15,93,21.7136560317521
15,94,25.047187315524088
15,95,28.6467254429309
15,96,29.697789299214886
15,97,28.736922475490083
15,98,29.338411018499414
15,99,30.31297643682757
15,100,28.73963867268961
16,1,44.15931500700713
16,2,43.862628403269476
16,3,40.06461934869317
16,4,40.68228043361927
16,5,36.97122445090817
16,6,35.60263422791552
16,7,32.902309885528545
16,8,30.548863334571326
16,9,28.141429864519136
16,10,11.124492452819059
16,11,8.012389192168849
16,12,5.738400210715189
16,13,7.364544192581803
16,14,7.175526862589842
16,15,3.823564408240186
16,17,3.896287186725706
16,18,5.261341838191753
16,19,5.668292288836779
16,20,6.6814955636236055
16,21,8.851008496966408
16,22,12.589496604160047
16,23,12.664228120784841
16,24,9.891643567563356
16,25,10.058741177081338
16,26,10.54703218344749
16,27,11.18552188821285
16,28,14.873288623365811
16,29,16.91332039531856
16,30,19.84804061196716
16,31,22.36331818662494
16,32,25.51038257949113
16,33,27.73935848823949
16,34,29.989898919959245
16,35,27.222902337874544
16,36,25.577574620937536
16,37,22.69007438304585
16,38,23.227454478406692
16,39,19.618907611632753
16,40,17.51720870368869
16,41,14.110747694561557
16,42,14.558134323741765
16,43,12.451840109357764
16,44,14.342477444833715
16,45,14.143570041059439
16,46,14.309809666219277
16,47,17.08541636025988
16,48,19.955465905464095
16,49,19.689176745461037
16,50,17.06104828370407
16,51,16.102553619153035
16,52,18.679192002854286
16,53,19.445755928380922
16,54,20.786858235485866
16,55,17.894114470790033
16,56,19.92701254028439
16,57,19.597513149053707
16,58,21.709547758444153
16,59,23.765806720597812
16,60,25.01307093250692
16,61,21.978449858344373
16,62,20.226041843748668
16,63,16.78277520860538
16,64,17.65447402585522
16,65,16.124842824575165
16,66,16.24908001250203
16,67,18.343429719215624
16,68,19.291640992255683
16,69,22.621104384703237
16,70,22.41044957474854
16,71,25.391121728809463
16,72,25.470973886294967
16,73,28.29080060583311
16,74,30.484919294591865
16,75,33.642047215530674
16,76,36.620893777199186
16,77,39.57200258843383
16,78,38.47175927952253
16,79,35.055833164818466
16,80,33.89079190869907
16,81,31.138500605060614
16,82,29.551139827643404
16,83,27.416273004082672
16,84,24.590935974143775
16,85,22.120182823766868
16,86,18.39380079257978
16,87,15.670115633128876
16,88,12.71480078362337
16,89,10.961270708818569
16,90,12.590901472236343
16,91,14.335906909600542
16,92,16.742896967246985
16,93,20.44756779880168
16,94,23.520059814375987
16,95,27.23693416075205
16,96,28.337060771653025
16,97,27.809032214480418
16,98,28.40775950089344
16,99,29.7431198142187
16,100,28.26181120404213
17,1,44.3249166425256
17,2,44.33688630629453
17,3,40.5953002145203
17,4,41.54117009041353
17,5,37.94668778050323
17,6,36.86932281611433
17,7,34.45571338739241
17,8,32.211867923943956
17,9,30.15057156531472
17,10,13.42589483865314
17,11,9.797627958153281
17,12,8.634408819318592
17,13,10.778146967503856
17,14,9.674151259430717
17,15,5.821939854769324
17,16,3.896287186725706
17,18,3.8783320241752404
17,19,5.348188062980677
17,20,4.851255028794466
17,21,5.579454054152308
17,22,9.445023773444769
17,23,9.571463927667438
17,24,7.67382768693965
17,25,8.69162256870909
17,26,10.545867591977396
17,27,11.740148760790058
17,28,15.53997862018155
17,29,17.995745554164674
17,30,20.457606694840678
17,31,23.408227799992325
17,32,26.39053657293986
17,33,28.96137355124287
17,34,30.831881739298247
17,35,27.858253207112583
17,36,26.35849243105625
17,37,23.64711220301807
17,38,24.411285042685705
17,39,20.866493407506265
17,40,18.168146182639596
17,41,14.750882177634361
17,42,14.275051197061687
17,43,11.514594240363625
17,44,13.181397936016452
17,45,12.268744531313638
17,46,12.946916673317963
17,47,15.129655733486954
17,48,17.530499155546597
17,49,16.92244289089242
17,50,14.076735205910461
17,51,13.52120282316494
17,52,15.932126741245831
17,53,16.93406727771477
17,54,18.788788197671465
17,55,16.138008396670156
17,56,17.96240714603154
17,57,17.344188412851828
17,58,18.94556993731516
17,59,20.87315233012066
17,60,21.752965927440442
17,61,18.598872120032077
17,62,17.015330627863943
17,63,13.718359048460778
17,64,14.642921057576158
17,65,13.512535464527756
17,66,13.511070093416743
17,67,16.153803147022213
17,68,17.412963141724994
17,69,21.02068836139812
17,70,21.4183147182701
17,71,24.747456839591084
17,72,25.32433352787852
17,73,28.490400523601856
17,74,30.76190151941645
17,75,34.13907043729298
17,76,36.85137459899252
17,77,40.37500152488949
17,78,38.92043578663701
17,79,35.3447285255125
17,80,33.77653523871172
17,81,30.799838800649805
17,82,28.95126703825333
17,83,26.40803275581259
17,84,23.62365541188874
17,85,20.746458473290666
17,86,17.232408588102924
17,87,14.107788002887808
17,88,11.195202013998347
17,89,8.696274750750367
17,90,9.611092158507267
17,91,10.745357926104179
17,92,13.0915881351522
17,93,16.762388364825153
17,94,19.82111824272987
