1,2,3.8635100698397995
1,3,5.854476764221075
1,4,7.417981249499999
1,5,10.774991597617852
1,6,10.910308179288531
1,7,11.941647849103173
1,8,13.974670371125088
1,9,15.943633546276976
1,10,19.6261822188171
1,11,18.936552034933445
1,12,15.757616689676723
1,13,14.359870525910242
1,14,13.016124548859729
1,15,11.529692870142847
1,16,14.157864104083119
1,17,14.688688194502397
1,18,17.819179075282744
1,19,19.522229639209286
1,20,22.448315002892056
1,21,24.00208797956643
1,22,26.428684908349638
1,23,23.729666359196862
1,24,21.54791374210808
1,25,18.534813483687184
1,26,19.287883704678443
1,27,16.028675046562604
1,28,14.976119915845059
1,29,12.379268426460417
1,30,14.475587070960305
1,31,14.253877973161684
1,32,16.97134699748008
1,33,18.269474718704444
1,34,18.525852827680122
1,35,22.022873034631626
1,36,25.043121472441292
1,37,25.716580080335742
1,38,23.5939662824525
1,39,22.99610663943786
1,40,25.884339958705834
1,41,26.809104163304177
1,42,27.869666127558617
1,43,24.710376315870118
1,44,26.53895223227617
1,45,25.841564338190178
1,46,28.295587526283725
1,47,30.028955033586943
1,48,31.636136680611866
1,49,28.425951836376925
1,50,26.094853991451284
1,51,22.369241055296683
1,52,22.42440069115255
1,53,19.918290067015196
1,54,19.67092346217372
1,55,20.41448480220925
1,56,20.347412897703144
1,57,22.944204624333686
1,58,21.508176711949275
1,59,23.582725092305637
1,60,22.954369607182546
1,61,25.076385230092004
1,62,27.27068154756224
1,63,30.015779534221707
1,64,33.16423144243558
1,65,35.562132072642854
1,66,33.271717905600774
1,67,33.5314023018763
1,68,35.08361028648235
1,69,34.36622816867431
1,70,31.218449449025304
1,71,30.90205515100676
1,72,28.523116304410184
1,73,27.637703160820333
1,74,26.311204381710077
1,75,23.884095126211726
1,76,22.459127053323645
1,77,18.771701988265647
1,78,17.3163969407336
1,79,14.436216508689448
1,80,14.527979239915501
1,81,17.454271919153655
1,82,20.04231299331225
1,83,23.00773179538202
1,84,26.48019211401512
1,85,29.87969680105505
1,86,33.40471160230206
1,87,34.8547669650981
1,88,34.19939331918667
1,89,35.04027356224151
2,1,3.8635100698397995
2,3,3.8556972061840176
2,4,7.161103662583092
2,5,9.656234025050034
2,6,10.781638220832559
2,7,12.523221277822659
2,8,13.72724549281286
2,9,15.200307285082216
2,10,19.02639234971471
2,11,18.412124206814415
2,12,15.800214928881111
2,13,14.726627394869054
2,14,14.197071357661349
2,15,12.667068087740986
2,16,15.538719989416283
2,17,16.115580806504212
2,18,18.72375039209277
2,19,20.642723282574874
2,20,23.18884345514159
2,21,24.824629963068034
2,22,26.78065633636496
2,23,23.694192122214304
2,24,21.237074651038824
2,25,18.300827936604488
2,26,19.772888448253926
2,27,16.760202066930724
2,28,15.12392378568905
2,29,12.779865957560922
2,30,14.524399535469236
2,31,14.191589229308853
2,32,17.33815030106634
2,33,18.43973584305248
2,34,19.3170444553807
2,35,22.54961567121435
2,36,25.203162694410974
2,37,25.645383736771944
2,38,23.281973680562547
2,39,22.94492283177511
2,40,25.58954055424972
2,41,26.465728759918754
2,42,28.04045577514436
2,43,25.15042987358446
2,44,27.03136728012853
2,45,26.217506561710024
2,46,28.23409110829368
2,47,29.887086006100915
2,48,31.05877610015688
2,49,27.65844439677231
2,50,25.458248630324384
2,51,21.770794062502503
2,52,21.520416986417537
2,53,18.904731508425126
2,54,17.973054273115356
2,55,18.750334254312524
2,56,18.29088083759928
2,57,20.947856391581414
2,58,19.593145661044954
2,59,21.850186760965457
2,60,21.771122888323628
2,61,24.189905809892924
2,62,26.776798580552715
2,63,29.797245629244735
2,64,32.797240474582196
2,65,35.39622893102164
2,66,33.4608275273493
2,67,33.597005205215254
2,68,34.75350513420779
2,69,33.77232234584987
2,70,30.473423279470218
2,71,29.88304855048905
2,72,27.159729189592696
2,73,26.372809930173148
2,74,24.761168909425205
2,75,22.661574383791823
2,76,21.171514116432256
2,77,17.68022239744897
2,78,16.304892198862635
2,79,12.921320270813155
2,80,13.272148305429033
2,81,16.36234162039633
2,82,18.56121714586166
2,83,21.76498012892128
2,84,25.080880600838345
2,85,28.55064580205804
2,86,32.06083240528794
2,87,33.25246016980352
2,88,32.216696851497844
2,89,32.89041542503717
3,1,5.854476764221075
3,2,3.8556972061840176
3,4,3.8182930731582134
3,5,5.8270281196998965
3,6,7.5071034089042845
3,7,9.241190723803934
3,8,10.022364719451371
3,9,11.39956079273161
3,10,15.247259287655812
3,11,14.886234457754686
3,12,12.454091631438216
3,13,12.006743743673406
3,14,12.293687875572626
3,15,11.689688325880443
3,16,15.130997690546755
3,17,16.58365432164339
3,18,19.216678452453703
3,19,21.71376081759862
3,20,24.448866971652855
3,21,26.57014766074075
3,22,28.408301655016867
3,23,25.27004875406061
3,24,23.187313762639818
3,25,20.279962746721854
3,26,21.61293014333939
3,27,18.332343560240943
3,28,16.104432731359502
3,29,13.170521878748932
3,30,13.928631205823024
3,31,12.61651866077193
3,32,15.401844438181318
3,33,15.81185829392178
3,34,16.601331146679417
3,35,19.547157798293497
3,36,22.156949049329118
3,37,22.25993630800564
3,38,19.685073856282553
3,39,19.25459229911569
3,40,21.793481024989713
3,41,22.665228191680793
3,42,24.355723782172713
3,43,21.558620689424348
3,44,23.467731630366654
3,45,22.71590871925049
3,46,24.607545190826325
3,47,26.395198225025315
3,48,27.456434082597415
3,49,24.12004275573877
3,50,22.13968067363323
3,51,18.5515701951277
3,52,18.68018194570643
3,53,16.508598837988647
3,54,15.800664560570617
3,55,17.279621402284306
3,56,17.453439558200603
3,57,20.584842017965958
3,58,19.93392107262236
3,59,22.708827158181446
3,60,23.016172893862944
3,61,25.81876148174751
3,62,28.267774101625413
3,63,31.47737182214542
3,64,34.22128351330821
3,65,36.795698210313084
3,66,34.8408504156939
3,67,35.86629641908147
3,68,37.03638303233797
3,69,35.75600143556213
3,70,32.289810202092546
3,71,31.305378181682276
3,72,28.422323553497463
3,73,27.180758561396082
3,74,25.123556146307134
3,75,22.764658552124516
3,76,20.680785049817146
3,77,17.117258194103968
3,78,14.996657297698656
3,79,11.531823539275996
3,80,10.863196973491597
3,81,13.42859382480672
3,82,15.307453763403998
3,83,18.296084259460528
3,84,21.736566019698362
3,85,25.0813016886407
3,86,28.688913818807606
3,87,29.785057427084077
3,88,28.878510684214987
3,89,29.489020427315598
4,1,7.417981249499999
4,2,7.161103662583092
4,3,3.8182930731582134
4,5,3.8441176624397904
4,6,5.21875779560051
4,7,5.6920736086812695
4,8,6.688379059594999
4,9,8.805876205236496
4,10,12.559356093825805
4,11,12.612406989673064
4,12,9.841154090477815
4,13,10.053922682641527
4,14,10.658589828374222
4,15,11.21263405354476
4,16,14.922628655335762
4,17,17.075007004386144
4,18,20.004487344238484
4,19,22.76889231499934
4,20,25.841265090677023
4,21,28.231694390210496
4,22,30.25721105797018
4,23,27.323284337128896
4,24,25.631618062190206
4,25,22.70949579853107
4,26,23.562708204001446
4,27,20.00652974921758
4,28,17.752267244485015
4,29,14.330400707436695
4,30,14.514955939092209
4,31,12.429664927178846
4,32,14.396597748139753
4,33,14.141309214317003
4,34,14.202837211612412
4,35,17.012846204653435
4,36,19.915679435074196
4,37,19.75670193531866
4,38,17.074048980517667
4,39,16.167516209729204
4,40,18.748349525768514
4,41,19.540190295673085
4,42,20.918558881015507
4,43,18.007925356774354
4,44,20.036817505949507
4,45,19.56488430080261
4,46,21.714981562746445
4,47,23.806135783091946
4,48,25.086605754635784
4,49,22.01444815667262
4,50,20.240104651161378
4,51,16.78003164260522
4,52,17.642453444992253
4,53,16.102359908243997
4,54,16.157306241122253
4,55,18.1974027774194
4,56,19.118741496952936
4,57,22.495550902705826
4,58,22.28478957484329
4,59,25.261724810188063
4,60,25.509087773799305
4,61,28.374828900951233
4,62,30.51328162738279
4,63,33.6794208406203
4,64,36.33160096238035
4,65,38.76463266762178
4,66,36.59097201500081
4,67,38.27186923949102
4,68,39.67126845616849
4,69,38.354442152743886
4,70,34.87150730556182
4,71,33.79106428153628
4,72,31.002570930602513
4,73,29.416536855963685
4,74,27.232381991715823
4,75,24.523787663070852
4,76,22.069025500052287
4,77,18.395619642235232
4,78,15.676525608431461
4,79,12.646627467189052
4,80,10.880208747205101
4,81,12.572102124366527
4,82,14.313796864196169
4,83,16.74073504305069
4,84,20.42520432085897
4,85,23.51220190185628
4,86,27.231144605774265
4,87,28.371552842094484
4,88,27.885497636381853
4,89,28.488103311024762
5,1,10.774991597617852
5,2,9.656234025050034
5,3,5.8270281196998965
5,4,3.8441176624397904
5,6,3.864285015080773
5,7,5.340329061748987
5,8,4.905948343842508
5,9,5.585149987948697
5,10,9.445064645761049
5,11,9.531561679097873
5,12,7.613871898286271
5,13,8.676276122163214
5,14,10.60163129917389
5,15,11.699712190186371
5,16,15.488879204134346
5,17,18.04914383632055
5,18,20.518378261336874
5,19,23.669098521027326
5,20,26.56179347042688
5,21,29.280391329677066
5,22,30.933354078741488
5,23,27.84613345249319
5,24,26.363513549334044
5,25,23.591767423614638
5,26,24.636694146329496
5,27,21.153587384881607
5,28,18.347309436386738
5,29,14.933504571957672
5,30,14.196524867753958
5,31,11.479098708093321
5,32,13.198886019489652
5,33,12.246409210358685
5,34,12.813223178335956
5,35,15.05122963223282
5,36,17.499099231927197
5,37,17.010127221523963
5,38,14.115912638879985
5,39,13.589425565353903
5,40,16.021092956376222
5,41,17.063681830665892
5,42,18.931564766764748
5,43,16.255857396877474
5,44,18.060018448532915
5,45,17.316417858987492
5,46,18.971104152146015
5,47,20.938163092614836
5,48,21.860896656568134
5,49,18.66222023041895
5,50,17.057567979560382
5,51,13.726320099606852
5,52,14.641589481937508
5,53,13.48634611796426
5,54,13.4219021992504
5,55,15.99759291234999
5,56,17.278178366474293
5,57,20.892273332644375
5,58,21.295456080027428
5,59,24.62051698451351
5,60,25.356622569196936
5,61,28.548004876927298
5,62,30.68659248729233
5,63,34.05709029504013
5,64,36.39646262311201
5,65,38.866498063334916
5,66,36.88315154610778
5,67,39.182565350494926
5,68,40.40053768423832
5,69,38.74014958638593
5,70,35.11185521532365
5,71,33.62551916650575
5,72,30.640390698022568
5,73,28.76880477009219
5,74,26.188875695761006
5,75,23.49735888046507
5,76,20.646444971492777
5,77,17.20827022660641
5,78,14.097695139597286
5,79,11.120260739354277
5,80,8.610685127355922
5,81,9.591308742672286
5,82,10.742762285989476
5,83,13.128183657127236
5,84,16.779127298610113
5,85,19.853636460824447
5,86,23.59075400839718
5,87,24.6138246519986
5,88,24.051342978805657
5,89,24.662969110523218
6,1,10.910308179288531
6,2,10.781638220832559
6,3,7.5071034089042845
6,4,5.21875779560051
6,5,3.864285015080773
6,7,3.8282369852968077
6,8,5.862633036500926
6,9,5.91680344902964
6,10,9.150745256581958
6,11,8.036714260071058
6,12,5.024409979314082
6,13,5.023540678233369
6,14,6.78898656580216
6,15,8.40451695488794
6,16,12.162097656559336
6,17,15.107722655926493
6,18,17.654044845835312
6,19,20.948023188389953
6,20,24.0351205678402
6,21,26.958311468801348
6,22,28.74132503447097
6,23,25.909625074632626
6,24,24.86567183977661
6,25,22.133866715988688
6,26,22.663331187046005
6,27,19.02779845236972
6,28,16.265130569411774
6,29,12.595638769785575
6,30,11.500635936778464
6,31,8.495286175406319
6,32,9.728503729866326
6,33,8.975512494232536
6,34,9.335424805077695
6,35,12.073231615269757
6,36,14.82060337308887
6,37,14.982782036043345
6,38,12.724516696457163
6,39,12.581329582187966
6,40,15.701953287903821
6,41,17.42035142378155
6,42,18.76848909761276
6,43,15.596999034906634
6,44,16.78415018251945
6,45,15.539522346918826
6,46,17.601651063007676
6,47,19.228933793708816
6,48,20.726015427223565
6,49,17.556106600521456
6,50,15.393152823854237
6,51,11.810972255765858
6,52,12.735904197593833
6,53,11.48213629478101
6,54,12.34397112425614
6,55,14.715763903679443
6,56,16.506332824953954
6,57,20.032291343398274
6,58,20.50061347460887
6,59,23.761229390759453
6,60,24.138391387858107
6,61,27.236863332125242
6,62,28.96825992640181
6,63,32.20938394712625
6,64,34.48726751278756
6,65,36.77911632151535
6,66,34.56694531648977
6,67,37.47570861565757
6,68,38.95991979235636
6,69,37.30853404516112
6,70,33.72540792887705
6,71,32.26073671850279
6,72,29.53209279230596
6,73,27.385329911763527
6,74,24.946597687489625
6,75,21.879559639135206
6,76,18.967884566034602
6,77,15.380682191280082
6,78,12.079156460064533
6,79,9.845727986736698
6,80,7.056960025983927
6,81,7.975437553868786
6,82,10.204279671363173
6,83,12.5288776674855
6,84,16.17024709231605
6,85,19.3438468769977
6,86,22.91579693211581
6,87,24.508138908867377
6,88,24.394087285420518
6,89,25.53694525693568
7,1,11.941647849103173
7,2,12.523221277822659
7,3,9.241190723803934
7,4,5.6920736086812695
7,5,5.340329061748987
7,6,3.8282369852968077
7,8,3.8467433875078285
7,9,5.829283846578593
7,10,8.608809815739976
7,11,8.733098132839428
7,12,5.472162699936464
7,13,6.83359863716951
7,14,8.265837020151936
7,15,10.701255933650144
7,16,14.302886414740572
7,17,17.399065125296065
7,18,20.310009802303963
7,19,23.479472982070455
7,20,26.810387393688636
7,21,29.664732854035123
7,22,31.72714585167409
7,23,29.088387079431087
7,24,28.08796720649855
7,25,25.288118852680874
7,26,25.538193115577876
7,27,21.786772825081815
7,28,19.370393322154317
7,29,15.59126694315076
7,30,14.69270187955529
7,31,11.664647765117916
7,32,12.069711278145908
7,33,10.706163539936796
7,34,9.677329033894795
7,35,12.106376543853404
7,36,15.311684810223165
7,37,14.96394990956185
7,38,12.454049017586337
7,39,11.201687004339052
7,40,14.176084793435747
7,41,15.41588384422898
7,42,16.249583009725615
7,43,12.953714800893222
7,44,14.641874922576802
7,45,14.154370161363767
7,46,16.680282025715734
7,47,18.92634768120558
7,48,20.646051020119813
7,49,17.9608330947865
7,50,16.30880218829062
7,51,13.140561888069453
7,52,14.980234627292832
7,53,14.462070873334433
7,54,15.734874388548514
7,55,18.327419248367423
7,56,20.289627498141694
7,57,23.82905425102319
7,58,24.306837648231564
7,59,27.521117129727987
7,60,27.751452304588213
7,61,30.73252468808723
7,62,32.357965913328194
7,63,35.4744839082038
7,64,37.8348166056368
7,65,40.03326488091712
7,66,37.64069265343036
7,67,40.54033475989957
7,68,42.196495162118396
7,69,40.696328270569985
7,70,37.17936228978093
7,71,35.84388808440066
7,72,33.210753427174225
7,73,31.06408167008159
7,74,28.69373673591299
7,75,25.543972595369933
7,76,22.61444494086647
7,77,19.02303076631257
7,78,15.657936843466604
7,79,13.65133482890843
7,80,10.697705628814374
7,81,10.814609491645616
7,82,12.413903330723523
7,83,13.839273244072947
7,84,17.622402279901106
7,85,20.311072625774365
7,86,23.99005187992728
7,87,25.417939944576055
7,88,25.65455885254294
7,89,26.533187606326198
8,1,13.974670371125088
8,2,13.72724549281286
8,3,10.022364719451371
8,4,6.688379059594999
8,5,4.905948343842508
8,6,5.862633036500926
8,7,3.8467433875078285
8,9,3.8153590179264723
8,10,6.767277705259706
8,11,8.386171415029656
8,12,6.6410364460615074
8,13,9.316794874763051
8,14,11.638393912357174
8,15,13.988734975662092
8,16,17.680210617280796
8,17,20.749296289360394
8,18,23.439064662252996
8,19,26.707591163480117
8,20,29.868617221067403
8,21,32.750017542858814
8,22,34.591736373077424
8,23,31.73150893093925
8,24,30.550973321999354
8,25,27.775659806398718
8,26,28.411816635804566
8,27,24.758436908073932
8,28,22.082679792308586
8,29,18.420469040619047
8,30,17.309373848481478
8,31,14.083841343900264
8,32,14.587225077222879
8,33,12.600853332893868
8,34,11.930503322334639
8,35,13.461984062285234
8,36,16.16960203407932
8,37,14.953864982950742
8,38,11.723177495379566
8,39,10.037057236816652
8,40,12.2196863821715
8,41,12.860945004937788
8,42,14.33396702425733
8,43,11.647333338060038
8,44,13.902565421047356
8,45,13.90308349272984
8,46,15.839377145049781
8,47,18.46863028296723
8,48,19.56424353765541
8,49,16.951639829160662
8,50,16.007333077092316
8,51,13.250478798632926
8,52,15.380836804450027
8,53,15.361830444344381
8,54,16.162687399125918
8,55,19.21219839687495
8,56,21.118713893205584
8,57,24.818446349176234
8,58,25.581893807494694
8,59,28.99683001246954
8,60,29.66981082952826
8,61,32.85481332160359
8,62,34.72825321544585
8,63,38.01781913789242
8,64,40.2767428550113
8,65,42.59865620330044
8,66,40.42064342373653
8,67,43.23258706231517
8,68,44.652414130225
8,69,42.998552584886816
8,70,39.385727128559154
8,71,37.850926377675364
8,72,34.967446601873355
8,73,32.84729925473877
8,74,30.19280635924096
8,75,27.267895565811244
8,76,24.157235882138504
8,77,20.775808550132908
8,78,17.291106679190346
8,79,14.964097992579351
8,80,11.738353338185007
8,81,11.262891920434232
8,82,11.672129587901297
8,83,12.687979645334
8,84,16.4789325588015
8,85,18.880881844638754
8,86,22.717923674899204
8,87,23.6033948385778
8,88,23.62967613399023
8,89,24.038046779816625
9,1,15.943633546276976
9,2,15.200307285082216
9,3,11.39956079273161
9,4,8.805876205236496
9,5,5.585149987948697
9,6,5.91680344902964
9,7,5.829283846578593
9,8,3.8153590179264723
9,10,3.8659530634906396
9,11,5.064230312971712
9,12,4.8268903128882465
9,13,8.0521634087663
9,14,11.3116270407849
9,15,13.753944051460605
9,16,17.285905083555406
9,17,20.526974119036193
9,18,22.718202751058463
9,19,26.23852472380236
9,20,29.171708671502344
9,21,32.30126742345187
9,22,33.78910993990625
9,23,30.84947616559187
9,24,29.905115211163313
9,25,27.30782874057712
9,26,28.057349119248677
9,27,24.533986911221955
9,28,21.469047563878682
9,29,17.948444629836054
9,30,16.144072283303384
9,31,12.620354299698485
9,32,12.863819506418466
9,33,10.382062490896605
9,34,10.488433408888403
9,35,11.421692920696959
9,36,13.496256404199267
9,37,12.166979037729586
9,38,8.858948086674854
9,39,8.197535075573011
9,40,10.542718136065428
9,41,12.023132761321525
9,42,14.055040751654168
9,43,11.557451218126534
9,44,13.03027706567092
9,45,12.234894957075761
9,46,13.54116892237313
9,47,15.735958311673512
9,48,16.536635047863847
9,49,13.59894695037977
9,50,12.567924317238418
9,51,9.84178568453578
9,52,11.936993119349554
9,53,12.311959034888531
9,54,13.14936841391431
9,55,16.50652261469421
9,56,18.744938094673355
9,57,22.493883596855124
9,58,23.747418955052797
9,59,27.346795956422234
9,60,28.342450538660565
9,61,31.727580258878778
9,62,33.52449373572778
9,63,36.93601154813535
9,64,38.897659972308
9,65,41.21607724749073
9,66,39.21291672850335
9,67,42.58461967881344
9,68,43.8609639910105
9,69,41.92087385217517
9,70,38.22308889120278
9,71,36.36659318471281
9,72,33.39714978089397
9,73,31.03247853427987
9,74,28.125153298387126
9,75,25.223154894935025
9,76,21.863568869542508
9,77,18.78369119293832
9,78,15.122721001037563
9,79,13.14907964312678
9,80,9.545242934818924
9,81,8.162886359625423
9,82,7.983321723700878
9,83,8.900596957327096
9,84,12.694987686746307
9,85,15.248253138122301
9,86,19.072908376443866
9,87,20.070428717890536
9,88,20.070157899199916
9,89,20.75570885510272
10,1,19.6261822188171
10,2,19.02639234971471
10,3,15.247259287655812
10,4,12.559356093825805
10,5,9.445064645761049
10,6,9.150745256581958
10,7,8.608809815739976
10,8,6.767277705259706
10,9,3.8659530634906396
10,11,3.852495362138444
10,12,5.803004811625897
10,13,9.501359657796819
10,14,13.059030266831192
10,15,16.003850421497425
10,16,19.193071000511342
10,17,22.697407109158604
10,18,24.65102101186618
10,19,28.315480300859196
10,20,31.21634249743229
10,21,34.557317662522316
10,22,35.92105594421225
10,23,33.1064884581121
10,24,32.49947493700488
10,25,30.036141569170496
10,26,30.605389457740454
10,27,27.114962312159307
10,28,23.960670407099254
10,29,20.484631739624486
10,30,18.169758795268994
10,31,14.435406016255449
10,32,13.75130205156178
10,33,10.468873092554244
10,34,10.223067527162275
10,35,9.798314782744264
10,36,11.28292084328754
10,37,9.11747438236619
10,38,5.43376951131116
10,39,4.733559198690226
10,40,6.956278457241949
10,41,9.121979111552099
10,42,11.247648847858228
10,43,9.058462002743763
10,44,9.942220568331328
10,45,9.001313143199168
10,46,9.8163035666341
10,47,12.197659435632497
10,48,12.875809114110877
10,49,10.259999716698209
10,50,9.892558895180072
10,51,8.096534888047128
10,52,11.09887326361051
10,53,12.666756649383261
10,54,14.070693656753907
10,55,17.669677945317073
10,56,20.395043890167205
10,57,24.088498434254724
10,58,25.81672695116996
10,59,29.504360676303374
10,60,30.629991136941655
10,61,34.08550890762793
10,62,35.64792674076676
10,63,39.049040004990424
10,64,40.75210632277331
10,65,42.95119997293694
10,66,40.95338879411218
10,67,44.98674840226936
10,68,46.29350658967713
10,69,44.18815298680894
10,70,40.474927281820335
10,71,38.40452790006599
10,72,35.482218686561815
10,73,32.83803257278499
10,74,29.779948289749854
10,75,26.800770263985328
10,76,23.21950488768754
10,77,20.471384470457046
10,78,16.675263384981367
10,79,15.409905068421276
10,80,11.605365744218664
10,81,9.012912675377663
10,82,7.819385289913129
10,83,6.961872290080562
10,84,10.514484876076093
10,85,12.403046068516467
10,86,16.19768879813557
10,87,17.201303396663544
10,88,17.75000587726344
10,89,18.540752799862
11,1,18.936552034933445
11,2,18.412124206814415
11,3,14.886234457754686
11,4,12.612406989673064
11,5,9.531561679097873
11,6,8.036714260071058
11,7,8.733098132839428
11,8,8.386171415029656
11,9,5.064230312971712
11,10,3.852495362138444
11,12,3.855328152951849
11,13,6.73072941998328
11,14,10.495612188070165
11,15,13.319509168716877
11,16,16.191526540340327
11,17,19.724347136097837
11,18,21.360756848603152
11,19,25.10306501634554
11,20,27.88902622883682
11,21,31.34956653737693
11,22,32.58003626933405
11,23,29.851328069207995
11,24,29.509228400187265
11,25,27.178933981468674
11,26,27.607248939291193
11,27,24.2109978761728
11,28,20.96761800242947
11,29,17.622631572845695
11,30,14.933981289488425
11,31,11.168243763073084
11,32,10.187480236781036
11,33,6.824100352742646
11,34,7.422705897065384
11,35,7.26111155031962
11,36,8.624191985869631
11,37,7.600097346363282
11,38,5.039824619506524
11,39,6.50912849395883
11,40,9.575022451099445
11,41,12.477525868646085
11,42,14.205089982359256
11,43,11.609658372181332
11,44,11.51830383007759
11,45,9.345016638630266
11,46,10.285881857964117
11,47,11.568267011104417
11,48,12.722965602910172
11,49,9.535278596497228
11,50,7.769638038844242
11,51,4.893500181102843
11,52,7.632405265463013
11,53,9.069190805152374
11,54,11.02343702149226
11,55,14.458614237795395
11,56,17.469065621402105
11,57,21.056901873820742
11,58,22.878514112613644
11,59,26.520389971297686
11,60,27.543650505510556
11,61,30.975452547359257
11,62,32.328481452627024
11,63,35.6892656336459
11,64,37.267430983364925
11,65,39.39161299518698
11,66,37.38787972688391
11,67,41.784778102507914
11,68,43.13242982038951
11,69,40.95300991587034
11,70,37.26019498455082
11,71,35.1287603181575
11,72,32.32894493123501
11,73,29.525897049243195
11,74,26.5173737772404
11,75,23.398587422641757
11,76,19.78593094251679
11,77,17.105734980178436
11,78,13.280668155789552
11,79,12.58829418667037
11,80,8.787472407423008
11,81,5.771641847466269
11,82,5.561948834625665
11,83,5.504308201464617
11,84,9.116439669521371
11,85,11.764468442247953
11,86,15.326005486721614
11,87,17.07904092472409
11,88,17.660109208806603
11,89,19.172268116968134
12,1,15.757616689676723
12,2,15.800214928881111
12,3,12.454091631438216
12,4,9.841154090477815
12,5,7.613871898286271
12,6,5.024409979314082
12,7,5.472162699936464
12,8,6.6410364460615074
12,9,4.8268903128882465
12,10,5.803004811625897
12,11,3.855328152951849
12,13,3.7991015301733717
12,14,7.256379604958374
12,15,10.329248573762467
12,16,13.470997687840987
12,17,17.028324841928654
12,18,19.178533406685535
12,19,22.776051498890897
12,20,25.852039691187095
12,21,29.155171586801004
12,22,30.762283115932213
12,23,28.146032063684302
12,24,27.686539640131578
12,25,25.177362453580386
12,26,25.366303658116315
12,27,21.77488210947637
12,28,18.842610591485375
12,29,15.22859437767647
12,30,13.05337156420221
12,31,9.366074329965793
12,32,8.656950770071706
12,33,6.053537123336906
12,34,5.740706634223651
12,35,7.451982994142989
12,36,10.157374914168296
12,37,10.029653767119875
12,38,7.967462060977641
12,39,8.219393360011699
12,40,11.72909150462974
12,41,14.186797734797286
12,42,15.31249791003529
12,43,12.080031017912178
12,44,12.471585963051536
12,45,10.714705999078296
12,46,12.747770544728978
12,47,14.275885979795369
12,48,16.03642388761895
12,49,13.098293900910333
12,50,10.999376953183257
12,51,7.724929933815834
12,52,9.798485901053038
12,53,10.014301841290681
12,54,12.050956398869284
12,55,14.98463679992423
12,56,17.702767524026278
12,57,21.255448645617342
12,58,22.486208015061457
12,59,25.93092393434904
12,60,26.483891504149558
12,61,29.704639016661645
12,62,31.034766997244272
12,63,34.25874993056164
12,64,36.151470215655394
12,65,38.25268035502394
12,66,36.00185148717771
12,67,39.99168434013836
12,68,41.55751412217069
12,69,39.65992789920078
12,70,36.048969641139095
12,71,34.26101271306972
12,72,31.617876054617508
12,73,28.996448471537533
12,74,26.317502227390648
12,75,23.029738455020397
12,76,19.68824706159347
12,77,16.504935223690644
12,78,12.762888776799558
12,79,11.755685379216239
12,80,8.138427629364614
12,81,6.631012090374092
12,82,8.20229010664308
12,83,9.223298525655634
12,84,12.814831325401872
12,85,15.583629234658241
12,86,19.06576011242235
12,87,20.928537249076633
12,88,21.455861286199312
12,89,22.897488145636842
13,1,14.359870525910242
13,2,14.726627394869054
13,3,12.006743743673406
13,4,10.053922682641527
13,5,8.676276122163214
13,6,5.023540678233369
13,7,6.83359863716951
13,8,9.316794874763051
13,9,8.0521634087663
13,10,9.501359657796819
13,11,6.73072941998328
13,12,3.7991015301733717
13,14,3.8116663026738755
13,15,6.731678415208202
13,16,9.70296456902246
13,17,13.287043052323272
13,18,15.408006962209283
13,19,19.001137058903772
13,20,22.113011338860698
13,21,25.431360522670822
13,22,27.102918110879894
13,23,24.61045706191987
13,24,24.315658457616955
13,25,21.847306115566653
13,26,21.79010269058286
13,27,18.197984167735278
13,28,15.357106017299355
13,29,11.747688868675034
13,30,9.533992377622164
13,31,5.976013462433003
13,32,5.340380249726662
13,33,4.2416448676470875
13,34,4.792274732926907
13,35,7.950734137812889
13,36,10.699125151614211
13,37,11.850181047910446
13,38,10.78948653010363
13,39,11.640183467530042
13,40,15.297067772916165
13,41,17.92131363443252
13,42,18.826244759852703
13,43,15.411011364139114
13,44,15.448377966823848
13,45,13.283982877124092
13,46,15.454447017496202
13,47,16.319811555408677
13,48,18.384265799987652
13,49,15.313437556061437
13,50,12.470000396653571
13,51,8.843789831604358
13,52,9.697032143488372
13,53,8.74898630333684
13,54,11.03585323926209
13,55,13.200057195242724
13,56,15.821225587229797
13,57,19.125818125221596
13,58,20.040682553747885
13,59,23.264328078031138
13,60,23.45097243223877
13,61,26.50865608230083
13,62,27.648698729486547
13,63,30.761501589166627
13,64,32.716345331045744
13,65,34.75164237521641
13,66,32.38636051960165
13,67,36.43098615697418
13,68,38.12392661941229
13,69,36.30863639555227
13,70,32.7665194469628
13,71,31.1183430901648
13,72,28.676284996874866
13,73,26.052433816143537
13,74,23.6402149026132
13,75,20.18755084100662
13,76,17.06975963999313
13,77,13.696068003945886
13,78,10.162930332222562
13,79,9.611606410140334
13,80,6.670679019382373
13,81,6.456601363327259
13,82,9.502014381823955
13,83,11.33342260061492
13,84,14.544013254132741
13,85,17.663041564058126
13,86,20.836232022414197
13,87,23.108807837588696
13,88,23.547737679839102
13,89,25.35476256972714
14,1,13.016124548859729
14,2,14.197071357661349
14,3,12.293687875572626
14,4,10.658589828374222
14,5,10.60163129917389
14,6,6.78898656580216
14,7,8.265837020151936
14,8,11.638393912357174
14,9,11.3116270407849
14,10,13.059030266831192
14,11,10.495612188070165
14,12,7.256379604958374
14,13,3.8116663026738755
14,15,3.8066741645372417
14,16,6.544930301649312
14,17,10.164786960877393
14,18,12.787067796352995
14,19,16.13554763264658
14,20,19.529916980994823
14,21,22.698460338915034
14,22,24.744583900047363
14,23,22.541532013595873
14,24,22.349022525437395
14,25,19.829731380267358
14,26,19.28060840943822
14,27,15.570229478009187
14,28,13.27046922917243
14,29,9.588892076801248
14,30,8.123958697927645
14,31,5.672215096458188
14,32,5.2918481116502685
14,33,6.423736434484551
14,34,6.247659193955314
14,35,10.049921183385537
14,36,13.031251520474047
14,37,14.797368870864675
14,38,14.204072519208282
14,39,14.804049167088712
14,40,18.552764463513373
14,41,21.05659588372447
14,42,21.53905308618448
14,43,17.894967088273113
14,44,17.93448176897226
14,45,15.900807001175409
14,46,18.479209180113617
14,47,19.226493807067147
14,48,21.647894142140267
14,49,18.743973966757135
14,50,15.709073419857818
14,51,12.191445092647236
14,52,12.59612580338054
14,53,11.016856001825518
14,54,13.241919611031564
14,55,14.534651540842123
14,56,16.76938630301971
14,57,19.688539017046068
14,58,20.010426955070244
14,59,22.819704338484982
14,60,22.386465267533485
14,61,25.07532197981396
14,62,25.97886599168451
14,63,28.828943990362013
14,64,31.013803602795708
14,65,32.92287644491796
14,66,30.2833792848256
14,67,34.12485858011923
14,68,36.094453048356414
14,69,34.563775697150206
14,70,31.183514883286474
14,71,29.902514186675003
14,72,27.78493669603505
14,73,25.31218582371594
14,74,23.381225145472072
14,75,19.804496761342783
14,76,17.17375791318168
14,77,13.606285761409413
14,78,10.713850330471907
14,79,10.451277306559493
14,80,8.703610798595184
14,81,9.639220718328126
14,82,13.061895731615982
14,83,15.061045706108041
14,84,18.11208569426703
14,85,21.242805665224495
14,86,24.24610840689765
14,87,26.70928606408351
14,88,27.192367342240622
14,89,29.102394728348276
15,1,11.529692870142847
15,2,12.667068087740986
15,3,11.689688325880443
15,4,11.21263405354476
15,5,11.699712190186371
15,6,8.40451695488794
15,7,10.701255933650144
15,8,13.988734975662092
15,9,13.753944051460605
15,10,16.003850421497425
15,11,13.319509168716877
15,12,10.329248573762467
15,13,6.731678415208202
15,14,3.8066741645372417
15,16,3.8085500830683485
15,17,6.849460259783137
15,18,9.627953140603294
15,19,12.85065791394242
15,20,16.20622173733059
15,21,19.225104323283464
15,22,21.310790813206307
15,23,19.015229415574954
15,24,18.653091853414995
15,25,16.081611708208147
15,26,15.569496196338083
15,27,11.831001152159246
15,28,9.597569121033123
15,29,5.880992232716743
15,30,5.337286374059652
15,31,4.664948715259379
15,32,6.223541244345163
15,33,8.877110123295964
15,34,9.72501464071641
15,35,13.411684464854654
15,36,15.973869811497474
15,37,18.00264450108258
15,38,17.439879770051817
15,39,18.281502843532387
15,40,21.962588159034574
15,41,24.404663418240798
15,42,25.119110361326452
15,43,21.525635946083433
15,44,21.677180006004164
15,45,19.570818635368504
15,46,21.951053551195596
15,47,22.460610292951646
15,48,24.695348557780317
15,49,21.556169895444846
15,50,18.312398180718713
15,51,14.665438023369695
15,52,14.165576512260065
15,53,11.636976392204186
15,54,13.149279651136398
15,55,13.535947549355596
15,56,15.083535053405845
15,57,17.630969727544297
15,58,17.35775251655871
15,59,19.84167171614747
15,60,19.07987781312766
15,61,21.595059815357544
15,62,22.57789559724984
15,63,25.398258926798636
15,64,27.77843921182595
15,65,29.768939253158077
15,66,27.148077948995166
15,67,30.51203188476288
15,68,32.46512523975468
15,69,31.043958699383936
15,70,27.70263991409805
15,71,26.625754417178733
15,72,24.592931661073006
15,73,22.362456428319565
15,74,20.748071882882986
15,75,17.26508503079757
15,76,15.132203395906725
15,77,11.42225191025399
15,78,9.343943412015104
15,79,9.00736019553239
15,80,8.734706441897778
15,81,10.937571928363072
15,82,14.668812468595142
15,83,17.294540370023125
15,84,20.158251727093788
15,85,23.571811093181164
15,86,26.46296390169725
15,87,28.94522615196193
15,88,29.07275096844742
15,89,31.042957356798784
16,1,14.157864104083119
16,2,15.538719989416283
16,3,15.130997690546755
16,4,14.922628655335762
16,5,15.488879204134346
16,6,12.162097656559336
16,7,14.302886414740572
16,8,17.680210617280796
16,9,17.285905083555406
16,10,19.193071000511342
16,11,16.191526540340327
16,12,13.470997687840987
16,13,9.70296456902246
16,14,6.544930301649312
16,15,3.8085500830683485
16,17,3.8148120404948993
16,18,6.444590379263477
16,19,9.626057709576408
16,20,13.11870944208289
16,21,16.270629607376513
16,22,18.467872099650823
16,23,16.632916017462442
16,24,16.882179939658723
16,25,14.608248946624965
16,26,13.32700632912108
16,27,9.773388931727919
16,28,8.16299523115176
16,29,5.404069515496106
16,30,5.178335317470192
16,31,6.428623435241103
16,32,7.138253812848357
16,33,10.594623134983118
16,34,11.476158602605608
16,35,14.954556602309143
16,36,17.17372204325499
16,37,19.800316605889968
16,38,19.88352871344194
16,39,21.04200260843643
16,40,24.807900672615048
16,41,27.490949476465268
16,42,27.994265342485672
16,43,24.340056356058703
16,44,24.081965377919595
16,45,21.702714279223166
16,46,24.081316628733912
16,47,24.127644390732538
16,48,26.581504734305263
16,49,23.568444092098364
16,50,20.068270438928913
16,51,16.66247088608457
16,52,15.732065458125229
16,53,13.08961653943
16,54,14.812448104888164
16,55,14.385461958190891
16,56,15.819848842510382
16,57,17.708049773818207
16,58,17.217253748900095
16,59,19.186504342605414
16,60,17.86120639884801
16,61,19.96471413879561
16,62,20.37468530112951
16,63,22.882061896102616
16,64,25.200387700107484
16,65,26.95133822995328
16,66,24.10021771456088
16,67,27.9551243763538
16,68,30.165643803951497
16,69,28.83196864610025
16,70,25.670220091204737
16,71,24.76066685029856
16,72,23.184813529467643
16,73,20.871794202909296
16,74,19.733887053588287
16,75,16.13456125795112
16,76,14.518665723326613
16,77,11.20985720060737
16,78,10.09696288487822
16,79,10.911599294394957
16,80,11.418198332878674
16,81,13.48522993759545
16,82,17.306387825968482
16,83,19.81422177495716
16,84,22.284116104383767
16,85,25.640393200739528
16,86,28.179980858727436
16,87,30.975048034731337
16,88,31.24438902544685
16,89,33.5207767108107
17,1,14.688688194502397
17,2,16.115580806504212
17,3,16.58365432164339
17,4,17.075007004386144
17,5,18.04914383632055
17,6,15.107722655926493
17,7,17.399065125296065
17,8,20.749296289360394
17,9,20.526974119036193
17,10,22.697407109158604
17,11,19.724347136097837
17,12,17.028324841928654
17,13,13.287043052323272
17,14,10.164786960877393
17,15,6.849460259783137
17,16,3.8148120404948993
17,18,3.8318730894799895
17,19,6.172246057922939
17,20,9.811330780963587
17,21,12.66168140452127
17,22,15.13445722237902
17,23,13.487017452136149
17,24,13.73926787164611
17,25,11.550452928298878
17,26,9.780853916063268
17,27,6.2985370288259865
17,28,5.860270498619577
17,29,4.756161323677602
17,30,6.48708451566199
17,31,9.213996029737388
17,32,10.575146323084603
17,33,14.20872408033494
17,34,15.2867074437909
17,35,18.721443896038274
17,36,20.77853889853589
17,37,23.498063194336247
17,38,23.581799879579908
17,39,24.773111259260258
17,40,28.514956159406815
17,41,31.128311351961198
17,42,31.697759500775785
17,43,28.037425441126246
17,44,27.875025666551334
17,45,25.516150772876507
17,46,27.854432811587692
17,47,27.80537422166301
17,48,30.184678042089157
17,49,27.08863281110196
17,50,23.52295346840621
17,51,20.115311062038447
17,52,18.785918582041276
17,53,15.767142679063378
17,54,16.926319503548033
17,55,15.755415057068115
17,56,16.415879221607
17,57,17.640719070264332
17,58,16.4180319312855
17,59,17.688889466264477
17,60,15.718435766195613
17,61,17.280525297212037
17,62,17.53749226396247
17,63,19.77905821467802
17,64,22.376256847405028
17,65,24.10111087275996
17,66,21.14569474342544
17,67,24.433407349237296
17,68,26.776781432380083
17,69,25.701376268115265
17,70,22.716516182692644
17,71,22.224844219757827
17,72,20.988325115342498
17,73,19.05837329928
17,74,18.56231134868624
17,75,15.236403831752641
17,76,14.52610417938067
17,77,11.558938691942501
17,78,11.66615023262021
17,79,12.454619866958753
17,80,13.920737132346039
17,81,16.49080140406304
17,82,20.317871985783192
17,83,23.093300435188354
17,84,25.437778204984472
17,85,28.904076413668445
17,86,31.341504323504612
17,87,34.13900208381629
17,88,34.19665784297698
17,89,36.49667322729823
18,1,17.819179075282744
18,2,18.72375039209277
18,3,19.216678452453703
18,4,20.004487344238484
18,5,20.518378261336874
18,6,17.654044845835312
18,7,20.310009802303963
18,8,23.439064662252996
18,9,22.718202751058463
18,10,24.65102101186618
18,11,21.360756848603152
18,12,19.178533406685535
18,13,15.408006962209283
18,14,12.787067796352995
18,15,9.627953140603294
18,16,6.444590379263477
18,17,3.8318730894799895
18,19,3.824570399181732
18,20,6.783851191297985
18,21,10.241829398798304
18,22,12.106526432469973
18,23,10.546310641819291
18,24,11.594855138342169
18,25,10.039216224765926
18,26,8.025724307602426
18,27,5.6042891290979515
18,28,5.127438710196287
18,29,6.153452304880832
18,30,7.019998322507276
18,31,10.411324613152889
18,32,11.636528455032208
18,33,15.455197630727572
18,34,17.1244934183715
18,35,20.16890394243123
18,36,21.620339797689184
18,37,24.61795013044597
18,38,25.05859717798112
18,39,26.736596889935132
18,40,30.435317480712015
18,41,33.291854343157766
18,42,34.03033856908913
18,43,30.46624117800744
18,44,29.99204781201855
18,45,27.29445651337878
18,46,29.29080228669014
18,47,28.766564426408074
18,48,30.99683026007725
18,49,27.859789950174495
18,50,24.143178327676257
18,51,20.959310943096252
18,52,19.021183533771598
18,53,15.843341459933644
18,54,16.796296689060373
18,55,14.873373070723686
18,56,15.28334060367598
18,57,15.777548795417829
18,58,14.543604952585406
18,59,15.374639366321137
18,60,13.182867978109458
18,61,14.578428883979477
18,62,14.354086696208437
18,63,16.586866022722933
18,64,18.899159315548452
18,65,20.567772852722218
18,66,17.679152331506195
18,67,21.780487970322206
18,68,24.053429816820433
18,69,22.70825711583295
18,70,19.717558648671275
18,71,19.037293708932044
18,72,18.052077691889977
18,73,15.913443016701809
18,74,15.711619553641029
18,75,12.423661805130665
18,76,12.285995284087699
18,77,10.114420429084161
18,78,11.28417970220192
18,79,12.930182385225635
18,80,14.995718934548165
18,81,17.46656154723449
18,82,21.19814413693822
18,83,24.001971054001956
18,84,25.869273207879857
18,85,29.333682613756096
18,86,31.407342581808678
18,87,34.35406116364636
18,88,34.32554068238415
18,89,36.8706113151278
19,1,19.522229639209286
19,2,20.642723282574874
19,3,21.71376081759862
19,4,22.76889231499934
19,5,23.669098521027326
19,6,20.948023188389953
19,7,23.479472982070455
19,8,26.707591163480117
19,9,26.23852472380236
19,10,28.315480300859196
19,11,25.10306501634554
19,12,22.776051498890897
19,13,19.001137058903772
19,14,16.13554763264658
19,15,12.85065791394242
19,16,9.626057709576408
19,17,6.172246057922939
19,18,3.824570399181732
19,20,3.8386731039664386
19,21,6.749946393904249
19,22,9.28603144063756
19,23,8.58027527061056
19,24,10.000471448159207
19,25,8.966896993107632
19,26,5.771595930045654
19,27,4.812724145057454
19,28,6.757480365945927
19,29,8.919906434056408
19,30,10.637004875318457
19,31,14.124654292126051
19,32,15.40829164439599
19,33,19.220612682600546
19,34,20.692072978484315
19,35,23.792308341223684
19,36,25.295308934789656
19,37,28.355911761359657
19,38,28.825204189930663
19,39,30.401396541157663
19,40,34.124824037357975
19,41,36.91483685434182
19,42,37.56312269893468
19,43,33.93943113381125
19,44,33.52597605445682
19,45,30.905004444230045
19,46,33.006444369009856
19,47,32.48012138406131
19,48,34.7750364834722
19,49,31.66980776873728
19,50,27.94322149430305
19,51,24.780784259892634
19,52,22.812317088300286
19,53,19.59207068037798
19,54,20.33549049869507
19,55,18.13351858355602
19,56,18.044085079917096
19,57,17.97261818037242
19,58,16.149246843067758
19,59,16.103731884304523
19,60,13.167107331787978
19,61,13.538653258651271
19,62,12.796120906694
19,63,14.33127251316853
19,64,16.973601945719164
19,65,18.418097116445246
19,66,15.245696458936216
19,67,18.753786939696493
19,68,21.366955287082842
19,69,20.47194523414357
19,70,17.883602531981488
19,71,17.886173296041516
19,72,17.56718803056193
19,73,15.99542785867758
19,74,16.68419194135491
19,75,13.94525108299721
19,76,14.736886125123712
19,77,13.091297393477559
19,78,14.802132331500978
19,79,16.24848535877448
19,80,18.574865046351125
19,81,21.213604602752653
19,82,24.93946299839408
19,83,27.805622720478745
19,84,29.658215796751026
19,85,33.12956008238275
