1,2,3.8727040130412624
1,3,5.596813589139329
1,4,6.074468429148305
1,5,7.312752676863609
1,6,9.362893876673711
1,7,11.166975921900539
1,8,13.403056760888381
1,9,12.218793069817858
1,10,14.377125650150653
1,11,17.070529715773798
1,12,17.969831947950908
1,13,21.313878609813585
1,14,19.530056237484146
1,15,16.477891661270306
1,16,13.852524863299129
1,17,11.61621377752756
1,18,8.517045691776854
1,19,9.675770512026734
1,20,8.845377051619623
1,21,11.701277831868405
1,22,12.99353365514208
1,23,15.874953922364213
1,24,17.43463753641467
1,25,19.978368439491312
1,26,17.51192289949237
1,27,15.715381035472593
1,28,12.71715060452057
1,29,12.869961826480163
1,30,9.493602311250797
1,31,8.956322134923518
1,32,6.975121020383553
1,33,10.099921910817752
1,34,11.396339649311653
1,35,14.40435854234315
1,36,16.884714515965502
1,37,17.817935164283895
1,38,21.5081658758141
1,39,24.194517068146705
1,40,25.649355317069027
1,41,24.26320042753957
1,42,24.522893021526034
1,43,27.814120467259297
1,44,29.38636988747462
1,45,30.465920256471925
1,46,27.064644606945524
1,47,28.19985545061721
1,48,26.76347240405068
1,49,29.118050078453816
1,50,30.14945811126901
1,51,31.919393936960383
1,52,28.541777002163528
1,53,25.621489243366486
1,54,21.806033095516046
1,55,21.03151022596267
1,56,17.90073528719013
1,57,17.719730487566846
1,58,17.45578362164619
1,59,17.39611624679701
1,60,19.361300487557
1,61,17.57567533146712
1,62,19.252644855488004
1,63,17.891430313044346
1,64,19.640019405057696
1,65,21.36933121659802
1,66,23.936346871951145
1,67,27.07704084465271
1,68,29.31724924984999
1,69,26.81103137602143
1,70,30.024420682450998
1,71,28.89219457762965
1,72,25.680149463628858
1,73,25.44545380780248
1,74,23.484428797307302
1,75,22.40424564975149
1,76,21.51992647692702
1,77,18.90351545004259
1,78,18.07747467609597
1,79,14.516482119057521
1,80,13.950773101215614
1,81,11.93702319798722
1,82,13.252945399934516
1,83,16.67785676324378
1,84,19.913484295317396
1,85,23.193786249147617
1,86,26.248036144916842
1,87,29.871959701934365
1,88,33.05544345380993
1,89,34.92321678448537
1,90,34.28011154032696
1,91,35.559220272468515
2,1,3.8727040130412624
2,3,3.887672309135852
2,4,5.387071876784329
2,5,5.037043104057575
2,6,6.000706298358979
2,7,8.084990397390284
2,8,9.82988805441629
2,9,9.125265253726846
2,10,11.70426379367142
2,11,13.9204655345202
2,12,14.589272149548382
2,13,18.06762738702313
2,14,16.481504250170712
2,15,13.700873680052029
2,16,11.562029097128237
2,17,10.301173965432673
2,18,7.857046348180207
2,19,10.29622650780926
2,20,10.675914303533165
2,21,13.3495924307366
2,22,15.428270032169978
2,23,18.233248666855637
2,24,20.21232010550317
2,25,22.340455819697024
2,26,19.47883029978232
2,27,17.604203067205667
2,28,14.610496382029527
2,29,15.39108327592045
2,30,11.986348631266305
2,31,10.24370075849916
2,32,7.519980256303657
2,33,9.493768210941566
2,34,9.719991794253504
2,35,12.98528907427919
2,36,14.837358939481994
2,37,16.02726754567136
2,38,19.482878627385638
2,39,22.052108004849114
2,40,23.103881727161706
2,41,21.3733734304721
2,42,21.639152453855658
2,43,24.75319895527192
2,44,26.24951105844192
2,45,27.646846215082928
2,46,24.430502758285414
2,47,25.690151119089776
2,48,24.294070755866134
2,49,26.385516837107794
2,50,27.543018371428868
2,51,29.01239066656094
2,52,25.560289203771834
2,53,22.858980096015483
2,54,19.05203709221487
2,55,18.397964013941255
2,56,15.431806870505861
2,57,14.988195000387142
2,58,15.324917944174743
2,59,15.494079633133456
2,60,18.052916497834328
2,61,16.820943088986287
2,62,19.14136942195008
2,63,18.533596372910022
2,64,20.884322421841603
2,65,22.948076468458943
2,66,25.90206629030658
2,67,28.8013301298874
2,68,31.212373324582583
2,69,28.947946146797232
2,70,32.17031517219447
2,71,30.686632474718355
2,72,27.24947313736731
2,73,26.56386784725944
2,74,24.143703692039345
2,75,22.837123183489275
2,76,21.33413141760492
2,77,18.6532870419251
2,78,17.169068071116477
2,79,13.45982817534799
2,80,12.170329115187915
2,81,9.421145740534785
2,82,10.238218836123407
2,83,13.652799083517113
2,84,16.591596949312418
2,85,19.924627861990114
2,86,23.056046554299016
2,87,26.66304089315067
2,88,29.961569822976433
2,89,31.598432311132974
2,90,30.829933844818378
2,91,31.93705506791764
3,1,5.596813589139329
3,2,3.887672309135852
3,4,3.8664505409074064
3,5,5.606449048869537
3,6,5.492681982296709
3,7,5.896319785826213
3,8,8.702650115505634
3,9,7.747020295218836
3,10,9.177021396246088
3,11,11.794989403754018
3,12,13.302134480267158
3,13,16.774636847224524
3,14,15.669086674009842
3,15,12.372006164146358
3,16,10.656193609509529
3,17,9.177203362637488
3,18,7.820210466875519
3,19,10.724521490400589
3,20,11.808723817676142
3,21,15.123161321465208
3,22,17.255376778641782
3,23,20.489517919599454
3,24,22.515874635890793
3,25,25.007375666939673
3,26,22.463424751958865
3,27,20.862903546864345
3,28,17.867410462325548
3,29,18.082560364210547
3,30,14.45833620092284
3,31,13.073540442714252
3,32,9.869454513379576
3,33,11.385995643826043
3,34,10.753844175575853
3,35,13.21718118475067
3,36,14.532027239498412
3,37,14.797387055933523
3,38,18.335450543685145
3,39,21.371606342961886
3,40,22.173950402120674
3,41,20.28490392779491
3,42,19.94049228483408
3,43,23.046449379131545
3,44,24.277975982118793
3,45,25.296859422334077
3,46,21.986319301603647
3,47,23.504337641335972
3,48,22.531786178325003
3,49,24.998361260764696
3,50,26.56274498104878
3,51,28.286654399799072
3,52,25.1025526700194
3,53,22.62262002385824
3,54,18.882914255902886
3,55,18.996584181598323
3,56,16.59297932684507
3,57,16.81717240321014
3,58,17.76710786480765
3,59,18.545395809009726
3,60,21.347948697509537
3,61,20.415274408674136
3,62,22.830651742384998
3,63,22.119565203349442
3,64,24.38700048626793
3,65,26.18353263286244
3,66,28.97813455529182
3,67,31.893510249006574
3,68,34.14476284552626
3,69,31.622782710262175
3,70,35.384893221035
3,71,34.034618837556444
3,72,30.670679568991762
3,73,30.04877293942478
3,74,27.7617516463009
3,75,26.288674328830055
3,76,24.75599391913656
3,77,21.824962937018267
3,78,20.08437063096218
3,79,16.26088467328833
3,80,14.36254248044879
3,81,11.838562241796616
3,82,11.476833981677515
3,83,14.211228326459507
3,84,17.03473539759424
3,85,19.908132875789054
3,86,23.357103827656935
3,87,26.738574768574985
3,88,30.21713766044728
3,89,31.823367314352733
3,90,31.39195456957966
3,91,32.36240516918701
4,1,6.074468429148305
4,2,5.387071876784329
4,3,3.8664505409074064
4,5,3.8607760721426434
4,6,5.883311893260119
4,7,7.488915118752936
4,8,10.835288586134572
4,9,10.975944397040797
4,10,12.008918495467976
4,11,14.035140139465854
4,12,15.991510806296574
4,13,19.668648655542782
4,14,18.9842236223808
4,15,15.820531265309496
4,16,14.432217083258415
4,17,13.023635346985547
4,18,11.422059792847744
4,19,13.890773103996004
4,20,14.183110030108748
4,21,17.409745116415873
4,22,18.93210030790431
4,23,21.932239522220048
4,24,23.39094266718863
4,25,25.99281027825111
4,26,23.4651927276962
4,27,21.379861231257415
4,28,18.363131637981496
4,29,18.833306523697498
4,30,15.559343631241367
4,31,14.787547493959648
4,32,12.243741036783913
4,33,14.44350429197728
4,34,14.290553504245786
4,35,16.993145035154573
4,36,18.34210006304596
4,37,18.601732486615404
4,38,22.08894796252828
4,39,25.138368532477973
4,40,25.756532010526318
4,41,23.62450635531845
4,42,23.020260151784
4,43,25.874053007468365
4,44,26.693709713437613
4,45,27.79349859731741
4,46,24.66255240258886
4,47,26.54482049198705
4,48,25.881280126826095
4,49,28.322261532161388
4,50,30.080327921764393
4,51,31.64655435813374
4,52,28.451699948323085
4,53,26.14071289600215
4,54,22.423239932077554
4,55,22.483450094408752
4,56,19.975778676669332
4,57,19.73736464071258
4,58,20.505756604532742
4,59,20.71998045225706
4,60,23.32761667452371
4,61,21.934476676352446
4,62,24.033139087661574
4,63,23.195620107109598
4,64,25.137698675216765
4,65,27.181946987622315
4,66,29.817792100642894
4,67,32.994701158923625
4,68,35.30906390020816
4,69,32.863427385207714
4,70,35.515569359034245
4,71,34.467368799074464
4,72,31.243527553902776
4,73,30.991607786487634
4,74,28.75736209857665
4,75,27.765592916690764
4,76,26.502850697432624
4,77,23.927707025442864
4,78,22.55229696477673
4,79,18.835711579171324
4,80,17.37215220317753
4,81,14.522526694584256
4,82,14.598057785781595
4,83,17.51439626455467
4,84,20.066778148717365
4,85,23.029144229581757
4,86,26.497935184869323
4,87,29.87212818510384
4,88,33.42253284269666
4,89,34.78436854843383
4,90,34.10476499224725
4,91,34.79329664746535
5,1,7.312752676863609
5,2,5.037043104057575
5,3,5.606449048869537
5,4,3.8607760721426434
5,6,3.8566846011333165
5,7,7.1823226606728925
5,8,9.640701767561346
5,9,10.736955586182198
5,10,12.506022250647762
5,11,13.728359453759564
5,12,15.159373393119832
5,13,18.974821207240723
5,14,18.350602887355265
5,15,15.754453909484393
5,16,14.673097748259583
5,17,14.07805045489611
5,18,12.422488920236418
5,19,15.171257889602687
5,20,15.526013024284135
5,21,18.251709989945727
5,22,20.006215354800208
5,23,22.640379538021904
5,24,24.17741262718106
5,25,26.320531214117096
5,26,23.37820359656053
5,27,20.963436023282025
5,28,17.985819480301885
5,29,19.213659193498014
5,30,16.16339543277349
5,31,14.791919720921003
5,32,12.471870209800084
5,33,14.366575139419838
5,34,14.101872325726
5,35,17.243281143724058
5,36,18.38478763862003
5,37,19.269144242772352
5,38,22.488255134883946
5,39,25.170431660425983
5,40,25.564666821870205
5,41,23.203706594570832
5,42,22.873514794131644
5,43,25.501970411953483
5,44,26.29976924860457
5,45,27.91415394069094
5,46,25.044521749233724
5,47,26.953491654967237
5,48,26.15280955783497
5,49,28.151615970134394
5,50,29.81579876291334
5,51,30.946664687276556
5,52,27.565449589972243
5,53,25.3830568096744
5,54,21.704783971983073
5,55,21.453832434928977
5,56,18.843937733182464
5,57,17.9340312130184
5,58,18.748168774409372
5,59,18.58345419196793
5,60,21.296636942901692
5,61,19.989039576351328
5,62,22.278240392526342
5,63,21.964789135456783
5,64,24.1971802333948
5,65,26.66730045084388
5,66,29.583879116560745
5,67,32.648040044526894
5,68,35.18038580664082
5,69,33.08393402604708
5,70,35.096177595939324
5,71,33.811719495747596
5,72,30.450115050813906
5,73,29.97228022506011
5,74,27.394624453249673
5,75,26.52544405514297
5,76,24.987744566728036
5,77,22.69868566300466
5,78,21.20616172724405
5,79,17.652579201076403
5,80,16.251097647275195
5,81,12.895293543094802
5,82,13.220813431703094
5,83,16.304226985006846
5,84,18.475907629437806
5,85,21.675104194933844
5,86,24.987844241815115
5,87,28.42529961700973
5,88,31.95226692924743
5,89,33.05733262173936
5,90,32.00453405081574
5,91,32.52988277628449
6,1,9.362893876673711
6,2,6.000706298358979
6,3,5.492681982296709
6,4,5.883311893260119
6,5,3.8566846011333165
6,7,3.8116959035815974
6,8,5.827036842488063
6,9,7.515065017945268
6,10,9.228431898257929
6,11,10.00666936024101
6,12,11.378912000182504
6,13,15.219175005465608
6,14,14.881812609275798
6,15,12.463179373311654
6,16,12.036520862405872
6,17,12.264307047529536
6,18,11.558647751627253
6,19,14.93140568611976
6,20,16.205432731054703
6,21,18.985163834947286
6,22,21.339485713891854
6,23,24.17019887950747
6,24,26.191783208396433
6,25,28.212010737062684
6,26,25.187298804952636
6,27,23.10070005406057
6,28,20.143553016122713
6,29,21.28795506564018
6,30,17.96474802774533
6,31,15.96325554678184
6,32,13.028897289605352
6,33,13.931992000648902
6,34,12.665722312701211
6,35,15.43721703711183
6,36,15.861026508501478
6,37,16.62881333957049
6,38,19.551305114364105
6,39,22.198848540858688
6,40,22.236398421082544
6,41,19.65157137979233
6,42,19.201347276901416
6,43,21.713028004004205
6,44,22.4881069810347
6,45,24.216100824782647
6,46,21.44656365179572
6,47,23.398581061191617
6,48,22.67968340308219
6,49,24.55677802049746
6,50,26.370350924059444
6,51,27.390287180692734
6,52,24.08509237427142
6,53,22.138453037848603
6,54,18.571224129416994
6,55,18.720015227826817
6,56,16.575598925026554
6,57,15.90400708637049
6,58,17.435034108833058
6,59,17.902094549612425
6,60,21.089516550534665
6,61,20.470097327289295
6,62,23.256814065687955
6,63,23.347626355831036
6,64,25.9920286704637
6,65,28.378886881395104
6,66,31.503634996011655
6,67,34.31345265685652
6,68,36.84110350025775
6,69,34.74179523420204
6,70,37.53511321830426
6,71,35.95903374554805
6,72,32.44313974619583
6,73,31.56563784866445
6,74,28.792903527395502
6,75,27.499693768689667
6,76,25.506318991262024
6,77,22.95213642218236
6,78,20.868378018676704
6,79,17.25368891295551
6,80,15.102617623977544
6,81,11.665842690173656
6,82,10.945449810481993
6,83,13.47890681153284
6,84,15.312869822642709
6,85,18.27692698873594
6,86,21.72185578758067
6,87,25.023227668588113
6,88,28.651442921087984
6,89,29.654208171950902
6,90,28.740291174492903
6,91,29.192305074066418
7,1,11.166975921900539
7,2,8.084990397390284
7,3,5.896319785826213
7,4,7.488915118752936
7,5,7.1823226606728925
7,6,3.8116959035815974
7,8,3.8469496332919695
7,9,5.210968487914194
7,10,5.676154190496464
7,11,6.672261035908633
7,12,8.779439886952575
7,13,12.520544127348316
7,14,12.583485899272933
7,15,9.827447299771435
7,16,10.053256904439674
7,17,10.600634968535983
7,18,11.059053359910884
7,19,14.722003202336884
7,20,16.726599703074786
7,21,19.78666472482183
7,22,22.430219035632533
7,23,25.586144262943325
7,24,27.89356820081845
7,25,30.077043520322196
7,26,27.243699294296245
7,27,25.55829569239137
7,28,22.60107791899869
7,29,23.28671320416886
7,30,19.695613330652723
7,31,17.624080690773305
7,32,14.201243875722572
7,33,14.48249541429453
7,34,12.433147450878739
7,35,14.388866707500785
7,36,14.157642148809943
7,37,14.202254049442312
7,38,16.987316724734377
7,39,19.919761610355902
7,40,19.702912444272247
7,41,17.017742555884777
7,42,16.099482006424527
7,43,18.651322682188496
7,44,19.350509265250196
7,45,20.769690954025187
7,46,17.886023365836973
7,47,19.953960088376725
7,48,19.509159900016414
7,49,21.643243548806083
7,50,23.751604667997128
7,51,24.997118515851486
7,52,21.95436023572525
7,53,20.203276994240433
7,54,16.767708418909983
7,55,17.64141164943287
7,56,16.11976145160159
7,57,16.215068972406904
7,58,18.292550077648507
7,59,19.496028061453643
7,60,22.90482328652642
7,61,22.72314000079127
7,62,25.706483810554595
7,63,25.767448517857567
7,64,28.509410865434997
7,65,30.597090432712267
7,66,33.696320025475174
7,67,36.38613868483918
7,68,38.77662410593753
7,69,36.47601010822442
7,70,40.173649358430396
7,71,38.536810181546244
7,72,34.99824871759692
7,73,33.980165168361786
7,74,31.276287458660736
7,75,29.627443778777685
7,76,27.485432994259092
7,77,24.59116063057543
7,78,22.162132281058206
7,79,18.46501198809601
7,80,15.726408561853829
7,81,12.730107661619586
7,82,10.925433257552855
7,83,12.588416744678632
7,84,14.296806571011345
7,85,16.70001205318113
7,86,20.38203073402007
7,87,23.434518660117146
7,88,27.17000436209453
7,89,28.233694098645806
7,90,27.750019062834596
7,91,28.213081276506575
8,1,13.403056760888381
8,2,9.82988805441629
8,3,8.702650115505634
8,4,10.835288586134572
8,5,9.640701767561346
8,6,5.827036842488063
8,7,3.8469496332919695
8,9,3.8632195185216887
8,10,5.344621468002549
8,11,4.9126946192876595
8,12,5.563351519903824
8,13,9.413964693106537
8,14,9.511622247695033
8,15,7.617343627512605
8,16,8.685731124079368
8,17,10.565429271224712
8,18,11.571305747073811
8,19,15.356422334679037
8,20,17.792471556190236
8,21,20.405844274098513
8,22,23.454422921057475
8,23,26.433411603942435
8,24,29.065147274876416
8,25,30.870692715690794
8,26,27.84088317785206
8,27,26.3028852147581
8,28,23.476091732426365
8,29,24.41909241658749
8,30,20.89304060614509
8,31,18.231732755213066
8,32,14.801266848234556
8,33,14.17967211804891
8,34,11.494689349763458
8,35,13.222270255153598
8,36,12.27796920524018
8,37,12.827558689190417
8,38,15.033524356999791
8,39,17.50991457263976
8,40,16.963865943335023
8,41,14.069455612557004
8,42,13.536857496317786
8,43,15.951323095771482
8,44,16.920530220832738
8,45,18.831027444902084
8,46,16.1781038639844
8,47,18.00502272309219
8,48,17.276808797963835
8,49,18.909656260075568
8,50,20.88732445991798
8,51,21.771397083334136
8,52,18.603669009197144
8,53,17.025004096447276
8,54,13.722912417876232
8,55,14.643452126714479
8,56,13.512175599967387
8,57,13.488774175262298
8,58,16.10174498710379
8,59,17.636344275906737
8,60,21.296867888969338
8,61,21.70954334288029
8,62,25.03099827921578
8,63,25.59692055106034
8,64,28.690916360245698
8,65,30.841299114871322
8,66,34.16724896676694
8,67,36.561067003229596
8,68,39.01693673023516
8,69,36.92430027210222
8,70,40.89189393265165
8,71,38.92961863638432
8,72,35.26053297280034
8,73,33.847580911570574
8,74,30.912561995486886
8,75,29.017412094600473
8,76,26.472664060917314
8,77,23.58925118211842
8,78,20.74923381201962
8,79,17.285155502870914
8,80,14.158208109066504
8,81,11.201134118248115
8,82,8.659673779453968
8,83,9.615125373360401
8,84,10.730309015980485
8,85,13.088755096360977
8,86,16.737347104315827
8,87,19.773732259219912
8,88,23.523937324576192
8,89,24.470055659056566
8,90,23.91194913641059
8,91,24.385777249921105
9,1,12.218793069817858
9,2,9.125265253726846
9,3,7.747020295218836
9,4,10.975944397040797
9,5,10.736955586182198
9,6,7.515065017945268
9,7,5.210968487914194
9,8,3.8632195185216887
9,10,3.8212433716603322
9,11,5.858346278330135
9,12,5.9079590569063205
9,13,9.136154736376316
9,14,8.018868405079921
9,15,5.024343107499225
9,16,5.033286271105689
9,17,6.755543778874721
9,18,8.294207289873405
9,19,12.06103322278542
9,20,14.917822109636441
9,21,17.582603182735262
9,22,20.803339971028628
9,23,23.9611654678516
9,24,26.823972647585133
9,25,28.725323171865806
9,26,25.9364456787318
9,27,24.85763702137042
9,28,22.088760386028092
9,29,22.534311506232847
9,30,18.861212975980543
9,31,16.19870280130716
9,32,12.51217224979393
9,33,11.483089258488652
9,34,8.498658259078645
9,35,9.73770304589267
9,36,9.001660256885062
9,37,9.35108449064208
9,38,12.064189698718748
9,39,14.841062714623735
9,40,14.95087935205359
9,41,12.689670039285307
9,42,12.547952698557499
9,43,15.653452192441515
9,44,17.300677565502074
9,45,18.681063849243067
9,46,15.519057764207307
9,47,16.739738477214317
9,48,15.513947432774312
9,49,17.56365938426387
9,50,19.207093277773602
9,51,20.671462665303306
9,52,17.517542102443844
9,53,15.369036351825685
9,54,11.80260656237822
9,55,12.732527749234169
9,56,11.484835130243457
9,57,12.372021500535666
9,58,14.770271252527422
9,59,16.806167046206163
9,60,20.334937127852815
9,61,20.821840705264687
9,62,24.079337145970193
9,63,24.328888042392744
9,64,27.367224647239524
9,65,29.11324375641727
9,66,32.33202753459431
9,67,34.62269914797175
9,68,36.9035291566921
9,69,34.607812129717566
9,70,39.490793833422444
9,71,37.50896642224396
9,72,33.874352400467146
9,73,32.4197648260333
9,74,29.7128485274889
9,75,27.5188502801151
9,76,25.081042407063528
9,77,21.859097500010552
9,78,18.99610337029394
9,79,15.417160271101983
9,80,12.10841272316775
9,81,9.896586068454168
9,82,7.085524749650255
9,83,7.981915987762969
9,84,10.177513012429584
9,85,12.492985244609399
9,86,16.128233312673487
9,87,19.28355861398142
9,88,22.879246000404024
9,89,24.405740604365544
9,90,24.284359987122123
9,91,25.303177045432335
10,1,14.377125650150653
10,2,11.70426379367142
10,3,9.177021396246088
10,4,12.008918495467976
10,5,12.506022250647762
10,6,9.228431898257929
10,7,5.676154190496464
10,8,5.344621468002549
10,9,3.8212433716603322
10,11,3.843776153724222
10,12,5.829499132810533
10,13,8.59391627332799
10,14,8.705589746250412
10,15,5.455191025973002
10,16,6.819482538821998
10,17,8.212432193418522
10,18,10.583654514660015
10,19,14.182734727644846
10,20,17.188926617480114
10,21,20.200240324306424
10,22,23.292201830008445
10,23,26.684648958427132
10,24,29.48092905686728
10,25,31.65757727800796
10,26,29.07739908464078
10,27,28.070097698737353
10,28,25.24624211119355
10,29,25.39257844686955
10,30,21.614461980745773
10,31,19.30177412266747
10,32,15.518328729224994
10,33,14.656526873684514
10,34,11.643697066544185
10,35,12.045694424541656
10,36,10.713228547354271
10,37,9.672931006179418
10,38,12.079054746719677
10,39,15.30585745197426
10,40,14.912832489811317
10,41,12.407345442912431
10,42,11.15589731105302
10,43,14.103342417946717
10,44,15.263510917029723
10,45,16.134732093829772
10,46,12.854560463130055
10,47,14.580216571526503
10,48,14.113152713563528
10,49,16.626365450589702
10,50,18.881670876787087
10,51,20.577501938687423
10,52,17.912462869223898
10,53,16.26639312722468
10,54,13.121612284375269
10,55,14.961990509862494
10,56,14.446352978188946
10,57,15.755860397326853
10,58,18.366280086719392
10,59,20.57468076702372
10,60,24.111518020961686
10,61,24.613814088032292
10,62,27.825200350295397
10,63,27.92484804751422
10,64,30.842685946117136
10,65,32.45910076751954
10,66,35.54739530196672
10,67,37.90710395489328
10,68,40.08284313380272
10,69,37.60278206400681
10,70,42.72585007905669
10,71,40.8808407671184
10,72,37.30515885345547
10,73,35.96548576587515
10,74,33.36397156750752
10,75,31.151536664512005
10,76,28.78375511762792
10,77,25.476307199222628
10,78,22.60792913483319
10,79,19.03479066683032
10,80,15.665647031641914
10,81,13.690508061348783
10,82,10.716630030469604
10,83,10.813792456657392
10,84,12.396207159253322
10,85,13.806139483074972
10,86,17.577475439236498
10,87,20.251408579687407
10,88,23.946874370335173
10,89,25.323052945293416
10,90,25.566200031227886
10,91,26.334347894501594
11,1,17.070529715773798
11,2,13.9204655345202
11,3,11.794989403754018
11,4,14.035140139465854
11,5,13.728359453759564
11,6,10.00666936024101
11,7,6.672261035908633
11,8,4.9126946192876595
11,9,5.858346278330135
11,10,3.843776153724222
11,12,3.814024421885792
11,13,6.738714728498332
11,14,8.363009401572743
11,15,6.634072761312382
11,16,9.31052154406135
11,17,11.595278371515708
11,18,13.874160226777798
11,19,17.576125524176142
11,20,20.541943565403315
11,21,23.359616946407613
11,22,26.537655373641577
11,23,29.773634864096106
11,24,32.57563562451437
11,25,34.55518812501839
11,26,31.745873669603025
11,27,30.519680519836786
11,28,27.700657151892262
11,29,28.245160756464294
11,30,24.557309063361835
11,31,22.001748101297636
11,32,18.32742069596
11,33,17.291812401615108
11,34,14.085478578910642
11,35,14.594805877906602
11,36,12.623848243894143
11,37,11.928986990164663
11,38,13.425938143705514
11,39,16.155097687514996
11,40,14.889440916120856
11,41,11.66711927293577
11,42,9.968192959398275
11,43,12.12521398226297
11,44,12.689256933352423
11,45,14.210222968751369
11,46,11.551397146992665
11,47,13.827629262593073
11,48,13.8440784885928
11,49,15.760091117274236
11,50,18.39326360718225
11,51,19.46388779887192
11,52,16.88957911124503
11,53,15.961789889855497
11,54,13.245181235050934
11,55,15.376722738138975
11,56,15.376075710989598
11,57,16.227546453905152
11,58,19.300969525722724
11,59,21.44343121059884
11,60,25.17611009782448
11,61,25.950791987896533
11,62,29.359779616934706
11,63,29.882860274125488
11,64,32.99307492132504
11,65,34.88222986426133
11,66,38.13832419757503
11,67,40.432218940307436
11,68,42.74173875603097
11,69,40.46552643515609
11,70,45.167999020488416
11,71,43.19579261847667
11,72,39.53785838012885
11,73,38.044332472339875
11,74,35.195012494707726
11,75,33.040099610005385
11,76,30.40528968994378
11,77,27.293838587670376
11,78,24.214284895538906
11,79,20.829739025883853
11,80,17.336017362886192
11,81,15.033225851159122
11,82,11.782775520678776
11,83,11.287915001461192
11,84,11.684178990206464
11,85,12.665142751374416
11,86,16.446053353723315
11,87,18.815739148935094
11,88,22.657394330630208
11,89,23.48897875428308
11,90,23.541583159217492
11,91,23.837318447878154
12,1,17.969831947950908
12,2,14.589272149548382
12,3,13.302134480267158
12,4,15.991510806296574
12,5,15.159373393119832
12,6,11.378912000182504
12,7,8.779439886952575
12,8,5.563351519903824
12,9,5.9079590569063205
12,10,5.829499132810533
12,11,3.814024421885792
12,13,3.8559073672510946
12,14,5.0617892925068295
12,15,4.848991141820822
12,16,8.061718962987404
12,17,11.297990857010426
12,18,13.671469977600388
12,19,17.24875891669859
12,20,20.40685944240999
12,21,22.73765504523908
12,22,26.186669387365495
12,23,29.197332054628294
12,24,32.24780581144715
12,25,33.865310968962156
12,26,30.93505117556328
12,27,29.89413373025449
12,28,27.238303419172777
12,29,27.95329037113577
12,30,24.387056716126594
12,31,21.407267191503294
12,32,17.861553249984123
12,33,16.14530154122008
12,34,12.636339399280189
12,35,12.91018505697454
12,36,10.43025442185528
12,37,10.516559712341028
12,38,11.413166928161546
12,39,13.509801144465978
12,40,12.130970038154182
12,41,8.829808785526811
12,42,8.168201104413289
12,43,10.505934809216988
12,44,11.936320125027539
12,45,14.009548669315274
12,46,11.530899565768635
12,47,13.007960751717404
12,48,12.215695823595276
12,49,13.495652172785963
12,50,15.690134703352312
12,51,16.45809397568299
12,52,13.553308113117346
12,53,12.541819525616367
12,54,9.856632157194609
12,55,11.943566351049697
12,56,12.33596167827361
12,57,13.211904180146899
12,58,16.591847039722463
12,59,19.027595794442398
12,60,22.818057232739843
12,61,24.068814339615415
12,62,27.658251422513747
12,63,28.53136039859514
12,64,31.871869574080936
12,65,33.74048803686309
12,66,37.14283721975945
12,67,39.1500277258149
12,68,41.483660944533625
12,69,39.402774127803234
12,70,44.37263692417817
12,71,42.128420026747996
12,72,38.3962687753062
12,73,36.580421905254056
12,74,33.60800954494613
12,75,31.24070763129203
12,76,28.338377186355558
12,77,25.258577999912184
12,78,21.921187435348646
12,79,18.840019699269824
12,80,15.173515472515957
12,81,13.203093193006172
12,82,9.581197441913586
12,83,8.192700766339668
12,84,7.997157796099476
12,85,8.882042346244493
12,86,12.666726301498864
12,87,15.18919365533988
12,88,19.021240273216595
12,89,19.961746373415213
12,90,19.98027098043553
12,91,20.552476428171214
13,1,21.313878609813585
13,2,18.06762738702313
13,3,16.774636847224524
13,4,19.668648655542782
13,5,18.974821207240723
13,6,15.219175005465608
13,7,12.520544127348316
13,8,9.413964693106537
13,9,9.136154736376316
13,10,8.59391627332799
13,11,6.738714728498332
13,12,3.8559073672510946
13,14,3.863582190345431
13,15,5.820077689916281
13,16,9.509340219202588
13,17,13.06309874561348
13,18,15.956924445416501
13,19,19.221164791214758
13,20,22.66876807744502
13,21,24.760623603746755
13,22,28.374966918379744
13,23,31.349488848848235
13,24,34.61735633894116
13,25,36.09714594848425
13,26,33.2600629914808
13,27,32.53107976989265
13,28,30.006210265448964
13,29,30.58155187594701
13,30,27.04601743689298
13,31,23.941111599172157
13,32,20.433551915172878
13,33,18.190807018470366
13,34,14.458032510615611
13,35,13.816327355041762
13,36,10.527357992100017
13,37,10.258911216315457
13,38,9.798547134995488
13,39,11.299630056081396
13,40,9.09054298692825
13,41,5.41852587017183
13,42,4.718416154090108
13,43,6.943768959793078
13,44,9.083889791616002
13,45,11.241767145008973
13,46,9.068572491687291
13,47,9.94032784502158
13,48,8.99415683638518
13,49,9.778647493643406
13,50,12.152958227943396
13,51,12.804359424388496
13,52,10.225293503245808
13,53,9.874316010399008
13,54,8.129636081840077
13,55,11.114293143893088
13,56,12.694189206490476
13,57,14.131043394262608
13,58,17.746980718758053
13,59,20.62968468622184
13,60,24.362921610836782
13,61,26.085946959025524
13,62,29.762194166200512
13,63,30.797867713271255
13,64,34.24244235153129
13,65,35.91369373475829
13,66,39.32952138887626
13,67,41.07329269314934
13,68,43.3077912585439
13,69,41.252929098084344
13,70,46.8303070707165
13,71,44.420788157987595
13,72,40.67658904641669
13,73,38.624667078198655
13,74,35.66498372894612
13,75,33.030008138066975
13,76,29.955469728813146
13,77,26.811753643703224
13,78,23.258226220859715
13,79,20.524198612334143
13,80,16.726626109761597
13,81,15.453621028331112
13,82,11.63397099262855
13,83,9.042802179601816
13,84,7.851605336019561
13,85,6.965379039669424
13,86,10.500052653258265
13,87,12.364684030240214
13,88,16.16190834500012
13,89,17.126228925620797
13,90,17.704996837666936
13,91,18.404155480725166
14,1,19.530056237484146
14,2,16.481504250170712
14,3,15.669086674009842
14,4,18.9842236223808
14,5,18.350602887355265
14,6,14.881812609275798
14,7,12.583485899272933
14,8,9.511622247695033
14,9,8.018868405079921
14,10,8.705589746250412
14,11,8.363009401572743
14,12,5.0617892925068295
14,13,3.863582190345431
14,15,3.8511041684867764
14,16,6.721718369735847
14,17,10.49561309835805
14,18,13.288578669718165
14,19,16.248226217012803
14,20,19.74996204611542
14,21,21.517381050284392
14,22,25.228491666703352
14,23,28.082929860631303
14,24,31.48340060287428
14,25,32.81186256916573
14,26,30.04297077227239
14,27,29.574959137621956
14,28,27.185621272815542
14,29,27.643039170461215
14,30,24.199370199213337
14,31,20.97499748695792
14,32,17.590957319667684
14,33,14.958459636238587
14,34,11.184871969476536
14,35,10.24846315211657
14,36,6.867214470648297
14,37,7.434338111251627
14,38,7.23936646926674
14,39,8.636385993204653
14,40,7.571917030537144
14,41,5.021769159332864
14,42,6.504747535562425
14,43,9.589574287009722
14,44,12.467967220232847
14,45,14.2032473303292
14,46,11.597935863638014
14,47,11.507450759510048
14,48,9.33081961762272
14,49,10.263624575019035
14,50,11.549109399273487
14,51,12.684271047318147
14,52,9.514626958261914
14,53,7.753852117156274
14,54,4.911867925567747
14,55,7.640784618640107
14,56,9.083110689276337
14,57,11.062844993307843
14,58,14.511550678733348
14,59,17.668950476820616
14,60,21.275291781891188
14,61,23.094802132522137
14,62,26.7261273867636
14,63,27.6870369558279
14,64,31.133999582242396
14,65,32.61061760880028
14,66,36.00220859372554
14,67,37.60349942034264
14,68,39.77071552445457
14,69,37.72839900673566
14,70,43.686024347967226
14,71,41.197192441088724
14,72,37.47253300246706
14,73,35.32987603929613
14,74,32.47025135797482
14,75,29.67199662012459
14,76,26.62443095509847
14,77,23.364752051688825
14,78,19.79259355546881
14,79,17.142806970282997
14,80,13.319307870848714
14,81,12.61750849098306
14,82,8.803844410254406
14,83,5.788874120754874
14,84,5.576368490831574
14,85,5.501473777108904
14,86,9.097204694421183
14,87,11.737698490084135
14,88,15.317517215421013
14,89,17.032430109191797
14,90,17.623000030218176
14,91,19.044851182071852
15,1,16.477891661270306
15,2,13.700873680052029
15,3,12.372006164146358
15,4,15.820531265309496
15,5,15.754453909484393
15,6,12.463179373311654
15,7,9.827447299771435
15,8,7.617343627512605
15,9,5.024343107499225
15,10,5.455191025973002
15,11,6.634072761312382
15,12,4.848991141820822
15,13,5.820077689916281
15,14,3.8511041684867764
15,16,3.7915145463497315
15,17,7.244350841521972
15,18,10.282993161527445
15,19,13.480438513689618
15,20,16.99595496218211
15,21,19.25055817848248
15,22,22.808534468810382
15,23,25.941492619308356
15,24,29.19523766714839
15,25,30.892160450943468
15,26,28.271552914827915
15,27,27.742794298292925
15,28,25.195063458545135
15,29,25.366710781268342
15,30,21.739365041865124
15,31,18.84347108726144
15,32,15.204708587845337
15,33,13.05985489031467
15,34,9.369374003222045
15,35,8.679414087545325
15,36,6.082792241796487
15,37,5.745743583887969
15,38,7.430019280159805
15,39,10.167292668169294
15,40,9.999301258715018
15,41,7.944588198573003
15,42,8.2077081642677
15,43,11.713694200435
15,44,14.122469850310353
15,45,15.264913696771025
15,46,12.0270516035057
15,47,12.440255320123908
15,48,10.69373701459047
15,49,12.723179394740164
15,50,14.261570313108278
15,51,16.00344693005158
15,52,13.077627220843882
15,53,10.978666064129625
15,54,7.722443664886837
15,55,9.79648967897706
15,56,10.009982821232999
15,57,12.075185735744807
15,58,15.020376282634404
15,59,17.9330912894098
15,60,21.47554465469453
15,61,22.719386428116778
15,62,26.15563488677524
15,63,26.63003309903121
15,64,29.845320395034637
15,65,31.243362978775476
15,66,34.481102977164575
15,67,36.36979757303036
15,68,38.48659150110907
15,69,36.18709917956865
15,70,42.120399466653
15,71,39.888462659421194
15,72,36.230916691094635
15,73,34.411666438571515
15,74,31.73866984449034
15,75,29.081545533046917
15,76,26.36885494870517
15,77,22.94516254391122
15,78,19.66736637065442
15,79,16.52312148161532
15,80,12.783610681275814
15,81,11.790093353449505
15,82,8.161815413869554
15,83,6.643029114668272
15,84,8.20088542606554
15,85,9.212484248348579
15,86,12.788425406656055
15,87,15.553615132087003
15,88,19.05832009299927
15,89,20.879118488975205
15,90,21.407438286192495
15,91,22.752038672653185
16,1,13.852524863299129
16,2,11.562029097128237
16,3,10.656193609509529
16,4,14.432217083258415
16,5,14.673097748259583
16,6,12.036520862405872
16,7,10.053256904439674
16,8,8.685731124079368
16,9,5.033286271105689
16,10,6.819482538821998
16,11,9.31052154406135
16,12,8.061718962987404
16,13,9.509340219202588
16,14,6.721718369735847
16,15,3.7915145463497315
16,17,3.8171740682732405
16,18,6.71980073886914
16,19,9.733694887833384
16,20,13.293171607645997
16,21,15.490439718941877
16,22,19.05790164462025
16,23,22.213163412962732
16,24,25.49999724070135
16,25,27.238317892936713
16,26,24.742753825315695
16,27,24.40343655062434
16,28,21.910843811450864
16,29,21.836452434109187
16,30,18.216006620944587
16,31,15.391396390878768
16,32,11.763011463461766
16,33,9.545097671276352
16,34,5.975005014631527
16,35,5.34403206663262
16,36,4.252638826879957
16,37,4.794705016818917
16,38,7.941495277896045
16,39,10.723839058334146
16,40,11.833743197310103
16,41,10.770525437607818
16,42,11.632775503291372
16,43,15.284384620440829
16,44,17.8535858054601
16,45,18.771252732573515
16,46,15.345782712549862
16,47,15.417075528805858
16,48,13.270357696347666
16,49,15.443166792777339
16,50,16.33066750493539
16,51,18.37215419221377
16,52,15.30009275171148
16,53,12.456447868147768
16,54,8.826527634539348
16,55,9.687867073725641
16,56,8.723133773595894
16,57,11.02313941105669
16,58,13.198321738976482
16,59,16.025285217316444
16,60,19.290307077974248
16,61,20.229951935474194
16,62,23.45127015188407
16,63,23.579141849975077
16,64,26.64481409767909
16,65,27.83882301850114
16,66,30.972226771443598
16,67,32.89470773134225
16,68,34.939868604745584
16,69,32.537297143929806
16,70,38.70953335839927
16,71,36.543784497566186
16,72,32.94621541520561
16,73,31.23140823137634
16,74,28.753727799652857
16,75,26.069741226880982
16,76,23.604859982985612
16,77,20.041472398979835
16,78,17.00902450025859
16,79,13.690841419857836
16,80,10.160417134440602
16,81,9.628212867764203
16,82,6.676382861803556
16,83,6.444490494775229
16,84,9.47040414542154
16,85,11.309089412337636
16,86,14.506991898974633
16,87,17.63095055292639
16,88,20.838990480123083
16,89,23.0625272386028
16,90,23.48303568417231
16,91,25.187439883535884
17,1,11.61621377752756
17,2,10.301173965432673
17,3,9.177203362637488
17,4,13.023635346985547
17,5,14.07805045489611
17,6,12.264307047529536
17,7,10.600634968535983
17,8,10.565429271224712
17,9,6.755543778874721
17,10,8.212432193418522
17,11,11.595278371515708
17,12,11.297990857010426
17,13,13.06309874561348
17,14,10.49561309835805
17,15,7.244350841521972
17,16,3.8171740682732405
17,18,3.8039724125400447
17,19,6.547225566683784
17,20,10.15159450747776
17,21,12.80440475022261
17,22,16.136599699694063
17,23,19.556511592481883
17,24,22.715326821350722
17,25,24.806292007988898
17,26,22.621914120152127
17,27,22.43968311302314
17,28,19.92124953088009
17,29,19.32724784826768
17,30,15.605296661433849
17,31,13.316164670036978
17,32,9.636255428278199
17,33,8.115852094477699
17,34,5.650000804714468
17,35,5.273444327119872
17,36,6.456042979673406
17,37,6.291726607580166
17,38,10.099756326079945
17,39,13.113648741592558
17,40,14.829229213529192
17,41,14.211851574486507
17,42,14.810315830889074
17,43,18.54212774878617
17,44,20.969088601908307
17,45,21.468416319864453
17,46,17.815576903713016
17,47,17.917123766180154
17,48,15.92053430720062
17,49,18.506609722538823
17,50,19.293471740343033
17,51,21.6864138959034
17,52,18.77002475452715
17,53,15.737624613070432
17,54,12.202978754036595
17,55,12.617611921552873
17,56,11.001686548791094
17,57,13.21395511508873
17,58,14.509230076164696
17,59,16.95439598181792
17,60,19.80531709378956
17,61,20.158430987789465
17,62,22.97232017236602
17,63,22.486289313221246
17,64,25.18113261751279
17,65,26.094649530203075
17,66,28.96222703456879
17,67,31.081028570914572
17,68,32.98103917113944
17,69,30.304204033530336
17,70,36.69411076118462
17,71,34.787086070561635
17,72,31.33267638809172
17,73,29.946228550375082
17,74,27.805634265276023
17,75,25.233792328036216
17,76,23.244838928394675
17,77,19.58536273924528
17,78,17.07784129504053
17,79,13.572673875205743
17,80,10.6874090337329
17,81,10.43644042697408
17,82,8.685651301486217
17,83,9.626247396914547
17,84,13.029564444018773
17,85,15.051176593387643
17,86,18.097208311340854
17,87,21.241707766216084
17,88,24.29216576560861
17,89,26.697562495960394
17,90,27.145342175993125
17,91,28.94284066335036
18,1,8.517045691776854
18,2,7.857046348180207
18,3,7.820210466875519
18,4,11.422059792847744
18,5,12.422488920236418
18,6,11.558647751627253
18,7,11.059053359910884
18,8,11.571305747073811
18,9,8.294207289873405
18,10,10.583654514660015
18,11,13.874160226777798
18,12,13.671469977600388
18,13,15.956924445416501
18,14,13.288578669718165
18,15,10.282993161527445
18,16,6.71980073886914
18,17,3.8039724125400447
18,19,3.800142152638536
18,20,6.812815479239511
18,21,9.630422062717779
18,22,12.83286696112876
18,23,16.220167270120594
18,24,19.23100171726677
18,25,21.365424907299065
18,26,19.096461197522984
18,27,18.751950427851217
18,28,16.182148817074825
18,29,15.612649856055286
18,30,11.861405311680544
18,31,9.652934824059297
18,32,5.941881094844657
18,33,5.350446532115831
18,34,4.657989049746163
18,35,6.258264483501868
18,36,8.923607662610383
18,37,9.78214512156033
18,38,13.481279639419432
18,39,16.09044018190467
18,40,18.045214448244298
18,41,17.43185244389348
18,42,18.257247787058734
18,43,21.919017465369297
18,44,24.26906256711247
18,45,25.010018742729915
18,46,21.412867808435053
18,47,21.64433024028206
18,48,19.58683397309233
18,49,21.97360925292074
18,50,22.54254500191174
18,51,24.73496468777494
18,52,21.577844770131517
18,53,18.35244746767784
18,54,14.676937223352937
18,55,14.200288946391723
18,56,11.636889371517913
18,57,13.100731445360216
18,58,13.50766457141884
18,59,15.264375849016226
18,60,17.752470694404682
18,61,17.508985326451217
18,62,20.014957495234462
18,63,19.2036675461799
18,64,21.715424710738976
18,65,22.69826304371608
18,66,25.532116535568175
18,67,27.850621577014024
18,68,29.82872782494751
18,69,27.164241528137037
18,70,33.09091166630541
18,71,31.2927710073897
18,72,27.868831660189958
18,73,26.690878652604365
18,74,24.640770688861583
18,75,22.307137310633145
18,76,20.633629226371998
18,77,17.08764192123692
18,78,15.079467415024105
18,79,11.408991062717295
18,80,9.324041800753976
18,81,8.946944048143626
18,82,8.667190399906282
18,83,10.896972090293641
18,84,14.595315818373962
18,85,17.25477307372432
18,86,20.12936795566842
18,87,23.55419059146292
18,88,26.506807517091566
18,89,28.907371243588578
18,90,28.98123684385464
18,91,30.815069384358882
19,1,9.675770512026734
19,2,10.29622650780926
19,3,10.724521490400589
19,4,13.890773103996004
19,5,15.171257889602687
19,6,14.93140568611976
19,7,14.722003202336884
19,8,15.356422334679037
19,9,12.06103322278542
19,10,14.182734727644846
19,11,17.576125524176142
19,12,17.24875891669859
19,13,19.221164791214758
19,14,16.248226217012803
19,15,13.480438513689618
19,16,9.733694887833384
19,17,6.547225566683784
19,18,3.800142152638536
19,20,3.830159356251597
19,21,6.434218367970259
19,22,9.624662082000537
19,23,13.122162512937416
19,24,16.284494205859446
19,25,18.496749011996002
19,26,16.670357749396494
19,27,16.94681388180051
19,28,14.685851960988707
19,29,13.379173160855204
19,30,9.827970875434243
19,31,8.193037664255955
19,32,5.434801976724056
19,33,5.166352819288831
19,34,6.4388462581279216
19,35,7.245070782192956
19,36,10.729945429576834
19,37,11.61379643385921
19,38,15.146550916518636
19,39,17.4393400470073
19,40,19.986067330363106
19,41,19.991719481180624
19,42,21.11325776756475
19,43,24.864808844710936
19,44,27.44237231827979
19,45,27.9645202983678
19,46,24.29446879651042
19,47,24.143452777024276
19,48,21.83263830756531
19,49,24.23955586448289
19,50,24.372945590862845
19,51,26.787604672966076
