1,2,3.8817871775602155
1,3,5.689838865379719
1,4,6.221690222356227
1,5,7.371486822799035
1,6,9.3525486951902
1,7,11.222853746661043
1,8,13.45672355857471
1,9,12.28797931618266
1,10,14.469085531844028
1,11,17.145296878108116
1,12,18.060054679167052
1,13,21.39939595499276
1,14,19.585475972287252
1,15,16.51783288688878
1,16,13.84897762605238
1,17,11.680816105923547
1,18,8.561049845978753
1,19,9.852927881997937
1,20,9.053582107779613
1,21,11.839372894127544
1,22,13.15540699795573
1,23,16.025333416437014
1,24,17.620766345623657
1,25,20.088975580446427
1,26,17.53705733238622
1,27,15.732507945037533
1,28,12.696670525517746
1,29,12.908412389201134
1,30,9.559668303602441
1,31,8.903445017067405
1,32,6.930915318224522
1,33,10.07282752448488
1,34,11.379613674206869
1,35,14.40426494277947
1,36,16.871748505850178
1,37,17.901224150670053
1,38,21.557152389898278
1,39,24.159024024732226
1,40,25.605742716304285
1,41,24.31234254403197
1,42,24.600165811710195
1,43,27.978758845333658
1,44,29.693448087987502
1,45,30.8075687279195
1,46,27.353835077933354
1,47,28.26963266850637
1,48,26.81382902377845
1,49,29.170581127332426
1,50,30.1219238063194
1,51,31.947396242692985
1,52,28.561565267606877
1,53,25.62829001787246
1,54,21.826746357992214
1,55,20.95583875932779
1,56,17.840216152478458
1,57,17.68062224211655
1,58,17.412031470228687
1,59,17.175107487160435
1,60,19.0892024988747
1,61,17.214303922392162
1,62,18.918691209079956
1,63,17.735954647954806
1,64,19.612152320169496
1,65,21.22095885166356
1,66,29.09522461967783
1,67,28.68794954255084
1,68,25.669516473115973
1,69,25.379638931142445
1,70,23.37251923381328
1,71,22.462785534781283
1,72,21.475871151114866
1,73,18.850774641175896
1,74,17.99251456128474
1,75,14.460962349545195
1,76,13.929228601255623
1,77,11.90638324138562
1,78,13.227420702369567
1,79,16.662556447083393
1,80,19.92305683774763
1,81,23.22599997094121
1,82,26.295967449647527
1,83,29.924460479302876
1,84,33.0992120149991
1,85,35.03154190145821
1,86,34.40350380848821
1,87,35.98362753308503
2,1,3.8817871775602155
2,3,3.8966474727809186
2,4,5.45172479358999
2,5,5.092431396298259
2,6,5.919200568604257
2,7,8.019442330855258
2,8,9.800721408707915
2,9,9.090275072315961
2,10,11.649269136478106
2,11,13.868584241898548
2,12,14.5941886074479
2,13,18.070100270151208
2,14,16.47276303353094
2,15,13.63962074812619
2,16,11.463293646365086
2,17,10.263629725432365
2,18,7.851185712193228
2,19,10.40116058692791
2,20,10.835587212979082
2,21,13.462745274844966
2,22,15.575681916486273
2,23,18.400856036542624
2,24,20.436031334999985
2,25,22.505570258250504
2,26,19.594086376173937
2,27,17.79634864775689
2,28,14.81379801697236
2,29,15.567177211661354
2,30,12.156546997710633
2,31,10.322467487125692
2,32,7.570814172929741
2,33,9.50411592838781
2,34,9.686198504805223
2,35,12.925120026014847
2,36,14.75608079443447
2,37,16.02478548349114
2,38,19.45418496386573
2,39,21.965573723534547
2,40,22.99976289098715
2,41,21.350032745791427
2,42,21.616220101651017
2,43,24.819760481102737
2,44,26.430872927146215
2,45,27.83717887504518
2,46,24.557609523168953
2,47,25.638327612209395
2,48,24.24613457766036
2,49,26.36782756480355
2,50,27.468388655716048
2,51,29.00752972893142
2,52,25.549894396271412
2,53,22.839818656701226
2,54,19.038534628577292
2,55,18.31597399503979
2,56,15.382965367548078
2,57,14.982736492906165
2,58,15.346913646948455
2,59,15.35810356817991
2,60,17.877783396572784
2,61,16.579506344369424
2,62,18.94030697618959
2,63,18.5154382372842
2,64,20.98853955937562
2,65,22.896668239000878
2,66,31.464038839362363
2,67,30.68466084992185
2,68,27.40034787868412
2,69,26.611203195689665
2,70,24.161165621863066
2,71,22.9657050260306
2,72,21.36434205282807
2,73,18.698174599630036
2,74,17.186871204798155
2,75,13.504051925849891
2,76,12.19685147297914
2,77,9.452401799040988
2,78,10.219888073067407
2,79,13.61877334492628
2,80,16.59242190442814
2,81,19.92775531845029
2,82,23.091848937512715
2,83,26.710135793429956
2,84,30.006739629368692
2,85,31.712645036750473
2,86,30.970868236270427
2,87,32.37918105492501
3,1,5.689838865379719
3,2,3.8966474727809186
3,4,3.8584953532961586
3,5,5.596449988913843
3,6,5.496716954783666
3,7,5.927069507537605
3,8,8.818516477934349
3,9,7.9151463936780875
3,10,9.28049839432289
3,11,11.885177273700236
3,12,13.472805405311274
3,13,16.951299361420325
3,14,15.856207925252832
3,15,12.509555904653634
3,16,10.78300082833626
3,17,9.354636121797029
3,18,8.009824740640788
3,19,11.006632771467933
3,20,12.081884202098014
3,21,15.359374796360585
3,22,17.492778076571884
3,23,20.732682070000113
3,24,22.780931532657434
3,25,25.22337221624538
3,26,22.622948274429948
3,27,21.05100464008497
3,28,18.03947781162896
3,29,18.238950450340933
3,30,14.627662641895833
3,31,13.205165859036347
3,32,10.008999006700455
3,33,11.571227238482225
3,34,10.940646437385746
3,35,13.372406403791484
3,36,14.654210958253486
3,37,14.994105039679026
3,38,18.496581214380782
3,39,21.490345001869063
3,40,22.268738078111703
3,41,20.454454495081933
3,42,20.089993940194006
3,43,23.29600985617825
3,44,24.650708734422455
3,45,25.671706818918903
3,46,22.283688540080338
3,47,23.612003670488765
3,48,22.657231486123617
3,49,25.161586144342273
3,50,26.679252483458367
3,51,28.46457541155193
3,52,25.273513345762858
3,53,22.805498662314076
3,54,19.067056585786744
3,55,19.116526957291423
3,56,16.74918374118398
3,57,16.97984795157736
3,58,17.937946294715683
3,59,18.523400841830206
3,60,21.28975058118834
3,61,20.264535865123143
3,62,22.70803894548634
3,63,22.16374177753064
3,64,24.529103305194695
3,65,26.180339750123895
3,66,34.60754207330066
3,67,33.99076614449919
3,68,30.826999796052053
3,69,30.163275493164065
3,70,27.851738023934494
3,71,26.533766358607348
3,72,24.909226929681694
3,73,22.019754577164623
3,74,20.255166196398946
3,75,16.439699884644227
3,76,14.558907390752813
3,77,12.026212903038195
3,78,11.647939472371592
3,79,14.36663386927864
3,80,17.20695992179588
3,81,20.08990497966246
3,82,23.573441128110723
3,83,26.958865822592827
3,84,30.440562047793104
3,85,32.09851464432435
3,86,31.67608159001982
3,87,32.955227777608094
4,1,6.221690222356227
4,2,5.45172479358999
4,3,3.8584953532961586
4,5,3.8550251412291843
4,6,5.9435934323972965
4,7,7.57455973283479
4,8,10.945481485753428
4,9,11.133814392834495
4,10,12.148351901783856
4,11,14.144669237417531
4,12,16.15965832633111
4,13,19.844778629914266
4,14,19.156009851424212
4,15,15.94871276342262
4,16,14.540638944227187
4,17,13.202085621529383
4,18,11.59853087725952
4,19,14.193482465183932
4,20,14.50716143198675
4,21,17.68014117783305
4,22,19.232708557381834
4,23,22.228240948040327
4,24,23.72917309565783
4,25,26.255786381801038
4,26,23.642389419101896
4,27,21.555470030464036
4,28,18.516610273600495
4,29,19.022815404996315
4,30,15.771280709738885
4,31,14.90936408627163
4,32,12.37006765191442
4,33,14.584182988356583
4,34,14.425457839186182
4,35,17.118688712345044
4,36,18.437869588324446
4,37,18.800812608310153
4,38,22.249445180243985
4,39,25.2468078562293
4,40,25.846674459378338
4,41,23.78950114590618
4,42,23.182163946227092
4,43,26.150230402516424
4,44,27.107920125129098
4,45,28.21881618224718
4,46,24.9894116136318
4,47,26.681848152201574
4,48,26.024057015019928
4,49,28.499810599772545
4,50,30.20123298474484
4,51,31.8243672036046
4,52,28.609113368713437
4,53,26.300613471735403
4,54,22.577822336148216
4,55,22.553568286666188
4,56,20.06750330306764
4,57,19.818824218309597
4,58,20.599574993116125
4,59,20.61107937721505
4,60,23.1603303023242
4,61,21.67232303214632
4,62,23.785646115446298
4,63,23.16186258511587
4,64,25.245536661869657
4,65,27.181529792850036
4,66,34.78982533402216
4,67,34.480629682932005
4,68,31.403827303301895
4,69,31.032352289236567
4,70,28.731985097725655
4,71,27.901307086254516
4,72,26.539861099566853
4,73,24.008311387365673
4,74,22.630128832814542
4,75,18.95202148460466
4,76,17.501336016513896
4,77,14.63501916313431
4,78,14.705539143214677
4,79,17.616532249114865
4,80,20.193621662168546
4,81,23.17071787278215
4,82,26.667247299914276
4,83,30.06672841543684
4,84,33.6126082442304
4,85,35.03431078534009
4,86,34.355523457353705
4,87,35.35924299061287
5,1,7.371486822799035
5,2,5.092431396298259
5,3,5.596449988913843
5,4,3.8550251412291843
5,6,3.8621257795817785
5,7,7.193155605250503
5,8,9.671617863825114
5,9,10.796345837529945
5,10,12.544980736309821
5,11,13.743834413389385
5,12,15.244206251056191
5,13,19.06566963966168
5,14,18.433776866854988
5,15,15.781022618465734
5,16,14.6721930935343
5,17,14.153363087359315
5,18,12.515993377382681
5,19,15.36284148411394
5,20,15.761050155122433
5,21,18.418810803899127
5,22,20.218836236754097
5,23,22.858017124736715
5,24,24.46398312328958
5,25,26.524365611352895
5,26,23.508447109325324
5,27,21.149973153396964
5,28,18.187931715764485
5,29,19.42576104445164
5,30,16.37593071898987
5,31,14.888243839159164
5,32,12.560567858067902
5,33,14.420928317579792
5,34,14.132333642327202
5,35,17.25514388316817
5,36,18.37862750545225
5,37,19.375422073041076
5,38,22.5617164566517
5,39,25.189716000966705
5,40,25.56820989886785
5,41,23.27866793372948
5,42,22.9482934109606
5,43,25.685880167713123
5,44,26.59631948429211
5,45,28.214705336752175
5,46,25.245633718742532
5,47,27.004777015464683
5,48,26.21290708859797
5,49,28.255333655400904
5,50,29.864644181751235
5,51,31.06003555770792
5,52,27.653456474909348
5,53,25.459856425554968
5,54,21.7731045708341
5,55,21.432980251211692
5,56,18.838953259344645
5,57,17.923275163150127
5,58,18.759183632845268
5,59,18.39950583562312
5,60,21.0366141704265
5,61,19.64646546201388
5,62,21.946351263282107
5,63,21.867349866354875
5,64,24.26071209093404
5,65,26.615798923052964
5,66,34.48612482177832
5,67,33.90839885297375
5,68,30.61879188298697
5,69,29.932020868441505
5,70,27.281108723004284
5,71,26.51968399980319
5,72,24.889516382069065
5,73,22.657475886487667
5,74,21.190191254392033
5,75,17.70081065062325
5,76,16.290428559563527
5,77,12.928838320759631
5,78,13.244964808918688
5,79,16.31886026902562
5,80,18.529243581262072
5,81,21.733258185156274
5,82,25.072513778673365
5,83,28.555245384692185
5,84,32.071381476000944
5,85,33.250838415540215
5,86,32.20502177232552
5,87,33.0420259711933
6,1,9.3525486951902
6,2,5.919200568604257
6,3,5.496716954783666
6,4,5.9435934323972965
6,5,3.8621257795817785
6,7,3.832312647451655
6,8,5.836531011111476
6,9,7.516850559346479
6,10,9.244214466517604
6,11,10.021108004596016
6,12,11.43968677857318
6,13,15.284328319792664
6,14,14.916038090524637
6,15,12.434989931205594
6,16,11.960734098419838
6,17,12.260160833595235
6,18,11.561820514712489
6,19,14.995686567009031
6,20,16.299780918190248
6,21,18.99592839718618
6,22,21.395505882397238
6,23,24.226406856668643
6,24,26.32051367029374
6,25,28.254957886029935
6,26,25.169895984829054
6,27,23.1807776088304
6,28,20.25628612563017
6,29,21.375665803910007
6,30,18.04582674751548
6,31,15.941160716482992
6,32,13.003267985989904
6,33,13.87191041076539
6,34,12.588218118957238
6,35,15.33954482107314
6,36,15.762648665391946
6,37,16.672303807964965
6,38,19.56670289415513
6,39,22.159540389150713
6,40,22.193700300215685
6,41,19.6865799036601
6,42,19.252792578973853
6,43,21.883638751190134
6,44,22.77832342582543
6,45,24.50498631194652
6,46,21.628898238823965
6,47,23.435143362890617
6,48,22.711831696225797
6,49,24.634206527362487
6,50,26.38370324352195
6,51,27.467039217235378
6,52,24.12549387997622
6,53,22.15863334291039
6,54,18.57104185065976
6,55,18.615369836354617
6,56,16.47502177704135
6,57,15.782721596263942
6,58,17.322302421573596
6,59,17.592785432548112
6,60,20.718544588125923
6,61,20.029419237443225
6,62,22.842247047870526
6,63,23.146667394965668
6,64,25.930944955832867
6,65,28.174917037829776
6,66,36.79726529605309
6,67,35.90527240672178
6,68,32.47731007844407
6,69,31.414257631910324
6,70,28.59360209659417
6,71,27.377824459313857
6,72,25.290562155401666
6,73,22.813805683305596
6,74,20.74731959404409
6,75,17.17885034535483
6,76,15.017259507800041
6,77,11.581058498621818
6,78,10.867564806514684
6,79,13.402700127505684
6,80,15.292730661921148
6,81,18.274370198470972
6,82,21.74129442524041
6,83,25.09893355094689
6,84,28.711535587365645
6,85,29.794673786940603
6,86,28.88073804411703
6,87,29.664462381205812
7,1,11.222853746661043
7,2,8.019442330855258
7,3,5.927069507537605
7,4,7.57455973283479
7,5,7.193155605250503
7,6,3.832312647451655
7,8,3.860727036156765
7,9,5.232058174290632
7,10,5.68877289277626
7,11,6.682993316142706
7,12,8.842457354516032
7,13,12.59093431259253
7,14,12.637481013409728
7,15,9.817970948892178
7,16,10.019530690507313
7,17,10.632580895453014
7,18,11.104302074302208
7,19,14.824153809649019
7,20,16.849330496920302
7,21,19.841374293700323
7,22,22.52348520425777
7,23,25.680916947153346
7,24,28.049501478799453
7,25,30.156769428623452
7,26,27.269323678768906
7,27,25.67805438980189
7,28,22.742826054649978
7,29,23.38763507889378
7,30,19.79115472219074
7,31,17.64547512469651
7,32,14.21715409777562
7,33,14.489733735056566
7,34,12.423141965132219
7,35,14.34104091884079
7,36,14.090282698199694
7,37,14.271619386454226
7,38,17.021641817689293
7,39,19.914232268387792
7,40,19.684268286577716
7,41,17.06964084363901
7,42,16.153154264724183
7,43,18.83066643545417
7,44,19.65866689924414
7,45,21.069938901854808
7,46,18.074269901652805
7,47,19.98699118449747
7,48,19.545748530942483
7,49,21.72725180628918
7,50,23.781325715920765
7,51,25.08080195884425
7,52,22.003017773187594
7,53,20.25287221896614
7,54,16.793333990002328
7,55,17.58150816373406
7,56,16.0808159211894
7,57,16.149975043317088
7,58,18.237490277642245
7,59,19.254045069157492
7,60,22.627282466436277
7,61,22.382443271958184
7,62,25.40385990898854
7,63,25.653527086607784
7,64,28.509951314112744
7,65,30.439253200802224
7,66,39.402978002352306
7,67,38.45471675402667
7,68,35.057682730284036
7,69,33.92098228498954
7,70,31.189353034479865
7,71,29.628863679870694
7,72,27.38736579640581
7,73,24.57681507352751
7,74,22.137023151700973
7,75,18.453972424155985
7,76,15.70472116103661
7,77,12.711220127529138
7,78,10.898854530440426
7,79,12.545425455628772
7,80,14.292394720604097
7,81,16.713749341421455
7,82,20.423704801959644
7,83,23.516434835374465
7,84,27.24450905850562
7,85,28.370954882666435
7,86,27.87912189247325
7,87,28.679459230165143
8,1,13.45672355857471
8,2,9.800721408707915
8,3,8.818516477934349
8,4,10.945481485753428
8,5,9.671617863825114
8,6,5.836531011111476
8,7,3.860727036156765
8,9,3.880387091037506
8,10,5.346941559536105
8,11,4.894048523432323
8,12,5.618190033458316
8,13,9.476507707446519
8,14,9.5695480494341
8,15,7.609011849003729
8,16,8.663881705527004
8,17,10.61156639233009
8,18,11.641776329074744
8,19,15.433463290430707
8,20,17.887596224154073
8,21,20.418097364324254
8,22,23.500712585433618
8,23,26.478285311884033
8,24,29.17265174491544
8,25,30.90008730764907
8,26,27.834857661480108
8,27,26.4331017901311
8,28,23.65554215718561
8,29,24.532267952279813
8,30,20.994615884417
8,31,18.27040852648463
8,32,14.8436754289319
8,33,14.197036070295892
8,34,11.491278404041621
8,35,13.171222525138097
8,36,12.217672473229547
8,37,12.917415348431444
8,38,15.091732392138567
8,39,17.525134051771612
8,40,16.959655681166772
8,41,14.122247750302364
8,42,13.588663077364782
8,43,16.102903036623236
8,44,17.15181859760674
8,45,19.053643057118954
8,46,16.309864665011016
8,47,18.040338008935098
8,48,17.327554554690735
8,49,19.007566332848835
8,50,20.938610645137747
8,51,21.870980740932065
8,52,18.664106298570346
8,53,17.085340264733865
8,54,13.75662931193049
8,55,14.588232967187674
8,56,13.4757485962014
8,57,13.409995255710276
8,58,16.034203085217555
8,59,17.390273626241875
8,60,21.01875458124102
8,61,21.38387591836238
8,62,24.74416215486124
8,63,25.482329965364354
8,64,28.67152438618775
8,65,30.64863411286376
8,66,40.15955425283894
8,67,38.853036773462925
8,68,35.30726668600958
8,69,33.767005657015076
8,70,30.82387412524337
8,71,28.978130353864877
8,72,26.342567199313198
8,73,23.566654269809693
8,74,20.72609658841477
8,75,17.27709059768901
8,76,14.130472981562884
8,77,11.182319385615036
8,78,8.638410570479243
8,79,9.569386466647824
8,80,10.720906493567963
8,81,13.095794450758968
8,82,16.77087324159968
8,83,19.8579398425624
8,84,23.598534194213986
8,85,24.604794536824617
8,86,24.031238310303927
8,87,24.835285024080672
9,1,12.28797931618266
9,2,9.090275072315961
9,3,7.9151463936780875
9,4,11.133814392834495
9,5,10.796345837529945
9,6,7.516850559346479
9,7,5.232058174290632
9,8,3.880387091037506
9,10,3.8228440638109054
9,11,5.862531154465142
9,12,5.929637159728998
9,13,9.15917869531223
9,14,8.032419546386885
9,15,4.990414318943729
9,16,4.986459829075538
9,17,6.787626441362654
9,18,8.354167463904421
9,19,12.116280471371905
9,20,14.982868583556709
9,21,17.579419225757935
9,22,20.82581021234936
9,23,23.98563835574771
9,24,26.89856843682986
9,25,28.735065856415577
9,26,25.91887089817705
9,27,24.97000142603256
9,28,22.237899457461317
9,29,22.60758694023204
9,30,18.92506049673118
9,31,16.221788645080483
9,32,12.538091751981307
9,33,11.50086897890651
9,34,8.496860314186504
9,35,9.675919123846647
9,36,8.915910273477433
9,37,9.41155699287611
9,38,12.083368962937397
9,39,14.806943497020777
9,40,14.890326004384393
9,41,12.697199110167048
9,42,12.560808308576764
9,43,15.750864177526353
9,44,17.499717468888328
9,45,18.887808969865542
9,46,15.67343427879444
9,47,16.740021441532253
9,48,15.517985796809462
9,49,17.591581216255875
9,50,19.182466245635933
9,51,20.690989067276536
9,52,17.512928162601284
9,53,15.375458414535398
9,54,11.795493208212104
9,55,12.65092338189421
9,56,11.442122501914781
9,57,12.314713324962353
9,58,14.71550851957103
9,59,16.591278203196623
9,60,20.11613761583994
9,61,20.558580433244412
9,62,23.87080773081065
9,63,24.256959238534865
9,64,27.362536062325933
9,65,28.918115050052272
9,66,38.65734927244522
9,67,37.32987543651647
9,68,33.886843616740535
9,69,32.393291037791094
9,70,29.703256507875086
9,71,27.580440864978627
9,72,25.04806662911102
9,73,21.911009162943127
9,74,19.00715351251672
9,75,15.407669205743256
9,76,12.086926466997596
9,77,9.889447422796364
9,78,7.057292089265585
9,79,7.919777057997706
9,80,10.138557869314551
9,81,12.47858368178778
9,82,16.14274740512082
9,83,19.308464484165206
9,84,22.905287145648717
9,85,24.479474685769098
9,86,24.35319478579312
9,87,25.69442060895521
10,1,14.469085531844028
10,2,11.649269136478106
10,3,9.28049839432289
10,4,12.148351901783856
10,5,12.544980736309821
10,6,9.244214466517604
10,7,5.68877289277626
10,8,5.346941559536105
10,9,3.8228440638109054
10,11,3.859765269308259
10,12,5.838955803159944
10,13,8.618007884670654
10,14,8.724959931643294
10,15,5.433551866222991
10,16,6.814092945588653
10,17,8.255855686975
10,18,10.639781284995927
10,19,14.2614711052199
10,20,17.274450045029617
10,21,20.231962500195795
10,22,23.35188194118055
10,23,26.7450192018783
10,24,29.58842122675935
10,25,31.700745860088
10,26,29.08378235174718
10,27,28.1840542129193
10,28,25.379770176130243
10,29,25.457847852696055
10,30,21.67399364532949
10,31,19.323831564741
10,32,15.537238675686107
10,33,14.68867265612566
10,34,11.66452939651231
10,35,12.012251851050108
10,36,10.639531017439706
10,37,9.736087229166484
10,38,12.09459930882456
10,39,15.290833510884758
10,40,14.869987880943205
10,41,12.427160227883041
10,42,11.171302721378593
10,43,14.235500772509965
10,44,15.533744413807385
10,45,16.405602656542484
10,46,13.044538366983472
10,47,14.582553508575005
10,48,14.117417792833821
10,49,16.66168011039156
10,50,18.869555635857324
10,51,20.599157554288816
10,52,17.903113732630214
10,53,16.286634435636362
10,54,13.117073129245236
10,55,14.899135376744136
10,56,14.425921982571978
10,57,15.705093975450376
10,58,18.318015663172957
10,59,20.365894880630577
10,60,23.904422200057045
10,61,24.357554139691075
10,62,27.625614627770407
10,63,27.867200013859307
10,64,30.856100778559213
10,65,32.28726369996894
10,66,41.85937084216874
10,67,40.68337902674088
10,68,37.3236396138556
10,69,35.96559692368765
10,70,33.37410543993865
10,71,31.2511391599052
10,72,28.780267011733393
10,73,25.560666201303153
10,74,22.64011676423943
10,75,19.034145829483144
10,76,15.656974068543578
10,77,13.688734344087486
10,78,10.697039346436425
10,79,10.758524500888669
10,80,12.348607400858008
10,81,13.78422872828021
10,82,17.587484940964345
10,83,20.26747796527896
10,84,23.969135986677106
10,85,25.38138786280851
10,86,25.609079554795947
10,87,26.711990209443037
11,1,17.145296878108116
11,2,13.868584241898548
11,3,11.885177273700236
11,4,14.144669237417531
11,5,13.743834413389385
11,6,10.021108004596016
11,7,6.682993316142706
11,8,4.894048523432323
11,9,5.862531154465142
11,10,3.859765269308259
11,12,3.8310542888132013
11,13,6.797125633664935
11,14,8.416621660781056
11,15,6.6379161503449815
11,16,9.323340812306885
11,17,11.652324379509793
11,18,13.942249964094314
11,19,17.650505039987134
11,20,20.626929149933773
11,21,23.37233172948915
11,22,26.583227586524366
11,23,29.814374881551228
11,24,32.67309463694038
11,25,34.57611601741265
11,26,31.731173653262726
11,27,30.63336708350349
11,28,27.85257819465723
11,29,28.32684950144895
11,30,24.63063465372428
11,31,22.026602131535615
11,32,18.354786336191413
11,33,17.316566994647193
11,34,14.09839469965881
11,35,14.55949358436931
11,36,12.567213794577283
11,37,12.028760341164432
11,38,13.491232209982398
11,39,16.195854185223823
11,40,14.909319188274115
11,41,11.732702839830731
11,42,10.032682459834747
11,43,12.314014742513155
11,44,12.984043745718344
11,45,14.48553306515885
11,46,11.710268374468809
11,47,13.884285762291473
11,48,13.913207433394865
11,49,15.875185372347243
11,50,18.464582833557415
11,51,19.560866923337215
11,52,16.93350287583424
11,53,16.02828164738232
11,54,13.268655908204805
11,55,15.327467760301216
11,56,15.351698364725252
11,57,16.14237993959494
11,58,19.221438251657386
11,59,21.19736152158086
11,60,24.916063159079574
11,61,25.645904446920127
11,62,29.100533078497545
11,63,29.780521735141097
11,64,32.97082900651008
11,65,34.67945697429608
11,66,44.36261873805989
11,67,43.046115827495356
11,68,39.553795933402554
11,69,37.982721346775435
11,70,35.136167735418375
11,71,33.041116794983374
11,72,30.30935499760801
11,73,27.314628198600072
11,74,24.21200663403925
11,75,20.814684058002182
11,76,17.305805140599315
11,77,15.009045458743351
11,78,11.75575993407666
11,79,11.22881842865153
11,80,11.634498599205727
11,81,12.642098547524553
11,82,16.452747452559613
11,83,18.865153004982865
11,84,22.70587065734563
11,85,23.57612520808454
11,86,23.592352165383666
11,87,24.22829791984308
12,1,18.060054679167052
12,2,14.5941886074479
12,3,13.472805405311274
12,4,16.15965832633111
12,5,15.244206251056191
12,6,11.43968677857318
12,7,8.842457354516032
12,8,5.618190033458316
12,9,5.929637159728998
12,10,5.838955803159944
12,11,3.8310542888132013
12,13,3.864375297874472
12,14,5.082427547638242
12,15,4.825407887831688
12,16,8.062457063998194
12,17,11.337122897446083
12,18,13.74521720102404
12,19,17.280582411698372
12,20,20.455012316843174
12,21,22.702215110032046
12,22,26.179898221851946
12,23,29.186557243308673
12,24,32.29643150442379
12,25,33.840251763288194
12,26,30.898642778426623
12,27,30.028192752706882
12,28,27.432413354672544
12,29,28.048231452383856
12,30,24.467290434752048
12,31,21.45222929413616
12,32,17.913820604439653
12,33,16.175177321480394
12,34,12.648721763850963
12,35,12.846406415438
12,36,10.348245829941334
12,37,10.579980208416503
12,38,11.443310768935394
12,39,13.508192574220363
12,40,12.099749789667877
12,41,8.837933550897203
12,42,8.170453120348187
12,43,10.588902091336442
12,44,12.064770915427298
12,45,14.121721718030676
12,46,11.570265589759858
12,47,13.00092537061536
12,48,12.230899483083503
12,49,13.55486252052394
12,50,15.712308951241491
12,51,16.511222821922335
12,52,13.561519145930694
12,53,12.570414493791834
12,54,9.84941666996589
12,55,11.876400743388588
12,56,12.308552566125675
12,57,13.138019719391815
12,58,16.52082932363616
12,59,18.81956876273526
12,60,22.59912078516858
12,61,23.822777595628153
12,62,27.4568676396855
12,63,28.456723194365797
12,64,31.85329066429662
12,65,33.51985597384423
12,66,43.60681139863494
12,67,41.98422005904495
12,68,38.41134388321333
12,69,36.524286628129495
12,70,33.581412150926184
12,71,31.236836568880776
12,72,28.24890871700248
12,73,25.291293259585874
12,74,21.93310843365435
12,75,18.8367378672761
12,76,15.146929667110525
12,77,13.20722758558067
12,78,9.58258899378733
12,79,8.136203827093727
12,80,7.941097588261361
12,81,8.834972724326494
12,82,12.64988438682642
12,83,15.210573779796562
12,84,19.039777878056597
12,85,20.02363220123057
12,86,20.01648738780895
12,87,20.92525439325908
13,1,21.39939595499276
13,2,18.070100270151208
13,3,16.951299361420325
13,4,19.844778629914266
13,5,19.06566963966168
13,6,15.284328319792664
13,7,12.59093431259253
13,8,9.476507707446519
13,9,9.15917869531223
13,10,8.618007884670654
13,11,6.797125633664935
13,12,3.864375297874472
13,14,3.876804686909817
13,15,5.824975028447504
13,16,9.529333592488408
13,17,13.089312407751498
13,18,16.015761829941468
13,19,19.210403843936124
13,20,22.669670514980062
13,21,24.67775842063837
13,22,28.31400754966952
13,23,31.281374496414816
13,24,34.60396166091587
13,25,36.01344379925849
13,26,33.18124670327688
13,27,32.64074152671522
13,28,30.18168382960014
13,29,30.640133945410906
13,30,27.089878612752628
13,31,23.96758243203039
13,32,20.471007921238524
13,33,18.211413914817964
13,34,14.46915169818832
13,35,13.746463695322992
13,36,10.44868110396645
13,37,10.303674378876169
13,38,9.8222325325557
13,39,11.305818425268496
13,40,9.069199767767817
13,41,5.421421539154417
13,42,4.719869257255957
13,43,6.995169389272442
13,44,9.140153835791729
13,45,11.280351817389915
13,46,9.056392447373161
13,47,9.938607815969865
13,48,9.016787044373762
13,49,9.841754611642559
13,50,12.182943693907868
13,51,12.848353520171562
13,52,10.215579105440218
13,53,9.899765297692843
13,54,8.107976983172497
13,55,11.058659371461067
13,56,12.679613025496828
13,57,14.068297538300444
13,58,17.67166746633681
13,59,20.443202210674713
13,60,24.17491946187712
13,61,25.876569709905418
13,62,29.59718727524969
13,63,30.726844828283326
13,64,34.200882963748384
13,65,35.654236016046966
13,66,46.019174123036095
13,67,44.20748749141358
13,68,40.64611596936551
13,69,38.56197749511837
13,70,35.656507513133285
13,71,33.03003918695195
13,72,29.87754946744113
13,73,26.86239690940491
13,74,23.27872303789527
13,75,20.50990394327647
13,76,16.692813279432016
13,77,15.459379839309804
13,78,11.64476190567458
13,79,9.002297664990056
13,80,7.7917275008672595
13,81,6.905071152896841
13,82,10.466959170290314
13,83,12.356222585585728
13,84,16.158091676298284
13,85,17.15201015089402
13,86,17.696354371851406
13,87,18.730986094305646
14,1,19.585475972287252
14,2,16.47276303353094
14,3,15.856207925252832
14,4,19.156009851424212
14,5,18.433776866854988
14,6,14.916038090524637
14,7,12.637481013409728
14,8,9.5695480494341
14,9,8.032419546386885
14,10,8.724959931643294
14,11,8.416621660781056
14,12,5.082427547638242
14,13,3.876804686909817
14,15,3.8665963310656495
14,16,6.733740265707818
14,17,10.49979603112629
14,18,13.326490331396311
14,19,16.19158873131408
14,20,19.700653053156234
14,21,21.387713774077614
14,22,25.112730989103696
14,23,27.962941082753304
14,24,31.410597611925358
14,25,32.67877304075335
14,26,29.926410281609176
14,27,29.6532820138725
14,28,27.33129852051603
14,29,27.66268543399516
14,30,24.20333861517136
14,31,20.977311434905573
14,32,17.608053623616264
14,33,14.962507210401062
14,34,11.184002875544929
14,35,10.159541459689155
14,36,6.776711733436715
14,37,7.47062260388422
14,38,7.267339578859559
14,39,8.616966111105144
14,40,7.515049346721662
14,41,5.012638212058711
14,42,6.5146782492958
14,43,9.60368389619554
14,44,12.504285522386088
14,45,14.248270884196007
14,46,11.651485546975966
14,47,11.512106900327918
14,48,9.349385420763081
14,49,10.290656237850103
14,50,11.534867208390528
14,51,12.694746986450701
14,52,9.494276252654089
14,53,7.757519980862386
14,54,4.882142448354245
14,55,7.575361708084104
14,56,9.071808741760057
14,57,11.025626658989268
14,58,14.44609430318022
14,59,17.50478308736689
14,60,21.12156500385543
14,61,22.919125881703252
14,62,26.5983637404901
14,63,27.621975012828244
14,64,31.07518575991513
14,65,32.323632652550984
14,66,42.82353054436956
14,67,40.91874270713919
14,68,37.402632966294675
14,69,35.272786460243694
14,70,32.48799707119685
14,71,29.701720977922733
14,72,26.584067047362556
14,73,23.438241164877358
14,74,19.82295912015662
14,75,17.119177898125287
14,76,13.281606690543539
14,77,12.624758554894088
14,78,8.819310628092197
14,79,5.760302529170694
14,80,5.530295953728403
14,81,5.485068434839246
14,82,9.102803592003335
14,83,11.731656614293174
14,84,15.321924918447536
14,85,17.067510648467117
14,86,17.641930531311523
14,87,19.376758582791727
15,1,16.51783288688878
15,2,13.63962074812619
15,3,12.509555904653634
15,4,15.94871276342262
15,5,15.781022618465734
15,6,12.434989931205594
15,7,9.817970948892178
15,8,7.609011849003729
15,9,4.990414318943729
15,10,5.433551866222991
15,11,6.6379161503449815
15,12,4.825407887831688
15,13,5.824975028447504
15,14,3.8665963310656495
15,16,3.811973105258174
15,17,7.264451391744391
15,18,10.320514533511743
15,19,13.469589851572803
15,20,16.984634648362228
15,21,19.182817094178876
15,22,22.753983395530692
15,23,25.88867999223063
15,24,29.180535445025697
15,25,30.82416244078713
15,26,28.198071530654737
15,27,27.81885445593701
15,28,25.31249760454308
15,29,25.382407312590395
15,30,21.742402892232093
15,31,18.84023430154836
15,32,15.207910966868708
15,33,13.07824065916675
15,34,9.38650943094343
15,35,8.6359411859106
15,36,6.0229652753528296
15,37,5.843527104894655
15,38,7.495449725282848
15,39,10.182387237558862
15,40,9.971608263076186
15,41,7.970206097304241
15,42,8.229270437728015
15,43,11.782465942244604
15,44,14.263483007166572
15,45,15.42204006131595
15,46,12.175639421753292
15,47,12.459768236242423
15,48,10.726262816646862
15,49,12.76143221463179
15,50,14.258708788866013
15,51,16.02441255981104
15,52,13.074546921589308
15,53,11.010902320987828
15,54,7.734678695213491
15,55,9.756212721524419
15,56,10.015555081853663
15,57,12.048380705466785
15,58,14.976136205013374
15,59,17.755990829403796
15,60,21.31805882318814
15,61,22.522143677056025
15,62,26.01649533590169
15,63,26.57615937119309
15,64,29.814705965743585
15,65,31.0020189197361
15,66,41.21439044537512
15,67,39.60489221659202
15,68,36.182085767163144
15,69,34.39676345942285
15,70,31.77745547935956
15,71,29.18068696894836
15,72,26.3839838053862
15,73,23.057524783590747
15,74,19.720909474417724
15,75,16.513930849827076
15,76,12.768798706323015
15,77,11.787731294726152
15,78,8.151863822986686
15,79,6.602994953177458
15,80,8.153628990889853
15,81,9.210130209404404
15,82,12.8193823660435
15,83,15.566893281587
15,84,19.087987877433505
15,85,20.93106642412347
15,86,21.44268140507356
15,87,23.097306138571636
16,1,13.84897762605238
16,2,11.463293646365086
16,3,10.78300082833626
16,4,14.540638944227187
16,5,14.6721930935343
16,6,11.960734098419838
16,7,10.019530690507313
16,8,8.663881705527004
16,9,4.986459829075538
16,10,6.814092945588653
16,11,9.323340812306885
16,12,8.062457063998194
16,13,9.529333592488408
16,14,6.733740265707818
16,15,3.811973105258174
16,17,3.8221585142271546
16,18,6.723763058810448
16,19,9.692991789247923
16,20,13.243115404916379
16,21,15.398496823155439
16,22,18.972209991825093
16,23,22.134231885545415
16,24,25.448864878984224
16,25,27.144424185422864
16,26,24.641143556105664
16,27,24.433887124020693
16,28,21.97102641080568
16,29,21.802059164122213
16,30,18.169004414322174
16,31,15.345747930075047
16,32,11.72212435590302
16,33,9.53556783868093
16,34,5.970824115670524
16,35,5.300440368588856
16,36,4.213091770587944
16,37,4.91746545488353
16,38,8.017613794759484
16,39,10.722468159695937
16,40,11.79502236981226
16,41,10.797464788734276
16,42,11.669676571931769
16,43,15.357317673956763
16,44,18.014369813495627
16,45,18.965837872143926
16,46,15.551777655080027
16,47,15.456968156778554
16,48,13.310755813891463
16,49,15.469240822324265
16,50,16.303469791765682
16,51,18.374936468382064
16,52,15.292623499919367
16,53,12.470301393799037
16,54,8.840142250812642
16,55,9.636938847079723
16,56,8.714949148333151
16,57,11.005999123656906
16,58,13.154478365431071
16,59,15.844366814212483
16,60,19.138996349924287
16,61,20.0315192285766
16,62,23.317349160338217
16,63,23.515881475742773
16,64,26.59439358315105
16,65,27.578569189653685
16,66,37.72748602824609
16,67,36.18841615068824
16,68,32.85604765581888
16,69,31.219489188312693
16,70,28.801434008977143
16,71,26.20506050906673
16,72,23.656253569236366
16,73,20.167156753381118
16,74,17.05614855409956
16,75,13.657737810181873
16,76,10.134869537329532
16,77,9.602852020830307
16,78,6.637224929559463
16,79,6.405696740825448
16,80,9.432526675883041
16,81,11.324710075959885
16,82,14.552802350081954
16,83,17.643231211119804
16,84,20.869173386488168
16,85,23.116872492940338
16,86,23.53177332244068
16,87,25.52971694309318
17,1,11.680816105923547
17,2,10.263629725432365
17,3,9.354636121797029
17,4,13.202085621529383
17,5,14.153363087359315
17,6,12.260160833595235
17,7,10.632580895453014
17,8,10.61156639233009
17,9,6.787626441362654
17,10,8.255855686975
17,11,11.652324379509793
17,12,11.337122897446083
17,13,13.089312407751498
17,14,10.49979603112629
17,15,7.264451391744391
17,16,3.8221585142271546
17,18,3.8131936945921945
17,19,6.540479887469882
17,20,10.129940702097658
17,21,12.771258068334106
17,22,16.101801117114498
17,23,19.535830143312943
17,24,22.712455360885283
17,25,24.773736940548897
17,26,22.577398813662533
17,27,22.49523402740073
17,28,19.97998732394502
17,29,19.297386549447626
17,30,15.567955870204859
17,31,13.29219398917657
17,32,9.610598469004971
17,33,8.144175288474827
17,34,5.694273692773746
17,35,5.2574482370309585
17,36,6.407780182616494
17,37,6.307726903845254
17,38,10.081621925498133
17,39,13.027522134821805
17,40,14.725124592938506
17,41,14.202307600880925
17,42,14.818184107599992
17,43,18.603914868969095
17,44,21.16127319499374
17,45,21.690174547725064
17,46,18.042372070175478
17,47,17.90965496737329
17,48,15.893374627401135
17,49,18.463906542209354
17,50,19.182729920523485
17,51,21.62157341424708
17,52,18.714181741624675
17,53,15.69980456641965
17,54,12.183302178232951
17,55,12.554159144790134
17,56,11.001054400140069
17,57,13.246124743355695
17,58,14.519779051997666
17,59,16.83737602596557
17,60,19.720430960101055
17,61,20.02561268501858
17,62,22.90991045690303
17,63,22.491909541324134
17,64,25.198770716898036
17,65,25.9008673038058
17,66,35.669909463430635
17,67,34.41236242635121
17,68,31.273817896813217
17,69,30.01672568501763
17,70,27.933677326768805
17,71,25.489622288007464
17,72,23.40579582317023
17,73,19.784530914724037
17,74,17.166828227554813
17,75,13.577667740080225
17,76,10.716060992544056
17,77,10.476869296735225
17,78,8.700067295320435
17,79,9.620922400499534
17,80,13.016161564820175
17,81,15.067083546985126
17,82,18.136861491388665
17,83,21.227392643249576
17,84,24.290979964578078
17,85,26.728356684985613
17,86,27.191948044827853
17,87,29.28778787838268
18,1,8.561049845978753
18,2,7.851185712193228
18,3,8.009824740640788
18,4,11.59853087725952
18,5,12.515993377382681
18,6,11.561820514712489
18,7,11.104302074302208
18,8,11.641776329074744
18,9,8.354167463904421
18,10,10.639781284995927
18,11,13.942249964094314
18,12,13.74521720102404
18,13,16.015761829941468
18,14,13.326490331396311
18,15,10.320514533511743
18,16,6.723763058810448
18,17,3.8131936945921945
18,19,3.817166197260281
18,20,6.795149785072177
18,21,9.613430069426698
18,22,12.802709646712945
18,23,16.21287775704888
18,24,19.23643994510986
18,25,21.348798649628602
18,26,19.065451831730567
18,27,18.807137103174863
18,28,16.232456331633866
18,29,15.58275718464074
18,30,11.821891216072851
18,31,9.62687916476453
18,32,5.9110317541842194
18,33,5.392310096110144
18,34,4.719803837248267
18,35,6.268404106838987
18,36,8.91557580760114
18,37,9.814075093649445
18,38,13.487431034889736
18,39,16.020578348861143
18,40,17.964101083694356
18,41,17.449279270319504
18,42,18.291076113631625
18,43,22.00742780532347
18,44,24.483129722809707
18,45,25.25053054999296
18,46,21.649485153523614
18,47,21.6542132432994
18,48,19.581315219189598
18,49,21.95883687278839
18,50,22.45595932090147
18,51,24.70501623733277
18,52,21.562725506525744
18,53,18.341406670260184
18,54,14.69340486392316
18,55,14.163146170992006
18,56,11.654088577898602
18,57,13.17603838463064
18,58,13.565760763875375
18,59,15.189760806369604
18,60,17.693073617700435
18,61,17.393793506394967
18,62,19.961869687511147
18,63,19.221003314794824
18,64,21.74970014626345
18,65,22.524693597417592
18,66,32.07421481153181
18,67,30.943407593402902
18,68,27.82791570063724
18,69,26.771012431383163
18,70,24.77328632987951
18,71,22.584796721796224
18,72,20.82105441521344
18,73,17.287877122508036
18,74,15.175270946547311
18,75,11.441316960218828
18,76,9.394255864685084
18,77,9.030220168984032
18,78,8.719289826996336
18,79,10.934104628950557
18,80,14.632347194474235
18,81,17.311328099322427
18,82,20.20832039982978
18,83,23.587223796690278
18,84,26.546488994289867
18,85,28.991292352824257
18,86,29.09151727134805
18,87,31.215331658321453
19,1,9.852927881997937
19,2,10.40116058692791
19,3,11.006632771467933
19,4,14.193482465183932
19,5,15.36284148411394
19,6,14.995686567009031
19,7,14.824153809649019
19,8,15.433463290430707
19,9,12.116280471371905
19,10,14.2614711052199
19,11,17.650505039987134
19,12,17.280582411698372
19,13,19.210403843936124
19,14,16.19158873131408
19,15,13.469589851572803
19,16,9.692991789247923
19,17,6.540479887469882
19,18,3.817166197260281
19,20,3.819679355259318
19,21,6.415993540098409
19,22,9.60008775440547
19,23,13.112413252192747
19,24,16.288184857065325
19,25,18.475303297784862
19,26,16.63750633385442
19,27,16.99499543973064
19,28,14.71951784569994
19,29,13.34297423205581
19,30,9.795123631272226
19,31,8.16914302603017
19,32,5.422684828492116
19,33,5.141150391364737
19,34,6.407950049789042
19,35,7.163927249912259
19,36,10.631753290784575
19,37,11.545646350933852
19,38,15.039307741728512
19,39,17.22000590550704
19,40,19.772053173663352
19,41,19.8995127173088
19,42,21.071661378765526
19,43,24.861579406280836
19,44,27.58608707584111
19,45,28.151402460981284
19,46,24.503549796080762
19,47,24.089121465837298
19,48,21.73428984425155
19,49,24.096269579816973
19,50,24.128892687187598
19,51,26.59365423418084
19,52,23.573321664409313
19,53,20.085630441731123
19,54,16.674441409693994
19,55,15.715458664006967
19,56,13.068099242116345
19,57,14.79656019659877
19,58,14.342812369043013
19,59,15.840078485996196
19,60,17.662588011044114
19,61,17.14846290803259
19,62,19.215085129875185
19,63,17.915413333677787
19,64,20.044825828355002
19,65,20.23909194599425
19,66,29.652354310164313
19,67,28.570954094370475
19,68,25.686543234829102
19,69,24.82443400162802
19,70,23.275869218037137
19,71,21.006094669544925
19,72,19.684905394682293
19,73,16.048204779516308
19,74,14.457404672587405
19,75,11.114906514173224
19,76,10.068762083402547
19,77,10.853728108243041
19,78,11.356223582854783
19,79,13.460223213852736
19,80,17.249951656762974
19,81,19.828634976410004
19,82,22.32831662301057
19,83,25.64596201337558
19,84,28.265508226880655
19,85,31.0207873062857
19,86,31.25405033924569
19,87,33.67270961345475
20,1,9.053582107779613
20,2,10.835587212979082
20,3,12.081884202098014
20,4,14.50716143198675
20,5,15.761050155122433
20,6,16.299780918190248
20,7,16.849330496920302
20,8,17.887596224154073
20,9,14.982868583556709
20,10,17.274450045029617
20,11,20.626929149933773
20,12,20.455012316843174
20,13,22.669670514980062
20,14,19.700653053156234
20,15,16.984634648362228
20,16,13.243115404916379
20,17,10.129940702097658
20,18,6.795149785072177
20,19,3.819679355259318
20,21,3.845009433696666
20,22,6.163356326727215
20,23,9.830740122157943
20,24,12.697334399773307
20,25,15.16806089025997
20,26,13.509734266289172
20,27,13.835960517063095
20,28,11.611964229261467
20,29,9.771536875740182
20,30,6.294189140140207
20,31,5.82925654671104
20,32,4.70597659463166
20,33,6.447006735293229
20,34,9.185414463185904
20,35,10.635989159382875
20,36,14.263994184620266
20,37,15.364117355758806
