1,2,3.8636788240601825
1,3,6.19954576915945
1,4,9.554805236895527
1,5,11.908180460435679
1,6,15.665031940847378
1,7,18.60241254062183
1,8,21.423693930843655
1,9,25.03607494413864
1,10,36.065639328481744
1,11,37.25887269579921
1,12,40.99088832529915
1,13,40.58764136013758
1,14,38.852566327096376
1,15,41.06468032298253
1,16,44.38355691050137
1,17,44.49439928494342
1,18,44.25407304960184
1,19,47.840189104909626
1,20,49.273568115100645
1,21,48.17093598301702
1,22,50.72939233187297
1,23,48.05246781107109
1,24,47.21351883394645
1,25,44.47241265037863
1,26,43.52978634435772
1,27,40.06776614918235
1,28,38.852073246994
1,29,36.10893232006851
1,30,33.62453750531435
1,31,32.10684270179171
1,32,29.12379491529137
1,33,27.47836859880217
1,34,24.699594050419247
1,35,23.768000293244004
1,36,22.42385086003606
1,37,24.73376204728895
1,38,27.228408271264186
1,39,30.27647395750768
1,40,30.77521356697859
1,41,34.21738400057196
1,42,35.70331426776985
1,43,38.81588841443414
1,44,41.74622920523072
1,45,44.733306872649685
1,46,47.89685950041452
1,47,50.339502864629445
1,48,50.61093978670165
1,49,52.70970384540892
1,50,52.33875993756971
1,51,54.54764745182148
1,52,57.37287939825027
1,53,59.59673823514433
1,54,61.95378615996133
1,55,59.15620063261243
1,56,59.305448856309624
1,57,56.639186384746
1,58,57.288130597194154
1,59,56.43378586941467
1,60,56.87484515880746
1,61,53.183153035910436
1,62,50.11068007327387
1,63,47.408753109335244
1,64,43.9993331657685
1,65,40.45999643032204
1,66,37.98403923924863
1,67,34.67256619066493
1,68,31.163566324668867
1,69,28.07826994872296
1,70,25.334822914082
1,71,21.789496538056312
1,72,21.483753849546716
1,73,19.142529482446456
1,74,20.547482892480975
1,75,15.64584088189826
1,76,16.570733826564517
1,77,17.32412420160585
1,78,21.054680145079978
1,79,23.70345929481381
1,80,26.85498960782007
1,81,30.215087519036434
1,82,31.962857456018018
1,83,35.48059625743475
1,84,35.52577166408381
1,85,39.339741309910686
1,86,42.397326637625994
1,87,44.35282515065405
1,88,47.86265294778341
1,89,48.44200578853071
1,90,51.83419582287607
1,91,53.118450274919866
1,92,54.70879278381688
1,93,52.5127392403666
1,94,54.206895003111555
2,1,3.8636788240601825
2,3,3.8285905863797645
2,4,6.201819197198479
2,5,9.225377246512027
2,6,12.808249216294277
2,7,15.979508481385096
2,8,18.99880612180393
2,9,22.690091218076226
2,10,35.56285320398004
2,11,36.982451140170376
2,12,40.60666267903764
2,13,39.87317464285381
2,14,38.27242694636249
2,15,40.77624370431781
2,16,44.19816445549925
2,17,44.61880445955123
2,18,44.482421508595166
2,19,47.947974188013234
2,20,49.440284632217306
2,21,48.629609983321544
2,22,51.39818625520551
2,23,48.84813747460912
2,24,47.75372460065482
2,25,44.99134044593898
2,26,43.86389094827546
2,27,40.28793978067911
2,28,39.13211397820025
2,29,36.20930776437904
2,30,33.990950826234425
2,31,32.233829938303685
2,32,29.376187736868268
2,33,27.37052594016662
2,34,24.97584642913159
2,35,24.150726812945717
2,36,22.448872237319872
2,37,24.60845636834072
2,38,27.043888609719573
2,39,30.137436445449598
2,40,30.981403841189792
2,41,34.404779501242686
2,42,36.2635260893776
2,43,39.444437646840925
2,44,42.52330933838978
2,45,45.5877536774374
2,46,48.597041142651015
2,47,51.249343487815466
2,48,51.79708520643221
2,49,53.849285241085646
2,50,53.31096789341739
2,51,55.294410514332014
2,52,58.17185961532526
2,53,60.25000560702162
2,54,62.5487610533375
2,55,59.6776881984978
2,56,60.019430212338484
2,57,57.51390422078539
2,58,58.361433153739696
2,59,57.73045323454394
2,60,58.28316988897578
2,61,54.53909264285781
2,62,51.450642059801915
2,63,48.55874341430727
2,64,45.30183719692731
2,65,41.654631394842106
2,66,39.20071614025945
2,67,36.012752471747014
2,68,32.4912891129609
2,69,29.666270250750852
2,70,26.60746239248789
2,71,23.136302754699933
2,72,22.468935619002266
2,73,19.936085930671485
2,74,21.438611383208286
2,75,16.69528013718859
2,76,18.243175901187552
2,77,19.019378267564374
2,78,22.854352749483596
2,79,25.55148034171232
2,80,28.397733863061294
2,81,31.71178611078938
2,82,33.05784980764851
2,83,36.47827922745714
2,84,36.24315701162702
2,85,40.05234214827218
2,86,43.30589559612906
2,87,45.391347465595125
2,88,49.00988344936905
2,89,49.86681149589477
2,90,53.36513712039408
2,91,54.88568082687724
2,92,56.445163135879554
2,93,54.252491268445624
2,94,55.832948724745535
3,1,6.19954576915945
3,2,3.8285905863797645
3,4,3.8364571291538834
3,5,5.7249045210081375
3,6,9.487110536565568
3,7,12.473108763947046
3,8,15.393322713457614
3,9,19.044588651783755
3,10,31.902056962530825
3,11,33.34020214870891
3,12,36.9326013568056
3,13,36.1110492570812
3,14,34.531334080437354
3,15,37.10905254181368
3,16,40.55559932473727
3,17,41.088360941425336
3,18,40.999200911920546
3,19,44.410466275923916
3,20,45.916177122143935
3,21,45.23574415157746
3,22,48.10300833980522
3,23,45.63096774827855
3,24,44.413182254719295
3,25,41.671524532814026
3,26,40.505495034769304
3,27,36.90610151300949
3,28,35.87614528126771
3,29,32.955936777616614
3,30,30.943399544514683
3,31,29.242888144429283
3,32,26.612090426811065
3,33,24.657958483847118
3,34,22.56403119788057
3,35,21.44050049204638
3,36,19.359606510153714
3,37,21.308716694963636
3,38,23.889850823791623
3,39,26.845745230184033
3,40,27.706875447873674
3,41,31.048773704510513
3,42,33.06412001681315
3,43,36.22403550666843
3,44,39.40483764366171
3,45,42.46450064455211
3,46,45.397037942417796
3,47,48.14770450856959
3,48,48.86060517694781
3,49,50.84502303198496
3,50,50.18698539544352
3,51,52.03541614793112
3,52,54.933077447277775
3,53,56.93392815794281
3,54,59.196090566492074
3,55,56.296839988674876
3,56,56.744414999037794
3,57,54.33988194648529
3,58,55.29184126492102
3,59,54.816363235536286
3,60,55.43202411174608
3,61,51.65925662026584
3,62,48.57556469824919
3,63,45.5657983929594
3,64,42.42512393970726
3,65,38.72317871327191
3,66,36.2813848487239
3,67,33.20637327249172
3,68,29.695763509285854
3,69,27.10534586415635
3,70,23.84265954341912
3,71,20.506750438996455
3,72,19.706951374290544
3,73,17.289034807574513
3,74,19.16381504715345
3,75,15.017664140679525
3,76,16.606929987336937
3,77,16.989799479206035
3,78,20.809587296967923
3,79,23.36286936261782
3,80,25.934337120689932
3,81,29.1205841294141
3,82,30.15367033734944
3,83,33.46364344270094
3,84,33.03174489380642
3,85,36.818785688153426
3,86,40.17193817132443
3,87,42.32829251391952
3,88,46.004667679561706
3,89,47.05297128608628
3,90,50.6210965033015
3,91,52.324765532450144
3,92,53.87471140579832
3,93,51.7247271462134
3,94,53.25514591579752
4,1,9.554805236895527
4,2,6.201819197198479
4,3,3.8364571291538834
4,5,3.836510639249693
4,6,6.816788312099937
4,7,10.262632302452946
4,8,13.260876821643526
4,9,16.997420105196763
4,10,32.02404705718401
4,11,33.616182137424964
4,12,37.054283078844435
4,13,35.85059071324939
4,14,34.37098120378474
4,15,37.220775483224145
4,16,40.76342763129303
4,17,41.58902976797429
4,18,41.67580234119742
4,19,44.93262485506946
4,20,46.42720811173525
4,21,46.04608717832523
4,22,49.10711976949049
4,23,46.82075685763432
4,24,45.39116649012029
4,25,42.70252722963745
4,26,41.41717183286425
4,27,37.76360310277012
4,28,36.88071522129938
4,29,33.86331008819733
4,30,32.197415511448206
4,31,30.352773011521045
4,32,27.96229626401773
4,33,25.74983391712503
4,34,24.13662964326367
4,35,23.066773772231446
4,36,20.631666832388742
4,37,22.274334307470387
4,38,24.788890783864247
4,39,27.64615520951228
4,40,28.77888127453044
4,41,31.986603989372
4,42,34.33197099911114
4,43,37.46693191367235
4,44,40.78287330717375
4,45,43.843156293317705
4,46,46.61358526994467
4,47,49.53184245057907
4,48,50.499453442077524
4,49,52.37757234722863
4,50,51.51920749732488
4,51,53.12294623630382
4,52,56.01803583827586
4,53,57.82988935239255
4,54,60.05822005020799
4,55,57.133078229343056
4,56,57.80085685787611
4,57,55.58838363820231
4,58,56.69891999407818
4,59,56.46191902545655
4,60,57.13485154768717
4,61,53.33050248769447
4,62,50.28876914414734
4,63,47.13017060015629
4,64,44.16979506214766
4,65,40.41852923577313
4,66,37.975586642306105
4,67,35.0982553572747
4,68,31.607571265130566
4,69,29.340429031241598
4,70,25.899692107067825
4,71,22.791878931843513
4,72,21.80010719913922
4,73,19.416767563448737
4,74,21.384270095108764
4,75,17.648560345491138
4,76,19.562573308390956
4,77,19.849153382670938
4,78,23.591860692163547
4,79,26.033021567044
4,80,28.29732282971403
4,81,31.326241244629923
4,82,31.957814994595335
4,83,35.082412999042106
4,84,34.32394954579481
4,85,38.03606954335116
4,86,41.53302451637932
4,87,43.74177702150696
4,88,47.48720497459912
4,89,48.78411418347569
4,90,52.41643772476648
4,91,54.33260496794193
4,92,55.79497909788544
4,93,53.61959456345112
4,94,54.98833188858115
5,1,11.908180460435679
5,2,9.225377246512027
5,3,5.7249045210081375
5,4,3.836510639249693
5,6,3.837770677841936
5,7,6.823538375830898
5,8,9.803072043727841
5,9,13.476909110859848
5,10,28.279349407967896
5,11,29.92308158360343
5,12,33.30913955311922
5,13,32.0506604466599
5,14,30.640730110700872
5,15,33.55943014878433
5,16,37.09272737104216
5,17,38.04111214196664
5,18,38.12208705843059
5,19,41.311625587827805
5,20,42.85646224928753
5,21,42.602412456618595
5,22,45.737777127549016
5,23,43.50787979515938
5,24,41.94417594538158
5,25,39.25905266054689
5,26,37.91103927000339
5,27,34.24643940494064
5,28,33.46242096471734
5,29,30.45536991925371
5,30,29.007234261773522
5,31,27.22404392037018
5,32,25.10015517616613
5,33,22.97654102510912
5,34,21.727247621018726
5,35,20.392751052048713
5,36,17.62041999204677
5,37,18.98153972028387
5,38,21.576054634186765
5,39,24.25613787770687
5,40,25.42753862406174
5,41,28.53149324966063
5,42,31.027972056170036
5,43,34.13807045139876
5,44,37.51306967959173
5,45,40.57167475293653
5,46,43.2401113783942
5,47,46.24644641944826
5,48,47.37154605979497
5,49,49.20554613681847
5,50,48.267446967288976
5,51,49.744254517596545
5,52,52.67405567693737
5,53,54.43558597959012
5,54,56.59537287924167
5,55,53.629592765859655
5,56,54.369101576640006
5,57,52.24430807402889
5,58,53.46808217841361
5,59,53.36393102237492
5,60,54.12620395565182
5,61,50.3177160345287
5,62,47.27189231832866
5,63,44.01281203782323
5,64,41.18423514504887
5,65,37.4017651478209
5,66,35.03486408417334
5,67,32.28258526837254
5,68,28.880264685589562
5,69,26.883069210348925
5,70,23.292258560219558
5,71,20.40430174141635
5,72,19.227241478459433
5,73,17.024899824046237
5,74,19.258511463082762
5,75,16.342407811888943
5,76,18.22290294487203
5,77,18.162568792459105
5,78,21.713211611128305
5,79,23.970073445748447
5,80,25.8691659926265
5,81,28.7284164133151
5,82,29.023837649251078
5,83,32.01026295193888
5,84,31.094117989431165
5,85,34.75675957851483
5,86,38.332296917157684
5,87,40.63417565281597
5,88,44.412292939279794
5,89,45.89290502992079
5,90,49.57713357787342
5,91,51.65477166447738
5,92,53.14084933730634
5,93,51.05570925954199
5,94,52.41125485278924
6,1,15.665031940847378
6,2,12.808249216294277
6,3,9.487110536565568
6,4,6.816788312099937
6,5,3.837770677841936
6,7,3.838389029231797
6,8,6.536965177049816
6,9,10.257002686858938
6,10,27.07696200850441
6,11,28.804979282610503
6,12,31.980354327916498
6,13,30.33067062754913
6,14,29.018430386253804
6,15,32.17802061168411
6,16,35.77126033523552
6,17,37.01410577858145
6,18,37.295194626060656
6,19,40.28587554285112
6,20,41.789841622812375
6,21,41.85795727551616
6,22,45.173793734223544
6,23,43.17569971598649
6,24,41.404333059535986
6,25,38.82939301513678
6,26,37.40598745027257
6,27,33.75266649383476
6,28,33.21317868861604
6,29,30.215667059230945
6,30,29.22970536525204
6,31,27.452185386526633
6,32,25.75436716734169
6,33,23.57959223919354
6,34,22.942283313026618
6,35,21.508633946093926
6,36,18.375203469766195
6,37,19.21246535191254
6,38,21.744982423757094
6,39,24.10171959333071
6,40,25.435604559504732
6,41,28.25866181185065
6,42,31.050495639096436
6,43,34.03949562705344
6,44,37.53115300163593
6,45,40.52147396485744
6,46,42.991223250793354
6,47,46.14157630365172
6,48,47.537451579353416
6,49,49.21464263894934
6,50,48.04864454923067
6,51,49.24103067499877
6,52,52.14148265270924
6,53,53.68612943360377
6,54,55.797724827367766
6,55,52.82845849371017
6,56,53.80678838669876
6,57,51.91197210522488
6,58,53.29330529992622
6,59,53.46417345720332
6,60,54.27894352887033
6,61,50.463943538588836
6,62,47.49813991973881
6,63,44.10311829486874
6,64,41.51708070734965
6,65,37.73318813032046
6,66,35.39575698494258
6,67,32.93240766844942
6,68,29.630638042916445
6,69,28.07780832528066
6,70,24.397532676160793
6,71,21.917758476544005
6,72,20.647861487388788
6,73,18.735445744013365
6,74,21.111939932280684
6,75,18.952224016312606
6,76,20.87151648380069
6,77,20.545023024367243
6,78,23.838806021776804
6,79,25.818870771815522
6,80,27.303168354536776
6,81,29.865622981594477
6,82,29.6766439966207
6,83,32.36312912424562
6,84,31.070876589923007
6,85,34.57570295122859
6,86,38.25737409521898
6,87,40.585601339869
6,88,44.39848967323503
6,89,46.153068700477746
6,90,49.87890277040836
6,91,52.192083177079255
6,92,53.57630412243079
6,93,51.49982955666139
6,94,52.680053897531785
7,1,18.60241254062183
7,2,15.979508481385096
7,3,12.473108763947046
7,4,10.262632302452946
7,5,6.823538375830898
7,6,3.838389029231797
7,8,3.8528553489014974
7,9,7.007379501020715
7,10,24.006236324320195
7,11,25.999934772947306
7,12,28.982245128920432
7,13,27.215999399026025
7,14,26.211540706031798
7,15,29.535853000826876
7,16,33.046896512992724
7,17,34.567342321303904
7,18,34.740887677693195
7,19,37.56864636143969
7,20,39.241568867011594
7,21,39.54330834128082
7,22,42.94220375876159
7,23,40.99026889701564
7,24,38.96799382682632
7,25,36.337359332493186
7,26,34.70138583094366
7,27,31.02418516964137
7,28,30.48847846116552
7,29,27.42045960655755
7,30,26.737931473422186
7,31,24.868859299112454
7,32,23.494298836423948
7,33,21.27085917509473
7,34,21.19739432251291
7,35,19.780663018619478
7,36,16.492859908778268
7,37,16.942268392575983
7,38,19.214524537095702
7,39,21.38206515407389
7,40,22.997994038855307
7,41,25.68014790485973
7,42,28.728474748929965
7,43,31.7269569905325
7,44,35.20177345941622
7,45,38.242751323853774
7,46,40.49026461593074
7,47,43.78232593844327
7,48,45.40923759227966
7,49,47.09941303434875
7,50,45.902461397539476
7,51,46.910870229494556
7,52,49.89947384277729
7,53,51.4019566780758
7,54,53.343515499906225
7,55,50.27580043895645
7,56,51.3143276104425
7,57,49.53220723895546
7,58,51.121784463161596
7,59,51.440547228899334
7,60,52.44612028486253
7,61,48.663736059376454
7,62,45.660058810077494
7,63,42.14659126921849
7,64,39.76199966641434
7,65,35.96412534460975
7,66,33.860080729953175
7,67,31.550436482903425
7,68,28.49350377322396
7,69,27.26720211655096
7,70,23.493179463881628
7,71,21.309914314691444
7,72,19.65520178685195
7,73,17.858370775411757
7,74,20.14013899755024
7,75,18.868591950253858
7,76,20.895370420586048
7,77,20.50796170610017
7,78,23.449653339141452
7,79,25.313958238932386
7,80,26.279635192503825
7,81,28.653234597096088
7,82,28.039264595756837
7,83,30.534421420990643
7,84,29.138751691362284
7,85,32.525914297426766
7,86,36.288041470989626
7,87,38.80174731888976
7,88,42.61988600205035
7,89,44.613088039517685
7,90,48.38339880640442
7,91,50.8705315058423
7,92,52.3438058653305
7,93,50.44834475596445
7,94,51.65963066969529
8,1,21.423693930843655
8,2,18.99880612180393
8,3,15.393322713457614
8,4,13.260876821643526
8,5,9.803072043727841
8,6,6.536965177049816
8,7,3.8528553489014974
8,9,3.8482389503570094
8,10,22.177969319548154
8,11,23.915902018541605
8,12,26.768884221833854
8,13,24.68727932815441
8,14,23.512197979538463
8,15,26.919688690970382
8,16,30.516418742195235
8,17,32.13471003535791
8,18,32.63136906109445
8,19,35.32407295972448
8,20,36.78902931552961
8,21,37.28246727275184
8,22,40.799380973204286
8,23,39.12172054247591
8,24,37.06576275762067
8,25,34.679319102984195
8,26,33.20347703328658
8,27,29.65550092826041
8,28,29.5661026855612
8,29,26.76113735022708
8,30,26.548853569659748
8,31,25.060755133436505
8,32,24.238162978291193
8,33,22.416073641850126
8,34,22.762415428511574
8,35,20.908427848987273
8,36,17.307142929975367
8,37,17.095814732656162
8,38,19.568995334338446
8,39,21.097809684122357
8,40,22.429393550815817
8,41,24.654072616479212
8,42,27.772451553935824
8,43,30.472005549108264
8,44,34.07416195251891
8,45,36.892740714132145
8,46,39.04567504910196
8,47,42.353884999881835
8,48,44.129788510448485
8,49,45.560643871099344
8,50,44.0950617091949
8,51,44.880367323809075
8,52,47.742336429546704
8,53,49.01793156770523
8,54,51.01698673761729
8,55,48.04376336426572
8,56,49.313895902785426
8,57,47.741951720871334
8,58,49.34480116879163
8,59,49.90728706487048
8,60,50.82590474347647
8,61,47.04561685785495
8,62,44.20912571486631
8,63,40.64540034247157
8,64,38.475469896269956
8,65,34.75405017944346
8,66,32.561893255994086
8,67,30.610859130390946
8,68,27.624417336918654
8,69,26.881281769247646
8,70,23.20153806021023
8,71,21.57686252774419
8,72,20.241721955567012
8,73,19.111674838155732
8,74,21.756721429841814
8,75,21.260112890406045
8,76,22.853082444945468
8,77,21.903005198306733
8,78,24.503126462350156
8,79,25.84765486797891
8,80,26.505143166813504
8,81,28.435834670505052
8,82,27.428480504859163
8,83,29.537901869145553
8,84,27.70988704622443
8,85,30.88748343657484
8,86,34.65977993125569
8,87,37.038612530669134
8,88,40.847105151022966
8,89,43.01462226150696
8,90,46.77110959512379
8,91,49.433192367707015
8,92,50.71917659229617
8,93,48.76785590048718
8,94,49.759331113171925
9,1,25.03607494413864
9,2,22.690091218076226
9,3,19.044588651783755
9,4,16.997420105196763
9,5,13.476909110859848
9,6,10.257002686858938
9,7,7.007379501020715
9,8,3.8482389503570094
9,10,19.895264179391454
9,11,21.807048368291177
9,12,24.297746640946844
9,13,21.907343224570695
9,14,21.061114294478724
9,15,24.672403013840363
9,16,28.171285557168805
9,17,30.143127945705
9,18,30.66894348657675
9,19,33.083975369673695
9,20,34.62678954089587
9,21,35.46195944150901
9,22,39.087221274351215
9,23,37.59078241052947
9,24,35.276568547742166
9,25,32.960077258751966
9,26,31.332707378917593
9,27,27.863281289637808
9,28,27.95730895224819
9,29,25.228293838258388
9,30,25.530214324075672
9,31,24.105663367278364
9,32,23.818239624450527
9,33,22.116115358582746
9,34,23.10305259271881
9,35,21.256632650491962
9,36,17.639811714406928
9,37,16.847106960246897
9,38,18.951840012374547
9,39,19.971453841665404
9,40,21.4672775093957
9,41,23.283351257329077
9,42,26.634786594839873
9,43,29.173649112774797
9,44,32.74783325231617
9,45,35.497476953369755
9,46,37.35445033411342
9,47,40.78767411299969
9,48,42.84019135922923
9,49,44.17516221900913
9,50,42.58452560276306
9,51,43.08241714110214
9,52,45.96245024876816
9,53,47.08743832733334
9,54,48.92538382807225
9,55,45.90452822955801
9,56,47.33125337110025
9,57,45.972354386558
9,58,47.78304997640365
9,59,48.583165509339366
9,60,49.64886667210953
9,61,45.928392433531265
9,62,43.14256556819257
9,63,39.47800557763419
9,64,37.611985736991805
9,65,33.956731356980725
9,66,31.994201225137047
9,67,30.357085998670836
9,68,27.691256713301417
9,69,27.415677581273894
9,70,23.802473276665335
9,71,22.65157814160014
9,72,21.14168595538596
9,73,20.322046311490993
9,74,22.83607208515611
9,75,23.15779721476718
9,76,24.714698845278644
9,77,23.658933233991153
9,78,25.83511095006852
9,79,26.92467829748816
9,80,27.04518517167331
9,81,28.626031947260064
9,82,27.120702063400856
9,83,28.85561358978893
9,84,26.797729602061597
9,85,29.703483044137624
9,86,33.50257911679658
9,87,35.98014698689745
9,88,39.74626681736004
9,89,42.189331755036505
9,90,45.94800570397701
9,91,48.81466781214985
9,92,50.102237835638945
9,93,48.307358755766366
9,94,49.232690023519076
10,1,36.065639328481744
10,2,35.56285320398004
10,3,31.902056962530825
10,4,32.02404705718401
10,5,28.279349407967896
10,6,27.07696200850441
10,7,24.006236324320195
10,8,22.177969319548154
10,9,19.895264179391454
10,11,3.878250925942278
10,12,5.682338693441433
10,13,6.218680769450369
10,14,7.345182110465756
10,15,9.322321252178435
10,16,11.190344805262747
10,17,13.429600969825675
10,18,12.290337580892475
10,19,14.447476149783975
10,20,17.11441020500817
10,21,18.046757884771296
10,22,21.387116480211592
10,23,19.61558720866124
10,24,16.546557372348015
10,25,13.905182776907727
10,26,11.738403882094058
10,27,8.599188361014262
10,28,9.85072545924257
10,29,9.016225205263916
10,30,11.79281559541615
10,31,13.047855645394666
10,32,15.926797943199826
10,33,17.47526522855052
10,34,19.999053235170273
10,35,17.51102434389584
10,36,15.74101749688831
10,37,12.705358607105403
10,38,12.82025824700984
10,39,9.482377129541806
10,40,8.914291728942613
10,41,6.963039760933783
10,42,10.123329009474741
10,43,11.458799878609867
10,44,14.479847137114865
10,45,16.957530521074435
10,46,17.988573264720593
10,47,21.6530226116645
10,48,24.302588455534405
10,49,25.686070136224995
10,50,24.34286085182972
10,51,24.57412733304914
10,52,27.91064972183822
10,53,29.49705185160207
10,54,30.64771776950527
10,55,27.214748242559352
10,56,28.23553895820133
10,57,26.854943897472413
10,58,29.19492639584229
10,59,30.20289737777273
10,60,31.98363081755838
10,61,28.604004228315624
10,62,25.713651469443914
10,63,21.898374617568336
10,64,21.06191647157639
10,65,17.94557043819568
10,66,17.738641200061473
10,67,17.489641756434978
10,68,17.358637198110227
10,69,19.258159494150224
10,70,17.41257731766782
10,71,19.141540165691996
10,72,17.880812877501423
10,73,19.704075548692604
10,74,21.251003678463178
10,75,25.768121847057138
10,76,25.480852957292647
10,77,23.520351304997586
10,78,22.55800550112107
10,79,21.609862087291773
10,80,18.927905015393325
10,81,18.074173441576587
10,82,14.539728925895723
10,83,14.014731813164437
10,84,11.971255657507582
10,85,13.281838592594237
10,86,16.724703846368133
10,87,19.94754485252357
10,88,23.25930196991625
10,89,26.346337680633184
10,90,29.961820522933383
10,91,33.1832008224696
10,92,35.02726001811258
10,93,34.3950014594759
10,94,35.843405017976686
11,1,37.25887269579921
11,2,36.982451140170376
11,3,33.34020214870891
11,4,33.616182137424964
11,5,29.92308158360343
11,6,28.804979282610503
11,7,25.999934772947306
11,8,23.915902018541605
11,9,21.807048368291177
11,10,3.878250925942278
11,12,3.8967398908547937
11,13,5.463321298524558
11,14,5.092468234402127
11,15,5.893231426371962
11,16,7.983066633265677
11,17,9.770857323305792
11,18,9.08787166021984
11,19,11.622291079380132
11,20,13.837523589899188
11,21,14.574485432365435
11,22,18.04743786909387
11,23,16.48949398394529
11,24,13.65888214124166
11,25,11.510830369553428
11,26,10.306380836383896
11,27,7.866548408966329
11,28,10.390679028302126
11,29,10.799428464429434
11,30,13.439710071050293
11,31,15.498936566887927
11,32,18.344267060198714
11,33,20.32728929785014
11,34,22.45758845793445
11,35,19.59528110218796
11,36,17.795954646999004
11,37,14.798132729549799
11,38,15.485186908772551
11,39,12.081256849116853
11,40,10.322724758018607
11,41,7.581779289267484
11,42,9.549604787831337
11,43,9.766037960599977
11,44,12.991893868252735
11,45,14.826895584275302
11,46,16.087533547188055
11,47,19.521734088849783
11,48,22.07665089466578
11,49,23.05255584423127
11,50,21.361630264716904
11,51,21.577699675169274
11,52,24.741079225845905
11,53,26.234241777818713
11,54,27.678723318134672
11,55,24.421236104184597
11,56,25.593363494429333
11,57,24.26625278185997
11,58,26.364469797472044
11,59,27.51292314445866
11,60,29.007211506706103
11,61,25.5642444525408
11,62,22.89802413413925
11,63,19.09259948705692
11,64,18.41005000037747
11,65,15.484563662263175
11,66,15.051255269154542
11,67,15.44132731280422
11,68,15.563825203060638
11,69,18.08413040641492
11,70,16.80987469325167
11,71,19.18405960211063
11,72,18.672769174634592
11,73,21.08968929580884
11,74,22.962746813458516
11,75,27.51432132419243
11,76,26.741782499009084
11,77,24.332512937810463
11,78,23.099695539196237
11,79,21.53828660598839
11,80,18.805755589522512
11,81,17.2923613277704
11,82,13.594041643816244
11,83,12.291395517029446
11,84,9.538871561792362
11,85,10.288946866300467
11,86,13.6788082247425
11,87,16.612874569594947
11,88,19.94876119119288
11,89,23.12785647634808
11,90,26.725700740351503
11,91,30.060299272584793
11,92,31.680275887172435
11,93,30.942542604279136
11,94,32.221728158636296
12,1,40.99088832529915
12,2,40.60666267903764
12,3,36.9326013568056
12,4,37.054283078844435
12,5,33.30913955311922
12,6,31.980354327916498
12,7,28.982245128920432
12,8,26.768884221833854
12,9,24.297746640946844
12,10,5.682338693441433
12,11,3.8967398908547937
12,13,3.855435721498906
12,14,5.59510357886553
12,15,5.499080027784787
12,16,5.915781613573167
12,17,8.817078727136392
12,18,7.928568208408749
12,19,9.258973341708563
12,20,11.856771045961592
12,21,13.461833130714409
12,22,16.92979539010117
12,23,15.869833156727541
12,24,12.526983898806378
12,25,10.823153163973465
12,26,9.381415805685673
12,27,7.9986164577484695
12,28,10.965385345868706
12,29,12.016430489830244
12,30,15.305929952617008
12,31,17.38639885302718
12,32,20.64263541301101
12,33,22.643351197708807
12,34,25.143000856138194
12,35,22.599243058900786
12,36,21.04721530048078
12,37,18.028869527099413
12,38,18.151829792435365
12,39,14.547992384650122
12,40,13.192478172264916
12,41,10.004287827034396
12,42,11.58407142910133
12,43,10.99338531498178
12,44,13.410590333447558
12,45,14.710896982290674
12,46,15.04633657069024
12,47,18.556478942752314
12,48,21.58731574027662
12,49,22.305711179255926
12,50,20.45422878383543
12,51,20.03838195338388
12,52,23.19200391446463
12,53,24.418955737244147
12,54,25.480797723471138
12,55,22.12248378022516
12,56,23.548241192343518
12,57,22.663772253297424
12,58,25.139731520932212
12,59,26.703987646286407
12,60,28.44494438251622
12,61,25.274325463073048
12,62,22.846870535506067
12,63,19.11021253878972
12,64,19.19469478960155
12,65,16.83121294772398
12,66,17.040457534691967
12,67,18.01301497740892
12,68,18.715808049374864
12,69,21.468633861413526
12,70,20.468708103690574
12,71,22.92442395413219
12,72,22.29499999118784
12,73,24.61075175731249
12,74,26.214507564940412
12,75,30.91967888653464
12,76,30.25952911001704
12,77,27.991081569007548
12,78,26.62226441737392
12,79,25.0374034123939
12,80,22.07877526231497
12,81,20.317176682038497
12,82,16.49356798348395
12,83,14.623163956442239
12,84,12.09855926398525
12,85,11.712355242516665
12,86,14.422466446530812
12,87,17.232298237152868
12,88,20.108773445897206
12,89,23.602903066836873
12,90,26.969761351397437
12,91,30.48371396022336
12,92,32.06273330859491
12,93,31.651790746448643
12,94,32.80500931902887
13,1,40.58764136013758
13,2,39.87317464285381
13,3,36.1110492570812
13,4,35.85059071324939
13,5,32.0506604466599
13,6,30.33067062754913
13,7,27.215999399026025
13,8,24.68727932815441
13,9,21.907343224570695
13,10,6.218680769450369
13,11,5.463321298524558
13,12,3.855435721498906
13,14,3.85057025634843
13,15,5.947709235042117
13,16,7.559984610019641
13,17,10.943295659899313
13,18,11.14215141256523
13,19,12.112066088540821
13,20,14.096287526022836
13,21,16.13229397353002
13,22,19.802578772608125
13,23,19.156000920873293
13,24,15.95498855632117
13,25,14.576192547972454
13,26,13.225827018717903
13,27,11.596445672570853
13,28,14.157554655179519
13,29,14.444121494202115
13,30,17.624703653305357
13,31,19.110064926674365
13,32,22.11937677687981
13,33,23.56135548327389
13,34,26.158510511864105
13,35,23.624747324955013
13,36,21.57363292557148
13,37,18.53154432723056
13,38,18.927769806802925
13,39,15.689957447361534
13,40,14.918824691016061
13,41,12.387314490431779
13,42,14.620412496867257
13,43,14.493293793061827
13,44,17.163917907071237
13,45,18.492919762862
13,46,18.84373714690273
13,47,22.297214283970348
13,48,25.332482067295093
13,49,25.865472718467217
13,50,23.768688127246158
13,51,23.104334144675107
13,52,26.007756415169812
13,53,26.824845245486692
13,54,27.979312274464974
13,55,24.793671501902597
13,56,26.586799491986866
13,57,26.005268536964337
13,58,28.447112000612236
13,59,30.199874072339117
13,60,31.773825979291715
13,61,28.588005682152115
13,62,26.328686794944062
13,63,22.61398642905947
13,64,22.636084887524554
13,65,20.16409450854712
13,66,19.903434328244167
13,67,20.711302048710607
13,68,20.84727778106901
13,69,23.40971316682595
13,70,21.954651164159806
13,71,24.09059325689177
13,72,23.361025962104897
13,73,25.37774901849178
13,74,27.238648118514245
13,75,31.536107237676692
13,76,31.192383037596127
13,77,28.956623814857924
13,78,28.068556927359964
13,79,26.75199281552678
13,80,24.134632441420916
13,81,22.748858642503844
13,82,19.04997951016198
13,83,17.59746665674959
13,84,14.740362200501076
13,85,14.789697415862992
13,86,17.677654485086272
13,87,20.218967756400215
13,88,23.17970109434441
13,89,26.689234959582887
13,90,30.06007741002463
13,91,33.635417295611425
13,92,34.96975984184223
13,93,34.30573605960833
13,94,35.17371543660809
14,1,38.852566327096376
14,2,38.27242694636249
14,3,34.531334080437354
14,4,34.37098120378474
14,5,30.640730110700872
14,6,29.018430386253804
14,7,26.211540706031798
14,8,23.512197979538463
14,9,21.061114294478724
14,10,7.345182110465756
14,11,5.092468234402127
14,12,5.59510357886553
14,13,3.85057025634843
14,15,3.866171245700997
14,16,7.179720990894784
14,17,9.677159477255106
14,18,10.815487677575979
14,19,12.523569229983577
14,20,13.71579666142075
14,21,15.229720351903806
14,22,19.03791491292927
14,23,18.448241363346995
14,24,15.804003244174359
14,25,14.724274363189089
14,26,14.190028830862673
14,27,12.522673271983235
14,28,15.343882270078966
14,29,15.711181649378648
14,30,18.387160692764905
14,31,20.115953995162627
14,32,22.775765195201238
14,33,24.310723720584203
14,34,26.45142476735052
14,35,23.506521464377247
14,36,21.14882458964184
14,37,18.17024124064505
14,38,19.31482185881476
14,39,16.280259059520887
14,40,14.893737151034681
14,41,12.575210770567693
14,42,14.477482596405588
14,43,14.22373275279908
14,44,17.32503591181794
14,45,18.450304948408675
14,46,19.42768713889789
14,47,22.616124339557082
14,48,25.282307968742202
14,49,25.599087552400043
14,50,23.273888546313668
14,51,22.89245735056208
14,52,25.57186498256616
14,53,26.35335305585017
14,54,28.017125136115176
14,55,25.09107297457615
14,56,26.93698729502973
14,57,26.2105593491549
14,58,28.21548364735865
14,59,29.870532053559923
14,60,31.014783541301277
14,61,27.641375059138777
14,62,25.499908352024995
14,63,21.82515135440392
14,64,21.536914353835886
14,65,18.96227775577603
14,66,18.04100595838168
14,67,18.911950969848963
14,68,18.669476234668146
14,69,21.346373543757252
14,70,19.979591652998288
14,71,22.29555589550885
14,72,22.09450944698997
14,73,24.4067048449761
14,74,26.70483585895172
14,75,30.765777526294276
14,76,30.135300448115153
14,77,27.551794806485194
14,78,26.75339720276181
14,79,25.174266363618514
14,80,22.84771835164017
14,81,21.366556069729306
14,82,17.838087472601373
14,83,16.42170850096976
14,84,13.068302584099316
14,85,13.360829818666705
14,86,16.401598719491
14,87,18.572476549543868
14,88,21.75707137702169
14,89,25.11049733432434
14,90,28.556557519161082
14,91,32.09761720488221
14,92,33.18519603170547
14,93,32.15464380679329
14,94,32.85314772842588
15,1,41.06468032298253
15,2,40.77624370431781
15,3,37.10905254181368
15,4,37.220775483224145
15,5,33.55943014878433
15,6,32.17802061168411
15,7,29.535853000826876
15,8,26.919688690970382
15,9,24.672403013840363
15,10,9.322321252178435
15,11,5.893231426371962
15,12,5.499080027784787
15,13,5.947709235042117
15,14,3.866171245700997
15,16,3.8234283034288725
15,17,5.83739672300187
15,18,7.527468302380376
15,19,9.229131564438902
15,20,10.00087879151666
15,21,11.416915949079122
15,22,15.246054141168353
15,23,14.909538117054804
15,24,12.4447776962468
15,25,11.993292760388647
15,26,12.278081298007308
15,27,11.54172760329839
15,28,14.962921282825949
15,29,16.242223057850257
15,30,18.961466181599114
15,31,21.302826727992066
15,32,24.157215478632814
15,33,26.18747444876011
15,34,28.192835287326776
15,35,25.157050603346498
15,36,23.14817153252255
15,37,20.202348010245785
15,38,21.262586178508304
15,39,17.943560942659538
15,40,15.913616529137535
15,41,12.982042241501945
15,42,13.888187597418957
15,43,12.64291453739553
15,44,15.379078265584043
15,45,15.805588485354162
15,46,16.701085230154188
15,47,19.59564730639532
15,48,22.21728767257403
15,49,22.19641507806456
15,50,19.661575882507336
15,51,19.19028028496712
15,52,21.765931276411568
15,53,22.54584937531893
15,54,24.324793682352816
15,55,21.49118648469005
15,56,23.370195514624307
15,57,22.69810672452926
15,58,24.574533364668845
15,59,26.3580712570328
15,60,27.388980278386235
15,61,24.081399075788646
15,62,22.16152774079242
15,63,18.591283381772808
15,64,18.6795507909715
15,65,16.55496736593945
15,66,15.860311725935105
15,67,17.42666596628761
15,68,17.806118645893772
15,69,20.963740547754057
15,70,20.288030965677645
15,71,23.107867459809324
15,72,23.306350032629837
15,73,26.025167991189043
15,74,28.24206130849125
15,75,32.58478840362702
15,76,31.563482802790205
15,77,28.790580933716093
15,78,27.54693420175694
15,79,25.505221369860987
15,80,22.941458851751037
15,81,20.864574272879686
15,82,17.259484097713337
15,83,15.098859601405412
15,84,11.67454503240163
15,85,10.952260991920616
15,86,13.453769913565148
15,87,15.308664201559855
15,88,18.270193832969778
15,89,21.74584184466971
15,90,25.068467423669485
15,91,28.698642586751134
15,92,29.697111755208198
15,93,28.802198762703682
15,94,29.455487204387218
16,1,44.38355691050137
16,2,44.19816445549925
16,3,40.55559932473727
16,4,40.76342763129303
16,5,37.09272737104216
16,6,35.77126033523552
16,7,33.046896512992724
16,8,30.516418742195235
16,9,28.171285557168805
16,10,11.190344805262747
16,11,7.983066633265677
16,12,5.915781613573167
16,13,7.559984610019641
16,14,7.179720990894784
16,15,3.8234283034288725
16,17,3.8638839304467063
16,18,5.231065484660396
16,19,5.6711734695612215
16,20,6.657395016824381
16,21,8.811970332698465
16,22,12.542249374692366
16,23,12.611094165515354
16,24,9.809048869223814
16,25,10.025760281710372
16,26,10.623665586089238
16,27,11.055843188710497
16,28,14.771440084327248
16,29,16.77860948041452
16,30,19.79357542292018
16,31,22.42729876871159
16,32,25.606372175860304
16,33,27.92020605513512
16,34,30.088293827661026
16,35,27.241559558606042
16,36,25.63595980896605
16,37,22.68308318804522
16,38,23.27984278895103
16,39,19.69094699924496
16,40,17.600429848965366
16,41,14.174907034650516
16,42,14.467882423016738
16,43,12.435992631048181
16,44,14.342512794695065
16,45,14.103064594016994
16,46,14.276665227661494
16,47,17.03025014669666
16,48,19.94474433500443
16,49,19.661790449565828
16,50,17.023634354269777
16,51,16.074600495887136
16,52,18.692469038974274
16,53,19.406428435738725
16,54,20.87588949519405
16,55,17.92442591249065
16,56,19.909719493514775
16,57,19.51646527891068
16,58,21.64736802639845
16,59,23.730654691196314
16,60,24.979816860249187
16,61,21.936410054078415
16,62,20.22592180457974
16,63,16.78589595970919
16,64,17.60896196044566
16,65,16.117141266074036
16,66,16.187336988946214
16,67,18.29110156587053
16,68,19.416497159970593
16,69,22.801284803652315
16,70,22.571070716285256
16,71,25.597902181465418
16,72,25.759471628278355
16,73,28.566689493287402
16,74,30.476683421702216
16,75,35.133307140035676
16,76,34.01454940412581
16,77,31.31811251013957
16,78,29.723107988656565
16,79,27.519944072106732
16,80,24.630936791916405
16,81,22.185762705356268
16,82,18.478149940266533
16,83,15.734073165630916
16,84,12.755907131296109
16,85,10.942142559806998
16,86,12.564921336431471
16,87,14.288562518739731
16,88,16.689628264998255
16,89,20.404434055946496
16,90,23.46957499084719
16,91,27.211601130521714
16,92,28.26457210577654
16,93,27.797319498623125
16,94,28.476906865330495
17,1,44.49439928494342
17,2,44.61880445955123
17,3,41.088360941425336
17,4,41.58902976797429
17,5,38.04111214196664
17,6,37.01410577858145
17,7,34.567342321303904
17,8,32.13471003535791
17,9,30.143127945705
17,10,13.429600969825675
17,11,9.770857323305792
17,12,8.817078727136392
17,13,10.943295659899313
17,14,9.677159477255106
17,15,5.83739672300187
17,16,3.8638839304467063
17,18,3.871451640999701
17,19,5.3505628775457215
17,20,4.910910668470227
17,21,5.592100268064662
17,22,9.432521955169832
17,23,9.534790749575762
17,24,7.597779335294082
17,25,8.660670748245442
17,26,10.596904893656232
17,27,11.591697134133012
17,28,15.392383801503286
17,29,17.832896585161688
17,30,20.39506326157869
17,31,23.437349173203646
17,32,26.443045669381803
17,33,29.083047101365867
17,34,30.870081074485263
17,35,27.825878054629555
17,36,26.381273256068166
17,37,23.578252408727398
17,38,24.435412635930316
17,39,20.90258459632656
17,40,18.22035551998703
17,41,14.79389540247349
17,42,14.169505781132624
17,43,11.492553622742607
17,44,13.167501847273945
17,45,12.216297672452454
17,46,12.905770890017658
17,47,15.080796684358367
17,48,17.532281680836363
17,49,16.925549090628387
17,50,14.074356184873237
17,51,13.526306047620421
17,52,15.99709232465419
17,53,16.961573611286752
17,54,18.92051216516682
17,55,16.21306679491671
17,56,17.98903500683716
17,57,17.302487480511264
17,58,18.928314259492108
17,59,20.875149995802108
17,60,21.758859785985265
17,61,18.585370866040762
17,62,17.041157659508553
17,63,13.734794409445485
17,64,14.598993793181563
17,65,13.494802284785766
17,66,13.437335634859929
17,67,16.077588751952344
17,68,17.52835313529746
17,69,21.1762949774693
17,70,21.54538331064235
17,71,24.90510056393678
17,72,25.56679289771037
17,73,28.71517009151737
17,74,30.703492506300012
17,75,35.37916125028952
17,76,33.85711369664432
17,77,30.9330578667179
17,78,29.0693256588542
17,79,26.467218689698818
17,80,23.618119441387517
17,81,20.76998283655448
17,82,17.28974199596375
17,83,14.146413971073157
17,84,11.209671672938889
17,85,8.669688845915912
17,86,9.574317916895993
17,87,10.707434828403205
17,88,13.061937584397194
17,89,16.740846975488765
17,90,19.79960053343472
17,91,23.549379716744127
17,92,24.48798736228741
17,93,23.942910739097847
17,94,24.63457843027892
18,1,44.25407304960184
18,2,44.482421508595166
18,3,40.999200911920546
18,4,41.67580234119742
18,5,38.12208705843059
18,6,37.295194626060656
18,7,34.740887677693195
18,8,32.63136906109445
18,9,30.66894348657675
18,10,12.290337580892475
18,11,9.08787166021984
18,12,7.928568208408749
18,13,11.14215141256523
18,14,10.815487677575979
18,15,7.527468302380376
18,16,5.231065484660396
18,17,3.871451640999701
18,19,3.8275132327266492
18,20,5.869794231815503
18,21,5.923612937079269
18,22,9.137614461432417
18,23,8.022644801305555
18,24,4.9919323200138495
18,25,4.993174334400752
18,26,6.781104784519901
18,27,8.316075121564097
18,28,12.092514832225453
18,29,14.952918473879256
18,30,17.579254449131437
18,31,20.796498031898288
18,32,23.98204722629133
18,33,26.852712475802647
18,34,28.73580643088501
18,35,25.931709569996748
18,36,24.94887676609456
18,37,22.1952868006304
18,38,22.55505382322892
18,39,18.873119293715686
18,40,16.194275194747004
18,41,12.507929632852155
18,42,11.477668403468762
18,43,8.497835275261906
18,44,9.675172131047097
18,45,8.927384327709653
18,46,9.41697408930919
18,47,12.096278944886349
18,48,14.846348154107583
18,49,14.888838199667793
18,50,12.677243087531199
18,51,12.515627092562474
18,52,15.673404457081809
18,53,17.33558146611506
18,54,18.76636106875167
18,55,15.569488433920842
18,56,16.69827585013006
18,57,15.514924980489264
18,58,17.5520462388212
18,59,19.16579333052679
18,60,20.63546821502949
18,61,17.478456873764657
18,62,15.367928095026347
18,63,11.796647777214696
18,64,12.675917779362843
18,65,11.464244085909307
18,66,12.330954457443504
18,67,14.738975794513573
18,68,16.714515856940448
18,69,20.223819164628257
18,70,20.677477383625074
18,71,23.989790193169046
18,72,24.321988385770226
18,73,27.404279744446736
18,74,28.97578386511901
18,75,33.96131682240956
18,76,32.45573091796089
18,77,29.77099298699911
18,78,27.62056031092888
18,79,25.112331760287084
18,80,21.918548069974964
18,81,19.01432993180074
18,82,15.403614597060823
18,83,12.091293861700759
18,84,9.903485640075774
18,85,7.073971321223065
18,86,7.932990671925352
18,87,10.137258632242176
18,88,12.470508440600655
18,89,16.138197110539934
18,90,19.290351200481872
18,91,22.908456441424196
18,92,24.422021015998236
18,93,24.31771015033729
18,94,25.553605249652477
19,1,47.840189104909626
19,2,47.947974188013234
