1,2,3.813146223647012
1,3,7.154866486971012
1,4,9.843852462284664
1,5,13.052234394945565
1,6,16.574014811255452
1,7,18.52937165517153
1,8,22.29503153715232
1,9,25.217046421929794
1,10,27.57560261554556
1,11,30.760237954785634
1,12,29.905943732681877
1,13,30.856347227334567
1,14,30.563060365101848
1,15,27.400335736742054
1,16,24.85273009105052
1,17,21.735141375257246
1,18,18.81393674617672
1,19,15.429051964059855
1,20,12.520465403524566
1,21,8.778588235382157
1,22,8.639158320116637
1,23,7.213486976262561
1,24,8.606402293482228
1,25,6.312841977416517
1,26,8.32744515088451
1,27,11.440197494513411
1,28,13.509436449439988
1,29,14.89477127484941
1,30,15.868094269724688
1,31,18.905825491449097
1,32,17.241593606108978
1,33,15.661808318123478
1,34,19.215728366461313
1,35,20.682613243682614
1,36,18.539164550293712
1,37,19.407890211913617
1,38,22.9892818684683
1,39,23.14636555001661
1,40,21.660645125372366
1,41,23.402959676853992
1,42,26.453229770835236
1,43,29.565233002457894
1,44,32.793179722846226
1,45,33.92612712927012
1,46,31.23545739082556
1,47,29.31295522161787
1,48,32.277042578479715
1,49,30.474702200431814
1,50,26.93667124569884
1,51,23.964527930652082
1,52,24.844114658284692
1,53,23.80976909062722
1,54,21.21023467772074
1,55,22.599783873206206
1,56,21.7041342886677
1,57,23.1321660679228
1,58,26.47292045457071
1,59,26.808602014580714
1,60,26.782541626844434
1,61,24.825139313895423
1,62,23.125475661300612
1,63,19.45580432136032
1,64,19.4134631549708
1,65,15.822219884466964
1,66,12.298994962425462
1,67,12.149874424862068
1,68,15.062679611664866
1,69,13.202659397121023
1,70,12.616151433245403
1,71,11.194534017470039
1,72,14.180410246425216
1,73,16.29458378244949
1,74,18.32599838633413
1,75,19.46109850941929
1,76,22.448735620118025
1,77,22.762678509404203
1,78,26.184294495236205
1,79,28.4703149431046
1,80,30.09839711705383
1,81,30.45282578888833
1,82,32.3030349238675
1,83,29.895661374585192
1,84,31.416225758323353
1,85,31.310415087169453
1,86,31.242249901570123
1,87,29.97033220633189
1,88,26.772188027243722
1,89,25.421383098200653
1,90,29.00871723002127
2,1,3.813146223647012
2,3,3.792136080493321
2,4,6.566292274055203
2,5,9.411479013497937
2,6,12.905325192386282
2,7,14.745595170147576
2,8,18.512053406569795
2,9,21.443873393337213
2,10,23.774869075532315
2,11,26.94857871201826
2,12,26.138505019852232
2,13,27.134600893574618
2,14,26.959385106176217
2,15,23.813772007736425
2,16,21.363400890109318
2,17,18.14261171093381
2,18,15.366284056662911
2,19,12.07922518639244
2,20,9.091147330627827
2,21,5.5237920948859625
2,22,5.133314881504112
2,23,4.897795786610418
2,24,7.785793210567385
2,25,6.6132863782709
2,26,7.0515278180078615
2,27,9.786212897157942
2,28,12.532695022974098
2,29,13.214313189070346
2,30,13.41880071992799
2,31,16.527309446482334
2,32,15.0063934229985
2,33,12.808904798351886
2,34,16.139620904869375
2,35,17.91102929780565
2,36,15.726467721224807
2,37,16.109481752469915
2,38,19.77908540105581
2,39,20.185400550515666
2,40,18.5503281688319
2,41,19.968678871177072
2,42,23.13724448982956
2,43,26.105174186955814
2,44,29.358126278078075
2,45,30.322698816076485
2,46,27.542060390270347
2,47,25.730945060465878
2,48,28.806474812784
2,49,27.147243809273288
2,50,23.610707180412316
2,51,20.54124555292897
2,52,21.554493351259545
2,53,20.382423345259276
2,54,17.639180567398768
2,55,19.006453108381614
2,56,18.17744163026935
2,57,19.522518932905246
2,58,22.951484715547018
2,59,23.254921237907812
2,60,23.478740968586976
2,61,21.602731592146874
2,62,19.866571135916523
2,63,16.2830241335319
2,64,16.658246541689966
2,65,13.283398287935647
2,66,9.55156678145032
2,67,10.00431892522011
2,68,12.405704791122181
2,69,10.000522423429558
2,70,9.699456504618068
2,71,8.433506775878012
2,72,11.282272286257855
2,73,12.98584354513383
2,74,14.694251420302615
2,75,15.706881609756003
2,76,18.653144040875002
2,77,19.03121336812279
2,78,22.514215005823118
2,79,24.93499408786692
2,80,26.583463770767683
2,81,26.9493465962608
2,82,28.655568520527847
2,83,26.190852582558676
2,84,27.639512626722517
2,85,27.589746081502913
2,86,27.51164158843403
2,87,26.342710486024792
2,88,23.10390409570499
2,89,21.947511946869074
2,90,25.597598155273303
3,1,7.154866486971012
3,2,3.792136080493321
3,4,3.7905225121020365
3,5,6.219976892556318
3,6,9.986748148466718
3,7,12.228267649108828
3,8,15.862692961311415
3,9,19.079640835865654
3,10,21.221858433298156
3,11,24.206515578030096
3,12,23.497941394188835
3,13,24.195094198257934
3,14,24.24609434310305
3,15,21.363017138941355
3,16,18.74554567769861
3,17,15.67678066509515
3,18,13.457433145845238
3,19,10.115362550288257
3,20,7.855278057309153
3,21,5.433501920352594
3,22,5.198054602264264
3,23,6.558620348553342
3,24,10.213104638428245
3,25,10.017994883997863
3,26,9.704264575062943
3,27,11.751823762557736
3,28,14.737535165658924
3,29,14.553915180480804
3,30,13.748845350234955
3,31,17.00634465106784
3,32,15.95560157714815
3,33,13.04533829580487
3,34,15.7796307789124
3,35,18.087596137574817
3,36,15.952994654283804
3,37,15.426646883975389
3,38,19.161849938661508
3,39,19.959100893380036
3,40,17.9650608025396
3,41,18.71146220851201
3,42,22.144683614082798
3,43,24.727731629081358
3,44,28.055017516046057
3,45,28.576678985856717
3,46,25.546098619479057
3,47,24.12613570931375
3,48,27.452433770245765
3,49,26.089110577437143
3,50,22.645441510421985
3,51,19.364490776753076
3,52,20.434301173086233
3,53,18.738338011808693
3,54,15.558516112856186
3,55,16.34030263063899
3,56,15.036473719721984
3,57,16.093549495053374
3,58,19.51434996419287
3,59,20.150925322887012
3,60,20.390088730320972
3,61,18.911280510704874
3,62,17.608772782472116
3,63,14.301201869751132
3,64,15.463474539008478
3,65,12.620814308655858
3,66,9.030141929138269
3,67,9.267973325678652
3,68,10.562808527439646
3,69,7.463776196398511
3,70,6.429198331679103
3,71,4.806727698736065
3,72,7.608810150635614
3,73,9.22263401651781
3,74,11.201017743933898
3,75,12.633700482077732
3,76,15.90042660493026
3,77,16.89507605884948
3,78,20.497749322908838
3,79,23.310888980690976
3,80,24.75321098654751
3,81,24.812408431908
3,82,26.203498203178626
3,83,23.454360342165273
3,84,24.697317181344623
3,85,24.331947114152094
3,86,24.19281554511098
3,87,22.884802739362094
3,88,19.792166587302408
3,89,18.489968659755185
3,90,22.1580248057832
4,1,9.843852462284664
4,2,6.566292274055203
4,3,3.7905225121020365
4,5,3.8302452145482517
4,6,7.17867480349775
4,7,10.084529281459108
4,8,13.545896991270785
4,9,16.990850835565162
4,10,19.49315363556235
4,11,22.170729502008868
4,12,21.0040592223673
4,13,21.436505118991754
4,14,21.132200688618873
4,15,18.281709547201025
4,16,15.414880791431445
4,17,12.60235505854692
4,18,10.395963956999557
4,19,6.797709342837012
4,20,5.622252061416651
4,21,4.689414608807702
4,22,6.460015119466442
4,23,9.279954273741033
4,24,12.966880140822665
4,25,12.46939243347504
4,26,11.152804552224323
4,27,13.265510663727976
4,28,16.714584559929126
4,29,16.54546884396371
4,30,15.380022816043637
4,31,18.19235013943905
4,32,16.8339168149233
4,33,13.552413260118481
4,34,15.9010195976586
4,35,17.994349051918427
4,36,15.390871059871797
4,37,14.379021235487366
4,38,18.14691072303395
4,39,18.632903339126358
4,40,16.067605877664587
4,41,16.665704961709338
4,42,20.311835624231044
4,43,22.682862813890004
4,44,26.210607354323063
4,45,26.600529064630468
4,46,23.65912389022658
4,47,22.640828074622284
4,48,26.13993181543485
4,49,25.268025375957958
4,50,21.743248792078298
4,51,18.695041229681312
4,52,20.377313801453173
4,53,18.75708909442846
4,54,15.439824385906308
4,55,16.068143506030175
4,56,14.674331488087802
4,57,14.877815950885228
4,58,18.540825033047575
4,59,19.56760523353401
4,60,20.383693638456105
4,61,19.40224180707486
4,62,18.248838082105237
4,63,15.357745735859568
4,64,17.14449294788235
4,65,14.7780410488977
4,66,11.335380969820003
4,67,12.245401996625702
4,68,12.746400890654185
4,69,9.074078226424575
4,70,7.837473836719905
4,71,5.296355467403551
4,72,5.95194891955067
4,73,7.930989738384066
4,74,9.375098838202145
4,75,11.411514481336681
4,76,14.517226859538395
4,77,15.757331827851083
4,78,19.531382340126747
4,79,22.53749342577137
4,80,24.286919397287384
4,81,24.553285454084808
4,82,25.453758489031188
4,83,22.497812591108623
4,84,23.20044592624317
4,85,22.762847044884406
4,86,22.091355391014215
4,87,20.464415089130128
4,88,17.20997843313734
4,89,15.674409094937673
4,90,19.218386736183565
5,1,13.052234394945565
5,2,9.411479013497937
5,3,6.219976892556318
5,4,3.8302452145482517
5,6,3.8294188053258145
5,7,6.641002747155177
5,8,9.988983474300932
5,9,13.503296752736844
5,10,15.792954398751748
5,11,18.450143310143968
5,12,17.501859575521735
5,13,18.006715336751792
5,14,18.079501918732632
5,15,15.345919099606187
5,16,12.727118630211407
5,17,9.737168867943032
5,18,8.307432379738477
5,19,5.5742078871722915
5,20,5.334035465862544
5,21,6.560702831569943
5,22,7.271095533929667
5,23,10.529654693165067
5,24,14.240944202590494
5,25,14.613331228600186
5,26,12.802322111231547
5,27,13.956244013391029
5,28,17.34928619201573
5,29,16.42667448963772
5,30,14.454689493503285
5,31,17.05820155407515
5,32,16.197658795864367
5,33,12.535946405649938
5,34,14.056200889724286
5,35,16.53657163489478
5,36,14.279593654581578
5,37,12.414176701370868
5,38,15.98900381372076
5,39,16.997826970677803
5,40,14.430614304155087
5,41,14.230088509639003
5,42,17.92667080556726
5,43,19.926735936213607
5,44,23.375512979289958
5,45,23.427995321008847
5,46,20.296197313661473
5,47,19.492142159341082
5,48,23.104575355602616
5,49,22.421951862921613
5,50,19.07450611832666
5,51,15.92513608065692
5,52,17.628384347582543
5,53,15.727699326099174
5,54,12.254015102982564
5,55,12.60605459207313
5,56,11.263197690292891
5,57,11.258284455787345
5,58,15.010122757689965
5,59,15.974348686803335
5,60,17.12727938684224
5,61,16.339134950091854
5,62,15.27940226949557
5,63,12.831582124233345
5,64,15.19641937636742
5,65,13.554873941790309
5,66,10.693593930473005
5,67,12.005318867818417
5,68,11.463134750627201
5,69,7.639925082212516
5,70,7.0944980404772355
5,71,5.921035394070255
5,72,5.399775540612133
5,73,5.43519955486625
5,74,5.763626784178755
5,75,7.6584760979333595
5,76,10.760479617199039
5,77,12.325815480441806
5,78,16.096621906417184
5,79,19.30975892957553
5,80,20.92752753301544
5,81,21.093702827847647
5,82,21.77695801212965
5,83,18.74046695154465
5,84,19.371430351057104
5,85,18.978733910478386
5,86,18.393536778540746
5,87,17.00335478133272
5,88,13.722829193579589
5,89,12.62607494410208
5,90,16.32784800012843
6,1,16.574014811255452
6,2,12.905325192386282
6,3,9.986748148466718
6,4,7.17867480349775
6,5,3.8294188053258145
6,7,3.7953882211061183
6,8,6.551371077014904
6,9,10.222358513011795
6,10,12.793102192337814
6,11,15.15353522174126
6,12,13.857703977455943
6,13,14.324881483219606
6,14,14.272831086330891
6,15,11.531369404482584
6,16,9.018041809298992
6,17,5.989349160674309
6,18,5.446974117555898
6,19,4.329246311750795
6,20,6.092171198201588
6,21,8.959178177948662
6,22,9.947300708453549
6,23,13.508862359822857
6,24,17.0033768362214
6,25,17.50535339159156
6,26,15.100035369746282
6,27,15.804202083644935
6,28,19.24690602670785
6,29,18.103840343510527
6,30,15.740722062616335
6,31,17.708134398412525
6,32,16.876413336867707
6,33,13.110504576186377
6,34,13.759975482768638
6,35,16.03858505060363
6,36,13.77288925298039
6,37,11.164531874930779
6,38,14.355558023516087
6,39,15.35157347587202
6,40,12.465117018955034
6,41,11.57663618734539
6,42,15.341996589181907
6,43,16.893539902678537
6,44,20.408008797359564
6,45,20.20303363939054
6,46,17.114295754489945
6,47,16.767460034626204
6,48,20.50099874321194
6,49,20.35092079748212
6,50,17.119812589697204
6,51,14.305053280441761
6,52,16.521138390901694
6,53,14.76095542169162
6,54,11.458802943134547
6,55,11.68545271073147
6,56,10.710301638910892
6,57,9.781912561132305
6,58,13.599429206634994
6,59,14.644792813721347
6,60,16.569790849516124
6,61,16.219742067387617
6,62,15.222403536943387
6,63,13.505464247621891
6,64,16.27961501416053
6,65,15.335153659779383
6,66,13.01753926164914
6,67,14.836677225738779
6,68,13.714033114129197
6,69,10.130119506357007
6,70,10.1141287966511
6,71,9.35667143660963
6,72,7.626622677212594
6,73,6.573854336595654
6,74,4.627483637729317
6,75,6.253890269318179
6,76,8.465684530906435
6,77,10.202257408767958
6,78,13.924213246530362
6,79,17.250197146607707
6,80,19.10382455251402
6,81,19.515493847734756
6,82,19.667422016196852
6,83,16.565957704819144
6,84,16.66029484209327
6,85,16.42996234448601
6,86,15.40699734618301
6,87,14.036442885359419
6,88,10.491051071532885
6,89,9.81040830160603
6,90,13.419862309555992
7,1,18.52937165517153
7,2,14.745595170147576
7,3,12.228267649108828
7,4,10.084529281459108
7,5,6.641002747155177
7,6,3.7953882211061183
7,8,3.7876524854174143
7,9,6.92642344283358
7,10,9.589396147807637
7,11,12.409627913307823
7,12,11.406271869004305
7,13,12.761308735617071
7,14,13.085716603800648
7,15,10.09953846947623
7,16,8.829060161339457
7,17,5.242087752931154
7,18,5.315577045693995
7,19,6.355775062863147
7,20,7.291271842269586
7,21,10.54010658365464
7,22,10.684281973810503
7,23,14.104278913470244
7,24,17.168997490726824
7,25,18.231074550905014
7,26,15.468137647030273
7,27,15.278416058997143
7,28,18.44563268885068
7,29,16.86242002945485
7,30,14.108177745186412
7,31,15.47682269583632
7,32,14.97166738785878
7,33,11.271262543281159
7,34,10.99867994168257
7,35,13.319601778254832
7,36,11.569061806172723
7,37,8.354028426707126
7,38,11.105023640478224
7,39,12.627931684091738
7,40,10.181278803466764
7,41,8.586718957347854
7,42,12.170908370891304
7,43,13.630861268424836
7,44,16.981068682436568
7,45,16.811375341975417
7,46,13.661399664595304
7,47,13.0536724227686
7,48,16.771276363474986
7,49,16.583801905124727
7,50,13.439977636690658
7,51,10.661819718662567
7,52,13.042379222830256
7,53,11.531138903913433
7,54,8.641786040910045
7,55,9.480424387019054
7,56,9.696431289512468
7,57,9.167427911984888
7,58,12.78565982124653
7,59,12.972534300229084
7,60,15.415105467118721
7,61,14.747026533034227
7,62,13.239351045289315
7,63,11.927693789579132
7,64,14.636266972977854
7,65,14.264374228129773
7,66,12.627461750859112
7,67,15.070156553896496
7,68,13.689967839552619
7,69,10.667636134780029
7,70,11.86081590398847
7,71,12.120870251055988
7,72,10.951289074119718
7,73,8.972197431528146
7,74,5.89323174375788
7,75,4.969348214290464
7,76,5.613167995400788
7,77,6.557553007225933
7,78,10.272352740277679
7,79,13.500625540028784
7,80,15.547043706917274
7,81,16.318666377480536
7,82,16.544879436864107
7,83,13.77212257702931
7,84,14.12005091565125
7,85,14.652127733678386
7,86,14.004517164835507
7,87,13.533057338214864
7,88,9.938159237556867
7,89,10.66858287689236
7,90,14.094131446972186
8,1,22.29503153715232
8,2,18.512053406569795
8,3,15.862692961311415
8,4,13.545896991270785
8,5,9.988983474300932
8,6,6.551371077014904
8,7,3.7876524854174143
8,9,3.8147143660002323
8,10,6.515297833470236
8,11,8.820785305096468
8,12,7.660108927607715
8,13,9.110804018656966
8,14,9.818668771039983
8,15,7.228829769802138
8,16,6.941281823119533
8,17,4.3765670333034095
8,18,6.744190823081833
8,19,9.075131977375142
8,20,10.79540922328644
8,21,14.232587122258852
8,22,14.443148703285773
8,23,17.793090929746555
8,24,20.743860673986454
8,25,21.938277724615045
8,26,19.06847726324491
8,27,18.619605665813825
8,28,21.621232476538484
8,29,19.79907272196504
8,30,16.786979160262504
8,31,17.660350493440905
8,32,17.46526207547488
8,33,13.983926528467052
8,34,12.809031510316196
8,35,14.908617405729123
8,36,13.583556834218099
8,37,9.931428384056312
8,38,11.603269707437738
8,39,13.298083392756205
8,40,10.950590411567221
8,41,8.180525178964402
8,42,11.327303873712594
8,43,11.728268754379295
8,44,14.914597568129818
8,45,14.071864033460185
8,46,10.783179784713639
8,47,11.080419208195439
8,48,14.901206122421542
8,49,15.463581206233288
8,50,12.846870792270474
8,51,10.637941818161051
8,52,13.180996550303952
8,53,11.682059905863373
8,54,9.329528020171784
8,55,9.503045150073186
8,56,10.008949312859823
8,57,8.534162392537148
8,58,11.581710877326628
8,59,11.813413427101569
8,60,14.919413637798856
8,61,14.88747384951163
8,62,13.787810041846353
8,63,13.498871817554688
8,64,16.488193183901828
8,65,16.859047435616166
8,66,15.800498276413466
8,67,18.167792925959397
8,68,16.277674921073242
8,69,13.620866176712132
8,70,14.75494444783513
8,71,15.172551613860243
8,72,13.431848051080943
8,73,11.014488848253452
8,74,7.324104174437163
8,75,5.985903688277624
8,76,4.516491311416853
8,77,5.882586151602519
8,78,8.817954616399243
8,79,12.160612638438803
8,80,14.139372598827196
8,81,14.944678759100547
8,82,14.377311557239146
8,83,11.5377699823951
8,84,11.123393064194067
8,85,11.844125857836664
8,86,10.818909662185666
8,87,10.705945730043181
8,88,7.187129813849249
8,89,9.02507154612632
8,90,11.91091011617186
9,1,25.217046421929794
9,2,21.443873393337213
9,3,19.079640835865654
9,4,16.990850835565162
9,5,13.503296752736844
9,6,10.222358513011795
9,7,6.92642344283358
9,8,3.8147143660002323
9,10,3.811487160093767
9,11,6.308926921870641
9,12,5.43666987363972
9,13,8.312141339150008
9,14,9.377727225354693
9,15,7.085616884639826
9,16,8.671960811378565
9,17,6.950889619712391
9,18,9.219326893823654
9,19,12.19713141068454
9,20,13.57567357473813
9,21,17.04738140990886
9,22,16.95135267324983
9,23,20.09971272588744
9,24,22.640723782777492
9,25,24.102739901695045
9,26,21.033345148803452
9,27,20.016580168961525
9,28,22.678915380662872
9,29,20.64102820018058
9,30,17.520786705302978
9,31,17.630764405330414
9,32,17.706250071257553
9,33,14.679027913280471
9,34,12.59437001424695
9,35,14.270563086209561
9,36,13.617759269360826
9,37,9.851763691111774
9,38,10.204812015231841
9,39,12.2108981778187
9,40,10.607678121055491
9,41,7.018038520288782
9,42,9.106297307224292
9,43,8.671121881692832
9,44,11.466640503226383
9,45,10.360491670587418
9,46,6.977666755099744
9,47,7.543745048106828
9,48,11.331575685574675
9,49,12.35933534590713
9,50,10.254615900174466
9,51,8.837160141197481
9,52,11.54361698614842
9,53,10.692692919965376
9,54,9.555694843761504
9,55,10.150363732827966
9,56,11.73599345467819
9,57,10.589242093649627
9,58,12.81210101111982
9,59,12.212448099064042
9,60,15.725115708165182
9,61,15.5826973340354
9,62,14.202602286652874
9,63,14.554079963661605
9,64,17.239394081287564
9,65,18.143992043505634
9,66,17.677124576106127
9,67,20.34710607992006
9,68,18.387551423051416
9,69,16.240393346822326
9,70,17.90870930534794
9,71,18.697593079485713
9,72,17.174398413838965
9,73,14.566533624615158
9,74,10.82157720032565
9,75,8.62853426854558
9,76,5.533638821774737
9,77,5.06658418727569
9,78,6.473467472405023
9,79,9.306703312993433
9,80,11.590959754360576
9,81,12.99988265009537
9,82,12.125439974400638
9,83,9.981234689541491
9,84,9.452306584246227
9,85,11.301246704272067
9,86,10.579323172156972
9,87,11.580017518778757
9,88,8.7177656418542
9,89,11.563842134062243
9,90,13.727726892505412
10,1,27.57560261554556
10,2,23.774869075532315
10,3,21.221858433298156
10,4,19.49315363556235
10,5,15.792954398751748
10,6,12.793102192337814
10,7,9.589396147807637
10,8,6.515297833470236
10,9,3.811487160093767
10,11,3.794881543772274
10,12,5.521107486790047
10,13,8.362704830659121
10,14,10.732538952792689
10,15,9.647958818203612
10,16,11.466118334491112
10,17,10.27835708153422
10,18,12.812214613788925
10,19,15.46348981694188
10,20,16.642317099026368
10,21,19.87626145424582
10,22,19.271388162218976
10,23,22.08954844981442
10,24,24.531147195484667
10,25,26.421858785649476
10,26,23.599026245503296
10,27,22.244886797555935
10,28,24.561044810264423
10,29,22.057008591538853
10,30,18.62459450651817
10,31,18.686420496288523
10,32,19.485012489649627
10,33,16.63266002386999
10,34,14.05888393056113
10,35,16.098866541015923
10,36,16.205189537453084
10,37,12.478307367741538
10,38,12.297866545057637
10,39,14.917988742879936
10,40,13.948912185250325
10,41,10.286172823601708
10,42,11.558659825424932
10,43,10.39475918435246
10,44,12.164759271281923
10,45,10.184611723886762
10,46,6.386562124009001
10,47,7.535905540076833
10,48,10.90653109257096
10,49,12.005972858512347
10,50,10.925295493808301
10,51,9.535677792177076
10,52,11.189327731878514
10,53,9.807075383467357
10,54,9.221556161146998
10,55,8.97129825018108
10,56,10.917482638444811
10,57,9.909528409212806
10,58,11.043506129191949
10,59,9.843446153236727
10,60,13.55808728175495
10,61,13.726784939233895
10,62,12.771079174140178
10,63,14.103008572736872
10,64,16.893774567819843
10,65,18.558235052956785
10,66,18.796663669405266
10,67,21.15449691381429
10,68,18.686807420229574
10,69,17.15946663402739
10,70,18.989519445349906
10,71,20.34817025576515
10,72,18.9125421496275
10,73,15.784358601373254
10,74,12.078029829615536
10,75,9.36943672920692
10,76,5.659451573972128
10,77,5.622339039965554
10,78,5.099375321583418
10,79,7.984516267451655
10,80,9.18238114649202
10,81,10.02146418262271
10,82,8.536752886479402
10,83,6.421310701027773
10,84,5.882450335094102
10,85,8.411165582153702
10,86,8.634513828384263
10,87,10.78175051520735
10,88,8.978421280547412
10,89,12.443940123350556
10,90,14.24455821360076
11,1,30.760237954785634
11,2,26.94857871201826
11,3,24.206515578030096
11,4,22.170729502008868
11,5,18.450143310143968
11,6,15.15353522174126
11,7,12.409627913307823
11,8,8.820785305096468
11,9,6.308926921870641
11,10,3.794881543772274
11,12,3.8158614235798125
11,13,6.024835358035351
11,14,9.047852511477156
11,15,9.349246053104146
11,16,11.707318718096555
11,17,11.75302994936075
11,18,14.908483241314057
11,19,17.77605320833717
11,20,19.51577315487295
11,21,22.911876811632748
11,22,22.632664552536276
11,23,25.598508228020307
11,24,28.17714632819372
11,25,29.933620323500882
11,26,27.062193944387758
11,27,25.879512582789616
11,28,28.28995638064937
11,29,25.84223226316713
11,30,22.418293529323815
11,31,22.430762093926294
11,32,23.162815997996923
11,33,20.32210298108159
11,34,17.7556674367024
11,35,19.558143829752673
11,36,19.53862012812759
11,37,15.816111144541768
11,38,15.403691797371355
11,39,17.64819113468815
11,40,16.48545904981139
11,41,12.693545611325105
11,42,13.603663182947443
11,43,11.510623298107694
11,44,12.821758372020913
11,45,9.925711138547292
11,46,6.676693574192762
11,47,9.400755853762979
11,48,12.207970943131382
11,49,14.189531329538143
11,50,13.712989065607847
11,51,12.981238933111626
11,52,14.615565772251852
11,53,13.33251008802598
11,54,12.83593369656732
11,55,11.968419282278242
11,56,13.336106571698494
11,57,11.521386385789528
11,58,11.875898360720374
11,59,11.281286456470564
11,60,15.06673220529794
11,61,16.028662063405307
11,62,15.731183571647858
11,63,17.4466232504766
11,64,20.38903814768917
11,65,22.187715854959684
11,66,22.40362508218447
11,67,24.586274728216218
11,68,21.932075557218212
11,69,20.336721875736572
11,70,21.779508916878598
11,71,22.916324864374396
11,72,21.00983492428257
11,73,17.928074607962472
11,74,14.243196408497596
11,75,12.15983917772744
11,76,8.795686990198536
11,77,9.397665987293431
11,78,8.514908782111135
11,79,10.671065376097925
11,80,11.428449467847265
11,81,11.954477185126258
11,82,9.33268692106627
11,83,7.433277460156799
11,84,4.8536812623384815
11,85,7.210108389079167
11,86,6.599696977660894
11,87,9.235831995415454
11,88,8.498262674751546
11,89,12.28629648841682
11,90,13.06240139075134
12,1,29.905943732681877
12,2,26.138505019852232
12,3,23.497941394188835
12,4,21.0040592223673
12,5,17.501859575521735
12,6,13.857703977455943
12,7,11.406271869004305
12,8,7.660108927607715
12,9,5.43666987363972
12,10,5.521107486790047
12,11,3.8158614235798125
12,13,3.801475034118203
12,14,5.612399389806099
12,15,5.7175112695040555
12,16,8.600413377105678
12,17,9.279607978456173
12,18,12.583896262566721
12,19,15.7925414449357
12,20,18.000119450362945
12,21,21.627865795743013
12,22,21.95332015867542
12,23,25.246818622320966
12,24,27.952813337033852
12,25,29.25920656710665
12,26,26.160273852531056
12,27,25.35235663282791
12,28,28.085281325884246
12,29,26.072272461773657
12,30,22.914885601419947
12,31,22.92370818074827
12,32,23.024805259592522
12,33,20.081658737612624
12,34,17.89611629994137
12,35,19.275414889032895
12,36,18.601344318269756
12,37,14.946432136222683
12,38,14.770914068696115
12,39,16.277672320951712
12,40,14.539587123958425
12,41,10.87881289614352
12,42,12.076068622797251
12,43,9.99320259962971
12,44,12.036444770362557
12,45,9.552304136483937
12,46,6.855551133306665
12,47,9.741738822827235
12,48,12.804651026887312
12,49,15.095885845457282
12,50,13.996418742628254
12,51,13.52397084362201
12,52,15.984898398520881
12,53,15.111919751105782
12,54,14.234526144526376
12,55,13.84154460806411
12,56,14.865454575853635
12,57,12.649667918154117
12,58,13.85124901152964
12,59,13.905279878088846
12,60,17.656602922312416
12,61,18.52128199082664
12,62,17.975061928037217
12,63,19.0312730194485
12,64,21.984433117387642
12,65,23.218486014750624
12,66,22.84172855788369
12,67,25.238052617212514
12,68,22.93927518172599
12,69,20.780172695008527
12,70,21.934326952233555
12,71,22.461762931234535
12,72,20.25121174257709
12,73,17.66787733827671
12,74,13.948016942476464
12,75,12.522180005258075
12,76,9.56756104409162
12,77,10.09374004780358
12,78,10.210628312909027
12,79,12.40298065561673
12,80,14.085142286337753
12,81,15.155885388087118
12,82,12.923702991482036
12,83,10.904928941678845
12,84,8.478080860641782
12,85,10.007462607263827
12,86,8.065700811682806
12,87,9.299507287712832
12,88,7.6948138414205065
12,89,11.092572053801172
12,90,11.703438033435654
13,1,30.856347227334567
13,2,27.134600893574618
13,3,24.195094198257934
13,4,21.436505118991754
13,5,18.006715336751792
13,6,14.324881483219606
13,7,12.761308735617071
13,8,9.110804018656966
13,9,8.312141339150008
13,10,8.362704830659121
13,11,6.024835358035351
13,12,3.801475034118203
13,14,3.7892750721653687
13,15,5.975452082749199
13,16,7.928567597131049
13,17,9.86022526882676
13,18,13.595184797154955
13,19,16.436807335045867
13,20,19.179888825816104
13,21,22.761843749050062
13,22,23.42521539613961
13,23,26.839313472235798
13,24,29.853029641559772
13,25,30.950530922693446
13,26,27.999264109292714
13,27,27.602814378270562
13,28,30.553402817347305
13,29,28.6286402670637
13,30,25.463498699596578
13,31,25.87895129240672
13,32,25.895270592411332
13,33,22.698423078685945
13,34,20.87876739210725
13,35,22.466174066795908
13,36,21.448298824587436
13,37,17.78556796200338
13,38,18.10449665989994
13,39,19.402639735856894
13,40,17.189915007624595
13,41,13.788174503880084
13,42,15.415615847609866
13,43,13.45523942935852
13,44,15.57113682919916
13,45,12.960932992010369
13,46,10.563707967671453
13,47,13.5391996716248
13,48,16.56328820354075
13,49,18.87445302838848
13,50,17.69688753250383
13,51,16.93071298968936
13,52,19.29310685478923
13,53,17.958678169969865
13,54,16.52699224018355
13,55,15.447741913646265
13,56,15.596184509650653
13,57,12.631786899125812
13,58,13.555895613154838
13,59,14.56965820534726
13,60,18.120581811699495
13,61,19.642396110911896
13,62,19.731391842583555
13,63,20.819050941141516
13,64,24.092457684578658
13,65,25.233900032445494
13,66,24.624002350474527
13,67,26.65240761819992
13,68,24.18683032633899
13,69,21.821988811840832
13,70,22.3592499804284
13,71,22.549915819320038
13,72,19.842449875450978
13,73,17.443017324651507
13,74,14.003310926600507
13,75,13.471954280068948
13,76,11.258906705256884
13,77,12.808152499080778
13,78,13.381989705527802
13,79,15.916053914948531
13,80,17.21619003793647
13,81,17.70376616090634
13,82,15.158262015429953
13,83,12.647580148911496
13,84,9.569263500771918
13,85,9.696307844207118
13,86,6.548725266933386
13,87,6.6662374599811836
13,88,5.8789544904833155
13,89,8.912261418166697
13,90,8.514984950962932
14,1,30.563060365101848
14,2,26.959385106176217
14,3,24.24609434310305
14,4,21.132200688618873
14,5,18.079501918732632
14,6,14.272831086330891
14,7,13.085716603800648
14,8,9.818668771039983
14,9,9.377727225354693
14,10,10.732538952792689
14,11,9.047852511477156
14,12,5.612399389806099
14,13,3.7892750721653687
14,15,3.8001952536593495
14,16,6.043155400244026
14,17,8.907990352582642
14,18,12.376069131087917
14,19,15.428078862393956
14,20,18.510544444099125
14,21,22.198383305358238
14,22,23.416875584930153
14,23,27.037037941419694
14,24,30.055327144373432
14,25,30.72384064406146
14,26,27.5826189020268
14,27,27.501373287735937
14,28,30.658617021252336
14,29,29.158232437399477
14,30,26.299632283701904
14,31,26.617832564701395
14,32,26.092028243421996
14,33,22.94686033877563
14,34,21.459715948972057
14,35,22.576696407730143
14,36,21.0523875876754
14,37,17.65029383891232
14,38,18.082526801574698
14,39,18.63646617279819
14,40,16.029610384250013
14,41,13.070112948233065
14,42,14.755306449785452
14,43,12.978576459731546
14,44,15.47669217921273
14,45,13.437300239910472
14,46,11.70930752249241
14,47,14.487096499299604
14,48,17.464237163624038
14,49,19.919953262675893
14,50,18.370369450331815
14,51,17.913894933160996
14,52,20.80283773508949
14,53,19.903477980052223
14,54,18.394195873780955
14,55,17.84214783312887
14,56,17.95445908371428
14,57,15.018755446573946
14,58,16.570133434001985
14,59,17.71916163633975
14,60,21.223463416427
14,61,22.483725395018773
14,62,22.236405748613652
14,63,22.814370134394487
14,64,25.957793506372752
14,65,26.64003737932687
14,66,25.578553119899585
14,67,27.821262598392185
14,68,25.752572040735224
14,69,22.997181589339856
14,70,23.359848571707207
14,71,22.9992253079309
14,72,20.14251297414744
14,73,18.343654186448763
14,74,15.049106064182888
14,75,15.003588961727917
14,76,13.14323531615896
14,77,14.305106871064657
14,78,15.335386375232806
14,79,17.69390968631614
14,80,19.615973894433
14,81,20.59104660224033
14,82,18.326303147403678
14,83,15.92870187431346
14,84,13.130460569553842
14,85,13.396220480643345
14,86,10.171831239262433
14,87,9.390238483785032
14,88,7.845438243628594
14,89,9.75816020743605
14,90,9.21568577993704
15,1,27.400335736742054
15,2,23.813772007736425
15,3,21.363017138941355
15,4,18.281709547201025
15,5,15.345919099606187
15,6,11.531369404482584
15,7,10.09953846947623
15,8,7.228829769802138
15,9,7.085616884639826
15,10,9.647958818203612
15,11,9.349246053104146
15,12,5.7175112695040555
15,13,5.975452082749199
15,14,3.8001952536593495
15,16,3.8143375681103056
15,17,5.704642793160916
15,18,8.857046185358751
15,19,12.204156666438125
15,20,15.100607522073236
15,21,18.8493821031751
15,22,20.114009629178277
15,23,23.76302233769898
15,24,26.666336502779917
15,25,27.242474827377865
15,26,23.99364983606599
15,27,23.913758716506926
15,28,27.10607432393016
15,29,25.79012443726765
15,30,23.11858799254563
15,31,23.390460489518336
15,32,22.597397845961442
15,33,19.486727418394917
15,34,18.212131724185593
15,35,19.16836312587294
15,36,17.407567827856607
15,37,14.117422628623512
15,38,14.80197852948657
15,39,15.149958466143952
15,40,12.342934042504695
15,41,9.579848235162729
15,42,11.720768292727852
15,43,10.701104153080106
15,44,13.824646216771374
15,45,12.584875265006497
15,46,10.647847519595361
15,47,12.583984072355682
15,48,15.843555952208595
15,49,17.862767493034166
15,50,15.765857561749803
15,51,15.168384803912765
15,52,18.352678113559286
15,53,17.720167727107192
15,54,16.14605485108149
15,55,16.22924109729322
15,56,16.612552371868823
15,57,14.165332038045534
15,58,16.441034740177514
15,59,17.24280407751364
15,60,20.70854729837536
15,61,21.373195624980717
15,62,20.589970029070063
15,63,20.662447946088523
15,64,23.57509700144272
15,65,23.914932015269397
15,66,22.636546802427617
15,67,25.132660060436713
15,68,23.417237675604373
15,69,20.522761867237417
15,70,21.12348861314682
15,71,20.700060079222407
15,72,18.168239309289433
15,73,16.539919143175613
15,74,13.17804819508096
15,75,12.965175834305509
15,76,11.234718852672428
15,77,11.89849931415315
15,78,13.479937801720622
15,79,15.881889506252538
15,80,18.292824080718628
15,81,19.637570852015436
15,82,18.005245708275556
15,83,15.614062158968336
15,84,13.583181782288305
15,85,14.305077006522433
15,86,11.658998633862424
15,87,10.983535394353598
15,88,8.212764186697846
15,89,9.933792859486367
15,90,10.744228334394714
16,1,24.85273009105052
16,2,21.363400890109318
16,3,18.74554567769861
16,4,15.414880791431445
16,5,12.727118630211407
16,6,9.018041809298992
16,7,8.829060161339457
16,8,6.941281823119533
16,9,8.671960811378565
16,10,11.466118334491112
16,11,11.707318718096555
16,12,8.600413377105678
16,13,7.928567597131049
16,14,6.043155400244026
16,15,3.8143375681103056
16,17,3.8140556156052465
16,18,7.01516928472976
16,19,9.609871146757161
16,20,12.991576474487857
16,21,16.579062670455794
16,22,18.235316219944146
16,23,21.971748944016845
16,24,25.160117821506436
16,25,25.436302329697373
16,26,22.410509731886144
16,27,22.862306828501
16,28,26.29464697412978
16,29,25.19699280533642
16,30,22.672042340438306
16,31,23.50775707713928
16,32,22.51524706852316
16,33,19.123152089089547
16,34,18.530100266769136
16,35,19.799348456182535
16,36,17.572342994851454
16,37,14.441431866471742
16,38,16.036868977636466
16,39,16.280287628361883
16,40,12.98030579510571
16,41,10.901648158770037
16,42,13.853801951275086
16,43,13.673529258054616
16,44,17.08815434674054
16,45,16.119083710009694
16,46,13.839458244911668
16,47,15.281097975974065
16,48,18.802938850206836
16,49,20.3244623581555
16,50,17.77991365142369
16,51,16.51324722456481
16,52,19.59533441836351
16,53,18.527620324338965
16,54,16.25217898782615
16,55,16.097815716046608
16,56,15.731214577729368
16,57,13.103129320767815
16,58,15.841213159000928
16,59,17.24603291140046
16,60,20.329065203187884
16,61,21.060442506084627
16,62,20.482168125176038
16,63,20.099781404695456
16,64,23.147987464212267
16,65,23.06568659275989
16,66,21.334727335893476
16,67,23.517292035401898
16,68,21.941450229834278
16,69,18.710915932214554
16,70,18.73571623468274
16,71,17.820703902609306
16,72,15.010228142627973
16,73,13.87187861047043
16,74,10.965139923346852
16,75,11.783478715878214
16,76,11.20709643136806
16,77,12.623306902700374
16,78,15.043214874460421
16,79,17.93446182905295
16,80,20.20278750398418
16,81,21.167141658841533
16,82,19.82969679749765
16,83,16.946391964901192
16,84,15.167776186659973
16,85,15.133334421568424
16,86,12.402498168006492
16,87,10.699178355834045
16,88,7.457996218409566
16,89,7.698170410594328
16,90,9.109247516438622
17,1,21.735141375257246
17,2,18.14261171093381
17,3,15.67678066509515
17,4,12.60235505854692
17,5,9.737168867943032
17,6,5.989349160674309
17,7,5.242087752931154
17,8,4.3765670333034095
17,9,6.950889619712391
17,10,10.27835708153422
17,11,11.75302994936075
17,12,9.279607978456173
17,13,9.86022526882676
17,14,8.907990352582642
17,15,5.704642793160916
17,16,3.8140556156052465
17,18,3.8211082203529774
17,19,6.705415891022461
17,20,9.612144842561085
17,21,13.293959520307626
17,22,14.64774698925789
17,23,18.355896607283835
17,24,21.456648067913036
17,25,21.89447474479813
17,26,18.842901742846017
17,27,19.12432463577488
17,28,22.519479693132052
17,29,21.38603062838866
17,30,18.899082894319328
17,31,19.81670091235725
17,32,18.808565524980057
17,33,15.353164907327775
17,34,14.937665711272349
17,35,16.37293377739861
17,36,14.118402277155496
17,37,10.977102279080617
17,38,13.037603157464018
17,39,13.527570480191917
17,40,10.270882018241132
17,41,8.407597795289856
17,42,11.895369515034023
17,43,12.57748793575702
17,44,16.19541405295116
17,45,15.751237490027727
17,46,13.136353873799713
17,47,13.65256757520556
17,48,17.335084286135682
17,49,18.207868605602226
17,50,15.27218318417462
17,51,13.558529834903716
17,52,16.61227766683014
17,53,15.588278010561305
17,54,13.191616065188205
17,55,13.58002529012339
17,56,13.519489468414292
17,57,11.635008464666392
17,58,14.89006148974174
17,59,15.784660217500175
17,60,18.71067125914424
17,61,18.826497592003832
17,62,17.773222001873343
17,63,16.963506816934075
17,64,19.791549834630448
17,65,19.49094626733759
17,66,17.691085910264473
17,67,20.07672741603598
17,68,18.72789535751918
17,69,15.497510673105502
17,70,15.940406089214429
17,71,15.288070605223355
17,72,13.054311380729773
17,73,11.766198938418464
17,74,8.716757404308842
17,75,9.070817698132654
17,76,8.76797822979337
17,77,9.80177139117263
17,78,12.773121366590793
17,79,15.74863340559328
17,80,18.163555239745808
17,81,19.24701079904608
17,82,18.555636200971794
17,83,15.739417753155927
17,84,14.808601932038743
17,85,15.162634287645906
17,86,13.243482934149329
17,87,12.08548354386856
17,88,8.3534051519037
17,89,8.843225916173218
17,90,11.417844256456936
18,1,18.81393674617672
18,2,15.366284056662911
18,3,13.457433145845238
18,4,10.395963956999557
18,5,8.307432379738477
18,6,5.446974117555898
18,7,5.315577045693995
18,8,6.744190823081833
18,9,9.219326893823654
18,10,12.812214613788925
18,11,14.908483241314057
18,12,12.583896262566721
18,13,13.595184797154955
18,14,12.376069131087917
18,15,8.857046185358751
18,16,7.01516928472976
18,17,3.8211082203529774
18,19,3.8049156535602067
18,20,6.398756594732826
18,21,10.137080018825104
18,22,11.926411587847817
18,23,15.699157884627278
18,24,18.655129633483924
18,25,18.711625683428565
18,26,15.513810394498572
18,27,16.097209114065826
18,28,19.646573157055975
18,29,19.010771020004835
18,30,17.027760175485735
18,31,17.99128442464217
18,32,16.398014333934416
18,33,13.052875381968528
18,34,13.410540869707352
18,35,14.477960956275851
18,36,11.623221820300225
18,37,9.174178876760472
18,38,11.908056449445823
18,39,11.78014608915185
18,40,8.261179964744677
18,41,7.867556460237905
18,42,11.602158437140714
18,43,13.354967964371895
18,44,17.11719895531232
18,45,17.48490916153139
18,46,15.144163042241248
18,47,14.78950547342502
18,48,18.299657753542586
18,49,18.61612730848201
18,50,15.210359467014044
18,51,13.410930466049358
18,52,16.57032415637315
18,53,15.964932128082939
18,54,13.592190326497734
18,55,14.756718347232214
18,56,14.855006035261273
18,57,13.739633526773153
18,58,17.33500988803096
18,59,17.94573486985471
18,60,20.540454220679877
18,61,20.054039645147554
18,62,18.490548562750092
18,63,16.938908351097876
18,64,19.270203018992696
18,65,18.29831404838128
18,66,16.002770062740524
18,67,18.632643393812607
18,68,17.99844933187275
18,69,14.588010551670608
18,70,15.146263233809371
18,71,14.143940781489315
18,72,12.53459257159557
18,73,12.0028285215893
18,74,9.65502795029476
18,75,10.096340132928418
18,76,10.470685605698197
18,77,10.729772938588551
18,78,14.056615946034444
18,79,16.72662276512147
18,80,19.458741019278058
18,81,20.826717234801976
18,82,20.752466075480303
18,83,18.1539800549354
18,84,17.8176644551459
18,85,18.391230562969415
18,86,16.82768476092566
18,87,15.711583671816864
18,88,11.935837767374927
18,89,11.94830263322732
18,90,14.785377580966102
19,1,15.429051964059855
19,2,12.07922518639244
19,3,10.115362550288257
19,4,6.797709342837012
19,5,5.5742078871722915
19,6,4.329246311750795
19,7,6.355775062863147
19,8,9.075131977375142
19,9,12.19713141068454
19,10,15.46348981694188
19,11,17.77605320833717
19,12,15.7925414449357
19,13,16.436807335045867
19,14,15.428078862393956
19,15,12.204156666438125
19,16,9.609871146757161
19,17,6.705415891022461
19,18,3.8049156535602067
19,20,3.8107627045720673
19,21,7.081825982153874
19,22,9.472545813870646
19,23,13.25059840971171
19,24,16.495205720209917
19,25,16.172394453898946
19,26,13.371840354584391
19,27,14.676365988895713
19,28,18.393989952057318
19,29,18.071858043545436
19,30,16.430046653247622
19,31,18.072189889117137
19,32,16.340490455486233
19,33,12.897841478622643
19,34,14.201052543551052
19,35,15.589557679073705
19,36,12.53223582114739
19,37,10.74500575262523
19,38,14.122299165845728
19,39,14.04130871946953
19,40,10.745547163231253
19,41,11.081098020390137
19,42,14.827950814897495
19,43,16.923495517902058
19,44,20.644022652258283
19,45,21.07856834426172
19,46,18.54031333031028
19,47,17.928684818535995
19,48,21.458341105505912
19,49,21.327150942541028
19,50,17.774954986955677
19,51,15.469303009978585
19,52,18.187001681196033
19,53,17.220254815089312
19,54,14.370219225880128
19,55,15.382890021324014
19,56,14.853651230468172
19,57,14.069931836907314
19,58,17.872115592050836
19,59,18.76528151122795
19,60,20.783159056012998
19,61,20.154838614162898
19,62,18.712765467518974
19,63,16.590933521079414
19,64,18.794958552502827
19,65,17.235772921348516
19,66,14.385463936347627
19,67,16.592151230567094
