1,2,3.8163969037440224
1,3,7.174832114679076
1,4,9.808704843940758
1,5,13.037309606015935
1,6,16.45782439860345
1,7,18.662178754375518
1,8,22.427927468423963
1,9,25.32672847497202
1,10,27.70748150427275
1,11,30.92749630679871
1,12,30.167380335981523
1,13,31.144373720632796
1,14,30.553061455289974
1,15,27.377943443047656
1,16,24.810329835971608
1,17,21.771919637312383
1,18,18.727445773841932
1,19,15.34484731258029
1,20,12.540064284102446
1,21,8.77095932036829
1,22,8.614216798350101
1,23,7.313739890677822
1,24,8.767167902594771
1,25,6.699708732449374
1,26,8.638463822919883
1,27,11.778279751143415
1,28,14.037849394324564
1,29,15.389474205463278
1,30,16.417319373727757
1,31,19.415028004056172
1,32,17.509568202606832
1,33,15.90735583943668
1,34,19.44385437601864
1,35,20.93704612761984
1,36,18.893033109061797
1,37,19.626186365926586
1,38,23.199732934995115
1,39,23.359178311067406
1,40,21.796773323799
1,41,23.62335936860567
1,42,26.81016663126518
1,43,30.020608385578395
1,44,33.22151482358844
1,45,34.18392449221966
1,46,31.559416777065962
1,47,29.488287134072692
1,48,32.446105341152645
1,49,30.689573028427112
1,50,27.088424385431843
1,51,24.252271225561085
1,52,25.1125008360881
1,53,24.053590368788438
1,54,21.478148209659846
1,55,22.844550868019702
1,56,21.739554153374506
1,57,23.226729384095552
1,58,26.52082269251606
1,59,26.925367170675468
1,60,27.023106467141428
1,61,25.004025643780583
1,62,23.430257918694952
1,63,19.767470532355514
1,64,19.740096885989896
1,65,16.237116611011988
1,66,12.63371130879815
1,67,12.272408713491593
1,68,15.130352328701342
1,69,13.471968182877667
1,70,12.82276844653487
1,71,11.056130493441843
1,72,13.856117439134152
1,73,16.2409762922149
1,74,18.25721473618411
1,75,19.51808193040605
1,76,22.612763760244704
1,77,23.0737727538942
1,78,26.509439664846706
1,79,28.74985622171027
1,80,30.398378066720614
1,81,30.6426329975273
1,82,32.139002142999296
1,83,30.01662763740755
1,84,31.550083128829364
1,85,31.688324341647593
1,86,31.503314509606682
1,87,30.142624287426283
1,88,26.831324831678042
1,89,25.678092075607406
2,1,3.8163969037440224
2,3,3.7796661912044236
2,4,6.4675227675242075
2,5,9.37090260909272
2,6,12.763379510914723
2,7,14.868396352274015
2,8,18.637920537926195
2,9,21.546118804570817
2,10,23.901420418835027
2,11,27.112173465200552
2,12,26.39517257927337
2,13,27.419074618855145
2,14,26.948815839005253
2,15,23.777088238465257
2,16,21.310783296175067
2,17,18.1694171303203
2,18,15.253481033595511
2,19,11.951848753451607
2,20,9.058960928866696
2,21,5.413869206189025
2,22,5.151557189867501
2,23,5.105906427919532
2,24,8.01506678135904
2,25,6.92328457148864
2,26,7.2853881215373555
2,27,10.081654929813212
2,28,12.948492641458945
2,29,13.670752384018524
2,30,13.96640391426151
2,31,16.96955256214215
2,32,15.238459202275795
2,33,13.033720504405192
2,34,16.341646939036412
2,35,18.124192135387094
2,36,16.0391609976907
2,37,16.298386401284294
2,38,19.968153411619824
2,39,20.367566623126386
2,40,18.643635890949824
2,41,20.161476095649046
2,42,23.451764204209184
2,43,26.57118702085921
2,44,29.787889683593612
2,45,30.579086086736982
2,46,27.862744842614745
2,47,25.896731366408275
2,48,28.961199804246775
2,49,27.342889292083928
2,50,23.73456882597161
2,51,20.80811685876624
2,52,21.809395862579283
2,53,20.618445570959533
2,54,17.906777216788313
2,55,19.25154351891258
2,56,18.218313744880458
2,57,19.635860193481783
2,58,23.024892784516165
2,59,23.39154009602351
2,60,23.74663748721702
2,61,21.807818744823575
2,62,20.165134573714376
2,63,16.59955537475091
2,64,16.95463257338411
2,65,13.714730537779788
2,66,9.96032408438286
2,67,10.237493504530866
2,68,12.59565593343102
2,69,10.35166636352561
2,70,9.973575845730235
2,71,8.273239721159639
2,72,10.912712119442133
2,73,12.933210806695202
2,74,14.624029280456524
2,75,15.763968012347613
2,76,18.81737606692523
2,77,19.338626177302835
2,78,22.83387848444092
2,79,25.19924658750259
2,80,26.875936386033786
2,81,27.15586481143818
2,82,28.500787636877583
2,83,26.319289780102558
2,84,27.77354670269744
2,85,27.963438624840972
2,86,27.767127076191564
2,87,26.508920276209846
2,88,23.157728874156664
2,89,22.200673819716467
3,1,7.174832114679076
3,2,3.7796661912044236
3,4,3.7984428337789824
3,5,6.1967029661830155
3,6,9.906902700754891
3,7,12.32565033120538
3,8,15.95697943923126
3,9,19.12418608308604
3,10,21.244256190238282
3,11,24.310129866321375
3,12,23.743279183228957
3,13,24.506157782310467
3,14,24.284304095626773
3,15,21.355720867913917
3,16,18.76978972023639
3,17,15.774707501776442
3,18,13.402845516080438
3,19,10.058813025803207
3,20,7.834875415564963
3,21,5.283059252236014
3,22,5.15368749988985
3,23,6.531304511488983
3,24,10.198319296122682
3,25,10.152734007644428
3,26,9.75725350740109
3,27,11.795441651174519
3,28,14.817289477719061
3,29,14.65211173131229
3,30,13.94758182133424
3,31,17.075072276266724
3,32,15.907992726742338
3,33,13.015275599885685
3,34,15.722316779934852
3,35,18.070499323736875
3,36,16.100636031852535
3,37,15.46709015516728
3,38,19.20955416240756
3,39,20.049344597148497
3,40,18.006742325253306
3,41,18.84641862341716
3,42,22.3447721498336
3,43,25.17879952363044
3,44,28.43301482704206
3,45,28.78180790355826
3,46,25.803018031543736
3,47,24.185343027323484
3,48,27.475163592525448
3,49,26.1072751535215
3,50,22.583482967204
3,51,19.417053487872316
3,52,20.433571832971243
3,53,18.71621873692389
3,54,15.590205015291136
3,55,16.373295404660123
3,56,14.913301751714688
3,57,16.106592008033243
3,58,19.472798532218427
3,59,20.116912037099592
3,60,20.4836983449514
3,61,18.890284311913334
3,62,17.626354781026713
3,63,14.31126143693779
3,64,15.42074667129642
3,65,12.708295552698528
3,66,9.123363436588951
3,67,9.279298931672924
3,68,10.556033913574993
3,69,7.624692688423293
3,70,6.635947207580656
3,71,4.676077056354348
3,72,7.31997420466053
3,73,9.171457273525084
3,74,11.115901560866398
3,75,12.598482394108133
3,76,15.946784379307912
3,77,17.03996406121855
3,78,20.63093736125711
3,79,23.38275436669859
3,80,24.8437251986263
3,81,24.84257695435742
3,82,25.86722057729217
3,83,23.398988403237272
3,84,24.730893348593156
3,85,24.6303365270234
3,86,24.436214556396994
3,87,23.08425519666322
3,88,19.875584598675324
3,89,18.825465056990488
4,1,9.808704843940758
4,2,6.4675227675242075
4,3,3.7984428337789824
4,5,3.8135765839061717
4,6,7.083811988218633
4,7,10.157916279086356
4,8,13.585510340523799
4,9,16.991915539197105
4,10,19.454412504017313
4,11,22.214445206828
4,12,21.1981146010059
4,13,21.69114278624484
4,14,21.11677222155105
4,15,18.241684659453767
4,16,15.402207907010181
4,17,12.662417805769199
4,18,10.325709278254983
4,19,6.72415949623274
4,20,5.607505570017168
4,21,4.552901822373781
4,22,6.516383640922731
4,23,9.332508116542483
4,24,13.034896290304008
4,25,12.601139398875315
4,26,11.242313109643769
4,27,13.347758375814244
4,28,16.801502149312736
4,29,16.678248901153076
4,30,15.599049375954745
4,31,18.243980263562868
4,32,16.859772080483534
4,33,13.56711232846652
4,34,15.856051234497468
4,35,18.010295837844776
4,36,15.556358314032007
4,37,14.437039480760065
4,38,18.22195688279384
4,39,18.76214261495977
4,40,16.14985596013255
4,41,16.830791122561727
4,42,20.51773179891138
4,43,23.051063939498746
4,44,26.502540567267697
4,45,26.73553243469827
4,46,23.852606729721224
4,47,22.632034941490232
4,48,26.122639553248515
4,49,25.25069956866393
4,50,21.6554622282734
4,51,18.733049628137714
4,52,20.365475869463758
4,53,18.694594287463058
4,54,15.413547059618587
4,55,16.004051242436947
4,56,14.448021733349016
4,57,14.809254622383719
4,58,18.436406272052594
4,59,19.476654048557755
4,60,20.43200363536924
4,61,19.34189218681986
4,62,18.17479547244761
4,63,15.301837886067759
4,64,17.018891788157713
4,65,14.85166148778805
4,66,11.47680689442069
4,67,12.315101542324301
4,68,12.829822524344106
4,69,9.265354974595
4,70,8.05393383775865
4,71,5.2704853263475915
4,72,5.6304618163593245
4,73,7.876739089841578
4,74,9.193404303575955
4,75,11.283212119806164
4,76,14.49967559049065
4,77,15.879132178940992
4,78,19.64199692498479
4,79,22.55317870335045
4,80,24.327363899654273
4,81,24.58632015243904
4,82,25.11573645383082
4,83,22.402818111301638
4,84,23.18001341871741
4,85,22.94988059323857
4,86,22.2351121778522
4,87,20.565361983098132
4,88,17.224297838042954
4,89,15.92170792941236
5,1,13.037309606015935
5,2,9.37090260909272
5,3,6.1967029661830155
5,4,3.8135765839061717
5,6,3.806616491185556
5,7,6.748119993227367
5,8,10.072225527489177
5,9,13.536840435437655
5,10,15.770173409352175
5,11,18.530620922879525
5,12,17.752796746477557
5,13,18.331260945071595
5,14,18.153919549080424
5,15,15.366048704922692
5,16,12.80382513442966
5,17,9.896109576375336
5,18,8.308230702131613
5,19,5.553639297937128
5,20,5.298939541318006
5,21,6.416402978926275
5,22,7.369951714709294
5,23,10.588408709473931
5,24,14.306545884698066
5,25,14.690944549742632
5,26,12.80200674813758
5,27,13.955536462534823
5,28,17.30203685066755
5,29,16.449895723661534
5,30,14.565993190410337
5,31,16.968921939697122
5,32,16.13760381037229
5,33,12.4741136402754
5,34,13.937152641453004
5,35,16.47596195129879
5,36,14.370046054157362
5,37,12.420471929190876
5,38,16.0361975822466
5,39,17.101955585592957
5,40,14.482285655800666
5,41,14.381605702750536
5,42,18.087492312795543
5,43,20.38543595021014
5,44,23.73570654156552
5,45,23.623414543109103
5,46,20.535663185188127
5,47,19.50940750128848
5,48,23.09674314178451
5,49,22.390885504383157
5,50,18.955465324457347
5,51,15.910739523700432
5,52,17.56358116979779
5,53,15.611246818185101
5,54,12.17125970833074
5,55,12.495729620911296
5,56,11.012931253069258
5,57,11.22425022421735
5,58,14.94402908607598
5,59,15.892370024964075
5,60,17.18032069141141
5,61,16.267101393028813
5,62,15.133796769985832
5,63,12.696792965394046
5,64,14.964295005459068
5,65,13.546884529934552
5,66,10.785582799382246
5,67,12.107809240869527
5,68,11.624970002695507
5,69,7.818462234164932
5,70,7.2990953401004495
5,71,5.9015516476735845
5,72,5.151286412391168
5,73,5.412447037060643
5,74,5.611363830273909
5,75,7.519668800780298
5,76,10.742200474636457
5,77,12.421607215281444
5,78,16.18098382611314
5,79,19.30192986115536
5,80,20.94690517056022
5,81,21.129935288173023
5,82,21.439975911444368
5,83,18.64313677387123
5,84,19.367808392126843
5,85,19.188974997994805
5,86,18.582001910969176
5,87,17.162083918927515
5,88,13.798162196426247
5,89,12.95873644834727
6,1,16.45782439860345
6,2,12.763379510914723
6,3,9.906902700754891
6,4,7.083811988218633
6,5,3.806616491185556
6,7,3.816198015397676
6,8,6.617649410857753
6,9,10.228067997979693
6,10,12.769106641842365
6,11,15.26089620753718
6,12,14.129177646736306
6,13,14.707276584507559
6,14,14.40139608328066
6,15,11.563551571701904
6,16,9.141161740839719
6,17,6.1475462497662345
6,18,5.335886553646629
6,19,4.155598476934827
6,20,5.85025992893372
6,21,8.69893617497801
6,22,9.950987494847222
6,23,13.497801725359462
6,24,16.99902953584749
6,25,17.421885173651866
6,26,14.918792695087788
6,27,15.638415536608077
6,28,19.012213831418396
6,29,17.998281157684033
6,30,15.733933486967638
6,31,17.451596317425196
6,32,16.69469514592985
6,33,12.916512650615058
6,34,13.51611069271831
6,35,15.82677718443965
6,36,13.649762945465739
6,37,11.001462159085431
6,38,14.276097951688245
6,39,15.300094675505749
6,40,12.348129232375422
6,41,11.61053227533189
6,42,15.356304212520493
6,43,17.236329691595
6,44,20.650177920899996
6,45,20.327507220084073
6,46,17.29721277983136
6,47,16.685870856838747
6,48,20.409251772801465
6,49,20.21948234471911
6,50,16.882404548236245
6,51,14.184917523851846
6,52,16.388548528368364
6,53,14.599223723584398
6,54,11.334183489760049
6,55,11.573598045573346
6,56,10.537110372977356
6,57,9.896013266654139
6,58,13.711747206358831
6,59,14.695974521216234
6,60,16.76130013538908
6,61,16.261125639029746
6,62,15.074088240439249
6,63,13.369728725512275
6,64,15.980345882612347
6,65,15.28381578941225
6,66,13.081592663100032
6,67,14.97218703959438
6,68,13.998857158721066
6,69,10.342314930106143
6,70,10.358976927129783
6,71,9.411020230230436
6,72,7.569220161849721
6,73,6.731843800548824
6,74,4.594430012022982
6,75,6.117455795370554
6,76,8.44936426941137
6,77,10.25671095241715
6,78,13.986765092173851
6,79,17.162428261258572
6,80,19.08545995142749
6,81,19.607751769118348
6,82,19.42588879766051
6,83,16.557731991761198
6,84,16.722062622334054
6,85,16.68171607153931
6,86,15.645101086830827
6,87,14.264497938426217
6,88,10.656325144025136
6,89,10.234208486016488
7,1,18.662178754375518
7,2,14.868396352274015
7,3,12.32565033120538
7,4,10.157916279086356
7,5,6.748119993227367
7,6,3.816198015397676
7,8,3.8130536532387707
7,9,6.859972448549918
7,10,9.496550324139548
7,11,12.401323463174405
7,12,11.561135459762955
7,13,12.99035711964405
7,14,13.139458667964062
7,15,10.056300395167225
7,16,8.891469462956378
7,17,5.3580620428774735
7,18,5.325771319893004
7,19,6.39929672967694
7,20,7.285350309482147
7,21,10.538814565642209
7,22,10.93640905941636
7,23,14.34384228849942
7,24,17.42329902592265
7,25,18.346505928316226
7,26,15.467991322140103
7,27,15.293757768912455
7,28,18.34678719132854
7,29,16.91073305725728
7,30,14.231440027182249
7,31,15.30885012111799
7,32,14.940806508133369
7,33,11.234281974499966
7,34,10.862692804467727
7,35,13.19343153290895
7,36,11.519027002311075
7,37,8.243987243127487
7,38,11.065815474704486
7,39,12.614043604549062
7,40,10.06404724850125
7,41,8.56863839335676
7,42,12.135515505772752
7,43,14.034233187742425
7,44,17.255628020578754
7,45,16.908082668325036
7,46,13.790666091289427
7,47,12.952492309809255
7,48,16.656736711207447
7,49,16.45269515628256
7,50,13.212559642974878
7,51,10.559963453271536
7,52,12.956586976206598
7,53,11.412293334745629
7,54,8.571127517725007
7,55,9.399058434407555
7,56,9.577947471428928
7,57,9.321971113535888
7,58,12.912492690929705
7,59,13.04935289072019
7,60,15.613342700988436
7,61,14.851228762674554
7,62,13.137757877423642
7,63,11.903178478517193
7,64,14.409409424853386
7,65,14.356152422526565
7,66,12.8860018645242
7,67,15.412109286388636
7,68,14.185496865240658
7,69,11.025480373440367
7,70,12.191372087441625
7,71,12.227619218789306
7,72,10.914463046026087
7,73,9.107775435980106
7,74,5.928013356792237
7,75,4.868422417987903
7,76,5.580676135394054
7,77,6.615959250275103
7,78,10.32438549939238
7,79,13.390496920701853
7,80,15.496565974725462
7,81,16.37531301780308
7,82,16.266528595194167
7,83,13.756878736769433
7,84,14.06386043251439
7,85,14.76762608225097
7,86,14.059892359923603
7,87,13.565955819888265
7,88,9.931775508948407
7,89,10.896552832036798
8,1,22.427927468423963
8,2,18.637920537926195
8,3,15.95697943923126
8,4,13.585510340523799
8,5,10.072225527489177
8,6,6.617649410857753
8,7,3.8130536532387707
8,9,3.801824255014409
8,10,6.45597795937134
8,11,8.819388026646081
8,12,7.805697400442662
8,13,9.279695332854242
8,14,9.829373046769273
8,15,7.114642786734025
8,16,6.932115682179821
8,17,4.445793092717617
8,18,6.772733278266936
8,19,9.087326829203917
8,20,10.799589131072342
8,21,14.241218196415549
8,22,14.73657229727355
8,23,18.089922658171705
8,24,21.07840561530511
8,25,22.097953644611994
8,26,19.1154821305693
8,27,18.710890906314766
8,28,21.591710816136185
8,29,19.937356860158413
8,30,16.992555794406762
8,31,17.574669362309205
8,32,17.557280574744883
8,33,14.064613446274588
8,34,12.814364190130219
8,35,14.902864406038232
8,36,13.598955675242102
8,37,9.925659683405428
8,38,11.689669736395055
8,39,13.371740013915208
8,40,10.888524719083424
8,41,8.202558987129116
8,42,11.280101163892077
8,43,12.202382494431706
8,44,15.252665847411382
8,45,14.234380816429463
8,46,10.973010921576789
8,47,11.063133513964164
8,48,14.883700185935737
8,49,15.444873707923744
8,50,12.731387026456176
8,51,10.644572969179297
8,52,13.236692811913198
8,53,11.69510956593271
8,54,9.363926633083457
8,55,9.47507426642913
8,56,9.968067695259444
8,57,8.726647647954213
8,58,11.778628347091802
8,59,11.98306729558748
8,60,15.191007693152395
8,61,15.099677677129467
8,62,13.752223301552503
8,63,13.555137173184944
8,64,16.357594977420845
8,65,17.038745009282934
8,66,16.12803197381658
8,67,18.598472770530922
8,68,16.877706456031717
8,69,13.992091505278179
8,70,15.066880373173152
8,71,15.282533067248467
8,72,13.412281488818023
8,73,11.141810363502625
8,74,7.389768746799993
8,75,5.9790540529687455
8,76,4.560761507147458
8,77,6.026937207802703
8,78,8.971032790584523
8,79,12.138494622516722
8,80,14.196334410471614
8,81,15.186833585500194
8,82,14.275335164374315
8,83,11.629480244520094
8,84,11.105977258831759
8,85,11.88930024110797
8,86,10.776217612662697
8,87,10.607984912969128
8,88,7.075780749767004
8,89,9.071567952187825
9,1,25.32672847497202
9,2,21.546118804570817
9,3,19.12418608308604
9,4,16.991915539197105
9,5,13.536840435437655
9,6,10.228067997979693
9,7,6.859972448549918
9,8,3.801824255014409
9,10,3.819507843888998
9,11,6.331279372332116
9,12,5.592948396760859
9,13,8.467934342158213
9,14,9.511992922179175
9,15,7.066395342787171
9,16,8.73365604117578
9,17,6.980688674668901
9,18,9.25462299296769
9,19,12.205758277012226
9,20,13.54152006791472
9,21,17.03025277719977
9,22,17.188669146789405
9,23,20.355353928292473
9,24,22.945370193726095
9,25,24.189368640220106
9,26,21.002156336833227
9,27,20.03284379037905
9,28,22.54917963086487
9,29,20.702704856985772
9,30,17.638151434416518
9,31,17.454028513279642
9,32,17.745434308532243
9,33,14.703771406062383
9,34,12.561083372578823
9,35,14.199678421980014
9,36,13.520278610649815
9,37,9.763758490310058
9,38,10.228013004350691
9,39,12.19996005969155
9,40,10.44672575586269
9,41,6.894423259136258
9,42,8.913412043895864
9,43,9.230905438435677
9,44,11.86281647626846
9,45,10.575276122162622
9,46,7.193321260268683
9,47,7.516176982920519
9,48,11.307805743172608
9,49,12.314576345798198
9,50,10.105701898135987
9,51,8.793468588963572
9,52,11.587276590449774
9,53,10.707497061784597
9,54,9.579681240671215
9,55,10.145297105355102
9,56,11.753499233036699
9,57,10.843354427805911
9,58,13.10899681988331
9,59,12.481774909494941
9,60,16.031049301824485
9,61,15.838862765607074
9,62,14.167945814917069
9,63,14.605091794420774
9,64,17.056661023498233
9,65,18.269615150667807
9,66,17.95053239883336
9,67,20.742937832894654
9,68,18.974287154665724
9,69,16.552726406744377
9,70,18.16520165366106
9,71,18.74853471909428
9,72,17.120356812491497
9,73,14.655493192016728
9,74,10.889535894562385
9,75,8.631345435795831
9,76,5.589913465763021
9,77,5.156685873485005
9,78,6.646930387461635
9,79,9.245924141775914
9,80,11.623880737123502
9,81,13.258602048735064
9,82,12.146989423063737
9,83,10.222451582099762
9,84,9.46146938740956
9,85,11.321050964653217
9,86,10.493738965089884
9,87,11.466000034618757
9,88,8.632442901000534
9,89,11.581639445381409
10,1,27.70748150427275
10,2,23.901420418835027
10,3,21.244256190238282
10,4,19.454412504017313
10,5,15.770173409352175
10,6,12.769106641842365
10,7,9.496550324139548
10,8,6.45597795937134
10,9,3.819507843888998
10,11,3.796650406292405
10,12,5.613664396200069
10,13,8.42127150779457
10,14,10.82102311088986
10,15,9.56357664470163
10,16,11.455068534850533
10,17,10.290644247545492
10,18,12.821088969546274
10,19,15.426579478436254
10,20,16.59022070010675
10,21,19.837335876661076
10,22,19.513265450633405
10,23,22.35787319396835
10,24,24.86082379892902
10,25,26.54896664408758
10,26,23.586372095371264
10,27,22.28446436355256
10,28,24.452598182114077
10,29,22.119128364328162
10,30,18.719335052762094
10,31,18.50356005991758
10,32,19.520593233789484
10,33,16.65840929638417
10,34,14.038907335765883
10,35,16.040879606236693
10,36,16.130640833981303
10,37,12.397059684966734
10,38,12.337706217409606
10,39,14.929240348034144
10,40,13.802116154533136
10,41,10.148498105940707
10,42,11.336171716237521
10,43,11.114154331171619
10,44,12.774715468496696
10,45,10.609549168609835
10,46,6.790106645223597
10,47,7.733045537994337
10,48,11.02442628282179
10,49,12.081679655195469
10,50,10.85928830652996
10,51,9.48417184516761
10,52,11.253317579817264
10,53,9.841206753270603
10,54,9.226170309008573
10,55,8.935812011212041
10,56,10.945691438096274
10,57,10.107713457314402
10,58,11.314575333973421
10,59,10.109378570692046
10,60,13.829039989206471
10,61,13.985503066459291
10,62,12.716638853777825
10,63,14.133688043985591
10,64,16.73596587377556
10,65,18.678207208960515
10,66,19.044442857878515
10,67,21.571159857510768
10,68,19.280905510482913
10,69,17.400275129389364
10,70,19.163696218796822
10,71,20.34481405413524
10,72,18.81791276045766
10,73,15.790428816644969
10,74,12.12254034502047
10,75,9.372884535206644
10,76,5.6516739216222485
10,77,5.5663433824205795
10,78,5.188493522040093
10,79,8.002211462962826
10,80,9.295307207438926
10,81,10.393832374497565
10,82,8.623220590126762
10,83,6.689420335254482
10,84,5.827631134981418
10,85,8.341242924429055
10,86,8.459918519552522
10,87,10.58518408518628
10,88,8.805585883660248
10,89,12.360398986722155
11,1,30.92749630679871
11,2,27.112173465200552
11,3,24.310129866321375
11,4,22.214445206828
11,5,18.530620922879525
11,6,15.26089620753718
11,7,12.401323463174405
11,8,8.819388026646081
11,9,6.331279372332116
11,10,3.796650406292405
11,12,3.8201461696528853
11,13,6.052128563787607
11,14,9.172198240829145
11,15,9.277291734252241
11,16,11.751727974562867
11,17,11.81313255300599
11,18,14.96464740848438
11,19,17.79852839978505
11,20,19.51128431731799
11,21,22.916799237200845
11,22,22.921133880909956
11,23,25.90566032977168
11,24,28.52941324611316
11,25,30.08637188470937
11,26,27.07140028390153
11,27,25.925922437695586
11,28,28.17853985684319
11,29,25.904036980354935
11,30,22.51525893944648
11,31,22.220736627323923
11,32,23.18552096311397
11,33,20.348153333170618
11,34,17.717555320024474
11,35,19.4629336004571
11,36,19.427489041196672
11,37,15.722209483878652
11,38,15.392611702767212
11,39,17.601425232410058
11,40,16.318635115652654
11,41,12.534601966847639
11,42,13.266144242126394
11,43,11.970602136803288
11,44,13.185412309855652
11,45,10.174574275383861
11,46,6.864603240948208
11,47,9.423703310622628
11,48,12.182900160192942
11,49,14.1389276595866
11,50,13.558476793980288
11,51,12.875663860528004
11,52,14.629548884399084
11,53,13.351694642080826
11,54,12.86151998191302
11,55,11.983079117614519
11,56,13.480419781931346
11,57,11.830747427310108
11,58,12.307069672385985
11,59,11.656906012151696
11,60,15.454899932315968
11,61,16.37608863411507
11,62,15.7174090015358
11,63,17.516450219178125
11,64,20.274749149694145
11,65,22.343483747243845
11,66,22.696138926439783
11,67,25.072324093612238
11,68,22.604707991911376
11,69,20.658387322472493
11,70,22.060237494656807
11,71,23.054097933538472
11,72,21.08712800588894
11,73,18.09050819347321
11,74,14.42324882535489
11,75,12.27202396953524
11,76,8.861201673005175
11,77,9.356670256774507
11,78,8.52367454007059
11,79,10.579084542533545
11,80,11.472564381085425
11,81,12.386657127974145
11,82,9.59894318847732
11,83,7.760980034962808
11,84,4.954065526496989
11,85,7.1194650342848895
11,86,6.4252785205181
11,87,9.101237602206965
11,88,8.459572210932077
11,89,12.253041466672297
12,1,30.167380335981523
12,2,26.39517257927337
12,3,23.743279183228957
12,4,21.1981146010059
12,5,17.752796746477557
12,6,14.129177646736306
12,7,11.561135459762955
12,8,7.805697400442662
12,9,5.592948396760859
12,10,5.613664396200069
12,11,3.8201461696528853
12,13,3.8285585525063794
12,14,5.766991064183596
12,15,5.733247595775502
12,16,8.766411096625024
12,17,9.446866038237953
12,18,12.780447163249429
12,19,15.968273025049907
12,20,18.14051658090123
12,21,21.778200027203678
12,22,22.372043858015775
12,23,25.678264078186707
12,24,28.423424976821153
12,25,29.51423441365077
12,26,26.296630759533116
12,27,25.526633168338556
12,28,28.10552356517769
12,29,26.28324987506148
12,30,23.176276663808142
12,31,22.864524838143893
12,32,23.20626760095665
12,33,20.25935866723569
12,34,17.999452880989793
12,35,19.32162818521929
12,36,18.615279363544133
12,37,15.001847498204715
12,38,14.890027997706294
12,39,16.343461915173055
12,40,14.504012556938587
12,41,10.876218563643425
12,42,11.851167491410719
12,43,10.265500662700891
12,44,12.174470237419515
12,45,9.57096630277657
12,46,6.882343500838805
12,47,9.662106321841378
12,48,12.728593708033745
12,49,15.045701835976637
12,50,13.904377569191647
12,51,13.562747610878052
12,52,16.118578542760396
12,53,15.241660446235048
12,54,14.39228503815636
12,55,13.962421941250584
12,56,15.077572476091973
12,57,13.054592485836176
12,58,14.332284133686144
12,59,14.327090078462042
12,60,18.12461523626563
12,61,18.9445461505736
12,62,18.06606336566342
12,63,19.226488637514997
12,64,21.972960666841633
12,65,23.51193221679321
12,66,23.291323031447174
12,67,25.83698370533619
12,68,23.727973692617088
12,69,21.279366201757558
12,70,22.39426747136698
12,71,22.768580398346668
12,72,20.483276608814553
12,73,18.0064671428394
12,74,14.246674718470745
12,75,12.741210095314441
12,76,9.77538372826619
12,77,10.262662364511874
12,78,10.399533262131333
12,79,12.358005775664292
12,80,14.16130346471545
12,81,15.59459111683713
12,82,13.190639820069126
12,83,11.255979813032852
12,84,8.603369490582917
12,85,9.948045447221158
12,86,7.891381123487906
12,87,9.162550695144699
12,88,7.749067472891567
12,89,11.121740400062235
13,1,31.144373720632796
13,2,27.419074618855145
13,3,24.506157782310467
13,4,21.69114278624484
13,5,18.331260945071595
13,6,14.707276584507559
13,7,12.99035711964405
13,8,9.279695332854242
13,9,8.467934342158213
13,10,8.42127150779457
13,11,6.052128563787607
13,12,3.8285585525063794
13,14,3.8202177749963764
13,15,5.945105881888886
13,16,8.102571793719529
13,17,10.082445793874536
13,18,13.825355227266167
13,19,16.64858091608079
13,20,19.369518127893812
13,21,22.948518086217447
13,22,23.89637808656385
13,23,27.31333128011925
13,24,30.357379748720234
13,25,31.272928177273155
13,26,28.204257236409433
13,27,27.837670390648427
13,28,30.647470423488695
13,29,28.894922375630127
13,30,25.78048380161891
13,31,25.869739738640426
13,32,26.118437227897402
13,33,22.918149111775946
13,34,21.00993318456158
13,35,22.556527584440037
13,36,21.529780815419908
13,37,17.89201591812722
13,38,18.26900691366509
13,39,19.529448164085174
13,40,17.230675091357103
13,41,13.87303714392516
13,42,15.269315154568055
13,43,13.655289085564307
13,44,15.653470962394408
13,45,12.9591176449505
13,46,10.607316495318448
13,47,13.488729539431151
13,48,16.513568765776593
13,49,18.852792222770113
13,50,17.63053083303392
13,51,16.992262681364306
13,52,19.437478855864697
13,53,18.092596355928176
13,54,16.69314012780932
13,55,15.562158203620058
13,56,15.82474381754848
13,57,13.026181588254264
13,58,14.032433516714102
13,59,14.961845030712468
13,60,18.60506027352129
13,61,20.071120397310754
13,62,19.827963598757407
13,63,21.023668313729395
13,64,24.13346062842902
13,65,25.573403276523003
13,66,25.118002405879242
13,67,27.303543978007188
13,68,25.012446042962235
13,69,22.368562791420693
13,70,22.88019202830823
13,71,22.96495119696415
13,72,20.207165360345265
13,73,17.879363333065196
13,74,14.37146734549474
13,75,13.737889447984715
13,76,11.47342654317035
13,77,12.98804761803973
13,78,13.555398223523058
13,79,15.897302748826213
13,80,17.322058491561382
13,81,18.194108991903306
13,82,15.419846182041038
13,83,12.912603485190834
13,84,9.732309266173985
13,85,9.616977833784977
13,86,6.381542180168091
13,87,6.529077366935378
13,88,6.042370086689533
13,89,8.942006813713201
14,1,30.553061455289974
14,2,26.948815839005253
14,3,24.284304095626773
14,4,21.11677222155105
14,5,18.153919549080424
14,6,14.40139608328066
14,7,13.139458667964062
14,8,9.829373046769273
14,9,9.511992922179175
14,10,10.82102311088986
14,11,9.172198240829145
14,12,5.766991064183596
14,13,3.8202177749963764
14,15,3.7974108426877353
14,16,6.016195912817224
14,17,8.90251122738935
14,18,12.443598071598265
14,19,15.431313146422225
14,20,18.504360176115817
14,21,22.17356653160485
14,22,23.66610193959409
14,23,27.291311499319523
14,24,30.366066831866082
14,25,30.822806290065177
14,26,27.61662326939927
14,27,27.607006584158132
14,28,30.652231224768283
14,29,29.345454655693676
14,30,26.549927726608175
14,31,26.601958068621318
14,32,26.30230119412284
14,33,23.107270840502128
14,34,21.58119040181224
14,35,22.711481332101037
14,36,21.126090620075328
14,37,17.760547801019346
14,38,18.327675010785317
14,39,18.850203961865976
14,40,16.13020765827273
14,41,13.26486505884984
14,42,14.815478968159784
14,43,13.183765701458501
14,44,15.644692894523773
14,45,13.59180610714931
14,46,11.888842311783687
14,47,14.525503198347096
14,48,17.600479842389472
14,49,20.045023419893433
14,50,18.42677686164611
14,51,18.056553200143743
14,52,21.004584864855588
14,53,20.026639546743272
14,54,18.477821328761905
14,55,17.827164012567906
14,56,17.940763655972507
14,57,15.151255977075346
14,58,16.807144187250454
14,59,17.956344649857435
14,60,21.53995064295372
14,61,22.753607204384487
14,62,22.223091562648026
14,63,22.880384124559143
14,64,25.86489113756801
14,65,26.83588491659186
14,66,25.905218097307227
14,67,28.230210080954322
14,68,26.33741977052063
14,69,23.332916197528434
14,70,23.626797897789388
14,71,23.12486812108788
14,72,20.183539381344854
14,73,18.491013830567304
14,74,15.095579709992306
14,75,15.018298517939149
14,76,13.22201051476339
14,77,14.491006247915541
14,78,15.599033129857375
14,79,17.776199358346698
14,80,19.80208976028843
14,81,21.093013895908705
14,82,18.6492590780732
14,83,16.211761689272308
14,84,13.310886026000976
14,85,13.278052222357346
14,86,9.945048201451558
14,87,9.042077658045015
14,88,7.712582839324082
14,89,9.418072466470429
15,1,27.377943443047656
15,2,23.777088238465257
15,3,21.355720867913917
15,4,18.241684659453767
15,5,15.366048704922692
15,6,11.563551571701904
15,7,10.056300395167225
15,8,7.114642786734025
15,9,7.066395342787171
15,10,9.56357664470163
15,11,9.277291734252241
15,12,5.733247595775502
15,13,5.945105881888886
15,14,3.7974108426877353
15,16,3.8094204357674135
15,17,5.621015353795533
15,18,8.924209530968474
15,19,12.215085459885161
15,20,15.07814557966741
15,21,18.819029966296775
15,22,20.31226994389255
15,23,23.964230400095985
15,24,26.92622719786715
15,25,27.298376843040504
15,26,23.997600007796322
15,27,23.975464273632245
15,28,27.04924377926475
15,29,25.915155509310523
15,30,23.297243520219567
15,31,23.311641281950358
15,32,22.760980460666133
15,33,19.59271125362553
15,34,18.26220553985184
15,35,19.255443605215287
15,36,17.453638971580705
15,37,14.18681240083486
15,38,14.998575623835483
15,39,15.353530200077966
15,40,12.449633714331437
15,41,9.775954116309371
15,42,11.804253292164837
15,43,10.889723563765388
15,44,13.950234400071308
15,45,12.632912606213555
15,46,10.699665508138755
15,47,12.47966746808884
15,48,15.855205052806017
15,49,17.868123938609084
15,50,15.726590748681776
15,51,15.228030599306878
15,52,18.44091102406199
15,53,17.710056548826042
15,54,16.106206972967797
15,55,16.079913965514137
15,56,16.439864023100156
15,57,14.175926307170238
15,58,16.52031836663226
15,59,17.31666684389254
15,60,20.86357963139777
15,61,21.48070810820871
15,62,20.441529125680596
15,63,20.612844817774658
15,64,23.34638332967598
15,65,24.00709224442602
15,66,22.88372422961528
15,67,25.43249718580579
15,68,23.87994563041967
15,69,20.780470312510978
15,70,21.32257380797424
15,71,20.745095000985167
15,72,18.106862182101136
15,73,16.59139951956387
15,74,13.097651248433868
15,75,12.829988671961607
15,76,11.172718555495752
15,77,11.992368745305644
15,78,13.63484489460859
15,79,15.827171539876211
15,80,18.309463467402384
15,81,19.90525097320318
15,82,18.071224506371554
15,83,15.72576665645071
15,84,13.545153916229019
15,85,14.079646201604417
15,86,11.32871906032048
15,87,10.582938952232382
15,88,7.938027071228847
15,89,9.617542212915387
16,1,24.810329835971608
16,2,21.310783296175067
16,3,18.76978972023639
16,4,15.402207907010181
16,5,12.80382513442966
16,6,9.141161740839719
16,7,8.891469462956378
16,8,6.932115682179821
16,9,8.73365604117578
16,10,11.455068534850533
16,11,11.751727974562867
16,12,8.766411096625024
16,13,8.102571793719529
16,14,6.016195912817224
16,15,3.8094204357674135
16,17,3.8264234923626748
16,18,7.087119056723269
16,19,9.622676007725337
16,20,12.987796517433827
16,21,16.5466906038742
16,22,18.448822045595684
16,23,22.177165408924196
16,24,25.41010063195087
16,25,25.51378067587853
16,26,22.44305004437684
16,27,22.950825526214068
16,28,26.28802326256189
16,29,25.360876837603765
16,30,22.90742318576826
16,31,23.48521494131021
16,32,22.690832646662685
16,33,19.25171104159459
16,34,18.598928614635454
16,35,19.905999118738627
16,36,17.67071427889412
16,37,14.550160738376354
16,38,16.2512689674907
16,39,16.501934934548157
16,40,13.124067493447724
16,41,11.162561304133161
16,42,14.003359651453453
16,43,13.880733808385829
16,44,17.230842686425905
16,45,16.19765787979244
16,46,13.973834051501674
16,47,15.2296541160674
16,48,18.836066362721787
16,49,20.35691534822309
16,50,17.755135281689487
16,51,16.61248913563258
16,52,19.711731677680298
16,53,18.558339436289504
16,54,16.267950434078134
16,55,16.00968792736118
16,56,15.594672830264798
16,57,13.145099383859339
16,58,15.942797564987574
16,59,17.346690941748975
16,60,20.543518559562827
16,61,21.20583305811397
16,62,20.39580033082292
16,63,20.095552877835477
16,64,22.98842198828687
16,65,23.20836205205669
16,66,21.617954576455013
16,67,23.83887556671219
16,68,22.417390330774026
16,69,19.022404550815
16,70,18.995415229439327
16,71,17.9364351999726
16,72,15.017765771850106
16,73,14.002002338914608
16,74,10.9251615176708
16,75,11.705306419749103
16,76,11.220874236662432
16,77,12.797709362611398
16,78,15.253308828506325
16,79,17.943661258793224
16,80,20.291272366259655
16,81,21.489085860812292
16,82,19.88220543738848
16,83,17.065822411101262
16,84,15.228352572823823
16,85,15.076401447716789
16,86,12.281704986985806
16,87,10.484862802654083
16,88,7.333623067260039
16,89,7.499693101716535
17,1,21.771919637312383
17,2,18.1694171303203
17,3,15.774707501776442
17,4,12.662417805769199
17,5,9.896109576375336
17,6,6.1475462497662345
17,7,5.3580620428774735
17,8,4.445793092717617
17,9,6.980688674668901
17,10,10.290644247545492
17,11,11.81313255300599
17,12,9.446866038237953
17,13,10.082445793874536
17,14,8.90251122738935
17,15,5.621015353795533
17,16,3.8264234923626748
17,18,3.809174247297961
17,19,6.727689843958719
17,20,9.603669640420417
17,21,13.284173906905778
17,22,14.895247007608813
17,23,18.603384267362692
17,24,21.731838820717236
17,25,21.97880251508283
17,26,18.85206008294106
17,27,19.184477377475982
17,28,22.482474869277905
17,29,21.539633724731157
17,30,19.14425352793409
17,31,19.77592557486945
17,32,18.92523839644337
17,33,15.44597282736983
17,34,14.963310780724262
17,35,16.390352920733022
17,36,14.12726340992263
17,37,11.00164115436775
17,38,13.136947080260672
17,39,13.595999315749477
17,40,10.23683407337794
17,41,8.523583358540531
17,42,11.920405449551469
17,43,12.757299772864183
17,44,16.29459664155389
17,45,15.76353589555547
17,46,13.230252167544249
17,47,13.533478285300331
17,48,17.269921423152258
17,49,18.15552187865935
17,50,15.153210078776853
17,51,13.616082927841358
17,52,16.704686915462382
17,53,15.643140416009254
17,54,13.275310145756826
17,55,13.614325743714925
17,56,13.517094861245722
17,57,11.863778170742611
17,58,15.147148815536283
17,59,16.01548472672946
17,60,19.06064148228136
17,61,19.088483632947497
17,62,17.799369853295605
17,63,17.06411310589537
17,64,19.69406485976867
17,65,19.695224238667286
17,66,18.037596341754835
17,67,20.476452564265365
17,68,19.30381783987247
17,69,15.92847910202525
17,70,16.335657004701517
17,71,15.483809598528127
17,72,13.121709707396091
17,73,12.017332371933971
17,74,8.806818135719848
17,75,9.094732207859588
17,76,8.874529604423225
17,77,10.024071834596858
17,78,13.000088058417605
17,79,15.736120339027059
17,80,18.246307807550966
17,81,19.53987868840524
17,82,18.564940877315355
17,83,15.922024732364278
17,84,14.904291912378582
17,85,15.277037733046015
17,86,13.27676221168515
17,87,12.067650121769477
17,88,8.370632363016805
17,89,8.954112189530985
18,1,18.727445773841932
18,2,15.253481033595511
18,3,13.402845516080438
18,4,10.325709278254983
18,5,8.308230702131613
18,6,5.335886553646629
18,7,5.325771319893004
18,8,6.772733278266936
18,9,9.25462299296769
18,10,12.821088969546274
18,11,14.96464740848438
18,12,12.780447163249429
18,13,13.825355227266167
18,14,12.443598071598265
18,15,8.924209530968474
18,16,7.087119056723269
18,17,3.809174247297961
18,19,3.793899180601095
18,20,6.324877450407454
18,21,10.06141872184846
18,22,12.044586337373252
18,23,15.82199298001713
18,24,18.82586096843679
18,25,18.69095471835183
18,26,15.465849420379548
18,27,16.11537907653041
18,28,19.585772098593175
18,29,19.1335545702692
18,30,17.242415974157655
18,31,17.979851527345158
18,32,16.53509176495346
18,33,13.14056691590819
18,34,13.449475939234228
18,35,14.563571037033112
18,36,11.723569900925161
18,37,9.284566993407175
18,38,12.093269342235391
18,39,11.987012381107693
18,40,8.411853225477861
18,41,8.169095686764143
18,42,11.87279247151856
18,43,13.63329661856214
18,44,17.32163451744811
18,45,17.576779453361713
18,46,15.294080366536834
18,47,14.726486530841651
18,48,18.30419203607904
18,49,18.61891179818355
18,50,15.168896808258449
18,51,13.527609605384155
18,52,16.663574677854527
18,53,15.977398093089946
18,54,13.608513415573235
18,55,14.702116290562351
18,56,14.683977856092804
18,57,13.803777178060267
18,58,17.418070426417906
18,59,18.032825442839734
18,60,20.72351013400523
18,61,20.151978621259516
18,62,18.42211363122552
18,63,16.933179018803038
18,64,19.062305172342644
18,65,18.39024295598357
18,66,16.23285145771885
18,67,18.83541780623112
18,68,18.353991961204503
18,69,14.867957235446713
18,70,15.373677406576006
18,71,14.131007294413061
18,72,12.348096653424248
18,73,12.034542015761838
18,74,9.511030433810852
18,75,9.944673279618994
18,76,10.488250963598357
18,77,10.950028199548523
18,78,14.292368771242984
18,79,16.741616304208545
18,80,19.51574097600566
18,81,20.992866795193002
18,82,20.65941311453339
18,83,18.26696878443363
18,84,17.844980571955173
18,85,18.462171055556897
18,86,16.821655718351835
18,87,15.648186451028337
18,88,11.882217885511821
18,89,12.009292368525921
19,1,15.34484731258029
19,2,11.951848753451607
19,3,10.058813025803207
19,4,6.72415949623274
19,5,5.553639297937128
19,6,4.155598476934827
19,7,6.39929672967694
19,8,9.087326829203917
19,9,12.205758277012226
19,10,15.426579478436254
19,11,17.79852839978505
19,12,15.968273025049907
19,13,16.64858091608079
19,14,15.431313146422225
19,15,12.215085459885161
19,16,9.622676007725337
19,17,6.727689843958719
19,18,3.793899180601095
19,20,3.807153385392125
19,21,7.027390921823131
19,22,9.595438176369282
19,23,13.36592576259767
19,24,16.656103197792234
19,25,16.219267841771927
19,26,13.416402975396732
19,27,14.766386984563841
19,28,18.431724177748098
19,29,18.23980835712171
19,30,16.681522738336305
19,31,18.1250526233212
19,32,16.50054876204457
19,33,13.011592484734546
19,34,14.245915054420994
19,35,15.71047033093965
19,36,12.741139782248917
19,37,10.897745377642755
19,38,14.315483560177325
19,39,14.292879453124174
19,40,10.958456883998725
19,41,11.377828418177575
19,42,15.132063418420143
19,43,17.238445128071092
19,44,20.885257168321168
19,45,21.18344995968956
19,46,18.70083113956073
19,47,17.888958258564
19,48,21.465320200848435
19,49,21.33783886672572
19,50,17.740700443435877
19,51,15.578644085179114
19,52,18.251431439035795
19,53,17.1947157167731
19,54,14.350746921581857
19,55,15.279472474257714
19,56,14.593681691222375
19,57,14.015623499953133
19,58,17.816798718091274
19,59,18.728727162319544
19,60,20.861822084872344
19,61,20.14658547562568
19,62,18.602097342741878
19,63,16.537163399438523
19,64,18.591549097407373
19,65,17.31585363191472
19,66,14.594238001083246
19,67,16.732341395509614
19,68,16.612956846056413
19,69,12.924705695258394
19,70,12.843548964768564
19,71,10.992389229027186
19,72,9.42606229659054
19,73,10.047776372541387
19,74,8.666458278104207
19,75,10.071320837110063
19,76,11.87505385967825
19,77,12.817416691668969
19,78,16.48744476291157
19,79,19.175455464044948
19,80,21.645180261684292
19,81,22.69868559809163
19,82,22.656201329821798
19,83,20.0511738560861
19,84,20.017830717377386
19,85,20.230368715113475
