1,2,3.806896751998228
1,3,6.728320640226456
1,4,10.348273838639033
1,5,11.853854804954532
1,6,15.292125358520833
1,7,17.73526900757354
1,8,19.919819176163525
1,9,21.546972620946633
1,10,25.2729760400124
1,11,27.29134987282458
1,12,31.01255533641312
1,13,33.308616866034285
1,14,33.408158636739756
1,15,29.826386216543394
1,16,30.708764867202536
1,17,27.008858491742952
1,18,24.38530846622958
1,19,20.827126774594465
1,20,17.96636245735972
1,21,15.259830193700255
1,22,11.563662782876689
1,23,9.727678130485142
1,24,6.337253112210948
1,25,7.394579341053422
1,26,6.0878877522056145
1,27,6.752101439448823
1,28,9.591290480634534
1,29,11.325326033501517
1,30,15.070164122093724
1,31,16.18263064623637
1,32,15.316910852228688
1,33,16.690392473336495
1,34,13.550288368666974
1,35,11.54290518934726
1,36,12.12671951403824
1,37,12.080648502139429
1,38,13.862424438551363
1,39,15.348504062268743
1,40,17.122090892805467
1,41,20.106011923652247
1,42,21.92360382435181
1,43,20.577453497602278
1,44,21.520948275477007
1,45,19.48447941167697
1,46,20.943682169479246
1,47,19.113373058899413
1,48,17.410681496751845
1,49,16.946250503647942
1,50,17.32485327920863
1,51,16.45764213959769
1,52,18.63271364246598
1,53,21.57363909163713
1,54,21.005803937104698
1,55,22.13319580260939
1,56,21.383103000275987
1,57,22.68899433221169
1,58,23.90402423879438
1,59,26.348411723243515
1,60,29.712044779103486
1,61,29.193170011567457
1,62,26.127794416825395
1,63,27.992245001048072
1,64,26.63215238494631
1,65,22.88724434199662
1,66,21.195957254501085
1,67,18.347603446014986
1,68,18.737191251943372
1,69,17.508238759584366
1,70,18.399120063266032
1,71,15.827791640273714
1,72,12.77243301879686
1,73,12.6183568982674
1,74,12.756645502407041
1,75,9.500178394028135
1,76,12.001634242885435
1,77,12.250931034003449
1,78,15.001044167400432
1,79,17.551436797541243
1,80,21.18401665756994
1,81,24.317136094696217
1,82,27.94792499066461
1,83,29.797334818809173
1,84,31.20565505817211
1,85,28.030576790391642
1,86,26.7156777219004
1,87,29.833584822023035
1,88,30.001976592859027
1,89,26.388975959761407
1,90,25.86345565900302
1,91,23.522950496684377
1,92,19.945872084175825
1,93,17.4408151007979
1,94,14.080899610769707
1,95,11.507724982937333
1,96,9.621674158036583
1,97,7.631354919007418
1,98,7.955086807743706
1,99,8.231132435040719
1,100,10.955150762798397
1,101,10.093064245820793
1,102,6.2953288753509264
1,103,5.268192303926904
1,104,4.80038891887787
1,105,7.68733737716
1,106,9.800078141420242
1,107,13.593270796185083
1,108,16.106598535017493
1,109,19.842953690327835
1,110,22.192029441307927
1,111,25.448658200909616
1,112,28.83362049612274
1,113,30.8528609498723
2,1,3.806896751998228
2,3,3.7907617390757795
2,4,7.08862776425596
2,5,8.764639246513967
2,6,12.443317517789135
2,7,14.986517902462356
2,8,17.521961606535427
2,9,19.31304085406582
2,10,23.11371418495319
2,11,25.456536582939243
2,12,29.237349792668944
2,13,31.844945745699984
2,14,31.863439715058448
2,15,28.443822183958684
2,16,29.751124572496337
2,17,26.19931173273412
2,18,23.374956929306602
2,19,19.77120358270587
2,20,16.81502913320952
2,21,13.760236651574923
2,22,10.444971423971726
2,23,8.36529276143484
2,24,5.562574746141644
2,25,5.823508261375593
2,26,6.196380550000192
2,27,8.217489054493976
2,28,11.526275994421733
2,29,13.82941790967474
2,30,17.35847581646521
2,31,18.74693865381736
2,32,17.841551888446524
2,33,19.71703625617461
2,34,16.855109536784035
2,35,14.54617039941375
2,36,14.982894238561816
2,37,14.148004447138526
2,38,15.555247612591481
2,39,16.182097971425783
2,40,17.783745320195614
2,41,20.23561722854593
2,42,21.937919739193322
2,43,21.177953816737425
2,44,22.512573052332264
2,45,20.78892512735453
2,46,21.90470196064911
2,47,20.376668313347647
2,48,19.30457801010645
2,49,19.115297371856563
2,50,20.083896362366808
2,51,19.2785622444886
2,52,21.8166493784232
2,53,24.55168219571765
2,54,23.578205823892947
2,55,24.519685267804203
2,56,23.3644175942212
2,57,24.567200369174504
2,58,25.28951045326908
2,59,27.587131777946787
2,60,30.730705796997206
2,61,29.754487641832156
2,62,26.70101576041469
2,63,28.763153253170497
2,64,27.093445771406884
2,65,23.41819689340066
2,66,21.920160409010062
2,67,19.000271242753882
2,68,19.356044189345976
2,69,18.81738284996678
2,70,19.473728404711576
2,71,16.35987585206925
2,72,13.956559518964651
2,73,13.976728160885802
2,74,13.041758564287775
2,75,9.758914334323533
2,76,11.857221128925692
2,77,12.624416717857459
2,78,14.612086725950133
2,79,17.434526019010246
2,80,20.951359029487705
2,81,24.11302341095182
2,82,27.547204152668293
2,83,29.033504730697704
2,84,30.751118897765487
2,85,27.79888780263855
2,86,26.003044091951082
2,87,28.932209709760176
2,88,29.49916346170274
2,89,25.88897399410076
2,90,24.850524845642255
2,91,22.390842621008268
2,92,18.896260900457523
2,93,16.8687837979522
2,94,13.930149730663627
2,95,11.689618495206455
2,96,10.954010318783142
2,97,9.812330454499005
2,98,11.204190333994132
2,99,11.766967080466008
2,100,14.715506401272446
2,101,13.856087539939317
2,102,10.047319986658252
2,103,8.654567832120991
2,104,6.673603879238917
2,105,8.078092218191978
2,106,8.657386265007034
2,107,12.229586215087501
2,108,14.392941937064183
2,109,18.12652500074588
2,110,20.656719341035934
2,111,23.599260648594747
2,112,26.98942275313075
2,113,28.662454223076395
3,1,6.728320640226456
3,2,3.7907617390757795
3,4,3.7940855061735945
3,5,5.385388320667736
3,6,8.85509417351618
3,7,11.72943857191041
3,8,14.013573246885153
3,9,15.602158247908012
3,10,19.40225648046247
3,11,21.75259546555112
3,12,25.5343707409706
3,13,28.216840814318505
3,14,28.19866243274098
3,15,24.845517599805927
3,16,26.335279921106093
3,17,22.885109610657665
3,18,19.96260244696452
3,19,16.382640301299492
3,20,13.419983772510411
3,21,10.247313033049707
3,22,7.29748582945907
3,23,5.600802890869306
3,24,4.609501135139424
3,25,5.9258185194271125
3,26,8.224925380695511
3,27,9.612533145452524
3,28,13.33352281610159
3,29,15.275310979960965
3,30,18.571052713753303
3,31,19.622310527239968
3,32,18.23235282652668
3,33,20.50663316745315
3,34,18.174838362190346
3,35,15.303870700256116
3,36,15.347961710312354
3,37,13.629380349469777
3,38,14.702602606056958
3,39,14.508643534924762
3,40,16.202293796283776
3,41,18.191311307606274
3,42,20.10659002167575
3,43,19.951639292923954
3,44,21.254196938007393
3,45,19.599777118005765
3,46,20.169837747158653
3,47,18.80880769293973
3,48,18.38243513108529
3,49,18.44879978377766
3,50,20.11171845130309
3,51,19.525316783759642
3,52,22.527177089466704
3,53,24.83204771383979
3,54,23.386530131704138
3,55,23.97705753444379
3,56,22.3595654695138
3,57,23.457075033825205
3,58,23.700463010831598
3,59,25.916438499804766
3,60,28.78963982427622
3,61,27.477631943635377
3,62,24.396147280225904
3,63,26.52154775404146
3,64,24.594676663754143
3,65,21.041271628422272
3,66,19.73982076032452
3,67,16.89898664040255
3,68,17.42186117286009
3,69,17.597434268552302
3,70,18.36227281419876
3,71,14.95023640440442
3,72,13.134070472645567
3,73,13.909361306853269
3,74,12.340178217693913
3,75,8.937920496314232
3,76,9.90860275111144
3,77,10.64669090927958
3,78,11.820032198692017
3,79,14.690921635621923
3,80,18.047403413917944
3,81,21.168353671403203
3,82,24.43696728449874
3,83,25.718839463438652
3,84,27.63441443034713
3,85,24.87791256620673
3,86,22.82333130989854
3,87,25.69414536816141
3,88,26.55671459143726
3,89,23.048276681421136
3,90,21.812013779167764
3,91,19.53784979875875
3,92,16.2727930958494
3,93,14.359734587888516
3,94,12.002222154900927
3,95,9.807543528171587
3,96,10.335531353852097
3,97,9.891505901620208
3,98,12.388830607917217
3,99,13.517600018873793
3,100,16.904171422503076
3,101,16.58358540322212
3,102,12.869682241097966
3,103,10.759135556143312
3,104,8.038275711777302
3,105,7.691750084827724
3,106,6.748495144352488
3,107,9.779008065576802
3,108,11.229149490074926
3,109,14.964569182611639
3,110,17.29986844530836
3,111,20.154634068810157
3,112,23.441948269194278
3,113,25.002539620911413
4,1,10.348273838639033
4,2,7.08862776425596
4,3,3.7940855061735945
4,5,3.7903232183505904
4,6,6.665312047959372
4,7,10.050039374462132
4,8,12.288152465288697
4,9,13.570766627974804
4,10,17.314416626507388
4,11,19.818622097432424
4,12,23.558937303610136
4,13,26.481758144626358
4,14,26.19567601159635
4,15,23.053643826931353
4,16,24.909673216174905
4,17,21.703314380585383
4,18,18.803503017715773
4,19,15.27205248340056
4,20,12.646980367301454
4,21,9.158236962339565
4,22,7.471345023502929
4,23,5.771185554877969
4,24,6.614371160829451
4,25,6.925388271900977
4,26,10.256081372091762
4,27,11.871857365579883
4,28,15.501427150138197
4,29,17.610561433305193
4,30,20.527116284061382
4,31,21.724742062522207
4,32,20.37683654516791
4,33,23.062420934447278
4,34,21.075211189062973
4,35,18.131773925317795
4,36,18.274387975716962
4,37,16.185762244694438
4,38,17.149937338564566
4,39,16.30263685181514
4,40,18.008466930601966
4,41,19.39757429411938
4,42,21.36203176395528
4,43,21.838196490400517
4,44,23.1891851079339
4,45,21.6726961479314
4,46,21.70381768967066
4,47,20.476311173924092
4,48,20.576754339582365
4,49,20.64877800194084
4,50,22.721949721727775
4,51,22.03710299985924
4,52,25.27614277690401
4,53,27.370415342219726
4,54,25.516932250608562
4,55,26.03811810851362
4,56,24.2022301477164
4,57,25.351340451075256
4,58,25.211434527747567
4,59,27.3706054506693
4,60,29.905152362080724
4,61,28.237912772256283
4,62,25.14400694568889
4,63,27.22584421784103
4,64,24.913827941855633
4,65,21.63091171938582
4,66,20.40633177601351
4,67,17.54448442537508
4,68,17.811744667229448
4,69,18.66768224045404
4,70,19.053483672950783
4,71,15.34999649871766
4,72,14.445131534105137
4,73,15.28817046159968
4,74,12.864442689700475
4,75,10.088690804261208
4,76,10.327141377731042
4,77,11.701815126963309
4,78,11.86296910360728
4,79,14.916366442688778
4,80,17.787036268398374
4,81,20.900849692461854
4,82,23.82112824041673
4,83,24.784105607019004
4,84,27.106657042178607
4,85,24.74991866212302
4,86,22.28831400590046
4,87,24.98085871895728
4,88,26.366651899985037
4,89,23.073267954691865
4,90,21.435649530807776
4,91,19.381586634035937
4,92,16.546800172227826
4,93,15.107961284276293
4,94,13.604616586960939
4,95,11.722649398174724
4,96,13.198170804476108
4,97,13.021151584807907
4,98,15.815912630275983
4,99,16.82310622596823
4,100,20.356107479829117
4,101,20.254106261409657
4,102,16.539000502014986
4,103,14.519233638659967
4,104,11.743087841912248
4,105,10.790907591337106
4,106,8.720599383438639
4,107,10.61919136147177
4,108,10.89037736285828
4,109,14.308943559995873
4,110,16.386976344670174
4,111,18.79072843074363
4,112,21.83554206942105
4,113,22.89333946101877
5,1,11.853854804954532
5,2,8.764639246513967
5,3,5.385388320667736
5,4,3.7903232183505904
5,6,3.8129615433958186
5,7,6.551036687001581
5,8,9.213880184438798
5,9,11.275391180151807
5,10,15.048344434521152
5,11,17.913936690453582
5,12,21.696904915212684
5,13,24.753720284202554
5,14,24.95073540162749
5,15,21.95693817695789
5,16,24.07529551538671
5,17,21.03338715533837
5,18,17.725539556035606
5,19,14.565753897915027
5,20,11.424908151924372
5,21,8.694008002411138
5,22,7.605647667232632
5,23,7.782471904965297
5,24,9.157454308068203
5,25,10.360473025392295
5,26,13.328953467182092
5,27,14.717199379313495
5,28,18.473717088575913
5,29,20.257098878514824
5,30,23.36210945489649
5,31,24.15491789939988
5,32,22.364772854718705
5,33,24.769386583348787
5,34,22.812004265081438
5,35,19.574894985312145
5,36,18.983264705273537
5,37,16.427250622346076
5,38,16.531199281883158
5,39,15.06899909959107
5,40,16.079011304759227
5,41,16.953527459359442
5,42,18.508993291803513
5,43,19.31282019443369
5,44,21.054527471504198
5,45,20.07376036045574
5,46,20.165787605656472
5,47,19.589863411861828
5,48,20.181318795955953
5,49,20.943087514400453
5,50,23.270792137092045
5,51,23.19614037281381
5,52,26.474174983036093
5,53,28.289155700051662
5,54,26.55325307064811
5,55,26.549810208266056
5,56,24.286015921360693
5,57,24.87421409113485
5,58,24.2794487549821
5,59,25.97924735818322
5,60,28.409446117701773
5,61,26.434819762772538
5,62,23.66269830778337
5,63,26.152049275643456
5,64,24.088570284045655
5,65,20.82548581433007
5,66,20.267937716535744
5,67,17.959796018694515
5,68,18.960572689918404
5,69,20.112663275338047
5,70,21.084673702918234
5,71,17.520608253869838
5,72,16.492421984959183
5,73,17.952952279011694
5,74,15.85222823778744
5,75,12.758867672566161
5,76,12.296244608529436
5,77,12.63239871055088
5,78,12.137180256716155
5,79,14.42795299620467
5,80,17.333246905026446
5,81,19.96286067827931
5,82,22.741527798852964
5,83,23.26819046086805
5,84,25.362197625156288
5,85,22.956576600933904
5,86,20.27213129624375
5,87,22.62973534643939
5,88,23.923477215647104
5,89,20.53315084250434
5,90,18.56010835997123
5,91,16.187071803271593
5,92,13.335191419570048
5,93,12.486530087204292
5,94,11.36180918538219
5,95,10.486255846073597
5,96,12.527416153809321
5,97,13.44664654723503
5,98,16.59885471009715
5,99,18.354572461785175
5,100,21.777256672318
5,101,21.421309025478966
5,102,17.797250328071872
5,103,15.150537155158746
5,104,11.779169532506971
5,105,9.79623171353267
5,106,6.696053876427824
5,107,7.588997654420797
5,108,7.811401328407828
5,109,11.057712797999223
5,110,13.609548294560973
5,111,15.85808901286208
5,112,19.152077850790096
5,113,20.37510265160292
6,1,15.292125358520833
6,2,12.443317517789135
6,3,8.85509417351618
6,4,6.665312047959372
6,5,3.8129615433958186
6,7,3.803527250948329
6,8,5.70092326719548
6,9,7.615508441118513
6,10,11.330055202956718
6,11,14.361089772455209
6,12,18.106397718923443
6,13,21.30886458146805
6,14,21.58259097166772
6,15,18.808985668576273
6,16,21.250149817635954
6,17,18.526860101131167
6,18,15.096188962390565
6,19,12.35993707218762
6,20,9.424339528928282
6,21,7.408235450975517
6,22,8.07037162593304
6,23,9.395112894833876
6,24,11.854141878221384
6,25,13.34211890569297
6,26,16.61795470123971
6,27,17.615145013021422
6,28,21.380675095583932
6,29,22.851772526606652
6,30,25.732692744677976
6,31,26.21985265011913
6,32,24.119040008116198
6,33,26.64908047811512
6,34,25.112384426840944
6,35,21.64586189426984
6,36,20.746452490387714
6,37,17.714035062126623
6,38,17.381491389457565
6,39,15.160219422659056
6,40,15.970033110448242
6,41,16.046412976515715
6,42,17.623715174355713
6,43,19.151140923717538
6,44,20.810864737929126
6,45,20.081981057243148
6,46,19.594084121923935
6,47,19.392995318815125
6,48,20.668942470430952
6,49,21.719606406759294
6,50,24.50493075656787
6,51,24.686374597799237
6,52,28.166188433902008
6,53,29.557494008206383
6,54,27.53324459356528
6,55,27.153337317261784
6,56,24.516208935222487
6,57,24.87178048462745
6,58,23.73759468132538
6,59,25.171364761803673
6,60,27.18317644011384
6,61,24.82273086755053
6,62,22.21471137927985
6,63,24.76210918502096
6,64,22.539189520894926
6,65,19.621340880508864
6,66,19.50290023798305
6,67,17.617955262683306
6,68,18.860078874836148
6,69,20.670258239943795
6,70,21.767394948123574
6,71,18.272907231166943
6,72,17.83173612941373
6,73,19.78659944683282
6,74,17.499888078935513
6,75,14.71241318696474
6,76,13.295517964131706
6,77,13.329821260359418
6,78,11.719296751968738
6,79,13.447618528730994
6,80,15.780296208957846
6,81,18.010291107989083
6,82,20.36168483985059
6,83,20.433529671663432
6,84,22.6975925725253
6,85,20.641915451638194
6,86,17.605405142275586
6,87,19.67532122542698
6,88,21.35346845902538
6,89,18.216083160178908
6,90,15.896358667686478
6,91,13.848936937005572
6,92,11.66245123987761
6,93,11.400684883565749
6,94,11.493975506390386
6,95,11.227543411306923
6,96,14.128946531858944
6,97,15.538791149191127
6,98,19.037679073345583
6,99,21.056786219460633
6,100,24.582618192457154
6,101,24.512064682093932
6,102,21.017547386184106
6,103,18.128310171688767
6,104,14.71298772057601
6,105,12.08608269981245
6,106,8.503147569036493
6,107,7.652458898440579
6,108,6.034450682098213
6,109,8.478530893041128
6,110,10.622030332932592
6,111,12.457426405768551
6,112,15.580869485270311
6,113,16.60877917917704
7,1,17.73526900757354
7,2,14.986517902462356
7,3,11.72943857191041
7,4,10.050039374462132
7,5,6.551036687001581
7,6,3.803527250948329
7,8,3.811298749518604
7,9,7.233362650084564
7,10,10.414068944752493
7,11,13.89003607680032
7,12,17.461384411315326
7,13,20.798610013309016
7,14,21.63982864517265
7,15,19.241137945113444
7,16,21.956621045694483
7,17,19.601443837059985
7,18,15.938019121765354
7,19,13.919165463452762
7,20,10.879983003784117
7,21,10.062983087251363
7,22,11.005255207405096
7,23,12.89365309047985
7,24,15.155967451646127
7,25,16.779874613721596
7,26,19.823577154949433
7,27,20.886057968624712
7,28,24.684258831924698
7,29,26.069783218550366
7,30,29.09184100964892
7,31,29.400564135474188
7,32,27.098398035459
7,33,29.370927120678253
7,34,27.79446894394105
7,35,24.24057042382208
7,36,22.87787812086149
7,37,19.679804487957586
7,38,18.653045342901336
7,39,16.024713031725916
7,40,15.954969727693406
7,41,15.30303886877837
7,42,16.152867100778476
7,43,18.109329988172316
7,44,20.229776261324645
7,45,20.199708913110083
7,46,19.822899073543063
7,47,20.34674199284256
7,48,22.007652998531864
7,49,23.6130292428059
7,50,26.468352478309185
7,51,27.10202790029747
7,52,30.508852127093952
7,53,31.71271758385575
7,54,29.860944686537454
7,55,29.090641216544427
7,56,26.177044596628434
7,57,26.003022841816286
7,58,24.461947075796676
7,59,25.342172878436497
7,60,27.16988183454614
7,61,24.491263123318376
7,62,22.369442667711677
7,63,25.28956321132533
7,64,23.401041947081033
7,65,20.648081880516543
7,66,21.19296845859008
7,67,19.87352597401918
7,68,21.605288234442266
7,69,23.516561731421454
7,70,24.95927214965621
7,71,21.6197195550083
7,72,21.045565893795075
7,73,23.215712358201223
7,74,21.138067414498884
7,75,18.19752892150817
7,76,16.674198471020183
7,77,16.150823412559728
7,78,14.301608095907346
7,79,15.220043798703966
7,80,17.365698598286276
7,81,18.928466167013934
7,82,20.949332133459205
7,83,20.42882307730955
7,84,22.372368873801133
7,85,20.392566813479608
7,86,17.135539664947217
7,87,18.572021805694227
7,88,20.15620417725916
7,89,17.037209481161305
7,90,14.183234833757881
7,91,11.717409687408079
7,92,9.837926899929654
7,93,10.816992472509686
7,94,11.573424961183942
7,95,12.519780819890315
7,96,15.527379706436431
7,97,17.644270727598617
7,98,21.15242113696753
7,99,23.577795920170022
7,100,26.91665222380371
7,101,26.56289991040471
7,102,23.181521605893533
7,103,20.01961321222743
7,104,16.38000266537445
7,105,13.331058121748924
7,106,9.532698159682479
7,107,7.368064983713123
7,108,5.536496849666651
7,109,6.517214784092666
7,110,9.313486887080481
7,111,10.441508956063544
7,112,13.803157538524593
7,113,14.872005652348221
8,1,19.919819176163525
8,2,17.521961606535427
8,3,14.013573246885153
8,4,12.288152465288697
8,5,9.213880184438798
8,6,5.70092326719548
8,7,3.811298749518604
8,9,3.805151437497109
8,10,6.761851254567313
8,11,10.168356508315576
8,12,13.72631475869616
8,13,17.014006402824915
8,14,18.009405372617454
8,15,15.702515387074959
8,16,18.499761202939876
8,17,16.40966322479514
8,18,12.727897910197212
8,19,11.327993844786343
8,20,8.744161839522308
8,21,9.114272146521325
8,22,11.16372045302985
8,23,13.763148820493502
8,24,16.65338595120626
8,25,18.692248265323745
8,26,21.89812203482255
8,27,22.421565950572578
8,28,26.187935768516557
8,29,27.152034012071333
8,30,29.935848475987274
8,31,29.866722720679917
8,32,27.27011568686863
8,33,29.59572065787612
8,34,28.47893093581608
8,35,24.771748244145186
8,36,23.189547223788946
8,37,19.680829592501873
8,38,18.411406998405184
8,39,15.283328004143131
8,40,15.25224408515966
8,41,13.978639015662992
8,42,15.138396194177329
8,43,17.654139199048522
8,44,19.326491972877346
8,45,19.30915067189052
8,46,18.282815390347896
8,47,19.013448380077897
8,48,21.215413758909794
8,49,22.962912071245423
8,50,26.165472514086325
8,51,26.995719706266797
8,52,30.533238682684797
8,53,31.304181953959446
8,54,29.204770611759752
8,55,28.111099604127777
8,56,24.94318643785851
8,57,24.615480122562033
8,58,22.66002554732303
8,59,23.36548691211658
8,60,24.776067105027195
8,61,21.855631469874492
8,62,19.846429648124513
8,63,22.690251800486426
8,64,20.694768544420793
8,65,18.331348244369842
8,66,19.251502483312603
8,67,18.40968669925142
8,68,20.361751266944697
8,69,22.72705444020046
8,70,24.336434582497464
8,71,21.243224156461675
8,72,21.085833564144192
8,73,23.68879186526729
8,74,21.66363248049248
8,75,18.980154612804245
8,76,16.74478143025573
8,77,15.858417089465982
8,78,13.271436085349062
8,79,13.480571717170514
8,80,14.977772792653274
8,81,16.05246608087576
8,82,17.67251587997131
8,83,16.837901018549083
8,84,18.86367354429567
8,85,17.183529492801014
8,86,13.728370921096849
8,87,15.01341517933393
8,88,16.925724022581758
8,89,14.119262124638531
8,90,11.165292476896598
8,91,9.425211489705287
8,92,8.567441074548737
8,93,9.722274502950125
8,94,11.617762778499298
8,95,12.7148061153011
8,96,16.224826513371724
8,97,18.50215333348712
8,98,22.21550695180456
8,99,24.786648790403703
8,100,28.208961793148852
8,101,28.274025791471914
8,102,25.07439035387017
8,103,21.772546755844377
8,104,18.296889121934434
8,105,14.95798719549984
8,106,11.291986289961685
8,107,8.478878952193647
8,108,5.135321520368575
8,109,4.424761929631478
8,110,5.986929706763177
8,111,6.907264433887224
8,112,10.154194325419555
8,113,11.439351508980577
9,1,21.546972620946633
9,2,19.31304085406582
9,3,15.602158247908012
9,4,13.570766627974804
9,5,11.275391180151807
9,6,7.615508441118513
9,7,7.233362650084564
9,8,3.805151437497109
9,10,3.810347928129207
9,11,6.82539156658098
9,12,10.535250384606629
9,13,13.82437647319935
9,14,14.426802979528318
9,15,12.055226985766259
9,16,14.980733087178667
9,17,13.082103001496883
9,18,9.597416950183405
9,19,8.598481029623528
9,20,7.143228603511423
9,21,8.164467449331335
9,22,11.26231670878171
9,23,13.956347306669416
9,24,17.36844460979004
9,25,19.46307921153465
9,26,22.88059106899821
9,27,23.00712080546647
9,28,26.645213689445608
9,29,27.34911541578009
9,30,29.768173055947262
9,31,29.524966693699756
9,32,26.85446611445406
9,33,29.40900494868244
9,34,28.74424827305625
9,35,25.01816906858253
9,36,23.585578917055727
9,37,19.970834784386927
9,38,18.949547194887895
9,39,15.691596887473818
9,40,16.2222563935197
9,41,14.847113325220914
9,42,16.61495147303834
9,43,19.300854489846483
9,44,20.325463020921195
9,45,19.928473290257063
9,46,18.211559845088278
9,47,18.664362873258863
9,48,21.130854124090764
9,49,22.61175251358604
9,50,26.068777206435342
9,51,26.75513961389691
9,52,30.432836655939184
9,53,30.917107447525957
9,54,28.452628954395937
9,55,27.322570231115915
9,56,24.112623657479276
9,57,24.00179508311146
9,58,21.888916057150954
9,59,22.762367968392063
9,60,23.785142899915105
9,61,20.80916839642106
9,62,18.6329814686934
9,63,21.06066299865664
9,64,18.641726867669767
9,65,16.72420392017009
9,66,17.57732821264555
9,67,16.87741370367262
9,68,18.61644197137605
9,69,21.448563451038556
9,70,22.885804600129372
9,71,19.965925789150514
9,72,20.43522457163515
9,73,23.217124671401635
9,74,21.053978535277903
9,75,18.868410336124665
9,76,16.084588122641648
9,77,15.328988886845554
9,78,12.11946019571669
9,79,12.095268431628183
9,80,12.726905429180537
9,81,13.664049878627738
9,82,14.864821643191993
9,83,13.954632627997766
9,84,16.487658564048587
9,85,15.30534531828512
9,86,11.730075127748753
9,87,13.18865527781311
9,88,15.701407138036465
9,89,13.444921156234495
9,90,10.846871706160288
9,91,10.406292567727025
9,92,10.41596180385964
9,93,10.945452098137109
9,94,13.268957597439321
9,95,13.787790835684643
9,96,17.517887804383175
9,97,19.45878723109585
9,98,23.252129507544588
9,99,25.63560404362627
9,100,29.199570901495335
9,101,29.736734735799224
9,102,26.61973708517263
9,103,23.428387522782216
9,104,20.224944653214788
9,105,16.98246866602189
9,106,13.57021865775308
9,107,11.056481528969876
9,108,7.298230516344526
9,109,6.4374662579104625
9,110,5.538229286237318
9,111,6.231161641566727
9,112,8.452365316665523
9,113,9.485971255589314
10,1,25.2729760400124
10,2,23.11371418495319
10,3,19.40225648046247
10,4,17.314416626507388
10,5,15.048344434521152
10,6,11.330055202956718
10,7,10.414068944752493
10,8,6.761851254567313
10,9,3.810347928129207
10,11,3.788697569942805
10,12,7.091469452233315
10,13,10.628435709631255
10,14,11.549527580542577
10,15,9.91573576566503
10,16,13.26036382195194
10,17,12.297986878064687
10,18,9.247954444100344
10,19,9.75254589130477
10,20,9.475888677471227
10,21,11.317203518356164
10,22,14.68192291732393
10,23,17.474652579248282
10,24,20.999158052972447
10,25,23.11471430327634
10,26,26.569174744147283
10,27,26.55078847736172
10,28,30.12354702927204
10,29,30.64609861707547
10,30,32.89065027492164
10,31,32.44612900944641
10,32,29.643335503985263
10,33,32.17630655688134
10,34,31.801709291369626
10,35,28.050333910750666
10,36,26.468022877004582
10,37,22.75635476430551
10,38,21.49422130621857
10,39,17.999391091994973
10,40,18.271178395005546
10,41,16.274131606878917
10,42,17.83006973919491
10,43,20.94872475554632
10,44,21.76975473228999
10,45,21.65395946091684
10,46,19.516724488533526
10,47,20.32869886099746
10,48,23.206809218515026
10,49,24.841038045621104
10,50,28.459893389092542
10,51,29.328255777518724
10,52,33.01201734752011
10,53,33.14668332341386
10,54,30.557260020223204
10,55,29.13638663794778
10,56,25.757224303190018
10,57,25.4054116867601
10,58,22.87056936377262
10,59,23.355419405463028
10,60,23.78140003314717
10,61,20.50157592524189
10,62,18.770230374917034
10,63,21.058905883261477
10,64,18.663846087437374
10,65,17.462408097701218
10,66,18.797590411323025
10,67,18.69138887785047
10,68,20.511817073883837
10,69,23.657000710956495
10,70,25.1321913254186
10,71,22.494556418702523
10,72,23.299013314184347
10,73,26.241266951522718
10,74,24.101067441135626
10,75,22.17274068105431
10,76,19.12333105007225
10,77,18.229125111961874
10,78,14.723935222523194
10,79,14.033184508320717
10,80,13.724317200224078
10,81,13.746608668834632
10,82,13.956610725929293
10,83,12.167610412473463
10,84,14.785102455498892
10,85,14.40965120916215
10,86,10.640930713895543
10,87,11.202556365897086
10,88,14.295192938723018
10,89,12.881885001105356
10,90,10.15087842521966
10,91,10.766434158323603
10,92,12.035317134123325
10,93,13.087476064821907
10,94,16.012105722322815
10,95,16.854102972557268
10,96,20.646706600876072
10,97,22.726321968257665
10,98,26.526667683129478
10,99,28.99145403123198
10,100,32.52490005295456
10,101,33.195951560990196
10,102,30.190070612733095
10,103,26.937157478402785
10,104,23.783172643456023
10,105,20.429050757478315
10,106,17.090024292446483
10,107,14.263655393880772
10,108,10.476637012524348
10,109,8.47404452971323
10,110,6.202883985768854
10,111,4.8808841506883365
10,112,5.368457759020693
10,113,5.861430245638887
11,1,27.29134987282458
11,2,25.456536582939243
11,3,21.75259546555112
11,4,19.818622097432424
11,5,17.913936690453582
11,6,14.361089772455209
11,7,13.89003607680032
11,8,10.168356508315576
11,9,6.82539156658098
11,10,3.788697569942805
11,12,3.8034042854496755
11,13,7.035703576619489
11,14,7.942345145410281
11,15,6.35080578862013
11,16,9.740054678868264
11,17,9.426089156690326
11,18,7.078538426454661
11,19,8.947524052597828
11,20,10.003572121760245
11,21,12.519802820919322
11,22,16.104711831710578
11,23,19.017585726329113
11,24,22.695836228807433
11,25,25.00764219773347
11,26,28.420994127504112
11,27,27.961534673061713
11,28,31.36056792600745
11,29,31.500757714986122
11,30,33.43786697370088
11,31,32.673654438537504
11,32,29.730722402987322
11,33,32.253118589919254
11,34,32.326023575811774
11,35,28.60805783861537
11,36,26.992820609829728
11,37,23.266436990376867
11,38,22.033846260566996
11,39,18.515306619853902
11,40,19.033127025669703
11,41,16.92388302494253
11,42,18.82768256474156
11,43,21.98593120653929
11,44,22.197474772052598
11,45,21.87849064710699
11,46,19.20142720291666
11,47,19.934218751971468
11,48,23.056725232106018
11,49,24.58388947611185
11,50,28.338754734342
11,51,29.26085453377368
11,52,32.938940251910275
11,53,32.681527868029264
11,54,29.894471061828966
11,55,28.282831969537167
11,56,24.86443832758204
11,57,24.515774512410054
11,58,21.777071846501865
11,59,22.215461856775097
11,60,22.141289043609007
11,61,18.865499410427848
11,62,17.222977681824045
11,63,19.045514022105415
11,64,16.487365402634406
11,65,15.991413421206813
11,66,17.507949879462092
11,67,17.904203263820698
11,68,19.700821670880714
11,69,23.112356025743765
11,70,24.617888860823722
11,71,22.41468817776661
11,72,23.59172232344093
11,73,26.73555470313979
11,74,24.772697722005958
11,75,23.20683304963512
11,76,19.803789043473348
11,77,18.73068251736937
11,78,14.995297328622247
11,79,13.71076509725076
11,80,12.395871196728853
11,81,11.716442665790469
11,82,11.086584768923089
11,83,8.927339433560396
11,84,11.893649710098051
11,85,12.246163781767542
11,86,8.706568382345822
11,87,9.170782375580984
11,88,12.702218767284096
11,89,12.151175981814658
11,90,10.258111934046044
11,91,12.077541678455043
11,92,13.881796158999316
11,93,14.465439414045022
11,94,17.614129664664908
11,95,18.223357733493053
11,96,22.003937199588933
11,97,23.93923409727194
11,98,27.68908793842224
11,99,30.10254282780494
11,100,33.609835310680786
11,101,34.651751268006336
11,102,31.85620485774187
11,103,28.645885709882837
11,104,25.765315413621238
11,105,22.452686138362605
11,106,19.43600951211295
11,107,16.72231712829191
11,108,12.962585301526202
11,109,11.000957537220136
11,110,7.748635773372558
11,111,6.706124739932468
11,112,5.34806899917427
11,113,6.0191052409743335
12,1,31.01255533641312
12,2,29.237349792668944
12,3,25.5343707409706
12,4,23.558937303610136
12,5,21.696904915212684
12,6,18.106397718923443
12,7,17.461384411315326
12,8,13.72631475869616
12,9,10.535250384606629
12,10,7.091469452233315
12,11,3.8034042854496755
12,13,3.8019219149742547
12,14,5.288322224121328
12,15,5.6293865149498155
12,16,8.944436193137696
12,17,10.129600998996354
12,18,9.040329473606889
12,19,11.802554980961412
12,20,13.439087519562502
12,21,16.11353115035459
12,22,19.7269837226594
12,23,22.621331983424927
12,24,26.336849840075715
12,25,28.63970511349664
12,26,32.06468027922051
12,27,31.4852380717419
12,28,34.7967033838978
12,29,34.78302473877823
12,30,36.53492175432534
12,31,35.609953514341775
12,32,32.608362430654275
12,33,35.09489495930241
12,34,35.43117642053015
12,35,31.749199290473346
12,36,30.075705527137064
12,37,26.358588711368892
12,38,25.02927938155986
12,39,21.478468833895548
12,40,21.866394315958505
12,41,19.463872211463514
12,42,21.194702358647486
12,43,24.51883672005805
12,44,24.49715568304621
12,45,24.336765754816053
12,46,21.39101380967424
12,47,22.308121597253386
12,48,25.628448856521405
12,49,27.182466026973337
12,50,30.986239090655676
12,51,32.00604689778805
12,52,35.63638734916916
12,53,35.07503972172196
12,54,32.200479317372874
12,55,30.39236885293675
12,56,26.941251204917265
12,57,26.445575164453857
12,58,23.457987957181583
12,59,23.580375387678416
12,60,22.899409236174296
12,61,19.53012608880128
12,62,18.38392247354412
12,63,19.84031718401999
12,64,17.406492651490495
12,65,17.709312756016423
12,66,19.496925905950018
12,67,20.35215356188559
12,68,22.085022559261517
12,69,25.637893562828015
12,70,27.105065286475366
12,71,25.205951845043945
12,72,26.638190803070266
12,73,29.838258757311472
12,74,27.922284649390633
12,75,26.593106652206586
12,76,23.070714783143757
12,77,21.962834760092857
12,78,18.184630267742428
12,79,16.576031955502756
12,80,14.62020193888914
12,81,13.191317325407825
12,82,11.442878010788924
12,83,8.44738268593133
12,84,11.270185998528136
12,85,12.764081689041324
12,86,9.718840896712495
12,87,9.05863765678051
12,88,12.869094194895593
12,89,13.432602470789353
12,90,11.924702785506119
12,91,14.42417139934911
12,92,16.822956555724677
12,93,17.600326450927163
12,94,20.946280502542304
12,95,21.67413564299985
12,96,25.41882920327822
12,97,27.375657894053067
12,98,31.08216977514692
12,99,33.502318360126026
12,100,36.967101153856525
12,101,38.141878493655305
12,102,35.44731587145702
12,103,32.23045904798045
12,104,29.421458879677843
12,105,26.080903737792056
12,106,23.135421325454917
12,107,20.31886622464677
12,108,16.601391778339515
12,109,14.318481158933691
12,110,10.885725983731053
12,111,9.160378664165703
12,112,6.252336017107265
12,113,5.924551877688144
13,1,33.308616866034285
13,2,31.844945745699984
13,3,28.216840814318505
13,4,26.481758144626358
13,5,24.753720284202554
13,6,21.30886458146805
13,7,20.798610013309016
13,8,17.014006402824915
13,9,13.82437647319935
13,10,10.628435709631255
13,11,7.035703576619489
13,12,3.8019219149742547
13,14,3.811959269113273
13,15,5.361534862549933
13,16,7.293765373194818
13,17,9.627903114136156
13,18,9.748365669849214
13,19,13.215682819828883
13,20,15.380212893905872
13,21,18.39624605034828
13,22,21.916016741031093
13,23,24.91161297538444
13,24,28.613252414923647
13,25,31.11454794130017
13,26,34.414703142470074
13,27,33.4818053179881
13,28,36.63239133286373
13,29,36.26273044090378
13,30,37.7896152363503
13,31,36.539326665664994
13,32,33.41010554809983
13,33,35.74718182102604
13,34,36.45053003718007
13,35,32.845046744862714
13,36,31.070424178356795
13,37,27.418993075871857
13,38,26.02632321703557
13,39,22.552180149726766
13,40,22.983047516137734
13,41,20.512811060333565
13,42,22.355285133366927
13,43,25.616483678293715
13,44,25.097354714295157
13,45,24.873353490765144
13,46,21.60606268863907
13,47,22.5561625767225
13,48,26.0138447016653
13,49,27.543208480076416
13,50,31.35416113390565
13,51,32.515153971941956
13,52,36.03274632865204
13,53,35.07798066744285
13,54,32.15538818868756
13,55,30.11032097081229
13,56,26.673948664200328
13,57,26.05419448819542
13,58,22.904924556847355
13,59,22.822775363110324
13,60,21.580035509585528
13,61,18.332071603524234
13,62,17.54119148542816
13,63,18.470812587654585
13,64,16.206288376116262
13,65,17.318002438489742
13,66,19.345243088748784
13,67,20.768904966056244
13,68,22.546586056798517
13,69,26.128742948767744
13,70,27.70828066845383
13,71,26.28961162584987
13,72,27.860263184078924
13,73,31.202975248498095
13,74,29.57260678208757
13,75,28.450224456724566
13,76,24.768306092907885
13,77,23.412479193458605
13,78,19.68118244272271
13,79,17.580334647414833
13,80,15.008172470483649
13,81,12.821902631292732
13,82,10.124859839002
13,83,6.742830747272773
13,84,9.21144407581456
13,85,11.697585258754993
13,86,9.600600735528669
13,87,8.543488125702055
13,88,12.141830537174306
13,89,13.678581077343722
13,90,13.116098133951168
13,91,16.24328164733044
13,92,18.899273163126928
13,93,19.3948101844093
13,94,22.81351376158231
13,95,23.480737569190605
13,96,27.097616736183642
13,97,29.002826826432237
13,98,32.5886437126377
13,99,35.01367959210752
13,100,38.36212162478501
13,101,39.790625032532674
13,102,37.33722140690706
13,103,34.14163473868895
13,104,31.567939217694818
13,105,28.260570457544155
13,106,25.610456460886247
13,107,22.8451110061337
13,108,19.268373100420778
13,109,16.999986304402114
13,110,13.305237256989626
13,111,11.953845863485316
13,112,8.889405558993564
13,113,9.115151011415504
14,1,33.408158636739756
14,2,31.863439715058448
14,3,28.19866243274098
14,4,26.19567601159635
14,5,24.95073540162749
14,6,21.58259097166772
14,7,21.63982864517265
14,8,18.009405372617454
14,9,14.426802979528318
14,10,11.549527580542577
14,11,7.942345145410281
14,12,5.288322224121328
14,13,3.811959269113273
14,15,3.8143748312695585
14,16,5.894445265921571
14,17,8.710294317622099
14,18,9.733803728265977
14,19,12.882117928433399
14,20,15.670414134492727
14,21,18.198014118571617
14,22,21.85154980160621
14,23,24.44078509409479
14,24,28.223815065892964
14,25,30.44645989032837
14,26,33.840326550094886
14,27,32.87925251111547
14,28,35.87008724109498
14,29,35.55517651559964
14,30,36.79652534997146
14,31,35.698163016104196
14,32,32.788801680929964
14,33,35.400705135812075
14,34,36.24428060934938
14,35,32.75866016041521
14,36,31.388305609709985
14,37,27.864695652481885
14,38,26.97422610599779
14,39,23.723286388832523
14,40,24.701073433671706
14,41,22.66789810363999
14,42,24.88969385829687
14,43,27.951938200600242
14,44,27.32817724204255
14,45,26.652235216444815
14,46,23.30998352213213
14,47,23.675441965398694
14,48,26.878679974849472
14,49,27.917736277807556
14,50,31.71334382053986
14,51,32.454382040074925
14,52,36.04092891395622
14,53,35.17865306737402
14,54,31.997201492158908
14,55,30.300322247614343
14,56,27.109544054874274
14,57,27.013115171083847
14,58,24.190686575340624
14,59,24.636824604394423
14,60,23.5407778727447
14,61,20.608952587925657
14,62,19.295143890997608
14,63,19.746658349468078
14,64,16.937172581904072
14,65,18.078527726672394
14,66,19.43186489172967
14,67,20.42918945100171
14,68,21.588654806553304
14,69,25.327129058694783
14,70,26.425552164315746
14,71,25.03642538823246
14,72,27.06589067844652
14,73,30.196486410983322
14,74,28.338918608786084
14,75,27.665282695903038
14,76,23.968741329435122
14,77,23.113586110881684
14,78,19.36831133441195
14,79,17.757936795474713
14,80,14.894720285065299
14,81,13.31003974558389
14,82,10.680585334848208
14,83,8.282984432958012
14,84,11.476162342701118
14,85,13.85189991904035
14,86,11.90007949422576
14,87,11.777298488353159
14,88,15.323760382448398
14,89,16.513125438574534
14,90,15.989092293130668
14,91,18.83643396535593
14,92,21.035487405600538
14,93,21.119079428164117
14,94,24.23616349943227
14,95,24.351392084775558
14,96,27.944907838211186
14,97,29.412707010446137
14,98,32.96299237376446
14,99,35.042874268746615
14,100,38.507942045401265
14,101,40.136220090642354
14,102,37.60244575717525
14,103,34.63206195309244
14,104,32.18253006167881
14,105,29.104549707169717
14,106,26.469434159674655
14,107,24.076095819975457
14,108,20.419775345394356
14,109,18.691650935279842
14,110,15.131202137696954
14,111,14.137172892005278
14,112,11.446081856893276
14,113,10.997657329015144
15,1,29.826386216543394
15,2,28.443822183958684
15,3,24.845517599805927
15,4,23.053643826931353
15,5,21.95693817695789
15,6,18.808985668576273
15,7,19.241137945113444
15,8,15.702515387074959
15,9,12.055226985766259
15,10,9.91573576566503
15,11,6.35080578862013
15,12,5.6293865149498155
15,13,5.361534862549933
15,14,3.8143748312695585
15,16,3.8029443147301136
15,17,5.233121792359489
15,18,6.02236101255393
15,19,9.137985565211125
15,20,12.125558110348111
15,21,14.697954006922298
15,22,18.27158048855589
15,23,20.900947681437774
15,24,24.65124313327331
15,25,27.008662752222797
15,26,30.307643990310076
15,27,29.213626929576776
15,28,32.18579656290259
15,29,31.80049160655009
15,30,33.0905897325504
15,31,31.96508170964366
15,32,29.027433498847767
15,33,31.638393311218955
15,34,32.435734189453484
15,35,28.946783996842676
15,36,27.616493935715706
15,37,24.11765387488757
15,38,23.370144956302763
15,39,20.22831051042648
15,40,21.494454654529275
15,41,19.806440506412315
15,42,22.36621383283559
15,43,25.180426393514473
15,44,24.465161280254065
15,45,23.483858073838046
15,46,20.17924139456539
15,47,20.248402811288226
15,48,23.319787079637273
15,49,24.247707354098356
15,50,28.038664228944118
15,51,28.71204420375984
15,52,32.32871853656585
15,53,31.58584222237407
15,54,28.411198207030303
15,55,26.819855947305232
15,56,23.652020971000333
15,57,23.731902612959253
15,58,21.107373747282136
15,59,21.91024130058558
15,60,21.243093928532748
15,61,18.469370027519926
15,62,16.618322674768084
15,63,17.161065119890207
15,64,14.068088771950016
15,65,14.761323682758205
15,66,15.875667011688366
15,67,16.68439299401234
15,68,17.91129383014071
15,69,21.627645357265816
15,70,22.833875562462133
15,71,21.39102172541325
15,72,23.305009191721897
15,73,26.494875321191987
15,74,24.75157614404467
15,75,23.999747492974077
15,76,20.271143187115843
15,77,19.320905935267504
15,78,15.591772070416267
15,79,13.992923931716879
15,80,11.152264191012119
15,81,9.930609170809957
15,82,7.920113436530779
15,83,6.3776675563431775
15,84,10.131937867768034
15,85,11.65616823784673
15,86,9.585498696596462
15,87,10.618646009109424
15,88,13.978169374311712
15,89,14.485063288667254
15,90,14.16852505008413
15,91,16.781264138369533
15,92,18.50803598360481
15,93,18.103251292061973
15,94,20.995311768478043
15,95,20.827481829778847
15,96,24.358165645425473
15,97,25.693564056790187
15,98,29.212026040184227
15,99,31.250272926953713
