1,2,3.8103734606275426
1,3,6.415953259761703
1,4,9.636970970939446
1,5,11.858236240833794
1,6,13.735708962853066
1,7,14.495255930417994
1,8,18.18913028250697
1,9,18.670918798594958
1,10,22.413983958242454
1,11,22.175601587392386
1,12,19.739100417886515
1,13,22.21994317861289
1,14,25.067508698542564
1,15,23.514781868159634
1,16,23.23957757958036
1,17,26.850510498939055
1,18,28.179723832244154
1,19,26.541954360291392
1,20,23.66346826870107
1,21,25.72352686371676
1,22,28.676585072854795
1,23,26.809170962585426
1,24,25.409890312357817
1,25,28.9294576014899
1,26,30.602980038030285
1,27,28.2661090276788
1,28,29.204486173172008
1,29,32.837299284581036
1,30,33.47476248353789
1,31,32.24228802094223
1,32,30.088433180805644
1,33,28.22504952430036
1,34,30.266388640711483
1,35,28.351277955634224
1,36,24.70727385185003
1,37,22.332258565727056
1,38,19.107167295058492
1,39,18.87186665588285
1,40,16.931087527788545
1,41,17.909496225774426
1,42,17.09436197013797
1,43,16.18209498598625
1,44,12.584868424691138
1,45,12.26969294393385
1,46,14.297972410724753
1,47,12.238413242283016
1,48,9.207340044462091
1,49,12.018468553137579
1,50,13.714916691445294
1,51,10.877606404848276
1,52,10.879798270754545
1,53,14.677831333335757
1,54,15.46533135659339
1,55,13.827277668210161
1,56,12.893198467938413
1,57,16.1161443954296
1,58,17.209458852669556
1,59,20.33709036608024
1,60,22.78514584597105
1,61,21.697119896272113
1,62,20.77752096115917
1,63,18.253586888125618
1,64,19.563281846983585
1,65,18.131918490688953
1,66,21.764299888528953
1,67,23.139716103592598
1,68,24.37497908001299
1,69,22.533828378272528
1,70,19.268430553436517
1,71,20.230027944514983
1,72,21.23103860892402
1,73,17.87464712400939
1,74,16.140037961124317
1,75,18.85132309001102
1,76,18.395785623987443
1,77,14.730602487705081
1,78,15.550984722427122
1,79,18.34362180607803
1,80,17.26847760533386
1,81,13.610533081514872
1,82,13.885048230299693
1,83,11.841212909622964
1,84,10.381970011642373
1,85,12.890206129893144
1,86,28.44312575368591
1,87,28.622384888725396
1,88,29.197779101867983
1,89,25.860142240234023
1,90,24.11633059111756
1,91,26.19648694710792
1,92,25.127263865176204
1,93,21.443459557421537
1,94,22.15312108602182
1,95,24.328025386801883
1,96,21.545784894070238
1,97,19.71612737469854
1,98,22.787511647150165
1,99,22.69363793004357
1,100,19.233670024599594
1,101,20.38526973276497
1,102,23.584640198478915
1,103,21.939564030181337
1,104,19.79540589926638
1,105,23.155157857881324
1,106,24.90782472264248
1,107,27.3393360713147
1,108,26.716189405244943
1,109,29.349363068208557
2,1,3.8103734606275426
2,3,3.8028260643380065
2,4,6.364977890667872
2,5,8.911745407619678
2,6,10.269279892885132
2,7,10.808087844302742
2,8,14.506477784446469
2,9,15.293648031397002
2,10,18.98313967160905
2,11,18.615564644806987
2,12,16.42242876250599
2,13,19.127279384020106
2,14,21.805605924758385
2,15,20.373070144814935
2,16,20.46852639840602
2,17,24.034222912576332
2,18,25.23826877818155
2,19,23.859008846158744
2,20,21.278839620930462
2,21,23.50777803342474
2,22,26.51967462349699
2,23,24.922656635919648
2,24,23.82505935198561
2,25,27.354692708077277
2,26,29.086232518613198
2,27,27.12492012213706
2,28,28.219850430854567
2,29,31.800203765721573
2,30,32.102312612256256
2,31,31.023751242733407
2,32,28.777404279568028
2,33,27.2362618148993
2,34,29.383695352272966
2,35,28.40079682187407
2,36,24.759814805472004
2,37,22.89189722694994
2,38,19.374017493087454
2,39,18.611708889182623
2,40,16.200486950853538
2,41,16.99828804346407
2,42,15.434579897847279
2,43,13.854078288609822
2,44,10.255094589007989
2,45,10.98993287714675
2,46,12.760909883134508
2,47,10.143149377319336
2,48,8.08357622547942
2,49,11.564356821939924
2,50,12.535529743458895
2,51,9.793900115713926
2,52,11.119997522854945
2,53,14.693297192468624
2,54,14.829117542549675
2,55,13.602620823605756
2,56,13.723499259441695
2,57,17.343522948892268
2,58,18.775917556049112
2,59,22.217026682410538
2,60,24.193592712404552
2,61,22.660585191708094
2,62,21.636991458542816
2,63,18.670707907692087
2,64,19.27818115489147
2,65,17.46507492191955
2,66,21.019791756567088
2,67,22.11199487260615
2,68,22.77742370874066
2,69,20.766715449274777
2,70,17.74111854646177
2,71,18.368154901173284
2,72,18.85712550071823
2,73,15.511270286715263
2,74,13.81944540792776
2,75,16.06534251587702
2,76,15.25407263609529
2,77,11.50454979971494
2,78,12.392297979574495
2,79,14.851379165692533
2,80,13.556593908490402
2,81,9.85383282622071
2,82,10.253233548030547
2,83,8.713482072428864
2,84,7.239914398012512
2,85,10.38729021695923
2,86,28.43401449970452
2,87,29.02423100528372
2,88,29.63510086357472
2,89,26.56747413973034
2,90,24.409181409151905
2,91,26.099261723161437
2,92,25.28511305580142
2,93,21.57394345473241
2,94,21.638427909173416
2,95,23.750312783440485
2,96,21.162981168676332
2,97,18.836349975153066
2,98,21.49000201233652
2,99,21.60238620526803
2,100,17.980172188201294
2,101,18.50280589818986
2,102,21.737802373743225
2,103,20.202521599530225
2,104,17.573763948495998
2,105,20.6548532208243
2,106,22.583197304921892
2,107,24.752001565081372
2,108,24.02136287988452
2,109,26.792012292065817
3,1,6.415953259761703
3,2,3.8028260643380065
3,4,3.8044812905775
3,5,5.451312955224944
3,6,7.742369971434658
3,7,8.843743821849516
3,8,12.560796451756534
3,9,12.990217192872269
3,10,16.773431672936628
3,11,17.09554424704475
3,12,15.154571214732373
3,13,17.451630969877627
3,14,20.40594797894878
3,15,19.609629621421043
3,16,19.59070299645615
3,17,22.889778916873823
3,18,24.505989174936094
3,19,23.641505944350342
3,20,21.148206612917807
3,21,22.975543093831096
3,22,26.294768003584018
3,23,25.204674969452682
3,24,23.88943265661154
3,25,27.18200359663479
3,26,29.329625544716773
3,27,27.673573473787734
3,28,28.40305795966301
3,29,32.049798748000356
3,30,31.953875454099077
3,31,30.583907139726076
3,32,27.97253705154216
3,33,26.296779145750378
3,34,28.090118428917112
3,35,27.318813553411605
3,36,23.599157350589987
3,37,22.0479529656185
3,38,18.36319020987012
3,39,16.911766745165384
3,40,13.978152031757444
3,41,14.11273337557407
3,42,12.233017629420157
3,43,10.888770475308036
3,44,7.106714414047047
3,45,8.35747104555718
3,46,10.755333071240747
3,47,8.78596440893094
3,48,7.2207888669194
3,49,10.95933522394706
3,50,12.281668365629436
3,51,10.568991517910494
3,52,12.22374189519211
3,53,15.460937282964778
3,54,15.939977450912005
3,55,15.57520254605454
3,56,15.881363389246264
3,57,19.481090345243885
3,58,20.438183787750948
3,59,23.820867141760047
3,60,25.58098798610205
3,61,24.23073437952284
3,62,23.68661391019247
3,63,20.812316139471246
3,64,20.991405061470132
3,65,19.503052196794947
3,66,23.106171163927
3,67,23.64504442343204
3,68,23.97548775596996
3,69,21.474279440350024
3,70,18.915513000701747
3,71,19.826769561736775
3,72,19.645483898694103
3,73,16.102281901607988
3,74,15.17522219174006
3,75,17.08705387449604
3,76,15.42930587798275
3,77,11.879925797272927
3,78,13.52409644952988
3,79,15.221487827540455
3,80,13.021764839103268
3,81,9.526748453536426
3,82,10.384953181253689
3,83,10.15361494976527
3,84,9.117357007414395
3,85,12.780744851791452
3,86,29.726424499360597
3,87,30.217907260661512
3,88,30.412775917582604
3,89,27.42723291384524
3,90,25.369755074361493
3,91,26.608298597879713
3,92,25.4816683327133
3,93,21.943965505047917
3,94,21.879587042442427
3,95,23.44855746860127
3,96,20.62485994892466
3,97,18.43660838129645
3,98,20.7090624400106
3,99,20.323576756324996
3,100,16.560561793931495
3,101,17.11332064906511
3,102,19.95185951613077
3,103,17.941773390733026
3,104,15.299611907250634
3,105,18.43622336457972
3,106,19.917018481019674
3,107,21.847538907597205
3,108,20.810340844246145
3,109,23.36754394622456
4,1,9.636970970939446
4,2,6.364977890667872
4,3,3.8044812905775
4,5,3.803696920394186
4,6,5.582276831147731
4,7,5.438965873114683
4,8,8.968827673056357
4,9,9.229085581209981
4,10,13.006591387458528
4,11,13.333078919180508
4,12,11.461528308951577
4,13,13.76592424656234
4,14,16.664703639777883
4,15,16.06916230087053
4,16,16.208362112412342
4,17,19.38358764125312
4,18,21.004505016867345
4,19,20.433154373114302
4,20,18.195716437707464
4,21,19.994590238763344
4,22,23.365416166258143
4,23,22.624047098572476
4,24,21.50854194344156
4,25,24.684649350399784
4,26,26.924754956155716
4,27,25.665247138907205
4,28,26.428928999779583
4,29,29.975264187538713
4,30,29.542410339752042
4,31,28.286149462839635
4,32,25.612994413730313
4,33,24.27062780128453
4,34,26.14517331658871
4,35,26.344116302614673
4,36,22.756952660719715
4,37,21.784767267906428
4,38,17.991142373929783
4,39,16.154136554402665
4,40,13.006614758775168
4,41,13.182632210371057
4,42,10.573499748789603
4,43,8.2513061942342
4,44,4.949212753706844
4,45,7.552310183591307
4,46,9.012980534285452
4,47,6.643883351152063
4,48,6.905171442549969
4,49,10.516148435771925
4,50,10.899666346170855
4,51,9.827871943032854
4,52,12.444393888004667
4,53,15.063880994212637
4,54,15.015722933330714
4,55,15.294643879249902
4,56,16.425794449275845
4,57,20.112908595503633
4,58,21.223760185632745
4,59,24.76418187900089
4,60,26.004552998292482
4,61,24.321473068584726
4,62,23.82115314098988
4,63,20.74074482982736
4,64,20.225000746728544
4,65,18.669887334149276
4,66,22.085830079658784
4,67,22.16111178620933
4,68,21.960708108128596
4,69,19.227219909295428
4,70,17.134151308775895
4,71,17.93920008616129
4,72,17.131250110824627
4,73,13.652337023349913
4,74,13.255437336510246
4,75,14.676163833858137
4,76,12.434310665958252
4,77,9.212194570357866
4,78,11.457773575692341
4,79,12.55603182280599
4,80,9.881596559211523
4,81,6.900411039990908
4,82,8.842133974918584
4,83,9.862261200148515
4,84,8.507491909133838
4,85,12.216692848125842
4,86,28.76836470758718
4,87,29.577840713380713
4,88,29.736224156476737
4,89,27.084068234376105
4,90,24.72242547519691
4,91,25.50643400634932
4,92,24.62162965321049
4,93,21.201422099893882
4,94,20.523803693209384
4,95,21.919370578526046
4,96,19.392735357797918
4,97,16.82242089976486
4,98,18.55274057681315
4,99,18.382012949710347
4,100,14.627368082054854
4,101,14.482484920895502
4,102,17.268786754654503
4,103,15.498166317000074
4,104,12.411754842751117
4,105,15.194497515932296
4,106,16.91723791983336
4,107,18.69493747220559
4,108,17.779040125758627
4,109,20.618418729980814
5,1,11.858236240833794
5,2,8.911745407619678
5,3,5.451312955224944
5,4,3.803696920394186
5,6,3.809092606080458
5,7,5.758567691169522
5,8,8.903164745021485
5,9,9.30332758585261
5,10,12.869908750719787
5,11,13.984952714483372
5,12,12.948215190035734
5,13,14.81985675124991
5,14,17.7000009028817
5,15,17.862212480908767
5,16,18.171362041426733
5,17,20.91952544692566
5,18,22.756695722885485
5,19,22.748016745600797
5,20,20.8055427949648
5,21,22.303180185027795
5,22,25.809608194267728
5,23,25.49002100772466
5,24,24.32903856428872
5,25,27.26185000347019
5,26,29.74519324380705
5,27,28.735863697724906
5,28,29.264772977945412
5,29,32.799379001904974
5,30,32.06722786970501
5,31,30.6160029227428
5,32,27.675330044596247
5,33,26.23373739336686
5,34,27.70420558118436
5,35,27.956881743202654
5,36,24.341955959654356
5,37,23.54981024334122
5,38,19.76205214321942
5,39,17.376190572947202
5,40,13.816141159272833
5,41,12.910954245971539
5,42,9.919185882474409
5,43,8.204473492291982
5,44,5.208746554107634
5,45,8.40877503689011
5,46,10.620301947229859
5,47,9.351063976811236
5,48,9.739063968808258
5,49,13.136630903684495
5,50,13.937628700763234
5,51,13.393060262666042
5,52,15.794127618006435
5,53,18.328332740462397
5,54,18.555603968429953
5,55,19.030624109127704
5,56,20.005048520376423
5,57,23.627583446785167
5,58,24.46314743649008
5,59,27.873629887570374
5,60,29.173843365747963
5,61,27.711616543284286
5,62,27.421051533161087
5,63,24.439238876181342
5,64,23.887445777897714
5,65,22.427523379931454
5,66,25.812111523625482
5,67,25.734400578655492
5,68,25.33281557613628
5,69,22.441128281634022
5,70,20.638923526336356
5,71,21.40885346824628
5,72,20.246678383076496
5,73,16.884653009427947
5,74,16.72069910872604
5,75,17.696461452468387
5,76,15.070952398941316
5,77,12.18413381444214
5,78,14.265515045294077
5,79,14.599996379463228
5,80,11.391805586080558
5,81,8.837502224182614
5,82,10.025117308257057
5,83,11.647606769896372
5,84,11.362617180746463
5,85,15.130264200301944
5,86,32.18092966095592
5,87,32.88286506983987
5,88,32.78953159910055
5,89,30.145074242527006
5,90,27.947820081975724
5,91,28.51404356634633
5,92,27.377945909967426
5,93,24.128283216810278
5,94,23.484161025901425
5,95,24.459432720627365
5,96,21.76184599902114
5,97,19.456247057186335
5,98,20.832017233397828
5,99,20.176450837158608
5,100,16.449401669790284
5,101,16.337298557924314
5,102,18.528261582092888
5,103,16.22588520925862
5,104,13.232091346621576
5,105,15.810231736852577
5,106,16.81726920194137
5,107,17.975266727964257
5,108,16.332535092221338
5,109,18.685512906341394
6,1,13.735708962853066
6,2,10.269279892885132
6,3,7.742369971434658
6,4,5.582276831147731
6,5,3.809092606080458
6,7,3.8206399112980995
6,8,6.762709152786094
6,9,8.667173497280578
6,10,11.775961005678242
6,11,12.322030180565278
6,12,12.103486624969866
6,13,14.509744437008209
6,14,16.726242433934683
6,15,16.905882179765662
6,16,18.00695571680569
6,17,20.648384134595016
6,18,21.974049051149827
6,19,22.164532847175185
6,20,20.766746663187845
6,21,22.652286841334593
6,22,25.935497756529948
6,23,25.705045013496637
6,24,25.094438577670587
6,25,28.068215178477388
6,26,30.30614594985257
6,27,29.568499208228538
6,28,30.465754232634172
6,29,33.822962796483246
6,30,32.968933082177045
6,31,31.884802193754187
6,32,29.108332104531925
6,33,28.111871126139008
6,34,29.814628051812555
6,35,30.76193334479622
6,36,27.259400355059647
6,37,26.668892325852553
6,38,22.861773100862393
6,39,20.515657768996284
6,40,17.002643547633703
6,41,16.216396380400617
6,42,12.884732359218424
6,43,10.483671159899922
6,44,8.226810511117906
6,45,11.783360226832189
6,46,13.306622560703632
6,47,11.390239075946862
6,48,12.396529481452456
6,49,15.853260417477218
6,50,15.913778858454046
6,51,15.060202955842545
6,52,17.948692493523126
6,53,20.41774974907684
6,54,19.979487621392003
6,55,20.251620656376815
6,56,21.71238207475429
6,57,25.46249972433927
6,58,26.755256359894535
6,59,30.326685408905
6,60,31.513665377932817
6,61,29.692395942111897
6,62,29.02722352158103
6,63,25.76163098006403
6,64,24.977239590116564
6,65,23.04002930838401
6,66,26.142685070486667
6,67,26.16345223500114
6,68,25.34728709713385
6,69,22.6991789001418
6,70,21.02052591528851
6,71,21.13645871597974
6,72,19.736086583816515
6,73,16.803079690235993
6,74,16.31807441944889
6,75,16.531984205346948
6,76,13.917367754693247
6,77,11.244367645423464
6,78,12.65287269888728
6,79,12.269520295616651
6,80,9.026658520682622
6,81,6.822540805464007
6,82,7.293575750137536
6,83,9.771715209245148
6,84,10.342532929291126
6,85,13.835590512635015
6,86,33.54710350324201
6,87,34.63337365922202
6,88,34.824911840452025
6,89,32.36068447137299
6,90,29.844565691807283
6,91,30.36216723518478
6,92,29.626330829761237
6,93,26.330896574381516
6,94,25.26852940075094
6,95,26.45107198142104
6,96,24.122515541470182
6,97,21.416133485755324
6,98,22.509465404348475
6,99,22.32713464268409
6,100,18.69620795290759
6,101,17.87395937784695
6,102,20.13470876213848
6,103,18.282502742129683
6,104,14.874321708467708
6,105,16.772770639990583
6,106,18.115104163159277
6,107,18.777325587734012
6,108,16.969066647694316
6,109,19.407353113738562
7,1,14.495255930417994
7,2,10.808087844302742
7,3,8.843743821849516
7,4,5.438965873114683
7,5,5.758567691169522
7,6,3.8206399112980995
7,8,3.813528219540575
7,9,5.778737511374504
7,10,8.980006701922784
7,11,8.933255721162503
7,12,8.378553091861873
7,13,11.105523729185409
7,14,13.20547995312547
7,15,13.123794215385745
7,16,14.330142641889617
7,17,17.059118152246327
7,18,18.23287705310083
7,19,18.356375089427
7,20,17.065230004034277
7,21,19.069425463392495
7,22,22.252264307196203
7,23,22.0745334930003
7,24,21.673806504378195
7,25,24.62881763788496
7,26,26.762588646771725
7,27,26.201499513103816
7,28,27.2381914367566
7,29,30.47355066627901
7,30,29.549966371684675
7,31,28.679189724761144
7,32,26.058749907064353
7,33,25.39475260097515
7,34,27.359490077033367
7,35,28.941841500258025
7,36,25.620760525813683
7,37,25.324613309004636
7,38,21.558324367943214
7,39,19.35256294197816
7,40,16.094238841656345
7,41,15.945477989425704
7,42,12.528059027264815
7,43,9.291043084847932
7,44,7.827287700851576
7,45,11.411258510626679
7,46,11.809415030080922
7,47,9.419901858565675
7,48,11.381271004433122
7,49,14.466478733436741
7,50,13.689822673196089
7,51,13.079936740063793
7,52,16.42721321970125
7,53,18.41627063571526
7,54,17.49490978374156
7,55,18.08989171558254
7,56,20.0899475975846
7,57,23.80294021842215
7,58,25.287566440587558
7,59,28.95052466790541
7,60,29.747425854979525
7,61,27.63262448074299
7,62,26.91385357155053
7,63,23.549359250897023
7,64,22.326831916903934
7,65,20.36531855895439
7,66,23.258275665195278
7,67,23.00354911873751
7,68,21.904266862949285
7,69,19.225087786051436
7,70,17.831470620499832
7,71,17.8644035492091
7,72,16.155119350672475
7,73,13.366874797403417
7,74,13.235324893476939
7,75,13.184807845776719
7,76,10.274701060713804
7,77,8.000187675536559
7,78,9.945724466326336
7,79,9.322229639631585
7,80,5.792660049021318
7,81,4.41437576261888
7,82,6.725465847129203
7,83,9.676599721998514
7,84,9.22853256343439
7,85,12.386597183228846
7,86,30.68632040807372
7,87,32.02889131787837
7,88,32.3242756428465
7,89,30.125496857538838
7,90,27.367929320692312
7,91,27.675045214813558
7,92,27.26181970162623
7,93,24.04107362513323
7,94,22.561948153001264
7,95,23.815686158514737
7,96,21.87115764882984
7,97,18.85195856826544
7,98,19.672231294137585
7,99,19.939912917195585
7,100,16.473155240082153
7,101,15.084869444090998
7,102,17.527561540127984
7,103,16.258477018399784
7,104,12.586197958188645
7,105,14.129962553393218
7,106,16.086946927200675
7,107,16.989442981460957
7,108,15.817169825733101
7,109,18.801987271221346
8,1,18.18913028250697
8,2,14.506477784446469
8,3,12.560796451756534
8,4,8.968827673056357
8,5,8.903164745021485
8,6,6.762709152786094
8,7,3.813528219540575
8,9,3.803867767848495
8,10,5.715766369227562
8,11,5.61350065912769
8,12,6.422511368009982
8,13,8.839419636776498
8,14,10.28601152090551
8,15,10.906244668514695
8,16,12.631601875091594
8,17,14.76766513162126
8,18,15.793148674420937
8,19,16.57772546762314
8,20,15.968971317990555
8,21,17.787715206602503
8,22,20.82584565495969
8,23,21.20513036419035
8,24,21.148446506838052
8,25,23.758778987460204
8,26,25.91254951960953
8,27,25.89655837553076
8,28,26.926998492620736
8,29,29.908858116674942
8,30,28.579341886558613
8,31,27.88053079585628
8,32,25.27501734504335
8,33,25.049071865535623
8,34,26.967878917364608
8,35,29.50325962986521
8,36,26.446846555119397
8,37,26.680594856237622
8,38,23.025918768853586
8,39,20.606950947362158
8,40,17.442833286428556
8,41,17.21360550737362
8,42,13.58424872135852
8,43,10.100386619705596
8,44,10.040889919949562
8,45,13.620693178226958
8,46,13.272308865892677
8,47,11.27280783470897
8,48,14.029451111710852
8,49,16.57834419197247
8,50,15.231616075514916
8,51,15.239997742576152
8,52,18.8101579493428
8,53,20.215242085565258
8,54,18.961513343774495
8,55,20.018739678631245
8,56,22.449213160595328
8,57,26.044078553472826
8,58,27.55699952257834
8,59,31.212406050888415
8,60,31.613301095309627
8,61,29.32346557469782
8,62,28.676236128119207
8,63,25.29458786830676
8,64,23.5527416914029
8,65,21.641771454397105
8,66,24.154302859557482
8,67,23.450856407335955
8,68,21.77501294780611
8,69,19.03171886703809
8,70,18.351684776815848
8,71,18.169806600686343
8,72,15.761860395409975
8,73,13.548571157430576
8,74,14.062559778408191
8,75,13.150465493072089
8,76,9.748808392702543
8,77,8.891407198318536
8,78,10.879685379232315
8,79,9.025502650711054
8,80,5.275821255815173
8,81,6.493536297819128
8,82,8.880627406165418
8,83,12.358928415448231
8,84,11.960027923782343
8,85,14.501008468024624
8,86,31.34839686027107
8,87,32.945734567529286
8,88,33.18339710175881
8,89,31.35118235272561
8,90,28.439380539733516
8,91,28.295535156693123
8,92,28.11147344133668
8,93,25.164209048687074
8,94,23.197708783818584
8,95,24.166280727965585
8,96,22.63034135275853
8,97,19.493234981659093
8,98,19.588715315073127
8,99,20.044385910279313
8,100,16.953467485247582
8,101,14.83984608808232
8,102,16.814260609969974
8,103,15.963882130517739
8,104,12.200034699560172
8,105,12.692725548212554
8,106,14.717771085329895
8,107,15.02725299368029
8,108,13.936341967415274
8,109,17.04551256249364
9,1,18.670918798594958
9,2,15.293648031397002
9,3,12.990217192872269
9,4,9.229085581209981
9,5,9.30332758585261
9,6,8.667173497280578
9,7,5.778737511374504
9,8,3.803867767848495
9,10,3.8094143952846418
9,11,5.441707018507124
9,12,5.086357492456236
9,13,6.11417382068581
9,14,8.633243478937327
9,15,9.787396269255419
9,16,10.489075058076574
9,17,12.438614110420282
9,18,14.271738009831045
9,19,15.229323854367463
9,20,14.26371195236097
9,21,15.400940250300458
9,22,18.744406636959805
9,23,19.44269586079875
9,24,18.908237499120688
9,25,21.248468000085357
9,26,23.783686218383657
9,27,23.851195145593415
9,28,24.43757928194204
9,29,27.480357507811842
9,30,25.963763093378937
9,31,24.937857897645163
9,32,22.096272099824496
9,33,21.722835919472672
9,34,23.422042474630864
9,35,26.131541025731053
9,36,23.18290106960412
9,37,23.730222171083284
9,38,20.18190935281513
9,39,17.56310537136045
9,40,14.509736822519775
9,41,14.353427654659058
9,42,10.808700554659966
9,43,7.233306584472904
9,44,8.435991782673252
9,45,11.613782361900455
9,46,10.654550144392
9,47,9.452923479741303
9,48,12.716578289849066
9,49,14.61966490352633
9,50,13.261295753289122
9,51,14.177956445499081
9,52,17.592756061012025
9,53,18.49510063909572
9,54,17.58893159652791
9,55,19.30090673231009
9,56,21.662579449260306
9,57,25.053983068275954
9,58,26.163043551034782
9,59,29.674877859150648
9,60,29.81337952792913
9,61,27.706620008064075
9,62,27.508612677872332
9,63,24.382739018189078
9,64,22.430272244025108
9,65,21.08849668647983
9,66,23.674714834393924
9,67,22.485764519617973
9,68,20.876921706391
9,69,17.70073463743626
9,70,17.41141362456723
9,71,17.930340824470395
9,72,15.314193983871354
9,73,12.842984494321346
9,74,14.282955698634098
9,75,13.87392532531042
9,76,10.155139479418139
9,77,9.728958539837844
9,78,12.676263725320531
9,79,11.35566115446438
9,80,7.853872575761182
9,81,8.868992819265006
9,82,11.947456571512395
9,83,15.0263938903374
9,84,13.863524631663005
9,85,16.532556164649392
9,86,29.527729356573946
9,87,30.92509034392484
9,88,30.810794518870193
9,89,29.095692022182636
9,90,26.350326079615716
9,91,25.864774990972876
9,92,25.460638412845338
9,93,22.766193804577807
9,94,20.76621456413012
9,95,21.281079346648006
9,96,19.711695743660428
9,97,16.791112590992782
9,98,16.54359177712956
9,99,16.691812722410575
9,100,13.752055587911565
9,101,11.587626681008555
9,102,13.203780872112254
9,103,12.26853828061802
9,104,8.54996075972642
9,105,8.97287463830745
9,106,10.959838300587192
9,107,11.605530953349904
9,108,10.985717597012892
9,109,14.417097278838714
10,1,22.413983958242454
10,2,18.98313967160905
10,3,16.773431672936628
10,4,13.006591387458528
10,5,12.869908750719787
10,6,11.775961005678242
10,7,8.980006701922784
10,8,5.715766369227562
10,9,3.8094143952846418
10,11,3.8023006312434635
10,12,5.519992598763935
10,13,5.127959759076835
10,14,6.309575409540409
10,15,8.733715591702667
10,16,9.932885354257245
10,17,10.793198388667426
10,18,12.449088247953291
10,19,14.288087910647954
10,20,14.207377238033086
10,21,15.006273975935779
10,22,18.03515850862334
10,23,19.380217704378865
10,24,19.2524732438208
10,25,21.108491084821747
10,26,23.60007359206848
10,27,24.27022984912947
10,28,24.839178262556768
10,29,27.532242593858573
10,30,25.585519856276665
10,31,24.777309651081584
10,32,22.022939676897742
10,33,22.17127099151265
10,34,23.7683771918859
10,35,27.451881018404578
10,36,24.854779072785462
10,37,25.89767184447865
10,38,22.56370408207498
10,39,19.86703115830023
10,40,17.06650362118909
10,41,16.83441580242265
10,42,13.384675195152973
10,43,10.116619793010175
10,44,12.025904651248602
10,45,14.988446267570236
10,46,13.601092746313878
10,47,12.72485506614103
10,48,16.22423110589342
10,49,17.72525114756783
10,50,15.975859701030775
10,51,17.216816951723217
10,52,20.690440608071956
10,53,21.136210710003176
10,54,19.940468152116214
10,55,21.91700076561306
10,56,24.579671177932244
10,57,27.828420401811673
10,58,28.982989675242386
10,59,32.44667204689421
10,60,32.246541646878164
10,61,30.000092095600944
10,62,29.835081549797533
10,63,26.732691232544298
10,64,24.378681135663832
10,65,23.078298134929494
10,66,25.244367791066956
10,67,23.688459129715284
10,68,21.55755322446803
10,69,18.45577506364274
10,70,18.877309588391118
10,71,19.13836136806124
10,72,15.992806547531385
10,73,14.272917873323049
10,74,16.12203833616947
10,75,14.98463434886811
10,76,11.21304471766999
10,77,11.944817106796524
10,78,14.577568493470125
10,79,12.476191611654738
10,80,9.400169002035621
10,81,11.563699106374505
10,82,14.425479169196665
10,83,17.790257673557992
10,84,16.80163898148369
10,85,19.029890758050545
10,86,30.81321017602784
10,87,32.448275836638565
10,88,32.296007999859555
10,89,30.96725405838125
10,90,28.118113734534283
10,91,27.213124823633137
10,92,27.061768421310376
10,93,24.697038689891468
10,94,22.28145423464519
10,95,22.502462121877112
10,96,21.419023460739876
10,97,18.502368974014843
10,98,17.505378512900116
10,99,17.862880399503055
10,100,15.519316069951552
10,101,12.738994566131046
10,102,13.625478322352045
10,103,13.292621656506459
10,104,9.92519091880396
10,105,8.775034678579598
10,106,10.643465804151056
10,107,10.342703992741558
10,108,9.967416662154408
10,109,13.402800367025838
11,1,22.175601587392386
11,2,18.615564644806987
11,3,17.09554424704475
11,4,13.333078919180508
11,5,13.984952714483372
11,6,12.322030180565278
11,7,8.933255721162503
11,8,5.61350065912769
11,9,5.441707018507124
11,10,3.8023006312434635
11,12,3.798183138109656
11,13,5.3340076516910875
11,14,5.018092534899432
11,15,6.231236690750433
11,16,8.676346784136856
11,17,10.016708771572759
11,18,10.585715827812866
11,19,12.041825101828763
11,20,12.388472275814314
11,21,14.005611709246773
11,22,16.610903298001425
11,23,17.610646440370626
11,24,18.121073167580736
11,25,20.253462313019956
11,26,22.23376567977988
11,27,22.90981950910228
11,28,24.03697740109635
11,29,26.57164485005208
11,30,24.849638472110506
11,31,24.567330462797717
11,32,22.26032413460697
11,33,22.80646709538946
11,34,24.916560618944075
11,35,28.73950948494611
11,36,26.196358489853864
11,37,27.066841014860657
11,38,23.736001399740584
11,39,21.501955745250587
11,40,18.939176470959204
11,41,19.283546772803962
11,42,15.940060710466016
11,43,12.312673941596126
11,44,13.545324436170485
11,45,16.50227696513444
11,46,14.86963849709137
11,47,13.108383238227397
11,48,16.593960113782828
11,49,18.192804277854343
11,50,15.879459607973837
11,51,16.570246932523062
11,52,20.26934774022169
11,53,20.707494864198058
11,54,18.87831382490621
11,55,20.5296582115594
11,56,23.548306587361804
11,57,26.809714488845128
11,58,28.41771649995553
11,59,31.997605279218593
11,60,31.741798671996122
11,61,29.146785882681865
11,62,28.55522391655674
11,63,25.25097706344514
11,64,22.78063593456373
11,65,21.064846305467228
11,66,22.912721641843238
11,67,21.54067176885769
11,68,19.14970477935692
11,69,16.453215857017273
11,70,16.85199766627891
11,71,16.482510253429144
11,72,13.253698317792674
11,73,12.082880163647786
11,74,13.62103986472522
11,75,11.851040262791562
11,76,8.253498571142458
11,77,9.688976316235873
11,78,11.813816324924726
11,79,9.32921378004526
11,80,6.960609258530921
11,81,10.024155166901243
11,82,12.883834408889541
11,83,16.158303269016525
11,84,15.077074044524885
11,85,16.68299999835007
11,86,29.51743390365627
11,87,31.51046049212039
11,88,31.78951218631049
11,89,30.561665517409292
11,90,27.4134565693269
11,91,26.70128980538665
11,92,27.033970041274173
11,93,24.51906150883778
11,94,21.857926872089948
11,95,22.61358331797654
11,96,21.9078269649524
11,97,18.591887845189436
11,98,17.76861641988456
11,99,18.876305973687828
11,100,16.578110821676983
11,101,13.47816424674898
11,102,15.032628926923932
11,103,15.377510387255349
11,104,11.862898784245234
11,105,10.811673287588711
11,106,13.483374619371633
11,107,13.638756641473273
11,108,13.692654564145178
11,109,17.161290508618215
12,1,19.739100417886515
12,2,16.42242876250599
12,3,15.154571214732373
12,4,11.461528308951577
12,5,12.948215190035734
12,6,12.103486624969866
12,7,8.378553091861873
12,8,6.422511368009982
12,9,5.086357492456236
12,10,5.519992598763935
12,11,3.798183138109656
12,13,3.809614176969785
12,14,5.3966655658346925
12,15,4.964111196958797
12,16,6.251269755094952
12,17,8.810778046841998
12,18,9.906967551980847
12,19,10.366094531531209
12,20,9.657497708025465
12,21,11.436453568470773
12,22,14.403341936818016
12,23,14.92962984492729
12,24,15.025125539866256
12,25,17.499127996891705
12,26,19.57943023604331
12,27,19.831773955180044
12,28,20.918446939031366
12,29,23.70539131623539
12,30,22.293924653957372
12,31,21.857647084617657
12,32,19.549728159620862
12,33,19.855261053495177
12,34,22.197431918793566
12,35,25.602177384778773
12,36,22.99204198412568
12,37,23.686763152292798
12,38,20.37471723384216
12,39,18.446194399174534
12,40,16.154070002665563
12,41,17.08654346806578
12,42,14.095596797017427
12,43,10.364754752965275
12,44,11.501822588353015
12,45,13.940547162627725
12,46,11.856167804541162
12,47,9.877787982735054
12,48,13.466534109632324
12,49,14.742451448127994
12,50,12.188175936822331
12,51,13.016935324989564
12,52,16.673434964393888
12,53,16.939450486554886
12,54,15.13412522290827
12,55,16.96307886015493
12,56,19.962779442060892
12,57,23.142963735827895
12,58,24.677719831707105
12,59,28.233654604733992
12,60,27.944527339127557
12,61,25.374409547639942
12,62,24.872790779880784
12,63,21.641633918171106
12,64,19.192577688767066
12,65,17.69095143300439
12,66,19.758085995353095
12,67,18.334631247999635
12,68,16.28602571510978
12,69,13.311901693656491
12,70,13.48299696856504
12,71,13.629335874955594
12,72,10.599668761868465
12,73,8.78641043255825
12,74,10.747257871147138
12,75,9.795441267645916
12,76,6.018737355246916
12,77,7.295332230982066
12,78,10.286602561938926
12,79,8.979055416250993
12,80,6.810069993822238
12,81,9.039194349044678
12,82,12.578744624549017
12,83,15.278016713263755
12,84,13.382329391721546
12,85,15.065131746794371
12,86,26.02494666300511
12,87,27.889693273522692
12,88,28.164914840144238
12,89,26.82807691216079
12,90,23.69792312152067
12,91,23.114801471153662
12,92,23.405279579996026
12,93,20.785208560082136
12,94,18.20382135694952
12,95,19.143691123754227
12,96,18.372482637772993
12,97,14.956117632361336
12,98,14.44985243658261
12,99,15.732098492617947
12,100,13.312317148137726
12,101,10.286077646665326
12,102,12.474866409342438
12,103,12.995789920646164
12,104,9.443012479881943
12,105,9.110406378103065
12,106,12.363153058667303
12,107,13.591348567606193
12,108,14.210788383197361
12,109,17.935897841869597
13,1,22.21994317861289
13,2,19.127279384020106
13,3,17.451630969877627
13,4,13.76592424656234
13,5,14.81985675124991
13,6,14.509744437008209
13,7,11.105523729185409
13,8,8.839419636776498
13,9,6.11417382068581
13,10,5.127959759076835
13,11,5.3340076516910875
13,12,3.809614176969785
13,14,3.8053030119109987
13,15,5.333461563834883
13,16,5.02575420938384
13,17,6.344484577237332
13,18,8.647909226216106
13,19,9.995652292977308
13,20,9.442249533950289
13,21,9.912691102286368
13,22,13.101715346597025
13,23,14.471497643186503
13,24,14.18590832793625
13,25,15.984696542014428
13,26,18.529562220107024
13,27,19.228113516420848
13,28,19.742320587208006
13,29,22.404365831483666
13,30,20.508856387997753
13,31,19.775613527684623
13,32,17.189095438063543
13,33,17.606282294583732
13,34,19.602785133788185
13,35,23.702386394435916
13,36,21.390481339036253
13,37,22.65305180619911
13,38,19.593689134886866
13,39,17.402523754758043
13,40,15.366156382398028
13,41,16.19706311642249
13,42,13.447404873661183
13,43,10.135276244390916
13,44,12.432314048563955
13,45,14.413300403335612
13,46,11.85448549643621
13,47,11.028379707855958
13,48,14.829419702848835
13,49,15.387056242304226
13,50,12.915095485868147
13,51,14.721007156210725
13,52,18.055119967182247
13,53,17.713299401287802
13,54,16.29152795316036
13,55,18.77486829841685
13,56,21.655696717482478
13,57,24.54450066943592
13,58,25.641650227839605
13,59,28.98021538120691
13,60,28.343621929052638
13,61,25.976987433435895
13,62,25.967267884659712
13,63,23.067129772452166
13,64,20.349033768866747
13,65,19.480069604222177
13,66,21.40999477261905
13,67,19.391834513880372
13,68,17.236648869866766
13,69,13.923511197786908
13,70,14.875062323634832
13,71,15.6187962599063
13,72,12.343066790955517
13,73,10.781594815234385
13,74,13.546280799311385
13,75,12.822435983777638
13,76,9.256991423877825
13,77,10.822633205517487
13,78,13.990292117008405
13,79,12.700052394553433
13,80,10.504584231672942
13,81,12.600816125572534
13,82,16.147222334872986
13,83,18.90125261160387
13,84,16.926771736014903
13,85,18.7265072934384
13,86,26.03402822395967
13,87,27.74982122244117
13,88,27.598735229046515
13,89,26.555737066481687
13,90,23.62226952334351
13,91,22.466841715266096
13,92,22.588685823677782
13,93,20.445171866805406
13,94,17.6968694654646
13,95,17.899503339304264
13,96,17.32030566185614
13,97,14.262244728448584
13,98,12.890908177875804
13,99,13.866813064630184
13,100,12.030057532897073
13,101,8.630728780095133
13,102,9.801458757075414
13,103,10.667608855033226
13,104,7.5830758812162395
13,105,5.946032645256328
13,106,9.24607238804588
13,107,10.419742569072966
13,108,11.753400890649635
13,109,15.54203855739631
14,1,25.067508698542564
14,2,21.805605924758385
14,3,20.40594797894878
14,4,16.664703639777883
14,5,17.7000009028817
14,6,16.726242433934683
14,7,13.20547995312547
14,8,10.28601152090551
14,9,8.633243478937327
14,10,6.309575409540409
14,11,5.018092534899432
14,12,5.3966655658346925
14,13,3.8053030119109987
14,15,3.80822692975568
14,16,5.396397043030249
14,17,5.259448575475449
14,18,6.169155898829074
14,19,8.509718246252143
14,20,9.475069872152211
14,21,10.20020882897628
14,22,12.525268840401546
14,23,14.31249239744112
14,24,14.946837452731137
14,25,16.405430411538394
14,26,18.459558902260834
14,27,19.736958904781403
14,28,20.624823939103578
14,29,22.795136635242418
14,30,20.67130194931333
14,31,20.540772592841417
14,32,18.415406156469196
14,33,19.54064352187048
14,34,21.68071810559445
14,35,26.489718025538707
14,36,24.477957170889244
14,37,25.922098972783566
14,38,23.021006366059307
14,39,21.00276473165673
14,40,19.12849460185399
14,41,19.964049442397823
14,42,17.159628701014213
14,43,13.825467203113735
14,44,15.93905095694093
14,45,18.122101306245487
14,46,15.58048869191981
14,47,14.431757841434543
14,48,18.195052333862982
14,49,18.805639346880646
14,50,16.005471998466085
14,51,17.50195299589568
14,52,20.955283194659554
14,53,20.466922439051974
14,54,18.529088895682623
14,55,20.84691059648962
14,56,24.058962392057847
14,57,26.869651060834247
14,58,28.271392949048153
14,59,31.626653366396624
14,60,30.78302950985439
14,61,28.142960027033542
14,62,27.866437769550846
14,63,24.87594484547993
14,64,21.881061120735463
14,65,20.744699462426084
14,66,22.114917384940707
14,67,19.99731159061271
14,68,17.24829262507604
14,69,14.417566918455973
14,70,15.902723295377866
14,71,15.936996693662376
14,72,12.272409507149005
14,73,11.841240138618092
14,74,14.47784904033753
14,75,12.806869904572023
14,76,9.580688037233312
14,77,12.125905091870546
14,78,14.592723481236312
14,79,12.605490986644677
14,80,11.119480261694157
14,81,14.077332182999687
14,82,17.314856612638376
14,83,20.235952691506537
14,84,18.507932526600353
14,85,19.744244532095017
14,86,27.203636309528942
14,87,29.318504826296625
14,88,29.42139721675752
14,89,28.72990226066803
14,90,25.584140679865527
14,91,24.273413737526756
14,92,24.878952296414266
14,93,22.911501708327027
14,94,19.80635866903468
14,95,20.124442990470552
14,96,20.11623054880206
14,97,16.949171541479707
14,98,15.23276234529833
14,99,16.726969263593865
14,100,15.354400119679736
14,101,11.705419113989759
14,102,12.586048354982422
14,103,14.027749874272027
14,104,11.259417439486008
14,105,8.971763324457836
14,106,11.997559581466312
14,107,12.400142051249011
14,108,13.77781492731197
14,109,17.366113541625353
15,1,23.514781868159634
15,2,20.373070144814935
15,3,19.609629621421043
15,4,16.06916230087053
15,5,17.862212480908767
15,6,16.905882179765662
15,7,13.123794215385745
15,8,10.906244668514695
15,9,9.787396269255419
15,10,8.733715591702667
15,11,6.231236690750433
15,12,4.964111196958797
15,13,5.333461563834883
15,14,3.80822692975568
15,16,3.799856997126333
15,17,5.582975870309007
15,18,5.217062352378373
15,19,5.824451681404824
15,20,6.594964114353228
15,21,8.567711493738358
15,22,10.63227654124227
15,23,11.604969366750163
15,24,12.680646178159627
15,25,14.710864517706712
15,26,16.27485794919026
15,27,17.218131854658633
15,28,18.660764448268115
15,29,20.86934855786828
15,30,19.240178665099425
15,31,19.50059227567157
15,32,17.81502035197111
15,33,19.04894762915273
15,34,21.7303036733065
15,35,26.172169384275488
15,36,24.126789319027967
15,37,25.237406621925942
15,38,22.35957493321342
15,39,20.884036769373786
15,40,19.288489081346096
15,41,20.713608938420727
15,42,18.121460111337836
15,43,14.59563122310003
15,44,16.088115378917035
15,45,18.023373112935587
15,46,15.300370997059938
15,47,13.476136349487275
15,48,17.041928914056065
15,49,17.578113671243084
15,50,14.346585576288362
15,51,15.380613545054095
15,52,18.85647632289721
15,53,18.299704807767775
15,54,15.85980890645671
15,55,17.92658764637798
15,56,21.367016683852306
15,57,24.102584834421254
15,58,25.838205899392097
15,59,29.249036217780088
15,60,28.388965388634716
15,61,25.4901339573924
15,62,24.87617346211423
15,63,21.770529246513085
15,64,18.720009759925
15,65,17.333197905510517
15,66,18.506180764470194
15,67,16.534890607687935
15,68,13.714074318480991
15,69,11.126793409659358
15,70,12.511065562027479
15,71,12.216241390144765
15,72,8.512122406798367
15,73,8.513533303633844
15,74,11.13200544034369
15,75,9.353420833091317
15,76,6.582569985600949
15,77,9.750839368037317
15,78,12.004319782517284
15,79,10.541062277004714
15,80,9.990290940924154
15,81,12.852779968622416
15,82,16.17619540328393
15,83,18.608921838076686
15,84,16.478481490017053
15,85,17.193602483088817
15,86,24.406199454234415
15,87,26.7525938247051
15,88,27.25556155430719
15,89,26.54618571561968
15,90,23.17341413516719
15,91,22.174269622539835
15,92,23.16315081313379
15,93,20.987572900298954
15,94,17.78703593747968
15,95,18.738796506203922
15,96,18.969624513361445
15,97,15.47624456346797
15,98,14.224164860379878
15,99,16.39709185051137
15,100,14.961088387501189
15,101,11.353499021850531
15,102,13.158834377874458
15,103,14.957152651753056
15,104,12.116455873784387
15,105,10.656485744219385
15,106,14.213244924173235
15,107,15.385006523669155
15,108,16.86547541748907
15,109,20.58719441232968
16,1,23.23957757958036
16,2,20.46852639840602
16,3,19.59070299645615
16,4,16.208362112412342
16,5,18.171362041426733
16,6,18.00695571680569
16,7,14.330142641889617
16,8,12.631601875091594
16,9,10.489075058076574
16,10,9.932885354257245
16,11,8.676346784136856
16,12,6.251269755094952
16,13,5.02575420938384
16,14,5.396397043030249
16,15,3.799856997126333
16,17,3.798328467674766
16,18,5.494618224495971
16,19,5.443437165890683
16,20,4.53931547758613
16,21,5.3381370307428595
16,22,8.295331096634643
16,23,9.490327898584292
16,24,9.672398886536866
16,25,11.577160216502797
16,26,13.72444524469885
16,27,14.560709457379321
16,28,15.483023507068921
16,29,17.919245141784277
16,30,16.21833495052596
16,31,16.059937043797937
16,32,14.141368053965184
16,33,15.252694853258637
16,34,17.956981496893707
16,35,22.47849326983683
16,36,20.594581984024718
16,37,21.92233159831925
16,38,19.275967337561084
16,39,17.951752752252684
16,40,16.830861112012514
16,41,18.63221530521551
16,42,16.565057598608284
16,43,13.416585497637307
16,44,15.347439606150989
16,45,16.562162118650942
16,46,13.33473527405498
16,47,12.154683513603027
