1,2,3.805944547570892
1,3,6.710955041104108
1,4,7.608906159633279
1,5,5.639000174557033
1,6,6.407300066682628
1,7,9.721491578441265
1,8,10.650259758099784
1,9,9.673877737551326
1,10,11.862202862488507
1,11,14.34818177061857
1,12,14.92384382018143
1,13,15.563140392093342
1,14,17.654077851901683
1,15,19.530484900120534
1,16,20.732442707486786
1,17,21.895242318715766
1,18,23.736185954098683
1,19,25.282466168227433
1,20,26.617466006988096
1,21,27.832102728376775
1,22,29.09532564683303
1,23,31.155666667729953
1,24,32.568334236991866
1,25,33.50982058411841
1,26,34.94196295543661
1,27,37.4439342321674
1,28,38.41893902565353
1,29,39.03250724952525
1,30,40.74306519495566
1,31,43.16134218665198
1,32,46.363732615157325
1,33,46.52332027479635
1,34,49.20740665967951
1,35,48.032500612277744
1,36,44.298067928611225
1,37,42.65817864832231
1,38,39.182853299502284
1,39,40.52276645856984
1,40,38.908763231054806
1,41,35.38318859164531
1,42,34.72919263195069
1,43,35.52337747212041
1,44,33.923095758661745
1,45,30.522938518113705
1,46,31.431818928288884
1,47,32.433778676666165
1,48,29.210029994507714
1,49,27.204364039450738
1,50,29.603644588198275
1,51,29.509148601782915
1,52,25.76684644418758
1,53,25.744057258154722
1,54,28.676599748349503
1,55,30.88336427331297
1,56,33.593660411717046
1,57,36.461659263147894
1,58,39.050636178676335
1,59,39.80049066287406
1,60,38.27731140497825
1,61,37.875087791891666
1,62,38.47533380296658
1,63,41.81731523500085
1,64,41.576862858672555
1,65,40.33490165416058
1,66,37.66009645724436
1,67,36.866979792494924
1,68,36.18949397576968
1,69,34.326996404051734
1,70,31.940095380428374
1,71,31.680202247610694
1,72,30.562486036253272
1,73,27.597957549870987
1,74,26.67990242681819
1,75,27.010610168695134
1,76,25.023206128314158
1,77,22.121490918728615
1,78,22.454180706433366
1,79,22.5501442777825
1,80,19.708955547594115
1,81,17.40298987158756
1,82,18.55786345995728
1,83,18.397900851517903
1,84,14.92193814210585
1,85,13.675320808009605
1,86,16.073850062904565
1,87,14.854381238407814
1,88,11.2520119292714
1,89,12.730213033852488
1,90,14.916111520511691
1,91,12.54772341870534
1,92,10.98733185973388
1,93,14.641892665876155
1,94,15.777527188762724
1,95,13.703418629654083
1,96,15.161721526086577
2,1,3.805944547570892
2,3,3.8066261809445656
2,4,5.8941922193123055
2,5,5.999604610346832
2,6,6.490851869353809
2,7,8.851187055488808
2,8,10.78175599340178
2,9,10.864786971662252
2,10,12.3472300417263
2,11,14.499350716336703
2,12,15.963778913240551
2,13,16.789215231303924
2,14,18.144700597856904
2,15,20.151485477316598
2,16,21.935497162819804
2,17,22.776496055940285
2,18,24.18810080085791
2,19,26.131649604943263
2,20,27.70940210568554
2,21,28.49088753812938
2,22,29.54868654348475
2,23,31.97270279985863
2,24,33.37675561106138
2,25,33.89722643033992
2,26,35.34948988777426
2,27,38.11010634927072
2,28,38.87347515335495
2,29,39.18833023371675
2,30,41.05742575167959
2,31,43.65017480580386
2,32,46.67836159955112
2,33,46.73248183630765
2,34,49.54783879868784
2,35,48.4833385808768
2,36,44.7733775254136
2,37,43.410884864953275
2,38,39.92348193949629
2,39,41.38648286655469
2,40,40.08783514243577
2,41,36.67112168766735
2,42,36.308496792840714
2,43,36.88556972514196
2,44,34.980064074557696
2,45,31.786372622458508
2,46,32.766027815945705
2,47,33.35356501402873
2,48,29.97962669055666
2,49,28.234742724751552
2,50,30.46061406648323
2,51,29.931141178220145
2,52,26.130571415053467
2,53,26.285527240387935
2,54,28.85579257977476
2,55,31.405945760764197
2,56,34.04778660050381
2,57,37.13869447449661
2,58,39.59586020223617
2,59,40.641366655641384
2,60,38.990127476956026
2,61,38.235384698322214
2,62,38.63030268171225
2,63,41.78552829105521
2,64,41.38504172660999
2,65,39.830145008573545
2,66,37.2855123645256
2,67,36.79873491882527
2,68,35.88440225056404
2,69,33.77916901005379
2,70,31.730659883907265
2,71,31.560828694476545
2,72,30.018328448684006
2,73,27.107651397750356
2,74,26.660342260866404
2,75,26.747340040882662
2,76,24.317156224587464
2,77,21.742320476370214
2,78,22.484104578547807
2,79,22.153502457519483
2,80,18.9704286297739
2,81,17.332793643319988
2,82,18.73291068964602
2,83,17.847887331304108
2,84,14.201184362082541
2,85,13.816665327729256
2,86,15.847531523808012
2,87,13.787216605004263
2,88,10.683139637049218
2,89,12.843660742408575
2,90,14.164515245352428
2,91,11.18956594159289
2,92,10.687569378476109
2,93,14.358837881733857
2,94,14.5870024602333
2,95,12.517724128599067
2,96,14.849954466247842
3,1,6.710955041104108
3,2,3.8066261809445656
3,4,3.805321486250007
3,5,5.370485658708288
3,6,5.241982323935204
3,7,5.994124141748705
3,8,8.640562547209564
3,9,9.667655859274486
3,10,10.461562889698731
3,11,12.037388001098964
3,12,14.20401923986632
3,13,15.266425166427926
3,14,15.929265181310289
3,15,17.871586976392315
3,16,20.152861550103772
3,17,20.80100581146912
3,18,21.74564676637515
3,19,23.92876523840914
3,20,25.765719976822897
3,21,26.231868119623723
3,22,27.01807857144764
3,23,29.686540381528346
3,24,31.15288011758764
3,25,31.344886453498223
3,26,32.71961902399482
3,27,35.676422216898935
3,28,36.342217031065466
3,29,36.39524081059471
3,30,38.3138615016173
3,31,41.05010740583828
3,32,43.95090266097589
3,33,43.88455486512854
3,34,46.76046972327946
3,35,45.76133758024434
3,36,42.08692465845164
3,37,40.93854772279819
3,38,37.46705729455626
3,39,39.04772332423622
3,40,38.03380425862167
3,41,34.7579461715052
3,42,34.6406963685437
3,43,34.984372349609245
3,44,32.82792814341496
3,45,29.85139550116072
3,46,30.882645183458717
3,47,31.096714871998472
3,48,27.627916327028327
3,49,26.148491127709597
3,50,28.246335840362594
3,51,27.34543550976074
3,52,23.54624502408264
3,53,23.941722506051203
3,54,26.22550913281271
3,55,29.043476405269875
3,56,31.52509347539656
3,57,34.7884098769363
3,58,37.071688520592225
3,59,38.30822327210174
3,60,36.527709629517915
3,61,35.50316251232069
3,62,35.74462745116929
3,63,38.76275942035347
3,64,38.283091412355134
3,65,36.56796984241807
3,66,34.14074266429463
3,67,33.80677847307917
3,68,32.72664080306183
3,69,30.51541177845068
3,70,28.68984932036444
3,71,28.54136184960748
3,72,26.753581290226524
3,73,23.909185301194082
3,74,23.75282066029599
3,75,23.696573340535622
3,76,21.019855228713283
3,77,18.661950223545137
3,78,19.703531611051282
3,79,19.181660841354702
3,80,15.787899884906235
3,81,14.62818764996529
3,82,16.35820339533372
3,83,15.100625140898606
3,84,11.366522976532313
3,85,11.85605083590584
3,86,13.896006980565964
3,87,11.475998309500941
3,88,9.004867600470472
3,89,12.04583299379606
3,90,13.01073754390504
3,91,10.27149229448209
3,92,10.945501905863162
3,93,14.575308824300151
3,94,14.493365374044949
3,95,13.27111605571059
3,96,16.048120235573492
4,1,7.608906159633279
4,2,5.8941922193123055
4,3,3.805321486250007
4,5,3.80842338413289
4,6,5.96335053023366
4,7,5.703884754748867
4,8,6.740521169153722
4,9,8.780144604943239
4,10,10.489440527922813
4,11,11.096269454947794
4,12,12.84417105585654
4,13,14.794433960538814
4,14,15.632692148602667
4,15,16.793187989926835
4,16,19.228241411747835
4,17,20.489070280803933
4,18,21.119513626461046
4,19,22.85890097489448
4,20,25.097061576454305
4,21,25.89299969193843
4,22,26.26026962767356
4,23,28.733050444101377
4,24,30.6215443173055
4,25,30.9070883603006
4,26,31.86269754246661
4,27,34.87302971904463
4,28,35.892225659614574
4,29,35.79221809759942
4,30,37.37871319504524
4,31,40.26042067350249
4,32,43.24341714295218
4,33,42.9058457959054
4,34,45.579023987985444
4,35,44.30325090161486
4,36,40.68807815948252
4,37,39.3836183504465
4,38,36.06300372247538
4,39,37.9276066061983
4,40,36.933693897660326
4,41,33.76780283205252
4,42,33.36954077201945
4,43,33.40949011266248
4,44,31.451892768230863
4,45,28.457884152973982
4,46,29.057947311523307
4,47,29.253688718725336
4,48,25.979437758921826
4,49,24.158035684135232
4,50,25.924083066920698
4,51,25.234738448754133
4,52,21.469570560655693
4,53,21.371358308480787
4,54,23.63491161526013
4,55,26.29629099941603
4,56,29.035169800994666
4,57,32.186815935261265
4,58,34.682665981253656
4,59,36.051086019033974
4,60,34.55958151103748
4,61,33.69209027516584
4,62,34.280628856070415
4,63,37.36464502912117
4,64,37.23712461328596
4,65,35.72184123027698
4,66,33.51542916102886
4,67,32.85956344327405
4,68,31.530165071874574
4,69,29.664303497226136
4,70,27.867035980852545
4,71,27.22668325771723
4,72,25.457562799435568
4,73,22.948070189455763
4,74,22.411930059679406
4,75,21.915144542785427
4,76,19.48783701002882
4,77,17.34517903014652
4,78,17.755442559839988
4,79,16.853039427671938
4,80,13.809666544891234
4,81,12.557597970683641
4,82,13.565482018792293
4,83,12.17915479334273
4,84,8.65605764172641
4,85,8.63476252651274
4,86,10.285478139166967
4,87,7.975355608056322
4,88,5.235893601337195
4,89,8.299342638160777
4,90,9.356511283778019
4,91,7.0711196743006575
4,92,7.871132108771482
4,93,11.426366198772365
4,94,11.749774354987354
4,95,11.258177240236494
4,96,13.76430333686743
5,1,5.639000174557033
5,2,5.999604610346832
5,3,5.370485658708288
5,4,3.80842338413289
5,6,3.80265167798677
5,7,5.327560500506416
5,8,5.320202685571009
5,9,5.8497224373833765
5,10,8.422213202173388
5,11,9.732690380367213
5,12,10.600700173034172
5,13,12.25591630026483
5,14,13.885494275130588
5,15,15.1353205678268
5,16,16.96650796304284
5,17,18.45241511134167
5,18,19.63689788440745
5,19,21.091926895554717
5,20,23.009139487551217
5,21,24.186656998471616
5,22,24.889860435302445
5,23,27.05325534917855
5,24,28.8584441518338
5,25,29.56886379906551
5,26,30.627277746956878
5,27,33.36712967276603
5,28,34.52155225335929
5,29,34.78718347166907
5,30,36.306749976346616
5,31,38.972375010671136
5,32,42.13217768746645
5,33,41.98975560680169
5,34,44.595211164696295
5,35,43.28680451160831
5,36,39.60751484653937
5,37,38.05044812864041
5,38,34.6696590717243
5,39,36.32858240519883
5,40,35.00075742552023
5,41,31.670129103379423
5,42,31.065880026474296
5,43,31.40943825839581
5,44,29.676944716990082
5,45,26.44248674432114
5,46,27.121260142000615
5,47,27.75706510556797
5,48,24.53404919719693
5,49,22.523391111818206
5,50,24.64183975628851
5,51,24.350151941444093
5,52,20.58286767590271
5,53,20.488247899130705
5,54,23.236848472661606
5,55,25.597470932597712
5,56,28.321908259442502
5,57,31.30205468269828
5,58,33.86846451809375
5,59,34.86576964473778
5,60,33.38548143058822
5,61,32.84332130131987
5,62,33.5426161291833
5,63,36.83463249846869
5,64,36.76999406428259
5,65,35.548220406661315
5,66,33.10830681106949
5,67,32.19489303276951
5,68,31.219585352133798
5,69,29.517931904834636
5,70,27.293600547929543
5,71,26.705596460630183
5,72,25.439542236143737
5,73,22.72308536120049
5,74,21.72779636605247
5,75,21.696661943499535
5,76,19.727182580299893
5,77,17.03558170138698
5,78,17.161611868521444
5,79,16.985470689946265
5,80,14.223005292582085
5,81,12.003435326803933
5,82,13.060107771367429
5,83,12.768196118564537
5,84,9.3096884096021
5,85,8.194209316814105
5,86,10.828688127193965
5,87,9.788529150290532
5,88,6.317163995688026
5,89,8.659196234055736
5,90,11.044417949491352
5,91,9.51425520073118
5,92,8.929479421858495
5,93,12.62426020838817
5,94,13.931144039195155
5,95,13.217379512500493
5,96,14.94228139197984
6,1,6.407300066682628
6,2,6.490851869353809
6,3,5.241982323935204
6,4,5.96335053023366
6,5,3.80265167798677
6,7,3.803006470014832
6,8,5.611967470228653
6,9,4.864513138748624
6,10,5.872652976042183
6,11,8.310331240514415
6,12,9.788680135563276
6,13,10.37065138530743
6,14,11.692563054919372
6,15,13.786761183120253
6,16,15.510333565251358
6,17,16.300375334291594
6,18,17.76959063751956
6,19,19.703911241354383
6,20,21.22445013579928
6,21,22.040985778856793
6,22,23.147101450733143
6,23,25.51540728069563
6,24,26.899437206330408
6,25,27.515331236746622
6,26,28.978805908750527
6,27,31.660649611501878
6,28,32.47786968047242
6,29,32.90446668356406
6,30,34.737156225300744
6,31,37.2488852810858
6,32,40.335677806853965
6,33,40.469054861542716
6,34,43.27121155798387
6,35,42.255072285960566
6,36,38.514381325150595
6,37,37.132392715115614
6,38,33.59048577300744
6,39,34.947455474157394
6,40,33.633744709415744
6,41,30.21620260497991
6,42,29.975083655519754
6,43,30.606800076945245
6,44,28.607119799991967
6,45,25.44195155433977
6,46,26.640489014999904
6,47,27.2279083993383
6,48,23.77800408065111
6,49,22.240689056177942
6,50,24.75254415977552
6,51,24.161536349701834
6,52,20.384013124508336
6,53,20.97321727940726
6,54,23.724131669859606
6,55,26.285408816300098
6,56,28.616193628829595
6,57,31.737881305634176
6,58,33.993583318154094
6,59,34.817068968997674
6,60,32.96885624730323
6,61,32.24310117710957
6,62,32.55509854336298
6,63,35.793307698719545
6,64,35.37737266043651
6,65,34.020176013158896
6,66,31.331204548658086
6,67,30.682830048332228
6,68,30.015882649341922
6,69,28.012313259486522
6,70,25.68340494964752
6,71,25.604097496982043
6,72,24.4172597125396
6,73,21.329379311277684
6,74,20.65701317643893
6,75,21.187103236042994
6,76,19.050249340954263
6,77,16.03317495893754
6,78,16.854203771541453
6,79,17.250189228054467
6,80,14.157019695526639
6,81,11.967728643857814
6,82,14.022917112346738
6,83,13.98662744682253
6,84,10.33909918761785
6,85,10.143937859889501
6,86,13.307925722607129
6,87,12.205889474616257
6,88,9.314657003440358
6,89,12.159549395690208
6,90,14.389398945668347
6,91,12.764890592788728
6,92,12.625539436083892
6,93,16.344372531919685
6,94,17.355098710997343
6,95,16.494582191554706
6,96,18.495041641954028
7,1,9.721491578441265
7,2,8.851187055488808
7,3,5.994124141748705
7,4,5.703884754748867
7,5,5.327560500506416
7,6,3.803006470014832
7,8,3.80512865904064
7,9,5.3880875232811585
7,10,5.290606453807718
7,11,6.0727374874857984
7,12,8.678382714504071
7,13,9.962498703090217
7,14,10.20516213409747
7,15,11.922562037372634
7,16,14.442670686370093
7,17,15.154347609286564
7,18,15.847367526982747
7,19,17.985610263445093
7,20,19.98800821770539
7,21,20.47944953201265
7,22,21.092487100299696
7,23,23.736705503300712
7,24,25.33060548886304
7,25,25.54526978633602
7,26,26.790266330762776
7,27,29.750287999719735
7,28,30.544672037733385
7,29,30.592845591797474
7,30,32.40151363815518
7,31,35.1448004576773
7,32,38.101648106978004
7,33,38.007265051125565
7,34,40.83485100033349
7,35,39.81412545211222
7,36,36.12535550842977
7,37,34.95878924862182
7,38,31.474950813399044
7,39,33.06972661694774
7,40,32.11337017540878
7,41,28.904441674933953
7,42,28.878082705563482
7,43,29.125690845124247
7,44,26.875058753582593
7,45,23.980035832911454
7,46,25.10020090884611
7,47,25.206176739507
7,48,21.683770921890964
7,49,20.379781710906734
7,50,22.615528005700423
7,51,21.604383111434572
7,52,17.809950263510146
7,53,18.56913197491228
7,54,20.94662769632478
7,55,23.811699963608888
7,56,26.03539610022342
7,57,29.344744457651494
7,58,31.464903427291237
7,59,32.576215567563416
7,60,30.66079440414094
7,61,29.639680196891256
7,62,29.865569058991728
7,63,32.96304673200848
7,64,32.54784798937452
7,65,31.02973151093398
7,66,28.543283984541798
7,67,28.000151568766714
7,68,27.033459712249254
7,69,24.974850491220046
7,70,22.93442906106716
7,71,22.732176094072862
7,72,21.206092659280216
7,73,18.26956622899896
7,74,17.872273199845804
7,75,18.074391229827697
7,76,15.642519448609123
7,77,12.920611328673784
7,78,13.999413842060596
7,79,14.035797617625857
7,80,10.685831397571109
7,81,9.089979216427745
7,82,11.497182180419895
7,83,10.961712291609135
7,84,7.258154173223133
7,85,8.252183635190388
7,86,11.269085883809312
7,87,9.93019772866636
7,88,8.039230427348786
7,89,11.514117824920568
7,90,13.229925100598512
7,91,12.050223239030013
7,92,12.907438041376253
7,93,16.337629058553027
7,94,17.032527166071944
7,95,16.912220685084694
7,96,19.209988519720184
8,1,10.650259758099784
8,2,10.78175599340178
8,3,8.640562547209564
8,4,6.740521169153722
8,5,5.320202685571009
8,6,5.611967470228653
8,7,3.80512865904064
8,9,3.7953730505037884
8,10,5.503644530807715
8,11,4.905014393595562
8,12,6.1750005634865675
8,13,8.661943234855569
8,14,9.592776374798795
8,15,10.216337447797214
8,16,12.594366093377419
8,17,14.209783376376617
8,18,14.815437826145079
8,19,16.226502896735337
8,20,18.531397272665075
8,21,19.61465466190891
8,22,19.921739484385462
8,23,22.159805900432268
8,24,24.180887612385607
8,25,24.72793218722068
8,26,25.558072847826324
8,27,28.422997265368394
8,28,29.668814631617508
8,29,29.747322529312136
8,30,31.158432971832163
8,31,33.93588920165597
8,32,37.06471911851043
8,33,36.7904984507459
8,34,39.36961925747019
8,35,38.04710844437611
8,36,34.38471299042408
8,37,32.92029766695923
8,38,29.558908180424385
8,39,31.34950820551213
8,40,30.241998213235796
8,41,27.066391743694453
8,42,26.633416544004188
8,43,26.705818692708625
8,44,24.777948852437962
8,45,21.72818198848067
8,46,22.422475601945404
8,47,22.739644690834258
8,48,19.439456015239507
8,49,17.63432059250149
8,50,19.73195226889939
8,51,19.16756318798265
8,52,15.375264762194272
8,53,15.606535124879068
8,54,18.28879674304037
8,55,20.840488342711822
8,56,23.329204699834776
8,57,26.451419987122218
8,58,28.833305951702663
8,59,29.882842329137933
8,60,28.26274261345587
8,61,27.582702816132997
8,62,28.241394571825722
8,63,31.5214002811006
8,64,31.513557530314237
8,65,30.373332230937496
8,66,28.010194872322558
8,67,26.97990841331471
8,68,25.944988132253023
8,69,24.369940007619952
8,70,22.133814700602457
8,71,21.40774610957282
8,72,20.2126613044734
8,73,17.566939100164834
8,74,16.435481883198225
8,75,16.413689037959774
8,76,14.597785318434703
8,77,11.804885174531021
8,78,11.872741931868932
8,79,11.982151548023566
8,80,9.30642949844029
8,81,6.756515920274857
8,82,8.418066707557402
8,83,8.66048633319295
8,84,5.3750692837634615
8,85,5.011398407381553
8,86,8.572025502292641
8,87,8.463553550701365
8,88,6.449502126087633
8,89,9.297847372760067
8,90,11.694932842992872
8,91,11.53797365760358
8,92,11.920642899318134
8,93,15.02952821958947
8,94,16.437648927417705
8,95,16.8123471171086
8,96,18.50664786959454
9,1,9.673877737551326
9,2,10.864786971662252
9,3,9.667655859274486
9,4,8.780144604943239
9,5,5.8497224373833765
9,6,4.864513138748624
9,7,5.3880875232811585
9,8,3.7953730505037884
9,10,3.7949208494139492
9,11,5.401091799292595
9,12,5.278131473964163
9,13,6.447828036229536
9,14,8.61284852423334
9,15,9.92301251461166
9,16,11.264142616194414
9,17,12.806297578560303
9,18,14.365640003945684
9,19,15.661657002940808
9,20,17.29479345960974
9,21,18.67159218457686
9,22,19.63176151291378
9,23,21.590069371849307
9,24,23.268790681746996
9,25,24.26267334592151
9,26,25.431382940600813
9,27,27.944806317736482
9,28,29.152385672144753
9,29,29.714175307418117
9,30,31.21482101178876
9,31,33.670538558922274
9,32,36.936043811107375
9,33,37.00256958531566
9,34,39.596991422508026
9,35,38.37855342555725
9,36,34.64181093946859
9,37,32.991037736696114
9,38,29.51082182590642
9,39,30.91884087220608
9,40,29.424754869941214
9,41,26.00258735275238
9,42,25.474553624738764
9,43,26.067876410852403
9,44,24.310404644687303
9,45,20.998261115295325
9,46,22.018526430647885
9,47,22.861543460286384
9,48,19.56693389363086
9,49,17.75401548160237
9,50,20.392187038767624
9,51,20.18556478660776
9,52,16.49473257511233
9,53,16.95943792536817
9,54,20.06164656680217
9,55,22.292450927490957
9,56,24.606586763352237
9,57,27.54042148440859
9,58,29.874506848461515
9,59,30.464268732155876
9,60,28.741721672531913
9,61,28.343517521612817
9,62,28.943348317566553
9,63,32.3727893747914
9,64,32.25767216437708
9,65,31.32465693019933
9,66,28.636682439632466
9,67,27.512920716553154
9,68,26.98520352676073
9,69,25.424237124422632
9,70,22.761226485016987
9,71,22.36421534011615
9,72,21.703691218122536
9,73,18.737748022900895
9,74,17.348674142621494
9,75,18.0637936842777
9,76,16.646302678956058
9,77,13.322095162595932
9,78,13.43074868252077
9,79,14.459557587073771
9,80,12.078881422364981
9,81,8.945599220687596
9,82,10.781562102104978
9,83,11.957468336869004
9,84,9.03063515632555
9,85,7.9941210701842875
9,86,11.734311719580699
9,87,12.044879936144955
9,88,9.459022755670999
9,89,11.689813880258601
9,90,14.634440846855325
9,91,14.25391469905174
9,92,13.82124762968632
9,93,17.139874721061968
9,94,18.911812771297168
9,95,18.740190576464002
9,96,20.11950026559526
10,1,11.862202862488507
10,2,12.3472300417263
10,3,10.461562889698731
10,4,10.489440527922813
10,5,8.422213202173388
10,6,5.872652976042183
10,7,5.290606453807718
10,8,5.503644530807715
10,9,3.7949208494139492
10,11,3.803781983676738
10,12,5.394509612101638
10,13,4.991997126487639
10,14,5.847874893507466
10,15,8.326611993769033
10,16,9.979364320503832
10,17,10.453085428820712
10,18,11.988748146664502
10,19,14.049025256567774
10,20,15.437989202702566
10,21,16.171065344146527
10,22,17.38136729103618
10,23,19.748038124165518
10,24,21.031157414420218
10,25,21.700582651345464
10,26,23.240750586765955
10,27,25.839086157932442
10,28,26.644493957466906
10,29,27.196323417603733
10,30,29.045259393265486
10,31,31.45195242959526
10,32,34.57164073223513
10,33,34.824730268721964
10,34,37.64906891952694
10,35,36.74631105905369
10,36,32.97540691304453
10,37,31.63547968728149
10,38,28.015383496949635
10,39,29.207577962215748
10,40,27.922669332514463
10,41,24.51665599244208
10,42,24.53136745838188
10,43,25.242120096103797
10,44,23.04927987015224
10,45,19.987040862538212
10,46,21.56111270231833
10,47,22.07474439685097
10,48,18.508410308696575
10,49,17.410963266666773
10,50,20.28604367236732
10,51,19.521234771049723
10,52,15.879742863892826
10,53,17.180594074771403
10,54,20.000536003798118
10,55,22.561010330963573
10,56,24.38432533694839
10,57,27.53134507211672
10,58,29.453927789581453
10,59,30.016796757700938
10,60,27.87843316807651
10,61,27.12213405121981
10,62,27.24441199358897
10,63,30.53091008476188
10,64,30.027563513178556
10,65,28.86093730864864
10,66,25.994499492387177
10,67,25.225344825529017
10,68,24.89525780071867
10,69,22.968616487709248
10,70,20.32544213541351
10,71,20.464104682002855
10,72,19.733177722336755
10,73,16.42483242975451
10,74,15.562600366060025
10,75,16.775997941399133
10,76,15.06104289152826
10,77,11.545219112361492
10,78,12.629923237087633
10,79,14.091627875010124
10,80,11.363359577907962
10,81,8.7519753012127
10,82,11.688096306663812
10,83,12.715140791783377
10,84,9.8204429434298
10,85,10.133818959187142
10,86,13.821379695138514
10,87,13.75389669905237
10,88,11.84031610784226
10,89,14.66056142426174
10,90,17.148494313700382
10,91,16.593186745567262
10,92,16.7857797133054
10,93,20.16518735082733
10,94,21.501810975325437
10,95,21.366778498413744
10,96,23.165140129630213
11,1,14.34818177061857
11,2,14.499350716336703
11,3,12.037388001098964
11,4,11.096269454947794
11,5,9.732690380367213
11,6,8.310331240514415
11,7,6.0727374874857984
11,8,4.905014393595562
11,9,5.401091799292595
11,10,3.803781983676738
11,12,3.8029643864644833
11,13,5.395507343968217
11,14,4.896710706818129
11,15,5.8541671338381605
11,16,8.653753268457823
11,17,9.647492606023398
11,18,10.05171423408658
11,19,11.929944080176197
11,20,14.131975220026822
11,21,14.844719642812287
11,22,15.265227465445788
11,23,17.73306118821055
11,24,19.52595439965242
11,25,19.93670321089672
11,26,20.9891973825619
11,27,23.86020147378335
11,28,24.905753984915265
11,29,25.059837138498686
11,30,26.664597392777512
11,31,29.35337320920892
11,32,32.441540104973626
11,33,32.3529207357992
11,34,35.07840131848011
11,35,33.99960775495449
11,36,30.279082641748825
11,37,28.994715630500412
11,38,25.484155546895902
11,39,27.053353366835463
11,40,26.064821015478604
11,41,22.89873920540174
11,42,22.911738278526546
11,43,23.10243806759403
11,44,20.804443464832087
11,45,17.940441399076082
11,46,19.19305854165103
11,47,19.28881882583281
11,48,15.716870817564155
11,49,14.607821740573376
11,50,17.148019079126183
11,51,16.138781748291137
11,52,12.414127220572311
11,53,13.727758470675504
11,54,16.341663808024325
11,55,19.079589891413033
11,56,20.913591941067267
11,57,24.18157018412255
11,58,26.10555122460611
11,59,26.936560573584273
11,60,24.870523450659284
11,61,23.978657831084217
11,62,24.249417731478356
11,63,27.515457590465285
11,64,27.23769149502974
11,65,26.104541939650723
11,66,23.507761479523804
11,67,22.56423476489306
11,68,21.86639297295206
11,69,20.14202329664199
11,70,17.666694273258706
11,71,17.35801245219279
11,72,16.452866086341217
11,73,13.415383815976554
11,74,12.37748425214612
11,75,13.170840568300468
11,76,11.498579452403469
11,77,8.067846691935479
11,78,8.93711506929861
11,79,10.299437691107574
11,80,7.732782376746162
11,81,5.05836343164834
11,82,8.345416722435676
11,83,9.500140325237588
11,84,7.257030306465042
11,85,8.143219635017072
11,86,11.590529879520854
11,87,11.951130714675745
11,88,10.967253178976376
11,89,13.740067224581793
11,90,15.961161083950593
11,91,16.10940027656862
11,92,16.78333727825745
11,93,19.754202983539447
11,94,21.080783508452622
11,95,21.61876237463897
11,96,23.39023297444744
12,1,14.92384382018143
12,2,15.963778913240551
12,3,14.20401923986632
12,4,12.84417105585654
12,5,10.600700173034172
12,6,9.788680135563276
12,7,8.678382714504071
12,8,6.1750005634865675
12,9,5.278131473964163
12,10,5.394509612101638
12,11,3.8029643864644833
12,13,3.8024767344664583
12,14,5.48148740038689
12,15,5.078933585165904
12,16,6.559111701448413
12,17,8.859103844428294
12,18,9.892309517168046
12,19,10.622977051270952
12,20,12.686482944152816
12,21,14.34708670892428
12,22,14.868594716257682
12,23,16.60755178417932
12,24,18.64381442514841
12,25,19.731833704567094
12,26,20.54018237097683
12,27,23.041053721730073
12,28,24.540403546318494
12,29,25.038866495379985
12,30,26.266627197679263
12,31,28.765634190567503
12,32,32.09922999225192
12,33,32.03907586992637
12,34,34.50475069941872
12,35,33.18162914462615
12,36,29.457454853893957
12,37,27.73670594458071
12,38,24.29227247735947
12,39,25.81875996861916
12,40,24.404769706041243
12,41,21.105544087648546
12,42,20.582975901127348
12,43,20.93222904241985
12,44,19.123439514808073
12,45,15.873055387534064
12,46,16.858052179056845
12,47,17.59023273772328
12,48,14.29900802915336
12,49,12.548164973852423
12,50,15.347515122555171
12,51,15.14944070173048
12,52,11.577255605411526
12,53,12.394895081879556
12,54,15.624549081800371
12,55,17.73982437682658
12,56,19.740579557415824
12,57,22.653753583427456
12,58,24.831084296619654
12,59,25.292447500748086
12,60,23.492354047176562
12,61,23.172910433904025
12,62,23.8790651220908
12,63,27.39989091284719
12,64,27.481135537129173
12,65,26.866163990960995
12,66,24.24219344327945
12,67,22.756205647102238
12,68,22.31523233217033
12,69,21.13518419072516
12,70,18.260167073997295
12,71,17.601107592849125
12,72,17.420369137467112
12,73,14.632082524986313
12,74,12.637544556657797
12,75,13.638981755695237
12,76,12.993483521137863
12,77,9.488394964247073
12,78,9.028910109225261
12,79,11.024882913633036
12,80,9.613430267830763
12,81,5.990572631333426
12,82,8.009464392169704
12,83,10.459711467278899
12,84,8.963287016422209
12,85,8.290596889639342
12,86,11.851391117452291
12,87,13.240592804859817
12,88,11.880066519969057
12,89,13.770742527438559
12,90,16.61220340778426
12,91,17.254248552547885
12,92,17.221905513609922
12,93,19.9946060513402
12,94,21.945820428988476
12,95,22.514647557271413
12,96,23.70913295365352
13,1,15.563140392093342
13,2,16.789215231303924
13,3,15.266425166427926
13,4,14.794433960538814
13,5,12.25591630026483
13,6,10.37065138530743
13,7,9.962498703090217
13,8,8.661943234855569
13,9,6.447828036229536
13,10,4.991997126487639
13,11,5.395507343968217
13,12,3.8024767344664583
13,14,3.8075221125573018
13,15,5.399409366187734
13,16,5.401570645292365
13,17,6.544130096613827
13,18,8.855455509763638
13,19,10.076845952528252
13,20,11.05585116117621
13,21,12.537881746383182
13,22,13.992421471450557
13,23,15.735524774795095
13,24,17.069616851022094
13,25,18.37004319284591
13,26,19.801862347518277
13,27,22.00181823365086
13,28,23.146188830599517
13,29,24.09833345379638
13,30,25.667390107539937
13,31,27.816294008327773
13,32,31.151879270529903
13,33,31.53639684804868
13,34,34.17314918556898
13,35,33.178596630182206
13,36,29.391668482956803
13,37,27.74818661453492
13,38,24.124669576866236
13,39,25.112088032978875
13,40,23.484563678570456
13,41,19.958465073300474
13,42,19.76384824933591
13,43,20.738068234333433
13,44,18.790119293747228
13,45,15.516408777368124
13,46,17.257604523513056
13,47,18.23332337064235
13,48,14.840342733497879
13,49,13.722079484027555
13,50,17.044424699114945
13,51,16.75045555278148
13,52,13.476999978122924
13,53,14.98223849486556
13,54,18.14810620636509
13,55,20.187920918721645
13,56,21.692815524807322
13,57,24.53410360721557
13,58,26.360976644073066
13,59,26.425493152119696
13,60,24.27612875614355
13,61,23.942254487571528
13,62,24.233674823896912
13,63,27.72895089242586
13,64,27.428018506575363
13,65,26.808905709200058
13,66,23.804463774860675
13,67,22.530093592518984
13,68,22.675623774044343
13,69,21.24061967865557
13,70,18.073326524320006
13,71,18.134428348637734
13,72,18.318139836149594
13,73,15.099892552969818
13,74,13.3966688295102
13,75,15.302612074579805
13,76,14.681908490320035
13,77,10.89908952032146
13,78,11.277730826376297
13,79,13.86701755985065
13,80,12.28364411643099
13,81,9.10624455151726
13,82,11.635089500944455
13,83,13.953945969434674
13,84,12.174437896086745
13,85,11.855294430720521
13,86,15.521300153551042
13,87,16.553171709751243
13,88,14.912452303688013
13,89,17.02601256330739
13,90,19.922091347247637
13,91,20.117432442237877
13,92,19.953776101665902
13,93,23.013219893415794
13,94,24.883450638757342
13,95,25.044108484887293
13,96,26.34830963786865
14,1,17.654077851901683
14,2,18.144700597856904
14,3,15.929265181310289
14,4,15.632692148602667
14,5,13.885494275130588
14,6,11.692563054919372
14,7,10.20516213409747
14,8,9.592776374798795
14,9,8.61284852423334
14,10,5.847874893507466
14,11,4.896710706818129
14,12,5.48148740038689
14,13,3.8075221125573018
14,15,3.8075914213923103
14,16,5.477024606114256
14,17,4.994036322259196
14,18,6.187277692800324
14,19,8.622601057679374
14,20,9.965773656480234
14,21,10.392563020655636
14,22,11.575943326062914
14,23,14.050387706789339
14,24,15.261401777582932
14,25,15.869217804818392
14,26,17.443003002331995
14,27,20.01997175985473
14,28,20.81075258958672
14,29,21.41205308609127
14,30,23.269668164152137
14,31,25.613350071705185
14,32,28.741549684887264
14,33,29.07429634692008
14,34,31.930332222410833
14,35,31.163826707493115
14,36,27.376442718668834
14,37,26.157918149117503
14,38,22.46384239815802
14,39,23.51086166081139
14,40,22.386180612310575
14,41,19.082972177698327
14,42,19.53390573377736
14,43,20.209373339803868
14,44,17.676216311987083
14,45,14.907486024022466
14,46,16.9769054595489
14,47,17.205234761132644
14,48,13.515654244012428
14,49,13.24476960840704
14,50,16.416369683641673
14,51,15.302487041066687
14,52,12.076396126267676
14,53,14.36351932872546
14,54,16.960359389360335
14,55,19.464831400204037
14,56,20.537289796486053
14,57,23.68036183090648
14,58,25.109083470972713
14,59,25.42026004615769
14,60,22.915271581631906
14,61,22.03697231001402
14,62,21.877328633945154
14,63,25.16869472569524
14,64,24.558661096090898
14,65,23.609787496971023
14,66,20.586213312932692
14,67,19.67389078538226
14,68,19.728811130153506
14,69,17.930289250848194
14,70,14.940153026070373
14,71,15.36755811236453
14,72,15.246793967947049
14,73,11.783590589006097
14,74,10.717633230406612
14,75,12.881592168378145
14,76,11.883403985743767
14,77,8.104972794385546
14,78,9.555955895044502
14,79,12.27410611114933
14,80,10.498762952558465
14,81,8.244981808815849
14,82,11.521108828916475
14,83,13.383282778180853
14,84,11.860536388240982
14,85,12.675239095929712
14,86,16.063482707207914
14,87,16.74444730951809
14,88,15.821007570295205
14,89,18.40638558984704
14,90,20.788525480748117
14,91,20.983869627862283
14,92,21.486043874111985
14,93,24.497118439235102
14,94,25.94548778294335
14,95,26.36053910758341
14,96,28.052712600638632
15,1,19.530484900120534
15,2,20.151485477316598
15,3,17.871586976392315
15,4,16.793187989926835
15,5,15.1353205678268
15,6,13.786761183120253
15,7,11.922562037372634
15,8,10.216337447797214
15,9,9.92301251461166
15,10,8.326611993769033
15,11,5.8541671338381605
15,12,5.078933585165904
15,13,5.399409366187734
15,14,3.8075914213923103
15,16,3.807103673441811
15,17,5.307735778153669
15,18,4.9720981381506535
15,19,6.087778743165303
15,20,8.622522867278418
15,21,9.746794982363344
15,22,9.873040496510384
15,23,11.969699812714033
15,24,14.031125230741239
15,25,14.78511081911593
15,26,15.573049458791257
15,27,18.249835428517365
15,28,19.631672227543845
15,29,19.985690627577547
15,30,21.312644761547737
15,31,23.872674648212094
15,32,27.125653754768866
15,33,27.089114206367054
15,34,29.683084916471714
15,35,28.562682701326505
15,36,24.805820614305716
15,37,23.36521314224731
15,38,19.803791187240684
15,39,21.278024301348385
15,40,20.21901297255034
15,41,17.096884298620132
15,42,17.204690981308612
15,43,17.367224138077695
15,44,14.978746248053737
15,45,12.164130444693914
15,46,13.728902157568516
15,47,13.838670184249104
15,48,10.202028156353364
15,49,9.58295011674842
15,50,12.64317027567239
15,51,11.688575958383245
15,52,8.431359160107183
15,53,10.664208962072317
15,54,13.37985313142355
15,55,15.710545360171746
15,56,16.83816555091065
15,57,19.933101166728854
15,58,21.509286126008497
15,59,21.890679618872486
15,60,19.592008100852016
15,61,18.90578591414854
15,62,19.19858420271873
15,63,22.66107923145738
15,64,22.539136234624596
15,65,21.95372431734786
15,66,19.233110748317163
15,67,17.751304170361916
15,68,17.535753589982033
15,69,16.342344395001277
15,70,13.281125355992042
15,71,12.89262222642701
15,72,13.095084256310205
15,73,10.156769755729801
15,74,8.05978429741139
15,75,10.001679507522999
15,76,9.873803598503152
15,77,6.234511757935908
15,78,6.436438727405267
15,79,9.683604963891263
15,80,9.0136209200923
15,81,6.590652925129542
15,82,9.17902554910799
15,83,11.712860485294176
15,84,11.250066083356288
15,85,11.778909790267534
15,86,14.761757703725126
15,87,16.168371984005475
15,88,15.75396481406849
15,89,17.853677531711504
15,90,20.221948845524263
15,91,21.105360439271077
15,92,21.627825136626125
15,93,24.218087967353082
15,94,25.902169243914667
15,95,26.798220562479333
15,96,28.207421652471808
16,1,20.732442707486786
16,2,21.935497162819804
16,3,20.152861550103772
16,4,19.228241411747835
16,5,16.96650796304284
16,6,15.510333565251358
16,7,14.442670686370093
16,8,12.594366093377419
16,9,11.264142616194414
16,10,9.979364320503832
16,11,8.653753268457823
16,12,6.559111701448413
16,13,5.401570645292365
16,14,5.477024606114256
16,15,3.807103673441811
16,17,3.808693628520774
16,18,5.405539980624791
16,19,4.994591265180722
16,20,6.208657767789522
16,21,8.515827489256324
16,22,9.506546082046482
16,23,10.614748458294953
16,24,12.394440489809977
16,25,14.074952680147726
16,26,15.03885129538781
16,27,17.041251777925815
16,28,18.6379612574327
16,29,19.665122138046495
16,30,20.8305980549204
16,31,22.921246630848163
16,32,26.39377103651622
16,33,26.692092718320396
16,34,29.133392608650524
16,35,28.01742019474939
16,36,24.244836007582972
16,37,22.44175258547764
16,38,18.844193057328297
16,39,19.857102387977438
16,40,18.20102740447527
16,41,14.754214976413069
16,42,14.560085025547961
16,43,15.380511133284816
16,44,13.400632097402543
16,45,10.128101218115454
16,46,12.089339922928302
16,47,13.099305436006748
16,48,9.827499451707677
16,49,9.1116318288768
16,50,12.75760162135205
16,51,12.617098905675036
16,52,10.054485404160847
16,53,12.075130439866816
16,54,15.117732974239088
16,55,16.7136390738045
16,56,17.595124744210334
16,57,20.209456922971896
16,58,21.730947198157935
16,59,21.452830672822884
16,60,19.182299000495256
16,61,19.073383862805773
16,62,19.484363778766493
16,63,23.10236479048708
16,64,23.057942405384498
16,65,22.968722344446928
16,66,20.032073475042644
16,67,18.213711261314355
16,68,18.675760199270503
16,69,17.857553843396786
16,70,14.360941074084977
16,71,14.177658183934247
16,72,15.288466735283755
16,73,12.506252520790389
16,74,9.980415241998745
16,75,12.500531045856771
16,76,13.141173791475092
16,77,9.727148401608916
16,78,9.401778784371462
16,79,12.913889675367749
16,80,12.70240697638357
16,81,9.961933767588558
16,82,11.899852687533738
16,83,14.927952601509237
16,84,14.470190778363836
16,85,14.280541903639874
16,86,17.403975182345825
16,87,19.15492899675304
16,88,18.29172189073249
16,89,20.012141242125438
16,90,22.786797670782132
16,91,23.70080118568849
16,92,23.71833420660712
16,93,26.33900483957596
16,94,28.37420223329649
16,95,29.06262585278305
16,96,30.16054903594213
17,1,21.895242318715766
17,2,22.776496055940285
17,3,20.80100581146912
17,4,20.489070280803933
17,5,18.45241511134167
17,6,16.300375334291594
17,7,15.154347609286564
17,8,14.209783376376617
17,9,12.806297578560303
17,10,10.453085428820712
17,11,9.647492606023398
17,12,8.859103844428294
17,13,6.544130096613827
17,14,4.994036322259196
17,15,5.307735778153669
17,16,3.808693628520774
17,18,3.8060554033526923
17,19,5.4610466494413705
17,20,5.2695947700366945
17,21,6.030481034904575
17,22,8.116849805913665
17,23,9.960266533022207
17,24,10.70367798523369
17,25,11.978724112839267
17,26,13.803846710484793
17,27,15.823467526147217
17,28,16.69309085264272
17,29,17.887485821222946
17,30,19.667264086993534
17,31,21.57906830461263
17,32,24.86227965142497
17,33,25.538936610864095
17,34,28.32259497177492
17,35,27.698391484821286
17,36,23.90031724934186
17,37,22.553901238831727
17,38,18.785851264969565
17,39,19.31809815136843
17,40,17.90968231709185
17,41,14.47491235439028
17,42,15.206140597662033
17,43,16.358590414209587
17,44,13.807897205093484
17,45,11.14029278232086
17,46,13.935360567759872
17,47,14.466553238053233
17,48,11.03926362241627
17,49,11.546708502135163
17,50,15.122462398346869
17,51,14.26452860343422
17,52,11.970941450960353
17,53,14.72572913926512
17,54,17.24378930748772
17,55,19.168945169273034
17,56,19.508134816367114
17,57,22.270299249265367
17,58,23.25860543785721
17,59,22.932619218953636
17,60,20.174414045954943
17,61,19.58589469111226
17,62,19.249535686413385
17,63,22.614282612302706
17,64,21.955027462603127
17,65,21.547617581606595
17,66,18.26160483264398
17,67,17.004084531749417
17,68,17.901808743423977
17,69,16.52654620826956
17,70,12.985127693796615
17,71,13.815886660997261
17,72,14.877497264128317
17,73,11.636867388213648
17,74,10.0706618633587
17,75,13.257565480796266
17,76,13.450318687273896
17,77,10.07316644284616
17,78,11.046298021225871
17,79,14.569381681792187
17,80,13.874197124867433
17,81,11.79260999407511
17,82,14.466117152175594
17,83,16.9680366472118
17,84,16.180717979340894
17,85,16.67798398361113
17,86,19.900176389274673
17,87,21.117816188357597
17,88,20.316428773787486
17,89,22.524565956333678
17,90,25.090866335937307
17,91,25.617821019500393
17,92,25.91093580637536
17,93,28.77450532721678
17,94,30.49060607064595
17,95,30.998181633740234
17,96,32.43925447893367
18,1,23.736185954098683
18,2,24.18810080085791
18,3,21.74564676637515
18,4,21.119513626461046
18,5,19.63689788440745
18,6,17.76959063751956
18,7,15.847367526982747
18,8,14.815437826145079
18,9,14.365640003945684
18,10,11.988748146664502
18,11,10.05171423408658
18,12,9.892309517168046
18,13,8.855455509763638
18,14,6.187277692800324
18,15,4.9720981381506535
18,16,5.405539980624791
18,17,3.8060554033526923
18,19,3.81199427029252
18,20,5.489758976847128
18,21,5.091010156434059
18,22,5.394409434567117
18,23,8.168176307797085
18,24,9.596890149910136
18,25,9.957434783971566
18,26,11.259157956141065
18,27,13.948000309964195
18,28,14.889970150574126
18,29,15.375198877505994
18,30,17.090608731215312
18,31,19.48004253748905
18,32,22.62988816076514
18,33,22.91164254311471
18,34,25.75404374555227
18,35,25.075686908862515
18,36,21.285907481456576
18,37,20.244441299376106
18,38,16.504992187033515
18,39,17.517291398209906
18,40,16.775079708931106
18,41,13.810069795026381
18,42,14.90742452795401
18,43,15.245216483706141
18,44,12.189146416527334
18,45,10.163000489442368
18,46,12.752046053273212
18,47,12.316187829341883
18,48,8.642358982449716
18,49,9.905379881040162
18,50,13.018564897381351
18,51,11.39882679424303
18,52,9.321346490546729
18,53,12.632840574923103
18,54,14.52720251038759
18,55,16.75383031066592
18,56,16.74924795176925
18,57,19.764161072103537
18,58,20.491773411482093
18,59,20.54518145062752
