1,2,3.825655090691277
1,3,6.885849642359598
1,4,9.143847222211644
1,5,12.447220238141895
1,6,14.954508263532682
1,7,17.434094466042453
1,8,17.500964188812524
1,9,21.28903583708062
1,10,23.418403871355746
1,11,27.209339350722633
1,12,29.655542955937864
1,13,33.25420777978017
1,14,34.46801531903285
1,15,34.8454829186771
1,16,32.145156945150916
1,17,28.579575755453593
1,18,25.38769414575437
1,19,22.891666666633377
1,20,19.254372232740977
1,21,16.270971120757498
1,22,12.923857962002337
1,23,10.704849874160558
1,24,8.269175114785972
1,25,8.341407511799238
1,26,14.638234457074203
1,27,12.885999730530871
1,28,15.04136920087459
1,29,14.144458807706178
1,30,16.624823412764016
1,31,17.99121056648116
1,32,18.97243661900639
1,33,21.906167208019284
1,34,22.03878159290357
1,35,23.478901147241718
1,36,21.566332473133752
1,37,23.2532694952561
1,38,21.785455973619722
1,39,23.284281269228693
1,40,22.20074202746496
1,41,19.660899659013626
1,42,18.836372182019463
1,43,20.600049014196
1,44,23.055232783977562
1,45,24.441017821239097
1,46,28.12310964366624
1,47,28.992642658526147
1,48,27.93564785840651
1,49,31.1367062797785
1,50,31.912265234195775
1,51,29.086927994518053
1,52,29.924304014497707
1,53,31.06258010631902
1,54,29.6448256242797
1,55,25.901435784176112
1,56,24.34295568295905
1,57,20.869496672863885
1,58,21.247191323867334
1,59,19.17609854152063
1,60,19.70621975782933
1,61,20.99987979176166
1,62,18.427688304805187
1,63,16.42140871947453
1,64,13.401065965226444
1,65,13.828962496855992
1,66,16.12122827294492
1,67,19.04523332108801
1,68,19.686413536597602
1,69,23.34860034261253
1,70,26.211080654804903
1,71,29.721986368575575
1,72,32.90954210650649
1,73,31.39714160718026
1,74,33.55895760510641
1,75,34.51417604339704
1,76,32.28113698605108
1,77,28.802568723881816
1,78,28.076956131733628
1,79,25.749538290335263
1,80,22.119139955320094
1,81,19.470536550173893
1,82,15.846174135793387
1,83,13.493374795708142
1,84,11.983380127448916
1,85,10.907199898232308
1,86,12.661287951240736
1,87,12.948084157176213
1,88,15.273151413967085
1,89,14.196754446446445
1,90,10.98277665001302
1,91,10.46529038382112
1,92,7.826260428556911
1,93,9.70747046534378
1,94,9.956985469243262
1,95,12.366362630412336
1,96,15.864138912532
1,97,17.80748957850677
1,98,21.609877508268443
1,99,24.184946789386363
1,100,27.840221007578304
1,101,30.768409063887173
2,1,3.825655090691277
2,3,3.8516965813541386
2,4,6.809135676806863
2,5,9.472563283658577
2,6,12.508036709491641
2,7,14.982038979103686
2,8,14.797952834413982
2,9,18.46802862114661
2,10,20.51728145621511
2,11,24.298351436845852
2,12,26.667824410473564
2,13,30.1622264760849
2,14,31.173080181968473
2,15,31.586723089571898
2,16,29.07313441373926
2,17,25.52571573250437
2,18,22.27839672790711
2,19,19.98937615435167
2,20,16.295923756524566
2,21,13.715409708554716
2,22,10.186134351814179
2,23,8.948665045326475
2,24,7.129800261322898
2,25,8.777231091872858
2,26,14.35213891084006
2,27,11.729954425779988
2,28,13.0032156038389
2,29,11.360656365116645
2,30,13.330183360602401
2,31,14.393061749022548
2,32,15.187553533828183
2,33,18.08084892509092
2,34,18.281028252211666
2,35,19.984108776046252
2,36,17.928323043280756
2,37,19.55437718708239
2,38,18.171965695648833
2,39,19.68850477518629
2,40,18.885807707703986
2,41,16.669764483101112
2,42,16.37363742825896
2,43,18.39296474707167
2,44,20.416134927282876
2,45,21.762076975337592
2,46,25.46864363312246
2,47,26.25366462867901
2,48,24.862903777933592
2,49,27.90349195110925
2,50,28.487208903005445
2,51,25.696440385250277
2,52,26.450027176679832
2,53,27.77707059101554
2,54,26.30112623500643
2,55,22.547436073120753
2,56,21.301925294528335
2,57,18.03085905827383
2,58,18.918323537760166
2,59,17.411770890218417
2,60,18.349714941487473
2,61,20.277818296279694
2,62,18.294666649058684
2,63,16.02823498063982
2,64,12.839983430971978
2,65,12.340277391283133
2,66,13.938322345971162
2,67,16.475854896376024
2,68,16.580051418741952
2,69,20.260767629599307
2,70,22.89274706551529
2,71,26.4959117896183
2,72,29.59474800300331
2,73,27.94233903016069
2,74,29.956472316125247
2,75,30.86899418566798
2,76,28.541634125685846
2,77,25.090178944432125
2,78,24.430043310897034
2,79,22.064023628019612
2,80,18.430045157969225
2,81,15.71412637770812
2,82,12.050851325493039
2,83,9.77469838841459
2,84,8.421667449284952
2,85,8.128306548172963
2,86,10.59380426794638
2,87,11.94765118159327
2,88,14.87038661167818
2,89,14.009583477409848
2,90,10.350512654898287
2,91,8.549167926898622
2,92,5.123810364590722
2,93,6.058836768458238
2,94,6.286621971541177
2,95,9.162012763953209
2,96,12.40218320609946
2,97,14.495819303016102
2,98,18.278607267420632
2,99,20.82644857641457
2,100,24.55307827053024
2,101,27.399642421761616
3,1,6.885849642359598
3,2,3.8516965813541386
3,4,3.8140158527468326
3,5,5.898995431844978
3,6,9.05646557591823
3,7,11.68482988348361
3,8,12.050327750720635
3,9,15.587349410968146
3,10,17.2187627832331
3,11,20.98562363628956
3,12,23.156238544903335
3,13,26.65406544450764
3,14,27.6932465331062
3,15,27.988952407789423
3,16,25.36258064856756
3,17,21.790719729654906
3,18,18.598381693868852
3,19,16.18875246805976
3,20,12.515517218836024
3,21,9.865496677235294
3,22,6.366401626266837
3,23,5.563642092955516
3,24,5.062863843775306
3,25,8.164852464820239
3,26,14.704023550400816
3,27,11.616869113649733
3,28,12.069834883873293
3,29,9.70532923590613
3,30,11.398828072013385
3,31,11.885682025654837
3,32,13.167670388925467
3,33,16.032860717076286
3,34,16.926895877396507
3,35,19.592173315689827
3,36,17.08555206874977
3,37,18.138391236824184
3,38,16.42300135986176
3,39,17.295285611480782
3,40,16.382562506059024
3,41,14.382593126614015
3,42,14.068048321324088
3,43,16.434042587605845
3,44,18.305874533809426
3,45,20.14648266737164
3,46,23.67642296178979
3,47,24.853471200687956
3,48,23.251251493860185
3,49,26.236393786765177
3,50,26.43660456334464
3,51,23.3828029100892
3,52,23.73229157787926
3,53,24.8001906800927
3,54,23.068279189965523
3,55,19.397468085268017
3,56,18.085216778610263
3,57,14.812116120141393
3,58,15.627813493108494
3,59,14.346538907120745
3,60,15.16650401492279
3,61,17.50125391770092
3,62,16.022929671238614
3,63,13.408542057806603
3,64,10.450197542455541
3,65,9.088280254838134
3,66,10.471790658291297
3,67,12.762530021484478
3,68,12.98687769625163
3,69,16.603179440413847
3,70,19.363508535756196
3,71,22.91393360322711
3,72,26.04201905707119
3,73,24.521590147168464
3,74,26.761449397015994
3,75,27.862676833546306
3,76,25.78776225213196
3,77,22.19866781804295
3,78,21.649634431334885
3,79,19.687998599255096
3,80,16.279040675831716
3,81,13.2605331048585
3,82,9.805323819783673
3,83,7.272661575741542
3,84,7.258023472831977
3,85,7.694946769014286
3,86,11.104334785422028
3,87,12.959007275413304
3,88,16.401319588369144
3,89,16.367205142251073
3,90,12.764674380736853
3,91,10.369395614266011
3,92,7.034344021521268
3,93,6.222000893780159
3,94,5.021612364916552
3,95,8.00016554837444
3,96,10.67540955135871
3,97,11.97567481604897
3,98,15.71415257588615
3,99,17.8361450656333
3,100,21.524394498956287
3,101,24.212097807112713
4,1,9.143847222211644
4,2,6.809135676806863
4,3,3.8140158527468326
4,5,3.8243449533517753
4,6,5.836655694029558
4,7,8.34368761907464
4,8,8.92964271703006
4,9,12.586782096380137
4,10,14.374342423266679
4,11,18.153376994870356
4,12,20.583920299922426
4,13,24.243673666882426
4,14,25.710963894979596
4,15,26.287402254328796
4,16,23.473819696902847
4,17,20.087108964574746
4,18,16.711530801283054
4,19,14.520717159535097
4,20,10.809277779265301
4,21,8.173886188642454
4,22,5.8143263254209785
4,23,5.248783948508246
4,24,6.922968103693088
4,25,10.204255809779465
4,26,18.085724234026014
4,27,15.026877976598431
4,28,15.168993058053454
4,29,12.430935319188876
4,30,13.537488637578129
4,31,13.035138174823262
4,32,14.136564636823207
4,33,16.3759033401622
4,34,17.44105708531395
4,35,20.870373467475023
4,36,18.491103182620655
4,37,19.457463605536255
4,38,17.953876402441676
4,39,18.30219188406195
4,40,17.68755366734914
4,41,16.221109055826254
4,42,16.00171307162365
4,43,18.61804335073206
4,44,20.26632382930606
4,45,22.46537909668626
4,46,25.786774381738585
4,47,27.199303354382984
4,48,25.3062937449143
4,49,28.063811260937896
4,50,27.780722241842987
4,51,24.59516084371787
4,52,24.363991744330185
4,53,25.24876301607282
4,54,23.004724577335075
4,55,19.587104716893652
4,56,18.468765209870636
4,57,15.401061852545002
4,58,15.987274634750968
4,59,14.887777563821107
4,60,14.954063753636552
4,61,17.47219708748989
4,62,16.29379631494901
4,63,13.067588203962146
4,64,11.00315589446155
4,65,8.862521966693107
4,66,10.554120411894798
4,67,12.132097085098499
4,68,12.582115563420727
4,69,15.770639386000303
4,70,18.47869444971161
4,71,21.975840063928985
4,72,24.87616930546603
4,73,23.233027692513144
4,74,25.636691076156925
4,75,26.553196228095686
4,76,24.86025681349672
4,77,21.32308496543341
4,78,20.323024185020074
4,79,18.62714348870256
4,80,15.453869255007834
4,81,12.798633811921949
4,82,10.014445202750489
4,83,8.491035991393002
4,84,9.92237408412328
4,85,11.136817948696565
4,86,14.736747280721366
4,87,16.706604918118195
4,88,20.19040896343258
4,89,20.148802945797943
4,90,16.508939746177333
4,91,14.004078200783775
4,92,10.48025380701191
4,93,8.80385116027798
4,94,5.936790012990737
4,95,7.168909249509469
4,96,9.706019824643779
4,97,10.012785517616573
4,98,13.669834731851752
4,99,15.739711533452484
4,100,19.2314671089147
4,101,22.12438569537514
5,1,12.447220238141895
5,2,9.472563283658577
5,3,5.898995431844978
5,4,3.8243449533517753
5,6,3.7790761404470645
5,7,6.208739273930896
5,8,7.033723280431116
5,9,10.152486503274453
5,10,11.371981614697342
5,11,15.120420351216477
5,12,17.282135392940713
5,13,20.829579953993782
5,14,22.07381709542567
5,15,22.585915819960427
5,16,19.89351084464979
5,17,16.491826524368875
5,18,13.076451391793627
5,19,11.058912421340436
5,20,7.272355985062305
5,21,5.433130973486566
5,22,3.7608804781284704
5,23,5.827310635076464
5,24,8.511737104580396
5,25,12.2548142298366
5,26,18.913569982162628
5,27,15.496212868752375
5,28,14.693351621197642
5,29,11.395992374703294
5,30,11.5991578091226
5,31,10.245219864828831
5,32,11.416924623212992
5,33,13.384574665447085
5,34,15.007478685489959
5,35,19.099423151457216
5,36,16.45400453796281
5,37,16.9158460817569
5,38,15.355794833874498
5,39,15.215981880305764
5,40,14.856795387316255
5,41,14.002396805442705
5,42,14.297796430722117
5,43,17.113740869593048
5,44,18.187804783107854
5,45,20.50638457674228
5,46,23.607586630642608
5,47,25.10184996871801
5,48,22.902216698270983
5,49,25.412611026616855
5,50,24.767197149083824
5,51,21.534751050811852
5,52,20.976659302171374
5,53,21.86029546334457
5,54,19.425632906942003
5,55,16.118293222620615
5,56,15.333380833122519
5,57,12.653996232338002
5,58,13.70744933127628
5,59,13.453502887040006
5,60,13.853749083086218
5,61,16.990918074199506
5,62,16.643539588822282
5,63,13.435874963879112
5,64,11.637637459082399
5,65,8.510664582352641
5,66,8.863633544239795
5,67,9.411591848835776
5,68,9.206895636154714
5,69,12.232667220980034
5,70,14.736465911743279
5,71,18.2879643097395
5,72,21.116664682585032
5,73,19.422616374484683
5,74,21.833576798928704
5,75,22.855008711524437
5,76,21.232789899194543
5,77,17.634017924134284
5,78,16.812301856312875
5,79,15.422627456887191
5,80,12.53056150564692
5,81,9.653305755714996
5,82,7.432384825722821
5,83,6.382961503774387
5,84,9.115026950768618
5,85,11.144375051991261
5,86,14.950662983720212
5,87,17.463390763854264
5,88,21.160524957530818
5,89,21.494410365113204
5,90,17.913563477346358
5,91,14.914971395000784
5,92,11.719458211102744
5,93,9.136227068810246
5,94,6.134811643352692
5,95,6.992671569784768
5,96,7.974459328103013
5,97,7.431939285371251
5,98,10.83522426311685
5,99,12.418775546231984
5,100,15.964021365803598
5,101,18.625346141159262
6,1,14.954508263532682
6,2,12.508036709491641
6,3,9.05646557591823
6,4,5.836655694029558
6,5,3.7790761404470645
6,7,2.8205917692546594
6,8,5.284534303148033
6,9,8.036551491670325
6,10,8.991724186981271
6,11,12.670805015201333
6,12,14.996774774046855
6,13,18.73226036102584
6,14,20.520504515285058
6,15,21.229456881786014
6,16,18.243576477155084
6,17,15.112115658615908
6,18,11.67760964969882
6,19,9.87910405467508
6,20,6.52442288428814
6,21,5.003713657302037
6,22,5.9114450153420925
6,23,7.371328160277532
6,24,10.819962529880147
6,25,14.315216820139607
6,26,21.95383419589381
6,27,18.70397650035302
6,28,17.9155292986389
6,29,14.69492341033411
6,30,14.776820476245462
6,31,12.956349884425396
6,32,14.09858233940859
6,33,15.420883330427316
6,34,17.24194542052705
6,35,21.816579782845608
6,36,19.302918200524182
6,37,19.560666939710543
6,38,18.100776827618418
6,39,17.388228720010904
6,40,17.11232285072051
6,41,16.610683143184698
6,42,16.718744588991573
6,43,19.564202995053865
6,44,20.570667898515566
6,45,23.216445685678657
6,46,26.029874557621994
6,47,27.807366091172113
6,48,25.520949807379978
6,49,27.851046756995178
6,50,26.811663299728135
6,51,23.47739175938115
6,52,22.36072981276887
6,53,22.869425994984983
6,54,19.995626434176206
6,55,17.140258065703133
6,56,16.41060718001699
6,57,14.038519209148538
6,58,14.550278638681041
6,59,14.35550512652024
6,60,13.867752715416119
6,61,16.954194764930637
6,62,16.927347427801642
6,63,13.37940331271456
6,64,12.614100739675258
6,65,9.246534282259722
6,66,9.905856569175917
6,67,9.636138133210554
6,68,10.023074967735294
6,69,12.155667785166152
6,70,14.59493621246635
6,71,17.8355513728951
6,72,20.390390603413685
6,73,18.760750339494503
6,74,21.44381826432712
6,75,22.3752110950159
6,76,21.337459320642452
6,77,17.866210446003173
6,78,16.678935573654663
6,79,15.87090308141385
6,80,13.564054998943147
6,81,11.282551497825684
6,82,10.134932821016156
6,83,9.829562103424642
6,84,12.84510214106202
6,85,14.812819271231211
6,86,18.6231764647753
6,87,20.983558734037082
6,88,24.687708963537343
6,89,25.112590969020122
6,90,21.53458198981029
6,91,18.640248414762404
6,92,15.352400439690124
6,93,12.786557993679086
6,94,9.467535902365247
6,95,9.164358068100272
6,96,9.689451686068594
6,97,7.7172207074378925
6,98,10.406434178691578
6,99,11.46079847355242
6,100,14.525016615930095
6,101,17.253550984432078
7,1,17.434094466042453
7,2,14.982038979103686
7,3,11.68482988348361
7,4,8.34368761907464
7,5,6.208739273930896
7,6,2.8205917692546594
7,8,3.8071282681756116
7,9,5.65617473306287
7,10,6.592055639036965
7,11,10.195022894119965
7,12,12.823444594227837
7,13,16.621483582464844
7,14,18.72632580165331
7,15,19.79377776372338
7,16,16.84772830406797
7,17,14.098338718280791
7,18,10.578085751554847
7,19,9.574821606438105
7,20,6.858323496721501
7,21,6.686469609493888
7,22,8.448109788107365
7,23,10.134699724714993
7,24,13.635375036459559
7,25,17.096889786547738
7,26,24.69637496500683
7,27,21.38968672334488
7,28,20.39491583479785
7,29,17.03756531933562
7,30,16.683569538442228
7,31,14.368853880288063
7,32,15.110849350999024
7,33,15.774292190025053
7,34,17.57236034514908
7,35,22.459614924572243
7,36,20.161825591526807
7,37,20.369912959384877
7,38,19.22966497898617
7,39,18.28150165489532
7,40,18.406594952549007
7,41,18.401533699742334
7,42,18.788997712098528
7,43,21.659977888015636
7,44,22.34263503738593
7,45,24.98888718969398
7,46,27.626262784213804
7,47,29.391956533011673
7,48,26.88226512875543
7,49,28.92690179814946
7,50,27.55193847046119
7,51,24.30064693737712
7,52,22.807082332787672
7,53,23.303003776066507
7,54,20.132241769903064
7,55,17.647700875043007
7,56,17.346415229556605
7,57,15.469026033879544
7,58,16.078589890194483
7,59,16.28705028189145
7,60,15.604113002329997
7,61,18.75199321565259
7,62,19.046792674047406
7,63,15.460522511180859
7,64,15.113294604546601
7,65,11.657849457036765
7,66,12.005186366126944
7,67,10.973560652792932
7,68,11.040535186417292
7,69,12.407533192114494
7,70,14.325717829216579
7,71,17.38200366976662
7,72,19.511477590907056
7,73,17.674443014424252
7,74,20.29781708764531
7,75,20.950035957340038
7,76,20.240624576575954
7,77,17.003865719014044
7,78,15.41416743335352
7,79,14.913064785141781
7,80,13.081962895177332
7,81,11.460932818837378
7,82,11.181644946208536
7,83,11.692417654293285
7,84,14.99008536440318
7,85,17.286906293337807
7,86,21.095846608783823
7,87,23.62015650276726
7,88,27.33560279730058
7,89,27.67461755000332
7,90,24.05488988172474
7,91,21.024096066413886
7,92,17.70107958207305
7,93,14.851003587818877
7,94,11.35531451371551
7,95,10.216485286637104
7,96,10.040985296919692
7,97,7.192198684237436
7,98,9.029459729029764
7,99,9.766627997367792
7,100,12.434277151394987
7,101,15.295440020496654
8,1,17.500964188812524
8,2,14.797952834413982
8,3,12.050327750720635
8,4,8.92964271703006
8,5,7.033723280431116
8,6,5.284534303148033
8,7,3.8071282681756116
8,9,3.8313859855043724
8,10,6.771712810125642
8,11,10.328105178798491
8,12,13.558851885089046
8,13,17.191221563808003
8,14,19.1668456471737
8,15,20.773300524875243
8,16,18.328566816049825
8,17,15.851772384530351
8,18,12.094342303590226
8,19,11.93827744000866
8,20,9.119810627778248
8,21,9.519369016121779
8,22,10.286608022582898
8,23,12.22034075583501
8,24,15.22399572495259
8,25,18.787095587601534
8,26,25.89580882682463
8,27,22.416535073690486
8,28,21.37370311950092
8,29,17.820405737465414
8,30,17.039561097217607
8,31,14.498628503034503
8,32,14.271999621926023
8,33,14.399094548411519
8,34,15.479581929304773
8,35,20.214025934557732
8,36,18.430165484666134
8,37,19.182520640917428
8,38,18.730047156042918
8,39,18.317313767831536
8,40,19.115809504792068
8,41,19.413387133469552
8,42,20.376170936690677
8,43,23.263368750906047
8,44,23.659781929742184
8,45,25.870063078368727
8,46,28.677217089334214
8,47,29.997754001344564
8,48,27.22293543874776
8,49,29.031782292815123
8,50,27.64528341648759
8,51,24.7064282147708
8,52,23.350966352779633
8,53,24.41607612444141
8,54,21.288207969908456
8,55,18.74336189185968
8,56,19.04564767781944
8,57,17.40091788489906
8,58,18.66095034716059
8,59,19.099601440420393
8,60,18.883922375056617
8,61,22.121441730868263
8,62,22.211129818281204
8,63,18.655031927683883
8,64,17.7917675003986
8,65,14.435172822480828
8,66,14.626998633333287
8,67,13.676969182961473
8,68,12.853716351967117
8,69,14.339690406880782
8,70,15.601931475180479
8,71,18.88697910536443
8,72,20.66551144346631
8,73,18.225402084658192
8,74,20.25334698141458
8,75,20.28732623823894
8,76,19.220635532563346
8,77,16.280831763728408
8,78,14.08077230665302
8,79,12.878676168286788
8,80,10.770384251870132
8,81,9.956033357496255
8,82,9.939612253507132
8,83,11.478903209087848
8,84,14.677072572179842
8,85,17.5047206998284
8,86,21.209932916763194
8,87,24.042424784844737
8,88,27.659439544479337
8,89,27.47500476936836
8,90,23.7455289075541
8,91,20.51117943080406
8,92,17.08648574409333
8,93,13.875789945731881
8,94,10.2163737678356
8,95,7.95089635715777
8,96,7.3224551135979805
8,97,4.451418957234448
8,98,6.419974014258712
8,99,8.448465333214102
8,100,11.34437200892738
8,101,14.757364163728683
9,1,21.28903583708062
9,2,18.46802862114661
9,3,15.587349410968146
9,4,12.586782096380137
9,5,10.152486503274453
9,6,8.036551491670325
9,7,5.65617473306287
9,8,3.8313859855043724
9,10,3.8128476525825867
9,11,6.824829153153263
9,12,10.339823828039735
9,13,13.832646215703
9,14,16.008665591672614
9,15,18.036056958292882
9,16,15.845934145097317
9,17,13.977734916960527
9,18,10.387690795776802
9,19,11.379974728282455
9,20,9.626895443962125
9,21,11.253636358441177
9,22,12.879738680229973
9,23,15.256343176744245
9,24,18.49669446576317
9,25,22.12865042026247
9,26,28.868215508926156
9,27,25.303564829100488
9,28,23.852495616627536
9,29,20.182601752891234
9,30,18.86682022051789
9,31,15.796893978476456
9,32,15.308040334548364
9,33,14.586371048674204
9,34,15.87776937869594
9,35,21.00068204978483
9,36,19.367003986306518
9,37,19.743722929324363
9,38,19.564271750020392
9,39,18.677703830762514
9,40,19.886230805780425
9,41,20.827932082316668
9,42,22.097260253876282
9,43,24.97135509332209
9,44,24.9013699901986
9,45,27.128993599788554
9,46,29.599898069601622
9,47,30.94918786209889
9,48,27.93430692469676
9,49,29.330502623204342
9,50,27.483559199168234
9,51,24.680744060922514
9,52,22.824961068380297
9,53,23.815898082308887
9,54,20.404326237125424
9,55,18.438615630094663
9,56,19.27727140846366
9,57,18.327606643218818
9,58,19.721822138955417
9,59,20.732885067741645
9,60,20.469462916637237
9,61,23.866203614259216
9,62,24.474575498941757
9,63,20.977940026412757
9,64,20.490926559170145
9,65,16.900726002891282
9,66,16.535909658950505
9,67,14.746182631776906
9,68,13.550444916854342
9,69,14.042954981997491
9,70,14.507099832808846
9,71,17.41334360822661
9,72,18.570829814730796
9,73,15.904109882807008
9,74,17.761668368703788
9,75,17.468945619859845
9,76,16.89676769318018
9,77,14.350724518637033
9,78,11.750373550647637
9,79,11.275615661263355
9,80,10.283700622518907
9,81,10.392076498048482
9,82,11.677603749703467
9,83,13.805872482870342
9,84,17.30615912999133
9,85,20.361444409777565
9,86,24.02736524530241
9,87,27.046033517508988
9,88,30.711282034771965
9,89,30.671071663905522
9,90,26.992871010686112
9,91,23.59926742991748
9,92,20.359310319169563
9,93,16.929244704566603
9,94,13.468200265214588
9,95,11.066102790014588
9,96,9.320106187662788
9,97,5.67652860346617
9,98,5.0066166891611115
9,99,5.82407789128304
9,100,7.9183454468529595
9,101,11.421886902977633
10,1,23.418403871355746
10,2,20.51728145621511
10,3,17.2187627832331
10,4,14.374342423266679
10,5,11.371981614697342
10,6,8.991724186981271
10,7,6.592055639036965
10,8,6.771712810125642
10,9,3.8128476525825867
10,11,3.792388231726
10,12,6.789762825151212
10,13,10.461896209899308
10,14,12.715648889515123
10,15,14.50686847825682
10,16,12.117050424663594
10,17,10.409942928330572
10,18,7.0614006674998056
10,19,8.669181635538358
10,20,8.130047796877356
10,21,10.638409212247486
10,22,13.155687617983684
10,23,15.842360823006286
10,24,19.34756067380563
10,25,22.97780646658254
10,26,29.34372544515684
10,27,25.811099179615102
10,28,24.014396410177252
10,29,20.400884742030232
10,30,18.9011447098175
10,31,15.627166920022008
10,32,15.632794911652494
10,33,14.816110828252913
10,34,16.867483587075863
10,35,22.300162563305687
10,36,20.29579598334524
10,37,19.950521408052644
10,38,19.412602333629092
10,39,17.806691883893077
10,40,18.850644323725984
10,41,20.11022090250377
10,42,21.317502227969943
10,43,24.121039049303732
10,44,23.806474552055352
10,45,26.27084345226918
10,46,28.351000949760834
10,47,29.9904436167858
10,48,26.995195319033055
10,49,28.247675092878744
10,50,26.101014567374516
10,51,23.189546468721574
10,52,20.900727338674685
10,53,21.450030756584937
10,54,17.836393117891582
10,55,16.35887484565185
10,56,17.259019743599268
10,57,16.79934729580047
10,58,18.02143357075577
10,59,19.467892732151224
10,60,19.11866997288468
10,61,22.604900740388604
10,62,23.785146488839665
10,63,20.483661043765867
10,64,20.412791134012252
10,65,16.663354493024848
10,66,15.740205670812959
10,67,13.224100957885726
10,68,12.06467182921863
10,69,11.61199597988932
10,70,11.768572982010229
10,71,14.237814618369578
10,72,15.22469561896588
10,73,12.843063699145281
10,74,15.119126018338092
10,75,15.277348613637445
10,76,15.290821786664527
10,77,12.68127343339694
10,78,10.611000953334914
10,79,11.343410100223254
10,80,11.244467773001887
10,81,11.039714171006612
10,82,12.849698866954567
10,83,14.678321163857188
10,84,18.415511864573805
10,85,21.32177081516807
10,86,24.978714218409042
10,87,27.97190277892202
10,88,31.72240211324702
10,89,32.16313136106567
10,90,28.61798023671083
10,91,25.205771045485044
10,92,22.216094782197562
10,93,18.817394339611162
10,94,15.612367356333348
10,95,13.855614644373428
10,96,11.822256654406626
10,97,8.019213959493984
10,98,6.684861665680996
10,99,5.013073594179947
10,100,6.26622146137228
10,101,8.967760286283823
11,1,27.209339350722633
11,2,24.298351436845852
11,3,20.98562363628956
11,4,18.153376994870356
11,5,15.120420351216477
11,6,12.670805015201333
11,7,10.195022894119965
11,8,10.328105178798491
11,9,6.824829153153263
11,10,3.792388231726
11,12,3.8211283413898247
11,13,7.2038527646654735
11,14,10.004730706073342
11,15,12.35837702962667
11,16,10.365917545708605
11,17,9.891000767953264
11,18,7.588209724673583
11,19,10.30871185789625
11,20,10.976956976038545
11,21,13.8540647562268
11,22,16.663426718223267
11,23,19.3935767454635
11,24,22.95984208536116
11,25,26.556663984769262
11,26,32.723695556282
11,27,29.1939375300819
11,28,27.18431917779816
11,29,23.591038617884106
11,30,21.82135736627151
11,31,18.35765619246263
11,32,18.211857193492662
11,33,16.839573354381947
11,34,18.931074909604007
11,35,24.41133672187886
11,36,22.590408930873608
11,37,21.95783951702518
11,38,21.63118536809668
11,39,19.678912106785212
11,40,20.96219517877114
11,41,22.656113258386775
11,42,24.00078761648625
11,43,26.704993570040955
11,44,26.05582341096255
11,45,28.503092090826023
11,46,30.22508249579268
11,47,31.895799900371703
11,48,28.784583572449705
11,49,29.64729249587713
11,50,27.114881957176348
11,51,24.403689965512694
11,52,21.67567808626506
11,53,22.02884243099523
11,54,18.263729471807334
11,55,17.55815947982515
11,56,18.859888567346225
11,57,19.037451927377596
11,58,20.21592013932572
11,59,22.0160399259275
11,60,21.560985420094532
11,61,24.998506752523575
11,62,26.546222585114702
11,63,23.367795048412827
11,64,23.619479563996148
11,65,19.866410669566033
11,66,18.694838641653742
11,67,15.758037552700953
11,68,14.522132731323225
11,69,13.151412959841222
11,70,12.439337529034976
11,71,14.059420215930354
11,72,14.117386704231945
11,73,11.721651962415638
11,74,13.756970934510708
11,75,13.577134034747873
11,76,14.469092779412984
11,77,12.590177875965962
11,78,10.42360842347963
11,79,12.154081343576621
11,80,13.154365024394764
11,81,13.617505255427501
11,82,16.006350562460284
11,83,18.04777336323511
11,84,21.8173146823217
11,85,24.781529209863624
11,86,28.36796940192994
11,87,31.425419483121125
11,88,35.17728985653196
11,89,35.71081700606812
11,90,32.21073992786418
11,91,28.739436514515734
11,92,25.852717982466316
11,93,22.382620862263295
11,94,19.270215667173634
11,95,17.384737727324048
11,96,15.034438425854965
11,97,11.284948895827123
11,98,8.970486217009345
11,99,6.222905710584855
11,100,4.926701431203251
11,101,6.684123387778668
12,1,29.655542955937864
12,2,26.667824410473564
12,3,23.156238544903335
12,4,20.583920299922426
12,5,17.282135392940713
12,6,14.996774774046855
12,7,12.823444594227837
12,8,13.558851885089046
12,9,10.339823828039735
12,10,6.789762825151212
12,11,3.8211283413898247
12,13,3.8261310373211783
12,14,6.741052970040057
12,15,8.803287489819928
12,16,6.833033850685579
12,17,7.341201516027835
12,18,6.52140587780885
12,19,9.820698357615365
12,20,11.743033356224789
12,21,14.996509902508787
12,22,18.127410996400027
12,23,21.013088576705595
12,24,24.591627134390627
12,25,28.116569084807892
12,26,33.6683015649808
12,27,30.212761143889445
12,28,27.907929522104173
12,29,24.463251108672704
12,30,22.527135139566337
12,31,19.043027368443468
12,32,19.226568983821732
12,33,17.79618204499764
12,34,20.359312937966912
12,35,25.869886294905182
12,36,23.81927561320643
12,37,22.592091356143
12,38,22.023891723733964
12,39,19.52415028996733
12,40,20.676563201864738
12,41,22.677130117937573
12,42,24.005528228880607
12,43,26.526825857053144
12,44,25.575330302305535
12,45,28.103751933784235
12,46,29.370525506342016
12,47,31.229996153890898
12,48,28.179737342379354
12,49,28.80784852463888
12,50,26.00600943242777
12,51,23.33831032910783
12,52,20.232956523742555
12,53,20.128777438338695
12,54,16.315980748424593
12,55,16.35269568248392
12,56,17.79277604746349
12,57,18.601210338098664
12,58,19.654267232978697
12,59,21.881638563889496
12,60,21.48921209045504
12,61,24.89954364479028
12,62,26.942969916764174
12,63,24.08739884183769
12,64,24.591814348060748
12,65,20.864307626788843
12,66,19.19824146563626
12,67,15.810115363228547
12,68,14.573843156276718
12,69,12.275559508443246
12,70,10.946199780180814
12,71,11.599786528185993
12,72,11.076184430068102
12,73,9.196128677484058
12,74,11.537882724792953
12,75,11.927525131512754
12,76,13.57358358540095
12,77,11.949143023550072
12,78,10.71892878321565
12,79,13.391363492501451
12,80,14.991035659897307
12,81,15.225075555269163
12,82,17.8441989304555
12,83,19.633671263583086
12,84,23.40955537180497
12,85,26.21385922483164
12,86,29.675668910853844
12,87,32.694118781522995
12,88,36.44655598340608
12,89,37.35803086825788
12,90,34.01984102414656
12,91,30.558575720767095
12,92,27.945955158769095
12,93,24.539167741868077
12,94,21.712225884511618
12,95,20.26045469040851
12,96,17.752551801874958
12,97,14.106660348814275
12,98,11.775131222781404
12,99,8.312698724693798
12,100,6.389974984662818
12,101,5.763299679613887
13,1,33.25420777978017
13,2,30.1622264760849
13,3,26.65406544450764
13,4,24.243673666882426
13,5,20.829579953993782
13,6,18.73226036102584
13,7,16.621483582464844
13,8,17.191221563808003
13,9,13.832646215703
13,10,10.461896209899308
13,11,7.2038527646654735
13,12,3.8261310373211783
13,14,3.80446285997076
13,15,6.550214707426096
13,16,6.091182236538938
13,17,8.39693675784796
13,18,9.022869343139208
13,19,12.546015702838732
13,20,14.956103029605192
13,21,18.387273514671655
13,22,21.49794340602799
13,23,24.516447027977268
13,24,28.03246019645198
13,25,31.548406846149256
13,26,36.5488678273646
13,27,33.098872450408436
13,28,30.54633803288151
13,29,27.1685902143111
13,30,24.94766586915013
13,31,21.39163158380902
13,32,21.41947311741428
13,33,19.594729207783995
13,34,22.166641921204537
13,35,27.54180232081414
13,36,25.634631026664596
13,37,24.095209789619958
13,38,23.716768623959037
13,39,20.987535608066906
13,40,22.361981614208116
13,41,24.762351297274478
13,42,26.290491069270598
13,43,28.63612119781248
13,44,27.29157961989417
13,45,29.660280275842126
13,46,30.522439935267283
13,47,32.316774651908396
13,48,29.203098861216166
13,49,29.382022476794926
13,50,26.257397312035998
13,51,23.92405953822861
13,52,20.51276504569064
13,53,20.26273359687069
13,54,16.57117650647592
13,55,17.43476172336022
13,56,19.29237636699704
13,57,20.735061064608445
13,58,21.889414962161265
13,59,24.46717219826184
13,60,24.228263592465645
13,61,27.595663013707117
13,62,29.92759015990215
13,63,27.2844541323777
13,64,27.85775851971385
13,65,24.16142971857801
13,66,22.189211553545427
13,67,18.603159058720692
13,68,17.152667863196626
13,69,14.341194830781662
13,70,12.209576052919873
13,71,11.828096278805523
13,72,10.074278372164557
13,73,8.478130009597487
13,74,10.139652362903295
13,75,10.33455444190362
13,76,12.928557529245102
13,77,12.257615718790076
13,78,11.470823085154166
13,79,14.7700426070317
13,80,17.091431812790194
13,81,17.695911539850538
13,82,20.66706692670215
13,83,22.59715827310763
13,84,26.31904640322323
13,85,29.16404461610949
13,86,32.47557484329525
13,87,35.567636197593906
13,88,39.276139648211135
13,89,40.29722769150785
13,90,37.05876181388336
13,91,33.541544493846175
13,92,31.122177427530513
13,93,27.664719685821005
13,94,25.03023757571777
13,95,23.58978661052726
13,96,20.804897085128562
13,97,17.30962741366644
13,98,14.586718410743568
13,99,10.916101259830661
13,100,8.150997030099534
13,101,5.683235347631833
14,1,34.46801531903285
14,2,31.173080181968473
14,3,27.6932465331062
14,4,25.710963894979596
14,5,22.07381709542567
14,6,20.520504515285058
14,7,18.72632580165331
14,8,19.1668456471737
14,9,16.008665591672614
14,10,12.715648889515123
14,11,10.004730706073342
14,12,6.741052970040057
14,13,3.80446285997076
14,15,3.7937064570665755
14,16,5.527812504324483
14,17,8.260586397002271
14,18,9.667538610605046
14,19,13.253063371764712
14,20,15.89682050174216
14,21,19.570541357327382
14,22,22.434076126982994
14,23,25.732114626197127
14,24,29.032998353370058
14,25,32.559498691345716
14,26,36.524690344001094
14,27,33.07347044264188
14,28,30.20439192272292
14,29,26.933174494942143
14,30,24.36830999349044
14,31,20.812334427741526
14,32,20.738334256595873
14,33,18.685257764126597
14,34,21.39977423036007
14,35,26.549961947221895
14,36,24.62892478584546
14,37,22.678206499804695
14,38,22.381798887848664
14,39,19.46388795428167
14,40,21.055264193322614
14,41,23.860184575271077
14,42,25.699238882461433
14,43,27.834681546973375
14,44,26.035182310285702
14,45,28.125175243300646
14,46,28.64557599953487
14,47,30.280081445499306
14,48,27.116159821614005
14,49,26.905880530129764
14,50,23.572927026230545
14,51,21.55562759077878
14,52,17.989239726976024
14,53,17.786425770912103
14,54,14.318246205278752
14,55,15.788741865900517
14,56,18.13891386760317
14,57,20.19774380929486
14,58,21.715348505577623
14,59,24.71450404620248
14,60,24.977468745781216
14,61,28.438224222034595
14,62,30.956859013375567
14,63,28.584776200341054
14,64,28.906840087298622
14,65,25.23796912570484
14,66,22.78347876971227
14,67,19.08150906457671
14,68,17.154166025332124
14,69,14.053154044858514
14,70,11.130635871560765
14,71,10.116685974288105
14,72,7.473494322388138
14,73,5.864400820304641
14,74,6.853300031020948
14,75,7.502351101801222
14,76,10.51825285800764
14,77,10.382339606544022
14,78,10.576939862106565
14,79,14.270320360559378
14,80,17.017619832135296
14,81,17.640350782129598
14,82,20.852114891785238
14,83,22.80661419083676
14,84,26.37336082861812
14,85,29.214697590604846
14,86,32.26750803964421
14,87,35.44160056307222
14,88,39.05225246334798
14,89,40.22064610654061
14,90,37.16811787228205
14,91,33.614747196743274
14,92,31.54650986763995
14,93,28.09797474064111
14,94,25.86686926269092
14,95,24.706320395883164
14,96,21.64229663476471
14,97,18.48284252144874
14,98,15.69723346999688
14,99,11.90662896239572
14,100,9.387131619590969
14,101,5.864236687103094
15,1,34.8454829186771
15,2,31.586723089571898
15,3,27.988952407789423
15,4,26.287402254328796
15,5,22.585915819960427
15,6,21.229456881786014
15,7,19.79377776372338
15,8,20.773300524875243
15,9,18.036056958292882
15,10,14.50686847825682
15,11,12.35837702962667
15,12,8.803287489819928
15,13,6.550214707426096
15,14,3.7937064570665755
15,16,3.807543683648972
15,17,6.91279210177796
15,18,9.63105085459927
15,19,12.620772172033954
15,20,15.809575456112455
15,21,19.385493758447083
15,22,22.30925432638177
15,23,25.560727842424104
15,24,28.74231553548915
15,25,32.089746629843944
15,26,35.451742914683194
15,27,32.1779390284378
15,28,29.17976609704532
15,29,26.188947785076806
15,30,23.722725604562726
15,31,20.43313552793133
15,32,20.911749832790566
15,33,19.29654670351747
15,34,22.434173405206604
15,35,27.48245065559483
15,36,25.1833455343851
15,37,22.780872299801768
15,38,21.978148436021254
15,39,18.665379892917723
15,40,19.77656797046914
15,41,22.564742453090535
15,42,24.184156464989595
15,43,26.076639826481134
15,44,24.17151543017071
15,45,26.37633508877249
15,46,26.5077445945398
15,47,28.409557676865973
15,48,25.503656656781093
15,49,25.31631400652591
15,50,21.97595655706264
15,51,19.84786372047958
15,52,16.135711528022835
15,53,15.258347583216453
15,54,11.946733735299457
15,55,14.031616326634845
15,56,16.151322213538585
15,57,18.596544546522793
15,58,19.87076398142373
15,59,23.07579756191482
15,60,23.45387608960341
15,61,26.773742142730836
15,62,29.59693426920796
15,63,27.601315090950642
15,64,28.05285686946308
15,65,24.563424271483854
15,66,21.807045636483444
15,67,18.015536483297986
15,68,16.301508032987837
15,69,12.774224720622113
15,70,9.795589739149941
15,71,7.615298008338176
15,72,4.465754540825275
15,73,4.978262420984098
15,74,6.8932057362665695
15,75,9.159668708585246
15,76,11.835638840064613
15,77,11.259176061738861
15,78,12.556552778813732
15,79,16.18374223269543
15,80,18.641702833609973
15,81,18.603567204041344
15,82,21.54234617545282
15,83,22.97883926602071
15,84,26.403386298776567
15,85,28.907640829927892
15,86,31.797932160111635
15,87,34.78735954555883
15,88,38.34187405931106
15,89,39.89678211006665
15,90,37.04398446910831
15,91,33.626409874561475
15,92,31.81929556320619
15,93,28.58904764866622
15,94,26.63275393293143
15,95,25.988036169881035
15,96,23.088401752784755
15,97,20.060064402708765
15,98,17.764780062850736
15,99,13.986140738099092
15,100,12.228595472483088
15,101,8.98026326153676
16,1,32.145156945150916
16,2,29.07313441373926
16,3,25.36258064856756
16,4,23.473819696902847
16,5,19.89351084464979
16,6,18.243576477155084
16,7,16.84772830406797
16,8,18.328566816049825
16,9,15.845934145097317
16,10,12.117050424663594
16,11,10.365917545708605
16,12,6.833033850685579
16,13,6.091182236538938
16,14,5.527812504324483
16,15,3.807543683648972
16,17,3.803136130197782
16,18,6.847250660639626
16,19,9.503955148148162
16,20,12.910183071154918
16,21,16.282710541469232
16,22,19.481958113989233
16,23,22.502528588617174
16,24,25.821467011079356
16,25,29.09197383900949
16,26,33.14635016931136
16,27,29.93616826379436
16,28,27.188974939888755
16,29,24.199722202027
16,30,22.14367524721942
16,31,18.97123454039395
16,32,19.90337839207605
16,33,18.82226607570687
16,34,22.1193461567639
16,35,27.399722161621664
16,36,24.837327218449985
16,37,22.633780895284154
16,38,21.42348968994931
16,39,18.118762095248105
16,40,18.726687635381708
16,41,21.03218057756488
16,42,22.216458821034678
16,43,24.27023736284062
16,44,22.85334055042289
16,45,25.45872485189225
16,46,25.905465764208486
16,47,28.114226383398275
16,48,25.374031113788472
16,49,25.75794819301686
16,50,22.740530032105333
16,51,20.089589994023452
16,52,16.579375367967955
16,53,15.46734215464501
16,54,11.853242460847289
16,55,13.193871929320368
16,56,14.591264094943925
16,57,16.467239729022626
16,58,17.290879765352656
16,59,20.201781214665555
16,60,20.201219133394055
16,61,23.47038672102783
16,62,26.24639531891339
16,63,24.15008819900874
16,64,24.83048609652483
16,65,21.360970219675576
16,66,18.84254185171097
16,67,15.049609373303019
16,68,13.875794913042439
16,69,10.353047708116094
16,70,8.25262367609166
16,71,6.61506673863819
16,72,5.3998319878117735
16,73,5.996150616557346
16,74,9.229455866148921
16,75,11.534303474523831
16,76,13.579246382494064
16,77,11.986926445493939
16,78,12.901698313557793
16,79,16.15891588528301
16,80,17.978285612352735
16,81,17.421317554300327
16,82,19.945033953597516
16,83,21.024311845729788
16,84,24.54412894702813
16,85,26.871236507975063
16,86,29.957783142903864
16,87,32.77873086243808
16,88,36.42103711559069
16,89,38.02955745432038
16,90,35.08799043928503
16,91,31.77346665098484
16,92,29.76525105395181
16,93,26.651280495030917
16,94,24.48778496752969
16,95,23.96138976845993
16,96,21.430131565232532
16,97,18.20630362239549
16,98,16.378327944859006
16,99,12.709937926638354
16,100,11.512644812936063
16,101,9.17266899682167
17,1,28.579575755453593
17,2,25.52571573250437
17,3,21.790719729654906
17,4,20.087108964574746
17,5,16.491826524368875
17,6,15.112115658615908
17,7,14.098338718280791
17,8,15.851772384530351
17,9,13.977734916960527
17,10,10.409942928330572
17,11,9.891000767953264
17,12,7.341201516027835
17,13,8.39693675784796
17,14,8.260586397002271
17,15,6.91279210177796
17,16,3.803136130197782
17,18,3.8099240085389057
17,19,5.835753416603055
17,20,9.348370717202846
17,21,12.69229824113993
17,22,15.809483506510402
17,23,18.861579839319912
17,24,22.100574426382572
17,25,25.359591692360215
17,26,29.381084504944855
17,27,26.170645974425227
17,28,23.494803252869698
17,29,20.510796653600742
17,30,18.63743500032507
17,31,15.597506790992263
17,32,16.90526773312605
17,33,16.36050302603606
17,34,19.837213072185538
17,35,25.119696037376016
17,36,22.28445779352167
17,37,20.146586926447686
17,38,18.57068725441749
17,39,15.316490782832012
17,40,15.569400960531826
17,41,17.573803554391876
17,42,18.617810981809992
17,43,20.78885018483496
17,44,19.6223033793331
17,45,22.389754751383435
17,46,23.162984610833877
17,47,25.463141013181698
17,48,22.81086199123932
17,49,23.64790149005154
17,50,20.976310005447022
17,51,17.94722084159079
17,52,14.765944933494646
17,53,13.766152207979507
17,54,10.026012364488125
17,55,10.43653819693025
17,56,11.399198758756132
17,57,12.869166950650905
17,58,13.74612609696672
17,59,16.609991901008186
17,60,16.785387428952227
17,61,20.228963850025192
17,62,22.85272107605208
17,63,20.72717651693699
17,64,21.184805761757566
17,65,17.69772586328009
17,66,15.082141966484278
17,67,11.287645306686034
17,68,10.113098338911213
17,69,6.635060501414792
17,70,5.226081560957883
17,71,4.893237061977245
17,72,6.090622522552859
