1,2,3.8165286021540323
1,3,6.592157387315791
1,4,9.234988480058679
1,5,12.350929047446538
1,6,15.0818634257217
1,7,14.756002514175089
1,8,18.056513609585043
1,9,20.31741924900844
1,10,24.051072768298884
1,11,26.28743420934924
1,12,29.801970971135656
1,13,30.95406959079801
1,14,31.194591353209507
1,15,28.779661770291415
1,16,25.621120770120903
1,17,22.181943780709684
1,18,18.970158274226918
1,19,15.308518986138079
1,20,12.77815512772499
1,21,9.51904963840204
1,22,13.329776372686398
1,23,11.703481784294627
1,24,13.174421238232926
1,25,14.16217483208541
1,26,15.66614535721922
1,27,18.034808822995334
1,28,18.527109407602957
1,29,22.17501501563802
1,30,23.734784795198518
1,31,23.748754781099784
1,32,20.3549631295085
1,33,21.623722892794014
1,34,19.014542294849058
1,35,20.104135676110293
1,36,18.403031798779022
1,37,19.83359452857912
1,38,18.89472220754862
1,39,16.75628862578688
1,40,16.15567107136502
1,41,18.50516067109689
1,42,21.03785464879669
1,43,22.224884975297012
1,44,26.003073580337798
1,45,27.169514463041445
1,46,25.494713482050457
1,47,28.473469542243862
1,48,29.110973731359323
1,49,25.99133554203367
1,50,26.129940956631863
1,51,26.61506061652401
1,52,25.72672174896544
1,53,21.965345254358937
1,54,20.78223991331348
1,55,17.54500289194281
1,56,18.771966537785026
1,57,16.96884970629885
1,58,17.51392249101582
1,59,19.27841250556365
1,60,16.27903861328447
1,61,13.461423775200085
1,62,11.14499438684739
1,63,12.4119521029992
1,64,13.513225320679718
1,65,16.067603254768017
1,66,16.23429663876576
1,67,19.964210140752662
1,68,22.357227252842524
1,69,25.900967642925515
1,70,28.960880163505408
1,71,27.352862322873452
1,72,29.21781540093819
1,73,29.738933615840597
1,74,28.31008795671777
1,75,25.064439023289253
1,76,24.17335397862128
1,77,21.809259551903377
1,78,18.35800153022301
1,79,15.55997182741041
1,80,11.887978611634546
1,81,9.949161272515726
1,82,8.40106598093112
1,83,8.168917038214875
1,84,11.054338839018444
1,85,12.65687932704587
1,86,6.571400071587285
1,87,6.95669453514061
1,88,5.66333591121698
1,89,8.377777379165522
1,90,11.809642136861317
1,91,13.614817651709524
1,92,17.392547530904054
1,93,20.51121843940694
1,94,24.20042097710227
1,95,27.060484625331682
1,96,30.381114079103977
1,97,33.7710373039676
2,1,3.8165286021540323
2,3,3.7892969912595413
2,4,6.117557078464346
2,5,9.201038331291928
2,6,12.15587935560819
2,7,12.60601468205031
2,8,15.716869348507627
2,9,17.49602489559814
2,10,21.249696123778158
2,11,23.213154567418748
2,12,26.71772128595162
2,13,27.920845028263546
2,14,27.96053327204936
2,15,25.395642681329466
2,16,22.16545597592672
2,17,18.80429326431773
2,18,15.438676278400226
2,19,11.826344451801425
2,20,9.033422607279965
2,21,5.90956347123989
2,22,12.518029924603555
2,23,10.17079604984883
2,24,11.724369501049173
2,25,12.223706769184258
2,26,14.305664139830776
2,27,16.634033159060976
2,28,17.79750958079885
2,29,21.58998797247186
2,30,23.66534112081491
2,31,24.271224316516687
2,32,20.95021021207205
2,33,21.687425129142877
2,34,18.72060175384396
2,35,19.268397808005105
2,36,17.190758431238624
2,37,17.92785590903425
2,38,16.732996033217578
2,39,14.809243896922329
2,40,14.057607634979698
2,41,16.61013913135491
2,42,18.985469090026303
2,43,20.66105194441721
2,44,24.365632374340866
2,45,25.950856930984326
2,46,24.22316324019621
2,47,27.16266364895548
2,48,27.429915502652136
2,49,24.078479121772688
2,50,23.8228480812689
2,51,23.952246360474213
2,52,22.804662903148163
2,53,19.14388717881362
2,54,17.731142703227313
2,55,14.485423848586734
2,56,15.48994652032414
2,57,13.778702228961231
2,58,14.122477769206414
2,59,16.214082470724115
2,60,13.53417575188173
2,61,10.863577177974774
2,62,8.530236001418663
2,63,8.97289326614406
2,64,9.964315459235344
2,65,12.421446981690979
2,66,12.897837589357621
2,67,16.56849354617795
2,68,19.218227079358904
2,69,22.631634098454473
2,70,25.737699676185322
2,71,24.357285394568926
2,72,26.52371424747296
2,73,27.277926094546224
2,74,26.18297790053536
2,75,22.74227400939995
2,76,21.984971387742117
2,77,20.084841437243274
2,78,16.964233965432218
2,79,13.831193391296509
2,80,10.441917025933167
2,81,8.28469962766217
2,82,7.958195916531815
2,83,8.11883870185259
2,84,11.680550269429776
2,85,13.579043539149842
2,86,8.7644784849842
2,87,8.029620468952212
2,88,5.489059811505595
2,89,8.023291690677778
2,90,10.813824833176447
2,91,11.597445736004422
2,92,15.291833349601648
2,93,18.027266685326637
2,94,21.79939326299881
2,95,24.408640380817257
2,96,27.677349979432115
2,97,30.9999659563842
3,1,6.592157387315791
3,2,3.7892969912595413
3,4,3.8251790954635703
3,5,5.925761461870901
3,6,8.70678020549806
3,7,9.155001962238428
3,8,12.47442138279889
3,9,14.4159866736794
3,10,18.2229824910658
3,11,20.444174154234908
3,12,24.09049339216954
3,13,25.674249573715844
3,14,26.00691044517981
3,15,23.2360399302195
3,16,20.287565642851984
3,17,16.74425263264111
3,18,13.589544501006474
3,19,9.836246606182938
3,20,7.462730481044787
3,21,5.706304178704765
3,22,15.510526479954807
3,23,12.596860487893874
3,24,13.449894440412427
3,25,12.865609147723786
3,26,14.613757059137962
3,27,16.194592982568704
3,28,17.315178554735894
3,29,21.069578706007405
3,30,23.158394627605517
3,31,24.164936869721817
3,32,21.200590241598977
3,33,21.98438895533877
3,34,19.197187499494913
3,35,19.8714100901624
3,36,18.103139728397373
3,37,18.374245244560928
3,38,17.5995979348979
3,39,16.389629220029136
3,40,16.025747429269224
3,41,18.768148689502755
3,42,20.69536350190512
3,43,22.535603793781906
3,44,26.148389237959435
3,45,27.845675551420527
3,46,25.787229412812696
3,47,28.413358146632266
3,48,28.19465477909459
3,49,24.817392326468777
3,50,24.003973186219277
3,51,24.110546941239125
3,52,22.389871830830547
3,53,18.94319302728356
3,54,17.825657365861453
3,55,15.004652209194756
3,56,16.01033345057512
3,57,14.739194718793822
3,58,14.549342563574044
3,59,16.964825604006467
3,60,14.65183486306176
3,61,11.842717377127368
3,62,10.338628035216274
3,63,9.490183753935499
3,64,10.322348536522522
3,65,11.897739435133104
3,66,12.274690337904675
3,67,15.576508836975389
3,68,18.106995511025033
3,69,21.459996786393198
3,70,24.236566179779985
3,71,22.663905779324654
3,72,24.852938787575233
3,73,25.312826661454164
3,74,24.58094173005015
3,75,21.229657703128197
3,76,20.001042751800487
3,77,18.270263529955855
3,78,15.441755055850114
3,79,12.672712333530045
3,80,9.90395493345104
3,81,8.95531384473552
3,82,10.031229185347433
3,83,11.233732304788651
3,84,14.96365734297293
3,85,17.19277774321565
3,86,11.482661765878577
3,87,9.664535754124097
3,88,6.082600869852772
3,89,6.732829164302283
3,90,9.10343747795912
3,91,9.05456592528278
3,92,12.741343689437832
3,93,15.536500996808783
3,94,19.19557820955077
3,95,21.95128249155021
3,96,24.990043589756155
3,97,28.45109635770337
4,1,9.234988480058679
4,2,6.117557078464346
4,3,3.8251790954635703
4,5,3.817300767194638
4,6,6.575264013085767
4,7,7.442074459224637
4,8,9.957198606165614
4,9,11.414168938169285
4,10,15.145231710094661
4,11,17.13822498772186
4,12,20.67998063295812
4,13,22.041606844253174
4,14,22.35290795936556
4,15,19.742268215169947
4,16,16.786428793988883
4,17,13.196570387810805
4,18,10.19175839027681
4,19,6.404196146468421
4,20,5.03141746481737
4,21,3.894846095878078
4,22,14.927182878615252
4,23,11.451901834908956
4,24,11.491170192335183
4,25,10.039849575503297
4,26,11.764130591373121
4,27,13.065498215285956
4,28,14.662424130398852
4,29,18.389953039535843
4,30,20.877471484156377
4,31,22.359459855100972
4,32,19.536343725422437
4,33,19.799221611416943
4,34,16.8579409156318
4,35,17.164311974105537
4,36,15.396231372524463
4,37,15.201494539763598
4,38,14.694397672282317
4,39,14.13323541828638
4,40,14.356672416707921
4,41,17.229146767577607
4,42,18.549750562913363
4,43,20.366019101988893
4,44,23.845410072664066
4,45,25.575890601879713
4,46,23.259776386652387
4,47,25.620797777287823
4,48,25.062247926617744
4,49,21.68899914622364
4,50,20.575929254695026
4,51,20.742920563040954
4,52,18.818448692347314
4,53,15.453641459007558
4,54,14.691368042551918
4,55,12.329263342162607
4,56,13.830993728672722
4,57,13.42631714297779
4,58,13.713179192352019
4,59,16.781369686636477
4,60,15.224613872373082
4,61,13.167836521767816
4,62,11.296399403544793
4,63,9.446798176557229
4,64,8.86217403017538
4,65,9.357366070055004
4,66,8.956164297443916
4,67,12.117892326817914
4,68,14.396440850119669
4,69,17.8226007592447
4,70,20.530387651574383
4,71,18.87622536058648
4,72,21.052711400709416
4,73,21.62758221973182
4,74,20.931766207187145
4,75,17.501072070807826
4,76,16.455986401096816
4,77,14.998071447130819
4,78,12.447437281979536
4,79,9.452375850453256
4,80,7.258557229133826
4,81,6.791741529394827
4,82,9.200483218436318
4,83,11.22218542458287
4,84,15.004515467272858
4,85,17.747267213637112
4,86,12.365624492864853
4,87,9.773867924867835
4,88,6.3818708220220675
4,89,6.609049862615541
4,90,7.334937389024962
4,91,6.306238518878908
4,92,9.680721615344096
4,93,12.108973198968036
4,94,15.866117217735935
4,95,18.428822548004337
4,96,21.607493661458037
4,97,24.966933199068745
5,1,12.350929047446538
5,2,9.201038331291928
5,3,5.925761461870901
5,4,3.817300767194638
5,6,3.0856012142624953
5,7,5.3896750181320865
5,8,7.723431285879248
5,9,8.845990223446012
5,10,12.6251971528965
5,11,14.725873304085454
5,12,18.42739342921893
5,13,20.322022575791273
5,14,20.799122933676337
5,15,17.822315414707
5,16,15.2127427133199
5,17,11.60122551926042
5,18,8.896060068115158
5,19,5.461717480736817
5,20,4.995416043916
5,21,6.491851586698505
5,22,18.294394602086577
5,23,14.760932632743291
5,24,14.702280330549675
5,25,12.714440762437645
5,26,14.254066175744779
5,27,14.812634420038865
5,28,16.46977433883118
5,29,19.96390704851844
5,30,22.47666731590254
5,31,24.34846732073242
5,32,21.91780199387735
5,33,22.121412293289886
5,34,19.37525526732599
5,35,19.597639598856418
5,36,18.00087564124453
5,37,17.20561521109335
5,38,16.84809421547438
5,39,16.791121504486256
5,40,16.976477588345226
5,41,19.800206166285673
5,42,20.853855424730156
5,43,22.95665551998292
5,44,26.220313833509724
5,45,28.177195027838195
5,46,25.77815689954298
5,47,27.889872551520945
5,48,26.884067893810244
5,49,23.493753525751806
5,50,21.818393864690833
5,51,21.702205704302564
5,52,19.219696716591603
5,53,16.328710818206805
5,54,15.640479437750443
5,55,13.783260150483875
5,56,14.809200617985516
5,57,14.636030167593146
5,58,14.161497424309498
5,59,17.223101312999262
5,60,16.059573809828006
5,61,14.023233680856961
5,62,13.071360251803581
5,63,10.469492629183945
5,64,10.089779372868371
5,65,9.690064119665255
5,66,9.691354816936798
5,67,11.953291987871273
5,68,14.196471864729691
5,69,17.234807189068423
5,70,19.542084611498925
5,71,17.93412488507623
5,72,20.312470577827284
5,73,20.701117908009227
5,74,20.650777329840288
5,75,17.339698319412456
5,76,15.880997598579684
5,77,14.99831018450806
5,78,13.177045386477326
5,79,10.81493226958207
5,80,9.797659282873974
5,81,10.176558252562563
5,82,12.948357300032992
5,83,14.975664129165487
5,84,18.758391957935554
5,85,21.41525799141652
5,86,16.064902044743654
5,87,13.34719718647197
5,88,9.804606719287186
5,89,8.895594474631194
5,90,8.873275645687924
5,91,6.329170095204251
5,92,8.916478430465322
5,93,10.8654599320627
5,94,14.336202182450496
5,95,16.827020926424638
5,96,19.591361247763384
5,97,23.04060801810401
6,1,15.0818634257217
6,2,12.15587935560819
6,3,8.70678020549806
6,4,6.575264013085767
6,5,3.0856012142624953
6,7,3.8209438162925506
6,8,5.256357881340474
6,9,6.281130117862061
6,10,10.003920579414558
6,11,12.428490080252349
6,12,16.209309836390428
6,13,18.46515783166479
6,14,19.327505501512224
6,15,16.292304422828945
6,16,14.208932369922033
6,17,10.604264542447366
6,18,8.769778582227033
6,19,6.210554690586284
6,20,7.2439583362970295
6,21,9.346623391497173
6,22,21.002247764083933
6,23,17.354709871587037
6,24,16.861109401033286
6,25,14.364135999119336
6,26,15.402767091668549
6,27,15.221511494491192
6,28,16.723084547306218
6,29,19.910312743590406
6,30,22.349006725322752
6,31,24.526506473433717
6,32,22.501623679055562
6,33,22.671971302331016
6,34,20.213980858460676
6,35,20.511223620480294
6,36,19.28981376210038
6,37,18.21973276917744
6,38,18.30551499557788
6,39,18.793203363234436
6,40,19.31262778639604
6,41,22.12219290381218
6,42,22.79738888057316
6,43,24.834923885331648
6,44,27.937550883445166
6,45,29.854009095177606
6,46,27.243031739420495
6,47,29.023357190428722
6,48,27.664446943265904
6,49,24.413783714294905
6,50,22.358284924267597
6,51,22.315801383759112
6,52,19.447876986571668
6,53,16.96105334930644
6,54,16.73272864774015
6,55,15.486976148166297
6,56,16.58379661587411
6,57,16.86366287655306
6,58,16.263408936955877
6,59,19.39039888957898
6,60,18.563794493576907
6,61,16.6610212961419
6,62,15.97780542563599
6,63,13.12588057679184
6,64,12.50130790284153
6,65,11.340089943267067
6,66,10.963288425564992
6,67,12.396080834668954
6,68,14.089953517659062
6,69,16.863914139348104
6,70,18.63342820793863
6,71,16.795877331360952
6,72,19.032432273530418
6,73,19.056759268654762
6,74,19.391633248665183
6,75,16.35422125510517
6,76,14.44416965681839
6,77,13.895542252296313
6,78,12.693632264249613
6,79,11.090152802822248
6,80,11.042429425325098
6,81,12.254189530572093
6,82,15.352805216853055
6,83,17.71647901483036
6,84,21.459872789891513
6,85,24.279507141468663
6,86,18.54289275131768
6,87,15.521812616828234
6,88,12.055503881406166
6,89,10.350740134375027
6,90,9.473212346477002
6,91,6.142508161173844
6,92,7.5877620418243845
6,93,9.145745953499897
6,94,12.207986314888545
6,95,14.765835522567162
6,96,17.208534688970516
6,97,20.756236753919755
7,1,14.756002514175089
7,2,12.60601468205031
7,3,9.155001962238428
7,4,7.442074459224637
7,5,5.3896750181320865
7,6,3.8209438162925506
7,8,3.8383849659850555
7,9,7.003105904786701
7,10,10.482085810519507
7,11,13.662906413510225
7,12,17.367079477791368
7,13,19.558669653971755
7,14,21.000571458482536
7,15,18.362783624070453
7,16,16.620321622122283
7,17,12.917797451900702
7,18,11.613115281463436
7,19,8.925758984036477
7,20,10.067411112269758
7,21,11.063430985605397
7,22,21.986136092574103
7,23,18.352252082987555
7,24,17.422258501493108
7,25,14.82462777769062
7,26,15.009021986307328
7,27,14.351995975310977
7,28,14.998842605222832
7,29,18.026240281846167
7,30,19.961888715905346
7,31,21.956019521613015
7,32,20.17901279899898
7,33,20.827976364907833
7,34,18.850738211007123
7,35,19.81846568178367
7,36,19.23063900005078
7,37,18.7301485110957
7,38,19.42462383574568
7,39,20.01515061440182
7,40,20.978462752534657
7,41,23.864483619207302
7,42,24.489475215581884
7,43,26.056638772810366
7,44,29.286962421644564
7,45,30.78384985332643
7,46,27.915961469318688
7,47,29.52916880632847
7,48,28.27296496236833
7,49,25.28231482623169
7,50,23.41702564710033
7,51,23.96344538933889
7,52,21.20256369710896
7,53,18.584915955861263
7,54,18.908134349596804
7,55,17.72608764335067
7,56,19.370314087488968
7,57,19.688655320168113
7,58,19.455971746393633
7,59,22.593523391982064
7,60,21.418537067409734
7,61,19.19670825255165
7,62,18.172317654052076
7,63,15.810091228621124
7,64,15.185807826055246
7,65,14.279672954090453
7,66,13.21487692150094
7,67,14.861739532818763
7,68,15.945586502549281
7,69,18.985563548528646
7,70,20.484529648458867
7,71,18.05966541761894
7,72,19.638020519058657
7,73,19.02615259011873
7,74,18.941029413466815
7,75,16.293257062060512
7,76,13.792161057558653
7,77,12.438114176012029
7,78,10.867177200573085
7,79,10.073991786672792
7,80,10.103879459056962
7,81,12.201232222825459
7,82,15.133857435145217
7,83,17.951152865807778
7,84,21.593843670299613
7,85,24.64146671029036
7,86,17.67242547368203
7,87,14.359602359920565
7,88,11.070715559571463
7,89,8.3509872150874
7,90,7.094322830603035
7,91,4.32741009815001
7,92,6.006245663295777
7,93,8.800042968207459
7,94,11.653423213664665
7,95,14.907462907774171
7,96,17.3880682767517
7,97,21.116134780357047
8,1,18.056513609585043
8,2,15.716869348507627
8,3,12.47442138279889
8,4,9.957198606165614
8,5,7.723431285879248
8,6,5.256357881340474
8,7,3.8383849659850555
8,9,3.8091553122517867
8,10,6.843814498431938
8,11,10.252009382928547
8,12,13.839247060584347
8,13,16.078615691591523
8,14,17.874840415351077
8,15,15.464359984769027
8,16,14.27763916292376
8,17,10.790817183681709
8,18,10.619940423069545
8,19,9.066225758091933
8,20,11.471332022809463
8,21,13.068397264796534
8,22,23.626950773957383
8,23,19.851181129633876
8,24,18.38487964950749
8,25,15.22382987672748
8,26,15.0032493491319
8,27,13.559206716005637
8,28,14.387528509842785
8,29,16.927525462275284
8,30,19.05949083396449
8,31,21.59498535745369
8,32,20.276225801525698
8,33,20.458560255514474
8,34,18.67170039016448
8,35,19.356395911641254
8,36,19.06754687710114
8,37,18.068985567973318
8,38,19.209953886637155
8,39,20.501318013025326
8,40,21.89418315747491
8,41,24.705731912523177
8,42,24.754825782475667
8,43,26.22437130958486
8,44,29.16340986822513
8,45,30.627625831283428
8,46,27.557450137710692
8,47,28.73366102781127
8,48,27.035807238995446
8,49,24.243310439169143
8,50,21.959320939697335
8,51,22.588308685299296
8,52,19.51027517011311
8,53,17.41252506809612
8,54,18.3078124399477
8,55,17.905523408742244
8,56,19.744646943306787
8,57,20.743444059963668
8,58,20.701058282126596
8,59,24.088894317629663
8,60,23.458335677006414
8,61,21.689917145704065
8,62,20.602310127864126
8,63,17.829195831350482
8,64,16.55153102226612
8,65,14.779123456559082
8,66,13.159535875007947
8,67,13.881838934528611
8,68,14.180186738403087
8,69,16.89154620220245
8,70,17.806050854875693
8,71,15.124200473978197
8,72,16.453033411062496
8,73,15.56071023566258
8,74,15.848930459816062
8,75,13.486829246530446
8,76,10.686611380468817
8,77,10.003216561688978
8,78,9.575637353832974
8,79,9.603786596512272
8,80,11.02548708858033
8,81,13.630043007007725
8,82,17.014640214650523
8,83,20.100000981909897
8,84,23.61443494582982
8,85,26.871958557161705
8,86,20.243396682939245
8,87,16.703109437129378
8,88,13.797085599434283
8,89,11.152730021151244
8,90,8.736173420008372
8,91,5.311952226101123
8,92,4.069601504807215
8,93,5.644937035673843
8,94,7.979008922930973
8,95,11.232417137942443
8,96,13.57958705683715
8,97,17.327904993865882
9,1,20.31741924900844
9,2,17.49602489559814
9,3,14.4159866736794
9,4,11.414168938169285
9,5,8.845990223446012
9,6,6.281130117862061
9,7,7.003105904786701
9,8,3.8091553122517867
9,10,3.811653424424508
9,11,6.6600748010629385
9,12,10.3823286507725
9,13,12.762115128000767
9,14,14.348669295116515
9,15,11.743737767603722
9,16,10.78330724788999
9,17,7.581380972192927
9,18,8.300202517887461
9,19,8.137144102439619
9,20,11.28353187719691
9,21,13.68259486442591
9,22,24.124831440347574
9,23,20.31466082461306
9,24,18.817401482587663
9,25,15.45144856452931
9,26,15.58449394417469
9,27,14.085492781979445
9,28,15.667497202736588
9,29,17.998927508391713
9,30,20.598582816242445
9,31,23.507962070998573
9,32,22.243034915756564
9,33,21.80895197708971
9,34,19.786572519497962
9,35,19.782255652513477
9,36,19.208815533117523
9,37,17.478744904383685
9,38,18.464288064319113
9,39,20.1456293623903
9,40,21.517113461491352
9,41,24.179673711059788
9,42,23.859223146876037
9,43,25.564268870211592
9,44,28.183551412558366
9,45,29.91205838879824
9,46,26.9184960891498
9,47,27.915041041986868
9,48,25.851123805996238
9,49,23.022870176449917
9,50,20.310678304147338
9,51,20.539097990824267
9,52,17.14965705507383
9,53,15.606218149095263
9,54,16.54312467648808
9,55,16.7251821598405
9,56,18.320472431916638
9,57,19.7926635911274
9,58,19.69512570436825
9,59,23.177403575347142
9,60,23.150959714385234
9,61,21.91737900089195
9,62,20.980666491388792
9,63,17.76605370799326
9,64,16.062537668961262
9,65,13.558183936871906
9,66,11.971577170668946
9,67,11.697954700024281
9,68,11.727473169180465
9,69,13.896018698649712
9,70,14.514036343105765
9,71,12.107251876128972
9,72,13.865945879401627
9,73,13.389477023578179
9,74,14.383734827489453
9,75,11.897244252152058
9,76,9.576806047347153
9,77,10.267664011385612
9,78,10.860864364007725
9,79,10.638079395968628
9,80,12.616372462141006
9,81,14.838688827411087
9,82,18.49136107686873
9,83,21.408261900033406
9,84,24.872219701732362
9,85,28.083077932661993
9,86,22.44396120884917
9,87,18.984424346066795
9,88,16.157008533543767
9,89,14.087267876662057
9,90,11.56499792462939
9,91,7.8085106338965335
9,92,5.746353149851866
9,93,4.547152429617273
9,94,6.427951102645856
9,95,8.703661897550983
9,96,10.937666554757712
9,97,14.536367958084572
10,1,24.051072768298884
10,2,21.249696123778158
10,3,18.2229824910658
10,4,15.145231710094661
10,5,12.6251971528965
10,6,10.003920579414558
10,7,10.482085810519507
10,8,6.843814498431938
10,9,3.811653424424508
10,11,3.814445316487951
10,12,7.164121476245782
10,13,9.930220864217617
10,14,12.167178468870304
10,15,9.970548916164883
10,16,10.279336107575533
10,17,8.14534048708697
10,18,10.309806364403563
10,19,11.243124580682471
10,20,14.660526897602644
10,21,17.20195272575699
10,22,27.127065405131823
10,23,23.330636657360422
10,24,21.533688479301436
10,25,17.95773035978845
10,26,17.731778097166917
10,27,15.668114063110075
10,28,17.17406426578488
10,29,18.844357997887585
10,30,21.384656815915772
10,31,24.625253365830176
10,32,23.855851455758195
10,33,23.133800008307944
10,34,21.441116517771583
10,35,21.26124696608032
10,36,21.023888868370364
10,37,18.964159089391764
10,38,20.300807043302804
10,39,22.478818980125066
10,40,24.111078261023728
10,41,26.629585573711175
10,42,25.85947059956842
10,43,27.437880098099967
10,44,29.718531098727265
10,45,31.379397206366445
10,46,28.274618093424642
10,47,28.809991404716044
10,48,26.338444046768142
10,49,23.826746485958935
10,50,20.754900123987085
10,51,21.02065070961619
10,52,17.404162299136583
10,53,16.644283669221643
10,54,18.072260712937048
10,55,18.956925647879395
10,56,20.557306786809345
10,57,22.463966828441993
10,58,22.42289000252584
10,59,25.92201210398324
10,60,26.268800406316107
10,61,25.301507666824087
10,62,24.42805080516764
10,63,21.07183934209794
10,64,19.12191241156156
10,65,16.200978032530397
10,66,14.417711292014369
10,67,13.240217858952255
10,68,12.361508672423428
10,69,13.707626639759283
10,70,13.290494571002029
10,71,10.733030984245206
10,72,12.025617234987086
10,73,11.071225396731514
10,74,12.885464179150809
10,75,11.15827687785819
10,76,8.723424711086148
10,77,10.525220480606462
10,78,12.322938441016491
10,79,12.899546448328564
10,80,15.533063381812596
10,81,17.968753713539623
10,82,21.698242548287432
10,83,24.719115032131022
10,84,28.045503180724808
10,85,31.343656295761797
10,86,25.834343448605775
10,87,22.28842693905407
10,88,19.684089177941075
10,89,17.51845708733253
10,90,14.651435192935367
10,91,11.118173710906078
10,92,8.17082000167776
10,93,5.47712169383231
10,94,4.748988387716429
10,95,5.9730175914855606
10,96,7.361156079754499
10,97,10.982007190908684
11,1,26.28743420934924
11,2,23.213154567418748
11,3,20.444174154234908
11,4,17.13822498772186
11,5,14.725873304085454
11,6,12.428490080252349
11,7,13.662906413510225
11,8,10.252009382928547
11,9,6.6600748010629385
11,10,3.814445316487951
11,12,3.7941249671606125
11,13,6.726221409708781
11,14,8.60896073007731
11,15,6.3410129264147965
11,16,7.5095869743745975
11,17,6.745220612795486
11,18,9.925654451046075
11,19,12.070825517290734
11,20,15.640096998688922
11,21,18.48503810471379
11,22,27.754796381211968
11,23,24.05851626168044
11,24,22.267057857893125
11,25,18.70627354956525
11,26,18.77175395393279
11,27,16.835332701673405
11,28,18.8897288605201
11,29,20.36353134827513
11,30,23.240963729532087
11,31,26.666354574977863
11,32,25.881384050451743
11,33,24.648834001907993
11,34,22.768701554375866
11,35,21.97559743500703
11,36,21.48339317641049
11,37,18.86151423974923
11,38,20.003184979280373
11,39,22.47133998379216
11,40,24.066936856458632
11,41,26.34383726385415
11,42,25.20255196166764
11,43,26.913394322858977
11,44,28.7991038230622
11,45,30.6563481614744
11,46,27.70110031809662
11,47,28.03008713834069
11,48,25.255499877031916
11,49,22.811738377311656
11,50,19.41737031657373
11,51,19.258533737970748
11,52,15.481961624935888
11,53,15.493981837903052
11,54,16.96048501783879
11,55,18.459166679573187
11,56,19.80101638964217
11,57,22.1328332624
11,58,22.153880141808497
11,59,25.631877105406968
11,60,26.52549261576758
11,61,26.085853387161986
11,62,25.270028391346862
11,63,21.71532456257787
11,64,19.430547345220557
11,65,16.06058045145577
11,66,14.371392797596572
11,67,12.241548977087437
11,68,10.919600935243775
11,69,11.25919905866027
11,70,10.21604866087694
11,71,8.235625900051629
11,72,10.004198804021394
11,73,9.830988500612543
11,74,12.40197886622835
11,75,10.74244221865378
11,76,9.44441430973216
11,77,12.234704678166635
11,78,14.463550047183901
11,79,14.70311706165129
11,80,17.483002393740428
11,81,19.51366885968018
11,82,23.290059392169663
11,83,26.10329868505251
11,84,29.285442646633534
11,85,32.494188009955245
11,86,27.907513647319295
11,87,24.488148292352047
11,88,22.024283736670764
11,89,20.311376017047007
11,90,17.452055134767104
11,91,13.87677709720566
11,92,11.011176502414516
11,93,7.606427571783088
11,94,6.496157019600688
11,95,5.228232118753922
11,96,6.026327242783894
11,97,8.869680801799737
12,1,29.801970971135656
12,2,26.71772128595162
12,3,24.09049339216954
12,4,20.67998063295812
12,5,18.42739342921893
12,6,16.209309836390428
12,7,17.367079477791368
12,8,13.839247060584347
12,9,10.3823286507725
12,10,7.164121476245782
12,11,3.7941249671606125
12,13,3.790816263786162
12,14,6.3156328921718154
12,15,5.427921351266152
12,16,8.271276470749319
12,17,9.0763827701814
12,18,12.709711209590665
12,19,15.340061116765051
12,20,18.956735698819358
12,21,21.776588275534525
12,22,30.29523377284852
12,23,26.700467586786342
12,24,24.707967940302694
12,25,21.1155237617752
12,26,20.99115131980096
12,27,18.820118538152208
12,28,20.89681184642372
12,29,21.834102597720374
12,30,24.703014440627708
12,31,28.314586768703663
12,32,27.848738093159792
12,33,26.27286300184859
12,34,24.598580875940304
12,35,23.5211825947489
12,36,23.216443442392883
12,37,20.33226418234217
12,38,21.655037011355336
12,39,24.480355382898953
12,40,26.256167922287148
12,41,28.3122567148711
12,42,26.74368270493188
12,43,28.301953159751076
12,44,29.766986937227188
12,45,31.555022407971393
12,46,28.612924147996768
12,47,28.496399714501326
12,48,25.382351166669267
12,49,23.31775738180365
12,50,19.697400129399945
12,51,19.490854680105407
12,52,15.743069142863854
12,53,16.625009683312157
12,54,18.438436010985143
12,55,20.533297741957707
12,56,21.84806522320035
12,57,24.537464560693596
12,58,24.716514240332096
12,59,28.155403318797152
12,60,29.394184222050388
12,61,29.26418523462397
12,62,28.415811733570653
12,63,24.821344526295462
12,64,22.30620397602798
12,65,18.726680883408246
12,66,16.923892099335227
12,67,14.224710800002178
12,68,12.204456093121046
12,69,11.491269146356293
12,70,9.21765444967583
12,71,7.661850342149162
12,72,8.767530902943186
12,73,8.62779089087739
12,74,11.995209485072188
12,75,11.222046536336116
12,76,10.594028808807977
12,77,14.002173930178957
12,78,16.81556716716716
12,79,17.369223682531597
12,80,20.4438923582031
12,81,22.47818448010954
12,82,26.24274186032516
12,83,29.05665509068824
12,84,32.051334890180186
12,85,35.28284552888525
12,86,31.060726858438922
12,87,27.641430457264576
12,88,25.403177073507056
12,89,23.766908694449427
12,90,20.727107910657683
12,91,17.316017154786643
12,92,14.19428482733771
12,93,10.508892975511566
12,94,8.455059250345585
12,95,5.495510688502867
12,96,4.462235679683183
12,97,5.800801676470959
13,1,30.95406959079801
13,2,27.920845028263546
13,3,25.674249573715844
13,4,22.041606844253174
13,5,20.322022575791273
13,6,18.46515783166479
13,7,19.558669653971755
13,8,16.078615691591523
13,9,12.762115128000767
13,10,9.930220864217617
13,11,6.726221409708781
13,12,3.790816263786162
13,14,3.786252753056647
13,15,5.384790651748792
13,16,8.277117319357563
13,17,9.866347709945991
13,18,13.645313865527786
13,19,16.54000300654944
13,20,20.2364649558397
13,21,22.745625510093483
13,22,29.955706309419625
13,23,26.529089259043424
13,24,24.252699557604256
13,25,20.696279322199683
13,26,20.386538924182844
13,27,18.152869124048475
13,28,20.413006789230153
13,29,20.95357322996675
13,30,23.981544825352444
13,31,27.675780465415535
13,32,27.308140152700823
13,33,25.276515093069825
13,34,23.657972197070464
13,35,22.178268655091546
13,36,21.984036286560634
13,37,18.902068679938044
13,38,20.432003108889838
13,39,23.606564147316526
13,40,25.67853271231419
13,41,27.49563519141221
13,42,25.474921182483357
13,43,26.73066629063623
13,44,27.820785685679457
13,45,29.43750395694832
13,46,26.501482257871135
13,47,26.00041983059129
13,48,22.66953767072675
13,49,20.957322064167926
13,50,17.25327087978197
13,51,17.186262721877632
13,52,13.636649104364473
13,53,15.167048445329439
13,54,17.458255771420102
13,55,20.103035918731628
13,56,21.673456432994346
13,57,24.758060880025862
13,58,25.433199723351613
13,59,28.948986798605482
13,60,30.39434665652134
13,61,30.58281804868114
13,62,29.393443337320562
13,63,25.904344462695413
13,64,22.98539814563173
13,65,19.289914483676903
13,66,17.090775697946896
13,67,14.066790353856849
13,68,11.268518817089012
13,69,9.96114559570779
13,70,6.892025878264649
13,71,5.411597574529302
13,72,5.793181559290488
13,73,6.5242278178940785
13,74,10.008250336560234
13,75,9.661255654839769
13,76,10.21550956909726
13,77,13.953083858582755
13,78,17.015080874390506
13,79,17.568603854008767
13,80,20.84799884505141
13,81,22.761026094552175
13,82,26.43187437227615
13,83,29.217962154945976
13,84,31.89891828872311
13,85,35.15574719570253
13,86,31.515729682314085
13,87,28.1747305615398
13,88,26.352141278148228
13,89,25.02895298972304
13,90,21.827488240952263
13,91,18.722478697668645
13,92,15.531943893710615
13,93,11.685906391174363
13,94,9.663638855178291
13,95,5.970387149624512
13,96,5.6322422670515015
13,97,5.2214956605703
14,1,31.194591353209507
14,2,27.96053327204936
14,3,26.00691044517981
14,4,22.35290795936556
14,5,20.799122933676337
14,6,19.327505501512224
14,7,21.000571458482536
14,8,17.874840415351077
14,9,14.348669295116515
14,10,12.167178468870304
14,11,8.60896073007731
14,12,6.3156328921718154
14,13,3.786252753056647
14,15,3.8172580618426983
14,16,6.541404827784439
14,17,9.382389498354128
14,18,12.969505979738406
14,19,16.36352233614726
14,20,19.81601765739303
14,21,22.41588142611477
14,22,28.909826957438845
14,23,25.687933037357933
14,24,23.671229468047382
14,25,20.394910496013036
14,26,20.638926367088242
14,27,18.970879424192166
14,28,21.744554730305996
14,29,22.550850543342918
14,30,25.887469589918485
14,31,29.48807349035453
14,32,28.76623056557443
14,33,26.474261368385555
14,34,24.45815867613559
14,35,22.47070494810681
14,36,21.740242106170754
14,37,18.296561740749002
14,38,19.26626947659478
14,39,22.38082855730179
14,40,24.181001277598753
14,41,25.729334788981074
14,42,23.561699624273302
14,43,25.057589588796848
14,44,25.84158233222684
14,45,27.765779352886646
14,46,25.164664393286447
14,47,24.76974740676059
14,48,21.409892972108015
14,49,19.548658249487094
14,50,15.756113203772497
14,51,14.966298225023568
14,52,11.47018751701223
14,53,13.608822099801165
14,54,15.52522366363357
14,55,18.47220013842702
14,56,19.655255464675044
14,57,22.927165976859015
14,58,23.657982805317342
14,59,27.0293296387514
14,60,28.862046232307016
14,61,29.496086503248407
14,62,28.3626852704236
14,63,24.858611931926752
14,64,21.802942096068236
14,65,18.006988645999613
14,66,16.138563301738483
14,67,12.649744742040886
14,68,9.982599875658705
14,69,7.555242059196329
14,70,4.029793844713829
14,71,4.952261379502012
14,72,6.801756746612596
14,73,9.154688104561181
14,74,12.04602213939237
14,75,11.033907585773875
14,76,12.496112716500447
14,77,16.096349915670295
14,78,18.750801360241933
14,79,18.601666755363375
14,80,21.55990160114009
14,81,22.891418415793545
14,82,26.44427990663206
14,83,28.867608370625288
14,84,31.411504239817504
14,85,34.446774925904606
14,86,31.793708709686
14,87,28.70166510746509
14,88,26.930857005609944
14,89,26.090750973748392
14,90,23.145960089499592
14,91,20.002099535674407
14,92,17.26876716886063
14,93,13.535345524109738
14,94,12.398154293687275
14,95,9.036857050260053
14,96,9.329853405319895
14,97,8.729736565004993
15,1,28.779661770291415
15,2,25.395642681329466
15,3,23.2360399302195
15,4,19.742268215169947
15,5,17.822315414707
15,6,16.292304422828945
15,7,18.362783624070453
15,8,15.464359984769027
15,9,11.743737767603722
15,10,9.970548916164883
15,11,6.3410129264147965
15,12,5.427921351266152
15,13,5.384790651748792
15,14,3.8172580618426983
15,16,3.789086386361175
15,17,6.6023839046397725
15,18,10.118598416881328
15,19,13.590824222716332
15,20,16.914859275022323
15,21,19.865575094211643
15,22,27.466371453939555
15,23,24.114490370964734
15,24,22.491396708734772
15,25,19.26232898652921
15,26,19.951075062753077
15,27,18.601521724726126
15,28,21.462834897528108
15,29,22.850037584667252
15,30,26.219390502528803
15,31,29.6958526381349
15,32,28.65725889643882
15,33,26.717618448931308
15,34,24.42539762621294
15,35,22.66006986347688
15,36,21.574916536669235
15,37,18.219552412623784
15,38,18.755846863512833
15,39,21.44878718938562
15,40,22.83772850500435
15,41,24.59907119913489
15,42,22.928700986482788
15,43,24.859709641680116
15,44,26.05899093211127
15,45,28.274822459223973
15,46,25.752223366311505
15,47,25.909883062282802
15,48,22.858474804587342
15,49,20.463522833466904
15,50,16.7847965511924
15,51,15.686215632597762
15,52,11.936982044319755
15,53,13.259546247252782
15,54,14.4816377960299
15,55,16.87284652890033
15,56,17.695062012292208
15,57,20.630442385921338
15,58,20.906590890641603
15,59,24.22982206421955
15,60,25.96103731225886
15,61,26.434481210176646
15,62,25.601842951518098
15,63,21.967071391190103
15,64,19.205571902301983
15,65,15.429584922332877
15,66,14.052776464693599
15,67,10.679177889199071
15,68,8.964305321539213
15,69,7.146791233500471
15,70,5.28137764707482
15,71,5.920335506998888
15,72,8.917560810153317
15,73,10.857625365943935
15,74,13.584785491787818
15,75,11.759109384552126
15,76,12.516368024686292
15,77,15.790703266568055
15,78,17.985419980878568
15,79,17.437524418109174
15,80,20.04310773581163
15,81,21.220579430523703
15,82,24.837223514280247
15,83,27.148550022732202
15,84,29.977852559010163
15,85,32.91513438501301
15,86,30.0608129461355
15,87,26.998225875329133
15,88,24.848820352595986
15,89,23.97609850096602
15,90,21.315238850533206
15,91,17.878289981505077
15,92,15.49287215298004
15,93,11.974301019522274
15,94,11.47355838506267
15,95,8.843571427260096
15,96,9.484102010017578
15,97,10.13804789613158
16,1,25.621120770120903
16,2,22.16545597592672
16,3,20.287565642851984
16,4,16.786428793988883
16,5,15.2127427133199
16,6,14.208932369922033
16,7,16.620321622122283
16,8,14.27763916292376
16,9,10.78330724788999
16,10,10.279336107575533
16,11,7.5095869743745975
16,12,8.271276470749319
16,13,8.277117319357563
16,14,6.541404827784439
16,15,3.789086386361175
16,17,3.794856764660375
16,18,6.786592398765323
16,19,10.469077776287627
16,20,13.610956013744774
16,21,16.472683474248882
16,22,23.83470064210416
16,23,20.528116331147597
16,24,19.13808741665271
16,25,16.11392408438654
16,26,17.296052506818498
16,27,16.533091406615526
16,28,19.718172600373894
16,29,21.58405714675036
16,30,25.14124616511776
16,31,28.395223733807406
16,32,26.917728606187477
16,33,25.011394755548466
16,34,22.3378191585847
16,35,20.4379413676886
16,36,18.884132782695314
16,37,15.520039953381271
16,38,15.576946800930141
16,39,17.996413145326144
16,40,19.171638646460305
16,41,20.974739327414074
16,42,19.520980284200483
16,43,21.672267097226843
16,44,23.106693205539223
16,45,25.503499100706215
16,46,23.114298900904917
16,47,23.722486175638586
16,48,21.002276884372222
16,49,18.183312319414885
16,50,14.723016040020942
16,51,13.368652927819362
16,52,9.631113825581403
16,53,10.276883979115015
16,54,10.995493331103805
16,55,13.157651704541058
16,56,13.951143829835338
16,57,16.879916205420304
16,58,17.317128666025877
16,59,20.744623523818753
16,60,22.4163885468583
16,61,22.976869079677435
16,62,21.987699602624197
16,63,18.409223646853572
16,64,15.51356650113276
16,65,11.715981646002456
16,66,10.42613410579137
16,67,6.971619873042328
16,68,5.93034372023955
16,69,4.766603270388072
16,70,5.315661375239158
16,71,6.0657973316729015
16,72,9.796569554369569
16,73,12.178510784341421
16,74,14.030658750057755
16,75,11.305038025833188
16,76,12.335101870226577
16,77,15.045639076274993
16,78,16.5392766584542
16,79,15.256469735394987
16,80,17.408908791133175
16,81,18.115415127540412
16,82,21.621544557420666
16,83,23.704646855275623
16,84,26.519189469666745
16,85,29.338905180618664
16,86,26.925009438289063
16,87,24.059245175266735
16,88,21.946586274704377
16,89,21.48768653208175
16,90,19.129265409208873
16,91,15.79567682914294
16,92,14.036781250437256
16,93,10.997174294392362
16,94,11.726607421175009
16,95,10.028510418502986
16,96,11.825831177208464
16,97,13.168530761300763
17,1,22.181943780709684
17,2,18.80429326431773
17,3,16.74425263264111
17,4,13.196570387810805
17,5,11.60122551926042
17,6,10.604264542447366
17,7,12.917797451900702
17,8,10.790817183681709
17,9,7.581380972192927
17,10,8.14534048708697
17,11,6.745220612795486
17,12,9.0763827701814
17,13,9.866347709945991
17,14,9.382389498354128
17,15,6.6023839046397725
17,16,3.794856764660375
17,18,3.7884157547262793
17,19,7.037338919902459
17,20,10.518183207733566
17,21,13.320807597791333
17,22,21.709790944655563
17,23,18.164572409076282
17,24,16.762525314596164
17,25,13.577803940981044
17,26,14.720325622386195
17,27,14.006051235910151
17,28,17.028903933286877
17,29,19.290737203245957
17,30,22.743962428962618
17,31,25.835616274994003
17,32,24.190278091206064
17,33,22.6619447868846
17,34,19.9413110814236
17,35,18.493478485240974
17,36,16.991110267599716
17,37,14.068065188278942
17,38,14.265417963368208
17,39,16.393219410342432
17,40,17.623255084726335
17,41,19.81076211691136
17,42,18.823943774545302
17,43,20.915148242893515
17,44,22.916876655453542
17,45,25.151308472200657
17,46,22.55978306543805
17,47,23.505427449192016
17,48,21.139787257989365
17,49,18.09743109603824
17,50,14.975607591809643
17,51,14.196663486325523
17,52,10.593959998461035
17,53,9.85639039563188
17,54,10.516806292881494
17,55,11.825980085498601
17,56,13.074015624382564
17,57,15.573839109975486
17,58,15.996377940241324
17,59,19.626697965258224
17,60,20.70016623974231
17,61,20.731768531053287
17,62,19.58295053756785
17,63,16.052450459968384
17,64,13.289885999800633
17,65,9.67636899484674
17,66,8.026827350443423
17,67,5.5630082268998375
17,68,5.370351936524591
17,69,6.696605614010995
17,70,8.141313151033279
17,71,7.240984998343636
17,72,10.575751911585648
17,73,12.251834802338108
17,74,13.505460668637054
17,75,10.296403170852727
17,76,10.559741585096228
17,77,12.589837549402922
17,78,13.546478116413146
17,79,12.055152992908155
17,80,14.032147825178077
17,81,14.9384242310288
17,82,18.55973372503623
17,83,20.853381800058845
17,84,23.90193627437233
17,85,26.854943161033486
17,86,23.661372893717456
17,87,20.671170515619348
17,88,18.383895676240588
17,89,17.7581371340874
17,90,15.452280736727342
17,91,12.049622531847376
17,92,10.549189929086879
17,93,7.96945220049232
17,94,9.65592756706591
17,95,9.220652288578265
17,96,11.772385370210477
17,97,14.075675075461305
18,1,18.970158274226918
18,2,15.438676278400226
18,3,13.589544501006474
18,4,10.19175839027681
18,5,8.896060068115158
18,6,8.769778582227033
18,7,11.613115281463436
18,8,10.619940423069545
18,9,8.300202517887461
18,10,10.309806364403563
18,11,9.925654451046075
18,12,12.709711209590665
18,13,13.645313865527786
18,14,12.969505979738406
18,15,10.118598416881328
18,16,6.786592398765323
18,17,3.7884157547262793
18,19,3.793372358818088
18,20,6.861621532014725
18,21,9.808256604554206
18,22,18.748626139328465
18,23,15.210258491700872
18,24,14.384600578649831
18,25,11.638432833798475
18,26,13.55025063137817
18,27,13.72478105690794
18,28,16.83502276690868
18,29,19.67276248081408
18,30,23.112489265869794
18,31,25.827045609174917
18,32,23.700208513477502
18,33,22.442228854717296
18,34,19.370706076693853
18,35,18.02134880487031
18,36,15.98876551336322
18,37,13.420942486899689
18,38,12.874755754600715
18,39,14.224838115826307
