1,2,3.843940688732568
1,3,6.3217631046490315
1,4,9.4965378368951
1,5,12.817099794854586
1,6,16.107485366808035
1,7,18.7372831744222
1,8,21.870311232564283
1,9,20.777091000010458
1,10,23.802930897089702
1,11,22.487708289268312
1,12,24.108119236728307
1,13,22.454698414884227
1,14,21.041582598551095
1,15,18.474066899118718
1,16,15.529046417326269
1,17,12.014045811154473
1,18,9.80598267530045
1,19,11.113589488643417
1,20,10.504507931067291
1,21,12.108055013709338
1,22,13.984542478443514
1,23,15.842164504789363
1,24,18.940187081389354
1,25,19.05612081491294
1,26,21.91109241170661
1,27,23.974971759615492
1,28,23.651998775651215
1,29,22.995146357750748
1,30,20.05955135752067
1,31,20.070832482774414
1,32,17.338980944314084
1,33,17.76072859878319
1,34,15.932215933487889
1,35,17.234513946064123
1,36,17.06803844664238
1,37,18.523062322204805
1,38,17.79667593822638
1,39,18.51301393770017
1,40,21.47191919964958
1,41,22.388191109311787
1,42,23.299942678075222
1,43,22.43378974195102
1,44,22.80258820183823
1,45,21.724411636464055
1,46,19.482367978030094
1,47,16.66487076118738
1,48,17.57801127555544
1,49,16.673819448980893
1,50,18.839376150170285
1,51,20.154951375025547
1,52,21.046170206298324
1,53,18.19381260581339
1,54,14.977013364793184
1,55,14.386971360118235
1,56,13.019733754812671
1,57,15.803586026622503
1,58,16.63350910041606
1,59,20.375440039234743
1,60,21.484329663009426
1,61,20.97918812277072
1,62,19.05705357709395
1,63,21.118881709809553
1,64,19.597497475212755
1,65,23.023478718848008
1,66,22.874618246314594
1,67,19.31246782592584
1,68,16.733287335915463
1,69,13.71016648413304
1,70,13.039904210890553
1,71,11.85996554609195
1,72,12.373765221893132
1,73,12.785566349059861
1,74,12.711765698197231
1,75,15.837679673529545
1,76,16.94996612043523
1,77,20.71360304346044
1,78,23.242983472001534
1,79,26.07058310256437
1,80,28.318171663765597
1,81,25.763313409154115
1,82,24.92633670673746
1,83,21.472923359822083
1,84,19.77456702001401
1,85,16.94310121003293
1,86,16.280351188026202
1,87,14.464749733362195
1,88,10.694580419497909
1,89,8.94140024283667
1,90,7.560282748450037
1,91,7.3186898013344965
1,92,9.075142023709898
1,93,10.691874812811518
1,94,14.023137523007064
1,95,15.33382172357055
1,96,19.00430289517378
2,1,3.843940688732568
2,3,3.8140498122781876
2,4,6.416809773966299
2,5,9.837488827615406
2,6,12.997196842967423
2,7,15.344781990471029
2,8,18.652055667575365
2,9,18.006442401945066
2,10,21.307814244735177
2,11,20.360709462921406
2,12,22.241691786392035
2,13,20.577016431932275
2,14,19.47064939933599
2,15,17.11720475855503
2,16,14.778925460113935
2,17,11.052608510516182
2,18,10.043642458263976
2,19,12.355899612448198
2,20,12.254730841991552
2,21,14.688671096188614
2,22,16.919922250623177
2,23,19.202803682597626
2,24,22.059434756828544
2,25,21.893519883087663
2,26,24.91739343755438
2,27,26.989048410772448
2,28,26.294294501852725
2,29,25.255915506883333
2,30,22.104145966171185
2,31,21.49772939648522
2,32,18.33894352613177
2,33,18.060208626279984
2,34,15.610769955159041
2,35,16.3939413771848
2,36,15.544704515752537
2,37,16.278602549705678
2,38,15.392871009207525
2,39,16.782139791248085
2,40,19.963949177848168
2,41,20.4320852836198
2,42,20.80910434947924
2,43,19.722863598376712
2,44,20.563231921324366
2,45,19.71441665430657
2,46,17.073753838058572
2,47,14.77829890409982
2,48,16.459858806011997
2,49,16.382666987250392
2,50,19.036680242640074
2,51,20.781712350736644
2,52,22.183903846628656
2,53,19.44919797574183
2,54,16.109895568142626
2,55,14.874250727011237
2,56,12.65762586733576
2,57,14.693958659589903
2,58,14.669388124582175
2,59,18.28894218398227
2,60,18.852531221085542
2,61,17.996183481128977
2,62,15.71535884879764
2,63,17.491038093201343
2,64,15.797279074495297
2,65,19.196368523017938
2,66,19.165608834601684
2,67,15.652713408624626
2,68,12.93691244923495
2,69,10.08547573667844
2,70,9.973850341525852
2,71,9.658432796518891
2,72,11.017599135765549
2,73,12.557090057518002
2,74,13.284811835521193
2,75,16.85771214374252
2,76,18.624574879394075
2,77,22.4014361692908
2,78,25.228100541257568
2,79,27.835160580609948
2,80,29.995139059929766
2,81,27.196167678527722
2,82,26.701279368106174
2,83,23.276354548343367
2,84,22.109622247348007
2,85,19.226418307864993
2,86,18.058639920728538
2,87,15.59976226595127
2,88,12.080855154554303
2,89,9.365894938103581
2,90,6.953851925767427
2,91,4.90509721040364
2,92,5.765212149024688
2,93,6.867633338838608
2,94,10.297912503118914
2,95,11.823607554353087
2,96,15.535147827012846
3,1,6.3217631046490315
3,2,3.8140498122781876
3,4,3.8174790456702623
3,5,6.5899675110110465
3,6,10.10217917358194
3,7,12.593882815710792
3,8,15.58444989286647
3,9,14.528599861719556
3,10,17.67282881192939
3,11,16.59663849926171
3,12,18.467164110646603
3,13,16.949689944975585
3,14,15.982420321879742
3,15,13.463693080420763
3,16,11.339324186723516
3,17,7.564373784243262
3,18,7.450253804157915
3,19,10.563349897995908
3,20,11.472854441081777
3,21,14.405658910339941
3,22,17.289489041664645
3,23,19.910053706125822
3,24,22.58318258926291
3,25,21.76772721466482
3,26,24.721372454528314
3,27,27.078406323960547
3,28,26.16526355806937
3,29,24.618592833533732
3,30,21.575247294992685
3,31,20.624911193673494
3,32,17.430559023339534
3,33,17.148174174037155
3,34,14.853951278598073
3,35,16.04245886816869
3,36,15.450575531958767
3,37,15.849354168087121
3,38,14.107667535192556
3,39,15.404053254996134
3,40,18.954555495817427
3,41,19.726858351551208
3,42,19.823860853458655
3,43,18.323293556474678
3,44,18.934901318403224
3,45,17.562724124894455
3,46,14.668434795750429
3,47,12.395272035482716
3,48,14.16533849788541
3,49,14.250302175436593
3,50,16.77473744359198
3,51,19.078400590651068
3,52,20.48285052473024
3,53,17.611469445811863
3,54,14.553870378344621
3,55,12.546847328383976
3,56,10.171203428303556
3,57,11.6295821913584
3,58,11.40108382770948
3,59,15.095924462398042
3,60,15.654488664731906
3,61,14.78079390581092
3,62,12.979595763533608
3,63,15.268143711015
3,64,14.239955894331358
3,65,17.912188139543026
3,66,17.845204505860654
3,67,14.653382659176016
3,68,12.275690503592745
3,69,9.908841083423168
3,70,9.736206963514853
3,71,10.427900148678328
3,72,11.238944261708916
3,73,13.114115750000966
3,74,13.396642291440237
3,75,17.03441805273495
3,76,18.71174726729307
3,77,22.388575783812986
3,78,25.07776736248049
3,79,27.263565347885603
3,80,29.681514087991445
3,81,27.02692485512811
3,82,27.04687917983923
3,83,23.90377011904527
3,84,22.956146320359988
3,85,20.526143978231797
3,86,19.69950537575646
3,87,16.922151801604876
3,88,13.523560513638792
3,89,11.183874751335201
3,90,7.837302600956802
3,91,6.163015259454052
3,92,4.758136033664189
3,93,6.093310578694524
3,94,8.53166223331276
3,95,10.125263380412443
3,96,13.821799955355887
4,1,9.4965378368951
4,2,6.416809773966299
4,3,3.8174790456702623
4,5,3.770651869198274
4,6,6.64162424589446
4,7,9.428074619520832
4,8,12.68317340863167
4,9,11.958716423730708
4,10,15.39754892547122
4,11,15.082651731211865
4,12,17.365929114571014
4,13,16.370096228067986
4,14,16.0503766268941
4,15,13.515887744549238
4,16,12.277785128961312
4,17,8.742466746046633
4,18,9.94495892309775
4,19,13.509492039836626
4,20,14.966742177960642
4,21,17.94537552425552
4,22,20.982617311810998
4,23,23.54974296838124
4,24,26.272126406118414
4,25,25.293920954223374
4,26,28.128366087087667
4,27,30.639188191599395
4,28,29.721691799467493
4,29,27.99398097021727
4,30,25.022704643027915
4,31,23.87583557905538
4,32,20.6299607950014
4,33,20.092332354174502
4,34,17.608451094690533
4,35,18.472859919023517
4,36,17.394910749043103
4,37,16.987973304347868
4,38,14.956376075321849
4,39,16.88767105878546
4,40,20.580263762405536
4,41,20.9452327497601
4,42,20.34388030704564
4,43,18.47356281493129
4,44,19.59474000223114
4,45,18.303224543627064
4,46,14.912698023043424
4,47,13.465606812155013
4,48,15.858010619584514
4,49,16.55021129061316
4,50,19.076863850414675
4,51,21.785904230157985
4,52,23.27214666996333
4,53,20.36391457082429
4,54,17.578535491812183
4,55,15.043089615770775
4,56,12.510162192999525
4,57,12.92832045668567
4,58,11.678986676568968
4,59,15.035910055425088
4,60,14.697762977060396
4,61,12.947898935200172
4,62,10.952344826942443
4,63,12.793280597906186
4,64,11.584097507089083
4,65,15.344090217956841
4,66,15.927324023468541
4,67,13.184211425602534
4,68,10.472405667551358
4,69,9.245447980157316
4,70,10.359429197203399
4,71,12.196510498998249
4,72,13.663368570213066
4,73,16.144139997266777
4,74,16.769878193144162
4,75,20.46961435787262
4,76,22.296756789979757
4,77,25.914299797490628
4,78,28.60877313136556
4,79,30.609797448081537
4,80,33.06870467628678
4,81,30.401171701419447
4,82,30.61281469261761
4,83,27.529744361803537
4,84,26.71544136066724
4,85,24.29064933851977
4,86,23.321664264244582
4,87,20.403174955939015
4,88,17.133565067917353
4,89,14.49489215011881
4,90,11.08319496514627
4,91,8.56174663755565
4,92,5.838950472800959
4,93,4.749275098926142
4,94,5.746524200513415
4,95,6.477892691524092
4,96,10.095607194302994
5,1,12.817099794854586
5,2,9.837488827615406
5,3,6.5899675110110465
5,4,3.770651869198274
5,6,3.7713047115839657
5,7,6.325494695458762
5,8,9.15131888464671
5,9,8.237039715333202
5,10,11.717363870470969
5,11,11.56444689042159
5,12,13.989060231958819
5,13,13.18854773735696
5,14,13.312284770611152
5,15,11.008329596914052
5,16,10.759316418975107
5,17,7.969157253811179
5,18,10.501068268614365
5,19,14.246807244703307
5,20,16.21436374352386
5,21,19.47991438170778
5,22,22.78771081356805
5,23,25.62005017318671
5,24,28.062500449539982
5,25,26.656575949673652
5,26,29.46320220773886
5,27,32.05314360472203
5,28,30.856531283704477
5,29,28.721226661128156
5,30,25.82329278192818
5,31,24.268177220354794
5,32,21.014635763578728
5,33,20.23873847910759
5,34,17.82855570383833
5,35,18.714668907506805
5,36,17.68113811565192
5,37,16.77634175829395
5,38,14.114969893672592
5,39,16.089994702161857
5,40,19.89401256080464
5,41,20.310827244966017
5,42,19.281731656171708
5,43,17.03673796780691
5,44,18.09319122944599
5,45,16.50963091410652
5,46,12.89651511048142
5,47,12.042694564049203
5,48,14.683119896617438
5,49,15.880743905081257
5,50,18.30873817727942
5,51,21.417016679418868
5,52,23.05604904125815
5,53,20.312899077673272
5,54,17.872433773763476
5,55,14.82971192000754
5,56,12.145219542082485
5,57,11.429685764916032
5,58,9.389355902526997
5,59,12.311048155655085
5,60,11.496737194021911
5,61,9.424187541510854
5,62,7.936254656838458
5,63,10.211996250316306
5,64,9.975124079604448
5,65,13.776768410646126
5,66,14.282644285805944
5,67,12.177880867172288
5,68,10.209992613267529
5,69,9.870439878575823
5,70,10.93421823998847
5,71,13.515698953496376
5,72,14.645481749572978
5,73,17.38991882310803
5,74,17.923726294416678
5,75,21.536366802791154
5,76,23.430635602131684
5,77,26.844495071605124
5,78,29.480891080283634
5,79,31.07606146065873
5,80,33.59789827767743
5,81,30.996555597287845
5,82,31.65872703317843
5,83,28.841613929935317
5,84,28.362169671819437
5,85,26.246781687865898
5,86,25.359502221538715
5,87,22.185856157872916
5,88,19.20320669295134
5,89,16.731574294223922
5,90,13.041826104611083
5,91,10.83719860412586
5,92,7.335540554780966
5,93,6.3563807759054365
5,94,5.076359131962344
5,95,5.910989619095072
5,96,8.875008069287729
6,1,16.107485366808035
6,2,12.997196842967423
6,3,10.10217917358194
6,4,6.64162424589446
6,5,3.7713047115839657
6,7,3.7773630752422713
6,8,6.665206776270202
6,9,6.401778760255703
6,10,10.07823253169399
6,11,11.15006148970012
6,12,13.909637592398832
6,13,13.875162243039012
6,14,14.73893564566566
6,15,12.682280917715241
6,16,13.287311902246929
6,17,11.09536168691966
6,18,13.934422079637574
6,19,17.704561049029646
6,20,19.89142264615239
6,21,23.104346896510584
6,22,26.471743112850678
6,23,29.234139903899653
6,24,31.72974215770076
6,25,30.23556790614016
6,26,32.932338705512
6,27,35.629495022855444
6,28,34.458165837338306
6,29,32.22294255803174
6,30,29.40903483063024
6,31,27.769609278024106
6,32,24.54266265849128
6,33,23.646932628284805
6,34,21.18539994322498
6,35,21.842580358491006
6,36,20.519448959364087
6,37,19.078153735778628
6,38,16.360750732433324
6,39,18.685190851282908
6,40,22.41535355946416
6,41,22.497530387360698
6,42,20.909975785720942
6,43,18.43504865046672
6,44,19.879961803147964
6,45,18.440220252029718
6,46,14.671264670204135
6,47,14.628364117907065
6,48,17.500136428798786
6,49,19.026767662254976
6,50,21.329026301722894
6,51,24.62406119550111
6,52,26.256950479234938
6,53,23.529789172026486
6,54,21.331204545754204
6,55,18.089798510247107
6,56,15.507227000273147
6,57,14.20957380404806
6,58,11.615849188355226
6,59,13.759928134510465
6,60,11.988337218176099
6,61,8.923958260886241
6,62,7.610725327256102
6,63,8.93168019055757
6,64,8.802316379061892
6,65,12.328646517067305
6,66,13.644413854020556
6,67,12.42454075496384
6,68,10.52136130744244
6,69,11.480167472029983
6,70,13.346616439330734
6,71,16.39903401453336
6,72,17.87540404660301
6,73,20.858599191742147
6,74,21.573378944270463
6,75,25.183103107715954
6,76,27.1340949865034
6,77,30.497174774282563
6,78,33.11057783192835
6,79,34.57305311986002
6,80,37.117572548420895
6,81,34.53349922290888
6,82,35.314612032813585
6,83,32.54261643797865
6,84,32.12369757188306
6,85,30.001959471552233
6,86,29.03480301367708
6,87,25.810767083370937
6,88,22.88065652387817
6,89,20.255092589737465
6,90,16.615148982507595
6,91,14.088591698218432
6,92,10.5034037112827
6,93,8.482586788137649
6,94,5.629001986998611
6,95,4.50933623426568
6,96,5.996460869810435
7,1,18.7372831744222
7,2,15.344781990471029
7,3,12.593882815710792
7,4,9.428074619520832
7,5,6.325494695458762
7,6,3.7773630752422713
7,8,3.7956490274907466
7,9,5.623345614698084
7,10,9.29050756403104
7,11,10.850498895344073
7,12,13.570068902008195
7,13,13.30947769836379
7,14,14.517414986053474
7,15,13.399700386239301
7,16,14.787635781861797
7,17,13.134336709896354
7,18,16.298875312595115
7,19,19.95296575863695
7,20,21.938421985564656
7,21,25.404428396437513
7,22,28.71387297032559
7,23,31.721573526496183
7,24,33.9674159856156
7,25,32.42826362175446
7,26,35.29138124336256
7,27,37.813325284644336
7,28,36.328776205194806
7,29,33.92820053863044
7,30,30.980810382119056
7,31,28.946499941855688
7,32,25.582822960256863
7,33,24.185576133905833
7,34,21.506548211792303
7,35,21.694135320739242
7,36,20.036545978909594
7,37,17.9826440237421
7,38,15.221168030471736
7,39,17.88347742682256
7,40,21.39802838775601
7,41,21.083112971182267
7,42,18.96685015549626
7,43,16.337216621996564
7,44,18.13376050221664
7,45,17.046145139326793
7,46,13.26299820235511
7,47,14.19053907781953
7,48,17.445227687769666
7,49,19.63945653492867
7,50,22.166638254780874
7,51,25.448593755044993
7,52,27.47597103429505
7,53,25.13972230156573
7,54,22.915279952525403
7,55,19.700024381930444
7,56,16.769564377416817
7,57,14.85829996247461
7,58,11.579467867370314
7,59,12.79968275965485
7,60,10.164586347824335
7,61,6.614360899912347
7,62,4.940134138218504
7,63,5.462748915704912
7,64,6.255497415601512
7,65,9.378414394005397
7,66,10.612361572106176
7,67,10.226952785608056
7,68,9.262205004679483
7,69,11.120568448494263
7,70,13.091432395801156
7,71,16.614933640943175
7,72,18.184234104676953
7,73,21.488706218413572
7,74,22.574700273833134
7,75,26.13294937704135
7,76,28.420140511337113
7,77,31.630137051599064
7,78,34.405103460513416
7,79,35.69024141079809
7,80,38.02637716835177
7,81,35.30012203348092
7,82,36.3064686980437
7,83,33.64556121726409
7,84,33.63502807557004
7,85,31.53731172195705
7,86,30.305078065975014
7,87,26.851234575996468
7,88,24.291431654255895
7,89,21.53396395806597
7,90,17.928061268238366
7,91,15.354385456810688
7,92,11.627246558360401
7,93,9.621768542033555
7,94,5.966421517295502
7,95,5.867437649981281
7,96,6.0242235901298145
8,1,21.870311232564283
8,2,18.652055667575365
8,3,15.58444989286647
8,4,12.68317340863167
8,5,9.15131888464671
8,6,6.665206776270202
8,7,3.7956490274907466
8,9,3.801917569430824
8,10,6.500920821841433
8,11,8.759448559526454
8,12,11.350108036135518
8,13,11.61653176847614
8,14,13.449723660824983
8,15,12.92460346148891
8,16,15.193047198640677
8,17,14.463318379897933
8,18,18.01001845718095
8,19,21.507375207385383
8,20,23.772179060382157
8,21,27.276450244766117
8,22,30.717942894872735
8,23,33.84089668027322
8,24,35.86688736265205
8,25,34.00726856181758
8,26,36.76780774077915
8,27,39.34213022156907
8,28,37.68808712901181
8,29,35.00373145122616
8,30,32.21955005467909
8,31,29.957456635873086
8,32,26.74666322415922
8,33,25.298816821322706
8,34,22.886713613845473
8,35,23.184097605535502
8,36,21.76483121368775
8,37,19.540846030108025
8,38,16.440622412652477
8,39,18.789364395507896
8,40,22.153934883647686
8,41,21.993463511534348
8,42,19.644039086905178
8,43,16.827553701312656
8,44,18.321900315399212
8,45,16.953148739960607
8,46,13.414270180831622
8,47,14.887973871945244
8,48,17.919647585261337
8,49,20.309354935737066
8,50,22.508134191663295
8,51,25.969147226558814
8,52,27.98405207144853
8,53,25.85609227904067
8,54,24.04818103149059
8,55,20.638704317765452
8,56,17.92001774397241
8,57,15.317266238158245
8,58,11.838832473285212
8,59,12.027726292974895
8,60,8.856057238307349
8,61,5.073087533482885
8,62,5.580444722103939
8,63,6.2149098730303525
8,64,8.623974034689708
8,65,10.802181409050272
8,66,11.688975337995902
8,67,12.255379660357725
8,68,12.253002592539938
8,69,14.234954572251988
8,70,15.756024687764317
8,71,19.31712210578175
8,72,20.44882549388644
8,73,23.667577592246804
8,74,24.52760437511035
8,75,27.87980954897569
8,76,30.074178376554418
8,77,33.04810128977936
8,78,35.67137692719349
8,79,36.58405647103953
8,80,38.96700478868998
8,81,36.391719715845575
8,82,37.75365069721169
8,83,35.36575596974672
8,84,35.560810612860564
8,85,33.760926689315866
8,86,32.69019906354159
8,87,29.15914948775507
8,88,26.795478146146298
8,89,24.291078630606485
8,90,20.617147717668132
8,91,18.426904145102753
8,92,14.662331683185958
8,93,13.16199321200051
8,94,9.61160357141918
8,95,9.56002178202012
8,96,8.918727809067974
9,1,20.777091000010458
9,2,18.006442401945066
9,3,14.528599861719556
9,4,11.958716423730708
9,5,8.237039715333202
9,6,6.401778760255703
9,7,5.623345614698084
9,8,3.801917569430824
9,10,3.8181486123618678
9,11,5.601951906063831
9,12,8.417682500386231
9,13,9.242275263458362
9,14,11.116370298183648
9,15,9.950940076340887
9,16,12.28340853750957
9,17,11.974216217237451
9,18,15.631982616093802
9,19,19.038851942312494
9,20,21.703346635559672
9,21,25.034630346269182
9,22,28.63072380262059
9,23,31.66347576569411
9,24,33.67477499853875
9,25,31.57252442332723
9,26,34.11490792996819
9,27,36.86683490473982
9,28,35.332999102540704
9,29,32.5587225197971
9,30,30.023930653937978
9,31,27.935167863420233
9,32,24.974708016378447
9,33,23.9834594187188
9,34,22.015771239568856
9,35,22.92649187290958
9,36,22.087824852443905
9,37,20.41819806737734
9,38,17.01996786469863
9,39,18.748571590433134
9,40,22.30445544330946
9,41,22.78033873332662
9,42,20.936016482689762
9,43,18.147367818349487
9,44,18.95091928974363
9,45,16.88509326589613
9,46,13.472378078651056
9,47,14.18260246650784
9,48,16.650541434903577
9,49,18.511249142043315
9,50,20.23845949279561
9,51,23.878497383248394
9,52,25.512999824267062
9,53,23.187583808142715
9,54,21.739049921353374
9,55,18.131791146877145
9,56,15.889765640731527
9,57,13.243204736710343
9,58,10.248154010735904
9,59,10.815353997366469
9,60,8.510871342608702
9,61,5.47914163319609
9,62,7.244799045794578
9,63,9.325243588605762
9,64,11.51158213339764
9,65,14.22554754029202
9,66,14.80920335749015
9,67,14.722486966808878
9,68,14.394182193298091
9,69,15.587685356094596
9,70,16.579420748009447
9,71,19.77271579157846
9,72,20.382773898338872
9,73,23.214971364743974
9,74,23.49413271971481
9,75,26.714667357512376
9,76,28.501829442999632
9,77,31.419763975956936
9,78,33.76115888785589
9,79,34.54116344005649
9,80,37.17405193052188
9,81,34.862264630107354
9,82,36.29926669456213
9,83,34.03822564406741
9,84,34.02644036975485
9,85,32.48646401480041
9,86,31.827896310322405
9,87,28.44108992321633
9,88,25.918973869831596
9,89,23.801344991025974
9,90,20.021241417311266
9,91,18.290438700497617
9,92,14.58319627617817
9,93,13.669024825698608
9,94,10.662318203489246
9,95,10.551744996622215
9,96,10.677635046643829
10,1,23.802930897089702
10,2,21.307814244735177
10,3,17.67282881192939
10,4,15.39754892547122
10,5,11.717363870470969
10,6,10.07823253169399
10,7,9.29050756403104
10,8,6.500920821841433
10,9,3.8181486123618678
10,11,3.7874104415166103
10,12,6.082876499199902
10,13,8.24683386489337
10,14,10.73750938381512
10,15,10.05526454758434
10,16,13.072501482975667
10,17,13.786070492301791
10,18,17.493945753998887
10,19,20.567424769440066
10,20,23.504912784156428
10,21,26.703346890039988
10,22,30.382795208177164
10,23,33.41542372152804
10,24,35.21873842318111
10,25,32.79027418819229
10,26,35.112038649266374
10,27,37.94714717792761
10,28,36.34196090862918
10,29,33.327758578336784
10,30,31.0824352306201
10,31,28.91018908243833
10,32,26.24860921548809
10,33,25.409023990024828
10,34,23.862481213369612
10,35,25.020231945576437
10,36,24.53638888467379
10,37,22.928899240345963
10,38,19.33649658280036
10,39,20.59967144184871
10,40,23.9761032788513
10,41,24.745692357033448
10,42,22.9189418594654
10,43,20.09783452593432
10,44,20.442114409386825
10,45,18.017783841430738
10,46,15.073392772609413
10,47,15.915611109144567
10,48,17.849572043776057
10,49,19.582620937138156
10,50,20.741156752446035
10,51,24.49500118517682
10,52,25.908687482310462
10,53,23.754229528180424
10,54,22.876438248549487
10,55,19.171335195556736
10,56,17.423319628924
10,57,14.362098307439052
10,58,11.710860905133057
10,59,11.395376987349959
10,60,9.33618427932784
10,61,7.287384658748782
10,62,10.202271006825903
10,63,12.23909138065933
10,64,14.906170103344058
10,65,17.219516639983127
10,66,17.60344488601891
10,67,17.91992416404328
10,68,17.99103172870384
10,69,19.16786258365972
10,70,19.847052479390058
10,71,22.933858499068343
10,72,23.138463556945158
10,73,25.74624383534749
10,74,25.68448965196538
10,75,28.633266587411754
10,76,30.170642158485588
10,77,32.82345922232747
10,78,34.89334490181913
10,79,35.287297347635864
10,80,38.025631070590244
10,81,35.97652413888139
10,82,37.72120055107164
10,83,35.757873108247935
10,84,35.8361265348002
10,85,34.63858342397345
10,86,34.2448944605535
10,87,30.892954749194164
10,88,28.504381039812642
10,89,26.70466898291755
10,90,22.929864373174926
10,91,21.57321142088375
10,92,17.94658031900308
10,93,17.362262232590957
10,94,14.45396039672364
10,95,14.297893760965257
10,96,14.106718116848253
11,1,22.487708289268312
11,2,20.360709462921406
11,3,16.59663849926171
11,4,15.082651731211865
11,5,11.56444689042159
11,6,11.15006148970012
11,7,10.850498895344073
11,8,8.759448559526454
11,9,5.601951906063831
11,10,3.7874104415166103
11,12,2.8509244530744873
11,13,4.82026816982274
11,14,7.188798652668218
11,15,6.568918675266104
11,16,9.928776403870359
11,17,11.401819300833177
11,18,15.0675037215856
11,19,17.76970152181712
11,20,20.732397868499138
11,21,23.885033042336428
11,22,27.54883390075933
11,23,30.659377483584183
11,24,32.21888330505537
11,25,29.630991414293064
11,26,31.925753216678235
11,27,34.695010590058914
11,28,32.971560601312085
11,29,29.847978735906796
11,30,27.70344256854025
11,31,25.477755510300618
11,32,22.989436016730064
11,33,22.314499007286674
11,34,21.13726555863232
11,35,22.652129584541175
11,36,22.665877372498247
11,37,21.49460532369519
11,38,17.76496783532314
11,39,18.398550173938464
11,40,21.739401657705812
11,41,23.015148421777912
11,42,21.665962420757573
11,43,18.979794953759523
11,44,18.672519262526873
11,45,15.77664665226993
11,46,13.198136544820953
11,47,13.51572419791888
11,48,14.865161803247835
11,49,16.319115539621485
11,50,17.174206000356435
11,51,20.94845251571273
11,52,22.28247019814171
11,53,20.261595545898334
11,54,19.613543360837834
11,55,15.933991149830552
11,56,14.466126481061202
11,57,11.228283592290985
11,58,9.095299558932185
11,59,8.731842314915967
11,60,7.850454802277463
11,61,7.296495595281045
11,62,10.551170734496845
11,63,13.47435171442487
11,64,16.203346587623255
11,65,18.824250406381505
11,66,18.56165712402619
11,67,18.35345844946357
11,68,18.572675715602024
11,69,19.047280259599287
11,70,19.009349779474963
11,71,21.699432334505925
11,72,21.31643557605334
11,73,23.55132835574137
11,74,23.098389656713515
11,75,25.793438225369684
11,76,27.117861453523037
11,77,29.591610518983916
11,78,31.50678746208119
11,79,31.73538727593761
11,80,34.51922143417891
11,81,32.6114916045366
11,82,34.48821491666399
11,83,32.711235163281934
11,84,32.84825894958118
11,85,31.921754851975017
11,86,31.767737953838736
11,87,28.494443786745578
11,88,26.252606356116306
11,89,24.85385610850705
11,90,21.14974155924869
11,91,20.38539248146161
11,92,17.00889897400913
11,93,17.239705051048112
11,94,14.95170011017072
11,95,15.510510490724151
11,96,16.167932066129186
12,1,24.108119236728307
12,2,22.241691786392035
12,3,18.467164110646603
12,4,17.365929114571014
12,5,13.989060231958819
12,6,13.909637592398832
12,7,13.570068902008195
12,8,11.350108036135518
12,9,8.417682500386231
12,10,6.082876499199902
12,11,2.8509244530744873
12,13,3.802336718066035
12,14,6.26491996034375
12,15,6.518856775238473
12,16,10.153900381989432
12,17,12.460160712181455
12,18,15.92045264482299
12,19,18.14423241053487
12,20,21.12256894084252
12,21,24.144773778759124
12,22,27.763953033177835
12,23,30.903446849423958
12,24,32.17934303775097
12,25,29.36852550179758
12,26,31.530423258989682
12,27,34.24971731129286
12,28,32.39422065132107
12,29,29.092420384815895
12,30,27.169163409408227
12,31,24.84117304930685
12,32,22.640756929869937
12,33,22.074255642757787
12,34,21.31404057194719
12,35,23.033149005229927
12,36,23.423576791572533
12,37,22.442179015703953
12,38,18.660825899180395
12,39,18.77237850460373
12,40,21.868511293833052
12,41,23.470691932585055
12,42,22.32971638994459
12,43,19.749248432228534
12,44,18.93339906775306
12,45,15.753715043898207
12,46,13.76890878661316
12,47,14.010245817590944
12,48,14.731008743240082
12,49,15.99659873746544
12,50,16.340793413066535
12,51,20.077761659046782
12,52,21.27550770185832
12,53,19.554095473386433
12,54,19.368891302473102
12,55,15.800208643138022
12,56,14.768698110117999
12,57,11.344246728573262
12,58,9.806387965945797
12,59,8.763238562807402
12,60,8.670573510392439
12,61,9.202280643704702
12,62,12.692853915845022
12,63,15.717933448805463
12,64,18.644964954041942
12,65,21.138027543359584
12,66,20.543768867211586
12,67,20.376225454616907
12,68,20.87664874066745
12,69,21.142873563686795
12,70,20.709406946133683
12,71,23.17403542921531
12,72,22.36969256433485
12,73,24.313883314880215
12,74,23.56485684993562
12,75,25.933577996764154
12,76,27.04535747059749
12,77,29.22450049823241
12,78,30.911846140583776
12,79,30.807125374989713
12,80,33.61220876068975
12,81,31.922294458107807
12,82,34.05066695900678
12,83,32.56350221363585
12,84,32.83532393446285
12,85,32.23201283173558
12,86,32.29202625647195
12,87,29.086709947880024
12,88,27.06137837353735
12,89,26.001011605209985
12,90,22.408023813013727
12,91,22.06148384232567
12,92,18.8804042689559
12,93,19.51541756483353
12,94,17.451651919337095
12,95,18.245479886977808
12,96,18.99860532612088
13,1,22.454698414884227
13,2,20.577016431932275
13,3,16.949689944975585
13,4,16.370096228067986
13,5,13.18854773735696
13,6,13.875162243039012
13,7,13.30947769836379
13,8,11.61653176847614
13,9,9.242275263458362
13,10,8.24683386489337
13,11,4.82026816982274
13,12,3.802336718066035
13,14,2.8620944955082193
13,15,4.855478749663124
13,16,8.569227110810079
13,17,10.942845225170819
13,18,14.31400923547826
13,19,16.33595155956757
13,20,18.873944190957268
13,21,22.117941701287165
13,22,25.578391344176868
13,23,28.939701649544624
13,24,30.00459471960885
13,25,27.324821796155494
13,26,29.775799094351072
13,27,32.218277537957675
13,28,30.096093072123487
13,29,26.799051966234664
13,30,24.60670907501509
13,31,21.99477041929488
13,32,19.595645570133062
13,33,18.67884995289208
13,34,17.828577182260382
13,35,19.435528549038008
13,36,19.930227244134695
13,37,19.05578184287295
13,38,15.279682030484082
13,39,15.106115512436215
13,40,18.11266171311835
13,41,19.846826675287918
13,42,18.93005444327976
13,43,16.48255134479499
13,44,15.349022346258202
13,45,12.03841447813261
13,46,10.302256111273564
13,47,10.495538397320948
13,48,11.12964339050809
13,49,12.773067983390087
13,50,13.521219385775101
13,51,17.148675376644295
13,52,18.832724566602685
13,53,17.4479574776138
13,54,16.912972652363898
13,55,13.565466960583187
13,56,12.100897870989524
13,57,8.379585860497953
13,58,6.73958953920436
13,59,5.113009252640905
13,60,6.048424345181768
13,61,7.948116889136608
13,62,11.18999733102488
13,63,14.571752613333382
13,64,17.510911682779486
13,65,20.019169121654873
13,66,18.821209959137338
13,67,18.33806223909063
13,68,19.169104207542716
13,69,19.029125078184315
13,70,18.0673391678597
13,71,20.31946878370167
13,72,19.216299443126477
13,73,21.086661508337595
13,74,20.42871099366393
13,75,22.708465395522246
13,76,24.049671139525323
13,77,26.165556942034932
13,78,28.059151996791073
13,79,28.00292137763311
13,80,30.601963774773715
13,81,28.712277264026167
13,82,30.878842990196578
13,83,29.40163622991395
13,84,29.937649356659975
13,85,29.32554872220158
13,86,29.23295084816191
13,87,25.94070025512535
13,88,24.194928749449133
13,89,23.21715612232051
13,90,19.753182030358253
13,91,19.706873040677674
13,92,16.746992655929056
13,93,17.92373241877714
13,94,16.2651731355634
13,95,17.83361672567429
13,96,19.102286587058845
14,1,21.041582598551095
14,2,19.47064939933599
14,3,15.982420321879742
14,4,16.0503766268941
14,5,13.312284770611152
14,6,14.73893564566566
14,7,14.517414986053474
14,8,13.449723660824983
14,9,11.116370298183648
14,10,10.73750938381512
14,11,7.188798652668218
14,12,6.26491996034375
14,13,2.8620944955082193
14,15,3.8318349019652564
14,16,6.8963038551518645
14,17,9.60508855416951
14,18,12.585763274924469
14,19,14.185016301546172
14,20,16.507173129538153
14,21,19.732477816892633
14,22,23.090604947017834
14,23,26.519522757455558
14,24,27.414032151573906
14,25,24.735520679593936
14,26,27.264636842508462
14,27,29.582655048351864
14,28,27.36095538513213
14,29,24.059676941774356
14,30,21.817385889154714
14,31,19.14729560309011
14,32,16.777685565360304
14,33,15.937586284443048
14,34,15.333612287835855
14,35,17.219764617938104
14,36,18.112799385243303
14,37,17.698677603890506
14,38,14.00304832724439
14,39,13.269005747982005
14,40,16.236228319132884
14,41,18.36905569669867
14,42,17.968962431069443
14,43,15.774655560355422
14,44,14.177676863681858
14,45,10.601613073161431
14,46,9.299192749332907
14,47,8.681841767242602
14,48,8.623563175869254
14,49,9.990757501626184
14,50,10.686105529404061
14,51,14.294878467901674
14,52,16.075868181323674
14,53,14.825414432788357
14,54,14.251648528453828
14,55,11.076349765339502
14,56,9.71353872909534
14,57,5.978001655184129
14,58,5.346574522016633
14,59,4.196717116429096
14,60,6.8475212271723365
14,61,9.365833367073666
14,62,12.005373472483605
14,63,15.630071549498984
14,64,18.283819103021273
14,65,20.963175019351695
14,66,19.462252167704854
14,67,18.499427644666135
14,68,19.287111971702583
14,69,18.592445439257684
14,70,17.116092584880846
14,71,18.91745262081548
14,72,17.37936418867605
14,73,18.895164177566233
14,74,17.969427705542767
14,75,20.0594513442644
14,76,21.298412959114962
14,77,23.334806785893587
14,78,25.209048461764585
14,79,25.15940246696859
14,80,27.752509240221965
14,81,25.86771119804498
14,82,28.04155208964524
14,83,26.62159703636512
14,84,27.19700319333387
14,85,26.71207708650053
14,86,26.737466671503608
14,87,23.523610267933563
14,88,21.91364523048177
14,89,21.236958003486606
14,90,17.93941266927768
14,91,18.371447153634055
14,92,15.79184476461137
14,93,17.54383614074024
14,94,16.476008773425416
14,95,18.43939462550893
14,96,20.200530247686416
15,1,18.474066899118718
15,2,17.11720475855503
15,3,13.463693080420763
15,4,13.515887744549238
15,5,11.008329596914052
15,6,12.682280917715241
15,7,13.399700386239301
15,8,12.92460346148891
15,9,9.950940076340887
15,10,10.05526454758434
15,11,6.568918675266104
15,12,6.518856775238473
15,13,4.855478749663124
15,14,3.8318349019652564
15,16,3.787213665813764
15,17,6.536125935704069
15,18,9.708819189300165
15,19,11.739168782752992
15,20,14.60841413386191
15,21,17.702265089624017
15,22,21.299556688517153
15,23,24.506549070481643
15,24,25.826055314195322
15,25,23.185401227023227
15,26,25.581500514011626
15,27,28.224307658450748
15,28,26.419395831233903
15,29,23.315647349885865
15,30,21.138205002826858
15,31,19.000410371687032
15,32,16.63266363173458
15,33,16.398849266837686
15,34,15.757283929560975
15,35,17.98731271227409
15,36,18.833763936799333
15,37,18.69692798549932
15,38,15.092938423382561
15,39,14.69215642170437
15,40,18.066662082990995
15,41,20.150112749315362
15,42,19.874430850699394
15,43,17.65567506400513
15,44,16.47966942376454
15,45,13.084904694868065
15,46,11.099053970267876
15,47,9.647696478138858
15,48,9.78563680941351
15,49,10.24864113120752
15,50,10.847717742763557
15,51,14.652201157598554
15,52,15.876385995528468
15,53,13.762034519784619
15,54,13.075479665720977
15,55,9.427115717022222
15,56,8.363951608024552
15,57,5.357739027399926
15,58,5.34883354340249
15,59,6.652105512116803
15,60,8.633131039004583
15,61,9.860800023082373
15,62,12.025811652237108
15,63,15.74951818273265
15,64,17.865274907003673
15,65,21.003796331331912
15,66,20.04755364148867
15,67,18.685966161951356
15,68,18.701783373891185
15,69,17.843077386048012
15,70,16.692127876060756
15,71,18.408825841320866
15,72,17.12977268966162
15,73,18.592568775996554
15,74,17.44964447581863
15,75,19.83829996206252
15,76,20.803846697410837
15,77,23.212697214308317
15,78,25.008184195271646
15,79,25.32219814616305
15,80,28.203828073707705
15,81,26.382578647893894
15,82,28.177558736801117
15,83,26.467012935204526
15,84,26.503983929870824
15,85,25.83152333174991
15,86,26.03295981312793
15,87,22.98130109668643
15,88,20.83762648786343
15,89,20.096094158691624
15,90,16.63917039369507
15,91,16.91010201354775
15,92,14.29295425984137
15,93,15.885425155629271
15,94,15.023912456698298
15,95,16.541592818673518
15,96,18.53421866666967
16,1,15.529046417326269
16,2,14.778925460113935
16,3,11.339324186723516
16,4,12.277785128961312
16,5,10.759316418975107
16,6,13.287311902246929
16,7,14.787635781861797
16,8,15.193047198640677
16,9,12.28340853750957
16,10,13.072501482975667
16,11,9.928776403870359
16,12,10.153900381989432
16,13,8.569227110810079
16,14,6.8963038551518645
16,15,3.787213665813764
16,17,3.8061258650061784
16,18,6.163980684132559
16,19,7.996215085740156
16,20,11.064519662273907
16,21,14.034670678611286
16,22,17.69672670107463
16,23,20.813891291620724
16,24,22.2950885668217
16,25,19.746835444981794
16,26,22.171144827300378
16,27,24.893592174193262
16,28,23.30890383455444
16,29,20.422584955282726
16,30,18.20483918615499
16,31,16.48486634605689
16,32,14.16155581802579
16,33,14.51363529444664
16,34,14.102378003760053
16,35,16.781133553819846
16,36,17.955410496704662
16,37,18.483214163064396
16,38,15.229191620844794
16,39,14.557858678909387
16,40,17.98117557759118
16,41,20.29630730504058
16,42,20.580302557380197
16,43,18.66666615528045
16,44,17.41765837513526
16,45,14.16059166002789
16,46,12.305512614411217
16,47,9.76994940179646
16,48,9.355979383632729
16,49,8.636678842069786
16,50,9.142060310660916
16,51,12.783650131771097
16,52,13.647247220155855
16,53,10.964046924287489
16,54,9.979950230779876
16,55,6.1974782716297545
16,56,5.672521433510482
16,57,4.449864724381721
16,58,6.346831647540367
16,59,9.00719819277398
16,60,11.384613680779157
16,61,12.431756630335764
16,62,13.717162624426633
16,63,17.449732795561033
16,64,18.913230831078785
16,65,22.342262851962797
16,66,21.426405621394863
16,67,19.440751809708214
16,68,18.953628245775242
16,69,17.441224425606073
16,70,16.009164326602377
16,71,17.07764590155893
16,72,15.564620880450677
16,73,16.527993872635957
16,74,14.946660790043314
16,75,17.32686591715357
16,76,17.965183381974473
16,77,20.584367721051503
16,78,22.31957949530208
16,79,22.977202654195143
16,80,26.003050168697072
16,81,24.21546613701294
16,82,25.671898257342555
16,83,23.784184517157204
16,84,23.444511639425798
16,85,22.733650703247694
16,86,23.17490312403315
16,87,20.371404212294493
16,88,17.984421949646222
16,89,17.54985002714328
16,90,14.261915336890532
16,91,14.98835767117845
16,92,12.956877649547055
16,93,15.038050601347146
16,94,15.052379234096385
16,95,16.652052119189783
16,96,19.21579140774658
17,1,12.014045811154473
17,2,11.052608510516182
17,3,7.564373784243262
17,4,8.742466746046633
17,5,7.969157253811179
17,6,11.09536168691966
17,7,13.134336709896354
17,8,14.463318379897933
17,9,11.974216217237451
17,10,13.786070492301791
17,11,11.401819300833177
17,12,12.460160712181455
17,13,10.942845225170819
17,14,9.60508855416951
17,15,6.536125935704069
17,16,3.8061258650061784
17,18,3.7765053861857307
17,19,7.087038526687543
17,20,9.872164558866105
17,21,13.069966479626709
17,22,16.710694813461565
17,23,19.742405090034342
17,24,21.719708361505933
17,25,19.695583928428068
17,26,22.344971350406055
17,27,25.043058853017506
17,28,23.720125329940682
17,29,21.280913430454582
17,30,18.717725103060864
17,31,17.301112406338802
17,32,14.559823922404703
17,33,14.762570690380798
17,34,13.646398335297835
17,35,15.999695784000325
17,36,16.66433869785335
17,37,17.190256622179685
17,38,14.253770980363845
17,39,14.24187374935599
17,40,17.902518473165426
17,41,19.775264530497797
17,42,20.00411770729515
17,43,18.148302930316945
17,44,17.517763998543185
17,45,14.808258863808643
17,46,12.385077685706113
17,47,9.684588165630442
17,48,10.19669672265811
17,49,9.711280729308767
17,50,11.18526914456466
17,51,14.39011111842577
17,52,15.44175236062865
17,53,12.477369503253197
17,54,10.501348665629564
17,55,7.111484234700411
17,56,5.491006791213192
17,57,5.775553034736784
17,58,6.792642881799218
17,59,10.388061911553084
17,60,12.09176625169645
17,61,12.347650658523797
17,62,12.599224455423268
17,63,16.08849724749249
17,64,16.83951249808855
17,65,20.47815634316384
17,66,19.848475695009324
17,67,17.441604094354012
17,68,16.365862462727243
17,69,14.610504831565967
17,70,13.472043371388683
17,71,14.491906214818913
17,72,13.536807736839867
17,73,14.796877915711217
17,74,13.659941385841565
17,75,16.602234743900997
17,76,17.573998376941976
17,77,20.681918791651807
17,78,22.775826223277924
17,79,24.028367518512514
17,80,26.917412420394577
17,81,24.809933773250762
17,82,25.760592732494796
17,83,23.389509739417353
17,84,22.775572439392562
17,85,21.485443969842066
17,86,21.584338393178324
17,87,18.739926931874333
17,88,15.910619315850116
17,89,14.960511157367717
17,90,11.488349278656512
17,91,11.746065417047351
17,92,9.726576414307676
17,93,11.72438364534255
17,94,12.235285801313267
17,95,13.822908622948736
17,96,16.78384663050899
18,1,9.80598267530045
18,2,10.043642458263976
18,3,7.450253804157915
18,4,9.94495892309775
18,5,10.501068268614365
18,6,13.934422079637574
18,7,16.298875312595115
18,8,18.01001845718095
18,9,15.631982616093802
18,10,17.493945753998887
18,11,15.0675037215856
18,12,15.92045264482299
18,13,14.31400923547826
18,14,12.585763274924469
18,15,9.708819189300165
18,16,6.163980684132559
18,17,3.7765053861857307
18,19,3.7847707305649725
18,20,6.568089622013141
18,21,9.491163049383815
18,22,13.14162262160154
18,23,16.039636375137547
18,24,18.196615596874626
18,25,16.364041149291072
18,26,19.036910004891475
18,27,21.744724442021646
18,28,20.688550847985173
18,29,18.59346119606667
18,30,16.04783788723051
18,31,15.222533540881978
18,32,12.715312885868222
18,33,13.6305905957486
18,34,12.937716088413238
18,35,15.673948790858672
18,36,16.77003661640458
18,37,18.04601579132307
18,38,15.656867670109513
18,39,15.217531040529773
18,40,18.603236558850973
18,41,20.706614575620353
18,42,21.530027792655385
18,43,20.066879297610676
18,44,19.239386278330773
18,45,16.706114482170996
18,46,14.749493458396685
18,47,11.474807273199904
18,48,11.250682014493457
18,49,9.662665595503615
18,50,10.816844231236853
18,51,13.347135911575664
18,52,13.92839218658288
18,53,10.640535872064207
18,54,8.321978041728523
18,55,5.77694919475227
18,56,5.310368437899953
