1,2,3.803893899159977
1,3,6.765341514300344
1,4,9.591741475689092
1,5,12.88499654811995
1,6,16.1298856411064
1,7,19.506600690338384
1,8,21.96905081357758
1,9,25.080233333380917
1,10,23.98824188567922
1,11,26.90909894718185
1,12,25.374037172556093
1,13,26.80066650125356
1,14,25.00606017876359
1,15,23.361676940108786
1,16,20.974678908079394
1,17,17.854965097185744
1,18,14.618092231722141
1,19,11.942311609827804
1,20,12.266454589377913
1,21,10.638806857666076
1,22,10.931833740574728
1,23,11.997185624500545
1,24,13.256509583928684
1,25,16.55679326380036
1,26,17.171657675405047
1,27,19.87435913341987
1,28,21.734896704438494
1,29,21.69914191043706
1,30,21.912292184520936
1,31,19.075685626999668
1,32,19.53368361044167
1,33,17.04513990454406
1,34,17.615198613444637
1,35,16.04212400030611
1,36,17.20068173853432
1,37,17.234599301727222
1,38,19.192809965034925
1,39,19.06431957697256
1,40,19.44972829768659
1,41,21.940138220000975
1,42,22.8581240164186
1,43,24.233227708705
1,44,23.796699014318342
1,45,23.988608018800456
1,46,23.15994165775145
1,47,21.382238439946597
1,48,18.40268161327213
1,49,18.92780346050026
1,50,17.702575723652654
1,51,19.743725386305332
1,52,20.4202751199305
1,53,21.118110670059895
1,54,18.618147544739386
1,55,15.38402398979264
1,56,15.651127945123875
1,57,14.629414485408091
1,58,17.803400582811165
1,59,19.017300507630086
1,60,22.671342346172036
1,61,24.035482911507582
1,62,23.884296091474823
1,63,21.926838443558005
1,64,23.910136091346327
1,65,22.31314805240283
1,66,25.567696859927192
1,67,25.123553614769573
1,68,21.39296902117009
1,69,18.989815182305307
1,70,15.649177306186386
1,71,14.536859812299431
1,72,12.460595088332836
1,73,12.683974978755284
1,74,12.232000422112234
1,75,12.092571920288231
1,76,14.724037051359707
1,77,15.705333143929346
1,78,19.42030184251964
1,79,22.070749858624083
1,80,25.290014990224517
1,81,26.946895706483456
1,82,24.433780068339736
1,83,23.192543720719147
1,84,19.594230649839893
1,85,17.719548130067526
1,86,14.494081631992902
1,87,13.719769178034818
1,88,12.481313146806883
1,89,8.82668195723768
1,90,7.761575193269346
1,91,7.995805667550015
1,92,8.696562399009325
1,93,11.438991204446925
1,94,13.405232431189907
1,95,16.9968916220525
1,96,18.57881141231432
1,97,20.93242048942459
2,1,3.803893899159977
2,3,3.782153764808572
2,4,6.573970306647456
2,5,9.440137963742409
2,6,12.914052709578302
2,7,16.09133446668626
2,8,18.784756242955098
2,9,21.98103487096061
2,10,20.885109278859233
2,11,23.906602231774464
2,12,22.70372531715368
2,13,24.3762814726365
2,14,22.920914266547594
2,15,21.61728542539537
2,16,18.961047604978116
2,17,16.099115308841007
2,18,12.527515472534889
2,19,10.45277970192594
2,20,11.873030484387
2,21,11.382204605894003
2,22,12.42389736726516
2,23,14.39982968954384
2,24,15.934538778301027
2,25,19.26255321831786
2,26,19.269646084511276
2,27,21.880343640570835
2,28,24.153104857630748
2,29,24.04314534023756
2,30,23.81657886218357
2,31,20.99101665392981
2,32,21.091011471640204
2,33,18.334618071615544
2,34,18.697437865166794
2,35,16.83034268058638
2,36,18.000330869040422
2,37,17.656444098456962
2,38,18.961905090803473
2,39,18.31314874904997
2,40,19.195024855967496
2,41,22.15699332595879
2,42,22.91473019576296
2,43,23.730801204243445
2,44,22.878966888084342
2,45,23.38206448279341
2,46,22.381341987216953
2,47,20.073513801630426
2,48,17.357505046554458
2,49,18.399642193581677
2,50,17.56162414819488
2,51,19.719494942389975
2,52,21.08060126699181
2,53,21.871212733850445
2,54,19.01406764199538
2,55,15.88030259437601
2,56,15.221884229650685
2,57,13.859277486914346
2,58,16.52732595105278
2,59,17.230877208129463
2,60,20.98245348524889
2,61,21.93401238065553
2,62,21.30935137954926
2,63,19.330205985255812
2,64,21.22652743889628
2,65,19.55697238559905
2,66,22.971074849223076
2,67,22.933074064634713
2,68,19.358762433407907
2,69,16.62843572910845
2,70,13.676145306840976
2,71,13.261809870245688
2,72,12.165697718643882
2,73,12.981500371083428
2,74,13.525372316175321
2,75,13.598195228298863
2,76,16.737023057477206
2,77,17.948956257016146
2,78,21.74523707237084
2,79,24.42765484461599
2,80,27.364230332385162
2,81,29.29643896308501
2,82,26.716397907525497
2,83,25.895567088464595
2,84,22.403092437799486
2,85,20.735896229037127
2,86,17.702827725462473
2,87,16.945571401463383
2,88,15.144150712554309
2,89,11.39664173068707
2,90,9.562963472994465
2,91,8.254001011058829
2,92,7.608172201027681
2,93,9.305715651577323
2,94,10.604913932348556
2,95,13.97296548563852
2,96,15.127831799626387
2,97,17.33554295592657
3,1,6.765341514300344
3,2,3.782153764808572
3,4,3.7961863025244957
3,5,6.422285746662875
3,6,9.781600111763932
3,7,12.973129717790059
3,8,15.339776933103368
3,9,18.623324622724816
3,10,17.88660010592623
3,11,21.12627485587044
3,12,20.15141482361788
3,13,22.016069333724175
3,14,20.455148171973832
3,15,19.36458996645962
3,16,16.95712429750798
3,17,14.63257510276985
3,18,10.89717378503785
3,19,9.89140764900353
3,20,12.210800761285109
3,21,12.146336833875036
3,22,14.178432523818012
3,23,16.473722904190513
3,24,18.605990734093364
3,25,21.60749844670611
3,26,21.292804696563078
3,27,24.176659285045897
3,28,26.40805499025016
3,29,25.838104166766595
3,30,25.14681462072286
3,31,22.060935794341123
3,32,21.504906320437687
3,33,18.31906907764531
3,34,18.02170135728667
3,35,15.610728133181894
3,36,16.388171902443318
3,37,15.522379128692418
3,38,16.21689005876311
3,39,15.349661162751485
3,40,16.74405795643036
3,41,19.91781792862698
3,42,20.361343496023153
3,43,20.73619088919669
3,44,19.68006985181845
3,45,20.513014860310868
3,46,19.664491055757072
3,47,17.051806419281416
3,48,14.748286233798154
3,49,16.428978759248544
3,50,16.32868396964075
3,51,18.955816552163405
3,52,20.703888998638778
3,53,22.027151699869176
3,54,19.312881234908804
3,55,16.023889267310857
3,56,14.780094706644705
3,57,12.601190526457195
3,58,14.62009692402425
3,59,14.61162388717217
3,60,18.251468506239853
3,61,18.80302919696386
3,62,17.97716468301108
3,63,15.741094104119886
3,64,17.494791266804203
3,65,15.812331701224341
3,66,19.232216710120607
3,67,19.171987903603934
3,68,15.63867612129567
3,69,12.921303236013651
3,70,10.050405522059235
3,71,9.934708640819327
3,72,9.618277320024097
3,73,11.004471574258456
3,74,12.548612771018208
3,75,13.258882734208193
3,76,16.82462849697216
3,77,18.651328069404098
3,78,22.437438387609387
3,79,25.407413873811745
3,80,28.09204936646619
3,81,29.97736349268255
3,82,27.11901859957081
3,83,26.68918720330791
3,84,23.26653242170998
3,85,22.159360242915554
3,86,19.16544969344628
3,87,18.041262466541177
3,88,15.550936507783224
3,89,12.039795518645152
3,90,9.374047464916789
3,91,6.943836714782694
3,92,4.891478648192886
3,93,5.7262644932879265
3,94,6.856451666188249
3,95,10.302950287292632
3,96,11.857672070583856
3,97,14.358087635829794
4,1,9.591741475689092
4,2,6.573970306647456
4,3,3.7961863025244957
4,5,3.8228555093952497
4,6,6.562331262119339
4,7,10.089317690640208
4,8,12.618905355385122
4,9,15.577882559349485
4,10,14.43281113428684
4,11,17.508430446284567
4,12,16.404050354199256
4,13,18.256151828756074
4,14,16.844610065577463
4,15,15.897526553909572
4,16,13.325889584162644
4,17,11.219344861923599
4,18,7.432613100893597
4,19,7.331982275417679
4,20,10.459340371366467
4,21,11.414318666016108
4,22,14.061330292434985
4,23,16.97474053271575
4,24,19.48712228018728
4,25,22.22435479510522
4,26,21.256486872286153
4,27,24.102951905344753
4,28,26.575216104492817
4,29,25.77283309425298
4,30,24.572092817529576
4,31,21.576275448993545
4,32,20.6651366173429
4,33,17.434598392672626
4,34,17.130083346546478
4,35,14.886518118741682
4,36,16.079381718325067
4,37,15.480234243987361
4,38,15.844202017239958
4,39,14.116454941340788
4,40,15.415613219363198
4,41,18.9622453653422
4,42,19.719835585607136
4,43,19.8145283892008
4,44,18.33758852856369
4,45,18.943188153953063
4,46,17.562988169606207
4,47,14.690085921062208
4,48,12.40832959733956
4,49,14.170467985740137
4,50,14.224957297336243
4,51,16.722581569592798
4,52,19.025270157950292
4,53,20.36520475269077
4,54,17.508516544479473
4,55,14.502565301283864
4,56,12.48454673464114
4,57,10.150676860729954
4,58,11.590756052684055
4,59,11.380395433143216
4,60,15.086131940374603
4,61,15.632362297292941
4,62,14.789603154364986
4,63,13.042357841881923
4,64,15.315463194347567
4,65,14.295161961170471
4,66,17.991324332650393
4,67,17.913172876787524
4,68,14.704465336092417
4,69,12.314521248171028
4,70,9.928331570408833
4,71,9.754585509328562
4,72,10.435788432047618
4,73,11.266933352434725
4,74,13.145572139917233
4,75,13.402028999921491
4,76,17.023687225111384
4,77,18.763161414067895
4,78,22.437630677364595
4,79,25.277445860285344
4,80,27.555427115280136
4,81,29.74323284644535
4,82,26.95930325338724
4,83,27.04449320677846
4,84,23.90301141640632
4,85,22.99082328916118
4,86,20.44409033149142
4,87,19.709194850364526
4,88,16.897572692942976
4,89,13.504609829148823
4,90,11.221077169466973
4,91,7.8619079075288525
4,92,6.21329282189255
4,93,4.772840444275538
4,94,6.104373470617133
4,95,8.567810674157167
4,96,10.158473006764977
4,97,12.76923391191318
5,1,12.88499654811995
5,2,9.440137963742409
5,3,6.422285746662875
5,4,3.8228555093952497
5,6,3.7994289222027153
5,7,6.654593204739382
5,8,9.51800168576382
5,9,12.727120501691044
5,10,11.864932711727285
5,11,15.226585815720641
5,12,14.89040339455155
5,13,17.164876573861115
5,14,16.292914444931764
5,15,15.995760927058189
5,16,13.387637439860779
5,17,12.165355947802452
5,18,8.623335963424736
5,19,9.832441134514315
5,20,13.401469218333219
5,21,14.914529513540204
5,22,17.62534134216022
5,23,20.689991563620914
5,24,23.14464773666164
5,25,25.919486937398965
5,26,24.78622199477795
5,27,27.50407191811004
5,28,30.129119436272013
5,29,29.334354610087075
5,30,27.960899924422296
5,31,25.035460605992988
5,32,23.93347118570539
5,33,20.656437475427285
5,34,20.11407069465476
5,35,17.696495412077496
5,36,18.588699175427696
5,37,17.522646676004918
5,38,17.090723858669822
5,39,15.070260927587434
5,40,16.986891898193228
5,41,20.676754752382312
5,42,21.044972462566452
5,43,20.44438989451215
5,44,18.595704563407487
5,45,19.703939584530644
5,46,18.390414430518145
5,47,15.021720076643547
5,48,13.551442412039806
5,49,15.919516456228052
5,50,16.560369081868945
5,51,19.047013693038092
5,52,21.754612187566057
5,53,23.171904422328513
5,54,20.261070422635115
5,55,17.536914683855173
5,56,14.987128302627433
5,57,12.517122929566089
5,58,12.928619313997693
5,59,11.712425665958277
5,60,15.084857882293184
5,61,14.753790197291345
5,62,13.022545267493546
5,63,11.114248984138179
5,64,12.957618209617186
5,65,11.762974474612593
5,66,15.546278619983232
5,67,16.13337591391443
5,68,13.378569703694811
5,69,10.655337149257393
5,70,9.406566557741893
5,71,10.501728032692432
5,72,12.311316960329004
5,73,13.774900721978987
5,74,16.239797965347577
5,75,16.818691369862425
5,76,20.494923490460963
5,77,22.366888498754168
5,78,25.975126263712944
5,79,28.813633378753075
5,80,30.909298401992128
5,81,33.16032718736999
5,82,30.339218067413736
5,83,30.615851968322293
5,84,27.538997541978397
5,85,26.754614579979908
5,86,24.22315980356759
5,87,23.363388658805615
5,88,20.42652756058533
5,89,17.15447785076851
5,90,14.574446192240613
5,91,11.154956427663786
5,92,8.684965238949097
5,93,5.965891564583663
5,94,4.8933191817941175
5,95,5.906544057936398
5,96,6.550478948336151
5,97,9.01427031925277
6,1,16.1298856411064
6,2,12.914052709578302
6,3,9.781600111763932
6,4,6.562331262119339
6,5,3.7994289222027153
6,7,3.7869440338760882
6,8,6.345522801802837
6,9,9.143213005382657
6,10,8.163890543339287
6,11,11.598001878213672
6,12,11.418714509080036
6,13,13.843566788498352
6,14,13.095534763855015
6,15,13.226299064367229
6,16,10.912927586775082
6,17,10.711999631910306
6,18,7.920114220618122
6,19,10.470136198725202
6,20,14.2076162504921
6,21,16.17609367468635
6,22,19.298501968883816
6,23,22.553503775669654
6,24,25.32670986817985
6,25,27.766197927784972
6,26,26.243564345454345
6,27,29.000185957577877
6,28,31.63310220236674
6,29,30.520483476069675
6,30,28.715683515411023
6,31,25.81811487895872
6,32,24.268490226274796
6,33,20.954754337729426
6,34,20.125462713824813
6,35,17.748467769841287
6,36,18.630693855823257
6,37,17.58579229738098
6,38,16.638506447772816
6,39,13.993697142799657
6,40,15.979350328973123
6,41,19.778148263343777
6,42,20.1844287466763
6,43,19.147204207074005
6,44,16.92298235860093
6,45,17.987859289004586
6,46,16.408751658018343
6,47,12.806896502043024
6,48,11.952099488757588
6,49,14.606795049103313
6,50,15.801512108115498
6,51,18.24194281018562
6,52,21.32747040398465
6,53,22.96203343875599
6,54,20.245009460778707
6,55,17.827593462312986
6,56,14.790938636464888
6,57,12.105953384751162
6,58,11.37375346238699
6,59,9.321196601171927
6,60,12.243163042908682
6,61,11.426944176950759
6,62,9.386127876425107
6,63,7.92898271814016
6,64,10.213486801630244
6,65,9.97514239845766
6,66,13.80324264247122
6,67,14.293066540667258
6,68,12.155008453686374
6,69,10.18134038128551
6,70,9.7953538205109
6,71,10.832631117298487
6,72,13.409635779255971
6,73,14.548187875555618
6,74,17.312127037978026
6,75,17.840165982604155
6,76,21.432698893744597
6,77,23.406707455742122
6,78,26.792917540944277
6,79,29.594002180717073
6,80,31.28988517096775
6,81,33.62276361114715
6,82,30.79044273914417
6,83,31.51889672128129
6,84,28.710634502742188
6,85,28.27850592709294
6,86,26.056653065856278
6,87,25.286997491133818
6,88,22.07407329867283
6,89,19.115043378054033
6,90,16.667594588766395
6,91,12.962186603232423
6,92,10.790270605758213
6,93,7.249630146924692
6,94,6.265087622412408
6,95,5.029603760529603
6,96,5.903849102821423
6,97,8.35770774234871
7,1,19.506600690338384
7,2,16.09133446668626
7,3,12.973129717790059
7,4,10.089317690640208
7,5,6.654593204739382
7,6,3.7869440338760882
7,8,3.7809743702062817
7,9,6.625431393591423
7,10,6.258244478617887
7,11,9.90241014891397
7,12,10.96714847574359
7,13,13.738667047879966
7,14,13.754369518823994
7,15,14.630349333051393
7,16,12.568637895663553
7,17,13.228775119897573
7,18,11.046600123589968
7,19,13.902722180540751
7,20,17.663232629193228
7,21,19.859508859557067
7,22,22.940913858121654
7,23,26.26465131128595
7,24,28.972369465394678
7,25,31.453719972907827
7,26,29.836849721013824
7,27,32.48136082714936
7,28,35.218834940781335
7,29,34.13209898603387
7,30,32.22753302181713
7,31,29.410071915174342
7,32,27.77095204526839
7,33,24.485402742804677
7,34,23.540650990507267
7,35,21.119483256576935
7,36,21.782046735585762
7,37,20.456177276552648
7,38,18.971178089844084
7,39,16.26440100231335
7,40,18.59124591129249
7,41,22.31515486947733
7,42,22.396070736073888
7,43,20.795082220424867
7,44,18.33460377332303
7,45,19.787095955251228
7,46,18.344401256688027
7,47,14.583440205641581
7,48,14.544411011622989
7,49,17.42485872234984
7,50,18.946118364769607
7,51,21.25449524280311
7,52,24.52950423120702
7,53,26.1622104754864
7,54,23.454715658387176
7,55,21.284980021362475
7,56,18.0435176052784
7,57,15.467382900667236
7,58,14.149098535657835
7,59,11.541595865517532
7,60,13.67528807073368
7,61,11.91030460616673
7,62,8.853226589847306
7,63,7.5897924764734945
7,64,8.954784171111742
7,65,8.8355591874521
7,66,12.390002985343251
7,67,13.694487132429762
7,68,12.444952289435749
7,69,10.544832423038265
7,70,11.45992385279474
7,71,13.292768206704354
7,72,16.341286778206815
7,73,17.81349791583618
7,74,20.80992514521729
7,75,21.510396449939858
7,76,25.095092322100037
7,77,27.11949611448147
7,78,30.447895079117995
7,79,33.22317212540708
7,80,34.78190069709176
7,81,37.15195985732
7,82,34.3186487058901
7,83,35.17224749564109
7,84,32.41597511906322
7,85,32.049839325308575
7,86,29.83014772835373
7,87,28.98591966021913
7,88,25.727295100589743
7,89,22.82090815351914
7,90,20.22149841948815
7,91,16.566809484545004
7,92,14.081174137397927
7,93,10.466855556722527
7,94,8.444936438415855
7,95,5.608355503212292
7,96,4.475876990672856
7,97,5.841456716096306
8,1,21.96905081357758
8,2,18.784756242955098
8,3,15.339776933103368
8,4,12.618905355385122
8,5,9.51800168576382
8,6,6.345522801802837
8,7,3.7809743702062817
8,9,3.7963556004960406
8,10,5.586266684614585
8,11,9.248842363306132
8,12,10.810564718745882
8,13,13.559902271018231
8,14,13.311149207887869
8,15,14.510718825248079
8,16,13.386996138478343
8,17,14.81266147731202
8,18,13.14608246678962
8,19,16.31283336197404
8,20,19.961437688774186
8,21,21.945833735606733
8,22,25.297395736335297
8,23,28.499095953839795
8,24,31.449895708724725
8,25,33.70381918195514
8,26,32.08439890468976
8,27,34.92305587251879
8,28,37.46379583811681
8,29,36.066498203114406
8,30,33.971395843184986
8,31,31.009268897264608
8,32,28.977774171992934
8,33,25.559186445178934
8,34,24.114133633430846
8,35,21.467856536235907
8,36,21.659058828434883
8,37,19.99798630237475
8,38,17.898498899437094
8,39,15.151721483486277
8,40,17.8177400544705
8,41,21.320143557933747
8,42,21.00491687619866
8,43,18.86904786511336
8,44,16.251202333060814
8,45,18.063644455086813
8,46,16.982446926452393
8,47,13.20844719092108
8,48,14.147459720891964
8,49,17.417502133020232
8,50,19.613756522101106
8,51,22.157007949799493
8,52,25.408718548918984
8,53,27.448801585202414
8,54,25.129678169860924
8,55,22.92217042303661
8,56,19.714067506507984
8,57,16.783888761379067
8,58,14.86307561410396
8,59,11.567574656163883
8,60,12.78541163904256
8,61,10.160698899070354
8,62,6.599372381671273
8,63,4.933565483252092
8,64,5.490135580913446
8,65,6.276609951928528
8,66,9.426964355155615
8,67,10.672136955003221
8,68,10.265065692708996
8,69,9.298486752308333
8,70,11.125764495680748
8,71,13.067087688284124
8,72,16.586516338599658
8,73,18.14781467808365
8,74,21.464236747401635
8,75,22.539833789166252
8,76,26.06770659412804
8,77,28.41810154319173
8,78,31.57570997129235
8,79,34.49806216095809
8,80,35.87210054533914
8,81,38.048046361697374
8,82,35.05537628341463
8,83,36.12451004561052
8,84,33.48955313293869
8,85,33.53125123198042
8,86,31.35603799589952
8,87,30.271451695758003
8,88,26.794114232355838
8,89,24.264158003317963
8,90,21.515521457592964
8,91,17.902098757822355
8,92,15.372519313315136
8,93,11.628263884738514
8,94,9.606827488414629
8,95,5.953546197259868
8,96,5.853263002428411
8,97,7.054054386708556
9,1,25.080233333380917
9,2,21.98103487096061
9,3,18.623324622724816
9,4,15.577882559349485
9,5,12.727120501691044
9,6,9.143213005382657
9,7,6.625431393591423
9,8,3.7963556004960406
9,10,3.79555182614807
9,11,6.49473833818327
9,12,8.74623875682841
9,13,11.369174868076843
9,14,11.611606675620958
9,15,13.427749292069143
9,16,12.905160106468037
9,17,15.203335481739765
9,18,14.460475495427895
9,19,18.00440162991219
9,20,21.49640616974898
9,21,23.76183677427782
9,22,27.221154544171494
9,23,30.529314769306918
9,24,33.617645690685414
9,25,35.61924310668953
9,26,33.69080677003491
9,27,36.45399118492579
9,28,39.01437091402534
9,29,37.43854637565486
9,30,35.0409025963307
9,31,32.22817036654507
9,32,29.961408311758813
9,33,26.694806710901723
9,34,25.204777173106248
9,35,22.833814074033793
9,36,23.151638438978594
9,37,21.745341801923715
9,38,19.494621359844054
9,39,16.39682747251235
9,40,18.735265124425446
9,41,22.09631843653174
9,42,21.957760425819103
9,43,19.60070177892113
9,44,16.787763405764107
9,45,18.285164920322625
9,46,16.9030132998081
9,47,13.364134218565773
9,48,14.837580127372515
9,49,17.873913859196303
9,50,20.259372810382462
9,51,22.47430712762926
9,52,25.90347051926057
9,53,27.94427298497535
9,54,25.825842224577485
9,55,24.031505775513164
9,56,20.62713476528254
9,57,17.90801532949844
9,58,15.301214021716671
9,59,11.810413919213351
9,60,11.992209597216211
9,61,8.846611122485438
9,62,5.039988978768996
9,63,5.571382048877033
9,64,6.300363920107692
9,65,8.689761440235767
9,66,10.913803385530748
9,67,11.831557783929057
9,68,12.360569064438119
9,69,12.333538492546785
9,70,14.271561891118171
9,71,15.757981823062462
9,72,19.304569084627477
9,73,20.41591148208284
9,74,23.641403959860696
9,75,24.47906047343304
9,76,27.79690836125279
9,77,30.045740663063743
9,78,32.958113425615274
9,79,35.721050184536125
9,80,36.72348090832835
9,81,38.992150520036255
9,82,36.10969764412753
9,83,37.535199324346735
9,84,35.17833320674975
9,85,35.409166625347574
9,86,33.541459562905715
9,87,32.649763730419366
9,88,29.095469288819384
9,89,26.756568305544786
9,90,24.267115654230928
9,91,20.581205338977124
9,92,18.44362280661707
9,93,14.65896542078413
9,94,13.145411707554386
9,95,9.605126842251327
9,96,9.529507224695132
9,97,10.143099626053822
10,1,23.98824188567922
10,2,20.885109278859233
10,3,17.88660010592623
10,4,14.43281113428684
10,5,11.864932711727285
10,6,8.163890543339287
10,7,6.258244478617887
10,8,5.586266684614585
10,9,3.79555182614807
10,11,3.8032068714070513
10,12,5.599131103850422
10,13,8.435742931062642
10,14,9.257483665751577
10,15,11.123248157632885
10,16,9.954246628487054
10,17,12.298850893428934
10,18,11.959588205451947
10,19,15.604340913362234
10,20,19.011245066617928
10,21,21.676216791083814
10,22,25.007721697555365
10,23,28.493486393916395
10,24,31.505082244163596
10,25,33.4576631774138
10,26,31.274462273546007
10,27,33.82140013274044
10,28,36.5489212073555
10,29,35.0912717057868
10,30,32.622810251014684
10,31,30.052921701780548
10,32,27.962214673077742
10,33,24.934474693250262
10,34,23.9036421655924
10,35,21.97623074248234
10,36,22.90884522792991
10,37,22.0757829440078
10,38,20.38836141439681
10,39,17.000049487641537
10,40,18.732546727868428
10,41,22.298955768414285
10,42,22.790078949189425
10,43,20.946691783418373
10,44,18.164472295871327
10,45,18.98305212902241
10,46,16.905538269070057
10,47,13.475002513511939
10,48,14.163145278332694
10,49,16.635554131916997
10,50,18.47612633631442
10,51,20.223908843238274
10,52,23.83336074675962
10,53,25.491962586523204
10,54,23.16405052901596
10,55,21.721133693813115
10,56,18.118436446835478
10,57,15.873179429682933
10,58,13.244538993162973
10,59,10.24767865946653
10,60,10.822411826803252
10,61,8.54348770704968
10,62,5.497083456066969
10,63,7.255870772650649
10,64,9.397383750557024
10,65,11.532445142593115
10,66,14.303596206429773
10,67,14.938810279061851
10,68,14.800508609982096
10,69,14.413138344307457
10,70,15.56135596520141
10,71,16.542837413234988
10,72,19.71697116344929
10,73,20.329537837038348
10,74,23.174493676662674
10,75,23.434282635031796
10,76,26.632439345556236
10,77,28.483024088674604
10,78,31.360809059914057
10,79,33.85708017175308
10,80,34.75324934318637
10,81,37.291327415869134
10,82,34.650917365852266
10,83,36.14405321841745
10,84,33.893228261270686
10,85,33.89156257504053
10,86,32.25564526811515
10,87,31.77043447893501
10,88,28.352607253591447
10,89,25.837554782950658
10,90,23.739690407484453
10,91,19.943136164790857
10,92,18.24643321023052
10,93,14.51241370964113
10,94,13.564117824323962
10,95,10.579587321699808
10,96,10.402892007057048
10,97,11.155490537663363
11,1,26.90909894718185
11,2,23.906602231774464
11,3,21.12627485587044
11,4,17.508430446284567
11,5,15.226585815720641
11,6,11.598001878213672
11,7,9.90241014891397
11,8,9.248842363306132
11,9,6.49473833818327
11,10,3.8032068714070513
11,12,3.7885910481344816
11,13,6.105556028162978
11,14,8.242842531756876
11,15,10.721323857092445
11,16,10.018131691811863
11,17,13.02658006348718
11,18,13.710730230022879
11,19,17.399334717073796
11,20,20.474821591971192
11,21,23.42264029109219
11,22,26.688703580570813
11,23,30.25232073814069
11,24,33.283295150412826
11,25,34.99329258922281
11,26,32.48848390135236
11,27,34.833829130352235
11,28,37.616902910632234
11,29,36.08398630754165
11,30,33.3646326695562
11,31,31.073578963524078
11,32,28.899845760261247
11,33,26.17060720699173
11,34,25.307951858876425
11,35,23.812096851840785
11,36,25.013301761130077
11,37,24.5491518496195
11,38,22.946546195911687
11,39,19.355875266488752
11,40,20.615927877252783
11,41,24.02046234824585
11,42,24.82403186184454
11,43,23.014573208168372
11,44,20.193705308938586
11,45,20.54804638456204
11,46,18.092983364004304
11,47,15.111661358427888
11,48,15.901781465700811
11,49,17.82579476161742
11,50,19.516407227964713
11,51,20.688954926809224
11,52,24.416269156920634
11,53,25.8560021931878
11,54,23.67882412692896
11,55,22.805445516067977
11,56,19.097780688753506
11,57,17.355036819352435
11,58,14.326798002668186
11,59,11.691026710603776
11,60,11.401489260969
11,61,9.391629515282473
11,62,7.317266135279322
11,63,10.224581802117845
11,64,12.349009856304582
11,65,14.953289585113467
11,66,17.346279277841106
11,67,17.80175611433362
11,68,18.045964403402618
11,69,18.030674242741004
11,70,19.149752269515993
11,71,19.820612052114495
11,72,22.877587260970202
11,73,23.08032910979737
11,74,25.693975399020818
11,75,25.597655583475337
11,76,28.525567165774238
11,77,30.114444595412383
11,78,32.73027593817252
11,79,34.94836734089591
11,80,35.46954676049254
11,81,38.16705165264709
11,82,35.75287355559276
11,83,37.54837096473044
11,84,35.590531018865434
11,85,35.64996924414598
11,86,34.357269158388014
11,87,34.16222283986483
11,88,30.78093051428554
11,89,28.384560080989473
11,90,26.61446151202969
11,91,22.81870123628347
11,92,21.500111268004083
11,93,17.847514513335383
11,94,17.232004470090654
11,95,14.3591345337721
11,96,14.117110553156685
11,97,14.575796563216612
12,1,25.374037172556093
12,2,22.70372531715368
12,3,20.15141482361788
12,4,16.404050354199256
12,5,14.89040339455155
12,6,11.418714509080036
12,7,10.96714847574359
12,8,10.810564718745882
12,9,8.74623875682841
12,10,5.599131103850422
12,11,3.7885910481344816
12,13,2.865865214251038
12,14,4.814096321103269
12,15,7.171103942566247
12,16,6.5161992490766965
12,17,9.858076628772878
12,18,11.300691587012953
12,19,14.947473415301673
12,20,17.656191517603588
12,21,20.63174301526191
12,22,23.905282485723117
12,23,27.4299125301556
12,24,30.550131604391485
12,25,31.999495759392932
12,26,29.345963448141323
12,27,31.682028229468205
12,28,34.3785130689068
12,29,32.720805923556725
12,30,29.877247141804993
12,31,27.682022938877648
12,32,25.455591859456987
12,33,22.897598430407935
12,34,22.205224069620208
12,35,21.081604677955617
12,36,22.64692406629543
12,37,22.683563908266663
12,38,21.52745444151367
12,39,17.79720007700119
12,40,18.430004750769186
12,41,21.807566773467407
12,42,23.11846186581758
12,43,21.79273237536076
12,44,19.10550706192172
12,45,18.810021710201895
12,46,15.88120504495112
12,47,13.256219313432071
12,48,13.507521907258704
12,49,14.840709700011306
12,50,16.241529230285796
12,51,17.111792235516816
12,52,20.860981408813984
12,53,22.223258937587705
12,54,20.173277525410697
12,55,19.524656832949493
12,56,15.838878896144466
12,57,14.3744087935322
12,58,11.178059792043602
12,59,9.070625934863482
12,60,8.745560777132807
12,61,7.904409951771426
12,62,7.331949629397095
12,63,10.574168046961395
12,64,13.56874524976827
12,65,16.240738582832773
12,66,18.939962050101713
12,67,18.750860291488106
12,68,18.475636704299916
12,69,18.6019792879542
12,70,19.019259612695326
12,71,18.978016088441333
12,72,21.633038948518493
12,73,21.249942022862676
12,74,23.490632066970406
12,75,22.998375000192556
12,76,25.675022969331067
12,77,27.04676268817433
12,78,29.48757067141433
12,79,31.54713446357458
12,80,31.911441950089575
12,81,34.679009003433265
12,82,32.3959382665875
12,83,34.31797856368173
12,84,32.540965493908715
12,85,32.63689072115106
12,86,31.614932581884545
12,87,31.675983684375698
12,88,28.370007557427726
12,89,26.11386394934674
12,90,24.749955682000483
12,91,21.02130238276153
12,92,20.295727518475722
12,93,16.891219026217463
12,94,17.09288624901669
12,95,14.850356950899284
12,96,15.337540816074775
12,97,16.417368178134037
13,1,26.80066650125356
13,2,24.3762814726365
13,3,22.016069333724175
13,4,18.256151828756074
13,5,17.164876573861115
13,6,13.843566788498352
13,7,13.738667047879966
13,8,13.559902271018231
13,9,11.369174868076843
13,10,8.435742931062642
13,11,6.105556028162978
13,12,2.865865214251038
13,14,3.7971764627309317
13,15,6.237476945664135
13,16,6.422039388041405
13,17,10.02319067380937
13,18,12.320442060615033
13,19,15.752224995590668
13,20,17.976753133003736
13,21,20.981039181015294
13,22,24.1783323961361
13,23,27.640828862063927
13,24,30.80148584740637
13,25,31.945123192527735
13,26,29.078182471415868
13,27,31.297552950320288
13,28,33.92007384167648
13,29,32.12814143127612
13,30,29.08290853422644
13,31,27.106897497624885
13,32,24.783537266502226
13,33,22.522132763072886
13,34,21.962381142018607
13,35,21.27096946282575
13,36,23.064174861479998
13,37,23.49325983008429
13,38,22.549223257849103
13,39,18.760160805313607
13,40,18.863343716521968
13,41,22.011321523007496
13,42,23.664972448735153
13,43,22.562135359989846
13,44,19.975563929828596
13,45,19.16762151491752
13,46,15.939636341256291
13,47,13.8934578535815
13,48,14.038092811766916
13,49,14.72100244471264
13,50,15.903267784552277
13,51,16.24369053741634
13,52,19.961834879831173
13,53,21.180043335934965
13,54,19.410058904679563
13,55,19.232964424334583
13,56,15.650127929066937
13,57,14.643104994019932
13,58,11.273530733474553
13,59,9.793011800824099
13,60,8.812714848466117
13,61,8.776384287412467
13,62,9.283604557814671
13,63,12.761242387364272
13,64,15.865081163342301
13,65,18.731853962798432
13,66,21.316284033902768
13,67,20.808509297764
13,68,20.56502606201463
13,69,20.954330195017395
13,70,21.156346601439374
13,71,20.721211586512997
13,72,23.140699322615777
13,73,22.329479957056552
13,74,24.269050794099776
13,75,23.461685582203895
13,76,25.80947244516342
13,77,26.948043039446144
13,78,29.093437124261285
13,79,30.907745002462665
13,80,30.942424885503545
13,81,33.78411018630622
13,82,31.700707676815497
13,83,33.86842460564948
13,84,32.38084503290984
13,85,32.58064662929838
13,86,31.89276439442899
13,87,32.19789244011584
13,88,28.964815075304664
13,89,26.913354062456037
13,90,25.899846778114334
13,91,22.280364115438495
13,92,21.980710420761014
13,93,18.775814434345868
13,94,19.38651848218522
13,95,17.37825283885949
13,96,18.09338672110766
13,97,19.261140249599066
14,1,25.00606017876359
14,2,22.920914266547594
14,3,20.455148171973832
14,4,16.844610065577463
14,5,16.292914444931764
14,6,13.095534763855015
14,7,13.754369518823994
14,8,13.311149207887869
14,9,11.611606675620958
14,10,9.257483665751577
14,11,8.242842531756876
14,12,4.814096321103269
14,13,3.7971764627309317
14,15,2.846168476846923
14,16,4.802273696838151
14,17,8.510702705163538
14,18,10.879135020078554
14,19,14.23506102709928
14,20,16.26156758759461
14,21,18.820319436620586
14,22,22.241600305248635
14,23,25.49164725697092
14,24,28.870110912526233
14,25,29.825392619378267
14,26,27.113599615236254
14,27,29.636083817392958
14,28,31.97509296940462
14,29,29.910557885956376
14,30,26.835024365318855
14,31,24.593082443609735
14,32,21.979387183084754
14,33,19.526851938724924
14,34,18.609485874803493
14,35,17.828913907460695
14,36,19.50762211161077
14,37,20.043660828005542
14,38,19.20065369325942
14,39,15.411535908508267
14,40,15.2255999513769
14,41,18.273621135389885
14,42,20.05901840494004
14,43,19.17232293802954
14,44,16.716142945550523
14,45,15.585847187990863
14,46,12.228877716554942
14,47,10.44327889205675
14,48,10.556197645004717
14,49,11.147395445469677
14,50,12.723730506780875
14,51,13.469776917960678
14,52,17.07521019219369
14,53,18.79001602542393
14,54,17.375980872255532
14,55,16.85035510088386
14,56,13.490431517787544
14,57,12.039814753223258
14,58,8.350075653965986
14,59,6.755575360131251
14,60,5.172004591614092
14,61,6.123665413164092
14,62,8.00592158280596
14,63,11.255493015830973
14,64,14.691799317990867
14,65,17.602077625459394
14,66,20.18222296704346
14,67,19.065434498539602
14,68,18.53992790401484
14,69,19.280062486808497
14,70,19.09841655967833
14,71,18.138762525876913
14,72,20.354304835033354
14,73,19.238016699425117
14,74,21.106906317780084
14,75,20.3922464656013
14,76,22.642452704460826
14,77,24.004389796878357
14,78,26.065879788658833
14,79,28.070627739887232
14,80,28.1306468045015
14,81,30.760549132115425
14,82,28.491597820292593
14,83,30.704998276118726
14,84,29.244629480041393
14,85,29.71742905500486
14,86,29.045360882238775
14,87,29.2159028196787
14,88,25.895495096482207
14,89,24.13709785041573
14,90,23.198832826410186
14,91,19.707365122965445
14,92,19.71135180793001
14,93,16.721238146073368
14,94,17.869860881902664
14,95,16.24729907613753
14,96,17.761916312818666
14,97,19.475404560801337
15,1,23.361676940108786
15,2,21.61728542539537
15,3,19.36458996645962
15,4,15.897526553909572
15,5,15.995760927058189
15,6,13.226299064367229
15,7,14.630349333051393
15,8,14.510718825248079
15,9,13.427749292069143
15,10,11.123248157632885
15,11,10.721323857092445
15,12,7.171103942566247
15,13,6.237476945664135
15,14,2.846168476846923
15,16,3.8099748029542595
15,17,6.86740820463095
15,18,9.56682126538836
15,19,12.536191179335303
15,20,14.144564511404994
15,21,16.48174312279546
15,22,19.9102039330172
15,23,23.03113513484802
15,24,26.480104985837194
15,25,27.264180456587543
15,26,24.56580002693277
15,27,27.175964974474176
15,28,29.380018047110397
15,29,27.209777057225345
15,30,24.116973031725554
15,31,21.82379583663755
15,32,19.149573497241832
15,33,16.724071757250094
15,34,15.877364819936787
15,35,15.339840598086884
15,36,17.290433150635376
15,37,18.218074283481602
15,38,17.829596071659136
15,39,14.120671866788529
15,40,13.384776799311128
15,41,16.39087844938366
15,42,18.562209067202385
15,43,18.183539095579484
15,44,15.978124855355881
15,45,14.390567684841136
15,46,10.778651416602491
15,47,9.42423944495175
15,48,8.746327666193666
15,49,8.649386237266658
15,50,9.954719937608852
15,51,10.655554152631291
15,52,14.239486373308402
15,53,16.057765880095147
15,54,14.78633058683638
15,55,14.215489676794343
15,56,11.029654208324574
15,57,9.669179401473674
15,58,5.961629755566638
15,59,5.368671624168688
15,60,4.240643122025828
15,61,6.860755612276341
15,62,9.391384317654605
15,63,12.044975662094256
15,64,15.704895146933517
15,65,18.343701080904637
15,66,21.082743970851112
15,67,19.649667131952913
15,68,18.659870236548123
15,69,19.37050441665036
15,70,18.645172100757637
15,71,17.176786380325872
15,72,18.94604212292363
15,73,17.40035619912823
15,74,18.92046827046735
15,75,17.943948004685765
15,76,20.00523729888514
15,77,21.267527556984334
15,78,23.249464483887635
15,79,25.234353492854535
15,80,25.302638845589037
15,81,27.92534397273598
15,82,25.665632729774035
15,83,27.88516290886036
15,84,26.48048686487324
15,85,26.986215305652465
15,86,26.442600660385157
15,87,26.734850827648987
15,88,23.488017612523546
15,89,21.868499005470433
15,90,21.229287408880605
15,91,17.903858653876846
15,92,18.38109671671546
15,93,15.768828120945535
15,94,17.491301067048383
15,95,16.45591050800662
15,96,18.38158172438092
15,97,20.423160123857368
16,1,20.974678908079394
16,2,18.961047604978116
16,3,16.95712429750798
16,4,13.325889584162644
16,5,13.387637439860779
16,6,10.912927586775082
16,7,12.568637895663553
16,8,13.386996138478343
16,9,12.905160106468037
16,10,9.954246628487054
16,11,10.018131691811863
16,12,6.5161992490766965
16,13,6.422039388041405
16,14,4.802273696838151
16,15,3.8099748029542595
16,17,3.77541329600908
16,18,6.498989458828448
16,19,9.656766123324063
16,20,11.696735963821377
16,21,14.571235923515582
16,22,17.842812003439597
16,23,21.26685807355704
16,24,24.49052833510749
16,25,25.6816704964776
16,26,22.979562832430418
16,27,25.4264863555685
16,28,27.98063258504176
16,29,26.227486598311682
16,30,23.393305718879088
16,31,21.168924975152027
16,32,19.02645510512169
16,33,16.583099954904377
16,34,16.320694534493843
16,35,15.73135449945016
16,36,17.999022705418618
16,37,18.8587459199741
16,38,18.730232635819593
16,39,15.12623134689224
16,40,14.73703031642445
16,41,18.14310796853971
16,42,20.241386900331914
16,43,19.979413577599246
16,44,17.759720020427704
16,45,16.59912943881845
16,46,13.184253783187986
16,47,11.159084684377278
16,48,9.667091695996819
16,49,9.789165436422632
16,50,10.203392680011932
16,51,10.824328452506334
16,52,14.60188072116514
16,53,15.856797905107552
16,54,13.731025399767582
16,55,13.03969528090723
16,56,9.387408935858236
16,57,8.311546048820952
16,58,5.347070170315871
16,59,5.364312274002393
16,60,6.663673038471716
16,61,8.62135814894257
16,62,9.874199249733225
16,63,12.046303032857653
16,64,15.795448292348098
16,65,17.883531027554554
16,66,21.074518586022382
16,67,20.167389459556816
16,68,18.768876435369872
16,69,18.71647828454051
16,70,17.817029172197866
16,71,16.67024064130963
16,72,18.354200507929516
16,73,17.08366354306055
16,74,18.56054666818744
16,75,17.385692067102486
16,76,19.758893848207684
16,77,20.781118456313273
16,78,23.164889040810756
16,79,25.110064639157187
16,80,25.567621527400732
16,81,28.42227330782731
16,82,26.242454707091976
16,83,28.082622814846896
16,84,26.364561535792337
16,85,26.34505940002321
16,86,25.569399686452044
16,87,25.98711220306456
16,88,22.88976179144219
16,89,20.73438918410121
16,90,20.033789973339523
16,91,16.54992909987476
16,92,16.8536312341451
16,93,14.204998245151105
16,94,15.773197962838287
16,95,14.960176041093641
16,96,16.440917728447253
16,97,18.38451104253696
17,1,17.854965097185744
17,2,16.099115308841007
17,3,14.63257510276985
17,4,11.219344861923599
17,5,12.165355947802452
17,6,10.711999631910306
17,7,13.228775119897573
17,8,14.81266147731202
17,9,15.203335481739765
17,10,12.298850893428934
17,11,13.02658006348718
17,12,9.858076628772878
17,13,10.02319067380937
17,14,8.510702705163538
17,15,6.86740820463095
17,16,3.77541329600908
17,18,3.8072990716870203
17,19,6.133256330247544
17,20,7.963574145503448
17,21,11.035911398676257
17,22,14.174170728207589
17,23,17.688475193540032
17,24,20.81321657991493
17,25,22.152525501694313
17,26,19.51129044020724
17,27,21.959954627242084
17,28,24.61477994705048
17,29,23.080999485855063
17,30,20.492144975739972
17,31,18.24551398127518
17,32,16.52666840047006
17,33,14.126313407561984
17,34,14.445986198913074
17,35,14.089463082273728
17,36,16.793062003355676
17,37,17.97304844073636
17,38,18.50515553062495
17,39,15.258339228122884
17,40,14.601930103697438
17,41,18.048483311975083
17,42,20.364645567184056
17,43,20.661056744919247
17,44,18.75358323218064
17,45,17.516225828776648
17,46,14.245779439921545
17,47,12.368118264225767
17,48,9.807041504437763
17,49,9.37533168243182
17,50,8.60201413808696
17,51,9.116984120801966
17,52,12.734161376696974
17,53,13.605030364793322
17,54,10.923702681013474
17,55,9.945930734631663
17,56,6.163981403985019
17,57,5.636119816559028
17,58,4.469075178967374
17,59,6.391529054869985
17,60,9.027249915349202
17,61,11.376890042983662
17,62,12.465318719519034
17,63,13.765858488865096
17,64,17.505553832092843
17,65,18.94600567468371
17,66,22.416894704457
17,67,21.53124445172328
17,68,19.51206602385068
17,69,18.969002768329418
17,70,17.41531118294697
17,71,15.986904839139296
17,72,17.018401418446633
17,73,15.521484942463612
17,74,16.49832465712871
17,75,14.888713606669016
17,76,17.25712028561194
17,77,17.964054094708462
17,78,20.576161814305138
17,79,22.475363947190868
17,80,23.28527334684044
17,81,26.242981902874334
17,82,24.136285544252114
17,83,25.639021817826865
17,84,23.732925342929295
17,85,23.33505163386535
17,86,22.498766683654516
17,87,23.132447642123946
17,88,20.275771325806296
17,89,17.874972464362905
17,90,17.49510381020725
17,91,14.182937865474075
17,92,14.937072232455074
17,93,12.880649061596902
17,94,14.947054807758898
17,95,15.020040963863572
17,96,16.59326298910028
17,97,18.74621767079882
18,1,14.618092231722141
18,2,12.527515472534889
18,3,10.89717378503785
18,4,7.432613100893597
18,5,8.623335963424736
18,6,7.920114220618122
18,7,11.046600123589968
18,8,13.14608246678962
18,9,14.460475495427895
18,10,11.959588205451947
18,11,13.710730230022879
18,12,11.300691587012953
18,13,12.320442060615033
18,14,10.879135020078554
18,15,9.56682126538836
18,16,6.498989458828448
18,17,3.8072990716870203
18,19,3.7651810540124075
18,20,7.075035968725227
18,21,9.852989907612498
18,22,13.075648713681893
18,23,16.625804352204025
18,24,19.634666519708155
18,25,21.52435067162418
18,26,19.38241406023822
18,27,22.016133589657123
18,28,24.706373269408648
18,29,23.448639193129466
18,30,21.33828874371848
18,31,18.765722756896643
18,32,17.355945714402182
18,33,14.538696087909429
18,34,14.690620857949378
18,35,13.612699709598768
18,36,15.968012445128236
18,37,16.622347411392262
18,38,17.134976033205074
18,39,14.214726939415987
